t x y content type
0 -0.055 -0.555 0 2
0 -0.055 -0.545 0 2
0 -0.055 -0.535 0 2
0 -0.055 -0.525 0 2
0 -0.055 -0.515 0 2
0 -0.055 -0.505 0 2
0 -0.055 -0.495 0 2
0 -0.055 -0.485 0 2
0 -0.055 -0.475 0 2
0 -0.055 -0.465 0 2
0 -0.055 -0.455 0 2
0 -0.055 -0.445 0 2
0 -0.055 -0.435 0 2
0 -0.055 -0.425 0 2
0 -0.055 -0.415 0 2
0 -0.055 -0.405 0 2
0 -0.055 -0.395 0 2
0 -0.055 -0.385 0 2
0 -0.055 -0.375 0 2
0 -0.055 -0.365 0 1
0 -0.055 -0.355 0 1
0 -0.055 -0.345 0 1
0 -0.055 -0.335 0 1
0 -0.055 -0.325 0 1
0 -0.055 -0.315 0 1
0 -0.055 -0.305 0 1
0 -0.055 -0.295 0 2
0 -0.055 -0.285 0 2
0 -0.055 -0.275 0 2
0 -0.055 -0.265 0 2
0 -0.055 -0.255 0 2
0 -0.055 -0.245 0 2
0 -0.055 -0.235 0 2
0 -0.055 -0.225 0 2
0 -0.055 -0.215 0 2
0 -0.055 -0.205 0 2
0 -0.055 -0.195 0 2
0 -0.055 -0.185 0 2
0 -0.055 -0.175 0 2
0 -0.055 -0.165 0 2
0 -0.055 -0.155 0 2
0 -0.055 -0.145 0 2
0 -0.055 -0.135 0 2
0 -0.055 -0.125 0 2
0 -0.055 -0.115 0 2
0 -0.055 -0.105 0 2
0 -0.055 -0.095 0 1
0 -0.055 -0.085 0 1
0 -0.055 -0.075 0 1
0 -0.055 -0.065 0 1
0 -0.055 -0.055 0 1
0 -0.055 -0.045 0 1
0 -0.055 -0.035 0 1
0 -0.055 -0.025 0 1
0 -0.055 -0.015 0 1
0 -0.055 -0.005 0 1
0 -0.055 0.005 0 1
0 -0.055 0.015 0 2
0 -0.055 0.025 0 2
0 -0.055 0.035 0 2
0 -0.055 0.045 0 2
0 -0.055 0.055 0 2
0 -0.055 0.065 0 2
0 -0.055 0.075 0 2
0 -0.055 0.085 0 2
0 -0.055 0.095 0 2
0 -0.055 0.105 0 2
0 -0.055 0.115 0 2
0 -0.055 0.125 0 2
0 -0.055 0.135 0 2
0 -0.055 0.145 0 2
0 -0.055 0.155 0 2
0 -0.055 0.165 0 2
0 -0.055 0.175 0 2
0 -0.055 0.185 0 2
0 -0.055 0.195 0 2
0 -0.055 0.205 0 2
0 -0.055 0.215 0 2
0 -0.055 0.225 0 2
0 -0.055 0.235 0 2
0 -0.055 0.245 0 2
0 -0.055 0.255 0 2
0 -0.055 0.265 0 2
0 -0.055 0.275 0 2
0 -0.055 0.285 0 2
0 -0.055 0.295 0 2
0 -0.055 0.305 0 2
0 -0.055 0.315 0 2
0 -0.055 0.325 0 2
0 -0.055 0.335 0 2
0 -0.055 0.345 0 2
0 -0.055 0.355 0 2
0 -0.055 0.365 0 2
0 -0.055 0.375 0 2
0 -0.055 0.385 0 2
0 -0.055 0.395 0 2
0 -0.055 0.405 0 2
0 -0.055 0.415 0 2
0 -0.055 0.425 0 2
0 -0.055 0.435 0 2
0 -0.055 0.445 0 1
0 -0.055 0.455 0 1
0 -0.055 0.465 0 1
0 -0.055 0.475 0 1
0 -0.055 0.485 0 1
0 -0.055 0.495 0 1
0 -0.055 0.505 0 1
0 -0.055 0.515 0 2
0 -0.055 0.525 0 2
0 -0.055 0.535 0 2
0 -0.055 0.545 0 2
0 -0.055 0.555 0 2
0 -0.055 0.565 0 2
0 -0.045 -0.555 0 2
0 -0.045 -0.545 0 2
0 -0.045 -0.535 0 2
0 -0.045 -0.525 0 2
0 -0.045 -0.515 0 2
0 -0.045 -0.505 0 2
0 -0.045 -0.495 0 2
0 -0.045 -0.485 0 2
0 -0.045 -0.475 0 2
0 -0.045 -0.465 0 2
0 -0.045 -0.455 0 2
0 -0.045 -0.445 0 2
0 -0.045 -0.435 0 2
0 -0.045 -0.425 0 2
0 -0.045 -0.415 0 2
0 -0.045 -0.405 0 2
0 -0.045 -0.395 0 2
0 -0.045 -0.385 0 2
0 -0.045 -0.375 0 1
0 -0.045 -0.365 0 1
0 -0.045 -0.355 0 1
0 -0.045 -0.345 0 1
0 -0.045 -0.335 0 1
0 -0.045 -0.325 0 1
0 -0.045 -0.315 0 1
0 -0.045 -0.305 0 1
0 -0.045 -0.295 0 2
0 -0.045 -0.285 0 2
0 -0.045 -0.275 0 2
0 -0.045 -0.265 0 2
0 -0.045 -0.255 0 2
0 -0.045 -0.245 0 2
0 -0.045 -0.235 0 2
0 -0.045 -0.225 0 2
0 -0.045 -0.215 0 2
0 -0.045 -0.205 0 2
0 -0.045 -0.195 0 2
0 -0.045 -0.185 0 2
0 -0.045 -0.175 0 2
0 -0.045 -0.165 0 2
0 -0.045 -0.155 0 2
0 -0.045 -0.145 0 2
0 -0.045 -0.135 0 2
0 -0.045 -0.125 0 2
0 -0.045 -0.115 0 2
0 -0.045 -0.105 0 2
0 -0.045 -0.095 0 1
0 -0.045 -0.085 0 1
0 -0.045 -0.075 0 1
0 -0.045 -0.065 0 1
0 -0.045 -0.055 0 1
0 -0.045 -0.045 0 1
0 -0.045 -0.035 0 1
0 -0.045 -0.025 0 1
0 -0.045 -0.015 0 1
0 -0.045 -0.005 0 1
0 -0.045 0.005 0 1
0 -0.045 0.015 0 2
0 -0.045 0.025 0 2
0 -0.045 0.035 0 2
0 -0.045 0.045 0 2
0 -0.045 0.055 0 2
0 -0.045 0.065 0 2
0 -0.045 0.075 0 2
0 -0.045 0.085 0 2
0 -0.045 0.095 0 2
0 -0.045 0.105 0 2
0 -0.045 0.115 0 2
0 -0.045 0.125 0 2
0 -0.045 0.135 0 2
0 -0.045 0.145 0 2
0 -0.045 0.155 0 2
0 -0.045 0.165 0 2
0 -0.045 0.175 0 2
0 -0.045 0.185 0 2
0 -0.045 0.195 0 2
0 -0.045 0.205 0 2
0 -0.045 0.215 0 2
0 -0.045 0.225 0 2
0 -0.045 0.235 0 2
0 -0.045 0.245 0 2
0 -0.045 0.255 0 2
0 -0.045 0.265 0 2
0 -0.045 0.275 0 2
0 -0.045 0.285 0 2
0 -0.045 0.295 0 2
0 -0.045 0.305 0 2
0 -0.045 0.315 0 2
0 -0.045 0.325 0 2
0 -0.045 0.335 0 2
0 -0.045 0.345 0 2
0 -0.045 0.355 0 2
0 -0.045 0.365 0 2
0 -0.045 0.375 0 2
0 -0.045 0.385 0 2
0 -0.045 0.395 0 2
0 -0.045 0.405 0 2
0 -0.045 0.415 0 2
0 -0.045 0.425 0 2
0 -0.045 0.435 0 2
0 -0.045 0.445 0 1
0 -0.045 0.455 0 1
0 -0.045 0.465 0 1
0 -0.045 0.475 0 1
0 -0.045 0.485 0 1
0 -0.045 0.495 0 1
0 -0.045 0.505 0 1
0 -0.045 0.515 0 2
0 -0.045 0.525 0 2
0 -0.045 0.535 0 2
0 -0.045 0.545 0 2
0 -0.045 0.555 0 2
0 -0.045 0.565 0 2
0 -0.035 -0.555 0 2
0 -0.035 -0.545 0 2
0 -0.035 -0.535 0 2
0 -0.035 -0.525 0 2
0 -0.035 -0.515 0 2
0 -0.035 -0.505 0 2
0 -0.035 -0.495 0 2
0 -0.035 -0.485 0 2
0 -0.035 -0.475 0 2
0 -0.035 -0.465 0 2
0 -0.035 -0.455 0 2
0 -0.035 -0.445 0 2
0 -0.035 -0.435 0 2
0 -0.035 -0.425 0 2
0 -0.035 -0.415 0 2
0 -0.035 -0.405 0 2
0 -0.035 -0.395 0 2
0 -0.035 -0.385 0 2
0 -0.035 -0.375 0 1
0 -0.035 -0.365 0 1
0 -0.035 -0.355 0 1
0 -0.035 -0.345 0 1
0 -0.035 -0.335 0 1
0 -0.035 -0.325 0 1
0 -0.035 -0.315 0 1
0 -0.035 -0.305 0 1
0 -0.035 -0.295 0 2
0 -0.035 -0.285 0 2
0 -0.035 -0.275 0 2
0 -0.035 -0.265 0 2
0 -0.035 -0.255 0 2
0 -0.035 -0.245 0 2
0 -0.035 -0.235 0 2
0 -0.035 -0.225 0 2
0 -0.035 -0.215 0 2
0 -0.035 -0.205 0 2
0 -0.035 -0.195 0 2
0 -0.035 -0.185 0 2
0 -0.035 -0.175 0 2
0 -0.035 -0.165 0 2
0 -0.035 -0.155 0 2
0 -0.035 -0.145 0 2
0 -0.035 -0.135 0 2
0 -0.035 -0.125 0 2
0 -0.035 -0.115 0 2
0 -0.035 -0.105 0 2
0 -0.035 -0.095 0 2
0 -0.035 -0.085 0 1
0 -0.035 -0.075 0 1
0 -0.035 -0.065 0 1
0 -0.035 -0.055 0 1
0 -0.035 -0.045 0 1
0 -0.035 -0.035 0 1
0 -0.035 -0.025 0 1
0 -0.035 -0.015 0 1
0 -0.035 -0.005 0 1
0 -0.035 0.005 0 1
0 -0.035 0.015 0 2
0 -0.035 0.025 0 2
0 -0.035 0.035 0 2
0 -0.035 0.045 0 2
0 -0.035 0.055 0 2
0 -0.035 0.065 0 2
0 -0.035 0.075 0 2
0 -0.035 0.085 0 2
0 -0.035 0.095 0 2
0 -0.035 0.105 0 2
0 -0.035 0.115 0 2
0 -0.035 0.125 0 2
0 -0.035 0.135 0 2
0 -0.035 0.145 0 2
0 -0.035 0.155 0 2
0 -0.035 0.165 0 2
0 -0.035 0.175 0 2
0 -0.035 0.185 0 2
0 -0.035 0.195 0 2
0 -0.035 0.205 0 2
0 -0.035 0.215 0 2
0 -0.035 0.225 0 2
0 -0.035 0.235 0 2
0 -0.035 0.245 0 2
0 -0.035 0.255 0 2
0 -0.035 0.265 0 2
0 -0.035 0.275 0 2
0 -0.035 0.285 0 2
0 -0.035 0.295 0 2
0 -0.035 0.305 0 2
0 -0.035 0.315 0 2
0 -0.035 0.325 0 2
0 -0.035 0.335 0 2
0 -0.035 0.345 0 2
0 -0.035 0.355 0 2
0 -0.035 0.365 0 2
0 -0.035 0.375 0 2
0 -0.035 0.385 0 2
0 -0.035 0.395 0 2
0 -0.035 0.405 0 2
0 -0.035 0.415 0 2
0 -0.035 0.425 0 2
0 -0.035 0.435 0 2
0 -0.035 0.445 0 1
0 -0.035 0.455 0 1
0 -0.035 0.465 0 1
0 -0.035 0.475 0 1
0 -0.035 0.485 0 1
0 -0.035 0.495 0 1
0 -0.035 0.505 0 2
0 -0.035 0.515 0 2
0 -0.035 0.525 0 2
0 -0.035 0.535 0 2
0 -0.035 0.545 0 2
0 -0.035 0.555 0 2
0 -0.035 0.565 0 2
0 -0.025 -0.555 0 2
0 -0.025 -0.545 0 2
0 -0.025 -0.535 0 2
0 -0.025 -0.525 0 2
0 -0.025 -0.515 0 2
0 -0.025 -0.505 0 2
0 -0.025 -0.495 0 2
0 -0.025 -0.485 0 2
0 -0.025 -0.475 0 2
0 -0.025 -0.465 0 2
0 -0.025 -0.455 0 2
0 -0.025 -0.445 0 2
0 -0.025 -0.435 0 2
0 -0.025 -0.425 0 2
0 -0.025 -0.415 0 2
0 -0.025 -0.405 0 2
0 -0.025 -0.395 0 2
0 -0.025 -0.385 0 1
0 -0.025 -0.375 0 1
0 -0.025 -0.365 0 1
0 -0.025 -0.355 0 1
0 -0.025 -0.345 0 1
0 -0.025 -0.335 0 1
0 -0.025 -0.325 0 1
0 -0.025 -0.315 0 1
0 -0.025 -0.305 0 1
0 -0.025 -0.295 0 2
0 -0.025 -0.285 0 2
0 -0.025 -0.275 0 2
0 -0.025 -0.265 0 2
0 -0.025 -0.255 0 2
0 -0.025 -0.245 0 2
0 -0.025 -0.235 0 2
0 -0.025 -0.225 0 2
0 -0.025 -0.215 0 2
0 -0.025 -0.205 0 2
0 -0.025 -0.195 0 2
0 -0.025 -0.185 0 2
0 -0.025 -0.175 0 2
0 -0.025 -0.165 0 2
0 -0.025 -0.155 0 2
0 -0.025 -0.145 0 2
0 -0.025 -0.135 0 2
0 -0.025 -0.125 0 2
0 -0.025 -0.115 0 2
0 -0.025 -0.105 0 2
0 -0.025 -0.095 0 2
0 -0.025 -0.085 0 2
0 -0.025 -0.075 0 1
0 -0.025 -0.065 0 1
0 -0.025 -0.055 0 1
0 -0.025 -0.045 0 1
0 -0.025 -0.035 0 1
0 -0.025 -0.025 0 1
0 -0.025 -0.015 0 1
0 -0.025 -0.005 0 2
0 -0.025 0.005 0 2
0 -0.025 0.015 0 2
0 -0.025 0.025 0 2
0 -0.025 0.035 0 2
0 -0.025 0.045 0 2
0 -0.025 0.055 0 2
0 -0.025 0.065 0 2
0 -0.025 0.075 0 2
0 -0.025 0.085 0 2
0 -0.025 0.095 0 2
0 -0.025 0.105 0 2
0 -0.025 0.115 0 2
0 -0.025 0.125 0 2
0 -0.025 0.135 0 2
0 -0.025 0.145 0 2
0 -0.025 0.155 0 2
0 -0.025 0.165 0 2
0 -0.025 0.175 0 2
0 -0.025 0.185 0 2
0 -0.025 0.195 0 2
0 -0.025 0.205 0 2
0 -0.025 0.215 0 2
0 -0.025 0.225 0 2
0 -0.025 0.235 0 2
0 -0.025 0.245 0 2
0 -0.025 0.255 0 2
0 -0.025 0.265 0 2
0 -0.025 0.275 0 2
0 -0.025 0.285 0 2
0 -0.025 0.295 0 2
0 -0.025 0.305 0 2
0 -0.025 0.315 0 2
0 -0.025 0.325 0 2
0 -0.025 0.335 0 2
0 -0.025 0.345 0 2
0 -0.025 0.355 0 2
0 -0.025 0.365 0 2
0 -0.025 0.375 0 2
0 -0.025 0.385 0 2
0 -0.025 0.395 0 2
0 -0.025 0.405 0 2
0 -0.025 0.415 0 2
0 -0.025 0.425 0 2
0 -0.025 0.435 0 2
0 -0.025 0.445 0 1
0 -0.025 0.455 0 1
0 -0.025 0.465 0 1
0 -0.025 0.475 0 1
0 -0.025 0.485 0 1
0 -0.025 0.495 0 1
0 -0.025 0.505 0 2
0 -0.025 0.515 0 2
0 -0.025 0.525 0 2
0 -0.025 0.535 0 2
0 -0.025 0.545 0 2
0 -0.025 0.555 0 2
0 -0.025 0.565 0 2
0 -0.015 -0.555 0 2
0 -0.015 -0.545 0 2
0 -0.015 -0.535 0 2
0 -0.015 -0.525 0 2
0 -0.015 -0.515 0 2
0 -0.015 -0.505 0 2
0 -0.015 -0.495 0 2
0 -0.015 -0.485 0 2
0 -0.015 -0.475 0 2
0 -0.015 -0.465 0 2
0 -0.015 -0.455 0 2
0 -0.015 -0.445 0 2
0 -0.015 -0.435 0 2
0 -0.015 -0.425 0 2
0 -0.015 -0.415 0 2
0 -0.015 -0.405 0 2
0 -0.015 -0.395 0 2
0 -0.015 -0.385 0 1
0 -0.015 -0.375 0 1
0 -0.015 -0.365 0 1
0 -0.015 -0.355 0 1
0 -0.015 -0.345 0 1
0 -0.015 -0.335 0 1
0 -0.015 -0.325 0 1
0 -0.015 -0.315 0 1
0 -0.015 -0.305 0 1
0 -0.015 -0.295 0 2
0 -0.015 -0.285 0 2
0 -0.015 -0.275 0 2
0 -0.015 -0.265 0 2
0 -0.015 -0.255 0 2
0 -0.015 -0.245 0 2
0 -0.015 -0.235 0 2
0 -0.015 -0.225 0 2
0 -0.015 -0.215 0 2
0 -0.015 -0.205 0 2
0 -0.015 -0.195 0 2
0 -0.015 -0.185 0 2
0 -0.015 -0.175 0 2
0 -0.015 -0.165 0 2
0 -0.015 -0.155 0 2
0 -0.015 -0.145 0 2
0 -0.015 -0.135 0 2
0 -0.015 -0.125 0 2
0 -0.015 -0.115 0 2
0 -0.015 -0.105 0 2
0 -0.015 -0.095 0 2
0 -0.015 -0.085 0 2
0 -0.015 -0.075 0 2
0 -0.015 -0.065 0 2
0 -0.015 -0.055 0 2
0 -0.015 -0.045 0 2
0 -0.015 -0.035 0 2
0 -0.015 -0.025 0 2
0 -0.015 -0.015 0 2
0 -0.015 -0.005 0 2
0 -0.015 0.005 0 2
0 -0.015 0.015 0 2
0 -0.015 0.025 0 2
0 -0.015 0.035 0 2
0 -0.015 0.045 0 2
0 -0.015 0.055 0 2
0 -0.015 0.065 0 2
0 -0.015 0.075 0 2
0 -0.015 0.085 0 2
0 -0.015 0.095 0 2
0 -0.015 0.105 0 2
0 -0.015 0.115 0 2
0 -0.015 0.125 0 2
0 -0.015 0.135 0 2
0 -0.015 0.145 0 2
0 -0.015 0.155 0 2
0 -0.015 0.165 0 2
0 -0.015 0.175 0 2
0 -0.015 0.185 0 2
0 -0.015 0.195 0 2
0 -0.015 0.205 0 2
0 -0.015 0.215 0 2
0 -0.015 0.225 0 2
0 -0.015 0.235 0 2
0 -0.015 0.245 0 2
0 -0.015 0.255 0 2
0 -0.015 0.265 0 2
0 -0.015 0.275 0 2
0 -0.015 0.285 0 2
0 -0.015 0.295 0 2
0 -0.015 0.305 0 2
0 -0.015 0.315 0 2
0 -0.015 0.325 0 2
0 -0.015 0.335 0 2
0 -0.015 0.345 0 2
0 -0.015 0.355 0 2
0 -0.015 0.365 0 2
0 -0.015 0.375 0 2
0 -0.015 0.385 0 2
0 -0.015 0.395 0 2
0 -0.015 0.405 0 2
0 -0.015 0.415 0 2
0 -0.015 0.425 0 2
0 -0.015 0.435 0 2
0 -0.015 0.445 0 2
0 -0.015 0.455 0 1
0 -0.015 0.465 0 1
0 -0.015 0.475 0 1
0 -0.015 0.485 0 1
0 -0.015 0.495 0 2
0 -0.015 0.505 0 2
0 -0.015 0.515 0 2
0 -0.015 0.525 0 2
0 -0.015 0.535 0 2
0 -0.015 0.545 0 2
0 -0.015 0.555 0 2
0 -0.015 0.565 0 2
0 -0.005 -0.555 0 2
0 -0.005 -0.545 0 2
0 -0.005 -0.535 0 2
0 -0.005 -0.525 0 2
0 -0.005 -0.515 0 2
0 -0.005 -0.505 0 2
0 -0.005 -0.495 0 2
0 -0.005 -0.485 0 2
0 -0.005 -0.475 0 2
0 -0.005 -0.465 0 2
0 -0.005 -0.455 0 2
0 -0.005 -0.445 0 2
0 -0.005 -0.435 0 2
0 -0.005 -0.425 0 2
0 -0.005 -0.415 0 2
0 -0.005 -0.405 0 2
0 -0.005 -0.395 0 2
0 -0.005 -0.385 0 1
0 -0.005 -0.375 0 1
0 -0.005 -0.365 0 1
0 -0.005 -0.355 0 1
0 -0.005 -0.345 0 1
0 -0.005 -0.335 0 1
0 -0.005 -0.325 0 1
0 -0.005 -0.315 0 1
0 -0.005 -0.305 0 2
0 -0.005 -0.295 0 2
0 -0.005 -0.285 0 2
0 -0.005 -0.275 0 2
0 -0.005 -0.265 0 2
0 -0.005 -0.255 0 2
0 -0.005 -0.245 0 2
0 -0.005 -0.235 0 2
0 -0.005 -0.225 0 2
0 -0.005 -0.215 0 2
0 -0.005 -0.205 0 2
0 -0.005 -0.195 0 2
0 -0.005 -0.185 0 2
0 -0.005 -0.175 0 2
0 -0.005 -0.165 0 2
0 -0.005 -0.155 0 2
0 -0.005 -0.145 0 2
0 -0.005 -0.135 0 2
0 -0.005 -0.125 0 2
0 -0.005 -0.115 0 2
0 -0.005 -0.105 0 2
0 -0.005 -0.095 0 2
0 -0.005 -0.085 0 2
0 -0.005 -0.075 0 2
0 -0.005 -0.065 0 2
0 -0.005 -0.055 0 2
0 -0.005 -0.045 0 2
0 -0.005 -0.035 0 2
0 -0.005 -0.025 0 2
0 -0.005 -0.015 0 2
0 -0.005 -0.005 0 2
0 -0.005 0.005 0 2
0 -0.005 0.015 0 2
0 -0.005 0.025 0 2
0 -0.005 0.035 0 2
0 -0.005 0.045 0 2
0 -0.005 0.055 0 2
0 -0.005 0.065 0 2
0 -0.005 0.075 0 2
0 -0.005 0.085 0 2
0 -0.005 0.095 0 2
0 -0.005 0.105 0 2
0 -0.005 0.115 0 2
0 -0.005 0.125 0 2
0 -0.005 0.135 0 2
0 -0.005 0.145 0 2
0 -0.005 0.155 0 2
0 -0.005 0.165 0 2
0 -0.005 0.175 0 2
0 -0.005 0.185 0 2
0 -0.005 0.195 0 2
0 -0.005 0.205 0 2
0 -0.005 0.215 0 1
0 -0.005 0.225 0 1
0 -0.005 0.235 0 1
0 -0.005 0.245 0 1
0 -0.005 0.255 0 1
0 -0.005 0.265 0 2
0 -0.005 0.275 0 2
0 -0.005 0.285 0 2
0 -0.005 0.295 0 2
0 -0.005 0.305 0 2
0 -0.005 0.315 0 2
0 -0.005 0.325 0 2
0 -0.005 0.335 0 2
0 -0.005 0.345 0 2
0 -0.005 0.355 0 2
0 -0.005 0.365 0 2
0 -0.005 0.375 0 2
0 -0.005 0.385 0 2
0 -0.005 0.395 0 2
0 -0.005 0.405 0 2
0 -0.005 0.415 0 2
0 -0.005 0.425 0 2
0 -0.005 0.435 0 2
0 -0.005 0.445 0 2
0 -0.005 0.455 0 2
0 -0.005 0.465 0 2
0 -0.005 0.475 0 2
0 -0.005 0.485 0 2
0 -0.005 0.495 0 2
0 -0.005 0.505 0 2
0 -0.005 0.515 0 2
0 -0.005 0.525 0 2
0 -0.005 0.535 0 2
0 -0.005 0.545 0 2
0 -0.005 0.555 0 2
0 -0.005 0.565 0 2
0 0.005 -0.555 0 2
0 0.005 -0.545 0 2
0 0.005 -0.535 0 2
0 0.005 -0.525 0 2
0 0.005 -0.515 0 2
0 0.005 -0.505 0 2
0 0.005 -0.495 -0.8221332346 2
0 0.005 -0.485 -0.8290126866 2
0 0.005 -0.475 -0.8357684157 2
0 0.005 -0.465 -0.8423994137 2
0 0.005 -0.455 -0.848904691 2
0 0.005 -0.445 -0.8552832767 2
0 0.005 -0.435 -0.8615342188 2
0 0.005 -0.425 -0.8676565846 2
0 0.005 -0.415 -0.8736494602 2
0 0.005 -0.405 -0.8795119513 2
0 0.005 -0.395 -0.8852431829 2
0 0.005 -0.385 -0.8908422998 1
0 0.005 -0.375 -0.8963084663 1
0 0.005 -0.365 -0.9016408666 1
0 0.005 -0.355 -0.9068387049 1
0 0.005 -0.345 -0.9119012055 1
0 0.005 -0.335 -0.9168276128 1
0 0.005 -0.325 -0.9216171917 1
0 0.005 -0.315 -0.9262692273 2
0 0.005 -0.305 -0.9307830253 2
0 0.005 -0.295 -0.9351579121 2
0 0.005 -0.285 -0.9393932349 2
0 0.005 -0.275 -0.9434883614 2
0 0.005 -0.265 -0.9474426805 2
0 0.005 -0.255 -0.9512556022 2
0 0.005 -0.245 -0.9549265573 2
0 0.005 -0.235 -0.9584549979 2
0 0.005 -0.225 -0.9618403976 2
0 0.005 -0.215 -0.9650822511 2
0 0.005 -0.205 -0.9681800745 2
0 0.005 -0.195 -0.9711334055 2
0 0.005 -0.185 -0.9739418033 2
0 0.005 -0.175 -0.9766048489 2
0 0.005 -0.165 -0.9791221448 2
0 0.005 -0.155 -0.9814933153 2
0 0.005 -0.145 -0.9837180065 2
0 0.005 -0.135 -0.9857958865 2
0 0.005 -0.125 -0.987726645 2
0 0.005 -0.115 -0.9895099941 2
0 0.005 -0.105 -0.9911456674 2
0 0.005 -0.095 -0.992633421 2
0 0.005 -0.085 -0.9939730327 2
0 0.005 -0.075 -0.9951643026 2
0 0.005 -0.065 -0.9962070531 2
0 0.005 -0.055 -0.9971011283 2
0 0.005 -0.045 -0.997846395 2
0 0.005 -0.035 -0.9984427418 2
0 0.005 -0.025 -0.9988900799 2
0 0.005 -0.015 -0.9991883423 2
0 0.005 -0.005 -0.9993374847 2
0 0.005 0.005 -0.9993374847 2
0 0.005 0.015 -0.9991883423 2
0 0.005 0.025 -0.9988900799 2
0 0.005 0.035 -0.9984427418 2
0 0.005 0.045 -0.997846395 2
0 0.005 0.055 -0.9971011283 2
0 0.005 0.065 -0.9962070531 2
0 0.005 0.075 -0.9951643026 2
0 0.005 0.085 -0.9939730327 2
0 0.005 0.095 -0.992633421 2
0 0.005 0.105 -0.9911456674 2
0 0.005 0.115 -0.9895099941 2
0 0.005 0.125 -0.987726645 2
0 0.005 0.135 -0.9857958865 2
0 0.005 0.145 -0.9837180065 2
0 0.005 0.155 -0.9814933153 2
0 0.005 0.165 -0.9791221448 2
0 0.005 0.175 -0.9766048489 2
0 0.005 0.185 -0.9739418033 2
0 0.005 0.195 -0.9711334055 1
0 0.005 0.205 -0.9681800745 1
0 0.005 0.215 -0.9650822511 1
0 0.005 0.225 -0.9618403976 1
0 0.005 0.235 -0.9584549979 1
0 0.005 0.245 -0.9549265573 1
0 0.005 0.255 -0.9512556022 1
0 0.005 0.265 -0.9474426805 1
0 0.005 0.275 -0.9434883614 2
0 0.005 0.285 -0.9393932349 2
0 0.005 0.295 -0.9351579121 2
0 0.005 0.305 -0.9307830253 2
0 0.005 0.315 -0.9262692273 2
0 0.005 0.325 -0.9216171917 2
0 0.005 0.335 -0.9168276128 2
0 0.005 0.345 -0.9119012055 2
0 0.005 0.355 -0.9068387049 2
0 0.005 0.365 -0.9016408666 2
0 0.005 0.375 -0.8963084663 2
0 0.005 0.385 -0.8908422998 2
0 0.005 0.395 -0.8852431829 2
0 0.005 0.405 -0.8795119513 2
0 0.005 0.415 -0.8736494602 2
0 0.005 0.425 -0.8676565846 2
0 0.005 0.435 -0.8615342188 2
0 0.005 0.445 -0.8552832767 2
0 0.005 0.455 -0.848904691 2
0 0.005 0.465 -0.8423994137 2
0 0.005 0.475 -0.8357684157 2
0 0.005 0.485 -0.8290126866 2
0 0.005 0.495 -0.8221332346 2
0 0.005 0.505 0 2
0 0.005 0.515 0 2
0 0.005 0.525 0 2
0 0.005 0.535 0 2
0 0.005 0.545 0 2
0 0.005 0.555 0 2
0 0.005 0.565 0 2
0 0.015 -0.555 0 2
0 0.015 -0.545 0 2
0 0.015 -0.535 0 2
0 0.015 -0.525 0 2
0 0.015 -0.515 0 2
0 0.015 -0.505 0 2
0 0.015 -0.495 -0.8178998093 2
0 0.015 -0.485 -0.8247438368 2
0 0.015 -0.475 -0.8314647785 2
0 0.015 -0.465 -0.8380616313 2
0 0.015 -0.455 -0.8445334109 2
0 0.015 -0.445 -0.8508791512 2
0 0.015 -0.435 -0.8570979053 2
0 0.015 -0.425 -0.863188745 2
0 0.015 -0.415 -0.8691507614 2
0 0.015 -0.405 -0.8749830647 2
0 0.015 -0.395 -0.8806847844 2
0 0.015 -0.385 -0.8862550696 2
0 0.015 -0.375 -0.8916930891 1
0 0.015 -0.365 -0.8969980312 1
0 0.015 -0.355 -0.9021691042 1
0 0.015 -0.345 -0.9072055363 1
0 0.015 -0.335 -0.912106576 1
0 0.015 -0.325 -0.9168714918 2
0 0.015 -0.315 -0.9214995726 2
0 0.015 -0.305 -0.9259901277 2
0 0.015 -0.295 -0.9303424868 2
0 0.015 -0.285 -0.9345560005 2
0 0.015 -0.275 -0.9386300399 2
0 0.015 -0.265 -0.942563997 2
0 0.015 -0.255 -0.9463572847 2
0 0.015 -0.245 -0.9500093369 2
0 0.015 -0.235 -0.9535196085 2
0 0.015 -0.225 -0.9568875757 2
0 0.015 -0.215 -0.9601127358 2
0 0.015 -0.205 -0.9631946075 2
0 0.015 -0.195 -0.9661327309 2
0 0.015 -0.185 -0.9689266674 2
0 0.015 -0.175 -0.9715760001 2
0 0.015 -0.165 -0.9740803337 2
0 0.015 -0.155 -0.9764392942 2
0 0.015 -0.145 -0.9786525298 2
0 0.015 -0.135 -0.9807197101 2
0 0.015 -0.125 -0.9826405266 2
0 0.015 -0.115 -0.9844146926 2
0 0.015 -0.105 -0.9860419433 2
0 0.015 -0.095 -0.987522036 2
0 0.015 -0.085 -0.9888547496 2
0 0.015 -0.075 -0.9900398853 2
0 0.015 -0.065 -0.9910772663 2
0 0.015 -0.055 -0.9919667377 2
0 0.015 -0.045 -0.9927081667 2
0 0.015 -0.035 -0.9933014428 2
0 0.015 -0.025 -0.9937464773 2
0 0.015 -0.015 -0.9940432039 2
0 0.015 -0.005 -0.9941915783 2
0 0.015 0.005 -0.9941915783 2
0 0.015 0.015 -0.9940432039 2
0 0.015 0.025 -0.9937464773 2
0 0.015 0.035 -0.9933014428 2
0 0.015 0.045 -0.9927081667 2
0 0.015 0.055 -0.9919667377 2
0 0.015 0.065 -0.9910772663 2
0 0.015 0.075 -0.9900398853 2
0 0.015 0.085 -0.9888547496 2
0 0.015 0.095 -0.987522036 2
0 0.015 0.105 -0.9860419433 2
0 0.015 0.115 -0.9844146926 2
0 0.015 0.125 -0.9826405266 2
0 0.015 0.135 -0.9807197101 2
0 0.015 0.145 -0.9786525298 2
0 0.015 0.155 -0.9764392942 2
0 0.015 0.165 -0.9740803337 2
0 0.015 0.175 -0.9715760001 2
0 0.015 0.185 -0.9689266674 1
0 0.015 0.195 -0.9661327309 1
0 0.015 0.205 -0.9631946075 1
0 0.015 0.215 -0.9601127358 1
0 0.015 0.225 -0.9568875757 1
0 0.015 0.235 -0.9535196085 1
0 0.015 0.245 -0.9500093369 1
0 0.015 0.255 -0.9463572847 1
0 0.015 0.265 -0.942563997 1
0 0.015 0.275 -0.9386300399 2
0 0.015 0.285 -0.9345560005 2
0 0.015 0.295 -0.9303424868 2
0 0.015 0.305 -0.9259901277 2
0 0.015 0.315 -0.9214995726 2
0 0.015 0.325 -0.9168714918 2
0 0.015 0.335 -0.912106576 2
0 0.015 0.345 -0.9072055363 2
0 0.015 0.355 -0.9021691042 2
0 0.015 0.365 -0.8969980312 2
0 0.015 0.375 -0.8916930891 2
0 0.015 0.385 -0.8862550696 2
0 0.015 0.395 -0.8806847844 2
0 0.015 0.405 -0.8749830647 2
0 0.015 0.415 -0.8691507614 2
0 0.015 0.425 -0.863188745 2
0 0.015 0.435 -0.8570979053 2
0 0.015 0.445 -0.8508791512 2
0 0.015 0.455 -0.8445334109 2
0 0.015 0.465 -0.8380616313 2
0 0.015 0.475 -0.8314647785 2
0 0.015 0.485 -0.8247438368 2
0 0.015 0.495 -0.8178998093 2
0 0.015 0.505 0 2
0 0.015 0.515 0 2
0 0.015 0.525 0 2
0 0.015 0.535 0 2
0 0.015 0.545 0 2
0 0.015 0.555 0 2
0 0.015 0.565 0 2
0 0.025 -0.555 0 2
0 0.025 -0.545 0 2
0 0.025 -0.535 0 2
0 0.025 -0.525 0 2
0 0.025 -0.515 0 2
0 0.025 -0.505 0 2
0 0.025 -0.495 -0.8094547578 2
0 0.025 -0.485 -0.8162281188 2
0 0.025 -0.475 -0.8228796648 2
0 0.025 -0.465 -0.8294084033 2
0 0.025 -0.455 -0.8358133598 2
0 0.025 -0.445 -0.8420935785 2
0 0.025 -0.435 -0.8482481222 2
0 0.025 -0.425 -0.8542760722 2
0 0.025 -0.415 -0.8601765291 2
0 0.025 -0.405 -0.8659486122 2
0 0.025 -0.395 -0.87159146 2
0 0.025 -0.385 -0.8771042304 2
0 0.025 -0.375 -0.8824861007 1
0 0.025 -0.365 -0.8877362678 1
0 0.025 -0.355 -0.8928539479 1
0 0.025 -0.345 -0.8978383775 1
0 0.025 -0.335 -0.9026888125 2
0 0.025 -0.325 -0.9074045292 2
0 0.025 -0.315 -0.9119848237 2
0 0.025 -0.305 -0.9164290125 2
0 0.025 -0.295 -0.9207364323 2
0 0.025 -0.285 -0.9249064402 2
0 0.025 -0.275 -0.928938414 2
0 0.025 -0.265 -0.9328317519 2
0 0.025 -0.255 -0.9365858728 2
0 0.025 -0.245 -0.9402002165 2
0 0.025 -0.235 -0.9436742435 2
0 0.025 -0.225 -0.9470074355 2
0 0.025 -0.215 -0.9501992949 2
0 0.025 -0.205 -0.9532493454 2
0 0.025 -0.195 -0.9561571317 2
0 0.025 -0.185 -0.9589222201 2
0 0.025 -0.175 -0.9615441977 2
0 0.025 -0.165 -0.9640226732 2
0 0.025 -0.155 -0.9663572769 2
0 0.025 -0.145 -0.9685476602 2
0 0.025 -0.135 -0.9705934962 2
0 0.025 -0.125 -0.9724944797 2
0 0.025 -0.115 -0.9742503269 2
0 0.025 -0.105 -0.9758607758 2
0 0.025 -0.095 -0.9773255861 2
0 0.025 -0.085 -0.9786445391 2
0 0.025 -0.075 -0.9798174379 2
0 0.025 -0.065 -0.9808441077 2
0 0.025 -0.055 -0.981724395 2
0 0.025 -0.045 -0.9824581686 2
0 0.025 -0.035 -0.9830453189 2
0 0.025 -0.025 -0.9834857583 2
0 0.025 -0.015 -0.9837794211 2
0 0.025 -0.005 -0.9839262635 2
0 0.025 0.005 -0.9839262635 2
0 0.025 0.015 -0.9837794211 2
0 0.025 0.025 -0.9834857583 2
0 0.025 0.035 -0.9830453189 2
0 0.025 0.045 -0.9824581686 2
0 0.025 0.055 -0.981724395 2
0 0.025 0.065 -0.9808441077 2
0 0.025 0.075 -0.9798174379 2
0 0.025 0.085 -0.9786445391 2
0 0.025 0.095 -0.9773255861 2
0 0.025 0.105 -0.9758607758 2
0 0.025 0.115 -0.9742503269 2
0 0.025 0.125 -0.9724944797 2
0 0.025 0.135 -0.9705934962 2
0 0.025 0.145 -0.9685476602 2
0 0.025 0.155 -0.9663572769 2
0 0.025 0.165 -0.9640226732 2
0 0.025 0.175 -0.9615441977 1
0 0.025 0.185 -0.9589222201 1
0 0.025 0.195 -0.9561571317 1
0 0.025 0.205 -0.9532493454 1
0 0.025 0.215 -0.9501992949 1
0 0.025 0.225 -0.9470074355 1
0 0.025 0.235 -0.9436742435 1
0 0.025 0.245 -0.9402002165 1
0 0.025 0.255 -0.9365858728 1
0 0.025 0.265 -0.9328317519 1
0 0.025 0.275 -0.928938414 2
0 0.025 0.285 -0.9249064402 2
0 0.025 0.295 -0.9207364323 2
0 0.025 0.305 -0.9164290125 2
0 0.025 0.315 -0.9119848237 2
0 0.025 0.325 -0.9074045292 2
0 0.025 0.335 -0.9026888125 2
0 0.025 0.345 -0.8978383775 2
0 0.025 0.355 -0.8928539479 2
0 0.025 0.365 -0.8877362678 2
0 0.025 0.375 -0.8824861007 2
0 0.025 0.385 -0.8771042304 2
0 0.025 0.395 -0.87159146 2
0 0.025 0.405 -0.8659486122 2
0 0.025 0.415 -0.8601765291 2
0 0.025 0.425 -0.8542760722 2
0 0.025 0.435 -0.8482481222 2
0 0.025 0.445 -0.8420935785 2
0 0.025 0.455 -0.8358133598 2
0 0.025 0.465 -0.8294084033 2
0 0.025 0.475 -0.8228796648 2
0 0.025 0.485 -0.8162281188 2
0 0.025 0.495 -0.8094547578 2
0 0.025 0.505 0 2
0 0.025 0.515 0 2
0 0.025 0.525 0 2
0 0.025 0.535 0 2
0 0.025 0.545 0 2
0 0.025 0.555 0 2
0 0.025 0.565 0 2
0 0.035 -0.555 0 2
0 0.035 -0.545 0 2
0 0.035 -0.535 0 2
0 0.035 -0.525 0 2
0 0.035 -0.515 0 2
0 0.035 -0.505 0 2
0 0.035 -0.495 -0.7968415665 2
0 0.035 -0.485 -0.8035093827 2
0 0.035 -0.475 -0.8100572822 2
0 0.035 -0.465 -0.8164842877 2
0 0.035 -0.455 -0.8227894401 2
0 0.035 -0.445 -0.8289717984 2
0 0.035 -0.435 -0.8350304399 2
0 0.035 -0.425 -0.8409644604 2
0 0.035 -0.415 -0.8467729744 2
0 0.035 -0.405 -0.852455115 2
0 0.035 -0.395 -0.8580100341 2
0 0.035 -0.385 -0.8634369027 1
0 0.035 -0.375 -0.868734911 1
0 0.035 -0.365 -0.8739032681 1
0 0.035 -0.355 -0.8789412029 2
0 0.035 -0.345 -0.8838479635 2
0 0.035 -0.335 -0.8886228174 2
0 0.035 -0.325 -0.8932650522 2
0 0.035 -0.315 -0.8977739751 2
0 0.035 -0.305 -0.902148913 2
0 0.035 -0.295 -0.9063892132 2
0 0.035 -0.285 -0.9104942427 2
0 0.035 -0.275 -0.9144633889 2
0 0.035 -0.265 -0.9182960595 2
0 0.035 -0.255 -0.9219916825 2
0 0.035 -0.245 -0.9255497063 2
0 0.035 -0.235 -0.9289695999 2
0 0.035 -0.225 -0.9322508529 2
0 0.035 -0.215 -0.9353929757 2
0 0.035 -0.205 -0.9383954993 2
0 0.035 -0.195 -0.9412579756 2
0 0.035 -0.185 -0.9439799774 2
0 0.035 -0.175 -0.9465610985 2
0 0.035 -0.165 -0.9490009537 2
0 0.035 -0.155 -0.9512991787 2
0 0.035 -0.145 -0.9534554308 2
0 0.035 -0.135 -0.9554693879 2
0 0.035 -0.125 -0.9573407497 2
0 0.035 -0.115 -0.9590692367 2
0 0.035 -0.105 -0.960654591 2
0 0.035 -0.095 -0.9620965761 2
0 0.035 -0.085 -0.9633949768 2
0 0.035 -0.075 -0.9645495991 2
0 0.035 -0.065 -0.9655602709 2
0 0.035 -0.055 -0.9664268413 2
0 0.035 -0.045 -0.967149181 2
0 0.035 -0.035 -0.9677271822 2
0 0.035 -0.025 -0.9681607585 2
0 0.035 -0.015 -0.9684498454 2
0 0.035 -0.005 -0.9685943996 2
0 0.035 0.005 -0.9685943996 2
0 0.035 0.015 -0.9684498454 2
0 0.035 0.025 -0.9681607585 2
0 0.035 0.035 -0.9677271822 2
0 0.035 0.045 -0.967149181 2
0 0.035 0.055 -0.9664268413 2
0 0.035 0.065 -0.9655602709 2
0 0.035 0.075 -0.9645495991 2
0 0.035 0.085 -0.9633949768 2
0 0.035 0.095 -0.9620965761 2
0 0.035 0.105 -0.960654591 2
0 0.035 0.115 -0.9590692367 2
0 0.035 0.125 -0.9573407497 2
0 0.035 0.135 -0.9554693879 2
0 0.035 0.145 -0.9534554308 2
0 0.035 0.155 -0.9512991787 2
0 0.035 0.165 -0.9490009537 2
0 0.035 0.175 -0.9465610985 1
0 0.035 0.185 -0.9439799774 1
0 0.035 0.195 -0.9412579756 1
0 0.035 0.205 -0.9383954993 1
0 0.035 0.215 -0.9353929757 1
0 0.035 0.225 -0.9322508529 1
0 0.035 0.235 -0.9289695999 1
0 0.035 0.245 -0.9255497063 1
0 0.035 0.255 -0.9219916825 1
0 0.035 0.265 -0.9182960595 2
0 0.035 0.275 -0.9144633889 2
0 0.035 0.285 -0.9104942427 2
0 0.035 0.295 -0.9063892132 2
0 0.035 0.305 -0.902148913 2
0 0.035 0.315 -0.8977739751 2
0 0.035 0.325 -0.8932650522 2
0 0.035 0.335 -0.8886228174 2
0 0.035 0.345 -0.8838479635 2
0 0.035 0.355 -0.8789412029 2
0 0.035 0.365 -0.8739032681 2
0 0.035 0.375 -0.868734911 2
0 0.035 0.385 -0.8634369027 2
0 0.035 0.395 -0.8580100341 2
0 0.035 0.405 -0.852455115 2
0 0.035 0.415 -0.8467729744 2
0 0.035 0.425 -0.8409644604 2
0 0.035 0.435 -0.8350304399 2
0 0.035 0.445 -0.8289717984 2
0 0.035 0.455 -0.8227894401 2
0 0.035 0.465 -0.8164842877 2
0 0.035 0.475 -0.8100572822 2
0 0.035 0.485 -0.8035093827 2
0 0.035 0.495 -0.7968415665 2
0 0.035 0.505 0 2
0 0.035 0.515 0 2
0 0.035 0.525 0 2
0 0.035 0.535 0 2
0 0.035 0.545 0 2
0 0.035 0.555 0 2
0 0.035 0.565 0 2
0 0.045 -0.555 0 2
0 0.045 -0.545 0 2
0 0.045 -0.535 0 2
0 0.045 -0.525 0 2
0 0.045 -0.515 0 2
0 0.045 -0.505 0 2
0 0.045 -0.495 -0.7801251847 2
0 0.045 -0.485 -0.7866531215 2
0 0.045 -0.475 -0.7930636571 2
0 0.045 -0.465 -0.799355835 2
0 0.045 -0.455 -0.805528716 2
0 0.045 -0.445 -0.8115813789 2
0 0.045 -0.435 -0.8175129204 2
0 0.045 -0.425 -0.8233224553 2
0 0.045 -0.415 -0.8290091165 2
0 0.045 -0.405 -0.8345720554 2
0 0.045 -0.395 -0.8400104418 1
0 0.045 -0.385 -0.8453234639 1
0 0.045 -0.375 -0.850510329 1
0 0.045 -0.365 -0.8555702628 1
0 0.045 -0.355 -0.8605025103 1
0 0.045 -0.345 -0.8653063353 1
0 0.045 -0.335 -0.869981021 2
0 0.045 -0.325 -0.8745258696 2
0 0.045 -0.315 -0.8789402029 2
0 0.045 -0.305 -0.8832233621 2
0 0.045 -0.295 -0.8873747079 2
0 0.045 -0.285 -0.8913936209 2
0 0.045 -0.275 -0.8952795012 2
0 0.045 -0.265 -0.8990317689 2
0 0.045 -0.255 -0.9026498639 2
0 0.045 -0.245 -0.9061332464 2
0 0.045 -0.235 -0.9094813965 2
0 0.045 -0.225 -0.9126938144 2
0 0.045 -0.215 -0.9157700208 2
0 0.045 -0.205 -0.9187095566 2
0 0.045 -0.195 -0.921511983 2
0 0.045 -0.185 -0.9241768818 2
0 0.045 -0.175 -0.9267038554 2
0 0.045 -0.165 -0.9290925265 2
0 0.045 -0.155 -0.9313425387 2
0 0.045 -0.145 -0.9334535562 2
0 0.045 -0.135 -0.935425264 2
0 0.045 -0.125 -0.9372573678 2
0 0.045 -0.115 -0.9389495941 2
0 0.045 -0.105 -0.9405016904 2
0 0.045 -0.095 -0.9419134251 2
0 0.045 -0.085 -0.9431845875 2
0 0.045 -0.075 -0.9443149878 2
0 0.045 -0.065 -0.9453044574 2
0 0.045 -0.055 -0.9461528487 2
0 0.045 -0.045 -0.9468600349 2
0 0.045 -0.035 -0.9474259106 2
0 0.045 -0.025 -0.9478503912 2
0 0.045 -0.015 -0.9481334135 2
0 0.045 -0.005 -0.9482749353 2
0 0.045 0.005 -0.9482749353 2
0 0.045 0.015 -0.9481334135 2
0 0.045 0.025 -0.9478503912 2
0 0.045 0.035 -0.9474259106 2
0 0.045 0.045 -0.9468600349 2
0 0.045 0.055 -0.9461528487 2
0 0.045 0.065 -0.9453044574 2
0 0.045 0.075 -0.9443149878 2
0 0.045 0.085 -0.9431845875 2
0 0.045 0.095 -0.9419134251 2
0 0.045 0.105 -0.9405016904 2
0 0.045 0.115 -0.9389495941 2
0 0.045 0.125 -0.9372573678 2
0 0.045 0.135 -0.935425264 2
0 0.045 0.145 -0.9334535562 2
0 0.045 0.155 -0.9313425387 2
0 0.045 0.165 -0.9290925265 1
0 0.045 0.175 -0.9267038554 1
0 0.045 0.185 -0.9241768818 1
0 0.045 0.195 -0.921511983 1
0 0.045 0.205 -0.9187095566 1
0 0.045 0.215 -0.9157700208 1
0 0.045 0.225 -0.9126938144 1
0 0.045 0.235 -0.9094813965 1
0 0.045 0.245 -0.9061332464 1
0 0.045 0.255 -0.9026498639 1
0 0.045 0.265 -0.8990317689 2
0 0.045 0.275 -0.8952795012 2
0 0.045 0.285 -0.8913936209 2
0 0.045 0.295 -0.8873747079 2
0 0.045 0.305 -0.8832233621 2
0 0.045 0.315 -0.8789402029 2
0 0.045 0.325 -0.8745258696 2
0 0.045 0.335 -0.869981021 2
0 0.045 0.345 -0.8653063353 2
0 0.045 0.355 -0.8605025103 2
0 0.045 0.365 -0.8555702628 2
0 0.045 0.375 -0.850510329 2
0 0.045 0.385 -0.8453234639 2
0 0.045 0.395 -0.8400104418 2
0 0.045 0.405 -0.8345720554 2
0 0.045 0.415 -0.8290091165 2
0 0.045 0.425 -0.8233224553 2
0 0.045 0.435 -0.8175129204 2
0 0.045 0.445 -0.8115813789 2
0 0.045 0.455 -0.805528716 2
0 0.045 0.465 -0.799355835 2
0 0.045 0.475 -0.7930636571 2
0 0.045 0.485 -0.7866531215 2
0 0.045 0.495 -0.7801251847 2
0 0.045 0.505 0 2
0 0.045 0.515 0 2
0 0.045 0.525 0 2
0 0.045 0.535 0 2
0 0.045 0.545 0 2
0 0.045 0.555 0 2
0 0.045 0.565 0 2
0 0.055 -0.555 0 2
0 0.055 -0.545 0 2
0 0.055 -0.535 0 2
0 0.055 -0.525 0 2
0 0.055 -0.515 0 2
0 0.055 -0.505 0 2
0 0.055 -0.495 -0.7593916904 2
0 0.055 -0.485 -0.7657461332 2
0 0.055 -0.475 -0.7719862952 2
0 0.055 -0.465 -0.778111245 2
0 0.055 -0.455 -0.7841200685 2
0 0.055 -0.445 -0.7900118689 2
0 0.055 -0.435 -0.7957857671 2
0 0.055 -0.425 -0.8014409011 2
0 0.055 -0.415 -0.8069764272 2
0 0.055 -0.405 -0.8123915191 2
0 0.055 -0.395 -0.8176853687 1
0 0.055 -0.385 -0.8228571859 1
0 0.055 -0.375 -0.827906199 1
0 0.055 -0.365 -0.8328316542 1
0 0.055 -0.355 -0.8376328167 1
0 0.055 -0.345 -0.8423089698 1
0 0.055 -0.335 -0.8468594157 1
0 0.055 -0.325 -0.8512834752 2
0 0.055 -0.315 -0.8555804882 2
0 0.055 -0.305 -0.8597498133 2
0 0.055 -0.295 -0.8637908282 2
0 0.055 -0.285 -0.86770293 2
0 0.055 -0.275 -0.8714855347 2
0 0.055 -0.265 -0.8751380779 2
0 0.055 -0.255 -0.8786600143 2
0 0.055 -0.245 -0.8820508185 2
0 0.055 -0.235 -0.8853099843 2
0 0.055 -0.225 -0.8884370254 2
0 0.055 -0.215 -0.891431475 2
0 0.055 -0.205 -0.8942928863 2
0 0.055 -0.195 -0.8970208323 2
0 0.055 -0.185 -0.8996149057 2
0 0.055 -0.175 -0.9020747195 2
0 0.055 -0.165 -0.9043999066 2
0 0.055 -0.155 -0.90659012 2
0 0.055 -0.145 -0.9086450327 2
0 0.055 -0.135 -0.9105643381 2
0 0.055 -0.125 -0.9123477498 2
0 0.055 -0.115 -0.9139950015 2
0 0.055 -0.105 -0.9155058476 2
0 0.055 -0.095 -0.9168800624 2
0 0.055 -0.085 -0.9181174409 2
0 0.055 -0.075 -0.9192177985 2
0 0.055 -0.065 -0.9201809708 2
0 0.055 -0.055 -0.9210068143 2
0 0.055 -0.045 -0.9216952055 2
0 0.055 -0.035 -0.9222460418 2
0 0.055 -0.025 -0.922659241 2
0 0.055 -0.015 -0.9229347414 2
0 0.055 -0.005 -0.9230725018 2
0 0.055 0.005 -0.9230725018 2
0 0.055 0.015 -0.9229347414 2
0 0.055 0.025 -0.922659241 2
0 0.055 0.035 -0.9222460418 2
0 0.055 0.045 -0.9216952055 2
0 0.055 0.055 -0.9210068143 2
0 0.055 0.065 -0.9201809708 2
0 0.055 0.075 -0.9192177985 2
0 0.055 0.085 -0.9181174409 2
0 0.055 0.095 -0.9168800624 2
0 0.055 0.105 -0.9155058476 2
0 0.055 0.115 -0.9139950015 2
0 0.055 0.125 -0.9123477498 2
0 0.055 0.135 -0.9105643381 2
0 0.055 0.145 -0.9086450327 2
0 0.055 0.155 -0.90659012 2
0 0.055 0.165 -0.9043999066 1
0 0.055 0.175 -0.9020747195 1
0 0.055 0.185 -0.8996149057 1
0 0.055 0.195 -0.8970208323 1
0 0.055 0.205 -0.8942928863 1
0 0.055 0.215 -0.891431475 1
0 0.055 0.225 -0.8884370254 1
0 0.055 0.235 -0.8853099843 1
0 0.055 0.245 -0.8820508185 1
0 0.055 0.255 -0.8786600143 2
0 0.055 0.265 -0.8751380779 2
0 0.055 0.275 -0.8714855347 2
0 0.055 0.285 -0.86770293 2
0 0.055 0.295 -0.8637908282 2
0 0.055 0.305 -0.8597498133 2
0 0.055 0.315 -0.8555804882 2
0 0.055 0.325 -0.8512834752 2
0 0.055 0.335 -0.8468594157 2
0 0.055 0.345 -0.8423089698 2
0 0.055 0.355 -0.8376328167 1
0 0.055 0.365 -0.8328316542 1
0 0.055 0.375 -0.827906199 1
0 0.055 0.385 -0.8228571859 1
0 0.055 0.395 -0.8176853687 1
0 0.055 0.405 -0.8123915191 2
0 0.055 0.415 -0.8069764272 2
0 0.055 0.425 -0.8014409011 2
0 0.055 0.435 -0.7957857671 2
0 0.055 0.445 -0.7900118689 2
0 0.055 0.455 -0.7841200685 2
0 0.055 0.465 -0.778111245 2
0 0.055 0.475 -0.7719862952 2
0 0.055 0.485 -0.7657461332 2
0 0.055 0.495 -0.7593916904 2
0 0.055 0.505 0 2
0 0.055 0.515 0 2
0 0.055 0.525 0 2
0 0.055 0.535 0 2
0 0.055 0.545 0 2
0 0.055 0.555 0 2
0 0.055 0.565 0 2
0 0.065 -0.555 0 2
0 0.065 -0.545 0 2
0 0.065 -0.535 0 2
0 0.065 -0.525 0 2
0 0.065 -0.515 0 2
0 0.065 -0.505 0 2
0 0.065 -0.495 -0.7347478468 2
0 0.065 -0.485 -0.7408960748 2
0 0.065 -0.475 -0.7469337305 2
0 0.065 -0.465 -0.7528599129 2
0 0.065 -0.455 -0.7586737375 2
0 0.065 -0.445 -0.7643743368 2
0 0.065 -0.435 -0.7699608599 2
0 0.065 -0.425 -0.775432473 2
0 0.065 -0.415 -0.7807883597 2
0 0.065 -0.405 -0.7860277206 2
0 0.065 -0.395 -0.7911497738 1
0 0.065 -0.385 -0.7961537547 1
0 0.065 -0.375 -0.8010389168 1
0 0.065 -0.365 -0.8058045307 1
0 0.065 -0.355 -0.8104498855 1
0 0.065 -0.345 -0.8149742877 1
0 0.065 -0.335 -0.8193770621 1
0 0.065 -0.325 -0.8236575517 1
0 0.065 -0.315 -0.8278151176 2
0 0.065 -0.305 -0.8318491394 2
0 0.065 -0.295 -0.835759015 2
0 0.065 -0.285 -0.8395441609 2
0 0.065 -0.275 -0.8432040122 2
0 0.065 -0.265 -0.8467380227 2
0 0.065 -0.255 -0.850145665 2
0 0.065 -0.245 -0.8534264305 2
0 0.065 -0.235 -0.8565798296 2
0 0.065 -0.225 -0.8596053917 2
0 0.065 -0.215 -0.8625026652 2
0 0.065 -0.205 -0.8652712177 2
0 0.065 -0.195 -0.8679106361 2
0 0.065 -0.185 -0.8704205265 2
0 0.065 -0.175 -0.8728005142 2
0 0.065 -0.165 -0.8750502441 2
0 0.065 -0.155 -0.8771693805 2
0 0.065 -0.145 -0.879157607 2
0 0.065 -0.135 -0.8810146269 2
0 0.065 -0.125 -0.8827401632 2
0 0.065 -0.115 -0.8843339582 2
0 0.065 -0.105 -0.8857957742 2
0 0.065 -0.095 -0.8871253929 2
0 0.065 -0.085 -0.8883226159 2
0 0.065 -0.075 -0.8893872645 2
0 0.065 -0.065 -0.8903191799 2
0 0.065 -0.055 -0.891118223 2
0 0.065 -0.045 -0.8917842745 2
0 0.065 -0.035 -0.892317235 2
0 0.065 -0.025 -0.892717025 2
0 0.065 -0.015 -0.8929835849 2
0 0.065 -0.005 -0.8931168747 2
0 0.065 0.005 -0.8931168747 2
0 0.065 0.015 -0.8929835849 2
0 0.065 0.025 -0.892717025 2
0 0.065 0.035 -0.892317235 2
0 0.065 0.045 -0.8917842745 1
0 0.065 0.055 -0.891118223 1
0 0.065 0.065 -0.8903191799 1
0 0.065 0.075 -0.8893872645 1
0 0.065 0.085 -0.8883226159 1
0 0.065 0.095 -0.8871253929 2
0 0.065 0.105 -0.8857957742 2
0 0.065 0.115 -0.8843339582 2
0 0.065 0.125 -0.8827401632 2
0 0.065 0.135 -0.8810146269 2
0 0.065 0.145 -0.879157607 2
0 0.065 0.155 -0.8771693805 2
0 0.065 0.165 -0.8750502441 1
0 0.065 0.175 -0.8728005142 1
0 0.065 0.185 -0.8704205265 1
0 0.065 0.195 -0.8679106361 1
0 0.065 0.205 -0.8652712177 1
0 0.065 0.215 -0.8625026652 1
0 0.065 0.225 -0.8596053917 1
0 0.065 0.235 -0.8565798296 1
0 0.065 0.245 -0.8534264305 2
0 0.065 0.255 -0.850145665 2
0 0.065 0.265 -0.8467380227 2
0 0.065 0.275 -0.8432040122 2
0 0.065 0.285 -0.8395441609 2
0 0.065 0.295 -0.835759015 2
0 0.065 0.305 -0.8318491394 2
0 0.065 0.315 -0.8278151176 2
0 0.065 0.325 -0.8236575517 2
0 0.065 0.335 -0.8193770621 1
0 0.065 0.345 -0.8149742877 1
0 0.065 0.355 -0.8104498855 1
0 0.065 0.365 -0.8058045307 1
0 0.065 0.375 -0.8010389168 1
0 0.065 0.385 -0.7961537547 1
0 0.065 0.395 -0.7911497738 1
0 0.065 0.405 -0.7860277206 1
0 0.065 0.415 -0.7807883597 2
0 0.065 0.425 -0.775432473 2
0 0.065 0.435 -0.7699608599 2
0 0.065 0.445 -0.7643743368 2
0 0.065 0.455 -0.7586737375 2
0 0.065 0.465 -0.7528599129 2
0 0.065 0.475 -0.7469337305 2
0 0.065 0.485 -0.7408960748 2
0 0.065 0.495 -0.7347478468 2
0 0.065 0.505 0 2
0 0.065 0.515 0 2
0 0.065 0.525 0 2
0 0.065 0.535 0 2
0 0.065 0.545 0 2
0 0.065 0.555 0 2
0 0.065 0.565 0 2
0 0.075 -0.555 0 2
0 0.075 -0.545 0 2
0 0.075 -0.535 0 2
0 0.075 -0.525 0 2
0 0.075 -0.515 0 2
0 0.075 -0.505 0 2
0 0.075 -0.495 -0.7063205531 2
0 0.075 -0.485 -0.7122309069 2
0 0.075 -0.475 -0.7180349665 2
0 0.075 -0.465 -0.7237318657 2
0 0.075 -0.455 -0.7293207543 2
0 0.075 -0.445 -0.7348007982 2
0 0.075 -0.435 -0.7401711794 2
0 0.075 -0.425 -0.7454310967 2
0 0.075 -0.415 -0.7505797648 2
0 0.075 -0.405 -0.7556164156 2
0 0.075 -0.395 -0.7605402972 1
0 0.075 -0.385 -0.7653506748 1
0 0.075 -0.375 -0.7700468306 1
0 0.075 -0.365 -0.7746280636 1
0 0.075 -0.355 -0.7790936902 1
0 0.075 -0.345 -0.7834430439 1
0 0.075 -0.335 -0.7876754756 1
0 0.075 -0.325 -0.7917903536 1
0 0.075 -0.315 -0.7957870639 2
0 0.075 -0.305 -0.7996650099 2
0 0.075 -0.295 -0.803423613 2
0 0.075 -0.285 -0.8070623121 2
0 0.075 -0.275 -0.8105805642 2
0 0.075 -0.265 -0.8139778444 2
0 0.075 -0.255 -0.8172536454 2
0 0.075 -0.245 -0.8204074786 2
0 0.075 -0.235 -0.8234388731 2
0 0.075 -0.225 -0.8263473766 2
0 0.075 -0.215 -0.8291325549 2
0 0.075 -0.205 -0.8317939926 2
0 0.075 -0.195 -0.8343312922 2
0 0.075 -0.185 -0.8367440753 2
0 0.075 -0.175 -0.8390319816 2
0 0.075 -0.165 -0.8411946698 2
0 0.075 -0.155 -0.8432318171 2
0 0.075 -0.145 -0.8451431194 2
0 0.075 -0.135 -0.8469282915 2
0 0.075 -0.125 -0.8485870669 2
0 0.075 -0.115 -0.8501191983 2
0 0.075 -0.105 -0.8515244567 2
0 0.075 -0.095 -0.8528026327 2
0 0.075 -0.085 -0.8539535353 2
0 0.075 -0.075 -0.8549769928 2
0 0.075 -0.065 -0.8558728525 2
0 0.075 -0.055 -0.8566409808 2
0 0.075 -0.045 -0.8572812628 2
0 0.075 -0.035 -0.8577936032 2
0 0.075 -0.025 -0.8581779254 2
0 0.075 -0.015 -0.858434172 2
0 0.075 -0.005 -0.8585623049 2
0 0.075 0.005 -0.8585623049 2
0 0.075 0.015 -0.858434172 2
0 0.075 0.025 -0.8581779254 2
0 0.075 0.035 -0.8577936032 1
0 0.075 0.045 -0.8572812628 1
0 0.075 0.055 -0.8566409808 1
0 0.075 0.065 -0.8558728525 1
0 0.075 0.075 -0.8549769928 1
0 0.075 0.085 -0.8539535353 1
0 0.075 0.095 -0.8528026327 1
0 0.075 0.105 -0.8515244567 1
0 0.075 0.115 -0.8501191983 2
0 0.075 0.125 -0.8485870669 2
0 0.075 0.135 -0.8469282915 2
0 0.075 0.145 -0.8451431194 2
0 0.075 0.155 -0.8432318171 2
0 0.075 0.165 -0.8411946698 2
0 0.075 0.175 -0.8390319816 1
0 0.075 0.185 -0.8367440753 1
0 0.075 0.195 -0.8343312922 1
0 0.075 0.205 -0.8317939926 1
0 0.075 0.215 -0.8291325549 1
0 0.075 0.225 -0.8263473766 2
0 0.075 0.235 -0.8234388731 2
0 0.075 0.245 -0.8204074786 2
0 0.075 0.255 -0.8172536454 2
0 0.075 0.265 -0.8139778444 2
0 0.075 0.275 -0.8105805642 2
0 0.075 0.285 -0.8070623121 2
0 0.075 0.295 -0.803423613 2
0 0.075 0.305 -0.7996650099 2
0 0.075 0.315 -0.7957870639 2
0 0.075 0.325 -0.7917903536 1
0 0.075 0.335 -0.7876754756 1
0 0.075 0.345 -0.7834430439 1
0 0.075 0.355 -0.7790936902 1
0 0.075 0.365 -0.7746280636 1
0 0.075 0.375 -0.7700468306 1
0 0.075 0.385 -0.7653506748 1
0 0.075 0.395 -0.7605402972 1
0 0.075 0.405 -0.7556164156 1
0 0.075 0.415 -0.7505797648 2
0 0.075 0.425 -0.7454310967 2
0 0.075 0.435 -0.7401711794 2
0 0.075 0.445 -0.7348007982 2
0 0.075 0.455 -0.7293207543 2
0 0.075 0.465 -0.7237318657 2
0 0.075 0.475 -0.7180349665 2
0 0.075 0.485 -0.7122309069 2
0 0.075 0.495 -0.7063205531 2
0 0.075 0.505 0 2
0 0.075 0.515 0 2
0 0.075 0.525 0 2
0 0.075 0.535 0 2
0 0.075 0.545 0 2
0 0.075 0.555 0 2
0 0.075 0.565 0 2
0 0.085 -0.555 0 2
0 0.085 -0.545 0 2
0 0.085 -0.535 0 2
0 0.085 -0.525 0 2
0 0.085 -0.515 0 2
0 0.085 -0.505 0 2
0 0.085 -0.495 -0.6742561903 2
0 0.085 -0.485 -0.6798982357 2
0 0.085 -0.475 -0.6854388123 2
0 0.085 -0.465 -0.6908770932 2
0 0.085 -0.455 -0.6962122667 2
0 0.085 -0.445 -0.7014435367 2
0 0.085 -0.435 -0.7065701223 2
0 0.085 -0.425 -0.7115912586 2
0 0.085 -0.415 -0.7165061961 2
0 0.085 -0.405 -0.7213142014 2
0 0.085 -0.395 -0.7260145568 1
0 0.085 -0.385 -0.730606561 1
0 0.085 -0.375 -0.7350895285 1
0 0.085 -0.365 -0.7394627903 1
0 0.085 -0.355 -0.7437256938 1
0 0.085 -0.345 -0.7478776028 1
0 0.085 -0.335 -0.7519178976 1
0 0.085 -0.325 -0.7558459753 1
0 0.085 -0.315 -0.7596612496 1
0 0.085 -0.305 -0.7633631511 2
0 0.085 -0.295 -0.7669511274 2
0 0.085 -0.285 -0.7704246429 2
0 0.085 -0.275 -0.7737831793 2
0 0.085 -0.265 -0.7770262354 2
0 0.085 -0.255 -0.7801533271 2
0 0.085 -0.245 -0.7831639877 2
0 0.085 -0.235 -0.7860577681 2
0 0.085 -0.225 -0.7888342361 2
0 0.085 -0.215 -0.7914929776 2
0 0.085 -0.205 -0.7940335958 2
0 0.085 -0.195 -0.7964557113 2
0 0.085 -0.185 -0.7987589629 2
0 0.085 -0.175 -0.8009430067 2
0 0.085 -0.165 -0.8030075167 2
0 0.085 -0.155 -0.804952185 2
0 0.085 -0.145 -0.8067767211 2
0 0.085 -0.135 -0.808480853 2
0 0.085 -0.125 -0.8100643261 2
0 0.085 -0.115 -0.8115269043 2
0 0.085 -0.105 -0.8128683692 2
0 0.085 -0.095 -0.8140885206 2
0 0.085 -0.085 -0.8151871765 2
0 0.085 -0.075 -0.8161641728 2
0 0.085 -0.065 -0.8170193638 2
0 0.085 -0.055 -0.8177526218 2
0 0.085 -0.045 -0.8183638374 2
0 0.085 -0.035 -0.8188529194 2
0 0.085 -0.025 -0.8192197948 2
0 0.085 -0.015 -0.8194644088 2
0 0.085 -0.005 -0.8195867249 2
0 0.085 0.005 -0.8195867249 2
0 0.085 0.015 -0.8194644088 2
0 0.085 0.025 -0.8192197948 2
0 0.085 0.035 -0.8188529194 1
0 0.085 0.045 -0.8183638374 1
0 0.085 0.055 -0.8177526218 1
0 0.085 0.065 -0.8170193638 1
0 0.085 0.075 -0.8161641728 1
0 0.085 0.085 -0.8151871765 1
0 0.085 0.095 -0.8140885206 1
0 0.085 0.105 -0.8128683692 1
0 0.085 0.115 -0.8115269043 1
0 0.085 0.125 -0.8100643261 2
0 0.085 0.135 -0.808480853 2
0 0.085 0.145 -0.8067767211 2
0 0.085 0.155 -0.804952185 2
0 0.085 0.165 -0.8030075167 2
0 0.085 0.175 -0.8009430067 2
0 0.085 0.185 -0.7987589629 2
0 0.085 0.195 -0.7964557113 2
0 0.085 0.205 -0.7940335958 2
0 0.085 0.215 -0.7914929776 2
0 0.085 0.225 -0.7888342361 2
0 0.085 0.235 -0.7860577681 2
0 0.085 0.245 -0.7831639877 2
0 0.085 0.255 -0.7801533271 2
0 0.085 0.265 -0.7770262354 2
0 0.085 0.275 -0.7737831793 2
0 0.085 0.285 -0.7704246429 2
0 0.085 0.295 -0.7669511274 2
0 0.085 0.305 -0.7633631511 2
0 0.085 0.315 -0.7596612496 1
0 0.085 0.325 -0.7558459753 1
0 0.085 0.335 -0.7519178976 1
0 0.085 0.345 -0.7478776028 1
0 0.085 0.355 -0.7437256938 1
0 0.085 0.365 -0.7394627903 1
0 0.085 0.375 -0.7350895285 1
0 0.085 0.385 -0.730606561 1
0 0.085 0.395 -0.7260145568 1
0 0.085 0.405 -0.7213142014 1
0 0.085 0.415 -0.7165061961 2
0 0.085 0.425 -0.7115912586 2
0 0.085 0.435 -0.7065701223 2
0 0.085 0.445 -0.7014435367 2
0 0.085 0.455 -0.6962122667 2
0 0.085 0.465 -0.6908770932 2
0 0.085 0.475 -0.6854388123 2
0 0.085 0.485 -0.6798982357 2
0 0.085 0.495 -0.6742561903 2
0 0.085 0.505 0 2
0 0.085 0.515 0 2
0 0.085 0.525 0 2
0 0.085 0.535 0 2
0 0.085 0.545 0 2
0 0.085 0.555 0 2
0 0.085 0.565 0 2
0 0.095 -0.555 0 2
0 0.095 -0.545 0 2
0 0.095 -0.535 0 2
0 0.095 -0.525 0 2
0 0.095 -0.515 0 2
0 0.095 -0.505 0 2
0 0.095 -0.495 -0.638719868 2
0 0.095 -0.485 -0.6440645524 2
0 0.095 -0.475 -0.6493131158 2
0 0.095 -0.465 -0.6544647749 2
0 0.095 -0.455 -0.6595187609 2
0 0.095 -0.445 -0.6644743195 2
0 0.095 -0.435 -0.6693307111 2
0 0.095 -0.425 -0.674087211 2
0 0.095 -0.415 -0.6787431093 2
0 0.095 -0.405 -0.6832977111 2
0 0.095 -0.395 -0.6877503367 2
0 0.095 -0.385 -0.6921003217 1
0 0.095 -0.375 -0.6963470167 1
0 0.095 -0.365 -0.7004897881 1
0 0.095 -0.355 -0.7045280175 1
0 0.095 -0.345 -0.7084611023 1
0 0.095 -0.335 -0.7122884554 1
0 0.095 -0.325 -0.7160095058 1
0 0.095 -0.315 -0.7196236981 1
0 0.095 -0.305 -0.7231304928 2
0 0.095 -0.295 -0.7265293666 2
0 0.095 -0.285 -0.7298198123 2
0 0.095 -0.275 -0.7330013388 2
0 0.095 -0.265 -0.7360734713 2
0 0.095 -0.255 -0.7390357512 2
0 0.095 -0.245 -0.7418877366 2
0 0.095 -0.235 -0.7446290017 2
0 0.095 -0.225 -0.7472591375 2
0 0.095 -0.215 -0.7497777514 2
0 0.095 -0.205 -0.7521844676 2
0 0.095 -0.195 -0.7544789268 2
0 0.095 -0.185 -0.7566607867 2
0 0.095 -0.175 -0.7587297216 2
0 0.095 -0.165 -0.7606854227 2
0 0.095 -0.155 -0.7625275982 2
0 0.095 -0.145 -0.7642559732 2
0 0.095 -0.135 -0.7658702896 2
0 0.095 -0.125 -0.7673703066 2
0 0.095 -0.115 -0.7687558004 2
0 0.095 -0.105 -0.7700265641 2
0 0.095 -0.095 -0.7711824081 2
0 0.095 -0.085 -0.7722231598 2
0 0.095 -0.075 -0.7731486641 2
0 0.095 -0.065 -0.7739587827 2
0 0.095 -0.055 -0.7746533947 2
0 0.095 -0.045 -0.7752323965 2
0 0.095 -0.035 -0.7756957017 2
0 0.095 -0.025 -0.7760432411 2
0 0.095 -0.015 -0.7762749628 2
0 0.095 -0.005 -0.7763908323 2
0 0.095 0.005 -0.7763908323 2
0 0.095 0.015 -0.7762749628 2
0 0.095 0.025 -0.7760432411 2
0 0.095 0.035 -0.7756957017 1
0 0.095 0.045 -0.7752323965 1
0 0.095 0.055 -0.7746533947 1
0 0.095 0.065 -0.7739587827 1
0 0.095 0.075 -0.7731486641 1
0 0.095 0.085 -0.7722231598 1
0 0.095 0.095 -0.7711824081 1
0 0.095 0.105 -0.7700265641 1
0 0.095 0.115 -0.7687558004 1
0 0.095 0.125 -0.7673703066 1
0 0.095 0.135 -0.7658702896 2
0 0.095 0.145 -0.7642559732 2
0 0.095 0.155 -0.7625275982 2
0 0.095 0.165 -0.7606854227 2
0 0.095 0.175 -0.7587297216 2
0 0.095 0.185 -0.7566607867 2
0 0.095 0.195 -0.7544789268 2
0 0.095 0.205 -0.7521844676 2
0 0.095 0.215 -0.7497777514 2
0 0.095 0.225 -0.7472591375 2
0 0.095 0.235 -0.7446290017 2
0 0.095 0.245 -0.7418877366 2
0 0.095 0.255 -0.7390357512 2
0 0.095 0.265 -0.7360734713 2
0 0.095 0.275 -0.7330013388 2
0 0.095 0.285 -0.7298198123 2
0 0.095 0.295 -0.7265293666 2
0 0.095 0.305 -0.7231304928 1
0 0.095 0.315 -0.7196236981 1
0 0.095 0.325 -0.7160095058 1
0 0.095 0.335 -0.7122884554 1
0 0.095 0.345 -0.7084611023 1
0 0.095 0.355 -0.7045280175 1
0 0.095 0.365 -0.7004897881 1
0 0.095 0.375 -0.6963470167 1
0 0.095 0.385 -0.6921003217 1
0 0.095 0.395 -0.6877503367 1
0 0.095 0.405 -0.6832977111 1
0 0.095 0.415 -0.6787431093 2
0 0.095 0.425 -0.674087211 2
0 0.095 0.435 -0.6693307111 2
0 0.095 0.445 -0.6644743195 2
0 0.095 0.455 -0.6595187609 2
0 0.095 0.465 -0.6544647749 2
0 0.095 0.475 -0.6493131158 2
0 0.095 0.485 -0.6440645524 2
0 0.095 0.495 -0.638719868 2
0 0.095 0.505 0 2
0 0.095 0.515 0 2
0 0.095 0.525 0 2
0 0.095 0.535 0 2
0 0.095 0.545 0 2
0 0.095 0.555 0 2
0 0.095 0.565 0 2
0 0.105 -0.555 0 1
0 0.105 -0.545 0 1
0 0.105 -0.535 0 1
0 0.105 -0.525 0 2
0 0.105 -0.515 0 2
0 0.105 -0.505 0 2
0 0.105 -0.495 -0.5998945741 2
0 0.105 -0.485 -0.604914376 2
0 0.105 -0.475 -0.6098438996 2
0 0.105 -0.465 -0.6146824094 2
0 0.105 -0.455 -0.6194291833 2
0 0.105 -0.445 -0.6240835128 2
0 0.105 -0.435 -0.6286447032 2
0 0.105 -0.425 -0.633112074 2
0 0.105 -0.415 -0.6374849584 2
0 0.105 -0.405 -0.6417627037 2
0 0.105 -0.395 -0.6459446716 2
0 0.105 -0.385 -0.6500302379 1
0 0.105 -0.375 -0.6540187929 1
0 0.105 -0.365 -0.6579097413 1
0 0.105 -0.355 -0.6617025024 1
0 0.105 -0.345 -0.6653965103 1
0 0.105 -0.335 -0.6689912136 1
0 0.105 -0.325 -0.6724860758 1
0 0.105 -0.315 -0.6758805754 1
0 0.105 -0.305 -0.6791742057 2
0 0.105 -0.295 -0.6823664752 2
0 0.105 -0.285 -0.6854569075 2
0 0.105 -0.275 -0.6884450414 2
0 0.105 -0.265 -0.6913304309 2
0 0.105 -0.255 -0.6941126454 2
0 0.105 -0.245 -0.6967912697 2
0 0.105 -0.235 -0.699365904 2
0 0.105 -0.225 -0.7018361641 2
0 0.105 -0.215 -0.7042016812 2
0 0.105 -0.205 -0.7064621025 2
0 0.105 -0.195 -0.7086170905 2
0 0.105 -0.185 -0.7106663236 2
0 0.105 -0.175 -0.712609496 2
0 0.105 -0.165 -0.7144463176 2
0 0.105 -0.155 -0.7161765145 2
0 0.105 -0.145 -0.7177998282 2
0 0.105 -0.135 -0.7193160167 2
0 0.105 -0.125 -0.7207248535 2
0 0.105 -0.115 -0.7220261285 2
0 0.105 -0.105 -0.7232196474 2
0 0.105 -0.095 -0.7243052321 2
0 0.105 -0.085 -0.7252827207 2
0 0.105 -0.075 -0.7261519671 2
0 0.105 -0.065 -0.7269128417 2
0 0.105 -0.055 -0.727565231 2
0 0.105 -0.045 -0.7281090375 2
0 0.105 -0.035 -0.7285441802 2
0 0.105 -0.025 -0.728870594 2
0 0.105 -0.015 -0.7290882303 2
0 0.105 -0.005 -0.7291970566 2
0 0.105 0.005 -0.7291970566 2
0 0.105 0.015 -0.7290882303 2
0 0.105 0.025 -0.728870594 2
0 0.105 0.035 -0.7285441802 2
0 0.105 0.045 -0.7281090375 1
0 0.105 0.055 -0.727565231 1
0 0.105 0.065 -0.7269128417 1
0 0.105 0.075 -0.7261519671 1
0 0.105 0.085 -0.7252827207 1
0 0.105 0.095 -0.7243052321 1
0 0.105 0.105 -0.7232196474 1
0 0.105 0.115 -0.7220261285 1
0 0.105 0.125 -0.7207248535 1
0 0.105 0.135 -0.7193160167 2
0 0.105 0.145 -0.7177998282 1
0 0.105 0.155 -0.7161765145 1
0 0.105 0.165 -0.7144463176 1
0 0.105 0.175 -0.712609496 2
0 0.105 0.185 -0.7106663236 2
0 0.105 0.195 -0.7086170905 2
0 0.105 0.205 -0.7064621025 2
0 0.105 0.215 -0.7042016812 2
0 0.105 0.225 -0.7018361641 2
0 0.105 0.235 -0.699365904 2
0 0.105 0.245 -0.6967912697 2
0 0.105 0.255 -0.6941126454 2
0 0.105 0.265 -0.6913304309 2
0 0.105 0.275 -0.6884450414 2
0 0.105 0.285 -0.6854569075 2
0 0.105 0.295 -0.6823664752 2
0 0.105 0.305 -0.6791742057 1
0 0.105 0.315 -0.6758805754 1
0 0.105 0.325 -0.6724860758 1
0 0.105 0.335 -0.6689912136 1
0 0.105 0.345 -0.6653965103 1
0 0.105 0.355 -0.6617025024 1
0 0.105 0.365 -0.6579097413 1
0 0.105 0.375 -0.6540187929 1
0 0.105 0.385 -0.6500302379 1
0 0.105 0.395 -0.6459446716 1
0 0.105 0.405 -0.6417627037 2
0 0.105 0.415 -0.6374849584 2
0 0.105 0.425 -0.633112074 2
0 0.105 0.435 -0.6286447032 2
0 0.105 0.445 -0.6240835128 2
0 0.105 0.455 -0.6194291833 2
0 0.105 0.465 -0.6146824094 2
0 0.105 0.475 -0.6098438996 2
0 0.105 0.485 -0.604914376 2
0 0.105 0.495 -0.5998945741 2
0 0.105 0.505 0 2
0 0.105 0.515 0 2
0 0.105 0.525 0 2
0 0.105 0.535 0 2
0 0.105 0.545 0 2
0 0.105 0.555 0 2
0 0.105 0.565 0 2
0 0.115 -0.555 0 1
0 0.115 -0.545 0 1
0 0.115 -0.535 0 1
0 0.115 -0.525 0 1
0 0.115 -0.515 0 1
0 0.115 -0.505 0 2
0 0.115 -0.495 -0.5579802324 2
0 0.115 -0.485 -0.5626493031 2
0 0.115 -0.475 -0.5672344034 2
0 0.115 -0.465 -0.5717348489 2
0 0.115 -0.455 -0.5761499679 1
0 0.115 -0.445 -0.5804791017 1
0 0.115 -0.435 -0.584721604 1
0 0.115 -0.425 -0.5888768418 1
0 0.115 -0.415 -0.5929441948 1
0 0.115 -0.405 -0.5969230562 1
0 0.115 -0.395 -0.600812832 1
0 0.115 -0.385 -0.6046129418 2
0 0.115 -0.375 -0.6083228183 1
0 0.115 -0.365 -0.6119419081 1
0 0.115 -0.355 -0.6154696709 1
0 0.115 -0.345 -0.6189055802 1
0 0.115 -0.335 -0.6222491233 1
0 0.115 -0.325 -0.6254998012 1
0 0.115 -0.315 -0.6286571287 1
0 0.115 -0.305 -0.6317206347 2
0 0.115 -0.295 -0.6346898619 2
0 0.115 -0.285 -0.6375643672 2
0 0.115 -0.275 -0.6403437217 2
0 0.115 -0.265 -0.6430275104 2
0 0.115 -0.255 -0.6456153329 2
0 0.115 -0.245 -0.648106803 2
0 0.115 -0.235 -0.6505015489 2
0 0.115 -0.225 -0.6527992131 2
0 0.115 -0.215 -0.6549994527 2
0 0.115 -0.205 -0.6571019395 2
0 0.115 -0.195 -0.6591063595 2
0 0.115 -0.185 -0.6610124137 2
0 0.115 -0.175 -0.6628198176 2
0 0.115 -0.165 -0.6645283014 2
0 0.115 -0.155 -0.6661376102 2
0 0.115 -0.145 -0.6676475038 2
0 0.115 -0.135 -0.6690577569 2
0 0.115 -0.125 -0.670368159 2
0 0.115 -0.115 -0.6715785146 2
0 0.115 -0.105 -0.6726886429 2
0 0.115 -0.095 -0.6736983783 2
0 0.115 -0.085 -0.6746075702 2
0 0.115 -0.075 -0.6754160828 2
0 0.115 -0.065 -0.6761237955 2
0 0.115 -0.055 -0.6767306027 2
0 0.115 -0.045 -0.6772364137 2
0 0.115 -0.035 -0.6776411532 2
0 0.115 -0.025 -0.6779447606 2
0 0.115 -0.015 -0.6781471907 2
0 0.115 -0.005 -0.6782484134 2
0 0.115 0.005 -0.6782484134 2
0 0.115 0.015 -0.6781471907 2
0 0.115 0.025 -0.6779447606 2
0 0.115 0.035 -0.6776411532 2
0 0.115 0.045 -0.6772364137 1
0 0.115 0.055 -0.6767306027 1
0 0.115 0.065 -0.6761237955 1
0 0.115 0.075 -0.6754160828 1
0 0.115 0.085 -0.6746075702 1
0 0.115 0.095 -0.6736983783 1
0 0.115 0.105 -0.6726886429 1
0 0.115 0.115 -0.6715785146 1
0 0.115 0.125 -0.670368159 1
0 0.115 0.135 -0.6690577569 1
0 0.115 0.145 -0.6676475038 1
0 0.115 0.155 -0.6661376102 1
0 0.115 0.165 -0.6645283014 1
0 0.115 0.175 -0.6628198176 1
0 0.115 0.185 -0.6610124137 1
0 0.115 0.195 -0.6591063595 1
0 0.115 0.205 -0.6571019395 2
0 0.115 0.215 -0.6549994527 2
0 0.115 0.225 -0.6527992131 2
0 0.115 0.235 -0.6505015489 2
0 0.115 0.245 -0.648106803 2
0 0.115 0.255 -0.6456153329 2
0 0.115 0.265 -0.6430275104 2
0 0.115 0.275 -0.6403437217 2
0 0.115 0.285 -0.6375643672 2
0 0.115 0.295 -0.6346898619 2
0 0.115 0.305 -0.6317206347 1
0 0.115 0.315 -0.6286571287 1
0 0.115 0.325 -0.6254998012 1
0 0.115 0.335 -0.6222491233 1
0 0.115 0.345 -0.6189055802 1
0 0.115 0.355 -0.6154696709 1
0 0.115 0.365 -0.6119419081 1
0 0.115 0.375 -0.6083228183 1
0 0.115 0.385 -0.6046129418 1
0 0.115 0.395 -0.600812832 2
0 0.115 0.405 -0.5969230562 2
0 0.115 0.415 -0.5929441948 2
0 0.115 0.425 -0.5888768418 2
0 0.115 0.435 -0.584721604 2
0 0.115 0.445 -0.5804791017 2
0 0.115 0.455 -0.5761499679 2
0 0.115 0.465 -0.5717348489 2
0 0.115 0.475 -0.5672344034 2
0 0.115 0.485 -0.5626493031 2
0 0.115 0.495 -0.5579802324 2
0 0.115 0.505 0 2
0 0.115 0.515 0 2
0 0.115 0.525 0 2
0 0.115 0.535 0 2
0 0.115 0.545 0 2
0 0.115 0.555 0 2
0 0.115 0.565 0 2
0 0.125 -0.555 0 1
0 0.125 -0.545 0 1
0 0.125 -0.535 0 1
0 0.125 -0.525 0 1
0 0.125 -0.515 0 1
0 0.125 -0.505 0 1
0 0.125 -0.495 -0.5131926731 2
0 0.125 -0.485 -0.5174869702 2
0 0.125 -0.475 -0.5217040369 2
0 0.125 -0.465 -0.5258432438 1
0 0.125 -0.455 -0.5299039733 1
0 0.125 -0.445 -0.5338856192 1
0 0.125 -0.435 -0.5377875874 1
0 0.125 -0.425 -0.5416092955 1
0 0.125 -0.415 -0.5453501731 1
0 0.125 -0.405 -0.5490096621 1
0 0.125 -0.395 -0.5525872161 1
0 0.125 -0.385 -0.5560823014 1
0 0.125 -0.375 -0.5594943963 1
0 0.125 -0.365 -0.5628229915 1
0 0.125 -0.355 -0.5660675903 1
0 0.125 -0.345 -0.5692277086 1
0 0.125 -0.335 -0.5723028745 1
0 0.125 -0.325 -0.5752926293 1
0 0.125 -0.315 -0.5781965267 1
0 0.125 -0.305 -0.5810141334 2
0 0.125 -0.295 -0.5837450288 2
0 0.125 -0.285 -0.5863888054 2
0 0.125 -0.275 -0.5889450686 2
0 0.125 -0.265 -0.5914134369 2
0 0.125 -0.255 -0.5937935419 2
0 0.125 -0.245 -0.5960850285 2
0 0.125 -0.235 -0.5982875546 2
0 0.125 -0.225 -0.6004007915 2
0 0.125 -0.215 -0.6024244239 2
0 0.125 -0.205 -0.6043581497 2
0 0.125 -0.195 -0.6062016804 2
0 0.125 -0.185 -0.6079547407 2
0 0.125 -0.175 -0.6096170692 2
0 0.125 -0.165 -0.6111884177 2
0 0.125 -0.155 -0.6126685517 2
0 0.125 -0.145 -0.6140572502 2
0 0.125 -0.135 -0.6153543061 2
0 0.125 -0.125 -0.6165595258 2
0 0.125 -0.115 -0.6176727294 2
0 0.125 -0.105 -0.6186937507 2
0 0.125 -0.095 -0.6196224374 2
0 0.125 -0.085 -0.620458651 2
0 0.125 -0.075 -0.6212022665 2
0 0.125 -0.065 -0.621853173 2
0 0.125 -0.055 -0.6224112734 2
0 0.125 -0.045 -0.6228764843 2
0 0.125 -0.035 -0.6232487364 2
0 0.125 -0.025 -0.6235279741 2
0 0.125 -0.015 -0.6237141558 2
0 0.125 -0.005 -0.6238072535 2
0 0.125 0.005 -0.6238072535 2
0 0.125 0.015 -0.6237141558 2
0 0.125 0.025 -0.6235279741 2
0 0.125 0.035 -0.6232487364 2
0 0.125 0.045 -0.6228764843 2
0 0.125 0.055 -0.6224112734 1
0 0.125 0.065 -0.621853173 1
0 0.125 0.075 -0.6212022665 1
0 0.125 0.085 -0.620458651 1
0 0.125 0.095 -0.6196224374 1
0 0.125 0.105 -0.6186937507 1
0 0.125 0.115 -0.6176727294 1
0 0.125 0.125 -0.6165595258 1
0 0.125 0.135 -0.6153543061 1
0 0.125 0.145 -0.6140572502 1
0 0.125 0.155 -0.6126685517 1
0 0.125 0.165 -0.6111884177 1
0 0.125 0.175 -0.6096170692 1
0 0.125 0.185 -0.6079547407 1
0 0.125 0.195 -0.6062016804 1
0 0.125 0.205 -0.6043581497 1
0 0.125 0.215 -0.6024244239 2
0 0.125 0.225 -0.6004007915 2
0 0.125 0.235 -0.5982875546 2
0 0.125 0.245 -0.5960850285 2
0 0.125 0.255 -0.5937935419 2
0 0.125 0.265 -0.5914134369 2
0 0.125 0.275 -0.5889450686 2
0 0.125 0.285 -0.5863888054 2
0 0.125 0.295 -0.5837450288 2
0 0.125 0.305 -0.5810141334 1
0 0.125 0.315 -0.5781965267 1
0 0.125 0.325 -0.5752926293 1
0 0.125 0.335 -0.5723028745 1
0 0.125 0.345 -0.5692277086 1
0 0.125 0.355 -0.5660675903 1
0 0.125 0.365 -0.5628229915 1
0 0.125 0.375 -0.5594943963 1
0 0.125 0.385 -0.5560823014 1
0 0.125 0.395 -0.5525872161 2
0 0.125 0.405 -0.5490096621 2
0 0.125 0.415 -0.5453501731 2
0 0.125 0.425 -0.5416092955 2
0 0.125 0.435 -0.5377875874 2
0 0.125 0.445 -0.5338856192 2
0 0.125 0.455 -0.5299039733 2
0 0.125 0.465 -0.5258432438 2
0 0.125 0.475 -0.5217040369 2
0 0.125 0.485 -0.5174869702 2
0 0.125 0.495 -0.5131926731 2
0 0.125 0.505 0 2
0 0.125 0.515 0 2
0 0.125 0.525 0 2
0 0.125 0.535 0 2
0 0.125 0.545 0 2
0 0.125 0.555 0 2
0 0.125 0.565 0 2
0 0.135 -0.555 0 1
0 0.135 -0.545 0 1
0 0.135 -0.535 0 1
0 0.135 -0.525 0 1
0 0.135 -0.515 0 1
0 0.135 -0.505 0 1
0 0.135 -0.495 -0.4657625216 1
0 0.135 -0.485 -0.4696599324 2
0 0.135 -0.475 -0.4734872505 2
0 0.135 -0.465 -0.4772439048 1
0 0.135 -0.455 -0.4809293346 1
0 0.135 -0.445 -0.48454299 1
0 0.135 -0.435 -0.4880843315 1
0 0.135 -0.425 -0.4915528308 1
0 0.135 -0.415 -0.4949479701 1
0 0.135 -0.405 -0.4982692427 1
0 0.135 -0.395 -0.5015161531 1
0 0.135 -0.385 -0.5046882165 1
0 0.135 -0.375 -0.5077849597 1
0 0.135 -0.365 -0.5108059204 1
0 0.135 -0.355 -0.5137506479 2
0 0.135 -0.345 -0.5166187025 1
0 0.135 -0.335 -0.5194096563 1
0 0.135 -0.325 -0.5221230928 1
0 0.135 -0.315 -0.524758607 2
0 0.135 -0.305 -0.5273158056 2
0 0.135 -0.295 -0.529794307 2
0 0.135 -0.285 -0.5321937412 2
0 0.135 -0.275 -0.5345137501 2
0 0.135 -0.265 -0.5367539875 2
0 0.135 -0.255 -0.5389141192 2
0 0.135 -0.245 -0.5409938226 2
0 0.135 -0.235 -0.5429927874 2
0 0.135 -0.225 -0.5449107154 2
0 0.135 -0.215 -0.5467473202 2
0 0.135 -0.205 -0.5485023277 2
0 0.135 -0.195 -0.5501754761 2
0 0.135 -0.185 -0.5517665156 2
0 0.135 -0.175 -0.5532752088 2
0 0.135 -0.165 -0.5547013306 2
0 0.135 -0.155 -0.556044668 2
0 0.135 -0.145 -0.5573050206 2
0 0.135 -0.135 -0.5584822004 2
0 0.135 -0.125 -0.5595760316 2
0 0.135 -0.115 -0.560586351 2
0 0.135 -0.105 -0.5615130078 2
0 0.135 -0.095 -0.5623558637 2
0 0.135 -0.085 -0.5631147929 2
0 0.135 -0.075 -0.5637896822 2
0 0.135 -0.065 -0.5643804308 2
0 0.135 -0.055 -0.5648869506 2
0 0.135 -0.045 -0.5653091659 2
0 0.135 -0.035 -0.5656470138 2
0 0.135 -0.025 -0.5659004439 2
0 0.135 -0.015 -0.5660694183 2
0 0.135 -0.005 -0.5661539118 2
0 0.135 0.005 -0.5661539118 2
0 0.135 0.015 -0.5660694183 2
0 0.135 0.025 -0.5659004439 2
0 0.135 0.035 -0.5656470138 2
0 0.135 0.045 -0.5653091659 2
0 0.135 0.055 -0.5648869506 2
0 0.135 0.065 -0.5643804308 1
0 0.135 0.075 -0.5637896822 1
0 0.135 0.085 -0.5631147929 1
0 0.135 0.095 -0.5623558637 1
0 0.135 0.105 -0.5615130078 1
0 0.135 0.115 -0.560586351 1
0 0.135 0.125 -0.5595760316 1
0 0.135 0.135 -0.5584822004 1
0 0.135 0.145 -0.5573050206 1
0 0.135 0.155 -0.556044668 1
0 0.135 0.165 -0.5547013306 1
0 0.135 0.175 -0.5532752088 1
0 0.135 0.185 -0.5517665156 1
0 0.135 0.195 -0.5501754761 1
0 0.135 0.205 -0.5485023277 1
0 0.135 0.215 -0.5467473202 1
0 0.135 0.225 -0.5449107154 2
0 0.135 0.235 -0.5429927874 2
0 0.135 0.245 -0.5409938226 2
0 0.135 0.255 -0.5389141192 2
0 0.135 0.265 -0.5367539875 2
0 0.135 0.275 -0.5345137501 2
0 0.135 0.285 -0.5321937412 2
0 0.135 0.295 -0.529794307 2
0 0.135 0.305 -0.5273158056 2
0 0.135 0.315 -0.524758607 1
0 0.135 0.325 -0.5221230928 1
0 0.135 0.335 -0.5194096563 1
0 0.135 0.345 -0.5166187025 1
0 0.135 0.355 -0.5137506479 1
0 0.135 0.365 -0.5108059204 1
0 0.135 0.375 -0.5077849597 1
0 0.135 0.385 -0.5046882165 1
0 0.135 0.395 -0.5015161531 2
0 0.135 0.405 -0.4982692427 2
0 0.135 0.415 -0.4949479701 2
0 0.135 0.425 -0.4915528308 2
0 0.135 0.435 -0.4880843315 2
0 0.135 0.445 -0.48454299 2
0 0.135 0.455 -0.4809293346 2
0 0.135 0.465 -0.4772439048 2
0 0.135 0.475 -0.4734872505 2
0 0.135 0.485 -0.4696599324 2
0 0.135 0.495 -0.4657625216 2
0 0.135 0.505 0 2
0 0.135 0.515 0 2
0 0.135 0.525 0 2
0 0.135 0.535 0 2
0 0.135 0.545 0 1
0 0.135 0.555 0 1
0 0.135 0.565 0 1
0 0.145 -0.555 0 1
0 0.145 -0.545 0 1
0 0.145 -0.535 0 1
0 0.145 -0.525 0 1
0 0.145 -0.515 0 1
0 0.145 -0.505 0 1
0 0.145 -0.495 -0.4159340109 1
0 0.145 -0.485 -0.4194144663 1
0 0.145 -0.475 -0.4228323277 2
0 0.145 -0.465 -0.4261870852 1
0 0.145 -0.455 -0.4294782379 1
0 0.145 -0.445 -0.4327052948 1
0 0.145 -0.435 -0.4358677743 1
0 0.145 -0.425 -0.4389652043 1
0 0.145 -0.415 -0.4419971226 1
0 0.145 -0.405 -0.4449630767 1
0 0.145 -0.395 -0.4478626239 1
0 0.145 -0.385 -0.4506953316 1
0 0.145 -0.375 -0.453460777 1
0 0.145 -0.365 -0.4561585473 1
0 0.145 -0.355 -0.45878824 2
0 0.145 -0.345 -0.4613494625 2
0 0.145 -0.335 -0.4638418327 2
0 0.145 -0.325 -0.4662649786 2
0 0.145 -0.315 -0.4686185385 2
0 0.145 -0.305 -0.4709021612 2
0 0.145 -0.295 -0.4731155059 2
0 0.145 -0.285 -0.4752582422 2
0 0.145 -0.275 -0.4773300504 2
0 0.145 -0.265 -0.4793306213 2
0 0.145 -0.255 -0.4812596563 2
0 0.145 -0.245 -0.4831168676 2
0 0.145 -0.235 -0.4849019779 2
0 0.145 -0.225 -0.4866147208 2
0 0.145 -0.215 -0.4882548407 2
0 0.145 -0.205 -0.4898220929 2
0 0.145 -0.195 -0.4913162434 2
0 0.145 -0.185 -0.4927370693 2
0 0.145 -0.175 -0.4940843585 2
0 0.145 -0.165 -0.49535791 2
0 0.145 -0.155 -0.4965575336 2
0 0.145 -0.145 -0.4976830504 2
0 0.145 -0.135 -0.4987342923 2
0 0.145 -0.125 -0.4997111025 2
0 0.145 -0.115 -0.5006133353 2
0 0.145 -0.105 -0.5014408559 2
0 0.145 -0.095 -0.5021935408 2
0 0.145 -0.085 -0.5028712777 2
0 0.145 -0.075 -0.5034739656 2
0 0.145 -0.065 -0.5040015143 2
0 0.145 -0.055 -0.5044538453 2
0 0.145 -0.045 -0.5048308909 2
0 0.145 -0.035 -0.505132595 2
0 0.145 -0.025 -0.5053589124 2
0 0.145 -0.015 -0.5055098095 2
0 0.145 -0.005 -0.5055852637 2
0 0.145 0.005 -0.5055852637 2
0 0.145 0.015 -0.5055098095 2
0 0.145 0.025 -0.5053589124 2
0 0.145 0.035 -0.505132595 2
0 0.145 0.045 -0.5048308909 2
0 0.145 0.055 -0.5044538453 2
0 0.145 0.065 -0.5040015143 2
0 0.145 0.075 -0.5034739656 2
0 0.145 0.085 -0.5028712777 1
0 0.145 0.095 -0.5021935408 1
0 0.145 0.105 -0.5014408559 1
0 0.145 0.115 -0.5006133353 1
0 0.145 0.125 -0.4997111025 1
0 0.145 0.135 -0.4987342923 1
0 0.145 0.145 -0.4976830504 1
0 0.145 0.155 -0.4965575336 1
0 0.145 0.165 -0.49535791 1
0 0.145 0.175 -0.4940843585 1
0 0.145 0.185 -0.4927370693 1
0 0.145 0.195 -0.4913162434 1
0 0.145 0.205 -0.4898220929 1
0 0.145 0.215 -0.4882548407 1
0 0.145 0.225 -0.4866147208 1
0 0.145 0.235 -0.4849019779 2
0 0.145 0.245 -0.4831168676 2
0 0.145 0.255 -0.4812596563 2
0 0.145 0.265 -0.4793306213 2
0 0.145 0.275 -0.4773300504 2
0 0.145 0.285 -0.4752582422 2
0 0.145 0.295 -0.4731155059 2
0 0.145 0.305 -0.4709021612 2
0 0.145 0.315 -0.4686185385 2
0 0.145 0.325 -0.4662649786 1
0 0.145 0.335 -0.4638418327 1
0 0.145 0.345 -0.4613494625 1
0 0.145 0.355 -0.45878824 1
0 0.145 0.365 -0.4561585473 1
0 0.145 0.375 -0.453460777 1
0 0.145 0.385 -0.4506953316 2
0 0.145 0.395 -0.4478626239 2
0 0.145 0.405 -0.4449630767 2
0 0.145 0.415 -0.4419971226 2
0 0.145 0.425 -0.4389652043 2
0 0.145 0.435 -0.4358677743 2
0 0.145 0.445 -0.4327052948 2
0 0.145 0.455 -0.4294782379 2
0 0.145 0.465 -0.4261870852 2
0 0.145 0.475 -0.4228323277 2
0 0.145 0.485 -0.4194144663 2
0 0.145 0.495 -0.4159340109 2
0 0.145 0.505 0 2
0 0.145 0.515 0 2
0 0.145 0.525 0 2
0 0.145 0.535 0 1
0 0.145 0.545 0 1
0 0.145 0.555 0 1
0 0.145 0.565 0 1
0 0.155 -0.555 0 1
0 0.155 -0.545 0 1
0 0.155 -0.535 0 1
0 0.155 -0.525 0 1
0 0.155 -0.515 0 1
0 0.155 -0.505 0 1
0 0.155 -0.495 -0.3639637237 1
0 0.155 -0.485 -0.3670093017 1
0 0.155 -0.475 -0.3700001069 2
0 0.155 -0.465 -0.3729356928 1
0 0.155 -0.455 -0.3758156213 1
0 0.155 -0.445 -0.3786394626 1
0 0.155 -0.435 -0.3814067953 1
0 0.155 -0.425 -0.3841172064 1
0 0.155 -0.415 -0.3867702914 1
0 0.155 -0.405 -0.3893656543 1
0 0.155 -0.395 -0.3919029077 1
0 0.155 -0.385 -0.3943816732 1
0 0.155 -0.375 -0.3968015806 1
0 0.155 -0.365 -0.3991622688 1
0 0.155 -0.355 -0.4014633856 2
0 0.155 -0.345 -0.4037045875 2
0 0.155 -0.335 -0.40588554 2
0 0.155 -0.325 -0.4080059177 2
0 0.155 -0.315 -0.4100654041 2
0 0.155 -0.305 -0.4120636918 2
0 0.155 -0.295 -0.4140004826 2
0 0.155 -0.285 -0.4158754875 2
0 0.155 -0.275 -0.4176884266 2
0 0.155 -0.265 -0.4194390294 2
0 0.155 -0.255 -0.4211270346 2
0 0.155 -0.245 -0.4227521902 2
0 0.155 -0.235 -0.4243142538 2
0 0.155 -0.225 -0.4258129923 2
0 0.155 -0.215 -0.4272481819 2
0 0.155 -0.205 -0.4286196084 2
0 0.155 -0.195 -0.4299270672 2
0 0.155 -0.185 -0.4311703632 2
0 0.155 -0.175 -0.4323493108 2
0 0.155 -0.165 -0.433463734 2
0 0.155 -0.155 -0.4345134666 2
0 0.155 -0.145 -0.4354983519 2
0 0.155 -0.135 -0.4364182428 2
0 0.155 -0.125 -0.4372730022 2
0 0.155 -0.115 -0.4380625024 2
0 0.155 -0.105 -0.4387866256 2
0 0.155 -0.095 -0.4394452637 2
0 0.155 -0.085 -0.4400383186 2
0 0.155 -0.075 -0.4405657015 2
0 0.155 -0.065 -0.4410273339 2
0 0.155 -0.055 -0.4414231468 2
0 0.155 -0.045 -0.4417530812 2
0 0.155 -0.035 -0.4420170878 2
0 0.155 -0.025 -0.4422151273 2
0 0.155 -0.015 -0.44234717 2
0 0.155 -0.005 -0.4424131963 2
0 0.155 0.005 -0.4424131963 2
0 0.155 0.015 -0.44234717 2
0 0.155 0.025 -0.4422151273 2
0 0.155 0.035 -0.4420170878 2
0 0.155 0.045 -0.4417530812 2
0 0.155 0.055 -0.4414231468 2
0 0.155 0.065 -0.4410273339 2
0 0.155 0.075 -0.4405657015 2
0 0.155 0.085 -0.4400383186 2
0 0.155 0.095 -0.4394452637 2
0 0.155 0.105 -0.4387866256 2
0 0.155 0.115 -0.4380625024 2
0 0.155 0.125 -0.4372730022 2
0 0.155 0.135 -0.4364182428 1
0 0.155 0.145 -0.4354983519 1
0 0.155 0.155 -0.4345134666 1
0 0.155 0.165 -0.433463734 1
0 0.155 0.175 -0.4323493108 1
0 0.155 0.185 -0.4311703632 1
0 0.155 0.195 -0.4299270672 1
0 0.155 0.205 -0.4286196084 1
0 0.155 0.215 -0.4272481819 1
0 0.155 0.225 -0.4258129923 1
0 0.155 0.235 -0.4243142538 2
0 0.155 0.245 -0.4227521902 2
0 0.155 0.255 -0.4211270346 2
0 0.155 0.265 -0.4194390294 2
0 0.155 0.275 -0.4176884266 2
0 0.155 0.285 -0.4158754875 2
0 0.155 0.295 -0.4140004826 2
0 0.155 0.305 -0.4120636918 2
0 0.155 0.315 -0.4100654041 2
0 0.155 0.325 -0.4080059177 1
0 0.155 0.335 -0.40588554 1
0 0.155 0.345 -0.4037045875 1
0 0.155 0.355 -0.4014633856 1
0 0.155 0.365 -0.3991622688 1
0 0.155 0.375 -0.3968015806 1
0 0.155 0.385 -0.3943816732 2
0 0.155 0.395 -0.3919029077 2
0 0.155 0.405 -0.3893656543 2
0 0.155 0.415 -0.3867702914 2
0 0.155 0.425 -0.3841172064 2
0 0.155 0.435 -0.3814067953 2
0 0.155 0.445 -0.3786394626 2
0 0.155 0.455 -0.3758156213 2
0 0.155 0.465 -0.3729356928 2
0 0.155 0.475 -0.3700001069 2
0 0.155 0.485 -0.3670093017 2
0 0.155 0.495 -0.3639637237 2
0 0.155 0.505 0 2
0 0.155 0.515 0 2
0 0.155 0.525 0 2
0 0.155 0.535 0 1
0 0.155 0.545 0 1
0 0.155 0.555 0 1
0 0.155 0.565 0 1
0 0.165 -0.555 0 1
0 0.165 -0.545 0 1
0 0.165 -0.535 0 1
0 0.165 -0.525 0 1
0 0.165 -0.515 0 1
0 0.165 -0.505 0 1
0 0.165 -0.495 -0.3101192716 1
0 0.165 -0.485 -0.3127142897 1
0 0.165 -0.475 -0.3152626379 2
0 0.165 -0.465 -0.317763936 2
0 0.165 -0.455 -0.3202178106 1
0 0.165 -0.445 -0.3226238954 1
0 0.165 -0.435 -0.3249818315 1
0 0.165 -0.425 -0.327291267 1
0 0.165 -0.415 -0.329551857 1
0 0.165 -0.405 -0.3317632644 1
0 0.165 -0.395 -0.3339251589 1
0 0.165 -0.385 -0.3360372181 1
0 0.165 -0.375 -0.3380991267 1
0 0.165 -0.365 -0.3401105769 1
0 0.165 -0.355 -0.3420712687 1
0 0.165 -0.345 -0.3439809093 1
0 0.165 -0.335 -0.3458392137 1
0 0.165 -0.325 -0.3476459047 1
0 0.165 -0.315 -0.3494007126 1
0 0.165 -0.305 -0.3511033755 2
0 0.165 -0.295 -0.3527536393 2
0 0.165 -0.285 -0.3543512577 2
0 0.165 -0.275 -0.3558959923 2
0 0.165 -0.265 -0.3573876126 2
0 0.165 -0.255 -0.3588258958 2
0 0.165 -0.245 -0.3602106275 2
0 0.165 -0.235 -0.3615416009 2
0 0.165 -0.225 -0.3628186174 2
0 0.165 -0.215 -0.3640414863 2
0 0.165 -0.205 -0.3652100253 2
0 0.165 -0.195 -0.3663240599 2
0 0.165 -0.185 -0.3673834238 2
0 0.165 -0.175 -0.368387959 2
0 0.165 -0.165 -0.3693375155 2
0 0.165 -0.155 -0.3702319517 2
0 0.165 -0.145 -0.3710711339 2
0 0.165 -0.135 -0.3718549371 2
0 0.165 -0.125 -0.3725832441 2
0 0.165 -0.115 -0.3732559464 2
0 0.165 -0.105 -0.3738729435 2
0 0.165 -0.095 -0.3744341434 2
0 0.165 -0.085 -0.3749394622 2
0 0.165 -0.075 -0.3753888246 2
0 0.165 -0.065 -0.3757821635 2
0 0.165 -0.055 -0.3761194203 2
0 0.165 -0.045 -0.3764005445 2
0 0.165 -0.035 -0.3766254942 2
0 0.165 -0.025 -0.3767942359 2
0 0.165 -0.015 -0.3769067443 2
0 0.165 -0.005 -0.3769630028 2
0 0.165 0.005 -0.3769630028 2
0 0.165 0.015 -0.3769067443 2
0 0.165 0.025 -0.3767942359 2
0 0.165 0.035 -0.3766254942 2
0 0.165 0.045 -0.3764005445 2
0 0.165 0.055 -0.3761194203 2
0 0.165 0.065 -0.3757821635 2
0 0.165 0.075 -0.3753888246 2
0 0.165 0.085 -0.3749394622 2
0 0.165 0.095 -0.3744341434 2
0 0.165 0.105 -0.3738729435 2
0 0.165 0.115 -0.3732559464 2
0 0.165 0.125 -0.3725832441 2
0 0.165 0.135 -0.3718549371 2
0 0.165 0.145 -0.3710711339 1
0 0.165 0.155 -0.3702319517 1
0 0.165 0.165 -0.3693375155 1
0 0.165 0.175 -0.368387959 1
0 0.165 0.185 -0.3673834238 1
0 0.165 0.195 -0.3663240599 1
0 0.165 0.205 -0.3652100253 1
0 0.165 0.215 -0.3640414863 1
0 0.165 0.225 -0.3628186174 1
0 0.165 0.235 -0.3615416009 2
0 0.165 0.245 -0.3602106275 2
0 0.165 0.255 -0.3588258958 2
0 0.165 0.265 -0.3573876126 2
0 0.165 0.275 -0.3558959923 2
0 0.165 0.285 -0.3543512577 2
0 0.165 0.295 -0.3527536393 2
0 0.165 0.305 -0.3511033755 2
0 0.165 0.315 -0.3494007126 2
0 0.165 0.325 -0.3476459047 2
0 0.165 0.335 -0.3458392137 1
0 0.165 0.345 -0.3439809093 1
0 0.165 0.355 -0.3420712687 1
0 0.165 0.365 -0.3401105769 1
0 0.165 0.375 -0.3380991267 2
0 0.165 0.385 -0.3360372181 2
0 0.165 0.395 -0.3339251589 2
0 0.165 0.405 -0.3317632644 2
0 0.165 0.415 -0.329551857 2
0 0.165 0.425 -0.327291267 2
0 0.165 0.435 -0.3249818315 2
0 0.165 0.445 -0.3226238954 2
0 0.165 0.455 -0.3202178106 2
0 0.165 0.465 -0.317763936 2
0 0.165 0.475 -0.3152626379 2
0 0.165 0.485 -0.3127142897 2
0 0.165 0.495 -0.3101192716 2
0 0.165 0.505 0 2
0 0.165 0.515 0 2
0 0.165 0.525 0 2
0 0.165 0.535 0 1
0 0.165 0.545 0 1
0 0.165 0.555 0 1
0 0.165 0.565 0 1
0 0.175 -0.555 0 1
0 0.175 -0.545 0 1
0 0.175 -0.535 0 1
0 0.175 -0.525 0 1
0 0.175 -0.515 0 1
0 0.175 -0.505 0 1
0 0.175 -0.495 -0.2546779168 1
0 0.175 -0.485 -0.2568090123 1
0 0.175 -0.475 -0.2589017814 2
0 0.175 -0.465 -0.2609559117 2
0 0.175 -0.455 -0.2629710965 2
0 0.175 -0.445 -0.2649470353 2
0 0.175 -0.435 -0.266883433 1
0 0.175 -0.425 -0.2687800007 1
0 0.175 -0.415 -0.2706364554 1
0 0.175 -0.405 -0.27245252 1
0 0.175 -0.395 -0.2742279233 1
0 0.175 -0.385 -0.2759624006 1
0 0.175 -0.375 -0.277655693 1
0 0.175 -0.365 -0.2793075476 1
0 0.175 -0.355 -0.280917718 1
0 0.175 -0.345 -0.282485964 1
0 0.175 -0.335 -0.2840120514 1
0 0.175 -0.325 -0.2854957524 1
0 0.175 -0.315 -0.2869368458 1
0 0.175 -0.305 -0.2883351163 2
0 0.175 -0.295 -0.2896903554 2
0 0.175 -0.285 -0.2910023607 2
0 0.175 -0.275 -0.2922709364 2
0 0.175 -0.265 -0.2934958933 2
0 0.175 -0.255 -0.2946770485 2
0 0.175 -0.245 -0.2958142257 2
0 0.175 -0.235 -0.2969072553 2
0 0.175 -0.225 -0.297955974 2
0 0.175 -0.215 -0.2989602255 2
0 0.175 -0.205 -0.2999198597 2
0 0.175 -0.195 -0.3008347336 2
0 0.175 -0.185 -0.3017047105 2
0 0.175 -0.175 -0.3025296606 2
0 0.175 -0.165 -0.3033094608 2
0 0.175 -0.155 -0.3040439947 2
0 0.175 -0.145 -0.3047331528 2
0 0.175 -0.135 -0.305376832 2
0 0.175 -0.125 -0.3059749365 2
0 0.175 -0.115 -0.3065273769 2
0 0.175 -0.105 -0.3070340708 2
0 0.175 -0.095 -0.3074949425 2
0 0.175 -0.085 -0.3079099234 2
0 0.175 -0.075 -0.3082789513 2
0 0.175 -0.065 -0.3086019714 2
0 0.175 -0.055 -0.3088789353 2
0 0.175 -0.045 -0.3091098017 2
0 0.175 -0.035 -0.3092945362 2
0 0.175 -0.025 -0.3094331112 2
0 0.175 -0.015 -0.309525506 2
0 0.175 -0.005 -0.3095717069 2
0 0.175 0.005 -0.3095717069 2
0 0.175 0.015 -0.309525506 2
0 0.175 0.025 -0.3094331112 2
0 0.175 0.035 -0.3092945362 2
0 0.175 0.045 -0.3091098017 2
0 0.175 0.055 -0.3088789353 2
0 0.175 0.065 -0.3086019714 2
0 0.175 0.075 -0.3082789513 2
0 0.175 0.085 -0.3079099234 2
0 0.175 0.095 -0.3074949425 2
0 0.175 0.105 -0.3070340708 2
0 0.175 0.115 -0.3065273769 2
0 0.175 0.125 -0.3059749365 2
0 0.175 0.135 -0.305376832 2
0 0.175 0.145 -0.3047331528 2
0 0.175 0.155 -0.3040439947 1
0 0.175 0.165 -0.3033094608 1
0 0.175 0.175 -0.3025296606 1
0 0.175 0.185 -0.3017047105 1
0 0.175 0.195 -0.3008347336 1
0 0.175 0.205 -0.2999198597 1
0 0.175 0.215 -0.2989602255 1
0 0.175 0.225 -0.297955974 1
0 0.175 0.235 -0.2969072553 2
0 0.175 0.245 -0.2958142257 2
0 0.175 0.255 -0.2946770485 2
0 0.175 0.265 -0.2934958933 2
0 0.175 0.275 -0.2922709364 2
0 0.175 0.285 -0.2910023607 2
0 0.175 0.295 -0.2896903554 2
0 0.175 0.305 -0.2883351163 2
0 0.175 0.315 -0.2869368458 2
0 0.175 0.325 -0.2854957524 2
0 0.175 0.335 -0.2840120514 2
0 0.175 0.345 -0.282485964 2
0 0.175 0.355 -0.280917718 2
0 0.175 0.365 -0.2793075476 2
0 0.175 0.375 -0.277655693 2
0 0.175 0.385 -0.2759624006 2
0 0.175 0.395 -0.2742279233 2
0 0.175 0.405 -0.27245252 2
0 0.175 0.415 -0.2706364554 2
0 0.175 0.425 -0.2687800007 2
0 0.175 0.435 -0.266883433 2
0 0.175 0.445 -0.2649470353 2
0 0.175 0.455 -0.2629710965 2
0 0.175 0.465 -0.2609559117 2
0 0.175 0.475 -0.2589017814 2
0 0.175 0.485 -0.2568090123 2
0 0.175 0.495 -0.2546779168 2
0 0.175 0.505 0 2
0 0.175 0.515 0 2
0 0.175 0.525 0 2
0 0.175 0.535 0 2
0 0.175 0.545 0 1
0 0.175 0.555 0 1
0 0.175 0.565 0 1
0 0.185 -0.555 0 2
0 0.185 -0.545 0 2
0 0.185 -0.535 0 1
0 0.185 -0.525 0 1
0 0.185 -0.515 0 1
0 0.185 -0.505 0 1
0 0.185 -0.495 -0.1979251444 2
0 0.185 -0.485 -0.1995813437 2
0 0.185 -0.475 -0.2012077573 2
0 0.185 -0.465 -0.2028041424 2
0 0.185 -0.455 -0.2043702608 2
0 0.185 -0.445 -0.2059058786 2
0 0.185 -0.435 -0.2074107669 2
0 0.185 -0.425 -0.2088847009 2
0 0.185 -0.415 -0.2103274607 2
0 0.185 -0.405 -0.2117388309 2
0 0.185 -0.395 -0.213118601 2
0 0.185 -0.385 -0.214466565 1
0 0.185 -0.375 -0.2157825218 1
0 0.185 -0.365 -0.2170662749 1
0 0.185 -0.355 -0.2183176328 1
0 0.185 -0.345 -0.2195364087 1
0 0.185 -0.335 -0.2207224207 1
0 0.185 -0.325 -0.2218754918 1
0 0.185 -0.315 -0.2229954499 1
0 0.185 -0.305 -0.224082128 2
0 0.185 -0.295 -0.2251353637 2
0 0.185 -0.285 -0.226155 2
0 0.185 -0.275 -0.2271408846 2
0 0.185 -0.265 -0.2280928704 2
0 0.185 -0.255 -0.2290108154 2
0 0.185 -0.245 -0.2298945825 2
0 0.185 -0.235 -0.2307440399 2
0 0.185 -0.225 -0.2315590607 2
0 0.185 -0.215 -0.2323395234 2
0 0.185 -0.205 -0.2330853114 2
0 0.185 -0.195 -0.2337963136 2
0 0.185 -0.185 -0.2344724236 2
0 0.185 -0.175 -0.2351135407 2
0 0.185 -0.165 -0.2357195692 2
0 0.185 -0.155 -0.2362904186 2
0 0.185 -0.145 -0.2368260037 2
0 0.185 -0.135 -0.2373262447 2
0 0.185 -0.125 -0.2377910667 2
0 0.185 -0.115 -0.2382204006 2
0 0.185 -0.105 -0.2386141821 2
0 0.185 -0.095 -0.2389723525 2
0 0.185 -0.085 -0.2392948585 2
0 0.185 -0.075 -0.2395816517 2
0 0.185 -0.065 -0.2398326895 2
0 0.185 -0.055 -0.2400479344 2
0 0.185 -0.045 -0.2402273543 2
0 0.185 -0.035 -0.2403709223 2
0 0.185 -0.025 -0.2404786171 2
0 0.185 -0.015 -0.2405504225 2
0 0.185 -0.005 -0.2405863279 2
0 0.185 0.005 -0.2405863279 2
0 0.185 0.015 -0.2405504225 2
0 0.185 0.025 -0.2404786171 2
0 0.185 0.035 -0.2403709223 2
0 0.185 0.045 -0.2402273543 2
0 0.185 0.055 -0.2400479344 2
0 0.185 0.065 -0.2398326895 2
0 0.185 0.075 -0.2395816517 2
0 0.185 0.085 -0.2392948585 2
0 0.185 0.095 -0.2389723525 2
0 0.185 0.105 -0.2386141821 2
0 0.185 0.115 -0.2382204006 2
0 0.185 0.125 -0.2377910667 2
0 0.185 0.135 -0.2373262447 2
0 0.185 0.145 -0.2368260037 2
0 0.185 0.155 -0.2362904186 2
0 0.185 0.165 -0.2357195692 2
0 0.185 0.175 -0.2351135407 2
0 0.185 0.185 -0.2344724236 1
0 0.185 0.195 -0.2337963136 1
0 0.185 0.205 -0.2330853114 1
0 0.185 0.215 -0.2323395234 2
0 0.185 0.225 -0.2315590607 2
0 0.185 0.235 -0.2307440399 2
0 0.185 0.245 -0.2298945825 2
0 0.185 0.255 -0.2290108154 2
0 0.185 0.265 -0.2280928704 2
0 0.185 0.275 -0.2271408846 2
0 0.185 0.285 -0.226155 2
0 0.185 0.295 -0.2251353637 2
0 0.185 0.305 -0.224082128 2
0 0.185 0.315 -0.2229954499 2
0 0.185 0.325 -0.2218754918 2
0 0.185 0.335 -0.2207224207 2
0 0.185 0.345 -0.2195364087 2
0 0.185 0.355 -0.2183176328 2
0 0.185 0.365 -0.2170662749 2
0 0.185 0.375 -0.2157825218 2
0 0.185 0.385 -0.214466565 2
0 0.185 0.395 -0.213118601 2
0 0.185 0.405 -0.2117388309 2
0 0.185 0.415 -0.2103274607 2
0 0.185 0.425 -0.2088847009 2
0 0.185 0.435 -0.2074107669 2
0 0.185 0.445 -0.2059058786 2
0 0.185 0.455 -0.2043702608 2
0 0.185 0.465 -0.2028041424 2
0 0.185 0.475 -0.2012077573 2
0 0.185 0.485 -0.1995813437 2
0 0.185 0.495 -0.1979251444 2
0 0.185 0.505 0 2
0 0.185 0.515 0 2
0 0.185 0.525 0 2
0 0.185 0.535 0 2
0 0.185 0.545 0 1
0 0.185 0.555 0 1
0 0.185 0.565 0 1
0 0.195 -0.555 0 2
0 0.195 -0.545 0 2
0 0.195 -0.535 0 2
0 0.195 -0.525 0 2
0 0.195 -0.515 0 2
0 0.195 -0.505 0 2
0 0.195 -0.495 -0.1401531926 2
0 0.195 -0.485 -0.1413259674 2
0 0.195 -0.475 -0.1424776505 2
0 0.195 -0.465 -0.1436080702 2
0 0.195 -0.455 -0.1447170575 2
0 0.195 -0.445 -0.1458044472 2
0 0.195 -0.435 -0.1468700768 2
0 0.195 -0.425 -0.1479137873 2
0 0.195 -0.415 -0.148935423 2
0 0.195 -0.405 -0.1499348313 2
0 0.195 -0.395 -0.1509118633 2
0 0.195 -0.385 -0.1518663729 1
0 0.195 -0.375 -0.1527982178 1
0 0.195 -0.365 -0.153707259 1
0 0.195 -0.355 -0.1545933606 1
0 0.195 -0.345 -0.1554563906 1
0 0.195 -0.335 -0.1562962201 1
0 0.195 -0.325 -0.1571127237 1
0 0.195 -0.315 -0.1579057796 1
0 0.195 -0.305 -0.1586752695 2
0 0.195 -0.295 -0.1594210785 2
0 0.195 -0.285 -0.1601430953 2
0 0.195 -0.275 -0.1608412121 2
0 0.195 -0.265 -0.1615153248 2
0 0.195 -0.255 -0.1621653328 2
0 0.195 -0.245 -0.162791139 2
0 0.195 -0.235 -0.16339265 2
0 0.195 -0.225 -0.1639697762 2
0 0.195 -0.215 -0.1645224312 2
0 0.195 -0.205 -0.1650505328 2
0 0.195 -0.195 -0.165554002 2
0 0.195 -0.185 -0.1660327637 2
0 0.195 -0.175 -0.1664867465 2
0 0.195 -0.165 -0.1669158826 2
0 0.195 -0.155 -0.167320108 2
0 0.195 -0.145 -0.1676993623 2
0 0.195 -0.135 -0.168053589 2
0 0.195 -0.125 -0.1683827351 2
0 0.195 -0.115 -0.1686867516 2
0 0.195 -0.105 -0.1689655931 2
0 0.195 -0.095 -0.1692192179 2
0 0.195 -0.085 -0.1694475883 2
0 0.195 -0.075 -0.1696506701 2
0 0.195 -0.065 -0.169828433 2
0 0.195 -0.055 -0.1699808505 2
0 0.195 -0.045 -0.1701078999 2
0 0.195 -0.035 -0.1702095621 2
0 0.195 -0.025 -0.1702858221 2
0 0.195 -0.015 -0.1703366684 2
0 0.195 -0.005 -0.1703620934 2
0 0.195 0.005 -0.1703620934 2
0 0.195 0.015 -0.1703366684 2
0 0.195 0.025 -0.1702858221 2
0 0.195 0.035 -0.1702095621 2
0 0.195 0.045 -0.1701078999 2
0 0.195 0.055 -0.1699808505 2
0 0.195 0.065 -0.169828433 2
0 0.195 0.075 -0.1696506701 2
0 0.195 0.085 -0.1694475883 2
0 0.195 0.095 -0.1692192179 2
0 0.195 0.105 -0.1689655931 2
0 0.195 0.115 -0.1686867516 2
0 0.195 0.125 -0.1683827351 2
0 0.195 0.135 -0.168053589 2
0 0.195 0.145 -0.1676993623 2
0 0.195 0.155 -0.167320108 2
0 0.195 0.165 -0.1669158826 2
0 0.195 0.175 -0.1664867465 2
0 0.195 0.185 -0.1660327637 2
0 0.195 0.195 -0.165554002 2
0 0.195 0.205 -0.1650505328 2
0 0.195 0.215 -0.1645224312 2
0 0.195 0.225 -0.1639697762 2
0 0.195 0.235 -0.16339265 2
0 0.195 0.245 -0.162791139 2
0 0.195 0.255 -0.1621653328 2
0 0.195 0.265 -0.1615153248 2
0 0.195 0.275 -0.1608412121 2
0 0.195 0.285 -0.1601430953 2
0 0.195 0.295 -0.1594210785 2
0 0.195 0.305 -0.1586752695 2
0 0.195 0.315 -0.1579057796 2
0 0.195 0.325 -0.1571127237 2
0 0.195 0.335 -0.1562962201 2
0 0.195 0.345 -0.1554563906 2
0 0.195 0.355 -0.1545933606 2
0 0.195 0.365 -0.153707259 2
0 0.195 0.375 -0.1527982178 2
0 0.195 0.385 -0.1518663729 2
0 0.195 0.395 -0.1509118633 2
0 0.195 0.405 -0.1499348313 2
0 0.195 0.415 -0.148935423 2
0 0.195 0.425 -0.1479137873 2
0 0.195 0.435 -0.1468700768 2
0 0.195 0.445 -0.1458044472 2
0 0.195 0.455 -0.1447170575 2
0 0.195 0.465 -0.1436080702 2
0 0.195 0.475 -0.1424776505 2
0 0.195 0.485 -0.1413259674 2
0 0.195 0.495 -0.1401531926 2
0 0.195 0.505 0 2
0 0.195 0.515 0 2
0 0.195 0.525 0 2
0 0.195 0.535 0 2
0 0.195 0.545 0 2
0 0.195 0.555 0 1
0 0.195 0.565 0 1
0 0.205 -0.555 0 2
0 0.205 -0.545 0 2
0 0.205 -0.535 0 2
0 0.205 -0.525 0 2
0 0.205 -0.515 0 2
0 0.205 -0.505 0 2
0 0.205 -0.495 -0.08165954739 2
0 0.205 -0.485 -0.08234285869 2
0 0.205 -0.475 -0.08301388105 2
0 0.205 -0.465 -0.08367251431 2
0 0.205 -0.455 -0.08431866019 2
0 0.205 -0.445 -0.08495222224 2
0 0.205 -0.435 -0.08557310592 2
0 0.205 -0.425 -0.08618121857 2
0 0.205 -0.415 -0.08677646942 2
0 0.205 -0.405 -0.08735876965 2
0 0.205 -0.395 -0.08792803234 1
0 0.205 -0.385 -0.08848417255 1
0 0.205 -0.375 -0.08902710728 1
0 0.205 -0.365 -0.08955675549 1
0 0.205 -0.355 -0.09007303814 1
0 0.205 -0.345 -0.09057587817 1
0 0.205 -0.335 -0.09106520056 1
0 0.205 -0.325 -0.09154093226 1
0 0.205 -0.315 -0.09200300228 1
0 0.205 -0.305 -0.09245134166 2
0 0.205 -0.295 -0.09288588348 2
0 0.205 -0.285 -0.09330656291 2
0 0.205 -0.275 -0.09371331715 2
0 0.205 -0.265 -0.0941060855 2
0 0.205 -0.255 -0.09448480934 2
0 0.205 -0.245 -0.09484943215 2
0 0.205 -0.235 -0.09519989951 2
0 0.205 -0.225 -0.09553615913 2
0 0.205 -0.215 -0.09585816081 2
0 0.205 -0.205 -0.09616585651 2
0 0.205 -0.195 -0.09645920029 2
0 0.205 -0.185 -0.09673814838 2
0 0.205 -0.175 -0.09700265916 2
0 0.205 -0.165 -0.09725269313 2
0 0.205 -0.155 -0.097488213 2
0 0.205 -0.145 -0.09770918361 2
0 0.205 -0.135 -0.09791557197 2
0 0.205 -0.125 -0.0981073473 2
0 0.205 -0.115 -0.09828448097 2
0 0.205 -0.105 -0.09844694654 2
0 0.205 -0.095 -0.09859471976 2
0 0.205 -0.085 -0.0987277786 2
0 0.205 -0.075 -0.09884610317 2
0 0.205 -0.065 -0.09894967583 2
0 0.205 -0.055 -0.09903848112 2
0 0.205 -0.045 -0.09911250579 2
0 0.205 -0.035 -0.09917173878 2
0 0.205 -0.025 -0.09921617127 2
0 0.205 -0.015 -0.09924579661 2
0 0.205 -0.005 -0.09926061038 2
0 0.205 0.005 -0.09926061038 2
0 0.205 0.015 -0.09924579661 2
0 0.205 0.025 -0.09921617127 2
0 0.205 0.035 -0.09917173878 2
0 0.205 0.045 -0.09911250579 2
0 0.205 0.055 -0.09903848112 2
0 0.205 0.065 -0.09894967583 2
0 0.205 0.075 -0.09884610317 2
0 0.205 0.085 -0.0987277786 2
0 0.205 0.095 -0.09859471976 2
0 0.205 0.105 -0.09844694654 2
0 0.205 0.115 -0.09828448097 2
0 0.205 0.125 -0.0981073473 2
0 0.205 0.135 -0.09791557197 2
0 0.205 0.145 -0.09770918361 2
0 0.205 0.155 -0.097488213 2
0 0.205 0.165 -0.09725269313 2
0 0.205 0.175 -0.09700265916 2
0 0.205 0.185 -0.09673814838 2
0 0.205 0.195 -0.09645920029 2
0 0.205 0.205 -0.09616585651 2
0 0.205 0.215 -0.09585816081 2
0 0.205 0.225 -0.09553615913 2
0 0.205 0.235 -0.09519989951 2
0 0.205 0.245 -0.09484943215 2
0 0.205 0.255 -0.09448480934 2
0 0.205 0.265 -0.0941060855 2
0 0.205 0.275 -0.09371331715 2
0 0.205 0.285 -0.09330656291 2
0 0.205 0.295 -0.09288588348 2
0 0.205 0.305 -0.09245134166 2
0 0.205 0.315 -0.09200300228 2
0 0.205 0.325 -0.09154093226 2
0 0.205 0.335 -0.09106520056 2
0 0.205 0.345 -0.09057587817 2
0 0.205 0.355 -0.09007303814 2
0 0.205 0.365 -0.08955675549 2
0 0.205 0.375 -0.08902710728 2
0 0.205 0.385 -0.08848417255 2
0 0.205 0.395 -0.08792803234 2
0 0.205 0.405 -0.08735876965 2
0 0.205 0.415 -0.08677646942 2
0 0.205 0.425 -0.08618121857 2
0 0.205 0.435 -0.08557310592 2
0 0.205 0.445 -0.08495222224 2
0 0.205 0.455 -0.08431866019 2
0 0.205 0.465 -0.08367251431 2
0 0.205 0.475 -0.08301388105 2
0 0.205 0.485 -0.08234285869 2
0 0.205 0.495 -0.08165954739 2
0 0.205 0.505 0 2
0 0.205 0.515 0 2
0 0.205 0.525 0 2
0 0.205 0.535 0 2
0 0.205 0.545 0 2
0 0.205 0.555 0 2
0 0.205 0.565 0 1
0 0.215 -0.555 0 2
0 0.215 -0.545 0 2
0 0.215 -0.535 0 2
0 0.215 -0.525 0 2
0 0.215 -0.515 0 2
0 0.215 -0.505 0 2
0 0.215 -0.495 -0.02274541125 2
0 0.215 -0.485 -0.02293574045 2
0 0.215 -0.475 -0.0231226467 2
0 0.215 -0.465 -0.02330610209 2
0 0.215 -0.455 -0.02348607925 2
0 0.215 -0.445 -0.02366255132 2
0 0.215 -0.435 -0.02383549197 2
0 0.215 -0.425 -0.02400487537 2
0 0.215 -0.415 -0.02417067626 2
0 0.215 -0.405 -0.02433286989 2
0 0.215 -0.395 -0.02449143205 1
0 0.215 -0.385 -0.02464633908 1
0 0.215 -0.375 -0.02479756785 1
0 0.215 -0.365 -0.02494509581 1
0 0.215 -0.355 -0.02508890093 1
0 0.215 -0.345 -0.02522896176 1
0 0.215 -0.335 -0.02536525738 1
0 0.215 -0.325 -0.02549776746 1
0 0.215 -0.315 -0.02562647222 2
0 0.215 -0.305 -0.02575135246 2
0 0.215 -0.295 -0.02587238953 2
0 0.215 -0.285 -0.02598956538 2
0 0.215 -0.275 -0.02610286251 2
0 0.215 -0.265 -0.02621226401 2
0 0.215 -0.255 -0.02631775357 2
0 0.215 -0.245 -0.02641931544 2
0 0.215 -0.235 -0.02651693445 2
0 0.215 -0.225 -0.02661059604 2
0 0.215 -0.215 -0.02670028624 2
0 0.215 -0.205 -0.02678599165 2
0 0.215 -0.195 -0.02686769948 2
0 0.215 -0.185 -0.02694539755 2
0 0.215 -0.175 -0.02701907426 2
0 0.215 -0.165 -0.0270887186 2
0 0.215 -0.155 -0.02715432019 2
0 0.215 -0.145 -0.02721586924 2
0 0.215 -0.135 -0.02727335656 2
0 0.215 -0.125 -0.02732677356 2
0 0.215 -0.115 -0.02737611229 2
0 0.215 -0.105 -0.02742136537 2
0 0.215 -0.095 -0.02746252606 2
0 0.215 -0.085 -0.0274995882 2
0 0.215 -0.075 -0.02753254627 2
0 0.215 -0.065 -0.02756139535 2
0 0.215 -0.055 -0.02758613113 2
0 0.215 -0.045 -0.02760674993 2
0 0.215 -0.035 -0.02762324866 2
0 0.215 -0.025 -0.02763562486 2
0 0.215 -0.015 -0.02764387669 2
0 0.215 -0.005 -0.02764800291 2
0 0.215 0.005 -0.02764800291 2
0 0.215 0.015 -0.02764387669 2
0 0.215 0.025 -0.02763562486 2
0 0.215 0.035 -0.02762324866 2
0 0.215 0.045 -0.02760674993 2
0 0.215 0.055 -0.02758613113 2
0 0.215 0.065 -0.02756139535 2
0 0.215 0.075 -0.02753254627 2
0 0.215 0.085 -0.0274995882 2
0 0.215 0.095 -0.02746252606 2
0 0.215 0.105 -0.02742136537 2
0 0.215 0.115 -0.02737611229 2
0 0.215 0.125 -0.02732677356 2
0 0.215 0.135 -0.02727335656 2
0 0.215 0.145 -0.02721586924 2
0 0.215 0.155 -0.02715432019 2
0 0.215 0.165 -0.0270887186 2
0 0.215 0.175 -0.02701907426 2
0 0.215 0.185 -0.02694539755 2
0 0.215 0.195 -0.02686769948 2
0 0.215 0.205 -0.02678599165 2
0 0.215 0.215 -0.02670028624 2
0 0.215 0.225 -0.02661059604 2
0 0.215 0.235 -0.02651693445 2
0 0.215 0.245 -0.02641931544 2
0 0.215 0.255 -0.02631775357 2
0 0.215 0.265 -0.02621226401 2
0 0.215 0.275 -0.02610286251 2
0 0.215 0.285 -0.02598956538 2
0 0.215 0.295 -0.02587238953 2
0 0.215 0.305 -0.02575135246 2
0 0.215 0.315 -0.02562647222 2
0 0.215 0.325 -0.02549776746 2
0 0.215 0.335 -0.02536525738 2
0 0.215 0.345 -0.02522896176 2
0 0.215 0.355 -0.02508890093 2
0 0.215 0.365 -0.02494509581 2
0 0.215 0.375 -0.02479756785 2
0 0.215 0.385 -0.02464633908 2
0 0.215 0.395 -0.02449143205 2
0 0.215 0.405 -0.02433286989 2
0 0.215 0.415 -0.02417067626 2
0 0.215 0.425 -0.02400487537 2
0 0.215 0.435 -0.02383549197 2
0 0.215 0.445 -0.02366255132 2
0 0.215 0.455 -0.02348607925 2
0 0.215 0.465 -0.02330610209 2
0 0.215 0.475 -0.0231226467 2
0 0.215 0.485 -0.02293574045 2
0 0.215 0.495 -0.02274541125 2
0 0.215 0.505 0 2
0 0.215 0.515 0 2
0 0.215 0.525 0 2
0 0.215 0.535 0 2
0 0.215 0.545 0 2
0 0.215 0.555 0 2
0 0.215 0.565 0 1
0 0.225 -0.555 0 2
0 0.225 -0.545 0 2
0 0.225 -0.535 0 2
0 0.225 -0.525 0 2
0 0.225 -0.515 0 2
0 0.225 -0.505 0 2
0 0.225 -0.495 0.03628584825 2
0 0.225 -0.485 0.03658948121 2
0 0.225 -0.475 0.03688765351 2
0 0.225 -0.465 0.03718032066 2
0 0.225 -0.455 0.03746743897 2
0 0.225 -0.445 0.03774896559 2
0 0.225 -0.435 0.03802485851 2
0 0.225 -0.425 0.03829507655 2
0 0.225 -0.415 0.03855957939 2
0 0.225 -0.405 0.03881832755 2
0 0.225 -0.395 0.03907128242 1
0 0.225 -0.385 0.03931840624 1
0 0.225 -0.375 0.03955966213 1
0 0.225 -0.365 0.03979501409 1
0 0.225 -0.355 0.04002442699 1
0 0.225 -0.345 0.0402478666 1
0 0.225 -0.335 0.04046529957 1
0 0.225 -0.325 0.04067669345 1
0 0.225 -0.315 0.04088201669 2
0 0.225 -0.305 0.04108123864 2
0 0.225 -0.295 0.04127432958 2
0 0.225 -0.285 0.04146126069 2
0 0.225 -0.275 0.04164200407 2
0 0.225 -0.265 0.04181653274 2
0 0.225 -0.255 0.04198482067 2
0 0.225 -0.245 0.04214684273 2
0 0.225 -0.235 0.04230257474 2
0 0.225 -0.225 0.04245199347 2
0 0.225 -0.215 0.0425950766 2
0 0.225 -0.205 0.0427318028 2
0 0.225 -0.195 0.04286215165 2
0 0.225 -0.185 0.0429861037 2
0 0.225 -0.175 0.04310364045 2
0 0.225 -0.165 0.04321474435 2
0 0.225 -0.155 0.04331939884 2
0 0.225 -0.145 0.04341758829 2
0 0.225 -0.135 0.04350929804 2
0 0.225 -0.125 0.04359451442 2
0 0.225 -0.115 0.04367322469 2
0 0.225 -0.105 0.04374541712 2
0 0.225 -0.095 0.04381108093 2
0 0.225 -0.085 0.04387020632 2
0 0.225 -0.075 0.04392278446 2
0 0.225 -0.065 0.04396880752 2
0 0.225 -0.055 0.04400826862 2
0 0.225 -0.045 0.04404116187 2
0 0.225 -0.035 0.04406748236 2
0 0.225 -0.025 0.04408722616 2
0 0.225 -0.015 0.04410039034 2
0 0.225 -0.005 0.04410697292 2
0 0.225 0.005 0.04410697292 2
0 0.225 0.015 0.04410039034 2
0 0.225 0.025 0.04408722616 2
0 0.225 0.035 0.04406748236 2
0 0.225 0.045 0.04404116187 2
0 0.225 0.055 0.04400826862 2
0 0.225 0.065 0.04396880752 2
0 0.225 0.075 0.04392278446 2
0 0.225 0.085 0.04387020632 2
0 0.225 0.095 0.04381108093 2
0 0.225 0.105 0.04374541712 2
0 0.225 0.115 0.04367322469 2
0 0.225 0.125 0.04359451442 2
0 0.225 0.135 0.04350929804 2
0 0.225 0.145 0.04341758829 2
0 0.225 0.155 0.04331939884 2
0 0.225 0.165 0.04321474435 2
0 0.225 0.175 0.04310364045 2
0 0.225 0.185 0.0429861037 2
0 0.225 0.195 0.04286215165 2
0 0.225 0.205 0.0427318028 2
0 0.225 0.215 0.0425950766 2
0 0.225 0.225 0.04245199347 2
0 0.225 0.235 0.04230257474 2
0 0.225 0.245 0.04214684273 2
0 0.225 0.255 0.04198482067 2
0 0.225 0.265 0.04181653274 2
0 0.225 0.275 0.04164200407 2
0 0.225 0.285 0.04146126069 2
0 0.225 0.295 0.04127432958 2
0 0.225 0.305 0.04108123864 2
0 0.225 0.315 0.04088201669 2
0 0.225 0.325 0.04067669345 2
0 0.225 0.335 0.04046529957 2
0 0.225 0.345 0.0402478666 2
0 0.225 0.355 0.04002442699 2
0 0.225 0.365 0.03979501409 2
0 0.225 0.375 0.03955966213 2
0 0.225 0.385 0.03931840624 2
0 0.225 0.395 0.03907128242 2
0 0.225 0.405 0.03881832755 2
0 0.225 0.415 0.03855957939 2
0 0.225 0.425 0.03829507655 2
0 0.225 0.435 0.03802485851 2
0 0.225 0.445 0.03774896559 2
0 0.225 0.455 0.03746743897 2
0 0.225 0.465 0.03718032066 2
0 0.225 0.475 0.03688765351 2
0 0.225 0.485 0.03658948121 2
0 0.225 0.495 0.03628584825 2
0 0.225 0.505 0 2
0 0.225 0.515 0 2
0 0.225 0.525 0 2
0 0.225 0.535 0 2
0 0.225 0.545 0 2
0 0.225 0.555 0 2
0 0.225 0.565 0 1
0 0.235 -0.555 0 2
0 0.235 -0.545 0 2
0 0.235 -0.535 0 2
0 0.235 -0.525 0 2
0 0.235 -0.515 0 2
0 0.235 -0.505 0 2
0 0.235 -0.495 0.09513026037 2
0 0.235 -0.485 0.095926292 2
0 0.235 -0.475 0.09670800747 2
0 0.235 -0.465 0.09747529012 2
0 0.235 -0.455 0.09822802543 2
0 0.235 -0.445 0.09896610108 2
0 0.235 -0.435 0.0996894069 2
0 0.235 -0.425 0.100397835 2
0 0.235 -0.415 0.1010912795 2
0 0.235 -0.405 0.1017696371 2
0 0.235 -0.395 0.1024328064 1
0 0.235 -0.385 0.1030806886 1
0 0.235 -0.375 0.1037131868 1
0 0.235 -0.365 0.1043302068 1
0 0.235 -0.355 0.1049316564 1
0 0.235 -0.345 0.1055174459 1
0 0.235 -0.335 0.1060874878 1
0 0.235 -0.325 0.1066416971 2
0 0.235 -0.315 0.1071799911 2
0 0.235 -0.305 0.1077022894 2
0 0.235 -0.295 0.108208514 2
0 0.235 -0.285 0.1086985895 2
0 0.235 -0.275 0.1091724427 2
0 0.235 -0.265 0.1096300029 2
0 0.235 -0.255 0.1100712017 2
0 0.235 -0.245 0.1104959734 2
0 0.235 -0.235 0.1109042545 2
0 0.235 -0.225 0.1112959842 2
0 0.235 -0.215 0.1116711039 2
0 0.235 -0.205 0.1120295576 2
0 0.235 -0.195 0.1123712919 2
0 0.235 -0.185 0.1126962558 2
0 0.235 -0.175 0.1130044008 2
0 0.235 -0.165 0.1132956809 2
0 0.235 -0.155 0.1135700525 2
0 0.235 -0.145 0.1138274749 2
0 0.235 -0.135 0.1140679094 2
0 0.235 -0.125 0.1142913204 2
0 0.235 -0.115 0.1144976744 2
0 0.235 -0.105 0.1146869406 2
0 0.235 -0.095 0.1148590907 2
0 0.235 -0.085 0.1150140992 2
0 0.235 -0.075 0.1151519428 2
0 0.235 -0.065 0.115272601 2
0 0.235 -0.055 0.1153760558 2
0 0.235 -0.045 0.1154622917 2
0 0.235 -0.035 0.1155312959 2
0 0.235 -0.025 0.115583058 2
0 0.235 -0.015 0.1156175704 2
0 0.235 -0.005 0.1156348279 2
0 0.235 0.005 0.1156348279 2
0 0.235 0.015 0.1156175704 2
0 0.235 0.025 0.115583058 2
0 0.235 0.035 0.1155312959 2
0 0.235 0.045 0.1154622917 2
0 0.235 0.055 0.1153760558 2
0 0.235 0.065 0.115272601 2
0 0.235 0.075 0.1151519428 2
0 0.235 0.085 0.1150140992 2
0 0.235 0.095 0.1148590907 2
0 0.235 0.105 0.1146869406 2
0 0.235 0.115 0.1144976744 2
0 0.235 0.125 0.1142913204 2
0 0.235 0.135 0.1140679094 2
0 0.235 0.145 0.1138274749 2
0 0.235 0.155 0.1135700525 2
0 0.235 0.165 0.1132956809 2
0 0.235 0.175 0.1130044008 2
0 0.235 0.185 0.1126962558 2
0 0.235 0.195 0.1123712919 2
0 0.235 0.205 0.1120295576 2
0 0.235 0.215 0.1116711039 2
0 0.235 0.225 0.1112959842 2
0 0.235 0.235 0.1109042545 2
0 0.235 0.245 0.1104959734 2
0 0.235 0.255 0.1100712017 2
0 0.235 0.265 0.1096300029 2
0 0.235 0.275 0.1091724427 2
0 0.235 0.285 0.1086985895 2
0 0.235 0.295 0.108208514 2
0 0.235 0.305 0.1077022894 2
0 0.235 0.315 0.1071799911 2
0 0.235 0.325 0.1066416971 2
0 0.235 0.335 0.1060874878 2
0 0.235 0.345 0.1055174459 2
0 0.235 0.355 0.1049316564 2
0 0.235 0.365 0.1043302068 2
0 0.235 0.375 0.1037131868 2
0 0.235 0.385 0.1030806886 2
0 0.235 0.395 0.1024328064 2
0 0.235 0.405 0.1017696371 2
0 0.235 0.415 0.1010912795 2
0 0.235 0.425 0.100397835 2
0 0.235 0.435 0.0996894069 2
0 0.235 0.445 0.09896610108 2
0 0.235 0.455 0.09822802543 2
0 0.235 0.465 0.09747529012 2
0 0.235 0.475 0.09670800747 2
0 0.235 0.485 0.095926292 2
0 0.235 0.495 0.09513026037 2
0 0.235 0.505 0 2
0 0.235 0.515 0 2
0 0.235 0.525 0 2
0 0.235 0.535 0 2
0 0.235 0.545 0 2
0 0.235 0.555 0 2
0 0.235 0.565 0 1
0 0.245 -0.555 0 2
0 0.245 -0.545 0 2
0 0.245 -0.535 0 2
0 0.245 -0.525 0 2
0 0.245 -0.515 0 2
0 0.245 -0.505 0 2
0 0.245 -0.495 0.1534848165 2
0 0.245 -0.485 0.1547691478 2
0 0.245 -0.475 0.1560303812 2
0 0.245 -0.465 0.1572683283 2
0 0.245 -0.455 0.1584828046 2
0 0.245 -0.445 0.1596736287 2
0 0.245 -0.435 0.1608406229 2
0 0.245 -0.425 0.161983613 2
0 0.245 -0.415 0.1631024285 2
0 0.245 -0.405 0.1641969024 2
0 0.245 -0.395 0.1652668714 1
0 0.245 -0.385 0.1663121757 1
0 0.245 -0.375 0.1673326594 1
0 0.245 -0.365 0.1683281701 1
0 0.245 -0.355 0.1692985594 1
0 0.245 -0.345 0.1702436823 2
0 0.245 -0.335 0.1711633979 2
0 0.245 -0.325 0.1720575688 2
0 0.245 -0.315 0.1729260617 2
0 0.245 -0.305 0.1737687468 2
0 0.245 -0.295 0.1745854985 2
0 0.245 -0.285 0.1753761948 2
0 0.245 -0.275 0.1761407178 2
0 0.245 -0.265 0.1768789533 2
0 0.245 -0.255 0.1775907912 2
0 0.245 -0.245 0.1782761252 2
0 0.245 -0.235 0.1789348531 2
0 0.245 -0.225 0.1795668765 2
0 0.245 -0.215 0.1801721011 2
0 0.245 -0.205 0.1807504366 2
0 0.245 -0.195 0.1813017967 2
0 0.245 -0.185 0.1818260991 2
0 0.245 -0.175 0.1823232656 2
0 0.245 -0.165 0.1827932219 2
0 0.245 -0.155 0.1832358979 2
0 0.245 -0.145 0.1836512276 2
0 0.245 -0.135 0.1840391489 2
0 0.245 -0.125 0.184399604 2
0 0.245 -0.115 0.1847325391 2
0 0.245 -0.105 0.1850379045 2
0 0.245 -0.095 0.1853156546 2
0 0.245 -0.085 0.1855657479 2
0 0.245 -0.075 0.1857881472 2
0 0.245 -0.065 0.1859828193 2
0 0.245 -0.055 0.186149735 2
0 0.245 -0.045 0.1862888695 2
0 0.245 -0.035 0.1864002021 2
0 0.245 -0.025 0.186483716 2
0 0.245 -0.015 0.1865393989 2
0 0.245 -0.005 0.1865672424 2
0 0.245 0.005 0.1865672424 2
0 0.245 0.015 0.1865393989 2
0 0.245 0.025 0.186483716 2
0 0.245 0.035 0.1864002021 2
0 0.245 0.045 0.1862888695 2
0 0.245 0.055 0.186149735 2
0 0.245 0.065 0.1859828193 2
0 0.245 0.075 0.1857881472 2
0 0.245 0.085 0.1855657479 2
0 0.245 0.095 0.1853156546 2
0 0.245 0.105 0.1850379045 2
0 0.245 0.115 0.1847325391 2
0 0.245 0.125 0.184399604 2
0 0.245 0.135 0.1840391489 2
0 0.245 0.145 0.1836512276 2
0 0.245 0.155 0.1832358979 2
0 0.245 0.165 0.1827932219 2
0 0.245 0.175 0.1823232656 2
0 0.245 0.185 0.1818260991 2
0 0.245 0.195 0.1813017967 2
0 0.245 0.205 0.1807504366 2
0 0.245 0.215 0.1801721011 2
0 0.245 0.225 0.1795668765 2
0 0.245 0.235 0.1789348531 2
0 0.245 0.245 0.1782761252 2
0 0.245 0.255 0.1775907912 2
0 0.245 0.265 0.1768789533 2
0 0.245 0.275 0.1761407178 2
0 0.245 0.285 0.1753761948 2
0 0.245 0.295 0.1745854985 2
0 0.245 0.305 0.1737687468 2
0 0.245 0.315 0.1729260617 2
0 0.245 0.325 0.1720575688 2
0 0.245 0.335 0.1711633979 2
0 0.245 0.345 0.1702436823 2
0 0.245 0.355 0.1692985594 2
0 0.245 0.365 0.1683281701 2
0 0.245 0.375 0.1673326594 2
0 0.245 0.385 0.1663121757 2
0 0.245 0.395 0.1652668714 2
0 0.245 0.405 0.1641969024 2
0 0.245 0.415 0.1631024285 2
0 0.245 0.425 0.161983613 2
0 0.245 0.435 0.1608406229 2
0 0.245 0.445 0.1596736287 2
0 0.245 0.455 0.1584828046 2
0 0.245 0.465 0.1572683283 2
0 0.245 0.475 0.1560303812 2
0 0.245 0.485 0.1547691478 2
0 0.245 0.495 0.1534848165 2
0 0.245 0.505 0 2
0 0.245 0.515 0 2
0 0.245 0.525 0 2
0 0.245 0.535 0 2
0 0.245 0.545 0 2
0 0.245 0.555 0 2
0 0.245 0.565 0 1
0 0.255 -0.555 0 2
0 0.255 -0.545 0 2
0 0.255 -0.535 0 2
0 0.255 -0.525 0 2
0 0.255 -0.515 0 2
0 0.255 -0.505 0 2
0 0.255 -0.495 0.2110490306 2
0 0.255 -0.485 0.2128150481 2
0 0.255 -0.475 0.2145493048 2
0 0.255 -0.465 0.2162515419 2
0 0.255 -0.455 0.2179215054 2
0 0.255 -0.445 0.219558946 2
0 0.255 -0.435 0.2211636193 2
0 0.255 -0.425 0.2227352859 2
0 0.255 -0.415 0.2242737112 2
0 0.255 -0.405 0.2257786657 2
0 0.255 -0.395 0.2272499246 2
0 0.255 -0.385 0.2286872685 2
0 0.255 -0.375 0.2300904829 2
0 0.255 -0.365 0.2314593582 2
0 0.255 -0.355 0.2327936903 2
0 0.255 -0.345 0.2340932799 2
0 0.255 -0.335 0.2353579332 2
0 0.255 -0.325 0.2365874614 2
0 0.255 -0.315 0.237781681 2
0 0.255 -0.305 0.2389404137 2
0 0.255 -0.295 0.2400634867 2
0 0.255 -0.285 0.2411507323 2
0 0.255 -0.275 0.2422019883 2
0 0.255 -0.265 0.2432170977 2
0 0.255 -0.255 0.2441959092 2
0 0.255 -0.245 0.2451382765 2
0 0.255 -0.235 0.2460440591 2
0 0.255 -0.225 0.2469131218 2
0 0.255 -0.215 0.2477453349 2
0 0.255 -0.205 0.2485405742 2
0 0.255 -0.195 0.2492987209 2
0 0.255 -0.185 0.250019662 2
0 0.255 -0.175 0.2507032899 2
0 0.255 -0.165 0.2513495025 2
0 0.255 -0.155 0.2519582034 2
0 0.255 -0.145 0.2525293017 2
0 0.255 -0.135 0.2530627123 2
0 0.255 -0.125 0.2535583555 2
0 0.255 -0.115 0.2540161573 2
0 0.255 -0.105 0.2544360494 2
0 0.255 -0.095 0.2548179692 2
0 0.255 -0.085 0.2551618596 2
0 0.255 -0.075 0.2554676694 2
0 0.255 -0.065 0.2557353528 2
0 0.255 -0.055 0.25596487 2
0 0.255 -0.045 0.2561561867 2
0 0.255 -0.035 0.2563092744 2
0 0.255 -0.025 0.2564241101 2
0 0.255 -0.015 0.2565006767 2
0 0.255 -0.005 0.2565389629 2
0 0.255 0.005 0.2565389629 2
0 0.255 0.015 0.2565006767 2
0 0.255 0.025 0.2564241101 2
0 0.255 0.035 0.2563092744 2
0 0.255 0.045 0.2561561867 2
0 0.255 0.055 0.25596487 2
0 0.255 0.065 0.2557353528 2
0 0.255 0.075 0.2554676694 2
0 0.255 0.085 0.2551618596 2
0 0.255 0.095 0.2548179692 2
0 0.255 0.105 0.2544360494 2
0 0.255 0.115 0.2540161573 2
0 0.255 0.125 0.2535583555 2
0 0.255 0.135 0.2530627123 2
0 0.255 0.145 0.2525293017 2
0 0.255 0.155 0.2519582034 2
0 0.255 0.165 0.2513495025 2
0 0.255 0.175 0.2507032899 2
0 0.255 0.185 0.250019662 2
0 0.255 0.195 0.2492987209 2
0 0.255 0.205 0.2485405742 2
0 0.255 0.215 0.2477453349 2
0 0.255 0.225 0.2469131218 2
0 0.255 0.235 0.2460440591 2
0 0.255 0.245 0.2451382765 2
0 0.255 0.255 0.2441959092 2
0 0.255 0.265 0.2432170977 2
0 0.255 0.275 0.2422019883 2
0 0.255 0.285 0.2411507323 2
0 0.255 0.295 0.2400634867 2
0 0.255 0.305 0.2389404137 2
0 0.255 0.315 0.237781681 2
0 0.255 0.325 0.2365874614 2
0 0.255 0.335 0.2353579332 2
0 0.255 0.345 0.2340932799 2
0 0.255 0.355 0.2327936903 2
0 0.255 0.365 0.2314593582 2
0 0.255 0.375 0.2300904829 2
0 0.255 0.385 0.2286872685 2
0 0.255 0.395 0.2272499246 2
0 0.255 0.405 0.2257786657 2
0 0.255 0.415 0.2242737112 2
0 0.255 0.425 0.2227352859 2
0 0.255 0.435 0.2211636193 2
0 0.255 0.445 0.219558946 2
0 0.255 0.455 0.2179215054 2
0 0.255 0.465 0.2162515419 2
0 0.255 0.475 0.2145493048 2
0 0.255 0.485 0.2128150481 2
0 0.255 0.495 0.2110490306 2
0 0.255 0.505 0 2
0 0.255 0.515 0 2
0 0.255 0.525 0 2
0 0.255 0.535 0 2
0 0.255 0.545 0 2
0 0.255 0.555 0 2
0 0.255 0.565 0 1
0 0.265 -0.555 0 2
0 0.265 -0.545 0 2
0 0.265 -0.535 0 2
0 0.265 -0.525 0 2
0 0.265 -0.515 0 2
0 0.265 -0.505 0 2
0 0.265 -0.495 0.2675264861 2
0 0.265 -0.485 0.2697650961 2
0 0.265 -0.475 0.2719634459 2
0 0.265 -0.465 0.2741212076 2
0 0.265 -0.455 0.2762380591 2
0 0.265 -0.445 0.2783136845 2
0 0.265 -0.435 0.280347774 2
0 0.265 -0.425 0.2823400241 2
0 0.265 -0.415 0.2842901374 2
0 0.265 -0.405 0.2861978229 2
0 0.265 -0.395 0.2880627958 2
0 0.265 -0.385 0.289884778 2
0 0.265 -0.375 0.2916634973 2
0 0.265 -0.365 0.2933986885 2
0 0.265 -0.355 0.2950900925 2
0 0.265 -0.345 0.2967374568 2
0 0.265 -0.335 0.2983405357 2
0 0.265 -0.325 0.2998990899 2
0 0.265 -0.315 0.3014128868 2
0 0.265 -0.305 0.3028817005 2
0 0.265 -0.295 0.3043053117 2
0 0.265 -0.285 0.305683508 2
0 0.265 -0.275 0.3070160838 2
0 0.265 -0.265 0.3083028401 2
0 0.265 -0.255 0.3095435849 2
0 0.265 -0.245 0.310738133 2
0 0.265 -0.235 0.3118863062 2
0 0.265 -0.225 0.3129879331 2
0 0.265 -0.215 0.3140428493 2
0 0.265 -0.205 0.3150508973 2
0 0.265 -0.195 0.3160119268 2
0 0.265 -0.185 0.3169257942 2
0 0.265 -0.175 0.3177923633 2
0 0.265 -0.165 0.3186115046 2
0 0.265 -0.155 0.319383096 2
0 0.265 -0.145 0.3201070223 2
0 0.265 -0.135 0.3207831754 2
0 0.265 -0.125 0.3214114544 2
0 0.265 -0.115 0.3219917655 2
0 0.265 -0.105 0.3225240223 2
0 0.265 -0.095 0.3230081451 2
0 0.265 -0.085 0.3234440618 2
0 0.265 -0.075 0.3238317073 2
0 0.265 -0.065 0.3241710238 2
0 0.265 -0.055 0.3244619606 2
0 0.265 -0.045 0.3247044743 2
0 0.265 -0.035 0.3248985287 2
0 0.265 -0.025 0.3250440949 2
0 0.265 -0.015 0.325141151 2
0 0.265 -0.005 0.3251896827 2
0 0.265 0.005 0.3251896827 2
0 0.265 0.015 0.325141151 2
0 0.265 0.025 0.3250440949 2
0 0.265 0.035 0.3248985287 2
0 0.265 0.045 0.3247044743 2
0 0.265 0.055 0.3244619606 2
0 0.265 0.065 0.3241710238 2
0 0.265 0.075 0.3238317073 2
0 0.265 0.085 0.3234440618 2
0 0.265 0.095 0.3230081451 2
0 0.265 0.105 0.3225240223 2
0 0.265 0.115 0.3219917655 2
0 0.265 0.125 0.3214114544 2
0 0.265 0.135 0.3207831754 2
0 0.265 0.145 0.3201070223 2
0 0.265 0.155 0.319383096 2
0 0.265 0.165 0.3186115046 2
0 0.265 0.175 0.3177923633 2
0 0.265 0.185 0.3169257942 2
0 0.265 0.195 0.3160119268 2
0 0.265 0.205 0.3150508973 2
0 0.265 0.215 0.3140428493 2
0 0.265 0.225 0.3129879331 2
0 0.265 0.235 0.3118863062 2
0 0.265 0.245 0.310738133 2
0 0.265 0.255 0.3095435849 2
0 0.265 0.265 0.3083028401 2
0 0.265 0.275 0.3070160838 2
0 0.265 0.285 0.305683508 2
0 0.265 0.295 0.3043053117 2
0 0.265 0.305 0.3028817005 2
0 0.265 0.315 0.3014128868 2
0 0.265 0.325 0.2998990899 2
0 0.265 0.335 0.2983405357 2
0 0.265 0.345 0.2967374568 2
0 0.265 0.355 0.2950900925 2
0 0.265 0.365 0.2933986885 2
0 0.265 0.375 0.2916634973 2
0 0.265 0.385 0.289884778 2
0 0.265 0.395 0.2880627958 2
0 0.265 0.405 0.2861978229 2
0 0.265 0.415 0.2842901374 2
0 0.265 0.425 0.2823400241 2
0 0.265 0.435 0.280347774 2
0 0.265 0.445 0.2783136845 2
0 0.265 0.455 0.2762380591 2
0 0.265 0.465 0.2741212076 2
0 0.265 0.475 0.2719634459 2
0 0.265 0.485 0.2697650961 2
0 0.265 0.495 0.2675264861 2
0 0.265 0.505 0 2
0 0.265 0.515 0 2
0 0.265 0.525 0 2
0 0.265 0.535 0 2
0 0.265 0.545 0 2
0 0.265 0.555 0 2
0 0.265 0.565 0 2
0 0.275 -0.555 0 2
0 0.275 -0.545 0 2
0 0.275 -0.535 0 2
0 0.275 -0.525 0 2
0 0.275 -0.515 0 2
0 0.275 -0.505 0 2
0 0.275 -0.495 0.3226263628 2
0 0.275 -0.485 0.3253260378 2
0 0.275 -0.475 0.3279771608 2
0 0.275 -0.465 0.330579336 2
0 0.275 -0.455 0.3331321752 2
0 0.275 -0.445 0.3356352974 2
0 0.275 -0.435 0.3380883289 2
0 0.275 -0.425 0.3404909037 2
0 0.275 -0.415 0.3428426632 2
0 0.275 -0.405 0.3451432565 2
0 0.275 -0.395 0.3473923401 2
0 0.275 -0.385 0.3495895785 2
0 0.275 -0.375 0.3517346437 2
0 0.275 -0.365 0.3538272156 2
0 0.275 -0.355 0.355866982 2
0 0.275 -0.345 0.3578536382 2
0 0.275 -0.335 0.359786888 2
0 0.275 -0.325 0.3616664427 2
0 0.275 -0.315 0.3634920219 2
0 0.275 -0.305 0.3652633531 2
0 0.275 -0.295 0.3669801719 2
0 0.275 -0.285 0.3686422222 2
0 0.275 -0.275 0.3702492558 2
0 0.275 -0.265 0.371801033 2
0 0.275 -0.255 0.3732973222 2
0 0.275 -0.245 0.3747379 2
0 0.275 -0.235 0.3761225515 2
0 0.275 -0.225 0.3774510699 2
0 0.275 -0.215 0.3787232571 2
0 0.275 -0.205 0.3799389232 2
0 0.275 -0.195 0.3810978868 2
0 0.275 -0.185 0.3821999748 2
0 0.275 -0.175 0.3832450228 2
0 0.275 -0.165 0.3842328749 2
0 0.275 -0.155 0.3851633836 2
0 0.275 -0.145 0.38603641 2
0 0.275 -0.135 0.3868518239 2
0 0.275 -0.125 0.3876095035 2
0 0.275 -0.115 0.3883093358 2
0 0.275 -0.105 0.3889512164 2
0 0.275 -0.095 0.3895350494 2
0 0.275 -0.085 0.3900607477 2
0 0.275 -0.075 0.3905282329 2
0 0.275 -0.065 0.3909374351 2
0 0.275 -0.055 0.3912882934 2
0 0.275 -0.045 0.3915807553 2
0 0.275 -0.035 0.3918147773 2
0 0.275 -0.025 0.3919903243 2
0 0.275 -0.015 0.3921073702 2
0 0.275 -0.005 0.3921658975 2
0 0.275 0.005 0.3921658975 2
0 0.275 0.015 0.3921073702 2
0 0.275 0.025 0.3919903243 2
0 0.275 0.035 0.3918147773 2
0 0.275 0.045 0.3915807553 2
0 0.275 0.055 0.3912882934 2
0 0.275 0.065 0.3909374351 2
0 0.275 0.075 0.3905282329 2
0 0.275 0.085 0.3900607477 2
0 0.275 0.095 0.3895350494 2
0 0.275 0.105 0.3889512164 2
0 0.275 0.115 0.3883093358 2
0 0.275 0.125 0.3876095035 2
0 0.275 0.135 0.3868518239 2
0 0.275 0.145 0.38603641 2
0 0.275 0.155 0.3851633836 2
0 0.275 0.165 0.3842328749 2
0 0.275 0.175 0.3832450228 2
0 0.275 0.185 0.3821999748 2
0 0.275 0.195 0.3810978868 2
0 0.275 0.205 0.3799389232 2
0 0.275 0.215 0.3787232571 2
0 0.275 0.225 0.3774510699 2
0 0.275 0.235 0.3761225515 2
0 0.275 0.245 0.3747379 2
0 0.275 0.255 0.3732973222 2
0 0.275 0.265 0.371801033 2
0 0.275 0.275 0.3702492558 2
0 0.275 0.285 0.3686422222 2
0 0.275 0.295 0.3669801719 2
0 0.275 0.305 0.3652633531 2
0 0.275 0.315 0.3634920219 2
0 0.275 0.325 0.3616664427 2
0 0.275 0.335 0.359786888 2
0 0.275 0.345 0.3578536382 2
0 0.275 0.355 0.355866982 2
0 0.275 0.365 0.3538272156 2
0 0.275 0.375 0.3517346437 2
0 0.275 0.385 0.3495895785 2
0 0.275 0.395 0.3473923401 2
0 0.275 0.405 0.3451432565 2
0 0.275 0.415 0.3428426632 2
0 0.275 0.425 0.3404909037 2
0 0.275 0.435 0.3380883289 2
0 0.275 0.445 0.3356352974 2
0 0.275 0.455 0.3331321752 2
0 0.275 0.465 0.330579336 2
0 0.275 0.475 0.3279771608 2
0 0.275 0.485 0.3253260378 2
0 0.275 0.495 0.3226263628 2
0 0.275 0.505 0 2
0 0.275 0.515 0 2
0 0.275 0.525 0 2
0 0.275 0.535 0 2
0 0.275 0.545 0 2
0 0.275 0.555 0 2
0 0.275 0.565 0 2
0 0.285 -0.555 0 2
0 0.285 -0.545 0 2
0 0.285 -0.535 0 2
0 0.285 -0.525 0 2
0 0.285 -0.515 0 2
0 0.285 -0.505 0 2
0 0.285 -0.495 0.3760649337 2
0 0.285 -0.485 0.3792117723 2
0 0.285 -0.475 0.382302017 2
0 0.285 -0.465 0.3853352064 2
0 0.285 -0.455 0.3883108879 2
0 0.285 -0.445 0.3912286174 2
0 0.285 -0.435 0.3940879595 2
0 0.285 -0.425 0.3968884874 2
0 0.285 -0.415 0.3996297832 2
0 0.285 -0.405 0.4023114377 2
0 0.285 -0.395 0.4049330508 2
0 0.285 -0.385 0.4074942312 2
0 0.285 -0.375 0.4099945967 2
0 0.285 -0.365 0.412433774 2
0 0.285 -0.355 0.4148113992 2
0 0.285 -0.345 0.4171271175 2
0 0.285 -0.335 0.4193805832 2
0 0.285 -0.325 0.42157146 2
0 0.285 -0.315 0.423699421 2
0 0.285 -0.305 0.4257641486 2
0 0.285 -0.295 0.4277653346 2
0 0.285 -0.285 0.4297026804 2
0 0.285 -0.275 0.4315758968 2
0 0.285 -0.265 0.4333847043 2
0 0.285 -0.255 0.435128833 2
0 0.285 -0.245 0.4368080225 2
0 0.285 -0.235 0.4384220222 2
0 0.285 -0.225 0.4399705913 2
0 0.285 -0.215 0.4414534986 2
0 0.285 -0.205 0.4428705229 2
0 0.285 -0.195 0.4442214526 2
0 0.285 -0.185 0.4455060862 2
0 0.285 -0.175 0.4467242319 2
0 0.285 -0.165 0.4478757079 2
0 0.285 -0.155 0.4489603424 2
0 0.285 -0.145 0.4499779735 2
0 0.285 -0.135 0.4509284494 2
0 0.285 -0.125 0.4518116281 2
0 0.285 -0.115 0.4526273779 2
0 0.285 -0.105 0.4533755771 2
0 0.285 -0.095 0.4540561139 2
0 0.285 -0.085 0.4546688868 2
0 0.285 -0.075 0.4552138044 2
0 0.285 -0.065 0.4556907853 2
0 0.285 -0.055 0.4560997584 2
0 0.285 -0.045 0.4564406626 2
0 0.285 -0.035 0.456713447 2
0 0.285 -0.025 0.456918071 2
0 0.285 -0.015 0.4570545039 2
0 0.285 -0.005 0.4571227254 2
0 0.285 0.005 0.4571227254 2
0 0.285 0.015 0.4570545039 2
0 0.285 0.025 0.456918071 2
0 0.285 0.035 0.456713447 2
0 0.285 0.045 0.4564406626 2
0 0.285 0.055 0.4560997584 2
0 0.285 0.065 0.4556907853 2
0 0.285 0.075 0.4552138044 2
0 0.285 0.085 0.4546688868 2
0 0.285 0.095 0.4540561139 2
0 0.285 0.105 0.4533755771 2
0 0.285 0.115 0.4526273779 2
0 0.285 0.125 0.4518116281 2
0 0.285 0.135 0.4509284494 2
0 0.285 0.145 0.4499779735 2
0 0.285 0.155 0.4489603424 2
0 0.285 0.165 0.4478757079 2
0 0.285 0.175 0.4467242319 2
0 0.285 0.185 0.4455060862 2
0 0.285 0.195 0.4442214526 2
0 0.285 0.205 0.4428705229 2
0 0.285 0.215 0.4414534986 2
0 0.285 0.225 0.4399705913 2
0 0.285 0.235 0.4384220222 2
0 0.285 0.245 0.4368080225 2
0 0.285 0.255 0.435128833 2
0 0.285 0.265 0.4333847043 2
0 0.285 0.275 0.4315758968 2
0 0.285 0.285 0.4297026804 2
0 0.285 0.295 0.4277653346 2
0 0.285 0.305 0.4257641486 2
0 0.285 0.315 0.423699421 2
0 0.285 0.325 0.42157146 2
0 0.285 0.335 0.4193805832 2
0 0.285 0.345 0.4171271175 2
0 0.285 0.355 0.4148113992 2
0 0.285 0.365 0.412433774 2
0 0.285 0.375 0.4099945967 2
0 0.285 0.385 0.4074942312 2
0 0.285 0.395 0.4049330508 2
0 0.285 0.405 0.4023114377 2
0 0.285 0.415 0.3996297832 2
0 0.285 0.425 0.3968884874 2
0 0.285 0.435 0.3940879595 2
0 0.285 0.445 0.3912286174 2
0 0.285 0.455 0.3883108879 2
0 0.285 0.465 0.3853352064 2
0 0.285 0.475 0.382302017 2
0 0.285 0.485 0.3792117723 2
0 0.285 0.495 0.3760649337 2
0 0.285 0.505 0 2
0 0.285 0.515 0 2
0 0.285 0.525 0 2
0 0.285 0.535 0 2
0 0.285 0.545 0 2
0 0.285 0.555 0 2
0 0.285 0.565 0 2
0 0.295 -0.555 0 2
0 0.295 -0.545 0 2
0 0.295 -0.535 0 2
0 0.295 -0.525 0 2
0 0.295 -0.515 0 2
0 0.295 -0.505 0 2
0 0.295 -0.495 0.4275670267 2
0 0.295 -0.485 0.4311448249 2
0 0.295 -0.475 0.4346582786 2
0 0.295 -0.465 0.4381068633 2
0 0.295 -0.455 0.4414900644 2
0 0.295 -0.445 0.4448073769 2
0 0.295 -0.435 0.4480583059 2
0 0.295 -0.425 0.4512423661 2
0 0.295 -0.415 0.4543590824 2
0 0.295 -0.405 0.4574079895 2
0 0.295 -0.395 0.4603886325 2
0 0.295 -0.385 0.4633005666 2
0 0.295 -0.375 0.4661433571 2
0 0.295 -0.365 0.4689165798 2
0 0.295 -0.355 0.4716198208 2
0 0.295 -0.345 0.4742526767 2
0 0.295 -0.335 0.4768147545 2
0 0.295 -0.325 0.4793056719 2
0 0.295 -0.315 0.4817250572 2
0 0.295 -0.305 0.4840725492 2
0 0.295 -0.295 0.4863477976 2
0 0.295 -0.285 0.4885504629 2
0 0.295 -0.275 0.4906802163 2
0 0.295 -0.265 0.49273674 2
0 0.295 -0.255 0.4947197271 2
0 0.295 -0.245 0.4966288816 2
0 0.295 -0.235 0.4984639186 2
0 0.295 -0.225 0.5002245642 2
0 0.295 -0.215 0.5019105557 2
0 0.295 -0.205 0.5035216414 2
0 0.295 -0.195 0.505057581 2
0 0.295 -0.185 0.5065181451 2
0 0.295 -0.175 0.5079031159 2
0 0.295 -0.165 0.5092122865 2
0 0.295 -0.155 0.5104454617 2
0 0.295 -0.145 0.5116024574 2
0 0.295 -0.135 0.512683101 2
0 0.295 -0.125 0.513687231 2
0 0.295 -0.115 0.5146146978 2
0 0.295 -0.105 0.5154653628 2
0 0.295 -0.095 0.5162390991 2
0 0.295 -0.085 0.5169357913 2
0 0.295 -0.075 0.5175553354 2
0 0.295 -0.065 0.5180976388 2
0 0.295 -0.055 0.5185626208 2
0 0.295 -0.045 0.5189502118 2
0 0.295 -0.035 0.519260354 2
0 0.295 -0.025 0.5194930012 2
0 0.295 -0.015 0.5196481186 2
0 0.295 -0.005 0.5197256831 2
0 0.295 0.005 0.5197256831 2
0 0.295 0.015 0.5196481186 2
0 0.295 0.025 0.5194930012 2
0 0.295 0.035 0.519260354 2
0 0.295 0.045 0.5189502118 2
0 0.295 0.055 0.5185626208 2
0 0.295 0.065 0.5180976388 2
0 0.295 0.075 0.5175553354 2
0 0.295 0.085 0.5169357913 2
0 0.295 0.095 0.5162390991 2
0 0.295 0.105 0.5154653628 2
0 0.295 0.115 0.5146146978 2
0 0.295 0.125 0.513687231 2
0 0.295 0.135 0.512683101 2
0 0.295 0.145 0.5116024574 2
0 0.295 0.155 0.5104454617 2
0 0.295 0.165 0.5092122865 2
0 0.295 0.175 0.5079031159 2
0 0.295 0.185 0.5065181451 2
0 0.295 0.195 0.505057581 2
0 0.295 0.205 0.5035216414 2
0 0.295 0.215 0.5019105557 2
0 0.295 0.225 0.5002245642 2
0 0.295 0.235 0.4984639186 2
0 0.295 0.245 0.4966288816 2
0 0.295 0.255 0.4947197271 2
0 0.295 0.265 0.49273674 2
0 0.295 0.275 0.4906802163 2
0 0.295 0.285 0.4885504629 2
0 0.295 0.295 0.4863477976 2
0 0.295 0.305 0.4840725492 2
0 0.295 0.315 0.4817250572 2
0 0.295 0.325 0.4793056719 2
0 0.295 0.335 0.4768147545 2
0 0.295 0.345 0.4742526767 2
0 0.295 0.355 0.4716198208 2
0 0.295 0.365 0.4689165798 2
0 0.295 0.375 0.4661433571 2
0 0.295 0.385 0.4633005666 2
0 0.295 0.395 0.4603886325 2
0 0.295 0.405 0.4574079895 2
0 0.295 0.415 0.4543590824 2
0 0.295 0.425 0.4512423661 2
0 0.295 0.435 0.4480583059 2
0 0.295 0.445 0.4448073769 2
0 0.295 0.455 0.4414900644 2
0 0.295 0.465 0.4381068633 2
0 0.295 0.475 0.4346582786 2
0 0.295 0.485 0.4311448249 2
0 0.295 0.495 0.4275670267 2
0 0.295 0.505 0 2
0 0.295 0.515 0 2
0 0.295 0.525 0 2
0 0.295 0.535 0 2
0 0.295 0.545 0 2
0 0.295 0.555 0 2
0 0.295 0.565 0 2
0 0.305 -0.555 0 2
0 0.305 -0.545 0 2
0 0.305 -0.535 0 2
0 0.305 -0.525 0 2
0 0.305 -0.515 0 2
0 0.305 -0.505 0 2
0 0.305 -0.495 0.4768674412 2
0 0.305 -0.485 0.4808577758 2
0 0.305 -0.475 0.4847763465 2
0 0.305 -0.465 0.4886225687 2
0 0.305 -0.455 0.4923958682 2
0 0.305 -0.445 0.4960956819 2
0 0.305 -0.435 0.4997214577 2
0 0.305 -0.425 0.5032726545 2
0 0.305 -0.415 0.5067487422 2
0 0.305 -0.405 0.5101492022 2
0 0.305 -0.395 0.5134735268 2
0 0.305 -0.385 0.5167212201 2
0 0.305 -0.375 0.5198917972 2
0 0.305 -0.365 0.522984785 2
0 0.305 -0.355 0.5259997219 2
0 0.305 -0.345 0.528936158 2
0 0.305 -0.335 0.531793655 2
0 0.305 -0.325 0.5345717865 2
0 0.305 -0.315 0.5372701379 2
0 0.305 -0.305 0.5398883063 2
0 0.305 -0.295 0.5424259012 2
0 0.305 -0.285 0.5448825438 2
0 0.305 -0.275 0.5472578674 2
0 0.305 -0.265 0.5495515176 2
0 0.305 -0.255 0.5517631521 2
0 0.305 -0.245 0.5538924407 2
0 0.305 -0.235 0.5559390658 2
0 0.305 -0.225 0.5579027218 2
0 0.305 -0.215 0.5597831157 2
0 0.305 -0.205 0.561579967 2
0 0.305 -0.195 0.5632930073 2
0 0.305 -0.185 0.5649219811 2
0 0.305 -0.175 0.5664666453 2
0 0.305 -0.165 0.5679267693 2
0 0.305 -0.155 0.5693021351 2
0 0.305 -0.145 0.5705925377 2
0 0.305 -0.135 0.5717977843 2
0 0.305 -0.125 0.5729176951 2
0 0.305 -0.115 0.573952103 2
0 0.305 -0.105 0.5749008535 2
0 0.305 -0.095 0.5757638052 2
0 0.305 -0.085 0.5765408291 2
0 0.305 -0.075 0.5772318094 2
0 0.305 -0.065 0.5778366429 2
0 0.305 -0.055 0.5783552394 2
0 0.305 -0.045 0.5787875214 2
0 0.305 -0.035 0.5791334244 2
0 0.305 -0.025 0.5793928969 2
0 0.305 -0.015 0.5795659001 2
0 0.305 -0.005 0.5796524081 2
0 0.305 0.005 0.5796524081 2
0 0.305 0.015 0.5795659001 2
0 0.305 0.025 0.5793928969 2
0 0.305 0.035 0.5791334244 2
0 0.305 0.045 0.5787875214 2
0 0.305 0.055 0.5783552394 2
0 0.305 0.065 0.5778366429 2
0 0.305 0.075 0.5772318094 2
0 0.305 0.085 0.5765408291 2
0 0.305 0.095 0.5757638052 2
0 0.305 0.105 0.5749008535 2
0 0.305 0.115 0.573952103 2
0 0.305 0.125 0.5729176951 2
0 0.305 0.135 0.5717977843 2
0 0.305 0.145 0.5705925377 2
0 0.305 0.155 0.5693021351 2
0 0.305 0.165 0.5679267693 2
0 0.305 0.175 0.5664666453 2
0 0.305 0.185 0.5649219811 2
0 0.305 0.195 0.5632930073 2
0 0.305 0.205 0.561579967 2
0 0.305 0.215 0.5597831157 2
0 0.305 0.225 0.5579027218 2
0 0.305 0.235 0.5559390658 2
0 0.305 0.245 0.5538924407 2
0 0.305 0.255 0.5517631521 2
0 0.305 0.265 0.5495515176 2
0 0.305 0.275 0.5472578674 2
0 0.305 0.285 0.5448825438 2
0 0.305 0.295 0.5424259012 2
0 0.305 0.305 0.5398883063 2
0 0.305 0.315 0.5372701379 2
0 0.305 0.325 0.5345717865 2
0 0.305 0.335 0.531793655 2
0 0.305 0.345 0.528936158 2
0 0.305 0.355 0.5259997219 2
0 0.305 0.365 0.522984785 2
0 0.305 0.375 0.5198917972 2
0 0.305 0.385 0.5167212201 2
0 0.305 0.395 0.5134735268 2
0 0.305 0.405 0.5101492022 2
0 0.305 0.415 0.5067487422 2
0 0.305 0.425 0.5032726545 2
0 0.305 0.435 0.4997214577 2
0 0.305 0.445 0.4960956819 2
0 0.305 0.455 0.4923958682 2
0 0.305 0.465 0.4886225687 2
0 0.305 0.475 0.4847763465 2
0 0.305 0.485 0.4808577758 2
0 0.305 0.495 0.4768674412 2
0 0.305 0.505 0 2
0 0.305 0.515 0 2
0 0.305 0.525 0 2
0 0.305 0.535 0 2
0 0.305 0.545 0 2
0 0.305 0.555 0 2
0 0.305 0.565 0 2
0 0.315 -0.555 0 2
0 0.315 -0.545 0 2
0 0.315 -0.535 0 2
0 0.315 -0.525 0 2
0 0.315 -0.515 0 2
0 0.315 -0.505 0 2
0 0.315 -0.495 0.5237123137 2
0 0.315 -0.485 0.5280946371 2
0 0.315 -0.475 0.532398147 2
0 0.315 -0.465 0.5366222011 2
0 0.315 -0.455 0.5407661691 2
0 0.315 -0.445 0.5448294325 2
0 0.315 -0.435 0.5488113849 2
0 0.315 -0.425 0.552711432 2
0 0.315 -0.415 0.5565289918 2
0 0.315 -0.405 0.5602634944 2
0 0.315 -0.395 0.5639143827 2
0 0.315 -0.385 0.5674811117 2
0 0.315 -0.375 0.5709631492 2
0 0.315 -0.365 0.5743599753 2
0 0.315 -0.355 0.5776710833 2
0 0.315 -0.345 0.580895979 2
0 0.315 -0.335 0.584034181 2
0 0.315 -0.325 0.5870852211 2
0 0.315 -0.315 0.5900486438 2
0 0.315 -0.305 0.592924007 2
0 0.315 -0.295 0.5957108814 2
0 0.315 -0.285 0.5984088512 2
0 0.315 -0.275 0.6010175138 2
0 0.315 -0.265 0.6035364798 2
0 0.315 -0.255 0.6059653732 2
0 0.315 -0.245 0.6083038316 2
0 0.315 -0.235 0.610551506 2
0 0.315 -0.225 0.612708061 2
0 0.315 -0.215 0.6147731746 2
0 0.315 -0.205 0.6167465388 2
0 0.315 -0.195 0.6186278589 2
0 0.315 -0.185 0.6204168543 2
0 0.315 -0.175 0.6221132579 2
0 0.315 -0.165 0.6237168165 2
0 0.315 -0.155 0.6252272909 2
0 0.315 -0.145 0.6266444556 2
0 0.315 -0.135 0.6279680991 2
0 0.315 -0.125 0.6291980239 2
0 0.315 -0.115 0.6303340464 2
0 0.315 -0.105 0.631375997 2
0 0.315 -0.095 0.6323237204 2
0 0.315 -0.085 0.6331770749 2
0 0.315 -0.075 0.6339359334 2
0 0.315 -0.065 0.6346001824 2
0 0.315 -0.055 0.635169723 2
0 0.315 -0.045 0.6356444701 2
0 0.315 -0.035 0.6360243528 2
0 0.315 -0.025 0.6363093144 2
0 0.315 -0.015 0.6364993124 2
0 0.315 -0.005 0.6365943186 2
0 0.315 0.005 0.6365943186 2
0 0.315 0.015 0.6364993124 2
0 0.315 0.025 0.6363093144 2
0 0.315 0.035 0.6360243528 2
0 0.315 0.045 0.6356444701 2
0 0.315 0.055 0.635169723 2
0 0.315 0.065 0.6346001824 2
0 0.315 0.075 0.6339359334 2
0 0.315 0.085 0.6331770749 2
0 0.315 0.095 0.6323237204 2
0 0.315 0.105 0.631375997 2
0 0.315 0.115 0.6303340464 2
0 0.315 0.125 0.6291980239 2
0 0.315 0.135 0.6279680991 2
0 0.315 0.145 0.6266444556 2
0 0.315 0.155 0.6252272909 2
0 0.315 0.165 0.6237168165 2
0 0.315 0.175 0.6221132579 2
0 0.315 0.185 0.6204168543 2
0 0.315 0.195 0.6186278589 2
0 0.315 0.205 0.6167465388 2
0 0.315 0.215 0.6147731746 2
0 0.315 0.225 0.612708061 2
0 0.315 0.235 0.610551506 2
0 0.315 0.245 0.6083038316 2
0 0.315 0.255 0.6059653732 2
0 0.315 0.265 0.6035364798 2
0 0.315 0.275 0.6010175138 2
0 0.315 0.285 0.5984088512 2
0 0.315 0.295 0.5957108814 2
0 0.315 0.305 0.592924007 2
0 0.315 0.315 0.5900486438 2
0 0.315 0.325 0.5870852211 2
0 0.315 0.335 0.584034181 2
0 0.315 0.345 0.580895979 2
0 0.315 0.355 0.5776710833 2
0 0.315 0.365 0.5743599753 2
0 0.315 0.375 0.5709631492 2
0 0.315 0.385 0.5674811117 2
0 0.315 0.395 0.5639143827 2
0 0.315 0.405 0.5602634944 2
0 0.315 0.415 0.5565289918 2
0 0.315 0.425 0.552711432 2
0 0.315 0.435 0.5488113849 2
0 0.315 0.445 0.5448294325 2
0 0.315 0.455 0.5407661691 2
0 0.315 0.465 0.5366222011 2
0 0.315 0.475 0.532398147 2
0 0.315 0.485 0.5280946371 2
0 0.315 0.495 0.5237123137 2
0 0.315 0.505 0 2
0 0.315 0.515 0 2
0 0.315 0.525 0 2
0 0.315 0.535 0 2
0 0.315 0.545 0 2
0 0.315 0.555 0 2
0 0.315 0.565 0 2
0 0.325 -0.555 0 2
0 0.325 -0.545 0 2
0 0.325 -0.535 0 2
0 0.325 -0.525 0 2
0 0.325 -0.515 0 2
0 0.325 -0.505 0 2
0 0.325 -0.495 0.567860425 2
0 0.325 -0.485 0.5726121713 2
0 0.325 -0.475 0.5772784602 2
0 0.325 -0.465 0.5818585953 2
0 0.325 -0.455 0.5863518932 2
0 0.325 -0.445 0.5907576832 2
0 0.325 -0.435 0.5950753078 2
0 0.325 -0.425 0.5993041226 2
0 0.325 -0.415 0.6034434966 2
0 0.325 -0.405 0.6074928119 2
0 0.325 -0.395 0.6114514642 2
0 0.325 -0.385 0.6153188628 2
0 0.325 -0.375 0.6190944304 2
0 0.325 -0.365 0.6227776036 2
0 0.325 -0.355 0.6263678327 2
0 0.325 -0.345 0.6298645819 2
0 0.325 -0.335 0.6332673294 2
0 0.325 -0.325 0.6365755672 2
0 0.325 -0.315 0.6397888018 2
0 0.325 -0.305 0.6429065534 2
0 0.325 -0.295 0.6459283569 2
0 0.325 -0.285 0.6488537613 2
0 0.325 -0.275 0.65168233 2
0 0.325 -0.265 0.6544136407 2
0 0.325 -0.255 0.657047286 2
0 0.325 -0.245 0.6595828727 2
0 0.325 -0.235 0.6620200225 2
0 0.325 -0.225 0.6643583716 2
0 0.325 -0.215 0.666597571 2
0 0.325 -0.205 0.6687372866 2
0 0.325 -0.195 0.670777199 2
0 0.325 -0.185 0.6727170039 2
0 0.325 -0.175 0.6745564116 2
0 0.325 -0.165 0.6762951476 2
0 0.325 -0.155 0.6779329526 2
0 0.325 -0.145 0.679469582 2
0 0.325 -0.135 0.6809048065 2
0 0.325 -0.125 0.682238412 2
0 0.325 -0.115 0.6834701994 2
0 0.325 -0.105 0.6845999848 2
0 0.325 -0.095 0.6856275997 2
0 0.325 -0.085 0.6865528907 2
0 0.325 -0.075 0.6873757197 2
0 0.325 -0.065 0.6880959639 2
0 0.325 -0.055 0.6887135158 2
0 0.325 -0.045 0.6892282833 2
0 0.325 -0.035 0.6896401895 2
0 0.325 -0.025 0.689949173 2
0 0.325 -0.015 0.6901551875 2
0 0.325 -0.005 0.6902582025 2
0 0.325 0.005 0.6902582025 2
0 0.325 0.015 0.6901551875 2
0 0.325 0.025 0.689949173 2
0 0.325 0.035 0.6896401895 2
0 0.325 0.045 0.6892282833 2
0 0.325 0.055 0.6887135158 2
0 0.325 0.065 0.6880959639 2
0 0.325 0.075 0.6873757197 2
0 0.325 0.085 0.6865528907 2
0 0.325 0.095 0.6856275997 2
0 0.325 0.105 0.6845999848 2
0 0.325 0.115 0.6834701994 2
0 0.325 0.125 0.682238412 2
0 0.325 0.135 0.6809048065 2
0 0.325 0.145 0.679469582 2
0 0.325 0.155 0.6779329526 2
0 0.325 0.165 0.6762951476 2
0 0.325 0.175 0.6745564116 2
0 0.325 0.185 0.6727170039 2
0 0.325 0.195 0.670777199 2
0 0.325 0.205 0.6687372866 2
0 0.325 0.215 0.666597571 2
0 0.325 0.225 0.6643583716 2
0 0.325 0.235 0.6620200225 2
0 0.325 0.245 0.6595828727 2
0 0.325 0.255 0.657047286 2
0 0.325 0.265 0.6544136407 2
0 0.325 0.275 0.65168233 2
0 0.325 0.285 0.6488537613 2
0 0.325 0.295 0.6459283569 2
0 0.325 0.305 0.6429065534 2
0 0.325 0.315 0.6397888018 2
0 0.325 0.325 0.6365755672 2
0 0.325 0.335 0.6332673294 2
0 0.325 0.345 0.6298645819 2
0 0.325 0.355 0.6263678327 2
0 0.325 0.365 0.6227776036 2
0 0.325 0.375 0.6190944304 2
0 0.325 0.385 0.6153188628 2
0 0.325 0.395 0.6114514642 2
0 0.325 0.405 0.6074928119 2
0 0.325 0.415 0.6034434966 2
0 0.325 0.425 0.5993041226 2
0 0.325 0.435 0.5950753078 2
0 0.325 0.445 0.5907576832 2
0 0.325 0.455 0.5863518932 2
0 0.325 0.465 0.5818585953 2
0 0.325 0.475 0.5772784602 2
0 0.325 0.485 0.5726121713 2
0 0.325 0.495 0.567860425 2
0 0.325 0.505 0 2
0 0.325 0.515 0 2
0 0.325 0.525 0 2
0 0.325 0.535 0 2
0 0.325 0.545 0 2
0 0.325 0.555 0 2
0 0.325 0.565 0 2
0 0.335 -0.555 0 2
0 0.335 -0.545 0 2
0 0.335 -0.535 0 2
0 0.335 -0.525 0 2
0 0.335 -0.515 0 2
0 0.335 -0.505 0 2
0 0.335 -0.495 0.6090844425 2
0 0.335 -0.485 0.6141811433 2
0 0.335 -0.475 0.6191861831 2
0 0.335 -0.465 0.6240988147 2
0 0.335 -0.455 0.628918305 2
0 0.335 -0.445 0.6336439348 2
0 0.335 -0.435 0.6382749988 2
0 0.335 -0.425 0.6428108059 2
0 0.335 -0.415 0.647250679 2
0 0.335 -0.405 0.6515939557 2
0 0.335 -0.395 0.6558399878 2
0 0.335 -0.385 0.6599881414 2
0 0.335 -0.375 0.6640377976 2
0 0.335 -0.365 0.667988352 2
0 0.335 -0.355 0.671839215 2
0 0.335 -0.345 0.6755898119 2
0 0.335 -0.335 0.679239583 2
0 0.335 -0.325 0.6827879834 2
0 0.335 -0.315 0.6862344838 2
0 0.335 -0.305 0.6895785697 2
0 0.335 -0.295 0.6928197421 2
0 0.335 -0.285 0.6959575171 2
0 0.335 -0.275 0.6989914267 2
0 0.335 -0.265 0.7019210178 2
0 0.335 -0.255 0.7047458535 2
0 0.335 -0.245 0.707465512 2
0 0.335 -0.235 0.7100795874 2
0 0.335 -0.225 0.7125876898 2
0 0.335 -0.215 0.7149894446 2
0 0.335 -0.205 0.7172844936 2
0 0.335 -0.195 0.7194724942 2
0 0.335 -0.185 0.7215531197 2
0 0.335 -0.175 0.7235260599 2
0 0.335 -0.165 0.7253910201 2
0 0.335 -0.155 0.727147722 2
0 0.335 -0.145 0.7287959036 2
0 0.335 -0.135 0.7303353187 2
0 0.335 -0.125 0.7317657377 2
0 0.335 -0.115 0.7330869471 2
0 0.335 -0.105 0.7342987497 2
0 0.335 -0.095 0.7354009646 2
0 0.335 -0.085 0.7363934274 2
0 0.335 -0.075 0.73727599 2
0 0.335 -0.065 0.7380485206 2
0 0.335 -0.055 0.7387109039 2
0 0.335 -0.045 0.7392630411 2
0 0.335 -0.035 0.7397048497 2
0 0.335 -0.025 0.7400362639 2
0 0.335 -0.015 0.7402572342 2
0 0.335 -0.005 0.7403677276 2
0 0.335 0.005 0.7403677276 2
0 0.335 0.015 0.7402572342 2
0 0.335 0.025 0.7400362639 2
0 0.335 0.035 0.7397048497 2
0 0.335 0.045 0.7392630411 2
0 0.335 0.055 0.7387109039 2
0 0.335 0.065 0.7380485206 2
0 0.335 0.075 0.73727599 2
0 0.335 0.085 0.7363934274 2
0 0.335 0.095 0.7354009646 2
0 0.335 0.105 0.7342987497 2
0 0.335 0.115 0.7330869471 2
0 0.335 0.125 0.7317657377 2
0 0.335 0.135 0.7303353187 2
0 0.335 0.145 0.7287959036 2
0 0.335 0.155 0.727147722 2
0 0.335 0.165 0.7253910201 2
0 0.335 0.175 0.7235260599 2
0 0.335 0.185 0.7215531197 2
0 0.335 0.195 0.7194724942 2
0 0.335 0.205 0.7172844936 2
0 0.335 0.215 0.7149894446 2
0 0.335 0.225 0.7125876898 2
0 0.335 0.235 0.7100795874 2
0 0.335 0.245 0.707465512 2
0 0.335 0.255 0.7047458535 2
0 0.335 0.265 0.7019210178 2
0 0.335 0.275 0.6989914267 2
0 0.335 0.285 0.6959575171 2
0 0.335 0.295 0.6928197421 2
0 0.335 0.305 0.6895785697 2
0 0.335 0.315 0.6862344838 2
0 0.335 0.325 0.6827879834 2
0 0.335 0.335 0.679239583 2
0 0.335 0.345 0.6755898119 2
0 0.335 0.355 0.671839215 2
0 0.335 0.365 0.667988352 2
0 0.335 0.375 0.6640377976 2
0 0.335 0.385 0.6599881414 2
0 0.335 0.395 0.6558399878 2
0 0.335 0.405 0.6515939557 2
0 0.335 0.415 0.647250679 2
0 0.335 0.425 0.6428108059 2
0 0.335 0.435 0.6382749988 2
0 0.335 0.445 0.6336439348 2
0 0.335 0.455 0.628918305 2
0 0.335 0.465 0.6240988147 2
0 0.335 0.475 0.6191861831 2
0 0.335 0.485 0.6141811433 2
0 0.335 0.495 0.6090844425 2
0 0.335 0.505 0 2
0 0.335 0.515 0 2
0 0.335 0.525 0 2
0 0.335 0.535 0 2
0 0.335 0.545 0 2
0 0.335 0.555 0 2
0 0.335 0.565 0 2
0 0.345 -0.555 0 2
0 0.345 -0.545 0 2
0 0.345 -0.535 0 2
0 0.345 -0.525 0 2
0 0.345 -0.515 0 2
0 0.345 -0.505 0 2
0 0.345 -0.495 0.6471720906 2
0 0.345 -0.485 0.6525875015 2
0 0.345 -0.475 0.6579055195 2
0 0.345 -0.465 0.6631253508 2
0 0.345 -0.455 0.6682462165 2
0 0.345 -0.445 0.6732673524 2
0 0.345 -0.435 0.6781880089 2
0 0.345 -0.425 0.6830074519 2
0 0.345 -0.415 0.687724962 2
0 0.345 -0.405 0.6923398352 2
0 0.345 -0.395 0.6968513827 2
0 0.345 -0.385 0.7012589313 2
0 0.345 -0.375 0.7055618232 2
0 0.345 -0.365 0.7097594161 2
0 0.345 -0.355 0.7138510837 2
0 0.345 -0.345 0.7178362152 2
0 0.345 -0.335 0.721714216 2
0 0.345 -0.325 0.7254845073 2
0 0.345 -0.315 0.7291465264 2
0 0.345 -0.305 0.7326997267 2
0 0.345 -0.295 0.7361435781 2
0 0.345 -0.285 0.7394775665 2
0 0.345 -0.275 0.7427011943 2
0 0.345 -0.265 0.7458139805 2
0 0.345 -0.255 0.7488154605 2
0 0.345 -0.245 0.7517051864 2
0 0.345 -0.235 0.7544827269 2
0 0.345 -0.225 0.7571476674 2
0 0.345 -0.215 0.7596996103 2
0 0.345 -0.205 0.7621381747 2
0 0.345 -0.195 0.7644629967 2
0 0.345 -0.185 0.7666737293 2
0 0.345 -0.175 0.7687700425 2
0 0.345 -0.165 0.7707516236 2
0 0.345 -0.155 0.7726181767 2
0 0.345 -0.145 0.7743694233 2
0 0.345 -0.135 0.7760051022 2
0 0.345 -0.125 0.777524969 2
0 0.345 -0.115 0.7789287971 2
0 0.345 -0.105 0.7802163769 2
0 0.345 -0.095 0.7813875162 2
0 0.345 -0.085 0.7824420403 2
0 0.345 -0.075 0.7833797918 2
0 0.345 -0.065 0.7842006308 2
0 0.345 -0.055 0.7849044346 2
0 0.345 -0.045 0.7854910984 2
0 0.345 -0.035 0.7859605345 2
0 0.345 -0.025 0.7863126729 2
0 0.345 -0.015 0.7865474611 2
0 0.345 -0.005 0.7866648639 2
0 0.345 0.005 0.7866648639 2
0 0.345 0.015 0.7865474611 2
0 0.345 0.025 0.7863126729 2
0 0.345 0.035 0.7859605345 2
0 0.345 0.045 0.7854910984 2
0 0.345 0.055 0.7849044346 2
0 0.345 0.065 0.7842006308 2
0 0.345 0.075 0.7833797918 2
0 0.345 0.085 0.7824420403 2
0 0.345 0.095 0.7813875162 2
0 0.345 0.105 0.7802163769 2
0 0.345 0.115 0.7789287971 2
0 0.345 0.125 0.777524969 2
0 0.345 0.135 0.7760051022 2
0 0.345 0.145 0.7743694233 2
0 0.345 0.155 0.7726181767 2
0 0.345 0.165 0.7707516236 2
0 0.345 0.175 0.7687700425 2
0 0.345 0.185 0.7666737293 2
0 0.345 0.195 0.7644629967 2
0 0.345 0.205 0.7621381747 2
0 0.345 0.215 0.7596996103 2
0 0.345 0.225 0.7571476674 2
0 0.345 0.235 0.7544827269 2
0 0.345 0.245 0.7517051864 2
0 0.345 0.255 0.7488154605 2
0 0.345 0.265 0.7458139805 2
0 0.345 0.275 0.7427011943 2
0 0.345 0.285 0.7394775665 2
0 0.345 0.295 0.7361435781 2
0 0.345 0.305 0.7326997267 2
0 0.345 0.315 0.7291465264 2
0 0.345 0.325 0.7254845073 2
0 0.345 0.335 0.721714216 2
0 0.345 0.345 0.7178362152 2
0 0.345 0.355 0.7138510837 2
0 0.345 0.365 0.7097594161 2
0 0.345 0.375 0.7055618232 2
0 0.345 0.385 0.7012589313 2
0 0.345 0.395 0.6968513827 2
0 0.345 0.405 0.6923398352 2
0 0.345 0.415 0.687724962 2
0 0.345 0.425 0.6830074519 2
0 0.345 0.435 0.6781880089 2
0 0.345 0.445 0.6732673524 2
0 0.345 0.455 0.6682462165 2
0 0.345 0.465 0.6631253508 2
0 0.345 0.475 0.6579055195 2
0 0.345 0.485 0.6525875015 2
0 0.345 0.495 0.6471720906 2
0 0.345 0.505 0 2
0 0.345 0.515 0 2
0 0.345 0.525 0 2
0 0.345 0.535 0 2
0 0.345 0.545 0 2
0 0.345 0.555 0 2
0 0.345 0.565 0 2
0 0.355 -0.555 0 2
0 0.355 -0.545 0 2
0 0.355 -0.535 0 2
0 0.355 -0.525 0 2
0 0.355 -0.515 0 2
0 0.355 -0.505 0 2
0 0.355 -0.495 0.6819272438 2
0 0.355 -0.485 0.6876334792 2
0 0.355 -0.475 0.6932370912 2
0 0.355 -0.465 0.6987372438 2
0 0.355 -0.455 0.7041331159 2
0 0.355 -0.445 0.7094239023 2
0 0.355 -0.435 0.7146088135 2
0 0.355 -0.425 0.7196870755 2
0 0.355 -0.415 0.7246579306 2
0 0.355 -0.405 0.7295206368 2
0 0.355 -0.395 0.7342744685 2
0 0.355 -0.385 0.7389187161 2
0 0.355 -0.375 0.7434526866 2
0 0.355 -0.365 0.7478757033 2
0 0.355 -0.355 0.7521871062 2
0 0.355 -0.345 0.7563862517 2
0 0.355 -0.335 0.7604725132 2
0 0.355 -0.325 0.7644452808 2
0 0.355 -0.315 0.7683039617 2
0 0.355 -0.305 0.77204798 2
0 0.355 -0.295 0.7756767768 2
0 0.355 -0.285 0.7791898108 2
0 0.355 -0.275 0.7825865574 2
0 0.355 -0.265 0.78586651 2
0 0.355 -0.255 0.7890291788 2
0 0.355 -0.245 0.7920740919 2
0 0.355 -0.235 0.7950007949 2
0 0.355 -0.225 0.7978088511 2
0 0.355 -0.215 0.8004978413 2
0 0.355 -0.205 0.8030673641 2
0 0.355 -0.195 0.8055170363 2
0 0.355 -0.185 0.807846492 2
0 0.355 -0.175 0.8100553838 2
0 0.355 -0.165 0.8121433819 2
0 0.355 -0.155 0.8141101748 2
0 0.355 -0.145 0.8159554688 2
0 0.355 -0.135 0.8176789887 2
0 0.355 -0.125 0.8192804771 2
0 0.355 -0.115 0.8207596951 2
0 0.355 -0.105 0.8221164219 2
0 0.355 -0.095 0.8233504551 2
0 0.355 -0.085 0.8244616104 2
0 0.355 -0.075 0.8254497221 2
0 0.355 -0.065 0.8263146427 2
0 0.355 -0.055 0.827056243 2
0 0.355 -0.045 0.8276744124 2
0 0.355 -0.035 0.8281690587 2
0 0.355 -0.025 0.8285401081 2
0 0.355 -0.015 0.828787505 2
0 0.355 -0.005 0.8289112128 2
0 0.355 0.005 0.8289112128 2
0 0.355 0.015 0.828787505 2
0 0.355 0.025 0.8285401081 2
0 0.355 0.035 0.8281690587 2
0 0.355 0.045 0.8276744124 2
0 0.355 0.055 0.827056243 2
0 0.355 0.065 0.8263146427 2
0 0.355 0.075 0.8254497221 2
0 0.355 0.085 0.8244616104 2
0 0.355 0.095 0.8233504551 2
0 0.355 0.105 0.8221164219 2
0 0.355 0.115 0.8207596951 2
0 0.355 0.125 0.8192804771 2
0 0.355 0.135 0.8176789887 2
0 0.355 0.145 0.8159554688 2
0 0.355 0.155 0.8141101748 2
0 0.355 0.165 0.8121433819 2
0 0.355 0.175 0.8100553838 2
0 0.355 0.185 0.807846492 2
0 0.355 0.195 0.8055170363 2
0 0.355 0.205 0.8030673641 2
0 0.355 0.215 0.8004978413 2
0 0.355 0.225 0.7978088511 2
0 0.355 0.235 0.7950007949 2
0 0.355 0.245 0.7920740919 2
0 0.355 0.255 0.7890291788 2
0 0.355 0.265 0.78586651 2
0 0.355 0.275 0.7825865574 2
0 0.355 0.285 0.7791898108 2
0 0.355 0.295 0.7756767768 2
0 0.355 0.305 0.77204798 2
0 0.355 0.315 0.7683039617 2
0 0.355 0.325 0.7644452808 2
0 0.355 0.335 0.7604725132 2
0 0.355 0.345 0.7563862517 2
0 0.355 0.355 0.7521871062 2
0 0.355 0.365 0.7478757033 2
0 0.355 0.375 0.7434526866 2
0 0.355 0.385 0.7389187161 2
0 0.355 0.395 0.7342744685 2
0 0.355 0.405 0.7295206368 2
0 0.355 0.415 0.7246579306 2
0 0.355 0.425 0.7196870755 2
0 0.355 0.435 0.7146088135 2
0 0.355 0.445 0.7094239023 2
0 0.355 0.455 0.7041331159 2
0 0.355 0.465 0.6987372438 2
0 0.355 0.475 0.6932370912 2
0 0.355 0.485 0.6876334792 2
0 0.355 0.495 0.6819272438 2
0 0.355 0.505 0 2
0 0.355 0.515 0 2
0 0.355 0.525 0 2
0 0.355 0.535 0 2
0 0.355 0.545 0 2
0 0.355 0.555 0 2
0 0.355 0.565 0 2
0 0.365 -0.555 0 1
0 0.365 -0.545 0 1
0 0.365 -0.535 0 1
0 0.365 -0.525 0 2
0 0.365 -0.515 0 2
0 0.365 -0.505 0 2
0 0.365 -0.495 0.713170937 2
0 0.365 -0.485 0.7191386135 2
0 0.365 -0.475 0.7249989649 2
0 0.365 -0.465 0.7307511165 2
0 0.365 -0.455 0.73639421 2
0 0.365 -0.445 0.7419274031 2
0 0.365 -0.435 0.74734987 2
0 0.365 -0.425 0.7526608016 2
0 0.365 -0.415 0.7578594051 2
0 0.365 -0.405 0.7629449047 2
0 0.365 -0.395 0.7679165415 2
0 0.365 -0.385 0.7727735735 2
0 0.365 -0.375 0.7775152759 2
0 0.365 -0.365 0.7821409408 2
0 0.365 -0.355 0.7866498782 2
0 0.365 -0.345 0.7910414149 2
0 0.365 -0.335 0.7953148956 2
0 0.365 -0.325 0.7994696826 2
0 0.365 -0.315 0.8035051557 2
0 0.365 -0.305 0.8074207127 2
0 0.365 -0.295 0.8112157693 2
0 0.365 -0.285 0.8148897591 2
0 0.365 -0.275 0.8184421336 2
0 0.365 -0.265 0.8218723629 2
0 0.365 -0.255 0.825179935 2
0 0.365 -0.245 0.8283643561 2
0 0.365 -0.235 0.8314251512 2
0 0.365 -0.225 0.8343618634 2
0 0.365 -0.215 0.8371740543 2
0 0.365 -0.205 0.8398613044 2
0 0.365 -0.195 0.8424232126 2
0 0.365 -0.185 0.8448593965 2
0 0.365 -0.175 0.8471694925 2
0 0.365 -0.165 0.8493531559 2
0 0.365 -0.155 0.8514100608 2
0 0.365 -0.145 0.8533399002 2
0 0.365 -0.135 0.8551423862 2
0 0.365 -0.125 0.8568172496 2
0 0.365 -0.115 0.8583642406 2
0 0.365 -0.105 0.8597831282 2
0 0.365 -0.095 0.8610737008 2
0 0.365 -0.085 0.8622357657 2
0 0.365 -0.075 0.8632691494 2
0 0.365 -0.065 0.8641736978 2
0 0.365 -0.055 0.8649492758 2
0 0.365 -0.045 0.8655957678 2
0 0.365 -0.035 0.8661130772 2
0 0.365 -0.025 0.8665011268 2
0 0.365 -0.015 0.8667598587 2
0 0.365 -0.005 0.8668892343 2
0 0.365 0.005 0.8668892343 2
0 0.365 0.015 0.8667598587 2
0 0.365 0.025 0.8665011268 2
0 0.365 0.035 0.8661130772 2
0 0.365 0.045 0.8655957678 2
0 0.365 0.055 0.8649492758 2
0 0.365 0.065 0.8641736978 2
0 0.365 0.075 0.8632691494 2
0 0.365 0.085 0.8622357657 2
0 0.365 0.095 0.8610737008 2
0 0.365 0.105 0.8597831282 2
0 0.365 0.115 0.8583642406 2
0 0.365 0.125 0.8568172496 2
0 0.365 0.135 0.8551423862 2
0 0.365 0.145 0.8533399002 2
0 0.365 0.155 0.8514100608 2
0 0.365 0.165 0.8493531559 2
0 0.365 0.175 0.8471694925 2
0 0.365 0.185 0.8448593965 2
0 0.365 0.195 0.8424232126 2
0 0.365 0.205 0.8398613044 2
0 0.365 0.215 0.8371740543 2
0 0.365 0.225 0.8343618634 2
0 0.365 0.235 0.8314251512 2
0 0.365 0.245 0.8283643561 2
0 0.365 0.255 0.825179935 2
0 0.365 0.265 0.8218723629 2
0 0.365 0.275 0.8184421336 2
0 0.365 0.285 0.8148897591 2
0 0.365 0.295 0.8112157693 2
0 0.365 0.305 0.8074207127 2
0 0.365 0.315 0.8035051557 2
0 0.365 0.325 0.7994696826 2
0 0.365 0.335 0.7953148956 2
0 0.365 0.345 0.7910414149 2
0 0.365 0.355 0.7866498782 2
0 0.365 0.365 0.7821409408 2
0 0.365 0.375 0.7775152759 2
0 0.365 0.385 0.7727735735 2
0 0.365 0.395 0.7679165415 2
0 0.365 0.405 0.7629449047 2
0 0.365 0.415 0.7578594051 2
0 0.365 0.425 0.7526608016 2
0 0.365 0.435 0.74734987 2
0 0.365 0.445 0.7419274031 2
0 0.365 0.455 0.73639421 2
0 0.365 0.465 0.7307511165 2
0 0.365 0.475 0.7249989649 2
0 0.365 0.485 0.7191386135 2
0 0.365 0.495 0.713170937 2
0 0.365 0.505 0 2
0 0.365 0.515 0 2
0 0.365 0.525 0 2
0 0.365 0.535 0 2
0 0.365 0.545 0 2
0 0.365 0.555 0 2
0 0.365 0.565 0 2
0 0.375 -0.555 0 1
0 0.375 -0.545 0 1
0 0.375 -0.535 0 1
0 0.375 -0.525 0 1
0 0.375 -0.515 0 1
0 0.375 -0.505 0 2
0 0.375 -0.495 0.7407422862 2
0 0.375 -0.485 0.7469406745 2
0 0.375 -0.475 0.7530275884 2
0 0.375 -0.465 0.7590021195 2
0 0.375 -0.455 0.7648633763 2
0 0.375 -0.445 0.7706104839 2
0 0.375 -0.435 0.7762425846 2
0 0.375 -0.425 0.7817588379 2
0 0.375 -0.415 0.7871584206 2
0 0.375 -0.405 0.7924405268 2
0 0.375 -0.395 0.7976043682 2
0 0.375 -0.385 0.8026491742 2
0 0.375 -0.375 0.8075741918 2
0 0.375 -0.365 0.812378686 2
0 0.375 -0.355 0.8170619399 2
0 0.375 -0.345 0.8216232544 2
0 0.375 -0.335 0.8260619489 2
0 0.375 -0.325 0.8303773608 2
0 0.375 -0.315 0.8345688463 2
0 0.375 -0.305 0.8386357796 2
0 0.375 -0.295 0.8425775539 2
0 0.375 -0.285 0.8463935809 2
0 0.375 -0.275 0.8500832911 2
0 0.375 -0.265 0.8536461339 2
0 0.375 -0.255 0.8570815774 2
0 0.375 -0.245 0.860389109 2
0 0.375 -0.235 0.8635682351 2
0 0.375 -0.225 0.8666184812 2
0 0.375 -0.215 0.8695393921 2
0 0.375 -0.205 0.8723305319 2
0 0.375 -0.195 0.874991484 2
0 0.375 -0.185 0.8775218513 2
0 0.375 -0.175 0.8799212562 2
0 0.375 -0.165 0.8821893405 2
0 0.375 -0.155 0.8843257658 2
0 0.375 -0.145 0.8863302133 2
0 0.375 -0.135 0.8882023837 2
0 0.375 -0.125 0.8899419978 2
0 0.375 -0.115 0.8915487958 2
0 0.375 -0.105 0.8930225379 2
0 0.375 -0.095 0.8943630043 2
0 0.375 -0.085 0.8955699948 2
0 0.375 -0.075 0.8966433294 2
0 0.375 -0.065 0.8975828479 2
0 0.375 -0.055 0.8983884099 2
0 0.375 -0.045 0.8990598954 2
0 0.375 -0.035 0.8995972041 2
0 0.375 -0.025 0.9000002558 2
0 0.375 -0.015 0.9002689904 2
0 0.375 -0.005 0.9004033677 2
0 0.375 0.005 0.9004033677 2
0 0.375 0.015 0.9002689904 2
0 0.375 0.025 0.9000002558 2
0 0.375 0.035 0.8995972041 2
0 0.375 0.045 0.8990598954 2
0 0.375 0.055 0.8983884099 2
0 0.375 0.065 0.8975828479 2
0 0.375 0.075 0.8966433294 2
0 0.375 0.085 0.8955699948 2
0 0.375 0.095 0.8943630043 2
0 0.375 0.105 0.8930225379 2
0 0.375 0.115 0.8915487958 2
0 0.375 0.125 0.8899419978 2
0 0.375 0.135 0.8882023837 2
0 0.375 0.145 0.8863302133 2
0 0.375 0.155 0.8843257658 2
0 0.375 0.165 0.8821893405 2
0 0.375 0.175 0.8799212562 2
0 0.375 0.185 0.8775218513 2
0 0.375 0.195 0.874991484 2
0 0.375 0.205 0.8723305319 2
0 0.375 0.215 0.8695393921 2
0 0.375 0.225 0.8666184812 2
0 0.375 0.235 0.8635682351 2
0 0.375 0.245 0.860389109 2
0 0.375 0.255 0.8570815774 2
0 0.375 0.265 0.8536461339 2
0 0.375 0.275 0.8500832911 2
0 0.375 0.285 0.8463935809 2
0 0.375 0.295 0.8425775539 2
0 0.375 0.305 0.8386357796 2
0 0.375 0.315 0.8345688463 2
0 0.375 0.325 0.8303773608 2
0 0.375 0.335 0.8260619489 2
0 0.375 0.345 0.8216232544 2
0 0.375 0.355 0.8170619399 2
0 0.375 0.365 0.812378686 2
0 0.375 0.375 0.8075741918 2
0 0.375 0.385 0.8026491742 2
0 0.375 0.395 0.7976043682 2
0 0.375 0.405 0.7924405268 2
0 0.375 0.415 0.7871584206 2
0 0.375 0.425 0.7817588379 2
0 0.375 0.435 0.7762425846 2
0 0.375 0.445 0.7706104839 2
0 0.375 0.455 0.7648633763 2
0 0.375 0.465 0.7590021195 2
0 0.375 0.475 0.7530275884 2
0 0.375 0.485 0.7469406745 2
0 0.375 0.495 0.7407422862 2
0 0.375 0.505 0 2
0 0.375 0.515 0 2
0 0.375 0.525 0 2
0 0.375 0.535 0 2
0 0.375 0.545 0 2
0 0.375 0.555 0 2
0 0.375 0.565 0 2
0 0.385 -0.555 0 1
0 0.385 -0.545 0 1
0 0.385 -0.535 0 1
0 0.385 -0.525 0 1
0 0.385 -0.515 0 1
0 0.385 -0.505 0 1
0 0.385 -0.495 0.7644993181 2
0 0.385 -0.485 0.7708965005 2
0 0.385 -0.475 0.7771786335 2
0 0.385 -0.465 0.7833447794 2
0 0.385 -0.455 0.7893940179 2
0 0.385 -0.445 0.7953254463 2
0 0.385 -0.435 0.8011381793 2
0 0.385 -0.425 0.8068313495 2
0 0.385 -0.415 0.8124041073 2
0 0.385 -0.405 0.8178556208 2
0 0.385 -0.395 0.8231850765 2
0 0.385 -0.385 0.8283916791 2
0 0.385 -0.375 0.8334746515 2
0 0.385 -0.365 0.8384332351 2
0 0.385 -0.355 0.84326669 2
0 0.385 -0.345 0.8479742946 2
0 0.385 -0.335 0.8525553466 2
0 0.385 -0.325 0.8570091621 2
0 0.385 -0.315 0.8613350766 2
0 0.385 -0.305 0.8655324443 2
0 0.385 -0.295 0.8696006389 2
0 0.385 -0.285 0.8735390533 2
0 0.385 -0.275 0.8773470996 2
0 0.385 -0.265 0.8810242095 2
0 0.385 -0.255 0.8845698343 2
0 0.385 -0.245 0.8879834449 2
0 0.385 -0.235 0.8912645316 2
0 0.385 -0.225 0.894412605 2
0 0.385 -0.215 0.8974271952 2
0 0.385 -0.205 0.9003078522 2
0 0.385 -0.195 0.9030541461 2
0 0.385 -0.185 0.9056656672 2
0 0.385 -0.175 0.9081420256 2
0 0.385 -0.165 0.9104828518 2
0 0.385 -0.155 0.9126877964 2
0 0.385 -0.145 0.9147565303 2
0 0.385 -0.135 0.9166887449 2
0 0.385 -0.125 0.9184841517 2
0 0.385 -0.115 0.9201424828 2
0 0.385 -0.105 0.9216634907 2
0 0.385 -0.095 0.9230469484 2
0 0.385 -0.085 0.9242926495 2
0 0.385 -0.075 0.925400408 2
0 0.385 -0.065 0.9263700586 2
0 0.385 -0.055 0.9272014566 2
0 0.385 -0.045 0.9278944779 2
0 0.385 -0.035 0.9284490191 2
0 0.385 -0.025 0.9288649974 2
0 0.385 -0.015 0.9291423508 2
0 0.385 -0.005 0.9292810379 2
0 0.385 0.005 0.9292810379 2
0 0.385 0.015 0.9291423508 2
0 0.385 0.025 0.9288649974 2
0 0.385 0.035 0.9284490191 2
0 0.385 0.045 0.9278944779 2
0 0.385 0.055 0.9272014566 2
0 0.385 0.065 0.9263700586 2
0 0.385 0.075 0.925400408 2
0 0.385 0.085 0.9242926495 2
0 0.385 0.095 0.9230469484 2
0 0.385 0.105 0.9216634907 2
0 0.385 0.115 0.9201424828 2
0 0.385 0.125 0.9184841517 2
0 0.385 0.135 0.9166887449 2
0 0.385 0.145 0.9147565303 2
0 0.385 0.155 0.9126877964 2
0 0.385 0.165 0.9104828518 2
0 0.385 0.175 0.9081420256 2
0 0.385 0.185 0.9056656672 2
0 0.385 0.195 0.9030541461 2
0 0.385 0.205 0.9003078522 2
0 0.385 0.215 0.8974271952 2
0 0.385 0.225 0.894412605 2
0 0.385 0.235 0.8912645316 2
0 0.385 0.245 0.8879834449 2
0 0.385 0.255 0.8845698343 2
0 0.385 0.265 0.8810242095 2
0 0.385 0.275 0.8773470996 2
0 0.385 0.285 0.8735390533 2
0 0.385 0.295 0.8696006389 2
0 0.385 0.305 0.8655324443 2
0 0.385 0.315 0.8613350766 2
0 0.385 0.325 0.8570091621 2
0 0.385 0.335 0.8525553466 2
0 0.385 0.345 0.8479742946 2
0 0.385 0.355 0.84326669 2
0 0.385 0.365 0.8384332351 2
0 0.385 0.375 0.8334746515 2
0 0.385 0.385 0.8283916791 2
0 0.385 0.395 0.8231850765 2
0 0.385 0.405 0.8178556208 2
0 0.385 0.415 0.8124041073 2
0 0.385 0.425 0.8068313495 2
0 0.385 0.435 0.8011381793 2
0 0.385 0.445 0.7953254463 2
0 0.385 0.455 0.7893940179 2
0 0.385 0.465 0.7833447794 2
0 0.385 0.475 0.7771786335 2
0 0.385 0.485 0.7708965005 2
0 0.385 0.495 0.7644993181 2
0 0.385 0.505 0 2
0 0.385 0.515 0 2
0 0.385 0.525 0 2
0 0.385 0.535 0 2
0 0.385 0.545 0 2
0 0.385 0.555 0 2
0 0.385 0.565 0 2
0 0.395 -0.555 0 1
0 0.395 -0.545 0 1
0 0.395 -0.535 0 1
0 0.395 -0.525 0 1
0 0.395 -0.515 0 1
0 0.395 -0.505 0 1
0 0.395 -0.495 0.7843196999 1
0 0.395 -0.485 0.7908827355 2
0 0.395 -0.475 0.7973277388 2
0 0.395 -0.465 0.8036537479 2
0 0.395 -0.455 0.8098598188 2
0 0.395 -0.445 0.8159450252 2
0 0.395 -0.435 0.8219084589 2
0 0.395 -0.425 0.8277492301 2
0 0.395 -0.415 0.8334664669 2
0 0.395 -0.405 0.8390593162 2
0 0.395 -0.395 0.8445269432 2
0 0.395 -0.385 0.849868532 2
0 0.395 -0.375 0.8550832853 2
0 0.395 -0.365 0.860170425 2
0 0.395 -0.355 0.8651291918 2
0 0.395 -0.345 0.8699588457 2
0 0.395 -0.335 0.8746586658 2
0 0.395 -0.325 0.8792279508 2
0 0.395 -0.315 0.8836660188 2
0 0.395 -0.305 0.8879722073 2
0 0.395 -0.295 0.8921458738 2
0 0.395 -0.285 0.8961863953 2
0 0.395 -0.275 0.9000931689 2
0 0.395 -0.265 0.9038656115 2
0 0.395 -0.255 0.90750316 2
0 0.395 -0.245 0.9110052717 2
0 0.395 -0.235 0.9143714238 2
0 0.395 -0.225 0.917601114 2
0 0.395 -0.215 0.9206938603 2
0 0.395 -0.205 0.9236492012 2
0 0.395 -0.195 0.9264666954 2
0 0.395 -0.185 0.9291459227 2
0 0.395 -0.175 0.9316864831 2
0 0.395 -0.165 0.9340879974 2
0 0.395 -0.155 0.9363501073 2
0 0.395 -0.145 0.9384724752 2
0 0.395 -0.135 0.9404547843 2
0 0.395 -0.125 0.9422967387 2
0 0.395 -0.115 0.9439980637 2
0 0.395 -0.105 0.9455585052 2
0 0.395 -0.095 0.9469778304 2
0 0.395 -0.085 0.9482558274 2
0 0.395 -0.075 0.9493923056 2
0 0.395 -0.065 0.9503870954 2
0 0.395 -0.055 0.9512400482 2
0 0.395 -0.045 0.9519510367 2
0 0.395 -0.035 0.9525199549 2
0 0.395 -0.025 0.9529467179 2
0 0.395 -0.015 0.953231262 2
0 0.395 -0.005 0.9533735446 2
0 0.395 0.005 0.9533735446 2
0 0.395 0.015 0.953231262 2
0 0.395 0.025 0.9529467179 2
0 0.395 0.035 0.9525199549 2
0 0.395 0.045 0.9519510367 2
0 0.395 0.055 0.9512400482 2
0 0.395 0.065 0.9503870954 2
0 0.395 0.075 0.9493923056 2
0 0.395 0.085 0.9482558274 2
0 0.395 0.095 0.9469778304 2
0 0.395 0.105 0.9455585052 2
0 0.395 0.115 0.9439980637 2
0 0.395 0.125 0.9422967387 2
0 0.395 0.135 0.9404547843 2
0 0.395 0.145 0.9384724752 2
0 0.395 0.155 0.9363501073 2
0 0.395 0.165 0.9340879974 2
0 0.395 0.175 0.9316864831 2
0 0.395 0.185 0.9291459227 2
0 0.395 0.195 0.9264666954 2
0 0.395 0.205 0.9236492012 2
0 0.395 0.215 0.9206938603 2
0 0.395 0.225 0.917601114 2
0 0.395 0.235 0.9143714238 2
0 0.395 0.245 0.9110052717 2
0 0.395 0.255 0.90750316 2
0 0.395 0.265 0.9038656115 2
0 0.395 0.275 0.9000931689 2
0 0.395 0.285 0.8961863953 2
0 0.395 0.295 0.8921458738 2
0 0.395 0.305 0.8879722073 2
0 0.395 0.315 0.8836660188 2
0 0.395 0.325 0.8792279508 2
0 0.395 0.335 0.8746586658 2
0 0.395 0.345 0.8699588457 2
0 0.395 0.355 0.8651291918 2
0 0.395 0.365 0.860170425 2
0 0.395 0.375 0.8550832853 2
0 0.395 0.385 0.849868532 2
0 0.395 0.395 0.8445269432 2
0 0.395 0.405 0.8390593162 2
0 0.395 0.415 0.8334664669 2
0 0.395 0.425 0.8277492301 2
0 0.395 0.435 0.8219084589 2
0 0.395 0.445 0.8159450252 2
0 0.395 0.455 0.8098598188 2
0 0.395 0.465 0.8036537479 2
0 0.395 0.475 0.7973277388 2
0 0.395 0.485 0.7908827355 2
0 0.395 0.495 0.7843196999 2
0 0.395 0.505 0 2
0 0.395 0.515 0 2
0 0.395 0.525 0 2
0 0.395 0.535 0 2
0 0.395 0.545 0 2
0 0.395 0.555 0 2
0 0.395 0.565 0 2
0 0.405 -0.555 0 1
0 0.405 -0.545 0 1
0 0.405 -0.535 0 1
0 0.405 -0.525 0 1
0 0.405 -0.515 0 1
0 0.405 -0.505 0 1
0 0.405 -0.495 0.8001013702 1
0 0.405 -0.485 0.8067964638 2
0 0.405 -0.475 0.8133711501 2
0 0.405 -0.465 0.8198244479 2
0 0.405 -0.455 0.8261553941 2
0 0.405 -0.445 0.8323630438 2
0 0.405 -0.435 0.8384464706 2
0 0.405 -0.425 0.8444047667 2
0 0.405 -0.415 0.8502370428 2
0 0.405 -0.405 0.8559424284 2
0 0.405 -0.395 0.8615200722 2
0 0.405 -0.385 0.8669691416 2
0 0.405 -0.375 0.8722888235 2
0 0.405 -0.365 0.877478324 2
0 0.405 -0.355 0.8825368685 2
0 0.405 -0.345 0.8874637021 2
0 0.405 -0.335 0.8922580896 2
0 0.405 -0.325 0.8969193153 2
0 0.405 -0.315 0.9014466837 2
0 0.405 -0.305 0.9058395191 2
0 0.405 -0.295 0.910097166 2
0 0.405 -0.285 0.9142189888 2
0 0.405 -0.275 0.9182043724 2
0 0.405 -0.265 0.9220527221 2
0 0.405 -0.255 0.9257634635 2
0 0.405 -0.245 0.9293360428 2
0 0.405 -0.235 0.9327699269 2
0 0.405 -0.225 0.9360646032 2
0 0.405 -0.215 0.9392195802 2
0 0.405 -0.205 0.9422343868 2
0 0.405 -0.195 0.9451085732 2
0 0.405 -0.185 0.9478417105 2
0 0.405 -0.175 0.9504333907 2
0 0.405 -0.165 0.952883227 2
0 0.405 -0.155 0.9551908539 2
0 0.405 -0.145 0.957355927 2
0 0.405 -0.135 0.9593781231 2
0 0.405 -0.125 0.9612571404 2
0 0.405 -0.115 0.9629926985 2
0 0.405 -0.105 0.9645845384 2
0 0.405 -0.095 0.9660324225 2
0 0.405 -0.085 0.9673361347 2
0 0.405 -0.075 0.9684954805 2
0 0.405 -0.065 0.9695102869 2
0 0.405 -0.055 0.9703804024 2
0 0.405 -0.045 0.9711056971 2
0 0.405 -0.035 0.9716860628 2
0 0.405 -0.025 0.9721214129 2
0 0.405 -0.015 0.9724116823 2
0 0.405 -0.005 0.9725568279 2
0 0.405 0.005 0.9725568279 2
0 0.405 0.015 0.9724116823 2
0 0.405 0.025 0.9721214129 2
0 0.405 0.035 0.9716860628 2
0 0.405 0.045 0.9711056971 2
0 0.405 0.055 0.9703804024 2
0 0.405 0.065 0.9695102869 2
0 0.405 0.075 0.9684954805 2
0 0.405 0.085 0.9673361347 2
0 0.405 0.095 0.9660324225 2
0 0.405 0.105 0.9645845384 2
0 0.405 0.115 0.9629926985 2
0 0.405 0.125 0.9612571404 2
0 0.405 0.135 0.9593781231 2
0 0.405 0.145 0.957355927 2
0 0.405 0.155 0.9551908539 2
0 0.405 0.165 0.952883227 2
0 0.405 0.175 0.9504333907 2
0 0.405 0.185 0.9478417105 2
0 0.405 0.195 0.9451085732 2
0 0.405 0.205 0.9422343868 2
0 0.405 0.215 0.9392195802 2
0 0.405 0.225 0.9360646032 2
0 0.405 0.235 0.9327699269 2
0 0.405 0.245 0.9293360428 2
0 0.405 0.255 0.9257634635 2
0 0.405 0.265 0.9220527221 2
0 0.405 0.275 0.9182043724 2
0 0.405 0.285 0.9142189888 2
0 0.405 0.295 0.910097166 2
0 0.405 0.305 0.9058395191 2
0 0.405 0.315 0.9014466837 2
0 0.405 0.325 0.8969193153 2
0 0.405 0.335 0.8922580896 2
0 0.405 0.345 0.8874637021 2
0 0.405 0.355 0.8825368685 2
0 0.405 0.365 0.877478324 2
0 0.405 0.375 0.8722888235 2
0 0.405 0.385 0.8669691416 2
0 0.405 0.395 0.8615200722 2
0 0.405 0.405 0.8559424284 2
0 0.405 0.415 0.8502370428 2
0 0.405 0.425 0.8444047667 2
0 0.405 0.435 0.8384464706 2
0 0.405 0.445 0.8323630438 2
0 0.405 0.455 0.8261553941 2
0 0.405 0.465 0.8198244479 2
0 0.405 0.475 0.8133711501 2
0 0.405 0.485 0.8067964638 2
0 0.405 0.495 0.8001013702 2
0 0.405 0.505 0 2
0 0.405 0.515 0 2
0 0.405 0.525 0 2
0 0.405 0.535 0 2
0 0.405 0.545 0 2
0 0.405 0.555 0 2
0 0.405 0.565 0 2
0 0.415 -0.555 0 1
0 0.415 -0.545 0 1
0 0.415 -0.535 0 1
0 0.415 -0.525 0 1
0 0.415 -0.515 0 1
0 0.415 -0.505 0 1
0 0.415 -0.495 0.8117630643 1
0 0.415 -0.485 0.8185557407 1
0 0.415 -0.475 0.8252262548 2
0 0.415 -0.465 0.8317736112 2
0 0.415 -0.455 0.8381968326 2
0 0.415 -0.445 0.8444949605 2
0 0.415 -0.435 0.850667055 2
0 0.415 -0.425 0.8567121948 2
0 0.415 -0.415 0.8626294779 2
0 0.415 -0.405 0.8684180211 2
0 0.415 -0.395 0.8740769605 2
0 0.415 -0.385 0.8796054516 2
0 0.415 -0.375 0.8850026693 2
0 0.415 -0.365 0.8902678081 2
0 0.415 -0.355 0.8954000823 2
0 0.415 -0.345 0.9003987258 2
0 0.415 -0.335 0.9052629928 2
0 0.415 -0.325 0.9099921572 2
0 0.415 -0.315 0.9145855132 2
0 0.415 -0.305 0.9190423754 2
0 0.415 -0.295 0.9233620785 2
0 0.415 -0.285 0.927543978 2
0 0.415 -0.275 0.9315874497 2
0 0.415 -0.265 0.9354918901 2
0 0.415 -0.255 0.9392567166 2
0 0.415 -0.245 0.9428813672 2
0 0.415 -0.235 0.9463653011 2
0 0.415 -0.225 0.9497079983 2
0 0.415 -0.215 0.9529089598 2
0 0.415 -0.205 0.9559677081 2
0 0.415 -0.195 0.9588837866 2
0 0.415 -0.185 0.96165676 2
0 0.415 -0.175 0.9642862147 2
0 0.415 -0.165 0.9667717581 2
0 0.415 -0.155 0.9691130192 2
0 0.415 -0.145 0.9713096488 2
0 0.415 -0.135 0.9733613189 2
0 0.415 -0.125 0.9752677234 2
0 0.415 -0.115 0.9770285778 2
0 0.415 -0.105 0.9786436192 2
0 0.415 -0.095 0.9801126066 2
0 0.415 -0.085 0.9814353208 2
0 0.415 -0.075 0.9826115644 2
0 0.415 -0.065 0.9836411618 2
0 0.415 -0.055 0.9845239595 2
0 0.415 -0.045 0.9852598255 2
0 0.415 -0.035 0.9858486502 2
0 0.415 -0.025 0.9862903456 2
0 0.415 -0.015 0.9865848459 2
0 0.415 -0.005 0.986732107 2
0 0.415 0.005 0.986732107 2
0 0.415 0.015 0.9865848459 2
0 0.415 0.025 0.9862903456 2
0 0.415 0.035 0.9858486502 2
0 0.415 0.045 0.9852598255 2
0 0.415 0.055 0.9845239595 2
0 0.415 0.065 0.9836411618 2
0 0.415 0.075 0.9826115644 2
0 0.415 0.085 0.9814353208 2
0 0.415 0.095 0.9801126066 2
0 0.415 0.105 0.9786436192 2
0 0.415 0.115 0.9770285778 2
0 0.415 0.125 0.9752677234 2
0 0.415 0.135 0.9733613189 2
0 0.415 0.145 0.9713096488 2
0 0.415 0.155 0.9691130192 2
0 0.415 0.165 0.9667717581 2
0 0.415 0.175 0.9642862147 2
0 0.415 0.185 0.96165676 2
0 0.415 0.195 0.9588837866 2
0 0.415 0.205 0.9559677081 2
0 0.415 0.215 0.9529089598 2
0 0.415 0.225 0.9497079983 2
0 0.415 0.235 0.9463653011 2
0 0.415 0.245 0.9428813672 2
0 0.415 0.255 0.9392567166 2
0 0.415 0.265 0.9354918901 2
0 0.415 0.275 0.9315874497 2
0 0.415 0.285 0.927543978 2
0 0.415 0.295 0.9233620785 2
0 0.415 0.305 0.9190423754 2
0 0.415 0.315 0.9145855132 2
0 0.415 0.325 0.9099921572 2
0 0.415 0.335 0.9052629928 2
0 0.415 0.345 0.9003987258 2
0 0.415 0.355 0.8954000823 2
0 0.415 0.365 0.8902678081 2
0 0.415 0.375 0.8850026693 2
0 0.415 0.385 0.8796054516 2
0 0.415 0.395 0.8740769605 2
0 0.415 0.405 0.8684180211 2
0 0.415 0.415 0.8626294779 2
0 0.415 0.425 0.8567121948 2
0 0.415 0.435 0.850667055 2
0 0.415 0.445 0.8444949605 2
0 0.415 0.455 0.8381968326 2
0 0.415 0.465 0.8317736112 2
0 0.415 0.475 0.8252262548 2
0 0.415 0.485 0.8185557407 2
0 0.415 0.495 0.8117630643 2
0 0.415 0.505 0 2
0 0.415 0.515 0 2
0 0.415 0.525 0 2
0 0.415 0.535 0 2
0 0.415 0.545 0 2
0 0.415 0.555 0 2
0 0.415 0.565 0 2
0 0.425 -0.555 0 1
0 0.425 -0.545 0 1
0 0.425 -0.535 0 1
0 0.425 -0.525 0 1
0 0.425 -0.515 0 1
0 0.425 -0.505 0 1
0 0.425 -0.495 0.8192447324 1
0 0.425 -0.485 0.8261000139 1
0 0.425 -0.475 0.8328320072 2
0 0.425 -0.465 0.8394397077 2
0 0.425 -0.455 0.8459221292 2
0 0.425 -0.445 0.8522783042 2
0 0.425 -0.435 0.8585072842 2
0 0.425 -0.425 0.8646081395 2
0 0.425 -0.415 0.8705799596 2
0 0.425 -0.405 0.8764218533 2
0 0.425 -0.395 0.8821329487 2
0 0.425 -0.385 0.8877123935 2
0 0.425 -0.375 0.893159355 2
0 0.425 -0.365 0.8984730203 2
0 0.425 -0.355 0.9036525964 2
0 0.425 -0.345 0.9086973103 2
0 0.425 -0.335 0.9136064091 2
0 0.425 -0.325 0.9183791601 2
0 0.425 -0.315 0.9230148512 2
0 0.425 -0.305 0.9275127903 2
0 0.425 -0.295 0.9318723063 2
0 0.425 -0.285 0.9360927485 2
0 0.425 -0.275 0.9401734871 2
0 0.425 -0.265 0.9441139131 2
0 0.425 -0.255 0.9479134383 2
0 0.425 -0.245 0.9515714958 2
0 0.425 -0.235 0.9550875396 2
0 0.425 -0.225 0.9584610449 2
0 0.425 -0.215 0.9616915084 2
0 0.425 -0.205 0.9647784478 2
0 0.425 -0.195 0.9677214025 2
0 0.425 -0.185 0.9705199332 2
0 0.425 -0.175 0.9731736224 2
0 0.425 -0.165 0.975682074 2
0 0.425 -0.155 0.9780449136 2
0 0.425 -0.145 0.9802617885 2
0 0.425 -0.135 0.982332368 2
0 0.425 -0.125 0.984256343 2
0 0.425 -0.115 0.9860334263 2
0 0.425 -0.105 0.9876633529 2
0 0.425 -0.095 0.9891458793 2
0 0.425 -0.085 0.9904807844 2
0 0.425 -0.075 0.9916678689 2
0 0.425 -0.065 0.9927069557 2
0 0.425 -0.055 0.9935978897 2
0 0.425 -0.045 0.994340538 2
0 0.425 -0.035 0.9949347896 2
0 0.425 -0.025 0.9953805559 2
0 0.425 -0.015 0.9956777704 2
0 0.425 -0.005 0.9958263888 2
0 0.425 0.005 0.9958263888 2
0 0.425 0.015 0.9956777704 2
0 0.425 0.025 0.9953805559 2
0 0.425 0.035 0.9949347896 2
0 0.425 0.045 0.994340538 2
0 0.425 0.055 0.9935978897 2
0 0.425 0.065 0.9927069557 2
0 0.425 0.075 0.9916678689 2
0 0.425 0.085 0.9904807844 2
0 0.425 0.095 0.9891458793 2
0 0.425 0.105 0.9876633529 2
0 0.425 0.115 0.9860334263 2
0 0.425 0.125 0.984256343 2
0 0.425 0.135 0.982332368 2
0 0.425 0.145 0.9802617885 2
0 0.425 0.155 0.9780449136 2
0 0.425 0.165 0.975682074 2
0 0.425 0.175 0.9731736224 2
0 0.425 0.185 0.9705199332 2
0 0.425 0.195 0.9677214025 2
0 0.425 0.205 0.9647784478 2
0 0.425 0.215 0.9616915084 2
0 0.425 0.225 0.9584610449 2
0 0.425 0.235 0.9550875396 2
0 0.425 0.245 0.9515714958 2
0 0.425 0.255 0.9479134383 2
0 0.425 0.265 0.9441139131 2
0 0.425 0.275 0.9401734871 2
0 0.425 0.285 0.9360927485 2
0 0.425 0.295 0.9318723063 2
0 0.425 0.305 0.9275127903 2
0 0.425 0.315 0.9230148512 2
0 0.425 0.325 0.9183791601 2
0 0.425 0.335 0.9136064091 2
0 0.425 0.345 0.9086973103 2
0 0.425 0.355 0.9036525964 2
0 0.425 0.365 0.8984730203 2
0 0.425 0.375 0.893159355 2
0 0.425 0.385 0.8877123935 2
0 0.425 0.395 0.8821329487 2
0 0.425 0.405 0.8764218533 2
0 0.425 0.415 0.8705799596 2
0 0.425 0.425 0.8646081395 2
0 0.425 0.435 0.8585072842 2
0 0.425 0.445 0.8522783042 2
0 0.425 0.455 0.8459221292 2
0 0.425 0.465 0.8394397077 2
0 0.425 0.475 0.8328320072 2
0 0.425 0.485 0.8261000139 2
0 0.425 0.495 0.8192447324 2
0 0.425 0.505 0 2
0 0.425 0.515 0 2
0 0.425 0.525 0 2
0 0.425 0.535 0 2
0 0.425 0.545 0 2
0 0.425 0.555 0 2
0 0.425 0.565 0 2
0 0.435 -0.555 0 1
0 0.435 -0.545 0 1
0 0.435 -0.535 0 1
0 0.435 -0.525 0 1
0 0.435 -0.515 0 1
0 0.435 -0.505 0 1
0 0.435 -0.495 0.8225078489 1
0 0.435 -0.485 0.8293904355 1
0 0.435 -0.475 0.8361492429 2
0 0.435 -0.465 0.8427832624 2
0 0.435 -0.455 0.8492915039 2
0 0.435 -0.445 0.8556729961 2
0 0.435 -0.435 0.8619267866 2
0 0.435 -0.425 0.868051942 2
0 0.435 -0.415 0.8740475484 2
0 0.435 -0.405 0.8799127108 2
0 0.435 -0.395 0.8856465539 2
0 0.435 -0.385 0.8912482221 2
0 0.435 -0.375 0.8967168793 2
0 0.435 -0.365 0.9020517094 2
0 0.435 -0.355 0.9072519161 2
0 0.435 -0.345 0.9123167235 2
0 0.435 -0.335 0.9172453756 2
0 0.435 -0.325 0.9220371369 2
0 0.435 -0.315 0.9266912922 2
0 0.435 -0.305 0.931207147 2
0 0.435 -0.295 0.9355840273 2
0 0.435 -0.285 0.9398212799 2
0 0.435 -0.275 0.9439182724 2
0 0.435 -0.265 0.9478743934 2
0 0.435 -0.255 0.9516890525 2
0 0.435 -0.245 0.9553616803 2
0 0.435 -0.235 0.9588917287 2
0 0.435 -0.225 0.962278671 2
0 0.435 -0.215 0.9655220016 2
0 0.435 -0.205 0.9686212366 2
0 0.435 -0.195 0.9715759133 2
0 0.435 -0.185 0.9743855908 2
0 0.435 -0.175 0.9770498499 2
0 0.435 -0.165 0.9795682928 2
0 0.435 -0.155 0.9819405437 2
0 0.435 -0.145 0.9841662487 2
0 0.435 -0.135 0.9862450754 2
0 0.435 -0.125 0.9881767138 2
0 0.435 -0.115 0.9899608754 2
0 0.435 -0.105 0.9915972941 2
0 0.435 -0.095 0.9930857255 2
0 0.435 -0.085 0.9944259476 2
0 0.435 -0.075 0.9956177604 2
0 0.435 -0.065 0.996660986 2
0 0.435 -0.055 0.9975554686 2
0 0.435 -0.045 0.9983010749 2
0 0.435 -0.035 0.9988976935 2
0 0.435 -0.025 0.9993452353 2
0 0.435 -0.015 0.9996436337 2
0 0.435 -0.005 0.999792844 2
0 0.435 0.005 0.999792844 2
0 0.435 0.015 0.9996436337 2
0 0.435 0.025 0.9993452353 2
0 0.435 0.035 0.9988976935 2
0 0.435 0.045 0.9983010749 2
0 0.435 0.055 0.9975554686 2
0 0.435 0.065 0.996660986 2
0 0.435 0.075 0.9956177604 2
0 0.435 0.085 0.9944259476 2
0 0.435 0.095 0.9930857255 2
0 0.435 0.105 0.9915972941 2
0 0.435 0.115 0.9899608754 2
0 0.435 0.125 0.9881767138 2
0 0.435 0.135 0.9862450754 2
0 0.435 0.145 0.9841662487 2
0 0.435 0.155 0.9819405437 2
0 0.435 0.165 0.9795682928 2
0 0.435 0.175 0.9770498499 2
0 0.435 0.185 0.9743855908 2
0 0.435 0.195 0.9715759133 2
0 0.435 0.205 0.9686212366 2
0 0.435 0.215 0.9655220016 2
0 0.435 0.225 0.962278671 2
0 0.435 0.235 0.9588917287 2
0 0.435 0.245 0.9553616803 2
0 0.435 0.255 0.9516890525 2
0 0.435 0.265 0.9478743934 2
0 0.435 0.275 0.9439182724 2
0 0.435 0.285 0.9398212799 2
0 0.435 0.295 0.9355840273 2
0 0.435 0.305 0.931207147 2
0 0.435 0.315 0.9266912922 2
0 0.435 0.325 0.9220371369 2
0 0.435 0.335 0.9172453756 2
0 0.435 0.345 0.9123167235 2
0 0.435 0.355 0.9072519161 2
0 0.435 0.365 0.9020517094 2
0 0.435 0.375 0.8967168793 2
0 0.435 0.385 0.8912482221 2
0 0.435 0.395 0.8856465539 2
0 0.435 0.405 0.8799127108 2
0 0.435 0.415 0.8740475484 2
0 0.435 0.425 0.868051942 2
0 0.435 0.435 0.8619267866 2
0 0.435 0.445 0.8556729961 2
0 0.435 0.455 0.8492915039 2
0 0.435 0.465 0.8427832624 2
0 0.435 0.475 0.8361492429 2
0 0.435 0.485 0.8293904355 2
0 0.435 0.495 0.8225078489 2
0 0.435 0.505 0 2
0 0.435 0.515 0 2
0 0.435 0.525 0 2
0 0.435 0.535 0 2
0 0.435 0.545 0 2
0 0.435 0.555 0 2
0 0.435 0.565 0 2
0 0.445 -0.555 0 2
0 0.445 -0.545 0 2
0 0.445 -0.535 0 1
0 0.445 -0.525 0 1
0 0.445 -0.515 0 1
0 0.445 -0.505 0 1
0 0.445 -0.495 0.821535611 1
0 0.445 -0.485 0.8284100622 2
0 0.445 -0.475 0.8351608804 2
0 0.445 -0.465 0.8417870582 2
0 0.445 -0.455 0.8482876067 2
0 0.445 -0.445 0.8546615557 2
0 0.445 -0.435 0.8609079539 2
0 0.445 -0.425 0.8670258692 2
0 0.445 -0.415 0.8730143885 2
0 0.445 -0.405 0.878872618 2
0 0.445 -0.395 0.8845996835 2
0 0.445 -0.385 0.8901947303 2
0 0.445 -0.375 0.8956569233 2
0 0.445 -0.365 0.9009854474 2
0 0.445 -0.355 0.9061795073 2
0 0.445 -0.345 0.9112383279 2
0 0.445 -0.335 0.9161611541 2
0 0.445 -0.325 0.9209472514 2
0 0.445 -0.315 0.9255959053 2
0 0.445 -0.305 0.9301064222 2
0 0.445 -0.295 0.9344781288 2
0 0.445 -0.285 0.9387103728 2
0 0.445 -0.275 0.9428025225 2
0 0.445 -0.265 0.9467539672 2
0 0.445 -0.255 0.9505641171 2
0 0.445 -0.245 0.9542324038 2
0 0.445 -0.235 0.9577582795 2
0 0.445 -0.225 0.9611412183 2
0 0.445 -0.215 0.9643807152 2
0 0.445 -0.205 0.9674762867 2
0 0.445 -0.195 0.9704274709 2
0 0.445 -0.185 0.9732338273 2
0 0.445 -0.175 0.9758949371 2
0 0.445 -0.165 0.9784104031 2
0 0.445 -0.155 0.9807798499 2
0 0.445 -0.145 0.983002924 2
0 0.445 -0.135 0.9850792935 2
0 0.445 -0.125 0.9870086486 2
0 0.445 -0.115 0.9887907012 2
0 0.445 -0.105 0.9904251856 2
0 0.445 -0.095 0.9919118577 2
0 0.445 -0.085 0.9932504956 2
0 0.445 -0.075 0.9944408996 2
0 0.445 -0.065 0.995482892 2
0 0.445 -0.055 0.9963763174 2
0 0.445 -0.045 0.9971210423 2
0 0.445 -0.035 0.9977169556 2
0 0.445 -0.025 0.9981639685 2
0 0.445 -0.015 0.9984620141 2
0 0.445 -0.005 0.998611048 2
0 0.445 0.005 0.998611048 2
0 0.445 0.015 0.9984620141 2
0 0.445 0.025 0.9981639685 2
0 0.445 0.035 0.9977169556 2
0 0.445 0.045 0.9971210423 2
0 0.445 0.055 0.9963763174 2
0 0.445 0.065 0.995482892 2
0 0.445 0.075 0.9944408996 2
0 0.445 0.085 0.9932504956 2
0 0.445 0.095 0.9919118577 2
0 0.445 0.105 0.9904251856 2
0 0.445 0.115 0.9887907012 2
0 0.445 0.125 0.9870086486 2
0 0.445 0.135 0.9850792935 2
0 0.445 0.145 0.983002924 2
0 0.445 0.155 0.9807798499 2
0 0.445 0.165 0.9784104031 2
0 0.445 0.175 0.9758949371 2
0 0.445 0.185 0.9732338273 2
0 0.445 0.195 0.9704274709 2
0 0.445 0.205 0.9674762867 2
0 0.445 0.215 0.9643807152 1
0 0.445 0.225 0.9611412183 1
0 0.445 0.235 0.9577582795 1
0 0.445 0.245 0.9542324038 1
0 0.445 0.255 0.9505641171 1
0 0.445 0.265 0.9467539672 2
0 0.445 0.275 0.9428025225 2
0 0.445 0.285 0.9387103728 2
0 0.445 0.295 0.9344781288 2
0 0.445 0.305 0.9301064222 2
0 0.445 0.315 0.9255959053 2
0 0.445 0.325 0.9209472514 2
0 0.445 0.335 0.9161611541 2
0 0.445 0.345 0.9112383279 2
0 0.445 0.355 0.9061795073 2
0 0.445 0.365 0.9009854474 2
0 0.445 0.375 0.8956569233 2
0 0.445 0.385 0.8901947303 2
0 0.445 0.395 0.8845996835 2
0 0.445 0.405 0.878872618 2
0 0.445 0.415 0.8730143885 2
0 0.445 0.425 0.8670258692 2
0 0.445 0.435 0.8609079539 2
0 0.445 0.445 0.8546615557 2
0 0.445 0.455 0.8482876067 2
0 0.445 0.465 0.8417870582 2
0 0.445 0.475 0.8351608804 2
0 0.445 0.485 0.8284100622 2
0 0.445 0.495 0.821535611 2
0 0.445 0.505 0 2
0 0.445 0.515 0 2
0 0.445 0.525 0 2
0 0.445 0.535 0 2
0 0.445 0.545 0 2
0 0.445 0.555 0 2
0 0.445 0.565 0 2
0 0.455 -0.555 0 2
0 0.455 -0.545 0 2
0 0.455 -0.535 0 2
0 0.455 -0.525 0 2
0 0.455 -0.515 0 2
0 0.455 -0.505 0 2
0 0.455 -0.495 0.8163330252 2
0 0.455 -0.485 0.8231639421 2
0 0.455 -0.475 0.829872009 2
0 0.455 -0.465 0.8364562249 2
0 0.455 -0.455 0.8429156069 2
0 0.455 -0.445 0.8492491912 2
0 0.455 -0.435 0.8554560326 2
0 0.455 -0.425 0.8615352046 2
0 0.455 -0.415 0.8674858 2
0 0.455 -0.405 0.8733069308 2
0 0.455 -0.395 0.8789977282 2
0 0.455 -0.385 0.8845573429 2
0 0.455 -0.375 0.8899849452 2
0 0.455 -0.365 0.895279725 2
0 0.455 -0.355 0.9004408922 2
0 0.455 -0.345 0.9054676765 2
0 0.455 -0.335 0.9103593277 2
0 0.455 -0.325 0.9151151157 2
0 0.455 -0.315 0.9197343308 2
0 0.455 -0.305 0.9242162837 2
0 0.455 -0.295 0.9285603054 2
0 0.455 -0.285 0.9327657476 2
0 0.455 -0.275 0.9368319827 2
0 0.455 -0.265 0.9407584038 2
0 0.455 -0.255 0.944544425 2
0 0.455 -0.245 0.9481894813 2
0 0.455 -0.235 0.9516930286 2
0 0.455 -0.225 0.955054544 2
0 0.455 -0.215 0.9582735259 2
0 0.455 -0.205 0.961349494 2
0 0.455 -0.195 0.964281989 2
0 0.455 -0.185 0.9670705734 2
0 0.455 -0.175 0.969714831 2
0 0.455 -0.165 0.9722143672 2
0 0.455 -0.155 0.9745688089 2
0 0.455 -0.145 0.9767778048 2
0 0.455 -0.135 0.9788410252 2
0 0.455 -0.125 0.9807581621 2
0 0.455 -0.115 0.9825289295 2
0 0.455 -0.105 0.984153063 2
0 0.455 -0.095 0.9856303203 2
0 0.455 -0.085 0.986960481 2
0 0.455 -0.075 0.9881433465 2
0 0.455 -0.065 0.9891787402 2
0 0.455 -0.055 0.9900665077 2
0 0.455 -0.045 0.9908065165 2
0 0.455 -0.035 0.991398656 2
0 0.455 -0.025 0.9918428381 2
0 0.455 -0.015 0.9921389962 2
0 0.455 -0.005 0.9922870864 2
0 0.455 0.005 0.9922870864 2
0 0.455 0.015 0.9921389962 2
0 0.455 0.025 0.9918428381 2
0 0.455 0.035 0.991398656 2
0 0.455 0.045 0.9908065165 2
0 0.455 0.055 0.9900665077 2
0 0.455 0.065 0.9891787402 2
0 0.455 0.075 0.9881433465 2
0 0.455 0.085 0.986960481 2
0 0.455 0.095 0.9856303203 2
0 0.455 0.105 0.984153063 2
0 0.455 0.115 0.9825289295 2
0 0.455 0.125 0.9807581621 2
0 0.455 0.135 0.9788410252 2
0 0.455 0.145 0.9767778048 2
0 0.455 0.155 0.9745688089 2
0 0.455 0.165 0.9722143672 2
0 0.455 0.175 0.969714831 2
0 0.455 0.185 0.9670705734 2
0 0.455 0.195 0.964281989 2
0 0.455 0.205 0.961349494 1
0 0.455 0.215 0.9582735259 1
0 0.455 0.225 0.955054544 1
0 0.455 0.235 0.9516930286 1
0 0.455 0.245 0.9481894813 1
0 0.455 0.255 0.944544425 1
0 0.455 0.265 0.9407584038 1
0 0.455 0.275 0.9368319827 1
0 0.455 0.285 0.9327657476 2
0 0.455 0.295 0.9285603054 2
0 0.455 0.305 0.9242162837 2
0 0.455 0.315 0.9197343308 2
0 0.455 0.325 0.9151151157 2
0 0.455 0.335 0.9103593277 2
0 0.455 0.345 0.9054676765 2
0 0.455 0.355 0.9004408922 2
0 0.455 0.365 0.895279725 2
0 0.455 0.375 0.8899849452 2
0 0.455 0.385 0.8845573429 2
0 0.455 0.395 0.8789977282 2
0 0.455 0.405 0.8733069308 2
0 0.455 0.415 0.8674858 2
0 0.455 0.425 0.8615352046 2
0 0.455 0.435 0.8554560326 2
0 0.455 0.445 0.8492491912 2
0 0.455 0.455 0.8429156069 2
0 0.455 0.465 0.8364562249 2
0 0.455 0.475 0.829872009 2
0 0.455 0.485 0.8231639421 2
0 0.455 0.495 0.8163330252 2
0 0.455 0.505 0 2
0 0.455 0.515 0 2
0 0.455 0.525 0 2
0 0.455 0.535 0 2
0 0.455 0.545 0 2
0 0.455 0.555 0 2
0 0.455 0.565 0 2
0 0.465 -0.555 0 2
0 0.465 -0.545 0 2
0 0.465 -0.535 0 2
0 0.465 -0.525 0 2
0 0.465 -0.515 0 2
0 0.465 -0.505 0 2
0 0.465 -0.495 0.8069268811 2
0 0.465 -0.485 0.8136790892 2
0 0.465 -0.475 0.8203098629 2
0 0.465 -0.465 0.8268182125 2
0 0.465 -0.455 0.8332031668 2
0 0.465 -0.445 0.8394637728 2
0 0.465 -0.435 0.8455990962 2
0 0.465 -0.425 0.8516082213 2
0 0.465 -0.415 0.8574902514 2
0 0.465 -0.405 0.8632443086 1
0 0.465 -0.395 0.8688695342 1
0 0.465 -0.385 0.8743650886 1
0 0.465 -0.375 0.8797301517 1
0 0.465 -0.365 0.8849639227 2
0 0.465 -0.355 0.8900656207 2
0 0.465 -0.345 0.8950344842 2
0 0.465 -0.335 0.8998697717 2
0 0.465 -0.325 0.9045707614 2
0 0.465 -0.315 0.909136752 2
0 0.465 -0.305 0.9135670618 2
0 0.465 -0.295 0.9178610298 2
0 0.465 -0.285 0.9220180151 2
0 0.465 -0.275 0.9260373972 2
0 0.465 -0.265 0.9299185764 2
0 0.465 -0.255 0.9336609735 2
0 0.465 -0.245 0.9372640298 2
0 0.465 -0.235 0.9407272077 2
0 0.465 -0.225 0.9440499903 2
0 0.465 -0.215 0.9472318817 2
0 0.465 -0.205 0.9502724071 2
0 0.465 -0.195 0.9531711126 2
0 0.465 -0.185 0.9559275658 2
0 0.465 -0.175 0.9585413551 2
0 0.465 -0.165 0.9610120905 2
0 0.465 -0.155 0.9633394033 2
0 0.465 -0.145 0.9655229462 2
0 0.465 -0.135 0.9675623932 2
0 0.465 -0.125 0.9694574401 2
0 0.465 -0.115 0.9712078039 2
0 0.465 -0.105 0.9728132235 2
0 0.465 -0.095 0.9742734592 2
0 0.465 -0.085 0.9755882932 2
0 0.465 -0.075 0.9767575292 2
0 0.465 -0.065 0.9777809926 2
0 0.465 -0.055 0.9786585309 2
0 0.465 -0.045 0.979390013 2
0 0.465 -0.035 0.9799753296 2
0 0.465 -0.025 0.9804143936 2
0 0.465 -0.015 0.9807071393 2
0 0.465 -0.005 0.9808535231 2
0 0.465 0.005 0.9808535231 2
0 0.465 0.015 0.9807071393 2
0 0.465 0.025 0.9804143936 2
0 0.465 0.035 0.9799753296 2
0 0.465 0.045 0.979390013 2
0 0.465 0.055 0.9786585309 2
0 0.465 0.065 0.9777809926 2
0 0.465 0.075 0.9767575292 2
0 0.465 0.085 0.9755882932 2
0 0.465 0.095 0.9742734592 2
0 0.465 0.105 0.9728132235 2
0 0.465 0.115 0.9712078039 2
0 0.465 0.125 0.9694574401 2
0 0.465 0.135 0.9675623932 2
0 0.465 0.145 0.9655229462 2
0 0.465 0.155 0.9633394033 2
0 0.465 0.165 0.9610120905 2
0 0.465 0.175 0.9585413551 2
0 0.465 0.185 0.9559275658 2
0 0.465 0.195 0.9531711126 2
0 0.465 0.205 0.9502724071 1
0 0.465 0.215 0.9472318817 1
0 0.465 0.225 0.9440499903 1
0 0.465 0.235 0.9407272077 1
0 0.465 0.245 0.9372640298 1
0 0.465 0.255 0.9336609735 1
0 0.465 0.265 0.9299185764 1
0 0.465 0.275 0.9260373972 1
0 0.465 0.285 0.9220180151 1
0 0.465 0.295 0.9178610298 2
0 0.465 0.305 0.9135670618 2
0 0.465 0.315 0.909136752 2
0 0.465 0.325 0.9045707614 2
0 0.465 0.335 0.8998697717 2
0 0.465 0.345 0.8950344842 2
0 0.465 0.355 0.8900656207 2
0 0.465 0.365 0.8849639227 2
0 0.465 0.375 0.8797301517 2
0 0.465 0.385 0.8743650886 2
0 0.465 0.395 0.8688695342 2
0 0.465 0.405 0.8632443086 2
0 0.465 0.415 0.8574902514 2
0 0.465 0.425 0.8516082213 2
0 0.465 0.435 0.8455990962 2
0 0.465 0.445 0.8394637728 2
0 0.465 0.455 0.8332031668 2
0 0.465 0.465 0.8268182125 2
0 0.465 0.475 0.8203098629 2
0 0.465 0.485 0.8136790892 2
0 0.465 0.495 0.8069268811 2
0 0.465 0.505 0 2
0 0.465 0.515 0 2
0 0.465 0.525 0 2
0 0.465 0.535 0 2
0 0.465 0.545 0 2
0 0.465 0.555 0 2
0 0.465 0.565 0 2
0 0.475 -0.555 0 2
0 0.475 -0.545 0 2
0 0.475 -0.535 0 2
0 0.475 -0.525 0 2
0 0.475 -0.515 0 2
0 0.475 -0.505 0 2
0 0.475 -0.495 0.793365614 2
0 0.475 -0.485 0.8000043441 2
0 0.475 -0.475 0.8065236805 2
0 0.475 -0.465 0.8129226504 2
0 0.475 -0.455 0.8192002987 2
0 0.475 -0.445 0.8253556885 2
0 0.475 -0.435 0.8313879013 2
0 0.475 -0.425 0.8372960367 2
0 0.475 -0.415 0.843079213 2
0 0.475 -0.405 0.8487365671 1
0 0.475 -0.395 0.8542672547 1
0 0.475 -0.385 0.8596704505 1
0 0.475 -0.375 0.864945348 1
0 0.475 -0.365 0.8700911599 1
0 0.475 -0.355 0.8751071184 2
0 0.475 -0.345 0.8799924749 2
0 0.475 -0.335 0.8847465001 2
0 0.475 -0.325 0.8893684848 2
0 0.475 -0.315 0.893857739 2
0 0.475 -0.305 0.8982135927 2
0 0.475 -0.295 0.902435396 2
0 0.475 -0.285 0.9065225187 2
0 0.475 -0.275 0.9104743509 2
0 0.475 -0.265 0.9142903027 2
0 0.475 -0.255 0.9179698048 2
0 0.475 -0.245 0.9215123079 2
0 0.475 -0.235 0.9249172834 2
0 0.475 -0.225 0.9281842231 2
0 0.475 -0.215 0.9313126394 2
0 0.475 -0.205 0.9343020655 2
0 0.475 -0.195 0.9371520552 2
0 0.475 -0.185 0.9398621832 2
0 0.475 -0.175 0.942432045 2
0 0.475 -0.165 0.9448612571 2
0 0.475 -0.155 0.947149457 2
0 0.475 -0.145 0.9492963031 2
0 0.475 -0.135 0.951301475 2
0 0.475 -0.125 0.9531646736 2
0 0.475 -0.115 0.9548856207 2
0 0.475 -0.105 0.9564640594 2
0 0.475 -0.095 0.9578997544 2
0 0.475 -0.085 0.9591924911 2
0 0.475 -0.075 0.9603420769 2
0 0.475 -0.065 0.96134834 2
0 0.475 -0.055 0.9622111302 2
0 0.475 -0.045 0.962930319 2
0 0.475 -0.035 0.9635057988 2
0 0.475 -0.025 0.9639374838 2
0 0.475 -0.015 0.9642253096 2
0 0.475 -0.005 0.9643692333 2
0 0.475 0.005 0.9643692333 2
0 0.475 0.015 0.9642253096 2
0 0.475 0.025 0.9639374838 2
0 0.475 0.035 0.9635057988 2
0 0.475 0.045 0.962930319 2
0 0.475 0.055 0.9622111302 2
0 0.475 0.065 0.96134834 2
0 0.475 0.075 0.9603420769 2
0 0.475 0.085 0.9591924911 2
0 0.475 0.095 0.9578997544 2
0 0.475 0.105 0.9564640594 2
0 0.475 0.115 0.9548856207 2
0 0.475 0.125 0.9531646736 2
0 0.475 0.135 0.951301475 2
0 0.475 0.145 0.9492963031 2
0 0.475 0.155 0.947149457 2
0 0.475 0.165 0.9448612571 2
0 0.475 0.175 0.942432045 2
0 0.475 0.185 0.9398621832 2
0 0.475 0.195 0.9371520552 2
0 0.475 0.205 0.9343020655 1
0 0.475 0.215 0.9313126394 1
0 0.475 0.225 0.9281842231 1
0 0.475 0.235 0.9249172834 1
0 0.475 0.245 0.9215123079 1
0 0.475 0.255 0.9179698048 1
0 0.475 0.265 0.9142903027 1
0 0.475 0.275 0.9104743509 1
0 0.475 0.285 0.9065225187 1
0 0.475 0.295 0.902435396 1
0 0.475 0.305 0.8982135927 2
0 0.475 0.315 0.893857739 2
0 0.475 0.325 0.8893684848 2
0 0.475 0.335 0.8847465001 2
0 0.475 0.345 0.8799924749 2
0 0.475 0.355 0.8751071184 2
0 0.475 0.365 0.8700911599 2
0 0.475 0.375 0.864945348 2
0 0.475 0.385 0.8596704505 2
0 0.475 0.395 0.8542672547 2
0 0.475 0.405 0.8487365671 2
0 0.475 0.415 0.843079213 2
0 0.475 0.425 0.8372960367 2
0 0.475 0.435 0.8313879013 2
0 0.475 0.445 0.8253556885 2
0 0.475 0.455 0.8192002987 2
0 0.475 0.465 0.8129226504 2
0 0.475 0.475 0.8065236805 2
0 0.475 0.485 0.8000043441 2
0 0.475 0.495 0.793365614 2
0 0.475 0.505 0 2
0 0.475 0.515 0 2
0 0.475 0.525 0 2
0 0.475 0.535 0 2
0 0.475 0.545 0 2
0 0.475 0.555 0 2
0 0.475 0.565 0 2
0 0.485 -0.555 0 2
0 0.485 -0.545 0 2
0 0.485 -0.535 0 2
0 0.485 -0.525 0 2
0 0.485 -0.515 0 2
0 0.485 -0.505 0 2
0 0.485 -0.495 0.7757190552 2
0 0.485 -0.485 0.7822101223 2
0 0.485 -0.475 0.7885844514 2
0 0.485 -0.465 0.7948410911 2
0 0.485 -0.455 0.8009791079 2
0 0.485 -0.445 0.8069975855 2
0 0.485 -0.435 0.8128956258 2
0 0.485 -0.425 0.8186723485 2
0 0.485 -0.415 0.8243268916 1
0 0.485 -0.405 0.8298584112 1
0 0.485 -0.395 0.8352660816 1
0 0.485 -0.385 0.840549096 1
0 0.485 -0.375 0.8457066657 1
0 0.485 -0.365 0.8507380212 1
0 0.485 -0.355 0.8556424114 1
0 0.485 -0.345 0.8604191045 2
0 0.485 -0.335 0.8650673877 2
0 0.485 -0.325 0.8695865671 2
0 0.485 -0.315 0.8739759683 2
0 0.485 -0.305 0.8782349363 2
0 0.485 -0.295 0.8823628355 2
0 0.485 -0.285 0.8863590497 2
0 0.485 -0.275 0.8902229826 2
0 0.485 -0.265 0.8939540576 2
0 0.485 -0.255 0.8975517177 2
0 0.485 -0.245 0.9010154262 2
0 0.485 -0.235 0.904344666 2
0 0.485 -0.225 0.9075389402 2
0 0.485 -0.215 0.9105977723 2
0 0.485 -0.205 0.9135207056 2
0 0.485 -0.195 0.916307304 2
0 0.485 -0.185 0.9189571515 2
0 0.485 -0.175 0.9214698528 2
0 0.485 -0.165 0.9238450328 2
0 0.485 -0.155 0.926082337 2
0 0.485 -0.145 0.9281814315 2
0 0.485 -0.135 0.9301420031 2
0 0.485 -0.125 0.9319637592 2
0 0.485 -0.115 0.9336464278 2
0 0.485 -0.105 0.9351897579 2
0 0.485 -0.095 0.9365935192 2
0 0.485 -0.085 0.9378575021 2
0 0.485 -0.075 0.938981518 2
0 0.485 -0.065 0.9399653991 2
0 0.485 -0.055 0.9408089986 2
0 0.485 -0.045 0.9415121907 2
0 0.485 -0.035 0.9420748703 2
0 0.485 -0.025 0.9424969535 2
0 0.485 -0.015 0.9427783773 2
0 0.485 -0.005 0.9429190997 2
0 0.485 0.005 0.9429190997 2
0 0.485 0.015 0.9427783773 2
0 0.485 0.025 0.9424969535 2
0 0.485 0.035 0.9420748703 2
0 0.485 0.045 0.9415121907 2
0 0.485 0.055 0.9408089986 2
0 0.485 0.065 0.9399653991 2
0 0.485 0.075 0.938981518 2
0 0.485 0.085 0.9378575021 2
0 0.485 0.095 0.9365935192 2
0 0.485 0.105 0.9351897579 2
0 0.485 0.115 0.9336464278 2
0 0.485 0.125 0.9319637592 2
0 0.485 0.135 0.9301420031 2
0 0.485 0.145 0.9281814315 2
0 0.485 0.155 0.926082337 2
0 0.485 0.165 0.9238450328 2
0 0.485 0.175 0.9214698528 2
0 0.485 0.185 0.9189571515 2
0 0.485 0.195 0.916307304 2
0 0.485 0.205 0.9135207056 2
0 0.485 0.215 0.9105977723 1
0 0.485 0.225 0.9075389402 1
0 0.485 0.235 0.904344666 1
0 0.485 0.245 0.9010154262 1
0 0.485 0.255 0.8975517177 1
0 0.485 0.265 0.8939540576 1
0 0.485 0.275 0.8902229826 1
0 0.485 0.285 0.8863590497 1
0 0.485 0.295 0.8823628355 1
0 0.485 0.305 0.8782349363 2
0 0.485 0.315 0.8739759683 2
0 0.485 0.325 0.8695865671 2
0 0.485 0.335 0.8650673877 2
0 0.485 0.345 0.8604191045 2
0 0.485 0.355 0.8556424114 2
0 0.485 0.365 0.8507380212 2
0 0.485 0.375 0.8457066657 2
0 0.485 0.385 0.840549096 2
0 0.485 0.395 0.8352660816 2
0 0.485 0.405 0.8298584112 2
0 0.485 0.415 0.8243268916 2
0 0.485 0.425 0.8186723485 2
0 0.485 0.435 0.8128956258 2
0 0.485 0.445 0.8069975855 2
0 0.485 0.455 0.8009791079 2
0 0.485 0.465 0.7948410911 2
0 0.485 0.475 0.7885844514 2
0 0.485 0.485 0.7822101223 2
0 0.485 0.495 0.7757190552 2
0 0.485 0.505 0 2
0 0.485 0.515 0 2
0 0.485 0.525 0 2
0 0.485 0.535 0 2
0 0.485 0.545 0 2
0 0.485 0.555 0 2
0 0.485 0.565 0 2
0 0.495 -0.555 0 2
0 0.495 -0.545 0 2
0 0.495 -0.535 0 2
0 0.495 -0.525 0 2
0 0.495 -0.515 0 2
0 0.495 -0.505 0 2
0 0.495 -0.495 0.7540780724 2
0 0.495 -0.485 0.7603880519 2
0 0.495 -0.475 0.7665845502 2
0 0.495 -0.465 0.7726666425 2
0 0.495 -0.455 0.778633421 2
0 0.495 -0.445 0.7844839954 2
0 0.495 -0.435 0.7902174923 2
0 0.495 -0.425 0.7958330563 2
0 0.495 -0.415 0.8013298491 1
0 0.495 -0.405 0.8067070506 1
0 0.495 -0.395 0.811963858 1
0 0.495 -0.385 0.817099487 1
0 0.495 -0.375 0.822113171 1
0 0.495 -0.365 0.8270041619 1
0 0.495 -0.355 0.8317717296 1
0 0.495 -0.345 0.8364151628 2
0 0.495 -0.335 0.8409337683 2
0 0.495 -0.325 0.8453268718 2
0 0.495 -0.315 0.8495938177 2
0 0.495 -0.305 0.8537339691 2
0 0.495 -0.295 0.8577467083 2
0 0.495 -0.285 0.8616314363 2
0 0.495 -0.275 0.8653875733 2
0 0.495 -0.265 0.8690145589 2
0 0.495 -0.255 0.8725118516 2
0 0.495 -0.245 0.8758789297 2
0 0.495 -0.235 0.8791152904 2
0 0.495 -0.225 0.882220451 2
0 0.495 -0.215 0.8851939478 2
0 0.495 -0.205 0.8880353373 2
0 0.495 -0.195 0.8907441952 2
0 0.495 -0.185 0.8933201174 2
0 0.495 -0.175 0.8957627194 2
0 0.495 -0.165 0.8980716367 2
0 0.495 -0.155 0.9002465247 2
0 0.495 -0.145 0.9022870587 2
0 0.495 -0.135 0.9041929344 2
0 0.495 -0.125 0.9059638671 2
0 0.495 -0.115 0.9075995928 2
0 0.495 -0.105 0.9090998671 2
0 0.495 -0.095 0.9104644663 2
0 0.495 -0.085 0.9116931866 2
0 0.495 -0.075 0.9127858447 2
0 0.495 -0.065 0.9137422776 2
0 0.495 -0.055 0.9145623424 2
0 0.495 -0.045 0.9152459168 2
0 0.495 -0.035 0.9157928988 2
0 0.495 -0.025 0.9162032068 2
0 0.495 -0.015 0.9164767794 2
0 0.495 -0.005 0.916613576 2
0 0.495 0.005 0.916613576 2
0 0.495 0.015 0.9164767794 2
0 0.495 0.025 0.9162032068 2
0 0.495 0.035 0.9157928988 2
0 0.495 0.045 0.9152459168 2
0 0.495 0.055 0.9145623424 2
0 0.495 0.065 0.9137422776 2
0 0.495 0.075 0.9127858447 2
0 0.495 0.085 0.9116931866 2
0 0.495 0.095 0.9104644663 2
0 0.495 0.105 0.9090998671 2
0 0.495 0.115 0.9075995928 2
0 0.495 0.125 0.9059638671 2
0 0.495 0.135 0.9041929344 2
0 0.495 0.145 0.9022870587 2
0 0.495 0.155 0.9002465247 2
0 0.495 0.165 0.8980716367 2
0 0.495 0.175 0.8957627194 2
0 0.495 0.185 0.8933201174 2
0 0.495 0.195 0.8907441952 2
0 0.495 0.205 0.8880353373 2
0 0.495 0.215 0.8851939478 1
0 0.495 0.225 0.882220451 1
0 0.495 0.235 0.8791152904 1
0 0.495 0.245 0.8758789297 1
0 0.495 0.255 0.8725118516 1
0 0.495 0.265 0.8690145589 1
0 0.495 0.275 0.8653875733 1
0 0.495 0.285 0.8616314363 1
0 0.495 0.295 0.8577467083 1
0 0.495 0.305 0.8537339691 1
0 0.495 0.315 0.8495938177 2
0 0.495 0.325 0.8453268718 2
0 0.495 0.335 0.8409337683 2
0 0.495 0.345 0.8364151628 2
0 0.495 0.355 0.8317717296 2
0 0.495 0.365 0.8270041619 2
0 0.495 0.375 0.822113171 2
0 0.495 0.385 0.817099487 2
0 0.495 0.395 0.811963858 2
0 0.495 0.405 0.8067070506 2
0 0.495 0.415 0.8013298491 2
0 0.495 0.425 0.7958330563 2
0 0.495 0.435 0.7902174923 2
0 0.495 0.445 0.7844839954 2
0 0.495 0.455 0.778633421 2
0 0.495 0.465 0.7726666425 2
0 0.495 0.475 0.7665845502 2
0 0.495 0.485 0.7603880519 2
0 0.495 0.495 0.7540780724 2
0 0.495 0.505 0 2
0 0.495 0.515 0 2
0 0.495 0.525 0 2
0 0.495 0.535 0 2
0 0.495 0.545 0 2
0 0.495 0.555 0 2
0 0.495 0.565 0 2
0 0.505 -0.555 0 2
0 0.505 -0.545 0 2
0 0.505 -0.535 0 2
0 0.505 -0.525 0 2
0 0.505 -0.515 0 2
0 0.505 -0.505 0 2
0 0.505 -0.495 0.7285541019 2
0 0.505 -0.485 0.7346505018 2
0 0.505 -0.475 0.7406372615 2
0 0.505 -0.465 0.7465134876 2
0 0.505 -0.455 0.7522783032 2
0 0.505 -0.445 0.7579308478 2
0 0.505 -0.435 0.7634702778 2
0 0.505 -0.425 0.7688957667 2
0 0.505 -0.415 0.7742065045 1
0 0.505 -0.405 0.7794016989 1
0 0.505 -0.395 0.7844805744 1
0 0.505 -0.385 0.789442373 1
0 0.505 -0.375 0.7942863543 1
0 0.505 -0.365 0.7990117953 1
0 0.505 -0.355 0.8036179909 1
0 0.505 -0.345 0.8081042535 2
0 0.505 -0.335 0.8124699136 2
0 0.505 -0.325 0.8167143197 2
0 0.505 -0.315 0.8208368383 2
0 0.505 -0.305 0.8248368543 2
0 0.505 -0.295 0.8287137706 2
0 0.505 -0.285 0.8324670087 2
0 0.505 -0.275 0.8360960083 2
0 0.505 -0.265 0.839600228 2
0 0.505 -0.255 0.8429791447 2
0 0.505 -0.245 0.8462322541 2
0 0.505 -0.235 0.8493590708 2
0 0.505 -0.225 0.8523591281 2
0 0.505 -0.215 0.8552319783 2
0 0.505 -0.205 0.8579771927 2
0 0.505 -0.195 0.8605943614 2
0 0.505 -0.185 0.863083094 2
0 0.505 -0.175 0.865443019 2
0 0.505 -0.165 0.8676737843 2
0 0.505 -0.155 0.8697750568 2
0 0.505 -0.145 0.8717465231 2
0 0.505 -0.135 0.8735878888 2
0 0.505 -0.125 0.8752988792 2
0 0.505 -0.115 0.8768792389 2
0 0.505 -0.105 0.8783287321 2
0 0.505 -0.095 0.8796471424 2
0 0.505 -0.085 0.8808342731 2
0 0.505 -0.075 0.8818899471 2
0 0.505 -0.065 0.8828140067 2
0 0.505 -0.055 0.883606314 2
0 0.505 -0.045 0.8842667509 2
0 0.505 -0.035 0.8847952187 2
0 0.505 -0.025 0.8851916385 2
0 0.505 -0.015 0.8854559513 2
0 0.505 -0.005 0.8855881176 2
0 0.505 0.005 0.8855881176 2
0 0.505 0.015 0.8854559513 2
0 0.505 0.025 0.8851916385 2
0 0.505 0.035 0.8847952187 2
0 0.505 0.045 0.8842667509 2
0 0.505 0.055 0.883606314 2
0 0.505 0.065 0.8828140067 2
0 0.505 0.075 0.8818899471 2
0 0.505 0.085 0.8808342731 2
0 0.505 0.095 0.8796471424 2
0 0.505 0.105 0.8783287321 2
0 0.505 0.115 0.8768792389 2
0 0.505 0.125 0.8752988792 2
0 0.505 0.135 0.8735878888 2
0 0.505 0.145 0.8717465231 2
0 0.505 0.155 0.8697750568 2
0 0.505 0.165 0.8676737843 2
0 0.505 0.175 0.865443019 2
0 0.505 0.185 0.863083094 2
0 0.505 0.195 0.8605943614 2
0 0.505 0.205 0.8579771927 2
0 0.505 0.215 0.8552319783 2
0 0.505 0.225 0.8523591281 1
0 0.505 0.235 0.8493590708 1
0 0.505 0.245 0.8462322541 1
0 0.505 0.255 0.8429791447 1
0 0.505 0.265 0.839600228 1
0 0.505 0.275 0.8360960083 1
0 0.505 0.285 0.8324670087 1
0 0.505 0.295 0.8287137706 1
0 0.505 0.305 0.8248368543 1
0 0.505 0.315 0.8208368383 2
0 0.505 0.325 0.8167143197 2
0 0.505 0.335 0.8124699136 2
0 0.505 0.345 0.8081042535 2
0 0.505 0.355 0.8036179909 2
0 0.505 0.365 0.7990117953 2
0 0.505 0.375 0.7942863543 2
0 0.505 0.385 0.789442373 2
0 0.505 0.395 0.7844805744 2
0 0.505 0.405 0.7794016989 2
0 0.505 0.415 0.7742065045 2
0 0.505 0.425 0.7688957667 2
0 0.505 0.435 0.7634702778 2
0 0.505 0.445 0.7579308478 2
0 0.505 0.455 0.7522783032 2
0 0.505 0.465 0.7465134876 2
0 0.505 0.475 0.7406372615 2
0 0.505 0.485 0.7346505018 2
0 0.505 0.495 0.7285541019 2
0 0.505 0.505 0 2
0 0.505 0.515 0 2
0 0.505 0.525 0 2
0 0.505 0.535 0 2
0 0.505 0.545 0 2
0 0.505 0.555 0 2
0 0.505 0.565 0 2
0 0.515 -0.555 0 2
0 0.515 -0.545 0 2
0 0.515 -0.535 0 1
0 0.515 -0.525 0 1
0 0.515 -0.515 0 1
0 0.515 -0.505 0 1
0 0.515 -0.495 0.6992785748 1
0 0.515 -0.485 0.7051300027 2
0 0.515 -0.475 0.7108761962 2
0 0.515 -0.465 0.7165162976 2
0 0.515 -0.455 0.7220494652 2
0 0.515 -0.445 0.7274748733 2
0 0.515 -0.435 0.7327917122 2
0 0.515 -0.425 0.7379991883 2
0 0.515 -0.415 0.7430965246 1
0 0.515 -0.405 0.7480829601 1
0 0.515 -0.395 0.7529577509 1
0 0.515 -0.385 0.7577201693 1
0 0.515 -0.375 0.7623695047 1
0 0.515 -0.365 0.7669050631 1
0 0.515 -0.355 0.7713261676 1
0 0.515 -0.345 0.7756321585 2
0 0.515 -0.335 0.779822393 2
0 0.515 -0.325 0.783896246 2
0 0.515 -0.315 0.7878531092 2
0 0.515 -0.305 0.7916923924 2
0 0.515 -0.295 0.7954135223 2
0 0.515 -0.285 0.7990159438 2
0 0.515 -0.275 0.8024991192 2
0 0.515 -0.265 0.8058625286 2
0 0.515 -0.255 0.8091056701 2
0 0.515 -0.245 0.8122280597 2
0 0.515 -0.235 0.8152292314 2
0 0.515 -0.225 0.8181087372 2
0 0.515 -0.215 0.8208661475 2
0 0.515 -0.205 0.8235010508 2
0 0.515 -0.195 0.8260130537 2
0 0.515 -0.185 0.8284017814 2
0 0.515 -0.175 0.8306668775 2
0 0.515 -0.165 0.8328080038 2
0 0.515 -0.155 0.8348248408 2
0 0.515 -0.145 0.8367170875 2
0 0.515 -0.135 0.8384844615 2
0 0.515 -0.125 0.8401266991 2
0 0.515 -0.115 0.8416435551 2
0 0.515 -0.105 0.8430348033 2
0 0.515 -0.095 0.8443002358 2
0 0.515 -0.085 0.845439664 2
0 0.515 -0.075 0.8464529177 2
0 0.515 -0.065 0.8473398458 2
0 0.515 -0.055 0.8481003158 2
0 0.515 -0.045 0.8487342143 2
0 0.515 -0.035 0.8492414467 2
0 0.515 -0.025 0.8496219372 2
0 0.515 -0.015 0.8498756291 2
0 0.515 -0.005 0.8500024845 2
0 0.515 0.005 0.8500024845 2
0 0.515 0.015 0.8498756291 2
0 0.515 0.025 0.8496219372 2
0 0.515 0.035 0.8492414467 2
0 0.515 0.045 0.8487342143 2
0 0.515 0.055 0.8481003158 2
0 0.515 0.065 0.8473398458 2
0 0.515 0.075 0.8464529177 2
0 0.515 0.085 0.845439664 2
0 0.515 0.095 0.8443002358 2
0 0.515 0.105 0.8430348033 2
0 0.515 0.115 0.8416435551 2
0 0.515 0.125 0.8401266991 2
0 0.515 0.135 0.8384844615 2
0 0.515 0.145 0.8367170875 2
0 0.515 0.155 0.8348248408 2
0 0.515 0.165 0.8328080038 2
0 0.515 0.175 0.8306668775 2
0 0.515 0.185 0.8284017814 2
0 0.515 0.195 0.8260130537 2
0 0.515 0.205 0.8235010508 2
0 0.515 0.215 0.8208661475 2
0 0.515 0.225 0.8181087372 2
0 0.515 0.235 0.8152292314 1
0 0.515 0.245 0.8122280597 1
0 0.515 0.255 0.8091056701 1
0 0.515 0.265 0.8058625286 1
0 0.515 0.275 0.8024991192 1
0 0.515 0.285 0.7990159438 1
0 0.515 0.295 0.7954135223 1
0 0.515 0.305 0.7916923924 1
0 0.515 0.315 0.7878531092 2
0 0.515 0.325 0.783896246 2
0 0.515 0.335 0.779822393 2
0 0.515 0.345 0.7756321585 2
0 0.515 0.355 0.7713261676 2
0 0.515 0.365 0.7669050631 2
0 0.515 0.375 0.7623695047 2
0 0.515 0.385 0.7577201693 2
0 0.515 0.395 0.7529577509 2
0 0.515 0.405 0.7480829601 2
0 0.515 0.415 0.7430965246 2
0 0.515 0.425 0.7379991883 2
0 0.515 0.435 0.7327917122 2
0 0.515 0.445 0.7274748733 2
0 0.515 0.455 0.7220494652 2
0 0.515 0.465 0.7165162976 2
0 0.515 0.475 0.7108761962 2
0 0.515 0.485 0.7051300027 2
0 0.515 0.495 0.6992785748 2
0 0.515 0.505 0 2
0 0.515 0.515 0 2
0 0.515 0.525 0 2
0 0.515 0.535 0 2
0 0.515 0.545 0 2
0 0.515 0.555 0 2
0 0.515 0.565 0 2
0 0.525 -0.555 0 1
0 0.525 -0.545 0 1
0 0.525 -0.535 0 1
0 0.525 -0.525 0 1
0 0.525 -0.515 0 1
0 0.525 -0.505 0 1
0 0.525 -0.495 0.66640224 1
0 0.525 -0.485 0.6719785651 1
0 0.525 -0.475 0.6774546033 2
0 0.525 -0.465 0.6828295374 2
0 0.525 -0.455 0.6881025651 2
0 0.525 -0.445 0.6932728995 2
0 0.525 -0.435 0.6983397691 2
0 0.525 -0.425 0.7033024176 2
0 0.525 -0.415 0.7081601044 1
0 0.525 -0.405 0.7129121044 1
0 0.525 -0.395 0.7175577086 1
0 0.525 -0.385 0.7220962237 1
0 0.525 -0.375 0.7265269721 1
0 0.525 -0.365 0.7308492929 1
0 0.525 -0.355 0.7350625407 1
0 0.525 -0.345 0.739166087 2
0 0.525 -0.335 0.7431593191 2
0 0.525 -0.325 0.7470416413 2
0 0.525 -0.315 0.7508124741 2
0 0.525 -0.305 0.7544712546 2
0 0.525 -0.295 0.758017437 2
0 0.525 -0.285 0.7614504919 2
0 0.525 -0.275 0.764769907 2
0 0.525 -0.265 0.7679751869 2
0 0.525 -0.255 0.7710658533 2
0 0.525 -0.245 0.7740414448 2
0 0.525 -0.235 0.7769015175 2
0 0.525 -0.225 0.7796456444 2
0 0.525 -0.215 0.782273416 2
0 0.525 -0.205 0.7847844402 2
0 0.525 -0.195 0.7871783422 2
0 0.525 -0.185 0.7894547648 2
0 0.525 -0.175 0.7916133681 2
0 0.525 -0.165 0.7936538301 2
0 0.525 -0.155 0.7955758462 2
0 0.525 -0.145 0.7973791296 2
0 0.525 -0.135 0.7990634112 2
0 0.525 -0.125 0.8006284396 2
0 0.525 -0.115 0.8020739812 2
0 0.525 -0.105 0.8033998203 2
0 0.525 -0.095 0.804605759 2
0 0.525 -0.085 0.8056916173 2
0 0.525 -0.075 0.8066572333 2
0 0.525 -0.065 0.8075024627 2
0 0.525 -0.055 0.8082271795 2
0 0.525 -0.045 0.8088312755 2
0 0.525 -0.035 0.8093146605 2
0 0.525 -0.025 0.8096772624 2
0 0.525 -0.015 0.809919027 2
0 0.525 -0.005 0.8100399184 2
0 0.525 0.005 0.8100399184 2
0 0.525 0.015 0.809919027 2
0 0.525 0.025 0.8096772624 2
0 0.525 0.035 0.8093146605 2
0 0.525 0.045 0.8088312755 2
0 0.525 0.055 0.8082271795 2
0 0.525 0.065 0.8075024627 2
0 0.525 0.075 0.8066572333 2
0 0.525 0.085 0.8056916173 2
0 0.525 0.095 0.804605759 2
0 0.525 0.105 0.8033998203 2
0 0.525 0.115 0.8020739812 2
0 0.525 0.125 0.8006284396 2
0 0.525 0.135 0.7990634112 2
0 0.525 0.145 0.7973791296 2
0 0.525 0.155 0.7955758462 2
0 0.525 0.165 0.7936538301 2
0 0.525 0.175 0.7916133681 2
0 0.525 0.185 0.7894547648 2
0 0.525 0.195 0.7871783422 2
0 0.525 0.205 0.7847844402 2
0 0.525 0.215 0.782273416 2
0 0.525 0.225 0.7796456444 2
0 0.525 0.235 0.7769015175 2
0 0.525 0.245 0.7740414448 2
0 0.525 0.255 0.7710658533 1
0 0.525 0.265 0.7679751869 1
0 0.525 0.275 0.764769907 1
0 0.525 0.285 0.7614504919 1
0 0.525 0.295 0.758017437 1
0 0.525 0.305 0.7544712546 2
0 0.525 0.315 0.7508124741 2
0 0.525 0.325 0.7470416413 2
0 0.525 0.335 0.7431593191 2
0 0.525 0.345 0.739166087 2
0 0.525 0.355 0.7350625407 2
0 0.525 0.365 0.7308492929 2
0 0.525 0.375 0.7265269721 2
0 0.525 0.385 0.7220962237 2
0 0.525 0.395 0.7175577086 2
0 0.525 0.405 0.7129121044 2
0 0.525 0.415 0.7081601044 2
0 0.525 0.425 0.7033024176 2
0 0.525 0.435 0.6983397691 2
0 0.525 0.445 0.6932728995 2
0 0.525 0.455 0.6881025651 2
0 0.525 0.465 0.6828295374 2
0 0.525 0.475 0.6774546033 2
0 0.525 0.485 0.6719785651 2
0 0.525 0.495 0.66640224 2
0 0.525 0.505 0 2
0 0.525 0.515 0 2
0 0.525 0.525 0 2
0 0.525 0.535 0 2
0 0.525 0.545 0 2
0 0.525 0.555 0 2
0 0.525 0.565 0 2
0 0.535 -0.555 0 1
0 0.535 -0.545 0 1
0 0.535 -0.535 0 1
0 0.535 -0.525 0 1
0 0.535 -0.515 0 1
0 0.535 -0.505 0 1
0 0.535 -0.495 0.6300943882 1
0 0.535 -0.485 0.6353668963 1
0 0.535 -0.475 0.6405445814 2
0 0.535 -0.465 0.6456266708 2
0 0.535 -0.455 0.6506124061 2
0 0.535 -0.445 0.6555010432 2
0 0.535 -0.435 0.6602918526 2
0 0.535 -0.425 0.6649841192 2
0 0.535 -0.415 0.6695771427 1
0 0.535 -0.405 0.6740702377 1
0 0.535 -0.395 0.6784627337 1
0 0.535 -0.385 0.682753975 1
0 0.535 -0.375 0.6869433213 1
0 0.535 -0.365 0.6910301473 1
0 0.535 -0.355 0.6950138432 1
0 0.535 -0.345 0.6988938143 2
0 0.535 -0.335 0.7026694817 2
0 0.535 -0.325 0.7063402818 2
0 0.535 -0.315 0.7099056668 2
0 0.535 -0.305 0.7133651046 2
0 0.535 -0.295 0.7167180789 2
0 0.535 -0.285 0.7199640894 2
0 0.535 -0.275 0.7231026515 2
0 0.535 -0.265 0.7261332969 2
0 0.535 -0.255 0.7290555733 2
0 0.535 -0.245 0.7318690445 2
0 0.535 -0.235 0.7345732907 2
0 0.535 -0.225 0.7371679083 2
0 0.535 -0.215 0.7396525101 2
0 0.535 -0.205 0.7420267251 2
0 0.535 -0.195 0.7442901993 2
0 0.535 -0.185 0.7464425946 2
0 0.535 -0.175 0.7484835899 1
0 0.535 -0.165 0.7504128806 1
0 0.535 -0.155 0.7522301788 1
0 0.535 -0.145 0.7539352132 1
0 0.535 -0.135 0.7555277294 2
0 0.535 -0.125 0.7570074897 2
0 0.535 -0.115 0.7583742733 2
0 0.535 -0.105 0.7596278762 2
0 0.535 -0.095 0.7607681113 2
0 0.535 -0.085 0.7617948084 2
0 0.535 -0.075 0.7627078143 2
0 0.535 -0.065 0.7635069928 2
0 0.535 -0.055 0.7641922246 2
0 0.535 -0.045 0.7647634074 2
0 0.535 -0.035 0.7652204559 2
0 0.535 -0.025 0.765563302 2
0 0.535 -0.015 0.7657918945 2
0 0.535 -0.005 0.7659061993 2
0 0.535 0.005 0.7659061993 2
0 0.535 0.015 0.7657918945 2
0 0.535 0.025 0.765563302 2
0 0.535 0.035 0.7652204559 2
0 0.535 0.045 0.7647634074 2
0 0.535 0.055 0.7641922246 2
0 0.535 0.065 0.7635069928 2
0 0.535 0.075 0.7627078143 2
0 0.535 0.085 0.7617948084 2
0 0.535 0.095 0.7607681113 2
0 0.535 0.105 0.7596278762 2
0 0.535 0.115 0.7583742733 2
0 0.535 0.125 0.7570074897 2
0 0.535 0.135 0.7555277294 2
0 0.535 0.145 0.7539352132 2
0 0.535 0.155 0.7522301788 2
0 0.535 0.165 0.7504128806 2
0 0.535 0.175 0.7484835899 2
0 0.535 0.185 0.7464425946 2
0 0.535 0.195 0.7442901993 2
0 0.535 0.205 0.7420267251 2
0 0.535 0.215 0.7396525101 2
0 0.535 0.225 0.7371679083 2
0 0.535 0.235 0.7345732907 2
0 0.535 0.245 0.7318690445 2
0 0.535 0.255 0.7290555733 2
0 0.535 0.265 0.7261332969 2
0 0.535 0.275 0.7231026515 2
0 0.535 0.285 0.7199640894 2
0 0.535 0.295 0.7167180789 2
0 0.535 0.305 0.7133651046 2
0 0.535 0.315 0.7099056668 2
0 0.535 0.325 0.7063402818 2
0 0.535 0.335 0.7026694817 2
0 0.535 0.345 0.6988938143 2
0 0.535 0.355 0.6950138432 2
0 0.535 0.365 0.6910301473 2
0 0.535 0.375 0.6869433213 2
0 0.535 0.385 0.682753975 2
0 0.535 0.395 0.6784627337 2
0 0.535 0.405 0.6740702377 2
0 0.535 0.415 0.6695771427 2
0 0.535 0.425 0.6649841192 2
0 0.535 0.435 0.6602918526 2
0 0.535 0.445 0.6555010432 2
0 0.535 0.455 0.6506124061 2
0 0.535 0.465 0.6456266708 2
0 0.535 0.475 0.6405445814 2
0 0.535 0.485 0.6353668963 2
0 0.535 0.495 0.6300943882 2
0 0.535 0.505 0 2
0 0.535 0.515 0 2
0 0.535 0.525 0 2
0 0.535 0.535 0 2
0 0.535 0.545 0 1
0 0.535 0.555 0 1
0 0.535 0.565 0 1
0 0.545 -0.555 0 1
0 0.545 -0.545 0 1
0 0.545 -0.535 0 1
0 0.545 -0.525 0 1
0 0.545 -0.515 0 1
0 0.545 -0.505 0 1
0 0.545 -0.495 0.5905419802 1
0 0.545 -0.485 0.5954835213 1
0 0.545 -0.475 0.6003361918 2
0 0.545 -0.465 0.6050992673 2
0 0.545 -0.455 0.609772037 2
0 0.545 -0.445 0.6143538037 2
0 0.545 -0.435 0.6188438834 2
0 0.545 -0.425 0.6232416061 2
0 0.545 -0.415 0.6275463155 1
0 0.545 -0.405 0.6317573691 1
0 0.545 -0.395 0.6358741384 1
0 0.545 -0.385 0.6398960091 1
0 0.545 -0.375 0.6438223809 1
0 0.545 -0.365 0.6476526679 1
0 0.545 -0.355 0.6513862984 1
0 0.545 -0.345 0.6550227153 2
0 0.545 -0.335 0.6585613757 2
0 0.545 -0.325 0.6620017516 2
0 0.545 -0.315 0.6653433296 2
0 0.545 -0.305 0.6685856109 2
0 0.545 -0.295 0.6717281117 2
0 0.545 -0.285 0.6747703629 2
0 0.545 -0.275 0.6777119106 2
0 0.545 -0.265 0.6805523158 2
0 0.545 -0.255 0.6832911544 2
0 0.545 -0.245 0.6859280179 2
0 0.545 -0.235 0.6884625126 2
0 0.545 -0.225 0.6908942604 2
0 0.545 -0.215 0.6932228982 2
0 0.545 -0.205 0.6954480786 2
0 0.545 -0.195 0.6975694695 2
0 0.545 -0.185 0.6995867542 1
0 0.545 -0.175 0.7014996318 1
0 0.545 -0.165 0.7033078167 1
0 0.545 -0.155 0.705011039 1
0 0.545 -0.145 0.7066090447 1
0 0.545 -0.135 0.7081015952 1
0 0.545 -0.125 0.7094884677 2
0 0.545 -0.115 0.7107694553 2
0 0.545 -0.105 0.7119443667 2
0 0.545 -0.095 0.7130130268 2
0 0.545 -0.085 0.7139752759 2
0 0.545 -0.075 0.7148309704 2
0 0.545 -0.065 0.7155799827 2
0 0.545 -0.055 0.716222201 2
0 0.545 -0.045 0.7167575293 2
0 0.545 -0.035 0.7171858879 2
0 0.545 -0.025 0.7175072129 2
0 0.545 -0.015 0.7177214561 2
0 0.545 -0.005 0.7178285857 2
0 0.545 0.005 0.7178285857 2
0 0.545 0.015 0.7177214561 2
0 0.545 0.025 0.7175072129 2
0 0.545 0.035 0.7171858879 2
0 0.545 0.045 0.7167575293 2
0 0.545 0.055 0.716222201 2
0 0.545 0.065 0.7155799827 2
0 0.545 0.075 0.7148309704 2
0 0.545 0.085 0.7139752759 2
0 0.545 0.095 0.7130130268 2
0 0.545 0.105 0.7119443667 2
0 0.545 0.115 0.7107694553 2
0 0.545 0.125 0.7094884677 2
0 0.545 0.135 0.7081015952 2
0 0.545 0.145 0.7066090447 2
0 0.545 0.155 0.705011039 2
0 0.545 0.165 0.7033078167 2
0 0.545 0.175 0.7014996318 2
0 0.545 0.185 0.6995867542 1
0 0.545 0.195 0.6975694695 1
0 0.545 0.205 0.6954480786 1
0 0.545 0.215 0.6932228982 1
0 0.545 0.225 0.6908942604 1
0 0.545 0.235 0.6884625126 1
0 0.545 0.245 0.6859280179 1
0 0.545 0.255 0.6832911544 1
0 0.545 0.265 0.6805523158 2
0 0.545 0.275 0.6777119106 2
0 0.545 0.285 0.6747703629 2
0 0.545 0.295 0.6717281117 2
0 0.545 0.305 0.6685856109 2
0 0.545 0.315 0.6653433296 2
0 0.545 0.325 0.6620017516 2
0 0.545 0.335 0.6585613757 2
0 0.545 0.345 0.6550227153 2
0 0.545 0.355 0.6513862984 2
0 0.545 0.365 0.6476526679 2
0 0.545 0.375 0.6438223809 2
0 0.545 0.385 0.6398960091 2
0 0.545 0.395 0.6358741384 2
0 0.545 0.405 0.6317573691 2
0 0.545 0.415 0.6275463155 2
0 0.545 0.425 0.6232416061 2
0 0.545 0.435 0.6188438834 2
0 0.545 0.445 0.6143538037 2
0 0.545 0.455 0.609772037 2
0 0.545 0.465 0.6050992673 2
0 0.545 0.475 0.6003361918 2
0 0.545 0.485 0.5954835213 2
0 0.545 0.495 0.5905419802 2
0 0.545 0.505 0 2
0 0.545 0.515 0 2
0 0.545 0.525 0 2
0 0.545 0.535 0 2
0 0.545 0.545 0 1
0 0.545 0.555 0 1
0 0.545 0.565 0 1
0 0.555 -0.555 0 1
0 0.555 -0.545 0 1
0 0.555 -0.535 0 1
0 0.555 -0.525 0 1
0 0.555 -0.515 0 1
0 0.555 -0.505 0 1
0 0.555 -0.495 0.5479486838 1
0 0.555 -0.485 0.5525338125 1
0 0.555 -0.475 0.5570364803 2
0 0.555 -0.465 0.5614560153 2
0 0.555 -0.455 0.5657917579 2
0 0.555 -0.445 0.5700430611 2
0 0.555 -0.435 0.5742092904 2
0 0.555 -0.425 0.5782898239 2
0 0.555 -0.415 0.5822840528 2
0 0.555 -0.405 0.5861913809 1
0 0.555 -0.395 0.5900112251 1
0 0.555 -0.385 0.5937430152 1
0 0.555 -0.375 0.5973861945 1
0 0.555 -0.365 0.6009402191 1
0 0.555 -0.355 0.6044045586 2
0 0.555 -0.345 0.607778696 2
0 0.555 -0.335 0.6110621278 2
0 0.555 -0.325 0.614254364 2
0 0.555 -0.315 0.6173549281 2
0 0.555 -0.305 0.6203633573 2
0 0.555 -0.295 0.6232792028 2
0 0.555 -0.285 0.6261020294 2
0 0.555 -0.275 0.6288314157 2
0 0.555 -0.265 0.6314669544 2
0 0.555 -0.255 0.6340082522 2
0 0.555 -0.245 0.6364549299 2
0 0.555 -0.235 0.6388066222 2
0 0.555 -0.225 0.6410629782 2
0 0.555 -0.215 0.6432236613 2
0 0.555 -0.205 0.6452883488 2
0 0.555 -0.195 0.6472567327 2
0 0.555 -0.185 0.6491285193 1
0 0.555 -0.175 0.6509034291 1
0 0.555 -0.165 0.6525811972 1
0 0.555 -0.155 0.6541615734 1
0 0.555 -0.145 0.6556443216 1
0 0.555 -0.135 0.6570292207 1
0 0.555 -0.125 0.658316064 1
0 0.555 -0.115 0.6595046594 2
0 0.555 -0.105 0.6605948295 2
0 0.555 -0.095 0.6615864116 2
0 0.555 -0.085 0.6624792577 2
0 0.555 -0.075 0.6632732346 2
0 0.555 -0.065 0.6639682238 2
0 0.555 -0.055 0.6645641216 2
0 0.555 -0.045 0.665060839 2
0 0.555 -0.035 0.6654583019 2
0 0.555 -0.025 0.665756451 2
0 0.555 -0.015 0.6659552418 2
0 0.555 -0.005 0.6660546446 2
0 0.555 0.005 0.6660546446 2
0 0.555 0.015 0.6659552418 2
0 0.555 0.025 0.665756451 2
0 0.555 0.035 0.6654583019 2
0 0.555 0.045 0.665060839 2
0 0.555 0.055 0.6645641216 2
0 0.555 0.065 0.6639682238 2
0 0.555 0.075 0.6632732346 2
0 0.555 0.085 0.6624792577 2
0 0.555 0.095 0.6615864116 2
0 0.555 0.105 0.6605948295 2
0 0.555 0.115 0.6595046594 2
0 0.555 0.125 0.658316064 2
0 0.555 0.135 0.6570292207 2
0 0.555 0.145 0.6556443216 2
0 0.555 0.155 0.6541615734 2
0 0.555 0.165 0.6525811972 2
0 0.555 0.175 0.6509034291 1
0 0.555 0.185 0.6491285193 1
0 0.555 0.195 0.6472567327 1
0 0.555 0.205 0.6452883488 1
0 0.555 0.215 0.6432236613 1
0 0.555 0.225 0.6410629782 1
0 0.555 0.235 0.6388066222 1
0 0.555 0.245 0.6364549299 1
0 0.555 0.255 0.6340082522 1
0 0.555 0.265 0.6314669544 1
0 0.555 0.275 0.6288314157 2
0 0.555 0.285 0.6261020294 2
0 0.555 0.295 0.6232792028 2
0 0.555 0.305 0.6203633573 2
0 0.555 0.315 0.6173549281 2
0 0.555 0.325 0.614254364 2
0 0.555 0.335 0.6110621278 2
0 0.555 0.345 0.607778696 2
0 0.555 0.355 0.6044045586 2
0 0.555 0.365 0.6009402191 2
0 0.555 0.375 0.5973861945 2
0 0.555 0.385 0.5937430152 2
0 0.555 0.395 0.5900112251 2
0 0.555 0.405 0.5861913809 2
0 0.555 0.415 0.5822840528 2
0 0.555 0.425 0.5782898239 2
0 0.555 0.435 0.5742092904 2
0 0.555 0.445 0.5700430611 2
0 0.555 0.455 0.5657917579 2
0 0.555 0.465 0.5614560153 2
0 0.555 0.475 0.5570364803 2
0 0.555 0.485 0.5525338125 2
0 0.555 0.495 0.5479486838 2
0 0.555 0.505 0 2
0 0.555 0.515 0 2
0 0.555 0.525 0 2
0 0.555 0.535 0 1
0 0.555 0.545 0 1
0 0.555 0.555 0 1
0 0.555 0.565 0 1
0 0.565 -0.555 0 1
0 0.565 -0.545 0 1
0 0.565 -0.535 0 1
0 0.565 -0.525 0 1
0 0.565 -0.515 0 1
0 0.565 -0.505 0 1
0 0.565 -0.495 0.5025338255 1
0 0.565 -0.485 0.5067389313 2
0 0.565 -0.475 0.5108684109 2
0 0.565 -0.465 0.5149216478 2
0 0.565 -0.455 0.5188980372 2
0 0.565 -0.445 0.5227969856 2
0 0.565 -0.435 0.5266179112 2
0 0.565 -0.425 0.5303602436 2
0 0.565 -0.415 0.5340234245 2
0 0.565 -0.405 0.537606907 2
0 0.565 -0.395 0.5411101564 1
0 0.565 -0.385 0.5445326499 1
0 0.565 -0.375 0.5478738766 1
0 0.565 -0.365 0.551133338 1
0 0.565 -0.355 0.5543105475 2
0 0.565 -0.345 0.5574050311 2
0 0.565 -0.335 0.5604163269 2
0 0.565 -0.325 0.5633439854 2
0 0.565 -0.315 0.5661875698 2
0 0.565 -0.305 0.5689466557 2
0 0.565 -0.295 0.5716208313 2
0 0.565 -0.285 0.5742096974 2
0 0.565 -0.275 0.5767128679 2
0 0.565 -0.265 0.5791299689 2
0 0.565 -0.255 0.58146064 2
0 0.565 -0.245 0.5837045331 2
0 0.565 -0.235 0.5858613134 2
0 0.565 -0.225 0.5879306591 2
0 0.565 -0.215 0.5899122613 2
0 0.565 -0.205 0.5918058242 2
0 0.565 -0.195 0.5936110654 2
0 0.565 -0.185 0.5953277152 1
0 0.565 -0.175 0.5969555177 1
0 0.565 -0.165 0.5984942298 1
0 0.565 -0.155 0.5999436218 1
0 0.565 -0.145 0.6013034775 1
0 0.565 -0.135 0.602573594 1
0 0.565 -0.125 0.6037537817 1
0 0.565 -0.115 0.6048438644 1
0 0.565 -0.105 0.6058436794 2
0 0.565 -0.095 0.6067530776 2
0 0.565 -0.085 0.6075719232 2
0 0.565 -0.075 0.6083000941 2
0 0.565 -0.065 0.6089374815 2
0 0.565 -0.055 0.6094839903 2
0 0.565 -0.045 0.609939539 2
0 0.565 -0.035 0.6103040595 2
0 0.565 -0.025 0.6105774975 2
0 0.565 -0.015 0.6107598122 2
0 0.565 -0.005 0.6108509764 2
0 0.565 0.005 0.6108509764 2
0 0.565 0.015 0.6107598122 2
0 0.565 0.025 0.6105774975 2
0 0.565 0.035 0.6103040595 2
0 0.565 0.045 0.609939539 2
0 0.565 0.055 0.6094839903 2
0 0.565 0.065 0.6089374815 2
0 0.565 0.075 0.6083000941 2
0 0.565 0.085 0.6075719232 2
0 0.565 0.095 0.6067530776 2
0 0.565 0.105 0.6058436794 2
0 0.565 0.115 0.6048438644 2
0 0.565 0.125 0.6037537817 2
0 0.565 0.135 0.602573594 2
0 0.565 0.145 0.6013034775 2
0 0.565 0.155 0.5999436218 2
0 0.565 0.165 0.5984942298 2
0 0.565 0.175 0.5969555177 1
0 0.565 0.185 0.5953277152 1
0 0.565 0.195 0.5936110654 1
0 0.565 0.205 0.5918058242 1
0 0.565 0.215 0.5899122613 1
0 0.565 0.225 0.5879306591 1
0 0.565 0.235 0.5858613134 1
0 0.565 0.245 0.5837045331 1
0 0.565 0.255 0.58146064 1
0 0.565 0.265 0.5791299689 1
0 0.565 0.275 0.5767128679 1
0 0.565 0.285 0.5742096974 2
0 0.565 0.295 0.5716208313 2
0 0.565 0.305 0.5689466557 2
0 0.565 0.315 0.5661875698 2
0 0.565 0.325 0.5633439854 2
0 0.565 0.335 0.5604163269 2
0 0.565 0.345 0.5574050311 2
0 0.565 0.355 0.5543105475 2
0 0.565 0.365 0.551133338 2
0 0.565 0.375 0.5478738766 2
0 0.565 0.385 0.5445326499 2
0 0.565 0.395 0.5411101564 2
0 0.565 0.405 0.537606907 2
0 0.565 0.415 0.5340234245 2
0 0.565 0.425 0.5303602436 2
0 0.565 0.435 0.5266179112 2
0 0.565 0.445 0.5227969856 2
0 0.565 0.455 0.5188980372 2
0 0.565 0.465 0.5149216478 2
0 0.565 0.475 0.5108684109 2
0 0.565 0.485 0.5067389313 2
0 0.565 0.495 0.5025338255 2
0 0.565 0.505 0 2
0 0.565 0.515 0 2
0 0.565 0.525 0 2
0 0.565 0.535 0 1
0 0.565 0.545 0 1
0 0.565 0.555 0 1
0 0.565 0.565 0 1
0 0.575 -0.555 0 1
0 0.575 -0.545 0 1
0 0.575 -0.535 0 1
0 0.575 -0.525 0 1
0 0.575 -0.515 0 1
0 0.575 -0.505 0 1
0 0.575 -0.495 0.4545312607 2
0 0.575 -0.485 0.4583346904 2
0 0.575 -0.475 0.4620697177 2
0 0.575 -0.465 0.4657357851 2
0 0.575 -0.455 0.4693323456 2
0 0.575 -0.445 0.4728588623 2
0 0.575 -0.435 0.476314809 2
0 0.575 -0.425 0.4796996699 2
0 0.575 -0.415 0.4830129398 2
0 0.575 -0.405 0.4862541242 2
0 0.575 -0.395 0.4894227395 2
0 0.575 -0.385 0.4925183128 2
0 0.575 -0.375 0.495540382 2
0 0.575 -0.365 0.4984884962 2
0 0.575 -0.355 0.5013622153 2
0 0.575 -0.345 0.5041611105 2
0 0.575 -0.335 0.5068847641 2
0 0.575 -0.325 0.5095327696 2
0 0.575 -0.315 0.5121047318 2
0 0.575 -0.305 0.5146002669 2
0 0.575 -0.295 0.5170190023 2
0 0.575 -0.285 0.5193605773 2
0 0.575 -0.275 0.5216246422 2
0 0.575 -0.265 0.5238108592 2
0 0.575 -0.255 0.5259189021 2
0 0.575 -0.245 0.5279484561 2
0 0.575 -0.235 0.5298992185 2
0 0.575 -0.225 0.5317708981 2
0 0.575 -0.215 0.5335632155 2
0 0.575 -0.205 0.5352759033 2
0 0.575 -0.195 0.5369087059 2
0 0.575 -0.185 0.5384613796 1
0 0.575 -0.175 0.5399336926 1
0 0.575 -0.165 0.5413254253 1
0 0.575 -0.155 0.5426363698 1
0 0.575 -0.145 0.5438663307 1
0 0.575 -0.135 0.5450151243 1
0 0.575 -0.125 0.5460825792 1
0 0.575 -0.115 0.547068536 1
0 0.575 -0.105 0.5479728477 2
0 0.575 -0.095 0.5487953792 2
0 0.575 -0.085 0.5495360078 2
0 0.575 -0.075 0.550194623 2
0 0.575 -0.065 0.5507711265 2
0 0.575 -0.055 0.5512654322 2
0 0.575 -0.045 0.5516774664 2
0 0.575 -0.035 0.5520071675 2
0 0.575 -0.025 0.5522544865 2
0 0.575 -0.015 0.5524193863 2
0 0.575 -0.005 0.5525018423 2
0 0.575 0.005 0.5525018423 2
0 0.575 0.015 0.5524193863 2
0 0.575 0.025 0.5522544865 2
0 0.575 0.035 0.5520071675 2
0 0.575 0.045 0.5516774664 2
0 0.575 0.055 0.5512654322 2
0 0.575 0.065 0.5507711265 2
0 0.575 0.075 0.550194623 2
0 0.575 0.085 0.5495360078 2
0 0.575 0.095 0.5487953792 2
0 0.575 0.105 0.5479728477 2
0 0.575 0.115 0.547068536 2
0 0.575 0.125 0.5460825792 2
0 0.575 0.135 0.5450151243 2
0 0.575 0.145 0.5438663307 2
0 0.575 0.155 0.5426363698 2
0 0.575 0.165 0.5413254253 2
0 0.575 0.175 0.5399336926 1
0 0.575 0.185 0.5384613796 1
0 0.575 0.195 0.5369087059 1
0 0.575 0.205 0.5352759033 1
0 0.575 0.215 0.5335632155 1
0 0.575 0.225 0.5317708981 1
0 0.575 0.235 0.5298992185 1
0 0.575 0.245 0.5279484561 1
0 0.575 0.255 0.5259189021 1
0 0.575 0.265 0.5238108592 1
0 0.575 0.275 0.5216246422 1
0 0.575 0.285 0.5193605773 2
0 0.575 0.295 0.5170190023 2
0 0.575 0.305 0.5146002669 2
0 0.575 0.315 0.5121047318 2
0 0.575 0.325 0.5095327696 2
0 0.575 0.335 0.5068847641 2
0 0.575 0.345 0.5041611105 2
0 0.575 0.355 0.5013622153 2
0 0.575 0.365 0.4984884962 2
0 0.575 0.375 0.495540382 2
0 0.575 0.385 0.4925183128 2
0 0.575 0.395 0.4894227395 2
0 0.575 0.405 0.4862541242 2
0 0.575 0.415 0.4830129398 2
0 0.575 0.425 0.4796996699 2
0 0.575 0.435 0.476314809 2
0 0.575 0.445 0.4728588623 2
0 0.575 0.455 0.4693323456 2
0 0.575 0.465 0.4657357851 2
0 0.575 0.475 0.4620697177 2
0 0.575 0.485 0.4583346904 2
0 0.575 0.495 0.4545312607 2
0 0.575 0.505 0 2
0 0.575 0.515 0 2
0 0.575 0.525 0 2
0 0.575 0.535 0 1
0 0.575 0.545 0 1
0 0.575 0.555 0 1
0 0.575 0.565 0 1
0 0.585 -0.555 0 1
0 0.585 -0.545 0 1
0 0.585 -0.535 0 1
0 0.585 -0.525 0 1
0 0.585 -0.515 0 1
0 0.585 -0.505 0 2
0 0.585 -0.495 0.40418817 2
0 0.585 -0.485 0.4075703385 2
0 0.585 -0.475 0.4108916806 2
0 0.585 -0.465 0.4141517008 2
0 0.585 -0.455 0.4173499125 2
0 0.585 -0.445 0.4204858384 2
0 0.585 -0.435 0.4235590104 2
0 0.585 -0.425 0.42656897 2
0 0.585 -0.415 0.4295152679 2
0 0.585 -0.405 0.4323974644 2
0 0.585 -0.395 0.4352151294 2
0 0.585 -0.385 0.4379678424 2
0 0.585 -0.375 0.4406551925 2
0 0.585 -0.365 0.4432767786 2
0 0.585 -0.355 0.4458322097 2
0 0.585 -0.345 0.4483211041 2
0 0.585 -0.335 0.4507430906 2
0 0.585 -0.325 0.4530978076 2
0 0.585 -0.315 0.4553849037 2
0 0.585 -0.305 0.4576040377 2
0 0.585 -0.295 0.4597548782 2
0 0.585 -0.285 0.4618371044 2
0 0.585 -0.275 0.4638504054 2
0 0.585 -0.265 0.4657944809 2
0 0.585 -0.255 0.4676690406 2
0 0.585 -0.245 0.4694738047 2
0 0.585 -0.235 0.4712085041 2
0 0.585 -0.225 0.4728728797 2
0 0.585 -0.215 0.4744666832 2
0 0.585 -0.205 0.4759896767 2
0 0.585 -0.195 0.4774416329 2
0 0.585 -0.185 0.4788223351 1
0 0.585 -0.175 0.4801315773 1
0 0.585 -0.165 0.4813691641 1
0 0.585 -0.155 0.4825349107 1
0 0.585 -0.145 0.4836286433 1
0 0.585 -0.135 0.4846501985 1
0 0.585 -0.125 0.4855994239 1
0 0.585 -0.115 0.4864761779 1
0 0.585 -0.105 0.4872803296 1
0 0.585 -0.095 0.4880117589 1
0 0.585 -0.085 0.4886703568 1
0 0.585 -0.075 0.4892560249 1
0 0.585 -0.065 0.4897686759 1
0 0.585 -0.055 0.4902082332 2
0 0.585 -0.045 0.4905746312 2
0 0.585 -0.035 0.4908678152 2
0 0.585 -0.025 0.4910877415 2
0 0.585 -0.015 0.4912343773 2
0 0.585 -0.005 0.4913077007 2
0 0.585 0.005 0.4913077007 2
0 0.585 0.015 0.4912343773 2
0 0.585 0.025 0.4910877415 2
0 0.585 0.035 0.4908678152 2
0 0.585 0.045 0.4905746312 2
0 0.585 0.055 0.4902082332 2
0 0.585 0.065 0.4897686759 2
0 0.585 0.075 0.4892560249 2
0 0.585 0.085 0.4886703568 2
0 0.585 0.095 0.4880117589 2
0 0.585 0.105 0.4872803296 2
0 0.585 0.115 0.4864761779 2
0 0.585 0.125 0.4855994239 2
0 0.585 0.135 0.4846501985 2
0 0.585 0.145 0.4836286433 2
0 0.585 0.155 0.4825349107 2
0 0.585 0.165 0.4813691641 1
0 0.585 0.175 0.4801315773 1
0 0.585 0.185 0.4788223351 1
0 0.585 0.195 0.4774416329 1
0 0.585 0.205 0.4759896767 1
0 0.585 0.215 0.4744666832 1
0 0.585 0.225 0.4728728797 1
0 0.585 0.235 0.4712085041 1
0 0.585 0.245 0.4694738047 1
0 0.585 0.255 0.4676690406 1
0 0.585 0.265 0.4657944809 1
0 0.585 0.275 0.4638504054 1
0 0.585 0.285 0.4618371044 2
0 0.585 0.295 0.4597548782 2
0 0.585 0.305 0.4576040377 2
0 0.585 0.315 0.4553849037 2
0 0.585 0.325 0.4530978076 2
0 0.585 0.335 0.4507430906 2
0 0.585 0.345 0.4483211041 2
0 0.585 0.355 0.4458322097 2
0 0.585 0.365 0.4432767786 2
0 0.585 0.375 0.4406551925 2
0 0.585 0.385 0.4379678424 2
0 0.585 0.395 0.4352151294 2
0 0.585 0.405 0.4323974644 2
0 0.585 0.415 0.4295152679 2
0 0.585 0.425 0.42656897 2
0 0.585 0.435 0.4235590104 2
0 0.585 0.445 0.4204858384 2
0 0.585 0.455 0.4173499125 2
0 0.585 0.465 0.4141517008 2
0 0.585 0.475 0.4108916806 2
0 0.585 0.485 0.4075703385 2
0 0.585 0.495 0.40418817 2
0 0.585 0.505 0 2
0 0.585 0.515 0 2
0 0.585 0.525 0 2
0 0.585 0.535 0 1
0 0.585 0.545 0 1
0 0.585 0.555 0 1
0 0.585 0.565 0 1
0 0.595 -0.555 0 1
0 0.595 -0.545 0 1
0 0.595 -0.535 0 1
0 0.595 -0.525 0 2
0 0.595 -0.515 0 2
0 0.595 -0.505 0 2
0 0.595 -0.495 0.3517637859 2
0 0.595 -0.485 0.3547072773 2
0 0.595 -0.475 0.3575978317 2
0 0.595 -0.465 0.3604350178 2
0 0.595 -0.455 0.3632184121 2
0 0.595 -0.445 0.3659475992 2
0 0.595 -0.435 0.3686221719 2
0 0.595 -0.425 0.3712417309 2
0 0.595 -0.415 0.3738058854 2
0 0.595 -0.405 0.3763142526 2
0 0.595 -0.395 0.3787664583 2
0 0.595 -0.385 0.3811621363 2
0 0.595 -0.375 0.3835009293 2
0 0.595 -0.365 0.3857824881 2
0 0.595 -0.355 0.3880064722 2
0 0.595 -0.345 0.3901725498 2
0 0.595 -0.335 0.3922803976 2
0 0.595 -0.325 0.3943297009 2
0 0.595 -0.315 0.396320154 2
0 0.595 -0.305 0.3982514598 2
0 0.595 -0.295 0.4001233301 2
0 0.595 -0.285 0.4019354855 2
0 0.595 -0.275 0.4036876555 2
0 0.595 -0.265 0.4053795787 2
0 0.595 -0.255 0.4070110025 2
0 0.595 -0.245 0.4085816835 2
0 0.595 -0.235 0.4100913873 2
0 0.595 -0.225 0.4115398885 2
0 0.595 -0.215 0.4129269711 2
0 0.595 -0.205 0.4142524279 2
0 0.595 -0.195 0.4155160611 2
0 0.595 -0.185 0.4167176822 2
0 0.595 -0.175 0.4178571119 1
0 0.595 -0.165 0.4189341801 1
0 0.595 -0.155 0.419948726 1
0 0.595 -0.145 0.4209005982 1
0 0.595 -0.135 0.4217896548 1
0 0.595 -0.125 0.4226157629 1
0 0.595 -0.115 0.4233787993 1
0 0.595 -0.105 0.4240786502 1
0 0.595 -0.095 0.424715211 1
0 0.595 -0.085 0.4252883868 1
0 0.595 -0.075 0.4257980921 1
0 0.595 -0.065 0.4262442507 1
0 0.595 -0.055 0.4266267961 1
0 0.595 -0.045 0.4269456712 1
0 0.595 -0.035 0.4272008284 2
0 0.595 -0.025 0.4273922297 2
0 0.595 -0.015 0.4275198464 2
0 0.595 -0.005 0.4275836595 2
0 0.595 0.005 0.4275836595 2
0 0.595 0.015 0.4275198464 2
0 0.595 0.025 0.4273922297 2
0 0.595 0.035 0.4272008284 2
0 0.595 0.045 0.4269456712 2
0 0.595 0.055 0.4266267961 2
0 0.595 0.065 0.4262442507 2
0 0.595 0.075 0.4257980921 2
0 0.595 0.085 0.4252883868 2
0 0.595 0.095 0.424715211 2
0 0.595 0.105 0.4240786502 2
0 0.595 0.115 0.4233787993 2
0 0.595 0.125 0.4226157629 2
0 0.595 0.135 0.4217896548 2
0 0.595 0.145 0.4209005982 2
0 0.595 0.155 0.419948726 1
0 0.595 0.165 0.4189341801 1
0 0.595 0.175 0.4178571119 1
0 0.595 0.185 0.4167176822 1
0 0.595 0.195 0.4155160611 1
0 0.595 0.205 0.4142524279 1
0 0.595 0.215 0.4129269711 1
0 0.595 0.225 0.4115398885 1
0 0.595 0.235 0.4100913873 1
0 0.595 0.245 0.4085816835 1
0 0.595 0.255 0.4070110025 1
0 0.595 0.265 0.4053795787 1
0 0.595 0.275 0.4036876555 1
0 0.595 0.285 0.4019354855 2
0 0.595 0.295 0.4001233301 2
0 0.595 0.305 0.3982514598 2
0 0.595 0.315 0.396320154 2
0 0.595 0.325 0.3943297009 2
0 0.595 0.335 0.3922803976 2
0 0.595 0.345 0.3901725498 2
0 0.595 0.355 0.3880064722 2
0 0.595 0.365 0.3857824881 2
0 0.595 0.375 0.3835009293 2
0 0.595 0.385 0.3811621363 2
0 0.595 0.395 0.3787664583 2
0 0.595 0.405 0.3763142526 2
0 0.595 0.415 0.3738058854 2
0 0.595 0.425 0.3712417309 2
0 0.595 0.435 0.3686221719 2
0 0.595 0.445 0.3659475992 2
0 0.595 0.455 0.3632184121 2
0 0.595 0.465 0.3604350178 2
0 0.595 0.475 0.3575978317 2
0 0.595 0.485 0.3547072773 2
0 0.595 0.495 0.3517637859 2
0 0.595 0.505 0 2
0 0.595 0.515 0 1
0 0.595 0.525 0 1
0 0.595 0.535 0 1
0 0.595 0.545 0 1
0 0.595 0.555 0 1
0 0.595 0.565 0 1
0 0.605 -0.555 0 1
0 0.605 -0.545 0 1
0 0.605 -0.535 0 2
0 0.605 -0.525 0 2
0 0.605 -0.515 0 2
0 0.605 -0.505 0 2
0 0.605 -0.495 0.2975280583 2
0 0.605 -0.485 0.3000177156 2
0 0.605 -0.475 0.3024625979 2
0 0.605 -0.465 0.3048623402 2
0 0.605 -0.455 0.3072165846 2
0 0.605 -0.445 0.3095249795 2
0 0.605 -0.435 0.3117871806 2
0 0.605 -0.425 0.3140028502 2
0 0.605 -0.415 0.3161716576 2
0 0.605 -0.405 0.3182932792 2
0 0.605 -0.395 0.3203673982 2
0 0.605 -0.385 0.3223937053 2
0 0.605 -0.375 0.3243718979 2
0 0.605 -0.365 0.3263016809 2
0 0.605 -0.355 0.3281827662 2
0 0.605 -0.345 0.3300148731 2
0 0.605 -0.335 0.3317977281 2
0 0.605 -0.325 0.3335310653 2
0 0.605 -0.315 0.3352146259 2
0 0.605 -0.305 0.3368481587 2
0 0.605 -0.295 0.3384314198 2
0 0.605 -0.285 0.339964173 2
0 0.605 -0.275 0.3414461895 2
0 0.605 -0.265 0.3428772482 2
0 0.605 -0.255 0.3442571354 2
0 0.605 -0.245 0.3455856453 2
0 0.605 -0.235 0.3468625796 2
0 0.605 -0.225 0.3480877477 2
0 0.605 -0.215 0.3492609667 2
0 0.605 -0.205 0.3503820616 2
0 0.605 -0.195 0.3514508651 2
0 0.605 -0.185 0.3524672176 2
0 0.605 -0.175 0.3534309674 1
0 0.605 -0.165 0.3543419708 1
0 0.605 -0.155 0.3552000918 1
0 0.605 -0.145 0.3560052022 1
0 0.605 -0.135 0.356757182 1
0 0.605 -0.125 0.3574559189 1
0 0.605 -0.115 0.3581013087 1
0 0.605 -0.105 0.358693255 1
0 0.605 -0.095 0.3592316694 1
0 0.605 -0.085 0.3597164717 1
0 0.605 -0.075 0.3601475895 1
0 0.605 -0.065 0.3605249584 1
0 0.605 -0.055 0.3608485221 1
0 0.605 -0.045 0.3611182323 1
0 0.605 -0.035 0.3613340488 1
0 0.605 -0.025 0.3614959394 2
0 0.605 -0.015 0.3616038799 2
0 0.605 -0.005 0.3616578541 2
0 0.605 0.005 0.3616578541 2
0 0.605 0.015 0.3616038799 2
0 0.605 0.025 0.3614959394 2
0 0.605 0.035 0.3613340488 2
0 0.605 0.045 0.3611182323 2
0 0.605 0.055 0.3608485221 2
0 0.605 0.065 0.3605249584 2
0 0.605 0.075 0.3601475895 2
0 0.605 0.085 0.3597164717 2
0 0.605 0.095 0.3592316694 2
0 0.605 0.105 0.358693255 2
0 0.605 0.115 0.3581013087 2
0 0.605 0.125 0.3574559189 2
0 0.605 0.135 0.356757182 2
0 0.605 0.145 0.3560052022 1
0 0.605 0.155 0.3552000918 1
0 0.605 0.165 0.3543419708 1
0 0.605 0.175 0.3534309674 1
0 0.605 0.185 0.3524672176 1
0 0.605 0.195 0.3514508651 1
0 0.605 0.205 0.3503820616 1
0 0.605 0.215 0.3492609667 1
0 0.605 0.225 0.3480877477 1
0 0.605 0.235 0.3468625796 1
0 0.605 0.245 0.3455856453 1
0 0.605 0.255 0.3442571354 1
0 0.605 0.265 0.3428772482 1
0 0.605 0.275 0.3414461895 2
0 0.605 0.285 0.339964173 2
0 0.605 0.295 0.3384314198 2
0 0.605 0.305 0.3368481587 2
0 0.605 0.315 0.3352146259 2
0 0.605 0.325 0.3335310653 2
0 0.605 0.335 0.3317977281 2
0 0.605 0.345 0.3300148731 2
0 0.605 0.355 0.3281827662 2
0 0.605 0.365 0.3263016809 2
0 0.605 0.375 0.3243718979 2
0 0.605 0.385 0.3223937053 2
0 0.605 0.395 0.3203673982 2
0 0.605 0.405 0.3182932792 2
0 0.605 0.415 0.3161716576 2
0 0.605 0.425 0.3140028502 2
0 0.605 0.435 0.3117871806 2
0 0.605 0.445 0.3095249795 2
0 0.605 0.455 0.3072165846 2
0 0.605 0.465 0.3048623402 2
0 0.605 0.475 0.3024625979 2
0 0.605 0.485 0.3000177156 2
0 0.605 0.495 0.2975280583 2
0 0.605 0.505 0 1
0 0.605 0.515 0 1
0 0.605 0.525 0 1
0 0.605 0.535 0 1
0 0.605 0.545 0 1
0 0.605 0.555 0 1
0 0.605 0.565 0 1
0 0.615 -0.555 0 1
0 0.615 -0.545 0 1
0 0.615 -0.535 0 1
0 0.615 -0.525 0 2
0 0.615 -0.515 0 2
0 0.615 -0.505 0 2
0 0.615 -0.495 0.2417602642 2
0 0.615 -0.485 0.2437832673 2
0 0.615 -0.475 0.245769888 2
0 0.615 -0.465 0.2477198296 2
0 0.615 -0.455 0.2496328012 2
0 0.615 -0.445 0.2515085174 2
0 0.615 -0.435 0.2533466981 2
0 0.615 -0.425 0.255147069 2
0 0.615 -0.415 0.2569093614 2
0 0.615 -0.405 0.2586333124 2
0 0.615 -0.395 0.2603186646 2
0 0.615 -0.385 0.2619651666 2
0 0.615 -0.375 0.2635725725 2
0 0.615 -0.365 0.2651406426 2
0 0.615 -0.355 0.2666691427 2
0 0.615 -0.345 0.2681578448 2
0 0.615 -0.335 0.2696065267 2
0 0.615 -0.325 0.2710149722 2
0 0.615 -0.315 0.2723829711 2
0 0.615 -0.305 0.2737103192 2
0 0.615 -0.295 0.2749968185 2
0 0.615 -0.285 0.2762422769 2
0 0.615 -0.275 0.2774465085 2
0 0.615 -0.265 0.2786093337 2
0 0.615 -0.255 0.2797305789 2
0 0.615 -0.245 0.2808100768 2
0 0.615 -0.235 0.2818476662 2
0 0.615 -0.225 0.2828431924 2
0 0.615 -0.215 0.2837965066 2
0 0.615 -0.205 0.2847074668 2
0 0.615 -0.195 0.2855759368 2
0 0.615 -0.185 0.2864017872 2
0 0.615 -0.175 0.2871848945 2
0 0.615 -0.165 0.2879251421 1
0 0.615 -0.155 0.2886224194 1
0 0.615 -0.145 0.2892766222 1
0 0.615 -0.135 0.2898876531 1
0 0.615 -0.125 0.2904554208 1
0 0.615 -0.115 0.2909798406 1
0 0.615 -0.105 0.2914608342 1
0 0.615 -0.095 0.2918983298 1
0 0.615 -0.085 0.2922922622 1
0 0.615 -0.075 0.2926425725 1
0 0.615 -0.065 0.2929492085 1
0 0.615 -0.055 0.2932121243 1
0 0.615 -0.045 0.2934312809 1
0 0.615 -0.035 0.2936066453 1
0 0.615 -0.025 0.2937381916 2
0 0.615 -0.015 0.2938259 2
0 0.615 -0.005 0.2938697575 2
0 0.615 0.005 0.2938697575 2
0 0.615 0.015 0.2938259 2
0 0.615 0.025 0.2937381916 2
0 0.615 0.035 0.2936066453 2
0 0.615 0.045 0.2934312809 2
0 0.615 0.055 0.2932121243 2
0 0.615 0.065 0.2929492085 2
0 0.615 0.075 0.2926425725 2
0 0.615 0.085 0.2922922622 2
0 0.615 0.095 0.2918983298 2
0 0.615 0.105 0.2914608342 2
0 0.615 0.115 0.2909798406 2
0 0.615 0.125 0.2904554208 2
0 0.615 0.135 0.2898876531 2
0 0.615 0.145 0.2892766222 1
0 0.615 0.155 0.2886224194 1
0 0.615 0.165 0.2879251421 1
0 0.615 0.175 0.2871848945 1
0 0.615 0.185 0.2864017872 1
0 0.615 0.195 0.2855759368 1
0 0.615 0.205 0.2847074668 1
0 0.615 0.215 0.2837965066 1
0 0.615 0.225 0.2828431924 2
0 0.615 0.235 0.2818476662 2
0 0.615 0.245 0.2808100768 2
0 0.615 0.255 0.2797305789 2
0 0.615 0.265 0.2786093337 2
0 0.615 0.275 0.2774465085 2
0 0.615 0.285 0.2762422769 2
0 0.615 0.295 0.2749968185 2
0 0.615 0.305 0.2737103192 2
0 0.615 0.315 0.2723829711 2
0 0.615 0.325 0.2710149722 2
0 0.615 0.335 0.2696065267 2
0 0.615 0.345 0.2681578448 2
0 0.615 0.355 0.2666691427 2
0 0.615 0.365 0.2651406426 2
0 0.615 0.375 0.2635725725 2
0 0.615 0.385 0.2619651666 2
0 0.615 0.395 0.2603186646 2
0 0.615 0.405 0.2586333124 2
0 0.615 0.415 0.2569093614 2
0 0.615 0.425 0.255147069 2
0 0.615 0.435 0.2533466981 2
0 0.615 0.445 0.2515085174 2
0 0.615 0.455 0.2496328012 2
0 0.615 0.465 0.2477198296 2
0 0.615 0.475 0.245769888 2
0 0.615 0.485 0.2437832673 2
0 0.615 0.495 0.2417602642 2
0 0.615 0.505 0 1
0 0.615 0.515 0 1
0 0.615 0.525 0 1
0 0.615 0.535 0 1
0 0.615 0.545 0 1
0 0.615 0.555 0 1
0 0.615 0.565 0 1
0 0.625 -0.555 0 1
0 0.625 -0.545 0 1
0 0.625 -0.535 0 1
0 0.625 -0.525 0 2
0 0.625 -0.515 0 2
0 0.625 -0.505 0 2
0 0.625 -0.495 0.1847475696 2
0 0.625 -0.485 0.1862935015 2
0 0.625 -0.475 0.1878116308 2
0 0.625 -0.465 0.1893017309 2
0 0.625 -0.455 0.1907635793 2
0 0.625 -0.445 0.1921969579 2
0 0.625 -0.435 0.1936016528 2
0 0.625 -0.425 0.1949774544 2
0 0.625 -0.415 0.1963241573 2
0 0.625 -0.405 0.1976415605 2
0 0.625 -0.395 0.1989294675 2
0 0.625 -0.385 0.200187686 2
0 0.625 -0.375 0.2014160282 2
0 0.625 -0.365 0.2026143108 2
0 0.625 -0.355 0.2037823551 2
0 0.625 -0.345 0.2049199866 2
0 0.625 -0.335 0.2060270356 2
0 0.625 -0.325 0.2071033369 2
0 0.625 -0.315 0.2081487298 2
0 0.625 -0.305 0.2091630584 2
0 0.625 -0.295 0.2101461712 2
0 0.625 -0.285 0.2110979215 2
0 0.625 -0.275 0.2120181673 2
0 0.625 -0.265 0.2129067713 2
0 0.625 -0.255 0.2137636008 2
0 0.625 -0.245 0.2145885279 2
0 0.625 -0.235 0.2153814297 2
0 0.625 -0.225 0.2161421876 2
0 0.625 -0.215 0.2168706882 2
0 0.625 -0.205 0.2175668227 2
0 0.625 -0.195 0.2182304873 2
0 0.625 -0.185 0.2188615829 2
0 0.625 -0.175 0.2194600154 2
0 0.625 -0.165 0.2200256953 2
0 0.625 -0.155 0.2205585384 1
0 0.625 -0.145 0.221058465 1
0 0.625 -0.135 0.2215254006 1
0 0.625 -0.125 0.2219592755 1
0 0.625 -0.115 0.2223600249 1
0 0.625 -0.105 0.222727589 1
0 0.625 -0.095 0.223061913 1
0 0.625 -0.085 0.2233629469 1
0 0.625 -0.075 0.2236306459 1
0 0.625 -0.065 0.22386497 1
0 0.625 -0.055 0.2240658841 1
0 0.625 -0.045 0.2242333585 1
0 0.625 -0.035 0.2243673679 1
0 0.625 -0.025 0.2244678925 2
0 0.625 -0.015 0.2245349173 2
0 0.625 -0.005 0.2245684321 2
0 0.625 0.005 0.2245684321 2
0 0.625 0.015 0.2245349173 2
0 0.625 0.025 0.2244678925 2
0 0.625 0.035 0.2243673679 2
0 0.625 0.045 0.2242333585 2
0 0.625 0.055 0.2240658841 2
0 0.625 0.065 0.22386497 2
0 0.625 0.075 0.2236306459 2
0 0.625 0.085 0.2233629469 2
0 0.625 0.095 0.223061913 2
0 0.625 0.105 0.222727589 2
0 0.625 0.115 0.2223600249 2
0 0.625 0.125 0.2219592755 2
0 0.625 0.135 0.2215254006 2
0 0.625 0.145 0.221058465 1
0 0.625 0.155 0.2205585384 1
0 0.625 0.165 0.2200256953 1
0 0.625 0.175 0.2194600154 1
0 0.625 0.185 0.2188615829 1
0 0.625 0.195 0.2182304873 1
0 0.625 0.205 0.2175668227 1
0 0.625 0.215 0.2168706882 1
0 0.625 0.225 0.2161421876 2
0 0.625 0.235 0.2153814297 2
0 0.625 0.245 0.2145885279 2
0 0.625 0.255 0.2137636008 2
0 0.625 0.265 0.2129067713 2
0 0.625 0.275 0.2120181673 2
0 0.625 0.285 0.2110979215 2
0 0.625 0.295 0.2101461712 2
0 0.625 0.305 0.2091630584 2
0 0.625 0.315 0.2081487298 2
0 0.625 0.325 0.2071033369 2
0 0.625 0.335 0.2060270356 2
0 0.625 0.345 0.2049199866 2
0 0.625 0.355 0.2037823551 2
0 0.625 0.365 0.2026143108 2
0 0.625 0.375 0.2014160282 2
0 0.625 0.385 0.200187686 2
0 0.625 0.395 0.1989294675 2
0 0.625 0.405 0.1976415605 2
0 0.625 0.415 0.1963241573 2
0 0.625 0.425 0.1949774544 2
0 0.625 0.435 0.1936016528 2
0 0.625 0.445 0.1921969579 2
0 0.625 0.455 0.1907635793 2
0 0.625 0.465 0.1893017309 2
0 0.625 0.475 0.1878116308 2
0 0.625 0.485 0.1862935015 2
0 0.625 0.495 0.1847475696 1
0 0.625 0.505 0 1
0 0.625 0.515 0 1
0 0.625 0.525 0 1
0 0.625 0.535 0 1
0 0.625 0.545 0 1
0 0.625 0.555 0 1
0 0.625 0.565 0 1
0 0.635 -0.555 0 1
0 0.635 -0.545 0 1
0 0.635 -0.535 0 1
0 0.635 -0.525 0 2
0 0.635 -0.515 0 2
0 0.635 -0.505 0 2
0 0.635 -0.495 0.126783551 2
0 0.635 -0.485 0.1278444513 2
0 0.635 -0.475 0.1288862719 2
0 0.635 -0.465 0.1299088573 2
0 0.635 -0.455 0.130912055 2
0 0.635 -0.445 0.1318957152 2
0 0.635 -0.435 0.1328596911 2
0 0.635 -0.425 0.1338038389 2
0 0.635 -0.415 0.1347280176 2
0 0.635 -0.405 0.1356320894 2
0 0.635 -0.395 0.1365159192 2
0 0.635 -0.385 0.1373793753 2
0 0.635 -0.375 0.1382223287 2
0 0.635 -0.365 0.1390446536 2
0 0.635 -0.355 0.1398462273 2
0 0.635 -0.345 0.1406269302 2
0 0.635 -0.335 0.1413866458 2
0 0.635 -0.325 0.1421252607 2
0 0.635 -0.315 0.1428426646 2
0 0.635 -0.305 0.1435387504 2
0 0.635 -0.295 0.1442134144 2
0 0.635 -0.285 0.1448665558 2
0 0.635 -0.275 0.1454980772 2
0 0.635 -0.265 0.1461078842 2
0 0.635 -0.255 0.1466958859 2
0 0.635 -0.245 0.1472619945 2
0 0.635 -0.235 0.1478061256 2
0 0.635 -0.225 0.1483281979 2
0 0.635 -0.215 0.1488281335 2
0 0.635 -0.205 0.1493058579 2
0 0.635 -0.195 0.1497612996 2
0 0.635 -0.185 0.1501943908 2
0 0.635 -0.175 0.1506050668 2
0 0.635 -0.165 0.1509932663 2
0 0.635 -0.155 0.1513589314 2
0 0.635 -0.145 0.1517020075 1
0 0.635 -0.135 0.1520224434 1
0 0.635 -0.125 0.1523201912 1
0 0.635 -0.115 0.1525952067 1
0 0.635 -0.105 0.1528474486 1
0 0.635 -0.095 0.1530768794 1
0 0.635 -0.085 0.1532834648 1
0 0.635 -0.075 0.153467174 1
0 0.635 -0.065 0.1536279796 1
0 0.635 -0.055 0.1537658575 1
0 0.635 -0.045 0.1538807872 1
0 0.635 -0.035 0.1539727516 1
0 0.635 -0.025 0.1540417369 2
0 0.635 -0.015 0.1540877328 2
0 0.635 -0.005 0.1541107325 2
0 0.635 0.005 0.1541107325 2
0 0.635 0.015 0.1540877328 2
0 0.635 0.025 0.1540417369 2
0 0.635 0.035 0.1539727516 2
0 0.635 0.045 0.1538807872 2
0 0.635 0.055 0.1537658575 2
0 0.635 0.065 0.1536279796 2
0 0.635 0.075 0.153467174 2
0 0.635 0.085 0.1532834648 2
0 0.635 0.095 0.1530768794 2
0 0.635 0.105 0.1528474486 2
0 0.635 0.115 0.1525952067 2
0 0.635 0.125 0.1523201912 2
0 0.635 0.135 0.1520224434 2
0 0.635 0.145 0.1517020075 1
0 0.635 0.155 0.1513589314 1
0 0.635 0.165 0.1509932663 1
0 0.635 0.175 0.1506050668 1
0 0.635 0.185 0.1501943908 1
0 0.635 0.195 0.1497612996 1
0 0.635 0.205 0.1493058579 1
0 0.635 0.215 0.1488281335 1
0 0.635 0.225 0.1483281979 2
0 0.635 0.235 0.1478061256 2
0 0.635 0.245 0.1472619945 2
0 0.635 0.255 0.1466958859 2
0 0.635 0.265 0.1461078842 2
0 0.635 0.275 0.1454980772 2
0 0.635 0.285 0.1448665558 2
0 0.635 0.295 0.1442134144 2
0 0.635 0.305 0.1435387504 2
0 0.635 0.315 0.1428426646 2
0 0.635 0.325 0.1421252607 2
0 0.635 0.335 0.1413866458 2
0 0.635 0.345 0.1406269302 2
0 0.635 0.355 0.1398462273 2
0 0.635 0.365 0.1390446536 2
0 0.635 0.375 0.1382223287 2
0 0.635 0.385 0.1373793753 2
0 0.635 0.395 0.1365159192 2
0 0.635 0.405 0.1356320894 2
0 0.635 0.415 0.1347280176 2
0 0.635 0.425 0.1338038389 2
0 0.635 0.435 0.1328596911 2
0 0.635 0.445 0.1318957152 2
0 0.635 0.455 0.130912055 2
0 0.635 0.465 0.1299088573 2
0 0.635 0.475 0.1288862719 2
0 0.635 0.485 0.1278444513 2
0 0.635 0.495 0.126783551 1
0 0.635 0.505 0 1
0 0.635 0.515 0 1
0 0.635 0.525 0 1
0 0.635 0.535 0 1
0 0.635 0.545 0 1
0 0.635 0.555 0 1
0 0.635 0.565 0 1
0 0.645 -0.555 0 1
0 0.645 -0.545 0 1
0 0.645 -0.535 0 1
0 0.645 -0.525 0 2
0 0.645 -0.515 0 2
0 0.645 -0.505 0 2
0 0.645 -0.495 0.06816668368 2
0 0.645 -0.485 0.06873708931 2
0 0.645 -0.475 0.06929723653 2
0 0.645 -0.465 0.06984704175 2
0 0.645 -0.455 0.07038642291 2
0 0.645 -0.445 0.07091529952 2
0 0.645 -0.435 0.07143359263 2
0 0.645 -0.425 0.07194122492 2
0 0.645 -0.415 0.0724381206 2
0 0.645 -0.405 0.07292420553 2
0 0.645 -0.395 0.07339940716 2
0 0.645 -0.385 0.07386365458 2
0 0.645 -0.375 0.07431687849 2
0 0.645 -0.365 0.07475901126 2
0 0.645 -0.355 0.0751899869 2
0 0.645 -0.345 0.0756097411 2
0 0.645 -0.335 0.07601821121 2
0 0.645 -0.325 0.07641533627 2
0 0.645 -0.315 0.076801057 2
0 0.645 -0.305 0.07717531586 2
0 0.645 -0.295 0.07753805697 2
0 0.645 -0.285 0.07788922621 2
0 0.645 -0.275 0.07822877117 2
0 0.645 -0.265 0.07855664117 2
0 0.645 -0.255 0.07887278728 2
0 0.645 -0.245 0.07917716232 2
0 0.645 -0.235 0.07946972086 2
0 0.645 -0.225 0.07975041924 2
0 0.645 -0.215 0.08001921558 2
0 0.645 -0.205 0.08027606974 2
0 0.645 -0.195 0.08052094341 2
0 0.645 -0.185 0.08075380003 2
0 0.645 -0.175 0.08097460486 2
0 0.645 -0.165 0.08118332494 2
0 0.645 -0.155 0.08137992912 2
0 0.645 -0.145 0.08156438805 2
0 0.645 -0.135 0.08173667422 2
0 0.645 -0.125 0.08189676191 2
0 0.645 -0.115 0.08204462722 2
0 0.645 -0.105 0.0821802481 1
0 0.645 -0.095 0.08230360429 1
0 0.645 -0.085 0.08241467739 1
0 0.645 -0.075 0.08251345083 1
0 0.645 -0.065 0.08259990985 1
0 0.645 -0.055 0.08267404156 1
0 0.645 -0.045 0.0827358349 1
0 0.645 -0.035 0.08278528064 2
0 0.645 -0.025 0.08282237141 2
0 0.645 -0.015 0.08284710166 2
0 0.645 -0.005 0.08285946771 2
0 0.645 0.005 0.08285946771 2
0 0.645 0.015 0.08284710166 2
0 0.645 0.025 0.08282237141 2
0 0.645 0.035 0.08278528064 2
0 0.645 0.045 0.0827358349 2
0 0.645 0.055 0.08267404156 2
0 0.645 0.065 0.08259990985 2
0 0.645 0.075 0.08251345083 2
0 0.645 0.085 0.08241467739 2
0 0.645 0.095 0.08230360429 2
0 0.645 0.105 0.0821802481 2
0 0.645 0.115 0.08204462722 2
0 0.645 0.125 0.08189676191 2
0 0.645 0.135 0.08173667422 2
0 0.645 0.145 0.08156438805 1
0 0.645 0.155 0.08137992912 1
0 0.645 0.165 0.08118332494 1
0 0.645 0.175 0.08097460486 1
0 0.645 0.185 0.08075380003 1
0 0.645 0.195 0.08052094341 1
0 0.645 0.205 0.08027606974 1
0 0.645 0.215 0.08001921558 2
0 0.645 0.225 0.07975041924 2
0 0.645 0.235 0.07946972086 2
0 0.645 0.245 0.07917716232 2
0 0.645 0.255 0.07887278728 2
0 0.645 0.265 0.07855664117 2
0 0.645 0.275 0.07822877117 2
0 0.645 0.285 0.07788922621 2
0 0.645 0.295 0.07753805697 2
0 0.645 0.305 0.07717531586 2
0 0.645 0.315 0.076801057 2
0 0.645 0.325 0.07641533627 2
0 0.645 0.335 0.07601821121 2
0 0.645 0.345 0.0756097411 2
0 0.645 0.355 0.0751899869 2
0 0.645 0.365 0.07475901126 2
0 0.645 0.375 0.07431687849 2
0 0.645 0.385 0.07386365458 2
0 0.645 0.395 0.07339940716 2
0 0.645 0.405 0.07292420553 2
0 0.645 0.415 0.0724381206 2
0 0.645 0.425 0.07194122492 2
0 0.645 0.435 0.07143359263 2
0 0.645 0.445 0.07091529952 2
0 0.645 0.455 0.07038642291 2
0 0.645 0.465 0.06984704175 2
0 0.645 0.475 0.06929723653 2
0 0.645 0.485 0.06873708931 2
0 0.645 0.495 0.06816668368 1
0 0.645 0.505 0 1
0 0.645 0.515 0 1
0 0.645 0.525 0 1
0 0.645 0.535 0 1
0 0.645 0.545 0 1
0 0.645 0.555 0 1
0 0.645 0.565 0 1
0 0.655 -0.555 0 1
0 0.655 -0.545 0 1
0 0.655 -0.535 0 1
0 0.655 -0.525 0 2
0 0.655 -0.515 0 2
0 0.655 -0.505 0 2
0 0.655 -0.495 0.009198804397 2
0 0.655 -0.485 0.009275778214 2
0 0.655 -0.475 0.009351367702 2
0 0.655 -0.465 0.009425561581 2
0 0.655 -0.455 0.009498348777 2
0 0.655 -0.445 0.009569718428 2
0 0.655 -0.435 0.009639659883 2
0 0.655 -0.425 0.009708162703 2
0 0.655 -0.415 0.009775216665 2
0 0.655 -0.405 0.009840811761 2
0 0.655 -0.395 0.009904938203 2
0 0.655 -0.385 0.00996758642 2
0 0.655 -0.375 0.01002874706 2
0 0.655 -0.365 0.010088411 2
0 0.655 -0.355 0.01014656933 2
0 0.655 -0.345 0.01020321338 2
0 0.655 -0.335 0.01025833468 2
0 0.655 -0.325 0.01031192502 2
0 0.655 -0.315 0.0103639764 2
0 0.655 -0.305 0.01041448104 2
0 0.655 -0.295 0.01046343141 2
0 0.655 -0.285 0.01051082021 2
0 0.655 -0.275 0.01055664036 2
0 0.655 -0.265 0.01060088503 2
0 0.655 -0.255 0.0106435476 2
0 0.655 -0.245 0.01068462172 2
0 0.655 -0.235 0.01072410125 2
0 0.655 -0.225 0.0107619803 2
0 0.655 -0.215 0.01079825323 2
0 0.655 -0.205 0.01083291461 2
0 0.655 -0.195 0.01086595927 2
0 0.655 -0.185 0.01089738228 2
0 0.655 -0.175 0.01092717895 2
0 0.655 -0.165 0.01095534484 2
0 0.655 -0.155 0.01098187574 2
0 0.655 -0.145 0.01100676769 2
0 0.655 -0.135 0.01103001698 2
0 0.655 -0.125 0.01105162013 2
0 0.655 -0.115 0.01107157393 2
0 0.655 -0.105 0.01108987539 2
0 0.655 -0.095 0.01110652178 2
0 0.655 -0.085 0.01112151062 2
0 0.655 -0.075 0.01113483968 2
0 0.655 -0.065 0.01114650696 2
0 0.655 -0.055 0.01115651072 2
0 0.655 -0.045 0.01116484947 2
0 0.655 -0.035 0.01117152196 2
0 0.655 -0.025 0.0111765272 2
0 0.655 -0.015 0.01117986444 2
0 0.655 -0.005 0.01118153319 2
0 0.655 0.005 0.01118153319 2
0 0.655 0.015 0.01117986444 2
0 0.655 0.025 0.0111765272 2
0 0.655 0.035 0.01117152196 2
0 0.655 0.045 0.01116484947 2
0 0.655 0.055 0.01115651072 2
0 0.655 0.065 0.01114650696 2
0 0.655 0.075 0.01113483968 2
0 0.655 0.085 0.01112151062 2
0 0.655 0.095 0.01110652178 2
0 0.655 0.105 0.01108987539 2
0 0.655 0.115 0.01107157393 2
0 0.655 0.125 0.01105162013 2
0 0.655 0.135 0.01103001698 1
0 0.655 0.145 0.01100676769 1
0 0.655 0.155 0.01098187574 1
0 0.655 0.165 0.01095534484 1
0 0.655 0.175 0.01092717895 1
0 0.655 0.185 0.01089738228 1
0 0.655 0.195 0.01086595927 1
0 0.655 0.205 0.01083291461 1
0 0.655 0.215 0.01079825323 2
0 0.655 0.225 0.0107619803 2
0 0.655 0.235 0.01072410125 2
0 0.655 0.245 0.01068462172 2
0 0.655 0.255 0.0106435476 2
0 0.655 0.265 0.01060088503 2
0 0.655 0.275 0.01055664036 2
0 0.655 0.285 0.01051082021 2
0 0.655 0.295 0.01046343141 2
0 0.655 0.305 0.01041448104 2
0 0.655 0.315 0.0103639764 2
0 0.655 0.325 0.01031192502 2
0 0.655 0.335 0.01025833468 2
0 0.655 0.345 0.01020321338 2
0 0.655 0.355 0.01014656933 2
0 0.655 0.365 0.010088411 2
0 0.655 0.375 0.01002874706 2
0 0.655 0.385 0.00996758642 2
0 0.655 0.395 0.009904938203 2
0 0.655 0.405 0.009840811761 2
0 0.655 0.415 0.009775216665 2
0 0.655 0.425 0.009708162703 2
0 0.655 0.435 0.009639659883 2
0 0.655 0.445 0.009569718428 2
0 0.655 0.455 0.009498348777 2
0 0.655 0.465 0.009425561581 2
0 0.655 0.475 0.009351367702 2
0 0.655 0.485 0.009275778214 2
0 0.655 0.495 0.009198804397 1
0 0.655 0.505 0 1
0 0.655 0.515 0 1
0 0.655 0.525 0 1
0 0.655 0.535 0 1
0 0.655 0.545 0 1
0 0.655 0.555 0 1
0 0.655 0.565 0 2
0 0.665 -0.555 0 1
0 0.665 -0.545 0 1
0 0.665 -0.535 0 2
0 0.665 -0.525 0 2
0 0.665 -0.515 0 2
0 0.665 -0.505 0 2
0 0.665 -0.495 -0.04981644245 2
0 0.665 -0.485 -0.05023329681 2
0 0.665 -0.475 -0.05064265429 2
0 0.665 -0.465 -0.0510444538 2
0 0.665 -0.455 -0.05143863537 2
0 0.665 -0.445 -0.05182514018 2
0 0.665 -0.435 -0.05220391054 2
0 0.665 -0.425 -0.05257488992 2
0 0.665 -0.415 -0.05293802297 2
0 0.665 -0.405 -0.05329325548 2
0 0.665 -0.395 -0.05364053443 2
0 0.665 -0.385 -0.05397980801 2
0 0.665 -0.375 -0.05431102557 2
0 0.665 -0.365 -0.05463413769 2
0 0.665 -0.355 -0.05494909615 2
0 0.665 -0.345 -0.05525585393 2
0 0.665 -0.335 -0.05555436527 2
0 0.665 -0.325 -0.0558445856 2
0 0.665 -0.315 -0.05612647161 2
0 0.665 -0.305 -0.05639998125 2
0 0.665 -0.295 -0.05666507368 2
0 0.665 -0.285 -0.05692170935 2
0 0.665 -0.275 -0.05716984995 2
0 0.665 -0.265 -0.05740945845 2
0 0.665 -0.255 -0.05764049909 2
0 0.665 -0.245 -0.0578629374 2
0 0.665 -0.235 -0.05807674017 2
0 0.665 -0.225 -0.05828187549 2
0 0.665 -0.215 -0.05847831276 2
0 0.665 -0.205 -0.05866602265 2
0 0.665 -0.195 -0.05884497715 2
0 0.665 -0.185 -0.05901514956 2
0 0.665 -0.175 -0.05917651447 2
0 0.665 -0.165 -0.05932904781 2
0 0.665 -0.155 -0.0594727268 2
0 0.665 -0.145 -0.05960753002 2
0 0.665 -0.135 -0.05973343733 2
0 0.665 -0.125 -0.05985042995 2
0 0.665 -0.115 -0.05995849043 2
0 0.665 -0.105 -0.06005760262 2
0 0.665 -0.095 -0.06014775174 2
0 0.665 -0.085 -0.06022892434 2
0 0.665 -0.075 -0.0603011083 2
0 0.665 -0.065 -0.06036429284 2
0 0.665 -0.055 -0.06041846855 2
0 0.665 -0.045 -0.06046362733 2
0 0.665 -0.035 -0.06049976244 2
0 0.665 -0.025 -0.0605268685 2
0 0.665 -0.015 -0.06054494145 2
0 0.665 -0.005 -0.0605539786 2
0 0.665 0.005 -0.0605539786 2
0 0.665 0.015 -0.06054494145 2
0 0.665 0.025 -0.0605268685 2
0 0.665 0.035 -0.06049976244 2
0 0.665 0.045 -0.06046362733 2
0 0.665 0.055 -0.06041846855 2
0 0.665 0.065 -0.06036429284 2
0 0.665 0.075 -0.0603011083 2
0 0.665 0.085 -0.06022892434 2
0 0.665 0.095 -0.06014775174 2
0 0.665 0.105 -0.06005760262 2
0 0.665 0.115 -0.05995849043 2
0 0.665 0.125 -0.05985042995 2
0 0.665 0.135 -0.05973343733 1
0 0.665 0.145 -0.05960753002 1
0 0.665 0.155 -0.0594727268 1
0 0.665 0.165 -0.05932904781 1
0 0.665 0.175 -0.05917651447 1
0 0.665 0.185 -0.05901514956 1
0 0.665 0.195 -0.05884497715 1
0 0.665 0.205 -0.05866602265 1
0 0.665 0.215 -0.05847831276 2
0 0.665 0.225 -0.05828187549 2
0 0.665 0.235 -0.05807674017 2
0 0.665 0.245 -0.0578629374 2
0 0.665 0.255 -0.05764049909 2
0 0.665 0.265 -0.05740945845 2
0 0.665 0.275 -0.05716984995 2
0 0.665 0.285 -0.05692170935 2
0 0.665 0.295 -0.05666507368 2
0 0.665 0.305 -0.05639998125 2
0 0.665 0.315 -0.05612647161 2
0 0.665 0.325 -0.0558445856 2
0 0.665 0.335 -0.05555436527 2
0 0.665 0.345 -0.05525585393 2
0 0.665 0.355 -0.05494909615 2
0 0.665 0.365 -0.05463413769 2
0 0.665 0.375 -0.05431102557 2
0 0.665 0.385 -0.05397980801 2
0 0.665 0.395 -0.05364053443 2
0 0.665 0.405 -0.05329325548 2
0 0.665 0.415 -0.05293802297 2
0 0.665 0.425 -0.05257488992 2
0 0.665 0.435 -0.05220391054 2
0 0.665 0.445 -0.05182514018 2
0 0.665 0.455 -0.05143863537 2
0 0.665 0.465 -0.0510444538 2
0 0.665 0.475 -0.05064265429 2
0 0.665 0.485 -0.05023329681 2
0 0.665 0.495 -0.04981644245 1
0 0.665 0.505 0 1
0 0.665 0.515 0 1
0 0.665 0.525 0 1
0 0.665 0.535 0 1
0 0.665 0.545 0 2
0 0.665 0.555 0 2
0 0.665 0.565 0 2
0 0.675 -0.555 0 1
0 0.675 -0.545 0 1
0 0.675 -0.535 0 2
0 0.675 -0.525 0 2
0 0.675 -0.515 0 2
0 0.675 -0.505 0 2
0 0.675 -0.495 -0.1085751686 2
0 0.675 -0.485 -0.1094837046 2
0 0.675 -0.475 -0.1103759012 2
0 0.675 -0.465 -0.1112516251 2
0 0.675 -0.455 -0.1121107456 2
0 0.675 -0.445 -0.1129531347 2
0 0.675 -0.435 -0.1137786664 2
0 0.675 -0.425 -0.1145872177 2
0 0.675 -0.415 -0.1153786679 2
0 0.675 -0.405 -0.1161528988 2
0 0.675 -0.395 -0.1169097949 2
0 0.675 -0.385 -0.1176492432 2
0 0.675 -0.375 -0.1183711335 2
0 0.675 -0.365 -0.1190753578 2
0 0.675 -0.355 -0.1197618113 2
0 0.675 -0.345 -0.1204303913 2
0 0.675 -0.335 -0.1210809981 2
0 0.675 -0.325 -0.1217135347 2
0 0.675 -0.315 -0.1223279066 2
0 0.675 -0.305 -0.1229240221 2
0 0.675 -0.295 -0.1235017923 2
0 0.675 -0.285 -0.1240611309 2
0 0.675 -0.275 -0.1246019545 2
0 0.675 -0.265 -0.1251241824 2
0 0.675 -0.255 -0.1256277365 2
0 0.675 -0.245 -0.1261125419 2
0 0.675 -0.235 -0.126578526 2
0 0.675 -0.225 -0.1270256194 2
0 0.675 -0.215 -0.1274537553 2
0 0.675 -0.205 -0.1278628699 2
0 0.675 -0.195 -0.1282529021 2
0 0.675 -0.185 -0.1286237936 2
0 0.675 -0.175 -0.1289754892 2
0 0.675 -0.165 -0.1293079363 2
0 0.675 -0.155 -0.1296210854 2
0 0.675 -0.145 -0.1299148896 2
0 0.675 -0.135 -0.1301893052 2
0 0.675 -0.125 -0.1304442912 2
0 0.675 -0.115 -0.1306798095 2
0 0.675 -0.105 -0.1308958249 2
0 0.675 -0.095 -0.1310923054 2
0 0.675 -0.085 -0.1312692214 2
0 0.675 -0.075 -0.1314265467 2
0 0.675 -0.065 -0.1315642577 2
0 0.675 -0.055 -0.1316823339 2
0 0.675 -0.045 -0.1317807577 2
0 0.675 -0.035 -0.1318595143 2
0 0.675 -0.025 -0.1319185921 2
0 0.675 -0.015 -0.1319579822 2
0 0.675 -0.005 -0.1319776787 2
0 0.675 0.005 -0.1319776787 2
0 0.675 0.015 -0.1319579822 2
0 0.675 0.025 -0.1319185921 2
0 0.675 0.035 -0.1318595143 2
0 0.675 0.045 -0.1317807577 2
0 0.675 0.055 -0.1316823339 2
0 0.675 0.065 -0.1315642577 2
0 0.675 0.075 -0.1314265467 2
0 0.675 0.085 -0.1312692214 2
0 0.675 0.095 -0.1310923054 2
0 0.675 0.105 -0.1308958249 2
0 0.675 0.115 -0.1306798095 2
0 0.675 0.125 -0.1304442912 2
0 0.675 0.135 -0.1301893052 1
0 0.675 0.145 -0.1299148896 1
0 0.675 0.155 -0.1296210854 1
0 0.675 0.165 -0.1293079363 1
0 0.675 0.175 -0.1289754892 1
0 0.675 0.185 -0.1286237936 1
0 0.675 0.195 -0.1282529021 1
0 0.675 0.205 -0.1278628699 2
0 0.675 0.215 -0.1274537553 2
0 0.675 0.225 -0.1270256194 2
0 0.675 0.235 -0.126578526 2
0 0.675 0.245 -0.1261125419 2
0 0.675 0.255 -0.1256277365 2
0 0.675 0.265 -0.1251241824 2
0 0.675 0.275 -0.1246019545 2
0 0.675 0.285 -0.1240611309 2
0 0.675 0.295 -0.1235017923 2
0 0.675 0.305 -0.1229240221 2
0 0.675 0.315 -0.1223279066 2
0 0.675 0.325 -0.1217135347 2
0 0.675 0.335 -0.1210809981 2
0 0.675 0.345 -0.1204303913 2
0 0.675 0.355 -0.1197618113 2
0 0.675 0.365 -0.1190753578 2
0 0.675 0.375 -0.1183711335 2
0 0.675 0.385 -0.1176492432 2
0 0.675 0.395 -0.1169097949 2
0 0.675 0.405 -0.1161528988 2
0 0.675 0.415 -0.1153786679 2
0 0.675 0.425 -0.1145872177 2
0 0.675 0.435 -0.1137786664 2
0 0.675 0.445 -0.1129531347 2
0 0.675 0.455 -0.1121107456 2
0 0.675 0.465 -0.1112516251 2
0 0.675 0.475 -0.1103759012 2
0 0.675 0.485 -0.1094837046 2
0 0.675 0.495 -0.1085751686 2
0 0.675 0.505 0 2
0 0.675 0.515 0 1
0 0.675 0.525 0 2
0 0.675 0.535 0 2
0 0.675 0.545 0 2
0 0.675 0.555 0 2
0 0.675 0.565 0 2
0 0.685 -0.555 0 1
0 0.685 -0.545 0 2
0 0.685 -0.535 0 2
0 0.685 -0.525 0 2
0 0.685 -0.515 0 2
0 0.685 -0.505 0 2
0 0.685 -0.495 -0.1667748067 2
0 0.685 -0.485 -0.168170346 2
0 0.685 -0.475 -0.1695407874 2
0 0.685 -0.465 -0.1708859264 2
0 0.685 -0.455 -0.172205562 2
0 0.685 -0.445 -0.1734994976 2
0 0.685 -0.435 -0.1747675398 2
0 0.685 -0.425 -0.1760094995 2
0 0.685 -0.415 -0.1772251914 2
0 0.685 -0.405 -0.1784144339 2
0 0.685 -0.395 -0.1795770497 2
0 0.685 -0.385 -0.1807128651 2
0 0.685 -0.375 -0.1818217108 2
0 0.685 -0.365 -0.1829034211 2
0 0.685 -0.355 -0.1839578348 2
0 0.685 -0.345 -0.1849847943 2
0 0.685 -0.335 -0.1859841465 2
0 0.685 -0.325 -0.1869557421 2
0 0.685 -0.315 -0.1878994363 2
0 0.685 -0.305 -0.1888150881 2
0 0.685 -0.295 -0.1897025609 2
0 0.685 -0.285 -0.1905617223 2
0 0.685 -0.275 -0.191392444 2
0 0.685 -0.265 -0.1921946021 2
0 0.685 -0.255 -0.1929680768 2
0 0.685 -0.245 -0.1937127527 2
0 0.685 -0.235 -0.1944285187 2
0 0.685 -0.225 -0.195115268 2
0 0.685 -0.215 -0.195772898 2
0 0.685 -0.205 -0.1964013106 2
0 0.685 -0.195 -0.197000412 2
0 0.685 -0.185 -0.1975701129 2
0 0.685 -0.175 -0.1981103282 2
0 0.685 -0.165 -0.1986209772 2
0 0.685 -0.155 -0.1991019838 2
0 0.685 -0.145 -0.1995532761 2
0 0.685 -0.135 -0.1999747869 2
0 0.685 -0.125 -0.2003664532 2
0 0.685 -0.115 -0.2007282166 2
0 0.685 -0.105 -0.201060023 2
0 0.685 -0.095 -0.201361823 2
0 0.685 -0.085 -0.2016335716 2
0 0.685 -0.075 -0.201875228 2
0 0.685 -0.065 -0.2020867564 2
0 0.685 -0.055 -0.2022681251 2
0 0.685 -0.045 -0.202419307 2
0 0.685 -0.035 -0.2025402797 2
0 0.685 -0.025 -0.202631025 2
0 0.685 -0.015 -0.2026915293 2
0 0.685 -0.005 -0.2027217838 2
0 0.685 0.005 -0.2027217838 2
0 0.685 0.015 -0.2026915293 2
0 0.685 0.025 -0.202631025 2
0 0.685 0.035 -0.2025402797 2
0 0.685 0.045 -0.202419307 2
0 0.685 0.055 -0.2022681251 2
0 0.685 0.065 -0.2020867564 2
0 0.685 0.075 -0.201875228 2
0 0.685 0.085 -0.2016335716 2
0 0.685 0.095 -0.201361823 2
0 0.685 0.105 -0.201060023 2
0 0.685 0.115 -0.2007282166 2
0 0.685 0.125 -0.2003664532 2
0 0.685 0.135 -0.1999747869 2
0 0.685 0.145 -0.1995532761 1
0 0.685 0.155 -0.1991019838 1
0 0.685 0.165 -0.1986209772 1
0 0.685 0.175 -0.1981103282 1
0 0.685 0.185 -0.1975701129 1
0 0.685 0.195 -0.197000412 2
0 0.685 0.205 -0.1964013106 2
0 0.685 0.215 -0.195772898 2
0 0.685 0.225 -0.195115268 2
0 0.685 0.235 -0.1944285187 2
0 0.685 0.245 -0.1937127527 2
0 0.685 0.255 -0.1929680768 2
0 0.685 0.265 -0.1921946021 2
0 0.685 0.275 -0.191392444 2
0 0.685 0.285 -0.1905617223 2
0 0.685 0.295 -0.1897025609 2
0 0.685 0.305 -0.1888150881 2
0 0.685 0.315 -0.1878994363 2
0 0.685 0.325 -0.1869557421 2
0 0.685 0.335 -0.1859841465 2
0 0.685 0.345 -0.1849847943 2
0 0.685 0.355 -0.1839578348 2
0 0.685 0.365 -0.1829034211 2
0 0.685 0.375 -0.1818217108 2
0 0.685 0.385 -0.1807128651 2
0 0.685 0.395 -0.1795770497 2
0 0.685 0.405 -0.1784144339 2
0 0.685 0.415 -0.1772251914 2
0 0.685 0.425 -0.1760094995 2
0 0.685 0.435 -0.1747675398 2
0 0.685 0.445 -0.1734994976 2
0 0.685 0.455 -0.172205562 2
0 0.685 0.465 -0.1708859264 2
0 0.685 0.475 -0.1695407874 2
0 0.685 0.485 -0.168170346 2
0 0.685 0.495 -0.1667748067 2
0 0.685 0.505 0 2
0 0.685 0.515 0 2
0 0.685 0.525 0 2
0 0.685 0.535 0 2
0 0.685 0.545 0 2
0 0.685 0.555 0 2
0 0.685 0.565 0 2
0 0.695 -0.555 0 2
0 0.695 -0.545 0 2
0 0.695 -0.535 0 2
0 0.695 -0.525 0 2
0 0.695 -0.515 0 2
0 0.695 -0.505 0 2
0 0.695 -0.495 -0.2241156683 2
0 0.695 -0.485 -0.2259910249 2
0 0.695 -0.475 -0.2278326543 2
0 0.695 -0.465 -0.2296402817 2
0 0.695 -0.455 -0.2314136373 2
0 0.695 -0.445 -0.2331524564 2
0 0.695 -0.435 -0.2348564796 2
0 0.695 -0.425 -0.2365254525 2
0 0.695 -0.415 -0.238159126 2
0 0.695 -0.405 -0.2397572564 2
0 0.695 -0.395 -0.2413196051 2
0 0.695 -0.385 -0.242845939 2
0 0.695 -0.375 -0.2443360303 2
0 0.695 -0.365 -0.2457896566 2
0 0.695 -0.355 -0.2472066009 2
0 0.695 -0.345 -0.2485866518 2
0 0.695 -0.335 -0.2499296033 2
0 0.695 -0.325 -0.251235255 2
0 0.695 -0.315 -0.2525034121 2
0 0.695 -0.305 -0.2537338852 2
0 0.695 -0.295 -0.2549264908 2
0 0.695 -0.285 -0.2560810508 2
0 0.695 -0.275 -0.257197393 2
0 0.695 -0.265 -0.2582753507 2
0 0.695 -0.255 -0.2593147631 2
0 0.695 -0.245 -0.2603154751 2
0 0.695 -0.235 -0.2612773373 2
0 0.695 -0.225 -0.2622002061 2
0 0.695 -0.215 -0.2630839438 2
0 0.695 -0.205 -0.2639284185 2
0 0.695 -0.195 -0.2647335043 2
0 0.695 -0.185 -0.2654990809 2
0 0.695 -0.175 -0.2662250341 2
0 0.695 -0.165 -0.2669112555 2
0 0.695 -0.155 -0.2675576428 2
0 0.695 -0.145 -0.2681640994 2
0 0.695 -0.135 -0.2687305349 2
0 0.695 -0.125 -0.2692568648 2
0 0.695 -0.115 -0.2697430104 2
0 0.695 -0.105 -0.2701888992 2
0 0.695 -0.095 -0.2705944647 2
0 0.695 -0.085 -0.2709596463 2
0 0.695 -0.075 -0.2712843897 2
0 0.695 -0.065 -0.2715686461 2
0 0.695 -0.055 -0.2718123734 2
0 0.695 -0.045 -0.272015535 2
0 0.695 -0.035 -0.2721781007 2
0 0.695 -0.025 -0.2723000463 2
0 0.695 -0.015 -0.2723813534 2
0 0.695 -0.005 -0.27242201 2
0 0.695 0.005 -0.27242201 2
0 0.695 0.015 -0.2723813534 2
0 0.695 0.025 -0.2723000463 2
0 0.695 0.035 -0.2721781007 2
0 0.695 0.045 -0.272015535 2
0 0.695 0.055 -0.2718123734 2
0 0.695 0.065 -0.2715686461 2
0 0.695 0.075 -0.2712843897 2
0 0.695 0.085 -0.2709596463 2
0 0.695 0.095 -0.2705944647 2
0 0.695 0.105 -0.2701888992 2
0 0.695 0.115 -0.2697430104 2
0 0.695 0.125 -0.2692568648 2
0 0.695 0.135 -0.2687305349 2
0 0.695 0.145 -0.2681640994 1
0 0.695 0.155 -0.2675576428 1
0 0.695 0.165 -0.2669112555 1
0 0.695 0.175 -0.2662250341 1
0 0.695 0.185 -0.2654990809 2
0 0.695 0.195 -0.2647335043 2
0 0.695 0.205 -0.2639284185 2
0 0.695 0.215 -0.2630839438 2
0 0.695 0.225 -0.2622002061 2
0 0.695 0.235 -0.2612773373 2
0 0.695 0.245 -0.2603154751 2
0 0.695 0.255 -0.2593147631 2
0 0.695 0.265 -0.2582753507 2
0 0.695 0.275 -0.257197393 2
0 0.695 0.285 -0.2560810508 2
0 0.695 0.295 -0.2549264908 2
0 0.695 0.305 -0.2537338852 2
0 0.695 0.315 -0.2525034121 2
0 0.695 0.325 -0.251235255 2
0 0.695 0.335 -0.2499296033 2
0 0.695 0.345 -0.2485866518 2
0 0.695 0.355 -0.2472066009 2
0 0.695 0.365 -0.2457896566 2
0 0.695 0.375 -0.2443360303 2
0 0.695 0.385 -0.242845939 2
0 0.695 0.395 -0.2413196051 2
0 0.695 0.405 -0.2397572564 2
0 0.695 0.415 -0.238159126 2
0 0.695 0.425 -0.2365254525 2
0 0.695 0.435 -0.2348564796 2
0 0.695 0.445 -0.2331524564 2
0 0.695 0.455 -0.2314136373 2
0 0.695 0.465 -0.2296402817 2
0 0.695 0.475 -0.2278326543 2
0 0.695 0.485 -0.2259910249 2
0 0.695 0.495 -0.2241156683 2
0 0.695 0.505 0 2
0 0.695 0.515 0 2
0 0.695 0.525 0 2
0 0.695 0.535 0 2
0 0.695 0.545 0 2
0 0.695 0.555 0 2
0 0.695 0.565 0 2
0 0.705 -0.555 0 2
0 0.705 -0.545 0 2
0 0.705 -0.535 0 2
0 0.705 -0.525 0 2
0 0.705 -0.515 0 2
0 0.705 -0.505 0 2
0 0.705 -0.495 -0.2803024871 2
0 0.705 -0.485 -0.2826480041 2
0 0.705 -0.475 -0.2849513384 2
0 0.705 -0.465 -0.2872121462 2
0 0.705 -0.455 -0.2894300901 2
0 0.705 -0.445 -0.2916048391 2
0 0.705 -0.435 -0.2937360687 2
0 0.705 -0.425 -0.2958234607 2
0 0.705 -0.415 -0.2978667036 2
0 0.705 -0.405 -0.2998654926 2
0 0.705 -0.395 -0.3018195293 2
0 0.705 -0.385 -0.303728522 2
0 0.705 -0.375 -0.3055921859 2
0 0.705 -0.365 -0.3074102429 2
0 0.705 -0.355 -0.3091824216 2
0 0.705 -0.345 -0.3109084576 2
0 0.705 -0.335 -0.3125880931 2
0 0.705 -0.325 -0.3142210777 2
0 0.705 -0.315 -0.3158071675 2
0 0.705 -0.305 -0.3173461259 2
0 0.705 -0.295 -0.3188377231 2
0 0.705 -0.285 -0.3202817366 2
0 0.705 -0.275 -0.3216779509 2
0 0.705 -0.265 -0.3230261575 2
0 0.705 -0.255 -0.3243261553 2
0 0.705 -0.245 -0.3255777503 2
0 0.705 -0.235 -0.3267807557 2
0 0.705 -0.225 -0.3279349919 2
0 0.705 -0.215 -0.3290402867 2
0 0.705 -0.205 -0.3300964751 2
0 0.705 -0.195 -0.3311033995 2
0 0.705 -0.185 -0.3320609097 2
0 0.705 -0.175 -0.3329688626 2
0 0.705 -0.165 -0.3338271229 2
0 0.705 -0.155 -0.3346355624 2
0 0.705 -0.145 -0.3353940605 2
0 0.705 -0.135 -0.336102504 2
0 0.705 -0.125 -0.3367607871 2
0 0.705 -0.115 -0.3373688116 2
0 0.705 -0.105 -0.3379264868 2
0 0.705 -0.095 -0.3384337294 2
0 0.705 -0.085 -0.3388904638 2
0 0.705 -0.075 -0.3392966217 2
0 0.705 -0.065 -0.3396521426 2
0 0.705 -0.055 -0.3399569734 2
0 0.705 -0.045 -0.3402110686 2
0 0.705 -0.035 -0.3404143902 2
0 0.705 -0.025 -0.3405669081 2
0 0.705 -0.015 -0.3406685992 2
0 0.705 -0.005 -0.3407194486 2
0 0.705 0.005 -0.3407194486 2
0 0.705 0.015 -0.3406685992 2
0 0.705 0.025 -0.3405669081 2
0 0.705 0.035 -0.3404143902 2
0 0.705 0.045 -0.3402110686 2
0 0.705 0.055 -0.3399569734 2
0 0.705 0.065 -0.3396521426 2
0 0.705 0.075 -0.3392966217 2
0 0.705 0.085 -0.3388904638 2
0 0.705 0.095 -0.3384337294 2
0 0.705 0.105 -0.3379264868 2
0 0.705 0.115 -0.3373688116 2
0 0.705 0.125 -0.3367607871 2
0 0.705 0.135 -0.336102504 2
0 0.705 0.145 -0.3353940605 2
0 0.705 0.155 -0.3346355624 2
0 0.705 0.165 -0.3338271229 2
0 0.705 0.175 -0.3329688626 2
0 0.705 0.185 -0.3320609097 2
0 0.705 0.195 -0.3311033995 2
0 0.705 0.205 -0.3300964751 2
0 0.705 0.215 -0.3290402867 2
0 0.705 0.225 -0.3279349919 2
0 0.705 0.235 -0.3267807557 2
0 0.705 0.245 -0.3255777503 2
0 0.705 0.255 -0.3243261553 2
0 0.705 0.265 -0.3230261575 2
0 0.705 0.275 -0.3216779509 2
0 0.705 0.285 -0.3202817366 2
0 0.705 0.295 -0.3188377231 2
0 0.705 0.305 -0.3173461259 2
0 0.705 0.315 -0.3158071675 2
0 0.705 0.325 -0.3142210777 2
0 0.705 0.335 -0.3125880931 2
0 0.705 0.345 -0.3109084576 2
0 0.705 0.355 -0.3091824216 2
0 0.705 0.365 -0.3074102429 2
0 0.705 0.375 -0.3055921859 2
0 0.705 0.385 -0.303728522 2
0 0.705 0.395 -0.3018195293 2
0 0.705 0.405 -0.2998654926 2
0 0.705 0.415 -0.2978667036 2
0 0.705 0.425 -0.2958234607 2
0 0.705 0.435 -0.2937360687 2
0 0.705 0.445 -0.2916048391 2
0 0.705 0.455 -0.2894300901 2
0 0.705 0.465 -0.2872121462 2
0 0.705 0.475 -0.2849513384 2
0 0.705 0.485 -0.2826480041 2
0 0.705 0.495 -0.2803024871 2
0 0.705 0.505 0 2
0 0.705 0.515 0 2
0 0.705 0.525 0 2
0 0.705 0.535 0 2
0 0.705 0.545 0 2
0 0.705 0.555 0 2
0 0.705 0.565 0 2
0 0.715 -0.555 0 2
0 0.715 -0.545 0 2
0 0.715 -0.535 0 2
0 0.715 -0.525 0 2
0 0.715 -0.515 0 2
0 0.715 -0.505 0 2
0 0.715 -0.495 -0.3350459393 2
0 0.715 -0.485 -0.3378495389 2
0 0.715 -0.475 -0.3406027175 2
0 0.715 -0.465 -0.3433050641 2
0 0.715 -0.455 -0.3459561754 2
0 0.715 -0.445 -0.3485556558 2
0 0.715 -0.435 -0.3511031174 2
0 0.715 -0.425 -0.3535981799 2
0 0.715 -0.415 -0.3560404709 2
0 0.715 -0.405 -0.358429626 2
0 0.715 -0.395 -0.3607652887 2
0 0.715 -0.385 -0.3630471103 2
0 0.715 -0.375 -0.3652747503 2
0 0.715 -0.365 -0.3674478762 2
0 0.715 -0.355 -0.3695661638 2
0 0.715 -0.345 -0.3716292969 2
0 0.715 -0.335 -0.3736369676 2
0 0.715 -0.325 -0.3755888762 2
0 0.715 -0.315 -0.3774847315 2
0 0.715 -0.305 -0.3793242504 2
0 0.715 -0.295 -0.3811071586 2
0 0.715 -0.285 -0.3828331899 2
0 0.715 -0.275 -0.3845020867 2
0 0.715 -0.265 -0.3861135999 2
0 0.715 -0.255 -0.3876674891 2
0 0.715 -0.245 -0.3891635222 2
0 0.715 -0.235 -0.3906014762 2
0 0.715 -0.225 -0.3919811363 2
0 0.715 -0.215 -0.3933022966 2
0 0.715 -0.205 -0.3945647601 2
0 0.715 -0.195 -0.3957683382 2
0 0.715 -0.185 -0.3969128513 2
0 0.715 -0.175 -0.3979981287 2
0 0.715 -0.165 -0.3990240084 2
0 0.715 -0.155 -0.3999903372 2
0 0.715 -0.145 -0.400896971 2
0 0.715 -0.135 -0.4017437744 2
0 0.715 -0.125 -0.4025306211 2
0 0.715 -0.115 -0.4032573936 2
0 0.715 -0.105 -0.4039239835 2
0 0.715 -0.095 -0.4045302913 2
0 0.715 -0.085 -0.4050762265 2
0 0.715 -0.075 -0.4055617076 2
0 0.715 -0.065 -0.4059866622 2
0 0.715 -0.055 -0.4063510269 2
0 0.715 -0.045 -0.4066547472 2
0 0.715 -0.035 -0.4068977779 2
0 0.715 -0.025 -0.4070800826 2
0 0.715 -0.015 -0.4072016342 2
0 0.715 -0.005 -0.4072624146 2
0 0.715 0.005 -0.4072624146 2
0 0.715 0.015 -0.4072016342 2
0 0.715 0.025 -0.4070800826 2
0 0.715 0.035 -0.4068977779 2
0 0.715 0.045 -0.4066547472 2
0 0.715 0.055 -0.4063510269 2
0 0.715 0.065 -0.4059866622 2
0 0.715 0.075 -0.4055617076 2
0 0.715 0.085 -0.4050762265 2
0 0.715 0.095 -0.4045302913 2
0 0.715 0.105 -0.4039239835 2
0 0.715 0.115 -0.4032573936 2
0 0.715 0.125 -0.4025306211 2
0 0.715 0.135 -0.4017437744 2
0 0.715 0.145 -0.400896971 2
0 0.715 0.155 -0.3999903372 2
0 0.715 0.165 -0.3990240084 2
0 0.715 0.175 -0.3979981287 2
0 0.715 0.185 -0.3969128513 2
0 0.715 0.195 -0.3957683382 2
0 0.715 0.205 -0.3945647601 2
0 0.715 0.215 -0.3933022966 2
0 0.715 0.225 -0.3919811363 2
0 0.715 0.235 -0.3906014762 2
0 0.715 0.245 -0.3891635222 2
0 0.715 0.255 -0.3876674891 2
0 0.715 0.265 -0.3861135999 2
0 0.715 0.275 -0.3845020867 2
0 0.715 0.285 -0.3828331899 2
0 0.715 0.295 -0.3811071586 2
0 0.715 0.305 -0.3793242504 2
0 0.715 0.315 -0.3774847315 2
0 0.715 0.325 -0.3755888762 2
0 0.715 0.335 -0.3736369676 2
0 0.715 0.345 -0.3716292969 2
0 0.715 0.355 -0.3695661638 2
0 0.715 0.365 -0.3674478762 2
0 0.715 0.375 -0.3652747503 2
0 0.715 0.385 -0.3630471103 2
0 0.715 0.395 -0.3607652887 2
0 0.715 0.405 -0.358429626 2
0 0.715 0.415 -0.3560404709 2
0 0.715 0.425 -0.3535981799 2
0 0.715 0.435 -0.3511031174 2
0 0.715 0.445 -0.3485556558 2
0 0.715 0.455 -0.3459561754 2
0 0.715 0.465 -0.3433050641 2
0 0.715 0.475 -0.3406027175 2
0 0.715 0.485 -0.3378495389 2
0 0.715 0.495 -0.3350459393 2
0 0.715 0.505 0 2
0 0.715 0.515 0 2
0 0.715 0.525 0 2
0 0.715 0.535 0 2
0 0.715 0.545 0 2
0 0.715 0.555 0 2
0 0.715 0.565 0 2
0 0.725 -0.555 0 2
0 0.725 -0.545 0 2
0 0.725 -0.535 0 2
0 0.725 -0.525 0 2
0 0.725 -0.515 0 2
0 0.725 -0.505 0 2
0 0.725 -0.495 -0.3880641334 2
0 0.725 -0.485 -0.3913113791 2
0 0.725 -0.475 -0.3945002249 2
0 0.725 -0.465 -0.3976301951 2
0 0.725 -0.455 -0.4007008224 2
0 0.725 -0.445 -0.4037116487 2
0 0.725 -0.435 -0.4066622245 2
0 0.725 -0.425 -0.4095521096 2
0 0.725 -0.415 -0.4123808726 2
0 0.725 -0.405 -0.4151480914 2
0 0.725 -0.395 -0.417853353 2
0 0.725 -0.385 -0.4204962536 2
0 0.725 -0.375 -0.4230763988 2
0 0.725 -0.365 -0.4255934036 2
0 0.725 -0.355 -0.4280468924 2
0 0.725 -0.345 -0.4304364988 2
0 0.725 -0.335 -0.4327618665 2
0 0.725 -0.325 -0.4350226482 2
0 0.725 -0.315 -0.4372185065 2
0 0.725 -0.305 -0.4393491139 2
0 0.725 -0.295 -0.4414141523 2
0 0.725 -0.285 -0.4434133134 2
0 0.725 -0.275 -0.445346299 2
0 0.725 -0.265 -0.4472128206 2
0 0.725 -0.255 -0.4490125996 2
0 0.725 -0.245 -0.4507453675 2
0 0.725 -0.235 -0.4524108655 2
0 0.725 -0.225 -0.4540088452 2
0 0.725 -0.215 -0.455539068 2
0 0.725 -0.205 -0.4570013056 2
0 0.725 -0.195 -0.4583953398 2
0 0.725 -0.185 -0.4597209625 2
0 0.725 -0.175 -0.4609779759 2
0 0.725 -0.165 -0.4621661924 2
0 0.725 -0.155 -0.4632854346 2
0 0.725 -0.145 -0.4643355355 2
0 0.725 -0.135 -0.4653163384 2
0 0.725 -0.125 -0.466227697 2
0 0.725 -0.115 -0.4670694751 2
0 0.725 -0.105 -0.4678415473 2
0 0.725 -0.095 -0.4685437981 2
0 0.725 -0.085 -0.469176123 2
0 0.725 -0.075 -0.4697384274 2
0 0.725 -0.065 -0.4702306275 2
0 0.725 -0.055 -0.4706526497 2
0 0.725 -0.045 -0.4710044312 2
0 0.725 -0.035 -0.4712859195 2
0 0.725 -0.025 -0.4714970724 2
0 0.725 -0.015 -0.4716378585 2
0 0.725 -0.005 -0.4717082568 2
0 0.725 0.005 -0.4717082568 2
0 0.725 0.015 -0.4716378585 2
0 0.725 0.025 -0.4714970724 2
0 0.725 0.035 -0.4712859195 2
0 0.725 0.045 -0.4710044312 2
0 0.725 0.055 -0.4706526497 2
0 0.725 0.065 -0.4702306275 2
0 0.725 0.075 -0.4697384274 2
0 0.725 0.085 -0.469176123 2
0 0.725 0.095 -0.4685437981 2
0 0.725 0.105 -0.4678415473 2
0 0.725 0.115 -0.4670694751 2
0 0.725 0.125 -0.466227697 2
0 0.725 0.135 -0.4653163384 2
0 0.725 0.145 -0.4643355355 2
0 0.725 0.155 -0.4632854346 2
0 0.725 0.165 -0.4621661924 2
0 0.725 0.175 -0.4609779759 2
0 0.725 0.185 -0.4597209625 2
0 0.725 0.195 -0.4583953398 2
0 0.725 0.205 -0.4570013056 2
0 0.725 0.215 -0.455539068 2
0 0.725 0.225 -0.4540088452 2
0 0.725 0.235 -0.4524108655 2
0 0.725 0.245 -0.4507453675 2
0 0.725 0.255 -0.4490125996 2
0 0.725 0.265 -0.4472128206 2
0 0.725 0.275 -0.445346299 2
0 0.725 0.285 -0.4434133134 2
0 0.725 0.295 -0.4414141523 2
0 0.725 0.305 -0.4393491139 2
0 0.725 0.315 -0.4372185065 2
0 0.725 0.325 -0.4350226482 2
0 0.725 0.335 -0.4327618665 2
0 0.725 0.345 -0.4304364988 2
0 0.725 0.355 -0.4280468924 2
0 0.725 0.365 -0.4255934036 2
0 0.725 0.375 -0.4230763988 2
0 0.725 0.385 -0.4204962536 2
0 0.725 0.395 -0.417853353 2
0 0.725 0.405 -0.4151480914 2
0 0.725 0.415 -0.4123808726 2
0 0.725 0.425 -0.4095521096 2
0 0.725 0.435 -0.4066622245 2
0 0.725 0.445 -0.4037116487 2
0 0.725 0.455 -0.4007008224 2
0 0.725 0.465 -0.3976301951 2
0 0.725 0.475 -0.3945002249 2
0 0.725 0.485 -0.3913113791 2
0 0.725 0.495 -0.3880641334 2
0 0.725 0.505 0 2
0 0.725 0.515 0 2
0 0.725 0.525 0 2
0 0.725 0.535 0 2
0 0.725 0.545 0 2
0 0.725 0.555 0 2
0 0.725 0.565 0 2
0 0.735 -0.555 0 2
0 0.735 -0.545 0 2
0 0.735 -0.535 0 2
0 0.735 -0.525 0 2
0 0.735 -0.515 0 2
0 0.735 -0.505 0 2
0 0.735 -0.495 -0.439084062 2
0 0.735 -0.485 -0.4427582326 2
0 0.735 -0.475 -0.4463663253 2
0 0.735 -0.465 -0.4499078018 2
0 0.735 -0.455 -0.4533821335 2
0 0.735 -0.445 -0.4567888019 2
0 0.735 -0.435 -0.4601272986 2
0 0.735 -0.425 -0.4633971254 2
0 0.735 -0.415 -0.4665977941 2
0 0.735 -0.405 -0.4697288273 2
0 0.735 -0.395 -0.4727897575 2
0 0.735 -0.385 -0.475780128 2
0 0.735 -0.375 -0.4786994925 2
0 0.735 -0.365 -0.4815474153 2
0 0.735 -0.355 -0.4843234714 2
0 0.735 -0.345 -0.4870272464 2
0 0.735 -0.335 -0.4896583369 2
0 0.735 -0.325 -0.4922163502 2
0 0.735 -0.315 -0.4947009046 2
0 0.735 -0.305 -0.4971116291 2
0 0.735 -0.295 -0.4994481641 2
0 0.735 -0.285 -0.5017101609 2
0 0.735 -0.275 -0.5038972818 2
0 0.735 -0.265 -0.5060092004 2
0 0.735 -0.255 -0.5080456016 2
0 0.735 -0.245 -0.5100061815 2
0 0.735 -0.235 -0.5118906474 2
0 0.735 -0.225 -0.5136987182 2
0 0.735 -0.215 -0.5154301239 2
0 0.735 -0.205 -0.5170846062 2
0 0.735 -0.195 -0.5186619181 2
0 0.735 -0.185 -0.5201618243 2
0 0.735 -0.175 -0.521584101 2
0 0.735 -0.165 -0.5229285357 2
0 0.735 -0.155 -0.524194928 2
0 0.735 -0.145 -0.5253830888 2
0 0.735 -0.135 -0.5264928407 2
0 0.735 -0.125 -0.5275240183 2
0 0.735 -0.115 -0.5284764674 2
0 0.735 -0.105 -0.5293500462 2
0 0.735 -0.095 -0.530144624 2
0 0.735 -0.085 -0.5308600825 2
0 0.735 -0.075 -0.5314963147 2
0 0.735 -0.065 -0.5320532257 2
0 0.735 -0.055 -0.5325307325 2
0 0.735 -0.045 -0.5329287638 2
0 0.735 -0.035 -0.5332472601 2
0 0.735 -0.025 -0.5334861739 2
0 0.735 -0.015 -0.5336454696 2
0 0.735 -0.005 -0.5337251234 2
0 0.735 0.005 -0.5337251234 2
0 0.735 0.015 -0.5336454696 2
0 0.735 0.025 -0.5334861739 2
0 0.735 0.035 -0.5332472601 2
0 0.735 0.045 -0.5329287638 2
0 0.735 0.055 -0.5325307325 2
0 0.735 0.065 -0.5320532257 2
0 0.735 0.075 -0.5314963147 2
0 0.735 0.085 -0.5308600825 2
0 0.735 0.095 -0.530144624 2
0 0.735 0.105 -0.5293500462 2
0 0.735 0.115 -0.5284764674 2
0 0.735 0.125 -0.5275240183 2
0 0.735 0.135 -0.5264928407 2
0 0.735 0.145 -0.5253830888 2
0 0.735 0.155 -0.524194928 2
0 0.735 0.165 -0.5229285357 2
0 0.735 0.175 -0.521584101 2
0 0.735 0.185 -0.5201618243 2
0 0.735 0.195 -0.5186619181 2
0 0.735 0.205 -0.5170846062 2
0 0.735 0.215 -0.5154301239 2
0 0.735 0.225 -0.5136987182 2
0 0.735 0.235 -0.5118906474 2
0 0.735 0.245 -0.5100061815 2
0 0.735 0.255 -0.5080456016 2
0 0.735 0.265 -0.5060092004 2
0 0.735 0.275 -0.5038972818 2
0 0.735 0.285 -0.5017101609 2
0 0.735 0.295 -0.4994481641 2
0 0.735 0.305 -0.4971116291 2
0 0.735 0.315 -0.4947009046 2
0 0.735 0.325 -0.4922163502 2
0 0.735 0.335 -0.4896583369 2
0 0.735 0.345 -0.4870272464 2
0 0.735 0.355 -0.4843234714 2
0 0.735 0.365 -0.4815474153 2
0 0.735 0.375 -0.4786994925 2
0 0.735 0.385 -0.475780128 2
0 0.735 0.395 -0.4727897575 2
0 0.735 0.405 -0.4697288273 2
0 0.735 0.415 -0.4665977941 2
0 0.735 0.425 -0.4633971254 2
0 0.735 0.435 -0.4601272986 2
0 0.735 0.445 -0.4567888019 2
0 0.735 0.455 -0.4533821335 2
0 0.735 0.465 -0.4499078018 2
0 0.735 0.475 -0.4463663253 2
0 0.735 0.485 -0.4427582326 2
0 0.735 0.495 -0.439084062 2
0 0.735 0.505 0 2
0 0.735 0.515 0 2
0 0.735 0.525 0 2
0 0.735 0.535 0 2
0 0.735 0.545 0 2
0 0.735 0.555 0 2
0 0.735 0.565 0 2
0 0.745 -0.555 0 2
0 0.745 -0.545 0 2
0 0.745 -0.535 0 2
0 0.745 -0.525 0 2
0 0.745 -0.515 0 2
0 0.745 -0.505 0 2
0 0.745 -0.495 -0.4878430072 2
0 0.745 -0.485 -0.4919251832 2
0 0.745 -0.475 -0.4959339436 2
0 0.745 -0.465 -0.4998686903 2
0 0.745 -0.455 -0.5037288359 2
0 0.745 -0.445 -0.5075138045 2
0 0.745 -0.435 -0.511223031 2
0 0.745 -0.425 -0.514855962 2
0 0.745 -0.415 -0.5184120553 2
0 0.745 -0.405 -0.5218907801 2
0 0.745 -0.395 -0.5252916173 2
0 0.745 -0.385 -0.5286140593 2
0 0.745 -0.375 -0.5318576104 2
0 0.745 -0.365 -0.5350217863 2
0 0.745 -0.355 -0.5381061149 2
0 0.745 -0.345 -0.5411101359 2
0 0.745 -0.335 -0.544033401 2
0 0.745 -0.325 -0.5468754739 2
0 0.745 -0.315 -0.5496359304 2
0 0.745 -0.305 -0.5523143585 2
0 0.745 -0.295 -0.5549103586 2
0 0.745 -0.285 -0.5574235432 2
0 0.745 -0.275 -0.5598535372 2
0 0.745 -0.265 -0.562199978 2
0 0.745 -0.255 -0.5644625153 2
0 0.745 -0.245 -0.5666408116 2
0 0.745 -0.235 -0.5687345417 2
0 0.745 -0.225 -0.5707433932 2
0 0.745 -0.215 -0.5726670663 2
0 0.745 -0.205 -0.5745052738 2
0 0.745 -0.195 -0.5762577414 2
0 0.745 -0.185 -0.5779242076 2
0 0.745 -0.175 -0.5795044237 2
0 0.745 -0.165 -0.5809981538 2
0 0.745 -0.155 -0.5824051751 2
0 0.745 -0.145 -0.5837252775 2
0 0.745 -0.135 -0.584958264 2
0 0.745 -0.125 -0.5861039507 2
0 0.745 -0.115 -0.5871621664 2
0 0.745 -0.105 -0.5881327534 2
0 0.745 -0.095 -0.5890155667 2
0 0.745 -0.085 -0.5898104746 2
0 0.745 -0.075 -0.5905173585 2
0 0.745 -0.065 -0.5911361128 2
0 0.745 -0.055 -0.5916666453 2
0 0.745 -0.045 -0.5921088767 2
0 0.745 -0.035 -0.592462741 2
0 0.745 -0.025 -0.5927281855 2
0 0.745 -0.015 -0.5929051705 2
0 0.745 -0.005 -0.5929936696 2
0 0.745 0.005 -0.5929936696 2
0 0.745 0.015 -0.5929051705 2
0 0.745 0.025 -0.5927281855 2
0 0.745 0.035 -0.592462741 2
0 0.745 0.045 -0.5921088767 2
0 0.745 0.055 -0.5916666453 2
0 0.745 0.065 -0.5911361128 2
0 0.745 0.075 -0.5905173585 2
0 0.745 0.085 -0.5898104746 2
0 0.745 0.095 -0.5890155667 2
0 0.745 0.105 -0.5881327534 2
0 0.745 0.115 -0.5871621664 2
0 0.745 0.125 -0.5861039507 2
0 0.745 0.135 -0.584958264 2
0 0.745 0.145 -0.5837252775 2
0 0.745 0.155 -0.5824051751 2
0 0.745 0.165 -0.5809981538 2
0 0.745 0.175 -0.5795044237 2
0 0.745 0.185 -0.5779242076 2
0 0.745 0.195 -0.5762577414 2
0 0.745 0.205 -0.5745052738 2
0 0.745 0.215 -0.5726670663 2
0 0.745 0.225 -0.5707433932 2
0 0.745 0.235 -0.5687345417 2
0 0.745 0.245 -0.5666408116 2
0 0.745 0.255 -0.5644625153 2
0 0.745 0.265 -0.562199978 2
0 0.745 0.275 -0.5598535372 2
0 0.745 0.285 -0.5574235432 2
0 0.745 0.295 -0.5549103586 2
0 0.745 0.305 -0.5523143585 2
0 0.745 0.315 -0.5496359304 2
0 0.745 0.325 -0.5468754739 2
0 0.745 0.335 -0.544033401 2
0 0.745 0.345 -0.5411101359 2
0 0.745 0.355 -0.5381061149 2
0 0.745 0.365 -0.5350217863 2
0 0.745 0.375 -0.5318576104 2
0 0.745 0.385 -0.5286140593 2
0 0.745 0.395 -0.5252916173 2
0 0.745 0.405 -0.5218907801 2
0 0.745 0.415 -0.5184120553 2
0 0.745 0.425 -0.514855962 2
0 0.745 0.435 -0.511223031 2
0 0.745 0.445 -0.5075138045 2
0 0.745 0.455 -0.5037288359 2
0 0.745 0.465 -0.4998686903 2
0 0.745 0.475 -0.4959339436 2
0 0.745 0.485 -0.4919251832 2
0 0.745 0.495 -0.4878430072 2
0 0.745 0.505 0 2
0 0.745 0.515 0 2
0 0.745 0.525 0 2
0 0.745 0.535 0 2
0 0.745 0.545 0 2
0 0.745 0.555 0 2
0 0.745 0.565 0 2
0 0.755 -0.555 0 2
0 0.755 -0.545 0 2
0 0.755 -0.535 0 2
0 0.755 -0.525 0 2
0 0.755 -0.515 0 2
0 0.755 -0.505 0 2
0 0.755 -0.495 -0.5340898936 2
0 0.755 -0.485 -0.5385590546 2
0 0.755 -0.475 -0.5429478404 2
0 0.755 -0.465 -0.5472555959 2
0 0.755 -0.455 -0.5514816784 2
0 0.755 -0.445 -0.5556254571 2
0 0.755 -0.435 -0.5596863135 2
0 0.755 -0.425 -0.5636636417 2
0 0.755 -0.415 -0.567556848 2
0 0.755 -0.405 -0.5713653514 2
0 0.755 -0.395 -0.5750885836 2
0 0.755 -0.385 -0.5787259888 2
0 0.755 -0.375 -0.5822770243 2
0 0.755 -0.365 -0.58574116 2
0 0.755 -0.355 -0.589117879 2
0 0.755 -0.345 -0.5924066773 2
0 0.755 -0.335 -0.5956070642 2
0 0.755 -0.325 -0.5987185619 2
0 0.755 -0.315 -0.6017407061 2
0 0.755 -0.305 -0.6046730458 2
0 0.755 -0.295 -0.6075151433 2
0 0.755 -0.285 -0.6102665745 2
0 0.755 -0.275 -0.6129269288 2
0 0.755 -0.265 -0.6154958091 2
0 0.755 -0.255 -0.6179728321 2
0 0.755 -0.245 -0.6203576281 2
0 0.755 -0.235 -0.6226498411 2
0 0.755 -0.225 -0.6248491291 2
0 0.755 -0.215 -0.6269551639 2
0 0.755 -0.205 -0.6289676311 2
0 0.755 -0.195 -0.6308862303 2
0 0.755 -0.185 -0.6327106754 2
0 0.755 -0.175 -0.6344406939 2
0 0.755 -0.165 -0.6360760278 2
0 0.755 -0.155 -0.6376164328 2
0 0.755 -0.145 -0.6390616793 2
0 0.755 -0.135 -0.6404115513 2
0 0.755 -0.125 -0.6416658476 2
0 0.755 -0.115 -0.6428243808 2
0 0.755 -0.105 -0.6438869782 2
0 0.755 -0.095 -0.644853481 2
0 0.755 -0.085 -0.6457237452 2
0 0.755 -0.075 -0.6464976407 2
0 0.755 -0.065 -0.6471750522 2
0 0.755 -0.055 -0.6477558784 2
0 0.755 -0.045 -0.6482400328 2
0 0.755 -0.035 -0.648627443 2
0 0.755 -0.025 -0.6489180513 2
0 0.755 -0.015 -0.6491118142 2
0 0.755 -0.005 -0.6492087029 2
0 0.755 0.005 -0.6492087029 2
0 0.755 0.015 -0.6491118142 2
0 0.755 0.025 -0.6489180513 2
0 0.755 0.035 -0.648627443 2
0 0.755 0.045 -0.6482400328 2
0 0.755 0.055 -0.6477558784 2
0 0.755 0.065 -0.6471750522 2
0 0.755 0.075 -0.6464976407 2
0 0.755 0.085 -0.6457237452 2
0 0.755 0.095 -0.644853481 2
0 0.755 0.105 -0.6438869782 2
0 0.755 0.115 -0.6428243808 2
0 0.755 0.125 -0.6416658476 2
0 0.755 0.135 -0.6404115513 2
0 0.755 0.145 -0.6390616793 2
0 0.755 0.155 -0.6376164328 2
0 0.755 0.165 -0.6360760278 2
0 0.755 0.175 -0.6344406939 2
0 0.755 0.185 -0.6327106754 2
0 0.755 0.195 -0.6308862303 2
0 0.755 0.205 -0.6289676311 2
0 0.755 0.215 -0.6269551639 2
0 0.755 0.225 -0.6248491291 2
0 0.755 0.235 -0.6226498411 2
0 0.755 0.245 -0.6203576281 2
0 0.755 0.255 -0.6179728321 2
0 0.755 0.265 -0.6154958091 2
0 0.755 0.275 -0.6129269288 2
0 0.755 0.285 -0.6102665745 2
0 0.755 0.295 -0.6075151433 2
0 0.755 0.305 -0.6046730458 2
0 0.755 0.315 -0.6017407061 2
0 0.755 0.325 -0.5987185619 2
0 0.755 0.335 -0.5956070642 2
0 0.755 0.345 -0.5924066773 2
0 0.755 0.355 -0.589117879 2
0 0.755 0.365 -0.58574116 2
0 0.755 0.375 -0.5822770243 2
0 0.755 0.385 -0.5787259888 2
0 0.755 0.395 -0.5750885836 2
0 0.755 0.405 -0.5713653514 2
0 0.755 0.415 -0.567556848 2
0 0.755 0.425 -0.5636636417 2
0 0.755 0.435 -0.5596863135 2
0 0.755 0.445 -0.5556254571 2
0 0.755 0.455 -0.5514816784 2
0 0.755 0.465 -0.5472555959 2
0 0.755 0.475 -0.5429478404 2
0 0.755 0.485 -0.5385590546 2
0 0.755 0.495 -0.5340898936 2
0 0.755 0.505 0 2
0 0.755 0.515 0 2
0 0.755 0.525 0 2
0 0.755 0.535 0 2
0 0.755 0.545 0 2
0 0.755 0.555 0 2
0 0.755 0.565 0 2
0 0.765 -0.555 0 2
0 0.765 -0.545 0 2
0 0.765 -0.535 0 2
0 0.765 -0.525 0 2
0 0.765 -0.515 0 2
0 0.765 -0.505 0 2
0 0.765 -0.495 -0.5775865815 2
0 0.765 -0.485 -0.5824197143 2
0 0.765 -0.475 -0.5871659261 2
0 0.765 -0.465 -0.5918245086 2
0 0.765 -0.455 -0.5963947664 2
0 0.765 -0.445 -0.6008760176 2
0 0.765 -0.435 -0.6052675933 2
0 0.765 -0.425 -0.6095688381 2
0 0.765 -0.415 -0.6137791101 2
0 0.765 -0.405 -0.6178977809 2
0 0.765 -0.395 -0.621924236 2
0 0.765 -0.385 -0.6258578743 2
0 0.765 -0.375 -0.6296981088 2
0 0.765 -0.365 -0.6334443663 2
0 0.765 -0.355 -0.6370960879 2
0 0.765 -0.345 -0.6406527285 2
0 0.765 -0.335 -0.6441137572 2
0 0.765 -0.325 -0.6474786577 2
0 0.765 -0.315 -0.6507469276 2
0 0.765 -0.305 -0.6539180793 2
0 0.765 -0.295 -0.6569916394 2
0 0.765 -0.285 -0.6599671493 2
0 0.765 -0.275 -0.6628441649 2
0 0.765 -0.265 -0.6656222568 2
0 0.765 -0.255 -0.6683010104 2
0 0.765 -0.245 -0.6708800259 2
0 0.765 -0.235 -0.6733589185 2
0 0.765 -0.225 -0.6757373182 2
0 0.765 -0.215 -0.6780148701 2
0 0.765 -0.205 -0.6801912341 2
0 0.765 -0.195 -0.6822660856 2
0 0.765 -0.185 -0.6842391148 2
0 0.765 -0.175 -0.6861100274 2
0 0.765 -0.165 -0.6878785441 2
0 0.765 -0.155 -0.6895444009 2
0 0.765 -0.145 -0.6911073493 2
0 0.765 -0.135 -0.6925671559 2
0 0.765 -0.125 -0.693923603 2
0 0.765 -0.115 -0.6951764881 2
0 0.765 -0.105 -0.6963256242 2
0 0.765 -0.095 -0.6973708398 2
0 0.765 -0.085 -0.6983119789 2
0 0.765 -0.075 -0.6991489011 2
0 0.765 -0.065 -0.6998814815 2
0 0.765 -0.055 -0.7005096107 2
0 0.765 -0.045 -0.7010331949 2
0 0.765 -0.035 -0.7014521561 2
0 0.765 -0.025 -0.7017664318 2
0 0.765 -0.015 -0.7019759749 2
0 0.765 -0.005 -0.7020807543 2
0 0.765 0.005 -0.7020807543 2
0 0.765 0.015 -0.7019759749 2
0 0.765 0.025 -0.7017664318 2
0 0.765 0.035 -0.7014521561 2
0 0.765 0.045 -0.7010331949 2
0 0.765 0.055 -0.7005096107 2
0 0.765 0.065 -0.6998814815 2
0 0.765 0.075 -0.6991489011 2
0 0.765 0.085 -0.6983119789 2
0 0.765 0.095 -0.6973708398 2
0 0.765 0.105 -0.6963256242 2
0 0.765 0.115 -0.6951764881 2
0 0.765 0.125 -0.693923603 2
0 0.765 0.135 -0.6925671559 2
0 0.765 0.145 -0.6911073493 2
0 0.765 0.155 -0.6895444009 2
0 0.765 0.165 -0.6878785441 2
0 0.765 0.175 -0.6861100274 2
0 0.765 0.185 -0.6842391148 2
0 0.765 0.195 -0.6822660856 2
0 0.765 0.205 -0.6801912341 2
0 0.765 0.215 -0.6780148701 2
0 0.765 0.225 -0.6757373182 2
0 0.765 0.235 -0.6733589185 2
0 0.765 0.245 -0.6708800259 2
0 0.765 0.255 -0.6683010104 2
0 0.765 0.265 -0.6656222568 2
0 0.765 0.275 -0.6628441649 2
0 0.765 0.285 -0.6599671493 2
0 0.765 0.295 -0.6569916394 2
0 0.765 0.305 -0.6539180793 2
0 0.765 0.315 -0.6507469276 2
0 0.765 0.325 -0.6474786577 2
0 0.765 0.335 -0.6441137572 2
0 0.765 0.345 -0.6406527285 2
0 0.765 0.355 -0.6370960879 2
0 0.765 0.365 -0.6334443663 2
0 0.765 0.375 -0.6296981088 2
0 0.765 0.385 -0.6258578743 2
0 0.765 0.395 -0.621924236 2
0 0.765 0.405 -0.6178977809 2
0 0.765 0.415 -0.6137791101 2
0 0.765 0.425 -0.6095688381 2
0 0.765 0.435 -0.6052675933 2
0 0.765 0.445 -0.6008760176 2
0 0.765 0.455 -0.5963947664 2
0 0.765 0.465 -0.5918245086 2
0 0.765 0.475 -0.5871659261 2
0 0.765 0.485 -0.5824197143 2
0 0.765 0.495 -0.5775865815 2
0 0.765 0.505 0 2
0 0.765 0.515 0 2
0 0.765 0.525 0 2
0 0.765 0.535 0 2
0 0.765 0.545 0 2
0 0.765 0.555 0 2
0 0.765 0.565 0 2
0 0.775 -0.555 0 2
0 0.775 -0.545 0 2
0 0.775 -0.535 0 2
0 0.775 -0.525 0 2
0 0.775 -0.515 0 2
0 0.775 -0.505 0 2
0 0.775 -0.495 -0.6181090924 2
0 0.775 -0.485 -0.6232813098 2
0 0.775 -0.475 -0.6283605079 2
0 0.775 -0.465 -0.6333459287 2
0 0.775 -0.455 -0.6382368282 2
0 0.775 -0.445 -0.6430324765 2
0 0.775 -0.435 -0.6477321578 2
0 0.775 -0.425 -0.6523351708 2
0 0.775 -0.415 -0.6568408284 2
0 0.775 -0.405 -0.6612484584 2
0 0.775 -0.395 -0.6655574028 2
0 0.775 -0.385 -0.6697670186 2
0 0.775 -0.375 -0.6738766775 2
0 0.775 -0.365 -0.6778857663 2
0 0.775 -0.355 -0.6817936865 2
0 0.775 -0.345 -0.6855998551 2
0 0.775 -0.335 -0.6893037038 2
0 0.775 -0.325 -0.6929046801 2
0 0.775 -0.315 -0.6964022464 2
0 0.775 -0.305 -0.6997958807 2
0 0.775 -0.295 -0.7030850767 2
0 0.775 -0.285 -0.7062693434 2
0 0.775 -0.275 -0.7093482056 2
0 0.775 -0.265 -0.7123212038 2
0 0.775 -0.255 -0.7151878943 2
0 0.775 -0.245 -0.7179478493 2
0 0.775 -0.235 -0.7206006568 2
0 0.775 -0.225 -0.7231459211 2
0 0.775 -0.215 -0.7255832622 2
0 0.775 -0.205 -0.7279123163 2
0 0.775 -0.195 -0.7301327359 2
0 0.775 -0.185 -0.7322441896 2
0 0.775 -0.175 -0.7342463622 2
0 0.775 -0.165 -0.7361389551 2
0 0.775 -0.155 -0.7379216856 2
0 0.775 -0.145 -0.7395942879 2
0 0.775 -0.135 -0.7411565121 2
0 0.775 -0.125 -0.7426081253 2
0 0.775 -0.115 -0.7439489107 2
0 0.775 -0.105 -0.7451786683 2
0 0.775 -0.095 -0.7462972145 2
0 0.775 -0.085 -0.7473043823 2
0 0.775 -0.075 -0.7482000216 2
0 0.775 -0.065 -0.7489839986 2
0 0.775 -0.055 -0.7496561962 2
0 0.775 -0.045 -0.7502165143 2
0 0.775 -0.035 -0.7506648691 2
0 0.775 -0.025 -0.7510011938 2
0 0.775 -0.015 -0.7512254382 2
0 0.775 -0.005 -0.7513375687 2
0 0.775 0.005 -0.7513375687 2
0 0.775 0.015 -0.7512254382 2
0 0.775 0.025 -0.7510011938 2
0 0.775 0.035 -0.7506648691 2
0 0.775 0.045 -0.7502165143 2
0 0.775 0.055 -0.7496561962 2
0 0.775 0.065 -0.7489839986 2
0 0.775 0.075 -0.7482000216 2
0 0.775 0.085 -0.7473043823 2
0 0.775 0.095 -0.7462972145 2
0 0.775 0.105 -0.7451786683 2
0 0.775 0.115 -0.7439489107 2
0 0.775 0.125 -0.7426081253 2
0 0.775 0.135 -0.7411565121 2
0 0.775 0.145 -0.7395942879 2
0 0.775 0.155 -0.7379216856 2
0 0.775 0.165 -0.7361389551 2
0 0.775 0.175 -0.7342463622 2
0 0.775 0.185 -0.7322441896 2
0 0.775 0.195 -0.7301327359 2
0 0.775 0.205 -0.7279123163 2
0 0.775 0.215 -0.7255832622 2
0 0.775 0.225 -0.7231459211 2
0 0.775 0.235 -0.7206006568 2
0 0.775 0.245 -0.7179478493 2
0 0.775 0.255 -0.7151878943 2
0 0.775 0.265 -0.7123212038 2
0 0.775 0.275 -0.7093482056 2
0 0.775 0.285 -0.7062693434 2
0 0.775 0.295 -0.7030850767 2
0 0.775 0.305 -0.6997958807 2
0 0.775 0.315 -0.6964022464 2
0 0.775 0.325 -0.6929046801 2
0 0.775 0.335 -0.6893037038 2
0 0.775 0.345 -0.6855998551 2
0 0.775 0.355 -0.6817936865 2
0 0.775 0.365 -0.6778857663 2
0 0.775 0.375 -0.6738766775 2
0 0.775 0.385 -0.6697670186 2
0 0.775 0.395 -0.6655574028 2
0 0.775 0.405 -0.6612484584 2
0 0.775 0.415 -0.6568408284 2
0 0.775 0.425 -0.6523351708 2
0 0.775 0.435 -0.6477321578 2
0 0.775 0.445 -0.6430324765 2
0 0.775 0.455 -0.6382368282 2
0 0.775 0.465 -0.6333459287 2
0 0.775 0.475 -0.6283605079 2
0 0.775 0.485 -0.6232813098 2
0 0.775 0.495 -0.6181090924 2
0 0.775 0.505 0 2
0 0.775 0.515 0 2
0 0.775 0.525 0 2
0 0.775 0.535 0 2
0 0.775 0.545 0 2
0 0.775 0.555 0 2
0 0.775 0.565 0 2
0 0.785 -0.555 0 2
0 0.785 -0.545 0 2
0 0.785 -0.535 0 2
0 0.785 -0.525 0 2
0 0.785 -0.515 0 2
0 0.785 -0.505 0 2
0 0.785 -0.495 -0.6554487631 2
0 0.785 -0.485 -0.6609334317 2
0 0.785 -0.475 -0.6663194617 2
0 0.785 -0.465 -0.6716060494 2
0 0.785 -0.455 -0.6767924058 2
0 0.785 -0.445 -0.6818777568 2
0 0.785 -0.435 -0.6868613436 2
0 0.785 -0.425 -0.6917424223 2
0 0.785 -0.415 -0.6965202646 2
0 0.785 -0.405 -0.7011941573 2
0 0.785 -0.395 -0.7057634029 2
0 0.785 -0.385 -0.7102273196 2
0 0.785 -0.375 -0.714585241 2
0 0.785 -0.365 -0.7188365169 2
0 0.785 -0.355 -0.7229805127 2
0 0.785 -0.345 -0.7270166101 2
0 0.785 -0.335 -0.7309442065 2
0 0.785 -0.325 -0.734762716 2
0 0.785 -0.315 -0.7384715686 2
0 0.785 -0.305 -0.7420702108 2
0 0.785 -0.295 -0.7455581055 2
0 0.785 -0.285 -0.7489347322 2
0 0.785 -0.275 -0.7521995869 2
0 0.785 -0.265 -0.7553521825 2
0 0.785 -0.255 -0.7583920484 2
0 0.785 -0.245 -0.7613187309 2
0 0.785 -0.235 -0.7641317933 2
0 0.785 -0.225 -0.7668308158 2
0 0.785 -0.215 -0.7694153954 2
0 0.785 -0.205 -0.7718851466 2
0 0.785 -0.195 -0.7742397006 2
0 0.785 -0.185 -0.7764787062 2
0 0.785 -0.175 -0.7786018292 2
0 0.785 -0.165 -0.7806087526 2
0 0.785 -0.155 -0.7824991771 2
0 0.785 -0.145 -0.7842728204 2
0 0.785 -0.135 -0.7859294179 2
0 0.785 -0.125 -0.7874687223 2
0 0.785 -0.115 -0.7888905039 2
0 0.785 -0.105 -0.7901945505 2
0 0.785 -0.095 -0.7913806675 2
0 0.785 -0.085 -0.7924486779 2
0 0.785 -0.075 -0.7933984223 2
0 0.785 -0.065 -0.794229759 2
0 0.785 -0.055 -0.7949425638 2
0 0.785 -0.045 -0.7955367304 2
0 0.785 -0.035 -0.7960121701 2
0 0.785 -0.025 -0.796368812 2
0 0.785 -0.015 -0.7966066028 2
0 0.785 -0.005 -0.7967255071 2
0 0.785 0.005 -0.7967255071 2
0 0.785 0.015 -0.7966066028 2
0 0.785 0.025 -0.796368812 2
0 0.785 0.035 -0.7960121701 2
0 0.785 0.045 -0.7955367304 2
0 0.785 0.055 -0.7949425638 2
0 0.785 0.065 -0.794229759 2
0 0.785 0.075 -0.7933984223 2
0 0.785 0.085 -0.7924486779 2
0 0.785 0.095 -0.7913806675 2
0 0.785 0.105 -0.7901945505 2
0 0.785 0.115 -0.7888905039 2
0 0.785 0.125 -0.7874687223 2
0 0.785 0.135 -0.7859294179 2
0 0.785 0.145 -0.7842728204 2
0 0.785 0.155 -0.7824991771 2
0 0.785 0.165 -0.7806087526 2
0 0.785 0.175 -0.7786018292 2
0 0.785 0.185 -0.7764787062 2
0 0.785 0.195 -0.7742397006 2
0 0.785 0.205 -0.7718851466 2
0 0.785 0.215 -0.7694153954 2
0 0.785 0.225 -0.7668308158 2
0 0.785 0.235 -0.7641317933 2
0 0.785 0.245 -0.7613187309 2
0 0.785 0.255 -0.7583920484 2
0 0.785 0.265 -0.7553521825 2
0 0.785 0.275 -0.7521995869 2
0 0.785 0.285 -0.7489347322 2
0 0.785 0.295 -0.7455581055 2
0 0.785 0.305 -0.7420702108 2
0 0.785 0.315 -0.7384715686 2
0 0.785 0.325 -0.734762716 2
0 0.785 0.335 -0.7309442065 2
0 0.785 0.345 -0.7270166101 2
0 0.785 0.355 -0.7229805127 2
0 0.785 0.365 -0.7188365169 2
0 0.785 0.375 -0.714585241 2
0 0.785 0.385 -0.7102273196 2
0 0.785 0.395 -0.7057634029 2
0 0.785 0.405 -0.7011941573 2
0 0.785 0.415 -0.6965202646 2
0 0.785 0.425 -0.6917424223 2
0 0.785 0.435 -0.6868613436 2
0 0.785 0.445 -0.6818777568 2
0 0.785 0.455 -0.6767924058 2
0 0.785 0.465 -0.6716060494 2
0 0.785 0.475 -0.6663194617 2
0 0.785 0.485 -0.6609334317 2
0 0.785 0.495 -0.6554487631 2
0 0.785 0.505 0 2
0 0.785 0.515 0 2
0 0.785 0.525 0 2
0 0.785 0.535 0 2
0 0.785 0.545 0 2
0 0.785 0.555 0 2
0 0.785 0.565 0 2
0 0.795 -0.555 0 2
0 0.795 -0.545 0 2
0 0.795 -0.535 0 2
0 0.795 -0.525 0 2
0 0.795 -0.515 0 2
0 0.795 -0.505 0 2
0 0.795 -0.495 -0.6894133199 2
0 0.795 -0.485 -0.6951821972 2
0 0.795 -0.475 -0.7008473248 2
0 0.795 -0.465 -0.706407857 2
0 0.795 -0.455 -0.711862964 2
0 0.795 -0.445 -0.7172118318 2
0 0.795 -0.435 -0.722453662 2
0 0.795 -0.425 -0.7275876723 2
0 0.795 -0.415 -0.7326130965 2
0 0.795 -0.405 -0.7375291846 2
0 0.795 -0.395 -0.742335203 2
0 0.795 -0.385 -0.7470304344 2
0 0.795 -0.375 -0.751614178 2
0 0.795 -0.365 -0.7560857498 2
0 0.795 -0.355 -0.7604444825 2
0 0.795 -0.345 -0.7646897254 2
0 0.795 -0.335 -0.7688208452 2
0 0.795 -0.325 -0.7728372252 2
0 0.795 -0.315 -0.776738266 2
0 0.795 -0.305 -0.7805233854 2
0 0.795 -0.295 -0.7841920186 2
0 0.795 -0.285 -0.787743618 2
0 0.795 -0.275 -0.7911776535 2
0 0.795 -0.265 -0.7944936128 2
0 0.795 -0.255 -0.7976910008 2
0 0.795 -0.245 -0.8007693405 2
0 0.795 -0.235 -0.8037281723 2
0 0.795 -0.225 -0.8065670548 2
0 0.795 -0.215 -0.8092855642 2
0 0.795 -0.205 -0.8118832949 2
0 0.795 -0.195 -0.8143598591 2
0 0.795 -0.185 -0.8167148872 2
0 0.795 -0.175 -0.8189480278 2
0 0.795 -0.165 -0.8210589476 2
0 0.795 -0.155 -0.8230473315 2
0 0.795 -0.145 -0.8249128829 2
0 0.795 -0.135 -0.8266553232 2
0 0.795 -0.125 -0.8282743925 2
0 0.795 -0.115 -0.8297698491 2
0 0.795 -0.105 -0.8311414698 2
0 0.795 -0.095 -0.83238905 2
0 0.795 -0.085 -0.8335124034 2
0 0.795 -0.075 -0.8345113624 2
0 0.795 -0.065 -0.8353857779 2
0 0.795 -0.055 -0.8361355194 2
0 0.795 -0.045 -0.836760475 2
0 0.795 -0.035 -0.8372605514 2
0 0.795 -0.025 -0.837635674 2
0 0.795 -0.015 -0.8378857869 2
0 0.795 -0.005 -0.8380108527 2
0 0.795 0.005 -0.8380108527 2
0 0.795 0.015 -0.8378857869 2
0 0.795 0.025 -0.837635674 2
0 0.795 0.035 -0.8372605514 2
0 0.795 0.045 -0.836760475 2
0 0.795 0.055 -0.8361355194 2
0 0.795 0.065 -0.8353857779 2
0 0.795 0.075 -0.8345113624 2
0 0.795 0.085 -0.8335124034 2
0 0.795 0.095 -0.83238905 2
0 0.795 0.105 -0.8311414698 2
0 0.795 0.115 -0.8297698491 2
0 0.795 0.125 -0.8282743925 2
0 0.795 0.135 -0.8266553232 2
0 0.795 0.145 -0.8249128829 2
0 0.795 0.155 -0.8230473315 2
0 0.795 0.165 -0.8210589476 2
0 0.795 0.175 -0.8189480278 2
0 0.795 0.185 -0.8167148872 2
0 0.795 0.195 -0.8143598591 2
0 0.795 0.205 -0.8118832949 2
0 0.795 0.215 -0.8092855642 2
0 0.795 0.225 -0.8065670548 2
0 0.795 0.235 -0.8037281723 2
0 0.795 0.245 -0.8007693405 2
0 0.795 0.255 -0.7976910008 2
0 0.795 0.265 -0.7944936128 2
0 0.795 0.275 -0.7911776535 2
0 0.795 0.285 -0.787743618 2
0 0.795 0.295 -0.7841920186 2
0 0.795 0.305 -0.7805233854 2
0 0.795 0.315 -0.776738266 2
0 0.795 0.325 -0.7728372252 2
0 0.795 0.335 -0.7688208452 2
0 0.795 0.345 -0.7646897254 2
0 0.795 0.355 -0.7604444825 2
0 0.795 0.365 -0.7560857498 2
0 0.795 0.375 -0.751614178 2
0 0.795 0.385 -0.7470304344 2
0 0.795 0.395 -0.742335203 2
0 0.795 0.405 -0.7375291846 2
0 0.795 0.415 -0.7326130965 2
0 0.795 0.425 -0.7275876723 2
0 0.795 0.435 -0.722453662 2
0 0.795 0.445 -0.7172118318 2
0 0.795 0.455 -0.711862964 2
0 0.795 0.465 -0.706407857 2
0 0.795 0.475 -0.7008473248 2
0 0.795 0.485 -0.6951821972 2
0 0.795 0.495 -0.6894133199 2
0 0.795 0.505 0 2
0 0.795 0.515 0 2
0 0.795 0.525 0 2
0 0.795 0.535 0 2
0 0.795 0.545 0 2
0 0.795 0.555 0 2
0 0.795 0.565 0 2
0 0.805 -0.555 0 2
0 0.805 -0.545 0 2
0 0.805 -0.535 0 2
0 0.805 -0.525 0 2
0 0.805 -0.515 0 2
0 0.805 -0.505 0 2
0 0.805 -0.495 -0.7198278682 2
0 0.805 -0.485 -0.7258512487 2
0 0.805 -0.475 -0.7317663022 2
0 0.805 -0.465 -0.737572146 2
0 0.805 -0.455 -0.7432679136 2
0 0.805 -0.445 -0.7488527551 2
0 0.805 -0.435 -0.7543258368 2
0 0.805 -0.425 -0.759686342 2
0 0.805 -0.415 -0.7649334707 2
0 0.805 -0.405 -0.7700664397 2
0 0.805 -0.395 -0.7750844832 2
0 0.805 -0.385 -0.779986852 2
0 0.805 -0.375 -0.7847728147 2
0 0.805 -0.365 -0.7894416569 2
0 0.805 -0.355 -0.7939926818 2
0 0.805 -0.345 -0.7984252104 2
0 0.805 -0.335 -0.8027385809 2
0 0.805 -0.325 -0.8069321498 2
0 0.805 -0.315 -0.8110052911 2
0 0.805 -0.305 -0.814957397 2
0 0.805 -0.295 -0.8187878777 2
0 0.805 -0.285 -0.8224961615 2
0 0.805 -0.275 -0.8260816949 2
0 0.805 -0.265 -0.8295439429 2
0 0.805 -0.255 -0.8328823887 2
0 0.805 -0.245 -0.8360965341 2
0 0.805 -0.235 -0.8391858995 2
0 0.805 -0.225 -0.8421500237 2
0 0.805 -0.215 -0.8449884644 2
0 0.805 -0.205 -0.847700798 2
0 0.805 -0.195 -0.8502866197 2
0 0.805 -0.185 -0.8527455436 2
0 0.805 -0.175 -0.8550772027 2
0 0.805 -0.165 -0.857281249 2
0 0.805 -0.155 -0.8593573536 2
0 0.805 -0.145 -0.8613052067 2
0 0.805 -0.135 -0.8631245175 2
0 0.805 -0.125 -0.8648150146 2
0 0.805 -0.115 -0.8663764456 2
0 0.805 -0.105 -0.8678085776 2
0 0.805 -0.095 -0.8691111967 2
0 0.805 -0.085 -0.8702841086 2
0 0.805 -0.075 -0.8713271382 2
0 0.805 -0.065 -0.8722401299 2
0 0.805 -0.055 -0.8730229474 2
0 0.805 -0.045 -0.8736754739 2
0 0.805 -0.035 -0.874197612 2
0 0.805 -0.025 -0.8745892837 2
0 0.805 -0.015 -0.8748504307 2
0 0.805 -0.005 -0.874981014 2
0 0.805 0.005 -0.874981014 2
0 0.805 0.015 -0.8748504307 2
0 0.805 0.025 -0.8745892837 2
0 0.805 0.035 -0.874197612 2
0 0.805 0.045 -0.8736754739 2
0 0.805 0.055 -0.8730229474 2
0 0.805 0.065 -0.8722401299 2
0 0.805 0.075 -0.8713271382 2
0 0.805 0.085 -0.8702841086 2
0 0.805 0.095 -0.8691111967 2
0 0.805 0.105 -0.8678085776 2
0 0.805 0.115 -0.8663764456 2
0 0.805 0.125 -0.8648150146 2
0 0.805 0.135 -0.8631245175 2
0 0.805 0.145 -0.8613052067 2
0 0.805 0.155 -0.8593573536 2
0 0.805 0.165 -0.857281249 2
0 0.805 0.175 -0.8550772027 2
0 0.805 0.185 -0.8527455436 2
0 0.805 0.195 -0.8502866197 2
0 0.805 0.205 -0.847700798 2
0 0.805 0.215 -0.8449884644 2
0 0.805 0.225 -0.8421500237 2
0 0.805 0.235 -0.8391858995 2
0 0.805 0.245 -0.8360965341 2
0 0.805 0.255 -0.8328823887 2
0 0.805 0.265 -0.8295439429 2
0 0.805 0.275 -0.8260816949 2
0 0.805 0.285 -0.8224961615 2
0 0.805 0.295 -0.8187878777 2
0 0.805 0.305 -0.814957397 2
0 0.805 0.315 -0.8110052911 2
0 0.805 0.325 -0.8069321498 2
0 0.805 0.335 -0.8027385809 2
0 0.805 0.345 -0.7984252104 2
0 0.805 0.355 -0.7939926818 2
0 0.805 0.365 -0.7894416569 2
0 0.805 0.375 -0.7847728147 2
0 0.805 0.385 -0.779986852 2
0 0.805 0.395 -0.7750844832 2
0 0.805 0.405 -0.7700664397 2
0 0.805 0.415 -0.7649334707 2
0 0.805 0.425 -0.759686342 2
0 0.805 0.435 -0.7543258368 2
0 0.805 0.445 -0.7488527551 2
0 0.805 0.455 -0.7432679136 2
0 0.805 0.465 -0.737572146 2
0 0.805 0.475 -0.7317663022 2
0 0.805 0.485 -0.7258512487 2
0 0.805 0.495 -0.7198278682 2
0 0.805 0.505 0 2
0 0.805 0.515 0 2
0 0.805 0.525 0 2
0 0.805 0.535 0 2
0 0.805 0.545 0 2
0 0.805 0.555 0 2
0 0.805 0.565 0 2
0 0.815 -0.555 0 2
0 0.815 -0.545 0 2
0 0.815 -0.535 0 2
0 0.815 -0.525 0 2
0 0.815 -0.515 0 2
0 0.815 -0.505 0 2
0 0.815 -0.495 -0.7465357941 2
0 0.815 -0.485 -0.7527826613 2
0 0.815 -0.475 -0.7589171823 2
0 0.815 -0.465 -0.7649384416 2
0 0.815 -0.455 -0.7708455405 2
0 0.815 -0.445 -0.7766375975 2
0 0.815 -0.435 -0.7823137481 2
0 0.815 -0.425 -0.7878731453 2
0 0.815 -0.415 -0.7933149593 2
0 0.815 -0.405 -0.798638378 2
0 0.815 -0.395 -0.8038426069 2
0 0.815 -0.385 -0.8089268694 2
0 0.815 -0.375 -0.8138904067 2
0 0.815 -0.365 -0.8187324779 2
0 0.815 -0.355 -0.8234523605 2
0 0.815 -0.345 -0.8280493501 2
0 0.815 -0.335 -0.8325227606 2
0 0.815 -0.325 -0.8368719243 2
0 0.815 -0.315 -0.8410961923 2
0 0.815 -0.305 -0.845194934 2
0 0.815 -0.295 -0.8491675378 2
0 0.815 -0.285 -0.8530134108 2
0 0.815 -0.275 -0.856731979 2
0 0.815 -0.265 -0.8603226875 2
0 0.815 -0.255 -0.8637850004 2
0 0.815 -0.245 -0.8671184009 2
0 0.815 -0.235 -0.8703223917 2
0 0.815 -0.225 -0.8733964944 2
0 0.815 -0.215 -0.8763402504 2
0 0.815 -0.205 -0.8791532203 2
0 0.815 -0.195 -0.8818349843 2
0 0.815 -0.185 -0.8843851422 2
0 0.815 -0.175 -0.8868033133 2
0 0.815 -0.165 -0.8890891368 2
0 0.815 -0.155 -0.8912422716 2
0 0.815 -0.145 -0.8932623963 2
0 0.815 -0.135 -0.8951492094 2
0 0.815 -0.125 -0.8969024293 2
0 0.815 -0.115 -0.8985217944 2
0 0.815 -0.105 -0.9000070631 2
0 0.815 -0.095 -0.9013580135 2
0 0.815 -0.085 -0.9025744442 2
0 0.815 -0.075 -0.9036561736 2
0 0.815 -0.065 -0.9046030402 2
0 0.815 -0.055 -0.9054149027 2
0 0.815 -0.045 -0.9060916401 2
0 0.815 -0.035 -0.9066331512 2
0 0.815 -0.025 -0.9070393552 2
0 0.815 -0.015 -0.9073101916 2
0 0.815 -0.005 -0.9074456199 2
0 0.815 0.005 -0.9074456199 1
0 0.815 0.015 -0.9073101916 1
0 0.815 0.025 -0.9070393552 1
0 0.815 0.035 -0.9066331512 1
0 0.815 0.045 -0.9060916401 1
0 0.815 0.055 -0.9054149027 1
0 0.815 0.065 -0.9046030402 1
0 0.815 0.075 -0.9036561736 2
0 0.815 0.085 -0.9025744442 2
0 0.815 0.095 -0.9013580135 2
0 0.815 0.105 -0.9000070631 2
0 0.815 0.115 -0.8985217944 2
0 0.815 0.125 -0.8969024293 2
0 0.815 0.135 -0.8951492094 2
0 0.815 0.145 -0.8932623963 2
0 0.815 0.155 -0.8912422716 2
0 0.815 0.165 -0.8890891368 2
0 0.815 0.175 -0.8868033133 2
0 0.815 0.185 -0.8843851422 2
0 0.815 0.195 -0.8818349843 2
0 0.815 0.205 -0.8791532203 2
0 0.815 0.215 -0.8763402504 2
0 0.815 0.225 -0.8733964944 2
0 0.815 0.235 -0.8703223917 2
0 0.815 0.245 -0.8671184009 2
0 0.815 0.255 -0.8637850004 2
0 0.815 0.265 -0.8603226875 2
0 0.815 0.275 -0.856731979 2
0 0.815 0.285 -0.8530134108 2
0 0.815 0.295 -0.8491675378 2
0 0.815 0.305 -0.845194934 2
0 0.815 0.315 -0.8410961923 2
0 0.815 0.325 -0.8368719243 2
0 0.815 0.335 -0.8325227606 2
0 0.815 0.345 -0.8280493501 2
0 0.815 0.355 -0.8234523605 2
0 0.815 0.365 -0.8187324779 2
0 0.815 0.375 -0.8138904067 2
0 0.815 0.385 -0.8089268694 2
0 0.815 0.395 -0.8038426069 2
0 0.815 0.405 -0.798638378 2
0 0.815 0.415 -0.7933149593 2
0 0.815 0.425 -0.7878731453 2
0 0.815 0.435 -0.7823137481 2
0 0.815 0.445 -0.7766375975 2
0 0.815 0.455 -0.7708455405 2
0 0.815 0.465 -0.7649384416 2
0 0.815 0.475 -0.7589171823 2
0 0.815 0.485 -0.7527826613 2
0 0.815 0.495 -0.7465357941 2
0 0.815 0.505 0 2
0 0.815 0.515 0 2
0 0.815 0.525 0 2
0 0.815 0.535 0 2
0 0.815 0.545 0 2
0 0.815 0.555 0 2
0 0.815 0.565 0 2
0 0.825 -0.555 0 2
0 0.825 -0.545 0 2
0 0.825 -0.535 0 2
0 0.825 -0.525 0 2
0 0.825 -0.515 0 2
0 0.825 -0.505 0 2
0 0.825 -0.495 -0.7693995699 2
0 0.825 -0.485 -0.7758377568 2
0 0.825 -0.475 -0.7821601567 2
0 0.825 -0.465 -0.788365826 2
0 0.825 -0.455 -0.7944538387 2
0 0.825 -0.445 -0.800423286 2
0 0.825 -0.435 -0.8062732773 2
0 0.825 -0.425 -0.8120029393 2
0 0.825 -0.415 -0.817611417 2
0 0.825 -0.405 -0.8230978734 2
0 0.825 -0.395 -0.8284614896 2
0 0.825 -0.385 -0.8337014653 2
0 0.825 -0.375 -0.8388170183 2
0 0.825 -0.365 -0.8438073852 2
0 0.825 -0.355 -0.8486718213 2
0 0.825 -0.345 -0.8534096005 2
0 0.825 -0.335 -0.8580200159 2
0 0.825 -0.325 -0.8625023793 2
0 0.825 -0.315 -0.8668560217 2
0 0.825 -0.305 -0.8710802936 2
0 0.825 -0.295 -0.8751745643 2
0 0.825 -0.285 -0.8791382229 2
0 0.825 -0.275 -0.8829706779 2
0 0.825 -0.265 -0.8866713572 2
0 0.825 -0.255 -0.8902397086 2
0 0.825 -0.245 -0.8936751995 2
0 0.825 -0.235 -0.8969773172 2
0 0.825 -0.225 -0.900145569 2
0 0.825 -0.215 -0.9031794819 2
0 0.825 -0.205 -0.9060786032 2
0 0.825 -0.195 -0.9088425003 2
0 0.825 -0.185 -0.9114707605 2
0 0.825 -0.175 -0.9139629918 2
0 0.825 -0.165 -0.916318822 2
0 0.825 -0.155 -0.9185378998 2
0 0.825 -0.145 -0.9206198938 2
0 0.825 -0.135 -0.9225644934 2
0 0.825 -0.125 -0.9243714083 2
0 0.825 -0.115 -0.9260403689 2
0 0.825 -0.105 -0.9275711261 2
0 0.825 -0.095 -0.9289634514 2
0 0.825 -0.085 -0.9302171371 2
0 0.825 -0.075 -0.9313319961 2
0 0.825 -0.065 -0.9323078619 2
0 0.825 -0.055 -0.933144589 2
0 0.825 -0.045 -0.9338420524 2
0 0.825 -0.035 -0.9344001481 2
0 0.825 -0.025 -0.9348187927 2
0 0.825 -0.015 -0.9350979239 1
0 0.825 -0.005 -0.9352374999 1
0 0.825 0.005 -0.9352374999 1
0 0.825 0.015 -0.9350979239 1
0 0.825 0.025 -0.9348187927 1
0 0.825 0.035 -0.9344001481 1
0 0.825 0.045 -0.9338420524 1
0 0.825 0.055 -0.933144589 1
0 0.825 0.065 -0.9323078619 1
0 0.825 0.075 -0.9313319961 1
0 0.825 0.085 -0.9302171371 2
0 0.825 0.095 -0.9289634514 2
0 0.825 0.105 -0.9275711261 2
0 0.825 0.115 -0.9260403689 2
0 0.825 0.125 -0.9243714083 2
0 0.825 0.135 -0.9225644934 2
0 0.825 0.145 -0.9206198938 2
0 0.825 0.155 -0.9185378998 2
0 0.825 0.165 -0.916318822 2
0 0.825 0.175 -0.9139629918 2
0 0.825 0.185 -0.9114707605 2
0 0.825 0.195 -0.9088425003 2
0 0.825 0.205 -0.9060786032 2
0 0.825 0.215 -0.9031794819 2
0 0.825 0.225 -0.900145569 2
0 0.825 0.235 -0.8969773172 2
0 0.825 0.245 -0.8936751995 2
0 0.825 0.255 -0.8902397086 2
0 0.825 0.265 -0.8866713572 2
0 0.825 0.275 -0.8829706779 2
0 0.825 0.285 -0.8791382229 2
0 0.825 0.295 -0.8751745643 2
0 0.825 0.305 -0.8710802936 2
0 0.825 0.315 -0.8668560217 2
0 0.825 0.325 -0.8625023793 2
0 0.825 0.335 -0.8580200159 2
0 0.825 0.345 -0.8534096005 2
0 0.825 0.355 -0.8486718213 2
0 0.825 0.365 -0.8438073852 2
0 0.825 0.375 -0.8388170183 2
0 0.825 0.385 -0.8337014653 2
0 0.825 0.395 -0.8284614896 2
0 0.825 0.405 -0.8230978734 2
0 0.825 0.415 -0.817611417 2
0 0.825 0.425 -0.8120029393 2
0 0.825 0.435 -0.8062732773 2
0 0.825 0.445 -0.800423286 2
0 0.825 0.455 -0.7944538387 2
0 0.825 0.465 -0.788365826 2
0 0.825 0.475 -0.7821601567 2
0 0.825 0.485 -0.7758377568 2
0 0.825 0.495 -0.7693995699 2
0 0.825 0.505 0 2
0 0.825 0.515 0 2
0 0.825 0.525 0 2
0 0.825 0.535 0 2
0 0.825 0.545 0 2
0 0.825 0.555 0 2
0 0.825 0.565 0 2
0 0.835 -0.555 0 2
0 0.835 -0.545 0 2
0 0.835 -0.535 0 2
0 0.835 -0.525 0 2
0 0.835 -0.515 0 2
0 0.835 -0.505 0 2
0 0.835 -0.495 -0.7883014628 2
0 0.835 -0.485 -0.794897817 2
0 0.835 -0.475 -0.8013755397 2
0 0.835 -0.465 -0.8077336642 2
0 0.835 -0.455 -0.8139712415 2
0 0.835 -0.445 -0.8200873407 2
0 0.835 -0.435 -0.8260810491 2
0 0.835 -0.425 -0.8319514721 2
0 0.835 -0.415 -0.8376977337 2
0 0.835 -0.405 -0.8433189762 2
0 0.835 -0.395 -0.8488143608 2
0 0.835 -0.385 -0.8541830672 2
0 0.835 -0.375 -0.8594242944 2
0 0.835 -0.365 -0.86453726 2
0 0.835 -0.355 -0.869521201 2
0 0.835 -0.345 -0.8743753736 2
0 0.835 -0.335 -0.8790990534 2
0 0.835 -0.325 -0.8836915353 2
0 0.835 -0.315 -0.888152134 2
0 0.835 -0.305 -0.8924801838 2
0 0.835 -0.295 -0.8966750388 2
0 0.835 -0.285 -0.9007360729 2
0 0.835 -0.275 -0.90466268 2
0 0.835 -0.265 -0.9084542742 2
0 0.835 -0.255 -0.9121102895 2
0 0.835 -0.245 -0.9156301804 2
0 0.835 -0.235 -0.9190134215 2
0 0.835 -0.225 -0.9222595079 2
0 0.835 -0.215 -0.9253679552 2
0 0.835 -0.205 -0.9283382994 2
0 0.835 -0.195 -0.9311700973 2
0 0.835 -0.185 -0.9338629262 2
0 0.835 -0.175 -0.9364163843 2
0 0.835 -0.165 -0.9388300904 2
0 0.835 -0.155 -0.9411036844 2
0 0.835 -0.145 -0.9432368269 2
0 0.835 -0.135 -0.9452291996 2
0 0.835 -0.125 -0.9470805051 2
0 0.835 -0.115 -0.9487904672 2
0 0.835 -0.105 -0.9503588306 2
0 0.835 -0.095 -0.9517853613 2
0 0.835 -0.085 -0.9530698464 2
0 0.835 -0.075 -0.9542120941 2
0 0.835 -0.065 -0.9552119341 2
0 0.835 -0.055 -0.9560692171 2
0 0.835 -0.045 -0.9567838152 2
0 0.835 -0.035 -0.9573556216 2
0 0.835 -0.025 -0.9577845511 2
0 0.835 -0.015 -0.9580705397 1
0 0.835 -0.005 -0.9582135447 1
0 0.835 0.005 -0.9582135447 1
0 0.835 0.015 -0.9580705397 1
0 0.835 0.025 -0.9577845511 1
0 0.835 0.035 -0.9573556216 1
0 0.835 0.045 -0.9567838152 1
0 0.835 0.055 -0.9560692171 1
0 0.835 0.065 -0.9552119341 1
0 0.835 0.075 -0.9542120941 1
0 0.835 0.085 -0.9530698464 1
0 0.835 0.095 -0.9517853613 2
0 0.835 0.105 -0.9503588306 2
0 0.835 0.115 -0.9487904672 2
0 0.835 0.125 -0.9470805051 2
0 0.835 0.135 -0.9452291996 2
0 0.835 0.145 -0.9432368269 2
0 0.835 0.155 -0.9411036844 2
0 0.835 0.165 -0.9388300904 2
0 0.835 0.175 -0.9364163843 2
0 0.835 0.185 -0.9338629262 2
0 0.835 0.195 -0.9311700973 2
0 0.835 0.205 -0.9283382994 2
0 0.835 0.215 -0.9253679552 2
0 0.835 0.225 -0.9222595079 2
0 0.835 0.235 -0.9190134215 2
0 0.835 0.245 -0.9156301804 2
0 0.835 0.255 -0.9121102895 2
0 0.835 0.265 -0.9084542742 2
0 0.835 0.275 -0.90466268 2
0 0.835 0.285 -0.9007360729 2
0 0.835 0.295 -0.8966750388 2
0 0.835 0.305 -0.8924801838 2
0 0.835 0.315 -0.888152134 2
0 0.835 0.325 -0.8836915353 2
0 0.835 0.335 -0.8790990534 2
0 0.835 0.345 -0.8743753736 2
0 0.835 0.355 -0.869521201 2
0 0.835 0.365 -0.86453726 2
0 0.835 0.375 -0.8594242944 2
0 0.835 0.385 -0.8541830672 2
0 0.835 0.395 -0.8488143608 2
0 0.835 0.405 -0.8433189762 2
0 0.835 0.415 -0.8376977337 2
0 0.835 0.425 -0.8319514721 2
0 0.835 0.435 -0.8260810491 2
0 0.835 0.445 -0.8200873407 2
0 0.835 0.455 -0.8139712415 2
0 0.835 0.465 -0.8077336642 2
0 0.835 0.475 -0.8013755397 2
0 0.835 0.485 -0.794897817 2
0 0.835 0.495 -0.7883014628 2
0 0.835 0.505 0 2
0 0.835 0.515 0 2
0 0.835 0.525 0 2
0 0.835 0.535 0 2
0 0.835 0.545 0 2
0 0.835 0.555 0 2
0 0.835 0.565 0 2
0 0.845 -0.555 0 2
0 0.845 -0.545 0 2
0 0.845 -0.535 0 2
0 0.845 -0.525 0 2
0 0.845 -0.515 0 2
0 0.845 -0.505 0 2
0 0.845 -0.495 -0.8031441408 2
0 0.845 -0.485 -0.8098646957 2
0 0.845 -0.475 -0.8164643854 2
0 0.845 -0.465 -0.822942225 2
0 0.845 -0.455 -0.8292972476 2
0 0.845 -0.445 -0.8355285049 2
0 0.845 -0.435 -0.8416350669 2
0 0.845 -0.425 -0.8476160223 2
0 0.845 -0.415 -0.8534704784 2
0 0.845 -0.405 -0.8591975615 2
0 0.845 -0.395 -0.864796417 2
0 0.845 -0.385 -0.8702662091 2
0 0.845 -0.375 -0.8756061217 2
0 0.845 -0.365 -0.8808153577 2
0 0.845 -0.355 -0.8858931397 2
0 0.845 -0.345 -0.89083871 2
0 0.845 -0.335 -0.8956513304 2
0 0.845 -0.325 -0.9003302827 2
0 0.845 -0.315 -0.9048748687 2
0 0.845 -0.305 -0.9092844099 2
0 0.845 -0.295 -0.9135582485 2
0 0.845 -0.285 -0.9176957465 2
0 0.845 -0.275 -0.9216962865 2
0 0.845 -0.265 -0.9255592714 2
0 0.845 -0.255 -0.9292841247 2
0 0.845 -0.245 -0.9328702904 2
0 0.845 -0.235 -0.9363172335 2
0 0.845 -0.225 -0.9396244395 2
0 0.845 -0.215 -0.9427914147 2
0 0.845 -0.205 -0.9458176866 2
0 0.845 -0.195 -0.9487028035 2
0 0.845 -0.185 -0.9514463348 2
0 0.845 -0.175 -0.9540478711 2
0 0.845 -0.165 -0.9565070242 2
0 0.845 -0.155 -0.9588234269 2
0 0.845 -0.145 -0.9609967337 2
0 0.845 -0.135 -0.9630266202 2
0 0.845 -0.125 -0.9649127833 2
0 0.845 -0.115 -0.9666549417 2
0 0.845 -0.105 -0.9682528354 2
0 0.845 -0.095 -0.9697062258 2
0 0.845 -0.085 -0.971014896 2
0 0.845 -0.075 -0.9721786508 2
0 0.845 -0.065 -0.9731973165 2
0 0.845 -0.055 -0.974070741 2
0 0.845 -0.045 -0.9747987939 2
0 0.845 -0.035 -0.9753813668 2
0 0.845 -0.025 -0.9758183725 2
0 0.845 -0.015 -0.9761097458 1
0 0.845 -0.005 -0.9762554434 1
0 0.845 0.005 -0.9762554434 1
0 0.845 0.015 -0.9761097458 1
0 0.845 0.025 -0.9758183725 1
0 0.845 0.035 -0.9753813668 1
0 0.845 0.045 -0.9747987939 1
0 0.845 0.055 -0.974070741 1
0 0.845 0.065 -0.9731973165 1
0 0.845 0.075 -0.9721786508 1
0 0.845 0.085 -0.971014896 1
0 0.845 0.095 -0.9697062258 2
0 0.845 0.105 -0.9682528354 2
0 0.845 0.115 -0.9666549417 2
0 0.845 0.125 -0.9649127833 2
0 0.845 0.135 -0.9630266202 2
0 0.845 0.145 -0.9609967337 2
0 0.845 0.155 -0.9588234269 2
0 0.845 0.165 -0.9565070242 2
0 0.845 0.175 -0.9540478711 2
0 0.845 0.185 -0.9514463348 2
0 0.845 0.195 -0.9487028035 2
0 0.845 0.205 -0.9458176866 2
0 0.845 0.215 -0.9427914147 2
0 0.845 0.225 -0.9396244395 2
0 0.845 0.235 -0.9363172335 2
0 0.845 0.245 -0.9328702904 2
0 0.845 0.255 -0.9292841247 2
0 0.845 0.265 -0.9255592714 2
0 0.845 0.275 -0.9216962865 2
0 0.845 0.285 -0.9176957465 2
0 0.845 0.295 -0.9135582485 2
0 0.845 0.305 -0.9092844099 2
0 0.845 0.315 -0.9048748687 2
0 0.845 0.325 -0.9003302827 2
0 0.845 0.335 -0.8956513304 2
0 0.845 0.345 -0.89083871 2
0 0.845 0.355 -0.8858931397 2
0 0.845 0.365 -0.8808153577 2
0 0.845 0.375 -0.8756061217 2
0 0.845 0.385 -0.8702662091 2
0 0.845 0.395 -0.864796417 2
0 0.845 0.405 -0.8591975615 2
0 0.845 0.415 -0.8534704784 2
0 0.845 0.425 -0.8476160223 2
0 0.845 0.435 -0.8416350669 2
0 0.845 0.445 -0.8355285049 2
0 0.845 0.455 -0.8292972476 2
0 0.845 0.465 -0.822942225 2
0 0.845 0.475 -0.8164643854 2
0 0.845 0.485 -0.8098646957 2
0 0.845 0.495 -0.8031441408 2
0 0.845 0.505 0 2
0 0.845 0.515 0 2
0 0.845 0.525 0 2
0 0.845 0.535 0 2
0 0.845 0.545 0 2
0 0.845 0.555 0 2
0 0.845 0.565 0 2
0 0.855 -0.555 0 1
0 0.855 -0.545 0 1
0 0.855 -0.535 0 2
0 0.855 -0.525 0 2
0 0.855 -0.515 0 2
0 0.855 -0.505 0 2
0 0.855 -0.495 -0.8138511744 2
0 0.855 -0.485 -0.8206613237 2
0 0.855 -0.475 -0.8273489965 2
0 0.855 -0.465 -0.8339131947 2
0 0.855 -0.455 -0.8403529386 2
0 0.855 -0.445 -0.8466672673 2
0 0.855 -0.435 -0.8528552383 2
0 0.855 -0.425 -0.8589159282 2
0 0.855 -0.415 -0.8648484324 2
0 0.855 -0.405 -0.8706518655 2
0 0.855 -0.395 -0.8763253615 2
0 0.855 -0.385 -0.8818680736 2
0 0.855 -0.375 -0.8872791747 2
0 0.855 -0.365 -0.8925578571 2
0 0.855 -0.355 -0.8977033331 2
0 0.855 -0.345 -0.9027148347 2
0 0.855 -0.335 -0.9075916141 2
0 0.855 -0.325 -0.9123329434 2
0 0.855 -0.315 -0.916938115 2
0 0.855 -0.305 -0.9214064416 2
0 0.855 -0.295 -0.9257372564 2
0 0.855 -0.285 -0.929929913 2
0 0.855 -0.275 -0.9339837858 2
0 0.855 -0.265 -0.9378982697 2
0 0.855 -0.255 -0.9416727805 2
0 0.855 -0.245 -0.9453067548 2
0 0.855 -0.235 -0.9487996505 2
0 0.855 -0.225 -0.9521509461 2
0 0.855 -0.215 -0.9553601416 2
0 0.855 -0.205 -0.9584267579 2
0 0.855 -0.195 -0.9613503374 2
0 0.855 -0.185 -0.9641304439 2
0 0.855 -0.175 -0.9667666623 2
0 0.855 -0.165 -0.9692585993 2
0 0.855 -0.155 -0.9716058829 2
0 0.855 -0.145 -0.9738081629 2
0 0.855 -0.135 -0.9758651106 2
0 0.855 -0.125 -0.9777764189 2
0 0.855 -0.115 -0.9795418027 2
0 0.855 -0.105 -0.9811609985 2
0 0.855 -0.095 -0.9826337646 2
0 0.855 -0.085 -0.9839598813 2
0 0.855 -0.075 -0.9851391506 2
0 0.855 -0.065 -0.9861713965 2
0 0.855 -0.055 -0.9870564649 2
0 0.855 -0.045 -0.9877942239 2
0 0.855 -0.035 -0.9883845632 2
0 0.855 -0.025 -0.9888273948 2
0 0.855 -0.015 -0.9891226526 1
0 0.855 -0.005 -0.9892702925 1
0 0.855 0.005 -0.9892702925 1
0 0.855 0.015 -0.9891226526 1
0 0.855 0.025 -0.9888273948 1
0 0.855 0.035 -0.9883845632 1
0 0.855 0.045 -0.9877942239 1
0 0.855 0.055 -0.9870564649 1
0 0.855 0.065 -0.9861713965 1
0 0.855 0.075 -0.9851391506 1
0 0.855 0.085 -0.9839598813 1
0 0.855 0.095 -0.9826337646 2
0 0.855 0.105 -0.9811609985 2
0 0.855 0.115 -0.9795418027 2
0 0.855 0.125 -0.9777764189 2
0 0.855 0.135 -0.9758651106 2
0 0.855 0.145 -0.9738081629 2
0 0.855 0.155 -0.9716058829 2
0 0.855 0.165 -0.9692585993 2
0 0.855 0.175 -0.9667666623 2
0 0.855 0.185 -0.9641304439 2
0 0.855 0.195 -0.9613503374 2
0 0.855 0.205 -0.9584267579 2
0 0.855 0.215 -0.9553601416 2
0 0.855 0.225 -0.9521509461 2
0 0.855 0.235 -0.9487996505 2
0 0.855 0.245 -0.9453067548 2
0 0.855 0.255 -0.9416727805 2
0 0.855 0.265 -0.9378982697 2
0 0.855 0.275 -0.9339837858 2
0 0.855 0.285 -0.929929913 2
0 0.855 0.295 -0.9257372564 2
0 0.855 0.305 -0.9214064416 2
0 0.855 0.315 -0.916938115 2
0 0.855 0.325 -0.9123329434 2
0 0.855 0.335 -0.9075916141 2
0 0.855 0.345 -0.9027148347 2
0 0.855 0.355 -0.8977033331 2
0 0.855 0.365 -0.8925578571 2
0 0.855 0.375 -0.8872791747 2
0 0.855 0.385 -0.8818680736 2
0 0.855 0.395 -0.8763253615 2
0 0.855 0.405 -0.8706518655 2
0 0.855 0.415 -0.8648484324 2
0 0.855 0.425 -0.8589159282 2
0 0.855 0.435 -0.8528552383 2
0 0.855 0.445 -0.8466672673 2
0 0.855 0.455 -0.8403529386 2
0 0.855 0.465 -0.8339131947 2
0 0.855 0.475 -0.8273489965 2
0 0.855 0.485 -0.8206613237 2
0 0.855 0.495 -0.8138511744 2
0 0.855 0.505 0 2
0 0.855 0.515 0 2
0 0.855 0.525 0 2
0 0.855 0.535 0 2
0 0.855 0.545 0 2
0 0.855 0.555 0 2
0 0.855 0.565 0 2
0 0.865 -0.555 0 1
0 0.865 -0.545 0 1
0 0.865 -0.535 0 2
0 0.865 -0.525 0 2
0 0.865 -0.515 0 2
0 0.865 -0.505 0 2
0 0.865 -0.495 -0.8203674296 2
0 0.865 -0.485 -0.8272321056 2
0 0.865 -0.475 -0.8339733245 2
0 0.865 -0.465 -0.8405900802 2
0 0.865 -0.455 -0.8470813853 2
0 0.865 -0.445 -0.8534462708 2
0 0.865 -0.435 -0.859683787 2
0 0.865 -0.425 -0.8657930029 2
0 0.865 -0.415 -0.8717730068 2
0 0.865 -0.405 -0.8776229063 2
0 0.865 -0.395 -0.8833418282 2
0 0.865 -0.385 -0.8889289191 2
0 0.865 -0.375 -0.8943833452 2
0 0.865 -0.365 -0.8997042924 2
0 0.865 -0.355 -0.9048909666 2
0 0.865 -0.345 -0.9099425938 2
0 0.865 -0.335 -0.91485842 2
0 0.865 -0.325 -0.9196377117 2
0 0.865 -0.315 -0.9242797555 2
0 0.865 -0.305 -0.9287838586 2
0 0.865 -0.295 -0.9331493489 2
0 0.865 -0.285 -0.9373755749 2
0 0.865 -0.275 -0.9414619057 2
0 0.865 -0.265 -0.9454077317 2
0 0.865 -0.255 -0.9492124638 2
0 0.865 -0.245 -0.9528755343 2
0 0.865 -0.235 -0.9563963965 2
0 0.865 -0.225 -0.9597745249 2
0 0.865 -0.215 -0.9630094154 2
0 0.865 -0.205 -0.9661005851 2
0 0.865 -0.195 -0.9690475729 2
0 0.865 -0.185 -0.9718499388 2
0 0.865 -0.175 -0.9745072646 2
0 0.865 -0.165 -0.9770191537 2
0 0.865 -0.155 -0.9793852314 2
0 0.865 -0.145 -0.9816051443 2
0 0.865 -0.135 -0.9836785613 2
0 0.865 -0.125 -0.985605173 2
0 0.865 -0.115 -0.9873846916 2
0 0.865 -0.105 -0.9890168518 2
0 0.865 -0.095 -0.9905014099 2
0 0.865 -0.085 -0.9918381444 2
0 0.865 -0.075 -0.9930268557 2
0 0.865 -0.065 -0.9940673665 2
0 0.865 -0.055 -0.9949595214 2
0 0.865 -0.045 -0.9957031874 2
0 0.865 -0.035 -0.9962982534 2
0 0.865 -0.025 -0.9967446306 2
0 0.865 -0.015 -0.9970422524 2
0 0.865 -0.005 -0.9971910744 1
0 0.865 0.005 -0.9971910744 1
0 0.865 0.015 -0.9970422524 1
0 0.865 0.025 -0.9967446306 1
0 0.865 0.035 -0.9962982534 1
0 0.865 0.045 -0.9957031874 1
0 0.865 0.055 -0.9949595214 1
0 0.865 0.065 -0.9940673665 1
0 0.865 0.075 -0.9930268557 1
0 0.865 0.085 -0.9918381444 1
0 0.865 0.095 -0.9905014099 2
0 0.865 0.105 -0.9890168518 2
0 0.865 0.115 -0.9873846916 2
0 0.865 0.125 -0.985605173 2
0 0.865 0.135 -0.9836785613 2
0 0.865 0.145 -0.9816051443 2
0 0.865 0.155 -0.9793852314 2
0 0.865 0.165 -0.9770191537 2
0 0.865 0.175 -0.9745072646 2
0 0.865 0.185 -0.9718499388 2
0 0.865 0.195 -0.9690475729 2
0 0.865 0.205 -0.9661005851 2
0 0.865 0.215 -0.9630094154 2
0 0.865 0.225 -0.9597745249 2
0 0.865 0.235 -0.9563963965 2
0 0.865 0.245 -0.9528755343 2
0 0.865 0.255 -0.9492124638 2
0 0.865 0.265 -0.9454077317 2
0 0.865 0.275 -0.9414619057 2
0 0.865 0.285 -0.9373755749 2
0 0.865 0.295 -0.9331493489 2
0 0.865 0.305 -0.9287838586 2
0 0.865 0.315 -0.9242797555 2
0 0.865 0.325 -0.9196377117 2
0 0.865 0.335 -0.91485842 2
0 0.865 0.345 -0.9099425938 2
0 0.865 0.355 -0.9048909666 2
0 0.865 0.365 -0.8997042924 2
0 0.865 0.375 -0.8943833452 2
0 0.865 0.385 -0.8889289191 2
0 0.865 0.395 -0.8833418282 2
0 0.865 0.405 -0.8776229063 2
0 0.865 0.415 -0.8717730068 2
0 0.865 0.425 -0.8657930029 2
0 0.865 0.435 -0.859683787 2
0 0.865 0.445 -0.8534462708 2
0 0.865 0.455 -0.8470813853 2
0 0.865 0.465 -0.8405900802 2
0 0.865 0.475 -0.8339733245 2
0 0.865 0.485 -0.8272321056 2
0 0.865 0.495 -0.8203674296 2
0 0.865 0.505 0 2
0 0.865 0.515 0 2
0 0.865 0.525 0 2
0 0.865 0.535 0 2
0 0.865 0.545 0 2
0 0.865 0.555 0 2
0 0.865 0.565 0 2
0 0.875 -0.555 0 1
0 0.875 -0.545 0 1
0 0.875 -0.535 0 2
0 0.875 -0.525 0 2
0 0.875 -0.515 0 2
0 0.875 -0.505 0 2
0 0.875 -0.495 -0.8226593521 2
0 0.875 -0.485 -0.8295432065 2
0 0.875 -0.475 -0.8363032589 2
0 0.875 -0.465 -0.8429385003 2
0 0.875 -0.455 -0.8494479406 2
0 0.875 -0.445 -0.8558306082 2
0 0.875 -0.435 -0.8620855506 2
0 0.875 -0.425 -0.8682118343 2
0 0.875 -0.415 -0.874208545 2
0 0.875 -0.405 -0.8800747878 2
0 0.875 -0.395 -0.8858096871 2
0 0.875 -0.385 -0.8914123871 2
0 0.875 -0.375 -0.8968820516 2
0 0.875 -0.365 -0.9022178643 2
0 0.875 -0.355 -0.9074190289 2
0 0.875 -0.345 -0.9124847692 2
0 0.875 -0.335 -0.9174143292 1
0 0.875 -0.325 -0.9222069731 1
0 0.875 -0.315 -0.9268619857 2
0 0.875 -0.305 -0.9313786723 2
0 0.875 -0.295 -0.9357563588 2
0 0.875 -0.285 -0.9399943919 2
0 0.875 -0.275 -0.944092139 2
0 0.875 -0.265 -0.9480489887 2
0 0.875 -0.255 -0.9518643504 2
0 0.875 -0.245 -0.9555376547 2
0 0.875 -0.235 -0.9590683534 2
0 0.875 -0.225 -0.9624559195 2
0 0.875 -0.215 -0.9656998476 2
0 0.875 -0.205 -0.9687996534 2
0 0.875 -0.195 -0.9717548744 2
0 0.875 -0.185 -0.9745650694 2
0 0.875 -0.175 -0.9772298192 2
0 0.875 -0.165 -0.979748726 2
0 0.875 -0.155 -0.9821214139 2
0 0.875 -0.145 -0.9843475288 2
0 0.875 -0.135 -0.9864267385 2
0 0.875 -0.125 -0.9883587326 2
0 0.875 -0.115 -0.9901432229 2
0 0.875 -0.105 -0.991779943 2
0 0.875 -0.095 -0.9932686486 2
0 0.875 -0.085 -0.9946091176 2
0 0.875 -0.075 -0.9958011499 2
0 0.875 -0.065 -0.9968445676 2
0 0.875 -0.055 -0.9977392151 2
0 0.875 -0.045 -0.9984849586 2
0 0.875 -0.035 -0.9990816871 2
0 0.875 -0.025 -0.9995293114 2
0 0.875 -0.015 -0.9998277647 2
0 0.875 -0.005 -0.9999770025 2
0 0.875 0.005 -0.9999770025 1
0 0.875 0.015 -0.9998277647 1
0 0.875 0.025 -0.9995293114 1
0 0.875 0.035 -0.9990816871 1
0 0.875 0.045 -0.9984849586 1
0 0.875 0.055 -0.9977392151 1
0 0.875 0.065 -0.9968445676 1
0 0.875 0.075 -0.9958011499 2
0 0.875 0.085 -0.9946091176 2
0 0.875 0.095 -0.9932686486 2
0 0.875 0.105 -0.991779943 2
0 0.875 0.115 -0.9901432229 2
0 0.875 0.125 -0.9883587326 2
0 0.875 0.135 -0.9864267385 2
0 0.875 0.145 -0.9843475288 2
0 0.875 0.155 -0.9821214139 2
0 0.875 0.165 -0.979748726 2
0 0.875 0.175 -0.9772298192 2
0 0.875 0.185 -0.9745650694 2
0 0.875 0.195 -0.9717548744 2
0 0.875 0.205 -0.9687996534 2
0 0.875 0.215 -0.9656998476 2
0 0.875 0.225 -0.9624559195 2
0 0.875 0.235 -0.9590683534 2
0 0.875 0.245 -0.9555376547 2
0 0.875 0.255 -0.9518643504 2
0 0.875 0.265 -0.9480489887 2
0 0.875 0.275 -0.944092139 2
0 0.875 0.285 -0.9399943919 2
0 0.875 0.295 -0.9357563588 2
0 0.875 0.305 -0.9313786723 2
0 0.875 0.315 -0.9268619857 2
0 0.875 0.325 -0.9222069731 2
0 0.875 0.335 -0.9174143292 2
0 0.875 0.345 -0.9124847692 2
0 0.875 0.355 -0.9074190289 2
0 0.875 0.365 -0.9022178643 2
0 0.875 0.375 -0.8968820516 2
0 0.875 0.385 -0.8914123871 2
0 0.875 0.395 -0.8858096871 2
0 0.875 0.405 -0.8800747878 2
0 0.875 0.415 -0.874208545 2
0 0.875 0.425 -0.8682118343 2
0 0.875 0.435 -0.8620855506 2
0 0.875 0.445 -0.8558306082 2
0 0.875 0.455 -0.8494479406 2
0 0.875 0.465 -0.8429385003 2
0 0.875 0.475 -0.8363032589 2
0 0.875 0.485 -0.8295432065 2
0 0.875 0.495 -0.8226593521 2
0 0.875 0.505 0 2
0 0.875 0.515 0 2
0 0.875 0.525 0 2
0 0.875 0.535 0 2
0 0.875 0.545 0 2
0 0.875 0.555 0 2
0 0.875 0.565 0 2
0 0.885 -0.555 0 1
0 0.885 -0.545 0 1
0 0.885 -0.535 0 2
0 0.885 -0.525 0 2
0 0.885 -0.515 0 2
0 0.885 -0.505 0 2
0 0.885 -0.495 -0.8207151401 2
0 0.885 -0.485 -0.8275827257 2
0 0.885 -0.475 -0.8343268019 2
0 0.885 -0.465 -0.8409463621 2
0 0.885 -0.455 -0.8474404184 2
0 0.885 -0.445 -0.8538080017 2
0 0.885 -0.435 -0.8600481617 2
0 0.885 -0.425 -0.866159967 2
0 0.885 -0.415 -0.8721425055 2
0 0.885 -0.405 -0.8779948844 2
0 0.885 -0.395 -0.8837162303 2
0 0.885 -0.385 -0.8893056893 2
0 0.885 -0.375 -0.8947624272 2
0 0.885 -0.365 -0.9000856296 2
0 0.885 -0.355 -0.9052745022 1
0 0.885 -0.345 -0.9103282705 1
0 0.885 -0.335 -0.9152461803 1
0 0.885 -0.325 -0.9200274977 1
0 0.885 -0.315 -0.924671509 1
0 0.885 -0.305 -0.9291775212 1
0 0.885 -0.295 -0.9335448618 1
0 0.885 -0.285 -0.937772879 2
0 0.885 -0.275 -0.9418609418 2
0 0.885 -0.265 -0.9458084402 2
0 0.885 -0.255 -0.9496147849 2
0 0.885 -0.245 -0.953279408 2
0 0.885 -0.235 -0.9568017625 2
0 0.885 -0.225 -0.9601813227 2
0 0.885 -0.215 -0.9634175843 2
0 0.885 -0.205 -0.9665100643 2
0 0.885 -0.195 -0.9694583011 2
0 0.885 -0.185 -0.9722618548 2
0 0.885 -0.175 -0.9749203069 2
0 0.885 -0.165 -0.9774332607 2
0 0.885 -0.155 -0.9798003412 2
0 0.885 -0.145 -0.982021195 2
0 0.885 -0.135 -0.9840954909 2
0 0.885 -0.125 -0.9860229191 2
0 0.885 -0.115 -0.987803192 2
0 0.885 -0.105 -0.989436044 2
0 0.885 -0.095 -0.9909212313 2
0 0.885 -0.085 -0.9922585323 2
0 0.885 -0.075 -0.9934477475 2
0 0.885 -0.065 -0.9944886993 2
0 0.885 -0.055 -0.9953812323 2
0 0.885 -0.045 -0.9961252135 2
0 0.885 -0.035 -0.9967205317 2
0 0.885 -0.025 -0.9971670981 2
0 0.885 -0.015 -0.9974648461 2
0 0.885 -0.005 -0.9976137312 1
0 0.885 0.005 -0.9976137312 1
0 0.885 0.015 -0.9974648461 1
0 0.885 0.025 -0.9971670981 2
0 0.885 0.035 -0.9967205317 2
0 0.885 0.045 -0.9961252135 2
0 0.885 0.055 -0.9953812323 2
0 0.885 0.065 -0.9944886993 2
0 0.885 0.075 -0.9934477475 2
0 0.885 0.085 -0.9922585323 2
0 0.885 0.095 -0.9909212313 2
0 0.885 0.105 -0.989436044 2
0 0.885 0.115 -0.987803192 2
0 0.885 0.125 -0.9860229191 2
0 0.885 0.135 -0.9840954909 2
0 0.885 0.145 -0.982021195 2
0 0.885 0.155 -0.9798003412 2
0 0.885 0.165 -0.9774332607 2
0 0.885 0.175 -0.9749203069 2
0 0.885 0.185 -0.9722618548 2
0 0.885 0.195 -0.9694583011 2
0 0.885 0.205 -0.9665100643 2
0 0.885 0.215 -0.9634175843 2
0 0.885 0.225 -0.9601813227 2
0 0.885 0.235 -0.9568017625 2
0 0.885 0.245 -0.953279408 2
0 0.885 0.255 -0.9496147849 2
0 0.885 0.265 -0.9458084402 2
0 0.885 0.275 -0.9418609418 1
0 0.885 0.285 -0.937772879 1
0 0.885 0.295 -0.9335448618 1
0 0.885 0.305 -0.9291775212 1
0 0.885 0.315 -0.924671509 1
0 0.885 0.325 -0.9200274977 2
0 0.885 0.335 -0.9152461803 2
0 0.885 0.345 -0.9103282705 2
0 0.885 0.355 -0.9052745022 2
0 0.885 0.365 -0.9000856296 2
0 0.885 0.375 -0.8947624272 2
0 0.885 0.385 -0.8893056893 2
0 0.885 0.395 -0.8837162303 2
0 0.885 0.405 -0.8779948844 2
0 0.885 0.415 -0.8721425055 2
0 0.885 0.425 -0.866159967 2
0 0.885 0.435 -0.8600481617 2
0 0.885 0.445 -0.8538080017 2
0 0.885 0.455 -0.8474404184 1
0 0.885 0.465 -0.8409463621 1
0 0.885 0.475 -0.8343268019 1
0 0.885 0.485 -0.8275827257 1
0 0.885 0.495 -0.8207151401 1
0 0.885 0.505 0 2
0 0.885 0.515 0 2
0 0.885 0.525 0 2
0 0.885 0.535 0 2
0 0.885 0.545 0 2
0 0.885 0.555 0 2
0 0.885 0.565 0 2
0 0.895 -0.555 0 1
0 0.895 -0.545 0 1
0 0.895 -0.535 0 2
0 0.895 -0.525 0 2
0 0.895 -0.515 0 2
0 0.895 -0.505 0 2
0 0.895 -0.495 -0.814544805 2
0 0.895 -0.485 -0.8213607584 2
0 0.895 -0.475 -0.828054131 2
0 0.895 -0.465 -0.8346239238 2
0 0.895 -0.455 -0.8410691562 2
0 0.895 -0.445 -0.8473888665 2
0 0.895 -0.435 -0.8535821114 2
0 0.895 -0.425 -0.8596479667 2
0 0.895 -0.415 -0.865585527 2
0 0.895 -0.405 -0.8713939063 2
0 0.895 -0.395 -0.8770722377 2
0 0.895 -0.385 -0.8826196738 2
0 0.895 -0.375 -0.8880353866 2
0 0.895 -0.365 -0.893318568 1
0 0.895 -0.355 -0.8984684294 1
0 0.895 -0.345 -0.9034842022 1
0 0.895 -0.335 -0.908365138 1
0 0.895 -0.325 -0.9131105082 1
0 0.895 -0.315 -0.9177196047 1
0 0.895 -0.305 -0.9221917396 1
0 0.895 -0.295 -0.9265262455 1
0 0.895 -0.285 -0.9307224755 1
0 0.895 -0.275 -0.9347798033 1
0 0.895 -0.265 -0.9386976234 2
0 0.895 -0.255 -0.9424753511 2
0 0.895 -0.245 -0.9461124227 2
0 0.895 -0.235 -0.9496082952 2
0 0.895 -0.225 -0.9529624471 2
0 0.895 -0.215 -0.9561743777 2
0 0.895 -0.205 -0.9592436076 2
0 0.895 -0.195 -0.9621696789 2
0 0.895 -0.185 -0.9649521548 2
0 0.895 -0.175 -0.96759062 2
0 0.895 -0.165 -0.9700846808 2
0 0.895 -0.155 -0.972433965 2
0 0.895 -0.145 -0.974638122 2
0 0.895 -0.135 -0.9766968227 2
0 0.895 -0.125 -0.9786097601 2
0 0.895 -0.115 -0.9803766485 2
0 0.895 -0.105 -0.9819972243 2
0 0.895 -0.095 -0.9834712456 2
0 0.895 -0.085 -0.9847984925 2
0 0.895 -0.075 -0.9859787668 2
0 0.895 -0.065 -0.9870118925 2
0 0.895 -0.055 -0.9878977153 2
0 0.895 -0.045 -0.988636103 2
0 0.895 -0.035 -0.9892269455 2
0 0.895 -0.025 -0.9896701545 1
0 0.895 -0.015 -0.9899656639 1
0 0.895 -0.005 -0.9901134296 1
0 0.895 0.005 -0.9901134296 1
0 0.895 0.015 -0.9899656639 1
0 0.895 0.025 -0.9896701545 1
0 0.895 0.035 -0.9892269455 1
0 0.895 0.045 -0.988636103 1
0 0.895 0.055 -0.9878977153 1
0 0.895 0.065 -0.9870118925 2
0 0.895 0.075 -0.9859787668 2
0 0.895 0.085 -0.9847984925 2
0 0.895 0.095 -0.9834712456 2
0 0.895 0.105 -0.9819972243 2
0 0.895 0.115 -0.9803766485 2
0 0.895 0.125 -0.9786097601 2
0 0.895 0.135 -0.9766968227 2
0 0.895 0.145 -0.974638122 2
0 0.895 0.155 -0.972433965 1
0 0.895 0.165 -0.9700846808 1
0 0.895 0.175 -0.96759062 1
0 0.895 0.185 -0.9649521548 2
0 0.895 0.195 -0.9621696789 2
0 0.895 0.205 -0.9592436076 2
0 0.895 0.215 -0.9561743777 2
0 0.895 0.225 -0.9529624471 2
0 0.895 0.235 -0.9496082952 2
0 0.895 0.245 -0.9461124227 2
0 0.895 0.255 -0.9424753511 2
0 0.895 0.265 -0.9386976234 1
0 0.895 0.275 -0.9347798033 1
0 0.895 0.285 -0.9307224755 1
0 0.895 0.295 -0.9265262455 1
0 0.895 0.305 -0.9221917396 1
0 0.895 0.315 -0.9177196047 1
0 0.895 0.325 -0.9131105082 1
0 0.895 0.335 -0.908365138 1
0 0.895 0.345 -0.9034842022 2
0 0.895 0.355 -0.8984684294 2
0 0.895 0.365 -0.893318568 2
0 0.895 0.375 -0.8880353866 2
0 0.895 0.385 -0.8826196738 2
0 0.895 0.395 -0.8770722377 2
0 0.895 0.405 -0.8713939063 2
0 0.895 0.415 -0.865585527 2
0 0.895 0.425 -0.8596479667 2
0 0.895 0.435 -0.8535821114 2
0 0.895 0.445 -0.8473888665 1
0 0.895 0.455 -0.8410691562 1
0 0.895 0.465 -0.8346239238 1
0 0.895 0.475 -0.828054131 1
0 0.895 0.485 -0.8213607584 1
0 0.895 0.495 -0.814544805 1
0 0.895 0.505 0 1
0 0.895 0.515 0 1
0 0.895 0.525 0 2
0 0.895 0.535 0 2
0 0.895 0.545 0 2
0 0.895 0.555 0 2
0 0.895 0.565 0 2
0 0.905 -0.555 0 2
0 0.905 -0.545 0 2
0 0.905 -0.535 0 2
0 0.905 -0.525 0 2
0 0.905 -0.515 0 2
0 0.905 -0.505 0 2
0 0.905 -0.495 -0.8041801198 2
0 0.905 -0.485 -0.8109093435 2
0 0.905 -0.475 -0.8175175462 2
0 0.905 -0.465 -0.8240037416 2
0 0.905 -0.455 -0.8303669616 2
0 0.905 -0.445 -0.8366062566 2
0 0.905 -0.435 -0.8427206955 2
0 0.905 -0.425 -0.8487093657 2
0 0.905 -0.415 -0.8545713735 2
0 0.905 -0.405 -0.860305844 2
0 0.905 -0.395 -0.8659119214 2
0 0.905 -0.385 -0.8713887691 2
0 0.905 -0.375 -0.8767355696 2
0 0.905 -0.365 -0.8819515251 1
0 0.905 -0.355 -0.887035857 1
0 0.905 -0.345 -0.8919878066 1
0 0.905 -0.335 -0.8968066348 1
0 0.905 -0.325 -0.9014916225 1
0 0.905 -0.315 -0.9060420705 1
0 0.905 -0.305 -0.9104572997 1
0 0.905 -0.295 -0.9147366511 1
0 0.905 -0.285 -0.9188794861 1
0 0.905 -0.275 -0.9228851863 1
0 0.905 -0.265 -0.9267531541 1
0 0.905 -0.255 -0.9304828121 2
0 0.905 -0.245 -0.9340736037 2
0 0.905 -0.235 -0.937524993 2
0 0.905 -0.225 -0.9408364649 2
0 0.905 -0.215 -0.9440075253 2
0 0.905 -0.205 -0.9470377007 2
0 0.905 -0.195 -0.9499265392 2
0 0.905 -0.185 -0.9526736094 2
0 0.905 -0.175 -0.9552785014 2
0 0.905 -0.165 -0.9577408266 2
0 0.905 -0.155 -0.9600602173 2
0 0.905 -0.145 -0.9622363274 2
0 0.905 -0.135 -0.9642688322 2
0 0.905 -0.125 -0.9661574283 2
0 0.905 -0.115 -0.9679018339 2
0 0.905 -0.105 -0.9695017887 2
0 0.905 -0.095 -0.9709570538 2
0 0.905 -0.085 -0.9722674121 2
0 0.905 -0.075 -0.9734326681 2
0 0.905 -0.065 -0.9744526477 2
0 0.905 -0.055 -0.9753271988 2
0 0.905 -0.045 -0.9760561909 2
0 0.905 -0.035 -0.9766395152 1
0 0.905 -0.025 -0.9770770846 1
0 0.905 -0.015 -0.9773688338 1
0 0.905 -0.005 -0.9775147193 1
0 0.905 0.005 -0.9775147193 1
0 0.905 0.015 -0.9773688338 1
0 0.905 0.025 -0.9770770846 1
0 0.905 0.035 -0.9766395152 1
0 0.905 0.045 -0.9760561909 1
0 0.905 0.055 -0.9753271988 1
0 0.905 0.065 -0.9744526477 1
0 0.905 0.075 -0.9734326681 2
0 0.905 0.085 -0.9722674121 2
0 0.905 0.095 -0.9709570538 2
0 0.905 0.105 -0.9695017887 2
0 0.905 0.115 -0.9679018339 2
0 0.905 0.125 -0.9661574283 2
0 0.905 0.135 -0.9642688322 1
0 0.905 0.145 -0.9622363274 1
0 0.905 0.155 -0.9600602173 1
0 0.905 0.165 -0.9577408266 1
0 0.905 0.175 -0.9552785014 1
0 0.905 0.185 -0.9526736094 1
0 0.905 0.195 -0.9499265392 1
0 0.905 0.205 -0.9470377007 1
0 0.905 0.215 -0.9440075253 2
0 0.905 0.225 -0.9408364649 2
0 0.905 0.235 -0.937524993 2
0 0.905 0.245 -0.9340736037 2
0 0.905 0.255 -0.9304828121 2
0 0.905 0.265 -0.9267531541 1
0 0.905 0.275 -0.9228851863 1
0 0.905 0.285 -0.9188794861 1
0 0.905 0.295 -0.9147366511 1
0 0.905 0.305 -0.9104572997 1
0 0.905 0.315 -0.9060420705 1
0 0.905 0.325 -0.9014916225 1
0 0.905 0.335 -0.8968066348 1
0 0.905 0.345 -0.8919878066 1
0 0.905 0.355 -0.887035857 2
0 0.905 0.365 -0.8819515251 2
0 0.905 0.375 -0.8767355696 2
0 0.905 0.385 -0.8713887691 2
0 0.905 0.395 -0.8659119214 2
0 0.905 0.405 -0.860305844 2
0 0.905 0.415 -0.8545713735 2
0 0.905 0.425 -0.8487093657 2
0 0.905 0.435 -0.8427206955 2
0 0.905 0.445 -0.8366062566 1
0 0.905 0.455 -0.8303669616 1
0 0.905 0.465 -0.8240037416 1
0 0.905 0.475 -0.8175175462 1
0 0.905 0.485 -0.8109093435 1
0 0.905 0.495 -0.8041801198 1
0 0.905 0.505 0 1
0 0.905 0.515 0 1
0 0.905 0.525 0 1
0 0.905 0.535 0 1
0 0.905 0.545 0 1
0 0.905 0.555 0 2
0 0.905 0.565 0 2
0 0.915 -0.555 0 2
0 0.915 -0.545 0 2
0 0.915 -0.535 0 2
0 0.915 -0.525 0 2
0 0.915 -0.515 0 2
0 0.915 -0.505 0 2
0 0.915 -0.495 -0.7896744555 2
0 0.915 -0.485 -0.7962822987 2
0 0.915 -0.475 -0.8027713037 2
0 0.915 -0.465 -0.8091405022 2
0 0.915 -0.455 -0.8153889435 2
0 0.915 -0.445 -0.8215156952 2
0 0.915 -0.435 -0.8275198429 2
0 0.915 -0.425 -0.8334004905 2
0 0.915 -0.415 -0.8391567604 2
0 0.915 -0.405 -0.8447877935 2
0 0.915 -0.395 -0.8502927494 2
0 0.915 -0.385 -0.8556708066 2
0 0.915 -0.375 -0.8609211625 2
0 0.915 -0.365 -0.8660430334 1
0 0.915 -0.355 -0.871035655 1
0 0.915 -0.345 -0.8758982822 1
0 0.915 -0.335 -0.8806301892 1
0 0.915 -0.325 -0.8852306699 1
0 0.915 -0.315 -0.8896990377 1
0 0.915 -0.305 -0.8940346257 1
0 0.915 -0.295 -0.8982367869 1
0 0.915 -0.285 -0.9023048941 1
0 0.915 -0.275 -0.9062383403 1
0 0.915 -0.265 -0.9100365383 1
0 0.915 -0.255 -0.9136989213 2
0 0.915 -0.245 -0.9172249428 2
0 0.915 -0.235 -0.9206140766 2
0 0.915 -0.225 -0.9238658167 2
0 0.915 -0.215 -0.926979678 2
0 0.915 -0.205 -0.9299551957 2
0 0.915 -0.195 -0.9327919258 2
0 0.915 -0.185 -0.9354894448 2
0 0.915 -0.175 -0.9380473502 2
0 0.915 -0.165 -0.9404652604 2
0 0.915 -0.155 -0.9427428143 2
0 0.915 -0.145 -0.9448796721 2
0 0.915 -0.135 -0.9468755149 2
0 0.915 -0.125 -0.9487300449 2
0 0.915 -0.115 -0.9504429852 2
0 0.915 -0.105 -0.9520140803 2
0 0.915 -0.095 -0.9534430956 2
0 0.915 -0.085 -0.9547298179 2
0 0.915 -0.075 -0.9558740551 2
0 0.915 -0.065 -0.9568756365 2
0 0.915 -0.055 -0.9577344126 2
0 0.915 -0.045 -0.9584502553 1
0 0.915 -0.035 -0.9590230577 1
0 0.915 -0.025 -0.9594527343 1
0 0.915 -0.015 -0.959739221 1
0 0.915 -0.005 -0.959882475 1
0 0.915 0.005 -0.959882475 1
0 0.915 0.015 -0.959739221 1
0 0.915 0.025 -0.9594527343 1
0 0.915 0.035 -0.9590230577 1
0 0.915 0.045 -0.9584502553 1
0 0.915 0.055 -0.9577344126 1
0 0.915 0.065 -0.9568756365 1
0 0.915 0.075 -0.9558740551 2
0 0.915 0.085 -0.9547298179 2
0 0.915 0.095 -0.9534430956 2
0 0.915 0.105 -0.9520140803 2
0 0.915 0.115 -0.9504429852 2
0 0.915 0.125 -0.9487300449 2
0 0.915 0.135 -0.9468755149 1
0 0.915 0.145 -0.9448796721 1
0 0.915 0.155 -0.9427428143 1
0 0.915 0.165 -0.9404652604 1
0 0.915 0.175 -0.9380473502 1
0 0.915 0.185 -0.9354894448 1
0 0.915 0.195 -0.9327919258 1
0 0.915 0.205 -0.9299551957 1
0 0.915 0.215 -0.926979678 1
0 0.915 0.225 -0.9238658167 2
0 0.915 0.235 -0.9206140766 2
0 0.915 0.245 -0.9172249428 2
0 0.915 0.255 -0.9136989213 2
0 0.915 0.265 -0.9100365383 2
0 0.915 0.275 -0.9062383403 1
0 0.915 0.285 -0.9023048941 1
0 0.915 0.295 -0.8982367869 1
0 0.915 0.305 -0.8940346257 1
0 0.915 0.315 -0.8896990377 1
0 0.915 0.325 -0.8852306699 1
0 0.915 0.335 -0.8806301892 1
0 0.915 0.345 -0.8758982822 1
0 0.915 0.355 -0.871035655 1
0 0.915 0.365 -0.8660430334 2
0 0.915 0.375 -0.8609211625 2
0 0.915 0.385 -0.8556708066 2
0 0.915 0.395 -0.8502927494 2
0 0.915 0.405 -0.8447877935 2
0 0.915 0.415 -0.8391567604 2
0 0.915 0.425 -0.8334004905 2
0 0.915 0.435 -0.8275198429 2
0 0.915 0.445 -0.8215156952 1
0 0.915 0.455 -0.8153889435 1
0 0.915 0.465 -0.8091405022 1
0 0.915 0.475 -0.8027713037 1
0 0.915 0.485 -0.7962822987 1
0 0.915 0.495 -0.7896744555 1
0 0.915 0.505 0 1
0 0.915 0.515 0 1
0 0.915 0.525 0 1
0 0.915 0.535 0 1
0 0.915 0.545 0 1
0 0.915 0.555 0 1
0 0.915 0.565 0 2
0 0.925 -0.555 0 2
0 0.925 -0.545 0 2
0 0.925 -0.535 0 2
0 0.925 -0.525 0 2
0 0.925 -0.515 0 2
0 0.925 -0.505 0 2
0 0.925 -0.495 -0.7711025064 2
0 0.925 -0.485 -0.7775549431 2
0 0.925 -0.475 -0.7838913366 2
0 0.925 -0.465 -0.7901107411 2
0 0.925 -0.455 -0.7962122286 2
0 0.925 -0.445 -0.8021948883 2
0 0.925 -0.435 -0.8080578275 2
0 0.925 -0.425 -0.8138001712 2
0 0.925 -0.415 -0.8194210623 2
0 0.925 -0.405 -0.824919662 2
0 0.925 -0.395 -0.8302951497 2
0 0.925 -0.385 -0.8355467232 2
0 0.925 -0.375 -0.8406735986 2
0 0.925 -0.365 -0.8456750109 1
0 0.925 -0.355 -0.8505502135 1
0 0.925 -0.345 -0.8552984791 1
0 0.925 -0.335 -0.8599190988 1
0 0.925 -0.325 -0.8644113832 1
0 0.925 -0.315 -0.8687746617 1
0 0.925 -0.305 -0.8730082832 1
0 0.925 -0.295 -0.877111616 1
0 0.925 -0.285 -0.8810840475 1
0 0.925 -0.275 -0.8849249849 1
0 0.925 -0.265 -0.888633855 1
0 0.925 -0.255 -0.8922101044 2
0 0.925 -0.245 -0.8956531992 2
0 0.925 -0.235 -0.8989626256 2
0 0.925 -0.225 -0.9021378898 2
0 0.925 -0.215 -0.9051785177 2
0 0.925 -0.205 -0.9080840558 2
0 0.925 -0.195 -0.9108540702 2
0 0.925 -0.185 -0.9134881477 2
0 0.925 -0.175 -0.9159858951 2
0 0.925 -0.165 -0.9183469396 2
0 0.925 -0.155 -0.9205709289 2
0 0.925 -0.145 -0.9226575311 2
0 0.925 -0.135 -0.9246064347 2
0 0.925 -0.125 -0.9264173489 2
0 0.925 -0.115 -0.9280900035 2
0 0.925 -0.105 -0.9296241487 2
0 0.925 -0.095 -0.9310195558 2
0 0.925 -0.085 -0.9322760163 2
0 0.925 -0.075 -0.9333933428 2
0 0.925 -0.065 -0.9343713685 2
0 0.925 -0.055 -0.9352099475 2
0 0.925 -0.045 -0.9359089547 1
0 0.925 -0.035 -0.9364682856 1
0 0.925 -0.025 -0.9368878568 1
0 0.925 -0.015 -0.9371676058 1
0 0.925 -0.005 -0.9373074907 1
0 0.925 0.005 -0.9373074907 1
0 0.925 0.015 -0.9371676058 1
0 0.925 0.025 -0.9368878568 1
0 0.925 0.035 -0.9364682856 1
0 0.925 0.045 -0.9359089547 1
0 0.925 0.055 -0.9352099475 1
0 0.925 0.065 -0.9343713685 1
0 0.925 0.075 -0.9333933428 2
0 0.925 0.085 -0.9322760163 2
0 0.925 0.095 -0.9310195558 2
0 0.925 0.105 -0.9296241487 2
0 0.925 0.115 -0.9280900035 2
0 0.925 0.125 -0.9264173489 2
0 0.925 0.135 -0.9246064347 1
0 0.925 0.145 -0.9226575311 1
0 0.925 0.155 -0.9205709289 1
0 0.925 0.165 -0.9183469396 1
0 0.925 0.175 -0.9159858951 1
0 0.925 0.185 -0.9134881477 1
0 0.925 0.195 -0.9108540702 1
0 0.925 0.205 -0.9080840558 1
0 0.925 0.215 -0.9051785177 1
0 0.925 0.225 -0.9021378898 1
0 0.925 0.235 -0.8989626256 2
0 0.925 0.245 -0.8956531992 2
0 0.925 0.255 -0.8922101044 2
0 0.925 0.265 -0.888633855 2
0 0.925 0.275 -0.8849249849 1
0 0.925 0.285 -0.8810840475 1
0 0.925 0.295 -0.877111616 1
0 0.925 0.305 -0.8730082832 1
0 0.925 0.315 -0.8687746617 1
0 0.925 0.325 -0.8644113832 1
0 0.925 0.335 -0.8599190988 1
0 0.925 0.345 -0.8552984791 1
0 0.925 0.355 -0.8505502135 1
0 0.925 0.365 -0.8456750109 2
0 0.925 0.375 -0.8406735986 2
0 0.925 0.385 -0.8355467232 2
0 0.925 0.395 -0.8302951497 2
0 0.925 0.405 -0.824919662 2
0 0.925 0.415 -0.8194210623 2
0 0.925 0.425 -0.8138001712 2
0 0.925 0.435 -0.8080578275 2
0 0.925 0.445 -0.8021948883 2
0 0.925 0.455 -0.7962122286 1
0 0.925 0.465 -0.7901107411 1
0 0.925 0.475 -0.7838913366 1
0 0.925 0.485 -0.7775549431 1
0 0.925 0.495 -0.7711025064 1
0 0.925 0.505 0 1
0 0.925 0.515 0 1
0 0.925 0.525 0 1
0 0.925 0.535 0 1
0 0.925 0.545 0 1
0 0.925 0.555 0 1
0 0.925 0.565 0 1
0 0.935 -0.555 0 2
0 0.935 -0.545 0 2
0 0.935 -0.535 0 2
0 0.935 -0.525 0 2
0 0.935 -0.515 0 2
0 0.935 -0.505 0 2
0 0.935 -0.495 -0.7485599055 2
0 0.935 -0.485 -0.75482371 2
0 0.935 -0.475 -0.7609748638 2
0 0.935 -0.465 -0.7670124487 2
0 0.935 -0.455 -0.7729355638 2
0 0.935 -0.445 -0.778743325 2
0 0.935 -0.435 -0.7844348656 2
0 0.935 -0.425 -0.7900093362 2
0 0.935 -0.415 -0.7954659048 2
0 0.935 -0.405 -0.8008037571 2
0 0.935 -0.395 -0.8060220964 2
0 0.935 -0.385 -0.8111201441 2
0 0.935 -0.375 -0.8160971392 2
0 0.935 -0.365 -0.8209523389 2
0 0.935 -0.355 -0.8256850187 1
0 0.935 -0.345 -0.8302944723 1
0 0.935 -0.335 -0.8347800117 1
0 0.935 -0.325 -0.8391409675 1
0 0.935 -0.315 -0.8433766888 1
0 0.935 -0.305 -0.8474865436 1
0 0.935 -0.295 -0.8514699185 1
0 0.935 -0.285 -0.855326219 1
0 0.935 -0.275 -0.8590548695 1
0 0.935 -0.265 -0.8626553136 1
0 0.935 -0.255 -0.866127014 2
0 0.935 -0.245 -0.8694694525 2
0 0.935 -0.235 -0.8726821304 2
0 0.935 -0.225 -0.8757645681 2
0 0.935 -0.215 -0.8787163056 2
0 0.935 -0.205 -0.8815369024 2
0 0.935 -0.195 -0.8842259376 2
0 0.935 -0.185 -0.8867830098 2
0 0.935 -0.175 -0.8892077374 2
0 0.935 -0.165 -0.8914997585 2
0 0.935 -0.155 -0.8936587312 2
0 0.935 -0.145 -0.8956843331 2
0 0.935 -0.135 -0.897576262 2
0 0.935 -0.125 -0.8993342355 2
0 0.935 -0.115 -0.9009579913 2
0 0.935 -0.105 -0.9024472869 2
0 0.935 -0.095 -0.9038019003 2
0 0.935 -0.085 -0.9050216291 2
0 0.935 -0.075 -0.9061062915 2
0 0.935 -0.065 -0.9070557253 2
0 0.935 -0.055 -0.9078697891 1
0 0.935 -0.045 -0.9085483613 1
0 0.935 -0.035 -0.9090913406 1
0 0.935 -0.025 -0.909498646 1
0 0.935 -0.015 -0.9097702167 1
0 0.935 -0.005 -0.9099060122 1
0 0.935 0.005 -0.9099060122 1
0 0.935 0.015 -0.9097702167 1
0 0.935 0.025 -0.909498646 1
0 0.935 0.035 -0.9090913406 1
0 0.935 0.045 -0.9085483613 1
0 0.935 0.055 -0.9078697891 1
0 0.935 0.065 -0.9070557253 1
0 0.935 0.075 -0.9061062915 2
0 0.935 0.085 -0.9050216291 2
0 0.935 0.095 -0.9038019003 2
0 0.935 0.105 -0.9024472869 2
0 0.935 0.115 -0.9009579913 2
0 0.935 0.125 -0.8993342355 2
0 0.935 0.135 -0.897576262 1
0 0.935 0.145 -0.8956843331 1
0 0.935 0.155 -0.8936587312 1
0 0.935 0.165 -0.8914997585 1
0 0.935 0.175 -0.8892077374 1
0 0.935 0.185 -0.8867830098 1
0 0.935 0.195 -0.8842259376 1
0 0.935 0.205 -0.8815369024 1
0 0.935 0.215 -0.8787163056 1
0 0.935 0.225 -0.8757645681 1
0 0.935 0.235 -0.8726821304 1
0 0.935 0.245 -0.8694694525 2
0 0.935 0.255 -0.866127014 2
0 0.935 0.265 -0.8626553136 2
0 0.935 0.275 -0.8590548695 1
0 0.935 0.285 -0.855326219 1
0 0.935 0.295 -0.8514699185 1
0 0.935 0.305 -0.8474865436 1
0 0.935 0.315 -0.8433766888 1
0 0.935 0.325 -0.8391409675 1
0 0.935 0.335 -0.8347800117 1
0 0.935 0.345 -0.8302944723 1
0 0.935 0.355 -0.8256850187 1
0 0.935 0.365 -0.8209523389 2
0 0.935 0.375 -0.8160971392 2
0 0.935 0.385 -0.8111201441 2
0 0.935 0.395 -0.8060220964 2
0 0.935 0.405 -0.8008037571 2
0 0.935 0.415 -0.7954659048 2
0 0.935 0.425 -0.7900093362 2
0 0.935 0.435 -0.7844348656 2
0 0.935 0.445 -0.778743325 2
0 0.935 0.455 -0.7729355638 1
0 0.935 0.465 -0.7670124487 1
0 0.935 0.475 -0.7609748638 1
0 0.935 0.485 -0.75482371 1
0 0.935 0.495 -0.7485599055 1
0 0.935 0.505 0 1
0 0.935 0.515 0 1
0 0.935 0.525 0 1
0 0.935 0.535 0 1
0 0.935 0.545 0 1
0 0.935 0.555 0 1
0 0.935 0.565 0 1
0 0.945 -0.555 0 2
0 0.945 -0.545 0 2
0 0.945 -0.535 0 2
0 0.945 -0.525 0 2
0 0.945 -0.515 0 2
0 0.945 -0.505 0 2
0 0.945 -0.495 -0.7221627316 2
0 0.945 -0.485 -0.7282056497 2
0 0.945 -0.475 -0.7341398895 2
0 0.945 -0.465 -0.7399645654 2
0 0.945 -0.455 -0.7456788081 2
0 0.945 -0.445 -0.7512817647 2
0 0.945 -0.435 -0.7567725992 2
0 0.945 -0.425 -0.7621504919 2
0 0.945 -0.415 -0.7674146404 2
0 0.945 -0.405 -0.772564259 2
0 0.945 -0.395 -0.7775985791 2
0 0.945 -0.385 -0.7825168495 2
0 0.945 -0.375 -0.7873183361 2
0 0.945 -0.365 -0.7920023224 2
0 0.945 -0.355 -0.7965681092 2
0 0.945 -0.345 -0.8010150153 2
0 0.945 -0.335 -0.8053423769 1
0 0.945 -0.325 -0.8095495482 1
0 0.945 -0.315 -0.8136359013 1
0 0.945 -0.305 -0.8176008265 1
0 0.945 -0.295 -0.8214437318 1
0 0.945 -0.285 -0.8251640439 1
0 0.945 -0.275 -0.8287612075 1
0 0.945 -0.265 -0.8322346858 2
0 0.945 -0.255 -0.8355839603 2
0 0.945 -0.245 -0.8388085313 2
0 0.945 -0.235 -0.8419079174 2
0 0.945 -0.225 -0.8448816562 2
0 0.945 -0.215 -0.8477293038 2
0 0.945 -0.205 -0.8504504353 2
0 0.945 -0.195 -0.8530446445 2
0 0.945 -0.185 -0.8555115442 2
0 0.945 -0.175 -0.8578507664 2
0 0.945 -0.165 -0.8600619618 2
0 0.945 -0.155 -0.8621448006 2
0 0.945 -0.145 -0.8640989718 2
0 0.945 -0.135 -0.8659241838 2
0 0.945 -0.125 -0.8676201642 2
0 0.945 -0.115 -0.86918666 2
0 0.945 -0.105 -0.8706234372 2
0 0.945 -0.095 -0.8719302816 2
0 0.945 -0.085 -0.873106998 2
0 0.945 -0.075 -0.8741534108 2
0 0.945 -0.065 -0.8750693639 2
0 0.945 -0.055 -0.8758547206 1
0 0.945 -0.045 -0.8765093637 1
0 0.945 -0.035 -0.8770331954 1
0 0.945 -0.025 -0.8774261376 1
0 0.945 -0.015 -0.8776881317 1
0 0.945 -0.005 -0.8778191385 1
0 0.945 0.005 -0.8778191385 1
0 0.945 0.015 -0.8776881317 1
0 0.945 0.025 -0.8774261376 1
0 0.945 0.035 -0.8770331954 1
0 0.945 0.045 -0.8765093637 1
0 0.945 0.055 -0.8758547206 1
0 0.945 0.065 -0.8750693639 1
0 0.945 0.075 -0.8741534108 2
0 0.945 0.085 -0.873106998 2
0 0.945 0.095 -0.8719302816 2
0 0.945 0.105 -0.8706234372 2
0 0.945 0.115 -0.86918666 2
0 0.945 0.125 -0.8676201642 2
0 0.945 0.135 -0.8659241838 2
0 0.945 0.145 -0.8640989718 1
0 0.945 0.155 -0.8621448006 1
0 0.945 0.165 -0.8600619618 1
0 0.945 0.175 -0.8578507664 1
0 0.945 0.185 -0.8555115442 1
0 0.945 0.195 -0.8530446445 1
0 0.945 0.205 -0.8504504353 1
0 0.945 0.215 -0.8477293038 1
0 0.945 0.225 -0.8448816562 1
0 0.945 0.235 -0.8419079174 1
0 0.945 0.245 -0.8388085313 2
0 0.945 0.255 -0.8355839603 2
0 0.945 0.265 -0.8322346858 2
0 0.945 0.275 -0.8287612075 2
0 0.945 0.285 -0.8251640439 1
0 0.945 0.295 -0.8214437318 1
0 0.945 0.305 -0.8176008265 1
0 0.945 0.315 -0.8136359013 1
0 0.945 0.325 -0.8095495482 1
0 0.945 0.335 -0.8053423769 1
0 0.945 0.345 -0.8010150153 1
0 0.945 0.355 -0.7965681092 1
0 0.945 0.365 -0.7920023224 1
0 0.945 0.375 -0.7873183361 2
0 0.945 0.385 -0.7825168495 2
0 0.945 0.395 -0.7775985791 2
0 0.945 0.405 -0.772564259 2
0 0.945 0.415 -0.7674146404 2
0 0.945 0.425 -0.7621504919 2
0 0.945 0.435 -0.7567725992 2
0 0.945 0.445 -0.7512817647 2
0 0.945 0.455 -0.7456788081 2
0 0.945 0.465 -0.7399645654 1
0 0.945 0.475 -0.7341398895 1
0 0.945 0.485 -0.7282056497 1
0 0.945 0.495 -0.7221627316 1
0 0.945 0.505 0 1
0 0.945 0.515 0 1
0 0.945 0.525 0 1
0 0.945 0.535 0 1
0 0.945 0.545 0 1
0 0.945 0.555 0 1
0 0.945 0.565 0 1
0 0.955 -0.555 0 2
0 0.955 -0.545 0 2
0 0.955 -0.535 0 2
0 0.955 -0.525 0 2
0 0.955 -0.515 0 2
0 0.955 -0.505 0 2
0 0.955 -0.495 -0.6920469123 2
0 0.955 -0.485 -0.6978378271 2
0 0.955 -0.475 -0.7035245957 2
0 0.955 -0.465 -0.7091063694 2
0 0.955 -0.455 -0.7145823152 2
0 0.955 -0.445 -0.7199516159 2
0 0.955 -0.435 -0.7252134701 2
0 0.955 -0.425 -0.7303670926 2
0 0.955 -0.415 -0.7354117142 2
0 0.955 -0.405 -0.740346582 2
0 0.955 -0.395 -0.7451709596 2
0 0.955 -0.385 -0.749884127 2
0 0.955 -0.375 -0.7544853807 2
0 0.955 -0.365 -0.7589740342 2
0 0.955 -0.355 -0.7633494174 2
0 0.955 -0.345 -0.7676108774 2
0 0.955 -0.335 -0.7717577782 2
0 0.955 -0.325 -0.775789501 2
0 0.955 -0.315 -0.7797054439 2
0 0.955 -0.305 -0.7835050227 1
0 0.955 -0.295 -0.7871876702 1
0 0.955 -0.285 -0.7907528369 2
0 0.955 -0.275 -0.7941999907 2
0 0.955 -0.265 -0.797528617 2
0 0.955 -0.255 -0.8007382192 2
0 0.955 -0.245 -0.8038283183 2
0 0.955 -0.235 -0.806798453 2
0 0.955 -0.225 -0.8096481802 2
0 0.955 -0.215 -0.8123770745 2
0 0.955 -0.205 -0.8149847286 2
0 0.955 -0.195 -0.8174707534 2
0 0.955 -0.185 -0.8198347778 2
0 0.955 -0.175 -0.8220764491 2
0 0.955 -0.165 -0.8241954327 2
0 0.955 -0.155 -0.8261914124 2
0 0.955 -0.145 -0.8280640902 2
0 0.955 -0.135 -0.8298131868 2
0 0.955 -0.125 -0.831438441 2
0 0.955 -0.115 -0.8329396103 2
0 0.955 -0.105 -0.8343164707 2
0 0.955 -0.095 -0.8355688167 2
0 0.955 -0.085 -0.8366964613 2
0 0.955 -0.075 -0.8376992364 2
0 0.955 -0.065 -0.8385769922 2
0 0.955 -0.055 -0.8393295977 1
0 0.955 -0.045 -0.8399569407 1
0 0.955 -0.035 -0.8404589274 1
0 0.955 -0.025 -0.8408354831 1
0 0.955 -0.015 -0.8410865514 1
0 0.955 -0.005 -0.8412120949 1
0 0.955 0.005 -0.8412120949 1
0 0.955 0.015 -0.8410865514 1
0 0.955 0.025 -0.8408354831 1
0 0.955 0.035 -0.8404589274 1
0 0.955 0.045 -0.8399569407 1
0 0.955 0.055 -0.8393295977 1
0 0.955 0.065 -0.8385769922 1
0 0.955 0.075 -0.8376992364 2
0 0.955 0.085 -0.8366964613 2
0 0.955 0.095 -0.8355688167 2
0 0.955 0.105 -0.8343164707 2
0 0.955 0.115 -0.8329396103 2
0 0.955 0.125 -0.831438441 2
0 0.955 0.135 -0.8298131868 2
0 0.955 0.145 -0.8280640902 2
0 0.955 0.155 -0.8261914124 1
0 0.955 0.165 -0.8241954327 1
0 0.955 0.175 -0.8220764491 1
0 0.955 0.185 -0.8198347778 1
0 0.955 0.195 -0.8174707534 1
0 0.955 0.205 -0.8149847286 1
0 0.955 0.215 -0.8123770745 1
0 0.955 0.225 -0.8096481802 1
0 0.955 0.235 -0.806798453 1
0 0.955 0.245 -0.8038283183 2
0 0.955 0.255 -0.8007382192 2
0 0.955 0.265 -0.797528617 2
0 0.955 0.275 -0.7941999907 2
0 0.955 0.285 -0.7907528369 2
0 0.955 0.295 -0.7871876702 1
0 0.955 0.305 -0.7835050227 1
0 0.955 0.315 -0.7797054439 1
0 0.955 0.325 -0.775789501 1
0 0.955 0.335 -0.7717577782 1
0 0.955 0.345 -0.7676108774 1
0 0.955 0.355 -0.7633494174 1
0 0.955 0.365 -0.7589740342 1
0 0.955 0.375 -0.7544853807 2
0 0.955 0.385 -0.749884127 2
0 0.955 0.395 -0.7451709596 2
0 0.955 0.405 -0.740346582 2
0 0.955 0.415 -0.7354117142 2
0 0.955 0.425 -0.7303670926 2
0 0.955 0.435 -0.7252134701 2
0 0.955 0.445 -0.7199516159 2
0 0.955 0.455 -0.7145823152 2
0 0.955 0.465 -0.7091063694 2
0 0.955 0.475 -0.7035245957 1
0 0.955 0.485 -0.6978378271 1
0 0.955 0.495 -0.6920469123 1
0 0.955 0.505 0 1
0 0.955 0.515 0 1
0 0.955 0.525 0 1
0 0.955 0.535 0 1
0 0.955 0.545 0 1
0 0.955 0.555 0 1
0 0.955 0.565 0 1
0 0.965 -0.555 0 2
0 0.965 -0.545 0 2
0 0.965 -0.535 0 2
0 0.965 -0.525 0 2
0 0.965 -0.515 0 2
0 0.965 -0.505 0 2
0 0.965 -0.495 -0.6583675234 2
0 0.965 -0.485 -0.6638766156 2
0 0.965 -0.475 -0.66928663 2
0 0.965 -0.465 -0.6745967592 2
0 0.965 -0.455 -0.6798062108 2
0 0.965 -0.445 -0.6849142073 2
0 0.965 -0.435 -0.6899199863 2
0 0.965 -0.425 -0.6948228009 2
0 0.965 -0.415 -0.6996219192 2
0 0.965 -0.405 -0.7043166251 2
0 0.965 -0.395 -0.7089062179 2
0 0.965 -0.385 -0.7133900127 2
0 0.965 -0.375 -0.7177673403 2
0 0.965 -0.365 -0.7220375474 2
0 0.965 -0.355 -0.7261999967 2
0 0.965 -0.345 -0.7302540671 2
0 0.965 -0.335 -0.7341991535 2
0 0.965 -0.325 -0.738034667 2
0 0.965 -0.315 -0.7417600354 2
0 0.965 -0.305 -0.7453747026 2
0 0.965 -0.295 -0.7488781291 2
0 0.965 -0.285 -0.7522697922 2
0 0.965 -0.275 -0.7555491856 2
0 0.965 -0.265 -0.7587158199 2
0 0.965 -0.255 -0.7617692225 2
0 0.965 -0.245 -0.7647089378 2
0 0.965 -0.235 -0.7675345269 2
0 0.965 -0.225 -0.7702455683 2
0 0.965 -0.215 -0.7728416573 2
0 0.965 -0.205 -0.7753224064 2
0 0.965 -0.195 -0.7776874455 2
0 0.965 -0.185 -0.7799364215 2
0 0.965 -0.175 -0.7820689989 2
0 0.965 -0.165 -0.7840848593 2
0 0.965 -0.155 -0.785983702 2
0 0.965 -0.145 -0.7877652435 2
0 0.965 -0.135 -0.7894292179 2
0 0.965 -0.125 -0.7909753769 2
0 0.965 -0.115 -0.7924034898 2
0 0.965 -0.105 -0.7937133435 2
0 0.965 -0.095 -0.7949047423 2
0 0.965 -0.085 -0.7959775087 2
0 0.965 -0.075 -0.7969314823 2
0 0.965 -0.065 -0.797766521 2
0 0.965 -0.055 -0.7984825 1
0 0.965 -0.045 -0.7990793124 1
0 0.965 -0.035 -0.7995568693 1
0 0.965 -0.025 -0.7999150994 1
0 0.965 -0.015 -0.8001539491 1
0 0.965 -0.005 -0.8002733829 1
0 0.965 0.005 -0.8002733829 1
0 0.965 0.015 -0.8001539491 1
0 0.965 0.025 -0.7999150994 1
0 0.965 0.035 -0.7995568693 1
0 0.965 0.045 -0.7990793124 1
0 0.965 0.055 -0.7984825 1
0 0.965 0.065 -0.797766521 1
0 0.965 0.075 -0.7969314823 2
0 0.965 0.085 -0.7959775087 2
0 0.965 0.095 -0.7949047423 2
0 0.965 0.105 -0.7937133435 2
0 0.965 0.115 -0.7924034898 2
0 0.965 0.125 -0.7909753769 2
0 0.965 0.135 -0.7894292179 2
0 0.965 0.145 -0.7877652435 2
0 0.965 0.155 -0.785983702 2
0 0.965 0.165 -0.7840848593 1
0 0.965 0.175 -0.7820689989 1
0 0.965 0.185 -0.7799364215 1
0 0.965 0.195 -0.7776874455 1
0 0.965 0.205 -0.7753224064 1
0 0.965 0.215 -0.7728416573 1
0 0.965 0.225 -0.7702455683 1
0 0.965 0.235 -0.7675345269 1
0 0.965 0.245 -0.7647089378 2
0 0.965 0.255 -0.7617692225 2
0 0.965 0.265 -0.7587158199 2
0 0.965 0.275 -0.7555491856 2
0 0.965 0.285 -0.7522697922 2
0 0.965 0.295 -0.7488781291 2
0 0.965 0.305 -0.7453747026 2
0 0.965 0.315 -0.7417600354 1
0 0.965 0.325 -0.738034667 1
0 0.965 0.335 -0.7341991535 1
0 0.965 0.345 -0.7302540671 1
0 0.965 0.355 -0.7261999967 1
0 0.965 0.365 -0.7220375474 2
0 0.965 0.375 -0.7177673403 2
0 0.965 0.385 -0.7133900127 2
0 0.965 0.395 -0.7089062179 2
0 0.965 0.405 -0.7043166251 2
0 0.965 0.415 -0.6996219192 2
0 0.965 0.425 -0.6948228009 2
0 0.965 0.435 -0.6899199863 2
0 0.965 0.445 -0.6849142073 2
0 0.965 0.455 -0.6798062108 2
0 0.965 0.465 -0.6745967592 2
0 0.965 0.475 -0.66928663 2
0 0.965 0.485 -0.6638766156 2
0 0.965 0.495 -0.6583675234 1
0 0.965 0.505 0 1
0 0.965 0.515 0 1
0 0.965 0.525 0 1
0 0.965 0.535 0 1
0 0.965 0.545 0 1
0 0.965 0.555 0 1
0 0.965 0.565 0 1
0 0.975 -0.555 0 2
0 0.975 -0.545 0 2
0 0.975 -0.535 0 1
0 0.975 -0.525 0 1
0 0.975 -0.515 0 1
0 0.975 -0.505 0 1
0 0.975 -0.495 -0.621297991 1
0 0.975 -0.485 -0.6264968924 2
0 0.975 -0.475 -0.6316022947 2
0 0.975 -0.465 -0.6366134359 2
0 0.975 -0.455 -0.6415295682 2
0 0.975 -0.445 -0.6463499578 2
0 0.975 -0.435 -0.6510738853 2
0 0.975 -0.425 -0.6557006457 2
0 0.975 -0.415 -0.6602295486 2
0 0.975 -0.405 -0.664659918 2
0 0.975 -0.395 -0.6689910928 2
0 0.975 -0.385 -0.6732224265 2
0 0.975 -0.375 -0.6773532877 2
0 0.975 -0.365 -0.6813830598 2
0 0.975 -0.355 -0.6853111415 2
0 0.975 -0.345 -0.6891369465 2
0 0.975 -0.335 -0.6928599039 2
0 0.975 -0.325 -0.696479458 2
0 0.975 -0.315 -0.6999950686 2
0 0.975 -0.305 -0.7034062112 2
0 0.975 -0.295 -0.7067123765 2
0 0.975 -0.285 -0.7099130712 2
0 0.975 -0.275 -0.7130078176 2
0 0.975 -0.265 -0.7159961539 2
0 0.975 -0.255 -0.718877634 2
0 0.975 -0.245 -0.7216518279 2
0 0.975 -0.235 -0.7243183216 2
0 0.975 -0.225 -0.7268767172 2
0 0.975 -0.215 -0.7293266328 2
0 0.975 -0.205 -0.7316677028 2
0 0.975 -0.195 -0.7338995778 2
0 0.975 -0.185 -0.7360219247 2
0 0.975 -0.175 -0.7380344268 2
0 0.975 -0.165 -0.7399367838 2
0 0.975 -0.155 -0.7417287117 2
0 0.975 -0.145 -0.743409943 2
0 0.975 -0.135 -0.744980227 2
0 0.975 -0.125 -0.7464393292 2
0 0.975 -0.115 -0.7477870319 2
0 0.975 -0.105 -0.7490231339 2
0 0.975 -0.095 -0.7501474508 2
0 0.975 -0.085 -0.7511598148 2
0 0.975 -0.075 -0.7520600748 2
0 0.975 -0.065 -0.7528480964 2
0 0.975 -0.055 -0.753523762 1
0 0.975 -0.045 -0.7540869708 1
0 0.975 -0.035 -0.7545376387 1
0 0.975 -0.025 -0.7548756986 1
0 0.975 -0.015 -0.7551010998 1
0 0.975 -0.005 -0.7552138089 1
0 0.975 0.005 -0.7552138089 1
0 0.975 0.015 -0.7551010998 1
0 0.975 0.025 -0.7548756986 1
0 0.975 0.035 -0.7545376387 1
0 0.975 0.045 -0.7540869708 1
0 0.975 0.055 -0.753523762 1
0 0.975 0.065 -0.7528480964 2
0 0.975 0.075 -0.7520600748 2
0 0.975 0.085 -0.7511598148 2
0 0.975 0.095 -0.7501474508 2
0 0.975 0.105 -0.7490231339 2
0 0.975 0.115 -0.7477870319 2
0 0.975 0.125 -0.7464393292 2
0 0.975 0.135 -0.744980227 2
0 0.975 0.145 -0.743409943 2
0 0.975 0.155 -0.7417287117 2
0 0.975 0.165 -0.7399367838 2
0 0.975 0.175 -0.7380344268 2
0 0.975 0.185 -0.7360219247 2
0 0.975 0.195 -0.7338995778 1
0 0.975 0.205 -0.7316677028 1
0 0.975 0.215 -0.7293266328 1
0 0.975 0.225 -0.7268767172 2
0 0.975 0.235 -0.7243183216 2
0 0.975 0.245 -0.7216518279 2
0 0.975 0.255 -0.718877634 2
0 0.975 0.265 -0.7159961539 2
0 0.975 0.275 -0.7130078176 2
0 0.975 0.285 -0.7099130712 2
0 0.975 0.295 -0.7067123765 2
0 0.975 0.305 -0.7034062112 2
0 0.975 0.315 -0.6999950686 2
0 0.975 0.325 -0.696479458 2
0 0.975 0.335 -0.6928599039 2
0 0.975 0.345 -0.6891369465 2
0 0.975 0.355 -0.6853111415 2
0 0.975 0.365 -0.6813830598 2
0 0.975 0.375 -0.6773532877 1
0 0.975 0.385 -0.6732224265 1
0 0.975 0.395 -0.6689910928 1
0 0.975 0.405 -0.664659918 2
0 0.975 0.415 -0.6602295486 2
0 0.975 0.425 -0.6557006457 2
0 0.975 0.435 -0.6510738853 2
0 0.975 0.445 -0.6463499578 2
0 0.975 0.455 -0.6415295682 2
0 0.975 0.465 -0.6366134359 2
0 0.975 0.475 -0.6316022947 2
0 0.975 0.485 -0.6264968924 2
0 0.975 0.495 -0.621297991 2
0 0.975 0.505 0 2
0 0.975 0.515 0 1
0 0.975 0.525 0 1
0 0.975 0.535 0 1
0 0.975 0.545 0 1
0 0.975 0.555 0 1
0 0.975 0.565 0 1
0 0.985 -0.555 0 2
0 0.985 -0.545 0 1
0 0.985 -0.535 0 1
0 0.985 -0.525 0 1
0 0.985 -0.515 0 1
0 0.985 -0.505 0 1
0 0.985 -0.495 -0.5810291976 1
0 0.985 -0.485 -0.5858911376 1
0 0.985 -0.475 -0.5906656385 1
0 0.985 -0.465 -0.5953519877 2
0 0.985 -0.455 -0.5999494859 2
0 0.985 -0.445 -0.6044574468 2
0 0.985 -0.435 -0.6088751978 2
0 0.985 -0.425 -0.6132020795 2
0 0.985 -0.415 -0.6174374462 2
0 0.985 -0.405 -0.6215806658 2
0 0.985 -0.395 -0.6256311199 2
0 0.985 -0.385 -0.629588204 2
0 0.985 -0.375 -0.6334513277 2
0 0.985 -0.365 -0.6372199142 2
0 0.985 -0.355 -0.6408934013 2
0 0.985 -0.345 -0.6444712407 2
0 0.985 -0.335 -0.6479528984 2
0 0.985 -0.325 -0.6513378548 2
0 0.985 -0.315 -0.6546256048 2
0 0.985 -0.305 -0.6578156576 2
0 0.985 -0.295 -0.6609075372 2
0 0.985 -0.285 -0.6639007821 2
0 0.985 -0.275 -0.6667949457 2
0 0.985 -0.265 -0.669589596 2
0 0.985 -0.255 -0.6722843159 2
0 0.985 -0.245 -0.6748787033 2
0 0.985 -0.235 -0.677372371 2
0 0.985 -0.225 -0.6797649468 2
0 0.985 -0.215 -0.6820560736 2
0 0.985 -0.205 -0.6842454095 2
0 0.985 -0.195 -0.6863326278 2
0 0.985 -0.185 -0.688317417 2
0 0.985 -0.175 -0.6901994809 2
0 0.985 -0.165 -0.6919785385 2
0 0.985 -0.155 -0.6936543244 2
0 0.985 -0.145 -0.6952265885 2
0 0.985 -0.135 -0.6966950961 2
0 0.985 -0.125 -0.6980596281 2
0 0.985 -0.115 -0.6993199808 2
0 0.985 -0.105 -0.7004759662 2
0 0.985 -0.095 -0.7015274116 2
0 0.985 -0.085 -0.7024741603 2
0 0.985 -0.075 -0.7033160708 2
0 0.985 -0.065 -0.7040530176 2
0 0.985 -0.055 -0.7046848906 2
0 0.985 -0.045 -0.7052115957 1
0 0.985 -0.035 -0.705633054 1
0 0.985 -0.025 -0.7059492028 1
0 0.985 -0.015 -0.7061599949 2
0 0.985 -0.005 -0.7062653989 2
0 0.985 0.005 -0.7062653989 1
0 0.985 0.015 -0.7061599949 1
0 0.985 0.025 -0.7059492028 1
0 0.985 0.035 -0.705633054 1
0 0.985 0.045 -0.7052115957 1
0 0.985 0.055 -0.7046848906 1
0 0.985 0.065 -0.7040530176 2
0 0.985 0.075 -0.7033160708 2
0 0.985 0.085 -0.7024741603 2
0 0.985 0.095 -0.7015274116 2
0 0.985 0.105 -0.7004759662 2
0 0.985 0.115 -0.6993199808 2
0 0.985 0.125 -0.6980596281 2
0 0.985 0.135 -0.6966950961 2
0 0.985 0.145 -0.6952265885 2
0 0.985 0.155 -0.6936543244 2
0 0.985 0.165 -0.6919785385 2
0 0.985 0.175 -0.6901994809 2
0 0.985 0.185 -0.688317417 2
0 0.985 0.195 -0.6863326278 2
0 0.985 0.205 -0.6842454095 2
0 0.985 0.215 -0.6820560736 2
0 0.985 0.225 -0.6797649468 2
0 0.985 0.235 -0.677372371 2
0 0.985 0.245 -0.6748787033 2
0 0.985 0.255 -0.6722843159 2
0 0.985 0.265 -0.669589596 2
0 0.985 0.275 -0.6667949457 2
0 0.985 0.285 -0.6639007821 2
0 0.985 0.295 -0.6609075372 2
0 0.985 0.305 -0.6578156576 2
0 0.985 0.315 -0.6546256048 2
0 0.985 0.325 -0.6513378548 2
0 0.985 0.335 -0.6479528984 2
0 0.985 0.345 -0.6444712407 2
0 0.985 0.355 -0.6408934013 2
0 0.985 0.365 -0.6372199142 1
0 0.985 0.375 -0.6334513277 1
0 0.985 0.385 -0.629588204 1
0 0.985 0.395 -0.6256311199 1
0 0.985 0.405 -0.6215806658 1
0 0.985 0.415 -0.6174374462 2
0 0.985 0.425 -0.6132020795 2
0 0.985 0.435 -0.6088751978 2
0 0.985 0.445 -0.6044574468 2
0 0.985 0.455 -0.5999494859 2
0 0.985 0.465 -0.5953519877 2
0 0.985 0.475 -0.5906656385 2
0 0.985 0.485 -0.5858911376 2
0 0.985 0.495 -0.5810291976 2
0 0.985 0.505 0 2
0 0.985 0.515 0 2
0 0.985 0.525 0 1
0 0.985 0.535 0 1
0 0.985 0.545 0 1
0 0.985 0.555 0 1
0 0.985 0.565 0 1
0 0.995 -0.555 0 2
0 0.995 -0.545 0 1
0 0.995 -0.535 0 1
0 0.995 -0.525 0 1
0 0.995 -0.515 0 1
0 0.995 -0.505 0 1
0 0.995 -0.495 -0.5377685003 1
0 0.995 -0.485 -0.5422684431 1
0 0.995 -0.475 -0.5466874571 1
0 0.995 -0.465 -0.5510248829 1
0 0.995 -0.455 -0.555280073 2
0 0.995 -0.445 -0.5594523924 2
0 0.995 -0.435 -0.5635412185 2
0 0.995 -0.425 -0.5675459409 2
0 0.995 -0.415 -0.5714659622 2
0 0.995 -0.405 -0.5753006971 2
0 0.995 -0.395 -0.5790495735 2
0 0.995 -0.385 -0.5827120318 2
0 0.995 -0.375 -0.5862875254 2
0 0.995 -0.365 -0.5897755208 2
0 0.995 -0.355 -0.5931754973 2
0 0.995 -0.345 -0.5964869476 2
0 0.995 -0.335 -0.5997093775 2
0 0.995 -0.325 -0.602842306 2
0 0.995 -0.315 -0.6058852656 2
0 0.995 -0.305 -0.6088378021 2
0 0.995 -0.295 -0.6116994749 2
0 0.995 -0.285 -0.6144698569 2
0 0.995 -0.275 -0.6171485347 2
0 0.995 -0.265 -0.6197351085 2
0 0.995 -0.255 -0.6222291923 2
0 0.995 -0.245 -0.6246304138 2
0 0.995 -0.235 -0.6269384147 2
0 0.995 -0.225 -0.6291528506 2
0 0.995 -0.215 -0.6312733909 2
0 0.995 -0.205 -0.6332997192 2
0 0.995 -0.195 -0.6352315331 2
0 0.995 -0.185 -0.6370685442 2
0 0.995 -0.175 -0.6388104784 2
0 0.995 -0.165 -0.6404570758 2
0 0.995 -0.155 -0.6420080906 2
0 0.995 -0.145 -0.6434632913 2
0 0.995 -0.135 -0.6448224608 2
0 0.995 -0.125 -0.6460853961 2
0 0.995 -0.115 -0.6472519089 2
0 0.995 -0.105 -0.648321825 2
0 0.995 -0.095 -0.6492949848 2
0 0.995 -0.085 -0.650171243 2
0 0.995 -0.075 -0.6509504689 2
0 0.995 -0.065 -0.6516325461 2
0 0.995 -0.055 -0.6522173728 2
0 0.995 -0.045 -0.6527048618 2
0 0.995 -0.035 -0.6530949404 2
0 0.995 -0.025 -0.6533875503 2
0 0.995 -0.015 -0.6535826478 2
0 0.995 -0.005 -0.6536802038 2
0 0.995 0.005 -0.6536802038 2
0 0.995 0.015 -0.6535826478 1
0 0.995 0.025 -0.6533875503 1
0 0.995 0.035 -0.6530949404 1
0 0.995 0.045 -0.6527048618 1
0 0.995 0.055 -0.6522173728 2
0 0.995 0.065 -0.6516325461 2
0 0.995 0.075 -0.6509504689 2
0 0.995 0.085 -0.650171243 2
0 0.995 0.095 -0.6492949848 2
0 0.995 0.105 -0.648321825 2
0 0.995 0.115 -0.6472519089 2
0 0.995 0.125 -0.6460853961 2
0 0.995 0.135 -0.6448224608 2
0 0.995 0.145 -0.6434632913 2
0 0.995 0.155 -0.6420080906 2
0 0.995 0.165 -0.6404570758 2
0 0.995 0.175 -0.6388104784 2
0 0.995 0.185 -0.6370685442 2
0 0.995 0.195 -0.6352315331 2
0 0.995 0.205 -0.6332997192 2
0 0.995 0.215 -0.6312733909 2
0 0.995 0.225 -0.6291528506 2
0 0.995 0.235 -0.6269384147 2
0 0.995 0.245 -0.6246304138 2
0 0.995 0.255 -0.6222291923 2
0 0.995 0.265 -0.6197351085 2
0 0.995 0.275 -0.6171485347 2
0 0.995 0.285 -0.6144698569 2
0 0.995 0.295 -0.6116994749 2
0 0.995 0.305 -0.6088378021 2
0 0.995 0.315 -0.6058852656 2
0 0.995 0.325 -0.602842306 2
0 0.995 0.335 -0.5997093775 2
0 0.995 0.345 -0.5964869476 2
0 0.995 0.355 -0.5931754973 2
0 0.995 0.365 -0.5897755208 1
0 0.995 0.375 -0.5862875254 1
0 0.995 0.385 -0.5827120318 1
0 0.995 0.395 -0.5790495735 1
0 0.995 0.405 -0.5753006971 1
0 0.995 0.415 -0.5714659622 1
0 0.995 0.425 -0.5675459409 2
0 0.995 0.435 -0.5635412185 2
0 0.995 0.445 -0.5594523924 2
0 0.995 0.455 -0.555280073 2
0 0.995 0.465 -0.5510248829 2
0 0.995 0.475 -0.5466874571 2
0 0.995 0.485 -0.5422684431 2
0 0.995 0.495 -0.5377685003 2
0 0.995 0.505 0 2
0 0.995 0.515 0 2
0 0.995 0.525 0 2
0 0.995 0.535 0 2
0 0.995 0.545 0 2
0 0.995 0.555 0 1
0 0.995 0.565 0 1
0 1.005 -0.555 0 2
0 1.005 -0.545 0 1
0 1.005 -0.535 0 1
0 1.005 -0.525 0 1
0 1.005 -0.515 0 1
0 1.005 -0.505 0 1
0 1.005 -0.495 0 1
0 1.005 -0.485 0 1
0 1.005 -0.475 0 1
0 1.005 -0.465 0 1
0 1.005 -0.455 0 1
0 1.005 -0.445 0 2
0 1.005 -0.435 0 2
0 1.005 -0.425 0 2
0 1.005 -0.415 0 2
0 1.005 -0.405 0 2
0 1.005 -0.395 0 2
0 1.005 -0.385 0 2
0 1.005 -0.375 0 2
0 1.005 -0.365 0 2
0 1.005 -0.355 0 2
0 1.005 -0.345 0 2
0 1.005 -0.335 0 2
0 1.005 -0.325 0 2
0 1.005 -0.315 0 2
0 1.005 -0.305 0 2
0 1.005 -0.295 0 2
0 1.005 -0.285 0 2
0 1.005 -0.275 0 2
0 1.005 -0.265 0 2
0 1.005 -0.255 0 2
0 1.005 -0.245 0 2
0 1.005 -0.235 0 2
0 1.005 -0.225 0 2
0 1.005 -0.215 0 2
0 1.005 -0.205 0 2
0 1.005 -0.195 0 2
0 1.005 -0.185 0 2
0 1.005 -0.175 0 2
0 1.005 -0.165 0 2
0 1.005 -0.155 0 2
0 1.005 -0.145 0 2
0 1.005 -0.135 0 2
0 1.005 -0.125 0 2
0 1.005 -0.115 0 2
0 1.005 -0.105 0 2
0 1.005 -0.095 0 2
0 1.005 -0.085 0 2
0 1.005 -0.075 0 2
0 1.005 -0.065 0 2
0 1.005 -0.055 0 2
0 1.005 -0.045 0 2
0 1.005 -0.035 0 2
0 1.005 -0.025 0 2
0 1.005 -0.015 0 2
0 1.005 -0.005 0 2
0 1.005 0.005 0 2
0 1.005 0.015 0 2
0 1.005 0.025 0 2
0 1.005 0.035 0 2
0 1.005 0.045 0 2
0 1.005 0.055 0 2
0 1.005 0.065 0 2
0 1.005 0.075 0 2
0 1.005 0.085 0 2
0 1.005 0.095 0 2
0 1.005 0.105 0 2
0 1.005 0.115 0 2
0 1.005 0.125 0 2
0 1.005 0.135 0 2
0 1.005 0.145 0 2
0 1.005 0.155 0 2
0 1.005 0.165 0 2
0 1.005 0.175 0 2
0 1.005 0.185 0 1
0 1.005 0.195 0 1
0 1.005 0.205 0 1
0 1.005 0.215 0 1
0 1.005 0.225 0 1
0 1.005 0.235 0 2
0 1.005 0.245 0 2
0 1.005 0.255 0 2
0 1.005 0.265 0 2
0 1.005 0.275 0 2
0 1.005 0.285 0 2
0 1.005 0.295 0 2
0 1.005 0.305 0 2
0 1.005 0.315 0 2
0 1.005 0.325 0 2
0 1.005 0.335 0 2
0 1.005 0.345 0 2
0 1.005 0.355 0 1
0 1.005 0.365 0 1
0 1.005 0.375 0 1
0 1.005 0.385 0 1
0 1.005 0.395 0 1
0 1.005 0.405 0 1
0 1.005 0.415 0 1
0 1.005 0.425 0 1
0 1.005 0.435 0 2
0 1.005 0.445 0 2
0 1.005 0.455 0 2
0 1.005 0.465 0 2
0 1.005 0.475 0 2
0 1.005 0.485 0 2
0 1.005 0.495 0 2
0 1.005 0.505 0 2
0 1.005 0.515 0 2
0 1.005 0.525 0 2
0 1.005 0.535 0 2
0 1.005 0.545 0 2
0 1.005 0.555 0 2
0 1.005 0.565 0 2
0 1.015 -0.555 0 2
0 1.015 -0.545 0 2
0 1.015 -0.535 0 1
0 1.015 -0.525 0 1
0 1.015 -0.515 0 1
0 1.015 -0.505 0 1
0 1.015 -0.495 0 1
0 1.015 -0.485 0 1
0 1.015 -0.475 0 1
0 1.015 -0.465 0 1
0 1.015 -0.455 0 1
0 1.015 -0.445 0 2
0 1.015 -0.435 0 2
0 1.015 -0.425 0 2
0 1.015 -0.415 0 2
0 1.015 -0.405 0 2
0 1.015 -0.395 0 2
0 1.015 -0.385 0 2
0 1.015 -0.375 0 2
0 1.015 -0.365 0 2
0 1.015 -0.355 0 2
0 1.015 -0.345 0 2
0 1.015 -0.335 0 2
0 1.015 -0.325 0 2
0 1.015 -0.315 0 2
0 1.015 -0.305 0 2
0 1.015 -0.295 0 2
0 1.015 -0.285 0 2
0 1.015 -0.275 0 2
0 1.015 -0.265 0 2
0 1.015 -0.255 0 2
0 1.015 -0.245 0 2
0 1.015 -0.235 0 2
0 1.015 -0.225 0 2
0 1.015 -0.215 0 2
0 1.015 -0.205 0 2
0 1.015 -0.195 0 2
0 1.015 -0.185 0 2
0 1.015 -0.175 0 2
0 1.015 -0.165 0 2
0 1.015 -0.155 0 2
0 1.015 -0.145 0 2
0 1.015 -0.135 0 2
0 1.015 -0.125 0 2
0 1.015 -0.115 0 2
0 1.015 -0.105 0 2
0 1.015 -0.095 0 2
0 1.015 -0.085 0 2
0 1.015 -0.075 0 2
0 1.015 -0.065 0 2
0 1.015 -0.055 0 2
0 1.015 -0.045 0 2
0 1.015 -0.035 0 2
0 1.015 -0.025 0 2
0 1.015 -0.015 0 2
0 1.015 -0.005 0 2
0 1.015 0.005 0 2
0 1.015 0.015 0 2
0 1.015 0.025 0 2
0 1.015 0.035 0 2
0 1.015 0.045 0 2
0 1.015 0.055 0 2
0 1.015 0.065 0 2
0 1.015 0.075 0 2
0 1.015 0.085 0 2
0 1.015 0.095 0 2
0 1.015 0.105 0 2
0 1.015 0.115 0 2
0 1.015 0.125 0 2
0 1.015 0.135 0 2
0 1.015 0.145 0 2
0 1.015 0.155 0 2
0 1.015 0.165 0 2
0 1.015 0.175 0 2
0 1.015 0.185 0 1
0 1.015 0.195 0 1
0 1.015 0.205 0 1
0 1.015 0.215 0 1
0 1.015 0.225 0 1
0 1.015 0.235 0 1
0 1.015 0.245 0 1
0 1.015 0.255 0 2
0 1.015 0.265 0 2
0 1.015 0.275 0 2
0 1.015 0.285 0 2
0 1.015 0.295 0 2
0 1.015 0.305 0 2
0 1.015 0.315 0 2
0 1.015 0.325 0 2
0 1.015 0.335 0 2
0 1.015 0.345 0 2
0 1.015 0.355 0 1
0 1.015 0.365 0 1
0 1.015 0.375 0 1
0 1.015 0.385 0 1
0 1.015 0.395 0 1
0 1.015 0.405 0 1
0 1.015 0.415 0 1
0 1.015 0.425 0 1
0 1.015 0.435 0 2
0 1.015 0.445 0 2
0 1.015 0.455 0 2
0 1.015 0.465 0 2
0 1.015 0.475 0 2
0 1.015 0.485 0 2
0 1.015 0.495 0 2
0 1.015 0.505 0 2
0 1.015 0.515 0 2
0 1.015 0.525 0 2
0 1.015 0.535 0 2
0 1.015 0.545 0 2
0 1.015 0.555 0 2
0 1.015 0.565 0 2
0 1.025 -0.555 0 2
0 1.025 -0.545 0 2
0 1.025 -0.535 0 1
0 1.025 -0.525 0 1
0 1.025 -0.515 0 1
0 1.025 -0.505 0 1
0 1.025 -0.495 0 1
0 1.025 -0.485 0 1
0 1.025 -0.475 0 1
0 1.025 -0.465 0 1
0 1.025 -0.455 0 1
0 1.025 -0.445 0 1
0 1.025 -0.435 0 2
0 1.025 -0.425 0 2
0 1.025 -0.415 0 2
0 1.025 -0.405 0 2
0 1.025 -0.395 0 2
0 1.025 -0.385 0 2
0 1.025 -0.375 0 2
0 1.025 -0.365 0 2
0 1.025 -0.355 0 2
0 1.025 -0.345 0 2
0 1.025 -0.335 0 2
0 1.025 -0.325 0 2
0 1.025 -0.315 0 2
0 1.025 -0.305 0 2
0 1.025 -0.295 0 2
0 1.025 -0.285 0 2
0 1.025 -0.275 0 2
0 1.025 -0.265 0 2
0 1.025 -0.255 0 1
0 1.025 -0.245 0 1
0 1.025 -0.235 0 1
0 1.025 -0.225 0 2
0 1.025 -0.215 0 2
0 1.025 -0.205 0 2
0 1.025 -0.195 0 2
0 1.025 -0.185 0 2
0 1.025 -0.175 0 2
0 1.025 -0.165 0 2
0 1.025 -0.155 0 2
0 1.025 -0.145 0 2
0 1.025 -0.135 0 2
0 1.025 -0.125 0 2
0 1.025 -0.115 0 2
0 1.025 -0.105 0 2
0 1.025 -0.095 0 2
0 1.025 -0.085 0 2
0 1.025 -0.075 0 2
0 1.025 -0.065 0 2
0 1.025 -0.055 0 2
0 1.025 -0.045 0 2
0 1.025 -0.035 0 2
0 1.025 -0.025 0 2
0 1.025 -0.015 0 2
0 1.025 -0.005 0 2
0 1.025 0.005 0 2
0 1.025 0.015 0 2
0 1.025 0.025 0 2
0 1.025 0.035 0 2
0 1.025 0.045 0 2
0 1.025 0.055 0 2
0 1.025 0.065 0 2
0 1.025 0.075 0 2
0 1.025 0.085 0 2
0 1.025 0.095 0 2
0 1.025 0.105 0 2
0 1.025 0.115 0 2
0 1.025 0.125 0 2
0 1.025 0.135 0 2
0 1.025 0.145 0 2
0 1.025 0.155 0 2
0 1.025 0.165 0 2
0 1.025 0.175 0 1
0 1.025 0.185 0 1
0 1.025 0.195 0 1
0 1.025 0.205 0 1
0 1.025 0.215 0 1
0 1.025 0.225 0 1
0 1.025 0.235 0 1
0 1.025 0.245 0 1
0 1.025 0.255 0 1
0 1.025 0.265 0 2
0 1.025 0.275 0 2
0 1.025 0.285 0 2
0 1.025 0.295 0 2
0 1.025 0.305 0 2
0 1.025 0.315 0 2
0 1.025 0.325 0 2
0 1.025 0.335 0 2
0 1.025 0.345 0 2
0 1.025 0.355 0 2
0 1.025 0.365 0 1
0 1.025 0.375 0 1
0 1.025 0.385 0 1
0 1.025 0.395 0 1
0 1.025 0.405 0 1
0 1.025 0.415 0 1
0 1.025 0.425 0 1
0 1.025 0.435 0 2
0 1.025 0.445 0 2
0 1.025 0.455 0 2
0 1.025 0.465 0 2
0 1.025 0.475 0 2
0 1.025 0.485 0 2
0 1.025 0.495 0 2
0 1.025 0.505 0 2
0 1.025 0.515 0 2
0 1.025 0.525 0 2
0 1.025 0.535 0 2
0 1.025 0.545 0 2
0 1.025 0.555 0 2
0 1.025 0.565 0 2
0 1.035 -0.555 0 2
0 1.035 -0.545 0 2
0 1.035 -0.535 0 2
0 1.035 -0.525 0 1
0 1.035 -0.515 0 1
0 1.035 -0.505 0 1
0 1.035 -0.495 0 1
0 1.035 -0.485 0 1
0 1.035 -0.475 0 1
0 1.035 -0.465 0 1
0 1.035 -0.455 0 1
0 1.035 -0.445 0 1
0 1.035 -0.435 0 2
0 1.035 -0.425 0 2
0 1.035 -0.415 0 2
0 1.035 -0.405 0 2
0 1.035 -0.395 0 2
0 1.035 -0.385 0 2
0 1.035 -0.375 0 2
0 1.035 -0.365 0 2
0 1.035 -0.355 0 2
0 1.035 -0.345 0 2
0 1.035 -0.335 0 2
0 1.035 -0.325 0 2
0 1.035 -0.315 0 2
0 1.035 -0.305 0 2
0 1.035 -0.295 0 2
0 1.035 -0.285 0 2
0 1.035 -0.275 0 2
0 1.035 -0.265 0 1
0 1.035 -0.255 0 1
0 1.035 -0.245 0 1
0 1.035 -0.235 0 1
0 1.035 -0.225 0 1
0 1.035 -0.215 0 1
0 1.035 -0.205 0 2
0 1.035 -0.195 0 2
0 1.035 -0.185 0 2
0 1.035 -0.175 0 2
0 1.035 -0.165 0 2
0 1.035 -0.155 0 2
0 1.035 -0.145 0 2
0 1.035 -0.135 0 2
0 1.035 -0.125 0 2
0 1.035 -0.115 0 2
0 1.035 -0.105 0 2
0 1.035 -0.095 0 2
0 1.035 -0.085 0 2
0 1.035 -0.075 0 2
0 1.035 -0.065 0 2
0 1.035 -0.055 0 2
0 1.035 -0.045 0 2
0 1.035 -0.035 0 2
0 1.035 -0.025 0 2
0 1.035 -0.015 0 2
0 1.035 -0.005 0 2
0 1.035 0.005 0 2
0 1.035 0.015 0 2
0 1.035 0.025 0 2
0 1.035 0.035 0 2
0 1.035 0.045 0 2
0 1.035 0.055 0 2
0 1.035 0.065 0 2
0 1.035 0.075 0 2
0 1.035 0.085 0 2
0 1.035 0.095 0 2
0 1.035 0.105 0 2
0 1.035 0.115 0 2
0 1.035 0.125 0 2
0 1.035 0.135 0 2
0 1.035 0.145 0 2
0 1.035 0.155 0 2
0 1.035 0.165 0 2
0 1.035 0.175 0 2
0 1.035 0.185 0 1
0 1.035 0.195 0 1
0 1.035 0.205 0 1
0 1.035 0.215 0 1
0 1.035 0.225 0 1
0 1.035 0.235 0 1
0 1.035 0.245 0 1
0 1.035 0.255 0 1
0 1.035 0.265 0 1
0 1.035 0.275 0 2
0 1.035 0.285 0 2
0 1.035 0.295 0 2
0 1.035 0.305 0 2
0 1.035 0.315 0 2
0 1.035 0.325 0 2
0 1.035 0.335 0 2
0 1.035 0.345 0 2
0 1.035 0.355 0 2
0 1.035 0.365 0 1
0 1.035 0.375 0 1
0 1.035 0.385 0 1
0 1.035 0.395 0 1
0 1.035 0.405 0 1
0 1.035 0.415 0 1
0 1.035 0.425 0 1
0 1.035 0.435 0 1
0 1.035 0.445 0 2
0 1.035 0.455 0 2
0 1.035 0.465 0 2
0 1.035 0.475 0 2
0 1.035 0.485 0 2
0 1.035 0.495 0 2
0 1.035 0.505 0 2
0 1.035 0.515 0 2
0 1.035 0.525 0 2
0 1.035 0.535 0 2
0 1.035 0.545 0 2
0 1.035 0.555 0 2
0 1.035 0.565 0 2
0 1.045 -0.555 0 2
0 1.045 -0.545 0 2
0 1.045 -0.535 0 2
0 1.045 -0.525 0 2
0 1.045 -0.515 0 1
0 1.045 -0.505 0 1
0 1.045 -0.495 0 1
0 1.045 -0.485 0 1
0 1.045 -0.475 0 1
0 1.045 -0.465 0 1
0 1.045 -0.455 0 1
0 1.045 -0.445 0 1
0 1.045 -0.435 0 2
0 1.045 -0.425 0 2
0 1.045 -0.415 0 2
0 1.045 -0.405 0 2
0 1.045 -0.395 0 2
0 1.045 -0.385 0 2
0 1.045 -0.375 0 2
0 1.045 -0.365 0 2
0 1.045 -0.355 0 2
0 1.045 -0.345 0 2
0 1.045 -0.335 0 2
0 1.045 -0.325 0 2
0 1.045 -0.315 0 2
0 1.045 -0.305 0 2
0 1.045 -0.295 0 2
0 1.045 -0.285 0 2
0 1.045 -0.275 0 2
0 1.045 -0.265 0 1
0 1.045 -0.255 0 1
0 1.045 -0.245 0 1
0 1.045 -0.235 0 1
0 1.045 -0.225 0 1
0 1.045 -0.215 0 1
0 1.045 -0.205 0 1
0 1.045 -0.195 0 2
0 1.045 -0.185 0 2
0 1.045 -0.175 0 2
0 1.045 -0.165 0 2
0 1.045 -0.155 0 2
0 1.045 -0.145 0 2
0 1.045 -0.135 0 2
0 1.045 -0.125 0 2
0 1.045 -0.115 0 2
0 1.045 -0.105 0 2
0 1.045 -0.095 0 2
0 1.045 -0.085 0 2
0 1.045 -0.075 0 2
0 1.045 -0.065 0 2
0 1.045 -0.055 0 2
0 1.045 -0.045 0 2
0 1.045 -0.035 0 2
0 1.045 -0.025 0 2
0 1.045 -0.015 0 2
0 1.045 -0.005 0 2
0 1.045 0.005 0 2
0 1.045 0.015 0 2
0 1.045 0.025 0 2
0 1.045 0.035 0 2
0 1.045 0.045 0 2
0 1.045 0.055 0 2
0 1.045 0.065 0 2
0 1.045 0.075 0 2
0 1.045 0.085 0 2
0 1.045 0.095 0 2
0 1.045 0.105 0 2
0 1.045 0.115 0 2
0 1.045 0.125 0 2
0 1.045 0.135 0 2
0 1.045 0.145 0 2
0 1.045 0.155 0 2
0 1.045 0.165 0 2
0 1.045 0.175 0 2
0 1.045 0.185 0 1
0 1.045 0.195 0 1
0 1.045 0.205 0 1
0 1.045 0.215 0 1
0 1.045 0.225 0 1
0 1.045 0.235 0 1
0 1.045 0.245 0 1
0 1.045 0.255 0 1
0 1.045 0.265 0 1
0 1.045 0.275 0 2
0 1.045 0.285 0 2
0 1.045 0.295 0 2
0 1.045 0.305 0 2
0 1.045 0.315 0 2
0 1.045 0.325 0 2
0 1.045 0.335 0 2
0 1.045 0.345 0 2
0 1.045 0.355 0 2
0 1.045 0.365 0 1
0 1.045 0.375 0 1
0 1.045 0.385 0 1
0 1.045 0.395 0 1
0 1.045 0.405 0 1
0 1.045 0.415 0 1
0 1.045 0.425 0 1
0 1.045 0.435 0 1
0 1.045 0.445 0 2
0 1.045 0.455 0 2
0 1.045 0.465 0 2
0 1.045 0.475 0 2
0 1.045 0.485 0 2
0 1.045 0.495 0 2
0 1.045 0.505 0 2
0 1.045 0.515 0 2
0 1.045 0.525 0 2
0 1.045 0.535 0 2
0 1.045 0.545 0 2
0 1.045 0.555 0 2
0 1.045 0.565 0 2
0 1.055 -0.555 0 2
0 1.055 -0.545 0 2
0 1.055 -0.535 0 2
0 1.055 -0.525 0 2
0 1.055 -0.515 0 2
0 1.055 -0.505 0 2
0 1.055 -0.495 0 1
0 1.055 -0.485 0 1
0 1.055 -0.475 0 1
0 1.055 -0.465 0 1
0 1.055 -0.455 0 1
0 1.055 -0.445 0 2
0 1.055 -0.435 0 2
0 1.055 -0.425 0 2
0 1.055 -0.415 0 2
0 1.055 -0.405 0 2
0 1.055 -0.395 0 2
0 1.055 -0.385 0 2
0 1.055 -0.375 0 2
0 1.055 -0.365 0 2
0 1.055 -0.355 0 2
0 1.055 -0.345 0 2
0 1.055 -0.335 0 2
0 1.055 -0.325 0 2
0 1.055 -0.315 0 2
0 1.055 -0.305 0 2
0 1.055 -0.295 0 2
0 1.055 -0.285 0 2
0 1.055 -0.275 0 2
0 1.055 -0.265 0 1
0 1.055 -0.255 0 1
0 1.055 -0.245 0 1
0 1.055 -0.235 0 1
0 1.055 -0.225 0 1
0 1.055 -0.215 0 1
0 1.055 -0.205 0 1
0 1.055 -0.195 0 1
0 1.055 -0.185 0 2
0 1.055 -0.175 0 2
0 1.055 -0.165 0 2
0 1.055 -0.155 0 2
0 1.055 -0.145 0 2
0 1.055 -0.135 0 2
0 1.055 -0.125 0 2
0 1.055 -0.115 0 2
0 1.055 -0.105 0 2
0 1.055 -0.095 0 2
0 1.055 -0.085 0 2
0 1.055 -0.075 0 2
0 1.055 -0.065 0 2
0 1.055 -0.055 0 2
0 1.055 -0.045 0 2
0 1.055 -0.035 0 2
0 1.055 -0.025 0 2
0 1.055 -0.015 0 2
0 1.055 -0.005 0 2
0 1.055 0.005 0 2
0 1.055 0.015 0 2
0 1.055 0.025 0 2
0 1.055 0.035 0 2
0 1.055 0.045 0 2
0 1.055 0.055 0 2
0 1.055 0.065 0 2
0 1.055 0.075 0 2
0 1.055 0.085 0 2
0 1.055 0.095 0 2
0 1.055 0.105 0 2
0 1.055 0.115 0 2
0 1.055 0.125 0 2
0 1.055 0.135 0 2
0 1.055 0.145 0 2
0 1.055 0.155 0 2
0 1.055 0.165 0 2
0 1.055 0.175 0 2
0 1.055 0.185 0 1
0 1.055 0.195 0 1
0 1.055 0.205 0 1
0 1.055 0.215 0 1
0 1.055 0.225 0 1
0 1.055 0.235 0 1
0 1.055 0.245 0 1
0 1.055 0.255 0 1
0 1.055 0.265 0 1
0 1.055 0.275 0 2
0 1.055 0.285 0 2
0 1.055 0.295 0 2
0 1.055 0.305 0 2
0 1.055 0.315 0 2
0 1.055 0.325 0 2
0 1.055 0.335 0 2
0 1.055 0.345 0 2
0 1.055 0.355 0 2
0 1.055 0.365 0 2
0 1.055 0.375 0 1
0 1.055 0.385 0 1
0 1.055 0.395 0 1
0 1.055 0.405 0 1
0 1.055 0.415 0 1
0 1.055 0.425 0 1
0 1.055 0.435 0 2
0 1.055 0.445 0 2
0 1.055 0.455 0 2
0 1.055 0.465 0 2
0 1.055 0.475 0 2
0 1.055 0.485 0 2
0 1.055 0.495 0 2
0 1.055 0.505 0 2
0 1.055 0.515 0 2
0 1.055 0.525 0 2
0 1.055 0.535 0 2
0 1.055 0.545 0 2
0 1.055 0.555 0 2
0 1.055 0.565 0 2
0 1.065 -0.555 0 2
0 1.065 -0.545 0 2
0 1.065 -0.535 0 2
0 1.065 -0.525 0 2
0 1.065 -0.515 0 2
0 1.065 -0.505 0 2
0 1.065 -0.495 0 2
0 1.065 -0.485 0 2
0 1.065 -0.475 0 2
0 1.065 -0.465 0 2
0 1.065 -0.455 0 2
0 1.065 -0.445 0 2
0 1.065 -0.435 0 2
0 1.065 -0.425 0 2
0 1.065 -0.415 0 2
0 1.065 -0.405 0 2
0 1.065 -0.395 0 2
0 1.065 -0.385 0 2
0 1.065 -0.375 0 2
0 1.065 -0.365 0 2
0 1.065 -0.355 0 2
0 1.065 -0.345 0 2
0 1.065 -0.335 0 2
0 1.065 -0.325 0 2
0 1.065 -0.315 0 2
0 1.065 -0.305 0 2
0 1.065 -0.295 0 2
0 1.065 -0.285 0 2
0 1.065 -0.275 0 2
0 1.065 -0.265 0 1
0 1.065 -0.255 0 1
0 1.065 -0.245 0 1
0 1.065 -0.235 0 1
0 1.065 -0.225 0 1
0 1.065 -0.215 0 1
0 1.065 -0.205 0 1
0 1.065 -0.195 0 1
0 1.065 -0.185 0 2
0 1.065 -0.175 0 2
0 1.065 -0.165 0 2
0 1.065 -0.155 0 2
0 1.065 -0.145 0 2
0 1.065 -0.135 0 2
0 1.065 -0.125 0 2
0 1.065 -0.115 0 2
0 1.065 -0.105 0 2
0 1.065 -0.095 0 2
0 1.065 -0.085 0 2
0 1.065 -0.075 0 2
0 1.065 -0.065 0 2
0 1.065 -0.055 0 2
0 1.065 -0.045 0 2
0 1.065 -0.035 0 2
0 1.065 -0.025 0 2
0 1.065 -0.015 0 2
0 1.065 -0.005 0 2
0 1.065 0.005 0 2
0 1.065 0.015 0 2
0 1.065 0.025 0 2
0 1.065 0.035 0 2
0 1.065 0.045 0 2
0 1.065 0.055 0 2
0 1.065 0.065 0 2
0 1.065 0.075 0 2
0 1.065 0.085 0 2
0 1.065 0.095 0 2
0 1.065 0.105 0 2
0 1.065 0.115 0 2
0 1.065 0.125 0 2
0 1.065 0.135 0 2
0 1.065 0.145 0 2
0 1.065 0.155 0 2
0 1.065 0.165 0 2
0 1.065 0.175 0 2
0 1.065 0.185 0 2
0 1.065 0.195 0 1
0 1.065 0.205 0 1
0 1.065 0.215 0 1
0 1.065 0.225 0 1
0 1.065 0.235 0 1
0 1.065 0.245 0 1
0 1.065 0.255 0 1
0 1.065 0.265 0 1
0 1.065 0.275 0 1
0 1.065 0.285 0 2
0 1.065 0.295 0 2
0 1.065 0.305 0 2
0 1.065 0.315 0 2
0 1.065 0.325 0 2
0 1.065 0.335 0 2
0 1.065 0.345 0 2
0 1.065 0.355 0 2
0 1.065 0.365 0 2
0 1.065 0.375 0 2
0 1.065 0.385 0 1
0 1.065 0.395 0 1
0 1.065 0.405 0 1
0 1.065 0.415 0 1
0 1.065 0.425 0 1
0 1.065 0.435 0 2
0 1.065 0.445 0 2
0 1.065 0.455 0 2
0 1.065 0.465 0 2
0 1.065 0.475 0 2
0 1.065 0.485 0 2
0 1.065 0.495 0 2
0 1.065 0.505 0 2
0 1.065 0.515 0 2
0 1.065 0.525 0 2
0 1.065 0.535 0 2
0 1.065 0.545 0 2
0 1.065 0.555 0 2
0 1.065 0.565 0 2
