t x y content type
0 -0.055 -0.555 0 2
0 -0.055 -0.545 0 2
0 -0.055 -0.535 0 2
0 -0.055 -0.525 0 2
0 -0.055 -0.515 0 2
0 -0.055 -0.505 0 2
0 -0.055 -0.495 0 2
0 -0.055 -0.485 0 2
0 -0.055 -0.475 0 2
0 -0.055 -0.465 0 2
0 -0.055 -0.455 0 2
0 -0.055 -0.445 0 2
0 -0.055 -0.435 0 2
0 -0.055 -0.425 0 2
0 -0.055 -0.415 0 2
0 -0.055 -0.405 0 2
0 -0.055 -0.395 0 2
0 -0.055 -0.385 0 2
0 -0.055 -0.375 0 2
0 -0.055 -0.365 0 1
0 -0.055 -0.355 0 1
0 -0.055 -0.345 0 1
0 -0.055 -0.335 0 1
0 -0.055 -0.325 0 1
0 -0.055 -0.315 0 1
0 -0.055 -0.305 0 1
0 -0.055 -0.295 0 2
0 -0.055 -0.285 0 2
0 -0.055 -0.275 0 2
0 -0.055 -0.265 0 2
0 -0.055 -0.255 0 2
0 -0.055 -0.245 0 2
0 -0.055 -0.235 0 2
0 -0.055 -0.225 0 2
0 -0.055 -0.215 0 2
0 -0.055 -0.205 0 2
0 -0.055 -0.195 0 2
0 -0.055 -0.185 0 2
0 -0.055 -0.175 0 2
0 -0.055 -0.165 0 2
0 -0.055 -0.155 0 2
0 -0.055 -0.145 0 2
0 -0.055 -0.135 0 2
0 -0.055 -0.125 0 2
0 -0.055 -0.115 0 2
0 -0.055 -0.105 0 2
0 -0.055 -0.095 0 1
0 -0.055 -0.085 0 1
0 -0.055 -0.075 0 1
0 -0.055 -0.065 0 1
0 -0.055 -0.055 0 1
0 -0.055 -0.045 0 1
0 -0.055 -0.035 0 1
0 -0.055 -0.025 0 1
0 -0.055 -0.015 0 1
0 -0.055 -0.005 0 1
0 -0.055 0.005 0 1
0 -0.055 0.015 0 2
0 -0.055 0.025 0 2
0 -0.055 0.035 0 2
0 -0.055 0.045 0 2
0 -0.055 0.055 0 2
0 -0.055 0.065 0 2
0 -0.055 0.075 0 2
0 -0.055 0.085 0 2
0 -0.055 0.095 0 2
0 -0.055 0.105 0 2
0 -0.055 0.115 0 2
0 -0.055 0.125 0 2
0 -0.055 0.135 0 2
0 -0.055 0.145 0 2
0 -0.055 0.155 0 2
0 -0.055 0.165 0 2
0 -0.055 0.175 0 2
0 -0.055 0.185 0 2
0 -0.055 0.195 0 2
0 -0.055 0.205 0 2
0 -0.055 0.215 0 2
0 -0.055 0.225 0 2
0 -0.055 0.235 0 2
0 -0.055 0.245 0 2
0 -0.055 0.255 0 2
0 -0.055 0.265 0 2
0 -0.055 0.275 0 2
0 -0.055 0.285 0 2
0 -0.055 0.295 0 2
0 -0.055 0.305 0 2
0 -0.055 0.315 0 2
0 -0.055 0.325 0 2
0 -0.055 0.335 0 2
0 -0.055 0.345 0 2
0 -0.055 0.355 0 2
0 -0.055 0.365 0 2
0 -0.055 0.375 0 2
0 -0.055 0.385 0 2
0 -0.055 0.395 0 2
0 -0.055 0.405 0 2
0 -0.055 0.415 0 2
0 -0.055 0.425 0 2
0 -0.055 0.435 0 2
0 -0.055 0.445 0 1
0 -0.055 0.455 0 1
0 -0.055 0.465 0 1
0 -0.055 0.475 0 1
0 -0.055 0.485 0 1
0 -0.055 0.495 0 1
0 -0.055 0.505 0 1
0 -0.055 0.515 0 2
0 -0.055 0.525 0 2
0 -0.055 0.535 0 2
0 -0.055 0.545 0 2
0 -0.055 0.555 0 2
0 -0.055 0.565 0 2
0 -0.045 -0.555 0 2
0 -0.045 -0.545 0 2
0 -0.045 -0.535 0 2
0 -0.045 -0.525 0 2
0 -0.045 -0.515 0 2
0 -0.045 -0.505 0 2
0 -0.045 -0.495 0 2
0 -0.045 -0.485 0 2
0 -0.045 -0.475 0 2
0 -0.045 -0.465 0 2
0 -0.045 -0.455 0 2
0 -0.045 -0.445 0 2
0 -0.045 -0.435 0 2
0 -0.045 -0.425 0 2
0 -0.045 -0.415 0 2
0 -0.045 -0.405 0 2
0 -0.045 -0.395 0 2
0 -0.045 -0.385 0 2
0 -0.045 -0.375 0 1
0 -0.045 -0.365 0 1
0 -0.045 -0.355 0 1
0 -0.045 -0.345 0 1
0 -0.045 -0.335 0 1
0 -0.045 -0.325 0 1
0 -0.045 -0.315 0 1
0 -0.045 -0.305 0 1
0 -0.045 -0.295 0 2
0 -0.045 -0.285 0 2
0 -0.045 -0.275 0 2
0 -0.045 -0.265 0 2
0 -0.045 -0.255 0 2
0 -0.045 -0.245 0 2
0 -0.045 -0.235 0 2
0 -0.045 -0.225 0 2
0 -0.045 -0.215 0 2
0 -0.045 -0.205 0 2
0 -0.045 -0.195 0 2
0 -0.045 -0.185 0 2
0 -0.045 -0.175 0 2
0 -0.045 -0.165 0 2
0 -0.045 -0.155 0 2
0 -0.045 -0.145 0 2
0 -0.045 -0.135 0 2
0 -0.045 -0.125 0 2
0 -0.045 -0.115 0 2
0 -0.045 -0.105 0 2
0 -0.045 -0.095 0 1
0 -0.045 -0.085 0 1
0 -0.045 -0.075 0 1
0 -0.045 -0.065 0 1
0 -0.045 -0.055 0 1
0 -0.045 -0.045 0 1
0 -0.045 -0.035 0 1
0 -0.045 -0.025 0 1
0 -0.045 -0.015 0 1
0 -0.045 -0.005 0 1
0 -0.045 0.005 0 1
0 -0.045 0.015 0 2
0 -0.045 0.025 0 2
0 -0.045 0.035 0 2
0 -0.045 0.045 0 2
0 -0.045 0.055 0 2
0 -0.045 0.065 0 2
0 -0.045 0.075 0 2
0 -0.045 0.085 0 2
0 -0.045 0.095 0 2
0 -0.045 0.105 0 2
0 -0.045 0.115 0 2
0 -0.045 0.125 0 2
0 -0.045 0.135 0 2
0 -0.045 0.145 0 2
0 -0.045 0.155 0 2
0 -0.045 0.165 0 2
0 -0.045 0.175 0 2
0 -0.045 0.185 0 2
0 -0.045 0.195 0 2
0 -0.045 0.205 0 2
0 -0.045 0.215 0 2
0 -0.045 0.225 0 2
0 -0.045 0.235 0 2
0 -0.045 0.245 0 2
0 -0.045 0.255 0 2
0 -0.045 0.265 0 2
0 -0.045 0.275 0 2
0 -0.045 0.285 0 2
0 -0.045 0.295 0 2
0 -0.045 0.305 0 2
0 -0.045 0.315 0 2
0 -0.045 0.325 0 2
0 -0.045 0.335 0 2
0 -0.045 0.345 0 2
0 -0.045 0.355 0 2
0 -0.045 0.365 0 2
0 -0.045 0.375 0 2
0 -0.045 0.385 0 2
0 -0.045 0.395 0 2
0 -0.045 0.405 0 2
0 -0.045 0.415 0 2
0 -0.045 0.425 0 2
0 -0.045 0.435 0 2
0 -0.045 0.445 0 1
0 -0.045 0.455 0 1
0 -0.045 0.465 0 1
0 -0.045 0.475 0 1
0 -0.045 0.485 0 1
0 -0.045 0.495 0 1
0 -0.045 0.505 0 1
0 -0.045 0.515 0 2
0 -0.045 0.525 0 2
0 -0.045 0.535 0 2
0 -0.045 0.545 0 2
0 -0.045 0.555 0 2
0 -0.045 0.565 0 2
0 -0.035 -0.555 0 2
0 -0.035 -0.545 0 2
0 -0.035 -0.535 0 2
0 -0.035 -0.525 0 2
0 -0.035 -0.515 0 2
0 -0.035 -0.505 0 2
0 -0.035 -0.495 0 2
0 -0.035 -0.485 0 2
0 -0.035 -0.475 0 2
0 -0.035 -0.465 0 2
0 -0.035 -0.455 0 2
0 -0.035 -0.445 0 2
0 -0.035 -0.435 0 2
0 -0.035 -0.425 0 2
0 -0.035 -0.415 0 2
0 -0.035 -0.405 0 2
0 -0.035 -0.395 0 2
0 -0.035 -0.385 0 2
0 -0.035 -0.375 0 1
0 -0.035 -0.365 0 1
0 -0.035 -0.355 0 1
0 -0.035 -0.345 0 1
0 -0.035 -0.335 0 1
0 -0.035 -0.325 0 1
0 -0.035 -0.315 0 1
0 -0.035 -0.305 0 1
0 -0.035 -0.295 0 2
0 -0.035 -0.285 0 2
0 -0.035 -0.275 0 2
0 -0.035 -0.265 0 2
0 -0.035 -0.255 0 2
0 -0.035 -0.245 0 2
0 -0.035 -0.235 0 2
0 -0.035 -0.225 0 2
0 -0.035 -0.215 0 2
0 -0.035 -0.205 0 2
0 -0.035 -0.195 0 2
0 -0.035 -0.185 0 2
0 -0.035 -0.175 0 2
0 -0.035 -0.165 0 2
0 -0.035 -0.155 0 2
0 -0.035 -0.145 0 2
0 -0.035 -0.135 0 2
0 -0.035 -0.125 0 2
0 -0.035 -0.115 0 2
0 -0.035 -0.105 0 2
0 -0.035 -0.095 0 2
0 -0.035 -0.085 0 1
0 -0.035 -0.075 0 1
0 -0.035 -0.065 0 1
0 -0.035 -0.055 0 1
0 -0.035 -0.045 0 1
0 -0.035 -0.035 0 1
0 -0.035 -0.025 0 1
0 -0.035 -0.015 0 1
0 -0.035 -0.005 0 1
0 -0.035 0.005 0 1
0 -0.035 0.015 0 2
0 -0.035 0.025 0 2
0 -0.035 0.035 0 2
0 -0.035 0.045 0 2
0 -0.035 0.055 0 2
0 -0.035 0.065 0 2
0 -0.035 0.075 0 2
0 -0.035 0.085 0 2
0 -0.035 0.095 0 2
0 -0.035 0.105 0 2
0 -0.035 0.115 0 2
0 -0.035 0.125 0 2
0 -0.035 0.135 0 2
0 -0.035 0.145 0 2
0 -0.035 0.155 0 2
0 -0.035 0.165 0 2
0 -0.035 0.175 0 2
0 -0.035 0.185 0 2
0 -0.035 0.195 0 2
0 -0.035 0.205 0 2
0 -0.035 0.215 0 2
0 -0.035 0.225 0 2
0 -0.035 0.235 0 2
0 -0.035 0.245 0 2
0 -0.035 0.255 0 2
0 -0.035 0.265 0 2
0 -0.035 0.275 0 2
0 -0.035 0.285 0 2
0 -0.035 0.295 0 2
0 -0.035 0.305 0 2
0 -0.035 0.315 0 2
0 -0.035 0.325 0 2
0 -0.035 0.335 0 2
0 -0.035 0.345 0 2
0 -0.035 0.355 0 2
0 -0.035 0.365 0 2
0 -0.035 0.375 0 2
0 -0.035 0.385 0 2
0 -0.035 0.395 0 2
0 -0.035 0.405 0 2
0 -0.035 0.415 0 2
0 -0.035 0.425 0 2
0 -0.035 0.435 0 2
0 -0.035 0.445 0 1
0 -0.035 0.455 0 1
0 -0.035 0.465 0 1
0 -0.035 0.475 0 1
0 -0.035 0.485 0 1
0 -0.035 0.495 0 1
0 -0.035 0.505 0 2
0 -0.035 0.515 0 2
0 -0.035 0.525 0 2
0 -0.035 0.535 0 2
0 -0.035 0.545 0 2
0 -0.035 0.555 0 2
0 -0.035 0.565 0 2
0 -0.025 -0.555 0 2
0 -0.025 -0.545 0 2
0 -0.025 -0.535 0 2
0 -0.025 -0.525 0 2
0 -0.025 -0.515 0 2
0 -0.025 -0.505 0 2
0 -0.025 -0.495 0 2
0 -0.025 -0.485 0 2
0 -0.025 -0.475 0 2
0 -0.025 -0.465 0 2
0 -0.025 -0.455 0 2
0 -0.025 -0.445 0 2
0 -0.025 -0.435 0 2
0 -0.025 -0.425 0 2
0 -0.025 -0.415 0 2
0 -0.025 -0.405 0 2
0 -0.025 -0.395 0 2
0 -0.025 -0.385 0 1
0 -0.025 -0.375 0 1
0 -0.025 -0.365 0 1
0 -0.025 -0.355 0 1
0 -0.025 -0.345 0 1
0 -0.025 -0.335 0 1
0 -0.025 -0.325 0 1
0 -0.025 -0.315 0 1
0 -0.025 -0.305 0 1
0 -0.025 -0.295 0 2
0 -0.025 -0.285 0 2
0 -0.025 -0.275 0 2
0 -0.025 -0.265 0 2
0 -0.025 -0.255 0 2
0 -0.025 -0.245 0 2
0 -0.025 -0.235 0 2
0 -0.025 -0.225 0 2
0 -0.025 -0.215 0 2
0 -0.025 -0.205 0 2
0 -0.025 -0.195 0 2
0 -0.025 -0.185 0 2
0 -0.025 -0.175 0 2
0 -0.025 -0.165 0 2
0 -0.025 -0.155 0 2
0 -0.025 -0.145 0 2
0 -0.025 -0.135 0 2
0 -0.025 -0.125 0 2
0 -0.025 -0.115 0 2
0 -0.025 -0.105 0 2
0 -0.025 -0.095 0 2
0 -0.025 -0.085 0 2
0 -0.025 -0.075 0 1
0 -0.025 -0.065 0 1
0 -0.025 -0.055 0 1
0 -0.025 -0.045 0 1
0 -0.025 -0.035 0 1
0 -0.025 -0.025 0 1
0 -0.025 -0.015 0 1
0 -0.025 -0.005 0 2
0 -0.025 0.005 0 2
0 -0.025 0.015 0 2
0 -0.025 0.025 0 2
0 -0.025 0.035 0 2
0 -0.025 0.045 0 2
0 -0.025 0.055 0 2
0 -0.025 0.065 0 2
0 -0.025 0.075 0 2
0 -0.025 0.085 0 2
0 -0.025 0.095 0 2
0 -0.025 0.105 0 2
0 -0.025 0.115 0 2
0 -0.025 0.125 0 2
0 -0.025 0.135 0 2
0 -0.025 0.145 0 2
0 -0.025 0.155 0 2
0 -0.025 0.165 0 2
0 -0.025 0.175 0 2
0 -0.025 0.185 0 2
0 -0.025 0.195 0 2
0 -0.025 0.205 0 2
0 -0.025 0.215 0 2
0 -0.025 0.225 0 2
0 -0.025 0.235 0 2
0 -0.025 0.245 0 2
0 -0.025 0.255 0 2
0 -0.025 0.265 0 2
0 -0.025 0.275 0 2
0 -0.025 0.285 0 2
0 -0.025 0.295 0 2
0 -0.025 0.305 0 2
0 -0.025 0.315 0 2
0 -0.025 0.325 0 2
0 -0.025 0.335 0 2
0 -0.025 0.345 0 2
0 -0.025 0.355 0 2
0 -0.025 0.365 0 2
0 -0.025 0.375 0 2
0 -0.025 0.385 0 2
0 -0.025 0.395 0 2
0 -0.025 0.405 0 2
0 -0.025 0.415 0 2
0 -0.025 0.425 0 2
0 -0.025 0.435 0 2
0 -0.025 0.445 0 1
0 -0.025 0.455 0 1
0 -0.025 0.465 0 1
0 -0.025 0.475 0 1
0 -0.025 0.485 0 1
0 -0.025 0.495 0 1
0 -0.025 0.505 0 2
0 -0.025 0.515 0 2
0 -0.025 0.525 0 2
0 -0.025 0.535 0 2
0 -0.025 0.545 0 2
0 -0.025 0.555 0 2
0 -0.025 0.565 0 2
0 -0.015 -0.555 0 2
0 -0.015 -0.545 0 2
0 -0.015 -0.535 0 2
0 -0.015 -0.525 0 2
0 -0.015 -0.515 0 2
0 -0.015 -0.505 0 2
0 -0.015 -0.495 0 2
0 -0.015 -0.485 0 2
0 -0.015 -0.475 0 2
0 -0.015 -0.465 0 2
0 -0.015 -0.455 0 2
0 -0.015 -0.445 0 2
0 -0.015 -0.435 0 2
0 -0.015 -0.425 0 2
0 -0.015 -0.415 0 2
0 -0.015 -0.405 0 2
0 -0.015 -0.395 0 2
0 -0.015 -0.385 0 1
0 -0.015 -0.375 0 1
0 -0.015 -0.365 0 1
0 -0.015 -0.355 0 1
0 -0.015 -0.345 0 1
0 -0.015 -0.335 0 1
0 -0.015 -0.325 0 1
0 -0.015 -0.315 0 1
0 -0.015 -0.305 0 1
0 -0.015 -0.295 0 2
0 -0.015 -0.285 0 2
0 -0.015 -0.275 0 2
0 -0.015 -0.265 0 2
0 -0.015 -0.255 0 2
0 -0.015 -0.245 0 2
0 -0.015 -0.235 0 2
0 -0.015 -0.225 0 2
0 -0.015 -0.215 0 2
0 -0.015 -0.205 0 2
0 -0.015 -0.195 0 2
0 -0.015 -0.185 0 2
0 -0.015 -0.175 0 2
0 -0.015 -0.165 0 2
0 -0.015 -0.155 0 2
0 -0.015 -0.145 0 2
0 -0.015 -0.135 0 2
0 -0.015 -0.125 0 2
0 -0.015 -0.115 0 2
0 -0.015 -0.105 0 2
0 -0.015 -0.095 0 2
0 -0.015 -0.085 0 2
0 -0.015 -0.075 0 2
0 -0.015 -0.065 0 2
0 -0.015 -0.055 0 2
0 -0.015 -0.045 0 2
0 -0.015 -0.035 0 2
0 -0.015 -0.025 0 2
0 -0.015 -0.015 0 2
0 -0.015 -0.005 0 2
0 -0.015 0.005 0 2
0 -0.015 0.015 0 2
0 -0.015 0.025 0 2
0 -0.015 0.035 0 2
0 -0.015 0.045 0 2
0 -0.015 0.055 0 2
0 -0.015 0.065 0 2
0 -0.015 0.075 0 2
0 -0.015 0.085 0 2
0 -0.015 0.095 0 2
0 -0.015 0.105 0 2
0 -0.015 0.115 0 2
0 -0.015 0.125 0 2
0 -0.015 0.135 0 2
0 -0.015 0.145 0 2
0 -0.015 0.155 0 2
0 -0.015 0.165 0 2
0 -0.015 0.175 0 2
0 -0.015 0.185 0 2
0 -0.015 0.195 0 2
0 -0.015 0.205 0 2
0 -0.015 0.215 0 2
0 -0.015 0.225 0 2
0 -0.015 0.235 0 2
0 -0.015 0.245 0 2
0 -0.015 0.255 0 2
0 -0.015 0.265 0 2
0 -0.015 0.275 0 2
0 -0.015 0.285 0 2
0 -0.015 0.295 0 2
0 -0.015 0.305 0 2
0 -0.015 0.315 0 2
0 -0.015 0.325 0 2
0 -0.015 0.335 0 2
0 -0.015 0.345 0 2
0 -0.015 0.355 0 2
0 -0.015 0.365 0 2
0 -0.015 0.375 0 2
0 -0.015 0.385 0 2
0 -0.015 0.395 0 2
0 -0.015 0.405 0 2
0 -0.015 0.415 0 2
0 -0.015 0.425 0 2
0 -0.015 0.435 0 2
0 -0.015 0.445 0 2
0 -0.015 0.455 0 1
0 -0.015 0.465 0 1
0 -0.015 0.475 0 1
0 -0.015 0.485 0 1
0 -0.015 0.495 0 2
0 -0.015 0.505 0 2
0 -0.015 0.515 0 2
0 -0.015 0.525 0 2
0 -0.015 0.535 0 2
0 -0.015 0.545 0 2
0 -0.015 0.555 0 2
0 -0.015 0.565 0 2
0 -0.005 -0.555 0 2
0 -0.005 -0.545 0 2
0 -0.005 -0.535 0 2
0 -0.005 -0.525 0 2
0 -0.005 -0.515 0 2
0 -0.005 -0.505 0 2
0 -0.005 -0.495 0 2
0 -0.005 -0.485 0 2
0 -0.005 -0.475 0 2
0 -0.005 -0.465 0 2
0 -0.005 -0.455 0 2
0 -0.005 -0.445 0 2
0 -0.005 -0.435 0 2
0 -0.005 -0.425 0 2
0 -0.005 -0.415 0 2
0 -0.005 -0.405 0 2
0 -0.005 -0.395 0 2
0 -0.005 -0.385 0 1
0 -0.005 -0.375 0 1
0 -0.005 -0.365 0 1
0 -0.005 -0.355 0 1
0 -0.005 -0.345 0 1
0 -0.005 -0.335 0 1
0 -0.005 -0.325 0 1
0 -0.005 -0.315 0 1
0 -0.005 -0.305 0 2
0 -0.005 -0.295 0 2
0 -0.005 -0.285 0 2
0 -0.005 -0.275 0 2
0 -0.005 -0.265 0 2
0 -0.005 -0.255 0 2
0 -0.005 -0.245 0 2
0 -0.005 -0.235 0 2
0 -0.005 -0.225 0 2
0 -0.005 -0.215 0 2
0 -0.005 -0.205 0 2
0 -0.005 -0.195 0 2
0 -0.005 -0.185 0 2
0 -0.005 -0.175 0 2
0 -0.005 -0.165 0 2
0 -0.005 -0.155 0 2
0 -0.005 -0.145 0 2
0 -0.005 -0.135 0 2
0 -0.005 -0.125 0 2
0 -0.005 -0.115 0 2
0 -0.005 -0.105 0 2
0 -0.005 -0.095 0 2
0 -0.005 -0.085 0 2
0 -0.005 -0.075 0 2
0 -0.005 -0.065 0 2
0 -0.005 -0.055 0 2
0 -0.005 -0.045 0 2
0 -0.005 -0.035 0 2
0 -0.005 -0.025 0 2
0 -0.005 -0.015 0 2
0 -0.005 -0.005 0 2
0 -0.005 0.005 0 2
0 -0.005 0.015 0 2
0 -0.005 0.025 0 2
0 -0.005 0.035 0 2
0 -0.005 0.045 0 2
0 -0.005 0.055 0 2
0 -0.005 0.065 0 2
0 -0.005 0.075 0 2
0 -0.005 0.085 0 2
0 -0.005 0.095 0 2
0 -0.005 0.105 0 2
0 -0.005 0.115 0 2
0 -0.005 0.125 0 2
0 -0.005 0.135 0 2
0 -0.005 0.145 0 2
0 -0.005 0.155 0 2
0 -0.005 0.165 0 2
0 -0.005 0.175 0 2
0 -0.005 0.185 0 2
0 -0.005 0.195 0 2
0 -0.005 0.205 0 2
0 -0.005 0.215 0 1
0 -0.005 0.225 0 1
0 -0.005 0.235 0 1
0 -0.005 0.245 0 1
0 -0.005 0.255 0 1
0 -0.005 0.265 0 2
0 -0.005 0.275 0 2
0 -0.005 0.285 0 2
0 -0.005 0.295 0 2
0 -0.005 0.305 0 2
0 -0.005 0.315 0 2
0 -0.005 0.325 0 2
0 -0.005 0.335 0 2
0 -0.005 0.345 0 2
0 -0.005 0.355 0 2
0 -0.005 0.365 0 2
0 -0.005 0.375 0 2
0 -0.005 0.385 0 2
0 -0.005 0.395 0 2
0 -0.005 0.405 0 2
0 -0.005 0.415 0 2
0 -0.005 0.425 0 2
0 -0.005 0.435 0 2
0 -0.005 0.445 0 2
0 -0.005 0.455 0 2
0 -0.005 0.465 0 2
0 -0.005 0.475 0 2
0 -0.005 0.485 0 2
0 -0.005 0.495 0 2
0 -0.005 0.505 0 2
0 -0.005 0.515 0 2
0 -0.005 0.525 0 2
0 -0.005 0.535 0 2
0 -0.005 0.545 0 2
0 -0.005 0.555 0 2
0 -0.005 0.565 0 2
0 0.005 -0.555 0 2
0 0.005 -0.545 0 2
0 0.005 -0.535 0 2
0 0.005 -0.525 0 2
0 0.005 -0.515 0 2
0 0.005 -0.505 0 2
0 0.005 -0.495 -0.0001351374067 2
0 0.005 -0.485 -0.0001594677673 2
0 0.005 -0.475 -0.0001657183676 2
0 0.005 -0.465 -0.0001578537229 2
0 0.005 -0.455 -0.0001452011646 2
0 0.005 -0.445 -0.0001305105117 2
0 0.005 -0.435 -0.0001157204644 2
0 0.005 -0.425 -0.0001014689539 2
0 0.005 -0.415 -8.772673934e-05 2
0 0.005 -0.405 -7.425674102e-05 2
0 0.005 -0.395 -6.154376529e-05 2
0 0.005 -0.385 -4.786343733e-05 1
0 0.005 -0.375 -3.319726428e-05 1
0 0.005 -0.365 -2.169304882e-05 1
0 0.005 -0.355 -1.336596496e-05 1
0 0.005 -0.345 -5.984192986e-06 1
0 0.005 -0.335 2.150089621e-06 1
0 0.005 -0.325 1.2066873e-05 1
0 0.005 -0.315 2.259748393e-05 2
0 0.005 -0.305 2.993950081e-05 2
0 0.005 -0.295 3.982860309e-05 2
0 0.005 -0.285 5.100296378e-05 2
0 0.005 -0.275 5.926907743e-05 2
0 0.005 -0.265 6.427819246e-05 2
0 0.005 -0.255 6.802319739e-05 2
0 0.005 -0.245 7.096258903e-05 2
0 0.005 -0.235 7.338944029e-05 2
0 0.005 -0.225 7.541704788e-05 2
0 0.005 -0.215 7.708613141e-05 2
0 0.005 -0.205 7.839188997e-05 2
0 0.005 -0.195 7.930588085e-05 2
0 0.005 -0.185 7.978772676e-05 2
0 0.005 -0.175 7.979297381e-05 2
0 0.005 -0.165 7.927810562e-05 2
0 0.005 -0.155 7.820400504e-05 2
0 0.005 -0.145 7.653847355e-05 2
0 0.005 -0.135 7.425824746e-05 2
0 0.005 -0.125 7.135079422e-05 2
0 0.005 -0.115 6.781609577e-05 2
0 0.005 -0.105 6.366857201e-05 2
0 0.005 -0.095 5.893925478e-05 2
0 0.005 -0.085 5.367822683e-05 2
0 0.005 -0.075 4.795722908e-05 2
0 0.005 -0.065 4.187197111e-05 2
0 0.005 -0.055 3.554335766e-05 2
0 0.005 -0.045 2.911587382e-05 2
0 0.005 -0.035 2.27505189e-05 2
0 0.005 -0.025 1.660954649e-05 2
0 0.005 -0.015 1.082810178e-05 2
0 0.005 -0.005 5.476314039e-06 2
0 0.005 0.005 5.169148957e-07 2
0 0.005 0.015 -4.217615921e-06 2
0 0.005 0.025 -9.007865957e-06 2
0 0.005 0.035 -1.415807552e-05 2
0 0.005 0.045 -1.986706243e-05 2
0 0.005 0.055 -2.613595891e-05 2
0 0.005 0.065 -3.278041232e-05 2
0 0.005 0.075 -3.951658924e-05 2
0 0.005 0.085 -4.604382127e-05 2
0 0.005 0.095 -5.209209202e-05 2
0 0.005 0.105 -5.744378859e-05 2
0 0.005 0.115 -6.192350622e-05 2
0 0.005 0.125 -6.536540011e-05 2
0 0.005 0.135 -6.751180384e-05 2
0 0.005 0.145 -6.79654117e-05 2
0 0.005 0.155 -6.620194961e-05 2
0 0.005 0.165 -6.261266495e-05 2
0 0.005 0.175 -5.973259248e-05 2
0 0.005 0.185 -5.983091178e-05 2
0 0.005 0.195 -5.924567493e-05 1
0 0.005 0.205 -5.651702352e-05 1
0 0.005 0.215 -5.561239257e-05 1
0 0.005 0.225 -5.728061972e-05 1
0 0.005 0.235 -5.917018199e-05 1
0 0.005 0.245 -6.279584296e-05 1
0 0.005 0.255 -6.862703994e-05 1
0 0.005 0.265 -7.043265896e-05 1
0 0.005 0.275 -6.143230748e-05 2
0 0.005 0.285 -5.189154537e-05 2
0 0.005 0.295 -4.313549279e-05 2
0 0.005 0.305 -3.745057859e-05 2
0 0.005 0.315 -3.132957464e-05 2
0 0.005 0.325 -2.431609096e-05 2
0 0.005 0.335 -1.611188731e-05 2
0 0.005 0.345 -6.815310858e-06 2
0 0.005 0.355 3.449449541e-06 2
0 0.005 0.365 1.458129006e-05 2
0 0.005 0.375 2.651784015e-05 2
0 0.005 0.385 3.9223375e-05 2
0 0.005 0.395 5.263755248e-05 2
0 0.005 0.405 6.664135284e-05 2
0 0.005 0.415 8.101496402e-05 2
0 0.005 0.425 9.556008444e-05 2
0 0.005 0.435 0.0001087117172 2
0 0.005 0.445 0.0001218036821 2
0 0.005 0.455 0.0001370570822 2
0 0.005 0.465 0.0001523397294 2
0 0.005 0.475 0.0001643884209 2
0 0.005 0.485 0.0001609796594 2
0 0.005 0.495 0.0001367538942 2
0 0.005 0.505 0 2
0 0.005 0.515 0 2
0 0.005 0.525 0 2
0 0.005 0.535 0 2
0 0.005 0.545 0 2
0 0.005 0.555 0 2
0 0.005 0.565 0 2
0 0.015 -0.555 0 2
0 0.015 -0.545 0 2
0 0.015 -0.535 0 2
0 0.015 -0.525 0 2
0 0.015 -0.515 0 2
0 0.015 -0.505 0 2
0 0.015 -0.495 -0.0001725689793 2
0 0.015 -0.485 -0.0002267646765 2
0 0.015 -0.475 -0.0002621450851 2
0 0.015 -0.465 -0.0002721150936 2
0 0.015 -0.455 -0.0002717583054 2
0 0.015 -0.445 -0.0002648295795 2
0 0.015 -0.435 -0.0002548248891 2
0 0.015 -0.425 -0.0002430125308 2
0 0.015 -0.415 -0.0002294963833 2
0 0.015 -0.405 -0.0002148865171 2
0 0.015 -0.395 -0.0001962025538 2
0 0.015 -0.385 -0.0001719616104 2
0 0.015 -0.375 -0.0001451691199 1
0 0.015 -0.365 -0.0001259902037 1
0 0.015 -0.355 -0.0001101993132 1
0 0.015 -0.345 -9.274318559e-05 1
0 0.015 -0.335 -7.458740617e-05 1
0 0.015 -0.325 -5.65003823e-05 2
0 0.015 -0.315 -3.698310068e-05 2
0 0.015 -0.305 -1.247395211e-05 2
0 0.015 -0.295 1.679288695e-05 2
0 0.015 -0.285 4.497429024e-05 2
0 0.015 -0.275 6.946414537e-05 2
0 0.015 -0.265 9.223237752e-05 2
0 0.015 -0.255 0.0001134382838 2
0 0.015 -0.245 0.0001334219098 2
0 0.015 -0.235 0.0001523131746 2
0 0.015 -0.225 0.000170054082 2
0 0.015 -0.215 0.0001864921972 2
0 0.015 -0.205 0.0002014182953 2
0 0.015 -0.195 0.0002145995132 2
0 0.015 -0.185 0.0002257996267 2
0 0.015 -0.175 0.000234793696 2
0 0.015 -0.165 0.0002413783764 2
0 0.015 -0.155 0.0002453795932 2
0 0.015 -0.145 0.0002466584271 2
0 0.015 -0.135 0.0002451157987 2
0 0.015 -0.125 0.0002406963388 2
0 0.015 -0.115 0.0002333917347 2
0 0.015 -0.105 0.0002232437755 2
0 0.015 -0.095 0.0002103472819 2
0 0.015 -0.085 0.0001948529898 2
0 0.015 -0.075 0.0001769703824 2
0 0.015 -0.065 0.0001569699377 2
0 0.015 -0.055 0.000135184182 2
0 0.015 -0.045 0.0001120050069 2
0 0.015 -0.035 8.787491298e-05 2
0 0.015 -0.025 6.326686482e-05 2
0 0.015 -0.015 3.864348001e-05 2
0 0.015 -0.005 1.440379245e-05 2
0 0.015 0.005 -9.192518141e-06 2
0 0.015 0.015 -3.20923453e-05 2
0 0.015 0.025 -5.445918381e-05 2
0 0.015 0.035 -7.653502684e-05 2
0 0.015 0.045 -9.842245973e-05 2
0 0.015 0.055 -0.0001199202458 2
0 0.015 0.065 -0.0001405603479 2
0 0.015 0.075 -0.0001597814283 2
0 0.015 0.085 -0.0001770512152 2
0 0.015 0.095 -0.000191896592 2
0 0.015 0.105 -0.0002039156529 2
0 0.015 0.115 -0.0002127874842 2
0 0.015 0.125 -0.0002182866821 2
0 0.015 0.135 -0.0002200993964 2
0 0.015 0.145 -0.0002178278687 2
0 0.015 0.155 -0.0002113836641 2
0 0.015 0.165 -0.0002003240992 2
0 0.015 0.175 -0.0001862506568 2
0 0.015 0.185 -0.0001712798964 1
0 0.015 0.195 -0.0001578669235 1
0 0.015 0.205 -0.0001429390853 1
0 0.015 0.215 -0.0001326669594 1
0 0.015 0.225 -0.0001275804055 1
0 0.015 0.235 -0.0001242898389 1
0 0.015 0.245 -0.0001235454303 1
0 0.015 0.255 -0.0001226342197 1
0 0.015 0.265 -0.0001114816724 1
0 0.015 0.275 -8.167828169e-05 2
0 0.015 0.285 -5.119324887e-05 2
0 0.015 0.295 -2.453550793e-05 2
0 0.015 0.305 -1.499898312e-06 2
0 0.015 0.315 2.119957607e-05 2
0 0.015 0.325 4.378295423e-05 2
0 0.015 0.335 6.633417407e-05 2
0 0.015 0.345 8.856521888e-05 2
0 0.015 0.355 0.0001102501908 2
0 0.015 0.365 0.0001312459978 2
0 0.015 0.375 0.0001515074727 2
0 0.015 0.385 0.0001710375086 2
0 0.015 0.395 0.0001897243347 2
0 0.015 0.405 0.0002073032748 2
0 0.015 0.415 0.0002234510164 2
0 0.015 0.425 0.0002380046772 2
0 0.015 0.435 0.0002509979286 2
0 0.015 0.445 0.0002621013878 2
0 0.015 0.455 0.0002703016194 2
0 0.015 0.465 0.0002721407571 2
0 0.015 0.475 0.000263430491 2
0 0.015 0.485 0.0002285126506 2
0 0.015 0.495 0.000174095392 2
0 0.015 0.505 0 2
0 0.015 0.515 0 2
0 0.015 0.525 0 2
0 0.015 0.535 0 2
0 0.015 0.545 0 2
0 0.015 0.555 0 2
0 0.015 0.565 0 2
0 0.025 -0.555 0 2
0 0.025 -0.545 0 2
0 0.025 -0.535 0 2
0 0.025 -0.525 0 2
0 0.025 -0.515 0 2
0 0.025 -0.505 0 2
0 0.025 -0.495 -0.000195754446 2
0 0.025 -0.485 -0.0002792126315 2
0 0.025 -0.475 -0.0003495083223 2
0 0.025 -0.465 -0.0003879155487 2
0 0.025 -0.455 -0.000411457587 2
0 0.025 -0.445 -0.0004233599573 2
0 0.025 -0.435 -0.0004280328101 2
0 0.025 -0.425 -0.0004270395734 2
0 0.025 -0.415 -0.000421879678 2
0 0.025 -0.405 -0.000410831818 2
0 0.025 -0.395 -0.0003893499412 2
0 0.025 -0.385 -0.0003604059494 2
0 0.025 -0.375 -0.0003286537775 1
0 0.025 -0.365 -0.0003018561548 1
0 0.025 -0.355 -0.000276522749 1
0 0.025 -0.345 -0.0002499710278 1
0 0.025 -0.335 -0.0002212981649 2
0 0.025 -0.325 -0.0001871769897 2
0 0.025 -0.315 -0.0001448975727 2
0 0.025 -0.305 -9.627940752e-05 2
0 0.025 -0.295 -4.45097662e-05 2
0 0.025 -0.285 6.834964455e-06 2
0 0.025 -0.275 5.791342766e-05 2
0 0.025 -0.265 0.0001079400641 2
0 0.025 -0.255 0.0001566654093 2
0 0.025 -0.245 0.0002039617358 2
0 0.025 -0.235 0.0002495381914 2
0 0.025 -0.225 0.0002929524126 2
0 0.025 -0.215 0.0003336766585 2
0 0.025 -0.205 0.000371139623 2
0 0.025 -0.195 0.0004047647677 2
0 0.025 -0.185 0.0004339968493 2
0 0.025 -0.175 0.0004583224593 2
0 0.025 -0.165 0.0004772858287 2
0 0.025 -0.155 0.0004905013071 2
0 0.025 -0.145 0.0004976633173 2
0 0.025 -0.135 0.0004985542916 2
0 0.025 -0.125 0.0004930509596 2
0 0.025 -0.115 0.000481129276 2
0 0.025 -0.105 0.0004628682428 2
0 0.025 -0.095 0.0004384528851 2
0 0.025 -0.085 0.00040817655 2
0 0.025 -0.075 0.0003724427815 2
0 0.025 -0.065 0.000331766393 2
0 0.025 -0.055 0.000286774087 2
0 0.025 -0.045 0.0002382013797 2
0 0.025 -0.035 0.0001868871844 2
0 0.025 -0.025 0.0001337536352 2
0 0.025 -0.015 7.976770323e-05 2
0 0.025 -0.005 2.588742645e-05 2
0 0.025 0.005 -2.710779987e-05 2
0 0.025 0.015 -7.86496416e-05 2
0 0.025 0.025 -0.000128494403 2
0 0.025 0.035 -0.0001766340152 2
0 0.025 0.045 -0.0002229462919 2
0 0.025 0.055 -0.0002668414778 2
0 0.025 0.065 -0.000307475385 2
0 0.025 0.075 -0.0003440545731 2
0 0.025 0.085 -0.0003758939617 2
0 0.025 0.095 -0.0004023430104 2
0 0.025 0.105 -0.0004227610175 2
0 0.025 0.115 -0.0004365901933 2
0 0.025 0.125 -0.0004434734305 2
0 0.025 0.135 -0.0004430051726 2
0 0.025 0.145 -0.0004351167513 2
0 0.025 0.155 -0.0004180139469 2
0 0.025 0.165 -0.0003918290488 2
0 0.025 0.175 -0.0003577157457 1
0 0.025 0.185 -0.0003293418788 1
0 0.025 0.195 -0.00030265525 1
0 0.025 0.205 -0.0002762838335 1
0 0.025 0.215 -0.0002517236253 1
0 0.025 0.225 -0.0002287173387 1
0 0.025 0.235 -0.0002070077211 1
0 0.025 0.245 -0.0001863912793 1
0 0.025 0.255 -0.0001661231761 1
0 0.025 0.265 -0.000137246851 1
0 0.025 0.275 -8.69427534e-05 2
0 0.025 0.285 -2.888811553e-05 2
0 0.025 0.295 2.806358447e-05 2
0 0.025 0.305 7.827807523e-05 2
0 0.025 0.315 0.0001260198148 2
0 0.025 0.325 0.0001712033149 2
0 0.025 0.335 0.0002136773034 2
0 0.025 0.345 0.000252898861 2
0 0.025 0.355 0.0002884541975 2
0 0.025 0.365 0.000320074287 2
0 0.025 0.375 0.0003478073486 2
0 0.025 0.385 0.0003718518779 2
0 0.025 0.395 0.0003921656736 2
0 0.025 0.405 0.0004083506357 2
0 0.025 0.415 0.0004199439191 2
0 0.025 0.425 0.0004266010104 2
0 0.025 0.435 0.0004281440625 2
0 0.025 0.445 0.0004240689754 2
0 0.025 0.455 0.0004130495375 2
0 0.025 0.465 0.0003906610261 2
0 0.025 0.475 0.0003531357703 2
0 0.025 0.485 0.0002827345665 2
0 0.025 0.495 0.0001983808416 2
0 0.025 0.505 0 2
0 0.025 0.515 0 2
0 0.025 0.525 0 2
0 0.025 0.535 0 2
0 0.025 0.545 0 2
0 0.025 0.555 0 2
0 0.025 0.565 0 2
0 0.035 -0.555 0 2
0 0.035 -0.545 0 2
0 0.035 -0.535 0 2
0 0.035 -0.525 0 2
0 0.035 -0.515 0 2
0 0.035 -0.505 0 2
0 0.035 -0.495 -0.0002190400582 2
0 0.035 -0.485 -0.0003278840778 2
0 0.035 -0.475 -0.0004302760778 2
0 0.035 -0.465 -0.0005003007331 2
0 0.035 -0.455 -0.0005533736066 2
0 0.035 -0.445 -0.0005907988485 2
0 0.035 -0.435 -0.0006166958809 2
0 0.035 -0.425 -0.0006321753329 2
0 0.035 -0.415 -0.0006395690728 2
0 0.035 -0.405 -0.0006346974637 2
0 0.035 -0.395 -0.0006161256265 2
0 0.035 -0.385 -0.0005894275161 1
0 0.035 -0.375 -0.0005641659733 1
0 0.035 -0.365 -0.0005339055956 1
0 0.035 -0.355 -0.0005011535486 2
0 0.035 -0.345 -0.0004614389997 2
0 0.035 -0.335 -0.0004146788722 2
0 0.035 -0.325 -0.0003583625633 2
0 0.035 -0.315 -0.000289744092 2
0 0.035 -0.305 -0.0002146903253 2
0 0.035 -0.295 -0.0001363937877 2
0 0.035 -0.285 -5.482834965e-05 2
0 0.035 -0.275 2.828246996e-05 2
0 0.035 -0.265 0.0001118027717 2
0 0.035 -0.255 0.0001949160477 2
0 0.035 -0.245 0.0002767332619 2
0 0.035 -0.235 0.0003562905023 2
0 0.035 -0.225 0.0004325617395 2
0 0.035 -0.215 0.0005044849044 2
0 0.035 -0.205 0.000570997165 2
0 0.035 -0.195 0.0006310685021 2
0 0.035 -0.185 0.0006837303757 2
0 0.035 -0.175 0.0007280998333 2
0 0.035 -0.165 0.0007634000328 2
0 0.035 -0.155 0.0007889773435 2
0 0.035 -0.145 0.0008043154685 2
0 0.035 -0.135 0.0008090467363 2
0 0.035 -0.125 0.0008029607804 2
0 0.035 -0.115 0.0007860107984 2
0 0.035 -0.105 0.0007583176255 2
0 0.035 -0.095 0.0007201719308 2
0 0.035 -0.085 0.0006720348253 2
0 0.035 -0.075 0.0006145374945 2
0 0.035 -0.065 0.0005484797712 2
0 0.035 -0.055 0.0004748296417 2
0 0.035 -0.045 0.0003947195415 2
0 0.035 -0.035 0.0003094494384 2
0 0.035 -0.025 0.0002204677788 2
0 0.035 -0.015 0.000129370169 2
0 0.035 -0.005 3.782971436e-05 2
0 0.035 0.005 -5.259455986e-05 2
0 0.035 0.015 -0.0001403991049 2
0 0.035 0.025 -0.0002246564335 2
0 0.035 0.035 -0.0003051620379 2
0 0.035 0.045 -0.0003814992965 2
0 0.035 0.055 -0.0004524122793 2
0 0.035 0.065 -0.0005166069167 2
0 0.035 0.075 -0.0005731705604 2
0 0.035 0.085 -0.0006214392196 2
0 0.035 0.095 -0.0006607558906 2
0 0.035 0.105 -0.0006903093275 2
0 0.035 0.115 -0.0007091717688 2
0 0.035 0.125 -0.0007165750518 2
0 0.035 0.135 -0.0007118881559 2
0 0.035 0.145 -0.000695497108 2
0 0.035 0.155 -0.0006634231554 2
0 0.035 0.165 -0.000619170012 2
0 0.035 0.175 -0.0005694398374 1
0 0.035 0.185 -0.0005272965705 1
0 0.035 0.195 -0.0004829155457 1
0 0.035 0.205 -0.0004373149563 1
0 0.035 0.215 -0.0003914511382 1
0 0.035 0.225 -0.0003461211103 1
0 0.035 0.235 -0.0003015823658 1
0 0.035 0.245 -0.0002571358148 1
0 0.035 0.255 -0.0002101148683 1
0 0.035 0.265 -0.0001455774959 2
0 0.035 0.275 -6.77492449e-05 2
0 0.035 0.285 2.290458198e-05 2
0 0.035 0.295 0.0001124734896 2
0 0.035 0.305 0.0001947672694 2
0 0.035 0.315 0.0002721184858 2
0 0.035 0.325 0.0003439688502 2
0 0.035 0.335 0.0004104248082 2
0 0.035 0.345 0.0004686777064 2
0 0.035 0.355 0.0005181929121 2
0 0.035 0.365 0.0005595526126 2
0 0.035 0.375 0.0005929436001 2
0 0.035 0.385 0.0006185599758 2
0 0.035 0.395 0.0006374148919 2
0 0.035 0.405 0.0006481178805 2
0 0.035 0.415 0.0006489383184 2
0 0.035 0.425 0.0006403939685 2
0 0.035 0.435 0.0006239206905 2
0 0.035 0.445 0.0005974979568 2
0 0.035 0.455 0.000559779427 2
0 0.035 0.465 0.00050652591 2
0 0.035 0.475 0.0004360000239 2
0 0.035 0.485 0.0003323969414 2
0 0.035 0.495 0.0002220263193 2
0 0.035 0.505 0 2
0 0.035 0.515 0 2
0 0.035 0.525 0 2
0 0.035 0.535 0 2
0 0.035 0.545 0 2
0 0.035 0.555 0 2
0 0.035 0.565 0 2
0 0.045 -0.555 0 2
0 0.045 -0.545 0 2
0 0.045 -0.535 0 2
0 0.045 -0.525 0 2
0 0.045 -0.515 0 2
0 0.045 -0.505 0 2
0 0.045 -0.495 -0.0002417922138 2
0 0.045 -0.485 -0.000375434395 2
0 0.045 -0.475 -0.0005100505709 2
0 0.045 -0.465 -0.0006132164581 2
0 0.045 -0.455 -0.000698764795 2
0 0.045 -0.445 -0.000765641006 2
0 0.045 -0.435 -0.0008168883446 2
0 0.045 -0.425 -0.0008526764177 2
0 0.045 -0.415 -0.0008747969083 2
0 0.045 -0.405 -0.0008795721811 2
0 0.045 -0.395 -0.0008674010575 1
0 0.045 -0.385 -0.0008490216126 1
0 0.045 -0.375 -0.0008234496306 1
0 0.045 -0.365 -0.0007886720697 1
0 0.045 -0.355 -0.0007495589475 1
0 0.045 -0.345 -0.000704044942 1
0 0.045 -0.335 -0.0006433718664 2
0 0.045 -0.325 -0.0005632084918 2
0 0.045 -0.315 -0.0004678221731 2
0 0.045 -0.305 -0.0003635438026 2
0 0.045 -0.295 -0.000252338692 2
0 0.045 -0.285 -0.0001361086515 2
0 0.045 -0.275 -1.594852368e-05 2
0 0.045 -0.265 0.0001064160991 2
0 0.045 -0.255 0.0002294668807 2
0 0.045 -0.245 0.0003514574657 2
0 0.045 -0.235 0.0004706620587 2
0 0.045 -0.225 0.0005853532029 2
0 0.045 -0.215 0.0006938268287 2
0 0.045 -0.205 0.0007944340255 2
0 0.045 -0.195 0.000885607557 2
0 0.045 -0.185 0.000965892085 2
0 0.045 -0.175 0.001033971127 2
0 0.045 -0.165 0.001088692268 2
0 0.045 -0.155 0.001129088998 2
0 0.045 -0.145 0.001154399168 2
0 0.045 -0.135 0.001164079731 2
0 0.045 -0.125 0.001157817765 2
0 0.045 -0.115 0.001135537802 2
0 0.045 -0.105 0.001097405653 2
0 0.045 -0.095 0.001043829018 2
0 0.045 -0.085 0.0009754552468 2
0 0.045 -0.075 0.0008931671716 2
0 0.045 -0.065 0.0007980771511 2
0 0.045 -0.055 0.0006915231824 2
0 0.045 -0.045 0.0005750615055 2
0 0.045 -0.035 0.0004504789446 2
0 0.045 -0.025 0.0003197679415 2
0 0.045 -0.015 0.0001852074705 2
0 0.045 -0.005 4.920651982e-05 2
0 0.045 0.005 -8.561308026e-05 2
0 0.045 0.015 -0.000216383264 2
0 0.045 0.025 -0.0003432235973 2
0 0.045 0.035 -0.0004624476203 2
0 0.045 0.045 -0.0005726189994 2
0 0.045 0.055 -0.0006725139844 2
0 0.045 0.065 -0.0007608017658 2
0 0.045 0.075 -0.0008364899845 2
0 0.045 0.085 -0.0009009754909 2
0 0.045 0.095 -0.0009540296599 2
0 0.045 0.105 -0.0009935454998 2
0 0.045 0.115 -0.001017763424 2
0 0.045 0.125 -0.001025412908 2
0 0.045 0.135 -0.001015078449 2
0 0.045 0.145 -0.0009853964666 2
0 0.045 0.155 -0.0009357418609 2
0 0.045 0.165 -0.0008719395229 1
0 0.045 0.175 -0.0008150345101 1
0 0.045 0.185 -0.0007566445696 1
0 0.045 0.195 -0.000690938335 1
0 0.045 0.205 -0.0006225146521 1
0 0.045 0.215 -0.0005517237003 1
0 0.045 0.225 -0.0004799018367 1
0 0.045 0.235 -0.0004069900755 1
0 0.045 0.245 -0.0003329980362 1
0 0.045 0.255 -0.0002520435716 1
0 0.045 0.265 -0.0001478168753 2
0 0.045 0.275 -2.80409581e-05 2
0 0.045 0.285 0.0001014112544 2
0 0.045 0.295 0.000225621326 2
0 0.045 0.305 0.0003427407948 2
0 0.045 0.315 0.0004533720878 2
0 0.045 0.325 0.0005540791847 2
0 0.045 0.335 0.0006449806101 2
0 0.045 0.345 0.0007217601639 2
0 0.045 0.355 0.0007836009129 2
0 0.045 0.365 0.0008320200131 2
0 0.045 0.375 0.0008676861199 2
0 0.045 0.385 0.0008918434515 2
0 0.045 0.395 0.0009056319122 2
0 0.045 0.405 0.0009085539428 2
0 0.045 0.415 0.0008975926338 2
0 0.045 0.425 0.000871314794 2
0 0.045 0.435 0.0008313069326 2
0 0.045 0.445 0.0007779992102 2
0 0.045 0.455 0.000709529162 2
0 0.045 0.465 0.0006226775357 2
0 0.045 0.475 0.0005179274206 2
0 0.045 0.485 0.0003811526924 2
0 0.045 0.495 0.0002453079078 2
0 0.045 0.505 0 2
0 0.045 0.515 0 2
0 0.045 0.525 0 2
0 0.045 0.535 0 2
0 0.045 0.545 0 2
0 0.045 0.555 0 2
0 0.045 0.565 0 2
0 0.055 -0.555 0 2
0 0.055 -0.545 0 2
0 0.055 -0.535 0 2
0 0.055 -0.525 0 2
0 0.055 -0.515 0 2
0 0.055 -0.505 0 2
0 0.055 -0.495 -0.0002663156755 2
0 0.055 -0.485 -0.0004246279775 2
0 0.055 -0.475 -0.0005910585335 2
0 0.055 -0.465 -0.0007273499077 2
0 0.055 -0.455 -0.0008462674271 2
0 0.055 -0.445 -0.0009443944221 2
0 0.055 -0.435 -0.00102336909 2
0 0.055 -0.425 -0.001082285774 2
0 0.055 -0.415 -0.001122447558 2
0 0.055 -0.405 -0.001140855305 2
0 0.055 -0.395 -0.001137300524 1
0 0.055 -0.385 -0.001121478269 1
0 0.055 -0.375 -0.001094609394 1
0 0.055 -0.365 -0.001056427729 1
0 0.055 -0.355 -0.001010140557 1
0 0.055 -0.345 -0.0009548198084 1
0 0.055 -0.335 -0.0008861557846 1
0 0.055 -0.325 -0.0007922163033 2
0 0.055 -0.315 -0.0006713524492 2
0 0.055 -0.305 -0.0005342247113 2
0 0.055 -0.295 -0.0003862821355 2
0 0.055 -0.285 -0.0002321500943 2
0 0.055 -0.275 -7.12435561e-05 2
0 0.055 -0.265 9.379605393e-05 2
0 0.055 -0.255 0.0002606172744 2
0 0.055 -0.245 0.0004266419163 2
0 0.055 -0.235 0.0005893133029 2
0 0.055 -0.225 0.0007461555194 2
0 0.055 -0.215 0.000894766621 2
0 0.055 -0.205 0.001032857175 2
0 0.055 -0.195 0.001158270056 2
0 0.055 -0.185 0.001269014578 2
0 0.055 -0.175 0.001363297286 2
0 0.055 -0.165 0.001439552722 2
0 0.055 -0.155 0.001496470486 2
0 0.055 -0.145 0.001533018315 2
0 0.055 -0.135 0.001548460381 2
0 0.055 -0.125 0.001542370589 2
0 0.055 -0.115 0.001514640768 2
0 0.055 -0.105 0.001465483798 2
0 0.055 -0.095 0.001395431942 2
0 0.055 -0.085 0.001305330684 2
0 0.055 -0.075 0.001196329128 2
0 0.055 -0.065 0.001069867012 2
0 0.055 -0.055 0.0009276636667 2
0 0.055 -0.045 0.0007717010177 2
0 0.055 -0.035 0.0006042384361 2
0 0.055 -0.025 0.0004277646206 2
0 0.055 -0.015 0.000245189575 2
0 0.055 -0.005 5.945562005e-05 2
0 0.055 0.005 -0.000125398117 2
0 0.055 0.015 -0.0003062014026 2
0 0.055 0.025 -0.0004797444628 2
0 0.055 0.035 -0.0006390148096 2
0 0.055 0.045 -0.0007833775324 2
0 0.055 0.055 -0.0009115098575 2
0 0.055 0.065 -0.001022803435 2
0 0.055 0.075 -0.001118111782 2
0 0.055 0.085 -0.001199839861 2
0 0.055 0.095 -0.00126633891 2
0 0.055 0.105 -0.001316636617 2
0 0.055 0.115 -0.001348541387 2
0 0.055 0.125 -0.001357564954 2
0 0.055 0.135 -0.001342065052 2
0 0.055 0.145 -0.001298521095 2
0 0.055 0.155 -0.001234931415 2
0 0.055 0.165 -0.001156670771 1
0 0.055 0.175 -0.001082754454 1
0 0.055 0.185 -0.001005816317 1
0 0.055 0.195 -0.0009195489452 1
0 0.055 0.205 -0.0008263940998 1
0 0.055 0.215 -0.0007277072764 1
0 0.055 0.225 -0.0006260137022 1
0 0.055 0.235 -0.0005210052 1
0 0.055 0.245 -0.0004116258373 1
0 0.055 0.255 -0.0002795533424 2
0 0.055 0.265 -0.0001277895538 2
0 0.055 0.275 3.724695457e-05 2
0 0.055 0.285 0.0002042191407 2
0 0.055 0.295 0.0003636267011 2
0 0.055 0.305 0.0005171363598 2
0 0.055 0.315 0.0006615447268 2
0 0.055 0.325 0.0007902045705 2
0 0.055 0.335 0.000903364408 2
0 0.055 0.345 0.0009948374058 2
0 0.055 0.355 0.001059951729 1
0 0.055 0.365 0.001107576526 1
0 0.055 0.375 0.001141640707 1
0 0.055 0.385 0.001164145796 1
0 0.055 0.395 0.001173880757 1
0 0.055 0.405 0.001173120611 2
0 0.055 0.415 0.001151581018 2
0 0.055 0.425 0.001108005809 2
0 0.055 0.435 0.001043131423 2
0 0.055 0.445 0.0009613254913 2
0 0.055 0.455 0.0008606396822 2
0 0.055 0.465 0.0007394379433 2
0 0.055 0.475 0.0006005345162 2
0 0.055 0.485 0.0004310797303 2
0 0.055 0.495 0.0002700110335 2
0 0.055 0.505 0 2
0 0.055 0.515 0 2
0 0.055 0.525 0 2
0 0.055 0.535 0 2
0 0.055 0.545 0 2
0 0.055 0.555 0 2
0 0.055 0.565 0 2
0 0.065 -0.555 0 2
0 0.065 -0.545 0 2
0 0.065 -0.535 0 2
0 0.065 -0.525 0 2
0 0.065 -0.515 0 2
0 0.065 -0.505 0 2
0 0.065 -0.495 -0.0002923960051 2
0 0.065 -0.485 -0.0004755552596 2
0 0.065 -0.475 -0.0006736160523 2
0 0.065 -0.465 -0.0008427040818 2
0 0.065 -0.455 -0.0009950414439 2
0 0.065 -0.445 -0.001125022659 2
0 0.065 -0.435 -0.00123282142 2
0 0.065 -0.425 -0.001316410643 2
0 0.065 -0.415 -0.001376958716 2
0 0.065 -0.405 -0.001410104554 2
0 0.065 -0.395 -0.001414140839 1
0 0.065 -0.385 -0.00140052266 1
0 0.065 -0.375 -0.001372195851 1
0 0.065 -0.365 -0.001330188999 1
0 0.065 -0.355 -0.001275735748 1
0 0.065 -0.345 -0.001208877001 1
0 0.065 -0.335 -0.001129452819 1
0 0.065 -0.325 -0.001028293176 1
0 0.065 -0.315 -0.0008918354572 2
0 0.065 -0.305 -0.000722896012 2
0 0.065 -0.295 -0.0005347586584 2
0 0.065 -0.285 -0.0003395954515 2
0 0.065 -0.275 -0.0001350699171 2
0 0.065 -0.265 7.552229239e-05 2
0 0.065 -0.255 0.0002887562693 2
0 0.065 -0.245 0.0005013361353 2
0 0.065 -0.235 0.0007098841505 2
0 0.065 -0.225 0.00091119798 2
0 0.065 -0.215 0.001102169108 2
0 0.065 -0.205 0.001279847278 2
0 0.065 -0.195 0.001441458123 2
0 0.065 -0.185 0.001584446853 2
0 0.065 -0.175 0.001706515726 2
0 0.065 -0.165 0.001805662117 2
0 0.065 -0.155 0.001880211672 2
0 0.065 -0.145 0.001928846454 2
0 0.065 -0.135 0.001950626943 2
0 0.065 -0.125 0.001945007617 2
0 0.065 -0.115 0.001911845868 2
0 0.065 -0.105 0.001851404181 2
0 0.065 -0.095 0.001764345737 2
0 0.065 -0.085 0.001651723571 2
0 0.065 -0.075 0.001514964235 2
0 0.065 -0.065 0.001355845585 2
0 0.065 -0.055 0.001176474536 2
0 0.065 -0.045 0.0009792538464 2
0 0.065 -0.035 0.0007668868094 2
0 0.065 -0.025 0.0005422856808 2
0 0.065 -0.015 0.000308854136 2
0 0.065 -0.005 6.97353789e-05 2
0 0.065 0.005 -0.0001696202976 2
0 0.065 0.015 -0.0004077168022 2
0 0.065 0.025 -0.0006336423469 2
0 0.065 0.035 -0.0008380118271 2
0 0.065 0.045 -0.001013811498 1
0 0.065 0.055 -0.001153410712 1
0 0.065 0.065 -0.001278216498 1
0 0.065 0.075 -0.001388791963 1
0 0.065 0.085 -0.001485100741 1
0 0.065 0.095 -0.001573556048 2
0 0.065 0.105 -0.001641798821 2
0 0.065 0.115 -0.001687347143 2
0 0.065 0.125 -0.00170274438 2
0 0.065 0.135 -0.001687016259 2
0 0.065 0.145 -0.001633920213 2
0 0.065 0.155 -0.00155751947 2
0 0.065 0.165 -0.001463571918 1
0 0.065 0.175 -0.001370781029 1
0 0.065 0.185 -0.001271897926 1
0 0.065 0.195 -0.001162808946 1
0 0.065 0.205 -0.00104347335 1
0 0.065 0.215 -0.0009145510712 1
0 0.065 0.225 -0.0007821280039 1
0 0.065 0.235 -0.0006420049742 1
0 0.065 0.245 -0.0004754345977 2
0 0.065 0.255 -0.0002901598471 2
0 0.065 0.265 -8.836064308e-05 2
0 0.065 0.275 0.0001185649798 2
0 0.065 0.285 0.0003234802075 2
0 0.065 0.295 0.0005221010966 2
0 0.065 0.305 0.0007126497916 2
0 0.065 0.315 0.000890944565 2
0 0.065 0.325 0.00104598476 2
0 0.065 0.335 0.001166740197 1
0 0.065 0.345 0.001254758501 1
0 0.065 0.355 0.001324848137 1
0 0.065 0.365 0.001380024577 1
0 0.065 0.375 0.001418159877 1
0 0.065 0.385 0.0014416777 1
0 0.065 0.395 0.001448929508 1
0 0.065 0.405 0.001438184846 1
0 0.065 0.415 0.001407838892 2
0 0.065 0.425 0.001346258715 2
0 0.065 0.435 0.001255665828 2
0 0.065 0.445 0.001144700448 2
0 0.065 0.455 0.001011534433 2
0 0.065 0.465 0.0008561292553 2
0 0.065 0.475 0.0006835428334 2
0 0.065 0.485 0.0004818455308 2
0 0.065 0.495 0.0002956987331 2
0 0.065 0.505 0 2
0 0.065 0.515 0 2
0 0.065 0.525 0 2
0 0.065 0.535 0 2
0 0.065 0.545 0 2
0 0.065 0.555 0 2
0 0.065 0.565 0 2
0 0.075 -0.555 0 2
0 0.075 -0.545 0 2
0 0.075 -0.535 0 2
0 0.075 -0.525 0 2
0 0.075 -0.515 0 2
0 0.075 -0.505 0 2
0 0.075 -0.495 -0.0003204244322 2
0 0.075 -0.485 -0.000528939404 2
0 0.075 -0.475 -0.0007583609695 2
0 0.075 -0.465 -0.0009593094031 2
0 0.075 -0.455 -0.00114423514 2
0 0.075 -0.445 -0.001305548542 2
0 0.075 -0.435 -0.001441881667 2
0 0.075 -0.425 -0.001549938829 2
0 0.075 -0.415 -0.001629934012 2
0 0.075 -0.405 -0.001677790613 2
0 0.075 -0.395 -0.001690404148 1
0 0.075 -0.385 -0.001680346203 1
0 0.075 -0.375 -0.001651021148 1
0 0.075 -0.365 -0.001605177519 1
0 0.075 -0.355 -0.001542906657 1
0 0.075 -0.345 -0.001465156804 1
0 0.075 -0.335 -0.001374352639 1
0 0.075 -0.325 -0.001262489813 1
0 0.075 -0.315 -0.001109841479 2
0 0.075 -0.305 -0.00091582758 2
0 0.075 -0.295 -0.0006927136734 2
0 0.075 -0.285 -0.0004538990603 2
0 0.075 -0.275 -0.0002042317576 2
0 0.075 -0.265 5.356810721e-05 2
0 0.075 -0.255 0.0003145148911 2
0 0.075 -0.245 0.0005747893484 2
0 0.075 -0.235 0.0008302476483 2
0 0.075 -0.225 0.001077016291 2
0 0.075 -0.215 0.001311297039 2
0 0.075 -0.205 0.001529478971 2
0 0.075 -0.195 0.001728160442 2
0 0.075 -0.185 0.00190420891 2
0 0.075 -0.175 0.002054808425 2
0 0.075 -0.165 0.002177506781 2
0 0.075 -0.155 0.002270255577 2
0 0.075 -0.145 0.002331443743 2
0 0.075 -0.135 0.002359923363 2
0 0.075 -0.125 0.002355027547 2
0 0.075 -0.115 0.002316580055 2
0 0.075 -0.105 0.002244896523 2
0 0.075 -0.095 0.00214077727 2
0 0.075 -0.085 0.002005491631 2
0 0.075 -0.075 0.001840754467 2
0 0.075 -0.065 0.001648693814 2
0 0.075 -0.055 0.001431815087 2
0 0.075 -0.045 0.001192947594 2
0 0.075 -0.035 0.0009352263311 2
0 0.075 -0.025 0.0006619416757 2
0 0.075 -0.015 0.0003768387216 2
0 0.075 -0.005 8.290428855e-05 2
0 0.075 0.005 -0.0002135688354 2
0 0.075 0.015 -0.0005172508049 2
0 0.075 0.025 -0.0007954546405 2
0 0.075 0.035 -0.001032299623 1
0 0.075 0.045 -0.001220319148 1
0 0.075 0.055 -0.001381010085 1
0 0.075 0.065 -0.001529883924 1
0 0.075 0.075 -0.001663260239 1
0 0.075 0.085 -0.001780496404 1
0 0.075 0.095 -0.001876436453 1
0 0.075 0.105 -0.00195277356 1
0 0.075 0.115 -0.002017164903 2
0 0.075 0.125 -0.002047667827 2
0 0.075 0.135 -0.002042332158 2
0 0.075 0.145 -0.001994423428 2
0 0.075 0.155 -0.00191309964 2
0 0.075 0.165 -0.001809392962 2
0 0.075 0.175 -0.0016822801 1
0 0.075 0.185 -0.001559150878 1
0 0.075 0.195 -0.001424713732 1
0 0.075 0.205 -0.001280309893 1
0 0.075 0.215 -0.001124367149 1
0 0.075 0.225 -0.0009470627551 2
0 0.075 0.235 -0.0007435113514 2
0 0.075 0.245 -0.0005204465438 2
0 0.075 0.255 -0.0002866290818 2
0 0.075 0.265 -3.834985245e-05 2
0 0.075 0.275 0.0002117070282 2
0 0.075 0.285 0.0004578517941 2
0 0.075 0.295 0.0006965400425 2
0 0.075 0.305 0.0009241307463 2
0 0.075 0.315 0.001128857065 2
0 0.075 0.325 0.001290592542 1
0 0.075 0.335 0.001410762068 1
0 0.075 0.345 0.001508046771 1
0 0.075 0.355 0.00158842458 1
0 0.075 0.365 0.001651301091 1
0 0.075 0.375 0.001694580559 1
0 0.075 0.385 0.001719118708 1
0 0.075 0.395 0.001724695705 1
0 0.075 0.405 0.001707790826 1
0 0.075 0.415 0.001664161442 2
0 0.075 0.425 0.001582758577 2
0 0.075 0.435 0.001466049892 2
0 0.075 0.445 0.001325829599 2
0 0.075 0.455 0.001160623634 2
0 0.075 0.465 0.0009717385701 2
0 0.075 0.475 0.0007663211016 2
0 0.075 0.485 0.0005330520178 2
0 0.075 0.495 0.0003221241128 2
0 0.075 0.505 0 2
0 0.075 0.515 0 2
0 0.075 0.525 0 2
0 0.075 0.535 0 2
0 0.075 0.545 0 2
0 0.075 0.555 0 2
0 0.075 0.565 0 2
0 0.085 -0.555 0 2
0 0.085 -0.545 0 2
0 0.085 -0.535 0 2
0 0.085 -0.525 0 2
0 0.085 -0.515 0 2
0 0.085 -0.505 0 2
0 0.085 -0.495 -0.0003506313902 2
0 0.085 -0.485 -0.0005853264224 2
0 0.085 -0.475 -0.0008458296232 2
0 0.085 -0.465 -0.001077426222 2
0 0.085 -0.455 -0.001293438932 2
0 0.085 -0.445 -0.001484242474 2
0 0.085 -0.435 -0.001647080196 2
0 0.085 -0.425 -0.001777766856 2
0 0.085 -0.415 -0.001875603071 2
0 0.085 -0.405 -0.001937912917 2
0 0.085 -0.395 -0.001958974003 1
0 0.085 -0.385 -0.001952608125 1
0 0.085 -0.375 -0.0019230225 1
0 0.085 -0.365 -0.001874522993 1
0 0.085 -0.355 -0.001805595217 1
0 0.085 -0.345 -0.001717254591 1
0 0.085 -0.335 -0.001609756771 1
0 0.085 -0.325 -0.001483062267 1
0 0.085 -0.315 -0.001324385533 1
0 0.085 -0.305 -0.001116769302 2
0 0.085 -0.295 -0.0008599775714 2
0 0.085 -0.285 -0.0005712511765 2
0 0.085 -0.275 -0.0002753753863 2
0 0.085 -0.265 3.012298034e-05 2
0 0.085 -0.255 0.0003387440464 2
0 0.085 -0.245 0.0006465260721 2
0 0.085 -0.235 0.000948669914 2
0 0.085 -0.225 0.001240693722 2
0 0.085 -0.215 0.001518131007 2
0 0.085 -0.205 0.001776714846 2
0 0.085 -0.195 0.002012413807 2
0 0.085 -0.185 0.002221513114 2
0 0.085 -0.175 0.00240067445 2
0 0.085 -0.165 0.002546992991 2
0 0.085 -0.155 0.002658044581 2
0 0.085 -0.145 0.002731924578 2
0 0.085 -0.135 0.002767277418 2
0 0.085 -0.125 0.002763316765 2
0 0.085 -0.115 0.00271983594 2
0 0.085 -0.105 0.002637208413 2
0 0.085 -0.095 0.002516378217 2
0 0.085 -0.085 0.002358840047 2
0 0.085 -0.075 0.002166609412 2
0 0.085 -0.065 0.00194218133 2
0 0.085 -0.055 0.001688482254 2
0 0.085 -0.045 0.001408799319 2
0 0.085 -0.035 0.001106739051 2
0 0.085 -0.025 0.0007860379558 2
0 0.085 -0.015 0.0004508361617 2
0 0.085 -0.005 0.0001042768715 2
0 0.085 0.005 -0.0002467849279 2
0 0.085 0.015 -0.0006092283533 2
0 0.085 0.025 -0.0009370255481 2
0 0.085 0.035 -0.00121049658 1
0 0.085 0.045 -0.001424095302 1
0 0.085 0.055 -0.001606776799 1
0 0.085 0.065 -0.001779248247 1
0 0.085 0.075 -0.001933303351 1
0 0.085 0.085 -0.002068069577 1
0 0.085 0.095 -0.002180687037 1
0 0.085 0.105 -0.002270241242 1
0 0.085 0.115 -0.002334586637 1
0 0.085 0.125 -0.002383677243 2
0 0.085 0.135 -0.002395330324 2
0 0.085 0.145 -0.002362856892 2
0 0.085 0.155 -0.00228870786 2
0 0.085 0.165 -0.002187791339 2
0 0.085 0.175 -0.00205927721 2
0 0.085 0.185 -0.001904283947 2
0 0.085 0.195 -0.001727308759 2
0 0.085 0.205 -0.001536049072 2
0 0.085 0.215 -0.001324795671 2
0 0.085 0.225 -0.001094754985 2
0 0.085 0.235 -0.0008431161616 2
0 0.085 0.245 -0.0005704025423 2
0 0.085 0.255 -0.0002860943897 2
0 0.085 0.265 9.5825974e-06 2
0 0.085 0.275 0.0003062394012 2
0 0.085 0.285 0.0006015808853 2
0 0.085 0.295 0.0008831526572 2
0 0.085 0.305 0.001140546704 2
0 0.085 0.315 0.001352189135 1
0 0.085 0.325 0.001511019695 1
0 0.085 0.335 0.001644402436 1
0 0.085 0.345 0.001757874933 1
0 0.085 0.355 0.001850947898 1
0 0.085 0.365 0.00192221975 1
0 0.085 0.375 0.001970701829 1
0 0.085 0.385 0.001995194586 1
0 0.085 0.395 0.00199790433 1
0 0.085 0.405 0.001973878784 1
0 0.085 0.415 0.001916308519 2
0 0.085 0.425 0.001813584953 2
0 0.085 0.435 0.001671542412 2
0 0.085 0.445 0.001502592192 2
0 0.085 0.455 0.001306299471 2
0 0.085 0.465 0.0010850297 2
0 0.085 0.475 0.0008478971661 2
0 0.085 0.485 0.0005839628212 2
0 0.085 0.495 0.0003487796247 2
0 0.085 0.505 0 2
0 0.085 0.515 0 2
0 0.085 0.525 0 2
0 0.085 0.535 0 2
0 0.085 0.545 0 2
0 0.085 0.555 0 2
0 0.085 0.565 0 2
0 0.095 -0.555 0 2
0 0.095 -0.545 0 2
0 0.095 -0.535 0 2
0 0.095 -0.525 0 2
0 0.095 -0.515 0 2
0 0.095 -0.505 0 2
0 0.095 -0.495 -0.0003840154266 2
0 0.095 -0.485 -0.0006454890005 2
0 0.095 -0.475 -0.0009407660649 2
0 0.095 -0.465 -0.00120264455 2
0 0.095 -0.455 -0.001446560742 2
0 0.095 -0.445 -0.001663012156 2
0 0.095 -0.435 -0.001846899798 2
0 0.095 -0.425 -0.001995409345 2
0 0.095 -0.415 -0.002108046217 2
0 0.095 -0.405 -0.002183359833 2
0 0.095 -0.395 -0.00221958807 2
0 0.095 -0.385 -0.002212521564 1
0 0.095 -0.375 -0.002184085276 1
0 0.095 -0.365 -0.002133817085 1
0 0.095 -0.355 -0.002059722764 1
0 0.095 -0.345 -0.001962984546 1
0 0.095 -0.335 -0.001841836853 1
0 0.095 -0.325 -0.00170350723 1
0 0.095 -0.315 -0.001529667931 1
0 0.095 -0.305 -0.001301448982 2
0 0.095 -0.295 -0.001015913723 2
0 0.095 -0.285 -0.0006829611594 2
0 0.095 -0.275 -0.0003433070266 2
0 0.095 -0.265 7.946506922e-06 2
0 0.095 -0.255 0.0003625061373 2
0 0.095 -0.245 0.0007162201483 2
0 0.095 -0.235 0.001063634559 2
0 0.095 -0.225 0.001399648763 2
0 0.095 -0.215 0.00171911936 2
0 0.095 -0.205 0.002017115983 2
0 0.095 -0.195 0.002288974527 2
0 0.095 -0.185 0.00253039877 2
0 0.095 -0.175 0.002737531538 2
0 0.095 -0.165 0.002907020503 2
0 0.095 -0.155 0.003036071552 2
0 0.095 -0.145 0.003122492355 2
0 0.095 -0.135 0.003164725307 2
0 0.095 -0.125 0.003161869877 2
0 0.095 -0.115 0.003113693998 2
0 0.095 -0.105 0.003020634245 2
0 0.095 -0.095 0.002883784612 2
0 0.095 -0.085 0.002704873549 2
0 0.095 -0.075 0.002486229554 2
0 0.095 -0.065 0.002230733745 2
0 0.095 -0.055 0.001941763631 2
0 0.095 -0.045 0.001623112958 2
0 0.095 -0.035 0.001278935277 2
0 0.095 -0.025 0.0009135487864 2
0 0.095 -0.015 0.0005316485463 2
0 0.095 -0.005 0.0001370442771 2
0 0.095 0.005 -0.0002634118291 2
0 0.095 0.015 -0.0006744409997 2
0 0.095 0.025 -0.001056258357 2
0 0.095 0.035 -0.001375301134 1
0 0.095 0.045 -0.001623051485 1
0 0.095 0.055 -0.001833835858 1
0 0.095 0.065 -0.002027528446 1
0 0.095 0.075 -0.002200634359 1
0 0.095 0.085 -0.002351128881 1
0 0.095 0.095 -0.002477832019 1
0 0.095 0.105 -0.002579329799 1
0 0.095 0.115 -0.002651872182 1
0 0.095 0.125 -0.002700001061 1
0 0.095 0.135 -0.002727345758 2
0 0.095 0.145 -0.002710939857 2
0 0.095 0.155 -0.002651667855 2
0 0.095 0.165 -0.002557389914 2
0 0.095 0.175 -0.002425227024 2
0 0.095 0.185 -0.002252036321 2
0 0.095 0.195 -0.002040060122 2
0 0.095 0.205 -0.001805451522 2
0 0.095 0.215 -0.00154474105 2
0 0.095 0.225 -0.001259638967 2
0 0.095 0.235 -0.0009562271262 2
0 0.095 0.245 -0.0006339168391 2
0 0.095 0.255 -0.0002987360934 2
0 0.095 0.265 4.709568201e-05 2
0 0.095 0.275 0.0003953564317 2
0 0.095 0.285 0.0007488114954 2
0 0.095 0.295 0.001070778555 2
0 0.095 0.305 0.001340155041 1
0 0.095 0.315 0.001548777272 1
0 0.095 0.325 0.001721247616 1
0 0.095 0.335 0.00187442098 1
0 0.095 0.345 0.0020041614 1
0 0.095 0.355 0.00210976393 1
0 0.095 0.365 0.00218918845 1
0 0.095 0.375 0.002241814149 1
0 0.095 0.385 0.00226666901 1
0 0.095 0.395 0.002265473281 1
0 0.095 0.405 0.002232246909 1
0 0.095 0.415 0.002159327123 2
0 0.095 0.425 0.002035266665 2
0 0.095 0.435 0.001869624107 2
0 0.095 0.445 0.001673062904 2
0 0.095 0.455 0.001447027442 2
0 0.095 0.465 0.001194772248 2
0 0.095 0.475 0.0009272888012 2
0 0.095 0.485 0.0006338594159 2
0 0.095 0.495 0.0003751983112 2
0 0.095 0.505 0 2
0 0.095 0.515 0 2
0 0.095 0.525 0 2
0 0.095 0.535 0 2
0 0.095 0.545 0 2
0 0.095 0.555 0 2
0 0.095 0.565 0 2
0 0.105 -0.555 0 1
0 0.105 -0.545 0 1
0 0.105 -0.535 0 1
0 0.105 -0.525 0 2
0 0.105 -0.515 0 2
0 0.105 -0.505 0 2
0 0.105 -0.495 -0.0004171668575 2
0 0.105 -0.485 -0.0007113734075 2
0 0.105 -0.475 -0.001041343113 2
0 0.105 -0.465 -0.001332161055 2
0 0.105 -0.455 -0.001599120802 2
0 0.105 -0.445 -0.001831421096 2
0 0.105 -0.435 -0.002026539847 2
0 0.105 -0.425 -0.002188147264 2
0 0.105 -0.415 -0.002314784052 2
0 0.105 -0.405 -0.002404056383 2
0 0.105 -0.395 -0.002452942575 2
0 0.105 -0.385 -0.002455000427 1
0 0.105 -0.375 -0.002430322051 1
0 0.105 -0.365 -0.002379046671 1
0 0.105 -0.355 -0.002301939583 1
0 0.105 -0.345 -0.002198240057 1
0 0.105 -0.335 -0.002066043059 1
0 0.105 -0.325 -0.001915466267 1
0 0.105 -0.315 -0.001723894236 1
0 0.105 -0.305 -0.001471993147 2
0 0.105 -0.295 -0.001156638877 2
0 0.105 -0.285 -0.0007842568827 2
0 0.105 -0.275 -0.0004043247773 2
0 0.105 -0.265 -1.091465675e-05 2
0 0.105 -0.255 0.0003864879351 2
0 0.105 -0.245 0.0007834047068 2
0 0.105 -0.235 0.001173689234 2
0 0.105 -0.225 0.001551547973 2
0 0.105 -0.215 0.001911122474 2
0 0.105 -0.205 0.002246800124 2
0 0.105 -0.195 0.002553281686 2
0 0.105 -0.185 0.002825696213 2
0 0.105 -0.175 0.003059679187 2
0 0.105 -0.165 0.003251443966 2
0 0.105 -0.155 0.003397839482 2
0 0.105 -0.145 0.003496397424 2
0 0.105 -0.135 0.00354536803 2
0 0.105 -0.125 0.003543744473 2
0 0.105 -0.115 0.003491275409 2
0 0.105 -0.105 0.003388465355 2
0 0.105 -0.095 0.003236562716 2
0 0.105 -0.085 0.003037535196 2
0 0.105 -0.075 0.002794032978 2
0 0.105 -0.065 0.002509338606 2
0 0.105 -0.055 0.002187307757 2
0 0.105 -0.045 0.001832289406 2
0 0.105 -0.035 0.00144906686 2
0 0.105 -0.025 0.001042699516 2
0 0.105 -0.015 0.000618680362 2
0 0.105 -0.005 0.0001822227616 2
0 0.105 0.005 -0.0002595511062 2
0 0.105 0.015 -0.0007016160226 2
0 0.105 0.025 -0.001132416239 2
0 0.105 0.035 -0.001514848969 2
0 0.105 0.045 -0.001826225191 1
0 0.105 0.055 -0.002063565809 1
0 0.105 0.065 -0.002270939045 1
0 0.105 0.075 -0.002461025204 1
0 0.105 0.085 -0.00262583365 1
0 0.105 0.095 -0.002763919885 1
0 0.105 0.105 -0.002873980109 1
0 0.105 0.115 -0.002953863032 1
0 0.105 0.125 -0.003004076166 1
0 0.105 0.135 -0.003027995809 2
0 0.105 0.145 -0.00300630114 1
0 0.105 0.155 -0.002959473633 1
0 0.105 0.165 -0.002879366505 1
0 0.105 0.175 -0.002754521117 2
0 0.105 0.185 -0.002577240594 2
0 0.105 0.195 -0.002349404381 2
0 0.105 0.205 -0.002082269033 2
0 0.105 0.215 -0.001777994241 2
0 0.105 0.225 -0.001441595507 2
0 0.105 0.235 -0.001086411922 2
0 0.105 0.245 -0.0007152088356 2
0 0.105 0.255 -0.0003297486429 2
0 0.105 0.265 6.728029158e-05 2
0 0.105 0.275 0.0004660214363 2
0 0.105 0.285 0.0008719205656 2
0 0.105 0.295 0.001228544057 2
0 0.105 0.305 0.001519802334 1
0 0.105 0.315 0.001744806253 1
0 0.105 0.325 0.001930515579 1
0 0.105 0.335 0.002101393183 1
0 0.105 0.345 0.002245754774 1
0 0.105 0.355 0.00236241283 1
0 0.105 0.365 0.002449348095 1
0 0.105 0.375 0.002505370617 1
0 0.105 0.385 0.002531405039 1
0 0.105 0.395 0.002527310124 1
0 0.105 0.405 0.002486694376 2
0 0.105 0.415 0.002388730366 2
0 0.105 0.425 0.002244257179 2
0 0.105 0.435 0.002058040822 2
0 0.105 0.445 0.001835517869 2
0 0.105 0.455 0.001581376212 2
0 0.105 0.465 0.001299772233 2
0 0.105 0.475 0.001003520214 2
0 0.105 0.485 0.0006820225543 2
0 0.105 0.495 0.0004009125747 2
0 0.105 0.505 0 2
0 0.105 0.515 0 2
0 0.105 0.525 0 2
0 0.105 0.535 0 2
0 0.105 0.545 0 2
0 0.105 0.555 0 2
0 0.105 0.565 0 2
0 0.115 -0.555 0 1
0 0.115 -0.545 0 1
0 0.115 -0.535 0 1
0 0.115 -0.525 0 1
0 0.115 -0.515 0 1
0 0.115 -0.505 0 2
0 0.115 -0.495 -0.000434420297 2
0 0.115 -0.485 -0.0007705813168 2
0 0.115 -0.475 -0.001140316239 2
0 0.115 -0.465 -0.001464604939 2
0 0.115 -0.455 -0.001747059958 1
0 0.115 -0.445 -0.001967944404 1
0 0.115 -0.435 -0.002160895558 1
0 0.115 -0.425 -0.002331384533 1
0 0.115 -0.415 -0.002471028557 1
0 0.115 -0.405 -0.00257533156 1
0 0.115 -0.395 -0.002643840498 1
0 0.115 -0.385 -0.002680383074 2
0 0.115 -0.375 -0.002658573317 1
0 0.115 -0.365 -0.002608911579 1
0 0.115 -0.355 -0.002531103794 1
0 0.115 -0.345 -0.002421787511 1
0 0.115 -0.335 -0.00227801264 1
0 0.115 -0.325 -0.002112050516 1
0 0.115 -0.315 -0.001902301582 1
0 0.115 -0.305 -0.001626158147 2
0 0.115 -0.295 -0.001278089539 2
0 0.115 -0.285 -0.0008712356763 2
0 0.115 -0.275 -0.0004559648396 2
0 0.115 -0.265 -2.54536657e-05 2
0 0.115 -0.255 0.0004106879285 2
0 0.115 -0.245 0.0008472659414 2
0 0.115 -0.235 0.00127731177 2
0 0.115 -0.225 0.001694207092 2
0 0.115 -0.215 0.002091323414 2
0 0.115 -0.205 0.00246234831 2
0 0.115 -0.195 0.002801353696 2
0 0.115 -0.185 0.003102911518 2
0 0.115 -0.175 0.003362171933 2
0 0.115 -0.165 0.003574936306 2
0 0.115 -0.155 0.003737716986 2
0 0.115 -0.145 0.003847786935 2
0 0.115 -0.135 0.003903217829 2
0 0.115 -0.125 0.003902906377 2
0 0.115 -0.115 0.003846588206 2
0 0.115 -0.105 0.003734838942 2
0 0.115 -0.095 0.003569062289 2
0 0.115 -0.085 0.003351465021 2
0 0.115 -0.075 0.003085019495 2
0 0.115 -0.065 0.00277341334 2
0 0.115 -0.055 0.002420990405 2
0 0.115 -0.045 0.002032675834 2
0 0.115 -0.035 0.001613916016 2
0 0.115 -0.025 0.001170559278 2
0 0.115 -0.015 0.0007089097997 2
0 0.115 -0.005 0.0002354229276 2
0 0.115 0.005 -0.0002429799016 2
0 0.115 0.015 -0.0007180275991 2
0 0.115 0.025 -0.001193202333 2
0 0.115 0.035 -0.001631936347 2
0 0.115 0.045 -0.001997404181 1
0 0.115 0.055 -0.00227325737 1
0 0.115 0.065 -0.002503547528 1
0 0.115 0.075 -0.002710605505 1
0 0.115 0.085 -0.002888940013 1
0 0.115 0.095 -0.003036980576 1
0 0.115 0.105 -0.003152929843 1
0 0.115 0.115 -0.003236245004 1
0 0.115 0.125 -0.003283318311 1
0 0.115 0.135 -0.003293381264 1
0 0.115 0.145 -0.003271926731 1
0 0.115 0.155 -0.003217546907 1
0 0.115 0.165 -0.003124436867 1
0 0.115 0.175 -0.002993983215 1
0 0.115 0.185 -0.002833412901 1
0 0.115 0.195 -0.002632678818 1
0 0.115 0.205 -0.002361122297 2
0 0.115 0.215 -0.002021428903 2
0 0.115 0.225 -0.001637625654 2
0 0.115 0.235 -0.00123323457 2
0 0.115 0.245 -0.0008131979158 2
0 0.115 0.255 -0.0003797667491 2
0 0.115 0.265 6.578457855e-05 2
0 0.115 0.275 0.0005122370898 2
0 0.115 0.285 0.0009654726386 2
0 0.115 0.295 0.001362816879 2
0 0.115 0.305 0.001684517721 1
0 0.115 0.315 0.001931482893 1
0 0.115 0.325 0.002135494894 1
0 0.115 0.335 0.002323020884 1
0 0.115 0.345 0.002480333534 1
0 0.115 0.355 0.002606573484 1
0 0.115 0.365 0.002700015676 1
0 0.115 0.375 0.002759202315 1
0 0.115 0.385 0.002787116193 1
0 0.115 0.395 0.00278415439 2
0 0.115 0.405 0.00272307371 2
0 0.115 0.415 0.002607097476 2
0 0.115 0.425 0.002443890184 2
0 0.115 0.435 0.002236216753 2
0 0.115 0.445 0.001988871294 2
0 0.115 0.455 0.001708136243 2
0 0.115 0.465 0.001398927999 2
0 0.115 0.475 0.001075667535 2
0 0.115 0.485 0.0007277725923 2
0 0.115 0.495 0.0004254857226 2
0 0.115 0.505 0 2
0 0.115 0.515 0 2
0 0.115 0.525 0 2
0 0.115 0.535 0 2
0 0.115 0.545 0 2
0 0.115 0.555 0 2
0 0.115 0.565 0 2
0 0.125 -0.555 0 1
0 0.125 -0.545 0 1
0 0.125 -0.535 0 1
0 0.125 -0.525 0 1
0 0.125 -0.515 0 1
0 0.125 -0.505 0 1
0 0.125 -0.495 -0.0004197127439 2
0 0.125 -0.485 -0.0007974232875 2
0 0.125 -0.475 -0.001208550956 2
0 0.125 -0.465 -0.001547261351 1
0 0.125 -0.455 -0.001823388383 1
0 0.125 -0.445 -0.002057529065 1
0 0.125 -0.435 -0.002271361388 1
0 0.125 -0.425 -0.002459533781 1
0 0.125 -0.415 -0.002617197164 1
0 0.125 -0.405 -0.002740015455 1
0 0.125 -0.395 -0.002825700908 1
0 0.125 -0.385 -0.002869923506 1
0 0.125 -0.375 -0.002871310619 1
0 0.125 -0.365 -0.002827791367 1
0 0.125 -0.355 -0.002746966285 1
0 0.125 -0.345 -0.002630444605 1
0 0.125 -0.335 -0.002476300713 1
0 0.125 -0.325 -0.002294302467 1
0 0.125 -0.315 -0.002061072744 1
0 0.125 -0.305 -0.001754121084 2
0 0.125 -0.295 -0.001373177748 2
0 0.125 -0.285 -0.0009422763491 2
0 0.125 -0.275 -0.0004983255258 2
0 0.125 -0.265 -3.636944592e-05 2
0 0.125 -0.255 0.0004341089149 2
0 0.125 -0.245 0.0009065229973 2
0 0.125 -0.235 0.001372863626 2
0 0.125 -0.225 0.001825565285 2
0 0.125 -0.215 0.002257200236 2
0 0.125 -0.205 0.002660767064 2
0 0.125 -0.195 0.003029738662 2
0 0.125 -0.185 0.003358165908 2
0 0.125 -0.175 0.003640749596 2
0 0.125 -0.165 0.003872911792 2
0 0.125 -0.155 0.004050856166 2
0 0.125 -0.145 0.004171619372 2
0 0.125 -0.135 0.004233111227 2
0 0.125 -0.125 0.004234142982 2
0 0.125 -0.115 0.004174442761 2
0 0.125 -0.105 0.004054657717 2
0 0.125 -0.095 0.003876342706 2
0 0.125 -0.085 0.003641935601 2
0 0.125 -0.075 0.003354720042 2
0 0.125 -0.065 0.003018776017 2
0 0.125 -0.055 0.002638921968 2
0 0.125 -0.045 0.00222064551 2
0 0.125 -0.035 0.001770041536 2
0 0.125 -0.025 0.001293726144 2
0 0.125 -0.015 0.0007988031044 2
0 0.125 -0.005 0.00029281516 2
0 0.125 0.005 -0.0002167607372 2
0 0.125 0.015 -0.0007209797191 2
0 0.125 0.025 -0.001216933669 2
0 0.125 0.035 -0.00169058279 2
0 0.125 0.045 -0.002122167077 2
0 0.125 0.055 -0.002470735928 1
0 0.125 0.065 -0.002730655866 1
0 0.125 0.075 -0.002949294946 1
0 0.125 0.085 -0.003137664166 1
0 0.125 0.095 -0.00329516584 1
0 0.125 0.105 -0.003416019005 1
0 0.125 0.115 -0.003499064499 1
0 0.125 0.125 -0.003542038709 1
0 0.125 0.135 -0.003546799894 1
0 0.125 0.145 -0.003515878314 1
0 0.125 0.155 -0.00344867878 1
0 0.125 0.165 -0.00334272511 1
0 0.125 0.175 -0.003201503165 1
0 0.125 0.185 -0.003030056905 1
0 0.125 0.195 -0.002826622101 1
0 0.125 0.205 -0.002579792726 1
0 0.125 0.215 -0.002249235252 2
0 0.125 0.225 -0.001841407382 2
0 0.125 0.235 -0.001393020994 2
0 0.125 0.245 -0.0009271457586 2
0 0.125 0.255 -0.0004474313744 2
0 0.125 0.265 4.268012118e-05 2
0 0.125 0.275 0.0005319784311 2
0 0.125 0.285 0.001023180718 2
0 0.125 0.295 0.001467701591 2
0 0.125 0.305 0.00183231331 1
0 0.125 0.315 0.002108513304 1
0 0.125 0.325 0.002335781497 1
0 0.125 0.335 0.002537383547 1
0 0.125 0.345 0.002705851092 1
0 0.125 0.355 0.002839612087 1
0 0.125 0.365 0.002937710988 1
0 0.125 0.375 0.003000155284 1
0 0.125 0.385 0.003027600424 1
0 0.125 0.395 0.003017048968 2
0 0.125 0.405 0.002944173167 2
0 0.125 0.415 0.002812858957 2
0 0.125 0.425 0.002631374343 2
0 0.125 0.435 0.002402520157 2
0 0.125 0.445 0.002131680027 2
0 0.125 0.455 0.001826016284 2
0 0.125 0.465 0.001491128402 2
0 0.125 0.475 0.001142822485 2
0 0.125 0.485 0.0007704521842 2
0 0.125 0.495 0.0004485012887 2
0 0.125 0.505 0 2
0 0.125 0.515 0 2
0 0.125 0.525 0 2
0 0.125 0.535 0 2
0 0.125 0.545 0 2
0 0.125 0.555 0 2
0 0.125 0.565 0 2
0 0.135 -0.555 0 1
0 0.135 -0.545 0 1
0 0.135 -0.535 0 1
0 0.135 -0.525 0 1
0 0.135 -0.515 0 1
0 0.135 -0.505 0 1
0 0.135 -0.495 -0.0003954666418 1
0 0.135 -0.485 -0.0007751508802 2
0 0.135 -0.475 -0.001210951983 2
0 0.135 -0.465 -0.001578845842 1
0 0.135 -0.455 -0.001878640737 1
0 0.135 -0.445 -0.002129572208 1
0 0.135 -0.435 -0.00236735167 1
0 0.135 -0.425 -0.00257510097 1
0 0.135 -0.415 -0.002751290276 1
0 0.135 -0.405 -0.00289130513 1
0 0.135 -0.395 -0.002992729189 1
0 0.135 -0.385 -0.003052938344 1
0 0.135 -0.375 -0.003071561808 1
0 0.135 -0.365 -0.003041313618 1
0 0.135 -0.355 -0.002966474421 2
0 0.135 -0.345 -0.002827382287 1
0 0.135 -0.335 -0.002663897899 1
0 0.135 -0.325 -0.002465667012 1
0 0.135 -0.315 -0.002187492247 2
0 0.135 -0.305 -0.001837387658 2
0 0.135 -0.295 -0.001437530546 2
0 0.135 -0.285 -0.001000279318 2
0 0.135 -0.275 -0.000534706328 2
0 0.135 -0.265 -4.607133661e-05 2
0 0.135 -0.255 0.0004549194449 2
0 0.135 -0.245 0.0009595840398 2
0 0.135 -0.235 0.001458698199 2
0 0.135 -0.225 0.001943742856 2
0 0.135 -0.215 0.002406542474 2
0 0.135 -0.205 0.002839473868 2
0 0.135 -0.195 0.003235477227 2
0 0.135 -0.185 0.003588142237 2
0 0.135 -0.175 0.003891772012 2
0 0.135 -0.165 0.004141452518 2
0 0.135 -0.155 0.004333113623 2
0 0.135 -0.145 0.004463582494 2
0 0.135 -0.135 0.004530626113 2
0 0.135 -0.125 0.004532981721 2
0 0.135 -0.115 0.004470374051 2
0 0.135 -0.105 0.004343518761 2
0 0.135 -0.095 0.004154111935 2
0 0.135 -0.085 0.003904805873 2
0 0.135 -0.075 0.003599172068 2
0 0.135 -0.065 0.00324165228 2
0 0.135 -0.055 0.002837500616 2
0 0.135 -0.045 0.002392716658 2
0 0.135 -0.035 0.00191397778 2
0 0.135 -0.025 0.001408566569 2
0 0.135 -0.015 0.000884280218 2
0 0.135 -0.005 0.0003494346272 2
0 0.135 0.005 -0.0001876589436 2
0 0.135 0.015 -0.0007179257458 2
0 0.135 0.025 -0.001233256146 2
0 0.135 0.035 -0.001726966329 2
0 0.135 0.045 -0.002194312343 2
0 0.135 0.055 -0.002606403365 2
0 0.135 0.065 -0.0029351896 1
0 0.135 0.075 -0.003176752031 1
0 0.135 0.085 -0.003374239168 1
0 0.135 0.095 -0.003538145214 1
0 0.135 0.105 -0.003659660912 1
0 0.135 0.115 -0.00374240754 1
0 0.135 0.125 -0.003783226345 1
0 0.135 0.135 -0.003782982593 1
0 0.135 0.145 -0.003742983898 1
0 0.135 0.155 -0.003663814637 1
0 0.135 0.165 -0.003545046454 1
0 0.135 0.175 -0.003389402629 1
0 0.135 0.185 -0.003198932922 1
0 0.135 0.195 -0.002975606976 1
0 0.135 0.205 -0.002720364843 1
0 0.135 0.215 -0.002422444744 1
0 0.135 0.225 -0.002030123874 2
0 0.135 0.235 -0.001561688399 2
0 0.135 0.245 -0.00105353376 2
0 0.135 0.255 -0.0005253965514 2
0 0.135 0.265 4.386261514e-06 2
0 0.135 0.275 0.0005287345509 2
0 0.135 0.285 0.001039117243 2
0 0.135 0.295 0.001518726538 2
0 0.135 0.305 0.001948168219 2
0 0.135 0.315 0.002286932673 1
0 0.135 0.325 0.002537703107 1
0 0.135 0.335 0.002746559142 1
0 0.135 0.345 0.002919740446 1
0 0.135 0.355 0.003058063486 1
0 0.135 0.365 0.003158017728 1
0 0.135 0.375 0.003222804211 1
0 0.135 0.385 0.003248292477 1
0 0.135 0.395 0.003230842057 2
0 0.135 0.405 0.00314697954 2
0 0.135 0.415 0.003002425054 2
0 0.135 0.425 0.002803744274 2
0 0.135 0.435 0.002555060646 2
0 0.135 0.445 0.002262365725 2
0 0.135 0.455 0.001933674088 2
0 0.135 0.465 0.001575250186 2
0 0.135 0.475 0.001204087032 2
0 0.135 0.485 0.0008094232894 2
0 0.135 0.495 0.0004695621403 2
0 0.135 0.505 0 2
0 0.135 0.515 0 2
0 0.135 0.525 0 2
0 0.135 0.535 0 2
0 0.135 0.545 0 1
0 0.135 0.555 0 1
0 0.135 0.565 0 1
0 0.145 -0.555 0 1
0 0.145 -0.545 0 1
0 0.145 -0.535 0 1
0 0.145 -0.525 0 1
0 0.145 -0.515 0 1
0 0.145 -0.505 0 1
0 0.145 -0.495 -0.0004012652114 1
0 0.145 -0.485 -0.0007443854839 1
0 0.145 -0.475 -0.001178682876 2
0 0.145 -0.465 -0.001576256654 1
0 0.145 -0.455 -0.001918509536 1
0 0.145 -0.445 -0.002194948339 1
0 0.145 -0.435 -0.002457521066 1
0 0.145 -0.425 -0.002684675178 1
0 0.145 -0.415 -0.002877664348 1
0 0.145 -0.405 -0.003031956529 1
0 0.145 -0.395 -0.003146048672 1
0 0.145 -0.385 -0.00321851286 1
0 0.145 -0.375 -0.00325017086 1
0 0.145 -0.365 -0.003235520692 1
0 0.145 -0.355 -0.003174768651 2
0 0.145 -0.345 -0.003044370482 2
0 0.145 -0.335 -0.002848131833 2
0 0.145 -0.325 -0.00259304406 2
0 0.145 -0.315 -0.002275917688 2
0 0.145 -0.305 -0.001914779027 2
0 0.145 -0.295 -0.001509221774 2
0 0.145 -0.285 -0.001060020147 2
0 0.145 -0.275 -0.0005727687385 2
0 0.145 -0.265 -5.827059853e-05 2
0 0.145 -0.255 0.0004710005222 2
0 0.145 -0.245 0.001004938197 2
0 0.145 -0.235 0.00153339652 2
0 0.145 -0.225 0.002047165101 2
0 0.145 -0.215 0.002537503234 2
0 0.145 -0.205 0.002996304498 2
0 0.145 -0.195 0.003416081973 2
0 0.145 -0.185 0.003790046695 2
0 0.145 -0.175 0.004112169379 2
0 0.145 -0.165 0.004377251509 2
0 0.145 -0.155 0.004580989266 2
0 0.145 -0.145 0.004720030193 2
0 0.145 -0.135 0.004792018766 2
0 0.145 -0.125 0.004795629418 2
0 0.145 -0.115 0.004730585749 2
0 0.145 -0.105 0.004597665308 2
0 0.145 -0.095 0.004398689828 2
0 0.145 -0.085 0.004136501192 2
0 0.145 -0.075 0.003814924009 2
0 0.145 -0.065 0.003438715849 2
0 0.145 -0.055 0.003013507197 2
0 0.145 -0.045 0.002545732466 2
0 0.145 -0.035 0.002042553482 2
0 0.145 -0.025 0.001511781916 2
0 0.145 -0.015 0.0009617637925 2
0 0.145 -0.005 0.0004013291866 2
0 0.145 0.005 -0.0001605179156 2
0 0.145 0.015 -0.0007145376378 2
0 0.145 0.025 -0.001251777815 2
0 0.145 0.035 -0.001764133949 2
0 0.145 0.045 -0.002245699597 2
0 0.145 0.055 -0.002680376158 2
0 0.145 0.065 -0.00306845603 2
0 0.145 0.075 -0.003382500726 2
0 0.145 0.085 -0.003608009412 1
0 0.145 0.095 -0.003773280314 1
0 0.145 0.105 -0.00389262715 1
0 0.145 0.115 -0.003974952461 1
0 0.145 0.125 -0.004012245782 1
0 0.145 0.135 -0.004004232885 1
0 0.145 0.145 -0.003953636037 1
0 0.145 0.155 -0.003863073442 1
0 0.145 0.165 -0.003731566931 1
0 0.145 0.175 -0.003560280947 1
0 0.145 0.185 -0.003351067316 1
0 0.145 0.195 -0.003107077474 1
0 0.145 0.205 -0.002830487945 1
0 0.145 0.215 -0.002526926482 1
0 0.145 0.225 -0.002169843322 1
0 0.145 0.235 -0.001715103554 2
0 0.145 0.245 -0.001179348772 2
0 0.145 0.255 -0.0005988151936 2
0 0.145 0.265 -3.440280925e-05 2
0 0.145 0.275 0.0005196677433 2
0 0.145 0.285 0.001050554817 2
0 0.145 0.295 0.001552327819 2
0 0.145 0.305 0.002023475243 2
0 0.145 0.315 0.00242351566 2
0 0.145 0.325 0.00272565179 1
0 0.145 0.335 0.002943366769 1
0 0.145 0.345 0.003116282315 1
0 0.145 0.355 0.003257929683 1
0 0.145 0.365 0.003359202528 1
0 0.145 0.375 0.003425567524 1
0 0.145 0.385 0.003458768971 2
0 0.145 0.395 0.003426076339 2
0 0.145 0.405 0.003330726524 2
0 0.145 0.415 0.003173825385 2
0 0.145 0.425 0.002959044143 2
0 0.145 0.435 0.002691999059 2
0 0.145 0.445 0.002379295427 2
0 0.145 0.455 0.002029730904 2
0 0.145 0.465 0.001650156897 2
0 0.145 0.475 0.001258570197 2
0 0.145 0.485 0.0008440639647 2
0 0.145 0.495 0.0004882879893 2
0 0.145 0.505 0 2
0 0.145 0.515 0 2
0 0.145 0.525 0 2
0 0.145 0.535 0 1
0 0.145 0.545 0 1
0 0.145 0.555 0 1
0 0.145 0.565 0 1
0 0.155 -0.555 0 1
0 0.155 -0.545 0 1
0 0.155 -0.535 0 1
0 0.155 -0.525 0 1
0 0.155 -0.515 0 1
0 0.155 -0.505 0 1
0 0.155 -0.495 -0.0003910885265 1
0 0.155 -0.485 -0.0007187109728 1
0 0.155 -0.475 -0.001156154436 2
0 0.155 -0.465 -0.001574629427 1
0 0.155 -0.455 -0.001958594514 1
0 0.155 -0.445 -0.002263244842 1
0 0.155 -0.435 -0.0025441919 1
0 0.155 -0.425 -0.002789005844 1
0 0.155 -0.415 -0.002994900293 1
0 0.155 -0.405 -0.003159387698 1
0 0.155 -0.395 -0.003281438782 1
0 0.155 -0.385 -0.003360098304 1
0 0.155 -0.375 -0.003396344477 1
0 0.155 -0.365 -0.003386072204 1
0 0.155 -0.355 -0.003327347186 2
0 0.155 -0.345 -0.003196474204 2
0 0.155 -0.335 -0.002992937563 2
0 0.155 -0.325 -0.002727866439 2
0 0.155 -0.315 -0.002402366692 2
0 0.155 -0.305 -0.002030557364 2
0 0.155 -0.295 -0.001608959503 2
0 0.155 -0.285 -0.001130210304 2
0 0.155 -0.275 -0.0006163737332 2
0 0.155 -0.265 -7.462940128e-05 2
0 0.155 -0.255 0.0004814614492 2
0 0.155 -0.245 0.001041851134 2
0 0.155 -0.235 0.001596090512 2
0 0.155 -0.225 0.002134705703 2
0 0.155 -0.215 0.002648652152 2
0 0.155 -0.205 0.003129518409 2
0 0.155 -0.195 0.003569516649 2
0 0.155 -0.185 0.003961573007 2
0 0.155 -0.175 0.00429939753 2
0 0.155 -0.165 0.004577562716 2
0 0.155 -0.155 0.004791573481 2
0 0.155 -0.145 0.004937928784 2
0 0.155 -0.135 0.005014171095 2
0 0.155 -0.125 0.005018922382 2
0 0.155 -0.115 0.004951905392 2
0 0.155 -0.105 0.004813949679 2
0 0.155 -0.095 0.004606982272 2
0 0.155 -0.085 0.004334003285 2
0 0.155 -0.075 0.003999047169 2
0 0.155 -0.065 0.003607130596 2
0 0.155 -0.055 0.003164188175 2
0 0.155 -0.045 0.002676997394 2
0 0.155 -0.035 0.002153091299 2
0 0.155 -0.025 0.001600664643 2
0 0.155 -0.015 0.001028447396 2
0 0.155 -0.005 0.0004455891038 2
0 0.155 0.005 -0.0001385428827 2
0 0.155 0.015 -0.0007145818671 2
0 0.155 0.025 -0.001273560391 2
0 0.155 0.035 -0.001806749224 2
0 0.155 0.045 -0.002306850849 2
0 0.155 0.055 -0.00276367692 2
0 0.155 0.065 -0.003174716249 2
0 0.155 0.075 -0.003520994231 2
0 0.155 0.085 -0.003797450459 2
0 0.155 0.095 -0.004005620426 2
0 0.155 0.105 -0.004147791541 2
0 0.155 0.115 -0.004232840504 2
0 0.155 0.125 -0.004257674044 2
0 0.155 0.135 -0.004219101474 1
0 0.155 0.145 -0.004150132599 1
0 0.155 0.155 -0.004043321943 1
0 0.155 0.165 -0.003898045055 1
0 0.155 0.175 -0.003712504365 1
0 0.155 0.185 -0.003486728146 1
0 0.155 0.195 -0.003224943471 1
0 0.155 0.205 -0.002930969915 1
0 0.155 0.215 -0.002622228012 1
0 0.155 0.225 -0.002259882331 1
0 0.155 0.235 -0.001801786651 2
0 0.155 0.245 -0.001255462996 2
0 0.155 0.255 -0.0006453362332 2
0 0.155 0.265 -5.782742211e-05 2
0 0.155 0.275 0.0005176903887 2
0 0.155 0.285 0.00106792071 2
0 0.155 0.295 0.001588601442 2
0 0.155 0.305 0.002084793377 2
0 0.155 0.315 0.002521900352 2
0 0.155 0.325 0.002862166189 1
0 0.155 0.335 0.003104834848 1
0 0.155 0.345 0.003288246753 1
0 0.155 0.355 0.003433436055 1
0 0.155 0.365 0.003539893725 1
0 0.155 0.375 0.003608908448 1
0 0.155 0.385 0.003640502674 2
0 0.155 0.395 0.003602142862 2
0 0.155 0.405 0.003496282202 2
0 0.155 0.415 0.003325822288 2
0 0.155 0.425 0.003095539565 2
0 0.155 0.435 0.002811533 2
0 0.155 0.445 0.002480835891 2
0 0.155 0.455 0.002112797369 2
0 0.155 0.465 0.001714715172 2
0 0.155 0.475 0.001305396932 2
0 0.155 0.485 0.0008737727182 2
0 0.155 0.495 0.0005043171028 2
0 0.155 0.505 0 2
0 0.155 0.515 0 2
0 0.155 0.525 0 2
0 0.155 0.535 0 1
0 0.155 0.545 0 1
0 0.155 0.555 0 1
0 0.155 0.565 0 1
0 0.165 -0.555 0 1
0 0.165 -0.545 0 1
0 0.165 -0.535 0 1
0 0.165 -0.525 0 1
0 0.165 -0.515 0 1
0 0.165 -0.505 0 1
0 0.165 -0.495 -0.0003802476021 1
0 0.165 -0.485 -0.0006866630571 1
0 0.165 -0.475 -0.00112353952 2
0 0.165 -0.465 -0.001577723996 2
0 0.165 -0.455 -0.002017865285 1
0 0.165 -0.445 -0.002344684179 1
0 0.165 -0.435 -0.002633849238 1
0 0.165 -0.425 -0.002889004014 1
0 0.165 -0.415 -0.00310050063 1
0 0.165 -0.405 -0.003272588956 1
0 0.165 -0.395 -0.003398691719 1
0 0.165 -0.385 -0.003477177529 1
0 0.165 -0.375 -0.003506717495 1
0 0.165 -0.365 -0.003483172703 1
0 0.165 -0.355 -0.00340476426 1
0 0.165 -0.345 -0.003274564896 1
0 0.165 -0.335 -0.0030860841 1
0 0.165 -0.325 -0.002854237662 1
0 0.165 -0.315 -0.002562691553 1
0 0.165 -0.305 -0.002187800935 2
0 0.165 -0.295 -0.001731422244 2
0 0.165 -0.285 -0.001206629394 2
0 0.165 -0.275 -0.0006623735619 2
0 0.165 -0.265 -9.321627229e-05 2
0 0.165 -0.255 0.000487354229 2
0 0.165 -0.245 0.001070684159 2
0 0.165 -0.235 0.001646594903 2
0 0.165 -0.225 0.002205729173 2
0 0.165 -0.215 0.002738974589 2
0 0.165 -0.205 0.00323777649 2
0 0.165 -0.195 0.003694162848 2
0 0.165 -0.185 0.004100863053 2
0 0.165 -0.175 0.004451395097 2
0 0.165 -0.165 0.004740156267 2
0 0.165 -0.155 0.004962501647 2
0 0.165 -0.145 0.005114811892 2
0 0.165 -0.135 0.005194547099 2
0 0.165 -0.125 0.005200285869 2
0 0.165 -0.115 0.005131748544 2
0 0.165 -0.105 0.004989804237 2
0 0.165 -0.095 0.004776461534 2
0 0.165 -0.085 0.004494843162 2
0 0.165 -0.075 0.004149145142 2
0 0.165 -0.065 0.003744581157 2
0 0.165 -0.055 0.003287312735 2
0 0.165 -0.045 0.002784366059 2
0 0.165 -0.035 0.002243533493 2
0 0.165 -0.025 0.001673261674 2
0 0.165 -0.015 0.001082513902 2
0 0.165 -0.005 0.0004806145155 2
0 0.165 0.005 -0.0001229546451 2
0 0.165 0.015 -0.0007187762111 2
0 0.165 0.025 -0.00129781893 2
0 0.165 0.035 -0.001851404683 2
0 0.165 0.045 -0.002371933106 2
0 0.165 0.055 -0.002851909713 2
0 0.165 0.065 -0.00328207753 2
0 0.165 0.075 -0.003653250265 2
0 0.165 0.085 -0.003962206324 2
0 0.165 0.095 -0.004201852743 2
0 0.165 0.105 -0.00436766046 2
0 0.165 0.115 -0.004460912258 2
0 0.165 0.125 -0.00448258214 2
0 0.165 0.135 -0.004440058946 2
0 0.165 0.145 -0.004332900581 1
0 0.165 0.155 -0.004203737926 1
0 0.165 0.165 -0.004042389126 1
0 0.165 0.175 -0.00384395504 1
0 0.165 0.185 -0.003602386799 1
0 0.165 0.195 -0.003324483591 1
0 0.165 0.205 -0.003013506613 1
0 0.165 0.215 -0.00269276322 1
0 0.165 0.225 -0.002317734919 1
0 0.165 0.235 -0.001839843502 2
0 0.165 0.245 -0.001279359503 2
0 0.165 0.255 -0.0006570237442 2
0 0.165 0.265 -5.846932875e-05 2
0 0.165 0.275 0.0005279945625 2
0 0.165 0.285 0.001088891739 2
0 0.165 0.295 0.001618919436 2
0 0.165 0.305 0.00211422931 2
0 0.165 0.315 0.002563346578 2
0 0.165 0.325 0.002947375031 2
0 0.165 0.335 0.003237070443 1
0 0.165 0.345 0.003438837744 1
0 0.165 0.355 0.003589874917 1
0 0.165 0.365 0.003705859118 1
0 0.165 0.375 0.003792584815 2
0 0.165 0.385 0.003809717912 2
0 0.165 0.395 0.003759601936 2
0 0.165 0.405 0.003640691416 2
0 0.165 0.415 0.003455993369 2
0 0.165 0.425 0.003210990534 2
0 0.165 0.435 0.002911691272 2
0 0.165 0.445 0.00256529927 2
0 0.165 0.455 0.002181475013 2
0 0.165 0.465 0.001767809492 2
0 0.165 0.475 0.001343721394 2
0 0.165 0.485 0.0008979769981 2
0 0.165 0.495 0.000517310372 2
0 0.165 0.505 0 2
0 0.165 0.515 0 2
0 0.165 0.525 0 2
0 0.165 0.535 0 1
0 0.165 0.545 0 1
0 0.165 0.555 0 1
0 0.165 0.565 0 1
0 0.175 -0.555 0 1
0 0.175 -0.545 0 1
0 0.175 -0.535 0 1
0 0.175 -0.525 0 1
0 0.175 -0.515 0 1
0 0.175 -0.505 0 1
0 0.175 -0.495 -0.000381318284 1
0 0.175 -0.485 -0.0006865180907 1
0 0.175 -0.475 -0.001119303188 2
0 0.175 -0.465 -0.001564849024 2
0 0.175 -0.455 -0.002030722597 2
0 0.175 -0.445 -0.002423339987 2
0 0.175 -0.435 -0.002738438222 1
0 0.175 -0.425 -0.002991073672 1
0 0.175 -0.415 -0.003200473324 1
0 0.175 -0.405 -0.003378600703 1
0 0.175 -0.395 -0.003505456938 1
0 0.175 -0.385 -0.003578825361 1
0 0.175 -0.375 -0.00359884817 1
0 0.175 -0.365 -0.003565360776 1
0 0.175 -0.355 -0.003479558293 1
0 0.175 -0.345 -0.003346682653 1
0 0.175 -0.335 -0.003164028452 1
0 0.175 -0.325 -0.002945907383 1
0 0.175 -0.315 -0.002663800829 1
0 0.175 -0.305 -0.002288992197 2
0 0.175 -0.295 -0.001819763054 2
0 0.175 -0.285 -0.001267479453 2
0 0.175 -0.275 -0.0006998172893 2
0 0.175 -0.265 -0.0001086510433 2
0 0.175 -0.255 0.0004914280712 2
0 0.175 -0.245 0.001092693982 2
0 0.175 -0.235 0.001685262907 2
0 0.175 -0.225 0.002259987485 2
0 0.175 -0.215 0.002807794509 2
0 0.175 -0.205 0.003320079901 2
0 0.175 -0.195 0.003788768179 2
0 0.175 -0.185 0.004206460338 2
0 0.175 -0.175 0.004566539917 2
0 0.175 -0.165 0.004863276594 2
0 0.175 -0.155 0.005091913533 2
0 0.175 -0.145 0.005248741224 2
0 0.175 -0.135 0.005331155522 2
0 0.175 -0.125 0.005337699433 2
0 0.175 -0.115 0.005268087951 2
0 0.175 -0.105 0.005123215676 2
0 0.175 -0.095 0.00490514716 2
0 0.175 -0.085 0.004617090202 2
0 0.175 -0.075 0.004263352428 2
0 0.175 -0.065 0.003849281673 2
0 0.175 -0.055 0.003381190378 2
0 0.175 -0.045 0.002866264261 2
0 0.175 -0.035 0.002312453856 2
0 0.175 -0.025 0.001728348528 2
0 0.175 -0.015 0.001123027785 2
0 0.175 -0.005 0.0005058897505 2
0 0.175 0.005 -0.000113555242 2
0 0.175 0.015 -0.0007258885701 2
0 0.175 0.025 -0.001322043387 2
0 0.175 0.035 -0.001893391238 2
0 0.175 0.045 -0.002431894745 2
0 0.175 0.055 -0.002929894935 2
0 0.175 0.065 -0.003379708302 2
0 0.175 0.075 -0.003773780226 2
0 0.175 0.085 -0.004104693777 2
0 0.175 0.095 -0.00436576623 2
0 0.175 0.105 -0.004552111493 2
0 0.175 0.115 -0.004659898654 2
0 0.175 0.125 -0.004690135091 2
0 0.175 0.135 -0.004646289847 2
0 0.175 0.145 -0.004535843197 2
0 0.175 0.155 -0.004361968212 1
0 0.175 0.165 -0.004172841641 1
0 0.175 0.175 -0.003952766853 1
0 0.175 0.185 -0.003692806925 1
0 0.175 0.195 -0.003405773537 1
0 0.175 0.205 -0.003083960322 1
0 0.175 0.215 -0.002736690169 1
0 0.175 0.225 -0.002330659977 1
0 0.175 0.235 -0.001821878573 2
0 0.175 0.245 -0.001250293646 2
0 0.175 0.255 -0.0006341578781 2
0 0.175 0.265 -3.633202082e-05 2
0 0.175 0.275 0.0005511118358 2
0 0.175 0.285 0.001114844775 2
0 0.175 0.295 0.001647743174 2
0 0.175 0.305 0.002140542799 2
0 0.175 0.315 0.002588119393 2
0 0.175 0.325 0.002979378919 2
0 0.175 0.335 0.003309419732 2
0 0.175 0.345 0.003567691927 2
0 0.175 0.355 0.00375652732 2
0 0.175 0.365 0.003888322737 2
0 0.175 0.375 0.003955602332 2
0 0.175 0.385 0.003956838495 2
0 0.175 0.395 0.003891497285 2
0 0.175 0.405 0.003758379277 2
0 0.175 0.415 0.003560634039 2
0 0.175 0.425 0.003302611169 2
0 0.175 0.435 0.002990309697 2
0 0.175 0.445 0.002630963338 2
0 0.175 0.455 0.002234396315 2
0 0.175 0.465 0.001808377247 2
0 0.175 0.475 0.001372752015 2
0 0.175 0.485 0.0009161482042 2
0 0.175 0.495 0.0005269585825 2
0 0.175 0.505 0 2
0 0.175 0.515 0 2
0 0.175 0.525 0 2
0 0.175 0.535 0 2
0 0.175 0.545 0 1
0 0.175 0.555 0 1
0 0.175 0.565 0 1
0 0.185 -0.555 0 2
0 0.185 -0.545 0 2
0 0.185 -0.535 0 1
0 0.185 -0.525 0 1
0 0.185 -0.515 0 1
0 0.185 -0.505 0 1
0 0.185 -0.495 -0.0004060829349 2
0 0.185 -0.485 -0.000757565571 2
0 0.185 -0.475 -0.001191414551 2
0 0.185 -0.465 -0.001614680357 2
0 0.185 -0.455 -0.00205340346 2
0 0.185 -0.445 -0.002447825245 2
0 0.185 -0.435 -0.002794166443 2
0 0.185 -0.425 -0.003085405432 2
0 0.185 -0.415 -0.003320053415 2
0 0.185 -0.405 -0.003506593913 2
0 0.185 -0.395 -0.003629039302 2
0 0.185 -0.385 -0.003678672306 1
0 0.185 -0.375 -0.003681318368 1
0 0.185 -0.365 -0.003636103663 1
0 0.185 -0.355 -0.003543056464 1
0 0.185 -0.345 -0.003404967133 1
0 0.185 -0.335 -0.00322078535 1
0 0.185 -0.325 -0.003004375424 1
0 0.185 -0.315 -0.002721484899 1
0 0.185 -0.305 -0.002344986654 2
0 0.185 -0.295 -0.001869689927 2
0 0.185 -0.285 -0.001303770756 2
0 0.185 -0.275 -0.0007215948473 2
0 0.185 -0.265 -0.0001164853317 2
0 0.185 -0.255 0.0004962591352 2
0 0.185 -0.245 0.001109169667 2
0 0.185 -0.235 0.001712548907 2
0 0.185 -0.225 0.002297380296 2
0 0.185 -0.215 0.00285463207 2
0 0.185 -0.205 0.003375678055 2
0 0.185 -0.195 0.003852381055 2
0 0.185 -0.185 0.004277259209 2
0 0.185 -0.175 0.004643606064 2
0 0.185 -0.165 0.004945603768 2
0 0.185 -0.155 0.00517841717 2
0 0.185 -0.145 0.00533827226 2
0 0.185 -0.135 0.005422517276 2
0 0.185 -0.125 0.005429666403 2
0 0.185 -0.115 0.005359425572 2
0 0.185 -0.105 0.005212700202 2
0 0.185 -0.095 0.004991584837 2
0 0.185 -0.085 0.00469933485 2
0 0.185 -0.075 0.004340320423 2
0 0.185 -0.065 0.003919963151 2
0 0.185 -0.055 0.003444655346 2
0 0.185 -0.045 0.002921662085 2
0 0.185 -0.035 0.002359005237 2
0 0.185 -0.025 0.001765328861 2
0 0.185 -0.015 0.001149743902 2
0 0.185 -0.005 0.0005216539223 2
0 0.185 0.005 -0.0001094407407 2
0 0.185 0.015 -0.0007341359071 2
0 0.185 0.025 -0.00134332095 2
0 0.185 0.035 -0.001928306574 2
0 0.185 0.045 -0.002480813145 2
0 0.185 0.055 -0.00299288782 2
0 0.185 0.065 -0.003456809021 2
0 0.185 0.075 -0.003865201286 2
0 0.185 0.085 -0.004210952462 2
0 0.185 0.095 -0.00448741507 2
0 0.185 0.105 -0.004689424911 2
0 0.185 0.115 -0.004814651631 2
0 0.185 0.125 -0.00486182821 2
0 0.185 0.135 -0.00483261013 2
0 0.185 0.145 -0.004736561906 2
0 0.185 0.155 -0.004576726542 2
0 0.185 0.165 -0.004347400681 2
0 0.185 0.175 -0.004075022784 2
0 0.185 0.185 -0.003768748066 1
0 0.185 0.195 -0.003481875754 1
0 0.185 0.205 -0.003160916788 1
0 0.185 0.215 -0.002759497542 2
0 0.185 0.225 -0.002267497669 2
0 0.185 0.235 -0.001725238446 2
0 0.185 0.245 -0.001170562918 2
0 0.185 0.255 -0.0005850909992 2
0 0.185 0.265 1.744710833e-06 2
0 0.185 0.275 0.0005828577257 2
0 0.185 0.285 0.001144399521 2
0 0.185 0.295 0.001677304054 2
0 0.185 0.305 0.002172319935 2
0 0.185 0.315 0.002622544592 2
0 0.185 0.325 0.003021784206 2
0 0.185 0.335 0.003368321618 2
0 0.185 0.345 0.003652328696 2
0 0.185 0.355 0.003864992746 2
0 0.185 0.365 0.004005313735 2
0 0.185 0.375 0.004070651239 2
0 0.185 0.385 0.004063882508 2
0 0.185 0.395 0.003987895153 2
0 0.185 0.405 0.003843975424 2
0 0.185 0.415 0.003635844378 2
0 0.185 0.425 0.003367587497 2
0 0.185 0.435 0.003045287685 2
0 0.185 0.445 0.002676215286 2
0 0.185 0.455 0.002270313083 2
0 0.185 0.465 0.001835465216 2
0 0.185 0.475 0.001391787171 2
0 0.185 0.485 0.0009278218056 2
0 0.185 0.495 0.0005329919572 2
0 0.185 0.505 0 2
0 0.185 0.515 0 2
0 0.185 0.525 0 2
0 0.185 0.535 0 2
0 0.185 0.545 0 1
0 0.185 0.555 0 1
0 0.185 0.565 0 1
0 0.195 -0.555 0 2
0 0.195 -0.545 0 2
0 0.195 -0.535 0 2
0 0.195 -0.525 0 2
0 0.195 -0.515 0 2
0 0.195 -0.505 0 2
0 0.195 -0.495 -0.000458309569 2
0 0.195 -0.485 -0.0008143824247 2
0 0.195 -0.475 -0.001246198367 2
0 0.195 -0.465 -0.00166472679 2
0 0.195 -0.455 -0.002086392656 2
0 0.195 -0.445 -0.002480505747 2
0 0.195 -0.435 -0.002840064326 2
0 0.195 -0.425 -0.003149144244 2
0 0.195 -0.415 -0.00340251998 2
0 0.195 -0.405 -0.003591156497 2
0 0.195 -0.395 -0.003707402281 2
0 0.195 -0.385 -0.003749921666 1
0 0.195 -0.375 -0.003742372841 1
0 0.195 -0.365 -0.003687578165 1
0 0.195 -0.355 -0.003588858808 1
0 0.195 -0.345 -0.00344630121 1
0 0.195 -0.335 -0.003257244495 1
0 0.195 -0.325 -0.003035296971 1
0 0.195 -0.315 -0.002749972736 1
0 0.195 -0.305 -0.002368595745 2
0 0.195 -0.295 -0.001883442197 2
0 0.195 -0.285 -0.001311869992 2
0 0.195 -0.275 -0.0007240487459 2
0 0.195 -0.265 -0.000114198735 2
0 0.195 -0.255 0.0005033288103 2
0 0.195 -0.245 0.001120812465 2
0 0.195 -0.235 0.001728623505 2
0 0.195 -0.225 0.002317721568 2
0 0.195 -0.215 0.002879060119 2
0 0.195 -0.205 0.003403976667 2
0 0.195 -0.195 0.00388428769 2
0 0.195 -0.185 0.004312457828 2
0 0.195 -0.175 0.004681725463 2
0 0.195 -0.165 0.004986219699 2
0 0.195 -0.155 0.005221057529 2
0 0.195 -0.145 0.005382424389 2
0 0.195 -0.135 0.00546763667 2
0 0.195 -0.125 0.005475186164 2
0 0.195 -0.115 0.005404766044 2
0 0.195 -0.105 0.005257278237 2
0 0.195 -0.095 0.005034822121 2
0 0.195 -0.085 0.004740664648 2
0 0.195 -0.075 0.004379192077 2
0 0.195 -0.065 0.003955843539 2
0 0.195 -0.055 0.003477026605 2
0 0.195 -0.045 0.002950014975 2
0 0.195 -0.035 0.002382828153 2
0 0.195 -0.025 0.001784093322 2
0 0.195 -0.015 0.001162889474 2
0 0.195 -0.005 0.0005285772253 2
0 0.195 0.005 -0.0001093825074 2
0 0.195 0.015 -0.00074160516 2
0 0.195 0.025 -0.00135893982 2
0 0.195 0.035 -0.001952578049 2
0 0.195 0.045 -0.002514092691 2
0 0.195 0.055 -0.003035422167 2
0 0.195 0.065 -0.003508788744 2
0 0.195 0.075 -0.003926748393 2
0 0.195 0.085 -0.004282338253 2
0 0.195 0.095 -0.004569424744 2
0 0.195 0.105 -0.004783391505 2
0 0.195 0.115 -0.004921818882 2
0 0.195 0.125 -0.004985020841 2
0 0.195 0.135 -0.004972161892 2
0 0.195 0.145 -0.004888369828 2
0 0.195 0.155 -0.004735443251 2
0 0.195 0.165 -0.004509620007 2
0 0.195 0.175 -0.004234764355 2
0 0.195 0.185 -0.003919545421 2
0 0.195 0.195 -0.003566181666 2
0 0.195 0.205 -0.003164888024 2
0 0.195 0.215 -0.002709548124 2
0 0.195 0.225 -0.002204489379 2
0 0.195 0.235 -0.001662213962 2
0 0.195 0.245 -0.001107943686 2
0 0.195 0.255 -0.0005365984405 2
0 0.195 0.265 4.146929267e-05 2
0 0.195 0.275 0.000615378081 2
0 0.195 0.285 0.001172755046 2
0 0.195 0.295 0.001703840792 2
0 0.195 0.305 0.002199751933 2
0 0.195 0.315 0.002653855081 2
0 0.195 0.325 0.003060765754 2
0 0.195 0.335 0.003413795476 2
0 0.195 0.345 0.003704312477 2
0 0.195 0.355 0.003923974064 2
0 0.195 0.365 0.004067584267 2
0 0.195 0.375 0.004134044449 2
0 0.195 0.385 0.004124931288 2
0 0.195 0.395 0.004043492965 2
0 0.195 0.405 0.003893489428 2
0 0.195 0.415 0.003678653377 2
0 0.195 0.425 0.003403691619 2
0 0.195 0.435 0.003074920516 2
0 0.195 0.445 0.002699737714 2
0 0.195 0.455 0.002288205472 2
0 0.195 0.465 0.001848295714 2
0 0.195 0.475 0.001400255053 2
0 0.195 0.485 0.000932619231 2
0 0.195 0.495 0.0005351904208 2
0 0.195 0.505 0 2
0 0.195 0.515 0 2
0 0.195 0.525 0 2
0 0.195 0.535 0 2
0 0.195 0.545 0 2
0 0.195 0.555 0 1
0 0.195 0.565 0 1
0 0.205 -0.555 0 2
0 0.205 -0.545 0 2
0 0.205 -0.535 0 2
0 0.205 -0.525 0 2
0 0.205 -0.515 0 2
0 0.205 -0.505 0 2
0 0.205 -0.495 -0.0004833705358 2
0 0.205 -0.485 -0.0008467540782 2
0 0.205 -0.475 -0.00127870675 2
0 0.205 -0.465 -0.001695757746 2
0 0.205 -0.455 -0.002110848763 2
0 0.205 -0.445 -0.002504581436 2
0 0.205 -0.435 -0.002866769937 2
0 0.205 -0.425 -0.003182217838 2
0 0.205 -0.415 -0.0034478405 2
0 0.205 -0.405 -0.003635475903 2
0 0.205 -0.395 -0.00373740199 1
0 0.205 -0.385 -0.00378103221 1
0 0.205 -0.375 -0.003770313552 1
0 0.205 -0.365 -0.003711491334 1
0 0.205 -0.355 -0.003609977562 1
0 0.205 -0.345 -0.003464990354 1
0 0.205 -0.335 -0.003274947694 1
0 0.205 -0.325 -0.003044005854 1
0 0.205 -0.315 -0.002749093097 1
0 0.205 -0.305 -0.002354054682 2
0 0.205 -0.295 -0.001856029442 2
0 0.205 -0.285 -0.001291544152 2
0 0.205 -0.275 -0.0007073771239 2
0 0.205 -0.265 -0.0001019401154 2
0 0.205 -0.255 0.0005124220706 2
0 0.205 -0.245 0.001127332982 2
0 0.205 -0.235 0.001733118754 2
0 0.205 -0.225 0.00232058165 2
0 0.205 -0.215 0.002880605152 2
0 0.205 -0.205 0.003404473127 2
0 0.205 -0.195 0.003883966896 2
0 0.205 -0.185 0.004311523496 2
0 0.205 -0.175 0.004680358618 2
0 0.205 -0.165 0.004984581412 2
0 0.205 -0.155 0.005219290808 2
0 0.205 -0.145 0.005380655493 2
0 0.205 -0.135 0.005465975994 2
0 0.205 -0.125 0.005473728654 2
0 0.205 -0.115 0.005403591008 2
0 0.205 -0.105 0.005256448359 2
0 0.205 -0.095 0.00503438143 2
0 0.205 -0.085 0.004740635157 2
0 0.205 -0.075 0.004379568761 2
0 0.205 -0.065 0.003956587373 2
0 0.205 -0.055 0.0034780555 2
0 0.205 -0.045 0.002951192752 2
0 0.205 -0.035 0.002383952312 2
0 0.205 -0.025 0.001784883238 2
0 0.205 -0.015 0.001162978283 2
0 0.205 -0.005 0.0005275113591 2
0 0.205 0.005 -0.0001121294033 2
0 0.205 0.015 -0.0007466017466 2
0 0.205 0.025 -0.001366747643 2
0 0.205 0.035 -0.001963695073 2
0 0.205 0.045 -0.00252891479 2
0 0.205 0.055 -0.003054247274 2
0 0.205 0.065 -0.003531916288 2
0 0.205 0.075 -0.003954610249 2
0 0.205 0.085 -0.004315657335 2
0 0.205 0.095 -0.004609359647 2
0 0.205 0.105 -0.004831431258 2
0 0.205 0.115 -0.00497929678 2
0 0.205 0.125 -0.0050524726 2
0 0.205 0.135 -0.005051797216 2
0 0.205 0.145 -0.004977326486 2
0 0.205 0.155 -0.004830626705 2
0 0.205 0.165 -0.004613970195 2
0 0.205 0.175 -0.004338268739 2
0 0.205 0.185 -0.004004137293 2
0 0.205 0.195 -0.00361269951 2
0 0.205 0.205 -0.003168531437 2
0 0.205 0.215 -0.002683684147 2
0 0.205 0.225 -0.002168168212 2
0 0.205 0.235 -0.001625854386 2
0 0.205 0.245 -0.001066786048 2
0 0.205 0.255 -0.0004978302738 2
0 0.205 0.265 7.480686954e-05 2
0 0.205 0.275 0.0006423277496 2
0 0.205 0.285 0.001194505817 2
0 0.205 0.295 0.001721913502 2
0 0.205 0.305 0.00221597754 2
0 0.205 0.315 0.002669439026 2
0 0.205 0.325 0.003075815881 2
0 0.205 0.335 0.003428083657 2
0 0.205 0.345 0.003718130245 2
0 0.205 0.355 0.003938134477 2
0 0.205 0.365 0.004082667957 2
0 0.205 0.375 0.004149815984 2
0 0.205 0.385 0.004140582465 2
0 0.205 0.395 0.004057868989 2
0 0.205 0.405 0.003905439492 2
0 0.205 0.415 0.003687613977 2
0 0.205 0.425 0.003409643713 2
0 0.205 0.435 0.003078130115 2
0 0.205 0.445 0.00270065202 2
0 0.205 0.455 0.002287371169 2
0 0.205 0.465 0.001846321984 2
0 0.205 0.475 0.001397747271 2
0 0.205 0.485 0.0009302664271 2
0 0.205 0.495 0.0005333923356 2
0 0.205 0.505 0 2
0 0.205 0.515 0 2
0 0.205 0.525 0 2
0 0.205 0.535 0 2
0 0.205 0.545 0 2
0 0.205 0.555 0 2
0 0.205 0.565 0 1
0 0.215 -0.555 0 2
0 0.215 -0.545 0 2
0 0.215 -0.535 0 2
0 0.215 -0.525 0 2
0 0.215 -0.515 0 2
0 0.215 -0.505 0 2
0 0.215 -0.495 -0.0004905794213 2
0 0.215 -0.485 -0.0008564165107 2
0 0.215 -0.475 -0.001287284999 2
0 0.215 -0.465 -0.001703094638 2
0 0.215 -0.455 -0.002115348993 2
0 0.215 -0.445 -0.002505207573 2
0 0.215 -0.435 -0.002864188369 2
0 0.215 -0.425 -0.003177719483 2
0 0.215 -0.415 -0.003442736996 2
0 0.215 -0.405 -0.003628408199 2
0 0.215 -0.395 -0.003730521344 1
0 0.215 -0.385 -0.003772031497 1
0 0.215 -0.375 -0.003760835097 1
0 0.215 -0.365 -0.003703741684 1
0 0.215 -0.355 -0.003602736452 1
0 0.215 -0.345 -0.003457525542 1
0 0.215 -0.335 -0.003275596542 1
0 0.215 -0.325 -0.003043767795 1
0 0.215 -0.315 -0.002716262545 2
0 0.215 -0.305 -0.002286172196 2
0 0.215 -0.295 -0.001785168504 2
0 0.215 -0.285 -0.001245853338 2
0 0.215 -0.275 -0.0006750829794 2
0 0.215 -0.265 -8.225024896e-05 2
0 0.215 -0.255 0.0005217373506 2
0 0.215 -0.245 0.001127467945 2
0 0.215 -0.235 0.001725114411 2
0 0.215 -0.225 0.002305266706 2
0 0.215 -0.215 0.002858727704 2
0 0.215 -0.205 0.003376738981 2
0 0.215 -0.195 0.003851073762 2
0 0.215 -0.185 0.004274176419 2
0 0.215 -0.175 0.004639277616 2
0 0.215 -0.165 0.00494050282 2
0 0.215 -0.155 0.005172964806 2
0 0.215 -0.145 0.005332840909 2
0 0.215 -0.135 0.005417433157 2
0 0.215 -0.125 0.005425210743 2
0 0.215 -0.115 0.005355834176 2
0 0.215 -0.105 0.005210160771 2
0 0.215 -0.095 0.004990231322 2
0 0.215 -0.085 0.004699237938 2
0 0.215 -0.075 0.004341473239 2
0 0.215 -0.065 0.003922261228 2
0 0.215 -0.055 0.003447870329 2
0 0.215 -0.045 0.002925409319 2
0 0.215 -0.035 0.002362707198 2
0 0.215 -0.025 0.001768178722 2
0 0.215 -0.015 0.001150678223 2
0 0.215 -0.005 0.0005193461081 2
0 0.215 0.005 -0.0001165457032 2
0 0.215 0.015 -0.0007477406414 2
0 0.215 0.025 -0.001365126936 2
0 0.215 0.035 -0.001959841585 2
0 0.215 0.045 -0.002523345445 2
0 0.215 0.055 -0.003047481901 2
0 0.215 0.065 -0.00352454041 2
0 0.215 0.075 -0.003947367208 2
0 0.215 0.085 -0.004309544893 2
0 0.215 0.095 -0.004605647173 2
0 0.215 0.105 -0.004831549125 2
0 0.215 0.115 -0.00498454496 2
0 0.215 0.125 -0.005063365081 2
0 0.215 0.135 -0.005067895073 2
0 0.215 0.145 -0.004998307027 2
0 0.215 0.155 -0.004855928027 2
0 0.215 0.165 -0.004643687531 2
0 0.215 0.175 -0.004364552485 2
0 0.215 0.185 -0.004021205003 2
0 0.215 0.195 -0.003617819147 2
0 0.215 0.205 -0.003162671712 2
0 0.215 0.215 -0.002666766289 2
0 0.215 0.225 -0.002141161189 2
0 0.215 0.235 -0.001595137 2
0 0.215 0.245 -0.001035658542 2
0 0.215 0.255 -0.0004688326779 2
0 0.215 0.265 9.895402319e-05 2
0 0.215 0.275 0.0006599225703 2
0 0.215 0.285 0.001205362667 2
0 0.215 0.295 0.001726570141 2
0 0.215 0.305 0.002215332219 2
0 0.215 0.315 0.002664099425 2
0 0.215 0.325 0.003065669074 2
0 0.215 0.335 0.003412715569 2
0 0.215 0.345 0.003697764718 2
0 0.215 0.355 0.00391406483 2
0 0.215 0.365 0.00405675598 2
0 0.215 0.375 0.004123559247 2
0 0.215 0.385 0.004114711003 2
0 0.215 0.395 0.004032419382 2
0 0.215 0.405 0.003880200177 2
0 0.215 0.415 0.003662582321 2
0 0.215 0.425 0.003385085449 2
0 0.215 0.435 0.003054508683 2
0 0.215 0.445 0.002678567944 2
0 0.215 0.455 0.00226746604 2
0 0.215 0.465 0.001829257471 2
0 0.215 0.475 0.001384038194 2
0 0.215 0.485 0.0009206050317 2
0 0.215 0.495 0.0005274999057 2
0 0.215 0.505 0 2
0 0.215 0.515 0 2
0 0.215 0.525 0 2
0 0.215 0.535 0 2
0 0.215 0.545 0 2
0 0.215 0.555 0 2
0 0.215 0.565 0 1
0 0.225 -0.555 0 2
0 0.225 -0.545 0 2
0 0.225 -0.535 0 2
0 0.225 -0.525 0 2
0 0.225 -0.515 0 2
0 0.225 -0.505 0 2
0 0.225 -0.495 -0.0004867258212 2
0 0.225 -0.485 -0.0008499341466 2
0 0.225 -0.475 -0.001277914844 2
0 0.225 -0.465 -0.001689891022 2
0 0.225 -0.455 -0.002097055577 2
0 0.225 -0.445 -0.002480725562 2
0 0.225 -0.435 -0.002832999236 2
0 0.225 -0.425 -0.003140444101 2
0 0.225 -0.415 -0.003400651252 2
0 0.225 -0.405 -0.003584531723 2
0 0.225 -0.395 -0.00368759098 1
0 0.225 -0.385 -0.003729201415 1
0 0.225 -0.375 -0.003718797962 1
0 0.225 -0.365 -0.003663185285 1
0 0.225 -0.355 -0.003561756116 1
0 0.225 -0.345 -0.00341844279 1
0 0.225 -0.335 -0.003236855988 1
0 0.225 -0.325 -0.002991335261 1
0 0.225 -0.315 -0.002645841438 2
0 0.225 -0.305 -0.002205312941 2
0 0.225 -0.295 -0.00171014823 2
0 0.225 -0.285 -0.001188985605 2
0 0.225 -0.275 -0.0006354370057 2
0 0.225 -0.265 -5.99075154e-05 2
0 0.225 -0.255 0.0005282446469 2
0 0.225 -0.245 0.001119250505 2
0 0.225 -0.235 0.001703308651 2
0 0.225 -0.225 0.002270918812 2
0 0.225 -0.215 0.002812878742 2
0 0.225 -0.205 0.003320449818 2
0 0.225 -0.195 0.003785453137 2
0 0.225 -0.185 0.004200392528 2
0 0.225 -0.175 0.004558561626 2
0 0.225 -0.165 0.004854144899 2
0 0.225 -0.155 0.005082305053 2
0 0.225 -0.145 0.005239256373 2
0 0.225 -0.135 0.005322322005 2
0 0.225 -0.125 0.005329974264 2
0 0.225 -0.115 0.005261857186 2
0 0.225 -0.105 0.005118790853 2
0 0.225 -0.095 0.004902757268 2
0 0.225 -0.085 0.004616867756 2
0 0.225 -0.075 0.004265312099 2
0 0.225 -0.065 0.003853289834 2
0 0.225 -0.055 0.003386924368 2
0 0.225 -0.045 0.002873160916 2
0 0.225 -0.035 0.002319649691 2
0 0.225 -0.025 0.001734616456 2
0 0.225 -0.015 0.001126723432 2
0 0.225 -0.005 0.0005049247947 2
0 0.225 0.005 -0.0001216777086 2
0 0.225 0.015 -0.0007439724682 2
0 0.225 0.025 -0.001352962602 2
0 0.225 0.035 -0.001939873377 2
0 0.225 0.045 -0.002496242975 2
0 0.225 0.055 -0.003014005841 2
0 0.225 0.065 -0.003485583907 2
0 0.225 0.075 -0.003904007446 2
0 0.225 0.085 -0.004263075437 2
0 0.225 0.095 -0.004557542595 2
0 0.225 0.105 -0.004783306112 2
0 0.225 0.115 -0.004937504367 2
0 0.225 0.125 -0.005018416822 2
0 0.225 0.135 -0.005025313112 2
0 0.225 0.145 -0.00495824002 2
0 0.225 0.155 -0.004818237755 2
0 0.225 0.165 -0.004607384276 2
0 0.225 0.175 -0.004328202585 2
0 0.225 0.185 -0.003983878807 2
0 0.225 0.195 -0.003579725169 2
0 0.225 0.205 -0.003124737022 2
0 0.225 0.215 -0.002630173968 2
0 0.225 0.225 -0.002106811786 2
0 0.225 0.235 -0.001563591486 2
0 0.225 0.245 -0.001007796366 2
0 0.225 0.255 -0.0004461606776 2
0 0.225 0.265 0.0001145310614 2
0 0.225 0.275 0.000666896441 2
0 0.225 0.285 0.001203057294 2
0 0.225 0.295 0.001714946231 2
0 0.225 0.305 0.00219466566 2
0 0.225 0.315 0.002634647897 2
0 0.225 0.325 0.003027583138 2
0 0.225 0.335 0.003366307635 2
0 0.225 0.345 0.003643952199 2
0 0.225 0.355 0.003854514664 2
0 0.225 0.365 0.003993588336 2
0 0.225 0.375 0.004058856043 2
0 0.225 0.385 0.004050144574 2
0 0.225 0.395 0.003969152996 2
0 0.225 0.405 0.003819061786 2
0 0.225 0.415 0.003604295277 2
0 0.225 0.425 0.003330401858 2
0 0.225 0.435 0.003004240421 2
0 0.225 0.445 0.002633555386 2
0 0.225 0.455 0.002228497376 2
0 0.225 0.465 0.001797076731 2
0 0.225 0.475 0.001359087717 2
0 0.225 0.485 0.0009035946661 2
0 0.225 0.495 0.0005174804785 2
0 0.225 0.505 0 2
0 0.225 0.515 0 2
0 0.225 0.525 0 2
0 0.225 0.535 0 2
0 0.225 0.545 0 2
0 0.225 0.555 0 2
0 0.225 0.565 0 1
0 0.235 -0.555 0 2
0 0.235 -0.545 0 2
0 0.235 -0.535 0 2
0 0.235 -0.525 0 2
0 0.235 -0.515 0 2
0 0.235 -0.505 0 2
0 0.235 -0.495 -0.0004769813707 2
0 0.235 -0.485 -0.000833424434 2
0 0.235 -0.475 -0.001253688973 2
0 0.235 -0.465 -0.001657888872 2
0 0.235 -0.455 -0.002056518968 2
0 0.235 -0.445 -0.002431122967 2
0 0.235 -0.435 -0.002773989038 2
0 0.235 -0.425 -0.003072957397 2
0 0.235 -0.415 -0.00332537345 2
0 0.235 -0.405 -0.003506370369 2
0 0.235 -0.395 -0.003609217746 1
0 0.235 -0.385 -0.003652054056 1
0 0.235 -0.375 -0.003643755344 1
0 0.235 -0.365 -0.003593065293 1
0 0.235 -0.355 -0.003495627876 1
0 0.235 -0.345 -0.003357953297 1
0 0.235 -0.335 -0.003169726391 1
0 0.235 -0.325 -0.002889196093 2
0 0.235 -0.315 -0.002520267754 2
0 0.235 -0.305 -0.002094720862 2
0 0.235 -0.295 -0.001628230223 2
0 0.235 -0.285 -0.001126244425 2
0 0.235 -0.275 -0.0005937051418 2
0 0.235 -0.265 -3.901328131e-05 2
0 0.235 -0.255 0.0005289927439 2
0 0.235 -0.245 0.001100656101 2
0 0.235 -0.235 0.001666365777 2
0 0.235 -0.225 0.002216712097 2
0 0.235 -0.215 0.002742613002 2
0 0.235 -0.205 0.003235450578 2
0 0.235 -0.195 0.003687175725 2
0 0.235 -0.185 0.004090421013 2
0 0.235 -0.175 0.004438602112 2
0 0.235 -0.165 0.004726012395 2
0 0.235 -0.155 0.004947905381 2
0 0.235 -0.145 0.005100563997 2
0 0.235 -0.135 0.005181354697 2
0 0.235 -0.125 0.005188765395 2
0 0.235 -0.115 0.005122426312 2
0 0.235 -0.105 0.004983113238 2
0 0.235 -0.095 0.004772732929 2
0 0.235 -0.085 0.004494290634 2
0 0.235 -0.075 0.004151839996 2
0 0.235 -0.065 0.003750415839 2
0 0.235 -0.055 0.003295950644 2
0 0.235 -0.045 0.002795175895 2
0 0.235 -0.035 0.002255509948 2
0 0.235 -0.025 0.00168493467 2
0 0.235 -0.015 0.001091863842 2
0 0.235 -0.005 0.0004850071597 2
0 0.235 0.005 -0.0001267656405 2
0 0.235 0.015 -0.0007345557125 2
0 0.235 0.025 -0.001329556908 2
0 0.235 0.035 -0.001903166406 2
0 0.235 0.045 -0.002447085622 2
0 0.235 0.055 -0.00295341775 2
0 0.235 0.065 -0.003414771359 2
0 0.235 0.075 -0.0038243797 2
0 0.235 0.085 -0.004176238117 2
0 0.235 0.095 -0.004465245564 2
0 0.235 0.105 -0.004687322582 2
0 0.235 0.115 -0.004839470238 2
0 0.235 0.125 -0.004919733209 2
0 0.235 0.135 -0.00492712539 2
0 0.235 0.145 -0.004861555866 2
0 0.235 0.155 -0.004723820625 2
0 0.235 0.165 -0.004515669897 2
0 0.235 0.175 -0.004239847509 2
0 0.235 0.185 -0.003900458343 2
0 0.235 0.195 -0.003503581331 2
0 0.235 0.205 -0.003057628265 2
0 0.235 0.215 -0.002572522783 2
0 0.235 0.225 -0.002058267519 2
0 0.235 0.235 -0.00152393465 2
0 0.235 0.245 -0.0009774519137 2
0 0.235 0.255 -0.0004260178042 2
0 0.235 0.265 0.0001233845053 2
0 0.235 0.275 0.0006635292179 2
0 0.235 0.285 0.001186917323 2
0 0.235 0.295 0.001685912294 2
0 0.235 0.305 0.002152935055 2
0 0.235 0.315 0.002580595764 2
0 0.235 0.325 0.002961749856 2
0 0.235 0.335 0.003289565186 2
0 0.235 0.345 0.003557733689 2
0 0.235 0.355 0.003760877085 2
0 0.235 0.365 0.003895016961 2
0 0.235 0.375 0.003957917231 2
0 0.235 0.385 0.003949182929 2
0 0.235 0.395 0.003870151937 2
0 0.235 0.405 0.003723681254 2
0 0.235 0.415 0.003513984657 2
0 0.235 0.425 0.003246490414 2
0 0.235 0.435 0.002927968908 2
0 0.235 0.445 0.002566071539 2
0 0.235 0.455 0.002170784455 2
0 0.235 0.465 0.001749994333 2
0 0.235 0.475 0.00132303011 2
0 0.235 0.485 0.0008793073619 2
0 0.235 0.495 0.0005033640674 2
0 0.235 0.505 0 2
0 0.235 0.515 0 2
0 0.235 0.525 0 2
0 0.235 0.535 0 2
0 0.235 0.545 0 2
0 0.235 0.555 0 2
0 0.235 0.565 0 1
0 0.245 -0.555 0 2
0 0.245 -0.545 0 2
0 0.245 -0.535 0 2
0 0.245 -0.525 0 2
0 0.245 -0.515 0 2
0 0.245 -0.505 0 2
0 0.245 -0.495 -0.0004624403569 2
0 0.245 -0.485 -0.0008083961365 2
0 0.245 -0.475 -0.00121655614 2
0 0.245 -0.465 -0.00160913562 2
0 0.245 -0.455 -0.001995892382 2
0 0.245 -0.445 -0.00235873915 2
0 0.245 -0.435 -0.00269005601 2
0 0.245 -0.425 -0.00297891589 2
0 0.245 -0.415 -0.003220602861 2
0 0.245 -0.405 -0.003398616396 2
0 0.245 -0.395 -0.003503406333 1
0 0.245 -0.385 -0.003550055193 1
0 0.245 -0.375 -0.003545939391 1
0 0.245 -0.365 -0.003504705353 1
0 0.245 -0.355 -0.003417395265 1
0 0.245 -0.345 -0.003277149235 2
0 0.245 -0.335 -0.00304754567 2
0 0.245 -0.325 -0.002741352811 2
0 0.245 -0.315 -0.002386578308 2
0 0.245 -0.305 -0.00198483955 2
0 0.245 -0.295 -0.001543159075 2
0 0.245 -0.285 -0.001063560795 2
0 0.245 -0.275 -0.0005541510963 2
0 0.245 -0.265 -2.289988061e-05 2
0 0.245 -0.255 0.0005215503747 2
0 0.245 -0.245 0.001069996648 2
0 0.245 -0.235 0.001613199114 2
0 0.245 -0.225 0.002142040935 2
0 0.245 -0.215 0.002647709648 2
0 0.245 -0.205 0.003121830526 2
0 0.245 -0.195 0.003556582578 2
0 0.245 -0.185 0.003944808308 2
0 0.245 -0.175 0.004280112782 2
0 0.245 -0.165 0.004556953899 2
0 0.245 -0.155 0.004770720884 2
0 0.245 -0.145 0.004917799912 2
0 0.245 -0.135 0.004995625256 2
0 0.245 -0.125 0.005002714915 2
0 0.245 -0.115 0.004938689911 2
0 0.245 -0.105 0.004804276717 2
0 0.245 -0.095 0.004601292581 2
0 0.245 -0.085 0.004332613765 2
0 0.245 -0.075 0.004002126974 2
0 0.245 -0.065 0.003614664572 2
0 0.245 -0.055 0.00317592447 2
0 0.245 -0.045 0.002692375954 2
0 0.245 -0.035 0.002171153189 2
0 0.245 -0.025 0.001619938595 2
0 0.245 -0.015 0.001046838915 2
0 0.245 -0.005 0.0004602572552 2
0 0.245 0.005 -0.0001312352292 2
0 0.245 0.015 -0.0007190244693 2
0 0.245 0.025 -0.001294572637 2
0 0.245 0.035 -0.001849530195 2
0 0.245 0.045 -0.002375842031 2
0 0.245 0.055 -0.002865851431 2
0 0.245 0.065 -0.003312406823 2
0 0.245 0.075 -0.003708974769 2
0 0.245 0.085 -0.004049757391 2
0 0.245 0.095 -0.004329804385 2
0 0.245 0.105 -0.004545100464 2
0 0.245 0.115 -0.004692612084 2
0 0.245 0.125 -0.004770286146 2
0 0.245 0.135 -0.004777025067 2
0 0.245 0.145 -0.00471266706 2
0 0.245 0.155 -0.004578007159 2
0 0.245 0.165 -0.004374874334 2
0 0.245 0.175 -0.004106253816 2
0 0.245 0.185 -0.003776558534 2
0 0.245 0.195 -0.00339191425 2
0 0.245 0.205 -0.002960169258 2
0 0.245 0.215 -0.002490307354 2
0 0.245 0.225 -0.001991546192 2
0 0.245 0.235 -0.001472631223 2
0 0.245 0.245 -0.0009415855653 2
0 0.245 0.255 -0.0004058700103 2
0 0.245 0.265 0.0001273259404 2
0 0.245 0.275 0.0006508134483 2
0 0.245 0.285 0.001157320595 2
0 0.245 0.295 0.001639528243 2
0 0.245 0.305 0.002090174768 2
0 0.245 0.315 0.002502165404 2
0 0.245 0.325 0.002868677262 2
0 0.245 0.335 0.003183293352 2
0 0.245 0.345 0.003440218395 2
0 0.245 0.355 0.003634585437 2
0 0.245 0.365 0.003762784114 2
0 0.245 0.375 0.003822711479 2
0 0.245 0.385 0.003813879861 2
0 0.245 0.395 0.003737391813 2
0 0.245 0.405 0.003595829217 2
0 0.245 0.415 0.003393154273 2
0 0.245 0.425 0.003134579937 2
0 0.245 0.435 0.002826672424 2
0 0.245 0.445 0.002476878761 2
0 0.245 0.455 0.002094906006 2
0 0.245 0.465 0.001688432176 2
0 0.245 0.475 0.00127615434 2
0 0.245 0.485 0.000847916706 2
0 0.245 0.495 0.000485238163 2
0 0.245 0.505 0 2
0 0.245 0.515 0 2
0 0.245 0.525 0 2
0 0.245 0.535 0 2
0 0.245 0.545 0 2
0 0.245 0.555 0 2
0 0.245 0.565 0 1
0 0.255 -0.555 0 2
0 0.255 -0.545 0 2
0 0.255 -0.535 0 2
0 0.255 -0.525 0 2
0 0.255 -0.515 0 2
0 0.255 -0.505 0 2
0 0.255 -0.495 -0.0004436663156 2
0 0.255 -0.485 -0.0007758664052 2
0 0.255 -0.475 -0.001168020017 2
0 0.255 -0.465 -0.00154536229 2
0 0.255 -0.455 -0.001917058429 2
0 0.255 -0.445 -0.002265704105 2
0 0.255 -0.435 -0.002583871315 2
0 0.255 -0.425 -0.002861755789 2
0 0.255 -0.415 -0.003091915389 2
0 0.255 -0.405 -0.003268643503 2
0 0.255 -0.395 -0.003393591523 2
0 0.255 -0.385 -0.003458277473 2
0 0.255 -0.375 -0.00346273729 2
0 0.255 -0.365 -0.003417308977 2
0 0.255 -0.355 -0.003311348636 2
0 0.255 -0.345 -0.003141437884 2
0 0.255 -0.335 -0.002906004934 2
0 0.255 -0.325 -0.00260984934 2
0 0.255 -0.315 -0.002268598873 2
0 0.255 -0.305 -0.001884586497 2
0 0.255 -0.295 -0.001461218212 2
0 0.255 -0.285 -0.0010039912 2
0 0.255 -0.275 -0.0005189948627 2
0 0.255 -0.265 -1.348448955e-05 2
0 0.255 -0.255 0.00050443504 2
0 0.255 -0.245 0.001026225752 2
0 0.255 -0.235 0.001543186191 2
0 0.255 -0.225 0.002046668442 2
0 0.255 -0.215 0.002528272054 2
0 0.255 -0.205 0.002979988008 2
0 0.255 -0.195 0.003394324884 2
0 0.255 -0.185 0.003764420081 2
0 0.255 -0.175 0.004084138773 2
0 0.255 -0.165 0.004348161722 2
0 0.255 -0.155 0.004552060887 2
0 0.255 -0.145 0.004692362041 2
0 0.255 -0.135 0.004766593306 2
0 0.255 -0.125 0.00477331875 2
0 0.255 -0.115 0.00471215636 2
0 0.255 -0.105 0.004583779972 2
0 0.255 -0.095 0.00438990495 2
0 0.255 -0.085 0.004133257692 2
0 0.255 -0.075 0.003817529293 2
0 0.255 -0.065 0.003447313988 2
0 0.255 -0.055 0.003028033302 2
0 0.255 -0.045 0.002565847207 2
0 0.255 -0.035 0.002067553958 2
0 0.255 -0.025 0.001540480686 2
0 0.255 -0.015 0.000992367266 2
0 0.255 -0.005 0.000431246239 2
0 0.255 0.005 -0.0001346782714 2
0 0.255 0.015 -0.0006971499584 2
0 0.255 0.025 -0.001247976031 2
0 0.255 0.035 -0.001779138374 2
0 0.255 0.045 -0.002282900753 2
0 0.255 0.055 -0.002751913899 2
0 0.255 0.065 -0.003179320538 2
0 0.255 0.075 -0.003558860953 2
0 0.255 0.085 -0.003884976178 2
0 0.255 0.095 -0.004152901899 2
0 0.255 0.105 -0.004358742948 2
0 0.255 0.115 -0.004499520953 2
0 0.255 0.125 -0.004573194926 2
0 0.255 0.135 -0.00457866743 2
0 0.255 0.145 -0.004515797087 2
0 0.255 0.155 -0.00438544059 2
0 0.255 0.165 -0.004189536844 2
0 0.255 0.175 -0.00393122302 2
0 0.255 0.185 -0.003614981675 2
0 0.255 0.195 -0.003246725273 2
0 0.255 0.205 -0.002833680992 2
0 0.255 0.215 -0.002383975188 2
0 0.255 0.225 -0.001906058619 2
0 0.255 0.235 -0.001408218955 2
0 0.255 0.245 -0.000898336935 2
0 0.255 0.255 -0.0003838917944 2
0 0.255 0.265 0.0001279046029 2
0 0.255 0.275 0.0006299529588 2
0 0.255 0.285 0.001115188606 2
0 0.255 0.295 0.001576582718 2
0 0.255 0.305 0.002007204977 2
0 0.255 0.315 0.002400316531 2
0 0.255 0.325 0.002749485868 2
0 0.255 0.335 0.003048738164 2
0 0.255 0.345 0.003292753725 2
0 0.255 0.355 0.00347710928 2
0 0.255 0.365 0.003598521856 2
0 0.255 0.375 0.00365504171 2
0 0.255 0.385 0.003646156666 2
0 0.255 0.395 0.003572809518 2
0 0.255 0.405 0.003437347757 2
0 0.255 0.415 0.00324347009 2
0 0.255 0.425 0.00299611808 2
0 0.255 0.435 0.00270156942 2
0 0.255 0.445 0.002366972585 2
0 0.255 0.455 0.002001648683 2
0 0.255 0.465 0.001612984306 2
0 0.255 0.475 0.001218881248 2
0 0.255 0.485 0.0008096845729 2
0 0.255 0.495 0.0004632411134 2
0 0.255 0.505 0 2
0 0.255 0.515 0 2
0 0.255 0.525 0 2
0 0.255 0.535 0 2
0 0.255 0.545 0 2
0 0.255 0.555 0 2
0 0.255 0.565 0 1
0 0.265 -0.555 0 2
0 0.265 -0.545 0 2
0 0.265 -0.535 0 2
0 0.265 -0.525 0 2
0 0.265 -0.515 0 2
0 0.265 -0.505 0 2
0 0.265 -0.495 -0.0004210074573 2
0 0.265 -0.485 -0.0007364532196 2
0 0.265 -0.475 -0.001109041378 2
0 0.265 -0.465 -0.001467834009 2
0 0.265 -0.455 -0.001821517537 2
0 0.265 -0.445 -0.00215369416 2
0 0.265 -0.435 -0.002457499001 2
0 0.265 -0.425 -0.002724420881 2
0 0.265 -0.415 -0.002948031233 2
0 0.265 -0.405 -0.00312527745 2
0 0.265 -0.395 -0.003253592426 2
0 0.265 -0.385 -0.003325192274 2
0 0.265 -0.375 -0.003335192696 2
0 0.265 -0.365 -0.003285595209 2
0 0.265 -0.355 -0.003171561455 2
0 0.265 -0.345 -0.002995986512 2
0 0.265 -0.335 -0.002765313183 2
0 0.265 -0.325 -0.002482336429 2
0 0.265 -0.315 -0.002152348657 2
0 0.265 -0.305 -0.001783767594 2
0 0.265 -0.295 -0.001380718158 2
0 0.265 -0.285 -0.0009471803547 2
0 0.265 -0.275 -0.0004885399525 2
0 0.265 -0.265 -1.131577222e-05 2
0 0.265 -0.255 0.0004771419561 2
0 0.265 -0.245 0.0009690143178 2
0 0.265 -0.235 0.001456251659 2
0 0.265 -0.225 0.001930798895 2
0 0.265 -0.215 0.002384783677 2
0 0.265 -0.205 0.002810669731 2
0 0.265 -0.195 0.003201388829 2
0 0.265 -0.185 0.003550454333 2
0 0.265 -0.175 0.003852060447 2
0 0.265 -0.165 0.004101168416 2
0 0.265 -0.155 0.004293579797 2
0 0.265 -0.145 0.004425996507 2
0 0.265 -0.135 0.004496067022 2
0 0.265 -0.125 0.004502418186 2
0 0.265 -0.115 0.004444672125 2
0 0.265 -0.105 0.004323447986 2
0 0.265 -0.095 0.004140348386 2
0 0.265 -0.085 0.003897930702 2
0 0.265 -0.075 0.003599663572 2
0 0.265 -0.065 0.003249869251 2
0 0.265 -0.055 0.002853652736 2
0 0.265 -0.045 0.002416818922 2
0 0.265 -0.035 0.001945779347 2
0 0.265 -0.025 0.00144745043 2
0 0.265 -0.015 0.0009291453642 2
0 0.265 -0.005 0.0003984620547 2
0 0.265 0.005 -0.0001368305619 2
0 0.265 0.015 -0.0006689056653 2
0 0.265 0.025 -0.001189989579 2
0 0.265 0.035 -0.001692469858 2
0 0.265 0.045 -0.002169000439 2
0 0.265 0.055 -0.002612604449 2
0 0.265 0.065 -0.003016775113 2
0 0.265 0.075 -0.003375574151 2
0 0.265 0.085 -0.003683725062 2
0 0.265 0.095 -0.003936696775 2
0 0.265 0.105 -0.004130772403 2
0 0.265 0.115 -0.004263100051 2
0 0.265 0.125 -0.004331727318 2
0 0.265 0.135 -0.004335627927 2
0 0.265 0.145 -0.0042747328 2
0 0.265 0.155 -0.004149977195 2
0 0.265 0.165 -0.003963368373 2
0 0.265 0.175 -0.003718061953 2
0 0.265 0.185 -0.00341842479 2
0 0.265 0.195 -0.003070025948 2
0 0.265 0.205 -0.002679491444 2
0 0.265 0.215 -0.002254195954 2
0 0.265 0.225 -0.001801869999 2
0 0.265 0.235 -0.001330251705 2
0 0.265 0.245 -0.0008468755104 2
0 0.265 0.255 -0.0003590138243 2
0 0.265 0.265 0.0001262818989 2
0 0.265 0.275 0.0006021068487 2
0 0.265 0.285 0.001061655582 2
0 0.265 0.295 0.001498220702 2
0 0.265 0.305 0.001905237867 2
0 0.265 0.315 0.002276366492 2
0 0.265 0.325 0.002605601264 2
0 0.265 0.335 0.002887414967 2
0 0.265 0.345 0.003116933061 2
0 0.265 0.355 0.003290129258 2
0 0.265 0.365 0.003404016362 2
0 0.265 0.375 0.003456801496 2
0 0.265 0.385 0.003447982944 2
0 0.265 0.395 0.003378387953 2
0 0.265 0.405 0.003250157089 2
0 0.265 0.415 0.003066721005 2
0 0.265 0.425 0.002832712648 2
0 0.265 0.435 0.002554057517 2
0 0.265 0.445 0.002237528029 2
0 0.265 0.455 0.001891964296 2
0 0.265 0.465 0.001524385168 2
0 0.265 0.475 0.001151741629 2
0 0.265 0.485 0.0007649477744 2
0 0.265 0.495 0.0004375551948 2
0 0.265 0.505 0 2
0 0.265 0.515 0 2
0 0.265 0.525 0 2
0 0.265 0.535 0 2
0 0.265 0.545 0 2
0 0.265 0.555 0 2
0 0.265 0.565 0 2
0 0.275 -0.555 0 2
0 0.275 -0.545 0 2
0 0.275 -0.535 0 2
0 0.275 -0.525 0 2
0 0.275 -0.515 0 2
0 0.275 -0.505 0 2
0 0.275 -0.495 -0.0003947220385 2
0 0.275 -0.485 -0.0006906167325 2
0 0.275 -0.475 -0.001040315091 2
0 0.275 -0.465 -0.001377408559 2
0 0.275 -0.455 -0.001710141168 2
0 0.275 -0.445 -0.002023323674 2
0 0.275 -0.435 -0.002310800577 2
0 0.275 -0.425 -0.002565074458 2
0 0.275 -0.415 -0.002781132489 2
0 0.275 -0.405 -0.002954498172 2
0 0.275 -0.395 -0.003080022802 2
0 0.275 -0.385 -0.003151794594 2
0 0.275 -0.375 -0.003164289514 2
0 0.275 -0.365 -0.003114331011 2
0 0.275 -0.355 -0.003002699682 2
0 0.275 -0.345 -0.002832613723 2
0 0.275 -0.335 -0.002609068334 2
0 0.275 -0.325 -0.00233838109 2
0 0.275 -0.315 -0.002026552696 2
0 0.275 -0.305 -0.001678635115 2
0 0.275 -0.295 -0.001298850353 2
0 0.275 -0.285 -0.0008916211623 2
0 0.275 -0.275 -0.0004620254844 2
0 0.275 -0.265 -1.596772624e-05 2
0 0.275 -0.255 0.0004399595396 2
0 0.275 -0.245 0.0008986768819 2
0 0.275 -0.235 0.00135284659 2
0 0.275 -0.225 0.001795080536 2
0 0.275 -0.215 0.002218118197 2
0 0.275 -0.205 0.002614980373 2
0 0.275 -0.195 0.002979101255 2
0 0.275 -0.185 0.003304442012 2
0 0.275 -0.175 0.003585588979 2
0 0.275 -0.165 0.003817837818 2
0 0.275 -0.155 0.003997264264 2
0 0.275 -0.145 0.004120781582 2
0 0.275 -0.135 0.004186184474 2
0 0.275 -0.125 0.004192179195 2
0 0.275 -0.115 0.004138399578 2
0 0.275 -0.105 0.004025408837 2
0 0.275 -0.095 0.003854687134 2
0 0.275 -0.085 0.003628605099 2
0 0.275 -0.075 0.003350383695 2
0 0.275 -0.065 0.003024041061 2
0 0.275 -0.055 0.002654327223 2
0 0.275 -0.045 0.002246647818 2
0 0.275 -0.035 0.001806978279 2
0 0.275 -0.025 0.001341770127 2
0 0.275 -0.015 0.0008578512772 2
0 0.275 -0.005 0.0003623223231 2
0 0.275 0.005 -0.0001375492381 2
0 0.275 0.015 -0.0006344350984 2
0 0.275 0.025 -0.00112105118 2
0 0.275 0.035 -0.001590260758 2
0 0.275 0.045 -0.002035175259 2
0 0.275 0.055 -0.002449252603 2
0 0.275 0.065 -0.002826392745 2
0 0.275 0.075 -0.003161029425 2
0 0.275 0.085 -0.003448216101 2
0 0.275 0.095 -0.003683703257 2
0 0.275 0.105 -0.003864004345 2
0 0.275 0.115 -0.003986449193 2
0 0.275 0.125 -0.004049226568 2
0 0.275 0.135 -0.004051420953 2
0 0.275 0.145 -0.003993050075 2
0 0.275 0.155 -0.003875107754 2
0 0.275 0.165 -0.003699610534 2
0 0.275 0.175 -0.003469635998 2
0 0.275 0.185 -0.003189331951 2
0 0.275 0.195 -0.002863863237 2
0 0.275 0.205 -0.002499267933 2
0 0.275 0.215 -0.00210222123 2
0 0.275 0.225 -0.001679753753 2
0 0.275 0.235 -0.001238995115 2
0 0.275 0.245 -0.0007869973826 2
0 0.275 0.255 -0.0003306538078 2
0 0.275 0.265 0.0001233106113 2
0 0.275 0.275 0.0005683152387 2
0 0.275 0.285 0.0009979048147 2
0 0.275 0.295 0.001405756171 2
0 0.275 0.305 0.001785718563 2
0 0.275 0.315 0.00213188646 2
0 0.275 0.325 0.002438702138 2
0 0.275 0.335 0.002701085133 2
0 0.275 0.345 0.00291458356 2
0 0.275 0.355 0.003075536282 2
0 0.275 0.365 0.003181228157 2
0 0.275 0.375 0.003230019204 2
0 0.275 0.385 0.003221432999 2
0 0.275 0.395 0.003156203211 2
0 0.275 0.405 0.003036277344 2
0 0.275 0.415 0.002864812525 2
0 0.275 0.425 0.002646104862 2
0 0.275 0.435 0.002385677608 2
0 0.275 0.445 0.002089863172 2
0 0.275 0.455 0.001766937591 2
0 0.275 0.465 0.001423483809 2
0 0.275 0.475 0.001075357349 2
0 0.275 0.485 0.0007141060423 2
0 0.275 0.495 0.000408400114 2
0 0.275 0.505 0 2
0 0.275 0.515 0 2
0 0.275 0.525 0 2
0 0.275 0.535 0 2
0 0.275 0.545 0 2
0 0.275 0.555 0 2
0 0.275 0.565 0 2
0 0.285 -0.555 0 2
0 0.285 -0.545 0 2
0 0.285 -0.535 0 2
0 0.285 -0.525 0 2
0 0.285 -0.515 0 2
0 0.285 -0.505 0 2
0 0.285 -0.495 -0.0003650309633 2
0 0.285 -0.485 -0.0006387272039 2
0 0.285 -0.475 -0.0009623713949 2
0 0.285 -0.465 -0.001274705089 2
0 0.285 -0.455 -0.001583492751 2
0 0.285 -0.445 -0.001874836787 2
0 0.285 -0.435 -0.002143189603 2
0 0.285 -0.425 -0.002381611245 2
0 0.285 -0.415 -0.002584936327 2
0 0.285 -0.405 -0.002748218555 2
0 0.285 -0.395 -0.00286623524 2
0 0.285 -0.385 -0.002933427596 2
0 0.285 -0.375 -0.00294505602 2
0 0.285 -0.365 -0.002898591224 2
0 0.285 -0.355 -0.002794684916 2
0 0.285 -0.345 -0.002636633899 2
0 0.285 -0.335 -0.002429325279 2
0 0.285 -0.325 -0.002178213751 2
0 0.285 -0.315 -0.001888536587 2
0 0.285 -0.305 -0.00156515384 2
0 0.285 -0.295 -0.001212553781 2
0 0.285 -0.285 -0.0008352560768 2
0 0.285 -0.275 -0.0004380886487 2
0 0.285 -0.265 -2.645060783e-05 2
0 0.285 -0.255 0.0003937066182 2
0 0.285 -0.245 0.0008160143058 2
0 0.285 -0.235 0.001233858955 2
0 0.285 -0.225 0.001640556272 2
0 0.285 -0.215 0.002029511941 2
0 0.285 -0.205 0.002394365559 2
0 0.285 -0.195 0.002729116736 2
0 0.285 -0.185 0.003028234703 2
0 0.285 -0.175 0.003286752933 2
0 0.285 -0.165 0.00350034979 2
0 0.285 -0.155 0.003665415908 2
0 0.285 -0.145 0.003779108531 2
0 0.285 -0.135 0.003839392881 2
0 0.285 -0.125 0.003845070453 2
0 0.285 -0.115 0.003795794199 2
0 0.285 -0.105 0.003692070538 2
0 0.285 -0.095 0.003535248309 2
0 0.285 -0.085 0.003327494884 2
0 0.285 -0.075 0.003071759835 2
0 0.285 -0.065 0.002771726774 2
0 0.285 -0.055 0.00243175416 2
0 0.285 -0.045 0.002056806128 2
0 0.285 -0.035 0.001652374587 2
0 0.285 -0.025 0.001224394054 2
0 0.285 -0.015 0.0007791508084 2
0 0.285 -0.005 0.0003231880522 2
0 0.285 0.005 -0.0001367913059 2
0 0.285 0.015 -0.0005940227622 2
0 0.285 0.025 -0.001041778012 2
0 0.285 0.035 -0.00147346152 2
0 0.285 0.045 -0.001882705244 2
0 0.285 0.055 -0.002263460983 2
0 0.285 0.065 -0.002610089722 2
0 0.285 0.075 -0.00291744694 2
0 0.285 0.085 -0.003180962391 2
0 0.285 0.095 -0.003396712587 2
0 0.285 0.105 -0.003561484475 2
0 0.285 0.115 -0.003672829813 2
0 0.285 0.125 -0.003729111271 2
0 0.285 0.135 -0.003729542643 2
0 0.285 0.145 -0.0036742257 2
0 0.285 0.155 -0.003564184043 2
0 0.285 0.165 -0.003401389946 2
0 0.285 0.175 -0.003188773976 2
0 0.285 0.185 -0.002930202492 2
0 0.285 0.195 -0.00263040532 2
0 0.285 0.205 -0.002294842817 2
0 0.285 0.215 -0.001929518689 2
0 0.285 0.225 -0.001540768459 2
0 0.285 0.235 -0.001135064938 2
0 0.285 0.245 -0.0007188737717 2
0 0.285 0.255 -0.0002985708139 2
0 0.285 0.265 0.0001195894405 2
0 0.285 0.275 0.0005294773259 2
0 0.285 0.285 0.0009250885723 2
0 0.285 0.295 0.001300559826 2
0 0.285 0.305 0.001650208805 2
0 0.285 0.315 0.001968601708 2
0 0.285 0.325 0.002250646668 2
0 0.285 0.335 0.002491709484 2
0 0.285 0.345 0.002687745156 2
0 0.285 0.355 0.002835435263 2
0 0.285 0.365 0.002932318166 2
0 0.285 0.375 0.002976899206 2
0 0.285 0.385 0.002968730775 2
0 0.285 0.395 0.002908461275 2
0 0.285 0.405 0.002797849118 2
0 0.285 0.415 0.002639769667 2
0 0.285 0.425 0.002438158009 2
0 0.285 0.435 0.002198093725 2
0 0.285 0.445 0.001925415577 2
0 0.285 0.455 0.001627763305 2
0 0.285 0.465 0.001311224148 2
0 0.285 0.475 0.0009904260891 2
0 0.285 0.485 0.0006576119004 2
0 0.285 0.495 0.0003760273048 2
0 0.285 0.505 0 2
0 0.285 0.515 0 2
0 0.285 0.525 0 2
0 0.285 0.535 0 2
0 0.285 0.545 0 2
0 0.285 0.555 0 2
0 0.285 0.565 0 2
0 0.295 -0.555 0 2
0 0.295 -0.545 0 2
0 0.295 -0.535 0 2
0 0.295 -0.525 0 2
0 0.295 -0.515 0 2
0 0.295 -0.505 0 2
0 0.295 -0.495 -0.0003321470621 2
0 0.295 -0.485 -0.0005811279878 2
0 0.295 -0.475 -0.0008756941002 2
0 0.295 -0.465 -0.001160303888 2
0 0.295 -0.455 -0.001442173111 2
0 0.295 -0.445 -0.001708748654 2
0 0.295 -0.435 -0.001954979874 2
0 0.295 -0.425 -0.002174359155 2
0 0.295 -0.415 -0.00236170546 2
0 0.295 -0.405 -0.002511949345 2
0 0.295 -0.395 -0.002620165089 2
0 0.295 -0.385 -0.002681629596 2
0 0.295 -0.375 -0.002692632014 2
0 0.295 -0.365 -0.002651302851 2
0 0.295 -0.355 -0.002558091315 2
0 0.295 -0.345 -0.002415594414 2
0 0.295 -0.335 -0.002227908789 2
0 0.295 -0.325 -0.00199979529 2
0 0.295 -0.315 -0.001736083174 2
0 0.295 -0.305 -0.001441392473 2
0 0.295 -0.295 -0.001120095223 2
0 0.295 -0.285 -0.000776566696 2
0 0.295 -0.275 -0.0004154121396 2
0 0.295 -0.265 -4.161062666e-05 2
0 0.295 -0.255 0.0003394696663 2
0 0.295 -0.245 0.0007221376144 2
0 0.295 -0.235 0.001100498006 2
0 0.295 -0.225 0.001468587901 2
0 0.295 -0.215 0.001820513217 2
0 0.295 -0.205 0.002150576174 2
0 0.295 -0.195 0.002453390204 2
0 0.295 -0.185 0.002723981411 2
0 0.295 -0.175 0.002957876693 2
0 0.295 -0.165 0.00315117892 2
0 0.295 -0.155 0.003300629592 2
0 0.295 -0.145 0.003403659215 2
0 0.295 -0.135 0.003458425555 2
0 0.295 -0.125 0.003463839835 2
0 0.295 -0.115 0.003419580933 2
0 0.295 -0.105 0.003326097653 2
0 0.295 -0.095 0.003184599237 2
0 0.295 -0.085 0.002997034344 2
0 0.295 -0.075 0.00276605891 2
0 0.295 -0.065 0.002494993399 2
0 0.295 -0.055 0.002187770189 2
0 0.295 -0.045 0.001848871975 2
0 0.295 -0.035 0.001483262281 2
0 0.295 -0.025 0.001096309309 2
0 0.295 -0.015 0.0006937044789 2
0 0.295 -0.005 0.0002813770508 2
0 0.295 0.005 -0.0001345937889 2
0 0.295 0.015 -0.0005480681255 2
0 0.295 0.025 -0.0009529347039 2
0 0.295 0.035 -0.001343199616 2
0 0.295 0.045 -0.001713073562 2
0 0.295 0.055 -0.002057057034 2
0 0.295 0.065 -0.002370022696 2
0 0.295 0.075 -0.002647294064 2
0 0.295 0.085 -0.00288471938 2
0 0.295 0.095 -0.00307873951 2
0 0.295 0.105 -0.003226448908 2
0 0.295 0.115 -0.003325649205 2
0 0.295 0.125 -0.003374895607 2
0 0.295 0.135 -0.003373536616 2
0 0.295 0.145 -0.003321747005 2
0 0.295 0.155 -0.00322055216 2
0 0.295 0.165 -0.00307183906 2
0 0.295 0.175 -0.002878346002 2
0 0.295 0.185 -0.002643621617 2
0 0.295 0.195 -0.00237194474 2
0 0.295 0.205 -0.002068203047 2
0 0.295 0.215 -0.001737739318 2
0 0.295 0.225 -0.001386186183 2
0 0.295 0.235 -0.001019315353 2
0 0.295 0.245 -0.0006429219788 2
0 0.295 0.255 -0.0002627520731 2
0 0.295 0.265 0.0001155331071 2
0 0.295 0.275 0.0004863707954 2
0 0.295 0.285 0.000844306418 2
0 0.295 0.295 0.001184013869 2
0 0.295 0.305 0.001500335533 2
0 0.295 0.315 0.001788345582 2
0 0.295 0.325 0.002043435751 2
0 0.295 0.335 0.00226141957 2
0 0.295 0.345 0.002438648388 2
0 0.295 0.355 0.002572130442 2
0 0.295 0.365 0.002659642869 2
0 0.295 0.375 0.002699827503 2
0 0.295 0.385 0.002692263056 2
0 0.295 0.395 0.002637513002 2
0 0.295 0.405 0.002537144258 2
0 0.295 0.415 0.002393739857 2
0 0.295 0.425 0.002210851942 2
0 0.295 0.435 0.001993081034 2
0 0.295 0.445 0.001745726713 2
0 0.295 0.455 0.001475729854 2
0 0.295 0.465 0.001188630135 2
0 0.295 0.475 0.0008977093197 2
0 0.295 0.485 0.0005959623689 2
0 0.295 0.495 0.000340715066 2
0 0.295 0.505 0 2
0 0.295 0.515 0 2
0 0.295 0.525 0 2
0 0.295 0.535 0 2
0 0.295 0.545 0 2
0 0.295 0.555 0 2
0 0.295 0.565 0 2
0 0.305 -0.555 0 2
0 0.305 -0.545 0 2
0 0.305 -0.535 0 2
0 0.305 -0.525 0 2
0 0.305 -0.515 0 2
0 0.305 -0.505 0 2
0 0.305 -0.495 -0.0002962946577 2
0 0.305 -0.485 -0.0005181746473 2
0 0.305 -0.475 -0.0007807969099 2
0 0.305 -0.465 -0.001034876403 2
0 0.305 -0.455 -0.001287009976 2
0 0.305 -0.445 -0.001526046019 2
0 0.305 -0.435 -0.001747374142 2
0 0.305 -0.425 -0.001944950659 2
0 0.305 -0.415 -0.00211383276 2
0 0.305 -0.405 -0.002249222201 2
0 0.305 -0.395 -0.002346692758 2
0 0.305 -0.385 -0.002402303504 2
0 0.305 -0.375 -0.00241311402 2
0 0.305 -0.365 -0.002377695685 2
0 0.305 -0.355 -0.002296424008 2
0 0.305 -0.345 -0.002171357157 2
0 0.305 -0.335 -0.002005800091 2
0 0.305 -0.325 -0.001803745156 2
0 0.305 -0.315 -0.001569416676 2
0 0.305 -0.305 -0.00130702145 2
0 0.305 -0.295 -0.001020687292 2
0 0.305 -0.285 -0.0007145620439 2
0 0.305 -0.275 -0.000392937503 2
0 0.305 -0.265 -6.034501809e-05 2
0 0.305 -0.255 0.0002784180002 2
0 0.305 -0.245 0.0006183219125 2
0 0.305 -0.235 0.0009541849017 2
0 0.305 -0.225 0.001280775544 2
0 0.305 -0.215 0.001592922693 2
0 0.305 -0.205 0.001885622957 2
0 0.305 -0.195 0.002154140647 2
0 0.305 -0.185 0.002394097715 2
0 0.305 -0.175 0.002601552675 2
0 0.305 -0.165 0.002773068254 2
0 0.305 -0.155 0.002905767816 2
0 0.305 -0.145 0.002997380701 2
0 0.305 -0.135 0.003046276633 2
0 0.305 -0.125 0.003051489348 2
0 0.305 -0.115 0.003012729562 2
0 0.305 -0.105 0.002930387453 2
0 0.305 -0.095 0.002805524809 2
0 0.305 -0.085 0.002639857111 2
0 0.305 -0.075 0.002435725879 2
0 0.305 -0.065 0.002196061733 2
0 0.305 -0.055 0.001924338776 2
0 0.305 -0.045 0.001624521032 2
0 0.305 -0.035 0.001301001843 2
0 0.305 -0.025 0.0009585372389 2
0 0.305 -0.015 0.0006021744033 2
0 0.305 -0.005 0.0002371763931 2
0 0.305 0.005 -0.0001310557363 2
0 0.305 0.015 -0.0004970623212 2
0 0.305 0.025 -0.0008554050297 2
0 0.305 0.035 -0.001200746517 2
0 0.305 0.045 -0.001527929073 2
0 0.305 0.055 -0.001832051597 2
0 0.305 0.065 -0.002108544226 2
0 0.305 0.075 -0.002353239877 2
0 0.305 0.085 -0.002562441887 2
0 0.305 0.095 -0.002732986926 2
0 0.305 0.105 -0.002862302444 2
0 0.305 0.115 -0.002948458079 2
0 0.305 0.125 -0.002990210489 2
0 0.305 0.135 -0.002987040818 2
0 0.305 0.145 -0.00293918316 2
0 0.305 0.155 -0.002847640928 2
0 0.305 0.165 -0.002714186338 2
0 0.305 0.175 -0.002541336987 2
0 0.305 0.185 -0.002332303856 2
0 0.305 0.195 -0.002090907722 2
0 0.305 0.205 -0.001821466579 2
0 0.305 0.215 -0.001528664044 2
0 0.305 0.225 -0.001217415246 2
0 0.305 0.235 -0.0008927483879 2
0 0.305 0.245 -0.00055971557 2
0 0.305 0.255 -0.0002233373395 2
0 0.305 0.265 0.0001114243649 2
0 0.305 0.275 0.0004396770114 2
0 0.305 0.285 0.0007566064539 2
0 0.305 0.295 0.001057496499 2
0 0.305 0.305 0.001337767083 2
0 0.305 0.315 0.001593034074 2
0 0.305 0.325 0.00181918936 2
0 0.305 0.335 0.002012496691 2
0 0.305 0.345 0.002169696487 2
0 0.305 0.355 0.00228811168 2
0 0.305 0.365 0.002365746317 2
0 0.305 0.375 0.002401370014 2
0 0.305 0.385 0.002394582696 2
0 0.305 0.395 0.002345859299 2
0 0.305 0.405 0.002256569606 2
0 0.305 0.415 0.002128992824 2
0 0.305 0.425 0.001966278277 2
0 0.305 0.435 0.001772516945 2
0 0.305 0.445 0.001552430474 2
0 0.305 0.455 0.001312207015 2
0 0.305 0.465 0.001056794195 2
0 0.305 0.475 0.0007980226503 2
0 0.305 0.485 0.0005296921053 2
0 0.305 0.495 0.0003027644098 2
0 0.305 0.505 0 2
0 0.305 0.515 0 2
0 0.305 0.525 0 2
0 0.305 0.535 0 2
0 0.305 0.545 0 2
0 0.305 0.555 0 2
0 0.305 0.565 0 2
0 0.315 -0.555 0 2
0 0.315 -0.545 0 2
0 0.315 -0.535 0 2
0 0.315 -0.525 0 2
0 0.315 -0.515 0 2
0 0.315 -0.505 0 2
0 0.315 -0.495 -0.0002577145386 2
0 0.315 -0.485 -0.0004502435641 2
0 0.315 -0.475 -0.0006782485651 2
0 0.315 -0.465 -0.0008992367068 2
0 0.315 -0.455 -0.001119124828 2
0 0.315 -0.445 -0.001328223896 2
0 0.315 -0.435 -0.00152236991 2
0 0.315 -0.425 -0.001696070453 2
0 0.315 -0.415 -0.001844774188 2
0 0.315 -0.405 -0.001964141602 2
0 0.315 -0.395 -0.00205032901 2
0 0.315 -0.385 -0.002100089897 2
0 0.315 -0.375 -0.002111102424 2
0 0.315 -0.365 -0.002082265261 2
0 0.315 -0.355 -0.002013860721 2
0 0.315 -0.345 -0.001907476328 2
0 0.315 -0.335 -0.001765727565 2
0 0.315 -0.325 -0.001591887992 2
0 0.315 -0.315 -0.001389556245 2
0 0.315 -0.305 -0.001162440051 2
0 0.315 -0.295 -0.0009142697205 2
0 0.315 -0.285 -0.0006488176787 2
0 0.315 -0.275 -0.0003699579573 2
0 0.315 -0.265 -8.172133285e-05 2
0 0.315 -0.255 0.0002116857728 2
0 0.315 -0.245 0.0005059019944 2
0 0.315 -0.235 0.0007964649303 2
0 0.315 -0.225 0.001078885987 2
0 0.315 -0.215 0.001348735407 2
0 0.315 -0.205 0.001601728982 2
0 0.315 -0.195 0.00183381108 2
0 0.315 -0.185 0.002041230796 2
0 0.315 -0.175 0.002220609575 2
0 0.315 -0.165 0.002368999517 2
0 0.315 -0.155 0.002483932118 2
0 0.315 -0.145 0.002563457445 2
0 0.315 -0.135 0.002606173883 2
0 0.315 -0.125 0.002611248623 2
0 0.315 -0.115 0.002578429094 2
0 0.315 -0.105 0.002508045499 2
0 0.315 -0.095 0.002401004659 2
0 0.315 -0.085 0.002258775354 2
0 0.315 -0.075 0.002083365437 2
0 0.315 -0.065 0.001877291052 2
0 0.315 -0.055 0.001643538409 2
0 0.315 -0.045 0.001385518693 2
0 0.315 -0.035 0.001107016802 2
0 0.315 -0.025 0.0008121347332 2
0 0.315 -0.015 0.0005052305126 2
0 0.315 -0.005 0.0001908536206 2
0 0.315 0.005 -0.0001263221342 2
0 0.315 0.015 -0.0004415673813 2
0 0.315 0.025 -0.0007501667564 2
0 0.315 0.035 -0.001047488523 2
0 0.315 0.045 -0.001329053591 2
0 0.315 0.055 -0.001590603323 2
0 0.315 0.065 -0.001828165569 2
0 0.315 0.075 -0.002038118357 2
0 0.315 0.085 -0.002217250646 2
0 0.315 0.095 -0.002362819569 2
0 0.315 0.105 -0.002472603544 2
0 0.315 0.115 -0.002544950553 2
0 0.315 0.125 -0.002578820593 2
0 0.315 0.135 -0.002573820679 2
0 0.315 0.145 -0.0025302298 2
0 0.315 0.155 -0.002449009939 2
0 0.315 0.165 -0.002331798293 2
0 0.315 0.175 -0.002180875583 2
0 0.315 0.185 -0.00199910695 2
0 0.315 0.195 -0.001789855457 2
0 0.315 0.205 -0.001556873733 2
0 0.315 0.215 -0.001304185207 2
0 0.315 0.225 -0.001035970347 2
0 0.315 0.235 -0.0007564729885 2
0 0.315 0.245 -0.0004699365172 2
0 0.315 0.255 -0.0001805712628 2
0 0.315 0.265 0.0001074539292 2
0 0.315 0.275 0.0003900085432 2
0 0.315 0.285 0.0006629997126 2
0 0.315 0.295 0.0009223856211 2
0 0.315 0.305 0.001164209878 2
0 0.315 0.315 0.001384658513 2
0 0.315 0.325 0.001580136842 2
0 0.315 0.335 0.001747360417 2
0 0.315 0.345 0.001883452705 2
0 0.315 0.355 0.001986041805 2
0 0.315 0.365 0.002053349093 2
0 0.315 0.375 0.002084264354 2
0 0.315 0.385 0.00207840331 2
0 0.315 0.395 0.002036147697 2
0 0.315 0.405 0.001958663784 2
0 0.315 0.415 0.001847916084 2
0 0.315 0.425 0.001706633763 2
0 0.315 0.435 0.0015383724 2
0 0.315 0.445 0.00134724307 2
0 0.315 0.455 0.001138635445 2
0 0.315 0.465 0.0009168674503 2
0 0.315 0.475 0.0006922275983 2
0 0.315 0.485 0.0004593674785 2
0 0.315 0.495 0.0002624954032 2
0 0.315 0.505 0 2
0 0.315 0.515 0 2
0 0.315 0.525 0 2
0 0.315 0.535 0 2
0 0.315 0.545 0 2
0 0.315 0.555 0 2
0 0.315 0.565 0 2
0 0.325 -0.555 0 2
0 0.325 -0.545 0 2
0 0.325 -0.535 0 2
0 0.325 -0.525 0 2
0 0.325 -0.515 0 2
0 0.325 -0.505 0 2
0 0.325 -0.495 -0.0002166513819 2
0 0.325 -0.485 -0.0003777111368 2
0 0.325 -0.475 -0.0005686565278 2
0 0.325 -0.465 -0.0007543312388 2
0 0.325 -0.455 -0.0009399014078 2
0 0.325 -0.445 -0.001117161598 2
0 0.325 -0.435 -0.00128236875 2
0 0.325 -0.425 -0.001430653523 2
0 0.325 -0.415 -0.001557965606 2
0 0.325 -0.405 -0.00166052884 2
0 0.325 -0.395 -0.001735104085 2
0 0.325 -0.385 -0.001779054341 2
0 0.325 -0.375 -0.001790548777 2
0 0.325 -0.365 -0.001768729625 2
0 0.325 -0.355 -0.001713799098 2
0 0.325 -0.345 -0.001626964541 2
0 0.325 -0.335 -0.001510259799 2
0 0.325 -0.325 -0.001366300681 2
0 0.325 -0.315 -0.001198050157 2
0 0.325 -0.305 -0.001008646631 2
0 0.325 -0.295 -0.0008013125215 2
0 0.325 -0.285 -0.0005793331514 2
0 0.325 -0.275 -0.0003460724376 2
0 0.325 -0.265 -0.0001049957582 2
0 0.325 -0.255 0.0001403221173 2
0 0.325 -0.245 0.0003862118448 2
0 0.325 -0.235 0.0006289467196 2
0 0.325 -0.225 0.0008647964353 2
0 0.325 -0.215 0.001090090518 2
0 0.325 -0.205 0.001301285159 2
0 0.325 -0.195 0.001495028791 2
0 0.325 -0.185 0.00166822327 2
0 0.325 -0.175 0.001818078759 2
0 0.325 -0.165 0.001942161275 2
0 0.325 -0.155 0.00203843249 2
0 0.325 -0.145 0.002105281679 2
0 0.325 -0.135 0.002141549989 2
0 0.325 -0.125 0.0021465472 2
0 0.325 -0.115 0.00212006124 2
0 0.325 -0.105 0.002062360625 2
0 0.325 -0.095 0.001974189991 2
0 0.325 -0.085 0.001856758857 2
0 0.325 -0.075 0.001711723754 2
0 0.325 -0.065 0.001541163931 2
0 0.325 -0.055 0.001347550902 2
0 0.325 -0.045 0.001133712234 2
0 0.325 -0.035 0.0009027900641 2
0 0.325 -0.025 0.0006581949572 2
0 0.325 -0.015 0.000403555808 2
0 0.325 -0.005 0.0001426665331 2
0 0.325 0.005 -0.0001205696719 2
0 0.325 0.015 -0.0003821977523 2
0 0.325 0.025 -0.0006382691857 2
0 0.325 0.035 -0.0008849007007 2
0 0.325 0.045 -0.001118332758 2
0 0.325 0.055 -0.001334987296 2
0 0.325 0.065 -0.001531524296 2
0 0.325 0.075 -0.00170489678 2
0 0.325 0.085 -0.001852403873 2
0 0.325 0.095 -0.001971741548 2
0 0.325 0.105 -0.00206105063 2
0 0.325 0.115 -0.002118961361 2
0 0.325 0.125 -0.002144633358 2
0 0.325 0.135 -0.002137788944 2
0 0.325 0.145 -0.002098736609 2
0 0.325 0.155 -0.002028380068 2
0 0.325 0.165 -0.001928207428 2
0 0.325 0.175 -0.001800255198 2
0 0.325 0.185 -0.001647044058 2
0 0.325 0.195 -0.001471487815 2
0 0.325 0.205 -0.001276783307 2
0 0.325 0.215 -0.001066295264 2
0 0.325 0.225 -0.0008434536301 2
0 0.325 0.235 -0.0006116789597 2
0 0.325 0.245 -0.0003743441717 2
0 0.325 0.255 -0.0001347708331 2
0 0.325 0.265 0.0001037508909 2
0 0.325 0.275 0.0003379347449 2
0 0.325 0.285 0.0005644797401 2
0 0.325 0.295 0.0007800725979 2
0 0.325 0.305 0.0009814171141 2
0 0.325 0.315 0.001165289897 2
0 0.325 0.325 0.001328617223 2
0 0.325 0.335 0.001468565014 2
0 0.325 0.345 0.001582633285 2
0 0.325 0.355 0.001668747105 2
0 0.325 0.365 0.001725337678 2
0 0.325 0.375 0.001751409322 2
0 0.325 0.385 0.0017465896 2
0 0.325 0.395 0.001711163498 2
0 0.325 0.405 0.001646088664 2
0 0.325 0.415 0.001553006112 2
0 0.325 0.425 0.00143421076 2
0 0.325 0.435 0.001292701657 2
0 0.325 0.445 0.00113195251 2
0 0.325 0.455 0.0009565164707 2
0 0.325 0.465 0.0007700505157 2
0 0.325 0.475 0.0005812239568 2
0 0.325 0.485 0.0003855810952 2
0 0.325 0.495 0.0002202437823 2
0 0.325 0.505 0 2
0 0.325 0.515 0 2
0 0.325 0.525 0 2
0 0.325 0.535 0 2
0 0.325 0.545 0 2
0 0.325 0.555 0 2
0 0.325 0.565 0 2
0 0.335 -0.555 0 2
0 0.335 -0.545 0 2
0 0.335 -0.535 0 2
0 0.335 -0.525 0 2
0 0.335 -0.515 0 2
0 0.335 -0.505 0 2
0 0.335 -0.495 -0.0001732956945 2
0 0.335 -0.485 -0.0003008212048 2
0 0.335 -0.475 -0.000452562458 2
0 0.335 -0.465 -0.0006012577461 2
0 0.335 -0.455 -0.0007509910284 2
0 0.335 -0.445 -0.0008950740504 2
0 0.335 -0.435 -0.001030102651 2
0 0.335 -0.425 -0.001151871915 2
0 0.335 -0.415 -0.001256912386 2
0 0.335 -0.405 -0.001342080361 2
0 0.335 -0.395 -0.001404756737 2
0 0.335 -0.385 -0.001442869332 2
0 0.335 -0.375 -0.001455006827 2
0 0.335 -0.365 -0.001440505734 2
0 0.335 -0.355 -0.001399494485 2
0 0.335 -0.345 -0.001332856868 2
0 0.335 -0.335 -0.001242120563 2
0 0.335 -0.325 -0.001129299659 2
0 0.335 -0.315 -0.0009967333493 2
0 0.335 -0.305 -0.0008469550133 2
0 0.335 -0.295 -0.0006826078236 2
0 0.335 -0.285 -0.0005064054266 2
0 0.335 -0.275 -0.0003211220615 2
0 0.335 -0.265 -0.0001295943377 2
0 0.335 -0.255 6.52802557e-05 2
0 0.335 -0.245 0.0002605559888 2
0 0.335 -0.235 0.0004532648916 2
0 0.335 -0.225 0.0006404541219 2
0 0.335 -0.215 0.0008192309606 2
0 0.335 -0.205 0.0009868113316 2
0 0.335 -0.195 0.001140568307 2
0 0.335 -0.185 0.001278077917 2
0 0.335 -0.175 0.001397160461 2
0 0.335 -0.165 0.001495916312 2
0 0.335 -0.155 0.001572755728 2
0 0.335 -0.145 0.00162642267 2
0 0.335 -0.135 0.001656012789 2
0 0.335 -0.125 0.001660985894 2
0 0.335 -0.115 0.001641173173 2
0 0.335 -0.105 0.001596779376 2
0 0.335 -0.095 0.001528380048 2
0 0.335 -0.085 0.001436913869 2
0 0.335 -0.075 0.001323670066 2
0 0.335 -0.065 0.00119027093 2
0 0.335 -0.055 0.001038649507 2
0 0.335 -0.045 0.0008710226464 2
0 0.335 -0.035 0.0006898596958 2
0 0.335 -0.025 0.0004978472515 2
0 0.335 -0.015 0.0002978504695 2
0 0.335 -0.005 9.28715081e-05 2
0 0.335 0.005 -0.0001139942907 2
0 0.335 0.015 -0.0003196038701 2
0 0.335 0.025 -0.0005208129966 2
0 0.335 0.035 -0.0007145233366 2
0 0.335 0.045 -0.0008977296117 2
0 0.335 0.055 -0.001067566446 2
0 0.335 0.065 -0.001221354607 2
0 0.335 0.075 -0.001356646417 2
0 0.335 0.085 -0.001471270197 2
0 0.335 0.095 -0.001563373616 2
0 0.335 0.105 -0.001631465781 2
0 0.335 0.115 -0.001674457634 2
0 0.335 0.125 -0.001691699628 2
0 0.335 0.135 -0.001683014688 2
0 0.335 0.145 -0.001648722902 2
0 0.335 0.155 -0.0015896527 2
0 0.335 0.165 -0.001507131804 2
0 0.335 0.175 -0.001402951054 2
0 0.335 0.185 -0.001279296586 2
0 0.335 0.195 -0.001138651368 2
0 0.335 0.205 -0.0009836756594 2
0 0.335 0.215 -0.0008170846958 2
0 0.335 0.225 -0.0006415469999 2
0 0.335 0.235 -0.0004596235157 2
0 0.335 0.245 -0.0002737565389 2
0 0.335 0.255 -8.630266183e-05 2
0 0.335 0.265 0.0001004076656 2
0 0.335 0.275 0.0002840071406 2
0 0.335 0.285 0.0004620468866 2
0 0.335 0.295 0.000631984227 2
0 0.335 0.305 0.0007912074173 2
0 0.335 0.315 0.0009370932685 2
0 0.335 0.325 0.001067088461 2
0 0.335 0.335 0.001178803065 2
0 0.335 0.345 0.001270105544 2
0 0.335 0.355 0.001339210621 2
0 0.335 0.365 0.001384754228 2
0 0.335 0.375 0.001405852555 2
0 0.335 0.385 0.001402144058 2
0 0.335 0.395 0.001373816256 2
0 0.335 0.405 0.001321615953 2
0 0.335 0.415 0.001246855102 2
0 0.335 0.425 0.001151384215 2
0 0.335 0.435 0.001037629624 2
0 0.335 0.445 0.0009084065742 2
0 0.335 0.455 0.0007674010974 2
0 0.335 0.465 0.0006175839863 2
0 0.335 0.475 0.0004659421267 2
0 0.335 0.485 0.000308946394 2
0 0.335 0.495 0.0001763576474 2
0 0.335 0.505 0 2
0 0.335 0.515 0 2
0 0.335 0.525 0 2
0 0.335 0.535 0 2
0 0.335 0.545 0 2
0 0.335 0.555 0 2
0 0.335 0.565 0 2
0 0.345 -0.555 0 2
0 0.345 -0.545 0 2
0 0.345 -0.535 0 2
0 0.345 -0.525 0 2
0 0.345 -0.515 0 2
0 0.345 -0.505 0 2
0 0.345 -0.495 -0.0001277981665 2
0 0.345 -0.485 -0.0002196653993 2
0 0.345 -0.475 -0.0003303806367 2
0 0.345 -0.465 -0.0004412693363 2
0 0.345 -0.455 -0.0005544279769 2
0 0.345 -0.445 -0.0006645492411 2
0 0.345 -0.435 -0.0007685929341 2
0 0.345 -0.425 -0.0008630584947 2
0 0.345 -0.415 -0.0009451441088 2
0 0.345 -0.405 -0.001012411654 2
0 0.345 -0.395 -0.00106288995 2
0 0.345 -0.385 -0.00109505638 2
0 0.345 -0.375 -0.001107881882 2
0 0.345 -0.365 -0.001100868992 2
0 0.345 -0.355 -0.001074075136 2
0 0.345 -0.345 -0.00102809524 2
0 0.345 -0.335 -0.0009640006398 2
0 0.345 -0.325 -0.000883244961 2
0 0.345 -0.315 -0.0007875585736 2
0 0.345 -0.305 -0.000678852882 2
0 0.345 -0.295 -0.0005591481515 2
0 0.345 -0.285 -0.0004305285079 2
0 0.345 -0.275 -0.0002951187116 2
0 0.345 -0.265 -0.0001550734876 2
0 0.345 -0.255 -1.257007122e-05 2
0 0.345 -0.245 0.0001302024942 2
0 0.345 -0.235 0.0002710604849 2
0 0.345 -0.225 0.0004078493148 2
0 0.345 -0.215 0.0005384725259 2
0 0.345 -0.205 0.0006609235956 2
0 0.345 -0.195 0.0007733181388 2
0 0.345 -0.185 0.0008739244415 2
0 0.345 -0.175 0.0009611908434 2
0 0.345 -0.165 0.001033769106 2
0 0.345 -0.155 0.001090533456 2
0 0.345 -0.145 0.00113059543 2
0 0.345 -0.135 0.001153314874 2
0 0.345 -0.125 0.001158307553 2
0 0.345 -0.115 0.001145449744 2
0 0.345 -0.105 0.001114880018 2
0 0.345 -0.095 0.001066998241 2
0 0.345 -0.085 0.001002461685 2
0 0.345 -0.075 0.0009221780241 2
0 0.345 -0.065 0.0008272950061 2
0 0.345 -0.055 0.0007191866519 2
0 0.345 -0.045 0.0005994359251 2
0 0.345 -0.035 0.0004698139581 2
0 0.345 -0.025 0.0003322560444 2
0 0.345 -0.015 0.0001888347176 2
0 0.345 -0.005 4.173032551e-05 2
0 0.345 0.005 -0.0001068004448 2
0 0.345 0.015 -0.0002544576135 2
0 0.345 0.025 -0.0003989320639 2
0 0.345 0.035 -0.0005379403829 2
0 0.345 0.045 -0.00066926003 2
0 0.345 0.055 -0.0007907645572 2
0 0.345 0.065 -0.0009004587103 2
0 0.345 0.075 -0.0009965133582 2
0 0.345 0.085 -0.001077300326 2
0 0.345 0.095 -0.001141427314 2
0 0.345 0.105 -0.001187773119 2
0 0.345 0.115 -0.001215523215 2
0 0.345 0.125 -0.001224205259 2
0 0.345 0.135 -0.001213722992 2
0 0.345 0.145 -0.001184385238 2
0 0.345 0.155 -0.001136924131 2
0 0.345 0.165 -0.001072494037 2
0 0.345 0.175 -0.0009926409815 2
0 0.345 0.185 -0.0008992339146 2
0 0.345 0.195 -0.0007943556976 2
0 0.345 0.205 -0.000680164152 2
0 0.345 0.215 -0.0005587479101 2
0 0.345 0.225 -0.0004320122082 2
0 0.345 0.235 -0.000301625378 2
0 0.345 0.245 -0.0001690383085 2
0 0.345 0.255 -3.556506758e-05 2
0 0.345 0.265 9.750333805e-05 2
0 0.345 0.275 0.0002287871151 2
0 0.345 0.285 0.0003567386148 2
0 0.345 0.295 0.0004796134129 2
0 0.345 0.305 0.0005954933816 2
0 0.345 0.315 0.000702351739 2
0 0.345 0.325 0.000798145052 2
0 0.345 0.335 0.0008809155238 2
0 0.345 0.345 0.0009488901735 2
0 0.345 0.355 0.001000567412 2
0 0.345 0.365 0.001034786145 2
0 0.345 0.375 0.001050776077 2
0 0.345 0.385 0.001048190078 2
0 0.345 0.395 0.001027121789 2
0 0.345 0.405 0.0009881090291 2
0 0.345 0.415 0.0009321332547 2
0 0.345 0.425 0.0008605948181 2
0 0.345 0.435 0.0007753361926 2
0 0.345 0.445 0.0006784986254 2
0 0.345 0.455 0.0005728775805 2
0 0.345 0.465 0.0004607380639 2
0 0.345 0.475 0.0003473349851 2
0 0.345 0.485 0.0002300920373 2
0 0.345 0.495 0.0001311941039 2
0 0.345 0.505 0 2
0 0.345 0.515 0 2
0 0.345 0.525 0 2
0 0.345 0.535 0 2
0 0.345 0.545 0 2
0 0.345 0.555 0 2
0 0.345 0.565 0 2
0 0.355 -0.555 0 2
0 0.355 -0.545 0 2
0 0.355 -0.535 0 2
0 0.355 -0.525 0 2
0 0.355 -0.515 0 2
0 0.355 -0.505 0 2
0 0.355 -0.495 -7.635260994e-05 2
0 0.355 -0.485 -0.0001344251231 2
0 0.355 -0.475 -0.0002031212995 2
0 0.355 -0.465 -0.0002761318498 2
0 0.355 -0.455 -0.0003527650177 2
0 0.355 -0.445 -0.0004286530253 2
0 0.355 -0.435 -0.0005011811388 2
0 0.355 -0.425 -0.0005677143519 2
0 0.355 -0.415 -0.0006262290829 2
0 0.355 -0.405 -0.0006750849251 2
0 0.355 -0.395 -0.0007130051351 2
0 0.355 -0.385 -0.0007390235074 2
0 0.355 -0.375 -0.0007524760829 2
0 0.355 -0.365 -0.0007530108382 2
0 0.355 -0.355 -0.0007406071861 2
0 0.355 -0.345 -0.000715583519 2
0 0.355 -0.335 -0.0006785807313 2
0 0.355 -0.325 -0.0006305187909 2
0 0.355 -0.315 -0.000572534557 2
0 0.355 -0.305 -0.0005059142841 2
0 0.355 -0.295 -0.0004320334689 2
0 0.355 -0.285 -0.0003523115599 2
0 0.355 -0.275 -0.0002681827 2
0 0.355 -0.265 -0.000181079113 2
0 0.355 -0.255 -9.242170514e-05 2
0 0.355 -0.245 -3.612802794e-06 2
0 0.355 -0.235 8.397248909e-05 2
0 0.355 -0.225 0.0001689978897 2
0 0.355 -0.215 0.0002501804869 2
0 0.355 -0.205 0.0003263071574 2
0 0.355 -0.195 0.0003962513461 2
0 0.355 -0.185 0.0004589887091 2
0 0.355 -0.175 0.0005136104904 2
0 0.355 -0.165 0.0005593340285 2
0 0.355 -0.155 0.0005955103596 2
0 0.355 -0.145 0.0006216293374 2
0 0.355 -0.135 0.0006373229485 2
0 0.355 -0.125 0.0006423675315 2
0 0.355 -0.115 0.0006366854292 2
0 0.355 -0.105 0.0006203463096 2
0 0.355 -0.095 0.0005935680756 2
0 0.355 -0.085 0.0005567170271 2
0 0.355 -0.075 0.0005103068011 2
0 0.355 -0.065 0.0004549955894 2
0 0.355 -0.055 0.0003915812062 2
0 0.355 -0.045 0.0003209937156 2
0 0.355 -0.035 0.0002442854831 2
0 0.355 -0.025 0.0001626186749 2
0 0.355 -0.015 7.725035959e-05 2
0 0.355 -0.005 -1.04845291e-05 2
0 0.355 0.005 -9.919204487e-05 2
0 0.355 0.015 -0.000187439538 2
0 0.355 0.025 -0.000273777064 2
0 0.355 0.035 -0.0003567595649 2
0 0.355 0.045 -0.000434969552 2
0 0.355 0.055 -0.0005070401091 2
0 0.355 0.065 -0.0005716781475 2
0 0.355 0.075 -0.000627687998 2
0 0.355 0.085 -0.0006739956132 2
0 0.355 0.095 -0.0007096738641 2
0 0.355 0.105 -0.0007339696201 2
0 0.355 0.115 -0.000746333389 2
0 0.355 0.125 -0.0007464520728 2
0 0.355 0.135 -0.0007342845305 2
0 0.355 0.145 -0.000710097689 2
0 0.355 0.155 -0.0006744974899 2
0 0.355 0.165 -0.0006284441341 2
0 0.355 0.175 -0.0005732363242 2
0 0.355 0.185 -0.0005104479265 2
0 0.355 0.195 -0.000441806729 2
0 0.355 0.205 -0.0003690234297 2
0 0.355 0.215 -0.0002936040964 2
0 0.355 0.225 -0.0002167029016 2
0 0.355 0.235 -0.0001390669018 2
0 0.355 0.245 -6.109217445e-05 2
0 0.355 0.255 1.703174676e-05 2
0 0.355 0.265 9.513399809e-05 2
0 0.355 0.275 0.0001728847855 2
0 0.355 0.285 0.0002496735747 2
0 0.355 0.295 0.0003245642934 2
0 0.355 0.305 0.0003963235774 2
0 0.355 0.315 0.0004635018034 2
0 0.355 0.325 0.0005245441101 2
0 0.355 0.335 0.0005779072602 2
0 0.355 0.345 0.0006221661946 2
0 0.355 0.355 0.0006560999284 2
0 0.355 0.365 0.000678753674 2
0 0.355 0.375 0.0006894782629 2
0 0.355 0.385 0.0006879504387 2
0 0.355 0.395 0.0006741790073 2
0 0.355 0.405 0.0006484995808 2
0 0.355 0.415 0.0006115662567 2
0 0.355 0.425 0.0005643280055 2
0 0.355 0.435 0.0005080372331 2
0 0.355 0.445 0.0004441508945 2
0 0.355 0.455 0.0003745572152 2
0 0.355 0.465 0.0003008010092 2
0 0.355 0.475 0.0002263690533 2
0 0.355 0.485 0.0001496559493 2
0 0.355 0.495 8.511576914e-05 2
0 0.355 0.505 0 2
0 0.355 0.515 0 2
0 0.355 0.525 0 2
0 0.355 0.535 0 2
0 0.355 0.545 0 2
0 0.355 0.555 0 2
0 0.355 0.565 0 2
0 0.365 -0.555 0 1
0 0.365 -0.545 0 1
0 0.365 -0.535 0 1
0 0.365 -0.525 0 2
0 0.365 -0.515 0 2
0 0.365 -0.505 0 2
0 0.365 -0.495 -1.802367951e-05 2
0 0.365 -0.485 -4.147760077e-05 2
0 0.365 -0.475 -7.34612395e-05 2
0 0.365 -0.465 -0.0001091236531 2
0 0.365 -0.455 -0.000149570617 2
0 0.365 -0.445 -0.0001910708997 2
0 0.365 -0.435 -0.0002315422451 2
0 0.365 -0.425 -0.0002694732126 2
0 0.365 -0.415 -0.0003037396951 2
0 0.365 -0.405 -0.0003335934883 2
0 0.365 -0.395 -0.0003585065613 2
0 0.365 -0.385 -0.0003780832454 2
0 0.365 -0.375 -0.0003920119566 2
0 0.365 -0.365 -0.000400060748 2
0 0.365 -0.355 -0.0004021083757 2
0 0.365 -0.345 -0.0003981872696 2
0 0.365 -0.335 -0.0003885138899 2
0 0.365 -0.325 -0.0003734903036 2
0 0.365 -0.315 -0.0003536758939 2
0 0.365 -0.305 -0.0003297396715 2
0 0.365 -0.295 -0.0003024079194 2
0 0.365 -0.285 -0.0002724191444 2
0 0.365 -0.275 -0.000240492438 2
0 0.365 -0.265 -0.0002073095748 2
0 0.365 -0.255 -0.0001735076055 2
0 0.365 -0.245 -0.0001396774823 2
0 0.365 -0.235 -0.0001063648193 2
0 0.365 -0.225 -7.4070281e-05 2
0 0.365 -0.215 -4.324861719e-05 2
0 0.365 -0.205 -1.430657506e-05 2
0 0.365 -0.195 1.239937005e-05 2
0 0.365 -0.185 3.656433326e-05 2
0 0.365 -0.175 5.793451223e-05 2
0 0.365 -0.165 7.630453142e-05 2
0 0.365 -0.155 9.151297682e-05 2
0 0.365 -0.145 0.0001034370158 2
0 0.365 -0.135 0.0001119872842 2
0 0.365 -0.125 0.0001171041687 2
0 0.365 -0.115 0.0001187562634 2
0 0.365 -0.105 0.0001169412656 2
0 0.365 -0.095 0.0001116890608 2
0 0.365 -0.085 0.000103066359 2
0 0.365 -0.075 9.118204162e-05 2
0 0.365 -0.065 7.619236363e-05 2
0 0.365 -0.055 5.830526799e-05 2
0 0.365 -0.045 3.778326351e-05 2
0 0.365 -0.035 1.494452311e-05 2
0 0.365 -0.025 -9.837945833e-06 2
0 0.365 -0.015 -3.613904858e-05 2
0 0.365 -0.005 -6.348613731e-05 2
0 0.365 0.005 -9.136512147e-05 2
0 0.365 0.015 -0.0001192278986 2
0 0.365 0.025 -0.0001465008386 2
0 0.365 0.035 -0.0001725940737 2
0 0.365 0.045 -0.0001969113964 2
0 0.365 0.055 -0.0002188606458 2
0 0.365 0.065 -0.0002378645838 2
0 0.365 0.075 -0.0002533724255 2
0 0.365 0.085 -0.000264872427 2
0 0.365 0.095 -0.000271906253 2
0 0.365 0.105 -0.0002740862602 2
0 0.365 0.115 -0.0002711172941 2
0 0.365 0.125 -0.0002628249017 2
0 0.365 0.135 -0.0002491916941 2
0 0.365 0.145 -0.0002304020012 2
0 0.365 0.155 -0.0002068909711 2
0 0.365 0.165 -0.0001793868768 2
0 0.365 0.175 -0.0001489252312 2
0 0.365 0.185 -0.0001168049881 2
0 0.365 0.195 -8.445876137e-05 2
0 0.365 0.205 -5.323499364e-05 2
0 0.365 0.215 -2.413321028e-05 2
0 0.365 0.225 2.410346395e-06 2
0 0.365 0.235 2.659351521e-05 2
0 0.365 0.245 4.914351353e-05 2
0 0.365 0.255 7.108464479e-05 2
0 0.365 0.265 9.344874874e-05 2
0 0.365 0.275 0.0001170098797 2
0 0.365 0.285 0.000142112167 2
0 0.365 0.295 0.000168615372 2
0 0.365 0.305 0.0001959411572 2
0 0.365 0.315 0.0002231816702 2
0 0.365 0.325 0.0002492398849 2
0 0.365 0.335 0.0002729664932 2
0 0.365 0.345 0.0002932759554 2
0 0.365 0.355 0.0003092305506 2
0 0.365 0.365 0.0003200926844 2
0 0.365 0.375 0.0003253498239 2
0 0.365 0.385 0.0003247193075 2
0 0.365 0.395 0.0003181403438 2
0 0.365 0.405 0.0003057582874 2
0 0.365 0.415 0.0002879075094 2
0 0.365 0.425 0.0002650885842 2
0 0.365 0.435 0.0002379620988 2
0 0.365 0.445 0.0002072951342 2
0 0.365 0.455 0.0001740582431 2
0 0.365 0.465 0.0001390663368 2
0 0.365 0.475 0.0001040148961 2
0 0.365 0.485 6.827895453e-05 2
0 0.365 0.495 3.848712076e-05 2
0 0.365 0.505 0 2
0 0.365 0.515 0 2
0 0.365 0.525 0 2
0 0.365 0.535 0 2
0 0.365 0.545 0 2
0 0.365 0.555 0 2
0 0.365 0.565 0 2
0 0.375 -0.555 0 1
0 0.375 -0.545 0 1
0 0.375 -0.535 0 1
0 0.375 -0.525 0 1
0 0.375 -0.515 0 1
0 0.375 -0.505 0 2
0 0.375 -0.495 3.489848045e-05 2
0 0.375 -0.485 5.146302324e-05 2
0 0.375 -0.475 5.623609773e-05 2
0 0.375 -0.465 5.470410123e-05 2
0 0.375 -0.455 5.072268348e-05 2
0 0.375 -0.445 4.412374356e-05 2
0 0.375 -0.435 3.648151354e-05 2
0 0.375 -0.425 2.803754735e-05 2
0 0.375 -0.415 1.885142263e-05 2
0 0.375 -0.405 8.707533782e-06 2
0 0.375 -0.395 -2.657684232e-06 2
0 0.375 -0.385 -1.542691964e-05 2
0 0.375 -0.375 -2.962019721e-05 2
0 0.375 -0.365 -4.508463157e-05 2
0 0.375 -0.355 -6.155283568e-05 2
0 0.375 -0.345 -7.873842478e-05 2
0 0.375 -0.335 -9.642283738e-05 2
0 0.375 -0.325 -0.0001145002876 2
0 0.375 -0.315 -0.0001329736579 2
0 0.375 -0.305 -0.000151915053 2
0 0.375 -0.295 -0.00017141304 2
0 0.375 -0.285 -0.0001915249005 2
0 0.375 -0.275 -0.0002122441086 2
0 0.375 -0.265 -0.000233484944 2
0 0.375 -0.255 -0.0002550811935 2
0 0.375 -0.245 -0.0002767938251 2
0 0.375 -0.235 -0.0002983229008 2
0 0.375 -0.225 -0.0003193204031 2
0 0.375 -0.215 -0.0003394023696 2
0 0.375 -0.205 -0.0003581601726 2
0 0.375 -0.195 -0.0003751717287 2
0 0.375 -0.185 -0.0003900137434 2
0 0.375 -0.175 -0.0004022758208 2
0 0.375 -0.165 -0.0004115765465 2
0 0.375 -0.155 -0.0004175807352 2
0 0.375 -0.145 -0.000420016251 2
0 0.375 -0.135 -0.0004186884409 2
0 0.375 -0.125 -0.0004134903983 2
0 0.375 -0.115 -0.0004044079087 2
0 0.375 -0.105 -0.0003915187882 2
0 0.375 -0.095 -0.0003749871449 2
0 0.375 -0.085 -0.0003550536564 2
0 0.375 -0.075 -0.0003320232034 2
0 0.375 -0.065 -0.0003062511701 2
0 0.375 -0.055 -0.0002781295045 2
0 0.375 -0.045 -0.0002480733507 2
0 0.375 -0.035 -0.00021650878 2
0 0.375 -0.025 -0.0001838619093 2
0 0.375 -0.015 -0.0001505495121 2
0 0.375 -0.005 -0.0001169710939 2
0 0.375 0.005 -8.350231482e-05 2
0 0.375 0.015 -5.048958845e-05 2
0 0.375 0.025 -1.824566554e-05 2
0 0.375 0.035 1.295398024e-05 2
0 0.375 0.045 4.287410963e-05 2
0 0.375 0.055 7.132209892e-05 2
0 0.375 0.065 9.814972248e-05 2
0 0.375 0.075 0.0001232541646 2
0 0.375 0.085 0.0001465778372 2
0 0.375 0.095 0.0001681062135 2
0 0.375 0.105 0.000187862262 2
0 0.375 0.115 0.0002058952338 2
0 0.375 0.125 0.0002222604691 2
0 0.375 0.135 0.000236985739 2
0 0.375 0.145 0.000250020052 2
0 0.375 0.155 0.000261163515 2
0 0.375 0.165 0.0002699858293 2
0 0.375 0.175 0.0002757596417 2
0 0.375 0.185 0.0002774574095 2
0 0.375 0.195 0.0002738729252 2
0 0.375 0.205 0.0002638989214 2
0 0.375 0.215 0.0002469232082 2
0 0.375 0.225 0.0002231669607 2
0 0.375 0.235 0.0001937895908 2
0 0.375 0.245 0.0001607107083 2
0 0.375 0.255 0.0001262581478 2
0 0.375 0.265 9.274371844e-05 2
0 0.375 0.275 6.208353966e-05 2
0 0.375 0.285 3.557010379e-05 2
0 0.375 0.295 1.382207701e-05 2
0 0.375 0.305 -3.131912611e-06 2
0 0.375 0.315 -1.570607592e-05 2
0 0.375 0.325 -2.457579316e-05 2
0 0.375 0.335 -3.051605151e-05 2
0 0.375 0.345 -3.42746109e-05 2
0 0.375 0.355 -3.649350046e-05 2
0 0.375 0.365 -3.767162515e-05 2
0 0.375 0.375 -3.815959524e-05 2
0 0.375 0.385 -3.817469616e-05 2
0 0.375 0.395 -3.782586515e-05 2
0 0.375 0.405 -3.714139361e-05 2
0 0.375 0.415 -3.609530753e-05 2
0 0.375 0.425 -3.46291321e-05 2
0 0.375 0.435 -3.267227848e-05 2
0 0.375 0.445 -3.014921791e-05 2
0 0.375 0.455 -2.701197042e-05 2
0 0.375 0.465 -2.318111919e-05 2
0 0.375 0.475 -1.876315146e-05 2
0 0.375 0.485 -1.340192366e-05 2
0 0.375 0.495 -8.329281561e-06 2
0 0.375 0.505 0 2
0 0.375 0.515 0 2
0 0.375 0.525 0 2
0 0.375 0.535 0 2
0 0.375 0.545 0 2
0 0.375 0.555 0 2
0 0.375 0.565 0 2
0 0.385 -0.555 0 1
0 0.385 -0.545 0 1
0 0.385 -0.535 0 1
0 0.385 -0.525 0 1
0 0.385 -0.515 0 1
0 0.385 -0.505 0 1
0 0.385 -0.495 6.608981406e-05 2
0 0.385 -0.485 0.0001245668606 2
0 0.385 -0.475 0.0001727114575 2
0 0.385 -0.465 0.0002080219915 2
0 0.385 -0.455 0.0002427427187 2
0 0.385 -0.445 0.0002726928539 2
0 0.385 -0.435 0.0002991948551 2
0 0.385 -0.425 0.0003214393788 2
0 0.385 -0.415 0.0003383376594 2
0 0.385 -0.405 0.000348705229 2
0 0.385 -0.395 0.0003514809864 2
0 0.385 -0.385 0.0003459095582 2
0 0.385 -0.375 0.0003316744004 2
0 0.385 -0.365 0.0003089151122 2
0 0.385 -0.355 0.0002781222524 2
0 0.385 -0.345 0.0002399601431 2
0 0.385 -0.335 0.0001951047268 2
0 0.385 -0.325 0.0001441561284 2
0 0.385 -0.315 8.763360616e-05 2
0 0.385 -0.305 2.602490229e-05 2
0 0.385 -0.295 -4.014803659e-05 2
0 0.385 -0.285 -0.0001102738191 2
0 0.385 -0.275 -0.0001836197045 2
0 0.385 -0.265 -0.0002593231812 2
0 0.385 -0.255 -0.0003364016798 2
0 0.385 -0.245 -0.0004137731412 2
0 0.385 -0.235 -0.0004902813557 2
0 0.385 -0.225 -0.0005647219375 2
0 0.385 -0.215 -0.0006358670859 2
0 0.385 -0.205 -0.0007024890591 2
0 0.385 -0.195 -0.0007633834982 2
0 0.385 -0.185 -0.0008173941423 2
0 0.385 -0.175 -0.0008634400739 2
0 0.385 -0.165 -0.0009005455334 2
0 0.385 -0.155 -0.0009278709175 2
0 0.385 -0.145 -0.000944742342 2
0 0.385 -0.135 -0.0009506766017 2
0 0.385 -0.125 -0.0009453987322 2
0 0.385 -0.115 -0.0009288504872 2
0 0.385 -0.105 -0.0009011894789 2
0 0.385 -0.095 -0.0008627799924 2
0 0.385 -0.085 -0.0008141772764 2
0 0.385 -0.075 -0.0007561073547 2
0 0.385 -0.065 -0.0006894442335 2
0 0.385 -0.055 -0.0006151859802 2
0 0.385 -0.045 -0.0005344307144 2
0 0.385 -0.035 -0.0004483531712 2
0 0.385 -0.025 -0.0003581822167 2
0 0.385 -0.015 -0.0002651794971 2
0 0.385 -0.005 -0.0001706192691 2
0 0.385 0.005 -7.57693691e-05 2
0 0.385 0.015 1.812678038e-05 2
0 0.385 0.025 0.0001098672544 2
0 0.385 0.035 0.0001983079299 2
0 0.385 0.045 0.0002823781125 2
0 0.385 0.055 0.0003610955477 2
0 0.385 0.065 0.0004335808047 2
0 0.385 0.075 0.000499070927 2
0 0.385 0.085 0.0005569320397 2
0 0.385 0.095 0.0006066703023 2
0 0.385 0.105 0.0006479398486 2
0 0.385 0.115 0.0006805453928 2
0 0.385 0.125 0.0007044350867 2
0 0.385 0.135 0.0007196766194 2
0 0.385 0.145 0.0007264075989 2
0 0.385 0.155 0.0007247475845 2
0 0.385 0.165 0.000714671773 2
0 0.385 0.175 0.000695865013 2
0 0.385 0.185 0.0006676183672 2
0 0.385 0.195 0.000628891794 2
0 0.385 0.205 0.0005786480168 2
0 0.385 0.215 0.0005164712768 2
0 0.385 0.225 0.0004431381967 2
0 0.385 0.235 0.000360786372 2
0 0.385 0.245 0.0002725991568 2
0 0.385 0.255 0.0001822924302 2
0 0.385 0.265 9.35208442e-05 2
0 0.385 0.275 9.345096333e-06 2
0 0.385 0.285 -6.804703435e-05 2
0 0.385 0.295 -0.0001373485902 2
0 0.385 0.305 -0.0001979820949 2
0 0.385 0.315 -0.0002499160733 2
0 0.385 0.325 -0.0002934305593 2
0 0.385 0.335 -0.0003289347171 2
0 0.385 0.345 -0.0003568277966 2
0 0.385 0.355 -0.0003774297066 2
0 0.385 0.365 -0.0003909657643 2
0 0.385 0.375 -0.0003975884814 2
0 0.385 0.385 -0.000397417266 2
0 0.385 0.395 -0.000390582721 2
0 0.385 0.405 -0.000377267107 2
0 0.385 0.415 -0.0003577394964 2
0 0.385 0.425 -0.0003323754518 2
0 0.385 0.435 -0.0003016903058 2
0 0.385 0.445 -0.0002662989136 2
0 0.385 0.455 -0.0002270760694 2
0 0.385 0.465 -0.0001846799242 2
0 0.385 0.475 -0.0001410176797 2
0 0.385 0.485 -9.476034623e-05 2
0 0.385 0.495 -5.497661891e-05 2
0 0.385 0.505 0 2
0 0.385 0.515 0 2
0 0.385 0.525 0 2
0 0.385 0.535 0 2
0 0.385 0.545 0 2
0 0.385 0.555 0 2
0 0.385 0.565 0 2
0 0.395 -0.555 0 1
0 0.395 -0.545 0 1
0 0.395 -0.535 0 1
0 0.395 -0.525 0 1
0 0.395 -0.515 0 1
0 0.395 -0.505 0 1
0 0.395 -0.495 8.562257491e-05 1
0 0.395 -0.485 0.0001705476963 2
0 0.395 -0.475 0.0002678020069 2
0 0.395 -0.465 0.0003488757909 2
0 0.395 -0.455 0.0004226325196 2
0 0.395 -0.445 0.0004913413644 2
0 0.395 -0.435 0.0005537034176 2
0 0.395 -0.425 0.0006079717249 2
0 0.395 -0.415 0.0006519754116 2
0 0.395 -0.405 0.0006836250659 2
0 0.395 -0.395 0.0007010925878 2
0 0.395 -0.385 0.0007030567481 2
0 0.395 -0.375 0.0006889476762 2
0 0.395 -0.365 0.000658987529 2
0 0.395 -0.355 0.0006140072748 2
0 0.395 -0.345 0.0005551360013 2
0 0.395 -0.335 0.0004835320155 2
0 0.395 -0.325 0.0004002585716 2
0 0.395 -0.315 0.0003062975775 2
0 0.395 -0.305 0.0002026376462 2
0 0.395 -0.295 9.036905781e-05 2
0 0.395 -0.285 -2.924910221e-05 2
0 0.395 -0.275 -0.0001547617805 2
0 0.395 -0.265 -0.0002845235853 2
0 0.395 -0.255 -0.0004167260226 2
0 0.395 -0.245 -0.0005494354154 2
0 0.395 -0.235 -0.0006806340881 2
0 0.395 -0.225 -0.0008082600226 2
0 0.395 -0.215 -0.0009302433589 2
0 0.395 -0.205 -0.001044540306 2
0 0.395 -0.195 -0.001149166557 2
0 0.395 -0.185 -0.001242232816 2
0 0.395 -0.175 -0.00132198442 2
0 0.395 -0.165 -0.001386845313 2
0 0.395 -0.155 -0.001435464253 2
0 0.395 -0.145 -0.001466759091 2
0 0.395 -0.135 -0.001479954025 2
0 0.395 -0.125 -0.001474605449 2
0 0.395 -0.115 -0.001450613962 2
0 0.395 -0.105 -0.00140822247 2
0 0.395 -0.095 -0.001348002267 2
0 0.395 -0.085 -0.00127083003 2
0 0.395 -0.075 -0.001177858772 2
0 0.395 -0.065 -0.001070485304 2
0 0.395 -0.055 -0.0009503160485 2
0 0.395 -0.045 -0.0008191323826 2
0 0.395 -0.035 -0.0006788562104 2
0 0.395 -0.025 -0.000531516153 2
0 0.395 -0.015 -0.000379214578 2
0 0.395 -0.005 -0.000224095569 2
0 0.395 0.005 -6.831385211e-05 2
0 0.395 0.015 8.599536054e-05 2
0 0.395 0.025 0.0002367456876 2
0 0.395 0.035 0.0003819281354 2
0 0.395 0.045 0.0005196389568 2
0 0.395 0.055 0.0006481068478 2
0 0.395 0.065 0.0007657194874 2
0 0.395 0.075 0.0008710494164 2
0 0.395 0.085 0.0009628791585 2
0 0.395 0.095 0.001040225421 2
0 0.395 0.105 0.001102361483 2
0 0.395 0.115 0.001148836395 2
0 0.395 0.125 0.001179486229 2
0 0.395 0.135 0.001194430424 2
0 0.395 0.145 0.001194038713 2
0 0.395 0.155 0.001178841662 2
0 0.395 0.165 0.00114937409 2
0 0.395 0.175 0.001105922197 2
0 0.395 0.185 0.001048233437 2
0 0.395 0.195 0.0009754272174 2
0 0.395 0.205 0.0008863460069 2
0 0.395 0.215 0.000780532901 2
0 0.395 0.225 0.0006592181775 2
0 0.395 0.235 0.0005255448701 2
0 0.395 0.245 0.000383932496 2
0 0.395 0.255 0.0002394268533 2
0 0.395 0.265 9.699931069e-05 2
0 0.395 0.275 -3.918514451e-05 2
0 0.395 0.285 -0.0001661040249 2
0 0.395 0.295 -0.0002818021106 2
0 0.395 0.305 -0.0003851752726 2
0 0.395 0.315 -0.0004757888637 2
0 0.395 0.325 -0.0005535440785 2
0 0.395 0.335 -0.0006184782985 2
0 0.395 0.345 -0.0006706111722 2
0 0.395 0.355 -0.0007098945934 2
0 0.395 0.365 -0.0007362311893 2
0 0.395 0.375 -0.0007495290826 2
0 0.395 0.385 -0.0007497718363 2
0 0.395 0.395 -0.0007370831173 2
0 0.395 0.405 -0.0007117793697 2
0 0.395 0.415 -0.0006744119928 2
0 0.395 0.425 -0.0006257829331 2
0 0.395 0.435 -0.0005669887786 2
0 0.395 0.445 -0.0004993319629 2
0 0.395 0.455 -0.0004246064242 2
0 0.395 0.465 -0.0003442069767 2
0 0.395 0.475 -0.000261828912 2
0 0.395 0.485 -0.0001751874712 2
0 0.395 0.495 -0.0001011075501 2
0 0.395 0.505 0 2
0 0.395 0.515 0 2
0 0.395 0.525 0 2
0 0.395 0.535 0 2
0 0.395 0.545 0 2
0 0.395 0.555 0 2
0 0.395 0.565 0 2
0 0.405 -0.555 0 1
0 0.405 -0.545 0 1
0 0.405 -0.535 0 1
0 0.405 -0.525 0 1
0 0.405 -0.515 0 1
0 0.405 -0.505 0 1
0 0.405 -0.495 0.000109954039 1
0 0.405 -0.485 0.0002099516021 2
0 0.405 -0.475 0.0003468044059 2
0 0.405 -0.465 0.0004733075456 2
0 0.405 -0.455 0.0005887044291 2
0 0.405 -0.445 0.0006984702648 2
0 0.405 -0.435 0.0007984725219 2
0 0.405 -0.425 0.0008857988821 2
0 0.405 -0.415 0.0009576176239 2
0 0.405 -0.405 0.001011077468 2
0 0.405 -0.395 0.001043610537 2
0 0.405 -0.385 0.00105329126 2
0 0.405 -0.375 0.001039327847 2
0 0.405 -0.365 0.001002165659 2
0 0.405 -0.355 0.0009431580444 2
0 0.405 -0.345 0.0008640156395 2
0 0.405 -0.335 0.0007663812479 2
0 0.405 -0.325 0.0006517005256 2
0 0.405 -0.315 0.0005213127915 2
0 0.405 -0.305 0.000376623534 2
0 0.405 -0.295 0.0002192424838 2
0 0.405 -0.285 5.10572668e-05 2
0 0.405 -0.275 -0.000125755471 2
0 0.405 -0.265 -0.0003087589339 2
0 0.405 -0.255 -0.0004953094265 2
0 0.405 -0.245 -0.0006826163716 2
0 0.405 -0.235 -0.0008678012876 2
0 0.405 -0.225 -0.001047950964 2
0 0.405 -0.215 -0.001220163989 2
0 0.405 -0.205 -0.00138159236 2
0 0.405 -0.195 -0.001529481891 2
0 0.405 -0.185 -0.001661215954 2
0 0.405 -0.175 -0.001774366227 2
0 0.405 -0.165 -0.001866751435 2
0 0.405 -0.155 -0.001936501104 2
0 0.405 -0.145 -0.00198211768 2
0 0.405 -0.135 -0.002002528797 2
0 0.405 -0.125 -0.001997122767 2
0 0.405 -0.115 -0.00196576383 2
0 0.405 -0.105 -0.001908787669 2
0 0.405 -0.095 -0.001826980698 2
0 0.405 -0.085 -0.001721547893 2
0 0.405 -0.075 -0.001594073593 2
0 0.405 -0.065 -0.001446478589 2
0 0.405 -0.055 -0.001280975583 2
0 0.405 -0.045 -0.001100024115 2
0 0.405 -0.035 -0.0009062855315 2
0 0.405 -0.025 -0.0007025783214 2
0 0.405 -0.015 -0.0004918340283 2
0 0.405 -0.005 -0.0002770538966 2
0 0.405 0.005 -6.126633054e-05 2
0 0.405 0.015 0.0001525148245 2
0 0.405 0.025 0.0003613312131 2
0 0.405 0.035 0.0005623201488 2
0 0.405 0.045 0.0007527540491 2
0 0.405 0.055 0.0009300791053 2
0 0.405 0.065 0.001091953158 2
0 0.405 0.075 0.00123628284 2
0 0.405 0.085 0.001361260103 2
0 0.405 0.095 0.001465398571 2
0 0.405 0.105 0.001547569613 2
0 0.405 0.115 0.001607038904 2
0 0.405 0.125 0.001643499167 2
0 0.405 0.135 0.001657098034 2
0 0.405 0.145 0.001648438484 2
0 0.405 0.155 0.001618526333 2
0 0.405 0.165 0.001568633536 2
0 0.405 0.175 0.00149990051 2
0 0.405 0.185 0.00141293754 2
0 0.405 0.195 0.001307303568 2
0 0.405 0.205 0.001181421892 2
0 0.405 0.215 0.001034332707 2
0 0.405 0.225 0.0008676158754 2
0 0.405 0.235 0.000685490796 2
0 0.405 0.245 0.0004935074919 2
0 0.405 0.255 0.0002978987514 2
0 0.405 0.265 0.0001048161802 2
0 0.405 0.275 -8.066675438e-05 2
0 0.405 0.285 -0.0002549368645 2
0 0.405 0.295 -0.0004155079795 2
0 0.405 0.305 -0.0005605734247 2
0 0.405 0.315 -0.0006891785175 2
0 0.405 0.325 -0.000800830141 2
0 0.405 0.335 -0.0008951789246 2
0 0.405 0.345 -0.0009718148528 2
0 0.405 0.355 -0.001030254443 2
0 0.405 0.365 -0.001070017434 2
0 0.405 0.375 -0.001090716008 2
0 0.405 0.385 -0.001092159544 2
0 0.405 0.395 -0.00107443924 2
0 0.405 0.405 -0.001037990332 2
0 0.405 0.415 -0.0009836379959 2
0 0.405 0.425 -0.0009126059419 2
0 0.405 0.435 -0.0008265685648 2
0 0.405 0.445 -0.0007275125927 2
0 0.405 0.455 -0.0006181443749 2
0 0.405 0.465 -0.000500591857 2
0 0.405 0.475 -0.0003803148683 2
0 0.405 0.485 -0.0002540983586 2
0 0.405 0.495 -0.0001463876918 2
0 0.405 0.505 0 2
0 0.405 0.515 0 2
0 0.405 0.525 0 2
0 0.405 0.535 0 2
0 0.405 0.545 0 2
0 0.405 0.555 0 2
0 0.405 0.565 0 2
0 0.415 -0.555 0 1
0 0.415 -0.545 0 1
0 0.415 -0.535 0 1
0 0.415 -0.525 0 1
0 0.415 -0.515 0 1
0 0.415 -0.505 0 1
0 0.415 -0.495 0.0001390642095 1
0 0.415 -0.485 0.0002446079057 1
0 0.415 -0.475 0.00040662194 2
0 0.415 -0.465 0.0005760623296 2
0 0.415 -0.455 0.0007421856994 2
0 0.415 -0.445 0.0008950944447 2
0 0.415 -0.435 0.001033725889 2
0 0.415 -0.425 0.001154157907 2
0 0.415 -0.415 0.001253681946 2
0 0.415 -0.405 0.001328911957 2
0 0.415 -0.395 0.001376521379 2
0 0.415 -0.385 0.001393853326 2
0 0.415 -0.375 0.001379880611 2
0 0.415 -0.365 0.001335440273 2
0 0.415 -0.355 0.001262648093 2
0 0.415 -0.345 0.001163924978 2
0 0.415 -0.335 0.001041347065 2
0 0.415 -0.325 0.0008965940865 2
0 0.415 -0.315 0.0007312053102 2
0 0.415 -0.305 0.0005468940683 2
0 0.415 -0.295 0.0003457440473 2
0 0.415 -0.285 0.0001302686693 2
0 0.415 -0.275 -9.662048323e-05 2
0 0.415 -0.265 -0.0003316790219 2
0 0.415 -0.255 -0.0005714167929 2
0 0.415 -0.245 -0.0008121840825 2
0 0.415 -0.235 -0.001050249104 2
0 0.415 -0.225 -0.00128186338 2
0 0.415 -0.215 -0.001503315515 2
0 0.415 -0.205 -0.001710976474 2
0 0.415 -0.195 -0.001901342329 2
0 0.415 -0.185 -0.002071082068 2
0 0.415 -0.175 -0.002217097308 2
0 0.415 -0.165 -0.002336596697 2
0 0.415 -0.155 -0.002427180983 2
0 0.415 -0.145 -0.002486928097 2
0 0.415 -0.135 -0.002514464735 2
0 0.415 -0.125 -0.002509013323 2
0 0.415 -0.115 -0.002470409579 2
0 0.415 -0.105 -0.002399092633 2
0 0.415 -0.095 -0.00229607425 2
0 0.415 -0.085 -0.002162894869 2
0 0.415 -0.075 -0.002001572791 2
0 0.415 -0.065 -0.00181455051 2
0 0.415 -0.055 -0.001604640101 2
0 0.415 -0.045 -0.00137496834 2
0 0.415 -0.035 -0.001128921729 2
0 0.415 -0.025 -0.0008700916115 2
0 0.415 -0.015 -0.0006022195923 2
0 0.415 -0.005 -0.0003291435212 2
0 0.415 0.005 -5.474419378e-05 2
0 0.415 0.015 0.0002171071741 2
0 0.415 0.025 0.0004826007186 2
0 0.415 0.035 0.0007380389528 2
0 0.415 0.045 0.0009798869817 2
0 0.415 0.055 0.001204821764 2
0 0.415 0.065 0.001409780251 2
0 0.415 0.075 0.001592006385 2
0 0.415 0.085 0.001749097119 2
0 0.415 0.095 0.001879048426 2
0 0.415 0.105 0.001980301954 2
0 0.415 0.115 0.002051796068 2
0 0.415 0.125 0.002093017698 2
0 0.415 0.135 0.002104067799 2
0 0.415 0.145 0.002085702282 2
0 0.415 0.155 0.002039380653 2
0 0.415 0.165 0.001967190355 2
0 0.415 0.175 0.00187143941 2
0 0.415 0.185 0.001754288845 2
0 0.415 0.195 0.001616126727 2
0 0.415 0.205 0.001454778827 2
0 0.415 0.215 0.00126896812 2
0 0.415 0.225 0.001061299172 2
0 0.415 0.235 0.000837090937 2
0 0.415 0.245 0.0006019292757 2
0 0.415 0.255 0.000361709547 2
0 0.415 0.265 0.0001226034933 2
0 0.415 0.275 -0.0001093396786 2
0 0.415 0.285 -0.00032922598 2
0 0.415 0.295 -0.0005334667986 2
0 0.415 0.305 -0.0007193311342 2
0 0.415 0.315 -0.0008854707339 2
0 0.415 0.325 -0.001030996335 2
0 0.415 0.335 -0.001155047144 2
0 0.415 0.345 -0.001256737084 2
0 0.415 0.355 -0.001335068179 2
0 0.415 0.365 -0.001389113086 2
0 0.415 0.375 -0.001418140411 2
0 0.415 0.385 -0.001421755313 2
0 0.415 0.395 -0.001400001205 2
0 0.415 0.405 -0.001353426823 2
0 0.415 0.415 -0.00128313076 2
0 0.415 0.425 -0.00119075954 2
0 0.415 0.435 -0.0010785647 2
0 0.415 0.445 -0.0009492142999 2
0 0.415 0.455 -0.0008063176238 2
0 0.415 0.465 -0.0006527295921 2
0 0.415 0.475 -0.0004956403082 2
0 0.415 0.485 -0.0003309375677 2
0 0.415 0.495 -0.000190498644 2
0 0.415 0.505 0 2
0 0.415 0.515 0 2
0 0.415 0.525 0 2
0 0.415 0.535 0 2
0 0.415 0.545 0 2
0 0.415 0.555 0 2
0 0.415 0.565 0 2
0 0.425 -0.555 0 1
0 0.425 -0.545 0 1
0 0.425 -0.535 0 1
0 0.425 -0.525 0 1
0 0.425 -0.515 0 1
0 0.425 -0.505 0 1
0 0.425 -0.495 0.000159716271 1
0 0.425 -0.485 0.0002860235379 1
0 0.425 -0.475 0.0004702812797 2
0 0.425 -0.465 0.0006750944056 2
0 0.425 -0.455 0.0008923743103 2
0 0.425 -0.445 0.001086400961 2
0 0.425 -0.435 0.001261612017 2
0 0.425 -0.425 0.001413130305 2
0 0.425 -0.415 0.00153882315 2
0 0.425 -0.405 0.001634940669 2
0 0.425 -0.395 0.001697170454 2
0 0.425 -0.385 0.001721676009 2
0 0.425 -0.375 0.001707143217 2
0 0.425 -0.365 0.001655216527 2
0 0.425 -0.355 0.001569148199 2
0 0.425 -0.345 0.001452122498 2
0 0.425 -0.335 0.001306366541 2
0 0.425 -0.325 0.001133421896 2
0 0.425 -0.315 0.0009348463004 2
0 0.425 -0.305 0.0007126418184 2
0 0.425 -0.295 0.0004693484436 2
0 0.425 -0.285 0.000208133067 2
0 0.425 -0.275 -6.731980133e-05 2
0 0.425 -0.265 -0.0003529299706 2
0 0.425 -0.255 -0.0006443479595 2
0 0.425 -0.245 -0.0009370672054 2
0 0.425 -0.235 -0.001226518803 2
0 0.425 -0.225 -0.001508146626 2
0 0.425 -0.215 -0.001777464707 2
0 0.425 -0.205 -0.002030100802 2
0 0.425 -0.195 -0.00226183466 2
0 0.425 -0.185 -0.002468643256 2
0 0.425 -0.175 -0.002646765565 2
0 0.425 -0.165 -0.002792793725 2
0 0.425 -0.155 -0.002903785641 2
0 0.425 -0.145 -0.002977381613 2
0 0.425 -0.135 -0.003011902104 2
0 0.425 -0.125 -0.003006408583 2
0 0.425 -0.115 -0.002960721071 2
0 0.425 -0.105 -0.002875397801 2
0 0.425 -0.095 -0.002751689188 2
0 0.425 -0.085 -0.002591478589 2
0 0.425 -0.075 -0.002397218534 2
0 0.425 -0.065 -0.002171866567 2
0 0.425 -0.055 -0.001918821603 2
0 0.425 -0.045 -0.001641860351 2
0 0.425 -0.035 -0.001345073328 2
0 0.425 -0.025 -0.001032800469 2
0 0.425 -0.015 -0.0007095667141 2
0 0.425 -0.005 -0.0003800180412 2
0 0.425 0.005 -4.885823674e-05 2
0 0.425 0.015 0.0002792135446 2
0 0.425 0.025 0.0005995644874 2
0 0.425 0.035 0.0009076891233 2
0 0.425 0.045 0.001199269494 2
0 0.425 0.055 0.001470234133 2
0 0.425 0.065 0.001716815382 2
0 0.425 0.075 0.001935604698 2
0 0.425 0.085 0.00212360582 2
0 0.425 0.095 0.002278286869 2
0 0.425 0.105 0.002397632305 2
0 0.425 0.115 0.002480201265 2
0 0.425 0.125 0.002525188638 2
0 0.425 0.135 0.002532521521 2
0 0.425 0.145 0.002502924841 2
0 0.425 0.155 0.002438132295 2
0 0.425 0.165 0.002340813487 2
0 0.425 0.175 0.002214665087 2
0 0.425 0.185 0.002064198213 2
0 0.425 0.195 0.001890002511 2
0 0.425 0.205 0.001694546219 2
0 0.425 0.215 0.001473592109 2
0 0.425 0.225 0.001229745712 2
0 0.425 0.235 0.0009736622502 2
0 0.425 0.245 0.0007079541471 2
0 0.425 0.255 0.0004320913112 2
0 0.425 0.265 0.0001552046431 2
0 0.425 0.275 -0.0001164250495 2
0 0.425 0.285 -0.0003808545804 2
0 0.425 0.295 -0.0006289377791 2
0 0.425 0.305 -0.0008557764148 2
0 0.425 0.315 -0.001059720435 2
0 0.425 0.325 -0.001239742426 2
0 0.425 0.335 -0.001394307875 2
0 0.425 0.345 -0.00152200927 2
0 0.425 0.355 -0.001621289308 2
0 0.425 0.365 -0.001690716472 2
0 0.425 0.375 -0.001729187475 2
0 0.425 0.385 -0.001736095577 2
0 0.425 0.395 -0.001711439589 2
0 0.425 0.405 -0.001655892555 2
0 0.425 0.415 -0.001570838019 2
0 0.425 0.425 -0.001458353964 2
0 0.425 0.435 -0.001321271955 2
0 0.425 0.445 -0.001162938776 2
0 0.425 0.455 -0.0009878541595 2
0 0.425 0.465 -0.0007995907104 2
0 0.425 0.475 -0.0006070237175 2
0 0.425 0.485 -0.000405183521 2
0 0.425 0.495 -0.0002331403541 2
0 0.425 0.505 0 2
0 0.425 0.515 0 2
0 0.425 0.525 0 2
0 0.425 0.535 0 2
0 0.425 0.545 0 2
0 0.425 0.555 0 2
0 0.425 0.565 0 2
0 0.435 -0.555 0 1
0 0.435 -0.545 0 1
0 0.435 -0.535 0 1
0 0.435 -0.525 0 1
0 0.435 -0.515 0 1
0 0.435 -0.505 0 1
0 0.435 -0.495 0.0001763141771 1
0 0.435 -0.485 0.0003275201881 1
0 0.435 -0.475 0.0005439942227 2
0 0.435 -0.465 0.0007888202506 2
0 0.435 -0.455 0.001048595162 2
0 0.435 -0.445 0.00127823234 2
0 0.435 -0.435 0.001485022881 2
0 0.435 -0.425 0.001663526104 2
0 0.435 -0.415 0.001812065897 2
0 0.435 -0.405 0.001926618012 2
0 0.435 -0.395 0.002001960387 2
0 0.435 -0.385 0.002032878773 2
0 0.435 -0.375 0.002017584648 2
0 0.435 -0.365 0.001958638764 2
0 0.435 -0.355 0.001860396662 2
0 0.435 -0.345 0.001726783228 2
0 0.435 -0.335 0.001560095364 2
0 0.435 -0.325 0.00136128765 2
0 0.435 -0.315 0.001131635887 2
0 0.435 -0.305 0.0008734225129 2
0 0.435 -0.295 0.0005897497365 2
0 0.435 -0.285 0.0002845053545 2
0 0.435 -0.275 -3.779271382e-05 2
0 0.435 -0.265 -0.0003721932801 2
0 0.435 -0.255 -0.0007134785964 2
0 0.435 -0.245 -0.001056295946 2
0 0.435 -0.235 -0.001395266477 2
0 0.435 -0.225 -0.001725067704 2
0 0.435 -0.215 -0.0020404911 2
0 0.435 -0.205 -0.002336477714 2
0 0.435 -0.195 -0.002608142299 2
0 0.435 -0.185 -0.002850805127 2
0 0.435 -0.175 -0.00306005434 2
0 0.435 -0.165 -0.003231854891 2
0 0.435 -0.155 -0.00336269904 2
0 0.435 -0.145 -0.003449769159 2
0 0.435 -0.135 -0.003491072927 2
0 0.435 -0.125 -0.003485520805 2
0 0.435 -0.115 -0.003432938302 2
0 0.435 -0.105 -0.003334025976 2
0 0.435 -0.095 -0.003190290092 2
0 0.435 -0.085 -0.003003963874 2
0 0.435 -0.075 -0.002777930337 2
0 0.435 -0.065 -0.002515649407 2
0 0.435 -0.055 -0.00222108751 2
0 0.435 -0.045 -0.001898647064 2
0 0.435 -0.035 -0.001553094502 2
0 0.435 -0.025 -0.001189486959 2
0 0.435 -0.015 -0.0008130985388 2
0 0.435 -0.005 -0.0004293470964 2
0 0.435 0.005 -4.37219989e-05 2
0 0.435 0.015 0.000338287164 2
0 0.435 0.025 0.0007112611836 2
0 0.435 0.035 0.001069921317 2
0 0.435 0.045 0.001409198661 2
0 0.435 0.055 0.001724302195 2
0 0.435 0.065 0.002010784519 2
0 0.435 0.075 0.002264604276 2
0 0.435 0.085 0.002482184404 2
0 0.435 0.095 0.002660466665 2
0 0.435 0.105 0.002796962756 2
0 0.435 0.115 0.002889809896 2
0 0.435 0.125 0.002937825243 2
0 0.435 0.135 0.002940611026 2
0 0.435 0.145 0.002898603394 2
0 0.435 0.155 0.002813452832 2
0 0.435 0.165 0.002687732478 2
0 0.435 0.175 0.002526455316 2
0 0.435 0.185 0.002335128459 2
0 0.435 0.195 0.002117667848 2
0 0.435 0.205 0.00188183384 2
0 0.435 0.215 0.001626420999 2
0 0.435 0.225 0.001360125437 2
0 0.435 0.235 0.001092696414 2
0 0.435 0.245 0.0008191755599 2
0 0.435 0.255 0.0005300811703 2
0 0.435 0.265 0.0002263873322 2
0 0.435 0.275 -8.8588022e-05 2
0 0.435 0.285 -0.0004024074412 2
0 0.435 0.295 -0.0006935594146 2
0 0.435 0.305 -0.0009639564605 2
0 0.435 0.315 -0.001207330253 2
0 0.435 0.325 -0.001423303827 2
0 0.435 0.335 -0.001609826284 2
0 0.435 0.345 -0.001764948678 2
0 0.435 0.355 -0.001886533541 2
0 0.435 0.365 -0.001972638229 2
0 0.435 0.375 -0.002021786672 2
0 0.435 0.385 -0.002033186738 2
0 0.435 0.395 -0.002006822085 2
0 0.435 0.405 -0.001943521367 2
0 0.435 0.415 -0.001844978679 2
0 0.435 0.425 -0.001713719919 2
0 0.435 0.435 -0.001553162398 2
0 0.435 0.445 -0.00136732825 2
0 0.435 0.455 -0.001161591021 2
0 0.435 0.465 -0.0009402274632 2
0 0.435 0.475 -0.0007137416303 2
0 0.435 0.485 -0.0004763512407 2
0 0.435 0.495 -0.0002740326349 2
0 0.435 0.505 0 2
0 0.435 0.515 0 2
0 0.435 0.525 0 2
0 0.435 0.535 0 2
0 0.435 0.545 0 2
0 0.435 0.555 0 2
0 0.435 0.565 0 2
0 0.445 -0.555 0 2
0 0.445 -0.545 0 2
0 0.445 -0.535 0 1
0 0.445 -0.525 0 1
0 0.445 -0.515 0 1
0 0.445 -0.505 0 1
0 0.445 -0.495 0.000200441227 1
0 0.445 -0.485 0.0004023023341 2
0 0.445 -0.475 0.0006602544434 2
0 0.445 -0.465 0.000938020365 2
0 0.445 -0.455 0.001218653956 2
0 0.445 -0.445 0.001474911094 2
0 0.445 -0.435 0.001706312032 2
0 0.445 -0.425 0.001905800187 2
0 0.445 -0.415 0.002070796664 2
0 0.445 -0.405 0.002198725877 2
0 0.445 -0.395 0.002282179649 2
0 0.445 -0.385 0.002316675646 2
0 0.445 -0.375 0.002301071251 2
0 0.445 -0.365 0.002236880047 2
0 0.445 -0.355 0.002131845084 2
0 0.445 -0.345 0.001987428417 2
0 0.445 -0.335 0.001802383989 2
0 0.445 -0.325 0.00158008888 2
0 0.445 -0.315 0.001321508082 2
0 0.445 -0.305 0.001029142244 2
0 0.445 -0.295 0.0007068055282 2
0 0.445 -0.285 0.0003592781849 2
0 0.445 -0.275 -8.021453248e-06 2
0 0.445 -0.265 -0.0003892465469 2
0 0.445 -0.255 -0.0007783161017 2
0 0.445 -0.245 -0.001169055174 2
0 0.445 -0.235 -0.001555314186 2
0 0.445 -0.225 -0.00193105928 2
0 0.445 -0.215 -0.002290429387 2
0 0.445 -0.205 -0.002627758294 2
0 0.445 -0.195 -0.002937571569 2
0 0.445 -0.185 -0.003214586969 2
0 0.445 -0.175 -0.003453759605 2
0 0.445 -0.165 -0.003650408277 2
0 0.445 -0.155 -0.003800421325 2
0 0.445 -0.145 -0.003900491171 2
0 0.445 -0.135 -0.003948305358 2
0 0.445 -0.125 -0.003942642936 2
0 0.445 -0.115 -0.003883369935 2
0 0.445 -0.105 -0.003771363237 2
0 0.445 -0.095 -0.003608405879 2
0 0.445 -0.085 -0.00339708479 2
0 0.445 -0.075 -0.003140702403 2
0 0.445 -0.065 -0.002843199723 2
0 0.445 -0.055 -0.002509083203 2
0 0.445 -0.045 -0.002143349547 2
0 0.445 -0.035 -0.001751406421 2
0 0.445 -0.025 -0.001338990203 2
0 0.445 -0.015 -0.0009120830319 2
0 0.445 -0.005 -0.0004768309453 2
0 0.445 0.005 -3.946373454e-05 2
0 0.445 0.015 0.0003937838709 2
0 0.445 0.025 0.000816750461 2
0 0.445 0.035 0.001223426178 2
0 0.445 0.045 0.001608030763 2
0 0.445 0.055 0.001965090444 2
0 0.445 0.065 0.002289512005 2
0 0.445 0.075 0.002576652063 2
0 0.445 0.085 0.002822379484 2
0 0.445 0.095 0.003023130106 2
0 0.445 0.105 0.003175952339 2
0 0.445 0.115 0.003278550919 2
0 0.445 0.125 0.003329319246 2
0 0.445 0.135 0.00332742376 2
0 0.445 0.145 0.003272789611 2
0 0.445 0.155 0.003166573558 2
0 0.445 0.165 0.003010389985 2
0 0.445 0.175 0.002809811308 2
0 0.445 0.185 0.002566594213 2
0 0.445 0.195 0.002295780153 2
0 0.445 0.205 0.002008820313 2
0 0.445 0.215 0.001716126842 1
0 0.445 0.225 0.001455734524 1
0 0.445 0.235 0.001193399237 1
0 0.445 0.245 0.0009273647867 1
0 0.445 0.255 0.0006514709312 1
0 0.445 0.265 0.0003351881829 2
0 0.445 0.275 -1.680961559e-05 2
0 0.445 0.285 -0.0003796423098 2
0 0.445 0.295 -0.0007189495062 2
0 0.445 0.305 -0.001038290206 2
0 0.445 0.315 -0.001324891982 2
0 0.445 0.325 -0.001579038722 2
0 0.445 0.335 -0.001799621402 2
0 0.445 0.345 -0.001983986726 2
0 0.445 0.355 -0.002129383934 2
0 0.445 0.365 -0.002233512518 2
0 0.445 0.375 -0.002294554679 2
0 0.445 0.385 -0.002311596921 2
0 0.445 0.395 -0.002284670119 2
0 0.445 0.405 -0.002214810857 2
0 0.445 0.415 -0.002104062148 2
0 0.445 0.425 -0.00195541942 2
0 0.445 0.435 -0.001772891428 2
0 0.445 0.445 -0.001561168925 2
0 0.445 0.455 -0.001326476412 2
0 0.445 0.465 -0.001073775278 2
0 0.445 0.475 -0.0008151297307 2
0 0.445 0.485 -0.0005439931585 2
0 0.445 0.495 -0.0003129157042 2
0 0.445 0.505 0 2
0 0.445 0.515 0 2
0 0.445 0.525 0 2
0 0.445 0.535 0 2
0 0.445 0.545 0 2
0 0.445 0.555 0 2
0 0.445 0.565 0 2
0 0.455 -0.555 0 2
0 0.455 -0.545 0 2
0 0.455 -0.535 0 2
0 0.455 -0.525 0 2
0 0.455 -0.515 0 2
0 0.455 -0.505 0 2
0 0.455 -0.495 0.0002845974133 2
0 0.455 -0.485 0.0005137839067 2
0 0.455 -0.475 0.00080257533 2
0 0.455 -0.465 0.001100797443 2
0 0.455 -0.455 0.001396952711 2
0 0.455 -0.445 0.001674602335 2
0 0.455 -0.435 0.001926260124 2
0 0.455 -0.425 0.002144740641 2
0 0.455 -0.415 0.002321636191 2
0 0.455 -0.405 0.002456736411 2
0 0.455 -0.395 0.002541755981 2
0 0.455 -0.385 0.002576814467 2
0 0.455 -0.375 0.002566011893 2
0 0.455 -0.365 0.002500880842 2
0 0.455 -0.355 0.002389154304 2
0 0.455 -0.345 0.002234499095 2
0 0.455 -0.335 0.002035378298 2
0 0.455 -0.325 0.001791155968 2
0 0.455 -0.315 0.001505085674 2
0 0.455 -0.305 0.001179940037 2
0 0.455 -0.295 0.0008203928915 2
0 0.455 -0.285 0.0004322565598 2
0 0.455 -0.275 2.187181326e-05 2
0 0.455 -0.265 -0.0004040390815 2
0 0.455 -0.255 -0.0008385637656 2
0 0.455 -0.245 -0.001274744966 2
0 0.455 -0.235 -0.001705710459 2
0 0.455 -0.225 -0.002124778746 2
0 0.455 -0.215 -0.002525521932 2
0 0.455 -0.205 -0.002901772842 2
0 0.455 -0.195 -0.00324757831 2
0 0.455 -0.185 -0.00355713803 2
0 0.455 -0.175 -0.003824801959 2
0 0.455 -0.165 -0.00404520877 2
0 0.455 -0.155 -0.004213577345 2
0 0.455 -0.145 -0.004326059198 2
0 0.455 -0.135 -0.004380016051 2
0 0.455 -0.125 -0.004374134075 2
0 0.455 -0.115 -0.004308378161 2
0 0.455 -0.105 -0.004183850086 2
0 0.455 -0.095 -0.004002631482 2
0 0.455 -0.085 -0.003767657367 2
0 0.455 -0.075 -0.003482625023 2
0 0.455 -0.065 -0.003151922807 2
0 0.455 -0.055 -0.002780560439 2
0 0.455 -0.045 -0.002374090957 2
0 0.455 -0.035 -0.001938523329 2
0 0.455 -0.025 -0.001480229897 2
0 0.455 -0.015 -0.001005853598 2
0 0.455 -0.005 -0.0005222180129 2
0 0.455 0.005 -3.624080519e-05 2
0 0.455 0.015 0.0004451507938 2
0 0.455 0.025 0.0009151043106 2
0 0.455 0.035 0.001366927428 2
0 0.455 0.045 0.001794174443 2
0 0.455 0.055 0.002190732388 2
0 0.455 0.065 0.002550904283 2
0 0.455 0.075 0.002869486335 2
0 0.455 0.085 0.003141835535 2
0 0.455 0.095 0.003363924998 2
0 0.455 0.105 0.003532383317 2
0 0.455 0.115 0.003644522766 2
0 0.455 0.125 0.003698342449 2
0 0.455 0.135 0.003692571734 2
0 0.455 0.145 0.003626574581 2
0 0.455 0.155 0.003500809232 2
0 0.455 0.165 0.003315522605 2
0 0.455 0.175 0.003076066239 2
0 0.455 0.185 0.002775519898 2
0 0.455 0.195 0.002458714943 2
0 0.455 0.205 0.002145595489 1
0 0.455 0.215 0.001860350573 1
0 0.455 0.225 0.001580081401 1
0 0.455 0.235 0.001287106309 1
0 0.455 0.245 0.0009878192056 1
0 0.455 0.255 0.0006792277869 1
0 0.455 0.265 0.0003743333846 1
0 0.455 0.275 6.091039825e-05 1
0 0.455 0.285 -0.0003127341152 2
0 0.455 0.295 -0.0007021524402 2
0 0.455 0.305 -0.001076984158 2
0 0.455 0.315 -0.001411387077 2
0 0.455 0.325 -0.001707080822 2
0 0.455 0.335 -0.001963707655 2
0 0.455 0.345 -0.002179088104 2
0 0.455 0.355 -0.002349670139 2
0 0.455 0.365 -0.002472966032 2
0 0.455 0.375 -0.002546891622 2
0 0.455 0.385 -0.002570503055 2
0 0.455 0.395 -0.002543976212 2
0 0.455 0.405 -0.002468623783 2
0 0.455 0.415 -0.00234688234 2
0 0.455 0.425 -0.002182237324 2
0 0.455 0.435 -0.001979289389 2
0 0.455 0.445 -0.001743383843 2
0 0.455 0.455 -0.001481564207 2
0 0.455 0.465 -0.001199448919 2
0 0.455 0.475 -0.0009105804528 2
0 0.455 0.485 -0.0006076978713 2
0 0.455 0.495 -0.0003495496991 2
0 0.455 0.505 0 2
0 0.455 0.515 0 2
0 0.455 0.525 0 2
0 0.455 0.535 0 2
0 0.455 0.545 0 2
0 0.455 0.555 0 2
0 0.455 0.565 0 2
0 0.465 -0.555 0 2
0 0.465 -0.545 0 2
0 0.465 -0.535 0 2
0 0.465 -0.525 0 2
0 0.465 -0.515 0 2
0 0.465 -0.505 0 2
0 0.465 -0.495 0.0003553077271 2
0 0.465 -0.485 0.0006213509947 2
0 0.465 -0.475 0.0009419803475 2
0 0.465 -0.465 0.001259830748 2
0 0.465 -0.455 0.001574278134 2
0 0.465 -0.445 0.001872371826 2
0 0.465 -0.435 0.002143883609 2
0 0.465 -0.425 0.002384261001 2
0 0.465 -0.415 0.002575858289 2
0 0.465 -0.405 0.002704057012 1
0 0.465 -0.395 0.002777080939 1
0 0.465 -0.385 0.00280886319 1
0 0.465 -0.375 0.002807703165 1
0 0.465 -0.365 0.002762534589 2
0 0.465 -0.355 0.002645445817 2
0 0.465 -0.345 0.002474676743 2
0 0.465 -0.335 0.002259869485 2
0 0.465 -0.325 0.001996274396 2
0 0.465 -0.315 0.001683013623 2
0 0.465 -0.305 0.001325717413 2
0 0.465 -0.295 0.0009301095633 2
0 0.465 -0.285 0.0005029755596 2
0 0.465 -0.275 5.151338774e-05 2
0 0.465 -0.265 -0.0004167649358 2
0 0.465 -0.255 -0.0008941785833 2
0 0.465 -0.245 -0.001373039193 2
0 0.465 -0.235 -0.001845798676 2
0 0.465 -0.225 -0.002305187691 2
0 0.465 -0.215 -0.002744302657 2
0 0.465 -0.205 -0.003156607328 2
0 0.465 -0.195 -0.003535826404 2
0 0.465 -0.185 -0.003875774871 2
0 0.465 -0.175 -0.004170245302 2
0 0.465 -0.165 -0.004413139656 2
0 0.465 -0.155 -0.004598899205 2
0 0.465 -0.145 -0.004723058365 2
0 0.465 -0.135 -0.004782658003 2
0 0.465 -0.125 -0.004776364733 2
0 0.465 -0.115 -0.004704335196 2
0 0.465 -0.105 -0.004567958614 2
0 0.465 -0.095 -0.004369627737 2
0 0.465 -0.085 -0.004112598262 2
0 0.465 -0.075 -0.00380091538 2
0 0.465 -0.065 -0.003439364996 2
0 0.465 -0.055 -0.003033414575 2
0 0.465 -0.045 -0.002589131708 2
0 0.465 -0.035 -0.002113084419 2
0 0.465 -0.025 -0.00161223453 2
0 0.465 -0.015 -0.00109383356 2
0 0.465 -0.005 -0.0005653255078 2
0 0.465 0.005 -3.42562562e-05 2
0 0.465 0.015 0.0004918139064 2
0 0.465 0.025 0.001005398507 2
0 0.465 0.035 0.001499176366 2
0 0.465 0.045 0.001966086553 2
0 0.465 0.055 0.002399424816 2
0 0.465 0.065 0.002792937885 2
0 0.465 0.075 0.003140911098 2
0 0.465 0.085 0.003438244282 2
0 0.465 0.095 0.003680511411 2
0 0.465 0.105 0.003863998031 2
0 0.465 0.115 0.003985718201 2
0 0.465 0.125 0.004043394644 2
0 0.465 0.135 0.00403546345 2
0 0.465 0.145 0.0039609343 2
0 0.465 0.155 0.003819796311 2
0 0.465 0.165 0.003611706874 2
0 0.465 0.175 0.003341709106 2
0 0.465 0.185 0.00300197055 2
0 0.465 0.195 0.002649207095 2
0 0.465 0.205 0.00230954149 1
0 0.465 0.215 0.002003183648 1
0 0.465 0.225 0.001696994897 1
0 0.465 0.235 0.001368988621 1
0 0.465 0.245 0.001034564441 1
0 0.465 0.255 0.0006951539479 1
0 0.465 0.265 0.0003632916396 1
0 0.465 0.275 4.041874993e-05 1
0 0.465 0.285 -0.0002918931583 1
0 0.465 0.295 -0.00068288226 2
0 0.465 0.305 -0.00108803774 2
0 0.465 0.315 -0.001469221869 2
0 0.465 0.325 -0.001811406295 2
0 0.465 0.335 -0.002104695116 2
0 0.465 0.345 -0.00235207292 2
0 0.465 0.355 -0.002548679552 2
0 0.465 0.365 -0.002691709641 2
0 0.465 0.375 -0.002778994957 2
0 0.465 0.385 -0.00280966626 2
0 0.465 0.395 -0.002784164282 2
0 0.465 0.405 -0.002704146681 2
0 0.465 0.415 -0.002572480652 2
0 0.465 0.425 -0.00239315076 2
0 0.465 0.435 -0.002171337572 2
0 0.465 0.445 -0.001913014767 2
0 0.465 0.455 -0.001626000812 2
0 0.465 0.465 -0.001316533428 2
0 0.465 0.475 -0.0009995371899 2
0 0.465 0.485 -0.0006670869299 2
0 0.465 0.495 -0.000383713222 2
0 0.465 0.505 0 2
0 0.465 0.515 0 2
0 0.465 0.525 0 2
0 0.465 0.535 0 2
0 0.465 0.545 0 2
0 0.465 0.555 0 2
0 0.465 0.565 0 2
0 0.475 -0.555 0 2
0 0.475 -0.545 0 2
0 0.475 -0.535 0 2
0 0.475 -0.525 0 2
0 0.475 -0.515 0 2
0 0.475 -0.505 0 2
0 0.475 -0.495 0.0004096151342 2
0 0.475 -0.485 0.0007098354264 2
0 0.475 -0.475 0.001061567612 2
0 0.475 -0.465 0.001401451885 2
0 0.475 -0.455 0.001740087985 2
0 0.475 -0.445 0.002060398017 2
0 0.475 -0.435 0.00235483061 2
0 0.475 -0.425 0.002612723441 2
0 0.475 -0.415 0.002815817448 2
0 0.475 -0.405 0.002947728385 1
0 0.475 -0.395 0.003021212375 1
0 0.475 -0.385 0.003054036547 1
0 0.475 -0.375 0.003049750166 1
0 0.475 -0.365 0.003005256419 1
0 0.475 -0.355 0.002901270382 2
0 0.475 -0.345 0.002718858419 2
0 0.475 -0.335 0.002484277539 2
0 0.475 -0.325 0.0021968963 2
0 0.475 -0.315 0.001855117813 2
0 0.475 -0.305 0.001465572325 2
0 0.475 -0.295 0.001034952045 2
0 0.475 -0.285 0.0005705370567 2
0 0.475 -0.275 8.020045226e-05 2
0 0.475 -0.265 -0.0004278999908 2
0 0.475 -0.255 -0.0009453983814 2
0 0.475 -0.245 -0.001463924914 2
0 0.475 -0.235 -0.00197528285 2
0 0.475 -0.225 -0.002471643438 2
0 0.475 -0.215 -0.002945694749 2
0 0.475 -0.205 -0.003390677452 2
0 0.475 -0.195 -0.003800217708 2
0 0.475 -0.185 -0.004167974968 2
0 0.475 -0.175 -0.004487281026 2
0 0.475 -0.165 -0.004751203548 2
0 0.475 -0.155 -0.004953215581 2
0 0.475 -0.145 -0.005088116042 2
0 0.475 -0.135 -0.00515266109 2
0 0.475 -0.125 -0.005145642494 2
0 0.475 -0.115 -0.005067560692 2
0 0.475 -0.105 -0.004920162397 2
0 0.475 -0.095 -0.004706128033 2
0 0.475 -0.085 -0.00442895932 2
0 0.475 -0.075 -0.004092966325 2
0 0.475 -0.065 -0.003703265801 2
0 0.475 -0.055 -0.003265734075 2
0 0.475 -0.045 -0.002786913844 2
0 0.475 -0.035 -0.002273892662 2
0 0.475 -0.025 -0.001734175065 2
0 0.475 -0.015 -0.001175565013 2
0 0.475 -0.005 -0.0006060633683 2
0 0.475 0.005 -3.377744101e-05 2
0 0.475 0.015 0.0005331651482 2
0 0.475 0.025 0.001086705565 2
0 0.475 0.035 0.001618950149 2
0 0.475 0.045 0.002122274394 2
0 0.475 0.055 0.002589431514 2
0 0.475 0.065 0.003013660526 2
0 0.475 0.075 0.00338878787 2
0 0.475 0.085 0.003709316181 2
0 0.475 0.095 0.003970494444 2
0 0.475 0.105 0.004168361746 2
0 0.475 0.115 0.004299763412 2
0 0.475 0.125 0.004362321863 2
0 0.475 0.135 0.004354412289 2
0 0.475 0.145 0.004275014626 2
0 0.475 0.155 0.004124007148 2
0 0.475 0.165 0.003901271655 2
0 0.475 0.175 0.003610774133 2
0 0.475 0.185 0.003249077785 2
0 0.475 0.195 0.002854360276 2
0 0.475 0.205 0.00247003694 1
0 0.475 0.215 0.002128489698 1
0 0.475 0.225 0.001790424413 1
0 0.475 0.235 0.001436585724 1
0 0.475 0.245 0.001074088765 1
0 0.475 0.255 0.0007089593801 1
0 0.475 0.265 0.0003473880625 1
0 0.475 0.275 -5.4255999e-06 1
0 0.475 0.285 -0.0003437479812 1
0 0.475 0.295 -0.0006936092218 1
0 0.475 0.305 -0.001097100633 2
0 0.475 0.315 -0.001510048896 2
0 0.475 0.325 -0.001897845035 2
0 0.475 0.335 -0.002227418687 2
0 0.475 0.345 -0.002506473416 2
0 0.475 0.355 -0.00272903631 2
0 0.475 0.365 -0.002891406404 2
0 0.475 0.375 -0.002991714255 2
0 0.475 0.385 -0.003029297133 2
0 0.475 0.395 -0.003004975616 2
0 0.475 0.405 -0.002920799148 2
0 0.475 0.415 -0.002780076488 2
0 0.475 0.425 -0.002587277178 2
0 0.475 0.435 -0.002348129982 2
0 0.475 0.445 -0.002069194462 2
0 0.475 0.455 -0.001759005472 2
0 0.475 0.465 -0.00142437065 2
0 0.475 0.475 -0.001081485638 2
0 0.475 0.485 -0.0007218099752 2
0 0.475 0.495 -0.0004152010813 2
0 0.475 0.505 0 2
0 0.475 0.515 0 2
0 0.475 0.525 0 2
0 0.475 0.535 0 2
0 0.475 0.545 0 2
0 0.475 0.555 0 2
0 0.475 0.565 0 2
0 0.485 -0.555 0 2
0 0.485 -0.545 0 2
0 0.485 -0.535 0 2
0 0.485 -0.525 0 2
0 0.485 -0.515 0 2
0 0.485 -0.505 0 2
0 0.485 -0.495 0.0004426905772 2
0 0.485 -0.485 0.000770812016 2
0 0.485 -0.475 0.001154095772 2
0 0.485 -0.465 0.001521441005 2
0 0.485 -0.455 0.001886399574 2
0 0.485 -0.445 0.002231931412 2
0 0.485 -0.435 0.002557263296 2
0 0.485 -0.425 0.002832332129 2
0 0.485 -0.415 0.003034326542 1
0 0.485 -0.405 0.003166113302 1
0 0.485 -0.395 0.003245427189 1
0 0.485 -0.385 0.003284519319 1
0 0.485 -0.375 0.003277377869 1
0 0.485 -0.365 0.003230678904 1
0 0.485 -0.355 0.003130756247 1
0 0.485 -0.345 0.00295998593 2
0 0.485 -0.335 0.002708628925 2
0 0.485 -0.325 0.002389524037 2
0 0.485 -0.315 0.002018518104 2
0 0.485 -0.305 0.001597165716 2
0 0.485 -0.295 0.001133097935 2
0 0.485 -0.285 0.000633557671 2
0 0.485 -0.275 0.0001069150453 2
0 0.485 -0.265 -0.0004381645121 2
0 0.485 -0.255 -0.0009927071203 2
0 0.485 -0.245 -0.001547694322 2
0 0.485 -0.235 -0.002094271815 2
0 0.485 -0.225 -0.00262401981 2
0 0.485 -0.215 -0.003129223824 2
0 0.485 -0.205 -0.003603023029 2
0 0.485 -0.195 -0.004039216365 2
0 0.485 -0.185 -0.004431653975 2
0 0.485 -0.175 -0.004773380082 2
0 0.485 -0.165 -0.005056491988 2
0 0.485 -0.155 -0.005273240673 2
0 0.485 -0.145 -0.005417588412 2
0 0.485 -0.135 -0.005486124131 2
0 0.485 -0.125 -0.005477988744 2
0 0.485 -0.115 -0.00539420962 2
0 0.485 -0.105 -0.005236917565 2
0 0.485 -0.095 -0.005008978072 2
0 0.485 -0.085 -0.004713996618 2
0 0.485 -0.075 -0.004356423879 2
0 0.485 -0.065 -0.00394163104 2
0 0.485 -0.055 -0.003475864015 2
0 0.485 -0.045 -0.002966114766 2
0 0.485 -0.035 -0.002419960463 2
0 0.485 -0.025 -0.0018454042 2
0 0.485 -0.015 -0.001250742437 2
0 0.485 -0.005 -0.0006444618869 2
0 0.485 0.005 -3.51567e-05 2
0 0.485 0.015 0.0005685496858 2
0 0.485 0.025 0.001158090499 2
0 0.485 0.035 0.001725055938 2
0 0.485 0.045 0.002261307468 2
0 0.485 0.055 0.002759101165 2
0 0.485 0.065 0.003211212879 2
0 0.485 0.075 0.003611057658 2
0 0.485 0.085 0.003952796284 2
0 0.485 0.095 0.004231422712 2
0 0.485 0.105 0.004442824137 2
0 0.485 0.115 0.004583810533 2
0 0.485 0.125 0.004652093122 2
0 0.485 0.135 0.004646246325 2
0 0.485 0.145 0.004565573373 2
0 0.485 0.155 0.004410241356 2
0 0.485 0.165 0.004181051175 2
0 0.485 0.175 0.003881028437 2
0 0.485 0.185 0.003516064626 2
0 0.485 0.195 0.003089332228 2
0 0.485 0.205 0.002647481644 2
0 0.485 0.215 0.00222745629 1
0 0.485 0.225 0.001861017662 1
0 0.485 0.235 0.001492533444 1
0 0.485 0.245 0.001105503641 1
0 0.485 0.255 0.0007157826533 1
0 0.485 0.265 0.0003297538643 1
0 0.485 0.275 -4.629574651e-05 1
0 0.485 0.285 -0.0003984189271 1
0 0.485 0.295 -0.0007491268293 1
0 0.485 0.305 -0.0011506208 2
0 0.485 0.315 -0.001566108326 2
0 0.485 0.325 -0.001974494503 2
0 0.485 0.335 -0.002339954851 2
0 0.485 0.345 -0.002647940354 2
0 0.485 0.355 -0.002894554358 2
0 0.485 0.365 -0.00307438403 2
0 0.485 0.375 -0.003186259634 2
0 0.485 0.385 -0.003229815134 2
0 0.485 0.395 -0.003206286577 2
0 0.485 0.405 -0.003118101256 2
0 0.485 0.415 -0.002968972661 2
0 0.485 0.425 -0.002763807238 2
0 0.485 0.435 -0.002508825685 2
0 0.485 0.445 -0.002211112804 2
0 0.485 0.455 -0.001879846339 2
0 0.485 0.465 -0.001522342789 2
0 0.485 0.475 -0.001155943136 2
0 0.485 0.485 -0.0007715386913 2
0 0.485 0.495 -0.0004438214523 2
0 0.485 0.505 0 2
0 0.485 0.515 0 2
0 0.485 0.525 0 2
0 0.485 0.535 0 2
0 0.485 0.545 0 2
0 0.485 0.555 0 2
0 0.485 0.565 0 2
0 0.495 -0.555 0 2
0 0.495 -0.545 0 2
0 0.495 -0.535 0 2
0 0.495 -0.525 0 2
0 0.495 -0.515 0 2
0 0.495 -0.505 0 2
0 0.495 -0.495 0.0004641106835 2
0 0.495 -0.485 0.0008125670502 2
0 0.495 -0.475 0.00121973385 2
0 0.495 -0.465 0.001613458064 2
0 0.495 -0.455 0.002005231128 2
0 0.495 -0.445 0.002376818952 2
0 0.495 -0.435 0.002729722896 2
0 0.495 -0.425 0.003018821611 2
0 0.495 -0.415 0.003229328001 1
0 0.495 -0.405 0.003366970502 1
0 0.495 -0.395 0.003449428384 1
0 0.495 -0.385 0.003493764568 1
0 0.495 -0.375 0.003489106731 1
0 0.495 -0.365 0.003442427134 1
0 0.495 -0.355 0.003340304347 1
0 0.495 -0.345 0.00316931859 2
0 0.495 -0.335 0.002908535927 2
0 0.495 -0.325 0.002564180817 2
0 0.495 -0.315 0.00216732568 2
0 0.495 -0.305 0.001716879759 2
0 0.495 -0.295 0.001222099408 2
0 0.495 -0.285 0.0006903413074 2
0 0.495 -0.275 0.0001304765152 2
0 0.495 -0.265 -0.0004483833795 2
0 0.495 -0.255 -0.001036709661 2
0 0.495 -0.245 -0.001624854626 2
0 0.495 -0.235 -0.002203265465 2
0 0.495 -0.225 -0.002762815703 2
0 0.495 -0.215 -0.003295232779 2
0 0.495 -0.205 -0.00379344428 2
0 0.495 -0.195 -0.004251691767 2
0 0.495 -0.185 -0.004664759399 2
0 0.495 -0.175 -0.005025895262 2
0 0.495 -0.165 -0.005326025715 2
0 0.495 -0.155 -0.00555561455 2
0 0.495 -0.145 -0.005707562652 2
0 0.495 -0.135 -0.005778691636 2
0 0.495 -0.125 -0.005768957903 2
0 0.495 -0.115 -0.005680150959 2
0 0.495 -0.105 -0.005514680822 2
0 0.495 -0.095 -0.005275245642 2
0 0.495 -0.085 -0.004965296579 2
0 0.495 -0.075 -0.004589304068 2
0 0.495 -0.065 -0.004152831678 2
0 0.495 -0.055 -0.003662486204 2
0 0.495 -0.045 -0.003125712315 2
0 0.495 -0.035 -0.002550564194 2
0 0.495 -0.025 -0.001945503267 2
0 0.495 -0.015 -0.00131925275 2
0 0.495 -0.005 -0.0006807040141 2
0 0.495 0.005 -3.885424839e-05 2
0 0.495 0.015 0.0005972539646 2
0 0.495 0.025 0.001218610653 2
0 0.495 0.035 0.001816342596 2
0 0.495 0.045 0.002381840703 2
0 0.495 0.055 0.002906901825 2
0 0.495 0.065 0.003383874503 2
0 0.495 0.075 0.003805799196 2
0 0.495 0.085 0.00416653591 2
0 0.495 0.095 0.004460873619 2
0 0.495 0.105 0.00468461518 2
0 0.495 0.115 0.004834634084 2
0 0.495 0.125 0.004908876512 2
0 0.495 0.135 0.004906326768 2
0 0.495 0.145 0.004826855902 2
0 0.495 0.155 0.004671080889 2
0 0.495 0.165 0.004440331023 2
0 0.495 0.175 0.004136189021 2
0 0.495 0.185 0.00376437269 2
0 0.495 0.195 0.003313960042 2
0 0.495 0.205 0.002823722073 2
0 0.495 0.215 0.002346555627 1
0 0.495 0.225 0.001938149702 1
0 0.495 0.235 0.001542871962 1
0 0.495 0.245 0.001132729788 1
0 0.495 0.255 0.0007195496467 1
0 0.495 0.265 0.0003106739827 1
0 0.495 0.275 -8.766439312e-05 1
0 0.495 0.285 -0.00046847527 1
0 0.495 0.295 -0.000832062636 1
0 0.495 0.305 -0.001202002459 1
0 0.495 0.315 -0.001613913324 2
0 0.495 0.325 -0.002040628384 2
0 0.495 0.335 -0.002448469671 2
0 0.495 0.345 -0.002782180197 2
0 0.495 0.355 -0.003048983381 2
0 0.495 0.365 -0.003242816692 2
0 0.495 0.375 -0.003363660659 2
0 0.495 0.385 -0.003411489888 2
0 0.495 0.395 -0.003387871996 2
0 0.495 0.405 -0.003295517027 2
0 0.495 0.415 -0.003138450908 2
0 0.495 0.425 -0.002921933904 2
0 0.495 0.435 -0.002652599595 2
0 0.495 0.445 -0.002337981854 2
0 0.495 0.455 -0.001987815408 2
0 0.495 0.465 -0.001609854732 2
0 0.495 0.475 -0.001222446906 2
0 0.495 0.485 -0.0008159600161 2
0 0.495 0.495 -0.0004693926542 2
0 0.495 0.505 0 2
0 0.495 0.515 0 2
0 0.495 0.525 0 2
0 0.495 0.535 0 2
0 0.495 0.545 0 2
0 0.495 0.555 0 2
0 0.495 0.565 0 2
0 0.505 -0.555 0 2
0 0.505 -0.545 0 2
0 0.505 -0.535 0 2
0 0.505 -0.525 0 2
0 0.505 -0.515 0 2
0 0.505 -0.505 0 2
0 0.505 -0.495 0.0004638769427 2
0 0.505 -0.485 0.0008207428945 2
0 0.505 -0.475 0.001247886419 2
0 0.505 -0.465 0.001670078519 2
0 0.505 -0.455 0.002091865739 2
0 0.505 -0.445 0.00249142888 2
0 0.505 -0.435 0.002870706849 2
0 0.505 -0.425 0.003176435161 2
0 0.505 -0.415 0.003398580397 1
0 0.505 -0.405 0.003543994837 1
0 0.505 -0.395 0.003630829199 1
0 0.505 -0.385 0.003678340039 1
0 0.505 -0.375 0.003676651889 1
0 0.505 -0.365 0.003629976452 1
0 0.505 -0.355 0.003523222856 1
0 0.505 -0.345 0.003346550985 2
0 0.505 -0.335 0.003077665657 2
0 0.505 -0.325 0.002715572117 2
0 0.505 -0.315 0.002297154943 2
0 0.505 -0.305 0.00182150794 2
0 0.505 -0.295 0.00129964948 2
0 0.505 -0.285 0.0007392932869 2
0 0.505 -0.275 0.0001498227188 2
0 0.505 -0.265 -0.000459248781 2
0 0.505 -0.255 -0.001077900528 2
0 0.505 -0.245 -0.001695902295 2
0 0.505 -0.235 -0.00230297253 2
0 0.505 -0.225 -0.002889098232 2
0 0.505 -0.215 -0.003445168856 2
0 0.505 -0.205 -0.003963563626 2
0 0.505 -0.195 -0.004439199357 2
0 0.505 -0.185 -0.004868300846 2
0 0.505 -0.175 -0.005244341727 2
0 0.505 -0.165 -0.005556976612 2
0 0.505 -0.155 -0.005795240733 2
0 0.505 -0.145 -0.005951788005 2
0 0.505 -0.135 -0.00602425453 2
0 0.505 -0.125 -0.00601330217 2
0 0.505 -0.115 -0.005921136866 2
0 0.505 -0.105 -0.005750159624 2
0 0.505 -0.095 -0.005502451599 2
0 0.505 -0.085 -0.005180981523 2
0 0.505 -0.075 -0.004790145977 2
0 0.505 -0.065 -0.004335714313 2
0 0.505 -0.055 -0.003824701136 2
0 0.505 -0.045 -0.003265050614 2
0 0.505 -0.035 -0.00266530221 2
0 0.505 -0.025 -0.002034335549 2
0 0.505 -0.015 -0.001381222864 2
0 0.505 -0.005 -0.0007151636502 2
0 0.505 0.005 -4.546358632e-05 2
0 0.505 0.015 0.0006184954769 2
0 0.505 0.025 0.001267321237 2
0 0.505 0.035 0.00189172146 2
0 0.505 0.045 0.002482649801 2
0 0.505 0.055 0.003031471228 2
0 0.505 0.065 0.003530131621 2
0 0.505 0.075 0.003971319882 2
0 0.505 0.085 0.004348616581 2
0 0.505 0.095 0.00465662511 2
0 0.505 0.105 0.004891085284 2
0 0.505 0.115 0.005048965408 2
0 0.505 0.125 0.005128509391 2
0 0.505 0.135 0.005129251781 2
0 0.505 0.145 0.005051819092 2
0 0.505 0.155 0.0048976806 2
0 0.505 0.165 0.004668837046 2
0 0.505 0.175 0.004366535471 2
0 0.505 0.185 0.003994184318 2
0 0.505 0.195 0.00355303212 2
0 0.505 0.205 0.00305265541 2
0 0.505 0.215 0.002518188511 2
0 0.505 0.225 0.002010067567 1
0 0.505 0.235 0.001578549336 1
0 0.505 0.245 0.001156966723 1
0 0.505 0.255 0.0007273761516 1
0 0.505 0.265 0.0002952074912 1
0 0.505 0.275 -0.0001214691484 1
0 0.505 0.285 -0.0005238749379 1
0 0.505 0.295 -0.0008985100598 1
0 0.505 0.305 -0.001275616849 1
0 0.505 0.315 -0.001697481135 2
0 0.505 0.325 -0.002138409984 2
0 0.505 0.335 -0.002567718285 2
0 0.505 0.345 -0.002916593696 2
0 0.505 0.355 -0.003195533837 2
0 0.505 0.365 -0.003398030093 2
0 0.505 0.375 -0.003524239453 2
0 0.505 0.385 -0.003574093146 2
0 0.505 0.395 -0.003549185402 2
0 0.505 0.405 -0.003452316354 2
0 0.505 0.415 -0.003287683693 2
0 0.505 0.425 -0.003060794073 2
0 0.505 0.435 -0.002778601783 2
0 0.505 0.445 -0.002449005835 2
0 0.505 0.455 -0.002082205539 2
0 0.505 0.465 -0.001686316639 2
0 0.505 0.475 -0.001280541721 2
0 0.505 0.485 -0.0008547687331 2
0 0.505 0.495 -0.0004917395608 2
0 0.505 0.505 0 2
0 0.505 0.515 0 2
0 0.505 0.525 0 2
0 0.505 0.535 0 2
0 0.505 0.545 0 2
0 0.505 0.555 0 2
0 0.505 0.565 0 2
0 0.515 -0.555 0 2
0 0.515 -0.545 0 2
0 0.515 -0.535 0 1
0 0.515 -0.525 0 1
0 0.515 -0.515 0 1
0 0.515 -0.505 0 1
0 0.515 -0.495 0.0004099682897 1
0 0.515 -0.485 0.0007699541015 2
0 0.515 -0.475 0.001225579104 2
0 0.515 -0.465 0.001685475398 2
0 0.515 -0.455 0.00214632415 2
0 0.515 -0.445 0.002576288589 2
0 0.515 -0.435 0.002981839985 2
0 0.515 -0.425 0.003306308943 2
0 0.515 -0.415 0.00354109096 1
0 0.515 -0.405 0.003694388485 1
0 0.515 -0.395 0.003786282373 1
0 0.515 -0.385 0.003837047867 1
0 0.515 -0.375 0.003836188423 1
0 0.515 -0.365 0.003788313413 1
0 0.515 -0.355 0.00367835099 1
0 0.515 -0.345 0.003496140069 2
0 0.515 -0.335 0.003218014878 2
0 0.515 -0.325 0.002841849963 2
0 0.515 -0.315 0.002405458476 2
0 0.515 -0.305 0.001908770939 2
0 0.515 -0.295 0.00136400693 2
0 0.515 -0.285 0.0007792475759 2
0 0.515 -0.275 0.000164283586 2
0 0.515 -0.265 -0.0004710511425 2
0 0.515 -0.255 -0.0011163535 2
0 0.515 -0.245 -0.001760938779 2
0 0.515 -0.235 -0.002393866217 2
0 0.515 -0.225 -0.00300424474 2
0 0.515 -0.215 -0.003581760364 2
0 0.515 -0.205 -0.004117358824 2
0 0.515 -0.195 -0.004605129037 2
0 0.515 -0.185 -0.005041146134 2
0 0.515 -0.175 -0.00542484551 2
0 0.515 -0.165 -0.00574329285 2
0 0.515 -0.155 -0.005982964251 2
0 0.515 -0.145 -0.006140937436 2
0 0.515 -0.135 -0.006213831316 2
0 0.515 -0.125 -0.006204093873 2
0 0.515 -0.115 -0.00611329018 2
0 0.515 -0.105 -0.005940827972 2
0 0.515 -0.095 -0.005688928134 2
0 0.515 -0.085 -0.005359951907 2
0 0.515 -0.075 -0.004958194361 2
0 0.515 -0.065 -0.004489735302 2
0 0.515 -0.055 -0.003962134853 2
0 0.515 -0.045 -0.003383933167 2
0 0.515 -0.035 -0.002764178847 2
0 0.515 -0.025 -0.002112119997 2
0 0.515 -0.015 -0.001437080626 2
0 0.515 -0.005 -0.000748450583 2
0 0.515 0.005 -5.573740983e-05 2
0 0.515 0.015 0.0006314174316 2
0 0.515 0.025 0.001303289868 2
0 0.515 0.035 0.001950198402 2
0 0.515 0.045 0.002562678602 2
0 0.515 0.055 0.003131679242 2
0 0.515 0.065 0.003648758259 2
0 0.515 0.075 0.004106264647 2
0 0.515 0.085 0.004497503165 2
0 0.515 0.095 0.004816879708 2
0 0.515 0.105 0.005060038619 2
0 0.515 0.115 0.005223981733 2
0 0.515 0.125 0.0053071866 2
0 0.515 0.135 0.005309709351 2
0 0.515 0.145 0.005232992562 2
0 0.515 0.155 0.005079823651 2
0 0.515 0.165 0.004853125399 2
0 0.515 0.175 0.004554378258 2
0 0.515 0.185 0.004187022149 2
0 0.515 0.195 0.003758298173 2
0 0.515 0.205 0.003273177748 2
0 0.515 0.215 0.002731653723 2
0 0.515 0.225 0.002173270741 2
0 0.515 0.235 0.001638600949 1
0 0.515 0.245 0.0011836059 1
0 0.515 0.255 0.0007374929409 1
0 0.515 0.265 0.000288601264 1
0 0.515 0.275 -0.0001393508212 1
0 0.515 0.285 -0.0005551482555 1
0 0.515 0.295 -0.0009501171753 1
0 0.515 0.305 -0.00135384587 1
0 0.515 0.315 -0.001807624644 2
0 0.515 0.325 -0.002267925085 2
0 0.515 0.335 -0.002697867529 2
0 0.515 0.345 -0.003050858587 2
0 0.515 0.355 -0.003333394854 2
0 0.515 0.365 -0.003539049098 2
0 0.515 0.375 -0.00366697224 2
0 0.515 0.385 -0.003716597294 2
0 0.515 0.395 -0.003689207598 2
0 0.515 0.405 -0.003587494068 2
0 0.515 0.415 -0.003415687568 2
0 0.515 0.425 -0.00317943853 2
0 0.515 0.435 -0.002885934844 2
0 0.515 0.445 -0.002543361301 2
0 0.515 0.455 -0.002162291762 2
0 0.515 0.465 -0.001751126948 2
0 0.515 0.475 -0.001329766164 2
0 0.515 0.485 -0.0008876585629 2
0 0.515 0.495 -0.0005106891168 2
0 0.515 0.505 0 2
0 0.515 0.515 0 2
0 0.515 0.525 0 2
0 0.515 0.535 0 2
0 0.515 0.545 0 2
0 0.515 0.555 0 2
0 0.515 0.565 0 2
0 0.525 -0.555 0 1
0 0.525 -0.545 0 1
0 0.525 -0.535 0 1
0 0.525 -0.525 0 1
0 0.525 -0.515 0 1
0 0.525 -0.505 0 1
0 0.525 -0.495 0.0004000152647 1
0 0.525 -0.485 0.0007213419001 1
0 0.525 -0.475 0.001178696401 2
0 0.525 -0.465 0.001668486071 2
0 0.525 -0.455 0.002177223329 2
0 0.525 -0.445 0.002637170064 2
0 0.525 -0.435 0.003068551345 2
0 0.525 -0.425 0.003411144456 2
0 0.525 -0.415 0.003657995388 1
0 0.525 -0.405 0.003818720895 1
0 0.525 -0.395 0.00391542723 1
0 0.525 -0.385 0.003969302651 1
0 0.525 -0.375 0.003968905467 1
0 0.525 -0.365 0.003919619326 1
0 0.525 -0.355 0.003806553766 1
0 0.525 -0.345 0.003618832184 2
0 0.525 -0.335 0.003331466674 2
0 0.525 -0.325 0.002942214421 2
0 0.525 -0.315 0.002490827487 2
0 0.525 -0.305 0.001977310657 2
0 0.525 -0.295 0.001414171261 2
0 0.525 -0.285 0.0008096644326 2
0 0.525 -0.275 0.0001737795693 2
0 0.525 -0.265 -0.0004834504785 2
0 0.525 -0.255 -0.001151399254 2
0 0.525 -0.245 -0.001819152736 2
0 0.525 -0.235 -0.002475346612 2
0 0.525 -0.225 -0.003108670415 2
0 0.525 -0.215 -0.003707331746 2
0 0.525 -0.205 -0.004259632846 2
0 0.525 -0.195 -0.004761692239 2
0 0.525 -0.185 -0.00520527929 2
0 0.525 -0.175 -0.005586073724 2
0 0.525 -0.165 -0.005888446251 2
0 0.525 -0.155 -0.006110294797 2
0 0.525 -0.145 -0.006263984386 2
0 0.525 -0.135 -0.006340701826 2
0 0.525 -0.125 -0.006338100247 2
0 0.525 -0.115 -0.00625428685 2
0 0.525 -0.105 -0.00608597519 2
0 0.525 -0.095 -0.005834346854 2
0 0.525 -0.085 -0.005502106616 2
0 0.525 -0.075 -0.005093464724 2
0 0.525 -0.065 -0.004614973916 2
0 0.525 -0.055 -0.004074950889 2
0 0.525 -0.045 -0.003482665425 2
0 0.525 -0.035 -0.002847679832 2
0 0.525 -0.025 -0.0021795213 2
0 0.525 -0.015 -0.001487637415 2
0 0.525 -0.005 -0.0007814674919 2
0 0.525 0.005 -7.061218781e-05 2
0 0.525 0.015 0.0006350945869 2
0 0.525 0.025 0.00132562702 2
0 0.525 0.035 0.001990921809 2
0 0.525 0.045 0.002621098844 2
0 0.525 0.055 0.003206697219 2
0 0.525 0.065 0.003738898172 2
0 0.525 0.075 0.004209720273 2
0 0.525 0.085 0.004612189932 2
0 0.525 0.095 0.0049404863 2
0 0.525 0.105 0.005190086017 2
0 0.525 0.115 0.005357877566 2
0 0.525 0.125 0.005442360526 2
0 0.525 0.135 0.005443761017 2
0 0.525 0.145 0.005364125737 2
0 0.525 0.155 0.005207846809 2
0 0.525 0.165 0.004978028647 2
0 0.525 0.175 0.004681482763 2
0 0.525 0.185 0.004319251934 2
0 0.525 0.195 0.003898977326 2
0 0.525 0.205 0.003437185723 2
0 0.525 0.215 0.002935555954 2
0 0.525 0.225 0.002408204806 2
0 0.525 0.235 0.001844284997 2
0 0.525 0.245 0.001286746227 2
0 0.525 0.255 0.0007680791314 1
0 0.525 0.265 0.0003106557278 1
0 0.525 0.275 -0.0001277526052 1
0 0.525 0.285 -0.0005625747636 1
0 0.525 0.295 -0.0009898999306 1
0 0.525 0.305 -0.001473201679 2
0 0.525 0.315 -0.001961050901 2
0 0.525 0.325 -0.002421624508 2
0 0.525 0.335 -0.002830729421 2
0 0.525 0.345 -0.003178279033 2
0 0.525 0.355 -0.003457939893 2
0 0.525 0.365 -0.003662640397 2
0 0.525 0.375 -0.003789521174 2
0 0.525 0.385 -0.003837210514 2
0 0.525 0.395 -0.003806479059 2
0 0.525 0.405 -0.003699795995 2
0 0.525 0.415 -0.003521341713 2
0 0.525 0.425 -0.003276842475 2
0 0.525 0.435 -0.002973655821 2
0 0.525 0.445 -0.002620190313 2
0 0.525 0.455 -0.002227317026 2
0 0.525 0.465 -0.001803654108 2
0 0.525 0.475 -0.001369634859 2
0 0.525 0.485 -0.0009143095262 2
0 0.525 0.495 -0.0005260636554 2
0 0.525 0.505 0 2
0 0.525 0.515 0 2
0 0.525 0.525 0 2
0 0.525 0.535 0 2
0 0.525 0.545 0 2
0 0.525 0.555 0 2
0 0.525 0.565 0 2
0 0.535 -0.555 0 1
0 0.535 -0.545 0 1
0 0.535 -0.535 0 1
0 0.535 -0.525 0 1
0 0.535 -0.515 0 1
0 0.535 -0.505 0 1
0 0.535 -0.495 0.0003908370726 1
0 0.535 -0.485 0.0007079880314 1
0 0.535 -0.475 0.001166291257 2
0 0.535 -0.465 0.001665834834 2
0 0.535 -0.455 0.002202479495 2
0 0.535 -0.445 0.0026827772 2
0 0.535 -0.435 0.003132723461 2
0 0.535 -0.425 0.003492314807 2
0 0.535 -0.415 0.003750154535 1
0 0.535 -0.405 0.003918280576 1
0 0.535 -0.395 0.004020572874 1
0 0.535 -0.385 0.004076231385 1
0 0.535 -0.375 0.004075758181 1
0 0.535 -0.365 0.00402365453 1
0 0.535 -0.355 0.003908015874 1
0 0.535 -0.345 0.003715388535 2
0 0.535 -0.335 0.003416952094 2
0 0.535 -0.325 0.003015329692 2
0 0.535 -0.315 0.002552200696 2
0 0.535 -0.305 0.002026477606 2
0 0.535 -0.295 0.001449877948 2
0 0.535 -0.285 0.0008306814319 2
0 0.535 -0.275 0.0001788873807 2
0 0.535 -0.265 -0.0004953805532 2
0 0.535 -0.255 -0.001181433255 2
0 0.535 -0.245 -0.00186838737 2
0 0.535 -0.235 -0.002544819874 2
0 0.535 -0.225 -0.003199943587 2
0 0.535 -0.215 -0.00382085975 2
0 0.535 -0.205 -0.00439905103 2
0 0.535 -0.195 -0.004922976878 2
0 0.535 -0.185 -0.005377296364 2
0 0.535 -0.175 -0.00572929516 1
0 0.535 -0.165 -0.005977419754 1
0 0.535 -0.155 -0.006163239046 1
0 0.535 -0.145 -0.006303056334 1
0 0.535 -0.135 -0.006402680354 2
0 0.535 -0.125 -0.006417800606 2
0 0.535 -0.115 -0.006346212711 2
0 0.535 -0.105 -0.006186352278 2
0 0.535 -0.095 -0.005939746554 2
0 0.535 -0.085 -0.00560836631 2
0 0.535 -0.075 -0.005196835135 2
0 0.535 -0.065 -0.004712341047 2
0 0.535 -0.055 -0.004164165053 2
0 0.535 -0.045 -0.003562365571 2
0 0.535 -0.035 -0.002917001724 2
0 0.535 -0.025 -0.002237792469 2
0 0.535 -0.015 -0.001534174432 2
0 0.535 -0.005 -0.0008154564019 2
0 0.535 0.005 -9.121544799e-05 2
0 0.535 0.015 0.0006285642981 2
0 0.535 0.025 0.001333545011 2
0 0.535 0.035 0.002013254543 2
0 0.535 0.045 0.002657384179 2
0 0.535 0.055 0.003256068952 2
0 0.535 0.065 0.003800133758 2
0 0.535 0.075 0.00428128947 2
0 0.535 0.085 0.00469229503 2
0 0.535 0.095 0.005027084454 2
0 0.535 0.105 0.005280895324 2
0 0.535 0.115 0.005450331092 2
0 0.535 0.125 0.005533611166 2
0 0.535 0.135 0.005530438756 2
0 0.535 0.145 0.005442955157 2
0 0.535 0.155 0.005275782987 2
0 0.535 0.165 0.005032139595 2
0 0.535 0.175 0.004725848719 2
0 0.535 0.185 0.004363998554 2
0 0.535 0.195 0.003961055568 2
0 0.535 0.205 0.003530996895 2
0 0.535 0.215 0.003067932712 2
0 0.535 0.225 0.002580056446 2
0 0.535 0.235 0.002059954881 2
0 0.535 0.245 0.001535868043 2
0 0.535 0.255 0.001002719121 2
0 0.535 0.265 0.0004652293212 2
0 0.535 0.275 -6.05854838e-05 2
0 0.535 0.285 -0.0005831861447 2
0 0.535 0.295 -0.001100444858 2
0 0.535 0.305 -0.001610045847 2
0 0.535 0.315 -0.002093851118 2
0 0.535 0.325 -0.002543293237 2
0 0.535 0.335 -0.002942163307 2
0 0.535 0.345 -0.003285104257 2
0 0.535 0.355 -0.003561438152 2
0 0.535 0.365 -0.003764025216 2
0 0.535 0.375 -0.003888737328 2
0 0.535 0.385 -0.003933700136 2
0 0.535 0.395 -0.003899303512 2
0 0.535 0.405 -0.003787848058 2
0 0.535 0.415 -0.003603470797 2
0 0.535 0.425 -0.00335195771 2
0 0.535 0.435 -0.003040805085 2
0 0.535 0.445 -0.002678609198 2
0 0.535 0.455 -0.002276481791 2
0 0.535 0.465 -0.001843211305 2
0 0.535 0.475 -0.001399607503 2
0 0.535 0.485 -0.0009343632998 2
0 0.535 0.495 -0.0005376669165 2
0 0.535 0.505 0 2
0 0.535 0.515 0 2
0 0.535 0.525 0 2
0 0.535 0.535 0 2
0 0.535 0.545 0 1
0 0.535 0.555 0 1
0 0.535 0.565 0 1
0 0.545 -0.555 0 1
0 0.545 -0.545 0 1
0 0.545 -0.535 0 1
0 0.545 -0.525 0 1
0 0.545 -0.515 0 1
0 0.545 -0.505 0 1
0 0.545 -0.495 0.0003940120682 1
0 0.545 -0.485 0.000714362801 1
0 0.545 -0.475 0.001177146345 2
0 0.545 -0.465 0.001684186933 2
0 0.545 -0.455 0.002229669001 2
0 0.545 -0.445 0.002717758118 2
0 0.545 -0.435 0.003172581055 2
0 0.545 -0.425 0.003546166805 2
0 0.545 -0.415 0.003817340295 1
0 0.545 -0.405 0.003994804578 1
0 0.545 -0.395 0.004104144515 1
0 0.545 -0.385 0.004160570714 1
0 0.545 -0.375 0.004160313146 1
0 0.545 -0.365 0.004103833374 1
0 0.545 -0.355 0.003981243037 1
0 0.545 -0.345 0.003778344819 2
0 0.545 -0.335 0.003466059749 2
0 0.545 -0.325 0.00305899173 2
0 0.545 -0.315 0.002589006721 2
0 0.545 -0.305 0.002056412995 2
0 0.545 -0.295 0.001471609265 2
0 0.545 -0.285 0.0008430685207 2
0 0.545 -0.275 0.0001807507974 2
0 0.545 -0.265 -0.0005051718753 2
0 0.545 -0.255 -0.001204041976 2
0 0.545 -0.245 -0.001905165291 2
0 0.545 -0.235 -0.002597297895 2
0 0.545 -0.225 -0.003270853091 2
0 0.545 -0.215 -0.003911840193 2
0 0.545 -0.205 -0.004523855107 2
0 0.545 -0.195 -0.00505644874 2
0 0.545 -0.185 -0.0054785404 1
0 0.545 -0.175 -0.005789722771 1
0 0.545 -0.165 -0.006025468074 1
0 0.545 -0.155 -0.006210930331 1
0 0.545 -0.145 -0.006344295136 1
0 0.545 -0.135 -0.006426270909 1
0 0.545 -0.125 -0.006457752882 2
0 0.545 -0.115 -0.006397340172 2
0 0.545 -0.105 -0.006246278992 2
0 0.545 -0.095 -0.00600680306 2
0 0.545 -0.085 -0.005679961242 2
0 0.545 -0.075 -0.005269226745 2
0 0.545 -0.065 -0.004782789243 2
0 0.545 -0.055 -0.004231104959 2
0 0.545 -0.045 -0.003624852509 2
0 0.545 -0.035 -0.00297429284 2
0 0.545 -0.025 -0.002289068653 2
0 0.545 -0.015 -0.00157861385 2
0 0.545 -0.005 -0.0008520536446 2
0 0.545 0.005 -0.0001188314194 2
0 0.545 0.015 0.0006109154002 2
0 0.545 0.025 0.001326469811 2
0 0.545 0.035 0.002016883237 2
0 0.545 0.045 0.002671401776 2
0 0.545 0.055 0.003279778966 2
0 0.545 0.065 0.003832530971 2
0 0.545 0.075 0.004321115047 2
0 0.545 0.085 0.004738068626 2
0 0.545 0.095 0.005077105822 2
0 0.545 0.105 0.005333211072 2
0 0.545 0.115 0.0055026172 2
0 0.545 0.125 0.005583044569 2
0 0.545 0.135 0.005573030359 2
0 0.545 0.145 0.00547401989 2
0 0.545 0.155 0.005285769123 2
0 0.545 0.165 0.005015285192 2
0 0.545 0.175 0.004681707145 2
0 0.545 0.185 0.004306450717 1
0 0.545 0.195 0.003948599378 1
0 0.545 0.205 0.003562335026 1
0 0.545 0.215 0.003134633865 1
0 0.545 0.225 0.002681070089 1
0 0.545 0.235 0.002210866352 1
0 0.545 0.245 0.0017497699 1
0 0.545 0.255 0.001272846971 1
0 0.545 0.265 0.000705486962 2
0 0.545 0.275 9.424711174e-05 2
0 0.545 0.285 -0.0005172361132 2
0 0.545 0.295 -0.001099373613 2
0 0.545 0.305 -0.001646710566 2
0 0.545 0.315 -0.002151341196 2
0 0.545 0.325 -0.002610962312 2
0 0.545 0.335 -0.00301657941 2
0 0.545 0.345 -0.003361498292 2
0 0.545 0.355 -0.003637605438 2
0 0.545 0.365 -0.003839019152 2
0 0.545 0.375 -0.003961729745 2
0 0.545 0.385 -0.004003966108 2
0 0.545 0.395 -0.003966075345 2
0 0.545 0.405 -0.003850355054 2
0 0.545 0.415 -0.003660972579 2
0 0.545 0.425 -0.003403796763 2
0 0.545 0.435 -0.003086458561 2
0 0.545 0.445 -0.002717729325 2
0 0.545 0.455 -0.002308930195 2
0 0.545 0.465 -0.001869015125 2
0 0.545 0.475 -0.001419037315 2
0 0.545 0.485 -0.0009473799493 2
0 0.545 0.495 -0.0005452568521 2
0 0.545 0.505 0 2
0 0.545 0.515 0 2
0 0.545 0.525 0 2
0 0.545 0.535 0 2
0 0.545 0.545 0 1
0 0.545 0.555 0 1
0 0.545 0.565 0 1
0 0.555 -0.555 0 1
0 0.555 -0.545 0 1
0 0.555 -0.535 0 1
0 0.555 -0.525 0 1
0 0.555 -0.515 0 1
0 0.555 -0.505 0 1
0 0.555 -0.495 0.0004038434119 1
0 0.555 -0.485 0.0007347680438 1
0 0.555 -0.475 0.001211915341 2
0 0.555 -0.465 0.001726891268 2
0 0.555 -0.455 0.002261541767 2
0 0.555 -0.445 0.002743448018 2
0 0.555 -0.435 0.003183672088 2
0 0.555 -0.425 0.003559311908 2
0 0.555 -0.415 0.003857149947 2
0 0.555 -0.405 0.004054242146 1
0 0.555 -0.395 0.004167599829 1
0 0.555 -0.385 0.004221921229 1
0 0.555 -0.375 0.004224289821 1
0 0.555 -0.365 0.004167335688 1
0 0.555 -0.355 0.004032933125 2
0 0.555 -0.345 0.003798231184 2
0 0.555 -0.335 0.003474172104 2
0 0.555 -0.325 0.003073235649 2
0 0.555 -0.315 0.002602342043 2
0 0.555 -0.305 0.002068314924 2
0 0.555 -0.295 0.001480550648 2
0 0.555 -0.285 0.0008480606849 2
0 0.555 -0.275 0.0001808264489 2
0 0.555 -0.265 -0.0005109150068 2
0 0.555 -0.255 -0.001216534925 2
0 0.555 -0.245 -0.001925478244 2
0 0.555 -0.235 -0.002626547965 2
0 0.555 -0.225 -0.003310712379 2
0 0.555 -0.215 -0.003961743928 2
0 0.555 -0.205 -0.004586069811 2
0 0.555 -0.195 -0.005108859934 2
0 0.555 -0.185 -0.005514296774 1
0 0.555 -0.175 -0.005813226899 1
0 0.555 -0.165 -0.006039069731 1
0 0.555 -0.155 -0.006223103201 1
0 0.555 -0.145 -0.006352041307 1
0 0.555 -0.135 -0.006428327904 1
0 0.555 -0.125 -0.006448869185 1
0 0.555 -0.115 -0.006407067728 2
0 0.555 -0.105 -0.006267474101 2
0 0.555 -0.095 -0.006036730342 2
0 0.555 -0.085 -0.005715951927 2
0 0.555 -0.075 -0.005311733856 2
0 0.555 -0.065 -0.004829874626 2
0 0.555 -0.055 -0.004280485599 2
0 0.555 -0.045 -0.003674496698 2
0 0.555 -0.035 -0.00302305406 2
0 0.555 -0.025 -0.002336252451 2
0 0.555 -0.015 -0.001623502577 2
0 0.555 -0.005 -0.0008932850968 2
0 0.555 0.005 -0.0001547735778 2
0 0.555 0.015 0.0005814763216 2
0 0.555 0.025 0.001304233594 2
0 0.555 0.035 0.002001977294 2
0 0.555 0.045 0.002663522018 2
0 0.555 0.055 0.003278313163 2
0 0.555 0.065 0.003836653937 2
0 0.555 0.075 0.004329847546 2
0 0.555 0.085 0.004750303072 2
0 0.555 0.095 0.005091600238 2
0 0.555 0.105 0.005348552821 2
0 0.555 0.115 0.005517128295 2
0 0.555 0.125 0.005594643719 2
0 0.555 0.135 0.005578553771 2
0 0.555 0.145 0.005469742392 2
0 0.555 0.155 0.005258485583 2
0 0.555 0.165 0.004974959393 2
0 0.555 0.175 0.004646382011 1
0 0.555 0.185 0.004323415481 1
0 0.555 0.195 0.003982149148 1
0 0.555 0.205 0.003603555627 1
0 0.555 0.215 0.003190797296 1
0 0.555 0.225 0.002752561983 1
0 0.555 0.235 0.002296117516 1
0 0.555 0.245 0.001831062789 1
0 0.555 0.255 0.001358075459 1
0 0.555 0.265 0.0008608443543 1
0 0.555 0.275 0.0002642751576 2
0 0.555 0.285 -0.0003795593857 2
0 0.555 0.295 -0.001012226572 2
0 0.555 0.305 -0.001608609468 2
0 0.555 0.315 -0.002149830146 2
0 0.555 0.325 -0.002633500771 2
0 0.555 0.335 -0.00305311296 2
0 0.555 0.345 -0.003405014949 2
0 0.555 0.355 -0.003683791057 2
0 0.555 0.365 -0.003885329137 2
0 0.555 0.375 -0.004006630721 2
0 0.555 0.385 -0.004046502199 2
0 0.555 0.395 -0.004005567878 2
0 0.555 0.405 -0.00388629135 2
0 0.555 0.415 -0.003692953168 2
0 0.555 0.425 -0.003431535019 2
0 0.555 0.435 -0.003109805905 2
0 0.555 0.445 -0.002736708233 2
0 0.555 0.455 -0.002323765142 2
0 0.555 0.465 -0.001880156335 2
0 0.555 0.475 -0.001427037726 2
0 0.555 0.485 -0.0009526908866 2
0 0.555 0.495 -0.0005484614054 2
0 0.555 0.505 0 2
0 0.555 0.515 0 2
0 0.555 0.525 0 2
0 0.555 0.535 0 1
0 0.555 0.545 0 1
0 0.555 0.555 0 1
0 0.555 0.565 0 1
0 0.565 -0.555 0 1
0 0.565 -0.545 0 1
0 0.565 -0.535 0 1
0 0.565 -0.525 0 1
0 0.565 -0.515 0 1
0 0.565 -0.505 0 1
0 0.565 -0.495 0.0004096994867 1
0 0.565 -0.485 0.0007957823379 2
0 0.565 -0.475 0.001292178497 2
0 0.565 -0.465 0.001795822812 2
0 0.565 -0.455 0.002297830114 2
0 0.565 -0.445 0.002763741442 2
0 0.565 -0.435 0.003187732765 2
0 0.565 -0.425 0.00355538541 2
0 0.565 -0.415 0.003858328825 2
0 0.565 -0.405 0.004079703501 2
0 0.565 -0.395 0.004204301607 1
0 0.565 -0.385 0.004256812736 1
0 0.565 -0.375 0.004252924531 1
0 0.565 -0.365 0.004184992051 1
0 0.565 -0.355 0.004037866056 2
0 0.565 -0.345 0.003792772553 2
0 0.565 -0.335 0.003463107585 2
0 0.565 -0.325 0.003065205008 2
0 0.565 -0.315 0.002596293587 2
0 0.565 -0.305 0.002064557523 2
0 0.565 -0.295 0.001478397986 2
0 0.565 -0.285 0.0008470676271 2
0 0.565 -0.275 0.0001805117104 2
0 0.565 -0.265 -0.0005109884149 2
0 0.565 -0.255 -0.001216806562 2
0 0.565 -0.245 -0.001926414835 2
0 0.565 -0.235 -0.002628567169 2
0 0.565 -0.225 -0.003314241897 2
0 0.565 -0.215 -0.003965824863 2
0 0.565 -0.205 -0.004588518612 2
0 0.565 -0.195 -0.005102206742 2
0 0.565 -0.185 -0.005501076487 1
0 0.565 -0.175 -0.005795084871 1
0 0.565 -0.165 -0.006013405079 1
0 0.565 -0.155 -0.006191669537 1
0 0.565 -0.145 -0.006314884295 1
0 0.565 -0.135 -0.006384648528 1
0 0.565 -0.125 -0.00640061589 1
0 0.565 -0.115 -0.006356669738 1
0 0.565 -0.105 -0.00624033853 2
0 0.565 -0.095 -0.006022057595 2
0 0.565 -0.085 -0.005710558491 2
0 0.565 -0.075 -0.005322805626 2
0 0.565 -0.065 -0.004853822658 2
0 0.565 -0.055 -0.004315927895 2
0 0.565 -0.045 -0.003719230166 2
0 0.565 -0.035 -0.003069759111 2
0 0.565 -0.025 -0.002384168444 2
0 0.565 -0.015 -0.001672214392 2
0 0.565 -0.005 -0.000941293184 2
0 0.565 0.005 -0.0001999898949 2
0 0.565 0.015 0.0005402149856 2
0 0.565 0.025 0.001267386507 2
0 0.565 0.035 0.001969398889 2
0 0.565 0.045 0.002634735534 2
0 0.565 0.055 0.003252701637 2
0 0.565 0.065 0.003813547162 2
0 0.565 0.075 0.004308568394 2
0 0.565 0.085 0.004730179105 2
0 0.565 0.095 0.005071955477 2
0 0.565 0.105 0.005328714741 2
0 0.565 0.115 0.005496410936 2
0 0.565 0.125 0.00557235528 2
0 0.565 0.135 0.005554134869 2
0 0.565 0.145 0.005443524887 2
0 0.565 0.155 0.005231157122 2
0 0.565 0.165 0.004956992718 2
0 0.565 0.175 0.004643713953 1
0 0.565 0.185 0.004336828687 1
0 0.565 0.195 0.004008434239 1
0 0.565 0.205 0.003633336042 1
0 0.565 0.215 0.003226913807 1
0 0.565 0.225 0.002794089885 1
0 0.565 0.235 0.00234068044 1
0 0.565 0.245 0.001869657817 1
0 0.565 0.255 0.001383549076 1
0 0.565 0.265 0.0008960615175 1
0 0.565 0.275 0.0003740803121 1
0 0.565 0.285 -0.0002389055188 2
0 0.565 0.295 -0.0008955842704 2
0 0.565 0.305 -0.001545722642 2
0 0.565 0.315 -0.002117887807 2
0 0.565 0.325 -0.002625025606 2
0 0.565 0.335 -0.003058995469 2
0 0.565 0.345 -0.003418694264 2
0 0.565 0.355 -0.003700739892 2
0 0.565 0.365 -0.003902712431 2
0 0.565 0.375 -0.004022812791 2
0 0.565 0.385 -0.004060586974 2
0 0.565 0.395 -0.004017087474 2
0 0.565 0.405 -0.003895027689 2
0 0.565 0.415 -0.003698837971 2
0 0.565 0.425 -0.003434613869 2
0 0.565 0.435 -0.003110244314 2
0 0.565 0.445 -0.002734822543 2
0 0.565 0.455 -0.002320079966 2
0 0.565 0.465 -0.001875462977 2
0 0.565 0.475 -0.001422237347 2
0 0.565 0.485 -0.0009492298941 2
0 0.565 0.495 -0.0005466920706 2
0 0.565 0.505 0 2
0 0.565 0.515 0 2
0 0.565 0.525 0 2
0 0.565 0.535 0 1
0 0.565 0.545 0 1
0 0.565 0.555 0 1
0 0.565 0.565 0 1
0 0.575 -0.555 0 1
0 0.575 -0.545 0 1
0 0.575 -0.535 0 1
0 0.575 -0.525 0 1
0 0.575 -0.515 0 1
0 0.575 -0.505 0 1
0 0.575 -0.495 0.0004571979026 2
0 0.575 -0.485 0.0008660646613 2
0 0.575 -0.475 0.001362350931 2
0 0.575 -0.465 0.001845818865 2
0 0.575 -0.455 0.002323057933 2
0 0.575 -0.445 0.002772166729 2
0 0.575 -0.435 0.003181962618 2
0 0.575 -0.425 0.003540173975 2
0 0.575 -0.415 0.003838259118 2
0 0.575 -0.405 0.004063928374 2
0 0.575 -0.395 0.004212042455 2
0 0.575 -0.385 0.004277976941 2
0 0.575 -0.375 0.004264961385 2
0 0.575 -0.365 0.004171345871 2
0 0.575 -0.355 0.003999559738 2
0 0.575 -0.345 0.003755662035 2
0 0.575 -0.335 0.003432902959 2
0 0.575 -0.325 0.003037710077 2
0 0.575 -0.315 0.002573428201 2
0 0.575 -0.305 0.00204707126 2
0 0.575 -0.295 0.0014666006 2
0 0.575 -0.285 0.0008412142888 2
0 0.575 -0.275 0.0001807600163 2
0 0.575 -0.265 -0.0005044767188 2
0 0.575 -0.255 -0.001203853041 2
0 0.575 -0.245 -0.001906764533 2
0 0.575 -0.235 -0.002601917223 2
0 0.575 -0.225 -0.00327997859 2
0 0.575 -0.215 -0.003924138616 2
0 0.575 -0.205 -0.004539227672 2
0 0.575 -0.195 -0.00504988241 2
0 0.575 -0.185 -0.005442433608 1
0 0.575 -0.175 -0.005730608697 1
0 0.575 -0.165 -0.005946522074 1
0 0.575 -0.155 -0.0061189968 1
0 0.575 -0.145 -0.006234909282 1
0 0.575 -0.135 -0.006295961355 1
0 0.575 -0.125 -0.006303841479 1
0 0.575 -0.115 -0.006254535863 1
0 0.575 -0.105 -0.006139966774 2
0 0.575 -0.095 -0.005935231863 2
0 0.575 -0.085 -0.00564797491 2
0 0.575 -0.075 -0.005298031224 2
0 0.575 -0.065 -0.004868113109 2
0 0.575 -0.055 -0.004358761286 2
0 0.575 -0.045 -0.003770176561 2
0 0.575 -0.035 -0.00311896572 2
0 0.575 -0.025 -0.002439591565 2
0 0.575 -0.015 -0.001728669859 2
0 0.575 -0.005 -0.0009978035371 2
0 0.575 0.005 -0.0002543572255 2
0 0.575 0.015 0.0004883876137 2
0 0.575 0.025 0.001217613794 2
0 0.575 0.035 0.001920925037 2
0 0.575 0.045 0.002586742115 2
0 0.575 0.055 0.003204521524 2
0 0.575 0.065 0.003764681315 2
0 0.575 0.075 0.004258688787 2
0 0.575 0.085 0.0046791065 2
0 0.575 0.095 0.005019635228 2
0 0.575 0.105 0.005275260819 2
0 0.575 0.115 0.005442081554 2
0 0.575 0.125 0.005517693328 2
0 0.575 0.135 0.005500925686 2
0 0.575 0.145 0.005393461526 2
0 0.575 0.155 0.005193991679 2
0 0.575 0.165 0.004938266115 2
0 0.575 0.175 0.004642253046 1
0 0.575 0.185 0.004347707034 1
0 0.575 0.195 0.004023059291 1
0 0.575 0.205 0.00364989948 1
0 0.575 0.215 0.003244488699 1
0 0.575 0.225 0.002812844026 1
0 0.575 0.235 0.002360578346 1
0 0.575 0.245 0.001891410928 1
0 0.575 0.255 0.001405349058 1
0 0.575 0.265 0.0009292406866 1
0 0.575 0.275 0.0004173128801 1
0 0.575 0.285 -0.0001774848896 2
0 0.575 0.295 -0.0008259849894 2
0 0.575 0.305 -0.001495670706 2
0 0.575 0.315 -0.002082714421 2
0 0.575 0.325 -0.002602540124 2
0 0.575 0.335 -0.003044327542 2
0 0.575 0.345 -0.00340798763 2
0 0.575 0.355 -0.003691098528 2
0 0.575 0.365 -0.003892291011 2
0 0.575 0.375 -0.004010609277 2
0 0.575 0.385 -0.004046192388 2
0 0.575 0.395 -0.00400047008 2
0 0.575 0.405 -0.003876373099 2
0 0.575 0.415 -0.003678444681 2
0 0.575 0.425 -0.003412844214 2
0 0.575 0.435 -0.00308751527 2
0 0.575 0.445 -0.002711648237 2
0 0.575 0.455 -0.002297180084 2
0 0.575 0.465 -0.001853753965 2
0 0.575 0.475 -0.001402960723 2
0 0.575 0.485 -0.0009353321687 2
0 0.575 0.495 -0.0005362658095 2
0 0.575 0.505 0 2
0 0.575 0.515 0 2
0 0.575 0.525 0 2
0 0.575 0.535 0 1
0 0.575 0.545 0 1
0 0.575 0.555 0 1
0 0.575 0.565 0 1
0 0.585 -0.555 0 1
0 0.585 -0.545 0 1
0 0.585 -0.535 0 1
0 0.585 -0.525 0 1
0 0.585 -0.515 0 1
0 0.585 -0.505 0 2
0 0.585 -0.495 0.000508091485 2
0 0.585 -0.485 0.0009182077256 2
0 0.585 -0.475 0.001400894263 2
0 0.585 -0.465 0.001867995249 2
0 0.585 -0.455 0.002328284617 2
0 0.585 -0.445 0.002762428997 2
0 0.585 -0.435 0.003159713337 2
0 0.585 -0.425 0.00350794507 2
0 0.585 -0.415 0.003799105397 2
0 0.585 -0.405 0.00402323645 2
0 0.585 -0.395 0.004173402914 2
0 0.585 -0.385 0.004241822549 2
0 0.585 -0.375 0.004224765997 2
0 0.585 -0.365 0.004124828056 2
0 0.585 -0.355 0.003948561395 2
0 0.585 -0.345 0.003702268509 2
0 0.585 -0.335 0.003383558113 2
0 0.585 -0.325 0.002992936555 2
0 0.585 -0.315 0.002535308905 2
0 0.585 -0.305 0.002017107174 2
0 0.585 -0.295 0.00144605313 2
0 0.585 -0.285 0.0008310738276 2
0 0.585 -0.275 0.0001818473106 2
0 0.585 -0.265 -0.0004913998385 2
0 0.585 -0.255 -0.001178021457 2
0 0.585 -0.245 -0.00186728514 2
0 0.585 -0.235 -0.002547870571 2
0 0.585 -0.225 -0.003209846486 2
0 0.585 -0.215 -0.003838609929 2
0 0.585 -0.205 -0.004435341673 2
0 0.585 -0.195 -0.00494752827 2
0 0.585 -0.185 -0.005342549812 1
0 0.585 -0.175 -0.005631209064 1
0 0.585 -0.165 -0.005846292822 1
0 0.585 -0.155 -0.006008187226 1
0 0.585 -0.145 -0.006114507148 1
0 0.585 -0.135 -0.006163996386 1
0 0.585 -0.125 -0.006156058445 1
0 0.585 -0.115 -0.006086183605 1
0 0.585 -0.105 -0.005953766435 1
0 0.585 -0.095 -0.005761469781 1
0 0.585 -0.085 -0.005506157984 1
0 0.585 -0.075 -0.005208868654 1
0 0.585 -0.065 -0.004853001248 1
0 0.585 -0.055 -0.004400212817 2
0 0.585 -0.045 -0.003834033279 2
0 0.585 -0.035 -0.00318742798 2
0 0.585 -0.025 -0.002510426932 2
0 0.585 -0.015 -0.001795157201 2
0 0.585 -0.005 -0.00106142455 2
0 0.585 0.005 -0.0003150268691 2
0 0.585 0.015 0.0004294214058 2
0 0.585 0.025 0.001158143096 2
0 0.585 0.035 0.001859378284 2
0 0.585 0.045 0.002521942393 2
0 0.585 0.055 0.003135822441 2
0 0.585 0.065 0.003691850207 2
0 0.585 0.075 0.004181837605 2
0 0.585 0.085 0.004598617587 2
0 0.585 0.095 0.004936103478 2
0 0.585 0.105 0.005189524519 2
0 0.585 0.115 0.00535511986 2
0 0.585 0.125 0.005431281943 2
0 0.585 0.135 0.005416229116 2
0 0.585 0.145 0.005310004655 2
0 0.585 0.155 0.005126398028 2
0 0.585 0.165 0.004893994292 1
0 0.585 0.175 0.004650009613 1
0 0.585 0.185 0.004362635031 1
0 0.585 0.195 0.00403123179 1
0 0.585 0.205 0.003657695471 1
0 0.585 0.215 0.003251301683 1
0 0.585 0.225 0.002819761723 1
0 0.585 0.235 0.002368708706 1
0 0.585 0.245 0.001901199446 1
0 0.585 0.255 0.001416125431 1
0 0.585 0.265 0.0009404674205 1
0 0.585 0.275 0.0004289503686 1
0 0.585 0.285 -0.0001645190402 2
0 0.585 0.295 -0.0008095877733 2
0 0.585 0.305 -0.00147510017 2
0 0.585 0.315 -0.002059283921 2
0 0.585 0.325 -0.002576875793 2
0 0.585 0.335 -0.003016464979 2
0 0.585 0.345 -0.003377519133 2
0 0.585 0.355 -0.003657594381 2
0 0.585 0.365 -0.003855564073 2
0 0.585 0.375 -0.003970800966 2
0 0.585 0.385 -0.004003727493 2
0 0.585 0.395 -0.003955966461 2
0 0.585 0.405 -0.003830542909 2
0 0.585 0.415 -0.003632009464 2
0 0.585 0.425 -0.003366484964 2
0 0.585 0.435 -0.003041836983 2
0 0.585 0.445 -0.00266724237 2
0 0.585 0.455 -0.002254680452 2
0 0.585 0.465 -0.001813897883 2
0 0.585 0.475 -0.00136717769 2
0 0.585 0.485 -0.0009044400626 2
0 0.585 0.495 -0.0005118344811 2
0 0.585 0.505 0 2
0 0.585 0.515 0 2
0 0.585 0.525 0 2
0 0.585 0.535 0 1
0 0.585 0.545 0 1
0 0.585 0.555 0 1
0 0.585 0.565 0 1
0 0.595 -0.555 0 1
0 0.595 -0.545 0 1
0 0.595 -0.535 0 1
0 0.595 -0.525 0 2
0 0.595 -0.515 0 2
0 0.595 -0.505 0 2
0 0.595 -0.495 0.0005306849781 2
0 0.595 -0.485 0.0009342301846 2
0 0.595 -0.475 0.001406933709 2
0 0.595 -0.465 0.001861124923 2
0 0.595 -0.455 0.002308740564 2
0 0.595 -0.445 0.002729596932 2
0 0.595 -0.435 0.003114694203 2
0 0.595 -0.425 0.003452718319 2
0 0.595 -0.415 0.003734835101 2
0 0.595 -0.405 0.003952765451 2
0 0.595 -0.395 0.004098676127 2
0 0.595 -0.385 0.004165806473 2
0 0.595 -0.375 0.004150247555 2
0 0.595 -0.365 0.004053076304 2
0 0.595 -0.355 0.003878915266 2
0 0.595 -0.345 0.003632247392 2
0 0.595 -0.335 0.003315598245 2
0 0.595 -0.325 0.002930940873 2
0 0.595 -0.315 0.00248209863 2
0 0.595 -0.305 0.001974957965 2
0 0.595 -0.295 0.001416922346 2
0 0.595 -0.285 0.0008165638392 2
0 0.595 -0.275 0.0001833296399 2
0 0.595 -0.265 -0.0004726858158 2
0 0.595 -0.255 -0.001140886698 2
0 0.595 -0.245 -0.001810432524 2
0 0.595 -0.235 -0.002469971171 2
0 0.595 -0.225 -0.003108641951 2
0 0.595 -0.215 -0.003713626674 2
0 0.595 -0.205 -0.004274874821 2
0 0.595 -0.195 -0.004781315272 2
0 0.595 -0.185 -0.005201909337 2
0 0.595 -0.175 -0.005511101108 1
0 0.595 -0.165 -0.005718120091 1
0 0.595 -0.155 -0.005863443938 1
0 0.595 -0.145 -0.005959710666 1
0 0.595 -0.135 -0.005998642778 1
0 0.595 -0.125 -0.00597943539 1
0 0.595 -0.115 -0.005900599588 1
0 0.595 -0.105 -0.00576474239 1
0 0.595 -0.095 -0.005575724046 1
0 0.595 -0.085 -0.005332600418 1
0 0.595 -0.075 -0.005041739372 1
0 0.595 -0.065 -0.004694214094 1
0 0.595 -0.055 -0.004304367593 1
0 0.595 -0.045 -0.003855892049 1
0 0.595 -0.035 -0.003271522212 2
0 0.595 -0.025 -0.002597815006 2
0 0.595 -0.015 -0.001871612102 2
0 0.595 -0.005 -0.001124132851 2
0 0.595 0.005 -0.0003744872946 2
0 0.595 0.015 0.0003695631156 2
0 0.595 0.025 0.001093843214 2
0 0.595 0.035 0.001788499127 2
0 0.595 0.045 0.002443247023 2
0 0.595 0.055 0.003048935055 2
0 0.595 0.065 0.00359700124 2
0 0.595 0.075 0.004079727127 2
0 0.595 0.085 0.004490291675 2
0 0.595 0.095 0.004822858802 2
0 0.595 0.105 0.005072873187 2
0 0.595 0.115 0.00523664938 2
0 0.595 0.125 0.00531334267 2
0 0.595 0.135 0.005298760059 2
0 0.595 0.145 0.00520047418 2
0 0.595 0.155 0.005038756083 1
0 0.595 0.165 0.004859018427 1
0 0.595 0.175 0.004631321608 1
0 0.595 0.185 0.004352357765 1
0 0.595 0.195 0.004026538109 1
0 0.595 0.205 0.003658612538 1
0 0.595 0.215 0.003252761525 1
0 0.595 0.225 0.002821811153 1
0 0.595 0.235 0.002371943454 1
0 0.595 0.245 0.001900552227 1
0 0.595 0.255 0.001416182739 1
0 0.595 0.265 0.0009284553507 1
0 0.595 0.275 0.0004045106198 1
0 0.595 0.285 -0.000202686643 2
0 0.595 0.295 -0.0008480166344 2
0 0.595 0.305 -0.001486363614 2
0 0.595 0.315 -0.002050601066 2
0 0.595 0.325 -0.002551358103 2
0 0.595 0.335 -0.002978418781 2
0 0.595 0.345 -0.003329630881 2
0 0.595 0.355 -0.003601890519 2
0 0.595 0.365 -0.003793652524 2
0 0.595 0.375 -0.003904150061 2
0 0.595 0.385 -0.003933763031 2
0 0.595 0.395 -0.003884087029 2
0 0.595 0.405 -0.003758082235 2
0 0.595 0.415 -0.003560174167 2
0 0.595 0.425 -0.003296304045 2
0 0.595 0.435 -0.00297408625 2
0 0.595 0.445 -0.002602530864 2
0 0.595 0.455 -0.002193307979 2
0 0.595 0.465 -0.001756476555 2
0 0.595 0.475 -0.001315348412 2
0 0.595 0.485 -0.0008551262298 2
0 0.595 0.495 -0.0004710715187 2
0 0.595 0.505 0 2
0 0.595 0.515 0 1
0 0.595 0.525 0 1
0 0.595 0.535 0 1
0 0.595 0.545 0 1
0 0.595 0.555 0 1
0 0.595 0.565 0 1
0 0.605 -0.555 0 1
0 0.605 -0.545 0 1
0 0.605 -0.535 0 2
0 0.605 -0.525 0 2
0 0.605 -0.515 0 2
0 0.605 -0.505 0 2
0 0.605 -0.495 0.0005301618051 2
0 0.605 -0.485 0.0009249124157 2
0 0.605 -0.475 0.001387036589 2
0 0.605 -0.465 0.001829583121 2
0 0.605 -0.455 0.002264358353 2
0 0.605 -0.445 0.002671947627 2
0 0.605 -0.435 0.003044279837 2
0 0.605 -0.425 0.003370720758 2
0 0.605 -0.415 0.003642690525 2
0 0.605 -0.405 0.003852098291 2
0 0.605 -0.395 0.003991707761 2
0 0.605 -0.385 0.004055626325 2
0 0.605 -0.375 0.004040511965 2
0 0.605 -0.365 0.003946671568 2
0 0.605 -0.355 0.003777218626 2
0 0.605 -0.345 0.003535908383 2
0 0.605 -0.335 0.003225865861 2
0 0.605 -0.325 0.002850160583 2
0 0.605 -0.315 0.00241302978 2
0 0.605 -0.305 0.001920195932 2
0 0.605 -0.295 0.001378785431 2
0 0.605 -0.285 0.0007970583963 2
0 0.605 -0.275 0.0001841894834 2
0 0.605 -0.265 -0.0004499435297 2
0 0.605 -0.255 -0.001094910729 2
0 0.605 -0.245 -0.001739937842 2
0 0.605 -0.235 -0.002373883914 2
0 0.605 -0.225 -0.002985683865 2
0 0.605 -0.215 -0.003564483285 2
0 0.605 -0.205 -0.00409867365 2
0 0.605 -0.195 -0.00459300512 2
0 0.605 -0.185 -0.005016955926 2
0 0.605 -0.175 -0.005334642228 1
0 0.605 -0.165 -0.005544949551 1
0 0.605 -0.155 -0.005684293443 1
0 0.605 -0.145 -0.005772539618 1
0 0.605 -0.135 -0.005804251719 1
0 0.605 -0.125 -0.005778358477 1
0 0.605 -0.115 -0.005696179867 1
0 0.605 -0.105 -0.005559980034 1
0 0.605 -0.095 -0.005372592705 1
0 0.605 -0.085 -0.005135385616 1
0 0.605 -0.075 -0.0048496854 1
0 0.605 -0.065 -0.004515657457 1
0 0.605 -0.055 -0.004142543326 1
0 0.605 -0.045 -0.003735912937 1
0 0.605 -0.035 -0.003253462429 1
0 0.605 -0.025 -0.002644961934 2
0 0.605 -0.015 -0.001933083394 2
0 0.605 -0.005 -0.00116698703 2
0 0.605 0.005 -0.0004199915695 2
0 0.605 0.015 0.0003173203688 2
0 0.605 0.025 0.001030533918 2
0 0.605 0.035 0.00171236587 2
0 0.605 0.045 0.002353636057 2
0 0.605 0.055 0.002946144597 2
0 0.605 0.065 0.003481990002 2
0 0.605 0.075 0.00395396556 2
0 0.605 0.085 0.004355619249 2
0 0.605 0.095 0.004681370533 2
0 0.605 0.105 0.004926800944 2
0 0.605 0.115 0.005088342551 2
0 0.605 0.125 0.005164448688 2
0 0.605 0.135 0.005153173819 2
0 0.605 0.145 0.005065818299 1
0 0.605 0.155 0.004948215832 1
0 0.605 0.165 0.004787611775 1
0 0.605 0.175 0.0045735249 1
0 0.605 0.185 0.004311910046 1
0 0.605 0.195 0.00400519924 1
0 0.605 0.205 0.003659732391 1
0 0.605 0.215 0.003267492068 1
0 0.605 0.225 0.002839364316 1
0 0.605 0.235 0.002380749864 1
0 0.605 0.245 0.001886909407 1
0 0.605 0.255 0.001396157999 1
0 0.605 0.265 0.0008888959105 1
0 0.605 0.275 0.0002953341843 2
0 0.605 0.285 -0.0003285656118 2
0 0.605 0.295 -0.0009429009126 2
0 0.605 0.305 -0.001521938097 2
0 0.605 0.315 -0.002050401201 2
0 0.605 0.325 -0.002522668068 2
0 0.605 0.335 -0.002928791886 2
0 0.605 0.345 -0.003264013455 2
0 0.605 0.355 -0.003524177671 2
0 0.605 0.365 -0.003706947054 2
0 0.605 0.375 -0.003811129477 2
0 0.605 0.385 -0.003836835492 2
0 0.605 0.395 -0.003785460814 2
0 0.605 0.405 -0.003659762338 2
0 0.605 0.415 -0.003463911046 2
0 0.605 0.425 -0.003203532723 2
0 0.605 0.435 -0.002885793027 2
0 0.605 0.445 -0.002519318644 2
0 0.605 0.455 -0.002114870132 2
0 0.605 0.465 -0.00168303952 2
0 0.605 0.475 -0.001244563749 2
0 0.605 0.485 -0.000786395222 2
0 0.605 0.495 -0.0004157735974 2
0 0.605 0.505 0 1
0 0.605 0.515 0 1
0 0.605 0.525 0 1
0 0.605 0.535 0 1
0 0.605 0.545 0 1
0 0.605 0.555 0 1
0 0.605 0.565 0 1
0 0.615 -0.555 0 1
0 0.615 -0.545 0 1
0 0.615 -0.535 0 1
0 0.615 -0.525 0 2
0 0.615 -0.515 0 2
0 0.615 -0.505 0 2
0 0.615 -0.495 0.0005169522149 2
0 0.615 -0.485 0.0008996835367 2
0 0.615 -0.475 0.001348334278 2
0 0.615 -0.465 0.001776789126 2
0 0.615 -0.455 0.002196858481 2
0 0.615 -0.445 0.002589748828 2
0 0.615 -0.435 0.002947895434 2
0 0.615 -0.425 0.003261186951 2
0 0.615 -0.415 0.003521474541 2
0 0.615 -0.405 0.003721130414 2
0 0.615 -0.395 0.003853664761 2
0 0.615 -0.385 0.003914077636 2
0 0.615 -0.375 0.003899553675 2
0 0.615 -0.365 0.003809844899 2
0 0.615 -0.355 0.00364682738 2
0 0.615 -0.345 0.003413477827 2
0 0.615 -0.335 0.003113137051 2
0 0.615 -0.325 0.002749548018 2
0 0.615 -0.315 0.002327310183 2
0 0.615 -0.305 0.001852135579 2
0 0.615 -0.295 0.001330921437 2
0 0.615 -0.285 0.0007716295123 2
0 0.615 -0.275 0.0001831150343 2
0 0.615 -0.265 -0.0004250545107 2
0 0.615 -0.255 -0.0010427539 2
0 0.615 -0.245 -0.001659481496 2
0 0.615 -0.235 -0.002264501322 2
0 0.615 -0.225 -0.002847056155 2
0 0.615 -0.215 -0.003397251311 2
0 0.615 -0.205 -0.003905469953 2
0 0.615 -0.195 -0.004367136603 2
0 0.615 -0.185 -0.004773469783 2
0 0.615 -0.175 -0.005111537388 2
0 0.615 -0.165 -0.005344214582 1
0 0.615 -0.155 -0.005480806196 1
0 0.615 -0.145 -0.00555813612 1
0 0.615 -0.135 -0.005583306466 1
0 0.615 -0.125 -0.005554136776 1
0 0.615 -0.115 -0.005470548462 1
0 0.615 -0.105 -0.005335352951 1
0 0.615 -0.095 -0.005150904922 1
0 0.615 -0.085 -0.004919495251 1
0 0.615 -0.075 -0.004643027595 1
0 0.615 -0.065 -0.004326027917 1
0 0.615 -0.055 -0.003968807316 1
0 0.615 -0.045 -0.003590751651 1
0 0.615 -0.035 -0.003145730957 1
0 0.615 -0.025 -0.002584105419 2
0 0.615 -0.015 -0.001914158307 2
0 0.615 -0.005 -0.001164108227 2
0 0.615 0.005 -0.000436709395 2
0 0.615 0.015 0.000281037594 2
0 0.615 0.025 0.0009734121809 2
0 0.615 0.035 0.001634407529 2
0 0.615 0.045 0.002255537927 2
0 0.615 0.055 0.00282928997 2
0 0.615 0.065 0.00334830543 2
0 0.615 0.075 0.003805848782 2
0 0.615 0.085 0.004195832776 2
0 0.615 0.095 0.004513007072 2
0 0.615 0.105 0.004753064786 2
0 0.615 0.115 0.004912841299 2
0 0.615 0.125 0.004990667817 2
0 0.615 0.135 0.004989613308 2
0 0.615 0.145 0.004920946352 1
0 0.615 0.155 0.004818518193 1
0 0.615 0.165 0.004674387221 1
0 0.615 0.175 0.004478870286 1
0 0.615 0.185 0.004240062514 1
0 0.615 0.195 0.003960237755 1
0 0.615 0.205 0.003658641684 1
0 0.615 0.215 0.003311401869 1
0 0.615 0.225 0.002887135965 2
0 0.615 0.235 0.002391327922 2
0 0.615 0.245 0.001841211327 2
0 0.615 0.255 0.001288940455 2
0 0.615 0.265 0.0007082095518 2
0 0.615 0.275 0.0001169234931 2
0 0.615 0.285 -0.0004630284503 2
0 0.615 0.295 -0.001024859318 2
0 0.615 0.305 -0.001552712324 2
0 0.615 0.315 -0.002042256707 2
0 0.615 0.325 -0.002482115285 2
0 0.615 0.335 -0.002862954311 2
0 0.615 0.345 -0.003178364964 2
0 0.615 0.355 -0.003423450008 2
0 0.615 0.365 -0.003595170256 2
0 0.615 0.375 -0.00369188606 2
0 0.615 0.385 -0.003713370075 2
0 0.615 0.395 -0.003660739909 2
0 0.615 0.405 -0.003536471797 2
0 0.615 0.415 -0.00334440358 2
0 0.615 0.425 -0.003089754988 2
0 0.615 0.435 -0.002779114721 2
0 0.615 0.445 -0.002420574086 2
0 0.615 0.455 -0.002023604075 2
0 0.615 0.465 -0.001599881451 2
0 0.615 0.475 -0.001163819823 2
0 0.615 0.485 -0.0007262244645 2
0 0.615 0.495 -0.0003841015831 2
0 0.615 0.505 0 1
0 0.615 0.515 0 1
0 0.615 0.525 0 1
0 0.615 0.535 0 1
0 0.615 0.545 0 1
0 0.615 0.555 0 1
0 0.615 0.565 0 1
0 0.625 -0.555 0 1
0 0.625 -0.545 0 1
0 0.625 -0.535 0 1
0 0.625 -0.525 0 2
0 0.625 -0.515 0 2
0 0.625 -0.505 0 2
0 0.625 -0.495 0.0004968971073 2
0 0.625 -0.485 0.0008642313955 2
0 0.625 -0.475 0.001294938612 2
0 0.625 -0.465 0.001705953519 2
0 0.625 -0.455 0.002108501099 2
0 0.625 -0.445 0.002484370674 2
0 0.625 -0.435 0.002826338379 2
0 0.625 -0.425 0.003124800083 2
0 0.625 -0.415 0.003372101769 2
0 0.625 -0.405 0.00356119931 2
0 0.625 -0.395 0.003686293443 2
0 0.625 -0.385 0.003743022583 2
0 0.625 -0.375 0.003728876319 2
0 0.625 -0.365 0.003643351517 2
0 0.625 -0.355 0.003487699247 2
0 0.625 -0.345 0.003264380571 2
0 0.625 -0.335 0.002976627375 2
0 0.625 -0.325 0.002628348469 2
0 0.625 -0.315 0.002224279886 2
0 0.625 -0.305 0.00177011928 2
0 0.625 -0.295 0.001272574309 2
0 0.625 -0.285 0.0007392996384 2
0 0.625 -0.275 0.000178777171 2
0 0.625 -0.265 -0.0003998347201 2
0 0.625 -0.255 -0.0009868569971 2
0 0.625 -0.245 -0.001572262929 2
0 0.625 -0.235 -0.002145894437 2
0 0.625 -0.225 -0.002697653756 2
0 0.625 -0.215 -0.003218163035 2
0 0.625 -0.205 -0.003698696957 2
0 0.625 -0.195 -0.004131442594 2
0 0.625 -0.185 -0.004513128514 2
0 0.625 -0.175 -0.004841338114 2
0 0.625 -0.165 -0.005096623939 2
0 0.625 -0.155 -0.005247576993 1
0 0.625 -0.145 -0.005319017245 1
0 0.625 -0.135 -0.005335754017 1
0 0.625 -0.125 -0.005303406472 1
0 0.625 -0.115 -0.005220175388 1
0 0.625 -0.105 -0.00508724305 1
0 0.625 -0.095 -0.004907374929 1
0 0.625 -0.085 -0.004684462484 1
0 0.625 -0.075 -0.004418661652 1
0 0.625 -0.065 -0.004115341265 1
0 0.625 -0.055 -0.003773505459 1
0 0.625 -0.045 -0.003413679185 1
0 0.625 -0.035 -0.002990715816 1
0 0.625 -0.025 -0.002457944704 2
0 0.625 -0.015 -0.001823655909 2
0 0.625 -0.005 -0.001112203638 2
0 0.625 0.005 -0.0004202316601 2
0 0.625 0.015 0.0002639199799 2
0 0.625 0.025 0.0009247391144 2
0 0.625 0.035 0.001556251274 2
0 0.625 0.045 0.002150210896 2
0 0.625 0.055 0.002699408928 2
0 0.625 0.065 0.003196838435 2
0 0.625 0.075 0.003636150357 2
0 0.625 0.085 0.004011605395 2
0 0.625 0.095 0.004318402563 2
0 0.625 0.105 0.004552211899 2
0 0.625 0.115 0.004710154145 2
0 0.625 0.125 0.004790941082 2
0 0.625 0.135 0.004800481526 2
0 0.625 0.145 0.004745157931 1
0 0.625 0.155 0.004654282976 1
0 0.625 0.165 0.00452435934 1
0 0.625 0.175 0.004346855463 1
0 0.625 0.185 0.004128384723 1
0 0.625 0.195 0.003869889343 1
0 0.625 0.205 0.003591246335 1
0 0.625 0.215 0.003262668774 1
0 0.625 0.225 0.002845580845 2
0 0.625 0.235 0.002338473853 2
0 0.625 0.245 0.001760962467 2
0 0.625 0.255 0.001180390308 2
0 0.625 0.265 0.0005869018693 2
0 0.625 0.275 8.464780981e-06 2
0 0.625 0.285 -0.0005423418465 2
0 0.625 0.295 -0.001066795098 2
0 0.625 0.305 -0.001558563062 2
0 0.625 0.315 -0.002013052385 2
0 0.625 0.325 -0.00242142777 2
0 0.625 0.335 -0.002775876324 2
0 0.625 0.345 -0.003069815771 2
0 0.625 0.355 -0.003298223112 2
0 0.625 0.365 -0.003457719566 2
0 0.625 0.375 -0.003546380774 2
0 0.625 0.385 -0.003563706105 2
0 0.625 0.395 -0.003510549891 2
0 0.625 0.405 -0.003389100736 2
0 0.625 0.415 -0.003202848441 2
0 0.625 0.425 -0.002956581375 2
0 0.625 0.435 -0.002656270124 2
0 0.625 0.445 -0.002309342833 2
0 0.625 0.455 -0.00192361717 2
0 0.625 0.465 -0.001511138283 2
0 0.625 0.475 -0.001074861643 2
0 0.625 0.485 -0.0006577352149 2
0 0.625 0.495 -0.0003400780344 1
0 0.625 0.505 0 1
0 0.625 0.515 0 1
0 0.625 0.525 0 1
0 0.625 0.535 0 1
0 0.625 0.545 0 1
0 0.625 0.555 0 1
0 0.625 0.565 0 1
0 0.635 -0.555 0 1
0 0.635 -0.545 0 1
0 0.635 -0.535 0 1
0 0.635 -0.525 0 2
0 0.635 -0.515 0 2
0 0.635 -0.505 0 2
0 0.635 -0.495 0.0004720335424 2
0 0.635 -0.485 0.0008206274065 2
0 0.635 -0.475 0.001229460463 2
0 0.635 -0.465 0.001619565747 2
0 0.635 -0.455 0.002001425512 2
0 0.635 -0.445 0.002357567594 2
0 0.635 -0.435 0.002681088338 2
0 0.635 -0.425 0.00296290251 2
0 0.635 -0.415 0.003195873726 2
0 0.635 -0.405 0.003373542712 2
0 0.635 -0.395 0.00349071368 2
0 0.635 -0.385 0.003543532137 2
0 0.635 -0.375 0.003529733357 2
0 0.635 -0.365 0.003448699287 2
0 0.635 -0.355 0.003301315765 2
0 0.635 -0.345 0.003089676502 2
0 0.635 -0.335 0.002816817302 2
0 0.635 -0.325 0.002486598986 2
0 0.635 -0.315 0.002103719801 2
0 0.635 -0.305 0.001673754839 2
0 0.635 -0.295 0.001203165769 2
0 0.635 -0.285 0.0006992519095 2
0 0.635 -0.275 0.0001700543232 2
0 0.635 -0.265 -0.0003757749189 2
0 0.635 -0.255 -0.0009291264365 2
0 0.635 -0.245 -0.001480607139 2
0 0.635 -0.235 -0.002020768808 2
0 0.635 -0.225 -0.002540341072 2
0 0.635 -0.215 -0.003030597161 2
0 0.635 -0.205 -0.003483654619 2
0 0.635 -0.195 -0.003892977468 2
0 0.635 -0.185 -0.004252574153 2
0 0.635 -0.175 -0.004558327781 2
0 0.635 -0.165 -0.004805881097 2
0 0.635 -0.155 -0.00497824566 2
0 0.635 -0.145 -0.00505583905 1
0 0.635 -0.135 -0.005069566502 1
0 0.635 -0.125 -0.005032198579 1
0 0.635 -0.115 -0.004946905415 1
0 0.635 -0.105 -0.004814752728 1
0 0.635 -0.095 -0.004640499506 1
0 0.635 -0.085 -0.004427420878 1
0 0.635 -0.075 -0.004171862133 1
0 0.635 -0.065 -0.003880394369 1
0 0.635 -0.055 -0.003555725545 1
0 0.635 -0.045 -0.003204537179 1
0 0.635 -0.035 -0.002792587759 1
0 0.635 -0.025 -0.002275332609 2
0 0.635 -0.015 -0.001671496559 2
0 0.635 -0.005 -0.001017179843 2
0 0.635 0.005 -0.0003742711973 2
0 0.635 0.015 0.0002638014747 2
0 0.635 0.025 0.0008833191654 2
0 0.635 0.035 0.001477341289 2
0 0.635 0.045 0.002037518033 2
0 0.635 0.055 0.002556623412 2
0 0.635 0.065 0.003027835189 2
0 0.635 0.075 0.003445108444 2
0 0.635 0.085 0.003803054536 2
0 0.635 0.095 0.004097487002 2
0 0.635 0.105 0.00432405735 2
0 0.635 0.115 0.00448163984 2
0 0.635 0.125 0.004565237997 2
0 0.635 0.135 0.004581749882 2
0 0.635 0.145 0.004537497886 1
0 0.635 0.155 0.004457610369 1
0 0.635 0.165 0.004338117918 1
0 0.635 0.175 0.004175881076 1
0 0.635 0.185 0.003975026145 1
0 0.635 0.195 0.003737060977 1
0 0.635 0.205 0.003466318794 1
0 0.635 0.215 0.003140092139 1
0 0.635 0.225 0.002723752062 2
0 0.635 0.235 0.002216320905 2
0 0.635 0.245 0.001650333266 2
0 0.635 0.255 0.001080027826 2
0 0.635 0.265 0.0005078294229 2
0 0.635 0.275 -4.783919222e-05 2
0 0.635 0.285 -0.00057611418 2
0 0.635 0.295 -0.001071698675 2
0 0.635 0.305 -0.001533109465 2
0 0.635 0.315 -0.001956396513 2
0 0.635 0.325 -0.00233541568 2
0 0.635 0.335 -0.002663909486 2
0 0.635 0.345 -0.002936061825 2
0 0.635 0.355 -0.003147223109 2
0 0.635 0.365 -0.003294062982 2
0 0.635 0.375 -0.003374596215 2
0 0.635 0.385 -0.003388181261 2
0 0.635 0.395 -0.003335484356 2
0 0.635 0.405 -0.003218454855 2
0 0.635 0.415 -0.003040279958 2
0 0.635 0.425 -0.002805371902 2
0 0.635 0.435 -0.002519197734 2
0 0.635 0.445 -0.00218864563 2
0 0.635 0.455 -0.001820479685 2
0 0.635 0.465 -0.001427044849 2
0 0.635 0.475 -0.001008282736 2
0 0.635 0.485 -0.0006168344912 2
0 0.635 0.495 -0.0003170579611 1
0 0.635 0.505 0 1
0 0.635 0.515 0 1
0 0.635 0.525 0 1
0 0.635 0.535 0 1
0 0.635 0.545 0 1
0 0.635 0.555 0 1
0 0.635 0.565 0 1
0 0.645 -0.555 0 1
0 0.645 -0.545 0 1
0 0.645 -0.535 0 1
0 0.645 -0.525 0 2
0 0.645 -0.515 0 2
0 0.645 -0.505 0 2
0 0.645 -0.495 0.0004431220605 2
0 0.645 -0.485 0.0007700806228 2
0 0.645 -0.475 0.00115357278 2
0 0.645 -0.465 0.001519474347 2
0 0.645 -0.455 0.001877516476 2
0 0.645 -0.445 0.002211178643 2
0 0.645 -0.435 0.002513915613 2
0 0.645 -0.425 0.002777207672 2
0 0.645 -0.415 0.002994448775 2
0 0.645 -0.405 0.00315974075 2
0 0.645 -0.395 0.003268412751 2
0 0.645 -0.385 0.003317026283 2
0 0.645 -0.375 0.003303532774 2
0 0.645 -0.365 0.003227290161 2
0 0.645 -0.355 0.003088978924 2
0 0.645 -0.345 0.002890429845 2
0 0.645 -0.335 0.002634454256 2
0 0.645 -0.325 0.002324737412 2
0 0.645 -0.315 0.001965798307 2
0 0.645 -0.305 0.001562975174 2
0 0.645 -0.295 0.001122402136 2
0 0.645 -0.285 0.0006509544296 2
0 0.645 -0.275 0.0001561593669 2
0 0.645 -0.265 -0.0003539237664 2
0 0.645 -0.255 -0.0008708518678 2
0 0.645 -0.245 -0.001385970584 2
0 0.645 -0.235 -0.001890626674 2
0 0.645 -0.225 -0.002376401997 2
0 0.645 -0.215 -0.002835376413 2
0 0.645 -0.205 -0.003260434392 2
0 0.645 -0.195 -0.003645493425 2
0 0.645 -0.185 -0.003985618754 2
0 0.645 -0.175 -0.004274430658 2
0 0.645 -0.165 -0.004506979024 2
0 0.645 -0.155 -0.004678413901 2
0 0.645 -0.145 -0.004783786928 2
0 0.645 -0.135 -0.004816614423 2
0 0.645 -0.125 -0.004779791286 2
0 0.645 -0.115 -0.004685135135 2
0 0.645 -0.105 -0.004535132372 1
0 0.645 -0.095 -0.004366257765 1
0 0.645 -0.085 -0.004160519415 1
0 0.645 -0.075 -0.003911815394 1
0 0.645 -0.065 -0.003627606815 1
0 0.645 -0.055 -0.00331903012 1
0 0.645 -0.045 -0.002973572838 1
0 0.645 -0.035 -0.002533574944 2
0 0.645 -0.025 -0.002020706279 2
0 0.645 -0.015 -0.001467789366 2
0 0.645 -0.005 -0.0008924857901 2
0 0.645 0.005 -0.0003093774105 2
0 0.645 0.015 0.0002739296557 2
0 0.645 0.025 0.0008449735064 2
0 0.645 0.035 0.001395234089 2
0 0.645 0.045 0.001916131364 2
0 0.645 0.055 0.002400306048 2
0 0.645 0.065 0.002841057409 2
0 0.645 0.075 0.003232587313 2
0 0.645 0.085 0.003569846261 2
0 0.645 0.095 0.003849236757 2
0 0.645 0.105 0.00406657776 2
0 0.645 0.115 0.004223535635 2
0 0.645 0.125 0.004307851611 2
0 0.645 0.135 0.004328759879 2
0 0.645 0.145 0.004294469704 1
0 0.645 0.155 0.004224229214 1
0 0.645 0.165 0.004113008305 1
0 0.645 0.175 0.003964594939 1
0 0.645 0.185 0.00378028054 1
0 0.645 0.195 0.003569300112 1
0 0.645 0.205 0.003311556185 1
0 0.645 0.215 0.002964180886 2
0 0.645 0.225 0.002534524876 2
0 0.645 0.235 0.002040150053 2
0 0.645 0.245 0.001517377786 2
0 0.645 0.255 0.000979231842 2
0 0.645 0.265 0.0004409969062 2
0 0.645 0.275 -8.193266217e-05 2
0 0.645 0.285 -0.0005794215549 2
0 0.645 0.295 -0.001045688523 2
0 0.645 0.305 -0.001477589352 2
0 0.645 0.315 -0.001871337111 2
0 0.645 0.325 -0.002222279361 2
0 0.645 0.335 -0.002525417073 2
0 0.645 0.345 -0.00277594644 2
0 0.645 0.355 -0.002969827862 2
0 0.645 0.365 -0.003104040712 2
0 0.645 0.375 -0.003176724957 2
0 0.645 0.385 -0.003187231914 2
0 0.645 0.395 -0.003136131495 2
0 0.645 0.405 -0.003025203911 2
0 0.645 0.415 -0.002857403507 2
0 0.645 0.425 -0.002636847608 2
0 0.645 0.435 -0.002368644483 2
0 0.645 0.445 -0.00205923061 2
0 0.645 0.455 -0.00171480944 2
0 0.645 0.465 -0.001346781167 2
0 0.645 0.475 -0.0009536762173 2
0 0.645 0.485 -0.0005843238432 2
0 0.645 0.495 -0.0002984398342 1
0 0.645 0.505 0 1
0 0.645 0.515 0 1
0 0.645 0.525 0 1
0 0.645 0.535 0 1
0 0.645 0.545 0 1
0 0.645 0.555 0 1
0 0.645 0.565 0 1
0 0.655 -0.555 0 1
0 0.655 -0.545 0 1
0 0.655 -0.535 0 1
0 0.655 -0.525 0 2
0 0.655 -0.515 0 2
0 0.655 -0.505 0 2
0 0.655 -0.495 0.0004106596778 2
0 0.655 -0.485 0.0007133994576 2
0 0.655 -0.475 0.001068449614 2
0 0.655 -0.465 0.001407144025 2
0 0.655 -0.455 0.001738454007 2
0 0.655 -0.445 0.00204699949 2
0 0.655 -0.435 0.002326667727 2
0 0.655 -0.425 0.002569566455 2
0 0.655 -0.415 0.002769636012 2
0 0.655 -0.405 0.002921522053 2
0 0.655 -0.395 0.003021031269 2
0 0.655 -0.385 0.003065093314 2
0 0.655 -0.375 0.003051865408 2
0 0.655 -0.365 0.00298073085 2
0 0.655 -0.355 0.002852246695 2
0 0.655 -0.345 0.002668036601 2
0 0.655 -0.335 0.002430676712 2
0 0.655 -0.325 0.002143605643 2
0 0.655 -0.315 0.001811066271 2
0 0.655 -0.305 0.001438063613 2
0 0.655 -0.295 0.001030319845 2
0 0.655 -0.285 0.0005942112301 2
0 0.655 -0.275 0.0001366803983 2
0 0.655 -0.265 -0.0003348774612 2
0 0.655 -0.255 -0.0008127547949 2
0 0.655 -0.245 -0.001289096704 2
0 0.655 -0.235 -0.001756092778 2
0 0.655 -0.225 -0.002206190606 2
0 0.655 -0.215 -0.002632324031 2
0 0.655 -0.205 -0.003028105193 2
0 0.655 -0.195 -0.003387900919 2
0 0.655 -0.185 -0.003706838376 2
0 0.655 -0.175 -0.003980641866 2
0 0.655 -0.165 -0.004203136783 2
0 0.655 -0.155 -0.004371673645 2
0 0.655 -0.145 -0.004483205654 2
0 0.655 -0.135 -0.004530687093 2
0 0.655 -0.125 -0.004509600686 2
0 0.655 -0.115 -0.004433693086 2
0 0.655 -0.105 -0.004309406823 2
0 0.655 -0.095 -0.004137365272 2
0 0.655 -0.085 -0.003924405564 2
0 0.655 -0.075 -0.003671693264 2
0 0.655 -0.065 -0.003378767446 2
0 0.655 -0.055 -0.003046818938 2
0 0.655 -0.045 -0.002662376822 2
0 0.655 -0.035 -0.002229834401 2
0 0.655 -0.025 -0.001766291864 2
0 0.655 -0.015 -0.001275085243 2
0 0.655 -0.005 -0.0007656483234 2
0 0.655 0.005 -0.000242024708 2
0 0.655 0.015 0.0002847141719 2
0 0.655 0.025 0.0008038822154 2
0 0.655 0.035 0.00130647319 2
0 0.655 0.045 0.001784101005 2
0 0.655 0.055 0.002229489029 2
0 0.655 0.065 0.002636147295 2
0 0.655 0.075 0.002998515319 2
0 0.655 0.085 0.003311838861 2
0 0.655 0.095 0.003572829769 2
0 0.655 0.105 0.003777761385 2
0 0.655 0.115 0.003929900814 2
0 0.655 0.125 0.004011936071 2
0 0.655 0.135 0.004029023026 1
0 0.655 0.145 0.004010551171 1
0 0.655 0.155 0.00395006263 1
0 0.655 0.165 0.003847682544 1
0 0.655 0.175 0.003711343799 1
0 0.655 0.185 0.00353894888 1
0 0.655 0.195 0.003341669172 1
0 0.655 0.205 0.003091375336 1
0 0.655 0.215 0.002753888958 2
0 0.655 0.225 0.002334924025 2
0 0.655 0.235 0.001859108561 2
0 0.655 0.245 0.00137613822 2
0 0.655 0.255 0.0008789299862 2
0 0.655 0.265 0.0003828263515 2
0 0.655 0.275 -0.0001008522549 2
0 0.655 0.285 -0.0005625776877 2
0 0.655 0.295 -0.0009958444047 2
0 0.655 0.305 -0.001396217453 2
0 0.655 0.315 -0.001759805876 2
0 0.655 0.325 -0.002082618418 2
0 0.655 0.335 -0.00236050572 2
0 0.655 0.345 -0.002589507139 2
0 0.655 0.355 -0.002766212444 2
0 0.655 0.365 -0.00288801796 2
0 0.655 0.375 -0.002953296947 2
0 0.655 0.385 -0.002961488631 2
0 0.655 0.395 -0.002913140572 2
0 0.655 0.405 -0.00280992391 2
0 0.655 0.415 -0.00265461987 2
0 0.655 0.425 -0.002451119785 2
0 0.655 0.435 -0.002204303119 2
0 0.655 0.445 -0.001920255244 2
0 0.655 0.455 -0.001605157293 2
0 0.655 0.465 -0.001268592345 2
0 0.655 0.475 -0.0009100748245 2
0 0.655 0.485 -0.0005651024253 2
0 0.655 0.495 -0.0002892970995 1
0 0.655 0.505 0 1
0 0.655 0.515 0 1
0 0.655 0.525 0 1
0 0.655 0.535 0 1
0 0.655 0.545 0 1
0 0.655 0.555 0 1
0 0.655 0.565 0 2
0 0.665 -0.555 0 1
0 0.665 -0.545 0 1
0 0.665 -0.535 0 2
0 0.665 -0.525 0 2
0 0.665 -0.515 0 2
0 0.665 -0.505 0 2
0 0.665 -0.495 0.0003750377034 2
0 0.665 -0.485 0.000651237452 2
0 0.665 -0.475 0.0009750701248 2
0 0.665 -0.465 0.001283858694 2
0 0.665 -0.455 0.001585785186 2
0 0.665 -0.445 0.001866773432 2
0 0.665 -0.435 0.002121218654 2
0 0.665 -0.425 0.002341920684 2
0 0.665 -0.415 0.00252339021 2
0 0.665 -0.405 0.002660813536 2
0 0.665 -0.395 0.002750451218 2
0 0.665 -0.385 0.002789577653 2
0 0.665 -0.375 0.002776553579 2
0 0.665 -0.365 0.002710815919 2
0 0.665 -0.355 0.002592842259 2
0 0.665 -0.345 0.00242407879 2
0 0.665 -0.335 0.00220685891 2
0 0.665 -0.325 0.001944328422 2
0 0.665 -0.315 0.001640384239 2
0 0.665 -0.305 0.001299620753 2
0 0.665 -0.295 0.0009272738761 2
0 0.665 -0.285 0.0005291529888 2
0 0.665 -0.275 0.0001115546522 2
0 0.665 -0.265 -0.0003188447865 2
0 0.665 -0.255 -0.0007551186741 2
0 0.665 -0.245 -0.001190240644 2
0 0.665 -0.235 -0.001617253924 2
0 0.665 -0.225 -0.002029452782 2
0 0.665 -0.215 -0.002420560327 2
0 0.665 -0.205 -0.002784880099 2
0 0.665 -0.195 -0.003117337533 2
0 0.665 -0.185 -0.003413405123 2
0 0.665 -0.175 -0.003669153498 2
0 0.665 -0.165 -0.003881037566 2
0 0.665 -0.155 -0.004045020817 2
0 0.665 -0.145 -0.004155957096 2
0 0.665 -0.135 -0.004209820291 2
0 0.665 -0.125 -0.004203562077 2
0 0.665 -0.115 -0.004143113091 2
0 0.665 -0.105 -0.004030843625 2
0 0.665 -0.095 -0.003866672529 2
0 0.665 -0.085 -0.00365603944 2
0 0.665 -0.075 -0.003403782816 2
0 0.665 -0.065 -0.003108795854 2
0 0.665 -0.055 -0.002770664136 2
0 0.665 -0.045 -0.002389233692 2
0 0.665 -0.035 -0.001979694224 2
0 0.665 -0.025 -0.001553880453 2
0 0.665 -0.015 -0.001110336966 2
0 0.665 -0.005 -0.0006521784549 2
0 0.665 0.005 -0.0001833192857 2
0 0.665 0.015 0.0002884994417 2
0 0.665 0.025 0.0007549550605 2
0 0.665 0.035 0.001207865361 2
0 0.665 0.045 0.001639608674 2
0 0.665 0.055 0.002043363224 2
0 0.665 0.065 0.002413034293 2
0 0.665 0.075 0.002743342377 2
0 0.665 0.085 0.00302976956 2
0 0.665 0.095 0.003268912082 2
0 0.665 0.105 0.003457624405 2
0 0.665 0.115 0.003596260868 2
0 0.665 0.125 0.003676814854 2
0 0.665 0.135 0.003699953598 1
0 0.665 0.145 0.00368519847 1
0 0.665 0.155 0.003633217137 1
0 0.665 0.165 0.003544535192 1
0 0.665 0.175 0.0034197295 1
0 0.665 0.185 0.003259908774 1
0 0.665 0.195 0.003070495479 1
0 0.665 0.205 0.002827936681 1
0 0.665 0.215 0.002502424573 2
0 0.665 0.225 0.002107828541 2
0 0.665 0.235 0.001671338168 2
0 0.665 0.245 0.001229644286 2
0 0.665 0.255 0.0007786081441 2
0 0.665 0.265 0.0003290326367 2
0 0.665 0.275 -0.0001104606856 2
0 0.665 0.285 -0.0005313392351 2
0 0.665 0.295 -0.0009271378959 2
0 0.665 0.305 -0.001292916986 2
0 0.665 0.315 -0.001624560031 2
0 0.665 0.325 -0.001918279338 2
0 0.665 0.335 -0.002170455809 2
0 0.665 0.345 -0.002377749026 2
0 0.665 0.355 -0.00253729753 2
0 0.665 0.365 -0.002646915262 2
0 0.665 0.375 -0.00270524439 2
0 0.665 0.385 -0.002711856627 2
0 0.665 0.395 -0.002667315204 2
0 0.665 0.405 -0.00257320974 2
0 0.665 0.415 -0.002432167705 2
0 0.665 0.425 -0.002247866886 2
0 0.665 0.435 -0.002024991071 2
0 0.665 0.445 -0.001769300776 2
0 0.665 0.455 -0.00148722394 2
0 0.665 0.465 -0.001186515847 2
0 0.665 0.475 -0.0008716721096 2
0 0.665 0.485 -0.000557431111 2
0 0.665 0.495 -0.0002929607378 1
0 0.665 0.505 0 1
0 0.665 0.515 0 1
0 0.665 0.525 0 1
0 0.665 0.535 0 1
0 0.665 0.545 0 2
0 0.665 0.555 0 2
0 0.665 0.565 0 2
0 0.675 -0.555 0 1
0 0.675 -0.545 0 1
0 0.675 -0.535 0 2
0 0.675 -0.525 0 2
0 0.675 -0.515 0 2
0 0.675 -0.505 0 2
0 0.675 -0.495 0.0003366115012 2
0 0.675 -0.485 0.0005841985663 2
0 0.675 -0.475 0.0008743435626 2
0 0.675 -0.465 0.001150824423 2
0 0.675 -0.455 0.001420994665 2
0 0.675 -0.445 0.001672217534 2
0 0.675 -0.435 0.001899461195 2
0 0.675 -0.425 0.002096278448 2
0 0.675 -0.415 0.002257779705 2
0 0.675 -0.405 0.002379700872 2
0 0.675 -0.395 0.002458750349 2
0 0.675 -0.385 0.002492539731 2
0 0.675 -0.375 0.002479635612 2
0 0.675 -0.365 0.00241954503 2
0 0.675 -0.355 0.002312688836 2
0 0.675 -0.345 0.002160349334 2
0 0.675 -0.335 0.001964608933 2
0 0.675 -0.325 0.001728287884 2
0 0.675 -0.315 0.001454886232 2
0 0.675 -0.305 0.001148527948 2
0 0.675 -0.295 0.0008139020138 2
0 0.675 -0.285 0.0004561943451 2
0 0.675 -0.275 8.100585379e-05 2
0 0.675 -0.265 -0.0003057460871 2
0 0.675 -0.255 -0.0006979435524 2
0 0.675 -0.245 -0.001089400006 2
0 0.675 -0.235 -0.001474004364 2
0 0.675 -0.225 -0.001845868546 2
0 0.675 -0.215 -0.002199462584 2
0 0.675 -0.205 -0.002529716154 2
0 0.675 -0.195 -0.002832074404 2
0 0.675 -0.185 -0.003102418109 2
0 0.675 -0.175 -0.003337008553 2
0 0.675 -0.165 -0.003532287297 2
0 0.675 -0.155 -0.003684575385 2
0 0.675 -0.145 -0.003789725038 2
0 0.675 -0.135 -0.003844352216 2
0 0.675 -0.125 -0.003847022336 2
0 0.675 -0.115 -0.003797578649 2
0 0.675 -0.105 -0.003696707001 2
0 0.675 -0.095 -0.003545978563 2
0 0.675 -0.085 -0.003347732216 2
0 0.675 -0.075 -0.003104897397 2
0 0.675 -0.065 -0.0028200148 2
0 0.675 -0.055 -0.00249607999 2
0 0.675 -0.045 -0.002139741394 2
0 0.675 -0.035 -0.001760964313 2
0 0.675 -0.025 -0.001368478722 2
0 0.675 -0.015 -0.0009662374281 2
0 0.675 -0.005 -0.0005551022785 2
0 0.675 0.005 -0.0001375998608 2
0 0.675 0.015 0.0002811803791 2
0 0.675 0.025 0.0006950387859 2
0 0.675 0.035 0.001097308849 2
0 0.675 0.045 0.001481522341 2
0 0.675 0.055 0.001841653504 2
0 0.675 0.065 0.002172212412 2
0 0.675 0.075 0.00246831383 2
0 0.675 0.085 0.002725705852 2
0 0.675 0.095 0.00294075043 2
0 0.675 0.105 0.003110871389 2
0 0.675 0.115 0.003232422782 2
0 0.675 0.125 0.003310951847 2
0 0.675 0.135 0.003339465492 1
0 0.675 0.145 0.003327694361 1
0 0.675 0.155 0.003283451556 1
0 0.675 0.165 0.003209015548 1
0 0.675 0.175 0.003098601941 1
0 0.675 0.185 0.002958716378 1
0 0.675 0.195 0.002780904754 1
0 0.675 0.205 0.002525262584 2
0 0.675 0.215 0.002201388772 2
0 0.675 0.225 0.001846731234 2
0 0.675 0.235 0.00147061647 2
0 0.675 0.245 0.001079742242 2
0 0.675 0.255 0.0006800624579 2
0 0.675 0.265 0.0002804735669 2
0 0.675 0.275 -0.0001113075044 2
0 0.675 0.285 -0.000487704927 2
0 0.675 0.295 -0.0008425528727 2
0 0.675 0.305 -0.001170831976 2
0 0.675 0.315 -0.001468387743 2
0 0.675 0.325 -0.001731598558 2
0 0.675 0.335 -0.001957214166 2
0 0.675 0.345 -0.002142355669 2
0 0.675 0.355 -0.002284611847 2
0 0.675 0.365 -0.002382167468 2
0 0.675 0.375 -0.002433921592 2
0 0.675 0.385 -0.002439580472 2
0 0.675 0.395 -0.002399723881 2
0 0.675 0.405 -0.002315849537 2
0 0.675 0.415 -0.002190402051 2
0 0.675 0.425 -0.002026790727 2
0 0.675 0.435 -0.001829418452 2
0 0.675 0.445 -0.001603634447 2
0 0.675 0.455 -0.00135605721 2
0 0.675 0.465 -0.001093297372 2
0 0.675 0.475 -0.0008275373957 2
0 0.675 0.485 -0.0005546951114 2
0 0.675 0.495 -0.000310221573 2
0 0.675 0.505 0 2
0 0.675 0.515 0 1
0 0.675 0.525 0 2
0 0.675 0.535 0 2
0 0.675 0.545 0 2
0 0.675 0.555 0 2
0 0.675 0.565 0 2
0 0.685 -0.555 0 1
0 0.685 -0.545 0 2
0 0.685 -0.535 0 2
0 0.685 -0.525 0 2
0 0.685 -0.515 0 2
0 0.685 -0.505 0 2
0 0.685 -0.495 0.0002957278585 2
0 0.685 -0.485 0.0005128777569 2
0 0.685 -0.475 0.0007671652472 2
0 0.685 -0.465 0.001009230203 2
0 0.685 -0.455 0.001245555706 2
0 0.685 -0.445 0.001465055489 2
0 0.685 -0.435 0.001663323666 2
0 0.685 -0.425 0.001834720088 2
0 0.685 -0.415 0.001974985654 2
0 0.685 -0.405 0.002080422119 2
0 0.685 -0.395 0.002148190609 2
0 0.685 -0.385 0.002176241842 2
0 0.685 -0.375 0.002163353581 2
0 0.685 -0.365 0.002109113831 2
0 0.685 -0.355 0.002013898845 2
0 0.685 -0.345 0.001878832336 2
0 0.685 -0.335 0.001705737092 2
0 0.685 -0.325 0.001497083012 2
0 0.685 -0.315 0.001255935164 2
0 0.685 -0.305 0.0009859012301 2
0 0.685 -0.295 0.0006910755012 2
0 0.685 -0.285 0.0003759755875 2
0 0.685 -0.275 4.546848238e-05 2
0 0.685 -0.265 -0.0002953160961 2
0 0.685 -0.255 -0.0006410854198 2
0 0.685 -0.245 -0.0009864946799 2
0 0.685 -0.235 -0.001326264492 2
0 0.685 -0.225 -0.001655296764 2
0 0.685 -0.215 -0.001968776313 2
0 0.685 -0.205 -0.002262239611 2
0 0.685 -0.195 -0.002531603535 2
0 0.685 -0.185 -0.002773133036 2
0 0.685 -0.175 -0.002983332588 2
0 0.685 -0.165 -0.003158759988 2
0 0.685 -0.155 -0.00329593653 2
0 0.685 -0.145 -0.003391373692 2
0 0.685 -0.135 -0.003442147865 2
0 0.685 -0.125 -0.003446463533 2
0 0.685 -0.115 -0.0034034237 2
0 0.685 -0.105 -0.003312795004 2
0 0.685 -0.095 -0.003175309649 2
0 0.685 -0.085 -0.002992933469 2
0 0.685 -0.075 -0.002768639985 2
0 0.685 -0.065 -0.002506033837 2
0 0.685 -0.055 -0.002209878195 2
0 0.685 -0.045 -0.001887225954 2
0 0.685 -0.035 -0.001546527834 2
0 0.685 -0.025 -0.001194793313 2
0 0.685 -0.015 -0.0008358762152 2
0 0.685 -0.005 -0.0004716824421 2
0 0.685 0.005 -0.0001045931147 2
0 0.685 0.015 0.0002618284524 2
0 0.685 0.025 0.0006230684281 2
0 0.685 0.035 0.0009740575955 2
0 0.685 0.045 0.001309626478 2
0 0.685 0.055 0.001624761006 2
0 0.685 0.065 0.001914756755 2
0 0.685 0.075 0.002175286958 2
0 0.685 0.085 0.002402502444 2
0 0.685 0.095 0.002592813335 2
0 0.685 0.105 0.002744043956 2
0 0.685 0.115 0.002851646669 2
0 0.685 0.125 0.002924261017 2
0 0.685 0.135 0.002959211926 2
0 0.685 0.145 0.002945727286 1
0 0.685 0.155 0.002907437882 1
0 0.685 0.165 0.002845110785 1
0 0.685 0.175 0.002753493209 1
0 0.685 0.185 0.002629630293 1
0 0.685 0.195 0.002442860946 2
0 0.685 0.205 0.002187391813 2
0 0.685 0.215 0.001898361356 2
0 0.685 0.225 0.001593295324 2
0 0.685 0.235 0.001270838077 2
0 0.685 0.245 0.0009326126751 2
0 0.685 0.255 0.000585958446 2
0 0.685 0.265 0.0002382251443 2
0 0.685 0.275 -0.0001035929935 2
0 0.685 0.285 -0.000432907569 2
0 0.685 0.295 -0.0007440850679 2
0 0.685 0.305 -0.001032377141 2
0 0.685 0.315 -0.001293817233 2
0 0.685 0.325 -0.00152502125 2
0 0.685 0.335 -0.001723065903 2
0 0.685 0.345 -0.001885453714 2
0 0.685 0.355 -0.002010150034 2
0 0.685 0.365 -0.0020956573 2
0 0.685 0.375 -0.002141097838 2
0 0.685 0.385 -0.002146288245 2
0 0.685 0.395 -0.002111798786 2
0 0.685 0.405 -0.002038995854 2
0 0.685 0.415 -0.001930074168 2
0 0.685 0.425 -0.001788062394 2
0 0.685 0.435 -0.001616873308 2
0 0.685 0.445 -0.001421119105 2
0 0.685 0.455 -0.001206690365 2
0 0.685 0.465 -0.0009782987933 2
0 0.685 0.475 -0.0007467115813 2
0 0.685 0.485 -0.0005016929991 2
0 0.685 0.495 -0.0002869754294 2
0 0.685 0.505 0 2
0 0.685 0.515 0 2
0 0.685 0.525 0 2
0 0.685 0.535 0 2
0 0.685 0.545 0 2
0 0.685 0.555 0 2
0 0.685 0.565 0 2
0 0.695 -0.555 0 2
0 0.695 -0.545 0 2
0 0.695 -0.535 0 2
0 0.695 -0.525 0 2
0 0.695 -0.515 0 2
0 0.695 -0.505 0 2
0 0.695 -0.495 0.0002527369307 2
0 0.695 -0.485 0.0004378790007 2
0 0.695 -0.475 0.0006544428788 2
0 0.695 -0.465 0.0008602793922 2
0 0.695 -0.455 0.001060961212 2
0 0.695 -0.445 0.001247042832 2
0 0.695 -0.435 0.00141478642 2
0 0.695 -0.425 0.001559404885 2
0 0.695 -0.415 0.001677298851 2
0 0.695 -0.405 0.001765355294 2
0 0.695 -0.395 0.001821198864 2
0 0.695 -0.385 0.001843126743 2
0 0.695 -0.375 0.001830135217 2
0 0.695 -0.365 0.001781901721 2
0 0.695 -0.355 0.001698765128 2
0 0.695 -0.345 0.001581692132 2
0 0.695 -0.335 0.001432237821 2
0 0.695 -0.325 0.001252502513 2
0 0.695 -0.315 0.001045087402 2
0 0.695 -0.305 0.0008130488089 2
0 0.695 -0.295 0.0005598493956 2
0 0.695 -0.285 0.0002893037285 2
0 0.695 -0.275 5.515786955e-06 2
0 0.695 -0.265 -0.0002871930982 2
0 0.695 -0.255 -0.0005843658549 2
0 0.695 -0.245 -0.0008814987719 2
0 0.695 -0.235 -0.001174133559 2
0 0.695 -0.225 -0.001457944892 2
0 0.695 -0.215 -0.001728814109 2
0 0.695 -0.205 -0.001982875801 2
0 0.695 -0.195 -0.002216528589 2
0 0.695 -0.185 -0.002426400621 2
0 0.695 -0.175 -0.002609277836 2
0 0.695 -0.165 -0.002762007308 2
0 0.695 -0.155 -0.002881469004 2
0 0.695 -0.145 -0.002964671448 2
0 0.695 -0.135 -0.003008995875 2
0 0.695 -0.125 -0.003012489724 2
0 0.695 -0.115 -0.002973979279 2
0 0.695 -0.105 -0.002893101021 2
0 0.695 -0.095 -0.002770456274 2
0 0.695 -0.085 -0.00260778632 2
0 0.695 -0.075 -0.002407936025 2
0 0.695 -0.065 -0.002174838779 2
0 0.695 -0.055 -0.001913625817 2
0 0.695 -0.045 -0.001630624986 2
0 0.695 -0.035 -0.001332609192 2
0 0.695 -0.025 -0.00102537685 2
0 0.695 -0.015 -0.0007128839158 2
0 0.695 -0.005 -0.0003976848981 2
0 0.695 0.005 -8.202462152e-05 2
0 0.695 0.015 0.0002314616862 2
0 0.695 0.025 0.0005395427516 2
0 0.695 0.035 0.0008385406687 2
0 0.695 0.045 0.001124567704 2
0 0.695 0.055 0.001393712625 2
0 0.695 0.065 0.001642180262 2
0 0.695 0.075 0.001866363367 2
0 0.695 0.085 0.002062982577 2
0 0.695 0.095 0.002228932164 2
0 0.695 0.105 0.002362239015 2
0 0.695 0.115 0.002460481558 2
0 0.695 0.125 0.002524935213 2
0 0.695 0.135 0.002556988302 2
0 0.695 0.145 0.002549644596 1
0 0.695 0.155 0.002516503933 1
0 0.695 0.165 0.002462350816 1
0 0.695 0.175 0.002383247482 1
0 0.695 0.185 0.0022582671 2
0 0.695 0.195 0.002073897941 2
0 0.695 0.205 0.001852403767 2
0 0.695 0.215 0.001611567048 2
0 0.695 0.225 0.001353029427 2
0 0.695 0.235 0.001078536317 2
0 0.695 0.245 0.0007921165163 2
0 0.695 0.255 0.0004985209326 2
0 0.695 0.265 0.0002034906497 2
0 0.695 0.275 -8.70589972e-05 2
0 0.695 0.285 -0.0003675751265 2
0 0.695 0.295 -0.0006331434822 2
0 0.695 0.305 -0.0008795314677 2
0 0.695 0.315 -0.001103159409 2
0 0.695 0.325 -0.001300995437 2
0 0.695 0.335 -0.001470475294 2
0 0.695 0.345 -0.001609463634 2
0 0.695 0.355 -0.0017162623 2
0 0.695 0.365 -0.001789649814 2
0 0.695 0.375 -0.001828935007 2
0 0.695 0.385 -0.001834010904 2
0 0.695 0.395 -0.001805401175 2
0 0.695 0.405 -0.001744292849 2
0 0.695 0.415 -0.001652560855 2
0 0.695 0.425 -0.001532753581 2
0 0.695 0.435 -0.001388130691 2
0 0.695 0.445 -0.001222391442 2
0 0.695 0.455 -0.001040222337 2
0 0.695 0.465 -0.0008447154079 2
0 0.695 0.475 -0.0006434105671 2
0 0.695 0.485 -0.0004286611788 2
0 0.695 0.495 -0.0002452098883 2
0 0.695 0.505 0 2
0 0.695 0.515 0 2
0 0.695 0.525 0 2
0 0.695 0.535 0 2
0 0.695 0.545 0 2
0 0.695 0.555 0 2
0 0.695 0.565 0 2
0 0.705 -0.555 0 2
0 0.705 -0.545 0 2
0 0.705 -0.535 0 2
0 0.705 -0.525 0 2
0 0.705 -0.515 0 2
0 0.705 -0.505 0 2
0 0.705 -0.495 0.000207997295 2
0 0.705 -0.485 0.0003598229413 2
0 0.705 -0.475 0.0005371086131 2
0 0.705 -0.465 0.000705206039 2
0 0.705 -0.455 0.0008687422234 2
0 0.705 -0.445 0.001019984336 2
0 0.705 -0.435 0.001155895195 2
0 0.705 -0.425 0.001272578319 2
0 0.705 -0.415 0.001367119796 2
0 0.705 -0.405 0.001437011153 2
0 0.705 -0.395 0.001480353742 2
0 0.705 -0.385 0.001495801275 2
0 0.705 -0.375 0.0014825773 2
0 0.705 -0.365 0.001440456568 2
0 0.705 -0.355 0.001369746145 2
0 0.705 -0.345 0.001271256381 2
0 0.705 -0.335 0.001146268085 2
0 0.705 -0.325 0.0009964972162 2
0 0.705 -0.315 0.0008240590165 2
0 0.705 -0.305 0.0006314315128 2
0 0.705 -0.295 0.0004214171598 2
0 0.705 -0.285 0.00019710059 2
0 0.705 -0.275 -3.819953972e-05 2
0 0.705 -0.265 -0.0002809858754 2
0 0.705 -0.255 -0.0005276447746 2
0 0.705 -0.245 -0.0007745138754 2
0 0.705 -0.235 -0.001017950844 2
0 0.705 -0.225 -0.001254397104 2
0 0.705 -0.215 -0.001480429105 2
0 0.705 -0.205 -0.001692788866 2
0 0.705 -0.195 -0.001888387389 2
0 0.705 -0.185 -0.002064277907 2
0 0.705 -0.175 -0.002217610991 2
0 0.705 -0.165 -0.002345592454 2
0 0.705 -0.155 -0.00244548891 2
0 0.705 -0.145 -0.002514712176 2
0 0.705 -0.135 -0.002550984233 2
0 0.705 -0.125 -0.002552526134 2
0 0.705 -0.115 -0.00251819547 2
0 0.705 -0.105 -0.00244761227 2
0 0.705 -0.095 -0.002341314739 2
0 0.705 -0.085 -0.002200896126 2
0 0.705 -0.075 -0.002029038826 2
0 0.705 -0.065 -0.001829489078 2
0 0.705 -0.055 -0.001606972677 2
0 0.705 -0.045 -0.001366940657 2
0 0.705 -0.035 -0.001114952281 2
0 0.705 -0.025 -0.0008558506465 2
0 0.705 -0.015 -0.0005932643111 2
0 0.705 -0.005 -0.0003297531719 2
0 0.705 0.005 -6.735766109e-05 2
0 0.705 0.015 0.0001919221344 2
0 0.705 0.025 0.0004458707803 2
0 0.705 0.035 0.0006920119675 2
0 0.705 0.045 0.0009276663319 2
0 0.705 0.055 0.001150036055 2
0 0.705 0.065 0.001356293432 2
0 0.705 0.075 0.001543649269 2
0 0.705 0.085 0.001709491644 2
0 0.705 0.095 0.001851429518 2
0 0.705 0.105 0.00196763126 2
0 0.705 0.115 0.002057687024 2
0 0.705 0.125 0.002117026853 2
0 0.705 0.135 0.002151681533 2
0 0.705 0.145 0.002161416441 2
0 0.705 0.155 0.002136328224 2
0 0.705 0.165 0.002080645786 2
0 0.705 0.175 0.001993521942 2
0 0.705 0.185 0.001868169234 2
0 0.705 0.195 0.001713419574 2
0 0.705 0.205 0.001534542648 2
0 0.705 0.215 0.001336206883 2
0 0.705 0.225 0.001121711292 2
0 0.705 0.235 0.0008953998232 2
0 0.705 0.245 0.0006598943368 2
0 0.705 0.255 0.0004188966102 2
0 0.705 0.265 0.0001767881027 2
0 0.705 0.275 -6.180438885e-05 2
0 0.705 0.285 -0.0002924352125 2
0 0.705 0.295 -0.0005110608238 2
0 0.705 0.305 -0.0007141376406 2
0 0.705 0.315 -0.0008986327027 2
0 0.705 0.325 -0.001061979055 2
0 0.705 0.335 -0.001202028444 2
0 0.705 0.345 -0.001317020719 2
0 0.705 0.355 -0.001405580606 2
0 0.705 0.365 -0.001466736819 2
0 0.705 0.375 -0.001499954541 2
0 0.705 0.385 -0.001505171332 2
0 0.705 0.395 -0.001482829464 2
0 0.705 0.405 -0.001433896504 2
0 0.705 0.415 -0.001359878406 2
0 0.705 0.425 -0.001262789862 2
0 0.705 0.435 -0.001145174131 2
0 0.705 0.445 -0.001009830837 2
0 0.705 0.455 -0.0008602817518 2
0 0.705 0.465 -0.0006987399986 2
0 0.705 0.475 -0.000531830279 2
0 0.705 0.485 -0.0003541286419 2
0 0.705 0.495 -0.0002012374146 2
0 0.705 0.505 0 2
0 0.705 0.515 0 2
0 0.705 0.525 0 2
0 0.705 0.535 0 2
0 0.705 0.545 0 2
0 0.705 0.555 0 2
0 0.705 0.565 0 2
0 0.715 -0.555 0 2
0 0.715 -0.545 0 2
0 0.715 -0.535 0 2
0 0.715 -0.525 0 2
0 0.715 -0.515 0 2
0 0.715 -0.505 0 2
0 0.715 -0.495 0.0001618779084 2
0 0.715 -0.485 0.0002793498427 2
0 0.715 -0.475 0.0004161242008 2
0 0.715 -0.465 0.0005452826964 2
0 0.715 -0.455 0.0006704777135 2
0 0.715 -0.445 0.0007857440113 2
0 0.715 -0.435 0.0008887691356 2
0 0.715 -0.425 0.0009765761443 2
0 0.715 -0.415 0.001046957502 2
0 0.715 -0.405 0.001098026424 2
0 0.715 -0.395 0.001128374135 2
0 0.715 -0.385 0.001137021886 2
0 0.715 -0.375 0.001123430149 2
0 0.715 -0.365 0.001087479302 2
0 0.715 -0.355 0.001029450406 2
0 0.715 -0.345 0.0009499989815 2
0 0.715 -0.335 0.0008501271639 2
0 0.715 -0.325 0.0007311555937 2
0 0.715 -0.315 0.0005946966931 2
0 0.715 -0.305 0.0004426292512 2
0 0.715 -0.295 0.0002770730869 2
0 0.715 -0.285 0.0001003617265 2
0 0.715 -0.275 -8.498903132e-05 2
0 0.715 -0.265 -0.0002763181304 2
0 0.715 -0.255 -0.0004708620343 2
0 0.715 -0.245 -0.0006658017582 2
0 0.715 -0.235 -0.0008583108736 2
0 0.715 -0.225 -0.001045599583 2
0 0.715 -0.215 -0.001224949146 2
0 0.715 -0.205 -0.001393731108 2
0 0.715 -0.195 -0.001549408348 2
0 0.715 -0.185 -0.001689519067 2
0 0.715 -0.175 -0.001811653693 2
0 0.715 -0.165 -0.001913441897 2
0 0.715 -0.155 -0.001992573075 2
0 0.715 -0.145 -0.002046866884 2
0 0.715 -0.135 -0.002074394925 2
0 0.715 -0.125 -0.00207362859 2
0 0.715 -0.115 -0.002043580537 2
0 0.715 -0.105 -0.001983943408 2
0 0.715 -0.095 -0.001895226198 2
0 0.715 -0.085 -0.001778860787 2
0 0.715 -0.075 -0.001637236639 2
0 0.715 -0.065 -0.001473654382 2
0 0.715 -0.055 -0.001292178271 2
0 0.715 -0.045 -0.001097344462 2
0 0.715 -0.035 -0.0008936918812 2
0 0.715 -0.025 -0.0006852336673 2
0 0.715 -0.015 -0.0004751160774 2
0 0.715 -0.005 -0.0002656152686 2
0 0.715 0.005 -5.839163909e-05 2
0 0.715 0.015 0.0001452007445 2
0 0.715 0.025 0.0003438664396 2
0 0.715 0.035 0.0005362206951 2
0 0.715 0.045 0.0007207229422 2
0 0.715 0.055 0.0008956618389 2
0 0.715 0.065 0.001059177392 2
0 0.715 0.075 0.001209308294 2
0 0.715 0.085 0.001344095486 2
0 0.715 0.095 0.00146174581 2
0 0.715 0.105 0.001560589994 2
0 0.715 0.115 0.001639943392 2
0 0.715 0.125 0.001697563283 2
0 0.715 0.135 0.001735370476 2
0 0.715 0.145 0.001749918558 2
0 0.715 0.155 0.001733580805 2
0 0.715 0.165 0.001685118955 2
0 0.715 0.175 0.001605168979 2
0 0.715 0.185 0.001497789598 2
0 0.715 0.195 0.001371287963 2
0 0.715 0.205 0.00122773426 2
0 0.715 0.215 0.001068863536 2
0 0.715 0.225 0.000899134683 2
0 0.715 0.235 0.0007206309701 2
0 0.715 0.245 0.000535667742 2
0 0.715 0.255 0.0003470402178 2
0 0.715 0.265 0.0001579103073 2
0 0.715 0.275 -2.8358291e-05 2
0 0.715 0.285 -0.0002084435154 2
0 0.715 0.295 -0.00037925862 2
0 0.715 0.305 -0.0005380581136 2
0 0.715 0.315 -0.0006824698725 2
0 0.715 0.325 -0.0008104838135 2
0 0.715 0.335 -0.0009204264188 2
0 0.715 0.345 -0.001010939296 2
0 0.715 0.355 -0.001080972286 2
0 0.715 0.365 -0.001129791431 2
0 0.715 0.375 -0.001156997569 2
0 0.715 0.385 -0.001162548729 2
0 0.715 0.395 -0.001146780587 2
0 0.715 0.405 -0.001110416866 2
0 0.715 0.415 -0.001054573019 2
0 0.715 0.425 -0.0009807222391 2
0 0.715 0.435 -0.0008907048774 2
0 0.715 0.445 -0.000786513714 2
0 0.715 0.455 -0.000670692195 2
0 0.715 0.465 -0.0005449071904 2
0 0.715 0.475 -0.0004146186206 2
0 0.715 0.485 -0.0002762959807 2
0 0.715 0.495 -0.0001576280762 2
0 0.715 0.505 0 2
0 0.715 0.515 0 2
0 0.715 0.525 0 2
0 0.715 0.535 0 2
0 0.715 0.545 0 2
0 0.715 0.555 0 2
0 0.715 0.565 0 2
0 0.725 -0.555 0 2
0 0.725 -0.545 0 2
0 0.725 -0.535 0 2
0 0.725 -0.525 0 2
0 0.725 -0.515 0 2
0 0.725 -0.505 0 2
0 0.725 -0.495 0.0001147584149 2
0 0.725 -0.485 0.0001971200287 2
0 0.725 -0.475 0.0002924822991 2
0 0.725 -0.465 0.0003818232062 2
0 0.725 -0.455 0.0004677987596 2
0 0.725 -0.445 0.0005462497784 2
0 0.725 -0.435 0.000615604615 2
0 0.725 -0.425 0.0006738259368 2
0 0.725 -0.415 0.0007194276941 2
0 0.725 -0.405 0.0007511581843 2
0 0.725 -0.395 0.0007681100385 2
0 0.725 -0.385 0.0007696828161 2
0 0.725 -0.375 0.0007555841762 2
0 0.725 -0.365 0.0007258094923 2
0 0.725 -0.355 0.0006806210751 2
0 0.725 -0.345 0.0006205231188 2
0 0.725 -0.335 0.0005462374048 2
0 0.725 -0.325 0.0004586817362 2
0 0.725 -0.315 0.0003589528455 2
0 0.725 -0.305 0.0002483136347 2
0 0.725 -0.295 0.0001281831449 2
0 0.725 -0.285 1.266162975e-07 2
0 0.725 -0.275 -0.0001341571644 2
0 0.725 -0.265 -0.0002728533613 2
0 0.725 -0.255 -0.0004140542241 2
0 0.725 -0.245 -0.0005557869508 2
0 0.725 -0.235 -0.0006960436747 2
0 0.725 -0.225 -0.0008328096648 2
0 0.725 -0.215 -0.0009640853489 2
0 0.725 -0.205 -0.001087898404 2
0 0.725 -0.195 -0.001202304565 2
0 0.725 -0.185 -0.001305379573 2
0 0.725 -0.175 -0.001395210076 2
0 0.725 -0.165 -0.001469895526 2
0 0.725 -0.155 -0.001527575181 2
0 0.725 -0.145 -0.00156648946 2
0 0.725 -0.135 -0.001585075678 2
0 0.725 -0.125 -0.001582086824 2
0 0.725 -0.115 -0.001556717331 2
0 0.725 -0.105 -0.001508728705 2
0 0.725 -0.095 -0.001438565093 2
0 0.725 -0.085 -0.001347437715 2
0 0.725 -0.075 -0.001237350607 2
0 0.725 -0.065 -0.001111049867 2
0 0.725 -0.055 -0.0009718778225 2
0 0.725 -0.045 -0.0008235169213 2
0 0.725 -0.035 -0.0006696312275 2
0 0.725 -0.025 -0.0005134828967 2
0 0.725 -0.015 -0.000357650416 2
0 0.725 -0.005 -0.0002039384804 2
0 0.725 0.005 -5.346938503e-05 2
0 0.725 0.015 9.312045172e-05 2
0 0.725 0.025 0.0002354510599 2
0 0.725 0.035 0.0003731902834 2
0 0.725 0.045 0.0005058934125 2
0 0.725 0.055 0.0006328988244 2
0 0.725 0.065 0.0007532784409 2
0 0.725 0.075 0.0008658457533 2
0 0.725 0.085 0.0009692180531 2
0 0.725 0.095 0.001062001349 2
0 0.725 0.105 0.001142751255 2
0 0.725 0.115 0.001210474342 2
0 0.725 0.125 0.001264341731 2
0 0.725 0.135 0.00130196851 2
0 0.725 0.145 0.001319190466 2
0 0.725 0.155 0.001311625583 2
0 0.725 0.165 0.001276522923 2
0 0.725 0.175 0.001215276457 2
0 0.725 0.185 0.001132864863 2
0 0.725 0.195 0.001034870985 2
0 0.725 0.205 0.0009256448312 2
0 0.725 0.215 0.0008078103606 2
0 0.725 0.225 0.0006829491502 2
0 0.725 0.235 0.000552570544 2
0 0.725 0.245 0.0004183570478 2
0 0.725 0.255 0.0002821653343 2
0 0.725 0.265 0.0001460753164 2
0 0.725 0.275 1.232417884e-05 2
0 0.725 0.285 -0.0001168516352 2
0 0.725 0.295 -0.0002393471553 2
0 0.725 0.305 -0.0003532732324 2
0 0.725 0.315 -0.000456991372 2
0 0.725 0.325 -0.0005491146595 2
0 0.725 0.335 -0.00062849291 2
0 0.725 0.345 -0.0006941967682 2
0 0.725 0.355 -0.0007455096989 2
0 0.725 0.365 -0.0007819301729 2
0 0.725 0.375 -0.0008031820693 2
0 0.725 0.385 -0.0008092284612 2
0 0.725 0.395 -0.0008002840543 2
0 0.725 0.405 -0.0007768194083 2
0 0.725 0.415 -0.0007395594727 2
0 0.725 0.425 -0.0006894545943 2
0 0.725 0.435 -0.0006276874372 2
0 0.725 0.445 -0.0005555342898 2
0 0.725 0.455 -0.0004746970168 2
0 0.725 0.465 -0.0003863544143 2
0 0.725 0.475 -0.0002944509387 2
0 0.725 0.485 -0.0001966658468 2
0 0.725 0.495 -0.0001126926754 2
0 0.725 0.505 0 2
0 0.725 0.515 0 2
0 0.725 0.525 0 2
0 0.725 0.535 0 2
0 0.725 0.545 0 2
0 0.725 0.555 0 2
0 0.725 0.565 0 2
0 0.735 -0.555 0 2
0 0.735 -0.545 0 2
0 0.735 -0.535 0 2
0 0.735 -0.525 0 2
0 0.735 -0.515 0 2
0 0.735 -0.505 0 2
0 0.735 -0.495 6.702844118e-05 2
0 0.735 -0.485 0.0001138127549 2
0 0.735 -0.475 0.0001672053594 2
0 0.735 -0.465 0.0002161821714 2
0 0.735 -0.455 0.0002623887735 2
0 0.735 -0.445 0.0003034941562 2
0 0.735 -0.435 0.0003386756722 2
0 0.735 -0.425 0.000366846422 2
0 0.735 -0.415 0.0003872502687 2
0 0.735 -0.405 0.0003992790179 2
0 0.735 -0.395 0.0004025353583 2
0 0.735 -0.385 0.0003968068254 2
0 0.735 -0.375 0.0003820589386 2
0 0.735 -0.365 0.0003584130079 2
0 0.735 -0.355 0.0003261222637 2
0 0.735 -0.345 0.0002855460413 2
0 0.735 -0.335 0.0002371272968 2
0 0.735 -0.325 0.0001813766948 2
0 0.735 -0.315 0.0001188654796 2
0 0.735 -0.305 5.022691281e-05 2
0 0.735 -0.295 -2.383611268e-05 2
0 0.735 -0.285 -0.0001025411262 2
0 0.735 -0.275 -0.0001850179171 2
0 0.735 -0.265 -0.0002703054553 2
0 0.735 -0.255 -0.0003573555972 2
0 0.735 -0.245 -0.0004450433226 2
0 0.735 -0.235 -0.0005321814163 2
0 0.735 -0.225 -0.0006175362135 2
0 0.735 -0.215 -0.0006998406809 2
0 0.735 -0.205 -0.0007778019021 2
0 0.735 -0.195 -0.0008501021466 2
0 0.735 -0.185 -0.0009153957563 2
0 0.735 -0.175 -0.0009723076036 2
0 0.735 -0.165 -0.001019441405 2
0 0.735 -0.155 -0.001055406763 2
0 0.735 -0.145 -0.001078870775 2
0 0.735 -0.135 -0.001088634454 2
0 0.735 -0.125 -0.001083727897 2
0 0.735 -0.115 -0.001063514567 2
0 0.735 -0.105 -0.001027795961 2
0 0.735 -0.095 -0.0009769056862 2
0 0.735 -0.085 -0.0009117772625 2
0 0.735 -0.075 -0.0008339671845 2
0 0.735 -0.065 -0.0007456175807 2
0 0.735 -0.055 -0.0006493436215 2
0 0.735 -0.045 -0.0005480366761 2
0 0.735 -0.035 -0.000444589181 2
0 0.735 -0.025 -0.0003415847136 2
0 0.735 -0.015 -0.0002410224323 2
0 0.735 -0.005 -0.0001441516661 2
0 0.735 0.005 -5.145146056e-05 2
0 0.735 0.015 3.724567162e-05 2
0 0.735 0.025 0.000122523294 2
0 0.735 0.035 0.0002051107439 2
0 0.735 0.045 0.0002856391876 2
0 0.735 0.055 0.0003644600463 2
0 0.735 0.065 0.0004415249417 2
0 0.735 0.075 0.0005163361678 2
0 0.735 0.085 0.0005879673769 2
0 0.735 0.095 0.0006552092167 2
0 0.735 0.105 0.0007166730393 2
0 0.735 0.115 0.0007709409403 2
0 0.735 0.125 0.0008163560092 2
0 0.735 0.135 0.000850383409 2
0 0.735 0.145 0.0008695092519 2
0 0.735 0.155 0.000870303634 2
0 0.735 0.165 0.0008510721913 2
0 0.735 0.175 0.0008131358706 2
0 0.735 0.185 0.0007602472591 2
0 0.735 0.195 0.0006967692764 2
0 0.735 0.205 0.0006261713721 2
0 0.735 0.215 0.0005506357853 2
0 0.735 0.225 0.0004715450043 2
0 0.735 0.235 0.0003899489304 2
0 0.735 0.245 0.0003068277981 2
0 0.735 0.255 0.0002231931764 2
0 0.735 0.265 0.0001401783338 2
0 0.735 0.275 5.899276564e-05 2
0 0.735 0.285 -1.915327967e-05 2
0 0.735 0.295 -9.312311342e-05 2
0 0.735 0.305 -0.0001619053283 2
0 0.735 0.315 -0.0002246349116 2
0 0.735 0.325 -0.0002805905218 2
0 0.735 0.335 -0.0003291798049 2
0 0.735 0.345 -0.0003699238496 2
0 0.735 0.355 -0.0004024479306 2
0 0.735 0.365 -0.0004264809072 2
0 0.735 0.375 -0.0004418618334 2
0 0.735 0.385 -0.0004485497392 2
0 0.735 0.395 -0.0004466322697 2
0 0.735 0.405 -0.0004363277757 2
0 0.735 0.415 -0.0004179822215 2
0 0.735 0.425 -0.0003920491818 2
0 0.735 0.435 -0.0003590947742 2
0 0.735 0.445 -0.0003197261471 2
0 0.735 0.455 -0.0002748125314 2
0 0.735 0.465 -0.0002249614576 2
0 0.735 0.475 -0.0001724690769 2
0 0.735 0.485 -0.0001159320192 2
0 0.735 0.495 -6.698350945e-05 2
0 0.735 0.505 0 2
0 0.735 0.515 0 2
0 0.735 0.525 0 2
0 0.735 0.535 0 2
0 0.735 0.545 0 2
0 0.735 0.555 0 2
0 0.735 0.565 0 2
0 0.745 -0.555 0 2
0 0.745 -0.545 0 2
0 0.745 -0.535 0 2
0 0.745 -0.525 0 2
0 0.745 -0.515 0 2
0 0.745 -0.505 0 2
0 0.745 -0.495 1.908613466e-05 2
0 0.745 -0.485 3.012386587e-05 2
0 0.745 -0.475 4.134265525e-05 2
0 0.745 -0.465 4.975191366e-05 2
0 0.745 -0.455 5.598074035e-05 2
0 0.745 -0.445 5.953188608e-05 2
0 0.745 -0.435 6.033185472e-05 2
0 0.745 -0.425 5.824518831e-05 2
0 0.745 -0.415 5.3246474e-05 2
0 0.745 -0.405 4.537329782e-05 2
0 0.745 -0.395 3.47430316e-05 2
0 0.745 -0.385 2.153898077e-05 2
0 0.745 -0.375 5.995466161e-06 2
0 0.745 -0.365 -1.162721288e-05 2
0 0.745 -0.355 -3.107181068e-05 2
0 0.745 -0.345 -5.211336932e-05 2
0 0.745 -0.335 -7.458236639e-05 2
0 0.745 -0.325 -9.837641346e-05 2
0 0.745 -0.315 -0.0001234572503 2
0 0.745 -0.305 -0.0001498333397 2
0 0.745 -0.295 -0.000177531821 2
0 0.745 -0.285 -0.0002065657302 2
0 0.745 -0.275 -0.000236902715 2
0 0.745 -0.265 -0.000268440264 2
0 0.745 -0.255 -0.0003009903089 2
0 0.745 -0.245 -0.0003342735478 2
0 0.745 -0.235 -0.0003679215777 2
0 0.745 -0.225 -0.0004014834071 2
0 0.745 -0.215 -0.0004344325064 2
0 0.745 -0.205 -0.0004661713793 2
0 0.745 -0.195 -0.0004960325714 2
0 0.745 -0.185 -0.0005232776242 2
0 0.745 -0.175 -0.0005470981048 2
0 0.745 -0.165 -0.0005666245403 2
0 0.745 -0.155 -0.0005809492079 2
0 0.745 -0.145 -0.0005891667146 2
0 0.745 -0.135 -0.0005904327259 2
0 0.745 -0.125 -0.0005840372171 2
0 0.745 -0.115 -0.0005694858532 2
0 0.745 -0.105 -0.0005465821004 2
0 0.745 -0.095 -0.0005155015535 2
0 0.745 -0.085 -0.0004768483767 2
0 0.745 -0.075 -0.0004316833563 2
0 0.745 -0.065 -0.0003815131987 2
0 0.745 -0.055 -0.0003282285495 2
0 0.745 -0.045 -0.000273977996 2
0 0.745 -0.035 -0.0002209635483 2
0 0.745 -0.025 -0.0001711702011 2
0 0.745 -0.015 -0.0001260578677 2
0 0.745 -0.005 -8.630641727e-05 2
0 0.745 0.005 -5.169039262e-05 2
0 0.745 0.015 -2.115533033e-05 2
0 0.745 0.025 6.913036566e-06 2
0 0.745 0.035 3.432781932e-05 2
0 0.745 0.045 6.277317687e-05 2
0 0.745 0.055 9.356971748e-05 2
0 0.745 0.065 0.0001274963314 2
0 0.745 0.075 0.0001646667165 2
0 0.745 0.085 0.0002044984837 2
0 0.745 0.095 0.0002458454451 2
0 0.745 0.105 0.0002872105518 2
0 0.745 0.115 0.0003268712149 2
0 0.745 0.125 0.0003628286107 2
0 0.745 0.135 0.000392682803 2
0 0.745 0.145 0.0004137576837 2
0 0.745 0.155 0.0004237822773 2
0 0.745 0.165 0.0004218083133 2
0 0.745 0.175 0.0004087199191 2
0 0.745 0.185 0.0003869209573 2
0 0.745 0.195 0.0003593930087 2
0 0.745 0.205 0.0003287177987 2
0 0.745 0.215 0.0002966449328 2
0 0.745 0.225 0.0002641942 2
0 0.745 0.235 0.000231906791 2
0 0.745 0.245 0.0002001051213 2
0 0.745 0.255 0.0001690509996 2
0 0.745 0.265 0.0001390070016 2
0 0.745 0.275 0.0001102387198 2
0 0.745 0.285 8.299199928e-05 2
0 0.745 0.295 5.746429165e-05 2
0 0.745 0.305 3.378936976e-05 2
0 0.745 0.315 1.204107016e-05 2
0 0.745 0.325 -7.74860198e-06 2
0 0.745 0.335 -2.556589478e-05 2
0 0.745 0.345 -4.139500618e-05 2
0 0.745 0.355 -5.52065689e-05 2
0 0.745 0.365 -6.695624985e-05 2
0 0.745 0.375 -7.659124679e-05 2
0 0.745 0.385 -8.406027166e-05 2
0 0.745 0.395 -8.932227109e-05 2
0 0.745 0.405 -9.234952111e-05 2
0 0.745 0.415 -9.312461238e-05 2
0 0.745 0.425 -9.162889471e-05 2
0 0.745 0.435 -8.784018727e-05 2
0 0.745 0.445 -8.171384289e-05 2
0 0.745 0.455 -7.326869566e-05 2
0 0.745 0.465 -6.245707482e-05 2
0 0.745 0.475 -4.980786344e-05 2
0 0.745 0.485 -3.476911668e-05 2
0 0.745 0.495 -2.094098048e-05 2
0 0.745 0.505 0 2
0 0.745 0.515 0 2
0 0.745 0.525 0 2
0 0.745 0.535 0 2
0 0.745 0.545 0 2
0 0.745 0.555 0 2
0 0.745 0.565 0 2
0 0.755 -0.555 0 2
0 0.755 -0.545 0 2
0 0.755 -0.535 0 2
0 0.755 -0.525 0 2
0 0.755 -0.515 0 2
0 0.755 -0.505 0 2
0 0.755 -0.495 -2.866398044e-05 2
0 0.755 -0.485 -5.323769094e-05 2
0 0.755 -0.475 -8.403442695e-05 2
0 0.755 -0.465 -0.0001160428719 2
0 0.755 -0.455 -0.0001496482542 2
0 0.755 -0.445 -0.0001835252041 2
0 0.755 -0.435 -0.0002170062699 2
0 0.755 -0.425 -0.0002492849961 2
0 0.755 -0.415 -0.0002796639792 2
0 0.755 -0.405 -0.0003074650997 2
0 0.755 -0.395 -0.0003320570368 2
0 0.755 -0.385 -0.0003528557302 2
0 0.755 -0.375 -0.0003693470676 2
0 0.755 -0.365 -0.0003811159857 2
0 0.755 -0.355 -0.0003878834575 2
0 0.755 -0.345 -0.0003895429973 2
0 0.755 -0.335 -0.0003861882748 2
0 0.755 -0.325 -0.0003781229983 2
0 0.755 -0.315 -0.0003658477939 2
0 0.755 -0.305 -0.0003500244739 2
0 0.755 -0.295 -0.0003314237939 2
0 0.755 -0.285 -0.0003108659908 2
0 0.755 -0.275 -0.0002891634992 2
0 0.755 -0.265 -0.0002670731835 2
0 0.755 -0.255 -0.0002452622903 2
0 0.755 -0.245 -0.0002242888619 2
0 0.755 -0.235 -0.0002045943665 2
0 0.755 -0.225 -0.0001865043215 2
0 0.755 -0.215 -0.0001702321094 2
0 0.755 -0.205 -0.0001558820802 2
0 0.755 -0.195 -0.0001434500646 2
0 0.755 -0.185 -0.0001328219689 2
0 0.755 -0.175 -0.0001237734603 2
0 0.755 -0.165 -0.0001159751609 2
0 0.755 -0.155 -0.0001090078115 2
0 0.755 -0.145 -0.0001023903839 2
0 0.755 -0.135 -9.562159291e-05 2
0 0.755 -0.125 -8.823237034e-05 2
0 0.755 -0.115 -7.984484808e-05 2
0 0.755 -0.105 -7.023217379e-05 2
0 0.755 -0.095 -5.937408594e-05 2
0 0.755 -0.085 -4.750330336e-05 2
0 0.755 -0.075 -3.514110585e-05 2
0 0.755 -0.065 -2.311983447e-05 2
0 0.755 -0.055 -1.25834878e-05 2
0 0.755 -0.045 -4.947051256e-06 2
0 0.755 -0.035 -1.769936077e-06 2
0 0.755 -0.025 -4.525185647e-06 2
0 0.755 -0.015 -1.422192031e-05 2
0 0.755 -0.005 -3.102468506e-05 2
0 0.755 0.005 -5.398625282e-05 2
0 0.755 0.015 -8.108399798e-05 2
0 0.755 0.025 -0.0001095938436 2
0 0.755 0.035 -0.0001366112479 2
0 0.755 0.045 -0.0001594656744 2
0 0.755 0.055 -0.0001759416809 2
0 0.755 0.065 -0.0001844767496 2
0 0.755 0.075 -0.000184388714 2
0 0.755 0.085 -0.0001760119101 2
0 0.755 0.095 -0.0001605424788 2
0 0.755 0.105 -0.0001396704382 2
0 0.755 0.115 -0.0001152565176 2
0 0.755 0.125 -8.922426548e-05 2
0 0.755 0.135 -6.355162657e-05 2
0 0.755 0.145 -4.014875073e-05 2
0 0.755 0.155 -2.048594511e-05 2
0 0.755 0.165 -5.138166127e-06 2
0 0.755 0.175 6.443904219e-06 2
0 0.755 0.185 1.572165112e-05 2
0 0.755 0.195 2.451007909e-05 2
0 0.755 0.205 3.439327198e-05 2
0 0.755 0.215 4.640032883e-05 2
0 0.755 0.225 6.098078665e-05 2
0 0.755 0.235 7.813236722e-05 2
0 0.755 0.245 9.756669346e-05 2
0 0.755 0.255 0.0001188316167 2
0 0.755 0.265 0.0001413811949 2
0 0.755 0.275 0.0001646042742 2
0 0.755 0.285 0.0001878345883 2
0 0.755 0.295 0.0002103604383 2
0 0.755 0.305 0.0002314467738 2
0 0.755 0.315 0.0002503705545 2
0 0.755 0.325 0.0002664631597 2
0 0.755 0.335 0.0002791503945 2
0 0.755 0.345 0.0002879818316 2
0 0.755 0.355 0.0002926452902 2
0 0.755 0.365 0.0002929669535 2
0 0.755 0.375 0.000288901323 2
0 0.755 0.385 0.0002805169814 2
0 0.755 0.395 0.0002679843201 2
0 0.755 0.405 0.0002515692894 2
0 0.755 0.415 0.0002316362758 2
0 0.755 0.425 0.0002086543091 2
0 0.755 0.435 0.0001832139113 2
0 0.755 0.445 0.0001560059065 2
0 0.755 0.455 0.0001278789168 2
0 0.755 0.465 9.958441359e-05 2
0 0.755 0.475 7.241116265e-05 2
0 0.755 0.485 4.608913903e-05 2
0 0.755 0.495 2.497265463e-05 2
0 0.755 0.505 0 2
0 0.755 0.515 0 2
0 0.755 0.525 0 2
0 0.755 0.535 0 2
0 0.755 0.545 0 2
0 0.755 0.555 0 2
0 0.755 0.565 0 2
0 0.765 -0.555 0 2
0 0.765 -0.545 0 2
0 0.765 -0.535 0 2
0 0.765 -0.525 0 2
0 0.765 -0.515 0 2
0 0.765 -0.505 0 2
0 0.765 -0.495 -7.581384275e-05 2
0 0.765 -0.485 -0.0001355545789 2
0 0.765 -0.475 -0.0002078389806 2
0 0.765 -0.465 -0.0002797529513 2
0 0.765 -0.455 -0.0003526854262 2
0 0.765 -0.445 -0.0004235163586 2
0 0.765 -0.435 -0.000490854222 2
0 0.765 -0.425 -0.0005529715183 2
0 0.765 -0.415 -0.0006084659815 2
0 0.765 -0.405 -0.0006560334594 2
0 0.765 -0.395 -0.0006945365956 2
0 0.765 -0.385 -0.0007229898289 2
0 0.765 -0.375 -0.0007405887663 2
0 0.765 -0.365 -0.000746744475 2
0 0.765 -0.355 -0.0007411320838 2
0 0.765 -0.345 -0.0007237402186 2
0 0.765 -0.335 -0.0006949090813 2
0 0.765 -0.325 -0.0006553425581 2
0 0.765 -0.315 -0.0006060852318 2
0 0.765 -0.305 -0.0005484647841 2
0 0.765 -0.295 -0.000484010043 2
0 0.765 -0.285 -0.0004143595639 2
0 0.765 -0.275 -0.0003411746883 2
0 0.765 -0.265 -0.0002660672857 2
0 0.765 -0.255 -0.0001905477703 2
0 0.765 -0.245 -0.0001159941544 2
0 0.765 -0.235 -4.363886627e-05 2
0 0.765 -0.225 2.543260568e-05 2
0 0.765 -0.215 9.027800617e-05 2
0 0.765 -0.205 0.0001500951089 2
0 0.765 -0.195 0.0002042220541 2
0 0.765 -0.185 0.0002521412441 2
0 0.765 -0.175 0.0002934842737 2
0 0.765 -0.165 0.0003280339416 2
0 0.765 -0.155 0.0003557193523 2
0 0.765 -0.145 0.0003766014105 2
0 0.765 -0.135 0.0003908481022 2
0 0.765 -0.125 0.0003987014414 2
0 0.765 -0.115 0.000400439431 2
0 0.765 -0.105 0.0003963378352 2
0 0.765 -0.095 0.0003866337429 2
0 0.765 -0.085 0.0003714931921 2
0 0.765 -0.075 0.0003509734167 2
0 0.765 -0.065 0.0003249731547 2
0 0.765 -0.055 0.0002931613556 2
0 0.765 -0.045 0.0002549044543 2
0 0.765 -0.035 0.0002092805451 2
0 0.765 -0.025 0.0001552328456 2
0 0.765 -0.015 9.208734351e-05 2
0 0.765 -0.005 2.011767104e-05 2
0 0.765 0.005 -5.898354646e-05 2
0 0.765 0.015 -0.0001421095562 2
0 0.765 0.025 -0.000225350323 2
0 0.765 0.035 -0.0003048063179 2
0 0.765 0.045 -0.0003770613049 2
0 0.765 0.055 -0.0004391980752 2
0 0.765 0.065 -0.0004889075203 2
0 0.765 0.075 -0.00052488971 2
0 0.765 0.085 -0.0005472589875 2
0 0.765 0.095 -0.0005573520715 2
0 0.765 0.105 -0.0005570590708 2
0 0.765 0.115 -0.0005482365893 2
0 0.765 0.125 -0.0005325076344 2
0 0.765 0.135 -0.0005112612545 2
0 0.765 0.145 -0.0004856769232 2
0 0.765 0.155 -0.0004566043501 2
0 0.765 0.165 -0.0004243823909 2
0 0.765 0.175 -0.0003887718052 2
0 0.765 0.185 -0.0003490911187 2
0 0.765 0.195 -0.0003045236113 2
0 0.765 0.205 -0.0002544460657 2
0 0.765 0.215 -0.0001986386697 2
0 0.765 0.225 -0.0001373349834 2
0 0.765 0.235 -7.116495302e-05 2
0 0.765 0.245 -1.058238497e-06 2
0 0.765 0.255 7.183929759e-05 2
0 0.765 0.265 0.0001462205541 2
0 0.765 0.275 0.0002206495068 2
0 0.765 0.285 0.0002935898586 2
0 0.765 0.295 0.0003634460475 2
0 0.765 0.305 0.0004286227899 2
0 0.765 0.315 0.0004875981622 2
0 0.765 0.325 0.0005389983369 2
0 0.765 0.335 0.0005816605588 2
0 0.765 0.345 0.000614674663 2
0 0.765 0.355 0.0006374000349 2
0 0.765 0.365 0.0006494613101 2
0 0.765 0.375 0.0006507304145 2
0 0.765 0.385 0.0006413037507 2
0 0.765 0.395 0.0006214830639 2
0 0.765 0.405 0.0005917644675 2
0 0.765 0.415 0.0005528419683 2
0 0.765 0.425 0.0005056122294 2
0 0.765 0.435 0.0004512125169 2
0 0.765 0.445 0.0003909688735 2
0 0.765 0.455 0.0003266006757 2
0 0.765 0.465 0.0002595846002 2
0 0.765 0.475 0.0001930329442 2
0 0.765 0.485 0.0001258759848 2
0 0.765 0.495 7.029064894e-05 2
0 0.765 0.505 0 2
0 0.765 0.515 0 2
0 0.765 0.525 0 2
0 0.765 0.535 0 2
0 0.765 0.545 0 2
0 0.765 0.555 0 2
0 0.765 0.565 0 2
0 0.775 -0.555 0 2
0 0.775 -0.545 0 2
0 0.775 -0.535 0 2
0 0.775 -0.525 0 2
0 0.775 -0.515 0 2
0 0.775 -0.505 0 2
0 0.775 -0.495 -0.0001219554433 2
0 0.775 -0.485 -0.0002161071821 2
0 0.775 -0.475 -0.0003289773725 2
0 0.775 -0.465 -0.0004399153594 2
0 0.775 -0.455 -0.0005512942992 2
0 0.775 -0.445 -0.0006582439394 2
0 0.775 -0.435 -0.0007586743419 2
0 0.775 -0.425 -0.0008499699167 2
0 0.775 -0.415 -0.0009300530428 2
0 0.775 -0.405 -0.0009970195344 2
0 0.775 -0.395 -0.001049243744 2
0 0.775 -0.385 -0.001085344504 2
0 0.775 -0.375 -0.001104218492 2
0 0.775 -0.365 -0.001105080104 2
0 0.775 -0.355 -0.001087526178 2
0 0.775 -0.345 -0.001051606632 2
0 0.775 -0.335 -0.0009978826281 2
0 0.775 -0.325 -0.0009274478104 2
0 0.775 -0.315 -0.0008418959792 2
0 0.775 -0.305 -0.0007432357842 2
0 0.775 -0.295 -0.0006337705707 2
0 0.775 -0.285 -0.0005159677766 2
0 0.775 -0.275 -0.0003923379387 2
0 0.775 -0.265 -0.0002653364685 2
0 0.775 -0.255 -0.0001372949856 2
0 0.775 -0.245 -1.038241866e-05 2
0 0.775 -0.235 0.0001134092495 2
0 0.775 -0.225 0.0002322633805 2
0 0.775 -0.215 0.000344531236 2
0 0.775 -0.205 0.0004487267837 2
0 0.775 -0.195 0.0005435282218 2
0 0.775 -0.185 0.00062778652 2
0 0.775 -0.175 0.0007005381002 2
0 0.775 -0.165 0.0007610171544 2
0 0.775 -0.155 0.0008086631693 2
0 0.775 -0.145 0.0008431206737 2
0 0.775 -0.135 0.0008642303342 2
0 0.775 -0.125 0.000872013146 2
0 0.775 -0.115 0.0008666506596 2
0 0.775 -0.105 0.0008484667314 2
0 0.775 -0.095 0.0008179106403 2
0 0.775 -0.085 0.0007755471147 2
0 0.775 -0.075 0.0007220285253 2
0 0.775 -0.065 0.0006580477733 2
0 0.775 -0.055 0.0005842017314 2
0 0.775 -0.045 0.0005007674522 2
0 0.775 -0.035 0.0004075629116 2
0 0.775 -0.025 0.0003039761757 2
0 0.775 -0.015 0.0001896045194 2
0 0.775 -0.005 6.492002714e-05 2
0 0.775 0.005 -6.773621763e-05 2
0 0.775 0.015 -0.0002039987594 2
0 0.775 0.025 -0.0003385637609 2
0 0.775 0.035 -0.0004667308223 2
0 0.775 0.045 -0.0005849966009 2
0 0.775 0.055 -0.0006901746111 2
0 0.775 0.065 -0.0007791362104 2
0 0.775 0.075 -0.0008497304836 2
0 0.775 0.085 -0.000901808112 2
0 0.775 0.095 -0.0009370717621 2
0 0.775 0.105 -0.000957659137 2
0 0.775 0.115 -0.0009650854468 2
0 0.775 0.125 -0.0009603796125 2
0 0.775 0.135 -0.0009442533783 2
0 0.775 0.145 -0.0009171579931 2
0 0.775 0.155 -0.0008794325057 2
0 0.775 0.165 -0.0008312719905 2
0 0.775 0.175 -0.000772731253 2
0 0.775 0.185 -0.00070379829 2
0 0.775 0.195 -0.0006245401206 2
0 0.775 0.205 -0.0005352576468 2
0 0.775 0.215 -0.0004365866636 2
0 0.775 0.225 -0.0003295195383 2
0 0.775 0.235 -0.0002153716376 2
0 0.775 0.245 -9.572914522e-05 2
0 0.775 0.255 2.759169073e-05 2
0 0.775 0.265 0.0001525672931 2
0 0.775 0.275 0.0002769837886 2
0 0.775 0.285 0.0003984703987 2
0 0.775 0.295 0.0005145653359 2
0 0.775 0.305 0.0006228154362 2
0 0.775 0.315 0.0007208951741 2
0 0.775 0.325 0.0008067229263 2
0 0.775 0.335 0.0008785533716 2
0 0.775 0.345 0.0009350329735 2
0 0.775 0.355 0.0009752168821 2
0 0.775 0.365 0.0009985551011 2
0 0.775 0.375 0.00100486091 2
0 0.775 0.385 0.0009942745279 2
0 0.775 0.395 0.0009672337201 2
0 0.775 0.405 0.0009244566662 2
0 0.775 0.415 0.0008669469968 2
0 0.775 0.425 0.0007960009051 2
0 0.775 0.435 0.0007132719982 2
0 0.775 0.445 0.0006206972849 2
0 0.775 0.455 0.0005208503387 2
0 0.775 0.465 0.0004159331027 2
0 0.775 0.475 0.0003108582381 2
0 0.775 0.485 0.0002037883451 2
0 0.775 0.495 0.0001145319956 2
0 0.775 0.505 0 2
0 0.775 0.515 0 2
0 0.775 0.525 0 2
0 0.775 0.535 0 2
0 0.775 0.545 0 2
0 0.775 0.555 0 2
0 0.775 0.565 0 2
0 0.785 -0.555 0 2
0 0.785 -0.545 0 2
0 0.785 -0.535 0 2
0 0.785 -0.525 0 2
0 0.785 -0.515 0 2
0 0.785 -0.505 0 2
0 0.785 -0.495 -0.0001666852094 2
0 0.785 -0.485 -0.0002941812841 2
0 0.785 -0.475 -0.0004463606119 2
0 0.785 -0.465 -0.0005950678413 2
0 0.785 -0.455 -0.0007436313429 2
0 0.785 -0.445 -0.0008854908111 2
0 0.785 -0.435 -0.001017891989 2
0 0.785 -0.425 -0.001137376586 2
0 0.785 -0.415 -0.001241234167 2
0 0.785 -0.405 -0.001327000754 2
0 0.785 -0.395 -0.001392593751 2
0 0.785 -0.385 -0.001436252917 2
0 0.785 -0.375 -0.00145657216 2
0 0.785 -0.365 -0.001452543289 2
0 0.785 -0.355 -0.001423641727 2
0 0.785 -0.345 -0.001369930113 2
0 0.785 -0.335 -0.001292152095 2
0 0.785 -0.325 -0.001191774893 2
0 0.785 -0.315 -0.001070948509 2
0 0.785 -0.305 -0.0009323822695 2
0 0.785 -0.295 -0.0007791729694 2
0 0.785 -0.285 -0.0006146258137 2
0 0.785 -0.275 -0.0004420950415 2
0 0.785 -0.265 -0.0002648587474 2
0 0.785 -0.255 -8.603551086e-05 2
0 0.785 -0.245 9.145805499e-05 2
0 0.785 -0.235 0.0002649164802 2
0 0.785 -0.225 0.0004318343222 2
0 0.785 -0.215 0.0005898900271 2
0 0.785 -0.205 0.0007369365213 2
0 0.785 -0.195 0.0008710045993 2
0 0.785 -0.185 0.0009903188491 2
0 0.785 -0.175 0.001093321665 2
0 0.785 -0.165 0.001178699079 2
0 0.785 -0.155 0.001245402634 2
0 0.785 -0.145 0.001292663529 2
0 0.785 -0.135 0.001319997752 2
0 0.785 -0.125 0.001327204108 2
0 0.785 -0.115 0.001314358136 2
0 0.785 -0.105 0.001281809742 2
0 0.785 -0.095 0.00123018308 2
0 0.785 -0.085 0.001160397066 2
0 0.785 -0.075 0.00107365866 2
0 0.785 -0.065 0.0009714833175 2
0 0.785 -0.055 0.0008555216059 2
0 0.785 -0.045 0.0007272877726 2
0 0.785 -0.035 0.0005875714468 2
0 0.785 -0.025 0.0004360292861 2
0 0.785 -0.015 0.0002723329719 2
0 0.785 -0.005 9.736329841e-05 2
0 0.785 0.005 -8.515830672e-05 2
0 0.785 0.015 -0.0002691625057 2
0 0.785 0.025 -0.0004484158138 2
0 0.785 0.035 -0.0006182987969 2
0 0.785 0.045 -0.0007763852362 2
0 0.785 0.055 -0.0009200396765 2
0 0.785 0.065 -0.001045549301 2
0 0.785 0.075 -0.001149593773 2
0 0.785 0.085 -0.001231050835 2
0 0.785 0.095 -0.0012917234 2
0 0.785 0.105 -0.001334137824 2
0 0.785 0.115 -0.001359195362 2
0 0.785 0.125 -0.001366901363 2
0 0.785 0.135 -0.00135716519 2
0 0.785 0.145 -0.001329752407 2
0 0.785 0.155 -0.001284552876 2
0 0.785 0.165 -0.001221699532 2
0 0.785 0.175 -0.001141573807 2
0 0.785 0.185 -0.001044806911 2
0 0.785 0.195 -0.0009323093043 2
0 0.785 0.205 -0.0008052911878 2
0 0.785 0.215 -0.0006652646568 2
0 0.785 0.225 -0.0005140157656 2
0 0.785 0.235 -0.0003535662902 2
0 0.785 0.245 -0.0001861480434 2
0 0.785 0.255 -1.420539627e-05 2
0 0.785 0.265 0.0001595804786 2
0 0.785 0.275 0.0003322723082 2
0 0.785 0.285 0.0005006986165 2
0 0.785 0.295 0.0006615402383 2
0 0.785 0.305 0.0008114775507 2
0 0.785 0.315 0.0009473687546 2
0 0.785 0.325 0.001066420335 2
0 0.785 0.335 0.001166316129 2
0 0.785 0.345 0.00124528667 2
0 0.785 0.355 0.001302120211 2
0 0.785 0.365 0.001336131214 2
0 0.785 0.375 0.001347107727 2
0 0.785 0.385 0.001335255991 2
0 0.785 0.395 0.001301157439 2
0 0.785 0.405 0.001245743869 2
0 0.785 0.415 0.001170304247 2
0 0.785 0.425 0.001076497149 2
0 0.785 0.435 0.0009664478978 2
0 0.785 0.445 0.0008426622174 2
0 0.785 0.455 0.000708530711 2
0 0.785 0.465 0.0005669650478 2
0 0.785 0.475 0.0004246349285 2
0 0.785 0.485 0.0002789852284 2
0 0.785 0.495 0.0001571986953 2
0 0.785 0.505 0 2
0 0.785 0.515 0 2
0 0.785 0.525 0 2
0 0.785 0.535 0 2
0 0.785 0.545 0 2
0 0.785 0.555 0 2
0 0.785 0.565 0 2
0 0.795 -0.555 0 2
0 0.795 -0.545 0 2
0 0.795 -0.535 0 2
0 0.795 -0.525 0 2
0 0.795 -0.515 0 2
0 0.795 -0.505 0 2
0 0.795 -0.495 -0.0002096091585 2
0 0.795 -0.485 -0.0003690773806 2
0 0.795 -0.475 -0.000558918564 2
0 0.795 -0.465 -0.0007437675625 2
0 0.795 -0.455 -0.000927868449 2
0 0.795 -0.445 -0.001103045029 2
0 0.795 -0.435 -0.001265920027 2
0 0.795 -0.425 -0.001412249748 2
0 0.795 -0.415 -0.001538747371 2
0 0.795 -0.405 -0.00164244644 2
0 0.795 -0.395 -0.001720857431 2
0 0.795 -0.385 -0.001771874829 2
0 0.795 -0.375 -0.001793796867 2
0 0.795 -0.365 -0.001785366604 2
0 0.795 -0.355 -0.001745882151 2
0 0.795 -0.345 -0.001675349133 2
0 0.795 -0.335 -0.001574635714 2
0 0.795 -0.325 -0.001445559103 2
0 0.795 -0.315 -0.001290837465 2
0 0.795 -0.305 -0.001113908 2
0 0.795 -0.295 -0.000918681055 2
0 0.795 -0.285 -0.000709302693 2
0 0.795 -0.275 -0.0004899554627 2
0 0.795 -0.265 -0.000264706755 2
0 0.795 -0.255 -3.741338605e-05 2
0 0.795 -0.245 0.000188319446 2
0 0.795 -0.235 0.0004091347608 2
0 0.795 -0.225 0.0006218943981 2
0 0.795 -0.215 0.0008236476738 2
0 0.795 -0.205 0.001011615229 2
0 0.795 -0.195 0.00118319593 2
0 0.795 -0.185 0.001335994346 2
0 0.795 -0.175 0.001467860853 2
0 0.795 -0.165 0.001576934743 2
0 0.795 -0.155 0.001661682359 2
0 0.795 -0.145 0.001720925311 2
0 0.795 -0.135 0.001753857102 2
0 0.795 -0.125 0.001760050259 2
0 0.795 -0.115 0.001739457118 2
0 0.795 -0.105 0.001692415286 2
0 0.795 -0.095 0.001619654794 2
0 0.795 -0.085 0.001522348259 2
0 0.795 -0.075 0.001402120171 2
0 0.795 -0.065 0.001261218702 2
0 0.795 -0.055 0.001102286424 2
0 0.795 -0.045 0.0009285210761 2
0 0.795 -0.035 0.0007422027875 2
0 0.795 -0.025 0.0005432165715 2
0 0.795 -0.015 0.0003318133513 2
0 0.795 -0.005 0.0001122744143 2
0 0.795 0.005 -0.0001137601244 2
0 0.795 0.015 -0.000338200566 2
0 0.795 0.025 -0.0005509349244 2
0 0.795 0.035 -0.0007505778711 2
0 0.795 0.045 -0.000937780156 2
0 0.795 0.055 -0.001114282113 2
0 0.795 0.065 -0.001274575516 2
0 0.795 0.075 -0.001410729939 2
0 0.795 0.085 -0.001522865114 2
0 0.795 0.095 -0.001613555826 2
0 0.795 0.105 -0.001680002393 2
0 0.795 0.115 -0.001724884811 2
0 0.795 0.125 -0.001747129791 2
0 0.795 0.135 -0.001745605174 2
0 0.795 0.145 -0.001719417391 2
0 0.795 0.155 -0.001668160343 2
0 0.795 0.165 -0.001592014737 2
0 0.795 0.175 -0.001491772819 2
0 0.795 0.185 -0.001368741888 2
0 0.795 0.195 -0.001224689474 2
0 0.795 0.205 -0.001061749836 2
0 0.795 0.215 -0.0008823336842 2
0 0.795 0.225 -0.0006890375731 2
0 0.795 0.235 -0.0004845815997 2
0 0.795 0.245 -0.0002717976865 2
0 0.795 0.255 -5.367946052e-05 2
0 0.795 0.265 0.000166525833 2
0 0.795 0.275 0.0003852327542 2
0 0.795 0.285 0.0005985071113 2
0 0.795 0.295 0.0008021713454 2
0 0.795 0.305 0.0009920153734 2
0 0.795 0.315 0.00116405624 2
0 0.795 0.325 0.001314781058 2
0 0.795 0.335 0.001441321233 2
0 0.795 0.345 0.001541532308 2
0 0.795 0.355 0.001613988123 2
0 0.795 0.365 0.001657919371 2
0 0.795 0.375 0.001673131083 2
0 0.795 0.385 0.001659922909 2
0 0.795 0.395 0.001619030076 2
0 0.795 0.405 0.001551589314 2
0 0.795 0.415 0.001459146244 2
0 0.795 0.425 0.001343674074 2
0 0.795 0.435 0.001207707442 2
0 0.795 0.445 0.001054256567 2
0 0.795 0.455 0.0008874701755 2
0 0.795 0.465 0.0007109430829 2
0 0.795 0.475 0.0005330455397 2
0 0.795 0.485 0.0003505790166 2
0 0.795 0.495 0.0001977687034 2
0 0.795 0.505 0 2
0 0.795 0.515 0 2
0 0.795 0.525 0 2
0 0.795 0.535 0 2
0 0.795 0.545 0 2
0 0.795 0.555 0 2
0 0.795 0.565 0 2
0 0.805 -0.555 0 2
0 0.805 -0.545 0 2
0 0.805 -0.535 0 2
0 0.805 -0.525 0 2
0 0.805 -0.515 0 2
0 0.805 -0.505 0 2
0 0.805 -0.495 -0.0002503486449 2
0 0.805 -0.485 -0.000440121424 2
0 0.805 -0.475 -0.0006656169028 2
0 0.805 -0.465 -0.000884614349 2
0 0.805 -0.455 -0.001102222238 2
0 0.805 -0.445 -0.001308733997 2
0 0.805 -0.435 -0.001500195265 2
0 0.805 -0.425 -0.001671643871 2
0 0.805 -0.415 -0.001819286147 2
0 0.805 -0.405 -0.001939729589 2
0 0.805 -0.395 -0.002030152339 2
0 0.805 -0.385 -0.002088163849 2
0 0.805 -0.375 -0.002111795078 2
0 0.805 -0.365 -0.002099522083 2
0 0.805 -0.355 -0.002050399339 2
0 0.805 -0.345 -0.001964278101 2
0 0.805 -0.335 -0.001842063524 2
0 0.805 -0.325 -0.001685888952 2
0 0.805 -0.315 -0.001499061804 2
0 0.805 -0.305 -0.001285782052 2
0 0.805 -0.295 -0.001050786352 2
0 0.805 -0.285 -0.0007990488901 2
0 0.805 -0.275 -0.0005355507073 2
0 0.805 -0.265 -0.0002651023238 2
0 0.805 -0.255 7.764094754e-06 2
0 0.805 -0.245 0.0002788307183 2
0 0.805 -0.235 0.000544168254 2
0 0.805 -0.225 0.0008000750342 2
0 0.805 -0.215 0.001043021874 2
0 0.805 -0.205 0.001269627028 2
0 0.805 -0.195 0.001476670695 2
0 0.805 -0.185 0.001661140832 2
0 0.805 -0.175 0.001820295949 2
0 0.805 -0.165 0.001951730104 2
0 0.805 -0.155 0.002053429166 2
0 0.805 -0.145 0.002123812398 2
0 0.805 -0.135 0.002161757413 2
0 0.805 -0.125 0.002166610918 2
0 0.805 -0.115 0.002138188008 2
0 0.805 -0.105 0.002076773633 2
0 0.805 -0.095 0.001983119721 2
0 0.805 -0.085 0.001858507225 2
0 0.805 -0.075 0.001704735288 2
0 0.805 -0.065 0.001524497405 2
0 0.805 -0.055 0.001320945002 2
0 0.805 -0.045 0.001099269501 2
0 0.805 -0.035 0.000863441083 2
0 0.805 -0.025 0.0006177780594 2
0 0.805 -0.015 0.0003541211367 2
0 0.805 -0.005 8.582718662e-05 2
0 0.805 0.005 -0.0001757452364 2
0 0.805 0.015 -0.000423279117 2
0 0.805 0.025 -0.0006524088707 2
0 0.805 0.035 -0.000870252043 2
0 0.805 0.045 -0.001075440728 2
0 0.805 0.055 -0.001269751162 2
0 0.805 0.065 -0.001455865221 2
0 0.805 0.075 -0.001624039779 2
0 0.805 0.085 -0.001770193952 2
0 0.805 0.095 -0.001895016553 2
0 0.805 0.105 -0.001991156448 2
0 0.805 0.115 -0.002058474824 2
0 0.805 0.125 -0.002097734918 2
0 0.805 0.135 -0.002106432867 2
0 0.805 0.145 -0.002083012996 2
0 0.805 0.155 -0.002027074295 2
0 0.805 0.165 -0.001938986149 2
0 0.805 0.175 -0.001820068082 2
0 0.805 0.185 -0.001672371757 2
0 0.805 0.195 -0.001498571389 2
0 0.805 0.205 -0.001301765862 2
0 0.805 0.215 -0.001085297203 2
0 0.805 0.225 -0.0008525847441 2
0 0.805 0.235 -0.0006070194764 2
0 0.805 0.245 -0.0003519530153 2
0 0.805 0.255 -9.080116672e-05 2
0 0.805 0.265 0.0001727657751 2
0 0.805 0.275 0.0004346263386 2
0 0.805 0.285 0.0006901315149 2
0 0.805 0.295 0.0009342307156 2
0 0.805 0.305 0.001161777758 2
0 0.805 0.315 0.001367907758 2
0 0.805 0.325 0.001548378158 2
0 0.805 0.335 0.001699797438 2
0 0.805 0.345 0.001819705626 2
0 0.805 0.355 0.001906531806 2
0 0.805 0.365 0.001959485025 2
0 0.805 0.375 0.001978433601 2
0 0.805 0.385 0.001963798554 2
0 0.805 0.395 0.001916479543 2
0 0.805 0.405 0.001837810854 2
0 0.805 0.415 0.001729565291 2
0 0.805 0.425 0.001593974708 2
0 0.805 0.435 0.001433901097 2
0 0.805 0.445 0.001252767617 2
0 0.805 0.455 0.001055396619 2
0 0.805 0.465 0.0008460319762 2
0 0.805 0.475 0.000634683133 2
0 0.805 0.485 0.000417616073 2
0 0.805 0.495 0.0002356835105 2
0 0.805 0.505 0 2
0 0.805 0.515 0 2
0 0.805 0.525 0 2
0 0.805 0.535 0 2
0 0.805 0.545 0 2
0 0.805 0.555 0 2
0 0.805 0.565 0 2
0 0.815 -0.555 0 2
0 0.815 -0.545 0 2
0 0.815 -0.535 0 2
0 0.815 -0.525 0 2
0 0.815 -0.515 0 2
0 0.815 -0.505 0 2
0 0.815 -0.495 -0.0002885462782 2
0 0.815 -0.485 -0.0005066763182 2
0 0.815 -0.475 -0.0007654759576 2
0 0.815 -0.465 -0.001016277792 2
0 0.815 -0.455 -0.00126499028 2
0 0.815 -0.445 -0.001500469709 2
0 0.815 -0.435 -0.001718230899 2
0 0.815 -0.425 -0.001912664861 2
0 0.815 -0.415 -0.002079549822 2
0 0.815 -0.405 -0.00221516169 2
0 0.815 -0.395 -0.002316448058 2
0 0.815 -0.385 -0.002380830982 2
0 0.815 -0.375 -0.002406146552 2
0 0.815 -0.365 -0.002390615703 2
0 0.815 -0.355 -0.002332980655 2
0 0.815 -0.345 -0.002232800198 2
0 0.815 -0.335 -0.002090875378 2
0 0.815 -0.325 -0.001909608851 2
0 0.815 -0.315 -0.001692950165 2
0 0.815 -0.305 -0.00144591361 2
0 0.815 -0.295 -0.001174042054 2
0 0.815 -0.285 -0.0008830772484 2
0 0.815 -0.275 -0.0005787389563 2
0 0.815 -0.265 -0.0002665212225 2
0 0.815 -0.255 4.843613251e-05 2
0 0.815 -0.245 0.000361386785 2
0 0.815 -0.235 0.0006679232478 2
0 0.815 -0.225 0.0009638611364 2
0 0.815 -0.215 0.001245145957 2
0 0.815 -0.205 0.001507817619 2
0 0.815 -0.195 0.001748041627 2
0 0.815 -0.185 0.001962184672 2
0 0.815 -0.175 0.002146909332 2
0 0.815 -0.165 0.002299266084 2
0 0.815 -0.155 0.002416769024 2
0 0.815 -0.145 0.002497449409 2
0 0.815 -0.135 0.002539885663 2
0 0.815 -0.125 0.002543212593 2
0 0.815 -0.115 0.00250711155 2
0 0.815 -0.105 0.002431795608 2
0 0.815 -0.095 0.002317976566 2
0 0.815 -0.085 0.002166906858 2
0 0.815 -0.075 0.001980287636 2
0 0.815 -0.065 0.001760815515 2
0 0.815 -0.055 0.001511220095 2
0 0.815 -0.045 0.001238219351 2
0 0.815 -0.035 0.0009434511279 2
0 0.815 -0.025 0.0006460356826 2
0 0.815 -0.015 0.0003287398028 2
0 0.815 -0.005 1.134901263e-05 2
0 0.815 0.005 -0.0002745302272 1
0 0.815 0.015 -0.0005214808647 1
0 0.815 0.025 -0.0007546617663 1
0 0.815 0.035 -0.000985075696 1
0 0.815 0.045 -0.001202096637 1
0 0.815 0.055 -0.001399390189 1
0 0.815 0.065 -0.001585953021 1
0 0.815 0.075 -0.001789782381 2
0 0.815 0.085 -0.001975382372 2
0 0.815 0.095 -0.002135735674 2
0 0.815 0.105 -0.002264158318 2
0 0.815 0.115 -0.002359049828 2
0 0.815 0.125 -0.00241736345 2
0 0.815 0.135 -0.002437816336 2
0 0.815 0.145 -0.002418225564 2
0 0.815 0.155 -0.002358615073 2
0 0.815 0.165 -0.00225968011 2
0 0.815 0.175 -0.002123366371 2
0 0.815 0.185 -0.001952538014 2
0 0.815 0.195 -0.001750836355 2
0 0.815 0.205 -0.001522379453 2
0 0.815 0.215 -0.001271486027 2
0 0.815 0.225 -0.001002419382 2
0 0.815 0.235 -0.0007192113664 2
0 0.815 0.245 -0.0004256280651 2
0 0.815 0.255 -0.0001253277497 2
0 0.815 0.265 0.0001778091028 2
0 0.815 0.275 0.0004792915858 2
0 0.815 0.285 0.0007738192158 2
0 0.815 0.295 0.001055437569 2
0 0.815 0.305 0.001317998123 2
0 0.815 0.315 0.00155570348 2
0 0.815 0.325 0.001763575111 2
0 0.815 0.335 0.001937744938 2
0 0.815 0.345 0.002075517612 2
0 0.815 0.355 0.002175259898 2
0 0.815 0.365 0.002236221017 2
0 0.815 0.375 0.00225837171 2
0 0.815 0.385 0.002242274207 2
0 0.815 0.395 0.002189000593 2
0 0.815 0.405 0.002100080235 2
0 0.815 0.415 0.001977492128 2
0 0.815 0.425 0.001823672686 2
0 0.815 0.435 0.001641713532 2
0 0.815 0.445 0.001435326019 2
0 0.815 0.455 0.001209888508 2
0 0.815 0.465 0.0009702539814 2
0 0.815 0.475 0.000728014247 2
0 0.815 0.485 0.0004790530327 2
0 0.815 0.495 0.0002703391557 2
0 0.815 0.505 0 2
0 0.815 0.515 0 2
0 0.815 0.525 0 2
0 0.815 0.535 0 2
0 0.815 0.545 0 2
0 0.815 0.555 0 2
0 0.815 0.565 0 2
0 0.825 -0.555 0 2
0 0.825 -0.545 0 2
0 0.825 -0.535 0 2
0 0.825 -0.525 0 2
0 0.825 -0.515 0 2
0 0.825 -0.505 0 2
0 0.825 -0.495 -0.0003238712585 2
0 0.825 -0.485 -0.0005681527842 2
0 0.825 -0.475 -0.0008575894292 2
0 0.825 -0.465 -0.001137525896 2
0 0.825 -0.455 -0.001414592309 2
0 0.825 -0.445 -0.001676304767 2
0 0.825 -0.435 -0.001917688007 2
0 0.825 -0.425 -0.002132554294 2
0 0.825 -0.415 -0.002316330943 2
0 0.825 -0.405 -0.002465066617 2
0 0.825 -0.395 -0.002575608019 2
0 0.825 -0.385 -0.002645336488 2
0 0.825 -0.375 -0.002672028887 2
0 0.825 -0.365 -0.002653711036 2
0 0.825 -0.355 -0.002588776635 2
0 0.825 -0.345 -0.00247635782 2
0 0.825 -0.335 -0.002316963611 2
0 0.825 -0.325 -0.002113187503 2
0 0.825 -0.315 -0.001869689764 2
0 0.825 -0.305 -0.001592310516 2
0 0.825 -0.295 -0.001287264282 2
0 0.825 -0.285 -0.0009609379701 2
0 0.825 -0.275 -0.0006197448093 2
0 0.825 -0.265 -0.0002698154324 2
0 0.825 -0.255 8.317527405e-05 2
0 0.825 -0.245 0.0004340513038 2
0 0.825 -0.235 0.0007780399646 2
0 0.825 -0.225 0.001110557375 2
0 0.825 -0.215 0.00142706649 2
0 0.825 -0.205 0.001723035451 2
0 0.825 -0.195 0.001994001098 2
0 0.825 -0.185 0.002235691493 2
0 0.825 -0.175 0.002444164243 2
0 0.825 -0.165 0.002615930019 2
0 0.825 -0.155 0.002748046956 2
0 0.825 -0.145 0.00283818348 2
0 0.825 -0.135 0.002884650182 2
0 0.825 -0.125 0.00288640428 2
0 0.825 -0.115 0.002843026697 2
0 0.825 -0.105 0.002754683605 2
0 0.825 -0.095 0.002622050366 2
0 0.825 -0.085 0.00244630204 2
0 0.825 -0.075 0.002228886211 2
0 0.825 -0.065 0.001972116631 2
0 0.825 -0.055 0.001677342217 2
0 0.825 -0.045 0.001351435983 2
0 0.825 -0.035 0.000986142119 2
0 0.825 -0.025 0.0006249959527 2
0 0.825 -0.015 0.0002751979532 1
0 0.825 -0.005 -2.840636671e-05 1
0 0.825 0.005 -0.0003111729861 1
0 0.825 0.015 -0.000593735622 1
0 0.825 0.025 -0.0008605261487 1
0 0.825 0.035 -0.001116864395 1
0 0.825 0.045 -0.001356590502 1
0 0.825 0.055 -0.001575043906 1
0 0.825 0.065 -0.001773928798 1
0 0.825 0.075 -0.001964620562 1
0 0.825 0.085 -0.002167560351 2
0 0.825 0.095 -0.002348487382 2
0 0.825 0.105 -0.002505652739 2
0 0.825 0.115 -0.002630012373 2
0 0.825 0.125 -0.002706999896 2
0 0.825 0.135 -0.002739016523 2
0 0.825 0.145 -0.002723241325 2
0 0.825 0.155 -0.002660305925 2
0 0.825 0.165 -0.002551231765 2
0 0.825 0.175 -0.002398585225 2
0 0.825 0.185 -0.002206065596 2
0 0.825 0.195 -0.001978320133 2
0 0.825 0.205 -0.001720532151 2
0 0.825 0.215 -0.001438050616 2
0 0.825 0.225 -0.001136034745 2
0 0.825 0.235 -0.0008191635552 2
0 0.825 0.245 -0.0004915185178 2
0 0.825 0.255 -0.0001567686412 2
0 0.825 0.265 0.0001813157409 2
0 0.825 0.275 0.0005181353608 2
0 0.825 0.285 0.0008478216897 2
0 0.825 0.295 0.00116344785 2
0 0.825 0.305 0.001457768583 2
0 0.825 0.315 0.001724001813 2
0 0.825 0.325 0.001956445359 2
0 0.825 0.335 0.002150841071 2
0 0.825 0.345 0.002304373738 2
0 0.825 0.355 0.002415435577 2
0 0.825 0.365 0.002483351964 2
0 0.825 0.375 0.002508199979 2
0 0.825 0.385 0.002490672037 2
0 0.825 0.395 0.002432009047 2
0 0.825 0.405 0.002333945516 2
0 0.825 0.415 0.002198677331 2
0 0.825 0.425 0.002028822695 2
0 0.825 0.435 0.001827605211 2
0 0.825 0.445 0.001598854108 2
0 0.825 0.455 0.001348327087 2
0 0.825 0.465 0.001081433009 2
0 0.825 0.475 0.000811314064 2
0 0.825 0.485 0.0005336988215 2
0 0.825 0.495 0.0003010535135 2
0 0.825 0.505 0 2
0 0.825 0.515 0 2
0 0.825 0.525 0 2
0 0.825 0.535 0 2
0 0.825 0.545 0 2
0 0.825 0.555 0 2
0 0.825 0.565 0 2
0 0.835 -0.555 0 2
0 0.835 -0.545 0 2
0 0.835 -0.535 0 2
0 0.835 -0.525 0 2
0 0.835 -0.515 0 2
0 0.835 -0.505 0 2
0 0.835 -0.495 -0.0003560229961 2
0 0.835 -0.485 -0.0006240173652 2
0 0.835 -0.475 -0.0009411393806 2
0 0.835 -0.465 -0.001247250457 2
0 0.835 -0.455 -0.001549610983 2
0 0.835 -0.445 -0.001834494533 2
0 0.835 -0.435 -0.002096464961 2
0 0.835 -0.425 -0.002328807768 2
0 0.835 -0.415 -0.002526657572 2
0 0.835 -0.405 -0.002685934546 2
0 0.835 -0.395 -0.00280353037 2
0 0.835 -0.385 -0.002876966825 2
0 0.835 -0.375 -0.002904109984 2
0 0.835 -0.365 -0.002883018391 2
0 0.835 -0.355 -0.002812015095 2
0 0.835 -0.345 -0.002689586779 2
0 0.835 -0.335 -0.002515405043 2
0 0.835 -0.325 -0.00229221623 2
0 0.835 -0.315 -0.002025742064 2
0 0.835 -0.305 -0.001722738095 2
0 0.835 -0.295 -0.001389636788 2
0 0.835 -0.285 -0.00103292761 2
0 0.835 -0.275 -0.0006595936971 2
0 0.835 -0.265 -0.0002765292753 2
0 0.835 -0.255 0.0001099918712 2
0 0.835 -0.245 0.000494441855 2
0 0.835 -0.235 0.0008718306645 2
0 0.835 -0.225 0.001237269965 2
0 0.835 -0.215 0.001585764409 2
0 0.835 -0.205 0.001912181356 2
0 0.835 -0.195 0.002211383862 2
0 0.835 -0.185 0.002478429331 2
0 0.835 -0.175 0.00270875997 2
0 0.835 -0.165 0.002898358074 2
0 0.835 -0.155 0.00304385352 2
0 0.835 -0.145 0.003142590877 2
0 0.835 -0.135 0.003192660354 2
0 0.835 -0.125 0.003192897279 2
0 0.835 -0.115 0.003142848359 2
0 0.835 -0.105 0.003042712537 2
0 0.835 -0.095 0.002893227629 2
0 0.835 -0.085 0.002695604593 2
0 0.835 -0.075 0.002451190528 2
0 0.835 -0.065 0.002162051858 2
0 0.835 -0.055 0.001828649611 2
0 0.835 -0.045 0.0014583739 2
0 0.835 -0.035 0.001039957557 2
0 0.835 -0.025 0.0006372563851 2
0 0.835 -0.015 0.0002644894623 1
0 0.835 -0.005 -5.456120647e-05 1
0 0.835 0.005 -0.0003532692666 1
0 0.835 0.015 -0.0006635092829 1
0 0.835 0.025 -0.0009609049278 1
0 0.835 0.035 -0.001243433936 1
0 0.835 0.045 -0.001507610963 1
0 0.835 0.055 -0.001751022813 1
0 0.835 0.065 -0.001971506591 1
0 0.835 0.075 -0.002171303635 1
0 0.835 0.085 -0.002358579276 1
0 0.835 0.095 -0.002549619336 2
0 0.835 0.105 -0.002725745356 2
0 0.835 0.115 -0.002876059658 2
0 0.835 0.125 -0.002968106499 2
0 0.835 0.135 -0.003009193152 2
0 0.835 0.145 -0.002995953073 2
0 0.835 0.155 -0.002929351354 2
0 0.835 0.165 -0.002810497015 2
0 0.835 0.175 -0.00264242192 2
0 0.835 0.185 -0.002429630123 2
0 0.835 0.195 -0.002177773344 2
0 0.835 0.205 -0.001893097303 2
0 0.835 0.215 -0.001582008813 2
0 0.835 0.225 -0.001250649803 2
0 0.835 0.235 -0.0009044273072 2
0 0.835 0.245 -0.0005477064005 2
0 0.835 0.255 -0.0001839434911 2
0 0.835 0.265 0.0001836056112 2
0 0.835 0.275 0.0005505802625 2
0 0.835 0.285 0.0009106231504 2
0 0.835 0.295 0.001255755649 2
0 0.835 0.305 0.001577649902 2
0 0.835 0.315 0.00186861299 2
0 0.835 0.325 0.002122279513 2
0 0.835 0.335 0.002334093713 2
0 0.835 0.345 0.002501203905 2
0 0.835 0.355 0.002622047911 2
0 0.835 0.365 0.002695995012 2
0 0.835 0.375 0.002723186291 2
0 0.835 0.385 0.002704386379 2
0 0.835 0.395 0.002640974877 2
0 0.835 0.405 0.002534917143 2
0 0.835 0.415 0.002388696471 2
0 0.835 0.425 0.00220516417 2
0 0.835 0.435 0.001987621443 2
0 0.835 0.445 0.00173982211 2
0 0.835 0.455 0.001467666667 2
0 0.835 0.465 0.001177046571 2
0 0.835 0.475 0.0008826366106 2
0 0.835 0.485 0.0005802693837 2
0 0.835 0.495 0.0003271440381 2
0 0.835 0.505 0 2
0 0.835 0.515 0 2
0 0.835 0.525 0 2
0 0.835 0.535 0 2
0 0.835 0.545 0 2
0 0.835 0.555 0 2
0 0.835 0.565 0 2
0 0.845 -0.555 0 2
0 0.845 -0.545 0 2
0 0.845 -0.535 0 2
0 0.845 -0.525 0 2
0 0.845 -0.515 0 2
0 0.845 -0.505 0 2
0 0.845 -0.495 -0.0003847315685 2
0 0.845 -0.485 -0.0006737945345 2
0 0.845 -0.475 -0.00101540226 2
0 0.845 -0.465 -0.001344481412 2
0 0.845 -0.455 -0.001668821901 2
0 0.845 -0.445 -0.001973553717 2
0 0.845 -0.435 -0.002252794509 2
0 0.845 -0.425 -0.002499326087 2
0 0.845 -0.415 -0.0027080075 2
0 0.845 -0.405 -0.002874689839 2
0 0.845 -0.395 -0.00299637714 2
0 0.845 -0.385 -0.003070976825 2
0 0.845 -0.375 -0.003096742684 2
0 0.845 -0.365 -0.003071972734 2
0 0.845 -0.355 -0.002995241854 2
0 0.845 -0.345 -0.002864552185 2
0 0.845 -0.335 -0.00267893511 2
0 0.845 -0.325 -0.002441647108 2
0 0.845 -0.315 -0.002158792718 2
0 0.845 -0.305 -0.00183672663 2
0 0.845 -0.295 -0.001481569412 2
0 0.845 -0.285 -0.001100041218 2
0 0.845 -0.275 -0.0006999752659 2
0 0.845 -0.265 -0.0002890562011 2
0 0.845 -0.255 0.0001260639993 2
0 0.845 -0.245 0.0005395355653 2
0 0.845 -0.235 0.0009462028101 2
0 0.845 -0.225 0.001340924039 2
0 0.845 -0.215 0.001718231085 2
0 0.845 -0.205 0.002072311925 2
0 0.845 -0.195 0.002397272973 2
0 0.845 -0.185 0.002687461963 2
0 0.845 -0.175 0.002937706285 2
0 0.845 -0.165 0.003143489766 2
0 0.845 -0.155 0.003301060217 2
0 0.845 -0.145 0.003407492607 2
0 0.845 -0.135 0.003460717102 2
0 0.845 -0.125 0.00345951638 2
0 0.845 -0.115 0.003403489392 2
0 0.845 -0.105 0.003292984628 2
0 0.845 -0.095 0.003128970006 2
0 0.845 -0.085 0.002912926694 2
0 0.845 -0.075 0.002646471129 2
0 0.845 -0.065 0.002331821816 2
0 0.845 -0.055 0.001969431964 2
0 0.845 -0.045 0.001566400678 2
0 0.845 -0.035 0.001111415079 2
0 0.845 -0.025 0.0006720512968 2
0 0.845 -0.015 0.0002714037323 1
0 0.845 -0.005 -7.411736175e-05 1
0 0.845 0.005 -0.0003984658037 1
0 0.845 0.015 -0.0007308202253 1
0 0.845 0.025 -0.001050184792 1
0 0.845 0.035 -0.001353804594 1
0 0.845 0.045 -0.001639189603 1
0 0.845 0.055 -0.001904248195 1
0 0.845 0.065 -0.002144880321 1
0 0.845 0.075 -0.002354944246 1
0 0.845 0.085 -0.002552247725 1
0 0.845 0.095 -0.002754317218 2
0 0.845 0.105 -0.002939562058 2
0 0.845 0.115 -0.003100984775 2
0 0.845 0.125 -0.003200618232 2
0 0.845 0.135 -0.003245929122 2
0 0.845 0.145 -0.003232883216 2
0 0.845 0.155 -0.003161851922 2
0 0.845 0.165 -0.003033538289 2
0 0.845 0.175 -0.002851133366 2
0 0.845 0.185 -0.002619825065 2
0 0.845 0.195 -0.002346132592 2
0 0.845 0.205 -0.002037213318 2
0 0.845 0.215 -0.001700513231 2
0 0.845 0.225 -0.001343331597 2
0 0.845 0.235 -0.0009720450784 2
0 0.845 0.245 -0.0005915825182 2
0 0.845 0.255 -0.0002051433758 2
0 0.845 0.265 0.0001852371217 2
0 0.845 0.275 0.000576084941 2
0 0.845 0.285 0.0009606497605 2
0 0.845 0.295 0.001329699989 2
0 0.845 0.305 0.001673854481 2
0 0.845 0.315 0.001984770257 2
0 0.845 0.325 0.002255614681 2
0 0.845 0.335 0.002481665375 2
0 0.845 0.345 0.00266022566 2
0 0.845 0.355 0.002789751774 2
0 0.845 0.365 0.002869299573 2
0 0.845 0.375 0.002898846287 2
0 0.845 0.385 0.002879161218 2
0 0.845 0.395 0.002811698585 2
0 0.845 0.405 0.002698681116 2
0 0.845 0.415 0.002542970334 2
0 0.845 0.425 0.002347938524 2
0 0.845 0.435 0.002117181174 2
0 0.845 0.445 0.001854129509 2
0 0.845 0.455 0.001564401394 2
0 0.845 0.465 0.001254215572 2
0 0.845 0.475 0.000939756781 2
0 0.845 0.485 0.0006172948074 2
0 0.845 0.495 0.0003479249443 2
0 0.845 0.505 0 2
0 0.845 0.515 0 2
0 0.845 0.525 0 2
0 0.845 0.535 0 2
0 0.845 0.545 0 2
0 0.845 0.555 0 2
0 0.845 0.565 0 2
0 0.855 -0.555 0 1
0 0.855 -0.545 0 1
0 0.855 -0.535 0 2
0 0.855 -0.525 0 2
0 0.855 -0.515 0 2
0 0.855 -0.505 0 2
0 0.855 -0.495 -0.0004097534744 2
0 0.855 -0.485 -0.0007170594499 2
0 0.855 -0.475 -0.001079739534 2
0 0.855 -0.465 -0.00142837967 2
0 0.855 -0.455 -0.001771197063 2
0 0.855 -0.445 -0.002092285296 2
0 0.855 -0.435 -0.002385320878 2
0 0.855 -0.425 -0.002642572257 2
0 0.855 -0.415 -0.002858582482 2
0 0.855 -0.405 -0.003029060699 2
0 0.855 -0.395 -0.003151132906 2
0 0.855 -0.385 -0.003223399833 2
0 0.855 -0.375 -0.003244698162 2
0 0.855 -0.365 -0.003213351943 2
0 0.855 -0.355 -0.003126802213 2
0 0.855 -0.345 -0.002988815304 2
0 0.855 -0.335 -0.00279801712 2
0 0.855 -0.325 -0.002550745884 2
0 0.855 -0.315 -0.002259484712 2
0 0.855 -0.305 -0.001932761408 2
0 0.855 -0.295 -0.001566775576 2
0 0.855 -0.285 -0.001167164159 2
0 0.855 -0.275 -0.0007454854154 2
0 0.855 -0.265 -0.0003113496354 2
0 0.855 -0.255 0.0001277465176 2
0 0.855 -0.245 0.0005657044564 2
0 0.855 -0.235 0.0009976691884 2
0 0.855 -0.225 0.001418373261 2
0 0.855 -0.215 0.001821642201 2
0 0.855 -0.205 0.002200825661 2
0 0.855 -0.195 0.002549162583 2
0 0.855 -0.185 0.002860274255 2
0 0.855 -0.175 0.003128413259 2
0 0.855 -0.165 0.00334862976 2
0 0.855 -0.155 0.003516861542 2
0 0.855 -0.145 0.003629982775 2
0 0.855 -0.135 0.003685829069 2
0 0.855 -0.125 0.00368319776 2
0 0.855 -0.115 0.003621821668 2
0 0.855 -0.105 0.003502312697 2
0 0.855 -0.095 0.003326043815 2
0 0.855 -0.085 0.003095034286 2
0 0.855 -0.075 0.002811616094 2
0 0.855 -0.065 0.002478658604 2
0 0.855 -0.055 0.002097795499 2
0 0.855 -0.045 0.001675178811 2
0 0.855 -0.035 0.001202130681 2
0 0.855 -0.025 0.0007260917484 2
0 0.855 -0.015 0.0002852599088 1
0 0.855 -0.005 -8.827706476e-05 1
0 0.855 0.005 -0.000438751898 1
0 0.855 0.015 -0.0007879734085 1
0 0.855 0.025 -0.001123512114 1
0 0.855 0.035 -0.001443430639 1
0 0.855 0.045 -0.001747621521 1
0 0.855 0.055 -0.002033525327 1
0 0.855 0.065 -0.002296214663 1
0 0.855 0.075 -0.002517828219 1
0 0.855 0.085 -0.002725981122 1
0 0.855 0.095 -0.002945432074 2
0 0.855 0.105 -0.003139185587 2
0 0.855 0.115 -0.003299493382 2
0 0.855 0.125 -0.003399025428 2
0 0.855 0.135 -0.00344329623 2
0 0.855 0.145 -0.00342812399 2
0 0.855 0.155 -0.003352222493 2
0 0.855 0.165 -0.003215122364 2
0 0.855 0.175 -0.003019894786 2
0 0.855 0.185 -0.002772545181 2
0 0.855 0.195 -0.002480283006 2
0 0.855 0.205 -0.002150598192 2
0 0.855 0.215 -0.001791519944 2
0 0.855 0.225 -0.00141163573 2
0 0.855 0.235 -0.001018759776 2
0 0.855 0.245 -0.0006190587252 2
0 0.855 0.255 -0.0002156084195 2
0 0.855 0.265 0.0001911179892 2
0 0.855 0.275 0.0005984390756 2
0 0.855 0.285 0.0009988730699 2
0 0.855 0.295 0.001382321855 2
0 0.855 0.305 0.00173974741 2
0 0.855 0.315 0.002063769577 2
0 0.855 0.325 0.002347704893 2
0 0.855 0.335 0.002585944294 2
0 0.855 0.345 0.002775117785 2
0 0.855 0.355 0.002913224868 2
0 0.855 0.365 0.002998713138 2
0 0.855 0.375 0.003031299224 2
0 0.855 0.385 0.003011555311 2
0 0.855 0.395 0.002940808973 2
0 0.855 0.405 0.002821519888 2
0 0.855 0.415 0.002657084423 2
0 0.855 0.425 0.002451987948 2
0 0.855 0.435 0.00221053464 2
0 0.855 0.445 0.001935721685 2
0 0.855 0.455 0.001632917873 2
0 0.855 0.465 0.001308813957 2
0 0.855 0.475 0.0009805957237 2
0 0.855 0.485 0.0006441912039 2
0 0.855 0.495 0.0003635289951 2
0 0.855 0.505 0 2
0 0.855 0.515 0 2
0 0.855 0.525 0 2
0 0.855 0.535 0 2
0 0.855 0.545 0 2
0 0.855 0.555 0 2
0 0.855 0.565 0 2
0 0.865 -0.555 0 1
0 0.865 -0.545 0 1
0 0.865 -0.535 0 2
0 0.865 -0.525 0 2
0 0.865 -0.515 0 2
0 0.865 -0.505 0 2
0 0.865 -0.495 -0.0004308614036 2
0 0.865 -0.485 -0.0007534182754 2
0 0.865 -0.475 -0.001133566755 2
0 0.865 -0.465 -0.001498197322 2
0 0.865 -0.455 -0.00185586291 2
0 0.865 -0.445 -0.00218975141 2
0 0.865 -0.435 -0.002493111687 2
0 0.865 -0.425 -0.002757676169 2
0 0.865 -0.415 -0.002977580433 2
0 0.865 -0.405 -0.003148149493 2
0 0.865 -0.395 -0.003266520995 2
0 0.865 -0.385 -0.003332073996 2
0 0.865 -0.375 -0.003342064856 2
0 0.865 -0.365 -0.00329908165 2
0 0.865 -0.355 -0.003197634853 2
0 0.865 -0.345 -0.003045934955 2
0 0.865 -0.335 -0.002855921834 2
0 0.865 -0.325 -0.002620249678 2
0 0.865 -0.315 -0.002341618053 2
0 0.865 -0.305 -0.002019152859 2
0 0.865 -0.295 -0.001644558622 2
0 0.865 -0.285 -0.001235480981 2
0 0.865 -0.275 -0.0008023608667 2
0 0.865 -0.265 -0.0003502747582 2
0 0.865 -0.255 0.0001093830763 2
0 0.865 -0.245 0.0005684032586 2
0 0.865 -0.235 0.001022550239 2
0 0.865 -0.225 0.001466757524 2
0 0.865 -0.215 0.001893729377 2
0 0.865 -0.205 0.002295768403 2
0 0.865 -0.195 0.002665179456 2
0 0.865 -0.185 0.002994917289 2
0 0.865 -0.175 0.003278780584 2
0 0.865 -0.165 0.003511502534 2
0 0.865 -0.155 0.003688813077 2
0 0.865 -0.145 0.003807464761 2
0 0.865 -0.135 0.003865258388 2
0 0.865 -0.125 0.003861052839 2
0 0.865 -0.115 0.003794762147 2
0 0.865 -0.105 0.003667321529 2
0 0.865 -0.095 0.003480612999 2
0 0.865 -0.085 0.003237382393 2
0 0.865 -0.075 0.002940960559 2
0 0.865 -0.065 0.002595323819 2
0 0.865 -0.055 0.002204577318 2
0 0.865 -0.045 0.001774811541 2
0 0.865 -0.035 0.001309138182 2
0 0.865 -0.025 0.0008190835717 2
0 0.865 -0.015 0.0003315031961 2
0 0.865 -0.005 -0.0001133182931 1
0 0.865 0.005 -0.0004856284198 1
0 0.865 0.015 -0.000835885814 1
0 0.865 0.025 -0.001174769683 1
0 0.865 0.035 -0.001505504609 1
0 0.865 0.045 -0.001828249191 1
0 0.865 0.055 -0.002130704873 1
0 0.865 0.065 -0.002412530493 1
0 0.865 0.075 -0.002653955311 1
0 0.865 0.085 -0.002881140743 1
0 0.865 0.095 -0.003117308604 2
0 0.865 0.105 -0.003311354484 2
0 0.865 0.115 -0.003460899543 2
0 0.865 0.125 -0.00355383706 2
0 0.865 0.135 -0.003592546089 2
0 0.865 0.145 -0.003572840038 2
0 0.865 0.155 -0.003491646725 2
0 0.865 0.165 -0.003347631737 2
0 0.865 0.175 -0.003143692822 2
0 0.865 0.185 -0.002885568686 2
0 0.865 0.195 -0.002579642617 2
0 0.865 0.205 -0.0022330562 2
0 0.865 0.215 -0.001854540825 2
0 0.865 0.225 -0.001454198419 2
0 0.865 0.235 -0.001041608743 2
0 0.865 0.245 -0.0006248781038 2
0 0.865 0.255 -0.0002082215724 2
0 0.865 0.265 0.0002052475973 2
0 0.865 0.275 0.00061912228 2
0 0.865 0.285 0.001024311762 2
0 0.865 0.295 0.001405891734 2
0 0.865 0.305 0.001764311669 2
0 0.865 0.315 0.00209494626 2
0 0.865 0.325 0.002386807114 2
0 0.865 0.335 0.002635474741 2
0 0.865 0.345 0.002838894181 2
0 0.865 0.355 0.002987592974 2
0 0.865 0.365 0.003080671608 2
0 0.865 0.375 0.003117892593 2
0 0.865 0.385 0.003099575624 2
0 0.865 0.395 0.003026540795 2
0 0.865 0.405 0.00290120102 2
0 0.865 0.415 0.002727635388 2
0 0.865 0.425 0.002512063089 2
0 0.865 0.435 0.002258164578 2
0 0.865 0.445 0.001974470213 2
0 0.865 0.455 0.001664576544 2
0 0.865 0.465 0.001334921955 2
0 0.865 0.475 0.001005406056 2
0 0.865 0.485 0.000665436594 2
0 0.865 0.495 0.0003787355302 2
0 0.865 0.505 0 2
0 0.865 0.515 0 2
0 0.865 0.525 0 2
0 0.865 0.535 0 2
0 0.865 0.545 0 2
0 0.865 0.555 0 2
0 0.865 0.565 0 2
0 0.875 -0.555 0 1
0 0.875 -0.545 0 1
0 0.875 -0.535 0 2
0 0.875 -0.525 0 2
0 0.875 -0.515 0 2
0 0.875 -0.505 0 2
0 0.875 -0.495 -0.0004478275089 2
0 0.875 -0.485 -0.0007824744247 2
0 0.875 -0.475 -0.001176297079 2
0 0.875 -0.465 -0.001553196765 2
0 0.875 -0.455 -0.001921995773 2
0 0.875 -0.445 -0.002265152161 2
0 0.875 -0.435 -0.002575539515 2
0 0.875 -0.425 -0.002844365733 2
0 0.875 -0.415 -0.00306526733 2
0 0.875 -0.405 -0.003232860847 2
0 0.875 -0.395 -0.003344074638 2
0 0.875 -0.385 -0.003396938473 2
0 0.875 -0.375 -0.003390919471 2
0 0.875 -0.365 -0.00333142198 2
0 0.875 -0.355 -0.00321188519 2
0 0.875 -0.345 -0.003043332421 2
0 0.875 -0.335 -0.002848432985 1
0 0.875 -0.325 -0.002652869179 1
0 0.875 -0.315 -0.002411200847 2
0 0.875 -0.305 -0.002100461197 2
0 0.875 -0.295 -0.001733998652 2
0 0.875 -0.285 -0.001329663915 2
0 0.875 -0.275 -0.000883641495 2
0 0.875 -0.265 -0.0004102207624 2
0 0.875 -0.255 6.427137505e-05 2
0 0.875 -0.245 0.0005424869645 2
0 0.875 -0.235 0.00101747586 2
0 0.875 -0.225 0.001484167889 2
0 0.875 -0.215 0.001933400655 2
0 0.875 -0.205 0.002356251432 2
0 0.875 -0.195 0.002744328258 2
0 0.875 -0.185 0.003090135745 2
0 0.875 -0.175 0.003387254316 2
0 0.875 -0.165 0.003630274444 2
0 0.875 -0.155 0.003814845165 2
0 0.875 -0.145 0.003937677905 2
0 0.875 -0.135 0.003996580937 2
0 0.875 -0.125 0.003990485952 2
0 0.875 -0.115 0.003919477413 2
0 0.875 -0.105 0.00378478143 2
0 0.875 -0.095 0.00358876621 2
0 0.875 -0.085 0.003334849504 2
0 0.875 -0.075 0.003027312925 2
0 0.875 -0.065 0.002671201196 2
0 0.875 -0.055 0.002272528315 2
0 0.875 -0.045 0.001835681501 2
0 0.875 -0.035 0.001373896725 2
0 0.875 -0.025 0.000882351656 2
0 0.875 -0.015 0.0003835535114 2
0 0.875 -0.005 -8.507626229e-05 2
0 0.875 0.005 -0.00049286648 1
0 0.875 0.015 -0.0008313463469 1
0 0.875 0.025 -0.001167883004 1
0 0.875 0.035 -0.001515342585 1
0 0.875 0.045 -0.001863616913 1
0 0.875 0.055 -0.0021799776 1
0 0.875 0.065 -0.002470959398 1
0 0.875 0.075 -0.002757400866 2
0 0.875 0.085 -0.00303033966 2
0 0.875 0.095 -0.00326677634 2
0 0.875 0.105 -0.003444449908 2
0 0.875 0.115 -0.003573864064 2
0 0.875 0.125 -0.003654672785 2
0 0.875 0.135 -0.003679892085 2
0 0.875 0.145 -0.003651074543 2
0 0.875 0.155 -0.003564639682 2
0 0.875 0.165 -0.003417307001 2
0 0.875 0.175 -0.003209404451 2
0 0.875 0.185 -0.002950095965 2
0 0.875 0.195 -0.002643020859 2
0 0.875 0.205 -0.002288575185 2
0 0.875 0.215 -0.001894487067 2
0 0.875 0.225 -0.001474785215 2
0 0.875 0.235 -0.001041426774 2
0 0.875 0.245 -0.0006044557098 2
0 0.875 0.255 -0.0001692955905 2
0 0.875 0.265 0.000254557025 2
0 0.875 0.275 0.0006670373279 2
0 0.875 0.285 0.001053854605 2
0 0.875 0.295 0.001409284131 2
0 0.875 0.305 0.001744430752 2
0 0.875 0.315 0.002061963021 2
0 0.875 0.325 0.002356503428 2
0 0.875 0.335 0.002622202941 2
0 0.875 0.345 0.002845079707 2
0 0.875 0.355 0.003007445997 2
0 0.875 0.365 0.003113566388 2
0 0.875 0.375 0.003158118998 2
0 0.875 0.385 0.003143397719 2
0 0.875 0.395 0.003069549274 2
0 0.875 0.405 0.002938251628 2
0 0.875 0.415 0.002754193689 2
0 0.875 0.425 0.002523275984 2
0 0.875 0.435 0.002252945965 2
0 0.875 0.445 0.001958707925 2
0 0.875 0.455 0.00164630906 2
0 0.875 0.465 0.001324569033 2
0 0.875 0.475 0.00100890146 2
0 0.875 0.485 0.0006794917759 2
0 0.875 0.495 0.0003950591595 2
0 0.875 0.505 0 2
0 0.875 0.515 0 2
0 0.875 0.525 0 2
0 0.875 0.535 0 2
0 0.875 0.545 0 2
0 0.875 0.555 0 2
0 0.875 0.565 0 2
0 0.885 -0.555 0 1
0 0.885 -0.545 0 1
0 0.885 -0.535 0 2
0 0.885 -0.525 0 2
0 0.885 -0.515 0 2
0 0.885 -0.505 0 2
0 0.885 -0.495 -0.0004604004675 2
0 0.885 -0.485 -0.0008037813491 2
0 0.885 -0.475 -0.001207259995 2
0 0.885 -0.465 -0.001592528687 2
0 0.885 -0.455 -0.001968650921 2
0 0.885 -0.445 -0.002317597122 2
0 0.885 -0.435 -0.00263199012 2
0 0.885 -0.425 -0.002902623666 2
0 0.885 -0.415 -0.003122652832 2
0 0.885 -0.405 -0.003285871963 2
0 0.885 -0.395 -0.003388832837 2
0 0.885 -0.385 -0.003426508405 2
0 0.885 -0.375 -0.003404201937 2
0 0.885 -0.365 -0.003327683658 2
0 0.885 -0.355 -0.003191887236 1
0 0.885 -0.345 -0.003043199745 1
0 0.885 -0.335 -0.002866341866 1
0 0.885 -0.325 -0.00265251543 1
0 0.885 -0.315 -0.002408659762 1
0 0.885 -0.305 -0.002135807047 1
0 0.885 -0.295 -0.00182256166 1
0 0.885 -0.285 -0.001449705824 2
0 0.885 -0.275 -0.001001556285 2
0 0.885 -0.265 -0.0005098656523 2
0 0.885 -0.255 -1.706040335e-05 2
0 0.885 -0.245 0.0004843097346 2
0 0.885 -0.235 0.0009817280819 2
0 0.885 -0.225 0.001471168109 2
0 0.885 -0.215 0.001941605164 2
0 0.885 -0.205 0.002382885133 2
0 0.885 -0.195 0.00278666597 2
0 0.885 -0.185 0.003145407567 2
0 0.885 -0.175 0.003452803623 2
0 0.885 -0.165 0.003703509944 2
0 0.885 -0.155 0.003893225323 2
0 0.885 -0.145 0.004018687831 2
0 0.885 -0.135 0.004077729088 2
0 0.885 -0.125 0.004069324386 2
0 0.885 -0.115 0.003993653222 2
0 0.885 -0.105 0.003852111727 2
0 0.885 -0.095 0.0036474113 2
0 0.885 -0.085 0.003383258857 2
0 0.885 -0.075 0.003064635731 2
0 0.885 -0.065 0.002697489808 2
0 0.885 -0.055 0.002286412541 2
0 0.885 -0.045 0.001835127569 2
0 0.885 -0.035 0.001364334693 2
0 0.885 -0.025 0.0008689997659 2
0 0.885 -0.015 0.0003883109892 2
0 0.885 -0.005 -3.995187109e-05 1
0 0.885 0.005 -0.0003958902687 1
0 0.885 0.015 -0.0007310347139 1
0 0.885 0.025 -0.001098430478 2
0 0.885 0.035 -0.001478301299 2
0 0.885 0.045 -0.001849182123 2
0 0.885 0.055 -0.00219359551 2
0 0.885 0.065 -0.002521476279 2
0 0.885 0.075 -0.002822696879 2
0 0.885 0.085 -0.003097464743 2
0 0.885 0.095 -0.003328808099 2
0 0.885 0.105 -0.003503616215 2
0 0.885 0.115 -0.003621115069 2
0 0.885 0.125 -0.00368861503 2
0 0.885 0.135 -0.003700248021 2
0 0.885 0.145 -0.003657181111 2
0 0.885 0.155 -0.00356241184 2
0 0.885 0.165 -0.003420688433 2
0 0.885 0.175 -0.00322684085 2
0 0.885 0.185 -0.002979989163 2
0 0.885 0.195 -0.002680401148 2
0 0.885 0.205 -0.002319677067 2
0 0.885 0.215 -0.001915937162 2
0 0.885 0.225 -0.001482776949 2
0 0.885 0.235 -0.001027419665 2
0 0.885 0.245 -0.0005572114543 2
0 0.885 0.255 -9.028815196e-05 2
0 0.885 0.265 0.0003564763026 2
0 0.885 0.275 0.0007578042917 1
0 0.885 0.285 0.001089266047 1
0 0.885 0.295 0.001401210632 1
0 0.885 0.305 0.001694675752 1
0 0.885 0.315 0.001973235352 1
0 0.885 0.325 0.002270406736 2
0 0.885 0.335 0.002551688554 2
0 0.885 0.345 0.002794137627 2
0 0.885 0.355 0.002974209103 2
0 0.885 0.365 0.003097712614 2
0 0.885 0.375 0.003154630039 2
0 0.885 0.385 0.003146077119 2
0 0.885 0.395 0.003073640015 2
0 0.885 0.405 0.002937476741 2
0 0.885 0.415 0.002742239535 2
0 0.885 0.425 0.002489029209 2
0 0.885 0.435 0.002194890282 2
0 0.885 0.445 0.001879622975 2
0 0.885 0.455 0.001556991374 1
0 0.885 0.465 0.00127012019 1
0 0.885 0.475 0.0009842472198 1
0 0.885 0.485 0.000684508991 1
0 0.885 0.495 0.0004215791552 1
0 0.885 0.505 0 2
0 0.885 0.515 0 2
0 0.885 0.525 0 2
0 0.885 0.535 0 2
0 0.885 0.545 0 2
0 0.885 0.555 0 2
0 0.885 0.565 0 2
0 0.895 -0.555 0 1
0 0.895 -0.545 0 1
0 0.895 -0.535 0 2
0 0.895 -0.525 0 2
0 0.895 -0.515 0 2
0 0.895 -0.505 0 2
0 0.895 -0.495 -0.0004682777303 2
0 0.895 -0.485 -0.0008167842996 2
0 0.895 -0.475 -0.00122559982 2
0 0.895 -0.465 -0.001615077694 2
0 0.895 -0.455 -0.001994539604 2
0 0.895 -0.445 -0.002345786296 2
0 0.895 -0.435 -0.002661398236 2
0 0.895 -0.425 -0.00293199237 2
0 0.895 -0.415 -0.0031504358 2
0 0.895 -0.405 -0.003309989795 2
0 0.895 -0.395 -0.003406881126 2
0 0.895 -0.385 -0.003434035268 2
0 0.895 -0.375 -0.003404208483 2
0 0.895 -0.365 -0.003319524029 1
0 0.895 -0.355 -0.003208237132 1
0 0.895 -0.345 -0.003064573108 1
0 0.895 -0.335 -0.00288270382 1
0 0.895 -0.325 -0.002661136454 1
0 0.895 -0.315 -0.002410585532 1
0 0.895 -0.305 -0.002131908175 1
0 0.895 -0.295 -0.001817030221 1
0 0.895 -0.285 -0.0014822206 1
0 0.895 -0.275 -0.00111330817 1
0 0.895 -0.265 -0.0006500961125 2
0 0.895 -0.255 -0.0001383074714 2
0 0.895 -0.245 0.0003923344123 2
0 0.895 -0.235 0.000920617513 2
0 0.895 -0.225 0.001432667292 2
0 0.895 -0.215 0.001922048281 2
0 0.895 -0.205 0.002377962362 2
0 0.895 -0.195 0.002793247692 2
0 0.895 -0.185 0.003160807754 2
0 0.895 -0.175 0.003474768973 2
0 0.895 -0.165 0.003730032059 2
0 0.895 -0.155 0.003922444212 2
0 0.895 -0.145 0.00404880915 2
0 0.895 -0.135 0.004106968357 2
0 0.895 -0.125 0.00409587799 2
0 0.895 -0.115 0.004015684828 2
0 0.895 -0.105 0.003867784853 2
0 0.895 -0.095 0.003654970011 2
0 0.895 -0.085 0.003380799424 2
0 0.895 -0.075 0.003050812395 2
0 0.895 -0.065 0.002669305676 2
0 0.895 -0.055 0.002240632717 2
0 0.895 -0.045 0.001767287537 2
0 0.895 -0.035 0.001282213304 2
0 0.895 -0.025 0.0008175008855 1
0 0.895 -0.015 0.0004289921678 1
0 0.895 -0.005 5.332725117e-05 1
0 0.895 0.005 -0.0003250653661 1
0 0.895 0.015 -0.0007002079869 1
0 0.895 0.025 -0.001071225942 1
0 0.895 0.035 -0.001429893933 1
0 0.895 0.045 -0.001769888993 1
0 0.895 0.055 -0.002093787079 1
0 0.895 0.065 -0.00244859196 2
0 0.895 0.075 -0.002779873736 2
0 0.895 0.085 -0.003074995745 2
0 0.895 0.095 -0.00331984128 2
0 0.895 0.105 -0.003500900241 2
0 0.895 0.115 -0.003614208286 2
0 0.895 0.125 -0.003669682159 2
0 0.895 0.135 -0.003670396617 2
0 0.895 0.145 -0.003609316768 2
0 0.895 0.155 -0.003489128669 1
0 0.895 0.165 -0.003363663308 1
0 0.895 0.175 -0.003203546064 1
0 0.895 0.185 -0.002988383631 2
0 0.895 0.195 -0.002702605017 2
0 0.895 0.205 -0.002351936019 2
0 0.895 0.215 -0.001949415466 2
0 0.895 0.225 -0.001502311367 2
0 0.895 0.235 -0.001021421296 2
0 0.895 0.245 -0.0005088238717 2
0 0.895 0.255 -1.575990459e-05 2
0 0.895 0.265 0.0004167034881 1
0 0.895 0.275 0.0007755188985 1
0 0.895 0.285 0.001102059926 1
0 0.895 0.295 0.00141563636 1
0 0.895 0.305 0.00170623555 1
0 0.895 0.315 0.001980381981 1
0 0.895 0.325 0.002229314456 1
0 0.895 0.335 0.002458854714 1
0 0.895 0.345 0.002701782506 2
0 0.895 0.355 0.002899341223 2
0 0.895 0.365 0.00304014119 2
0 0.895 0.375 0.003111533217 2
0 0.895 0.385 0.0031132556 2
0 0.895 0.395 0.003045119712 2
0 0.895 0.405 0.002907266038 2
0 0.895 0.415 0.002703765111 2
0 0.895 0.425 0.002426909552 2
0 0.895 0.435 0.002118990506 2
0 0.895 0.445 0.001803244759 1
0 0.895 0.455 0.001519576874 1
0 0.895 0.465 0.001239422636 1
0 0.895 0.475 0.0009508002 1
0 0.895 0.485 0.0006472198829 1
0 0.895 0.495 0.0003791625135 1
0 0.895 0.505 0 1
0 0.895 0.515 0 1
0 0.895 0.525 0 2
0 0.895 0.535 0 2
0 0.895 0.545 0 2
0 0.895 0.555 0 2
0 0.895 0.565 0 2
0 0.905 -0.555 0 2
0 0.905 -0.545 0 2
0 0.905 -0.535 0 2
0 0.905 -0.525 0 2
0 0.905 -0.515 0 2
0 0.905 -0.505 0 2
0 0.905 -0.495 -0.0004710713954 2
0 0.905 -0.485 -0.0008207531147 2
0 0.905 -0.475 -0.001230164123 2
0 0.905 -0.465 -0.001619299963 2
0 0.905 -0.455 -0.001997800514 2
0 0.905 -0.445 -0.002347681186 2
0 0.905 -0.435 -0.00266174755 2
0 0.905 -0.425 -0.002930762277 2
0 0.905 -0.415 -0.003147622851 2
0 0.905 -0.405 -0.003305655652 2
0 0.905 -0.395 -0.00340085781 2
0 0.905 -0.385 -0.003427355199 2
0 0.905 -0.375 -0.003398204753 2
0 0.905 -0.365 -0.003315074489 1
0 0.905 -0.355 -0.003204211458 1
0 0.905 -0.345 -0.003060484995 1
0 0.905 -0.335 -0.002877230077 1
0 0.905 -0.325 -0.00265681657 1
0 0.905 -0.315 -0.00240339874 1
0 0.905 -0.305 -0.002119194867 1
0 0.905 -0.295 -0.001806690221 1
0 0.905 -0.285 -0.001473894481 1
0 0.905 -0.275 -0.001127533359 1
0 0.905 -0.265 -0.0007330143236 1
0 0.905 -0.255 -0.0002529166079 2
0 0.905 -0.245 0.000287097246 2
0 0.905 -0.235 0.000849756871 2
0 0.905 -0.225 0.001378783732 2
0 0.905 -0.215 0.0018809078 2
0 0.905 -0.205 0.002344955555 2
0 0.905 -0.195 0.002765654632 2
0 0.905 -0.185 0.003136621145 2
0 0.905 -0.175 0.003452554821 2
0 0.905 -0.165 0.003708676584 2
0 0.905 -0.155 0.003901015391 2
0 0.905 -0.145 0.004026442304 2
0 0.905 -0.135 0.004082774076 2
0 0.905 -0.125 0.004068873104 2
0 0.905 -0.115 0.003984712262 2
0 0.905 -0.105 0.003831533418 2
0 0.905 -0.095 0.003611875847 2
0 0.905 -0.085 0.003329146576 2
0 0.905 -0.075 0.002989696892 2
0 0.905 -0.065 0.002590734317 2
0 0.905 -0.055 0.002147658291 2
0 0.905 -0.045 0.001682062435 2
0 0.905 -0.035 0.001234012784 1
0 0.905 -0.025 0.0008550231639 1
0 0.905 -0.015 0.0004887352986 1
0 0.905 -0.005 0.0001114783034 1
0 0.905 0.005 -0.0002782534788 1
0 0.905 0.015 -0.0006667556018 1
0 0.905 0.025 -0.001041914705 1
0 0.905 0.035 -0.001397007381 1
0 0.905 0.045 -0.001733180213 1
0 0.905 0.055 -0.002050887961 1
0 0.905 0.065 -0.002363897466 1
0 0.905 0.075 -0.002692972522 2
0 0.905 0.085 -0.00300200006 2
0 0.905 0.095 -0.003271307384 2
0 0.905 0.105 -0.003459934905 2
0 0.905 0.115 -0.00357482184 2
0 0.905 0.125 -0.003622590173 2
0 0.905 0.135 -0.003606034016 1
0 0.905 0.145 -0.003549152755 1
0 0.905 0.155 -0.003448970707 1
0 0.905 0.165 -0.003313645752 1
0 0.905 0.175 -0.003139857488 1
0 0.905 0.185 -0.002924322215 1
0 0.905 0.195 -0.002677108608 1
0 0.905 0.205 -0.00238726337 1
0 0.905 0.215 -0.002017622686 2
0 0.905 0.225 -0.001558696978 2
0 0.905 0.235 -0.001052562739 2
0 0.905 0.245 -0.0005207960188 2
0 0.905 0.255 -1.344529129e-05 2
0 0.905 0.265 0.0004235200263 1
0 0.905 0.275 0.0007854519174 1
0 0.905 0.285 0.001114156724 1
0 0.905 0.295 0.001424352402 1
0 0.905 0.305 0.001714545023 1
0 0.905 0.315 0.001983900271 1
0 0.905 0.325 0.002223909429 1
0 0.905 0.335 0.002433772089 1
0 0.905 0.345 0.002625199112 1
0 0.905 0.355 0.002816186244 2
0 0.905 0.365 0.00295677077 2
0 0.905 0.375 0.003038793727 2
0 0.905 0.385 0.003052464693 2
0 0.905 0.395 0.002990959803 2
0 0.905 0.405 0.002856888632 2
0 0.905 0.415 0.002653915491 2
0 0.905 0.425 0.002374391048 2
0 0.905 0.435 0.002066686219 2
0 0.905 0.445 0.00175546709 1
0 0.905 0.455 0.001478582285 1
0 0.905 0.465 0.001203592208 1
0 0.905 0.475 0.0009156628413 1
0 0.905 0.485 0.0006140696822 1
0 0.905 0.495 0.0003536910563 1
0 0.905 0.505 0 1
0 0.905 0.515 0 1
0 0.905 0.525 0 1
0 0.905 0.535 0 1
0 0.905 0.545 0 1
0 0.905 0.555 0 2
0 0.905 0.565 0 2
0 0.915 -0.555 0 2
0 0.915 -0.545 0 2
0 0.915 -0.535 0 2
0 0.915 -0.525 0 2
0 0.915 -0.515 0 2
0 0.915 -0.505 0 2
0 0.915 -0.495 -0.000468265837 2
0 0.915 -0.485 -0.0008146948549 2
0 0.915 -0.475 -0.00121936543 2
0 0.915 -0.465 -0.001603049232 2
0 0.915 -0.455 -0.001975798237 2
0 0.915 -0.445 -0.002320261383 2
0 0.915 -0.435 -0.002629729297 2
0 0.915 -0.425 -0.002895414313 2
0 0.915 -0.415 -0.003110532749 2
0 0.915 -0.405 -0.003268931089 2
0 0.915 -0.395 -0.003366112258 2
0 0.915 -0.385 -0.003398313511 2
0 0.915 -0.375 -0.003368001166 2
0 0.915 -0.365 -0.003281857508 1
0 0.915 -0.355 -0.003172177199 1
0 0.915 -0.345 -0.003029359294 1
0 0.915 -0.335 -0.002843867808 1
0 0.915 -0.325 -0.002625061124 1
0 0.915 -0.315 -0.002373688349 1
0 0.915 -0.305 -0.002092970368 1
0 0.915 -0.295 -0.001788010092 1
0 0.915 -0.285 -0.001460125048 1
0 0.915 -0.275 -0.001128740072 1
0 0.915 -0.265 -0.0007551684212 1
0 0.915 -0.255 -0.0002995952377 2
0 0.915 -0.245 0.0002240922236 2
0 0.915 -0.235 0.0007920392742 2
0 0.915 -0.225 0.001322361583 2
0 0.915 -0.215 0.001824837372 2
0 0.915 -0.205 0.002287166421 2
0 0.915 -0.195 0.002705101858 2
0 0.915 -0.185 0.003072740997 2
0 0.915 -0.175 0.003385204919 2
0 0.915 -0.165 0.003637969013 2
0 0.915 -0.155 0.003827205169 2
0 0.915 -0.145 0.003949823961 2
0 0.915 -0.135 0.004003580305 2
0 0.915 -0.125 0.003987182575 2
0 0.915 -0.115 0.003900311909 2
0 0.915 -0.105 0.003743933243 2
0 0.915 -0.095 0.003519935108 2
0 0.915 -0.085 0.003232048231 2
0 0.915 -0.075 0.002885849438 2
0 0.915 -0.065 0.002475164862 2
0 0.915 -0.055 0.00203883405 2
0 0.915 -0.045 0.001612400213 1
0 0.915 -0.035 0.001244768506 1
0 0.915 -0.025 0.0008907411544 1
0 0.915 -0.015 0.0005241194946 1
0 0.915 -0.005 0.0001470097215 1
0 0.915 0.005 -0.0002380461338 1
0 0.915 0.015 -0.0006225802405 1
0 0.915 0.025 -0.0009965689223 1
0 0.915 0.035 -0.001352958685 1
0 0.915 0.045 -0.001691039874 1
0 0.915 0.055 -0.00200040342 1
0 0.915 0.065 -0.002303722023 1
0 0.915 0.075 -0.002621909816 2
0 0.915 0.085 -0.002923657969 2
0 0.915 0.095 -0.003197690895 2
0 0.915 0.105 -0.003391235261 2
0 0.915 0.115 -0.003513238277 2
0 0.915 0.125 -0.00356303553 2
0 0.915 0.135 -0.003546947306 1
0 0.915 0.145 -0.003491584236 1
0 0.915 0.155 -0.003394021294 1
0 0.915 0.165 -0.003253897064 1
0 0.915 0.175 -0.003075586702 1
0 0.915 0.185 -0.002861736699 1
0 0.915 0.195 -0.00261631586 1
0 0.915 0.205 -0.002340005395 1
0 0.915 0.215 -0.002026363688 1
0 0.915 0.225 -0.001617798344 2
0 0.915 0.235 -0.001122036058 2
0 0.915 0.245 -0.0005967691419 2
0 0.915 0.255 -7.902800685e-05 2
0 0.915 0.265 0.000389165171 2
0 0.915 0.275 0.0007967144849 1
0 0.915 0.285 0.001123230399 1
0 0.915 0.295 0.001415316154 1
0 0.915 0.305 0.001699790891 1
0 0.915 0.315 0.00196112881 1
0 0.915 0.325 0.002196103762 1
0 0.915 0.335 0.002401468592 1
0 0.915 0.345 0.002578951257 1
0 0.915 0.355 0.002729848723 1
0 0.915 0.365 0.002862661823 2
0 0.915 0.375 0.002945625526 2
0 0.915 0.385 0.002968663206 2
0 0.915 0.395 0.002914278653 2
0 0.915 0.405 0.002788526717 2
0 0.915 0.415 0.002593973926 2
0 0.915 0.425 0.002327518814 2
0 0.915 0.435 0.002020728126 2
0 0.915 0.445 0.00170731604 1
0 0.915 0.455 0.001431688532 1
0 0.915 0.465 0.001159437151 1
0 0.915 0.475 0.0008801060081 1
0 0.915 0.485 0.0005859983073 1
0 0.915 0.495 0.0003355330655 1
0 0.915 0.505 0 1
0 0.915 0.515 0 1
0 0.915 0.525 0 1
0 0.915 0.535 0 1
0 0.915 0.545 0 1
0 0.915 0.555 0 1
0 0.915 0.565 0 2
0 0.925 -0.555 0 2
0 0.925 -0.545 0 2
0 0.925 -0.535 0 2
0 0.925 -0.525 0 2
0 0.925 -0.515 0 2
0 0.925 -0.505 0 2
0 0.925 -0.495 -0.000459135162 2
0 0.925 -0.485 -0.0007972379165 2
0 0.925 -0.475 -0.001191053458 2
0 0.925 -0.465 -0.001563465448 2
0 0.925 -0.455 -0.001925034503 2
0 0.925 -0.445 -0.002259465454 2
0 0.925 -0.435 -0.002560723202 2
0 0.925 -0.425 -0.002820669436 2
0 0.925 -0.415 -0.003033023904 2
0 0.925 -0.405 -0.003192361521 2
0 0.925 -0.395 -0.003293855326 2
0 0.925 -0.385 -0.003335480715 2
0 0.925 -0.375 -0.003309335978 2
0 0.925 -0.365 -0.003221415159 1
0 0.925 -0.355 -0.003110189538 1
0 0.925 -0.345 -0.002968039618 1
0 0.925 -0.335 -0.002785523261 1
0 0.925 -0.325 -0.002568162351 1
0 0.925 -0.315 -0.002320457592 1
0 0.925 -0.305 -0.00204600179 1
0 0.925 -0.295 -0.001748470004 1
0 0.925 -0.285 -0.001430489052 1
0 0.925 -0.275 -0.001108878996 1
0 0.925 -0.265 -0.0007466401017 1
0 0.925 -0.255 -0.000305593877 2
0 0.925 -0.245 0.0002021396601 2
0 0.925 -0.235 0.000753461517 2
0 0.925 -0.225 0.001268573336 2
0 0.925 -0.215 0.001756668802 2
0 0.925 -0.205 0.002205626724 2
0 0.925 -0.195 0.002611313632 2
0 0.925 -0.185 0.002967999196 2
0 0.925 -0.175 0.003270957984 2
0 0.925 -0.165 0.003515788337 2
0 0.925 -0.155 0.003698736484 2
0 0.925 -0.145 0.003816725167 2
0 0.925 -0.135 0.003867437678 2
0 0.925 -0.125 0.003849419285 2
0 0.925 -0.115 0.003762028585 2
0 0.925 -0.105 0.003605933172 2
0 0.925 -0.095 0.003382180773 2
0 0.925 -0.085 0.003095836282 2
0 0.925 -0.075 0.002748608841 2
0 0.925 -0.065 0.002357246698 2
0 0.925 -0.055 0.001959195362 2
0 0.925 -0.045 0.001570723696 1
0 0.925 -0.035 0.001233046835 1
0 0.925 -0.025 0.0008973052347 1
0 0.925 -0.015 0.00053992721 1
0 0.925 -0.005 0.0001719505709 1
0 0.925 0.005 -0.000202789369 1
0 0.925 0.015 -0.0005769722237 1
0 0.925 0.025 -0.0009424417529 1
0 0.925 0.035 -0.001291728143 1
0 0.925 0.045 -0.00162380041 1
0 0.925 0.055 -0.001923572336 1
0 0.925 0.065 -0.002220225898 1
0 0.925 0.075 -0.002533194891 2
0 0.925 0.085 -0.002828236127 2
0 0.925 0.095 -0.00309895695 2
0 0.925 0.105 -0.003294377979 2
0 0.925 0.115 -0.003423972533 2
0 0.925 0.125 -0.003473473229 2
0 0.925 0.135 -0.003452803825 1
0 0.925 0.145 -0.003397459756 1
0 0.925 0.155 -0.003301893151 1
0 0.925 0.165 -0.003161342905 1
0 0.925 0.175 -0.002984684123 1
0 0.925 0.185 -0.0027733572 1
0 0.925 0.195 -0.002528299367 1
0 0.925 0.205 -0.002252815297 1
0 0.925 0.215 -0.001952740425 1
0 0.925 0.225 -0.001618390424 1
0 0.925 0.235 -0.001185572685 2
0 0.925 0.245 -0.0006846320563 2
0 0.925 0.255 -0.0001504578867 2
0 0.925 0.265 0.0003418724409 2
0 0.925 0.275 0.0007608378851 1
0 0.925 0.285 0.001095026781 1
0 0.925 0.295 0.001383594335 1
0 0.925 0.305 0.001661065878 1
0 0.925 0.315 0.001913846035 1
0 0.925 0.325 0.00214026393 1
0 0.925 0.335 0.0023368865 1
0 0.925 0.345 0.002499215563 1
0 0.925 0.355 0.002638995136 1
0 0.925 0.365 0.002763224377 2
0 0.925 0.375 0.002837858241 2
0 0.925 0.385 0.002859690717 2
0 0.925 0.395 0.002813005842 2
0 0.925 0.405 0.00269846667 2
0 0.925 0.415 0.002519081798 2
0 0.925 0.425 0.002279932994 2
0 0.925 0.435 0.001986555849 2
0 0.925 0.445 0.001673975711 2
0 0.925 0.455 0.00136670157 1
0 0.925 0.465 0.001100967248 1
0 0.925 0.475 0.0008397219538 1
0 0.925 0.485 0.0005599228745 1
0 0.925 0.495 0.0003212528343 1
0 0.925 0.505 0 1
0 0.925 0.515 0 1
0 0.925 0.525 0 1
0 0.925 0.535 0 1
0 0.925 0.545 0 1
0 0.925 0.555 0 1
0 0.925 0.565 0 1
0 0.935 -0.555 0 2
0 0.935 -0.545 0 2
0 0.935 -0.535 0 2
0 0.935 -0.525 0 2
0 0.935 -0.515 0 2
0 0.935 -0.505 0 2
0 0.935 -0.495 -0.0004425497499 2
0 0.935 -0.485 -0.0007662570109 2
0 0.935 -0.475 -0.001142016733 2
0 0.935 -0.465 -0.001496627913 2
0 0.935 -0.455 -0.001841079552 2
0 0.935 -0.445 -0.002160361988 2
0 0.935 -0.435 -0.002449126561 2
0 0.935 -0.425 -0.002700014994 2
0 0.935 -0.415 -0.002907298683 2
0 0.935 -0.405 -0.003066282533 2
0 0.935 -0.395 -0.003172538049 2
0 0.935 -0.385 -0.003226101672 2
0 0.935 -0.375 -0.0032151442 2
0 0.935 -0.365 -0.003140583698 2
0 0.935 -0.355 -0.003010287749 1
0 0.935 -0.345 -0.002867340519 1
0 0.935 -0.335 -0.002691541573 1
0 0.935 -0.325 -0.002478645799 1
0 0.935 -0.315 -0.002242158507 1
0 0.935 -0.305 -0.001979069205 1
0 0.935 -0.295 -0.001688510887 1
0 0.935 -0.285 -0.001383077035 1
0 0.935 -0.275 -0.001067694465 1
0 0.935 -0.265 -0.0007099187676 1
0 0.935 -0.255 -0.0002736907106 2
0 0.935 -0.245 0.0002185697327 2
0 0.935 -0.235 0.0007323731152 2
0 0.935 -0.225 0.001215846982 2
0 0.935 -0.215 0.001674672539 2
0 0.935 -0.205 0.002098313829 2
0 0.935 -0.195 0.002481954398 2
0 0.935 -0.185 0.00281977373 2
0 0.935 -0.175 0.00310696028 2
0 0.935 -0.165 0.003339125249 2
0 0.935 -0.155 0.003512544859 2
0 0.935 -0.145 0.003624159775 2
0 0.935 -0.135 0.003671620453 2
0 0.935 -0.125 0.003653364088 2
0 0.935 -0.115 0.003568484275 2
0 0.935 -0.105 0.003417341022 2
0 0.935 -0.095 0.003199884092 2
0 0.935 -0.085 0.002922021721 2
0 0.935 -0.075 0.002575745691 2
0 0.935 -0.065 0.002210513625 2
0 0.935 -0.055 0.001853175172 1
0 0.935 -0.045 0.001530643106 1
0 0.935 -0.035 0.001212788036 1
0 0.935 -0.025 0.0008837346966 1
0 0.935 -0.015 0.0005400185976 1
0 0.935 -0.005 0.0001877454199 1
0 0.935 0.005 -0.000170067597 1
0 0.935 0.015 -0.0005276602083 1
0 0.935 0.025 -0.0008786601554 1
0 0.935 0.035 -0.001215530524 1
0 0.935 0.045 -0.001535996775 1
0 0.935 0.055 -0.001825401028 1
0 0.935 0.065 -0.002112067542 1
0 0.935 0.075 -0.002415236773 2
0 0.935 0.085 -0.002701909231 2
0 0.935 0.095 -0.002966897182 2
0 0.935 0.105 -0.003160542028 2
0 0.935 0.115 -0.003293686792 2
0 0.935 0.125 -0.003344576096 2
0 0.935 0.135 -0.003317957881 1
0 0.935 0.145 -0.003261963361 1
0 0.935 0.155 -0.00316800991 1
0 0.935 0.165 -0.003028258752 1
0 0.935 0.175 -0.002853999515 1
0 0.935 0.185 -0.002648468398 1
0 0.935 0.195 -0.002411869908 1
0 0.935 0.205 -0.002145794119 1
0 0.935 0.215 -0.001853656882 1
0 0.935 0.225 -0.001547468049 1
0 0.935 0.235 -0.001196648553 1
0 0.935 0.245 -0.0007577715954 2
0 0.935 0.255 -0.0002411259678 2
0 0.935 0.265 0.0002724320338 2
0 0.935 0.275 0.0007031390986 1
0 0.935 0.285 0.001044937675 1
0 0.935 0.295 0.001336266998 1
0 0.935 0.305 0.001603397191 1
0 0.935 0.315 0.001843494873 1
0 0.935 0.325 0.002056550003 1
0 0.935 0.335 0.002240687331 1
0 0.935 0.345 0.002387754875 1
0 0.935 0.355 0.002515188153 1
0 0.935 0.365 0.002633174941 2
0 0.935 0.375 0.002699033742 2
0 0.935 0.385 0.002716984722 2
0 0.935 0.395 0.002678857126 2
0 0.935 0.405 0.002575566812 2
0 0.935 0.415 0.002412650347 2
0 0.935 0.425 0.002196191711 2
0 0.935 0.435 0.001922204935 2
0 0.935 0.445 0.001616606516 2
0 0.935 0.455 0.001308560009 1
0 0.935 0.465 0.001045036022 1
0 0.935 0.475 0.0007952196524 1
0 0.935 0.485 0.0005308155706 1
0 0.935 0.495 0.0003054575796 1
0 0.935 0.505 0 1
0 0.935 0.515 0 1
0 0.935 0.525 0 1
0 0.935 0.535 0 1
0 0.935 0.545 0 1
0 0.935 0.555 0 1
0 0.935 0.565 0 1
0 0.945 -0.555 0 2
0 0.945 -0.545 0 2
0 0.945 -0.535 0 2
0 0.945 -0.525 0 2
0 0.945 -0.515 0 2
0 0.945 -0.505 0 2
0 0.945 -0.495 -0.0004166660648 2
0 0.945 -0.485 -0.0007187922196 2
0 0.945 -0.475 -0.001068208378 2
0 0.945 -0.465 -0.00139782718 2
0 0.945 -0.455 -0.001718701307 2
0 0.945 -0.445 -0.002017297312 2
0 0.945 -0.435 -0.002288805567 2
0 0.945 -0.425 -0.002526479786 2
0 0.945 -0.415 -0.002724937806 2
0 0.945 -0.405 -0.002879920905 2
0 0.945 -0.395 -0.002987583314 2
0 0.945 -0.385 -0.003046818233 2
0 0.945 -0.375 -0.003052462917 2
0 0.945 -0.365 -0.003000635452 2
0 0.945 -0.355 -0.002888650371 2
0 0.945 -0.345 -0.002733888585 2
0 0.945 -0.335 -0.002547112623 1
0 0.945 -0.325 -0.002344705534 1
0 0.945 -0.315 -0.002122313534 1
0 0.945 -0.305 -0.001877220295 1
0 0.945 -0.295 -0.001605899621 1
0 0.945 -0.285 -0.001321860111 1
0 0.945 -0.275 -0.001009237482 1
0 0.945 -0.265 -0.0006168303029 2
0 0.945 -0.255 -0.0001817254571 2
0 0.945 -0.245 0.000270413773 2
0 0.945 -0.235 0.0007202210736 2
0 0.945 -0.225 0.001156229445 2
0 0.945 -0.215 0.001572677545 2
0 0.945 -0.205 0.001960153113 2
0 0.945 -0.195 0.002312572172 2
0 0.945 -0.185 0.002623897398 2
0 0.945 -0.175 0.002889145545 2
0 0.945 -0.165 0.003103928324 2
0 0.945 -0.155 0.003264576913 2
0 0.945 -0.145 0.003368111889 2
0 0.945 -0.135 0.003412250416 2
0 0.945 -0.125 0.00339545846 2
0 0.945 -0.115 0.003316775256 2
0 0.945 -0.105 0.003176479083 2
0 0.945 -0.095 0.002974115432 2
0 0.945 -0.085 0.002716421267 2
0 0.945 -0.075 0.002394299737 2
0 0.945 -0.065 0.00206596778 2
0 0.945 -0.055 0.001743065776 1
0 0.945 -0.045 0.001450400717 1
0 0.945 -0.035 0.001159296438 1
0 0.945 -0.025 0.0008464572726 1
0 0.945 -0.015 0.0005245784044 1
0 0.945 -0.005 0.0001949668785 1
0 0.945 0.005 -0.0001396792743 1
0 0.945 0.015 -0.0004751853041 1
0 0.945 0.025 -0.0008058614927 1
0 0.945 0.035 -0.001124221582 1
0 0.945 0.045 -0.001427438145 1
0 0.945 0.055 -0.001701494457 1
0 0.945 0.065 -0.001973504071 1
0 0.945 0.075 -0.002262514901 2
0 0.945 0.085 -0.002536927125 2
0 0.945 0.095 -0.002791565192 2
0 0.945 0.105 -0.002978424945 2
0 0.945 0.115 -0.003109060198 2
0 0.945 0.125 -0.003166365229 2
0 0.945 0.135 -0.003149854558 2
0 0.945 0.145 -0.00307558932 1
0 0.945 0.155 -0.002983312488 1
0 0.945 0.165 -0.002851459661 1
0 0.945 0.175 -0.002683791569 1
0 0.945 0.185 -0.002487025078 1
0 0.945 0.195 -0.002263743533 1
0 0.945 0.205 -0.002015301442 1
0 0.945 0.215 -0.001743720544 1
0 0.945 0.225 -0.001468407343 1
0 0.945 0.235 -0.001155763557 1
0 0.945 0.245 -0.0007706947072 2
0 0.945 0.255 -0.0003189108477 2
0 0.945 0.265 0.0001703854796 2
0 0.945 0.275 0.0006174092363 2
0 0.945 0.285 0.0009967891956 1
0 0.945 0.295 0.001285185679 1
0 0.945 0.305 0.001531575162 1
0 0.945 0.315 0.001752794797 1
0 0.945 0.325 0.0019491147 1
0 0.945 0.335 0.002114536001 1
0 0.945 0.345 0.002251788259 1
0 0.945 0.355 0.002365297932 1
0 0.945 0.365 0.002452325231 1
0 0.945 0.375 0.00251612174 2
0 0.945 0.385 0.002533729819 2
0 0.945 0.395 0.002500263869 2
0 0.945 0.405 0.002407799641 2
0 0.945 0.415 0.002263447775 2
0 0.945 0.425 0.002072683161 2
0 0.945 0.435 0.001837457813 2
0 0.945 0.445 0.001564176025 2
0 0.945 0.455 0.001269282233 2
0 0.945 0.465 0.0009809057897 1
0 0.945 0.475 0.0007404306418 1
0 0.945 0.485 0.0004961156714 1
0 0.945 0.495 0.0002869537731 1
0 0.945 0.505 0 1
0 0.945 0.515 0 1
0 0.945 0.525 0 1
0 0.945 0.535 0 1
0 0.945 0.545 0 1
0 0.945 0.555 0 1
0 0.945 0.565 0 1
0 0.955 -0.555 0 2
0 0.955 -0.545 0 2
0 0.955 -0.535 0 2
0 0.955 -0.525 0 2
0 0.955 -0.515 0 2
0 0.955 -0.505 0 2
0 0.955 -0.495 -0.0003742534989 2
0 0.955 -0.485 -0.0006453679131 2
0 0.955 -0.475 -0.0009609257106 2
0 0.955 -0.465 -0.001261707788 2
0 0.955 -0.455 -0.001552817211 2
0 0.955 -0.445 -0.001824949162 2
0 0.955 -0.435 -0.00207407704 2
0 0.955 -0.425 -0.00229384391 2
0 0.955 -0.415 -0.002478791827 2
0 0.955 -0.405 -0.002624830428 2
0 0.955 -0.395 -0.002728578237 2
0 0.955 -0.385 -0.002787015605 2
0 0.955 -0.375 -0.002800051066 2
0 0.955 -0.365 -0.002763610598 2
0 0.955 -0.355 -0.002677574133 2
0 0.955 -0.345 -0.002549369199 2
0 0.955 -0.335 -0.002384142395 2
0 0.955 -0.325 -0.002179322572 2
0 0.955 -0.315 -0.001951466849 2
0 0.955 -0.305 -0.001715689093 1
0 0.955 -0.295 -0.001481789 1
0 0.955 -0.285 -0.001199354305 2
0 0.955 -0.275 -0.0008513203578 2
0 0.955 -0.265 -0.000468578448 2
0 0.955 -0.255 -8.366184783e-05 2
0 0.955 -0.245 0.000307601674 2
0 0.955 -0.235 0.0006945716609 2
0 0.955 -0.225 0.001075339142 2
0 0.955 -0.215 0.001441127137 2
0 0.955 -0.205 0.001783952679 2
0 0.955 -0.195 0.002097265133 2
0 0.955 -0.185 0.002375129685 2
0 0.955 -0.175 0.002612584099 2
0 0.955 -0.165 0.002805373249 2
0 0.955 -0.155 0.002949995018 2
0 0.955 -0.145 0.003043664924 2
0 0.955 -0.135 0.003084302886 2
0 0.955 -0.125 0.003070567747 2
0 0.955 -0.115 0.003001675032 2
0 0.955 -0.105 0.002877982895 2
0 0.955 -0.095 0.002699133856 2
0 0.955 -0.085 0.002471225851 2
0 0.955 -0.075 0.002185825834 2
0 0.955 -0.065 0.001894379838 2
0 0.955 -0.055 0.001602678591 1
0 0.955 -0.045 0.001337363627 1
0 0.955 -0.035 0.001074592109 1
0 0.955 -0.025 0.0007881689548 1
0 0.955 -0.015 0.0004943042644 1
0 0.955 -0.005 0.0001935391784 1
0 0.955 0.005 -0.000111829004 1
0 0.955 0.015 -0.0004191057394 1
0 0.955 0.025 -0.0007229436918 1
0 0.955 0.035 -0.001016228119 1
0 0.955 0.045 -0.001297566634 1
0 0.955 0.055 -0.001552176577 1
0 0.955 0.065 -0.001802390365 1
0 0.955 0.075 -0.002072496115 2
0 0.955 0.085 -0.002330874908 2
0 0.955 0.095 -0.002563898574 2
0 0.955 0.105 -0.002735779101 2
0 0.955 0.115 -0.002854529323 2
0 0.955 0.125 -0.002914247626 2
0 0.955 0.135 -0.002910081203 2
0 0.955 0.145 -0.002846274322 2
0 0.955 0.155 -0.002741380781 1
0 0.955 0.165 -0.002622849271 1
0 0.955 0.175 -0.002468824775 1
0 0.955 0.185 -0.002287994525 1
0 0.955 0.195 -0.002083246628 1
0 0.955 0.205 -0.001855875544 1
0 0.955 0.215 -0.001607624524 1
0 0.955 0.225 -0.001359306424 1
0 0.955 0.235 -0.001080830072 1
0 0.955 0.245 -0.0007391626258 2
0 0.955 0.255 -0.0003463974462 2
0 0.955 0.265 8.539840389e-05 2
0 0.955 0.275 0.0004995141005 2
0 0.955 0.285 0.0008833299688 2
0 0.955 0.295 0.001202638478 1
0 0.955 0.305 0.001441936227 1
0 0.955 0.315 0.001645311592 1
0 0.955 0.325 0.001820875533 1
0 0.955 0.335 0.001962789743 1
0 0.955 0.345 0.002082207974 1
0 0.955 0.355 0.002170293247 1
0 0.955 0.365 0.0022335054 1
0 0.955 0.375 0.002286612634 2
0 0.955 0.385 0.002296350754 2
0 0.955 0.395 0.002258000087 2
0 0.955 0.405 0.002176766878 2
0 0.955 0.415 0.002055493786 2
0 0.955 0.425 0.001896451886 2
0 0.955 0.435 0.001700703976 2
0 0.955 0.445 0.001471818807 2
0 0.955 0.455 0.001212879767 2
0 0.955 0.465 0.0009440890794 2
0 0.955 0.475 0.0006854145668 1
0 0.955 0.485 0.0004576756045 1
0 0.955 0.495 0.0002659580055 1
0 0.955 0.505 0 1
0 0.955 0.515 0 1
0 0.955 0.525 0 1
0 0.955 0.535 0 1
0 0.955 0.545 0 1
0 0.955 0.555 0 1
0 0.955 0.565 0 1
0 0.965 -0.555 0 2
0 0.965 -0.545 0 2
0 0.965 -0.535 0 2
0 0.965 -0.525 0 2
0 0.965 -0.515 0 2
0 0.965 -0.505 0 2
0 0.965 -0.495 -0.0003143510059 2
0 0.965 -0.485 -0.0005433475255 2
0 0.965 -0.475 -0.0008155625121 2
0 0.965 -0.465 -0.001079088418 2
0 0.965 -0.455 -0.001335198474 2
0 0.965 -0.445 -0.001578664679 2
0 0.965 -0.435 -0.001799984776 2
0 0.965 -0.425 -0.001996511497 2
0 0.965 -0.415 -0.002162684667 2
0 0.965 -0.405 -0.002294523414 2
0 0.965 -0.395 -0.002389196784 2
0 0.965 -0.385 -0.002444308049 2
0 0.965 -0.375 -0.002457936795 2
0 0.965 -0.365 -0.002429404572 2
0 0.965 -0.355 -0.002362443894 2
0 0.965 -0.345 -0.002256538452 2
0 0.965 -0.335 -0.002112382807 2
0 0.965 -0.325 -0.001936313616 2
0 0.965 -0.315 -0.001737641802 2
0 0.965 -0.305 -0.001512898965 2
0 0.965 -0.295 -0.001261041859 2
0 0.965 -0.285 -0.0009838665431 2
0 0.965 -0.275 -0.0006730513849 2
0 0.965 -0.265 -0.0003436118277 2
0 0.965 -0.255 -1.581391104e-05 2
0 0.965 -0.245 0.0003136598638 2
0 0.965 -0.235 0.0006401402247 2
0 0.965 -0.225 0.0009611731765 2
0 0.965 -0.215 0.001270412401 2
0 0.965 -0.205 0.001561663098 2
0 0.965 -0.195 0.001828943265 2
0 0.965 -0.185 0.002066891279 2
0 0.965 -0.175 0.002270907411 2
0 0.965 -0.165 0.002437094572 2
0 0.965 -0.155 0.002562286608 2
0 0.965 -0.145 0.002644035477 2
0 0.965 -0.135 0.002680602213 2
0 0.965 -0.125 0.002670987632 2
0 0.965 -0.115 0.002614785959 2
0 0.965 -0.105 0.002512583827 2
0 0.965 -0.095 0.00236455329 2
0 0.965 -0.085 0.002174948161 2
0 0.965 -0.075 0.001936801858 2
0 0.965 -0.065 0.001684012853 2
0 0.965 -0.055 0.001428473407 1
0 0.965 -0.045 0.001197394712 1
0 0.965 -0.035 0.0009662135157 1
0 0.965 -0.025 0.000710815224 1
0 0.965 -0.015 0.0004485843654 1
0 0.965 -0.005 0.0001835713379 1
0 0.965 0.005 -8.763204476e-05 1
0 0.965 0.015 -0.0003612562275 1
0 0.965 0.025 -0.0006291324041 1
0 0.965 0.035 -0.0008876893664 1
0 0.965 0.045 -0.00113642685 1
0 0.965 0.055 -0.001366684019 1
0 0.965 0.065 -0.001591730365 1
0 0.965 0.075 -0.001840866699 2
0 0.965 0.085 -0.002075922205 2
0 0.965 0.095 -0.002272514873 2
0 0.965 0.105 -0.002419951358 2
0 0.965 0.115 -0.002520172219 2
0 0.965 0.125 -0.002573933191 2
0 0.965 0.135 -0.002580537184 2
0 0.965 0.145 -0.00253529369 2
0 0.965 0.155 -0.002447441637 2
0 0.965 0.165 -0.002329596898 1
0 0.965 0.175 -0.002194683588 1
0 0.965 0.185 -0.002035987571 1
0 0.965 0.195 -0.001854127905 1
0 0.965 0.205 -0.00165666282 1
0 0.965 0.215 -0.001440150647 1
0 0.965 0.225 -0.001212769402 1
0 0.965 0.235 -0.0009603484457 1
0 0.965 0.245 -0.0006566693399 2
0 0.965 0.255 -0.0003210889504 2
0 0.965 0.265 3.721562694e-05 2
0 0.965 0.275 0.0003823704789 2
0 0.965 0.285 0.0007124499544 2
0 0.965 0.295 0.001023180424 2
0 0.965 0.305 0.001289729229 2
0 0.965 0.315 0.00149482823 1
0 0.965 0.325 0.001646796228 1
0 0.965 0.335 0.001765250138 1
0 0.965 0.345 0.001855170378 1
0 0.965 0.355 0.001913252312 1
0 0.965 0.365 0.001966486301 2
0 0.965 0.375 0.001988849638 2
0 0.965 0.385 0.001975798482 2
0 0.965 0.395 0.001935567227 2
0 0.965 0.405 0.001871797007 2
0 0.965 0.415 0.001779027548 2
0 0.965 0.425 0.001656567607 2
0 0.965 0.435 0.001502675456 2
0 0.965 0.445 0.001319979238 2
0 0.965 0.455 0.001113000678 2
0 0.965 0.465 0.0008918058871 2
0 0.965 0.475 0.0006614733419 2
0 0.965 0.485 0.0004286717894 2
0 0.965 0.495 0.0002371062099 1
0 0.965 0.505 0 1
0 0.965 0.515 0 1
0 0.965 0.525 0 1
0 0.965 0.535 0 1
0 0.965 0.545 0 1
0 0.965 0.555 0 1
0 0.965 0.565 0 1
0 0.975 -0.555 0 2
0 0.975 -0.545 0 2
0 0.975 -0.535 0 1
0 0.975 -0.525 0 1
0 0.975 -0.515 0 1
0 0.975 -0.505 0 1
0 0.975 -0.495 -0.0002291521176 1
0 0.975 -0.485 -0.0004145049088 2
0 0.975 -0.475 -0.0006375040266 2
0 0.975 -0.465 -0.0008541166633 2
0 0.975 -0.455 -0.001066831409 2
0 0.975 -0.445 -0.00127578307 2
0 0.975 -0.435 -0.00146687392 2
0 0.975 -0.425 -0.001633952058 2
0 0.975 -0.415 -0.001775377172 2
0 0.975 -0.405 -0.001887468 2
0 0.975 -0.395 -0.001968114085 2
0 0.975 -0.385 -0.002015935902 2
0 0.975 -0.375 -0.002029754573 2
0 0.975 -0.365 -0.002008887964 2
0 0.975 -0.355 -0.001953603868 2
0 0.975 -0.345 -0.001865219458 2
0 0.975 -0.335 -0.001746301626 2
0 0.975 -0.325 -0.001602100645 2
0 0.975 -0.315 -0.001431966721 2
0 0.975 -0.305 -0.001230632242 2
0 0.975 -0.295 -0.001003510821 2
0 0.975 -0.285 -0.0007619173769 2
0 0.975 -0.275 -0.0005073015811 2
0 0.975 -0.265 -0.0002425664467 2
0 0.975 -0.255 2.380590857e-05 2
0 0.975 -0.245 0.0002886658952 2
0 0.975 -0.235 0.0005505370733 2
0 0.975 -0.225 0.000807227053 2
0 0.975 -0.215 0.001054657413 2
0 0.975 -0.205 0.001288294218 2
0 0.975 -0.195 0.001503372457 2
0 0.975 -0.185 0.001695482931 2
0 0.975 -0.175 0.0018607299 2
0 0.975 -0.165 0.00199581503 2
0 0.975 -0.155 0.002098086584 2
0 0.975 -0.145 0.002165561433 2
0 0.975 -0.135 0.002196937375 2
0 0.975 -0.125 0.002191632928 2
0 0.975 -0.115 0.002149711058 2
0 0.975 -0.105 0.002072084459 2
0 0.975 -0.095 0.001959744203 2
0 0.975 -0.085 0.001815325444 2
0 0.975 -0.075 0.001636769997 2
0 0.975 -0.065 0.001433341688 2
0 0.975 -0.055 0.001218769701 1
0 0.975 -0.045 0.001026738581 1
0 0.975 -0.035 0.0008359296112 1
0 0.975 -0.025 0.0006228489911 1
0 0.975 -0.015 0.0003932337704 1
0 0.975 -0.005 0.0001592602044 1
0 0.975 0.005 -7.599936714e-05 1
0 0.975 0.015 -0.0003050903211 1
0 0.975 0.025 -0.0005246254208 1
0 0.975 0.035 -0.0007379137277 1
0 0.975 0.045 -0.0009389182724 1
0 0.975 0.055 -0.001131492282 1
0 0.975 0.065 -0.001349232923 2
0 0.975 0.075 -0.001566659568 2
0 0.975 0.085 -0.001758399645 2
0 0.975 0.095 -0.001905848949 2
0 0.975 0.105 -0.002020701362 2
0 0.975 0.115 -0.002099318501 2
0 0.975 0.125 -0.002141032673 2
0 0.975 0.135 -0.002148619671 2
0 0.975 0.145 -0.002121558677 2
0 0.975 0.155 -0.002058583764 2
0 0.975 0.165 -0.001965422744 2
0 0.975 0.175 -0.001845946013 2
0 0.975 0.185 -0.001703976786 2
0 0.975 0.195 -0.001544455854 1
0 0.975 0.205 -0.001390956405 1
0 0.975 0.215 -0.001221465765 1
0 0.975 0.225 -0.001009332898 2
0 0.975 0.235 -0.0007646056153 2
0 0.975 0.245 -0.0005073495777 2
0 0.975 0.255 -0.0002498514809 2
0 0.975 0.265 1.994267531e-05 2
0 0.975 0.275 0.0002881283737 2
0 0.975 0.285 0.0005508224134 2
0 0.975 0.295 0.000805158285 2
0 0.975 0.305 0.001033023579 2
0 0.975 0.315 0.001223269866 2
0 0.975 0.325 0.001374518904 2
0 0.975 0.335 0.001487111691 2
0 0.975 0.345 0.00155504104 2
0 0.975 0.355 0.001594456599 2
0 0.975 0.365 0.001614151833 2
0 0.975 0.375 0.001590675223 1
0 0.975 0.385 0.00155589554 1
0 0.975 0.395 0.001525873232 1
0 0.975 0.405 0.001500462431 2
0 0.975 0.415 0.001439104822 2
0 0.975 0.425 0.001352035108 2
0 0.975 0.435 0.001241330427 2
0 0.975 0.445 0.001105894544 2
0 0.975 0.455 0.000949108304 2
0 0.975 0.465 0.0007770462298 2
0 0.975 0.475 0.0005947018153 2
0 0.975 0.485 0.0004026911116 2
0 0.975 0.495 0.0002341115628 2
0 0.975 0.505 0 2
0 0.975 0.515 0 1
0 0.975 0.525 0 1
0 0.975 0.535 0 1
0 0.975 0.545 0 1
0 0.975 0.555 0 1
0 0.975 0.565 0 1
0 0.985 -0.555 0 2
0 0.985 -0.545 0 1
0 0.985 -0.535 0 1
0 0.985 -0.525 0 1
0 0.985 -0.515 0 1
0 0.985 -0.505 0 1
0 0.985 -0.495 -0.0001822634233 1
0 0.985 -0.485 -0.0002981714319 1
0 0.985 -0.475 -0.0004338784512 1
0 0.985 -0.465 -0.0005916773347 2
0 0.985 -0.455 -0.000751350318 2
0 0.985 -0.445 -0.0009113139371 2
0 0.985 -0.435 -0.001062020329 2
0 0.985 -0.425 -0.001194090023 2
0 0.985 -0.415 -0.001301889411 2
0 0.985 -0.405 -0.001386842419 2
0 0.985 -0.395 -0.001447845741 2
0 0.985 -0.385 -0.00148441385 2
0 0.985 -0.375 -0.001495830976 2
0 0.985 -0.365 -0.001481667106 2
0 0.985 -0.355 -0.001441936846 2
0 0.985 -0.345 -0.00137723721 2
0 0.985 -0.335 -0.001288669787 2
0 0.985 -0.325 -0.001177425224 2
0 0.985 -0.315 -0.001044275281 2
0 0.985 -0.305 -0.0008904072001 2
0 0.985 -0.295 -0.0007191798762 2
0 0.985 -0.285 -0.0005360743065 2
0 0.985 -0.275 -0.0003465262366 2
0 0.985 -0.265 -0.0001539192781 2
0 0.985 -0.255 3.91924409e-05 2
0 0.985 -0.245 0.0002306533463 2
0 0.985 -0.235 0.0004193401362 2
0 0.985 -0.225 0.0006037646987 2
0 0.985 -0.215 0.0007815130217 2
0 0.985 -0.205 0.0009495974014 2
0 0.985 -0.195 0.001104714833 2
0 0.985 -0.185 0.001243662061 2
0 0.985 -0.175 0.001363534291 2
0 0.985 -0.165 0.001461862247 2
0 0.985 -0.155 0.001536681128 2
0 0.985 -0.145 0.001586576143 2
0 0.985 -0.135 0.001610715734 2
0 0.985 -0.125 0.001608904424 2
0 0.985 -0.115 0.001581588295 2
0 0.985 -0.105 0.001529948382 2
0 0.985 -0.095 0.001455765938 2
0 0.985 -0.085 0.001361100974 2
0 0.985 -0.075 0.001250186307 2
0 0.985 -0.065 0.001115276179 2
0 0.985 -0.055 0.0009591967616 2
0 0.985 -0.045 0.0007987515677 1
0 0.985 -0.035 0.0006599642436 1
0 0.985 -0.025 0.0005085738926 1
0 0.985 -0.015 0.0003192959547 2
0 0.985 -0.005 0.0001112283172 2
0 0.985 0.005 -8.525905573e-05 1
0 0.985 0.015 -0.0002512848767 1
0 0.985 0.025 -0.0004074809595 1
0 0.985 0.035 -0.0005612766724 1
0 0.985 0.045 -0.0007082183813 1
0 0.985 0.055 -0.0008565176684 1
0 0.985 0.065 -0.001029670254 2
0 0.985 0.075 -0.001193707661 2
0 0.985 0.085 -0.001328093314 2
0 0.985 0.095 -0.001429861986 2
0 0.985 0.105 -0.001508606123 2
0 0.985 0.115 -0.001562500087 2
0 0.985 0.125 -0.001591398687 2
0 0.985 0.135 -0.001594226741 2
0 0.985 0.145 -0.001573429738 2
0 0.985 0.155 -0.001525683175 2
0 0.985 0.165 -0.001448654009 2
0 0.985 0.175 -0.001358947906 2
0 0.985 0.185 -0.001258116347 2
0 0.985 0.195 -0.001135436884 2
0 0.985 0.205 -0.001000492057 2
0 0.985 0.215 -0.0008599357832 2
0 0.985 0.225 -0.0007004614675 2
0 0.985 0.235 -0.0005269114091 2
0 0.985 0.245 -0.0003479737903 2
0 0.985 0.255 -0.0001710622254 2
0 0.985 0.265 1.288745387e-05 2
0 0.985 0.275 0.0001998748596 2
0 0.985 0.285 0.0003871462669 2
0 0.985 0.295 0.0005687917329 2
0 0.985 0.305 0.0007344464374 2
0 0.985 0.315 0.0008791237639 2
0 0.985 0.325 0.0009991785638 2
0 0.985 0.335 0.00108534015 2
0 0.985 0.345 0.001134546525 2
0 0.985 0.355 0.001162725901 2
0 0.985 0.365 0.001157511581 1
0 0.985 0.375 0.001134425656 1
0 0.985 0.385 0.001105111331 1
0 0.985 0.395 0.001081117707 1
0 0.985 0.405 0.001056802886 1
0 0.985 0.415 0.00103369807 2
0 0.985 0.425 0.000979566536 2
0 0.985 0.435 0.0009083658776 2
0 0.985 0.445 0.0008206544307 2
0 0.985 0.455 0.0007164923885 2
0 0.985 0.465 0.0005974054004 2
0 0.985 0.475 0.0004700688291 2
0 0.985 0.485 0.0003305091743 2
0 0.985 0.495 0.0002021736142 2
0 0.985 0.505 0 2
0 0.985 0.515 0 2
0 0.985 0.525 0 1
0 0.985 0.535 0 1
0 0.985 0.545 0 1
0 0.985 0.555 0 1
0 0.985 0.565 0 1
0 0.995 -0.555 0 2
0 0.995 -0.545 0 1
0 0.995 -0.535 0 1
0 0.995 -0.525 0 1
0 0.995 -0.515 0 1
0 0.995 -0.505 0 1
0 0.995 -0.495 -0.00012522658 1
0 0.995 -0.485 -0.0001897479208 1
0 0.995 -0.475 -0.0002613551472 1
0 0.995 -0.465 -0.0003400702801 1
0 0.995 -0.455 -0.000440276323 2
0 0.995 -0.445 -0.0005370166376 2
0 0.995 -0.435 -0.0006359795314 2
0 0.995 -0.425 -0.0007252536785 2
0 0.995 -0.415 -0.00079281842 2
0 0.995 -0.405 -0.0008457228712 2
0 0.995 -0.395 -0.0008836665025 2
0 0.995 -0.385 -0.0009066253204 2
0 0.995 -0.375 -0.0009141316606 2
0 0.995 -0.365 -0.0009058594949 2
0 0.995 -0.355 -0.0008817403229 2
0 0.995 -0.345 -0.0008420548344 2
0 0.995 -0.335 -0.0007872549071 2
0 0.995 -0.325 -0.0007177439943 2
0 0.995 -0.315 -0.0006338227411 2
0 0.995 -0.305 -0.0005365840402 2
0 0.995 -0.295 -0.0004290431283 2
0 0.995 -0.285 -0.0003153532776 2
0 0.995 -0.275 -0.0001989647751 2
0 0.995 -0.265 -8.184770466e-05 2
0 0.995 -0.255 3.472893609e-05 2
0 0.995 -0.245 0.0001498078567 2
0 0.995 -0.235 0.0002628283224 2
0 0.995 -0.225 0.0003730656306 2
0 0.995 -0.215 0.0004793198351 2
0 0.995 -0.205 0.0005799350342 2
0 0.995 -0.195 0.0006729939327 2
0 0.995 -0.185 0.0007565623401 2
0 0.995 -0.175 0.0008288528931 2
0 0.995 -0.165 0.0008883401198 2
0 0.995 -0.155 0.0009338232458 2
0 0.995 -0.145 0.0009644707911 2
0 0.995 -0.135 0.0009798572536 2
0 0.995 -0.125 0.0009800129351 2
0 0.995 -0.115 0.0009654686522 2
0 0.995 -0.105 0.0009372812508 2
0 0.995 -0.095 0.0008971491518 2
0 0.995 -0.085 0.0008464183663 2
0 0.995 -0.075 0.0007877355137 2
0 0.995 -0.065 0.000717244387 2
0 0.995 -0.055 0.0006305290281 2
0 0.995 -0.045 0.0005304225512 2
0 0.995 -0.035 0.0004264352318 2
0 0.995 -0.025 0.0003170872438 2
0 0.995 -0.015 0.0001984383606 2
0 0.995 -0.005 7.104852508e-05 2
0 0.995 0.005 -5.797568872e-05 2
0 0.995 0.015 -0.0001742780072 1
0 0.995 0.025 -0.0002715012486 1
0 0.995 0.035 -0.0003620208173 1
0 0.995 0.045 -0.0004519061712 1
0 0.995 0.055 -0.0005604280932 2
0 0.995 0.065 -0.0006698054707 2
0 0.995 0.075 -0.000761077514 2
0 0.995 0.085 -0.0008312602314 2
0 0.995 0.095 -0.0008896599768 2
0 0.995 0.105 -0.0009336308096 2
0 0.995 0.115 -0.0009637205816 2
0 0.995 0.125 -0.0009795374491 2
0 0.995 0.135 -0.0009797934797 2
0 0.995 0.145 -0.000962622076 2
0 0.995 0.155 -0.000927862364 2
0 0.995 0.165 -0.0008677915917 2
0 0.995 0.175 -0.0008026791245 2
0 0.995 0.185 -0.0007336450461 2
0 0.995 0.195 -0.0006489338158 2
0 0.995 0.205 -0.0005568240537 2
0 0.995 0.215 -0.000473748926 2
0 0.995 0.225 -0.000385652144 2
0 0.995 0.235 -0.0002925264112 2
0 0.995 0.245 -0.000195247299 2
0 0.995 0.255 -9.551005895e-05 2
0 0.995 0.265 9.184172238e-06 2
0 0.995 0.275 0.0001180950505 2
0 0.995 0.285 0.0002285832347 2
0 0.995 0.295 0.0003363243814 2
0 0.995 0.305 0.0004371456354 2
0 0.995 0.315 0.0005264687104 2
0 0.995 0.325 0.000600264556 2
0 0.995 0.335 0.0006480843593 2
0 0.995 0.345 0.0006812163244 2
0 0.995 0.355 0.0006998764474 2
0 0.995 0.365 0.0006825838992 1
0 0.995 0.375 0.0006675227404 1
0 0.995 0.385 0.0006576201729 1
0 0.995 0.395 0.0006404616688 1
0 0.995 0.405 0.0006207695198 1
0 0.995 0.415 0.000607679959 1
0 0.995 0.425 0.0005900765254 2
0 0.995 0.435 0.0005495492139 2
0 0.995 0.445 0.0005024563589 2
0 0.995 0.455 0.0004473599837 2
0 0.995 0.465 0.0003793283988 2
0 0.995 0.475 0.000306116794 2
0 0.995 0.485 0.0002248375959 2
0 0.995 0.495 0.0001473225918 2
0 0.995 0.505 0 2
0 0.995 0.515 0 2
0 0.995 0.525 0 2
0 0.995 0.535 0 2
0 0.995 0.545 0 2
0 0.995 0.555 0 1
0 0.995 0.565 0 1
0 1.005 -0.555 0 2
0 1.005 -0.545 0 1
0 1.005 -0.535 0 1
0 1.005 -0.525 0 1
0 1.005 -0.515 0 1
0 1.005 -0.505 0 1
0 1.005 -0.495 0 1
0 1.005 -0.485 0 1
0 1.005 -0.475 0 1
0 1.005 -0.465 0 1
0 1.005 -0.455 0 1
0 1.005 -0.445 0 2
0 1.005 -0.435 0 2
0 1.005 -0.425 0 2
0 1.005 -0.415 0 2
0 1.005 -0.405 0 2
0 1.005 -0.395 0 2
0 1.005 -0.385 0 2
0 1.005 -0.375 0 2
0 1.005 -0.365 0 2
0 1.005 -0.355 0 2
0 1.005 -0.345 0 2
0 1.005 -0.335 0 2
0 1.005 -0.325 0 2
0 1.005 -0.315 0 2
0 1.005 -0.305 0 2
0 1.005 -0.295 0 2
0 1.005 -0.285 0 2
0 1.005 -0.275 0 2
0 1.005 -0.265 0 2
0 1.005 -0.255 0 2
0 1.005 -0.245 0 2
0 1.005 -0.235 0 2
0 1.005 -0.225 0 2
0 1.005 -0.215 0 2
0 1.005 -0.205 0 2
0 1.005 -0.195 0 2
0 1.005 -0.185 0 2
0 1.005 -0.175 0 2
0 1.005 -0.165 0 2
0 1.005 -0.155 0 2
0 1.005 -0.145 0 2
0 1.005 -0.135 0 2
0 1.005 -0.125 0 2
0 1.005 -0.115 0 2
0 1.005 -0.105 0 2
0 1.005 -0.095 0 2
0 1.005 -0.085 0 2
0 1.005 -0.075 0 2
0 1.005 -0.065 0 2
0 1.005 -0.055 0 2
0 1.005 -0.045 0 2
0 1.005 -0.035 0 2
0 1.005 -0.025 0 2
0 1.005 -0.015 0 2
0 1.005 -0.005 0 2
0 1.005 0.005 0 2
0 1.005 0.015 0 2
0 1.005 0.025 0 2
0 1.005 0.035 0 2
0 1.005 0.045 0 2
0 1.005 0.055 0 2
0 1.005 0.065 0 2
0 1.005 0.075 0 2
0 1.005 0.085 0 2
0 1.005 0.095 0 2
0 1.005 0.105 0 2
0 1.005 0.115 0 2
0 1.005 0.125 0 2
0 1.005 0.135 0 2
0 1.005 0.145 0 2
0 1.005 0.155 0 2
0 1.005 0.165 0 2
0 1.005 0.175 0 2
0 1.005 0.185 0 1
0 1.005 0.195 0 1
0 1.005 0.205 0 1
0 1.005 0.215 0 1
0 1.005 0.225 0 1
0 1.005 0.235 0 2
0 1.005 0.245 0 2
0 1.005 0.255 0 2
0 1.005 0.265 0 2
0 1.005 0.275 0 2
0 1.005 0.285 0 2
0 1.005 0.295 0 2
0 1.005 0.305 0 2
0 1.005 0.315 0 2
0 1.005 0.325 0 2
0 1.005 0.335 0 2
0 1.005 0.345 0 2
0 1.005 0.355 0 1
0 1.005 0.365 0 1
0 1.005 0.375 0 1
0 1.005 0.385 0 1
0 1.005 0.395 0 1
0 1.005 0.405 0 1
0 1.005 0.415 0 1
0 1.005 0.425 0 1
0 1.005 0.435 0 2
0 1.005 0.445 0 2
0 1.005 0.455 0 2
0 1.005 0.465 0 2
0 1.005 0.475 0 2
0 1.005 0.485 0 2
0 1.005 0.495 0 2
0 1.005 0.505 0 2
0 1.005 0.515 0 2
0 1.005 0.525 0 2
0 1.005 0.535 0 2
0 1.005 0.545 0 2
0 1.005 0.555 0 2
0 1.005 0.565 0 2
0 1.015 -0.555 0 2
0 1.015 -0.545 0 2
0 1.015 -0.535 0 1
0 1.015 -0.525 0 1
0 1.015 -0.515 0 1
0 1.015 -0.505 0 1
0 1.015 -0.495 0 1
0 1.015 -0.485 0 1
0 1.015 -0.475 0 1
0 1.015 -0.465 0 1
0 1.015 -0.455 0 1
0 1.015 -0.445 0 2
0 1.015 -0.435 0 2
0 1.015 -0.425 0 2
0 1.015 -0.415 0 2
0 1.015 -0.405 0 2
0 1.015 -0.395 0 2
0 1.015 -0.385 0 2
0 1.015 -0.375 0 2
0 1.015 -0.365 0 2
0 1.015 -0.355 0 2
0 1.015 -0.345 0 2
0 1.015 -0.335 0 2
0 1.015 -0.325 0 2
0 1.015 -0.315 0 2
0 1.015 -0.305 0 2
0 1.015 -0.295 0 2
0 1.015 -0.285 0 2
0 1.015 -0.275 0 2
0 1.015 -0.265 0 2
0 1.015 -0.255 0 2
0 1.015 -0.245 0 2
0 1.015 -0.235 0 2
0 1.015 -0.225 0 2
0 1.015 -0.215 0 2
0 1.015 -0.205 0 2
0 1.015 -0.195 0 2
0 1.015 -0.185 0 2
0 1.015 -0.175 0 2
0 1.015 -0.165 0 2
0 1.015 -0.155 0 2
0 1.015 -0.145 0 2
0 1.015 -0.135 0 2
0 1.015 -0.125 0 2
0 1.015 -0.115 0 2
0 1.015 -0.105 0 2
0 1.015 -0.095 0 2
0 1.015 -0.085 0 2
0 1.015 -0.075 0 2
0 1.015 -0.065 0 2
0 1.015 -0.055 0 2
0 1.015 -0.045 0 2
0 1.015 -0.035 0 2
0 1.015 -0.025 0 2
0 1.015 -0.015 0 2
0 1.015 -0.005 0 2
0 1.015 0.005 0 2
0 1.015 0.015 0 2
0 1.015 0.025 0 2
0 1.015 0.035 0 2
0 1.015 0.045 0 2
0 1.015 0.055 0 2
0 1.015 0.065 0 2
0 1.015 0.075 0 2
0 1.015 0.085 0 2
0 1.015 0.095 0 2
0 1.015 0.105 0 2
0 1.015 0.115 0 2
0 1.015 0.125 0 2
0 1.015 0.135 0 2
0 1.015 0.145 0 2
0 1.015 0.155 0 2
0 1.015 0.165 0 2
0 1.015 0.175 0 2
0 1.015 0.185 0 1
0 1.015 0.195 0 1
0 1.015 0.205 0 1
0 1.015 0.215 0 1
0 1.015 0.225 0 1
0 1.015 0.235 0 1
0 1.015 0.245 0 1
0 1.015 0.255 0 2
0 1.015 0.265 0 2
0 1.015 0.275 0 2
0 1.015 0.285 0 2
0 1.015 0.295 0 2
0 1.015 0.305 0 2
0 1.015 0.315 0 2
0 1.015 0.325 0 2
0 1.015 0.335 0 2
0 1.015 0.345 0 2
0 1.015 0.355 0 1
0 1.015 0.365 0 1
0 1.015 0.375 0 1
0 1.015 0.385 0 1
0 1.015 0.395 0 1
0 1.015 0.405 0 1
0 1.015 0.415 0 1
0 1.015 0.425 0 1
0 1.015 0.435 0 2
0 1.015 0.445 0 2
0 1.015 0.455 0 2
0 1.015 0.465 0 2
0 1.015 0.475 0 2
0 1.015 0.485 0 2
0 1.015 0.495 0 2
0 1.015 0.505 0 2
0 1.015 0.515 0 2
0 1.015 0.525 0 2
0 1.015 0.535 0 2
0 1.015 0.545 0 2
0 1.015 0.555 0 2
0 1.015 0.565 0 2
0 1.025 -0.555 0 2
0 1.025 -0.545 0 2
0 1.025 -0.535 0 1
0 1.025 -0.525 0 1
0 1.025 -0.515 0 1
0 1.025 -0.505 0 1
0 1.025 -0.495 0 1
0 1.025 -0.485 0 1
0 1.025 -0.475 0 1
0 1.025 -0.465 0 1
0 1.025 -0.455 0 1
0 1.025 -0.445 0 1
0 1.025 -0.435 0 2
0 1.025 -0.425 0 2
0 1.025 -0.415 0 2
0 1.025 -0.405 0 2
0 1.025 -0.395 0 2
0 1.025 -0.385 0 2
0 1.025 -0.375 0 2
0 1.025 -0.365 0 2
0 1.025 -0.355 0 2
0 1.025 -0.345 0 2
0 1.025 -0.335 0 2
0 1.025 -0.325 0 2
0 1.025 -0.315 0 2
0 1.025 -0.305 0 2
0 1.025 -0.295 0 2
0 1.025 -0.285 0 2
0 1.025 -0.275 0 2
0 1.025 -0.265 0 2
0 1.025 -0.255 0 1
0 1.025 -0.245 0 1
0 1.025 -0.235 0 1
0 1.025 -0.225 0 2
0 1.025 -0.215 0 2
0 1.025 -0.205 0 2
0 1.025 -0.195 0 2
0 1.025 -0.185 0 2
0 1.025 -0.175 0 2
0 1.025 -0.165 0 2
0 1.025 -0.155 0 2
0 1.025 -0.145 0 2
0 1.025 -0.135 0 2
0 1.025 -0.125 0 2
0 1.025 -0.115 0 2
0 1.025 -0.105 0 2
0 1.025 -0.095 0 2
0 1.025 -0.085 0 2
0 1.025 -0.075 0 2
0 1.025 -0.065 0 2
0 1.025 -0.055 0 2
0 1.025 -0.045 0 2
0 1.025 -0.035 0 2
0 1.025 -0.025 0 2
0 1.025 -0.015 0 2
0 1.025 -0.005 0 2
0 1.025 0.005 0 2
0 1.025 0.015 0 2
0 1.025 0.025 0 2
0 1.025 0.035 0 2
0 1.025 0.045 0 2
0 1.025 0.055 0 2
0 1.025 0.065 0 2
0 1.025 0.075 0 2
0 1.025 0.085 0 2
0 1.025 0.095 0 2
0 1.025 0.105 0 2
0 1.025 0.115 0 2
0 1.025 0.125 0 2
0 1.025 0.135 0 2
0 1.025 0.145 0 2
0 1.025 0.155 0 2
0 1.025 0.165 0 2
0 1.025 0.175 0 1
0 1.025 0.185 0 1
0 1.025 0.195 0 1
0 1.025 0.205 0 1
0 1.025 0.215 0 1
0 1.025 0.225 0 1
0 1.025 0.235 0 1
0 1.025 0.245 0 1
0 1.025 0.255 0 1
0 1.025 0.265 0 2
0 1.025 0.275 0 2
0 1.025 0.285 0 2
0 1.025 0.295 0 2
0 1.025 0.305 0 2
0 1.025 0.315 0 2
0 1.025 0.325 0 2
0 1.025 0.335 0 2
0 1.025 0.345 0 2
0 1.025 0.355 0 2
0 1.025 0.365 0 1
0 1.025 0.375 0 1
0 1.025 0.385 0 1
0 1.025 0.395 0 1
0 1.025 0.405 0 1
0 1.025 0.415 0 1
0 1.025 0.425 0 1
0 1.025 0.435 0 2
0 1.025 0.445 0 2
0 1.025 0.455 0 2
0 1.025 0.465 0 2
0 1.025 0.475 0 2
0 1.025 0.485 0 2
0 1.025 0.495 0 2
0 1.025 0.505 0 2
0 1.025 0.515 0 2
0 1.025 0.525 0 2
0 1.025 0.535 0 2
0 1.025 0.545 0 2
0 1.025 0.555 0 2
0 1.025 0.565 0 2
0 1.035 -0.555 0 2
0 1.035 -0.545 0 2
0 1.035 -0.535 0 2
0 1.035 -0.525 0 1
0 1.035 -0.515 0 1
0 1.035 -0.505 0 1
0 1.035 -0.495 0 1
0 1.035 -0.485 0 1
0 1.035 -0.475 0 1
0 1.035 -0.465 0 1
0 1.035 -0.455 0 1
0 1.035 -0.445 0 1
0 1.035 -0.435 0 2
0 1.035 -0.425 0 2
0 1.035 -0.415 0 2
0 1.035 -0.405 0 2
0 1.035 -0.395 0 2
0 1.035 -0.385 0 2
0 1.035 -0.375 0 2
0 1.035 -0.365 0 2
0 1.035 -0.355 0 2
0 1.035 -0.345 0 2
0 1.035 -0.335 0 2
0 1.035 -0.325 0 2
0 1.035 -0.315 0 2
0 1.035 -0.305 0 2
0 1.035 -0.295 0 2
0 1.035 -0.285 0 2
0 1.035 -0.275 0 2
0 1.035 -0.265 0 1
0 1.035 -0.255 0 1
0 1.035 -0.245 0 1
0 1.035 -0.235 0 1
0 1.035 -0.225 0 1
0 1.035 -0.215 0 1
0 1.035 -0.205 0 2
0 1.035 -0.195 0 2
0 1.035 -0.185 0 2
0 1.035 -0.175 0 2
0 1.035 -0.165 0 2
0 1.035 -0.155 0 2
0 1.035 -0.145 0 2
0 1.035 -0.135 0 2
0 1.035 -0.125 0 2
0 1.035 -0.115 0 2
0 1.035 -0.105 0 2
0 1.035 -0.095 0 2
0 1.035 -0.085 0 2
0 1.035 -0.075 0 2
0 1.035 -0.065 0 2
0 1.035 -0.055 0 2
0 1.035 -0.045 0 2
0 1.035 -0.035 0 2
0 1.035 -0.025 0 2
0 1.035 -0.015 0 2
0 1.035 -0.005 0 2
0 1.035 0.005 0 2
0 1.035 0.015 0 2
0 1.035 0.025 0 2
0 1.035 0.035 0 2
0 1.035 0.045 0 2
0 1.035 0.055 0 2
0 1.035 0.065 0 2
0 1.035 0.075 0 2
0 1.035 0.085 0 2
0 1.035 0.095 0 2
0 1.035 0.105 0 2
0 1.035 0.115 0 2
0 1.035 0.125 0 2
0 1.035 0.135 0 2
0 1.035 0.145 0 2
0 1.035 0.155 0 2
0 1.035 0.165 0 2
0 1.035 0.175 0 2
0 1.035 0.185 0 1
0 1.035 0.195 0 1
0 1.035 0.205 0 1
0 1.035 0.215 0 1
0 1.035 0.225 0 1
0 1.035 0.235 0 1
0 1.035 0.245 0 1
0 1.035 0.255 0 1
0 1.035 0.265 0 1
0 1.035 0.275 0 2
0 1.035 0.285 0 2
0 1.035 0.295 0 2
0 1.035 0.305 0 2
0 1.035 0.315 0 2
0 1.035 0.325 0 2
0 1.035 0.335 0 2
0 1.035 0.345 0 2
0 1.035 0.355 0 2
0 1.035 0.365 0 1
0 1.035 0.375 0 1
0 1.035 0.385 0 1
0 1.035 0.395 0 1
0 1.035 0.405 0 1
0 1.035 0.415 0 1
0 1.035 0.425 0 1
0 1.035 0.435 0 1
0 1.035 0.445 0 2
0 1.035 0.455 0 2
0 1.035 0.465 0 2
0 1.035 0.475 0 2
0 1.035 0.485 0 2
0 1.035 0.495 0 2
0 1.035 0.505 0 2
0 1.035 0.515 0 2
0 1.035 0.525 0 2
0 1.035 0.535 0 2
0 1.035 0.545 0 2
0 1.035 0.555 0 2
0 1.035 0.565 0 2
0 1.045 -0.555 0 2
0 1.045 -0.545 0 2
0 1.045 -0.535 0 2
0 1.045 -0.525 0 2
0 1.045 -0.515 0 1
0 1.045 -0.505 0 1
0 1.045 -0.495 0 1
0 1.045 -0.485 0 1
0 1.045 -0.475 0 1
0 1.045 -0.465 0 1
0 1.045 -0.455 0 1
0 1.045 -0.445 0 1
0 1.045 -0.435 0 2
0 1.045 -0.425 0 2
0 1.045 -0.415 0 2
0 1.045 -0.405 0 2
0 1.045 -0.395 0 2
0 1.045 -0.385 0 2
0 1.045 -0.375 0 2
0 1.045 -0.365 0 2
0 1.045 -0.355 0 2
0 1.045 -0.345 0 2
0 1.045 -0.335 0 2
0 1.045 -0.325 0 2
0 1.045 -0.315 0 2
0 1.045 -0.305 0 2
0 1.045 -0.295 0 2
0 1.045 -0.285 0 2
0 1.045 -0.275 0 2
0 1.045 -0.265 0 1
0 1.045 -0.255 0 1
0 1.045 -0.245 0 1
0 1.045 -0.235 0 1
0 1.045 -0.225 0 1
0 1.045 -0.215 0 1
0 1.045 -0.205 0 1
0 1.045 -0.195 0 2
0 1.045 -0.185 0 2
0 1.045 -0.175 0 2
0 1.045 -0.165 0 2
0 1.045 -0.155 0 2
0 1.045 -0.145 0 2
0 1.045 -0.135 0 2
0 1.045 -0.125 0 2
0 1.045 -0.115 0 2
0 1.045 -0.105 0 2
0 1.045 -0.095 0 2
0 1.045 -0.085 0 2
0 1.045 -0.075 0 2
0 1.045 -0.065 0 2
0 1.045 -0.055 0 2
0 1.045 -0.045 0 2
0 1.045 -0.035 0 2
0 1.045 -0.025 0 2
0 1.045 -0.015 0 2
0 1.045 -0.005 0 2
0 1.045 0.005 0 2
0 1.045 0.015 0 2
0 1.045 0.025 0 2
0 1.045 0.035 0 2
0 1.045 0.045 0 2
0 1.045 0.055 0 2
0 1.045 0.065 0 2
0 1.045 0.075 0 2
0 1.045 0.085 0 2
0 1.045 0.095 0 2
0 1.045 0.105 0 2
0 1.045 0.115 0 2
0 1.045 0.125 0 2
0 1.045 0.135 0 2
0 1.045 0.145 0 2
0 1.045 0.155 0 2
0 1.045 0.165 0 2
0 1.045 0.175 0 2
0 1.045 0.185 0 1
0 1.045 0.195 0 1
0 1.045 0.205 0 1
0 1.045 0.215 0 1
0 1.045 0.225 0 1
0 1.045 0.235 0 1
0 1.045 0.245 0 1
0 1.045 0.255 0 1
0 1.045 0.265 0 1
0 1.045 0.275 0 2
0 1.045 0.285 0 2
0 1.045 0.295 0 2
0 1.045 0.305 0 2
0 1.045 0.315 0 2
0 1.045 0.325 0 2
0 1.045 0.335 0 2
0 1.045 0.345 0 2
0 1.045 0.355 0 2
0 1.045 0.365 0 1
0 1.045 0.375 0 1
0 1.045 0.385 0 1
0 1.045 0.395 0 1
0 1.045 0.405 0 1
0 1.045 0.415 0 1
0 1.045 0.425 0 1
0 1.045 0.435 0 1
0 1.045 0.445 0 2
0 1.045 0.455 0 2
0 1.045 0.465 0 2
0 1.045 0.475 0 2
0 1.045 0.485 0 2
0 1.045 0.495 0 2
0 1.045 0.505 0 2
0 1.045 0.515 0 2
0 1.045 0.525 0 2
0 1.045 0.535 0 2
0 1.045 0.545 0 2
0 1.045 0.555 0 2
0 1.045 0.565 0 2
0 1.055 -0.555 0 2
0 1.055 -0.545 0 2
0 1.055 -0.535 0 2
0 1.055 -0.525 0 2
0 1.055 -0.515 0 2
0 1.055 -0.505 0 2
0 1.055 -0.495 0 1
0 1.055 -0.485 0 1
0 1.055 -0.475 0 1
0 1.055 -0.465 0 1
0 1.055 -0.455 0 1
0 1.055 -0.445 0 2
0 1.055 -0.435 0 2
0 1.055 -0.425 0 2
0 1.055 -0.415 0 2
0 1.055 -0.405 0 2
0 1.055 -0.395 0 2
0 1.055 -0.385 0 2
0 1.055 -0.375 0 2
0 1.055 -0.365 0 2
0 1.055 -0.355 0 2
0 1.055 -0.345 0 2
0 1.055 -0.335 0 2
0 1.055 -0.325 0 2
0 1.055 -0.315 0 2
0 1.055 -0.305 0 2
0 1.055 -0.295 0 2
0 1.055 -0.285 0 2
0 1.055 -0.275 0 2
0 1.055 -0.265 0 1
0 1.055 -0.255 0 1
0 1.055 -0.245 0 1
0 1.055 -0.235 0 1
0 1.055 -0.225 0 1
0 1.055 -0.215 0 1
0 1.055 -0.205 0 1
0 1.055 -0.195 0 1
0 1.055 -0.185 0 2
0 1.055 -0.175 0 2
0 1.055 -0.165 0 2
0 1.055 -0.155 0 2
0 1.055 -0.145 0 2
0 1.055 -0.135 0 2
0 1.055 -0.125 0 2
0 1.055 -0.115 0 2
0 1.055 -0.105 0 2
0 1.055 -0.095 0 2
0 1.055 -0.085 0 2
0 1.055 -0.075 0 2
0 1.055 -0.065 0 2
0 1.055 -0.055 0 2
0 1.055 -0.045 0 2
0 1.055 -0.035 0 2
0 1.055 -0.025 0 2
0 1.055 -0.015 0 2
0 1.055 -0.005 0 2
0 1.055 0.005 0 2
0 1.055 0.015 0 2
0 1.055 0.025 0 2
0 1.055 0.035 0 2
0 1.055 0.045 0 2
0 1.055 0.055 0 2
0 1.055 0.065 0 2
0 1.055 0.075 0 2
0 1.055 0.085 0 2
0 1.055 0.095 0 2
0 1.055 0.105 0 2
0 1.055 0.115 0 2
0 1.055 0.125 0 2
0 1.055 0.135 0 2
0 1.055 0.145 0 2
0 1.055 0.155 0 2
0 1.055 0.165 0 2
0 1.055 0.175 0 2
0 1.055 0.185 0 1
0 1.055 0.195 0 1
0 1.055 0.205 0 1
0 1.055 0.215 0 1
0 1.055 0.225 0 1
0 1.055 0.235 0 1
0 1.055 0.245 0 1
0 1.055 0.255 0 1
0 1.055 0.265 0 1
0 1.055 0.275 0 2
0 1.055 0.285 0 2
0 1.055 0.295 0 2
0 1.055 0.305 0 2
0 1.055 0.315 0 2
0 1.055 0.325 0 2
0 1.055 0.335 0 2
0 1.055 0.345 0 2
0 1.055 0.355 0 2
0 1.055 0.365 0 2
0 1.055 0.375 0 1
0 1.055 0.385 0 1
0 1.055 0.395 0 1
0 1.055 0.405 0 1
0 1.055 0.415 0 1
0 1.055 0.425 0 1
0 1.055 0.435 0 2
0 1.055 0.445 0 2
0 1.055 0.455 0 2
0 1.055 0.465 0 2
0 1.055 0.475 0 2
0 1.055 0.485 0 2
0 1.055 0.495 0 2
0 1.055 0.505 0 2
0 1.055 0.515 0 2
0 1.055 0.525 0 2
0 1.055 0.535 0 2
0 1.055 0.545 0 2
0 1.055 0.555 0 2
0 1.055 0.565 0 2
0 1.065 -0.555 0 2
0 1.065 -0.545 0 2
0 1.065 -0.535 0 2
0 1.065 -0.525 0 2
0 1.065 -0.515 0 2
0 1.065 -0.505 0 2
0 1.065 -0.495 0 2
0 1.065 -0.485 0 2
0 1.065 -0.475 0 2
0 1.065 -0.465 0 2
0 1.065 -0.455 0 2
0 1.065 -0.445 0 2
0 1.065 -0.435 0 2
0 1.065 -0.425 0 2
0 1.065 -0.415 0 2
0 1.065 -0.405 0 2
0 1.065 -0.395 0 2
0 1.065 -0.385 0 2
0 1.065 -0.375 0 2
0 1.065 -0.365 0 2
0 1.065 -0.355 0 2
0 1.065 -0.345 0 2
0 1.065 -0.335 0 2
0 1.065 -0.325 0 2
0 1.065 -0.315 0 2
0 1.065 -0.305 0 2
0 1.065 -0.295 0 2
0 1.065 -0.285 0 2
0 1.065 -0.275 0 2
0 1.065 -0.265 0 1
0 1.065 -0.255 0 1
0 1.065 -0.245 0 1
0 1.065 -0.235 0 1
0 1.065 -0.225 0 1
0 1.065 -0.215 0 1
0 1.065 -0.205 0 1
0 1.065 -0.195 0 1
0 1.065 -0.185 0 2
0 1.065 -0.175 0 2
0 1.065 -0.165 0 2
0 1.065 -0.155 0 2
0 1.065 -0.145 0 2
0 1.065 -0.135 0 2
0 1.065 -0.125 0 2
0 1.065 -0.115 0 2
0 1.065 -0.105 0 2
0 1.065 -0.095 0 2
0 1.065 -0.085 0 2
0 1.065 -0.075 0 2
0 1.065 -0.065 0 2
0 1.065 -0.055 0 2
0 1.065 -0.045 0 2
0 1.065 -0.035 0 2
0 1.065 -0.025 0 2
0 1.065 -0.015 0 2
0 1.065 -0.005 0 2
0 1.065 0.005 0 2
0 1.065 0.015 0 2
0 1.065 0.025 0 2
0 1.065 0.035 0 2
0 1.065 0.045 0 2
0 1.065 0.055 0 2
0 1.065 0.065 0 2
0 1.065 0.075 0 2
0 1.065 0.085 0 2
0 1.065 0.095 0 2
0 1.065 0.105 0 2
0 1.065 0.115 0 2
0 1.065 0.125 0 2
0 1.065 0.135 0 2
0 1.065 0.145 0 2
0 1.065 0.155 0 2
0 1.065 0.165 0 2
0 1.065 0.175 0 2
0 1.065 0.185 0 2
0 1.065 0.195 0 1
0 1.065 0.205 0 1
0 1.065 0.215 0 1
0 1.065 0.225 0 1
0 1.065 0.235 0 1
0 1.065 0.245 0 1
0 1.065 0.255 0 1
0 1.065 0.265 0 1
0 1.065 0.275 0 1
0 1.065 0.285 0 2
0 1.065 0.295 0 2
0 1.065 0.305 0 2
0 1.065 0.315 0 2
0 1.065 0.325 0 2
0 1.065 0.335 0 2
0 1.065 0.345 0 2
0 1.065 0.355 0 2
0 1.065 0.365 0 2
0 1.065 0.375 0 2
0 1.065 0.385 0 1
0 1.065 0.395 0 1
0 1.065 0.405 0 1
0 1.065 0.415 0 1
0 1.065 0.425 0 1
0 1.065 0.435 0 2
0 1.065 0.445 0 2
0 1.065 0.455 0 2
0 1.065 0.465 0 2
0 1.065 0.475 0 2
0 1.065 0.485 0 2
0 1.065 0.495 0 2
0 1.065 0.505 0 2
0 1.065 0.515 0 2
0 1.065 0.525 0 2
0 1.065 0.535 0 2
0 1.065 0.545 0 2
0 1.065 0.555 0 2
0 1.065 0.565 0 2
