t x y content type
0 -0.055 -0.555 0 2
0 -0.055 -0.545 0 2
0 -0.055 -0.535 0 2
0 -0.055 -0.525 0 2
0 -0.055 -0.515 0 2
0 -0.055 -0.505 0 2
0 -0.055 -0.495 0 2
0 -0.055 -0.485 0 2
0 -0.055 -0.475 0 2
0 -0.055 -0.465 0 2
0 -0.055 -0.455 0 2
0 -0.055 -0.445 0 2
0 -0.055 -0.435 0 2
0 -0.055 -0.425 0 2
0 -0.055 -0.415 0 2
0 -0.055 -0.405 0 2
0 -0.055 -0.395 0 2
0 -0.055 -0.385 0 2
0 -0.055 -0.375 0 2
0 -0.055 -0.365 0 1
0 -0.055 -0.355 0 1
0 -0.055 -0.345 0 1
0 -0.055 -0.335 0 1
0 -0.055 -0.325 0 1
0 -0.055 -0.315 0 1
0 -0.055 -0.305 0 1
0 -0.055 -0.295 0 2
0 -0.055 -0.285 0 2
0 -0.055 -0.275 0 2
0 -0.055 -0.265 0 2
0 -0.055 -0.255 0 2
0 -0.055 -0.245 0 2
0 -0.055 -0.235 0 2
0 -0.055 -0.225 0 2
0 -0.055 -0.215 0 2
0 -0.055 -0.205 0 2
0 -0.055 -0.195 0 2
0 -0.055 -0.185 0 2
0 -0.055 -0.175 0 2
0 -0.055 -0.165 0 2
0 -0.055 -0.155 0 2
0 -0.055 -0.145 0 2
0 -0.055 -0.135 0 2
0 -0.055 -0.125 0 2
0 -0.055 -0.115 0 2
0 -0.055 -0.105 0 2
0 -0.055 -0.095 0 1
0 -0.055 -0.085 0 1
0 -0.055 -0.075 0 1
0 -0.055 -0.065 0 1
0 -0.055 -0.055 0 1
0 -0.055 -0.045 0 1
0 -0.055 -0.035 0 1
0 -0.055 -0.025 0 1
0 -0.055 -0.015 0 1
0 -0.055 -0.005 0 1
0 -0.055 0.005 0 1
0 -0.055 0.015 0 2
0 -0.055 0.025 0 2
0 -0.055 0.035 0 2
0 -0.055 0.045 0 2
0 -0.055 0.055 0 2
0 -0.055 0.065 0 2
0 -0.055 0.075 0 2
0 -0.055 0.085 0 2
0 -0.055 0.095 0 2
0 -0.055 0.105 0 2
0 -0.055 0.115 0 2
0 -0.055 0.125 0 2
0 -0.055 0.135 0 2
0 -0.055 0.145 0 2
0 -0.055 0.155 0 2
0 -0.055 0.165 0 2
0 -0.055 0.175 0 2
0 -0.055 0.185 0 2
0 -0.055 0.195 0 2
0 -0.055 0.205 0 2
0 -0.055 0.215 0 2
0 -0.055 0.225 0 2
0 -0.055 0.235 0 2
0 -0.055 0.245 0 2
0 -0.055 0.255 0 2
0 -0.055 0.265 0 2
0 -0.055 0.275 0 2
0 -0.055 0.285 0 2
0 -0.055 0.295 0 2
0 -0.055 0.305 0 2
0 -0.055 0.315 0 2
0 -0.055 0.325 0 2
0 -0.055 0.335 0 2
0 -0.055 0.345 0 2
0 -0.055 0.355 0 2
0 -0.055 0.365 0 2
0 -0.055 0.375 0 2
0 -0.055 0.385 0 2
0 -0.055 0.395 0 2
0 -0.055 0.405 0 2
0 -0.055 0.415 0 2
0 -0.055 0.425 0 2
0 -0.055 0.435 0 2
0 -0.055 0.445 0 1
0 -0.055 0.455 0 1
0 -0.055 0.465 0 1
0 -0.055 0.475 0 1
0 -0.055 0.485 0 1
0 -0.055 0.495 0 1
0 -0.055 0.505 0 1
0 -0.055 0.515 0 2
0 -0.055 0.525 0 2
0 -0.055 0.535 0 2
0 -0.055 0.545 0 2
0 -0.055 0.555 0 2
0 -0.055 0.565 0 2
0 -0.045 -0.555 0 2
0 -0.045 -0.545 0 2
0 -0.045 -0.535 0 2
0 -0.045 -0.525 0 2
0 -0.045 -0.515 0 2
0 -0.045 -0.505 0 2
0 -0.045 -0.495 0 2
0 -0.045 -0.485 0 2
0 -0.045 -0.475 0 2
0 -0.045 -0.465 0 2
0 -0.045 -0.455 0 2
0 -0.045 -0.445 0 2
0 -0.045 -0.435 0 2
0 -0.045 -0.425 0 2
0 -0.045 -0.415 0 2
0 -0.045 -0.405 0 2
0 -0.045 -0.395 0 2
0 -0.045 -0.385 0 2
0 -0.045 -0.375 0 1
0 -0.045 -0.365 0 1
0 -0.045 -0.355 0 1
0 -0.045 -0.345 0 1
0 -0.045 -0.335 0 1
0 -0.045 -0.325 0 1
0 -0.045 -0.315 0 1
0 -0.045 -0.305 0 1
0 -0.045 -0.295 0 2
0 -0.045 -0.285 0 2
0 -0.045 -0.275 0 2
0 -0.045 -0.265 0 2
0 -0.045 -0.255 0 2
0 -0.045 -0.245 0 2
0 -0.045 -0.235 0 2
0 -0.045 -0.225 0 2
0 -0.045 -0.215 0 2
0 -0.045 -0.205 0 2
0 -0.045 -0.195 0 2
0 -0.045 -0.185 0 2
0 -0.045 -0.175 0 2
0 -0.045 -0.165 0 2
0 -0.045 -0.155 0 2
0 -0.045 -0.145 0 2
0 -0.045 -0.135 0 2
0 -0.045 -0.125 0 2
0 -0.045 -0.115 0 2
0 -0.045 -0.105 0 2
0 -0.045 -0.095 0 1
0 -0.045 -0.085 0 1
0 -0.045 -0.075 0 1
0 -0.045 -0.065 0 1
0 -0.045 -0.055 0 1
0 -0.045 -0.045 0 1
0 -0.045 -0.035 0 1
0 -0.045 -0.025 0 1
0 -0.045 -0.015 0 1
0 -0.045 -0.005 0 1
0 -0.045 0.005 0 1
0 -0.045 0.015 0 2
0 -0.045 0.025 0 2
0 -0.045 0.035 0 2
0 -0.045 0.045 0 2
0 -0.045 0.055 0 2
0 -0.045 0.065 0 2
0 -0.045 0.075 0 2
0 -0.045 0.085 0 2
0 -0.045 0.095 0 2
0 -0.045 0.105 0 2
0 -0.045 0.115 0 2
0 -0.045 0.125 0 2
0 -0.045 0.135 0 2
0 -0.045 0.145 0 2
0 -0.045 0.155 0 2
0 -0.045 0.165 0 2
0 -0.045 0.175 0 2
0 -0.045 0.185 0 2
0 -0.045 0.195 0 2
0 -0.045 0.205 0 2
0 -0.045 0.215 0 2
0 -0.045 0.225 0 2
0 -0.045 0.235 0 2
0 -0.045 0.245 0 2
0 -0.045 0.255 0 2
0 -0.045 0.265 0 2
0 -0.045 0.275 0 2
0 -0.045 0.285 0 2
0 -0.045 0.295 0 2
0 -0.045 0.305 0 2
0 -0.045 0.315 0 2
0 -0.045 0.325 0 2
0 -0.045 0.335 0 2
0 -0.045 0.345 0 2
0 -0.045 0.355 0 2
0 -0.045 0.365 0 2
0 -0.045 0.375 0 2
0 -0.045 0.385 0 2
0 -0.045 0.395 0 2
0 -0.045 0.405 0 2
0 -0.045 0.415 0 2
0 -0.045 0.425 0 2
0 -0.045 0.435 0 2
0 -0.045 0.445 0 1
0 -0.045 0.455 0 1
0 -0.045 0.465 0 1
0 -0.045 0.475 0 1
0 -0.045 0.485 0 1
0 -0.045 0.495 0 1
0 -0.045 0.505 0 1
0 -0.045 0.515 0 2
0 -0.045 0.525 0 2
0 -0.045 0.535 0 2
0 -0.045 0.545 0 2
0 -0.045 0.555 0 2
0 -0.045 0.565 0 2
0 -0.035 -0.555 0 2
0 -0.035 -0.545 0 2
0 -0.035 -0.535 0 2
0 -0.035 -0.525 0 2
0 -0.035 -0.515 0 2
0 -0.035 -0.505 0 2
0 -0.035 -0.495 0 2
0 -0.035 -0.485 0 2
0 -0.035 -0.475 0 2
0 -0.035 -0.465 0 2
0 -0.035 -0.455 0 2
0 -0.035 -0.445 0 2
0 -0.035 -0.435 0 2
0 -0.035 -0.425 0 2
0 -0.035 -0.415 0 2
0 -0.035 -0.405 0 2
0 -0.035 -0.395 0 2
0 -0.035 -0.385 0 2
0 -0.035 -0.375 0 1
0 -0.035 -0.365 0 1
0 -0.035 -0.355 0 1
0 -0.035 -0.345 0 1
0 -0.035 -0.335 0 1
0 -0.035 -0.325 0 1
0 -0.035 -0.315 0 1
0 -0.035 -0.305 0 1
0 -0.035 -0.295 0 2
0 -0.035 -0.285 0 2
0 -0.035 -0.275 0 2
0 -0.035 -0.265 0 2
0 -0.035 -0.255 0 2
0 -0.035 -0.245 0 2
0 -0.035 -0.235 0 2
0 -0.035 -0.225 0 2
0 -0.035 -0.215 0 2
0 -0.035 -0.205 0 2
0 -0.035 -0.195 0 2
0 -0.035 -0.185 0 2
0 -0.035 -0.175 0 2
0 -0.035 -0.165 0 2
0 -0.035 -0.155 0 2
0 -0.035 -0.145 0 2
0 -0.035 -0.135 0 2
0 -0.035 -0.125 0 2
0 -0.035 -0.115 0 2
0 -0.035 -0.105 0 2
0 -0.035 -0.095 0 2
0 -0.035 -0.085 0 1
0 -0.035 -0.075 0 1
0 -0.035 -0.065 0 1
0 -0.035 -0.055 0 1
0 -0.035 -0.045 0 1
0 -0.035 -0.035 0 1
0 -0.035 -0.025 0 1
0 -0.035 -0.015 0 1
0 -0.035 -0.005 0 1
0 -0.035 0.005 0 1
0 -0.035 0.015 0 2
0 -0.035 0.025 0 2
0 -0.035 0.035 0 2
0 -0.035 0.045 0 2
0 -0.035 0.055 0 2
0 -0.035 0.065 0 2
0 -0.035 0.075 0 2
0 -0.035 0.085 0 2
0 -0.035 0.095 0 2
0 -0.035 0.105 0 2
0 -0.035 0.115 0 2
0 -0.035 0.125 0 2
0 -0.035 0.135 0 2
0 -0.035 0.145 0 2
0 -0.035 0.155 0 2
0 -0.035 0.165 0 2
0 -0.035 0.175 0 2
0 -0.035 0.185 0 2
0 -0.035 0.195 0 2
0 -0.035 0.205 0 2
0 -0.035 0.215 0 2
0 -0.035 0.225 0 2
0 -0.035 0.235 0 2
0 -0.035 0.245 0 2
0 -0.035 0.255 0 2
0 -0.035 0.265 0 2
0 -0.035 0.275 0 2
0 -0.035 0.285 0 2
0 -0.035 0.295 0 2
0 -0.035 0.305 0 2
0 -0.035 0.315 0 2
0 -0.035 0.325 0 2
0 -0.035 0.335 0 2
0 -0.035 0.345 0 2
0 -0.035 0.355 0 2
0 -0.035 0.365 0 2
0 -0.035 0.375 0 2
0 -0.035 0.385 0 2
0 -0.035 0.395 0 2
0 -0.035 0.405 0 2
0 -0.035 0.415 0 2
0 -0.035 0.425 0 2
0 -0.035 0.435 0 2
0 -0.035 0.445 0 1
0 -0.035 0.455 0 1
0 -0.035 0.465 0 1
0 -0.035 0.475 0 1
0 -0.035 0.485 0 1
0 -0.035 0.495 0 1
0 -0.035 0.505 0 2
0 -0.035 0.515 0 2
0 -0.035 0.525 0 2
0 -0.035 0.535 0 2
0 -0.035 0.545 0 2
0 -0.035 0.555 0 2
0 -0.035 0.565 0 2
0 -0.025 -0.555 0 2
0 -0.025 -0.545 0 2
0 -0.025 -0.535 0 2
0 -0.025 -0.525 0 2
0 -0.025 -0.515 0 2
0 -0.025 -0.505 0 2
0 -0.025 -0.495 0 2
0 -0.025 -0.485 0 2
0 -0.025 -0.475 0 2
0 -0.025 -0.465 0 2
0 -0.025 -0.455 0 2
0 -0.025 -0.445 0 2
0 -0.025 -0.435 0 2
0 -0.025 -0.425 0 2
0 -0.025 -0.415 0 2
0 -0.025 -0.405 0 2
0 -0.025 -0.395 0 2
0 -0.025 -0.385 0 1
0 -0.025 -0.375 0 1
0 -0.025 -0.365 0 1
0 -0.025 -0.355 0 1
0 -0.025 -0.345 0 1
0 -0.025 -0.335 0 1
0 -0.025 -0.325 0 1
0 -0.025 -0.315 0 1
0 -0.025 -0.305 0 1
0 -0.025 -0.295 0 2
0 -0.025 -0.285 0 2
0 -0.025 -0.275 0 2
0 -0.025 -0.265 0 2
0 -0.025 -0.255 0 2
0 -0.025 -0.245 0 2
0 -0.025 -0.235 0 2
0 -0.025 -0.225 0 2
0 -0.025 -0.215 0 2
0 -0.025 -0.205 0 2
0 -0.025 -0.195 0 2
0 -0.025 -0.185 0 2
0 -0.025 -0.175 0 2
0 -0.025 -0.165 0 2
0 -0.025 -0.155 0 2
0 -0.025 -0.145 0 2
0 -0.025 -0.135 0 2
0 -0.025 -0.125 0 2
0 -0.025 -0.115 0 2
0 -0.025 -0.105 0 2
0 -0.025 -0.095 0 2
0 -0.025 -0.085 0 2
0 -0.025 -0.075 0 1
0 -0.025 -0.065 0 1
0 -0.025 -0.055 0 1
0 -0.025 -0.045 0 1
0 -0.025 -0.035 0 1
0 -0.025 -0.025 0 1
0 -0.025 -0.015 0 1
0 -0.025 -0.005 0 2
0 -0.025 0.005 0 2
0 -0.025 0.015 0 2
0 -0.025 0.025 0 2
0 -0.025 0.035 0 2
0 -0.025 0.045 0 2
0 -0.025 0.055 0 2
0 -0.025 0.065 0 2
0 -0.025 0.075 0 2
0 -0.025 0.085 0 2
0 -0.025 0.095 0 2
0 -0.025 0.105 0 2
0 -0.025 0.115 0 2
0 -0.025 0.125 0 2
0 -0.025 0.135 0 2
0 -0.025 0.145 0 2
0 -0.025 0.155 0 2
0 -0.025 0.165 0 2
0 -0.025 0.175 0 2
0 -0.025 0.185 0 2
0 -0.025 0.195 0 2
0 -0.025 0.205 0 2
0 -0.025 0.215 0 2
0 -0.025 0.225 0 2
0 -0.025 0.235 0 2
0 -0.025 0.245 0 2
0 -0.025 0.255 0 2
0 -0.025 0.265 0 2
0 -0.025 0.275 0 2
0 -0.025 0.285 0 2
0 -0.025 0.295 0 2
0 -0.025 0.305 0 2
0 -0.025 0.315 0 2
0 -0.025 0.325 0 2
0 -0.025 0.335 0 2
0 -0.025 0.345 0 2
0 -0.025 0.355 0 2
0 -0.025 0.365 0 2
0 -0.025 0.375 0 2
0 -0.025 0.385 0 2
0 -0.025 0.395 0 2
0 -0.025 0.405 0 2
0 -0.025 0.415 0 2
0 -0.025 0.425 0 2
0 -0.025 0.435 0 2
0 -0.025 0.445 0 1
0 -0.025 0.455 0 1
0 -0.025 0.465 0 1
0 -0.025 0.475 0 1
0 -0.025 0.485 0 1
0 -0.025 0.495 0 1
0 -0.025 0.505 0 2
0 -0.025 0.515 0 2
0 -0.025 0.525 0 2
0 -0.025 0.535 0 2
0 -0.025 0.545 0 2
0 -0.025 0.555 0 2
0 -0.025 0.565 0 2
0 -0.015 -0.555 0 2
0 -0.015 -0.545 0 2
0 -0.015 -0.535 0 2
0 -0.015 -0.525 0 2
0 -0.015 -0.515 0 2
0 -0.015 -0.505 0 2
0 -0.015 -0.495 0 2
0 -0.015 -0.485 0 2
0 -0.015 -0.475 0 2
0 -0.015 -0.465 0 2
0 -0.015 -0.455 0 2
0 -0.015 -0.445 0 2
0 -0.015 -0.435 0 2
0 -0.015 -0.425 0 2
0 -0.015 -0.415 0 2
0 -0.015 -0.405 0 2
0 -0.015 -0.395 0 2
0 -0.015 -0.385 0 1
0 -0.015 -0.375 0 1
0 -0.015 -0.365 0 1
0 -0.015 -0.355 0 1
0 -0.015 -0.345 0 1
0 -0.015 -0.335 0 1
0 -0.015 -0.325 0 1
0 -0.015 -0.315 0 1
0 -0.015 -0.305 0 1
0 -0.015 -0.295 0 2
0 -0.015 -0.285 0 2
0 -0.015 -0.275 0 2
0 -0.015 -0.265 0 2
0 -0.015 -0.255 0 2
0 -0.015 -0.245 0 2
0 -0.015 -0.235 0 2
0 -0.015 -0.225 0 2
0 -0.015 -0.215 0 2
0 -0.015 -0.205 0 2
0 -0.015 -0.195 0 2
0 -0.015 -0.185 0 2
0 -0.015 -0.175 0 2
0 -0.015 -0.165 0 2
0 -0.015 -0.155 0 2
0 -0.015 -0.145 0 2
0 -0.015 -0.135 0 2
0 -0.015 -0.125 0 2
0 -0.015 -0.115 0 2
0 -0.015 -0.105 0 2
0 -0.015 -0.095 0 2
0 -0.015 -0.085 0 2
0 -0.015 -0.075 0 2
0 -0.015 -0.065 0 2
0 -0.015 -0.055 0 2
0 -0.015 -0.045 0 2
0 -0.015 -0.035 0 2
0 -0.015 -0.025 0 2
0 -0.015 -0.015 0 2
0 -0.015 -0.005 0 2
0 -0.015 0.005 0 2
0 -0.015 0.015 0 2
0 -0.015 0.025 0 2
0 -0.015 0.035 0 2
0 -0.015 0.045 0 2
0 -0.015 0.055 0 2
0 -0.015 0.065 0 2
0 -0.015 0.075 0 2
0 -0.015 0.085 0 2
0 -0.015 0.095 0 2
0 -0.015 0.105 0 2
0 -0.015 0.115 0 2
0 -0.015 0.125 0 2
0 -0.015 0.135 0 2
0 -0.015 0.145 0 2
0 -0.015 0.155 0 2
0 -0.015 0.165 0 2
0 -0.015 0.175 0 2
0 -0.015 0.185 0 2
0 -0.015 0.195 0 2
0 -0.015 0.205 0 2
0 -0.015 0.215 0 2
0 -0.015 0.225 0 2
0 -0.015 0.235 0 2
0 -0.015 0.245 0 2
0 -0.015 0.255 0 2
0 -0.015 0.265 0 2
0 -0.015 0.275 0 2
0 -0.015 0.285 0 2
0 -0.015 0.295 0 2
0 -0.015 0.305 0 2
0 -0.015 0.315 0 2
0 -0.015 0.325 0 2
0 -0.015 0.335 0 2
0 -0.015 0.345 0 2
0 -0.015 0.355 0 2
0 -0.015 0.365 0 2
0 -0.015 0.375 0 2
0 -0.015 0.385 0 2
0 -0.015 0.395 0 2
0 -0.015 0.405 0 2
0 -0.015 0.415 0 2
0 -0.015 0.425 0 2
0 -0.015 0.435 0 2
0 -0.015 0.445 0 2
0 -0.015 0.455 0 1
0 -0.015 0.465 0 1
0 -0.015 0.475 0 1
0 -0.015 0.485 0 1
0 -0.015 0.495 0 2
0 -0.015 0.505 0 2
0 -0.015 0.515 0 2
0 -0.015 0.525 0 2
0 -0.015 0.535 0 2
0 -0.015 0.545 0 2
0 -0.015 0.555 0 2
0 -0.015 0.565 0 2
0 -0.005 -0.555 0 2
0 -0.005 -0.545 0 2
0 -0.005 -0.535 0 2
0 -0.005 -0.525 0 2
0 -0.005 -0.515 0 2
0 -0.005 -0.505 0 2
0 -0.005 -0.495 0 2
0 -0.005 -0.485 0 2
0 -0.005 -0.475 0 2
0 -0.005 -0.465 0 2
0 -0.005 -0.455 0 2
0 -0.005 -0.445 0 2
0 -0.005 -0.435 0 2
0 -0.005 -0.425 0 2
0 -0.005 -0.415 0 2
0 -0.005 -0.405 0 2
0 -0.005 -0.395 0 2
0 -0.005 -0.385 0 1
0 -0.005 -0.375 0 1
0 -0.005 -0.365 0 1
0 -0.005 -0.355 0 1
0 -0.005 -0.345 0 1
0 -0.005 -0.335 0 1
0 -0.005 -0.325 0 1
0 -0.005 -0.315 0 1
0 -0.005 -0.305 0 2
0 -0.005 -0.295 0 2
0 -0.005 -0.285 0 2
0 -0.005 -0.275 0 2
0 -0.005 -0.265 0 2
0 -0.005 -0.255 0 2
0 -0.005 -0.245 0 2
0 -0.005 -0.235 0 2
0 -0.005 -0.225 0 2
0 -0.005 -0.215 0 2
0 -0.005 -0.205 0 2
0 -0.005 -0.195 0 2
0 -0.005 -0.185 0 2
0 -0.005 -0.175 0 2
0 -0.005 -0.165 0 2
0 -0.005 -0.155 0 2
0 -0.005 -0.145 0 2
0 -0.005 -0.135 0 2
0 -0.005 -0.125 0 2
0 -0.005 -0.115 0 2
0 -0.005 -0.105 0 2
0 -0.005 -0.095 0 2
0 -0.005 -0.085 0 2
0 -0.005 -0.075 0 2
0 -0.005 -0.065 0 2
0 -0.005 -0.055 0 2
0 -0.005 -0.045 0 2
0 -0.005 -0.035 0 2
0 -0.005 -0.025 0 2
0 -0.005 -0.015 0 2
0 -0.005 -0.005 0 2
0 -0.005 0.005 0 2
0 -0.005 0.015 0 2
0 -0.005 0.025 0 2
0 -0.005 0.035 0 2
0 -0.005 0.045 0 2
0 -0.005 0.055 0 2
0 -0.005 0.065 0 2
0 -0.005 0.075 0 2
0 -0.005 0.085 0 2
0 -0.005 0.095 0 2
0 -0.005 0.105 0 2
0 -0.005 0.115 0 2
0 -0.005 0.125 0 2
0 -0.005 0.135 0 2
0 -0.005 0.145 0 2
0 -0.005 0.155 0 2
0 -0.005 0.165 0 2
0 -0.005 0.175 0 2
0 -0.005 0.185 0 2
0 -0.005 0.195 0 2
0 -0.005 0.205 0 2
0 -0.005 0.215 0 1
0 -0.005 0.225 0 1
0 -0.005 0.235 0 1
0 -0.005 0.245 0 1
0 -0.005 0.255 0 1
0 -0.005 0.265 0 2
0 -0.005 0.275 0 2
0 -0.005 0.285 0 2
0 -0.005 0.295 0 2
0 -0.005 0.305 0 2
0 -0.005 0.315 0 2
0 -0.005 0.325 0 2
0 -0.005 0.335 0 2
0 -0.005 0.345 0 2
0 -0.005 0.355 0 2
0 -0.005 0.365 0 2
0 -0.005 0.375 0 2
0 -0.005 0.385 0 2
0 -0.005 0.395 0 2
0 -0.005 0.405 0 2
0 -0.005 0.415 0 2
0 -0.005 0.425 0 2
0 -0.005 0.435 0 2
0 -0.005 0.445 0 2
0 -0.005 0.455 0 2
0 -0.005 0.465 0 2
0 -0.005 0.475 0 2
0 -0.005 0.485 0 2
0 -0.005 0.495 0 2
0 -0.005 0.505 0 2
0 -0.005 0.515 0 2
0 -0.005 0.525 0 2
0 -0.005 0.535 0 2
0 -0.005 0.545 0 2
0 -0.005 0.555 0 2
0 -0.005 0.565 0 2
0 0.005 -0.555 0 2
0 0.005 -0.545 0 2
0 0.005 -0.535 0 2
0 0.005 -0.525 0 2
0 0.005 -0.515 0 2
0 0.005 -0.505 0 2
0 0.005 -0.495 -0.0001492708706 2
0 0.005 -0.485 -0.0001957145911 2
0 0.005 -0.475 -0.0002315742316 2
0 0.005 -0.465 -0.0002541481119 2
0 0.005 -0.455 -0.0002690568346 2
0 0.005 -0.445 -0.0002775466349 2
0 0.005 -0.435 -0.0002806660977 2
0 0.005 -0.425 -0.0002788128603 2
0 0.005 -0.415 -0.000272135926 2
0 0.005 -0.405 -0.0002565159191 2
0 0.005 -0.395 -0.0002330821164 2
0 0.005 -0.385 -0.0001880973949 1
0 0.005 -0.375 -0.0001937743604 1
0 0.005 -0.365 -0.0002055425182 1
0 0.005 -0.355 -0.000216481342 1
0 0.005 -0.345 -0.000224744058 1
0 0.005 -0.335 -0.0002294193358 1
0 0.005 -0.325 -0.0002345017122 1
0 0.005 -0.315 -0.0002668324614 2
0 0.005 -0.305 -0.000295090707 2
0 0.005 -0.295 -0.0003091266508 2
0 0.005 -0.285 -0.0003134995046 2
0 0.005 -0.275 -0.0003139076827 2
0 0.005 -0.265 -0.0003124167743 2
0 0.005 -0.255 -0.0003098902649 2
0 0.005 -0.245 -0.0003066977292 2
0 0.005 -0.235 -0.0003030818543 2
0 0.005 -0.225 -0.0002992122378 2
0 0.005 -0.215 -0.0002952135855 2
0 0.005 -0.205 -0.0002911805579 2
0 0.005 -0.195 -0.0002871865423 2
0 0.005 -0.185 -0.0002832895452 2
0 0.005 -0.175 -0.000279536168 2
0 0.005 -0.165 -0.0002759643903 2
0 0.005 -0.155 -0.0002726055189 2
0 0.005 -0.145 -0.0002694855439 2
0 0.005 -0.135 -0.0002666260194 2
0 0.005 -0.125 -0.0002640445145 2
0 0.005 -0.115 -0.0002617545985 2
0 0.005 -0.105 -0.0002597652542 2
0 0.005 -0.095 -0.0002580795214 2
0 0.005 -0.085 -0.0002566920643 2
0 0.005 -0.075 -0.0002555852282 2
0 0.005 -0.065 -0.0002547230227 2
0 0.005 -0.055 -0.0002540424564 2
0 0.005 -0.045 -0.0002534418253 2
0 0.005 -0.035 -0.0002527667795 2
0 0.005 -0.025 -0.0002517968969 2
0 0.005 -0.015 -0.0002502408532 2
0 0.005 -0.005 -0.0002477521793 2
0 0.005 0.005 -0.0002439861138 2
0 0.005 0.015 -0.0002387081277 2
0 0.005 0.025 -0.0002319448682 2
0 0.005 0.035 -0.0002241173186 2
0 0.005 0.045 -0.0002160395756 2
0 0.005 0.055 -0.0002087364484 2
0 0.005 0.065 -0.000203032741 2
0 0.005 0.075 -0.0001994967035 2
0 0.005 0.085 -0.000198362233 2
0 0.005 0.095 -0.0001995838553 2
0 0.005 0.105 -0.0002027536547 2
0 0.005 0.115 -0.0002073936186 2
0 0.005 0.125 -0.0002129156902 2
0 0.005 0.135 -0.0002187907118 2
0 0.005 0.145 -0.0002242455417 2
0 0.005 0.155 -0.0002304639313 2
0 0.005 0.165 -0.0002355473865 2
0 0.005 0.175 -0.0002362133517 2
0 0.005 0.185 -0.0002309994648 2
0 0.005 0.195 -0.0002159956237 1
0 0.005 0.205 -0.0002107186261 1
0 0.005 0.215 -0.0001957547351 1
0 0.005 0.225 -0.0001908524916 1
0 0.005 0.235 -0.0001906596861 1
0 0.005 0.245 -0.0001940797718 1
0 0.005 0.255 -0.0001973302876 1
0 0.005 0.265 -0.0002189962688 1
0 0.005 0.275 -0.0002574177795 2
0 0.005 0.285 -0.0002877278623 2
0 0.005 0.295 -0.0003083179807 2
0 0.005 0.305 -0.0003186019589 2
0 0.005 0.315 -0.0003240419512 2
0 0.005 0.325 -0.0003265096695 2
0 0.005 0.335 -0.0003270772673 2
0 0.005 0.345 -0.0003263955586 2
0 0.005 0.355 -0.0003248625116 2
0 0.005 0.365 -0.0003229176639 2
0 0.005 0.375 -0.0003209187942 2
0 0.005 0.385 -0.0003191529507 2
0 0.005 0.395 -0.0003177827739 2
0 0.005 0.405 -0.0003168551939 2
0 0.005 0.415 -0.0003159967689 2
0 0.005 0.425 -0.0003142347611 2
0 0.005 0.435 -0.0003094767655 2
0 0.005 0.445 -0.0002991012837 2
0 0.005 0.455 -0.0002803174649 2
0 0.005 0.465 -0.0002591756515 2
0 0.005 0.475 -0.0002341513539 2
0 0.005 0.485 -0.0001989300345 2
0 0.005 0.495 -0.0001541062825 2
0 0.005 0.505 0 2
0 0.005 0.515 0 2
0 0.005 0.525 0 2
0 0.005 0.535 0 2
0 0.005 0.545 0 2
0 0.005 0.555 0 2
0 0.005 0.565 0 2
0 0.015 -0.555 0 2
0 0.015 -0.545 0 2
0 0.015 -0.535 0 2
0 0.015 -0.525 0 2
0 0.015 -0.515 0 2
0 0.015 -0.505 0 2
0 0.015 -0.495 -0.0002013964369 2
0 0.015 -0.485 -0.000279976731 2
0 0.015 -0.475 -0.0003414122788 2
0 0.015 -0.465 -0.000379347239 2
0 0.015 -0.455 -0.0004037466143 2
0 0.015 -0.445 -0.0004168200281 2
0 0.015 -0.435 -0.0004202592804 2
0 0.015 -0.425 -0.0004146895809 2
0 0.015 -0.415 -0.0004006264423 2
0 0.015 -0.405 -0.0003732921421 2
0 0.015 -0.395 -0.000338759198 2
0 0.015 -0.385 -0.0003059337557 2
0 0.015 -0.375 -0.0002948646525 1
0 0.015 -0.365 -0.0003095309661 1
0 0.015 -0.355 -0.000321293428 1
0 0.015 -0.345 -0.0003331895542 1
0 0.015 -0.335 -0.0003437831668 1
0 0.015 -0.325 -0.0003833912368 2
0 0.015 -0.315 -0.0004188211129 2
0 0.015 -0.305 -0.0004459373349 2
0 0.015 -0.295 -0.0004577489245 2
0 0.015 -0.285 -0.0004610271077 2
0 0.015 -0.275 -0.0004599170724 2
0 0.015 -0.265 -0.0004561490484 2
0 0.015 -0.255 -0.000450752987 2
0 0.015 -0.245 -0.0004443259774 2
0 0.015 -0.235 -0.0004372680901 2
0 0.015 -0.225 -0.0004298587352 2
0 0.015 -0.215 -0.000422302886 2
0 0.015 -0.205 -0.0004147550116 2
0 0.015 -0.195 -0.0004073342289 2
0 0.015 -0.185 -0.0004001343036 2
0 0.015 -0.175 -0.0003932304408 2
0 0.015 -0.165 -0.0003866840089 2
0 0.015 -0.155 -0.0003805458828 2
0 0.015 -0.145 -0.0003748588218 2
0 0.015 -0.135 -0.0003696591004 2
0 0.015 -0.125 -0.0003649774655 2
0 0.015 -0.115 -0.0003608393631 2
0 0.015 -0.105 -0.0003572642414 2
0 0.015 -0.095 -0.0003542635711 2
0 0.015 -0.085 -0.0003518370006 2
0 0.015 -0.075 -0.0003499657732 2
0 0.015 -0.065 -0.0003486022045 2
0 0.015 -0.055 -0.0003476537249 2
0 0.015 -0.045 -0.0003469600109 2
0 0.015 -0.035 -0.0003462632992 2
0 0.015 -0.025 -0.0003451744391 2
0 0.015 -0.015 -0.0003431492469 2
0 0.015 -0.005 -0.000339496891 2
0 0.015 0.005 -0.0003334738389 2
0 0.015 0.015 -0.0003244912908 2
0 0.015 0.025 -0.0003124558257 2
0 0.015 0.035 -0.0002981093037 2
0 0.015 0.045 -0.0002831034129 2
0 0.015 0.055 -0.0002696042782 2
0 0.015 0.065 -0.0002591721582 2
0 0.015 0.075 -0.0002528415922 2
0 0.015 0.085 -0.000251006201 2
0 0.015 0.095 -0.0002535998677 2
0 0.015 0.105 -0.0002596956878 2
0 0.015 0.115 -0.0002684137833 2
0 0.015 0.125 -0.000278657121 2
0 0.015 0.135 -0.0002893197348 2
0 0.015 0.145 -0.0002989891818 2
0 0.015 0.155 -0.0003088091326 2
0 0.015 0.165 -0.0003137742418 2
0 0.015 0.175 -0.0003101536552 2
0 0.015 0.185 -0.0002926949164 1
0 0.015 0.195 -0.0002792825711 1
0 0.015 0.205 -0.000272444553 1
0 0.015 0.215 -0.0002626573117 1
0 0.015 0.225 -0.0002593061936 1
0 0.015 0.235 -0.0002611311518 1
0 0.015 0.245 -0.0002663384772 1
0 0.015 0.255 -0.0002740742355 1
0 0.015 0.265 -0.0003007001137 1
0 0.015 0.275 -0.0003691419998 2
0 0.015 0.285 -0.0004198019461 2
0 0.015 0.295 -0.0004522821429 2
0 0.015 0.305 -0.0004688863764 2
0 0.015 0.315 -0.0004776517833 2
0 0.015 0.325 -0.0004817077851 2
0 0.015 0.335 -0.0004828434945 2
0 0.015 0.345 -0.0004821447536 2
0 0.015 0.355 -0.000480165094 2
0 0.015 0.365 -0.0004777350217 2
0 0.015 0.375 -0.0004754845225 2
0 0.015 0.385 -0.0004739284602 2
0 0.015 0.395 -0.0004733479407 2
0 0.015 0.405 -0.0004739985444 2
0 0.015 0.415 -0.0004752996843 2
0 0.015 0.425 -0.0004752905291 2
0 0.015 0.435 -0.000471047172 2
0 0.015 0.445 -0.0004598297788 2
0 0.015 0.455 -0.0004393203611 2
0 0.015 0.465 -0.0004083038566 2
0 0.015 0.475 -0.0003643065707 2
0 0.015 0.485 -0.0002968558937 2
0 0.015 0.495 -0.0002121369687 2
0 0.015 0.505 0 2
0 0.015 0.515 0 2
0 0.015 0.525 0 2
0 0.015 0.535 0 2
0 0.015 0.545 0 2
0 0.015 0.555 0 2
0 0.015 0.565 0 2
0 0.025 -0.555 0 2
0 0.025 -0.545 0 2
0 0.025 -0.535 0 2
0 0.025 -0.525 0 2
0 0.025 -0.515 0 2
0 0.025 -0.505 0 2
0 0.025 -0.495 -0.0002481386726 2
0 0.025 -0.485 -0.0003591787099 2
0 0.025 -0.475 -0.000447500378 2
0 0.025 -0.465 -0.0005021673051 2
0 0.025 -0.455 -0.0005368970863 2
0 0.025 -0.445 -0.0005547395722 2
0 0.025 -0.435 -0.0005580604842 2
0 0.025 -0.425 -0.0005478220008 2
0 0.025 -0.415 -0.0005228350592 2
0 0.025 -0.405 -0.0004843834641 2
0 0.025 -0.395 -0.0004430561165 2
0 0.025 -0.385 -0.0004125437848 2
0 0.025 -0.375 -0.0003913850187 1
0 0.025 -0.365 -0.0004057980846 1
0 0.025 -0.355 -0.0004245351677 1
0 0.025 -0.345 -0.0004472361761 1
0 0.025 -0.335 -0.0004885638797 2
0 0.025 -0.325 -0.0005295431622 2
0 0.025 -0.315 -0.0005626456059 2
0 0.025 -0.305 -0.0005842633395 2
0 0.025 -0.295 -0.0005947998217 2
0 0.025 -0.285 -0.000597277118 2
0 0.025 -0.275 -0.000594015936 2
0 0.025 -0.265 -0.0005870762567 2
0 0.025 -0.255 -0.0005778130222 2
0 0.025 -0.245 -0.0005670962538 2
0 0.025 -0.235 -0.0005555183407 2
0 0.025 -0.225 -0.0005434954864 2
0 0.025 -0.215 -0.0005313307568 2
0 0.025 -0.205 -0.0005192504002 2
0 0.025 -0.195 -0.0005074276024 2
0 0.025 -0.185 -0.0004959978664 2
0 0.025 -0.175 -0.000485069417 2
0 0.025 -0.165 -0.000474730377 2
0 0.025 -0.155 -0.0004650538742 2
0 0.025 -0.145 -0.0004561017322 2
0 0.025 -0.135 -0.000447927095 2
0 0.025 -0.125 -0.0004405761042 2
0 0.025 -0.115 -0.0004340885591 2
0 0.025 -0.105 -0.000428497287 2
0 0.025 -0.095 -0.0004238257023 2
0 0.025 -0.085 -0.0004200826976 2
0 0.025 -0.075 -0.0004172535283 2
0 0.025 -0.065 -0.0004152848008 2
0 0.025 -0.055 -0.0004140609071 2
0 0.025 -0.045 -0.0004133689983 2
0 0.025 -0.035 -0.0004128502603 2
0 0.025 -0.025 -0.0004119374654 2
0 0.025 -0.015 -0.000409797156 2
0 0.025 -0.005 -0.0004053023588 2
0 0.025 0.005 -0.0003971312203 2
0 0.025 0.015 -0.0003840488982 2
0 0.025 0.025 -0.0003655563417 2
0 0.025 0.035 -0.0003426723311 2
0 0.025 0.045 -0.0003183338782 2
0 0.025 0.055 -0.0002967561504 2
0 0.025 0.065 -0.000280354068 2
0 0.025 0.075 -0.0002706818207 2
0 0.025 0.085 -0.0002682674271 2
0 0.025 0.095 -0.0002731659654 2
0 0.025 0.105 -0.000283301913 2
0 0.025 0.115 -0.000297430984 2
0 0.025 0.125 -0.0003137112988 2
0 0.025 0.135 -0.0003304716449 2
0 0.025 0.145 -0.0003467428205 2
0 0.025 0.155 -0.0003594496161 2
0 0.025 0.165 -0.0003610636419 2
0 0.025 0.175 -0.0003441792702 1
0 0.025 0.185 -0.0003312917887 1
0 0.025 0.195 -0.0003196726146 1
0 0.025 0.205 -0.0003136530334 1
0 0.025 0.215 -0.0003126136378 1
0 0.025 0.225 -0.0003181568034 1
0 0.025 0.235 -0.0003275537701 1
0 0.025 0.245 -0.0003385845897 1
0 0.025 0.255 -0.0003530610367 1
0 0.025 0.265 -0.0003864354972 1
0 0.025 0.275 -0.0004739754232 2
0 0.025 0.285 -0.0005388964275 2
0 0.025 0.295 -0.0005836600371 2
0 0.025 0.305 -0.0006072285102 2
0 0.025 0.315 -0.0006201436451 2
0 0.025 0.325 -0.000626104352 2
0 0.025 0.335 -0.0006279255851 2
0 0.025 0.345 -0.0006274821206 2
0 0.025 0.355 -0.0006254370673 2
0 0.025 0.365 -0.0006234629751 2
0 0.025 0.375 -0.0006223621196 2
0 0.025 0.385 -0.0006226171439 2
0 0.025 0.395 -0.0006242945624 2
0 0.025 0.405 -0.0006281781521 2
0 0.025 0.415 -0.0006337415043 2
0 0.025 0.425 -0.0006377103371 2
0 0.025 0.435 -0.0006351558577 2
0 0.025 0.445 -0.0006219186295 2
0 0.025 0.455 -0.0005948039394 2
0 0.025 0.465 -0.0005506696725 2
0 0.025 0.475 -0.0004862066742 2
0 0.025 0.485 -0.0003870759278 2
0 0.025 0.495 -0.0002648282358 2
0 0.025 0.505 0 2
0 0.025 0.515 0 2
0 0.025 0.525 0 2
0 0.025 0.535 0 2
0 0.025 0.545 0 2
0 0.025 0.555 0 2
0 0.025 0.565 0 2
0 0.035 -0.555 0 2
0 0.035 -0.545 0 2
0 0.035 -0.535 0 2
0 0.035 -0.525 0 2
0 0.035 -0.515 0 2
0 0.035 -0.505 0 2
0 0.035 -0.495 -0.00027512314 2
0 0.035 -0.485 -0.0004070319422 2
0 0.035 -0.475 -0.000514064264 2
0 0.035 -0.465 -0.0005817225695 2
0 0.035 -0.455 -0.0006245350681 2
0 0.035 -0.445 -0.000645899065 2
0 0.035 -0.435 -0.0006486563114 2
0 0.035 -0.425 -0.0006340926525 2
0 0.035 -0.415 -0.0005987991496 2
0 0.035 -0.405 -0.00055237719 2
0 0.035 -0.395 -0.0005053995104 2
0 0.035 -0.385 -0.0004629443814 1
0 0.035 -0.375 -0.0004492537632 1
0 0.035 -0.365 -0.0004613795535 1
0 0.035 -0.355 -0.0004975509715 2
0 0.035 -0.345 -0.0005321867315 2
0 0.035 -0.335 -0.0005779728968 2
0 0.035 -0.325 -0.0006180794069 2
0 0.035 -0.315 -0.0006455977632 2
0 0.035 -0.305 -0.0006630981115 2
0 0.035 -0.295 -0.0006716339218 2
0 0.035 -0.285 -0.0006714810799 2
0 0.035 -0.275 -0.0006649677645 2
0 0.035 -0.265 -0.0006541008106 2
0 0.035 -0.255 -0.0006403357015 2
0 0.035 -0.245 -0.0006247605637 2
0 0.035 -0.235 -0.0006081406025 2
0 0.035 -0.225 -0.000591021682 2
0 0.035 -0.215 -0.0005738009865 2
0 0.035 -0.205 -0.0005567739195 2
0 0.035 -0.195 -0.0005401657059 2
0 0.035 -0.185 -0.0005241518074 2
0 0.035 -0.175 -0.0005088717516 2
0 0.035 -0.165 -0.0004944386967 2
0 0.035 -0.155 -0.0004809463132 2
0 0.035 -0.145 -0.0004684738506 2
0 0.035 -0.135 -0.0004570898529 2
0 0.035 -0.125 -0.0004468546892 2
0 0.035 -0.115 -0.0004378218372 2
0 0.035 -0.105 -0.0004300376089 2
0 0.035 -0.095 -0.0004235387138 2
0 0.035 -0.085 -0.0004183466392 2
0 0.035 -0.075 -0.0004144572162 2
0 0.035 -0.065 -0.0004118230058 2
0 0.035 -0.055 -0.0004103248111 2
0 0.035 -0.045 -0.0004097280719 2
0 0.035 -0.035 -0.0004096175454 2
0 0.035 -0.025 -0.0004093063886 2
0 0.035 -0.015 -0.0004077273119 2
0 0.035 -0.005 -0.000403305553 2
0 0.035 0.005 -0.0003940129869 2
0 0.035 0.015 -0.000377609978 2
0 0.035 0.025 -0.000352776298 2
0 0.035 0.035 -0.0003204789047 2
0 0.035 0.045 -0.0002855916611 2
0 0.035 0.055 -0.0002557795796 2
0 0.035 0.065 -0.0002335866829 2
0 0.035 0.075 -0.0002205201916 2
0 0.035 0.085 -0.0002172059351 2
0 0.035 0.095 -0.0002247311197 2
0 0.035 0.105 -0.0002388730873 2
0 0.035 0.115 -0.0002588738241 2
0 0.035 0.125 -0.000281658721 2
0 0.035 0.135 -0.0003051758425 2
0 0.035 0.145 -0.000328556814 2
0 0.035 0.155 -0.0003456373039 2
0 0.035 0.165 -0.0003432291173 2
0 0.035 0.175 -0.0003271768985 1
0 0.035 0.185 -0.0003175784147 1
0 0.035 0.195 -0.000311952919 1
0 0.035 0.205 -0.0003132899521 1
0 0.035 0.215 -0.0003211657679 1
0 0.035 0.225 -0.0003344458986 1
0 0.035 0.235 -0.0003501671046 1
0 0.035 0.245 -0.0003690393207 1
0 0.035 0.255 -0.0003949577021 1
0 0.035 0.265 -0.000457298444 2
0 0.035 0.275 -0.0005336577677 2
0 0.035 0.285 -0.0006026415041 2
0 0.035 0.295 -0.0006531986868 2
0 0.035 0.305 -0.0006820248892 2
0 0.035 0.315 -0.0006984006393 2
0 0.035 0.325 -0.0007055531487 2
0 0.035 0.335 -0.0007089056378 2
0 0.035 0.345 -0.0007107838196 2
0 0.035 0.355 -0.0007093255037 2
0 0.035 0.365 -0.0007081132703 2
0 0.035 0.375 -0.0007095209737 2
0 0.035 0.385 -0.0007132819573 2
0 0.035 0.395 -0.0007176427722 2
0 0.035 0.405 -0.0007261844562 2
0 0.035 0.415 -0.0007399529455 2
0 0.035 0.425 -0.0007519685989 2
0 0.035 0.435 -0.0007533147769 2
0 0.035 0.445 -0.0007399247845 2
0 0.035 0.455 -0.0007079711716 2
0 0.035 0.465 -0.0006529841007 2
0 0.035 0.475 -0.0005713853912 2
0 0.035 0.485 -0.0004481210867 2
0 0.035 0.495 -0.0002992613109 2
0 0.035 0.505 0 2
0 0.035 0.515 0 2
0 0.035 0.525 0 2
0 0.035 0.535 0 2
0 0.035 0.545 0 2
0 0.035 0.555 0 2
0 0.035 0.565 0 2
0 0.045 -0.555 0 2
0 0.045 -0.545 0 2
0 0.045 -0.535 0 2
0 0.045 -0.525 0 2
0 0.045 -0.515 0 2
0 0.045 -0.505 0 2
0 0.045 -0.495 -0.0002919098896 2
0 0.045 -0.485 -0.0004374976434 2
0 0.045 -0.475 -0.0005571607163 2
0 0.045 -0.465 -0.0006339373484 2
0 0.045 -0.455 -0.0006823819607 2
0 0.045 -0.445 -0.0007059680216 2
0 0.045 -0.435 -0.0007078287906 2
0 0.045 -0.425 -0.0006893529244 2
0 0.045 -0.415 -0.0006459923443 2
0 0.045 -0.405 -0.0005895367484 2
0 0.045 -0.395 -0.0005201201368 1
0 0.045 -0.385 -0.000489843344 1
0 0.045 -0.375 -0.0004838642238 1
0 0.045 -0.365 -0.0004972518453 1
0 0.045 -0.355 -0.000525959223 1
0 0.045 -0.345 -0.0005598829932 1
0 0.045 -0.335 -0.0006123907211 2
0 0.045 -0.325 -0.0006534493707 2
0 0.045 -0.315 -0.0006830992651 2
0 0.045 -0.305 -0.0006992924338 2
0 0.045 -0.295 -0.0007042454736 2
0 0.045 -0.285 -0.0007006714671 2
0 0.045 -0.275 -0.000689928555 2
0 0.045 -0.265 -0.0006741925056 2
0 0.045 -0.255 -0.0006551101584 2
0 0.045 -0.245 -0.0006339466298 2
0 0.045 -0.235 -0.0006116150688 2
0 0.045 -0.225 -0.000588773403 2
0 0.045 -0.215 -0.0005659047428 2
0 0.045 -0.205 -0.0005433704051 2
0 0.045 -0.195 -0.0005214466449 2
0 0.045 -0.185 -0.0005003486747 2
0 0.045 -0.175 -0.0004802471592 2
0 0.045 -0.165 -0.0004612798722 2
0 0.045 -0.155 -0.0004435602755 2
0 0.045 -0.145 -0.0004271839944 2
0 0.045 -0.135 -0.0004122336992 2
0 0.045 -0.125 -0.0003987825952 2
0 0.045 -0.115 -0.0003868964749 2
0 0.045 -0.105 -0.0003766340358 2
0 0.045 -0.095 -0.000368044855 2
0 0.045 -0.085 -0.0003611639809 2
0 0.045 -0.075 -0.0003560014376 2
0 0.045 -0.065 -0.0003525241257 2
0 0.045 -0.055 -0.000350625821 2
0 0.045 -0.045 -0.000350080297 2
0 0.045 -0.035 -0.000350465868 2
0 0.045 -0.025 -0.0003510561425 2
0 0.045 -0.015 -0.0003506497897 2
0 0.045 -0.005 -0.0003473274021 2
0 0.045 0.005 -0.0003383351538 2
0 0.045 0.015 -0.0003200291288 2
0 0.045 0.025 -0.000289098311 2
0 0.045 0.035 -0.0002443110936 2
0 0.045 0.045 -0.0001925501743 2
0 0.045 0.055 -0.0001525998118 2
0 0.045 0.065 -0.0001244882911 2
0 0.045 0.075 -0.0001081005761 2
0 0.045 0.085 -0.0001045055065 2
0 0.045 0.095 -0.0001197991642 2
0 0.045 0.105 -0.0001398277273 2
0 0.045 0.115 -0.0001669511067 2
0 0.045 0.125 -0.0001962490955 2
0 0.045 0.135 -0.0002268562455 2
0 0.045 0.145 -0.0002574132992 2
0 0.045 0.155 -0.0002820513768 2
0 0.045 0.165 -0.0002732527561 1
0 0.045 0.175 -0.0002729334005 1
0 0.045 0.185 -0.0002686876911 1
0 0.045 0.195 -0.0002705388036 1
0 0.045 0.205 -0.0002805741952 1
0 0.045 0.215 -0.0002967932617 1
0 0.045 0.225 -0.0003183574393 1
0 0.045 0.235 -0.0003422113054 1
0 0.045 0.245 -0.000372159124 1
0 0.045 0.255 -0.0004118852983 1
0 0.045 0.265 -0.0004856653507 2
0 0.045 0.275 -0.0005586762802 2
0 0.045 0.285 -0.0006271855717 2
0 0.045 0.295 -0.000679126148 2
0 0.045 0.305 -0.0007115688573 2
0 0.045 0.315 -0.0007311086333 2
0 0.045 0.325 -0.0007392241652 2
0 0.045 0.335 -0.0007396638286 2
0 0.045 0.345 -0.0007404518568 2
0 0.045 0.355 -0.0007390393607 2
0 0.045 0.365 -0.0007436982351 2
0 0.045 0.375 -0.0007520518398 2
0 0.045 0.385 -0.0007632502535 2
0 0.045 0.395 -0.0007741762487 2
0 0.045 0.405 -0.0007902702234 2
0 0.045 0.415 -0.0008130740412 2
0 0.045 0.425 -0.0008347735579 2
0 0.045 0.435 -0.0008432609234 2
0 0.045 0.445 -0.0008301250962 2
0 0.045 0.455 -0.0007939781519 2
0 0.045 0.465 -0.0007298391868 2
0 0.045 0.475 -0.0006344249778 2
0 0.045 0.485 -0.0004928092329 2
0 0.045 0.495 -0.0003243031159 2
0 0.045 0.505 0 2
0 0.045 0.515 0 2
0 0.045 0.525 0 2
0 0.045 0.535 0 2
0 0.045 0.545 0 2
0 0.045 0.555 0 2
0 0.045 0.565 0 2
0 0.055 -0.555 0 2
0 0.055 -0.545 0 2
0 0.055 -0.535 0 2
0 0.055 -0.525 0 2
0 0.055 -0.515 0 2
0 0.055 -0.505 0 2
0 0.055 -0.495 -0.0002981680961 2
0 0.055 -0.485 -0.0004499573179 2
0 0.055 -0.475 -0.0005754872677 2
0 0.055 -0.465 -0.0006564573137 2
0 0.055 -0.455 -0.0007071092836 2
0 0.055 -0.445 -0.0007308550056 2
0 0.055 -0.435 -0.0007310580712 2
0 0.055 -0.425 -0.0007090425158 2
0 0.055 -0.415 -0.0006585952624 2
0 0.055 -0.405 -0.0005921986572 2
0 0.055 -0.395 -0.0005156980686 1
0 0.055 -0.385 -0.0004919515425 1
0 0.055 -0.375 -0.0004909286441 1
0 0.055 -0.365 -0.0005025108229 1
0 0.055 -0.355 -0.0005246243178 1
0 0.055 -0.345 -0.0005528571463 1
0 0.055 -0.335 -0.0005896614653 1
0 0.055 -0.325 -0.0006379224531 2
0 0.055 -0.315 -0.0006727064716 2
0 0.055 -0.305 -0.0006879776153 2
0 0.055 -0.295 -0.0006890448256 2
0 0.055 -0.285 -0.0006807373068 2
0 0.055 -0.275 -0.0006644517241 2
0 0.055 -0.265 -0.0006427235621 2
0 0.055 -0.255 -0.0006174366275 2
0 0.055 -0.245 -0.0005899533554 2
0 0.055 -0.235 -0.0005612807479 2
0 0.055 -0.225 -0.0005321541214 2
0 0.055 -0.215 -0.0005031229446 2
0 0.055 -0.205 -0.0004746043505 2
0 0.055 -0.195 -0.000446920293 2
0 0.055 -0.185 -0.0004203226276 2
0 0.055 -0.175 -0.0003950108648 2
0 0.055 -0.165 -0.0003711452929 2
0 0.055 -0.155 -0.0003488569852 2
0 0.055 -0.145 -0.0003282555941 2
0 0.055 -0.135 -0.0003094353828 2
0 0.055 -0.125 -0.0002924797 2
0 0.055 -0.115 -0.0002774638757 2
0 0.055 -0.105 -0.0002644562981 2
0 0.055 -0.095 -0.0002535171398 2
0 0.055 -0.085 -0.0002446938138 2
0 0.055 -0.075 -0.0002380116133 2
0 0.055 -0.065 -0.0002334572195 2
0 0.055 -0.055 -0.0002309508447 2
0 0.055 -0.045 -0.000230302123 2
0 0.055 -0.035 -0.000231134648 2
0 0.055 -0.025 -0.0002327762872 2
0 0.055 -0.015 -0.0002340379567 2
0 0.055 -0.005 -0.0002329250304 2
0 0.055 0.005 -0.0002260897113 2
0 0.055 0.015 -0.0002074461427 2
0 0.055 0.025 -0.0001711001252 2
0 0.055 0.035 -0.0001121964178 2
0 0.055 0.045 -4.871944829e-05 2
0 0.055 0.055 -6.354825271e-06 2
0 0.055 0.065 2.312987625e-05 2
0 0.055 0.075 4.346584488e-05 2
0 0.055 0.085 5.340121064e-05 2
0 0.055 0.095 3.954090045e-05 2
0 0.055 0.105 2.178814096e-05 2
0 0.055 0.115 -1.525319252e-05 2
0 0.055 0.125 -5.479903205e-05 2
0 0.055 0.135 -9.357107505e-05 2
0 0.055 0.145 -0.0001307437194 2
0 0.055 0.155 -0.0001661851918 2
0 0.055 0.165 -0.0001753738421 1
0 0.055 0.175 -0.0001785287889 1
0 0.055 0.185 -0.0001811213244 1
0 0.055 0.195 -0.0001910694862 1
0 0.055 0.205 -0.0002091689167 1
0 0.055 0.215 -0.0002343044868 1
0 0.055 0.225 -0.0002693304963 1
0 0.055 0.235 -0.0003049075399 1
0 0.055 0.245 -0.000345742984 1
0 0.055 0.255 -0.0004007318781 2
0 0.055 0.265 -0.0004648096422 2
0 0.055 0.275 -0.0005387807355 2
0 0.055 0.285 -0.0006073972768 2
0 0.055 0.295 -0.0006586187317 2
0 0.055 0.305 -0.0006935998128 2
0 0.055 0.315 -0.0007132382006 2
0 0.055 0.325 -0.0007179491957 2
0 0.055 0.335 -0.000714676892 2
0 0.055 0.345 -0.0007186716672 2
0 0.055 0.355 -0.000715241634 1
0 0.055 0.365 -0.0007285875899 1
0 0.055 0.375 -0.0007452314643 1
0 0.055 0.385 -0.0007640739375 1
0 0.055 0.395 -0.0007831820023 1
0 0.055 0.405 -0.0008187530278 2
0 0.055 0.415 -0.0008534056245 2
0 0.055 0.425 -0.0008849362942 2
0 0.055 0.435 -0.0009013779868 2
0 0.055 0.445 -0.0008891948564 2
0 0.055 0.455 -0.0008502132384 2
0 0.055 0.465 -0.0007796238627 2
0 0.055 0.475 -0.0006746599989 2
0 0.055 0.485 -0.0005208904663 2
0 0.055 0.495 -0.0003397024189 2
0 0.055 0.505 0 2
0 0.055 0.515 0 2
0 0.055 0.525 0 2
0 0.055 0.535 0 2
0 0.055 0.545 0 2
0 0.055 0.555 0 2
0 0.055 0.565 0 2
0 0.065 -0.555 0 2
0 0.065 -0.545 0 2
0 0.065 -0.535 0 2
0 0.065 -0.525 0 2
0 0.065 -0.515 0 2
0 0.065 -0.505 0 2
0 0.065 -0.495 -0.000295697487 2
0 0.065 -0.485 -0.0004472383923 2
0 0.065 -0.475 -0.0005724782594 2
0 0.065 -0.465 -0.0006527625406 2
0 0.065 -0.455 -0.0007018881921 2
0 0.065 -0.445 -0.0007232482367 2
0 0.065 -0.435 -0.0007204662934 2
0 0.065 -0.425 -0.0006948835697 2
0 0.065 -0.415 -0.0006388753703 2
0 0.065 -0.405 -0.0005673353373 2
0 0.065 -0.395 -0.0004903884577 1
0 0.065 -0.385 -0.0004692717827 1
0 0.065 -0.375 -0.0004666376589 1
0 0.065 -0.365 -0.0004718149968 1
0 0.065 -0.355 -0.0004881150792 1
0 0.065 -0.345 -0.000512605304 1
0 0.065 -0.335 -0.0005427060452 1
0 0.065 -0.325 -0.0005738140772 1
0 0.065 -0.315 -0.0006162083305 2
0 0.065 -0.305 -0.000633118061 2
0 0.065 -0.295 -0.0006300569358 2
0 0.065 -0.285 -0.0006148063451 2
0 0.065 -0.275 -0.0005914005374 2
0 0.065 -0.265 -0.000562446504 2
0 0.065 -0.255 -0.000529975151 2
0 0.065 -0.245 -0.0004953789208 2
0 0.065 -0.235 -0.0004596923849 2
0 0.065 -0.225 -0.0004236891278 2
0 0.065 -0.215 -0.0003879619682 2
0 0.065 -0.205 -0.0003529712382 2
0 0.065 -0.195 -0.0003190770864 2
0 0.065 -0.185 -0.0002865630214 2
0 0.065 -0.175 -0.000255653498 2
0 0.065 -0.165 -0.0002265278699 2
0 0.065 -0.155 -0.0001993315264 2
0 0.065 -0.145 -0.0001741848589 2
0 0.065 -0.135 -0.000151190358 2
0 0.065 -0.125 -0.0001304380176 2
0 0.065 -0.115 -0.0001120090555 2
0 0.065 -0.105 -9.597779253e-05 2
0 0.065 -0.095 -8.241129427e-05 2
0 0.065 -0.085 -7.136606412e-05 2
0 0.065 -0.075 -6.288056657e-05 2
0 0.065 -0.065 -5.696171307e-05 2
0 0.065 -0.055 -5.356179042e-05 2
0 0.065 -0.045 -5.254160584e-05 2
0 0.065 -0.035 -5.360518766e-05 2
0 0.065 -0.025 -5.620504215e-05 2
0 0.065 -0.015 -5.931124202e-05 2
0 0.065 -0.005 -6.117003008e-05 2
0 0.065 0.005 -5.823435044e-05 2
0 0.065 0.015 -4.357659969e-05 2
0 0.065 0.025 -7.419501671e-06 2
0 0.065 0.035 6.361134744e-05 2
0 0.065 0.045 0.0001338532348 1
0 0.065 0.055 0.0001742444596 1
0 0.065 0.065 0.0002041667608 1
0 0.065 0.075 0.0002267092528 1
0 0.065 0.085 0.0002427630519 1
0 0.065 0.095 0.0002316709624 2
0 0.065 0.105 0.0002254403089 2
0 0.065 0.115 0.000186879841 2
0 0.065 0.125 0.0001388148917 2
0 0.065 0.135 9.228365798e-05 2
0 0.065 0.145 4.918223063e-05 2
0 0.065 0.155 4.742863948e-06 2
0 0.065 0.165 -3.467187791e-05 1
0 0.065 0.175 -4.62138854e-05 1
0 0.065 0.185 -6.100501746e-05 1
0 0.065 0.195 -8.239496995e-05 1
0 0.065 0.205 -0.0001090969203 1
0 0.065 0.215 -0.0001415475744 1
0 0.065 0.225 -0.0001875042609 1
0 0.065 0.235 -0.0002290201111 1
0 0.065 0.245 -0.0002780599722 2
0 0.065 0.255 -0.0003282601581 2
0 0.065 0.265 -0.0003963453021 2
0 0.065 0.275 -0.0004727303718 2
0 0.065 0.285 -0.0005426188612 2
0 0.065 0.295 -0.0005968579482 2
0 0.065 0.305 -0.0006317305309 2
0 0.065 0.315 -0.0006467680359 2
0 0.065 0.325 -0.0006481240326 2
0 0.065 0.335 -0.0006430802929 1
0 0.065 0.345 -0.0006583967707 1
0 0.065 0.355 -0.000676308497 1
0 0.065 0.365 -0.000695095941 1
0 0.065 0.375 -0.0007177777585 1
0 0.065 0.385 -0.0007423151977 1
0 0.065 0.395 -0.0007676464423 1
0 0.065 0.405 -0.000801369365 1
0 0.065 0.415 -0.0008648480327 2
0 0.065 0.425 -0.0009071515196 2
0 0.065 0.435 -0.0009300043755 2
0 0.065 0.445 -0.0009195396888 2
0 0.065 0.455 -0.0008793097375 2
0 0.065 0.465 -0.0008052363338 2
0 0.065 0.475 -0.0006949663843 2
0 0.065 0.485 -0.000534661373 2
0 0.065 0.495 -0.0003468314639 2
0 0.065 0.505 0 2
0 0.065 0.515 0 2
0 0.065 0.525 0 2
0 0.065 0.535 0 2
0 0.065 0.545 0 2
0 0.065 0.555 0 2
0 0.065 0.565 0 2
0 0.075 -0.555 0 2
0 0.075 -0.545 0 2
0 0.075 -0.535 0 2
0 0.075 -0.525 0 2
0 0.075 -0.515 0 2
0 0.075 -0.505 0 2
0 0.075 -0.495 -0.0002852015642 2
0 0.075 -0.485 -0.0004304277313 2
0 0.075 -0.475 -0.0005492834963 2
0 0.075 -0.465 -0.0006237884687 2
0 0.075 -0.455 -0.0006671315995 2
0 0.075 -0.445 -0.0006829428326 2
0 0.075 -0.435 -0.0006750594145 2
0 0.075 -0.425 -0.0006453887372 2
0 0.075 -0.415 -0.00059067714 2
0 0.075 -0.405 -0.0005195945045 2
0 0.075 -0.395 -0.0004437744497 1
0 0.075 -0.385 -0.0004170845612 1
0 0.075 -0.375 -0.0004117744438 1
0 0.075 -0.365 -0.0004133369565 1
0 0.075 -0.355 -0.0004229973468 1
0 0.075 -0.345 -0.0004400068117 1
0 0.075 -0.335 -0.0004628514576 1
0 0.075 -0.325 -0.000489563912 1
0 0.075 -0.315 -0.0005210027129 2
0 0.075 -0.305 -0.0005396711744 2
0 0.075 -0.295 -0.0005283351867 2
0 0.075 -0.285 -0.0005038202005 2
0 0.075 -0.275 -0.0004714564107 2
0 0.075 -0.265 -0.0004339690619 2
0 0.075 -0.255 -0.0003932980701 2
0 0.075 -0.245 -0.0003507706472 2
0 0.075 -0.235 -0.0003073767292 2
0 0.075 -0.225 -0.0002638925777 2
0 0.075 -0.215 -0.0002209330667 2
0 0.075 -0.205 -0.0001789888441 2
0 0.075 -0.195 -0.0001384490845 2
0 0.075 -0.185 -9.962178145e-05 2
0 0.075 -0.175 -6.275029263e-05 2
0 0.075 -0.165 -2.802774486e-05 2
0 0.075 -0.155 4.390927081e-06 2
0 0.075 -0.145 3.437900978e-05 2
0 0.075 -0.135 6.182999973e-05 2
0 0.075 -0.125 8.665140601e-05 2
0 0.075 -0.115 0.0001087603164 2
0 0.075 -0.105 0.0001280807874 2
0 0.075 -0.095 0.0001445432919 2
0 0.075 -0.085 0.0001580866907 2
0 0.075 -0.075 0.0001686635479 2
0 0.075 -0.065 0.0001762501047 2
0 0.075 -0.055 0.000180863299 2
0 0.075 -0.045 0.0001825882197 2
0 0.075 -0.035 0.0001816260133 2
0 0.075 -0.025 0.0001783667063 2
0 0.075 -0.015 0.0001735679509 2
0 0.075 -0.005 0.0001685380859 2
0 0.075 0.005 0.0001662455508 2
0 0.075 0.015 0.0001729707406 2
0 0.075 0.025 0.0001998950679 2
0 0.075 0.035 0.0002767762988 1
0 0.075 0.045 0.0003171013649 1
0 0.075 0.055 0.0003545727552 1
0 0.075 0.065 0.0003845696778 1
0 0.075 0.075 0.0004082721783 1
0 0.075 0.085 0.0004289440004 1
0 0.075 0.095 0.0004512156827 1
0 0.075 0.105 0.0004575028349 1
0 0.075 0.115 0.0004259672624 2
0 0.075 0.125 0.0003805392066 2
0 0.075 0.135 0.0003269254751 2
0 0.075 0.145 0.0002826816967 2
0 0.075 0.155 0.0002346415285 2
0 0.075 0.165 0.0001771664063 2
0 0.075 0.175 0.0001404133803 1
0 0.075 0.185 0.000111705581 1
0 0.075 0.195 7.94653828e-05 1
0 0.075 0.205 4.207077907e-05 1
0 0.075 0.215 -2.341950173e-09 1
0 0.075 0.225 -4.891726075e-05 2
0 0.075 0.235 -9.486087369e-05 2
0 0.075 0.245 -0.0001414790702 2
0 0.075 0.255 -0.0002044433574 2
0 0.075 0.265 -0.0002824184391 2
0 0.075 0.275 -0.0003632972929 2
0 0.075 0.285 -0.0004371945292 2
0 0.075 0.295 -0.0004951025614 2
0 0.075 0.305 -0.0005256372815 2
0 0.075 0.315 -0.0005386626961 2
0 0.075 0.325 -0.0005407030922 1
0 0.075 0.335 -0.0005634718002 1
0 0.075 0.345 -0.0005865671631 1
0 0.075 0.355 -0.0006115258597 1
0 0.075 0.365 -0.0006368148475 1
0 0.075 0.375 -0.0006652646178 1
0 0.075 0.385 -0.0006960482552 1
0 0.075 0.395 -0.0007275865997 1
0 0.075 0.405 -0.0007677108195 1
0 0.075 0.415 -0.0008450111545 2
0 0.075 0.425 -0.0008995332716 2
0 0.075 0.435 -0.0009284458652 2
0 0.075 0.445 -0.0009207629671 2
0 0.075 0.455 -0.0008814486903 2
0 0.075 0.465 -0.0008072825606 2
0 0.075 0.475 -0.0006961166435 2
0 0.075 0.485 -0.0005347286571 2
0 0.075 0.495 -0.0003459769912 2
0 0.075 0.505 0 2
0 0.075 0.515 0 2
0 0.075 0.525 0 2
0 0.075 0.535 0 2
0 0.075 0.545 0 2
0 0.075 0.555 0 2
0 0.075 0.565 0 2
0 0.085 -0.555 0 2
0 0.085 -0.545 0 2
0 0.085 -0.535 0 2
0 0.085 -0.525 0 2
0 0.085 -0.515 0 2
0 0.085 -0.505 0 2
0 0.085 -0.495 -0.0002676140536 2
0 0.085 -0.485 -0.0004011580133 2
0 0.085 -0.475 -0.0005083369952 2
0 0.085 -0.465 -0.0005727542769 2
0 0.085 -0.455 -0.0006064500134 2
0 0.085 -0.445 -0.0006136694096 2
0 0.085 -0.435 -0.0005983049712 2
0 0.085 -0.425 -0.000563383748 2
0 0.085 -0.415 -0.0005100231898 2
0 0.085 -0.405 -0.0004416893812 2
0 0.085 -0.395 -0.0003725201848 1
0 0.085 -0.385 -0.0003366599079 1
0 0.085 -0.375 -0.000327630762 1
0 0.085 -0.365 -0.0003251177645 1
0 0.085 -0.355 -0.000329255671 1
0 0.085 -0.345 -0.0003387461639 1
0 0.085 -0.335 -0.0003540627072 1
0 0.085 -0.325 -0.0003761618791 1
0 0.085 -0.315 -0.000388089791 1
0 0.085 -0.305 -0.0004101317159 2
0 0.085 -0.295 -0.0003858471436 2
0 0.085 -0.285 -0.0003493612794 2
0 0.085 -0.275 -0.0003061149705 2
0 0.085 -0.265 -0.0002587949769 2
0 0.085 -0.255 -0.000208920941 2
0 0.085 -0.245 -0.0001576265729 2
0 0.085 -0.235 -0.0001058032805 2
0 0.085 -0.225 -5.420780495e-05 2
0 0.085 -0.215 -3.462496845e-06 2
0 0.085 -0.205 4.592312435e-05 2
0 0.085 -0.195 9.354122822e-05 2
0 0.085 -0.185 0.0001390686863 2
0 0.085 -0.175 0.00018225149 2
0 0.085 -0.165 0.0002228898854 2
0 0.085 -0.155 0.0002608255463 2
0 0.085 -0.145 0.000295930789 2
0 0.085 -0.135 0.0003280998618 2
0 0.085 -0.125 0.0003572421633 2
0 0.085 -0.115 0.0003832772801 2
0 0.085 -0.105 0.0004061317954 2
0 0.085 -0.095 0.0004257379362 2
0 0.085 -0.085 0.0004420342799 2
0 0.085 -0.075 0.0004549689293 2
0 0.085 -0.065 0.0004645058947 2
0 0.085 -0.055 0.0004706357579 2
0 0.085 -0.045 0.00047339308 2
0 0.085 -0.035 0.0004728831591 2
0 0.085 -0.025 0.0004693303327 2
0 0.085 -0.015 0.0004631526781 2
0 0.085 -0.005 0.0004551344688 2
0 0.085 0.005 0.0004467625075 2
0 0.085 0.015 0.0004409878591 2
0 0.085 0.025 0.0004447419806 2
0 0.085 0.035 0.0004798196653 1
0 0.085 0.045 0.0005177181685 1
0 0.085 0.055 0.0005531625822 1
0 0.085 0.065 0.0005827623501 1
0 0.085 0.075 0.0006075612124 1
0 0.085 0.085 0.0006314666343 1
0 0.085 0.095 0.0006574488904 1
0 0.085 0.105 0.0006741338958 1
0 0.085 0.115 0.0006875612151 1
0 0.085 0.125 0.0006517374366 2
0 0.085 0.135 0.0005977195379 2
0 0.085 0.145 0.00057392369 2
0 0.085 0.155 0.0005377933282 2
0 0.085 0.165 0.0004823541106 2
0 0.085 0.175 0.0004075267511 2
0 0.085 0.185 0.0003605736946 2
0 0.085 0.195 0.0003165948185 2
0 0.085 0.205 0.000267928672 2
0 0.085 0.215 0.0002158915583 2
0 0.085 0.225 0.0001687313072 2
0 0.085 0.235 0.000108460658 2
0 0.085 0.245 4.33939262e-05 2
0 0.085 0.255 -3.481098426e-05 2
0 0.085 0.265 -0.0001220686326 2
0 0.085 0.275 -0.0002099224473 2
0 0.085 0.285 -0.0002930354234 2
0 0.085 0.295 -0.0003587952094 2
0 0.085 0.305 -0.0003868830362 2
0 0.085 0.315 -0.0004019728278 1
0 0.085 0.325 -0.0004314915164 1
0 0.085 0.335 -0.000460564926 1
0 0.085 0.345 -0.000487376781 1
0 0.085 0.355 -0.0005168466721 1
0 0.085 0.365 -0.000549343371 1
0 0.085 0.375 -0.0005852350374 1
0 0.085 0.385 -0.0006250105515 1
0 0.085 0.395 -0.0006664583128 1
0 0.085 0.405 -0.0007178402767 1
0 0.085 0.415 -0.0008020281048 2
0 0.085 0.425 -0.0008645183188 2
0 0.085 0.435 -0.0008963989427 2
0 0.085 0.445 -0.0008929888168 2
0 0.085 0.455 -0.0008572978058 2
0 0.085 0.465 -0.0007866767495 2
0 0.085 0.475 -0.0006790461316 2
0 0.085 0.485 -0.0005218019909 2
0 0.085 0.495 -0.0003375215767 2
0 0.085 0.505 0 2
0 0.085 0.515 0 2
0 0.085 0.525 0 2
0 0.085 0.535 0 2
0 0.085 0.545 0 2
0 0.085 0.555 0 2
0 0.085 0.565 0 2
0 0.095 -0.555 0 2
0 0.095 -0.545 0 2
0 0.095 -0.535 0 2
0 0.095 -0.525 0 2
0 0.095 -0.515 0 2
0 0.095 -0.505 0 2
0 0.095 -0.495 -0.0002427830998 2
0 0.095 -0.485 -0.0003620218531 2
0 0.095 -0.475 -0.0004510734284 2
0 0.095 -0.465 -0.0004987700605 2
0 0.095 -0.455 -0.0005156000111 2
0 0.095 -0.445 -0.0005095207236 2
0 0.095 -0.435 -0.0004828830873 2
0 0.095 -0.425 -0.0004401210172 2
0 0.095 -0.415 -0.0003839081301 2
0 0.095 -0.405 -0.0003232843242 2
0 0.095 -0.395 -0.0002748716953 2
0 0.095 -0.385 -0.0002327550844 1
0 0.095 -0.375 -0.0002160681844 1
0 0.095 -0.365 -0.0002088802488 1
0 0.095 -0.355 -0.0002079439592 1
0 0.095 -0.345 -0.0002100735098 1
0 0.095 -0.335 -0.0002166698508 1
0 0.095 -0.325 -0.0002304528141 1
0 0.095 -0.315 -0.0002383966725 1
0 0.095 -0.305 -0.0002448645859 2
0 0.095 -0.295 -0.0002050459488 2
0 0.095 -0.285 -0.0001524290207 2
0 0.095 -0.275 -9.670889086e-05 2
0 0.095 -0.265 -3.835516179e-05 2
0 0.095 -0.255 2.169812017e-05 2
0 0.095 -0.245 8.261615636e-05 2
0 0.095 -0.235 0.0001436225361 2
0 0.095 -0.225 0.0002039862184 2
0 0.095 -0.215 0.0002630851255 2
0 0.095 -0.205 0.0003204022319 2
0 0.095 -0.195 0.0003755236432 2
0 0.095 -0.185 0.0004281231796 2
0 0.095 -0.175 0.0004779468146 2
0 0.095 -0.165 0.0005247971013 2
0 0.095 -0.155 0.0005685196613 2
0 0.095 -0.145 0.0006089918485 2
0 0.095 -0.135 0.0006461136393 2
0 0.095 -0.125 0.0006798005421 2
0 0.095 -0.115 0.0007099783327 2
0 0.095 -0.105 0.0007365794535 2
0 0.095 -0.095 0.0007595409846 2
0 0.095 -0.085 0.000778804168 2
0 0.095 -0.075 0.0007943154923 2
0 0.095 -0.065 0.0008060294822 2
0 0.095 -0.055 0.0008139129012 2
0 0.095 -0.045 0.000817951481 2
0 0.095 -0.035 0.0008181539793 2
0 0.095 -0.025 0.0008145694114 2
0 0.095 -0.015 0.0008072441241 2
0 0.095 -0.005 0.0007963305637 2
0 0.095 0.005 0.0007814821159 2
0 0.095 0.015 0.0007612135166 2
0 0.095 0.025 0.0007367708637 2
0 0.095 0.035 0.0007186363732 1
0 0.095 0.045 0.000758979874 1
0 0.095 0.055 0.0007922808213 1
0 0.095 0.065 0.0008202445373 1
0 0.095 0.075 0.0008426047282 1
0 0.095 0.085 0.000862330084 1
0 0.095 0.095 0.0008825226231 1
0 0.095 0.105 0.0009031456977 1
0 0.095 0.115 0.0009279418416 1
0 0.095 0.125 0.0009445670813 1
0 0.095 0.135 0.000897816704 2
0 0.095 0.145 0.0008973570353 2
0 0.095 0.155 0.0008743273034 2
0 0.095 0.165 0.000834692147 2
0 0.095 0.175 0.0007614365207 2
0 0.095 0.185 0.0007134428705 2
0 0.095 0.195 0.000661554138 2
0 0.095 0.205 0.000588416132 2
0 0.095 0.215 0.0005152973271 2
0 0.095 0.225 0.0004446702997 2
0 0.095 0.235 0.0003627948747 2
0 0.095 0.245 0.0002741154249 2
0 0.095 0.255 0.0001807094762 2
0 0.095 0.265 8.319053343e-05 2
0 0.095 0.275 -1.531310148e-05 2
0 0.095 0.285 -0.0001111106834 2
0 0.095 0.295 -0.0001920310136 2
0 0.095 0.305 -0.0002228004783 1
0 0.095 0.315 -0.0002637919753 1
0 0.095 0.325 -0.0002958929635 1
0 0.095 0.335 -0.0003280051857 1
0 0.095 0.345 -0.0003607833907 1
0 0.095 0.355 -0.0003967189582 1
0 0.095 0.365 -0.0004358062799 1
0 0.095 0.375 -0.0004786263956 1
0 0.095 0.385 -0.000527218374 1
0 0.095 0.395 -0.0005836907373 1
0 0.095 0.405 -0.0006510358046 1
0 0.095 0.415 -0.0007362078712 2
0 0.095 0.425 -0.0008000101234 2
0 0.095 0.435 -0.000834028 2
0 0.095 0.445 -0.0008366273419 2
0 0.095 0.455 -0.0008075838272 2
0 0.095 0.465 -0.0007442422585 2
0 0.095 0.475 -0.000644520839 2
0 0.095 0.485 -0.0004964388484 2
0 0.095 0.495 -0.0003217625351 2
0 0.095 0.505 0 2
0 0.095 0.515 0 2
0 0.095 0.525 0 2
0 0.095 0.535 0 2
0 0.095 0.545 0 2
0 0.095 0.555 0 2
0 0.095 0.565 0 2
0 0.105 -0.555 0 1
0 0.105 -0.545 0 1
0 0.105 -0.535 0 1
0 0.105 -0.525 0 2
0 0.105 -0.515 0 2
0 0.105 -0.505 0 2
0 0.105 -0.495 -0.0002124113359 2
0 0.105 -0.485 -0.0003115394876 2
0 0.105 -0.475 -0.0003832274377 2
0 0.105 -0.465 -0.0004132654707 2
0 0.105 -0.455 -0.0004133925818 2
0 0.105 -0.445 -0.0003940352111 2
0 0.105 -0.435 -0.0003562251611 2
0 0.105 -0.425 -0.0003037593822 2
0 0.105 -0.415 -0.0002413390464 2
0 0.105 -0.405 -0.0001790976196 2
0 0.105 -0.395 -0.0001282688741 2
0 0.105 -0.385 -9.548937568e-05 1
0 0.105 -0.375 -7.247892661e-05 1
0 0.105 -0.365 -6.47840857e-05 1
0 0.105 -0.355 -6.069519259e-05 1
0 0.105 -0.345 -5.46970664e-05 1
0 0.105 -0.335 -5.231564575e-05 1
0 0.105 -0.325 -5.73369545e-05 1
0 0.105 -0.315 -5.957362873e-05 1
0 0.105 -0.305 -4.488334921e-05 2
0 0.105 -0.295 1.429122413e-05 2
0 0.105 -0.285 8.616641893e-05 2
0 0.105 -0.275 0.0001553115081 2
0 0.105 -0.265 0.0002256995181 2
0 0.105 -0.255 0.0002968781055 2
0 0.105 -0.245 0.000368310365 2
0 0.105 -0.235 0.0004392893524 2
0 0.105 -0.225 0.0005091002712 2
0 0.105 -0.215 0.0005771268644 2
0 0.105 -0.205 0.0006428592883 2
0 0.105 -0.195 0.0007058939744 2
0 0.105 -0.185 0.0007659169301 2
0 0.105 -0.175 0.0008226869408 2
0 0.105 -0.165 0.0008760191622 2
0 0.105 -0.155 0.0009257712029 2
0 0.105 -0.145 0.000971831655 2
0 0.105 -0.135 0.001014110985 2
0 0.105 -0.125 0.001052534465 2
0 0.105 -0.115 0.001087036843 2
0 0.105 -0.105 0.00111755849 2
0 0.105 -0.095 0.001144042765 2
0 0.105 -0.085 0.001166434361 2
0 0.105 -0.075 0.001184678247 2
0 0.105 -0.065 0.001198718715 2
0 0.105 -0.055 0.001208496953 2
0 0.105 -0.045 0.001213946297 2
0 0.105 -0.035 0.001214974333 2
0 0.105 -0.025 0.001211440576 2
0 0.105 -0.015 0.001203029278 2
0 0.105 -0.005 0.001189169043 2
0 0.105 0.005 0.001168214803 2
0 0.105 0.015 0.001135353672 2
0 0.105 0.025 0.001086765072 2
0 0.105 0.035 0.001026246813 2
0 0.105 0.045 0.001033161946 1
0 0.105 0.055 0.001060954255 1
0 0.105 0.065 0.001087350282 1
0 0.105 0.075 0.001108064448 1
0 0.105 0.085 0.001125781238 1
0 0.105 0.095 0.001141912717 1
0 0.105 0.105 0.001159903133 1
0 0.105 0.115 0.001183460725 1
0 0.105 0.125 0.001211976301 1
0 0.105 0.135 0.001213237265 2
0 0.105 0.145 0.001231386857 1
0 0.105 0.155 0.001217046126 1
0 0.105 0.165 0.001196764544 1
0 0.105 0.175 0.001144778605 2
0 0.105 0.185 0.001113079196 2
0 0.105 0.195 0.001068664344 2
0 0.105 0.205 0.0009796579311 2
0 0.105 0.215 0.0008747590118 2
0 0.105 0.225 0.0007672885588 2
0 0.105 0.235 0.0006577866906 2
0 0.105 0.245 0.0005500676588 2
0 0.105 0.255 0.0004411230731 2
0 0.105 0.265 0.0003314084118 2
0 0.105 0.275 0.0002207101206 2
0 0.105 0.285 0.0001073060365 2
0 0.105 0.295 3.292517847e-06 2
0 0.105 0.305 -5.419687222e-05 1
0 0.105 0.315 -9.954252377e-05 1
0 0.105 0.325 -0.0001330687385 1
0 0.105 0.335 -0.0001694013245 1
0 0.105 0.345 -0.0002077390194 1
0 0.105 0.355 -0.0002496861015 1
0 0.105 0.365 -0.0002958746512 1
0 0.105 0.375 -0.0003459891552 1
0 0.105 0.385 -0.0004030162865 1
0 0.105 0.395 -0.0004788693012 1
0 0.105 0.405 -0.0005614532021 2
0 0.105 0.415 -0.0006396250205 2
0 0.105 0.425 -0.0007037717881 2
0 0.105 0.435 -0.0007423966589 2
0 0.105 0.445 -0.0007529315087 2
0 0.105 0.455 -0.0007335414451 2
0 0.105 0.465 -0.0006811185354 2
0 0.105 0.475 -0.0005934901719 2
0 0.105 0.485 -0.0004593167654 2
0 0.105 0.495 -0.0002990825921 2
0 0.105 0.505 0 2
0 0.105 0.515 0 2
0 0.105 0.525 0 2
0 0.105 0.535 0 2
0 0.105 0.545 0 2
0 0.105 0.555 0 2
0 0.105 0.565 0 2
0 0.115 -0.555 0 1
0 0.115 -0.545 0 1
0 0.115 -0.535 0 1
0 0.115 -0.525 0 1
0 0.115 -0.515 0 1
0 0.115 -0.505 0 2
0 0.115 -0.495 -0.0001829061453 2
0 0.115 -0.485 -0.0002579505681 2
0 0.115 -0.475 -0.0003139128122 2
0 0.115 -0.465 -0.0003283701222 2
0 0.115 -0.455 -0.0003045497035 1
0 0.115 -0.445 -0.0002713467391 1
0 0.115 -0.435 -0.000223641239 1
0 0.115 -0.425 -0.0001604665936 1
0 0.115 -0.415 -8.871102391e-05 1
0 0.115 -0.405 -1.619631321e-05 1
0 0.115 -0.395 4.658706582e-05 1
0 0.115 -0.385 6.750106794e-05 2
0 0.115 -0.375 9.593761222e-05 1
0 0.115 -0.365 0.0001031490427 1
0 0.115 -0.355 0.0001072124094 1
0 0.115 -0.345 0.0001274796797 1
0 0.115 -0.335 0.0001381898247 1
0 0.115 -0.325 0.0001423188794 1
0 0.115 -0.315 0.000148975319 1
0 0.115 -0.305 0.0001958527149 2
0 0.115 -0.295 0.0002764078545 2
0 0.115 -0.285 0.0003653936578 2
0 0.115 -0.275 0.0004483556843 2
0 0.115 -0.265 0.0005316201038 2
0 0.115 -0.255 0.0006148915827 2
0 0.115 -0.245 0.0006977755619 2
0 0.115 -0.235 0.0007795409785 2
0 0.115 -0.225 0.0008594788213 2
0 0.115 -0.215 0.000936991493 2
0 0.115 -0.205 0.001011598239 2
0 0.115 -0.195 0.001082926947 2
0 0.115 -0.185 0.001150693794 2
0 0.115 -0.175 0.001214684551 2
0 0.115 -0.165 0.001274737747 2
0 0.115 -0.155 0.001330730957 2
0 0.115 -0.145 0.001382569812 2
0 0.115 -0.135 0.001430179378 2
0 0.115 -0.125 0.001473497463 2
0 0.115 -0.115 0.001512469461 2
0 0.115 -0.105 0.001547044346 2
0 0.115 -0.095 0.001577171463 2
0 0.115 -0.085 0.001602797634 2
0 0.115 -0.075 0.001623863845 2
0 0.115 -0.065 0.001640300429 2
0 0.115 -0.055 0.001652018148 2
0 0.115 -0.045 0.001658892186 2
0 0.115 -0.035 0.001660726505 2
0 0.115 -0.025 0.001657193039 2
0 0.115 -0.015 0.001647678096 2
0 0.115 -0.005 0.001630988482 2
0 0.115 0.005 0.001604949261 2
0 0.115 0.015 0.001563228968 2
0 0.115 0.025 0.001501439661 2
0 0.115 0.035 0.001420806872 2
0 0.115 0.045 0.001353948336 1
0 0.115 0.055 0.001363420668 1
0 0.115 0.065 0.001387590555 1
0 0.115 0.075 0.001404389671 1
0 0.115 0.085 0.001420305586 1
0 0.115 0.095 0.001431453216 1
0 0.115 0.105 0.001443801437 1
0 0.115 0.115 0.00146330684 1
0 0.115 0.125 0.001492395027 1
0 0.115 0.135 0.001533191988 1
0 0.115 0.145 0.001529811326 1
0 0.115 0.155 0.001525304872 1
0 0.115 0.165 0.001519197715 1
0 0.115 0.175 0.001519409611 1
0 0.115 0.185 0.001498122133 1
0 0.115 0.195 0.001465032111 1
0 0.115 0.205 0.001384527523 2
0 0.115 0.215 0.001272252647 2
0 0.115 0.225 0.001138088217 2
0 0.115 0.235 0.0009994170302 2
0 0.115 0.245 0.0008678264545 2
0 0.115 0.255 0.0007437020904 2
0 0.115 0.265 0.0006219348533 2
0 0.115 0.275 0.0004986100333 2
0 0.115 0.285 0.0003646310758 2
0 0.115 0.295 0.0002335922993 2
0 0.115 0.305 0.0001381601546 1
0 0.115 0.315 8.909684003e-05 1
0 0.115 0.325 5.417003414e-05 1
0 0.115 0.335 1.604051525e-05 1
0 0.115 0.345 -2.770966185e-05 1
0 0.115 0.355 -7.639057718e-05 1
0 0.115 0.365 -0.0001299315991 1
0 0.115 0.375 -0.0001874393637 1
0 0.115 0.385 -0.0002516231177 1
0 0.115 0.395 -0.0003453032554 2
0 0.115 0.405 -0.0004273845266 2
0 0.115 0.415 -0.0005113605976 2
0 0.115 0.425 -0.0005775235478 2
0 0.115 0.435 -0.0006228767682 2
0 0.115 0.445 -0.0006436030888 2
0 0.115 0.455 -0.0006367472432 2
0 0.115 0.465 -0.0005986731132 2
0 0.115 0.475 -0.0005270527647 2
0 0.115 0.485 -0.0004112184686 2
0 0.115 0.495 -0.0002699377062 2
0 0.115 0.505 0 2
0 0.115 0.515 0 2
0 0.115 0.525 0 2
0 0.115 0.535 0 2
0 0.115 0.545 0 2
0 0.115 0.555 0 2
0 0.115 0.565 0 2
0 0.125 -0.555 0 1
0 0.125 -0.545 0 1
0 0.125 -0.535 0 1
0 0.125 -0.525 0 1
0 0.125 -0.515 0 1
0 0.125 -0.505 0 1
0 0.125 -0.495 -0.0001574429992 2
0 0.125 -0.485 -0.0002130180176 2
0 0.125 -0.475 -0.0002491790463 2
0 0.125 -0.465 -0.0002353950865 1
0 0.125 -0.455 -0.0002155198126 1
0 0.125 -0.445 -0.000172569583 1
0 0.125 -0.435 -0.0001164288136 1
0 0.125 -0.425 -4.241084886e-05 1
0 0.125 -0.415 4.06218113e-05 1
0 0.125 -0.405 0.0001254721452 1
0 0.125 -0.395 0.0002017447598 1
0 0.125 -0.385 0.0002639574306 1
0 0.125 -0.375 0.0002898476587 1
0 0.125 -0.365 0.0003036170374 1
0 0.125 -0.355 0.0002986761273 1
0 0.125 -0.345 0.0003298533214 1
0 0.125 -0.335 0.0003503601005 1
0 0.125 -0.325 0.0003704203487 1
0 0.125 -0.315 0.0003932547547 1
0 0.125 -0.305 0.000481936323 2
0 0.125 -0.295 0.0005804660942 2
0 0.125 -0.285 0.0006837950024 2
0 0.125 -0.275 0.000780609411 2
0 0.125 -0.265 0.0008776263607 2
0 0.125 -0.255 0.0009740577403 2
0 0.125 -0.245 0.001069356887 2
0 0.125 -0.235 0.001162701661 2
0 0.125 -0.225 0.001253402421 2
0 0.125 -0.215 0.001340908432 2
0 0.125 -0.205 0.001424797842 2
0 0.125 -0.195 0.001504754366 2
0 0.125 -0.185 0.001580543063 2
0 0.125 -0.175 0.001651990431 2
0 0.125 -0.165 0.001718968239 2
0 0.125 -0.155 0.001781380973 2
0 0.125 -0.145 0.00183915604 2
0 0.125 -0.135 0.001892236163 2
0 0.125 -0.125 0.001940573404 2
0 0.125 -0.115 0.001984124359 2
0 0.125 -0.105 0.002022846099 2
0 0.125 -0.095 0.002056692375 2
0 0.125 -0.085 0.00208560945 2
0 0.125 -0.075 0.002109530544 2
0 0.125 -0.065 0.002128367336 2
0 0.125 -0.055 0.002141995423 2
0 0.125 -0.045 0.002150229207 2
0 0.125 -0.035 0.002152775587 2
0 0.125 -0.025 0.00214914968 2
0 0.125 -0.015 0.002138537272 2
0 0.125 -0.005 0.002119434099 2
0 0.125 0.005 0.002089568611 2
0 0.125 0.015 0.00204517832 2
0 0.125 0.025 0.00197960012 2
0 0.125 0.035 0.001889756903 2
0 0.125 0.045 0.0017762518 2
0 0.125 0.055 0.001716885399 1
0 0.125 0.065 0.001719602391 1
0 0.125 0.075 0.001723457349 1
0 0.125 0.085 0.001744081536 1
0 0.125 0.095 0.001753440269 1
0 0.125 0.105 0.001759820569 1
0 0.125 0.115 0.001772554491 1
0 0.125 0.125 0.001795762793 1
0 0.125 0.135 0.001827972973 1
0 0.125 0.145 0.00183319539 1
0 0.125 0.155 0.001837167924 1
0 0.125 0.165 0.001841122564 1
0 0.125 0.175 0.001847562831 1
0 0.125 0.185 0.001836690314 1
0 0.125 0.195 0.001815255961 1
0 0.125 0.205 0.00179161451 1
0 0.125 0.215 0.001692325736 2
0 0.125 0.225 0.001550233468 2
0 0.125 0.235 0.001383477968 2
0 0.125 0.245 0.001228324816 2
0 0.125 0.255 0.001086306493 2
0 0.125 0.265 0.0009541098442 2
0 0.125 0.275 0.0008192291409 2
0 0.125 0.285 0.0006695402251 2
0 0.125 0.295 0.0005145883511 2
0 0.125 0.305 0.0003696451439 1
0 0.125 0.315 0.0003039781398 1
0 0.125 0.325 0.0002660410644 1
0 0.125 0.335 0.0002261201119 1
0 0.125 0.345 0.0001788328015 1
0 0.125 0.355 0.000122582216 1
0 0.125 0.365 6.140376774e-05 1
0 0.125 0.375 -3.103606806e-06 1
0 0.125 0.385 -7.830521932e-05 1
0 0.125 0.395 -0.0001731304027 2
0 0.125 0.405 -0.0002641483354 2
0 0.125 0.415 -0.0003507462956 2
0 0.125 0.425 -0.0004225204454 2
0 0.125 0.435 -0.000477120635 2
0 0.125 0.445 -0.0005104731313 2
0 0.125 0.455 -0.0005189158536 2
0 0.125 0.465 -0.000498407213 2
0 0.125 0.475 -0.0004464238498 2
0 0.125 0.485 -0.000353022195 2
0 0.125 0.495 -0.0002348525096 2
0 0.125 0.505 0 2
0 0.125 0.515 0 2
0 0.125 0.525 0 2
0 0.125 0.535 0 2
0 0.125 0.545 0 2
0 0.125 0.555 0 2
0 0.125 0.565 0 2
0 0.135 -0.555 0 1
0 0.135 -0.545 0 1
0 0.135 -0.535 0 1
0 0.135 -0.525 0 1
0 0.135 -0.515 0 1
0 0.135 -0.505 0 1
0 0.135 -0.495 -0.0001244439479 1
0 0.135 -0.485 -0.0001792037084 2
0 0.135 -0.475 -0.0001924609478 2
0 0.135 -0.465 -0.0001599704374 1
0 0.135 -0.455 -0.0001305349136 1
0 0.135 -0.445 -7.869066204e-05 1
0 0.135 -0.435 -1.136410301e-05 1
0 0.135 -0.425 7.420348188e-05 1
0 0.135 -0.415 0.0001699089732 1
0 0.135 -0.405 0.0002695519384 1
0 0.135 -0.395 0.0003651829626 1
0 0.135 -0.385 0.0004528409069 1
0 0.135 -0.375 0.0005062311101 1
0 0.135 -0.365 0.0005390823721 1
0 0.135 -0.355 0.0005463528966 2
0 0.135 -0.345 0.0005763565892 1
0 0.135 -0.335 0.0006112874886 1
0 0.135 -0.325 0.0006485573404 1
0 0.135 -0.315 0.0007093983215 2
0 0.135 -0.305 0.0008125079117 2
0 0.135 -0.295 0.0009230994097 2
0 0.135 -0.285 0.00103902156 2
0 0.135 -0.275 0.001150283592 2
0 0.135 -0.265 0.001262208241 2
0 0.135 -0.255 0.001372909662 2
0 0.135 -0.245 0.001481511143 2
0 0.135 -0.235 0.001587119485 2
0 0.135 -0.225 0.001689110884 2
0 0.135 -0.215 0.001787022859 2
0 0.135 -0.205 0.001880524524 2
0 0.135 -0.195 0.001969378211 2
0 0.135 -0.185 0.002053413724 2
0 0.135 -0.175 0.002132509153 2
0 0.135 -0.165 0.00220657688 2
0 0.135 -0.155 0.002275553196 2
0 0.135 -0.145 0.002339390396 2
0 0.135 -0.135 0.002398050604 2
0 0.135 -0.125 0.002451500763 2
0 0.135 -0.115 0.002499708328 2
0 0.135 -0.105 0.002542637204 2
0 0.135 -0.095 0.002580243407 2
0 0.135 -0.085 0.002612469691 2
0 0.135 -0.075 0.00263923801 2
0 0.135 -0.065 0.002660438001 2
0 0.135 -0.055 0.002675908458 2
0 0.135 -0.045 0.002685406845 2
0 0.135 -0.035 0.00268855989 2
0 0.135 -0.025 0.002684776708 2
0 0.135 -0.015 0.002673136908 2
0 0.135 -0.005 0.00265213877 2
0 0.135 0.005 0.002619586551 2
0 0.135 0.015 0.002572467372 2
0 0.135 0.025 0.002503816722 2
0 0.135 0.035 0.00241016932 2
0 0.135 0.045 0.002292015364 2
0 0.135 0.055 0.002182869013 2
0 0.135 0.065 0.002116359558 1
0 0.135 0.075 0.002091629968 1
0 0.135 0.085 0.002100485196 1
0 0.135 0.095 0.002093715056 1
0 0.135 0.105 0.002087189199 1
0 0.135 0.115 0.002088613643 1
0 0.135 0.125 0.002105228501 1
0 0.135 0.135 0.002143697407 1
0 0.135 0.145 0.002168298945 1
0 0.135 0.155 0.00218125965 1
0 0.135 0.165 0.002183183478 1
0 0.135 0.175 0.002179307023 1
0 0.135 0.185 0.002169544897 1
0 0.135 0.195 0.002157191888 1
0 0.135 0.205 0.002144151889 1
0 0.135 0.215 0.002106943125 1
0 0.135 0.225 0.001977052362 2
0 0.135 0.235 0.001788513072 2
0 0.135 0.245 0.001621354432 2
0 0.135 0.255 0.001468422431 2
0 0.135 0.265 0.001328093519 2
0 0.135 0.275 0.001183682225 2
0 0.135 0.285 0.001021308374 2
0 0.135 0.295 0.0008473892015 2
0 0.135 0.305 0.0006720098905 2
0 0.135 0.315 0.0005596453898 1
0 0.135 0.325 0.0005139396419 1
0 0.135 0.335 0.0004649239943 1
0 0.135 0.345 0.0004096288657 1
0 0.135 0.355 0.0003448001475 1
0 0.135 0.365 0.0002765625977 1
0 0.135 0.375 0.0002084093926 1
0 0.135 0.385 0.0001181600677 1
0 0.135 0.395 2.924720125e-05 2
0 0.135 0.405 -6.952828111e-05 2
0 0.135 0.415 -0.0001592449549 2
0 0.135 0.425 -0.0002398942 2
0 0.135 0.435 -0.0003065813615 2
0 0.135 0.445 -0.0003552058333 2
0 0.135 0.455 -0.0003817115062 2
0 0.135 0.465 -0.000381831628 2
0 0.135 0.475 -0.0003528552681 2
0 0.135 0.485 -0.0002856485934 2
0 0.135 0.495 -0.0001943864144 2
0 0.135 0.505 0 2
0 0.135 0.515 0 2
0 0.135 0.525 0 2
0 0.135 0.535 0 2
0 0.135 0.545 0 1
0 0.135 0.555 0 1
0 0.135 0.565 0 1
0 0.145 -0.555 0 1
0 0.145 -0.545 0 1
0 0.145 -0.535 0 1
0 0.145 -0.525 0 1
0 0.145 -0.515 0 1
0 0.145 -0.505 0 1
0 0.145 -0.495 -0.000101043229 1
0 0.145 -0.485 -0.0001414298751 1
0 0.145 -0.475 -0.0001429993475 2
0 0.145 -0.465 -9.024913104e-05 1
0 0.145 -0.455 -4.442614325e-05 1
0 0.145 -0.445 1.998878141e-05 1
0 0.145 -0.435 0.0001048599708 1
0 0.145 -0.425 0.0002041028158 1
0 0.145 -0.415 0.0003154254539 1
0 0.145 -0.405 0.0004331243924 1
0 0.145 -0.395 0.0005489785889 1
0 0.145 -0.385 0.0006555669759 1
0 0.145 -0.375 0.0007403607183 1
0 0.145 -0.365 0.0008105023922 1
0 0.145 -0.355 0.0008701127796 2
0 0.145 -0.345 0.0009234019429 2
0 0.145 -0.335 0.0009802157567 2
0 0.145 -0.325 0.001030976159 2
0 0.145 -0.315 0.001109046751 2
0 0.145 -0.305 0.00119175441 2
0 0.145 -0.295 0.001304000885 2
0 0.145 -0.285 0.001429145371 2
0 0.145 -0.275 0.001556389338 2
0 0.145 -0.265 0.001684408352 2
0 0.145 -0.255 0.001810260114 2
0 0.145 -0.245 0.001932796654 2
0 0.145 -0.235 0.002051136299 2
0 0.145 -0.225 0.002164773891 2
0 0.145 -0.215 0.002273373113 2
0 0.145 -0.205 0.002376717253 2
0 0.145 -0.195 0.002474661894 2
0 0.145 -0.185 0.002567110682 2
0 0.145 -0.175 0.002653999034 2
0 0.145 -0.165 0.00273528354 2
0 0.145 -0.155 0.00281093448 2
0 0.145 -0.145 0.002880930201 2
0 0.145 -0.135 0.002945252605 2
0 0.145 -0.125 0.003003883219 2
0 0.145 -0.115 0.00305679944 2
0 0.145 -0.105 0.003103970528 2
0 0.145 -0.095 0.003145352826 2
0 0.145 -0.085 0.003180883424 2
0 0.145 -0.075 0.003210471148 2
0 0.145 -0.065 0.003233983108 2
0 0.145 -0.055 0.003251224255 2
0 0.145 -0.045 0.003261905698 2
0 0.145 -0.035 0.003265598009 2
0 0.145 -0.025 0.003261657471 2
0 0.145 -0.015 0.003249135983 2
0 0.145 -0.005 0.00322666779 2
0 0.145 0.005 0.003192259747 2
0 0.145 0.015 0.003143430128 2
0 0.145 0.025 0.003077277236 2
0 0.145 0.035 0.0029891748 2
0 0.145 0.045 0.002878546635 2
0 0.145 0.055 0.00275387052 2
0 0.145 0.065 0.002637838053 2
0 0.145 0.075 0.0025769807 2
0 0.145 0.085 0.002526117992 1
0 0.145 0.095 0.002499818229 1
0 0.145 0.105 0.002479786776 1
0 0.145 0.115 0.002465179334 1
0 0.145 0.125 0.00246363373 1
0 0.145 0.135 0.002497794756 1
0 0.145 0.145 0.002530242873 1
0 0.145 0.155 0.00254768428 1
0 0.145 0.165 0.002550214368 1
0 0.145 0.175 0.002543794246 1
0 0.145 0.185 0.002532527897 1
0 0.145 0.195 0.002517643789 1
0 0.145 0.205 0.002499697335 1
0 0.145 0.215 0.002469669528 1
0 0.145 0.225 0.002401984814 1
0 0.145 0.235 0.002208378921 2
0 0.145 0.245 0.002044597172 2
0 0.145 0.255 0.001889789614 2
0 0.145 0.265 0.001744306579 2
0 0.145 0.275 0.001592211069 2
0 0.145 0.285 0.001422644503 2
0 0.145 0.295 0.001236834976 2
0 0.145 0.305 0.001044852382 2
0 0.145 0.315 0.0008833339975 2
0 0.145 0.325 0.0007913408737 1
0 0.145 0.335 0.0007289365117 1
0 0.145 0.345 0.000663257733 1
0 0.145 0.355 0.0005916461555 1
0 0.145 0.365 0.0005147917644 1
0 0.145 0.375 0.0004342945354 1
0 0.145 0.385 0.0003404344976 2
0 0.145 0.395 0.0002594108364 2
0 0.145 0.405 0.000159725788 2
0 0.145 0.415 6.216770105e-05 2
0 0.145 0.425 -3.060916052e-05 2
0 0.145 0.435 -0.0001125806552 2
0 0.145 0.445 -0.0001793557553 2
0 0.145 0.455 -0.0002267388502 2
0 0.145 0.465 -0.0002504211897 2
0 0.145 0.475 -0.0002475859717 2
0 0.145 0.485 -0.0002100188862 2
0 0.145 0.495 -0.000149104265 2
0 0.145 0.505 0 2
0 0.145 0.515 0 2
0 0.145 0.525 0 2
0 0.145 0.535 0 1
0 0.145 0.545 0 1
0 0.145 0.555 0 1
0 0.145 0.565 0 1
0 0.155 -0.555 0 1
0 0.155 -0.545 0 1
0 0.155 -0.535 0 1
0 0.155 -0.525 0 1
0 0.155 -0.515 0 1
0 0.155 -0.505 0 1
0 0.155 -0.495 -7.616282861e-05 1
0 0.155 -0.485 -0.0001036437282 1
0 0.155 -0.475 -9.257442954e-05 2
0 0.155 -0.465 -2.777722411e-05 1
0 0.155 -0.455 4.155447643e-05 1
0 0.155 -0.445 0.0001224236657 1
0 0.155 -0.435 0.0002272262829 1
0 0.155 -0.425 0.0003424811174 1
0 0.155 -0.415 0.0004719870256 1
0 0.155 -0.405 0.0006107018739 1
0 0.155 -0.395 0.0007499776798 1
0 0.155 -0.385 0.0008815145648 1
0 0.155 -0.375 0.0009957328447 1
0 0.155 -0.365 0.001101196699 1
0 0.155 -0.355 0.001214697926 2
0 0.155 -0.345 0.001309043744 2
0 0.155 -0.335 0.001394792236 2
0 0.155 -0.325 0.001464296941 2
0 0.155 -0.315 0.001545469953 2
0 0.155 -0.305 0.00160328204 2
0 0.155 -0.295 0.001718897263 2
0 0.155 -0.285 0.001854325175 2
0 0.155 -0.275 0.001998873638 2
0 0.155 -0.265 0.002143590952 2
0 0.155 -0.255 0.00228499765 2
0 0.155 -0.245 0.002421722941 2
0 0.155 -0.235 0.002552985143 2
0 0.155 -0.225 0.002678425659 2
0 0.155 -0.215 0.002797851502 2
0 0.155 -0.205 0.002911166116 2
0 0.155 -0.195 0.003018320638 2
0 0.155 -0.185 0.003119292926 2
0 0.155 -0.175 0.003214075444 2
0 0.155 -0.165 0.003302668479 2
0 0.155 -0.155 0.003385075708 2
0 0.155 -0.145 0.003461300874 2
0 0.155 -0.135 0.003531344889 2
0 0.155 -0.125 0.003595202942 2
0 0.155 -0.115 0.003652861288 2
0 0.155 -0.105 0.003704293362 2
0 0.155 -0.095 0.003749454719 2
0 0.155 -0.085 0.00378827613 2
0 0.155 -0.075 0.003820653806 2
0 0.155 -0.065 0.003846435318 2
0 0.155 -0.055 0.003865399321 2
0 0.155 -0.045 0.003877226277 2
0 0.155 -0.035 0.003881458434 2
0 0.155 -0.025 0.003877445665 2
0 0.155 -0.015 0.003864279291 2
0 0.155 -0.005 0.003840737122 2
0 0.155 0.005 0.003805184682 2
0 0.155 0.015 0.003755663871 2
0 0.155 0.025 0.003690273591 2
0 0.155 0.035 0.003608099339 2
0 0.155 0.045 0.003506844952 2
0 0.155 0.055 0.003390845955 2
0 0.155 0.065 0.003266506946 2
0 0.155 0.075 0.003172294676 2
0 0.155 0.085 0.00307609485 2
0 0.155 0.095 0.003026268859 2
0 0.155 0.105 0.00299011511 2
0 0.155 0.115 0.00295852244 2
0 0.155 0.125 0.002929592528 2
0 0.155 0.135 0.002900638144 1
0 0.155 0.145 0.002921299023 1
0 0.155 0.155 0.002939331496 1
0 0.155 0.165 0.002938521977 1
0 0.155 0.175 0.002929200458 1
0 0.155 0.185 0.002917171478 1
0 0.155 0.195 0.002897766 1
0 0.155 0.205 0.00287226014 1
0 0.155 0.215 0.0028357525 1
0 0.155 0.225 0.00278246047 1
0 0.155 0.235 0.00264389819 2
0 0.155 0.245 0.002499836846 2
0 0.155 0.255 0.002350125306 2
0 0.155 0.265 0.002202268266 2
0 0.155 0.275 0.002043880167 2
0 0.155 0.285 0.001871986631 2
0 0.155 0.295 0.001682892883 2
0 0.155 0.305 0.001480266909 2
0 0.155 0.315 0.001283158843 2
0 0.155 0.325 0.001109743088 1
0 0.155 0.335 0.0010181852 1
0 0.155 0.345 0.0009298887402 1
0 0.155 0.355 0.0008464329695 1
0 0.155 0.365 0.000768362402 1
0 0.155 0.375 0.0006839117375 1
0 0.155 0.385 0.0006157294162 2
0 0.155 0.395 0.0005271005746 2
0 0.155 0.405 0.0004219370297 2
0 0.155 0.415 0.0003118724403 2
0 0.155 0.425 0.0002034716348 2
0 0.155 0.435 0.0001031092535 2
0 0.155 0.445 1.536741709e-05 2
0 0.155 0.455 -5.560325603e-05 2
0 0.155 0.465 -0.000105613041 2
0 0.155 0.475 -0.00013181503 2
0 0.155 0.485 -0.0001270239278 2
0 0.155 0.495 -9.95525005e-05 2
0 0.155 0.505 0 2
0 0.155 0.515 0 2
0 0.155 0.525 0 2
0 0.155 0.535 0 1
0 0.155 0.545 0 1
0 0.155 0.555 0 1
0 0.155 0.565 0 1
0 0.165 -0.555 0 1
0 0.165 -0.545 0 1
0 0.165 -0.535 0 1
0 0.165 -0.525 0 1
0 0.165 -0.515 0 1
0 0.165 -0.505 0 1
0 0.165 -0.495 -4.77459616e-05 1
0 0.165 -0.485 -5.576212482e-05 1
0 0.165 -0.475 -3.077244959e-05 2
0 0.165 -0.465 4.461539306e-05 2
0 0.165 -0.455 0.0001376553769 1
0 0.165 -0.445 0.0002335912154 1
0 0.165 -0.435 0.0003535595399 1
0 0.165 -0.425 0.0004829305388 1
0 0.165 -0.415 0.0006292655965 1
0 0.165 -0.405 0.0007932953065 1
0 0.165 -0.395 0.0009625864495 1
0 0.165 -0.385 0.001128073585 1
0 0.165 -0.375 0.001267405949 1
0 0.165 -0.365 0.00139898969 1
0 0.165 -0.355 0.00155752473 1
0 0.165 -0.345 0.001694583031 1
0 0.165 -0.335 0.001814878061 1
0 0.165 -0.325 0.001903798118 1
0 0.165 -0.315 0.001983387564 1
0 0.165 -0.305 0.002030451798 2
0 0.165 -0.295 0.002159408524 2
0 0.165 -0.285 0.002314116245 2
0 0.165 -0.275 0.002477032194 2
0 0.165 -0.265 0.002638674089 2
0 0.165 -0.255 0.002795642344 2
0 0.165 -0.245 0.002946496729 2
0 0.165 -0.235 0.003090643914 2
0 0.165 -0.225 0.003227881498 2
0 0.165 -0.215 0.003358158044 2
0 0.165 -0.205 0.003481488425 2
0 0.165 -0.195 0.003597911174 2
0 0.165 -0.185 0.003707471543 2
0 0.165 -0.175 0.00381021393 2
0 0.165 -0.165 0.003906178611 2
0 0.165 -0.155 0.003995400011 2
0 0.165 -0.145 0.004077905344 2
0 0.165 -0.135 0.004153713087 2
0 0.165 -0.125 0.004222830968 2
0 0.165 -0.115 0.004285253254 2
0 0.165 -0.105 0.00434095704 2
0 0.165 -0.095 0.004389897166 2
0 0.165 -0.085 0.004431999188 2
0 0.165 -0.075 0.004467149644 2
0 0.165 -0.065 0.004495182595 2
0 0.165 -0.055 0.0045158613 2
0 0.165 -0.045 0.004528853781 2
0 0.165 -0.035 0.004533701918 2
0 0.165 -0.025 0.004529786083 2
0 0.165 -0.015 0.004516286467 2
0 0.165 -0.005 0.004492163629 2
0 0.165 0.005 0.004456183653 2
0 0.165 0.015 0.004406989616 2
0 0.165 0.025 0.004343344656 2
0 0.165 0.035 0.00426479298 2
0 0.165 0.045 0.004172400494 2
0 0.165 0.055 0.004070945731 2
0 0.165 0.065 0.003961962529 2
0 0.165 0.075 0.003854996522 2
0 0.165 0.085 0.00374329878 2
0 0.165 0.095 0.003667857045 2
0 0.165 0.105 0.003611701923 2
0 0.165 0.115 0.003560315157 2
0 0.165 0.125 0.003500960199 2
0 0.165 0.135 0.003417426602 2
0 0.165 0.145 0.003359234234 1
0 0.165 0.155 0.003355036724 1
0 0.165 0.165 0.003334957501 1
0 0.165 0.175 0.003320009277 1
0 0.165 0.185 0.003320734329 1
0 0.165 0.195 0.003303115911 1
0 0.165 0.205 0.003267214151 1
0 0.165 0.215 0.003210259343 1
0 0.165 0.225 0.003161430458 1
0 0.165 0.235 0.003090898862 2
0 0.165 0.245 0.002983555874 2
0 0.165 0.255 0.002848561731 2
0 0.165 0.265 0.002699606527 2
0 0.165 0.275 0.002535948079 2
0 0.165 0.285 0.002357743094 2
0 0.165 0.295 0.002166351749 2
0 0.165 0.305 0.001955903422 2
0 0.165 0.315 0.001738595636 2
0 0.165 0.325 0.001521202638 2
0 0.165 0.335 0.001362780058 1
0 0.165 0.345 0.001247852736 1
0 0.165 0.355 0.001149437864 1
0 0.165 0.365 0.00106918165 1
0 0.165 0.375 0.00100339617 2
0 0.165 0.385 0.0009377430754 2
0 0.165 0.395 0.0008341598315 2
0 0.165 0.405 0.0007143553761 2
0 0.165 0.415 0.0005870582121 2
0 0.165 0.425 0.0004599166272 2
0 0.165 0.435 0.0003384298427 2
0 0.165 0.445 0.0002271623304 2
0 0.165 0.455 0.0001300980297 2
0 0.165 0.465 5.12072498e-05 2
0 0.165 0.475 -6.680824e-06 2
0 0.165 0.485 -3.750250146e-05 2
0 0.165 0.495 -4.624263396e-05 2
0 0.165 0.505 0 2
0 0.165 0.515 0 2
0 0.165 0.525 0 2
0 0.165 0.535 0 1
0 0.165 0.545 0 1
0 0.165 0.555 0 1
0 0.165 0.565 0 1
0 0.175 -0.555 0 1
0 0.175 -0.545 0 1
0 0.175 -0.535 0 1
0 0.175 -0.525 0 1
0 0.175 -0.515 0 1
0 0.175 -0.505 0 1
0 0.175 -0.495 -1.403704297e-05 1
0 0.175 -0.485 5.252369159e-06 1
0 0.175 -0.475 5.488496031e-05 2
0 0.175 -0.465 0.0001528258047 2
0 0.175 -0.455 0.0002699025986 2
0 0.175 -0.445 0.0003864285655 2
0 0.175 -0.435 0.0005096133993 1
0 0.175 -0.425 0.0006547374505 1
0 0.175 -0.415 0.0008174028777 1
0 0.175 -0.405 0.001005983629 1
0 0.175 -0.395 0.00120347795 1
0 0.175 -0.385 0.001403355381 1
0 0.175 -0.375 0.001560038396 1
0 0.175 -0.365 0.001709117647 1
0 0.175 -0.355 0.001870558939 1
0 0.175 -0.345 0.002020707589 1
0 0.175 -0.335 0.002156218806 1
0 0.175 -0.325 0.002263944339 1
0 0.175 -0.315 0.002362923742 1
0 0.175 -0.305 0.002462067522 2
0 0.175 -0.295 0.002622983789 2
0 0.175 -0.285 0.002805176991 2
0 0.175 -0.275 0.002988384206 2
0 0.175 -0.265 0.003167519908 2
0 0.175 -0.255 0.003340001476 2
0 0.175 -0.245 0.003504830762 2
0 0.175 -0.235 0.003661730289 2
0 0.175 -0.225 0.003810681903 2
0 0.175 -0.215 0.003951772886 2
0 0.175 -0.205 0.004085117609 2
0 0.175 -0.195 0.004210830227 2
0 0.175 -0.185 0.004329013779 2
0 0.175 -0.175 0.004439757484 2
0 0.175 -0.165 0.004543136563 2
0 0.175 -0.155 0.004639212719 2
0 0.175 -0.145 0.00472803431 2
0 0.175 -0.135 0.004809635864 2
0 0.175 -0.125 0.004884036776 2
0 0.175 -0.115 0.004951239027 2
0 0.175 -0.105 0.005011223755 2
0 0.175 -0.095 0.005063946396 2
0 0.175 -0.085 0.005109330018 2
0 0.175 -0.075 0.005147256349 2
0 0.175 -0.065 0.005177553958 2
0 0.175 -0.055 0.005199983147 2
0 0.175 -0.045 0.005214217536 2
0 0.175 -0.035 0.005219823177 2
0 0.175 -0.025 0.005216238857 2
0 0.175 -0.015 0.005202762875 2
0 0.175 -0.005 0.005178560928 2
0 0.175 0.005 0.005142717402 2
0 0.175 0.015 0.00509438042 2
0 0.175 0.025 0.00503292117 2
0 0.175 0.035 0.00495841634 2
0 0.175 0.045 0.004871921347 2
0 0.175 0.055 0.004776646696 2
0 0.175 0.065 0.004676251739 2
0 0.175 0.075 0.004577939494 2
0 0.175 0.085 0.004483654235 2
0 0.175 0.095 0.004404067536 2
0 0.175 0.105 0.004333707109 2
0 0.175 0.115 0.004259112759 2
0 0.175 0.125 0.004167199867 2
0 0.175 0.135 0.00404749832 2
0 0.175 0.145 0.003926245546 2
0 0.175 0.155 0.00383931595 1
0 0.175 0.165 0.003790986895 1
0 0.175 0.175 0.003754710106 1
0 0.175 0.185 0.003747713091 1
0 0.175 0.195 0.003719057823 1
0 0.175 0.205 0.003681335654 1
0 0.175 0.215 0.003623384415 1
0 0.175 0.225 0.003593876044 1
0 0.175 0.235 0.003588872696 2
0 0.175 0.245 0.003506423967 2
0 0.175 0.255 0.003381883759 2
0 0.175 0.265 0.003231922484 2
0 0.175 0.275 0.003063470015 2
0 0.175 0.285 0.002879118646 2
0 0.175 0.295 0.002680823817 2
0 0.175 0.305 0.002463910485 2
0 0.175 0.315 0.002234116185 2
0 0.175 0.325 0.002003664531 2
0 0.175 0.335 0.001803146247 2
0 0.175 0.345 0.001661156613 2
0 0.175 0.355 0.001546825077 2
0 0.175 0.365 0.001454212696 2
0 0.175 0.375 0.001383064521 2
0 0.175 0.385 0.00129126682 2
0 0.175 0.395 0.001170075073 2
0 0.175 0.405 0.001031893738 2
0 0.175 0.415 0.0008847943716 2
0 0.175 0.425 0.0007362634493 2
0 0.175 0.435 0.0005913091576 2
0 0.175 0.445 0.0004542495312 2
0 0.175 0.455 0.000328827598 2
0 0.175 0.465 0.0002187340858 2
0 0.175 0.475 0.0001267592738 2
0 0.175 0.485 5.777455778e-05 2
0 0.175 0.495 1.035965106e-05 2
0 0.175 0.505 0 2
0 0.175 0.515 0 2
0 0.175 0.525 0 2
0 0.175 0.535 0 2
0 0.175 0.545 0 1
0 0.175 0.555 0 1
0 0.175 0.565 0 1
0 0.185 -0.555 0 2
0 0.185 -0.545 0 2
0 0.185 -0.535 0 1
0 0.185 -0.525 0 1
0 0.185 -0.515 0 1
0 0.185 -0.505 0 1
0 0.185 -0.495 3.043321887e-05 2
0 0.185 -0.485 8.495048099e-05 2
0 0.185 -0.475 0.0001704224002 2
0 0.185 -0.465 0.0002972856164 2
0 0.185 -0.455 0.0004429829738 2
0 0.185 -0.445 0.0005868846397 2
0 0.185 -0.435 0.0007288623136 2
0 0.185 -0.425 0.0008906924131 2
0 0.185 -0.415 0.001076891197 2
0 0.185 -0.405 0.001288315429 2
0 0.185 -0.395 0.001507627062 2
0 0.185 -0.385 0.001710154623 1
0 0.185 -0.375 0.001872797753 1
0 0.185 -0.365 0.002028179752 1
0 0.185 -0.355 0.002186866184 1
0 0.185 -0.345 0.002340126188 1
0 0.185 -0.335 0.00248368473 1
0 0.185 -0.325 0.002610088134 1
0 0.185 -0.315 0.00273565205 1
0 0.185 -0.305 0.002897603074 2
0 0.185 -0.295 0.003104985037 2
0 0.185 -0.285 0.003323650286 2
0 0.185 -0.275 0.003529602202 2
0 0.185 -0.265 0.003727120974 2
0 0.185 -0.255 0.003915220274 2
0 0.185 -0.245 0.004093953763 2
0 0.185 -0.235 0.004263505703 2
0 0.185 -0.225 0.004424098538 2
0 0.185 -0.215 0.004575965202 2
0 0.185 -0.205 0.004719314148 2
0 0.185 -0.195 0.004854326564 2
0 0.185 -0.185 0.004981155522 2
0 0.185 -0.175 0.005099928997 2
0 0.185 -0.165 0.005210752799 2
0 0.185 -0.155 0.005313712956 2
0 0.185 -0.145 0.005408877105 2
0 0.185 -0.135 0.005496294836 2
0 0.185 -0.125 0.005575996943 2
0 0.185 -0.115 0.005647993583 2
0 0.185 -0.105 0.005712271231 2
0 0.185 -0.095 0.005768788318 2
0 0.185 -0.085 0.005817469332 2
0 0.185 -0.075 0.005858197179 2
0 0.185 -0.065 0.005890803683 2
0 0.185 -0.055 0.005915058346 2
0 0.185 -0.045 0.005930656156 2
0 0.185 -0.035 0.005937206169 2
0 0.185 -0.025 0.005934224846 2
0 0.185 -0.015 0.005921140898 2
0 0.185 -0.005 0.005897322735 2
0 0.185 0.005 0.005862139712 2
0 0.185 0.015 0.005815090081 2
0 0.185 0.025 0.005755986176 2
0 0.185 0.035 0.005685273951 2
0 0.185 0.045 0.005604116817 2
0 0.185 0.055 0.005514849639 2
0 0.185 0.065 0.00542035917 2
0 0.185 0.075 0.005325098615 2
0 0.185 0.085 0.005231947622 2
0 0.185 0.095 0.005145272326 2
0 0.185 0.105 0.00506216536 2
0 0.185 0.115 0.004976073419 2
0 0.185 0.125 0.004874178999 2
0 0.185 0.135 0.004747944637 2
0 0.185 0.145 0.004601378378 2
0 0.185 0.155 0.004460231896 2
0 0.185 0.165 0.004377154656 2
0 0.185 0.175 0.004313735236 2
0 0.185 0.185 0.004241044994 1
0 0.185 0.195 0.004196722852 1
0 0.185 0.205 0.004158176312 1
0 0.185 0.215 0.004149015799 2
0 0.185 0.225 0.004131671031 2
0 0.185 0.235 0.00413867889 2
0 0.185 0.245 0.004066280451 2
0 0.185 0.255 0.003946118578 2
0 0.185 0.265 0.003794580677 2
0 0.185 0.275 0.003621651088 2
0 0.185 0.285 0.003431526712 2
0 0.185 0.295 0.003226749332 2
0 0.185 0.305 0.003009573254 2
0 0.185 0.315 0.002779595723 2
0 0.185 0.325 0.00254830375 2
0 0.185 0.335 0.002331520708 2
0 0.185 0.345 0.002160801915 2
0 0.185 0.355 0.00202443412 2
0 0.185 0.365 0.00190953482 2
0 0.185 0.375 0.001805669237 2
0 0.185 0.385 0.001679733433 2
0 0.185 0.395 0.001533198716 2
0 0.185 0.405 0.001371937317 2
0 0.185 0.415 0.001202548225 2
0 0.185 0.425 0.001030383013 2
0 0.185 0.435 0.0008598877309 2
0 0.185 0.445 0.0006950030662 2
0 0.185 0.455 0.0005391748099 2
0 0.185 0.465 0.0003957739563 2
0 0.185 0.475 0.00026754537 2
0 0.185 0.485 0.0001581140207 2
0 0.185 0.495 6.984005577e-05 2
0 0.185 0.505 0 2
0 0.185 0.515 0 2
0 0.185 0.525 0 2
0 0.185 0.535 0 2
0 0.185 0.545 0 1
0 0.185 0.555 0 1
0 0.185 0.565 0 1
0 0.195 -0.555 0 2
0 0.195 -0.545 0 2
0 0.195 -0.535 0 2
0 0.195 -0.525 0 2
0 0.195 -0.515 0 2
0 0.195 -0.505 0 2
0 0.195 -0.495 8.845715166e-05 2
0 0.195 -0.485 0.0001860586113 2
0 0.195 -0.475 0.000315091779 2
0 0.195 -0.465 0.0004712303004 2
0 0.195 -0.455 0.0006451837563 2
0 0.195 -0.445 0.0008204175696 2
0 0.195 -0.435 0.0009933872803 2
0 0.195 -0.425 0.001176488313 2
0 0.195 -0.415 0.001388379279 2
0 0.195 -0.405 0.00162148389 2
0 0.195 -0.395 0.00186685981 2
0 0.195 -0.385 0.002045249565 1
0 0.195 -0.375 0.002205746423 1
0 0.195 -0.365 0.002363854913 1
0 0.195 -0.355 0.002528283301 1
0 0.195 -0.345 0.002689969882 1
0 0.195 -0.335 0.002840749816 1
0 0.195 -0.325 0.002981853106 1
0 0.195 -0.315 0.003128354111 1
0 0.195 -0.305 0.003357323404 2
0 0.195 -0.295 0.003613278418 2
0 0.195 -0.285 0.003867790556 2
0 0.195 -0.275 0.004097843358 2
0 0.195 -0.265 0.004314251845 2
0 0.195 -0.255 0.004518120799 2
0 0.195 -0.245 0.00471079357 2
0 0.195 -0.235 0.00489298405 2
0 0.195 -0.225 0.005065203119 2
0 0.195 -0.215 0.005227840126 2
0 0.195 -0.205 0.005381199683 2
0 0.195 -0.195 0.005525527274 2
0 0.195 -0.185 0.005661022541 2
0 0.195 -0.175 0.005787849099 2
0 0.195 -0.165 0.005906141004 2
0 0.195 -0.155 0.006016007082 2
0 0.195 -0.145 0.006117533475 2
0 0.195 -0.135 0.006210784724 2
0 0.195 -0.125 0.006295803571 2
0 0.195 -0.115 0.006372609594 2
0 0.195 -0.105 0.006441196696 2
0 0.195 -0.095 0.006501529456 2
0 0.195 -0.085 0.006553538317 2
0 0.195 -0.075 0.006597113633 2
0 0.195 -0.065 0.006632098797 2
0 0.195 -0.055 0.006658282973 2
0 0.195 -0.045 0.006675394623 2
0 0.195 -0.035 0.006683097974 2
0 0.195 -0.025 0.006680996211 2
0 0.195 -0.015 0.006668646861 2
0 0.195 -0.005 0.006645598546 2
0 0.195 0.005 0.006611454994 2
0 0.195 0.015 0.006565983045 2
0 0.195 0.025 0.006509246944 2
0 0.195 0.035 0.006441804292 2
0 0.195 0.045 0.006364813897 2
0 0.195 0.055 0.006280214497 2
0 0.195 0.065 0.006190408726 2
0 0.195 0.075 0.006098314057 2
0 0.195 0.085 0.006006012896 2
0 0.195 0.095 0.005914917181 2
0 0.195 0.105 0.005822840986 2
0 0.195 0.115 0.005725273346 2
0 0.195 0.125 0.005616880079 2
0 0.195 0.135 0.005489237096 2
0 0.195 0.145 0.005345057252 2
0 0.195 0.155 0.005192873449 2
0 0.195 0.165 0.005077500218 2
0 0.195 0.175 0.004978778542 2
0 0.195 0.185 0.004866570933 2
0 0.195 0.195 0.004805268571 2
0 0.195 0.205 0.004767973158 2
0 0.195 0.215 0.004775137423 2
0 0.195 0.225 0.004757144868 2
0 0.195 0.235 0.00473636919 2
0 0.195 0.245 0.004659673757 2
0 0.195 0.255 0.004538650725 2
0 0.195 0.265 0.004384518226 2
0 0.195 0.275 0.004207424684 2
0 0.195 0.285 0.004012246719 2
0 0.195 0.295 0.003802262136 2
0 0.195 0.305 0.003580848656 2
0 0.195 0.315 0.003353107977 2
0 0.195 0.325 0.003128202698 2
0 0.195 0.335 0.00291655941 2
0 0.195 0.345 0.002728569196 2
0 0.195 0.355 0.002560775759 2
0 0.195 0.365 0.002405565973 2
0 0.195 0.375 0.002253849418 2
0 0.195 0.385 0.00209254788 2
0 0.195 0.395 0.001918246098 2
0 0.195 0.405 0.001732284655 2
0 0.195 0.415 0.001538352506 2
0 0.195 0.425 0.001340523795 2
0 0.195 0.435 0.001142580109 2
0 0.195 0.445 0.0009479929217 2
0 0.195 0.455 0.0007598797947 2
0 0.195 0.465 0.0005812562795 2
0 0.195 0.475 0.0004148188634 2
0 0.195 0.485 0.0002629009597 2
0 0.195 0.495 0.0001318353595 2
0 0.195 0.505 0 2
0 0.195 0.515 0 2
0 0.195 0.525 0 2
0 0.195 0.535 0 2
0 0.195 0.545 0 2
0 0.195 0.555 0 1
0 0.195 0.565 0 1
0 0.205 -0.555 0 2
0 0.205 -0.545 0 2
0 0.205 -0.535 0 2
0 0.205 -0.525 0 2
0 0.205 -0.515 0 2
0 0.205 -0.505 0 2
0 0.205 -0.495 0.0001591196321 2
0 0.205 -0.485 0.0003046946662 2
0 0.205 -0.475 0.0004764663162 2
0 0.205 -0.465 0.0006626859269 2
0 0.205 -0.455 0.00086277843 2
0 0.205 -0.445 0.001068811005 2
0 0.205 -0.435 0.001278354087 2
0 0.205 -0.425 0.00149489254 2
0 0.205 -0.415 0.001736116565 2
0 0.205 -0.405 0.001984943104 2
0 0.205 -0.395 0.002250181648 1
0 0.205 -0.385 0.002402206839 1
0 0.205 -0.375 0.002555909287 1
0 0.205 -0.365 0.002713967482 1
0 0.205 -0.355 0.002884745237 1
0 0.205 -0.345 0.003055251656 1
0 0.205 -0.335 0.003218390143 1
0 0.205 -0.325 0.003379541488 1
0 0.205 -0.315 0.003546569684 1
0 0.205 -0.305 0.003851721578 2
0 0.205 -0.295 0.004151835682 2
0 0.205 -0.285 0.004437619625 2
0 0.205 -0.275 0.004690795573 2
0 0.205 -0.265 0.004925875231 2
0 0.205 -0.255 0.00514553561 2
0 0.205 -0.245 0.005352209486 2
0 0.205 -0.235 0.005547086676 2
0 0.205 -0.225 0.00573097039 2
0 0.205 -0.215 0.005904408651 2
0 0.205 -0.205 0.006067806004 2
0 0.205 -0.195 0.006221473474 2
0 0.205 -0.185 0.006365657629 2
0 0.205 -0.175 0.006500557604 2
0 0.205 -0.165 0.006626335596 2
0 0.205 -0.155 0.006743123343 2
0 0.205 -0.145 0.006851025939 2
0 0.205 -0.135 0.006950123728 2
0 0.205 -0.125 0.007040472735 2
0 0.205 -0.115 0.007122103869 2
0 0.205 -0.105 0.007195021092 2
0 0.205 -0.095 0.007259198655 2
0 0.205 -0.085 0.007314577557 2
0 0.205 -0.075 0.007361061431 2
0 0.205 -0.065 0.007398512291 2
0 0.205 -0.055 0.007426746906 2
0 0.205 -0.045 0.007445535117 2
0 0.205 -0.035 0.007454602218 2
0 0.205 -0.025 0.007453638608 2
0 0.205 -0.015 0.007442320784 2
0 0.205 -0.005 0.007420349404 2
0 0.205 0.005 0.007387508163 2
0 0.205 0.015 0.007343749577 2
0 0.205 0.025 0.007289292582 2
0 0.205 0.035 0.007224736302 2
0 0.205 0.045 0.007151118378 2
0 0.205 0.055 0.00706996066 2
0 0.205 0.065 0.006983077387 2
0 0.205 0.075 0.006892400009 2
0 0.205 0.085 0.006799273945 2
0 0.205 0.095 0.006704204074 2
0 0.205 0.105 0.006605750455 2
0 0.205 0.115 0.006500961298 2
0 0.205 0.125 0.006386625757 2
0 0.205 0.135 0.006261026821 2
0 0.205 0.145 0.006128016644 2
0 0.205 0.155 0.005994896533 2
0 0.205 0.165 0.005868086388 2
0 0.205 0.175 0.005742783907 2
0 0.205 0.185 0.005612069353 2
0 0.205 0.195 0.005531338023 2
0 0.205 0.205 0.005488041223 2
0 0.205 0.215 0.005478936476 2
0 0.205 0.225 0.005443581426 2
0 0.205 0.235 0.005384683612 2
0 0.205 0.245 0.005288305509 2
0 0.205 0.255 0.005158868034 2
0 0.205 0.265 0.00500030619 2
0 0.205 0.275 0.004818641915 2
0 0.205 0.285 0.004618612627 2
0 0.205 0.295 0.004404068955 2
0 0.205 0.305 0.00417892193 2
0 0.205 0.315 0.003948062107 2
0 0.205 0.325 0.003718379327 2
0 0.205 0.335 0.003496948645 2
0 0.205 0.345 0.003289420371 2
0 0.205 0.355 0.003094581719 2
0 0.205 0.365 0.002907353479 2
0 0.205 0.375 0.002720921732 2
0 0.205 0.385 0.002527639208 2
0 0.205 0.395 0.002324437233 2
0 0.205 0.405 0.002111397044 2
0 0.205 0.415 0.00189069899 2
0 0.205 0.425 0.001665228001 2
0 0.205 0.435 0.001438002944 2
0 0.205 0.445 0.001211949985 2
0 0.205 0.455 0.0009898134728 2
0 0.205 0.465 0.0007742194497 2
0 0.205 0.475 0.0005678111939 2
0 0.205 0.485 0.000371589838 2
0 0.205 0.495 0.0001960273884 2
0 0.205 0.505 0 2
0 0.205 0.515 0 2
0 0.205 0.525 0 2
0 0.205 0.535 0 2
0 0.205 0.545 0 2
0 0.205 0.555 0 2
0 0.205 0.565 0 1
0 0.215 -0.555 0 2
0 0.215 -0.545 0 2
0 0.215 -0.535 0 2
0 0.215 -0.525 0 2
0 0.215 -0.515 0 2
0 0.215 -0.505 0 2
0 0.215 -0.495 0.0002321478884 2
0 0.215 -0.485 0.0004244765008 2
0 0.215 -0.475 0.0006378222487 2
0 0.215 -0.465 0.0008613764743 2
0 0.215 -0.455 0.001093831441 2
0 0.215 -0.445 0.001330386111 2
0 0.215 -0.435 0.001569388587 2
0 0.215 -0.425 0.001811944725 2
0 0.215 -0.415 0.00207269226 2
0 0.215 -0.405 0.002332081962 2
0 0.215 -0.395 0.002580629576 1
0 0.215 -0.385 0.002746769765 1
0 0.215 -0.375 0.002908173872 1
0 0.215 -0.365 0.003076729145 1
0 0.215 -0.355 0.003256967841 1
0 0.215 -0.345 0.003434609164 1
0 0.215 -0.335 0.003613685485 1
0 0.215 -0.325 0.003797914228 1
0 0.215 -0.315 0.004039302175 2
0 0.215 -0.305 0.004386261338 2
0 0.215 -0.295 0.004722394552 2
0 0.215 -0.285 0.005032911544 2
0 0.215 -0.275 0.005306465646 2
0 0.215 -0.265 0.005559295328 2
0 0.215 -0.255 0.005794525033 2
0 0.215 -0.245 0.006015180834 2
0 0.215 -0.235 0.006222783155 2
0 0.215 -0.225 0.006418378463 2
0 0.215 -0.215 0.006602658617 2
0 0.215 -0.205 0.006776125895 2
0 0.215 -0.195 0.006939157662 2
0 0.215 -0.185 0.00709204891 2
0 0.215 -0.175 0.007235035702 2
0 0.215 -0.165 0.007368309665 2
0 0.215 -0.155 0.007492026709 2
0 0.215 -0.145 0.007606312239 2
0 0.215 -0.135 0.00771126398 2
0 0.215 -0.125 0.007806953126 2
0 0.215 -0.115 0.007893424237 2
0 0.215 -0.105 0.007970694188 2
0 0.215 -0.095 0.008038750406 2
0 0.215 -0.085 0.008097548654 2
0 0.215 -0.075 0.008147010724 2
0 0.215 -0.065 0.008187022574 2
0 0.215 -0.055 0.008217433746 2
0 0.215 -0.045 0.008238059344 2
0 0.215 -0.035 0.008248686373 2
0 0.215 -0.025 0.008249086896 2
0 0.215 -0.015 0.008239040782 2
0 0.215 -0.005 0.0082183712 2
0 0.215 0.005 0.008186993861 2
0 0.215 0.015 0.008144980633 2
0 0.215 0.025 0.008092627466 2
0 0.215 0.035 0.008030520077 2
0 0.215 0.045 0.007959558154 2
0 0.215 0.055 0.007880937044 2
0 0.215 0.065 0.007796000648 2
0 0.215 0.075 0.007706044388 2
0 0.215 0.085 0.007611919974 2
0 0.215 0.095 0.007513788506 2
0 0.215 0.105 0.007410806784 2
0 0.215 0.115 0.007301339247 2
0 0.215 0.125 0.00718386947 2
0 0.215 0.135 0.007058067881 2
0 0.215 0.145 0.006926555757 2
0 0.215 0.155 0.006793822477 2
0 0.215 0.165 0.006665468111 2
0 0.215 0.175 0.006543754785 2
0 0.215 0.185 0.006430468047 2
0 0.215 0.195 0.006340150267 2
0 0.215 0.205 0.006268910492 2
0 0.215 0.215 0.006210773029 2
0 0.215 0.225 0.0061432754 2
0 0.215 0.235 0.006058467435 2
0 0.215 0.245 0.00594643812 2
0 0.215 0.255 0.005806658393 2
0 0.215 0.265 0.005641012203 2
0 0.215 0.275 0.005453428058 2
0 0.215 0.285 0.005247785627 2
0 0.215 0.295 0.005027875397 2
0 0.215 0.305 0.004797623961 2
0 0.215 0.315 0.004561444917 2
0 0.215 0.325 0.004324339127 2
0 0.215 0.335 0.004090874856 2
0 0.215 0.345 0.003864029222 2
0 0.215 0.355 0.003643291704 2
0 0.215 0.365 0.00342560698 2
0 0.215 0.375 0.003206618996 2
0 0.215 0.385 0.002981836835 2
0 0.215 0.395 0.002748829717 2
0 0.215 0.405 0.002507152529 2
0 0.215 0.415 0.002257911549 2
0 0.215 0.425 0.002003040813 2
0 0.215 0.435 0.001744835993 2
0 0.215 0.445 0.001485683943 2
0 0.215 0.455 0.001227927305 2
0 0.215 0.465 0.0009737776187 2
0 0.215 0.475 0.0007258204497 2
0 0.215 0.485 0.000483687963 2
0 0.215 0.495 0.0002621325731 2
0 0.215 0.505 0 2
0 0.215 0.515 0 2
0 0.215 0.525 0 2
0 0.215 0.535 0 2
0 0.215 0.545 0 2
0 0.215 0.555 0 2
0 0.215 0.565 0 1
0 0.225 -0.555 0 2
0 0.225 -0.545 0 2
0 0.225 -0.535 0 2
0 0.225 -0.525 0 2
0 0.225 -0.515 0 2
0 0.225 -0.505 0 2
0 0.225 -0.495 0.000300948214 2
0 0.225 -0.485 0.0005426330985 2
0 0.225 -0.475 0.0008031211622 2
0 0.225 -0.465 0.001066856009 2
0 0.225 -0.455 0.001334980888 2
0 0.225 -0.445 0.001604320653 2
0 0.225 -0.435 0.001873286986 2
0 0.225 -0.425 0.002141340428 2
0 0.225 -0.415 0.002417524572 2
0 0.225 -0.405 0.002681597779 2
0 0.225 -0.395 0.002913428764 1
0 0.225 -0.385 0.00309173946 1
0 0.225 -0.375 0.003267314706 1
0 0.225 -0.365 0.003449605784 1
0 0.225 -0.355 0.003635398487 1
0 0.225 -0.345 0.00381724703 1
0 0.225 -0.335 0.004025178681 1
0 0.225 -0.325 0.004249998119 1
0 0.225 -0.315 0.004598413516 2
0 0.225 -0.305 0.004969321407 2
0 0.225 -0.295 0.005326419998 2
0 0.225 -0.285 0.005651844847 2
0 0.225 -0.275 0.005942987098 2
0 0.225 -0.265 0.006212202061 2
0 0.225 -0.255 0.006462465479 2
0 0.225 -0.245 0.006696904288 2
0 0.225 -0.235 0.006917176331 2
0 0.225 -0.225 0.00712447704 2
0 0.225 -0.215 0.007319607316 2
0 0.225 -0.205 0.007503153428 2
0 0.225 -0.195 0.007675554855 2
0 0.225 -0.185 0.007837154398 2
0 0.225 -0.175 0.007988225803 2
0 0.225 -0.165 0.008128991396 2
0 0.225 -0.155 0.008259632749 2
0 0.225 -0.145 0.008380297229 2
0 0.225 -0.135 0.008491101779 2
0 0.225 -0.125 0.008592134844 2
0 0.225 -0.115 0.008683457027 2
0 0.225 -0.105 0.008765100869 2
0 0.225 -0.095 0.00883707011 2
0 0.225 -0.085 0.008899338761 2
0 0.225 -0.075 0.008951850433 2
0 0.225 -0.065 0.008994518486 2
0 0.225 -0.055 0.009027227804 2
0 0.225 -0.045 0.009049839309 2
0 0.225 -0.035 0.009062198592 2
0 0.225 -0.025 0.009064150382 2
0 0.225 -0.015 0.00905556048 2
0 0.225 -0.005 0.009036346537 2
0 0.225 0.005 0.009006517211 2
0 0.225 0.015 0.008966217705 2
0 0.225 0.025 0.008915773691 2
0 0.225 0.035 0.008855725078 2
0 0.225 0.045 0.00878682782 2
0 0.225 0.055 0.008710015102 2
0 0.225 0.065 0.008626284615 2
0 0.225 0.075 0.008536542692 2
0 0.225 0.085 0.008441380862 2
0 0.225 0.095 0.008340923351 2
0 0.225 0.105 0.008234755913 2
0 0.225 0.115 0.008122175575 2
0 0.225 0.125 0.008002759664 2
0 0.225 0.135 0.00787697167 2
0 0.225 0.145 0.007746657016 2
0 0.225 0.155 0.007614713314 2
0 0.225 0.165 0.00748449521 2
0 0.225 0.175 0.007359150729 2
0 0.225 0.185 0.007241773543 2
0 0.225 0.195 0.007138561169 2
0 0.225 0.205 0.007047179692 2
0 0.225 0.215 0.006961650358 2
0 0.225 0.225 0.006869010228 2
0 0.225 0.235 0.006761373565 2
0 0.225 0.245 0.006632156046 2
0 0.225 0.255 0.006479748703 2
0 0.225 0.265 0.006304780749 2
0 0.225 0.275 0.006109589288 2
0 0.225 0.285 0.005897054341 2
0 0.225 0.295 0.00567038101 2
0 0.225 0.305 0.005432991238 2
0 0.225 0.315 0.005188525307 2
0 0.225 0.325 0.004940681569 2
0 0.225 0.335 0.004692582967 2
0 0.225 0.345 0.004446070514 2
0 0.225 0.355 0.004200947403 2
0 0.225 0.365 0.003955343643 2
0 0.225 0.375 0.003706474066 2
0 0.225 0.385 0.003451510873 2
0 0.225 0.395 0.003188661402 2
0 0.225 0.405 0.002917372866 2
0 0.225 0.415 0.002638197302 2
0 0.225 0.425 0.002352418404 2
0 0.225 0.435 0.002061731469 2
0 0.225 0.445 0.001768013044 2
0 0.225 0.455 0.001473201755 2
0 0.225 0.465 0.001179083032 2
0 0.225 0.475 0.0008881836582 2
0 0.225 0.485 0.0005987356733 2
0 0.225 0.495 0.0003298894953 2
0 0.225 0.505 0 2
0 0.225 0.515 0 2
0 0.225 0.525 0 2
0 0.225 0.535 0 2
0 0.225 0.545 0 2
0 0.225 0.555 0 2
0 0.225 0.565 0 1
0 0.235 -0.555 0 2
0 0.235 -0.545 0 2
0 0.235 -0.535 0 2
0 0.235 -0.525 0 2
0 0.235 -0.515 0 2
0 0.235 -0.505 0 2
0 0.235 -0.495 0.0003704089404 2
0 0.235 -0.485 0.0006614771487 2
0 0.235 -0.475 0.0009703727539 2
0 0.235 -0.465 0.001276632596 2
0 0.235 -0.455 0.001583247717 2
0 0.235 -0.445 0.00188753653 2
0 0.235 -0.435 0.002187548906 2
0 0.235 -0.425 0.002481520332 2
0 0.235 -0.415 0.002768234816 2
0 0.235 -0.405 0.003032137857 2
0 0.235 -0.395 0.003243547634 1
0 0.235 -0.385 0.003428593274 1
0 0.235 -0.375 0.003616659329 1
0 0.235 -0.365 0.003819023111 1
0 0.235 -0.355 0.004029045917 1
0 0.235 -0.345 0.004235761178 1
0 0.235 -0.335 0.004488697778 1
0 0.235 -0.325 0.004811295868 2
0 0.235 -0.315 0.005206975124 2
0 0.235 -0.305 0.005594789829 2
0 0.235 -0.295 0.005961255857 2
0 0.235 -0.285 0.006292545049 2
0 0.235 -0.275 0.006598594927 2
0 0.235 -0.265 0.006882491495 2
0 0.235 -0.255 0.007146979831 2
0 0.235 -0.245 0.007394780551 2
0 0.235 -0.235 0.00762751401 2
0 0.235 -0.225 0.007846409026 2
0 0.235 -0.215 0.008052324926 2
0 0.235 -0.205 0.008245906015 2
0 0.235 -0.195 0.00842764228 2
0 0.235 -0.185 0.008597919279 2
0 0.235 -0.175 0.008757046713 2
0 0.235 -0.165 0.008905277494 2
0 0.235 -0.155 0.009042819608 2
0 0.235 -0.145 0.009169843632 2
0 0.235 -0.135 0.009286487314 2
0 0.235 -0.125 0.009392858224 2
0 0.235 -0.115 0.009489035129 2
0 0.235 -0.105 0.009575068591 2
0 0.235 -0.095 0.009650981186 2
0 0.235 -0.085 0.009716767738 2
0 0.235 -0.075 0.009772396028 2
0 0.235 -0.065 0.009817808529 2
0 0.235 -0.055 0.00985292586 2
0 0.235 -0.045 0.009877652851 2
0 0.235 -0.035 0.009891888199 2
0 0.235 -0.025 0.009895538777 2
0 0.235 -0.015 0.009888539372 2
0 0.235 -0.005 0.009870878095 2
0 0.235 0.005 0.009842626257 2
0 0.235 0.015 0.009803969924 2
0 0.235 0.025 0.009755236934 2
0 0.235 0.035 0.009696911805 2
0 0.235 0.045 0.009629626069 2
0 0.235 0.055 0.009554117276 2
0 0.235 0.065 0.009471145877 2
0 0.235 0.075 0.009381386448 2
0 0.235 0.085 0.009285304545 2
0 0.235 0.095 0.009183084401 2
0 0.235 0.105 0.009074644718 2
0 0.235 0.115 0.008959822438 2
0 0.235 0.125 0.008838712364 2
0 0.235 0.135 0.008712010429 2
0 0.235 0.145 0.008581262519 2
0 0.235 0.155 0.008448722527 2
0 0.235 0.165 0.00831698124 2
0 0.235 0.175 0.008188549927 2
0 0.235 0.185 0.008065531791 2
0 0.235 0.195 0.007949934177 2
0 0.235 0.205 0.007839849703 2
0 0.235 0.215 0.007730698441 2
0 0.235 0.225 0.007614928172 2
0 0.235 0.235 0.007486428517 2
0 0.235 0.245 0.007340340692 2
0 0.235 0.255 0.007174547852 2
0 0.235 0.265 0.006988826661 2
0 0.235 0.275 0.006784450094 2
0 0.235 0.285 0.006563476536 2
0 0.235 0.295 0.0063284321 2
0 0.235 0.305 0.006082087482 2
0 0.235 0.315 0.005827306138 2
0 0.235 0.325 0.005566812429 2
0 0.235 0.335 0.005302787953 2
0 0.235 0.345 0.005036461375 2
0 0.235 0.355 0.004767795182 2
0 0.235 0.365 0.00449566347 2
0 0.235 0.375 0.004218310023 2
0 0.235 0.385 0.003933920984 2
0 0.235 0.395 0.003641217459 2
0 0.235 0.405 0.003339684639 2
0 0.235 0.415 0.003029565677 2
0 0.235 0.425 0.002711687546 2
0 0.235 0.435 0.002387263457 2
0 0.235 0.445 0.00205771781 2
0 0.235 0.455 0.001724607083 2
0 0.235 0.465 0.001389293938 2
0 0.235 0.475 0.001054251432 2
0 0.235 0.485 0.0007162875138 2
0 0.235 0.495 0.0003990468868 2
0 0.235 0.505 0 2
0 0.235 0.515 0 2
0 0.235 0.525 0 2
0 0.235 0.535 0 2
0 0.235 0.545 0 2
0 0.235 0.555 0 2
0 0.235 0.565 0 1
0 0.245 -0.555 0 2
0 0.245 -0.545 0 2
0 0.245 -0.535 0 2
0 0.245 -0.525 0 2
0 0.245 -0.515 0 2
0 0.245 -0.505 0 2
0 0.245 -0.495 0.000440355377 2
0 0.245 -0.485 0.0007809487591 2
0 0.245 -0.475 0.001139207539 2
0 0.245 -0.465 0.0014896938 2
0 0.245 -0.455 0.001836801305 2
0 0.245 -0.445 0.002177905551 2
0 0.245 -0.435 0.002510818513 2
0 0.245 -0.425 0.002832771469 2
0 0.245 -0.415 0.003135739948 2
0 0.245 -0.405 0.003408497648 2
0 0.245 -0.395 0.00360326945 1
0 0.245 -0.385 0.003801987308 1
0 0.245 -0.375 0.004007335048 1
0 0.245 -0.365 0.004233800405 1
0 0.245 -0.355 0.00447476827 1
0 0.245 -0.345 0.004761932632 2
0 0.245 -0.335 0.005060694741 2
0 0.245 -0.325 0.00543428222 2
0 0.245 -0.315 0.005840422274 2
0 0.245 -0.305 0.006238167908 2
0 0.245 -0.295 0.006611000187 2
0 0.245 -0.285 0.006952563101 2
0 0.245 -0.275 0.007271077586 2
0 0.245 -0.265 0.007568024428 2
0 0.245 -0.255 0.007845770792 2
0 0.245 -0.245 0.008106321184 2
0 0.245 -0.235 0.008351141294 2
0 0.245 -0.225 0.008581390091 2
0 0.245 -0.215 0.008797929221 2
0 0.245 -0.205 0.009001427211 2
0 0.245 -0.195 0.009192406257 2
0 0.245 -0.185 0.009371284715 2
0 0.245 -0.175 0.009538403192 2
0 0.245 -0.165 0.009694042909 2
0 0.245 -0.155 0.009838437604 2
0 0.245 -0.145 0.009971781372 2
0 0.245 -0.135 0.01009423368 2
0 0.245 -0.125 0.01020592255 2
0 0.245 -0.115 0.0103069465 2
0 0.245 -0.105 0.01039737583 2
0 0.245 -0.095 0.01047725372 2
0 0.245 -0.085 0.01054659737 2
0 0.245 -0.075 0.01060539984 2
0 0.245 -0.065 0.01065363292 2
0 0.245 -0.055 0.01069125171 2
0 0.245 -0.045 0.01071820142 2
0 0.245 -0.035 0.01073442722 2
0 0.245 -0.025 0.01073988748 2
0 0.245 -0.015 0.01073457083 2
0 0.245 -0.005 0.01071851649 2
0 0.245 0.005 0.0106918364 2
0 0.245 0.015 0.01065473657 2
0 0.245 0.025 0.01060753271 2
0 0.245 0.035 0.01055065488 2
0 0.245 0.045 0.01048463408 2
0 0.245 0.055 0.0104100672 2
0 0.245 0.065 0.01032755881 2
0 0.245 0.075 0.01023765125 2
0 0.245 0.085 0.01014075859 2
0 0.245 0.095 0.01003714058 2
0 0.245 0.105 0.00992694191 2
0 0.245 0.115 0.009810321278 2
0 0.245 0.125 0.00968764716 2
0 0.245 0.135 0.009559684116 2
0 0.245 0.145 0.009427696353 2
0 0.245 0.155 0.009293375086 2
0 0.245 0.165 0.009158603244 2
0 0.245 0.175 0.009025162914 2
0 0.245 0.185 0.008894324125 2
0 0.245 0.195 0.008766581723 2
0 0.245 0.205 0.008640254821 2
0 0.245 0.215 0.008511869451 2
0 0.245 0.225 0.008376448255 2
0 0.245 0.235 0.00822941488 2
0 0.245 0.245 0.008067088017 2
0 0.245 0.255 0.007887436576 2
0 0.245 0.265 0.00768986001 2
0 0.245 0.275 0.007474950077 2
0 0.245 0.285 0.007244072188 2
0 0.245 0.295 0.006999084531 2
0 0.245 0.305 0.006742101311 2
0 0.245 0.315 0.006475294126 2
0 0.245 0.325 0.006200665634 2
0 0.245 0.335 0.00591977526 2
0 0.245 0.345 0.005633494102 2
0 0.245 0.355 0.005341864693 2
0 0.245 0.365 0.005044206393 2
0 0.245 0.375 0.004739398264 2
0 0.245 0.385 0.004426244445 2
0 0.245 0.395 0.004103830479 2
0 0.245 0.405 0.003771713154 2
0 0.245 0.415 0.003429962584 2
0 0.245 0.425 0.003079089626 2
0 0.245 0.435 0.002719932313 2
0 0.245 0.445 0.002353527433 2
0 0.245 0.455 0.001981083285 2
0 0.245 0.465 0.00160355391 2
0 0.245 0.475 0.00122336942 2
0 0.245 0.485 0.0008358975105 2
0 0.245 0.495 0.0004693539601 2
0 0.245 0.505 0 2
0 0.245 0.515 0 2
0 0.245 0.525 0 2
0 0.245 0.535 0 2
0 0.245 0.545 0 2
0 0.245 0.555 0 2
0 0.245 0.565 0 1
0 0.255 -0.555 0 2
0 0.255 -0.545 0 2
0 0.255 -0.535 0 2
0 0.255 -0.525 0 2
0 0.255 -0.515 0 2
0 0.255 -0.505 0 2
0 0.255 -0.495 0.0005107356623 2
0 0.255 -0.485 0.0009010109139 2
0 0.255 -0.475 0.001309105987 2
0 0.255 -0.465 0.001704724966 2
0 0.255 -0.455 0.002093548548 2
0 0.255 -0.445 0.002472814231 2
0 0.255 -0.435 0.002840282442 2
0 0.255 -0.425 0.003192577534 2
0 0.255 -0.415 0.003520175388 2
0 0.255 -0.405 0.003813707346 2
0 0.255 -0.395 0.004036604773 2
0 0.255 -0.385 0.004263153997 2
0 0.255 -0.375 0.004496082911 2
0 0.255 -0.365 0.004751252893 2
0 0.255 -0.355 0.005027143024 2
0 0.255 -0.345 0.00536292167 2
0 0.255 -0.335 0.00571191875 2
0 0.255 -0.325 0.006109428783 2
0 0.255 -0.315 0.006512461758 2
0 0.255 -0.305 0.006906629971 2
0 0.255 -0.295 0.007278136797 2
0 0.255 -0.285 0.007628653455 2
0 0.255 -0.275 0.007957818362 2
0 0.255 -0.265 0.008266522826 2
0 0.255 -0.255 0.008556477563 2
0 0.255 -0.245 0.0088290363 2
0 0.255 -0.235 0.009085426322 2
0 0.255 -0.225 0.009326663626 2
0 0.255 -0.215 0.009553560693 2
0 0.255 -0.205 0.009766774918 2
0 0.255 -0.195 0.009966838589 2
0 0.255 -0.185 0.01015418924 2
0 0.255 -0.175 0.01032919039 2
0 0.255 -0.165 0.01049214707 2
0 0.255 -0.155 0.01064331652 2
0 0.255 -0.145 0.01078291548 2
0 0.255 -0.135 0.01091112517 2
0 0.255 -0.125 0.01102809462 2
0 0.255 -0.115 0.01113394298 2
0 0.255 -0.105 0.0112287613 2
0 0.255 -0.095 0.01131261425 2
0 0.255 -0.085 0.01138554203 2
0 0.255 -0.075 0.01144756298 2
0 0.255 -0.065 0.01149867725 2
0 0.255 -0.055 0.01153887194 2
0 0.255 -0.045 0.01156812825 2
0 0.255 -0.035 0.01158643079 2
0 0.255 -0.025 0.01159377959 2
0 0.255 -0.015 0.0115902043 2
0 0.255 -0.005 0.01157578019 2
0 0.255 0.005 0.01155064442 2
0 0.255 0.015 0.01151501018 2
0 0.255 0.025 0.01146917545 2
0 0.255 0.035 0.0114135227 2
0 0.255 0.045 0.01134850585 2
0 0.255 0.055 0.01127462341 2
0 0.255 0.065 0.01119237936 2
0 0.255 0.075 0.01110224055 2
0 0.255 0.085 0.01100460317 2
0 0.255 0.095 0.01089978761 2
0 0.255 0.105 0.01078807559 2
0 0.255 0.115 0.0106697948 2
0 0.255 0.125 0.01054543314 2
0 0.255 0.135 0.01041573817 2
0 0.255 0.145 0.01028175432 2
0 0.255 0.155 0.01014475422 2
0 0.255 0.165 0.01000606078 2
0 0.255 0.175 0.009866808778 2
0 0.255 0.185 0.009727624318 2
0 0.255 0.195 0.009588345654 2
0 0.255 0.205 0.00944749154 2
0 0.255 0.215 0.009302415482 2
0 0.255 0.225 0.009149634297 2
0 0.255 0.235 0.008985745181 2
0 0.255 0.245 0.008807918287 2
0 0.255 0.255 0.008614346136 2
0 0.255 0.265 0.008404253644 2
0 0.255 0.275 0.008177787179 2
0 0.255 0.285 0.007935774105 2
0 0.255 0.295 0.007679500828 2
0 0.255 0.305 0.007410500992 2
0 0.255 0.315 0.00713036279 2
0 0.255 0.325 0.006840534528 2
0 0.255 0.335 0.006542130467 2
0 0.255 0.345 0.006235776684 2
0 0.255 0.355 0.005921541383 2
0 0.255 0.365 0.005599002032 2
0 0.255 0.375 0.005267422681 2
0 0.255 0.385 0.004925986731 2
0 0.255 0.395 0.004574022364 2
0 0.255 0.405 0.004211146345 2
0 0.255 0.415 0.003837318136 2
0 0.255 0.425 0.003452817273 2
0 0.255 0.435 0.003058183954 2
0 0.255 0.445 0.002654124212 2
0 0.255 0.455 0.002241535061 2
0 0.255 0.465 0.00182098231 2
0 0.255 0.475 0.001394867615 2
0 0.255 0.485 0.000957109762 2
0 0.255 0.495 0.0005405539476 2
0 0.255 0.505 0 2
0 0.255 0.515 0 2
0 0.255 0.525 0 2
0 0.255 0.535 0 2
0 0.255 0.545 0 2
0 0.255 0.555 0 2
0 0.255 0.565 0 1
0 0.265 -0.555 0 2
0 0.265 -0.545 0 2
0 0.265 -0.535 0 2
0 0.265 -0.525 0 2
0 0.265 -0.515 0 2
0 0.265 -0.505 0 2
0 0.265 -0.495 0.000581170365 2
0 0.265 -0.485 0.001021145896 2
0 0.265 -0.475 0.00147929323 2
0 0.265 -0.465 0.001920549459 2
0 0.265 -0.455 0.002351845219 2
0 0.265 -0.445 0.002770221723 2
0 0.265 -0.435 0.00317359809 2
0 0.265 -0.425 0.003558538901 2
0 0.265 -0.415 0.003916889436 2
0 0.265 -0.405 0.004241332705 2
0 0.265 -0.395 0.004516630137 2
0 0.265 -0.385 0.004783709856 2
0 0.265 -0.375 0.005054049899 2
0 0.265 -0.365 0.00534545347 2
0 0.265 -0.355 0.005662621728 2
0 0.265 -0.345 0.006029100094 2
0 0.265 -0.335 0.006407669041 2
0 0.265 -0.325 0.006801751716 2
0 0.265 -0.315 0.007194615729 2
0 0.265 -0.305 0.007583993808 2
0 0.265 -0.295 0.007959757853 2
0 0.265 -0.285 0.008317591204 2
0 0.265 -0.275 0.00865607131 2
0 0.265 -0.265 0.008975448545 2
0 0.265 -0.255 0.009276569242 2
0 0.265 -0.245 0.009560337673 2
0 0.265 -0.235 0.009827686748 2
0 0.265 -0.225 0.01007945006 2
0 0.265 -0.215 0.01031635024 2
0 0.265 -0.205 0.01053900246 2
0 0.265 -0.195 0.01074792696 2
0 0.265 -0.185 0.01094356549 2
0 0.265 -0.175 0.01112629475 2
0 0.265 -0.165 0.01129643758 2
0 0.265 -0.155 0.01145427112 2
0 0.265 -0.145 0.01160003287 2
0 0.265 -0.135 0.01173392493 2
0 0.265 -0.125 0.01185611711 2
0 0.265 -0.115 0.01196674934 2
0 0.265 -0.105 0.01206593365 2
0 0.265 -0.095 0.01215375631 2
0 0.265 -0.085 0.01223028026 2
0 0.265 -0.075 0.0122955482 2
0 0.265 -0.065 0.01234958676 2
0 0.265 -0.055 0.01239241189 2
0 0.265 -0.045 0.01242403588 2
0 0.265 -0.035 0.01244447607 2
0 0.265 -0.025 0.0124537653 2
0 0.265 -0.015 0.01245196374 2
0 0.265 -0.005 0.01243917142 2
0 0.265 0.005 0.01241554014 2
0 0.265 0.015 0.01238128293 2
0 0.265 0.025 0.0123366789 2
0 0.265 0.035 0.01228207111 2
0 0.265 0.045 0.01221785582 2
0 0.265 0.055 0.01214446318 2
0 0.265 0.065 0.01206233193 2
0 0.265 0.075 0.01197188427 2
0 0.265 0.085 0.01187350952 2
0 0.265 0.095 0.01176756698 2
0 0.265 0.105 0.01165441396 2
0 0.265 0.115 0.01153445798 2
0 0.265 0.125 0.01140821906 2
0 0.265 0.135 0.01127637611 2
0 0.265 0.145 0.01113976882 2
0 0.265 0.155 0.01099933273 2
0 0.265 0.165 0.01085596218 2
0 0.265 0.175 0.01071032564 2
0 0.265 0.185 0.01056263818 2
0 0.265 0.195 0.01041246278 2
0 0.265 0.205 0.01025849994 2
0 0.265 0.215 0.01009868224 2
0 0.265 0.225 0.009930431942 2
0 0.265 0.235 0.009751160221 2
0 0.265 0.245 0.009558640352 2
0 0.265 0.255 0.009351305495 2
0 0.265 0.265 0.009128325831 2
0 0.265 0.275 0.008889568533 2
0 0.265 0.285 0.008635459905 2
0 0.265 0.295 0.008366823631 2
0 0.265 0.305 0.008084710256 2
0 0.265 0.315 0.007790232671 2
0 0.265 0.325 0.007484407854 2
0 0.265 0.335 0.007168014368 2
0 0.265 0.345 0.006841488581 2
0 0.265 0.355 0.006504884051 2
0 0.265 0.365 0.006157914051 2
0 0.265 0.375 0.005800063683 2
0 0.265 0.385 0.005430739257 2
0 0.265 0.395 0.005049415408 2
0 0.265 0.405 0.004655740288 2
0 0.265 0.415 0.004249586986 2
0 0.265 0.425 0.003831053578 2
0 0.265 0.435 0.003400436736 2
0 0.265 0.445 0.002958157873 2
0 0.265 0.455 0.002504836907 2
0 0.265 0.465 0.002040673521 2
0 0.265 0.475 0.001568056656 2
0 0.265 0.485 0.001079454151 2
0 0.265 0.495 0.0006123808608 2
0 0.265 0.505 0 2
0 0.265 0.515 0 2
0 0.265 0.525 0 2
0 0.265 0.535 0 2
0 0.265 0.545 0 2
0 0.265 0.555 0 2
0 0.265 0.565 0 2
0 0.275 -0.555 0 2
0 0.275 -0.545 0 2
0 0.275 -0.535 0 2
0 0.275 -0.525 0 2
0 0.275 -0.515 0 2
0 0.275 -0.505 0 2
0 0.275 -0.495 0.0006512686189 2
0 0.275 -0.485 0.00114077691 2
0 0.275 -0.475 0.001648977774 2
0 0.275 -0.465 0.002136123273 2
0 0.275 -0.455 0.002610402173 2
0 0.275 -0.445 0.003068691374 2
0 0.275 -0.435 0.003509261677 2
0 0.275 -0.425 0.003929095206 2
0 0.275 -0.415 0.004323681002 2
0 0.275 -0.405 0.004690256053 2
0 0.275 -0.395 0.005027233798 2
0 0.275 -0.385 0.005349973612 2
0 0.275 -0.375 0.005669024223 2
0 0.275 -0.365 0.005997138156 2
0 0.275 -0.355 0.006341263399 2
0 0.275 -0.345 0.006709067865 2
0 0.275 -0.335 0.007091281616 2
0 0.275 -0.325 0.007485522743 2
0 0.275 -0.315 0.00788155462 2
0 0.275 -0.305 0.008272714426 2
0 0.275 -0.295 0.008652107493 2
0 0.275 -0.285 0.009016156024 2
0 0.275 -0.275 0.009362928821 2
0 0.275 -0.265 0.009691930167 2
0 0.275 -0.255 0.01000328137 2
0 0.275 -0.245 0.01029747423 2
0 0.275 -0.235 0.01057513606 2
0 0.275 -0.225 0.01083690593 2
0 0.275 -0.215 0.01108339057 2
0 0.275 -0.205 0.01131514019 2
0 0.275 -0.195 0.01153264443 2
0 0.275 -0.185 0.01173633546 2
0 0.275 -0.175 0.01192659352 2
0 0.275 -0.165 0.0121037527 2
0 0.275 -0.155 0.01226810584 2
0 0.275 -0.145 0.01241990857 2
0 0.275 -0.135 0.01255938235 2
0 0.275 -0.125 0.01268671694 2
0 0.275 -0.115 0.01280207247 2
0 0.275 -0.105 0.01290558155 2
0 0.275 -0.095 0.01299735144 2
0 0.275 -0.085 0.01307746678 2
0 0.275 -0.075 0.01314599304 2
0 0.275 -0.065 0.0132029808 2
0 0.275 -0.055 0.01324847125 2
0 0.275 -0.045 0.01328250284 2
0 0.275 -0.035 0.01330511929 2
0 0.275 -0.025 0.01331637866 2
0 0.275 -0.015 0.01331636316 2
0 0.275 -0.005 0.01330518908 2
0 0.275 0.005 0.01328301567 2
0 0.275 0.015 0.0132500517 2
0 0.275 0.025 0.01320655829 2
0 0.275 0.035 0.01315284659 2
0 0.275 0.045 0.01308926974 2
0 0.275 0.055 0.0130162097 2
0 0.275 0.065 0.01293406118 2
0 0.275 0.075 0.01284321709 2
0 0.275 0.085 0.01274406065 2
0 0.275 0.095 0.01263696948 2
0 0.275 0.105 0.01252233388 2
0 0.275 0.115 0.01240058619 2
0 0.275 0.125 0.01227223111 2
0 0.275 0.135 0.01213786088 2
0 0.275 0.145 0.01199813826 2
0 0.275 0.155 0.01185373575 2
0 0.275 0.165 0.01170522928 2
0 0.275 0.175 0.01155296175 2
0 0.275 0.185 0.01139689037 2
0 0.275 0.195 0.01123646194 2
0 0.275 0.205 0.01107053046 2
0 0.275 0.215 0.01089743008 2
0 0.275 0.225 0.0107151626 2
0 0.275 0.235 0.01052169713 2
0 0.275 0.245 0.0103152344 2
0 0.275 0.255 0.01009441384 2
0 0.275 0.265 0.009858400375 2
0 0.275 0.275 0.009606881121 2
0 0.275 0.285 0.009339987867 2
0 0.275 0.295 0.009058183941 2
0 0.275 0.305 0.00876213372 2
0 0.275 0.315 0.008452570591 2
0 0.275 0.325 0.00813017188 2
0 0.275 0.335 0.007795451711 2
0 0.275 0.345 0.007448686425 2
0 0.275 0.355 0.00708988611 2
0 0.275 0.365 0.006718819914 2
0 0.275 0.375 0.006335086775 2
0 0.275 0.385 0.00593821188 2
0 0.275 0.395 0.005527744297 2
0 0.275 0.405 0.005103332601 2
0 0.275 0.415 0.004664768482 2
0 0.275 0.425 0.00421199557 2
0 0.275 0.435 0.003745102675 2
0 0.275 0.445 0.003264261178 2
0 0.275 0.455 0.002769842591 2
0 0.275 0.465 0.002261701475 2
0 0.275 0.475 0.001742229112 2
0 0.275 0.485 0.001202446078 2
0 0.275 0.495 0.0006845588955 2
0 0.275 0.505 0 2
0 0.275 0.515 0 2
0 0.275 0.525 0 2
0 0.275 0.535 0 2
0 0.275 0.545 0 2
0 0.275 0.555 0 2
0 0.275 0.565 0 2
0 0.285 -0.555 0 2
0 0.285 -0.545 0 2
0 0.285 -0.535 0 2
0 0.285 -0.525 0 2
0 0.285 -0.515 0 2
0 0.285 -0.505 0 2
0 0.285 -0.495 0.0007206256753 2
0 0.285 -0.485 0.001259295673 2
0 0.285 -0.475 0.001817384411 2
0 0.285 -0.465 0.002350549361 2
0 0.285 -0.455 0.002868251787 2
0 0.285 -0.445 0.003367263687 2
0 0.285 -0.435 0.003846352218 2
0 0.285 -0.425 0.004303266184 2
0 0.285 -0.415 0.004735535823 2
0 0.285 -0.405 0.005142337511 2
0 0.285 -0.395 0.005525110617 2
0 0.285 -0.385 0.005892621992 2
0 0.285 -0.375 0.00625353546 2
0 0.285 -0.365 0.006617322405 2
0 0.285 -0.355 0.006990015327 2
0 0.285 -0.345 0.007375632301 2
0 0.285 -0.335 0.007770421188 2
0 0.285 -0.325 0.008171084914 2
0 0.285 -0.315 0.008571229712 2
0 0.285 -0.305 0.008965754607 2
0 0.285 -0.295 0.009349830422 2
0 0.285 -0.285 0.009720255243 2
0 0.285 -0.275 0.01007489967 2
0 0.285 -0.265 0.01041277666 2
0 0.285 -0.255 0.01073360023 2
0 0.285 -0.245 0.01103750969 2
0 0.285 -0.235 0.0113248595 2
0 0.285 -0.225 0.01159610189 2
0 0.285 -0.215 0.01185171878 2
0 0.285 -0.205 0.01209218333 2
0 0.285 -0.195 0.01231794212 2
0 0.285 -0.185 0.0125294074 2
0 0.285 -0.175 0.01272695487 2
0 0.285 -0.165 0.01291092403 2
0 0.285 -0.155 0.01308161936 2
0 0.285 -0.145 0.01323931185 2
0 0.285 -0.135 0.01338424049 2
0 0.285 -0.125 0.01351661369 2
0 0.285 -0.115 0.01363661082 2
0 0.285 -0.105 0.01374438403 2
0 0.285 -0.095 0.01384006039 2
0 0.285 -0.085 0.01392374472 2
0 0.285 -0.075 0.01399552303 2
0 0.285 -0.065 0.01405546696 2
0 0.285 -0.055 0.01410363906 2
0 0.285 -0.045 0.01414009913 2
0 0.285 -0.035 0.01416491148 2
0 0.285 -0.025 0.01417815281 2
0 0.285 -0.015 0.01417992054 2
0 0.285 -0.005 0.01417034075 2
0 0.285 0.005 0.0141495751 2
0 0.285 0.015 0.01411782571 2
0 0.285 0.025 0.01407533707 2
0 0.285 0.035 0.01402239428 2
0 0.285 0.045 0.0139593175 2
0 0.285 0.055 0.01388645324 2
0 0.285 0.065 0.01380416439 2
0 0.285 0.075 0.01371282153 2
0 0.285 0.085 0.0136127988 2
0 0.285 0.095 0.01350447654 2
0 0.285 0.105 0.0133882511 2
0 0.285 0.115 0.01326454844 2
0 0.285 0.125 0.01313383454 2
0 0.285 0.135 0.01299661262 2
0 0.285 0.145 0.01285339741 2
0 0.285 0.155 0.01270466071 2
0 0.285 0.165 0.01255074928 2
0 0.285 0.175 0.01239178611 2
0 0.285 0.185 0.01222757003 2
0 0.285 0.195 0.01205750164 2
0 0.285 0.205 0.01188055517 2
0 0.285 0.215 0.01169533933 2
0 0.285 0.225 0.01150023324 2
0 0.285 0.235 0.01129358127 2
0 0.285 0.245 0.01107387958 2
0 0.285 0.255 0.01083992508 2
0 0.285 0.265 0.01059089383 2
0 0.285 0.275 0.01032635408 2
0 0.285 0.285 0.01004622339 2
0 0.285 0.295 0.009750690753 2
0 0.285 0.305 0.009440119273 2
0 0.285 0.315 0.009114943526 2
0 0.285 0.325 0.00877557203 2
0 0.285 0.335 0.008422305076 2
0 0.285 0.345 0.008055278106 2
0 0.285 0.355 0.007674438536 2
0 0.285 0.365 0.007279558978 2
0 0.285 0.375 0.006870281231 2
0 0.285 0.385 0.00644617863 2
0 0.285 0.395 0.00600682136 2
0 0.285 0.405 0.005551830225 2
0 0.285 0.415 0.005080911573 2
0 0.285 0.425 0.004593868076 2
0 0.285 0.435 0.004090603411 2
0 0.285 0.445 0.003571063979 2
0 0.285 0.455 0.003035395748 2
0 0.285 0.465 0.002483126756 2
0 0.285 0.475 0.001916663804 2
0 0.285 0.485 0.001325588885 2
0 0.285 0.495 0.0007568036858 2
0 0.285 0.505 0 2
0 0.285 0.515 0 2
0 0.285 0.525 0 2
0 0.285 0.535 0 2
0 0.285 0.545 0 2
0 0.285 0.555 0 2
0 0.285 0.565 0 2
0 0.295 -0.555 0 2
0 0.295 -0.545 0 2
0 0.295 -0.535 0 2
0 0.295 -0.525 0 2
0 0.295 -0.515 0 2
0 0.295 -0.505 0 2
0 0.295 -0.495 0.0007888215231 2
0 0.295 -0.485 0.001376068938 2
0 0.295 -0.475 0.001983735315 2
0 0.295 -0.465 0.00256298372 2
0 0.295 -0.455 0.003124527339 2
0 0.295 -0.445 0.003665053425 2
0 0.295 -0.435 0.004183843765 2
0 0.295 -0.425 0.004679423206 2
0 0.295 -0.415 0.00515076357 2
0 0.295 -0.405 0.00559818082 2
0 0.295 -0.395 0.006023938013 2
0 0.295 -0.385 0.006433685183 2
0 0.295 -0.375 0.006833860039 2
0 0.295 -0.365 0.007231135676 2
0 0.295 -0.355 0.007630349174 2
0 0.295 -0.345 0.00803433226 2
0 0.295 -0.335 0.008442085849 2
0 0.295 -0.325 0.008851341073 2
0 0.295 -0.315 0.009258106553 2
0 0.295 -0.305 0.009658457688 2
0 0.295 -0.295 0.01004866436 2
0 0.295 -0.285 0.01042591989 2
0 0.295 -0.275 0.01078826831 2
0 0.295 -0.265 0.01113457869 2
0 0.295 -0.255 0.0114643117 2
0 0.295 -0.245 0.01177734691 2
0 0.295 -0.235 0.01207382139 2
0 0.295 -0.225 0.01235402238 2
0 0.295 -0.215 0.01261831346 2
0 0.295 -0.205 0.01286708915 2
0 0.295 -0.195 0.01310074789 2
0 0.295 -0.185 0.01331967625 2
0 0.295 -0.175 0.01352424023 2
0 0.295 -0.165 0.01371478052 2
0 0.295 -0.155 0.01389161008 2
0 0.295 -0.145 0.01405501293 2
0 0.295 -0.135 0.01420524381 2
0 0.295 -0.125 0.01434252837 2
0 0.295 -0.115 0.01446706396 2
0 0.295 -0.105 0.01457902092 2
0 0.295 -0.095 0.01467854455 2
0 0.295 -0.085 0.0147657578 2
0 0.295 -0.075 0.01484076472 2
0 0.295 -0.065 0.01490365479 2
0 0.295 -0.055 0.01495450799 2
0 0.295 -0.045 0.01499340085 2
0 0.295 -0.035 0.01502041293 2
0 0.295 -0.025 0.01503563393 2
0 0.295 -0.015 0.01503917079 2
0 0.295 -0.005 0.01503115429 2
0 0.295 0.005 0.01501174478 2
0 0.295 0.015 0.01498113606 2
0 0.295 0.025 0.01493955708 2
0 0.295 0.035 0.01488727096 2
0 0.295 0.045 0.01482457142 2
0 0.295 0.055 0.01475177729 2
0 0.295 0.065 0.01466922619 2
0 0.295 0.075 0.01457726914 2
0 0.295 0.085 0.01447626765 2
0 0.295 0.095 0.0143665942 2
0 0.295 0.105 0.01424863546 2
0 0.295 0.115 0.0141227955 2
0 0.295 0.125 0.01398949407 2
0 0.295 0.135 0.01384915388 2
0 0.295 0.145 0.01370217155 2
0 0.295 0.155 0.01354886985 2
0 0.295 0.165 0.01338943379 2
0 0.295 0.175 0.01322383933 2
0 0.295 0.185 0.01305178722 2
0 0.295 0.195 0.01287266045 2
0 0.295 0.205 0.01268552019 2
0 0.295 0.215 0.01248915778 2
0 0.295 0.225 0.01228219627 2
0 0.295 0.235 0.01206322633 2
0 0.295 0.245 0.01183094143 2
0 0.295 0.255 0.01158424872 2
0 0.295 0.265 0.01132233514 2
0 0.295 0.275 0.01104468655 2
0 0.295 0.285 0.0107510643 2
0 0.295 0.295 0.01044145131 2
0 0.295 0.305 0.01011597962 2
0 0.295 0.315 0.009774851116 2
0 0.295 0.325 0.009418261327 2
0 0.295 0.335 0.009046335132 2
0 0.295 0.345 0.008659081862 2
0 0.295 0.355 0.008256374755 2
0 0.295 0.365 0.007837955927 2
0 0.295 0.375 0.007403462927 2
0 0.295 0.385 0.006952468836 2
0 0.295 0.395 0.006484526038 2
0 0.295 0.405 0.005999204072 2
0 0.295 0.415 0.005496116693 2
0 0.295 0.425 0.004974931432 2
0 0.295 0.435 0.00443538093 2
0 0.295 0.445 0.003877204334 2
0 0.295 0.455 0.003300339688 2
0 0.295 0.465 0.002704004386 2
0 0.295 0.475 0.002090631505 2
0 0.295 0.485 0.001448377738 2
0 0.295 0.495 0.0008288246296 2
0 0.295 0.505 0 2
0 0.295 0.515 0 2
0 0.295 0.525 0 2
0 0.295 0.535 0 2
0 0.295 0.545 0 2
0 0.295 0.555 0 2
0 0.295 0.565 0 2
0 0.305 -0.555 0 2
0 0.305 -0.545 0 2
0 0.305 -0.535 0 2
0 0.305 -0.525 0 2
0 0.305 -0.515 0 2
0 0.305 -0.505 0 2
0 0.305 -0.495 0.0008553704003 2
0 0.305 -0.485 0.001490378804 2
0 0.305 -0.475 0.00214717781 2
0 0.305 -0.465 0.002772531318 2
0 0.305 -0.455 0.003378302971 2
0 0.305 -0.445 0.003961028365 2
0 0.305 -0.435 0.004520359652 2
0 0.305 -0.425 0.005055339901 2
0 0.305 -0.415 0.005565725203 2
0 0.305 -0.405 0.006052380427 2
0 0.305 -0.395 0.006517660546 2
0 0.305 -0.385 0.006965762546 2
0 0.305 -0.375 0.007401626024 2
0 0.305 -0.365 0.007830241873 2
0 0.305 -0.355 0.008255464372 2
0 0.305 -0.345 0.00867957539 2
0 0.305 -0.335 0.009102608326 2
0 0.305 -0.325 0.009523231531 2
0 0.305 -0.315 0.009938927229 2
0 0.305 -0.305 0.01034688739 2
0 0.305 -0.295 0.01074435173 2
0 0.305 -0.285 0.01112904187 2
0 0.305 -0.275 0.01149923711 2
0 0.305 -0.265 0.01185379924 2
0 0.305 -0.255 0.01219207226 2
0 0.305 -0.245 0.01251377647 2
0 0.305 -0.235 0.01281889461 2
0 0.305 -0.225 0.01310758308 2
0 0.305 -0.215 0.01338010495 2
0 0.305 -0.205 0.01363678367 2
0 0.305 -0.195 0.01387797147 2
0 0.305 -0.185 0.01410402858 2
0 0.305 -0.175 0.01431530956 2
0 0.305 -0.165 0.01451215445 2
0 0.305 -0.155 0.01469488291 2
0 0.305 -0.145 0.01486379054 2
0 0.305 -0.135 0.01501914652 2
0 0.305 -0.125 0.01516119253 2
0 0.305 -0.115 0.01529014255 2
0 0.305 -0.105 0.01540618358 2
0 0.305 -0.095 0.01550947729 2
0 0.305 -0.085 0.01560016249 2
0 0.305 -0.075 0.01567835847 2
0 0.305 -0.065 0.01574416916 2
0 0.305 -0.055 0.01579768809 2
0 0.305 -0.045 0.015839004 2
0 0.305 -0.035 0.01586820689 2
0 0.305 -0.025 0.01588539443 2
0 0.305 -0.015 0.01589067821 2
0 0.305 -0.005 0.01588418956 2
0 0.305 0.005 0.01586608441 2
0 0.305 0.015 0.01583654682 2
0 0.305 0.025 0.01579579069 2
0 0.305 0.035 0.01574405958 2
0 0.305 0.045 0.01568162475 2
0 0.305 0.055 0.01560878169 2
0 0.305 0.065 0.01552584618 2
0 0.305 0.075 0.01543315055 2
0 0.305 0.085 0.01533104096 2
0 0.305 0.095 0.01521987589 2
0 0.305 0.105 0.01510002468 2
0 0.305 0.115 0.01497186408 2
0 0.305 0.125 0.01483576949 2
0 0.305 0.135 0.01469209701 2
0 0.305 0.145 0.01454115378 2
0 0.305 0.155 0.01438315598 2
0 0.305 0.165 0.01421817779 2
0 0.305 0.175 0.01404609825 2
0 0.305 0.185 0.01386655635 2
0 0.305 0.195 0.01367892672 2
0 0.305 0.205 0.0134823264 2
0 0.305 0.215 0.01327566034 2
0 0.305 0.225 0.01305770137 2
0 0.305 0.235 0.01282719234 2
0 0.305 0.245 0.01258294928 2
0 0.305 0.255 0.01232394776 2
0 0.305 0.265 0.01204937824 2
0 0.305 0.275 0.01175866623 2
0 0.305 0.285 0.01145145909 2
0 0.305 0.295 0.0111275871 2
0 0.305 0.305 0.01078700801 2
0 0.305 0.315 0.01042974468 2
0 0.305 0.325 0.01005582445 2
0 0.305 0.335 0.009665227499 2
0 0.305 0.345 0.009257850016 2
0 0.305 0.355 0.008833485309 2
0 0.305 0.365 0.008391823427 2
0 0.305 0.375 0.007932466433 2
0 0.305 0.385 0.007454953923 2
0 0.305 0.395 0.006958792319 2
0 0.305 0.405 0.006443481264 2
0 0.305 0.415 0.00590853415 2
0 0.305 0.425 0.005353485195 2
0 0.305 0.435 0.004777904676 2
0 0.305 0.445 0.004181337031 2
0 0.305 0.455 0.003563525818 2
0 0.305 0.465 0.002923391251 2
0 0.305 0.475 0.002263400963 2
0 0.305 0.485 0.001570304066 2
0 0.305 0.495 0.0009003276692 2
0 0.305 0.505 0 2
0 0.305 0.515 0 2
0 0.305 0.525 0 2
0 0.305 0.535 0 2
0 0.305 0.545 0 2
0 0.305 0.555 0 2
0 0.305 0.565 0 2
0 0.315 -0.555 0 2
0 0.315 -0.545 0 2
0 0.315 -0.535 0 2
0 0.315 -0.525 0 2
0 0.315 -0.515 0 2
0 0.315 -0.505 0 2
0 0.315 -0.495 0.0009196441774 2
0 0.315 -0.485 0.001601340358 2
0 0.315 -0.475 0.002306711935 2
0 0.315 -0.465 0.002978185306 2
0 0.315 -0.455 0.003628546979 2
0 0.315 -0.445 0.004254016504 2
0 0.315 -0.435 0.004854425262 2
0 0.315 -0.425 0.005429110809 2
0 0.315 -0.415 0.005978260399 2
0 0.315 -0.405 0.006502996754 2
0 0.315 -0.395 0.007005575788 2
0 0.315 -0.385 0.007489376379 2
0 0.315 -0.375 0.007958325139 2
0 0.315 -0.365 0.008416331419 2
0 0.315 -0.355 0.008866564108 2
0 0.315 -0.345 0.009311047552 2
0 0.315 -0.335 0.009750345936 2
0 0.315 -0.325 0.0101838712 2
0 0.315 -0.315 0.01061011737 2
0 0.315 -0.305 0.01102716027 2
0 0.315 -0.295 0.01143298276 2
0 0.315 -0.285 0.01182578284 2
0 0.315 -0.275 0.0122041063 2
0 0.315 -0.265 0.01256690377 2
0 0.315 -0.255 0.01291350053 2
0 0.315 -0.245 0.01324353846 2
0 0.315 -0.235 0.01355690365 2
0 0.315 -0.225 0.01385366048 2
0 0.315 -0.215 0.01413399588 2
0 0.315 -0.205 0.01439817634 2
0 0.315 -0.195 0.01464651574 2
0 0.315 -0.185 0.01487935192 2
0 0.315 -0.175 0.01509702984 2
0 0.315 -0.165 0.01529988954 2
0 0.315 -0.155 0.0154882575 2
0 0.315 -0.145 0.01566244052 2
0 0.315 -0.135 0.01582272171 2
0 0.315 -0.125 0.01596935787 2
0 0.315 -0.115 0.01610257847 2
0 0.315 -0.105 0.01622258562 2
0 0.315 -0.095 0.01632955538 2
0 0.315 -0.085 0.01642363994 2
0 0.315 -0.075 0.01650497087 2
0 0.315 -0.065 0.01657366313 2
0 0.315 -0.055 0.01662981985 2
0 0.315 -0.045 0.0166735377 2
0 0.315 -0.035 0.01670491261 2
0 0.315 -0.025 0.01672404566 2
0 0.315 -0.015 0.01673104883 2
0 0.315 -0.005 0.01672605027 2
0 0.315 0.005 0.01670919877 2
0 0.315 0.015 0.01668066711 2
0 0.315 0.025 0.016640654 2
0 0.315 0.035 0.01658938465 2
0 0.315 0.045 0.01652710985 2
0 0.315 0.055 0.01645410406 2
0 0.315 0.065 0.01637066282 2
0 0.315 0.075 0.01627709996 2
0 0.315 0.085 0.01617374478 2
0 0.315 0.095 0.016060939 2
0 0.315 0.105 0.01593903239 2
0 0.315 0.115 0.01580837539 2
0 0.315 0.125 0.01566930642 2
0 0.315 0.135 0.01552213153 2
0 0.315 0.145 0.01536709506 2
0 0.315 0.155 0.01520434193 2
0 0.315 0.165 0.0150338745 2
0 0.315 0.175 0.01485551025 2
0 0.315 0.185 0.01466884848 2
0 0.315 0.195 0.01447325544 2
0 0.315 0.205 0.01426787557 2
0 0.315 0.215 0.01405167288 2
0 0.315 0.225 0.01382349875 2
0 0.315 0.235 0.0135821761 2
0 0.315 0.245 0.0133265846 2
0 0.315 0.255 0.01305573246 2
0 0.315 0.265 0.012768804 2
0 0.315 0.275 0.01246517845 2
0 0.315 0.285 0.0121444209 2
0 0.315 0.295 0.01180625139 2
0 0.315 0.305 0.01145049945 2
0 0.315 0.315 0.01107705282 2
0 0.315 0.325 0.0106858072 2
0 0.315 0.335 0.01027662353 2
0 0.315 0.345 0.009849296771 2
0 0.315 0.355 0.009403538523 2
0 0.315 0.365 0.00893897347 2
0 0.315 0.375 0.008455147572 2
0 0.315 0.385 0.007951544162 2
0 0.315 0.395 0.007427603527 2
0 0.315 0.405 0.006882741171 2
0 0.315 0.415 0.006316363186 2
0 0.315 0.425 0.005727870513 2
0 0.315 0.435 0.005116676555 2
0 0.315 0.445 0.004482140117 2
0 0.315 0.455 0.003823820643 2
0 0.315 0.465 0.003140352743 2
0 0.315 0.475 0.002434244629 2
0 0.315 0.485 0.001690859962 2
0 0.315 0.495 0.0009710181097 2
0 0.315 0.505 0 2
0 0.315 0.515 0 2
0 0.315 0.525 0 2
0 0.315 0.535 0 2
0 0.315 0.545 0 2
0 0.315 0.555 0 2
0 0.315 0.565 0 2
0 0.325 -0.555 0 2
0 0.325 -0.545 0 2
0 0.325 -0.535 0 2
0 0.325 -0.525 0 2
0 0.325 -0.515 0 2
0 0.325 -0.505 0 2
0 0.325 -0.495 0.0009807548319 2
0 0.325 -0.485 0.001707799022 2
0 0.325 -0.475 0.00246113378 2
0 0.325 -0.465 0.003178820475 2
0 0.325 -0.455 0.003874157696 2
0 0.325 -0.445 0.004542794944 2
0 0.325 -0.435 0.005184525326 2
0 0.325 -0.425 0.005798794572 2
0 0.325 -0.415 0.006386017648 2
0 0.325 -0.405 0.006947450161 2
0 0.325 -0.395 0.007485256726 2
0 0.325 -0.385 0.008002368955 2
0 0.325 -0.375 0.00850210601 2
0 0.325 -0.365 0.008987739219 2
0 0.325 -0.355 0.009462012432 2
0 0.325 -0.345 0.009926821781 2
0 0.325 -0.335 0.01038302644 2
0 0.325 -0.325 0.01083055719 2
0 0.325 -0.315 0.01126859648 2
0 0.325 -0.305 0.01169588631 2
0 0.325 -0.295 0.01211099062 2
0 0.325 -0.285 0.01251252897 2
0 0.325 -0.275 0.01289931579 2
0 0.325 -0.265 0.01327043452 2
0 0.325 -0.255 0.01362524899 2
0 0.325 -0.245 0.01396338134 2
0 0.325 -0.235 0.01428467056 2
0 0.325 -0.225 0.01458912668 2
0 0.325 -0.215 0.01487688722 2
0 0.325 -0.205 0.01514817992 2
0 0.325 -0.195 0.01540329228 2
0 0.325 -0.185 0.01564254758 2
0 0.325 -0.175 0.01586628617 2
0 0.325 -0.165 0.01607485124 2
0 0.325 -0.155 0.01626857798 2
0 0.325 -0.145 0.01644778548 2
0 0.325 -0.135 0.01661277104 2
0 0.325 -0.125 0.01676380633 2
0 0.325 -0.115 0.01690113535 2
0 0.325 -0.105 0.01702497391 2
0 0.325 -0.095 0.01713551039 2
0 0.325 -0.085 0.01723290784 2
0 0.325 -0.075 0.01731730704 2
0 0.325 -0.065 0.01738883045 2
0 0.325 -0.055 0.01744758693 2
0 0.325 -0.045 0.01749367691 2
0 0.325 -0.035 0.01752719795 2
0 0.325 -0.025 0.01754825033 2
0 0.325 -0.015 0.01755694246 2
0 0.325 -0.005 0.01755339591 2
0 0.325 0.005 0.01753774968 2
0 0.325 0.015 0.01751016357 2
0 0.325 0.025 0.01747082042 2
0 0.325 0.035 0.01741992721 2
0 0.325 0.045 0.01735771509 2
0 0.325 0.055 0.01728443842 2
0 0.325 0.065 0.01720037318 2
0 0.325 0.075 0.0171058147 2
0 0.325 0.085 0.01700107492 2
0 0.325 0.095 0.01688647841 2
0 0.325 0.105 0.01676235652 2
0 0.325 0.115 0.01662903806 2
0 0.325 0.125 0.01648683474 2
0 0.325 0.135 0.01633602007 2
0 0.325 0.145 0.01617680057 2
0 0.325 0.155 0.01600928038 2
0 0.325 0.165 0.0158334219 2
0 0.325 0.175 0.01564900801 2
0 0.325 0.185 0.01545561301 2
0 0.325 0.195 0.01525259077 2
0 0.325 0.205 0.0150390868 2
0 0.325 0.215 0.01481407776 2
0 0.325 0.225 0.01457643476 2
0 0.325 0.235 0.01432500126 2
0 0.325 0.245 0.01405867128 2
0 0.325 0.255 0.01377645481 2
0 0.325 0.265 0.01347752051 2
0 0.325 0.275 0.0131612119 2
0 0.325 0.285 0.01282703781 2
0 0.325 0.295 0.01247464334 2
0 0.325 0.305 0.01210376851 2
0 0.325 0.315 0.01171420254 2
0 0.325 0.325 0.01130574005 2
0 0.325 0.335 0.01087814419 2
0 0.325 0.345 0.01043111965 2
0 0.325 0.355 0.009964296939 2
0 0.325 0.365 0.00947722742 2
0 0.325 0.375 0.008969387392 2
0 0.325 0.385 0.008440188316 2
0 0.325 0.395 0.007888990051 2
0 0.325 0.405 0.007315113422 2
0 0.325 0.415 0.006717851679 2
0 0.325 0.425 0.006096472025 2
0 0.325 0.435 0.005450234785 2
0 0.325 0.445 0.004778320092 2
0 0.325 0.455 0.00408011156 2
0 0.325 0.465 0.003353968493 2
0 0.325 0.475 0.002602443773 2
0 0.325 0.485 0.001809542215 2
0 0.325 0.495 0.001040603233 2
0 0.325 0.505 0 2
0 0.325 0.515 0 2
0 0.325 0.525 0 2
0 0.325 0.535 0 2
0 0.325 0.545 0 2
0 0.325 0.555 0 2
0 0.325 0.565 0 2
0 0.335 -0.555 0 2
0 0.335 -0.545 0 2
0 0.335 -0.535 0 2
0 0.335 -0.525 0 2
0 0.335 -0.515 0 2
0 0.335 -0.505 0 2
0 0.335 -0.495 0.001037350017 2
0 0.335 -0.485 0.001808211365 2
0 0.335 -0.475 0.002609030345 2
0 0.335 -0.465 0.003373271568 2
0 0.335 -0.455 0.004114059906 2
0 0.335 -0.445 0.004826207572 2
0 0.335 -0.435 0.005509284629 2
0 0.335 -0.425 0.006162734088 2
0 0.335 -0.415 0.006787120857 2
0 0.335 -0.405 0.007383814138 2
0 0.335 -0.395 0.007954962032 2
0 0.335 -0.385 0.00850328942 2
0 0.335 -0.375 0.009031798261 2
0 0.335 -0.365 0.009543422784 2
0 0.335 -0.355 0.0100406835 2
0 0.335 -0.345 0.01052543747 2
0 0.335 -0.335 0.01099874331 2
0 0.335 -0.325 0.01146089661 2
0 0.335 -0.315 0.01191155614 2
0 0.335 -0.305 0.01234995 2
0 0.335 -0.295 0.01277508097 2
0 0.335 -0.285 0.01318591235 2
0 0.335 -0.275 0.0135814994 2
0 0.335 -0.265 0.01396107056 2
0 0.335 -0.255 0.01432406091 2
0 0.335 -0.245 0.01467011326 2
0 0.335 -0.235 0.01499905821 2
0 0.335 -0.225 0.01531088451 2
0 0.335 -0.215 0.01560570648 2
0 0.335 -0.205 0.01588373294 2
0 0.335 -0.195 0.01614523965 2
0 0.335 -0.185 0.01639054584 2
0 0.335 -0.175 0.01661999485 2
0 0.335 -0.165 0.01683393836 2
0 0.335 -0.155 0.01703272393 2
0 0.335 -0.145 0.01721668531 2
0 0.335 -0.135 0.01738613523 2
0 0.335 -0.125 0.01754136055 2
0 0.335 -0.115 0.01768261927 2
0 0.335 -0.105 0.01781013952 2
0 0.335 -0.095 0.01792412005 2
0 0.335 -0.085 0.01802473211 2
0 0.335 -0.075 0.01811212255 2
0 0.335 -0.065 0.01818641777 2
0 0.335 -0.055 0.01824772844 2
0 0.335 -0.045 0.01829615471 2
0 0.335 -0.035 0.01833179159 2
0 0.335 -0.025 0.01835473453 2
0 0.335 -0.015 0.01836508463 2
0 0.335 -0.005 0.01836295362 2
0 0.335 0.005 0.01834846807 2
0 0.335 0.015 0.01832177287 2
0 0.335 0.025 0.01828303381 2
0 0.335 0.035 0.01823243915 2
0 0.335 0.045 0.01817020032 2
0 0.335 0.055 0.01809655175 2
0 0.335 0.065 0.01801174993 2
0 0.335 0.075 0.01791607171 2
0 0.335 0.085 0.01780981176 2
0 0.335 0.095 0.01769327849 2
0 0.335 0.105 0.01756678779 2
0 0.335 0.115 0.01743065325 2
0 0.335 0.125 0.01728517141 2
0 0.335 0.135 0.0171306008 2
0 0.335 0.145 0.01696713375 2
0 0.335 0.155 0.01679486164 2
0 0.335 0.165 0.01661373558 2
0 0.335 0.175 0.01642352764 2
0 0.335 0.185 0.01622379953 2
0 0.335 0.195 0.01601388785 2
0 0.335 0.205 0.01579291417 2
0 0.335 0.215 0.01555982454 2
0 0.335 0.225 0.01531345559 2
0 0.335 0.235 0.01505261692 2
0 0.335 0.245 0.01477617227 2
0 0.335 0.255 0.01448310586 2
0 0.335 0.265 0.01417256294 2
0 0.335 0.275 0.01384386205 2
0 0.335 0.285 0.01349648 2
0 0.335 0.295 0.01313001916 2
0 0.335 0.305 0.0127441642 2
0 0.335 0.315 0.01233863756 2
0 0.335 0.325 0.01191315867 2
0 0.335 0.335 0.01146741106 2
0 0.335 0.345 0.01100101887 2
0 0.335 0.355 0.01051353323 2
0 0.335 0.365 0.01000442738 2
0 0.335 0.375 0.009473098962 2
0 0.335 0.385 0.008918876849 2
0 0.335 0.395 0.008341030465 2
0 0.335 0.405 0.007738778448 2
0 0.335 0.415 0.007111297232 2
0 0.335 0.425 0.006457720071 2
0 0.335 0.435 0.005777157331 2
0 0.335 0.445 0.005068616294 2
0 0.335 0.455 0.004331311745 2
0 0.335 0.465 0.003563337277 2
0 0.335 0.475 0.002767292942 2
0 0.335 0.485 0.001925855853 2
0 0.335 0.495 0.001108794591 2
0 0.335 0.505 0 2
0 0.335 0.515 0 2
0 0.335 0.525 0 2
0 0.335 0.535 0 2
0 0.335 0.545 0 2
0 0.335 0.555 0 2
0 0.335 0.565 0 2
0 0.345 -0.555 0 2
0 0.345 -0.545 0 2
0 0.345 -0.535 0 2
0 0.345 -0.525 0 2
0 0.345 -0.515 0 2
0 0.345 -0.505 0 2
0 0.345 -0.495 0.001087273506 2
0 0.345 -0.485 0.001900459556 2
0 0.345 -0.475 0.0027488032 2
0 0.345 -0.465 0.003560437475 2
0 0.345 -0.455 0.004347356052 2
0 0.345 -0.445 0.005103249364 2
0 0.345 -0.435 0.005827469827 2
0 0.345 -0.425 0.006519426161 2
0 0.345 -0.415 0.007179839394 2
0 0.345 -0.405 0.007810239865 2
0 0.345 -0.395 0.008412863511 2
0 0.345 -0.385 0.008990416048 2
0 0.345 -0.375 0.009545805179 2
0 0.345 -0.365 0.01008184788 2
0 0.345 -0.355 0.01060099612 2
0 0.345 -0.345 0.01110513412 2
0 0.345 -0.335 0.01159547261 2
0 0.345 -0.325 0.01207256024 2
0 0.345 -0.315 0.01253637818 2
0 0.345 -0.305 0.01298649402 2
0 0.345 -0.295 0.01342222858 2
0 0.345 -0.285 0.01384281078 2
0 0.345 -0.275 0.01424749788 2
0 0.345 -0.265 0.0146356569 2
0 0.345 -0.255 0.01500680848 2
0 0.345 -0.245 0.0153606414 2
0 0.345 -0.235 0.01569700667 2
0 0.345 -0.225 0.01601589937 2
0 0.345 -0.215 0.01631743469 2
0 0.345 -0.205 0.01660182243 2
0 0.345 -0.195 0.01686934242 2
0 0.345 -0.185 0.01712032221 2
0 0.345 -0.175 0.01735511754 2
0 0.345 -0.165 0.01757409575 2
0 0.345 -0.155 0.01777762199 2
0 0.345 -0.145 0.01796604822 2
0 0.345 -0.135 0.01813970481 2
0 0.345 -0.125 0.01829889465 2
0 0.345 -0.115 0.01844388958 2
0 0.345 -0.105 0.01857492885 2
0 0.345 -0.095 0.01869221954 2
0 0.345 -0.085 0.01879593843 2
0 0.345 -0.075 0.01888623519 2
0 0.345 -0.065 0.0189632365 2
0 0.345 -0.055 0.01902705094 2
0 0.345 -0.045 0.01907777426 2
0 0.345 -0.035 0.01911549491 2
0 0.345 -0.025 0.01914029952 2
0 0.345 -0.015 0.01915227831 2
0 0.345 -0.005 0.0191515299 2
0 0.345 0.005 0.01913816574 2
0 0.345 0.015 0.01911231375 2
0 0.345 0.025 0.01907412114 2
0 0.345 0.035 0.01902375648 2
0 0.345 0.045 0.01896141088 2
0 0.345 0.055 0.01888729843 2
0 0.345 0.065 0.01880165589 2
0 0.345 0.075 0.01870474155 2
0 0.345 0.085 0.01859683319 2
0 0.345 0.095 0.01847822448 2
0 0.345 0.105 0.01834921934 2
0 0.345 0.115 0.01821012289 2
0 0.345 0.125 0.01806122789 2
0 0.345 0.135 0.01790279488 2
0 0.345 0.145 0.01773502487 2
0 0.345 0.155 0.01755802397 2
0 0.345 0.165 0.01737176108 2
0 0.345 0.175 0.01717602279 2
0 0.345 0.185 0.01697037277 2
0 0.345 0.195 0.01675412751 2
0 0.345 0.205 0.01652635988 2
0 0.345 0.215 0.01628594067 2
0 0.345 0.225 0.01603161514 2
0 0.345 0.235 0.01576210296 2
0 0.345 0.245 0.01547619299 2
0 0.345 0.255 0.01517281831 2
0 0.345 0.265 0.01485109619 2
0 0.345 0.275 0.01451033475 2
0 0.345 0.285 0.01415000545 2
0 0.345 0.295 0.01376970051 2
0 0.345 0.305 0.01336908159 2
0 0.345 0.315 0.01294783289 2
0 0.345 0.325 0.01250562075 2
0 0.345 0.335 0.01204206406 2
0 0.345 0.345 0.01155671431 2
0 0.345 0.355 0.01104904488 2
0 0.345 0.365 0.01051844774 2
0 0.345 0.375 0.00996423558 2
0 0.345 0.385 0.009385647272 2
0 0.345 0.395 0.008781854909 2
0 0.345 0.405 0.00815196991 2
0 0.345 0.415 0.007495049488 2
0 0.345 0.425 0.006810093435 2
0 0.345 0.435 0.006096065257 2
0 0.345 0.445 0.005351804792 2
0 0.345 0.455 0.004576364358 2
0 0.345 0.465 0.003767581186 2
0 0.345 0.475 0.002928103744 2
0 0.345 0.485 0.002039317146 2
0 0.345 0.495 0.001175309953 2
0 0.345 0.505 0 2
0 0.345 0.515 0 2
0 0.345 0.525 0 2
0 0.345 0.535 0 2
0 0.345 0.545 0 2
0 0.345 0.555 0 2
0 0.345 0.565 0 2
0 0.355 -0.555 0 2
0 0.355 -0.545 0 2
0 0.355 -0.535 0 2
0 0.355 -0.525 0 2
0 0.355 -0.515 0 2
0 0.355 -0.505 0 2
0 0.355 -0.495 0.001126503902 2
0 0.355 -0.485 0.001982516271 2
0 0.355 -0.475 0.00287913807 2
0 0.355 -0.465 0.003739317184 2
0 0.355 -0.455 0.004573241232 2
0 0.355 -0.445 0.005373067718 2
0 0.355 -0.435 0.006137984903 2
0 0.355 -0.425 0.006867523885 2
0 0.355 -0.415 0.007562621195 2
0 0.355 -0.405 0.008225050912 2
0 0.355 -0.395 0.008857252457 2
0 0.355 -0.385 0.009462068344 2
0 0.355 -0.375 0.01004249081 2
0 0.355 -0.365 0.01060138997 2
0 0.355 -0.355 0.01114127162 2
0 0.355 -0.345 0.01166409962 2
0 0.355 -0.335 0.01217120928 2
0 0.355 -0.325 0.01266331805 2
0 0.355 -0.315 0.013140611 2
0 0.355 -0.305 0.01360287426 2
0 0.355 -0.295 0.01404964209 2
0 0.355 -0.285 0.01448033395 2
0 0.355 -0.275 0.01489436488 2
0 0.355 -0.265 0.01529122359 2
0 0.355 -0.255 0.01567051902 2
0 0.355 -0.245 0.01603200108 2
0 0.355 -0.235 0.01637556216 2
0 0.355 -0.225 0.0167012262 2
0 0.355 -0.215 0.01700913065 2
0 0.355 -0.205 0.01729950519 2
0 0.355 -0.195 0.01757264979 2
0 0.355 -0.185 0.01782891363 2
0 0.355 -0.175 0.01806867564 2
0 0.355 -0.165 0.01829232732 2
0 0.355 -0.155 0.01850025789 2
0 0.355 -0.145 0.01869284217 2
0 0.355 -0.135 0.01887043112 2
0 0.355 -0.125 0.01903334511 2
0 0.355 -0.115 0.01918186984 2
0 0.355 -0.105 0.0193162546 2
0 0.355 -0.095 0.01943671272 2
0 0.355 -0.085 0.01954342367 2
0 0.355 -0.075 0.01963653653 2
0 0.355 -0.065 0.01971617451 2
0 0.355 -0.055 0.01978244007 2
0 0.355 -0.045 0.01983542048 2
0 0.355 -0.035 0.01987519353 2
0 0.355 -0.025 0.01990183323 2
0 0.355 -0.015 0.01991541523 2
0 0.355 -0.005 0.01991602189 2
0 0.355 0.005 0.0199037468 2
0 0.355 0.015 0.01987869865 2
0 0.355 0.025 0.01984100437 2
0 0.355 0.035 0.01979081156 2
0 0.355 0.045 0.01972829004 2
0 0.355 0.055 0.0196536329 2
0 0.355 0.065 0.01956705664 2
0 0.355 0.075 0.01946880076 2
0 0.355 0.085 0.01935912634 2
0 0.355 0.095 0.01923831358 2
0 0.355 0.105 0.01910665739 2
0 0.355 0.115 0.01896446032 2
0 0.355 0.125 0.01881202139 2
0 0.355 0.135 0.01864961874 2
0 0.355 0.145 0.01847748415 2
0 0.355 0.155 0.01829576691 2
0 0.355 0.165 0.0181044863 2
0 0.355 0.175 0.01790347491 2
0 0.355 0.185 0.01769232044 2
0 0.355 0.195 0.01747032193 2
0 0.355 0.205 0.01723647898 2
0 0.355 0.215 0.01698953588 2
0 0.355 0.225 0.0167280785 2
0 0.355 0.235 0.01645067194 2
0 0.355 0.245 0.01615598132 2
0 0.355 0.255 0.0158428646 2
0 0.355 0.265 0.0155104118 2
0 0.355 0.275 0.01515794377 2
0 0.355 0.285 0.01478495959 2
0 0.355 0.295 0.01439107785 2
0 0.355 0.305 0.01397596938 2
0 0.355 0.315 0.01353930625 2
0 0.355 0.325 0.01308072016 2
0 0.355 0.335 0.01259977703 2
0 0.355 0.345 0.01209596103 2
0 0.355 0.355 0.01156866848 2
0 0.355 0.365 0.01101720722 2
0 0.355 0.375 0.01044080028 2
0 0.355 0.385 0.009838591259 2
0 0.355 0.395 0.009209650339 2
0 0.355 0.405 0.008552978734 2
0 0.355 0.415 0.007867513581 2
0 0.355 0.425 0.007152122657 2
0 0.355 0.435 0.006405626162 2
0 0.355 0.445 0.005626702001 2
0 0.355 0.455 0.004814246225 2
0 0.355 0.465 0.003965849189 2
0 0.355 0.475 0.003084208027 2
0 0.355 0.485 0.002149456112 2
0 0.355 0.495 0.001239874908 2
0 0.355 0.505 0 2
0 0.355 0.515 0 2
0 0.355 0.525 0 2
0 0.355 0.535 0 2
0 0.355 0.545 0 2
0 0.355 0.555 0 2
0 0.355 0.565 0 2
0 0.365 -0.555 0 1
0 0.365 -0.545 0 1
0 0.365 -0.535 0 1
0 0.365 -0.525 0 2
0 0.365 -0.515 0 2
0 0.365 -0.505 0 2
0 0.365 -0.495 0.001149363125 2
0 0.365 -0.485 0.002049544559 2
0 0.365 -0.475 0.002999759792 2
0 0.365 -0.465 0.003909686712 2
0 0.365 -0.455 0.004791143405 2
0 0.365 -0.445 0.005634866373 2
0 0.365 -0.435 0.006439788677 2
0 0.365 -0.425 0.007205739583 2
0 0.365 -0.415 0.007933984498 2
0 0.365 -0.405 0.008626630695 2
0 0.365 -0.395 0.009286435075 2
0 0.365 -0.385 0.009916514223 2
0 0.365 -0.375 0.01052010179 2
0 0.365 -0.365 0.01110026838 2
0 0.365 -0.355 0.01165967846 2
0 0.365 -0.345 0.01220041735 2
0 0.365 -0.335 0.01272392005 2
0 0.365 -0.325 0.01323099781 2
0 0.365 -0.315 0.01372193677 2
0 0.365 -0.305 0.01419663526 2
0 0.365 -0.295 0.01465474809 2
0 0.365 -0.285 0.01509581609 2
0 0.365 -0.275 0.01551936854 2
0 0.365 -0.265 0.01592499537 2
0 0.365 -0.255 0.01631239107 2
0 0.365 -0.245 0.01668137568 2
0 0.365 -0.235 0.01703189859 2
0 0.365 -0.225 0.01736403101 2
0 0.365 -0.215 0.0176779513 2
0 0.365 -0.205 0.01797392656 2
0 0.365 -0.195 0.01825229263 2
0 0.365 -0.185 0.01851343395 2
0 0.365 -0.175 0.01875776427 2
0 0.365 -0.165 0.01898570877 2
0 0.365 -0.155 0.0191976883 2
0 0.365 -0.145 0.01939410609 2
0 0.365 -0.135 0.01957533728 2
0 0.365 -0.125 0.01974172155 2
0 0.365 -0.115 0.01989355866 2
0 0.365 -0.105 0.02003110677 2
0 0.365 -0.095 0.02015458322 2
0 0.365 -0.085 0.02026416708 2
0 0.365 -0.075 0.02036000327 2
0 0.365 -0.065 0.0204422075 2
0 0.365 -0.055 0.02051087199 2
0 0.365 -0.045 0.02056607135 2
0 0.365 -0.035 0.02060786865 2
0 0.365 -0.025 0.02063632136 2
0 0.365 -0.015 0.02065148699 2
0 0.365 -0.005 0.02065342841 2
0 0.365 0.005 0.02064221858 2
0 0.365 0.015 0.02061794466 2
0 0.365 0.025 0.02058071146 2
0 0.365 0.035 0.02053064413 2
0 0.365 0.045 0.02046789015 2
0 0.365 0.055 0.02039262071 2
0 0.365 0.065 0.0203050314 2
0 0.365 0.075 0.02020534243 2
0 0.365 0.085 0.02009379808 2
0 0.365 0.095 0.01997066555 2
0 0.365 0.105 0.0198362325 2
0 0.365 0.115 0.01969080286 2
0 0.365 0.125 0.0195346893 2
0 0.365 0.135 0.01936820052 2
0 0.365 0.145 0.01919161953 2
0 0.365 0.155 0.01900516869 2
0 0.365 0.165 0.01880895657 2
0 0.365 0.175 0.01860290516 2
0 0.365 0.185 0.01838666301 2
0 0.365 0.195 0.01815952622 2
0 0.365 0.205 0.01792039703 2
0 0.365 0.215 0.01766782834 2
0 0.365 0.225 0.01740015399 2
0 0.365 0.235 0.0171157026 2
0 0.365 0.245 0.01681295772 2
0 0.365 0.255 0.01649068061 2
0 0.365 0.265 0.01614794308 2
0 0.365 0.275 0.0157841191 2
0 0.365 0.285 0.01539877972 2
0 0.365 0.295 0.01499161443 2
0 0.365 0.305 0.01456233572 2
0 0.365 0.315 0.01411062712 2
0 0.365 0.325 0.01363609919 2
0 0.365 0.335 0.01313827193 2
0 0.365 0.345 0.01261656414 2
0 0.365 0.355 0.01207029381 2
0 0.365 0.365 0.01149868142 2
0 0.365 0.375 0.01090085633 2
0 0.365 0.385 0.01027586307 2
0 0.365 0.395 0.009622667129 2
0 0.365 0.405 0.008940158339 2
0 0.365 0.415 0.008227154443 2
0 0.365 0.425 0.007482393822 2
0 0.365 0.435 0.006704557706 2
0 0.365 0.445 0.005892168059 2
0 0.365 0.455 0.005043971075 2
0 0.365 0.465 0.004157320137 2
0 0.365 0.475 0.003234960506 2
0 0.365 0.485 0.002255818542 2
0 0.365 0.495 0.001302224148 2
0 0.365 0.505 0 2
0 0.365 0.515 0 2
0 0.365 0.525 0 2
0 0.365 0.535 0 2
0 0.365 0.545 0 2
0 0.365 0.555 0 2
0 0.365 0.565 0 2
0 0.375 -0.555 0 1
0 0.375 -0.545 0 1
0 0.375 -0.535 0 1
0 0.375 -0.525 0 1
0 0.375 -0.515 0 1
0 0.375 -0.505 0 2
0 0.375 -0.495 0.001162185177 2
0 0.375 -0.485 0.002100011726 2
0 0.375 -0.475 0.003105318675 2
0 0.375 -0.465 0.004070734706 2
0 0.375 -0.455 0.005000233823 2
0 0.375 -0.445 0.005887655242 2
0 0.375 -0.435 0.006731785586 2
0 0.375 -0.425 0.007532760492 2
0 0.375 -0.415 0.008292463646 2
0 0.375 -0.405 0.009013403487 2
0 0.375 -0.395 0.009698744705 2
0 0.375 -0.385 0.01035200692 2
0 0.375 -0.375 0.01097682221 2
0 0.375 -0.365 0.01157661035 2
0 0.375 -0.355 0.01215429635 2
0 0.375 -0.345 0.01271211977 2
0 0.375 -0.335 0.01325158127 2
0 0.375 -0.325 0.01377350527 2
0 0.375 -0.315 0.01427817704 2
0 0.375 -0.305 0.01476550659 2
0 0.375 -0.295 0.01523518459 2
0 0.375 -0.285 0.0156868112 2
0 0.375 -0.275 0.0161199911 2
0 0.375 -0.265 0.01653439656 2
0 0.375 -0.255 0.01692980388 2
0 0.375 -0.245 0.01730610962 2
0 0.375 -0.235 0.01766333271 2
0 0.375 -0.225 0.01800160701 2
0 0.375 -0.215 0.01832116808 2
0 0.375 -0.205 0.01862233636 2
0 0.375 -0.195 0.01890549852 2
0 0.375 -0.185 0.01917108796 2
0 0.375 -0.175 0.0194195653 2
0 0.375 -0.165 0.0196513998 2
0 0.375 -0.155 0.01986705234 2
0 0.375 -0.145 0.02006696087 2
0 0.375 -0.135 0.02025152887 2
0 0.375 -0.125 0.02042111738 2
0 0.375 -0.115 0.02057604036 2
0 0.375 -0.105 0.02071656347 2
0 0.375 -0.095 0.02084290543 2
0 0.375 -0.085 0.02095524149 2
0 0.375 -0.075 0.0210537084 2
0 0.375 -0.065 0.0211384102 2
0 0.375 -0.055 0.02120942451 2
0 0.375 -0.045 0.02126680901 2
0 0.375 -0.035 0.02131060791 2
0 0.375 -0.025 0.0213408582 2
0 0.375 -0.015 0.02135759566 2
0 0.375 -0.005 0.02136086044 2
0 0.375 0.005 0.02135070204 2
0 0.375 0.015 0.02132718378 2
0 0.375 0.025 0.02129038645 2
0 0.375 0.035 0.0212404113 2
0 0.375 0.045 0.02117738233 2
0 0.375 0.055 0.02110144795 2
0 0.375 0.065 0.02101278215 2
0 0.375 0.075 0.02091158515 2
0 0.375 0.085 0.02079808389 2
0 0.375 0.095 0.02067253216 2
0 0.375 0.105 0.02053521045 2
0 0.375 0.115 0.02038642511 2
0 0.375 0.125 0.02022650606 2
0 0.375 0.135 0.02005580071 2
0 0.375 0.145 0.01987465992 2
0 0.375 0.155 0.01968340866 2
0 0.375 0.165 0.01948229045 2
0 0.375 0.175 0.01927137689 2
0 0.375 0.185 0.019050439 2
0 0.375 0.195 0.01881880853 2
0 0.375 0.205 0.01857527158 2
0 0.375 0.215 0.0183181034 2
0 0.375 0.225 0.01804524673 2
0 0.375 0.235 0.01775468803 2
0 0.375 0.245 0.01744466014 2
0 0.375 0.255 0.01711381204 2
0 0.375 0.265 0.01676121566 2
0 0.375 0.275 0.01638636899 2
0 0.375 0.285 0.01598897119 2
0 0.375 0.295 0.01556883732 2
0 0.375 0.305 0.0151257507 2
0 0.375 0.315 0.01465942655 2
0 0.375 0.325 0.01416946196 2
0 0.375 0.335 0.013655334 2
0 0.375 0.345 0.01311639417 2
0 0.375 0.355 0.01255187863 2
0 0.375 0.365 0.01196091616 2
0 0.375 0.375 0.0113425387 2
0 0.375 0.385 0.01069568898 2
0 0.375 0.395 0.01001922665 2
0 0.375 0.405 0.009311930678 2
0 0.375 0.415 0.008572501683 2
0 0.375 0.425 0.007799552618 2
0 0.375 0.435 0.006991631108 2
0 0.375 0.445 0.006147109948 2
0 0.375 0.455 0.005264592352 2
0 0.375 0.465 0.004341205253 2
0 0.375 0.475 0.003379740863 2
0 0.375 0.485 0.002357967586 2
0 0.375 0.495 0.001362102461 2
0 0.375 0.505 0 2
0 0.375 0.515 0 2
0 0.375 0.525 0 2
0 0.375 0.535 0 2
0 0.375 0.545 0 2
0 0.375 0.555 0 2
0 0.375 0.565 0 2
0 0.385 -0.555 0 1
0 0.385 -0.545 0 1
0 0.385 -0.535 0 1
0 0.385 -0.525 0 1
0 0.385 -0.515 0 1
0 0.385 -0.505 0 1
0 0.385 -0.495 0.001164597818 2
0 0.385 -0.485 0.002138103187 2
0 0.385 -0.475 0.003198511406 2
0 0.385 -0.465 0.004220220137 2
0 0.385 -0.455 0.00519947771 2
0 0.385 -0.445 0.006130338371 2
0 0.385 -0.435 0.007012671691 2
0 0.385 -0.425 0.00784717532 2
0 0.385 -0.415 0.008636591293 2
0 0.385 -0.405 0.00938385171 2
0 0.385 -0.395 0.01009257212 2
0 0.385 -0.385 0.01076681436 2
0 0.385 -0.375 0.01141079873 2
0 0.385 -0.365 0.0120284737 2
0 0.385 -0.355 0.01262314054 2
0 0.385 -0.345 0.0131972147 2
0 0.385 -0.335 0.01375220507 2
0 0.385 -0.325 0.01428884621 2
0 0.385 -0.315 0.01480730825 2
0 0.385 -0.305 0.01530741128 2
0 0.385 -0.295 0.01578880381 2
0 0.385 -0.285 0.01625109292 2
0 0.385 -0.275 0.01669392852 2
0 0.385 -0.265 0.01711705225 2
0 0.385 -0.255 0.01752032117 2
0 0.385 -0.245 0.01790371508 2
0 0.385 -0.235 0.01826733338 2
0 0.385 -0.225 0.01861138584 2
0 0.385 -0.215 0.01893617929 2
0 0.385 -0.205 0.01924210175 2
0 0.385 -0.195 0.0195296047 2
0 0.385 -0.185 0.01979918387 2
0 0.385 -0.175 0.02005135927 2
0 0.385 -0.165 0.02028665534 2
0 0.385 -0.155 0.02050558226 2
0 0.385 -0.145 0.02070861975 2
0 0.385 -0.135 0.0208962042 2
0 0.385 -0.125 0.02106872009 2
0 0.385 -0.115 0.02122649549 2
0 0.385 -0.105 0.02136980162 2
0 0.385 -0.095 0.02149885538 2
0 0.385 -0.085 0.02161382421 2
0 0.385 -0.075 0.02171483229 2
0 0.385 -0.065 0.02180196738 2
0 0.385 -0.055 0.02187528801 2
0 0.385 -0.045 0.02193483052 2
0 0.385 -0.035 0.02198061601 2
0 0.385 -0.025 0.02201265706 2
0 0.385 -0.015 0.02203096406 2
0 0.385 -0.005 0.02203555113 2
0 0.385 0.005 0.02202644157 2
0 0.385 0.015 0.02200367247 2
0 0.385 0.025 0.02196729877 2
0 0.385 0.035 0.02191739644 2
0 0.385 0.045 0.02185406497 2
0 0.385 0.055 0.02177742926 2
0 0.385 0.065 0.02168764102 2
0 0.385 0.075 0.02158487993 2
0 0.385 0.085 0.02146935471 2
0 0.385 0.095 0.02134130458 2
0 0.385 0.105 0.02120100116 2
0 0.385 0.115 0.02104875124 2
0 0.385 0.125 0.02088490035 2
0 0.385 0.135 0.02070983567 2
0 0.385 0.145 0.0205239844 2
0 0.385 0.155 0.02032779851 2
0 0.385 0.165 0.02012170824 2
0 0.385 0.175 0.01990602058 2
0 0.385 0.185 0.01968073556 2
0 0.385 0.195 0.01944530864 2
0 0.385 0.205 0.01919840601 2
0 0.385 0.215 0.01893789845 2
0 0.385 0.225 0.01866108972 2
0 0.385 0.235 0.01836548271 2
0 0.385 0.245 0.01804897521 2
0 0.385 0.255 0.01771010562 2
0 0.385 0.265 0.01734797418 2
0 0.385 0.275 0.01696235113 2
0 0.385 0.285 0.0165531354 2
0 0.385 0.295 0.01612034409 2
0 0.385 0.305 0.01566384683 2
0 0.385 0.315 0.01518340206 2
0 0.385 0.325 0.01467858562 2
0 0.385 0.335 0.0141488269 2
0 0.385 0.345 0.01359340335 2
0 0.385 0.355 0.01301146427 2
0 0.385 0.365 0.01240204156 2
0 0.385 0.375 0.01176406615 2
0 0.385 0.385 0.01109637737 2
0 0.385 0.395 0.01039772942 2
0 0.385 0.405 0.009666792699 2
0 0.385 0.415 0.008902154697 2
0 0.385 0.425 0.008102308411 2
0 0.385 0.435 0.007265674471 2
0 0.385 0.445 0.006390484254 2
0 0.385 0.455 0.005475205542 2
0 0.385 0.465 0.004516750082 2
0 0.385 0.475 0.003517955323 2
0 0.385 0.485 0.002455484915 2
0 0.385 0.495 0.001419265439 2
0 0.385 0.505 0 2
0 0.385 0.515 0 2
0 0.385 0.525 0 2
0 0.385 0.535 0 2
0 0.385 0.545 0 2
0 0.385 0.555 0 2
0 0.385 0.565 0 2
0 0.395 -0.555 0 1
0 0.395 -0.545 0 1
0 0.395 -0.535 0 1
0 0.395 -0.525 0 1
0 0.395 -0.515 0 1
0 0.395 -0.505 0 1
0 0.395 -0.495 0.001152074159 1
0 0.395 -0.485 0.002159842218 2
0 0.395 -0.475 0.003269879682 2
0 0.395 -0.465 0.004352977643 2
0 0.395 -0.455 0.005388380806 2
0 0.395 -0.445 0.006361797079 2
0 0.395 -0.435 0.007280837233 2
0 0.395 -0.425 0.008147418231 2
0 0.395 -0.415 0.008964905245 2
0 0.395 -0.405 0.00973655264 2
0 0.395 -0.395 0.01046640559 2
0 0.395 -0.385 0.01115925012 2
0 0.395 -0.375 0.01182016459 2
0 0.395 -0.365 0.0124538719 2
0 0.395 -0.355 0.0130641967 2
0 0.395 -0.345 0.01365373076 2
0 0.395 -0.335 0.01422388891 2
0 0.395 -0.325 0.01477517122 2
0 0.395 -0.315 0.01530749544 2
0 0.395 -0.305 0.01582048649 2
0 0.395 -0.295 0.01631368154 2
0 0.395 -0.285 0.01678665603 2
0 0.395 -0.275 0.01723908802 2
0 0.395 -0.265 0.01767078518 2
0 0.395 -0.255 0.01808168974 2
0 0.395 -0.245 0.01847187315 2
0 0.395 -0.235 0.01884152574 2
0 0.395 -0.225 0.01919094442 2
0 0.395 -0.215 0.01952051906 2
0 0.395 -0.205 0.01983071756 2
0 0.395 -0.195 0.02012206895 2
0 0.395 -0.185 0.02039514436 2
0 0.395 -0.175 0.02065053609 2
0 0.395 -0.165 0.02088883581 2
0 0.395 -0.155 0.02111061334 2
0 0.395 -0.145 0.021316398 2
0 0.395 -0.135 0.02150666402 2
0 0.395 -0.125 0.02168182121 2
0 0.395 -0.115 0.02184221105 2
0 0.395 -0.105 0.02198810749 2
0 0.395 -0.095 0.02211972155 2
0 0.395 -0.085 0.02223720803 2
0 0.395 -0.075 0.02234067353 2
0 0.395 -0.065 0.02243018466 2
0 0.395 -0.055 0.02250577608 2
0 0.395 -0.045 0.02256745827 2
0 0.395 -0.035 0.02261522497 2
0 0.395 -0.025 0.02264906029 2
0 0.395 -0.015 0.0226689455 2
0 0.395 -0.005 0.02267486544 2
0 0.395 0.005 0.02266681427 2
0 0.395 0.015 0.02264480061 2
0 0.395 0.025 0.02260885177 2
0 0.395 0.035 0.0225590172 2
0 0.395 0.045 0.02249537108 2
0 0.395 0.055 0.02241801433 2
0 0.395 0.065 0.02232707608 2
0 0.395 0.075 0.02222271506 2
0 0.395 0.085 0.02210512114 2
0 0.395 0.095 0.02197451745 2
0 0.395 0.105 0.02183116397 2
0 0.395 0.115 0.02167536327 2
0 0.395 0.125 0.02150746956 2
0 0.395 0.135 0.02132790158 2
0 0.395 0.145 0.02113715845 2
0 0.395 0.155 0.02093582922 2
0 0.395 0.165 0.02072457533 2
0 0.395 0.175 0.02050403712 2
0 0.395 0.185 0.02027460061 2
0 0.395 0.195 0.02003601727 2
0 0.395 0.205 0.01978688582 2
0 0.395 0.215 0.01952450562 2
0 0.395 0.225 0.0192450931 2
0 0.395 0.235 0.01894555467 2
0 0.395 0.245 0.01862340053 2
0 0.395 0.255 0.01827709032 2
0 0.395 0.265 0.01790571829 2
0 0.395 0.275 0.01750960301 2
0 0.395 0.285 0.01708885922 2
0 0.395 0.295 0.01664379788 2
0 0.395 0.305 0.0161743531 2
0 0.395 0.315 0.01568035251 2
0 0.395 0.325 0.01516134558 2
0 0.395 0.335 0.01461671292 2
0 0.395 0.345 0.01404564446 2
0 0.395 0.355 0.01344719312 2
0 0.395 0.365 0.0128202872 2
0 0.395 0.375 0.01216375402 2
0 0.395 0.385 0.0114763291 2
0 0.395 0.395 0.01075666336 2
0 0.395 0.405 0.01000332279 2
0 0.395 0.415 0.009214787637 2
0 0.395 0.425 0.008389438057 2
0 0.395 0.435 0.007525575704 2
0 0.395 0.445 0.006621299428 2
0 0.395 0.455 0.00567494993 2
0 0.395 0.465 0.004683235861 2
0 0.395 0.475 0.003649037695 2
0 0.395 0.485 0.002547971443 2
0 0.395 0.495 0.001473479903 2
0 0.395 0.505 0 2
0 0.395 0.515 0 2
0 0.395 0.525 0 2
0 0.395 0.535 0 2
0 0.395 0.545 0 2
0 0.395 0.555 0 2
0 0.395 0.565 0 2
0 0.405 -0.555 0 1
0 0.405 -0.545 0 1
0 0.405 -0.535 0 1
0 0.405 -0.525 0 1
0 0.405 -0.515 0 1
0 0.405 -0.505 0 1
0 0.405 -0.495 0.001162540901 1
0 0.405 -0.485 0.002169424244 2
0 0.405 -0.475 0.003327874217 2
0 0.405 -0.465 0.004477812146 2
0 0.405 -0.455 0.00556596134 2
0 0.405 -0.445 0.006580270954 2
0 0.405 -0.435 0.00753434637 2
0 0.405 -0.425 0.00843194427 2
0 0.405 -0.415 0.009276249887 2
0 0.405 -0.405 0.0100704965 2
0 0.405 -0.395 0.01081908832 2
0 0.405 -0.385 0.01152784049 2
0 0.405 -0.375 0.01220312848 2
0 0.405 -0.365 0.01285081505 2
0 0.405 -0.355 0.01347545593 2
0 0.405 -0.345 0.01407976612 2
0 0.405 -0.335 0.01466487513 2
0 0.405 -0.325 0.01523083343 2
0 0.405 -0.315 0.01577713626 2
0 0.405 -0.305 0.01630310926 2
0 0.405 -0.295 0.01680812662 2
0 0.405 -0.285 0.01729171483 2
0 0.405 -0.275 0.01775358067 2
0 0.405 -0.265 0.01819360685 2
0 0.405 -0.255 0.01861183191 2
0 0.405 -0.245 0.01900842963 2
0 0.405 -0.235 0.01938369075 2
0 0.405 -0.225 0.01973800809 2
0 0.405 -0.215 0.02007186347 2
0 0.405 -0.205 0.02038581448 2
0 0.405 -0.195 0.02068047897 2
0 0.405 -0.185 0.02095651627 2
0 0.405 -0.175 0.02121460464 2
0 0.405 -0.165 0.0214554164 2
0 0.405 -0.155 0.02167959285 2
0 0.405 -0.145 0.02188772182 2
0 0.405 -0.135 0.02208032062 2
0 0.405 -0.125 0.02225782586 2
0 0.405 -0.115 0.02242059054 2
0 0.405 -0.105 0.02256888725 2
0 0.405 -0.095 0.02270291564 2
0 0.405 -0.085 0.02282281206 2
0 0.405 -0.075 0.02292865985 2
0 0.405 -0.065 0.02302049913 2
0 0.405 -0.055 0.02309833585 2
0 0.405 -0.045 0.02316215009 2
0 0.405 -0.035 0.02321190391 2
0 0.405 -0.025 0.02324754883 2
0 0.405 -0.015 0.02326903322 2
0 0.405 -0.005 0.02327630915 2
0 0.405 0.005 0.02326933878 2
0 0.405 0.015 0.02324809991 2
0 0.405 0.025 0.02321259061 2
0 0.405 0.035 0.02316283274 2
0 0.405 0.045 0.02309887472 2
0 0.405 0.055 0.02302079337 2
0 0.405 0.065 0.02292869546 2
0 0.405 0.075 0.02282271895 2
0 0.405 0.085 0.0227030347 2
0 0.405 0.095 0.02256984885 2
0 0.405 0.105 0.02242340708 2
0 0.405 0.115 0.02226400195 2
0 0.405 0.125 0.02209198574 2
0 0.405 0.135 0.02190779166 2
0 0.405 0.145 0.02171196856 2
0 0.405 0.155 0.02150522302 2
0 0.405 0.165 0.02128845872 2
0 0.405 0.175 0.0210627619 2
0 0.405 0.185 0.02082919149 2
0 0.405 0.195 0.02058821511 2
0 0.405 0.205 0.02033857634 2
0 0.405 0.215 0.02007675076 2
0 0.405 0.225 0.01979665593 2
0 0.405 0.235 0.01949454243 2
0 0.405 0.245 0.0191674613 2
0 0.405 0.255 0.01881393844 2
0 0.405 0.265 0.0184328932 2
0 0.405 0.275 0.01802611372 2
0 0.405 0.285 0.01759382651 2
0 0.405 0.295 0.01713686083 2
0 0.405 0.305 0.0166550219 2
0 0.405 0.315 0.01614816393 2
0 0.405 0.325 0.01561573121 2
0 0.405 0.335 0.0150570743 2
0 0.405 0.345 0.01447128991 2
0 0.405 0.355 0.01385732524 2
0 0.405 0.365 0.01321399701 2
0 0.405 0.375 0.01254002656 2
0 0.405 0.385 0.01183404748 2
0 0.405 0.395 0.01109461156 2
0 0.405 0.405 0.01032018674 2
0 0.405 0.415 0.009509153835 2
0 0.405 0.425 0.00865978913 2
0 0.405 0.435 0.007770284828 2
0 0.405 0.445 0.0068386174 2
0 0.405 0.455 0.005863009701 2
0 0.405 0.465 0.00483998024 2
0 0.405 0.475 0.003772449829 2
0 0.405 0.485 0.002635047599 2
0 0.405 0.495 0.001524524055 2
0 0.405 0.505 0 2
0 0.405 0.515 0 2
0 0.405 0.525 0 2
0 0.405 0.535 0 2
0 0.405 0.545 0 2
0 0.405 0.555 0 2
0 0.405 0.565 0 2
0 0.415 -0.555 0 1
0 0.415 -0.545 0 1
0 0.415 -0.535 0 1
0 0.415 -0.525 0 1
0 0.415 -0.515 0 1
0 0.415 -0.505 0 1
0 0.415 -0.495 0.001187355619 1
0 0.415 -0.485 0.002178053704 1
0 0.415 -0.475 0.003391379577 2
0 0.415 -0.465 0.004596029513 2
0 0.415 -0.455 0.005730259862 2
0 0.415 -0.445 0.006782883238 2
0 0.415 -0.435 0.007770833816 2
0 0.415 -0.425 0.008699071151 2
0 0.415 -0.415 0.009569542979 2
0 0.415 -0.405 0.01038481566 2
0 0.415 -0.395 0.0111495593 2
0 0.415 -0.385 0.01187114487 2
0 0.415 -0.375 0.01255790505 2
0 0.415 -0.365 0.01321732387 2
0 0.415 -0.355 0.01385499456 2
0 0.415 -0.345 0.01447359847 2
0 0.415 -0.335 0.01507365369 2
0 0.415 -0.325 0.01565446507 2
0 0.415 -0.315 0.01621490806 2
0 0.415 -0.305 0.01675391817 2
0 0.415 -0.295 0.01727068264 2
0 0.415 -0.285 0.01776469198 2
0 0.415 -0.275 0.01823570448 2
0 0.415 -0.265 0.0186837002 2
0 0.415 -0.255 0.0191088313 2
0 0.415 -0.245 0.01951138541 2
0 0.415 -0.235 0.01989176078 2
0 0.415 -0.225 0.02025045108 2
0 0.415 -0.215 0.02058803492 2
0 0.415 -0.205 0.02090516614 2
0 0.415 -0.195 0.021202561 2
0 0.415 -0.185 0.02148097968 2
0 0.415 -0.175 0.02174120154 2
0 0.415 -0.165 0.02198399533 2
0 0.415 -0.155 0.02221008795 2
0 0.415 -0.145 0.02242013628 2
0 0.415 -0.135 0.02261470627 2
0 0.415 -0.125 0.02279426189 2
0 0.415 -0.115 0.02295916403 2
0 0.415 -0.105 0.02310967765 2
0 0.415 -0.095 0.02324598368 2
0 0.415 -0.085 0.02336819284 2
0 0.415 -0.075 0.0234763588 2
0 0.415 -0.065 0.02357048972 2
0 0.415 -0.055 0.02365055801 2
0 0.415 -0.045 0.02371650889 2
0 0.415 -0.035 0.02376826845 2
0 0.415 -0.025 0.02380575145 2
0 0.415 -0.015 0.02382886929 2
0 0.415 -0.005 0.02383753765 2
0 0.415 0.005 0.02383168362 2
0 0.415 0.015 0.02381125188 2
0 0.415 0.025 0.02377620966 2
0 0.415 0.035 0.02372655049 2
0 0.415 0.045 0.02366229684 2
0 0.415 0.055 0.02358350187 2
0 0.415 0.065 0.02349025067 2
0 0.415 0.075 0.0233826614 2
0 0.415 0.085 0.02326088675 2
0 0.415 0.095 0.02312511622 2
0 0.415 0.105 0.0229755801 2
0 0.415 0.115 0.02281255682 2
0 0.415 0.125 0.02263638629 2
0 0.415 0.135 0.02244749517 2
0 0.415 0.145 0.02224644343 2
0 0.415 0.155 0.02203399928 2
0 0.415 0.165 0.02181128545 2
0 0.415 0.175 0.02157985517 2
0 0.415 0.185 0.02134167368 2
0 0.415 0.195 0.02109833137 2
0 0.415 0.205 0.02084924873 2
0 0.415 0.215 0.02058981408 2
0 0.415 0.225 0.02030967037 2
0 0.415 0.235 0.02000542332 2
0 0.415 0.245 0.01967432947 2
0 0.415 0.255 0.01931505699 2
0 0.415 0.265 0.01892506094 2
0 0.415 0.275 0.01850895417 2
0 0.415 0.285 0.01806592328 2
0 0.415 0.295 0.01759773773 2
0 0.415 0.305 0.017103974 2
0 0.415 0.315 0.01658489978 2
0 0.415 0.325 0.01603987172 2
0 0.415 0.335 0.01546814777 2
0 0.415 0.345 0.01486866149 2
0 0.415 0.355 0.01424025952 2
0 0.415 0.365 0.01358164429 2
0 0.415 0.375 0.01289142875 2
0 0.415 0.385 0.01216814717 2
0 0.415 0.395 0.01141025901 2
0 0.415 0.405 0.0106161426 2
0 0.415 0.415 0.009784089288 2
0 0.415 0.425 0.008912282272 2
0 0.415 0.435 0.007998815446 2
0 0.415 0.445 0.007041554374 2
0 0.415 0.455 0.006038614258 2
0 0.415 0.465 0.004986337289 2
0 0.415 0.475 0.003887681454 2
0 0.415 0.485 0.002716353117 2
0 0.415 0.495 0.001572187314 2
0 0.415 0.505 0 2
0 0.415 0.515 0 2
0 0.415 0.525 0 2
0 0.415 0.535 0 2
0 0.415 0.545 0 2
0 0.415 0.555 0 2
0 0.415 0.565 0 2
0 0.425 -0.555 0 1
0 0.425 -0.545 0 1
0 0.425 -0.535 0 1
0 0.425 -0.525 0 1
0 0.425 -0.515 0 1
0 0.425 -0.505 0 1
0 0.425 -0.495 0.001220684757 1
0 0.425 -0.485 0.002232276414 1
0 0.425 -0.475 0.003472890064 2
0 0.425 -0.465 0.004706484083 2
0 0.425 -0.455 0.005879159519 2
0 0.425 -0.445 0.006966682944 2
0 0.425 -0.435 0.007988595486 2
0 0.425 -0.425 0.008948559162 2
0 0.425 -0.415 0.009845761175 2
0 0.425 -0.405 0.01068084608 2
0 0.425 -0.395 0.01145849323 2
0 0.425 -0.385 0.01218873636 2
0 0.425 -0.375 0.01288313068 2
0 0.425 -0.365 0.01355146893 2
0 0.425 -0.355 0.01420095959 2
0 0.425 -0.345 0.0148337416 2
0 0.425 -0.335 0.01544906672 2
0 0.425 -0.325 0.01604506403 2
0 0.425 -0.315 0.01661980119 2
0 0.425 -0.305 0.01717181254 2
0 0.425 -0.295 0.01770010859 2
0 0.425 -0.285 0.01820418983 2
0 0.425 -0.275 0.01868391362 2
0 0.425 -0.265 0.0191393922 2
0 0.425 -0.255 0.01957091141 2
0 0.425 -0.245 0.01997888215 2
0 0.425 -0.235 0.02036381232 2
0 0.425 -0.225 0.02072629539 2
0 0.425 -0.215 0.02106700591 2
0 0.425 -0.205 0.02138669631 2
0 0.425 -0.195 0.02168618859 2
0 0.425 -0.185 0.02196635697 2
0 0.425 -0.175 0.02222809961 2
0 0.425 -0.165 0.02247230134 2
0 0.425 -0.155 0.02269979262 2
0 0.425 -0.145 0.02291131231 2
0 0.425 -0.135 0.02310748104 2
0 0.425 -0.125 0.02328878898 2
0 0.425 -0.115 0.02345559839 2
0 0.425 -0.105 0.02360815709 2
0 0.425 -0.095 0.02374661738 2
0 0.425 -0.085 0.02387105554 2
0 0.425 -0.075 0.02398148859 2
0 0.425 -0.065 0.02407788734 2
0 0.425 -0.055 0.02416018627 2
0 0.425 -0.045 0.02422829167 2
0 0.425 -0.035 0.02428208944 2
0 0.425 -0.025 0.0243214532 2
0 0.425 -0.015 0.02434625303 2
0 0.425 -0.005 0.02435636417 2
0 0.425 0.005 0.02435167529 2
0 0.425 0.015 0.02433209547 2
0 0.425 0.025 0.02429755968 2
0 0.425 0.035 0.02424803258 2
0 0.425 0.045 0.02418351094 2
0 0.425 0.055 0.02410402505 2
0 0.425 0.065 0.02400963961 2
0 0.425 0.075 0.02390045455 2
0 0.425 0.085 0.02377660626 2
0 0.425 0.095 0.02363826955 2
0 0.425 0.105 0.02348566097 2
0 0.425 0.115 0.02331904478 2
0 0.425 0.125 0.02313874375 2
0 0.425 0.135 0.02294516203 2
0 0.425 0.145 0.02273882931 2
0 0.425 0.155 0.02252049781 2
0 0.425 0.165 0.0222913561 2
0 0.425 0.175 0.02205325515 2
0 0.425 0.185 0.02180914374 2
0 0.425 0.195 0.02156345641 2
0 0.425 0.205 0.02131947349 2
0 0.425 0.215 0.0210738244 2
0 0.425 0.225 0.02079805431 2
0 0.425 0.235 0.02049304878 2
0 0.425 0.245 0.02015775062 2
0 0.425 0.255 0.0197915272 2
0 0.425 0.265 0.01938417559 2
0 0.425 0.275 0.01895582782 2
0 0.425 0.285 0.01850130188 2
0 0.425 0.295 0.01802378319 2
0 0.425 0.305 0.01751921627 2
0 0.425 0.315 0.016988815 2
0 0.425 0.325 0.01643209577 2
0 0.425 0.335 0.01584831044 2
0 0.425 0.345 0.01523623325 2
0 0.425 0.355 0.01459454559 2
0 0.425 0.365 0.01392184297 2
0 0.425 0.375 0.01321663491 2
0 0.425 0.385 0.01247736088 2
0 0.425 0.395 0.01170239743 2
0 0.425 0.405 0.01089004414 2
0 0.425 0.415 0.01003851485 2
0 0.425 0.425 0.009145912434 2
0 0.425 0.435 0.00821024522 2
0 0.425 0.445 0.007229280721 2
0 0.425 0.455 0.006201037685 2
0 0.425 0.465 0.005121696712 2
0 0.425 0.475 0.003994249331 2
0 0.425 0.485 0.002791546308 2
0 0.425 0.495 0.001616269845 2
0 0.425 0.505 0 2
0 0.425 0.515 0 2
0 0.425 0.525 0 2
0 0.425 0.535 0 2
0 0.425 0.545 0 2
0 0.425 0.555 0 2
0 0.425 0.565 0 2
0 0.435 -0.555 0 1
0 0.435 -0.545 0 1
0 0.435 -0.535 0 1
0 0.435 -0.525 0 1
0 0.435 -0.515 0 1
0 0.435 -0.505 0 1
0 0.435 -0.495 0.001283385426 1
0 0.435 -0.485 0.002319337714 1
0 0.435 -0.475 0.003565471306 2
0 0.435 -0.465 0.004806592733 2
0 0.435 -0.455 0.006011840109 2
0 0.435 -0.445 0.00713014265 2
0 0.435 -0.435 0.008185628071 2
0 0.435 -0.425 0.009178282727 2
0 0.435 -0.415 0.01010258537 2
0 0.435 -0.405 0.01095611576 2
0 0.435 -0.395 0.01174325902 2
0 0.435 -0.385 0.01247844481 2
0 0.435 -0.375 0.0131772746 2
0 0.435 -0.365 0.01385186536 2
0 0.435 -0.355 0.01451219756 2
0 0.435 -0.345 0.0151593096 2
0 0.435 -0.335 0.01579039802 2
0 0.435 -0.325 0.01640199777 2
0 0.435 -0.315 0.01699112339 2
0 0.435 -0.305 0.01755591929 2
0 0.435 -0.295 0.0180953269 2
0 0.435 -0.285 0.01860893703 2
0 0.435 -0.275 0.01909677114 2
0 0.435 -0.265 0.01955911596 2
0 0.435 -0.255 0.01999640822 2
0 0.435 -0.245 0.02040918492 2
0 0.435 -0.235 0.02079805758 2
0 0.435 -0.225 0.02116370992 2
0 0.435 -0.215 0.02150690403 2
0 0.435 -0.205 0.02182848751 2
0 0.435 -0.195 0.02212939293 2
0 0.435 -0.185 0.02241062274 2
0 0.435 -0.175 0.02267321619 2
0 0.435 -0.165 0.02291820031 2
0 0.435 -0.155 0.0231465332 2
0 0.435 -0.145 0.02335905251 2
0 0.435 -0.135 0.02355643986 2
0 0.435 -0.125 0.02373920761 2
0 0.435 -0.115 0.02390770811 2
0 0.435 -0.105 0.02406215767 2
0 0.435 -0.095 0.02420266642 2
0 0.435 -0.085 0.02432926567 2
0 0.435 -0.075 0.0244419287 2
0 0.435 -0.065 0.02454058444 2
0 0.435 -0.055 0.02462512612 2
0 0.435 -0.045 0.02469541772 2
0 0.435 -0.035 0.02475130094 2
0 0.435 -0.025 0.02479260349 2
0 0.435 -0.015 0.02481914906 2
0 0.435 -0.005 0.02483076775 2
0 0.435 0.005 0.02482730594 2
0 0.435 0.015 0.02480863451 2
0 0.435 0.025 0.02477465477 2
0 0.435 0.035 0.0247253023 2
0 0.435 0.045 0.02466054879 2
0 0.435 0.055 0.02458040288 2
0 0.435 0.065 0.02448491041 2
0 0.435 0.075 0.02437415497 2
0 0.435 0.085 0.02424825896 2
0 0.435 0.095 0.02410738557 2
0 0.435 0.105 0.02395174171 2
0 0.435 0.115 0.02378158242 2
0 0.435 0.125 0.02359721783 2
0 0.435 0.135 0.02339902837 2
0 0.435 0.145 0.02318749301 2
0 0.435 0.155 0.02296328367 2
0 0.435 0.165 0.02272743384 2
0 0.435 0.175 0.02248183751 2
0 0.435 0.185 0.02223130772 2
0 0.435 0.195 0.02198164043 2
0 0.435 0.205 0.02174058906 2
0 0.435 0.215 0.02149386363 2
0 0.435 0.225 0.02120949529 2
0 0.435 0.235 0.02089730009 2
0 0.435 0.245 0.02056132186 2
0 0.435 0.255 0.02019990215 2
0 0.435 0.265 0.01979535309 2
0 0.435 0.275 0.01937065083 2
0 0.435 0.285 0.01890557857 2
0 0.435 0.295 0.01841519353 2
0 0.435 0.305 0.01789859449 2
0 0.435 0.315 0.01735837427 2
0 0.435 0.325 0.01679107011 2
0 0.435 0.335 0.01619623179 2
0 0.435 0.345 0.01557266578 2
0 0.435 0.355 0.01491890184 2
0 0.435 0.365 0.01423335779 2
0 0.435 0.375 0.01351445415 2
0 0.435 0.385 0.01276054316 2
0 0.435 0.395 0.0119699278 2
0 0.435 0.405 0.01114084228 2
0 0.435 0.415 0.01027143693 2
0 0.435 0.425 0.009359748871 2
0 0.435 0.435 0.008403715298 2
0 0.435 0.445 0.007401019924 2
0 0.435 0.455 0.006349597337 2
0 0.435 0.465 0.005245482248 2
0 0.435 0.475 0.004091695679 2
0 0.435 0.485 0.002860302768 2
0 0.435 0.495 0.001656581726 2
0 0.435 0.505 0 2
0 0.435 0.515 0 2
0 0.435 0.525 0 2
0 0.435 0.535 0 2
0 0.435 0.545 0 2
0 0.435 0.555 0 2
0 0.435 0.565 0 2
0 0.445 -0.555 0 2
0 0.445 -0.545 0 2
0 0.445 -0.535 0 1
0 0.445 -0.525 0 1
0 0.445 -0.515 0 1
0 0.445 -0.505 0 1
0 0.445 -0.495 0.001356885322 1
0 0.445 -0.485 0.002442176203 2
0 0.445 -0.475 0.003666137887 2
0 0.445 -0.465 0.004910203587 2
0 0.445 -0.455 0.006130553375 2
0 0.445 -0.445 0.007274824079 2
0 0.445 -0.435 0.00836118823 2
0 0.445 -0.425 0.009392249172 2
0 0.445 -0.415 0.01035050059 2
0 0.445 -0.405 0.01122457655 2
0 0.445 -0.395 0.01201496833 2
0 0.445 -0.385 0.0127465802 2
0 0.445 -0.375 0.01344261916 2
0 0.445 -0.365 0.01411622288 2
0 0.445 -0.355 0.01478736688 2
0 0.445 -0.345 0.01545041639 2
0 0.445 -0.335 0.01609746944 2
0 0.445 -0.325 0.01672490278 2
0 0.445 -0.315 0.01732835925 2
0 0.445 -0.305 0.01790549876 2
0 0.445 -0.295 0.01845532928 2
0 0.445 -0.285 0.0189777079 2
0 0.445 -0.275 0.01947288719 2
0 0.445 -0.265 0.01994136618 2
0 0.445 -0.255 0.02038374029 2
0 0.445 -0.245 0.0208006646 2
0 0.445 -0.235 0.0211928372 2
0 0.445 -0.225 0.02156101183 2
0 0.445 -0.215 0.02190601982 2
0 0.445 -0.205 0.0222287931 2
0 0.445 -0.195 0.02253037614 2
0 0.445 -0.185 0.02281191586 2
0 0.445 -0.175 0.02307462235 2
0 0.445 -0.165 0.02331970149 2
0 0.445 -0.155 0.02354827305 2
0 0.445 -0.145 0.02376129601 2
0 0.445 -0.135 0.02395951962 2
0 0.445 -0.125 0.02414346912 2
0 0.445 -0.115 0.02431346783 2
0 0.445 -0.105 0.02446967885 2
0 0.445 -0.095 0.0246121519 2
0 0.445 -0.085 0.02474086123 2
0 0.445 -0.075 0.02485573028 2
0 0.445 -0.065 0.02495664377 2
0 0.445 -0.055 0.02504345238 2
0 0.445 -0.045 0.02511597569 2
0 0.445 -0.035 0.0251740072 2
0 0.445 -0.025 0.02521732321 2
0 0.445 -0.015 0.02524569473 2
0 0.445 -0.005 0.02525890085 2
0 0.445 0.005 0.02525674102 2
0 0.445 0.015 0.02523904498 2
0 0.445 0.025 0.02520567926 2
0 0.445 0.035 0.02515655055 2
0 0.445 0.045 0.02509160659 2
0 0.445 0.055 0.02501083585 2
0 0.445 0.065 0.02491426689 2
0 0.445 0.075 0.02480196847 2
0 0.445 0.085 0.02467405077 2
0 0.445 0.095 0.02453066791 2
0 0.445 0.105 0.02437202151 2
0 0.445 0.115 0.02419836491 2
0 0.445 0.125 0.02401000742 2
0 0.445 0.135 0.02380732086 2
0 0.445 0.145 0.02359074816 2
0 0.445 0.155 0.02336086147 2
0 0.445 0.165 0.02311842533 2
0 0.445 0.175 0.02286504594 2
0 0.445 0.185 0.02260449772 2
0 0.445 0.195 0.02234406543 2
0 0.445 0.205 0.02209817431 2
0 0.445 0.215 0.02182446906 1
0 0.445 0.225 0.02152895459 1
0 0.445 0.235 0.02121083798 1
0 0.445 0.245 0.02087375299 1
0 0.445 0.255 0.02051682016 1
0 0.445 0.265 0.02013454683 2
0 0.445 0.275 0.01972428847 2
0 0.445 0.285 0.01926458094 2
0 0.445 0.295 0.01876905704 2
0 0.445 0.305 0.01824324041 2
0 0.445 0.315 0.01769170186 2
0 0.445 0.325 0.01711521357 2
0 0.445 0.335 0.01651065245 2
0 0.445 0.345 0.01587679653 2
0 0.445 0.355 0.01521220261 2
0 0.445 0.365 0.01451510081 2
0 0.445 0.375 0.01378383019 2
0 0.445 0.385 0.01301667026 2
0 0.445 0.395 0.01221186008 2
0 0.445 0.405 0.0113675845 2
0 0.445 0.415 0.01048194653 2
0 0.445 0.425 0.009552933954 2
0 0.445 0.435 0.008578428775 2
0 0.445 0.445 0.00755604665 2
0 0.445 0.455 0.006483651566 2
0 0.445 0.465 0.005357149213 2
0 0.445 0.475 0.004179585808 2
0 0.445 0.485 0.002922313452 2
0 0.445 0.495 0.001692941727 2
0 0.445 0.505 0 2
0 0.445 0.515 0 2
0 0.445 0.525 0 2
0 0.445 0.535 0 2
0 0.445 0.545 0 2
0 0.445 0.555 0 2
0 0.445 0.565 0 2
0 0.455 -0.555 0 2
0 0.455 -0.545 0 2
0 0.455 -0.535 0 2
0 0.455 -0.525 0 2
0 0.455 -0.515 0 2
0 0.455 -0.505 0 2
0 0.455 -0.495 0.001436330071 2
0 0.455 -0.485 0.002540285035 2
0 0.455 -0.475 0.003773760166 2
0 0.455 -0.465 0.005016849917 2
0 0.455 -0.455 0.006238126647 2
0 0.455 -0.445 0.007403148084 2
0 0.455 -0.435 0.008516326616 2
0 0.455 -0.425 0.009578498446 2
0 0.455 -0.415 0.01056165855 2
0 0.455 -0.405 0.01144826658 2
0 0.455 -0.395 0.01223712425 2
0 0.455 -0.385 0.01297348449 2
0 0.455 -0.375 0.01367509133 2
0 0.455 -0.365 0.01435059562 2
0 0.455 -0.355 0.01502754455 2
0 0.455 -0.345 0.01570524035 2
0 0.455 -0.335 0.01637040532 2
0 0.455 -0.325 0.01701370257 2
0 0.455 -0.315 0.01763103177 2
0 0.455 -0.305 0.01821975786 2
0 0.455 -0.295 0.01877904184 2
0 0.455 -0.285 0.01930922571 2
0 0.455 -0.275 0.01981085342 2
0 0.455 -0.265 0.02028465631 2
0 0.455 -0.255 0.0207313825 2
0 0.455 -0.245 0.02115178421 2
0 0.455 -0.235 0.02154661702 2
0 0.455 -0.225 0.02191667205 2
0 0.455 -0.215 0.02226281946 2
0 0.455 -0.205 0.02258605428 2
0 0.455 -0.195 0.022887529 2
0 0.455 -0.185 0.02316855402 2
0 0.455 -0.175 0.0234305518 2
0 0.455 -0.165 0.02367496115 2
0 0.455 -0.155 0.02390311316 2
0 0.455 -0.145 0.02411611989 2
0 0.455 -0.135 0.02431480441 2
0 0.455 -0.125 0.02449968586 2
0 0.455 -0.115 0.02467102651 2
0 0.455 -0.105 0.02482890335 2
0 0.455 -0.095 0.02497328143 2
0 0.455 -0.085 0.02510406538 2
0 0.455 -0.075 0.02522112589 2
0 0.455 -0.065 0.02532430555 2
0 0.455 -0.055 0.02541341497 2
0 0.455 -0.045 0.02548822887 2
0 0.455 -0.035 0.0255484884 2
0 0.455 -0.025 0.0255939112 2
0 0.455 -0.015 0.02562420725 2
0 0.455 -0.005 0.02563909678 2
0 0.455 0.005 0.0256383266 2
0 0.455 0.015 0.02562168214 2
0 0.455 0.025 0.02558899441 2
0 0.455 0.035 0.02554014221 2
0 0.455 0.045 0.02547505123 2
0 0.455 0.055 0.02539369163 2
0 0.455 0.065 0.02529607601 2
0 0.455 0.075 0.02518225878 2
0 0.455 0.085 0.02505233774 2
0 0.455 0.095 0.02490645781 2
0 0.455 0.105 0.02474481647 2
0 0.455 0.115 0.02456766959 2
0 0.455 0.125 0.02437533622 2
0 0.455 0.135 0.02416819873 2
0 0.455 0.145 0.02394669755 2
0 0.455 0.155 0.0237113248 2
0 0.455 0.165 0.0234626001 2
0 0.455 0.175 0.02320137082 2
0 0.455 0.185 0.02292914458 2
0 0.455 0.195 0.02265093394 2
0 0.455 0.205 0.02237249509 1
0 0.455 0.215 0.02206887358 1
0 0.455 0.225 0.02176308583 1
0 0.455 0.235 0.02144108818 1
0 0.455 0.245 0.02110452248 1
0 0.455 0.255 0.02075350244 1
0 0.455 0.265 0.02039411439 1
0 0.455 0.275 0.01999715362 1
0 0.455 0.285 0.01956519192 2
0 0.455 0.295 0.01908005612 2
0 0.455 0.305 0.01855147122 2
0 0.455 0.315 0.01799116635 2
0 0.455 0.325 0.01740357816 2
0 0.455 0.335 0.01679064652 2
0 0.455 0.345 0.01614770615 2
0 0.455 0.355 0.01547347019 2
0 0.455 0.365 0.01476612496 2
0 0.455 0.375 0.01402383828 2
0 0.455 0.385 0.0132448369 2
0 0.455 0.395 0.01242731021 2
0 0.455 0.405 0.01156941224 2
0 0.455 0.415 0.01066921713 2
0 0.455 0.425 0.009724681135 2
0 0.455 0.435 0.008733648527 2
0 0.455 0.445 0.00769368421 2
0 0.455 0.455 0.00660259672 2
0 0.455 0.465 0.005456181194 2
0 0.455 0.475 0.004257504867 2
0 0.455 0.485 0.002977281991 2
0 0.455 0.495 0.001725175593 2
0 0.455 0.505 0 2
0 0.455 0.515 0 2
0 0.455 0.525 0 2
0 0.455 0.535 0 2
0 0.455 0.545 0 2
0 0.455 0.555 0 2
0 0.455 0.565 0 2
0 0.465 -0.555 0 2
0 0.465 -0.545 0 2
0 0.465 -0.535 0 2
0 0.465 -0.525 0 2
0 0.465 -0.515 0 2
0 0.465 -0.505 0 2
0 0.465 -0.495 0.001503626569 2
0 0.465 -0.485 0.00264040645 2
0 0.465 -0.475 0.003883331977 2
0 0.465 -0.465 0.005119229027 2
0 0.465 -0.455 0.006335774768 2
0 0.465 -0.445 0.007516647012 2
0 0.465 -0.435 0.008660140286 2
0 0.465 -0.425 0.009745748554 2
0 0.465 -0.415 0.01073698786 2
0 0.465 -0.405 0.01161350171 1
0 0.465 -0.395 0.01239930531 1
0 0.465 -0.385 0.01314367546 1
0 0.465 -0.375 0.01385780886 1
0 0.465 -0.365 0.01455330564 2
0 0.465 -0.355 0.01523534941 2
0 0.465 -0.345 0.01592301895 2
0 0.465 -0.335 0.01660668652 2
0 0.465 -0.325 0.01726819207 2
0 0.465 -0.315 0.01789844854 2
0 0.465 -0.305 0.01849761813 2
0 0.465 -0.295 0.01906518115 2
0 0.465 -0.285 0.01960207783 2
0 0.465 -0.275 0.02010919331 2
0 0.465 -0.265 0.02058749026 2
0 0.465 -0.255 0.02103785101 2
0 0.465 -0.245 0.02146109328 2
0 0.465 -0.235 0.02185799038 2
0 0.465 -0.225 0.02222932558 2
0 0.465 -0.215 0.0225759626 2
0 0.465 -0.205 0.02289892365 2
0 0.465 -0.195 0.02319945598 2
0 0.465 -0.185 0.02347905492 2
0 0.465 -0.175 0.02373941495 2
0 0.465 -0.165 0.02398228983 2
0 0.465 -0.155 0.0242092963 2
0 0.465 -0.145 0.0244217446 2
0 0.465 -0.135 0.02462053673 2
0 0.465 -0.125 0.02480614868 2
0 0.465 -0.115 0.02497872864 2
0 0.465 -0.105 0.02513821807 2
0 0.465 -0.095 0.02528446668 2
0 0.465 -0.085 0.02541729894 2
0 0.465 -0.075 0.02553653714 2
0 0.465 -0.065 0.02564199184 2
0 0.465 -0.055 0.02573344168 2
0 0.465 -0.045 0.02581061817 2
0 0.465 -0.035 0.0258732047 2
0 0.465 -0.025 0.02592084985 2
0 0.465 -0.015 0.02595319042 2
0 0.465 -0.005 0.02596987712 2
0 0.465 0.005 0.0259705968 2
0 0.465 0.015 0.02595508741 2
0 0.465 0.025 0.0259231447 2
0 0.465 0.035 0.02587462211 2
0 0.465 0.045 0.02580942642 2
0 0.465 0.055 0.02572751211 2
0 0.465 0.065 0.02562887677 2
0 0.465 0.075 0.02551355946 2
0 0.465 0.085 0.02538164257 2
0 0.465 0.095 0.02523325717 2
0 0.465 0.105 0.0250685911 2
0 0.465 0.115 0.02488789799 2
0 0.465 0.125 0.02469150493 2
0 0.465 0.135 0.02447981017 2
0 0.465 0.145 0.02425326918 2
0 0.465 0.155 0.02401231656 2
0 0.465 0.165 0.02375726275 2
0 0.465 0.175 0.0234879236 2
0 0.465 0.185 0.02320208424 2
0 0.465 0.195 0.02289944459 2
0 0.465 0.205 0.02257098039 1
0 0.465 0.215 0.0222582548 1
0 0.465 0.225 0.02194464784 1
0 0.465 0.235 0.02162036833 1
0 0.465 0.245 0.02128504326 1
0 0.465 0.255 0.02093837477 1
0 0.465 0.265 0.02058188984 1
0 0.465 0.275 0.02019758891 1
0 0.465 0.285 0.01979290625 1
0 0.465 0.295 0.01933628255 2
0 0.465 0.305 0.01881210794 2
0 0.465 0.315 0.0182501117 2
0 0.465 0.325 0.01765551718 2
0 0.465 0.335 0.01703519496 2
0 0.465 0.345 0.01638447831 2
0 0.465 0.355 0.01570186013 2
0 0.465 0.365 0.01498561228 2
0 0.465 0.375 0.01423367736 2
0 0.465 0.385 0.01344424961 2
0 0.465 0.395 0.01261549457 2
0 0.465 0.405 0.01174555682 2
0 0.465 0.415 0.01083250169 2
0 0.465 0.425 0.009874272714 2
0 0.465 0.435 0.008868695005 2
0 0.465 0.445 0.007813301834 2
0 0.465 0.455 0.006705863643 2
0 0.465 0.465 0.005542085898 2
0 0.465 0.475 0.004325053546 2
0 0.465 0.485 0.003024921056 2
0 0.465 0.495 0.001753113688 2
0 0.465 0.505 0 2
0 0.465 0.515 0 2
0 0.465 0.525 0 2
0 0.465 0.535 0 2
0 0.465 0.545 0 2
0 0.465 0.555 0 2
0 0.465 0.565 0 2
0 0.475 -0.555 0 2
0 0.475 -0.545 0 2
0 0.475 -0.535 0 2
0 0.475 -0.525 0 2
0 0.475 -0.515 0 2
0 0.475 -0.505 0 2
0 0.475 -0.495 0.001560990142 2
0 0.475 -0.485 0.002719418233 2
0 0.475 -0.475 0.003963581751 2
0 0.475 -0.465 0.005196177099 2
0 0.475 -0.455 0.006421161794 2
0 0.475 -0.445 0.007616071794 2
0 0.475 -0.435 0.008784050802 2
0 0.475 -0.425 0.009890500758 2
0 0.475 -0.415 0.01088795287 2
0 0.475 -0.405 0.0117407417 1
0 0.475 -0.395 0.01251905527 1
0 0.475 -0.385 0.01326333423 1
0 0.475 -0.375 0.01398440468 1
0 0.475 -0.365 0.01469174294 1
0 0.475 -0.355 0.01539968196 2
0 0.475 -0.345 0.01610284729 2
0 0.475 -0.335 0.01680667712 2
0 0.475 -0.325 0.01748692454 2
0 0.475 -0.315 0.01812924388 2
0 0.475 -0.305 0.01873755802 2
0 0.475 -0.295 0.01931217686 2
0 0.475 -0.285 0.01985468625 2
0 0.475 -0.275 0.0203663539 2
0 0.475 -0.265 0.02084836266 2
0 0.475 -0.255 0.02130170646 2
0 0.475 -0.245 0.02172723275 2
0 0.475 -0.235 0.02212568667 2
0 0.475 -0.225 0.02249778679 2
0 0.475 -0.215 0.0228443269 2
0 0.475 -0.205 0.02316629707 2
0 0.475 -0.195 0.02346500733 2
0 0.475 -0.185 0.02374215767 2
0 0.475 -0.175 0.02399980217 2
0 0.475 -0.165 0.02424013991 2
0 0.475 -0.155 0.0244651862 2
0 0.475 -0.145 0.02467651554 2
0 0.475 -0.135 0.02487511266 2
0 0.475 -0.125 0.02506133758 2
0 0.475 -0.115 0.02523513567 2
0 0.475 -0.105 0.02539623818 2
0 0.475 -0.095 0.02554434313 2
0 0.475 -0.085 0.02567919264 2
0 0.475 -0.075 0.02580057983 2
0 0.475 -0.065 0.02590830705 2
0 0.475 -0.055 0.02600213735 2
0 0.475 -0.045 0.02608176237 2
0 0.475 -0.035 0.02614679901 2
0 0.475 -0.025 0.02619681032 2
0 0.475 -0.015 0.02623134173 2
0 0.475 -0.005 0.02624995937 2
0 0.475 0.005 0.02625228114 2
0 0.475 0.015 0.0262379948 2
0 0.475 0.025 0.02620686328 2
0 0.475 0.035 0.02615871977 2
0 0.475 0.045 0.02609345766 2
0 0.475 0.055 0.02601101955 2
0 0.475 0.065 0.02591138903 2
0 0.475 0.075 0.02579458721 2
0 0.475 0.085 0.02566067487 2
0 0.475 0.095 0.02550975948 2
0 0.475 0.105 0.02534200626 2
0 0.475 0.115 0.02515765053 2
0 0.475 0.125 0.02495700925 2
0 0.475 0.135 0.02474048009 2
0 0.475 0.145 0.02450852069 2
0 0.475 0.155 0.02426152624 2
0 0.475 0.165 0.02399959849 2
0 0.475 0.175 0.02372186817 2
0 0.475 0.185 0.02342242779 2
0 0.475 0.195 0.02310032083 2
0 0.475 0.205 0.02273938965 1
0 0.475 0.215 0.02242407139 1
0 0.475 0.225 0.02210673584 1
0 0.475 0.235 0.021781078 1
0 0.475 0.245 0.02144361217 1
0 0.475 0.255 0.02109344446 1
0 0.475 0.265 0.02073141121 1
0 0.475 0.275 0.02035280323 1
0 0.475 0.285 0.01995700549 1
0 0.475 0.295 0.01952742262 1
0 0.475 0.305 0.01902987232 2
0 0.475 0.315 0.01847189739 2
0 0.475 0.325 0.01787271656 2
0 0.475 0.335 0.01724316957 2
0 0.475 0.345 0.01658620663 2
0 0.475 0.355 0.01589666254 2
0 0.475 0.365 0.01517287184 2
0 0.475 0.375 0.01441266056 2
0 0.475 0.385 0.01361421722 2
0 0.475 0.395 0.01277572253 2
0 0.475 0.405 0.01189533469 2
0 0.475 0.415 0.01097113028 2
0 0.475 0.425 0.01000105857 2
0 0.475 0.435 0.008982944991 2
0 0.475 0.445 0.007914312489 2
0 0.475 0.455 0.006792914018 2
0 0.475 0.465 0.005614390129 2
0 0.475 0.475 0.004381842415 2
0 0.475 0.485 0.003064947333 2
0 0.475 0.495 0.001776587669 2
0 0.475 0.505 0 2
0 0.475 0.515 0 2
0 0.475 0.525 0 2
0 0.475 0.535 0 2
0 0.475 0.545 0 2
0 0.475 0.555 0 2
0 0.475 0.565 0 2
0 0.485 -0.555 0 2
0 0.485 -0.545 0 2
0 0.485 -0.535 0 2
0 0.485 -0.525 0 2
0 0.485 -0.515 0 2
0 0.485 -0.505 0 2
0 0.485 -0.495 0.001574693982 2
0 0.485 -0.485 0.002746639883 2
0 0.485 -0.475 0.004005691192 2
0 0.485 -0.465 0.005252072614 2
0 0.485 -0.455 0.006491119236 2
0 0.485 -0.445 0.007701872156 2
0 0.485 -0.435 0.008888375618 2
0 0.485 -0.425 0.01001132828 2
0 0.485 -0.415 0.01101051367 1
0 0.485 -0.405 0.01184684567 1
0 0.485 -0.395 0.01261381381 1
0 0.485 -0.385 0.0133544574 1
0 0.485 -0.375 0.0140788186 1
0 0.485 -0.365 0.01478712583 1
0 0.485 -0.355 0.01550083248 1
0 0.485 -0.345 0.01624267168 2
0 0.485 -0.335 0.01696960538 2
0 0.485 -0.325 0.01766757109 2
0 0.485 -0.315 0.01832135337 2
0 0.485 -0.305 0.01893768887 2
0 0.485 -0.295 0.0195182517 2
0 0.485 -0.285 0.02006537559 2
0 0.485 -0.275 0.02058075713 2
0 0.485 -0.265 0.0210657953 2
0 0.485 -0.255 0.02152157768 2
0 0.485 -0.245 0.02194894957 2
0 0.485 -0.235 0.0223485816 2
0 0.485 -0.225 0.02272106148 2
0 0.485 -0.215 0.02306702787 2
0 0.485 -0.205 0.02338734526 2
0 0.485 -0.195 0.02368332119 2
0 0.485 -0.185 0.02395686676 2
0 0.485 -0.175 0.02421052497 2
0 0.485 -0.165 0.02444715016 2
0 0.485 -0.155 0.02466931699 2
0 0.485 -0.145 0.02487895547 2
0 0.485 -0.135 0.02507714172 2
0 0.485 -0.125 0.02526397997 2
0 0.485 -0.115 0.02543907394 2
0 0.485 -0.105 0.02560183997 2
0 0.485 -0.095 0.02575178791 2
0 0.485 -0.085 0.02588859244 2
0 0.485 -0.075 0.02601206016 2
0 0.485 -0.065 0.0261220297 2
0 0.485 -0.055 0.02621827587 2
0 0.485 -0.045 0.02630045377 2
0 0.485 -0.035 0.02636809756 2
0 0.485 -0.025 0.02642065759 2
0 0.485 -0.015 0.0264575601 2
0 0.485 -0.005 0.02647826553 2
0 0.485 0.005 0.0264823121 2
0 0.485 0.015 0.02646933675 2
0 0.485 0.025 0.02643907594 2
0 0.485 0.035 0.02639135225 2
0 0.485 0.045 0.02632605483 2
0 0.485 0.055 0.02624312047 2
0 0.485 0.065 0.02614252008 2
0 0.485 0.075 0.026024253 2
0 0.485 0.085 0.02588834941 2
0 0.485 0.095 0.02573487951 2
0 0.485 0.105 0.02556396744 2
0 0.485 0.115 0.02537580666 2
0 0.485 0.125 0.02517067436 2
0 0.485 0.135 0.02494893543 2
0 0.485 0.145 0.02471102299 2
0 0.485 0.155 0.02445733572 2
0 0.485 0.165 0.02418787336 2
0 0.485 0.175 0.02390187615 2
0 0.485 0.185 0.02359333209 2
0 0.485 0.195 0.02326154711 2
0 0.485 0.205 0.02290557957 2
0 0.485 0.215 0.02255914357 1
0 0.485 0.225 0.02223658047 1
0 0.485 0.235 0.02190951568 1
0 0.485 0.245 0.0215724891 1
0 0.485 0.255 0.021222722 1
0 0.485 0.265 0.02085902058 1
0 0.485 0.275 0.02047976722 1
0 0.485 0.285 0.02008354301 1
0 0.485 0.295 0.01966275087 1
0 0.485 0.305 0.01919877538 2
0 0.485 0.315 0.01864920364 2
0 0.485 0.325 0.01804867459 2
0 0.485 0.335 0.01741379825 2
0 0.485 0.345 0.016752223 2
0 0.485 0.355 0.01605732928 2
0 0.485 0.365 0.01532734125 2
0 0.485 0.375 0.01456020137 2
0 0.485 0.385 0.01375413792 2
0 0.485 0.395 0.01290738797 2
0 0.485 0.405 0.01201814378 2
0 0.485 0.415 0.01108450967 2
0 0.485 0.425 0.01010445745 2
0 0.485 0.435 0.009075832704 2
0 0.485 0.445 0.007996172244 2
0 0.485 0.455 0.006863237055 2
0 0.485 0.465 0.005672633805 2
0 0.485 0.475 0.004427484328 2
0 0.485 0.485 0.003097074383 2
0 0.485 0.495 0.001795425584 2
0 0.485 0.505 0 2
0 0.485 0.515 0 2
0 0.485 0.525 0 2
0 0.485 0.535 0 2
0 0.485 0.545 0 2
0 0.485 0.555 0 2
0 0.485 0.565 0 2
0 0.495 -0.555 0 2
0 0.495 -0.545 0 2
0 0.495 -0.535 0 2
0 0.495 -0.525 0 2
0 0.495 -0.515 0 2
0 0.495 -0.505 0 2
0 0.495 -0.495 0.001548137785 2
0 0.495 -0.485 0.002725252589 2
0 0.495 -0.475 0.004011451344 2
0 0.495 -0.465 0.005287004423 2
0 0.495 -0.455 0.006546134006 2
0 0.495 -0.445 0.007774155466 2
0 0.495 -0.435 0.008979917105 2
0 0.495 -0.425 0.01011247171 2
0 0.495 -0.415 0.01109663313 1
0 0.495 -0.405 0.01192617597 1
0 0.495 -0.395 0.01269184219 1
0 0.495 -0.385 0.01343820843 1
0 0.495 -0.375 0.01416520667 1
0 0.495 -0.365 0.01486924632 1
0 0.495 -0.355 0.01557681497 1
0 0.495 -0.345 0.01634022854 2
0 0.495 -0.335 0.01709171133 2
0 0.495 -0.325 0.01780865471 2
0 0.495 -0.315 0.01847286326 2
0 0.495 -0.305 0.01909618094 2
0 0.495 -0.295 0.01968167863 2
0 0.495 -0.285 0.02023253465 2
0 0.495 -0.275 0.02075090531 2
0 0.495 -0.265 0.02123840496 2
0 0.495 -0.255 0.02169620181 2
0 0.495 -0.245 0.0221251159 2
0 0.495 -0.235 0.0225257039 2
0 0.495 -0.225 0.02289835415 2
0 0.495 -0.215 0.02324344708 2
0 0.495 -0.205 0.02356157309 2
0 0.495 -0.195 0.0238538946 2
0 0.495 -0.185 0.02412247507 2
0 0.495 -0.175 0.02437054106 2
0 0.495 -0.165 0.0246019891 2
0 0.495 -0.155 0.02482018795 2
0 0.495 -0.145 0.02502756418 2
0 0.495 -0.135 0.02522533455 2
0 0.495 -0.125 0.02541302525 2
0 0.495 -0.115 0.02558966575 2
0 0.495 -0.105 0.02575420303 2
0 0.495 -0.095 0.02590594636 2
0 0.495 -0.085 0.02604456531 2
0 0.495 -0.075 0.02616996803 2
0 0.495 -0.065 0.02628210075 2
0 0.495 -0.055 0.02638078988 2
0 0.495 -0.045 0.02646565334 2
0 0.495 -0.035 0.02653611201 2
0 0.495 -0.025 0.02659145806 2
0 0.495 -0.015 0.02663095616 2
0 0.495 -0.005 0.02665393205 2
0 0.495 0.005 0.02665983291 2
0 0.495 0.015 0.02664824861 2
0 0.495 0.025 0.02661890266 2
0 0.495 0.035 0.0265716237 2
0 0.495 0.045 0.02650631128 2
0 0.495 0.055 0.02642290556 2
0 0.495 0.065 0.02632136695 2
0 0.495 0.075 0.026201668 2
0 0.495 0.085 0.02606379715 2
0 0.495 0.095 0.02590777126 2
0 0.495 0.105 0.0257336538 2
0 0.495 0.115 0.02554157197 2
0 0.495 0.125 0.02533173324 2
0 0.495 0.135 0.02510443655 2
0 0.495 0.145 0.02486007604 2
0 0.495 0.155 0.02459912507 2
0 0.495 0.165 0.02432180054 2
0 0.495 0.175 0.02402817308 2
0 0.495 0.185 0.02371492169 2
0 0.495 0.195 0.02338198804 2
0 0.495 0.205 0.0230323128 2
0 0.495 0.215 0.02266748599 1
0 0.495 0.225 0.02233799484 1
0 0.495 0.235 0.02200928557 1
0 0.495 0.245 0.02167275166 1
0 0.495 0.255 0.02132423008 1
0 0.495 0.265 0.02096112385 1
0 0.495 0.275 0.02058085769 1
0 0.495 0.285 0.02018358373 1
0 0.495 0.295 0.01976511628 1
0 0.495 0.305 0.01931121996 1
0 0.495 0.315 0.01878091232 2
0 0.495 0.325 0.01818304843 2
0 0.495 0.335 0.01754691008 2
0 0.495 0.345 0.01688231023 2
0 0.495 0.355 0.01618347469 2
0 0.495 0.365 0.01544855678 2
0 0.495 0.375 0.01467578581 2
0 0.495 0.385 0.01386348191 2
0 0.495 0.395 0.0130099619 2
0 0.495 0.405 0.01211346324 2
0 0.495 0.415 0.01117212767 2
0 0.495 0.425 0.01018396308 2
0 0.495 0.435 0.009146855205 2
0 0.495 0.445 0.008058382716 2
0 0.495 0.455 0.006916347341 2
0 0.495 0.465 0.005716362936 2
0 0.495 0.475 0.004461583943 2
0 0.495 0.485 0.003121002048 2
0 0.495 0.495 0.001809444316 2
0 0.495 0.505 0 2
0 0.495 0.515 0 2
0 0.495 0.525 0 2
0 0.495 0.535 0 2
0 0.495 0.545 0 2
0 0.495 0.555 0 2
0 0.495 0.565 0 2
0 0.505 -0.555 0 2
0 0.505 -0.545 0 2
0 0.505 -0.535 0 2
0 0.505 -0.525 0 2
0 0.505 -0.515 0 2
0 0.505 -0.505 0 2
0 0.505 -0.495 0.001513760281 2
0 0.505 -0.485 0.002682495145 2
0 0.505 -0.475 0.003987586892 2
0 0.505 -0.465 0.005298018913 2
0 0.505 -0.455 0.00658976366 2
0 0.505 -0.445 0.007833302436 2
0 0.505 -0.435 0.009055283373 2
0 0.505 -0.425 0.01019083154 2
0 0.505 -0.415 0.01116069222 1
0 0.505 -0.405 0.01198294988 1
0 0.505 -0.395 0.01274935665 1
0 0.505 -0.385 0.0135014908 1
0 0.505 -0.375 0.01423137368 1
0 0.505 -0.365 0.01493478069 1
0 0.505 -0.355 0.01563715684 1
0 0.505 -0.345 0.01640941316 2
0 0.505 -0.335 0.01717630235 2
0 0.505 -0.325 0.01791025903 2
0 0.505 -0.315 0.01858284182 2
0 0.505 -0.305 0.01921176001 2
0 0.505 -0.295 0.01980107371 2
0 0.505 -0.285 0.0203548024 2
0 0.505 -0.275 0.02087550571 2
0 0.505 -0.265 0.02136498478 2
0 0.505 -0.255 0.02182447103 2
0 0.505 -0.245 0.02225474616 2
0 0.505 -0.235 0.02265622875 2
0 0.505 -0.225 0.02302905008 2
0 0.505 -0.215 0.02337320172 2
0 0.505 -0.205 0.02368877345 2
0 0.505 -0.195 0.02397655231 2
0 0.505 -0.185 0.02423860104 2
0 0.505 -0.175 0.02447919493 2
0 0.505 -0.165 0.02470391625 2
0 0.505 -0.155 0.02491701443 2
0 0.505 -0.145 0.02512149716 2
0 0.505 -0.135 0.02531898299 2
0 0.505 -0.125 0.02550788104 2
0 0.505 -0.115 0.02568638461 2
0 0.505 -0.105 0.02585280082 2
0 0.505 -0.095 0.02600620711 2
0 0.505 -0.085 0.02614636926 2
0 0.505 -0.075 0.02627343251 2
0 0.505 -0.065 0.02638757954 2
0 0.505 -0.055 0.02648873892 2
0 0.505 -0.045 0.0265764747 2
0 0.505 -0.035 0.02665003838 2
0 0.505 -0.025 0.02670848884 2
0 0.505 -0.015 0.02675086591 2
0 0.505 -0.005 0.02677632234 2
0 0.505 0.005 0.02678420541 2
0 0.505 0.015 0.02677407121 2
0 0.505 0.025 0.02674565559 2
0 0.505 0.035 0.0266988205 2
0 0.505 0.045 0.02663349802 2
0 0.505 0.055 0.0265496447 2
0 0.505 0.065 0.02644721322 2
0 0.505 0.075 0.02632614276 2
0 0.505 0.085 0.02618636616 2
0 0.505 0.095 0.02602782908 2
0 0.505 0.105 0.0258505164 2
0 0.505 0.115 0.02565447172 2
0 0.505 0.125 0.02543981898 2
0 0.505 0.135 0.02520677329 2
0 0.505 0.145 0.02495565685 2
0 0.505 0.155 0.0246870116 2
0 0.505 0.165 0.02440159851 2
0 0.505 0.175 0.02410078264 2
0 0.505 0.185 0.02378584679 2
0 0.505 0.195 0.02345600348 2
0 0.505 0.205 0.02311412969 2
0 0.505 0.215 0.02276298852 2
0 0.505 0.225 0.02241297902 1
0 0.505 0.235 0.02208079762 1
0 0.505 0.245 0.0217434901 1
0 0.505 0.255 0.02139663344 1
0 0.505 0.265 0.02103634742 1
0 0.505 0.275 0.02065761407 1
0 0.505 0.285 0.020260008 1
0 0.505 0.295 0.01984085703 1
0 0.505 0.305 0.0193845131 1
0 0.505 0.315 0.01886960097 2
0 0.505 0.325 0.01827692091 2
0 0.505 0.335 0.0176426602 2
0 0.505 0.345 0.01697644704 2
0 0.505 0.355 0.01627475432 2
0 0.505 0.365 0.01553607362 2
0 0.505 0.375 0.01475893343 2
0 0.505 0.385 0.01394177568 2
0 0.505 0.395 0.01308299088 2
0 0.505 0.405 0.01218086031 2
0 0.505 0.415 0.01123356462 2
0 0.505 0.425 0.01023915741 2
0 0.505 0.435 0.009195584311 2
0 0.505 0.445 0.008100498474 2
0 0.505 0.455 0.006951784939 2
0 0.505 0.465 0.005745121342 2
0 0.505 0.475 0.004483722638 2
0 0.505 0.485 0.003136399954 2
0 0.505 0.495 0.001818437155 2
0 0.505 0.505 0 2
0 0.505 0.515 0 2
0 0.505 0.525 0 2
0 0.505 0.535 0 2
0 0.505 0.545 0 2
0 0.505 0.555 0 2
0 0.505 0.565 0 2
0 0.515 -0.555 0 2
0 0.515 -0.545 0 2
0 0.515 -0.535 0 1
0 0.515 -0.525 0 1
0 0.515 -0.515 0 1
0 0.515 -0.505 0 1
0 0.515 -0.495 0.00146576898 1
0 0.515 -0.485 0.00263458615 2
0 0.515 -0.475 0.003958003362 2
0 0.515 -0.465 0.005301117564 2
0 0.515 -0.455 0.006622428291 2
0 0.515 -0.445 0.007877439027 2
0 0.515 -0.435 0.009104270749 2
0 0.515 -0.425 0.01023924055 2
0 0.515 -0.415 0.01120517811 1
0 0.515 -0.405 0.01202643646 1
0 0.515 -0.395 0.01279332587 1
0 0.515 -0.385 0.01354668819 1
0 0.515 -0.375 0.01427691099 1
0 0.515 -0.365 0.01497990251 1
0 0.515 -0.355 0.01568227192 1
0 0.515 -0.345 0.01645943644 2
0 0.515 -0.335 0.01723317205 2
0 0.515 -0.325 0.01797412523 2
0 0.515 -0.315 0.01865151487 2
0 0.515 -0.305 0.01928380352 2
0 0.515 -0.295 0.01987553239 2
0 0.515 -0.285 0.02043119448 2
0 0.515 -0.275 0.02095357347 2
0 0.515 -0.265 0.02144457953 2
0 0.515 -0.255 0.02190547796 2
0 0.515 -0.245 0.02233700974 2
0 0.515 -0.235 0.02273945569 2
0 0.515 -0.225 0.02311266407 2
0 0.515 -0.215 0.02345612522 2
0 0.515 -0.205 0.02376915866 2
0 0.515 -0.195 0.02405189008 2
0 0.515 -0.185 0.02430546346 2
0 0.515 -0.175 0.02453539124 2
0 0.515 -0.165 0.02475096859 2
0 0.515 -0.155 0.024957301 2
0 0.515 -0.145 0.02515823872 2
0 0.515 -0.135 0.02535696917 2
0 0.515 -0.125 0.02554826502 2
0 0.515 -0.115 0.02572925447 2
0 0.515 -0.105 0.02589749751 2
0 0.515 -0.095 0.02605225354 2
0 0.515 -0.085 0.02619348435 2
0 0.515 -0.075 0.0263217438 2
0 0.515 -0.065 0.02643764554 2
0 0.515 -0.055 0.02654131131 2
0 0.515 -0.045 0.02663219325 2
0 0.515 -0.035 0.02670927424 2
0 0.515 -0.025 0.0267712584 2
0 0.515 -0.015 0.02681686996 2
0 0.515 -0.005 0.02684504054 2
0 0.515 0.005 0.02685501634 2
0 0.515 0.015 0.02684634941 2
0 0.515 0.025 0.02681883171 2
0 0.515 0.035 0.02677240069 2
0 0.515 0.045 0.02670705235 2
0 0.515 0.055 0.02662277656 2
0 0.515 0.065 0.02651952069 2
0 0.515 0.075 0.02639718067 2
0 0.515 0.085 0.02625561497 2
0 0.515 0.095 0.02609467592 2
0 0.515 0.105 0.02591425152 2
0 0.515 0.115 0.02571429633 2
0 0.515 0.125 0.02549486633 2
0 0.515 0.135 0.0252560628 2
0 0.515 0.145 0.02499812842 2
0 0.515 0.155 0.02472160333 2
0 0.515 0.165 0.02442794625 2
0 0.515 0.175 0.02412009394 2
0 0.515 0.185 0.02380239703 2
0 0.515 0.195 0.02347722274 2
0 0.515 0.205 0.02314476637 2
0 0.515 0.215 0.02280665725 2
0 0.515 0.225 0.02246982979 2
0 0.515 0.235 0.0221248904 1
0 0.515 0.245 0.0217889069 1
0 0.515 0.255 0.02144327332 1
0 0.515 0.265 0.02108585413 1
0 0.515 0.275 0.02070846278 1
0 0.515 0.285 0.02030854314 1
0 0.515 0.295 0.01988576631 1
0 0.515 0.305 0.01942693302 1
0 0.515 0.315 0.0189201834 2
0 0.515 0.325 0.01833391671 2
0 0.515 0.335 0.01770111477 2
0 0.515 0.345 0.01703431531 2
0 0.515 0.355 0.01633066885 2
0 0.515 0.365 0.01558938252 2
0 0.515 0.375 0.01480917276 2
0 0.515 0.385 0.01398860184 2
0 0.515 0.395 0.01312610879 2
0 0.515 0.405 0.01222000813 2
0 0.515 0.415 0.01126851475 2
0 0.515 0.425 0.01026973346 2
0 0.515 0.435 0.009221688185 2
0 0.515 0.445 0.008122143096 2
0 0.515 0.455 0.006969120864 2
0 0.515 0.465 0.005758442255 2
0 0.515 0.475 0.004493436993 2
0 0.515 0.485 0.003142881287 2
0 0.515 0.495 0.001822152632 2
0 0.515 0.505 0 2
0 0.515 0.515 0 2
0 0.515 0.525 0 2
0 0.515 0.535 0 2
0 0.515 0.545 0 2
0 0.515 0.555 0 2
0 0.515 0.565 0 2
0 0.525 -0.555 0 1
0 0.525 -0.545 0 1
0 0.525 -0.535 0 1
0 0.525 -0.525 0 1
0 0.525 -0.515 0 1
0 0.525 -0.505 0 1
0 0.525 -0.495 0.001416552452 1
0 0.525 -0.485 0.002555439511 1
0 0.525 -0.475 0.003927655071 2
0 0.525 -0.465 0.005301772675 2
0 0.525 -0.455 0.006643091351 2
0 0.525 -0.445 0.007903632479 2
0 0.525 -0.435 0.009128078281 2
0 0.525 -0.425 0.010260079 2
0 0.525 -0.415 0.01122622728 1
0 0.525 -0.405 0.01205067877 1
0 0.525 -0.395 0.01281962741 1
0 0.525 -0.385 0.01357302256 1
0 0.525 -0.375 0.01430231063 1
0 0.525 -0.365 0.01500490855 1
0 0.525 -0.355 0.01570846299 1
0 0.525 -0.345 0.01648681983 2
0 0.525 -0.335 0.01726094755 2
0 0.525 -0.325 0.01800157982 2
0 0.525 -0.315 0.01867922649 2
0 0.525 -0.305 0.01931205685 2
0 0.525 -0.295 0.01990458794 2
0 0.525 -0.285 0.02046114869 2
0 0.525 -0.275 0.02098449739 2
0 0.525 -0.265 0.02147654609 2
0 0.525 -0.255 0.02193855878 2
0 0.525 -0.245 0.02237124644 2
0 0.525 -0.235 0.02277478355 2
0 0.525 -0.225 0.02314876593 2
0 0.525 -0.215 0.02349214431 2
0 0.525 -0.205 0.02380319053 2
0 0.525 -0.195 0.02408006145 2
0 0.525 -0.185 0.02432190719 2
0 0.525 -0.175 0.02453937695 2
0 0.525 -0.165 0.02474697179 2
0 0.525 -0.155 0.02494677942 2
0 0.525 -0.145 0.02514172089 2
0 0.525 -0.135 0.02534010736 2
0 0.525 -0.125 0.02553400426 2
0 0.525 -0.115 0.0257178279 2
0 0.525 -0.105 0.02588841577 2
0 0.525 -0.095 0.02604385962 2
0 0.525 -0.085 0.02618534249 2
0 0.525 -0.075 0.02631409241 2
0 0.525 -0.065 0.02643141029 2
0 0.525 -0.055 0.02653770859 2
0 0.525 -0.045 0.02663219439 2
0 0.525 -0.035 0.02671341808 2
0 0.525 -0.025 0.02677953241 2
0 0.525 -0.015 0.02682882402 2
0 0.525 -0.005 0.02685995134 2
0 0.525 0.005 0.0268720819 2
0 0.525 0.015 0.02686482422 2
0 0.525 0.025 0.0268380977 2
0 0.525 0.035 0.02679197615 2
0 0.525 0.045 0.0267265606 2
0 0.525 0.055 0.02664189355 2
0 0.525 0.065 0.02653791708 2
0 0.525 0.075 0.02641446821 2
0 0.525 0.085 0.02627130368 2
0 0.525 0.095 0.02610815019 2
0 0.525 0.105 0.02592477005 2
0 0.525 0.115 0.02572102538 2
0 0.525 0.125 0.02549694002 2
0 0.525 0.135 0.02525256127 2
0 0.525 0.145 0.02498818634 2
0 0.525 0.155 0.02470417391 2
0 0.525 0.165 0.02440122802 2
0 0.525 0.175 0.02408358098 2
0 0.525 0.185 0.0237601323 2
0 0.525 0.195 0.02344216102 2
0 0.525 0.205 0.02312306182 2
0 0.525 0.215 0.02279903838 2
0 0.525 0.225 0.02247148408 2
0 0.525 0.235 0.02214108043 2
0 0.525 0.245 0.02181041219 2
0 0.525 0.255 0.02146049961 1
0 0.525 0.265 0.02110953517 1
0 0.525 0.275 0.02073481803 1
0 0.525 0.285 0.02033395341 1
0 0.525 0.295 0.01990764638 1
0 0.525 0.305 0.01945395695 2
0 0.525 0.315 0.01893611938 2
0 0.525 0.325 0.01835257234 2
0 0.525 0.335 0.01772164972 2
0 0.525 0.345 0.01705507491 2
0 0.525 0.355 0.01635053546 2
0 0.525 0.365 0.01560792635 2
0 0.525 0.375 0.0148260712 2
0 0.525 0.385 0.01400363043 2
0 0.525 0.395 0.01313906701 2
0 0.525 0.405 0.01223071569 2
0 0.525 0.415 0.01127681732 2
0 0.525 0.425 0.01027552831 2
0 0.525 0.435 0.009224964042 2
0 0.525 0.445 0.008123036276 2
0 0.525 0.455 0.006967970238 2
0 0.525 0.465 0.005755840025 2
0 0.525 0.475 0.004490186548 2
0 0.525 0.485 0.00313995893 2
0 0.525 0.495 0.001820255882 2
0 0.525 0.505 0 2
0 0.525 0.515 0 2
0 0.525 0.525 0 2
0 0.525 0.535 0 2
0 0.525 0.545 0 2
0 0.525 0.555 0 2
0 0.525 0.565 0 2
0 0.535 -0.555 0 1
0 0.535 -0.545 0 1
0 0.535 -0.535 0 1
0 0.535 -0.525 0 1
0 0.535 -0.515 0 1
0 0.535 -0.505 0 1
0 0.535 -0.495 0.001384977147 1
0 0.535 -0.485 0.002508763085 1
0 0.535 -0.475 0.003893767767 2
0 0.535 -0.465 0.005295070277 2
0 0.535 -0.455 0.006651769536 2
0 0.535 -0.445 0.007910640493 2
0 0.535 -0.435 0.009121666516 2
0 0.535 -0.425 0.01024752715 2
0 0.535 -0.415 0.01122325725 1
0 0.535 -0.405 0.01205875775 1
0 0.535 -0.395 0.01283026329 1
0 0.535 -0.385 0.01357997238 1
0 0.535 -0.375 0.01430568672 1
0 0.535 -0.365 0.01500747696 1
0 0.535 -0.355 0.0157166599 1
0 0.535 -0.345 0.01649491147 2
0 0.535 -0.335 0.01726172951 2
0 0.535 -0.325 0.01799180244 2
0 0.535 -0.315 0.01866562869 2
0 0.535 -0.305 0.01929643149 2
0 0.535 -0.295 0.01988816077 2
0 0.535 -0.285 0.0204445414 2
0 0.535 -0.275 0.02096808186 2
0 0.535 -0.265 0.02146060238 2
0 0.535 -0.255 0.02192333959 2
0 0.535 -0.245 0.02235699949 2
0 0.535 -0.235 0.02276171327 2
0 0.535 -0.225 0.02313691947 2
0 0.535 -0.215 0.0234811016 2
0 0.535 -0.205 0.0237913697 2
0 0.535 -0.195 0.02406366357 2
0 0.535 -0.185 0.0242917846 2
0 0.535 -0.175 0.02449186373 1
0 0.535 -0.165 0.02469383409 1
0 0.535 -0.155 0.02488789692 1
0 0.535 -0.145 0.02507459876 1
0 0.535 -0.135 0.02527389735 2
0 0.535 -0.125 0.02546582657 2
0 0.535 -0.115 0.02565242219 2
0 0.535 -0.105 0.02582590229 2
0 0.535 -0.095 0.02598186493 2
0 0.535 -0.085 0.02612209736 2
0 0.535 -0.075 0.02625007159 2
0 0.535 -0.065 0.02636824503 2
0 0.535 -0.055 0.02647739704 2
0 0.535 -0.045 0.0265761153 2
0 0.535 -0.035 0.02666233751 2
0 0.535 -0.025 0.02673336214 2
0 0.535 -0.015 0.02678687274 2
0 0.535 -0.005 0.02682118579 2
0 0.535 0.005 0.02683544248 2
0 0.535 0.015 0.02682941555 2
0 0.535 0.025 0.02680326525 2
0 0.535 0.035 0.02675728713 2
0 0.535 0.045 0.02669173571 2
0 0.535 0.055 0.02660672372 2
0 0.535 0.065 0.02650218213 2
0 0.535 0.075 0.02637786563 2
0 0.535 0.085 0.02623339077 2
0 0.535 0.095 0.02606830788 2
0 0.535 0.105 0.02588219689 2
0 0.535 0.115 0.02567479873 2
0 0.535 0.125 0.02544613105 2
0 0.535 0.135 0.02519640741 2
0 0.535 0.145 0.02492622125 2
0 0.535 0.155 0.0246338446 2
0 0.535 0.165 0.02432163727 2
0 0.535 0.175 0.02399413222 2
0 0.535 0.185 0.0236704149 2
0 0.535 0.195 0.02336378636 2
0 0.535 0.205 0.02305903772 2
0 0.535 0.215 0.02274909793 2
0 0.535 0.225 0.0224329282 2
0 0.535 0.235 0.02210984167 2
0 0.535 0.245 0.02178158879 2
0 0.535 0.255 0.02144685213 2
0 0.535 0.265 0.0211050677 2
0 0.535 0.275 0.02073818831 2
0 0.535 0.285 0.02034054867 2
0 0.535 0.295 0.01991097945 2
0 0.535 0.305 0.01944065436 2
0 0.535 0.315 0.01891411693 2
0 0.535 0.325 0.01833107356 2
0 0.535 0.335 0.01770330584 2
0 0.535 0.345 0.01703776638 2
0 0.535 0.355 0.01633368876 2
0 0.535 0.365 0.01559123538 2
0 0.535 0.375 0.01480932255 2
0 0.535 0.385 0.01398667877 2
0 0.535 0.395 0.01312177863 2
0 0.535 0.405 0.01221296509 2
0 0.535 0.415 0.01125849386 2
0 0.535 0.425 0.0102565647 2
0 0.535 0.435 0.009205386212 2
0 0.535 0.445 0.00810304506 2
0 0.535 0.455 0.006948032447 2
0 0.535 0.465 0.005736818947 2
0 0.535 0.475 0.004473314254 2
0 0.535 0.485 0.003126974528 2
0 0.535 0.495 0.001812255489 2
0 0.535 0.505 0 2
0 0.535 0.515 0 2
0 0.535 0.525 0 2
0 0.535 0.535 0 2
0 0.535 0.545 0 1
0 0.535 0.555 0 1
0 0.535 0.565 0 1
0 0.545 -0.555 0 1
0 0.545 -0.545 0 1
0 0.545 -0.535 0 1
0 0.545 -0.525 0 1
0 0.545 -0.515 0 1
0 0.545 -0.505 0 1
0 0.545 -0.495 0.001378010366 1
0 0.545 -0.485 0.002502830995 1
0 0.545 -0.475 0.003892555338 2
0 0.545 -0.465 0.005296040329 2
0 0.545 -0.455 0.006647819369 2
0 0.545 -0.445 0.007898182649 2
0 0.545 -0.435 0.009093287514 2
0 0.545 -0.425 0.01020500992 2
0 0.545 -0.415 0.01119122174 1
0 0.545 -0.405 0.01204378052 1
0 0.545 -0.395 0.01282206707 1
0 0.545 -0.385 0.01356867645 1
0 0.545 -0.375 0.01428863934 1
0 0.545 -0.365 0.0149893652 1
0 0.545 -0.355 0.01570456216 1
0 0.545 -0.345 0.01647429687 2
0 0.545 -0.335 0.01722736557 2
0 0.545 -0.325 0.01794319497 2
0 0.545 -0.315 0.01861021896 2
0 0.545 -0.305 0.0192371192 2
0 0.545 -0.295 0.01982661005 2
0 0.545 -0.285 0.02038171627 2
0 0.545 -0.275 0.02090457569 2
0 0.545 -0.265 0.02139686606 2
0 0.545 -0.255 0.02185978797 2
0 0.545 -0.245 0.02229407708 2
0 0.545 -0.235 0.02269990896 2
0 0.545 -0.225 0.02307672537 2
0 0.545 -0.215 0.02342276831 2
0 0.545 -0.205 0.02373427814 2
0 0.545 -0.195 0.02400533401 2
0 0.545 -0.185 0.0242137462 1
0 0.545 -0.175 0.02442425343 1
0 0.545 -0.165 0.02462220687 1
0 0.545 -0.155 0.02481151985 1
0 0.545 -0.145 0.02499129723 1
0 0.545 -0.135 0.02516165082 1
0 0.545 -0.125 0.02535021365 2
0 0.545 -0.115 0.02553332659 2
0 0.545 -0.105 0.02570969346 2
0 0.545 -0.095 0.02586463375 2
0 0.545 -0.085 0.02600235526 2
0 0.545 -0.075 0.02612783125 2
0 0.545 -0.065 0.02624643439 2
0 0.545 -0.055 0.02635942511 2
0 0.545 -0.045 0.02646359564 2
0 0.545 -0.035 0.02655620735 2
0 0.545 -0.025 0.02663321121 2
0 0.545 -0.015 0.02669154061 2
0 0.545 -0.005 0.02672916203 2
0 0.545 0.005 0.02674533791 2
0 0.545 0.015 0.02674018168 2
0 0.545 0.025 0.02671425132 2
0 0.545 0.035 0.02666816978 2
0 0.545 0.045 0.02660239289 2
0 0.545 0.055 0.02651711283 2
0 0.545 0.065 0.02641223414 2
0 0.545 0.075 0.02628739816 2
0 0.545 0.085 0.02614203157 2
0 0.545 0.095 0.02597543526 2
0 0.545 0.105 0.02578691073 2
0 0.545 0.115 0.02557599066 2
0 0.545 0.125 0.02534258719 2
0 0.545 0.135 0.02508726194 2
0 0.545 0.145 0.02481115737 2
0 0.545 0.155 0.02451241945 2
0 0.545 0.165 0.02419491321 2
0 0.545 0.175 0.02385912829 2
0 0.545 0.185 0.02353752214 1
0 0.545 0.195 0.02324568799 1
0 0.545 0.205 0.02295475492 1
0 0.545 0.215 0.02265819108 1
0 0.545 0.225 0.02235330026 1
0 0.545 0.235 0.02203775822 1
0 0.545 0.245 0.02171270157 1
0 0.545 0.255 0.02137996457 1
0 0.545 0.265 0.02105075864 2
0 0.545 0.275 0.02069280516 2
0 0.545 0.285 0.02030187678 2
0 0.545 0.295 0.01986699962 2
0 0.545 0.305 0.01938454727 2
0 0.545 0.315 0.01885096176 2
0 0.545 0.325 0.01826882578 2
0 0.545 0.335 0.01764529825 2
0 0.545 0.345 0.01698185681 2
0 0.545 0.355 0.01627979087 2
0 0.545 0.365 0.01553911218 2
0 0.545 0.375 0.01475885411 2
0 0.545 0.385 0.01393777714 2
0 0.545 0.395 0.01307436135 2
0 0.545 0.405 0.01216694504 2
0 0.545 0.415 0.01121378183 2
0 0.545 0.425 0.01021309333 2
0 0.545 0.435 0.009163163036 2
0 0.545 0.445 0.008062248921 2
0 0.545 0.455 0.006909144794 2
0 0.545 0.465 0.005700883807 2
0 0.545 0.475 0.004441984923 2
0 0.545 0.485 0.003102976748 2
0 0.545 0.495 0.001797360401 2
0 0.545 0.505 0 2
0 0.545 0.515 0 2
0 0.545 0.525 0 2
0 0.545 0.535 0 2
0 0.545 0.545 0 1
0 0.545 0.555 0 1
0 0.545 0.565 0 1
0 0.555 -0.555 0 1
0 0.555 -0.545 0 1
0 0.555 -0.535 0 1
0 0.555 -0.525 0 1
0 0.555 -0.515 0 1
0 0.555 -0.505 0 1
0 0.555 -0.495 0.001379729266 1
0 0.555 -0.485 0.002532210423 1
0 0.555 -0.475 0.003927518737 2
0 0.555 -0.465 0.005303968134 2
0 0.555 -0.455 0.006630508192 2
0 0.555 -0.445 0.007865850048 2
0 0.555 -0.435 0.009044521414 2
0 0.555 -0.425 0.01014218248 2
0 0.555 -0.415 0.01112909079 2
0 0.555 -0.405 0.01199482128 1
0 0.555 -0.395 0.01278352747 1
0 0.555 -0.385 0.01353525737 1
0 0.555 -0.375 0.01425770834 1
0 0.555 -0.365 0.01495927187 1
0 0.555 -0.355 0.01568505557 2
0 0.555 -0.345 0.01641998862 2
0 0.555 -0.335 0.01715352505 2
0 0.555 -0.325 0.01785503639 2
0 0.555 -0.315 0.01851338874 2
0 0.555 -0.305 0.01913489334 2
0 0.555 -0.295 0.01972081937 2
0 0.555 -0.285 0.02027349638 2
0 0.555 -0.275 0.02079467416 2
0 0.555 -0.265 0.02128587245 2
0 0.555 -0.255 0.02174825803 2
0 0.555 -0.245 0.02218263049 2
0 0.555 -0.235 0.02258930983 2
0 0.555 -0.225 0.02296796019 2
0 0.555 -0.215 0.0233169809 2
0 0.555 -0.205 0.02363281796 2
0 0.555 -0.195 0.02390772038 2
0 0.555 -0.185 0.02411949 1
0 0.555 -0.175 0.02432888859 1
0 0.555 -0.165 0.02452446314 1
0 0.555 -0.155 0.02470963472 1
0 0.555 -0.145 0.0248826849 1
0 0.555 -0.135 0.02504300685 1
0 0.555 -0.125 0.02519620331 1
0 0.555 -0.115 0.0253732342 2
0 0.555 -0.105 0.02555039651 2
0 0.555 -0.095 0.02569850585 2
0 0.555 -0.085 0.02582937071 2
0 0.555 -0.075 0.02594995366 2
0 0.555 -0.065 0.02606739337 2
0 0.555 -0.055 0.02618460971 2
0 0.555 -0.045 0.02629470326 2
0 0.555 -0.035 0.02639520825 2
0 0.555 -0.025 0.02647964393 2
0 0.555 -0.015 0.02654362812 2
0 0.555 -0.005 0.02658459014 2
0 0.555 0.005 0.02660218653 2
0 0.555 0.015 0.026597266 2
0 0.555 0.025 0.0265710271 2
0 0.555 0.035 0.02652452173 2
0 0.555 0.045 0.02645843032 2
0 0.555 0.055 0.02637301313 2
0 0.555 0.065 0.02626812066 2
0 0.555 0.075 0.02614324612 2
0 0.555 0.085 0.02599757529 2
0 0.555 0.095 0.02583008249 2
0 0.555 0.105 0.0256396632 2
0 0.555 0.115 0.02542540476 2
0 0.555 0.125 0.02518689116 2
0 0.555 0.135 0.02492504626 2
0 0.555 0.145 0.02464203203 2
0 0.555 0.155 0.02433869973 2
0 0.555 0.165 0.02402158339 2
0 0.555 0.175 0.02367760384 1
0 0.555 0.185 0.02339566489 1
0 0.555 0.195 0.02311994389 1
0 0.555 0.205 0.02284261313 1
0 0.555 0.215 0.02255787466 1
0 0.555 0.225 0.02226292602 1
0 0.555 0.235 0.02195545137 1
0 0.555 0.245 0.02163566745 1
0 0.555 0.255 0.02130316193 1
0 0.555 0.265 0.02095665487 1
0 0.555 0.275 0.02060666581 2
0 0.555 0.285 0.02022048369 2
0 0.555 0.295 0.0197768067 2
0 0.555 0.305 0.01928502916 2
0 0.555 0.315 0.01874882474 2
0 0.555 0.325 0.01816874303 2
0 0.555 0.335 0.01754775301 2
0 0.555 0.345 0.01688759859 2
0 0.555 0.355 0.0161890171 2
0 0.555 0.365 0.01545174796 2
0 0.555 0.375 0.01467489501 2
0 0.555 0.385 0.01385720794 2
0 0.555 0.395 0.01299715971 2
0 0.555 0.405 0.01209306608 2
0 0.555 0.415 0.01114315293 2
0 0.555 0.425 0.01014562609 2
0 0.555 0.435 0.009098798428 2
0 0.555 0.445 0.008001047303 2
0 0.555 0.455 0.006851462648 2
0 0.555 0.465 0.00564777203 2
0 0.555 0.475 0.00439524221 2
0 0.555 0.485 0.003066542682 2
0 0.555 0.495 0.00177410394 2
0 0.555 0.505 0 2
0 0.555 0.515 0 2
0 0.555 0.525 0 2
0 0.555 0.535 0 1
0 0.555 0.545 0 1
0 0.555 0.555 0 1
0 0.555 0.565 0 1
0 0.565 -0.555 0 1
0 0.565 -0.545 0 1
0 0.565 -0.535 0 1
0 0.565 -0.525 0 1
0 0.565 -0.515 0 1
0 0.565 -0.505 0 1
0 0.565 -0.495 0.001417412176 1
0 0.565 -0.485 0.002615789278 2
0 0.565 -0.475 0.003962307216 2
0 0.565 -0.465 0.00530257479 2
0 0.565 -0.455 0.006599101094 2
0 0.565 -0.445 0.007813631997 2
0 0.565 -0.435 0.008968850208 2
0 0.565 -0.425 0.01005127279 2
0 0.565 -0.415 0.01103894253 2
0 0.565 -0.405 0.0119222969 2
0 0.565 -0.395 0.01271766106 1
0 0.565 -0.385 0.01347337684 1
0 0.565 -0.375 0.01419652595 1
0 0.565 -0.365 0.01489641905 1
0 0.565 -0.355 0.01561122608 2
0 0.565 -0.345 0.01632957176 2
0 0.565 -0.335 0.01704288954 2
0 0.565 -0.325 0.01772784763 2
0 0.565 -0.315 0.01837651594 2
0 0.565 -0.305 0.01899117976 2
0 0.565 -0.295 0.0195721553 2
0 0.565 -0.285 0.02012112177 2
0 0.565 -0.275 0.02063947034 2
0 0.565 -0.265 0.02112855463 2
0 0.565 -0.255 0.0215895074 2
0 0.565 -0.245 0.02202321314 2
0 0.565 -0.235 0.02243022075 2
0 0.565 -0.225 0.02281061873 2
0 0.565 -0.215 0.02316344237 2
0 0.565 -0.205 0.02348724193 2
0 0.565 -0.195 0.02377155409 2
0 0.565 -0.185 0.02399372701 1
0 0.565 -0.175 0.0242011624 1
0 0.565 -0.165 0.02439355789 1
0 0.565 -0.155 0.02457513092 1
0 0.565 -0.145 0.02474415081 1
0 0.565 -0.135 0.02489958993 1
0 0.565 -0.125 0.02504142477 1
0 0.565 -0.115 0.02517452568 1
0 0.565 -0.105 0.02534237504 2
0 0.565 -0.095 0.0254720759 2
0 0.565 -0.085 0.02559037179 2
0 0.565 -0.075 0.02570446231 2
0 0.565 -0.065 0.02582176246 2
0 0.565 -0.055 0.02595145399 2
0 0.565 -0.045 0.02607036096 2
0 0.565 -0.035 0.02618115004 2
0 0.565 -0.025 0.02627427336 2
0 0.565 -0.015 0.02634437519 2
0 0.565 -0.005 0.02638829388 2
0 0.565 0.005 0.02640640201 2
0 0.565 0.015 0.02640079903 2
0 0.565 0.025 0.02637356139 2
0 0.565 0.035 0.02632627934 2
0 0.565 0.045 0.02625982736 2
0 0.565 0.055 0.02617448834 2
0 0.565 0.065 0.02607001936 2
0 0.565 0.075 0.02594573354 2
0 0.565 0.085 0.02580054221 2
0 0.565 0.095 0.02563304269 2
0 0.565 0.105 0.02544151904 2
0 0.565 0.115 0.02522434783 2
0 0.565 0.125 0.02498050415 2
0 0.565 0.135 0.02471117777 2
0 0.565 0.145 0.02441778224 2
0 0.565 0.155 0.02410751146 2
0 0.565 0.165 0.02379440965 2
0 0.565 0.175 0.02348802299 1
0 0.565 0.185 0.02323026854 1
0 0.565 0.195 0.02297328482 1
0 0.565 0.205 0.02271010655 1
0 0.565 0.215 0.02243743149 1
0 0.565 0.225 0.02215302525 1
0 0.565 0.235 0.0218533716 1
0 0.565 0.245 0.0215376111 1
0 0.565 0.255 0.02120527509 1
0 0.565 0.265 0.02085674504 1
0 0.565 0.275 0.0204856744 1
0 0.565 0.285 0.02010481275 2
0 0.565 0.295 0.01965026571 2
0 0.565 0.305 0.01914945745 2
0 0.565 0.315 0.01860924385 2
0 0.565 0.325 0.01802967811 2
0 0.565 0.335 0.01741174197 2
0 0.565 0.345 0.01675585178 2
0 0.565 0.355 0.01606202161 2
0 0.565 0.365 0.0153297135 2
0 0.565 0.375 0.01455797317 2
0 0.565 0.385 0.0137454988 2
0 0.565 0.395 0.01289073286 2
0 0.565 0.405 0.01199194543 2
0 0.565 0.415 0.01104730121 2
0 0.565 0.425 0.01005493915 2
0 0.565 0.435 0.009013119339 2
0 0.565 0.445 0.007920234133 2
0 0.565 0.455 0.00677560405 2
0 0.565 0.465 0.005577390842 2
0 0.565 0.475 0.004331866004 2
0 0.565 0.485 0.003015380849 2
0 0.565 0.495 0.001739891489 2
0 0.565 0.505 0 2
0 0.565 0.515 0 2
0 0.565 0.525 0 2
0 0.565 0.535 0 1
0 0.565 0.545 0 1
0 0.565 0.555 0 1
0 0.565 0.565 0 1
0 0.575 -0.555 0 1
0 0.575 -0.545 0 1
0 0.575 -0.535 0 1
0 0.575 -0.525 0 1
0 0.575 -0.515 0 1
0 0.575 -0.505 0 1
0 0.575 -0.495 0.001481324989 2
0 0.575 -0.485 0.002675167531 2
0 0.575 -0.475 0.003994798276 2
0 0.575 -0.465 0.005294581887 2
0 0.575 -0.455 0.006552108521 2
0 0.575 -0.445 0.007741368651 2
0 0.575 -0.435 0.00886756465 2
0 0.575 -0.425 0.009928453372 2
0 0.575 -0.415 0.01091484144 2
0 0.575 -0.405 0.01181284388 2
0 0.575 -0.395 0.01262624738 2
0 0.575 -0.385 0.01338035623 2
0 0.575 -0.375 0.01409796903 2
0 0.575 -0.365 0.014795374 2
0 0.575 -0.355 0.0154919761 2
0 0.575 -0.345 0.01619977055 2
0 0.575 -0.335 0.01689604061 2
0 0.575 -0.325 0.01756364237 2
0 0.575 -0.315 0.01820149696 2
0 0.575 -0.305 0.01880772899 2
0 0.575 -0.295 0.01938225105 2
0 0.575 -0.285 0.0199261009 2
0 0.575 -0.275 0.02044035207 2
0 0.575 -0.265 0.02092617947 2
0 0.575 -0.255 0.02138467183 2
0 0.575 -0.245 0.02181679753 2
0 0.575 -0.235 0.02222336589 2
0 0.575 -0.225 0.02260499167 2
0 0.575 -0.215 0.02296176141 2
0 0.575 -0.205 0.02329507871 2
0 0.575 -0.195 0.02359513465 2
0 0.575 -0.185 0.02383925196 1
0 0.575 -0.175 0.02404424256 1
0 0.575 -0.165 0.02423265911 1
0 0.575 -0.155 0.02440933697 1
0 0.575 -0.145 0.02457528887 1
0 0.575 -0.135 0.02472741762 1
0 0.575 -0.125 0.02486439494 1
0 0.575 -0.115 0.02498467671 1
0 0.575 -0.105 0.02511234325 2
0 0.575 -0.095 0.02522354022 2
0 0.575 -0.085 0.02533034011 2
0 0.575 -0.075 0.02543331819 2
0 0.575 -0.065 0.02553764389 2
0 0.575 -0.055 0.02566422715 2
0 0.575 -0.045 0.02578205763 2
0 0.575 -0.035 0.02590999618 2
0 0.575 -0.025 0.02601864028 2
0 0.575 -0.015 0.02609615727 2
0 0.575 -0.005 0.02614145468 2
0 0.575 0.005 0.02615832576 2
0 0.575 0.015 0.02615077265 2
0 0.575 0.025 0.02612178787 2
0 0.575 0.035 0.02607343274 2
0 0.575 0.045 0.02600667762 2
0 0.575 0.055 0.02592174685 2
0 0.575 0.065 0.0258182588 2
0 0.575 0.075 0.02569532471 2
0 0.575 0.085 0.02555157929 2
0 0.575 0.095 0.0253852367 2
0 0.575 0.105 0.02519388676 2
0 0.575 0.115 0.02497511925 2
0 0.575 0.125 0.02472662927 2
0 0.575 0.135 0.02444688555 2
0 0.575 0.145 0.02414055419 2
0 0.575 0.155 0.02382443014 2
0 0.575 0.165 0.02352748964 2
0 0.575 0.175 0.02327200793 1
0 0.575 0.185 0.02303524773 1
0 0.575 0.195 0.02279334808 1
0 0.575 0.205 0.02254414119 1
0 0.575 0.215 0.02228601367 1
0 0.575 0.225 0.02201486511 1
0 0.575 0.235 0.02172433053 1
0 0.575 0.245 0.02141241558 1
0 0.575 0.255 0.02107959285 1
0 0.575 0.265 0.02072956365 1
0 0.575 0.275 0.02035485221 1
0 0.575 0.285 0.01995610287 2
0 0.575 0.295 0.01948609969 2
0 0.575 0.305 0.01897493572 2
0 0.575 0.315 0.01843147891 2
0 0.575 0.325 0.01785293996 2
0 0.575 0.335 0.01723858178 2
0 0.575 0.345 0.01658774242 2
0 0.575 0.355 0.01589978154 2
0 0.575 0.365 0.01517385824 2
0 0.575 0.375 0.01440885037 2
0 0.575 0.385 0.01360337183 2
0 0.575 0.395 0.01275580704 2
0 0.575 0.405 0.01186435743 2
0 0.575 0.415 0.01092709268 2
0 0.575 0.425 0.009942030327 2
0 0.575 0.435 0.008907267059 2
0 0.575 0.445 0.007821080463 2
0 0.575 0.455 0.006682847207 2
0 0.575 0.465 0.005490813004 2
0 0.575 0.475 0.004252699079 2
0 0.575 0.485 0.002948940921 2
0 0.575 0.495 0.001687049552 2
0 0.575 0.505 0 2
0 0.575 0.515 0 2
0 0.575 0.525 0 2
0 0.575 0.535 0 1
0 0.575 0.545 0 1
0 0.575 0.555 0 1
0 0.575 0.565 0 1
0 0.585 -0.555 0 1
0 0.585 -0.545 0 1
0 0.585 -0.535 0 1
0 0.585 -0.525 0 1
0 0.585 -0.515 0 1
0 0.585 -0.505 0 2
0 0.585 -0.495 0.001518190229 2
0 0.585 -0.485 0.002722589865 2
0 0.585 -0.475 0.004020596129 2
0 0.585 -0.465 0.005275958938 2
0 0.585 -0.455 0.00648997883 2
0 0.585 -0.445 0.007649998598 2
0 0.585 -0.435 0.008750647503 2
0 0.585 -0.425 0.009785690621 2
0 0.585 -0.415 0.01075661189 2
0 0.585 -0.405 0.0116538817 2
0 0.585 -0.395 0.01247648384 2
0 0.585 -0.385 0.0132363413 2
0 0.585 -0.375 0.01395444866 2
0 0.585 -0.365 0.01465218693 2
0 0.585 -0.355 0.01534227507 2
0 0.585 -0.345 0.01603335008 2
0 0.585 -0.335 0.01671144887 2
0 0.585 -0.325 0.01736429201 2
0 0.585 -0.315 0.01798994804 2
0 0.585 -0.305 0.0185861968 2
0 0.585 -0.295 0.01915273752 2
0 0.585 -0.285 0.01969003026 2
0 0.585 -0.275 0.02019887177 2
0 0.585 -0.265 0.02068025111 2
0 0.585 -0.255 0.02113519703 2
0 0.585 -0.245 0.02156474371 2
0 0.585 -0.235 0.02196993556 2
0 0.585 -0.225 0.02235191205 2
0 0.585 -0.215 0.02271185655 2
0 0.585 -0.205 0.02305341198 2
0 0.585 -0.195 0.02337035482 2
0 0.585 -0.185 0.0236483053 1
0 0.585 -0.175 0.0238511978 1
0 0.585 -0.165 0.02403871293 1
0 0.585 -0.155 0.024212476 1
0 0.585 -0.145 0.02437521896 1
0 0.585 -0.135 0.02452486718 1
0 0.585 -0.125 0.02465858377 1
0 0.585 -0.115 0.02477355747 1
0 0.585 -0.105 0.02486305488 1
0 0.585 -0.095 0.02495915915 1
0 0.585 -0.085 0.02505488908 1
0 0.585 -0.075 0.0251478395 1
0 0.585 -0.065 0.025237683 1
0 0.585 -0.055 0.0253523604 2
0 0.585 -0.045 0.02545466687 2
0 0.585 -0.035 0.02558853176 2
0 0.585 -0.025 0.02571409491 2
0 0.585 -0.015 0.02579862735 2
0 0.585 -0.005 0.02584472731 2
0 0.585 0.005 0.02585794793 2
0 0.585 0.015 0.02584700131 2
0 0.585 0.025 0.02581565587 2
0 0.585 0.035 0.02576610967 2
0 0.585 0.045 0.02569927151 2
0 0.585 0.055 0.02561521081 2
0 0.585 0.065 0.02551336974 2
0 0.585 0.075 0.0253926514 2
0 0.585 0.085 0.02525143859 2
0 0.585 0.095 0.02508759731 2
0 0.585 0.105 0.02489818544 2
0 0.585 0.115 0.02468003396 2
0 0.585 0.125 0.0244256128 2
0 0.585 0.135 0.02413493326 2
0 0.585 0.145 0.02381393324 2
0 0.585 0.155 0.02350495294 2
0 0.585 0.165 0.02323195545 1
0 0.585 0.175 0.02302616776 1
0 0.585 0.185 0.02280786073 1
0 0.585 0.195 0.02258147533 1
0 0.585 0.205 0.02234764401 1
0 0.585 0.215 0.02210572095 1
0 0.585 0.225 0.02185062956 1
0 0.585 0.235 0.02156958909 1
0 0.585 0.245 0.02126077333 1
0 0.585 0.255 0.02092806132 1
0 0.585 0.265 0.0205756231 1
0 0.585 0.275 0.02019855872 1
0 0.585 0.285 0.01977128195 2
0 0.585 0.295 0.01928361117 2
0 0.585 0.305 0.01876193998 2
0 0.585 0.315 0.01821639783 2
0 0.585 0.325 0.01763956442 2
0 0.585 0.335 0.01702942065 2
0 0.585 0.345 0.01638443742 2
0 0.585 0.355 0.01570341415 2
0 0.585 0.365 0.01498518022 2
0 0.585 0.375 0.01422842872 2
0 0.585 0.385 0.01343166757 2
0 0.585 0.395 0.01259320363 2
0 0.585 0.405 0.0117111551 2
0 0.585 0.415 0.01078347359 2
0 0.585 0.425 0.0098080106 2
0 0.585 0.435 0.008782590231 2
0 0.585 0.445 0.007705245874 2
0 0.585 0.455 0.006574822021 2
0 0.585 0.465 0.005389767524 2
0 0.585 0.475 0.004159512249 2
0 0.585 0.485 0.002857262635 2
0 0.585 0.495 0.001610354018 2
0 0.585 0.505 0 2
0 0.585 0.515 0 2
0 0.585 0.525 0 2
0 0.585 0.535 0 1
0 0.585 0.545 0 1
0 0.585 0.555 0 1
0 0.585 0.565 0 1
0 0.595 -0.555 0 1
0 0.595 -0.545 0 1
0 0.595 -0.535 0 1
0 0.595 -0.525 0 2
0 0.595 -0.515 0 2
0 0.595 -0.505 0 2
0 0.595 -0.495 0.001553558267 2
0 0.595 -0.485 0.002754665098 2
0 0.595 -0.475 0.004020834899 2
0 0.595 -0.465 0.005234555174 2
0 0.595 -0.455 0.006413361517 2
0 0.595 -0.445 0.007541385998 2
0 0.595 -0.435 0.00861396987 2
0 0.595 -0.425 0.009626298824 2
0 0.595 -0.415 0.01057529516 2
0 0.595 -0.405 0.01145800582 2
0 0.595 -0.395 0.01227741905 2
0 0.595 -0.385 0.01304335824 2
0 0.595 -0.375 0.01377000054 2
0 0.595 -0.365 0.01447166834 2
0 0.595 -0.355 0.01515804977 2
0 0.595 -0.345 0.01583324998 2
0 0.595 -0.335 0.01649275483 2
0 0.595 -0.325 0.01713048933 2
0 0.595 -0.315 0.01774286903 2
0 0.595 -0.305 0.0183278983 2
0 0.595 -0.295 0.01888506405 2
0 0.595 -0.285 0.01941445343 2
0 0.595 -0.275 0.01991662847 2
0 0.595 -0.265 0.02039240317 2
0 0.595 -0.255 0.02084273428 2
0 0.595 -0.245 0.02126869579 2
0 0.595 -0.235 0.02167150604 2
0 0.595 -0.225 0.02205273293 2
0 0.595 -0.215 0.02241423651 2
0 0.595 -0.205 0.02276173508 2
0 0.595 -0.195 0.0230935214 2
0 0.595 -0.185 0.02340320421 2
0 0.595 -0.175 0.02362797389 1
0 0.595 -0.165 0.02381571517 1
0 0.595 -0.155 0.02398565915 1
0 0.595 -0.145 0.02414406498 1
0 0.595 -0.135 0.02429132473 1
0 0.595 -0.125 0.02442211421 1
0 0.595 -0.115 0.02453385204 1
0 0.595 -0.105 0.0246247003 1
0 0.595 -0.095 0.02471480394 1
0 0.595 -0.085 0.02480312823 1
0 0.595 -0.075 0.02488781886 1
0 0.595 -0.065 0.02496523207 1
0 0.595 -0.055 0.02502864549 1
0 0.595 -0.045 0.02511070447 1
0 0.595 -0.035 0.02523605477 2
0 0.595 -0.025 0.02537422905 2
0 0.595 -0.015 0.02545683797 2
0 0.595 -0.005 0.02549742538 2
0 0.595 0.005 0.02550471892 2
0 0.595 0.015 0.02548929449 2
0 0.595 0.025 0.02545532646 2
0 0.595 0.035 0.02540474465 2
0 0.595 0.045 0.02533822526 2
0 0.595 0.055 0.02525561334 2
0 0.595 0.065 0.02515616314 2
0 0.595 0.075 0.02503858044 2
0 0.595 0.085 0.02490102405 2
0 0.595 0.095 0.02474105115 2
0 0.595 0.105 0.0245553833 2
0 0.595 0.115 0.02434013304 2
0 0.595 0.125 0.02408524258 2
0 0.595 0.135 0.02379158549 2
0 0.595 0.145 0.023457741 2
0 0.595 0.155 0.02316584814 1
0 0.595 0.165 0.02295209411 1
0 0.595 0.175 0.02275500754 1
0 0.595 0.185 0.02254963767 1
0 0.595 0.195 0.02233642072 1
0 0.595 0.205 0.02211892928 1
0 0.595 0.215 0.02189779088 1
0 0.595 0.225 0.02166928703 1
0 0.595 0.235 0.02140006208 1
0 0.595 0.245 0.02109364739 1
0 0.595 0.255 0.02075637745 1
0 0.595 0.265 0.02039292641 1
0 0.595 0.275 0.02000303423 1
0 0.595 0.285 0.01953775433 2
0 0.595 0.295 0.01903689308 2
0 0.595 0.305 0.01851038274 2
0 0.595 0.315 0.01796454842 2
0 0.595 0.325 0.01739046684 2
0 0.595 0.335 0.01678538801 2
0 0.595 0.345 0.01614711493 2
0 0.595 0.355 0.01547404321 2
0 0.595 0.365 0.01476471992 2
0 0.595 0.375 0.01401766282 2
0 0.595 0.385 0.01323126859 2
0 0.595 0.395 0.01240376285 2
0 0.595 0.405 0.01153318094 2
0 0.595 0.415 0.01061735472 2
0 0.595 0.425 0.009653950897 2
0 0.595 0.435 0.008640454657 2
0 0.595 0.445 0.007574526339 2
0 0.595 0.455 0.006453846569 2
0 0.595 0.465 0.005277342138 2
0 0.595 0.475 0.004054343274 2
0 0.595 0.485 0.002757093182 2
0 0.595 0.495 0.001531519911 2
0 0.595 0.505 0 2
0 0.595 0.515 0 1
0 0.595 0.525 0 1
0 0.595 0.535 0 1
0 0.595 0.545 0 1
0 0.595 0.555 0 1
0 0.595 0.565 0 1
0 0.605 -0.555 0 1
0 0.605 -0.545 0 1
0 0.605 -0.535 0 2
0 0.605 -0.525 0 2
0 0.605 -0.515 0 2
0 0.605 -0.505 0 2
0 0.605 -0.495 0.001577781098 2
0 0.605 -0.485 0.002761387989 2
0 0.605 -0.475 0.003994782843 2
0 0.605 -0.465 0.005176040278 2
0 0.605 -0.455 0.006320539666 2
0 0.605 -0.445 0.007416216822 2
0 0.605 -0.435 0.008459825938 2
0 0.605 -0.425 0.009447492727 2
0 0.605 -0.415 0.01037706364 2
0 0.605 -0.405 0.01124764868 2
0 0.605 -0.395 0.01206216636 2
0 0.605 -0.385 0.0128279224 2
0 0.605 -0.375 0.01355522359 2
0 0.605 -0.365 0.01425461606 2
0 0.605 -0.355 0.01493368972 2
0 0.605 -0.345 0.01559590642 2
0 0.605 -0.335 0.01623982652 2
0 0.605 -0.325 0.01686232979 2
0 0.605 -0.315 0.01746086563 2
0 0.605 -0.305 0.01803379541 2
0 0.605 -0.295 0.01858046436 2
0 0.605 -0.285 0.01910080139 2
0 0.605 -0.275 0.01959519176 2
0 0.605 -0.265 0.02006430656 2
0 0.605 -0.255 0.02050902772 2
0 0.605 -0.245 0.02093043823 2
0 0.605 -0.235 0.02132984884 2
0 0.605 -0.225 0.02170910239 2
0 0.605 -0.215 0.02207032246 2
0 0.605 -0.205 0.02241953055 2
0 0.605 -0.195 0.02275803903 2
0 0.605 -0.185 0.02308190735 2
0 0.605 -0.175 0.02336415024 1
0 0.605 -0.165 0.02356271651 1
0 0.605 -0.155 0.02372913343 1
0 0.605 -0.145 0.02388367332 1
0 0.605 -0.135 0.02402921763 1
0 0.605 -0.125 0.02416084672 1
0 0.605 -0.115 0.02427474209 1
0 0.605 -0.105 0.02437136944 1
0 0.605 -0.095 0.02446064664 1
0 0.605 -0.085 0.02454431635 1
0 0.605 -0.075 0.02462061153 1
0 0.605 -0.065 0.02468613217 1
0 0.605 -0.055 0.02473810034 1
0 0.605 -0.045 0.02479960568 1
0 0.605 -0.035 0.02486536463 1
0 0.605 -0.025 0.02500322576 2
0 0.605 -0.015 0.02507051785 2
0 0.605 -0.005 0.02509918371 2
0 0.605 0.005 0.02509839439 2
0 0.605 0.015 0.0250779805 2
0 0.605 0.025 0.02504152681 2
0 0.605 0.035 0.02499030405 2
0 0.605 0.045 0.02492462325 2
0 0.605 0.055 0.024844094 2
0 0.605 0.065 0.02474780943 2
0 0.605 0.075 0.02463431601 2
0 0.605 0.085 0.02450157983 2
0 0.605 0.095 0.02434686533 2
0 0.605 0.105 0.02416663841 2
0 0.605 0.115 0.02395663854 2
0 0.605 0.125 0.02370687458 2
0 0.605 0.135 0.02342061728 2
0 0.605 0.145 0.02308242262 1
0 0.605 0.155 0.0228531256 1
0 0.605 0.165 0.02265397837 1
0 0.605 0.175 0.02246121713 1
0 0.605 0.185 0.0222636546 1
0 0.605 0.195 0.02206054532 1
0 0.605 0.205 0.02185662297 1
0 0.605 0.215 0.02165186916 1
0 0.605 0.225 0.02145037545 1
0 0.605 0.235 0.02118719339 1
0 0.605 0.245 0.02087948586 1
0 0.605 0.255 0.02053615681 1
0 0.605 0.265 0.02016035685 1
0 0.605 0.275 0.01974035466 2
0 0.605 0.285 0.019255404 2
0 0.605 0.295 0.01874820828 2
0 0.605 0.305 0.01822061055 2
0 0.605 0.315 0.01767665058 2
0 0.605 0.325 0.01710655557 2
0 0.605 0.335 0.01650748198 2
0 0.605 0.345 0.01587682947 2
0 0.605 0.355 0.01521272595 2
0 0.605 0.365 0.01451349281 2
0 0.605 0.375 0.01377749946 2
0 0.605 0.385 0.01300304434 2
0 0.605 0.395 0.0121882851 2
0 0.605 0.405 0.01133119181 2
0 0.605 0.415 0.01042950081 2
0 0.605 0.425 0.009480711217 2
0 0.605 0.435 0.008481972912 2
0 0.605 0.445 0.007430451592 2
0 0.605 0.455 0.006322461183 2
0 0.605 0.465 0.005157116272 2
0 0.605 0.475 0.003930018174 2
0 0.605 0.485 0.00264345279 2
0 0.605 0.495 0.001451269969 2
0 0.605 0.505 0 1
0 0.605 0.515 0 1
0 0.605 0.525 0 1
0 0.605 0.535 0 1
0 0.605 0.545 0 1
0 0.605 0.555 0 1
0 0.605 0.565 0 1
0 0.615 -0.555 0 1
0 0.615 -0.545 0 1
0 0.615 -0.535 0 1
0 0.615 -0.525 0 2
0 0.615 -0.515 0 2
0 0.615 -0.505 0 2
0 0.615 -0.495 0.001578240563 2
0 0.615 -0.485 0.002741714622 2
0 0.615 -0.475 0.003949119305 2
0 0.615 -0.465 0.005098807619 2
0 0.615 -0.455 0.006210249212 2
0 0.615 -0.445 0.007274378717 2
0 0.615 -0.435 0.008289141075 2
0 0.615 -0.425 0.009251636829 2
0 0.615 -0.415 0.0101606648 2
0 0.615 -0.405 0.01101656909 2
0 0.615 -0.395 0.01182230368 2
0 0.615 -0.385 0.01258352643 2
0 0.615 -0.375 0.01330765545 2
0 0.615 -0.365 0.01400217183 2
0 0.615 -0.355 0.01467282473 2
0 0.615 -0.345 0.01532273052 2
0 0.615 -0.335 0.01595215367 2
0 0.615 -0.325 0.01655987083 2
0 0.615 -0.315 0.017144422 2
0 0.615 -0.305 0.01770467064 2
0 0.615 -0.295 0.01824003368 2
0 0.615 -0.285 0.01875040753 2
0 0.615 -0.275 0.0192360765 2
0 0.615 -0.265 0.01969761359 2
0 0.615 -0.255 0.02013583212 2
0 0.615 -0.245 0.02055179166 2
0 0.615 -0.235 0.02094681696 2
0 0.615 -0.225 0.02132279518 2
0 0.615 -0.215 0.02168193414 2
0 0.615 -0.205 0.02202731583 2
0 0.615 -0.195 0.022364929 2
0 0.615 -0.185 0.02269460528 2
0 0.615 -0.175 0.02301545245 2
0 0.615 -0.165 0.02326421686 1
0 0.615 -0.155 0.02344022407 1
0 0.615 -0.145 0.02359170918 1
0 0.615 -0.135 0.02373792699 1
0 0.615 -0.125 0.02387087263 1
0 0.615 -0.115 0.0239861528 1
0 0.615 -0.105 0.02408140518 1
0 0.615 -0.095 0.02416836449 1
0 0.615 -0.085 0.02424821509 1
0 0.615 -0.075 0.02432014667 1
0 0.615 -0.065 0.02438226755 1
0 0.615 -0.055 0.02443333995 1
0 0.615 -0.045 0.02448063301 1
0 0.615 -0.035 0.02452478926 1
0 0.615 -0.025 0.02460412665 2
0 0.615 -0.015 0.02464009372 2
0 0.615 -0.005 0.02465058466 2
0 0.615 0.005 0.02463995859 2
0 0.615 0.015 0.02461450309 2
0 0.615 0.025 0.0245758771 2
0 0.615 0.035 0.02452445477 2
0 0.615 0.045 0.02446010516 2
0 0.615 0.055 0.02438224299 2
0 0.615 0.065 0.02428986377 2
0 0.615 0.075 0.02418143619 2
0 0.615 0.085 0.0240548049 2
0 0.615 0.095 0.0239068902 2
0 0.615 0.105 0.02373386586 2
0 0.615 0.115 0.02353149194 2
0 0.615 0.125 0.02329125877 2
0 0.615 0.135 0.02302325976 2
0 0.615 0.145 0.02273090812 1
0 0.615 0.155 0.02251971565 1
0 0.615 0.165 0.02232700818 1
0 0.615 0.175 0.02213968894 1
0 0.615 0.185 0.02194948747 1
0 0.615 0.195 0.02175670348 1
0 0.615 0.205 0.02156342896 1
0 0.615 0.215 0.02136878033 1
0 0.615 0.225 0.02117049004 2
0 0.615 0.235 0.02090206311 2
0 0.615 0.245 0.02058773728 2
0 0.615 0.255 0.02023748168 2
0 0.615 0.265 0.01985045935 2
0 0.615 0.275 0.01940568089 2
0 0.615 0.285 0.01892168518 2
0 0.615 0.295 0.01841599266 2
0 0.615 0.305 0.01789297283 2
0 0.615 0.315 0.01735301782 2
0 0.615 0.325 0.01678841879 2
0 0.615 0.335 0.01619649178 2
0 0.615 0.345 0.01557450542 2
0 0.615 0.355 0.01492044169 2
0 0.615 0.365 0.01423247128 2
0 0.615 0.375 0.01350885849 2
0 0.615 0.385 0.01274783249 2
0 0.615 0.395 0.01194750949 2
0 0.615 0.405 0.01110582642 2
0 0.615 0.415 0.01022046992 2
0 0.615 0.425 0.009288823185 2
0 0.615 0.435 0.008307785354 2
0 0.615 0.445 0.00727399148 2
0 0.615 0.455 0.006182544421 2
0 0.615 0.465 0.00503143191 2
0 0.615 0.475 0.003804971547 2
0 0.615 0.485 0.00252681723 2
0 0.615 0.495 0.001359895667 2
0 0.615 0.505 0 1
0 0.615 0.515 0 1
0 0.615 0.525 0 1
0 0.615 0.535 0 1
0 0.615 0.545 0 1
0 0.615 0.555 0 1
0 0.615 0.565 0 1
0 0.625 -0.555 0 1
0 0.625 -0.545 0 1
0 0.625 -0.535 0 1
0 0.625 -0.525 0 2
0 0.625 -0.515 0 2
0 0.625 -0.505 0 2
0 0.625 -0.495 0.001560751804 2
0 0.625 -0.485 0.002703923267 2
0 0.625 -0.475 0.003884366625 2
0 0.625 -0.465 0.00500326286 2
0 0.625 -0.455 0.006082871993 2
0 0.625 -0.445 0.007116119136 2
0 0.625 -0.435 0.008102247227 2
0 0.625 -0.425 0.009039505641 2
0 0.625 -0.415 0.009927494095 2
0 0.625 -0.405 0.01076707441 2
0 0.625 -0.395 0.01156091471 2
0 0.625 -0.385 0.01231341365 2
0 0.625 -0.375 0.0130300708 2
0 0.625 -0.365 0.01371642879 2
0 0.625 -0.355 0.01437697634 2
0 0.625 -0.345 0.01501451928 2
0 0.625 -0.335 0.01563007046 2
0 0.625 -0.325 0.01622347138 2
0 0.625 -0.315 0.01679410053 2
0 0.625 -0.305 0.01734134436 2
0 0.625 -0.295 0.01786484711 2
0 0.625 -0.285 0.01836456587 2
0 0.625 -0.275 0.01884075796 2
0 0.625 -0.265 0.01929394212 2
0 0.625 -0.255 0.019724875 2
0 0.625 -0.245 0.02013456674 2
0 0.625 -0.235 0.02052430117 2
0 0.625 -0.225 0.02089580049 2
0 0.625 -0.215 0.02125124153 2
0 0.625 -0.205 0.02159318218 2
0 0.625 -0.195 0.02192799318 2
0 0.625 -0.185 0.02225765121 2
0 0.625 -0.175 0.02258120291 2
0 0.625 -0.165 0.02287374856 2
0 0.625 -0.155 0.02310510999 1
0 0.625 -0.145 0.02327072887 1
0 0.625 -0.135 0.02343059852 1
0 0.625 -0.125 0.0235693528 1
0 0.625 -0.115 0.02368176812 1
0 0.625 -0.105 0.02376287894 1
0 0.625 -0.095 0.02384417347 1
0 0.625 -0.085 0.02392112493 1
0 0.625 -0.075 0.02398984271 1
0 0.625 -0.065 0.02404605918 1
0 0.625 -0.055 0.02409216075 1
0 0.625 -0.045 0.02413132029 1
0 0.625 -0.035 0.0241676198 1
0 0.625 -0.025 0.02417685994 2
0 0.625 -0.015 0.02416829862 2
0 0.625 -0.005 0.02415306254 2
0 0.625 0.005 0.02413193601 2
0 0.625 0.015 0.02410154745 2
0 0.625 0.025 0.02406093203 2
0 0.625 0.035 0.02400955324 2
0 0.625 0.045 0.02394683569 2
0 0.625 0.055 0.02387205966 2
0 0.625 0.065 0.02378420565 2
0 0.625 0.075 0.02368179345 2
0 0.625 0.085 0.02356269765 2
0 0.625 0.095 0.02342365621 2
0 0.625 0.105 0.02326057654 2
0 0.625 0.115 0.02306883164 2
0 0.625 0.125 0.02284430724 2
0 0.625 0.135 0.02260046775 2
0 0.625 0.145 0.02235209509 1
0 0.625 0.155 0.02215544553 1
0 0.625 0.165 0.02197222718 1
0 0.625 0.175 0.02179179093 1
0 0.625 0.185 0.02160957781 1
0 0.625 0.195 0.02142769389 1
0 0.625 0.205 0.02124551634 1
0 0.625 0.215 0.02106157356 1
0 0.625 0.225 0.02082787846 2
0 0.625 0.235 0.02053941515 2
0 0.625 0.245 0.0202113021 2
0 0.625 0.255 0.01985169392 2
0 0.625 0.265 0.01945469504 2
0 0.625 0.275 0.0190089672 2
0 0.625 0.285 0.01853499313 2
0 0.625 0.295 0.01803979947 2
0 0.625 0.305 0.0175272883 2
0 0.625 0.315 0.01699371095 2
0 0.625 0.325 0.01643648574 2
0 0.625 0.335 0.01585310784 2
0 0.625 0.345 0.01524100353 2
0 0.625 0.355 0.01459813427 2
0 0.625 0.365 0.01392261346 2
0 0.625 0.375 0.01321265585 2
0 0.625 0.385 0.01246646125 2
0 0.625 0.395 0.01168213927 2
0 0.625 0.405 0.01085763316 2
0 0.625 0.415 0.00999063599 2
0 0.625 0.425 0.009078489156 2
0 0.625 0.435 0.008117979778 2
0 0.625 0.445 0.007105295552 2
0 0.625 0.455 0.006034626651 2
0 0.625 0.465 0.00490155266 2
0 0.625 0.475 0.003686989493 2
0 0.625 0.485 0.002420570151 2
0 0.625 0.495 0.001257584407 1
0 0.625 0.505 0 1
0 0.625 0.515 0 1
0 0.625 0.525 0 1
0 0.625 0.535 0 1
0 0.625 0.545 0 1
0 0.625 0.555 0 1
0 0.625 0.565 0 1
0 0.635 -0.555 0 1
0 0.635 -0.545 0 1
0 0.635 -0.535 0 1
0 0.635 -0.525 0 2
0 0.635 -0.515 0 2
0 0.635 -0.505 0 2
0 0.635 -0.495 0.001531948832 2
0 0.635 -0.485 0.002650759952 2
0 0.635 -0.475 0.003802495734 2
0 0.635 -0.465 0.004890740201 2
0 0.635 -0.455 0.005939035037 2
0 0.635 -0.445 0.00694175798 2
0 0.635 -0.435 0.007899360501 2
0 0.635 -0.425 0.008811025627 2
0 0.635 -0.415 0.009676978464 2
0 0.635 -0.405 0.01049836115 2
0 0.635 -0.395 0.01127755042 2
0 0.635 -0.385 0.01201803533 2
0 0.635 -0.375 0.01272399531 2
0 0.635 -0.365 0.01339963745 2
0 0.635 -0.355 0.014048524 2
0 0.635 -0.345 0.0146731488 2
0 0.635 -0.335 0.01527484441 2
0 0.635 -0.325 0.0158540638 2
0 0.635 -0.315 0.01641077804 2
0 0.635 -0.305 0.01694481131 2
0 0.635 -0.295 0.01745606057 2
0 0.635 -0.285 0.01794459819 2
0 0.635 -0.275 0.01841070803 2
0 0.635 -0.265 0.01885488877 2
0 0.635 -0.255 0.01927785334 2
0 0.635 -0.245 0.0196805475 2
0 0.635 -0.235 0.02006417747 2
0 0.635 -0.225 0.02043025314 2
0 0.635 -0.215 0.02078077581 2
0 0.635 -0.205 0.02111801019 2
0 0.635 -0.195 0.02144457213 2
0 0.635 -0.185 0.02176500461 2
0 0.635 -0.175 0.02208028708 2
0 0.635 -0.165 0.02238520031 2
0 0.635 -0.155 0.02266234181 2
0 0.635 -0.145 0.02288460351 1
0 0.635 -0.135 0.02305993638 1
0 0.635 -0.125 0.02320866609 1
0 0.635 -0.115 0.02333086479 1
0 0.635 -0.105 0.02341297824 1
0 0.635 -0.095 0.023501374 1
0 0.635 -0.085 0.02358071746 1
0 0.635 -0.075 0.02364722048 1
0 0.635 -0.065 0.02369880261 1
0 0.635 -0.055 0.02373454988 1
0 0.635 -0.045 0.02375290628 1
0 0.635 -0.035 0.02376385644 1
0 0.635 -0.025 0.02369227371 2
0 0.635 -0.015 0.02364492037 2
0 0.635 -0.005 0.0236093826 2
0 0.635 0.005 0.02357809338 2
0 0.635 0.015 0.0235426367 2
0 0.635 0.025 0.02349986938 2
0 0.635 0.035 0.02344842449 2
0 0.635 0.045 0.02338735124 2
0 0.635 0.055 0.02331583793 2
0 0.635 0.065 0.0232329207 2
0 0.635 0.075 0.02313731133 2
0 0.635 0.085 0.02302713777 2
0 0.635 0.095 0.02289944215 2
0 0.635 0.105 0.02275010105 2
0 0.635 0.115 0.02256965994 2
0 0.635 0.125 0.02235824978 2
0 0.635 0.135 0.02212719992 2
0 0.635 0.145 0.0219262104 1
0 0.635 0.155 0.02175713881 1
0 0.635 0.165 0.02159069695 1
0 0.635 0.175 0.02141947173 1
0 0.635 0.185 0.02124477644 1
0 0.635 0.195 0.02106976646 1
0 0.635 0.205 0.02089040127 1
0 0.635 0.215 0.02071274878 1
0 0.635 0.225 0.02042268934 2
0 0.635 0.235 0.02010330668 2
0 0.635 0.245 0.01975701096 2
0 0.635 0.255 0.01939016497 2
0 0.635 0.265 0.01899416295 2
0 0.635 0.275 0.0185650867 2
0 0.635 0.285 0.01810791977 2
0 0.635 0.295 0.01762654307 2
0 0.635 0.305 0.01712368964 2
0 0.635 0.315 0.01659919189 2
0 0.635 0.325 0.01605138764 2
0 0.635 0.335 0.01547813273 2
0 0.635 0.345 0.01487725305 2
0 0.635 0.355 0.01424680155 2
0 0.635 0.365 0.01358492818 2
0 0.635 0.375 0.01288985799 2
0 0.635 0.385 0.0121598053 2
0 0.635 0.395 0.01139290925 2
0 0.635 0.405 0.01058715815 2
0 0.635 0.415 0.009740305253 2
0 0.635 0.425 0.008849732866 2
0 0.635 0.435 0.007912269737 2
0 0.635 0.445 0.006923846952 2
0 0.635 0.455 0.005878442281 2
0 0.635 0.465 0.004769625652 2
0 0.635 0.475 0.003572580732 2
0 0.635 0.485 0.002327957983 2
0 0.635 0.495 0.001206183653 1
0 0.635 0.505 0 1
0 0.635 0.515 0 1
0 0.635 0.525 0 1
0 0.635 0.535 0 1
0 0.635 0.545 0 1
0 0.635 0.555 0 1
0 0.635 0.565 0 1
0 0.645 -0.555 0 1
0 0.645 -0.545 0 1
0 0.645 -0.535 0 1
0 0.645 -0.525 0 2
0 0.645 -0.515 0 2
0 0.645 -0.505 0 2
0 0.645 -0.495 0.001494807286 2
0 0.645 -0.485 0.002585397976 2
0 0.645 -0.475 0.003706062552 2
0 0.645 -0.465 0.004762887431 2
0 0.645 -0.455 0.005779673512 2
0 0.645 -0.445 0.00675187562 2
0 0.645 -0.435 0.007680819862 2
0 0.645 -0.425 0.008566399909 2
0 0.645 -0.415 0.009409295967 2
0 0.645 -0.405 0.01021078988 2
0 0.645 -0.395 0.01097299302 2
0 0.645 -0.385 0.01169873732 2
0 0.645 -0.375 0.01239129688 2
0 0.645 -0.365 0.01305396652 2
0 0.645 -0.355 0.0136896385 2
0 0.645 -0.345 0.01430051644 2
0 0.645 -0.335 0.01488803005 2
0 0.645 -0.325 0.01545296009 2
0 0.645 -0.315 0.01599566225 2
0 0.645 -0.305 0.01651629093 2
0 0.645 -0.295 0.01701497161 2
0 0.645 -0.285 0.01749190742 2
0 0.645 -0.275 0.01794743625 2
0 0.645 -0.265 0.0183820581 2
0 0.645 -0.255 0.01879645134 2
0 0.645 -0.245 0.01919149124 2
0 0.645 -0.235 0.01956827861 2
0 0.645 -0.225 0.01992815522 2
0 0.645 -0.215 0.0202727968 2
0 0.645 -0.205 0.0206041262 2
0 0.645 -0.195 0.02092410534 2
0 0.645 -0.185 0.02123400381 2
0 0.645 -0.175 0.021537574 2
0 0.645 -0.165 0.02183411766 2
0 0.645 -0.155 0.02212112932 2
0 0.645 -0.145 0.02238183757 2
0 0.645 -0.135 0.0225760919 2
0 0.645 -0.125 0.02273481157 2
0 0.645 -0.115 0.02286960205 2
0 0.645 -0.105 0.02299616534 1
0 0.645 -0.095 0.02309315809 1
0 0.645 -0.085 0.0231734947 1
0 0.645 -0.075 0.02323712972 1
0 0.645 -0.065 0.02328321523 1
0 0.645 -0.055 0.02330894472 1
0 0.645 -0.045 0.02330610037 1
0 0.645 -0.035 0.02325263907 2
0 0.645 -0.025 0.0231451437 2
0 0.645 -0.015 0.02307381824 2
0 0.645 -0.005 0.02302281474 2
0 0.645 0.005 0.02298230143 2
0 0.645 0.015 0.02294135742 2
0 0.645 0.025 0.02289593385 2
0 0.645 0.035 0.02284400797 2
0 0.645 0.045 0.02278434101 2
0 0.645 0.055 0.02271603637 2
0 0.645 0.065 0.02263821588 2
0 0.645 0.075 0.02254986999 2
0 0.645 0.085 0.02244959485 2
0 0.645 0.095 0.02233530569 2
0 0.645 0.105 0.02220335984 2
0 0.645 0.115 0.02204326617 2
0 0.645 0.125 0.02185380895 2
0 0.645 0.135 0.02162939255 2
0 0.645 0.145 0.02148166554 1
0 0.645 0.155 0.02133638264 1
0 0.645 0.165 0.02118421704 1
0 0.645 0.175 0.02102284677 1
0 0.645 0.185 0.02085580222 1
0 0.645 0.195 0.02068451142 1
0 0.645 0.205 0.02050085162 1
0 0.645 0.215 0.02030125856 2
0 0.645 0.225 0.01998010801 2
0 0.645 0.235 0.01963751653 2
0 0.645 0.245 0.01927828089 2
0 0.645 0.255 0.01890640016 2
0 0.645 0.265 0.01851156499 2
0 0.645 0.275 0.01809062039 2
0 0.645 0.285 0.01764469028 2
0 0.645 0.295 0.0171754441 2
0 0.645 0.305 0.01668424429 2
0 0.645 0.315 0.01617089831 2
0 0.645 0.325 0.0156342641 2
0 0.645 0.335 0.0150726854 2
0 0.645 0.345 0.01448438778 2
0 0.645 0.355 0.01386759061 2
0 0.645 0.365 0.01322054866 2
0 0.645 0.375 0.01254154819 2
0 0.645 0.385 0.011828857 2
0 0.645 0.395 0.01108067508 2
0 0.645 0.405 0.01029506761 2
0 0.645 0.415 0.009469890686 2
0 0.645 0.425 0.008602644491 2
0 0.645 0.435 0.007690341091 2
0 0.645 0.445 0.006728964624 2
0 0.645 0.455 0.005712984735 2
0 0.645 0.465 0.004635366953 2
0 0.645 0.475 0.003465309798 2
0 0.645 0.485 0.002251921588 2
0 0.645 0.495 0.001170858849 1
0 0.645 0.505 0 1
0 0.645 0.515 0 1
0 0.645 0.525 0 1
0 0.645 0.535 0 1
0 0.645 0.545 0 1
0 0.645 0.555 0 1
0 0.645 0.565 0 1
0 0.655 -0.555 0 1
0 0.655 -0.545 0 1
0 0.655 -0.535 0 1
0 0.655 -0.525 0 2
0 0.655 -0.515 0 2
0 0.655 -0.505 0 2
0 0.655 -0.495 0.001451281201 2
0 0.655 -0.485 0.002510159922 2
0 0.655 -0.475 0.003597235096 2
0 0.655 -0.465 0.004621340298 2
0 0.655 -0.455 0.005605953314 2
0 0.655 -0.445 0.006547242544 2
0 0.655 -0.435 0.007447095669 2
0 0.655 -0.425 0.008305906983 2
0 0.655 -0.415 0.009124663807 2
0 0.655 -0.405 0.009904711877 2
0 0.655 -0.395 0.01064794395 2
0 0.655 -0.385 0.01135671604 2
0 0.655 -0.375 0.01203366805 2
0 0.655 -0.365 0.01268145392 2
0 0.655 -0.355 0.01330247063 2
0 0.655 -0.345 0.0138986637 2
0 0.655 -0.335 0.01447145298 2
0 0.655 -0.325 0.01502178278 2
0 0.655 -0.315 0.01555024661 2
0 0.655 -0.305 0.01605723171 2
0 0.655 -0.295 0.01654304618 2
0 0.655 -0.285 0.0170080121 2
0 0.655 -0.275 0.01745252643 2
0 0.655 -0.265 0.01787709863 2
0 0.655 -0.255 0.01828237542 2
0 0.655 -0.245 0.01866915936 2
0 0.655 -0.235 0.01903843008 2
0 0.655 -0.225 0.01939135093 2
0 0.655 -0.215 0.01972925909 2
0 0.655 -0.205 0.02005364058 2
0 0.655 -0.195 0.02036605197 2
0 0.655 -0.185 0.02066765722 2
0 0.655 -0.175 0.02095904931 2
0 0.655 -0.165 0.02124293591 2
0 0.655 -0.155 0.02151693096 2
0 0.655 -0.145 0.02177603317 2
0 0.655 -0.135 0.02198334281 2
0 0.655 -0.125 0.02215445493 2
0 0.655 -0.115 0.02230357891 2
0 0.655 -0.105 0.02245848938 2
0 0.655 -0.095 0.02256558606 2
0 0.655 -0.085 0.02264694048 2
0 0.655 -0.075 0.02270681318 2
0 0.655 -0.065 0.02274588829 2
0 0.655 -0.055 0.02275967663 2
0 0.655 -0.045 0.02273536165 2
0 0.655 -0.035 0.02264335174 2
0 0.655 -0.025 0.02253793366 2
0 0.655 -0.015 0.02245709279 2
0 0.655 -0.005 0.02239595537 2
0 0.655 0.005 0.02234720473 2
0 0.655 0.015 0.02230048474 2
0 0.655 0.025 0.02225189317 2
0 0.655 0.035 0.02219902493 2
0 0.655 0.045 0.02214045214 2
0 0.655 0.055 0.0220751924 2
0 0.655 0.065 0.02200244159 2
0 0.655 0.075 0.0219214617 2
0 0.655 0.085 0.02183142001 2
0 0.655 0.095 0.0217313429 2
0 0.655 0.105 0.02161904299 2
0 0.655 0.115 0.02148634526 2
0 0.655 0.125 0.02133114957 2
0 0.655 0.135 0.02112472496 1
0 0.655 0.145 0.02102064118 1
0 0.655 0.155 0.02089199314 1
0 0.655 0.165 0.02075198729 1
0 0.655 0.175 0.02060059791 1
0 0.655 0.185 0.02044401258 1
0 0.655 0.195 0.02027857778 1
0 0.655 0.205 0.02008945157 1
0 0.655 0.215 0.01982479097 2
0 0.655 0.225 0.01948443683 2
0 0.655 0.235 0.01912507482 2
0 0.655 0.245 0.01875949554 2
0 0.655 0.255 0.01838597227 2
0 0.655 0.265 0.01799463769 2
0 0.655 0.275 0.01758221094 2
0 0.655 0.285 0.01714753205 2
0 0.655 0.295 0.01669068922 2
0 0.655 0.305 0.01621192181 2
0 0.655 0.315 0.01571091305 2
0 0.655 0.325 0.01518679099 2
0 0.655 0.335 0.01463826144 2
0 0.655 0.345 0.01406381445 2
0 0.655 0.355 0.01346186032 2
0 0.655 0.365 0.01283078958 2
0 0.655 0.375 0.01216898312 2
0 0.655 0.385 0.01147479052 2
0 0.655 0.395 0.01074649593 2
0 0.655 0.405 0.009982264319 2
0 0.655 0.415 0.009180083113 2
0 0.655 0.425 0.008337629827 2
0 0.655 0.435 0.00745220519 2
0 0.655 0.445 0.006520198598 2
0 0.655 0.455 0.005537064766 2
0 0.655 0.465 0.004496299869 2
0 0.655 0.475 0.003379790228 2
0 0.655 0.485 0.002217274166 2
0 0.655 0.495 0.00115962593 1
0 0.655 0.505 0 1
0 0.655 0.515 0 1
0 0.655 0.525 0 1
0 0.655 0.535 0 1
0 0.655 0.545 0 1
0 0.655 0.555 0 1
0 0.655 0.565 0 2
0 0.665 -0.555 0 1
0 0.665 -0.545 0 1
0 0.665 -0.535 0 2
0 0.665 -0.525 0 2
0 0.665 -0.515 0 2
0 0.665 -0.505 0 2
0 0.665 -0.495 0.001402651675 2
0 0.665 -0.485 0.002426771061 2
0 0.665 -0.475 0.003477827913 2
0 0.665 -0.465 0.004467679606 2
0 0.665 -0.455 0.005419125715 2
0 0.665 -0.445 0.006328797409 2
0 0.665 -0.435 0.007198892403 2
0 0.665 -0.425 0.008030121191 2
0 0.665 -0.415 0.008823651841 2
0 0.665 -0.405 0.00958084134 2
0 0.665 -0.395 0.01030340077 2
0 0.665 -0.385 0.01099333506 2
0 0.665 -0.375 0.01165283069 2
0 0.665 -0.365 0.012284082 2
0 0.665 -0.355 0.01288911504 2
0 0.665 -0.345 0.01346965406 2
0 0.665 -0.335 0.01402705982 2
0 0.665 -0.325 0.01456234417 2
0 0.665 -0.315 0.0150762379 2
0 0.665 -0.305 0.01556928223 2
0 0.665 -0.295 0.01604191871 2
0 0.665 -0.285 0.01649456388 2
0 0.665 -0.275 0.01692766472 2
0 0.665 -0.265 0.01734173741 2
0 0.665 -0.255 0.01773739434 2
0 0.665 -0.245 0.01811536213 2
0 0.665 -0.235 0.01847649373 2
0 0.665 -0.225 0.0188217674 2
0 0.665 -0.215 0.01915226639 2
0 0.665 -0.205 0.01946909917 2
0 0.665 -0.195 0.01977337019 2
0 0.665 -0.185 0.02006599455 2
0 0.665 -0.175 0.02034736073 2
0 0.665 -0.165 0.02061677986 2
0 0.665 -0.155 0.02087051104 2
0 0.665 -0.145 0.02110286232 2
0 0.665 -0.135 0.02130343117 2
0 0.665 -0.125 0.0214810653 2
0 0.665 -0.115 0.02164450485 2
0 0.665 -0.105 0.02180509437 2
0 0.665 -0.095 0.02192254298 2
0 0.665 -0.085 0.02200658047 2
0 0.665 -0.075 0.02206224678 2
0 0.665 -0.065 0.02209374462 2
0 0.665 -0.055 0.02209362551 2
0 0.665 -0.045 0.02205296191 2
0 0.665 -0.035 0.02196212747 2
0 0.665 -0.025 0.02187059576 2
0 0.665 -0.015 0.02179281432 2
0 0.665 -0.005 0.02172922602 2
0 0.665 0.005 0.02167370369 2
0 0.665 0.015 0.02162166173 2
0 0.665 0.025 0.0215698254 2
0 0.665 0.035 0.0215158225 2
0 0.665 0.045 0.02145818658 2
0 0.665 0.055 0.02139588725 2
0 0.665 0.065 0.02132817054 2
0 0.665 0.075 0.0212544979 2
0 0.665 0.085 0.0211745662 2
0 0.665 0.095 0.02108837292 2
0 0.665 0.105 0.02099621036 2
0 0.665 0.115 0.02089785719 2
0 0.665 0.125 0.02079285837 2
0 0.665 0.135 0.02067002717 1
0 0.665 0.145 0.02055275604 1
0 0.665 0.155 0.02042964391 1
0 0.665 0.165 0.02029653711 1
0 0.665 0.175 0.02015561324 1
0 0.665 0.185 0.02000946011 1
0 0.665 0.195 0.01984804018 1
0 0.665 0.205 0.01963820876 1
0 0.665 0.215 0.01929032117 2
0 0.665 0.225 0.01893203103 2
0 0.665 0.235 0.01856906681 2
0 0.665 0.245 0.01820641745 2
0 0.665 0.255 0.01783469573 2
0 0.665 0.265 0.0174484913 2
0 0.665 0.275 0.01704438246 2
0 0.665 0.285 0.01662031686 2
0 0.665 0.295 0.01617549014 2
0 0.665 0.305 0.01570943531 2
0 0.665 0.315 0.01522156874 2
0 0.665 0.325 0.01471102891 2
0 0.665 0.335 0.01417668186 2
0 0.665 0.345 0.01361721189 2
0 0.665 0.355 0.01303120015 2
0 0.665 0.365 0.01241717399 2
0 0.665 0.375 0.01177362436 2
0 0.665 0.385 0.01109899976 2
0 0.665 0.395 0.01039168454 2
0 0.665 0.405 0.009649959553 2
0 0.665 0.415 0.008871960954 2
0 0.665 0.425 0.008055580383 2
0 0.665 0.435 0.007198453116 2
0 0.665 0.445 0.006297575561 2
0 0.665 0.455 0.005349650269 2
0 0.665 0.465 0.004349728541 2
0 0.665 0.475 0.003292088069 2
0 0.665 0.485 0.002187552478 2
0 0.665 0.495 0.001165040821 1
0 0.665 0.505 0 1
0 0.665 0.515 0 1
0 0.665 0.525 0 1
0 0.665 0.535 0 1
0 0.665 0.545 0 2
0 0.665 0.555 0 2
0 0.665 0.565 0 2
0 0.675 -0.555 0 1
0 0.675 -0.545 0 1
0 0.675 -0.535 0 2
0 0.675 -0.525 0 2
0 0.675 -0.515 0 2
0 0.675 -0.505 0 2
0 0.675 -0.495 0.001349842328 2
0 0.675 -0.485 0.002336561259 2
0 0.675 -0.475 0.003349344364 2
0 0.675 -0.465 0.004303339843 2
0 0.675 -0.455 0.005220447333 2
0 0.675 -0.445 0.006097593631 2
0 0.675 -0.435 0.006937098588 2
0 0.675 -0.425 0.007739841867 2
0 0.675 -0.415 0.008507071957 2
0 0.675 -0.405 0.009240116229 2
0 0.675 -0.395 0.009940528084 2
0 0.675 -0.385 0.01061004442 2
0 0.675 -0.375 0.01125051761 2
0 0.675 -0.365 0.01186380324 2
0 0.675 -0.355 0.01245164429 2
0 0.675 -0.345 0.01301557838 2
0 0.675 -0.335 0.01355688795 2
0 0.675 -0.325 0.01407659785 2
0 0.675 -0.315 0.01457551034 2
0 0.675 -0.305 0.01505426126 2
0 0.675 -0.295 0.01551338159 2
0 0.675 -0.285 0.01595335387 2
0 0.675 -0.275 0.01637465839 2
0 0.675 -0.265 0.01677780829 2
0 0.675 -0.255 0.01716337469 2
0 0.675 -0.245 0.01753200256 2
0 0.675 -0.235 0.01788441661 2
0 0.675 -0.225 0.01822141296 2
0 0.675 -0.215 0.01854383437 2
0 0.675 -0.205 0.01885250886 2
0 0.675 -0.195 0.0191481433 2
0 0.675 -0.185 0.01943123233 2
0 0.675 -0.175 0.01970171578 2
0 0.675 -0.165 0.01995864468 2
0 0.675 -0.155 0.0201991672 2
0 0.675 -0.145 0.02041963421 2
0 0.675 -0.135 0.02061543909 2
0 0.675 -0.125 0.02078868905 2
0 0.675 -0.115 0.02094160712 2
0 0.675 -0.105 0.02107634412 2
0 0.675 -0.095 0.02118249907 2
0 0.675 -0.085 0.02126091991 2
0 0.675 -0.075 0.02131201766 2
0 0.675 -0.065 0.02133639847 2
0 0.675 -0.055 0.0213317586 2
0 0.675 -0.045 0.02129688154 2
0 0.675 -0.035 0.02123366686 2
0 0.675 -0.025 0.02116009412 2
0 0.675 -0.015 0.02108787912 2
0 0.675 -0.005 0.02102194703 2
0 0.675 0.005 0.02096204304 2
0 0.675 0.015 0.02090592811 2
0 0.675 0.025 0.02085134199 2
0 0.675 0.035 0.02079643682 2
0 0.675 0.045 0.02073989297 2
0 0.675 0.055 0.02068071579 2
0 0.675 0.065 0.02061819516 2
0 0.675 0.075 0.02055192005 2
0 0.675 0.085 0.02048198735 2
0 0.675 0.095 0.02040918998 2
0 0.675 0.105 0.02033628476 2
0 0.675 0.115 0.02027141231 2
0 0.675 0.125 0.02021810973 2
0 0.675 0.135 0.02018834432 1
0 0.675 0.145 0.02006001938 1
0 0.675 0.155 0.01994383089 1
0 0.675 0.165 0.01981878252 1
0 0.675 0.175 0.0196860227 1
0 0.675 0.185 0.01954892642 1
0 0.675 0.195 0.01937671631 1
0 0.675 0.205 0.01909252735 2
0 0.675 0.215 0.01871336908 2
0 0.675 0.225 0.01834396076 2
0 0.675 0.235 0.01797952476 2
0 0.675 0.245 0.01762016967 2
0 0.675 0.255 0.0172531827 2
0 0.675 0.265 0.01687381094 2
0 0.675 0.275 0.01647859042 2
0 0.675 0.285 0.0160652687 2
0 0.675 0.295 0.01563254988 2
0 0.675 0.305 0.01517953105 2
0 0.675 0.315 0.01470539827 2
0 0.675 0.325 0.01420924123 2
0 0.675 0.335 0.01369000095 2
0 0.675 0.345 0.01314648662 2
0 0.675 0.355 0.01257741219 2
0 0.675 0.365 0.01198142841 2
0 0.675 0.375 0.011357139 2
0 0.675 0.385 0.01070310048 2
0 0.675 0.395 0.0100178097 2
0 0.675 0.405 0.009299677572 2
0 0.675 0.415 0.00854700386 2
0 0.675 0.425 0.007757916282 2
0 0.675 0.435 0.006930393329 2
0 0.675 0.445 0.00606206728 2
0 0.675 0.455 0.005150799487 2
0 0.675 0.465 0.004193787459 2
0 0.675 0.475 0.003190309749 2
0 0.675 0.485 0.002141425493 2
0 0.675 0.495 0.001175430311 2
0 0.675 0.505 0 2
0 0.675 0.515 0 1
0 0.675 0.525 0 2
0 0.675 0.535 0 2
0 0.675 0.545 0 2
0 0.675 0.555 0 2
0 0.675 0.565 0 2
0 0.685 -0.555 0 1
0 0.685 -0.545 0 2
0 0.685 -0.535 0 2
0 0.685 -0.525 0 2
0 0.685 -0.515 0 2
0 0.685 -0.505 0 2
0 0.685 -0.495 0.001293554526 2
0 0.685 -0.485 0.002240590756 2
0 0.685 -0.475 0.003213054567 2
0 0.685 -0.465 0.004129626277 2
0 0.685 -0.455 0.005011159723 2
0 0.685 -0.445 0.005854769655 2
0 0.685 -0.435 0.006662763774 2
0 0.685 -0.425 0.007436080368 2
0 0.685 -0.415 0.008175970294 2
0 0.685 -0.405 0.008883697303 2
0 0.685 -0.395 0.009560669673 2
0 0.685 -0.385 0.01020840971 2
0 0.685 -0.375 0.01082851415 2
0 0.685 -0.365 0.01142258126 2
0 0.685 -0.355 0.01199213368 2
0 0.685 -0.345 0.01253855288 2
0 0.685 -0.335 0.01306303893 2
0 0.685 -0.325 0.01356660003 2
0 0.685 -0.315 0.01405006783 2
0 0.685 -0.305 0.01451413005 2
0 0.685 -0.295 0.01495937088 2
0 0.685 -0.285 0.0153863115 2
0 0.685 -0.275 0.01579544622 2
0 0.685 -0.265 0.01618727174 2
0 0.685 -0.255 0.01656230872 2
0 0.685 -0.245 0.01692111462 2
0 0.685 -0.235 0.01726428633 2
0 0.685 -0.225 0.01759244814 2
0 0.685 -0.215 0.01790622215 2
0 0.685 -0.205 0.01820617451 2
0 0.685 -0.195 0.01849272052 2
0 0.685 -0.185 0.01876598387 2
0 0.685 -0.175 0.01902555922 2
0 0.685 -0.165 0.01927034618 2
0 0.685 -0.155 0.01949830774 2
0 0.685 -0.145 0.0197071859 2
0 0.685 -0.135 0.01989487034 2
0 0.685 -0.125 0.02006172003 2
0 0.685 -0.115 0.02020793932 2
0 0.685 -0.105 0.02033316347 2
0 0.685 -0.095 0.02043269714 2
0 0.685 -0.085 0.02050569623 2
0 0.685 -0.075 0.02055174871 2
0 0.685 -0.065 0.02057112578 2
0 0.685 -0.055 0.02056352711 2
0 0.685 -0.045 0.02053031945 2
0 0.685 -0.035 0.02047559356 2
0 0.685 -0.025 0.02040990093 2
0 0.685 -0.015 0.02034157568 2
0 0.685 -0.005 0.02027556994 2
0 0.685 0.005 0.02021331888 2
0 0.685 0.015 0.02015446367 2
0 0.685 0.025 0.02009798067 2
0 0.685 0.035 0.02004276383 2
0 0.685 0.045 0.01998779879 2
0 0.685 0.055 0.01993221708 2
0 0.685 0.065 0.01987536163 2
0 0.685 0.075 0.01981689983 2
0 0.685 0.085 0.01975715726 2
0 0.685 0.095 0.01969757622 2
0 0.685 0.105 0.01964209309 2
0 0.685 0.115 0.01960250143 2
0 0.685 0.125 0.01958790933 2
0 0.685 0.135 0.01961089422 2
0 0.685 0.145 0.01954918981 1
0 0.685 0.155 0.01946044226 1
0 0.685 0.165 0.01934171343 1
0 0.685 0.175 0.01919773118 1
0 0.685 0.185 0.01904413239 1
0 0.685 0.195 0.01878895328 2
0 0.685 0.205 0.01845446401 2
0 0.685 0.215 0.01808239167 2
0 0.685 0.225 0.01771665543 2
0 0.685 0.235 0.01735850459 2
0 0.685 0.245 0.01700492974 2
0 0.685 0.255 0.01664451325 2
0 0.685 0.265 0.01627311633 2
0 0.685 0.275 0.01588734043 2
0 0.685 0.285 0.01548498907 2
0 0.685 0.295 0.0150645315 2
0 0.685 0.305 0.01462482775 2
0 0.685 0.315 0.01416489969 2
0 0.685 0.325 0.01368377495 2
0 0.685 0.335 0.01318041777 2
0 0.685 0.345 0.01265371227 2
0 0.685 0.355 0.01210247175 2
0 0.685 0.365 0.01152545423 2
0 0.685 0.375 0.01092137299 2
0 0.685 0.385 0.01028889826 2
0 0.685 0.395 0.009626651277 2
0 0.685 0.405 0.008933189716 2
0 0.685 0.415 0.008206997349 2
0 0.685 0.425 0.007446460613 2
0 0.685 0.435 0.006649917999 2
0 0.685 0.445 0.005815626816 2
0 0.685 0.455 0.004942297955 2
0 0.685 0.465 0.004028831069 2
0 0.685 0.475 0.00307864895 2
0 0.685 0.485 0.002089420154 2
0 0.685 0.495 0.001168272759 2
0 0.685 0.505 0 2
0 0.685 0.515 0 2
0 0.685 0.525 0 2
0 0.685 0.535 0 2
0 0.685 0.545 0 2
0 0.685 0.555 0 2
0 0.685 0.565 0 2
0 0.695 -0.555 0 2
0 0.695 -0.545 0 2
0 0.695 -0.535 0 2
0 0.695 -0.525 0 2
0 0.695 -0.515 0 2
0 0.695 -0.505 0 2
0 0.695 -0.495 0.001234350268 2
0 0.695 -0.485 0.002139739972 2
0 0.695 -0.475 0.003070062265 2
0 0.695 -0.465 0.003947740343 2
0 0.695 -0.455 0.004792481781 2
0 0.695 -0.445 0.005601521302 2
0 0.695 -0.435 0.006377060288 2
0 0.695 -0.425 0.007120014936 2
0 0.695 -0.415 0.007831579054 2
0 0.695 -0.405 0.008512924401 2
0 0.695 -0.395 0.009165318567 2
0 0.695 -0.385 0.009790102368 2
0 0.695 -0.375 0.01038866814 2
0 0.695 -0.365 0.01096241198 2
0 0.695 -0.355 0.01151268137 2
0 0.695 -0.345 0.01204072739 2
0 0.695 -0.335 0.01254767157 2
0 0.695 -0.325 0.01303449093 2
0 0.695 -0.315 0.01350202091 2
0 0.695 -0.305 0.01395097163 2
0 0.695 -0.295 0.01438195238 2
0 0.695 -0.285 0.01479549918 2
0 0.695 -0.275 0.01519210141 2
0 0.695 -0.265 0.01557222497 2
0 0.695 -0.255 0.01593632996 2
0 0.695 -0.245 0.0162848809 2
0 0.695 -0.235 0.01661834731 2
0 0.695 -0.225 0.0169371914 2
0 0.695 -0.215 0.01724183849 2
0 0.695 -0.205 0.01753262712 2
0 0.695 -0.195 0.01780972924 2
0 0.695 -0.185 0.01807304658 2
0 0.695 -0.175 0.01832206908 2
0 0.695 -0.165 0.01855580573 2
0 0.695 -0.155 0.01877276188 2
0 0.695 -0.145 0.01897131361 2
0 0.695 -0.135 0.01914997845 2
0 0.695 -0.125 0.01930817054 2
0 0.695 -0.115 0.01944529306 2
0 0.695 -0.105 0.01956046962 2
0 0.695 -0.095 0.01965154666 2
0 0.695 -0.085 0.01971759721 2
0 0.695 -0.075 0.01975819955 2
0 0.695 -0.065 0.01977364717 2
0 0.695 -0.055 0.01976472084 2
0 0.695 -0.045 0.01973365492 2
0 0.695 -0.035 0.01968459284 2
0 0.695 -0.025 0.01962429129 2
0 0.695 -0.015 0.01955898217 2
0 0.695 -0.005 0.01949323595 2
0 0.695 0.005 0.01942955577 2
0 0.695 0.015 0.01936893895 2
0 0.695 0.025 0.01931145421 2
0 0.695 0.035 0.01925669346 2
0 0.695 0.045 0.01920403295 2
0 0.695 0.055 0.01915278307 2
0 0.695 0.065 0.01910233574 2
0 0.695 0.075 0.01905237469 2
0 0.695 0.085 0.01900324599 2
0 0.695 0.095 0.01895668677 2
0 0.695 0.105 0.01891642742 2
0 0.695 0.115 0.01889411805 2
0 0.695 0.125 0.01889823543 2
0 0.695 0.135 0.01893273531 2
0 0.695 0.145 0.0189707722 1
0 0.695 0.155 0.01891063415 1
0 0.695 0.165 0.01879763004 1
0 0.695 0.175 0.01863961902 1
0 0.695 0.185 0.01840452412 2
0 0.695 0.195 0.01809688275 2
0 0.695 0.205 0.01775274605 2
0 0.695 0.215 0.01740060141 2
0 0.695 0.225 0.01705279889 2
0 0.695 0.235 0.01670917105 2
0 0.695 0.245 0.01636331872 2
0 0.695 0.255 0.01601092112 2
0 0.695 0.265 0.01564842201 2
0 0.695 0.275 0.01527272712 2
0 0.695 0.285 0.01488173411 2
0 0.695 0.295 0.01447384124 2
0 0.695 0.305 0.01404779771 2
0 0.695 0.315 0.01360252653 2
0 0.695 0.325 0.01313700806 2
0 0.695 0.335 0.01265021319 2
0 0.695 0.345 0.01214107467 2
0 0.695 0.355 0.01160848214 2
0 0.695 0.365 0.01105128691 2
0 0.695 0.375 0.01046830795 2
0 0.695 0.385 0.009858334338 2
0 0.695 0.395 0.009220124288 2
0 0.695 0.405 0.008552401276 2
0 0.695 0.415 0.007853857939 2
0 0.695 0.425 0.007123165225 2
0 0.695 0.435 0.006359047805 2
0 0.695 0.445 0.00556036358 2
0 0.695 0.455 0.004726608866 2
0 0.695 0.465 0.003857722116 2
0 0.695 0.475 0.0029615943 2
0 0.695 0.485 0.002031548812 2
0 0.695 0.495 0.00115035244 2
0 0.695 0.505 0 2
0 0.695 0.515 0 2
0 0.695 0.525 0 2
0 0.695 0.535 0 2
0 0.695 0.545 0 2
0 0.695 0.555 0 2
0 0.695 0.565 0 2
0 0.705 -0.555 0 2
0 0.705 -0.545 0 2
0 0.705 -0.535 0 2
0 0.705 -0.525 0 2
0 0.705 -0.515 0 2
0 0.705 -0.505 0 2
0 0.705 -0.495 0.001172701819 2
0 0.705 -0.485 0.002034769369 2
0 0.705 -0.475 0.002921356016 2
0 0.705 -0.465 0.003758808066 2
0 0.705 -0.455 0.004565614607 2
0 0.705 -0.445 0.005339087922 2
0 0.705 -0.435 0.006081257363 2
0 0.705 -0.425 0.006792958833 2
0 0.705 -0.415 0.007475284201 2
0 0.705 -0.405 0.008129289533 2
0 0.705 -0.395 0.008756100915 2
0 0.705 -0.385 0.009356897247 2
0 0.705 -0.375 0.009932899667 2
0 0.705 -0.365 0.01048533985 2
0 0.705 -0.355 0.01101542322 2
0 0.705 -0.345 0.01152429253 2
0 0.705 -0.335 0.01201299874 2
0 0.705 -0.325 0.01248248297 2
0 0.705 -0.315 0.01293357028 2
0 0.705 -0.305 0.01336697405 2
0 0.705 -0.295 0.01378330815 2
0 0.705 -0.285 0.01418310385 2
0 0.705 -0.275 0.01456682856 2
0 0.705 -0.265 0.01493490354 2
0 0.705 -0.255 0.0152877184 2
0 0.705 -0.245 0.01562563973 2
0 0.705 -0.235 0.0159490114 2
0 0.705 -0.225 0.01625814369 2
0 0.705 -0.215 0.01655328799 2
0 0.705 -0.205 0.01683459475 2
0 0.705 -0.195 0.0171020521 2
0 0.705 -0.185 0.0173554149 2
0 0.705 -0.175 0.0175941314 2
0 0.705 -0.165 0.01781732478 2
0 0.705 -0.155 0.01802382904 2
0 0.705 -0.145 0.01821238912 2
0 0.705 -0.135 0.01838181802 2
0 0.705 -0.125 0.01853124281 2
0 0.705 -0.115 0.01865978691 2
0 0.705 -0.105 0.01876646927 2
0 0.705 -0.095 0.0188499744 2
0 0.705 -0.085 0.01890953263 2
0 0.705 -0.075 0.01894487552 2
0 0.705 -0.065 0.01895645749 2
0 0.705 -0.055 0.01894551583 2
0 0.705 -0.045 0.0189145054 2
0 0.705 -0.035 0.01886723175 2
0 0.705 -0.025 0.01880882829 2
0 0.705 -0.015 0.01874439868 2
0 0.705 -0.005 0.01867821996 2
0 0.705 0.005 0.01861330587 2
0 0.705 0.015 0.01855150044 2
0 0.705 0.025 0.01849370981 2
0 0.705 0.035 0.01844016682 2
0 0.705 0.045 0.01839063861 2
0 0.705 0.055 0.01834460727 2
0 0.705 0.065 0.01830146659 2
0 0.705 0.075 0.01826079939 2
0 0.705 0.085 0.01822273556 2
0 0.705 0.095 0.01818872138 2
0 0.705 0.105 0.01816162316 2
0 0.705 0.115 0.01814686796 2
0 0.705 0.125 0.01815442815 2
0 0.705 0.135 0.01818751417 2
0 0.705 0.145 0.01825308587 2
0 0.705 0.155 0.01821673068 2
0 0.705 0.165 0.01811156829 2
0 0.705 0.175 0.01793647149 2
0 0.705 0.185 0.01766087385 2
0 0.705 0.195 0.01734681272 2
0 0.705 0.205 0.0170214162 2
0 0.705 0.215 0.01669246466 2
0 0.705 0.225 0.01636426551 2
0 0.705 0.235 0.01603281936 2
0 0.705 0.245 0.01569710518 2
0 0.705 0.255 0.01535436432 2
0 0.705 0.265 0.01500178195 2
0 0.705 0.275 0.01463687586 2
0 0.705 0.285 0.01425773804 2
0 0.705 0.295 0.01386281649 2
0 0.705 0.305 0.01345083853 2
0 0.705 0.315 0.01302068666 2
0 0.705 0.325 0.01257131801 2
0 0.705 0.335 0.01210170962 2
0 0.705 0.345 0.01161083087 2
0 0.705 0.355 0.01109763396 2
0 0.705 0.365 0.01056105433 2
0 0.705 0.375 0.01000001438 2
0 0.705 0.385 0.009413427121 2
0 0.705 0.395 0.008800199569 2
0 0.705 0.405 0.008159237863 2
0 0.705 0.415 0.007489463586 2
0 0.705 0.425 0.006789846688 2
0 0.705 0.435 0.006059501194 2
0 0.705 0.445 0.00529780397 2
0 0.705 0.455 0.004504972807 2
0 0.705 0.465 0.003681516656 2
0 0.705 0.475 0.002834461174 2
0 0.705 0.485 0.001953577728 2
0 0.705 0.495 0.001114188252 2
0 0.705 0.505 0 2
0 0.705 0.515 0 2
0 0.705 0.525 0 2
0 0.705 0.535 0 2
0 0.705 0.545 0 2
0 0.705 0.555 0 2
0 0.705 0.565 0 2
0 0.715 -0.555 0 2
0 0.715 -0.545 0 2
0 0.715 -0.535 0 2
0 0.715 -0.525 0 2
0 0.715 -0.515 0 2
0 0.715 -0.505 0 2
0 0.715 -0.495 0.001109023389 2
0 0.715 -0.485 0.001926360062 2
0 0.715 -0.475 0.002767846538 2
0 0.715 -0.465 0.003563903467 2
0 0.715 -0.455 0.004331747724 2
0 0.715 -0.445 0.005068742745 2
0 0.715 -0.435 0.005776699701 2
0 0.715 -0.425 0.006456332106 2
0 0.715 -0.415 0.007108595735 2
0 0.715 -0.405 0.007734410988 2
0 0.715 -0.395 0.008334758362 2
0 0.715 -0.385 0.008910665494 2
0 0.715 -0.375 0.009463203652 2
0 0.715 -0.365 0.009993466345 2
0 0.715 -0.355 0.01050254221 2
0 0.715 -0.345 0.01099148503 2
0 0.715 -0.335 0.01146128621 2
0 0.715 -0.325 0.01191285299 2
0 0.715 -0.315 0.01234699458 2
0 0.715 -0.305 0.0127644166 2
0 0.715 -0.295 0.01316572339 2
0 0.715 -0.285 0.01355142626 2
0 0.715 -0.275 0.01392195584 2
0 0.715 -0.265 0.01427767591 2
0 0.715 -0.255 0.01461889593 2
0 0.715 -0.245 0.0149458797 2
0 0.715 -0.235 0.01525884728 2
0 0.715 -0.225 0.01555796748 2
0 0.715 -0.215 0.01584333888 2
0 0.715 -0.205 0.0161149587 2
0 0.715 -0.195 0.01637268047 2
0 0.715 -0.185 0.01661616921 2
0 0.715 -0.175 0.01684486413 2
0 0.715 -0.165 0.01705797688 2
0 0.715 -0.155 0.01725452869 2
0 0.715 -0.145 0.01743345729 2
0 0.715 -0.135 0.01759370956 2
0 0.715 -0.125 0.0177343398 2
0 0.715 -0.115 0.01785441762 2
0 0.715 -0.105 0.01795301269 2
0 0.715 -0.095 0.01802918847 2
0 0.715 -0.085 0.01808236371 2
0 0.715 -0.075 0.01811243076 2
0 0.715 -0.065 0.01811995091 2
0 0.715 -0.055 0.01810628757 2
0 0.715 -0.045 0.01807382438 2
0 0.715 -0.035 0.01802599645 2
0 0.715 -0.025 0.01796712978 2
0 0.715 -0.015 0.01790176296 2
0 0.715 -0.005 0.01783408373 2
0 0.715 0.005 0.01776751599 2
0 0.715 0.015 0.01770457652 2
0 0.715 0.025 0.01764686647 2
0 0.715 0.035 0.01759516878 2
0 0.715 0.045 0.01754958325 2
0 0.715 0.055 0.01750970003 2
0 0.715 0.065 0.0174748118 2
0 0.715 0.075 0.01744421712 2
0 0.715 0.085 0.01741756883 2
0 0.715 0.095 0.01739545817 2
0 0.715 0.105 0.01737961277 2
0 0.715 0.115 0.01737292776 2
0 0.715 0.125 0.01738352845 2
0 0.715 0.135 0.01741025159 2
0 0.715 0.145 0.0174461182 2
0 0.715 0.155 0.01741171596 2
0 0.715 0.165 0.01730520252 2
0 0.715 0.175 0.01712236963 2
0 0.715 0.185 0.01685800231 2
0 0.715 0.195 0.01656955292 2
0 0.715 0.205 0.01626857701 2
0 0.715 0.215 0.01596257239 2
0 0.715 0.225 0.01565023708 2
0 0.715 0.235 0.01533247751 2
0 0.715 0.245 0.01500861182 2
0 0.715 0.255 0.01467683364 2
0 0.715 0.265 0.01433519977 2
0 0.715 0.275 0.01398185919 2
0 0.715 0.285 0.01361517413 2
0 0.715 0.295 0.01323372736 2
0 0.715 0.305 0.01283629065 2
0 0.715 0.315 0.01242175464 2
0 0.715 0.325 0.01198907876 2
0 0.715 0.335 0.01153725396 2
0 0.715 0.345 0.01106528323 2
0 0.715 0.355 0.01057217478 2
0 0.715 0.365 0.01005694296 2
0 0.715 0.375 0.009518612806 2
0 0.715 0.385 0.008956225496 2
0 0.715 0.395 0.008368845428 2
0 0.715 0.405 0.007755571437 2
0 0.715 0.415 0.007115560734 2
0 0.715 0.425 0.006448072195 2
0 0.715 0.435 0.005752567377 2
0 0.715 0.445 0.005028806886 2
0 0.715 0.455 0.00427739059 2
0 0.715 0.465 0.003498865219 2
0 0.715 0.475 0.002699001381 2
0 0.715 0.485 0.001865314927 2
0 0.715 0.495 0.001066876569 2
0 0.715 0.505 0 2
0 0.715 0.515 0 2
0 0.715 0.525 0 2
0 0.715 0.535 0 2
0 0.715 0.545 0 2
0 0.715 0.555 0 2
0 0.715 0.565 0 2
0 0.725 -0.555 0 2
0 0.725 -0.545 0 2
0 0.725 -0.535 0 2
0 0.725 -0.525 0 2
0 0.725 -0.515 0 2
0 0.725 -0.505 0 2
0 0.725 -0.495 0.001043691501 2
0 0.725 -0.485 0.001815140975 2
0 0.725 -0.475 0.002610392892 2
0 0.725 -0.465 0.003364066342 2
0 0.725 -0.455 0.004092065091 2
0 0.725 -0.445 0.004791787048 2
0 0.725 -0.435 0.005464792161 2
0 0.725 -0.425 0.006111640521 2
0 0.725 -0.415 0.00673312515 2
0 0.725 -0.405 0.007330013454 2
0 0.725 -0.395 0.007903134059 2
0 0.725 -0.385 0.008453367988 2
0 0.725 -0.375 0.008981650088 2
0 0.725 -0.365 0.009488954555 2
0 0.725 -0.355 0.009976273605 2
0 0.725 -0.345 0.01044459045 2
0 0.725 -0.335 0.0108948507 2
0 0.725 -0.325 0.01132793548 2
0 0.725 -0.315 0.01174463961 2
0 0.725 -0.305 0.0121456568 2
0 0.725 -0.295 0.01253157315 2
0 0.725 -0.285 0.01290286844 2
0 0.725 -0.275 0.01325992377 2
0 0.725 -0.265 0.01360303318 2
0 0.725 -0.255 0.01393241623 2
0 0.725 -0.245 0.01424822852 2
0 0.725 -0.235 0.01455056706 2
0 0.725 -0.225 0.01483946796 2
0 0.725 -0.215 0.01511489498 2
0 0.725 -0.205 0.01537671904 2
0 0.725 -0.195 0.01562469101 2
0 0.725 -0.185 0.01585841471 2
0 0.725 -0.175 0.01607732806 2
0 0.725 -0.165 0.01628070644 2
0 0.725 -0.155 0.01646769038 2
0 0.725 -0.145 0.01663734431 2
0 0.725 -0.135 0.01678871166 2
0 0.725 -0.125 0.01692086552 2
0 0.725 -0.115 0.01703289865 2
0 0.725 -0.105 0.01712394794 2
0 0.725 -0.095 0.01719324823 2
0 0.725 -0.085 0.01724032329 2
0 0.725 -0.075 0.01726512774 2
0 0.725 -0.065 0.01726822127 2
0 0.725 -0.055 0.01725091775 2
0 0.725 -0.045 0.01721543546 2
0 0.725 -0.035 0.01716492314 2
0 0.725 -0.025 0.01710333301 2
0 0.725 -0.015 0.01703502758 2
0 0.725 -0.005 0.01696434996 2
0 0.725 0.005 0.01689519556 2
0 0.725 0.015 0.016830722 2
0 0.725 0.025 0.01677314877 2
0 0.725 0.035 0.01672372903 2
0 0.725 0.045 0.01668281196 2
0 0.725 0.055 0.01664999403 2
0 0.725 0.065 0.01662431657 2
0 0.725 0.075 0.01660456353 2
0 0.725 0.085 0.01658961391 2
0 0.725 0.095 0.01657885511 2
0 0.725 0.105 0.01657257881 2
0 0.725 0.115 0.01657147709 2
0 0.725 0.125 0.01657593311 2
0 0.725 0.135 0.01657968929 2
0 0.725 0.145 0.01657054854 2
0 0.725 0.155 0.01651736293 2
0 0.725 0.165 0.01641028228 2
0 0.725 0.175 0.01624531628 2
0 0.725 0.185 0.0160256132 2
0 0.725 0.195 0.01577210327 2
0 0.725 0.205 0.01549746011 2
0 0.725 0.215 0.01521048446 2
0 0.725 0.225 0.01491471939 2
0 0.725 0.235 0.01461138393 2
0 0.725 0.245 0.01430028634 2
0 0.725 0.255 0.01398049836 2
0 0.725 0.265 0.01365079995 2
0 0.725 0.275 0.01330982522 2
0 0.725 0.285 0.01295625208 2
0 0.725 0.295 0.01258885097 2
0 0.725 0.305 0.01220648793 2
0 0.725 0.315 0.01180809957 2
0 0.725 0.325 0.01139267001 2
0 0.725 0.335 0.01095921336 2
0 0.725 0.345 0.01050676673 2
0 0.725 0.355 0.0100343909 2
0 0.725 0.365 0.00954117605 2
0 0.725 0.375 0.009026249203 2
0 0.725 0.385 0.008488782229 2
0 0.725 0.395 0.007928001082 2
0 0.725 0.405 0.007343199229 2
0 0.725 0.415 0.00673376251 2
0 0.725 0.425 0.006099209241 2
0 0.725 0.435 0.005439277805 2
0 0.725 0.445 0.00475397526 2
0 0.725 0.455 0.004043972805 2
0 0.725 0.465 0.003309550673 2
0 0.725 0.475 0.002555420719 2
0 0.725 0.485 0.001768351991 2
0 0.725 0.495 0.00101247272 2
0 0.725 0.505 0 2
0 0.725 0.515 0 2
0 0.725 0.525 0 2
0 0.725 0.535 0 2
0 0.725 0.545 0 2
0 0.725 0.555 0 2
0 0.725 0.565 0 2
0 0.735 -0.555 0 2
0 0.735 -0.545 0 2
0 0.735 -0.535 0 2
0 0.735 -0.525 0 2
0 0.735 -0.515 0 2
0 0.735 -0.505 0 2
0 0.735 -0.495 0.0009770580949 2
0 0.735 -0.485 0.001701706741 2
0 0.735 -0.475 0.002449820185 2
0 0.735 -0.465 0.003160314588 2
0 0.735 -0.455 0.003847749285 2
0 0.735 -0.445 0.00450954562 2
0 0.735 -0.435 0.005146987918 2
0 0.735 -0.425 0.005760459062 2
0 0.735 -0.415 0.006350567548 2
0 0.735 -0.405 0.006917911938 2
0 0.735 -0.395 0.007463160832 2
0 0.735 -0.385 0.007987048875 2
0 0.735 -0.375 0.00849038249 2
0 0.735 -0.365 0.008974030668 2
0 0.735 -0.355 0.009438907064 2
0 0.735 -0.345 0.009885943262 2
0 0.735 -0.335 0.0103160564 2
0 0.735 -0.325 0.01073011499 2
0 0.735 -0.315 0.01112890741 2
0 0.735 -0.305 0.01151311724 2
0 0.735 -0.295 0.01188330823 2
0 0.735 -0.285 0.01223991979 2
0 0.735 -0.275 0.01258327175 2
0 0.735 -0.265 0.01291357598 2
0 0.735 -0.255 0.01323095128 2
0 0.735 -0.245 0.01353543793 2
0 0.735 -0.235 0.01382700848 2
0 0.735 -0.225 0.01410557202 2
0 0.735 -0.215 0.01437097068 2
0 0.735 -0.205 0.01462296864 2
0 0.735 -0.195 0.01486123604 2
0 0.735 -0.185 0.01508533288 2
0 0.735 -0.175 0.01529469881 2
0 0.735 -0.165 0.01548865596 2
0 0.735 -0.155 0.01566642674 2
0 0.735 -0.145 0.01582716697 2
0 0.735 -0.135 0.01597000017 2
0 0.735 -0.125 0.01609405036 2
0 0.735 -0.115 0.01619845835 2
0 0.735 -0.105 0.01628241784 2
0 0.735 -0.095 0.01634523773 2
0 0.735 -0.085 0.0163864663 2
0 0.735 -0.075 0.01640602195 2
0 0.735 -0.065 0.01640435203 2
0 0.735 -0.055 0.01638259314 2
0 0.735 -0.045 0.01634273083 2
0 0.735 -0.035 0.01628767949 2
0 0.735 -0.025 0.01622125126 2
0 0.735 -0.015 0.01614790927 2
0 0.735 -0.005 0.01607241191 2
0 0.735 0.005 0.01599929832 2
0 0.735 0.015 0.01593246979 2
0 0.735 0.025 0.01587476464 2
0 0.735 0.035 0.0158278511 2
0 0.735 0.045 0.01579223514 2
0 0.735 0.055 0.01576740321 2
0 0.735 0.065 0.01575197217 2
0 0.735 0.075 0.01574395898 2
0 0.735 0.085 0.01574113075 2
0 0.735 0.095 0.01574147861 2
0 0.735 0.105 0.01574355196 2
0 0.735 0.115 0.01574593221 2
0 0.735 0.125 0.01574630778 2
0 0.735 0.135 0.01573822445 2
0 0.735 0.145 0.01571126194 2
0 0.735 0.155 0.0156485548 2
0 0.735 0.165 0.01554146279 2
0 0.735 0.175 0.01538713049 2
0 0.735 0.185 0.01518914857 2
0 0.735 0.195 0.0149592539 2
0 0.735 0.205 0.0147069667 2
0 0.735 0.215 0.01443951984 2
0 0.735 0.225 0.01416066609 2
0 0.735 0.235 0.01387222482 2
0 0.735 0.245 0.01357467871 2
0 0.735 0.255 0.0132678004 2
0 0.735 0.265 0.01295089737 2
0 0.735 0.275 0.01262305076 2
0 0.735 0.285 0.01228326059 2
0 0.735 0.295 0.01193050907 2
0 0.735 0.305 0.01156378875 2
0 0.735 0.315 0.01118210772 2
0 0.735 0.325 0.01078449027 2
0 0.735 0.335 0.01036997966 2
0 0.735 0.345 0.009937646458 2
0 0.735 0.355 0.009486600516 2
0 0.735 0.365 0.009016004385 2
0 0.735 0.375 0.00852508564 2
0 0.735 0.385 0.008013147302 2
0 0.735 0.395 0.00747957741 2
0 0.735 0.405 0.006923860377 2
0 0.735 0.415 0.006345596029 2
0 0.735 0.425 0.005744526694 2
0 0.735 0.435 0.005120597093 2
0 0.735 0.445 0.004473953602 2
0 0.735 0.455 0.003805230066 2
0 0.735 0.465 0.003114455443 2
0 0.735 0.475 0.002405500682 2
0 0.735 0.485 0.001665275454 2
0 0.735 0.495 0.0009534301211 2
0 0.735 0.505 0 2
0 0.735 0.515 0 2
0 0.735 0.525 0 2
0 0.735 0.535 0 2
0 0.735 0.545 0 2
0 0.735 0.555 0 2
0 0.735 0.565 0 2
0 0.745 -0.555 0 2
0 0.745 -0.545 0 2
0 0.745 -0.535 0 2
0 0.745 -0.525 0 2
0 0.745 -0.515 0 2
0 0.745 -0.505 0 2
0 0.745 -0.495 0.0009094588062 2
0 0.745 -0.485 0.001586629158 2
0 0.745 -0.475 0.002286930981 2
0 0.745 -0.465 0.002953652074 2
0 0.745 -0.455 0.003599983683 2
0 0.745 -0.445 0.004223362662 2
0 0.745 -0.435 0.004824778924 2
0 0.745 -0.425 0.005404418897 2
0 0.745 -0.415 0.005962687567 2
0 0.745 -0.405 0.006499999083 2
0 0.745 -0.395 0.007016851694 2
0 0.745 -0.385 0.007513830053 2
0 0.745 -0.375 0.007991615895 2
0 0.745 -0.365 0.008450983973 2
0 0.745 -0.355 0.008892786505 2
0 0.745 -0.345 0.009317924658 2
0 0.745 -0.335 0.00972730949 2
0 0.745 -0.325 0.01012181705 2
0 0.745 -0.315 0.0105022441 2
0 0.745 -0.305 0.0108692715 2
0 0.745 -0.295 0.01122344027 2
0 0.745 -0.285 0.01156514217 2
0 0.745 -0.275 0.01189462376 2
0 0.745 -0.265 0.01221200062 2
0 0.745 -0.255 0.01251727742 2
0 0.745 -0.245 0.01281036907 2
0 0.745 -0.235 0.01309111896 2
0 0.745 -0.225 0.01335931098 2
0 0.745 -0.215 0.01361467392 2
0 0.745 -0.205 0.01385687837 2
0 0.745 -0.195 0.01408552834 2
0 0.745 -0.185 0.01430015134 2
0 0.745 -0.175 0.01450019155 2
0 0.745 -0.165 0.01468501023 2
0 0.745 -0.155 0.01485389513 2
0 0.745 -0.145 0.01500607847 2
0 0.745 -0.135 0.01514075782 2
0 0.745 -0.125 0.01525711803 2
0 0.745 -0.115 0.01535435116 2
0 0.745 -0.105 0.01543168887 2
0 0.745 -0.095 0.01548845393 2
0 0.745 -0.085 0.01552414687 2
0 0.745 -0.075 0.01553855537 2
0 0.745 -0.065 0.01553190296 2
0 0.745 -0.055 0.01550502682 2
0 0.745 -0.045 0.01545959459 2
0 0.745 -0.035 0.01539827964 2
0 0.745 -0.025 0.01532488371 2
0 0.745 -0.015 0.01524419088 2
0 0.745 -0.005 0.01516168368 2
0 0.745 0.005 0.01508280862 2
0 0.745 0.015 0.01501244485 2
0 0.745 0.025 0.01495408242 2
0 0.745 0.035 0.01490974496 2
0 0.745 0.045 0.01487998893 2
0 0.745 0.055 0.01486409852 2
0 0.745 0.065 0.01486011787 2
0 0.745 0.075 0.01486505623 2
0 0.745 0.085 0.01487518241 2
0 0.745 0.095 0.01488682456 2
0 0.745 0.105 0.01489673148 2
0 0.745 0.115 0.01490184387 2
0 0.745 0.125 0.0148985661 2
0 0.745 0.135 0.01488132011 2
0 0.745 0.145 0.01484261265 2
0 0.745 0.155 0.01477318233 2
0 0.745 0.165 0.01466731077 2
0 0.745 0.175 0.01452318014 2
0 0.745 0.185 0.01434327667 2
0 0.745 0.195 0.01413412254 2
0 0.745 0.205 0.01390234197 2
0 0.745 0.215 0.01365353121 2
0 0.745 0.225 0.01339139344 2
0 0.745 0.235 0.01311811841 2
0 0.745 0.245 0.01283471282 2
0 0.745 0.255 0.01254142404 2
0 0.745 0.265 0.01223801872 2
0 0.745 0.275 0.0119239759 2
0 0.745 0.285 0.01159860231 2
0 0.745 0.295 0.01126109934 2
0 0.745 0.305 0.01091060205 2
0 0.745 0.315 0.0105462025 2
0 0.745 0.325 0.0101669707 2
0 0.745 0.335 0.009771977769 2
0 0.745 0.345 0.00936032207 2
0 0.745 0.355 0.00893115561 2
0 0.745 0.365 0.008483707687 2
0 0.745 0.375 0.008017303323 2
0 0.745 0.385 0.007531375778 2
0 0.745 0.395 0.00702547431 2
0 0.745 0.405 0.006499269619 2
0 0.745 0.415 0.005952561665 2
0 0.745 0.425 0.005385288418 2
0 0.745 0.435 0.004797554097 2
0 0.745 0.445 0.004189590121 2
0 0.745 0.455 0.003561967705 2
0 0.745 0.465 0.002914558252 2
0 0.745 0.475 0.002250635425 2
0 0.745 0.485 0.001557757014 2
0 0.745 0.495 0.0008912307334 2
0 0.745 0.505 0 2
0 0.745 0.515 0 2
0 0.745 0.525 0 2
0 0.745 0.535 0 2
0 0.745 0.545 0 2
0 0.745 0.555 0 2
0 0.745 0.565 0 2
0 0.755 -0.555 0 2
0 0.755 -0.545 0 2
0 0.755 -0.535 0 2
0 0.755 -0.525 0 2
0 0.755 -0.515 0 2
0 0.755 -0.505 0 2
0 0.755 -0.495 0.0008412180133 2
0 0.755 -0.485 0.001470464212 2
0 0.755 -0.475 0.002122512172 2
0 0.755 -0.465 0.002745072928 2
0 0.755 -0.455 0.003349952637 2
0 0.755 -0.445 0.003934597308 2
0 0.755 -0.435 0.004499687377 2
0 0.755 -0.425 0.005045196245 2
0 0.755 -0.415 0.005571307613 2
0 0.755 -0.405 0.006078234703 2
0 0.755 -0.395 0.006566292132 2
0 0.755 -0.385 0.007035906713 2
0 0.755 -0.375 0.007487635081 2
0 0.755 -0.365 0.007922166247 2
0 0.755 -0.355 0.008340308674 2
0 0.755 -0.345 0.008742958526 2
0 0.755 -0.335 0.009131050404 2
0 0.755 -0.325 0.009505496775 2
0 0.755 -0.315 0.009867125697 2
0 0.755 -0.305 0.01021662853 2
0 0.755 -0.295 0.01055452593 2
0 0.755 -0.285 0.01088115475 2
0 0.755 -0.275 0.01119667408 2
0 0.755 -0.265 0.01150108563 2
0 0.755 -0.255 0.0117942624 2
0 0.755 -0.245 0.0120759796 2
0 0.755 -0.235 0.01234594252 2
0 0.755 -0.225 0.01260380756 2
0 0.755 -0.215 0.01284919423 2
0 0.755 -0.205 0.01308168846 2
0 0.755 -0.195 0.01330083891 2
0 0.755 -0.185 0.01350614985 2
0 0.755 -0.175 0.01369707429 2
0 0.755 -0.165 0.01387301094 2
0 0.755 -0.155 0.01403330653 2
0 0.755 -0.145 0.01417726362 2
0 0.755 -0.135 0.01430415157 2
0 0.755 -0.125 0.01441321937 2
0 0.755 -0.115 0.0145037096 2
0 0.755 -0.105 0.01457487919 2
0 0.755 -0.095 0.01462603092 2
0 0.755 -0.085 0.01465656677 2
0 0.755 -0.075 0.01466606633 2
0 0.755 -0.065 0.0146544213 2
0 0.755 -0.055 0.01462202511 2
0 0.755 -0.045 0.01457007898 2
0 0.755 -0.035 0.01450089683 2
0 0.755 -0.025 0.01441829848 2
0 0.755 -0.015 0.01432755814 2
0 0.755 -0.005 0.01423531104 2
0 0.755 0.005 0.01414828141 2
0 0.755 0.015 0.01407279814 2
0 0.755 0.025 0.0140130176 2
0 0.755 0.035 0.01397121333 2
0 0.755 0.045 0.01394784843 2
0 0.755 0.055 0.01394198901 2
0 0.755 0.065 0.01395104223 2
0 0.755 0.075 0.0139708101 2
0 0.755 0.085 0.01399549591 2
0 0.755 0.095 0.01401942798 2
0 0.755 0.105 0.01403768362 2
0 0.755 0.115 0.01404628032 2
0 0.755 0.125 0.01404152105 2
0 0.755 0.135 0.01401914999 2
0 0.755 0.145 0.01397422295 2
0 0.755 0.155 0.01390149919 2
0 0.755 0.165 0.01379757442 2
0 0.755 0.175 0.01366152469 2
0 0.755 0.185 0.01349514514 2
0 0.755 0.195 0.01330251254 2
0 0.755 0.205 0.01308823964 2
0 0.755 0.215 0.01285653778 2
0 0.755 0.225 0.01261057695 2
0 0.755 0.235 0.01235249125 2
0 0.755 0.245 0.01208352458 2
0 0.755 0.255 0.01180427738 2
0 0.755 0.265 0.0115148942 2
0 0.755 0.275 0.01121520279 2
0 0.755 0.285 0.01090479975 2
0 0.755 0.295 0.01058310481 2
0 0.755 0.305 0.01024939834 2
0 0.755 0.315 0.009902855566 2
0 0.755 0.325 0.009542585407 2
0 0.755 0.335 0.009167674857 2
0 0.755 0.345 0.00877723597 2
0 0.755 0.355 0.008370449904 2
0 0.755 0.365 0.007946603276 2
0 0.755 0.375 0.007505113621 2
0 0.755 0.385 0.00704554333 2
0 0.755 0.395 0.006567603476 2
0 0.755 0.405 0.006071150151 2
0 0.755 0.415 0.005556177394 2
0 0.755 0.425 0.00502280541 2
0 0.755 0.435 0.004471279676 2
0 0.755 0.445 0.003901907321 2
0 0.755 0.455 0.003315218904 2
0 0.755 0.465 0.002711024992 2
0 0.755 0.475 0.002092170234 2
0 0.755 0.485 0.001447144084 2
0 0.755 0.495 0.0008269186124 2
0 0.755 0.505 0 2
0 0.755 0.515 0 2
0 0.755 0.525 0 2
0 0.755 0.535 0 2
0 0.755 0.545 0 2
0 0.755 0.555 0 2
0 0.755 0.565 0 2
0 0.765 -0.555 0 2
0 0.765 -0.545 0 2
0 0.765 -0.535 0 2
0 0.765 -0.525 0 2
0 0.765 -0.515 0 2
0 0.765 -0.505 0 2
0 0.765 -0.495 0.0007726518012 2
0 0.765 -0.485 0.001353756146 2
0 0.765 -0.475 0.001957338703 2
0 0.765 -0.465 0.002535563194 2
0 0.765 -0.455 0.00309883986 2
0 0.765 -0.445 0.003644618341 2
0 0.765 -0.435 0.004173257225 2
0 0.765 -0.425 0.004684501901 2
0 0.765 -0.415 0.005178297106 2
0 0.765 -0.405 0.005654636522 2
0 0.765 -0.395 0.006113633647 2
0 0.765 -0.385 0.0065555441 2
0 0.765 -0.375 0.006980793795 2
0 0.765 -0.365 0.00738999166 2
0 0.765 -0.355 0.007783921442 2
0 0.765 -0.345 0.008163506135 2
0 0.765 -0.335 0.008529744027 2
0 0.765 -0.325 0.008883625078 2
0 0.765 -0.315 0.009226041873 2
0 0.765 -0.305 0.009557715624 2
0 0.765 -0.295 0.00987915057 2
0 0.765 -0.285 0.0101906192 2
0 0.765 -0.275 0.01049217433 2
0 0.765 -0.265 0.01078368039 2
0 0.765 -0.255 0.01106485509 2
0 0.765 -0.245 0.01133531391 2
0 0.765 -0.235 0.01159461026 2
0 0.765 -0.225 0.01184226665 2
0 0.765 -0.215 0.01207779425 2
0 0.765 -0.205 0.01230070074 2
0 0.765 -0.195 0.01251048877 2
0 0.765 -0.185 0.01270664851 2
0 0.765 -0.175 0.0128886484 2
0 0.765 -0.165 0.01305592741 2
0 0.765 -0.155 0.013207891 2
0 0.765 -0.145 0.01334391114 2
0 0.765 -0.135 0.01346332936 2
0 0.765 -0.125 0.01356546151 2
0 0.765 -0.115 0.01364960269 2
0 0.765 -0.105 0.0137150333 2
0 0.765 -0.095 0.01376102614 2
0 0.765 -0.085 0.01378686285 2
0 0.765 -0.075 0.01379186362 2
0 0.765 -0.065 0.01377548575 2
0 0.765 -0.055 0.01373749798 2
0 0.765 -0.045 0.01367841148 2
0 0.765 -0.035 0.01359993916 2
0 0.765 -0.025 0.01350587748 2
0 0.765 -0.015 0.01340209062 2
0 0.765 -0.005 0.01329703514 2
0 0.765 0.005 0.01319909985 2
0 0.765 0.015 0.01311698601 2
0 0.765 0.025 0.01305525069 2
0 0.765 0.035 0.01301604641 2
0 0.765 0.045 0.01299945132 2
0 0.765 0.055 0.01300452218 2
0 0.765 0.065 0.01302828499 2
0 0.765 0.075 0.01306538245 2
0 0.765 0.085 0.0131069287 2
0 0.765 0.095 0.01314476037 2
0 0.765 0.105 0.01317226154 2
0 0.765 0.115 0.01318506223 2
0 0.765 0.125 0.01318005547 2
0 0.765 0.135 0.01315459231 2
0 0.765 0.145 0.01310600075 2
0 0.765 0.155 0.01303171705 2
0 0.765 0.165 0.01293013418 2
0 0.765 0.175 0.01280106385 2
0 0.765 0.185 0.01264589607 2
0 0.765 0.195 0.01246732221 2
0 0.765 0.205 0.01226853186 2
0 0.765 0.215 0.01205260938 2
0 0.765 0.225 0.01182211003 2
0 0.765 0.235 0.01157895492 2
0 0.765 0.245 0.01132446441 2
0 0.765 0.255 0.01105947209 2
0 0.765 0.265 0.01078442783 2
0 0.765 0.275 0.01049947275 2
0 0.765 0.285 0.01020448119 2
0 0.765 0.295 0.009899086398 2
0 0.765 0.305 0.009582707426 2
0 0.765 0.315 0.009254588773 2
0 0.765 0.325 0.008913856772 2
0 0.765 0.335 0.008559588199 2
0 0.765 0.345 0.008190882969 2
0 0.765 0.355 0.007806929966 2
0 0.765 0.365 0.007407058797 2
0 0.765 0.375 0.0069907729 2
0 0.765 0.385 0.006557763936 2
0 0.765 0.395 0.006107909485 2
0 0.765 0.405 0.00564125759 2
0 0.765 0.415 0.005158002305 2
0 0.765 0.425 0.004658450542 2
0 0.765 0.435 0.004142994498 2
0 0.765 0.445 0.003612032519 2
0 0.765 0.455 0.003066092398 2
0 0.765 0.465 0.002505001986 2
0 0.765 0.475 0.001931281478 2
0 0.765 0.485 0.001334500896 2
0 0.765 0.495 0.000761256982 2
0 0.765 0.505 0 2
0 0.765 0.515 0 2
0 0.765 0.525 0 2
0 0.765 0.535 0 2
0 0.765 0.545 0 2
0 0.765 0.555 0 2
0 0.765 0.565 0 2
0 0.775 -0.555 0 2
0 0.775 -0.545 0 2
0 0.775 -0.535 0 2
0 0.775 -0.525 0 2
0 0.775 -0.515 0 2
0 0.775 -0.505 0 2
0 0.775 -0.495 0.0007040697098 2
0 0.775 -0.485 0.001237039778 2
0 0.775 -0.475 0.001792175349 2
0 0.775 -0.465 0.002326100697 2
0 0.775 -0.455 0.002847825406 2
0 0.775 -0.445 0.003354797873 2
0 0.775 -0.435 0.003847044925 2
0 0.775 -0.425 0.004324070208 2
0 0.775 -0.415 0.004785561362 2
0 0.775 -0.405 0.005231270834 2
0 0.775 -0.395 0.005661087651 2
0 0.775 -0.385 0.006075075114 2
0 0.775 -0.375 0.006473515098 2
0 0.775 -0.365 0.006856937531 2
0 0.775 -0.355 0.007226121892 2
0 0.775 -0.345 0.007582059004 2
0 0.775 -0.335 0.007925866421 2
0 0.775 -0.325 0.008258670596 2
0 0.775 -0.315 0.0085814759 2
0 0.775 -0.305 0.008895059125 2
0 0.775 -0.295 0.009199911432 2
0 0.775 -0.285 0.009496226025 2
0 0.775 -0.275 0.009783922728 2
0 0.775 -0.265 0.01006269668 2
0 0.775 -0.255 0.01033207855 2
0 0.775 -0.245 0.01059149704 2
0 0.775 -0.235 0.01084033444 2
0 0.775 -0.225 0.0110779695 2
0 0.775 -0.215 0.01130380398 2
0 0.775 -0.205 0.01151727329 2
0 0.775 -0.195 0.011717844 2
0 0.775 -0.185 0.011905003 2
0 0.775 -0.175 0.01207824323 2
0 0.775 -0.165 0.01223705001 2
0 0.775 -0.155 0.01238089061 2
0 0.775 -0.145 0.01250920787 2
0 0.775 -0.135 0.01262141706 2
0 0.775 -0.125 0.01271690415 2
0 0.775 -0.115 0.01279502274 2
0 0.775 -0.105 0.01285508649 2
0 0.775 -0.095 0.01289635244 2
0 0.775 -0.085 0.01291799749 2
0 0.775 -0.075 0.01291907949 2
0 0.775 -0.065 0.01289856297 2
0 0.775 -0.055 0.01285541301 2
0 0.775 -0.045 0.01278915735 2
0 0.775 -0.035 0.0127003412 2
0 0.775 -0.025 0.01259236185 2
0 0.775 -0.015 0.01247133067 2
0 0.775 -0.005 0.01234882258 2
0 0.775 0.005 0.01223512201 2
0 0.775 0.015 0.01214406148 2
0 0.775 0.025 0.01207967702 2
0 0.775 0.035 0.01204320221 2
0 0.775 0.045 0.01203367466 2
0 0.775 0.055 0.01205078643 2
0 0.775 0.065 0.01209195461 2
0 0.775 0.075 0.01215130293 2
0 0.775 0.085 0.01221401406 2
0 0.775 0.095 0.0122685706 2
0 0.775 0.105 0.01230652548 2
0 0.775 0.115 0.01232402628 2
0 0.775 0.125 0.01231936798 2
0 0.775 0.135 0.0122918656 2
0 0.775 0.145 0.01224092179 2
0 0.775 0.155 0.01216598681 2
0 0.775 0.165 0.01206684086 2
0 0.775 0.175 0.01194389031 2
0 0.775 0.185 0.01179831351 2
0 0.775 0.195 0.01163196314 2
0 0.775 0.205 0.01144701989 2
0 0.775 0.215 0.01124566983 2
0 0.775 0.225 0.01102986271 2
0 0.775 0.235 0.01080121942 2
0 0.775 0.245 0.01056102506 2
0 0.775 0.255 0.01031026526 2
0 0.775 0.265 0.01004965308 2
0 0.775 0.275 0.00977963086 2
0 0.775 0.285 0.009500351656 2
0 0.775 0.295 0.009211661147 2
0 0.775 0.305 0.008913104499 2
0 0.775 0.315 0.008603967932 2
0 0.775 0.325 0.008283356007 2
0 0.775 0.335 0.007950291112 2
0 0.775 0.345 0.007603820116 2
0 0.775 0.355 0.007243107662 2
0 0.775 0.365 0.006867506483 2
0 0.775 0.375 0.006476598205 2
0 0.775 0.385 0.006070206563 2
0 0.775 0.395 0.005648386433 2
0 0.775 0.405 0.005211394109 2
0 0.775 0.415 0.00475964344 2
0 0.775 0.425 0.004293650291 2
0 0.775 0.435 0.003813978493 2
0 0.775 0.445 0.003321147964 2
0 0.775 0.455 0.002815722412 2
0 0.775 0.465 0.002297599495 2
0 0.775 0.475 0.001769028233 2
0 0.775 0.485 0.00122072394 2
0 0.775 0.495 0.0006948559993 2
0 0.775 0.505 0 2
0 0.775 0.515 0 2
0 0.775 0.525 0 2
0 0.775 0.535 0 2
0 0.775 0.545 0 2
0 0.775 0.555 0 2
0 0.775 0.565 0 2
0 0.785 -0.555 0 2
0 0.785 -0.545 0 2
0 0.785 -0.535 0 2
0 0.785 -0.525 0 2
0 0.785 -0.515 0 2
0 0.785 -0.505 0 2
0 0.785 -0.495 0.0006357760097 2
0 0.785 -0.485 0.001120842113 2
0 0.785 -0.475 0.001627777661 2
0 0.785 -0.465 0.002117654075 2
0 0.785 -0.455 0.002598081765 2
0 0.785 -0.445 0.003066504015 2
0 0.785 -0.435 0.003522608898 2
0 0.785 -0.425 0.003965646356 2
0 0.785 -0.415 0.004395028576 2
0 0.785 -0.405 0.004810241457 2
0 0.785 -0.395 0.005210918548 2
0 0.785 -0.385 0.005596898632 2
0 0.785 -0.375 0.005968294151 2
0 0.785 -0.365 0.006325548624 2
0 0.785 -0.355 0.006669457652 2
0 0.785 -0.345 0.007001133318 2
0 0.785 -0.335 0.007321890822 2
0 0.785 -0.325 0.007633079947 2
0 0.785 -0.315 0.007935883878 2
0 0.785 -0.305 0.008231166217 2
0 0.785 -0.295 0.008519403524 2
0 0.785 -0.285 0.00880068445 2
0 0.785 -0.275 0.009074757147 2
0 0.785 -0.265 0.009341104159 2
0 0.785 -0.255 0.009599026968 2
0 0.785 -0.245 0.009847732185 2
0 0.785 -0.235 0.01008640585 2
0 0.785 -0.225 0.01031427013 2
0 0.785 -0.215 0.01053061613 2
0 0.785 -0.205 0.01073481468 2
0 0.785 -0.195 0.01092630909 2
0 0.785 -0.185 0.01110459705 2
0 0.785 -0.175 0.01126920828 2
0 0.785 -0.165 0.01141968317 2
0 0.785 -0.155 0.01155555571 2
0 0.785 -0.145 0.01167634153 2
0 0.785 -0.135 0.01178153035 2
0 0.785 -0.125 0.01187058028 2
0 0.785 -0.115 0.01194291005 2
0 0.785 -0.105 0.01199788301 2
0 0.785 -0.095 0.01203477345 2
0 0.785 -0.085 0.01205270691 2
0 0.785 -0.075 0.01205054808 2
0 0.785 -0.065 0.01202681238 2
0 0.785 -0.055 0.01197944371 2
0 0.785 -0.045 0.01190642409 2
0 0.785 -0.035 0.01180627228 2
0 0.785 -0.025 0.01168196275 2
0 0.785 -0.015 0.01153971628 2
0 0.785 -0.005 0.01139751621 2
0 0.785 0.005 0.01126549665 2
0 0.785 0.015 0.01116745553 2
0 0.785 0.025 0.01110311201 2
0 0.785 0.035 0.01107068177 2
0 0.785 0.045 0.01106719912 2
0 0.785 0.055 0.01109424709 2
0 0.785 0.065 0.01115197561 2
0 0.785 0.075 0.01123721301 2
0 0.785 0.085 0.01132425423 2
0 0.785 0.095 0.0113974323 2
0 0.785 0.105 0.01144629087 2
0 0.785 0.115 0.01146820914 2
0 0.785 0.125 0.01146353779 2
0 0.785 0.135 0.01143392431 2
0 0.785 0.145 0.01138088469 2
0 0.785 0.155 0.01130553963 2
0 0.785 0.165 0.01120875793 2
0 0.785 0.175 0.0110913964 2
0 0.785 0.185 0.01095447762 2
0 0.785 0.195 0.01079924743 2
0 0.785 0.205 0.01062709421 2
0 0.785 0.215 0.01043944168 2
0 0.785 0.225 0.01023766259 2
0 0.785 0.235 0.01002304608 2
0 0.785 0.245 0.009796794065 2
0 0.785 0.255 0.00956001554 2
0 0.785 0.265 0.009313688308 2
0 0.785 0.275 0.009058579751 2
0 0.785 0.285 0.00879514909 2
0 0.785 0.295 0.008523464892 2
0 0.785 0.305 0.008243182298 2
0 0.785 0.315 0.007953585819 2
0 0.785 0.325 0.007653696625 2
0 0.785 0.335 0.007342414861 2
0 0.785 0.345 0.007018674518 2
0 0.785 0.355 0.006681571605 2
0 0.785 0.365 0.006330456667 2
0 0.785 0.375 0.005964981759 2
0 0.785 0.385 0.005585109558 2
0 0.785 0.395 0.005191090309 2
0 0.785 0.405 0.004783415522 2
0 0.785 0.415 0.00436275292 2
0 0.785 0.425 0.003929866868 2
0 0.785 0.435 0.003485534871 2
0 0.785 0.445 0.003030439617 2
0 0.785 0.455 0.002565216099 2
0 0.785 0.465 0.00208986024 2
0 0.785 0.475 0.001606362416 2
0 0.785 0.485 0.001106589097 2
0 0.785 0.495 0.0006282292047 2
0 0.785 0.505 0 2
0 0.785 0.515 0 2
0 0.785 0.525 0 2
0 0.785 0.535 0 2
0 0.785 0.545 0 2
0 0.785 0.555 0 2
0 0.785 0.565 0 2
0 0.795 -0.555 0 2
0 0.795 -0.545 0 2
0 0.795 -0.535 0 2
0 0.795 -0.525 0 2
0 0.795 -0.515 0 2
0 0.795 -0.505 0 2
0 0.795 -0.495 0.0005680711909 2
0 0.795 -0.485 0.001005684244 2
0 0.795 -0.475 0.001464893238 2
0 0.795 -0.465 0.001911182051 2
0 0.795 -0.455 0.002350769948 2
0 0.795 -0.445 0.002781092932 2
0 0.795 -0.435 0.003201497475 2
0 0.795 -0.425 0.003610971123 2
0 0.795 -0.415 0.004008633401 2
0 0.795 -0.405 0.004393675148 2
0 0.795 -0.395 0.004765434061 2
0 0.795 -0.385 0.005123476559 2
0 0.795 -0.375 0.005467700914 2
0 0.795 -0.365 0.005798441057 2
0 0.795 -0.355 0.006116524893 2
0 0.795 -0.345 0.006423255953 2
0 0.795 -0.335 0.006720259611 2
0 0.795 -0.325 0.007009242144 2
0 0.795 -0.315 0.007291661714 2
0 0.795 -0.305 0.007568500488 2
0 0.795 -0.295 0.00784020516 2
0 0.795 -0.285 0.008106716238 2
0 0.795 -0.275 0.008367554319 2
0 0.795 -0.265 0.008621932339 2
0 0.795 -0.255 0.008868868492 2
0 0.795 -0.245 0.009107302864 2
0 0.795 -0.235 0.009336194124 2
0 0.795 -0.225 0.009554593286 2
0 0.795 -0.215 0.009761681455 2
0 0.795 -0.205 0.009956777181 2
0 0.795 -0.195 0.01013931883 2
0 0.795 -0.185 0.01030883417 2
0 0.795 -0.175 0.01046490594 2
0 0.795 -0.165 0.01060714087 2
0 0.795 -0.155 0.01073514533 2
0 0.795 -0.145 0.0108485086 2
0 0.795 -0.135 0.01094679257 2
0 0.795 -0.125 0.01102952487 2
0 0.795 -0.115 0.01109619094 2
0 0.795 -0.105 0.01114621697 2
0 0.795 -0.095 0.01117893199 2
0 0.795 -0.085 0.01119348703 2
0 0.795 -0.075 0.01118869446 2
0 0.795 -0.065 0.01116279632 2
0 0.795 -0.055 0.01111285311 2
0 0.795 -0.045 0.01103507855 2
0 0.795 -0.035 0.0109248211 2
0 0.795 -0.025 0.01078408549 2
0 0.795 -0.015 0.01061295673 2
0 0.795 -0.005 0.01043982358 2
0 0.795 0.005 0.01026332704 2
0 0.795 0.015 0.01015290911 2
0 0.795 0.025 0.01009038081 2
0 0.795 0.035 0.01006434607 2
0 0.795 0.045 0.0100650548 2
0 0.795 0.055 0.01010072918 2
0 0.795 0.065 0.01018086857 2
0 0.795 0.075 0.01031806595 2
0 0.795 0.085 0.01044228424 2
0 0.795 0.095 0.01053827552 2
0 0.795 0.105 0.01059686025 2
0 0.795 0.115 0.01062184203 2
0 0.795 0.125 0.01061592616 2
0 0.795 0.135 0.01058336941 2
0 0.795 0.145 0.01052782405 2
0 0.795 0.155 0.01045194116 2
0 0.795 0.165 0.01035741422 2
0 0.795 0.175 0.0102453875 2
0 0.795 0.185 0.01011669382 2
0 0.795 0.195 0.009972038408 2
0 0.795 0.205 0.009812101807 2
0 0.795 0.215 0.009637600701 2
0 0.795 0.225 0.009449338015 2
0 0.795 0.235 0.009248251486 2
0 0.795 0.245 0.009035444185 2
0 0.795 0.255 0.008812163577 2
0 0.795 0.265 0.008579706281 2
0 0.795 0.275 0.008339241364 2
0 0.795 0.285 0.008091604224 2
0 0.795 0.295 0.007837116338 2
0 0.795 0.305 0.007575524418 2
0 0.795 0.315 0.007306046931 2
0 0.795 0.325 0.00702753025 2
0 0.795 0.335 0.006738652451 2
0 0.795 0.345 0.006438151836 2
0 0.795 0.355 0.006124997753 2
0 0.795 0.365 0.005798509273 2
0 0.795 0.375 0.005458402984 2
0 0.795 0.385 0.005104792805 2
0 0.795 0.395 0.004738149828 2
0 0.795 0.405 0.004359237672 2
0 0.795 0.415 0.003969025598 2
0 0.795 0.425 0.003568583578 2
0 0.795 0.435 0.003158963281 2
0 0.795 0.445 0.002741064213 2
0 0.795 0.455 0.002315626237 2
0 0.795 0.465 0.001882751022 2
0 0.795 0.475 0.001444147011 2
0 0.795 0.485 0.0009927897369 2
0 0.795 0.495 0.0005618328751 2
0 0.795 0.505 0 2
0 0.795 0.515 0 2
0 0.795 0.525 0 2
0 0.795 0.535 0 2
0 0.795 0.545 0 2
0 0.795 0.555 0 2
0 0.795 0.565 0 2
0 0.805 -0.555 0 2
0 0.805 -0.545 0 2
0 0.805 -0.535 0 2
0 0.805 -0.525 0 2
0 0.805 -0.515 0 2
0 0.805 -0.505 0 2
0 0.805 -0.495 0.0005012543095 2
0 0.805 -0.485 0.0008920845284 2
0 0.805 -0.475 0.001304264544 2
0 0.805 -0.465 0.001707634298 2
0 0.805 -0.455 0.002107036816 2
0 0.805 -0.445 0.002499901324 2
0 0.805 -0.435 0.0028852358 2
0 0.805 -0.425 0.003261762553 2
0 0.805 -0.415 0.003628295247 2
0 0.805 -0.405 0.003983700013 2
0 0.805 -0.395 0.004326968647 2
0 0.805 -0.385 0.004657327495 2
0 0.805 -0.375 0.004974387065 2
0 0.805 -0.365 0.00527832042 2
0 0.805 -0.355 0.00556998834 2
0 0.805 -0.345 0.005850975426 2
0 0.805 -0.335 0.006123377913 2
0 0.805 -0.325 0.00638947455 2
0 0.805 -0.315 0.006651138579 2
0 0.805 -0.305 0.006909485072 2
0 0.805 -0.295 0.007164885088 2
0 0.805 -0.285 0.007417060982 2
0 0.805 -0.275 0.007665231539 2
0 0.805 -0.265 0.00790827165 2
0 0.805 -0.255 0.008144847667 2
0 0.805 -0.245 0.008373576507 2
0 0.805 -0.235 0.008593149932 2
0 0.805 -0.225 0.008802432909 2
0 0.805 -0.215 0.009000502711 2
0 0.805 -0.205 0.009186646831 2
0 0.805 -0.195 0.009360326112 2
0 0.805 -0.185 0.009521125048 2
0 0.805 -0.175 0.009668700685 2
0 0.805 -0.165 0.009802739758 2
0 0.805 -0.155 0.009922926822 2
0 0.805 -0.145 0.01002892362 2
0 0.805 -0.135 0.01012035748 2
0 0.805 -0.125 0.01019681561 2
0 0.805 -0.115 0.01025784079 2
0 0.805 -0.105 0.01030292059 2
0 0.805 -0.095 0.01033145949 2
0 0.805 -0.085 0.01034270126 2
0 0.805 -0.075 0.01033557124 2
0 0.805 -0.065 0.01030832402 2
0 0.805 -0.055 0.01025777812 2
0 0.805 -0.045 0.01017885036 2
0 0.805 -0.035 0.01005753885 2
0 0.805 -0.025 0.009888922509 2
0 0.805 -0.015 0.009671035162 2
0 0.805 -0.005 0.009492257308 2
0 0.805 0.005 0.009316473247 2
0 0.805 0.015 0.009228386184 2
0 0.805 0.025 0.00918088603 2
0 0.805 0.035 0.009161867664 2
0 0.805 0.045 0.009165781799 2
0 0.805 0.055 0.009195555282 2
0 0.805 0.065 0.009265677968 2
0 0.805 0.075 0.009418757202 2
0 0.805 0.085 0.00957376106 2
0 0.805 0.095 0.009693480623 2
0 0.805 0.105 0.009763741238 2
0 0.805 0.115 0.009788922186 2
0 0.805 0.125 0.009779196845 2
0 0.805 0.135 0.009742163229 2
0 0.805 0.145 0.009683349681 2
0 0.805 0.155 0.009606655847 2
0 0.805 0.165 0.00951435768 2
0 0.805 0.175 0.00940771342 2
0 0.805 0.185 0.009287277072 2
0 0.805 0.195 0.009153174509 2
0 0.805 0.205 0.009005362474 2
0 0.805 0.215 0.008843829132 2
0 0.805 0.225 0.008668772017 2
0 0.805 0.235 0.00848074312 2
0 0.805 0.245 0.008280743265 2
0 0.805 0.255 0.00807021199 2
0 0.805 0.265 0.007850883822 2
0 0.805 0.275 0.00762448189 2
0 0.805 0.285 0.007392354803 2
0 0.805 0.295 0.007155134717 2
0 0.805 0.305 0.006912637675 2
0 0.805 0.315 0.00666392016 2
0 0.805 0.325 0.006407520428 2
0 0.805 0.335 0.006141747939 2
0 0.805 0.345 0.005865035204 2
0 0.805 0.355 0.005576152882 2
0 0.805 0.365 0.005274359556 2
0 0.805 0.375 0.004959436185 2
0 0.805 0.385 0.004631667635 2
0 0.805 0.395 0.004291777351 2
0 0.805 0.405 0.003940844447 2
0 0.805 0.415 0.003580197943 2
0 0.805 0.425 0.003211288987 2
0 0.805 0.435 0.002835528043 2
0 0.805 0.445 0.002454107894 2
0 0.805 0.455 0.002067911836 2
0 0.805 0.465 0.001677137079 2
0 0.805 0.475 0.001283149661 2
0 0.805 0.485 0.0008799463477 2
0 0.805 0.495 0.0004960809697 2
0 0.805 0.505 0 2
0 0.805 0.515 0 2
0 0.805 0.525 0 2
0 0.805 0.535 0 2
0 0.805 0.545 0 2
0 0.805 0.555 0 2
0 0.805 0.565 0 2
0 0.815 -0.555 0 2
0 0.815 -0.545 0 2
0 0.815 -0.535 0 2
0 0.815 -0.525 0 2
0 0.815 -0.515 0 2
0 0.815 -0.505 0 2
0 0.815 -0.495 0.0004356267679 2
0 0.815 -0.485 0.0007805639653 2
0 0.815 -0.475 0.001146634534 2
0 0.815 -0.465 0.001507955485 2
0 0.815 -0.455 0.00186801554 2
0 0.815 -0.445 0.002224241201 2
0 0.815 -0.435 0.002575313174 2
0 0.815 -0.425 0.002919695171 2
0 0.815 -0.415 0.003255890826 2
0 0.815 -0.405 0.003582416038 2
0 0.815 -0.395 0.003897859541 2
0 0.815 -0.385 0.00420101505 2
0 0.815 -0.375 0.004491085154 2
0 0.815 -0.365 0.004767979114 2
0 0.815 -0.355 0.005032553656 2
0 0.815 -0.345 0.005286791618 2
0 0.815 -0.335 0.005533487256 2
0 0.815 -0.325 0.005775879297 2
0 0.815 -0.315 0.006016471378 2
0 0.815 -0.305 0.006256451156 2
0 0.815 -0.295 0.006495998528 2
0 0.815 -0.285 0.006734501934 2
0 0.815 -0.275 0.006970780285 2
0 0.815 -0.265 0.007203301445 2
0 0.815 -0.255 0.007430302564 2
0 0.815 -0.245 0.007650012667 2
0 0.815 -0.235 0.007860806249 2
0 0.815 -0.225 0.008061347147 2
0 0.815 -0.215 0.008250623646 2
0 0.815 -0.205 0.008427927654 2
0 0.815 -0.195 0.008592783443 2
0 0.815 -0.185 0.008744869048 2
0 0.815 -0.175 0.008883942779 2
0 0.815 -0.165 0.009009787237 2
0 0.815 -0.155 0.009122170637 2
0 0.815 -0.145 0.009220823667 2
0 0.815 -0.135 0.009305428023 2
0 0.815 -0.125 0.009375612909 2
0 0.815 -0.115 0.009430956151 2
0 0.815 -0.105 0.009470983667 2
0 0.815 -0.095 0.009495161107 2
0 0.815 -0.085 0.00950284287 2
0 0.815 -0.075 0.009493167888 2
0 0.815 -0.065 0.00946467949 2
0 0.815 -0.055 0.009414626283 2
0 0.815 -0.045 0.009337464588 2
0 0.815 -0.035 0.009216267728 2
0 0.815 -0.025 0.009040352237 2
0 0.815 -0.015 0.008785248418 2
0 0.815 -0.005 0.008622543258 2
0 0.815 0.005 0.00848585749 1
0 0.815 0.015 0.008421947836 1
0 0.815 0.025 0.008387258588 1
0 0.815 0.035 0.008375670759 1
0 0.815 0.045 0.008383436469 1
0 0.815 0.055 0.008409693622 1
0 0.815 0.065 0.008457548095 1
0 0.815 0.075 0.008570559996 2
0 0.815 0.085 0.008723848631 2
0 0.815 0.095 0.008867338608 2
0 0.815 0.105 0.008947021262 2
0 0.815 0.115 0.008972305802 2
0 0.815 0.125 0.008955366707 2
0 0.815 0.135 0.008911924602 2
0 0.815 0.145 0.008849007273 2
0 0.815 0.155 0.008771239972 2
0 0.815 0.165 0.008681289151 2
0 0.815 0.175 0.008580378125 2
0 0.815 0.185 0.008468668026 2
0 0.815 0.195 0.008345588912 2
0 0.815 0.205 0.008210280562 2
0 0.815 0.215 0.008061913378 2
0 0.815 0.225 0.007899990556 2
0 0.815 0.235 0.007724605552 2
0 0.815 0.245 0.00753664002 2
0 0.815 0.255 0.007337803125 2
0 0.815 0.265 0.007130463131 2
0 0.815 0.275 0.006917154865 2
0 0.815 0.285 0.006699981511 2
0 0.815 0.295 0.006479973696 2
0 0.815 0.305 0.006256985987 2
0 0.815 0.315 0.006029770836 2
0 0.815 0.325 0.005796372674 2
0 0.815 0.335 0.005554516785 2
0 0.815 0.345 0.005302194626 2
0 0.815 0.355 0.005037894523 2
0 0.815 0.365 0.004760794111 2
0 0.815 0.375 0.004470748693 2
0 0.815 0.385 0.004168242254 2
0 0.815 0.395 0.003854284255 2
0 0.815 0.405 0.003530312183 2
0 0.815 0.415 0.003198076284 2
0 0.815 0.425 0.00285950151 2
0 0.815 0.435 0.002516473649 2
0 0.815 0.445 0.002170595029 2
0 0.815 0.455 0.001822947111 2
0 0.815 0.465 0.00147379753 2
0 0.815 0.475 0.001124063869 2
0 0.815 0.485 0.0007686304597 2
0 0.815 0.495 0.0004313651296 2
0 0.815 0.505 0 2
0 0.815 0.515 0 2
0 0.815 0.525 0 2
0 0.815 0.535 0 2
0 0.815 0.545 0 2
0 0.815 0.555 0 2
0 0.815 0.565 0 2
0 0.825 -0.555 0 2
0 0.825 -0.545 0 2
0 0.825 -0.535 0 2
0 0.825 -0.525 0 2
0 0.825 -0.515 0 2
0 0.825 -0.505 0 2
0 0.825 -0.495 0.0003714979321 2
0 0.825 -0.485 0.0006716544737 2
0 0.825 -0.475 0.0009927562178 2
0 0.825 -0.465 0.001313094211 2
0 0.825 -0.455 0.001634831599 2
0 0.825 -0.445 0.001955400101 2
0 0.825 -0.435 0.002273174343 2
0 0.825 -0.425 0.002586379829 2
0 0.825 -0.415 0.002893222012 2
0 0.825 -0.405 0.003191852507 2
0 0.825 -0.395 0.003480397403 2
0 0.825 -0.385 0.003757101508 2
0 0.825 -0.375 0.004020589468 2
0 0.825 -0.365 0.004270341127 2
0 0.825 -0.355 0.004507093699 2
0 0.825 -0.345 0.00473335725 2
0 0.825 -0.335 0.004952869291 2
0 0.825 -0.325 0.005170566078 2
0 0.825 -0.315 0.005389909381 2
0 0.825 -0.305 0.005611854226 2
0 0.825 -0.295 0.005836179971 2
0 0.825 -0.285 0.006061846315 2
0 0.825 -0.275 0.006287197381 2
0 0.825 -0.265 0.006510243176 2
0 0.825 -0.255 0.006728655978 2
0 0.825 -0.245 0.006940175594 2
0 0.825 -0.235 0.007142787383 2
0 0.825 -0.225 0.00733495364 2
0 0.825 -0.215 0.007515611301 2
0 0.825 -0.205 0.007684116421 2
0 0.825 -0.195 0.007840115167 2
0 0.825 -0.185 0.007983427279 2
0 0.825 -0.175 0.008113944565 2
0 0.825 -0.165 0.008231562318 2
0 0.825 -0.155 0.008336136784 2
0 0.825 -0.145 0.008427462269 2
0 0.825 -0.135 0.008505261291 2
0 0.825 -0.125 0.008569183403 2
0 0.825 -0.115 0.008618810653 2
0 0.825 -0.105 0.008653666722 2
0 0.825 -0.095 0.008673229348 2
0 0.825 -0.085 0.008676920913 2
0 0.825 -0.075 0.008664082577 2
0 0.825 -0.065 0.008633697991 2
0 0.825 -0.055 0.008583945277 2
0 0.825 -0.045 0.008510380481 2
0 0.825 -0.035 0.008397890341 2
0 0.825 -0.025 0.008237179118 2
0 0.825 -0.015 0.007990936012 1
0 0.825 -0.005 0.007856470047 1
0 0.825 0.005 0.00780921214 1
0 0.825 0.015 0.007766696991 1
0 0.825 0.025 0.007743715295 1
0 0.825 0.035 0.00773988529 1
0 0.825 0.045 0.007752650301 1
0 0.825 0.055 0.007777570322 1
0 0.825 0.065 0.007808815508 1
0 0.825 0.075 0.007829338102 1
0 0.825 0.085 0.0079353025 2
0 0.825 0.095 0.008087834436 2
0 0.825 0.105 0.008159095203 2
0 0.825 0.115 0.008173374076 2
0 0.825 0.125 0.008146006943 2
0 0.825 0.135 0.008094434681 2
0 0.825 0.145 0.008026629064 2
0 0.825 0.155 0.007947529773 2
0 0.825 0.165 0.007860141507 2
0 0.825 0.175 0.007765572563 2
0 0.825 0.185 0.007663463194 2
0 0.825 0.195 0.007552341349 2
0 0.825 0.205 0.007430377804 2
0 0.825 0.215 0.007295781994 2
0 0.825 0.225 0.007147207543 2
0 0.825 0.235 0.006984137834 2
0 0.825 0.245 0.006807257382 2
0 0.825 0.255 0.006618617161 2
0 0.825 0.265 0.006421523294 2
0 0.825 0.275 0.006219756013 2
0 0.825 0.285 0.006016617637 2
0 0.825 0.295 0.005813644158 2
0 0.825 0.305 0.005610673418 2
0 0.825 0.315 0.005405927359 2
0 0.825 0.325 0.005196696388 2
0 0.825 0.335 0.004979769569 2
0 0.825 0.345 0.004752548982 2
0 0.825 0.355 0.00451314845 2
0 0.825 0.365 0.004260673631 2
0 0.825 0.375 0.003995088834 2
0 0.825 0.385 0.003717123008 2
0 0.825 0.395 0.003428101289 2
0 0.825 0.405 0.003129842669 2
0 0.825 0.415 0.002824559853 2
0 0.825 0.425 0.002514753508 2
0 0.825 0.435 0.002202949125 2
0 0.825 0.445 0.001891362353 2
0 0.825 0.455 0.001581373728 2
0 0.825 0.465 0.001273287078 2
0 0.825 0.475 0.0009673910854 2
0 0.825 0.485 0.0006592757091 2
0 0.825 0.495 0.0003679962207 2
0 0.825 0.505 0 2
0 0.825 0.515 0 2
0 0.825 0.525 0 2
0 0.825 0.535 0 2
0 0.825 0.545 0 2
0 0.825 0.555 0 2
0 0.825 0.565 0 2
0 0.835 -0.555 0 2
0 0.835 -0.545 0 2
0 0.835 -0.535 0 2
0 0.835 -0.525 0 2
0 0.835 -0.515 0 2
0 0.835 -0.505 0 2
0 0.835 -0.495 0.000309192655 2
0 0.835 -0.485 0.0005659103077 2
0 0.835 -0.475 0.0008434068037 2
0 0.835 -0.465 0.001124018282 2
0 0.835 -0.455 0.00140861701 2
0 0.835 -0.445 0.001694650958 2
0 0.835 -0.435 0.001980220232 2
0 0.835 -0.425 0.002263349433 2
0 0.835 -0.415 0.002541982087 2
0 0.835 -0.405 0.002813917232 2
0 0.835 -0.395 0.003076776766 2
0 0.835 -0.385 0.003328129015 2
0 0.835 -0.375 0.003565777309 2
0 0.835 -0.365 0.003788452374 2
0 0.835 -0.355 0.003996413785 2
0 0.835 -0.345 0.004192863827 2
0 0.835 -0.335 0.004382663481 2
0 0.835 -0.325 0.004574312359 2
0 0.835 -0.315 0.004772895561 2
0 0.835 -0.305 0.004977954058 2
0 0.835 -0.295 0.005188323484 2
0 0.835 -0.285 0.005402315198 2
0 0.835 -0.275 0.005617780341 2
0 0.835 -0.265 0.005832483792 2
0 0.835 -0.255 0.006043427753 2
0 0.835 -0.245 0.006247710153 2
0 0.835 -0.235 0.00644278393 2
0 0.835 -0.225 0.006626906976 2
0 0.835 -0.215 0.006799027366 2
0 0.835 -0.205 0.006958665914 2
0 0.835 -0.195 0.007105678368 2
0 0.835 -0.185 0.007240086508 2
0 0.835 -0.175 0.007361949229 2
0 0.835 -0.165 0.00747128891 2
0 0.835 -0.155 0.007568051579 2
0 0.835 -0.145 0.007652088641 2
0 0.835 -0.135 0.007723150772 2
0 0.835 -0.125 0.007780888418 2
0 0.835 -0.115 0.007824858744 2
0 0.835 -0.105 0.007854540314 2
0 0.835 -0.095 0.007869361549 2
0 0.835 -0.085 0.007868736682 2
0 0.835 -0.075 0.007852122302 2
0 0.835 -0.065 0.007818983832 2
0 0.835 -0.055 0.00776870946 2
0 0.835 -0.045 0.007699892778 2
0 0.835 -0.035 0.007604111324 2
0 0.835 -0.025 0.0074797053 2
0 0.835 -0.015 0.007331867578 1
0 0.835 -0.005 0.007235964181 1
0 0.835 0.005 0.007201179331 1
0 0.835 0.015 0.007177929434 1
0 0.835 0.025 0.007169282246 1
0 0.835 0.035 0.00717417193 1
0 0.835 0.045 0.007192818073 1
0 0.835 0.055 0.007216032216 1
0 0.835 0.065 0.007234019708 1
0 0.835 0.075 0.007237134977 1
0 0.835 0.085 0.007247878125 1
0 0.835 0.095 0.007361879484 2
0 0.835 0.105 0.00740205041 2
0 0.835 0.115 0.007395092396 2
0 0.835 0.125 0.007353714022 2
0 0.835 0.135 0.007292345848 2
0 0.835 0.145 0.007218619104 2
0 0.835 0.155 0.007137619687 2
0 0.835 0.165 0.007052924475 2
0 0.835 0.175 0.006965506041 2
0 0.835 0.185 0.006874307144 2
0 0.835 0.195 0.006776557033 2
0 0.835 0.205 0.006669260996 2
0 0.835 0.215 0.006549500517 2
0 0.835 0.225 0.00641487012 2
0 0.835 0.235 0.006264010858 2
0 0.835 0.245 0.006097232372 2
0 0.835 0.255 0.005916927447 2
0 0.835 0.265 0.005727738493 2
0 0.835 0.275 0.005535336249 2
0 0.835 0.285 0.005344985175 2
0 0.835 0.295 0.005158721156 2
0 0.835 0.305 0.004976270005 2
0 0.835 0.315 0.004795044471 2
0 0.835 0.325 0.004611343581 2
0 0.835 0.335 0.004420438357 2
0 0.835 0.345 0.004219064529 2
0 0.835 0.355 0.004004848537 2
0 0.835 0.365 0.003776866694 2
0 0.835 0.375 0.003535238053 2
0 0.835 0.385 0.003280992792 2
0 0.835 0.395 0.003015792447 2
0 0.835 0.405 0.002741830318 2
0 0.835 0.415 0.002461785773 2
0 0.835 0.425 0.002178824646 2
0 0.835 0.435 0.001896313903 2
0 0.835 0.445 0.001617418163 2
0 0.835 0.455 0.00134397874 2
0 0.835 0.465 0.001076286919 2
0 0.835 0.475 0.0008137020827 2
0 0.835 0.485 0.0005523352521 2
0 0.835 0.495 0.0003062735407 2
0 0.835 0.505 0 2
0 0.835 0.515 0 2
0 0.835 0.525 0 2
0 0.835 0.535 0 2
0 0.835 0.545 0 2
0 0.835 0.555 0 2
0 0.835 0.565 0 2
0 0.845 -0.555 0 2
0 0.845 -0.545 0 2
0 0.845 -0.535 0 2
0 0.845 -0.525 0 2
0 0.845 -0.515 0 2
0 0.845 -0.505 0 2
0 0.845 -0.495 0.0002490602707 2
0 0.845 -0.485 0.0004639220446 2
0 0.845 -0.475 0.0006994060557 2
0 0.845 -0.465 0.0009417367293 2
0 0.845 -0.455 0.001190534866 2
0 0.845 -0.445 0.001443276493 2
0 0.845 -0.435 0.001697826739 2
0 0.845 -0.425 0.001952064107 2
0 0.845 -0.415 0.00220373899 2
0 0.845 -0.405 0.002450355516 2
0 0.845 -0.395 0.002689022863 2
0 0.845 -0.385 0.002916447579 2
0 0.845 -0.375 0.0031292559 2
0 0.845 -0.365 0.003325105708 2
0 0.845 -0.355 0.003503528505 2
0 0.845 -0.345 0.00366899284 2
0 0.845 -0.335 0.003826388973 2
0 0.845 -0.325 0.003990898865 2
0 0.845 -0.315 0.004169762984 2
0 0.845 -0.305 0.004358281819 2
0 0.845 -0.295 0.004554813199 2
0 0.845 -0.285 0.0047580972 2
0 0.845 -0.275 0.004965128042 2
0 0.845 -0.265 0.005173364752 2
0 0.845 -0.255 0.005378355419 2
0 0.845 -0.245 0.005576483508 2
0 0.845 -0.235 0.005764587791 2
0 0.845 -0.225 0.005940864031 2
0 0.845 -0.215 0.006104369675 2
0 0.845 -0.205 0.006254925408 2
0 0.845 -0.195 0.006392710439 2
0 0.845 -0.185 0.006518015046 2
0 0.845 -0.175 0.006631094692 2
0 0.845 -0.165 0.006732104571 2
0 0.845 -0.155 0.006821077018 2
0 0.845 -0.145 0.006897913246 2
0 0.845 -0.135 0.006962383597 2
0 0.845 -0.125 0.007014128939 2
0 0.845 -0.115 0.007052665854 2
0 0.845 -0.105 0.007077401537 2
0 0.845 -0.095 0.007087669687 2
0 0.845 -0.085 0.007082807548 2
0 0.845 -0.075 0.00706229696 2
0 0.845 -0.065 0.007026061456 2
0 0.845 -0.055 0.006974797763 2
0 0.845 -0.045 0.006911003462 2
0 0.845 -0.035 0.006842762476 2
0 0.845 -0.025 0.006776731877 2
0 0.845 -0.015 0.006737128898 1
0 0.845 -0.005 0.006653943206 1
0 0.845 0.005 0.006602524941 1
0 0.845 0.015 0.006578471273 1
0 0.845 0.025 0.006581154249 1
0 0.845 0.035 0.006597689649 1
0 0.845 0.045 0.006623030193 1
0 0.845 0.055 0.006652178314 1
0 0.845 0.065 0.006675858343 1
0 0.845 0.075 0.006687980168 1
0 0.845 0.085 0.006679184194 1
0 0.845 0.095 0.00669211555 2
0 0.845 0.105 0.00667940711 2
0 0.845 0.115 0.006642038916 2
0 0.845 0.125 0.006583217261 2
0 0.845 0.135 0.006510042647 2
0 0.845 0.145 0.006428698956 2
0 0.845 0.155 0.006344501041 2
0 0.845 0.165 0.00626230589 2
0 0.845 0.175 0.006182883595 2
0 0.845 0.185 0.006104230679 2
0 0.845 0.195 0.006021513463 2
0 0.845 0.205 0.005930490481 2
0 0.845 0.215 0.005827074401 2
0 0.845 0.225 0.005707541733 2
0 0.845 0.235 0.005569199751 2
0 0.845 0.245 0.00541141059 2
0 0.845 0.255 0.005236567999 2
0 0.845 0.265 0.005051288717 2
0 0.845 0.275 0.004864289425 2
0 0.845 0.285 0.004684730935 2
0 0.845 0.295 0.004514796838 2
0 0.845 0.305 0.004353920529 2
0 0.845 0.315 0.004198108648 2
0 0.845 0.325 0.004042437901 2
0 0.845 0.335 0.003879185814 2
0 0.845 0.345 0.003704672942 2
0 0.845 0.355 0.003515922837 2
0 0.845 0.365 0.003312216662 2
0 0.845 0.375 0.003093957895 2
0 0.845 0.385 0.002862570522 2
0 0.845 0.395 0.002620074077 2
0 0.845 0.405 0.002368982203 2
0 0.845 0.415 0.002112246742 2
0 0.845 0.425 0.001853616392 2
0 0.845 0.435 0.001597507018 2
0 0.845 0.445 0.001348843849 2
0 0.845 0.455 0.00111032871 2
0 0.845 0.465 0.0008822849682 2
0 0.845 0.475 0.0006625222102 2
0 0.845 0.485 0.0004474867446 2
0 0.845 0.495 0.0002459625658 2
0 0.845 0.505 0 2
0 0.845 0.515 0 2
0 0.845 0.525 0 2
0 0.845 0.535 0 2
0 0.845 0.545 0 2
0 0.845 0.555 0 2
0 0.845 0.565 0 2
0 0.855 -0.555 0 1
0 0.855 -0.545 0 1
0 0.855 -0.535 0 2
0 0.855 -0.525 0 2
0 0.855 -0.515 0 2
0 0.855 -0.505 0 2
0 0.855 -0.495 0.0001914839834 2
0 0.855 -0.485 0.0003663314825 2
0 0.855 -0.475 0.0005616368581 2
0 0.855 -0.465 0.0007673268023 2
0 0.855 -0.455 0.0009818137404 2
0 0.855 -0.445 0.001202610871 2
0 0.855 -0.435 0.001427389996 2
0 0.855 -0.425 0.001653949238 2
0 0.855 -0.415 0.001879945717 2
0 0.855 -0.405 0.002102698872 2
0 0.855 -0.395 0.002318891997 2
0 0.855 -0.385 0.002524249558 2
0 0.855 -0.375 0.002713906063 2
0 0.855 -0.365 0.002883867584 2
0 0.855 -0.355 0.003032086975 2
0 0.855 -0.345 0.003163353195 2
0 0.855 -0.335 0.003274183296 2
0 0.855 -0.325 0.003406898107 2
0 0.855 -0.315 0.003577897474 2
0 0.855 -0.305 0.003758702242 2
0 0.855 -0.295 0.003943774726 2
0 0.855 -0.285 0.00413510018 2
0 0.855 -0.275 0.00433306055 2
0 0.855 -0.265 0.004536053326 2
0 0.855 -0.255 0.004736692655 2
0 0.855 -0.245 0.004930192443 2
0 0.855 -0.235 0.005112049525 2
0 0.855 -0.225 0.005280473896 2
0 0.855 -0.215 0.005435005533 2
0 0.855 -0.205 0.00557606238 2
0 0.855 -0.195 0.005704265153 2
0 0.855 -0.185 0.00582021644 2
0 0.855 -0.175 0.005924379231 2
0 0.855 -0.165 0.006017031274 2
0 0.855 -0.155 0.006098279478 2
0 0.855 -0.145 0.006168066838 2
0 0.855 -0.135 0.006226181009 2
0 0.855 -0.125 0.006272255885 2
0 0.855 -0.115 0.006305772316 2
0 0.855 -0.105 0.006326066296 2
0 0.855 -0.095 0.006332363344 2
0 0.855 -0.085 0.006323887604 2
0 0.855 -0.075 0.00630008971 2
0 0.855 -0.065 0.006261154583 2
0 0.855 -0.055 0.006208876699 2
0 0.855 -0.045 0.006149023939 2
0 0.855 -0.035 0.00609845577 2
0 0.855 -0.025 0.006075137823 2
0 0.855 -0.015 0.006129788025 1
0 0.855 -0.005 0.006061948041 1
0 0.855 0.005 0.006006133959 1
0 0.855 0.015 0.005989821162 1
0 0.855 0.025 0.006005670234 1
0 0.855 0.035 0.006032926632 1
0 0.855 0.045 0.006064380283 1
0 0.855 0.055 0.006100649363 1
0 0.855 0.065 0.006140478442 1
0 0.855 0.075 0.006175314045 1
0 0.855 0.085 0.006157184695 1
0 0.855 0.095 0.006070399679 2
0 0.855 0.105 0.005995677784 2
0 0.855 0.115 0.005919600149 2
0 0.855 0.125 0.005840850289 2
0 0.855 0.135 0.005752537621 2
0 0.855 0.145 0.005660060216 2
0 0.855 0.155 0.005569365833 2
0 0.855 0.165 0.005488912544 2
0 0.855 0.175 0.005418828489 2
0 0.855 0.185 0.005355685475 2
0 0.855 0.195 0.005290340984 2
0 0.855 0.205 0.005217568789 2
0 0.855 0.215 0.00513248411 2
0 0.855 0.225 0.005029718134 2
0 0.855 0.235 0.00490485419 2
0 0.855 0.245 0.004755702395 2
0 0.855 0.255 0.004584250832 2
0 0.855 0.265 0.004399495649 2
0 0.855 0.275 0.004214483057 2
0 0.855 0.285 0.004044956988 2
0 0.855 0.295 0.003890857112 2
0 0.855 0.305 0.003750913457 2
0 0.855 0.315 0.003620082262 2
0 0.855 0.325 0.003493700795 2
0 0.855 0.335 0.003358525751 2
0 0.855 0.345 0.00321172859 2
0 0.855 0.355 0.003048854362 2
0 0.855 0.365 0.002869326703 2
0 0.855 0.375 0.002673867711 2
0 0.855 0.385 0.00246451292 2
0 0.855 0.395 0.002243760352 2
0 0.855 0.405 0.002014225229 2
0 0.855 0.415 0.001778944601 2
0 0.855 0.425 0.001542115919 2
0 0.855 0.435 0.00130945615 2
0 0.855 0.445 0.001088607018 2
0 0.855 0.455 0.0008833682726 2
0 0.855 0.465 0.0006939383127 2
0 0.855 0.475 0.0005155740399 2
0 0.855 0.485 0.0003454621794 2
0 0.855 0.495 0.0001871008512 2
0 0.855 0.505 0 2
0 0.855 0.515 0 2
0 0.855 0.525 0 2
0 0.855 0.535 0 2
0 0.855 0.545 0 2
0 0.855 0.555 0 2
0 0.855 0.565 0 2
0 0.865 -0.555 0 1
0 0.865 -0.545 0 1
0 0.865 -0.535 0 2
0 0.865 -0.525 0 2
0 0.865 -0.515 0 2
0 0.865 -0.505 0 2
0 0.865 -0.495 0.000136889043 2
0 0.865 -0.485 0.000273844705 2
0 0.865 -0.475 0.0004310640641 2
0 0.865 -0.465 0.0006019610481 2
0 0.865 -0.455 0.0007837870213 2
0 0.865 -0.445 0.0009740959971 2
0 0.865 -0.435 0.001170402693 2
0 0.865 -0.425 0.001370487938 2
0 0.865 -0.415 0.001572030626 2
0 0.865 -0.405 0.001772366473 2
0 0.865 -0.395 0.001967994103 2
0 0.865 -0.385 0.002153720114 2
0 0.865 -0.375 0.002322202212 2
0 0.865 -0.365 0.002464226073 2
0 0.865 -0.355 0.002574894816 2
0 0.865 -0.345 0.002679072906 2
0 0.865 -0.335 0.002761484761 2
0 0.865 -0.325 0.002872710672 2
0 0.865 -0.315 0.003023676757 2
0 0.865 -0.305 0.003174042067 2
0 0.865 -0.295 0.00333684854 2
0 0.865 -0.285 0.003528748004 2
0 0.865 -0.275 0.003724312315 2
0 0.865 -0.265 0.003926563873 2
0 0.865 -0.255 0.00412332076 2
0 0.865 -0.245 0.004312974306 2
0 0.865 -0.235 0.004488868768 2
0 0.865 -0.225 0.004649082998 2
0 0.865 -0.215 0.00479403259 2
0 0.865 -0.205 0.004924960542 2
0 0.865 -0.195 0.00504314687 2
0 0.865 -0.185 0.005149492133 2
0 0.865 -0.175 0.0052446392 2
0 0.865 -0.165 0.005328957605 2
0 0.865 -0.155 0.005402607655 2
0 0.865 -0.145 0.005465565584 2
0 0.865 -0.135 0.005517640327 2
0 0.865 -0.125 0.005558474465 2
0 0.865 -0.115 0.005587538037 2
0 0.865 -0.105 0.005604123442 2
0 0.865 -0.095 0.005607371159 2
0 0.865 -0.085 0.005596385601 2
0 0.865 -0.075 0.005570460296 2
0 0.865 -0.065 0.005529765031 2
0 0.865 -0.055 0.005476708138 2
0 0.865 -0.045 0.005418548544 2
0 0.865 -0.035 0.005376784143 2
0 0.865 -0.025 0.00536973765 2
0 0.865 -0.015 0.005435906524 2
0 0.865 -0.005 0.005435373014 1
0 0.865 0.005 0.005396934277 1
0 0.865 0.015 0.005411420155 1
0 0.865 0.025 0.005464725735 1
0 0.865 0.035 0.005506149686 1
0 0.865 0.045 0.005543062231 1
0 0.865 0.055 0.005580420259 1
0 0.865 0.065 0.005621710763 1
0 0.865 0.075 0.005658419524 1
0 0.865 0.085 0.00561482992 1
0 0.865 0.095 0.005450019899 2
0 0.865 0.105 0.005336997506 2
0 0.865 0.115 0.00523259211 2
0 0.865 0.125 0.005132738177 2
0 0.865 0.135 0.005026134507 2
0 0.865 0.145 0.004920087525 2
0 0.865 0.155 0.004819598308 2
0 0.865 0.165 0.004740200943 2
0 0.865 0.175 0.00467963159 2
0 0.865 0.185 0.004633632877 2
0 0.865 0.195 0.004585715617 2
0 0.865 0.205 0.004531984432 2
0 0.865 0.215 0.004467907829 2
0 0.865 0.225 0.004384884933 2
0 0.865 0.235 0.004276305195 2
0 0.865 0.245 0.004137593687 2
0 0.865 0.255 0.003964461802 2
0 0.865 0.265 0.003767634808 2
0 0.865 0.275 0.003566981683 2
0 0.865 0.285 0.00340430112 2
0 0.865 0.295 0.003265439303 2
0 0.865 0.305 0.003149058536 2
0 0.865 0.315 0.003049650477 2
0 0.865 0.325 0.002966033401 2
0 0.865 0.335 0.002861435864 2
0 0.865 0.345 0.002743240035 2
0 0.865 0.355 0.002606341671 2
0 0.865 0.365 0.002450673956 2
0 0.865 0.375 0.002277354076 2
0 0.865 0.385 0.002089285672 2
0 0.865 0.395 0.001889607612 2
0 0.865 0.405 0.001680846557 2
0 0.865 0.415 0.001466115496 2
0 0.865 0.425 0.00124943119 2
0 0.865 0.435 0.001033210426 2
0 0.865 0.445 0.0008320705198 2
0 0.865 0.455 0.0006540501779 2
0 0.865 0.465 0.0005023648738 2
0 0.865 0.475 0.0003639510665 2
0 0.865 0.485 0.0002401288296 2
0 0.865 0.495 0.0001262471142 2
0 0.865 0.505 0 2
0 0.865 0.515 0 2
0 0.865 0.525 0 2
0 0.865 0.535 0 2
0 0.865 0.545 0 2
0 0.865 0.555 0 2
0 0.865 0.565 0 2
0 0.875 -0.555 0 1
0 0.875 -0.545 0 1
0 0.875 -0.535 0 2
0 0.875 -0.525 0 2
0 0.875 -0.515 0 2
0 0.875 -0.505 0 2
0 0.875 -0.495 8.574780791e-05 2
0 0.875 -0.485 0.0001872397583 2
0 0.875 -0.475 0.0003087458334 2
0 0.875 -0.465 0.0004469257911 2
0 0.875 -0.455 0.000597925184 2
0 0.875 -0.445 0.0007593377567 2
0 0.875 -0.435 0.0009285471373 2
0 0.875 -0.425 0.001103361919 2
0 0.875 -0.415 0.001281586605 2
0 0.875 -0.405 0.00146078793 2
0 0.875 -0.395 0.00163766868 2
0 0.875 -0.385 0.001806110069 2
0 0.875 -0.375 0.001956573222 2
0 0.875 -0.365 0.002071962388 2
0 0.875 -0.355 0.002157650429 2
0 0.875 -0.345 0.002249791425 2
0 0.875 -0.335 0.002333415108 1
0 0.875 -0.325 0.002431604196 1
0 0.875 -0.315 0.002550695674 2
0 0.875 -0.305 0.002667106068 2
0 0.875 -0.295 0.002794424673 2
0 0.875 -0.285 0.002960897249 2
0 0.875 -0.275 0.003132527071 2
0 0.875 -0.265 0.003336822546 2
0 0.875 -0.255 0.003540123786 2
0 0.875 -0.245 0.003730372242 2
0 0.875 -0.235 0.003899162267 2
0 0.875 -0.225 0.004049739031 2
0 0.875 -0.215 0.004184067981 2
0 0.875 -0.205 0.004304121929 2
0 0.875 -0.195 0.004411871145 2
0 0.875 -0.185 0.004508431954 2
0 0.875 -0.175 0.004594551455 2
0 0.875 -0.165 0.004670641983 2
0 0.875 -0.155 0.004736889494 2
0 0.875 -0.145 0.004793295529 2
0 0.875 -0.135 0.004839699261 2
0 0.875 -0.125 0.004875776692 2
0 0.875 -0.115 0.004901023408 2
0 0.875 -0.105 0.004914732818 2
0 0.875 -0.095 0.004916001039 2
0 0.875 -0.085 0.004903741167 2
0 0.875 -0.075 0.00487696425 2
0 0.875 -0.065 0.004835537986 2
0 0.875 -0.055 0.00478193516 2
0 0.875 -0.045 0.004719961114 2
0 0.875 -0.035 0.004668565544 2
0 0.875 -0.025 0.004645235172 2
0 0.875 -0.015 0.004700794846 2
0 0.875 -0.005 0.004750389366 2
0 0.875 0.005 0.004794842401 1
0 0.875 0.015 0.004829035548 1
0 0.875 0.025 0.0048891974 1
0 0.875 0.035 0.004921344628 1
0 0.875 0.045 0.004955365528 1
0 0.875 0.055 0.005002102139 1
0 0.875 0.065 0.005066517725 1
0 0.875 0.075 0.005055390686 2
0 0.875 0.085 0.005001054197 2
0 0.875 0.095 0.004840748212 2
0 0.875 0.105 0.004709514176 2
0 0.875 0.115 0.004585765609 2
0 0.875 0.125 0.004466929793 2
0 0.875 0.135 0.004336490797 2
0 0.875 0.145 0.004207429727 2
0 0.875 0.155 0.004077150594 2
0 0.875 0.165 0.003996032101 2
0 0.875 0.175 0.003952040045 2
0 0.875 0.185 0.003940890186 2
0 0.875 0.195 0.00391368853 2
0 0.875 0.205 0.003878289958 2
0 0.875 0.215 0.003836895396 2
0 0.875 0.225 0.003776373515 2
0 0.875 0.235 0.003687530409 2
0 0.875 0.245 0.003557416667 2
0 0.875 0.255 0.003385257596 2
0 0.875 0.265 0.003182767823 2
0 0.875 0.275 0.002988062487 2
0 0.875 0.285 0.00284581583 2
0 0.875 0.295 0.002723739379 2
0 0.875 0.305 0.002617297102 2
0 0.875 0.315 0.002524326424 2
0 0.875 0.325 0.002460221827 2
0 0.875 0.335 0.002378482999 2
0 0.875 0.345 0.002297678469 2
0 0.875 0.355 0.002190268913 2
0 0.875 0.365 0.002058473277 2
0 0.875 0.375 0.001906452423 2
0 0.875 0.385 0.001738984649 2
0 0.875 0.395 0.001559989094 2
0 0.875 0.405 0.001372000703 2
0 0.875 0.415 0.001178230279 2
0 0.875 0.425 0.0009762582267 2
0 0.875 0.435 0.0007772546118 2
0 0.875 0.445 0.0005993575969 2
0 0.875 0.455 0.000453063561 2
0 0.875 0.465 0.0003356139046 2
0 0.875 0.475 0.0002311011861 2
0 0.875 0.485 0.0001425108921 2
0 0.875 0.495 6.577292225e-05 2
0 0.875 0.505 0 2
0 0.875 0.515 0 2
0 0.875 0.525 0 2
0 0.875 0.535 0 2
0 0.875 0.545 0 2
0 0.875 0.555 0 2
0 0.875 0.565 0 2
0 0.885 -0.555 0 1
0 0.885 -0.545 0 1
0 0.885 -0.535 0 2
0 0.885 -0.525 0 2
0 0.885 -0.515 0 2
0 0.885 -0.505 0 2
0 0.885 -0.495 3.858070211e-05 2
0 0.885 -0.485 0.000107366283 2
0 0.885 -0.475 0.0001958319651 2
0 0.885 -0.465 0.0003036210352 2
0 0.885 -0.455 0.0004258442616 2
0 0.885 -0.445 0.0005601360083 2
0 0.885 -0.435 0.0007037683978 2
0 0.885 -0.425 0.0008546017682 2
0 0.885 -0.415 0.001010640685 2
0 0.885 -0.405 0.001169869307 2
0 0.885 -0.395 0.001329729898 2
0 0.885 -0.385 0.001485350112 2
0 0.885 -0.375 0.001626536634 2
0 0.885 -0.365 0.001723594115 2
0 0.885 -0.355 0.001811606648 1
0 0.885 -0.345 0.001902185603 1
0 0.885 -0.335 0.002006638212 1
0 0.885 -0.325 0.002089480617 1
0 0.885 -0.315 0.002158686259 1
0 0.885 -0.305 0.002249813627 1
0 0.885 -0.295 0.002348511494 1
0 0.885 -0.285 0.002470540162 2
0 0.885 -0.275 0.002602723977 2
0 0.885 -0.265 0.002787791502 2
0 0.885 -0.255 0.002992152454 2
0 0.885 -0.245 0.003181393455 2
0 0.885 -0.235 0.003346022538 2
0 0.885 -0.225 0.00348471977 2
0 0.885 -0.215 0.00360708607 2
0 0.885 -0.205 0.003715630208 2
0 0.885 -0.195 0.003812686875 2
0 0.885 -0.185 0.003899451769 2
0 0.885 -0.175 0.003976669946 2
0 0.885 -0.165 0.004044742213 2
0 0.885 -0.155 0.00410385336 2
0 0.885 -0.145 0.004154024956 2
0 0.885 -0.135 0.004195138295 2
0 0.885 -0.125 0.004226930666 2
0 0.885 -0.115 0.004248963655 2
0 0.885 -0.105 0.004260583341 2
0 0.885 -0.095 0.004260872549 2
0 0.885 -0.085 0.004248565187 2
0 0.885 -0.075 0.004222338759 2
0 0.885 -0.065 0.00418111422 2
0 0.885 -0.055 0.00412363755 2
0 0.885 -0.045 0.004053935173 2
0 0.885 -0.035 0.003986712616 2
0 0.885 -0.025 0.003953956563 2
0 0.885 -0.015 0.00401250957 2
0 0.885 -0.005 0.004110706773 1
0 0.885 0.005 0.004219546218 1
0 0.885 0.015 0.004270214844 1
0 0.885 0.025 0.004291735903 2
0 0.885 0.035 0.004312535172 2
0 0.885 0.045 0.004334922645 2
0 0.885 0.055 0.004367770375 2
0 0.885 0.065 0.004425925914 2
0 0.885 0.075 0.004419448965 2
0 0.885 0.085 0.004366647794 2
0 0.885 0.095 0.004240950598 2
0 0.885 0.105 0.004112491371 2
0 0.885 0.115 0.003977070298 2
0 0.885 0.125 0.003834377864 2
0 0.885 0.135 0.003672709402 2
0 0.885 0.145 0.003541378152 2
0 0.885 0.155 0.003412975909 2
0 0.885 0.165 0.003340429781 2
0 0.885 0.175 0.003294189362 2
0 0.885 0.185 0.003283822458 2
0 0.885 0.195 0.003256433053 2
0 0.885 0.205 0.003238025665 2
0 0.885 0.215 0.003235501614 2
0 0.885 0.225 0.003204584534 2
0 0.885 0.235 0.003138408363 2
0 0.885 0.245 0.003024795571 2
0 0.885 0.255 0.002866280916 2
0 0.885 0.265 0.002669757869 2
0 0.885 0.275 0.002506778319 1
0 0.885 0.285 0.002385051841 1
0 0.885 0.295 0.002276753871 1
0 0.885 0.305 0.002178044831 1
0 0.885 0.315 0.002086202212 1
0 0.885 0.325 0.002012166365 2
0 0.885 0.335 0.001937267688 2
0 0.885 0.345 0.00188112039 2
0 0.885 0.355 0.001802966828 2
0 0.885 0.365 0.001694888326 2
0 0.885 0.375 0.001563194657 2
0 0.885 0.385 0.001415379016 2
0 0.885 0.395 0.001256706009 2
0 0.885 0.405 0.001090060745 2
0 0.885 0.415 0.0009183506932 2
0 0.885 0.425 0.0007345383071 2
0 0.885 0.435 0.0005592045572 2
0 0.885 0.445 0.0004077840947 2
0 0.885 0.455 0.0002952126422 1
0 0.885 0.465 0.0002045675228 1
0 0.885 0.475 0.000128900067 1
0 0.885 0.485 6.650555659e-05 1
0 0.885 0.495 1.924434635e-05 1
0 0.885 0.505 0 2
0 0.885 0.515 0 2
0 0.885 0.525 0 2
0 0.885 0.535 0 2
0 0.885 0.545 0 2
0 0.885 0.555 0 2
0 0.885 0.565 0 2
0 0.895 -0.555 0 1
0 0.895 -0.545 0 1
0 0.895 -0.535 0 2
0 0.895 -0.525 0 2
0 0.895 -0.515 0 2
0 0.895 -0.505 0 2
0 0.895 -0.495 -4.04738457e-06 2
0 0.895 -0.485 3.513494006e-05 2
0 0.895 -0.475 9.354414696e-05 2
0 0.895 -0.465 0.0001735318767 2
0 0.895 -0.455 0.0002692720405 2
0 0.895 -0.445 0.000378453688 2
0 0.895 -0.435 0.0004982621148 2
0 0.895 -0.425 0.0006266282637 2
0 0.895 -0.415 0.0007618078028 2
0 0.895 -0.405 0.0009023733568 2
0 0.895 -0.395 0.001047106834 2
0 0.895 -0.385 0.001194090898 2
0 0.895 -0.375 0.001335368319 2
0 0.895 -0.365 0.001442306839 1
0 0.895 -0.355 0.00154747344 1
0 0.895 -0.345 0.001637067912 1
0 0.895 -0.335 0.001729738446 1
0 0.895 -0.325 0.001801882181 1
0 0.895 -0.315 0.00186085824 1
0 0.895 -0.305 0.001929307276 1
0 0.895 -0.295 0.002001305507 1
0 0.895 -0.285 0.002065620232 1
0 0.895 -0.275 0.002162490106 1
0 0.895 -0.265 0.002303723049 2
0 0.895 -0.255 0.002499383279 2
0 0.895 -0.245 0.002676478338 2
0 0.895 -0.235 0.002830046567 2
0 0.895 -0.225 0.002955082581 2
0 0.895 -0.215 0.003064496579 2
0 0.895 -0.205 0.003161271789 2
0 0.895 -0.195 0.003247694672 2
0 0.895 -0.185 0.003324886917 2
0 0.895 -0.175 0.003393495262 2
0 0.895 -0.165 0.003453867533 2
0 0.895 -0.155 0.003506169964 2
0 0.895 -0.145 0.003550443087 2
0 0.895 -0.135 0.003586622412 2
0 0.895 -0.125 0.003614531689 2
0 0.895 -0.115 0.003633839096 2
0 0.895 -0.105 0.003643994425 2
0 0.895 -0.095 0.003644042822 2
0 0.895 -0.085 0.003632604104 2
0 0.895 -0.075 0.003607815634 2
0 0.895 -0.065 0.003564501114 2
0 0.895 -0.055 0.003501393113 2
0 0.895 -0.045 0.003420837826 2
0 0.895 -0.035 0.003361379939 2
0 0.895 -0.025 0.003363808651 1
0 0.895 -0.015 0.003438734923 1
0 0.895 -0.005 0.003568914183 1
0 0.895 0.005 0.003675881046 1
0 0.895 0.015 0.003729878344 1
0 0.895 0.025 0.003725369158 1
0 0.895 0.035 0.003733965905 1
0 0.895 0.045 0.00374537769 1
0 0.895 0.055 0.003758021678 1
0 0.895 0.065 0.003768900116 2
0 0.895 0.075 0.003786319777 2
0 0.895 0.085 0.003740487452 2
0 0.895 0.095 0.003648949169 2
0 0.895 0.105 0.003540689804 2
0 0.895 0.115 0.003411372971 2
0 0.895 0.125 0.003263019416 2
0 0.895 0.135 0.003081809069 2
0 0.895 0.145 0.002964760798 2
0 0.895 0.155 0.002867044728 1
0 0.895 0.165 0.00280406908 1
0 0.895 0.175 0.002751705877 1
0 0.895 0.185 0.002718095742 2
0 0.895 0.195 0.002679022537 2
0 0.895 0.205 0.002657883654 2
0 0.895 0.215 0.002672253497 2
0 0.895 0.225 0.002668524724 2
0 0.895 0.235 0.002625980568 2
0 0.895 0.245 0.002540060711 2
0 0.895 0.255 0.002409850526 2
0 0.895 0.265 0.002247664443 1
0 0.895 0.275 0.002129437912 1
0 0.895 0.285 0.00202729226 1
0 0.895 0.295 0.001933603152 1
0 0.895 0.305 0.001843490075 1
0 0.895 0.315 0.001755245365 1
0 0.895 0.325 0.001652761853 1
0 0.895 0.335 0.001570115842 1
0 0.895 0.345 0.001506713113 2
0 0.895 0.355 0.001447130125 2
0 0.895 0.365 0.001362881098 2
0 0.895 0.375 0.001249453615 2
0 0.895 0.385 0.001119867273 2
0 0.895 0.395 0.000980916409 2
0 0.895 0.405 0.0008359904278 2
0 0.895 0.415 0.0006871659024 2
0 0.895 0.425 0.0005276434747 2
0 0.895 0.435 0.0003784462308 2
0 0.895 0.445 0.000255189688 1
0 0.895 0.455 0.0001767255049 1
0 0.895 0.465 0.0001127259355 1
0 0.895 0.475 6.210799441e-05 1
0 0.895 0.485 2.075169522e-05 1
0 0.895 0.495 -4.992964453e-06 1
0 0.895 0.505 0 1
0 0.895 0.515 0 1
0 0.895 0.525 0 2
0 0.895 0.535 0 2
0 0.895 0.545 0 2
0 0.895 0.555 0 2
0 0.895 0.565 0 2
0 0.905 -0.555 0 2
0 0.905 -0.545 0 2
0 0.905 -0.535 0 2
0 0.905 -0.525 0 2
0 0.905 -0.515 0 2
0 0.905 -0.505 0 2
0 0.905 -0.495 -4.15297576e-05 2
0 0.905 -0.485 -2.849717962e-05 2
0 0.905 -0.475 3.144013258e-06 2
0 0.905 -0.465 5.817564498e-05 2
0 0.905 -0.455 0.0001299712223 2
0 0.905 -0.445 0.0002163117001 2
0 0.905 -0.435 0.000314334696 2
0 0.905 -0.425 0.0004220721176 2
0 0.905 -0.415 0.0005380618147 2
0 0.905 -0.405 0.0006615765867 2
0 0.905 -0.395 0.0007928992667 2
0 0.905 -0.385 0.0009365770135 2
0 0.905 -0.375 0.001084906734 2
0 0.905 -0.365 0.001220626088 1
0 0.905 -0.355 0.001318806709 1
0 0.905 -0.345 0.001398441561 1
0 0.905 -0.335 0.001475397381 1
0 0.905 -0.325 0.001542516082 1
0 0.905 -0.315 0.00160265992 1
0 0.905 -0.305 0.001658576681 1
0 0.905 -0.295 0.001710944586 1
0 0.905 -0.285 0.00175655772 1
0 0.905 -0.275 0.00181995427 1
0 0.905 -0.265 0.001897130193 1
0 0.905 -0.255 0.0020617638 2
0 0.905 -0.245 0.002215747695 2
0 0.905 -0.235 0.002351502371 2
0 0.905 -0.225 0.002461479409 2
0 0.905 -0.215 0.002557615891 2
0 0.905 -0.205 0.002642857428 2
0 0.905 -0.195 0.002719053156 2
0 0.905 -0.185 0.002787122411 2
0 0.905 -0.175 0.0028475589 2
0 0.905 -0.165 0.002900637803 2
0 0.905 -0.155 0.002946501803 2
0 0.905 -0.145 0.002985212459 2
0 0.905 -0.135 0.003016768379 2
0 0.905 -0.125 0.003041098194 2
0 0.905 -0.115 0.003058015462 2
0 0.905 -0.105 0.003067123429 2
0 0.905 -0.095 0.003067516657 2
0 0.905 -0.085 0.003057727775 2
0 0.905 -0.075 0.003034995474 2
0 0.905 -0.065 0.002994349821 2
0 0.905 -0.055 0.00293341812 2
0 0.905 -0.045 0.002851717455 2
0 0.905 -0.035 0.002835475496 1
0 0.905 -0.025 0.00290346693 1
0 0.905 -0.015 0.002988633462 1
0 0.905 -0.005 0.003098508152 1
0 0.905 0.005 0.003178770324 1
0 0.905 0.015 0.003216778096 1
0 0.905 0.025 0.003209857186 1
0 0.905 0.035 0.003206990135 1
0 0.905 0.045 0.003205724277 1
0 0.905 0.055 0.003204263361 1
0 0.905 0.065 0.003176663475 1
0 0.905 0.075 0.003206014867 2
0 0.905 0.085 0.003170479029 2
0 0.905 0.095 0.003095798017 2
0 0.905 0.105 0.00300039914 2
0 0.905 0.115 0.002883551342 2
0 0.905 0.125 0.002748762863 2
0 0.905 0.135 0.002583463366 1
0 0.905 0.145 0.002487874326 1
0 0.905 0.155 0.002443097412 1
0 0.905 0.165 0.002391181985 1
0 0.905 0.175 0.002336800589 1
0 0.905 0.185 0.002260743432 1
0 0.905 0.195 0.002209105312 1
0 0.905 0.205 0.002172972886 1
0 0.905 0.215 0.002163785415 2
0 0.905 0.225 0.00216935343 2
0 0.905 0.235 0.002151665066 2
0 0.905 0.245 0.002093474883 2
0 0.905 0.255 0.00199744315 2
0 0.905 0.265 0.001910268085 1
0 0.905 0.275 0.001802845494 1
0 0.905 0.285 0.00172340255 1
0 0.905 0.295 0.001645632344 1
0 0.905 0.305 0.001563405184 1
0 0.905 0.315 0.001478015639 1
0 0.905 0.325 0.001381806554 1
0 0.905 0.335 0.001294938076 1
0 0.905 0.345 0.001208663169 1
0 0.905 0.355 0.001140502782 2
0 0.905 0.365 0.001070901129 2
0 0.905 0.375 0.000968963244 2
0 0.905 0.385 0.0008541235867 2
0 0.905 0.395 0.0007336704791 2
0 0.905 0.405 0.000609970126 2
0 0.905 0.415 0.0004840010497 2
0 0.905 0.425 0.000354363338 2
0 0.905 0.435 0.0002296354767 2
0 0.905 0.445 0.0001397675462 1
0 0.905 0.455 8.14296616e-05 1
0 0.905 0.465 4.217650732e-05 1
0 0.905 0.475 1.095866309e-05 1
0 0.905 0.485 -1.022552029e-05 1
0 0.905 0.495 -1.886274947e-05 1
0 0.905 0.505 0 1
0 0.905 0.515 0 1
0 0.905 0.525 0 1
0 0.905 0.535 0 1
0 0.905 0.545 0 1
0 0.905 0.555 0 2
0 0.905 0.565 0 2
0 0.915 -0.555 0 2
0 0.915 -0.545 0 2
0 0.915 -0.535 0 2
0 0.915 -0.525 0 2
0 0.915 -0.515 0 2
0 0.915 -0.505 0 2
0 0.915 -0.495 -7.322169157e-05 2
0 0.915 -0.485 -8.255192963e-05 2
0 0.915 -0.475 -7.411895952e-05 2
0 0.915 -0.465 -4.09796052e-05 2
0 0.915 -0.455 9.62265125e-06 2
0 0.915 -0.445 7.56224582e-05 2
0 0.915 -0.435 0.0001541578413 2
0 0.915 -0.425 0.0002433956443 2
0 0.915 -0.415 0.0003421391026 2
0 0.915 -0.405 0.0004504150284 2
0 0.915 -0.395 0.0005695211117 2
0 0.915 -0.385 0.0007110137103 2
0 0.915 -0.375 0.0008629451087 2
0 0.915 -0.365 0.001018361162 1
0 0.915 -0.355 0.001106778939 1
0 0.915 -0.345 0.001178005074 1
0 0.915 -0.335 0.001242958499 1
0 0.915 -0.325 0.001302392197 1
0 0.915 -0.315 0.001354512444 1
0 0.915 -0.305 0.001402261613 1
0 0.915 -0.295 0.001448231087 1
0 0.915 -0.285 0.00148996242 1
0 0.915 -0.275 0.001531106422 1
0 0.915 -0.265 0.001579649166 1
0 0.915 -0.255 0.00167679074 2
0 0.915 -0.245 0.001797689173 2
0 0.915 -0.235 0.001911466749 2
0 0.915 -0.225 0.002005206937 2
0 0.915 -0.215 0.002088289407 2
0 0.915 -0.205 0.002162571864 2
0 0.915 -0.195 0.002229171653 2
0 0.915 -0.185 0.002288701491 2
0 0.915 -0.175 0.002341486114 2
0 0.915 -0.165 0.00238772493 2
0 0.915 -0.155 0.002427539642 2
0 0.915 -0.145 0.002461014103 2
0 0.915 -0.135 0.002488211945 2
0 0.915 -0.125 0.002509175468 2
0 0.915 -0.115 0.002523897485 2
0 0.915 -0.105 0.002532201364 2
0 0.915 -0.095 0.00253348398 2
0 0.915 -0.085 0.002526308834 2
0 0.915 -0.075 0.002505324167 2
0 0.915 -0.065 0.002466907102 2
0 0.915 -0.055 0.002410867801 2
0 0.915 -0.045 0.002371373122 1
0 0.915 -0.035 0.002423015413 1
0 0.915 -0.025 0.002500896953 1
0 0.915 -0.015 0.002579166835 1
0 0.915 -0.005 0.00265758059 1
0 0.915 0.005 0.002718529756 1
0 0.915 0.015 0.002755938653 1
0 0.915 0.025 0.002769235949 1
0 0.915 0.035 0.002773088974 1
0 0.915 0.045 0.00276692792 1
0 0.915 0.055 0.002751841683 1
0 0.915 0.065 0.002716942747 1
0 0.915 0.075 0.002691155509 2
0 0.915 0.085 0.002643595708 2
0 0.915 0.095 0.002574626245 2
0 0.915 0.105 0.002492118937 2
0 0.915 0.115 0.002394244785 2
0 0.915 0.125 0.00228764298 2
0 0.915 0.135 0.00218897796 1
0 0.915 0.145 0.002121939787 1
0 0.915 0.155 0.002085851673 1
0 0.915 0.165 0.00204125365 1
0 0.915 0.175 0.001986323966 1
0 0.915 0.185 0.001912911599 1
0 0.915 0.195 0.001854282192 1
0 0.915 0.205 0.001806527525 1
0 0.915 0.215 0.001750885494 1
0 0.915 0.225 0.001728189612 2
0 0.915 0.235 0.001719406798 2
0 0.915 0.245 0.001689607803 2
0 0.915 0.255 0.001626323302 2
0 0.915 0.265 0.001574002423 2
0 0.915 0.275 0.001498729093 1
0 0.915 0.285 0.001433343311 1
0 0.915 0.295 0.001365624104 1
0 0.915 0.305 0.001293720404 1
0 0.915 0.315 0.001218818686 1
0 0.915 0.325 0.001140124596 1
0 0.915 0.335 0.001062221541 1
0 0.915 0.345 0.0009837083089 1
0 0.915 0.355 0.0009019430615 1
0 0.915 0.365 0.0008216583432 2
0 0.915 0.375 0.0007241780771 2
0 0.915 0.385 0.000620481484 2
0 0.915 0.395 0.0005164250496 2
0 0.915 0.405 0.0004123047438 2
0 0.915 0.415 0.0003078962473 2
0 0.915 0.425 0.0002057201685 2
0 0.915 0.435 0.000103974207 2
0 0.915 0.445 4.050010825e-05 1
0 0.915 0.455 -2.721448511e-06 1
0 0.915 0.465 -2.307033026e-05 1
0 0.915 0.475 -3.95238035e-05 1
0 0.915 0.485 -4.154531928e-05 1
0 0.915 0.495 -3.532059414e-05 1
0 0.915 0.505 0 1
0 0.915 0.515 0 1
0 0.915 0.525 0 1
0 0.915 0.535 0 1
0 0.915 0.545 0 1
0 0.915 0.555 0 1
0 0.915 0.565 0 2
0 0.925 -0.555 0 2
0 0.925 -0.545 0 2
0 0.925 -0.535 0 2
0 0.925 -0.525 0 2
0 0.925 -0.515 0 2
0 0.925 -0.505 0 2
0 0.925 -0.495 -9.841348938e-05 2
0 0.925 -0.485 -0.0001260172612 2
0 0.925 -0.475 -0.0001370139955 2
0 0.925 -0.465 -0.0001225507734 2
0 0.925 -0.455 -9.02530229e-05 2
0 0.925 -0.445 -4.194552779e-05 2
0 0.925 -0.435 1.9549119e-05 2
0 0.925 -0.425 9.254028502e-05 2
0 0.925 -0.415 0.0001760141626 2
0 0.925 -0.405 0.0002706138144 2
0 0.925 -0.395 0.0003778686147 2
0 0.925 -0.385 0.0005099585082 2
0 0.925 -0.375 0.0006552219049 2
0 0.925 -0.365 0.0008217612075 1
0 0.925 -0.355 0.0009122350422 1
0 0.925 -0.345 0.000983344931 1
0 0.925 -0.335 0.001037242645 1
0 0.925 -0.325 0.001085939221 1
0 0.925 -0.315 0.001129075691 1
0 0.925 -0.305 0.001167985621 1
0 0.925 -0.295 0.001203723425 1
0 0.925 -0.285 0.00123853484 1
0 0.925 -0.275 0.001268618897 1
0 0.925 -0.265 0.001306032311 1
0 0.925 -0.255 0.001344940605 2
0 0.925 -0.245 0.001425886985 2
0 0.925 -0.235 0.001511212647 2
0 0.925 -0.225 0.001588515449 2
0 0.925 -0.215 0.00165912944 2
0 0.925 -0.205 0.001723110894 2
0 0.925 -0.195 0.001780774751 2
0 0.925 -0.185 0.001832353258 2
0 0.925 -0.175 0.001878004465 2
0 0.925 -0.165 0.001917854644 2
0 0.925 -0.155 0.001952006695 2
0 0.925 -0.145 0.001980562922 2
0 0.925 -0.135 0.002003644108 2
0 0.925 -0.125 0.0020214021 2
0 0.925 -0.115 0.002034026414 2
0 0.925 -0.105 0.002041644382 2
0 0.925 -0.095 0.002044214532 2
0 0.925 -0.085 0.002040747874 2
0 0.925 -0.075 0.002027314609 2
0 0.925 -0.065 0.002000773797 2
0 0.925 -0.055 0.001959006305 2
0 0.925 -0.045 0.001992139383 1
0 0.925 -0.035 0.002052307271 1
0 0.925 -0.025 0.002119471839 1
0 0.925 -0.015 0.002185108932 1
0 0.925 -0.005 0.002245713635 1
0 0.925 0.005 0.002293275907 1
0 0.925 0.015 0.002323846107 1
0 0.925 0.025 0.002337466852 1
0 0.925 0.035 0.002340425544 1
0 0.925 0.045 0.002333998146 1
0 0.925 0.055 0.002319809522 1
0 0.925 0.065 0.002291302668 1
0 0.925 0.075 0.002231405598 2
0 0.925 0.085 0.002167365406 2
0 0.925 0.095 0.002094893315 2
0 0.925 0.105 0.002022808325 2
0 0.925 0.115 0.001950422358 2
0 0.925 0.125 0.001885314099 2
0 0.925 0.135 0.00185465886 1
0 0.925 0.145 0.001802138252 1
0 0.925 0.155 0.001758258041 1
0 0.925 0.165 0.001710317981 1
0 0.925 0.175 0.00166050634 1
0 0.925 0.185 0.001606189631 1
0 0.925 0.195 0.001554766543 1
0 0.925 0.205 0.001504145904 1
0 0.925 0.215 0.00144320453 1
0 0.925 0.225 0.001383274699 1
0 0.925 0.235 0.00135104058 2
0 0.925 0.245 0.001336451667 2
0 0.925 0.255 0.001291797136 2
0 0.925 0.265 0.001250074688 2
0 0.925 0.275 0.001218952361 1
0 0.925 0.285 0.001167041541 1
0 0.925 0.295 0.001111905213 1
0 0.925 0.305 0.001050625848 1
0 0.925 0.315 0.0009847195522 1
0 0.925 0.325 0.0009158633052 1
0 0.925 0.335 0.0008468102968 1
0 0.925 0.345 0.0007785735629 1
0 0.925 0.355 0.0007065711399 1
0 0.925 0.365 0.0006122393786 2
0 0.925 0.375 0.0005181501139 2
0 0.925 0.385 0.0004210402057 2
0 0.925 0.395 0.0003307347407 2
0 0.925 0.405 0.0002440862683 2
0 0.925 0.415 0.0001590393001 2
0 0.925 0.425 7.812863846e-05 2
0 0.925 0.435 3.520144369e-08 2
0 0.925 0.445 -5.410430097e-05 2
0 0.925 0.455 -7.542658106e-05 1
0 0.925 0.465 -8.260468621e-05 1
0 0.925 0.475 -8.335295519e-05 1
0 0.925 0.485 -7.104986983e-05 1
0 0.925 0.495 -5.234643794e-05 1
0 0.925 0.505 0 1
0 0.925 0.515 0 1
0 0.925 0.525 0 1
0 0.925 0.535 0 1
0 0.925 0.545 0 1
0 0.925 0.555 0 1
0 0.925 0.565 0 1
0 0.935 -0.555 0 2
0 0.935 -0.545 0 2
0 0.935 -0.535 0 2
0 0.935 -0.525 0 2
0 0.935 -0.515 0 2
0 0.935 -0.505 0 2
0 0.935 -0.495 -0.000116330737 2
0 0.935 -0.485 -0.0001579449093 2
0 0.935 -0.475 -0.0001844690867 2
0 0.935 -0.465 -0.0001853642694 2
0 0.935 -0.455 -0.0001684011952 2
0 0.935 -0.445 -0.0001350784606 2
0 0.935 -0.435 -8.818220113e-05 2
0 0.935 -0.425 -2.928002122e-05 2
0 0.935 -0.415 4.066751346e-05 2
0 0.935 -0.405 0.00012251447 2
0 0.935 -0.395 0.0002173467243 2
0 0.935 -0.385 0.0003363039352 2
0 0.935 -0.375 0.0004687479682 2
0 0.935 -0.365 0.0006081121509 2
0 0.935 -0.355 0.0007227259329 1
0 0.935 -0.345 0.000795929476 1
0 0.935 -0.335 0.000847480706 1
0 0.935 -0.325 0.0008945604459 1
0 0.935 -0.315 0.0009337880603 1
0 0.935 -0.305 0.0009588386642 1
0 0.935 -0.295 0.0009819736441 1
0 0.935 -0.285 0.001011553636 1
0 0.935 -0.275 0.001032731344 1
0 0.935 -0.265 0.001055172847 1
0 0.935 -0.255 0.001044530258 2
0 0.935 -0.245 0.001091417286 2
0 0.935 -0.235 0.001152656564 2
0 0.935 -0.225 0.001214383999 2
0 0.935 -0.215 0.001273242667 2
0 0.935 -0.205 0.001327517281 2
0 0.935 -0.195 0.001376788196 2
0 0.935 -0.185 0.00142090821 2
0 0.935 -0.175 0.001459878885 2
0 0.935 -0.165 0.001493755206 2
0 0.935 -0.155 0.001522618407 2
0 0.935 -0.145 0.001546579068 2
0 0.935 -0.135 0.001565798055 2
0 0.935 -0.125 0.001580519054 2
0 0.935 -0.115 0.001591118823 2
0 0.935 -0.105 0.001598094086 2
0 0.935 -0.095 0.001602132071 2
0 0.935 -0.085 0.001603483808 2
0 0.935 -0.075 0.001601192387 2
0 0.935 -0.065 0.001597002578 2
0 0.935 -0.055 0.001590873483 1
0 0.935 -0.045 0.001652591466 1
0 0.935 -0.035 0.001707554051 1
0 0.935 -0.025 0.001765015103 1
0 0.935 -0.015 0.001819262645 1
0 0.935 -0.005 0.00186704092 1
0 0.935 0.005 0.001903778449 1
0 0.935 0.015 0.001927969273 1
0 0.935 0.025 0.001940246339 1
0 0.935 0.035 0.001943175174 1
0 0.935 0.045 0.001937043088 1
0 0.935 0.055 0.001921613861 1
0 0.935 0.065 0.001890053534 1
0 0.935 0.075 0.001812061237 2
0 0.935 0.085 0.001736073951 2
0 0.935 0.095 0.001660539113 2
0 0.935 0.105 0.001596885326 2
0 0.935 0.115 0.00154479743 2
0 0.935 0.125 0.001513791869 2
0 0.935 0.135 0.001537484959 1
0 0.935 0.145 0.001499486367 1
0 0.935 0.155 0.001456052794 1
0 0.935 0.165 0.001410912262 1
0 0.935 0.175 0.001365770967 1
0 0.935 0.185 0.001318146649 1
0 0.935 0.195 0.001271021447 1
0 0.935 0.205 0.001224977396 1
0 0.935 0.215 0.001175349107 1
0 0.935 0.225 0.001122439003 1
0 0.935 0.235 0.001068227406 1
0 0.935 0.245 0.001032527461 2
0 0.935 0.255 0.0009868974255 2
0 0.935 0.265 0.0009520636657 2
0 0.935 0.275 0.0009609442901 1
0 0.935 0.285 0.0009245445423 1
0 0.935 0.295 0.0008810115757 1
0 0.935 0.305 0.0008307470253 1
0 0.935 0.315 0.0007750763355 1
0 0.935 0.325 0.0007162824773 1
0 0.935 0.335 0.0006557512263 1
0 0.935 0.345 0.0005949972021 1
0 0.935 0.355 0.0005340273579 1
0 0.935 0.365 0.0004368861224 2
0 0.935 0.375 0.0003490674855 2
0 0.935 0.385 0.000255837485 2
0 0.935 0.395 0.0001783408702 2
0 0.935 0.405 0.0001073318055 2
0 0.935 0.415 3.870641111e-05 2
0 0.935 0.425 -2.619492099e-05 2
0 0.935 0.435 -8.410122941e-05 2
0 0.935 0.445 -0.0001270506612 2
0 0.935 0.455 -0.0001366397259 1
0 0.935 0.465 -0.000135350046 1
0 0.935 0.475 -0.000122074709 1
0 0.935 0.485 -9.754637034e-05 1
0 0.935 0.495 -6.804106622e-05 1
0 0.935 0.505 0 1
0 0.935 0.515 0 1
0 0.935 0.525 0 1
0 0.935 0.535 0 1
0 0.935 0.545 0 1
0 0.935 0.555 0 1
0 0.935 0.565 0 1
0 0.945 -0.555 0 2
0 0.945 -0.545 0 2
0 0.945 -0.535 0 2
0 0.945 -0.525 0 2
0 0.945 -0.515 0 2
0 0.945 -0.505 0 2
0 0.945 -0.495 -0.0001260267732 2
0 0.945 -0.485 -0.0001771252903 2
0 0.945 -0.475 -0.0002151047764 2
0 0.945 -0.465 -0.0002281259461 2
0 0.945 -0.455 -0.0002236717996 2
0 0.945 -0.445 -0.000202682745 2
0 0.945 -0.435 -0.0001680274049 2
0 0.945 -0.425 -0.0001212976824 2
0 0.945 -0.415 -6.356984196e-05 2
0 0.945 -0.405 5.803180223e-06 2
0 0.945 -0.395 8.739359994e-05 2
0 0.945 -0.385 0.0001875897361 2
0 0.945 -0.375 0.000301552952 2
0 0.945 -0.365 0.0004186139528 2
0 0.945 -0.355 0.0005197897502 2
0 0.945 -0.345 0.0005895146912 2
0 0.945 -0.335 0.0006632326247 1
0 0.945 -0.325 0.0007097994504 1
0 0.945 -0.315 0.0007482468829 1
0 0.945 -0.305 0.0007674220936 1
0 0.945 -0.295 0.0007827327278 1
0 0.945 -0.285 0.0008044639971 1
0 0.945 -0.275 0.0008115424531 1
0 0.945 -0.265 0.0007895537745 2
0 0.945 -0.255 0.0007698730389 2
0 0.945 -0.245 0.0007948969045 2
0 0.945 -0.235 0.0008381445974 2
0 0.945 -0.225 0.0008860178482 2
0 0.945 -0.215 0.0009338511449 2
0 0.945 -0.205 0.0009788860719 2
0 0.945 -0.195 0.001020139287 2
0 0.945 -0.185 0.001057159712 2
0 0.945 -0.175 0.001089809186 2
0 0.945 -0.165 0.001118073306 2
0 0.945 -0.155 0.001142005199 2
0 0.945 -0.145 0.001161710257 2
0 0.945 -0.135 0.001177367594 2
0 0.945 -0.125 0.001189284245 2
0 0.945 -0.115 0.001197988641 2
0 0.945 -0.105 0.00120435641 2
0 0.945 -0.095 0.001209850429 2
0 0.945 -0.085 0.001216573128 2
0 0.945 -0.075 0.001227892834 2
0 0.945 -0.065 0.001247393832 2
0 0.945 -0.055 0.001284499749 1
0 0.945 -0.045 0.001337255548 1
0 0.945 -0.035 0.001387623836 1
0 0.945 -0.025 0.001438413467 1
0 0.945 -0.015 0.001484124089 1
0 0.945 -0.005 0.001521567833 1
0 0.945 0.005 0.00154803585 1
0 0.945 0.015 0.001564533001 1
0 0.945 0.025 0.001572882354 1
0 0.945 0.035 0.001574713118 1
0 0.945 0.045 0.001569684137 1
0 0.945 0.055 0.001555357707 1
0 0.945 0.065 0.001523336481 1
0 0.945 0.075 0.001433278005 2
0 0.945 0.085 0.00134953047 2
0 0.945 0.095 0.001273105817 2
0 0.945 0.105 0.001217162637 2
0 0.945 0.115 0.00118007388 2
0 0.945 0.125 0.001169861569 2
0 0.945 0.135 0.001203984871 2
0 0.945 0.145 0.001219041317 1
0 0.945 0.155 0.001183045445 1
0 0.945 0.165 0.001139945017 1
0 0.945 0.175 0.001100363711 1
0 0.945 0.185 0.001058701285 1
0 0.945 0.195 0.001016000163 1
0 0.945 0.205 0.0009760444337 1
0 0.945 0.215 0.0009357523082 1
0 0.945 0.225 0.0008966226922 1
0 0.945 0.235 0.0008480733216 1
0 0.945 0.245 0.0007800209252 2
0 0.945 0.255 0.0007236202101 2
0 0.945 0.265 0.0006915790451 2
0 0.945 0.275 0.0007043044194 2
0 0.945 0.285 0.0007122771382 1
0 0.945 0.295 0.000680888905 1
0 0.945 0.305 0.0006397322147 1
0 0.945 0.315 0.0005897798916 1
0 0.945 0.325 0.0005405404998 1
0 0.945 0.335 0.0004885771441 1
0 0.945 0.345 0.0004368045223 1
0 0.945 0.355 0.0003833442945 1
0 0.945 0.365 0.0003031356869 1
0 0.945 0.375 0.0002060060831 2
0 0.945 0.385 0.0001241993193 2
0 0.945 0.395 6.11656241e-05 2
0 0.945 0.405 3.97634871e-06 2
0 0.945 0.415 -5.170817878e-05 2
0 0.945 0.425 -0.0001045973895 2
0 0.945 0.435 -0.0001492865071 2
0 0.945 0.445 -0.0001822004386 2
0 0.945 0.455 -0.0001940421408 2
0 0.945 0.465 -0.0001767152086 1
0 0.945 0.475 -0.0001542980371 1
0 0.945 0.485 -0.0001203605411 1
0 0.945 0.495 -8.094173714e-05 1
0 0.945 0.505 0 1
0 0.945 0.515 0 1
0 0.945 0.525 0 1
0 0.945 0.535 0 1
0 0.945 0.545 0 1
0 0.945 0.555 0 1
0 0.945 0.565 0 1
0 0.955 -0.555 0 2
0 0.955 -0.545 0 2
0 0.955 -0.535 0 2
0 0.955 -0.525 0 2
0 0.955 -0.515 0 2
0 0.955 -0.505 0 2
0 0.955 -0.495 -0.0001264803419 2
0 0.955 -0.485 -0.0001836020686 2
0 0.955 -0.475 -0.0002285207501 2
0 0.955 -0.465 -0.0002496330695 2
0 0.955 -0.455 -0.0002551563006 2
0 0.955 -0.445 -0.0002441062134 2
0 0.955 -0.435 -0.0002195747303 2
0 0.955 -0.425 -0.0001834002669 2
0 0.955 -0.415 -0.0001369753396 2
0 0.955 -0.405 -8.015856063e-05 2
0 0.955 -0.395 -1.268963917e-05 2
0 0.955 -0.385 6.566172655e-05 2
0 0.955 -0.375 0.0001555980167 2
0 0.955 -0.365 0.0002484321151 2
0 0.955 -0.355 0.0003369122648 2
0 0.955 -0.345 0.0004057385953 2
0 0.955 -0.335 0.00046906069 2
0 0.955 -0.325 0.0005105886158 2
0 0.955 -0.315 0.0005437151 2
0 0.955 -0.305 0.0005844969547 1
0 0.955 -0.295 0.0005952638642 1
0 0.955 -0.285 0.0005786831907 2
0 0.955 -0.275 0.0005695397827 2
0 0.955 -0.265 0.0005414425445 2
0 0.955 -0.255 0.0005265236403 2
0 0.955 -0.245 0.0005406108171 2
0 0.955 -0.235 0.0005700963732 2
0 0.955 -0.225 0.000606175341 2
0 0.955 -0.215 0.0006437532846 2
0 0.955 -0.205 0.0006799401821 2
0 0.955 -0.195 0.0007134514637 2
0 0.955 -0.185 0.0007436441738 2
0 0.955 -0.175 0.0007702682717 2
0 0.955 -0.165 0.0007932476487 2
0 0.955 -0.155 0.000812603095 2
0 0.955 -0.145 0.0008284237636 2
0 0.955 -0.135 0.0008408870741 2
0 0.955 -0.125 0.0008503298909 2
0 0.955 -0.115 0.0008573775099 2
0 0.955 -0.105 0.0008632089236 2
0 0.955 -0.095 0.0008699550514 2
0 0.955 -0.085 0.0008813431951 2
0 0.955 -0.075 0.0009068578008 2
0 0.955 -0.065 0.0009477997635 2
0 0.955 -0.055 0.001013782691 1
0 0.955 -0.045 0.001057562797 1
0 0.955 -0.035 0.001099551911 1
0 0.955 -0.025 0.001142478717 1
0 0.955 -0.015 0.001181914421 1
0 0.955 -0.005 0.001210698246 1
0 0.955 0.005 0.001226683588 1
0 0.955 0.015 0.001234776771 1
0 0.955 0.025 0.001238401068 1
0 0.955 0.035 0.001238844752 1
0 0.955 0.045 0.001236833405 1
0 0.955 0.055 0.001227894559 1
0 0.955 0.065 0.001202097748 1
0 0.955 0.075 0.001096117979 2
0 0.955 0.085 0.00100713326 2
0 0.955 0.095 0.0009335945494 2
0 0.955 0.105 0.0008854579217 2
0 0.955 0.115 0.0008586375188 2
0 0.955 0.125 0.0008564512967 2
0 0.955 0.135 0.0008845743253 2
0 0.955 0.145 0.000915770953 2
0 0.955 0.155 0.0009328381571 1
0 0.955 0.165 0.000903365077 1
0 0.955 0.175 0.000871545528 1
0 0.955 0.185 0.0008314786601 1
0 0.955 0.195 0.0007870516714 1
0 0.955 0.205 0.0007556698716 1
0 0.955 0.215 0.000729095765 1
0 0.955 0.225 0.000703137644 1
0 0.955 0.235 0.0006590733525 1
0 0.955 0.245 0.0005669102809 2
0 0.955 0.255 0.0005023165723 2
0 0.955 0.265 0.0004658372676 2
0 0.955 0.275 0.0004704537448 2
0 0.955 0.285 0.0004870465381 2
0 0.955 0.295 0.0004988354376 1
0 0.955 0.305 0.0004738183464 1
0 0.955 0.315 0.0004353114861 1
0 0.955 0.325 0.0003970395004 1
0 0.955 0.335 0.0003526039219 1
0 0.955 0.345 0.000304766223 1
0 0.955 0.355 0.0002504752694 1
0 0.955 0.365 0.0001810060801 1
0 0.955 0.375 8.769768401e-05 2
0 0.955 0.385 2.737226288e-05 2
0 0.955 0.395 -1.858488723e-05 2
0 0.955 0.405 -6.347270837e-05 2
0 0.955 0.415 -0.0001113287292 2
0 0.955 0.425 -0.0001564570742 2
0 0.955 0.435 -0.0001930555178 2
0 0.955 0.445 -0.0002178985766 2
0 0.955 0.455 -0.0002263715418 2
0 0.955 0.465 -0.0002153496465 2
0 0.955 0.475 -0.0001796304487 1
0 0.955 0.485 -0.000139264193 1
0 0.955 0.495 -9.212854341e-05 1
0 0.955 0.505 0 1
0 0.955 0.515 0 1
0 0.955 0.525 0 1
0 0.955 0.535 0 1
0 0.955 0.545 0 1
0 0.955 0.555 0 1
0 0.955 0.565 0 1
0 0.965 -0.555 0 2
0 0.965 -0.545 0 2
0 0.965 -0.535 0 2
0 0.965 -0.525 0 2
0 0.965 -0.515 0 2
0 0.965 -0.505 0 2
0 0.965 -0.495 -0.0001178230397 2
0 0.965 -0.485 -0.0001729832048 2
0 0.965 -0.475 -0.0002193317314 2
0 0.965 -0.465 -0.0002486251297 2
0 0.965 -0.455 -0.0002616291678 2
0 0.965 -0.445 -0.0002573661053 2
0 0.965 -0.435 -0.0002411745612 2
0 0.965 -0.425 -0.0002142803451 2
0 0.965 -0.415 -0.0001785047424 2
0 0.965 -0.405 -0.0001343436665 2
0 0.965 -0.395 -8.184695113e-05 2
0 0.965 -0.385 -2.152569822e-05 2
0 0.965 -0.375 4.449270188e-05 2
0 0.965 -0.365 0.0001111859041 2
0 0.965 -0.355 0.000178543385 2
0 0.965 -0.345 0.0002392131675 2
0 0.965 -0.335 0.0002933566602 2
0 0.965 -0.325 0.0003325114238 2
0 0.965 -0.315 0.0003644564688 2
0 0.965 -0.305 0.0003919930359 2
0 0.965 -0.295 0.0003911492838 2
0 0.965 -0.285 0.0003674231231 2
0 0.965 -0.275 0.000350949544 2
0 0.965 -0.265 0.0003292271721 2
0 0.965 -0.255 0.0003216808869 2
0 0.965 -0.245 0.0003312116264 2
0 0.965 -0.235 0.0003511010628 2
0 0.965 -0.225 0.0003771752538 2
0 0.965 -0.215 0.0004053190402 2
0 0.965 -0.205 0.0004330670463 2
0 0.965 -0.195 0.0004590836332 2
0 0.965 -0.185 0.0004826669159 2
0 0.965 -0.175 0.000503504574 2
0 0.965 -0.165 0.0005214787356 2
0 0.965 -0.155 0.0005365818319 2
0 0.965 -0.145 0.0005488825847 2
0 0.965 -0.135 0.0005585426545 2
0 0.965 -0.125 0.0005658935397 2
0 0.965 -0.115 0.0005715831636 2
0 0.965 -0.105 0.0005769124151 2
0 0.965 -0.095 0.0005843923114 2
0 0.965 -0.085 0.0005985328769 2
0 0.965 -0.075 0.0006311281485 2
0 0.965 -0.065 0.0006838477874 2
0 0.965 -0.055 0.0007687799652 1
0 0.965 -0.045 0.0008063876359 1
0 0.965 -0.035 0.0008408000297 1
0 0.965 -0.025 0.000878074575 1
0 0.965 -0.015 0.0009190881726 1
0 0.965 -0.005 0.0009414087267 1
0 0.965 0.005 0.0009414940785 1
0 0.965 0.015 0.0009381467928 1
0 0.965 0.025 0.0009365911444 1
0 0.965 0.035 0.0009361011883 1
0 0.965 0.045 0.0009355517789 1
0 0.965 0.055 0.0009304443564 1
0 0.965 0.065 0.0009128161708 1
0 0.965 0.075 0.0007941615762 2
0 0.965 0.085 0.0007084065989 2
0 0.965 0.095 0.0006433837739 2
0 0.965 0.105 0.0006036502798 2
0 0.965 0.115 0.0005824998023 2
0 0.965 0.125 0.0005802101483 2
0 0.965 0.135 0.0005972203935 2
0 0.965 0.145 0.0006277162421 2
0 0.965 0.155 0.0006585977733 2
0 0.965 0.165 0.0006783215344 1
0 0.965 0.175 0.0006587235882 1
0 0.965 0.185 0.0006272836284 1
0 0.965 0.195 0.0005902888349 1
0 0.965 0.205 0.0005676057212 1
0 0.965 0.215 0.0005478595545 1
0 0.965 0.225 0.0005269511171 1
0 0.965 0.235 0.0004827108477 1
0 0.965 0.245 0.0003823484042 2
0 0.965 0.255 0.0003191440773 2
0 0.965 0.265 0.000280656359 2
0 0.965 0.275 0.000274316419 2
0 0.965 0.285 0.000286829118 2
0 0.965 0.295 0.0003049325148 2
0 0.965 0.305 0.0003002588486 2
0 0.965 0.315 0.0002985366809 1
0 0.965 0.325 0.00027009391 1
0 0.965 0.335 0.0002339070595 1
0 0.965 0.345 0.0001873363883 1
0 0.965 0.355 0.0001352435126 1
0 0.965 0.365 6.90820642e-05 2
0 0.965 0.375 1.172175388e-05 2
0 0.965 0.385 -3.119197579e-05 2
0 0.965 0.395 -6.592581112e-05 2
0 0.965 0.405 -9.939536251e-05 2
0 0.965 0.415 -0.0001400095475 2
0 0.965 0.425 -0.0001802215846 2
0 0.965 0.435 -0.0002124690272 2
0 0.965 0.445 -0.0002326795644 2
0 0.965 0.455 -0.0002390744449 2
0 0.965 0.465 -0.0002295826374 2
0 0.965 0.475 -0.0002037726545 2
0 0.965 0.485 -0.0001616930948 2
0 0.965 0.495 -0.0001014521342 1
0 0.965 0.505 0 1
0 0.965 0.515 0 1
0 0.965 0.525 0 1
0 0.965 0.535 0 1
0 0.965 0.545 0 1
0 0.965 0.555 0 1
0 0.965 0.565 0 1
0 0.975 -0.555 0 2
0 0.975 -0.545 0 2
0 0.975 -0.535 0 1
0 0.975 -0.525 0 1
0 0.975 -0.515 0 1
0 0.975 -0.505 0 1
0 0.975 -0.495 -9.653531664e-05 1
0 0.975 -0.485 -0.0001484127336 2
0 0.975 -0.475 -0.0001883444196 2
0 0.975 -0.465 -0.0002225716236 2
0 0.975 -0.455 -0.0002428715641 2
0 0.975 -0.445 -0.0002451781328 2
0 0.975 -0.435 -0.0002347823359 2
0 0.975 -0.425 -0.0002160846707 2
0 0.975 -0.415 -0.0001903191592 2
0 0.975 -0.405 -0.0001583571906 2
0 0.975 -0.395 -0.000120541904 2
0 0.975 -0.385 -7.747327003e-05 2
0 0.975 -0.375 -3.05229641e-05 2
0 0.975 -0.365 1.743270113e-05 2
0 0.975 -0.355 6.399906452e-05 2
0 0.975 -0.345 0.0001055989506 2
0 0.975 -0.335 0.0001417297127 2
0 0.975 -0.325 0.0001745818274 2
0 0.975 -0.315 0.0002032773804 2
0 0.975 -0.305 0.0002202587864 2
0 0.975 -0.295 0.0002126174735 2
0 0.975 -0.285 0.000190811771 2
0 0.975 -0.275 0.0001776458901 2
0 0.975 -0.265 0.0001673441547 2
0 0.975 -0.255 0.0001633857818 2
0 0.975 -0.245 0.0001689098058 2
0 0.975 -0.235 0.0001819464022 2
0 0.975 -0.225 0.0001997334219 2
0 0.975 -0.215 0.0002195254661 2
0 0.975 -0.205 0.0002394808339 2
0 0.975 -0.195 0.0002584426009 2
0 0.975 -0.185 0.0002757742344 2
0 0.975 -0.175 0.0002911631922 2
0 0.975 -0.165 0.0003044786922 2
0 0.975 -0.155 0.0003156969467 2
0 0.975 -0.145 0.0003248700525 2
0 0.975 -0.135 0.0003321391996 2
0 0.975 -0.125 0.0003378042222 2
0 0.975 -0.115 0.0003424655957 2
0 0.975 -0.105 0.0003473369423 2
0 0.975 -0.095 0.0003548755073 2
0 0.975 -0.085 0.0003693638164 2
0 0.975 -0.075 0.000401984181 2
0 0.975 -0.065 0.0004556904817 2
0 0.975 -0.055 0.0005529648512 1
0 0.975 -0.045 0.0005891275499 1
0 0.975 -0.035 0.0006193152679 1
0 0.975 -0.025 0.0006480076259 1
0 0.975 -0.015 0.0006833493801 1
0 0.975 -0.005 0.0006989714614 1
0 0.975 0.005 0.0006895217397 1
0 0.975 0.015 0.00067680383 1
0 0.975 0.025 0.0006709658713 1
0 0.975 0.035 0.0006704903102 1
0 0.975 0.045 0.0006729684062 1
0 0.975 0.055 0.0006722455645 1
0 0.975 0.065 0.000626277893 2
0 0.975 0.075 0.0005325103937 2
0 0.975 0.085 0.0004582579617 2
0 0.975 0.095 0.0004049042055 2
0 0.975 0.105 0.0003739093997 2
0 0.975 0.115 0.0003577356621 2
0 0.975 0.125 0.0003550241061 2
0 0.975 0.135 0.0003646376625 2
0 0.975 0.145 0.0003832641178 2
0 0.975 0.155 0.000410332349 2
0 0.975 0.165 0.0004357158341 2
0 0.975 0.175 0.0004315865035 2
0 0.975 0.185 0.000413190978 2
0 0.975 0.195 0.0004127736529 1
0 0.975 0.205 0.0003976743636 1
0 0.975 0.215 0.0003824287595 1
0 0.975 0.225 0.0003430537927 2
0 0.975 0.235 0.0003061323318 2
0 0.975 0.245 0.0002342766809 2
0 0.975 0.255 0.0001776702953 2
0 0.975 0.265 0.0001412611361 2
0 0.975 0.275 0.0001299149498 2
0 0.975 0.285 0.0001330270556 2
0 0.975 0.295 0.0001451216368 2
0 0.975 0.305 0.0001487127646 2
0 0.975 0.315 0.000153752547 2
0 0.975 0.325 0.0001401855846 2
0 0.975 0.335 0.0001162039333 2
0 0.975 0.345 7.880635544e-05 2
0 0.975 0.355 3.852477912e-05 2
0 0.975 0.365 -2.504356507e-06 2
0 0.975 0.375 -2.569203578e-05 1
0 0.975 0.385 -5.58228322e-05 1
0 0.975 0.395 -8.04148039e-05 1
0 0.975 0.405 -0.000111364317 2
0 0.975 0.415 -0.0001423641399 2
0 0.975 0.425 -0.0001772761558 2
0 0.975 0.435 -0.0002069020216 2
0 0.975 0.445 -0.0002252521086 2
0 0.975 0.455 -0.0002304961454 2
0 0.975 0.465 -0.000223353358 2
0 0.975 0.475 -0.0002024325536 2
0 0.975 0.485 -0.0001644108589 2
0 0.975 0.495 -0.0001164835536 2
0 0.975 0.505 0 2
0 0.975 0.515 0 1
0 0.975 0.525 0 1
0 0.975 0.535 0 1
0 0.975 0.545 0 1
0 0.975 0.555 0 1
0 0.975 0.565 0 1
0 0.985 -0.555 0 2
0 0.985 -0.545 0 1
0 0.985 -0.535 0 1
0 0.985 -0.525 0 1
0 0.985 -0.515 0 1
0 0.985 -0.505 0 1
0 0.985 -0.495 -7.47636158e-05 1
0 0.985 -0.485 -0.0001029035561 1
0 0.985 -0.475 -0.0001292966896 1
0 0.985 -0.465 -0.000164082255 2
0 0.985 -0.455 -0.0001875738888 2
0 0.985 -0.445 -0.0001975913121 2
0 0.985 -0.435 -0.00019239725 2
0 0.985 -0.425 -0.0001800112522 2
0 0.985 -0.415 -0.0001640502312 2
0 0.985 -0.405 -0.0001439725083 2
0 0.985 -0.395 -0.0001201945347 2
0 0.985 -0.385 -9.324112862e-05 2
0 0.985 -0.375 -6.400811681e-05 2
0 0.985 -0.365 -3.39995323e-05 2
0 0.985 -0.355 -4.68639411e-06 2
0 0.985 -0.345 2.217809554e-05 2
0 0.985 -0.335 4.58428149e-05 2
0 0.985 -0.325 6.541835498e-05 2
0 0.985 -0.315 7.973013671e-05 2
0 0.985 -0.305 8.668025207e-05 2
0 0.985 -0.295 8.349309111e-05 2
0 0.985 -0.285 7.351350529e-05 2
0 0.985 -0.275 6.435965947e-05 2
0 0.985 -0.265 5.745117486e-05 2
0 0.985 -0.255 5.524969702e-05 2
0 0.985 -0.245 5.844805139e-05 2
0 0.985 -0.235 6.617619276e-05 2
0 0.985 -0.225 7.697816171e-05 2
0 0.985 -0.215 8.928562345e-05 2
0 0.985 -0.205 0.0001019276576 2
0 0.985 -0.195 0.0001141026664 2
0 0.985 -0.185 0.0001253439214 2
0 0.985 -0.175 0.0001354051133 2
0 0.985 -0.165 0.0001441771003 2
0 0.985 -0.155 0.0001516362003 2
0 0.985 -0.145 0.0001578229718 2
0 0.985 -0.135 0.000162852455 2
0 0.985 -0.125 0.0001669642952 2
0 0.985 -0.115 0.0001706357232 2
0 0.985 -0.105 0.0001747911151 2
0 0.985 -0.095 0.0001813444364 2
0 0.985 -0.085 0.0001933747457 2
0 0.985 -0.075 0.0002202291221 2
0 0.985 -0.065 0.0002637343586 2
0 0.985 -0.055 0.0003308030725 2
0 0.985 -0.045 0.0003864703282 1
0 0.985 -0.035 0.0004109367107 1
0 0.985 -0.025 0.0004309323171 1
0 0.985 -0.015 0.00042765457 2
0 0.985 -0.005 0.0004380300519 2
0 0.985 0.005 0.0004588084503 1
0 0.985 0.015 0.0004462534371 1
0 0.985 0.025 0.0004417944739 1
0 0.985 0.035 0.0004410835339 1
0 0.985 0.045 0.0004417499269 1
0 0.985 0.055 0.0004391380497 1
0 0.985 0.065 0.0003711192336 2
0 0.985 0.075 0.0003071202363 2
0 0.985 0.085 0.0002549231954 2
0 0.985 0.095 0.0002179432017 2
0 0.985 0.105 0.0001965134749 2
0 0.985 0.115 0.0001850797811 2
0 0.985 0.125 0.0001824721854 2
0 0.985 0.135 0.0001874363421 2
0 0.985 0.145 0.0001977876222 2
0 0.985 0.155 0.000212978464 2
0 0.985 0.165 0.0002286056721 2
0 0.985 0.175 0.0002258464 2
0 0.985 0.185 0.0002145799887 2
0 0.985 0.195 0.000219264702 2
0 0.985 0.205 0.0002182636219 2
0 0.985 0.215 0.0002143827547 2
0 0.985 0.225 0.0001932266545 2
0 0.985 0.235 0.0001669578069 2
0 0.985 0.245 0.0001180010589 2
0 0.985 0.255 7.556857793e-05 2
0 0.985 0.265 4.778951288e-05 2
0 0.985 0.275 3.697270814e-05 2
0 0.985 0.285 3.587990371e-05 2
0 0.985 0.295 3.852263529e-05 2
0 0.985 0.305 4.071840896e-05 2
0 0.985 0.315 4.733210055e-05 2
0 0.985 0.325 4.587312385e-05 2
0 0.985 0.335 3.17839505e-05 2
0 0.985 0.345 6.266559401e-06 2
0 0.985 0.355 -1.903071064e-05 2
0 0.985 0.365 -3.143912813e-05 1
0 0.985 0.375 -4.536617975e-05 1
0 0.985 0.385 -5.994059158e-05 1
0 0.985 0.395 -7.133889308e-05 1
0 0.985 0.405 -8.609922279e-05 1
0 0.985 0.415 -0.00011672599 2
0 0.985 0.425 -0.0001430462555 2
0 0.985 0.435 -0.000167565619 2
0 0.985 0.445 -0.0001839577331 2
0 0.985 0.455 -0.0001894345357 2
0 0.985 0.465 -0.0001841162353 2
0 0.985 0.475 -0.000169813881 2
0 0.985 0.485 -0.0001425780303 2
0 0.985 0.495 -0.0001075294184 2
0 0.985 0.505 0 2
0 0.985 0.515 0 2
0 0.985 0.525 0 1
0 0.985 0.535 0 1
0 0.985 0.545 0 1
0 0.985 0.555 0 1
0 0.985 0.565 0 1
0 0.995 -0.555 0 2
0 0.995 -0.545 0 1
0 0.995 -0.535 0 1
0 0.995 -0.525 0 1
0 0.995 -0.515 0 1
0 0.995 -0.505 0 1
0 0.995 -0.495 -5.410976377e-05 1
0 0.995 -0.485 -7.063005905e-05 1
0 0.995 -0.475 -8.642520099e-05 1
0 0.995 -0.465 -9.893354838e-05 1
0 0.995 -0.455 -0.0001252161443 2
0 0.995 -0.445 -0.000139998215 2
0 0.995 -0.435 -0.0001388846289 2
0 0.995 -0.425 -0.0001320059765 2
0 0.995 -0.415 -0.0001239607962 2
0 0.995 -0.405 -0.0001134635522 2
0 0.995 -0.395 -0.0001008254505 2
0 0.995 -0.385 -8.641829565e-05 2
0 0.995 -0.375 -7.080522967e-05 2
0 0.995 -0.365 -5.479794896e-05 2
0 0.995 -0.355 -3.921458416e-05 2
0 0.995 -0.345 -2.482451176e-05 2
0 0.995 -0.335 -1.208556027e-05 2
0 0.995 -0.325 -1.598400425e-06 2
0 0.995 -0.315 5.689160436e-06 2
0 0.995 -0.305 8.673591787e-06 2
0 0.995 -0.295 6.709456367e-06 2
0 0.995 -0.285 1.604475757e-06 2
0 0.995 -0.275 -3.332128269e-06 2
0 0.995 -0.265 -6.86494734e-06 2
0 0.995 -0.255 -7.957890091e-06 2
0 0.995 -0.245 -6.373107329e-06 2
0 0.995 -0.235 -2.449344381e-06 2
0 0.995 -0.225 3.164833062e-06 2
0 0.995 -0.215 9.711651197e-06 2
0 0.995 -0.205 1.656493353e-05 2
0 0.995 -0.195 2.327338776e-05 2
0 0.995 -0.185 2.955566119e-05 2
0 0.995 -0.175 3.525307277e-05 2
0 0.995 -0.165 4.029206475e-05 2
0 0.995 -0.155 4.465758871e-05 2
0 0.995 -0.145 4.838308648e-05 2
0 0.995 -0.135 5.155899115e-05 2
0 0.995 -0.125 5.436282445e-05 2
0 0.995 -0.115 5.713591915e-05 2
0 0.995 -0.105 6.048453598e-05 2
0 0.995 -0.095 6.567672571e-05 2
0 0.995 -0.085 7.448035629e-05 2
0 0.995 -0.075 9.262866171e-05 2
0 0.995 -0.065 0.0001214435898 2
0 0.995 -0.055 0.0001615235508 2
0 0.995 -0.045 0.0001977070027 2
0 0.995 -0.035 0.0002143176273 2
0 0.995 -0.025 0.0002239427571 2
0 0.995 -0.015 0.0002203937701 2
0 0.995 -0.005 0.0002263140528 2
0 0.995 0.005 0.0002401822316 2
0 0.995 0.015 0.0002568317364 1
0 0.995 0.025 0.0002540538776 1
0 0.995 0.035 0.0002528646033 1
0 0.995 0.045 0.0002507280095 1
0 0.995 0.055 0.0002207581496 2
0 0.995 0.065 0.0001760256122 2
0 0.995 0.075 0.0001387384957 2
0 0.995 0.085 0.0001088649109 2
0 0.995 0.095 8.878708609e-05 2
0 0.995 0.105 7.57953388e-05 2
0 0.995 0.115 6.858912984e-05 2
0 0.995 0.125 6.640330171e-05 2
0 0.995 0.135 6.842411862e-05 2
0 0.995 0.145 7.374790206e-05 2
0 0.995 0.155 8.088892381e-05 2
0 0.995 0.165 8.361555208e-05 2
0 0.995 0.175 7.723442717e-05 2
0 0.995 0.185 7.010540451e-05 2
0 0.995 0.195 7.926340876e-05 2
0 0.995 0.205 8.599058472e-05 2
0 0.995 0.215 8.635506031e-05 2
0 0.995 0.225 7.340910336e-05 2
0 0.995 0.235 5.813036462e-05 2
0 0.995 0.245 3.286950442e-05 2
0 0.995 0.255 1.126378409e-05 2
0 0.995 0.265 -5.875852788e-06 2
0 0.995 0.275 -1.548625614e-05 2
0 0.995 0.285 -1.783403673e-05 2
0 0.995 0.295 -1.679199312e-05 2
0 0.995 0.305 -1.496689843e-05 2
0 0.995 0.315 -1.262382668e-05 2
0 0.995 0.325 -1.357018297e-05 2
0 0.995 0.335 -2.288923012e-05 2
0 0.995 0.345 -3.921716368e-05 2
0 0.995 0.355 -5.094276451e-05 2
0 0.995 0.365 -4.73811467e-05 1
0 0.995 0.375 -4.834285175e-05 1
0 0.995 0.385 -5.088399745e-05 1
0 0.995 0.395 -5.415924578e-05 1
0 0.995 0.405 -6.170394163e-05 1
0 0.995 0.415 -7.244435459e-05 1
0 0.995 0.425 -0.0001010502642 2
0 0.995 0.435 -0.0001215239976 2
0 0.995 0.445 -0.0001341804438 2
0 0.995 0.455 -0.0001386334713 2
0 0.995 0.465 -0.0001348779634 2
0 0.995 0.475 -0.0001262294119 2
0 0.995 0.485 -0.000109732405 2
0 0.995 0.495 -8.849414543e-05 2
0 0.995 0.505 0 2
0 0.995 0.515 0 2
0 0.995 0.525 0 2
0 0.995 0.535 0 2
0 0.995 0.545 0 2
0 0.995 0.555 0 1
0 0.995 0.565 0 1
0 1.005 -0.555 0 2
0 1.005 -0.545 0 1
0 1.005 -0.535 0 1
0 1.005 -0.525 0 1
0 1.005 -0.515 0 1
0 1.005 -0.505 0 1
0 1.005 -0.495 0 1
0 1.005 -0.485 0 1
0 1.005 -0.475 0 1
0 1.005 -0.465 0 1
0 1.005 -0.455 0 1
0 1.005 -0.445 0 2
0 1.005 -0.435 0 2
0 1.005 -0.425 0 2
0 1.005 -0.415 0 2
0 1.005 -0.405 0 2
0 1.005 -0.395 0 2
0 1.005 -0.385 0 2
0 1.005 -0.375 0 2
0 1.005 -0.365 0 2
0 1.005 -0.355 0 2
0 1.005 -0.345 0 2
0 1.005 -0.335 0 2
0 1.005 -0.325 0 2
0 1.005 -0.315 0 2
0 1.005 -0.305 0 2
0 1.005 -0.295 0 2
0 1.005 -0.285 0 2
0 1.005 -0.275 0 2
0 1.005 -0.265 0 2
0 1.005 -0.255 0 2
0 1.005 -0.245 0 2
0 1.005 -0.235 0 2
0 1.005 -0.225 0 2
0 1.005 -0.215 0 2
0 1.005 -0.205 0 2
0 1.005 -0.195 0 2
0 1.005 -0.185 0 2
0 1.005 -0.175 0 2
0 1.005 -0.165 0 2
0 1.005 -0.155 0 2
0 1.005 -0.145 0 2
0 1.005 -0.135 0 2
0 1.005 -0.125 0 2
0 1.005 -0.115 0 2
0 1.005 -0.105 0 2
0 1.005 -0.095 0 2
0 1.005 -0.085 0 2
0 1.005 -0.075 0 2
0 1.005 -0.065 0 2
0 1.005 -0.055 0 2
0 1.005 -0.045 0 2
0 1.005 -0.035 0 2
0 1.005 -0.025 0 2
0 1.005 -0.015 0 2
0 1.005 -0.005 0 2
0 1.005 0.005 0 2
0 1.005 0.015 0 2
0 1.005 0.025 0 2
0 1.005 0.035 0 2
0 1.005 0.045 0 2
0 1.005 0.055 0 2
0 1.005 0.065 0 2
0 1.005 0.075 0 2
0 1.005 0.085 0 2
0 1.005 0.095 0 2
0 1.005 0.105 0 2
0 1.005 0.115 0 2
0 1.005 0.125 0 2
0 1.005 0.135 0 2
0 1.005 0.145 0 2
0 1.005 0.155 0 2
0 1.005 0.165 0 2
0 1.005 0.175 0 2
0 1.005 0.185 0 1
0 1.005 0.195 0 1
0 1.005 0.205 0 1
0 1.005 0.215 0 1
0 1.005 0.225 0 1
0 1.005 0.235 0 2
0 1.005 0.245 0 2
0 1.005 0.255 0 2
0 1.005 0.265 0 2
0 1.005 0.275 0 2
0 1.005 0.285 0 2
0 1.005 0.295 0 2
0 1.005 0.305 0 2
0 1.005 0.315 0 2
0 1.005 0.325 0 2
0 1.005 0.335 0 2
0 1.005 0.345 0 2
0 1.005 0.355 0 1
0 1.005 0.365 0 1
0 1.005 0.375 0 1
0 1.005 0.385 0 1
0 1.005 0.395 0 1
0 1.005 0.405 0 1
0 1.005 0.415 0 1
0 1.005 0.425 0 1
0 1.005 0.435 0 2
0 1.005 0.445 0 2
0 1.005 0.455 0 2
0 1.005 0.465 0 2
0 1.005 0.475 0 2
0 1.005 0.485 0 2
0 1.005 0.495 0 2
0 1.005 0.505 0 2
0 1.005 0.515 0 2
0 1.005 0.525 0 2
0 1.005 0.535 0 2
0 1.005 0.545 0 2
0 1.005 0.555 0 2
0 1.005 0.565 0 2
0 1.015 -0.555 0 2
0 1.015 -0.545 0 2
0 1.015 -0.535 0 1
0 1.015 -0.525 0 1
0 1.015 -0.515 0 1
0 1.015 -0.505 0 1
0 1.015 -0.495 0 1
0 1.015 -0.485 0 1
0 1.015 -0.475 0 1
0 1.015 -0.465 0 1
0 1.015 -0.455 0 1
0 1.015 -0.445 0 2
0 1.015 -0.435 0 2
0 1.015 -0.425 0 2
0 1.015 -0.415 0 2
0 1.015 -0.405 0 2
0 1.015 -0.395 0 2
0 1.015 -0.385 0 2
0 1.015 -0.375 0 2
0 1.015 -0.365 0 2
0 1.015 -0.355 0 2
0 1.015 -0.345 0 2
0 1.015 -0.335 0 2
0 1.015 -0.325 0 2
0 1.015 -0.315 0 2
0 1.015 -0.305 0 2
0 1.015 -0.295 0 2
0 1.015 -0.285 0 2
0 1.015 -0.275 0 2
0 1.015 -0.265 0 2
0 1.015 -0.255 0 2
0 1.015 -0.245 0 2
0 1.015 -0.235 0 2
0 1.015 -0.225 0 2
0 1.015 -0.215 0 2
0 1.015 -0.205 0 2
0 1.015 -0.195 0 2
0 1.015 -0.185 0 2
0 1.015 -0.175 0 2
0 1.015 -0.165 0 2
0 1.015 -0.155 0 2
0 1.015 -0.145 0 2
0 1.015 -0.135 0 2
0 1.015 -0.125 0 2
0 1.015 -0.115 0 2
0 1.015 -0.105 0 2
0 1.015 -0.095 0 2
0 1.015 -0.085 0 2
0 1.015 -0.075 0 2
0 1.015 -0.065 0 2
0 1.015 -0.055 0 2
0 1.015 -0.045 0 2
0 1.015 -0.035 0 2
0 1.015 -0.025 0 2
0 1.015 -0.015 0 2
0 1.015 -0.005 0 2
0 1.015 0.005 0 2
0 1.015 0.015 0 2
0 1.015 0.025 0 2
0 1.015 0.035 0 2
0 1.015 0.045 0 2
0 1.015 0.055 0 2
0 1.015 0.065 0 2
0 1.015 0.075 0 2
0 1.015 0.085 0 2
0 1.015 0.095 0 2
0 1.015 0.105 0 2
0 1.015 0.115 0 2
0 1.015 0.125 0 2
0 1.015 0.135 0 2
0 1.015 0.145 0 2
0 1.015 0.155 0 2
0 1.015 0.165 0 2
0 1.015 0.175 0 2
0 1.015 0.185 0 1
0 1.015 0.195 0 1
0 1.015 0.205 0 1
0 1.015 0.215 0 1
0 1.015 0.225 0 1
0 1.015 0.235 0 1
0 1.015 0.245 0 1
0 1.015 0.255 0 2
0 1.015 0.265 0 2
0 1.015 0.275 0 2
0 1.015 0.285 0 2
0 1.015 0.295 0 2
0 1.015 0.305 0 2
0 1.015 0.315 0 2
0 1.015 0.325 0 2
0 1.015 0.335 0 2
0 1.015 0.345 0 2
0 1.015 0.355 0 1
0 1.015 0.365 0 1
0 1.015 0.375 0 1
0 1.015 0.385 0 1
0 1.015 0.395 0 1
0 1.015 0.405 0 1
0 1.015 0.415 0 1
0 1.015 0.425 0 1
0 1.015 0.435 0 2
0 1.015 0.445 0 2
0 1.015 0.455 0 2
0 1.015 0.465 0 2
0 1.015 0.475 0 2
0 1.015 0.485 0 2
0 1.015 0.495 0 2
0 1.015 0.505 0 2
0 1.015 0.515 0 2
0 1.015 0.525 0 2
0 1.015 0.535 0 2
0 1.015 0.545 0 2
0 1.015 0.555 0 2
0 1.015 0.565 0 2
0 1.025 -0.555 0 2
0 1.025 -0.545 0 2
0 1.025 -0.535 0 1
0 1.025 -0.525 0 1
0 1.025 -0.515 0 1
0 1.025 -0.505 0 1
0 1.025 -0.495 0 1
0 1.025 -0.485 0 1
0 1.025 -0.475 0 1
0 1.025 -0.465 0 1
0 1.025 -0.455 0 1
0 1.025 -0.445 0 1
0 1.025 -0.435 0 2
0 1.025 -0.425 0 2
0 1.025 -0.415 0 2
0 1.025 -0.405 0 2
0 1.025 -0.395 0 2
0 1.025 -0.385 0 2
0 1.025 -0.375 0 2
0 1.025 -0.365 0 2
0 1.025 -0.355 0 2
0 1.025 -0.345 0 2
0 1.025 -0.335 0 2
0 1.025 -0.325 0 2
0 1.025 -0.315 0 2
0 1.025 -0.305 0 2
0 1.025 -0.295 0 2
0 1.025 -0.285 0 2
0 1.025 -0.275 0 2
0 1.025 -0.265 0 2
0 1.025 -0.255 0 1
0 1.025 -0.245 0 1
0 1.025 -0.235 0 1
0 1.025 -0.225 0 2
0 1.025 -0.215 0 2
0 1.025 -0.205 0 2
0 1.025 -0.195 0 2
0 1.025 -0.185 0 2
0 1.025 -0.175 0 2
0 1.025 -0.165 0 2
0 1.025 -0.155 0 2
0 1.025 -0.145 0 2
0 1.025 -0.135 0 2
0 1.025 -0.125 0 2
0 1.025 -0.115 0 2
0 1.025 -0.105 0 2
0 1.025 -0.095 0 2
0 1.025 -0.085 0 2
0 1.025 -0.075 0 2
0 1.025 -0.065 0 2
0 1.025 -0.055 0 2
0 1.025 -0.045 0 2
0 1.025 -0.035 0 2
0 1.025 -0.025 0 2
0 1.025 -0.015 0 2
0 1.025 -0.005 0 2
0 1.025 0.005 0 2
0 1.025 0.015 0 2
0 1.025 0.025 0 2
0 1.025 0.035 0 2
0 1.025 0.045 0 2
0 1.025 0.055 0 2
0 1.025 0.065 0 2
0 1.025 0.075 0 2
0 1.025 0.085 0 2
0 1.025 0.095 0 2
0 1.025 0.105 0 2
0 1.025 0.115 0 2
0 1.025 0.125 0 2
0 1.025 0.135 0 2
0 1.025 0.145 0 2
0 1.025 0.155 0 2
0 1.025 0.165 0 2
0 1.025 0.175 0 1
0 1.025 0.185 0 1
0 1.025 0.195 0 1
0 1.025 0.205 0 1
0 1.025 0.215 0 1
0 1.025 0.225 0 1
0 1.025 0.235 0 1
0 1.025 0.245 0 1
0 1.025 0.255 0 1
0 1.025 0.265 0 2
0 1.025 0.275 0 2
0 1.025 0.285 0 2
0 1.025 0.295 0 2
0 1.025 0.305 0 2
0 1.025 0.315 0 2
0 1.025 0.325 0 2
0 1.025 0.335 0 2
0 1.025 0.345 0 2
0 1.025 0.355 0 2
0 1.025 0.365 0 1
0 1.025 0.375 0 1
0 1.025 0.385 0 1
0 1.025 0.395 0 1
0 1.025 0.405 0 1
0 1.025 0.415 0 1
0 1.025 0.425 0 1
0 1.025 0.435 0 2
0 1.025 0.445 0 2
0 1.025 0.455 0 2
0 1.025 0.465 0 2
0 1.025 0.475 0 2
0 1.025 0.485 0 2
0 1.025 0.495 0 2
0 1.025 0.505 0 2
0 1.025 0.515 0 2
0 1.025 0.525 0 2
0 1.025 0.535 0 2
0 1.025 0.545 0 2
0 1.025 0.555 0 2
0 1.025 0.565 0 2
0 1.035 -0.555 0 2
0 1.035 -0.545 0 2
0 1.035 -0.535 0 2
0 1.035 -0.525 0 1
0 1.035 -0.515 0 1
0 1.035 -0.505 0 1
0 1.035 -0.495 0 1
0 1.035 -0.485 0 1
0 1.035 -0.475 0 1
0 1.035 -0.465 0 1
0 1.035 -0.455 0 1
0 1.035 -0.445 0 1
0 1.035 -0.435 0 2
0 1.035 -0.425 0 2
0 1.035 -0.415 0 2
0 1.035 -0.405 0 2
0 1.035 -0.395 0 2
0 1.035 -0.385 0 2
0 1.035 -0.375 0 2
0 1.035 -0.365 0 2
0 1.035 -0.355 0 2
0 1.035 -0.345 0 2
0 1.035 -0.335 0 2
0 1.035 -0.325 0 2
0 1.035 -0.315 0 2
0 1.035 -0.305 0 2
0 1.035 -0.295 0 2
0 1.035 -0.285 0 2
0 1.035 -0.275 0 2
0 1.035 -0.265 0 1
0 1.035 -0.255 0 1
0 1.035 -0.245 0 1
0 1.035 -0.235 0 1
0 1.035 -0.225 0 1
0 1.035 -0.215 0 1
0 1.035 -0.205 0 2
0 1.035 -0.195 0 2
0 1.035 -0.185 0 2
0 1.035 -0.175 0 2
0 1.035 -0.165 0 2
0 1.035 -0.155 0 2
0 1.035 -0.145 0 2
0 1.035 -0.135 0 2
0 1.035 -0.125 0 2
0 1.035 -0.115 0 2
0 1.035 -0.105 0 2
0 1.035 -0.095 0 2
0 1.035 -0.085 0 2
0 1.035 -0.075 0 2
0 1.035 -0.065 0 2
0 1.035 -0.055 0 2
0 1.035 -0.045 0 2
0 1.035 -0.035 0 2
0 1.035 -0.025 0 2
0 1.035 -0.015 0 2
0 1.035 -0.005 0 2
0 1.035 0.005 0 2
0 1.035 0.015 0 2
0 1.035 0.025 0 2
0 1.035 0.035 0 2
0 1.035 0.045 0 2
0 1.035 0.055 0 2
0 1.035 0.065 0 2
0 1.035 0.075 0 2
0 1.035 0.085 0 2
0 1.035 0.095 0 2
0 1.035 0.105 0 2
0 1.035 0.115 0 2
0 1.035 0.125 0 2
0 1.035 0.135 0 2
0 1.035 0.145 0 2
0 1.035 0.155 0 2
0 1.035 0.165 0 2
0 1.035 0.175 0 2
0 1.035 0.185 0 1
0 1.035 0.195 0 1
0 1.035 0.205 0 1
0 1.035 0.215 0 1
0 1.035 0.225 0 1
0 1.035 0.235 0 1
0 1.035 0.245 0 1
0 1.035 0.255 0 1
0 1.035 0.265 0 1
0 1.035 0.275 0 2
0 1.035 0.285 0 2
0 1.035 0.295 0 2
0 1.035 0.305 0 2
0 1.035 0.315 0 2
0 1.035 0.325 0 2
0 1.035 0.335 0 2
0 1.035 0.345 0 2
0 1.035 0.355 0 2
0 1.035 0.365 0 1
0 1.035 0.375 0 1
0 1.035 0.385 0 1
0 1.035 0.395 0 1
0 1.035 0.405 0 1
0 1.035 0.415 0 1
0 1.035 0.425 0 1
0 1.035 0.435 0 1
0 1.035 0.445 0 2
0 1.035 0.455 0 2
0 1.035 0.465 0 2
0 1.035 0.475 0 2
0 1.035 0.485 0 2
0 1.035 0.495 0 2
0 1.035 0.505 0 2
0 1.035 0.515 0 2
0 1.035 0.525 0 2
0 1.035 0.535 0 2
0 1.035 0.545 0 2
0 1.035 0.555 0 2
0 1.035 0.565 0 2
0 1.045 -0.555 0 2
0 1.045 -0.545 0 2
0 1.045 -0.535 0 2
0 1.045 -0.525 0 2
0 1.045 -0.515 0 1
0 1.045 -0.505 0 1
0 1.045 -0.495 0 1
0 1.045 -0.485 0 1
0 1.045 -0.475 0 1
0 1.045 -0.465 0 1
0 1.045 -0.455 0 1
0 1.045 -0.445 0 1
0 1.045 -0.435 0 2
0 1.045 -0.425 0 2
0 1.045 -0.415 0 2
0 1.045 -0.405 0 2
0 1.045 -0.395 0 2
0 1.045 -0.385 0 2
0 1.045 -0.375 0 2
0 1.045 -0.365 0 2
0 1.045 -0.355 0 2
0 1.045 -0.345 0 2
0 1.045 -0.335 0 2
0 1.045 -0.325 0 2
0 1.045 -0.315 0 2
0 1.045 -0.305 0 2
0 1.045 -0.295 0 2
0 1.045 -0.285 0 2
0 1.045 -0.275 0 2
0 1.045 -0.265 0 1
0 1.045 -0.255 0 1
0 1.045 -0.245 0 1
0 1.045 -0.235 0 1
0 1.045 -0.225 0 1
0 1.045 -0.215 0 1
0 1.045 -0.205 0 1
0 1.045 -0.195 0 2
0 1.045 -0.185 0 2
0 1.045 -0.175 0 2
0 1.045 -0.165 0 2
0 1.045 -0.155 0 2
0 1.045 -0.145 0 2
0 1.045 -0.135 0 2
0 1.045 -0.125 0 2
0 1.045 -0.115 0 2
0 1.045 -0.105 0 2
0 1.045 -0.095 0 2
0 1.045 -0.085 0 2
0 1.045 -0.075 0 2
0 1.045 -0.065 0 2
0 1.045 -0.055 0 2
0 1.045 -0.045 0 2
0 1.045 -0.035 0 2
0 1.045 -0.025 0 2
0 1.045 -0.015 0 2
0 1.045 -0.005 0 2
0 1.045 0.005 0 2
0 1.045 0.015 0 2
0 1.045 0.025 0 2
0 1.045 0.035 0 2
0 1.045 0.045 0 2
0 1.045 0.055 0 2
0 1.045 0.065 0 2
0 1.045 0.075 0 2
0 1.045 0.085 0 2
0 1.045 0.095 0 2
0 1.045 0.105 0 2
0 1.045 0.115 0 2
0 1.045 0.125 0 2
0 1.045 0.135 0 2
0 1.045 0.145 0 2
0 1.045 0.155 0 2
0 1.045 0.165 0 2
0 1.045 0.175 0 2
0 1.045 0.185 0 1
0 1.045 0.195 0 1
0 1.045 0.205 0 1
0 1.045 0.215 0 1
0 1.045 0.225 0 1
0 1.045 0.235 0 1
0 1.045 0.245 0 1
0 1.045 0.255 0 1
0 1.045 0.265 0 1
0 1.045 0.275 0 2
0 1.045 0.285 0 2
0 1.045 0.295 0 2
0 1.045 0.305 0 2
0 1.045 0.315 0 2
0 1.045 0.325 0 2
0 1.045 0.335 0 2
0 1.045 0.345 0 2
0 1.045 0.355 0 2
0 1.045 0.365 0 1
0 1.045 0.375 0 1
0 1.045 0.385 0 1
0 1.045 0.395 0 1
0 1.045 0.405 0 1
0 1.045 0.415 0 1
0 1.045 0.425 0 1
0 1.045 0.435 0 1
0 1.045 0.445 0 2
0 1.045 0.455 0 2
0 1.045 0.465 0 2
0 1.045 0.475 0 2
0 1.045 0.485 0 2
0 1.045 0.495 0 2
0 1.045 0.505 0 2
0 1.045 0.515 0 2
0 1.045 0.525 0 2
0 1.045 0.535 0 2
0 1.045 0.545 0 2
0 1.045 0.555 0 2
0 1.045 0.565 0 2
0 1.055 -0.555 0 2
0 1.055 -0.545 0 2
0 1.055 -0.535 0 2
0 1.055 -0.525 0 2
0 1.055 -0.515 0 2
0 1.055 -0.505 0 2
0 1.055 -0.495 0 1
0 1.055 -0.485 0 1
0 1.055 -0.475 0 1
0 1.055 -0.465 0 1
0 1.055 -0.455 0 1
0 1.055 -0.445 0 2
0 1.055 -0.435 0 2
0 1.055 -0.425 0 2
0 1.055 -0.415 0 2
0 1.055 -0.405 0 2
0 1.055 -0.395 0 2
0 1.055 -0.385 0 2
0 1.055 -0.375 0 2
0 1.055 -0.365 0 2
0 1.055 -0.355 0 2
0 1.055 -0.345 0 2
0 1.055 -0.335 0 2
0 1.055 -0.325 0 2
0 1.055 -0.315 0 2
0 1.055 -0.305 0 2
0 1.055 -0.295 0 2
0 1.055 -0.285 0 2
0 1.055 -0.275 0 2
0 1.055 -0.265 0 1
0 1.055 -0.255 0 1
0 1.055 -0.245 0 1
0 1.055 -0.235 0 1
0 1.055 -0.225 0 1
0 1.055 -0.215 0 1
0 1.055 -0.205 0 1
0 1.055 -0.195 0 1
0 1.055 -0.185 0 2
0 1.055 -0.175 0 2
0 1.055 -0.165 0 2
0 1.055 -0.155 0 2
0 1.055 -0.145 0 2
0 1.055 -0.135 0 2
0 1.055 -0.125 0 2
0 1.055 -0.115 0 2
0 1.055 -0.105 0 2
0 1.055 -0.095 0 2
0 1.055 -0.085 0 2
0 1.055 -0.075 0 2
0 1.055 -0.065 0 2
0 1.055 -0.055 0 2
0 1.055 -0.045 0 2
0 1.055 -0.035 0 2
0 1.055 -0.025 0 2
0 1.055 -0.015 0 2
0 1.055 -0.005 0 2
0 1.055 0.005 0 2
0 1.055 0.015 0 2
0 1.055 0.025 0 2
0 1.055 0.035 0 2
0 1.055 0.045 0 2
0 1.055 0.055 0 2
0 1.055 0.065 0 2
0 1.055 0.075 0 2
0 1.055 0.085 0 2
0 1.055 0.095 0 2
0 1.055 0.105 0 2
0 1.055 0.115 0 2
0 1.055 0.125 0 2
0 1.055 0.135 0 2
0 1.055 0.145 0 2
0 1.055 0.155 0 2
0 1.055 0.165 0 2
0 1.055 0.175 0 2
0 1.055 0.185 0 1
0 1.055 0.195 0 1
0 1.055 0.205 0 1
0 1.055 0.215 0 1
0 1.055 0.225 0 1
0 1.055 0.235 0 1
0 1.055 0.245 0 1
0 1.055 0.255 0 1
0 1.055 0.265 0 1
0 1.055 0.275 0 2
0 1.055 0.285 0 2
0 1.055 0.295 0 2
0 1.055 0.305 0 2
0 1.055 0.315 0 2
0 1.055 0.325 0 2
0 1.055 0.335 0 2
0 1.055 0.345 0 2
0 1.055 0.355 0 2
0 1.055 0.365 0 2
0 1.055 0.375 0 1
0 1.055 0.385 0 1
0 1.055 0.395 0 1
0 1.055 0.405 0 1
0 1.055 0.415 0 1
0 1.055 0.425 0 1
0 1.055 0.435 0 2
0 1.055 0.445 0 2
0 1.055 0.455 0 2
0 1.055 0.465 0 2
0 1.055 0.475 0 2
0 1.055 0.485 0 2
0 1.055 0.495 0 2
0 1.055 0.505 0 2
0 1.055 0.515 0 2
0 1.055 0.525 0 2
0 1.055 0.535 0 2
0 1.055 0.545 0 2
0 1.055 0.555 0 2
0 1.055 0.565 0 2
0 1.065 -0.555 0 2
0 1.065 -0.545 0 2
0 1.065 -0.535 0 2
0 1.065 -0.525 0 2
0 1.065 -0.515 0 2
0 1.065 -0.505 0 2
0 1.065 -0.495 0 2
0 1.065 -0.485 0 2
0 1.065 -0.475 0 2
0 1.065 -0.465 0 2
0 1.065 -0.455 0 2
0 1.065 -0.445 0 2
0 1.065 -0.435 0 2
0 1.065 -0.425 0 2
0 1.065 -0.415 0 2
0 1.065 -0.405 0 2
0 1.065 -0.395 0 2
0 1.065 -0.385 0 2
0 1.065 -0.375 0 2
0 1.065 -0.365 0 2
0 1.065 -0.355 0 2
0 1.065 -0.345 0 2
0 1.065 -0.335 0 2
0 1.065 -0.325 0 2
0 1.065 -0.315 0 2
0 1.065 -0.305 0 2
0 1.065 -0.295 0 2
0 1.065 -0.285 0 2
0 1.065 -0.275 0 2
0 1.065 -0.265 0 1
0 1.065 -0.255 0 1
0 1.065 -0.245 0 1
0 1.065 -0.235 0 1
0 1.065 -0.225 0 1
0 1.065 -0.215 0 1
0 1.065 -0.205 0 1
0 1.065 -0.195 0 1
0 1.065 -0.185 0 2
0 1.065 -0.175 0 2
0 1.065 -0.165 0 2
0 1.065 -0.155 0 2
0 1.065 -0.145 0 2
0 1.065 -0.135 0 2
0 1.065 -0.125 0 2
0 1.065 -0.115 0 2
0 1.065 -0.105 0 2
0 1.065 -0.095 0 2
0 1.065 -0.085 0 2
0 1.065 -0.075 0 2
0 1.065 -0.065 0 2
0 1.065 -0.055 0 2
0 1.065 -0.045 0 2
0 1.065 -0.035 0 2
0 1.065 -0.025 0 2
0 1.065 -0.015 0 2
0 1.065 -0.005 0 2
0 1.065 0.005 0 2
0 1.065 0.015 0 2
0 1.065 0.025 0 2
0 1.065 0.035 0 2
0 1.065 0.045 0 2
0 1.065 0.055 0 2
0 1.065 0.065 0 2
0 1.065 0.075 0 2
0 1.065 0.085 0 2
0 1.065 0.095 0 2
0 1.065 0.105 0 2
0 1.065 0.115 0 2
0 1.065 0.125 0 2
0 1.065 0.135 0 2
0 1.065 0.145 0 2
0 1.065 0.155 0 2
0 1.065 0.165 0 2
0 1.065 0.175 0 2
0 1.065 0.185 0 2
0 1.065 0.195 0 1
0 1.065 0.205 0 1
0 1.065 0.215 0 1
0 1.065 0.225 0 1
0 1.065 0.235 0 1
0 1.065 0.245 0 1
0 1.065 0.255 0 1
0 1.065 0.265 0 1
0 1.065 0.275 0 1
0 1.065 0.285 0 2
0 1.065 0.295 0 2
0 1.065 0.305 0 2
0 1.065 0.315 0 2
0 1.065 0.325 0 2
0 1.065 0.335 0 2
0 1.065 0.345 0 2
0 1.065 0.355 0 2
0 1.065 0.365 0 2
0 1.065 0.375 0 2
0 1.065 0.385 0 1
0 1.065 0.395 0 1
0 1.065 0.405 0 1
0 1.065 0.415 0 1
0 1.065 0.425 0 1
0 1.065 0.435 0 2
0 1.065 0.445 0 2
0 1.065 0.455 0 2
0 1.065 0.465 0 2
0 1.065 0.475 0 2
0 1.065 0.485 0 2
0 1.065 0.495 0 2
0 1.065 0.505 0 2
0 1.065 0.515 0 2
0 1.065 0.525 0 2
0 1.065 0.535 0 2
0 1.065 0.545 0 2
0 1.065 0.555 0 2
0 1.065 0.565 0 2
