t x y content type
0 -0.055 -0.555 0 2
0 -0.055 -0.545 0 2
0 -0.055 -0.535 0 2
0 -0.055 -0.525 0 2
0 -0.055 -0.515 0 2
0 -0.055 -0.505 0 2
0 -0.055 -0.495 0 2
0 -0.055 -0.485 0 2
0 -0.055 -0.475 0 2
0 -0.055 -0.465 0 2
0 -0.055 -0.455 0 2
0 -0.055 -0.445 0 2
0 -0.055 -0.435 0 2
0 -0.055 -0.425 0 2
0 -0.055 -0.415 0 2
0 -0.055 -0.405 0 2
0 -0.055 -0.395 0 2
0 -0.055 -0.385 0 2
0 -0.055 -0.375 0 2
0 -0.055 -0.365 0 1
0 -0.055 -0.355 0 1
0 -0.055 -0.345 0 1
0 -0.055 -0.335 0 1
0 -0.055 -0.325 0 1
0 -0.055 -0.315 0 1
0 -0.055 -0.305 0 1
0 -0.055 -0.295 0 2
0 -0.055 -0.285 0 2
0 -0.055 -0.275 0 2
0 -0.055 -0.265 0 2
0 -0.055 -0.255 0 2
0 -0.055 -0.245 0 2
0 -0.055 -0.235 0 2
0 -0.055 -0.225 0 2
0 -0.055 -0.215 0 2
0 -0.055 -0.205 0 2
0 -0.055 -0.195 0 2
0 -0.055 -0.185 0 2
0 -0.055 -0.175 0 2
0 -0.055 -0.165 0 2
0 -0.055 -0.155 0 2
0 -0.055 -0.145 0 2
0 -0.055 -0.135 0 2
0 -0.055 -0.125 0 2
0 -0.055 -0.115 0 2
0 -0.055 -0.105 0 2
0 -0.055 -0.095 0 1
0 -0.055 -0.085 0 1
0 -0.055 -0.075 0 1
0 -0.055 -0.065 0 1
0 -0.055 -0.055 0 1
0 -0.055 -0.045 0 1
0 -0.055 -0.035 0 1
0 -0.055 -0.025 0 1
0 -0.055 -0.015 0 1
0 -0.055 -0.005 0 1
0 -0.055 0.005 0 1
0 -0.055 0.015 0 2
0 -0.055 0.025 0 2
0 -0.055 0.035 0 2
0 -0.055 0.045 0 2
0 -0.055 0.055 0 2
0 -0.055 0.065 0 2
0 -0.055 0.075 0 2
0 -0.055 0.085 0 2
0 -0.055 0.095 0 2
0 -0.055 0.105 0 2
0 -0.055 0.115 0 2
0 -0.055 0.125 0 2
0 -0.055 0.135 0 2
0 -0.055 0.145 0 2
0 -0.055 0.155 0 2
0 -0.055 0.165 0 2
0 -0.055 0.175 0 2
0 -0.055 0.185 0 2
0 -0.055 0.195 0 2
0 -0.055 0.205 0 2
0 -0.055 0.215 0 2
0 -0.055 0.225 0 2
0 -0.055 0.235 0 2
0 -0.055 0.245 0 2
0 -0.055 0.255 0 2
0 -0.055 0.265 0 2
0 -0.055 0.275 0 2
0 -0.055 0.285 0 2
0 -0.055 0.295 0 2
0 -0.055 0.305 0 2
0 -0.055 0.315 0 2
0 -0.055 0.325 0 2
0 -0.055 0.335 0 2
0 -0.055 0.345 0 2
0 -0.055 0.355 0 2
0 -0.055 0.365 0 2
0 -0.055 0.375 0 2
0 -0.055 0.385 0 2
0 -0.055 0.395 0 2
0 -0.055 0.405 0 2
0 -0.055 0.415 0 2
0 -0.055 0.425 0 2
0 -0.055 0.435 0 2
0 -0.055 0.445 0 1
0 -0.055 0.455 0 1
0 -0.055 0.465 0 1
0 -0.055 0.475 0 1
0 -0.055 0.485 0 1
0 -0.055 0.495 0 1
0 -0.055 0.505 0 1
0 -0.055 0.515 0 2
0 -0.055 0.525 0 2
0 -0.055 0.535 0 2
0 -0.055 0.545 0 2
0 -0.055 0.555 0 2
0 -0.055 0.565 0 2
0 -0.045 -0.555 0 2
0 -0.045 -0.545 0 2
0 -0.045 -0.535 0 2
0 -0.045 -0.525 0 2
0 -0.045 -0.515 0 2
0 -0.045 -0.505 0 2
0 -0.045 -0.495 0 2
0 -0.045 -0.485 0 2
0 -0.045 -0.475 0 2
0 -0.045 -0.465 0 2
0 -0.045 -0.455 0 2
0 -0.045 -0.445 0 2
0 -0.045 -0.435 0 2
0 -0.045 -0.425 0 2
0 -0.045 -0.415 0 2
0 -0.045 -0.405 0 2
0 -0.045 -0.395 0 2
0 -0.045 -0.385 0 2
0 -0.045 -0.375 0 1
0 -0.045 -0.365 0 1
0 -0.045 -0.355 0 1
0 -0.045 -0.345 0 1
0 -0.045 -0.335 0 1
0 -0.045 -0.325 0 1
0 -0.045 -0.315 0 1
0 -0.045 -0.305 0 1
0 -0.045 -0.295 0 2
0 -0.045 -0.285 0 2
0 -0.045 -0.275 0 2
0 -0.045 -0.265 0 2
0 -0.045 -0.255 0 2
0 -0.045 -0.245 0 2
0 -0.045 -0.235 0 2
0 -0.045 -0.225 0 2
0 -0.045 -0.215 0 2
0 -0.045 -0.205 0 2
0 -0.045 -0.195 0 2
0 -0.045 -0.185 0 2
0 -0.045 -0.175 0 2
0 -0.045 -0.165 0 2
0 -0.045 -0.155 0 2
0 -0.045 -0.145 0 2
0 -0.045 -0.135 0 2
0 -0.045 -0.125 0 2
0 -0.045 -0.115 0 2
0 -0.045 -0.105 0 2
0 -0.045 -0.095 0 1
0 -0.045 -0.085 0 1
0 -0.045 -0.075 0 1
0 -0.045 -0.065 0 1
0 -0.045 -0.055 0 1
0 -0.045 -0.045 0 1
0 -0.045 -0.035 0 1
0 -0.045 -0.025 0 1
0 -0.045 -0.015 0 1
0 -0.045 -0.005 0 1
0 -0.045 0.005 0 1
0 -0.045 0.015 0 2
0 -0.045 0.025 0 2
0 -0.045 0.035 0 2
0 -0.045 0.045 0 2
0 -0.045 0.055 0 2
0 -0.045 0.065 0 2
0 -0.045 0.075 0 2
0 -0.045 0.085 0 2
0 -0.045 0.095 0 2
0 -0.045 0.105 0 2
0 -0.045 0.115 0 2
0 -0.045 0.125 0 2
0 -0.045 0.135 0 2
0 -0.045 0.145 0 2
0 -0.045 0.155 0 2
0 -0.045 0.165 0 2
0 -0.045 0.175 0 2
0 -0.045 0.185 0 2
0 -0.045 0.195 0 2
0 -0.045 0.205 0 2
0 -0.045 0.215 0 2
0 -0.045 0.225 0 2
0 -0.045 0.235 0 2
0 -0.045 0.245 0 2
0 -0.045 0.255 0 2
0 -0.045 0.265 0 2
0 -0.045 0.275 0 2
0 -0.045 0.285 0 2
0 -0.045 0.295 0 2
0 -0.045 0.305 0 2
0 -0.045 0.315 0 2
0 -0.045 0.325 0 2
0 -0.045 0.335 0 2
0 -0.045 0.345 0 2
0 -0.045 0.355 0 2
0 -0.045 0.365 0 2
0 -0.045 0.375 0 2
0 -0.045 0.385 0 2
0 -0.045 0.395 0 2
0 -0.045 0.405 0 2
0 -0.045 0.415 0 2
0 -0.045 0.425 0 2
0 -0.045 0.435 0 2
0 -0.045 0.445 0 1
0 -0.045 0.455 0 1
0 -0.045 0.465 0 1
0 -0.045 0.475 0 1
0 -0.045 0.485 0 1
0 -0.045 0.495 0 1
0 -0.045 0.505 0 1
0 -0.045 0.515 0 2
0 -0.045 0.525 0 2
0 -0.045 0.535 0 2
0 -0.045 0.545 0 2
0 -0.045 0.555 0 2
0 -0.045 0.565 0 2
0 -0.035 -0.555 0 2
0 -0.035 -0.545 0 2
0 -0.035 -0.535 0 2
0 -0.035 -0.525 0 2
0 -0.035 -0.515 0 2
0 -0.035 -0.505 0 2
0 -0.035 -0.495 0 2
0 -0.035 -0.485 0 2
0 -0.035 -0.475 0 2
0 -0.035 -0.465 0 2
0 -0.035 -0.455 0 2
0 -0.035 -0.445 0 2
0 -0.035 -0.435 0 2
0 -0.035 -0.425 0 2
0 -0.035 -0.415 0 2
0 -0.035 -0.405 0 2
0 -0.035 -0.395 0 2
0 -0.035 -0.385 0 2
0 -0.035 -0.375 0 1
0 -0.035 -0.365 0 1
0 -0.035 -0.355 0 1
0 -0.035 -0.345 0 1
0 -0.035 -0.335 0 1
0 -0.035 -0.325 0 1
0 -0.035 -0.315 0 1
0 -0.035 -0.305 0 1
0 -0.035 -0.295 0 2
0 -0.035 -0.285 0 2
0 -0.035 -0.275 0 2
0 -0.035 -0.265 0 2
0 -0.035 -0.255 0 2
0 -0.035 -0.245 0 2
0 -0.035 -0.235 0 2
0 -0.035 -0.225 0 2
0 -0.035 -0.215 0 2
0 -0.035 -0.205 0 2
0 -0.035 -0.195 0 2
0 -0.035 -0.185 0 2
0 -0.035 -0.175 0 2
0 -0.035 -0.165 0 2
0 -0.035 -0.155 0 2
0 -0.035 -0.145 0 2
0 -0.035 -0.135 0 2
0 -0.035 -0.125 0 2
0 -0.035 -0.115 0 2
0 -0.035 -0.105 0 2
0 -0.035 -0.095 0 2
0 -0.035 -0.085 0 1
0 -0.035 -0.075 0 1
0 -0.035 -0.065 0 1
0 -0.035 -0.055 0 1
0 -0.035 -0.045 0 1
0 -0.035 -0.035 0 1
0 -0.035 -0.025 0 1
0 -0.035 -0.015 0 1
0 -0.035 -0.005 0 1
0 -0.035 0.005 0 1
0 -0.035 0.015 0 2
0 -0.035 0.025 0 2
0 -0.035 0.035 0 2
0 -0.035 0.045 0 2
0 -0.035 0.055 0 2
0 -0.035 0.065 0 2
0 -0.035 0.075 0 2
0 -0.035 0.085 0 2
0 -0.035 0.095 0 2
0 -0.035 0.105 0 2
0 -0.035 0.115 0 2
0 -0.035 0.125 0 2
0 -0.035 0.135 0 2
0 -0.035 0.145 0 2
0 -0.035 0.155 0 2
0 -0.035 0.165 0 2
0 -0.035 0.175 0 2
0 -0.035 0.185 0 2
0 -0.035 0.195 0 2
0 -0.035 0.205 0 2
0 -0.035 0.215 0 2
0 -0.035 0.225 0 2
0 -0.035 0.235 0 2
0 -0.035 0.245 0 2
0 -0.035 0.255 0 2
0 -0.035 0.265 0 2
0 -0.035 0.275 0 2
0 -0.035 0.285 0 2
0 -0.035 0.295 0 2
0 -0.035 0.305 0 2
0 -0.035 0.315 0 2
0 -0.035 0.325 0 2
0 -0.035 0.335 0 2
0 -0.035 0.345 0 2
0 -0.035 0.355 0 2
0 -0.035 0.365 0 2
0 -0.035 0.375 0 2
0 -0.035 0.385 0 2
0 -0.035 0.395 0 2
0 -0.035 0.405 0 2
0 -0.035 0.415 0 2
0 -0.035 0.425 0 2
0 -0.035 0.435 0 2
0 -0.035 0.445 0 1
0 -0.035 0.455 0 1
0 -0.035 0.465 0 1
0 -0.035 0.475 0 1
0 -0.035 0.485 0 1
0 -0.035 0.495 0 1
0 -0.035 0.505 0 2
0 -0.035 0.515 0 2
0 -0.035 0.525 0 2
0 -0.035 0.535 0 2
0 -0.035 0.545 0 2
0 -0.035 0.555 0 2
0 -0.035 0.565 0 2
0 -0.025 -0.555 0 2
0 -0.025 -0.545 0 2
0 -0.025 -0.535 0 2
0 -0.025 -0.525 0 2
0 -0.025 -0.515 0 2
0 -0.025 -0.505 0 2
0 -0.025 -0.495 0 2
0 -0.025 -0.485 0 2
0 -0.025 -0.475 0 2
0 -0.025 -0.465 0 2
0 -0.025 -0.455 0 2
0 -0.025 -0.445 0 2
0 -0.025 -0.435 0 2
0 -0.025 -0.425 0 2
0 -0.025 -0.415 0 2
0 -0.025 -0.405 0 2
0 -0.025 -0.395 0 2
0 -0.025 -0.385 0 1
0 -0.025 -0.375 0 1
0 -0.025 -0.365 0 1
0 -0.025 -0.355 0 1
0 -0.025 -0.345 0 1
0 -0.025 -0.335 0 1
0 -0.025 -0.325 0 1
0 -0.025 -0.315 0 1
0 -0.025 -0.305 0 1
0 -0.025 -0.295 0 2
0 -0.025 -0.285 0 2
0 -0.025 -0.275 0 2
0 -0.025 -0.265 0 2
0 -0.025 -0.255 0 2
0 -0.025 -0.245 0 2
0 -0.025 -0.235 0 2
0 -0.025 -0.225 0 2
0 -0.025 -0.215 0 2
0 -0.025 -0.205 0 2
0 -0.025 -0.195 0 2
0 -0.025 -0.185 0 2
0 -0.025 -0.175 0 2
0 -0.025 -0.165 0 2
0 -0.025 -0.155 0 2
0 -0.025 -0.145 0 2
0 -0.025 -0.135 0 2
0 -0.025 -0.125 0 2
0 -0.025 -0.115 0 2
0 -0.025 -0.105 0 2
0 -0.025 -0.095 0 2
0 -0.025 -0.085 0 2
0 -0.025 -0.075 0 1
0 -0.025 -0.065 0 1
0 -0.025 -0.055 0 1
0 -0.025 -0.045 0 1
0 -0.025 -0.035 0 1
0 -0.025 -0.025 0 1
0 -0.025 -0.015 0 1
0 -0.025 -0.005 0 2
0 -0.025 0.005 0 2
0 -0.025 0.015 0 2
0 -0.025 0.025 0 2
0 -0.025 0.035 0 2
0 -0.025 0.045 0 2
0 -0.025 0.055 0 2
0 -0.025 0.065 0 2
0 -0.025 0.075 0 2
0 -0.025 0.085 0 2
0 -0.025 0.095 0 2
0 -0.025 0.105 0 2
0 -0.025 0.115 0 2
0 -0.025 0.125 0 2
0 -0.025 0.135 0 2
0 -0.025 0.145 0 2
0 -0.025 0.155 0 2
0 -0.025 0.165 0 2
0 -0.025 0.175 0 2
0 -0.025 0.185 0 2
0 -0.025 0.195 0 2
0 -0.025 0.205 0 2
0 -0.025 0.215 0 2
0 -0.025 0.225 0 2
0 -0.025 0.235 0 2
0 -0.025 0.245 0 2
0 -0.025 0.255 0 2
0 -0.025 0.265 0 2
0 -0.025 0.275 0 2
0 -0.025 0.285 0 2
0 -0.025 0.295 0 2
0 -0.025 0.305 0 2
0 -0.025 0.315 0 2
0 -0.025 0.325 0 2
0 -0.025 0.335 0 2
0 -0.025 0.345 0 2
0 -0.025 0.355 0 2
0 -0.025 0.365 0 2
0 -0.025 0.375 0 2
0 -0.025 0.385 0 2
0 -0.025 0.395 0 2
0 -0.025 0.405 0 2
0 -0.025 0.415 0 2
0 -0.025 0.425 0 2
0 -0.025 0.435 0 2
0 -0.025 0.445 0 1
0 -0.025 0.455 0 1
0 -0.025 0.465 0 1
0 -0.025 0.475 0 1
0 -0.025 0.485 0 1
0 -0.025 0.495 0 1
0 -0.025 0.505 0 2
0 -0.025 0.515 0 2
0 -0.025 0.525 0 2
0 -0.025 0.535 0 2
0 -0.025 0.545 0 2
0 -0.025 0.555 0 2
0 -0.025 0.565 0 2
0 -0.015 -0.555 0 2
0 -0.015 -0.545 0 2
0 -0.015 -0.535 0 2
0 -0.015 -0.525 0 2
0 -0.015 -0.515 0 2
0 -0.015 -0.505 0 2
0 -0.015 -0.495 0 2
0 -0.015 -0.485 0 2
0 -0.015 -0.475 0 2
0 -0.015 -0.465 0 2
0 -0.015 -0.455 0 2
0 -0.015 -0.445 0 2
0 -0.015 -0.435 0 2
0 -0.015 -0.425 0 2
0 -0.015 -0.415 0 2
0 -0.015 -0.405 0 2
0 -0.015 -0.395 0 2
0 -0.015 -0.385 0 1
0 -0.015 -0.375 0 1
0 -0.015 -0.365 0 1
0 -0.015 -0.355 0 1
0 -0.015 -0.345 0 1
0 -0.015 -0.335 0 1
0 -0.015 -0.325 0 1
0 -0.015 -0.315 0 1
0 -0.015 -0.305 0 1
0 -0.015 -0.295 0 2
0 -0.015 -0.285 0 2
0 -0.015 -0.275 0 2
0 -0.015 -0.265 0 2
0 -0.015 -0.255 0 2
0 -0.015 -0.245 0 2
0 -0.015 -0.235 0 2
0 -0.015 -0.225 0 2
0 -0.015 -0.215 0 2
0 -0.015 -0.205 0 2
0 -0.015 -0.195 0 2
0 -0.015 -0.185 0 2
0 -0.015 -0.175 0 2
0 -0.015 -0.165 0 2
0 -0.015 -0.155 0 2
0 -0.015 -0.145 0 2
0 -0.015 -0.135 0 2
0 -0.015 -0.125 0 2
0 -0.015 -0.115 0 2
0 -0.015 -0.105 0 2
0 -0.015 -0.095 0 2
0 -0.015 -0.085 0 2
0 -0.015 -0.075 0 2
0 -0.015 -0.065 0 2
0 -0.015 -0.055 0 2
0 -0.015 -0.045 0 2
0 -0.015 -0.035 0 2
0 -0.015 -0.025 0 2
0 -0.015 -0.015 0 2
0 -0.015 -0.005 0 2
0 -0.015 0.005 0 2
0 -0.015 0.015 0 2
0 -0.015 0.025 0 2
0 -0.015 0.035 0 2
0 -0.015 0.045 0 2
0 -0.015 0.055 0 2
0 -0.015 0.065 0 2
0 -0.015 0.075 0 2
0 -0.015 0.085 0 2
0 -0.015 0.095 0 2
0 -0.015 0.105 0 2
0 -0.015 0.115 0 2
0 -0.015 0.125 0 2
0 -0.015 0.135 0 2
0 -0.015 0.145 0 2
0 -0.015 0.155 0 2
0 -0.015 0.165 0 2
0 -0.015 0.175 0 2
0 -0.015 0.185 0 2
0 -0.015 0.195 0 2
0 -0.015 0.205 0 2
0 -0.015 0.215 0 2
0 -0.015 0.225 0 2
0 -0.015 0.235 0 2
0 -0.015 0.245 0 2
0 -0.015 0.255 0 2
0 -0.015 0.265 0 2
0 -0.015 0.275 0 2
0 -0.015 0.285 0 2
0 -0.015 0.295 0 2
0 -0.015 0.305 0 2
0 -0.015 0.315 0 2
0 -0.015 0.325 0 2
0 -0.015 0.335 0 2
0 -0.015 0.345 0 2
0 -0.015 0.355 0 2
0 -0.015 0.365 0 2
0 -0.015 0.375 0 2
0 -0.015 0.385 0 2
0 -0.015 0.395 0 2
0 -0.015 0.405 0 2
0 -0.015 0.415 0 2
0 -0.015 0.425 0 2
0 -0.015 0.435 0 2
0 -0.015 0.445 0 2
0 -0.015 0.455 0 1
0 -0.015 0.465 0 1
0 -0.015 0.475 0 1
0 -0.015 0.485 0 1
0 -0.015 0.495 0 2
0 -0.015 0.505 0 2
0 -0.015 0.515 0 2
0 -0.015 0.525 0 2
0 -0.015 0.535 0 2
0 -0.015 0.545 0 2
0 -0.015 0.555 0 2
0 -0.015 0.565 0 2
0 -0.005 -0.555 0 2
0 -0.005 -0.545 0 2
0 -0.005 -0.535 0 2
0 -0.005 -0.525 0 2
0 -0.005 -0.515 0 2
0 -0.005 -0.505 0 2
0 -0.005 -0.495 0 2
0 -0.005 -0.485 0 2
0 -0.005 -0.475 0 2
0 -0.005 -0.465 0 2
0 -0.005 -0.455 0 2
0 -0.005 -0.445 0 2
0 -0.005 -0.435 0 2
0 -0.005 -0.425 0 2
0 -0.005 -0.415 0 2
0 -0.005 -0.405 0 2
0 -0.005 -0.395 0 2
0 -0.005 -0.385 0 1
0 -0.005 -0.375 0 1
0 -0.005 -0.365 0 1
0 -0.005 -0.355 0 1
0 -0.005 -0.345 0 1
0 -0.005 -0.335 0 1
0 -0.005 -0.325 0 1
0 -0.005 -0.315 0 1
0 -0.005 -0.305 0 2
0 -0.005 -0.295 0 2
0 -0.005 -0.285 0 2
0 -0.005 -0.275 0 2
0 -0.005 -0.265 0 2
0 -0.005 -0.255 0 2
0 -0.005 -0.245 0 2
0 -0.005 -0.235 0 2
0 -0.005 -0.225 0 2
0 -0.005 -0.215 0 2
0 -0.005 -0.205 0 2
0 -0.005 -0.195 0 2
0 -0.005 -0.185 0 2
0 -0.005 -0.175 0 2
0 -0.005 -0.165 0 2
0 -0.005 -0.155 0 2
0 -0.005 -0.145 0 2
0 -0.005 -0.135 0 2
0 -0.005 -0.125 0 2
0 -0.005 -0.115 0 2
0 -0.005 -0.105 0 2
0 -0.005 -0.095 0 2
0 -0.005 -0.085 0 2
0 -0.005 -0.075 0 2
0 -0.005 -0.065 0 2
0 -0.005 -0.055 0 2
0 -0.005 -0.045 0 2
0 -0.005 -0.035 0 2
0 -0.005 -0.025 0 2
0 -0.005 -0.015 0 2
0 -0.005 -0.005 0 2
0 -0.005 0.005 0 2
0 -0.005 0.015 0 2
0 -0.005 0.025 0 2
0 -0.005 0.035 0 2
0 -0.005 0.045 0 2
0 -0.005 0.055 0 2
0 -0.005 0.065 0 2
0 -0.005 0.075 0 2
0 -0.005 0.085 0 2
0 -0.005 0.095 0 2
0 -0.005 0.105 0 2
0 -0.005 0.115 0 2
0 -0.005 0.125 0 2
0 -0.005 0.135 0 2
0 -0.005 0.145 0 2
0 -0.005 0.155 0 2
0 -0.005 0.165 0 2
0 -0.005 0.175 0 2
0 -0.005 0.185 0 2
0 -0.005 0.195 0 2
0 -0.005 0.205 0 2
0 -0.005 0.215 0 1
0 -0.005 0.225 0 1
0 -0.005 0.235 0 1
0 -0.005 0.245 0 1
0 -0.005 0.255 0 1
0 -0.005 0.265 0 2
0 -0.005 0.275 0 2
0 -0.005 0.285 0 2
0 -0.005 0.295 0 2
0 -0.005 0.305 0 2
0 -0.005 0.315 0 2
0 -0.005 0.325 0 2
0 -0.005 0.335 0 2
0 -0.005 0.345 0 2
0 -0.005 0.355 0 2
0 -0.005 0.365 0 2
0 -0.005 0.375 0 2
0 -0.005 0.385 0 2
0 -0.005 0.395 0 2
0 -0.005 0.405 0 2
0 -0.005 0.415 0 2
0 -0.005 0.425 0 2
0 -0.005 0.435 0 2
0 -0.005 0.445 0 2
0 -0.005 0.455 0 2
0 -0.005 0.465 0 2
0 -0.005 0.475 0 2
0 -0.005 0.485 0 2
0 -0.005 0.495 0 2
0 -0.005 0.505 0 2
0 -0.005 0.515 0 2
0 -0.005 0.525 0 2
0 -0.005 0.535 0 2
0 -0.005 0.545 0 2
0 -0.005 0.555 0 2
0 -0.005 0.565 0 2
0 0.005 -0.555 0 2
0 0.005 -0.545 0 2
0 0.005 -0.535 0 2
0 0.005 -0.525 0 2
0 0.005 -0.515 0 2
0 0.005 -0.505 0 2
0 0.005 -0.495 -8.08431092e-05 2
0 0.005 -0.485 -0.0001253963383 2
0 0.005 -0.475 -0.0001724534663 2
0 0.005 -0.465 -0.0002130102921 2
0 0.005 -0.455 -0.0002512381925 2
0 0.005 -0.445 -0.0002860942413 2
0 0.005 -0.435 -0.0003176707776 2
0 0.005 -0.425 -0.0003449141322 2
0 0.005 -0.415 -0.0003668750618 2
0 0.005 -0.405 -0.0003788743124 2
0 0.005 -0.395 -0.0003898495976 2
0 0.005 -0.385 -0.0003955627246 1
0 0.005 -0.375 -0.0003908262355 1
0 0.005 -0.365 -0.0003920542358 1
0 0.005 -0.355 -0.0004029173195 1
0 0.005 -0.345 -0.00041221897 1
0 0.005 -0.335 -0.0004264572863 1
0 0.005 -0.325 -0.0004479773513 1
0 0.005 -0.315 -0.0004723320285 2
0 0.005 -0.305 -0.0004913795637 2
0 0.005 -0.295 -0.0005121042238 2
0 0.005 -0.285 -0.0005306375542 2
0 0.005 -0.275 -0.0005403727005 2
0 0.005 -0.265 -0.0005427185767 2
0 0.005 -0.255 -0.0005406559652 2
0 0.005 -0.245 -0.0005353047895 2
0 0.005 -0.235 -0.0005273920625 2
0 0.005 -0.225 -0.0005173392461 2
0 0.005 -0.215 -0.0005054126445 2
0 0.005 -0.205 -0.0004917815625 2
0 0.005 -0.195 -0.0004765572309 2
0 0.005 -0.185 -0.0004598160459 2
0 0.005 -0.175 -0.0004416142635 2
0 0.005 -0.165 -0.0004219970686 2
0 0.005 -0.155 -0.000401004138 2
0 0.005 -0.145 -0.0003786729805 2
0 0.005 -0.135 -0.000355040946 2
0 0.005 -0.125 -0.0003301465091 2
0 0.005 -0.115 -0.0003040302843 2
0 0.005 -0.105 -0.000276736156 2
0 0.005 -0.095 -0.0002483129086 2
0 0.005 -0.085 -0.0002188167682 2
0 0.005 -0.075 -0.0001883153878 2
0 0.005 -0.065 -0.0001568937797 2
0 0.005 -0.055 -0.0001246628791 2
0 0.005 -0.045 -9.177084524e-05 2
0 0.005 -0.035 -5.841655805e-05 2
0 0.005 -0.025 -2.486346661e-05 2
0 0.005 -0.015 8.554111809e-06 2
0 0.005 -0.005 4.14389876e-05 2
0 0.005 0.005 7.336781292e-05 2
0 0.005 0.015 0.0001039593012 2
0 0.005 0.025 0.0001329687085 2
0 0.005 0.035 0.0001603558079 2
0 0.005 0.045 0.00018629198 2
0 0.005 0.055 0.0002110939751 2
0 0.005 0.065 0.0002351449403 2
0 0.005 0.075 0.0002588328305 2
0 0.005 0.085 0.0002825111886 2
0 0.005 0.095 0.0003064443396 2
0 0.005 0.105 0.0003307777649 2
0 0.005 0.115 0.0003554956898 2
0 0.005 0.125 0.0003803569773 2
0 0.005 0.135 0.0004050599449 2
0 0.005 0.145 0.0004283722114 2
0 0.005 0.155 0.000450480397 2
0 0.005 0.165 0.0004699411559 2
0 0.005 0.175 0.0004830368682 2
0 0.005 0.185 0.0004916106914 2
0 0.005 0.195 0.0004988826966 1
0 0.005 0.205 0.0005006272103 1
0 0.005 0.215 0.0005023471104 1
0 0.005 0.225 0.0005015439947 1
0 0.005 0.235 0.0005016897806 1
0 0.005 0.245 0.0005139758014 1
0 0.005 0.255 0.0005249069438 1
0 0.005 0.265 0.0005368546822 1
0 0.005 0.275 0.0005532537277 2
0 0.005 0.285 0.0005611447316 2
0 0.005 0.295 0.0005550295582 2
0 0.005 0.305 0.0005506998387 2
0 0.005 0.315 0.0005442272256 2
0 0.005 0.325 0.0005358447325 2
0 0.005 0.335 0.0005253011485 2
0 0.005 0.345 0.0005129060176 2
0 0.005 0.355 0.0004991722645 2
0 0.005 0.365 0.0004846302104 2
0 0.005 0.375 0.0004695704318 2
0 0.005 0.385 0.0004539490394 2
0 0.005 0.395 0.0004373684136 2
0 0.005 0.405 0.0004190284849 2
0 0.005 0.415 0.0003977393681 2
0 0.005 0.425 0.0003724055925 2
0 0.005 0.435 0.0003410749037 2
0 0.005 0.445 0.0003060554052 2
0 0.005 0.455 0.0002686060956 2
0 0.005 0.465 0.0002274340335 2
0 0.005 0.475 0.000184535976 2
0 0.005 0.485 0.0001348588955 2
0 0.005 0.495 8.717014155e-05 2
0 0.005 0.505 0 2
0 0.005 0.515 0 2
0 0.005 0.525 0 2
0 0.005 0.535 0 2
0 0.005 0.545 0 2
0 0.005 0.555 0 2
0 0.005 0.565 0 2
0 0.015 -0.555 0 2
0 0.015 -0.545 0 2
0 0.015 -0.535 0 2
0 0.015 -0.525 0 2
0 0.015 -0.515 0 2
0 0.015 -0.505 0 2
0 0.015 -0.495 -0.000134887258 2
0 0.015 -0.485 -0.0002133887307 2
0 0.015 -0.475 -0.0002977514447 2
0 0.015 -0.465 -0.0003707189253 2
0 0.015 -0.455 -0.0004394405317 2
0 0.015 -0.445 -0.0005022846202 2
0 0.015 -0.435 -0.0005597870602 2
0 0.015 -0.425 -0.0006104485973 2
0 0.015 -0.415 -0.0006524775518 2
0 0.015 -0.405 -0.0006838688556 2
0 0.015 -0.395 -0.0007087000529 2
0 0.015 -0.385 -0.0007233721123 2
0 0.015 -0.375 -0.0007248784674 1
0 0.015 -0.365 -0.0007305946444 1
0 0.015 -0.355 -0.0007438765533 1
0 0.015 -0.345 -0.0007597249931 1
0 0.015 -0.335 -0.000785978103 1
0 0.015 -0.325 -0.0008250068625 2
0 0.015 -0.315 -0.0008585781676 2
0 0.015 -0.305 -0.0008927355444 2
0 0.015 -0.295 -0.0009234240517 2
0 0.015 -0.285 -0.0009446008078 2
0 0.015 -0.275 -0.0009545023415 2
0 0.015 -0.265 -0.0009568847458 2
0 0.015 -0.255 -0.0009528248868 2
0 0.015 -0.245 -0.0009435956975 2
0 0.015 -0.235 -0.0009300747878 2
0 0.015 -0.225 -0.0009128406004 2
0 0.015 -0.215 -0.0008922816912 2
0 0.015 -0.205 -0.0008686607699 2
0 0.015 -0.195 -0.0008421614713 2
0 0.015 -0.185 -0.0008129184859 2
0 0.015 -0.175 -0.0007810374086 2
0 0.015 -0.165 -0.0007466073162 2
0 0.015 -0.155 -0.0007097087072 2
0 0.015 -0.145 -0.0006704184068 2
0 0.015 -0.135 -0.0006288126225 2
0 0.015 -0.125 -0.0005849689618 2
0 0.015 -0.115 -0.0005389680461 2
0 0.015 -0.105 -0.0004908952544 2
0 0.015 -0.095 -0.0004408431437 2
0 0.015 -0.085 -0.0003889151166 2
0 0.015 -0.075 -0.0003352311199 2
0 0.015 -0.065 -0.0002799360461 2
0 0.015 -0.055 -0.0002232121653 2
0 0.015 -0.045 -0.0001652955362 2
0 0.015 -0.035 -0.000106497735 2
0 0.015 -0.025 -4.723007949e-05 2
0 0.015 -0.015 1.197933542e-05 2
0 0.015 -0.005 7.047715544e-05 2
0 0.015 0.005 0.0001275234008 2
0 0.015 0.015 0.0001824018478 2
0 0.015 0.025 0.0002345920802 2
0 0.015 0.035 0.0002838979202 2
0 0.015 0.045 0.0003304932647 2
0 0.015 0.055 0.0003748094148 2
0 0.015 0.065 0.0004173964546 2
0 0.015 0.075 0.0004588459151 2
0 0.015 0.085 0.0004997545358 2
0 0.015 0.095 0.0005405932491 2
0 0.015 0.105 0.0005816376157 2
0 0.015 0.115 0.0006228812474 2
0 0.015 0.125 0.0006641157444 2
0 0.015 0.135 0.0007046251833 2
0 0.015 0.145 0.0007421758506 2
0 0.015 0.155 0.0007796173527 2
0 0.015 0.165 0.0008076264546 2
0 0.015 0.175 0.0008211183509 2
0 0.015 0.185 0.0008333750883 1
0 0.015 0.195 0.0008414662677 1
0 0.015 0.205 0.0008431375067 1
0 0.015 0.215 0.0008471067098 1
0 0.015 0.225 0.0008543846844 1
0 0.015 0.235 0.0008635988422 1
0 0.015 0.245 0.0008807773153 1
0 0.015 0.255 0.0009012011084 1
0 0.015 0.265 0.000922108253 1
0 0.015 0.275 0.0009409326034 2
0 0.015 0.285 0.0009553029452 2
0 0.015 0.295 0.0009635563702 2
0 0.015 0.305 0.000964620862 2
0 0.015 0.315 0.0009599026068 2
0 0.015 0.325 0.0009498787123 2
0 0.015 0.335 0.0009351690815 2
0 0.015 0.345 0.0009165117781 2
0 0.015 0.355 0.0008948187241 2
0 0.015 0.365 0.0008707971479 2
0 0.015 0.375 0.0008447717567 2
0 0.015 0.385 0.0008165994743 2
0 0.015 0.395 0.0007856598929 2
0 0.015 0.405 0.00075085502 2
0 0.015 0.415 0.0007106284125 2
0 0.015 0.425 0.000663529085 2
0 0.015 0.435 0.0006090954134 2
0 0.015 0.445 0.0005474902075 2
0 0.015 0.455 0.0004794019162 2
0 0.015 0.465 0.0004043655912 2
0 0.015 0.475 0.0003242817343 2
0 0.015 0.485 0.0002318612255 2
0 0.015 0.495 0.0001461057906 2
0 0.015 0.505 0 2
0 0.015 0.515 0 2
0 0.015 0.525 0 2
0 0.015 0.535 0 2
0 0.015 0.545 0 2
0 0.015 0.555 0 2
0 0.015 0.565 0 2
0 0.025 -0.555 0 2
0 0.025 -0.545 0 2
0 0.025 -0.535 0 2
0 0.025 -0.525 0 2
0 0.025 -0.515 0 2
0 0.025 -0.505 0 2
0 0.025 -0.495 -0.0001883111213 2
0 0.025 -0.485 -0.0003011996215 2
0 0.025 -0.475 -0.00042418293 2
0 0.025 -0.465 -0.0005312758251 2
0 0.025 -0.455 -0.0006324531407 2
0 0.025 -0.445 -0.000725482095 2
0 0.025 -0.435 -0.0008117133347 2
0 0.025 -0.425 -0.0008895731898 2
0 0.025 -0.415 -0.0009594700463 2
0 0.025 -0.405 -0.001017938178 2
0 0.025 -0.395 -0.00106008397 2
0 0.025 -0.385 -0.001090443602 2
0 0.025 -0.375 -0.001111386782 1
0 0.025 -0.365 -0.001124033004 1
0 0.025 -0.355 -0.00113730933 1
0 0.025 -0.345 -0.00116208697 1
0 0.025 -0.335 -0.001204551831 2
0 0.025 -0.325 -0.001246565932 2
0 0.025 -0.315 -0.001288470602 2
0 0.025 -0.305 -0.001329789872 2
0 0.025 -0.295 -0.001360283456 2
0 0.025 -0.285 -0.001378799866 2
0 0.025 -0.275 -0.001388445948 2
0 0.025 -0.265 -0.001389458033 2
0 0.025 -0.255 -0.00138273278 2
0 0.025 -0.245 -0.001369356575 2
0 0.025 -0.235 -0.001350147216 2
0 0.025 -0.225 -0.001325708126 2
0 0.025 -0.215 -0.00129647135 2
0 0.025 -0.205 -0.00126275023 2
0 0.025 -0.195 -0.001224780489 2
0 0.025 -0.185 -0.001182748195 2
0 0.025 -0.175 -0.001136809166 2
0 0.025 -0.165 -0.001087101579 2
0 0.025 -0.155 -0.001033754203 2
0 0.025 -0.145 -0.0009768916356 2
0 0.025 -0.135 -0.0009166376647 2
0 0.025 -0.125 -0.0008531175445 2
0 0.025 -0.115 -0.0007864598162 2
0 0.025 -0.105 -0.0007167982312 2
0 0.025 -0.095 -0.0006442743573 2
0 0.025 -0.085 -0.0005690414689 2
0 0.025 -0.075 -0.0004912706428 2
0 0.025 -0.065 -0.0004111597288 2
0 0.025 -0.055 -0.0003289473911 2
0 0.025 -0.045 -0.0002449314986 2
0 0.025 -0.035 -0.0001594985472 2
0 0.025 -0.025 -7.315575434e-05 2
0 0.025 -0.015 1.342690143e-05 2
0 0.025 -0.005 9.93633458e-05 2
0 0.025 0.005 0.0001836275054 2
0 0.025 0.015 0.0002650506978 2
0 0.025 0.025 0.000342591334 2
0 0.025 0.035 0.0004156945674 2
0 0.025 0.045 0.0004844475491 2
0 0.025 0.055 0.0005492651484 2
0 0.025 0.065 0.0006108298357 2
0 0.025 0.075 0.0006699969137 2
0 0.025 0.085 0.000727704539 2
0 0.025 0.095 0.0007847136664 2
0 0.025 0.105 0.0008414762263 2
0 0.025 0.115 0.0008979869252 2
0 0.025 0.125 0.0009542543708 2
0 0.025 0.135 0.001009038438 2
0 0.025 0.145 0.001061583572 2
0 0.025 0.155 0.001108510669 2
0 0.025 0.165 0.001138887405 2
0 0.025 0.175 0.001156139108 1
0 0.025 0.185 0.001173098592 1
0 0.025 0.195 0.001187164292 1
0 0.025 0.205 0.001197736233 1
0 0.025 0.215 0.001210952769 1
0 0.025 0.225 0.001228143738 1
0 0.025 0.235 0.001248409711 1
0 0.025 0.245 0.001266385084 1
0 0.025 0.255 0.001293372565 1
0 0.025 0.265 0.00132355293 1
0 0.025 0.275 0.001345256819 2
0 0.025 0.285 0.001365047441 2
0 0.025 0.295 0.00138810953 2
0 0.025 0.305 0.001396551822 2
0 0.025 0.315 0.001395811401 2
0 0.025 0.325 0.001386235235 2
0 0.025 0.335 0.001369365892 2
0 0.025 0.345 0.001346529714 2
0 0.025 0.355 0.001318906137 2
0 0.025 0.365 0.001286710617 2
0 0.025 0.375 0.001249827909 2
0 0.025 0.385 0.001208028514 2
0 0.025 0.395 0.001160583199 2
0 0.025 0.405 0.001106403814 2
0 0.025 0.415 0.001044060145 2
0 0.025 0.425 0.0009716696895 2
0 0.025 0.435 0.0008885358213 2
0 0.025 0.445 0.0007953446719 2
0 0.025 0.455 0.0006933265478 2
0 0.025 0.465 0.000581650047 2
0 0.025 0.475 0.000463082071 2
0 0.025 0.485 0.0003275247734 2
0 0.025 0.495 0.0002036423237 2
0 0.025 0.505 0 2
0 0.025 0.515 0 2
0 0.025 0.525 0 2
0 0.025 0.535 0 2
0 0.025 0.545 0 2
0 0.025 0.555 0 2
0 0.025 0.565 0 2
0 0.035 -0.555 0 2
0 0.035 -0.545 0 2
0 0.035 -0.535 0 2
0 0.035 -0.525 0 2
0 0.035 -0.515 0 2
0 0.035 -0.505 0 2
0 0.035 -0.495 -0.0002395136822 2
0 0.035 -0.485 -0.0003847695278 2
0 0.035 -0.475 -0.000544102497 2
0 0.035 -0.465 -0.0006838326674 2
0 0.035 -0.455 -0.0008164314813 2
0 0.035 -0.445 -0.0009390428837 2
0 0.035 -0.435 -0.001053875943 2
0 0.035 -0.425 -0.001159339032 2
0 0.035 -0.415 -0.001259343341 2
0 0.035 -0.405 -0.001343438566 2
0 0.035 -0.395 -0.001404846806 2
0 0.035 -0.385 -0.001456132157 1
0 0.035 -0.375 -0.001497465369 1
0 0.035 -0.365 -0.001526171815 1
0 0.035 -0.355 -0.001555397405 2
0 0.035 -0.345 -0.001592807737 2
0 0.035 -0.335 -0.001635692674 2
0 0.035 -0.325 -0.001680417175 2
0 0.035 -0.315 -0.001723967212 2
0 0.035 -0.305 -0.001759739531 2
0 0.035 -0.295 -0.001785949311 2
0 0.035 -0.285 -0.001802610699 2
0 0.035 -0.275 -0.001809914267 2
0 0.035 -0.265 -0.001808285154 2
0 0.035 -0.255 -0.001798311611 2
0 0.035 -0.245 -0.001780726426 2
0 0.035 -0.235 -0.001756106306 2
0 0.035 -0.225 -0.001724941245 2
0 0.035 -0.215 -0.001687619311 2
0 0.035 -0.205 -0.001644451587 2
0 0.035 -0.195 -0.001595696305 2
0 0.035 -0.185 -0.001541575973 2
0 0.035 -0.175 -0.001482290717 2
0 0.035 -0.165 -0.00141802724 2
0 0.035 -0.155 -0.001348965042 2
0 0.035 -0.145 -0.001275280512 2
0 0.035 -0.135 -0.001197149661 2
0 0.035 -0.125 -0.001114749971 2
0 0.035 -0.115 -0.001028261863 2
0 0.035 -0.105 -0.0009378701872 2
0 0.035 -0.095 -0.0008437662221 2
0 0.035 -0.085 -0.0007461506753 2
0 0.035 -0.075 -0.000645238584 2
0 0.035 -0.065 -0.0005412665616 2
0 0.035 -0.055 -0.0004345055071 2
0 0.035 -0.045 -0.0003252764319 2
0 0.035 -0.035 -0.0002139851728 2
0 0.035 -0.025 -0.0001011508864 2
0 0.035 -0.015 1.250199073e-05 2
0 0.035 -0.005 0.0001259796192 2
0 0.035 0.005 0.0002379986595 2
0 0.035 0.015 0.0003466886127 2
0 0.035 0.025 0.000450174143 2
0 0.035 0.035 0.0005474591778 2
0 0.035 0.045 0.000638421775 2
0 0.035 0.055 0.000723213958 2
0 0.035 0.065 0.0008026503035 2
0 0.035 0.075 0.0008778321459 2
0 0.035 0.085 0.0009500350454 2
0 0.035 0.095 0.001020562473 2
0 0.035 0.105 0.001090360486 2
0 0.035 0.115 0.001159468282 2
0 0.035 0.125 0.001227984704 2
0 0.035 0.135 0.001294193137 2
0 0.035 0.145 0.001360581914 2
0 0.035 0.155 0.001412526796 2
0 0.035 0.165 0.001446139823 2
0 0.035 0.175 0.001475872188 1
0 0.035 0.185 0.001500646778 1
0 0.035 0.195 0.00151907098 1
0 0.035 0.205 0.001540236583 1
0 0.035 0.215 0.0015643546 1
0 0.035 0.225 0.001590418566 1
0 0.035 0.235 0.001617009076 1
0 0.035 0.245 0.001642772167 1
0 0.035 0.255 0.001677713531 1
0 0.035 0.265 0.001717285995 2
0 0.035 0.275 0.001745631911 2
0 0.035 0.285 0.001775441925 2
0 0.035 0.295 0.001804566086 2
0 0.035 0.305 0.001818462997 2
0 0.035 0.315 0.001820892265 2
0 0.035 0.325 0.001812523581 2
0 0.035 0.335 0.001798106446 2
0 0.035 0.345 0.00177545151 2
0 0.035 0.355 0.001744929797 2
0 0.035 0.365 0.001709089717 2
0 0.035 0.375 0.001665837449 2
0 0.035 0.385 0.001608701939 2
0 0.035 0.395 0.001542430518 2
0 0.035 0.405 0.001466853941 2
0 0.035 0.415 0.001377933742 2
0 0.035 0.425 0.0012745841 2
0 0.035 0.435 0.001161011086 2
0 0.035 0.445 0.00103494068 2
0 0.035 0.455 0.0008983221583 2
0 0.035 0.465 0.0007502411701 2
0 0.035 0.475 0.0005943093473 2
0 0.035 0.485 0.0004180299336 2
0 0.035 0.495 0.0002583907841 2
0 0.035 0.505 0 2
0 0.035 0.515 0 2
0 0.035 0.525 0 2
0 0.035 0.535 0 2
0 0.035 0.545 0 2
0 0.035 0.555 0 2
0 0.035 0.565 0 2
0 0.045 -0.555 0 2
0 0.045 -0.545 0 2
0 0.045 -0.535 0 2
0 0.045 -0.525 0 2
0 0.045 -0.515 0 2
0 0.045 -0.505 0 2
0 0.045 -0.495 -0.0002893972696 2
0 0.045 -0.485 -0.0004658544426 2
0 0.045 -0.475 -0.0006602008966 2
0 0.045 -0.465 -0.0008314021032 2
0 0.045 -0.455 -0.0009943980387 2
0 0.045 -0.445 -0.001145702226 2
0 0.045 -0.435 -0.001288220238 2
0 0.045 -0.425 -0.00142019429 2
0 0.045 -0.415 -0.001548214998 2
0 0.045 -0.405 -0.001653255377 2
0 0.045 -0.395 -0.00173349831 1
0 0.045 -0.385 -0.001800941942 1
0 0.045 -0.375 -0.001861060792 1
0 0.045 -0.365 -0.001911920758 1
0 0.045 -0.355 -0.001958482185 1
0 0.045 -0.345 -0.002003083635 1
0 0.045 -0.335 -0.002050598431 2
0 0.045 -0.325 -0.002100884325 2
0 0.045 -0.315 -0.002147907375 2
0 0.045 -0.305 -0.002179706355 2
0 0.045 -0.295 -0.002202676333 2
0 0.045 -0.285 -0.002217424535 2
0 0.045 -0.275 -0.002222325414 2
0 0.045 -0.265 -0.002218137016 2
0 0.045 -0.255 -0.002205091267 2
0 0.045 -0.245 -0.002183557374 2
0 0.045 -0.235 -0.00215390146 2
0 0.045 -0.225 -0.002116456358 2
0 0.045 -0.215 -0.002071534889 2
0 0.045 -0.205 -0.00201942305 2
0 0.045 -0.195 -0.001960388385 2
0 0.045 -0.185 -0.001894683501 2
0 0.045 -0.175 -0.00182255117 2
0 0.045 -0.165 -0.001744227947 2
0 0.045 -0.155 -0.001659947192 2
0 0.045 -0.145 -0.001569941225 2
0 0.045 -0.135 -0.001474442835 2
0 0.045 -0.125 -0.001373686279 2
0 0.045 -0.115 -0.001267907982 2
0 0.045 -0.105 -0.001157347144 2
0 0.045 -0.095 -0.001042246552 2
0 0.045 -0.085 -0.0009228538491 2
0 0.045 -0.075 -0.0007994240092 2
0 0.045 -0.065 -0.0006722229544 2
0 0.045 -0.055 -0.000541536092 2
0 0.045 -0.045 -0.0004076766076 2
0 0.045 -0.035 -0.0002710201211 2
0 0.045 -0.025 -0.0001320103521 2
0 0.045 -0.015 8.679038053e-06 2
0 0.045 -0.005 0.000150202278 2
0 0.045 0.005 0.0002910630479 2
0 0.045 0.015 0.0004285899447 2
0 0.045 0.025 0.0005624417273 2
0 0.045 0.035 0.0006871404328 2
0 0.045 0.045 0.0008011952348 2
0 0.045 0.055 0.0009058843974 2
0 0.045 0.065 0.001002194665 2
0 0.045 0.075 0.001088905547 2
0 0.045 0.085 0.001171396205 2
0 0.045 0.095 0.001252879275 2
0 0.045 0.105 0.001333244025 2
0 0.045 0.115 0.001412323227 2
0 0.045 0.125 0.001490730863 2
0 0.045 0.135 0.001566055987 2
0 0.045 0.145 0.001642914706 2
0 0.045 0.155 0.001701922815 2
0 0.045 0.165 0.001745016559 1
0 0.045 0.175 0.001784264958 1
0 0.045 0.185 0.001817478065 1
0 0.045 0.195 0.001845652628 1
0 0.045 0.205 0.001878229265 1
0 0.045 0.215 0.001911553926 1
0 0.045 0.225 0.001944452486 1
0 0.045 0.235 0.001977895052 1
0 0.045 0.245 0.002017600542 1
0 0.045 0.255 0.002062375021 1
0 0.045 0.265 0.002107233584 2
0 0.045 0.275 0.002148919299 2
0 0.045 0.285 0.0021904729 2
0 0.045 0.295 0.002220671501 2
0 0.045 0.305 0.002237169732 2
0 0.045 0.315 0.002243381229 2
0 0.045 0.325 0.002236669196 2
0 0.045 0.335 0.002221416692 2
0 0.045 0.345 0.002198927424 2
0 0.045 0.355 0.002167390867 2
0 0.045 0.365 0.002126306566 2
0 0.045 0.375 0.002074554128 2
0 0.045 0.385 0.002005012442 2
0 0.045 0.395 0.001920722795 2
0 0.045 0.405 0.001824128155 2
0 0.045 0.415 0.001710016085 2
0 0.045 0.425 0.001575288164 2
0 0.045 0.435 0.001427146045 2
0 0.045 0.445 0.001267512967 2
0 0.045 0.455 0.001096262791 2
0 0.045 0.465 0.0009125371968 2
0 0.045 0.475 0.0007204187773 2
0 0.045 0.485 0.0005049903128 2
0 0.045 0.495 0.000311094133 2
0 0.045 0.505 0 2
0 0.045 0.515 0 2
0 0.045 0.525 0 2
0 0.045 0.535 0 2
0 0.045 0.545 0 2
0 0.045 0.555 0 2
0 0.045 0.565 0 2
0 0.055 -0.555 0 2
0 0.055 -0.545 0 2
0 0.055 -0.535 0 2
0 0.055 -0.525 0 2
0 0.055 -0.515 0 2
0 0.055 -0.505 0 2
0 0.055 -0.495 -0.0003382728273 2
0 0.055 -0.485 -0.0005449350457 2
0 0.055 -0.475 -0.000772962845 2
0 0.055 -0.465 -0.0009742239892 2
0 0.055 -0.455 -0.001166149386 2
0 0.055 -0.445 -0.001344617498 2
0 0.055 -0.435 -0.001512937264 2
0 0.055 -0.425 -0.001669198687 2
0 0.055 -0.415 -0.001819987505 2
0 0.055 -0.405 -0.001944978112 2
0 0.055 -0.395 -0.002045417733 1
0 0.055 -0.385 -0.002126931355 1
0 0.055 -0.375 -0.002198367093 1
0 0.055 -0.365 -0.002265004359 1
0 0.055 -0.355 -0.002327069999 1
0 0.055 -0.345 -0.002383202717 1
0 0.055 -0.335 -0.002430010557 1
0 0.055 -0.325 -0.002483623869 2
0 0.055 -0.315 -0.00253943375 2
0 0.055 -0.305 -0.002578602646 2
0 0.055 -0.295 -0.002601887811 2
0 0.055 -0.285 -0.00261739908 2
0 0.055 -0.275 -0.002621547568 2
0 0.055 -0.265 -0.002615748475 2
0 0.055 -0.255 -0.002600379902 2
0 0.055 -0.245 -0.002575537257 2
0 0.055 -0.235 -0.002541436382 2
0 0.055 -0.225 -0.002498276973 2
0 0.055 -0.215 -0.002446309817 2
0 0.055 -0.205 -0.002385801835 2
0 0.055 -0.195 -0.002317033576 2
0 0.055 -0.185 -0.002240290685 2
0 0.055 -0.175 -0.002155861492 2
0 0.055 -0.165 -0.002064035595 2
0 0.055 -0.155 -0.001965103731 2
0 0.055 -0.145 -0.001859357919 2
0 0.055 -0.135 -0.001747091645 2
0 0.055 -0.125 -0.001628599854 2
0 0.055 -0.115 -0.001504178707 2
0 0.055 -0.105 -0.001374125096 2
0 0.055 -0.095 -0.001238735974 2
0 0.055 -0.085 -0.001098307477 2
0 0.055 -0.075 -0.0009531342944 2
0 0.055 -0.065 -0.0008035085373 2
0 0.055 -0.055 -0.0006497219994 2
0 0.055 -0.045 -0.0004920629483 2
0 0.055 -0.035 -0.000330843255 2
0 0.055 -0.025 -0.000166361349 2
0 0.055 -0.015 8.717463583e-07 2
0 0.055 -0.005 0.0001705205834 2
0 0.055 0.005 0.0003408765807 2
0 0.055 0.015 0.0005108124958 2
0 0.055 0.025 0.0006765761154 2
0 0.055 0.035 0.0008276871447 2
0 0.055 0.045 0.0009629032985 2
0 0.055 0.055 0.001085312076 2
0 0.055 0.065 0.001196615252 2
0 0.055 0.075 0.001296338682 2
0 0.055 0.085 0.001390480802 2
0 0.055 0.095 0.001479943982 2
0 0.055 0.105 0.001567927065 2
0 0.055 0.115 0.00165666909 2
0 0.055 0.125 0.001743686705 2
0 0.055 0.135 0.001826267796 2
0 0.055 0.145 0.001906295596 2
0 0.055 0.155 0.001976682458 2
0 0.055 0.165 0.002035209669 1
0 0.055 0.175 0.00208233592 1
0 0.055 0.185 0.002124069587 1
0 0.055 0.195 0.002166088844 1
0 0.055 0.205 0.002205594369 1
0 0.055 0.215 0.002247083311 1
0 0.055 0.225 0.002289161566 1
0 0.055 0.235 0.002333105392 1
0 0.055 0.245 0.002386748559 1
0 0.055 0.255 0.002449785081 2
0 0.055 0.265 0.002503231158 2
0 0.055 0.275 0.002556549894 2
0 0.055 0.285 0.002603171589 2
0 0.055 0.295 0.002631828181 2
0 0.055 0.305 0.002649692258 2
0 0.055 0.315 0.002654621822 2
0 0.055 0.325 0.002643756749 2
0 0.055 0.335 0.002619894326 2
0 0.055 0.345 0.002589397568 2
0 0.055 0.355 0.002550395468 1
0 0.055 0.365 0.00249932415 1
0 0.055 0.375 0.002437253462 1
0 0.055 0.385 0.002364047541 1
0 0.055 0.395 0.002275990146 1
0 0.055 0.405 0.002162190961 2
0 0.055 0.415 0.002026763881 2
0 0.055 0.425 0.001864299616 2
0 0.055 0.435 0.001681343261 2
0 0.055 0.445 0.001489627566 2
0 0.055 0.455 0.001285220924 2
0 0.055 0.465 0.001067541396 2
0 0.055 0.475 0.0008410246432 2
0 0.055 0.485 0.0005883444024 2
0 0.055 0.495 0.000361775862 2
0 0.055 0.505 0 2
0 0.055 0.515 0 2
0 0.055 0.525 0 2
0 0.055 0.535 0 2
0 0.055 0.545 0 2
0 0.055 0.555 0 2
0 0.055 0.565 0 2
0 0.065 -0.555 0 2
0 0.065 -0.545 0 2
0 0.065 -0.535 0 2
0 0.065 -0.525 0 2
0 0.065 -0.515 0 2
0 0.065 -0.505 0 2
0 0.065 -0.495 -0.0003864783507 2
0 0.065 -0.485 -0.0006226123455 2
0 0.065 -0.475 -0.0008832280718 2
0 0.065 -0.465 -0.00111324238 2
0 0.065 -0.455 -0.001332616629 2
0 0.065 -0.445 -0.001536605333 2
0 0.065 -0.435 -0.001728739778 2
0 0.065 -0.425 -0.001907534579 2
0 0.065 -0.415 -0.002080229576 2
0 0.065 -0.405 -0.002226800085 2
0 0.065 -0.395 -0.002345545249 1
0 0.065 -0.385 -0.002438981927 1
0 0.065 -0.375 -0.002518102464 1
0 0.065 -0.365 -0.002595362464 1
0 0.065 -0.355 -0.002666157159 1
0 0.065 -0.345 -0.002731059496 1
0 0.065 -0.335 -0.002784623503 1
0 0.065 -0.325 -0.002834719933 1
0 0.065 -0.315 -0.002897664294 2
0 0.065 -0.305 -0.002951003452 2
0 0.065 -0.295 -0.002983885076 2
0 0.065 -0.285 -0.00300026011 2
0 0.065 -0.275 -0.003005790373 2
0 0.065 -0.265 -0.002999891405 2
0 0.065 -0.255 -0.002983425695 2
0 0.065 -0.245 -0.002956221725 2
0 0.065 -0.235 -0.002918433231 2
0 0.065 -0.225 -0.002870201692 2
0 0.065 -0.215 -0.002811765724 2
0 0.065 -0.205 -0.002743405123 2
0 0.065 -0.195 -0.002665432835 2
0 0.065 -0.185 -0.00257817951 2
0 0.065 -0.175 -0.00248198671 2
0 0.065 -0.165 -0.002377202496 2
0 0.065 -0.155 -0.002264179281 2
0 0.065 -0.145 -0.002143272616 2
0 0.065 -0.135 -0.002014840356 2
0 0.065 -0.125 -0.001879241827 2
0 0.065 -0.115 -0.001736836734 2
0 0.065 -0.105 -0.001587983643 2
0 0.065 -0.095 -0.00143303791 2
0 0.065 -0.085 -0.001272348767 2
0 0.065 -0.075 -0.001106255683 2
0 0.065 -0.065 -0.0009350825717 2
0 0.065 -0.055 -0.0007591334111 2
0 0.065 -0.045 -0.0005786768417 2
0 0.065 -0.035 -0.0003939609424 2
0 0.065 -0.025 -0.0002051284732 2
0 0.065 -0.015 -1.247647592e-05 2
0 0.065 -0.005 0.0001843321105 2
0 0.065 0.005 0.0003834924868 2
0 0.065 0.015 0.0005879127826 2
0 0.065 0.025 0.0007857959251 2
0 0.065 0.035 0.000963640047 2
0 0.065 0.045 0.00112036744 1
0 0.065 0.055 0.001247693261 1
0 0.065 0.065 0.001366958851 1
0 0.065 0.075 0.001479051304 1
0 0.065 0.085 0.001585261432 1
0 0.065 0.095 0.001688823865 2
0 0.065 0.105 0.001790560925 2
0 0.065 0.115 0.001892341265 2
0 0.065 0.125 0.001989822523 2
0 0.065 0.135 0.002082284136 2
0 0.065 0.145 0.002165616931 2
0 0.065 0.155 0.002245120021 2
0 0.065 0.165 0.002315564136 1
0 0.065 0.175 0.002370487858 1
0 0.065 0.185 0.002420464411 1
0 0.065 0.195 0.002474812563 1
0 0.065 0.205 0.002524139191 1
0 0.065 0.215 0.00257651579 1
0 0.065 0.225 0.002633211255 1
0 0.065 0.235 0.002694851525 1
0 0.065 0.245 0.002772490839 2
0 0.065 0.255 0.002842265171 2
0 0.065 0.265 0.002906720156 2
0 0.065 0.275 0.002963361185 2
0 0.065 0.285 0.003006482067 2
0 0.065 0.295 0.003035277214 2
0 0.065 0.305 0.00304862168 2
0 0.065 0.315 0.003040634184 2
0 0.065 0.325 0.00301677754 2
0 0.065 0.335 0.002982374495 1
0 0.065 0.345 0.002941064024 1
0 0.065 0.355 0.002888450033 1
0 0.065 0.365 0.002822104537 1
0 0.065 0.375 0.002746162664 1
0 0.065 0.385 0.00266493468 1
0 0.065 0.395 0.002572403972 1
0 0.065 0.405 0.002460154982 1
0 0.065 0.415 0.002316655169 2
0 0.065 0.425 0.002134203244 2
0 0.065 0.435 0.001919529178 2
0 0.065 0.445 0.001698740494 2
0 0.065 0.455 0.001463888201 2
0 0.065 0.465 0.001214633271 2
0 0.065 0.475 0.0009558721731 2
0 0.065 0.485 0.0006679817904 2
0 0.065 0.495 0.0004103787612 2
0 0.065 0.505 0 2
0 0.065 0.515 0 2
0 0.065 0.525 0 2
0 0.065 0.535 0 2
0 0.065 0.545 0 2
0 0.065 0.555 0 2
0 0.065 0.565 0 2
0 0.075 -0.555 0 2
0 0.075 -0.545 0 2
0 0.075 -0.535 0 2
0 0.075 -0.525 0 2
0 0.075 -0.515 0 2
0 0.075 -0.505 0 2
0 0.075 -0.495 -0.0004345120375 2
0 0.075 -0.485 -0.0006998896004 2
0 0.075 -0.475 -0.0009924115203 2
0 0.075 -0.465 -0.001250105393 2
0 0.075 -0.455 -0.001495523495 2
0 0.075 -0.445 -0.001723288063 2
0 0.075 -0.435 -0.001936894521 2
0 0.075 -0.425 -0.002135663257 2
0 0.075 -0.415 -0.002326995204 2
0 0.075 -0.405 -0.002495091829 2
0 0.075 -0.395 -0.002631650775 1
0 0.075 -0.385 -0.002737116852 1
0 0.075 -0.375 -0.002826120586 1
0 0.075 -0.365 -0.002913253416 1
0 0.075 -0.355 -0.002990615526 1
0 0.075 -0.345 -0.003061518733 1
0 0.075 -0.335 -0.003124981819 1
0 0.075 -0.325 -0.003178716007 1
0 0.075 -0.315 -0.003240068256 2
0 0.075 -0.305 -0.003301923085 2
0 0.075 -0.295 -0.00334553709 2
0 0.075 -0.285 -0.003364770286 2
0 0.075 -0.275 -0.003373971826 2
0 0.075 -0.265 -0.003369918567 2
0 0.075 -0.255 -0.003353755355 2
0 0.075 -0.245 -0.003325226207 2
0 0.075 -0.235 -0.003284531505 2
0 0.075 -0.225 -0.003231860008 2
0 0.075 -0.215 -0.003167504753 2
0 0.075 -0.205 -0.003091802449 2
0 0.075 -0.195 -0.003005124635 2
0 0.075 -0.185 -0.002907862597 2
0 0.075 -0.175 -0.002800420453 2
0 0.075 -0.165 -0.002683210601 2
0 0.075 -0.155 -0.002556651236 2
0 0.075 -0.145 -0.002421164743 2
0 0.075 -0.135 -0.002277176435 2
0 0.075 -0.125 -0.002125113234 2
0 0.075 -0.115 -0.001965402007 2
0 0.075 -0.105 -0.001798467316 2
0 0.075 -0.095 -0.001624728334 2
0 0.075 -0.085 -0.001444594449 2
0 0.075 -0.075 -0.001258459466 2
0 0.075 -0.065 -0.001066692439 2
0 0.075 -0.055 -0.0008696282254 2
0 0.075 -0.045 -0.0006675429033 2
0 0.075 -0.035 -0.0004606561706 2
0 0.075 -0.025 -0.0002490092603 2
0 0.075 -0.015 -3.271435579e-05 2
0 0.075 -0.005 0.0001891636692 2
0 0.075 0.005 0.000415034332 2
0 0.075 0.015 0.0006542393379 2
0 0.075 0.025 0.0008788501866 2
0 0.075 0.035 0.001074198188 1
0 0.075 0.045 0.001230977084 1
0 0.075 0.055 0.0013701014 1
0 0.075 0.065 0.001505833397 1
0 0.075 0.075 0.001638122783 1
0 0.075 0.085 0.001766388579 1
0 0.075 0.095 0.001884724944 1
0 0.075 0.105 0.001996297646 1
0 0.075 0.115 0.002113166249 2
0 0.075 0.125 0.00222803343 2
0 0.075 0.135 0.00233835717 2
0 0.075 0.145 0.002434556661 2
0 0.075 0.155 0.002523680413 2
0 0.075 0.165 0.002606797815 2
0 0.075 0.175 0.002672790129 1
0 0.075 0.185 0.002729824958 1
0 0.075 0.195 0.002790873659 1
0 0.075 0.205 0.002853719217 1
0 0.075 0.215 0.002921134435 1
0 0.075 0.225 0.003008053271 2
0 0.075 0.235 0.00309402294 2
0 0.075 0.245 0.003173800371 2
0 0.075 0.255 0.003244621499 2
0 0.075 0.265 0.003310182418 2
0 0.075 0.275 0.003362409994 2
0 0.075 0.285 0.003401415912 2
0 0.075 0.295 0.003424419982 2
0 0.075 0.305 0.003422535658 2
0 0.075 0.315 0.003396847959 2
0 0.075 0.325 0.003361977391 1
0 0.075 0.335 0.003320773394 1
0 0.075 0.345 0.003265668727 1
0 0.075 0.355 0.003199520099 1
0 0.075 0.365 0.003123785776 1
0 0.075 0.375 0.003038855784 1
0 0.075 0.385 0.002948159894 1
0 0.075 0.395 0.002851030673 1
0 0.075 0.405 0.002732384528 1
0 0.075 0.415 0.002576330262 2
0 0.075 0.425 0.00237730137 2
0 0.075 0.435 0.002139159384 2
0 0.075 0.445 0.001893386739 2
0 0.075 0.455 0.001631585408 2
0 0.075 0.465 0.001353488346 2
0 0.075 0.475 0.001064818787 2
0 0.075 0.485 0.000743836139 2
0 0.075 0.495 0.0004568664889 2
0 0.075 0.505 0 2
0 0.075 0.515 0 2
0 0.075 0.525 0 2
0 0.075 0.535 0 2
0 0.075 0.545 0 2
0 0.075 0.555 0 2
0 0.075 0.565 0 2
0 0.085 -0.555 0 2
0 0.085 -0.545 0 2
0 0.085 -0.535 0 2
0 0.085 -0.525 0 2
0 0.085 -0.515 0 2
0 0.085 -0.505 0 2
0 0.085 -0.495 -0.0004827794973 2
0 0.085 -0.485 -0.0007775457018 2
0 0.085 -0.475 -0.001101657684 2
0 0.085 -0.465 -0.00138659247 2
0 0.085 -0.455 -0.00165712829 2
0 0.085 -0.445 -0.001906881526 2
0 0.085 -0.435 -0.002139214328 2
0 0.085 -0.425 -0.002354379436 2
0 0.085 -0.415 -0.002558364302 2
0 0.085 -0.405 -0.002746687598 2
0 0.085 -0.395 -0.002901888131 1
0 0.085 -0.385 -0.003020207623 1
0 0.085 -0.375 -0.003120867032 1
0 0.085 -0.365 -0.00321717051 1
0 0.085 -0.355 -0.00330284916 1
0 0.085 -0.345 -0.003379493638 1
0 0.085 -0.335 -0.003451058959 1
0 0.085 -0.325 -0.003510476241 1
0 0.085 -0.315 -0.003565159093 1
0 0.085 -0.305 -0.003630224739 2
0 0.085 -0.295 -0.003682520928 2
0 0.085 -0.285 -0.003711436515 2
0 0.085 -0.275 -0.003726663094 2
0 0.085 -0.265 -0.003726364418 2
0 0.085 -0.255 -0.003711706726 2
0 0.085 -0.245 -0.003682709166 2
0 0.085 -0.235 -0.003639737082 2
0 0.085 -0.225 -0.003583136534 2
0 0.085 -0.215 -0.003513316298 2
0 0.085 -0.205 -0.003430708755 2
0 0.085 -0.195 -0.003335765977 2
0 0.085 -0.185 -0.003228952397 2
0 0.085 -0.175 -0.003110741716 2
0 0.085 -0.165 -0.00298161478 2
0 0.085 -0.155 -0.002842058235 2
0 0.085 -0.145 -0.002692563409 2
0 0.085 -0.135 -0.002533625137 2
0 0.085 -0.125 -0.00236574033 2
0 0.085 -0.115 -0.00218940608 2
0 0.085 -0.105 -0.002005117067 2
0 0.085 -0.095 -0.001813362016 2
0 0.085 -0.085 -0.001614618682 2
0 0.085 -0.075 -0.001409347168 2
0 0.085 -0.065 -0.001197979491 2
0 0.085 -0.055 -0.0009809082305 2
0 0.085 -0.045 -0.0007584591192 2
0 0.085 -0.035 -0.0005308884022 2
0 0.085 -0.025 -0.0002982546396 2
0 0.085 -0.015 -6.065095657e-05 2
0 0.085 -0.005 0.000182918485 2
0 0.085 0.005 0.0004309955804 2
0 0.085 0.015 0.0006936995184 2
0 0.085 0.025 0.0009412912847 2
0 0.085 0.035 0.001159278729 1
0 0.085 0.045 0.001331403147 1
0 0.085 0.055 0.001482737893 1
0 0.085 0.065 0.001634156847 1
0 0.085 0.075 0.001782728716 1
0 0.085 0.085 0.001927502201 1
0 0.085 0.095 0.002066918803 1
0 0.085 0.105 0.002200586762 1
0 0.085 0.115 0.002323440673 1
0 0.085 0.125 0.002461795552 2
0 0.085 0.135 0.002601421662 2
0 0.085 0.145 0.00272459917 2
0 0.085 0.155 0.002827391786 2
0 0.085 0.165 0.002921047528 2
0 0.085 0.175 0.00300760112 2
0 0.085 0.185 0.003083801621 2
0 0.085 0.195 0.003157477215 2
0 0.085 0.205 0.00323839619 2
0 0.085 0.215 0.003323270511 2
0 0.085 0.225 0.003409565921 2
0 0.085 0.235 0.003495661147 2
0 0.085 0.245 0.003575378984 2
0 0.085 0.255 0.003642371238 2
0 0.085 0.265 0.003699958083 2
0 0.085 0.275 0.003742277716 2
0 0.085 0.285 0.003775992378 2
0 0.085 0.295 0.003786384106 2
0 0.085 0.305 0.003766583178 2
0 0.085 0.315 0.003730931542 1
0 0.085 0.325 0.003695487588 1
0 0.085 0.335 0.003644944176 1
0 0.085 0.345 0.00358092697 1
0 0.085 0.355 0.003507108485 1
0 0.085 0.365 0.003424674827 1
0 0.085 0.375 0.003332929616 1
0 0.085 0.385 0.003229946051 1
0 0.085 0.395 0.003123875288 1
0 0.085 0.405 0.002994853285 1
0 0.085 0.415 0.002820246081 2
0 0.085 0.425 0.002599048461 2
0 0.085 0.435 0.002342316339 2
0 0.085 0.445 0.002074565517 2
0 0.085 0.455 0.001788884799 2
0 0.085 0.465 0.001484452711 2
0 0.085 0.475 0.001168063907 2
0 0.085 0.485 0.000816002557 2
0 0.085 0.495 0.0005012687424 2
0 0.085 0.505 0 2
0 0.085 0.515 0 2
0 0.085 0.525 0 2
0 0.085 0.535 0 2
0 0.085 0.545 0 2
0 0.085 0.555 0 2
0 0.085 0.565 0 2
0 0.095 -0.555 0 2
0 0.095 -0.545 0 2
0 0.095 -0.535 0 2
0 0.095 -0.525 0 2
0 0.095 -0.515 0 2
0 0.095 -0.505 0 2
0 0.095 -0.495 -0.0005292537647 2
0 0.095 -0.485 -0.0008560754266 2
0 0.095 -0.475 -0.001216425899 2
0 0.095 -0.465 -0.00153092363 2
0 0.095 -0.455 -0.001825863405 2
0 0.095 -0.445 -0.002095178706 2
0 0.095 -0.435 -0.002341575237 2
0 0.095 -0.425 -0.002568026384 2
0 0.095 -0.415 -0.002777277199 2
0 0.095 -0.405 -0.002975796853 2
0 0.095 -0.395 -0.003155317003 2
0 0.095 -0.385 -0.003296767913 1
0 0.095 -0.375 -0.003405862458 1
0 0.095 -0.365 -0.003506233833 1
0 0.095 -0.355 -0.003600645364 1
0 0.095 -0.345 -0.003684616455 1
0 0.095 -0.335 -0.003761008867 1
0 0.095 -0.325 -0.003825244806 1
0 0.095 -0.315 -0.00388539375 1
0 0.095 -0.305 -0.003950603616 2
0 0.095 -0.295 -0.004005450265 2
0 0.095 -0.285 -0.004045216221 2
0 0.095 -0.275 -0.004066826884 2
0 0.095 -0.265 -0.004071033163 2
0 0.095 -0.255 -0.004058344486 2
0 0.095 -0.245 -0.004029244269 2
0 0.095 -0.235 -0.00398429405 2
0 0.095 -0.225 -0.003924052099 2
0 0.095 -0.215 -0.003849067622 2
0 0.095 -0.205 -0.003759883114 2
0 0.095 -0.195 -0.003657037948 2
0 0.095 -0.185 -0.003541072788 2
0 0.095 -0.175 -0.003412532088 2
0 0.095 -0.165 -0.003271965505 2
0 0.095 -0.155 -0.003119928274 2
0 0.095 -0.145 -0.002956980912 2
0 0.095 -0.135 -0.002783688373 2
0 0.095 -0.125 -0.00260061872 2
0 0.095 -0.115 -0.002408341247 2
0 0.095 -0.105 -0.002207423925 2
0 0.095 -0.095 -0.001998429938 2
0 0.095 -0.085 -0.001781912885 2
0 0.095 -0.075 -0.001558410475 2
0 0.095 -0.065 -0.001328434862 2
0 0.095 -0.055 -0.001092462275 2
0 0.095 -0.045 -0.0008509082743 2
0 0.095 -0.035 -0.0006041252542 2
0 0.095 -0.025 -0.0003522885409 2
0 0.095 -0.015 -9.558793525e-05 2
0 0.095 -0.005 0.0001667340128 2
0 0.095 0.005 0.0004336670039 2
0 0.095 0.015 0.0007136717427 2
0 0.095 0.025 0.0009865825099 2
0 0.095 0.035 0.001230570596 1
0 0.095 0.045 0.001422365014 1
0 0.095 0.055 0.001591943082 1
0 0.095 0.065 0.001760521157 1
0 0.095 0.075 0.001925961263 1
0 0.095 0.085 0.002087564962 1
0 0.095 0.095 0.002244925813 1
0 0.095 0.105 0.002398379349 1
0 0.095 0.115 0.002540683069 1
0 0.095 0.125 0.002690047543 1
0 0.095 0.135 0.002854052885 2
0 0.095 0.145 0.003008306709 2
0 0.095 0.155 0.003141392532 2
0 0.095 0.165 0.003257100875 2
0 0.095 0.175 0.003363950665 2
0 0.095 0.185 0.003454388336 2
0 0.095 0.195 0.003538563907 2
0 0.095 0.205 0.003628429386 2
0 0.095 0.215 0.003718872774 2
0 0.095 0.225 0.003805971701 2
0 0.095 0.235 0.003889244993 2
0 0.095 0.245 0.003964261102 2
0 0.095 0.255 0.004023494476 2
0 0.095 0.265 0.004069784945 2
0 0.095 0.275 0.004102152892 2
0 0.095 0.285 0.004123252805 2
0 0.095 0.295 0.004118974376 2
0 0.095 0.305 0.004089115053 1
0 0.095 0.315 0.00405802729 1
0 0.095 0.325 0.004017602404 1
0 0.095 0.335 0.003959680256 1
0 0.095 0.345 0.003891760906 1
0 0.095 0.355 0.003813871231 1
0 0.095 0.365 0.00372461235 1
0 0.095 0.375 0.003623859344 1
0 0.095 0.385 0.003511198491 1
0 0.095 0.395 0.003392702978 1
0 0.095 0.405 0.003247068958 1
0 0.095 0.415 0.003048276932 2
0 0.095 0.425 0.002804695079 2
0 0.095 0.435 0.002532276584 2
0 0.095 0.445 0.002244618795 2
0 0.095 0.455 0.00193722347 2
0 0.095 0.465 0.001608414415 2
0 0.095 0.475 0.001266120607 2
0 0.095 0.485 0.0008847440112 2
0 0.095 0.495 0.0005436934528 2
0 0.095 0.505 0 2
0 0.095 0.515 0 2
0 0.095 0.525 0 2
0 0.095 0.535 0 2
0 0.095 0.545 0 2
0 0.095 0.555 0 2
0 0.095 0.565 0 2
0 0.105 -0.555 0 1
0 0.105 -0.545 0 1
0 0.105 -0.535 0 1
0 0.105 -0.525 0 2
0 0.105 -0.515 0 2
0 0.105 -0.505 0 2
0 0.105 -0.495 -0.0005683152538 2
0 0.105 -0.485 -0.0009330966792 2
0 0.105 -0.475 -0.001334547418 2
0 0.105 -0.465 -0.001679088485 2
0 0.105 -0.455 -0.00199573283 2
0 0.105 -0.445 -0.002278080811 2
0 0.105 -0.435 -0.002532404535 2
0 0.105 -0.425 -0.002767401211 2
0 0.105 -0.415 -0.002984769737 2
0 0.105 -0.405 -0.003189364157 2
0 0.105 -0.395 -0.003380656591 2
0 0.105 -0.385 -0.003540896406 1
0 0.105 -0.375 -0.003667414799 1
0 0.105 -0.365 -0.003778938654 1
0 0.105 -0.355 -0.00388248876 1
0 0.105 -0.345 -0.003975096117 1
0 0.105 -0.335 -0.004057756656 1
0 0.105 -0.325 -0.004129166241 1
0 0.105 -0.315 -0.004196360816 1
0 0.105 -0.305 -0.004265172344 2
0 0.105 -0.295 -0.004323039956 2
0 0.105 -0.285 -0.004370934863 2
0 0.105 -0.275 -0.004398025817 2
0 0.105 -0.265 -0.004406171978 2
0 0.105 -0.255 -0.004395014774 2
0 0.105 -0.245 -0.004365561119 2
0 0.105 -0.235 -0.004318532616 2
0 0.105 -0.225 -0.004254675162 2
0 0.105 -0.215 -0.004174653362 2
0 0.105 -0.205 -0.004079101163 2
0 0.105 -0.195 -0.003968632055 2
0 0.105 -0.185 -0.003843853991 2
0 0.105 -0.175 -0.00370537616 2
0 0.105 -0.165 -0.003553812957 2
0 0.105 -0.155 -0.00338978543 2
0 0.105 -0.145 -0.003213921444 2
0 0.105 -0.135 -0.003026854984 2
0 0.105 -0.125 -0.002829224906 2
0 0.105 -0.115 -0.002621673193 2
0 0.105 -0.105 -0.002404842654 2
0 0.105 -0.095 -0.00217937395 2
0 0.105 -0.085 -0.0019459016 2
0 0.105 -0.075 -0.001705048962 2
0 0.105 -0.065 -0.001457420713 2
0 0.105 -0.055 -0.001203595416 2
0 0.105 -0.045 -0.0009441073074 2
0 0.105 -0.035 -0.0006794479972 2
0 0.105 -0.025 -0.0004099860167 2
0 0.105 -0.015 -0.0001361197159 2
0 0.105 -0.005 0.0001423209354 2
0 0.105 0.005 0.0004244566776 2
0 0.105 0.015 0.0007125688125 2
0 0.105 0.025 0.00100367757 2
0 0.105 0.035 0.001275608865 2
0 0.105 0.045 0.001513897648 1
0 0.105 0.055 0.001703562359 1
0 0.105 0.065 0.001883470754 1
0 0.105 0.075 0.002064093371 1
0 0.105 0.085 0.002242398982 1
0 0.105 0.095 0.002417155748 1
0 0.105 0.105 0.002588801062 1
0 0.105 0.115 0.002752444125 1
0 0.105 0.125 0.002921686204 1
0 0.105 0.135 0.003101467789 2
0 0.105 0.145 0.003275222321 1
0 0.105 0.155 0.003426279506 1
0 0.105 0.165 0.003554223147 1
0 0.105 0.175 0.003683275215 2
0 0.105 0.185 0.003799069004 2
0 0.105 0.195 0.003901956539 2
0 0.105 0.205 0.003997039841 2
0 0.105 0.215 0.004090183669 2
0 0.105 0.225 0.004179203005 2
0 0.105 0.235 0.004259528886 2
0 0.105 0.245 0.004328299548 2
0 0.105 0.255 0.004382975913 2
0 0.105 0.265 0.004422040049 2
0 0.105 0.275 0.004444576405 2
0 0.105 0.285 0.00445158754 2
0 0.105 0.295 0.004439104882 2
0 0.105 0.305 0.004409091024 1
0 0.105 0.315 0.004374564507 1
0 0.105 0.325 0.004329570503 1
0 0.105 0.335 0.004269611328 1
0 0.105 0.345 0.004199633279 1
0 0.105 0.355 0.004117616379 1
0 0.105 0.365 0.004023743519 1
0 0.105 0.375 0.003917143006 1
0 0.105 0.385 0.003799562571 1
0 0.105 0.395 0.003669211414 1
0 0.105 0.405 0.003490935106 2
0 0.105 0.415 0.003256534381 2
0 0.105 0.425 0.002995602812 2
0 0.105 0.435 0.002712042567 2
0 0.105 0.445 0.002406139872 2
0 0.105 0.455 0.002078339757 2
0 0.105 0.465 0.001726487194 2
0 0.105 0.475 0.001359649817 2
0 0.105 0.485 0.0009504089572 2
0 0.105 0.495 0.0005842906916 2
0 0.105 0.505 0 2
0 0.105 0.515 0 2
0 0.105 0.525 0 2
0 0.105 0.535 0 2
0 0.105 0.545 0 2
0 0.105 0.555 0 2
0 0.105 0.565 0 2
0 0.115 -0.555 0 1
0 0.115 -0.545 0 1
0 0.115 -0.535 0 1
0 0.115 -0.525 0 1
0 0.115 -0.515 0 1
0 0.115 -0.505 0 2
0 0.115 -0.495 -0.0005881169203 2
0 0.115 -0.485 -0.0009981827484 2
0 0.115 -0.475 -0.001448790738 2
0 0.115 -0.465 -0.001834024223 2
0 0.115 -0.455 -0.002168060994 1
0 0.115 -0.445 -0.002437823357 1
0 0.115 -0.435 -0.002688921141 1
0 0.115 -0.425 -0.002929836783 1
0 0.115 -0.415 -0.003154653169 1
0 0.115 -0.405 -0.003357911959 1
0 0.115 -0.395 -0.003549436782 1
0 0.115 -0.385 -0.003740175453 2
0 0.115 -0.375 -0.003900275307 1
0 0.115 -0.365 -0.004033649115 1
0 0.115 -0.355 -0.004147351766 1
0 0.115 -0.345 -0.004250312258 1
0 0.115 -0.335 -0.004342574451 1
0 0.115 -0.325 -0.004425606816 1
0 0.115 -0.315 -0.00450085468 1
0 0.115 -0.305 -0.004574692589 2
0 0.115 -0.295 -0.004637545432 2
0 0.115 -0.285 -0.004692560234 2
0 0.115 -0.275 -0.004723375415 2
0 0.115 -0.265 -0.004733679973 2
0 0.115 -0.255 -0.004722813646 2
0 0.115 -0.245 -0.00469221158 2
0 0.115 -0.235 -0.004642663812 2
0 0.115 -0.225 -0.004574996631 2
0 0.115 -0.215 -0.004489918402 2
0 0.115 -0.205 -0.004388106434 2
0 0.115 -0.195 -0.004270218439 2
0 0.115 -0.185 -0.004136911062 2
0 0.115 -0.175 -0.003988846585 2
0 0.115 -0.165 -0.003826696599 2
0 0.115 -0.155 -0.003651142856 2
0 0.115 -0.145 -0.003462876925 2
0 0.115 -0.135 -0.003262599153 2
0 0.115 -0.125 -0.003051017262 2
0 0.115 -0.115 -0.002828844675 2
0 0.115 -0.105 -0.002596798555 2
0 0.115 -0.095 -0.002355597463 2
0 0.115 -0.085 -0.00210595845 2
0 0.115 -0.075 -0.001848593611 2
0 0.115 -0.065 -0.001584205134 2
0 0.115 -0.055 -0.00131348094 2
0 0.115 -0.045 -0.001037083109 2
0 0.115 -0.035 -0.0007556506607 2
0 0.115 -0.025 -0.0004697483522 2
0 0.115 -0.015 -0.0001799475411 2
0 0.115 -0.005 0.0001134856884 2
0 0.115 0.005 0.0004101366458 2
0 0.115 0.015 0.0007099614522 2
0 0.115 0.025 0.001018652382 2
0 0.115 0.035 0.001315564295 2
0 0.115 0.045 0.001585183778 1
0 0.115 0.055 0.001802421771 1
0 0.115 0.065 0.002000075854 1
0 0.115 0.075 0.002196099625 1
0 0.115 0.085 0.002389672018 1
0 0.115 0.095 0.00258166812 1
0 0.115 0.105 0.002771023124 1
0 0.115 0.115 0.002956253949 1
0 0.115 0.125 0.003140057045 1
0 0.115 0.135 0.003317897321 1
0 0.115 0.145 0.003496296115 1
0 0.115 0.155 0.003667768636 1
0 0.115 0.165 0.003818929889 1
0 0.115 0.175 0.003961549172 1
0 0.115 0.185 0.004090451115 1
0 0.115 0.195 0.004205724473 1
0 0.115 0.205 0.004314163975 2
0 0.115 0.215 0.004417419639 2
0 0.115 0.225 0.004515068808 2
0 0.115 0.235 0.004600626529 2
0 0.115 0.245 0.004671624819 2
0 0.115 0.255 0.004725265083 2
0 0.115 0.265 0.004759645574 2
0 0.115 0.275 0.004774896844 2
0 0.115 0.285 0.004769549589 2
0 0.115 0.295 0.004754420969 2
0 0.115 0.305 0.004724559142 1
0 0.115 0.315 0.00468550838 1
0 0.115 0.325 0.00463605367 1
0 0.115 0.335 0.004575993369 1
0 0.115 0.345 0.00450268844 1
0 0.115 0.355 0.004418100812 1
0 0.115 0.365 0.004321575801 1
0 0.115 0.375 0.004215466157 1
0 0.115 0.385 0.004094221617 1
0 0.115 0.395 0.003937827934 2
0 0.115 0.405 0.003724494705 2
0 0.115 0.415 0.003465363156 2
0 0.115 0.425 0.003188400139 2
0 0.115 0.435 0.002887313673 2
0 0.115 0.445 0.002562271305 2
0 0.115 0.455 0.002214004276 2
0 0.115 0.465 0.001839744671 2
0 0.115 0.475 0.001449286151 2
0 0.115 0.485 0.001013336604 2
0 0.115 0.495 0.0006232101016 2
0 0.115 0.505 0 2
0 0.115 0.515 0 2
0 0.115 0.525 0 2
0 0.115 0.535 0 2
0 0.115 0.545 0 2
0 0.115 0.555 0 2
0 0.115 0.565 0 2
0 0.125 -0.555 0 1
0 0.125 -0.545 0 1
0 0.125 -0.535 0 1
0 0.125 -0.525 0 1
0 0.125 -0.515 0 1
0 0.125 -0.505 0 1
0 0.125 -0.495 -0.0005764718904 2
0 0.125 -0.485 -0.001034391788 2
0 0.125 -0.475 -0.001533985026 2
0 0.125 -0.465 -0.00193899001 1
0 0.125 -0.455 -0.002268138437 1
0 0.125 -0.445 -0.002551710019 1
0 0.125 -0.435 -0.002823224474 1
0 0.125 -0.425 -0.003078488442 1
0 0.125 -0.415 -0.003316926642 1
0 0.125 -0.405 -0.003536219284 1
0 0.125 -0.395 -0.003741244438 1
0 0.125 -0.385 -0.003929084449 1
0 0.125 -0.375 -0.004098948474 1
0 0.125 -0.365 -0.00425821273 1
0 0.125 -0.355 -0.004394018798 1
0 0.125 -0.345 -0.004512828266 1
0 0.125 -0.335 -0.004617154213 1
0 0.125 -0.325 -0.004711781036 1
0 0.125 -0.315 -0.004798636403 1
0 0.125 -0.305 -0.004882818588 2
0 0.125 -0.295 -0.004954053563 2
0 0.125 -0.285 -0.005013376192 2
0 0.125 -0.275 -0.00504471771 2
0 0.125 -0.265 -0.005054378398 2
0 0.125 -0.255 -0.005042087498 2
0 0.125 -0.245 -0.005009268602 2
0 0.125 -0.235 -0.004956602217 2
0 0.125 -0.225 -0.004884826227 2
0 0.125 -0.215 -0.004794596208 2
0 0.125 -0.205 -0.004686572558 2
0 0.125 -0.195 -0.004561421867 2
0 0.125 -0.185 -0.004419828179 2
0 0.125 -0.175 -0.0042624937 2
0 0.125 -0.165 -0.00409013858 2
0 0.125 -0.155 -0.003903499153 2
0 0.125 -0.145 -0.003703325995 2
0 0.125 -0.135 -0.003490381943 2
0 0.125 -0.125 -0.003265440244 2
0 0.125 -0.115 -0.003029282821 2
0 0.125 -0.105 -0.00278269857 2
0 0.125 -0.095 -0.00252648164 2
0 0.125 -0.085 -0.002261429534 2
0 0.125 -0.075 -0.001988341126 2
0 0.125 -0.065 -0.001708013991 2
0 0.125 -0.055 -0.001421242535 2
0 0.125 -0.045 -0.001128812174 2
0 0.125 -0.035 -0.0008315019559 2
0 0.125 -0.025 -0.0005300618065 2
0 0.125 -0.015 -0.0002252367707 2
0 0.125 -0.005 8.227646232e-05 2
0 0.125 0.005 0.0003920520116 2
0 0.125 0.015 0.0007023365147 2
0 0.125 0.025 0.001017819955 2
0 0.125 0.035 0.001329606058 2
0 0.125 0.045 0.001626119705 2
0 0.125 0.055 0.001889911261 1
0 0.125 0.065 0.00211000679 1
0 0.125 0.075 0.002322676724 1
0 0.125 0.085 0.002531277501 1
0 0.125 0.095 0.00273816822 1
0 0.125 0.105 0.002942078861 1
0 0.125 0.115 0.003143139033 1
0 0.125 0.125 0.0033389365 1
0 0.125 0.135 0.003528777589 1
0 0.125 0.145 0.003713970795 1
0 0.125 0.155 0.003890728046 1
0 0.125 0.165 0.004053072603 1
0 0.125 0.175 0.004207239273 1
0 0.125 0.185 0.004351556625 1
0 0.125 0.195 0.004482849904 1
0 0.125 0.205 0.004595449758 1
0 0.125 0.215 0.004711668702 2
0 0.125 0.225 0.004820792359 2
0 0.125 0.235 0.004917149662 2
0 0.125 0.245 0.004995176096 2
0 0.125 0.255 0.005052094643 2
0 0.125 0.265 0.005086411027 2
0 0.125 0.275 0.005099093541 2
0 0.125 0.285 0.005087382272 2
0 0.125 0.295 0.005065918949 2
0 0.125 0.305 0.005033614166 1
0 0.125 0.315 0.004991745643 1
0 0.125 0.325 0.004937522947 1
0 0.125 0.335 0.004875503678 1
0 0.125 0.345 0.004800532683 1
0 0.125 0.355 0.004713208897 1
0 0.125 0.365 0.004611995618 1
0 0.125 0.375 0.004503503877 1
0 0.125 0.385 0.004372826404 1
0 0.125 0.395 0.004193982763 2
0 0.125 0.405 0.003956575784 2
0 0.125 0.415 0.003676117015 2
0 0.125 0.425 0.003379535079 2
0 0.125 0.435 0.003058542977 2
0 0.125 0.445 0.002713763592 2
0 0.125 0.455 0.002344977921 2
0 0.125 0.465 0.001948782093 2
0 0.125 0.475 0.001535434735 2
0 0.125 0.485 0.001073759836 2
0 0.125 0.495 0.0006605584566 2
0 0.125 0.505 0 2
0 0.125 0.515 0 2
0 0.125 0.525 0 2
0 0.125 0.535 0 2
0 0.125 0.545 0 2
0 0.125 0.555 0 2
0 0.125 0.565 0 2
0 0.135 -0.555 0 1
0 0.135 -0.545 0 1
0 0.135 -0.535 0 1
0 0.135 -0.525 0 1
0 0.135 -0.515 0 1
0 0.135 -0.505 0 1
0 0.135 -0.495 -0.0005539130666 1
0 0.135 -0.485 -0.001028324528 2
0 0.135 -0.475 -0.001558124038 2
0 0.135 -0.465 -0.001999147059 1
0 0.135 -0.455 -0.002358393666 1
0 0.135 -0.445 -0.002659594496 1
0 0.135 -0.435 -0.002955323495 1
0 0.135 -0.425 -0.00322880438 1
0 0.135 -0.415 -0.003483623018 1
0 0.135 -0.405 -0.003718900895 1
0 0.135 -0.395 -0.003934822628 1
0 0.135 -0.385 -0.004130883092 1
0 0.135 -0.375 -0.004302762579 1
0 0.135 -0.365 -0.004472584297 1
0 0.135 -0.355 -0.004644052974 2
0 0.135 -0.345 -0.004781700842 1
0 0.135 -0.335 -0.004900361876 1
0 0.135 -0.325 -0.005005138559 1
0 0.135 -0.315 -0.005119696151 2
0 0.135 -0.305 -0.005209199049 2
0 0.135 -0.295 -0.005281679359 2
0 0.135 -0.285 -0.005334256003 2
0 0.135 -0.275 -0.005361397377 2
0 0.135 -0.265 -0.005367424229 2
0 0.135 -0.255 -0.005352131243 2
0 0.135 -0.245 -0.005316179384 2
0 0.135 -0.235 -0.00525989127 2
0 0.135 -0.225 -0.005183751983 2
0 0.135 -0.215 -0.005088284566 2
0 0.135 -0.205 -0.004974087206 2
0 0.135 -0.195 -0.00484181028 2
0 0.135 -0.185 -0.004692150205 2
0 0.135 -0.175 -0.004525839435 2
0 0.135 -0.165 -0.004343639715 2
0 0.135 -0.155 -0.004146336378 2
0 0.135 -0.145 -0.003934734106 2
0 0.135 -0.135 -0.003709653646 2
0 0.135 -0.125 -0.003471929333 2
0 0.135 -0.115 -0.003222407157 2
0 0.135 -0.105 -0.002961943221 2
0 0.135 -0.095 -0.002691402471 2
0 0.135 -0.085 -0.002411657563 2
0 0.135 -0.075 -0.002123587928 2
0 0.135 -0.065 -0.001828078669 2
0 0.135 -0.055 -0.00152602012 2
0 0.135 -0.045 -0.001218305701 2
0 0.135 -0.035 -0.0009058325652 2
0 0.135 -0.025 -0.0005894962838 2
0 0.135 -0.015 -0.0002701757645 2
0 0.135 -0.005 5.120099691e-05 2
0 0.135 0.005 0.0003740497942 2
0 0.135 0.015 0.0006969709161 2
0 0.135 0.025 0.001020576233 2
0 0.135 0.035 0.00134129574 2
0 0.135 0.045 0.001654020694 2
0 0.135 0.055 0.001944163839 2
0 0.135 0.065 0.002209121171 1
0 0.135 0.075 0.002436959561 1
0 0.135 0.085 0.002657302689 1
0 0.135 0.095 0.002879572605 1
0 0.135 0.105 0.003097939634 1
0 0.135 0.115 0.003319718059 1
0 0.135 0.125 0.003533801163 1
0 0.135 0.135 0.003737065231 1
0 0.135 0.145 0.003930341041 1
0 0.135 0.155 0.004114020222 1
0 0.135 0.165 0.004287962217 1
0 0.135 0.175 0.004450239764 1
0 0.135 0.185 0.004600702041 1
0 0.135 0.195 0.004738792151 1
0 0.135 0.205 0.00486342423 1
0 0.135 0.215 0.004973822695 1
0 0.135 0.225 0.005096765149 2
0 0.135 0.235 0.005208455289 2
0 0.135 0.245 0.005300281873 2
0 0.135 0.255 0.005365537055 2
0 0.135 0.265 0.005405156468 2
0 0.135 0.275 0.005421067805 2
0 0.135 0.285 0.005412016169 2
0 0.135 0.295 0.00538691728 2
0 0.135 0.305 0.005352261075 2
0 0.135 0.315 0.005295785969 1
0 0.135 0.325 0.005234430941 1
0 0.135 0.335 0.005169065046 1
0 0.135 0.345 0.005093469679 1
0 0.135 0.355 0.005002523328 1
0 0.135 0.365 0.004896150558 1
0 0.135 0.375 0.004778984667 1
0 0.135 0.385 0.004632893449 1
0 0.135 0.395 0.004432140518 2
0 0.135 0.405 0.004172609744 2
0 0.135 0.415 0.003877599606 2
0 0.135 0.425 0.003562997409 2
0 0.135 0.435 0.003224021602 2
0 0.135 0.445 0.00286011927 2
0 0.135 0.455 0.002471286247 2
0 0.135 0.465 0.002053762499 2
0 0.135 0.475 0.001618255297 2
0 0.135 0.485 0.00113178329 2
0 0.135 0.495 0.0006963853207 2
0 0.135 0.505 0 2
0 0.135 0.515 0 2
0 0.135 0.525 0 2
0 0.135 0.535 0 2
0 0.135 0.545 0 1
0 0.135 0.555 0 1
0 0.135 0.565 0 1
0 0.145 -0.555 0 1
0 0.145 -0.545 0 1
0 0.145 -0.535 0 1
0 0.145 -0.525 0 1
0 0.145 -0.515 0 1
0 0.145 -0.505 0 1
0 0.145 -0.495 -0.0005784248101 1
0 0.145 -0.485 -0.001017620017 1
0 0.145 -0.475 -0.001555567254 2
0 0.145 -0.465 -0.002032873301 1
0 0.145 -0.455 -0.002444272795 1
0 0.145 -0.445 -0.00277509494 1
0 0.145 -0.435 -0.003098143154 1
0 0.145 -0.425 -0.00339313745 1
0 0.145 -0.415 -0.003666225413 1
0 0.145 -0.405 -0.003916348658 1
0 0.145 -0.395 -0.004144250614 1
0 0.145 -0.385 -0.004352581824 1
0 0.145 -0.375 -0.004534560023 1
0 0.145 -0.365 -0.004709545661 1
0 0.145 -0.355 -0.004894475498 2
0 0.145 -0.345 -0.005067067252 2
0 0.145 -0.335 -0.005225680226 2
0 0.145 -0.325 -0.005354166317 2
0 0.145 -0.315 -0.005463567403 2
0 0.145 -0.305 -0.005547872201 2
0 0.145 -0.295 -0.005609381359 2
0 0.145 -0.285 -0.005647862388 2
0 0.145 -0.275 -0.005668642785 2
0 0.145 -0.265 -0.005670020919 2
0 0.145 -0.255 -0.005651231443 2
0 0.145 -0.245 -0.005611854783 2
0 0.145 -0.235 -0.005551772105 2
0 0.145 -0.225 -0.005471182079 2
0 0.145 -0.215 -0.005370467519 2
0 0.145 -0.205 -0.005250161731 2
0 0.145 -0.195 -0.005110897659 2
0 0.145 -0.185 -0.004953382324 2
0 0.145 -0.175 -0.004778375847 2
0 0.145 -0.165 -0.004586678192 2
0 0.145 -0.155 -0.004379119683 2
0 0.145 -0.145 -0.004156554597 2
0 0.145 -0.135 -0.003919856702 2
0 0.145 -0.125 -0.003669916182 2
0 0.145 -0.115 -0.003407637504 2
0 0.145 -0.105 -0.003133937939 2
0 0.145 -0.095 -0.002849746552 2
0 0.145 -0.085 -0.002556003525 2
0 0.145 -0.075 -0.002253659789 2
0 0.145 -0.065 -0.001943676778 2
0 0.145 -0.055 -0.001627026557 2
0 0.145 -0.045 -0.001304691703 2
0 0.145 -0.035 -0.0009776647282 2
0 0.145 -0.025 -0.0006469519805 2
0 0.145 -0.015 -0.0003135518055 2
0 0.145 -0.005 2.146720435e-05 2
0 0.145 0.005 0.0003571812515 2
0 0.145 0.015 0.000692331821 2
0 0.145 0.025 0.001025152009 2
0 0.145 0.035 0.001355681698 2
0 0.145 0.045 0.001680531027 2
0 0.145 0.055 0.001985533197 2
0 0.145 0.065 0.002276169601 2
0 0.145 0.075 0.002545531767 2
0 0.145 0.085 0.002791954399 1
0 0.145 0.095 0.003021137333 1
0 0.145 0.105 0.003247722454 1
0 0.145 0.115 0.003486687467 1
0 0.145 0.125 0.003722674454 1
0 0.145 0.135 0.003944125204 1
0 0.145 0.145 0.004150101455 1
0 0.145 0.155 0.00434111487 1
0 0.145 0.165 0.004521360715 1
0 0.145 0.175 0.004690189469 1
0 0.145 0.185 0.004846858535 1
0 0.145 0.195 0.004990501545 1
0 0.145 0.205 0.005122246678 1
0 0.145 0.215 0.005235954945 1
0 0.145 0.225 0.005347357207 1
0 0.145 0.235 0.005476741916 2
0 0.145 0.245 0.005585690391 2
0 0.145 0.255 0.005666598447 2
0 0.145 0.265 0.00571606435 2
0 0.145 0.275 0.005739853896 2
0 0.145 0.285 0.005738922341 2
0 0.145 0.295 0.005715597029 2
0 0.145 0.305 0.005672879661 2
0 0.145 0.315 0.005614265287 2
0 0.145 0.325 0.005534445644 1
0 0.145 0.335 0.005460606372 1
0 0.145 0.345 0.005380967928 1
0 0.145 0.355 0.005285062709 1
0 0.145 0.365 0.005176778435 1
0 0.145 0.375 0.005050565531 1
0 0.145 0.385 0.004878242114 2
0 0.145 0.395 0.004644015315 2
0 0.145 0.405 0.004367367364 2
0 0.145 0.415 0.004065935578 2
0 0.145 0.425 0.003737400523 2
0 0.145 0.435 0.003382481383 2
0 0.145 0.445 0.00300066785 2
0 0.145 0.455 0.002592661239 2
0 0.145 0.465 0.002154596048 2
0 0.145 0.475 0.001697730385 2
0 0.145 0.485 0.001187406312 2
0 0.145 0.495 0.000730688593 2
0 0.145 0.505 0 2
0 0.145 0.515 0 2
0 0.145 0.525 0 2
0 0.145 0.535 0 1
0 0.145 0.545 0 1
0 0.145 0.555 0 1
0 0.145 0.565 0 1
0 0.155 -0.555 0 1
0 0.155 -0.545 0 1
0 0.155 -0.535 0 1
0 0.155 -0.525 0 1
0 0.155 -0.515 0 1
0 0.155 -0.505 0 1
0 0.155 -0.495 -0.0005866761105 1
0 0.155 -0.485 -0.00101947997 1
0 0.155 -0.475 -0.001574565588 2
0 0.155 -0.465 -0.002080431557 1
0 0.155 -0.455 -0.002543623435 1
0 0.155 -0.445 -0.002909933502 1
0 0.155 -0.435 -0.003255728277 1
0 0.155 -0.425 -0.003572748433 1
0 0.155 -0.415 -0.003863215173 1
0 0.155 -0.405 -0.004128957822 1
0 0.155 -0.395 -0.00437182361 1
0 0.155 -0.385 -0.004595527863 1
0 0.155 -0.375 -0.004796709481 1
0 0.155 -0.365 -0.004985915498 1
0 0.155 -0.355 -0.005180454085 2
0 0.155 -0.345 -0.005363697355 2
0 0.155 -0.335 -0.005534482725 2
0 0.155 -0.325 -0.005666564837 2
0 0.155 -0.315 -0.005774595213 2
0 0.155 -0.305 -0.005855764543 2
0 0.155 -0.295 -0.005910133658 2
0 0.155 -0.285 -0.005942364328 2
0 0.155 -0.275 -0.005960080584 2
0 0.155 -0.265 -0.005958780852 2
0 0.155 -0.255 -0.0059374297 2
0 0.155 -0.245 -0.005895080368 2
0 0.155 -0.235 -0.005831403314 2
0 0.155 -0.225 -0.005746460079 2
0 0.155 -0.215 -0.005640574304 2
0 0.155 -0.205 -0.005514260091 2
0 0.155 -0.195 -0.005368157323 2
0 0.155 -0.185 -0.005202995545 2
0 0.155 -0.175 -0.00501956711 2
0 0.155 -0.165 -0.004818710385 2
0 0.155 -0.155 -0.004601298238 2
0 0.155 -0.145 -0.004368230486 2
0 0.155 -0.135 -0.004120428828 2
0 0.155 -0.125 -0.003858833482 2
0 0.155 -0.115 -0.003584400955 2
0 0.155 -0.105 -0.003298102602 2
0 0.155 -0.095 -0.003000923717 2
0 0.155 -0.085 -0.002693863031 2
0 0.155 -0.075 -0.002377932502 2
0 0.155 -0.065 -0.002054157305 2
0 0.155 -0.055 -0.00172357595 2
0 0.155 -0.045 -0.001387240721 2
0 0.155 -0.035 -0.001046216597 2
0 0.155 -0.025 -0.0007015862793 2
0 0.155 -0.015 -0.0003544370243 2
0 0.155 -0.005 -5.900164059e-06 2
0 0.155 0.005 0.0003428789476 2
0 0.155 0.015 0.000690636572 2
0 0.155 0.025 0.001035936221 2
0 0.155 0.035 0.001376270391 2
0 0.155 0.045 0.001712633766 2
0 0.155 0.055 0.002036262582 2
0 0.155 0.065 0.00234654133 2
0 0.155 0.075 0.002634709908 2
0 0.155 0.085 0.002904020608 2
0 0.155 0.095 0.003162985014 2
0 0.155 0.105 0.00341324701 2
0 0.155 0.115 0.003672026286 2
0 0.155 0.125 0.003929891804 2
0 0.155 0.135 0.004169664411 1
0 0.155 0.145 0.004378328982 1
0 0.155 0.155 0.004570417153 1
0 0.155 0.165 0.004754034863 1
0 0.155 0.175 0.004926935244 1
0 0.155 0.185 0.005088660603 1
0 0.155 0.195 0.005237223364 1
0 0.155 0.205 0.005373968335 1
0 0.155 0.215 0.005491369027 1
0 0.155 0.225 0.005606137841 1
0 0.155 0.235 0.005740659493 2
0 0.155 0.245 0.005861049221 2
0 0.155 0.255 0.005958265384 2
0 0.155 0.265 0.006019065681 2
0 0.155 0.275 0.006052684616 2
0 0.155 0.285 0.006060050732 2
0 0.155 0.295 0.006041567705 2
0 0.155 0.305 0.005993972794 2
0 0.155 0.315 0.00592609756 2
0 0.155 0.325 0.005837795402 1
0 0.155 0.335 0.005750688907 1
0 0.155 0.345 0.005659721838 1
0 0.155 0.355 0.00555752952 1
0 0.155 0.365 0.005441776445 1
0 0.155 0.375 0.005298874038 1
0 0.155 0.385 0.005103448363 2
0 0.155 0.395 0.004849197561 2
0 0.155 0.405 0.004558894399 2
0 0.155 0.415 0.004245961747 2
0 0.155 0.425 0.003903951389 2
0 0.155 0.435 0.003533915717 2
0 0.155 0.445 0.00313517847 2
0 0.155 0.455 0.002708884495 2
0 0.155 0.465 0.00225112506 2
0 0.155 0.475 0.00177375647 2
0 0.155 0.485 0.001240563989 2
0 0.155 0.495 0.000763429961 2
0 0.155 0.505 0 2
0 0.155 0.515 0 2
0 0.155 0.525 0 2
0 0.155 0.535 0 1
0 0.155 0.545 0 1
0 0.155 0.555 0 1
0 0.155 0.565 0 1
0 0.165 -0.555 0 1
0 0.165 -0.545 0 1
0 0.165 -0.535 0 1
0 0.165 -0.525 0 1
0 0.165 -0.515 0 1
0 0.165 -0.505 0 1
0 0.165 -0.495 -0.0005965247977 1
0 0.165 -0.485 -0.001016888901 1
0 0.165 -0.475 -0.001589454309 2
0 0.165 -0.465 -0.00214602766 2
0 0.165 -0.455 -0.002676323907 1
0 0.165 -0.445 -0.00307149379 1
0 0.165 -0.435 -0.003431162563 1
0 0.165 -0.425 -0.003766108703 1
0 0.165 -0.415 -0.004070422595 1
0 0.165 -0.405 -0.0043550105 1
0 0.165 -0.395 -0.004614895103 1
0 0.165 -0.385 -0.004855714574 1
0 0.165 -0.375 -0.005079813358 1
0 0.165 -0.365 -0.005287529845 1
0 0.165 -0.355 -0.005473220862 1
0 0.165 -0.345 -0.005641146999 1
0 0.165 -0.335 -0.005793720915 1
0 0.165 -0.325 -0.005913250494 1
0 0.165 -0.315 -0.00601466311 1
0 0.165 -0.305 -0.006106830158 2
0 0.165 -0.295 -0.006170518631 2
0 0.165 -0.285 -0.006211876108 2
0 0.165 -0.275 -0.006232440589 2
0 0.165 -0.265 -0.00623183596 2
0 0.165 -0.255 -0.006209530938 2
0 0.165 -0.245 -0.006165009058 2
0 0.165 -0.235 -0.006098107938 2
0 0.165 -0.225 -0.00600898923 2
0 0.165 -0.215 -0.00589804148 2
0 0.165 -0.205 -0.005765829178 2
0 0.165 -0.195 -0.005613036129 2
0 0.165 -0.185 -0.005440432979 2
0 0.165 -0.175 -0.005248852203 2
0 0.165 -0.165 -0.005039172244 2
0 0.165 -0.155 -0.004812306553 2
0 0.165 -0.145 -0.004569196375 2
0 0.165 -0.135 -0.0043108059 2
0 0.165 -0.125 -0.004038119055 2
0 0.165 -0.115 -0.003752137369 2
0 0.165 -0.105 -0.003453878584 2
0 0.165 -0.095 -0.003144375767 2
0 0.165 -0.085 -0.002824676753 2
0 0.165 -0.075 -0.002495843831 2
0 0.165 -0.065 -0.002158953581 2
0 0.165 -0.055 -0.001815096686 2
0 0.165 -0.045 -0.001465378176 2
0 0.165 -0.035 -0.001110916561 2
0 0.165 -0.025 -0.0007528472292 2
0 0.165 -0.015 -0.0003923198443 2
0 0.165 -0.005 -3.051544303e-05 2
0 0.165 0.005 0.0003313347044 2
0 0.165 0.015 0.0006919164738 2
0 0.165 0.025 0.001049897188 2
0 0.165 0.035 0.001403237548 2
0 0.165 0.045 0.001750027807 2
0 0.165 0.055 0.00208786968 2
0 0.165 0.065 0.002417585837 2
0 0.165 0.075 0.00273240704 2
0 0.165 0.085 0.003029535347 2
0 0.165 0.095 0.003310477283 2
0 0.165 0.105 0.003580751994 2
0 0.165 0.115 0.0038511169 2
0 0.165 0.125 0.004117934616 2
0 0.165 0.135 0.004374595466 2
0 0.165 0.145 0.00460107244 1
0 0.165 0.155 0.004793126179 1
0 0.165 0.165 0.004982111505 1
0 0.165 0.175 0.005162368053 1
0 0.165 0.185 0.005328891528 1
0 0.165 0.195 0.005477739858 1
0 0.165 0.205 0.005616441816 1
0 0.165 0.215 0.005742627165 1
0 0.165 0.225 0.005866281341 1
0 0.165 0.235 0.006005973382 2
0 0.165 0.245 0.006132477212 2
0 0.165 0.255 0.006243062024 2
0 0.165 0.265 0.006314327544 2
0 0.165 0.275 0.006357590978 2
0 0.165 0.285 0.006372510869 2
0 0.165 0.295 0.006361008214 2
0 0.165 0.305 0.006319238778 2
0 0.165 0.315 0.006251188335 2
0 0.165 0.325 0.006161325749 2
0 0.165 0.335 0.006046527704 1
0 0.165 0.345 0.005939689629 1
0 0.165 0.355 0.005828970181 1
0 0.165 0.365 0.005700227689 1
0 0.165 0.375 0.005529905318 2
0 0.165 0.385 0.005302499283 2
0 0.165 0.395 0.005037717416 2
0 0.165 0.405 0.004742746263 2
0 0.165 0.415 0.004418042524 2
0 0.165 0.425 0.004063180778 2
0 0.165 0.435 0.003678530889 2
0 0.165 0.445 0.003263593279 2
0 0.165 0.455 0.002819785793 2
0 0.165 0.465 0.002343173058 2
0 0.165 0.475 0.001846187075 2
0 0.165 0.485 0.001291153517 2
0 0.165 0.495 0.0007945471481 2
0 0.165 0.505 0 2
0 0.165 0.515 0 2
0 0.165 0.525 0 2
0 0.165 0.535 0 1
0 0.165 0.545 0 1
0 0.165 0.555 0 1
0 0.165 0.565 0 1
0 0.175 -0.555 0 1
0 0.175 -0.545 0 1
0 0.175 -0.535 0 1
0 0.175 -0.525 0 1
0 0.175 -0.515 0 1
0 0.175 -0.505 0 1
0 0.175 -0.495 -0.0006256653908 1
0 0.175 -0.485 -0.001057359983 1
0 0.175 -0.475 -0.00164127815 2
0 0.175 -0.465 -0.002197850146 2
0 0.175 -0.455 -0.002763068745 2
0 0.175 -0.445 -0.003239557006 2
0 0.175 -0.435 -0.003638218534 1
0 0.175 -0.425 -0.00397868177 1
0 0.175 -0.415 -0.004291371027 1
0 0.175 -0.405 -0.004600099031 1
0 0.175 -0.395 -0.004879039931 1
0 0.175 -0.385 -0.005131939311 1
0 0.175 -0.375 -0.00536185026 1
0 0.175 -0.365 -0.005563740507 1
0 0.175 -0.355 -0.005740908444 1
0 0.175 -0.345 -0.005895863717 1
0 0.175 -0.335 -0.006033278446 1
0 0.175 -0.325 -0.006146180613 1
0 0.175 -0.315 -0.00624621968 1
0 0.175 -0.305 -0.006340821549 2
0 0.175 -0.295 -0.006411673628 2
0 0.175 -0.285 -0.006462897709 2
0 0.175 -0.275 -0.006488211278 2
0 0.175 -0.265 -0.006489949795 2
0 0.175 -0.255 -0.006467613823 2
0 0.175 -0.245 -0.006421404302 2
0 0.175 -0.235 -0.006351492925 2
0 0.175 -0.225 -0.00625829104 2
0 0.175 -0.215 -0.006142341083 2
0 0.175 -0.205 -0.006004311721 2
0 0.175 -0.195 -0.00584495995 2
0 0.175 -0.185 -0.005665111962 2
0 0.175 -0.175 -0.005465645777 2
0 0.175 -0.165 -0.005247479989 2
0 0.175 -0.155 -0.005011565539 2
0 0.175 -0.145 -0.004758880133 2
0 0.175 -0.135 -0.004490424358 2
0 0.175 -0.125 -0.00420721901 2
0 0.175 -0.115 -0.003910303233 2
0 0.175 -0.105 -0.003600733224 2
0 0.175 -0.095 -0.003279581286 2
0 0.175 -0.085 -0.00294793512 2
0 0.175 -0.075 -0.002606897227 2
0 0.175 -0.065 -0.00225758439 2
0 0.175 -0.055 -0.001901127069 2
0 0.175 -0.045 -0.001538669087 2
0 0.175 -0.035 -0.001171366928 2
0 0.175 -0.025 -0.0008003912327 2
0 0.175 -0.015 -0.0004269283806 2
0 0.175 -0.005 -5.219016572e-05 2
0 0.175 0.005 0.0003225813577 2
0 0.175 0.015 0.0006960448135 2
0 0.175 0.025 0.00106685788 2
0 0.175 0.035 0.001433390698 2
0 0.175 0.045 0.00179404536 2
0 0.175 0.055 0.002146712179 2
0 0.175 0.065 0.00248935559 2
0 0.175 0.075 0.002820408711 2
0 0.175 0.085 0.003139045633 2
0 0.175 0.095 0.003445856902 2
0 0.175 0.105 0.003741987632 2
0 0.175 0.115 0.004030253752 2
0 0.175 0.125 0.004308877697 2
0 0.175 0.135 0.004573452435 2
0 0.175 0.145 0.004812790838 2
0 0.175 0.155 0.00501912772 1
0 0.175 0.165 0.005207780661 1
0 0.175 0.175 0.005388076836 1
0 0.175 0.185 0.005559748423 1
0 0.175 0.195 0.005715233089 1
0 0.175 0.205 0.005860780499 1
0 0.175 0.215 0.005997119052 1
0 0.175 0.225 0.006127907053 1
0 0.175 0.235 0.006272856986 2
0 0.175 0.245 0.006405709945 2
0 0.175 0.255 0.006523315729 2
0 0.175 0.265 0.006602217204 2
0 0.175 0.275 0.006653055926 2
0 0.175 0.285 0.006674918296 2
0 0.175 0.295 0.006669782132 2
0 0.175 0.305 0.006637655623 2
0 0.175 0.315 0.006577971065 2
0 0.175 0.325 0.006494438681 2
0 0.175 0.335 0.006387161752 2
0 0.175 0.345 0.006257920078 2
0 0.175 0.355 0.006113813068 2
0 0.175 0.365 0.005942676105 2
0 0.175 0.375 0.005736211696 2
0 0.175 0.385 0.005497008403 2
0 0.175 0.395 0.005224385194 2
0 0.175 0.405 0.00492031204 2
0 0.175 0.415 0.004583837576 2
0 0.175 0.425 0.004215789812 2
0 0.175 0.435 0.003816568383 2
0 0.175 0.445 0.003385864174 2
0 0.175 0.455 0.002925194729 2
0 0.175 0.465 0.002430541012 2
0 0.175 0.475 0.001914844413 2
0 0.175 0.485 0.001339045677 2
0 0.175 0.495 0.0008239607809 2
0 0.175 0.505 0 2
0 0.175 0.515 0 2
0 0.175 0.525 0 2
0 0.175 0.535 0 2
0 0.175 0.545 0 1
0 0.175 0.555 0 1
0 0.175 0.565 0 1
0 0.185 -0.555 0 2
0 0.185 -0.545 0 2
0 0.185 -0.535 0 1
0 0.185 -0.525 0 1
0 0.185 -0.515 0 1
0 0.185 -0.505 0 1
0 0.185 -0.495 -0.000695451966 2
0 0.185 -0.485 -0.001199118634 2
0 0.185 -0.475 -0.001789991432 2
0 0.185 -0.465 -0.002327821249 2
0 0.185 -0.455 -0.002870425368 2
0 0.185 -0.445 -0.003355745431 2
0 0.185 -0.435 -0.003794243364 2
0 0.185 -0.425 -0.004188781203 2
0 0.185 -0.415 -0.004544809828 2
0 0.185 -0.405 -0.004886802042 2
0 0.185 -0.395 -0.005190784678 2
0 0.185 -0.385 -0.005442133978 1
0 0.185 -0.375 -0.005648706917 1
0 0.185 -0.365 -0.005826539759 1
0 0.185 -0.355 -0.005991055883 1
0 0.185 -0.345 -0.006136377947 1
0 0.185 -0.335 -0.006265428312 1
0 0.185 -0.325 -0.006375637216 1
0 0.185 -0.315 -0.006475898646 1
0 0.185 -0.305 -0.006571419401 2
0 0.185 -0.295 -0.006645184673 2
0 0.185 -0.285 -0.006702054241 2
0 0.185 -0.275 -0.00673125203 2
0 0.185 -0.265 -0.006735002286 2
0 0.185 -0.255 -0.00671246139 2
0 0.185 -0.245 -0.006664411477 2
0 0.185 -0.235 -0.006591348321 2
0 0.185 -0.225 -0.006493956666 2
0 0.185 -0.215 -0.006372955164 2
0 0.185 -0.205 -0.006229132125 2
0 0.185 -0.195 -0.006063325607 2
0 0.185 -0.185 -0.00587641959 2
0 0.185 -0.175 -0.005669336014 2
0 0.185 -0.165 -0.005443029549 2
0 0.185 -0.155 -0.005198483059 2
0 0.185 -0.145 -0.004936704259 2
0 0.185 -0.135 -0.004658723141 2
0 0.185 -0.125 -0.004365590032 2
0 0.185 -0.115 -0.004058374078 2
0 0.185 -0.105 -0.003738162032 2
0 0.185 -0.095 -0.003406057219 2
0 0.185 -0.085 -0.003063178588 2
0 0.185 -0.075 -0.002710659777 2
0 0.185 -0.065 -0.002349648169 2
0 0.185 -0.055 -0.001981303852 2
0 0.185 -0.045 -0.001606798754 2
0 0.185 -0.035 -0.001227315844 2
0 0.185 -0.025 -0.0008440496373 2
0 0.185 -0.015 -0.000458207671 2
0 0.185 -0.005 -7.101776421e-05 2
0 0.185 0.005 0.0003162701896 2
0 0.185 0.015 0.0007023496224 2
0 0.185 0.025 0.001085860907 2
0 0.185 0.035 0.001465342544 2
0 0.185 0.045 0.001839348995 2
0 0.185 0.055 0.002206245561 2
0 0.185 0.065 0.002564411666 2
0 0.185 0.075 0.002912360172 2
0 0.185 0.085 0.003249044037 2
0 0.185 0.095 0.003574165239 2
0 0.185 0.105 0.003887859885 2
0 0.185 0.115 0.004190148356 2
0 0.185 0.125 0.004482016634 2
0 0.185 0.135 0.004759956377 2
0 0.185 0.145 0.005012975303 2
0 0.185 0.155 0.005238938295 2
0 0.185 0.165 0.00544651104 2
0 0.185 0.175 0.005639457326 2
0 0.185 0.185 0.005811986935 1
0 0.185 0.195 0.005965684346 1
0 0.185 0.205 0.006111809054 1
0 0.185 0.215 0.00627351999 2
0 0.185 0.225 0.006420392038 2
0 0.185 0.235 0.006557234153 2
0 0.185 0.245 0.006685681993 2
0 0.185 0.255 0.006800577461 2
0 0.185 0.265 0.006882351512 2
0 0.185 0.275 0.0069371494 2
0 0.185 0.285 0.006963594972 2
0 0.185 0.295 0.006963059365 2
0 0.185 0.305 0.006936282361 2
0 0.185 0.315 0.006882172086 2
0 0.185 0.325 0.00680132732 2
0 0.185 0.335 0.00669084773 2
0 0.185 0.345 0.006549096981 2
0 0.185 0.355 0.006379891714 2
0 0.185 0.365 0.006181384928 2
0 0.185 0.375 0.005953360955 2
0 0.185 0.385 0.005697694209 2
0 0.185 0.395 0.005411328405 2
0 0.185 0.405 0.005093337862 2
0 0.185 0.415 0.004743518638 2
0 0.185 0.425 0.004361636104 2
0 0.185 0.435 0.003947831364 2
0 0.185 0.445 0.003501730072 2
0 0.185 0.455 0.003024829376 2
0 0.185 0.465 0.002512963348 2
0 0.185 0.475 0.001979507345 2
0 0.185 0.485 0.001384084022 2
0 0.185 0.495 0.0008515762201 2
0 0.185 0.505 0 2
0 0.185 0.515 0 2
0 0.185 0.525 0 2
0 0.185 0.535 0 2
0 0.185 0.545 0 1
0 0.185 0.555 0 1
0 0.185 0.565 0 1
0 0.195 -0.555 0 2
0 0.195 -0.545 0 2
0 0.195 -0.535 0 2
0 0.195 -0.525 0 2
0 0.195 -0.515 0 2
0 0.195 -0.505 0 2
0 0.195 -0.495 -0.0008011713 2
0 0.195 -0.485 -0.001319655902 2
0 0.195 -0.475 -0.001917887844 2
0 0.195 -0.465 -0.002461029578 2
0 0.195 -0.455 -0.002996830193 2
0 0.195 -0.445 -0.003495451142 2
0 0.195 -0.435 -0.00396249246 2
0 0.195 -0.425 -0.004391165866 2
0 0.195 -0.415 -0.004786007741 2
0 0.195 -0.405 -0.005147506257 2
0 0.195 -0.395 -0.005458253272 2
0 0.195 -0.385 -0.005708764334 1
0 0.195 -0.375 -0.005903113606 1
0 0.195 -0.365 -0.006070292679 1
0 0.195 -0.355 -0.006227610503 1
0 0.195 -0.345 -0.006368375939 1
0 0.195 -0.335 -0.006494448426 1
0 0.195 -0.325 -0.006604044531 1
0 0.195 -0.315 -0.006702564309 1
0 0.195 -0.305 -0.006797022457 2
0 0.195 -0.295 -0.006872803792 2
0 0.195 -0.285 -0.006933714728 2
0 0.195 -0.275 -0.00696476732 2
0 0.195 -0.265 -0.006968760583 2
0 0.195 -0.255 -0.006944856252 2
0 0.195 -0.245 -0.006894171635 2
0 0.195 -0.235 -0.006817436254 2
0 0.195 -0.225 -0.006715531858 2
0 0.195 -0.215 -0.0065893129 2
0 0.195 -0.205 -0.006439662243 2
0 0.195 -0.195 -0.006267482585 2
0 0.195 -0.185 -0.006073703424 2
0 0.195 -0.175 -0.005859280459 2
0 0.195 -0.165 -0.005625195348 2
0 0.195 -0.155 -0.005372454405 2
0 0.195 -0.145 -0.005102087256 2
0 0.195 -0.135 -0.004815145444 2
0 0.195 -0.125 -0.004512701127 2
0 0.195 -0.115 -0.004195845833 2
0 0.195 -0.105 -0.003865689265 2
0 0.195 -0.095 -0.003523358114 2
0 0.195 -0.085 -0.003169994835 2
0 0.195 -0.075 -0.002806756351 2
0 0.195 -0.065 -0.002434812688 2
0 0.195 -0.055 -0.002055345539 2
0 0.195 -0.045 -0.00166954693 2
0 0.195 -0.035 -0.00127861813 2
0 0.195 -0.025 -0.0008837695332 2
0 0.195 -0.015 -0.000486221241 2
0 0.195 -0.005 -8.720803097e-05 2
0 0.195 0.005 0.0003120177159 2
0 0.195 0.015 0.0007101716249 2
0 0.195 0.025 0.00110593684 2
0 0.195 0.035 0.001497936686 2
0 0.195 0.045 0.001884750334 2
0 0.195 0.055 0.002264919798 2
0 0.195 0.065 0.002637039163 2
0 0.195 0.075 0.002999827634 2
0 0.195 0.085 0.003352247844 2
0 0.195 0.095 0.003693607302 2
0 0.195 0.105 0.004023442012 2
0 0.195 0.115 0.0043412656 2
0 0.195 0.125 0.004645653417 2
0 0.195 0.135 0.004937173271 2
0 0.195 0.145 0.005209122313 2
0 0.195 0.155 0.005456399079 2
0 0.195 0.165 0.005680953818 2
0 0.195 0.175 0.005884464634 2
0 0.195 0.185 0.006074984148 2
0 0.195 0.195 0.006246878086 2
0 0.195 0.205 0.006405588133 2
0 0.195 0.215 0.006557244084 2
0 0.195 0.225 0.006702248788 2
0 0.195 0.235 0.006839997639 2
0 0.195 0.245 0.006963390783 2
0 0.195 0.255 0.007071047992 2
0 0.195 0.265 0.007151854148 2
0 0.195 0.275 0.007207025167 2
0 0.195 0.285 0.007234926856 2
0 0.195 0.295 0.007235916141 2
0 0.195 0.305 0.007209813543 2
0 0.195 0.315 0.00715597904 2
0 0.195 0.325 0.007072240587 2
0 0.195 0.335 0.006956365194 2
0 0.195 0.345 0.006807292569 2
0 0.195 0.355 0.006625038211 2
0 0.195 0.365 0.006410869784 2
0 0.195 0.375 0.006166639052 2
0 0.195 0.385 0.005893603239 2
0 0.195 0.395 0.005591625167 2
0 0.195 0.405 0.005259382273 2
0 0.195 0.415 0.004895659125 2
0 0.195 0.425 0.004499795608 2
0 0.195 0.435 0.004071650404 2
0 0.195 0.445 0.003610656923 2
0 0.195 0.455 0.003118251894 2
0 0.195 0.465 0.002590085158 2
0 0.195 0.475 0.002039902942 2
0 0.195 0.485 0.001426083341 2
0 0.195 0.495 0.0008772844393 2
0 0.195 0.505 0 2
0 0.195 0.515 0 2
0 0.195 0.525 0 2
0 0.195 0.535 0 2
0 0.195 0.545 0 2
0 0.195 0.555 0 1
0 0.195 0.565 0 1
0 0.205 -0.555 0 2
0 0.205 -0.545 0 2
0 0.205 -0.535 0 2
0 0.205 -0.525 0 2
0 0.205 -0.515 0 2
0 0.205 -0.505 0 2
0 0.205 -0.495 -0.000864320396 2
0 0.205 -0.485 -0.001409831119 2
0 0.205 -0.475 -0.002026182132 2
0 0.205 -0.465 -0.002582647709 2
0 0.205 -0.455 -0.003124348429 2
0 0.205 -0.445 -0.003637359608 2
0 0.205 -0.435 -0.004124798012 2
0 0.205 -0.425 -0.004579549884 2
0 0.205 -0.415 -0.005012331451 2
0 0.205 -0.405 -0.005387542421 2
0 0.205 -0.395 -0.005685486123 1
0 0.205 -0.385 -0.005920071614 1
0 0.205 -0.375 -0.006114121313 1
0 0.205 -0.365 -0.006287616711 1
0 0.205 -0.355 -0.006444566591 1
0 0.205 -0.345 -0.006585048293 1
0 0.205 -0.335 -0.006709178574 1
0 0.205 -0.325 -0.00682107188 1
0 0.205 -0.315 -0.006922208619 1
0 0.205 -0.305 -0.007019935936 2
0 0.205 -0.295 -0.007099434546 2
0 0.205 -0.285 -0.007160530244 2
0 0.205 -0.275 -0.007190381973 2
0 0.205 -0.265 -0.007191980138 2
0 0.205 -0.255 -0.007164951037 2
0 0.205 -0.245 -0.007110436581 2
0 0.205 -0.235 -0.007029265539 2
0 0.205 -0.225 -0.006922388821 2
0 0.205 -0.215 -0.006790719249 2
0 0.205 -0.205 -0.006635182718 2
0 0.205 -0.195 -0.006456713002 2
0 0.205 -0.185 -0.006256262026 2
0 0.205 -0.175 -0.006034802466 2
0 0.205 -0.165 -0.005793329968 2
0 0.205 -0.155 -0.005532863595 2
0 0.205 -0.145 -0.005254445613 2
0 0.205 -0.135 -0.004959140764 2
0 0.205 -0.125 -0.004648035279 2
0 0.205 -0.115 -0.0043222357 2
0 0.205 -0.105 -0.003982867582 2
0 0.205 -0.095 -0.003631074071 2
0 0.205 -0.085 -0.003268014368 2
0 0.205 -0.075 -0.00289486207 2
0 0.205 -0.065 -0.002512803429 2
0 0.205 -0.055 -0.002123035557 2
0 0.205 -0.045 -0.001726764751 2
0 0.205 -0.035 -0.001325205084 2
0 0.205 -0.025 -0.0009195778125 2
0 0.205 -0.015 -0.0005111115088 2
0 0.205 -0.005 -0.0001010445834 2
0 0.205 0.005 0.000309371569 2
0 0.205 0.015 0.0007188656562 2
0 0.205 0.025 0.001126144547 2
0 0.205 0.035 0.001529884918 2
0 0.205 0.045 0.001928740842 2
0 0.205 0.055 0.002321352594 2
0 0.205 0.065 0.002706393399 2
0 0.205 0.075 0.003082621079 2
0 0.205 0.085 0.00344893738 2
0 0.205 0.095 0.003804411255 2
0 0.205 0.105 0.004148243089 2
0 0.205 0.115 0.00447967394 2
0 0.205 0.125 0.004797382805 2
0 0.205 0.135 0.005099556738 2
0 0.205 0.145 0.005384280829 2
0 0.205 0.155 0.005649728103 2
0 0.205 0.165 0.005897872278 2
0 0.205 0.175 0.006125489754 2
0 0.205 0.185 0.006329838317 2
0 0.205 0.195 0.006509406678 2
0 0.205 0.205 0.006672037303 2
0 0.205 0.215 0.006828288231 2
0 0.205 0.225 0.006977016057 2
0 0.205 0.235 0.007114127173 2
0 0.205 0.245 0.007230888911 2
0 0.205 0.255 0.007329483318 2
0 0.205 0.265 0.007406553803 2
0 0.205 0.275 0.007459401364 2
0 0.205 0.285 0.007486025004 2
0 0.205 0.295 0.007485667822 2
0 0.205 0.305 0.007457323157 2
0 0.205 0.315 0.007399735954 2
0 0.205 0.325 0.007310890182 2
0 0.205 0.335 0.007188696086 2
0 0.205 0.345 0.007031947388 2
0 0.205 0.355 0.006840777856 2
0 0.205 0.365 0.00661659394 2
0 0.205 0.375 0.006361248985 2
0 0.205 0.385 0.006076026852 2
0 0.205 0.395 0.005761002347 2
0 0.205 0.405 0.005415369981 2
0 0.205 0.415 0.005038243457 2
0 0.205 0.425 0.004628889192 2
0 0.205 0.435 0.004187014857 2
0 0.205 0.445 0.003711889288 2
0 0.205 0.455 0.003204886559 2
0 0.205 0.465 0.002661469104 2
0 0.205 0.475 0.002095710468 2
0 0.205 0.485 0.001464832821 2
0 0.205 0.495 0.0009009643608 2
0 0.205 0.505 0 2
0 0.205 0.515 0 2
0 0.205 0.525 0 2
0 0.205 0.535 0 2
0 0.205 0.545 0 2
0 0.205 0.555 0 2
0 0.205 0.565 0 1
0 0.215 -0.555 0 2
0 0.215 -0.545 0 2
0 0.215 -0.535 0 2
0 0.215 -0.525 0 2
0 0.215 -0.515 0 2
0 0.215 -0.505 0 2
0 0.215 -0.495 -0.0009064240743 2
0 0.215 -0.485 -0.001473711536 2
0 0.215 -0.475 -0.002108775754 2
0 0.215 -0.465 -0.002682479338 2
0 0.215 -0.455 -0.003239691767 2
0 0.215 -0.445 -0.003766955071 2
0 0.215 -0.435 -0.004269759563 2
0 0.215 -0.425 -0.004740673515 2
0 0.215 -0.415 -0.00519233662 2
0 0.215 -0.405 -0.005573996186 2
0 0.215 -0.395 -0.005875477136 1
0 0.215 -0.385 -0.006109378521 1
0 0.215 -0.375 -0.006302282433 1
0 0.215 -0.365 -0.006482622577 1
0 0.215 -0.355 -0.006642573969 1
0 0.215 -0.345 -0.00678567383 1
0 0.215 -0.335 -0.006909488942 1
0 0.215 -0.325 -0.007024146891 1
0 0.215 -0.315 -0.007146181816 2
0 0.215 -0.305 -0.007247592202 2
0 0.215 -0.295 -0.007328900525 2
0 0.215 -0.285 -0.007382595485 2
0 0.215 -0.275 -0.007407499244 2
0 0.215 -0.265 -0.00740392108 2
0 0.215 -0.255 -0.007371921542 2
0 0.215 -0.245 -0.007312339105 2
0 0.215 -0.235 -0.007225948096 2
0 0.215 -0.225 -0.007113641035 2
0 0.215 -0.215 -0.006976306951 2
0 0.215 -0.205 -0.006814857759 2
0 0.215 -0.195 -0.006630219897 2
0 0.215 -0.185 -0.006423340977 2
0 0.215 -0.175 -0.00619519146 2
0 0.215 -0.165 -0.005946766545 2
0 0.215 -0.155 -0.005679086628 2
0 0.215 -0.145 -0.005393197134 2
0 0.215 -0.135 -0.005090167787 2
0 0.215 -0.125 -0.004771091507 2
0 0.215 -0.115 -0.004437083053 2
0 0.215 -0.105 -0.004089277449 2
0 0.215 -0.095 -0.003728828251 2
0 0.215 -0.085 -0.003356905659 2
0 0.215 -0.075 -0.002974694503 2
0 0.215 -0.065 -0.00258339216 2
0 0.215 -0.055 -0.002184206459 2
0 0.215 -0.045 -0.001778353727 2
0 0.215 -0.035 -0.00136705714 2
0 0.215 -0.025 -0.0009515457364 2
0 0.215 -0.015 -0.0005330542105 2
0 0.215 -0.005 -0.0001128241135 2
0 0.215 0.005 0.0003078941993 2
0 0.215 0.015 0.0007278377844 2
0 0.215 0.025 0.001145728495 2
0 0.215 0.035 0.001560270822 2
0 0.215 0.045 0.001970158047 2
0 0.215 0.055 0.002374083263 2
0 0.215 0.065 0.002770765304 2
0 0.215 0.075 0.003158978582 2
0 0.215 0.085 0.003537582083 2
0 0.215 0.095 0.003905531556 2
0 0.215 0.105 0.004261817933 2
0 0.215 0.115 0.004605459506 2
0 0.215 0.125 0.00493524661 2
0 0.215 0.135 0.005249713757 2
0 0.215 0.145 0.005547268691 2
0 0.215 0.155 0.005826261198 2
0 0.215 0.165 0.006085740882 2
0 0.215 0.175 0.006324948999 2
0 0.215 0.185 0.006543443725 2
0 0.215 0.195 0.006741319715 2
0 0.215 0.205 0.006920079589 2
0 0.215 0.215 0.007081735205 2
0 0.215 0.225 0.007227792305 2
0 0.215 0.235 0.007358561793 2
0 0.215 0.245 0.007472676365 2
0 0.215 0.255 0.007567832138 2
0 0.215 0.265 0.007641271701 2
0 0.215 0.275 0.007690843213 2
0 0.215 0.285 0.007714579728 2
0 0.215 0.295 0.007711067651 2
0 0.215 0.305 0.00767884299 2
0 0.215 0.315 0.007616317171 2
0 0.215 0.325 0.007521678529 2
0 0.215 0.335 0.00739327938 2
0 0.215 0.345 0.007230178884 2
0 0.215 0.355 0.007032443172 2
0 0.215 0.365 0.006801004022 2
0 0.215 0.375 0.006537171412 2
0 0.215 0.385 0.006242004011 2
0 0.215 0.395 0.005915856385 2
0 0.215 0.405 0.005558430003 2
0 0.215 0.415 0.005169154426 2
0 0.215 0.425 0.004747374009 2
0 0.215 0.435 0.004292777481 2
0 0.215 0.445 0.003804564006 2
0 0.215 0.455 0.003284080236 2
0 0.215 0.465 0.002726627592 2
0 0.215 0.475 0.002146578979 2
0 0.215 0.485 0.001500105528 2
0 0.215 0.495 0.0009224876198 2
0 0.215 0.505 0 2
0 0.215 0.515 0 2
0 0.215 0.525 0 2
0 0.215 0.535 0 2
0 0.215 0.545 0 2
0 0.215 0.555 0 2
0 0.215 0.565 0 1
0 0.225 -0.555 0 2
0 0.225 -0.545 0 2
0 0.225 -0.535 0 2
0 0.225 -0.525 0 2
0 0.225 -0.515 0 2
0 0.225 -0.505 0 2
0 0.225 -0.495 -0.0009336756189 2
0 0.225 -0.485 -0.001518666405 2
0 0.225 -0.475 -0.002173754729 2
0 0.225 -0.465 -0.002764068795 2
0 0.225 -0.455 -0.003336020072 2
0 0.225 -0.445 -0.003876038997 2
0 0.225 -0.435 -0.004390611847 2
0 0.225 -0.425 -0.004872598612 2
0 0.225 -0.415 -0.005336113355 2
0 0.225 -0.405 -0.005725906729 2
0 0.225 -0.395 -0.006035494638 1
0 0.225 -0.385 -0.006274718796 1
0 0.225 -0.375 -0.006470512758 1
0 0.225 -0.365 -0.006657149064 1
0 0.225 -0.355 -0.006824423809 1
0 0.225 -0.345 -0.006972620024 1
0 0.225 -0.335 -0.007102424064 1
0 0.225 -0.325 -0.007225882209 1
0 0.225 -0.315 -0.007357495521 2
0 0.225 -0.305 -0.007466833588 2
0 0.225 -0.295 -0.00754781116 2
0 0.225 -0.285 -0.007594289333 2
0 0.225 -0.275 -0.007612443079 2
0 0.225 -0.265 -0.007602123961 2
0 0.225 -0.255 -0.00756389308 2
0 0.225 -0.245 -0.007498352859 2
0 0.225 -0.235 -0.007406173766 2
0 0.225 -0.225 -0.007288128777 2
0 0.225 -0.215 -0.007145030421 2
0 0.225 -0.205 -0.006977735002 2
0 0.225 -0.195 -0.006787130857 2
0 0.225 -0.185 -0.006574138573 2
0 0.225 -0.175 -0.006339709474 2
0 0.225 -0.165 -0.00608482533 2
0 0.225 -0.155 -0.005810497545 2
0 0.225 -0.145 -0.005517766159 2
0 0.225 -0.135 -0.005207698525 2
0 0.225 -0.125 -0.004881387734 2
0 0.225 -0.115 -0.004539950831 2
0 0.225 -0.105 -0.00418452684 2
0 0.225 -0.095 -0.003816274634 2
0 0.225 -0.085 -0.003436370669 2
0 0.225 -0.075 -0.003046006623 2
0 0.225 -0.065 -0.002646387002 2
0 0.225 -0.055 -0.002238726781 2
0 0.225 -0.045 -0.001824249233 2
0 0.225 -0.035 -0.001404184082 2
0 0.225 -0.025 -0.0009797662359 2
0 0.225 -0.015 -0.0005522352442 2
0 0.225 -0.005 -0.0001228357385 2
0 0.225 0.005 0.0003071814052 2
0 0.225 0.015 0.0007365571144 2
0 0.225 0.025 0.001164022799 2
0 0.225 0.035 0.001588300074 2
0 0.225 0.045 0.00200810489 2
0 0.225 0.055 0.00242215596 2
0 0.225 0.065 0.002829190072 2
0 0.225 0.075 0.003227979333 2
0 0.225 0.085 0.003617344661 2
0 0.225 0.095 0.003996159979 2
0 0.225 0.105 0.004363317673 2
0 0.225 0.115 0.004717679135 2
0 0.225 0.125 0.005058020893 2
0 0.225 0.135 0.005383010805 2
0 0.225 0.145 0.005691299815 2
0 0.225 0.155 0.005981514704 2
0 0.225 0.165 0.006252499894 2
0 0.225 0.175 0.006503086041 2
0 0.225 0.185 0.006732387152 2
0 0.225 0.195 0.006940109089 2
0 0.225 0.205 0.007127128264 2
0 0.225 0.215 0.007294978685 2
0 0.225 0.225 0.00744479377 2
0 0.225 0.235 0.007576720514 2
0 0.225 0.245 0.007689754567 2
0 0.225 0.255 0.007782354811 2
0 0.225 0.265 0.00785262538 2
0 0.225 0.275 0.007898758051 2
0 0.225 0.285 0.007918907586 2
0 0.225 0.295 0.007911407604 2
0 0.225 0.305 0.007874634979 2
0 0.225 0.315 0.007806962673 2
0 0.225 0.325 0.007706776388 2
0 0.225 0.335 0.007572724587 2
0 0.225 0.345 0.007404023159 2
0 0.225 0.355 0.007200622464 2
0 0.225 0.365 0.006963110354 2
0 0.225 0.375 0.006692377923 2
0 0.225 0.385 0.006389202274 2
0 0.225 0.395 0.006053953217 2
0 0.225 0.405 0.005686557061 2
0 0.225 0.415 0.005286688636 2
0 0.225 0.425 0.004853860805 2
0 0.225 0.435 0.004387839657 2
0 0.225 0.445 0.003887823372 2
0 0.225 0.455 0.003355172083 2
0 0.225 0.465 0.002785064377 2
0 0.225 0.475 0.002192151593 2
0 0.225 0.485 0.001531671593 2
0 0.225 0.495 0.0009417249382 2
0 0.225 0.505 0 2
0 0.225 0.515 0 2
0 0.225 0.525 0 2
0 0.225 0.535 0 2
0 0.225 0.545 0 2
0 0.225 0.555 0 2
0 0.225 0.565 0 1
0 0.235 -0.555 0 2
0 0.235 -0.545 0 2
0 0.235 -0.535 0 2
0 0.235 -0.525 0 2
0 0.235 -0.515 0 2
0 0.235 -0.505 0 2
0 0.235 -0.495 -0.000954748828 2
0 0.235 -0.485 -0.001553608306 2
0 0.235 -0.475 -0.002224459876 2
0 0.235 -0.465 -0.002828344646 2
0 0.235 -0.455 -0.003412194278 2
0 0.235 -0.445 -0.0039619218 2
0 0.235 -0.435 -0.004484228153 2
0 0.235 -0.425 -0.004972986509 2
0 0.235 -0.415 -0.005443484797 2
0 0.235 -0.405 -0.005844247676 2
0 0.235 -0.395 -0.0061652444 1
0 0.235 -0.385 -0.006414078362 1
0 0.235 -0.375 -0.006619538161 1
0 0.235 -0.365 -0.006812913878 1
0 0.235 -0.355 -0.006988432953 1
0 0.235 -0.345 -0.007144651104 1
0 0.235 -0.335 -0.007289377101 1
0 0.235 -0.325 -0.007448663391 2
0 0.235 -0.315 -0.007580782537 2
0 0.235 -0.305 -0.007683376623 2
0 0.235 -0.295 -0.00775263355 2
0 0.235 -0.285 -0.007791131586 2
0 0.235 -0.275 -0.007801222247 2
0 0.235 -0.265 -0.007783448293 2
0 0.235 -0.255 -0.007738399356 2
0 0.235 -0.245 -0.007666508956 2
0 0.235 -0.235 -0.007568323141 2
0 0.235 -0.225 -0.007444483422 2
0 0.235 -0.215 -0.007295706324 2
0 0.235 -0.205 -0.007122773701 2
0 0.235 -0.195 -0.006926519214 2
0 0.235 -0.185 -0.006707822619 2
0 0.235 -0.175 -0.006467604838 2
0 0.235 -0.165 -0.006206824954 2
0 0.235 -0.155 -0.00592647764 2
0 0.235 -0.145 -0.005627590912 2
0 0.235 -0.135 -0.005311223912 2
0 0.235 -0.125 -0.004978464656 2
0 0.235 -0.115 -0.004630427681 2
0 0.235 -0.105 -0.004268251586 2
0 0.235 -0.095 -0.003893096466 2
0 0.235 -0.085 -0.00350614126 2
0 0.235 -0.075 -0.003108581049 2
0 0.235 -0.065 -0.002701624372 2
0 0.235 -0.055 -0.002286490636 2
0 0.235 -0.045 -0.001864407749 2
0 0.235 -0.035 -0.001436610112 2
0 0.235 -0.025 -0.001004337135 2
0 0.235 -0.015 -0.0005688324019 2
0 0.235 -0.005 -0.0001313435928 2
0 0.235 0.005 0.0003068769674 2
0 0.235 0.015 0.0007445713344 2
0 0.235 0.025 0.00118047537 2
0 0.235 0.035 0.001613319217 2
0 0.235 0.045 0.002041830303 2
0 0.235 0.055 0.002464739125 2
0 0.235 0.065 0.002880788148 2
0 0.235 0.075 0.003288741459 2
0 0.235 0.085 0.003687390204 2
0 0.235 0.095 0.004075551193 2
0 0.235 0.105 0.004452048875 2
0 0.235 0.115 0.004815687215 2
0 0.235 0.125 0.005165219506 2
0 0.235 0.135 0.005499333571 2
0 0.235 0.145 0.005816676792 2
0 0.235 0.155 0.006115906567 2
0 0.235 0.165 0.006395801756 2
0 0.235 0.175 0.006655264348 2
0 0.235 0.185 0.006893459898 2
0 0.235 0.195 0.00710997245 2
0 0.235 0.205 0.007304991013 2
0 0.235 0.215 0.007479104909 2
0 0.235 0.225 0.007632869592 2
0 0.235 0.235 0.007766417997 2
0 0.235 0.245 0.007879257062 2
0 0.235 0.255 0.007970347123 2
0 0.235 0.265 0.008038222654 2
0 0.235 0.275 0.008081253711 2
0 0.235 0.285 0.008097772354 2
0 0.235 0.295 0.008086156644 2
0 0.235 0.305 0.008044811902 2
0 0.235 0.315 0.007972198986 2
0 0.235 0.325 0.007866900152 2
0 0.235 0.335 0.007727778964 2
0 0.235 0.345 0.007554149016 2
0 0.235 0.355 0.007345854257 2
0 0.235 0.365 0.007103194657 2
0 0.235 0.375 0.00682671377 2
0 0.235 0.385 0.006516935187 2
0 0.235 0.395 0.006174167028 2
0 0.235 0.405 0.005798433832 2
0 0.235 0.415 0.005389568065 2
0 0.235 0.425 0.004947221259 2
0 0.235 0.435 0.004471252235 2
0 0.235 0.445 0.003960894451 2
0 0.235 0.455 0.00341755027 2
0 0.235 0.465 0.002836312271 2
0 0.235 0.475 0.002232089229 2
0 0.235 0.485 0.001559311682 2
0 0.235 0.495 0.0009585527519 2
0 0.235 0.505 0 2
0 0.235 0.515 0 2
0 0.235 0.525 0 2
0 0.235 0.535 0 2
0 0.235 0.545 0 2
0 0.235 0.555 0 2
0 0.235 0.565 0 1
0 0.245 -0.555 0 2
0 0.245 -0.545 0 2
0 0.245 -0.535 0 2
0 0.245 -0.525 0 2
0 0.245 -0.515 0 2
0 0.245 -0.505 0 2
0 0.245 -0.495 -0.0009710356374 2
0 0.245 -0.485 -0.001580364016 2
0 0.245 -0.475 -0.002263034427 2
0 0.245 -0.465 -0.00287711538 2
0 0.245 -0.455 -0.003469602299 2
0 0.245 -0.445 -0.004025676211 2
0 0.245 -0.435 -0.004551636647 2
0 0.245 -0.425 -0.005042508389 2
0 0.245 -0.415 -0.005511839604 2
0 0.245 -0.405 -0.005920841131 2
0 0.245 -0.395 -0.006256030433 1
0 0.245 -0.385 -0.006523645671 1
0 0.245 -0.375 -0.006749934665 1
0 0.245 -0.365 -0.006954701526 1
0 0.245 -0.355 -0.007139595137 1
0 0.245 -0.345 -0.007333503562 2
0 0.245 -0.335 -0.007512613678 2
0 0.245 -0.325 -0.007670446291 2
0 0.245 -0.315 -0.007791149632 2
0 0.245 -0.305 -0.007880261673 2
0 0.245 -0.295 -0.007937649879 2
0 0.245 -0.285 -0.007967346196 2
0 0.245 -0.275 -0.007969443389 2
0 0.245 -0.265 -0.007944442188 2
0 0.245 -0.255 -0.007892728703 2
0 0.245 -0.245 -0.00781464299 2
0 0.245 -0.235 -0.007710631685 2
0 0.245 -0.225 -0.007581234969 2
0 0.245 -0.215 -0.007427085285 2
0 0.245 -0.205 -0.007248894088 2
0 0.245 -0.195 -0.007047439295 2
0 0.245 -0.185 -0.006823556514 2
0 0.245 -0.175 -0.006578132032 2
0 0.245 -0.165 -0.006312097814 2
0 0.245 -0.155 -0.006026427446 2
0 0.245 -0.145 -0.00572213276 2
0 0.245 -0.135 -0.005400260751 2
0 0.245 -0.125 -0.005061890636 2
0 0.245 -0.115 -0.00470813093 2
0 0.245 -0.105 -0.004340116503 2
0 0.245 -0.095 -0.003959005582 2
0 0.245 -0.085 -0.003565976723 2
0 0.245 -0.075 -0.00316222579 2
0 0.245 -0.065 -0.002748962995 2
0 0.245 -0.055 -0.002327410099 2
0 0.245 -0.045 -0.001898797864 2
0 0.245 -0.035 -0.001464363886 2
0 0.245 -0.025 -0.001025350929 2
0 0.245 -0.015 -0.0005830058437 2
0 0.245 -0.005 -0.0001385791146 2
0 0.245 0.005 0.0003066750804 2
0 0.245 0.015 0.0007514985136 2
0 0.245 0.025 0.001194628764 2
0 0.245 0.035 0.001634799804 2
0 0.245 0.045 0.002070744036 2
0 0.245 0.055 0.002501195938 2
0 0.245 0.065 0.002924897039 2
0 0.245 0.075 0.003340600778 2
0 0.245 0.085 0.003747074416 2
0 0.245 0.095 0.004143095404 2
0 0.245 0.105 0.004527440355 2
0 0.245 0.115 0.004898869165 2
0 0.245 0.125 0.005256110414 2
0 0.245 0.135 0.005597855601 2
0 0.245 0.145 0.005922775302 2
0 0.245 0.155 0.006229549937 2
0 0.245 0.165 0.006516935385 2
0 0.245 0.175 0.006783811181 2
0 0.245 0.185 0.00702928695 2
0 0.245 0.195 0.00725280654 2
0 0.245 0.205 0.007454218833 2
0 0.245 0.215 0.00763365977 2
0 0.245 0.225 0.007791299328 2
0 0.245 0.235 0.007927081206 2
0 0.245 0.245 0.008040556779 2
0 0.245 0.255 0.008130881168 2
0 0.245 0.265 0.008196881367 2
0 0.245 0.275 0.008237191107 2
0 0.245 0.285 0.008250344234 2
0 0.245 0.295 0.008234853504 2
0 0.245 0.305 0.008189251278 2
0 0.245 0.315 0.008112145482 2
0 0.245 0.325 0.008002293801 2
0 0.245 0.335 0.007858710143 2
0 0.245 0.345 0.007680761806 2
0 0.245 0.355 0.007468206725 2
0 0.245 0.365 0.007221137408 2
0 0.245 0.375 0.006939843646 2
0 0.245 0.385 0.006624642736 2
0 0.245 0.395 0.00627574706 2
0 0.245 0.405 0.005893195379 2
0 0.245 0.415 0.005476899792 2
0 0.245 0.425 0.005026606568 2
0 0.245 0.435 0.00454225722 2
0 0.245 0.445 0.004023131906 2
0 0.245 0.455 0.003470687603 2
0 0.245 0.465 0.002879959892 2
0 0.245 0.475 0.002266088963 2
0 0.245 0.485 0.001582828022 2
0 0.245 0.495 0.0009728588631 2
0 0.245 0.505 0 2
0 0.245 0.515 0 2
0 0.245 0.525 0 2
0 0.245 0.535 0 2
0 0.245 0.545 0 2
0 0.245 0.555 0 2
0 0.245 0.565 0 1
0 0.255 -0.555 0 2
0 0.255 -0.545 0 2
0 0.255 -0.535 0 2
0 0.255 -0.525 0 2
0 0.255 -0.515 0 2
0 0.255 -0.505 0 2
0 0.255 -0.495 -0.0009832563736 2
0 0.255 -0.485 -0.001600217711 2
0 0.255 -0.475 -0.002291329746 2
0 0.255 -0.465 -0.002912434297 2
0 0.255 -0.455 -0.003510504551 2
0 0.255 -0.445 -0.004069987131 2
0 0.255 -0.435 -0.004596102497 2
0 0.255 -0.425 -0.005084054508 2
0 0.255 -0.415 -0.005537698038 2
0 0.255 -0.405 -0.005939012496 2
0 0.255 -0.395 -0.006295894318 2
0 0.255 -0.385 -0.006610598661 2
0 0.255 -0.375 -0.006881544867 2
0 0.255 -0.365 -0.00712073772 2
0 0.255 -0.355 -0.007336248817 2
0 0.255 -0.345 -0.007531151014 2
0 0.255 -0.335 -0.007705195551 2
0 0.255 -0.325 -0.007852579636 2
0 0.255 -0.315 -0.007963975086 2
0 0.255 -0.305 -0.008044081995 2
0 0.255 -0.295 -0.008094824696 2
0 0.255 -0.285 -0.008117627326 2
0 0.255 -0.275 -0.008113152521 2
0 0.255 -0.265 -0.008081939557 2
0 0.255 -0.255 -0.008024327321 2
0 0.255 -0.245 -0.007940668023 2
0 0.255 -0.235 -0.007831373615 2
0 0.255 -0.225 -0.007696936535 2
0 0.255 -0.215 -0.007537937343 2
0 0.255 -0.205 -0.00735503721 2
0 0.255 -0.195 -0.007148969343 2
0 0.255 -0.185 -0.006920530773 2
0 0.255 -0.175 -0.006670575346 2
0 0.255 -0.165 -0.006400008098 2
0 0.255 -0.155 -0.006109780574 2
0 0.255 -0.145 -0.005800886801 2
0 0.255 -0.135 -0.005474359649 2
0 0.255 -0.125 -0.005131267382 2
0 0.255 -0.115 -0.004772710282 2
0 0.255 -0.105 -0.004399817288 2
0 0.255 -0.095 -0.004013742622 2
0 0.255 -0.085 -0.003615662424 2
0 0.255 -0.075 -0.003206771434 2
0 0.255 -0.065 -0.002788279783 2
0 0.255 -0.055 -0.002361409986 2
0 0.255 -0.045 -0.001927394224 2
0 0.255 -0.035 -0.001487472018 2
0 0.255 -0.025 -0.00104288839 2
0 0.255 -0.015 -0.0005948925675 2
0 0.255 -0.005 -0.0001447372336 2
0 0.255 0.005 0.0003063217656 2
0 0.255 0.015 0.0007570254515 2
0 0.255 0.025 0.00120611181 2
0 0.255 0.035 0.001652316303 2
0 0.255 0.045 0.002094373148 2
0 0.255 0.055 0.002531017404 2
0 0.255 0.065 0.002960987496 2
0 0.255 0.075 0.003383027217 2
0 0.255 0.085 0.003795885699 2
0 0.255 0.095 0.004198314026 2
0 0.255 0.105 0.004589057908 2
0 0.255 0.115 0.004966848117 2
0 0.255 0.125 0.005330392634 2
0 0.255 0.135 0.005678376288 2
0 0.255 0.145 0.006009474907 2
0 0.255 0.155 0.006322383379 2
0 0.255 0.165 0.006615863227 2
0 0.255 0.175 0.006888794024 2
0 0.255 0.185 0.007140244925 2
0 0.255 0.195 0.007369536591 2
0 0.255 0.205 0.007576265262 2
0 0.255 0.215 0.007760231011 2
0 0.255 0.225 0.007921290658 2
0 0.255 0.235 0.008059194932 2
0 0.255 0.245 0.008173467703 2
0 0.255 0.255 0.008263365431 2
0 0.255 0.265 0.008327896911 2
0 0.255 0.275 0.008365891362 2
0 0.255 0.285 0.008376069537 2
0 0.255 0.295 0.008357112713 2
0 0.255 0.305 0.008307718024 2
0 0.255 0.315 0.008226657651 2
0 0.255 0.325 0.00811284568 2
0 0.255 0.335 0.007965411938 2
0 0.255 0.345 0.007783760013 2
0 0.255 0.355 0.00756758375 2
0 0.255 0.365 0.007316826488 2
0 0.255 0.375 0.007031591829 2
0 0.255 0.385 0.006712033119 2
0 0.255 0.395 0.006358264039 2
0 0.255 0.405 0.0059702985 2
0 0.255 0.415 0.00554807858 2
0 0.255 0.425 0.005091405669 2
0 0.255 0.435 0.004600281576 2
0 0.255 0.445 0.004074028291 2
0 0.255 0.455 0.003514156621 2
0 0.255 0.465 0.002915665987 2
0 0.255 0.475 0.002293895251 2
0 0.255 0.485 0.00160205174 2
0 0.255 0.495 0.00098454645 2
0 0.255 0.505 0 2
0 0.255 0.515 0 2
0 0.255 0.525 0 2
0 0.255 0.535 0 2
0 0.255 0.545 0 2
0 0.255 0.555 0 2
0 0.255 0.565 0 1
0 0.265 -0.555 0 2
0 0.265 -0.545 0 2
0 0.265 -0.535 0 2
0 0.265 -0.525 0 2
0 0.265 -0.515 0 2
0 0.265 -0.505 0 2
0 0.265 -0.495 -0.000991839757 2
0 0.265 -0.485 -0.001613970135 2
0 0.265 -0.475 -0.002310675273 2
0 0.265 -0.465 -0.002936266245 2
0 0.265 -0.455 -0.003537743458 2
0 0.265 -0.445 -0.004099141079 2
0 0.265 -0.435 -0.004625082623 2
0 0.265 -0.425 -0.005111806199 2
0 0.265 -0.415 -0.00555972372 2
0 0.265 -0.405 -0.005965420628 2
0 0.265 -0.395 -0.006335298966 2
0 0.265 -0.385 -0.006671109805 2
0 0.265 -0.375 -0.006970077188 2
0 0.265 -0.365 -0.007235364295 2
0 0.265 -0.355 -0.007470959745 2
0 0.265 -0.345 -0.007675232966 2
0 0.265 -0.335 -0.007846980536 2
0 0.265 -0.325 -0.007987919979 2
0 0.265 -0.315 -0.008096859379 2
0 0.265 -0.305 -0.008173784865 2
0 0.265 -0.295 -0.00822050492 2
0 0.265 -0.285 -0.008238751153 2
0 0.265 -0.275 -0.008229511253 2
0 0.265 -0.265 -0.008193468171 2
0 0.265 -0.255 -0.008131081264 2
0 0.265 -0.245 -0.008042781354 2
0 0.265 -0.235 -0.007929012878 2
0 0.265 -0.225 -0.00779027407 2
0 0.265 -0.215 -0.007627131639 2
0 0.265 -0.205 -0.007440223156 2
0 0.265 -0.195 -0.007230254531 2
0 0.265 -0.185 -0.006997995248 2
0 0.265 -0.175 -0.006744273311 2
0 0.265 -0.165 -0.006469970519 2
0 0.265 -0.155 -0.006176018136 2
0 0.265 -0.145 -0.005863392922 2
0 0.265 -0.135 -0.005533113371 2
0 0.265 -0.125 -0.005186236056 2
0 0.265 -0.115 -0.004823851995 2
0 0.265 -0.105 -0.004447082998 2
0 0.265 -0.095 -0.004057078007 2
0 0.265 -0.085 -0.003655009443 2
0 0.265 -0.075 -0.003242069626 2
0 0.265 -0.065 -0.002819467339 2
0 0.265 -0.055 -0.002388424618 2
0 0.265 -0.045 -0.001950173865 2
0 0.265 -0.035 -0.00150595536 2
0 0.265 -0.025 -0.001057015261 2
0 0.265 -0.015 -0.0006046041053 2
0 0.265 -0.005 -0.0001499758257 2
0 0.265 0.005 0.00030561281 2
0 0.265 0.015 0.0007609024833 2
0 0.265 0.025 0.001214631548 2
0 0.265 0.035 0.001665536414 2
0 0.265 0.045 0.002112352262 2
0 0.265 0.055 0.002553814066 2
0 0.265 0.065 0.002988657622 2
0 0.265 0.075 0.003415619959 2
0 0.265 0.085 0.003833438349 2
0 0.265 0.095 0.004240847314 2
0 0.265 0.105 0.004636573724 2
0 0.265 0.115 0.005019331331 2
0 0.265 0.125 0.005387817521 2
0 0.265 0.135 0.005740715876 2
0 0.265 0.145 0.006076708814 2
0 0.265 0.155 0.006394501427 2
0 0.265 0.165 0.006692858433 2
0 0.265 0.175 0.006970647657 2
0 0.265 0.185 0.007226889693 2
0 0.265 0.195 0.007460795955 2
0 0.265 0.205 0.007671776509 2
0 0.265 0.215 0.007859394412 2
0 0.265 0.225 0.008023275458 2
0 0.265 0.235 0.008163003519 2
0 0.265 0.245 0.008278035218 2
0 0.265 0.255 0.008367657779 2
0 0.265 0.265 0.008430988276 2
0 0.265 0.275 0.008467006994 2
0 0.265 0.285 0.008474604154 2
0 0.265 0.295 0.008452632092 2
0 0.265 0.305 0.008399956081 2
0 0.265 0.315 0.008315507503 2
0 0.265 0.325 0.008198338433 2
0 0.265 0.335 0.008047673544 2
0 0.265 0.345 0.007862946533 2
0 0.265 0.355 0.007643807653 2
0 0.265 0.365 0.007390095206 2
0 0.265 0.375 0.007101777384 2
0 0.265 0.385 0.006778879666 2
0 0.265 0.395 0.006421424959 2
0 0.265 0.405 0.00602938439 2
0 0.265 0.415 0.005602699169 2
0 0.265 0.425 0.005141195641 2
0 0.265 0.435 0.00464491355 2
0 0.265 0.445 0.004113206334 2
0 0.265 0.455 0.0035476304 2
0 0.265 0.465 0.002943163637 2
0 0.265 0.475 0.002315304644 2
0 0.265 0.485 0.001616846526 2
0 0.265 0.495 0.0009935363322 2
0 0.265 0.505 0 2
0 0.265 0.515 0 2
0 0.265 0.525 0 2
0 0.265 0.535 0 2
0 0.265 0.545 0 2
0 0.265 0.555 0 2
0 0.265 0.565 0 2
0 0.275 -0.555 0 2
0 0.275 -0.545 0 2
0 0.275 -0.535 0 2
0 0.275 -0.525 0 2
0 0.275 -0.515 0 2
0 0.275 -0.505 0 2
0 0.275 -0.495 -0.0009970853213 2
0 0.275 -0.485 -0.001622225985 2
0 0.275 -0.475 -0.002322110692 2
0 0.275 -0.465 -0.002950161418 2
0 0.275 -0.455 -0.003553483255 2
0 0.275 -0.445 -0.004116035193 2
0 0.275 -0.435 -0.004642358732 2
0 0.275 -0.425 -0.005129898108 2
0 0.275 -0.415 -0.0055789805 2
0 0.275 -0.405 -0.005991746772 2
0 0.275 -0.395 -0.006371195501 2
0 0.275 -0.385 -0.006718181162 2
0 0.275 -0.375 -0.007031773056 2
0 0.275 -0.365 -0.007311136479 2
0 0.275 -0.355 -0.007556211499 2
0 0.275 -0.345 -0.007766877329 2
0 0.275 -0.335 -0.00794288683 2
0 0.275 -0.325 -0.008084510513 2
0 0.275 -0.315 -0.008192567791 2
0 0.275 -0.305 -0.00826824464 2
0 0.275 -0.295 -0.008313211111 2
0 0.275 -0.285 -0.008328989444 2
0 0.275 -0.275 -0.008316745315 2
0 0.275 -0.265 -0.008277341877 2
0 0.275 -0.255 -0.008211433129 2
0 0.275 -0.245 -0.008119576594 2
0 0.275 -0.235 -0.008002298765 2
0 0.275 -0.225 -0.007860143914 2
0 0.275 -0.215 -0.007693697574 2
0 0.275 -0.205 -0.007503598686 2
0 0.275 -0.195 -0.007290543912 2
0 0.275 -0.185 -0.007055287816 2
0 0.275 -0.175 -0.006798641078 2
0 0.275 -0.165 -0.0065214678 2
0 0.275 -0.155 -0.00622468242 2
0 0.275 -0.145 -0.005909246435 2
0 0.275 -0.135 -0.005576164996 2
0 0.275 -0.125 -0.005226483357 2
0 0.275 -0.115 -0.004861283203 2
0 0.275 -0.105 -0.004481678864 2
0 0.275 -0.095 -0.004088813447 2
0 0.275 -0.085 -0.003683854968 2
0 0.275 -0.075 -0.003267992538 2
0 0.275 -0.065 -0.002842432714 2
0 0.275 -0.055 -0.002408396102 2
0 0.275 -0.045 -0.001967114286 2
0 0.275 -0.035 -0.001519827194 2
0 0.275 -0.025 -0.001067780923 2
0 0.275 -0.015 -0.0006122260736 2
0 0.275 -0.005 -0.0001544165673 2
0 0.275 0.005 0.0003043911197 2
0 0.275 0.015 0.0007629384168 2
0 0.275 0.025 0.001219964959 2
0 0.275 0.035 0.001674208868 2
0 0.275 0.045 0.002124407089 2
0 0.275 0.055 0.002569295748 2
0 0.275 0.065 0.003007610311 2
0 0.275 0.075 0.003438085184 2
0 0.275 0.085 0.003859452353 2
0 0.275 0.095 0.004270438864 2
0 0.275 0.105 0.004669763473 2
0 0.275 0.115 0.005056133568 2
0 0.275 0.125 0.005428244379 2
0 0.275 0.135 0.005784782974 2
0 0.275 0.145 0.00612443963 2
0 0.275 0.155 0.00644592767 2
0 0.275 0.165 0.006748012035 2
0 0.275 0.175 0.007029542847 2
0 0.275 0.185 0.007289490005 2
0 0.275 0.195 0.007526967876 2
0 0.275 0.205 0.007741238639 2
0 0.275 0.215 0.007931684256 2
0 0.275 0.225 0.008097751556 2
0 0.275 0.235 0.008238886214 2
0 0.275 0.245 0.008354474747 2
0 0.275 0.255 0.008443809158 2
0 0.275 0.265 0.008506077435 2
0 0.275 0.275 0.008540377305 2
0 0.275 0.285 0.008545744198 2
0 0.275 0.295 0.00852118745 2
0 0.275 0.305 0.008465729783 2
0 0.275 0.315 0.008378448919 2
0 0.275 0.325 0.008258518722 2
0 0.275 0.335 0.008105245531 2
0 0.275 0.345 0.007918091978 2
0 0.275 0.355 0.007696681111 2
0 0.275 0.365 0.007440777486 2
0 0.275 0.375 0.007150249853 2
0 0.275 0.385 0.00682502371 2
0 0.275 0.395 0.006465042305 2
0 0.275 0.405 0.006070227851 2
0 0.275 0.415 0.005640503248 2
0 0.275 0.425 0.005175699162 2
0 0.275 0.435 0.004675874621 2
0 0.275 0.445 0.004140403222 2
0 0.275 0.455 0.003570875212 2
0 0.275 0.465 0.002962257806 2
0 0.275 0.475 0.002330165735 2
0 0.275 0.485 0.00162710939 2
0 0.275 0.495 0.0009997677677 2
0 0.275 0.505 0 2
0 0.275 0.515 0 2
0 0.275 0.525 0 2
0 0.275 0.535 0 2
0 0.275 0.545 0 2
0 0.275 0.555 0 2
0 0.275 0.565 0 2
0 0.285 -0.555 0 2
0 0.285 -0.545 0 2
0 0.285 -0.535 0 2
0 0.285 -0.525 0 2
0 0.285 -0.515 0 2
0 0.285 -0.505 0 2
0 0.285 -0.495 -0.0009991879064 2
0 0.285 -0.485 -0.001625371883 2
0 0.285 -0.475 -0.002326287349 2
0 0.285 -0.465 -0.002955061732 2
0 0.285 -0.455 -0.003558953206 2
0 0.285 -0.445 -0.004122093382 2
0 0.285 -0.435 -0.004649291494 2
0 0.285 -0.425 -0.005138880248 2
0 0.285 -0.415 -0.005592038823 2
0 0.285 -0.405 -0.006010400765 2
0 0.285 -0.395 -0.006396004518 2
0 0.285 -0.385 -0.00674946435 2
0 0.285 -0.375 -0.007069915034 2
0 0.285 -0.365 -0.007356108885 2
0 0.285 -0.355 -0.007606989944 2
0 0.285 -0.345 -0.007821801247 2
0 0.285 -0.335 -0.008000455742 2
0 0.285 -0.325 -0.008143648465 2
0 0.285 -0.315 -0.008252560928 2
0 0.285 -0.305 -0.008328559651 2
0 0.285 -0.295 -0.008373194227 2
0 0.285 -0.285 -0.008387938967 2
0 0.285 -0.275 -0.008374071343 2
0 0.285 -0.265 -0.008332613877 2
0 0.285 -0.255 -0.008264383812 2
0 0.285 -0.245 -0.0081700719 2
0 0.285 -0.235 -0.008050304752 2
0 0.285 -0.225 -0.00790569312 2
0 0.285 -0.215 -0.007736861964 2
0 0.285 -0.205 -0.007544469469 2
0 0.285 -0.195 -0.007329217481 2
0 0.285 -0.185 -0.0070918567 2
0 0.285 -0.175 -0.006833188609 2
0 0.285 -0.165 -0.006554065403 2
0 0.285 -0.155 -0.006255388709 2
0 0.285 -0.145 -0.005938107474 2
0 0.285 -0.135 -0.005603215268 2
0 0.285 -0.125 -0.005251747132 2
0 0.285 -0.115 -0.004884776049 2
0 0.285 -0.105 -0.004503409147 2
0 0.285 -0.095 -0.004108783722 2
0 0.285 -0.085 -0.003702063185 2
0 0.285 -0.075 -0.003284433053 2
0 0.285 -0.065 -0.002857097091 2
0 0.285 -0.055 -0.002421273723 2
0 0.285 -0.045 -0.001978192796 2
0 0.285 -0.035 -0.001529092775 2
0 0.285 -0.025 -0.001075218427 2
0 0.285 -0.015 -0.0006178189968 2
0 0.285 -0.005 -0.0001581468599 2
0 0.285 0.005 0.0003025433996 2
0 0.285 0.015 0.0007629955818 2
0 0.285 0.025 0.001221952234 2
0 0.285 0.035 0.001678154877 2
0 0.285 0.045 0.00213034413 2
0 0.285 0.055 0.002577259714 2
0 0.285 0.065 0.003017640165 2
0 0.285 0.075 0.003450222092 2
0 0.285 0.085 0.003873738764 2
0 0.285 0.095 0.004286918052 2
0 0.285 0.105 0.004688480081 2
0 0.285 0.115 0.005077135468 2
0 0.285 0.125 0.005451585578 2
0 0.285 0.135 0.005810526494 2
0 0.285 0.145 0.006152658384 2
0 0.285 0.155 0.006476701048 2
0 0.285 0.165 0.006781415462 2
0 0.285 0.175 0.007065628845 2
0 0.285 0.185 0.007328259494 2
0 0.285 0.195 0.007568334651 2
0 0.285 0.205 0.007784994562 2
0 0.285 0.215 0.007977477875 2
0 0.285 0.225 0.008145090471 2
0 0.285 0.235 0.008287165864 2
0 0.285 0.245 0.008403027718 2
0 0.285 0.255 0.008491963301 2
0 0.285 0.265 0.008553211587 2
0 0.285 0.275 0.008585965879 2
0 0.285 0.285 0.008589387422 2
0 0.285 0.295 0.008562626716 2
0 0.285 0.305 0.008504849438 2
0 0.285 0.315 0.008415264993 2
0 0.285 0.325 0.008293154984 2
0 0.285 0.335 0.008137897917 2
0 0.285 0.345 0.007948985218 2
0 0.285 0.355 0.007726024432 2
0 0.285 0.365 0.007468727857 2
0 0.285 0.375 0.007176889755 2
0 0.285 0.385 0.006850356273 2
0 0.285 0.395 0.006489001587 2
0 0.285 0.405 0.006092698241 2
0 0.285 0.415 0.005661341316 2
0 0.285 0.425 0.005194752284 2
0 0.285 0.435 0.004692995205 2
0 0.285 0.445 0.004155454022 2
0 0.285 0.455 0.003583740253 2
0 0.285 0.465 0.00297281959 2
0 0.285 0.475 0.002338376339 2
0 0.285 0.485 0.001632769561 2
0 0.285 0.495 0.001003198228 2
0 0.285 0.505 0 2
0 0.285 0.515 0 2
0 0.285 0.525 0 2
0 0.285 0.535 0 2
0 0.285 0.545 0 2
0 0.285 0.555 0 2
0 0.285 0.565 0 2
0 0.295 -0.555 0 2
0 0.295 -0.545 0 2
0 0.295 -0.535 0 2
0 0.295 -0.525 0 2
0 0.295 -0.515 0 2
0 0.295 -0.505 0 2
0 0.295 -0.495 -0.0009982323963 2
0 0.295 -0.485 -0.001623564532 2
0 0.295 -0.475 -0.002323444222 2
0 0.295 -0.465 -0.00295125417 2
0 0.295 -0.455 -0.003554384375 2
0 0.295 -0.445 -0.004117249012 2
0 0.295 -0.435 -0.004644961005 2
0 0.295 -0.425 -0.005136263404 2
0 0.295 -0.415 -0.005592504096 2
0 0.295 -0.405 -0.006014726831 2
0 0.295 -0.395 -0.006404067996 2
0 0.295 -0.385 -0.00676076642 2
0 0.295 -0.375 -0.007084123331 2
0 0.295 -0.365 -0.007373008551 2
0 0.295 -0.355 -0.007626350844 2
0 0.295 -0.345 -0.00784343524 2
0 0.295 -0.335 -0.008024167015 2
0 0.295 -0.325 -0.008169109654 2
0 0.295 -0.315 -0.008279327402 2
0 0.295 -0.305 -0.008356186119 2
0 0.295 -0.295 -0.008401197338 2
0 0.295 -0.285 -0.008415816164 2
0 0.295 -0.275 -0.008401346871 2
0 0.295 -0.265 -0.008358899397 2
0 0.295 -0.255 -0.00828940801 2
0 0.295 -0.245 -0.008193675485 2
0 0.295 -0.235 -0.008072421903 2
0 0.295 -0.225 -0.007926327237 2
0 0.295 -0.215 -0.007756063303 2
0 0.295 -0.205 -0.007562316416 2
0 0.295 -0.195 -0.007345802252 2
0 0.295 -0.185 -0.007107275172 2
0 0.295 -0.175 -0.006847533581 2
0 0.295 -0.165 -0.006567422548 2
0 0.295 -0.155 -0.006267834508 2
0 0.295 -0.145 -0.005949708555 2
0 0.295 -0.135 -0.005614028675 2
0 0.295 -0.125 -0.005261821147 2
0 0.295 -0.115 -0.004894151295 2
0 0.295 -0.105 -0.004512119766 2
0 0.295 -0.095 -0.004116858474 2
0 0.295 -0.085 -0.003709526403 2
0 0.295 -0.075 -0.00329130539 2
0 0.295 -0.065 -0.002863396072 2
0 0.295 -0.055 -0.002427014093 2
0 0.295 -0.045 -0.001983386697 2
0 0.295 -0.035 -0.001533749773 2
0 0.295 -0.025 -0.001079345394 2
0 0.295 -0.015 -0.0006214198689 2
0 0.295 -0.005 -0.0001612222661 2
0 0.295 0.005 0.0002999966302 2
0 0.295 0.015 0.0007609850141 2
0 0.295 0.025 0.001220490483 2
0 0.295 0.035 0.001677260263 2
0 0.295 0.045 0.002130041262 2
0 0.295 0.055 0.002577579928 2
0 0.295 0.065 0.003018621837 2
0 0.295 0.075 0.003451910888 2
0 0.295 0.085 0.003876188034 2
0 0.295 0.095 0.00429018961 2
0 0.295 0.105 0.004692645566 2
0 0.295 0.115 0.005082278233 2
0 0.295 0.125 0.005457802604 2
0 0.295 0.135 0.005817929274 2
0 0.295 0.145 0.006161371137 2
0 0.295 0.155 0.006486854467 2
0 0.295 0.165 0.006793134254 2
0 0.295 0.175 0.007079012383 2
0 0.295 0.185 0.007343356139 2
0 0.295 0.195 0.007585113116 2
0 0.295 0.205 0.007803318456 2
0 0.295 0.215 0.007997091607 2
0 0.295 0.225 0.008165622999 2
0 0.295 0.235 0.008308154127 2
0 0.295 0.245 0.008423956156 2
0 0.295 0.255 0.008512311817 2
0 0.295 0.265 0.008572503448 2
0 0.295 0.275 0.00860380825 2
0 0.295 0.285 0.008605500231 2
0 0.295 0.295 0.008576857932 2
0 0.295 0.305 0.008517176766 2
0 0.295 0.315 0.008425784715 2
0 0.295 0.325 0.008302059409 2
0 0.295 0.335 0.008145443813 2
0 0.295 0.345 0.007955457194 2
0 0.295 0.355 0.007731698643 2
0 0.295 0.365 0.007473841825 2
0 0.295 0.375 0.007181622861 2
0 0.295 0.385 0.006854822846 2
0 0.295 0.395 0.00649325536 2
0 0.295 0.405 0.006096744595 2
0 0.295 0.415 0.00566515287 2
0 0.295 0.425 0.005198283953 2
0 0.295 0.435 0.004696196604 2
0 0.295 0.445 0.004158277531 2
0 0.295 0.455 0.003586147538 2
0 0.295 0.465 0.002974779589 2
0 0.295 0.475 0.002339879535 2
0 0.295 0.485 0.001633786458 2
0 0.295 0.495 0.001003802589 2
0 0.295 0.505 0 2
0 0.295 0.515 0 2
0 0.295 0.525 0 2
0 0.295 0.535 0 2
0 0.295 0.545 0 2
0 0.295 0.555 0 2
0 0.295 0.565 0 2
0 0.305 -0.555 0 2
0 0.305 -0.545 0 2
0 0.305 -0.535 0 2
0 0.305 -0.525 0 2
0 0.305 -0.515 0 2
0 0.305 -0.505 0 2
0 0.305 -0.495 -0.0009941905778 2
0 0.305 -0.485 -0.00161673183 2
0 0.305 -0.475 -0.002313436667 2
0 0.305 -0.465 -0.00293848016 2
0 0.305 -0.455 -0.003539311065 2
0 0.305 -0.445 -0.004100666539 2
0 0.305 -0.435 -0.004627850279 2
0 0.305 -0.425 -0.005119682405 2
0 0.305 -0.415 -0.005577329858 2
0 0.305 -0.405 -0.006001353663 2
0 0.305 -0.395 -0.006392327347 2
0 0.305 -0.385 -0.006750209973 2
0 0.305 -0.375 -0.007074389239 2
0 0.305 -0.365 -0.007363926838 2
0 0.305 -0.355 -0.007617918255 2
0 0.305 -0.345 -0.00783578096 2
0 0.305 -0.335 -0.008017454844 2
0 0.305 -0.325 -0.008163440585 2
0 0.305 -0.315 -0.008274698161 2
0 0.305 -0.305 -0.008352482505 2
0 0.305 -0.295 -0.008398189972 2
0 0.305 -0.285 -0.008413210062 2
0 0.305 -0.275 -0.008398835228 2
0 0.305 -0.265 -0.00835621428 2
0 0.305 -0.255 -0.008286350277 2
0 0.305 -0.245 -0.008190123446 2
0 0.305 -0.235 -0.008068325744 2
0 0.305 -0.225 -0.007921695726 2
0 0.305 -0.215 -0.007750948376 2
0 0.305 -0.205 -0.007556798562 2
0 0.305 -0.195 -0.007339978292 2
0 0.305 -0.185 -0.007101248846 2
0 0.305 -0.175 -0.006841408848 2
0 0.305 -0.165 -0.006561299231 2
0 0.305 -0.155 -0.00626180581 2
0 0.305 -0.145 -0.005943859986 2
0 0.305 -0.135 -0.005608437954 2
0 0.305 -0.125 -0.005256558723 2
0 0.305 -0.115 -0.004889281179 2
0 0.305 -0.105 -0.004507700452 2
0 0.305 -0.095 -0.004112943787 2
0 0.305 -0.085 -0.00370616617 2
0 0.305 -0.075 -0.003288545902 2
0 0.305 -0.065 -0.002861280309 2
0 0.305 -0.055 -0.00242558175 2
0 0.305 -0.045 -0.001982674027 2
0 0.305 -0.035 -0.001533789289 2
0 0.305 -0.025 -0.001080165458 2
0 0.305 -0.015 -0.0006230441717 2
0 0.305 -0.005 -0.0001636692323 2
0 0.305 0.005 0.000296714527 2
0 0.305 0.015 0.0007568620073 2
0 0.305 0.025 0.001215528329 2
0 0.305 0.035 0.001671469098 2
0 0.305 0.045 0.002123440484 2
0 0.305 0.055 0.002570199106 2
0 0.305 0.065 0.003010501685 2
0 0.305 0.075 0.00344310438 2
0 0.305 0.085 0.003866761787 2
0 0.305 0.095 0.004280225608 2
0 0.305 0.105 0.004682243193 2
0 0.305 0.115 0.005071556325 2
0 0.305 0.125 0.005446900831 2
0 0.305 0.135 0.00580700775 2
0 0.305 0.145 0.006150606824 2
0 0.305 0.155 0.006476432891 2
0 0.305 0.165 0.006783235451 2
0 0.305 0.175 0.007069791054 2
0 0.305 0.185 0.00733491747 2
0 0.305 0.195 0.007577487812 2
0 0.305 0.205 0.00779644233 2
0 0.305 0.215 0.007990795778 2
0 0.305 0.225 0.008159639246 2
0 0.305 0.235 0.008302136554 2
0 0.305 0.245 0.008417516342 2
0 0.305 0.255 0.008505061512 2
0 0.305 0.265 0.008564097695 2
0 0.305 0.275 0.008593982416 2
0 0.305 0.285 0.008594096405 2
0 0.305 0.295 0.008563838363 2
0 0.305 0.305 0.008502624041 2
0 0.305 0.315 0.008409889766 2
0 0.305 0.325 0.008285099499 2
0 0.305 0.335 0.008127753528 2
0 0.305 0.345 0.007937396288 2
0 0.305 0.355 0.007713621074 2
0 0.305 0.365 0.007456070144 2
0 0.305 0.375 0.007164431029 2
0 0.305 0.385 0.006838428726 2
0 0.305 0.395 0.006477822116 2
0 0.305 0.405 0.006082388684 2
0 0.305 0.415 0.005651955494 2
0 0.305 0.425 0.005186303432 2
0 0.305 0.435 0.004685478752 2
0 0.305 0.445 0.004148865655 2
0 0.305 0.455 0.003578083521 2
0 0.305 0.465 0.002968121839 2
0 0.305 0.475 0.002334659662 2
0 0.305 0.485 0.001630147419 2
0 0.305 0.495 0.00100157209 2
0 0.305 0.505 0 2
0 0.305 0.515 0 2
0 0.305 0.525 0 2
0 0.305 0.535 0 2
0 0.305 0.545 0 2
0 0.305 0.555 0 2
0 0.305 0.565 0 2
0 0.315 -0.555 0 2
0 0.315 -0.545 0 2
0 0.315 -0.535 0 2
0 0.315 -0.525 0 2
0 0.315 -0.515 0 2
0 0.315 -0.505 0 2
0 0.315 -0.495 -0.0009869104409 2
0 0.315 -0.485 -0.001604565768 2
0 0.315 -0.475 -0.002295758456 2
0 0.315 -0.465 -0.002916033421 2
0 0.315 -0.455 -0.003512798436 2
0 0.315 -0.445 -0.004071131729 2
0 0.315 -0.435 -0.004596379305 2
0 0.315 -0.425 -0.005087286809 2
0 0.315 -0.415 -0.005544736124 2
0 0.315 -0.405 -0.005968859232 2
0 0.315 -0.395 -0.006359809302 2
0 0.315 -0.385 -0.006717327977 2
0 0.315 -0.375 -0.007040843558 2
0 0.315 -0.365 -0.007329607412 2
0 0.315 -0.355 -0.007582937491 2
0 0.315 -0.345 -0.007800428975 2
0 0.315 -0.335 -0.007982098216 2
0 0.315 -0.325 -0.008128417408 2
0 0.315 -0.315 -0.008240251717 2
0 0.315 -0.305 -0.008318739992 2
0 0.315 -0.295 -0.008365166079 2
0 0.315 -0.285 -0.008380839421 2
0 0.315 -0.275 -0.008367011614 2
0 0.315 -0.265 -0.008324829313 2
0 0.315 -0.255 -0.008255321641 2
0 0.315 -0.245 -0.008159410177 2
0 0.315 -0.235 -0.008037931723 2
0 0.315 -0.225 -0.00789166522 2
0 0.315 -0.215 -0.00772135766 2
0 0.315 -0.205 -0.007527746375 2
0 0.315 -0.195 -0.007311576928 2
0 0.315 -0.185 -0.007073616744 2
0 0.315 -0.175 -0.006814665013 2
0 0.315 -0.165 -0.006535559455 2
0 0.315 -0.155 -0.006237180455 2
0 0.315 -0.145 -0.005920453022 2
0 0.315 -0.135 -0.005586346892 2
0 0.315 -0.125 -0.005235875102 2
0 0.315 -0.115 -0.004870091324 2
0 0.315 -0.105 -0.004490086252 2
0 0.315 -0.095 -0.004096983338 2
0 0.315 -0.085 -0.003691934186 2
0 0.315 -0.075 -0.003276113842 2
0 0.315 -0.065 -0.002850716244 2
0 0.315 -0.055 -0.002416949994 2
0 0.315 -0.045 -0.001976034594 2
0 0.315 -0.035 -0.001529197214 2
0 0.315 -0.025 -0.001077670037 2
0 0.315 -0.015 -0.000622688149 2
0 0.315 -0.005 -0.0001654879406 2
0 0.315 0.005 0.0002926940542 2
0 0.315 0.015 0.0007506219616 2
0 0.315 0.025 0.001207061098 2
0 0.315 0.035 0.001660778297 2
0 0.315 0.045 0.002110542076 2
0 0.315 0.055 0.002555122658 2
0 0.315 0.065 0.002993291824 2
0 0.315 0.075 0.003423822548 2
0 0.315 0.085 0.003845488358 2
0 0.315 0.095 0.004257062371 2
0 0.315 0.105 0.004657316045 2
0 0.315 0.115 0.005045017728 2
0 0.315 0.125 0.005418931231 2
0 0.315 0.135 0.005777814795 2
0 0.315 0.145 0.006120420931 2
0 0.315 0.155 0.006445497808 2
0 0.315 0.165 0.00675179297 2
0 0.315 0.175 0.007038060185 2
0 0.315 0.185 0.00730307001 2
0 0.315 0.195 0.007545624122 2
0 0.315 0.205 0.00776457256 2
0 0.315 0.215 0.007958831978 2
0 0.315 0.225 0.008127402191 2
0 0.315 0.235 0.008269378 2
0 0.315 0.245 0.008383953826 2
0 0.315 0.255 0.008470419959 2
0 0.315 0.265 0.008528150917 2
0 0.315 0.275 0.008556588068 2
0 0.315 0.285 0.008555219804 2
0 0.315 0.295 0.008523562982 2
0 0.315 0.305 0.00846114872 2
0 0.315 0.315 0.00836751439 2
0 0.315 0.325 0.00824220199 2
0 0.315 0.335 0.008084761638 2
0 0.315 0.345 0.007894757934 2
0 0.315 0.355 0.007671776838 2
0 0.315 0.365 0.007415431014 2
0 0.315 0.375 0.007125363412 2
0 0.315 0.385 0.006801247428 2
0 0.315 0.395 0.006442790607 2
0 0.315 0.405 0.006049724954 2
0 0.315 0.415 0.005621841082 2
0 0.315 0.425 0.005158894077 2
0 0.315 0.435 0.004660912962 2
0 0.315 0.445 0.004127276305 2
0 0.315 0.455 0.003559592907 2
0 0.315 0.465 0.002952878945 2
0 0.315 0.475 0.002322738861 2
0 0.315 0.485 0.001621865595 2
0 0.315 0.495 0.0009965132768 2
0 0.315 0.505 0 2
0 0.315 0.515 0 2
0 0.315 0.525 0 2
0 0.315 0.535 0 2
0 0.315 0.545 0 2
0 0.315 0.555 0 2
0 0.315 0.565 0 2
0 0.325 -0.555 0 2
0 0.325 -0.545 0 2
0 0.325 -0.535 0 2
0 0.325 -0.525 0 2
0 0.325 -0.515 0 2
0 0.325 -0.505 0 2
0 0.325 -0.495 -0.0009760784407 2
0 0.325 -0.485 -0.001586479564 2
0 0.325 -0.475 -0.002269520299 2
0 0.325 -0.465 -0.00288280462 2
0 0.325 -0.455 -0.003473598878 2
0 0.325 -0.445 -0.004027320469 2
0 0.325 -0.435 -0.004549191504 2
0 0.325 -0.425 -0.005037769389 2
0 0.325 -0.415 -0.005493589118 2
0 0.325 -0.405 -0.005916394798 2
0 0.325 -0.395 -0.006306004041 2
0 0.325 -0.385 -0.00666198121 2
0 0.325 -0.375 -0.006983764023 2
0 0.325 -0.365 -0.007270747232 2
0 0.325 -0.355 -0.007522445742 2
0 0.325 -0.345 -0.007738633303 2
0 0.325 -0.335 -0.007919435535 2
0 0.325 -0.325 -0.008065349351 2
0 0.325 -0.315 -0.008177195806 2
0 0.325 -0.305 -0.008256030447 2
0 0.325 -0.295 -0.008303041196 2
0 0.325 -0.285 -0.008319453447 2
0 0.325 -0.275 -0.008306459257 2
0 0.325 -0.265 -0.008265174112 2
0 0.325 -0.255 -0.008196619953 2
0 0.325 -0.245 -0.008101727565 2
0 0.325 -0.235 -0.00798135126 2
0 0.325 -0.225 -0.007836289298 2
0 0.325 -0.215 -0.007667305526 2
0 0.325 -0.205 -0.007475149486 2
0 0.325 -0.195 -0.007260573698 2
0 0.325 -0.185 -0.007024347723 2
0 0.325 -0.175 -0.006767269076 2
0 0.325 -0.165 -0.006490171203 2
0 0.325 -0.155 -0.006193928825 2
0 0.325 -0.145 -0.005879460891 2
0 0.325 -0.135 -0.005547731414 2
0 0.325 -0.125 -0.00519974846 2
0 0.325 -0.115 -0.004836561612 2
0 0.325 -0.105 -0.00445925825 2
0 0.325 -0.095 -0.004068959018 2
0 0.325 -0.085 -0.003666812863 2
0 0.325 -0.075 -0.003253991957 2
0 0.325 -0.065 -0.002831686813 2
0 0.325 -0.055 -0.002401101794 2
0 0.325 -0.045 -0.001963451166 2
0 0.325 -0.035 -0.001519955767 2
0 0.325 -0.025 -0.001071840301 2
0 0.325 -0.015 -0.000620331236 2
0 0.325 -0.005 -0.0001666552268 2
0 0.325 0.005 0.0002879620153 2
0 0.325 0.015 0.0007422965119 2
0 0.325 0.025 0.001195126557 2
0 0.325 0.035 0.001645233094 2
0 0.325 0.045 0.002091399997 2
0 0.325 0.055 0.002532414288 2
0 0.325 0.065 0.002967066283 2
0 0.325 0.075 0.003394149639 2
0 0.325 0.085 0.003812461197 2
0 0.325 0.095 0.004220800505 2
0 0.325 0.105 0.004617968848 2
0 0.325 0.115 0.005002767606 2
0 0.325 0.125 0.005373995765 2
0 0.325 0.135 0.005730446531 2
0 0.325 0.145 0.006070903256 2
0 0.325 0.155 0.006394135336 2
0 0.325 0.165 0.006698895429 2
0 0.325 0.175 0.006983920041 2
0 0.325 0.185 0.007247935968 2
0 0.325 0.195 0.007489674771 2
0 0.325 0.205 0.007707896064 2
0 0.325 0.215 0.007901417869 2
0 0.325 0.225 0.008069149392 2
0 0.325 0.235 0.008210119591 2
0 0.325 0.245 0.008323494958 2
0 0.325 0.255 0.008408582257 2
0 0.325 0.265 0.008464815497 2
0 0.325 0.275 0.008491730089 2
0 0.325 0.285 0.008488929872 2
0 0.325 0.295 0.008456053647 2
0 0.325 0.305 0.008392747046 2
0 0.325 0.315 0.008298643405 2
0 0.325 0.325 0.008173354827 2
0 0.325 0.335 0.008016472376 2
0 0.325 0.345 0.007827572856 2
0 0.325 0.355 0.007606229201 2
0 0.325 0.365 0.007352021528 2
0 0.325 0.375 0.00706454763 2
0 0.325 0.385 0.006743430171 2
0 0.325 0.395 0.006388326543 2
0 0.325 0.405 0.005998923951 2
0 0.325 0.415 0.005574976163 2
0 0.325 0.425 0.005116211245 2
0 0.325 0.435 0.004622638319 2
0 0.325 0.445 0.004093629157 2
0 0.325 0.455 0.00353077451 2
0 0.325 0.465 0.00292912852 2
0 0.325 0.475 0.002304174348 2
0 0.325 0.485 0.001608978186 2
0 0.325 0.495 0.0009886470529 2
0 0.325 0.505 0 2
0 0.325 0.515 0 2
0 0.325 0.525 0 2
0 0.325 0.535 0 2
0 0.325 0.545 0 2
0 0.325 0.555 0 2
0 0.325 0.565 0 2
0 0.335 -0.555 0 2
0 0.335 -0.545 0 2
0 0.335 -0.535 0 2
0 0.335 -0.525 0 2
0 0.335 -0.515 0 2
0 0.335 -0.505 0 2
0 0.335 -0.495 -0.0009610786463 2
0 0.335 -0.485 -0.001561352725 2
0 0.335 -0.475 -0.002233223017 2
0 0.335 -0.465 -0.002837259279 2
0 0.335 -0.455 -0.003420204271 2
0 0.335 -0.445 -0.003967882975 2
0 0.335 -0.435 -0.004485148154 2
0 0.335 -0.425 -0.004970243633 2
0 0.335 -0.415 -0.005423297175 2
0 0.335 -0.405 -0.005843677112 2
0 0.335 -0.395 -0.006230903182 2
0 0.335 -0.385 -0.006584382002 2
0 0.335 -0.375 -0.006903544526 2
0 0.335 -0.365 -0.007187898501 2
0 0.335 -0.355 -0.007437133815 2
0 0.335 -0.345 -0.007651201675 2
0 0.335 -0.335 -0.00783036103 2
0 0.335 -0.325 -0.007975175842 2
0 0.335 -0.315 -0.008086469687 2
0 0.335 -0.305 -0.008165252966 2
0 0.335 -0.295 -0.008212642166 2
0 0.335 -0.285 -0.008229785939 2
0 0.335 -0.275 -0.008217808697 2
0 0.335 -0.265 -0.008177775003 2
0 0.335 -0.255 -0.008110673773 2
0 0.335 -0.245 -0.008017417943 2
0 0.335 -0.235 -0.007898854523 2
0 0.335 -0.225 -0.007755780309 2
0 0.335 -0.215 -0.007588959687 2
0 0.335 -0.205 -0.007399142183 2
0 0.335 -0.195 -0.007187078426 2
0 0.335 -0.185 -0.0069535339 2
0 0.335 -0.175 -0.006699300213 2
0 0.335 -0.165 -0.006425203837 2
0 0.335 -0.155 -0.006132112298 2
0 0.335 -0.145 -0.005820937898 2
0 0.335 -0.135 -0.005492639071 2
0 0.335 -0.125 -0.005148219595 2
0 0.335 -0.115 -0.004788725982 2
0 0.335 -0.105 -0.004415243442 2
0 0.335 -0.095 -0.004028890883 2
0 0.335 -0.085 -0.003630815412 2
0 0.335 -0.075 -0.003222186762 2
0 0.335 -0.065 -0.002804191981 2
0 0.335 -0.055 -0.00237803064 2
0 0.335 -0.045 -0.001944910709 2
0 0.335 -0.035 -0.001506045155 2
0 0.335 -0.025 -0.001062649263 2
0 0.335 -0.015 -0.0006159386036 2
0 0.335 -0.005 -0.0001671275665 2
0 0.335 0.005 0.0002825716635 2
0 0.335 0.015 0.0007319498058 2
0 0.335 0.025 0.001179800973 2
0 0.335 0.035 0.00162492306 2
0 0.335 0.045 0.002066118114 2
0 0.335 0.055 0.002502192764 2
0 0.335 0.065 0.002931958705 2
0 0.335 0.075 0.003354233241 2
0 0.335 0.085 0.003767839755 2
0 0.335 0.095 0.004171607913 2
0 0.335 0.105 0.004564373255 2
0 0.335 0.115 0.0049449757 2
0 0.335 0.125 0.005312256349 2
0 0.335 0.135 0.005665052027 2
0 0.335 0.145 0.006002187255 2
0 0.335 0.155 0.006322464133 2
0 0.335 0.165 0.006624651828 2
0 0.335 0.175 0.006907479073 2
0 0.335 0.185 0.007169634473 2
0 0.335 0.195 0.0074097798 2
0 0.335 0.205 0.007626579515 2
0 0.335 0.215 0.007818745422 2
0 0.335 0.225 0.007985089315 2
0 0.335 0.235 0.008124571992 2
0 0.335 0.245 0.008236336459 2
0 0.335 0.255 0.00831971722 2
0 0.335 0.265 0.008374223749 2
0 0.335 0.275 0.008399502657 2
0 0.335 0.285 0.008395287758 2
0 0.335 0.295 0.008361348816 2
0 0.335 0.305 0.008297448171 2
0 0.335 0.315 0.008203310858 2
0 0.335 0.325 0.00807861002 2
0 0.335 0.335 0.007922966113 2
0 0.335 0.345 0.007735956472 2
0 0.335 0.355 0.00751713103 2
0 0.335 0.365 0.007266030121 2
0 0.335 0.375 0.006982202038 2
0 0.335 0.385 0.006665216776 2
0 0.335 0.395 0.006314681223 2
0 0.335 0.405 0.005930238184 2
0 0.335 0.415 0.005511604989 2
0 0.335 0.425 0.00505848299 2
0 0.335 0.435 0.004570860606 2
0 0.335 0.445 0.004048103524 2
0 0.335 0.455 0.003491778703 2
0 0.335 0.465 0.002896990719 2
0 0.335 0.475 0.002279056365 2
0 0.335 0.485 0.001591545014 2
0 0.335 0.495 0.0009780078484 2
0 0.335 0.505 0 2
0 0.335 0.515 0 2
0 0.335 0.525 0 2
0 0.335 0.535 0 2
0 0.335 0.545 0 2
0 0.335 0.555 0 2
0 0.335 0.565 0 2
0 0.345 -0.555 0 2
0 0.345 -0.545 0 2
0 0.345 -0.535 0 2
0 0.345 -0.525 0 2
0 0.345 -0.515 0 2
0 0.345 -0.505 0 2
0 0.345 -0.495 -0.0009408253941 2
0 0.345 -0.485 -0.001527242705 2
0 0.345 -0.475 -0.002184346886 2
0 0.345 -0.465 -0.002777213613 2
0 0.345 -0.455 -0.003350933404 2
0 0.345 -0.445 -0.003891558137 2
0 0.345 -0.435 -0.004403389738 2
0 0.345 -0.425 -0.004884200595 2
0 0.345 -0.415 -0.005333655371 2
0 0.345 -0.405 -0.00575076046 2
0 0.345 -0.395 -0.006134762873 2
0 0.345 -0.385 -0.006484929677 2
0 0.345 -0.375 -0.006800682024 2
0 0.345 -0.365 -0.007081627289 2
0 0.345 -0.355 -0.007327621908 2
0 0.345 -0.345 -0.007538801498 2
0 0.345 -0.335 -0.00771558379 2
0 0.345 -0.325 -0.007858638402 2
0 0.345 -0.315 -0.007968833045 2
0 0.345 -0.305 -0.008047167908 2
0 0.345 -0.295 -0.008094710809 2
0 0.345 -0.285 -0.008112541892 2
0 0.345 -0.275 -0.008101713122 2
0 0.345 -0.265 -0.00806322358 2
0 0.345 -0.255 -0.007998009034 2
0 0.345 -0.245 -0.007906942564 2
0 0.345 -0.235 -0.007790842763 2
0 0.345 -0.225 -0.007650486335 2
0 0.345 -0.215 -0.007486622707 2
0 0.345 -0.205 -0.007299988977 2
0 0.345 -0.195 -0.007091324201 2
0 0.345 -0.185 -0.006861382364 2
0 0.345 -0.175 -0.006610943636 2
0 0.345 -0.165 -0.006340823555 2
0 0.345 -0.155 -0.006051879879 2
0 0.345 -0.145 -0.005745016885 2
0 0.345 -0.135 -0.005421187067 2
0 0.345 -0.125 -0.005081390352 2
0 0.345 -0.115 -0.00472667115 2
0 0.345 -0.105 -0.004358113716 2
0 0.345 -0.095 -0.003976836403 2
0 0.345 -0.085 -0.003583985396 2
0 0.345 -0.075 -0.003180728449 2
0 0.345 -0.065 -0.002768249055 2
0 0.345 -0.055 -0.002347741307 2
0 0.345 -0.045 -0.001920405612 2
0 0.345 -0.035 -0.001487445288 2
0 0.345 -0.025 -0.001050063986 2
0 0.345 -0.015 -0.0006094638337 2
0 0.345 -0.005 -0.0001668441767 2
0 0.345 0.005 0.0002765992382 2
0 0.345 0.015 0.0007196747783 2
0 0.345 0.025 0.001161195278 2
0 0.345 0.035 0.00159997836 2
0 0.345 0.045 0.002034846838 2
0 0.345 0.055 0.002464629301 2
0 0.345 0.065 0.002888160935 2
0 0.345 0.075 0.003304284595 2
0 0.345 0.085 0.003711852028 2
0 0.345 0.095 0.004109725015 2
0 0.345 0.105 0.00449677597 2
0 0.345 0.115 0.004871887226 2
0 0.345 0.125 0.005233947963 2
0 0.345 0.135 0.005581847493 2
0 0.345 0.145 0.005914463786 2
0 0.345 0.155 0.006230646992 2
0 0.345 0.165 0.006529199582 2
0 0.345 0.175 0.006808857658 2
0 0.345 0.185 0.007068281185 2
0 0.345 0.195 0.007306062812 2
0 0.345 0.205 0.007520762966 2
0 0.345 0.215 0.00771097211 2
0 0.345 0.225 0.007875389699 2
0 0.345 0.235 0.008012900462 2
0 0.345 0.245 0.00812262717 2
0 0.345 0.255 0.008203946736 2
0 0.345 0.265 0.008256466726 2
0 0.345 0.275 0.008279969792 2
0 0.345 0.285 0.008274340783 2
0 0.345 0.295 0.008239493414 2
0 0.345 0.305 0.008175310022 2
0 0.345 0.315 0.008081601649 2
0 0.345 0.325 0.007958090203 2
0 0.345 0.335 0.007804409754 2
0 0.345 0.345 0.007620121925 2
0 0.345 0.355 0.007404739294 2
0 0.345 0.365 0.007157751393 2
0 0.345 0.375 0.006878649781 2
0 0.345 0.385 0.006566948051 2
0 0.345 0.395 0.006222201553 2
0 0.345 0.405 0.005844009436 2
0 0.345 0.415 0.005432054155 2
0 0.345 0.425 0.004986012304 2
0 0.345 0.435 0.004505852704 2
0 0.345 0.445 0.0039909375 2
0 0.345 0.455 0.003442805874 2
0 0.345 0.465 0.002856626502 2
0 0.345 0.475 0.002247506592 2
0 0.345 0.485 0.001569647345 2
0 0.345 0.495 0.0009646428857 2
0 0.345 0.505 0 2
0 0.345 0.515 0 2
0 0.345 0.525 0 2
0 0.345 0.535 0 2
0 0.345 0.545 0 2
0 0.345 0.555 0 2
0 0.345 0.565 0 2
0 0.355 -0.555 0 2
0 0.355 -0.545 0 2
0 0.355 -0.535 0 2
0 0.355 -0.525 0 2
0 0.355 -0.515 0 2
0 0.355 -0.505 0 2
0 0.355 -0.495 -0.0009078446945 2
0 0.355 -0.485 -0.00148095702 2
0 0.355 -0.475 -0.002119510774 2
0 0.355 -0.465 -0.002699877931 2
0 0.355 -0.455 -0.00326397491 2
0 0.355 -0.445 -0.003797365228 2
0 0.355 -0.435 -0.004303462111 2
0 0.355 -0.425 -0.004779572902 2
0 0.355 -0.415 -0.005224867224 2
0 0.355 -0.405 -0.005638037097 2
0 0.355 -0.395 -0.006018095893 2
0 0.355 -0.385 -0.006364198189 2
0 0.355 -0.375 -0.006675767335 2
0 0.355 -0.365 -0.006952516159 2
0 0.355 -0.355 -0.007194478739 2
0 0.355 -0.345 -0.007401996975 2
0 0.355 -0.335 -0.007575679469 2
0 0.355 -0.325 -0.007716338211 2
0 0.355 -0.315 -0.007824919217 2
0 0.355 -0.305 -0.00790243831 2
0 0.355 -0.295 -0.00794992939 2
0 0.355 -0.285 -0.007968407516 2
0 0.355 -0.275 -0.00795884613 2
0 0.355 -0.265 -0.007922166054 2
0 0.355 -0.255 -0.00785923341 2
0 0.355 -0.245 -0.007770863765 2
0 0.355 -0.235 -0.00765783028 2
0 0.355 -0.225 -0.007520874239 2
0 0.355 -0.215 -0.007360716835 2
0 0.355 -0.205 -0.007178071513 2
0 0.355 -0.195 -0.006973656362 2
0 0.355 -0.185 -0.006748206106 2
0 0.355 -0.175 -0.006502483201 2
0 0.355 -0.165 -0.006237287421 2
0 0.355 -0.155 -0.005953463355 2
0 0.355 -0.145 -0.005651905254 2
0 0.355 -0.135 -0.005333558949 2
0 0.355 -0.125 -0.004999420836 2
0 0.355 -0.115 -0.004650534265 2
0 0.355 -0.105 -0.004287983924 2
0 0.355 -0.095 -0.003912888976 2
0 0.355 -0.085 -0.003526395715 2
0 0.355 -0.075 -0.003129670393 2
0 0.355 -0.065 -0.002723892748 2
0 0.355 -0.055 -0.002310250494 2
0 0.355 -0.045 -0.001889934924 2
0 0.355 -0.035 -0.001464137588 2
0 0.355 -0.025 -0.001034047939 2
0 0.355 -0.015 -0.000600851777 2
0 0.355 -0.005 -0.0001657303177 2
0 0.355 0.005 0.0002701402998 2
0 0.355 0.015 0.0007055892345 2
0 0.355 0.025 0.001139451051 2
0 0.355 0.035 0.001570565865 2
0 0.355 0.045 0.001997779662 2
0 0.355 0.055 0.002419944938 2
0 0.355 0.065 0.002835921753 2
0 0.355 0.075 0.003244579295 2
0 0.355 0.085 0.003644797912 2
0 0.355 0.095 0.004035471424 2
0 0.355 0.105 0.004415509235 2
0 0.355 0.115 0.00478383732 2
0 0.355 0.125 0.005139396577 2
0 0.355 0.135 0.005481136458 2
0 0.355 0.145 0.005808001473 2
0 0.355 0.155 0.006118908803 2
0 0.355 0.165 0.006412717478 2
0 0.355 0.175 0.006688194218 2
0 0.355 0.185 0.006943986939 2
0 0.355 0.195 0.007178622648 2
0 0.355 0.205 0.007390545469 2
0 0.355 0.215 0.007578201141 2
0 0.355 0.225 0.007740152869 2
0 0.355 0.235 0.007875196097 2
0 0.355 0.245 0.007982436934 2
0 0.355 0.255 0.008061314815 2
0 0.355 0.265 0.008111566379 2
0 0.355 0.275 0.008133143374 2
0 0.355 0.285 0.008126108168 2
0 0.355 0.295 0.008090532926 2
0 0.355 0.305 0.008026421298 2
0 0.355 0.315 0.007933660196 2
0 0.355 0.325 0.007812002386 2
0 0.355 0.335 0.007661073883 2
0 0.355 0.345 0.007480399016 2
0 0.355 0.355 0.007269434317 2
0 0.355 0.365 0.007027604444 2
0 0.355 0.375 0.006754335259 2
0 0.355 0.385 0.006449079697 2
0 0.355 0.395 0.006111341028 2
0 0.355 0.405 0.005740676755 2
0 0.355 0.415 0.005336737775 2
0 0.355 0.425 0.004899179896 2
0 0.355 0.435 0.004427955479 2
0 0.355 0.445 0.003922427537 2
0 0.355 0.455 0.003384105257 2
0 0.355 0.465 0.002808236162 2
0 0.355 0.475 0.002209676729 2
0 0.355 0.485 0.00154338679 2
0 0.355 0.495 0.0009486114673 2
0 0.355 0.505 0 2
0 0.355 0.515 0 2
0 0.355 0.525 0 2
0 0.355 0.535 0 2
0 0.355 0.545 0 2
0 0.355 0.555 0 2
0 0.355 0.565 0 2
0 0.365 -0.555 0 1
0 0.365 -0.545 0 1
0 0.365 -0.535 0 1
0 0.365 -0.525 0 2
0 0.365 -0.515 0 2
0 0.365 -0.505 0 2
0 0.365 -0.495 -0.0008536026262 2
0 0.365 -0.485 -0.001410173913 2
0 0.365 -0.475 -0.002034784563 2
0 0.365 -0.465 -0.002602843897 2
0 0.365 -0.455 -0.003158237319 2
0 0.365 -0.445 -0.003685129479 2
0 0.365 -0.435 -0.004185623344 2
0 0.365 -0.425 -0.004656876755 2
0 0.365 -0.415 -0.005097588058 2
0 0.365 -0.405 -0.005506224666 2
0 0.365 -0.395 -0.005881636038 2
0 0.365 -0.385 -0.006222899532 2
0 0.365 -0.375 -0.006529461979 2
0 0.365 -0.365 -0.006801161609 2
0 0.365 -0.355 -0.007038239709 2
0 0.365 -0.345 -0.007241283441 2
0 0.365 -0.335 -0.007411134102 2
0 0.365 -0.325 -0.007548782557 2
0 0.365 -0.315 -0.007655278789 2
0 0.365 -0.305 -0.00773166738 2
0 0.365 -0.295 -0.007778950363 2
0 0.365 -0.285 -0.007798071535 2
0 0.365 -0.275 -0.007789914553 2
0 0.365 -0.265 -0.007755308244 2
0 0.365 -0.255 -0.007695034796 2
0 0.365 -0.245 -0.007609838595 2
0 0.365 -0.235 -0.007500434915 2
0 0.365 -0.225 -0.007367518482 2
0 0.365 -0.215 -0.007211772302 2
0 0.365 -0.205 -0.007033877157 2
0 0.365 -0.195 -0.006834521919 2
0 0.365 -0.185 -0.006614414543 2
0 0.365 -0.175 -0.006374293142 2
0 0.365 -0.165 -0.006114936244 2
0 0.365 -0.155 -0.005837171197 2
0 0.365 -0.145 -0.005541879731 2
0 0.365 -0.135 -0.005230000072 2
0 0.365 -0.125 -0.00490252547 2
0 0.365 -0.115 -0.004560499512 2
0 0.365 -0.105 -0.004205009038 2
0 0.365 -0.095 -0.003837175674 2
0 0.365 -0.085 -0.003458147007 2
0 0.365 -0.075 -0.003069088253 2
0 0.365 -0.065 -0.00267117501 2
0 0.365 -0.055 -0.002265587398 2
0 0.365 -0.045 -0.001853505634 2
0 0.365 -0.035 -0.00143610694 2
0 0.365 -0.025 -0.001014563562 2
0 0.365 -0.015 -0.000590041671 2
0 0.365 -0.005 -0.0001637008944 2
0 0.365 0.005 0.0002633057277 2
0 0.365 0.015 0.0006898315509 2
0 0.365 0.025 0.001114736068 2
0 0.365 0.035 0.001536884743 2
0 0.365 0.045 0.001955149095 2
0 0.365 0.055 0.00236840721 2
0 0.365 0.065 0.002775544847 2
0 0.365 0.075 0.003175457305 2
0 0.365 0.085 0.003567052167 2
0 0.365 0.095 0.003949252864 2
0 0.365 0.105 0.004321002728 2
0 0.365 0.115 0.004681268647 2
0 0.365 0.125 0.005029042574 2
0 0.365 0.135 0.005363338012 2
0 0.365 0.145 0.005683177392 2
0 0.365 0.155 0.005987565983 2
0 0.365 0.165 0.00627544971 2
0 0.365 0.175 0.006545660466 2
0 0.365 0.185 0.00679686264 2
0 0.365 0.195 0.007027528163 2
0 0.365 0.205 0.007235970341 2
0 0.365 0.215 0.007420456917 2
0 0.365 0.225 0.007579380587 2
0 0.365 0.235 0.007711430565 2
0 0.365 0.245 0.007815704065 2
0 0.365 0.255 0.007891733066 2
0 0.365 0.265 0.007939425731 2
0 0.365 0.275 0.007958944434 2
0 0.365 0.285 0.007950557752 2
0 0.365 0.295 0.007914506562 2
0 0.365 0.305 0.007850909107 2
0 0.365 0.315 0.007759708739 2
0 0.365 0.325 0.007640662694 2
0 0.365 0.335 0.00749336022 2
0 0.365 0.345 0.007317261651 2
0 0.365 0.355 0.007111745409 2
0 0.365 0.365 0.006876155555 2
0 0.365 0.375 0.006609843173 2
0 0.365 0.385 0.006312197452 2
0 0.365 0.395 0.005982671033 2
0 0.365 0.405 0.005620784212 2
0 0.365 0.415 0.005226162204 2
0 0.365 0.425 0.00479844645 2
0 0.365 0.435 0.004337578221 2
0 0.365 0.445 0.00384292768 2
0 0.365 0.455 0.00331597348 2
0 0.365 0.465 0.002752057668 2
0 0.365 0.475 0.002165746947 2
0 0.365 0.485 0.001512884121 2
0 0.365 0.495 0.0009299842061 2
0 0.365 0.505 0 2
0 0.365 0.515 0 2
0 0.365 0.525 0 2
0 0.365 0.535 0 2
0 0.365 0.545 0 2
0 0.365 0.555 0 2
0 0.365 0.565 0 2
0 0.375 -0.555 0 1
0 0.375 -0.545 0 1
0 0.375 -0.535 0 1
0 0.375 -0.525 0 1
0 0.375 -0.515 0 1
0 0.375 -0.505 0 2
0 0.375 -0.495 -0.0007746926931 2
0 0.375 -0.485 -0.001309325299 2
0 0.375 -0.475 -0.00192112223 2
0 0.375 -0.465 -0.002485284918 2
0 0.375 -0.455 -0.003033835909 2
0 0.375 -0.445 -0.003555701778 2
0 0.375 -0.435 -0.004051086032 2
0 0.375 -0.425 -0.004517323317 2
0 0.375 -0.415 -0.004952946329 2
0 0.375 -0.405 -0.005356338418 2
0 0.375 -0.395 -0.005726289278 2
0 0.375 -0.385 -0.006061829748 2
0 0.375 -0.375 -0.006362446691 2
0 0.375 -0.365 -0.0066281297 2
0 0.375 -0.355 -0.006859373729 2
0 0.375 -0.345 -0.007057069176 2
0 0.375 -0.335 -0.007222343017 2
0 0.375 -0.325 -0.007356399934 2
0 0.375 -0.315 -0.007460407003 2
0 0.375 -0.305 -0.007535432696 2
0 0.375 -0.295 -0.007582431586 2
0 0.375 -0.285 -0.007602256753 2
0 0.375 -0.275 -0.007595683374 2
0 0.375 -0.265 -0.007563432615 2
0 0.375 -0.255 -0.007506190575 2
0 0.375 -0.245 -0.007424621331 2
0 0.375 -0.235 -0.00731937523 2
0 0.375 -0.225 -0.007191094523 2
0 0.375 -0.215 -0.007040418369 2
0 0.375 -0.205 -0.006867988899 2
0 0.375 -0.195 -0.006674459233 2
0 0.375 -0.185 -0.006460503619 2
0 0.375 -0.175 -0.00622682896 2
0 0.375 -0.165 -0.005974186403 2
0 0.375 -0.155 -0.005703381293 2
0 0.375 -0.145 -0.005415279902 2
0 0.375 -0.135 -0.005110811844 2
0 0.375 -0.125 -0.004790967883 2
0 0.375 -0.115 -0.004456793642 2
0 0.375 -0.105 -0.004109380375 2
0 0.375 -0.095 -0.003749854243 2
0 0.375 -0.085 -0.003379365507 2
0 0.375 -0.075 -0.002999078739 2
0 0.375 -0.065 -0.002610164721 2
0 0.375 -0.055 -0.002213794297 2
0 0.375 -0.045 -0.001811134098 2
0 0.375 -0.035 -0.001403343881 2
0 0.375 -0.025 -0.0009915751366 2
0 0.375 -0.015 -0.0005769706116 2
0 0.375 -0.005 -0.0001606644536 2
0 0.375 0.005 0.0002562172653 2
0 0.375 0.015 0.0006725558365 2
0 0.375 0.025 0.001087239173 2
0 0.375 0.035 0.00149916119 2
0 0.375 0.045 0.001907221471 2
0 0.375 0.055 0.002310325409 2
0 0.375 0.065 0.002707385065 2
0 0.375 0.075 0.003097320998 2
0 0.375 0.085 0.003479065368 2
0 0.375 0.095 0.003851566517 2
0 0.375 0.105 0.00421379504 2
0 0.375 0.115 0.004564750804 2
0 0.375 0.125 0.004903469414 2
0 0.375 0.135 0.005229024788 2
0 0.375 0.145 0.005540522237 2
0 0.375 0.155 0.005837074042 2
0 0.375 0.165 0.006117748568 2
0 0.375 0.175 0.00638149098 2
0 0.375 0.185 0.006627028967 2
0 0.375 0.195 0.006852804452 2
0 0.375 0.205 0.007056986304 2
0 0.375 0.215 0.007237621305 2
0 0.375 0.225 0.007392890185 2
0 0.375 0.235 0.00752136332 2
0 0.375 0.245 0.007622148548 2
0 0.375 0.255 0.007694913352 2
0 0.375 0.265 0.007739788656 2
0 0.375 0.275 0.007757190529 2
0 0.375 0.285 0.007747616047 2
0 0.375 0.295 0.007711472711 2
0 0.375 0.305 0.007648973215 2
0 0.375 0.315 0.007560086004 2
0 0.375 0.325 0.007444537007 2
0 0.375 0.335 0.00730184195 2
0 0.375 0.345 0.007131365435 2
0 0.375 0.355 0.006932383713 2
0 0.375 0.365 0.006704145237 2
0 0.375 0.375 0.006445919587 2
0 0.375 0.385 0.006157032516 2
0 0.375 0.395 0.005836891292 2
0 0.375 0.405 0.005484987208 2
0 0.375 0.415 0.005100929073 2
0 0.375 0.425 0.004684353258 2
0 0.375 0.435 0.004235197653 2
0 0.375 0.445 0.003752847614 2
0 0.375 0.455 0.003238752222 2
0 0.375 0.465 0.002688364339 2
0 0.375 0.475 0.002115923876 2
0 0.375 0.485 0.001478277801 2
0 0.375 0.495 0.0009088421141 2
0 0.375 0.505 0 2
0 0.375 0.515 0 2
0 0.375 0.525 0 2
0 0.375 0.535 0 2
0 0.375 0.545 0 2
0 0.375 0.555 0 2
0 0.375 0.565 0 2
0 0.385 -0.555 0 1
0 0.385 -0.545 0 1
0 0.385 -0.535 0 1
0 0.385 -0.525 0 1
0 0.385 -0.515 0 1
0 0.385 -0.505 0 1
0 0.385 -0.495 -0.0006754672714 2
0 0.385 -0.485 -0.001182599179 2
0 0.385 -0.475 -0.001784603552 2
0 0.385 -0.465 -0.002352518454 2
0 0.385 -0.455 -0.002894745278 2
0 0.385 -0.445 -0.003412128055 2
0 0.385 -0.435 -0.00390244759 2
0 0.385 -0.425 -0.004362930175 2
0 0.385 -0.415 -0.004792500302 2
0 0.385 -0.405 -0.005189596333 2
0 0.385 -0.395 -0.005553029655 2
0 0.385 -0.385 -0.00588177142 2
0 0.385 -0.375 -0.006175333278 2
0 0.385 -0.365 -0.006433877891 2
0 0.385 -0.355 -0.006658218482 2
0 0.385 -0.345 -0.00684963033 2
0 0.385 -0.335 -0.007009590709 2
0 0.385 -0.325 -0.007139545533 2
0 0.385 -0.315 -0.00724077031 2
0 0.385 -0.305 -0.007314325966 2
0 0.385 -0.295 -0.00736108088 2
0 0.385 -0.285 -0.007381762504 2
0 0.385 -0.275 -0.007377011549 2
0 0.385 -0.265 -0.007347425208 2
0 0.385 -0.255 -0.007293585196 2
0 0.385 -0.245 -0.007216072421 2
0 0.385 -0.235 -0.007115472267 2
0 0.385 -0.225 -0.006992375094 2
0 0.385 -0.215 -0.006847375828 2
0 0.385 -0.205 -0.006681075626 2
0 0.385 -0.195 -0.006494087323 2
0 0.385 -0.185 -0.00628704507 2
0 0.385 -0.175 -0.006060617221 2
0 0.385 -0.165 -0.005815520446 2
0 0.385 -0.155 -0.005552532411 2
0 0.385 -0.145 -0.005272500479 2
0 0.385 -0.135 -0.004976344699 2
0 0.385 -0.125 -0.00466505457 2
0 0.385 -0.115 -0.004339680377 2
0 0.385 -0.105 -0.004001320864 2
0 0.385 -0.095 -0.00365110937 2
0 0.385 -0.085 -0.003290200417 2
0 0.385 -0.075 -0.002919758153 2
0 0.385 -0.065 -0.002540947382 2
0 0.385 -0.055 -0.002154927323 2
0 0.385 -0.045 -0.001762847772 2
0 0.385 -0.035 -0.001365847177 2
0 0.385 -0.025 -0.0009650520809 2
0 0.385 -0.015 -0.0005615774696 2
0 0.385 -0.005 -0.000156527656 2
0 0.385 0.005 0.0002490025355 2
0 0.385 0.015 0.0006539264595 2
0 0.385 0.025 0.001057164338 2
0 0.385 0.035 0.001457642064 2
0 0.385 0.045 0.001854290262 2
0 0.385 0.055 0.002246043788 2
0 0.385 0.065 0.002631841946 2
0 0.385 0.075 0.003010629764 2
0 0.385 0.085 0.00338136081 2
0 0.385 0.095 0.003743002085 2
0 0.385 0.105 0.004094541511 2
0 0.385 0.115 0.004434998248 2
0 0.385 0.125 0.004763435165 2
0 0.385 0.135 0.005078970738 2
0 0.385 0.145 0.005380784445 2
0 0.385 0.155 0.005668103009 2
0 0.385 0.165 0.00594015075 2
0 0.385 0.175 0.006196049806 2
0 0.385 0.185 0.006434667058 2
0 0.385 0.195 0.006654465898 2
0 0.385 0.205 0.006853460465 2
0 0.385 0.215 0.007029416589 2
0 0.385 0.225 0.007180249918 2
0 0.385 0.235 0.00730442007 2
0 0.385 0.245 0.00740110256 2
0 0.385 0.255 0.007470174239 2
0 0.385 0.265 0.007512057332 2
0 0.385 0.275 0.007527461224 2
0 0.385 0.285 0.007517102464 2
0 0.385 0.295 0.007481508342 2
0 0.385 0.305 0.007420932136 2
0 0.385 0.315 0.007335314694 2
0 0.385 0.325 0.00722430948 2
0 0.385 0.335 0.007087323931 2
0 0.385 0.345 0.006923598186 2
0 0.385 0.355 0.00673228279 2
0 0.385 0.365 0.006512518995 2
0 0.385 0.375 0.006263493635 2
0 0.385 0.385 0.00598447556 2
0 0.385 0.395 0.005674837726 2
0 0.385 0.405 0.005334055688 2
0 0.385 0.415 0.004961735221 2
0 0.385 0.425 0.004557520016 2
0 0.385 0.435 0.004121354521 2
0 0.385 0.445 0.003652648783 2
0 0.385 0.455 0.003152824383 2
0 0.385 0.465 0.002617461452 2
0 0.385 0.475 0.002060437886 2
0 0.385 0.485 0.001439722107 2
0 0.385 0.495 0.0008852754783 2
0 0.385 0.505 0 2
0 0.385 0.515 0 2
0 0.385 0.525 0 2
0 0.385 0.535 0 2
0 0.385 0.545 0 2
0 0.385 0.555 0 2
0 0.385 0.565 0 2
0 0.395 -0.555 0 1
0 0.395 -0.545 0 1
0 0.395 -0.535 0 1
0 0.395 -0.525 0 1
0 0.395 -0.515 0 1
0 0.395 -0.505 0 1
0 0.395 -0.495 -0.0005830505882 1
0 0.395 -0.485 -0.001057401508 2
0 0.395 -0.475 -0.001634364089 2
0 0.395 -0.465 -0.002204071674 2
0 0.395 -0.455 -0.002746502398 2
0 0.395 -0.445 -0.003259009885 2
0 0.395 -0.435 -0.003743323041 2
0 0.395 -0.425 -0.004196252037 2
0 0.395 -0.415 -0.004617987497 2
0 0.395 -0.405 -0.005007189116 2
0 0.395 -0.395 -0.005362692645 2
0 0.395 -0.385 -0.005683310504 2
0 0.395 -0.375 -0.005968504756 2
0 0.395 -0.365 -0.006218621456 2
0 0.395 -0.355 -0.00643487914 2
0 0.395 -0.345 -0.006619048304 2
0 0.395 -0.335 -0.006773029431 2
0 0.395 -0.325 -0.006898516624 2
0 0.395 -0.315 -0.006996848619 2
0 0.395 -0.305 -0.007069010347 2
0 0.395 -0.295 -0.007115717403 2
0 0.395 -0.285 -0.007137521543 2
0 0.395 -0.275 -0.007134899197 2
0 0.395 -0.265 -0.00710831099 2
0 0.395 -0.255 -0.00705823361 2
0 0.395 -0.245 -0.006985171228 2
0 0.395 -0.235 -0.006889653412 2
0 0.395 -0.225 -0.006772227243 2
0 0.395 -0.215 -0.006633449255 2
0 0.395 -0.205 -0.006473881432 2
0 0.395 -0.195 -0.006294093776 2
0 0.395 -0.185 -0.0060946741 2
0 0.395 -0.175 -0.005876243742 2
0 0.395 -0.165 -0.005639476143 2
0 0.395 -0.155 -0.005385114156 2
0 0.395 -0.145 -0.005113982074 2
0 0.395 -0.135 -0.004826989622 2
0 0.395 -0.125 -0.00452512718 2
0 0.395 -0.115 -0.004209453587 2
0 0.395 -0.105 -0.003881079318 2
0 0.395 -0.095 -0.003541148266 2
0 0.395 -0.085 -0.003190820946 2
0 0.395 -0.075 -0.002831260907 2
0 0.395 -0.065 -0.002463625045 2
0 0.395 -0.055 -0.002089057652 2
0 0.395 -0.045 -0.001708687477 2
0 0.395 -0.035 -0.001323626956 2
0 0.395 -0.025 -0.000934972798 2
0 0.395 -0.015 -0.0005438073372 2
0 0.395 -0.005 -0.0001512002592 2
0 0.395 0.005 0.0002417895231 2
0 0.395 0.015 0.0006341119487 2
0 0.395 0.025 0.001024723898 2
0 0.395 0.035 0.001412587351 2
0 0.395 0.045 0.001796667688 2
0 0.395 0.055 0.002175932298 2
0 0.395 0.065 0.002549349726 2
0 0.395 0.075 0.00291588976 2
0 0.395 0.085 0.003274525045 2
0 0.395 0.095 0.003624235057 2
0 0.395 0.105 0.003964013523 2
0 0.395 0.115 0.004292880576 2
0 0.395 0.125 0.004609900422 2
0 0.395 0.135 0.004914204141 2
0 0.395 0.145 0.005205013392 2
0 0.395 0.155 0.005481649588 2
0 0.395 0.165 0.005743508176 2
0 0.395 0.175 0.005989955434 2
0 0.395 0.185 0.006220097753 2
0 0.395 0.195 0.006432506674 2
0 0.395 0.205 0.006625049443 2
0 0.395 0.215 0.006795149447 2
0 0.395 0.225 0.006940436861 2
0 0.395 0.235 0.007059375853 2
0 0.395 0.245 0.007151344657 2
0 0.395 0.255 0.007216479377 2
0 0.395 0.265 0.007255496907 2
0 0.395 0.275 0.007269381361 2
0 0.395 0.285 0.007258994335 2
0 0.395 0.295 0.007224898355 2
0 0.395 0.305 0.007167343242 2
0 0.395 0.315 0.007086190252 2
0 0.395 0.325 0.006980964846 2
0 0.395 0.335 0.006850918795 2
0 0.395 0.345 0.006695141663 2
0 0.395 0.355 0.006512643624 2
0 0.395 0.365 0.006302458027 2
0 0.395 0.375 0.006063696373 2
0 0.395 0.385 0.005795586199 2
0 0.395 0.395 0.005497485052 2
0 0.395 0.405 0.005168872086 2
0 0.395 0.415 0.004809367789 2
0 0.395 0.425 0.004418638458 2
0 0.395 0.435 0.003996646786 2
0 0.395 0.445 0.003542837841 2
0 0.395 0.455 0.00305860827 2
0 0.395 0.465 0.00253968145 2
0 0.395 0.475 0.001999539431 2
0 0.395 0.485 0.001397384695 2
0 0.395 0.495 0.0008593824757 2
0 0.395 0.505 0 2
0 0.395 0.515 0 2
0 0.395 0.525 0 2
0 0.395 0.535 0 2
0 0.395 0.545 0 2
0 0.395 0.555 0 2
0 0.395 0.565 0 2
0 0.405 -0.555 0 1
0 0.405 -0.545 0 1
0 0.405 -0.535 0 1
0 0.405 -0.525 0 1
0 0.405 -0.515 0 1
0 0.405 -0.505 0 1
0 0.405 -0.495 -0.0005394537118 1
0 0.405 -0.485 -0.0009803946392 2
0 0.405 -0.475 -0.001513640311 2
0 0.405 -0.465 -0.002058500999 2
0 0.405 -0.455 -0.002601219283 2
0 0.405 -0.445 -0.003104090898 2
0 0.405 -0.435 -0.003578327963 2
0 0.405 -0.425 -0.004020015842 2
0 0.405 -0.415 -0.00443092791 2
0 0.405 -0.405 -0.004809945207 2
0 0.405 -0.395 -0.005155710693 2
0 0.405 -0.385 -0.005466617621 2
0 0.405 -0.375 -0.005741914716 2
0 0.405 -0.365 -0.005982140882 2
0 0.405 -0.355 -0.006189061662 2
0 0.405 -0.345 -0.006365099598 2
0 0.405 -0.335 -0.006512642878 2
0 0.405 -0.325 -0.006633583394 2
0 0.405 -0.315 -0.006729209239 2
0 0.405 -0.305 -0.006800309719 2
0 0.405 -0.295 -0.006847357559 2
0 0.405 -0.285 -0.006870673912 2
0 0.405 -0.275 -0.006870545494 2
0 0.405 -0.265 -0.006847295153 2
0 0.405 -0.255 -0.00680130746 2
0 0.405 -0.245 -0.006733029436 2
0 0.405 -0.235 -0.006642955583 2
0 0.405 -0.225 -0.006531607799 2
0 0.405 -0.215 -0.006399517074 2
0 0.405 -0.205 -0.006247212378 2
0 0.405 -0.195 -0.006075220008 2
0 0.405 -0.185 -0.005884074513 2
0 0.405 -0.175 -0.005674339451 2
0 0.405 -0.165 -0.005446633419 2
0 0.405 -0.155 -0.00520165499 2
0 0.405 -0.145 -0.004940200147 2
0 0.405 -0.135 -0.00466316791 2
0 0.405 -0.125 -0.004371553165 2
0 0.405 -0.115 -0.004066429085 2
0 0.405 -0.105 -0.003748923711 2
0 0.405 -0.095 -0.003420195702 2
0 0.405 -0.085 -0.003081413255 2
0 0.405 -0.075 -0.002733738365 2
0 0.405 -0.065 -0.002378316869 2
0 0.405 -0.055 -0.00201627349 2
0 0.405 -0.045 -0.001648710502 2
0 0.405 -0.035 -0.001276708653 2
0 0.405 -0.025 -0.0009013292319 2
0 0.405 -0.015 -0.0005236165664 2
0 0.405 -0.005 -0.0001446005987 2
0 0.405 0.005 0.0002347006069 2
0 0.405 0.015 0.0006132784103 2
0 0.405 0.025 0.0009901311493 2
0 0.405 0.035 0.001364261662 2
0 0.405 0.045 0.001734674776 2
0 0.405 0.055 0.002100374842 2
0 0.405 0.065 0.002460363471 2
0 0.405 0.075 0.002813637808 2
0 0.405 0.085 0.003159189928 2
0 0.405 0.095 0.003496008287 2
0 0.405 0.105 0.003823082739 2
0 0.405 0.115 0.004139415384 2
0 0.405 0.125 0.004444039718 2
0 0.405 0.135 0.004736051883 2
0 0.405 0.145 0.00501465275 2
0 0.405 0.155 0.005279193608 2
0 0.405 0.165 0.005529208512 2
0 0.405 0.175 0.005764316804 2
0 0.405 0.185 0.005984000501 2
0 0.405 0.195 0.006187184338 2
0 0.405 0.205 0.006371549773 2
0 0.405 0.215 0.006533935754 2
0 0.405 0.225 0.006671764273 2
0 0.405 0.235 0.006783834223 2
0 0.405 0.245 0.006870026681 2
0 0.405 0.255 0.006931012814 2
0 0.405 0.265 0.006967875493 2
0 0.405 0.275 0.006981603751 2
0 0.405 0.285 0.006972960977 2
0 0.405 0.295 0.006942190145 2
0 0.405 0.305 0.006889275 2
0 0.405 0.315 0.006813999482 2
0 0.405 0.325 0.006715935613 2
0 0.405 0.335 0.006594149371 2
0 0.405 0.345 0.006447545354 2
0 0.405 0.355 0.006274983696 2
0 0.405 0.365 0.006075406617 2
0 0.405 0.375 0.005847872546 2
0 0.405 0.385 0.005591593956 2
0 0.405 0.395 0.005305940818 2
0 0.405 0.405 0.004990421457 2
0 0.405 0.415 0.004644692635 2
0 0.405 0.425 0.004268460558 2
0 0.405 0.435 0.003861718574 2
0 0.405 0.445 0.003423956926 2
0 0.405 0.455 0.002956549478 2
0 0.405 0.465 0.002455377548 2
0 0.405 0.475 0.001933494361 2
0 0.405 0.485 0.00135144359 2
0 0.405 0.495 0.0008312675122 2
0 0.405 0.505 0 2
0 0.405 0.515 0 2
0 0.405 0.525 0 2
0 0.405 0.535 0 2
0 0.405 0.545 0 2
0 0.405 0.555 0 2
0 0.405 0.565 0 2
0 0.415 -0.555 0 1
0 0.415 -0.545 0 1
0 0.415 -0.535 0 1
0 0.415 -0.525 0 1
0 0.415 -0.515 0 1
0 0.415 -0.505 0 1
0 0.415 -0.495 -0.0005217093286 1
0 0.415 -0.485 -0.0008927527417 1
0 0.415 -0.475 -0.001397830804 2
0 0.415 -0.465 -0.001921421911 2
0 0.415 -0.455 -0.002466216178 2
0 0.415 -0.445 -0.002953589784 2
0 0.415 -0.435 -0.003411231442 2
0 0.415 -0.425 -0.0038362795 2
0 0.415 -0.415 -0.004232165963 2
0 0.415 -0.405 -0.004597932482 2
0 0.415 -0.395 -0.004931653246 2
0 0.415 -0.385 -0.005230952907 2
0 0.415 -0.375 -0.005494662905 2
0 0.415 -0.365 -0.005723508549 2
0 0.415 -0.355 -0.005919967189 2
0 0.415 -0.345 -0.006087285518 2
0 0.415 -0.335 -0.006228352997 2
0 0.415 -0.325 -0.006345126935 2
0 0.415 -0.315 -0.006438654789 2
0 0.415 -0.305 -0.006509350467 2
0 0.415 -0.295 -0.006557335381 2
0 0.415 -0.285 -0.006582659086 2
0 0.415 -0.275 -0.006585414211 2
0 0.415 -0.265 -0.006565805877 2
0 0.415 -0.255 -0.006524159495 2
0 0.415 -0.245 -0.006460901252 2
0 0.415 -0.235 -0.006376524627 2
0 0.415 -0.225 -0.006271554757 2
0 0.415 -0.215 -0.006146517382 2
0 0.415 -0.205 -0.006001918991 2
0 0.415 -0.195 -0.005838242417 2
0 0.415 -0.185 -0.005655960096 2
0 0.415 -0.175 -0.005455562961 2
0 0.415 -0.165 -0.005237598462 2
0 0.415 -0.155 -0.005002707724 2
0 0.415 -0.145 -0.004751651594 2
0 0.415 -0.135 -0.004485318727 2
0 0.415 -0.125 -0.004204714464 2
0 0.415 -0.115 -0.003910934859 2
0 0.415 -0.105 -0.003605133465 2
0 0.415 -0.095 -0.003288488749 2
0 0.415 -0.085 -0.002962177776 2
0 0.415 -0.075 -0.002627358569 2
0 0.415 -0.065 -0.002285160874 2
0 0.415 -0.055 -0.001936683372 2
0 0.415 -0.045 -0.001582994962 2
0 0.415 -0.035 -0.001225138027 2
0 0.415 -0.025 -0.0008641322774 2
0 0.415 -0.015 -0.0005009784275 2
0 0.415 -0.005 -0.00013666148 2
0 0.415 0.005 0.0002278463304 2
0 0.415 0.015 0.0005915827506 2
0 0.415 0.025 0.000953592695 2
0 0.415 0.035 0.001312925256 2
0 0.415 0.045 0.001668630449 2
0 0.415 0.055 0.002019755659 2
0 0.415 0.065 0.002365341817 2
0 0.415 0.075 0.002704419482 2
0 0.415 0.085 0.003036005187 2
0 0.415 0.095 0.003359098841 2
0 0.415 0.105 0.00367268367 2
0 0.415 0.115 0.003975731366 2
0 0.415 0.125 0.004267216168 2
0 0.415 0.135 0.004546146009 2
0 0.415 0.145 0.004811612098 2
0 0.415 0.155 0.005062876347 2
0 0.415 0.165 0.005299466869 2
0 0.415 0.175 0.00552116488 2
0 0.415 0.185 0.005727957178 2
0 0.415 0.195 0.005919266833 2
0 0.415 0.205 0.006092422543 2
0 0.415 0.215 0.006243689457 2
0 0.415 0.225 0.006371072872 2
0 0.415 0.235 0.006474511869 2
0 0.415 0.245 0.006554681854 2
0 0.415 0.255 0.006612871028 2
0 0.415 0.265 0.006649775002 2
0 0.415 0.275 0.006665357717 2
0 0.415 0.285 0.006660177964 2
0 0.415 0.295 0.006634526438 2
0 0.415 0.305 0.00658815428 2
0 0.415 0.315 0.00652058523 2
0 0.415 0.325 0.006431270322 2
0 0.415 0.335 0.006319050394 2
0 0.415 0.345 0.00618278191 2
0 0.415 0.355 0.00602116689 2
0 0.415 0.365 0.005833082612 2
0 0.415 0.375 0.005617575789 2
0 0.415 0.385 0.005373884262 2
0 0.415 0.395 0.005101426554 2
0 0.415 0.405 0.004799770972 2
0 0.415 0.415 0.004468634325 2
0 0.415 0.425 0.00410778028 2
0 0.415 0.435 0.003717244342 2
0 0.415 0.445 0.003296570485 2
0 0.415 0.455 0.002847110375 2
0 0.415 0.465 0.002364915751 2
0 0.415 0.475 0.001862578245 2
0 0.415 0.485 0.00130208363 2
0 0.415 0.495 0.0008010393156 2
0 0.415 0.505 0 2
0 0.415 0.515 0 2
0 0.415 0.525 0 2
0 0.415 0.535 0 2
0 0.415 0.545 0 2
0 0.415 0.555 0 2
0 0.415 0.565 0 2
0 0.425 -0.555 0 1
0 0.425 -0.545 0 1
0 0.425 -0.535 0 1
0 0.425 -0.525 0 1
0 0.425 -0.515 0 1
0 0.425 -0.505 0 1
0 0.425 -0.495 -0.0005080917009 1
0 0.425 -0.485 -0.0008599031537 1
0 0.425 -0.475 -0.001346683183 2
0 0.425 -0.465 -0.001843069831 2
0 0.425 -0.455 -0.002355760961 2
0 0.425 -0.445 -0.002814048612 2
0 0.425 -0.435 -0.003244552943 2
0 0.425 -0.425 -0.003645555364 2
0 0.425 -0.415 -0.004020948735 2
0 0.425 -0.405 -0.004369659245 2
0 0.425 -0.395 -0.004688655262 2
0 0.425 -0.385 -0.004974146624 2
0 0.425 -0.375 -0.005224311302 2
0 0.425 -0.365 -0.005440343064 2
0 0.425 -0.355 -0.005625664775 2
0 0.425 -0.345 -0.00578449249 2
0 0.425 -0.335 -0.005920077304 2
0 0.425 -0.325 -0.006033902708 2
0 0.425 -0.315 -0.00612646263 2
0 0.425 -0.305 -0.006197752695 2
0 0.425 -0.295 -0.00624744754 2
0 0.425 -0.285 -0.006275316698 2
0 0.425 -0.275 -0.00628129676 2
0 0.425 -0.265 -0.006265529841 2
0 0.425 -0.255 -0.006228339692 2
0 0.425 -0.245 -0.006170185935 2
0 0.425 -0.235 -0.006091608008 2
0 0.425 -0.225 -0.005993172662 2
0 0.425 -0.215 -0.005875428068 2
0 0.425 -0.205 -0.005738873145 2
0 0.425 -0.195 -0.005583948095 2
0 0.425 -0.185 -0.005411050929 2
0 0.425 -0.175 -0.005220578623 2
0 0.425 -0.165 -0.005012983822 2
0 0.425 -0.155 -0.004788831382 2
0 0.425 -0.145 -0.004548837959 2
0 0.425 -0.135 -0.004293883541 2
0 0.425 -0.125 -0.004024993553 2
0 0.425 -0.115 -0.003743299473 2
0 0.425 -0.105 -0.003449990947 2
0 0.425 -0.095 -0.003146271794 2
0 0.425 -0.085 -0.002833327706 2
0 0.425 -0.075 -0.002512307758 2
0 0.425 -0.065 -0.002184317757 2
0 0.425 -0.055 -0.001850421486 2
0 0.425 -0.045 -0.001511645932 2
0 0.425 -0.035 -0.001168987582 2
0 0.425 -0.025 -0.0008234181764 2
0 0.425 -0.015 -0.0004758893616 2
0 0.425 -0.005 -0.0001273363248 2
0 0.425 0.005 0.0002213191986 2
0 0.425 0.015 0.0005691661336 2
0 0.425 0.025 0.0009153011528 2
0 0.425 0.035 0.001258825405 2
0 0.425 0.045 0.001598840726 2
0 0.425 0.055 0.001934445197 2
0 0.425 0.065 0.002264727945 2
0 0.425 0.075 0.002588763076 2
0 0.425 0.085 0.002905602774 2
0 0.425 0.095 0.003214269829 2
0 0.425 0.105 0.003513750565 2
0 0.425 0.115 0.003802990128 2
0 0.425 0.125 0.004080894201 2
0 0.425 0.135 0.004346346357 2
0 0.425 0.145 0.004598244866 2
0 0.425 0.155 0.004835611283 2
0 0.425 0.165 0.005057688496 2
0 0.425 0.175 0.005264209622 2
0 0.425 0.185 0.00545560841 2
0 0.425 0.195 0.005630717874 2
0 0.425 0.205 0.005788026512 2
0 0.425 0.215 0.005922072174 2
0 0.425 0.225 0.006028228964 2
0 0.425 0.235 0.006112709076 2
0 0.425 0.245 0.006187925776 2
0 0.425 0.255 0.00624627105 2
0 0.425 0.265 0.006287627631 2
0 0.425 0.275 0.006315112772 2
0 0.425 0.285 0.006324001365 2
0 0.425 0.295 0.006305682498 2
0 0.425 0.305 0.006267152813 2
0 0.425 0.315 0.006208810887 2
0 0.425 0.325 0.006129780732 2
0 0.425 0.335 0.006028341929 2
0 0.425 0.345 0.005903326975 2
0 0.425 0.355 0.005753424816 2
0 0.425 0.365 0.005577467223 2
0 0.425 0.375 0.005374541532 2
0 0.425 0.385 0.005143964222 2
0 0.425 0.395 0.004885242317 2
0 0.425 0.405 0.004598036502 2
0 0.425 0.415 0.00428214652 2
0 0.425 0.425 0.003937408454 2
0 0.425 0.435 0.003563908273 2
0 0.425 0.445 0.003161248878 2
0 0.425 0.455 0.002730757478 2
0 0.425 0.465 0.002268665546 2
0 0.425 0.475 0.001787069905 2
0 0.425 0.485 0.001249492502 2
0 0.425 0.495 0.0007688088649 2
0 0.425 0.505 0 2
0 0.425 0.515 0 2
0 0.425 0.525 0 2
0 0.425 0.535 0 2
0 0.425 0.545 0 2
0 0.425 0.555 0 2
0 0.425 0.565 0 2
0 0.435 -0.555 0 1
0 0.435 -0.545 0 1
0 0.435 -0.535 0 1
0 0.435 -0.525 0 1
0 0.435 -0.515 0 1
0 0.435 -0.505 0 1
0 0.435 -0.495 -0.0005143676608 1
0 0.435 -0.485 -0.0008603988728 1
0 0.435 -0.475 -0.00133478975 2
0 0.435 -0.465 -0.001802061548 2
0 0.435 -0.455 -0.002263625996 2
0 0.435 -0.445 -0.00268323983 2
0 0.435 -0.435 -0.003078314659 2
0 0.435 -0.425 -0.003448708332 2
0 0.435 -0.415 -0.003797768118 2
0 0.435 -0.405 -0.004124008809 2
0 0.435 -0.395 -0.00442371825 2
0 0.435 -0.385 -0.004691949757 2
0 0.435 -0.375 -0.004926580341 2
0 0.435 -0.365 -0.005129618717 2
0 0.435 -0.355 -0.005304669662 2
0 0.435 -0.345 -0.005456367079 2
0 0.435 -0.335 -0.005588473356 2
0 0.435 -0.325 -0.005701497174 2
0 0.435 -0.315 -0.00579480491 2
0 0.435 -0.305 -0.005867903754 2
0 0.435 -0.295 -0.005920118394 2
0 0.435 -0.285 -0.005950978383 2
0 0.435 -0.275 -0.005960356286 2
0 0.435 -0.265 -0.005948428132 2
0 0.435 -0.255 -0.005915595188 2
0 0.435 -0.245 -0.005862418192 2
0 0.435 -0.235 -0.0057895385 2
0 0.435 -0.225 -0.005697610646 2
0 0.435 -0.215 -0.005587239976 2
0 0.435 -0.205 -0.005458937783 2
0 0.435 -0.195 -0.005313103249 2
0 0.435 -0.185 -0.005150042787 2
0 0.435 -0.175 -0.004970028431 2
0 0.435 -0.165 -0.004773383198 2
0 0.435 -0.155 -0.004560568368 2
0 0.435 -0.145 -0.004332244339 2
0 0.435 -0.135 -0.004089286726 2
0 0.435 -0.125 -0.003832756462 2
0 0.435 -0.115 -0.003563838696 2
0 0.435 -0.105 -0.003283772759 2
0 0.435 -0.095 -0.002993792895 2
0 0.435 -0.085 -0.00269509004 2
0 0.435 -0.075 -0.002388795059 2
0 0.435 -0.065 -0.00207597797 2
0 0.435 -0.055 -0.00175765592 2
0 0.435 -0.045 -0.001434803921 2
0 0.435 -0.035 -0.001108364669 2
0 0.435 -0.025 -0.0007792559609 2
0 0.435 -0.015 -0.0004483757186 2
0 0.435 -0.005 -0.0001166053255 2
0 0.435 0.005 0.000215187871 2
0 0.435 0.015 0.0005461481927 2
0 0.435 0.025 0.0008754289428 2
0 0.435 0.035 0.001202189141 2
0 0.435 0.045 0.001525589518 2
0 0.435 0.055 0.00184478761 2
0 0.435 0.065 0.002158931712 2
0 0.435 0.075 0.002467153333 2
0 0.435 0.085 0.002768557773 2
0 0.435 0.095 0.003062212336 2
0 0.435 0.105 0.003347132288 2
0 0.435 0.115 0.003622264706 2
0 0.435 0.125 0.003886473804 2
0 0.435 0.135 0.004138532074 2
0 0.435 0.145 0.004377126915 2
0 0.435 0.155 0.004600937123 2
0 0.435 0.165 0.00480865595 2
0 0.435 0.175 0.00499961922 2
0 0.435 0.185 0.005173377614 2
0 0.435 0.195 0.005329223531 2
0 0.435 0.205 0.005464609494 2
0 0.435 0.215 0.005575017835 2
0 0.435 0.225 0.005658859238 2
0 0.435 0.235 0.00573082741 2
0 0.435 0.245 0.00580182726 2
0 0.435 0.255 0.005862886578 2
0 0.435 0.265 0.005910530566 2
0 0.435 0.275 0.005944918301 2
0 0.435 0.285 0.005960583149 2
0 0.435 0.295 0.005954743961 2
0 0.435 0.305 0.005931419622 2
0 0.435 0.315 0.005882997295 2
0 0.435 0.325 0.005815018211 2
0 0.435 0.335 0.005725248298 2
0 0.435 0.345 0.005612104109 2
0 0.435 0.355 0.005474286318 2
0 0.435 0.365 0.005310734117 2
0 0.435 0.375 0.005120620033 2
0 0.435 0.385 0.004903399532 2
0 0.435 0.395 0.004658710538 2
0 0.435 0.405 0.004386334814 2
0 0.435 0.415 0.004086172695 2
0 0.435 0.425 0.003758141376 2
0 0.435 0.435 0.003402379727 2
0 0.435 0.445 0.003018549605 2
0 0.435 0.455 0.00260794745 2
0 0.435 0.465 0.002166989831 2
0 0.435 0.475 0.00170724458 2
0 0.435 0.485 0.001193856634 2
0 0.435 0.495 0.0007346872904 2
0 0.435 0.505 0 2
0 0.435 0.515 0 2
0 0.435 0.525 0 2
0 0.435 0.535 0 2
0 0.435 0.545 0 2
0 0.435 0.555 0 2
0 0.435 0.565 0 2
0 0.445 -0.555 0 2
0 0.445 -0.545 0 2
0 0.445 -0.535 0 1
0 0.445 -0.525 0 1
0 0.445 -0.515 0 1
0 0.445 -0.505 0 1
0 0.445 -0.495 -0.0005203522816 1
0 0.445 -0.485 -0.0009028011709 2
0 0.445 -0.475 -0.001357520246 2
0 0.445 -0.465 -0.001778721152 2
0 0.445 -0.455 -0.002179735202 2
0 0.445 -0.445 -0.002556091613 2
0 0.445 -0.435 -0.002911877155 2
0 0.445 -0.425 -0.003243438506 2
0 0.445 -0.415 -0.003556246579 2
0 0.445 -0.405 -0.003851535971 2
0 0.445 -0.395 -0.004120835058 2
0 0.445 -0.385 -0.004364596446 2
0 0.445 -0.375 -0.0045854271 2
0 0.445 -0.365 -0.004777908577 2
0 0.445 -0.355 -0.004949744185 2
0 0.445 -0.345 -0.005104221774 2
0 0.445 -0.335 -0.005236100109 2
0 0.445 -0.325 -0.005350913995 2
0 0.445 -0.315 -0.005447032349 2
0 0.445 -0.305 -0.005523200068 2
0 0.445 -0.295 -0.005578511054 2
0 0.445 -0.285 -0.005612501554 2
0 0.445 -0.275 -0.005625122964 2
0 0.445 -0.265 -0.005616715846 2
0 0.445 -0.255 -0.005587846118 2
0 0.445 -0.245 -0.005539244345 2
0 0.445 -0.235 -0.005471710342 2
0 0.445 -0.225 -0.005386036299 2
0 0.445 -0.215 -0.005282926458 2
0 0.445 -0.205 -0.005162931739 2
0 0.445 -0.195 -0.005026414868 2
0 0.445 -0.185 -0.004873568286 2
0 0.445 -0.175 -0.004704494869 2
0 0.445 -0.165 -0.0045193369 2
0 0.445 -0.155 -0.004318412442 2
0 0.445 -0.145 -0.004102309757 2
0 0.445 -0.135 -0.003871909 2
0 0.445 -0.125 -0.003628330933 2
0 0.445 -0.115 -0.003372840239 2
0 0.445 -0.105 -0.003106742173 2
0 0.445 -0.095 -0.002831303704 2
0 0.445 -0.085 -0.002547711581 2
0 0.445 -0.075 -0.002257062536 2
0 0.445 -0.065 -0.001960373717 2
0 0.445 -0.055 -0.001658600914 2
0 0.445 -0.045 -0.001352656262 2
0 0.445 -0.035 -0.001043421453 2
0 0.445 -0.025 -0.0007317558581 2
0 0.445 -0.015 -0.0004185007414 2
0 0.445 -0.005 -0.0001044812795 2
0 0.445 0.005 0.0002094921624 2
0 0.445 0.015 0.0005226225326 2
0 0.445 0.025 0.0008341239103 2
0 0.445 0.035 0.001143218493 2
0 0.445 0.045 0.00144913272 2
0 0.445 0.055 0.001751092444 2
0 0.445 0.065 0.002048316885 2
0 0.445 0.075 0.002340010846 2
0 0.445 0.085 0.002625354469 2
0 0.445 0.095 0.002903489373 2
0 0.445 0.105 0.003173500443 2
0 0.445 0.115 0.003434391058 2
0 0.445 0.125 0.003685055225 2
0 0.445 0.135 0.003924240441 2
0 0.445 0.145 0.004150528189 2
0 0.445 0.155 0.004362324158 2
0 0.445 0.165 0.004557857853 2
0 0.445 0.175 0.004735849136 2
0 0.445 0.185 0.004893903396 2
0 0.445 0.195 0.005037250527 2
0 0.445 0.205 0.005159910841 2
0 0.445 0.215 0.005243638361 1
0 0.445 0.225 0.005307899432 1
0 0.445 0.235 0.00537095275 1
0 0.445 0.245 0.005427919252 1
0 0.445 0.255 0.0054802564 1
0 0.445 0.265 0.005544610532 2
0 0.445 0.275 0.005584007986 2
0 0.445 0.285 0.005598416977 2
0 0.445 0.295 0.005596682678 2
0 0.445 0.305 0.005583995117 2
0 0.445 0.315 0.00554998914 2
0 0.445 0.325 0.005492152444 2
0 0.445 0.335 0.005413875215 2
0 0.445 0.345 0.005312497371 2
0 0.445 0.355 0.00518650623 2
0 0.445 0.365 0.005035145345 2
0 0.445 0.375 0.004857673368 2
0 0.445 0.385 0.004653722879 2
0 0.445 0.395 0.004423099792 2
0 0.445 0.405 0.004165722934 2
0 0.445 0.415 0.003881599259 2
0 0.445 0.425 0.003570725273 2
0 0.445 0.435 0.003233286696 2
0 0.445 0.445 0.002868997731 2
0 0.445 0.455 0.002479112923 2
0 0.445 0.465 0.00206023497 2
0 0.445 0.475 0.0016233673 2
0 0.445 0.485 0.001135357286 2
0 0.445 0.495 0.0006987839242 2
0 0.445 0.505 0 2
0 0.445 0.515 0 2
0 0.445 0.525 0 2
0 0.445 0.535 0 2
0 0.445 0.545 0 2
0 0.445 0.555 0 2
0 0.445 0.565 0 2
0 0.455 -0.555 0 2
0 0.455 -0.545 0 2
0 0.455 -0.535 0 2
0 0.455 -0.525 0 2
0 0.455 -0.515 0 2
0 0.455 -0.505 0 2
0 0.455 -0.495 -0.0005733964617 2
0 0.455 -0.485 -0.000938632322 2
0 0.455 -0.475 -0.001351986596 2
0 0.455 -0.465 -0.00172723506 2
0 0.455 -0.455 -0.00208693187 2
0 0.455 -0.445 -0.002426681604 2
0 0.455 -0.435 -0.002748697314 2
0 0.455 -0.425 -0.003046761332 2
0 0.455 -0.415 -0.003323574303 2
0 0.455 -0.405 -0.003583207737 2
0 0.455 -0.395 -0.003809955671 2
0 0.455 -0.385 -0.004011640029 2
0 0.455 -0.375 -0.004213942059 2
0 0.455 -0.365 -0.004398348826 2
0 0.455 -0.355 -0.004569547115 2
0 0.455 -0.345 -0.004730329147 2
0 0.455 -0.335 -0.004869672474 2
0 0.455 -0.325 -0.004987986653 2
0 0.455 -0.315 -0.005088338922 2
0 0.455 -0.305 -0.005168235031 2
0 0.455 -0.295 -0.005226534646 2
0 0.455 -0.285 -0.005263201848 2
0 0.455 -0.275 -0.005278413818 2
0 0.455 -0.265 -0.00527279256 2
0 0.455 -0.255 -0.005247133658 2
0 0.455 -0.245 -0.005202385758 2
0 0.455 -0.235 -0.00513955105 2
0 0.455 -0.225 -0.005059607293 2
0 0.455 -0.215 -0.004963407806 2
0 0.455 -0.205 -0.004851584435 2
0 0.455 -0.195 -0.004724478314 2
0 0.455 -0.185 -0.004582142919 2
0 0.455 -0.175 -0.004424450279 2
0 0.455 -0.165 -0.004251286466 2
0 0.455 -0.155 -0.004062768041 2
0 0.455 -0.145 -0.00385939033 2
0 0.455 -0.135 -0.003642055212 2
0 0.455 -0.125 -0.003411981332 2
0 0.455 -0.115 -0.003170548742 2
0 0.455 -0.105 -0.002919145631 2
0 0.455 -0.095 -0.002659066454 2
0 0.455 -0.085 -0.002391473404 2
0 0.455 -0.075 -0.002117403457 2
0 0.455 -0.065 -0.001837797802 2
0 0.455 -0.055 -0.001553534119 2
0 0.455 -0.045 -0.001265451702 2
0 0.455 -0.035 -0.0009743665845 2
0 0.455 -0.025 -0.0006810782977 2
0 0.455 -0.015 -0.0003863713746 2
0 0.455 -0.005 -9.101468686e-05 2
0 0.455 0.005 0.0002042392508 2
0 0.455 0.015 0.0004986539517 2
0 0.455 0.025 0.0007915073487 2
0 0.455 0.035 0.001082089092 2
0 0.455 0.045 0.001369697029 2
0 0.455 0.055 0.001653632974 2
0 0.455 0.065 0.001933197616 2
0 0.455 0.075 0.002207684028 2
0 0.455 0.085 0.002476368952 2
0 0.455 0.095 0.002738500347 2
0 0.455 0.105 0.002993280122 2
0 0.455 0.115 0.003239837901 2
0 0.455 0.125 0.003477200604 2
0 0.455 0.135 0.003704239375 2
0 0.455 0.145 0.003919657249 2
0 0.455 0.155 0.004121882799 2
0 0.455 0.165 0.00430934233 2
0 0.455 0.175 0.004480331623 2
0 0.455 0.185 0.004634864201 2
0 0.455 0.195 0.004776887657 2
0 0.455 0.205 0.004893559155 1
0 0.455 0.215 0.004973476101 1
0 0.455 0.225 0.005035595792 1
0 0.455 0.235 0.005095453009 1
0 0.455 0.245 0.005137124446 1
0 0.455 0.255 0.005171686842 1
0 0.455 0.265 0.005204019113 1
0 0.455 0.275 0.005231889155 1
0 0.455 0.285 0.005259527235 2
0 0.455 0.295 0.005254963725 2
0 0.455 0.305 0.005236914243 2
0 0.455 0.315 0.00521089966 2
0 0.455 0.325 0.005166445143 2
0 0.455 0.335 0.005098140646 2
0 0.455 0.345 0.0050076812 2
0 0.455 0.355 0.004892755535 2
0 0.455 0.365 0.004752834973 2
0 0.455 0.375 0.004587409698 2
0 0.455 0.385 0.004396307854 2
0 0.455 0.395 0.004179530218 2
0 0.455 0.405 0.00393712883 2
0 0.455 0.415 0.003669205538 2
0 0.455 0.425 0.003375820549 2
0 0.455 0.435 0.003057190359 2
0 0.455 0.445 0.002713067845 2
0 0.455 0.455 0.002344649813 2
0 0.455 0.465 0.00194872208 2
0 0.455 0.475 0.001535687196 2
0 0.455 0.485 0.001074167263 2
0 0.455 0.495 0.0006612047076 2
0 0.455 0.505 0 2
0 0.455 0.515 0 2
0 0.455 0.525 0 2
0 0.455 0.535 0 2
0 0.455 0.545 0 2
0 0.455 0.555 0 2
0 0.455 0.565 0 2
0 0.465 -0.555 0 2
0 0.465 -0.545 0 2
0 0.465 -0.535 0 2
0 0.465 -0.525 0 2
0 0.465 -0.515 0 2
0 0.465 -0.505 0 2
0 0.465 -0.495 -0.0005600485871 2
0 0.465 -0.485 -0.000912062263 2
0 0.465 -0.475 -0.001301215831 2
0 0.465 -0.465 -0.00164795914 2
0 0.465 -0.455 -0.001980835574 2
0 0.465 -0.445 -0.002293890401 2
0 0.465 -0.435 -0.002588368786 2
0 0.465 -0.425 -0.002873271165 2
0 0.465 -0.415 -0.003135852184 2
0 0.465 -0.405 -0.003351076042 1
0 0.465 -0.395 -0.003521021742 1
0 0.465 -0.385 -0.003670126768 1
0 0.465 -0.375 -0.003830284358 1
0 0.465 -0.365 -0.00401931996 2
0 0.465 -0.355 -0.004189767491 2
0 0.465 -0.345 -0.00434908829 2
0 0.465 -0.335 -0.004494637556 2
0 0.465 -0.325 -0.004621299205 2
0 0.465 -0.315 -0.004725574858 2
0 0.465 -0.305 -0.004808469452 2
0 0.465 -0.295 -0.004868541863 2
0 0.465 -0.285 -0.004906604875 2
0 0.465 -0.275 -0.004923148278 2
0 0.465 -0.265 -0.004919117039 2
0 0.465 -0.255 -0.004895544037 2
0 0.465 -0.245 -0.004853600194 2
0 0.465 -0.235 -0.004794506904 2
0 0.465 -0.225 -0.004719466881 2
0 0.465 -0.215 -0.004629542946 2
0 0.465 -0.205 -0.004525513352 2
0 0.465 -0.195 -0.004407736142 2
0 0.465 -0.185 -0.004276106361 2
0 0.465 -0.175 -0.004130185159 2
0 0.465 -0.165 -0.00396949602 2
0 0.465 -0.155 -0.003793871762 2
0 0.465 -0.145 -0.003603688774 2
0 0.465 -0.135 -0.003399899576 2
0 0.465 -0.125 -0.00318387504 2
0 0.465 -0.115 -0.002957154856 2
0 0.465 -0.105 -0.002721221771 2
0 0.465 -0.095 -0.002477376755 2
0 0.465 -0.085 -0.00222672044 2
0 0.465 -0.075 -0.001970192857 2
0 0.465 -0.065 -0.001708631299 2
0 0.465 -0.055 -0.001442819381 2
0 0.465 -0.045 -0.001173517844 2
0 0.465 -0.035 -0.0009014778426 2
0 0.465 -0.025 -0.0006274427173 2
0 0.465 -0.015 -0.0003521442125 2
0 0.465 -0.005 -7.629762182e-05 2
0 0.465 0.005 0.0001994014054 2
0 0.465 0.015 0.0004742775893 2
0 0.465 0.025 0.0007476746245 2
0 0.465 0.035 0.00101895249 2
0 0.465 0.045 0.001287484238 2
0 0.465 0.055 0.001552652697 2
0 0.465 0.065 0.001813847116 2
0 0.465 0.075 0.002070459342 2
0 0.465 0.085 0.002321878879 2
0 0.465 0.095 0.002567485432 2
0 0.465 0.105 0.002806638158 2
0 0.465 0.115 0.003038656444 2
0 0.465 0.125 0.003262799372 2
0 0.465 0.135 0.003478213226 2
0 0.465 0.145 0.003683956694 2
0 0.465 0.155 0.003878801106 2
0 0.465 0.165 0.004062001932 2
0 0.465 0.175 0.004231436737 2
0 0.465 0.185 0.004393223194 2
0 0.465 0.195 0.00453528997 2
0 0.465 0.205 0.00464966143 1
0 0.465 0.215 0.004729804291 1
0 0.465 0.225 0.00478733989 1
0 0.465 0.235 0.004834341657 1
0 0.465 0.245 0.004866773262 1
0 0.465 0.255 0.004891018863 1
0 0.465 0.265 0.004907670967 1
0 0.465 0.275 0.004919403803 1
0 0.465 0.285 0.004933336495 1
0 0.465 0.295 0.004938368017 2
0 0.465 0.305 0.004909502493 2
0 0.465 0.315 0.00488096887 2
0 0.465 0.325 0.004845052655 2
0 0.465 0.335 0.004782694418 2
0 0.465 0.345 0.004700813278 2
0 0.465 0.355 0.004595445463 2
0 0.465 0.365 0.004465602215 2
0 0.465 0.375 0.004311198463 2
0 0.465 0.385 0.004132229732 2
0 0.465 0.395 0.003928874998 2
0 0.465 0.405 0.003701284193 2
0 0.465 0.415 0.003449618713 2
0 0.465 0.425 0.003173971729 2
0 0.465 0.435 0.002874564929 2
0 0.465 0.445 0.002551170404 2
0 0.465 0.455 0.002204908008 2
0 0.465 0.465 0.00183274075 2
0 0.465 0.475 0.001444433461 2
0 0.465 0.485 0.001010448635 2
0 0.465 0.495 0.0006220511508 2
0 0.465 0.505 0 2
0 0.465 0.515 0 2
0 0.465 0.525 0 2
0 0.465 0.535 0 2
0 0.465 0.545 0 2
0 0.465 0.555 0 2
0 0.465 0.565 0 2
0 0.475 -0.555 0 2
0 0.475 -0.545 0 2
0 0.475 -0.535 0 2
0 0.475 -0.525 0 2
0 0.475 -0.515 0 2
0 0.475 -0.505 0 2
0 0.475 -0.495 -0.0005306271327 2
0 0.475 -0.485 -0.0008606011138 2
0 0.475 -0.475 -0.001226104751 2
0 0.475 -0.465 -0.001551183881 2
0 0.475 -0.455 -0.00186354475 2
0 0.475 -0.445 -0.002158268842 2
0 0.475 -0.435 -0.00243368009 2
0 0.475 -0.425 -0.002708122557 2
0 0.475 -0.415 -0.002957897138 2
0 0.475 -0.405 -0.003148807077 1
0 0.475 -0.395 -0.003297611044 1
0 0.475 -0.385 -0.003432932702 1
0 0.475 -0.375 -0.003562567235 1
0 0.475 -0.365 -0.003701306306 1
0 0.475 -0.355 -0.003853893551 2
0 0.475 -0.345 -0.003990373437 2
0 0.475 -0.335 -0.004130306982 2
0 0.475 -0.325 -0.0042627929 2
0 0.475 -0.315 -0.00436688069 2
0 0.475 -0.305 -0.004449549042 2
0 0.475 -0.295 -0.004508763498 2
0 0.475 -0.285 -0.004546042987 2
0 0.475 -0.275 -0.004562080659 2
0 0.475 -0.265 -0.004558044075 2
0 0.475 -0.255 -0.004535125009 2
0 0.475 -0.245 -0.004494658207 2
0 0.475 -0.235 -0.004438054616 2
0 0.475 -0.225 -0.004366756565 2
0 0.475 -0.215 -0.004282108109 2
0 0.475 -0.205 -0.004185148854 2
0 0.475 -0.195 -0.00407635556 2
0 0.475 -0.185 -0.003955482297 2
0 0.475 -0.175 -0.003821680654 2
0 0.475 -0.165 -0.003673949555 2
0 0.475 -0.155 -0.003511712828 2
0 0.475 -0.145 -0.003335191674 2
0 0.475 -0.135 -0.003145437309 2
0 0.475 -0.125 -0.002944054779 2
0 0.475 -0.115 -0.002732795823 2
0 0.475 -0.105 -0.002513229299 2
0 0.475 -0.095 -0.002286609361 2
0 0.475 -0.085 -0.00205391276 2
0 0.475 -0.075 -0.001815934091 2
0 0.475 -0.065 -0.001573380729 2
0 0.475 -0.055 -0.001326934096 2
0 0.475 -0.045 -0.001077279875 2
0 0.475 -0.035 -0.0008251141289 2
0 0.475 -0.025 -0.0005711348281 2
0 0.475 -0.015 -0.0003160296825 2
0 0.475 -0.005 -6.046590122e-05 2
0 0.475 0.005 0.0001949153492 2
0 0.475 0.015 0.0004494998403 2
0 0.475 0.025 0.000702698062 2
0 0.475 0.035 0.0009539417417 2
0 0.475 0.045 0.001202680543 2
0 0.475 0.055 0.001448379716 2
0 0.475 0.065 0.001690518873 2
0 0.475 0.075 0.0019285916 2
0 0.475 0.085 0.002162105574 2
0 0.475 0.095 0.002390582329 2
0 0.475 0.105 0.00261355673 2
0 0.475 0.115 0.002830571216 2
0 0.475 0.125 0.003041173824 2
0 0.475 0.135 0.003244876574 2
0 0.475 0.145 0.003441217105 2
0 0.475 0.155 0.003629465245 2
0 0.475 0.165 0.00380980374 2
0 0.475 0.175 0.00397965368 2
0 0.475 0.185 0.004149950117 2
0 0.475 0.195 0.004287044147 2
0 0.475 0.205 0.004389017647 1
0 0.475 0.215 0.004466894553 1
0 0.475 0.225 0.004520841125 1
0 0.475 0.235 0.004556455703 1
0 0.475 0.245 0.004588081823 1
0 0.475 0.255 0.004609172769 1
0 0.475 0.265 0.004618270603 1
0 0.475 0.275 0.004618373553 1
0 0.475 0.285 0.004621803402 1
0 0.475 0.295 0.004621388698 1
0 0.475 0.305 0.00460173487 2
0 0.475 0.315 0.00456216389 2
0 0.475 0.325 0.004522645771 2
0 0.475 0.335 0.004469472093 2
0 0.475 0.345 0.004393831641 2
0 0.475 0.355 0.004296068119 2
0 0.475 0.365 0.004174529919 2
0 0.475 0.375 0.004029834623 2
0 0.475 0.385 0.003862120282 2
0 0.475 0.395 0.00367167297 2
0 0.475 0.405 0.003458672829 2
0 0.475 0.415 0.003223283834 2
0 0.475 0.425 0.002965590084 2
0 0.475 0.435 0.002685787416 2
0 0.475 0.445 0.002383645425 2
0 0.475 0.455 0.002060187226 2
0 0.475 0.465 0.001712546244 2
0 0.475 0.475 0.001349813537 2
0 0.475 0.485 0.0009443517778 2
0 0.475 0.495 0.0005814199892 2
0 0.475 0.505 0 2
0 0.475 0.515 0 2
0 0.475 0.525 0 2
0 0.475 0.535 0 2
0 0.475 0.545 0 2
0 0.475 0.555 0 2
0 0.475 0.565 0 2
0 0.485 -0.555 0 2
0 0.485 -0.545 0 2
0 0.485 -0.535 0 2
0 0.485 -0.525 0 2
0 0.485 -0.515 0 2
0 0.485 -0.505 0 2
0 0.485 -0.495 -0.0004931149316 2
0 0.485 -0.485 -0.0007975119394 2
0 0.485 -0.475 -0.001135360511 2
0 0.485 -0.465 -0.001439783404 2
0 0.485 -0.455 -0.001737100978 2
0 0.485 -0.445 -0.002020974802 2
0 0.485 -0.435 -0.002293858275 2
0 0.485 -0.425 -0.002557756237 2
0 0.485 -0.415 -0.002779660283 1
0 0.485 -0.405 -0.00294270444 1
0 0.485 -0.395 -0.003081268326 1
0 0.485 -0.385 -0.003215713783 1
0 0.485 -0.375 -0.003332103831 1
0 0.485 -0.365 -0.003449688665 1
0 0.485 -0.355 -0.003561729168 1
0 0.485 -0.345 -0.00367499562 2
0 0.485 -0.335 -0.003794914317 2
0 0.485 -0.325 -0.003921151335 2
0 0.485 -0.315 -0.004018237858 2
0 0.485 -0.305 -0.004095613159 2
0 0.485 -0.295 -0.004150378408 2
0 0.485 -0.285 -0.004184125792 2
0 0.485 -0.275 -0.004197491503 2
0 0.485 -0.265 -0.004191655034 2
0 0.485 -0.255 -0.004167817444 2
0 0.485 -0.245 -0.004127354004 2
0 0.485 -0.235 -0.004071776749 2
0 0.485 -0.225 -0.004002749866 2
0 0.485 -0.215 -0.00392198427 2
0 0.485 -0.205 -0.003830944779 2
0 0.485 -0.195 -0.003730397381 2
0 0.485 -0.185 -0.003620034938 2
0 0.485 -0.175 -0.003498506611 2
0 0.485 -0.165 -0.003364106735 2
0 0.485 -0.155 -0.003215738079 2
0 0.485 -0.145 -0.00305343253 2
0 0.485 -0.135 -0.002878363932 2
0 0.485 -0.125 -0.002692432825 2
0 0.485 -0.115 -0.002497626637 2
0 0.485 -0.105 -0.00229554763 2
0 0.485 -0.095 -0.002087316188 2
0 0.485 -0.085 -0.001873708438 2
0 0.485 -0.075 -0.001655323005 2
0 0.485 -0.065 -0.001432723005 2
0 0.485 -0.055 -0.001206497578 2
0 0.485 -0.045 -0.0009772768313 2
0 0.485 -0.035 -0.000745723741 2
0 0.485 -0.025 -0.000512510205 2
0 0.485 -0.015 -0.0002782932468 2
0 0.485 -0.005 -4.369912042e-05 2
0 0.485 0.005 0.000190683093 2
0 0.485 0.015 0.0004243004432 2
0 0.485 0.025 0.0006566311408 2
0 0.485 0.035 0.0008871789463 2
0 0.485 0.045 0.001115469077 2
0 0.485 0.055 0.001341046556 2
0 0.485 0.065 0.001563477091 2
0 0.485 0.075 0.001782350022 2
0 0.485 0.085 0.001997283267 2
0 0.485 0.095 0.002207929896 2
0 0.485 0.105 0.002413987877 2
0 0.485 0.115 0.00261520985 2
0 0.485 0.125 0.002811419763 2
0 0.485 0.135 0.003002486178 2
0 0.485 0.145 0.003188388303 2
0 0.485 0.155 0.003368826197 2
0 0.485 0.165 0.003544262416 2
0 0.485 0.175 0.003711748645 2
0 0.485 0.185 0.00387718106 2
0 0.485 0.195 0.004013382664 2
0 0.485 0.205 0.004109529236 2
0 0.485 0.215 0.004186677426 1
0 0.485 0.225 0.004239803476 1
0 0.485 0.235 0.004271412887 1
0 0.485 0.245 0.004295293782 1
0 0.485 0.255 0.004312159014 1
0 0.485 0.265 0.0043204269 1
0 0.485 0.275 0.004318801181 1
0 0.485 0.285 0.004309483659 1
0 0.485 0.295 0.004306035361 1
0 0.485 0.305 0.004296591182 2
0 0.485 0.315 0.004252401764 2
0 0.485 0.325 0.004206649653 2
0 0.485 0.335 0.004161037961 2
0 0.485 0.345 0.004088225172 2
0 0.485 0.355 0.003995043617 2
0 0.485 0.365 0.003879753354 2
0 0.485 0.375 0.003743380818 2
0 0.485 0.385 0.003586079783 2
0 0.485 0.395 0.003408087138 2
0 0.485 0.405 0.003209514959 2
0 0.485 0.415 0.00299046092 2
0 0.485 0.425 0.002750956088 2
0 0.485 0.435 0.002491141477 2
0 0.485 0.445 0.00221076585 2
0 0.485 0.455 0.001910739278 2
0 0.485 0.465 0.001588360735 2
0 0.485 0.475 0.00125201375 2
0 0.485 0.485 0.0008760157878 2
0 0.485 0.495 0.0005394035743 2
0 0.485 0.505 0 2
0 0.485 0.515 0 2
0 0.485 0.525 0 2
0 0.485 0.535 0 2
0 0.485 0.545 0 2
0 0.485 0.555 0 2
0 0.485 0.565 0 2
0 0.495 -0.555 0 2
0 0.495 -0.545 0 2
0 0.495 -0.535 0 2
0 0.495 -0.525 0 2
0 0.495 -0.515 0 2
0 0.495 -0.505 0 2
0 0.495 -0.495 -0.000435273216 2
0 0.495 -0.485 -0.0007082327201 2
0 0.495 -0.475 -0.001021229938 2
0 0.495 -0.465 -0.001314584869 2
0 0.495 -0.455 -0.001600657428 2
0 0.495 -0.445 -0.001876160439 2
0 0.495 -0.435 -0.002146909645 2
0 0.495 -0.425 -0.002390458084 2
0 0.495 -0.415 -0.002589134909 1
0 0.495 -0.405 -0.00273884464 1
0 0.495 -0.395 -0.002863343838 1
0 0.495 -0.385 -0.002987868257 1
0 0.495 -0.375 -0.003097385617 1
0 0.495 -0.365 -0.003199562481 1
0 0.495 -0.355 -0.003296695863 1
0 0.495 -0.345 -0.003395837034 2
0 0.495 -0.335 -0.00349318885 2
0 0.495 -0.325 -0.003597600976 2
0 0.495 -0.315 -0.003681124255 2
0 0.495 -0.305 -0.003748096673 2
0 0.495 -0.295 -0.003794851051 2
0 0.495 -0.285 -0.003822354406 2
0 0.495 -0.275 -0.003830958933 2
0 0.495 -0.265 -0.00382163563 2
0 0.495 -0.255 -0.003795423159 2
0 0.495 -0.245 -0.003753564779 2
0 0.495 -0.235 -0.003697521681 2
0 0.495 -0.225 -0.003629091878 2
0 0.495 -0.215 -0.003550219465 2
0 0.495 -0.205 -0.0034630008 2
0 0.495 -0.195 -0.003369028822 2
0 0.495 -0.185 -0.00326828482 2
0 0.495 -0.175 -0.003158949183 2
0 0.495 -0.165 -0.003038391407 2
0 0.495 -0.155 -0.002904628079 2
0 0.495 -0.145 -0.002757366199 2
0 0.495 -0.135 -0.002598013925 2
0 0.495 -0.125 -0.002428782179 2
0 0.495 -0.115 -0.002251879611 2
0 0.495 -0.105 -0.002068827882 2
0 0.495 -0.095 -0.001880391048 2
0 0.495 -0.085 -0.001687078546 2
0 0.495 -0.075 -0.001489320958 2
0 0.495 -0.065 -0.001287549045 2
0 0.495 -0.055 -0.001082293366 2
0 0.495 -0.045 -0.0008741699199 2
0 0.495 -0.035 -0.0006638452895 2
0 0.495 -0.025 -0.0004519922653 2
0 0.495 -0.015 -0.0002392529727 2
0 0.495 -0.005 -2.621875354e-05 2
0 0.495 0.005 0.0001865735144 2
0 0.495 0.015 0.0003986346403 2
0 0.495 0.025 0.000609512529 2
0 0.495 0.035 0.0008187827249 2
0 0.495 0.045 0.001026042779 2
0 0.495 0.055 0.001230911096 2
0 0.495 0.065 0.001433029704 2
0 0.495 0.075 0.00163206979 2
0 0.495 0.085 0.001827739753 2
0 0.495 0.095 0.002019795096 2
0 0.495 0.105 0.002208054227 2
0 0.495 0.115 0.002392418696 2
0 0.495 0.125 0.002572904791 2
0 0.495 0.135 0.002749648098 2
0 0.495 0.145 0.002922957879 2
0 0.495 0.155 0.003092881077 2
0 0.495 0.165 0.003259644068 2
0 0.495 0.175 0.003420689467 2
0 0.495 0.185 0.003574708374 2
0 0.495 0.195 0.003713805712 2
0 0.495 0.205 0.003814465927 2
0 0.495 0.215 0.003883301624 1
0 0.495 0.225 0.003937853308 1
0 0.495 0.235 0.003975508156 1
0 0.495 0.245 0.003994885233 1
0 0.495 0.255 0.004005751285 1
0 0.495 0.265 0.004011223437 1
0 0.495 0.275 0.004010614072 1
0 0.495 0.285 0.003996542242 1
0 0.495 0.295 0.003989174509 1
0 0.495 0.305 0.003980528618 1
0 0.495 0.315 0.003951566292 2
0 0.495 0.325 0.003904812698 2
0 0.495 0.335 0.003856764766 2
0 0.495 0.345 0.003782765819 2
0 0.495 0.355 0.003690905855 2
0 0.495 0.365 0.003580132693 2
0 0.495 0.375 0.003451072526 2
0 0.495 0.385 0.003303672718 2
0 0.495 0.395 0.003137932732 2
0 0.495 0.405 0.00295380251 2
0 0.495 0.415 0.00275125768 2
0 0.495 0.425 0.002530246202 2
0 0.495 0.435 0.002290837597 2
0 0.495 0.445 0.002032751581 2
0 0.495 0.455 0.001756776957 2
0 0.495 0.465 0.001460378394 2
0 0.495 0.475 0.001151202017 2
0 0.495 0.485 0.0008055699972 2
0 0.495 0.495 0.0004960908715 2
0 0.495 0.505 0 2
0 0.495 0.515 0 2
0 0.495 0.525 0 2
0 0.495 0.535 0 2
0 0.495 0.545 0 2
0 0.495 0.555 0 2
0 0.495 0.565 0 2
0 0.505 -0.555 0 2
0 0.505 -0.545 0 2
0 0.505 -0.535 0 2
0 0.505 -0.525 0 2
0 0.505 -0.515 0 2
0 0.505 -0.505 0 2
0 0.505 -0.495 -0.0003606746327 2
0 0.505 -0.485 -0.0006004749504 2
0 0.505 -0.475 -0.0008878420696 2
0 0.505 -0.465 -0.001172747121 2
0 0.505 -0.455 -0.001456108289 2
0 0.505 -0.445 -0.001723614885 2
0 0.505 -0.435 -0.001986870431 2
0 0.505 -0.425 -0.002210279031 2
0 0.505 -0.415 -0.002389717672 1
0 0.505 -0.405 -0.002527814035 1
0 0.505 -0.395 -0.002641286707 1
0 0.505 -0.385 -0.002751017831 1
0 0.505 -0.375 -0.002852551252 1
0 0.505 -0.365 -0.002942157 1
0 0.505 -0.355 -0.003026842344 1
0 0.505 -0.345 -0.003116306058 2
0 0.505 -0.335 -0.003200601319 2
0 0.505 -0.325 -0.003283607057 2
0 0.505 -0.315 -0.003351672616 2
0 0.505 -0.305 -0.003405482133 2
0 0.505 -0.295 -0.00344178973 2
0 0.505 -0.285 -0.003461014253 2
0 0.505 -0.275 -0.003463274198 2
0 0.505 -0.265 -0.00344922132 2
0 0.505 -0.255 -0.003419598089 2
0 0.505 -0.245 -0.00337532891 2
0 0.505 -0.235 -0.003317626951 2
0 0.505 -0.225 -0.003248103194 2
0 0.505 -0.215 -0.003168819482 2
0 0.505 -0.205 -0.003082960631 2
0 0.505 -0.195 -0.00299351194 2
0 0.505 -0.185 -0.002900574377 2
0 0.505 -0.175 -0.002801878138 2
0 0.505 -0.165 -0.002694452842 2
0 0.505 -0.155 -0.00257565131 2
0 0.505 -0.145 -0.002444958443 2
0 0.505 -0.135 -0.002303664065 2
0 0.505 -0.125 -0.002153473441 2
0 0.505 -0.115 -0.001996536246 2
0 0.505 -0.105 -0.001834365898 2
0 0.505 -0.095 -0.0016672785 2
0 0.505 -0.085 -0.001495449863 2
0 0.505 -0.075 -0.001319222438 2
0 0.505 -0.065 -0.001138987569 2
0 0.505 -0.055 -0.0009552703835 2
0 0.505 -0.045 -0.0007687325818 2
0 0.505 -0.035 -0.0005800945893 2
0 0.505 -0.025 -0.0003900612367 2
0 0.505 -0.015 -0.0001992725239 2
0 0.505 -0.005 -8.2848712e-06 2
0 0.505 0.005 0.0001824233943 2
0 0.505 0.015 0.000372433838 2
0 0.505 0.025 0.0005613681664 2
0 0.505 0.035 0.0007488733842 2
0 0.505 0.045 0.0009346143665 2
0 0.505 0.055 0.001118273526 2
0 0.505 0.065 0.001299555636 2
0 0.505 0.075 0.00147819525 2
0 0.505 0.085 0.001653965406 2
0 0.505 0.095 0.001826685071 2
0 0.505 0.105 0.001996232823 2
0 0.505 0.115 0.002162561281 2
0 0.505 0.125 0.002325739443 2
0 0.505 0.135 0.002486008708 2
0 0.505 0.145 0.002643751118 2
0 0.505 0.155 0.002799299284 2
0 0.505 0.165 0.002952701204 2
0 0.505 0.175 0.003102173017 2
0 0.505 0.185 0.00324165209 2
0 0.505 0.195 0.003376389189 2
0 0.505 0.205 0.003485009908 2
0 0.505 0.215 0.003556050827 2
0 0.505 0.225 0.003613640035 1
0 0.505 0.235 0.003657044688 1
0 0.505 0.245 0.003681430514 1
0 0.505 0.255 0.003694091897 1
0 0.505 0.265 0.003697276882 1
0 0.505 0.275 0.003692090404 1
0 0.505 0.285 0.003687753513 1
0 0.505 0.295 0.003681815465 1
0 0.505 0.305 0.003671635232 1
0 0.505 0.315 0.003654234395 2
0 0.505 0.325 0.003612945952 2
0 0.505 0.335 0.003549807842 2
0 0.505 0.345 0.003472194109 2
0 0.505 0.355 0.003380070395 2
0 0.505 0.365 0.00327333699 2
0 0.505 0.375 0.003151482665 2
0 0.505 0.385 0.003014084967 2
0 0.505 0.395 0.002860804409 2
0 0.505 0.405 0.002691395649 2
0 0.505 0.415 0.002505700577 2
0 0.505 0.425 0.002303584061 2
0 0.505 0.435 0.002085048857 2
0 0.505 0.445 0.001849793197 2
0 0.505 0.455 0.001598488466 2
0 0.505 0.465 0.001328773172 2
0 0.505 0.475 0.001047531599 2
0 0.505 0.485 0.0007331358618 2
0 0.505 0.495 0.0004515687459 2
0 0.505 0.505 0 2
0 0.505 0.515 0 2
0 0.505 0.525 0 2
0 0.505 0.535 0 2
0 0.505 0.545 0 2
0 0.505 0.555 0 2
0 0.505 0.565 0 2
0 0.515 -0.555 0 2
0 0.515 -0.545 0 2
0 0.515 -0.535 0 1
0 0.515 -0.525 0 1
0 0.515 -0.515 0 1
0 0.515 -0.505 0 1
0 0.515 -0.495 -0.0002636643346 1
0 0.515 -0.485 -0.0004872612558 2
0 0.515 -0.475 -0.0007530848652 2
0 0.515 -0.465 -0.00102830389 2
0 0.515 -0.455 -0.001311310628 2
0 0.515 -0.445 -0.001567746078 2
0 0.515 -0.435 -0.00181431106 2
0 0.515 -0.425 -0.002018716249 2
0 0.515 -0.415 -0.002181155214 1
0 0.515 -0.405 -0.002305944281 1
0 0.515 -0.395 -0.002409330667 1
0 0.515 -0.385 -0.002508229781 1
0 0.515 -0.375 -0.002597369199 1
0 0.515 -0.365 -0.002675554317 1
0 0.515 -0.355 -0.002750596334 1
0 0.515 -0.345 -0.002829888236 2
0 0.515 -0.335 -0.002903076247 2
0 0.515 -0.325 -0.002972013765 2
0 0.515 -0.315 -0.003025241501 2
0 0.515 -0.305 -0.003064962449 2
0 0.515 -0.295 -0.003089588108 2
0 0.515 -0.285 -0.003099416744 2
0 0.515 -0.275 -0.003094516143 2
0 0.515 -0.265 -0.003075198653 2
0 0.515 -0.255 -0.003041834414 2
0 0.515 -0.245 -0.002994878906 2
0 0.515 -0.235 -0.002935100434 2
0 0.515 -0.225 -0.002863410507 2
0 0.515 -0.215 -0.002781818625 2
0 0.515 -0.205 -0.002694459439 2
0 0.515 -0.195 -0.002599141627 2
0 0.515 -0.185 -0.002505352645 2
0 0.515 -0.175 -0.002413808487 2
0 0.515 -0.165 -0.002316900201 2
0 0.515 -0.155 -0.002217168933 2
0 0.515 -0.145 -0.002110680583 2
0 0.515 -0.135 -0.001992634141 2
0 0.515 -0.125 -0.001866622732 2
0 0.515 -0.115 -0.001734210745 2
0 0.515 -0.105 -0.001594684629 2
0 0.515 -0.095 -0.001450170891 2
0 0.515 -0.085 -0.001300755958 2
0 0.515 -0.075 -0.001146680237 2
0 0.515 -0.065 -0.0009883902341 2
0 0.515 -0.055 -0.000826512188 2
0 0.515 -0.045 -0.0006618193237 2
0 0.515 -0.035 -0.0004951401174 2
0 0.515 -0.025 -0.0003272386093 2
0 0.515 -0.015 -0.0001587537373 2
0 0.515 -0.005 9.805471658e-06 2
0 0.515 0.005 0.0001780357666 2
0 0.515 0.015 0.0003456030769 2
0 0.515 0.025 0.0005122098107 2
0 0.515 0.035 0.0006775739457 2
0 0.515 0.045 0.000841420811 2
0 0.515 0.055 0.001003485147 2
0 0.515 0.065 0.001163519195 2
0 0.515 0.075 0.001321302308 2
0 0.515 0.085 0.001476648615 2
0 0.515 0.095 0.001629406818 2
0 0.515 0.105 0.001779461776 2
0 0.515 0.115 0.001926715348 2
0 0.515 0.125 0.002071131331 2
0 0.515 0.135 0.002212763609 2
0 0.515 0.145 0.00235181258 2
0 0.515 0.155 0.00248897486 2
0 0.515 0.165 0.002624619511 2
0 0.515 0.175 0.002757181424 2
0 0.515 0.185 0.002881636724 2
0 0.515 0.195 0.002997811239 2
0 0.515 0.205 0.003100487226 2
0 0.515 0.215 0.003180528026 2
0 0.515 0.225 0.003242595254 2
0 0.515 0.235 0.00329850431 1
0 0.515 0.245 0.003338455814 1
0 0.515 0.255 0.003366067161 1
0 0.515 0.265 0.0033779688 1
0 0.515 0.275 0.003379478891 1
0 0.515 0.285 0.003386559178 1
0 0.515 0.295 0.003379616862 1
0 0.515 0.305 0.003363703745 1
0 0.515 0.315 0.003347544257 2
0 0.515 0.325 0.003303738698 2
0 0.515 0.335 0.003227370239 2
0 0.515 0.345 0.003148236057 2
0 0.515 0.355 0.003057790232 2
0 0.515 0.365 0.002956565712 2
0 0.515 0.375 0.002843015104 2
0 0.515 0.385 0.002716452855 2
0 0.515 0.395 0.00257629483 2
0 0.515 0.405 0.002422169608 2
0 0.515 0.415 0.002253834982 2
0 0.515 0.425 0.002071109522 2
0 0.515 0.435 0.001873958083 2
0 0.515 0.445 0.001662082612 2
0 0.515 0.455 0.001436055219 2
0 0.515 0.465 0.001193707201 2
0 0.515 0.475 0.0009411438385 2
0 0.515 0.485 0.0006588277123 2
0 0.515 0.495 0.0004059228179 2
0 0.515 0.505 0 2
0 0.515 0.515 0 2
0 0.515 0.525 0 2
0 0.515 0.535 0 2
0 0.515 0.545 0 2
0 0.515 0.555 0 2
0 0.515 0.565 0 2
0 0.525 -0.555 0 1
0 0.525 -0.545 0 1
0 0.525 -0.535 0 1
0 0.525 -0.525 0 1
0 0.525 -0.515 0 1
0 0.525 -0.505 0 1
0 0.525 -0.495 -0.0002358405066 1
0 0.525 -0.485 -0.0004099769873 1
0 0.525 -0.475 -0.0006470923526 2
0 0.525 -0.465 -0.0009011190792 2
0 0.525 -0.455 -0.001176281189 2
0 0.525 -0.445 -0.001416613177 2
0 0.525 -0.435 -0.001643042489 2
0 0.525 -0.425 -0.001826465535 2
0 0.525 -0.415 -0.001970592388 1
0 0.525 -0.405 -0.002081318019 1
0 0.525 -0.395 -0.002174509184 1
0 0.525 -0.385 -0.002263154895 1
0 0.525 -0.375 -0.002340361684 1
0 0.525 -0.365 -0.002407014673 1
0 0.525 -0.355 -0.002472197057 1
0 0.525 -0.345 -0.002541435713 2
0 0.525 -0.335 -0.002604157565 2
0 0.525 -0.325 -0.00265976696 2
0 0.525 -0.315 -0.00269817398 2
0 0.525 -0.305 -0.002723366291 2
0 0.525 -0.295 -0.002735935362 2
0 0.525 -0.285 -0.002736169315 2
0 0.525 -0.275 -0.002724163158 2
0 0.525 -0.265 -0.002699896866 2
0 0.525 -0.255 -0.002663351729 2
0 0.525 -0.245 -0.002614457247 2
0 0.525 -0.235 -0.002553423023 2
0 0.525 -0.225 -0.002480024225 2
0 0.525 -0.215 -0.002396128818 2
0 0.525 -0.205 -0.002301051806 2
0 0.525 -0.195 -0.002201078533 2
0 0.525 -0.185 -0.002109415202 2
0 0.525 -0.175 -0.002022228491 2
0 0.525 -0.165 -0.001930152269 2
0 0.525 -0.155 -0.001844948126 2
0 0.525 -0.145 -0.001764131716 2
0 0.525 -0.135 -0.001673906811 2
0 0.525 -0.125 -0.001575141545 2
0 0.525 -0.115 -0.001468819722 2
0 0.525 -0.105 -0.00135408744 2
0 0.525 -0.095 -0.001232232174 2
0 0.525 -0.085 -0.001105375215 2
0 0.525 -0.075 -0.0009735762853 2
0 0.525 -0.065 -0.0008372280845 2
0 0.525 -0.055 -0.0006971334688 2
0 0.525 -0.045 -0.0005542821698 2
0 0.525 -0.035 -0.0004096486656 2
0 0.525 -0.025 -0.000264059913 2
0 0.525 -0.015 -0.0001181295136 2
0 0.525 -0.005 2.771413359e-05 2
0 0.525 0.005 0.0001731719945 2
0 0.525 0.015 0.0003180133856 2
0 0.525 0.025 0.0004620291779 2
0 0.525 0.035 0.0006050064513 2
0 0.525 0.045 0.0007467214461 2
0 0.525 0.055 0.0008869472919 2
0 0.525 0.065 0.001025468126 2
0 0.525 0.075 0.001162093021 2
0 0.525 0.085 0.001296663746 2
0 0.525 0.095 0.001429046905 2
0 0.525 0.105 0.001559114323 2
0 0.525 0.115 0.001686666614 2
0 0.525 0.125 0.001811458231 2
0 0.525 0.135 0.001932995323 2
0 0.525 0.145 0.002051028038 2
0 0.525 0.155 0.002166252847 2
0 0.525 0.165 0.002275606912 2
0 0.525 0.175 0.002381592884 2
0 0.525 0.185 0.002480474939 2
0 0.525 0.195 0.002563256508 2
0 0.525 0.205 0.002637417663 2
0 0.525 0.215 0.002713326654 2
0 0.525 0.225 0.002778440953 2
0 0.525 0.235 0.002839519754 2
0 0.525 0.245 0.002906811511 2
0 0.525 0.255 0.002965420165 1
0 0.525 0.265 0.003000376586 1
0 0.525 0.275 0.003026297229 1
0 0.525 0.285 0.003043590637 1
0 0.525 0.295 0.003035022238 1
0 0.525 0.305 0.003016367631 2
0 0.525 0.315 0.002994934389 2
0 0.525 0.325 0.002948013197 2
0 0.525 0.335 0.002877433861 2
0 0.525 0.345 0.002803996838 2
0 0.525 0.355 0.002720431175 2
0 0.525 0.365 0.002627815153 2
0 0.525 0.375 0.002524616793 2
0 0.525 0.385 0.002410280301 2
0 0.525 0.395 0.002284248577 2
0 0.525 0.405 0.002146176232 2
0 0.525 0.415 0.001995832663 2
0 0.525 0.425 0.001833052739 2
0 0.525 0.435 0.001657809088 2
0 0.525 0.445 0.001469846562 2
0 0.525 0.455 0.001269670442 2
0 0.525 0.465 0.001055337585 2
0 0.525 0.475 0.0008321675713 2
0 0.525 0.485 0.0005827505291 2
0 0.525 0.495 0.0003592370491 2
0 0.525 0.505 0 2
0 0.525 0.515 0 2
0 0.525 0.525 0 2
0 0.525 0.535 0 2
0 0.525 0.545 0 2
0 0.525 0.555 0 2
0 0.525 0.565 0 2
0 0.535 -0.555 0 1
0 0.535 -0.545 0 1
0 0.535 -0.535 0 1
0 0.535 -0.525 0 1
0 0.535 -0.515 0 1
0 0.535 -0.505 0 1
0 0.535 -0.495 -0.0002153505041 1
0 0.535 -0.485 -0.0003691381847 1
0 0.535 -0.475 -0.000581614659 2
0 0.535 -0.465 -0.0008072876582 2
0 0.535 -0.455 -0.001055776602 2
0 0.535 -0.445 -0.001273252342 2
0 0.535 -0.435 -0.001480467161 2
0 0.535 -0.425 -0.001641125639 2
0 0.535 -0.415 -0.001764396832 1
0 0.535 -0.405 -0.001862972933 1
0 0.535 -0.395 -0.001946132832 1
0 0.535 -0.385 -0.002019327189 1
0 0.535 -0.375 -0.002089026058 1
0 0.535 -0.365 -0.002143861569 1
0 0.535 -0.355 -0.002196366094 1
0 0.535 -0.345 -0.002257325544 2
0 0.535 -0.335 -0.002310105595 2
0 0.535 -0.325 -0.002344717912 2
0 0.535 -0.315 -0.002366822612 2
0 0.535 -0.305 -0.002377170992 2
0 0.535 -0.295 -0.002378049383 2
0 0.535 -0.285 -0.002369387764 2
0 0.535 -0.275 -0.002351203213 2
0 0.535 -0.265 -0.002323158063 2
0 0.535 -0.255 -0.002284897426 2
0 0.535 -0.245 -0.002235917872 2
0 0.535 -0.235 -0.002175968902 2
0 0.535 -0.225 -0.00210390067 2
0 0.535 -0.215 -0.002021623097 2
0 0.535 -0.205 -0.001922226549 2
0 0.535 -0.195 -0.001826356538 2
0 0.535 -0.185 -0.001741701408 2
0 0.535 -0.175 -0.001648860646 1
0 0.535 -0.165 -0.001569508294 1
0 0.535 -0.155 -0.001500968103 1
0 0.535 -0.145 -0.001438216419 1
0 0.535 -0.135 -0.001376859836 2
0 0.535 -0.125 -0.001297499807 2
0 0.535 -0.115 -0.001209101564 2
0 0.535 -0.105 -0.001116530056 2
0 0.535 -0.095 -0.001017341947 2
0 0.535 -0.085 -0.0009119903726 2
0 0.535 -0.075 -0.0008018298888 2
0 0.535 -0.065 -0.0006869124813 2
0 0.535 -0.055 -0.0005681750179 2
0 0.535 -0.045 -0.0004469280385 2
0 0.535 -0.035 -0.0003242799168 2
0 0.535 -0.025 -0.0002010820797 2
0 0.535 -0.015 -7.787430916e-05 2
0 0.535 -0.005 4.504910791e-05 2
0 0.535 0.005 0.0001675374339 2
0 0.535 0.015 0.0002894886704 2
0 0.535 0.025 0.0004107880459 2
0 0.535 0.035 0.0005312846693 2
0 0.535 0.045 0.0006507910903 2
0 0.535 0.055 0.0007691020242 2
0 0.535 0.065 0.0008860177905 2
0 0.535 0.075 0.001001366465 2
0 0.535 0.085 0.00111501708 2
0 0.535 0.095 0.001226870642 2
0 0.535 0.105 0.001336822035 2
0 0.535 0.115 0.00144463845 2
0 0.535 0.125 0.001549927473 2
0 0.535 0.135 0.001651481931 2
0 0.535 0.145 0.001748445847 2
0 0.535 0.155 0.001837931027 2
0 0.535 0.165 0.001920066489 2
0 0.535 0.175 0.001997511509 2
0 0.535 0.185 0.002065183891 2
0 0.535 0.195 0.002115608577 2
0 0.535 0.205 0.002160137033 2
0 0.535 0.215 0.002214217922 2
0 0.535 0.225 0.002268523071 2
0 0.535 0.235 0.002329808879 2
0 0.535 0.245 0.002399834268 2
0 0.535 0.255 0.002468629757 2
0 0.535 0.265 0.002523107726 2
0 0.535 0.275 0.002566411919 2
0 0.535 0.285 0.002590399591 2
0 0.535 0.295 0.002596574439 2
0 0.535 0.305 0.002596824755 2
0 0.535 0.315 0.002584534486 2
0 0.535 0.325 0.002549571881 2
0 0.535 0.335 0.002499503009 2
0 0.535 0.345 0.002439137516 2
0 0.535 0.355 0.002367768204 2
0 0.535 0.365 0.002287011519 2
0 0.535 0.375 0.002196364768 2
0 0.535 0.385 0.002095765751 2
0 0.535 0.395 0.001984956866 2
0 0.535 0.405 0.001863768995 2
0 0.535 0.415 0.001732078668 2
0 0.535 0.425 0.001589798963 2
0 0.535 0.435 0.001436956596 2
0 0.535 0.445 0.001273383424 2
0 0.535 0.455 0.001099559754 2
0 0.535 0.465 0.0009138194036 2
0 0.535 0.475 0.0007207093201 2
0 0.535 0.485 0.0005049885119 2
0 0.535 0.495 0.0003115881705 2
0 0.535 0.505 0 2
0 0.535 0.515 0 2
0 0.535 0.525 0 2
0 0.535 0.535 0 2
0 0.535 0.545 0 1
0 0.535 0.555 0 1
0 0.535 0.565 0 1
0 0.545 -0.555 0 1
0 0.545 -0.545 0 1
0 0.545 -0.535 0 1
0 0.545 -0.525 0 1
0 0.545 -0.515 0 1
0 0.545 -0.505 0 1
0 0.545 -0.495 -0.0001947611361 1
0 0.545 -0.485 -0.0003303716232 1
0 0.545 -0.475 -0.0005268393918 2
0 0.545 -0.465 -0.0007310845057 2
0 0.545 -0.455 -0.0009408359109 2
0 0.545 -0.445 -0.001129734482 2
0 0.545 -0.435 -0.001315631458 2
0 0.545 -0.425 -0.00145974053 2
0 0.545 -0.415 -0.001562322951 1
0 0.545 -0.405 -0.001648946413 1
0 0.545 -0.395 -0.001723294343 1
0 0.545 -0.385 -0.001778823391 1
0 0.545 -0.375 -0.001836554757 1
0 0.545 -0.365 -0.001880215076 1
0 0.545 -0.355 -0.001918253579 1
0 0.545 -0.345 -0.001971700162 2
0 0.545 -0.335 -0.002011348149 2
0 0.545 -0.325 -0.002020310874 2
0 0.545 -0.315 -0.002025636909 2
0 0.545 -0.305 -0.002022166467 2
0 0.545 -0.295 -0.002012813652 2
0 0.545 -0.285 -0.001996904665 2
0 0.545 -0.275 -0.001974265447 2
0 0.545 -0.265 -0.001944314441 2
0 0.545 -0.255 -0.001906484566 2
0 0.545 -0.245 -0.001860048679 2
0 0.545 -0.235 -0.001804531972 2
0 0.545 -0.225 -0.001738467531 2
0 0.545 -0.215 -0.00166395034 2
0 0.545 -0.205 -0.00157236087 2
0 0.545 -0.195 -0.001491833958 2
0 0.545 -0.185 -0.001419059548 1
0 0.545 -0.175 -0.00135153202 1
0 0.545 -0.165 -0.001287565707 1
0 0.545 -0.155 -0.001226845561 1
0 0.545 -0.145 -0.001164818362 1
0 0.545 -0.135 -0.001109029773 1
0 0.545 -0.125 -0.001045576018 2
0 0.545 -0.115 -0.0009667010767 2
0 0.545 -0.105 -0.0008870554439 2
0 0.545 -0.095 -0.0008071104748 2
0 0.545 -0.085 -0.0007227964542 2
0 0.545 -0.075 -0.000632747805 2
0 0.545 -0.065 -0.0005382180097 2
0 0.545 -0.055 -0.0004401972976 2
0 0.545 -0.045 -0.0003402616095 2
0 0.545 -0.035 -0.0002395755812 2
0 0.545 -0.025 -0.0001388908453 2
0 0.545 -0.015 -3.855531966e-05 2
0 0.545 -0.005 6.132406514e-05 2
0 0.545 0.005 0.0001607556374 2
0 0.545 0.015 0.0002597899832 2
0 0.545 0.025 0.0003584085565 2
0 0.545 0.035 0.0004565069912 2
0 0.545 0.045 0.0005539118761 2
0 0.545 0.055 0.0006504188127 2
0 0.545 0.065 0.0007458279376 2
0 0.545 0.075 0.00083997769 2
0 0.545 0.085 0.0009327689658 2
0 0.545 0.095 0.001024170644 2
0 0.545 0.105 0.001114193493 2
0 0.545 0.115 0.001202785093 2
0 0.545 0.125 0.001289621908 2
0 0.545 0.135 0.001373353485 2
0 0.545 0.145 0.001453048563 2
0 0.545 0.155 0.001521345316 2
0 0.545 0.165 0.001587001663 2
0 0.545 0.175 0.001647900864 2
0 0.545 0.185 0.001683852318 1
0 0.545 0.195 0.00171026221 1
0 0.545 0.205 0.001741782832 1
0 0.545 0.215 0.001774672704 1
0 0.545 0.225 0.00181032938 1
0 0.545 0.235 0.001855944595 1
0 0.545 0.245 0.001902637226 1
0 0.545 0.255 0.001952733447 1
0 0.545 0.265 0.002013590446 2
0 0.545 0.275 0.002055245167 2
0 0.545 0.285 0.002081551948 2
0 0.545 0.295 0.002110460731 2
0 0.545 0.305 0.002135978525 2
0 0.545 0.315 0.002143521591 2
0 0.545 0.325 0.002130779735 2
0 0.545 0.335 0.002103337522 2
0 0.545 0.345 0.002059399971 2
0 0.545 0.355 0.002002954936 2
0 0.545 0.365 0.001936073637 2
0 0.545 0.375 0.001859536201 2
0 0.545 0.385 0.001773862972 2
0 0.545 0.395 0.001679208739 2
0 0.545 0.405 0.001575648424 2
0 0.545 0.415 0.00146321458 2
0 0.545 0.425 0.001341931839 2
0 0.545 0.435 0.001211909483 2
0 0.545 0.445 0.001073099778 2
0 0.545 0.455 0.0009260009298 2
0 0.545 0.465 0.000769305498 2
0 0.545 0.475 0.0006068385051 2
0 0.545 0.485 0.0004255868038 2
0 0.545 0.495 0.0002630351994 2
0 0.545 0.505 0 2
0 0.545 0.515 0 2
0 0.545 0.525 0 2
0 0.545 0.535 0 2
0 0.545 0.545 0 1
0 0.545 0.555 0 1
0 0.545 0.565 0 1
0 0.555 -0.555 0 1
0 0.555 -0.545 0 1
0 0.555 -0.535 0 1
0 0.555 -0.525 0 1
0 0.555 -0.515 0 1
0 0.555 -0.505 0 1
0 0.555 -0.495 -0.000174730186 1
0 0.555 -0.485 -0.0002970507663 1
0 0.555 -0.475 -0.0004784478621 2
0 0.555 -0.465 -0.000652592202 2
0 0.555 -0.455 -0.0008173647954 2
0 0.555 -0.445 -0.0009714512348 2
0 0.555 -0.435 -0.001124020898 2
0 0.555 -0.425 -0.001252091608 2
0 0.555 -0.415 -0.001346296393 2
0 0.555 -0.405 -0.001430067092 1
0 0.555 -0.395 -0.001498455816 1
0 0.555 -0.385 -0.001543082543 1
0 0.555 -0.375 -0.001581320203 1
0 0.555 -0.365 -0.001609347349 1
0 0.555 -0.355 -0.001636285208 2
0 0.555 -0.345 -0.001671411813 2
0 0.555 -0.335 -0.0016874983 2
0 0.555 -0.325 -0.001677056629 2
0 0.555 -0.315 -0.001668174794 2
0 0.555 -0.305 -0.001654135874 2
0 0.555 -0.295 -0.001637293821 2
0 0.555 -0.285 -0.001616638997 2
0 0.555 -0.275 -0.001591854635 2
0 0.555 -0.265 -0.00156228322 2
0 0.555 -0.255 -0.001527318872 2
0 0.555 -0.245 -0.001486249314 2
0 0.555 -0.235 -0.001438587289 2
0 0.555 -0.225 -0.001383160305 2
0 0.555 -0.215 -0.001321787081 2
0 0.555 -0.205 -0.001249574025 2
0 0.555 -0.195 -0.001186229802 2
0 0.555 -0.185 -0.001127420722 1
0 0.555 -0.175 -0.001076103152 1
0 0.555 -0.165 -0.001027165132 1
0 0.555 -0.155 -0.0009759514208 1
0 0.555 -0.145 -0.0009194779019 1
0 0.555 -0.135 -0.0008648100281 1
0 0.555 -0.125 -0.0008139537016 1
0 0.555 -0.115 -0.0007482311679 2
0 0.555 -0.105 -0.0006739522183 2
0 0.555 -0.095 -0.0006057296645 2
0 0.555 -0.085 -0.0005394115935 2
0 0.555 -0.075 -0.0004669618694 2
0 0.555 -0.065 -0.0003915759419 2
0 0.555 -0.055 -0.0003138807044 2
0 0.555 -0.045 -0.0002350964855 2
0 0.555 -0.035 -0.0001563097503 2
0 0.555 -0.025 -7.818410356e-05 2
0 0.555 -0.015 -8.3339622e-07 2
0 0.555 -0.005 7.592504534e-05 2
0 0.555 0.005 0.0001523315153 2
0 0.555 0.015 0.000228599427 2
0 0.555 0.025 0.0003047693248 2
0 0.555 0.035 0.0003807553959 2
0 0.555 0.045 0.0004563686972 2
0 0.555 0.055 0.0005313823124 2
0 0.555 0.065 0.0006055806273 2
0 0.555 0.075 0.0006788036332 2
0 0.555 0.085 0.0007509797835 2
0 0.555 0.095 0.000822170337 2
0 0.555 0.105 0.000892604746 2
0 0.555 0.115 0.0009625738189 2
0 0.555 0.125 0.001032236235 2
0 0.555 0.135 0.001101430902 2
0 0.555 0.145 0.001170016487 2
0 0.555 0.155 0.001230888143 2
0 0.555 0.165 0.001292636716 2
0 0.555 0.175 0.001344994017 1
0 0.555 0.185 0.00137539946 1
0 0.555 0.195 0.001398860282 1
0 0.555 0.205 0.001428477092 1
0 0.555 0.215 0.001452969852 1
0 0.555 0.225 0.001475679221 1
0 0.555 0.235 0.001496388474 1
0 0.555 0.245 0.001511822834 1
0 0.555 0.255 0.001529988084 1
0 0.555 0.265 0.001562277298 1
0 0.555 0.275 0.001594593558 2
0 0.555 0.285 0.001613923286 2
0 0.555 0.295 0.001648662502 2
0 0.555 0.305 0.001688955387 2
0 0.555 0.315 0.001710716994 2
0 0.555 0.325 0.001716268233 2
0 0.555 0.335 0.00170256149 2
0 0.555 0.345 0.0016730614 2
0 0.555 0.355 0.001630853157 2
0 0.555 0.365 0.001578086051 2
0 0.555 0.375 0.001516199969 2
0 0.555 0.385 0.001446078086 2
0 0.555 0.395 0.001368193124 2
0 0.555 0.405 0.001282821372 2
0 0.555 0.415 0.001190132963 2
0 0.555 0.425 0.001090253829 2
0 0.555 0.435 0.0009833734991 2
0 0.555 0.445 0.0008695709635 2
0 0.555 0.455 0.0007493949287 2
0 0.555 0.465 0.0006220026446 2
0 0.555 0.475 0.0004905240381 2
0 0.555 0.485 0.0003444490774 2
0 0.555 0.495 0.0002135676385 2
0 0.555 0.505 0 2
0 0.555 0.515 0 2
0 0.555 0.525 0 2
0 0.555 0.535 0 1
0 0.555 0.545 0 1
0 0.555 0.555 0 1
0 0.555 0.565 0 1
0 0.565 -0.555 0 1
0 0.565 -0.545 0 1
0 0.565 -0.535 0 1
0 0.565 -0.525 0 1
0 0.565 -0.515 0 1
0 0.565 -0.505 0 1
0 0.565 -0.495 -0.0001491979302 1
0 0.565 -0.485 -0.0002717052363 2
0 0.565 -0.475 -0.0004258796858 2
0 0.565 -0.465 -0.0005566355147 2
0 0.565 -0.455 -0.0006741591145 2
0 0.565 -0.445 -0.0007889867225 2
0 0.565 -0.435 -0.0008996265654 2
0 0.565 -0.425 -0.001001753441 2
0 0.565 -0.415 -0.001087117264 2
0 0.565 -0.405 -0.001159079259 2
0 0.565 -0.395 -0.001230080799 1
0 0.565 -0.385 -0.001275095527 1
0 0.565 -0.375 -0.001296875393 1
0 0.565 -0.365 -0.001309345167 1
0 0.565 -0.355 -0.001322034206 2
0 0.565 -0.345 -0.001330823131 2
0 0.565 -0.335 -0.001322765756 2
0 0.565 -0.325 -0.001306941469 2
0 0.565 -0.315 -0.001289835482 2
0 0.565 -0.305 -0.001270202002 2
0 0.565 -0.295 -0.001249497997 2
0 0.565 -0.285 -0.001227065486 2
0 0.565 -0.275 -0.001202668471 2
0 0.565 -0.265 -0.001175799026 2
0 0.565 -0.255 -0.001145986336 2
0 0.565 -0.245 -0.001112708444 2
0 0.565 -0.235 -0.001075538094 2
0 0.565 -0.225 -0.001033795573 2
0 0.565 -0.215 -0.0009878688886 2
0 0.565 -0.205 -0.0009348101257 2
0 0.565 -0.195 -0.0008840093126 2
0 0.565 -0.185 -0.0008371892594 1
0 0.565 -0.175 -0.0007998611235 1
0 0.565 -0.165 -0.0007635885751 1
0 0.565 -0.155 -0.000722343188 1
0 0.565 -0.145 -0.0006773922019 1
0 0.565 -0.135 -0.0006290873986 1
0 0.565 -0.125 -0.0005848517033 1
0 0.565 -0.115 -0.0005354239212 1
0 0.565 -0.105 -0.0004725081334 2
0 0.565 -0.095 -0.0004097457247 2
0 0.565 -0.085 -0.0003526264394 2
0 0.565 -0.075 -0.0002984330252 2
0 0.565 -0.065 -0.000243539541 2
0 0.565 -0.055 -0.0001871857318 2
0 0.565 -0.045 -0.000131274848 2
0 0.565 -0.035 -7.585381584e-05 2
0 0.565 -0.025 -2.020550262e-05 2
0 0.565 -0.015 3.430028646e-05 2
0 0.565 -0.005 8.805332496e-05 2
0 0.565 0.005 0.0001416545214 2
0 0.565 0.015 0.0001955268057 2
0 0.565 0.025 0.0002497226712 2
0 0.565 0.035 0.0003041097538 2
0 0.565 0.045 0.0003584531924 2
0 0.565 0.055 0.0004124834778 2
0 0.565 0.065 0.000465960049 2
0 0.565 0.075 0.0005187173301 2
0 0.565 0.085 0.0005706901679 2
0 0.565 0.095 0.0006220200111 2
0 0.565 0.105 0.0006730814262 2
0 0.565 0.115 0.0007246061584 2
0 0.565 0.125 0.0007777570287 2
0 0.565 0.135 0.0008343151457 2
0 0.565 0.145 0.0008908393144 2
0 0.565 0.155 0.0009524007365 2
0 0.565 0.165 0.00101290809 2
0 0.565 0.175 0.001056614369 1
0 0.565 0.185 0.001083126832 1
0 0.565 0.195 0.001108596996 1
0 0.565 0.205 0.001133497827 1
0 0.565 0.215 0.001151618969 1
0 0.565 0.225 0.001164763248 1
0 0.565 0.235 0.001173703349 1
0 0.565 0.245 0.001177398744 1
0 0.565 0.255 0.001179395109 1
0 0.565 0.265 0.001195563708 1
0 0.565 0.275 0.001213556764 1
0 0.565 0.285 0.001224932776 2
0 0.565 0.295 0.001247337922 2
0 0.565 0.305 0.001283386878 2
0 0.565 0.315 0.001303668296 2
0 0.565 0.325 0.001311951818 2
0 0.565 0.335 0.001305432335 2
0 0.565 0.345 0.001286095514 2
0 0.565 0.355 0.001255728607 2
0 0.565 0.365 0.001216091036 2
0 0.565 0.375 0.001168579552 2
0 0.565 0.385 0.001114123267 2
0 0.565 0.395 0.001053308605 2
0 0.565 0.405 0.0009864989533 2
0 0.565 0.415 0.0009139308023 2
0 0.565 0.425 0.0008357814374 2
0 0.565 0.435 0.0007522809696 2
0 0.565 0.445 0.0006636023549 2
0 0.565 0.455 0.0005703515935 2
0 0.565 0.465 0.0004721381507 2
0 0.565 0.475 0.0003715694771 2
0 0.565 0.485 0.0002613408361 2
0 0.565 0.495 0.0001631418836 2
0 0.565 0.505 0 2
0 0.565 0.515 0 2
0 0.565 0.525 0 2
0 0.565 0.535 0 1
0 0.565 0.545 0 1
0 0.565 0.555 0 1
0 0.565 0.565 0 1
0 0.575 -0.555 0 1
0 0.575 -0.545 0 1
0 0.575 -0.535 0 1
0 0.575 -0.525 0 1
0 0.575 -0.515 0 1
0 0.575 -0.505 0 1
0 0.575 -0.495 -0.0001256327032 2
0 0.575 -0.485 -0.0002273542909 2
0 0.575 -0.475 -0.0003354663033 2
0 0.575 -0.465 -0.0004234029731 2
0 0.575 -0.455 -0.0005043147867 2
0 0.575 -0.445 -0.0005804868632 2
0 0.575 -0.435 -0.0006492982354 2
0 0.575 -0.425 -0.0007150011242 2
0 0.575 -0.415 -0.0007766079068 2
0 0.575 -0.405 -0.000825295784 2
0 0.575 -0.395 -0.0008653454701 2
0 0.575 -0.385 -0.0009041988799 2
0 0.575 -0.375 -0.0009225341471 2
0 0.575 -0.365 -0.0009336684025 2
0 0.575 -0.355 -0.0009471209692 2
0 0.575 -0.345 -0.0009432750161 2
0 0.575 -0.335 -0.0009246287544 2
0 0.575 -0.325 -0.000910017192 2
0 0.575 -0.315 -0.0008906964259 2
0 0.575 -0.305 -0.0008700896537 2
0 0.575 -0.295 -0.0008490198686 2
0 0.575 -0.285 -0.0008276100138 2
0 0.575 -0.275 -0.0008059094696 2
0 0.575 -0.265 -0.0007837355695 2
0 0.575 -0.255 -0.0007608774202 2
0 0.575 -0.245 -0.000737103751 2
0 0.575 -0.235 -0.000712105997 2
0 0.575 -0.225 -0.0006857585493 2
0 0.575 -0.215 -0.0006567771378 2
0 0.575 -0.205 -0.0006248224287 2
0 0.575 -0.195 -0.0005862180086 2
0 0.575 -0.185 -0.0005501958382 1
0 0.575 -0.175 -0.0005257615883 1
0 0.575 -0.165 -0.0005023775825 1
0 0.575 -0.155 -0.000471272754 1
0 0.575 -0.145 -0.0004395865714 1
0 0.575 -0.135 -0.0004031133395 1
0 0.575 -0.125 -0.0003643168237 1
0 0.575 -0.115 -0.0003236594221 1
0 0.575 -0.105 -0.0002787725745 2
0 0.575 -0.095 -0.0002250099133 2
0 0.575 -0.085 -0.0001752042651 2
0 0.575 -0.075 -0.0001369236735 2
0 0.575 -0.065 -0.0001009707723 2
0 0.575 -0.055 -6.619234698e-05 2
0 0.575 -0.045 -3.232265353e-05 2
0 0.575 -0.035 1.469751265e-06 2
0 0.575 -0.025 3.426817677e-05 2
0 0.575 -0.015 6.536709751e-05 2
0 0.575 -0.005 9.659742594e-05 2
0 0.575 0.005 0.0001279855065 2
0 0.575 0.015 0.000160156356 2
0 0.575 0.025 0.000193144468 2
0 0.575 0.035 0.0002266836426 2
0 0.575 0.045 0.0002604782538 2
0 0.575 0.055 0.0002942127348 2
0 0.575 0.065 0.0003276292341 2
0 0.575 0.075 0.0003605629614 2
0 0.575 0.085 0.0003929389795 2
0 0.575 0.095 0.0004249461768 2
0 0.575 0.105 0.0004568658451 2
0 0.575 0.115 0.0004898946192 2
0 0.575 0.125 0.0005264806228 2
0 0.575 0.135 0.0005660865147 2
0 0.575 0.145 0.0006099028345 2
0 0.575 0.155 0.0006700490485 2
0 0.575 0.165 0.0007215970043 2
0 0.575 0.175 0.0007491023832 1
0 0.575 0.185 0.0007757981656 1
0 0.575 0.195 0.0008051738391 1
0 0.575 0.205 0.0008247008085 1
0 0.575 0.215 0.0008375571114 1
0 0.575 0.225 0.0008436602221 1
0 0.575 0.235 0.0008460307209 1
0 0.575 0.245 0.000848658522 1
0 0.575 0.255 0.0008494639969 1
0 0.575 0.265 0.0008571143483 1
0 0.575 0.275 0.0008679420602 1
0 0.575 0.285 0.000876467877 2
0 0.575 0.295 0.0008862653797 2
0 0.575 0.305 0.000904505229 2
0 0.575 0.315 0.0009152741677 2
0 0.575 0.325 0.0009193644637 2
0 0.575 0.335 0.0009146457282 2
0 0.575 0.345 0.0009013826984 2
0 0.575 0.355 0.0008802784249 2
0 0.575 0.365 0.0008523697347 2
0 0.575 0.375 0.0008185778671 2
0 0.575 0.385 0.000779612367 2
0 0.575 0.395 0.0007359704249 2
0 0.575 0.405 0.0006879751098 2
0 0.575 0.415 0.000635839071 2
0 0.575 0.425 0.0005797208201 2
0 0.575 0.435 0.0005198221182 2
0 0.575 0.445 0.0004563486259 2
0 0.575 0.455 0.0003899370446 2
0 0.575 0.465 0.0003204985242 2
0 0.575 0.475 0.0002503776491 2
0 0.575 0.485 0.0001761216937 2
0 0.575 0.495 0.0001084662242 2
0 0.575 0.505 0 2
0 0.575 0.515 0 2
0 0.575 0.525 0 2
0 0.575 0.535 0 1
0 0.575 0.545 0 1
0 0.575 0.555 0 1
0 0.575 0.565 0 1
0 0.585 -0.555 0 1
0 0.585 -0.545 0 1
0 0.585 -0.535 0 1
0 0.585 -0.525 0 1
0 0.585 -0.515 0 1
0 0.585 -0.505 0 2
0 0.585 -0.495 -9.002663386e-05 2
0 0.585 -0.485 -0.0001525190724 2
0 0.585 -0.475 -0.0002134284527 2
0 0.585 -0.465 -0.0002655229555 2
0 0.585 -0.455 -0.0003134530118 2
0 0.585 -0.445 -0.0003535891397 2
0 0.585 -0.435 -0.000387233615 2
0 0.585 -0.425 -0.0004135186807 2
0 0.585 -0.415 -0.0004382506156 2
0 0.585 -0.405 -0.0004557130537 2
0 0.585 -0.395 -0.0004672355018 2
0 0.585 -0.385 -0.0004814524601 2
0 0.585 -0.375 -0.0004944314009 2
0 0.585 -0.365 -0.0005056998616 2
0 0.585 -0.355 -0.0005171190993 2
0 0.585 -0.345 -0.0005176789197 2
0 0.585 -0.335 -0.0005060880497 2
0 0.585 -0.325 -0.0004923079174 2
0 0.585 -0.315 -0.0004746255099 2
0 0.585 -0.305 -0.0004559391363 2
0 0.585 -0.295 -0.000437045932 2
0 0.585 -0.285 -0.0004187515808 2
0 0.585 -0.275 -0.0004014643926 2
0 0.585 -0.265 -0.000385379946 2
0 0.585 -0.255 -0.0003705867856 2
0 0.585 -0.245 -0.0003571547278 2
0 0.585 -0.235 -0.0003449454563 2
0 0.585 -0.225 -0.0003342826589 2
0 0.585 -0.215 -0.000323004809 2
0 0.585 -0.205 -0.0003151046825 2
0 0.585 -0.195 -0.0002907999913 2
0 0.585 -0.185 -0.0002653917709 1
0 0.585 -0.175 -0.0002557726103 1
0 0.585 -0.165 -0.0002446000012 1
0 0.585 -0.155 -0.000223017843 1
0 0.585 -0.145 -0.0002042855757 1
0 0.585 -0.135 -0.0001819944379 1
0 0.585 -0.125 -0.0001537521979 1
0 0.585 -0.115 -0.0001243332662 1
0 0.585 -0.105 -9.550473221e-05 1
0 0.585 -0.095 -6.075443486e-05 1
0 0.585 -0.085 -2.513703445e-05 1
0 0.585 -0.075 -6.925732104e-07 1
0 0.585 -0.065 1.936684962e-05 1
0 0.585 -0.055 3.430745109e-05 2
0 0.585 -0.045 5.190266223e-05 2
0 0.585 -0.035 6.942388204e-05 2
0 0.585 -0.025 8.231823398e-05 2
0 0.585 -0.015 9.140399609e-05 2
0 0.585 -0.005 0.0001003096829 2
0 0.585 0.005 0.0001106364591 2
0 0.585 0.015 0.0001222014446 2
0 0.585 0.025 0.0001350399002 2
0 0.585 0.035 0.0001486861653 2
0 0.585 0.045 0.000162801535 2
0 0.585 0.055 0.0001770501812 2
0 0.585 0.065 0.0001911889726 2
0 0.585 0.075 0.0002050857716 2
0 0.585 0.085 0.0002186765935 2
0 0.585 0.095 0.0002321887097 2
0 0.585 0.105 0.0002455720988 2
0 0.585 0.115 0.0002604227181 2
0 0.585 0.125 0.0002764616873 2
0 0.585 0.135 0.0002995195267 2
0 0.585 0.145 0.0003373418586 2
0 0.585 0.155 0.0003881563953 2
0 0.585 0.165 0.000421522514 1
0 0.585 0.175 0.0004428231739 1
0 0.585 0.185 0.0004709674444 1
0 0.585 0.195 0.0005002041485 1
0 0.585 0.205 0.000518053605 1
0 0.585 0.215 0.0005273961306 1
0 0.585 0.225 0.0005294054981 1
0 0.585 0.235 0.0005285499777 1
0 0.585 0.245 0.0005284162213 1
0 0.585 0.255 0.000534177404 1
0 0.585 0.265 0.0005356371187 1
0 0.585 0.275 0.0005362120497 1
0 0.585 0.285 0.0005415462435 2
0 0.585 0.295 0.0005450382828 2
0 0.585 0.305 0.0005401160222 2
0 0.585 0.315 0.0005382343708 2
0 0.585 0.325 0.0005347015609 2
0 0.585 0.335 0.0005287133277 2
0 0.585 0.345 0.0005190490379 2
0 0.585 0.355 0.0005054989861 2
0 0.585 0.365 0.0004882182507 2
0 0.585 0.375 0.0004675602459 2
0 0.585 0.385 0.0004438815852 2
0 0.585 0.395 0.0004174686662 2
0 0.585 0.405 0.0003885139385 2
0 0.585 0.415 0.0003571332746 2
0 0.585 0.425 0.0003234015891 2
0 0.585 0.435 0.0002874131129 2
0 0.585 0.445 0.0002493259385 2
0 0.585 0.455 0.0002096287077 2
0 0.585 0.465 0.0001684559214 2
0 0.585 0.475 0.0001281033651 2
0 0.585 0.485 8.481346425e-05 2
0 0.585 0.495 4.881553297e-05 2
0 0.585 0.505 0 2
0 0.585 0.515 0 2
0 0.585 0.525 0 2
0 0.585 0.535 0 1
0 0.585 0.545 0 1
0 0.585 0.555 0 1
0 0.585 0.565 0 1
0 0.595 -0.555 0 1
0 0.595 -0.545 0 1
0 0.595 -0.535 0 1
0 0.595 -0.525 0 2
0 0.595 -0.515 0 2
0 0.595 -0.505 0 2
0 0.595 -0.495 -3.498459147e-05 2
0 0.595 -0.485 -5.686516782e-05 2
0 0.595 -0.475 -7.944125805e-05 2
0 0.595 -0.465 -9.847166391e-05 2
0 0.595 -0.455 -0.0001108933813 2
0 0.595 -0.445 -0.0001168136334 2
0 0.595 -0.435 -0.0001169685047 2
0 0.595 -0.425 -0.0001111470178 2
0 0.595 -0.415 -9.957296271e-05 2
0 0.595 -0.405 -8.504640282e-05 2
0 0.595 -0.395 -7.153626e-05 2
0 0.595 -0.385 -6.275862566e-05 2
0 0.595 -0.375 -6.156885639e-05 2
0 0.595 -0.365 -6.680831164e-05 2
0 0.595 -0.355 -7.34459999e-05 2
0 0.595 -0.345 -7.637268302e-05 2
0 0.595 -0.335 -7.225436042e-05 2
0 0.595 -0.325 -6.138771771e-05 2
0 0.595 -0.315 -4.689350029e-05 2
0 0.595 -0.305 -3.130377474e-05 2
0 0.595 -0.295 -1.589295141e-05 2
0 0.595 -0.285 -1.86020508e-06 2
0 0.595 -0.275 1.006837761e-05 2
0 0.595 -0.265 1.938232746e-05 2
0 0.595 -0.255 2.574029075e-05 2
0 0.595 -0.245 2.884811668e-05 2
0 0.595 -0.235 2.868560572e-05 2
0 0.595 -0.225 2.476613224e-05 2
0 0.595 -0.215 1.91176299e-05 2
0 0.595 -0.205 7.177494401e-06 2
0 0.595 -0.195 9.440802814e-06 2
0 0.595 -0.185 2.11820245e-05 2
0 0.595 -0.175 1.851006088e-05 1
0 0.595 -0.165 1.414346342e-05 1
0 0.595 -0.155 2.009470533e-05 1
0 0.595 -0.145 2.632271492e-05 1
0 0.595 -0.135 3.302273021e-05 1
0 0.595 -0.125 4.266740707e-05 1
0 0.595 -0.115 5.178045976e-05 1
0 0.595 -0.105 6.087693927e-05 1
0 0.595 -0.095 7.337405005e-05 1
0 0.595 -0.085 8.803250264e-05 1
0 0.595 -0.075 0.000100799477 1
0 0.595 -0.065 0.0001103691543 1
0 0.595 -0.055 0.0001155790589 1
0 0.595 -0.045 0.0001191538348 1
0 0.595 -0.035 0.0001210115735 2
0 0.595 -0.025 0.0001188546005 2
0 0.595 -0.015 0.0001096394578 2
0 0.595 -0.005 9.805956742e-05 2
0 0.595 0.005 8.924097405e-05 2
0 0.595 0.015 8.172627453e-05 2
0 0.595 0.025 7.567937855e-05 2
0 0.595 0.035 7.04917159e-05 2
0 0.595 0.045 6.584833724e-05 2
0 0.595 0.055 6.145110699e-05 2
0 0.595 0.065 5.712325204e-05 2
0 0.595 0.075 5.281832876e-05 2
0 0.595 0.085 4.856601423e-05 2
0 0.595 0.095 4.474275592e-05 2
0 0.595 0.105 4.117004272e-05 2
0 0.595 0.115 3.997248923e-05 2
0 0.595 0.125 3.692851436e-05 2
0 0.595 0.135 4.921519874e-05 2
0 0.595 0.145 8.361692926e-05 2
0 0.595 0.155 0.0001138731668 1
0 0.595 0.165 0.000130505889 1
0 0.595 0.175 0.0001513014093 1
0 0.595 0.185 0.0001756949116 1
0 0.595 0.195 0.0001984459211 1
0 0.595 0.205 0.000217825418 1
0 0.595 0.215 0.0002284325502 1
0 0.595 0.225 0.0002303798546 1
0 0.595 0.235 0.0002319523558 1
0 0.595 0.245 0.0002341916224 1
0 0.595 0.255 0.0002363552202 1
0 0.595 0.265 0.000227629537 1
0 0.595 0.275 0.0002159643582 1
0 0.595 0.285 0.0002106741218 2
0 0.595 0.295 0.0001991245177 2
0 0.595 0.305 0.0001746123092 2
0 0.595 0.315 0.0001615833438 2
0 0.595 0.325 0.0001514433787 2
0 0.595 0.335 0.000144249535 2
0 0.595 0.345 0.000137794717 2
0 0.595 0.355 0.0001312666817 2
0 0.595 0.365 0.0001241747045 2
0 0.595 0.375 0.000116399544 2
0 0.595 0.385 0.0001079557893 2
0 0.595 0.395 9.889853446e-05 2
0 0.595 0.405 8.926077896e-05 2
0 0.595 0.415 7.903171403e-05 2
0 0.595 0.425 6.817015755e-05 2
0 0.595 0.435 5.661416718e-05 2
0 0.595 0.445 4.441966353e-05 2
0 0.595 0.455 3.171931347e-05 2
0 0.595 0.465 1.916887585e-05 2
0 0.595 0.475 9.265586998e-06 2
0 0.595 0.485 -3.598596897e-06 2
0 0.595 0.495 -6.086538996e-06 2
0 0.595 0.505 0 2
0 0.595 0.515 0 1
0 0.595 0.525 0 1
0 0.595 0.535 0 1
0 0.595 0.545 0 1
0 0.595 0.555 0 1
0 0.595 0.565 0 1
0 0.605 -0.555 0 1
0 0.605 -0.545 0 1
0 0.605 -0.535 0 2
0 0.605 -0.525 0 2
0 0.605 -0.515 0 2
0 0.605 -0.505 0 2
0 0.605 -0.495 2.710250639e-05 2
0 0.605 -0.485 4.11969185e-05 2
0 0.605 -0.475 5.5903849e-05 2
0 0.605 -0.465 7.347685488e-05 2
0 0.605 -0.455 9.573820889e-05 2
0 0.605 -0.445 0.0001224954366 2
0 0.605 -0.435 0.0001536350245 2
0 0.605 -0.425 0.0001885006516 2
0 0.605 -0.415 0.0002259006786 2
0 0.605 -0.405 0.0002632863643 2
0 0.605 -0.395 0.000296947959 2
0 0.605 -0.385 0.0003232491938 2
0 0.605 -0.375 0.0003401593731 2
0 0.605 -0.365 0.000348674039 2
0 0.605 -0.355 0.0003526322883 2
0 0.605 -0.345 0.0003566171711 2
0 0.605 -0.335 0.000363642036 2
0 0.605 -0.325 0.0003741428949 2
0 0.605 -0.315 0.0003867264751 2
0 0.605 -0.305 0.0003996576784 2
0 0.605 -0.295 0.0004115125915 2
0 0.605 -0.285 0.0004210745778 2
0 0.605 -0.275 0.0004274608154 2
0 0.605 -0.265 0.0004299915556 2
0 0.605 -0.255 0.0004281793895 2
0 0.605 -0.245 0.0004216308482 2
0 0.605 -0.235 0.0004102408177 2
0 0.605 -0.225 0.0003936943849 2
0 0.605 -0.215 0.0003733417574 2
0 0.605 -0.205 0.000348792932 2
0 0.605 -0.195 0.0003246889508 2
0 0.605 -0.185 0.0003115373963 2
0 0.605 -0.175 0.000297298335 1
0 0.605 -0.165 0.0002755274772 1
0 0.605 -0.155 0.0002586276373 1
0 0.605 -0.145 0.0002507553598 1
0 0.605 -0.135 0.0002429893653 1
0 0.605 -0.125 0.0002327391804 1
0 0.605 -0.115 0.0002218132245 1
0 0.605 -0.105 0.0002112795948 1
0 0.605 -0.095 0.0002030361583 1
0 0.605 -0.085 0.0001976361178 1
0 0.605 -0.075 0.0001946162956 1
0 0.605 -0.065 0.000189841134 1
0 0.605 -0.055 0.0001830928098 1
0 0.605 -0.045 0.0001742027951 1
0 0.605 -0.035 0.0001629537982 1
0 0.605 -0.025 0.0001450231357 2
0 0.605 -0.015 0.0001198554989 2
0 0.605 -0.005 9.040502817e-05 2
0 0.605 0.005 6.444799603e-05 2
0 0.605 0.015 3.94537767e-05 2
0 0.605 0.025 1.573153757e-05 2
0 0.605 0.035 -7.310698077e-06 2
0 0.605 0.045 -2.987917288e-05 2
0 0.605 0.055 -5.216870733e-05 2
0 0.605 0.065 -7.424401449e-05 2
0 0.605 0.075 -9.602925122e-05 2
0 0.605 0.085 -0.000117307166 2
0 0.605 0.095 -0.0001373891495 2
0 0.605 0.105 -0.0001560925615 2
0 0.605 0.115 -0.0001706552212 2
0 0.605 0.125 -0.0001853219626 2
0 0.605 0.135 -0.0001807765259 2
0 0.605 0.145 -0.0001613067224 1
0 0.605 0.155 -0.0001510383672 1
0 0.605 0.165 -0.0001453826696 1
0 0.605 0.175 -0.0001322563374 1
0 0.605 0.185 -0.0001192313532 1
0 0.605 0.195 -0.0001067437191 1
0 0.605 0.205 -8.803284952e-05 1
0 0.605 0.215 -7.567016129e-05 1
0 0.605 0.225 -7.393878307e-05 1
0 0.605 0.235 -6.920299161e-05 1
0 0.605 0.245 -6.496101903e-05 1
0 0.605 0.255 -7.523871832e-05 1
0 0.605 0.265 -9.891441704e-05 1
0 0.605 0.275 -0.0001286491402 2
0 0.605 0.285 -0.0001453182212 2
0 0.605 0.295 -0.0001721518046 2
0 0.605 0.305 -0.0002048410998 2
0 0.605 0.315 -0.0002233346626 2
0 0.605 0.325 -0.0002357772219 2
0 0.605 0.335 -0.0002418872993 2
0 0.605 0.345 -0.0002439394871 2
0 0.605 0.355 -0.0002429129797 2
0 0.605 0.365 -0.000239582664 2
0 0.605 0.375 -0.0002343361702 2
0 0.605 0.385 -0.0002273866387 2
0 0.605 0.395 -0.0002188508491 2
0 0.605 0.405 -0.000208824241 2
0 0.605 0.415 -0.0001974236728 2
0 0.605 0.425 -0.0001847923382 2
0 0.605 0.435 -0.0001711410601 2
0 0.605 0.445 -0.0001565421362 2
0 0.605 0.455 -0.0001413721865 2
0 0.605 0.465 -0.000124337301 2
0 0.605 0.475 -0.000106484076 2
0 0.605 0.485 -8.034244933e-05 2
0 0.605 0.495 -4.522011544e-05 2
0 0.605 0.505 0 1
0 0.605 0.515 0 1
0 0.605 0.525 0 1
0 0.605 0.535 0 1
0 0.605 0.545 0 1
0 0.605 0.555 0 1
0 0.605 0.565 0 1
0 0.615 -0.555 0 1
0 0.615 -0.545 0 1
0 0.615 -0.535 0 1
0 0.615 -0.525 0 2
0 0.615 -0.515 0 2
0 0.615 -0.505 0 2
0 0.615 -0.495 8.555419174e-05 2
0 0.615 -0.485 0.0001345806999 2
0 0.615 -0.475 0.0001908451366 2
0 0.615 -0.465 0.000244736167 2
0 0.615 -0.455 0.0003012573531 2
0 0.615 -0.445 0.0003596875656 2
0 0.615 -0.435 0.0004202240752 2
0 0.615 -0.425 0.0004818290222 2
0 0.615 -0.415 0.0005428968555 2
0 0.615 -0.405 0.0006009205918 2
0 0.615 -0.395 0.0006528578125 2
0 0.615 -0.385 0.0006960020495 2
0 0.615 -0.375 0.000729097811 2
0 0.615 -0.365 0.0007529162223 2
0 0.615 -0.355 0.0007700159265 2
0 0.615 -0.345 0.0007836712529 2
0 0.615 -0.335 0.0007964042982 2
0 0.615 -0.325 0.0008092181572 2
0 0.615 -0.315 0.0008218142713 2
0 0.615 -0.305 0.0008331965333 2
0 0.615 -0.295 0.0008421980479 2
0 0.615 -0.285 0.0008477588745 2
0 0.615 -0.275 0.0008490086148 2
0 0.615 -0.265 0.0008452485718 2
0 0.615 -0.255 0.0008359631779 2
0 0.615 -0.245 0.00082077283 2
0 0.615 -0.235 0.0007995550031 2
0 0.615 -0.225 0.0007723024153 2
0 0.615 -0.215 0.0007395430486 2
0 0.615 -0.205 0.000703823051 2
0 0.615 -0.195 0.0006581339412 2
0 0.615 -0.185 0.0006166170664 2
0 0.615 -0.175 0.0005837952877 2
0 0.615 -0.165 0.0005419140108 1
0 0.615 -0.155 0.0005012819957 1
0 0.615 -0.145 0.0004724245573 1
0 0.615 -0.135 0.0004490553298 1
0 0.615 -0.125 0.0004238173772 1
0 0.615 -0.115 0.0003949456052 1
0 0.615 -0.105 0.0003664038977 1
0 0.615 -0.095 0.0003400384935 1
0 0.615 -0.085 0.000316533876 1
0 0.615 -0.075 0.0002945025254 1
0 0.615 -0.065 0.0002723343414 1
0 0.615 -0.055 0.0002501789134 1
0 0.615 -0.045 0.000227816789 1
0 0.615 -0.035 0.000201959079 1
0 0.615 -0.025 0.0001669775394 2
0 0.615 -0.015 0.0001256833814 2
0 0.615 -0.005 7.997715969e-05 2
0 0.615 0.005 3.8175774e-05 2
0 0.615 0.015 -3.181482031e-06 2
0 0.615 0.025 -4.374543123e-05 2
0 0.615 0.035 -8.394604197e-05 2
0 0.615 0.045 -0.0001238271731 2
0 0.615 0.055 -0.000163444198 2
0 0.615 0.065 -0.0002027427552 2
0 0.615 0.075 -0.0002415558701 2
0 0.615 0.085 -0.0002794851088 2
0 0.615 0.095 -0.0003156552498 2
0 0.615 0.105 -0.000349120762 2
0 0.615 0.115 -0.0003765998564 2
0 0.615 0.125 -0.0003999946012 2
0 0.615 0.135 -0.0004087531296 2
0 0.615 0.145 -0.000411133693 1
0 0.615 0.155 -0.0004149210558 1
0 0.615 0.165 -0.0004199519299 1
0 0.615 0.175 -0.0004220504884 1
0 0.615 0.185 -0.0004242830076 1
0 0.615 0.195 -0.0004248525764 1
0 0.615 0.205 -0.0004187440669 1
0 0.615 0.215 -0.0004180522395 1
0 0.615 0.225 -0.0004344445113 2
0 0.615 0.235 -0.0004431798507 2
0 0.615 0.245 -0.00045168064 2
0 0.615 0.255 -0.0004773526059 2
0 0.615 0.265 -0.0005066639731 2
0 0.615 0.275 -0.0005275943873 2
0 0.615 0.285 -0.0005497764459 2
0 0.615 0.295 -0.0005788628616 2
0 0.615 0.305 -0.000604110637 2
0 0.615 0.315 -0.0006203843786 2
0 0.615 0.325 -0.0006296356423 2
0 0.615 0.335 -0.0006313773623 2
0 0.615 0.345 -0.0006270154564 2
0 0.615 0.355 -0.0006172729235 2
0 0.615 0.365 -0.0006028463844 2
0 0.615 0.375 -0.0005841616066 2
0 0.615 0.385 -0.0005615058446 2
0 0.615 0.395 -0.0005350691077 2
0 0.615 0.405 -0.0005050054758 2
0 0.615 0.415 -0.0004714768965 2
0 0.615 0.425 -0.0004346677347 2
0 0.615 0.435 -0.0003948542322 2
0 0.615 0.445 -0.000352185897 2
0 0.615 0.455 -0.0003073684557 2
0 0.615 0.465 -0.0002587630197 2
0 0.615 0.475 -0.0002116450557 2
0 0.615 0.485 -0.0001437141226 2
0 0.615 0.495 -7.568565278e-05 2
0 0.615 0.505 0 1
0 0.615 0.515 0 1
0 0.615 0.525 0 1
0 0.615 0.535 0 1
0 0.615 0.545 0 1
0 0.615 0.555 0 1
0 0.615 0.565 0 1
0 0.625 -0.555 0 1
0 0.625 -0.545 0 1
0 0.625 -0.535 0 1
0 0.625 -0.525 0 2
0 0.625 -0.515 0 2
0 0.625 -0.505 0 2
0 0.625 -0.495 0.0001402293514 2
0 0.625 -0.485 0.0002257868072 2
0 0.625 -0.475 0.0003227676572 2
0 0.625 -0.465 0.0004124823809 2
0 0.625 -0.455 0.000502803498 2
0 0.625 -0.445 0.000592057041 2
0 0.625 -0.435 0.0006806229801 2
0 0.625 -0.425 0.0007673394694 2
0 0.625 -0.415 0.0008506969007 2
0 0.625 -0.405 0.0009285287216 2
0 0.625 -0.395 0.000998480693 2
0 0.625 -0.385 0.001058585674 2
0 0.625 -0.375 0.001107948372 2
0 0.625 -0.365 0.00114710201 2
0 0.625 -0.355 0.001177820065 2
0 0.625 -0.345 0.001202415735 2
0 0.625 -0.335 0.001222870344 2
0 0.625 -0.325 0.001240286419 2
0 0.625 -0.315 0.001254850906 2
0 0.625 -0.305 0.001266123492 2
0 0.625 -0.295 0.001273370619 2
0 0.625 -0.285 0.001275798803 2
0 0.625 -0.275 0.001272685812 2
0 0.625 -0.265 0.001263431385 2
0 0.625 -0.255 0.001247589174 2
0 0.625 -0.245 0.001224866777 2
0 0.625 -0.235 0.001195169911 2
0 0.625 -0.225 0.001158665003 2
0 0.625 -0.215 0.001115382104 2
0 0.625 -0.205 0.001066535857 2
0 0.625 -0.195 0.001009772897 2
0 0.625 -0.185 0.0009479353249 2
0 0.625 -0.175 0.0008869687762 2
0 0.625 -0.165 0.0008267274221 2
0 0.625 -0.155 0.0007567878618 1
0 0.625 -0.145 0.0006990139752 1
0 0.625 -0.135 0.0006517817081 1
0 0.625 -0.125 0.0006083305003 1
0 0.625 -0.115 0.0005614620349 1
0 0.625 -0.105 0.0005161105111 1
0 0.625 -0.095 0.0004754543591 1
0 0.625 -0.085 0.0004380634728 1
0 0.625 -0.075 0.0003990442541 1
0 0.625 -0.065 0.0003601578235 1
0 0.625 -0.055 0.0003208218797 1
0 0.625 -0.045 0.0002845308603 1
0 0.625 -0.035 0.000243925538 1
0 0.625 -0.025 0.0001899884063 2
0 0.625 -0.015 0.0001310124593 2
0 0.625 -0.005 7.033516326e-05 2
0 0.625 0.005 1.301649669e-05 2
0 0.625 0.015 -4.437699686e-05 2
0 0.625 0.025 -0.000101514148 2
0 0.625 0.035 -0.0001585813555 2
0 0.625 0.045 -0.0002154571793 2
0 0.625 0.055 -0.0002720667321 2
0 0.625 0.065 -0.0003282738634 2
0 0.625 0.075 -0.0003839125033 2
0 0.625 0.085 -0.0004385384141 2
0 0.625 0.095 -0.0004915362961 2
0 0.625 0.105 -0.0005411198275 2
0 0.625 0.115 -0.0005836943383 2
0 0.625 0.125 -0.0006210763158 2
0 0.625 0.135 -0.0006498193849 2
0 0.625 0.145 -0.0006717841702 1
0 0.625 0.155 -0.0006879936559 1
0 0.625 0.165 -0.0007047399795 1
0 0.625 0.175 -0.0007222951003 1
0 0.625 0.185 -0.0007378326706 1
0 0.625 0.195 -0.0007508874713 1
0 0.625 0.205 -0.0007679759857 1
0 0.625 0.215 -0.0007925254568 1
0 0.625 0.225 -0.0008255792887 2
0 0.625 0.235 -0.0008554288002 2
0 0.625 0.245 -0.0008892837805 2
0 0.625 0.255 -0.0009235671234 2
0 0.625 0.265 -0.0009508355027 2
0 0.625 0.275 -0.0009688307344 2
0 0.625 0.285 -0.0009867391642 2
0 0.625 0.295 -0.001005931479 2
0 0.625 0.305 -0.001018360372 2
0 0.625 0.315 -0.001027149826 2
0 0.625 0.325 -0.001029251029 2
0 0.625 0.335 -0.001023833646 2
0 0.625 0.345 -0.001011142406 2
0 0.625 0.355 -0.0009914409587 2
0 0.625 0.365 -0.0009651284382 2
0 0.625 0.375 -0.0009325027162 2
0 0.625 0.385 -0.0008937960978 2
0 0.625 0.395 -0.0008491755236 2
0 0.625 0.405 -0.0007987756868 2
0 0.625 0.415 -0.00074272774 2
0 0.625 0.425 -0.0006811729516 2
0 0.625 0.435 -0.0006143185158 2
0 0.625 0.445 -0.0005422700047 2
0 0.625 0.455 -0.0004655776151 2
0 0.625 0.465 -0.0003827246589 2
0 0.625 0.475 -0.0002970706098 2
0 0.625 0.485 -0.0001914053461 2
0 0.625 0.495 -9.994352439e-05 1
0 0.625 0.505 0 1
0 0.625 0.515 0 1
0 0.625 0.525 0 1
0 0.625 0.535 0 1
0 0.625 0.545 0 1
0 0.625 0.555 0 1
0 0.625 0.565 0 1
0 0.635 -0.555 0 1
0 0.635 -0.545 0 1
0 0.635 -0.535 0 1
0 0.635 -0.525 0 2
0 0.635 -0.515 0 2
0 0.635 -0.505 0 2
0 0.635 -0.495 0.000193760992 2
0 0.635 -0.485 0.0003144333689 2
0 0.635 -0.475 0.0004507934383 2
0 0.635 -0.465 0.0005755648277 2
0 0.635 -0.455 0.000698932082 2
0 0.635 -0.445 0.0008181740202 2
0 0.635 -0.435 0.0009339494359 2
0 0.635 -0.425 0.001045061595 2
0 0.635 -0.415 0.001150224153 2
0 0.635 -0.405 0.001247667444 2
0 0.635 -0.395 0.001335619699 2
0 0.635 -0.385 0.001412671243 2
0 0.635 -0.375 0.001478197329 2
0 0.635 -0.365 0.001532549519 2
0 0.635 -0.355 0.001576925518 2
0 0.635 -0.345 0.001612942394 2
0 0.635 -0.335 0.001642110703 2
0 0.635 -0.325 0.001665455369 2
0 0.635 -0.315 0.001683403185 2
0 0.635 -0.305 0.001695886558 2
0 0.635 -0.295 0.001702531719 2
0 0.635 -0.285 0.001702833666 2
0 0.635 -0.275 0.001696284872 2
0 0.635 -0.265 0.001682451725 2
0 0.635 -0.255 0.001661022141 2
0 0.635 -0.245 0.001631835991 2
0 0.635 -0.235 0.001594891875 2
0 0.635 -0.225 0.001550449393 2
0 0.635 -0.215 0.001498662186 2
0 0.635 -0.205 0.001440089736 2
0 0.635 -0.195 0.001375967593 2
0 0.635 -0.185 0.001302196793 2
0 0.635 -0.175 0.001219773635 2
0 0.635 -0.165 0.001134411464 2
0 0.635 -0.155 0.001046582334 2
0 0.635 -0.145 0.000949875473 1
0 0.635 -0.135 0.000871419137 1
0 0.635 -0.125 0.0008018867609 1
0 0.635 -0.115 0.0007346654126 1
0 0.635 -0.105 0.0006705372973 1
0 0.635 -0.095 0.0006127545504 1
0 0.635 -0.085 0.0005584692527 1
0 0.635 -0.075 0.0005020371305 1
0 0.635 -0.065 0.0004466251712 1
0 0.635 -0.055 0.0003915445568 1
0 0.635 -0.045 0.0003401497261 1
0 0.635 -0.035 0.0002846465848 1
0 0.635 -0.025 0.0002151389204 2
0 0.635 -0.015 0.0001406413704 2
0 0.635 -0.005 6.500834802e-05 2
0 0.635 0.005 -8.500512661e-06 2
0 0.635 0.015 -8.245687637e-05 2
0 0.635 0.025 -0.0001564675293 2
0 0.635 0.035 -0.0002305104241 2
0 0.635 0.045 -0.0003043473034 2
0 0.635 0.055 -0.0003778192284 2
0 0.635 0.065 -0.0004507670793 2
0 0.635 0.075 -0.0005231266993 2
0 0.635 0.085 -0.0005946280039 2
0 0.635 0.095 -0.0006655369331 2
0 0.635 0.105 -0.000733790882 2
0 0.635 0.115 -0.0008006516938 2
0 0.635 0.125 -0.0008573320086 2
0 0.635 0.135 -0.0009022833787 2
0 0.635 0.145 -0.0009424392242 1
0 0.635 0.155 -0.0009733129629 1
0 0.635 0.165 -0.0009992167747 1
0 0.635 0.175 -0.001028251364 1
0 0.635 0.185 -0.001057633906 1
0 0.635 0.195 -0.001082342634 1
0 0.635 0.205 -0.001120651219 1
0 0.635 0.215 -0.001169088282 1
0 0.635 0.225 -0.001216855811 2
0 0.635 0.235 -0.001267234048 2
0 0.635 0.245 -0.001326957046 2
0 0.635 0.255 -0.001366894229 2
0 0.635 0.265 -0.001396135885 2
0 0.635 0.275 -0.001414280532 2
0 0.635 0.285 -0.001425252987 2
0 0.635 0.295 -0.001432625729 2
0 0.635 0.305 -0.001437487658 2
0 0.635 0.315 -0.001437799263 2
0 0.635 0.325 -0.001431390073 2
0 0.635 0.335 -0.001417288467 2
0 0.635 0.345 -0.001395006681 2
0 0.635 0.355 -0.001364412729 2
0 0.635 0.365 -0.001325578053 2
0 0.635 0.375 -0.001278607001 2
0 0.635 0.385 -0.001223605667 2
0 0.635 0.395 -0.001160653724 2
0 0.635 0.405 -0.00108980874 2
0 0.635 0.415 -0.001011112626 2
0 0.635 0.425 -0.0009245992808 2
0 0.635 0.435 -0.0008303053134 2
0 0.635 0.445 -0.0007282366485 2
0 0.635 0.455 -0.0006184689029 2
0 0.635 0.465 -0.0005006032558 2
0 0.635 0.475 -0.0003734105825 2
0 0.635 0.485 -0.0002397205504 2
0 0.635 0.495 -0.0001296335239 1
0 0.635 0.505 0 1
0 0.635 0.515 0 1
0 0.635 0.525 0 1
0 0.635 0.535 0 1
0 0.635 0.545 0 1
0 0.635 0.555 0 1
0 0.635 0.565 0 1
0 0.645 -0.555 0 1
0 0.645 -0.545 0 1
0 0.645 -0.535 0 1
0 0.645 -0.525 0 2
0 0.645 -0.515 0 2
0 0.645 -0.505 0 2
0 0.645 -0.495 0.0002459812095 2
0 0.645 -0.485 0.0004004565058 2
0 0.645 -0.475 0.0005748071303 2
0 0.645 -0.465 0.0007335479281 2
0 0.645 -0.455 0.0008889949126 2
0 0.645 -0.445 0.001037434239 2
0 0.645 -0.435 0.001179775964 2
0 0.645 -0.425 0.001314835351 2
0 0.645 -0.415 0.001441595877 2
0 0.645 -0.405 0.001558656509 2
0 0.645 -0.395 0.001664698159 2
0 0.645 -0.385 0.001758698074 2
0 0.645 -0.375 0.001840206415 2
0 0.645 -0.365 0.001909450794 2
0 0.645 -0.355 0.001967250952 2
0 0.645 -0.345 0.002014755873 2
0 0.645 -0.335 0.002053115209 2
0 0.645 -0.325 0.002083218239 2
0 0.645 -0.315 0.002105577604 2
0 0.645 -0.305 0.002120349451 2
0 0.645 -0.295 0.002127431471 2
0 0.645 -0.285 0.002126580468 2
0 0.645 -0.275 0.002117516001 2
0 0.645 -0.265 0.002099997307 2
0 0.645 -0.255 0.002073876403 2
0 0.645 -0.245 0.002039138563 2
0 0.645 -0.235 0.001995904891 2
0 0.645 -0.225 0.00194447179 2
0 0.645 -0.215 0.001885224179 2
0 0.645 -0.205 0.001818550357 2
0 0.645 -0.195 0.001744933064 2
0 0.645 -0.185 0.001664808902 2
0 0.645 -0.175 0.001573382952 2
0 0.645 -0.165 0.001471541499 2
0 0.645 -0.155 0.001369908098 2
0 0.645 -0.145 0.001267096073 2
0 0.645 -0.135 0.00115918037 2
0 0.645 -0.125 0.001051605224 2
0 0.645 -0.115 0.0009503796237 2
0 0.645 -0.105 0.0008512509308 1
0 0.645 -0.095 0.0007700173612 1
0 0.645 -0.085 0.0006931829243 1
0 0.645 -0.075 0.0006173540649 1
0 0.645 -0.065 0.0005443138663 1
0 0.645 -0.055 0.0004747725877 1
0 0.645 -0.045 0.0004086273455 1
0 0.645 -0.035 0.0003330348892 2
0 0.645 -0.025 0.0002482219497 2
0 0.645 -0.015 0.0001579449873 2
0 0.645 -0.005 6.628795057e-05 2
0 0.645 0.005 -2.482794846e-05 2
0 0.645 0.015 -0.000116391344 2
0 0.645 0.025 -0.0002079371694 2
0 0.645 0.035 -0.0002993323208 2
0 0.645 0.045 -0.0003902959155 2
0 0.645 0.055 -0.0004806357355 2
0 0.645 0.065 -0.0005702028328 2
0 0.645 0.075 -0.0006590427361 2
0 0.645 0.085 -0.0007471357357 2
0 0.645 0.095 -0.0008356083902 2
0 0.645 0.105 -0.0009227917737 2
0 0.645 0.115 -0.00101649212 2
0 0.645 0.125 -0.001094278445 2
0 0.645 0.135 -0.001155525545 2
0 0.645 0.145 -0.001214768991 1
0 0.645 0.155 -0.001258467638 1
0 0.645 0.165 -0.0012928015 1
0 0.645 0.175 -0.001334285883 1
0 0.645 0.185 -0.001378700469 1
0 0.645 0.195 -0.001417933214 1
0 0.645 0.205 -0.001470150061 1
0 0.645 0.215 -0.001539695976 2
0 0.645 0.225 -0.001597648836 2
0 0.645 0.235 -0.001660257189 2
0 0.645 0.245 -0.001729441033 2
0 0.645 0.255 -0.00177862905 2
0 0.645 0.265 -0.001814574051 2
0 0.645 0.275 -0.001836813745 2
0 0.645 0.285 -0.001849223721 2
0 0.645 0.295 -0.001854592438 2
0 0.645 0.305 -0.001854049191 2
0 0.645 0.315 -0.001846974226 2
0 0.645 0.325 -0.001832281262 2
0 0.645 0.335 -0.001809083251 2
0 0.645 0.345 -0.001776683592 2
0 0.645 0.355 -0.001734721397 2
0 0.645 0.365 -0.001683026074 2
0 0.645 0.375 -0.001621523411 2
0 0.645 0.385 -0.001550181094 2
0 0.645 0.395 -0.001468970123 2
0 0.645 0.405 -0.001377849401 2
0 0.645 0.415 -0.001276752122 2
0 0.645 0.425 -0.001165587597 2
0 0.645 0.435 -0.001044196286 2
0 0.645 0.445 -0.000912488754 2
0 0.645 0.455 -0.0007699504834 2
0 0.645 0.465 -0.000617766561 2
0 0.645 0.475 -0.0004520921468 2
0 0.645 0.485 -0.000290987577 2
0 0.645 0.495 -0.0001603388533 1
0 0.645 0.505 0 1
0 0.645 0.515 0 1
0 0.645 0.525 0 1
0 0.645 0.535 0 1
0 0.645 0.545 0 1
0 0.645 0.555 0 1
0 0.645 0.565 0 1
0 0.655 -0.555 0 1
0 0.655 -0.545 0 1
0 0.655 -0.535 0 1
0 0.655 -0.525 0 2
0 0.655 -0.515 0 2
0 0.655 -0.505 0 2
0 0.655 -0.495 0.0002967834677 2
0 0.655 -0.485 0.0004838251616 2
0 0.655 -0.475 0.0006947611454 2
0 0.655 -0.465 0.0008862589332 2
0 0.655 -0.455 0.001072765815 2
0 0.655 -0.445 0.00124961093 2
0 0.655 -0.435 0.001417940679 2
0 0.655 -0.425 0.001576588751 2
0 0.655 -0.415 0.00172478706 2
0 0.655 -0.405 0.001861435791 2
0 0.655 -0.395 0.00198555918 2
0 0.655 -0.385 0.002096411529 2
0 0.655 -0.375 0.00219366647 2
0 0.655 -0.365 0.002277474069 2
0 0.655 -0.355 0.002348406983 2
0 0.655 -0.345 0.002407296664 2
0 0.655 -0.335 0.002455025694 2
0 0.655 -0.325 0.002492349437 2
0 0.655 -0.315 0.00251979651 2
0 0.655 -0.305 0.002537654238 2
0 0.655 -0.295 0.002546014597 2
0 0.655 -0.285 0.002544848113 2
0 0.655 -0.275 0.002534080722 2
0 0.655 -0.265 0.002513660014 2
0 0.655 -0.255 0.002483605169 2
0 0.655 -0.245 0.002444045154 2
0 0.655 -0.235 0.002395230861 2
0 0.655 -0.225 0.002337539206 2
0 0.655 -0.215 0.002271468866 2
0 0.655 -0.205 0.002197475138 2
0 0.655 -0.195 0.002115852916 2
0 0.655 -0.185 0.002026812197 2
0 0.655 -0.175 0.001931117731 2
0 0.655 -0.165 0.001823938784 2
0 0.655 -0.155 0.001712530246 2
0 0.655 -0.145 0.001597962591 2
0 0.655 -0.135 0.001476679679 2
0 0.655 -0.125 0.001345980699 2
0 0.655 -0.115 0.001220797681 2
0 0.655 -0.105 0.001103979266 2
0 0.655 -0.095 0.0009907090616 2
0 0.655 -0.085 0.0008828083813 2
0 0.655 -0.075 0.0007810553656 2
0 0.655 -0.065 0.0006833726096 2
0 0.655 -0.055 0.0005903878394 2
0 0.655 -0.045 0.0004976085801 2
0 0.655 -0.035 0.0003995742569 2
0 0.655 -0.025 0.0002953523434 2
0 0.655 -0.015 0.0001856367475 2
0 0.655 -0.005 7.470578861e-05 2
0 0.655 0.005 -3.573425838e-05 2
0 0.655 0.015 -0.0001460245867 2
0 0.655 0.025 -0.0002558358957 2
0 0.655 0.035 -0.0003650401056 2
0 0.655 0.045 -0.0004733867774 2
0 0.655 0.055 -0.0005806850315 2
0 0.655 0.065 -0.000686791591 2
0 0.655 0.075 -0.0007917774605 2
0 0.655 0.085 -0.0008957723702 2
0 0.655 0.095 -0.001000191665 2
0 0.655 0.105 -0.001104385144 2
0 0.655 0.115 -0.001220062654 2
0 0.655 0.125 -0.001319622321 2
0 0.655 0.135 -0.001402084709 1
0 0.655 0.145 -0.001472291348 1
0 0.655 0.155 -0.001529150368 1
0 0.655 0.165 -0.001577701834 1
0 0.655 0.175 -0.001633500938 1
0 0.655 0.185 -0.00168957522 1
0 0.655 0.195 -0.001748422335 1
0 0.655 0.205 -0.001817035011 1
0 0.655 0.215 -0.001896148156 2
0 0.655 0.225 -0.001969649754 2
0 0.655 0.235 -0.002048889642 2
0 0.655 0.245 -0.002120968209 2
0 0.655 0.255 -0.002178057907 2
0 0.655 0.265 -0.002220463484 2
0 0.655 0.275 -0.00224789273 2
0 0.655 0.285 -0.002262966633 2
0 0.655 0.295 -0.002267754831 2
0 0.655 0.305 -0.002263577967 2
0 0.655 0.315 -0.002250651881 2
0 0.655 0.325 -0.002228520468 2
0 0.655 0.335 -0.002196510463 2
0 0.655 0.345 -0.002154030609 2
0 0.655 0.355 -0.002100651875 2
0 0.655 0.365 -0.002036080274 2
0 0.655 0.375 -0.001960119869 2
0 0.655 0.385 -0.001872628837 2
0 0.655 0.395 -0.001773485418 2
0 0.655 0.405 -0.001662565773 2
0 0.655 0.415 -0.001539720107 2
0 0.655 0.425 -0.00140477331 2
0 0.655 0.435 -0.001257439671 2
0 0.655 0.445 -0.001097587233 2
0 0.655 0.455 -0.0009242851781 2
0 0.655 0.465 -0.0007397115357 2
0 0.655 0.475 -0.000538140041 2
0 0.655 0.485 -0.0003444241854 2
0 0.655 0.495 -0.00019082357 1
0 0.655 0.505 0 1
0 0.655 0.515 0 1
0 0.655 0.525 0 1
0 0.655 0.535 0 1
0 0.655 0.545 0 1
0 0.655 0.555 0 1
0 0.655 0.565 0 2
0 0.665 -0.555 0 1
0 0.665 -0.545 0 1
0 0.665 -0.535 0 2
0 0.665 -0.525 0 2
0 0.665 -0.515 0 2
0 0.665 -0.505 0 2
0 0.665 -0.495 0.0003460584183 2
0 0.665 -0.485 0.0005644592284 2
0 0.665 -0.475 0.000810599477 2
0 0.665 -0.465 0.001033640154 2
0 0.665 -0.455 0.001250157973 2
0 0.665 -0.445 0.001454582433 2
0 0.665 -0.435 0.001648292802 2
0 0.665 -0.425 0.001830130699 2
0 0.665 -0.415 0.00199953571 2
0 0.665 -0.405 0.002155640797 2
0 0.665 -0.395 0.002297725076 2
0 0.665 -0.385 0.002425241314 2
0 0.665 -0.375 0.002537953643 2
0 0.665 -0.365 0.002635967817 2
0 0.665 -0.355 0.002719698516 2
0 0.665 -0.345 0.002789765707 2
0 0.665 -0.335 0.00284686141 2
0 0.665 -0.325 0.002891627986 2
0 0.665 -0.315 0.002924579951 2
0 0.665 -0.305 0.002946078566 2
0 0.665 -0.295 0.002956350071 2
0 0.665 -0.285 0.002955530108 2
0 0.665 -0.275 0.002943717572 2
0 0.665 -0.265 0.002921026348 2
0 0.665 -0.255 0.002887627502 2
0 0.665 -0.245 0.002843780308 2
0 0.665 -0.235 0.002789847851 2
0 0.665 -0.225 0.002726291947 2
0 0.665 -0.215 0.002653649948 2
0 0.665 -0.205 0.002572497449 2
0 0.665 -0.195 0.00248331587 2
0 0.665 -0.185 0.002386353588 2
0 0.665 -0.175 0.002282406259 2
0 0.665 -0.165 0.002172253834 2
0 0.665 -0.155 0.002055377534 2
0 0.665 -0.145 0.001930204167 2
0 0.665 -0.135 0.001796854436 2
0 0.665 -0.125 0.001653076756 2
0 0.665 -0.115 0.001509489896 2
0 0.665 -0.105 0.001371043252 2
0 0.665 -0.095 0.001235567971 2
0 0.665 -0.085 0.001102783942 2
0 0.665 -0.075 0.0009743562714 2
0 0.665 -0.065 0.0008493979566 2
0 0.665 -0.055 0.0007291175582 2
0 0.665 -0.045 0.0006075761372 2
0 0.665 -0.035 0.0004814053926 2
0 0.665 -0.025 0.0003511653261 2
0 0.665 -0.015 0.0002191210778 2
0 0.665 -0.005 8.808630246e-05 2
0 0.665 0.005 -4.244097234e-05 2
0 0.665 0.015 -0.0001720674835 2
0 0.665 0.025 -0.0003006240601 2
0 0.665 0.035 -0.0004279882284 2
0 0.665 0.045 -0.0005539636067 2
0 0.665 0.055 -0.0006783695357 2
0 0.665 0.065 -0.0008010435259 2
0 0.665 0.075 -0.0009219671213 2
0 0.665 0.085 -0.001041204073 2
0 0.665 0.095 -0.001159653552 2
0 0.665 0.105 -0.001277512157 2
0 0.665 0.115 -0.001401909751 2
0 0.665 0.125 -0.001522167651 2
0 0.665 0.135 -0.00162988756 1
0 0.665 0.145 -0.001712811458 1
0 0.665 0.155 -0.001782279688 1
0 0.665 0.165 -0.001851219749 1
0 0.665 0.175 -0.001918242547 1
0 0.665 0.185 -0.001985384221 1
0 0.665 0.195 -0.002064112636 1
0 0.665 0.205 -0.002147548867 1
0 0.665 0.215 -0.00223614191 2
0 0.665 0.225 -0.002329125082 2
0 0.665 0.235 -0.002427548678 2
0 0.665 0.245 -0.00250373563 2
0 0.665 0.255 -0.002567624746 2
0 0.665 0.265 -0.00261535653 2
0 0.665 0.275 -0.002647383939 2
0 0.665 0.285 -0.002665162287 2
0 0.665 0.295 -0.00267022803 2
0 0.665 0.305 -0.00266373793 2
0 0.665 0.315 -0.002646152118 2
0 0.665 0.325 -0.002617404103 2
0 0.665 0.335 -0.00257714361 2
0 0.665 0.345 -0.002524943192 2
0 0.665 0.355 -0.002460408758 2
0 0.665 0.365 -0.002383216464 2
0 0.665 0.375 -0.002293111818 2
0 0.665 0.385 -0.002189889744 2
0 0.665 0.395 -0.002073373621 2
0 0.665 0.405 -0.001943398181 2
0 0.665 0.415 -0.001799788773 2
0 0.665 0.425 -0.001642367675 2
0 0.665 0.435 -0.001470866706 2
0 0.665 0.445 -0.001285213173 2
0 0.665 0.455 -0.001084494374 2
0 0.665 0.465 -0.0008708217339 2
0 0.665 0.475 -0.0006362306696 2
0 0.665 0.485 -0.0004070781398 2
0 0.665 0.495 -0.0002245651513 1
0 0.665 0.505 0 1
0 0.665 0.515 0 1
0 0.665 0.525 0 1
0 0.665 0.535 0 1
0 0.665 0.545 0 2
0 0.665 0.555 0 2
0 0.665 0.565 0 2
0 0.675 -0.555 0 1
0 0.675 -0.545 0 1
0 0.675 -0.535 0 2
0 0.675 -0.525 0 2
0 0.675 -0.515 0 2
0 0.675 -0.505 0 2
0 0.675 -0.495 0.0003937074739 2
0 0.675 -0.485 0.000642274433 2
0 0.675 -0.475 0.0009222567525 2
0 0.675 -0.465 0.001175631284 2
0 0.675 -0.455 0.001421089614 2
0 0.675 -0.445 0.001652222198 2
0 0.675 -0.435 0.001870639093 2
0 0.675 -0.425 0.002075174954 2
0 0.675 -0.415 0.002265435758 2
0 0.675 -0.405 0.002440728557 2
0 0.675 -0.395 0.002600520798 2
0 0.675 -0.385 0.002744409773 2
0 0.675 -0.375 0.002872229244 2
0 0.675 -0.365 0.002984063195 2
0 0.675 -0.355 0.003080226877 2
0 0.675 -0.345 0.003161200236 2
0 0.675 -0.335 0.003227541559 2
0 0.675 -0.325 0.003279804559 2
0 0.675 -0.315 0.003318479808 2
0 0.675 -0.305 0.003343968904 2
0 0.675 -0.295 0.003356588952 2
0 0.675 -0.285 0.003356598259 2
0 0.675 -0.275 0.003344232573 2
0 0.675 -0.265 0.003319742899 2
0 0.675 -0.255 0.003283428232 2
0 0.675 -0.245 0.003235659054 2
0 0.675 -0.235 0.003176888988 2
0 0.675 -0.225 0.003107649487 2
0 0.675 -0.215 0.003028525926 2
0 0.675 -0.205 0.002940115569 2
0 0.675 -0.195 0.002843031342 2
0 0.675 -0.185 0.002737711533 2
0 0.675 -0.175 0.002624628201 2
0 0.675 -0.165 0.002504111171 2
0 0.675 -0.155 0.002376010403 2
0 0.675 -0.145 0.00223950918 2
0 0.675 -0.135 0.002094930728 2
0 0.675 -0.125 0.001944368319 2
0 0.675 -0.115 0.001790443527 2
0 0.675 -0.105 0.00163520796 2
0 0.675 -0.095 0.001479850673 2
0 0.675 -0.085 0.001324805873 2
0 0.675 -0.075 0.001170793903 2
0 0.675 -0.065 0.001018257557 2
0 0.675 -0.055 0.0008665851866 2
0 0.675 -0.045 0.0007148236463 2
0 0.675 -0.035 0.0005623464464 2
0 0.675 -0.025 0.0004092620026 2
0 0.675 -0.015 0.0002563295793 2
0 0.675 -0.005 0.0001042785636 2
0 0.675 0.005 -4.645130421e-05 2
0 0.675 0.015 -0.0001955871735 2
0 0.675 0.025 -0.0003430446076 2
0 0.675 0.035 -0.0004887277655 2
0 0.675 0.045 -0.0006325018229 2
0 0.675 0.055 -0.0007742090525 2
0 0.675 0.065 -0.0009136717716 2
0 0.675 0.075 -0.001050758623 2
0 0.675 0.085 -0.001185401669 2
0 0.675 0.095 -0.001317848561 2
0 0.675 0.105 -0.00144893551 2
0 0.675 0.115 -0.001580667809 2
0 0.675 0.125 -0.001720634703 2
0 0.675 0.135 -0.001850308514 1
0 0.675 0.145 -0.001944295778 1
0 0.675 0.155 -0.002027216871 1
0 0.675 0.165 -0.002112380754 1
0 0.675 0.175 -0.002191206468 1
0 0.675 0.185 -0.002275560262 1
0 0.675 0.195 -0.002371828392 1
0 0.675 0.205 -0.002479575482 2
0 0.675 0.215 -0.00257836642 2
0 0.675 0.225 -0.002687222992 2
0 0.675 0.235 -0.002794511116 2
0 0.675 0.245 -0.002879239958 2
0 0.675 0.255 -0.00294884974 2
0 0.675 0.265 -0.00300093201 2
0 0.675 0.275 -0.003036503365 2
0 0.675 0.285 -0.00305635009 2
0 0.675 0.295 -0.003061596688 2
0 0.675 0.305 -0.003053148862 2
0 0.675 0.315 -0.003031510568 2
0 0.675 0.325 -0.002996802834 2
0 0.675 0.335 -0.002948877569 2
0 0.675 0.345 -0.002887451779 2
0 0.675 0.355 -0.002812206353 2
0 0.675 0.365 -0.002722839921 2
0 0.675 0.375 -0.002619088821 2
0 0.675 0.385 -0.002500729068 2
0 0.675 0.395 -0.002367571435 2
0 0.675 0.405 -0.002219457063 2
0 0.675 0.415 -0.002056252938 2
0 0.675 0.425 -0.001877872866 2
0 0.675 0.435 -0.001684249081 2
0 0.675 0.445 -0.001475581918 2
0 0.675 0.455 -0.001251827019 2
0 0.675 0.465 -0.001015143344 2
0 0.675 0.475 -0.0007640475074 2
0 0.675 0.485 -0.0005123853086 2
0 0.675 0.495 -0.0003041226404 2
0 0.675 0.505 0 2
0 0.675 0.515 0 1
0 0.675 0.525 0 2
0 0.675 0.535 0 2
0 0.675 0.545 0 2
0 0.675 0.555 0 2
0 0.675 0.565 0 2
0 0.685 -0.555 0 1
0 0.685 -0.545 0 2
0 0.685 -0.535 0 2
0 0.685 -0.525 0 2
0 0.685 -0.515 0 2
0 0.685 -0.505 0 2
0 0.685 -0.495 0.0004396364047 2
0 0.685 -0.485 0.0007171718716 2
0 0.685 -0.475 0.001029634882 2
0 0.685 -0.465 0.001312129289 2
0 0.685 -0.455 0.001585428765 2
0 0.685 -0.445 0.001842340835 2
0 0.685 -0.435 0.002084703549 2
0 0.685 -0.425 0.002311332334 2
0 0.685 -0.415 0.002521964946 2
0 0.685 -0.405 0.002716036628 2
0 0.685 -0.395 0.002893154408 2
0 0.685 -0.385 0.003053022558 2
0 0.685 -0.375 0.00319553029 2
0 0.685 -0.365 0.003320754513 2
0 0.685 -0.355 0.003428949507 2
0 0.685 -0.345 0.003520503365 2
0 0.685 -0.335 0.003595881595 2
0 0.685 -0.325 0.00365557078 2
0 0.685 -0.315 0.003700036127 2
0 0.685 -0.305 0.003729699397 2
0 0.685 -0.295 0.003744937405 2
0 0.685 -0.285 0.003746096394 2
0 0.685 -0.275 0.003733515607 2
0 0.685 -0.265 0.003707553437 2
0 0.685 -0.255 0.003668610733 2
0 0.685 -0.245 0.003617146985 2
0 0.685 -0.235 0.003553686414 2
0 0.685 -0.225 0.003478811822 2
0 0.685 -0.215 0.003393146168 2
0 0.685 -0.205 0.003297313836 2
0 0.685 -0.195 0.003191921922 2
0 0.685 -0.185 0.003077515296 2
0 0.685 -0.175 0.002954498803 2
0 0.685 -0.165 0.002823010987 2
0 0.685 -0.155 0.002682972079 2
0 0.685 -0.145 0.002534198837 2
0 0.685 -0.135 0.002377188359 2
0 0.685 -0.125 0.002213446377 2
0 0.685 -0.115 0.002044923877 2
0 0.685 -0.105 0.001873148806 2
0 0.685 -0.095 0.001699098545 2
0 0.685 -0.085 0.001523542831 2
0 0.685 -0.075 0.001347371312 2
0 0.685 -0.065 0.001171239448 2
0 0.685 -0.055 0.0009952707146 2
0 0.685 -0.045 0.000819317765 2
0 0.685 -0.035 0.0006434257257 2
0 0.685 -0.025 0.0004680199407 2
0 0.685 -0.015 0.000293756944 2
0 0.685 -0.005 0.000121200978 2
0 0.685 0.005 -4.934356267e-05 2
0 0.685 0.015 -0.0002177214541 2
0 0.685 0.025 -0.0003838939757 2
0 0.685 0.035 -0.0005478139168 2
0 0.685 0.045 -0.0007094166745 2
0 0.685 0.055 -0.000868595842 2
0 0.685 0.065 -0.001025199233 2
0 0.685 0.075 -0.001179045928 2
0 0.685 0.085 -0.001329986107 2
0 0.685 0.095 -0.001477846855 2
0 0.685 0.105 -0.00162339437 2
0 0.685 0.115 -0.001765734167 2
0 0.685 0.125 -0.001915621427 2
0 0.685 0.135 -0.002057487859 2
0 0.685 0.145 -0.002173878373 1
0 0.685 0.155 -0.002271106353 1
0 0.685 0.165 -0.002367291579 1
0 0.685 0.175 -0.002465026113 1
0 0.685 0.185 -0.002573090359 1
0 0.685 0.195 -0.002700058289 2
0 0.685 0.205 -0.002816100706 2
0 0.685 0.215 -0.00293472737 2
0 0.685 0.225 -0.003053261357 2
0 0.685 0.235 -0.003160403758 2
0 0.685 0.245 -0.003249574347 2
0 0.685 0.255 -0.003322340645 2
0 0.685 0.265 -0.003377232484 2
0 0.685 0.275 -0.003414987156 2
0 0.685 0.285 -0.003435981288 2
0 0.685 0.295 -0.003440957511 2
0 0.685 0.305 -0.003430539354 2
0 0.685 0.315 -0.003405142856 2
0 0.685 0.325 -0.00336492898 2
0 0.685 0.335 -0.003309849242 2
0 0.685 0.345 -0.003239720903 2
0 0.685 0.355 -0.003154297224 2
0 0.685 0.365 -0.003053317708 2
0 0.685 0.375 -0.002936538075 2
0 0.685 0.385 -0.002803746171 2
0 0.685 0.395 -0.002654771686 2
0 0.685 0.405 -0.00248949587 2
0 0.685 0.415 -0.002307868193 2
0 0.685 0.425 -0.002109938245 2
0 0.685 0.435 -0.001895909228 2
0 0.685 0.445 -0.001666259541 2
0 0.685 0.455 -0.001421935072 2
0 0.685 0.465 -0.001164427724 2
0 0.685 0.475 -0.0008992090759 2
0 0.685 0.485 -0.0006204545537 2
0 0.685 0.495 -0.0003759512817 2
0 0.685 0.505 0 2
0 0.685 0.515 0 2
0 0.685 0.525 0 2
0 0.685 0.535 0 2
0 0.685 0.545 0 2
0 0.685 0.555 0 2
0 0.685 0.565 0 2
0 0.695 -0.555 0 2
0 0.695 -0.545 0 2
0 0.695 -0.535 0 2
0 0.695 -0.525 0 2
0 0.695 -0.515 0 2
0 0.695 -0.505 0 2
0 0.695 -0.495 0.0004837509191 2
0 0.695 -0.485 0.0007890356974 2
0 0.695 -0.475 0.001132598866 2
0 0.695 -0.465 0.001442977518 2
0 0.695 -0.455 0.001742977095 2
0 0.695 -0.445 0.002024672795 2
0 0.695 -0.435 0.002290126408 2
0 0.695 -0.425 0.002538125499 2
0 0.695 -0.415 0.002768513036 2
0 0.695 -0.405 0.002980818816 2
0 0.695 -0.395 0.003174754888 2
0 0.695 -0.385 0.003350106709 2
0 0.695 -0.375 0.003506809274 2
0 0.695 -0.365 0.003644941831 2
0 0.695 -0.355 0.003764722776 2
0 0.695 -0.345 0.003866480386 2
0 0.695 -0.335 0.003950615842 2
0 0.695 -0.325 0.004017565197 2
0 0.695 -0.315 0.004067769579 2
0 0.695 -0.305 0.004101658202 2
0 0.695 -0.295 0.004119645077 2
0 0.695 -0.285 0.004122136945 2
0 0.695 -0.275 0.004109548169 2
0 0.695 -0.265 0.004082317838 2
0 0.695 -0.255 0.004040924828 2
0 0.695 -0.245 0.003985897277 2
0 0.695 -0.235 0.00391781394 2
0 0.695 -0.225 0.003837295283 2
0 0.695 -0.215 0.003744986466 2
0 0.695 -0.205 0.003641526846 2
0 0.695 -0.195 0.003527517096 2
0 0.695 -0.185 0.003403475101 2
0 0.695 -0.175 0.003269796533 2
0 0.695 -0.165 0.003126711789 2
0 0.695 -0.155 0.002974352623 2
0 0.695 -0.145 0.002812938853 2
0 0.695 -0.135 0.002643045875 2
0 0.695 -0.125 0.002465716442 2
0 0.695 -0.115 0.002282287313 2
0 0.695 -0.105 0.002094029016 2
0 0.695 -0.095 0.001902009631 2
0 0.695 -0.085 0.001707215569 2
0 0.695 -0.075 0.001510593739 2
0 0.695 -0.065 0.001312961854 2
0 0.695 -0.055 0.001114945636 2
0 0.695 -0.045 0.0009170372312 2
0 0.695 -0.035 0.0007197374771 2
0 0.695 -0.025 0.0005236298248 2
0 0.695 -0.015 0.0003292952279 2
0 0.695 -0.005 0.0001371881884 2
0 0.695 0.005 -5.242633377e-05 2
0 0.695 0.015 -0.0002394344042 2
0 0.695 0.025 -0.0004238262166 2
0 0.695 0.035 -0.0006056340148 2
0 0.695 0.045 -0.0007848861395 2
0 0.695 0.055 -0.0009615720328 2
0 0.695 0.065 -0.001135630513 2
0 0.695 0.075 -0.001306945493 2
0 0.695 0.085 -0.001475425108 2
0 0.695 0.095 -0.001640921288 2
0 0.695 0.105 -0.001804001436 2
0 0.695 0.115 -0.001964633775 2
0 0.695 0.125 -0.002126371255 2
0 0.695 0.135 -0.002279605763 2
0 0.695 0.145 -0.002412594182 1
0 0.695 0.155 -0.002524411996 1
0 0.695 0.165 -0.002632472903 1
0 0.695 0.175 -0.002753701702 1
0 0.695 0.185 -0.002898349697 2
0 0.695 0.195 -0.003033154154 2
0 0.695 0.205 -0.003168032472 2
0 0.695 0.215 -0.003300160408 2
0 0.695 0.225 -0.003419927347 2
0 0.695 0.235 -0.003523360103 2
0 0.695 0.245 -0.003613326691 2
0 0.695 0.255 -0.003686980166 2
0 0.695 0.265 -0.003743171808 2
0 0.695 0.275 -0.003781855443 2
0 0.695 0.285 -0.003803087009 2
0 0.695 0.295 -0.003807230879 2
0 0.695 0.305 -0.003794634544 2
0 0.695 0.315 -0.003765564606 2
0 0.695 0.325 -0.003720137932 2
0 0.695 0.335 -0.003658329022 2
0 0.695 0.345 -0.003580004245 2
0 0.695 0.355 -0.003484966128 2
0 0.695 0.365 -0.003372992844 2
0 0.695 0.375 -0.003243868714 2
0 0.695 0.385 -0.003097406886 2
0 0.695 0.395 -0.00293346943 2
0 0.695 0.405 -0.002751987512 2
0 0.695 0.415 -0.002552995945 2
0 0.695 0.425 -0.002336663599 2
0 0.695 0.435 -0.0021034181 2
0 0.695 0.445 -0.001853875815 2
0 0.695 0.455 -0.001589699624 2
0 0.695 0.465 -0.001311239584 2
0 0.695 0.475 -0.001027719062 2
0 0.695 0.485 -0.0007188405002 2
0 0.695 0.495 -0.000441502657 2
0 0.695 0.505 0 2
0 0.695 0.515 0 2
0 0.695 0.525 0 2
0 0.695 0.535 0 2
0 0.695 0.545 0 2
0 0.695 0.555 0 2
0 0.695 0.565 0 2
0 0.705 -0.555 0 2
0 0.705 -0.545 0 2
0 0.705 -0.535 0 2
0 0.705 -0.525 0 2
0 0.705 -0.515 0 2
0 0.705 -0.505 0 2
0 0.705 -0.495 0.0005259535818 2
0 0.705 -0.485 0.0008577322282 2
0 0.705 -0.475 0.001230977452 2
0 0.705 -0.465 0.001567966455 2
0 0.705 -0.455 0.001893470871 2
0 0.705 -0.445 0.00219887946 2
0 0.705 -0.435 0.002486471931 2
0 0.705 -0.425 0.002755002909 2
0 0.705 -0.415 0.003004401362 2
0 0.705 -0.405 0.003234268223 2
0 0.705 -0.395 0.003444396884 2
0 0.705 -0.385 0.003634636736 2
0 0.705 -0.375 0.003804962213 2
0 0.705 -0.365 0.003955461113 2
0 0.705 -0.355 0.00408633236 2
0 0.705 -0.345 0.004197865543 2
0 0.705 -0.335 0.004290416657 2
0 0.705 -0.325 0.004364382835 2
0 0.705 -0.315 0.004420182404 2
0 0.705 -0.305 0.004458243138 2
0 0.705 -0.295 0.004478999515 2
0 0.705 -0.285 0.004482897413 2
0 0.705 -0.275 0.004470403392 2
0 0.705 -0.265 0.004442015156 2
0 0.705 -0.255 0.004398269996 2
0 0.705 -0.245 0.004339748502 2
0 0.705 -0.235 0.004267071756 2
0 0.705 -0.225 0.004180890519 2
0 0.705 -0.215 0.004081867216 2
0 0.705 -0.205 0.003970650745 2
0 0.705 -0.195 0.003847846492 2
0 0.705 -0.185 0.003713982194 2
0 0.705 -0.175 0.00356948687 2
0 0.705 -0.165 0.003414692721 2
0 0.705 -0.155 0.003249898815 2
0 0.705 -0.145 0.003075494093 2
0 0.705 -0.135 0.002892100982 2
0 0.705 -0.125 0.00270062068 2
0 0.705 -0.115 0.002502142352 2
0 0.705 -0.105 0.002297789561 2
0 0.705 -0.095 0.002088647727 2
0 0.705 -0.085 0.001875784623 2
0 0.705 -0.075 0.001660257851 2
0 0.705 -0.065 0.001443070962 2
0 0.705 -0.055 0.001225132927 2
0 0.705 -0.045 0.00100726794 2
0 0.705 -0.035 0.0007902507401 2
0 0.705 -0.025 0.0005748086906 2
0 0.705 -0.015 0.0003615654666 2
0 0.705 -0.005 0.0001509735753 2
0 0.705 0.005 -5.671821858e-05 2
0 0.705 0.015 -0.000261440833 2
0 0.705 0.025 -0.0004632584554 2
0 0.705 0.035 -0.0006623071408 2
0 0.705 0.045 -0.0008587416231 2
0 0.705 0.055 -0.001052692437 2
0 0.705 0.065 -0.0012442451 2
0 0.705 0.075 -0.001433427599 2
0 0.705 0.085 -0.001620272168 2
0 0.705 0.095 -0.001804779896 2
0 0.705 0.105 -0.001987209316 2
0 0.705 0.115 -0.002167635198 2
0 0.705 0.125 -0.002344916327 2
0 0.705 0.135 -0.002516194482 2
0 0.705 0.145 -0.002677511981 2
0 0.705 0.155 -0.002821018366 2
0 0.705 0.165 -0.002956053106 2
0 0.705 0.175 -0.003099507242 2
0 0.705 0.185 -0.003238717981 2
0 0.705 0.195 -0.003380918592 2
0 0.705 0.205 -0.003525579876 2
0 0.705 0.215 -0.00365748789 2
0 0.705 0.225 -0.003773438859 2
0 0.705 0.235 -0.003877346806 2
0 0.705 0.245 -0.003966908783 2
0 0.705 0.255 -0.00404039033 2
0 0.705 0.265 -0.004096755241 2
0 0.705 0.275 -0.004135423062 2
0 0.705 0.285 -0.004156151776 2
0 0.705 0.295 -0.00415896522 2
0 0.705 0.305 -0.004143958603 2
0 0.705 0.315 -0.004111228534 2
0 0.705 0.325 -0.004060804704 2
0 0.705 0.335 -0.003992635519 2
0 0.705 0.345 -0.003906596463 2
0 0.705 0.355 -0.003802513741 2
0 0.705 0.365 -0.003680191469 2
0 0.705 0.375 -0.003539438002 2
0 0.705 0.385 -0.003380089961 2
0 0.705 0.395 -0.003202037425 2
0 0.705 0.405 -0.003005248345 2
0 0.705 0.415 -0.002789812255 2
0 0.705 0.425 -0.002555953853 2
0 0.705 0.435 -0.002304194423 2
0 0.705 0.445 -0.002035066101 2
0 0.705 0.455 -0.00175034961 2
0 0.705 0.465 -0.001448995197 2
0 0.705 0.475 -0.001139303944 2
0 0.705 0.485 -0.0007975053415 2
0 0.705 0.495 -0.0004929976703 2
0 0.705 0.505 0 2
0 0.705 0.515 0 2
0 0.705 0.525 0 2
0 0.705 0.535 0 2
0 0.705 0.545 0 2
0 0.705 0.555 0 2
0 0.705 0.565 0 2
0 0.715 -0.555 0 2
0 0.715 -0.545 0 2
0 0.715 -0.535 0 2
0 0.715 -0.525 0 2
0 0.715 -0.515 0 2
0 0.715 -0.505 0 2
0 0.715 -0.495 0.0005661427204 2
0 0.715 -0.485 0.0009231116701 2
0 0.715 -0.475 0.001324568126 2
0 0.715 -0.465 0.001686841333 2
0 0.715 -0.455 0.002036590604 2
0 0.715 -0.445 0.002364560738 2
0 0.715 -0.435 0.002673242101 2
0 0.715 -0.425 0.002961354276 2
0 0.715 -0.415 0.003228899008 2
0 0.715 -0.405 0.003475533025 2
0 0.715 -0.395 0.003701115705 2
0 0.715 -0.385 0.003905549613 2
0 0.715 -0.375 0.004088845102 2
0 0.715 -0.365 0.00425110308 2
0 0.715 -0.355 0.004392513968 2
0 0.715 -0.345 0.004513342481 2
0 0.715 -0.335 0.004613911756 2
0 0.715 -0.325 0.004694587212 2
0 0.715 -0.315 0.004755764442 2
0 0.715 -0.305 0.004797862618 2
0 0.715 -0.295 0.004821323699 2
0 0.715 -0.285 0.004826616117 2
0 0.715 -0.275 0.004814240791 2
0 0.715 -0.265 0.004784736972 2
0 0.715 -0.255 0.004738685612 2
0 0.715 -0.245 0.004676708394 2
0 0.715 -0.235 0.004599461311 2
0 0.715 -0.225 0.004507622233 2
0 0.715 -0.215 0.004401872995 2
0 0.715 -0.205 0.004282877044 2
0 0.715 -0.195 0.00415125601 2
0 0.715 -0.185 0.004007569058 2
0 0.715 -0.175 0.003852305607 2
0 0.715 -0.165 0.003685901213 2
0 0.715 -0.155 0.003508787618 2
0 0.715 -0.145 0.003321469035 2
0 0.715 -0.135 0.003124600278 2
0 0.715 -0.125 0.002919017122 2
0 0.715 -0.115 0.00270570235 2
0 0.715 -0.105 0.002485720853 2
0 0.715 -0.095 0.002260177615 2
0 0.715 -0.085 0.002030208561 2
0 0.715 -0.075 0.001796971311 2
0 0.715 -0.065 0.001561617377 2
0 0.715 -0.055 0.001325259203 2
0 0.715 -0.045 0.001088948992 2
0 0.715 -0.035 0.0008536595417 2
0 0.715 -0.025 0.000620249222 2
0 0.715 -0.015 0.0003894073563 2
0 0.715 -0.005 0.0001616038063 2
0 0.715 0.005 -6.293256628e-05 2
0 0.715 0.015 -0.00028419391 2
0 0.715 0.025 -0.0005023451813 2
0 0.715 0.035 -0.0007176596799 2
0 0.715 0.045 -0.0009304558571 2
0 0.715 0.055 -0.001141043377 2
0 0.715 0.065 -0.001349689196 2
0 0.715 0.075 -0.00155659717 2
0 0.715 0.085 -0.00176193774 2
0 0.715 0.095 -0.001965851736 2
0 0.715 0.105 -0.002168500871 2
0 0.715 0.115 -0.002369875684 2
0 0.715 0.125 -0.002569707846 2
0 0.715 0.135 -0.002765408772 2
0 0.715 0.145 -0.002951090853 2
0 0.715 0.155 -0.003121290725 2
0 0.715 0.165 -0.003279512527 2
0 0.715 0.175 -0.003432969776 2
0 0.715 0.185 -0.003580484516 2
0 0.715 0.195 -0.003727553271 2
0 0.715 0.205 -0.003869874163 2
0 0.715 0.215 -0.00399723957 2
0 0.715 0.225 -0.004113942189 2
0 0.715 0.235 -0.004217534806 2
0 0.715 0.245 -0.004306480513 2
0 0.715 0.255 -0.004379492839 2
0 0.715 0.265 -0.004435465705 2
0 0.715 0.275 -0.004473564094 2
0 0.715 0.285 -0.004493305534 2
0 0.715 0.295 -0.004494444063 2
0 0.715 0.305 -0.004476861178 2
0 0.715 0.315 -0.004440492407 2
0 0.715 0.325 -0.004385267308 2
0 0.715 0.335 -0.004311083421 2
0 0.715 0.345 -0.004217799324 2
0 0.715 0.355 -0.00410524325 2
0 0.715 0.365 -0.003973229295 2
0 0.715 0.375 -0.003821577683 2
0 0.715 0.385 -0.003650136542 2
0 0.715 0.395 -0.003458807572 2
0 0.715 0.405 -0.003247569249 2
0 0.715 0.415 -0.003016521783 2
0 0.715 0.425 -0.00276587716 2
0 0.715 0.435 -0.002496133835 2
0 0.715 0.445 -0.002207625313 2
0 0.715 0.455 -0.001901952789 2
0 0.715 0.465 -0.001577085882 2
0 0.715 0.475 -0.001241353776 2
0 0.715 0.485 -0.0008684335428 2
0 0.715 0.495 -0.0005356273657 2
0 0.715 0.505 0 2
0 0.715 0.515 0 2
0 0.715 0.525 0 2
0 0.715 0.535 0 2
0 0.715 0.545 0 2
0 0.715 0.555 0 2
0 0.715 0.565 0 2
0 0.725 -0.555 0 2
0 0.725 -0.545 0 2
0 0.725 -0.535 0 2
0 0.725 -0.525 0 2
0 0.725 -0.515 0 2
0 0.725 -0.505 0 2
0 0.725 -0.495 0.0006042126364 2
0 0.725 -0.485 0.0009850111343 2
0 0.725 -0.475 0.001413143664 2
0 0.725 -0.465 0.001799311877 2
0 0.725 -0.455 0.002171973245 2
0 0.725 -0.445 0.002521268896 2
0 0.725 -0.435 0.002849891282 2
0 0.725 -0.425 0.00315652519 2
0 0.725 -0.415 0.003441236551 2
0 0.725 -0.405 0.003703728788 2
0 0.725 -0.395 0.003943918341 2
0 0.725 -0.385 0.00416175534 2
0 0.725 -0.375 0.004357285189 2
0 0.725 -0.365 0.004530626035 2
0 0.725 -0.355 0.004681967605 2
0 0.725 -0.345 0.004811558767 2
0 0.725 -0.335 0.004919697227 2
0 0.725 -0.325 0.005006720185 2
0 0.725 -0.315 0.00507299885 2
0 0.725 -0.305 0.005118937056 2
0 0.725 -0.295 0.005144973524 2
0 0.725 -0.285 0.005151586222 2
0 0.725 -0.275 0.005139296916 2
0 0.725 -0.265 0.005108674004 2
0 0.725 -0.255 0.005060332065 2
0 0.725 -0.245 0.004994927087 2
0 0.725 -0.235 0.004913146995 2
0 0.725 -0.225 0.004815697693 2
0 0.725 -0.215 0.004703285654 2
0 0.725 -0.205 0.004576598726 2
0 0.725 -0.195 0.004436288393 2
0 0.725 -0.185 0.004282957757 2
0 0.725 -0.175 0.004117161725 2
0 0.725 -0.165 0.003939424689 2
0 0.725 -0.155 0.003750278646 2
0 0.725 -0.145 0.003550314264 2
0 0.725 -0.135 0.003340229043 2
0 0.725 -0.125 0.003120850889 2
0 0.725 -0.115 0.00289313041 2
0 0.725 -0.105 0.002658115773 2
0 0.725 -0.095 0.002416932096 2
0 0.725 -0.085 0.002170770929 2
0 0.725 -0.075 0.001920877759 2
0 0.725 -0.065 0.001668529041 2
0 0.725 -0.055 0.001414999545 2
0 0.725 -0.045 0.00116152382 2
0 0.725 -0.035 0.0009092473876 2
0 0.725 -0.025 0.000659165698 2
0 0.725 -0.015 0.0004120550586 2
0 0.725 -0.005 0.0001684164905 2
0 0.725 0.005 -7.154911395e-05 2
0 0.725 0.015 -0.0003079222287 2
0 0.725 0.025 -0.0005410087209 2
0 0.725 0.035 -0.0007712620451 2
0 0.725 0.045 -0.0009992033898 2
0 0.725 0.055 -0.00122535147 2
0 0.725 0.065 -0.001450168344 2
0 0.725 0.075 -0.001674018508 2
0 0.725 0.085 -0.001897155308 2
0 0.725 0.095 -0.002119708274 2
0 0.725 0.105 -0.002341660367 2
0 0.725 0.115 -0.002562690937 2
0 0.725 0.125 -0.002782074839 2
0 0.725 0.135 -0.002997297342 2
0 0.725 0.145 -0.003204348468 2
0 0.725 0.155 -0.003399692913 2
0 0.725 0.165 -0.00358107684 2
0 0.725 0.175 -0.003748818052 2
0 0.725 0.185 -0.003905178889 2
0 0.725 0.195 -0.004052024204 2
0 0.725 0.205 -0.004190034313 2
0 0.725 0.215 -0.00431869732 2
0 0.725 0.225 -0.004435859721 2
0 0.725 0.235 -0.004539489395 2
0 0.725 0.245 -0.004628339344 2
0 0.725 0.255 -0.004701099955 2
0 0.725 0.265 -0.004756595991 2
0 0.725 0.275 -0.004793930235 2
0 0.725 0.285 -0.004812462584 2
0 0.725 0.295 -0.004811762606 2
0 0.725 0.305 -0.004791546859 2
0 0.725 0.315 -0.004751616706 2
0 0.725 0.325 -0.004691808189 2
0 0.725 0.335 -0.004611961347 2
0 0.725 0.345 -0.004511904828 2
0 0.725 0.355 -0.004391454106 2
0 0.725 0.365 -0.004250418767 2
0 0.725 0.375 -0.004088616385 2
0 0.725 0.385 -0.003905890125 2
0 0.725 0.395 -0.003702131955 2
0 0.725 0.405 -0.003477301448 2
0 0.725 0.415 -0.003231467573 2
0 0.725 0.425 -0.002964777008 2
0 0.725 0.435 -0.002677631538 2
0 0.725 0.445 -0.002370137804 2
0 0.725 0.455 -0.002043660991 2
0 0.725 0.465 -0.001695586698 2
0 0.725 0.475 -0.001334811875 2
0 0.725 0.485 -0.0009332515163 2
0 0.725 0.495 -0.0005747990852 2
0 0.725 0.505 0 2
0 0.725 0.515 0 2
0 0.725 0.525 0 2
0 0.725 0.535 0 2
0 0.725 0.545 0 2
0 0.725 0.555 0 2
0 0.725 0.565 0 2
0 0.735 -0.555 0 2
0 0.735 -0.545 0 2
0 0.735 -0.535 0 2
0 0.735 -0.525 0 2
0 0.735 -0.515 0 2
0 0.735 -0.505 0 2
0 0.735 -0.495 0.0006400545501 2
0 0.735 -0.485 0.001043258234 2
0 0.735 -0.475 0.001496459103 2
0 0.735 -0.465 0.001905062425 2
0 0.735 -0.455 0.002299224718 2
0 0.735 -0.445 0.0026685225 2
0 0.735 -0.435 0.003015840519 2
0 0.735 -0.425 0.003339830766 2
0 0.735 -0.415 0.003640618246 2
0 0.735 -0.405 0.003917948807 2
0 0.735 -0.395 0.00417179212 2
0 0.735 -0.385 0.004402144644 2
0 0.735 -0.375 0.004609088669 2
0 0.735 -0.365 0.004792764307 2
0 0.735 -0.355 0.004953366916 2
0 0.735 -0.345 0.005091135581 2
0 0.735 -0.335 0.005206346474 2
0 0.735 -0.325 0.005299308917 2
0 0.735 -0.315 0.005370366064 2
0 0.735 -0.305 0.0054198992 2
0 0.735 -0.295 0.005448334207 2
0 0.735 -0.285 0.005456148063 2
0 0.735 -0.275 0.005443873362 2
0 0.735 -0.265 0.005412099312 2
0 0.735 -0.255 0.005361468307 2
0 0.735 -0.245 0.005292667843 2
0 0.735 -0.235 0.005206418219 2
0 0.735 -0.225 0.005103456983 2
0 0.735 -0.215 0.004984521691 2
0 0.735 -0.205 0.004850333066 2
0 0.735 -0.195 0.004701581428 2
0 0.735 -0.185 0.004538919765 2
0 0.735 -0.175 0.004362967208 2
0 0.735 -0.165 0.004174325245 2
0 0.735 -0.155 0.003973606539 2
0 0.735 -0.145 0.003761470901 2
0 0.735 -0.135 0.003538659054 2
0 0.735 -0.125 0.003306013815 2
0 0.735 -0.115 0.0030644853 2
0 0.735 -0.105 0.0028151259 2
0 0.735 -0.095 0.002559083972 2
0 0.735 -0.085 0.002297599389 2
0 0.735 -0.075 0.002031995321 2
0 0.735 -0.065 0.001763661148 2
0 0.735 -0.055 0.001494020835 2
0 0.735 -0.045 0.001224485806 2
0 0.735 -0.035 0.000956385006 2
0 0.735 -0.025 0.0006908782865 2
0 0.735 -0.015 0.0004288587881 2
0 0.735 -0.005 0.0001708742947 2
0 0.735 0.005 -8.291309479e-05 2
0 0.735 0.015 -0.0003327081764 2
0 0.735 0.025 -0.0005790088343 2
0 0.735 0.035 -0.0008225013767 2
0 0.735 0.045 -0.00106395451 2
0 0.735 0.055 -0.001304127911 2
0 0.735 0.065 -0.001543690649 2
0 0.735 0.075 -0.00178314499 2
0 0.735 0.085 -0.002022762992 2
0 0.735 0.095 -0.002262536946 2
0 0.735 0.105 -0.002502149904 2
0 0.735 0.115 -0.002740823166 2
0 0.735 0.125 -0.002977143989 2
0 0.735 0.135 -0.003208508413 2
0 0.735 0.145 -0.003431297141 2
0 0.735 0.155 -0.003641922924 2
0 0.735 0.165 -0.003837960929 2
0 0.735 0.175 -0.004019006189 2
0 0.735 0.185 -0.004186189905 2
0 0.735 0.195 -0.00434107717 2
0 0.735 0.205 -0.004484514284 2
0 0.735 0.215 -0.004616231443 2
0 0.735 0.225 -0.004735120873 2
0 0.735 0.235 -0.004839900521 2
0 0.735 0.245 -0.004929377336 2
0 0.735 0.255 -0.005002276718 2
0 0.735 0.265 -0.005057504008 2
0 0.735 0.275 -0.005094139789 2
0 0.735 0.285 -0.005111460638 2
0 0.735 0.295 -0.005108924924 2
0 0.735 0.305 -0.005086135582 2
0 0.735 0.315 -0.005042794918 2
0 0.735 0.325 -0.004978663807 2
0 0.735 0.335 -0.0048935307 2
0 0.735 0.345 -0.00478719176 2
0 0.735 0.355 -0.004659442088 2
0 0.735 0.365 -0.004510076054 2
0 0.735 0.375 -0.004338895332 2
0 0.735 0.385 -0.004145721808 2
0 0.735 0.395 -0.003930417182 2
0 0.735 0.405 -0.003692896814 2
0 0.735 0.415 -0.003433167936 2
0 0.735 0.425 -0.00315128367 2
0 0.735 0.435 -0.002847526083 2
0 0.735 0.445 -0.002521807772 2
0 0.735 0.455 -0.002175367373 2
0 0.735 0.465 -0.001805243205 2
0 0.735 0.475 -0.001420938547 2
0 0.735 0.485 -0.0009929420578 2
0 0.735 0.495 -0.0006110069197 2
0 0.735 0.505 0 2
0 0.735 0.515 0 2
0 0.735 0.525 0 2
0 0.735 0.535 0 2
0 0.735 0.545 0 2
0 0.735 0.555 0 2
0 0.735 0.565 0 2
0 0.745 -0.555 0 2
0 0.745 -0.545 0 2
0 0.745 -0.535 0 2
0 0.745 -0.525 0 2
0 0.745 -0.515 0 2
0 0.745 -0.505 0 2
0 0.745 -0.495 0.0006735578519 2
0 0.745 -0.485 0.001097674678 2
0 0.745 -0.475 0.001574258319 2
0 0.745 -0.465 0.002003761305 2
0 0.745 -0.455 0.002417931513 2
0 0.745 -0.445 0.002805819317 2
0 0.745 -0.435 0.003170490743 2
0 0.745 -0.425 0.003510568197 2
0 0.745 -0.415 0.003826233201 2
0 0.745 -0.405 0.004117273497 2
0 0.745 -0.395 0.004383712372 2
0 0.745 -0.385 0.004625595325 2
0 0.745 -0.375 0.004843046366 2
0 0.745 -0.365 0.005036233833 2
0 0.745 -0.355 0.005205364934 2
0 0.745 -0.345 0.005350673454 2
0 0.745 -0.335 0.005472415354 2
0 0.745 -0.325 0.00557086958 2
0 0.745 -0.315 0.005646345192 2
0 0.745 -0.305 0.005699192442 2
0 0.745 -0.295 0.00572981494 2
0 0.745 -0.285 0.005738679739 2
0 0.745 -0.275 0.00572632298 2
0 0.745 -0.265 0.005693349792 2
0 0.745 -0.255 0.005640428223 2
0 0.745 -0.245 0.00556827786 2
0 0.745 -0.235 0.005477654455 2
0 0.745 -0.225 0.005369332316 2
0 0.745 -0.215 0.005244086531 2
0 0.745 -0.205 0.005102677292 2
0 0.745 -0.195 0.004945838758 2
0 0.745 -0.185 0.004774274819 2
0 0.745 -0.175 0.004588663748 2
0 0.745 -0.165 0.004389672468 2
0 0.745 -0.155 0.004177979214 2
0 0.745 -0.145 0.003954300701 2
0 0.745 -0.135 0.003719418169 2
0 0.745 -0.125 0.003474197012 2
0 0.745 -0.115 0.003219598085 2
0 0.745 -0.105 0.002956683517 2
0 0.745 -0.095 0.002686620744 2
0 0.745 -0.085 0.002410687361 2
0 0.745 -0.075 0.002130272108 2
0 0.745 -0.065 0.001846869468 2
0 0.745 -0.055 0.001562054687 2
0 0.745 -0.045 0.001277436408 2
0 0.745 -0.035 0.0009945664953 2
0 0.745 -0.025 0.0007148246911 2
0 0.745 -0.015 0.0004392729162 2
0 0.745 -0.005 0.0001685357574 2
0 0.745 0.005 -9.727284979e-05 2
0 0.745 0.015 -0.0003585309706 2
0 0.745 0.025 -0.0006159987134 2
0 0.745 0.035 -0.000870662829 2
0 0.745 0.045 -0.001123591992 2
0 0.745 0.055 -0.0013758277 2
0 0.745 0.065 -0.001628275009 2
0 0.745 0.075 -0.00188157602 2
0 0.745 0.085 -0.002135978218 2
0 0.745 0.095 -0.002391244859 2
0 0.745 0.105 -0.002646624224 2
0 0.745 0.115 -0.002900791808 2
0 0.745 0.125 -0.003151777156 2
0 0.745 0.135 -0.003396875013 2
0 0.745 0.145 -0.003632844172 2
0 0.745 0.155 -0.003856536048 2
0 0.745 0.165 -0.004065658106 2
0 0.745 0.175 -0.00425921906 2
0 0.745 0.185 -0.004437407581 2
0 0.745 0.195 -0.004601075586 2
0 0.745 0.205 -0.004750937183 2
0 0.745 0.215 -0.004887110674 2
0 0.745 0.225 -0.005009114839 2
0 0.745 0.235 -0.005116054164 2
0 0.745 0.245 -0.00520685192 2
0 0.745 0.255 -0.005280416786 2
0 0.745 0.265 -0.005335732761 2
0 0.745 0.275 -0.005371896968 2
0 0.745 0.285 -0.005388158564 2
0 0.745 0.295 -0.005383919664 2
0 0.745 0.305 -0.005358716178 2
0 0.745 0.315 -0.00531218755 2
0 0.745 0.325 -0.005244043604 2
0 0.745 0.335 -0.005154034888 2
0 0.745 0.345 -0.005041930215 2
0 0.745 0.355 -0.004907503029 2
0 0.745 0.365 -0.004750526416 2
0 0.745 0.375 -0.004570776233 2
0 0.745 0.385 -0.004368039769 2
0 0.745 0.395 -0.004142131967 2
0 0.745 0.405 -0.00389290547 2
0 0.745 0.415 -0.00362028725 2
0 0.745 0.425 -0.003324226193 2
0 0.745 0.435 -0.003004888906 2
0 0.745 0.445 -0.002662038003 2
0 0.745 0.455 -0.00229686299 2
0 0.745 0.465 -0.001906194764 2
0 0.745 0.475 -0.001500164849 2
0 0.745 0.485 -0.001047906397 2
0 0.745 0.495 -0.0006444429904 2
0 0.745 0.505 0 2
0 0.745 0.515 0 2
0 0.745 0.525 0 2
0 0.745 0.535 0 2
0 0.745 0.545 0 2
0 0.745 0.555 0 2
0 0.745 0.565 0 2
0 0.755 -0.555 0 2
0 0.755 -0.545 0 2
0 0.755 -0.535 0 2
0 0.755 -0.525 0 2
0 0.755 -0.515 0 2
0 0.755 -0.505 0 2
0 0.755 -0.495 0.0007046113592 2
0 0.755 -0.485 0.001148079503 2
0 0.755 -0.475 0.001646279792 2
0 0.755 -0.465 0.00209506903 2
0 0.755 -0.455 0.002527670875 2
0 0.755 -0.445 0.002932647796 2
0 0.755 -0.435 0.003313234729 2
0 0.755 -0.425 0.003668028386 2
0 0.755 -0.415 0.003997265981 2
0 0.755 -0.405 0.004300779514 2
0 0.755 -0.395 0.004578649862 2
0 0.755 -0.385 0.004830978099 2
0 0.755 -0.375 0.005057938279 2
0 0.755 -0.365 0.005259735794 2
0 0.755 -0.355 0.005436597106 2
0 0.755 -0.345 0.005588754772 2
0 0.755 -0.335 0.005716443973 2
0 0.755 -0.325 0.005819907945 2
0 0.755 -0.315 0.005899412695 2
0 0.755 -0.305 0.005955266852 2
0 0.755 -0.295 0.005987841624 2
0 0.755 -0.285 0.005997586085 2
0 0.755 -0.275 0.005985034829 2
0 0.755 -0.265 0.005950807015 2
0 0.755 -0.255 0.005895597412 2
0 0.755 -0.245 0.005820161165 2
0 0.755 -0.235 0.00572529461 2
0 0.755 -0.225 0.005611814736 2
0 0.755 -0.215 0.005480539904 2
0 0.755 -0.205 0.0053322742 2
0 0.755 -0.195 0.005167797443 2
0 0.755 -0.185 0.004987862358 2
0 0.755 -0.175 0.004793199665 2
0 0.755 -0.165 0.004584530817 2
0 0.755 -0.155 0.004362586779 2
0 0.755 -0.145 0.004128129956 2
0 0.755 -0.135 0.003881975654 2
0 0.755 -0.125 0.003625010251 2
0 0.755 -0.115 0.003358204948 2
0 0.755 -0.105 0.003082627435 2
0 0.755 -0.095 0.002799453016 2
0 0.755 -0.085 0.002509980294 2
0 0.755 -0.075 0.002215645317 2
0 0.755 -0.065 0.001918037113 2
0 0.755 -0.055 0.001618883214 2
0 0.755 -0.045 0.001320019071 2
0 0.755 -0.035 0.001023281454 2
0 0.755 -0.025 0.0007303699189 2
0 0.755 -0.015 0.0004426158419 2
0 0.755 -0.005 0.0001607939608 2
0 0.755 0.005 -0.0001150273683 2
0 0.755 0.015 -0.0003854713863 2
0 0.755 0.025 -0.0006516689934 2
0 0.755 0.035 -0.0009150070843 2
0 0.755 0.045 -0.001176926306 2
0 0.755 0.055 -0.001438817203 2
0 0.755 0.065 -0.001701895265 2
0 0.755 0.075 -0.001967004869 2
0 0.755 0.085 -0.002234372647 2
0 0.755 0.095 -0.002503466963 2
0 0.755 0.105 -0.002773015448 2
0 0.755 0.115 -0.003041118197 2
0 0.755 0.125 -0.003305338737 2
0 0.755 0.135 -0.003562820962 2
0 0.755 0.145 -0.003810516053 2
0 0.755 0.155 -0.004045603597 2
0 0.755 0.165 -0.00426594767 2
0 0.755 0.175 -0.004470386615 2
0 0.755 0.185 -0.004658673344 2
0 0.755 0.195 -0.004831128008 2
0 0.755 0.205 -0.004988144253 2
0 0.755 0.215 -0.005129835594 2
0 0.755 0.225 -0.005255915389 2
0 0.755 0.235 -0.005365754569 2
0 0.755 0.245 -0.005458513073 2
0 0.755 0.255 -0.005533257417 2
0 0.755 0.265 -0.00558905748 2
0 0.755 0.275 -0.005625052859 2
0 0.755 0.285 -0.005640497605 2
0 0.755 0.295 -0.005634774523 2
0 0.755 0.305 -0.005607390183 2
0 0.755 0.315 -0.005557954336 2
0 0.755 0.325 -0.005486151706 2
0 0.755 0.335 -0.005391712941 2
0 0.755 0.345 -0.005274389846 2
0 0.755 0.355 -0.005133937961 2
0 0.755 0.365 -0.004970107468 2
0 0.755 0.375 -0.004782642555 2
0 0.755 0.385 -0.004571286819 2
0 0.755 0.395 -0.004335797092 2
0 0.755 0.405 -0.004075951494 2
0 0.755 0.415 -0.003791587181 2
0 0.755 0.425 -0.00348254751 2
0 0.755 0.435 -0.0031488962 2
0 0.755 0.445 -0.002790282014 2
0 0.755 0.455 -0.002407887473 2
0 0.755 0.465 -0.001998399085 2
0 0.755 0.475 -0.001572541918 2
0 0.755 0.485 -0.001098176725 2
0 0.755 0.495 -0.000675089306 2
0 0.755 0.505 0 2
0 0.755 0.515 0 2
0 0.755 0.525 0 2
0 0.755 0.535 0 2
0 0.755 0.545 0 2
0 0.755 0.555 0 2
0 0.755 0.565 0 2
0 0.765 -0.555 0 2
0 0.765 -0.545 0 2
0 0.765 -0.535 0 2
0 0.765 -0.525 0 2
0 0.765 -0.515 0 2
0 0.765 -0.505 0 2
0 0.765 -0.495 0.0007331043573 2
0 0.765 -0.485 0.00119429168 2
0 0.765 -0.475 0.001712261236 2
0 0.765 -0.465 0.002178644972 2
0 0.765 -0.455 0.002628019293 2
0 0.765 -0.445 0.003048496925 2
0 0.765 -0.435 0.003443467764 2
0 0.765 -0.425 0.003811506807 2
0 0.765 -0.415 0.004152907055 2
0 0.765 -0.405 0.004467549219 2
0 0.765 -0.395 0.004755578812 2
0 0.765 -0.385 0.005017162884 2
0 0.765 -0.375 0.005252538016 2
0 0.765 -0.365 0.005461959293 2
0 0.765 -0.355 0.005645682485 2
0 0.765 -0.345 0.005803943769 2
0 0.765 -0.335 0.005936955608 2
0 0.765 -0.325 0.006044917053 2
0 0.765 -0.315 0.006128038288 2
0 0.765 -0.305 0.006186572608 2
0 0.765 -0.295 0.006220847242 2
0 0.765 -0.285 0.006231285652 2
0 0.765 -0.275 0.00621841772 2
0 0.765 -0.265 0.006182877543 2
0 0.765 -0.255 0.006125390677 2
0 0.765 -0.245 0.006046753886 2
0 0.765 -0.235 0.005947810921 2
0 0.765 -0.225 0.005829427851 2
0 0.765 -0.215 0.005692471184 2
0 0.765 -0.205 0.005537791285 2
0 0.765 -0.195 0.00536621278 2
0 0.765 -0.185 0.005178532657 2
0 0.765 -0.175 0.0049755259 2
0 0.765 -0.165 0.004757957578 2
0 0.765 -0.155 0.004526599499 2
0 0.765 -0.145 0.004282249024 2
0 0.765 -0.135 0.004025747445 2
0 0.765 -0.125 0.003757996379 2
0 0.765 -0.115 0.00347997135 2
0 0.765 -0.105 0.003192735772 2
0 0.765 -0.095 0.002897455059 2
0 0.765 -0.085 0.002595423267 2
0 0.765 -0.075 0.002288088984 2
0 0.765 -0.065 0.001977108669 2
0 0.765 -0.055 0.001664353393 2
0 0.765 -0.045 0.001351939359 2
0 0.765 -0.035 0.001042097405 2
0 0.765 -0.025 0.0007370042418 2
0 0.765 -0.015 0.0004383898878 2
0 0.765 -0.005 0.0001472800344 2
0 0.765 0.005 -0.0001363064152 2
0 0.765 0.015 -0.0004133669379 2
0 0.765 0.025 -0.0006855724788 2
0 0.765 0.035 -0.0009548256456 2
0 0.765 0.045 -0.001222966958 2
0 0.765 0.055 -0.001491780019 2
0 0.765 0.065 -0.001762915647 2
0 0.765 0.075 -0.002037586401 2
0 0.765 0.085 -0.002316077117 2
0 0.765 0.095 -0.002597504121 2
0 0.765 0.105 -0.002879954294 2
0 0.765 0.115 -0.003160873957 2
0 0.765 0.125 -0.00343731868 2
0 0.765 0.135 -0.003706233758 2
0 0.765 0.145 -0.003964668636 2
0 0.765 0.155 -0.004210044033 2
0 0.765 0.165 -0.004440385522 2
0 0.765 0.175 -0.004654479508 2
0 0.765 0.185 -0.004851820599 2
0 0.765 0.195 -0.00503238425 2
0 0.765 0.205 -0.005196308651 2
0 0.765 0.215 -0.0053436266 2
0 0.765 0.225 -0.005474120622 2
0 0.765 0.235 -0.00558730363 2
0 0.765 0.245 -0.005682477604 2
0 0.765 0.255 -0.005758820055 2
0 0.765 0.265 -0.00581547379 2
0 0.765 0.275 -0.005851619923 2
0 0.765 0.285 -0.005866529045 2
0 0.765 0.295 -0.005859587573 2
0 0.765 0.305 -0.005830301102 2
0 0.765 0.315 -0.005778278677 2
0 0.765 0.325 -0.005703205683 2
0 0.765 0.335 -0.005604813003 2
0 0.765 0.345 -0.005482848981 2
0 0.765 0.355 -0.005337058507 2
0 0.765 0.365 -0.005167170851 2
0 0.765 0.375 -0.004972896512 2
0 0.765 0.385 -0.004753930615 2
0 0.765 0.395 -0.004509965482 2
0 0.765 0.405 -0.004240698229 2
0 0.765 0.415 -0.003945871617 2
0 0.765 0.425 -0.003625224411 2
0 0.765 0.435 -0.003278725832 2
0 0.765 0.445 -0.002905931232 2
0 0.765 0.455 -0.002508034055 2
0 0.765 0.465 -0.002081606289 2
0 0.765 0.475 -0.001637910714 2
0 0.765 0.485 -0.001143634192 2
0 0.765 0.495 -0.0007028482444 2
0 0.765 0.505 0 2
0 0.765 0.515 0 2
0 0.765 0.525 0 2
0 0.765 0.535 0 2
0 0.765 0.545 0 2
0 0.765 0.555 0 2
0 0.765 0.565 0 2
0 0.775 -0.555 0 2
0 0.775 -0.545 0 2
0 0.775 -0.535 0 2
0 0.775 -0.525 0 2
0 0.775 -0.515 0 2
0 0.775 -0.505 0 2
0 0.775 -0.495 0.0007589272432 2
0 0.775 -0.485 0.001236131846 2
0 0.775 -0.475 0.00177194284 2
0 0.775 -0.465 0.002254152209 2
0 0.775 -0.455 0.00271855897 2
0 0.775 -0.445 0.003152864201 2
0 0.775 -0.435 0.00356059689 2
0 0.775 -0.425 0.003940313693 2
0 0.775 -0.415 0.004292363444 2
0 0.775 -0.405 0.00461668114 2
0 0.775 -0.395 0.004913486409 2
0 0.775 -0.385 0.005183026527 2
0 0.775 -0.375 0.00542561811 2
0 0.775 -0.365 0.005641583978 2
0 0.775 -0.355 0.005831223796 2
0 0.775 -0.345 0.00599478453 2
0 0.775 -0.335 0.00613245315 2
0 0.775 -0.325 0.00624437221 2
0 0.775 -0.315 0.006330678074 2
0 0.775 -0.305 0.006391550608 2
0 0.775 -0.295 0.006427259431 2
0 0.775 -0.285 0.00643819514 2
0 0.775 -0.275 0.006424881816 2
0 0.775 -0.265 0.006387972289 2
0 0.775 -0.255 0.006328229889 2
0 0.775 -0.245 0.006246501466 2
0 0.775 -0.235 0.006143686475 2
0 0.775 -0.225 0.0060207067 2
0 0.775 -0.215 0.005878480642 2
0 0.775 -0.205 0.005717905295 2
0 0.775 -0.195 0.005539846696 2
0 0.775 -0.185 0.0053451392 2
0 0.775 -0.175 0.005134592343 2
0 0.775 -0.165 0.004909003418 2
0 0.775 -0.155 0.004669173487 2
0 0.775 -0.145 0.004415924525 2
0 0.775 -0.135 0.004150115532 2
0 0.775 -0.125 0.0038726567 2
0 0.775 -0.115 0.00358452069 2
0 0.775 -0.105 0.003286755653 2
0 0.775 -0.095 0.002980496598 2
0 0.775 -0.085 0.002667001184 2
0 0.775 -0.075 0.002347674655 2
0 0.775 -0.065 0.002024190604 2
0 0.775 -0.055 0.001698533643 2
0 0.775 -0.045 0.001373142497 2
0 0.775 -0.035 0.001050561983 2
0 0.775 -0.025 0.0007336439875 2
0 0.775 -0.015 0.0004248790333 2
0 0.775 -0.005 0.0001259938883 2
0 0.775 0.005 -0.0001628555676 2
0 0.775 0.015 -0.0004432649648 2
0 0.775 0.025 -0.0007179316626 2
0 0.775 0.035 -0.0009895364931 2
0 0.775 0.045 -0.00126031611 2
0 0.775 0.055 -0.001532495485 2
0 0.775 0.065 -0.00180845064 2
0 0.775 0.075 -0.002090259444 2
0 0.775 0.085 -0.002378441334 2
0 0.775 0.095 -0.002671488549 2
0 0.775 0.105 -0.002966366168 2
0 0.775 0.115 -0.003259585797 2
0 0.775 0.125 -0.003547619768 2
0 0.775 0.135 -0.003827290901 2
0 0.775 0.145 -0.004095657064 2
0 0.775 0.155 -0.004350316613 2
0 0.775 0.165 -0.004589459858 2
0 0.775 0.175 -0.004811920651 2
0 0.775 0.185 -0.005017103385 2
0 0.775 0.195 -0.005204812903 2
0 0.775 0.205 -0.005375026415 2
0 0.775 0.215 -0.005527689088 2
0 0.775 0.225 -0.005662579874 2
0 0.775 0.235 -0.005779262904 2
0 0.775 0.245 -0.005877107209 2
0 0.775 0.255 -0.005955347878 2
0 0.775 0.265 -0.006013165111 2
0 0.775 0.275 -0.006049760784 2
0 0.775 0.285 -0.006064418867 2
0 0.775 0.295 -0.006056540364 2
0 0.775 0.305 -0.006025650746 2
0 0.775 0.315 -0.005971383916 2
0 0.775 0.325 -0.005893451128 2
0 0.775 0.335 -0.005791604552 2
0 0.775 0.345 -0.005665604137 2
0 0.775 0.355 -0.00551519317 2
0 0.775 0.365 -0.005340084227 2
0 0.775 0.375 -0.005139955096 2
0 0.775 0.385 -0.004914451564 2
0 0.775 0.395 -0.004663199643 2
0 0.775 0.405 -0.004385813325 2
0 0.775 0.415 -0.004081939061 2
0 0.775 0.425 -0.003751210797 2
0 0.775 0.435 -0.003393504803 2
0 0.775 0.445 -0.00300828962 2
0 0.775 0.455 -0.002596769257 2
0 0.775 0.465 -0.002155415839 2
0 0.775 0.475 -0.001695968286 2
0 0.775 0.485 -0.001184057411 2
0 0.775 0.495 -0.0007275674994 2
0 0.775 0.505 0 2
0 0.775 0.515 0 2
0 0.775 0.525 0 2
0 0.775 0.535 0 2
0 0.775 0.545 0 2
0 0.775 0.555 0 2
0 0.775 0.565 0 2
0 0.785 -0.555 0 2
0 0.785 -0.545 0 2
0 0.785 -0.535 0 2
0 0.785 -0.525 0 2
0 0.785 -0.515 0 2
0 0.785 -0.505 0 2
0 0.785 -0.495 0.0007819715915 2
0 0.785 -0.485 0.001273422904 2
0 0.785 -0.475 0.001825068688 2
0 0.785 -0.465 0.002321260068 2
0 0.785 -0.455 0.002798881728 2
0 0.785 -0.445 0.003245261152 2
0 0.785 -0.435 0.003664048266 2
0 0.785 -0.425 0.0040537833 2
0 0.785 -0.415 0.00441486971 2
0 0.785 -0.405 0.004747302122 2
0 0.785 -0.395 0.005051385107 2
0 0.785 -0.385 0.005327463978 2
0 0.785 -0.375 0.005575958663 2
0 0.785 -0.365 0.005797285085 2
0 0.785 -0.355 0.005991808494 2
0 0.785 -0.345 0.006159798432 2
0 0.785 -0.335 0.00630141368 2
0 0.785 -0.325 0.006416723073 2
0 0.785 -0.315 0.006505763772 2
0 0.785 -0.305 0.006568618245 2
0 0.785 -0.295 0.006605482779 2
0 0.785 -0.285 0.006616708934 2
0 0.785 -0.275 0.006602816511 2
0 0.785 -0.265 0.006564483822 2
0 0.785 -0.255 0.006502521619 2
0 0.785 -0.245 0.006417837387 2
0 0.785 -0.235 0.006311395788 2
0 0.785 -0.225 0.006184180989 2
0 0.785 -0.215 0.006037166069 2
0 0.785 -0.205 0.005871292679 2
0 0.785 -0.195 0.00568746208 2
0 0.785 -0.185 0.005486536467 2
0 0.785 -0.175 0.005269348314 2
0 0.785 -0.165 0.005036714839 2
0 0.785 -0.155 0.004789454765 2
0 0.785 -0.145 0.00452840495 2
0 0.785 -0.135 0.004254434827 2
0 0.785 -0.125 0.003968458044 2
0 0.785 -0.115 0.0036714397 2
0 0.785 -0.105 0.003364405286 2
0 0.785 -0.095 0.003048442152 2
0 0.785 -0.085 0.002724738817 2
0 0.785 -0.075 0.002394578658 2
0 0.785 -0.065 0.002059562314 2
0 0.785 -0.055 0.001721539385 2
0 0.785 -0.045 0.001383328056 2
0 0.785 -0.035 0.001048067227 2
0 0.785 -0.025 0.0007200275499 2
0 0.785 -0.015 0.0004029392085 2
0 0.785 -0.005 9.894753093e-05 2
0 0.785 0.005 -0.0001921283308 2
0 0.785 0.015 -0.0004728780065 2
0 0.785 0.025 -0.0007472495316 2
0 0.785 0.035 -0.001018558592 2
0 0.785 0.045 -0.001289164731 2
0 0.785 0.055 -0.001561706042 2
0 0.785 0.065 -0.00183927425 2
0 0.785 0.075 -0.002125366425 2
0 0.785 0.085 -0.002421191427 2
0 0.785 0.095 -0.002724722161 2
0 0.785 0.105 -0.003031665717 2
0 0.785 0.115 -0.003337040148 2
0 0.785 0.125 -0.003636300367 2
0 0.785 0.135 -0.003926111363 2
0 0.785 0.145 -0.004203603198 2
0 0.785 0.155 -0.00446652381 2
0 0.785 0.165 -0.004713257103 2
0 0.785 0.175 -0.004942771284 2
0 0.785 0.185 -0.005154503617 2
0 0.785 0.195 -0.005348221129 2
0 0.785 0.205 -0.005523837408 2
0 0.785 0.215 -0.005681250061 2
0 0.785 0.225 -0.005820220221 2
0 0.785 0.235 -0.005940314889 2
0 0.785 0.245 -0.006040908725 2
0 0.785 0.255 -0.006121233304 2
0 0.785 0.265 -0.006180455399 2
0 0.785 0.275 -0.006217762985 2
0 0.785 0.285 -0.00623243765 2
0 0.785 0.295 -0.00622389742 2
0 0.785 0.305 -0.006191704264 2
0 0.785 0.315 -0.006135541338 2
0 0.785 0.325 -0.006055171213 2
0 0.785 0.335 -0.005950388685 2
0 0.785 0.345 -0.005820980114 2
0 0.785 0.355 -0.005666695789 2
0 0.785 0.365 -0.00548723604 2
0 0.785 0.375 -0.005282248593 2
0 0.785 0.385 -0.005051332514 2
0 0.785 0.395 -0.004794050505 2
0 0.785 0.405 -0.004509936089 2
0 0.785 0.415 -0.004198540158 2
0 0.785 0.425 -0.003859390063 2
0 0.785 0.435 -0.003492264017 2
0 0.785 0.445 -0.003096539851 2
0 0.785 0.455 -0.002673420546 2
0 0.785 0.465 -0.002219287204 2
0 0.785 0.475 -0.001746291446 2
0 0.785 0.485 -0.001219143706 2
0 0.785 0.495 -0.0007490520906 2
0 0.785 0.505 0 2
0 0.785 0.515 0 2
0 0.785 0.525 0 2
0 0.785 0.535 0 2
0 0.785 0.545 0 2
0 0.785 0.555 0 2
0 0.785 0.565 0 2
0 0.795 -0.555 0 2
0 0.795 -0.545 0 2
0 0.795 -0.535 0 2
0 0.795 -0.525 0 2
0 0.795 -0.515 0 2
0 0.795 -0.505 0 2
0 0.795 -0.495 0.0008021294556 2
0 0.795 -0.485 0.001305989133 2
0 0.795 -0.475 0.00187138588 2
0 0.795 -0.465 0.002379643619 2
0 0.795 -0.455 0.002868589416 2
0 0.795 -0.445 0.003325215359 2
0 0.795 -0.435 0.003753271601 2
0 0.795 -0.425 0.00415128151 2
0 0.795 -0.415 0.004519699122 2
0 0.795 -0.405 0.004858581762 2
0 0.795 -0.395 0.005168329057 2
0 0.795 -0.385 0.005449404395 2
0 0.795 -0.375 0.005702360405 2
0 0.795 -0.365 0.005927741232 2
0 0.795 -0.355 0.00612601039 2
0 0.795 -0.345 0.006297480418 2
0 0.795 -0.335 0.006442281185 2
0 0.795 -0.325 0.006560383752 2
0 0.795 -0.315 0.006651689444 2
0 0.795 -0.305 0.006716151445 2
0 0.795 -0.295 0.006753876085 2
0 0.795 -0.285 0.00676517303 2
0 0.795 -0.275 0.00675056318 2
0 0.795 -0.265 0.006710760007 2
0 0.795 -0.255 0.006646633158 2
0 0.795 -0.245 0.006559162458 2
0 0.795 -0.235 0.006449387872 2
0 0.795 -0.225 0.006318362203 2
0 0.795 -0.215 0.006167114039 2
0 0.795 -0.205 0.00599662491 2
0 0.795 -0.195 0.005807821745 2
0 0.795 -0.185 0.005601581882 2
0 0.795 -0.175 0.005378746756 2
0 0.795 -0.165 0.005140139926 2
0 0.795 -0.155 0.004886585964 2
0 0.795 -0.145 0.0046189276 2
0 0.795 -0.135 0.004338039103 2
0 0.795 -0.125 0.004044835481 2
0 0.795 -0.115 0.003740274861 2
0 0.795 -0.105 0.003425361248 2
0 0.795 -0.095 0.003101130129 2
0 0.795 -0.085 0.002768684089 2
0 0.795 -0.075 0.002429119487 2
0 0.795 -0.065 0.002083878583 2
0 0.795 -0.055 0.001734294017 2
0 0.795 -0.045 0.001383664565 2
0 0.795 -0.035 0.001036049905 2
0 0.795 -0.025 0.0006970320878 2
0 0.795 -0.015 0.0003647858206 2
0 0.795 -0.005 5.100609966e-05 2
0 0.795 0.005 -0.0002389431222 2
0 0.795 0.015 -0.0005107522781 2
0 0.795 0.025 -0.0007754398711 2
0 0.795 0.035 -0.001042453211 2
0 0.795 0.045 -0.001308831031 2
0 0.795 0.055 -0.001571991333 2
0 0.795 0.065 -0.001841926747 2
0 0.795 0.075 -0.00212914167 2
0 0.795 0.085 -0.002436681294 2
0 0.795 0.095 -0.002756494644 2
0 0.795 0.105 -0.003075494785 2
0 0.795 0.115 -0.003393071281 2
0 0.795 0.125 -0.003703465648 2
0 0.795 0.135 -0.004002906716 2
0 0.795 0.145 -0.00428862069 2
0 0.795 0.155 -0.004558650523 2
0 0.795 0.165 -0.004811630299 2
0 0.795 0.175 -0.00504676235 2
0 0.795 0.185 -0.005263623991 2
0 0.795 0.195 -0.005462057965 2
0 0.795 0.205 -0.00564200543 2
0 0.795 0.215 -0.005803368945 2
0 0.795 0.225 -0.005945901851 2
0 0.795 0.235 -0.006069148826 2
0 0.795 0.245 -0.006172441348 2
0 0.795 0.255 -0.006254947054 2
0 0.795 0.265 -0.006315759646 2
0 0.795 0.275 -0.006354006331 2
0 0.795 0.285 -0.006368940898 2
0 0.795 0.295 -0.006359996435 2
0 0.795 0.305 -0.006326787881 2
0 0.795 0.315 -0.006269073961 2
0 0.795 0.325 -0.006186695639 2
0 0.795 0.335 -0.006079511211 2
0 0.795 0.345 -0.005947345607 2
0 0.795 0.355 -0.005789961203 2
0 0.795 0.365 -0.005607048067 2
0 0.795 0.375 -0.005398226471 2
0 0.795 0.385 -0.005163054613 2
0 0.795 0.395 -0.004901040935 2
0 0.795 0.405 -0.004611648311 2
0 0.795 0.415 -0.004294338229 2
0 0.795 0.425 -0.003948530508 2
0 0.795 0.435 -0.003573895306 2
0 0.795 0.445 -0.00316970768 2
0 0.795 0.455 -0.002737150654 2
0 0.795 0.465 -0.002272523022 2
0 0.795 0.475 -0.001788325591 2
0 0.795 0.485 -0.001248500993 2
0 0.795 0.495 -0.0007670586267 2
0 0.795 0.505 0 2
0 0.795 0.515 0 2
0 0.795 0.525 0 2
0 0.795 0.535 0 2
0 0.795 0.545 0 2
0 0.795 0.555 0 2
0 0.795 0.565 0 2
0 0.805 -0.555 0 2
0 0.805 -0.545 0 2
0 0.805 -0.535 0 2
0 0.805 -0.525 0 2
0 0.805 -0.515 0 2
0 0.805 -0.505 0 2
0 0.805 -0.495 0.000819291709 2
0 0.805 -0.485 0.001333653429 2
0 0.805 -0.475 0.001910640633 2
0 0.805 -0.465 0.00242897912 2
0 0.805 -0.455 0.002927289421 2
0 0.805 -0.445 0.003392267239 2
0 0.805 -0.435 0.003827739768 2
0 0.805 -0.425 0.004232209927 2
0 0.805 -0.415 0.004606173552 2
0 0.805 -0.405 0.00494974861 2
0 0.805 -0.395 0.005263436065 2
0 0.805 -0.385 0.005547837341 2
0 0.805 -0.375 0.005803672265 2
0 0.805 -0.365 0.006031659155 2
0 0.805 -0.355 0.006232406666 2
0 0.805 -0.345 0.006406305094 2
0 0.805 -0.335 0.006553461298 2
0 0.805 -0.325 0.00667371622 2
0 0.805 -0.315 0.006766782856 2
0 0.805 -0.305 0.006832445114 2
0 0.805 -0.295 0.006870707233 2
0 0.805 -0.285 0.006881841523 2
0 0.805 -0.275 0.006866378154 2
0 0.805 -0.265 0.006825074629 2
0 0.805 -0.255 0.006758869575 2
0 0.805 -0.245 0.006668826973 2
0 0.805 -0.235 0.006556073065 2
0 0.805 -0.225 0.006421735254 2
0 0.805 -0.215 0.006266896429 2
0 0.805 -0.205 0.006092569411 2
0 0.805 -0.195 0.005899692892 2
0 0.805 -0.185 0.005689142764 2
0 0.805 -0.175 0.005461752663 2
0 0.805 -0.165 0.005218337419 2
0 0.805 -0.155 0.004959715326 2
0 0.805 -0.145 0.004686726627 2
0 0.805 -0.135 0.004400246502 2
0 0.805 -0.125 0.004101192382 2
0 0.805 -0.115 0.003790521944 2
0 0.805 -0.105 0.003469229435 2
0 0.805 -0.095 0.003138312949 2
0 0.805 -0.085 0.002798798642 2
0 0.805 -0.075 0.002451568587 2
0 0.805 -0.065 0.002097818149 2
0 0.805 -0.055 0.001737826669 2
0 0.805 -0.045 0.001375053566 2
0 0.805 -0.035 0.00100813901 2
0 0.805 -0.025 0.0006547895807 2
0 0.805 -0.015 0.0003201743848 2
0 0.805 -0.005 1.559761042e-05 2
0 0.805 0.005 -0.0002639211614 2
0 0.805 0.015 -0.0005325016675 2
0 0.805 0.025 -0.0007935384271 2
0 0.805 0.035 -0.001056941394 2
0 0.805 0.045 -0.001319883041 2
0 0.805 0.055 -0.001580112013 2
0 0.805 0.065 -0.001843749461 2
0 0.805 0.075 -0.002123753098 2
0 0.805 0.085 -0.002431378627 2
0 0.805 0.095 -0.002763733309 2
0 0.805 0.105 -0.003099152977 2
0 0.805 0.115 -0.003428453763 2
0 0.805 0.125 -0.003749674452 2
0 0.805 0.135 -0.004058073591 2
0 0.805 0.145 -0.004350850676 2
0 0.805 0.155 -0.004626608706 2
0 0.805 0.165 -0.004884290637 2
0 0.805 0.175 -0.005123433195 2
0 0.805 0.185 -0.00534384868 2
0 0.805 0.195 -0.005545553768 2
0 0.805 0.205 -0.005728600322 2
0 0.805 0.215 -0.005892952841 2
0 0.805 0.225 -0.006038381568 2
0 0.805 0.235 -0.00616439966 2
0 0.805 0.245 -0.006270254944 2
0 0.805 0.255 -0.006354987377 2
0 0.805 0.265 -0.006417545109 2
0 0.805 0.275 -0.006456933671 2
0 0.805 0.285 -0.006472346044 2
0 0.805 0.295 -0.006463229446 2
0 0.805 0.305 -0.006429274259 2
0 0.805 0.315 -0.006370347801 2
0 0.805 0.325 -0.006286400082 2
0 0.805 0.335 -0.006177371572 2
0 0.805 0.345 -0.006043130746 2
0 0.805 0.355 -0.005883448198 2
0 0.805 0.365 -0.005697998846 2
0 0.805 0.375 -0.005486375371 2
0 0.805 0.385 -0.005248104009 2
0 0.805 0.395 -0.004982656617 2
0 0.805 0.405 -0.004689447613 2
0 0.805 0.415 -0.004367867051 2
0 0.805 0.425 -0.004017232658 2
0 0.805 0.435 -0.003637094549 2
0 0.805 0.445 -0.003226605626 2
0 0.805 0.455 -0.002786904266 2
0 0.805 0.465 -0.002314220555 2
0 0.805 0.475 -0.00182134357 2
0 0.805 0.485 -0.001271618828 2
0 0.805 0.495 -0.0007812796733 2
0 0.805 0.505 0 2
0 0.805 0.515 0 2
0 0.805 0.525 0 2
0 0.805 0.535 0 2
0 0.805 0.545 0 2
0 0.805 0.555 0 2
0 0.805 0.565 0 2
0 0.815 -0.555 0 2
0 0.815 -0.545 0 2
0 0.815 -0.535 0 2
0 0.815 -0.525 0 2
0 0.815 -0.515 0 2
0 0.815 -0.505 0 2
0 0.815 -0.495 0.0008333452589 2
0 0.815 -0.485 0.001356232298 2
0 0.815 -0.475 0.001942570675 2
0 0.815 -0.465 0.002468934179 2
0 0.815 -0.455 0.002974583431 2
0 0.815 -0.445 0.003445959011 2
0 0.815 -0.435 0.003886940389 2
0 0.815 -0.425 0.004296003119 2
0 0.815 -0.415 0.004673669586 2
0 0.815 -0.405 0.005020107903 2
0 0.815 -0.395 0.005335917793 2
0 0.815 -0.385 0.005621851384 2
0 0.815 -0.375 0.005878827981 2
0 0.815 -0.365 0.006107797035 2
0 0.815 -0.355 0.006309582035 2
0 0.815 -0.345 0.006484716092 2
0 0.815 -0.335 0.006633308924 2
0 0.815 -0.325 0.006755023992 2
0 0.815 -0.315 0.006849298017 2
0 0.815 -0.305 0.006915691204 2
0 0.815 -0.295 0.006954112902 2
0 0.815 -0.285 0.006964824599 2
0 0.815 -0.275 0.00694837982 2
0 0.815 -0.265 0.006905583677 2
0 0.815 -0.255 0.006837443647 2
0 0.815 -0.245 0.006745113095 2
0 0.815 -0.235 0.006629814798 2
0 0.815 -0.225 0.006492757144 2
0 0.815 -0.215 0.006335074421 2
0 0.815 -0.205 0.006157797705 2
0 0.815 -0.195 0.005961858178 2
0 0.815 -0.185 0.005748109006 2
0 0.815 -0.175 0.005517356303 2
0 0.815 -0.165 0.005270389783 2
0 0.815 -0.155 0.00500800922 2
0 0.815 -0.145 0.004731044572 2
0 0.815 -0.135 0.004440369028 2
0 0.815 -0.125 0.004136905409 2
0 0.815 -0.115 0.003821621709 2
0 0.815 -0.105 0.003495523409 2
0 0.815 -0.095 0.003159606686 2
0 0.815 -0.085 0.002814872016 2
0 0.815 -0.075 0.002462060644 2
0 0.815 -0.065 0.002102195876 2
0 0.815 -0.055 0.001734544408 2
0 0.815 -0.045 0.001362958613 2
0 0.815 -0.035 0.000978746036 2
0 0.815 -0.025 0.0006145939969 2
0 0.815 -0.015 0.0002791089313 2
0 0.815 -0.005 -2.314978884e-05 2
0 0.815 0.005 -0.0002991455589 1
0 0.815 0.015 -0.0005521223172 1
0 0.815 0.025 -0.0008008541977 1
0 0.815 0.035 -0.001056795477 1
0 0.815 0.045 -0.001313094325 1
0 0.815 0.055 -0.001563898735 1
0 0.815 0.065 -0.001814963844 1
0 0.815 0.075 -0.00209995453 2
0 0.815 0.085 -0.002408729262 2
0 0.815 0.095 -0.002747074186 2
0 0.815 0.105 -0.003097686962 2
0 0.815 0.115 -0.003443867182 2
0 0.815 0.125 -0.003775539163 2
0 0.815 0.135 -0.004092054734 2
0 0.815 0.145 -0.004390435213 2
0 0.815 0.155 -0.004670253626 2
0 0.815 0.165 -0.004930840168 2
0 0.815 0.175 -0.005172165352 2
0 0.815 0.185 -0.005394369092 2
0 0.815 0.195 -0.005597731868 2
0 0.815 0.205 -0.005782491857 2
0 0.815 0.215 -0.005948731219 2
0 0.815 0.225 -0.006096269531 2
0 0.815 0.235 -0.006224590558 2
0 0.815 0.245 -0.006332824032 2
0 0.815 0.255 -0.006419812363 2
0 0.815 0.265 -0.006484267707 2
0 0.815 0.275 -0.006524995462 2
0 0.815 0.285 -0.006541089095 2
0 0.815 0.295 -0.006532016165 2
0 0.815 0.305 -0.006497575562 2
0 0.815 0.315 -0.00643778463 2
0 0.815 0.325 -0.006352735899 2
0 0.815 0.335 -0.006242464802 2
0 0.815 0.345 -0.0061068757 2
0 0.815 0.355 -0.005945729408 2
0 0.815 0.365 -0.005758670419 2
0 0.815 0.375 -0.005545257873 2
0 0.815 0.385 -0.005304996762 2
0 0.815 0.395 -0.005037350676 2
0 0.815 0.405 -0.004741727069 2
0 0.815 0.415 -0.004417484889 2
0 0.815 0.425 -0.004063862222 2
0 0.815 0.435 -0.003680280885 2
0 0.815 0.445 -0.003265744725 2
0 0.815 0.455 -0.002821317151 2
0 0.815 0.465 -0.00234318481 2
0 0.815 0.475 -0.001844371879 2
0 0.815 0.485 -0.001287818056 2
0 0.815 0.495 -0.0007913184006 2
0 0.815 0.505 0 2
0 0.815 0.515 0 2
0 0.815 0.525 0 2
0 0.815 0.535 0 2
0 0.815 0.545 0 2
0 0.815 0.555 0 2
0 0.815 0.565 0 2
0 0.825 -0.555 0 2
0 0.825 -0.545 0 2
0 0.825 -0.535 0 2
0 0.825 -0.525 0 2
0 0.825 -0.515 0 2
0 0.825 -0.505 0 2
0 0.825 -0.495 0.0008441690413 2
0 0.825 -0.485 0.001373528317 2
0 0.825 -0.475 0.00196689328 2
0 0.825 -0.465 0.002499151421 2
0 0.825 -0.455 0.003010047313 2
0 0.825 -0.445 0.003485812546 2
0 0.825 -0.435 0.003930354856 2
0 0.825 -0.425 0.004342113514 2
0 0.825 -0.415 0.004721614841 2
0 0.825 -0.405 0.00506905282 2
0 0.825 -0.395 0.005385106862 2
0 0.825 -0.385 0.00567068142 2
0 0.825 -0.375 0.005926926053 2
0 0.825 -0.365 0.006155088256 2
0 0.825 -0.355 0.006356276798 2
0 0.825 -0.345 0.006531243959 2
0 0.825 -0.335 0.006680162467 2
0 0.825 -0.325 0.006802478185 2
0 0.825 -0.315 0.006897244191 2
0 0.825 -0.305 0.006963764399 2
0 0.825 -0.295 0.007001917095 2
0 0.825 -0.285 0.007011983935 2
0 0.825 -0.275 0.006994509544 2
0 0.825 -0.265 0.006950316628 2
0 0.825 -0.255 0.006880472417 2
0 0.825 -0.245 0.006786229924 2
0 0.825 -0.235 0.006668927943 2
0 0.825 -0.225 0.006529862578 2
0 0.825 -0.215 0.006370211436 2
0 0.825 -0.205 0.006191002904 2
0 0.825 -0.195 0.005993135052 2
0 0.825 -0.185 0.00577741234 2
0 0.825 -0.175 0.005544591325 2
0 0.825 -0.165 0.005295419938 2
0 0.825 -0.155 0.005030667906 2
0 0.825 -0.145 0.004751147764 2
0 0.825 -0.135 0.004457727829 2
0 0.825 -0.125 0.004151338663 2
0 0.825 -0.115 0.003832968843 2
0 0.825 -0.105 0.003503657245 2
0 0.825 -0.095 0.003164440838 2
0 0.825 -0.085 0.00281636231 2
0 0.825 -0.075 0.002460141646 2
0 0.825 -0.065 0.002096730885 2
0 0.825 -0.055 0.001724583048 2
0 0.825 -0.045 0.001347327119 2
0 0.825 -0.035 0.000945729256 2
0 0.825 -0.025 0.0005668718536 2
0 0.825 -0.015 0.0002240660358 1
0 0.825 -0.005 -4.969092402e-05 1
0 0.825 0.005 -0.000298090812 1
0 0.825 0.015 -0.0005488940857 1
0 0.825 0.025 -0.0007946074577 1
0 0.825 0.035 -0.001046345944 1
0 0.825 0.045 -0.00129946336 1
0 0.825 0.055 -0.001550287801 1
0 0.825 0.065 -0.001801312958 1
0 0.825 0.075 -0.002057388651 1
0 0.825 0.085 -0.002369310632 2
0 0.825 0.095 -0.002712565509 2
0 0.825 0.105 -0.00307866644 2
0 0.825 0.115 -0.003442308687 2
0 0.825 0.125 -0.003782625744 2
0 0.825 0.135 -0.004105493394 2
0 0.825 0.145 -0.004407533792 2
0 0.825 0.155 -0.004689383389 2
0 0.825 0.165 -0.004950784442 2
0 0.825 0.175 -0.005192214061 2
0 0.825 0.185 -0.005414232667 2
0 0.825 0.195 -0.005617465431 2
0 0.825 0.205 -0.005802399333 2
0 0.825 0.215 -0.005969284923 2
0 0.825 0.225 -0.006118036289 2
0 0.825 0.235 -0.00624812972 2
0 0.825 0.245 -0.006358550805 2
0 0.825 0.255 -0.006447859264 2
0 0.825 0.265 -0.00651440042 2
0 0.825 0.275 -0.006556665929 2
0 0.825 0.285 -0.006573608127 2
0 0.825 0.295 -0.006564750027 2
0 0.825 0.305 -0.006530063153 2
0 0.825 0.315 -0.006469777573 2
0 0.825 0.325 -0.006384167988 2
0 0.825 0.335 -0.006273359423 2
0 0.825 0.345 -0.006137250908 2
0 0.825 0.355 -0.005975543368 2
0 0.825 0.365 -0.005787817243 2
0 0.825 0.375 -0.005573581944 2
0 0.825 0.385 -0.00533233445 2
0 0.825 0.395 -0.005063570886 2
0 0.825 0.405 -0.004766761014 2
0 0.825 0.415 -0.004441314024 2
0 0.825 0.425 -0.004086450749 2
0 0.825 0.435 -0.003701473334 2
0 0.825 0.445 -0.003285199453 2
0 0.825 0.455 -0.002838575085 2
0 0.825 0.465 -0.002357788655 2
0 0.825 0.475 -0.001856068416 2
0 0.825 0.485 -0.001296169025 2
0 0.825 0.495 -0.0007966542945 2
0 0.825 0.505 0 2
0 0.825 0.515 0 2
0 0.825 0.525 0 2
0 0.825 0.535 0 2
0 0.825 0.545 0 2
0 0.825 0.555 0 2
0 0.825 0.565 0 2
0 0.835 -0.555 0 2
0 0.835 -0.545 0 2
0 0.835 -0.535 0 2
0 0.835 -0.525 0 2
0 0.835 -0.515 0 2
0 0.835 -0.505 0 2
0 0.835 -0.495 0.0008516288533 2
0 0.835 -0.485 0.001385320089 2
0 0.835 -0.475 0.001983288739 2
0 0.835 -0.465 0.002519224869 2
0 0.835 -0.455 0.00303320022 2
0 0.835 -0.445 0.003511292391 2
0 0.835 -0.435 0.003957418468 2
0 0.835 -0.425 0.004369974616 2
0 0.835 -0.415 0.00474946297 2
0 0.835 -0.405 0.005096062878 2
0 0.835 -0.395 0.005410495091 2
0 0.835 -0.385 0.005693801669 2
0 0.835 -0.375 0.005947361068 2
0 0.835 -0.365 0.006172705488 2
0 0.835 -0.355 0.006371254129 2
0 0.835 -0.345 0.00654425241 2
0 0.835 -0.335 0.006692239808 2
0 0.835 -0.325 0.006814301645 2
0 0.835 -0.315 0.006908731947 2
0 0.835 -0.305 0.006974464398 2
0 0.835 -0.295 0.007011621993 2
0 0.835 -0.285 0.007020743166 2
0 0.835 -0.275 0.007002325676 2
0 0.835 -0.265 0.006957056587 2
0 0.835 -0.255 0.006885939716 2
0 0.835 -0.245 0.006790323768 2
0 0.835 -0.235 0.006671705473 2
0 0.835 -0.225 0.006531492254 2
0 0.835 -0.215 0.006370901712 2
0 0.835 -0.205 0.00619092952 2
0 0.835 -0.195 0.005992404966 2
0 0.835 -0.185 0.005776052436 2
0 0.835 -0.175 0.005542556918 2
0 0.835 -0.165 0.005292610162 2
0 0.835 -0.155 0.005026942852 2
0 0.835 -0.145 0.004746344295 2
0 0.835 -0.135 0.004451674239 2
0 0.835 -0.125 0.004143869994 2
0 0.835 -0.115 0.003823945186 2
0 0.835 -0.105 0.003492986861 2
0 0.835 -0.095 0.003152110145 2
0 0.835 -0.085 0.002802466443 2
0 0.835 -0.075 0.002444903179 2
0 0.835 -0.065 0.002080504305 2
0 0.835 -0.055 0.001707599206 2
0 0.835 -0.045 0.001329841477 2
0 0.835 -0.035 0.0009228938829 2
0 0.835 -0.025 0.0005431508446 2
0 0.835 -0.015 0.0001999107119 1
0 0.835 -0.005 -6.744363582e-05 1
0 0.835 0.005 -0.0003037878469 1
0 0.835 0.015 -0.0005452899622 1
0 0.835 0.025 -0.0007836428331 1
0 0.835 0.035 -0.001029009279 1
0 0.835 0.045 -0.001277029201 1
0 0.835 0.055 -0.001523806182 1
0 0.835 0.065 -0.001772943587 1
0 0.835 0.075 -0.00202401453 1
0 0.835 0.085 -0.002305843452 1
0 0.835 0.095 -0.002660515033 2
0 0.835 0.105 -0.003040698967 2
0 0.835 0.115 -0.003424646006 2
0 0.835 0.125 -0.003771778528 2
0 0.835 0.135 -0.00409880129 2
0 0.835 0.145 -0.004402230663 2
0 0.835 0.155 -0.004683733203 2
0 0.835 0.165 -0.004943508255 2
0 0.835 0.175 -0.005182646089 2
0 0.835 0.185 -0.005402266358 2
0 0.835 0.195 -0.005603419696 2
0 0.835 0.205 -0.00578687178 2
0 0.835 0.215 -0.005953054153 2
0 0.835 0.225 -0.006102012458 2
0 0.835 0.235 -0.006233250424 2
0 0.835 0.245 -0.006345610319 2
0 0.835 0.255 -0.00643729621 2
0 0.835 0.265 -0.006506125935 2
0 0.835 0.275 -0.006550136372 2
0 0.835 0.285 -0.006568119952 2
0 0.835 0.295 -0.00655973573 2
0 0.835 0.305 -0.006525184082 2
0 0.835 0.315 -0.006464934349 2
0 0.835 0.325 -0.006379461131 2
0 0.835 0.335 -0.006268954703 2
0 0.835 0.345 -0.006133248142 2
0 0.835 0.355 -0.005971925674 2
0 0.835 0.365 -0.005784469195 2
0 0.835 0.375 -0.005570300073 2
0 0.835 0.385 -0.005328900434 2
0 0.835 0.395 -0.005059834678 2
0 0.835 0.405 -0.004762735698 2
0 0.835 0.415 -0.004437208271 2
0 0.835 0.425 -0.00408258868 2
0 0.835 0.435 -0.003698113112 2
0 0.835 0.445 -0.003282381562 2
0 0.835 0.455 -0.002836175689 2
0 0.835 0.465 -0.002355768129 2
0 0.835 0.475 -0.001854589801 2
0 0.835 0.485 -0.00129542882 2
0 0.835 0.495 -0.0007966223374 2
0 0.835 0.505 0 2
0 0.835 0.515 0 2
0 0.835 0.525 0 2
0 0.835 0.535 0 2
0 0.835 0.545 0 2
0 0.835 0.555 0 2
0 0.835 0.565 0 2
0 0.845 -0.555 0 2
0 0.845 -0.545 0 2
0 0.845 -0.535 0 2
0 0.845 -0.525 0 2
0 0.845 -0.515 0 2
0 0.845 -0.505 0 2
0 0.845 -0.495 0.0008555712787 2
0 0.845 -0.485 0.001391350111 2
0 0.845 -0.475 0.001991379793 2
0 0.845 -0.465 0.002528669329 2
0 0.845 -0.455 0.003043462344 2
0 0.845 -0.445 0.003521751372 2
0 0.845 -0.435 0.003967455571 2
0 0.845 -0.425 0.00437893234 2
0 0.845 -0.415 0.004756634193 2
0 0.845 -0.405 0.005100671312 2
0 0.845 -0.395 0.005411734888 2
0 0.845 -0.385 0.005690897327 2
0 0.845 -0.375 0.005939783331 2
0 0.845 -0.365 0.006160389907 2
0 0.845 -0.355 0.006354448812 2
0 0.845 -0.345 0.006523517086 2
0 0.845 -0.335 0.006668326919 2
0 0.845 -0.325 0.006787702872 2
0 0.845 -0.315 0.006879746795 2
0 0.845 -0.305 0.006943634122 2
0 0.845 -0.295 0.00697973686 2
0 0.845 -0.285 0.006988349668 2
0 0.845 -0.275 0.006969477155 2
0 0.845 -0.265 0.006923585305 2
0 0.845 -0.255 0.0068517402 2
0 0.845 -0.245 0.006755453897 2
0 0.845 -0.235 0.006636425954 2
0 0.845 -0.225 0.006496131168 2
0 0.845 -0.215 0.006335820429 2
0 0.845 -0.205 0.006156422104 2
0 0.845 -0.195 0.005958654556 2
0 0.845 -0.185 0.005743129247 2
0 0.845 -0.175 0.00551044165 2
0 0.845 -0.165 0.005261219838 2
0 0.845 -0.155 0.004996151875 2
0 0.845 -0.145 0.004716000595 2
0 0.845 -0.135 0.004421612362 2
0 0.845 -0.125 0.004113924839 2
0 0.845 -0.115 0.003793971053 2
0 0.845 -0.105 0.003462886338 2
0 0.845 -0.095 0.003121878043 2
0 0.845 -0.085 0.002772239696 2
0 0.845 -0.075 0.002415059584 2
0 0.845 -0.065 0.002051711174 2
0 0.845 -0.055 0.001680986857 2
0 0.845 -0.045 0.001306259191 2
0 0.845 -0.035 0.0009041877975 2
0 0.845 -0.025 0.0005239464048 2
0 0.845 -0.015 0.0001841289823 1
0 0.845 -0.005 -7.206127693e-05 1
0 0.845 0.005 -0.0002956627809 1
0 0.845 0.015 -0.000528674144 1
0 0.845 0.025 -0.0007647629261 1
0 0.845 0.035 -0.001005530454 1
0 0.845 0.045 -0.001250336227 1
0 0.845 0.055 -0.00149802578 1
0 0.845 0.065 -0.001748381772 1
0 0.845 0.075 -0.001991724368 1
0 0.845 0.085 -0.002265552983 1
0 0.845 0.095 -0.002618218807 2
0 0.845 0.105 -0.003001250675 2
0 0.845 0.115 -0.003394827782 2
0 0.845 0.125 -0.003744428149 2
0 0.845 0.135 -0.004072305357 2
0 0.845 0.145 -0.00437439665 2
0 0.845 0.155 -0.004652844685 2
0 0.845 0.165 -0.004908265077 2
0 0.845 0.175 -0.005142483456 2
0 0.845 0.185 -0.005357347861 2
0 0.845 0.195 -0.00555436549 2
0 0.845 0.205 -0.005734544093 2
0 0.845 0.215 -0.005898481238 2
0 0.845 0.225 -0.006046436651 2
0 0.845 0.235 -0.006178097598 2
0 0.845 0.245 -0.006292241513 2
0 0.845 0.255 -0.006386611056 2
0 0.845 0.265 -0.006458107696 2
0 0.845 0.275 -0.006503997868 2
0 0.845 0.285 -0.006522920188 2
0 0.845 0.295 -0.006514961998 2
0 0.845 0.305 -0.006480775413 2
0 0.845 0.315 -0.006421192998 2
0 0.845 0.325 -0.006336918995 2
0 0.845 0.335 -0.006228046386 2
0 0.845 0.345 -0.006094095847 2
0 0.845 0.355 -0.005934325564 2
0 0.845 0.365 -0.005748105848 2
0 0.845 0.375 -0.00553478038 2
0 0.845 0.385 -0.00529382762 2
0 0.845 0.395 -0.005024882568 2
0 0.845 0.405 -0.00472784562 2
0 0.845 0.415 -0.004402675944 2
0 0.845 0.425 -0.004049144937 2
0 0.845 0.435 -0.003666683638 2
0 0.845 0.445 -0.003253623031 2
0 0.845 0.455 -0.002810481804 2
0 0.845 0.465 -0.002333833529 2
0 0.845 0.475 -0.001837348345 2
0 0.845 0.485 -0.001283971554 2
0 0.845 0.495 -0.000790512096 2
0 0.845 0.505 0 2
0 0.845 0.515 0 2
0 0.845 0.525 0 2
0 0.845 0.535 0 2
0 0.845 0.545 0 2
0 0.845 0.555 0 2
0 0.845 0.565 0 2
0 0.855 -0.555 0 1
0 0.855 -0.545 0 1
0 0.855 -0.535 0 2
0 0.855 -0.525 0 2
0 0.855 -0.515 0 2
0 0.855 -0.505 0 2
0 0.855 -0.495 0.0008558171738 2
0 0.855 -0.485 0.00139131151 2
0 0.855 -0.475 0.001990708528 2
0 0.855 -0.465 0.00252688472 2
0 0.855 -0.455 0.00304010322 2
0 0.855 -0.445 0.003516359286 2
0 0.855 -0.435 0.003959585764 2
0 0.855 -0.425 0.004368129854 2
0 0.855 -0.415 0.004742386678 2
0 0.855 -0.405 0.005082342819 2
0 0.855 -0.395 0.005388562906 2
0 0.855 -0.385 0.005662008162 2
0 0.855 -0.375 0.005904693389 2
0 0.855 -0.365 0.006119168747 2
0 0.855 -0.355 0.006306453352 2
0 0.855 -0.345 0.006466621196 2
0 0.855 -0.335 0.006605321847 2
0 0.855 -0.325 0.006722947815 2
0 0.855 -0.315 0.006811483746 2
0 0.855 -0.305 0.006868532909 2
0 0.855 -0.295 0.0069006082 2
0 0.855 -0.285 0.006909711178 2
0 0.855 -0.275 0.006892107717 2
0 0.855 -0.265 0.006847235671 2
0 0.855 -0.255 0.006775903167 2
0 0.855 -0.245 0.006679901051 2
0 0.855 -0.235 0.006561497988 2
0 0.855 -0.225 0.00642237972 2
0 0.855 -0.215 0.00626379679 2
0 0.855 -0.205 0.006086492634 2
0 0.855 -0.195 0.005891027491 2
0 0.855 -0.185 0.005677877433 2
0 0.855 -0.175 0.005447543656 2
0 0.855 -0.165 0.005200596387 2
0 0.855 -0.155 0.004937686234 2
0 0.855 -0.145 0.00465955008 2
0 0.855 -0.135 0.004367014898 2
0 0.855 -0.125 0.004061005785 2
0 0.855 -0.115 0.003742557893 2
0 0.855 -0.105 0.003412834722 2
0 0.855 -0.095 0.003073121127 2
0 0.855 -0.085 0.002724860988 2
0 0.855 -0.075 0.002369474618 2
0 0.855 -0.065 0.002008605185 2
0 0.855 -0.055 0.001642081573 2
0 0.855 -0.045 0.001273448585 2
0 0.855 -0.035 0.0008866179658 2
0 0.855 -0.025 0.0005169851826 2
0 0.855 -0.015 0.0001826532309 1
0 0.855 -0.005 -7.404670239e-05 1
0 0.855 0.005 -0.0002957754648 1
0 0.855 0.015 -0.0005171760155 1
0 0.855 0.025 -0.0007422795902 1
0 0.855 0.035 -0.0009773887435 1
0 0.855 0.045 -0.001217276351 1
0 0.855 0.055 -0.001457179207 1
0 0.855 0.065 -0.001705704991 1
0 0.855 0.075 -0.001951676136 1
0 0.855 0.085 -0.002230214938 1
0 0.855 0.095 -0.002583014504 2
0 0.855 0.105 -0.002960559787 2
0 0.855 0.115 -0.003352725519 2
0 0.855 0.125 -0.003700921283 2
0 0.855 0.135 -0.004026632286 2
0 0.855 0.145 -0.004324629153 2
0 0.855 0.155 -0.00459673215 2
0 0.855 0.165 -0.004844045214 2
0 0.855 0.175 -0.005069770721 2
0 0.855 0.185 -0.005277167385 2
0 0.855 0.195 -0.005468231641 2
0 0.855 0.205 -0.005643814804 2
0 0.855 0.215 -0.00580418932 2
0 0.855 0.225 -0.005949853616 2
0 0.855 0.235 -0.00608084216 2
0 0.855 0.245 -0.006196057162 2
0 0.855 0.255 -0.006292667598 2
0 0.855 0.265 -0.006366520872 2
0 0.855 0.275 -0.006414136138 2
0 0.855 0.285 -0.006434347465 2
0 0.855 0.295 -0.006428001948 2
0 0.855 0.305 -0.006395943083 2
0 0.855 0.315 -0.006338871383 2
0 0.855 0.325 -0.006257268834 2
0 0.855 0.335 -0.006151100737 2
0 0.855 0.345 -0.006019831635 2
0 0.855 0.355 -0.005862614155 2
0 0.855 0.365 -0.00567864957 2
0 0.855 0.375 -0.005466948038 2
0 0.855 0.385 -0.005226830798 2
0 0.855 0.395 -0.004957972589 2
0 0.855 0.405 -0.004660582647 2
0 0.855 0.415 -0.004335156736 2
0 0.855 0.425 -0.003982470473 2
0 0.855 0.435 -0.003602583961 2
0 0.855 0.445 -0.003193622791 2
0 0.855 0.455 -0.002756147763 2
0 0.855 0.465 -0.002287510007 2
0 0.855 0.475 -0.001801274746 2
0 0.855 0.485 -0.00126002805 2
0 0.855 0.495 -0.000777549831 2
0 0.855 0.505 0 2
0 0.855 0.515 0 2
0 0.855 0.525 0 2
0 0.855 0.535 0 2
0 0.855 0.545 0 2
0 0.855 0.555 0 2
0 0.855 0.565 0 2
0 0.865 -0.555 0 1
0 0.865 -0.545 0 1
0 0.865 -0.535 0 2
0 0.865 -0.525 0 2
0 0.865 -0.515 0 2
0 0.865 -0.505 0 2
0 0.865 -0.495 0.0008521552084 2
0 0.865 -0.485 0.001384834877 2
0 0.865 -0.475 0.001980713086 2
0 0.865 -0.465 0.002513119258 2
0 0.865 -0.455 0.003022186393 2
0 0.865 -0.445 0.003494021999 2
0 0.865 -0.435 0.003932607982 2
0 0.865 -0.425 0.004336346164 2
0 0.865 -0.415 0.004705607597 2
0 0.865 -0.405 0.005040274438 2
0 0.865 -0.395 0.00534067989 2
0 0.865 -0.385 0.005607434896 2
0 0.865 -0.375 0.005842774959 2
0 0.865 -0.365 0.006048349983 2
0 0.865 -0.355 0.006230188687 2
0 0.865 -0.345 0.006383298585 2
0 0.865 -0.335 0.006506763682 2
0 0.865 -0.325 0.006605302764 2
0 0.865 -0.315 0.006679523938 2
0 0.865 -0.305 0.006735452626 2
0 0.865 -0.295 0.006773608603 2
0 0.865 -0.285 0.006786218433 2
0 0.865 -0.275 0.006769146157 2
0 0.865 -0.265 0.006724637357 2
0 0.865 -0.255 0.006655790688 2
0 0.865 -0.245 0.006561797621 2
0 0.865 -0.235 0.006445527958 2
0 0.865 -0.225 0.006309149876 2
0 0.865 -0.215 0.006153946316 2
0 0.865 -0.205 0.00598041819 2
0 0.865 -0.195 0.005788884167 2
0 0.865 -0.185 0.005579695033 2
0 0.865 -0.175 0.005353278684 2
0 0.865 -0.165 0.005110171816 2
0 0.865 -0.155 0.004851002954 2
0 0.865 -0.145 0.004576487278 2
0 0.865 -0.135 0.004287424849 2
0 0.865 -0.125 0.003984709287 2
0 0.865 -0.115 0.003669351228 2
0 0.865 -0.105 0.003342502339 2
0 0.865 -0.095 0.003005490265 2
0 0.865 -0.085 0.002659911792 2
0 0.865 -0.075 0.002307440846 2
0 0.865 -0.065 0.001950089123 2
0 0.865 -0.055 0.001589535844 2
0 0.865 -0.045 0.001230242796 2
0 0.865 -0.035 0.0008670406361 2
0 0.865 -0.025 0.0005130658284 2
0 0.865 -0.015 0.0001971433271 2
0 0.865 -0.005 -7.339985786e-05 1
0 0.865 0.005 -0.0002779943049 1
0 0.865 0.015 -0.000483117979 1
0 0.865 0.025 -0.0007046477806 1
0 0.865 0.035 -0.000941704608 1
0 0.865 0.045 -0.001184187136 1
0 0.865 0.055 -0.001421335239 1
0 0.865 0.065 -0.001668771557 1
0 0.865 0.075 -0.001917316226 1
0 0.865 0.085 -0.002196247174 1
0 0.865 0.095 -0.002544642252 2
0 0.865 0.105 -0.002916093286 2
0 0.865 0.115 -0.003297445574 2
0 0.865 0.125 -0.003640589501 2
0 0.865 0.135 -0.003960259851 2
0 0.865 0.145 -0.004250555223 2
0 0.865 0.155 -0.004512984841 2
0 0.865 0.165 -0.004749447664 2
0 0.865 0.175 -0.004964452277 2
0 0.865 0.185 -0.005162408714 2
0 0.865 0.195 -0.00534535617 2
0 0.865 0.205 -0.005514060989 2
0 0.865 0.215 -0.005668821801 2
0 0.865 0.225 -0.005810565469 2
0 0.865 0.235 -0.005939533309 2
0 0.865 0.245 -0.006054792138 2
0 0.865 0.255 -0.00615574517 2
0 0.865 0.265 -0.006234292184 2
0 0.865 0.275 -0.006282659276 2
0 0.865 0.285 -0.006300720037 2
0 0.865 0.295 -0.006294481364 2
0 0.865 0.305 -0.006265274825 2
0 0.865 0.315 -0.006211541647 2
0 0.865 0.325 -0.006135783315 2
0 0.865 0.335 -0.006037348897 2
0 0.865 0.345 -0.00591173681 2
0 0.865 0.355 -0.005757867597 2
0 0.865 0.365 -0.005576886063 2
0 0.865 0.375 -0.005367499657 2
0 0.865 0.385 -0.005128493645 2
0 0.865 0.395 -0.00485934818 2
0 0.865 0.405 -0.004560310791 2
0 0.865 0.415 -0.004232513863 2
0 0.865 0.425 -0.003878311737 2
0 0.865 0.435 -0.003496942725 2
0 0.865 0.445 -0.003091647423 2
0 0.865 0.455 -0.002662110252 2
0 0.865 0.465 -0.002207315815 2
0 0.865 0.475 -0.001742448896 2
0 0.865 0.485 -0.001225706977 2
0 0.865 0.495 -0.000761689413 2
0 0.865 0.505 0 2
0 0.865 0.515 0 2
0 0.865 0.525 0 2
0 0.865 0.535 0 2
0 0.865 0.545 0 2
0 0.865 0.555 0 2
0 0.865 0.565 0 2
0 0.875 -0.555 0 1
0 0.875 -0.545 0 1
0 0.875 -0.535 0 2
0 0.875 -0.525 0 2
0 0.875 -0.515 0 2
0 0.875 -0.505 0 2
0 0.875 -0.495 0.000844335777 2
0 0.875 -0.485 0.001371476134 2
0 0.875 -0.475 0.001960706432 2
0 0.875 -0.465 0.002486436297 2
0 0.875 -0.455 0.002988519687 2
0 0.875 -0.445 0.003453306555 2
0 0.875 -0.435 0.003884884132 2
0 0.875 -0.425 0.004281808527 2
0 0.875 -0.415 0.004644510096 2
0 0.875 -0.405 0.00497290953 2
0 0.875 -0.395 0.005267010426 2
0 0.875 -0.385 0.005526813346 2
0 0.875 -0.375 0.005755321744 2
0 0.875 -0.365 0.005953283699 2
0 0.875 -0.355 0.00612701028 2
0 0.875 -0.345 0.006264737725 2
0 0.875 -0.335 0.006352147108 1
0 0.875 -0.325 0.0064192799 1
0 0.875 -0.315 0.006486745125 2
0 0.875 -0.305 0.006539972605 2
0 0.875 -0.295 0.006578528081 2
0 0.875 -0.285 0.006596988131 2
0 0.875 -0.275 0.006592331052 2
0 0.875 -0.265 0.006558155033 2
0 0.875 -0.255 0.006492261484 2
0 0.875 -0.245 0.006399617817 2
0 0.875 -0.235 0.006287404956 2
0 0.875 -0.225 0.006155778831 2
0 0.875 -0.215 0.006005836792 2
0 0.875 -0.205 0.005837839146 2
0 0.875 -0.195 0.00565184389 2
0 0.875 -0.185 0.005448146997 2
0 0.875 -0.175 0.005227162414 2
0 0.875 -0.165 0.004989435611 2
0 0.875 -0.155 0.004735595431 2
0 0.875 -0.145 0.00446634042 2
0 0.875 -0.135 0.004182432905 2
0 0.875 -0.125 0.003884710075 2
0 0.875 -0.115 0.003574118492 2
0 0.875 -0.105 0.003251737301 2
0 0.875 -0.095 0.002918893136 2
0 0.875 -0.085 0.002577173998 2
0 0.875 -0.075 0.002228507732 2
0 0.875 -0.065 0.001875641735 2
0 0.875 -0.055 0.001522311032 2
0 0.875 -0.045 0.001167110488 2
0 0.875 -0.035 0.000821268352 2
0 0.875 -0.025 0.0004937446432 2
0 0.875 -0.015 0.0002054743761 2
0 0.875 -0.005 -4.140259519e-05 2
0 0.875 0.005 -0.0002649427831 1
0 0.875 0.015 -0.0004683827589 1
0 0.875 0.025 -0.0006844334108 1
0 0.875 0.035 -0.0009117529475 1
0 0.875 0.045 -0.001138916998 1
0 0.875 0.055 -0.001358052231 1
0 0.875 0.065 -0.001593825321 1
0 0.875 0.075 -0.001869780999 2
0 0.875 0.085 -0.002177830472 2
0 0.875 0.095 -0.00251342024 2
0 0.875 0.105 -0.002867078309 2
0 0.875 0.115 -0.003228039434 2
0 0.875 0.125 -0.003562182399 2
0 0.875 0.135 -0.003877843261 2
0 0.875 0.145 -0.004161662141 2
0 0.875 0.155 -0.004409698297 2
0 0.875 0.165 -0.004621731494 2
0 0.875 0.175 -0.004813359627 2
0 0.875 0.185 -0.005000137837 2
0 0.875 0.195 -0.005179743762 2
0 0.875 0.205 -0.005346457345 2
0 0.875 0.215 -0.005494239679 2
0 0.875 0.225 -0.005629927055 2
0 0.875 0.235 -0.005754329195 2
0 0.875 0.245 -0.005868725721 2
0 0.875 0.255 -0.005968320222 2
0 0.875 0.265 -0.006042858247 2
0 0.875 0.275 -0.006087794816 2
0 0.875 0.285 -0.006107609106 2
0 0.875 0.295 -0.006109639496 2
0 0.875 0.305 -0.006093086846 2
0 0.875 0.315 -0.006052939243 2
0 0.875 0.325 -0.005985980981 2
0 0.875 0.335 -0.005891045275 2
0 0.875 0.345 -0.005768093611 2
0 0.875 0.355 -0.005620404468 2
0 0.875 0.365 -0.005444322724 2
0 0.875 0.375 -0.005237880602 2
0 0.875 0.385 -0.005000385543 2
0 0.875 0.395 -0.004730704377 2
0 0.875 0.405 -0.004428364409 2
0 0.875 0.415 -0.004095080302 2
0 0.875 0.425 -0.00373327244 2
0 0.875 0.435 -0.003343765249 2
0 0.875 0.445 -0.002938507354 2
0 0.875 0.455 -0.00252046363 2
0 0.875 0.465 -0.002090571509 2
0 0.875 0.475 -0.001657775807 2
0 0.875 0.485 -0.001175692331 2
0 0.875 0.495 -0.0007380229654 2
0 0.875 0.505 0 2
0 0.875 0.515 0 2
0 0.875 0.525 0 2
0 0.875 0.535 0 2
0 0.875 0.545 0 2
0 0.875 0.555 0 2
0 0.875 0.565 0 2
0 0.885 -0.555 0 1
0 0.885 -0.545 0 1
0 0.885 -0.535 0 2
0 0.885 -0.525 0 2
0 0.885 -0.515 0 2
0 0.885 -0.505 0 2
0 0.885 -0.495 0.0008320642868 2
0 0.885 -0.485 0.001350704594 2
0 0.885 -0.475 0.001929857407 2
0 0.885 -0.465 0.002445688272 2
0 0.885 -0.455 0.002937621204 2
0 0.885 -0.445 0.003392394539 2
0 0.885 -0.435 0.003814264604 2
0 0.885 -0.425 0.004202052526 2
0 0.885 -0.415 0.004556359287 2
0 0.885 -0.405 0.004877389135 2
0 0.885 -0.395 0.005164848643 2
0 0.885 -0.385 0.005419821652 2
0 0.885 -0.375 0.005642106205 2
0 0.885 -0.365 0.005829979471 2
0 0.885 -0.355 0.005968390826 1
0 0.885 -0.345 0.006068903517 1
0 0.885 -0.335 0.006148259162 1
0 0.885 -0.325 0.006214602464 1
0 0.885 -0.315 0.006264316302 1
0 0.885 -0.305 0.006299744589 1
0 0.885 -0.295 0.006324569443 1
0 0.885 -0.285 0.006350081891 2
0 0.885 -0.275 0.006355608018 2
0 0.885 -0.265 0.00633562907 2
0 0.885 -0.255 0.0062807505 2
0 0.885 -0.245 0.0061948092 2
0 0.885 -0.235 0.006087179027 2
0 0.885 -0.225 0.005962594845 2
0 0.885 -0.215 0.005819756488 2
0 0.885 -0.205 0.00565884691 2
0 0.885 -0.195 0.005479779629 2
0 0.885 -0.185 0.005282920524 2
0 0.885 -0.175 0.00506875313 2
0 0.885 -0.165 0.004837876861 2
0 0.885 -0.155 0.004590939374 2
0 0.885 -0.145 0.004328622409 2
0 0.885 -0.135 0.00405163462 2
0 0.885 -0.125 0.003760728397 2
0 0.885 -0.115 0.003456736536 2
0 0.885 -0.105 0.003140610622 2
0 0.885 -0.095 0.002813654626 2
0 0.885 -0.085 0.002477204995 2
0 0.885 -0.075 0.002133627934 2
0 0.885 -0.065 0.001787008074 2
0 0.885 -0.055 0.00143697392 2
0 0.885 -0.045 0.001091803948 2
0 0.885 -0.035 0.0007746153449 2
0 0.885 -0.025 0.0004767907644 2
0 0.885 -0.015 0.0002022394036 2
0 0.885 -0.005 -4.659360868e-05 1
0 0.885 0.005 -0.0002496654052 1
0 0.885 0.015 -0.0004433621449 1
0 0.885 0.025 -0.0006572022125 2
0 0.885 0.035 -0.0008777918671 2
0 0.885 0.045 -0.001097670794 2
0 0.885 0.055 -0.001309217415 2
0 0.885 0.065 -0.001538684285 2
0 0.885 0.075 -0.001803055456 2
0 0.885 0.085 -0.002112204752 2
0 0.885 0.095 -0.00245029529 2
0 0.885 0.105 -0.002795221789 2
0 0.885 0.115 -0.003145324678 2
0 0.885 0.125 -0.003471400879 2
0 0.885 0.135 -0.00377048345 2
0 0.885 0.145 -0.004030370547 2
0 0.885 0.155 -0.00425681837 2
0 0.885 0.165 -0.004458048602 2
0 0.885 0.175 -0.004641619241 2
0 0.885 0.185 -0.004818133461 2
0 0.885 0.195 -0.004982439622 2
0 0.885 0.205 -0.005134052871 2
0 0.885 0.215 -0.00527184997 2
0 0.885 0.225 -0.005405032212 2
0 0.885 0.235 -0.005528415814 2
0 0.885 0.245 -0.005637186415 2
0 0.885 0.255 -0.005731036806 2
0 0.885 0.265 -0.005799256503 2
0 0.885 0.275 -0.005833071207 1
0 0.885 0.285 -0.005853186846 1
0 0.885 0.295 -0.005862270051 1
0 0.885 0.305 -0.005857536158 1
0 0.885 0.315 -0.005836262724 1
0 0.885 0.325 -0.005798268446 2
0 0.885 0.335 -0.005715435623 2
0 0.885 0.345 -0.005597220991 2
0 0.885 0.355 -0.005453712921 2
0 0.885 0.365 -0.005282012605 2
0 0.885 0.375 -0.005080370594 2
0 0.885 0.385 -0.004845223332 2
0 0.885 0.395 -0.004575560186 2
0 0.885 0.405 -0.004269332598 2
0 0.885 0.415 -0.00392811903 2
0 0.885 0.425 -0.003548838332 2
0 0.885 0.435 -0.003140162088 2
0 0.885 0.445 -0.002720067621 2
0 0.885 0.455 -0.002298871919 1
0 0.885 0.465 -0.001922313383 1
0 0.885 0.475 -0.001536478809 1
0 0.885 0.485 -0.001108515596 1
0 0.885 0.495 -0.0007191883649 1
0 0.885 0.505 0 2
0 0.885 0.515 0 2
0 0.885 0.525 0 2
0 0.885 0.535 0 2
0 0.885 0.545 0 2
0 0.885 0.555 0 2
0 0.885 0.565 0 2
0 0.895 -0.555 0 1
0 0.895 -0.545 0 1
0 0.895 -0.535 0 2
0 0.895 -0.525 0 2
0 0.895 -0.515 0 2
0 0.895 -0.505 0 2
0 0.895 -0.495 0.0008149919094 2
0 0.895 -0.485 0.001321886917 2
0 0.895 -0.475 0.001887167739 2
0 0.895 -0.465 0.002389492673 2
0 0.895 -0.455 0.002867702974 2
0 0.895 -0.445 0.003309081948 2
0 0.895 -0.435 0.003718106325 2
0 0.895 -0.425 0.00409394185 2
0 0.895 -0.415 0.004437426702 2
0 0.895 -0.405 0.004749214562 2
0 0.895 -0.395 0.005028565451 2
0 0.895 -0.385 0.005279935062 2
0 0.895 -0.375 0.005488673931 2
0 0.895 -0.365 0.005641600865 1
0 0.895 -0.355 0.005756159964 1
0 0.895 -0.345 0.005842884776 1
0 0.895 -0.335 0.005918582856 1
0 0.895 -0.325 0.005982433802 1
0 0.895 -0.315 0.00602965521 1
0 0.895 -0.305 0.00605930678 1
0 0.895 -0.295 0.006076935541 1
0 0.895 -0.285 0.00608287193 1
0 0.895 -0.275 0.006079676275 1
0 0.895 -0.265 0.006067606268 2
0 0.895 -0.255 0.006022001718 2
0 0.895 -0.245 0.005945479132 2
0 0.895 -0.235 0.005846529763 2
0 0.895 -0.225 0.005731084368 2
0 0.895 -0.215 0.005596724243 2
0 0.895 -0.205 0.005443885857 2
0 0.895 -0.195 0.005272685262 2
0 0.895 -0.185 0.005083697799 2
0 0.895 -0.175 0.004877542415 2
0 0.895 -0.165 0.004654893124 2
0 0.895 -0.155 0.00441641509 2
0 0.895 -0.145 0.004162760179 2
0 0.895 -0.135 0.003894559985 2
0 0.895 -0.125 0.003612449591 2
0 0.895 -0.115 0.003317082451 2
0 0.895 -0.105 0.003009220378 2
0 0.895 -0.095 0.002689928358 2
0 0.895 -0.085 0.002360171028 2
0 0.895 -0.075 0.002023164067 2
0 0.895 -0.065 0.001678347635 2
0 0.895 -0.055 0.001335684473 2
0 0.895 -0.045 0.001010472861 2
0 0.895 -0.035 0.0007157938735 2
0 0.895 -0.025 0.0004391217865 1
0 0.895 -0.015 0.0001968244451 1
0 0.895 -0.005 -2.80436886e-05 1
0 0.895 0.005 -0.0002327613394 1
0 0.895 0.015 -0.0004242212377 1
0 0.895 0.025 -0.0006197925114 1
0 0.895 0.035 -0.0008231346258 1
0 0.895 0.045 -0.001024861565 1
0 0.895 0.055 -0.001212857176 1
0 0.895 0.065 -0.001442108856 2
0 0.895 0.075 -0.001710734708 2
0 0.895 0.085 -0.002030207212 2
0 0.895 0.095 -0.002372084954 2
0 0.895 0.105 -0.002703713141 2
0 0.895 0.115 -0.003040274497 2
0 0.895 0.125 -0.003352970267 2
0 0.895 0.135 -0.003634099436 2
0 0.895 0.145 -0.003874128952 2
0 0.895 0.155 -0.004074591337 1
0 0.895 0.165 -0.004251750235 1
0 0.895 0.175 -0.004417242551 1
0 0.895 0.185 -0.004596278389 2
0 0.895 0.195 -0.004756223818 2
0 0.895 0.205 -0.004899661563 2
0 0.895 0.215 -0.005025478534 2
0 0.895 0.225 -0.005148422529 2
0 0.895 0.235 -0.005268047058 2
0 0.895 0.245 -0.005374971849 2
0 0.895 0.255 -0.005466012014 2
0 0.895 0.265 -0.005533553819 1
0 0.895 0.275 -0.005576787067 1
0 0.895 0.285 -0.00559741493 1
0 0.895 0.295 -0.005603964819 1
0 0.895 0.305 -0.005597077945 1
0 0.895 0.315 -0.005574425508 1
0 0.895 0.325 -0.005538243116 1
0 0.895 0.335 -0.005483157087 1
0 0.895 0.345 -0.005397664261 2
0 0.895 0.355 -0.00526107786 2
0 0.895 0.365 -0.005091638 2
0 0.895 0.375 -0.004895390305 2
0 0.895 0.385 -0.004665683976 2
0 0.895 0.395 -0.004398366309 2
0 0.895 0.405 -0.004090814438 2
0 0.895 0.415 -0.003743997385 2
0 0.895 0.425 -0.003342623219 2
0 0.895 0.435 -0.002927091557 2
0 0.895 0.445 -0.002517941972 1
0 0.895 0.455 -0.002160905691 1
0 0.895 0.465 -0.001806276881 1
0 0.895 0.475 -0.001431972903 1
0 0.895 0.485 -0.001013175902 1
0 0.895 0.495 -0.0006274298856 1
0 0.895 0.505 0 1
0 0.895 0.515 0 1
0 0.895 0.525 0 2
0 0.895 0.535 0 2
0 0.895 0.545 0 2
0 0.895 0.555 0 2
0 0.895 0.565 0 2
0 0.905 -0.555 0 2
0 0.905 -0.545 0 2
0 0.905 -0.535 0 2
0 0.905 -0.525 0 2
0 0.905 -0.515 0 2
0 0.905 -0.505 0 2
0 0.905 -0.495 0.0007926942736 2
0 0.905 -0.485 0.001284255296 2
0 0.905 -0.475 0.001831433068 2
0 0.905 -0.465 0.002316200146 2
0 0.905 -0.455 0.002776665149 2
0 0.905 -0.445 0.003200822587 2
0 0.905 -0.435 0.003593391935 2
0 0.905 -0.425 0.003953895631 2
0 0.905 -0.415 0.004283366126 2
0 0.905 -0.405 0.004582706913 2
0 0.905 -0.395 0.004850418729 2
0 0.905 -0.385 0.005090854408 2
0 0.905 -0.375 0.005281919039 2
0 0.905 -0.365 0.005416447584 1
0 0.905 -0.355 0.005518002151 1
0 0.905 -0.345 0.005596215963 1
0 0.905 -0.335 0.005665602386 1
0 0.905 -0.325 0.005720760532 1
0 0.905 -0.315 0.005762835205 1
0 0.905 -0.305 0.005792415855 1
0 0.905 -0.295 0.005809805393 1
0 0.905 -0.285 0.005812237923 1
0 0.905 -0.275 0.005803537546 1
0 0.905 -0.265 0.005778993711 1
0 0.905 -0.255 0.0057349607 2
0 0.905 -0.245 0.005662617144 2
0 0.905 -0.235 0.005571531972 2
0 0.905 -0.225 0.005464502323 2
0 0.905 -0.215 0.00533826562 2
0 0.905 -0.205 0.005193426315 2
0 0.905 -0.195 0.005030392918 2
0 0.905 -0.185 0.004849943515 2
0 0.905 -0.175 0.004652800917 2
0 0.905 -0.165 0.004439676578 2
0 0.905 -0.155 0.004211218224 2
0 0.905 -0.145 0.003968017907 2
0 0.905 -0.135 0.003710602367 2
0 0.905 -0.125 0.003439462049 2
0 0.905 -0.115 0.003155018606 2
0 0.905 -0.105 0.002857818876 2
0 0.905 -0.095 0.002548422697 2
0 0.905 -0.085 0.00222792303 2
0 0.905 -0.075 0.001900912561 2
0 0.905 -0.065 0.00156033128 2
0 0.905 -0.055 0.001228210831 2
0 0.905 -0.045 0.0009241407472 2
0 0.905 -0.035 0.0006471882949 1
0 0.905 -0.025 0.0004139545246 1
0 0.905 -0.015 0.000191278787 1
0 0.905 -0.005 -1.573224187e-05 1
0 0.905 0.005 -0.0002043489324 1
0 0.905 0.015 -0.0003849779189 1
0 0.905 0.025 -0.0005730648721 1
0 0.905 0.035 -0.0007669567323 1
0 0.905 0.045 -0.0009591961196 1
0 0.905 0.055 -0.001142052314 1
0 0.905 0.065 -0.001346421226 1
0 0.905 0.075 -0.001617438308 2
0 0.905 0.085 -0.00192938778 2
0 0.905 0.095 -0.002265628697 2
0 0.905 0.105 -0.002585623032 2
0 0.905 0.115 -0.00291608131 2
0 0.905 0.125 -0.003219812216 2
0 0.905 0.135 -0.003484717692 1
0 0.905 0.145 -0.003691087517 1
0 0.905 0.155 -0.003868331505 1
0 0.905 0.165 -0.004036838986 1
0 0.905 0.175 -0.004193172193 1
0 0.905 0.185 -0.00434572091 1
0 0.905 0.195 -0.004487989689 1
0 0.905 0.205 -0.004621160921 1
0 0.905 0.215 -0.004757039432 2
0 0.905 0.225 -0.004872348524 2
0 0.905 0.235 -0.004983173471 2
0 0.905 0.245 -0.005093708048 2
0 0.905 0.255 -0.005190506809 2
0 0.905 0.265 -0.005259703832 1
0 0.905 0.275 -0.005303732773 1
0 0.905 0.285 -0.005320905725 1
0 0.905 0.295 -0.005321790154 1
0 0.905 0.305 -0.005311357767 1
0 0.905 0.315 -0.005287023898 1
0 0.905 0.325 -0.005251221101 1
0 0.905 0.335 -0.005202817251 1
0 0.905 0.345 -0.005134309724 1
0 0.905 0.355 -0.005031741254 2
0 0.905 0.365 -0.004874889627 2
0 0.905 0.375 -0.004685804161 2
0 0.905 0.385 -0.004462998798 2
0 0.905 0.395 -0.004202455183 2
0 0.905 0.405 -0.00390101427 2
0 0.905 0.415 -0.003559610639 2
0 0.905 0.425 -0.003160638385 2
0 0.905 0.435 -0.002757203275 2
0 0.905 0.445 -0.002366921166 1
0 0.905 0.455 -0.00202946497 1
0 0.905 0.465 -0.001694575479 1
0 0.905 0.475 -0.001336968077 1
0 0.905 0.485 -0.00093726738 1
0 0.905 0.495 -0.0005761655895 1
0 0.905 0.505 0 1
0 0.905 0.515 0 1
0 0.905 0.525 0 1
0 0.905 0.535 0 1
0 0.905 0.545 0 1
0 0.905 0.555 0 2
0 0.905 0.565 0 2
0 0.915 -0.555 0 2
0 0.915 -0.545 0 2
0 0.915 -0.535 0 2
0 0.915 -0.525 0 2
0 0.915 -0.515 0 2
0 0.915 -0.505 0 2
0 0.915 -0.495 0.0007646309477 2
0 0.915 -0.485 0.001236831053 2
0 0.915 -0.475 0.001761135969 2
0 0.915 -0.465 0.002223795175 2
0 0.915 -0.455 0.002662048714 2
0 0.915 -0.445 0.00306477675 2
0 0.915 -0.435 0.003436924147 2
0 0.915 -0.425 0.003778340079 2
0 0.915 -0.415 0.004090218096 2
0 0.915 -0.405 0.00437362525 2
0 0.915 -0.395 0.004626902018 2
0 0.915 -0.385 0.004854582305 2
0 0.915 -0.375 0.00503250796 2
0 0.915 -0.365 0.005155910633 1
0 0.915 -0.355 0.005250249041 1
0 0.915 -0.345 0.005321983714 1
0 0.915 -0.335 0.00538336333 1
0 0.915 -0.325 0.005432608807 1
0 0.915 -0.315 0.005470052032 1
0 0.915 -0.305 0.005495311596 1
0 0.915 -0.295 0.005508344806 1
0 0.915 -0.285 0.005508990772 1
0 0.915 -0.275 0.005501922731 1
0 0.915 -0.265 0.005478538709 1
0 0.915 -0.255 0.005430159924 2
0 0.915 -0.245 0.005356559131 2
0 0.915 -0.235 0.005267411096 2
0 0.915 -0.225 0.005165326074 2
0 0.915 -0.215 0.005045043255 2
0 0.915 -0.205 0.004907189317 2
0 0.915 -0.195 0.00475212127 2
0 0.915 -0.185 0.004580633417 2
0 0.915 -0.175 0.004393409485 2
0 0.915 -0.165 0.004191102495 2
0 0.915 -0.155 0.003974277318 2
0 0.915 -0.145 0.00374342325 2
0 0.915 -0.135 0.003498933959 2
0 0.915 -0.125 0.003241134344 2
0 0.915 -0.115 0.002970172472 2
0 0.915 -0.105 0.002686317485 2
0 0.915 -0.095 0.002389176406 2
0 0.915 -0.085 0.002080032571 2
0 0.915 -0.075 0.001758320322 2
0 0.915 -0.065 0.001425389897 2
0 0.915 -0.055 0.001113736523 2
0 0.915 -0.045 0.000827699615 1
0 0.915 -0.035 0.0005973672111 1
0 0.915 -0.025 0.000388747697 1
0 0.915 -0.015 0.0001889001514 1
0 0.915 -0.005 -2.882534959e-06 1
0 0.915 0.005 -0.0001884544552 1
0 0.915 0.015 -0.0003675947325 1
0 0.915 0.025 -0.0005443020247 1
0 0.915 0.035 -0.0007193478661 1
0 0.915 0.045 -0.0008914038867 1
0 0.915 0.055 -0.00105530214 1
0 0.915 0.065 -0.001245232992 1
0 0.915 0.075 -0.0015102188 2
0 0.915 0.085 -0.001813757359 2
0 0.915 0.095 -0.002142901647 2
0 0.915 0.105 -0.002448851647 2
0 0.915 0.115 -0.002767182632 2
0 0.915 0.125 -0.003055493735 2
0 0.915 0.135 -0.003306865552 1
0 0.915 0.145 -0.003497841115 1
0 0.915 0.155 -0.003657199551 1
0 0.915 0.165 -0.003808781036 1
0 0.915 0.175 -0.003948567239 1
0 0.915 0.185 -0.004087228434 1
0 0.915 0.195 -0.004218385439 1
0 0.915 0.205 -0.004340651037 1
0 0.915 0.215 -0.004454397756 1
0 0.915 0.225 -0.004577444969 2
0 0.915 0.235 -0.00468049815 2
0 0.915 0.245 -0.004788049172 2
0 0.915 0.255 -0.004886488642 2
0 0.915 0.265 -0.004957647219 2
0 0.915 0.275 -0.004996375053 1
0 0.915 0.285 -0.005012427462 1
0 0.915 0.295 -0.005012785187 1
0 0.915 0.305 -0.005003286836 1
0 0.915 0.315 -0.004979810587 1
0 0.915 0.325 -0.004942525914 1
0 0.915 0.335 -0.004891580525 1
0 0.915 0.345 -0.004830226997 1
0 0.915 0.355 -0.004744682923 1
0 0.915 0.365 -0.004623323962 2
0 0.915 0.375 -0.004448996462 2
0 0.915 0.385 -0.004234246242 2
0 0.915 0.395 -0.003986349426 2
0 0.915 0.405 -0.003699850039 2
0 0.915 0.415 -0.003375523966 2
0 0.915 0.425 -0.003000187005 2
0 0.915 0.435 -0.002610750291 2
0 0.915 0.445 -0.002231815137 1
0 0.915 0.455 -0.001906400726 1
0 0.915 0.465 -0.001585480653 1
0 0.915 0.475 -0.00124965292 1
0 0.915 0.485 -0.0008721051171 1
0 0.915 0.495 -0.0005352206174 1
0 0.915 0.505 0 1
0 0.915 0.515 0 1
0 0.915 0.525 0 1
0 0.915 0.535 0 1
0 0.915 0.545 0 1
0 0.915 0.555 0 1
0 0.915 0.565 0 2
0 0.925 -0.555 0 2
0 0.925 -0.545 0 2
0 0.925 -0.535 0 2
0 0.925 -0.525 0 2
0 0.925 -0.515 0 2
0 0.925 -0.505 0 2
0 0.925 -0.495 0.0007300293478 2
0 0.925 -0.485 0.001178275751 2
0 0.925 -0.475 0.00167429565 2
0 0.925 -0.465 0.00210978244 2
0 0.925 -0.455 0.002520971047 2
0 0.925 -0.445 0.002897811864 2
0 0.925 -0.435 0.003245401938 2
0 0.925 -0.425 0.003563827642 2
0 0.925 -0.415 0.003854368477 2
0 0.925 -0.405 0.004118138496 2
0 0.925 -0.395 0.004354105751 2
0 0.925 -0.385 0.004567319254 2
0 0.925 -0.375 0.004739119974 2
0 0.925 -0.365 0.004860173808 1
0 0.925 -0.355 0.00495120667 1
0 0.925 -0.345 0.005018375585 1
0 0.925 -0.335 0.005072238612 1
0 0.925 -0.325 0.005115722411 1
0 0.925 -0.315 0.005147100695 1
0 0.925 -0.305 0.005168333763 1
0 0.925 -0.295 0.005178393611 1
0 0.925 -0.285 0.005178814072 1
0 0.925 -0.275 0.005169165553 1
0 0.925 -0.265 0.005143598001 1
0 0.925 -0.255 0.005096780602 2
0 0.925 -0.245 0.005024538124 2
0 0.925 -0.235 0.004932913644 2
0 0.925 -0.225 0.004832185616 2
0 0.925 -0.215 0.004715391453 2
0 0.925 -0.205 0.00458338199 2
0 0.925 -0.195 0.004436071503 2
0 0.925 -0.185 0.004274033169 2
0 0.925 -0.175 0.004097733411 2
0 0.925 -0.165 0.003907652906 2
0 0.925 -0.155 0.003704201481 2
0 0.925 -0.145 0.003487723804 2
0 0.925 -0.135 0.003258463266 2
0 0.925 -0.125 0.00301658315 2
0 0.925 -0.115 0.002761985303 2
0 0.925 -0.105 0.002494705944 2
0 0.925 -0.095 0.002213466036 2
0 0.925 -0.085 0.001920020799 2
0 0.925 -0.075 0.001607157331 2
0 0.925 -0.065 0.001292931818 2
0 0.925 -0.055 0.001007717739 2
0 0.925 -0.045 0.000750796277 1
0 0.925 -0.035 0.0005514661914 1
0 0.925 -0.025 0.000365243295 1
0 0.925 -0.015 0.0001807901313 1
0 0.925 -0.005 7.573452026e-07 1
0 0.925 0.005 -0.0001720270078 1
0 0.925 0.015 -0.0003391400596 1
0 0.925 0.025 -0.0005030577223 1
0 0.925 0.035 -0.0006643815441 1
0 0.925 0.045 -0.0008268368722 1
0 0.925 0.055 -0.0009779488836 1
0 0.925 0.065 -0.001150115571 1
0 0.925 0.075 -0.00139697477 2
0 0.925 0.085 -0.00168564231 2
0 0.925 0.095 -0.002004000462 2
0 0.925 0.105 -0.002294904264 2
0 0.925 0.115 -0.002597440769 2
0 0.925 0.125 -0.002870554317 2
0 0.925 0.135 -0.003103823447 1
0 0.925 0.145 -0.003277276101 1
0 0.925 0.155 -0.00342127605 1
0 0.925 0.165 -0.003562081719 1
0 0.925 0.175 -0.003694681054 1
0 0.925 0.185 -0.003819354416 1
0 0.925 0.195 -0.003933119058 1
0 0.925 0.205 -0.004037421284 1
0 0.925 0.215 -0.004138330068 1
0 0.925 0.225 -0.004239664499 1
0 0.925 0.235 -0.004354275381 2
0 0.925 0.245 -0.00445405601 2
0 0.925 0.255 -0.004553674076 2
0 0.925 0.265 -0.004629052431 2
0 0.925 0.275 -0.004666297737 1
0 0.925 0.285 -0.00468293395 1
0 0.925 0.295 -0.004681413611 1
0 0.925 0.305 -0.004667268216 1
0 0.925 0.315 -0.004642327769 1
0 0.925 0.325 -0.00460565575 1
0 0.925 0.335 -0.004556603434 1
0 0.925 0.345 -0.004499874716 1
0 0.925 0.355 -0.004425253418 1
0 0.925 0.365 -0.004322279662 2
0 0.925 0.375 -0.004166744843 2
0 0.925 0.385 -0.00396972564 2
0 0.925 0.395 -0.003743718002 2
0 0.925 0.405 -0.003481073121 2
0 0.925 0.415 -0.003185191411 2
0 0.925 0.425 -0.002854631289 2
0 0.925 0.435 -0.00249277954 2
0 0.925 0.445 -0.002129069215 2
0 0.925 0.455 -0.00177555798 1
0 0.925 0.465 -0.001470536309 1
0 0.925 0.475 -0.001164567483 1
0 0.925 0.485 -0.0008145865191 1
0 0.925 0.495 -0.0005013468806 1
0 0.925 0.505 0 1
0 0.925 0.515 0 1
0 0.925 0.525 0 1
0 0.925 0.535 0 1
0 0.925 0.545 0 1
0 0.925 0.555 0 1
0 0.925 0.565 0 1
0 0.935 -0.555 0 2
0 0.935 -0.545 0 2
0 0.935 -0.535 0 2
0 0.935 -0.525 0 2
0 0.935 -0.515 0 2
0 0.935 -0.505 0 2
0 0.935 -0.495 0.0006876182176 2
0 0.935 -0.485 0.00110636201 2
0 0.935 -0.475 0.001567745629 2
0 0.935 -0.465 0.001970637079 2
0 0.935 -0.455 0.002349897183 2
0 0.935 -0.445 0.002696512276 2
0 0.935 -0.435 0.003015517365 2
0 0.935 -0.425 0.003307186939 2
0 0.935 -0.415 0.003572732344 2
0 0.935 -0.405 0.003813038539 2
0 0.935 -0.395 0.004027749992 2
0 0.935 -0.385 0.004219518094 2
0 0.935 -0.375 0.004383443134 2
0 0.935 -0.365 0.004518261538 2
0 0.935 -0.355 0.004615308408 1
0 0.935 -0.345 0.004685548004 1
0 0.935 -0.335 0.004736924154 1
0 0.935 -0.325 0.004770812074 1
0 0.935 -0.315 0.004791855264 1
0 0.935 -0.305 0.004811522186 1
0 0.935 -0.295 0.004821000478 1
0 0.935 -0.285 0.004817569035 1
0 0.935 -0.275 0.004801833359 1
0 0.935 -0.265 0.004773281284 1
0 0.935 -0.255 0.004729781956 2
0 0.935 -0.245 0.00465682375 2
0 0.935 -0.235 0.004560957186 2
0 0.935 -0.225 0.004459458966 2
0 0.935 -0.215 0.004344974754 2
0 0.935 -0.205 0.004218508505 2
0 0.935 -0.195 0.004079345982 2
0 0.935 -0.185 0.003927673904 2
0 0.935 -0.175 0.003763625399 2
0 0.935 -0.165 0.003587430887 2
0 0.935 -0.155 0.00339929618 2
0 0.935 -0.145 0.003199394518 2
0 0.935 -0.135 0.002987814372 2
0 0.935 -0.125 0.002764573851 2
0 0.935 -0.115 0.002529382867 2
0 0.935 -0.105 0.002282083131 2
0 0.935 -0.095 0.002020595374 2
0 0.935 -0.085 0.001746640277 2
0 0.935 -0.075 0.001444798443 2
0 0.935 -0.065 0.001148114169 2
0 0.935 -0.055 0.0008796595677 1
0 0.935 -0.045 0.0006786413638 1
0 0.935 -0.035 0.0005065376468 1
0 0.935 -0.025 0.0003365652632 1
0 0.935 -0.015 0.0001663230562 1
0 0.935 -0.005 1.209443177e-06 1
0 0.935 0.005 -0.0001581697169 1
0 0.935 0.015 -0.0003116307747 1
0 0.935 0.025 -0.0004605474687 1
0 0.935 0.035 -0.0006055644092 1
0 0.935 0.045 -0.0007512773934 1
0 0.935 0.055 -0.0008874814889 1
0 0.935 0.065 -0.001045236472 1
0 0.935 0.075 -0.001276656931 2
0 0.935 0.085 -0.001549375689 2
0 0.935 0.095 -0.001850027054 2
0 0.935 0.105 -0.002123266754 2
0 0.935 0.115 -0.002403868922 2
0 0.935 0.125 -0.0026565119 2
0 0.935 0.135 -0.002870100069 1
0 0.935 0.145 -0.003034708235 1
0 0.935 0.155 -0.003170852629 1
0 0.935 0.165 -0.003294644533 1
0 0.935 0.175 -0.003410277175 1
0 0.935 0.185 -0.003522005443 1
0 0.935 0.195 -0.003626308095 1
0 0.935 0.205 -0.003720602542 1
0 0.935 0.215 -0.003807871399 1
0 0.935 0.225 -0.003895925151 1
0 0.935 0.235 -0.003989176852 1
0 0.935 0.245 -0.004098219891 2
0 0.935 0.255 -0.00420224863 2
0 0.935 0.265 -0.004282456572 2
0 0.935 0.275 -0.004313583984 1
0 0.935 0.285 -0.004328709014 1
0 0.935 0.295 -0.004325831979 1
0 0.935 0.305 -0.004306000833 1
0 0.935 0.315 -0.004275388855 1
0 0.935 0.325 -0.004236544365 1
0 0.935 0.335 -0.004187963504 1
0 0.935 0.345 -0.004130160201 1
0 0.935 0.355 -0.004062681567 1
0 0.935 0.365 -0.003975816044 2
0 0.935 0.375 -0.003840407704 2
0 0.935 0.385 -0.003667371845 2
0 0.935 0.395 -0.003465893943 2
0 0.935 0.405 -0.00323112252 2
0 0.935 0.415 -0.002968129126 2
0 0.935 0.425 -0.002678483187 2
0 0.935 0.435 -0.002350614279 2
0 0.935 0.445 -0.002005854255 2
0 0.935 0.455 -0.00166266863 1
0 0.935 0.465 -0.001367806123 1
0 0.935 0.475 -0.001081704877 1
0 0.935 0.485 -0.0007578760102 1
0 0.935 0.495 -0.0004680980965 1
0 0.935 0.505 0 1
0 0.935 0.515 0 1
0 0.935 0.525 0 1
0 0.935 0.535 0 1
0 0.935 0.545 0 1
0 0.935 0.555 0 1
0 0.935 0.565 0 1
0 0.945 -0.555 0 2
0 0.945 -0.545 0 2
0 0.945 -0.535 0 2
0 0.945 -0.525 0 2
0 0.945 -0.515 0 2
0 0.945 -0.505 0 2
0 0.945 -0.495 0.000635147934 2
0 0.945 -0.485 0.001017828162 2
0 0.945 -0.475 0.001437372405 2
0 0.945 -0.465 0.001802008846 2
0 0.945 -0.455 0.002144541902 2
0 0.945 -0.445 0.002456949984 2
0 0.945 -0.435 0.002743887364 2
0 0.945 -0.425 0.003005588184 2
0 0.945 -0.415 0.003242991901 2
0 0.945 -0.405 0.003456761122 2
0 0.945 -0.395 0.003647080389 2
0 0.945 -0.385 0.003814903542 2
0 0.945 -0.375 0.003962260705 2
0 0.945 -0.365 0.004088326168 2
0 0.945 -0.355 0.004199568092 2
0 0.945 -0.345 0.004290158892 2
0 0.945 -0.335 0.004347675973 1
0 0.945 -0.325 0.004381531207 1
0 0.945 -0.315 0.004401403799 1
0 0.945 -0.305 0.004417247321 1
0 0.945 -0.295 0.004419620018 1
0 0.945 -0.285 0.004407357552 1
0 0.945 -0.275 0.004388796392 1
0 0.945 -0.265 0.00436497065 2
0 0.945 -0.255 0.004317378683 2
0 0.945 -0.245 0.004238648312 2
0 0.945 -0.235 0.004139925266 2
0 0.945 -0.225 0.00403837063 2
0 0.945 -0.215 0.003927415739 2
0 0.945 -0.205 0.003807740396 2
0 0.945 -0.195 0.003678154082 2
0 0.945 -0.185 0.003538462657 2
0 0.945 -0.175 0.003388480943 2
0 0.945 -0.165 0.003228185555 2
0 0.945 -0.155 0.003057573731 2
0 0.945 -0.145 0.002876645572 2
0 0.945 -0.135 0.002685344669 2
0 0.945 -0.125 0.002483573301 2
0 0.945 -0.115 0.002270942497 2
0 0.945 -0.105 0.002047239837 2
0 0.945 -0.095 0.001810133258 2
0 0.945 -0.085 0.001561552924 2
0 0.945 -0.075 0.001283390541 2
0 0.945 -0.065 0.001016370542 2
0 0.945 -0.055 0.0007765404786 1
0 0.945 -0.045 0.0006024240258 1
0 0.945 -0.035 0.0004537859016 1
0 0.945 -0.025 0.0003011652987 1
0 0.945 -0.015 0.0001488430627 1
0 0.945 -0.005 -9.593736294e-07 1
0 0.945 0.005 -0.0001452927217 1
0 0.945 0.015 -0.0002825193979 1
0 0.945 0.025 -0.000413927377 1
0 0.945 0.035 -0.0005410923391 1
0 0.945 0.045 -0.0006692851356 1
0 0.945 0.055 -0.0007901285865 1
0 0.945 0.065 -0.0009329837223 1
0 0.945 0.075 -0.00114706481 2
0 0.945 0.085 -0.001400057926 2
0 0.945 0.095 -0.001678286535 2
0 0.945 0.105 -0.001929901673 2
0 0.945 0.115 -0.002182320142 2
0 0.945 0.125 -0.00241203701 2
0 0.945 0.135 -0.002602882907 2
0 0.945 0.145 -0.002762351643 1
0 0.945 0.155 -0.002890653677 1
0 0.945 0.165 -0.00300293494 1
0 0.945 0.175 -0.003102821466 1
0 0.945 0.185 -0.003198216072 1
0 0.945 0.195 -0.003290378861 1
0 0.945 0.205 -0.003375998484 1
0 0.945 0.215 -0.003454937119 1
0 0.945 0.225 -0.003530748217 1
0 0.945 0.235 -0.003614338417 1
0 0.945 0.245 -0.003723244351 2
0 0.945 0.255 -0.003827728876 2
0 0.945 0.265 -0.003909525255 2
0 0.945 0.275 -0.003937348154 2
0 0.945 0.285 -0.003939569907 1
0 0.945 0.295 -0.003934457539 1
0 0.945 0.305 -0.003915068805 1
0 0.945 0.315 -0.003882032485 1
0 0.945 0.325 -0.00383691028 1
0 0.945 0.335 -0.003781558499 1
0 0.945 0.345 -0.003719889692 1
0 0.945 0.355 -0.003654018193 1
0 0.945 0.365 -0.003576290954 1
0 0.945 0.375 -0.003474069791 2
0 0.945 0.385 -0.003324414898 2
0 0.945 0.395 -0.00314200167 2
0 0.945 0.405 -0.002937724862 2
0 0.945 0.415 -0.002712412861 2
0 0.945 0.425 -0.002467141844 2
0 0.945 0.435 -0.002195222482 2
0 0.945 0.445 -0.001896820596 2
0 0.945 0.455 -0.001581349117 2
0 0.945 0.465 -0.001264903297 1
0 0.945 0.475 -0.0009946271771 1
0 0.945 0.485 -0.0006989933074 1
0 0.945 0.495 -0.000433664577 1
0 0.945 0.505 0 1
0 0.945 0.515 0 1
0 0.945 0.525 0 1
0 0.945 0.535 0 1
0 0.945 0.545 0 1
0 0.945 0.555 0 1
0 0.945 0.565 0 1
0 0.955 -0.555 0 2
0 0.955 -0.545 0 2
0 0.955 -0.535 0 2
0 0.955 -0.525 0 2
0 0.955 -0.515 0 2
0 0.955 -0.505 0 2
0 0.955 -0.495 0.0005629967776 2
0 0.955 -0.485 0.0009005271099 2
0 0.955 -0.475 0.00127278526 2
0 0.955 -0.465 0.001598512191 2
0 0.955 -0.455 0.001900619779 2
0 0.955 -0.445 0.002175420743 2
0 0.955 -0.435 0.002427440447 2
0 0.955 -0.425 0.002656685686 2
0 0.955 -0.415 0.002863477266 2
0 0.955 -0.405 0.003048335004 2
0 0.955 -0.395 0.003211902442 2
0 0.955 -0.385 0.003354701678 2
0 0.955 -0.375 0.003480441324 2
0 0.955 -0.365 0.00358927257 2
0 0.955 -0.355 0.003688721717 2
0 0.955 -0.345 0.003775163404 2
0 0.955 -0.335 0.003844884616 2
0 0.955 -0.325 0.003898903763 2
0 0.955 -0.315 0.003934030912 2
0 0.955 -0.305 0.003944127298 1
0 0.955 -0.295 0.003941799831 1
0 0.955 -0.285 0.003931558336 2
0 0.955 -0.275 0.003913003495 2
0 0.955 -0.265 0.003883669324 2
0 0.955 -0.255 0.003829117614 2
0 0.955 -0.245 0.0037483979 2
0 0.955 -0.235 0.00365621958 2
0 0.955 -0.225 0.003559551266 2
0 0.955 -0.215 0.003456068149 2
0 0.955 -0.205 0.003346105548 2
0 0.955 -0.195 0.00322862674 2
0 0.955 -0.185 0.003103276569 2
0 0.955 -0.175 0.002969700048 2
0 0.955 -0.165 0.002827692162 2
0 0.955 -0.155 0.002677082123 2
0 0.955 -0.145 0.002517719147 2
0 0.955 -0.135 0.002349418297 2
0 0.955 -0.125 0.002171982284 2
0 0.955 -0.115 0.001984974039 2
0 0.955 -0.105 0.00178818017 2
0 0.955 -0.095 0.001579378436 2
0 0.955 -0.085 0.001360385435 2
0 0.955 -0.075 0.001111634445 2
0 0.955 -0.065 0.0008770773192 2
0 0.955 -0.055 0.000670699655 1
0 0.955 -0.045 0.0005259505194 1
0 0.955 -0.035 0.0003993319617 1
0 0.955 -0.025 0.000263525351 1
0 0.955 -0.015 0.0001289078008 1
0 0.955 -0.005 -4.772383802e-06 1
0 0.955 0.005 -0.0001325247779 1
0 0.955 0.015 -0.0002515265344 1
0 0.955 0.025 -0.0003631813197 1
0 0.955 0.035 -0.0004702023162 1
0 0.955 0.045 -0.0005765246456 1
0 0.955 0.055 -0.0006805910525 1
0 0.955 0.065 -0.0008115055824 1
0 0.955 0.075 -0.001010391971 2
0 0.955 0.085 -0.001240327246 2
0 0.955 0.095 -0.001485245268 2
0 0.955 0.105 -0.001709663553 2
0 0.955 0.115 -0.001930106112 2
0 0.955 0.125 -0.002135512947 2
0 0.955 0.135 -0.002310865438 2
0 0.955 0.145 -0.002451350135 2
0 0.955 0.155 -0.002571271207 1
0 0.955 0.165 -0.002673902391 1
0 0.955 0.175 -0.002765761917 1
0 0.955 0.185 -0.002851892567 1
0 0.955 0.195 -0.00293215316 1
0 0.955 0.205 -0.003001134077 1
0 0.955 0.215 -0.003066164278 1
0 0.955 0.225 -0.003131347265 1
0 0.955 0.235 -0.003208189873 1
0 0.955 0.245 -0.003312366984 2
0 0.955 0.255 -0.00340503435 2
0 0.955 0.265 -0.003480716276 2
0 0.955 0.275 -0.003514246339 2
0 0.955 0.285 -0.003517461297 2
0 0.955 0.295 -0.003500707707 1
0 0.955 0.305 -0.003481962523 1
0 0.955 0.315 -0.003451990827 1
0 0.955 0.325 -0.003406107375 1
0 0.955 0.335 -0.003349405247 1
0 0.955 0.345 -0.003288566423 1
0 0.955 0.355 -0.003217600114 1
0 0.955 0.365 -0.003136314455 1
0 0.955 0.375 -0.003042306777 2
0 0.955 0.385 -0.002909231624 2
0 0.955 0.395 -0.002748207812 2
0 0.955 0.405 -0.002580985702 2
0 0.955 0.415 -0.002402199166 2
0 0.955 0.425 -0.002207933895 2
0 0.955 0.435 -0.001992098782 2
0 0.955 0.445 -0.001752023944 2
0 0.955 0.455 -0.001484023173 2
0 0.955 0.465 -0.001200843334 2
0 0.955 0.475 -0.0009128976516 1
0 0.955 0.485 -0.0006403712333 1
0 0.955 0.495 -0.0003988261886 1
0 0.955 0.505 0 1
0 0.955 0.515 0 1
0 0.955 0.525 0 1
0 0.955 0.535 0 1
0 0.955 0.545 0 1
0 0.955 0.555 0 1
0 0.955 0.565 0 1
0 0.965 -0.555 0 2
0 0.965 -0.545 0 2
0 0.965 -0.535 0 2
0 0.965 -0.525 0 2
0 0.965 -0.515 0 2
0 0.965 -0.505 0 2
0 0.965 -0.495 0.0004699841116 2
0 0.965 -0.485 0.0007518301656 2
0 0.965 -0.475 0.00106909772 2
0 0.965 -0.465 0.001349978404 2
0 0.965 -0.455 0.001609700488 2
0 0.965 -0.445 0.00184810764 2
0 0.965 -0.435 0.002062928752 2
0 0.965 -0.425 0.002257553704 2
0 0.965 -0.415 0.002431698621 2
0 0.965 -0.405 0.00258575051 2
0 0.965 -0.395 0.002720749361 2
0 0.965 -0.385 0.002837899312 2
0 0.965 -0.375 0.002939275806 2
0 0.965 -0.365 0.003027780356 2
0 0.965 -0.355 0.003107078331 2
0 0.965 -0.345 0.003174760524 2
0 0.965 -0.335 0.003233262625 2
0 0.965 -0.325 0.003287752181 2
0 0.965 -0.315 0.003327372053 2
0 0.965 -0.305 0.003344559935 2
0 0.965 -0.295 0.003354495292 2
0 0.965 -0.285 0.00335457517 2
0 0.965 -0.275 0.00333576656 2
0 0.965 -0.265 0.003300554288 2
0 0.965 -0.255 0.003247866045 2
0 0.965 -0.245 0.003177591321 2
0 0.965 -0.235 0.003100885284 2
0 0.965 -0.225 0.003015735693 2
0 0.965 -0.215 0.00292472881 2
0 0.965 -0.205 0.002828362646 2
0 0.965 -0.195 0.002726287498 2
0 0.965 -0.185 0.002618244146 2
0 0.965 -0.175 0.002503885601 2
0 0.965 -0.165 0.002382927997 2
0 0.965 -0.155 0.00225509791 2
0 0.965 -0.145 0.002120133317 2
0 0.965 -0.135 0.001977743644 2
0 0.965 -0.125 0.001827639861 2
0 0.965 -0.115 0.001669357371 2
0 0.965 -0.105 0.001502716026 2
0 0.965 -0.095 0.001326084187 2
0 0.965 -0.085 0.001141364948 2
0 0.965 -0.075 0.0009349813853 2
0 0.965 -0.065 0.0007352214691 2
0 0.965 -0.055 0.0005567652402 1
0 0.965 -0.045 0.0004346354578 1
0 0.965 -0.035 0.00033566254 1
0 0.965 -0.025 0.0002295753868 1
0 0.965 -0.015 0.0001118532968 1
0 0.965 -0.005 -1.102035424e-05 1
0 0.965 0.005 -0.000123680906 1
0 0.965 0.015 -0.0002192477551 1
0 0.965 0.025 -0.0003070167519 1
0 0.965 0.035 -0.0003942380111 1
0 0.965 0.045 -0.0004809432313 1
0 0.965 0.055 -0.0005676322301 1
0 0.965 0.065 -0.0006802792457 1
0 0.965 0.075 -0.0008564104706 2
0 0.965 0.085 -0.001057709907 2
0 0.965 0.095 -0.00126367403 2
0 0.965 0.105 -0.001455588867 2
0 0.965 0.115 -0.001639770168 2
0 0.965 0.125 -0.001815794811 2
0 0.965 0.135 -0.001977207939 2
0 0.965 0.145 -0.002110152415 2
0 0.965 0.155 -0.002214807085 2
0 0.965 0.165 -0.002306448014 1
0 0.965 0.175 -0.00238593811 1
0 0.965 0.185 -0.002458551124 1
0 0.965 0.195 -0.002526303375 1
0 0.965 0.205 -0.0025862303 1
0 0.965 0.215 -0.002642046248 1
0 0.965 0.225 -0.002691996316 1
0 0.965 0.235 -0.002752562383 1
0 0.965 0.245 -0.002838501416 2
0 0.965 0.255 -0.002910992485 2
0 0.965 0.265 -0.002971975284 2
0 0.965 0.275 -0.003014005594 2
0 0.965 0.285 -0.003028290249 2
0 0.965 0.295 -0.003017048051 2
0 0.965 0.305 -0.002995161698 2
0 0.965 0.315 -0.002962901742 1
0 0.965 0.325 -0.002922534849 1
0 0.965 0.335 -0.002869459298 1
0 0.965 0.345 -0.002802764341 1
0 0.965 0.355 -0.002717854421 1
0 0.965 0.365 -0.002625711419 2
0 0.965 0.375 -0.002517558733 2
0 0.965 0.385 -0.002400737039 2
0 0.965 0.395 -0.002281981314 2
0 0.965 0.405 -0.002161360583 2
0 0.965 0.415 -0.002032915005 2
0 0.965 0.425 -0.001892452405 2
0 0.965 0.435 -0.001733051565 2
0 0.965 0.445 -0.001551041367 2
0 0.965 0.455 -0.00134542034 2
0 0.965 0.465 -0.001120031227 2
0 0.965 0.475 -0.0008744168321 2
0 0.965 0.485 -0.0006015863172 2
0 0.965 0.495 -0.0003560180747 1
0 0.965 0.505 0 1
0 0.965 0.515 0 1
0 0.965 0.525 0 1
0 0.965 0.535 0 1
0 0.965 0.545 0 1
0 0.965 0.555 0 1
0 0.965 0.565 0 1
0 0.975 -0.555 0 2
0 0.975 -0.545 0 2
0 0.975 -0.535 0 1
0 0.975 -0.525 0 1
0 0.975 -0.515 0 1
0 0.975 -0.505 0 1
0 0.975 -0.495 0.0003350908611 1
0 0.975 -0.485 0.0005699051923 2
0 0.975 -0.475 0.0008309604365 2
0 0.975 -0.465 0.001061005916 2
0 0.975 -0.455 0.001273371485 2
0 0.975 -0.445 0.001473016317 2
0 0.975 -0.435 0.001651885558 2
0 0.975 -0.425 0.001809488117 2
0 0.975 -0.415 0.001948890581 2
0 0.975 -0.405 0.002070341509 2
0 0.975 -0.395 0.002175242328 2
0 0.975 -0.385 0.00226545593 2
0 0.975 -0.375 0.002342889256 2
0 0.975 -0.365 0.002409582752 2
0 0.975 -0.355 0.002467075459 2
0 0.975 -0.345 0.002517098405 2
0 0.975 -0.335 0.002560370942 2
0 0.975 -0.325 0.002597378125 2
0 0.975 -0.315 0.00262399279 2
0 0.975 -0.305 0.002642790294 2
0 0.975 -0.295 0.00266131366 2
0 0.975 -0.285 0.002670963607 2
0 0.975 -0.275 0.002657318952 2
0 0.975 -0.265 0.002627698985 2
0 0.975 -0.255 0.002589697847 2
0 0.975 -0.245 0.002538689968 2
0 0.975 -0.235 0.002477129226 2
0 0.975 -0.225 0.002407944488 2
0 0.975 -0.215 0.002333469817 2
0 0.975 -0.205 0.002254487388 2
0 0.975 -0.195 0.002171233411 2
0 0.975 -0.185 0.002083635663 2
0 0.975 -0.175 0.001991451825 2
0 0.975 -0.165 0.001894402059 2
0 0.975 -0.155 0.001792177799 2
0 0.975 -0.145 0.001684456924 2
0 0.975 -0.135 0.00157087675 2
0 0.975 -0.125 0.001451061728 2
0 0.975 -0.115 0.001324488728 2
0 0.975 -0.105 0.001190900969 2
0 0.975 -0.095 0.001049131301 2
0 0.975 -0.085 0.0009009512646 2
0 0.975 -0.075 0.0007392123819 2
0 0.975 -0.065 0.0005819614629 2
0 0.975 -0.055 0.0004432428102 1
0 0.975 -0.045 0.0003468317726 1
0 0.975 -0.035 0.0002659533412 1
0 0.975 -0.025 0.000179861858 1
0 0.975 -0.015 8.763594021e-05 1
0 0.975 -0.005 -1.090345028e-05 1
0 0.975 0.005 -0.0001031407625 1
0 0.975 0.015 -0.0001798384765 1
0 0.975 0.025 -0.0002460146206 1
0 0.975 0.035 -0.0003087956531 1
0 0.975 0.045 -0.0003757858997 1
0 0.975 0.055 -0.0004476219165 1
0 0.975 0.065 -0.00055717763 2
0 0.975 0.075 -0.0006919953564 2
0 0.975 0.085 -0.0008509532524 2
0 0.975 0.095 -0.001012976415 2
0 0.975 0.105 -0.001168097742 2
0 0.975 0.115 -0.001317682916 2
0 0.975 0.125 -0.001457235529 2
0 0.975 0.135 -0.001589866666 2
0 0.975 0.145 -0.00171022502 2
0 0.975 0.155 -0.001804784216 2
0 0.975 0.165 -0.001876615095 2
0 0.975 0.175 -0.001940901349 2
0 0.975 0.185 -0.001999452174 2
0 0.975 0.195 -0.002052598449 1
0 0.975 0.205 -0.002098818671 1
0 0.975 0.215 -0.002142444816 1
0 0.975 0.225 -0.002179468803 2
0 0.975 0.235 -0.002221643297 2
0 0.975 0.245 -0.002278733669 2
0 0.975 0.255 -0.002337116346 2
0 0.975 0.265 -0.00238364086 2
0 0.975 0.275 -0.002421756592 2
0 0.975 0.285 -0.002440290797 2
0 0.975 0.295 -0.002441131548 2
0 0.975 0.305 -0.002426506577 2
0 0.975 0.315 -0.002397182127 2
0 0.975 0.325 -0.002355515902 2
0 0.975 0.335 -0.002300781729 2
0 0.975 0.345 -0.002216543723 2
0 0.975 0.355 -0.002117262587 2
0 0.975 0.365 -0.002018005887 2
0 0.975 0.375 -0.00190723876 1
0 0.975 0.385 -0.001818699003 1
0 0.975 0.395 -0.001752642567 1
0 0.975 0.405 -0.001697020037 2
0 0.975 0.415 -0.001615461613 2
0 0.975 0.425 -0.001521529505 2
0 0.975 0.435 -0.001415519725 2
0 0.975 0.445 -0.00128979921 2
0 0.975 0.455 -0.001142065516 2
0 0.975 0.465 -0.0009729960894 2
0 0.975 0.475 -0.0007832534164 2
0 0.975 0.485 -0.0005617800533 2
0 0.975 0.495 -0.000354680878 2
0 0.975 0.505 0 2
0 0.975 0.515 0 1
0 0.975 0.525 0 1
0 0.975 0.535 0 1
0 0.975 0.545 0 1
0 0.975 0.555 0 1
0 0.975 0.565 0 1
0 0.985 -0.555 0 2
0 0.985 -0.545 0 1
0 0.985 -0.535 0 1
0 0.985 -0.525 0 1
0 0.985 -0.515 0 1
0 0.985 -0.505 0 1
0 0.985 -0.495 0.0002583309755 1
0 0.985 -0.485 0.0004006588587 1
0 0.985 -0.475 0.0005600921157 1
0 0.985 -0.465 0.0007322714352 2
0 0.985 -0.455 0.0008917178389 2
0 0.985 -0.445 0.001042378966 2
0 0.985 -0.435 0.001179647528 2
0 0.985 -0.425 0.001299173797 2
0 0.985 -0.415 0.001399486442 2
0 0.985 -0.405 0.001485053021 2
0 0.985 -0.395 0.001557613289 2
0 0.985 -0.385 0.001619280343 2
0 0.985 -0.375 0.001671669585 2
0 0.985 -0.365 0.00171628489 2
0 0.985 -0.355 0.001754274404 2
0 0.985 -0.345 0.001786815591 2
0 0.985 -0.335 0.001814540873 2
0 0.985 -0.325 0.00183712174 2
0 0.985 -0.315 0.001855298882 2
0 0.985 -0.305 0.001870783679 2
0 0.985 -0.295 0.001883204026 2
0 0.985 -0.285 0.001890099086 2
0 0.985 -0.275 0.001888230506 2
0 0.985 -0.265 0.001874805747 2
0 0.985 -0.255 0.001849314786 2
0 0.985 -0.245 0.00181348046 2
0 0.985 -0.235 0.001769597637 2
0 0.985 -0.225 0.001719671377 2
0 0.985 -0.215 0.001665444261 2
0 0.985 -0.205 0.001607829175 2
0 0.985 -0.195 0.001547306693 2
0 0.985 -0.185 0.001483945633 2
0 0.985 -0.175 0.001417613577 2
0 0.985 -0.165 0.001348081882 2
0 0.985 -0.155 0.001275068517 2
0 0.985 -0.145 0.001198257765 2
0 0.985 -0.135 0.001117279001 2
0 0.985 -0.125 0.001031717543 2
0 0.985 -0.115 0.0009409968194 2
0 0.985 -0.105 0.0008446724388 2
0 0.985 -0.095 0.0007416527985 2
0 0.985 -0.085 0.0006329392641 2
0 0.985 -0.075 0.0005155306444 2
0 0.985 -0.065 0.0004017101396 2
0 0.985 -0.055 0.0003110164059 2
0 0.985 -0.045 0.0002399707974 1
0 0.985 -0.035 0.0001856303989 1
0 0.985 -0.025 0.0001265951495 1
0 0.985 -0.015 6.507607669e-05 2
0 0.985 -0.005 2.422244257e-06 2
0 0.985 0.005 -6.231199881e-05 1
0 0.985 0.015 -0.000119008401 1
0 0.985 0.025 -0.0001712111457 1
0 0.985 0.035 -0.0002210962653 1
0 0.985 0.045 -0.0002687325312 1
0 0.985 0.055 -0.0003175385331 1
0 0.985 0.065 -0.0003944407575 2
0 0.985 0.075 -0.000491572049 2
0 0.985 0.085 -0.0006068099061 2
0 0.985 0.095 -0.0007242486804 2
0 0.985 0.105 -0.0008379533753 2
0 0.985 0.115 -0.0009472444091 2
0 0.985 0.125 -0.001049671507 2
0 0.985 0.135 -0.001142628878 2
0 0.985 0.145 -0.001229817619 2
0 0.985 0.155 -0.001301398819 2
0 0.985 0.165 -0.001352338254 2
0 0.985 0.175 -0.001398953722 2
0 0.985 0.185 -0.001435952413 2
0 0.985 0.195 -0.001454368456 2
0 0.985 0.205 -0.001463059003 2
0 0.985 0.215 -0.001485532491 2
0 0.985 0.225 -0.001511343566 2
0 0.985 0.235 -0.001548284887 2
0 0.985 0.245 -0.001602972692 2
0 0.985 0.255 -0.001664195115 2
0 0.985 0.265 -0.001706781134 2
0 0.985 0.275 -0.001734974633 2
0 0.985 0.285 -0.001747422853 2
0 0.985 0.295 -0.001751044584 2
0 0.985 0.305 -0.001739424176 2
0 0.985 0.315 -0.001709707078 2
0 0.985 0.325 -0.001666897041 2
0 0.985 0.335 -0.001610437348 2
0 0.985 0.345 -0.001531218232 2
0 0.985 0.355 -0.00145208023 2
0 0.985 0.365 -0.001370450585 1
0 0.985 0.375 -0.001302026245 1
0 0.985 0.385 -0.001245388202 1
0 0.985 0.395 -0.001204363977 1
0 0.985 0.405 -0.001170526036 1
0 0.985 0.415 -0.001143531981 2
0 0.985 0.425 -0.001090688861 2
0 0.985 0.435 -0.001028646896 2
0 0.985 0.445 -0.0009547572489 2
0 0.985 0.455 -0.0008636677097 2
0 0.985 0.465 -0.0007516042478 2
0 0.985 0.475 -0.0006223143184 2
0 0.985 0.485 -0.000461157226 2
0 0.985 0.495 -0.0003028577959 2
0 0.985 0.505 0 2
0 0.985 0.515 0 2
0 0.985 0.525 0 1
0 0.985 0.535 0 1
0 0.985 0.545 0 1
0 0.985 0.555 0 1
0 0.985 0.565 0 1
0 0.995 -0.555 0 2
0 0.995 -0.545 0 1
0 0.995 -0.535 0 1
0 0.995 -0.525 0 1
0 0.995 -0.515 0 1
0 0.995 -0.505 0 1
0 0.995 -0.495 0.0001754457988 1
0 0.995 -0.485 0.0002543612455 1
0 0.995 -0.475 0.0003375145167 1
0 0.995 -0.465 0.0004202556629 1
0 0.995 -0.455 0.000522588057 2
0 0.995 -0.445 0.000611876875 2
0 0.995 -0.435 0.000699782863 2
0 0.995 -0.425 0.0007779446855 2
0 0.995 -0.415 0.0008370925769 2
0 0.995 -0.405 0.0008863534681 2
0 0.995 -0.395 0.0009273260198 2
0 0.995 -0.385 0.0009616840397 2
0 0.995 -0.375 0.0009904841713 2
0 0.995 -0.365 0.001014701945 2
0 0.995 -0.355 0.001035135213 2
0 0.995 -0.345 0.001052434549 2
0 0.995 -0.335 0.001066978207 2
0 0.995 -0.325 0.001078911649 2
0 0.995 -0.315 0.00108897323 2
0 0.995 -0.305 0.001098424882 2
0 0.995 -0.295 0.001107273262 2
0 0.995 -0.285 0.001113517839 2
0 0.995 -0.275 0.001114311108 2
0 0.995 -0.265 0.001107780636 2
0 0.995 -0.255 0.001093701503 2
0 0.995 -0.245 0.001073029174 2
0 0.995 -0.235 0.001047088543 2
0 0.995 -0.225 0.001017157637 2
0 0.995 -0.215 0.0009844326809 2
0 0.995 -0.205 0.0009496924555 2
0 0.995 -0.195 0.0009133356807 2
0 0.995 -0.185 0.0008754663287 2
0 0.995 -0.175 0.0008360234076 2
0 0.995 -0.165 0.0007948537132 2
0 0.995 -0.155 0.0007517544611 2
0 0.995 -0.145 0.0007064878816 2
0 0.995 -0.135 0.0006587629389 2
0 0.995 -0.125 0.0006082283584 2
0 0.995 -0.115 0.0005543686416 2
0 0.995 -0.105 0.0004966464451 2
0 0.995 -0.095 0.0004339722691 2
0 0.995 -0.085 0.0003663215245 2
0 0.995 -0.075 0.0002922291375 2
0 0.995 -0.065 0.0002182493079 2
0 0.995 -0.055 0.0001598806917 2
0 0.995 -0.045 0.0001245416976 2
0 0.995 -0.035 0.0001042558184 2
0 0.995 -0.025 8.166500744e-05 2
0 0.995 -0.015 4.682330203e-05 2
0 0.995 -0.005 3.180916213e-06 2
0 0.995 0.005 -3.537257486e-05 2
0 0.995 0.015 -6.826863937e-05 1
0 0.995 0.025 -9.942706855e-05 1
0 0.995 0.035 -0.0001311062338 1
0 0.995 0.045 -0.0001528487768 1
0 0.995 0.055 -0.0001793264505 2
0 0.995 0.065 -0.0002210503682 2
0 0.995 0.075 -0.0002853624065 2
0 0.995 0.085 -0.0003580157813 2
0 0.995 0.095 -0.0004286027088 2
0 0.995 0.105 -0.0004981098554 2
0 0.995 0.115 -0.0005642833597 2
0 0.995 0.125 -0.0006259974939 2
0 0.995 0.135 -0.0006812967267 2
0 0.995 0.145 -0.0007270626726 2
0 0.995 0.155 -0.0007619944231 2
0 0.995 0.165 -0.0007824748525 2
0 0.995 0.175 -0.0008054014632 2
0 0.995 0.185 -0.0008194125094 2
0 0.995 0.195 -0.0008100368124 2
0 0.995 0.205 -0.0007916291619 2
0 0.995 0.215 -0.0008016408576 2
0 0.995 0.225 -0.0008293210734 2
0 0.995 0.235 -0.0008690360979 2
0 0.995 0.245 -0.000918085234 2
0 0.995 0.255 -0.0009676980067 2
0 0.995 0.265 -0.001004481475 2
0 0.995 0.275 -0.001030850473 2
0 0.995 0.285 -0.00103985129 2
0 0.995 0.295 -0.001036865274 2
0 0.995 0.305 -0.001023025708 2
0 0.995 0.315 -0.0009995942144 2
0 0.995 0.325 -0.0009674794324 2
0 0.995 0.335 -0.0009204214747 2
0 0.995 0.345 -0.0008750163308 2
0 0.995 0.355 -0.0008342768462 2
0 0.995 0.365 -0.0007765103486 1
0 0.995 0.375 -0.0007372415252 1
0 0.995 0.385 -0.00071489748 1
0 0.995 0.395 -0.0006910517889 1
0 0.995 0.405 -0.0006709403816 1
0 0.995 0.415 -0.0006619797426 1
0 0.995 0.425 -0.0006522312528 2
0 0.995 0.435 -0.0006212559845 2
0 0.995 0.445 -0.0005871908324 2
0 0.995 0.455 -0.0005448331119 2
0 0.995 0.465 -0.0004843862382 2
0 0.995 0.475 -0.0004128703925 2
0 0.995 0.485 -0.0003189205147 2
0 0.995 0.495 -0.0002220041278 2
0 0.995 0.505 0 2
0 0.995 0.515 0 2
0 0.995 0.525 0 2
0 0.995 0.535 0 2
0 0.995 0.545 0 2
0 0.995 0.555 0 1
0 0.995 0.565 0 1
0 1.005 -0.555 0 2
0 1.005 -0.545 0 1
0 1.005 -0.535 0 1
0 1.005 -0.525 0 1
0 1.005 -0.515 0 1
0 1.005 -0.505 0 1
0 1.005 -0.495 0 1
0 1.005 -0.485 0 1
0 1.005 -0.475 0 1
0 1.005 -0.465 0 1
0 1.005 -0.455 0 1
0 1.005 -0.445 0 2
0 1.005 -0.435 0 2
0 1.005 -0.425 0 2
0 1.005 -0.415 0 2
0 1.005 -0.405 0 2
0 1.005 -0.395 0 2
0 1.005 -0.385 0 2
0 1.005 -0.375 0 2
0 1.005 -0.365 0 2
0 1.005 -0.355 0 2
0 1.005 -0.345 0 2
0 1.005 -0.335 0 2
0 1.005 -0.325 0 2
0 1.005 -0.315 0 2
0 1.005 -0.305 0 2
0 1.005 -0.295 0 2
0 1.005 -0.285 0 2
0 1.005 -0.275 0 2
0 1.005 -0.265 0 2
0 1.005 -0.255 0 2
0 1.005 -0.245 0 2
0 1.005 -0.235 0 2
0 1.005 -0.225 0 2
0 1.005 -0.215 0 2
0 1.005 -0.205 0 2
0 1.005 -0.195 0 2
0 1.005 -0.185 0 2
0 1.005 -0.175 0 2
0 1.005 -0.165 0 2
0 1.005 -0.155 0 2
0 1.005 -0.145 0 2
0 1.005 -0.135 0 2
0 1.005 -0.125 0 2
0 1.005 -0.115 0 2
0 1.005 -0.105 0 2
0 1.005 -0.095 0 2
0 1.005 -0.085 0 2
0 1.005 -0.075 0 2
0 1.005 -0.065 0 2
0 1.005 -0.055 0 2
0 1.005 -0.045 0 2
0 1.005 -0.035 0 2
0 1.005 -0.025 0 2
0 1.005 -0.015 0 2
0 1.005 -0.005 0 2
0 1.005 0.005 0 2
0 1.005 0.015 0 2
0 1.005 0.025 0 2
0 1.005 0.035 0 2
0 1.005 0.045 0 2
0 1.005 0.055 0 2
0 1.005 0.065 0 2
0 1.005 0.075 0 2
0 1.005 0.085 0 2
0 1.005 0.095 0 2
0 1.005 0.105 0 2
0 1.005 0.115 0 2
0 1.005 0.125 0 2
0 1.005 0.135 0 2
0 1.005 0.145 0 2
0 1.005 0.155 0 2
0 1.005 0.165 0 2
0 1.005 0.175 0 2
0 1.005 0.185 0 1
0 1.005 0.195 0 1
0 1.005 0.205 0 1
0 1.005 0.215 0 1
0 1.005 0.225 0 1
0 1.005 0.235 0 2
0 1.005 0.245 0 2
0 1.005 0.255 0 2
0 1.005 0.265 0 2
0 1.005 0.275 0 2
0 1.005 0.285 0 2
0 1.005 0.295 0 2
0 1.005 0.305 0 2
0 1.005 0.315 0 2
0 1.005 0.325 0 2
0 1.005 0.335 0 2
0 1.005 0.345 0 2
0 1.005 0.355 0 1
0 1.005 0.365 0 1
0 1.005 0.375 0 1
0 1.005 0.385 0 1
0 1.005 0.395 0 1
0 1.005 0.405 0 1
0 1.005 0.415 0 1
0 1.005 0.425 0 1
0 1.005 0.435 0 2
0 1.005 0.445 0 2
0 1.005 0.455 0 2
0 1.005 0.465 0 2
0 1.005 0.475 0 2
0 1.005 0.485 0 2
0 1.005 0.495 0 2
0 1.005 0.505 0 2
0 1.005 0.515 0 2
0 1.005 0.525 0 2
0 1.005 0.535 0 2
0 1.005 0.545 0 2
0 1.005 0.555 0 2
0 1.005 0.565 0 2
0 1.015 -0.555 0 2
0 1.015 -0.545 0 2
0 1.015 -0.535 0 1
0 1.015 -0.525 0 1
0 1.015 -0.515 0 1
0 1.015 -0.505 0 1
0 1.015 -0.495 0 1
0 1.015 -0.485 0 1
0 1.015 -0.475 0 1
0 1.015 -0.465 0 1
0 1.015 -0.455 0 1
0 1.015 -0.445 0 2
0 1.015 -0.435 0 2
0 1.015 -0.425 0 2
0 1.015 -0.415 0 2
0 1.015 -0.405 0 2
0 1.015 -0.395 0 2
0 1.015 -0.385 0 2
0 1.015 -0.375 0 2
0 1.015 -0.365 0 2
0 1.015 -0.355 0 2
0 1.015 -0.345 0 2
0 1.015 -0.335 0 2
0 1.015 -0.325 0 2
0 1.015 -0.315 0 2
0 1.015 -0.305 0 2
0 1.015 -0.295 0 2
0 1.015 -0.285 0 2
0 1.015 -0.275 0 2
0 1.015 -0.265 0 2
0 1.015 -0.255 0 2
0 1.015 -0.245 0 2
0 1.015 -0.235 0 2
0 1.015 -0.225 0 2
0 1.015 -0.215 0 2
0 1.015 -0.205 0 2
0 1.015 -0.195 0 2
0 1.015 -0.185 0 2
0 1.015 -0.175 0 2
0 1.015 -0.165 0 2
0 1.015 -0.155 0 2
0 1.015 -0.145 0 2
0 1.015 -0.135 0 2
0 1.015 -0.125 0 2
0 1.015 -0.115 0 2
0 1.015 -0.105 0 2
0 1.015 -0.095 0 2
0 1.015 -0.085 0 2
0 1.015 -0.075 0 2
0 1.015 -0.065 0 2
0 1.015 -0.055 0 2
0 1.015 -0.045 0 2
0 1.015 -0.035 0 2
0 1.015 -0.025 0 2
0 1.015 -0.015 0 2
0 1.015 -0.005 0 2
0 1.015 0.005 0 2
0 1.015 0.015 0 2
0 1.015 0.025 0 2
0 1.015 0.035 0 2
0 1.015 0.045 0 2
0 1.015 0.055 0 2
0 1.015 0.065 0 2
0 1.015 0.075 0 2
0 1.015 0.085 0 2
0 1.015 0.095 0 2
0 1.015 0.105 0 2
0 1.015 0.115 0 2
0 1.015 0.125 0 2
0 1.015 0.135 0 2
0 1.015 0.145 0 2
0 1.015 0.155 0 2
0 1.015 0.165 0 2
0 1.015 0.175 0 2
0 1.015 0.185 0 1
0 1.015 0.195 0 1
0 1.015 0.205 0 1
0 1.015 0.215 0 1
0 1.015 0.225 0 1
0 1.015 0.235 0 1
0 1.015 0.245 0 1
0 1.015 0.255 0 2
0 1.015 0.265 0 2
0 1.015 0.275 0 2
0 1.015 0.285 0 2
0 1.015 0.295 0 2
0 1.015 0.305 0 2
0 1.015 0.315 0 2
0 1.015 0.325 0 2
0 1.015 0.335 0 2
0 1.015 0.345 0 2
0 1.015 0.355 0 1
0 1.015 0.365 0 1
0 1.015 0.375 0 1
0 1.015 0.385 0 1
0 1.015 0.395 0 1
0 1.015 0.405 0 1
0 1.015 0.415 0 1
0 1.015 0.425 0 1
0 1.015 0.435 0 2
0 1.015 0.445 0 2
0 1.015 0.455 0 2
0 1.015 0.465 0 2
0 1.015 0.475 0 2
0 1.015 0.485 0 2
0 1.015 0.495 0 2
0 1.015 0.505 0 2
0 1.015 0.515 0 2
0 1.015 0.525 0 2
0 1.015 0.535 0 2
0 1.015 0.545 0 2
0 1.015 0.555 0 2
0 1.015 0.565 0 2
0 1.025 -0.555 0 2
0 1.025 -0.545 0 2
0 1.025 -0.535 0 1
0 1.025 -0.525 0 1
0 1.025 -0.515 0 1
0 1.025 -0.505 0 1
0 1.025 -0.495 0 1
0 1.025 -0.485 0 1
0 1.025 -0.475 0 1
0 1.025 -0.465 0 1
0 1.025 -0.455 0 1
0 1.025 -0.445 0 1
0 1.025 -0.435 0 2
0 1.025 -0.425 0 2
0 1.025 -0.415 0 2
0 1.025 -0.405 0 2
0 1.025 -0.395 0 2
0 1.025 -0.385 0 2
0 1.025 -0.375 0 2
0 1.025 -0.365 0 2
0 1.025 -0.355 0 2
0 1.025 -0.345 0 2
0 1.025 -0.335 0 2
0 1.025 -0.325 0 2
0 1.025 -0.315 0 2
0 1.025 -0.305 0 2
0 1.025 -0.295 0 2
0 1.025 -0.285 0 2
0 1.025 -0.275 0 2
0 1.025 -0.265 0 2
0 1.025 -0.255 0 1
0 1.025 -0.245 0 1
0 1.025 -0.235 0 1
0 1.025 -0.225 0 2
0 1.025 -0.215 0 2
0 1.025 -0.205 0 2
0 1.025 -0.195 0 2
0 1.025 -0.185 0 2
0 1.025 -0.175 0 2
0 1.025 -0.165 0 2
0 1.025 -0.155 0 2
0 1.025 -0.145 0 2
0 1.025 -0.135 0 2
0 1.025 -0.125 0 2
0 1.025 -0.115 0 2
0 1.025 -0.105 0 2
0 1.025 -0.095 0 2
0 1.025 -0.085 0 2
0 1.025 -0.075 0 2
0 1.025 -0.065 0 2
0 1.025 -0.055 0 2
0 1.025 -0.045 0 2
0 1.025 -0.035 0 2
0 1.025 -0.025 0 2
0 1.025 -0.015 0 2
0 1.025 -0.005 0 2
0 1.025 0.005 0 2
0 1.025 0.015 0 2
0 1.025 0.025 0 2
0 1.025 0.035 0 2
0 1.025 0.045 0 2
0 1.025 0.055 0 2
0 1.025 0.065 0 2
0 1.025 0.075 0 2
0 1.025 0.085 0 2
0 1.025 0.095 0 2
0 1.025 0.105 0 2
0 1.025 0.115 0 2
0 1.025 0.125 0 2
0 1.025 0.135 0 2
0 1.025 0.145 0 2
0 1.025 0.155 0 2
0 1.025 0.165 0 2
0 1.025 0.175 0 1
0 1.025 0.185 0 1
0 1.025 0.195 0 1
0 1.025 0.205 0 1
0 1.025 0.215 0 1
0 1.025 0.225 0 1
0 1.025 0.235 0 1
0 1.025 0.245 0 1
0 1.025 0.255 0 1
0 1.025 0.265 0 2
0 1.025 0.275 0 2
0 1.025 0.285 0 2
0 1.025 0.295 0 2
0 1.025 0.305 0 2
0 1.025 0.315 0 2
0 1.025 0.325 0 2
0 1.025 0.335 0 2
0 1.025 0.345 0 2
0 1.025 0.355 0 2
0 1.025 0.365 0 1
0 1.025 0.375 0 1
0 1.025 0.385 0 1
0 1.025 0.395 0 1
0 1.025 0.405 0 1
0 1.025 0.415 0 1
0 1.025 0.425 0 1
0 1.025 0.435 0 2
0 1.025 0.445 0 2
0 1.025 0.455 0 2
0 1.025 0.465 0 2
0 1.025 0.475 0 2
0 1.025 0.485 0 2
0 1.025 0.495 0 2
0 1.025 0.505 0 2
0 1.025 0.515 0 2
0 1.025 0.525 0 2
0 1.025 0.535 0 2
0 1.025 0.545 0 2
0 1.025 0.555 0 2
0 1.025 0.565 0 2
0 1.035 -0.555 0 2
0 1.035 -0.545 0 2
0 1.035 -0.535 0 2
0 1.035 -0.525 0 1
0 1.035 -0.515 0 1
0 1.035 -0.505 0 1
0 1.035 -0.495 0 1
0 1.035 -0.485 0 1
0 1.035 -0.475 0 1
0 1.035 -0.465 0 1
0 1.035 -0.455 0 1
0 1.035 -0.445 0 1
0 1.035 -0.435 0 2
0 1.035 -0.425 0 2
0 1.035 -0.415 0 2
0 1.035 -0.405 0 2
0 1.035 -0.395 0 2
0 1.035 -0.385 0 2
0 1.035 -0.375 0 2
0 1.035 -0.365 0 2
0 1.035 -0.355 0 2
0 1.035 -0.345 0 2
0 1.035 -0.335 0 2
0 1.035 -0.325 0 2
0 1.035 -0.315 0 2
0 1.035 -0.305 0 2
0 1.035 -0.295 0 2
0 1.035 -0.285 0 2
0 1.035 -0.275 0 2
0 1.035 -0.265 0 1
0 1.035 -0.255 0 1
0 1.035 -0.245 0 1
0 1.035 -0.235 0 1
0 1.035 -0.225 0 1
0 1.035 -0.215 0 1
0 1.035 -0.205 0 2
0 1.035 -0.195 0 2
0 1.035 -0.185 0 2
0 1.035 -0.175 0 2
0 1.035 -0.165 0 2
0 1.035 -0.155 0 2
0 1.035 -0.145 0 2
0 1.035 -0.135 0 2
0 1.035 -0.125 0 2
0 1.035 -0.115 0 2
0 1.035 -0.105 0 2
0 1.035 -0.095 0 2
0 1.035 -0.085 0 2
0 1.035 -0.075 0 2
0 1.035 -0.065 0 2
0 1.035 -0.055 0 2
0 1.035 -0.045 0 2
0 1.035 -0.035 0 2
0 1.035 -0.025 0 2
0 1.035 -0.015 0 2
0 1.035 -0.005 0 2
0 1.035 0.005 0 2
0 1.035 0.015 0 2
0 1.035 0.025 0 2
0 1.035 0.035 0 2
0 1.035 0.045 0 2
0 1.035 0.055 0 2
0 1.035 0.065 0 2
0 1.035 0.075 0 2
0 1.035 0.085 0 2
0 1.035 0.095 0 2
0 1.035 0.105 0 2
0 1.035 0.115 0 2
0 1.035 0.125 0 2
0 1.035 0.135 0 2
0 1.035 0.145 0 2
0 1.035 0.155 0 2
0 1.035 0.165 0 2
0 1.035 0.175 0 2
0 1.035 0.185 0 1
0 1.035 0.195 0 1
0 1.035 0.205 0 1
0 1.035 0.215 0 1
0 1.035 0.225 0 1
0 1.035 0.235 0 1
0 1.035 0.245 0 1
0 1.035 0.255 0 1
0 1.035 0.265 0 1
0 1.035 0.275 0 2
0 1.035 0.285 0 2
0 1.035 0.295 0 2
0 1.035 0.305 0 2
0 1.035 0.315 0 2
0 1.035 0.325 0 2
0 1.035 0.335 0 2
0 1.035 0.345 0 2
0 1.035 0.355 0 2
0 1.035 0.365 0 1
0 1.035 0.375 0 1
0 1.035 0.385 0 1
0 1.035 0.395 0 1
0 1.035 0.405 0 1
0 1.035 0.415 0 1
0 1.035 0.425 0 1
0 1.035 0.435 0 1
0 1.035 0.445 0 2
0 1.035 0.455 0 2
0 1.035 0.465 0 2
0 1.035 0.475 0 2
0 1.035 0.485 0 2
0 1.035 0.495 0 2
0 1.035 0.505 0 2
0 1.035 0.515 0 2
0 1.035 0.525 0 2
0 1.035 0.535 0 2
0 1.035 0.545 0 2
0 1.035 0.555 0 2
0 1.035 0.565 0 2
0 1.045 -0.555 0 2
0 1.045 -0.545 0 2
0 1.045 -0.535 0 2
0 1.045 -0.525 0 2
0 1.045 -0.515 0 1
0 1.045 -0.505 0 1
0 1.045 -0.495 0 1
0 1.045 -0.485 0 1
0 1.045 -0.475 0 1
0 1.045 -0.465 0 1
0 1.045 -0.455 0 1
0 1.045 -0.445 0 1
0 1.045 -0.435 0 2
0 1.045 -0.425 0 2
0 1.045 -0.415 0 2
0 1.045 -0.405 0 2
0 1.045 -0.395 0 2
0 1.045 -0.385 0 2
0 1.045 -0.375 0 2
0 1.045 -0.365 0 2
0 1.045 -0.355 0 2
0 1.045 -0.345 0 2
0 1.045 -0.335 0 2
0 1.045 -0.325 0 2
0 1.045 -0.315 0 2
0 1.045 -0.305 0 2
0 1.045 -0.295 0 2
0 1.045 -0.285 0 2
0 1.045 -0.275 0 2
0 1.045 -0.265 0 1
0 1.045 -0.255 0 1
0 1.045 -0.245 0 1
0 1.045 -0.235 0 1
0 1.045 -0.225 0 1
0 1.045 -0.215 0 1
0 1.045 -0.205 0 1
0 1.045 -0.195 0 2
0 1.045 -0.185 0 2
0 1.045 -0.175 0 2
0 1.045 -0.165 0 2
0 1.045 -0.155 0 2
0 1.045 -0.145 0 2
0 1.045 -0.135 0 2
0 1.045 -0.125 0 2
0 1.045 -0.115 0 2
0 1.045 -0.105 0 2
0 1.045 -0.095 0 2
0 1.045 -0.085 0 2
0 1.045 -0.075 0 2
0 1.045 -0.065 0 2
0 1.045 -0.055 0 2
0 1.045 -0.045 0 2
0 1.045 -0.035 0 2
0 1.045 -0.025 0 2
0 1.045 -0.015 0 2
0 1.045 -0.005 0 2
0 1.045 0.005 0 2
0 1.045 0.015 0 2
0 1.045 0.025 0 2
0 1.045 0.035 0 2
0 1.045 0.045 0 2
0 1.045 0.055 0 2
0 1.045 0.065 0 2
0 1.045 0.075 0 2
0 1.045 0.085 0 2
0 1.045 0.095 0 2
0 1.045 0.105 0 2
0 1.045 0.115 0 2
0 1.045 0.125 0 2
0 1.045 0.135 0 2
0 1.045 0.145 0 2
0 1.045 0.155 0 2
0 1.045 0.165 0 2
0 1.045 0.175 0 2
0 1.045 0.185 0 1
0 1.045 0.195 0 1
0 1.045 0.205 0 1
0 1.045 0.215 0 1
0 1.045 0.225 0 1
0 1.045 0.235 0 1
0 1.045 0.245 0 1
0 1.045 0.255 0 1
0 1.045 0.265 0 1
0 1.045 0.275 0 2
0 1.045 0.285 0 2
0 1.045 0.295 0 2
0 1.045 0.305 0 2
0 1.045 0.315 0 2
0 1.045 0.325 0 2
0 1.045 0.335 0 2
0 1.045 0.345 0 2
0 1.045 0.355 0 2
0 1.045 0.365 0 1
0 1.045 0.375 0 1
0 1.045 0.385 0 1
0 1.045 0.395 0 1
0 1.045 0.405 0 1
0 1.045 0.415 0 1
0 1.045 0.425 0 1
0 1.045 0.435 0 1
0 1.045 0.445 0 2
0 1.045 0.455 0 2
0 1.045 0.465 0 2
0 1.045 0.475 0 2
0 1.045 0.485 0 2
0 1.045 0.495 0 2
0 1.045 0.505 0 2
0 1.045 0.515 0 2
0 1.045 0.525 0 2
0 1.045 0.535 0 2
0 1.045 0.545 0 2
0 1.045 0.555 0 2
0 1.045 0.565 0 2
0 1.055 -0.555 0 2
0 1.055 -0.545 0 2
0 1.055 -0.535 0 2
0 1.055 -0.525 0 2
0 1.055 -0.515 0 2
0 1.055 -0.505 0 2
0 1.055 -0.495 0 1
0 1.055 -0.485 0 1
0 1.055 -0.475 0 1
0 1.055 -0.465 0 1
0 1.055 -0.455 0 1
0 1.055 -0.445 0 2
0 1.055 -0.435 0 2
0 1.055 -0.425 0 2
0 1.055 -0.415 0 2
0 1.055 -0.405 0 2
0 1.055 -0.395 0 2
0 1.055 -0.385 0 2
0 1.055 -0.375 0 2
0 1.055 -0.365 0 2
0 1.055 -0.355 0 2
0 1.055 -0.345 0 2
0 1.055 -0.335 0 2
0 1.055 -0.325 0 2
0 1.055 -0.315 0 2
0 1.055 -0.305 0 2
0 1.055 -0.295 0 2
0 1.055 -0.285 0 2
0 1.055 -0.275 0 2
0 1.055 -0.265 0 1
0 1.055 -0.255 0 1
0 1.055 -0.245 0 1
0 1.055 -0.235 0 1
0 1.055 -0.225 0 1
0 1.055 -0.215 0 1
0 1.055 -0.205 0 1
0 1.055 -0.195 0 1
0 1.055 -0.185 0 2
0 1.055 -0.175 0 2
0 1.055 -0.165 0 2
0 1.055 -0.155 0 2
0 1.055 -0.145 0 2
0 1.055 -0.135 0 2
0 1.055 -0.125 0 2
0 1.055 -0.115 0 2
0 1.055 -0.105 0 2
0 1.055 -0.095 0 2
0 1.055 -0.085 0 2
0 1.055 -0.075 0 2
0 1.055 -0.065 0 2
0 1.055 -0.055 0 2
0 1.055 -0.045 0 2
0 1.055 -0.035 0 2
0 1.055 -0.025 0 2
0 1.055 -0.015 0 2
0 1.055 -0.005 0 2
0 1.055 0.005 0 2
0 1.055 0.015 0 2
0 1.055 0.025 0 2
0 1.055 0.035 0 2
0 1.055 0.045 0 2
0 1.055 0.055 0 2
0 1.055 0.065 0 2
0 1.055 0.075 0 2
0 1.055 0.085 0 2
0 1.055 0.095 0 2
0 1.055 0.105 0 2
0 1.055 0.115 0 2
0 1.055 0.125 0 2
0 1.055 0.135 0 2
0 1.055 0.145 0 2
0 1.055 0.155 0 2
0 1.055 0.165 0 2
0 1.055 0.175 0 2
0 1.055 0.185 0 1
0 1.055 0.195 0 1
0 1.055 0.205 0 1
0 1.055 0.215 0 1
0 1.055 0.225 0 1
0 1.055 0.235 0 1
0 1.055 0.245 0 1
0 1.055 0.255 0 1
0 1.055 0.265 0 1
0 1.055 0.275 0 2
0 1.055 0.285 0 2
0 1.055 0.295 0 2
0 1.055 0.305 0 2
0 1.055 0.315 0 2
0 1.055 0.325 0 2
0 1.055 0.335 0 2
0 1.055 0.345 0 2
0 1.055 0.355 0 2
0 1.055 0.365 0 2
0 1.055 0.375 0 1
0 1.055 0.385 0 1
0 1.055 0.395 0 1
0 1.055 0.405 0 1
0 1.055 0.415 0 1
0 1.055 0.425 0 1
0 1.055 0.435 0 2
0 1.055 0.445 0 2
0 1.055 0.455 0 2
0 1.055 0.465 0 2
0 1.055 0.475 0 2
0 1.055 0.485 0 2
0 1.055 0.495 0 2
0 1.055 0.505 0 2
0 1.055 0.515 0 2
0 1.055 0.525 0 2
0 1.055 0.535 0 2
0 1.055 0.545 0 2
0 1.055 0.555 0 2
0 1.055 0.565 0 2
0 1.065 -0.555 0 2
0 1.065 -0.545 0 2
0 1.065 -0.535 0 2
0 1.065 -0.525 0 2
0 1.065 -0.515 0 2
0 1.065 -0.505 0 2
0 1.065 -0.495 0 2
0 1.065 -0.485 0 2
0 1.065 -0.475 0 2
0 1.065 -0.465 0 2
0 1.065 -0.455 0 2
0 1.065 -0.445 0 2
0 1.065 -0.435 0 2
0 1.065 -0.425 0 2
0 1.065 -0.415 0 2
0 1.065 -0.405 0 2
0 1.065 -0.395 0 2
0 1.065 -0.385 0 2
0 1.065 -0.375 0 2
0 1.065 -0.365 0 2
0 1.065 -0.355 0 2
0 1.065 -0.345 0 2
0 1.065 -0.335 0 2
0 1.065 -0.325 0 2
0 1.065 -0.315 0 2
0 1.065 -0.305 0 2
0 1.065 -0.295 0 2
0 1.065 -0.285 0 2
0 1.065 -0.275 0 2
0 1.065 -0.265 0 1
0 1.065 -0.255 0 1
0 1.065 -0.245 0 1
0 1.065 -0.235 0 1
0 1.065 -0.225 0 1
0 1.065 -0.215 0 1
0 1.065 -0.205 0 1
0 1.065 -0.195 0 1
0 1.065 -0.185 0 2
0 1.065 -0.175 0 2
0 1.065 -0.165 0 2
0 1.065 -0.155 0 2
0 1.065 -0.145 0 2
0 1.065 -0.135 0 2
0 1.065 -0.125 0 2
0 1.065 -0.115 0 2
0 1.065 -0.105 0 2
0 1.065 -0.095 0 2
0 1.065 -0.085 0 2
0 1.065 -0.075 0 2
0 1.065 -0.065 0 2
0 1.065 -0.055 0 2
0 1.065 -0.045 0 2
0 1.065 -0.035 0 2
0 1.065 -0.025 0 2
0 1.065 -0.015 0 2
0 1.065 -0.005 0 2
0 1.065 0.005 0 2
0 1.065 0.015 0 2
0 1.065 0.025 0 2
0 1.065 0.035 0 2
0 1.065 0.045 0 2
0 1.065 0.055 0 2
0 1.065 0.065 0 2
0 1.065 0.075 0 2
0 1.065 0.085 0 2
0 1.065 0.095 0 2
0 1.065 0.105 0 2
0 1.065 0.115 0 2
0 1.065 0.125 0 2
0 1.065 0.135 0 2
0 1.065 0.145 0 2
0 1.065 0.155 0 2
0 1.065 0.165 0 2
0 1.065 0.175 0 2
0 1.065 0.185 0 2
0 1.065 0.195 0 1
0 1.065 0.205 0 1
0 1.065 0.215 0 1
0 1.065 0.225 0 1
0 1.065 0.235 0 1
0 1.065 0.245 0 1
0 1.065 0.255 0 1
0 1.065 0.265 0 1
0 1.065 0.275 0 1
0 1.065 0.285 0 2
0 1.065 0.295 0 2
0 1.065 0.305 0 2
0 1.065 0.315 0 2
0 1.065 0.325 0 2
0 1.065 0.335 0 2
0 1.065 0.345 0 2
0 1.065 0.355 0 2
0 1.065 0.365 0 2
0 1.065 0.375 0 2
0 1.065 0.385 0 1
0 1.065 0.395 0 1
0 1.065 0.405 0 1
0 1.065 0.415 0 1
0 1.065 0.425 0 1
0 1.065 0.435 0 2
0 1.065 0.445 0 2
0 1.065 0.455 0 2
0 1.065 0.465 0 2
0 1.065 0.475 0 2
0 1.065 0.485 0 2
0 1.065 0.495 0 2
0 1.065 0.505 0 2
0 1.065 0.515 0 2
0 1.065 0.525 0 2
0 1.065 0.535 0 2
0 1.065 0.545 0 2
0 1.065 0.555 0 2
0 1.065 0.565 0 2
