t x y content type
0 -0.055 -0.555 0 2
0 -0.055 -0.545 0 2
0 -0.055 -0.535 0 2
0 -0.055 -0.525 0 2
0 -0.055 -0.515 0 2
0 -0.055 -0.505 0 2
0 -0.055 -0.495 0 2
0 -0.055 -0.485 0 2
0 -0.055 -0.475 0 2
0 -0.055 -0.465 0 2
0 -0.055 -0.455 0 2
0 -0.055 -0.445 0 2
0 -0.055 -0.435 0 2
0 -0.055 -0.425 0 2
0 -0.055 -0.415 0 2
0 -0.055 -0.405 0 2
0 -0.055 -0.395 0 2
0 -0.055 -0.385 0 2
0 -0.055 -0.375 0 2
0 -0.055 -0.365 0 1
0 -0.055 -0.355 0 1
0 -0.055 -0.345 0 1
0 -0.055 -0.335 0 1
0 -0.055 -0.325 0 1
0 -0.055 -0.315 0 1
0 -0.055 -0.305 0 1
0 -0.055 -0.295 0 2
0 -0.055 -0.285 0 2
0 -0.055 -0.275 0 2
0 -0.055 -0.265 0 2
0 -0.055 -0.255 0 2
0 -0.055 -0.245 0 2
0 -0.055 -0.235 0 2
0 -0.055 -0.225 0 2
0 -0.055 -0.215 0 2
0 -0.055 -0.205 0 2
0 -0.055 -0.195 0 2
0 -0.055 -0.185 0 2
0 -0.055 -0.175 0 2
0 -0.055 -0.165 0 2
0 -0.055 -0.155 0 2
0 -0.055 -0.145 0 2
0 -0.055 -0.135 0 2
0 -0.055 -0.125 0 2
0 -0.055 -0.115 0 2
0 -0.055 -0.105 0 2
0 -0.055 -0.095 0 1
0 -0.055 -0.085 0 1
0 -0.055 -0.075 0 1
0 -0.055 -0.065 0 1
0 -0.055 -0.055 0 1
0 -0.055 -0.045 0 1
0 -0.055 -0.035 0 1
0 -0.055 -0.025 0 1
0 -0.055 -0.015 0 1
0 -0.055 -0.005 0 1
0 -0.055 0.005 0 1
0 -0.055 0.015 0 2
0 -0.055 0.025 0 2
0 -0.055 0.035 0 2
0 -0.055 0.045 0 2
0 -0.055 0.055 0 2
0 -0.055 0.065 0 2
0 -0.055 0.075 0 2
0 -0.055 0.085 0 2
0 -0.055 0.095 0 2
0 -0.055 0.105 0 2
0 -0.055 0.115 0 2
0 -0.055 0.125 0 2
0 -0.055 0.135 0 2
0 -0.055 0.145 0 2
0 -0.055 0.155 0 2
0 -0.055 0.165 0 2
0 -0.055 0.175 0 2
0 -0.055 0.185 0 2
0 -0.055 0.195 0 2
0 -0.055 0.205 0 2
0 -0.055 0.215 0 2
0 -0.055 0.225 0 2
0 -0.055 0.235 0 2
0 -0.055 0.245 0 2
0 -0.055 0.255 0 2
0 -0.055 0.265 0 2
0 -0.055 0.275 0 2
0 -0.055 0.285 0 2
0 -0.055 0.295 0 2
0 -0.055 0.305 0 2
0 -0.055 0.315 0 2
0 -0.055 0.325 0 2
0 -0.055 0.335 0 2
0 -0.055 0.345 0 2
0 -0.055 0.355 0 2
0 -0.055 0.365 0 2
0 -0.055 0.375 0 2
0 -0.055 0.385 0 2
0 -0.055 0.395 0 2
0 -0.055 0.405 0 2
0 -0.055 0.415 0 2
0 -0.055 0.425 0 2
0 -0.055 0.435 0 2
0 -0.055 0.445 0 1
0 -0.055 0.455 0 1
0 -0.055 0.465 0 1
0 -0.055 0.475 0 1
0 -0.055 0.485 0 1
0 -0.055 0.495 0 1
0 -0.055 0.505 0 1
0 -0.055 0.515 0 2
0 -0.055 0.525 0 2
0 -0.055 0.535 0 2
0 -0.055 0.545 0 2
0 -0.055 0.555 0 2
0 -0.055 0.565 0 2
0 -0.045 -0.555 0 2
0 -0.045 -0.545 0 2
0 -0.045 -0.535 0 2
0 -0.045 -0.525 0 2
0 -0.045 -0.515 0 2
0 -0.045 -0.505 0 2
0 -0.045 -0.495 0 2
0 -0.045 -0.485 0 2
0 -0.045 -0.475 0 2
0 -0.045 -0.465 0 2
0 -0.045 -0.455 0 2
0 -0.045 -0.445 0 2
0 -0.045 -0.435 0 2
0 -0.045 -0.425 0 2
0 -0.045 -0.415 0 2
0 -0.045 -0.405 0 2
0 -0.045 -0.395 0 2
0 -0.045 -0.385 0 2
0 -0.045 -0.375 0 1
0 -0.045 -0.365 0 1
0 -0.045 -0.355 0 1
0 -0.045 -0.345 0 1
0 -0.045 -0.335 0 1
0 -0.045 -0.325 0 1
0 -0.045 -0.315 0 1
0 -0.045 -0.305 0 1
0 -0.045 -0.295 0 2
0 -0.045 -0.285 0 2
0 -0.045 -0.275 0 2
0 -0.045 -0.265 0 2
0 -0.045 -0.255 0 2
0 -0.045 -0.245 0 2
0 -0.045 -0.235 0 2
0 -0.045 -0.225 0 2
0 -0.045 -0.215 0 2
0 -0.045 -0.205 0 2
0 -0.045 -0.195 0 2
0 -0.045 -0.185 0 2
0 -0.045 -0.175 0 2
0 -0.045 -0.165 0 2
0 -0.045 -0.155 0 2
0 -0.045 -0.145 0 2
0 -0.045 -0.135 0 2
0 -0.045 -0.125 0 2
0 -0.045 -0.115 0 2
0 -0.045 -0.105 0 2
0 -0.045 -0.095 0 1
0 -0.045 -0.085 0 1
0 -0.045 -0.075 0 1
0 -0.045 -0.065 0 1
0 -0.045 -0.055 0 1
0 -0.045 -0.045 0 1
0 -0.045 -0.035 0 1
0 -0.045 -0.025 0 1
0 -0.045 -0.015 0 1
0 -0.045 -0.005 0 1
0 -0.045 0.005 0 1
0 -0.045 0.015 0 2
0 -0.045 0.025 0 2
0 -0.045 0.035 0 2
0 -0.045 0.045 0 2
0 -0.045 0.055 0 2
0 -0.045 0.065 0 2
0 -0.045 0.075 0 2
0 -0.045 0.085 0 2
0 -0.045 0.095 0 2
0 -0.045 0.105 0 2
0 -0.045 0.115 0 2
0 -0.045 0.125 0 2
0 -0.045 0.135 0 2
0 -0.045 0.145 0 2
0 -0.045 0.155 0 2
0 -0.045 0.165 0 2
0 -0.045 0.175 0 2
0 -0.045 0.185 0 2
0 -0.045 0.195 0 2
0 -0.045 0.205 0 2
0 -0.045 0.215 0 2
0 -0.045 0.225 0 2
0 -0.045 0.235 0 2
0 -0.045 0.245 0 2
0 -0.045 0.255 0 2
0 -0.045 0.265 0 2
0 -0.045 0.275 0 2
0 -0.045 0.285 0 2
0 -0.045 0.295 0 2
0 -0.045 0.305 0 2
0 -0.045 0.315 0 2
0 -0.045 0.325 0 2
0 -0.045 0.335 0 2
0 -0.045 0.345 0 2
0 -0.045 0.355 0 2
0 -0.045 0.365 0 2
0 -0.045 0.375 0 2
0 -0.045 0.385 0 2
0 -0.045 0.395 0 2
0 -0.045 0.405 0 2
0 -0.045 0.415 0 2
0 -0.045 0.425 0 2
0 -0.045 0.435 0 2
0 -0.045 0.445 0 1
0 -0.045 0.455 0 1
0 -0.045 0.465 0 1
0 -0.045 0.475 0 1
0 -0.045 0.485 0 1
0 -0.045 0.495 0 1
0 -0.045 0.505 0 1
0 -0.045 0.515 0 2
0 -0.045 0.525 0 2
0 -0.045 0.535 0 2
0 -0.045 0.545 0 2
0 -0.045 0.555 0 2
0 -0.045 0.565 0 2
0 -0.035 -0.555 0 2
0 -0.035 -0.545 0 2
0 -0.035 -0.535 0 2
0 -0.035 -0.525 0 2
0 -0.035 -0.515 0 2
0 -0.035 -0.505 0 2
0 -0.035 -0.495 0 2
0 -0.035 -0.485 0 2
0 -0.035 -0.475 0 2
0 -0.035 -0.465 0 2
0 -0.035 -0.455 0 2
0 -0.035 -0.445 0 2
0 -0.035 -0.435 0 2
0 -0.035 -0.425 0 2
0 -0.035 -0.415 0 2
0 -0.035 -0.405 0 2
0 -0.035 -0.395 0 2
0 -0.035 -0.385 0 2
0 -0.035 -0.375 0 1
0 -0.035 -0.365 0 1
0 -0.035 -0.355 0 1
0 -0.035 -0.345 0 1
0 -0.035 -0.335 0 1
0 -0.035 -0.325 0 1
0 -0.035 -0.315 0 1
0 -0.035 -0.305 0 1
0 -0.035 -0.295 0 2
0 -0.035 -0.285 0 2
0 -0.035 -0.275 0 2
0 -0.035 -0.265 0 2
0 -0.035 -0.255 0 2
0 -0.035 -0.245 0 2
0 -0.035 -0.235 0 2
0 -0.035 -0.225 0 2
0 -0.035 -0.215 0 2
0 -0.035 -0.205 0 2
0 -0.035 -0.195 0 2
0 -0.035 -0.185 0 2
0 -0.035 -0.175 0 2
0 -0.035 -0.165 0 2
0 -0.035 -0.155 0 2
0 -0.035 -0.145 0 2
0 -0.035 -0.135 0 2
0 -0.035 -0.125 0 2
0 -0.035 -0.115 0 2
0 -0.035 -0.105 0 2
0 -0.035 -0.095 0 2
0 -0.035 -0.085 0 1
0 -0.035 -0.075 0 1
0 -0.035 -0.065 0 1
0 -0.035 -0.055 0 1
0 -0.035 -0.045 0 1
0 -0.035 -0.035 0 1
0 -0.035 -0.025 0 1
0 -0.035 -0.015 0 1
0 -0.035 -0.005 0 1
0 -0.035 0.005 0 1
0 -0.035 0.015 0 2
0 -0.035 0.025 0 2
0 -0.035 0.035 0 2
0 -0.035 0.045 0 2
0 -0.035 0.055 0 2
0 -0.035 0.065 0 2
0 -0.035 0.075 0 2
0 -0.035 0.085 0 2
0 -0.035 0.095 0 2
0 -0.035 0.105 0 2
0 -0.035 0.115 0 2
0 -0.035 0.125 0 2
0 -0.035 0.135 0 2
0 -0.035 0.145 0 2
0 -0.035 0.155 0 2
0 -0.035 0.165 0 2
0 -0.035 0.175 0 2
0 -0.035 0.185 0 2
0 -0.035 0.195 0 2
0 -0.035 0.205 0 2
0 -0.035 0.215 0 2
0 -0.035 0.225 0 2
0 -0.035 0.235 0 2
0 -0.035 0.245 0 2
0 -0.035 0.255 0 2
0 -0.035 0.265 0 2
0 -0.035 0.275 0 2
0 -0.035 0.285 0 2
0 -0.035 0.295 0 2
0 -0.035 0.305 0 2
0 -0.035 0.315 0 2
0 -0.035 0.325 0 2
0 -0.035 0.335 0 2
0 -0.035 0.345 0 2
0 -0.035 0.355 0 2
0 -0.035 0.365 0 2
0 -0.035 0.375 0 2
0 -0.035 0.385 0 2
0 -0.035 0.395 0 2
0 -0.035 0.405 0 2
0 -0.035 0.415 0 2
0 -0.035 0.425 0 2
0 -0.035 0.435 0 2
0 -0.035 0.445 0 1
0 -0.035 0.455 0 1
0 -0.035 0.465 0 1
0 -0.035 0.475 0 1
0 -0.035 0.485 0 1
0 -0.035 0.495 0 1
0 -0.035 0.505 0 2
0 -0.035 0.515 0 2
0 -0.035 0.525 0 2
0 -0.035 0.535 0 2
0 -0.035 0.545 0 2
0 -0.035 0.555 0 2
0 -0.035 0.565 0 2
0 -0.025 -0.555 0 2
0 -0.025 -0.545 0 2
0 -0.025 -0.535 0 2
0 -0.025 -0.525 0 2
0 -0.025 -0.515 0 2
0 -0.025 -0.505 0 2
0 -0.025 -0.495 0 2
0 -0.025 -0.485 0 2
0 -0.025 -0.475 0 2
0 -0.025 -0.465 0 2
0 -0.025 -0.455 0 2
0 -0.025 -0.445 0 2
0 -0.025 -0.435 0 2
0 -0.025 -0.425 0 2
0 -0.025 -0.415 0 2
0 -0.025 -0.405 0 2
0 -0.025 -0.395 0 2
0 -0.025 -0.385 0 1
0 -0.025 -0.375 0 1
0 -0.025 -0.365 0 1
0 -0.025 -0.355 0 1
0 -0.025 -0.345 0 1
0 -0.025 -0.335 0 1
0 -0.025 -0.325 0 1
0 -0.025 -0.315 0 1
0 -0.025 -0.305 0 1
0 -0.025 -0.295 0 2
0 -0.025 -0.285 0 2
0 -0.025 -0.275 0 2
0 -0.025 -0.265 0 2
0 -0.025 -0.255 0 2
0 -0.025 -0.245 0 2
0 -0.025 -0.235 0 2
0 -0.025 -0.225 0 2
0 -0.025 -0.215 0 2
0 -0.025 -0.205 0 2
0 -0.025 -0.195 0 2
0 -0.025 -0.185 0 2
0 -0.025 -0.175 0 2
0 -0.025 -0.165 0 2
0 -0.025 -0.155 0 2
0 -0.025 -0.145 0 2
0 -0.025 -0.135 0 2
0 -0.025 -0.125 0 2
0 -0.025 -0.115 0 2
0 -0.025 -0.105 0 2
0 -0.025 -0.095 0 2
0 -0.025 -0.085 0 2
0 -0.025 -0.075 0 1
0 -0.025 -0.065 0 1
0 -0.025 -0.055 0 1
0 -0.025 -0.045 0 1
0 -0.025 -0.035 0 1
0 -0.025 -0.025 0 1
0 -0.025 -0.015 0 1
0 -0.025 -0.005 0 2
0 -0.025 0.005 0 2
0 -0.025 0.015 0 2
0 -0.025 0.025 0 2
0 -0.025 0.035 0 2
0 -0.025 0.045 0 2
0 -0.025 0.055 0 2
0 -0.025 0.065 0 2
0 -0.025 0.075 0 2
0 -0.025 0.085 0 2
0 -0.025 0.095 0 2
0 -0.025 0.105 0 2
0 -0.025 0.115 0 2
0 -0.025 0.125 0 2
0 -0.025 0.135 0 2
0 -0.025 0.145 0 2
0 -0.025 0.155 0 2
0 -0.025 0.165 0 2
0 -0.025 0.175 0 2
0 -0.025 0.185 0 2
0 -0.025 0.195 0 2
0 -0.025 0.205 0 2
0 -0.025 0.215 0 2
0 -0.025 0.225 0 2
0 -0.025 0.235 0 2
0 -0.025 0.245 0 2
0 -0.025 0.255 0 2
0 -0.025 0.265 0 2
0 -0.025 0.275 0 2
0 -0.025 0.285 0 2
0 -0.025 0.295 0 2
0 -0.025 0.305 0 2
0 -0.025 0.315 0 2
0 -0.025 0.325 0 2
0 -0.025 0.335 0 2
0 -0.025 0.345 0 2
0 -0.025 0.355 0 2
0 -0.025 0.365 0 2
0 -0.025 0.375 0 2
0 -0.025 0.385 0 2
0 -0.025 0.395 0 2
0 -0.025 0.405 0 2
0 -0.025 0.415 0 2
0 -0.025 0.425 0 2
0 -0.025 0.435 0 2
0 -0.025 0.445 0 1
0 -0.025 0.455 0 1
0 -0.025 0.465 0 1
0 -0.025 0.475 0 1
0 -0.025 0.485 0 1
0 -0.025 0.495 0 1
0 -0.025 0.505 0 2
0 -0.025 0.515 0 2
0 -0.025 0.525 0 2
0 -0.025 0.535 0 2
0 -0.025 0.545 0 2
0 -0.025 0.555 0 2
0 -0.025 0.565 0 2
0 -0.015 -0.555 0 2
0 -0.015 -0.545 0 2
0 -0.015 -0.535 0 2
0 -0.015 -0.525 0 2
0 -0.015 -0.515 0 2
0 -0.015 -0.505 0 2
0 -0.015 -0.495 0 2
0 -0.015 -0.485 0 2
0 -0.015 -0.475 0 2
0 -0.015 -0.465 0 2
0 -0.015 -0.455 0 2
0 -0.015 -0.445 0 2
0 -0.015 -0.435 0 2
0 -0.015 -0.425 0 2
0 -0.015 -0.415 0 2
0 -0.015 -0.405 0 2
0 -0.015 -0.395 0 2
0 -0.015 -0.385 0 1
0 -0.015 -0.375 0 1
0 -0.015 -0.365 0 1
0 -0.015 -0.355 0 1
0 -0.015 -0.345 0 1
0 -0.015 -0.335 0 1
0 -0.015 -0.325 0 1
0 -0.015 -0.315 0 1
0 -0.015 -0.305 0 1
0 -0.015 -0.295 0 2
0 -0.015 -0.285 0 2
0 -0.015 -0.275 0 2
0 -0.015 -0.265 0 2
0 -0.015 -0.255 0 2
0 -0.015 -0.245 0 2
0 -0.015 -0.235 0 2
0 -0.015 -0.225 0 2
0 -0.015 -0.215 0 2
0 -0.015 -0.205 0 2
0 -0.015 -0.195 0 2
0 -0.015 -0.185 0 2
0 -0.015 -0.175 0 2
0 -0.015 -0.165 0 2
0 -0.015 -0.155 0 2
0 -0.015 -0.145 0 2
0 -0.015 -0.135 0 2
0 -0.015 -0.125 0 2
0 -0.015 -0.115 0 2
0 -0.015 -0.105 0 2
0 -0.015 -0.095 0 2
0 -0.015 -0.085 0 2
0 -0.015 -0.075 0 2
0 -0.015 -0.065 0 2
0 -0.015 -0.055 0 2
0 -0.015 -0.045 0 2
0 -0.015 -0.035 0 2
0 -0.015 -0.025 0 2
0 -0.015 -0.015 0 2
0 -0.015 -0.005 0 2
0 -0.015 0.005 0 2
0 -0.015 0.015 0 2
0 -0.015 0.025 0 2
0 -0.015 0.035 0 2
0 -0.015 0.045 0 2
0 -0.015 0.055 0 2
0 -0.015 0.065 0 2
0 -0.015 0.075 0 2
0 -0.015 0.085 0 2
0 -0.015 0.095 0 2
0 -0.015 0.105 0 2
0 -0.015 0.115 0 2
0 -0.015 0.125 0 2
0 -0.015 0.135 0 2
0 -0.015 0.145 0 2
0 -0.015 0.155 0 2
0 -0.015 0.165 0 2
0 -0.015 0.175 0 2
0 -0.015 0.185 0 2
0 -0.015 0.195 0 2
0 -0.015 0.205 0 2
0 -0.015 0.215 0 2
0 -0.015 0.225 0 2
0 -0.015 0.235 0 2
0 -0.015 0.245 0 2
0 -0.015 0.255 0 2
0 -0.015 0.265 0 2
0 -0.015 0.275 0 2
0 -0.015 0.285 0 2
0 -0.015 0.295 0 2
0 -0.015 0.305 0 2
0 -0.015 0.315 0 2
0 -0.015 0.325 0 2
0 -0.015 0.335 0 2
0 -0.015 0.345 0 2
0 -0.015 0.355 0 2
0 -0.015 0.365 0 2
0 -0.015 0.375 0 2
0 -0.015 0.385 0 2
0 -0.015 0.395 0 2
0 -0.015 0.405 0 2
0 -0.015 0.415 0 2
0 -0.015 0.425 0 2
0 -0.015 0.435 0 2
0 -0.015 0.445 0 2
0 -0.015 0.455 0 1
0 -0.015 0.465 0 1
0 -0.015 0.475 0 1
0 -0.015 0.485 0 1
0 -0.015 0.495 0 2
0 -0.015 0.505 0 2
0 -0.015 0.515 0 2
0 -0.015 0.525 0 2
0 -0.015 0.535 0 2
0 -0.015 0.545 0 2
0 -0.015 0.555 0 2
0 -0.015 0.565 0 2
0 -0.005 -0.555 0 2
0 -0.005 -0.545 0 2
0 -0.005 -0.535 0 2
0 -0.005 -0.525 0 2
0 -0.005 -0.515 0 2
0 -0.005 -0.505 0 2
0 -0.005 -0.495 0 2
0 -0.005 -0.485 0 2
0 -0.005 -0.475 0 2
0 -0.005 -0.465 0 2
0 -0.005 -0.455 0 2
0 -0.005 -0.445 0 2
0 -0.005 -0.435 0 2
0 -0.005 -0.425 0 2
0 -0.005 -0.415 0 2
0 -0.005 -0.405 0 2
0 -0.005 -0.395 0 2
0 -0.005 -0.385 0 1
0 -0.005 -0.375 0 1
0 -0.005 -0.365 0 1
0 -0.005 -0.355 0 1
0 -0.005 -0.345 0 1
0 -0.005 -0.335 0 1
0 -0.005 -0.325 0 1
0 -0.005 -0.315 0 1
0 -0.005 -0.305 0 2
0 -0.005 -0.295 0 2
0 -0.005 -0.285 0 2
0 -0.005 -0.275 0 2
0 -0.005 -0.265 0 2
0 -0.005 -0.255 0 2
0 -0.005 -0.245 0 2
0 -0.005 -0.235 0 2
0 -0.005 -0.225 0 2
0 -0.005 -0.215 0 2
0 -0.005 -0.205 0 2
0 -0.005 -0.195 0 2
0 -0.005 -0.185 0 2
0 -0.005 -0.175 0 2
0 -0.005 -0.165 0 2
0 -0.005 -0.155 0 2
0 -0.005 -0.145 0 2
0 -0.005 -0.135 0 2
0 -0.005 -0.125 0 2
0 -0.005 -0.115 0 2
0 -0.005 -0.105 0 2
0 -0.005 -0.095 0 2
0 -0.005 -0.085 0 2
0 -0.005 -0.075 0 2
0 -0.005 -0.065 0 2
0 -0.005 -0.055 0 2
0 -0.005 -0.045 0 2
0 -0.005 -0.035 0 2
0 -0.005 -0.025 0 2
0 -0.005 -0.015 0 2
0 -0.005 -0.005 0 2
0 -0.005 0.005 0 2
0 -0.005 0.015 0 2
0 -0.005 0.025 0 2
0 -0.005 0.035 0 2
0 -0.005 0.045 0 2
0 -0.005 0.055 0 2
0 -0.005 0.065 0 2
0 -0.005 0.075 0 2
0 -0.005 0.085 0 2
0 -0.005 0.095 0 2
0 -0.005 0.105 0 2
0 -0.005 0.115 0 2
0 -0.005 0.125 0 2
0 -0.005 0.135 0 2
0 -0.005 0.145 0 2
0 -0.005 0.155 0 2
0 -0.005 0.165 0 2
0 -0.005 0.175 0 2
0 -0.005 0.185 0 2
0 -0.005 0.195 0 2
0 -0.005 0.205 0 2
0 -0.005 0.215 0 1
0 -0.005 0.225 0 1
0 -0.005 0.235 0 1
0 -0.005 0.245 0 1
0 -0.005 0.255 0 1
0 -0.005 0.265 0 2
0 -0.005 0.275 0 2
0 -0.005 0.285 0 2
0 -0.005 0.295 0 2
0 -0.005 0.305 0 2
0 -0.005 0.315 0 2
0 -0.005 0.325 0 2
0 -0.005 0.335 0 2
0 -0.005 0.345 0 2
0 -0.005 0.355 0 2
0 -0.005 0.365 0 2
0 -0.005 0.375 0 2
0 -0.005 0.385 0 2
0 -0.005 0.395 0 2
0 -0.005 0.405 0 2
0 -0.005 0.415 0 2
0 -0.005 0.425 0 2
0 -0.005 0.435 0 2
0 -0.005 0.445 0 2
0 -0.005 0.455 0 2
0 -0.005 0.465 0 2
0 -0.005 0.475 0 2
0 -0.005 0.485 0 2
0 -0.005 0.495 0 2
0 -0.005 0.505 0 2
0 -0.005 0.515 0 2
0 -0.005 0.525 0 2
0 -0.005 0.535 0 2
0 -0.005 0.545 0 2
0 -0.005 0.555 0 2
0 -0.005 0.565 0 2
0 0.005 -0.555 0 2
0 0.005 -0.545 0 2
0 0.005 -0.535 0 2
0 0.005 -0.525 0 2
0 0.005 -0.515 0 2
0 0.005 -0.505 0 2
0 0.005 -0.495 0.0002587032518 2
0 0.005 -0.485 0.0003833371468 2
0 0.005 -0.475 0.0004927577831 2
0 0.005 -0.465 0.0005886680257 2
0 0.005 -0.455 0.0006740314587 2
0 0.005 -0.445 0.0007505456409 2
0 0.005 -0.435 0.0008189949355 2
0 0.005 -0.425 0.0008799223049 2
0 0.005 -0.415 0.0009324893477 2
0 0.005 -0.405 0.0009664213368 2
0 0.005 -0.395 0.00097467586 2
0 0.005 -0.385 0.0008916330761 1
0 0.005 -0.375 0.0009288896003 1
0 0.005 -0.365 0.0009228784584 1
0 0.005 -0.355 0.0008988230788 1
0 0.005 -0.345 0.0008631645319 1
0 0.005 -0.335 0.0008090115871 1
0 0.005 -0.325 0.000768301602 1
0 0.005 -0.315 0.0008112111827 2
0 0.005 -0.305 0.0008560868144 2
0 0.005 -0.295 0.0008513546428 2
0 0.005 -0.285 0.000809734545 2
0 0.005 -0.275 0.000748985151 2
0 0.005 -0.265 0.0006778609129 2
0 0.005 -0.255 0.0005995815769 2
0 0.005 -0.245 0.0005153132163 2
0 0.005 -0.235 0.0004258831189 2
0 0.005 -0.225 0.0003320211014 2
0 0.005 -0.215 0.0002344566007 2
0 0.005 -0.205 0.000133946635 2
0 0.005 -0.195 3.127895813e-05 2
0 0.005 -0.185 -7.273357802e-05 2
0 0.005 -0.175 -0.0001772612011 2
0 0.005 -0.165 -0.0002814657019 2
0 0.005 -0.155 -0.0003845084314 2
0 0.005 -0.145 -0.0004855577062 2
0 0.005 -0.135 -0.0005837957076 2
0 0.005 -0.125 -0.000678425057 2
0 0.005 -0.115 -0.0007686753043 2
0 0.005 -0.105 -0.0008538096494 2
0 0.005 -0.095 -0.0009331323737 2
0 0.005 -0.085 -0.001005997705 2
0 0.005 -0.075 -0.001071821232 2
0 0.005 -0.065 -0.001130095489 2
0 0.005 -0.055 -0.001180411841 2
0 0.005 -0.045 -0.001222491152 2
0 0.005 -0.035 -0.001256223974 2
0 0.005 -0.025 -0.001281717312 2
0 0.005 -0.015 -0.001299332838 2
0 0.005 -0.005 -0.001309685455 2
0 0.005 0.005 -0.001313545428 2
0 0.005 0.015 -0.00131158474 2
0 0.005 0.025 -0.001303986139 2
0 0.005 0.035 -0.001290015683 2
0 0.005 0.045 -0.00126798637 2
0 0.005 0.055 -0.001235660322 2
0 0.005 0.065 -0.001191576033 2
0 0.005 0.075 -0.001135101858 2
0 0.005 0.085 -0.001066563162 2
0 0.005 0.095 -0.000986922361 2
0 0.005 0.105 -0.0008978674258 2
0 0.005 0.115 -0.0008009365795 2
0 0.005 0.125 -0.0006975429519 2
0 0.005 0.135 -0.000588744361 2
0 0.005 0.145 -0.0004761878673 2
0 0.005 0.155 -0.00035822278 2
0 0.005 0.165 -0.0002408605506 2
0 0.005 0.175 -0.0001372551908 2
0 0.005 0.185 -4.838108924e-05 2
0 0.005 0.195 4.002221259e-05 1
0 0.005 0.205 0.0001312626493 1
0 0.005 0.215 0.0002001850518 1
0 0.005 0.225 0.0002628264678 1
0 0.005 0.235 0.0003274998582 1
0 0.005 0.245 0.0003940534101 1
0 0.005 0.255 0.000456160692 1
0 0.005 0.265 0.0005571004418 1
0 0.005 0.275 0.0006594100903 2
0 0.005 0.285 0.0007809062283 2
0 0.005 0.295 0.000887219333 2
0 0.005 0.305 0.0009724947961 2
0 0.005 0.315 0.001043552413 2
0 0.005 0.325 0.001102432044 2
0 0.005 0.335 0.001149843186 2
0 0.005 0.345 0.001184987362 2
0 0.005 0.355 0.00120680359 2
0 0.005 0.365 0.001213050165 2
0 0.005 0.375 0.001203102826 2
0 0.005 0.385 0.001176834346 2
0 0.005 0.395 0.00113518181 2
0 0.005 0.405 0.00107985624 2
0 0.005 0.415 0.001014253102 2
0 0.005 0.425 0.0009410799164 2
0 0.005 0.435 0.0008569356401 2
0 0.005 0.445 0.0007632859681 2
0 0.005 0.455 0.0006612446945 2
0 0.005 0.465 0.0005669452072 2
0 0.005 0.475 0.000473817659 2
0 0.005 0.485 0.000372891523 2
0 0.005 0.495 0.0002574478422 2
0 0.005 0.505 0 2
0 0.005 0.515 0 2
0 0.005 0.525 0 2
0 0.005 0.535 0 2
0 0.005 0.545 0 2
0 0.005 0.555 0 2
0 0.005 0.565 0 2
0 0.015 -0.555 0 2
0 0.015 -0.545 0 2
0 0.015 -0.535 0 2
0 0.015 -0.525 0 2
0 0.015 -0.515 0 2
0 0.015 -0.505 0 2
0 0.015 -0.495 0.0003704436867 2
0 0.015 -0.485 0.0005815024117 2
0 0.015 -0.475 0.0007728042259 2
0 0.015 -0.465 0.0009376104192 2
0 0.015 -0.455 0.001083621772 2
0 0.015 -0.445 0.001213265412 2
0 0.015 -0.435 0.001328422397 2
0 0.015 -0.425 0.001430302875 2
0 0.015 -0.415 0.001519528873 2
0 0.015 -0.405 0.001588375164 2
0 0.015 -0.395 0.001625006071 2
0 0.015 -0.385 0.00158759287 2
0 0.015 -0.375 0.001579802505 1
0 0.015 -0.365 0.001545330304 1
0 0.015 -0.355 0.001481660794 1
0 0.015 -0.345 0.001432506966 1
0 0.015 -0.335 0.001362750875 1
0 0.015 -0.325 0.001399590977 2
0 0.015 -0.315 0.00144662129 2
0 0.015 -0.305 0.0014622103 2
0 0.015 -0.295 0.001420030586 2
0 0.015 -0.285 0.001339830882 2
0 0.015 -0.275 0.001236809699 2
0 0.015 -0.265 0.001119132082 2
0 0.015 -0.255 0.0009898443247 2
0 0.015 -0.245 0.0008506876847 2
0 0.015 -0.235 0.0007029379296 2
0 0.015 -0.225 0.0005477637542 2
0 0.015 -0.215 0.0003863623008 2
0 0.015 -0.205 0.0002199902881 2
0 0.015 -0.195 4.99622179e-05 2
0 0.015 -0.185 -0.0001223633387 2
0 0.015 -0.175 -0.0002955993461 2
0 0.015 -0.165 -0.0004683453021 2
0 0.015 -0.155 -0.0006392007046 2
0 0.015 -0.145 -0.000806777132 2
0 0.015 -0.135 -0.0009697092305 2
0 0.015 -0.125 -0.001126664982 2
0 0.015 -0.115 -0.001276355661 2
0 0.015 -0.105 -0.001417546013 2
0 0.015 -0.095 -0.001549065439 2
0 0.015 -0.085 -0.001669821442 2
0 0.015 -0.075 -0.001778817361 2
0 0.015 -0.065 -0.001875177505 2
0 0.015 -0.055 -0.00195818428 2
0 0.015 -0.045 -0.002027333252 2
0 0.015 -0.035 -0.002082410987 2
0 0.015 -0.025 -0.00212359782 2
0 0.015 -0.015 -0.002151571149 2
0 0.015 -0.005 -0.002167560155 2
0 0.015 0.005 -0.002173212201 2
0 0.015 0.015 -0.002170136373 2
0 0.015 0.025 -0.002159050033 2
0 0.015 0.035 -0.002138694033 2
0 0.015 0.045 -0.002105527358 2
0 0.015 0.055 -0.002054474193 2
0 0.015 0.065 -0.001982714945 2
0 0.015 0.075 -0.00188915423 2
0 0.015 0.085 -0.001774561138 2
0 0.015 0.095 -0.001640695107 2
0 0.015 0.105 -0.001491124509 2
0 0.015 0.115 -0.00132861568 2
0 0.015 0.125 -0.001155581295 2
0 0.015 0.135 -0.0009739349708 2
0 0.015 0.145 -0.0007861120183 2
0 0.015 0.155 -0.000589883295 2
0 0.015 0.165 -0.0003994509821 2
0 0.015 0.175 -0.0002336220088 2
0 0.015 0.185 -8.070185388e-05 1
0 0.015 0.195 6.103807758e-05 1
0 0.015 0.205 0.0001969728035 1
0 0.015 0.215 0.0003122666151 1
0 0.015 0.225 0.0004177430103 1
0 0.015 0.235 0.0005218432097 1
0 0.015 0.245 0.0006238306517 1
0 0.015 0.255 0.0007247937389 1
0 0.015 0.265 0.0008607470806 1
0 0.015 0.275 0.001075373498 2
0 0.015 0.285 0.001287327938 2
0 0.015 0.295 0.001465215447 2
0 0.015 0.305 0.001606881889 2
0 0.015 0.315 0.001725105953 2
0 0.015 0.325 0.001823828559 2
0 0.015 0.335 0.001904300967 2
0 0.015 0.345 0.001964683069 2
0 0.015 0.355 0.002003338237 2
0 0.015 0.365 0.002014254549 2
0 0.015 0.375 0.001996596773 2
0 0.015 0.385 0.001949868192 2
0 0.015 0.395 0.001875645603 2
0 0.015 0.405 0.001776640976 2
0 0.015 0.415 0.001660827386 2
0 0.015 0.425 0.001533694422 2
0 0.015 0.435 0.00139767952 2
0 0.015 0.445 0.001253689712 2
0 0.015 0.455 0.001101290232 2
0 0.015 0.465 0.0009416732022 2
0 0.015 0.475 0.0007707659309 2
0 0.015 0.485 0.0005784663204 2
0 0.015 0.495 0.0003688857333 2
0 0.015 0.505 0 2
0 0.015 0.515 0 2
0 0.015 0.525 0 2
0 0.015 0.535 0 2
0 0.015 0.545 0 2
0 0.015 0.555 0 2
0 0.015 0.565 0 2
0 0.025 -0.555 0 2
0 0.025 -0.545 0 2
0 0.025 -0.535 0 2
0 0.025 -0.525 0 2
0 0.025 -0.515 0 2
0 0.025 -0.505 0 2
0 0.025 -0.495 0.0004811547457 2
0 0.025 -0.485 0.0007863713714 2
0 0.025 -0.475 0.001071578726 2
0 0.025 -0.465 0.001316808251 2
0 0.025 -0.455 0.001534161263 2
0 0.025 -0.445 0.001725988664 2
0 0.025 -0.435 0.001895034038 2
0 0.025 -0.425 0.002043081553 2
0 0.025 -0.415 0.002178002821 2
0 0.025 -0.405 0.00229161368 2
0 0.025 -0.395 0.002379405024 2
0 0.025 -0.385 0.002394900595 2
0 0.025 -0.375 0.002323108143 1
0 0.025 -0.365 0.002282111269 1
0 0.025 -0.355 0.002215647271 1
0 0.025 -0.345 0.002175108082 1
0 0.025 -0.335 0.002160652831 2
0 0.025 -0.325 0.002187801201 2
0 0.025 -0.315 0.002194050714 2
0 0.025 -0.305 0.002153588388 2
0 0.025 -0.295 0.002065641189 2
0 0.025 -0.285 0.001941543268 2
0 0.025 -0.275 0.001791535455 2
0 0.025 -0.265 0.001621317645 2
0 0.025 -0.255 0.001434345155 2
0 0.025 -0.245 0.001232906499 2
0 0.025 -0.235 0.001018784478 2
0 0.025 -0.225 0.0007936808026 2
0 0.025 -0.215 0.0005593591725 2
0 0.025 -0.205 0.0003176728347 2
0 0.025 -0.195 7.055772375e-05 2
0 0.025 -0.185 -0.0001799892869 2
0 0.025 -0.175 -0.000431933116 2
0 0.025 -0.165 -0.0006832218426 2
0 0.025 -0.155 -0.0009318056497 2
0 0.025 -0.145 -0.00117565369 2
0 0.025 -0.135 -0.001412769331 2
0 0.025 -0.125 -0.001641204297 2
0 0.025 -0.115 -0.001859072261 2
0 0.025 -0.105 -0.002064562566 2
0 0.025 -0.095 -0.002255955157 2
0 0.025 -0.085 -0.002431638425 2
0 0.025 -0.075 -0.002590132852 2
0 0.025 -0.065 -0.002730124941 2
0 0.025 -0.055 -0.002850518731 2
0 0.025 -0.045 -0.00295051444 2
0 0.025 -0.035 -0.003029726672 2
0 0.025 -0.025 -0.003088354499 2
0 0.025 -0.015 -0.003127379651 2
0 0.025 -0.005 -0.003148751052 2
0 0.025 0.005 -0.003155353641 2
0 0.025 0.015 -0.003150483131 2
0 0.025 0.025 -0.003136303998 2
0 0.025 0.035 -0.003111310207 2
0 0.025 0.045 -0.003069057552 2
0 0.025 0.055 -0.002998660499 2
0 0.025 0.065 -0.002895812456 2
0 0.025 0.075 -0.002759066008 2
0 0.025 0.085 -0.002590109878 2
0 0.025 0.095 -0.002391451685 2
0 0.025 0.105 -0.002170486715 2
0 0.025 0.115 -0.001931251469 2
0 0.025 0.125 -0.0016776642 2
0 0.025 0.135 -0.001412074707 2
0 0.025 0.145 -0.001134070631 2
0 0.025 0.155 -0.0008503076142 2
0 0.025 0.165 -0.0005819711678 2
0 0.025 0.175 -0.0003342003644 1
0 0.025 0.185 -0.0001164113144 1
0 0.025 0.195 7.611252379e-05 1
0 0.025 0.205 0.0002563912005 1
0 0.025 0.215 0.000428795834 1
0 0.025 0.225 0.0005962846721 1
0 0.025 0.235 0.0007578231582 1
0 0.025 0.245 0.0009109788365 1
0 0.025 0.255 0.001061803961 1
0 0.025 0.265 0.001237588648 1
0 0.025 0.275 0.001566734037 2
0 0.025 0.285 0.001866777065 2
0 0.025 0.295 0.002123129941 2
0 0.025 0.305 0.002328128795 2
0 0.025 0.315 0.002501062199 2
0 0.025 0.325 0.002646062159 2
0 0.025 0.335 0.002764690486 2
0 0.025 0.345 0.002852781316 2
0 0.025 0.355 0.002910352168 2
0 0.025 0.365 0.00292430461 2
0 0.025 0.375 0.002896243811 2
0 0.025 0.385 0.002825723886 2
0 0.025 0.395 0.002713946152 2
0 0.025 0.405 0.002562209268 2
0 0.025 0.415 0.002386515006 2
0 0.025 0.425 0.00219641748 2
0 0.025 0.435 0.001996148018 2
0 0.025 0.445 0.001785732529 2
0 0.025 0.455 0.001563147039 2
0 0.025 0.465 0.001326187304 2
0 0.025 0.475 0.001070553655 2
0 0.025 0.485 0.0007816816494 2
0 0.025 0.495 0.0004769555287 2
0 0.025 0.505 0 2
0 0.025 0.515 0 2
0 0.025 0.525 0 2
0 0.025 0.535 0 2
0 0.025 0.545 0 2
0 0.025 0.555 0 2
0 0.025 0.565 0 2
0 0.035 -0.555 0 2
0 0.035 -0.545 0 2
0 0.035 -0.535 0 2
0 0.035 -0.525 0 2
0 0.035 -0.515 0 2
0 0.035 -0.505 0 2
0 0.035 -0.495 0.0005725220261 2
0 0.035 -0.485 0.0009565129362 2
0 0.035 -0.475 0.001324278525 2
0 0.035 -0.465 0.001644575791 2
0 0.035 -0.455 0.001929560587 2
0 0.035 -0.445 0.00218048011 2
0 0.035 -0.435 0.00240021902 2
0 0.035 -0.425 0.002591214075 2
0 0.035 -0.415 0.002764253614 2
0 0.035 -0.405 0.00291735417 2
0 0.035 -0.395 0.003060255088 2
0 0.035 -0.385 0.0030856131 1
0 0.035 -0.375 0.002998770831 1
0 0.035 -0.365 0.00296353082 1
0 0.035 -0.355 0.002967007059 2
0 0.035 -0.345 0.002973386406 2
0 0.035 -0.335 0.002979081411 2
0 0.035 -0.325 0.002958845006 2
0 0.035 -0.315 0.002896892613 2
0 0.035 -0.305 0.002797322486 2
0 0.035 -0.295 0.002662491252 2
0 0.035 -0.285 0.002495815161 2
0 0.035 -0.275 0.002301292188 2
0 0.035 -0.265 0.002082754943 2
0 0.035 -0.255 0.001843006588 2
0 0.035 -0.245 0.001584425529 2
0 0.035 -0.235 0.00130918845 2
0 0.035 -0.225 0.001019501186 2
0 0.035 -0.215 0.0007176860653 2
0 0.035 -0.205 0.00040618187 2
0 0.035 -0.195 8.752671171e-05 2
0 0.035 -0.185 -0.0002356711767 2
0 0.035 -0.175 -0.0005607614211 2
0 0.035 -0.165 -0.0008850772919 2
0 0.035 -0.155 -0.001205958582 2
0 0.035 -0.145 -0.001520772101 2
0 0.035 -0.135 -0.001826930307 2
0 0.035 -0.125 -0.00212190864 2
0 0.035 -0.115 -0.002403262104 2
0 0.035 -0.105 -0.002668641832 2
0 0.035 -0.095 -0.002915812777 2
0 0.035 -0.085 -0.003142674396 2
0 0.035 -0.075 -0.003347287556 2
0 0.035 -0.065 -0.003527912765 2
0 0.035 -0.055 -0.00368306876 2
0 0.035 -0.045 -0.003811623038 2
0 0.035 -0.035 -0.003912937237 2
0 0.035 -0.025 -0.003987087178 2
0 0.035 -0.015 -0.004035174407 2
0 0.035 -0.005 -0.004059788342 2
0 0.035 0.005 -0.004065153455 2
0 0.035 0.015 -0.004056955892 2
0 0.035 0.025 -0.004039843038 2
0 0.035 0.035 -0.004013222844 2
0 0.035 0.045 -0.003966491933 2
0 0.035 0.055 -0.003878293671 2
0 0.035 0.065 -0.003745305748 2
0 0.035 0.075 -0.003567631016 2
0 0.035 0.085 -0.003348165865 2
0 0.035 0.095 -0.003087859786 2
0 0.035 0.105 -0.002800420103 2
0 0.035 0.115 -0.002489101095 2
0 0.035 0.125 -0.002160171275 2
0 0.035 0.135 -0.001815686678 2
0 0.035 0.145 -0.001452821938 2
0 0.035 0.155 -0.001082425954 2
0 0.035 0.165 -0.0007410222123 2
0 0.035 0.175 -0.0004272104051 1
0 0.035 0.185 -0.0001654563642 1
0 0.035 0.195 7.809858449e-05 1
0 0.035 0.205 0.0003126461828 1
0 0.035 0.215 0.0005405922366 1
0 0.035 0.225 0.0007601849704 1
0 0.035 0.235 0.0009698454237 1
0 0.035 0.245 0.001171734082 1
0 0.035 0.255 0.00137903052 1
0 0.035 0.265 0.001664665157 2
0 0.035 0.275 0.002049769744 2
0 0.035 0.285 0.002414394314 2
0 0.035 0.295 0.002730407528 2
0 0.035 0.305 0.002990991599 2
0 0.035 0.315 0.003213995115 2
0 0.035 0.325 0.00340107502 2
0 0.035 0.335 0.003557399824 2
0 0.035 0.345 0.0036767233 2
0 0.035 0.355 0.003770484442 2
0 0.035 0.365 0.003791190629 2
0 0.035 0.375 0.003753447826 2
0 0.035 0.385 0.003658657208 2
0 0.035 0.395 0.003505622072 2
0 0.035 0.405 0.003283444511 2
0 0.035 0.415 0.003039727578 2
0 0.035 0.425 0.002787243403 2
0 0.035 0.435 0.00252857783 2
0 0.035 0.445 0.002257654209 2
0 0.035 0.455 0.001969802866 2
0 0.035 0.465 0.001660471596 2
0 0.035 0.475 0.0013257636 2
0 0.035 0.485 0.0009512593988 2
0 0.035 0.495 0.000566320508 2
0 0.035 0.505 0 2
0 0.035 0.515 0 2
0 0.035 0.525 0 2
0 0.035 0.535 0 2
0 0.035 0.545 0 2
0 0.035 0.555 0 2
0 0.035 0.565 0 2
0 0.045 -0.555 0 2
0 0.045 -0.545 0 2
0 0.045 -0.535 0 2
0 0.045 -0.525 0 2
0 0.045 -0.515 0 2
0 0.045 -0.505 0 2
0 0.045 -0.495 0.0006589881392 2
0 0.045 -0.485 0.001115981643 2
0 0.045 -0.475 0.001561456875 2
0 0.045 -0.465 0.001954466119 2
0 0.045 -0.455 0.002306131825 2
0 0.045 -0.445 0.002615986967 2
0 0.045 -0.435 0.002886414075 2
0 0.045 -0.425 0.003119932839 2
0 0.045 -0.415 0.003326694044 2
0 0.045 -0.405 0.003503675026 2
0 0.045 -0.395 0.003658796438 1
0 0.045 -0.385 0.003665403458 1
0 0.045 -0.375 0.003630813497 1
0 0.045 -0.365 0.003626784181 1
0 0.045 -0.355 0.003689548283 1
0 0.045 -0.345 0.003741014763 1
0 0.045 -0.335 0.003780792506 2
0 0.045 -0.325 0.003717320656 2
0 0.045 -0.315 0.00359002016 2
0 0.045 -0.305 0.003433134534 2
0 0.045 -0.295 0.003249230811 2
0 0.045 -0.285 0.003039753334 2
0 0.045 -0.275 0.002801023426 2
0 0.045 -0.265 0.002534920633 2
0 0.045 -0.255 0.00224348274 2
0 0.045 -0.245 0.001928869826 2
0 0.045 -0.235 0.00159359038 2
0 0.045 -0.225 0.001240335609 2
0 0.045 -0.215 0.000871995355 2
0 0.045 -0.205 0.0004916072265 2
0 0.045 -0.195 0.0001023208036 2
0 0.045 -0.185 -0.0002926398079 2
0 0.045 -0.175 -0.0006900084971 2
0 0.045 -0.165 -0.001086506163 2
0 0.045 -0.155 -0.001478866603 2
0 0.045 -0.145 -0.00186386001 2
0 0.045 -0.135 -0.002238314638 2
0 0.045 -0.125 -0.002599137139 2
0 0.045 -0.115 -0.00294333203 2
0 0.045 -0.105 -0.003268020956 2
0 0.045 -0.095 -0.003570462766 2
0 0.045 -0.085 -0.00384807614 2
0 0.045 -0.075 -0.004098467831 2
0 0.045 -0.065 -0.004319471299 2
0 0.045 -0.055 -0.004509205085 2
0 0.045 -0.045 -0.004666162035 2
0 0.045 -0.035 -0.004789361624 2
0 0.045 -0.025 -0.00487858023 2
0 0.045 -0.015 -0.004934772693 2
0 0.045 -0.005 -0.004960742661 2
0 0.045 0.005 -0.004961761311 2
0 0.045 0.015 -0.004946439772 2
0 0.045 0.025 -0.004925740047 2
0 0.045 0.035 -0.00490734937 2
0 0.045 0.045 -0.00487968512 2
0 0.045 0.055 -0.004780131125 2
0 0.045 0.065 -0.004615796999 2
0 0.045 0.075 -0.004393972906 2
0 0.045 0.085 -0.004119518036 2
0 0.045 0.095 -0.003780311176 2
0 0.045 0.105 -0.003419198311 2
0 0.045 0.115 -0.003033189229 2
0 0.045 0.125 -0.002631619762 2
0 0.045 0.135 -0.002209939483 2
0 0.045 0.145 -0.001766026658 2
0 0.045 0.155 -0.00131016002 2
0 0.045 0.165 -0.0008886017346 1
0 0.045 0.175 -0.0005260785561 1
0 0.045 0.185 -0.0002177084925 1
0 0.045 0.195 7.936771568e-05 1
0 0.045 0.205 0.0003693349864 1
0 0.045 0.215 0.0006500114652 1
0 0.045 0.225 0.000919406369 1
0 0.045 0.235 0.001179765702 1
0 0.045 0.245 0.001434330143 1
0 0.045 0.255 0.001712858085 1
0 0.045 0.265 0.002122506586 2
0 0.045 0.275 0.002554835932 2
0 0.045 0.285 0.002965453919 2
0 0.045 0.295 0.003328911799 2
0 0.045 0.305 0.003640100637 2
0 0.045 0.315 0.003913813241 2
0 0.045 0.325 0.004150414148 2
0 0.045 0.335 0.004349793908 2
0 0.045 0.345 0.004474436656 2
0 0.045 0.355 0.004565408126 2
0 0.045 0.365 0.004566298651 2
0 0.045 0.375 0.00451092875 2
0 0.045 0.385 0.004402943963 2
0 0.045 0.395 0.004233625339 2
0 0.045 0.405 0.003970739538 2
0 0.045 0.415 0.003665514186 2
0 0.045 0.425 0.003353340687 2
0 0.045 0.435 0.003034145738 2
0 0.045 0.445 0.002704812441 2
0 0.045 0.455 0.002353048155 2
0 0.045 0.465 0.001973533486 2
0 0.045 0.475 0.001563554461 2
0 0.045 0.485 0.001109546958 2
0 0.045 0.495 0.0006509325019 2
0 0.045 0.505 0 2
0 0.045 0.515 0 2
0 0.045 0.525 0 2
0 0.045 0.535 0 2
0 0.045 0.545 0 2
0 0.045 0.555 0 2
0 0.045 0.565 0 2
0 0.055 -0.555 0 2
0 0.055 -0.545 0 2
0 0.055 -0.535 0 2
0 0.055 -0.525 0 2
0 0.055 -0.515 0 2
0 0.055 -0.505 0 2
0 0.055 -0.495 0.000739542832 2
0 0.055 -0.485 0.001263386417 2
0 0.055 -0.475 0.001780618486 2
0 0.055 -0.465 0.002242101758 2
0 0.055 -0.455 0.002657508158 2
0 0.055 -0.445 0.003024308341 2
0 0.055 -0.435 0.003343803224 2
0 0.055 -0.425 0.003617407457 2
0 0.055 -0.415 0.003852635429 2
0 0.055 -0.405 0.004039493006 2
0 0.055 -0.395 0.004162605717 1
0 0.055 -0.385 0.00420064705 1
0 0.055 -0.375 0.004220128109 1
0 0.055 -0.365 0.004256918158 1
0 0.055 -0.355 0.004332532088 1
0 0.055 -0.345 0.004395824753 1
0 0.055 -0.335 0.004463842393 1
0 0.055 -0.325 0.004410402924 2
0 0.055 -0.315 0.004236737681 2
0 0.055 -0.305 0.00403756515 2
0 0.055 -0.295 0.00381153715 2
0 0.055 -0.285 0.003560113018 2
0 0.055 -0.275 0.003278768584 2
0 0.055 -0.265 0.002966958912 2
0 0.055 -0.255 0.002625962018 2
0 0.055 -0.245 0.002257630913 2
0 0.055 -0.235 0.001864731194 2
0 0.055 -0.225 0.001450416907 2
0 0.055 -0.215 0.001018129384 2
0 0.055 -0.205 0.0005714921025 2
0 0.055 -0.195 0.0001142507061 2
0 0.055 -0.185 -0.0003497727558 2
0 0.055 -0.175 -0.0008167165688 2
0 0.055 -0.165 -0.001282710894 2
0 0.055 -0.155 -0.001743906142 2
0 0.055 -0.145 -0.00219649913 2
0 0.055 -0.135 -0.00263675762 2
0 0.055 -0.125 -0.003061043614 2
0 0.055 -0.115 -0.00346583574 2
0 0.055 -0.105 -0.003847751208 2
0 0.055 -0.095 -0.004203568121 2
0 0.055 -0.085 -0.004530249507 2
0 0.055 -0.075 -0.004824971519 2
0 0.055 -0.065 -0.005085159591 2
0 0.055 -0.055 -0.005308540493 2
0 0.055 -0.045 -0.00549321889 2
0 0.055 -0.035 -0.005637813449 2
0 0.055 -0.025 -0.005741651759 2
0 0.055 -0.015 -0.005805249629 2
0 0.055 -0.005 -0.005830894026 2
0 0.055 0.005 -0.005824352456 2
0 0.055 0.015 -0.005799612699 2
0 0.055 0.025 -0.005772265075 2
0 0.055 0.035 -0.005760576617 2
0 0.055 0.045 -0.005722111438 2
0 0.055 0.055 -0.005583460954 2
0 0.055 0.065 -0.005375580912 2
0 0.055 0.075 -0.005116349921 2
0 0.055 0.085 -0.004808198555 2
0 0.055 0.095 -0.004426060012 2
0 0.055 0.105 -0.004020524586 2
0 0.055 0.115 -0.003562197054 2
0 0.055 0.125 -0.003081853726 2
0 0.055 0.135 -0.002582787826 2
0 0.055 0.145 -0.002064760402 2
0 0.055 0.155 -0.001534592287 2
0 0.055 0.165 -0.001035310793 1
0 0.055 0.175 -0.0006285787858 1
0 0.055 0.185 -0.0002682866011 1
0 0.055 0.195 8.07222159e-05 1
0 0.055 0.205 0.0004209341687 1
0 0.055 0.215 0.0007489373292 1
0 0.055 0.225 0.001067421386 1
0 0.055 0.235 0.001388841722 1
0 0.055 0.245 0.001710610012 1
0 0.055 0.255 0.002109031732 2
0 0.055 0.265 0.002584246466 2
0 0.055 0.275 0.003058475421 2
0 0.055 0.285 0.003504901241 2
0 0.055 0.295 0.003904359538 2
0 0.055 0.305 0.004264603589 2
0 0.055 0.315 0.004583363026 2
0 0.055 0.325 0.004857581888 2
0 0.055 0.335 0.005069997003 2
0 0.055 0.345 0.005174947023 2
0 0.055 0.355 0.005224535755 1
0 0.055 0.365 0.005206346193 1
0 0.055 0.375 0.005137859772 1
0 0.055 0.385 0.005018350081 1
0 0.055 0.395 0.004842253279 1
0 0.055 0.405 0.004583612744 2
0 0.055 0.415 0.004231118357 2
0 0.055 0.425 0.003873932817 2
0 0.055 0.435 0.003504016693 2
0 0.055 0.445 0.003120724986 2
0 0.055 0.455 0.002709146372 2
0 0.055 0.465 0.002263936358 2
0 0.055 0.475 0.001784151791 2
0 0.055 0.485 0.001257265777 2
0 0.055 0.495 0.0007310629972 2
0 0.055 0.505 0 2
0 0.055 0.515 0 2
0 0.055 0.525 0 2
0 0.055 0.535 0 2
0 0.055 0.545 0 2
0 0.055 0.555 0 2
0 0.055 0.565 0 2
0 0.065 -0.555 0 2
0 0.065 -0.545 0 2
0 0.065 -0.535 0 2
0 0.065 -0.525 0 2
0 0.065 -0.515 0 2
0 0.065 -0.505 0 2
0 0.065 -0.495 0.0008153316932 2
0 0.065 -0.485 0.00140160712 2
0 0.065 -0.475 0.001986383835 2
0 0.065 -0.465 0.002513122574 2
0 0.065 -0.455 0.002989653062 2
0 0.065 -0.445 0.003411245155 2
0 0.065 -0.435 0.003778017699 2
0 0.065 -0.425 0.004089472203 2
0 0.065 -0.415 0.004346879871 2
0 0.065 -0.405 0.004538988961 2
0 0.065 -0.395 0.004646652399 1
0 0.065 -0.385 0.004722188759 1
0 0.065 -0.375 0.004775418563 1
0 0.065 -0.365 0.00482521659 1
0 0.065 -0.355 0.004883563804 1
0 0.065 -0.345 0.004942300247 1
0 0.065 -0.335 0.005003599689 1
0 0.065 -0.325 0.005010757277 1
0 0.065 -0.315 0.004854951728 2
0 0.065 -0.305 0.00462107407 2
0 0.065 -0.295 0.004353793408 2
0 0.065 -0.285 0.004059301184 2
0 0.065 -0.275 0.003737668941 2
0 0.065 -0.265 0.003382129106 2
0 0.065 -0.255 0.002993306133 2
0 0.065 -0.245 0.002573061651 2
0 0.065 -0.235 0.00212445137 2
0 0.065 -0.225 0.001651108186 2
0 0.065 -0.215 0.001157010775 2
0 0.065 -0.205 0.0006463481049 2
0 0.065 -0.195 0.0001234386665 2
0 0.065 -0.185 -0.0004073211645 2
0 0.065 -0.175 -0.0009414975308 2
0 0.065 -0.165 -0.00147465298 2
0 0.065 -0.155 -0.002002377366 2
0 0.065 -0.145 -0.002520316801 2
0 0.065 -0.135 -0.003024201245 2
0 0.065 -0.125 -0.003509870981 2
0 0.065 -0.115 -0.003973302154 2
0 0.065 -0.105 -0.004410631656 2
0 0.065 -0.095 -0.004818181863 2
0 0.065 -0.085 -0.005192486126 2
0 0.065 -0.075 -0.005530316652 2
0 0.065 -0.065 -0.005828717297 2
0 0.065 -0.055 -0.006085046732 2
0 0.065 -0.045 -0.006297037536 2
0 0.065 -0.035 -0.006462899701 2
0 0.065 -0.025 -0.006581457371 2
0 0.065 -0.015 -0.006652578215 2
0 0.065 -0.005 -0.006677482484 2
0 0.065 0.005 -0.006661451597 2
0 0.065 0.015 -0.006616863284 2
0 0.065 0.025 -0.006566757957 2
0 0.065 0.035 -0.006547572933 2
0 0.065 0.045 -0.006447252689 1
0 0.065 0.055 -0.006263952672 1
0 0.065 0.065 -0.006018442042 1
0 0.065 0.075 -0.005723900831 1
0 0.065 0.085 -0.005385639857 1
0 0.065 0.095 -0.004991567847 2
0 0.065 0.105 -0.004562337051 2
0 0.065 0.115 -0.004057793442 2
0 0.065 0.125 -0.003511293324 2
0 0.065 0.135 -0.002940327364 2
0 0.065 0.145 -0.002349067817 2
0 0.065 0.155 -0.001759634799 2
0 0.065 0.165 -0.001193270921 1
0 0.065 0.175 -0.0007388234339 1
0 0.065 0.185 -0.000323173043 1
0 0.065 0.195 8.066997012e-05 1
0 0.065 0.205 0.0004722562386 1
0 0.065 0.215 0.0008525659582 1
0 0.065 0.225 0.001225815834 1
0 0.065 0.235 0.001610896573 1
0 0.065 0.245 0.002037651348 2
0 0.065 0.255 0.002512235486 2
0 0.065 0.265 0.003028889355 2
0 0.065 0.275 0.003538884095 2
0 0.065 0.285 0.004019574462 2
0 0.065 0.295 0.004462651719 2
0 0.065 0.305 0.004867985707 2
0 0.065 0.315 0.005222259532 2
0 0.065 0.325 0.005502099665 2
0 0.065 0.335 0.005676928493 1
0 0.065 0.345 0.005756948618 1
0 0.065 0.355 0.005748795463 1
0 0.065 0.365 0.005714616952 1
0 0.065 0.375 0.005635584304 1
0 0.065 0.385 0.005507509328 1
0 0.065 0.395 0.005329873665 1
0 0.065 0.405 0.005105985354 1
0 0.065 0.415 0.004743477178 2
0 0.065 0.425 0.004356994279 2
0 0.065 0.435 0.003945626688 2
0 0.065 0.445 0.003512869911 2
0 0.065 0.455 0.003045261801 2
0 0.065 0.465 0.002538375924 2
0 0.065 0.475 0.001993347134 2
0 0.065 0.485 0.001398546444 2
0 0.065 0.495 0.0008088720035 2
0 0.065 0.505 0 2
0 0.065 0.515 0 2
0 0.065 0.525 0 2
0 0.065 0.535 0 2
0 0.065 0.545 0 2
0 0.065 0.555 0 2
0 0.065 0.565 0 2
0 0.075 -0.555 0 2
0 0.075 -0.545 0 2
0 0.075 -0.535 0 2
0 0.075 -0.525 0 2
0 0.075 -0.515 0 2
0 0.075 -0.505 0 2
0 0.075 -0.495 0.000884687019 2
0 0.075 -0.485 0.001529704384 2
0 0.075 -0.475 0.002179367129 2
0 0.075 -0.465 0.002769422025 2
0 0.075 -0.455 0.003304861678 2
0 0.075 -0.445 0.003778748231 2
0 0.075 -0.435 0.004190968001 2
0 0.075 -0.425 0.004539337475 2
0 0.075 -0.415 0.004817885396 2
0 0.075 -0.405 0.005017179204 2
0 0.075 -0.395 0.005114204736 1
0 0.075 -0.385 0.005223211752 1
0 0.075 -0.375 0.005303218771 1
0 0.075 -0.365 0.005367417199 1
0 0.075 -0.355 0.00542040025 1
0 0.075 -0.345 0.005464121517 1
0 0.075 -0.335 0.005496299518 1
0 0.075 -0.325 0.005496956806 1
0 0.075 -0.315 0.005410368312 2
0 0.075 -0.305 0.005157980277 2
0 0.075 -0.295 0.004862490072 2
0 0.075 -0.285 0.004534687173 2
0 0.075 -0.275 0.004175966918 2
0 0.075 -0.265 0.003779060682 2
0 0.075 -0.255 0.003344320303 2
0 0.075 -0.245 0.002874065275 2
0 0.075 -0.235 0.002371774315 2
0 0.075 -0.225 0.001841597073 2
0 0.075 -0.215 0.001288036027 2
0 0.075 -0.205 0.0007158168639 2
0 0.075 -0.195 0.0001297983875 2
0 0.075 -0.185 -0.0004650805573 2
0 0.075 -0.175 -0.00106384404 2
0 0.075 -0.165 -0.001661515367 2
0 0.075 -0.155 -0.002253150898 2
0 0.075 -0.145 -0.002833872198 2
0 0.075 -0.135 -0.003398897045 2
0 0.075 -0.125 -0.003943569392 2
0 0.075 -0.115 -0.00446338834 2
0 0.075 -0.105 -0.004954036217 2
0 0.075 -0.095 -0.005411406018 2
0 0.075 -0.085 -0.005831628644 2
0 0.075 -0.075 -0.006211100803 2
0 0.075 -0.065 -0.006546514859 2
0 0.075 -0.055 -0.006834893241 2
0 0.075 -0.045 -0.00707363065 2
0 0.075 -0.035 -0.007260557783 2
0 0.075 -0.025 -0.007394023464 2
0 0.075 -0.015 -0.007473146852 2
0 0.075 -0.005 -0.007497942016 2
0 0.075 0.005 -0.007471459423 2
0 0.075 0.015 -0.007401263708 2
0 0.075 0.025 -0.007307915997 2
0 0.075 0.035 -0.007224523901 1
0 0.075 0.045 -0.007031512974 1
0 0.075 0.055 -0.006809177701 1
0 0.075 0.065 -0.006534664813 1
0 0.075 0.075 -0.006213633217 1
0 0.075 0.085 -0.005854945354 1
0 0.075 0.095 -0.005472449939 1
0 0.075 0.105 -0.005018581391 1
0 0.075 0.115 -0.004499540214 2
0 0.075 0.125 -0.003913177515 2
0 0.075 0.135 -0.003282198907 2
0 0.075 0.145 -0.002631400346 2
0 0.075 0.155 -0.001988778109 2
0 0.075 0.165 -0.001384685522 2
0 0.075 0.175 -0.0008546861518 1
0 0.075 0.185 -0.0003804954623 1
0 0.075 0.195 7.810236759e-05 1
0 0.075 0.205 0.0005226974028 1
0 0.075 0.215 0.0009605700362 1
0 0.075 0.225 0.001411371751 2
0 0.075 0.235 0.00186793986 2
0 0.075 0.245 0.002374000528 2
0 0.075 0.255 0.002915579428 2
0 0.075 0.265 0.003467550594 2
0 0.075 0.275 0.004002640606 2
0 0.075 0.285 0.004514794558 2
0 0.075 0.295 0.004998152892 2
0 0.075 0.305 0.005440794704 2
0 0.075 0.315 0.005801322712 2
0 0.075 0.325 0.006040876674 1
0 0.075 0.335 0.006153544948 1
0 0.075 0.345 0.006213675904 1
0 0.075 0.355 0.006202151491 1
0 0.075 0.365 0.006155580939 1
0 0.075 0.375 0.006065677342 1
0 0.075 0.385 0.0059309215 1
0 0.075 0.395 0.005751587565 1
0 0.075 0.405 0.005525156412 1
0 0.075 0.415 0.005202359932 2
0 0.075 0.425 0.004803755469 2
0 0.075 0.435 0.004359358372 2
0 0.075 0.445 0.00388257364 2
0 0.075 0.455 0.003363023152 2
0 0.075 0.465 0.002798585427 2
0 0.075 0.475 0.002192634961 2
0 0.075 0.485 0.001534269308 2
0 0.075 0.495 0.0008845762511 2
0 0.075 0.505 0 2
0 0.075 0.515 0 2
0 0.075 0.525 0 2
0 0.075 0.535 0 2
0 0.075 0.545 0 2
0 0.075 0.555 0 2
0 0.075 0.565 0 2
0 0.085 -0.555 0 2
0 0.085 -0.545 0 2
0 0.085 -0.535 0 2
0 0.085 -0.525 0 2
0 0.085 -0.515 0 2
0 0.085 -0.505 0 2
0 0.085 -0.495 0.0009449443233 2
0 0.085 -0.485 0.001645217596 2
0 0.085 -0.475 0.002357909464 2
0 0.085 -0.465 0.003009624601 2
0 0.085 -0.455 0.003601240764 2
0 0.085 -0.445 0.004123883627 2
0 0.085 -0.435 0.00457965189 2
0 0.085 -0.425 0.004965733324 2
0 0.085 -0.415 0.005272703655 2
0 0.085 -0.405 0.005487749317 2
0 0.085 -0.395 0.005572715311 1
0 0.085 -0.385 0.005712585188 1
0 0.085 -0.375 0.005807455507 1
0 0.085 -0.365 0.005875982642 1
0 0.085 -0.355 0.005923973062 1
0 0.085 -0.345 0.005953727559 1
0 0.085 -0.335 0.005963935 1
0 0.085 -0.325 0.005945194563 1
0 0.085 -0.315 0.005883514776 1
0 0.085 -0.305 0.00564350513 2
0 0.085 -0.295 0.005338338584 2
0 0.085 -0.285 0.004985529842 2
0 0.085 -0.275 0.004593580834 2
0 0.085 -0.265 0.004157644155 2
0 0.085 -0.255 0.003678909446 2
0 0.085 -0.245 0.003160528703 2
0 0.085 -0.235 0.002606583714 2
0 0.085 -0.225 0.002021776862 2
0 0.085 -0.215 0.001411121567 2
0 0.085 -0.205 0.0007798483109 2
0 0.085 -0.195 0.0001333211277 2
0 0.085 -0.185 -0.0005230125278 2
0 0.085 -0.175 -0.001183666028 2
0 0.085 -0.165 -0.001843152577 2
0 0.085 -0.155 -0.00249602243 2
0 0.085 -0.145 -0.003136898723 2
0 0.085 -0.135 -0.00376051226 2
0 0.085 -0.125 -0.00436173521 2
0 0.085 -0.115 -0.004935613686 2
0 0.085 -0.105 -0.005477399145 2
0 0.085 -0.095 -0.005982578627 2
0 0.085 -0.085 -0.00644690389 2
0 0.085 -0.075 -0.006866419522 2
0 0.085 -0.065 -0.00723749027 2
0 0.085 -0.055 -0.00755682726 2
0 0.085 -0.045 -0.007821514473 2
0 0.085 -0.035 -0.008029030316 2
0 0.085 -0.025 -0.00817728053 2
0 0.085 -0.015 -0.00826458702 2
0 0.085 -0.005 -0.00828977515 2
0 0.085 0.005 -0.008252018001 2
0 0.085 0.015 -0.008149807479 2
0 0.085 0.025 -0.007986802458 2
0 0.085 0.035 -0.007764988604 1
0 0.085 0.045 -0.007541103125 1
0 0.085 0.055 -0.007287401017 1
0 0.085 0.065 -0.006987787928 1
0 0.085 0.075 -0.006644895928 1
0 0.085 0.085 -0.00626564948 1
0 0.085 0.095 -0.00585584496 1
0 0.085 0.105 -0.005386107449 1
0 0.085 0.115 -0.004879530228 1
0 0.085 0.125 -0.004273078143 2
0 0.085 0.135 -0.003590994501 2
0 0.085 0.145 -0.002907869283 2
0 0.085 0.155 -0.002234971967 2
0 0.085 0.165 -0.001594184586 2
0 0.085 0.175 -0.0009921388531 2
0 0.085 0.185 -0.0004463548491 2
0 0.085 0.195 7.519848332e-05 2
0 0.085 0.205 0.0005769621773 2
0 0.085 0.215 0.001076919346 2
0 0.085 0.225 0.001599164798 2
0 0.085 0.235 0.002139768908 2
0 0.085 0.245 0.002714833124 2
0 0.085 0.255 0.003300760971 2
0 0.085 0.265 0.00388180852 2
0 0.085 0.275 0.004440107009 2
0 0.085 0.285 0.004980347614 2
0 0.085 0.295 0.005489277411 2
0 0.085 0.305 0.00595586372 2
0 0.085 0.315 0.006282846738 1
0 0.085 0.325 0.006463854506 1
0 0.085 0.335 0.006569544103 1
0 0.085 0.345 0.006627960848 1
0 0.085 0.355 0.0066339484 1
0 0.085 0.365 0.006592983564 1
0 0.085 0.375 0.006499117718 1
0 0.085 0.385 0.006351043135 1
0 0.085 0.395 0.006151521436 1
0 0.085 0.405 0.005900054736 1
0 0.085 0.415 0.005609311346 2
0 0.085 0.425 0.005211862839 2
0 0.085 0.435 0.004747052094 2
0 0.085 0.445 0.004231196621 2
0 0.085 0.455 0.003663765058 2
0 0.085 0.465 0.003045840018 2
0 0.085 0.475 0.002382990732 2
0 0.085 0.485 0.001664909691 2
0 0.085 0.495 0.0009582105526 2
0 0.085 0.505 0 2
0 0.085 0.515 0 2
0 0.085 0.525 0 2
0 0.085 0.535 0 2
0 0.085 0.545 0 2
0 0.085 0.555 0 2
0 0.085 0.565 0 2
0 0.095 -0.555 0 2
0 0.095 -0.545 0 2
0 0.095 -0.535 0 2
0 0.095 -0.525 0 2
0 0.095 -0.515 0 2
0 0.095 -0.505 0 2
0 0.095 -0.495 0.000989574795 2
0 0.095 -0.485 0.001743209603 2
0 0.095 -0.475 0.002523000005 2
0 0.095 -0.465 0.003242725372 2
0 0.095 -0.455 0.003893565798 2
0 0.095 -0.445 0.004460392456 2
0 0.095 -0.435 0.004957622291 2
0 0.095 -0.425 0.005385366522 2
0 0.095 -0.415 0.005729840072 2
0 0.095 -0.405 0.005969127106 2
0 0.095 -0.395 0.0060809147 2
0 0.095 -0.385 0.006179850589 1
0 0.095 -0.375 0.006284357905 1
0 0.095 -0.365 0.006356128226 1
0 0.095 -0.355 0.006398719631 1
0 0.095 -0.345 0.006417665873 1
0 0.095 -0.335 0.006412448975 1
0 0.095 -0.325 0.006376302874 1
0 0.095 -0.315 0.006291164266 1
0 0.095 -0.305 0.006086786949 2
0 0.095 -0.295 0.005782707246 2
0 0.095 -0.285 0.005410700944 2
0 0.095 -0.275 0.004989609492 2
0 0.095 -0.265 0.004516979783 2
0 0.095 -0.255 0.003996258156 2
0 0.095 -0.245 0.003431763882 2
0 0.095 -0.235 0.002828335921 2
0 0.095 -0.225 0.002191241785 2
0 0.095 -0.215 0.001525989871 2
0 0.095 -0.205 0.0008382840639 2
0 0.095 -0.195 0.0001339610649 2
0 0.095 -0.185 -0.0005810545247 2
0 0.095 -0.175 -0.001300794822 2
0 0.095 -0.165 -0.002019290605 2
0 0.095 -0.155 -0.00273061226 2
0 0.095 -0.145 -0.003428909572 2
0 0.095 -0.135 -0.004108450429 2
0 0.095 -0.125 -0.004763658293 2
0 0.095 -0.115 -0.005389148307 2
0 0.095 -0.105 -0.005979761856 2
0 0.095 -0.095 -0.006530599354 2
0 0.095 -0.085 -0.007037050925 2
0 0.095 -0.075 -0.007494824311 2
0 0.095 -0.065 -0.007899969081 2
0 0.095 -0.055 -0.008248893956 2
0 0.095 -0.045 -0.008538375833 2
0 0.095 -0.035 -0.008765537817 2
0 0.095 -0.025 -0.0089278198 2
0 0.095 -0.015 -0.009022713107 2
0 0.095 -0.005 -0.009047686021 2
0 0.095 0.005 -0.008998049683 2
0 0.095 0.015 -0.008862265922 2
0 0.095 0.025 -0.008632318795 2
0 0.095 0.035 -0.008290967319 1
0 0.095 0.045 -0.008052439883 1
0 0.095 0.055 -0.007773603802 1
0 0.095 0.065 -0.007447811055 1
0 0.095 0.075 -0.007073914346 1
0 0.095 0.085 -0.006656523757 1
0 0.095 0.095 -0.006203072606 1
0 0.095 0.105 -0.005710528454 1
0 0.095 0.115 -0.005183978172 1
0 0.095 0.125 -0.004587997178 1
0 0.095 0.135 -0.003882097336 2
0 0.095 0.145 -0.003179576676 2
0 0.095 0.155 -0.002476436703 2
0 0.095 0.165 -0.00179317744 2
0 0.095 0.175 -0.001127795496 2
0 0.095 0.185 -0.0005148004422 2
0 0.095 0.195 6.635377933e-05 2
0 0.095 0.205 0.0006311394572 2
0 0.095 0.215 0.001203548617 2
0 0.095 0.225 0.00180295092 2
0 0.095 0.235 0.002417635129 2
0 0.095 0.245 0.003043830035 2
0 0.095 0.255 0.003665238412 2
0 0.095 0.265 0.004274094525 2
0 0.095 0.275 0.004857610846 2
0 0.095 0.285 0.005416407417 2
0 0.095 0.295 0.005934488217 2
0 0.095 0.305 0.006389998853 1
0 0.095 0.315 0.006666823068 1
0 0.095 0.325 0.006846036342 1
0 0.095 0.335 0.006966050549 1
0 0.095 0.345 0.007034045269 1
0 0.095 0.355 0.007048253085 1
0 0.095 0.365 0.007008131985 1
0 0.095 0.375 0.006910635725 1
0 0.095 0.385 0.00675254083 1
0 0.095 0.395 0.006529965024 1
0 0.095 0.405 0.006261571863 1
0 0.095 0.415 0.005994381972 2
0 0.095 0.425 0.005595102078 2
0 0.095 0.435 0.005109913382 2
0 0.095 0.445 0.004558848085 2
0 0.095 0.455 0.003947519888 2
0 0.095 0.465 0.003280133581 2
0 0.095 0.475 0.002564300123 2
0 0.095 0.485 0.001790163793 2
0 0.095 0.495 0.00102938162 2
0 0.095 0.505 0 2
0 0.095 0.515 0 2
0 0.095 0.525 0 2
0 0.095 0.535 0 2
0 0.095 0.545 0 2
0 0.095 0.555 0 2
0 0.095 0.565 0 2
0 0.105 -0.555 0 1
0 0.105 -0.545 0 1
0 0.105 -0.535 0 1
0 0.105 -0.525 0 2
0 0.105 -0.515 0 2
0 0.105 -0.505 0 2
0 0.105 -0.495 0.001012411422 2
0 0.105 -0.485 0.001822524952 2
0 0.105 -0.475 0.002670838228 2
0 0.105 -0.465 0.003447615297 2
0 0.105 -0.455 0.00414178459 2
0 0.105 -0.445 0.004745576186 2
0 0.105 -0.435 0.005283972289 2
0 0.105 -0.425 0.005751618564 2
0 0.105 -0.415 0.006134451391 2
0 0.105 -0.405 0.006416893408 2
0 0.105 -0.395 0.006582621342 2
0 0.105 -0.385 0.006644978477 1
0 0.105 -0.375 0.006751513795 1
0 0.105 -0.365 0.006815667152 1
0 0.105 -0.355 0.006845372937 1
0 0.105 -0.345 0.006855302778 1
0 0.105 -0.335 0.006834348603 1
0 0.105 -0.325 0.006778498228 1
0 0.105 -0.315 0.006672470736 1
0 0.105 -0.305 0.006493429073 2
0 0.105 -0.295 0.006195865559 2
0 0.105 -0.285 0.005810703854 2
0 0.105 -0.275 0.005363242256 2
0 0.105 -0.265 0.004856043626 2
0 0.105 -0.255 0.004295445493 2
0 0.105 -0.245 0.00368704394 2
0 0.105 -0.235 0.003036499703 2
0 0.105 -0.225 0.002349626179 2
0 0.105 -0.215 0.001632407361 2
0 0.105 -0.205 0.0008909950978 2
0 0.105 -0.195 0.0001316739092 2
0 0.105 -0.185 -0.0006391792096 2
0 0.105 -0.175 -0.001415139417 2
0 0.105 -0.165 -0.002189778951 2
0 0.105 -0.155 -0.00295671172 2
0 0.105 -0.145 -0.00370963693 2
0 0.105 -0.135 -0.004442381499 2
0 0.105 -0.125 -0.005148941024 2
0 0.105 -0.115 -0.005823519064 2
0 0.105 -0.105 -0.006460564391 2
0 0.105 -0.095 -0.007054805745 2
0 0.105 -0.085 -0.007601283295 2
0 0.105 -0.075 -0.008095375384 2
0 0.105 -0.065 -0.008532818341 2
0 0.105 -0.055 -0.008909713585 2
0 0.105 -0.045 -0.009222516565 2
0 0.105 -0.035 -0.009467974642 2
0 0.105 -0.025 -0.009643020451 2
0 0.105 -0.015 -0.009744367574 2
0 0.105 -0.005 -0.00976803319 2
0 0.105 0.005 -0.0097072948 2
0 0.105 0.015 -0.009546179303 2
0 0.105 0.025 -0.009271898826 2
0 0.105 0.035 -0.008888129949 2
0 0.105 0.045 -0.008547788212 1
0 0.105 0.055 -0.008236978497 1
0 0.105 0.065 -0.007886141448 1
0 0.105 0.075 -0.007486665598 1
0 0.105 0.085 -0.007040072363 1
0 0.105 0.095 -0.006549848528 1
0 0.105 0.105 -0.006020595928 1
0 0.105 0.115 -0.005456532924 1
0 0.105 0.125 -0.00484325655 1
0 0.105 0.135 -0.004154871044 2
0 0.105 0.145 -0.003422386507 1
0 0.105 0.155 -0.002684946827 1
0 0.105 0.165 -0.001966133631 1
0 0.105 0.175 -0.001257198222 2
0 0.105 0.185 -0.0005778930056 2
0 0.105 0.195 7.112074212e-05 2
0 0.105 0.205 0.0007032230637 2
0 0.105 0.215 0.001343072428 2
0 0.105 0.225 0.00200288429 2
0 0.105 0.235 0.002672956524 2
0 0.105 0.245 0.003344985176 2
0 0.105 0.255 0.004007914943 2
0 0.105 0.265 0.004648017501 2
0 0.105 0.275 0.00525337399 2
0 0.105 0.285 0.00582445012 2
0 0.105 0.295 0.006335412849 2
0 0.105 0.305 0.006739918868 1
0 0.105 0.315 0.007012639883 1
0 0.105 0.325 0.00720766166 1
0 0.105 0.335 0.007343927084 1
0 0.105 0.345 0.007422744113 1
0 0.105 0.355 0.007442937475 1
0 0.105 0.365 0.007405106028 1
0 0.105 0.375 0.007308302516 1
0 0.105 0.385 0.007145691869 1
0 0.105 0.395 0.006900398712 1
0 0.105 0.405 0.006658896131 2
0 0.105 0.415 0.006368908346 2
0 0.105 0.425 0.005957444125 2
0 0.105 0.435 0.005449677107 2
0 0.105 0.445 0.004865853953 2
0 0.105 0.455 0.004214251066 2
0 0.105 0.465 0.003501234573 2
0 0.105 0.475 0.002736192638 2
0 0.105 0.485 0.001909545225 2
0 0.105 0.495 0.001097620464 2
0 0.105 0.505 0 2
0 0.105 0.515 0 2
0 0.105 0.525 0 2
0 0.105 0.535 0 2
0 0.105 0.545 0 2
0 0.105 0.555 0 2
0 0.105 0.565 0 2
0 0.115 -0.555 0 1
0 0.115 -0.545 0 1
0 0.115 -0.535 0 1
0 0.115 -0.525 0 1
0 0.115 -0.515 0 1
0 0.115 -0.505 0 2
0 0.115 -0.495 0.001023131985 2
0 0.115 -0.485 0.001874641944 2
0 0.115 -0.475 0.002783678823 2
0 0.115 -0.465 0.00361624961 2
0 0.115 -0.455 0.004340673243 1
0 0.115 -0.445 0.004978559953 1
0 0.115 -0.435 0.005554937028 1
0 0.115 -0.425 0.006058070772 1
0 0.115 -0.415 0.006477919747 1
0 0.115 -0.405 0.006804882399 1
0 0.115 -0.395 0.007024435894 1
0 0.115 -0.385 0.007130277147 2
0 0.115 -0.375 0.007202182565 1
0 0.115 -0.365 0.007249803848 1
0 0.115 -0.355 0.00725877914 1
0 0.115 -0.345 0.007267913951 1
0 0.115 -0.335 0.007238518164 1
0 0.115 -0.325 0.007167639713 1
0 0.115 -0.315 0.007041531475 1
0 0.115 -0.305 0.006878652768 2
0 0.115 -0.295 0.006583087949 2
0 0.115 -0.285 0.006186709054 2
0 0.115 -0.275 0.005713741528 2
0 0.115 -0.265 0.005173727902 2
0 0.115 -0.255 0.00457547205 2
0 0.115 -0.245 0.00392561186 2
0 0.115 -0.235 0.003230545656 2
0 0.115 -0.225 0.002496583294 2
0 0.115 -0.215 0.001730164078 2
0 0.115 -0.205 0.0009378727018 2
0 0.115 -0.195 0.0001264271086 2
0 0.115 -0.185 -0.0006973594817 2
0 0.115 -0.175 -0.001526623252 2
0 0.115 -0.165 -0.002354497255 2
0 0.115 -0.155 -0.003174159025 2
0 0.115 -0.145 -0.003978877428 2
0 0.115 -0.135 -0.004762058206 2
0 0.115 -0.125 -0.005517287873 2
0 0.115 -0.115 -0.00623837558 2
0 0.115 -0.105 -0.006919392429 2
0 0.115 -0.095 -0.007554707456 2
0 0.115 -0.085 -0.008139019059 2
0 0.115 -0.075 -0.008667379705 2
0 0.115 -0.065 -0.009135210538 2
0 0.115 -0.055 -0.009538298394 2
0 0.115 -0.045 -0.009872765915 2
0 0.115 -0.035 -0.01013498234 2
0 0.115 -0.025 -0.01032139344 2
0 0.115 -0.015 -0.01042812966 2
0 0.115 -0.005 -0.01045019916 2
0 0.115 0.005 -0.01038077608 2
0 0.115 0.015 -0.010204642 2
0 0.115 0.025 -0.0099125718 2
0 0.115 0.035 -0.009511304964 2
0 0.115 0.045 -0.009049362939 1
0 0.115 0.055 -0.008689490271 1
0 0.115 0.065 -0.00831239543 1
0 0.115 0.075 -0.007885451901 1
0 0.115 0.085 -0.007412197977 1
0 0.115 0.095 -0.006889001635 1
0 0.115 0.105 -0.006321424016 1
0 0.115 0.115 -0.005718103383 1
0 0.115 0.125 -0.005072398361 1
0 0.115 0.135 -0.004377450896 1
0 0.115 0.145 -0.003611090962 1
0 0.115 0.155 -0.002852112159 1
0 0.115 0.165 -0.00210937258 1
0 0.115 0.175 -0.001370205364 1
0 0.115 0.185 -0.0006327285835 1
0 0.115 0.195 8.220100004e-05 1
0 0.115 0.205 0.000778250142 2
0 0.115 0.215 0.001470377342 2
0 0.115 0.225 0.002179417344 2
0 0.115 0.235 0.002904089035 2
0 0.115 0.245 0.003627464751 2
0 0.115 0.255 0.004330810115 2
0 0.115 0.265 0.005001694044 2
0 0.115 0.275 0.005626982097 2
0 0.115 0.285 0.006200240698 2
0 0.115 0.295 0.006691591935 2
0 0.115 0.305 0.007053276532 1
0 0.115 0.315 0.007340956068 1
0 0.115 0.325 0.007555243893 1
0 0.115 0.335 0.007706359527 1
0 0.115 0.345 0.007793648014 1
0 0.115 0.355 0.007819110353 1
0 0.115 0.365 0.007783660052 1
0 0.115 0.375 0.007688546059 1
0 0.115 0.385 0.007528298738 1
0 0.115 0.395 0.007308404898 2
0 0.115 0.405 0.007059456616 2
0 0.115 0.415 0.006733334537 2
0 0.115 0.425 0.006299802316 2
0 0.115 0.435 0.005768343728 2
0 0.115 0.445 0.005153092999 2
0 0.115 0.455 0.004464195915 2
0 0.115 0.465 0.003709010247 2
0 0.115 0.475 0.00289830075 2
0 0.115 0.485 0.002022565978 2
0 0.115 0.495 0.001162480762 2
0 0.115 0.505 0 2
0 0.115 0.515 0 2
0 0.115 0.525 0 2
0 0.115 0.535 0 2
0 0.115 0.545 0 2
0 0.115 0.555 0 2
0 0.115 0.565 0 2
0 0.125 -0.555 0 1
0 0.125 -0.545 0 1
0 0.125 -0.535 0 1
0 0.125 -0.525 0 1
0 0.125 -0.515 0 1
0 0.125 -0.505 0 1
0 0.125 -0.495 0.001031257189 2
0 0.125 -0.485 0.001908017988 2
0 0.125 -0.475 0.002866901987 2
0 0.125 -0.465 0.003758267587 1
0 0.125 -0.455 0.004509786448 1
0 0.125 -0.445 0.005170853281 1
0 0.125 -0.435 0.005773858684 1
0 0.125 -0.425 0.00630552056 1
0 0.125 -0.415 0.006754796512 1
0 0.125 -0.405 0.007112774246 1
0 0.125 -0.395 0.007376035658 1
0 0.125 -0.385 0.007555944112 1
0 0.125 -0.375 0.007635542153 1
0 0.125 -0.365 0.007677907625 1
0 0.125 -0.355 0.007657529826 1
0 0.125 -0.345 0.007657919176 1
0 0.125 -0.335 0.007617146049 1
0 0.125 -0.325 0.007536909121 1
0 0.125 -0.315 0.007400440006 1
0 0.125 -0.305 0.007256816461 2
0 0.125 -0.295 0.006954208236 2
0 0.125 -0.285 0.006539341047 2
0 0.125 -0.275 0.006040367049 2
0 0.125 -0.265 0.005469108439 2
0 0.125 -0.255 0.004835588708 2
0 0.125 -0.245 0.004146953616 2
0 0.125 -0.235 0.003410147133 2
0 0.125 -0.225 0.002631923603 2
0 0.125 -0.215 0.001819164427 2
0 0.125 -0.205 0.0009788843766 2
0 0.125 -0.195 0.0001182302245 2
0 0.125 -0.185 -0.0007555573198 2
0 0.125 -0.175 -0.001635188191 2
0 0.125 -0.165 -0.002513371901 2
0 0.125 -0.155 -0.003382867052 2
0 0.125 -0.145 -0.004236530401 2
0 0.125 -0.135 -0.005067364689 2
0 0.125 -0.125 -0.005868564738 2
0 0.125 -0.115 -0.006633561223 2
0 0.125 -0.105 -0.007356061417 2
0 0.125 -0.095 -0.008030085823 2
0 0.125 -0.085 -0.008649999093 2
0 0.125 -0.075 -0.009210532563 2
0 0.125 -0.065 -0.009706794294 2
0 0.125 -0.055 -0.01013425888 2
0 0.125 -0.045 -0.01048872589 2
0 0.125 -0.035 -0.01076622379 2
0 0.125 -0.025 -0.0109628212 2
0 0.125 -0.015 -0.01107433966 2
0 0.125 -0.005 -0.01109561003 2
0 0.125 0.005 -0.01102057614 2
0 0.125 0.015 -0.01084157978 2
0 0.125 0.025 -0.01054760319 2
0 0.125 0.035 -0.01014103429 2
0 0.125 0.045 -0.009638435067 2
0 0.125 0.055 -0.009154900311 1
0 0.125 0.065 -0.008728581373 1
0 0.125 0.075 -0.008262047138 1
0 0.125 0.085 -0.007767440348 1
0 0.125 0.095 -0.00721865333 1
0 0.125 0.105 -0.006618458491 1
0 0.125 0.115 -0.005973661483 1
0 0.125 0.125 -0.005283876953 1
0 0.125 0.135 -0.004550952425 1
0 0.125 0.145 -0.003772742222 1
0 0.125 0.155 -0.002998124027 1
0 0.125 0.165 -0.002230278351 1
0 0.125 0.175 -0.001456419544 1
0 0.125 0.185 -0.0006812044357 1
0 0.125 0.195 8.027349783e-05 1
0 0.125 0.205 0.0008332263454 1
0 0.125 0.215 0.001587682936 2
0 0.125 0.225 0.002342173969 2
0 0.125 0.235 0.003110362035 2
0 0.125 0.245 0.003884239114 2
0 0.125 0.255 0.004632394674 2
0 0.125 0.265 0.005333391514 2
0 0.125 0.275 0.005977552428 2
0 0.125 0.285 0.006553578605 2
0 0.125 0.295 0.00703025624 2
0 0.125 0.305 0.007359019683 1
0 0.125 0.315 0.007656288092 1
0 0.125 0.325 0.00788971588 1
0 0.125 0.335 0.00805227038 1
0 0.125 0.345 0.008147440433 1
0 0.125 0.355 0.008177953251 1
0 0.125 0.365 0.008145453869 1
0 0.125 0.375 0.008051927921 1
0 0.125 0.385 0.007894584277 1
0 0.125 0.395 0.007712243401 2
0 0.125 0.405 0.007448330282 2
0 0.125 0.415 0.007088345558 2
0 0.125 0.425 0.006626338767 2
0 0.125 0.435 0.006068087007 2
0 0.125 0.445 0.005422120943 2
0 0.125 0.455 0.004698124947 2
0 0.125 0.465 0.003903682307 2
0 0.125 0.475 0.003050492819 2
0 0.125 0.485 0.002128914947 2
0 0.125 0.495 0.001223646405 2
0 0.125 0.505 0 2
0 0.125 0.515 0 2
0 0.125 0.525 0 2
0 0.125 0.535 0 2
0 0.125 0.545 0 2
0 0.125 0.555 0 2
0 0.125 0.565 0 2
0 0.135 -0.555 0 1
0 0.135 -0.545 0 1
0 0.135 -0.535 0 1
0 0.135 -0.525 0 1
0 0.135 -0.515 0 1
0 0.135 -0.505 0 1
0 0.135 -0.495 0.001021026933 1
0 0.135 -0.485 0.001932278833 2
0 0.135 -0.475 0.002942585724 2
0 0.135 -0.465 0.003873083988 1
0 0.135 -0.455 0.004656749136 1
0 0.135 -0.445 0.005338936249 1
0 0.135 -0.435 0.005964392088 1
0 0.135 -0.425 0.006518833029 1
0 0.135 -0.415 0.006992156619 1
0 0.135 -0.405 0.007380566286 1
0 0.135 -0.395 0.007685907902 1
0 0.135 -0.385 0.00791336687 1
0 0.135 -0.375 0.00803789589 1
0 0.135 -0.365 0.008098714347 1
0 0.135 -0.355 0.008104997138 2
0 0.135 -0.345 0.008056829085 1
0 0.135 -0.335 0.008005146622 1
0 0.135 -0.325 0.007917058933 1
0 0.135 -0.315 0.007810145337 2
0 0.135 -0.305 0.007629879488 2
0 0.135 -0.295 0.007305339481 2
0 0.135 -0.285 0.006867075109 2
0 0.135 -0.275 0.006342181607 2
0 0.135 -0.265 0.00574174063 2
0 0.135 -0.255 0.005075592514 2
0 0.135 -0.245 0.004351007845 2
0 0.135 -0.235 0.003575315875 2
0 0.135 -0.225 0.002755698274 2
0 0.135 -0.215 0.001899478126 2
0 0.135 -0.205 0.00101410587 2
0 0.135 -0.195 0.0001071570819 2
0 0.135 -0.185 -0.0008137057789 2
0 0.135 -0.175 -0.001740777115 2
0 0.135 -0.165 -0.002666357094 2
0 0.135 -0.155 -0.003582801747 2
0 0.135 -0.145 -0.004482573135 2
0 0.135 -0.135 -0.005358288584 2
0 0.135 -0.125 -0.006202768251 2
0 0.135 -0.115 -0.007009080253 2
0 0.135 -0.105 -0.007770582395 2
0 0.135 -0.095 -0.008480959231 2
0 0.135 -0.085 -0.00913425259 2
0 0.135 -0.075 -0.009724882796 2
0 0.135 -0.065 -0.01024765639 2
0 0.135 -0.055 -0.01069775381 2
0 0.135 -0.045 -0.01107068699 2
0 0.135 -0.035 -0.01136221578 2
0 0.135 -0.025 -0.01156819037 2
0 0.135 -0.015 -0.01168437608 2
0 0.135 -0.005 -0.01170607828 2
0 0.135 0.005 -0.01162821656 2
0 0.135 0.015 -0.01144585855 2
0 0.135 0.025 -0.01115006868 2
0 0.135 0.035 -0.01074246343 2
0 0.135 0.045 -0.01023886677 2
0 0.135 0.055 -0.009703426765 2
0 0.135 0.065 -0.009165337019 1
0 0.135 0.075 -0.008648890591 1
0 0.135 0.085 -0.008118249912 1
0 0.135 0.095 -0.007531885153 1
0 0.135 0.105 -0.006895043806 1
0 0.135 0.115 -0.006205131876 1
0 0.135 0.125 -0.005472183378 1
0 0.135 0.135 -0.004715749696 1
0 0.135 0.145 -0.003933720578 1
0 0.135 0.155 -0.003138441345 1
0 0.135 0.165 -0.002332634182 1
0 0.135 0.175 -0.001523118985 1
0 0.135 0.185 -0.0007184196888 1
0 0.135 0.195 7.532013029e-05 1
0 0.135 0.205 0.0008680869165 1
0 0.135 0.215 0.001667760429 1
0 0.135 0.225 0.002480104872 2
0 0.135 0.235 0.003294651232 2
0 0.135 0.245 0.004118959058 2
0 0.135 0.255 0.004911708724 2
0 0.135 0.265 0.005641556499 2
0 0.135 0.275 0.00630409377 2
0 0.135 0.285 0.006887038998 2
0 0.135 0.295 0.007362026892 2
0 0.135 0.305 0.007699923436 2
0 0.135 0.315 0.007967378934 1
0 0.135 0.325 0.008215930914 1
0 0.135 0.335 0.008384409087 1
0 0.135 0.345 0.008483730813 1
0 0.135 0.355 0.008519353566 1
0 0.135 0.365 0.008493328357 1
0 0.135 0.375 0.008408902638 1
0 0.135 0.385 0.008252531512 1
0 0.135 0.395 0.008098869117 2
0 0.135 0.405 0.007814702733 2
0 0.135 0.415 0.007426717651 2
0 0.135 0.425 0.00693758084 2
0 0.135 0.435 0.006350990445 2
0 0.135 0.445 0.005674596359 2
0 0.135 0.455 0.004917034149 2
0 0.135 0.465 0.004085729636 2
0 0.135 0.475 0.003192875385 2
0 0.135 0.485 0.002228485976 2
0 0.135 0.495 0.00128095257 2
0 0.135 0.505 0 2
0 0.135 0.515 0 2
0 0.135 0.525 0 2
0 0.135 0.535 0 2
0 0.135 0.545 0 1
0 0.135 0.555 0 1
0 0.135 0.565 0 1
0 0.145 -0.555 0 1
0 0.145 -0.545 0 1
0 0.145 -0.535 0 1
0 0.145 -0.525 0 1
0 0.145 -0.515 0 1
0 0.145 -0.505 0 1
0 0.145 -0.495 0.001026066053 1
0 0.145 -0.485 0.001937525897 1
0 0.145 -0.475 0.003001419098 2
0 0.145 -0.465 0.003969487716 1
0 0.145 -0.455 0.004794113165 1
0 0.145 -0.445 0.005505592055 1
0 0.145 -0.435 0.006156004236 1
0 0.145 -0.425 0.006732143198 1
0 0.145 -0.415 0.007229117939 1
0 0.145 -0.405 0.00764550824 1
0 0.145 -0.395 0.007978475935 1
0 0.145 -0.385 0.008229541335 1
0 0.145 -0.375 0.008396811665 1
0 0.145 -0.365 0.00850080572 1
0 0.145 -0.355 0.008564246888 2
0 0.145 -0.345 0.008531500033 2
0 0.145 -0.335 0.008472644876 2
0 0.145 -0.325 0.00837485571 2
0 0.145 -0.315 0.008240474634 2
0 0.145 -0.305 0.007995950582 2
0 0.145 -0.295 0.00763378932 2
0 0.145 -0.285 0.00716869472 2
0 0.145 -0.275 0.006619448359 2
0 0.145 -0.265 0.005992315688 2
0 0.145 -0.255 0.005296148877 2
0 0.145 -0.245 0.004538326729 2
0 0.145 -0.235 0.003726488178 2
0 0.145 -0.225 0.002868247143 2
0 0.145 -0.215 0.001971368129 2
0 0.145 -0.205 0.001043738107 2
0 0.145 -0.195 9.335658824e-05 2
0 0.145 -0.185 -0.0008717015286 2
0 0.145 -0.175 -0.001843328192 2
0 0.145 -0.165 -0.002813429888 2
0 0.145 -0.155 -0.003773977333 2
0 0.145 -0.145 -0.004717055912 2
0 0.145 -0.135 -0.005634915658 2
0 0.145 -0.125 -0.006520019804 2
0 0.145 -0.115 -0.007365090921 2
0 0.145 -0.105 -0.008163153529 2
0 0.145 -0.095 -0.008907571771 2
0 0.145 -0.085 -0.009592080284 2
0 0.145 -0.075 -0.01021080572 2
0 0.145 -0.065 -0.01075827536 2
0 0.145 -0.055 -0.01122940831 2
0 0.145 -0.045 -0.01161948258 2
0 0.145 -0.035 -0.01192407617 2
0 0.145 -0.025 -0.01213896891 2
0 0.145 -0.015 -0.01226005252 2
0 0.145 -0.005 -0.01228328537 2
0 0.145 0.005 -0.0122046103 2
0 0.145 0.015 -0.01202077329 2
0 0.145 0.025 -0.01173034786 2
0 0.145 0.035 -0.01133246691 2
0 0.145 0.045 -0.01083707349 2
0 0.145 0.055 -0.01027331316 2
0 0.145 0.065 -0.009679901147 2
0 0.145 0.075 -0.009107016306 2
0 0.145 0.085 -0.008486961508 1
0 0.145 0.095 -0.007858921283 1
0 0.145 0.105 -0.007185566407 1
0 0.145 0.115 -0.006458446662 1
0 0.145 0.125 -0.005681949488 1
0 0.145 0.135 -0.004888889015 1
0 0.145 0.145 -0.004083797405 1
0 0.145 0.155 -0.00326715655 1
0 0.145 0.165 -0.002434930514 1
0 0.145 0.175 -0.001592128694 1
0 0.145 0.185 -0.000750318873 1
0 0.145 0.195 8.15796958e-05 1
0 0.145 0.205 0.0009066480065 1
0 0.145 0.215 0.001730945888 1
0 0.145 0.225 0.002577064251 1
0 0.145 0.235 0.003457864272 2
0 0.145 0.245 0.004334111136 2
0 0.145 0.255 0.005166975465 2
0 0.145 0.265 0.005924336974 2
0 0.145 0.275 0.006605747245 2
0 0.145 0.285 0.00719919065 2
0 0.145 0.295 0.007685525261 2
0 0.145 0.305 0.00804662272 2
0 0.145 0.315 0.00831333368 2
0 0.145 0.325 0.008527663413 1
0 0.145 0.335 0.008701445693 1
0 0.145 0.345 0.008805460271 1
0 0.145 0.355 0.008846291944 1
0 0.145 0.365 0.008825252461 1
0 0.145 0.375 0.008742601642 1
0 0.145 0.385 0.00862301167 2
0 0.145 0.395 0.00845664948 2
0 0.145 0.405 0.008160313333 2
0 0.145 0.415 0.00774883354 2
0 0.145 0.425 0.007232830145 2
0 0.145 0.435 0.006617888006 2
0 0.145 0.445 0.005911565892 2
0 0.145 0.455 0.005121790007 2
0 0.145 0.465 0.004255710471 2
0 0.145 0.475 0.003325717723 2
0 0.145 0.485 0.00232134657 2
0 0.145 0.495 0.001334370597 2
0 0.145 0.505 0 2
0 0.145 0.515 0 2
0 0.145 0.525 0 2
0 0.145 0.535 0 1
0 0.145 0.545 0 1
0 0.145 0.555 0 1
0 0.145 0.565 0 1
0 0.155 -0.555 0 1
0 0.155 -0.545 0 1
0 0.155 -0.535 0 1
0 0.155 -0.525 0 1
0 0.155 -0.515 0 1
0 0.155 -0.505 0 1
0 0.155 -0.495 0.00106162065 1
0 0.155 -0.485 0.001970887827 1
0 0.155 -0.475 0.003049934972 2
0 0.155 -0.465 0.004048048431 1
0 0.155 -0.455 0.004920945867 1
0 0.155 -0.445 0.005665973143 1
0 0.155 -0.435 0.006342437382 1
0 0.155 -0.425 0.006936179005 1
0 0.155 -0.415 0.007453522828 1
0 0.155 -0.405 0.00789689339 1
0 0.155 -0.395 0.008258380719 1
0 0.155 -0.385 0.008537623148 1
0 0.155 -0.375 0.008735725543 1
0 0.155 -0.365 0.008873992158 1
0 0.155 -0.355 0.008988048452 2
0 0.155 -0.345 0.008982699597 2
0 0.155 -0.335 0.008922089497 2
0 0.155 -0.325 0.008811395039 2
0 0.155 -0.315 0.008639284169 2
0 0.155 -0.305 0.008334830204 2
0 0.155 -0.295 0.007937682341 2
0 0.155 -0.285 0.007447095141 2
0 0.155 -0.275 0.006874870626 2
0 0.155 -0.265 0.006222907143 2
0 0.155 -0.255 0.005498803541 2
0 0.155 -0.245 0.004710031758 2
0 0.155 -0.235 0.003864479047 2
0 0.155 -0.225 0.002970164348 2
0 0.155 -0.215 0.002035267923 2
0 0.155 -0.205 0.001068093618 2
0 0.155 -0.195 7.70459051e-05 2
0 0.155 -0.185 -0.0009294066197 2
0 0.155 -0.175 -0.001942772633 2
0 0.155 -0.165 -0.002954584519 2
0 0.155 -0.155 -0.0039564475 2
0 0.155 -0.145 -0.004940090104 2
0 0.155 -0.135 -0.005897414671 2
0 0.155 -0.125 -0.006820546741 2
0 0.155 -0.115 -0.0077018822 2
0 0.155 -0.105 -0.008534130975 2
0 0.155 -0.095 -0.009310355886 2
0 0.155 -0.085 -0.01002400497 2
0 0.155 -0.075 -0.01066893527 2
0 0.155 -0.065 -0.01123942555 2
0 0.155 -0.055 -0.01173017572 2
0 0.155 -0.045 -0.01213629025 2
0 0.155 -0.035 -0.01245324888 2
0 0.155 -0.025 -0.01267686953 2
0 0.155 -0.015 -0.01280328764 2
0 0.155 -0.005 -0.01282902757 2
0 0.155 0.005 -0.01275110629 2
0 0.155 0.015 -0.01256758754 2
0 0.155 0.025 -0.01227872068 2
0 0.155 0.035 -0.01188904822 2
0 0.155 0.045 -0.01140316961 2
0 0.155 0.055 -0.01084026249 2
0 0.155 0.065 -0.01021932578 2
0 0.155 0.075 -0.009586636818 2
0 0.155 0.085 -0.008913942603 2
0 0.155 0.095 -0.008239575809 2
0 0.155 0.105 -0.007526047964 2
0 0.155 0.115 -0.00676050663 2
0 0.155 0.125 -0.005945280651 2
0 0.155 0.135 -0.005081104762 1
0 0.155 0.145 -0.004234997285 1
0 0.155 0.155 -0.003388334329 1
0 0.155 0.165 -0.002528593037 1
0 0.155 0.175 -0.001655769096 1
0 0.155 0.185 -0.0007801393309 1
0 0.155 0.195 8.74554949e-05 1
0 0.155 0.205 0.0009475563094 1
0 0.155 0.215 0.001798035224 1
0 0.155 0.225 0.002665772806 1
0 0.155 0.235 0.003596932053 2
0 0.155 0.245 0.004524868124 2
0 0.155 0.255 0.00539689282 2
0 0.155 0.265 0.006180542939 2
0 0.155 0.275 0.006882124057 2
0 0.155 0.285 0.007492136542 2
0 0.155 0.295 0.007999246298 2
0 0.155 0.305 0.008391764271 2
0 0.155 0.315 0.008671005811 2
0 0.155 0.325 0.008839671103 1
0 0.155 0.335 0.009003405117 1
0 0.155 0.345 0.009103643511 1
0 0.155 0.355 0.009148355651 1
0 0.155 0.365 0.00913863792 1
0 0.155 0.375 0.009067907687 1
0 0.155 0.385 0.008993002324 2
0 0.155 0.395 0.00880331962 2
0 0.155 0.405 0.008486729142 2
0 0.155 0.415 0.008052723876 2
0 0.155 0.425 0.007510872121 2
0 0.155 0.435 0.00686869118 2
0 0.155 0.445 0.006133530487 2
0 0.155 0.455 0.005313044549 2
0 0.155 0.465 0.004414161808 2
0 0.155 0.475 0.003449374982 2
0 0.155 0.485 0.002407684673 2
0 0.155 0.495 0.001383973659 2
0 0.155 0.505 0 2
0 0.155 0.515 0 2
0 0.155 0.525 0 2
0 0.155 0.535 0 1
0 0.155 0.545 0 1
0 0.155 0.555 0 1
0 0.155 0.565 0 1
0 0.165 -0.555 0 1
0 0.165 -0.545 0 1
0 0.165 -0.535 0 1
0 0.165 -0.525 0 1
0 0.165 -0.515 0 1
0 0.165 -0.505 0 1
0 0.165 -0.495 0.001104529836 1
0 0.165 -0.485 0.002043069696 1
0 0.165 -0.475 0.003140169451 2
0 0.165 -0.465 0.004154254699 2
0 0.165 -0.455 0.00504144989 1
0 0.165 -0.445 0.00581250165 1
0 0.165 -0.435 0.006510980223 1
0 0.165 -0.425 0.007122068006 1
0 0.165 -0.415 0.007660389287 1
0 0.165 -0.405 0.008131287224 1
0 0.165 -0.395 0.008523329529 1
0 0.165 -0.385 0.008834729641 1
0 0.165 -0.375 0.009054344384 1
0 0.165 -0.365 0.009212016737 1
0 0.165 -0.355 0.009343112548 1
0 0.165 -0.345 0.009368624475 1
0 0.165 -0.335 0.009313201877 1
0 0.165 -0.325 0.009185199799 1
0 0.165 -0.315 0.008975814619 1
0 0.165 -0.305 0.008643293208 2
0 0.165 -0.295 0.008221169106 2
0 0.165 -0.285 0.007707098339 2
0 0.165 -0.275 0.007112251382 2
0 0.165 -0.265 0.006436195676 2
0 0.165 -0.255 0.005685500497 2
0 0.165 -0.245 0.004867522893 2
0 0.165 -0.235 0.003990305388 2
0 0.165 -0.225 0.00306219119 2
0 0.165 -0.215 0.002091716895 2
0 0.165 -0.205 0.001087558165 2
0 0.165 -0.195 5.848859595e-05 2
0 0.165 -0.185 -0.0009866596121 2
0 0.165 -0.175 -0.002039038491 2
0 0.165 -0.165 -0.003089830818 2
0 0.165 -0.155 -0.004130299447 2
0 0.165 -0.145 -0.005151838244 2
0 0.165 -0.135 -0.006146023384 2
0 0.165 -0.125 -0.007104663792 2
0 0.165 -0.115 -0.008019849595 2
0 0.165 -0.105 -0.008883997353 2
0 0.165 -0.095 -0.00968989086 2
0 0.165 -0.085 -0.01043071613 2
0 0.165 -0.075 -0.01110008919 2
0 0.165 -0.065 -0.01169207551 2
0 0.165 -0.055 -0.0122012004 2
0 0.165 -0.045 -0.0126224515 2
0 0.165 -0.035 -0.01295127852 2
0 0.165 -0.025 -0.01318360375 2
0 0.165 -0.015 -0.01331585871 2
0 0.165 -0.005 -0.01334510484 2
0 0.165 0.005 -0.01326929166 2
0 0.165 0.015 -0.0130876621 2
0 0.165 0.025 -0.01280139257 2
0 0.165 0.035 -0.01241499452 2
0 0.165 0.045 -0.0119369209 2
0 0.165 0.055 -0.01138220838 2
0 0.165 0.065 -0.0107592768 2
0 0.165 0.075 -0.01008844842 2
0 0.165 0.085 -0.009373489846 2
0 0.165 0.095 -0.008647760906 2
0 0.165 0.105 -0.007888348604 2
0 0.165 0.115 -0.007076026934 2
0 0.165 0.125 -0.006212076426 2
0 0.165 0.135 -0.005306731924 2
0 0.165 0.145 -0.004398020206 1
0 0.165 0.155 -0.003516149018 1
0 0.165 0.165 -0.002616334302 1
0 0.165 0.175 -0.001704340889 1
0 0.165 0.185 -0.0007976152803 1
0 0.165 0.195 9.099893659e-05 1
0 0.165 0.205 0.0009752166267 1
0 0.165 0.215 0.001858640889 1
0 0.165 0.225 0.002760605935 1
0 0.165 0.235 0.00373444275 2
0 0.165 0.245 0.004696289504 2
0 0.165 0.255 0.005600773917 2
0 0.165 0.265 0.006410241864 2
0 0.165 0.275 0.007133976135 2
0 0.165 0.285 0.007764895098 2
0 0.165 0.295 0.008294477026 2
0 0.165 0.305 0.008715542241 2
0 0.165 0.315 0.009020890424 2
0 0.165 0.325 0.009201817187 2
0 0.165 0.335 0.009319520227 1
0 0.165 0.345 0.009414470441 1
0 0.165 0.355 0.00946209423 1
0 0.165 0.365 0.009463463182 1
0 0.165 0.375 0.009443307997 2
0 0.165 0.385 0.009356723522 2
0 0.165 0.395 0.009138633277 2
0 0.165 0.405 0.00879560605 2
0 0.165 0.415 0.00833792831 2
0 0.165 0.425 0.007771464191 2
0 0.165 0.435 0.007103440377 2
0 0.165 0.445 0.006340873069 2
0 0.165 0.455 0.005491338872 2
0 0.165 0.465 0.004561601925 2
0 0.165 0.475 0.003564253817 2
0 0.165 0.485 0.002487768601 2
0 0.165 0.495 0.001429905386 2
0 0.165 0.505 0 2
0 0.165 0.515 0 2
0 0.165 0.525 0 2
0 0.165 0.535 0 1
0 0.165 0.545 0 1
0 0.165 0.555 0 1
0 0.165 0.565 0 1
0 0.175 -0.555 0 1
0 0.175 -0.545 0 1
0 0.175 -0.535 0 1
0 0.175 -0.525 0 1
0 0.175 -0.515 0 1
0 0.175 -0.505 0 1
0 0.175 -0.495 0.001172726305 1
0 0.175 -0.485 0.002140430705 1
0 0.175 -0.475 0.003252769535 2
0 0.175 -0.465 0.00428535748 2
0 0.175 -0.455 0.005198424201 2
0 0.175 -0.445 0.005990687838 2
0 0.175 -0.435 0.006683120884 1
0 0.175 -0.425 0.007315458955 1
0 0.175 -0.415 0.007876132323 1
0 0.175 -0.405 0.008372219163 1
0 0.175 -0.395 0.008790053642 1
0 0.175 -0.385 0.009127719702 1
0 0.175 -0.375 0.009356161355 1
0 0.175 -0.365 0.009517151562 1
0 0.175 -0.355 0.009630123821 1
0 0.175 -0.345 0.009655908314 1
0 0.175 -0.335 0.009598797721 1
0 0.175 -0.325 0.009464049989 1
0 0.175 -0.315 0.009246955535 1
0 0.175 -0.305 0.008924741084 2
0 0.175 -0.295 0.008486482239 2
0 0.175 -0.285 0.007950583621 2
0 0.175 -0.275 0.007333897511 2
0 0.175 -0.265 0.006634256636 2
0 0.175 -0.255 0.005857905991 2
0 0.175 -0.245 0.005012092625 2
0 0.175 -0.235 0.004104958138 2
0 0.175 -0.225 0.003145079344 2
0 0.175 -0.215 0.002141277497 2
0 0.175 -0.205 0.001102540913 2
0 0.175 -0.195 3.796552104e-05 2
0 0.175 -0.185 -0.001043291189 2
0 0.175 -0.175 -0.002132057057 2
0 0.175 -0.165 -0.003219193837 2
0 0.175 -0.155 -0.004295648064 2
0 0.175 -0.145 -0.005352503332 2
0 0.175 -0.135 -0.00638103299 2
0 0.175 -0.125 -0.007372752142 2
0 0.175 -0.115 -0.008319467867 2
0 0.175 -0.105 -0.009213326589 2
0 0.175 -0.095 -0.01004685758 2
0 0.175 -0.085 -0.01081301166 2
0 0.175 -0.075 -0.01150519429 2
0 0.175 -0.065 -0.01211729302 2
0 0.175 -0.055 -0.01264369994 2
0 0.175 -0.045 -0.0130793323 2
0 0.175 -0.035 -0.01341965739 2
0 0.175 -0.025 -0.01366073497 2
0 0.175 -0.015 -0.01379929418 2
0 0.175 -0.005 -0.01383287726 2
0 0.175 0.005 -0.0137600826 2
0 0.175 0.015 -0.01358098543 2
0 0.175 0.025 -0.01329750785 2
0 0.175 0.035 -0.01291426059 2
0 0.175 0.045 -0.01243855935 2
0 0.175 0.055 -0.01188165806 2
0 0.175 0.065 -0.01125515274 2
0 0.175 0.075 -0.01057377697 2
0 0.175 0.085 -0.009844791639 2
0 0.175 0.095 -0.009078821702 2
0 0.175 0.105 -0.008270791833 2
0 0.175 0.115 -0.007407581626 2
0 0.175 0.125 -0.006488854214 2
0 0.175 0.135 -0.005533951396 2
0 0.175 0.145 -0.004582107147 2
0 0.175 0.155 -0.003644895923 1
0 0.175 0.165 -0.002710392393 1
0 0.175 0.175 -0.001763240748 1
0 0.175 0.185 -0.000825782618 1
0 0.175 0.195 9.406180457e-05 1
0 0.175 0.205 0.001009367133 1
0 0.175 0.215 0.001926185492 1
0 0.175 0.225 0.002864366682 1
0 0.175 0.235 0.003870561607 2
0 0.175 0.245 0.00485418128 2
0 0.175 0.255 0.005781261994 2
0 0.175 0.265 0.006615799298 2
0 0.175 0.275 0.007363164145 2
0 0.175 0.285 0.008016869805 2
0 0.175 0.295 0.008570184618 2
0 0.175 0.305 0.009015782319 2
0 0.175 0.315 0.009346967583 2
0 0.175 0.325 0.009560465327 2
0 0.175 0.335 0.009688263777 2
0 0.175 0.345 0.009782774002 2
0 0.175 0.355 0.009833570491 2
0 0.175 0.365 0.009840718294 2
0 0.175 0.375 0.009813236581 2
0 0.175 0.385 0.009694724277 2
0 0.175 0.395 0.00945136883 2
0 0.175 0.405 0.009085792152 2
0 0.175 0.415 0.008604935879 2
0 0.175 0.425 0.008015010349 2
0 0.175 0.435 0.007322517256 2
0 0.175 0.445 0.006534106774 2
0 0.175 0.455 0.005657243648 2
0 0.175 0.465 0.00469857505 2
0 0.175 0.475 0.003670806206 2
0 0.175 0.485 0.002561922777 2
0 0.175 0.495 0.001472356605 2
0 0.175 0.505 0 2
0 0.175 0.515 0 2
0 0.175 0.525 0 2
0 0.175 0.535 0 2
0 0.175 0.545 0 1
0 0.175 0.555 0 1
0 0.175 0.565 0 1
0 0.185 -0.555 0 2
0 0.185 -0.545 0 2
0 0.185 -0.535 0 1
0 0.185 -0.525 0 1
0 0.185 -0.515 0 1
0 0.185 -0.505 0 1
0 0.185 -0.495 0.001269505121 2
0 0.185 -0.485 0.002259479823 2
0 0.185 -0.475 0.00336104983 2
0 0.185 -0.465 0.00441300327 2
0 0.185 -0.455 0.00536412274 2
0 0.185 -0.445 0.006190167596 2
0 0.185 -0.435 0.006907095027 2
0 0.185 -0.425 0.007554629161 2
0 0.185 -0.415 0.008140299151 2
0 0.185 -0.405 0.008660970688 2
0 0.185 -0.395 0.009095405098 2
0 0.185 -0.385 0.009411266515 1
0 0.185 -0.375 0.009634345727 1
0 0.185 -0.365 0.009788228488 1
0 0.185 -0.355 0.009880713965 1
0 0.185 -0.345 0.009897000129 1
0 0.185 -0.335 0.009834444636 1
0 0.185 -0.325 0.009697356182 1
0 0.185 -0.315 0.009481368096 1
0 0.185 -0.305 0.00917366053 2
0 0.185 -0.295 0.008729207987 2
0 0.185 -0.285 0.008176941383 2
0 0.185 -0.275 0.007540254384 2
0 0.185 -0.265 0.00681804413 2
0 0.185 -0.255 0.006017047957 2
0 0.185 -0.245 0.005144681949 2
0 0.185 -0.235 0.004209240143 2
0 0.185 -0.225 0.003219485247 2
0 0.185 -0.215 0.002184467261 2
0 0.185 -0.205 0.001113431514 2
0 0.185 -0.195 1.574878039e-05 2
0 0.185 -0.185 -0.001099138594 2
0 0.185 -0.175 -0.002221768939 2
0 0.185 -0.165 -0.003342713551 2
0 0.185 -0.155 -0.004452630334 2
0 0.185 -0.145 -0.005542318391 2
0 0.185 -0.135 -0.006602772829 2
0 0.185 -0.125 -0.007625238893 2
0 0.185 -0.115 -0.00860126449 2
0 0.185 -0.105 -0.009522750258 2
0 0.185 -0.095 -0.0103819964 2
0 0.185 -0.085 -0.01117174574 2
0 0.185 -0.075 -0.01188522286 2
0 0.185 -0.065 -0.01251616972 2
0 0.185 -0.055 -0.01305887965 2
0 0.185 -0.045 -0.01350823321 2
0 0.185 -0.035 -0.01385974226 2
0 0.185 -0.025 -0.01410961308 2
0 0.185 -0.015 -0.01425484278 2
0 0.185 -0.005 -0.01429336886 2
0 0.185 0.005 -0.01422427916 2
0 0.185 0.015 -0.01404812348 2
0 0.185 0.025 -0.01376724491 2
0 0.185 0.035 -0.01338621834 2
0 0.185 0.045 -0.01291169211 2
0 0.185 0.055 -0.01235266386 2
0 0.185 0.065 -0.01171897595 2
0 0.185 0.075 -0.01102172853 2
0 0.185 0.085 -0.01026907256 2
0 0.185 0.095 -0.009468067696 2
0 0.185 0.105 -0.008618710488 2
0 0.185 0.115 -0.007719874343 2
0 0.185 0.125 -0.006767502068 2
0 0.185 0.135 -0.005772821428 2
0 0.185 0.145 -0.004768341565 2
0 0.185 0.155 -0.00378231545 2
0 0.185 0.165 -0.002812527162 2
0 0.185 0.175 -0.001834272555 2
0 0.185 0.185 -0.0008591005309 1
0 0.185 0.195 9.720300466e-05 1
0 0.185 0.205 0.001049126405 1
0 0.185 0.215 0.002009266848 2
0 0.185 0.225 0.002981107123 2
0 0.185 0.235 0.003995241093 2
0 0.185 0.245 0.004997868284 2
0 0.185 0.255 0.005944866482 2
0 0.185 0.265 0.006802261931 2
0 0.185 0.275 0.007573001146 2
0 0.185 0.285 0.008249685975 2
0 0.185 0.295 0.008826534909 2
0 0.185 0.305 0.009297959034 2
0 0.185 0.315 0.009659908774 2
0 0.185 0.325 0.009912021247 2
0 0.185 0.335 0.01006776685 2
0 0.185 0.345 0.01016910836 2
0 0.185 0.355 0.01022256302 2
0 0.185 0.365 0.0102270261 2
0 0.185 0.375 0.01017404826 2
0 0.185 0.385 0.01001875197 2
0 0.185 0.395 0.009746732967 2
0 0.185 0.405 0.009357668864 2
0 0.185 0.415 0.008854615034 2
0 0.185 0.425 0.008242366752 2
0 0.185 0.435 0.007526698234 2
0 0.185 0.445 0.006713951837 2
0 0.185 0.455 0.005811427706 2
0 0.185 0.465 0.004825678852 2
0 0.185 0.475 0.003769526782 2
0 0.185 0.485 0.002630511207 2
0 0.185 0.495 0.001511548551 2
0 0.185 0.505 0 2
0 0.185 0.515 0 2
0 0.185 0.525 0 2
0 0.185 0.535 0 2
0 0.185 0.545 0 1
0 0.185 0.555 0 1
0 0.185 0.565 0 1
0 0.195 -0.555 0 2
0 0.195 -0.545 0 2
0 0.195 -0.535 0 2
0 0.195 -0.525 0 2
0 0.195 -0.515 0 2
0 0.195 -0.505 0 2
0 0.195 -0.495 0.001342508929 2
0 0.195 -0.485 0.002378828127 2
0 0.195 -0.475 0.003487799045 2
0 0.195 -0.465 0.004540086649 2
0 0.195 -0.455 0.005518028147 2
0 0.195 -0.445 0.006384074786 2
0 0.195 -0.435 0.007137915259 2
0 0.195 -0.425 0.00780652377 2
0 0.195 -0.415 0.008415929062 2
0 0.195 -0.405 0.008958712129 2
0 0.195 -0.395 0.00940580163 2
0 0.195 -0.385 0.009686210234 1
0 0.195 -0.375 0.009894958838 1
0 0.195 -0.365 0.01004091081 1
0 0.195 -0.355 0.01012376402 1
0 0.195 -0.345 0.01013311573 1
0 0.195 -0.335 0.01006489023 1
0 0.195 -0.325 0.009922193693 1
0 0.195 -0.315 0.009697264097 1
0 0.195 -0.305 0.009395044806 2
0 0.195 -0.295 0.008947011676 2
0 0.195 -0.285 0.008385649157 2
0 0.195 -0.275 0.007731134335 2
0 0.195 -0.265 0.006987777314 2
0 0.195 -0.255 0.006163401005 2
0 0.195 -0.245 0.005265865911 2
0 0.195 -0.235 0.004303726427 2
0 0.195 -0.225 0.003285930528 2
0 0.195 -0.215 0.002221726886 2
0 0.195 -0.205 0.001120576989 2
0 0.195 -0.195 -7.913500416e-06 2
0 0.195 -0.185 -0.001154054194 2
0 0.195 -0.175 -0.002308127072 2
0 0.195 -0.165 -0.003460443056 2
0 0.195 -0.155 -0.004601399171 2
0 0.195 -0.145 -0.005721536104 2
0 0.195 -0.135 -0.006811595715 2
0 0.195 -0.125 -0.007862577784 2
0 0.195 -0.115 -0.008865795288 2
0 0.195 -0.105 -0.009812927572 2
0 0.195 -0.095 -0.0106960709 2
0 0.195 -0.085 -0.01150778616 2
0 0.195 -0.075 -0.01224114399 2
0 0.195 -0.065 -0.01288976813 2
0 0.195 -0.055 -0.01344787915 2
0 0.195 -0.045 -0.01391034201 2
0 0.195 -0.035 -0.01427272298 2
0 0.195 -0.025 -0.01453136389 2
0 0.195 -0.015 -0.01468348278 2
0 0.195 -0.005 -0.01472731321 2
0 0.195 0.005 -0.01466228053 2
0 0.195 0.015 -0.01448922589 2
0 0.195 0.025 -0.01421061164 2
0 0.195 0.035 -0.01383073515 2
0 0.195 0.045 -0.0133556767 2
0 0.195 0.055 -0.01279320548 2
0 0.195 0.065 -0.01215190173 2
0 0.195 0.075 -0.0114406992 2
0 0.195 0.085 -0.01066706254 2
0 0.195 0.095 -0.009836935237 2
0 0.195 0.105 -0.008953095883 2
0 0.195 0.115 -0.008018057832 2
0 0.195 0.125 -0.007037378284 2
0 0.195 0.135 -0.006014746135 2
0 0.195 0.145 -0.004974079445 2
0 0.195 0.155 -0.003939611993 2
0 0.195 0.165 -0.002916472207 2
0 0.195 0.175 -0.001893406089 2
0 0.195 0.185 -0.000881300665 2
0 0.195 0.195 0.0001028016533 2
0 0.195 0.205 0.001083104674 2
0 0.195 0.215 0.002081041968 2
0 0.195 0.225 0.003096293237 2
0 0.195 0.235 0.004128348214 2
0 0.195 0.245 0.005139564174 2
0 0.195 0.255 0.006098518039 2
0 0.195 0.265 0.006975756885 2
0 0.195 0.275 0.007767930568 2
0 0.195 0.285 0.008466687958 2
0 0.195 0.295 0.009066495388 2
0 0.195 0.305 0.009562658145 2
0 0.195 0.315 0.009953376177 2
0 0.195 0.325 0.01024190853 2
0 0.195 0.335 0.01043901011 2
0 0.195 0.345 0.01056194338 2
0 0.195 0.355 0.01061686812 2
0 0.195 0.365 0.01060264374 2
0 0.195 0.375 0.01051093182 2
0 0.195 0.385 0.01032225714 2
0 0.195 0.395 0.01002432772 2
0 0.195 0.405 0.009612718924 2
0 0.195 0.415 0.009088270186 2
0 0.195 0.425 0.008454648432 2
0 0.195 0.435 0.00771696829 2
0 0.195 0.445 0.006881258451 2
0 0.195 0.455 0.005954634852 2
0 0.195 0.465 0.004943552825 2
0 0.195 0.475 0.003860938247 2
0 0.195 0.485 0.002693920082 2
0 0.195 0.495 0.001547718384 2
0 0.195 0.505 0 2
0 0.195 0.515 0 2
0 0.195 0.525 0 2
0 0.195 0.535 0 2
0 0.195 0.545 0 2
0 0.195 0.555 0 1
0 0.195 0.565 0 1
0 0.205 -0.555 0 2
0 0.205 -0.545 0 2
0 0.205 -0.535 0 2
0 0.205 -0.525 0 2
0 0.205 -0.515 0 2
0 0.205 -0.505 0 2
0 0.205 -0.495 0.00141584086 2
0 0.205 -0.485 0.002498768647 2
0 0.205 -0.475 0.00362622324 2
0 0.205 -0.465 0.004680301365 2
0 0.205 -0.455 0.005664593618 2
0 0.205 -0.445 0.006555579002 2
0 0.205 -0.435 0.007350756926 2
0 0.205 -0.425 0.008059476921 2
0 0.205 -0.415 0.008700307574 2
0 0.205 -0.405 0.009257248503 2
0 0.205 -0.395 0.009697128643 1
0 0.205 -0.385 0.00995489506 1
0 0.205 -0.375 0.01014476357 1
0 0.205 -0.365 0.01027892715 1
0 0.205 -0.355 0.01035324702 1
0 0.205 -0.345 0.01035514957 1
0 0.205 -0.335 0.01028193079 1
0 0.205 -0.325 0.0101344284 1
0 0.205 -0.315 0.009898555201 1
0 0.205 -0.305 0.0096006363 2
0 0.205 -0.295 0.009147917716 2
0 0.205 -0.285 0.008577295191 2
0 0.205 -0.275 0.007906555219 2
0 0.205 -0.265 0.007143497057 2
0 0.205 -0.255 0.006297170434 2
0 0.205 -0.245 0.005375988519 2
0 0.205 -0.235 0.004388824075 2
0 0.205 -0.225 0.003344824849 2
0 0.205 -0.215 0.002253426365 2
0 0.205 -0.205 0.001124281348 2
0 0.205 -0.195 -3.279901267e-05 2
0 0.205 -0.185 -0.001207906375 2
0 0.205 -0.175 -0.002391095506 2
0 0.205 -0.165 -0.003572444732 2
0 0.205 -0.155 -0.004742116635 2
0 0.205 -0.145 -0.005890418863 2
0 0.205 -0.135 -0.007007864609 2
0 0.205 -0.125 -0.008085232266 2
0 0.205 -0.115 -0.00911362371 2
0 0.205 -0.105 -0.01008452076 2
0 0.205 -0.095 -0.01098983956 2
0 0.205 -0.085 -0.01182198284 2
0 0.205 -0.075 -0.0125738905 2
0 0.205 -0.065 -0.01323908965 2
0 0.205 -0.055 -0.01381174592 2
0 0.205 -0.045 -0.01428671904 2
0 0.205 -0.035 -0.0146596271 2
0 0.205 -0.025 -0.01492692444 2
0 0.205 -0.015 -0.01508599848 2
0 0.205 -0.005 -0.01513529013 2
0 0.205 0.005 -0.01507443393 2
0 0.205 0.015 -0.01490441348 2
0 0.205 0.025 -0.01462768653 2
0 0.205 0.035 -0.01424826799 2
0 0.205 0.045 -0.01377164862 2
0 0.205 0.055 -0.01320460859 2
0 0.205 0.065 -0.01255466968 2
0 0.205 0.075 -0.01182958168 2
0 0.205 0.085 -0.01103639721 2
0 0.205 0.095 -0.01018128911 2
0 0.205 0.105 -0.009269108131 2
0 0.205 0.115 -0.00830461048 2
0 0.205 0.125 -0.007294821645 2
0 0.205 0.135 -0.006250105117 2
0 0.205 0.145 -0.005185885707 2
0 0.205 0.155 -0.004115873994 2
0 0.205 0.165 -0.003039232467 2
0 0.205 0.175 -0.001965852166 2
0 0.205 0.185 -0.000912958622 2
0 0.205 0.195 0.0001085167624 2
0 0.205 0.205 0.001125775576 2
0 0.205 0.215 0.002166067804 2
0 0.205 0.225 0.003220126986 2
0 0.205 0.235 0.004268847084 2
0 0.205 0.245 0.005283056297 2
0 0.205 0.255 0.006247567427 2
0 0.205 0.265 0.007141058311 2
0 0.205 0.275 0.007951796005 2
0 0.205 0.285 0.008670861678 2
0 0.205 0.295 0.009292465771 2
0 0.205 0.305 0.00981237648 2
0 0.205 0.315 0.01022915872 2
0 0.205 0.325 0.01054520479 2
0 0.205 0.335 0.01076710923 2
0 0.205 0.345 0.01090409542 2
0 0.205 0.355 0.01096040859 2
0 0.205 0.365 0.01093486601 2
0 0.205 0.375 0.010820962 2
0 0.205 0.385 0.01060735834 2
0 0.205 0.395 0.01028575118 2
0 0.205 0.405 0.009852286271 2
0 0.205 0.415 0.00930708517 2
0 0.205 0.425 0.008652916136 2
0 0.205 0.435 0.007894290822 2
0 0.205 0.445 0.007036882866 2
0 0.205 0.455 0.006087616334 2
0 0.205 0.465 0.005052839227 2
0 0.205 0.475 0.003945564455 2
0 0.205 0.485 0.002752537081 2
0 0.205 0.495 0.001581105023 2
0 0.205 0.505 0 2
0 0.205 0.515 0 2
0 0.205 0.525 0 2
0 0.205 0.535 0 2
0 0.205 0.545 0 2
0 0.205 0.555 0 2
0 0.205 0.565 0 1
0 0.215 -0.555 0 2
0 0.215 -0.545 0 2
0 0.215 -0.535 0 2
0 0.215 -0.525 0 2
0 0.215 -0.515 0 2
0 0.215 -0.505 0 2
0 0.215 -0.495 0.001489748856 2
0 0.215 -0.485 0.002598348474 2
0 0.215 -0.475 0.003740333264 2
0 0.215 -0.465 0.00481036402 2
0 0.215 -0.455 0.005811640618 2
0 0.215 -0.445 0.006725904596 2
0 0.215 -0.435 0.007549435819 2
0 0.215 -0.425 0.008284767574 2
0 0.215 -0.415 0.00894799099 2
0 0.215 -0.405 0.00951105129 2
0 0.215 -0.395 0.009926483604 1
0 0.215 -0.385 0.01018845632 1
0 0.215 -0.375 0.01037539364 1
0 0.215 -0.365 0.01050569892 1
0 0.215 -0.355 0.01057321524 1
0 0.215 -0.345 0.01056751424 1
0 0.215 -0.335 0.01048846595 1
0 0.215 -0.325 0.01033314319 1
0 0.215 -0.315 0.01011168932 2
0 0.215 -0.305 0.009794851272 2
0 0.215 -0.295 0.009335180382 2
0 0.215 -0.285 0.008753100875 2
0 0.215 -0.275 0.008066809052 2
0 0.215 -0.265 0.007285342151 2
0 0.215 -0.255 0.00641854846 2
0 0.215 -0.245 0.005475335044 2
0 0.215 -0.235 0.004464875888 2
0 0.215 -0.225 0.003396524226 2
0 0.215 -0.215 0.002279896383 2
0 0.215 -0.205 0.001124822039 2
0 0.215 -0.195 -5.870240245e-05 2
0 0.215 -0.185 -0.00126057393 2
0 0.215 -0.175 -0.002470644562 2
0 0.215 -0.165 -0.003678784679 2
0 0.215 -0.155 -0.004874946833 2
0 0.215 -0.145 -0.006049229614 2
0 0.215 -0.135 -0.00719194111 2
0 0.215 -0.125 -0.008293661493 2
0 0.215 -0.115 -0.009345304337 2
0 0.215 -0.105 -0.01033817636 2
0 0.215 -0.095 -0.01126403541 2
0 0.215 -0.085 -0.01211514697 2
0 0.215 -0.075 -0.01288433942 2
0 0.215 -0.065 -0.0135650593 2
0 0.215 -0.055 -0.0141514281 2
0 0.215 -0.045 -0.01463830269 2
0 0.215 -0.035 -0.01502134245 2
0 0.215 -0.025 -0.01529708594 2
0 0.215 -0.015 -0.01546303922 2
0 0.215 -0.005 -0.01551777624 2
0 0.215 0.005 -0.01546104508 2
0 0.215 0.015 -0.01529387052 2
0 0.215 0.025 -0.01501862499 2
0 0.215 0.035 -0.01463904672 2
0 0.215 0.045 -0.01416014507 2
0 0.215 0.055 -0.01358800083 2
0 0.215 0.065 -0.0129293878 2
0 0.215 0.075 -0.01219137068 2
0 0.215 0.085 -0.01138081021 2
0 0.215 0.095 -0.01050420849 2
0 0.215 0.105 -0.009567788779 2
0 0.215 0.115 -0.008578040652 2
0 0.215 0.125 -0.007542981807 2
0 0.215 0.135 -0.006472681177 2
0 0.215 0.145 -0.005379205982 2
0 0.215 0.155 -0.00427393294 2
0 0.215 0.165 -0.003164737315 2
0 0.215 0.175 -0.002059773671 2
0 0.215 0.185 -0.000966222298 2
0 0.215 0.195 0.0001133901888 2
0 0.215 0.205 0.001186764057 2
0 0.215 0.215 0.002261366196 2
0 0.215 0.225 0.003333842685 2
0 0.215 0.235 0.004392683947 2
0 0.215 0.245 0.005418474686 2
0 0.215 0.255 0.006393311851 2
0 0.215 0.265 0.007300051277 2
0 0.215 0.275 0.008126687503 2
0 0.215 0.285 0.008863908144 2
0 0.215 0.295 0.00950533707 2
0 0.215 0.305 0.01004670364 2
0 0.215 0.315 0.01048629857 2
0 0.215 0.325 0.0108251485 2
0 0.215 0.335 0.01106665683 2
0 0.215 0.345 0.01121515011 2
0 0.215 0.355 0.01127266033 2
0 0.215 0.365 0.01123800514 2
0 0.215 0.375 0.01110684945 2
0 0.215 0.385 0.01087269388 2
0 0.215 0.395 0.0105301922 2
0 0.215 0.405 0.01007652712 2
0 0.215 0.415 0.009511680903 2
0 0.215 0.425 0.008837958889 2
0 0.215 0.435 0.008059466321 2
0 0.215 0.445 0.007181584646 2
0 0.215 0.455 0.0062110621 2
0 0.215 0.465 0.005154138788 2
0 0.215 0.475 0.004023900244 2
0 0.215 0.485 0.002806730303 2
0 0.215 0.495 0.001611935839 2
0 0.215 0.505 0 2
0 0.215 0.515 0 2
0 0.215 0.525 0 2
0 0.215 0.535 0 2
0 0.215 0.545 0 2
0 0.215 0.555 0 2
0 0.215 0.565 0 1
0 0.225 -0.555 0 2
0 0.225 -0.545 0 2
0 0.225 -0.535 0 2
0 0.225 -0.525 0 2
0 0.225 -0.515 0 2
0 0.225 -0.505 0 2
0 0.225 -0.495 0.001538589173 2
0 0.225 -0.485 0.002678676034 2
0 0.225 -0.475 0.00384525553 2
0 0.225 -0.465 0.004933740147 2
0 0.225 -0.455 0.005953054246 2
0 0.225 -0.445 0.006888558929 2
0 0.225 -0.435 0.007735934762 2
0 0.225 -0.425 0.008493168392 2
0 0.225 -0.415 0.009173202764 2
0 0.225 -0.405 0.009736815406 2
0 0.225 -0.395 0.01013335156 1
0 0.225 -0.385 0.01039876991 1
0 0.225 -0.375 0.01058936062 1
0 0.225 -0.365 0.01072007706 1
0 0.225 -0.355 0.01078052442 1
0 0.225 -0.345 0.01076557971 1
0 0.225 -0.335 0.01068407069 1
0 0.225 -0.325 0.01052640504 1
0 0.225 -0.315 0.01032025675 2
0 0.225 -0.305 0.009981811822 2
0 0.225 -0.295 0.009508936228 2
0 0.225 -0.285 0.008914276704 2
0 0.225 -0.275 0.008212515238 2
0 0.225 -0.265 0.007413722978 2
0 0.225 -0.255 0.006527898827 2
0 0.225 -0.245 0.005564276276 2
0 0.225 -0.235 0.004532259855 2
0 0.225 -0.225 0.003441394534 2
0 0.225 -0.215 0.002301467075 2
0 0.225 -0.205 0.001122473016 2
0 0.225 -0.195 -8.5421442e-05 2
0 0.225 -0.185 -0.001311937185 2
0 0.225 -0.175 -0.002546744145 2
0 0.225 -0.165 -0.003779526552 2
0 0.225 -0.155 -0.0050000492 2
0 0.225 -0.145 -0.006198224001 2
0 0.225 -0.135 -0.007364176155 2
0 0.225 -0.125 -0.008488309513 2
0 0.225 -0.115 -0.009561370751 2
0 0.225 -0.105 -0.01057451215 2
0 0.225 -0.095 -0.01151935291 2
0 0.225 -0.085 -0.01238803916 2
0 0.225 -0.075 -0.01317330313 2
0 0.225 -0.065 -0.01386852223 2
0 0.225 -0.055 -0.01446777932 2
0 0.225 -0.045 -0.01496592547 2
0 0.225 -0.035 -0.01535864708 2
0 0.225 -0.025 -0.01564253836 2
0 0.225 -0.015 -0.01581517943 2
0 0.225 -0.005 -0.01587521807 2
0 0.225 0.005 -0.01582244851 2
0 0.225 0.015 -0.01565787719 2
0 0.225 0.025 -0.01538375638 2
0 0.225 0.035 -0.01500356833 2
0 0.225 0.045 -0.01452193086 2
0 0.225 0.055 -0.01394442415 2
0 0.225 0.065 -0.01327732441 2
0 0.225 0.075 -0.01252732075 2
0 0.225 0.085 -0.01170123942 2
0 0.225 0.095 -0.01080594412 2
0 0.225 0.105 -0.009848444797 2
0 0.225 0.115 -0.008836290012 2
0 0.225 0.125 -0.00777806993 2
0 0.225 0.135 -0.006683538193 2
0 0.225 0.145 -0.005563112933 2
0 0.225 0.155 -0.004426930367 2
0 0.225 0.165 -0.003283727092 2
0 0.225 0.175 -0.002141907404 2
0 0.225 0.185 -0.001007999503 2
0 0.225 0.195 0.0001152877653 2
0 0.225 0.205 0.001230180391 2
0 0.225 0.215 0.00233831931 2
0 0.225 0.225 0.00343508329 2
0 0.225 0.235 0.004509933967 2
0 0.225 0.245 0.005547684008 2
0 0.225 0.255 0.006533193664 2
0 0.225 0.265 0.00745212841 2
0 0.225 0.275 0.008292933347 2
0 0.225 0.285 0.009046265697 2
0 0.225 0.295 0.009705287663 2
0 0.225 0.305 0.01026534107 2
0 0.225 0.315 0.01072396673 2
0 0.225 0.325 0.01108075792 2
0 0.225 0.335 0.01133686141 2
0 0.225 0.345 0.01149392916 2
0 0.225 0.355 0.01155252948 2
0 0.225 0.365 0.01151144814 2
0 0.225 0.375 0.01136772837 2
0 0.225 0.385 0.01111742206 2
0 0.225 0.395 0.01075721542 2
0 0.225 0.405 0.01028541627 2
0 0.225 0.415 0.009702354783 2
0 0.225 0.425 0.00901027654 2
0 0.225 0.435 0.008213088964 2
0 0.225 0.445 0.007315978762 2
0 0.225 0.455 0.006325559802 2
0 0.225 0.465 0.005247979089 2
0 0.225 0.475 0.004096387762 2
0 0.225 0.485 0.002856831322 2
0 0.225 0.495 0.001640416045 2
0 0.225 0.505 0 2
0 0.225 0.515 0 2
0 0.225 0.525 0 2
0 0.225 0.535 0 2
0 0.225 0.545 0 2
0 0.225 0.555 0 2
0 0.225 0.565 0 1
0 0.235 -0.555 0 2
0 0.235 -0.545 0 2
0 0.235 -0.535 0 2
0 0.235 -0.525 0 2
0 0.235 -0.515 0 2
0 0.235 -0.505 0 2
0 0.235 -0.495 0.001579059915 2
0 0.235 -0.485 0.002746948605 2
0 0.235 -0.475 0.003938168885 2
0 0.235 -0.465 0.005047168971 2
0 0.235 -0.455 0.006086256472 2
0 0.235 -0.445 0.00704217415 2
0 0.235 -0.435 0.007909927188 2
0 0.235 -0.425 0.008684660951 2
0 0.235 -0.415 0.009370107065 2
0 0.235 -0.405 0.009930810658 2
0 0.235 -0.395 0.01031668761 1
0 0.235 -0.385 0.01058795368 1
0 0.235 -0.375 0.01078355548 1
0 0.235 -0.365 0.01091735228 1
0 0.235 -0.355 0.01097917566 1
0 0.235 -0.345 0.01096282435 1
0 0.235 -0.335 0.01088382319 1
0 0.235 -0.325 0.01075171395 2
0 0.235 -0.315 0.010524398 2
0 0.235 -0.305 0.01016233218 2
0 0.235 -0.295 0.009670964817 2
0 0.235 -0.285 0.009061804005 2
0 0.235 -0.275 0.008344606701 2
0 0.235 -0.265 0.007529384256 2
0 0.235 -0.255 0.006625835585 2
0 0.235 -0.245 0.00564334458 2
0 0.235 -0.235 0.004591450862 2
0 0.235 -0.225 0.00347985622 2
0 0.235 -0.215 0.002318498248 2
0 0.235 -0.205 0.00111752433 2
0 0.235 -0.195 -0.0001127444478 2
0 0.235 -0.185 -0.001361869602 2
0 0.235 -0.175 -0.002619357528 2
0 0.235 -0.165 -0.00387472612 2
0 0.235 -0.155 -0.005117572998 2
0 0.235 -0.145 -0.006337644286 2
0 0.235 -0.135 -0.007524903159 2
0 0.235 -0.125 -0.008669597661 2
0 0.235 -0.115 -0.009762327436 2
0 0.235 -0.105 -0.01079410919 2
0 0.235 -0.095 -0.01175644081 2
0 0.235 -0.085 -0.01264136432 2
0 0.235 -0.075 -0.01344152788 2
0 0.235 -0.065 -0.01415024759 2
0 0.235 -0.055 -0.01476156959 2
0 0.235 -0.045 -0.01527033343 2
0 0.235 -0.035 -0.01567223727 2
0 0.235 -0.025 -0.01596390506 2
0 0.235 -0.015 -0.01614295453 2
0 0.235 -0.005 -0.01620806307 2
0 0.235 0.005 -0.01615902558 2
0 0.235 0.015 -0.01599679543 2
0 0.235 0.025 -0.01572349584 2
0 0.235 0.035 -0.01534238933 2
0 0.235 0.045 -0.01485779167 2
0 0.235 0.055 -0.0142749315 2
0 0.235 0.065 -0.01359976067 2
0 0.235 0.075 -0.01283875812 2
0 0.235 0.085 -0.01199876473 2
0 0.235 0.095 -0.01108692109 2
0 0.235 0.105 -0.01011073092 2
0 0.235 0.115 -0.009078244984 2
0 0.235 0.125 -0.007998248651 2
0 0.235 0.135 -0.006880243953 2
0 0.235 0.145 -0.005734136216 2
0 0.235 0.155 -0.004569637542 2
0 0.235 0.165 -0.003395579324 2
0 0.235 0.175 -0.002219827134 2
0 0.235 0.185 -0.001048603789 2
0 0.235 0.195 0.0001140724735 2
0 0.235 0.205 0.001266172054 2
0 0.235 0.215 0.002405088935 2
0 0.235 0.225 0.003525012989 2
0 0.235 0.235 0.004616568436 2
0 0.235 0.245 0.005667501569 2
0 0.235 0.255 0.006664807868 2
0 0.235 0.265 0.007595886443 2
0 0.235 0.275 0.008449804076 2
0 0.235 0.285 0.009217492571 2
0 0.235 0.295 0.009891924786 2
0 0.235 0.305 0.01046799854 2
0 0.235 0.315 0.01094246179 2
0 0.235 0.325 0.01131367649 2
0 0.235 0.335 0.01158116581 2
0 0.235 0.345 0.01174490454 2
0 0.235 0.355 0.01180447007 2
0 0.235 0.365 0.01175859635 2
0 0.235 0.375 0.01160519761 2
0 0.235 0.385 0.01134184646 2
0 0.235 0.395 0.01096663197 2
0 0.235 0.405 0.01047881794 2
0 0.235 0.415 0.009879201659 2
0 0.235 0.425 0.009170163183 2
0 0.235 0.435 0.008355575478 2
0 0.235 0.445 0.007440537228 2
0 0.235 0.455 0.006431585291 2
0 0.235 0.465 0.005334801675 2
0 0.235 0.475 0.004163404211 2
0 0.235 0.485 0.002903125374 2
0 0.235 0.495 0.001666722277 2
0 0.235 0.505 0 2
0 0.235 0.515 0 2
0 0.235 0.525 0 2
0 0.235 0.535 0 2
0 0.235 0.545 0 2
0 0.235 0.555 0 2
0 0.235 0.565 0 1
0 0.245 -0.555 0 2
0 0.245 -0.545 0 2
0 0.245 -0.535 0 2
0 0.245 -0.525 0 2
0 0.245 -0.515 0 2
0 0.245 -0.505 0 2
0 0.245 -0.495 0.001612917711 2
0 0.245 -0.485 0.002805499017 2
0 0.245 -0.475 0.004020479338 2
0 0.245 -0.465 0.005150470012 2
0 0.245 -0.455 0.006209385944 2
0 0.245 -0.445 0.007184551176 2
0 0.245 -0.435 0.008070563492 2
0 0.245 -0.425 0.008860531129 2
0 0.245 -0.415 0.009552187954 2
0 0.245 -0.405 0.01011434204 2
0 0.245 -0.395 0.01049583724 1
0 0.245 -0.385 0.01077752052 1
0 0.245 -0.375 0.01098041239 1
0 0.245 -0.365 0.01111831657 1
0 0.245 -0.355 0.01118310716 1
0 0.245 -0.345 0.01119702141 2
0 0.245 -0.335 0.01111687444 2
0 0.245 -0.325 0.01096854519 2
0 0.245 -0.315 0.0107135399 2
0 0.245 -0.305 0.01033026398 2
0 0.245 -0.295 0.009821661026 2
0 0.245 -0.285 0.009196750709 2
0 0.245 -0.275 0.008464260678 2
0 0.245 -0.265 0.007633326181 2
0 0.245 -0.255 0.006713193906 2
0 0.245 -0.245 0.005713234538 2
0 0.245 -0.235 0.004643032915 2
0 0.245 -0.225 0.003512398844 2
0 0.245 -0.215 0.002331391948 2
0 0.245 -0.205 0.00111029164 2
0 0.245 -0.195 -0.0001404434972 2
0 0.245 -0.185 -0.001410232899 2
0 0.245 -0.175 -0.002688437506 2
0 0.245 -0.165 -0.003964427802 2
0 0.245 -0.155 -0.005227653735 2
0 0.245 -0.145 -0.00646771541 2
0 0.245 -0.135 -0.007674433652 2
0 0.245 -0.125 -0.008837919919 2
0 0.245 -0.115 -0.009948645224 2
0 0.245 -0.105 -0.01099750782 2
0 0.245 -0.095 -0.01197589964 2
0 0.245 -0.085 -0.01287577142 2
0 0.245 -0.075 -0.0136896969 2
0 0.245 -0.065 -0.0144109361 2
0 0.245 -0.055 -0.01503349829 2
0 0.245 -0.045 -0.01555220472 2
0 0.245 -0.035 -0.01596275108 2
0 0.245 -0.025 -0.01626176921 2
0 0.245 -0.015 -0.01644688612 2
0 0.245 -0.005 -0.01651677742 2
0 0.245 0.005 -0.01647120992 2
0 0.245 0.015 -0.01631106667 2
0 0.245 0.025 -0.01603834592 2
0 0.245 0.035 -0.01565612649 2
0 0.245 0.045 -0.01516849367 2
0 0.245 0.055 -0.01458042854 2
0 0.245 0.065 -0.01389767036 2
0 0.245 0.075 -0.01312657768 2
0 0.245 0.085 -0.0122740159 2
0 0.245 0.095 -0.01134730561 2
0 0.245 0.105 -0.01035423719 2
0 0.245 0.115 -0.009303129913 2
0 0.245 0.125 -0.008202862817 2
0 0.245 0.135 -0.007062788437 2
0 0.245 0.145 -0.00589247983 2
0 0.245 0.155 -0.004701349165 2
0 0.245 0.165 -0.003498206311 2
0 0.245 0.175 -0.002290996802 2
0 0.245 0.185 -0.001086436168 2
0 0.245 0.195 0.0001100987916 2
0 0.245 0.205 0.001294127192 2
0 0.245 0.215 0.002460699079 2
0 0.245 0.225 0.003603036547 2
0 0.245 0.235 0.004712167751 2
0 0.245 0.245 0.005777314776 2
0 0.245 0.255 0.006787017402 2
0 0.245 0.265 0.007730042318 2
0 0.245 0.275 0.008596223147 2
0 0.245 0.285 0.009376816272 2
0 0.245 0.295 0.01006470665 2
0 0.245 0.305 0.01065440588 2
0 0.245 0.315 0.0111419736 2
0 0.245 0.325 0.01152480297 2
0 0.245 0.335 0.01180126906 2
0 0.245 0.345 0.01197025912 2
0 0.245 0.355 0.01203068607 2
0 0.245 0.365 0.01198121583 2
0 0.245 0.375 0.01182028149 2
0 0.245 0.385 0.01154637471 2
0 0.245 0.395 0.01115853104 2
0 0.245 0.405 0.01065675983 2
0 0.245 0.415 0.01004232352 2
0 0.245 0.425 0.009317831377 2
0 0.245 0.435 0.008487231791 2
0 0.245 0.445 0.007555621685 2
0 0.245 0.455 0.006529516507 2
0 0.245 0.465 0.005414965999 2
0 0.245 0.475 0.00422526121 2
0 0.245 0.485 0.002945849276 2
0 0.245 0.495 0.001691000785 2
0 0.245 0.505 0 2
0 0.245 0.515 0 2
0 0.245 0.525 0 2
0 0.245 0.535 0 2
0 0.245 0.545 0 2
0 0.245 0.555 0 2
0 0.245 0.565 0 1
0 0.255 -0.555 0 2
0 0.255 -0.545 0 2
0 0.255 -0.535 0 2
0 0.255 -0.525 0 2
0 0.255 -0.515 0 2
0 0.255 -0.505 0 2
0 0.255 -0.495 0.001642132865 2
0 0.255 -0.485 0.002856535253 2
0 0.255 -0.475 0.004093314419 2
0 0.255 -0.465 0.005243241051 2
0 0.255 -0.455 0.006321024333 2
0 0.255 -0.445 0.007314044072 2
0 0.255 -0.435 0.008216472131 2
0 0.255 -0.425 0.009020029736 2
0 0.255 -0.415 0.009720518205 2
0 0.255 -0.405 0.01029078545 2
0 0.255 -0.395 0.01069739688 2
0 0.255 -0.385 0.01099633289 2
0 0.255 -0.375 0.01121067858 2
0 0.255 -0.365 0.01135417841 2
0 0.255 -0.355 0.01142328829 2
0 0.255 -0.345 0.01143264787 2
0 0.255 -0.335 0.01134972002 2
0 0.255 -0.325 0.01117945103 2
0 0.255 -0.315 0.01089443964 2
0 0.255 -0.305 0.01048772379 2
0 0.255 -0.295 0.009961041297 2
0 0.255 -0.285 0.009320287395 2
0 0.255 -0.275 0.008572725057 2
0 0.255 -0.265 0.007726669249 2
0 0.255 -0.255 0.006790933934 2
0 0.255 -0.245 0.005774747168 2
0 0.255 -0.235 0.004687669612 2
0 0.255 -0.225 0.003539566908 2
0 0.255 -0.215 0.002340586182 2
0 0.255 -0.205 0.001101113667 2
0 0.255 -0.195 -0.0001682753099 2
0 0.255 -0.185 -0.00145687714 2
0 0.255 -0.175 -0.002753926011 2
0 0.255 -0.165 -0.004048663823 2
0 0.255 -0.155 -0.005330411879 2
0 0.255 -0.145 -0.006588643294 2
0 0.255 -0.135 -0.007813055294 2
0 0.255 -0.125 -0.008993640892 2
0 0.255 -0.115 -0.01012075958 2
0 0.255 -0.105 -0.0111852068 2
0 0.255 -0.095 -0.01217828216 2
0 0.255 -0.085 -0.01309185621 2
0 0.255 -0.075 -0.01391843595 2
0 0.255 -0.065 -0.01465122903 2
0 0.255 -0.055 -0.01528420671 2
0 0.255 -0.045 -0.01581216533 2
0 0.255 -0.035 -0.01623078589 2
0 0.255 -0.025 -0.01653669066 2
0 0.255 -0.015 -0.01672749493 2
0 0.255 -0.005 -0.016801851 2
0 0.255 0.005 -0.01675948036 2
0 0.255 0.015 -0.01660118901 2
0 0.255 0.025 -0.01632886042 2
0 0.255 0.035 -0.01594542196 2
0 0.255 0.045 -0.01545478273 2
0 0.255 0.055 -0.01486174631 2
0 0.255 0.065 -0.0141719072 2
0 0.255 0.075 -0.01339154702 2
0 0.255 0.085 -0.01252754758 2
0 0.255 0.095 -0.01158733585 2
0 0.255 0.105 -0.01057885997 2
0 0.255 0.115 -0.00951057759 2
0 0.255 0.125 -0.008391416053 2
0 0.255 0.135 -0.007230658921 2
0 0.255 0.145 -0.006037735148 2
0 0.255 0.155 -0.004821935232 2
0 0.255 0.165 -0.003592104126 2
0 0.255 0.175 -0.002356417946 2
0 0.255 0.185 -0.001122214221 2
0 0.255 0.195 0.0001039629294 2
0 0.255 0.205 0.001315987361 2
0 0.255 0.215 0.002507399783 2
0 0.255 0.225 0.003670688268 2
0 0.255 0.235 0.004797035067 2
0 0.255 0.245 0.005876525524 2
0 0.255 0.255 0.006898761013 2
0 0.255 0.265 0.007853490519 2
0 0.255 0.275 0.008731196425 2
0 0.255 0.285 0.009523451999 2
0 0.255 0.295 0.01022313004 2
0 0.255 0.305 0.01082445304 2
0 0.255 0.315 0.01132294192 2
0 0.255 0.325 0.01171525885 2
0 0.255 0.335 0.01199896059 2
0 0.255 0.345 0.01217219489 2
0 0.255 0.355 0.01223341208 2
0 0.255 0.365 0.01218120129 2
0 0.255 0.375 0.01201430036 2
0 0.255 0.385 0.0117317734 2
0 0.255 0.395 0.01133329856 2
0 0.255 0.405 0.01081944755 2
0 0.255 0.415 0.01019188979 2
0 0.255 0.425 0.00945348514 2
0 0.255 0.435 0.008608312393 2
0 0.255 0.445 0.007661523922 2
0 0.255 0.455 0.006619658378 2
0 0.255 0.465 0.005488763768 2
0 0.255 0.475 0.004282212628 2
0 0.255 0.485 0.002985195553 2
0 0.255 0.495 0.0017133695 2
0 0.255 0.505 0 2
0 0.255 0.515 0 2
0 0.255 0.525 0 2
0 0.255 0.535 0 2
0 0.255 0.545 0 2
0 0.255 0.555 0 2
0 0.255 0.565 0 1
0 0.265 -0.555 0 2
0 0.265 -0.545 0 2
0 0.265 -0.535 0 2
0 0.265 -0.525 0 2
0 0.265 -0.515 0 2
0 0.265 -0.505 0 2
0 0.265 -0.495 0.001667360543 2
0 0.265 -0.485 0.002900878756 2
0 0.265 -0.475 0.00415718248 2
0 0.265 -0.465 0.005325364498 2
0 0.265 -0.455 0.006420481877 2
0 0.265 -0.445 0.007429707617 2
0 0.265 -0.435 0.008346805804 2
0 0.265 -0.425 0.009162900283 2
0 0.265 -0.415 0.00987123886 2
0 0.265 -0.405 0.01045214771 2
0 0.265 -0.395 0.01088934681 2
0 0.265 -0.385 0.01121303821 2
0 0.265 -0.375 0.01144373778 2
0 0.265 -0.365 0.01159561063 2
0 0.265 -0.355 0.01166950598 2
0 0.265 -0.345 0.01167082032 2
0 0.265 -0.335 0.01157410972 2
0 0.265 -0.325 0.01137480318 2
0 0.265 -0.315 0.01106244562 2
0 0.265 -0.305 0.01063428699 2
0 0.265 -0.295 0.01008998644 2
0 0.265 -0.285 0.009433513572 2
0 0.265 -0.275 0.008671149356 2
0 0.265 -0.265 0.007810512143 2
0 0.265 -0.255 0.006860024248 2
0 0.265 -0.245 0.005828708294 2
0 0.265 -0.235 0.0047260511 2
0 0.265 -0.225 0.003561926739 2
0 0.265 -0.215 0.002346534567 2
0 0.265 -0.205 0.001090339661 2
0 0.265 -0.195 -0.000195989075 2
0 0.265 -0.185 -0.001501645702 2
0 0.265 -0.175 -0.002815757231 2
0 0.265 -0.165 -0.004127456104 2
0 0.265 -0.155 -0.005425953865 2
0 0.265 -0.145 -0.006700615243 2
0 0.265 -0.135 -0.007941031968 2
0 0.265 -0.125 -0.009137095888 2
0 0.265 -0.115 -0.01027907105 2
0 0.265 -0.105 -0.01135766457 2
0 0.265 -0.095 -0.01236409604 2
0 0.265 -0.085 -0.01329016552 2
0 0.265 -0.075 -0.01412831981 2
0 0.265 -0.065 -0.01487171699 2
0 0.265 -0.055 -0.01551428895 2
0 0.265 -0.045 -0.01605080144 2
0 0.265 -0.035 -0.01647691083 2
0 0.265 -0.025 -0.01678921653 2
0 0.265 -0.015 -0.01698530701 2
0 0.265 -0.005 -0.0170637971 2
0 0.265 0.005 -0.0170243533 2
0 0.265 0.015 -0.01686770348 2
0 0.265 0.025 -0.01659562776 2
0 0.265 0.035 -0.01621092806 2
0 0.265 0.045 -0.01571737627 2
0 0.265 0.055 -0.01511964426 2
0 0.265 0.065 -0.01442322236 2
0 0.265 0.075 -0.0136343362 2
0 0.265 0.085 -0.01275987175 2
0 0.265 0.095 -0.01180731478 2
0 0.265 0.105 -0.01078470181 2
0 0.265 0.115 -0.009700569251 2
0 0.265 0.125 -0.008563877951 2
0 0.265 0.135 -0.007383891313 2
0 0.265 0.145 -0.006169997853 2
0 0.265 0.155 -0.004931495321 2
0 0.265 0.165 -0.003677370633 2
0 0.265 0.175 -0.002416135556 2
0 0.265 0.185 -0.001155742597 2
0 0.265 0.195 9.634368998e-05 2
0 0.265 0.205 0.001332882967 2
0 0.265 0.215 0.002546431789 2
0 0.265 0.225 0.00372894912 2
0 0.265 0.235 0.004871640776 2
0 0.265 0.245 0.005965079004 2
0 0.265 0.255 0.006999559446 2
0 0.265 0.265 0.007965525448 2
0 0.265 0.275 0.008853977903 2
0 0.265 0.285 0.009656772679 2
0 0.265 0.295 0.01036680937 2
0 0.265 0.305 0.01097810578 2
0 0.265 0.315 0.011485782 2
0 0.265 0.325 0.01188596307 2
0 0.265 0.335 0.01217562043 2
0 0.265 0.345 0.01235238329 2
0 0.265 0.355 0.01241436817 2
0 0.265 0.365 0.01236008366 2
0 0.265 0.375 0.01218844025 2
0 0.265 0.385 0.01189886146 2
0 0.265 0.395 0.01149146127 2
0 0.265 0.405 0.01096722663 2
0 0.265 0.415 0.0103281619 2
0 0.265 0.425 0.009577364431 2
0 0.265 0.435 0.008719064157 2
0 0.265 0.445 0.007758501606 2
0 0.265 0.455 0.006702269189 2
0 0.265 0.465 0.005556437309 2
0 0.265 0.475 0.004334466903 2
0 0.265 0.485 0.00302132038 2
0 0.265 0.495 0.001733922659 2
0 0.265 0.505 0 2
0 0.265 0.515 0 2
0 0.265 0.525 0 2
0 0.265 0.535 0 2
0 0.265 0.545 0 2
0 0.265 0.555 0 2
0 0.265 0.565 0 2
0 0.275 -0.555 0 2
0 0.275 -0.545 0 2
0 0.275 -0.535 0 2
0 0.275 -0.525 0 2
0 0.275 -0.515 0 2
0 0.275 -0.505 0 2
0 0.275 -0.495 0.001688940484 2
0 0.275 -0.485 0.002938985272 2
0 0.275 -0.475 0.004212434696 2
0 0.275 -0.465 0.005396929221 2
0 0.275 -0.455 0.006507653112 2
0 0.275 -0.445 0.00753148383 2
0 0.275 -0.435 0.008461774815 2
0 0.275 -0.425 0.009289690332 2
0 0.275 -0.415 0.01000631904 2
0 0.275 -0.405 0.01060178418 2
0 0.275 -0.395 0.01107154382 2
0 0.275 -0.385 0.01142706276 2
0 0.275 -0.375 0.01167990734 2
0 0.275 -0.365 0.01183997618 2
0 0.275 -0.355 0.01191044609 2
0 0.275 -0.345 0.01189156791 2
0 0.275 -0.335 0.01177387427 2
0 0.275 -0.325 0.01155180846 2
0 0.275 -0.315 0.01121838077 2
0 0.275 -0.305 0.01077076353 2
0 0.275 -0.295 0.01020923824 2
0 0.275 -0.285 0.009537290141 2
0 0.275 -0.275 0.008760464764 2
0 0.275 -0.265 0.007885796768 2
0 0.275 -0.255 0.006921336484 2
0 0.275 -0.245 0.005875888932 2
0 0.275 -0.235 0.004758836891 2
0 0.275 -0.225 0.003580026911 2
0 0.275 -0.215 0.002349679436 2
0 0.275 -0.205 0.001078311231 2
0 0.275 -0.195 -0.0002233388025 2
0 0.275 -0.185 -0.001544383748 2
0 0.275 -0.175 -0.002873863498 2
0 0.275 -0.165 -0.004200820372 2
0 0.275 -0.155 -0.005514375005 2
0 0.275 -0.145 -0.006803802083 2
0 0.275 -0.135 -0.008058605494 2
0 0.275 -0.125 -0.009268592584 2
0 0.275 -0.115 -0.01042394728 2
0 0.275 -0.105 -0.0115153019 2
0 0.275 -0.095 -0.01253380745 2
0 0.275 -0.085 -0.01347120225 2
0 0.275 -0.075 -0.01431987868 2
0 0.275 -0.065 -0.01507294771 2
0 0.275 -0.055 -0.0157243008 2
0 0.275 -0.045 -0.01626866851 2
0 0.275 -0.035 -0.01670167498 2
0 0.275 -0.025 -0.0170198869 2
0 0.275 -0.015 -0.01722085545 2
0 0.275 -0.005 -0.01730314892 2
0 0.275 0.005 -0.01726637375 2
0 0.275 0.015 -0.01711118145 2
0 0.275 0.025 -0.01683925924 2
0 0.275 0.035 -0.01645330341 2
0 0.275 0.045 -0.01595697581 2
0 0.275 0.055 -0.0153548461 2
0 0.275 0.065 -0.01465232451 2
0 0.275 0.075 -0.01385559092 2
0 0.275 0.085 -0.01297152579 2
0 0.275 0.095 -0.01200764525 2
0 0.275 0.105 -0.01097203743 2
0 0.275 0.115 -0.009873291566 2
0 0.275 0.125 -0.008720407288 2
0 0.275 0.135 -0.007522673752 2
0 0.275 0.145 -0.006289516975 2
0 0.275 0.155 -0.005030328672 2
0 0.275 0.165 -0.003754301559 2
0 0.275 0.175 -0.002470307851 2
0 0.275 0.185 -0.001186847715 2
0 0.275 0.195 8.789748021e-05 2
0 0.275 0.205 0.001345899715 2
0 0.275 0.215 0.002579042207 2
0 0.275 0.225 0.00377890225 2
0 0.275 0.235 0.004936662821 2
0 0.275 0.245 0.006043185954 2
0 0.275 0.255 0.007089229209 2
0 0.275 0.265 0.008065726362 2
0 0.275 0.275 0.00896407249 2
0 0.275 0.285 0.009776355324 2
0 0.275 0.295 0.01049551645 2
0 0.275 0.305 0.01111543424 2
0 0.275 0.315 0.01163093734 2
0 0.275 0.325 0.01203775811 2
0 0.275 0.335 0.01233244346 2
0 0.275 0.345 0.01251224697 2
0 0.275 0.355 0.01257503395 2
0 0.275 0.365 0.01251923142 2
0 0.275 0.375 0.01234384073 2
0 0.275 0.385 0.01204851075 2
0 0.275 0.395 0.01163365123 2
0 0.275 0.405 0.01110055268 2
0 0.275 0.415 0.01045148613 2
0 0.275 0.425 0.009689758203 2
0 0.275 0.435 0.008819749607 2
0 0.275 0.445 0.007846803108 2
0 0.275 0.455 0.006777582477 2
0 0.275 0.465 0.005618197107 2
0 0.275 0.475 0.004382200256 2
0 0.275 0.485 0.003054352905 2
0 0.275 0.495 0.001752736515 2
0 0.275 0.505 0 2
0 0.275 0.515 0 2
0 0.275 0.525 0 2
0 0.275 0.535 0 2
0 0.275 0.545 0 2
0 0.275 0.555 0 2
0 0.275 0.565 0 2
0 0.285 -0.555 0 2
0 0.285 -0.545 0 2
0 0.285 -0.535 0 2
0 0.285 -0.525 0 2
0 0.285 -0.515 0 2
0 0.285 -0.505 0 2
0 0.285 -0.495 0.001706980927 2
0 0.285 -0.485 0.002971039755 2
0 0.285 -0.475 0.004259290731 2
0 0.285 -0.465 0.005458178225 2
0 0.285 -0.455 0.006582905528 2
0 0.285 -0.445 0.00762006183 2
0 0.285 -0.435 0.008562674902 2
0 0.285 -0.425 0.009402231788 2
0 0.285 -0.415 0.01013090157 2
0 0.285 -0.405 0.01074202376 2
0 0.285 -0.395 0.01123319721 2
0 0.285 -0.385 0.01160974061 2
0 0.285 -0.375 0.01187874244 2
0 0.285 -0.365 0.01204668951 2
0 0.285 -0.355 0.01211625431 2
0 0.285 -0.345 0.01208714459 2
0 0.285 -0.335 0.01195445318 2
0 0.285 -0.325 0.01171403408 2
0 0.285 -0.315 0.01136188939 2
0 0.285 -0.305 0.01089654045 2
0 0.285 -0.295 0.01031884189 2
0 0.285 -0.285 0.009632056911 2
0 0.285 -0.275 0.008841310224 2
0 0.285 -0.265 0.007953234751 2
0 0.285 -0.255 0.006975579424 2
0 0.285 -0.245 0.005916948091 2
0 0.285 -0.235 0.004786609924 2
0 0.285 -0.225 0.00359436308 2
0 0.285 -0.215 0.002350425755 2
0 0.285 -0.205 0.001065343282 2
0 0.285 -0.195 -0.0002500971864 2
0 0.285 -0.185 -0.001584948348 2
0 0.285 -0.175 -0.002928182729 2
0 0.285 -0.165 -0.004268771706 2
0 0.285 -0.155 -0.005595763705 2
0 0.285 -0.145 -0.006898361499 2
0 0.285 -0.135 -0.008165998471 2
0 0.285 -0.125 -0.009388413711 2
0 0.285 -0.115 -0.01055572581 2
0 0.285 -0.105 -0.01165850524 2
0 0.285 -0.095 -0.01268784513 2
0 0.285 -0.085 -0.01363543029 2
0 0.285 -0.075 -0.01449360405 2
0 0.285 -0.065 -0.01525543266 2
0 0.285 -0.055 -0.01591476655 2
0 0.285 -0.045 -0.01646629773 2
0 0.285 -0.035 -0.01690561242 2
0 0.285 -0.025 -0.01722923758 2
0 0.285 -0.015 -0.01743467989 2
0 0.285 -0.005 -0.01752045544 2
0 0.285 0.005 -0.0174861083 2
0 0.285 0.015 -0.01733221625 2
0 0.285 0.025 -0.01706038232 2
0 0.285 0.035 -0.01667321171 2
0 0.285 0.045 -0.0161742748 2
0 0.285 0.055 -0.01556805805 2
0 0.285 0.065 -0.01485990617 2
0 0.285 0.075 -0.01405595889 2
0 0.285 0.085 -0.01316308544 2
0 0.285 0.095 -0.0121888174 2
0 0.285 0.105 -0.01114127772 2
0 0.285 0.115 -0.01002910081 2
0 0.285 0.125 -0.008861336989 2
0 0.285 0.135 -0.007647337184 2
0 0.285 0.145 -0.006396619044 2
0 0.285 0.155 -0.005118724931 2
0 0.285 0.165 -0.003823089424 2
0 0.285 0.175 -0.002518939785 2
0 0.285 0.185 -0.001215249042 2
0 0.285 0.195 7.924168655e-05 2
0 0.285 0.205 0.001355933231 2
0 0.285 0.215 0.002606237697 2
0 0.285 0.225 0.00382146204 2
0 0.285 0.235 0.004992761133 2
0 0.285 0.245 0.006111184266 2
0 0.285 0.255 0.0071678084 2
0 0.285 0.265 0.008153921207 2
0 0.285 0.275 0.009061216824 2
0 0.285 0.285 0.009881969051 2
0 0.285 0.295 0.01060916429 2
0 0.285 0.305 0.01123658518 2
0 0.285 0.315 0.01175884644 2
0 0.285 0.325 0.01217138874 2
0 0.285 0.335 0.01247044251 2
0 0.285 0.345 0.01265297814 2
0 0.285 0.355 0.01271666246 2
0 0.285 0.365 0.01265984031 2
0 0.285 0.375 0.01248155176 2
0 0.285 0.385 0.01218158403 2
0 0.285 0.395 0.01176054662 2
0 0.285 0.405 0.01121995038 2
0 0.285 0.415 0.01056227466 2
0 0.285 0.425 0.009791003305 2
0 0.285 0.435 0.008910656759 2
0 0.285 0.445 0.007926682237 2
0 0.285 0.455 0.006845822599 2
0 0.285 0.465 0.005674235989 2
0 0.285 0.475 0.004425568451 2
0 0.285 0.485 0.003084404087 2
0 0.285 0.495 0.001769874961 2
0 0.285 0.505 0 2
0 0.285 0.515 0 2
0 0.285 0.525 0 2
0 0.285 0.535 0 2
0 0.285 0.545 0 2
0 0.285 0.555 0 2
0 0.285 0.565 0 2
0 0.295 -0.555 0 2
0 0.295 -0.545 0 2
0 0.295 -0.535 0 2
0 0.295 -0.525 0 2
0 0.295 -0.515 0 2
0 0.295 -0.505 0 2
0 0.295 -0.495 0.001721464786 2
0 0.295 -0.485 0.002997074101 2
0 0.295 -0.475 0.004297884933 2
0 0.295 -0.465 0.005509418248 2
0 0.295 -0.455 0.00664681838 2
0 0.295 -0.445 0.007696393208 2
0 0.295 -0.435 0.008650986175 2
0 0.295 -0.425 0.009502422711 2
0 0.295 -0.415 0.01024380658 2
0 0.295 -0.405 0.01086998667 2
0 0.295 -0.395 0.01137893523 2
0 0.295 -0.385 0.01177268136 2
0 0.295 -0.375 0.01205495415 2
0 0.295 -0.365 0.0122294767 2
0 0.295 -0.355 0.01229816771 2
0 0.295 -0.345 0.01226102687 2
0 0.295 -0.335 0.01211583025 2
0 0.295 -0.325 0.0118601975 2
0 0.295 -0.315 0.01149211251 2
0 0.295 -0.305 0.01101113923 2
0 0.295 -0.295 0.0104186521 2
0 0.295 -0.285 0.009717958026 2
0 0.295 -0.275 0.008914042003 2
0 0.295 -0.265 0.008013304792 2
0 0.295 -0.255 0.00702327913 2
0 0.295 -0.245 0.005952405803 2
0 0.295 -0.235 0.004809849496 2
0 0.295 -0.225 0.003605353809 2
0 0.295 -0.215 0.002349120955 2
0 0.295 -0.205 0.001051707822 2
0 0.295 -0.195 -0.000276068349 2
0 0.295 -0.185 -0.001623218419 2
0 0.295 -0.175 -0.002978666168 2
0 0.295 -0.165 -0.004331330601 2
0 0.295 -0.155 -0.005670206284 2
0 0.295 -0.145 -0.006984441975 2
0 0.295 -0.135 -0.008263417686 2
0 0.295 -0.125 -0.009496820235 2
0 0.295 -0.115 -0.01067471734 2
0 0.295 -0.105 -0.01178763018 2
0 0.295 -0.095 -0.01282660436 2
0 0.295 -0.085 -0.01378327901 2
0 0.295 -0.075 -0.0146499536 2
0 0.295 -0.065 -0.01541965218 2
0 0.295 -0.055 -0.01608618404 2
0 0.295 -0.045 -0.01664420029 2
0 0.295 -0.035 -0.01708924517 2
0 0.295 -0.025 -0.0174178009 2
0 0.295 -0.015 -0.0176273248 2
0 0.295 -0.005 -0.01771627729 2
0 0.295 0.005 -0.01768413915 2
0 0.295 0.015 -0.01753141714 2
0 0.295 0.025 -0.01725963686 2
0 0.295 0.035 -0.01687132287 2
0 0.295 0.045 -0.01636996665 2
0 0.295 0.055 -0.01575998382 2
0 0.295 0.065 -0.01504666268 2
0 0.295 0.075 -0.01423610642 2
0 0.295 0.085 -0.01333517035 2
0 0.295 0.095 -0.01235139465 2
0 0.295 0.105 -0.01129293097 2
0 0.295 0.115 -0.01016846006 2
0 0.295 0.125 -0.008987096938 2
0 0.295 0.135 -0.007758282381 2
0 0.295 0.145 -0.006491662668 2
0 0.295 0.155 -0.005196965387 2
0 0.295 0.165 -0.003883883342 2
0 0.295 0.175 -0.002561981684 2
0 0.295 0.185 -0.001240641572 2
0 0.295 0.195 7.095058748e-05 2
0 0.295 0.205 0.001363770432 2
0 0.295 0.215 0.002628895976 2
0 0.295 0.225 0.003857450739 2
0 0.295 0.235 0.005040580177 2
0 0.295 0.245 0.006169478392 2
0 0.295 0.255 0.007235465765 2
0 0.295 0.265 0.008230102327 2
0 0.295 0.275 0.009145317327 2
0 0.295 0.285 0.00997353489 2
0 0.295 0.295 0.0107077821 2
0 0.295 0.305 0.01134177091 2
0 0.295 0.315 0.0118699512 2
0 0.295 0.325 0.01228753674 2
0 0.295 0.335 0.01259050999 2
0 0.295 0.345 0.01277561545 2
0 0.295 0.355 0.01284035333 2
0 0.295 0.365 0.01278298449 2
0 0.295 0.375 0.0126025531 2
0 0.295 0.385 0.01229892691 2
0 0.295 0.395 0.01187284886 2
0 0.295 0.405 0.01132598905 2
0 0.295 0.415 0.01066098812 2
0 0.295 0.425 0.009881476876 2
0 0.295 0.435 0.008992100118 2
0 0.295 0.445 0.007998404883 2
0 0.295 0.455 0.006907214107 2
0 0.295 0.465 0.005724739047 2
0 0.295 0.475 0.004464715856 2
0 0.295 0.485 0.003111573928 2
0 0.295 0.495 0.001785394267 2
0 0.295 0.505 0 2
0 0.295 0.515 0 2
0 0.295 0.525 0 2
0 0.295 0.535 0 2
0 0.295 0.545 0 2
0 0.295 0.555 0 2
0 0.295 0.565 0 2
0 0.305 -0.555 0 2
0 0.305 -0.545 0 2
0 0.305 -0.535 0 2
0 0.305 -0.525 0 2
0 0.305 -0.515 0 2
0 0.305 -0.505 0 2
0 0.305 -0.495 0.00173223106 2
0 0.305 -0.485 0.003016934414 2
0 0.305 -0.475 0.004328195268 2
0 0.305 -0.465 0.005550882136 2
0 0.305 -0.455 0.006699948746 2
0 0.305 -0.445 0.00776135429 2
0 0.305 -0.435 0.008727762649 2
0 0.305 -0.425 0.009591150451 2
0 0.305 -0.415 0.01034504183 2
0 0.305 -0.405 0.01098472173 2
0 0.305 -0.395 0.01150788452 2
0 0.305 -0.385 0.01191478484 2
0 0.305 -0.375 0.01220711295 2
0 0.305 -0.365 0.01238687688 2
0 0.305 -0.355 0.01245531985 2
0 0.305 -0.345 0.01241263051 2
0 0.305 -0.335 0.01225792375 2
0 0.305 -0.325 0.01199016527 2
0 0.305 -0.315 0.01160873678 2
0 0.305 -0.305 0.01111415895 2
0 0.305 -0.295 0.01050838645 2
0 0.305 -0.285 0.009794940321 2
0 0.305 -0.275 0.008978809892 2
0 0.305 -0.265 0.008066292608 2
0 0.305 -0.255 0.007064794295 2
0 0.305 -0.245 0.00598264339 2
0 0.305 -0.235 0.004828923323 2
0 0.305 -0.225 0.003613329175 2
0 0.305 -0.215 0.002346042893 2
0 0.305 -0.205 0.001037622686 2
0 0.305 -0.195 -0.0003010977684 2
0 0.305 -0.185 -0.001659103162 2
0 0.305 -0.175 -0.003025285419 2
0 0.305 -0.165 -0.004388528765 2
0 0.305 -0.155 -0.005737791761 2
0 0.305 -0.145 -0.007062186824 2
0 0.305 -0.135 -0.00835105761 2
0 0.305 -0.125 -0.009594054571 2
0 0.305 -0.115 -0.01078120887 2
0 0.305 -0.105 -0.01190300479 2
0 0.305 -0.095 -0.01295045049 2
0 0.305 -0.085 -0.01391514706 2
0 0.305 -0.075 -0.01478935525 2
0 0.305 -0.065 -0.01556605945 2
0 0.305 -0.055 -0.0162390282 2
0 0.305 -0.045 -0.01680287014 2
0 0.305 -0.035 -0.01725308459 2
0 0.305 -0.025 -0.01758610547 2
0 0.305 -0.015 -0.01779933744 2
0 0.305 -0.005 -0.01789118299 2
0 0.305 0.005 -0.0178610594 2
0 0.305 0.015 -0.01770940476 2
0 0.305 0.025 -0.01743767229 2
0 0.305 0.035 -0.0170483133 2
0 0.305 0.045 -0.01654474888 2
0 0.305 0.055 -0.01593133188 2
0 0.305 0.065 -0.01521330015 2
0 0.305 0.075 -0.01439672279 2
0 0.305 0.085 -0.01348844033 2
0 0.305 0.095 -0.01249599889 2
0 0.305 0.105 -0.01142757757 2
0 0.305 0.115 -0.01029190745 2
0 0.305 0.125 -0.009098180481 2
0 0.305 0.135 -0.007855947791 2
0 0.305 0.145 -0.006575009312 2
0 0.305 0.155 -0.005265299557 2
0 0.305 0.165 -0.003936777429 2
0 0.305 0.175 -0.002599329722 2
0 0.305 0.185 -0.001262697623 2
0 0.305 0.195 6.35670048e-05 2
0 0.305 0.205 0.001370114629 2
0 0.305 0.215 0.002647787256 2
0 0.305 0.225 0.003887598143 2
0 0.305 0.235 0.005080718786 2
0 0.305 0.245 0.006218486117 2
0 0.305 0.255 0.007292436151 2
0 0.305 0.265 0.008294362512 2
0 0.305 0.275 0.009216393696 2
0 0.305 0.285 0.01005108007 2
0 0.305 0.295 0.01079148179 2
0 0.305 0.305 0.01143124978 2
0 0.305 0.315 0.01196469407 2
0 0.305 0.325 0.01238683686 2
0 0.305 0.335 0.01269345074 2
0 0.305 0.345 0.01288108598 2
0 0.305 0.355 0.01294709263 2
0 0.305 0.365 0.01288964365 2
0 0.305 0.375 0.01270776313 2
0 0.305 0.385 0.01240136009 2
0 0.305 0.395 0.01197126496 2
0 0.305 0.405 0.01141926292 2
0 0.305 0.415 0.01074811947 2
0 0.305 0.425 0.009961586391 2
0 0.305 0.435 0.009064416975 2
0 0.305 0.445 0.008062250241 2
0 0.305 0.455 0.006961986097 2
0 0.305 0.465 0.005769889475 2
0 0.305 0.475 0.004499781448 2
0 0.305 0.485 0.003135956588 2
0 0.305 0.495 0.001799346552 2
0 0.305 0.505 0 2
0 0.305 0.515 0 2
0 0.305 0.525 0 2
0 0.305 0.535 0 2
0 0.305 0.545 0 2
0 0.305 0.555 0 2
0 0.305 0.565 0 2
0 0.315 -0.555 0 2
0 0.315 -0.545 0 2
0 0.315 -0.535 0 2
0 0.315 -0.525 0 2
0 0.315 -0.515 0 2
0 0.315 -0.505 0 2
0 0.315 -0.495 0.001738893734 2
0 0.315 -0.485 0.003030188194 2
0 0.315 -0.475 0.004349950471 2
0 0.315 -0.465 0.005582637141 2
0 0.315 -0.455 0.006742725111 2
0 0.315 -0.445 0.007815641988 2
0 0.315 -0.435 0.008793681674 2
0 0.315 -0.425 0.009668738829 2
0 0.315 -0.415 0.01043442951 2
0 0.315 -0.405 0.01108607179 2
0 0.315 -0.395 0.01162096488 2
0 0.315 -0.385 0.01203827852 2
0 0.315 -0.375 0.01233841389 2
0 0.315 -0.365 0.01252227837 2
0 0.315 -0.355 0.01259061957 2
0 0.315 -0.345 0.01254375664 2
0 0.315 -0.335 0.01238159014 2
0 0.315 -0.325 0.01210404829 2
0 0.315 -0.315 0.01171151084 2
0 0.315 -0.305 0.01120527134 2
0 0.315 -0.295 0.01058780521 2
0 0.315 -0.285 0.00986290347 2
0 0.315 -0.275 0.009035655087 2
0 0.315 -0.265 0.008112352886 2
0 0.315 -0.255 0.007100352584 2
0 0.315 -0.245 0.006007922168 2
0 0.315 -0.235 0.004844094373 2
0 0.315 -0.225 0.003618530451 2
0 0.315 -0.215 0.002341395651 2
0 0.315 -0.205 0.001023245551 2
0 0.315 -0.195 -0.000325078767 2
0 0.315 -0.185 -0.001692548342 2
0 0.315 -0.175 -0.003068038148 2
0 0.315 -0.165 -0.004440414111 2
0 0.315 -0.155 -0.005798616132 2
0 0.315 -0.145 -0.007131737823 2
0 0.315 -0.135 -0.008429103567 2
0 0.315 -0.125 -0.009680343447 2
0 0.315 -0.115 -0.01087546647 2
0 0.315 -0.105 -0.01200493234 2
0 0.315 -0.095 -0.0130597218 2
0 0.315 -0.085 -0.01403140539 2
0 0.315 -0.075 -0.0149122101 2
0 0.315 -0.065 -0.01569508337 2
0 0.315 -0.055 -0.01637375351 2
0 0.315 -0.045 -0.01694278561 2
0 0.315 -0.035 -0.01739763191 2
0 0.315 -0.025 -0.01773467537 2
0 0.315 -0.015 -0.01795126554 2
0 0.315 -0.005 -0.01804574549 2
0 0.315 0.005 -0.01801746901 2
0 0.315 0.015 -0.0178668073 2
0 0.315 0.025 -0.01759514499 2
0 0.315 0.035 -0.01720486521 2
0 0.315 0.045 -0.01669932452 2
0 0.315 0.055 -0.0160828183 2
0 0.315 0.065 -0.01536053776 2
0 0.315 0.075 -0.01453851958 2
0 0.315 0.085 -0.0136235891 2
0 0.315 0.095 -0.01262329708 2
0 0.315 0.105 -0.01154584997 2
0 0.315 0.115 -0.01040003256 2
0 0.315 0.125 -0.009195122254 2
0 0.315 0.135 -0.007940794369 2
0 0.315 0.145 -0.006647019225 2
0 0.315 0.155 -0.005323953215 2
0 0.315 0.165 -0.003981828005 2
0 0.315 0.175 -0.002630843663 2
0 0.315 0.185 -0.001281072659 2
0 0.315 0.195 5.761800018e-05 2
0 0.315 0.205 0.001375620637 2
0 0.315 0.215 0.002663614371 2
0 0.315 0.225 0.003912568819 2
0 0.315 0.235 0.005113731911 2
0 0.315 0.245 0.006258613218 2
0 0.315 0.255 0.007338974993 2
0 0.315 0.265 0.008346840626 2
0 0.315 0.275 0.009274525989 2
0 0.315 0.285 0.01011469386 2
0 0.315 0.295 0.01086042683 2
0 0.315 0.305 0.01150531076 2
0 0.315 0.315 0.01204351981 2
0 0.315 0.325 0.0124698954 2
0 0.315 0.335 0.01278001431 2
0 0.315 0.345 0.01297024461 2
0 0.315 0.355 0.01303779089 2
0 0.315 0.365 0.0129807321 2
0 0.315 0.375 0.01279805455 2
0 0.315 0.385 0.01248968172 2
0 0.315 0.395 0.01205650018 2
0 0.315 0.405 0.01150037901 2
0 0.315 0.415 0.0108241816 2
0 0.315 0.425 0.0100317599 2
0 0.315 0.435 0.009127961448 2
0 0.315 0.445 0.008118508514 2
0 0.315 0.455 0.007010372766 2
0 0.315 0.465 0.005809870921 2
0 0.315 0.475 0.00453090194 2
0 0.315 0.485 0.003157643356 2
0 0.315 0.495 0.001811781898 2
0 0.315 0.505 0 2
0 0.315 0.515 0 2
0 0.315 0.525 0 2
0 0.315 0.535 0 2
0 0.315 0.545 0 2
0 0.315 0.555 0 2
0 0.315 0.565 0 2
0 0.325 -0.555 0 2
0 0.325 -0.545 0 2
0 0.325 -0.535 0 2
0 0.325 -0.525 0 2
0 0.325 -0.515 0 2
0 0.325 -0.505 0 2
0 0.325 -0.495 0.001740691701 2
0 0.325 -0.485 0.003035987493 2
0 0.325 -0.475 0.004362545704 2
0 0.325 -0.465 0.005604568543 2
0 0.325 -0.455 0.006775487486 2
0 0.325 -0.445 0.007859874466 2
0 0.325 -0.435 0.008849388817 2
0 0.325 -0.425 0.009735654133 2
0 0.325 -0.415 0.0105121933 2
0 0.325 -0.405 0.01117422244 2
0 0.325 -0.395 0.0117187187 2
0 0.325 -0.385 0.01214420645 2
0 0.325 -0.375 0.01245031829 2
0 0.325 -0.365 0.01263729899 2
0 0.325 -0.355 0.01270557145 2
0 0.325 -0.345 0.01265552747 2
0 0.325 -0.335 0.01248752962 2
0 0.325 -0.325 0.01220215052 2
0 0.325 -0.315 0.01180046664 2
0 0.325 -0.305 0.01128436897 2
0 0.325 -0.295 0.01065677931 2
0 0.325 -0.285 0.009921770513 2
0 0.325 -0.275 0.009084582509 2
0 0.325 -0.265 0.008151568234 2
0 0.325 -0.255 0.007130092651 2
0 0.325 -0.245 0.006028410429 2
0 0.325 -0.235 0.00485553627 2
0 0.325 -0.225 0.003621117296 2
0 0.325 -0.215 0.002335311299 2
0 0.325 -0.205 0.001008672407 2
0 0.325 -0.195 -0.0003479558294 2
0 0.325 -0.185 -0.001723540369 2
0 0.325 -0.175 -0.003106952275 2
0 0.325 -0.165 -0.004487054669 2
0 0.325 -0.155 -0.005852785818 2
0 0.325 -0.145 -0.007193238178 2
0 0.325 -0.135 -0.008497734258 2
0 0.325 -0.125 -0.009755900137 2
0 0.325 -0.115 -0.01095773732 2
0 0.325 -0.105 -0.0120936934 2
0 0.325 -0.095 -0.01315473165 2
0 0.325 -0.085 -0.01413239939 2
0 0.325 -0.075 -0.01501889467 2
0 0.325 -0.065 -0.01580713048 2
0 0.325 -0.055 -0.01649079547 2
0 0.325 -0.045 -0.01706441028 2
0 0.325 -0.035 -0.01752337817 2
0 0.325 -0.025 -0.01786402898 2
0 0.325 -0.015 -0.01808365515 2
0 0.325 -0.005 -0.01818053914 2
0 0.325 0.005 -0.01815397118 2
0 0.325 0.015 -0.01800425701 2
0 0.325 0.025 -0.01773271523 2
0 0.325 0.035 -0.01734166451 2
0 0.325 0.045 -0.01683440083 2
0 0.325 0.055 -0.01621516565 2
0 0.325 0.065 -0.01548910591 2
0 0.325 0.075 -0.01466222662 2
0 0.325 0.085 -0.01374133703 2
0 0.325 0.095 -0.01273399084 2
0 0.325 0.105 -0.01164842038 2
0 0.325 0.115 -0.0104934646 2
0 0.325 0.125 -0.00927848994 2
0 0.325 0.135 -0.008013303317 2
0 0.325 0.145 -0.006708056106 2
0 0.325 0.155 -0.005373138658 2
0 0.325 0.165 -0.004019065638 2
0 0.325 0.175 -0.002656354398 2
0 0.325 0.185 -0.001295401542 2
0 0.325 0.195 5.363336031e-05 2
0 0.325 0.205 0.001380924444 2
0 0.325 0.215 0.002677043533 2
0 0.325 0.225 0.003932982117 2
0 0.325 0.235 0.005140131619 2
0 0.325 0.245 0.006290233882 2
0 0.325 0.255 0.007375322522 2
0 0.325 0.265 0.00838767745 2
0 0.325 0.275 0.00931981033 2
0 0.325 0.285 0.01016448996 2
0 0.325 0.295 0.01091480595 2
0 0.325 0.305 0.01156426102 2
0 0.325 0.315 0.01210687768 2
0 0.325 0.325 0.01253730587 2
0 0.325 0.335 0.01285092068 2
0 0.325 0.345 0.01304390461 2
0 0.325 0.355 0.01311331271 2
0 0.325 0.365 0.013057122 2
0 0.325 0.375 0.01287426812 2
0 0.325 0.385 0.01256467139 2
0 0.325 0.395 0.01212925408 2
0 0.325 0.405 0.0115699485 2
0 0.325 0.415 0.01088969713 2
0 0.325 0.425 0.01009243672 2
0 0.325 0.435 0.009183097355 2
0 0.325 0.445 0.008167476381 2
0 0.325 0.455 0.00705261123 2
0 0.325 0.465 0.005844867076 2
0 0.325 0.475 0.004558212432 2
0 0.325 0.485 0.003176723682 2
0 0.325 0.495 0.001822749214 2
0 0.325 0.505 0 2
0 0.325 0.515 0 2
0 0.325 0.525 0 2
0 0.325 0.535 0 2
0 0.325 0.545 0 2
0 0.325 0.555 0 2
0 0.325 0.565 0 2
0 0.335 -0.555 0 2
0 0.335 -0.545 0 2
0 0.335 -0.535 0 2
0 0.335 -0.525 0 2
0 0.335 -0.515 0 2
0 0.335 -0.505 0 2
0 0.335 -0.495 0.001736077369 2
0 0.335 -0.485 0.003032801815 2
0 0.335 -0.475 0.004364986843 2
0 0.335 -0.465 0.005616517586 2
0 0.335 -0.455 0.006798641486 2
0 0.335 -0.445 0.007894765844 2
0 0.335 -0.435 0.00889564747 2
0 0.335 -0.425 0.009792542665 2
0 0.335 -0.415 0.0105788565 2
0 0.335 -0.405 0.01124973832 2
0 0.335 -0.395 0.01180199418 2
0 0.335 -0.385 0.01223381359 2
0 0.335 -0.375 0.0125444118 2
0 0.335 -0.365 0.01273366212 2
0 0.335 -0.355 0.01280179464 2
0 0.335 -0.345 0.01274924333 2
0 0.335 -0.335 0.01257664699 2
0 0.335 -0.325 0.01228499673 2
0 0.335 -0.315 0.01187584383 2
0 0.335 -0.305 0.01135151984 2
0 0.335 -0.295 0.01071530593 2
0 0.335 -0.285 0.009971534148 2
0 0.335 -0.275 0.009125613623 2
0 0.335 -0.265 0.008183996823 2
0 0.335 -0.255 0.007154102216 2
0 0.335 -0.245 0.006044211142 2
0 0.335 -0.235 0.004863351661 2
0 0.335 -0.225 0.003621178612 2
0 0.335 -0.215 0.002327855168 2
0 0.335 -0.205 0.0009939389863 2
0 0.335 -0.195 -0.0003697255903 2
0 0.335 -0.185 -0.001752108612 2
0 0.335 -0.175 -0.003142088811 2
0 0.335 -0.165 -0.00452854142 2
0 0.335 -0.155 -0.005900420193 2
0 0.335 -0.145 -0.007246834613 2
0 0.335 -0.135 -0.008557123448 2
0 0.335 -0.125 -0.009820925839 2
0 0.335 -0.115 -0.01102825097 2
0 0.335 -0.105 -0.01216954702 2
0 0.335 -0.095 -0.01323576972 2
0 0.335 -0.085 -0.01421845029 2
0 0.335 -0.075 -0.01510976228 2
0 0.335 -0.065 -0.01590258631 2
0 0.335 -0.055 -0.01659057165 2
0 0.335 -0.045 -0.01716819338 2
0 0.335 -0.035 -0.01763080392 2
0 0.335 -0.025 -0.01797467781 2
0 0.335 -0.015 -0.01819704857 2
0 0.335 -0.005 -0.01829613684 2
0 0.335 0.005 -0.01827116911 2
0 0.335 0.015 -0.01812238654 2
0 0.335 0.025 -0.01785104372 2
0 0.335 0.035 -0.01745939746 2
0 0.335 0.045 -0.01695068602 2
0 0.335 0.055 -0.01632909941 2
0 0.335 0.065 -0.01559974164 2
0 0.335 0.075 -0.01476858591 2
0 0.335 0.085 -0.01384242357 2
0 0.335 0.095 -0.01282880788 2
0 0.335 0.105 -0.01173599287 2
0 0.335 0.115 -0.01057286757 2
0 0.335 0.125 -0.009348884925 2
0 0.335 0.135 -0.008073983814 2
0 0.335 0.145 -0.006758501577 2
0 0.335 0.155 -0.005413073053 2
0 0.335 0.165 -0.004048512091 2
0 0.335 0.175 -0.002675672972 2
0 0.335 0.185 -0.001305294211 2
0 0.335 0.195 5.216471594e-05 2
0 0.335 0.205 0.001386672682 2
0 0.335 0.215 0.002688734873 2
0 0.335 0.225 0.003949433467 2
0 0.335 0.235 0.005160391874 2
0 0.335 0.245 0.00631367719 2
0 0.335 0.255 0.007401675499 2
0 0.335 0.265 0.008416979661 2
0 0.335 0.275 0.00935232291 2
0 0.335 0.285 0.01020057703 2
0 0.335 0.295 0.01095481449 2
0 0.335 0.305 0.01160841992 2
0 0.335 0.315 0.01215522795 2
0 0.335 0.325 0.01258966598 2
0 0.335 0.335 0.0129068844 2
0 0.335 0.345 0.01310286476 2
0 0.335 0.355 0.01317450215 2
0 0.335 0.365 0.01311966352 2
0 0.335 0.375 0.01293722531 2
0 0.335 0.385 0.01262709479 2
0 0.335 0.395 0.01219021858 2
0 0.335 0.405 0.01162858024 2
0 0.335 0.415 0.01094518982 2
0 0.335 0.425 0.01014405854 2
0 0.335 0.435 0.009230190441 2
0 0.335 0.445 0.008209450981 2
0 0.335 0.455 0.007088937371 2
0 0.335 0.465 0.005875059138 2
0 0.335 0.475 0.00458184509 2
0 0.335 0.485 0.003193284603 2
0 0.335 0.495 0.001832296041 2
0 0.335 0.505 0 2
0 0.335 0.515 0 2
0 0.335 0.525 0 2
0 0.335 0.535 0 2
0 0.335 0.545 0 2
0 0.335 0.555 0 2
0 0.335 0.565 0 2
0 0.345 -0.555 0 2
0 0.345 -0.545 0 2
0 0.345 -0.535 0 2
0 0.345 -0.525 0 2
0 0.345 -0.515 0 2
0 0.345 -0.505 0 2
0 0.345 -0.495 0.001722373195 2
0 0.345 -0.485 0.003018195798 2
0 0.345 -0.475 0.004355965714 2
0 0.345 -0.465 0.005618467955 2
0 0.345 -0.455 0.006813000573 2
0 0.345 -0.445 0.007921358431 2
0 0.345 -0.435 0.008933485123 2
0 0.345 -0.425 0.009840292465 2
0 0.345 -0.415 0.01063516483 2
0 0.345 -0.405 0.01131332802 2
0 0.345 -0.395 0.0118716074 2
0 0.345 -0.385 0.0123081106 2
0 0.345 -0.375 0.01262189376 2
0 0.345 -0.365 0.01281266117 2
0 0.345 -0.355 0.01288054295 2
0 0.345 -0.345 0.01282599041 2
0 0.345 -0.335 0.01264979121 2
0 0.345 -0.325 0.01235318455 2
0 0.345 -0.315 0.01193802457 2
0 0.345 -0.305 0.01140694933 2
0 0.345 -0.295 0.01076351504 2
0 0.345 -0.285 0.01001227758 2
0 0.345 -0.275 0.009158815832 2
0 0.345 -0.265 0.008209704397 2
0 0.345 -0.255 0.007172447289 2
0 0.345 -0.245 0.006055385528 2
0 0.345 -0.235 0.00486758942 2
0 0.345 -0.225 0.00361874384 2
0 0.345 -0.215 0.002319032284 2
0 0.345 -0.205 0.0009790235273 2
0 0.345 -0.195 -0.0003904365702 2
0 0.345 -0.185 -0.001778326606 2
0 0.345 -0.175 -0.00317354373 2
0 0.345 -0.165 -0.004564990227 2
0 0.345 -0.155 -0.0059416532 2
0 0.345 -0.145 -0.007292678525 2
0 0.345 -0.135 -0.008607440671 2
0 0.345 -0.125 -0.009875610072 2
0 0.345 -0.115 -0.01108721958 2
0 0.345 -0.105 -0.01223273106 2
0 0.345 -0.095 -0.01330310254 2
0 0.345 -0.085 -0.01428985584 2
0 0.345 -0.075 -0.01518514382 2
0 0.345 -0.065 -0.01598181614 2
0 0.345 -0.055 -0.01667348227 2
0 0.345 -0.045 -0.01725457007 2
0 0.345 -0.035 -0.01772037887 2
0 0.345 -0.025 -0.01806712554 2
0 0.345 -0.015 -0.01829198261 2
0 0.345 -0.005 -0.01839310759 2
0 0.345 0.005 -0.01836966281 2
0 0.345 0.015 -0.01822182546 2
0 0.345 0.025 -0.01795078759 2
0 0.345 0.035 -0.01755874628 2
0 0.345 0.045 -0.01704888434 2
0 0.345 0.055 -0.01642534219 2
0 0.345 0.065 -0.01569318181 2
0 0.345 0.075 -0.01485834378 2
0 0.345 0.085 -0.01392759869 2
0 0.345 0.095 -0.01290849403 2
0 0.345 0.105 -0.01180929783 2
0 0.345 0.115 -0.01063893964 2
0 0.345 0.125 -0.009406948729 2
0 0.345 0.135 -0.008123387656 2
0 0.345 0.145 -0.006798776987 2
0 0.345 0.155 -0.005444003558 2
0 0.345 0.165 -0.004070202391 2
0 0.345 0.175 -0.002688602265 2
0 0.345 0.185 -0.001310331523 2
0 0.345 0.195 5.380610024e-05 2
0 0.345 0.205 0.001393553829 2
0 0.345 0.215 0.002699374023 2
0 0.345 0.225 0.00396251581 2
0 0.345 0.235 0.005174953146 2
0 0.345 0.245 0.006329214067 2
0 0.345 0.255 0.007418160981 2
0 0.345 0.265 0.008434788019 2
0 0.345 0.275 0.009372090442 2
0 0.345 0.285 0.01022303738 2
0 0.345 0.295 0.01098064442 2
0 0.345 0.305 0.0116381209 2
0 0.345 0.315 0.01218905395 2
0 0.345 0.325 0.01262759716 2
0 0.345 0.335 0.01294863824 2
0 0.345 0.345 0.01314793333 2
0 0.345 0.355 0.01322220413 2
0 0.345 0.365 0.01316920099 2
0 0.345 0.375 0.01298773801 2
0 0.345 0.385 0.01267770694 2
0 0.345 0.395 0.01224007558 2
0 0.345 0.405 0.01167687447 2
0 0.345 0.415 0.01099117604 2
0 0.345 0.425 0.01018706043 2
0 0.345 0.435 0.009269599972 2
0 0.345 0.445 0.008244722787 2
0 0.345 0.455 0.007119580247 2
0 0.345 0.465 0.005900621715 2
0 0.345 0.475 0.004601926326 2
0 0.345 0.485 0.003207408942 2
0 0.345 0.495 0.001840467553 2
0 0.345 0.505 0 2
0 0.345 0.515 0 2
0 0.345 0.525 0 2
0 0.345 0.535 0 2
0 0.345 0.545 0 2
0 0.345 0.555 0 2
0 0.345 0.565 0 2
0 0.355 -0.555 0 2
0 0.355 -0.545 0 2
0 0.355 -0.535 0 2
0 0.355 -0.525 0 2
0 0.355 -0.515 0 2
0 0.355 -0.505 0 2
0 0.355 -0.495 0.001691943069 2
0 0.355 -0.485 0.002990325509 2
0 0.355 -0.475 0.004334935541 2
0 0.355 -0.465 0.005610776449 2
0 0.355 -0.455 0.006819702132 2
0 0.355 -0.445 0.00794108885 2
0 0.355 -0.435 0.008964186083 2
0 0.355 -0.425 0.009879972478 2
0 0.355 -0.415 0.01068199382 2
0 0.355 -0.405 0.01136576126 2
0 0.355 -0.395 0.01192833646 2
0 0.355 -0.385 0.01236796474 2
0 0.355 -0.375 0.01268374331 2
0 0.355 -0.365 0.01287534985 2
0 0.355 -0.355 0.01294287039 2
0 0.355 -0.345 0.01288674054 2
0 0.355 -0.335 0.01270779209 2
0 0.355 -0.325 0.01240737396 2
0 0.355 -0.315 0.01198750384 2
0 0.355 -0.305 0.01145101318 2
0 0.355 -0.295 0.01080165733 2
0 0.355 -0.285 0.01004417817 2
0 0.355 -0.275 0.009184316951 2
0 0.355 -0.265 0.00822878362 2
0 0.355 -0.255 0.007185191942 2
0 0.355 -0.245 0.006061970489 2
0 0.355 -0.235 0.004868258324 2
0 0.355 -0.225 0.00361379254 2
0 0.355 -0.215 0.00230879314 2
0 0.355 -0.205 0.0009638494532 2
0 0.355 -0.195 -0.0004101887226 2
0 0.355 -0.185 -0.001802312933 2
0 0.355 -0.175 -0.003201449363 2
0 0.355 -0.165 -0.004596543135 2
0 0.355 -0.155 -0.005976634181 2
0 0.355 -0.145 -0.007330926196 2
0 0.355 -0.135 -0.008648850892 2
0 0.355 -0.125 -0.009920129995 2
0 0.355 -0.115 -0.0111348372 2
0 0.355 -0.105 -0.01228346159 2
0 0.355 -0.095 -0.01335697321 2
0 0.355 -0.085 -0.01434689045 2
0 0.355 -0.075 -0.01524534824 2
0 0.355 -0.065 -0.01604516563 2
0 0.355 -0.055 -0.01673991074 2
0 0.355 -0.045 -0.01732396172 2
0 0.355 -0.035 -0.01779256178 2
0 0.355 -0.025 -0.01814186721 2
0 0.355 -0.015 -0.01836898715 2
0 0.355 -0.005 -0.01847201435 2
0 0.355 0.005 -0.01845004635 2
0 0.355 0.015 -0.01830319671 2
0 0.355 0.025 -0.0180325962 2
0 0.355 0.035 -0.01764038409 2
0 0.355 0.045 -0.01712968992 2
0 0.355 0.055 -0.0165046064 2
0 0.355 0.065 -0.01577015435 2
0 0.355 0.075 -0.01493224092 2
0 0.355 0.085 -0.01399761244 2
0 0.355 0.095 -0.01297380373 2
0 0.355 0.105 -0.01186908569 2
0 0.355 0.115 -0.01069241283 2
0 0.355 0.125 -0.009453371651 2
0 0.355 0.135 -0.008162128654 2
0 0.355 0.145 -0.006829373079 2
0 0.355 0.155 -0.005466243297 2
0 0.355 0.165 -0.004084219553 2
0 0.355 0.175 -0.002694960894 2
0 0.355 0.185 -0.001310070459 2
0 0.355 0.195 5.920932364e-05 2
0 0.355 0.205 0.001402327668 2
0 0.355 0.215 0.002709703399 2
0 0.355 0.225 0.003972840736 2
0 0.355 0.235 0.005184227032 2
0 0.355 0.245 0.006337045858 2
0 0.355 0.255 0.007424814767 2
0 0.355 0.265 0.008441054165 2
0 0.355 0.275 0.009379072814 2
0 0.355 0.285 0.01023191994 2
0 0.355 0.295 0.0109924885 2
0 0.355 0.305 0.01165372526 2
0 0.355 0.315 0.01220888265 2
0 0.355 0.325 0.01265176858 2
0 0.355 0.335 0.01297695729 2
0 0.355 0.345 0.01317994992 2
0 0.355 0.355 0.01325728173 2
0 0.355 0.365 0.01320658464 2
0 0.355 0.375 0.01302661427 2
0 0.355 0.385 0.01271725238 2
0 0.355 0.395 0.01227949266 2
0 0.355 0.405 0.01171541533 2
0 0.355 0.415 0.01102815567 2
0 0.355 0.425 0.01022186123 2
0 0.355 0.435 0.00930166964 2
0 0.355 0.445 0.008273567614 2
0 0.355 0.455 0.007144755486 2
0 0.355 0.465 0.005921717642 2
0 0.355 0.475 0.004618572929 2
0 0.355 0.485 0.003219172642 2
0 0.355 0.495 0.001847304965 2
0 0.355 0.505 0 2
0 0.355 0.515 0 2
0 0.355 0.525 0 2
0 0.355 0.535 0 2
0 0.355 0.545 0 2
0 0.355 0.555 0 2
0 0.355 0.565 0 2
0 0.365 -0.555 0 1
0 0.365 -0.545 0 1
0 0.365 -0.535 0 1
0 0.365 -0.525 0 2
0 0.365 -0.515 0 2
0 0.365 -0.505 0 2
0 0.365 -0.495 0.001639716665 2
0 0.365 -0.485 0.002940487239 2
0 0.365 -0.475 0.004304141024 2
0 0.365 -0.465 0.005595973331 2
0 0.365 -0.455 0.006820798375 2
0 0.365 -0.445 0.00795574922 2
0 0.365 -0.435 0.008989220658 2
0 0.365 -0.425 0.009912715408 2
0 0.365 -0.415 0.0107202134 2
0 0.365 -0.405 0.01140773586 2
0 0.365 -0.395 0.01197281064 2
0 0.365 -0.385 0.01241402049 2
0 0.365 -0.375 0.01273066999 2
0 0.365 -0.365 0.0129225119 2
0 0.365 -0.355 0.01298960867 2
0 0.365 -0.345 0.01293232539 2
0 0.365 -0.335 0.0127514308 2
0 0.365 -0.325 0.01244825611 2
0 0.365 -0.315 0.01202486175 2
0 0.365 -0.305 0.01148417689 2
0 0.365 -0.295 0.01083009264 2
0 0.365 -0.285 0.01006750467 2
0 0.365 -0.275 0.009202309601 2
0 0.365 -0.265 0.008241363169 2
0 0.365 -0.255 0.007192409492 2
0 0.365 -0.245 0.006063989613 2
0 0.365 -0.235 0.00486533634 2
0 0.365 -0.225 0.00360626111 2
0 0.365 -0.215 0.002297037688 2
0 0.365 -0.205 0.000948286927 2
0 0.365 -0.195 -0.0004291336733 2
0 0.365 -0.185 -0.001824232452 2
0 0.365 -0.175 -0.003225975838 2
0 0.365 -0.165 -0.004623369373 2
0 0.365 -0.155 -0.006005528057 2
0 0.365 -0.145 -0.007361738069 2
0 0.365 -0.135 -0.008681513053 2
0 0.365 -0.125 -0.009954648565 2
0 0.365 -0.115 -0.01117127789 2
0 0.365 -0.105 -0.01232193144 2
0 0.365 -0.095 -0.01339760048 2
0 0.365 -0.085 -0.01438980483 2
0 0.365 -0.075 -0.01529066281 2
0 0.365 -0.065 -0.01609296142 2
0 0.365 -0.055 -0.01679022449 2
0 0.365 -0.045 -0.01737677656 2
0 0.365 -0.035 -0.01784780074 2
0 0.365 -0.025 -0.01819938906 2
0 0.365 -0.015 -0.01842858431 2
0 0.365 -0.005 -0.0185334125 2
0 0.365 0.005 -0.01851290545 2
0 0.365 0.015 -0.0183671133 2
0 0.365 0.025 -0.01809710678 2
0 0.365 0.035 -0.01770496937 2
0 0.365 0.045 -0.01719377978 2
0 0.365 0.055 -0.01656758542 2
0 0.365 0.065 -0.01583136757 2
0 0.365 0.075 -0.01499099983 2
0 0.365 0.085 -0.01405320126 2
0 0.365 0.095 -0.01302548662 2
0 0.365 0.105 -0.01191611625 2
0 0.365 0.115 -0.01073404872 2
0 0.365 0.125 -0.009488899008 2
0 0.365 0.135 -0.008190903194 2
0 0.365 0.145 -0.006850886068 2
0 0.365 0.155 -0.005480219065 2
0 0.365 0.165 -0.004090743539 2
0 0.365 0.175 -0.00269461828 2
0 0.365 0.185 -0.001304051471 2
0 0.365 0.195 6.910870352e-05 2
0 0.365 0.205 0.001413871299 2
0 0.365 0.215 0.002720568588 2
0 0.365 0.225 0.003981066346 2
0 0.365 0.235 0.005188597864 2
0 0.365 0.245 0.006337283143 2
0 0.365 0.255 0.007421548595 2
0 0.365 0.265 0.008435610202 2
0 0.365 0.275 0.009373145673 2
0 0.365 0.285 0.01022724011 2
0 0.365 0.295 0.01099055557 2
0 0.365 0.305 0.0116556477 2
0 0.365 0.315 0.01221531431 2
0 0.365 0.325 0.01266292588 2
0 0.365 0.335 0.01299268366 2
0 0.365 0.345 0.01319980407 2
0 0.365 0.355 0.01328062838 2
0 0.365 0.365 0.01323267646 2
0 0.365 0.375 0.01305465852 2
0 0.365 0.385 0.01274646082 2
0 0.365 0.395 0.01230911538 2
0 0.365 0.405 0.01174476111 2
0 0.365 0.415 0.01105660137 2
0 0.365 0.425 0.01024885293 2
0 0.365 0.435 0.009326717711 2
0 0.365 0.445 0.008296237966 2
0 0.365 0.455 0.007164658023 2
0 0.365 0.465 0.005938492133 2
0 0.365 0.475 0.004631887588 2
0 0.365 0.485 0.003228641588 2
0 0.365 0.495 0.00185284362 2
0 0.365 0.505 0 2
0 0.365 0.515 0 2
0 0.365 0.525 0 2
0 0.365 0.535 0 2
0 0.365 0.545 0 2
0 0.365 0.555 0 2
0 0.365 0.565 0 2
0 0.375 -0.555 0 1
0 0.375 -0.545 0 1
0 0.375 -0.535 0 1
0 0.375 -0.525 0 1
0 0.375 -0.515 0 1
0 0.375 -0.505 0 2
0 0.375 -0.495 0.001582452865 2
0 0.375 -0.485 0.002872428392 2
0 0.375 -0.475 0.004256281409 2
0 0.375 -0.465 0.005576551655 2
0 0.375 -0.455 0.006818323964 2
0 0.375 -0.445 0.007966959775 2
0 0.375 -0.435 0.009010013965 2
0 0.375 -0.425 0.009939533447 2
0 0.375 -0.415 0.01075054369 2
0 0.375 -0.405 0.01143977826 2
0 0.375 -0.395 0.0120054507 2
0 0.375 -0.385 0.01244667734 2
0 0.375 -0.375 0.01276312447 2
0 0.375 -0.365 0.0129546955 2
0 0.375 -0.355 0.01302141188 2
0 0.375 -0.345 0.01296347698 2
0 0.375 -0.335 0.0127814673 2
0 0.375 -0.325 0.01247656469 2
0 0.375 -0.315 0.012050762 2
0 0.375 -0.305 0.0115070073 2
0 0.375 -0.295 0.01084928038 2
0 0.375 -0.285 0.01008261041 2
0 0.375 -0.275 0.009213048707 2
0 0.375 -0.265 0.008247609274 2
0 0.375 -0.255 0.00719418678 2
0 0.375 -0.245 0.006061458588 2
0 0.375 -0.235 0.004858775687 2
0 0.375 -0.225 0.003596046455 2
0 0.375 -0.215 0.002283617073 2
0 0.375 -0.205 0.0009321526853 2
0 0.375 -0.195 -0.0004474762995 2
0 0.375 -0.185 -0.001844298505 2
0 0.375 -0.175 -0.003247333047 2
0 0.375 -0.165 -0.004645666372 2
0 0.375 -0.155 -0.006028515003 2
0 0.375 -0.145 -0.007385277081 2
0 0.375 -0.135 -0.008705577419 2
0 0.375 -0.125 -0.009979311457 2
0 0.375 -0.115 -0.01119669286 2
0 0.375 -0.105 -0.01234830789 2
0 0.375 -0.095 -0.01342517742 2
0 0.375 -0.085 -0.01441882573 2
0 0.375 -0.075 -0.01532135354 2
0 0.375 -0.065 -0.0161255122 2
0 0.375 -0.055 -0.01682477618 2
0 0.375 -0.045 -0.01741341089 2
0 0.375 -0.035 -0.01788653404 2
0 0.375 -0.025 -0.01824016885 2
0 0.375 -0.015 -0.01847128814 2
0 0.375 -0.005 -0.01857784873 2
0 0.375 0.005 -0.01855881558 2
0 0.375 0.015 -0.0184141755 2
0 0.375 0.025 -0.01814494046 2
0 0.375 0.035 -0.01775314046 2
0 0.375 0.045 -0.0172418065 2
0 0.375 0.055 -0.01661494403 2
0 0.375 0.065 -0.01587749783 2
0 0.375 0.075 -0.01503530959 2
0 0.375 0.085 -0.01409507005 2
0 0.375 0.095 -0.013064268 2
0 0.375 0.105 -0.01195113988 2
0 0.375 0.115 -0.01076462444 2
0 0.375 0.125 -0.00951432791 2
0 0.375 0.135 -0.008210504781 2
0 0.375 0.145 -0.006864055987 2
0 0.375 0.155 -0.005486535371 2
0 0.375 0.165 -0.004090134731 2
0 0.375 0.175 -0.002687580798 2
0 0.375 0.185 -0.001291865105 2
0 0.375 0.195 8.428952961e-05 2
0 0.375 0.205 0.001429177714 2
0 0.375 0.215 0.002732927841 2
0 0.375 0.225 0.003987903237 2
0 0.375 0.235 0.005188425805 2
0 0.375 0.245 0.006329952475 2
0 0.375 0.255 0.007408166616 2
0 0.375 0.265 0.008418199443 2
0 0.375 0.275 0.009354144149 2
0 0.375 0.285 0.01020903092 2
0 0.375 0.295 0.01097512154 2
0 0.375 0.305 0.01164440253 2
0 0.375 0.315 0.01220906124 2
0 0.375 0.325 0.01266192153 2
0 0.375 0.335 0.01299674767 2
0 0.375 0.345 0.01320844762 2
0 0.375 0.355 0.01329317202 2
0 0.375 0.365 0.01324834773 2
0 0.375 0.375 0.01307266432 2
0 0.375 0.385 0.01276603662 2
0 0.375 0.395 0.01232955499 2
0 0.375 0.405 0.01176543137 2
0 0.375 0.415 0.01107694601 2
0 0.375 0.425 0.01026838893 2
0 0.375 0.435 0.009345026551 2
0 0.375 0.445 0.00831295402 2
0 0.375 0.455 0.007179454595 2
0 0.375 0.465 0.005951066731 2
0 0.375 0.475 0.004641954207 2
0 0.375 0.485 0.003235868253 2
0 0.375 0.495 0.001857110941 2
0 0.375 0.505 0 2
0 0.375 0.515 0 2
0 0.375 0.525 0 2
0 0.375 0.535 0 2
0 0.375 0.545 0 2
0 0.375 0.555 0 2
0 0.375 0.565 0 2
0 0.385 -0.555 0 1
0 0.385 -0.545 0 1
0 0.385 -0.535 0 1
0 0.385 -0.525 0 1
0 0.385 -0.515 0 1
0 0.385 -0.505 0 1
0 0.385 -0.495 0.001525318983 2
0 0.385 -0.485 0.002805704335 2
0 0.385 -0.475 0.004205625254 2
0 0.385 -0.465 0.005553626006 2
0 0.385 -0.455 0.006814553297 2
0 0.385 -0.445 0.007976306827 2
0 0.385 -0.435 0.009027617954 2
0 0.385 -0.425 0.009961126108 2
0 0.385 -0.415 0.01077344477 2
0 0.385 -0.405 0.01146218307 2
0 0.385 -0.395 0.01202643154 2
0 0.385 -0.385 0.01246606624 2
0 0.385 -0.375 0.01278129248 2
0 0.385 -0.365 0.01297222874 2
0 0.385 -0.355 0.01303879013 2
0 0.385 -0.345 0.01298086843 2
0 0.385 -0.335 0.01279867601 2
0 0.385 -0.325 0.01249309874 2
0 0.385 -0.315 0.01206596018 2
0 0.385 -0.305 0.01152016947 2
0 0.385 -0.295 0.0108597706 2
0 0.385 -0.285 0.01008992334 2
0 0.385 -0.275 0.009216843776 2
0 0.385 -0.265 0.008247721508 2
0 0.385 -0.255 0.007190623245 2
0 0.385 -0.245 0.006054386397 2
0 0.385 -0.235 0.004848504676 2
0 0.385 -0.225 0.003583007148 2
0 0.385 -0.215 0.002268333281 2
0 0.385 -0.205 0.0009152079785 2
0 0.385 -0.195 -0.0004654780463 2
0 0.385 -0.185 -0.001862776579 2
0 0.385 -0.175 -0.003265773573 2
0 0.385 -0.165 -0.004663661067 2
0 0.385 -0.155 -0.006045789697 2
0 0.385 -0.145 -0.007401705989 2
0 0.385 -0.135 -0.008721181588 2
0 0.385 -0.125 -0.009994242638 2
0 0.385 -0.115 -0.01121120645 2
0 0.385 -0.105 -0.01236272983 2
0 0.385 -0.095 -0.01343986995 2
0 0.385 -0.085 -0.01443415581 2
0 0.385 -0.075 -0.0153376663 2
0 0.385 -0.065 -0.01614311049 2
0 0.385 -0.055 -0.01684390582 2
0 0.385 -0.045 -0.01743425109 2
0 0.385 -0.035 -0.01790919188 2
0 0.385 -0.025 -0.018264677 2
0 0.385 -0.015 -0.01849760507 2
0 0.385 -0.005 -0.01860586082 2
0 0.385 0.005 -0.01858834088 2
0 0.385 0.015 -0.0184449687 2
0 0.385 0.025 -0.01817669888 2
0 0.385 0.035 -0.01778551069 2
0 0.385 0.045 -0.01727439122 2
0 0.385 0.055 -0.01664730867 2
0 0.385 0.065 -0.01590917628 2
0 0.385 0.075 -0.01506580834 2
0 0.385 0.085 -0.0141238697 2
0 0.385 0.095 -0.01309082147 2
0 0.385 0.105 -0.01197486672 2
0 0.385 0.115 -0.01078490238 2
0 0.385 0.125 -0.009530484733 2
0 0.385 0.135 -0.008221821167 2
0 0.385 0.145 -0.006869798624 2
0 0.385 0.155 -0.005486049287 2
0 0.385 0.165 -0.004083037267 2
0 0.385 0.175 -0.00267407941 2
0 0.385 0.185 -0.001273167924 2
0 0.385 0.195 0.0001056783724 2
0 0.385 0.205 0.001449519084 2
0 0.385 0.215 0.002748004166 2
0 0.385 0.225 0.00399418506 2
0 0.385 0.235 0.005184023557 2
0 0.385 0.245 0.006314902157 2
0 0.385 0.255 0.007384242729 2
0 0.385 0.265 0.008388378621 2
0 0.385 0.275 0.009321820818 2
0 0.385 0.285 0.01017735743 2
0 0.385 0.295 0.01094657778 2
0 0.385 0.305 0.01162066258 2
0 0.385 0.315 0.012190997 2
0 0.385 0.325 0.01264974627 2
0 0.385 0.335 0.01299018214 2
0 0.385 0.345 0.01320689605 2
0 0.385 0.355 0.01329586738 2
0 0.385 0.365 0.01325446549 2
0 0.385 0.375 0.01308139757 2
0 0.385 0.385 0.01277664108 2
0 0.385 0.395 0.01234137105 2
0 0.385 0.405 0.01177789072 2
0 0.385 0.415 0.01108956811 2
0 0.385 0.425 0.01028077142 2
0 0.385 0.435 0.009356831913 2
0 0.385 0.445 0.008323894728 2
0 0.385 0.455 0.007189276487 2
0 0.385 0.465 0.005959533536 2
0 0.385 0.475 0.004648833464 2
0 0.385 0.485 0.00324088853 2
0 0.385 0.495 0.001860124502 2
0 0.385 0.505 0 2
0 0.385 0.515 0 2
0 0.385 0.525 0 2
0 0.385 0.535 0 2
0 0.385 0.545 0 2
0 0.385 0.555 0 2
0 0.385 0.565 0 2
0 0.395 -0.555 0 1
0 0.395 -0.545 0 1
0 0.395 -0.535 0 1
0 0.395 -0.525 0 1
0 0.395 -0.515 0 1
0 0.395 -0.505 0 1
0 0.395 -0.495 0.001458290553 1
0 0.395 -0.485 0.002735702508 2
0 0.395 -0.475 0.004143634359 2
0 0.395 -0.465 0.005519982569 2
0 0.395 -0.455 0.006811737428 2
0 0.395 -0.445 0.007984980026 2
0 0.395 -0.435 0.009042367718 2
0 0.395 -0.425 0.009977718523 2
0 0.395 -0.415 0.01078908854 2
0 0.395 -0.405 0.01147503416 2
0 0.395 -0.395 0.01203570977 2
0 0.395 -0.385 0.0124720745 2
0 0.395 -0.375 0.01278513013 2
0 0.395 -0.365 0.01297527838 2
0 0.395 -0.355 0.01304218829 2
0 0.395 -0.345 0.01298519563 2
0 0.395 -0.335 0.01280391255 2
0 0.395 -0.325 0.01249876424 2
0 0.395 -0.315 0.0120713203 2
0 0.395 -0.305 0.01152442464 2
0 0.395 -0.295 0.01086219161 2
0 0.395 -0.285 0.01008993086 2
0 0.395 -0.275 0.009214045767 2
0 0.395 -0.265 0.008241923972 2
0 0.395 -0.255 0.007181826549 2
0 0.395 -0.245 0.006042774177 2
0 0.395 -0.235 0.004834427992 2
0 0.395 -0.225 0.003566963336 2
0 0.395 -0.215 0.002250937417 2
0 0.395 -0.205 0.0008971548181 2
0 0.395 -0.195 -0.0004834621999 2
0 0.395 -0.185 -0.001879989864 2
0 0.395 -0.175 -0.003281597036 2
0 0.395 -0.165 -0.004677611777 2
0 0.395 -0.155 -0.006057560166 2
0 0.395 -0.145 -0.007411183486 2
0 0.395 -0.135 -0.0087284449 2
0 0.395 -0.125 -0.00999953843 2
0 0.395 -0.115 -0.01121491114 2
0 0.395 -0.105 -0.01236530453 2
0 0.395 -0.095 -0.01344181575 2
0 0.395 -0.085 -0.01443597444 2
0 0.395 -0.075 -0.01533982903 2
0 0.395 -0.065 -0.01614603564 2
0 0.395 -0.055 -0.01684794399 2
0 0.395 -0.045 -0.01743967662 2
0 0.395 -0.035 -0.01791619883 2
0 0.395 -0.025 -0.0182733785 2
0 0.395 -0.015 -0.01850803513 2
0 0.395 -0.005 -0.01861797805 2
0 0.395 0.005 -0.01860203376 2
0 0.395 0.015 -0.0184600622 2
0 0.395 0.025 -0.01819296197 2
0 0.395 0.035 -0.01780266459 2
0 0.395 0.045 -0.01729211787 2
0 0.395 0.055 -0.01666525873 2
0 0.395 0.065 -0.01592697616 2
0 0.395 0.075 -0.01508306489 2
0 0.395 0.085 -0.01414017141 2
0 0.395 0.095 -0.01310573427 2
0 0.395 0.105 -0.01198792225 2
0 0.395 0.115 -0.0107955774 2
0 0.395 0.125 -0.009538170775 2
0 0.395 0.135 -0.008225793665 2
0 0.395 0.145 -0.006869198056 2
0 0.395 0.155 -0.005479923252 2
0 0.395 0.165 -0.004070526714 2
0 0.395 0.175 -0.002654843003 2
0 0.395 0.185 -0.001248069925 2
0 0.395 0.195 0.000133903168 2
0 0.395 0.205 0.001475999389 2
0 0.395 0.215 0.002766875151 2
0 0.395 0.225 0.00400060987 2
0 0.395 0.235 0.005175692877 2
0 0.395 0.245 0.006292139099 2
0 0.395 0.255 0.007349625496 2
0 0.395 0.265 0.008346039501 2
0 0.395 0.275 0.00927626463 2
0 0.395 0.285 0.01013258356 2
0 0.395 0.295 0.01090555892 2
0 0.395 0.305 0.0115853075 2
0 0.395 0.315 0.01216217332 2
0 0.395 0.325 0.01262753503 2
0 0.395 0.335 0.01297411706 2
0 0.395 0.345 0.01319621086 2
0 0.395 0.355 0.01328967052 2
0 0.395 0.365 0.01325186415 2
0 0.395 0.375 0.01308156855 2
0 0.395 0.385 0.01277886653 2
0 0.395 0.395 0.01234504876 2
0 0.395 0.405 0.0117825297 2
0 0.395 0.415 0.01109477613 2
0 0.395 0.425 0.01028623863 2
0 0.395 0.435 0.00936231272 2
0 0.395 0.445 0.0083291897 2
0 0.395 0.455 0.007194213153 2
0 0.395 0.465 0.005963950237 2
0 0.395 0.475 0.00465255905 2
0 0.395 0.485 0.003243719062 2
0 0.395 0.495 0.001861890403 2
0 0.395 0.505 0 2
0 0.395 0.515 0 2
0 0.395 0.525 0 2
0 0.395 0.535 0 2
0 0.395 0.545 0 2
0 0.395 0.555 0 2
0 0.395 0.565 0 2
0 0.405 -0.555 0 1
0 0.405 -0.545 0 1
0 0.405 -0.535 0 1
0 0.405 -0.525 0 1
0 0.405 -0.515 0 1
0 0.405 -0.505 0 1
0 0.405 -0.495 0.00142338553 1
0 0.405 -0.485 0.002661822868 2
0 0.405 -0.475 0.004083407466 2
0 0.405 -0.465 0.005493229859 2
0 0.405 -0.455 0.006810463548 2
0 0.405 -0.445 0.007992820126 2
0 0.405 -0.435 0.009053723415 2
0 0.405 -0.425 0.009989155929 2
0 0.405 -0.415 0.01079758761 2
0 0.405 -0.405 0.0114783979 2
0 0.405 -0.395 0.01203311414 2
0 0.405 -0.385 0.0124643472 2
0 0.405 -0.375 0.01277433874 2
0 0.405 -0.365 0.01296385851 2
0 0.405 -0.355 0.01303204358 2
0 0.405 -0.345 0.01297725915 2
0 0.405 -0.335 0.01279818581 2
0 0.405 -0.325 0.01249461593 2
0 0.405 -0.315 0.01206782461 2
0 0.405 -0.305 0.01152061747 2
0 0.405 -0.295 0.01085722695 2
0 0.405 -0.285 0.01008315582 2
0 0.405 -0.275 0.009205027879 2
0 0.405 -0.265 0.00823045302 2
0 0.405 -0.255 0.007167906939 2
0 0.405 -0.245 0.006026614307 2
0 0.405 -0.235 0.004816427869 2
0 0.405 -0.225 0.003547697425 2
0 0.405 -0.215 0.002231127998 2
0 0.405 -0.205 0.0008776311559 2
0 0.405 -0.195 -0.0005018211546 2
0 0.405 -0.185 -0.001896327168 2
0 0.405 -0.175 -0.003295156357 2
0 0.405 -0.165 -0.004687810925 2
0 0.405 -0.155 -0.006064046168 2
0 0.405 -0.145 -0.007413858803 2
0 0.405 -0.135 -0.008727460904 2
0 0.405 -0.125 -0.009995259942 2
0 0.405 -0.115 -0.01120786173 2
0 0.405 -0.105 -0.01235610467 2
0 0.405 -0.095 -0.01343112426 2
0 0.405 -0.085 -0.01442444028 2
0 0.405 -0.075 -0.01532805586 2
0 0.405 -0.065 -0.01613455864 2
0 0.405 -0.055 -0.01683721659 2
0 0.405 -0.045 -0.01743006423 2
0 0.405 -0.035 -0.01790797724 2
0 0.405 -0.025 -0.01826673538 2
0 0.405 -0.015 -0.01850307364 2
0 0.405 -0.005 -0.01861472225 2
0 0.405 0.005 -0.01860043543 2
0 0.405 0.015 -0.01846000905 2
0 0.405 0.025 -0.01819428696 2
0 0.405 0.035 -0.01780515599 2
0 0.405 0.045 -0.01729552962 2
0 0.405 0.055 -0.01666932059 2
0 0.405 0.065 -0.01593140274 2
0 0.405 0.075 -0.01508756259 2
0 0.405 0.085 -0.01414444134 2
0 0.405 0.095 -0.0131094688 2
0 0.405 0.105 -0.01199079128 2
0 0.405 0.115 -0.01079720012 2
0 0.405 0.125 -0.009538066071 2
0 0.405 0.135 -0.008223313019 2
0 0.405 0.145 -0.00686342863 2
0 0.405 0.155 -0.005469647818 2
0 0.405 0.165 -0.004054318301 2
0 0.405 0.175 -0.002631331913 2
0 0.405 0.185 -0.001216986201 2
0 0.405 0.195 0.0001702096857 2
0 0.405 0.205 0.001511027453 2
0 0.405 0.215 0.002791859439 2
0 0.405 0.225 0.004008418186 2
0 0.405 0.235 0.005163487459 2
0 0.405 0.245 0.006260818765 2
0 0.405 0.255 0.007303102489 2
0 0.405 0.265 0.008290313213 2
0 0.405 0.275 0.009217307003 2
0 0.405 0.285 0.0100752746 2
0 0.405 0.295 0.01085307914 2
0 0.405 0.305 0.01153956595 2
0 0.405 0.315 0.01212386477 2
0 0.405 0.325 0.01259655423 2
0 0.405 0.335 0.01294974313 2
0 0.405 0.345 0.01317745513 2
0 0.405 0.355 0.0132754922 2
0 0.405 0.365 0.0132413005 2
0 0.405 0.375 0.0130737921 2
0 0.405 0.385 0.01277320326 2
0 0.405 0.395 0.0123409725 2
0 0.405 0.405 0.01177964427 2
0 0.405 0.415 0.01109279286 2
0 0.405 0.425 0.01028495316 2
0 0.405 0.435 0.009361582429 2
0 0.405 0.445 0.0083289128 2
0 0.405 0.455 0.007194307425 2
0 0.405 0.465 0.005964336538 2
0 0.405 0.475 0.004653135026 2
0 0.405 0.485 0.003244355392 2
0 0.405 0.495 0.001862402157 2
0 0.405 0.505 0 2
0 0.405 0.515 0 2
0 0.405 0.525 0 2
0 0.405 0.535 0 2
0 0.405 0.545 0 2
0 0.405 0.555 0 2
0 0.405 0.565 0 2
0 0.415 -0.555 0 1
0 0.415 -0.545 0 1
0 0.415 -0.535 0 1
0 0.415 -0.525 0 1
0 0.415 -0.515 0 1
0 0.415 -0.505 0 1
0 0.415 -0.495 0.001409774559 1
0 0.415 -0.485 0.002597461527 1
0 0.415 -0.475 0.004044622994 2
0 0.415 -0.465 0.005477591246 2
0 0.415 -0.455 0.00680866639 2
0 0.415 -0.445 0.007997372313 2
0 0.415 -0.435 0.009060243151 2
0 0.415 -0.425 0.009995044017 2
0 0.415 -0.415 0.01079920714 2
0 0.415 -0.405 0.0114725322 2
0 0.415 -0.395 0.01201855797 2
0 0.415 -0.385 0.01244252872 2
0 0.415 -0.375 0.01274864483 2
0 0.415 -0.365 0.01293813532 2
0 0.415 -0.355 0.01300906142 2
0 0.415 -0.345 0.01295816029 2
0 0.415 -0.335 0.0127827609 2
0 0.415 -0.325 0.01248188571 2
0 0.415 -0.315 0.01205655634 2
0 0.415 -0.305 0.01150963763 2
0 0.415 -0.295 0.01084557284 2
0 0.415 -0.285 0.01007012031 2
0 0.415 -0.275 0.00919016021 2
0 0.415 -0.265 0.00821354355 2
0 0.415 -0.255 0.007148973376 2
0 0.415 -0.245 0.006005893127 2
0 0.415 -0.235 0.004794369502 2
0 0.415 -0.225 0.00352495835 2
0 0.415 -0.215 0.002208551171 2
0 0.415 -0.205 0.0008562058436 2
0 0.415 -0.195 -0.0005210258197 2
0 0.415 -0.185 -0.001912253926 2
0 0.415 -0.175 -0.003306866771 2
0 0.415 -0.165 -0.004694589019 2
0 0.415 -0.155 -0.006065476909 2
0 0.415 -0.145 -0.007409864156 2
0 0.415 -0.135 -0.008718287229 2
0 0.415 -0.125 -0.009981423553 2
0 0.415 -0.115 -0.01119006906 2
0 0.415 -0.105 -0.01233516638 2
0 0.415 -0.095 -0.013407879 2
0 0.415 -0.085 -0.01439969661 2
0 0.415 -0.075 -0.01530255406 2
0 0.415 -0.065 -0.01610894933 2
0 0.415 -0.055 -0.01681205129 2
0 0.415 -0.045 -0.01740579316 2
0 0.415 -0.035 -0.01788495118 2
0 0.415 -0.025 -0.01824520959 2
0 0.415 -0.015 -0.01848321331 2
0 0.415 -0.005 -0.01859660932 2
0 0.415 0.005 -0.01858407695 2
0 0.415 0.015 -0.01844534695 2
0 0.415 0.025 -0.01818120913 2
0 0.415 0.035 -0.01779350832 2
0 0.415 0.045 -0.01728512854 2
0 0.415 0.055 -0.01665996568 2
0 0.415 0.065 -0.01592288864 2
0 0.415 0.075 -0.01507968933 2
0 0.415 0.085 -0.01413702141 2
0 0.415 0.095 -0.01310232817 2
0 0.415 0.105 -0.01198375976 2
0 0.415 0.115 -0.01079008394 2
0 0.415 0.125 -0.009530590877 2
0 0.415 0.135 -0.008215029518 2
0 0.415 0.145 -0.006853539874 2
0 0.415 0.155 -0.005456870121 2
0 0.415 0.165 -0.004036518236 2
0 0.415 0.175 -0.002605894957 2
0 0.415 0.185 -0.001182131163 2
0 0.415 0.195 0.0002128420016 2
0 0.415 0.205 0.001552959551 2
0 0.415 0.215 0.002820887237 2
0 0.415 0.225 0.00401592041 2
0 0.415 0.235 0.005147903023 2
0 0.415 0.245 0.006223757453 2
0 0.415 0.255 0.007248389532 2
0 0.415 0.265 0.008224521237 2
0 0.415 0.275 0.009147201785 2
0 0.415 0.285 0.01000676114 2
0 0.415 0.295 0.01079009765 2
0 0.415 0.305 0.01148461272 2
0 0.415 0.315 0.01207744754 2
0 0.415 0.325 0.01255813698 2
0 0.415 0.335 0.01291822277 2
0 0.415 0.345 0.01315160517 2
0 0.415 0.355 0.01325412208 2
0 0.415 0.365 0.01322339153 2
0 0.415 0.375 0.01305853806 2
0 0.415 0.385 0.01276000184 2
0 0.415 0.395 0.01232939843 2
0 0.415 0.405 0.01176941659 2
0 0.415 0.415 0.01108374242 2
0 0.415 0.425 0.01027699341 2
0 0.415 0.435 0.00935468341 2
0 0.415 0.445 0.008323078476 2
0 0.415 0.455 0.007189553095 2
0 0.415 0.465 0.005960672506 2
0 0.415 0.475 0.004650534672 2
0 0.415 0.485 0.00324277119 2
0 0.415 0.495 0.00186164023 2
0 0.415 0.505 0 2
0 0.415 0.515 0 2
0 0.415 0.525 0 2
0 0.415 0.535 0 2
0 0.415 0.545 0 2
0 0.415 0.555 0 2
0 0.415 0.565 0 2
0 0.425 -0.555 0 1
0 0.425 -0.545 0 1
0 0.425 -0.535 0 1
0 0.425 -0.525 0 1
0 0.425 -0.515 0 1
0 0.425 -0.505 0 1
0 0.425 -0.495 0.001410952045 1
0 0.425 -0.485 0.002595504202 1
0 0.425 -0.475 0.004038267897 2
0 0.425 -0.465 0.005470105823 2
0 0.425 -0.455 0.006802800912 2
0 0.425 -0.445 0.007995133026 2
0 0.425 -0.435 0.009060799238 2
0 0.425 -0.425 0.009996251222 2
0 0.425 -0.415 0.01079582792 2
0 0.425 -0.405 0.01145877299 2
0 0.425 -0.395 0.01199214273 2
0 0.425 -0.385 0.01240574986 2
0 0.425 -0.375 0.0127071309 2
0 0.425 -0.365 0.01289804239 2
0 0.425 -0.355 0.01297414816 2
0 0.425 -0.345 0.01292935982 2
0 0.425 -0.335 0.01275919651 2
0 0.425 -0.325 0.01246195164 2
0 0.425 -0.315 0.01203862902 2
0 0.425 -0.305 0.01149234179 2
0 0.425 -0.295 0.0108278711 2
0 0.425 -0.285 0.01005129686 2
0 0.425 -0.275 0.009169780921 2
0 0.425 -0.265 0.008191417694 2
0 0.425 -0.255 0.007125135821 2
0 0.425 -0.245 0.005980601938 2
0 0.425 -0.235 0.004768115307 2
0 0.425 -0.225 0.00349847366 2
0 0.425 -0.215 0.002182806189 2
0 0.425 -0.205 0.0008323753194 2
0 0.425 -0.195 -0.0005416366955 2
0 0.425 -0.185 -0.001928326909 2
0 0.425 -0.175 -0.003317218437 2
0 0.425 -0.165 -0.004698320309 2
0 0.425 -0.155 -0.006062087843 2
0 0.425 -0.145 -0.007399304408 2
0 0.425 -0.135 -0.008700932435 2
0 0.425 -0.125 -0.009957989858 2
0 0.425 -0.115 -0.01116149445 2
0 0.425 -0.105 -0.01230249044 2
0 0.425 -0.095 -0.01337214432 2
0 0.425 -0.085 -0.01436188146 2
0 0.425 -0.075 -0.01526353511 2
0 0.425 -0.065 -0.01606948645 2
0 0.425 -0.055 -0.01677278559 2
0 0.425 -0.045 -0.01736725109 2
0 0.425 -0.035 -0.01784755047 2
0 0.425 -0.025 -0.01820926563 2
0 0.425 -0.015 -0.01844894591 2
0 0.425 -0.005 -0.01856415056 2
0 0.425 0.005 -0.01855348063 2
0 0.425 0.015 -0.01841659983 2
0 0.425 0.025 -0.01815424383 2
0 0.425 0.035 -0.0177682173 2
0 0.425 0.045 -0.01726137891 2
0 0.425 0.055 -0.01663761427 2
0 0.425 0.065 -0.01590179707 2
0 0.425 0.075 -0.01505973844 2
0 0.425 0.085 -0.01411812405 2
0 0.425 0.095 -0.01308443806 2
0 0.425 0.105 -0.01196687218 2
0 0.425 0.115 -0.01077421992 2
0 0.425 0.125 -0.009515751442 2
0 0.425 0.135 -0.008201097675 2
0 0.425 0.145 -0.006840081252 2
0 0.425 0.155 -0.005442883832 2
0 0.425 0.165 -0.004019584041 2
0 0.425 0.175 -0.002582806611 2
0 0.425 0.185 -0.001149222469 2
0 0.425 0.195 0.0002632631803 2
0 0.425 0.205 0.001612214536 2
0 0.425 0.215 0.002863822767 2
0 0.425 0.225 0.004025189248 2
0 0.425 0.235 0.005127852998 2
0 0.425 0.245 0.006177577241 2
0 0.425 0.255 0.007177956168 2
0 0.425 0.265 0.008143564739 2
0 0.425 0.275 0.009066865539 2
0 0.425 0.285 0.009930836034 2
0 0.425 0.295 0.01071882202 2
0 0.425 0.305 0.01142197379 2
0 0.425 0.315 0.0120242276 2
0 0.425 0.325 0.0125134733 2
0 0.425 0.335 0.01288058201 2
0 0.425 0.345 0.01311944449 2
0 0.425 0.355 0.01322613435 2
0 0.425 0.365 0.01319854109 2
0 0.425 0.375 0.01303607825 2
0 0.425 0.385 0.01273943685 2
0 0.425 0.395 0.01231043119 2
0 0.425 0.405 0.01175190114 2
0 0.425 0.415 0.01106764279 2
0 0.425 0.425 0.01026235015 2
0 0.425 0.435 0.009341585916 2
0 0.425 0.445 0.008311641931 2
0 0.425 0.455 0.007179895553 2
0 0.425 0.465 0.005952899283 2
0 0.425 0.475 0.004644701101 2
0 0.425 0.485 0.003238918699 2
0 0.425 0.495 0.001859572316 2
0 0.425 0.505 0 2
0 0.425 0.515 0 2
0 0.425 0.525 0 2
0 0.425 0.535 0 2
0 0.425 0.545 0 2
0 0.425 0.555 0 2
0 0.425 0.565 0 2
0 0.435 -0.555 0 1
0 0.435 -0.545 0 1
0 0.435 -0.535 0 1
0 0.435 -0.525 0 1
0 0.435 -0.515 0 1
0 0.435 -0.505 0 1
0 0.435 -0.495 0.001451147919 1
0 0.435 -0.485 0.0026383172 1
0 0.435 -0.475 0.004052819565 2
0 0.435 -0.465 0.00545872966 2
0 0.435 -0.455 0.006789841617 2
0 0.435 -0.445 0.007983753078 2
0 0.435 -0.435 0.009054265925 2
0 0.435 -0.425 0.009993001176 2
0 0.435 -0.415 0.01078856329 2
0 0.435 -0.405 0.0114381791 2
0 0.435 -0.395 0.01195495016 2
0 0.435 -0.385 0.01235532088 2
0 0.435 -0.375 0.01265130117 2
0 0.435 -0.365 0.01284544084 2
0 0.435 -0.355 0.01292940897 2
0 0.435 -0.345 0.01289290522 2
0 0.435 -0.335 0.01272923876 2
0 0.435 -0.325 0.01243616957 2
0 0.435 -0.315 0.01201502536 2
0 0.435 -0.305 0.01146942274 2
0 0.435 -0.295 0.01080461741 2
0 0.435 -0.285 0.01002705282 2
0 0.435 -0.275 0.009144170296 2
0 0.435 -0.265 0.00816428182 2
0 0.435 -0.255 0.007096519042 2
0 0.435 -0.245 0.005950761459 2
0 0.435 -0.235 0.00473755313 2
0 0.435 -0.225 0.003467973986 2
0 0.435 -0.215 0.002153459312 2
0 0.435 -0.205 0.0008055629876 2
0 0.435 -0.195 -0.0005643180172 2
0 0.435 -0.185 -0.001945215499 2
0 0.435 -0.175 -0.00332679544 2
0 0.435 -0.165 -0.004699431372 2
0 0.435 -0.155 -0.006054115742 2
0 0.435 -0.145 -0.007382241755 2
0 0.435 -0.135 -0.008675337662 2
0 0.435 -0.125 -0.009924850048 2
0 0.435 -0.115 -0.01112204565 2
0 0.435 -0.105 -0.01225804829 2
0 0.435 -0.095 -0.01332397881 2
0 0.435 -0.085 -0.01431114428 2
0 0.435 -0.075 -0.01521123079 2
0 0.435 -0.065 -0.01601647082 2
0 0.435 -0.055 -0.01671977624 2
0 0.435 -0.045 -0.01731483985 2
0 0.435 -0.035 -0.01779621371 2
0 0.435 -0.025 -0.01815937195 2
0 0.435 -0.015 -0.01840076304 2
0 0.435 -0.005 -0.01851785332 2
0 0.435 0.005 -0.01850916103 2
0 0.435 0.015 -0.01837427971 2
0 0.435 0.025 -0.01811388952 2
0 0.435 0.035 -0.01772975565 2
0 0.435 0.045 -0.01722471411 2
0 0.435 0.055 -0.01660264509 2
0 0.435 0.065 -0.01586843451 2
0 0.435 0.075 -0.01502792395 2
0 0.435 0.085 -0.01408784812 2
0 0.435 0.095 -0.01305575832 2
0 0.435 0.105 -0.01193992841 2
0 0.435 0.115 -0.01074923856 2
0 0.435 0.125 -0.009493029092 2
0 0.435 0.135 -0.008180930371 2
0 0.435 0.145 -0.006822610958 2
0 0.435 0.155 -0.00542775852 2
0 0.435 0.165 -0.004005092917 2
0 0.435 0.175 -0.002566085661 2
0 0.435 0.185 -0.001115372826 2
0 0.435 0.195 0.0003129021654 2
0 0.435 0.205 0.001658208617 2
0 0.435 0.215 0.002883794991 2
0 0.435 0.225 0.004019251767 2
0 0.435 0.235 0.005107736913 2
0 0.435 0.245 0.006144708117 2
0 0.435 0.255 0.007130863919 2
0 0.435 0.265 0.008076718627 2
0 0.435 0.275 0.008980207417 2
0 0.435 0.285 0.009840009442 2
0 0.435 0.295 0.01063792003 2
0 0.435 0.305 0.01135336224 2
0 0.435 0.315 0.0119652233 2
0 0.435 0.325 0.01246326871 2
0 0.435 0.335 0.01283740496 2
0 0.435 0.345 0.01308140692 2
0 0.435 0.355 0.01319177905 2
0 0.435 0.365 0.01316686687 2
0 0.435 0.375 0.01300644109 2
0 0.435 0.385 0.01271148086 2
0 0.435 0.395 0.01228401153 2
0 0.435 0.405 0.01172702124 2
0 0.435 0.415 0.01104440751 2
0 0.435 0.425 0.01024093077 2
0 0.435 0.435 0.009322193158 2
0 0.435 0.445 0.008294504007 2
0 0.435 0.455 0.007165235956 2
0 0.435 0.465 0.005940922371 2
0 0.435 0.475 0.004635549672 2
0 0.435 0.485 0.003232730387 2
0 0.435 0.495 0.001856154317 2
0 0.435 0.505 0 2
0 0.435 0.515 0 2
0 0.435 0.525 0 2
0 0.435 0.535 0 2
0 0.435 0.545 0 2
0 0.435 0.555 0 2
0 0.435 0.565 0 2
0 0.445 -0.555 0 2
0 0.445 -0.545 0 2
0 0.445 -0.535 0 1
0 0.445 -0.525 0 1
0 0.445 -0.515 0 1
0 0.445 -0.505 0 1
0 0.445 -0.495 0.001501798296 1
0 0.445 -0.485 0.002711280384 2
0 0.445 -0.475 0.004076751043 2
0 0.445 -0.465 0.005452847173 2
0 0.445 -0.455 0.0067704094 2
0 0.445 -0.445 0.007964387029 2
0 0.445 -0.435 0.009040645242 2
0 0.445 -0.425 0.009991077644 2
0 0.445 -0.415 0.01078797818 2
0 0.445 -0.405 0.01141769688 2
0 0.445 -0.395 0.01190801089 2
0 0.445 -0.385 0.01228788147 2
0 0.445 -0.375 0.01257741671 2
0 0.445 -0.365 0.01278016721 2
0 0.445 -0.355 0.01287720323 2
0 0.445 -0.345 0.01285108665 2
0 0.445 -0.335 0.01269449855 2
0 0.445 -0.325 0.01240558074 2
0 0.445 -0.315 0.01198637754 2
0 0.445 -0.305 0.01144124742 2
0 0.445 -0.295 0.01077606821 2
0 0.445 -0.285 0.009997605496 2
0 0.445 -0.275 0.009113539105 2
0 0.445 -0.265 0.008132339096 2
0 0.445 -0.255 0.007063293339 2
0 0.445 -0.245 0.005916465339 2
0 0.445 -0.235 0.004702645615 2
0 0.445 -0.225 0.003433239014 2
0 0.445 -0.215 0.002120076107 2
0 0.445 -0.205 0.0007751301472 2
0 0.445 -0.195 -0.0005898490243 2
0 0.445 -0.185 -0.001963726833 2
0 0.445 -0.175 -0.003336300456 2
0 0.445 -0.165 -0.004698412477 2
0 0.445 -0.155 -0.006041792111 2
0 0.445 -0.145 -0.007358676531 2
0 0.445 -0.135 -0.008641356499 2
0 0.445 -0.125 -0.009881815975 2
0 0.445 -0.115 -0.01107158226 2
0 0.445 -0.105 -0.01220180099 2
0 0.445 -0.095 -0.01326346171 2
0 0.445 -0.085 -0.01424767286 2
0 0.445 -0.075 -0.01514591573 2
0 0.445 -0.065 -0.01595024112 2
0 0.445 -0.055 -0.01665340822 2
0 0.445 -0.045 -0.01724897931 2
0 0.445 -0.035 -0.01773138884 2
0 0.445 -0.025 -0.01809599991 2
0 0.445 -0.015 -0.01833915472 2
0 0.445 -0.005 -0.01845822003 2
0 0.445 0.005 -0.0184516249 2
0 0.445 0.015 -0.01831888783 2
0 0.445 0.025 -0.01806063067 2
0 0.445 0.035 -0.01767857851 2
0 0.445 0.045 -0.01717554576 2
0 0.445 0.055 -0.01655540963 2
0 0.445 0.065 -0.01582307203 2
0 0.445 0.075 -0.0149844108 2
0 0.445 0.085 -0.01404621954 2
0 0.445 0.095 -0.01301613416 2
0 0.445 0.105 -0.01190254171 2
0 0.445 0.115 -0.01071446294 2
0 0.445 0.125 -0.009461399295 2
0 0.445 0.135 -0.00815312092 2
0 0.445 0.145 -0.006799376992 2
0 0.445 0.155 -0.005409583286 2
0 0.445 0.165 -0.003991801921 2
0 0.445 0.175 -0.002555281563 2
0 0.445 0.185 -0.001094231187 2
0 0.445 0.195 0.0003437012046 2
0 0.445 0.205 0.001681916095 2
0 0.445 0.215 0.002887319043 1
0 0.445 0.225 0.004005720712 1
0 0.445 0.235 0.005083687206 1
0 0.445 0.245 0.006112455896 1
0 0.445 0.255 0.007090932742 1
0 0.445 0.265 0.008026766087 2
0 0.445 0.275 0.008905401802 2
0 0.445 0.285 0.009748856777 2
0 0.445 0.295 0.01054802997 2
0 0.445 0.305 0.01127562851 2
0 0.445 0.315 0.01190106149 2
0 0.445 0.325 0.01240796965 2
0 0.445 0.335 0.01278879156 2
0 0.445 0.345 0.01303743512 2
0 0.445 0.355 0.01315090272 2
0 0.445 0.365 0.01312815356 2
0 0.445 0.375 0.01296938936 2
0 0.445 0.385 0.01267590042 2
0 0.445 0.395 0.01224992314 2
0 0.445 0.405 0.0116945814 2
0 0.445 0.415 0.01101385982 2
0 0.445 0.425 0.01021257311 2
0 0.445 0.435 0.009296353503 2
0 0.445 0.445 0.008271521225 2
0 0.445 0.455 0.007145439015 2
0 0.445 0.465 0.005924617339 2
0 0.445 0.475 0.004622971964 2
0 0.445 0.485 0.003224121557 2
0 0.445 0.495 0.00185133187 2
0 0.445 0.505 0 2
0 0.445 0.515 0 2
0 0.445 0.525 0 2
0 0.445 0.535 0 2
0 0.445 0.545 0 2
0 0.445 0.555 0 2
0 0.445 0.565 0 2
0 0.455 -0.555 0 2
0 0.455 -0.545 0 2
0 0.455 -0.535 0 2
0 0.455 -0.525 0 2
0 0.455 -0.515 0 2
0 0.455 -0.505 0 2
0 0.455 -0.495 0.00154519878 2
0 0.455 -0.485 0.002757583181 2
0 0.455 -0.475 0.004106352209 2
0 0.455 -0.465 0.005453134973 2
0 0.455 -0.455 0.006747224595 2
0 0.455 -0.445 0.007939487007 2
0 0.455 -0.435 0.009020918751 2
0 0.455 -0.425 0.009980757938 2
0 0.455 -0.415 0.01077768144 2
0 0.455 -0.405 0.01138801503 2
0 0.455 -0.395 0.01185734104 2
0 0.455 -0.385 0.01222520151 2
0 0.455 -0.375 0.01250612796 2
0 0.455 -0.365 0.01271031298 2
0 0.455 -0.355 0.01281854005 2
0 0.455 -0.345 0.01280496583 2
0 0.455 -0.335 0.01265563895 2
0 0.455 -0.325 0.01237038781 2
0 0.455 -0.315 0.01195264793 2
0 0.455 -0.305 0.0114077104 2
0 0.455 -0.295 0.01074218113 2
0 0.455 -0.285 0.009963010421 2
0 0.455 -0.275 0.009078042837 2
0 0.455 -0.265 0.008095822574 2
0 0.455 -0.255 0.007025724533 2
0 0.455 -0.245 0.005877945201 2
0 0.455 -0.235 0.004663504297 2
0 0.455 -0.225 0.003394168274 2
0 0.455 -0.215 0.002082271856 2
0 0.455 -0.205 0.0007403909782 2
0 0.455 -0.195 -0.0006191479945 2
0 0.455 -0.185 -0.00198485458 2
0 0.455 -0.175 -0.003346601549 2
0 0.455 -0.165 -0.004695838436 2
0 0.455 -0.155 -0.006025329811 2
0 0.455 -0.145 -0.007328510446 2
0 0.455 -0.135 -0.008598717201 2
0 0.455 -0.125 -0.009828601743 2
0 0.455 -0.115 -0.01100992465 2
0 0.455 -0.105 -0.01213372996 2
0 0.455 -0.095 -0.01319073324 2
0 0.455 -0.085 -0.0141717313 2
0 0.455 -0.075 -0.01506793546 2
0 0.455 -0.065 -0.01587119005 2
0 0.455 -0.055 -0.0165741008 2
0 0.455 -0.045 -0.01717010653 2
0 0.455 -0.035 -0.01765352896 2
0 0.455 -0.025 -0.01801961874 2
0 0.455 -0.015 -0.01826460491 2
0 0.455 -0.005 -0.01838574494 2
0 0.455 0.005 -0.01838136927 2
0 0.455 0.015 -0.01825091422 2
0 0.455 0.025 -0.01799493928 2
0 0.455 0.035 -0.01761512784 2
0 0.455 0.045 -0.01711427263 2
0 0.455 0.055 -0.01649624798 2
0 0.455 0.065 -0.01576597136 2
0 0.455 0.075 -0.01492935572 2
0 0.455 0.085 -0.01399325275 2
0 0.455 0.095 -0.01296538515 2
0 0.455 0.105 -0.01185426364 2
0 0.455 0.115 -0.01066907722 2
0 0.455 0.125 -0.009419547092 2
0 0.455 0.135 -0.008115693837 2
0 0.455 0.145 -0.006767541885 2
0 0.455 0.155 -0.005384515671 2
0 0.455 0.165 -0.003974656718 2
0 0.455 0.175 -0.002544329595 2
0 0.455 0.185 -0.001083454738 2
0 0.455 0.195 0.0003624451716 2
0 0.455 0.205 0.001714461035 1
0 0.455 0.215 0.002899489611 1
0 0.455 0.225 0.003997812908 1
0 0.455 0.235 0.005059273627 1
0 0.455 0.245 0.006075752985 1
0 0.455 0.255 0.007040789157 1
0 0.455 0.265 0.007959507344 1
0 0.455 0.275 0.008832052945 1
0 0.455 0.285 0.00966385197 2
0 0.455 0.295 0.01045072165 2
0 0.455 0.305 0.01118654424 2
0 0.455 0.315 0.01182745831 2
0 0.455 0.325 0.01234680262 2
0 0.455 0.335 0.01273409271 2
0 0.455 0.345 0.01298689519 2
0 0.455 0.355 0.01310293203 2
0 0.455 0.365 0.01308185842 2
0 0.455 0.375 0.01292444051 2
0 0.455 0.385 0.01263228629 2
0 0.455 0.395 0.01220782604 2
0 0.455 0.405 0.01165429952 2
0 0.455 0.415 0.01097576147 2
0 0.455 0.425 0.01017706961 2
0 0.455 0.435 0.00926387991 2
0 0.455 0.445 0.008242520698 2
0 0.455 0.455 0.007120343865 2
0 0.455 0.465 0.00590383734 2
0 0.455 0.475 0.004606840695 2
0 0.455 0.485 0.003212993392 2
0 0.455 0.495 0.001845042044 2
0 0.455 0.505 0 2
0 0.455 0.515 0 2
0 0.455 0.525 0 2
0 0.455 0.535 0 2
0 0.455 0.545 0 2
0 0.455 0.555 0 2
0 0.455 0.565 0 2
0 0.465 -0.555 0 2
0 0.465 -0.545 0 2
0 0.465 -0.535 0 2
0 0.465 -0.525 0 2
0 0.465 -0.515 0 2
0 0.465 -0.505 0 2
0 0.465 -0.495 0.001578936995 2
0 0.465 -0.485 0.002803622703 2
0 0.465 -0.475 0.004138359522 2
0 0.465 -0.465 0.005454402147 2
0 0.465 -0.455 0.006722228131 2
0 0.465 -0.445 0.007910704106 2
0 0.465 -0.435 0.009004265552 2
0 0.465 -0.425 0.009966342761 2
0 0.465 -0.415 0.01074852197 2
0 0.465 -0.405 0.01133905115 1
0 0.465 -0.395 0.01179819704 1
0 0.465 -0.385 0.01216303026 1
0 0.465 -0.375 0.01243766402 1
0 0.465 -0.365 0.01263838962 2
0 0.465 -0.355 0.01275074154 2
0 0.465 -0.345 0.0127529191 2
0 0.465 -0.335 0.01261273616 2
0 0.465 -0.325 0.01232955391 2
0 0.465 -0.315 0.01191303404 2
0 0.465 -0.305 0.01136825626 2
0 0.465 -0.295 0.01070265874 2
0 0.465 -0.285 0.009923209009 2
0 0.465 -0.275 0.009037828866 2
0 0.465 -0.265 0.008055046737 2
0 0.465 -0.255 0.00698423797 2
0 0.465 -0.245 0.005835654239 2
0 0.465 -0.235 0.004620494902 2
0 0.465 -0.225 0.003350900693 2
0 0.465 -0.215 0.002039825729 2
0 0.465 -0.205 0.0007006948891 2
0 0.465 -0.195 -0.0006532406535 2
0 0.465 -0.185 -0.002009791668 2
0 0.465 -0.175 -0.003358760156 2
0 0.465 -0.165 -0.004692383469 2
0 0.465 -0.155 -0.006004915854 2
0 0.465 -0.145 -0.007291531617 2
0 0.465 -0.135 -0.008547025687 2
0 0.465 -0.125 -0.009764861639 2
0 0.465 -0.115 -0.01093692283 2
0 0.465 -0.105 -0.01205391768 2
0 0.465 -0.095 -0.01310606759 2
0 0.465 -0.085 -0.01408371333 2
0 0.465 -0.075 -0.01497773726 2
0 0.465 -0.065 -0.01577977566 2
0 0.465 -0.055 -0.01648230525 2
0 0.465 -0.045 -0.01707866635 2
0 0.465 -0.035 -0.01756308071 2
0 0.465 -0.025 -0.01793068498 2
0 0.465 -0.015 -0.01817758323 2
0 0.465 -0.005 -0.01830090802 2
0 0.465 0.005 -0.01829887701 2
0 0.465 0.015 -0.01817083465 2
0 0.465 0.025 -0.01791727323 2
0 0.465 0.035 -0.01753983325 2
0 0.465 0.045 -0.01704128577 2
0 0.465 0.055 -0.01642550128 2
0 0.465 0.065 -0.01569740896 2
0 0.465 0.075 -0.01486294907 2
0 0.465 0.085 -0.01392901945 2
0 0.465 0.095 -0.01290341454 2
0 0.465 0.105 -0.01179475336 2
0 0.465 0.115 -0.01061238438 2
0 0.465 0.125 -0.009366256574 2
0 0.465 0.135 -0.008066691728 2
0 0.465 0.145 -0.006724085334 2
0 0.465 0.155 -0.005348140832 2
0 0.465 0.165 -0.003947123697 2
0 0.465 0.175 -0.002525758692 2
0 0.465 0.185 -0.001074747906 2
0 0.465 0.195 0.00037603779 2
0 0.465 0.205 0.00173621223 1
0 0.465 0.215 0.002912824028 1
0 0.465 0.225 0.003991102257 1
0 0.465 0.235 0.005031409541 1
0 0.465 0.245 0.00603453926 1
0 0.465 0.255 0.006989441189 1
0 0.465 0.265 0.007898758655 1
0 0.465 0.275 0.008761824618 1
0 0.465 0.285 0.009565945228 1
0 0.465 0.295 0.01034718803 2
0 0.465 0.305 0.01109150185 2
0 0.465 0.315 0.01174657908 2
0 0.465 0.325 0.012277829 2
0 0.465 0.335 0.01267215994 2
0 0.465 0.345 0.01292877937 2
0 0.465 0.355 0.01304692558 2
0 0.465 0.365 0.01302718313 2
0 0.465 0.375 0.0128709436 2
0 0.465 0.385 0.01258012606 2
0 0.465 0.395 0.01215732044 2
0 0.465 0.405 0.01160586012 2
0 0.465 0.415 0.01092985544 2
0 0.465 0.425 0.01013420085 2
0 0.465 0.435 0.009224575371 2
0 0.465 0.445 0.008207318687 2
0 0.465 0.455 0.007089776881 2
0 0.465 0.465 0.005878421335 2
0 0.465 0.475 0.004587014547 2
0 0.465 0.485 0.003199235591 2
0 0.465 0.495 0.001837214678 2
0 0.465 0.505 0 2
0 0.465 0.515 0 2
0 0.465 0.525 0 2
0 0.465 0.535 0 2
0 0.465 0.545 0 2
0 0.465 0.555 0 2
0 0.465 0.565 0 2
0 0.475 -0.555 0 2
0 0.475 -0.545 0 2
0 0.475 -0.535 0 2
0 0.475 -0.525 0 2
0 0.475 -0.515 0 2
0 0.475 -0.505 0 2
0 0.475 -0.495 0.00160582751 2
0 0.475 -0.485 0.0028316459 2
0 0.475 -0.475 0.004144941262 2
0 0.475 -0.465 0.005436738414 2
0 0.475 -0.455 0.006693838112 2
0 0.475 -0.445 0.007878882702 2
0 0.475 -0.435 0.008982645809 2
0 0.475 -0.425 0.009949039327 2
0 0.475 -0.415 0.01072001923 2
0 0.475 -0.405 0.01130143997 1
0 0.475 -0.395 0.01175131089 1
0 0.475 -0.385 0.01210833157 1
0 0.475 -0.375 0.01237913534 1
0 0.475 -0.365 0.01255819286 1
0 0.475 -0.355 0.01267547969 2
0 0.475 -0.345 0.0126937626 2
0 0.475 -0.335 0.01256282031 2
0 0.475 -0.325 0.01228104013 2
0 0.475 -0.315 0.01186615492 2
0 0.475 -0.305 0.01132209848 2
0 0.475 -0.295 0.01065710457 2
0 0.475 -0.285 0.009878130498 2
0 0.475 -0.275 0.008993104344 2
0 0.475 -0.265 0.008010461712 2
0 0.475 -0.255 0.006939480194 2
0 0.475 -0.245 0.005790357317 2
0 0.475 -0.235 0.004574366551 2
0 0.475 -0.225 0.003303967133 2
0 0.475 -0.215 0.00199280638 2
0 0.475 -0.205 0.0006554591909 2
0 0.475 -0.195 -0.0006933607348 2
0 0.475 -0.185 -0.002040124693 2
0 0.475 -0.175 -0.003374213479 2
0 0.475 -0.165 -0.004688897037 2
0 0.475 -0.155 -0.005980651404 2
0 0.475 -0.145 -0.007247265791 2
0 0.475 -0.135 -0.008485619759 2
0 0.475 -0.125 -0.009690123308 2
0 0.475 -0.115 -0.01085248238 2
0 0.475 -0.105 -0.01196262764 2
0 0.475 -0.095 -0.01300995918 2
0 0.475 -0.085 -0.01398420224 2
0 0.475 -0.075 -0.01487589514 2
0 0.475 -0.065 -0.01567651888 2
0 0.475 -0.055 -0.01637848733 2
0 0.475 -0.045 -0.01697508865 2
0 0.475 -0.035 -0.01746046303 2
0 0.475 -0.025 -0.01782962561 2
0 0.475 -0.015 -0.01807853284 2
0 0.475 -0.005 -0.01820416628 2
0 0.475 0.005 -0.01820460989 2
0 0.475 0.015 -0.01807910407 2
0 0.475 0.025 -0.01782807008 2
0 0.475 0.035 -0.01745310681 2
0 0.475 0.045 -0.01695696622 2
0 0.475 0.055 -0.01634351509 2
0 0.475 0.065 -0.01561768932 2
0 0.475 0.075 -0.01478544448 2
0 0.475 0.085 -0.01385370438 2
0 0.475 0.095 -0.01283030631 2
0 0.475 0.105 -0.01172394017 2
0 0.475 0.115 -0.01054407224 2
0 0.475 0.125 -0.009300842487 2
0 0.475 0.135 -0.00800487506 2
0 0.475 0.145 -0.00666697817 2
0 0.475 0.155 -0.005297429966 2
0 0.475 0.165 -0.003904821503 2
0 0.475 0.175 -0.002494917498 2
0 0.475 0.185 -0.001056080275 2
0 0.475 0.195 0.0003806630683 2
0 0.475 0.205 0.001733727802 1
0 0.475 0.215 0.002904582334 1
0 0.475 0.225 0.003971203041 1
0 0.475 0.235 0.004999832148 1
0 0.475 0.245 0.005994672621 1
0 0.475 0.255 0.006946224454 1
0 0.475 0.265 0.007848195778 1
0 0.475 0.275 0.00869607854 1
0 0.475 0.285 0.009487159307 1
0 0.475 0.295 0.01023461471 1
0 0.475 0.305 0.01098388888 2
0 0.475 0.315 0.01165171678 2
0 0.475 0.325 0.01219845921 2
0 0.475 0.335 0.01260203132 2
0 0.475 0.345 0.01286200791 2
0 0.475 0.355 0.0129817877 2
0 0.475 0.365 0.01296324482 2
0 0.475 0.375 0.01280822561 2
0 0.475 0.385 0.01251892186 2
0 0.475 0.395 0.01209803859 2
0 0.475 0.405 0.01154898446 2
0 0.475 0.415 0.01087591897 2
0 0.475 0.425 0.01008377499 2
0 0.475 0.435 0.009178261684 2
0 0.475 0.445 0.008165740708 2
0 0.475 0.455 0.007053564669 2
0 0.475 0.465 0.005848201451 2
0 0.475 0.475 0.004563341498 2
0 0.475 0.485 0.003182727417 2
0 0.475 0.495 0.001827772543 2
0 0.475 0.505 0 2
0 0.475 0.515 0 2
0 0.475 0.525 0 2
0 0.475 0.535 0 2
0 0.475 0.545 0 2
0 0.475 0.555 0 2
0 0.475 0.565 0 2
0 0.485 -0.555 0 2
0 0.485 -0.545 0 2
0 0.485 -0.535 0 2
0 0.485 -0.525 0 2
0 0.485 -0.515 0 2
0 0.485 -0.505 0 2
0 0.485 -0.495 0.001592153333 2
0 0.485 -0.485 0.002811118249 2
0 0.485 -0.475 0.004118633091 2
0 0.485 -0.465 0.005405429623 2
0 0.485 -0.455 0.006659338456 2
0 0.485 -0.445 0.007844881938 2
0 0.485 -0.435 0.008954844214 2
0 0.485 -0.425 0.009928386245 2
0 0.485 -0.415 0.01069899738 1
0 0.485 -0.405 0.01127026918 1
0 0.485 -0.395 0.01170797464 1
0 0.485 -0.385 0.01205499795 1
0 0.485 -0.375 0.01232085973 1
0 0.485 -0.365 0.01249456185 1
0 0.485 -0.355 0.01259243612 1
0 0.485 -0.345 0.01262623261 2
0 0.485 -0.335 0.01250206153 2
0 0.485 -0.325 0.01222358728 2
0 0.485 -0.315 0.01181101409 2
0 0.485 -0.305 0.0112686772 2
0 0.485 -0.295 0.01060526672 2
0 0.485 -0.285 0.009827815129 2
0 0.485 -0.275 0.008944194705 2
0 0.485 -0.265 0.007962680836 2
0 0.485 -0.255 0.006892346457 2
0 0.485 -0.245 0.00574318698 2
0 0.485 -0.235 0.004526368566 2
0 0.485 -0.225 0.003254506012 2
0 0.485 -0.215 0.001941919045 2
0 0.485 -0.205 0.0006046323863 2
0 0.485 -0.195 -0.0007404575511 2
0 0.485 -0.185 -0.002077400171 2
0 0.485 -0.175 -0.003394464809 2
0 0.485 -0.165 -0.004686292801 2
0 0.485 -0.155 -0.00595268023 2
0 0.485 -0.145 -0.00719530859 2
0 0.485 -0.135 -0.008414022845 2
0 0.485 -0.125 -0.009604260099 2
0 0.485 -0.115 -0.01075695311 2
0 0.485 -0.105 -0.0118605532 2
0 0.485 -0.095 -0.01290324931 2
0 0.485 -0.085 -0.01387401661 2
0 0.485 -0.075 -0.01476310683 2
0 0.485 -0.065 -0.01556197195 2
0 0.485 -0.055 -0.0162630833 2
0 0.485 -0.045 -0.01685974617 2
0 0.485 -0.035 -0.01734603378 2
0 0.485 -0.025 -0.01771681518 2
0 0.485 -0.015 -0.01796785576 2
0 0.485 -0.005 -0.01809594356 2
0 0.485 0.005 -0.01809899928 2
0 0.485 0.015 -0.01797614614 2
0 0.485 0.025 -0.01772773457 2
0 0.485 0.035 -0.01735532929 2
0 0.485 0.045 -0.01686167153 2
0 0.485 0.055 -0.01625062856 2
0 0.485 0.065 -0.01552713968 2
0 0.485 0.075 -0.01469716326 2
0 0.485 0.085 -0.01376762619 2
0 0.485 0.095 -0.01274637389 2
0 0.485 0.105 -0.01164211935 2
0 0.485 0.115 -0.01046438701 2
0 0.485 0.125 -0.009223441098 2
0 0.485 0.135 -0.007930172928 2
0 0.485 0.145 -0.006595854479 2
0 0.485 0.155 -0.005231709736 2
0 0.485 0.165 -0.003847275552 2
0 0.485 0.175 -0.002451492249 2
0 0.485 0.185 -0.001035675102 2
0 0.485 0.195 0.0003687603298 2
0 0.485 0.205 0.001694909897 2
0 0.485 0.215 0.00288565586 1
0 0.485 0.225 0.003952486085 1
0 0.485 0.235 0.00496818561 1
0 0.485 0.245 0.005947987642 1
0 0.485 0.255 0.006891521712 1
0 0.485 0.265 0.007790289912 1
0 0.485 0.275 0.008635804786 1
0 0.485 0.285 0.009423818021 1
0 0.485 0.295 0.01015353887 1
0 0.485 0.305 0.01087230721 2
0 0.485 0.315 0.01155117077 2
0 0.485 0.325 0.01211329732 2
0 0.485 0.335 0.01252268272 2
0 0.485 0.345 0.0127853803 2
0 0.485 0.355 0.01290652022 2
0 0.485 0.365 0.01288931108 2
0 0.485 0.375 0.01273578627 2
0 0.485 0.385 0.01244833648 2
0 0.485 0.395 0.0120297507 2
0 0.485 0.405 0.01148350673 2
0 0.485 0.415 0.01081381838 2
0 0.485 0.425 0.01002566746 2
0 0.485 0.435 0.009124807651 2
0 0.485 0.445 0.008117640463 2
0 0.485 0.455 0.007011545179 2
0 0.485 0.465 0.005813007688 2
0 0.485 0.475 0.004535658907 2
0 0.485 0.485 0.003163335616 2
0 0.485 0.495 0.001816629245 2
0 0.485 0.505 0 2
0 0.485 0.515 0 2
0 0.485 0.525 0 2
0 0.485 0.535 0 2
0 0.485 0.545 0 2
0 0.485 0.555 0 2
0 0.485 0.565 0 2
0 0.495 -0.555 0 2
0 0.495 -0.545 0 2
0 0.495 -0.535 0 2
0 0.495 -0.525 0 2
0 0.495 -0.515 0 2
0 0.495 -0.505 0 2
0 0.495 -0.495 0.001539662371 2
0 0.495 -0.485 0.002744464468 2
0 0.495 -0.475 0.004061482097 2
0 0.495 -0.465 0.005361377722 2
0 0.495 -0.455 0.006619889728 2
0 0.495 -0.445 0.00780953166 2
0 0.495 -0.435 0.008928756642 2
0 0.495 -0.425 0.009908148079 2
0 0.495 -0.415 0.0106710766 1
0 0.495 -0.405 0.01122596545 1
0 0.495 -0.395 0.01165744389 1
0 0.495 -0.385 0.01200460303 1
0 0.495 -0.375 0.01226695932 1
0 0.495 -0.365 0.01243811374 1
0 0.495 -0.355 0.01252987303 1
0 0.495 -0.345 0.012555081 2
0 0.495 -0.335 0.01243218135 2
0 0.495 -0.325 0.01215785343 2
0 0.495 -0.315 0.01174772355 2
0 0.495 -0.305 0.01120798075 2
0 0.495 -0.295 0.01054719344 2
0 0.495 -0.285 0.009772476728 2
0 0.495 -0.275 0.008891547147 2
0 0.495 -0.265 0.007912445782 2
0 0.495 -0.255 0.006843931204 2
0 0.495 -0.245 0.005695621306 2
0 0.495 -0.235 0.004478336929 2
0 0.495 -0.225 0.003204548473 2
0 0.495 -0.215 0.001888817059 2
0 0.495 -0.205 0.0005485898747 2
0 0.495 -0.195 -0.0007961577917 2
0 0.495 -0.185 -0.002124771459 2
0 0.495 -0.175 -0.00342261438 2
0 0.495 -0.165 -0.004686173697 2
0 0.495 -0.155 -0.005920604614 2
0 0.495 -0.145 -0.007133964321 2
0 0.495 -0.135 -0.008330607222 2
0 0.495 -0.125 -0.009506748545 2
0 0.495 -0.115 -0.01065099737 2
0 0.495 -0.105 -0.01174895566 2
0 0.495 -0.095 -0.01278724671 2
0 0.495 -0.085 -0.01375421344 2
0 0.495 -0.075 -0.01464014013 2
0 0.495 -0.065 -0.01543664697 2
0 0.495 -0.055 -0.01613642914 2
0 0.495 -0.045 -0.0167328956 2
0 0.495 -0.035 -0.01722004922 2
0 0.495 -0.025 -0.01759255198 2
0 0.495 -0.015 -0.01784589986 2
0 0.495 -0.005 -0.01797662143 2
0 0.495 0.005 -0.01798243565 2
0 0.495 0.015 -0.01786233834 2
0 0.495 0.025 -0.0176166188 2
0 0.495 0.035 -0.01724682633 2
0 0.495 0.045 -0.01675570938 2
0 0.495 0.055 -0.01614714669 2
0 0.495 0.065 -0.01542608186 2
0 0.495 0.075 -0.01459846615 2
0 0.495 0.085 -0.01367120959 2
0 0.495 0.095 -0.01265213521 2
0 0.495 0.105 -0.01154993725 2
0 0.495 0.115 -0.01037413632 2
0 0.495 0.125 -0.009135040965 2
0 0.495 0.135 -0.007843746833 2
0 0.495 0.145 -0.006512057882 2
0 0.495 0.155 -0.005152508304 2
0 0.495 0.165 -0.003776713489 2
0 0.495 0.175 -0.00239733321 2
0 0.495 0.185 -0.001015536809 2
0 0.495 0.195 0.0003475253836 2
0 0.495 0.205 0.001647005025 2
0 0.495 0.215 0.002850836549 1
0 0.495 0.225 0.003926776185 1
0 0.495 0.235 0.004933838426 1
0 0.495 0.245 0.005900362898 1
0 0.495 0.255 0.006831835837 1
0 0.495 0.265 0.007725806847 1
0 0.495 0.275 0.008572175938 1
0 0.495 0.285 0.009361113921 1
0 0.495 0.295 0.01008350536 1
0 0.495 0.305 0.01076715589 1
0 0.495 0.315 0.01145476423 2
0 0.495 0.325 0.01202134468 2
0 0.495 0.335 0.01243345094 2
0 0.495 0.345 0.0126980287 2
0 0.495 0.355 0.01282066861 2
0 0.495 0.365 0.01280513169 2
0 0.495 0.375 0.01265352142 2
0 0.495 0.385 0.01236834045 2
0 0.495 0.395 0.01195246183 2
0 0.495 0.405 0.01140943945 2
0 0.495 0.415 0.01074355493 2
0 0.495 0.425 0.009959853843 2
0 0.495 0.435 0.009064152511 2
0 0.495 0.445 0.008062915132 2
0 0.495 0.455 0.006963575231 2
0 0.495 0.465 0.005772668313 2
0 0.495 0.475 0.004503788473 2
0 0.495 0.485 0.003140907298 2
0 0.495 0.495 0.001803683375 2
0 0.495 0.505 0 2
0 0.495 0.515 0 2
0 0.495 0.525 0 2
0 0.495 0.535 0 2
0 0.495 0.545 0 2
0 0.495 0.555 0 2
0 0.495 0.565 0 2
0 0.505 -0.555 0 2
0 0.505 -0.545 0 2
0 0.505 -0.535 0 2
0 0.505 -0.525 0 2
0 0.505 -0.515 0 2
0 0.505 -0.505 0 2
0 0.505 -0.495 0.001484280403 2
0 0.505 -0.485 0.002661753234 2
0 0.505 -0.475 0.003981407148 2
0 0.505 -0.465 0.00530189871 2
0 0.505 -0.455 0.006579407231 2
0 0.505 -0.445 0.007773464006 2
0 0.505 -0.435 0.008902191588 2
0 0.505 -0.425 0.009884310677 2
0 0.505 -0.415 0.01063799089 1
0 0.505 -0.405 0.01117844172 1
0 0.505 -0.395 0.01160466428 1
0 0.505 -0.385 0.01195317463 1
0 0.505 -0.375 0.01221269431 1
0 0.505 -0.365 0.01238225607 1
0 0.505 -0.355 0.01247024884 1
0 0.505 -0.345 0.01248592654 2
0 0.505 -0.335 0.01235853778 2
0 0.505 -0.325 0.01208556772 2
0 0.505 -0.315 0.01167719276 2
0 0.505 -0.305 0.01114043139 2
0 0.505 -0.295 0.01048318455 2
0 0.505 -0.285 0.009712456008 2
0 0.505 -0.275 0.008835654908 2
0 0.505 -0.265 0.007860507687 2
0 0.505 -0.255 0.00679536436 2
0 0.505 -0.245 0.00564930771 2
0 0.505 -0.235 0.004432580167 2
0 0.505 -0.225 0.003156834823 2
0 0.505 -0.215 0.001836372629 2
0 0.505 -0.205 0.0004898919587 2
0 0.505 -0.195 -0.0008586098128 2
0 0.505 -0.185 -0.002180842999 2
0 0.505 -0.175 -0.003457553005 2
0 0.505 -0.165 -0.004688499839 2
0 0.505 -0.155 -0.005886086159 2
0 0.505 -0.145 -0.007065893293 2
0 0.505 -0.135 -0.008238168787 2
0 0.505 -0.125 -0.009400172312 2
0 0.505 -0.115 -0.01053691185 2
0 0.505 -0.105 -0.01162976707 2
0 0.505 -0.095 -0.01266355639 2
0 0.505 -0.085 -0.01362599165 2
0 0.505 -0.075 -0.01450768665 2
0 0.505 -0.065 -0.01530086392 2
0 0.505 -0.055 -0.01599863703 2
0 0.505 -0.045 -0.01659459215 2
0 0.505 -0.035 -0.01708261476 2
0 0.505 -0.025 -0.01745703656 2
0 0.505 -0.015 -0.01771295165 2
0 0.505 -0.005 -0.0178465339 2
0 0.505 0.005 -0.01785525727 2
0 0.505 0.015 -0.01773799168 2
0 0.505 0.025 -0.01749499354 2
0 0.505 0.035 -0.01712783317 2
0 0.505 0.045 -0.01663929766 2
0 0.505 0.055 -0.0160332964 2
0 0.505 0.065 -0.01531478262 2
0 0.505 0.075 -0.01448969396 2
0 0.505 0.085 -0.01356490913 2
0 0.505 0.095 -0.0125482101 2
0 0.505 0.105 -0.01144825158 2
0 0.505 0.115 -0.01027450975 2
0 0.505 0.125 -0.009037281626 2
0 0.505 0.135 -0.007747775134 2
0 0.505 0.145 -0.006418119555 2
0 0.505 0.155 -0.00506213828 2
0 0.505 0.165 -0.003694692237 2
0 0.505 0.175 -0.002332844099 2
0 0.505 0.185 -0.0009912530865 2
0 0.505 0.195 0.000330164037 2
0 0.505 0.205 0.001601655595 2
0 0.505 0.215 0.002789721299 2
0 0.505 0.225 0.003874690813 1
0 0.505 0.235 0.004882439909 1
0 0.505 0.245 0.005851951085 1
0 0.505 0.255 0.006774039504 1
0 0.505 0.265 0.007657499833 1
0 0.505 0.275 0.008502154645 1
0 0.505 0.285 0.009292740436 1
0 0.505 0.295 0.01001890955 1
0 0.505 0.305 0.01070169044 1
0 0.505 0.315 0.01136758968 2
0 0.505 0.325 0.01192197374 2
0 0.505 0.335 0.01233498359 2
0 0.505 0.345 0.01260035729 2
0 0.505 0.355 0.01272482272 2
0 0.505 0.365 0.01271124362 2
0 0.505 0.375 0.01256189001 2
0 0.505 0.385 0.0122793057 2
0 0.505 0.395 0.01186646636 2
0 0.505 0.405 0.01132700819 2
0 0.505 0.415 0.01066528963 2
0 0.505 0.425 0.009886429458 2
0 0.505 0.435 0.008996321307 2
0 0.505 0.445 0.008001515548 2
0 0.505 0.455 0.006909533628 2
0 0.505 0.465 0.005727004807 2
0 0.505 0.475 0.004467524007 2
0 0.505 0.485 0.003115255142 2
0 0.505 0.495 0.001788806573 2
0 0.505 0.505 0 2
0 0.505 0.515 0 2
0 0.505 0.525 0 2
0 0.505 0.535 0 2
0 0.505 0.545 0 2
0 0.505 0.555 0 2
0 0.505 0.565 0 2
0 0.515 -0.555 0 2
0 0.515 -0.545 0 2
0 0.515 -0.535 0 1
0 0.515 -0.525 0 1
0 0.515 -0.515 0 1
0 0.515 -0.505 0 1
0 0.515 -0.495 0.001426143909 1
0 0.515 -0.485 0.00258090291 2
0 0.515 -0.475 0.003903682374 2
0 0.515 -0.465 0.005243616735 2
0 0.515 -0.455 0.006537455251 2
0 0.515 -0.445 0.007733816665 2
0 0.515 -0.435 0.008862486502 2
0 0.515 -0.425 0.00984387889 2
0 0.515 -0.415 0.01059569166 1
0 0.515 -0.405 0.01113249689 1
0 0.515 -0.395 0.01155535555 1
0 0.515 -0.385 0.01190152931 1
0 0.515 -0.375 0.01215847699 1
0 0.515 -0.365 0.0123254048 1
0 0.515 -0.355 0.01240890302 1
0 0.515 -0.345 0.01241665246 2
0 0.515 -0.335 0.01228290253 2
0 0.515 -0.325 0.01200768665 2
0 0.515 -0.315 0.01160011662 2
0 0.515 -0.305 0.01106648381 2
0 0.515 -0.295 0.01041360301 2
0 0.515 -0.285 0.009648097024 2
0 0.515 -0.275 0.008776924667 2
0 0.515 -0.265 0.007807441991 2
0 0.515 -0.255 0.006747542046 2
0 0.515 -0.245 0.005605692891 2
0 0.515 -0.235 0.004391386455 2
0 0.515 -0.225 0.003114812076 2
0 0.515 -0.215 0.001789800861 2
0 0.515 -0.205 0.000435127462 2
0 0.515 -0.195 -0.0009291188545 2
0 0.515 -0.185 -0.002257075727 2
0 0.515 -0.175 -0.003511698627 2
0 0.515 -0.165 -0.004699210192 2
0 0.515 -0.155 -0.005845662307 2
0 0.515 -0.145 -0.006982044326 2
0 0.515 -0.135 -0.008129600539 2
0 0.515 -0.125 -0.009284917873 2
0 0.515 -0.115 -0.01041916142 2
0 0.515 -0.105 -0.01150566452 2
0 0.515 -0.095 -0.01253380172 2
0 0.515 -0.085 -0.01349039148 2
0 0.515 -0.075 -0.0143662338 2
0 0.515 -0.065 -0.01515462406 2
0 0.515 -0.055 -0.01584949544 2
0 0.515 -0.045 -0.01644463408 2
0 0.515 -0.035 -0.01693366763 2
0 0.515 -0.025 -0.01731037565 2
0 0.515 -0.015 -0.01756924468 2
0 0.515 -0.005 -0.01770596785 2
0 0.515 0.005 -0.01771773649 2
0 0.515 0.015 -0.01760332253 2
0 0.515 0.025 -0.01736300853 2
0 0.515 0.035 -0.0169984477 2
0 0.515 0.045 -0.01651251295 2
0 0.515 0.055 -0.01590917068 2
0 0.515 0.065 -0.01519339052 2
0 0.515 0.075 -0.01437108951 2
0 0.515 0.085 -0.01344910249 2
0 0.515 0.095 -0.01243516322 2
0 0.515 0.105 -0.01133789405 2
0 0.515 0.115 -0.01016674222 2
0 0.515 0.125 -0.008932017621 2
0 0.515 0.135 -0.007644746023 2
0 0.515 0.145 -0.006317176339 2
0 0.515 0.155 -0.004964226734 2
0 0.515 0.165 -0.003604528089 2
0 0.515 0.175 -0.002261201946 2
0 0.515 0.185 -0.0009535593727 2
0 0.515 0.195 0.0003203884512 2
0 0.515 0.205 0.001553856796 2
0 0.515 0.215 0.002724153497 2
0 0.515 0.225 0.003807868866 2
0 0.515 0.235 0.004818536894 1
0 0.515 0.245 0.005784774485 1
0 0.515 0.255 0.006700711305 1
0 0.515 0.265 0.007583439084 1
0 0.515 0.275 0.008434658963 1
0 0.515 0.285 0.009235366608 1
0 0.515 0.295 0.00996988197 1
0 0.515 0.305 0.01065017984 1
0 0.515 0.315 0.01128289195 2
0 0.515 0.325 0.01181769399 2
0 0.515 0.335 0.01223033085 2
0 0.515 0.345 0.01249501847 2
0 0.515 0.355 0.01262092009 2
0 0.515 0.365 0.01260906628 2
0 0.515 0.375 0.01246192213 2
0 0.515 0.385 0.01218199003 2
0 0.515 0.395 0.01177233049 2
0 0.515 0.405 0.01123663994 2
0 0.515 0.415 0.01057933931 2
0 0.515 0.425 0.009805612272 2
0 0.515 0.435 0.008921431967 2
0 0.515 0.445 0.007933453001 2
0 0.515 0.455 0.006849322094 2
0 0.515 0.465 0.00567582243 2
0 0.515 0.475 0.004426610632 2
0 0.515 0.485 0.003086131639 2
0 0.515 0.495 0.001771821853 2
0 0.515 0.505 0 2
0 0.515 0.515 0 2
0 0.515 0.525 0 2
0 0.515 0.535 0 2
0 0.515 0.545 0 2
0 0.515 0.555 0 2
0 0.515 0.565 0 2
0 0.525 -0.555 0 1
0 0.525 -0.545 0 1
0 0.525 -0.535 0 1
0 0.525 -0.525 0 1
0 0.525 -0.515 0 1
0 0.525 -0.505 0 1
0 0.525 -0.495 0.001365398183 1
0 0.525 -0.485 0.002481025442 1
0 0.525 -0.475 0.003831446533 2
0 0.525 -0.465 0.005189444605 2
0 0.525 -0.455 0.006491611257 2
0 0.525 -0.445 0.007685821099 2
0 0.525 -0.435 0.008808455505 2
0 0.525 -0.425 0.009788617618 2
0 0.525 -0.415 0.01054430926 1
0 0.525 -0.405 0.01108359516 1
0 0.525 -0.395 0.01150550333 1
0 0.525 -0.385 0.01184908772 1
0 0.525 -0.375 0.01210292312 1
0 0.525 -0.365 0.01226723465 1
0 0.525 -0.355 0.01234673281 1
0 0.525 -0.345 0.01234494779 2
0 0.525 -0.335 0.01220251246 2
0 0.525 -0.325 0.01192370978 2
0 0.525 -0.315 0.01151653881 2
0 0.525 -0.305 0.01098642879 2
0 0.525 -0.295 0.01033875019 2
0 0.525 -0.285 0.00957964103 2
0 0.525 -0.275 0.00871554892 2
0 0.525 -0.265 0.007753457037 2
0 0.525 -0.255 0.006700814987 2
0 0.525 -0.245 0.005565497868 2
0 0.525 -0.235 0.004356171548 2
0 0.525 -0.225 0.003081471938 2
0 0.525 -0.215 0.001754520569 2
0 0.525 -0.205 0.0003821728039 2
0 0.525 -0.195 -0.0009973365531 2
0 0.525 -0.185 -0.002319064526 2
0 0.525 -0.175 -0.003543212419 2
0 0.525 -0.165 -0.004698415149 2
0 0.525 -0.155 -0.005823632938 2
0 0.525 -0.145 -0.00692488277 2
0 0.525 -0.135 -0.008035442681 2
0 0.525 -0.125 -0.009168607795 2
0 0.525 -0.115 -0.01029541175 2
0 0.525 -0.105 -0.01137915544 2
0 0.525 -0.095 -0.01239932718 2
0 0.525 -0.085 -0.01334776033 2
0 0.525 -0.075 -0.01421551135 2
0 0.525 -0.065 -0.01499727092 2
0 0.525 -0.055 -0.01568824098 2
0 0.525 -0.045 -0.01628244844 2
0 0.525 -0.035 -0.0167729533 2
0 0.525 -0.025 -0.01715260471 2
0 0.525 -0.015 -0.01741498689 2
0 0.525 -0.005 -0.01755517003 2
0 0.525 0.005 -0.01757005945 2
0 0.525 0.015 -0.0174584105 2
0 0.525 0.025 -0.01722063797 2
0 0.525 0.035 -0.01685857121 2
0 0.525 0.045 -0.01637523078 2
0 0.525 0.055 -0.01577466852 2
0 0.525 0.065 -0.01506187167 2
0 0.525 0.075 -0.01424272065 2
0 0.525 0.085 -0.01332398486 2
0 0.525 0.095 -0.0123133417 2
0 0.525 0.105 -0.01121940182 2
0 0.525 0.115 -0.01005166757 2
0 0.525 0.125 -0.008820593832 2
0 0.525 0.135 -0.007536947445 2
0 0.525 0.145 -0.006213284539 2
0 0.525 0.155 -0.004864718324 2
0 0.525 0.165 -0.003505862116 2
0 0.525 0.175 -0.00217319434 2
0 0.525 0.185 -0.0009024004156 2
0 0.525 0.195 0.0003079828057 2
0 0.525 0.205 0.001490230742 2
0 0.525 0.215 0.002645431568 2
0 0.525 0.225 0.003739029414 2
0 0.525 0.235 0.00475781027 2
0 0.525 0.245 0.005707826853 2
0 0.525 0.255 0.006607837925 1
0 0.525 0.265 0.007495980027 1
0 0.525 0.275 0.008360798934 1
0 0.525 0.285 0.009176503187 1
0 0.525 0.295 0.009917316999 1
0 0.525 0.305 0.01059835792 2
0 0.525 0.315 0.01119947734 2
0 0.525 0.325 0.01172021554 2
0 0.525 0.335 0.01212477065 2
0 0.525 0.345 0.01238630408 2
0 0.525 0.355 0.01251176861 2
0 0.525 0.365 0.01250055252 2
0 0.525 0.375 0.01235498328 2
0 0.525 0.385 0.01207738174 2
0 0.525 0.395 0.01167079251 2
0 0.525 0.405 0.01113890209 2
0 0.525 0.415 0.01048614349 2
0 0.525 0.425 0.009717730127 2
0 0.525 0.435 0.008839696103 2
0 0.525 0.445 0.007858805569 2
0 0.525 0.455 0.006782867122 2
0 0.525 0.465 0.005618898 2
0 0.525 0.475 0.004380713046 2
0 0.525 0.485 0.003053186118 2
0 0.525 0.495 0.001752464397 2
0 0.525 0.505 0 2
0 0.525 0.515 0 2
0 0.525 0.525 0 2
0 0.525 0.535 0 2
0 0.525 0.545 0 2
0 0.525 0.555 0 2
0 0.525 0.565 0 2
0 0.535 -0.555 0 1
0 0.535 -0.545 0 1
0 0.535 -0.535 0 1
0 0.535 -0.525 0 1
0 0.535 -0.515 0 1
0 0.535 -0.505 0 1
0 0.535 -0.495 0.001324727643 1
0 0.535 -0.485 0.002416227912 1
0 0.535 -0.475 0.00376175087 2
0 0.535 -0.465 0.005133108569 2
0 0.535 -0.455 0.006441667896 2
0 0.535 -0.445 0.007627570386 2
0 0.535 -0.435 0.008731333545 2
0 0.535 -0.425 0.009710044492 2
0 0.535 -0.415 0.0104843532 1
0 0.535 -0.405 0.01103405898 1
0 0.535 -0.395 0.01145478739 1
0 0.535 -0.385 0.01179428777 1
0 0.535 -0.375 0.01204321274 1
0 0.535 -0.365 0.0122067106 1
0 0.535 -0.355 0.01228605979 1
0 0.535 -0.345 0.01226898591 2
0 0.535 -0.335 0.01211331692 2
0 0.535 -0.325 0.01183257331 2
0 0.535 -0.315 0.01142633558 2
0 0.535 -0.305 0.01090051287 2
0 0.535 -0.295 0.01025887716 2
0 0.535 -0.285 0.009507192035 2
0 0.535 -0.275 0.008651441926 2
0 0.535 -0.265 0.007698283492 2
0 0.535 -0.255 0.006654779502 2
0 0.535 -0.245 0.005528302804 2
0 0.535 -0.235 0.004326708372 2
0 0.535 -0.225 0.003057302428 2
0 0.535 -0.215 0.00173144215 2
0 0.535 -0.205 0.0003459989679 2
0 0.535 -0.195 -0.001042884452 2
0 0.535 -0.185 -0.00235422744 2
0 0.535 -0.175 -0.003556383091 1
0 0.535 -0.165 -0.004691790013 1
0 0.535 -0.155 -0.005807315393 1
0 0.535 -0.145 -0.006893322369 1
0 0.535 -0.135 -0.007969964359 2
0 0.535 -0.125 -0.009061310828 2
0 0.535 -0.115 -0.01016675959 2
0 0.535 -0.105 -0.01124558893 2
0 0.535 -0.095 -0.01226151777 2
0 0.535 -0.085 -0.01319864858 2
0 0.535 -0.075 -0.01405494509 2
0 0.535 -0.065 -0.01482774405 2
0 0.535 -0.055 -0.01551386317 2
0 0.535 -0.045 -0.01610732127 2
0 0.535 -0.035 -0.0166001655 2
0 0.535 -0.025 -0.01698376163 2
0 0.535 -0.015 -0.01725038701 2
0 0.535 -0.005 -0.01739433651 2
0 0.535 0.005 -0.01741228302 2
0 0.535 0.015 -0.01730313298 2
0 0.535 0.025 -0.01706760685 2
0 0.535 0.035 -0.0167078381 2
0 0.535 0.045 -0.01622706337 2
0 0.535 0.055 -0.01562943987 2
0 0.535 0.065 -0.01491995839 2
0 0.535 0.075 -0.01410442726 2
0 0.535 0.085 -0.01318950554 2
0 0.535 0.095 -0.01218277581 2
0 0.535 0.105 -0.01109282852 2
0 0.535 0.115 -0.009929332152 2
0 0.535 0.125 -0.008703109252 2
0 0.535 0.135 -0.007425272214 2
0 0.535 0.145 -0.00610904932 2
0 0.535 0.155 -0.004760244181 2
0 0.535 0.165 -0.003406440149 2
0 0.535 0.175 -0.002099514026 2
0 0.535 0.185 -0.0008789438574 2
0 0.535 0.195 0.000282732806 2
0 0.535 0.205 0.001429588572 2
0 0.535 0.215 0.002562647942 2
0 0.535 0.225 0.003655304203 2
0 0.535 0.235 0.004690886998 2
0 0.535 0.245 0.00565588461 2
0 0.535 0.255 0.006556722384 2
0 0.535 0.265 0.00743008002 2
0 0.535 0.275 0.008291028235 2
0 0.535 0.285 0.00911523818 2
0 0.535 0.295 0.009862604301 2
0 0.535 0.305 0.01053073123 2
0 0.535 0.315 0.01112657897 2
0 0.535 0.325 0.01163402976 2
0 0.535 0.335 0.01202273565 2
0 0.535 0.345 0.01227779163 2
0 0.535 0.355 0.01239985016 2
0 0.535 0.365 0.01238748244 2
0 0.535 0.375 0.01224235963 2
0 0.535 0.385 0.01196644739 2
0 0.535 0.395 0.01156260773 2
0 0.535 0.405 0.01103440824 2
0 0.535 0.415 0.01038621152 2
0 0.535 0.425 0.009623198664 2
0 0.535 0.435 0.008751421249 2
0 0.535 0.445 0.007777737399 2
0 0.535 0.455 0.006710141058 2
0 0.535 0.465 0.00555598168 2
0 0.535 0.475 0.00432937852 2
0 0.535 0.485 0.00301589836 2
0 0.535 0.495 0.001730310373 2
0 0.535 0.505 0 2
0 0.535 0.515 0 2
0 0.535 0.525 0 2
0 0.535 0.535 0 2
0 0.535 0.545 0 1
0 0.535 0.555 0 1
0 0.535 0.565 0 1
0 0.545 -0.555 0 1
0 0.545 -0.545 0 1
0 0.545 -0.535 0 1
0 0.545 -0.525 0 1
0 0.545 -0.515 0 1
0 0.545 -0.505 0 1
0 0.545 -0.495 0.001309985538 1
0 0.545 -0.485 0.002396665392 1
0 0.545 -0.475 0.003731574521 2
0 0.545 -0.465 0.005090910155 2
0 0.545 -0.455 0.006388853743 2
0 0.545 -0.445 0.007560890949 2
0 0.545 -0.435 0.008642421073 2
0 0.545 -0.425 0.009608551199 2
0 0.545 -0.415 0.01040626222 1
0 0.545 -0.405 0.0109763746 1
0 0.545 -0.395 0.01140052028 1
0 0.545 -0.385 0.01173723746 1
0 0.545 -0.375 0.01198002177 1
0 0.545 -0.365 0.01214123819 1
0 0.545 -0.355 0.01222079758 1
0 0.545 -0.345 0.01218280527 2
0 0.545 -0.335 0.01201490578 2
0 0.545 -0.325 0.01173442219 2
0 0.545 -0.315 0.01133008532 2
0 0.545 -0.305 0.01080920545 2
0 0.545 -0.295 0.01017426702 2
0 0.545 -0.285 0.009430744551 2
0 0.545 -0.275 0.008584264839 2
0 0.545 -0.265 0.007641212814 2
0 0.545 -0.255 0.006608323812 2
0 0.545 -0.245 0.00549255542 2
0 0.545 -0.235 0.004300970967 2
0 0.545 -0.225 0.003039613298 2
0 0.545 -0.215 0.00171703456 2
0 0.545 -0.205 0.000326295464 2
0 0.545 -0.195 -0.00107193264 2
0 0.545 -0.185 -0.00239664271 1
0 0.545 -0.175 -0.003570894891 1
0 0.545 -0.165 -0.004684974544 1
0 0.545 -0.155 -0.005781755185 1
0 0.545 -0.145 -0.006854102489 1
0 0.545 -0.135 -0.007905908218 1
0 0.545 -0.125 -0.008967336567 2
0 0.545 -0.115 -0.01004009601 2
0 0.545 -0.105 -0.01110473314 2
0 0.545 -0.095 -0.01211484668 2
0 0.545 -0.085 -0.01304185001 2
0 0.545 -0.075 -0.01388200417 2
0 0.545 -0.065 -0.01464314206 2
0 0.545 -0.055 -0.01532433227 2
0 0.545 -0.045 -0.01591814757 2
0 0.545 -0.035 -0.01641499862 2
0 0.545 -0.025 -0.01680402503 2
0 0.545 -0.015 -0.01707571833 2
0 0.545 -0.005 -0.01722358022 2
0 0.545 0.005 -0.01724424421 2
0 0.545 0.015 -0.01713705767 2
0 0.545 0.025 -0.01690329349 2
0 0.545 0.035 -0.01654553922 2
0 0.545 0.045 -0.01606730426 2
0 0.545 0.055 -0.01547284663 2
0 0.545 0.065 -0.01476712204 2
0 0.545 0.075 -0.013955806 2
0 0.545 0.085 -0.01304536509 2
0 0.545 0.095 -0.01204318725 2
0 0.545 0.105 -0.01095775711 2
0 0.545 0.115 -0.009798945419 2
0 0.545 0.125 -0.008577971498 2
0 0.545 0.135 -0.007307179081 2
0 0.545 0.145 -0.006000707246 2
0 0.545 0.155 -0.004659525414 2
0 0.545 0.165 -0.003321262409 2
0 0.545 0.175 -0.002049407424 2
0 0.545 0.185 -0.0008769141415 1
0 0.545 0.195 0.0002470570422 1
0 0.545 0.205 0.001372806699 1
0 0.545 0.215 0.002485232104 1
0 0.545 0.225 0.003566901431 1
0 0.545 0.235 0.004610431394 1
0 0.545 0.245 0.005595468389 1
0 0.545 0.255 0.006507426415 1
0 0.545 0.265 0.0073691875 2
0 0.545 0.275 0.008216925566 2
0 0.545 0.285 0.009044160625 2
0 0.545 0.295 0.009803575497 2
0 0.545 0.305 0.01047865894 2
0 0.545 0.315 0.01106660503 2
0 0.545 0.325 0.01155563348 2
0 0.545 0.335 0.01192532119 2
0 0.545 0.345 0.01217049804 2
0 0.545 0.355 0.01228623635 2
0 0.545 0.365 0.01227080849 2
0 0.545 0.375 0.01212486577 2
0 0.545 0.385 0.011849888 2
0 0.545 0.395 0.01144839394 2
0 0.545 0.405 0.01092371993 2
0 0.545 0.415 0.01028006409 2
0 0.545 0.425 0.009522495406 2
0 0.545 0.435 0.008657015509 2
0 0.545 0.445 0.007690525552 2
0 0.545 0.455 0.006631193589 2
0 0.545 0.465 0.00548680335 2
0 0.545 0.475 0.004271986298 2
0 0.545 0.485 0.002973470552 2
0 0.545 0.495 0.001704641535 2
0 0.545 0.505 0 2
0 0.545 0.515 0 2
0 0.545 0.525 0 2
0 0.545 0.535 0 2
0 0.545 0.545 0 1
0 0.545 0.555 0 1
0 0.545 0.565 0 1
0 0.555 -0.555 0 1
0 0.555 -0.545 0 1
0 0.555 -0.535 0 1
0 0.555 -0.525 0 1
0 0.555 -0.515 0 1
0 0.555 -0.505 0 1
0 0.555 -0.495 0.001305463196 1
0 0.555 -0.485 0.002413810683 1
0 0.555 -0.475 0.003742231462 2
0 0.555 -0.465 0.00506614642 2
0 0.555 -0.455 0.006336092218 2
0 0.555 -0.445 0.007489694846 2
0 0.555 -0.435 0.008551630143 2
0 0.555 -0.425 0.009499726618 2
0 0.555 -0.415 0.01029865015 2
0 0.555 -0.405 0.01089595205 1
0 0.555 -0.395 0.01133366115 1
0 0.555 -0.385 0.01167613893 1
0 0.555 -0.375 0.01192132198 1
0 0.555 -0.365 0.01207633865 1
0 0.555 -0.355 0.01214824404 2
0 0.555 -0.345 0.01208453633 2
0 0.555 -0.335 0.01191149227 2
0 0.555 -0.325 0.01163055145 2
0 0.555 -0.315 0.01122897796 2
0 0.555 -0.305 0.01071318834 2
0 0.555 -0.295 0.01008522377 2
0 0.555 -0.285 0.009350212345 2
0 0.555 -0.275 0.008513518279 2
0 0.555 -0.265 0.007581283417 2
0 0.555 -0.255 0.006559955861 2
0 0.555 -0.245 0.005456124698 2
0 0.555 -0.235 0.00427608262 2
0 0.555 -0.225 0.003024833925 2
0 0.555 -0.215 0.001708109569 2
0 0.555 -0.205 0.0003108945233 2
0 0.555 -0.195 -0.001100147606 2
0 0.555 -0.185 -0.002423070876 1
0 0.555 -0.175 -0.003575660576 1
0 0.555 -0.165 -0.004670534147 1
0 0.555 -0.155 -0.005752285593 1
0 0.555 -0.145 -0.006810073928 1
0 0.555 -0.135 -0.007846842876 1
0 0.555 -0.125 -0.008868315233 1
0 0.555 -0.115 -0.009916612039 2
0 0.555 -0.105 -0.0109674452 2
0 0.555 -0.095 -0.01196584485 2
0 0.555 -0.085 -0.01287689503 2
0 0.555 -0.075 -0.01369787251 2
0 0.555 -0.065 -0.01444455948 2
0 0.555 -0.055 -0.01512020602 2
0 0.555 -0.045 -0.0157146136 2
0 0.555 -0.035 -0.01621708665 2
0 0.555 -0.025 -0.01661345321 2
0 0.555 -0.015 -0.01689117325 2
0 0.555 -0.005 -0.01704282167 2
0 0.555 0.005 -0.01706539951 2
0 0.555 0.015 -0.01695928407 2
0 0.555 0.025 -0.01672661371 2
0 0.555 0.035 -0.01637055312 2
0 0.555 0.045 -0.01589489608 2
0 0.555 0.055 -0.01530395247 2
0 0.555 0.065 -0.0146025765 2
0 0.555 0.075 -0.01379622955 2
0 0.555 0.085 -0.01289107421 2
0 0.555 0.095 -0.01189415392 2
0 0.555 0.105 -0.01081365564 2
0 0.555 0.115 -0.00965930637 2
0 0.555 0.125 -0.008442620137 2
0 0.555 0.135 -0.007177872651 2
0 0.555 0.145 -0.005880962881 2
0 0.555 0.155 -0.00455581022 2
0 0.555 0.165 -0.003241011623 2
0 0.555 0.175 -0.00199269684 1
0 0.555 0.185 -0.0008709416321 1
0 0.555 0.195 0.0002194215165 1
0 0.555 0.205 0.001322476935 1
0 0.555 0.215 0.00242218885 1
0 0.555 0.225 0.003498553328 1
0 0.555 0.235 0.004536796762 1
0 0.555 0.245 0.005516064148 1
0 0.555 0.255 0.006430039955 1
0 0.555 0.265 0.007284785864 1
0 0.555 0.275 0.008138734425 2
0 0.555 0.285 0.008980040472 2
0 0.555 0.295 0.009755521984 2
0 0.555 0.305 0.01043380683 2
0 0.555 0.315 0.01100663406 2
0 0.555 0.325 0.01147482048 2
0 0.555 0.335 0.01182914102 2
0 0.555 0.345 0.01206249232 2
0 0.555 0.355 0.01217026127 2
0 0.555 0.365 0.01215040341 2
0 0.555 0.375 0.01200265939 2
0 0.555 0.385 0.0117280029 2
0 0.555 0.395 0.01132853062 2
0 0.555 0.405 0.0108072721 2
0 0.555 0.415 0.01016818151 2
0 0.555 0.425 0.009416133918 2
0 0.555 0.435 0.008556995201 2
0 0.555 0.445 0.00759761658 2
0 0.555 0.455 0.006546283461 2
0 0.555 0.465 0.005411264142 2
0 0.555 0.475 0.004207806967 2
0 0.555 0.485 0.002924683524 2
0 0.555 0.495 0.001674116822 2
0 0.555 0.505 0 2
0 0.555 0.515 0 2
0 0.555 0.525 0 2
0 0.555 0.535 0 1
0 0.555 0.545 0 1
0 0.555 0.555 0 1
0 0.555 0.565 0 1
0 0.565 -0.555 0 1
0 0.565 -0.545 0 1
0 0.565 -0.535 0 1
0 0.565 -0.525 0 1
0 0.565 -0.515 0 1
0 0.565 -0.505 0 1
0 0.565 -0.495 0.001337672031 1
0 0.565 -0.485 0.002479517878 2
0 0.565 -0.475 0.003760710956 2
0 0.565 -0.465 0.00504735517 2
0 0.565 -0.455 0.006286141775 2
0 0.565 -0.445 0.007417834433 2
0 0.565 -0.435 0.008457466125 2
0 0.565 -0.425 0.009385629395 2
0 0.565 -0.415 0.01017690701 2
0 0.565 -0.405 0.01080125738 2
0 0.565 -0.395 0.01125775484 1
0 0.565 -0.385 0.01160532729 1
0 0.565 -0.375 0.01185354531 1
0 0.565 -0.365 0.01199960603 1
0 0.565 -0.355 0.0120462813 2
0 0.565 -0.345 0.01197742273 2
0 0.565 -0.335 0.01180612051 2
0 0.565 -0.325 0.01152272027 2
0 0.565 -0.315 0.01112412261 2
0 0.565 -0.305 0.01061307937 2
0 0.565 -0.295 0.009991960108 2
0 0.565 -0.285 0.009265435382 2
0 0.565 -0.275 0.008438658211 2
0 0.565 -0.265 0.007517528644 2
0 0.565 -0.255 0.006508236541 2
0 0.565 -0.245 0.005417043511 2
0 0.565 -0.235 0.004249639987 2
0 0.565 -0.225 0.003010296304 2
0 0.565 -0.215 0.001702699523 2
0 0.565 -0.205 0.0003021576964 2
0 0.565 -0.195 -0.001110396893 2
0 0.565 -0.185 -0.002422821067 1
0 0.565 -0.175 -0.003558831384 1
0 0.565 -0.165 -0.004642871204 1
0 0.565 -0.155 -0.005724220923 1
0 0.565 -0.145 -0.006777069972 1
0 0.565 -0.135 -0.007801203663 1
0 0.565 -0.125 -0.008799518135 1
0 0.565 -0.115 -0.009799243929 1
0 0.565 -0.105 -0.01083460158 2
0 0.565 -0.095 -0.01180767166 2
0 0.565 -0.085 -0.01269636657 2
0 0.565 -0.075 -0.01349395676 2
0 0.565 -0.065 -0.014222614 2
0 0.565 -0.055 -0.01489842447 2
0 0.565 -0.045 -0.01549713474 2
0 0.565 -0.035 -0.0160070321 2
0 0.565 -0.025 -0.01641246106 2
0 0.565 -0.015 -0.01669673858 2
0 0.565 -0.005 -0.01685139686 2
0 0.565 0.005 -0.01687451364 2
0 0.565 0.015 -0.01676823199 2
0 0.565 0.025 -0.01653591967 2
0 0.565 0.035 -0.01618132065 2
0 0.565 0.045 -0.01570844809 2
0 0.565 0.055 -0.01512155815 2
0 0.565 0.065 -0.01442531616 2
0 0.565 0.075 -0.01362488394 2
0 0.565 0.085 -0.01272601776 2
0 0.565 0.095 -0.01173526961 2
0 0.565 0.105 -0.01066008151 2
0 0.565 0.115 -0.009509556609 2
0 0.565 0.125 -0.008295522878 2
0 0.565 0.135 -0.007034507579 2
0 0.565 0.145 -0.005739697523 2
0 0.565 0.155 -0.004427218155 2
0 0.565 0.165 -0.003149864399 2
0 0.565 0.175 -0.001959151208 1
0 0.565 0.185 -0.0008766530202 1
0 0.565 0.195 0.000193079222 1
0 0.565 0.205 0.001276621046 1
0 0.565 0.215 0.002362456872 1
0 0.565 0.225 0.003430838201 1
0 0.565 0.235 0.004466508744 1
0 0.565 0.245 0.005446464978 1
0 0.565 0.255 0.006362070172 1
0 0.565 0.265 0.007214645979 1
0 0.565 0.275 0.008046669351 1
0 0.565 0.285 0.008910170663 2
0 0.565 0.295 0.009694405746 2
0 0.565 0.305 0.01037204154 2
0 0.565 0.315 0.01093508978 2
0 0.565 0.325 0.01138861313 2
0 0.565 0.335 0.01172870899 2
0 0.565 0.345 0.0119504852 2
0 0.565 0.355 0.01205010573 2
0 0.565 0.365 0.01202531133 2
0 0.565 0.375 0.01187532537 2
0 0.565 0.385 0.01160070079 2
0 0.565 0.395 0.01120313574 2
0 0.565 0.405 0.01068533447 2
0 0.565 0.415 0.01005096131 2
0 0.565 0.425 0.009304629362 2
0 0.565 0.435 0.008451968344 2
0 0.565 0.445 0.007499651116 2
0 0.565 0.455 0.006455970133 2
0 0.565 0.465 0.0053293819 2
0 0.565 0.475 0.004135911377 2
0 0.565 0.485 0.002867584971 2
0 0.565 0.495 0.001636347431 2
0 0.565 0.505 0 2
0 0.565 0.515 0 2
0 0.565 0.525 0 2
0 0.565 0.535 0 1
0 0.565 0.545 0 1
0 0.565 0.555 0 1
0 0.565 0.565 0 1
0 0.575 -0.555 0 1
0 0.575 -0.545 0 1
0 0.575 -0.535 0 1
0 0.575 -0.525 0 1
0 0.575 -0.515 0 1
0 0.575 -0.505 0 1
0 0.575 -0.495 0.001391141192 2
0 0.575 -0.485 0.00252971527 2
0 0.575 -0.475 0.003790385173 2
0 0.575 -0.465 0.005040106668 2
0 0.575 -0.455 0.006238856319 2
0 0.575 -0.445 0.00734629595 2
0 0.575 -0.435 0.008359463736 2
0 0.575 -0.425 0.009265806862 2
0 0.575 -0.415 0.01004890099 2
0 0.575 -0.405 0.01068925059 2
0 0.575 -0.395 0.01117819976 2
0 0.575 -0.385 0.01153125993 2
0 0.575 -0.375 0.01177561833 2
0 0.575 -0.365 0.01191165746 2
0 0.575 -0.355 0.01193580259 2
0 0.575 -0.345 0.01186699113 2
0 0.575 -0.335 0.01169723323 2
0 0.575 -0.325 0.01141206476 2
0 0.575 -0.315 0.01101592936 2
0 0.575 -0.305 0.01050911981 2
0 0.575 -0.295 0.009894472018 2
0 0.575 -0.285 0.009176176628 2
0 0.575 -0.275 0.008359193626 2
0 0.575 -0.265 0.007449180081 2
0 0.575 -0.255 0.006452104948 2
0 0.575 -0.245 0.005373979981 2
0 0.575 -0.235 0.004220240995 2
0 0.575 -0.225 0.002994787121 2
0 0.575 -0.215 0.001700661356 2
0 0.575 -0.205 0.0003215247166 2
0 0.575 -0.195 -0.001082761818 2
0 0.575 -0.185 -0.002404832401 1
0 0.575 -0.175 -0.00354594131 1
0 0.575 -0.165 -0.004619821638 1
0 0.575 -0.155 -0.005685370696 1
0 0.575 -0.145 -0.006734088466 1
0 0.575 -0.135 -0.007754090969 1
0 0.575 -0.125 -0.008742791645 1
0 0.575 -0.115 -0.009713855463 1
0 0.575 -0.105 -0.01069677468 2
0 0.575 -0.095 -0.01164726461 2
0 0.575 -0.085 -0.012525396 2
0 0.575 -0.075 -0.01330801418 2
0 0.575 -0.065 -0.01401668268 2
0 0.575 -0.055 -0.01467220552 2
0 0.575 -0.045 -0.01525678566 2
0 0.575 -0.035 -0.01577881496 2
0 0.575 -0.025 -0.01620121908 2
0 0.575 -0.015 -0.01649200636 2
0 0.575 -0.005 -0.01664760664 2
0 0.575 0.005 -0.01666926255 2
0 0.575 0.015 -0.01656144251 2
0 0.575 0.025 -0.01632898066 2
0 0.575 0.035 -0.01597591687 2
0 0.575 0.045 -0.01550633767 2
0 0.575 0.055 -0.01492430189 2
0 0.575 0.065 -0.01423419609 2
0 0.575 0.075 -0.01344081506 2
0 0.575 0.085 -0.01254945661 2
0 0.575 0.095 -0.01156608358 2
0 0.575 0.105 -0.01049707651 2
0 0.575 0.115 -0.009350713381 2
0 0.575 0.125 -0.008138276996 2
0 0.575 0.135 -0.00687180161 2
0 0.575 0.145 -0.005578939683 2
0 0.575 0.155 -0.00429058514 2
0 0.575 0.165 -0.003075524789 2
0 0.575 0.175 -0.001951223721 1
0 0.575 0.185 -0.0008952546542 1
0 0.575 0.195 0.0001596457665 1
0 0.575 0.205 0.001229255677 1
0 0.575 0.215 0.002299282711 1
0 0.575 0.225 0.003359817725 1
0 0.575 0.235 0.00439431375 1
0 0.575 0.245 0.005382959418 1
0 0.575 0.255 0.006308566371 1
0 0.575 0.265 0.007163176224 1
0 0.575 0.275 0.007982734599 1
0 0.575 0.285 0.008832334725 2
0 0.575 0.295 0.009618003475 2
0 0.575 0.305 0.01029513406 2
0 0.575 0.315 0.01084895728 2
0 0.575 0.325 0.01129077679 2
0 0.575 0.335 0.01161929496 2
0 0.575 0.345 0.01183127369 2
0 0.575 0.355 0.01192364166 2
0 0.575 0.365 0.0118942291 2
0 0.575 0.375 0.01174212437 2
0 0.575 0.385 0.01146761682 2
0 0.575 0.395 0.0110721052 2
0 0.575 0.405 0.01055800331 2
0 0.575 0.415 0.009928680074 2
0 0.575 0.425 0.009188444352 2
0 0.575 0.435 0.008342589346 2
0 0.575 0.445 0.007397473387 2
0 0.575 0.455 0.00636119718 2
0 0.575 0.465 0.005242050839 2
0 0.575 0.475 0.004057096102 2
0 0.575 0.485 0.002801697277 2
0 0.575 0.495 0.001584737585 2
0 0.575 0.505 0 2
0 0.575 0.515 0 2
0 0.575 0.525 0 2
0 0.575 0.535 0 1
0 0.575 0.545 0 1
0 0.575 0.555 0 1
0 0.575 0.565 0 1
0 0.585 -0.555 0 1
0 0.585 -0.545 0 1
0 0.585 -0.535 0 1
0 0.585 -0.525 0 1
0 0.585 -0.515 0 1
0 0.585 -0.505 0 2
0 0.585 -0.495 0.001425048395 2
0 0.585 -0.485 0.002579170655 2
0 0.585 -0.475 0.00382765423 2
0 0.585 -0.465 0.005037384188 2
0 0.585 -0.455 0.006193533202 2
0 0.585 -0.445 0.007274473288 2
0 0.585 -0.435 0.008264480144 2
0 0.585 -0.425 0.009148960948 2
0 0.585 -0.415 0.009918442413 2
0 0.585 -0.405 0.01055973741 2
0 0.585 -0.395 0.0110631808 2
0 0.585 -0.385 0.01142853608 2
0 0.585 -0.375 0.01167323897 2
0 0.585 -0.365 0.01180751078 2
0 0.585 -0.355 0.01183151996 2
0 0.585 -0.345 0.01175839221 2
0 0.585 -0.335 0.01158382316 2
0 0.585 -0.325 0.01129837984 2
0 0.585 -0.315 0.01090400108 2
0 0.585 -0.305 0.0104010627 2
0 0.585 -0.295 0.009792496411 2
0 0.585 -0.285 0.009082133984 2
0 0.585 -0.275 0.008274747531 2
0 0.585 -0.265 0.007375771173 2
0 0.585 -0.255 0.006391008247 2
0 0.585 -0.245 0.005326330788 2
0 0.585 -0.235 0.004187268945 2
0 0.585 -0.225 0.002977913958 2
0 0.585 -0.215 0.001702549039 2
0 0.585 -0.205 0.0003525265451 2
0 0.585 -0.195 -0.001033003137 2
0 0.585 -0.185 -0.002364774989 1
0 0.585 -0.175 -0.003516993171 1
0 0.585 -0.165 -0.004586240595 1
0 0.585 -0.155 -0.005640811273 1
0 0.585 -0.145 -0.006680629075 1
0 0.585 -0.135 -0.007696080646 1
0 0.585 -0.125 -0.008677136286 1
0 0.585 -0.115 -0.009626181153 1
0 0.585 -0.105 -0.01055921391 1
0 0.585 -0.095 -0.01148740355 1
0 0.585 -0.085 -0.01235911078 1
0 0.585 -0.075 -0.01313361145 1
0 0.585 -0.065 -0.01382726089 1
0 0.585 -0.055 -0.01445506594 2
0 0.585 -0.045 -0.01501124725 2
0 0.585 -0.035 -0.0155340625 2
0 0.585 -0.025 -0.01597454962 2
0 0.585 -0.015 -0.01627419897 2
0 0.585 -0.005 -0.0164274852 2
0 0.585 0.005 -0.01644594248 2
0 0.585 0.015 -0.01633568162 2
0 0.585 0.025 -0.01610319537 2
0 0.585 0.035 -0.01575228888 2
0 0.585 0.045 -0.01528692648 2
0 0.585 0.055 -0.01471084045 2
0 0.585 0.065 -0.01402807208 2
0 0.585 0.075 -0.01324301239 2
0 0.585 0.085 -0.01236050194 2
0 0.585 0.095 -0.0113858896 2
0 0.585 0.105 -0.01032469863 2
0 0.585 0.115 -0.009184172951 2
0 0.585 0.125 -0.007966561956 2
0 0.585 0.135 -0.006692850467 2
0 0.585 0.145 -0.005411544355 2
0 0.585 0.155 -0.004177240817 2
0 0.585 0.165 -0.003018841324 1
0 0.585 0.175 -0.001940261439 1
0 0.585 0.185 -0.0009029743929 1
0 0.585 0.195 0.0001328726552 1
0 0.585 0.205 0.001181732179 1
0 0.585 0.215 0.002235109865 1
0 0.585 0.225 0.003290140545 1
0 0.585 0.235 0.004328338287 1
0 0.585 0.245 0.005325125514 1
0 0.585 0.255 0.006256137316 1
0 0.585 0.265 0.007115250595 1
0 0.585 0.275 0.007933251247 1
0 0.585 0.285 0.008761997151 2
0 0.585 0.295 0.009530172927 2
0 0.585 0.305 0.01020019826 2
0 0.585 0.315 0.01074550812 2
0 0.585 0.325 0.01117871605 2
0 0.585 0.335 0.01149846117 2
0 0.585 0.345 0.01170274995 2
0 0.585 0.355 0.01178918935 2
0 0.585 0.365 0.01175597892 2
0 0.585 0.375 0.01160227291 2
0 0.585 0.385 0.01132826682 2
0 0.585 0.395 0.01093518208 2
0 0.585 0.405 0.01042520974 2
0 0.585 0.415 0.009801452675 2
0 0.585 0.425 0.009067904298 2
0 0.585 0.435 0.008229447654 2
0 0.585 0.445 0.007292006692 2
0 0.585 0.455 0.006262982497 2
0 0.585 0.465 0.005150525996 2
0 0.585 0.475 0.003972752575 2
0 0.585 0.485 0.002718888527 2
0 0.585 0.495 0.001514289585 2
0 0.585 0.505 0 2
0 0.585 0.515 0 2
0 0.585 0.525 0 2
0 0.585 0.535 0 1
0 0.585 0.545 0 1
0 0.585 0.555 0 1
0 0.585 0.565 0 1
0 0.595 -0.555 0 1
0 0.595 -0.545 0 1
0 0.595 -0.535 0 1
0 0.595 -0.525 0 2
0 0.595 -0.515 0 2
0 0.595 -0.505 0 2
0 0.595 -0.495 0.001464569594 2
0 0.595 -0.485 0.002625376199 2
0 0.595 -0.475 0.003849992479 2
0 0.595 -0.465 0.005022772181 2
0 0.595 -0.455 0.006148423195 2
0 0.595 -0.445 0.007201665911 2
0 0.595 -0.435 0.008167691716 2
0 0.595 -0.425 0.00903316169 2
0 0.595 -0.415 0.009786791433 2
0 0.595 -0.405 0.01041837739 2
0 0.595 -0.395 0.01092199198 2
0 0.595 -0.385 0.01129754168 2
0 0.595 -0.375 0.0115515888 2
0 0.595 -0.365 0.01169080734 2
0 0.595 -0.355 0.01171996398 2
0 0.595 -0.345 0.0116450399 2
0 0.595 -0.335 0.01146603888 2
0 0.595 -0.325 0.01118027709 2
0 0.595 -0.315 0.01078740965 2
0 0.595 -0.305 0.01028825569 2
0 0.595 -0.295 0.009685566975 2
0 0.595 -0.285 0.008982975117 2
0 0.595 -0.275 0.008185080785 2
0 0.595 -0.265 0.007297143732 2
0 0.595 -0.255 0.006324871329 2
0 0.595 -0.245 0.005274122304 2
0 0.595 -0.235 0.004150758038 2
0 0.595 -0.225 0.002959596482 2
0 0.595 -0.215 0.001707189974 2
0 0.595 -0.205 0.0003875724358 2
0 0.595 -0.195 -0.0009652898871 2
0 0.595 -0.185 -0.002277472471 2
0 0.595 -0.175 -0.003468286457 1
0 0.595 -0.165 -0.004547659706 1
0 0.595 -0.155 -0.005593755948 1
0 0.595 -0.145 -0.006619499844 1
0 0.595 -0.135 -0.007625803692 1
0 0.595 -0.125 -0.008599603854 1
0 0.595 -0.115 -0.009541741552 1
0 0.595 -0.105 -0.01046024299 1
0 0.595 -0.095 -0.01135904675 1
0 0.595 -0.085 -0.01220615839 1
0 0.595 -0.075 -0.01297036841 1
0 0.595 -0.065 -0.01364840533 1
0 0.595 -0.055 -0.01424015104 1
0 0.595 -0.045 -0.01477095456 1
0 0.595 -0.035 -0.01527704273 2
0 0.595 -0.025 -0.0157318252 2
0 0.595 -0.015 -0.01603795047 2
0 0.595 -0.005 -0.016184462 2
0 0.595 0.005 -0.0161996083 2
0 0.595 0.015 -0.01608753266 2
0 0.595 0.025 -0.01585612477 2
0 0.595 0.035 -0.01550867925 2
0 0.595 0.045 -0.01504888371 2
0 0.595 0.055 -0.01448010099 2
0 0.595 0.065 -0.01380600708 2
0 0.595 0.075 -0.01303057379 2
0 0.595 0.085 -0.01215818421 2
0 0.595 0.095 -0.01119357325 2
0 0.595 0.105 -0.0101416889 2
0 0.595 0.115 -0.009008238254 2
0 0.595 0.125 -0.007790271153 2
0 0.595 0.135 -0.006515463103 2
0 0.595 0.145 -0.005246407735 2
0 0.595 0.155 -0.004066127933 1
0 0.595 0.165 -0.002979933782 1
0 0.595 0.175 -0.001933029484 1
0 0.595 0.185 -0.0009117210085 1
0 0.595 0.195 0.0001095345157 1
0 0.595 0.205 0.001132110722 1
0 0.595 0.215 0.00216249826 1
0 0.595 0.225 0.003216164246 1
0 0.595 0.235 0.004268526992 1
0 0.595 0.245 0.005278885769 1
0 0.595 0.255 0.006213673359 1
0 0.595 0.265 0.007075461744 1
0 0.595 0.275 0.007891509612 1
0 0.595 0.285 0.008691415932 2
0 0.595 0.295 0.009433736605 2
0 0.595 0.305 0.01009027534 2
0 0.595 0.315 0.0106269072 2
0 0.595 0.325 0.01105297952 2
0 0.595 0.335 0.01136577122 2
0 0.595 0.345 0.0115640478 2
0 0.595 0.355 0.01164585167 2
0 0.595 0.365 0.01160977393 2
0 0.595 0.375 0.01145513977 2
0 0.595 0.385 0.01118217421 2
0 0.595 0.395 0.01079202466 2
0 0.595 0.405 0.01028673521 2
0 0.595 0.415 0.009669194384 2
0 0.595 0.425 0.008943099807 2
0 0.595 0.435 0.008112900468 2
0 0.595 0.445 0.007183974391 2
0 0.595 0.455 0.006162545832 2
0 0.595 0.465 0.00505659976 2
0 0.595 0.475 0.003883641217 2
0 0.595 0.485 0.002632649686 2
0 0.595 0.495 0.001442935053 2
0 0.595 0.505 0 2
0 0.595 0.515 0 1
0 0.595 0.525 0 1
0 0.595 0.535 0 1
0 0.595 0.545 0 1
0 0.595 0.555 0 1
0 0.595 0.565 0 1
0 0.605 -0.555 0 1
0 0.605 -0.545 0 1
0 0.605 -0.535 0 2
0 0.605 -0.525 0 2
0 0.605 -0.515 0 2
0 0.605 -0.505 0 2
0 0.605 -0.495 0.001499919707 2
0 0.605 -0.485 0.002653184107 2
0 0.605 -0.475 0.003853291982 2
0 0.605 -0.465 0.005001446979 2
0 0.605 -0.455 0.006099325907 2
0 0.605 -0.445 0.007126056713 2
0 0.605 -0.435 0.008068621217 2
0 0.605 -0.425 0.008914527852 2
0 0.605 -0.415 0.009653284401 2
0 0.605 -0.405 0.01027617849 2
0 0.605 -0.395 0.01077776421 2
0 0.605 -0.385 0.01115670827 2
0 0.605 -0.375 0.01141601239 2
0 0.605 -0.365 0.01156022346 2
0 0.605 -0.355 0.01159358224 2
0 0.605 -0.345 0.0115200785 2
0 0.605 -0.335 0.01134086061 2
0 0.605 -0.325 0.01105565023 2
0 0.605 -0.315 0.01066486067 2
0 0.605 -0.305 0.0101698021 2
0 0.605 -0.295 0.009573115385 2
0 0.605 -0.285 0.008878380936 2
0 0.605 -0.275 0.008090083585 2
0 0.605 -0.265 0.007213382241 2
0 0.605 -0.255 0.006253964193 2
0 0.605 -0.245 0.005217801441 2
0 0.605 -0.235 0.004111212454 2
0 0.605 -0.225 0.002939946846 2
0 0.605 -0.215 0.001712313809 2
0 0.605 -0.205 0.0004296445065 2
0 0.605 -0.195 -0.0008831684996 2
0 0.605 -0.185 -0.002175550055 2
0 0.605 -0.175 -0.003400010599 1
0 0.605 -0.165 -0.004500607528 1
0 0.605 -0.155 -0.005541763312 1
0 0.605 -0.145 -0.006554300751 1
0 0.605 -0.135 -0.007548626517 1
0 0.605 -0.125 -0.008521738483 1
0 0.605 -0.115 -0.009464460339 1
0 0.605 -0.105 -0.01037301931 1
0 0.605 -0.095 -0.0112445696 1
0 0.605 -0.085 -0.01206392795 1
0 0.605 -0.075 -0.0128110711 1
0 0.605 -0.065 -0.01347385767 1
0 0.605 -0.055 -0.01405493038 1
0 0.605 -0.045 -0.01456306087 1
0 0.605 -0.035 -0.01501544142 1
0 0.605 -0.025 -0.01546972515 2
0 0.605 -0.015 -0.01577221711 2
0 0.605 -0.005 -0.01591364692 2
0 0.605 0.005 -0.01592645566 2
0 0.605 0.015 -0.0158147482 2
0 0.605 0.025 -0.01558635123 2
0 0.605 0.035 -0.01524416989 2
0 0.605 0.045 -0.0147915494 2
0 0.605 0.055 -0.01423155077 2
0 0.605 0.065 -0.01356751578 2
0 0.605 0.075 -0.01280299627 2
0 0.605 0.085 -0.01194186988 2
0 0.605 0.095 -0.01098818664 2
0 0.605 0.105 -0.009946249998 2
0 0.605 0.115 -0.008820406316 2
0 0.605 0.125 -0.007606430356 2
0 0.605 0.135 -0.006337129696 2
0 0.605 0.145 -0.005078072497 1
0 0.605 0.155 -0.003979501442 1
0 0.605 0.165 -0.002948101459 1
0 0.605 0.175 -0.001930064815 1
0 0.605 0.185 -0.0009206468168 1
0 0.605 0.195 8.90694323e-05 1
0 0.605 0.205 0.001088270564 1
0 0.605 0.215 0.002096671412 1
0 0.605 0.225 0.003150460013 1
0 0.605 0.235 0.004215324261 1
0 0.605 0.245 0.005233915824 1
0 0.605 0.255 0.006170536939 1
0 0.605 0.265 0.007031940474 1
0 0.605 0.275 0.00784378491 2
0 0.605 0.285 0.008607499854 2
0 0.605 0.295 0.009329215957 2
0 0.605 0.305 0.009970310434 2
0 0.605 0.315 0.01049701967 2
0 0.605 0.325 0.0109157351 2
0 0.605 0.335 0.01122226431 2
0 0.605 0.345 0.01141543184 2
0 0.605 0.355 0.0114934735 2
0 0.605 0.365 0.01145527087 2
0 0.605 0.375 0.01130032565 2
0 0.605 0.385 0.0110289431 2
0 0.605 0.395 0.01064226017 2
0 0.605 0.405 0.010142237 2
0 0.605 0.415 0.00953160647 2
0 0.605 0.425 0.008813814553 2
0 0.605 0.435 0.00799290958 2
0 0.605 0.445 0.007073631465 2
0 0.605 0.455 0.006060984251 2
0 0.605 0.465 0.004962147389 2
0 0.605 0.475 0.003783360846 2
0 0.605 0.485 0.002534583694 2
0 0.605 0.495 0.001368870065 2
0 0.605 0.505 0 1
0 0.605 0.515 0 1
0 0.605 0.525 0 1
0 0.605 0.535 0 1
0 0.605 0.545 0 1
0 0.605 0.555 0 1
0 0.605 0.565 0 1
0 0.615 -0.555 0 1
0 0.615 -0.545 0 1
0 0.615 -0.535 0 1
0 0.615 -0.525 0 2
0 0.615 -0.515 0 2
0 0.615 -0.505 0 2
0 0.615 -0.495 0.001515488077 2
0 0.615 -0.485 0.002658773368 2
0 0.615 -0.475 0.003844015806 2
0 0.615 -0.465 0.004969982274 2
0 0.615 -0.455 0.006043054361 2
0 0.615 -0.445 0.007045592139 2
0 0.615 -0.435 0.00796603963 2
0 0.615 -0.425 0.008792901456 2
0 0.615 -0.415 0.00951664062 2
0 0.615 -0.405 0.01012961335 2
0 0.615 -0.395 0.01062682751 2
0 0.615 -0.385 0.01100633577 2
0 0.615 -0.375 0.01126908432 2
0 0.615 -0.365 0.01141762437 2
0 0.615 -0.355 0.01145495174 2
0 0.615 -0.345 0.01138392484 2
0 0.615 -0.335 0.0112062574 2
0 0.615 -0.325 0.01092295472 2
0 0.615 -0.315 0.01053521961 2
0 0.615 -0.305 0.01004486043 2
0 0.615 -0.295 0.009454612739 2
0 0.615 -0.285 0.00876809334 2
0 0.615 -0.275 0.007989747465 2
0 0.615 -0.265 0.007124710197 2
0 0.615 -0.255 0.00617871654 2
0 0.615 -0.245 0.005157943254 2
0 0.615 -0.235 0.004069168659 2
0 0.615 -0.225 0.002919236651 2
0 0.615 -0.215 0.001717188142 2
0 0.615 -0.205 0.0004745301039 2
0 0.615 -0.195 -0.00080137763 2
0 0.615 -0.185 -0.002072507806 2
0 0.615 -0.175 -0.003293367671 2
0 0.615 -0.165 -0.00442911317 1
0 0.615 -0.155 -0.005477797373 1
0 0.615 -0.145 -0.006485262445 1
0 0.615 -0.135 -0.007468548804 1
0 0.615 -0.125 -0.008436135563 1
0 0.615 -0.115 -0.009375683073 1
0 0.615 -0.105 -0.01027184447 1
0 0.615 -0.095 -0.01112307939 1
0 0.615 -0.085 -0.01192117657 1
0 0.615 -0.075 -0.01265313469 1
0 0.615 -0.065 -0.01330837554 1
0 0.615 -0.055 -0.01388232835 1
0 0.615 -0.045 -0.01437141379 1
0 0.615 -0.035 -0.01479478048 1
0 0.615 -0.025 -0.01519726894 2
0 0.615 -0.015 -0.01547692943 2
0 0.615 -0.005 -0.0156153009 2
0 0.615 0.005 -0.01562645185 2
0 0.615 0.015 -0.01551762798 2
0 0.615 0.025 -0.01529424834 2
0 0.615 0.035 -0.01495911182 2
0 0.615 0.045 -0.01451519517 2
0 0.615 0.055 -0.01396538098 2
0 0.615 0.065 -0.01331274336 2
0 0.615 0.075 -0.01256044662 2
0 0.615 0.085 -0.01171179654 2
0 0.615 0.095 -0.01076989142 2
0 0.615 0.105 -0.009738103632 2
0 0.615 0.115 -0.008620768399 2
0 0.615 0.125 -0.007408491581 2
0 0.615 0.135 -0.006154368637 2
0 0.615 0.145 -0.004954555369 1
0 0.615 0.155 -0.003916793513 1
0 0.615 0.165 -0.002923397454 1
0 0.615 0.175 -0.001923444735 1
0 0.615 0.185 -0.0009255486579 1
0 0.615 0.195 6.792686438e-05 1
0 0.615 0.205 0.001049248934 1
0 0.615 0.215 0.00204389391 1
0 0.615 0.225 0.003104799154 2
0 0.615 0.235 0.004172139967 2
0 0.615 0.245 0.005190178079 2
0 0.615 0.255 0.006121492835 2
0 0.615 0.265 0.006975282606 2
0 0.615 0.275 0.007769170484 2
0 0.615 0.285 0.008522918337 2
0 0.615 0.295 0.009226050015 2
0 0.615 0.305 0.009845045253 2
0 0.615 0.315 0.01035996768 2
0 0.615 0.325 0.01076978573 2
0 0.615 0.335 0.0110696212 2
0 0.615 0.345 0.01125774936 2
0 0.615 0.355 0.01133236702 2
0 0.615 0.365 0.01129246186 2
0 0.615 0.375 0.01113764235 2
0 0.615 0.385 0.01086828136 2
0 0.615 0.395 0.01048552713 2
0 0.615 0.405 0.009991294548 2
0 0.615 0.415 0.009388211757 2
0 0.615 0.425 0.008679527762 2
0 0.615 0.435 0.007868969409 2
0 0.615 0.445 0.00696062433 2
0 0.615 0.455 0.005958424376 2
0 0.615 0.465 0.004867513862 2
0 0.615 0.475 0.003686308194 2
0 0.615 0.485 0.002433606294 2
0 0.615 0.495 0.001285935997 2
0 0.615 0.505 0 1
0 0.615 0.515 0 1
0 0.615 0.525 0 1
0 0.615 0.535 0 1
0 0.615 0.545 0 1
0 0.615 0.555 0 1
0 0.615 0.565 0 1
0 0.625 -0.555 0 1
0 0.625 -0.545 0 1
0 0.625 -0.535 0 1
0 0.625 -0.525 0 2
0 0.625 -0.515 0 2
0 0.625 -0.505 0 2
0 0.625 -0.495 0.001515459252 2
0 0.625 -0.485 0.002650849606 2
0 0.625 -0.475 0.003821605619 2
0 0.625 -0.465 0.004927645364 2
0 0.625 -0.455 0.005978666379 2
0 0.625 -0.445 0.006959072483 2
0 0.625 -0.435 0.007858782947 2
0 0.625 -0.425 0.008667550005 2
0 0.625 -0.415 0.00937676005 2
0 0.625 -0.405 0.009979483204 2
0 0.625 -0.395 0.0104709562 2
0 0.625 -0.385 0.01084875953 2
0 0.625 -0.375 0.01111264752 2
0 0.625 -0.365 0.01126385738 2
0 0.625 -0.355 0.01130434823 2
0 0.625 -0.345 0.01123624869 2
0 0.625 -0.335 0.0110613515 2
0 0.625 -0.325 0.01078122758 2
0 0.625 -0.315 0.01039762643 2
0 0.625 -0.305 0.009912783235 2
0 0.625 -0.295 0.009329648103 2
0 0.625 -0.285 0.008651936938 2
0 0.625 -0.275 0.007884126833 2
0 0.625 -0.265 0.00703139129 2
0 0.625 -0.255 0.006099558718 2
0 0.625 -0.245 0.005095042516 2
0 0.625 -0.235 0.004024993437 2
0 0.625 -0.225 0.002897283107 2
0 0.625 -0.215 0.001721157524 2
0 0.625 -0.205 0.0005089473169 2
0 0.625 -0.195 -0.0007310325107 2
0 0.625 -0.185 -0.001973140815 2
0 0.625 -0.175 -0.003180606086 2
0 0.625 -0.165 -0.004323322004 2
0 0.625 -0.155 -0.005391475769 1
0 0.625 -0.145 -0.006397341568 1
0 0.625 -0.135 -0.007378790144 1
0 0.625 -0.125 -0.008351486396 1
0 0.625 -0.115 -0.009290799327 1
0 0.625 -0.105 -0.01016842495 1
0 0.625 -0.095 -0.01099573465 1
0 0.625 -0.085 -0.01177481508 1
0 0.625 -0.075 -0.01249340017 1
0 0.625 -0.065 -0.01313780983 1
0 0.625 -0.055 -0.01369689645 1
0 0.625 -0.045 -0.01417760152 1
0 0.625 -0.035 -0.01458891969 1
0 0.625 -0.025 -0.01492642433 2
0 0.625 -0.015 -0.01516214415 2
0 0.625 -0.005 -0.01529405541 2
0 0.625 0.005 -0.01530372007 2
0 0.625 0.015 -0.01519928202 2
0 0.625 0.025 -0.01498212916 2
0 0.625 0.035 -0.0146551848 2
0 0.625 0.045 -0.01422104252 2
0 0.625 0.055 -0.01368250521 2
0 0.625 0.065 -0.01304245844 2
0 0.625 0.075 -0.01230377368 2
0 0.625 0.085 -0.01146919399 2
0 0.625 0.095 -0.01054082765 2
0 0.625 0.105 -0.009520745083 2
0 0.625 0.115 -0.008413920628 2
0 0.625 0.125 -0.00720777054 2
0 0.625 0.135 -0.00598719159 2
0 0.625 0.145 -0.004851199793 1
0 0.625 0.155 -0.003862258837 1
0 0.625 0.165 -0.002896610584 1
0 0.625 0.175 -0.001912803388 1
0 0.625 0.185 -0.0009311893255 1
0 0.625 0.195 4.050958388e-05 1
0 0.625 0.205 0.001000989983 1
0 0.625 0.215 0.001988621094 1
0 0.625 0.225 0.003054761474 2
0 0.625 0.235 0.004125953893 2
0 0.625 0.245 0.005138237711 2
0 0.625 0.255 0.006060796122 2
0 0.625 0.265 0.006909104075 2
0 0.625 0.275 0.007699199748 2
0 0.625 0.285 0.008441613229 2
0 0.625 0.295 0.009122200532 2
0 0.625 0.305 0.009717059997 2
0 0.625 0.315 0.01021805004 2
0 0.625 0.325 0.01061711226 2
0 0.625 0.335 0.0109092493 2
0 0.625 0.345 0.01109187837 2
0 0.625 0.355 0.01116299136 2
0 0.625 0.365 0.0111215057 2
0 0.625 0.375 0.01096704304 2
0 0.625 0.385 0.01069999692 2
0 0.625 0.395 0.01032151657 2
0 0.625 0.405 0.009833485037 2
0 0.625 0.415 0.0092384595 2
0 0.625 0.425 0.0085395445 2
0 0.625 0.435 0.007740240418 2
0 0.625 0.445 0.00684407171 2
0 0.625 0.455 0.005854016883 2
0 0.625 0.465 0.004772533231 2
0 0.625 0.475 0.003595060564 2
0 0.625 0.485 0.002343747236 2
0 0.625 0.495 0.001201756953 1
0 0.625 0.505 0 1
0 0.625 0.515 0 1
0 0.625 0.525 0 1
0 0.625 0.535 0 1
0 0.625 0.545 0 1
0 0.625 0.555 0 1
0 0.625 0.565 0 1
0 0.635 -0.555 0 1
0 0.635 -0.545 0 1
0 0.635 -0.535 0 1
0 0.635 -0.525 0 2
0 0.635 -0.515 0 2
0 0.635 -0.505 0 2
0 0.635 -0.495 0.001506726686 2
0 0.635 -0.485 0.002631519147 2
0 0.635 -0.475 0.003787383225 2
0 0.635 -0.465 0.004874984727 2
0 0.635 -0.455 0.005905801103 2
0 0.635 -0.445 0.006865693295 2
0 0.635 -0.435 0.007745994422 2
0 0.635 -0.425 0.008537548487 2
0 0.635 -0.415 0.009232579393 2
0 0.635 -0.405 0.009824739561 2
0 0.635 -0.395 0.01030945359 2
0 0.635 -0.385 0.0106840055 2
0 0.635 -0.375 0.01094740458 2
0 0.635 -0.365 0.01109998099 2
0 0.635 -0.355 0.01114289883 2
0 0.635 -0.345 0.01107774642 2
0 0.635 -0.335 0.01090623115 2
0 0.635 -0.325 0.01063016612 2
0 0.635 -0.315 0.01025163614 2
0 0.635 -0.305 0.00977318364 2
0 0.635 -0.295 0.009197964405 2
0 0.635 -0.285 0.008529820233 2
0 0.635 -0.275 0.007773303524 2
0 0.635 -0.265 0.00693366202 2
0 0.635 -0.255 0.006016833772 2
0 0.635 -0.245 0.005029445592 2
0 0.635 -0.235 0.003978916871 2
0 0.635 -0.225 0.002873700894 2
0 0.635 -0.215 0.001723223083 2
0 0.635 -0.205 0.0005392360583 2
0 0.635 -0.195 -0.0006638953929 2
0 0.635 -0.185 -0.001873137883 2
0 0.635 -0.175 -0.00306593131 2
0 0.635 -0.165 -0.004213823771 2
0 0.635 -0.155 -0.00529280928 2
0 0.635 -0.145 -0.006303270417 1
0 0.635 -0.135 -0.00727907832 1
0 0.635 -0.125 -0.008244712009 1
0 0.635 -0.115 -0.00917713746 1
0 0.635 -0.105 -0.01004183808 1
0 0.635 -0.095 -0.01085873302 1
0 0.635 -0.085 -0.01162743432 1
0 0.635 -0.075 -0.01233460156 1
0 0.635 -0.065 -0.01296892995 1
0 0.635 -0.055 -0.01351481485 1
0 0.635 -0.045 -0.01398039747 1
0 0.635 -0.035 -0.01436804141 1
0 0.635 -0.025 -0.01463522458 2
0 0.635 -0.015 -0.01483390781 2
0 0.635 -0.005 -0.01495795497 2
0 0.635 0.005 -0.01496549676 2
0 0.635 0.015 -0.01486478841 2
0 0.635 0.025 -0.01465369059 2
0 0.635 0.035 -0.01433503063 2
0 0.635 0.045 -0.01391101008 2
0 0.635 0.055 -0.01338435887 2
0 0.635 0.065 -0.01275783499 2
0 0.635 0.075 -0.01203416583 2
0 0.635 0.085 -0.01121569512 2
0 0.635 0.095 -0.01030407796 2
0 0.635 0.105 -0.009299921787 2
0 0.635 0.115 -0.00820238937 2
0 0.635 0.125 -0.007011511588 2
0 0.635 0.135 -0.005831618684 2
0 0.635 0.145 -0.004760666181 1
0 0.635 0.155 -0.003810851377 1
0 0.635 0.165 -0.00286499677 1
0 0.635 0.175 -0.001901279432 1
0 0.635 0.185 -0.0009369178765 1
0 0.635 0.195 1.339218306e-05 1
0 0.635 0.205 0.0009508332833 1
0 0.635 0.215 0.001932613168 1
0 0.635 0.225 0.003001118499 2
0 0.635 0.235 0.004071543784 2
0 0.635 0.245 0.005078290324 2
0 0.635 0.255 0.005997358625 2
0 0.635 0.265 0.006845799893 2
0 0.635 0.275 0.007630027471 2
0 0.635 0.285 0.00835338029 2
0 0.635 0.295 0.009009554137 2
0 0.635 0.305 0.009585744539 2
0 0.635 0.315 0.01007129801 2
0 0.635 0.325 0.01045836986 2
0 0.635 0.335 0.01074184982 2
0 0.635 0.345 0.01091838352 2
0 0.635 0.355 0.01098571077 2
0 0.635 0.365 0.01094258031 2
0 0.635 0.375 0.01078855204 2
0 0.635 0.385 0.01052398896 2
0 0.635 0.395 0.01015001598 2
0 0.635 0.405 0.009668480001 2
0 0.635 0.415 0.009081883033 2
0 0.635 0.425 0.00839323174 2
0 0.635 0.435 0.00760588827 2
0 0.635 0.445 0.00672300304 2
0 0.635 0.455 0.005747026401 2
0 0.635 0.465 0.004678992469 2
0 0.635 0.475 0.003505719004 2
0 0.635 0.485 0.002270508084 2
0 0.635 0.495 0.001165902074 1
0 0.635 0.505 0 1
0 0.635 0.515 0 1
0 0.635 0.525 0 1
0 0.635 0.535 0 1
0 0.635 0.545 0 1
0 0.635 0.555 0 1
0 0.635 0.565 0 1
0 0.645 -0.555 0 1
0 0.645 -0.545 0 1
0 0.645 -0.535 0 1
0 0.645 -0.525 0 2
0 0.645 -0.515 0 2
0 0.645 -0.505 0 2
0 0.645 -0.495 0.001491887426 2
0 0.645 -0.485 0.002603538331 2
0 0.645 -0.475 0.003743409326 2
0 0.645 -0.465 0.004813005072 2
0 0.645 -0.455 0.005824598579 2
0 0.645 -0.445 0.006765157951 2
0 0.645 -0.435 0.007627104932 2
0 0.645 -0.425 0.0084021957 2
0 0.645 -0.415 0.009083376303 2
0 0.645 -0.405 0.009664778837 2
0 0.645 -0.395 0.01014199777 2
0 0.645 -0.385 0.01051214792 2
0 0.645 -0.375 0.01077377624 2
0 0.645 -0.365 0.01092661394 2
0 0.645 -0.355 0.01097126239 2
0 0.645 -0.345 0.01090890684 2
0 0.645 -0.335 0.01074110893 2
0 0.645 -0.325 0.01046975137 2
0 0.645 -0.315 0.0100970961 2
0 0.645 -0.305 0.009625884518 2
0 0.645 -0.295 0.009059436351 2
0 0.645 -0.285 0.008401713875 2
0 0.645 -0.275 0.007657357306 2
0 0.645 -0.265 0.006831697667 2
0 0.645 -0.255 0.005930773733 2
0 0.645 -0.245 0.004961367937 2
0 0.645 -0.235 0.00393107687 2
0 0.645 -0.225 0.002848506104 2
0 0.645 -0.215 0.001723330663 2
0 0.645 -0.205 0.0005667497874 2
0 0.645 -0.195 -0.0006080271314 2
0 0.645 -0.185 -0.001785085804 2
0 0.645 -0.175 -0.002953206754 2
0 0.645 -0.165 -0.004094338578 2
0 0.645 -0.155 -0.005184972962 2
0 0.645 -0.145 -0.006209394371 2
0 0.645 -0.135 -0.007177855793 2
0 0.645 -0.125 -0.008123623261 2
0 0.645 -0.115 -0.009040693613 2
0 0.645 -0.105 -0.009901314185 1
0 0.645 -0.095 -0.01071036859 1
0 0.645 -0.085 -0.01146387886 1
0 0.645 -0.075 -0.01215635516 1
0 0.645 -0.065 -0.01277686128 1
0 0.645 -0.055 -0.01331274732 1
0 0.645 -0.045 -0.01375943172 1
0 0.645 -0.035 -0.01410307013 2
0 0.645 -0.025 -0.01432475222 2
0 0.645 -0.015 -0.01450414059 2
0 0.645 -0.005 -0.01461605433 2
0 0.645 0.005 -0.01461932429 2
0 0.645 0.015 -0.01451957272 2
0 0.645 0.025 -0.01431293362 2
0 0.645 0.035 -0.01400158164 2
0 0.645 0.045 -0.01358728303 2
0 0.645 0.055 -0.01307259244 2
0 0.645 0.065 -0.01246014939 2
0 0.645 0.075 -0.01175266124 2
0 0.645 0.085 -0.01095234486 2
0 0.645 0.095 -0.01006112018 2
0 0.645 0.105 -0.009078328852 2
0 0.645 0.115 -0.008000702128 2
0 0.645 0.125 -0.006832745042 2
0 0.645 0.135 -0.005689148565 2
0 0.645 0.145 -0.004678850226 1
0 0.645 0.155 -0.003758751692 1
0 0.645 0.165 -0.00283041341 1
0 0.645 0.175 -0.001887451678 1
0 0.645 0.185 -0.0009422411711 1
0 0.645 0.195 -9.662555319e-06 1
0 0.645 0.205 0.0009165481089 1
0 0.645 0.215 0.001911742108 2
0 0.645 0.225 0.002962105155 2
0 0.645 0.235 0.004020572802 2
0 0.645 0.245 0.005013928737 2
0 0.645 0.255 0.005924436127 2
0 0.645 0.265 0.006766387688 2
0 0.645 0.275 0.007541747592 2
0 0.645 0.285 0.008251248372 2
0 0.645 0.295 0.008889661408 2
0 0.645 0.305 0.009448184094 2
0 0.645 0.315 0.009918360239 2
0 0.645 0.325 0.01029316362 2
0 0.645 0.335 0.01056742642 2
0 0.645 0.345 0.01073742462 2
0 0.645 0.355 0.01080069284 2
0 0.645 0.365 0.01075580372 2
0 0.645 0.375 0.01060222126 2
0 0.645 0.385 0.01034024399 2
0 0.645 0.395 0.009970948656 2
0 0.645 0.405 0.009496135504 2
0 0.645 0.415 0.008918256782 2
0 0.645 0.425 0.008240263785 2
0 0.645 0.435 0.007465464926 2
0 0.645 0.445 0.00659694489 2
0 0.645 0.455 0.005637107977 2
0 0.645 0.465 0.004587560471 2
0 0.645 0.475 0.003426239997 2
0 0.645 0.485 0.002216691369 2
0 0.645 0.495 0.001147459077 1
0 0.645 0.505 0 1
0 0.645 0.515 0 1
0 0.645 0.525 0 1
0 0.645 0.535 0 1
0 0.645 0.545 0 1
0 0.645 0.555 0 1
0 0.645 0.565 0 1
0 0.655 -0.555 0 1
0 0.655 -0.545 0 1
0 0.655 -0.535 0 1
0 0.655 -0.525 0 2
0 0.655 -0.515 0 2
0 0.655 -0.505 0 2
0 0.655 -0.495 0.001472608138 2
0 0.655 -0.485 0.002568832503 2
0 0.655 -0.475 0.003691364407 2
0 0.655 -0.465 0.004742739957 2
0 0.655 -0.455 0.005735526577 2
0 0.655 -0.445 0.006657457717 2
0 0.655 -0.435 0.007501754481 2
0 0.655 -0.425 0.008260904389 2
0 0.655 -0.415 0.008928449658 2
0 0.655 -0.405 0.009498924571 2
0 0.655 -0.395 0.009968093156 2
0 0.655 -0.385 0.01033299626 2
0 0.655 -0.375 0.01059190195 2
0 0.655 -0.365 0.01074415193 2
0 0.655 -0.355 0.01078995826 2
0 0.655 -0.345 0.01073020672 2
0 0.655 -0.335 0.01056630861 2
0 0.655 -0.325 0.01030013642 2
0 0.655 -0.315 0.009934031491 2
0 0.655 -0.305 0.009470851486 2
0 0.655 -0.295 0.008914029168 2
0 0.655 -0.285 0.008267621315 2
0 0.655 -0.275 0.007536344291 2
0 0.655 -0.265 0.006725599299 2
0 0.655 -0.255 0.005841499219 2
0 0.655 -0.245 0.004890913365 2
0 0.655 -0.235 0.003881525232 2
0 0.655 -0.225 0.002821949714 2
0 0.655 -0.215 0.001721876797 2
0 0.655 -0.205 0.0005921483242 2
0 0.655 -0.195 -0.0005552674014 2
0 0.655 -0.185 -0.001706912989 2
0 0.655 -0.175 -0.002848460355 2
0 0.655 -0.165 -0.003970859016 2
0 0.655 -0.155 -0.005055820251 2
0 0.655 -0.145 -0.006086149569 2
0 0.655 -0.135 -0.007057932237 2
0 0.655 -0.125 -0.007994185389 2
0 0.655 -0.115 -0.008904158899 2
0 0.655 -0.105 -0.009767140301 2
0 0.655 -0.095 -0.01055941399 2
0 0.655 -0.085 -0.01129086562 2
0 0.655 -0.075 -0.01196506206 2
0 0.655 -0.065 -0.01256667384 2
0 0.655 -0.055 -0.01308431286 2
0 0.655 -0.045 -0.01349988201 2
0 0.655 -0.035 -0.01379651067 2
0 0.655 -0.025 -0.01401500816 2
0 0.655 -0.015 -0.01418277765 2
0 0.655 -0.005 -0.01427444483 2
0 0.655 0.005 -0.01427014467 2
0 0.655 0.015 -0.0141676295 2
0 0.655 0.025 -0.0139630299 2
0 0.655 0.035 -0.01365736207 2
0 0.655 0.045 -0.01325188432 2
0 0.655 0.055 -0.01274881696 2
0 0.655 0.065 -0.01215062931 2
0 0.655 0.075 -0.01146002354 2
0 0.655 0.085 -0.01067932904 2
0 0.655 0.095 -0.009810969928 2
0 0.655 0.105 -0.008854067688 2
0 0.655 0.115 -0.007804303847 2
0 0.655 0.125 -0.00667305298 2
0 0.655 0.135 -0.005553838841 1
0 0.655 0.145 -0.004598749987 1
0 0.655 0.155 -0.00370167461 1
0 0.655 0.165 -0.00279345 1
0 0.655 0.175 -0.001871383774 1
0 0.655 0.185 -0.0009501457698 1
0 0.655 0.195 -3.604472098e-05 1
0 0.655 0.205 0.0008901947637 1
0 0.655 0.215 0.001897691616 2
0 0.655 0.225 0.002942655972 2
0 0.655 0.235 0.003975074234 2
0 0.655 0.245 0.004945883169 2
0 0.655 0.255 0.005844465056 2
0 0.655 0.265 0.006676653565 2
0 0.655 0.275 0.007441155941 2
0 0.655 0.285 0.008136925908 2
0 0.655 0.295 0.008759350824 2
0 0.655 0.305 0.009301913291 2
0 0.655 0.315 0.009757735221 2
0 0.655 0.325 0.01012061393 2
0 0.655 0.335 0.01038556343 2
0 0.655 0.345 0.01054885772 2
0 0.655 0.355 0.01060792641 2
0 0.655 0.365 0.01056122098 2
0 0.655 0.375 0.01040811485 2
0 0.655 0.385 0.01014883303 2
0 0.655 0.395 0.009784392361 2
0 0.655 0.405 0.009316540918 2
0 0.655 0.415 0.008747686528 2
0 0.655 0.425 0.008080764997 2
0 0.655 0.435 0.007319108807 2
0 0.655 0.445 0.006466067345 2
0 0.655 0.455 0.00552436565 2
0 0.655 0.465 0.004497305915 2
0 0.655 0.475 0.003372526842 2
0 0.655 0.485 0.002204368032 2
0 0.655 0.495 0.00115268543 1
0 0.655 0.505 0 1
0 0.655 0.515 0 1
0 0.655 0.525 0 1
0 0.655 0.535 0 1
0 0.655 0.545 0 1
0 0.655 0.555 0 1
0 0.655 0.565 0 2
0 0.665 -0.555 0 1
0 0.665 -0.545 0 1
0 0.665 -0.535 0 2
0 0.665 -0.525 0 2
0 0.665 -0.515 0 2
0 0.665 -0.505 0 2
0 0.665 -0.495 0.001449893662 2
0 0.665 -0.485 0.002528730944 2
0 0.665 -0.475 0.003632571774 2
0 0.665 -0.465 0.004665186365 2
0 0.665 -0.455 0.005639157582 2
0 0.665 -0.445 0.006542758804 2
0 0.665 -0.435 0.007369785057 2
0 0.665 -0.425 0.008113289707 2
0 0.665 -0.415 0.008767292346 2
0 0.665 -0.405 0.009326664863 2
0 0.665 -0.395 0.0097873391 2
0 0.665 -0.385 0.01014634846 2
0 0.665 -0.375 0.01040180625 2
0 0.665 -0.365 0.01055281115 2
0 0.665 -0.355 0.01059931482 2
0 0.665 -0.345 0.01054198675 2
0 0.665 -0.335 0.01038210595 2
0 0.665 -0.325 0.01012150029 2
0 0.665 -0.315 0.009762532061 2
0 0.665 -0.305 0.009308115323 2
0 0.665 -0.295 0.008761748501 2
0 0.665 -0.285 0.008127548707 2
0 0.665 -0.275 0.00741028254 2
0 0.665 -0.265 0.006615393708 2
0 0.665 -0.255 0.005749031787 2
0 0.665 -0.245 0.004818090814 2
0 0.665 -0.235 0.003830257278 2
0 0.665 -0.225 0.002794074116 2
0 0.665 -0.215 0.001719003532 2
0 0.665 -0.205 0.0006155060925 2
0 0.665 -0.195 -0.0005051451129 2
0 0.665 -0.185 -0.001631026417 2
0 0.665 -0.175 -0.002749541 2
0 0.665 -0.165 -0.003847930405 2
0 0.665 -0.155 -0.004912685129 2
0 0.665 -0.145 -0.005934064956 2
0 0.665 -0.135 -0.006909397567 2
0 0.665 -0.125 -0.00784876072 2
0 0.665 -0.115 -0.008751788717 2
0 0.665 -0.105 -0.009602845872 2
0 0.665 -0.095 -0.01038116306 2
0 0.665 -0.085 -0.01109354731 2
0 0.665 -0.075 -0.01174659768 2
0 0.665 -0.065 -0.01232510499 2
0 0.665 -0.055 -0.01281625745 2
0 0.665 -0.045 -0.01320529667 2
0 0.665 -0.035 -0.01349099304 2
0 0.665 -0.025 -0.01370779278 2
0 0.665 -0.015 -0.013861214 2
0 0.665 -0.005 -0.0139332463 2
0 0.665 0.005 -0.01391854003 2
0 0.665 0.015 -0.01381040377 2
0 0.665 0.025 -0.01360562317 2
0 0.665 0.035 -0.01330403672 2
0 0.665 0.045 -0.01290640046 2
0 0.665 0.055 -0.01241449022 2
0 0.665 0.065 -0.01183052534 2
0 0.665 0.075 -0.01115710374 2
0 0.665 0.085 -0.01039675585 2
0 0.665 0.095 -0.009552060461 2
0 0.665 0.105 -0.008623979015 2
0 0.665 0.115 -0.007606192139 2
0 0.665 0.125 -0.006525520623 2
0 0.665 0.135 -0.00546208895 1
0 0.665 0.145 -0.004524721402 1
0 0.665 0.155 -0.00364191618 1
0 0.665 0.165 -0.002755210982 1
0 0.665 0.175 -0.001856704864 1
0 0.665 0.185 -0.0009572293448 1
0 0.665 0.195 -5.391814544e-05 1
0 0.665 0.205 0.0008831162712 1
0 0.665 0.215 0.001898086997 2
0 0.665 0.225 0.002926504857 2
0 0.665 0.235 0.003930918135 2
0 0.665 0.245 0.004873635503 2
0 0.665 0.255 0.005756615971 2
0 0.665 0.265 0.006575590571 2
0 0.665 0.275 0.007327532279 2
0 0.665 0.285 0.008009744774 2
0 0.665 0.295 0.008617680006 2
0 0.665 0.305 0.009145829674 2
0 0.665 0.315 0.009588363435 2
0 0.665 0.325 0.009939858213 2
0 0.665 0.335 0.01019573077 2
0 0.665 0.345 0.0103523984 2
0 0.665 0.355 0.01040729644 2
0 0.665 0.365 0.01035882899 2
0 0.665 0.375 0.01020630905 2
0 0.665 0.385 0.009949900461 2
0 0.665 0.395 0.009590564713 2
0 0.665 0.405 0.009130004414 2
0 0.665 0.415 0.008570598069 2
0 0.665 0.425 0.00791530704 2
0 0.665 0.435 0.007167554519 2
0 0.665 0.445 0.006331140242 2
0 0.665 0.455 0.005409476878 2
0 0.665 0.465 0.004408145629 2
0 0.665 0.475 0.003323126559 2
0 0.665 0.485 0.002199886111 2
0 0.665 0.495 0.001173332094 1
0 0.665 0.505 0 1
0 0.665 0.515 0 1
0 0.665 0.525 0 1
0 0.665 0.535 0 1
0 0.665 0.545 0 2
0 0.665 0.555 0 2
0 0.665 0.565 0 2
0 0.675 -0.555 0 1
0 0.675 -0.545 0 1
0 0.675 -0.535 0 2
0 0.675 -0.525 0 2
0 0.675 -0.515 0 2
0 0.675 -0.505 0 2
0 0.675 -0.495 0.001424422746 2
0 0.675 -0.485 0.002484186599 2
0 0.675 -0.475 0.003568042967 2
0 0.675 -0.465 0.004581183876 2
0 0.675 -0.455 0.005536050771 2
0 0.675 -0.445 0.006421311681 2
0 0.675 -0.435 0.007231171194 2
0 0.675 -0.425 0.00795911414 2
0 0.675 -0.415 0.008599538997 2
0 0.675 -0.405 0.009147601352 2
0 0.675 -0.395 0.009599396218 2
0 0.675 -0.385 0.00995199462 2
0 0.675 -0.375 0.01020343984 2
0 0.675 -0.365 0.01035268979 2
0 0.675 -0.355 0.01039953011 2
0 0.675 -0.345 0.01034448011 2
0 0.675 -0.335 0.01018871232 2
0 0.675 -0.325 0.009933999538 2
0 0.675 -0.315 0.009582691854 2
0 0.675 -0.305 0.009137717844 2
0 0.675 -0.295 0.00860260086 2
0 0.675 -0.285 0.007981481995 2
0 0.675 -0.275 0.007279144768 2
0 0.675 -0.265 0.006501040075 2
0 0.675 -0.255 0.005653312039 2
0 0.675 -0.245 0.004742827221 2
0 0.675 -0.235 0.003777206912 2
0 0.675 -0.225 0.002764858975 2
0 0.675 -0.215 0.001714988801 2
0 0.675 -0.205 0.0006375886592 2
0 0.675 -0.195 -0.0004566217362 2
0 0.675 -0.185 -0.00155648235 2
0 0.675 -0.175 -0.002650433862 2
0 0.675 -0.165 -0.003726944164 2
0 0.675 -0.155 -0.004774728035 2
0 0.675 -0.145 -0.005785369223 2
0 0.675 -0.135 -0.006754656778 2
0 0.675 -0.125 -0.007682484986 2
0 0.675 -0.115 -0.008565695229 2
0 0.675 -0.105 -0.009396037898 2
0 0.675 -0.095 -0.01016323506 2
0 0.675 -0.085 -0.01086370335 2
0 0.675 -0.075 -0.01149508346 2
0 0.675 -0.065 -0.01204990219 2
0 0.675 -0.055 -0.01251979123 2
0 0.675 -0.045 -0.01289808007 2
0 0.675 -0.035 -0.01318553647 2
0 0.675 -0.025 -0.01339434244 2
0 0.675 -0.015 -0.01353008979 2
0 0.675 -0.005 -0.01358794679 2
0 0.675 0.005 -0.01356198759 2
0 0.675 0.015 -0.01344717278 2
0 0.675 0.025 -0.01324089933 2
0 0.675 0.035 -0.01294235403 2
0 0.675 0.045 -0.01255191562 2
0 0.675 0.055 -0.01207091636 2
0 0.675 0.065 -0.01150127207 2
0 0.675 0.075 -0.01084536205 2
0 0.675 0.085 -0.01010590234 2
0 0.675 0.095 -0.009285291695 2
0 0.675 0.105 -0.008387934383 2
0 0.675 0.115 -0.007402912448 2
0 0.675 0.125 -0.00637978911 2
0 0.675 0.135 -0.005377810873 1
0 0.675 0.145 -0.004456887017 1
0 0.675 0.155 -0.003587691841 1
0 0.675 0.165 -0.002720927306 1
0 0.675 0.175 -0.001842910011 1
0 0.675 0.185 -0.0009542661563 1
0 0.675 0.195 -4.483136042e-05 1
0 0.675 0.205 0.0009077011065 2
0 0.675 0.215 0.001894049537 2
0 0.675 0.225 0.0028970229 2
0 0.675 0.235 0.00387564863 2
0 0.675 0.245 0.004796017026 2
0 0.675 0.255 0.005661253623 2
0 0.675 0.265 0.00646485622 2
0 0.675 0.275 0.007202808161 2
0 0.675 0.285 0.007871060508 2
0 0.675 0.295 0.008464982654 2
0 0.675 0.305 0.008979543927 2
0 0.675 0.315 0.009409591777 2
0 0.675 0.325 0.009750299128 2
0 0.675 0.335 0.009997477084 2
0 0.675 0.345 0.01014775672 2
0 0.675 0.355 0.01019866072 2
0 0.675 0.365 0.01014860846 2
0 0.675 0.375 0.00999689143 2
0 0.675 0.385 0.009743637728 2
0 0.675 0.395 0.009389772264 2
0 0.675 0.405 0.008936972989 2
0 0.675 0.415 0.008387619079 2
0 0.675 0.425 0.007744744564 2
0 0.675 0.435 0.007011937942 2
0 0.675 0.445 0.006193508026 2
0 0.675 0.455 0.005293830646 2
0 0.675 0.465 0.004320774973 2
0 0.675 0.475 0.003274429159 2
0 0.675 0.485 0.002190828042 2
0 0.675 0.495 0.001202729722 2
0 0.675 0.505 0 2
0 0.675 0.515 0 1
0 0.675 0.525 0 2
0 0.675 0.535 0 2
0 0.675 0.545 0 2
0 0.675 0.555 0 2
0 0.675 0.565 0 2
0 0.685 -0.555 0 1
0 0.685 -0.545 0 2
0 0.685 -0.535 0 2
0 0.685 -0.525 0 2
0 0.685 -0.515 0 2
0 0.685 -0.505 0 2
0 0.685 -0.495 0.001396668879 2
0 0.685 -0.485 0.002435891673 2
0 0.685 -0.475 0.003498549609 2
0 0.685 -0.465 0.00449142205 2
0 0.685 -0.455 0.005426715404 2
0 0.685 -0.445 0.006293401308 2
0 0.685 -0.435 0.00708597932 2
0 0.685 -0.425 0.00779826477 2
0 0.685 -0.415 0.008424957767 2
0 0.685 -0.405 0.008961453838 2
0 0.685 -0.395 0.009404004816 2
0 0.685 -0.385 0.009749749543 2
0 0.685 -0.375 0.009996720051 2
0 0.685 -0.365 0.01014380633 2
0 0.685 -0.355 0.01019069788 2
0 0.685 -0.345 0.01013781656 2
0 0.685 -0.335 0.009986255221 2
0 0.685 -0.325 0.009737732587 2
0 0.685 -0.315 0.009394568035 2
0 0.685 -0.305 0.008959674725 2
0 0.685 -0.295 0.008436566382 2
0 0.685 -0.285 0.007829372396 2
0 0.685 -0.275 0.007142856989 2
0 0.685 -0.265 0.006382439912 2
0 0.685 -0.255 0.005554217196 2
0 0.685 -0.245 0.004664980979 2
0 0.685 -0.235 0.003722235463 2
0 0.685 -0.225 0.002734205237 2
0 0.685 -0.215 0.001709822006 2
0 0.685 -0.205 0.0006586740437 2
0 0.685 -0.195 -0.0004090779447 2
0 0.685 -0.185 -0.001482855067 2
0 0.685 -0.175 -0.002551859494 2
0 0.685 -0.165 -0.003605532306 2
0 0.685 -0.155 -0.004634065395 2
0 0.685 -0.145 -0.005629641802 2
0 0.685 -0.135 -0.006586786881 2
0 0.685 -0.125 -0.007501700507 2
0 0.685 -0.115 -0.008369225045 2
0 0.685 -0.105 -0.009182202041 2
0 0.685 -0.095 -0.009932954483 2
0 0.685 -0.085 -0.0106165677 2
0 0.685 -0.075 -0.01122890254 2
0 0.685 -0.065 -0.01176416804 2
0 0.685 -0.055 -0.01221664926 2
0 0.685 -0.045 -0.01258273204 2
0 0.685 -0.035 -0.01286337582 2
0 0.685 -0.025 -0.01306426204 2
0 0.685 -0.015 -0.01318830065 2
0 0.685 -0.005 -0.01323373955 2
0 0.685 0.005 -0.01319742015 2
0 0.685 0.015 -0.01307619847 2
0 0.685 0.025 -0.01286813157 2
0 0.685 0.035 -0.01257236356 2
0 0.685 0.045 -0.01218907292 2
0 0.685 0.055 -0.01171923972 2
0 0.685 0.065 -0.0111644761 2
0 0.685 0.075 -0.01052690224 2
0 0.685 0.085 -0.009809375434 2
0 0.685 0.095 -0.009014350252 2
0 0.685 0.105 -0.008149103172 2
0 0.685 0.115 -0.007206199208 2
0 0.685 0.125 -0.006236862584 2
0 0.685 0.135 -0.005301089341 2
0 0.685 0.145 -0.004399110185 1
0 0.685 0.155 -0.003541692666 1
0 0.685 0.165 -0.002681529075 1
0 0.685 0.175 -0.001812523833 1
0 0.685 0.185 -0.0009317289608 1
0 0.685 0.195 -2.061879652e-05 2
0 0.685 0.205 0.0009204379875 2
0 0.685 0.215 0.001890268311 2
0 0.685 0.225 0.002866284683 2
0 0.685 0.235 0.003814235196 2
0 0.685 0.245 0.004712454033 2
0 0.685 0.255 0.005558641463 2
0 0.685 0.265 0.006345436166 2
0 0.685 0.275 0.007068118354 2
0 0.685 0.285 0.007721809303 2
0 0.685 0.295 0.008301753956 2
0 0.685 0.305 0.008803135442 2
0 0.685 0.315 0.009221225465 2
0 0.685 0.325 0.009551630326 2
0 0.685 0.335 0.009790505626 2
0 0.685 0.345 0.009934711594 2
0 0.685 0.355 0.009981898912 2
0 0.685 0.365 0.009930543753 2
0 0.685 0.375 0.009779951517 2
0 0.685 0.385 0.009530243587 2
0 0.685 0.395 0.009182334947 2
0 0.685 0.405 0.00873790885 2
0 0.685 0.415 0.008199385434 2
0 0.685 0.425 0.007569921101 2
0 0.685 0.435 0.006853353772 2
0 0.685 0.445 0.006054524067 2
0 0.685 0.455 0.005178799911 2
0 0.685 0.465 0.004235283966 2
0 0.685 0.475 0.003232142468 2
0 0.685 0.485 0.002191860864 2
0 0.685 0.495 0.001222646756 2
0 0.685 0.505 0 2
0 0.685 0.515 0 2
0 0.685 0.525 0 2
0 0.685 0.535 0 2
0 0.685 0.545 0 2
0 0.685 0.555 0 2
0 0.685 0.565 0 2
0 0.695 -0.555 0 2
0 0.695 -0.545 0 2
0 0.695 -0.535 0 2
0 0.695 -0.525 0 2
0 0.695 -0.515 0 2
0 0.695 -0.505 0 2
0 0.695 -0.495 0.001366975755 2
0 0.695 -0.485 0.002384361985 2
0 0.695 -0.475 0.003424687421 2
0 0.695 -0.465 0.004396462228 2
0 0.695 -0.455 0.005311598892 2
0 0.695 -0.445 0.006159316782 2
0 0.695 -0.435 0.006934332274 2
0 0.695 -0.425 0.007630718397 2
0 0.695 -0.415 0.008243419197 2
0 0.695 -0.405 0.008768036433 2
0 0.695 -0.395 0.009200972679 2
0 0.695 -0.385 0.009539455435 2
0 0.695 -0.375 0.009781547505 2
0 0.695 -0.365 0.009926124274 2
0 0.695 -0.355 0.009972832157 2
0 0.695 -0.345 0.009922037932 2
0 0.695 -0.335 0.009774779845 2
0 0.695 -0.325 0.009532728575 2
0 0.695 -0.315 0.00919816229 2
0 0.695 -0.305 0.008773956223 2
0 0.695 -0.295 0.008263584484 2
0 0.695 -0.285 0.007671130513 2
0 0.695 -0.275 0.007001302411 2
0 0.695 -0.265 0.006259449879 2
0 0.695 -0.255 0.005451579917 2
0 0.695 -0.245 0.004584368492 2
0 0.695 -0.235 0.003665164172 2
0 0.695 -0.225 0.002701978422 2
0 0.695 -0.215 0.001703455799 2
0 0.695 -0.205 0.0006788103092 2
0 0.695 -0.195 -0.0003622746376 2
0 0.695 -0.185 -0.001409807087 2
0 0.695 -0.175 -0.002453703454 2
0 0.695 -0.165 -0.003484157893 2
0 0.695 -0.155 -0.004492062349 2
0 0.695 -0.145 -0.005469558154 2
0 0.695 -0.135 -0.006410135413 2
0 0.695 -0.125 -0.007308202467 2
0 0.695 -0.115 -0.00815787743 2
0 0.695 -0.105 -0.008952653888 2
0 0.695 -0.095 -0.009685986566 2
0 0.695 -0.085 -0.01035239266 2
0 0.695 -0.075 -0.01094699344 2
0 0.695 -0.065 -0.01146495831 2
0 0.695 -0.055 -0.01190224268 2
0 0.695 -0.045 -0.01225657907 2
0 0.695 -0.035 -0.01252828783 2
0 0.695 -0.025 -0.01271984567 2
0 0.695 -0.015 -0.01283300325 2
0 0.695 -0.005 -0.01286758714 2
0 0.695 0.005 -0.01282231308 2
0 0.695 0.015 -0.01269557806 2
0 0.695 0.025 -0.01248620899 2
0 0.695 0.035 -0.01219368296 2
0 0.695 0.045 -0.01181815213 2
0 0.695 0.055 -0.01136036889 2
0 0.695 0.065 -0.01082167884 2
0 0.695 0.075 -0.0102039764 2
0 0.695 0.085 -0.009510188636 2
0 0.695 0.095 -0.008743323521 2
0 0.695 0.105 -0.007911503796 2
0 0.695 0.115 -0.007017651402 2
0 0.695 0.125 -0.006092770311 2
0 0.695 0.135 -0.005191846762 2
0 0.695 0.145 -0.004326848653 1
0 0.695 0.155 -0.003487096402 1
0 0.695 0.165 -0.002636913228 1
0 0.695 0.175 -0.001779277296 1
0 0.695 0.185 -0.0009080071422 2
0 0.695 0.195 -5.140588274e-06 2
0 0.695 0.205 0.0009333354925 2
0 0.695 0.215 0.001888423522 2
0 0.695 0.225 0.002833552005 2
0 0.695 0.235 0.003748693218 2
0 0.695 0.245 0.004624076686 2
0 0.695 0.255 0.005449860078 2
0 0.695 0.265 0.006218567743 2
0 0.695 0.275 0.006924735616 2
0 0.695 0.285 0.007563082978 2
0 0.695 0.295 0.008128730556 2
0 0.695 0.305 0.008616968689 2
0 0.695 0.315 0.009023340275 2
0 0.695 0.325 0.00934376226 2
0 0.695 0.335 0.009574668138 2
0 0.695 0.345 0.009713127526 2
0 0.695 0.355 0.009756928486 2
0 0.695 0.365 0.009704625828 2
0 0.695 0.375 0.009555563648 2
0 0.695 0.385 0.009309881341 2
0 0.695 0.395 0.008968509673 2
0 0.695 0.405 0.008533165871 2
0 0.695 0.415 0.008006346635 2
0 0.695 0.425 0.007391364806 2
0 0.695 0.435 0.006692355542 2
0 0.695 0.445 0.005914635403 2
0 0.695 0.455 0.005064585179 2
0 0.695 0.465 0.004151440001 2
0 0.695 0.475 0.00319173525 2
0 0.695 0.485 0.002191876883 2
0 0.695 0.495 0.001237138241 2
0 0.695 0.505 0 2
0 0.695 0.515 0 2
0 0.695 0.525 0 2
0 0.695 0.535 0 2
0 0.695 0.545 0 2
0 0.695 0.555 0 2
0 0.695 0.565 0 2
0 0.705 -0.555 0 2
0 0.705 -0.545 0 2
0 0.705 -0.535 0 2
0 0.705 -0.525 0 2
0 0.705 -0.515 0 2
0 0.705 -0.505 0 2
0 0.705 -0.495 0.001335600595 2
0 0.705 -0.485 0.002329991266 2
0 0.705 -0.475 0.003346924377 2
0 0.705 -0.465 0.004296765067 2
0 0.705 -0.455 0.005191092547 2
0 0.705 -0.445 0.00601934031 2
0 0.705 -0.435 0.006776388901 2
0 0.705 -0.425 0.007456518028 2
0 0.705 -0.415 0.008054874101 2
0 0.705 -0.405 0.008567240482 2
0 0.705 -0.395 0.008990166123 2
0 0.705 -0.385 0.009320982894 2
0 0.705 -0.375 0.009557816223 2
0 0.705 -0.365 0.009699567976 2
0 0.705 -0.355 0.009745883493 2
0 0.705 -0.345 0.009697109696 2
0 0.705 -0.335 0.00955425299 2
0 0.705 -0.325 0.009318943904 2
0 0.705 -0.315 0.008993412888 2
0 0.705 -0.305 0.008580478752 2
0 0.705 -0.295 0.008083548679 2
0 0.705 -0.285 0.007506626982 2
0 0.705 -0.275 0.006854328927 2
0 0.705 -0.265 0.006131895676 2
0 0.705 -0.255 0.005345206477 2
0 0.705 -0.245 0.004500784267 2
0 0.705 -0.235 0.003605790429 2
0 0.705 -0.225 0.002668003546 2
0 0.705 -0.215 0.001695776714 2
0 0.705 -0.205 0.000697965947 2
0 0.705 -0.195 -0.0003161765877 2
0 0.705 -0.185 -0.001337159884 2
0 0.705 -0.175 -0.002355462726 2
0 0.705 -0.165 -0.00336181657 2
0 0.705 -0.155 -0.004347500763 2
0 0.705 -0.145 -0.005304617598 2
0 0.705 -0.135 -0.006226111744 2
0 0.705 -0.125 -0.007105523555 2
0 0.705 -0.115 -0.00793649586 2
0 0.705 -0.105 -0.008712635675 2
0 0.705 -0.095 -0.009427760451 2
0 0.705 -0.085 -0.01007634431 2
0 0.705 -0.075 -0.01065349765 2
0 0.705 -0.065 -0.01115492997 2
0 0.705 -0.055 -0.01157734576 2
0 0.705 -0.045 -0.01191893162 2
0 0.705 -0.035 -0.01217960637 2
0 0.705 -0.025 -0.01236061269 2
0 0.705 -0.015 -0.01246322637 2
0 0.705 -0.005 -0.01248802255 2
0 0.705 0.005 -0.0124349657 2
0 0.705 0.015 -0.01230371477 2
0 0.705 0.025 -0.01209397931 2
0 0.705 0.035 -0.01180569506 2
0 0.705 0.045 -0.01143911581 2
0 0.705 0.055 -0.01099486082 2
0 0.705 0.065 -0.01047403696 2
0 0.705 0.075 -0.009878342603 2
0 0.705 0.085 -0.009210647094 2
0 0.705 0.095 -0.008474779197 2
0 0.705 0.105 -0.007678227265 2
0 0.705 0.115 -0.006833748658 2
0 0.705 0.125 -0.005947582715 2
0 0.705 0.135 -0.005070294647 2
0 0.705 0.145 -0.004237340214 2
0 0.705 0.155 -0.003418495445 2
0 0.705 0.165 -0.002591716425 2
0 0.705 0.175 -0.001751676713 2
0 0.705 0.185 -0.0008845263541 2
0 0.705 0.195 2.027033893e-05 2
0 0.705 0.205 0.0009494170882 2
0 0.705 0.215 0.001878954541 2
0 0.705 0.225 0.002792502645 2
0 0.705 0.235 0.003681204734 2
0 0.705 0.245 0.004532231241 2
0 0.705 0.255 0.005336080537 2
0 0.705 0.265 0.006085273835 2
0 0.705 0.275 0.006773678355 2
0 0.705 0.285 0.007395777037 2
0 0.705 0.295 0.007946587259 2
0 0.705 0.305 0.00842146582 2
0 0.705 0.315 0.008816135318 2
0 0.705 0.325 0.009126736924 2
0 0.705 0.335 0.009349921262 2
0 0.705 0.345 0.009482935838 2
0 0.705 0.355 0.009523697237 2
0 0.705 0.365 0.009470843616 2
0 0.705 0.375 0.009323769374 2
0 0.705 0.385 0.009082646745 2
0 0.705 0.395 0.00874843888 2
0 0.705 0.405 0.008322913528 2
0 0.705 0.415 0.007808658547 2
0 0.705 0.425 0.007209140452 2
0 0.705 0.435 0.006528760406 2
0 0.705 0.445 0.005773139423 2
0 0.705 0.455 0.004949391089 2
0 0.705 0.465 0.004066342318 2
0 0.705 0.475 0.00313913256 2
0 0.705 0.485 0.002166298924 2
0 0.705 0.495 0.001232487608 2
0 0.705 0.505 0 2
0 0.705 0.515 0 2
0 0.705 0.525 0 2
0 0.705 0.535 0 2
0 0.705 0.545 0 2
0 0.705 0.555 0 2
0 0.705 0.565 0 2
0 0.715 -0.555 0 2
0 0.715 -0.545 0 2
0 0.715 -0.535 0 2
0 0.715 -0.525 0 2
0 0.715 -0.515 0 2
0 0.715 -0.505 0 2
0 0.715 -0.495 0.001302742173 2
0 0.715 -0.485 0.002273088649 2
0 0.715 -0.475 0.003265637008 2
0 0.715 -0.465 0.004192715442 2
0 0.715 -0.455 0.005065541841 2
0 0.715 -0.445 0.005873744098 2
0 0.715 -0.435 0.006612331568 2
0 0.715 -0.425 0.007275755427 2
0 0.715 -0.415 0.00785933526 2
0 0.715 -0.405 0.008359018996 2
0 0.715 -0.395 0.008771500098 2
0 0.715 -0.385 0.009094228386 2
0 0.715 -0.375 0.009325418289 2
0 0.715 -0.365 0.009464032352 2
0 0.715 -0.355 0.009509750561 2
0 0.715 -0.345 0.00946293095 2
0 0.715 -0.335 0.009324569268 2
0 0.715 -0.325 0.009096264374 2
0 0.715 -0.315 0.008780194155 2
0 0.715 -0.305 0.008379104092 2
0 0.715 -0.295 0.007896307947 2
0 0.715 -0.285 0.007335697769 2
0 0.715 -0.275 0.006701759084 2
0 0.715 -0.265 0.005999586477 2
0 0.715 -0.255 0.005234894773 2
0 0.715 -0.245 0.004414021213 2
0 0.715 -0.235 0.003543914315 2
0 0.715 -0.225 0.002632105033 2
0 0.715 -0.215 0.001686655962 2
0 0.715 -0.205 0.0007160835705 2
0 0.715 -0.195 -0.0002707505345 2
0 0.715 -0.185 -0.001264785711 2
0 0.715 -0.175 -0.002256943463 2
0 0.715 -0.165 -0.003238340543 2
0 0.715 -0.155 -0.004200494264 2
0 0.715 -0.145 -0.005135482316 2
0 0.715 -0.135 -0.006035964302 2
0 0.715 -0.125 -0.006895068628 2
0 0.715 -0.115 -0.007706195081 2
0 0.715 -0.105 -0.008462961969 2
0 0.715 -0.095 -0.009159326867 2
0 0.715 -0.085 -0.009789807297 2
0 0.715 -0.075 -0.01034958776 2
0 0.715 -0.065 -0.01083463938 2
0 0.715 -0.055 -0.01124197714 2
0 0.715 -0.045 -0.01156991807 2
0 0.715 -0.035 -0.01181815707 2
0 0.715 -0.025 -0.01198749148 2
0 0.715 -0.015 -0.01207917818 2
0 0.715 -0.005 -0.01209443538 2
0 0.715 0.005 -0.01203425426 2
0 0.715 0.015 -0.0118993772 2
0 0.715 0.025 -0.01169035936 2
0 0.715 0.035 -0.01140763837 2
0 0.715 0.045 -0.01105162658 2
0 0.715 0.055 -0.01062283675 2
0 0.715 0.065 -0.01012210754 2
0 0.715 0.075 -0.009550879736 2
0 0.715 0.085 -0.008911778814 2
0 0.715 0.095 -0.008209123448 2
0 0.715 0.105 -0.0074496485 2
0 0.715 0.115 -0.006645695816 2
0 0.715 0.125 -0.00580551143 2
0 0.715 0.135 -0.004965502902 2
0 0.715 0.145 -0.004149959631 2
0 0.715 0.155 -0.003342886149 2
0 0.715 0.165 -0.002531881379 2
0 0.715 0.175 -0.001700210473 2
0 0.715 0.185 -0.0008372156991 2
0 0.715 0.195 5.586348581e-05 2
0 0.715 0.205 0.0009620515264 2
0 0.715 0.215 0.001862438196 2
0 0.715 0.225 0.002749690648 2
0 0.715 0.235 0.003611506613 2
0 0.715 0.245 0.004437195538 2
0 0.715 0.255 0.005217968059 2
0 0.715 0.265 0.005946290306 2
0 0.715 0.275 0.006615711499 2
0 0.715 0.285 0.007220591498 2
0 0.715 0.295 0.007755888591 2
0 0.715 0.305 0.008217018033 2
0 0.715 0.315 0.008599833828 2
0 0.715 0.325 0.008900645156 2
0 0.715 0.335 0.009116270861 2
0 0.715 0.345 0.009244102324 2
0 0.715 0.355 0.009282165138 2
0 0.715 0.365 0.009229172248 2
0 0.715 0.375 0.009084566806 2
0 0.715 0.385 0.008848555959 2
0 0.715 0.395 0.008522137972 2
0 0.715 0.405 0.00810712985 2
0 0.715 0.415 0.007606198011 2
0 0.715 0.425 0.007022919987 2
0 0.715 0.435 0.006361861867 2
0 0.715 0.445 0.005628737506 2
0 0.715 0.455 0.004830797282 2
0 0.715 0.465 0.003976038891 2
0 0.715 0.475 0.003077840756 2
0 0.715 0.485 0.002130143832 2
0 0.715 0.495 0.0012150692 2
0 0.715 0.505 0 2
0 0.715 0.515 0 2
0 0.715 0.525 0 2
0 0.715 0.535 0 2
0 0.715 0.545 0 2
0 0.715 0.555 0 2
0 0.715 0.565 0 2
0 0.725 -0.555 0 2
0 0.725 -0.545 0 2
0 0.725 -0.535 0 2
0 0.725 -0.525 0 2
0 0.725 -0.515 0 2
0 0.725 -0.505 0 2
0 0.725 -0.495 0.001268559196 2
0 0.725 -0.485 0.002213904298 2
0 0.725 -0.475 0.003181136798 2
0 0.725 -0.465 0.004084642853 2
0 0.725 -0.455 0.004935257639 2
0 0.725 -0.445 0.005722792152 2
0 0.725 -0.435 0.006442360479 2
0 0.725 -0.425 0.007088560871 2
0 0.725 -0.415 0.007656865761 2
0 0.725 -0.405 0.008143376455 2
0 0.725 -0.395 0.008544931685 2
0 0.725 -0.385 0.008859112619 2
0 0.725 -0.375 0.009084247013 2
0 0.725 -0.365 0.009219389553 2
0 0.725 -0.355 0.009264288272 2
0 0.725 -0.345 0.009219342014 2
0 0.725 -0.335 0.009085556901 2
0 0.725 -0.325 0.008864509065 2
0 0.725 -0.315 0.008558319344 2
0 0.725 -0.305 0.008169642716 2
0 0.725 -0.295 0.00770167198 2
0 0.725 -0.285 0.007158152299 2
0 0.725 -0.275 0.006543401307 2
0 0.725 -0.265 0.005862328749 2
0 0.725 -0.255 0.005120449728 2
0 0.725 -0.245 0.004323886328 2
0 0.725 -0.235 0.003479353278 2
0 0.725 -0.225 0.002594124152 2
0 0.725 -0.215 0.001675975321 2
0 0.725 -0.205 0.0007331051706 2
0 0.725 -0.195 -0.0002259727283 2
0 0.725 -0.185 -0.00119256302 2
0 0.725 -0.175 -0.002157943236 2
0 0.725 -0.165 -0.003113529843 2
0 0.725 -0.155 -0.004051029745 2
0 0.725 -0.145 -0.004962550888 2
0 0.725 -0.135 -0.005840635668 2
0 0.725 -0.125 -0.006678225122 2
0 0.725 -0.115 -0.007468591437 2
0 0.725 -0.105 -0.008205332753 2
0 0.725 -0.095 -0.008882452556 2
0 0.725 -0.085 -0.009494499321 2
0 0.725 -0.075 -0.01003669777 2
0 0.725 -0.065 -0.01050510367 2
0 0.725 -0.055 -0.01089680839 2
0 0.725 -0.045 -0.01121012511 2
0 0.725 -0.035 -0.01144465557 2
0 0.725 -0.025 -0.01160114972 2
0 0.725 -0.015 -0.01168114964 2
0 0.725 -0.005 -0.01168659582 2
0 0.725 0.005 -0.01161948411 2
0 0.725 0.015 -0.01148160251 2
0 0.725 0.025 -0.01127434425 2
0 0.725 0.035 -0.01099865251 2
0 0.725 0.045 -0.01065508609 2
0 0.725 0.055 -0.01024399831 2
0 0.725 0.065 -0.009765844768 2
0 0.725 0.075 -0.009221618208 2
0 0.725 0.085 -0.008613454451 2
0 0.725 0.095 -0.007945501391 2
0 0.725 0.105 -0.007224023901 2
0 0.725 0.115 -0.006459740352 2
0 0.725 0.125 -0.005666269821 2
0 0.725 0.135 -0.004863021451 2
0 0.725 0.145 -0.004061936933 2
0 0.725 0.155 -0.003259774924 2
0 0.725 0.165 -0.002449411571 2
0 0.725 0.175 -0.001622293982 2
0 0.725 0.185 -0.0007738658047 2
0 0.725 0.195 9.369375619e-05 2
0 0.725 0.205 0.0009709828665 2
0 0.725 0.215 0.001845151637 2
0 0.725 0.225 0.002704808056 2
0 0.725 0.235 0.003539244482 2
0 0.725 0.245 0.004339040691 2
0 0.725 0.255 0.005095772312 2
0 0.725 0.265 0.005802003118 2
0 0.725 0.275 0.006451293843 2
0 0.725 0.285 0.007037979241 2
0 0.725 0.295 0.007557022391 2
0 0.725 0.305 0.008003909734 2
0 0.725 0.315 0.008374608645 2
0 0.725 0.325 0.008665563341 2
0 0.725 0.335 0.008873724632 2
0 0.725 0.345 0.008996595794 2
0 0.725 0.355 0.009032286244 2
0 0.725 0.365 0.008979565152 2
0 0.725 0.375 0.008837910884 2
0 0.725 0.385 0.008607554609 2
0 0.725 0.395 0.008289518119 2
0 0.725 0.405 0.007885649801 2
0 0.725 0.415 0.00739866106 2
0 0.725 0.425 0.006832175982 2
0 0.725 0.435 0.006190798549 2
0 0.725 0.445 0.005480154699 2
0 0.725 0.455 0.004707173989 2
0 0.725 0.465 0.003878893238 2
0 0.725 0.475 0.003007357751 2
0 0.725 0.485 0.002084510868 2
0 0.725 0.495 0.001190546328 2
0 0.725 0.505 0 2
0 0.725 0.515 0 2
0 0.725 0.525 0 2
0 0.725 0.535 0 2
0 0.725 0.545 0 2
0 0.725 0.555 0 2
0 0.725 0.565 0 2
0 0.735 -0.555 0 2
0 0.735 -0.545 0 2
0 0.735 -0.535 0 2
0 0.735 -0.525 0 2
0 0.735 -0.515 0 2
0 0.735 -0.505 0 2
0 0.735 -0.495 0.00123318252 2
0 0.735 -0.485 0.002152646913 2
0 0.735 -0.475 0.00309368895 2
0 0.735 -0.465 0.003972837006 2
0 0.735 -0.455 0.004800526112 2
0 0.735 -0.445 0.005566743881 2
0 0.735 -0.435 0.00626669195 2
0 0.735 -0.425 0.006895098039 2
0 0.735 -0.415 0.007447572761 2
0 0.735 -0.405 0.007920363526 2
0 0.735 -0.395 0.008310457294 2
0 0.735 -0.385 0.008615580921 2
0 0.735 -0.375 0.008834200261 2
0 0.735 -0.365 0.00896549429 2
0 0.735 -0.355 0.009009313815 2
0 0.735 -0.345 0.008966130085 2
0 0.735 -0.335 0.008836982494 2
0 0.735 -0.325 0.00862343447 2
0 0.735 -0.315 0.008327544964 2
0 0.735 -0.305 0.00795185932 2
0 0.735 -0.295 0.00749941872 2
0 0.735 -0.285 0.006973783329 2
0 0.735 -0.275 0.00637906185 2
0 0.735 -0.265 0.005719939481 2
0 0.735 -0.255 0.005001696839 2
0 0.735 -0.245 0.004230213891 2
0 0.735 -0.235 0.003411954661 2
0 0.735 -0.225 0.002553930185 2
0 0.735 -0.215 0.001663638652 2
0 0.735 -0.205 0.0007489827664 2
0 0.735 -0.195 -0.0001818342605 2
0 0.735 -0.185 -0.001120431117 2
0 0.735 -0.175 -0.002058382583 2
0 0.735 -0.165 -0.002987355362 2
0 0.735 -0.155 -0.003899228971 2
0 0.735 -0.145 -0.004786185647 2
0 0.735 -0.135 -0.00564075485 2
0 0.735 -0.125 -0.006455819242 2
0 0.735 -0.115 -0.007224605695 2
0 0.735 -0.105 -0.00794070352 2
0 0.735 -0.095 -0.008598126735 2
0 0.735 -0.085 -0.009191416607 2
0 0.735 -0.075 -0.009715766947 2
0 0.735 -0.065 -0.0101671819 2
0 0.735 -0.055 -0.01054267283 2
0 0.735 -0.045 -0.01084045606 2
0 0.735 -0.035 -0.01106009064 2
0 0.735 -0.025 -0.01120247815 2
0 0.735 -0.015 -0.01126967266 2
0 0.735 -0.005 -0.01126452407 2
0 0.735 0.005 -0.01119017478 2
0 0.735 0.015 -0.01104956286 2
0 0.735 0.025 -0.01084495719 2
0 0.735 0.035 -0.01057778564 2
0 0.735 0.045 -0.01024868244 2
0 0.735 0.055 -0.009857715694 2
0 0.735 0.065 -0.009404752884 2
0 0.735 0.075 -0.008890017114 2
0 0.735 0.085 -0.008314794433 2
0 0.735 0.095 -0.0076824036 2
0 0.735 0.105 -0.00699859703 2
0 0.735 0.115 -0.006272539008 2
0 0.735 0.125 -0.005515728031 2
0 0.735 0.135 -0.004741354358 2
0 0.735 0.145 -0.003958298687 2
0 0.735 0.155 -0.003167481503 2
0 0.735 0.165 -0.002365962845 2
0 0.735 0.175 -0.001549581034 2
0 0.735 0.185 -0.0007168926659 2
0 0.735 0.195 0.0001289457246 2
0 0.735 0.205 0.0009801346976 2
0 0.735 0.215 0.00182642528 2
0 0.735 0.225 0.002657742418 2
0 0.735 0.235 0.003464427337 2
0 0.735 0.245 0.004237671847 2
0 0.735 0.255 0.004969412536 2
0 0.735 0.265 0.005652498398 2
0 0.735 0.275 0.00628061162 2
0 0.735 0.285 0.00684816256 2
0 0.735 0.295 0.007350193233 2
0 0.735 0.305 0.007782292156 2
0 0.735 0.315 0.008140544198 2
0 0.735 0.325 0.008421513777 2
0 0.735 0.335 0.008622258557 2
0 0.735 0.345 0.008740364755 2
0 0.735 0.355 0.008773996796 2
0 0.735 0.365 0.008721953452 2
0 0.735 0.375 0.008583724334 2
0 0.735 0.385 0.008359542397 2
0 0.735 0.395 0.008050429891 2
0 0.735 0.405 0.007658238076 2
0 0.735 0.415 0.007185681496 2
0 0.735 0.425 0.006636367952 2
0 0.735 0.435 0.006014835808 2
0 0.735 0.445 0.005326509123 2
0 0.735 0.455 0.004577907966 2
0 0.735 0.465 0.003775295777 2
0 0.735 0.475 0.002929680004 2
0 0.735 0.485 0.002032245861 2
0 0.735 0.495 0.001161329993 2
0 0.735 0.505 0 2
0 0.735 0.515 0 2
0 0.735 0.525 0 2
0 0.735 0.535 0 2
0 0.735 0.545 0 2
0 0.735 0.555 0 2
0 0.735 0.565 0 2
0 0.745 -0.555 0 2
0 0.745 -0.545 0 2
0 0.745 -0.535 0 2
0 0.745 -0.525 0 2
0 0.745 -0.515 0 2
0 0.745 -0.505 0 2
0 0.745 -0.495 0.001196723001 2
0 0.745 -0.485 0.002089495188 2
0 0.745 -0.475 0.003003525012 2
0 0.745 -0.465 0.003857558812 2
0 0.745 -0.455 0.004661616406 2
0 0.745 -0.445 0.005405857943 2
0 0.745 -0.435 0.006085559074 2
0 0.745 -0.425 0.006695562836 2
0 0.745 -0.415 0.007231606063 2
0 0.745 -0.405 0.007690076786 2
0 0.745 -0.395 0.00806811434 2
0 0.745 -0.385 0.008363606942 2
0 0.745 -0.375 0.00857518558 2
0 0.745 -0.365 0.008702189379 2
0 0.745 -0.355 0.008744611686 2
0 0.745 -0.345 0.008703033267 2
0 0.745 -0.335 0.008578554304 2
0 0.745 -0.325 0.008372737842 2
0 0.745 -0.315 0.008087575265 2
0 0.745 -0.305 0.007725479349 2
0 0.745 -0.295 0.007289303301 2
0 0.745 -0.285 0.006782378064 2
0 0.745 -0.275 0.006208557274 2
0 0.745 -0.265 0.00557225885 2
0 0.745 -0.255 0.004878493717 2
0 0.745 -0.245 0.004132874803 2
0 0.745 -0.235 0.003341602326 2
0 0.745 -0.225 0.002511424105 2
0 0.745 -0.215 0.001649571861 2
0 0.745 -0.205 0.0007636760624 2
0 0.745 -0.195 -0.0001383367959 2
0 0.745 -0.185 -0.001048359379 2
0 0.745 -0.175 -0.001958224194 2
0 0.745 -0.165 -0.002859821068 2
0 0.745 -0.155 -0.003745200718 2
0 0.745 -0.145 -0.004606655062 2
0 0.745 -0.135 -0.005436768508 2
0 0.745 -0.125 -0.006228445048 2
0 0.745 -0.115 -0.006974925022 2
0 0.745 -0.105 -0.007669811877 2
0 0.745 -0.095 -0.008307121502 2
0 0.745 -0.085 -0.008881357865 2
0 0.745 -0.075 -0.009387619915 2
0 0.745 -0.065 -0.009821750032 2
0 0.745 -0.055 -0.01018054442 2
0 0.745 -0.045 -0.01046200661 2
0 0.745 -0.035 -0.01066561565 2
0 0.745 -0.025 -0.01079250255 2
0 0.745 -0.015 -0.01084541981 2
0 0.745 -0.005 -0.01082840025 2
0 0.745 0.005 -0.01074601267 2
0 0.745 0.015 -0.01060259428 2
0 0.745 0.025 -0.01040136045 2
0 0.745 0.035 -0.01014416618 2
0 0.745 0.045 -0.009831597569 2
0 0.745 0.055 -0.009463269192 2
0 0.745 0.065 -0.009038197839 2
0 0.745 0.075 -0.008555416883 2
0 0.745 0.085 -0.008014852588 2
0 0.745 0.095 -0.00741855266 2
0 0.745 0.105 -0.006771331039 2
0 0.745 0.115 -0.006080909673 2
0 0.745 0.125 -0.005356843235 2
0 0.745 0.135 -0.004609060906 2
0 0.745 0.145 -0.003844954331 2
0 0.745 0.155 -0.00306774574 2
0 0.745 0.165 -0.0022779597 2
0 0.745 0.175 -0.001475237789 2
0 0.745 0.185 -0.0006605689152 2
0 0.745 0.195 0.0001623984615 2
0 0.745 0.205 0.0009871604027 2
0 0.745 0.215 0.001805364167 2
0 0.745 0.225 0.002608133638 2
0 0.745 0.235 0.003386667851 2
0 0.745 0.245 0.00413270118 2
0 0.745 0.255 0.004838645114 2
0 0.745 0.265 0.005497660676 2
0 0.745 0.275 0.006103641643 2
0 0.745 0.285 0.00665116834 2
0 0.745 0.295 0.007135435305 2
0 0.745 0.305 0.007552177998 2
0 0.745 0.315 0.007897619387 2
0 0.745 0.325 0.008168443277 2
0 0.745 0.335 0.008361797648 2
0 0.745 0.345 0.008475324782 2
0 0.745 0.355 0.008507211785 2
0 0.745 0.365 0.008456253095 2
0 0.745 0.375 0.008321916494 2
0 0.745 0.385 0.008104405392 2
0 0.745 0.395 0.007804712031 2
0 0.745 0.405 0.007424658444 2
0 0.745 0.415 0.006966924037 2
0 0.745 0.425 0.00643505432 2
0 0.745 0.435 0.005833465233 2
0 0.745 0.445 0.005167341501 2
0 0.745 0.455 0.004442811236 2
0 0.745 0.465 0.003665572975 2
0 0.745 0.475 0.002845918212 2
0 0.745 0.485 0.001974853018 2
0 0.745 0.495 0.00112874786 2
0 0.745 0.505 0 2
0 0.745 0.515 0 2
0 0.745 0.525 0 2
0 0.745 0.535 0 2
0 0.745 0.545 0 2
0 0.745 0.555 0 2
0 0.745 0.565 0 2
0 0.755 -0.555 0 2
0 0.755 -0.545 0 2
0 0.755 -0.535 0 2
0 0.755 -0.525 0 2
0 0.755 -0.515 0 2
0 0.755 -0.505 0 2
0 0.755 -0.495 0.001159276056 2
0 0.755 -0.485 0.002024604543 2
0 0.755 -0.475 0.002910850375 2
0 0.755 -0.465 0.003739047003 2
0 0.755 -0.455 0.004518785414 2
0 0.755 -0.445 0.00524039503 2
0 0.755 -0.435 0.005899213165 2
0 0.755 -0.425 0.006490184659 2
0 0.755 -0.415 0.007009160459 2
0 0.755 -0.405 0.007452663009 2
0 0.755 -0.395 0.007817987674 2
0 0.755 -0.385 0.008103200597 2
0 0.755 -0.375 0.00830712839 2
0 0.755 -0.365 0.008429312759 2
0 0.755 -0.355 0.008469938565 2
0 0.755 -0.345 0.008429743286 2
0 0.755 -0.335 0.008309923776 2
0 0.755 -0.325 0.008112059198 2
0 0.755 -0.315 0.007838066327 2
0 0.755 -0.305 0.007490196114 2
0 0.755 -0.295 0.007071068239 2
0 0.755 -0.285 0.006583730623 2
0 0.755 -0.275 0.006031727808 2
0 0.755 -0.265 0.005419162853 2
0 0.755 -0.255 0.004750740454 2
0 0.755 -0.245 0.004031783493 2
0 0.755 -0.235 0.003268219484 2
0 0.755 -0.225 0.002466537398 2
0 0.755 -0.215 0.001633718344 2
0 0.755 -0.205 0.0007771454712 2
0 0.755 -0.195 -9.550057486e-05 2
0 0.755 -0.185 -0.000976353958 2
0 0.755 -0.175 -0.001857476742 2
0 0.755 -0.165 -0.002730965729 2
0 0.755 -0.155 -0.003589046103 2
0 0.755 -0.145 -0.004424146612 2
0 0.755 -0.135 -0.005228954005 2
0 0.755 -0.125 -0.005996449716 2
0 0.755 -0.115 -0.006719936542 2
0 0.755 -0.105 -0.007393064675 2
0 0.755 -0.095 -0.008009866223 2
0 0.755 -0.085 -0.00856480136 2
0 0.755 -0.075 -0.009052834935 2
0 0.755 -0.065 -0.009469556951 2
0 0.755 -0.055 -0.009811408405 2
0 0.755 -0.045 -0.01007600121 2
0 0.755 -0.035 -0.01026257967 2
0 0.755 -0.025 -0.01037244959 2
0 0.755 -0.015 -0.01040920941 2
0 0.755 -0.005 -0.01037846389 2
0 0.755 0.005 -0.01028664938 2
0 0.755 0.015 -0.01013997929 2
0 0.755 0.025 -0.009942682478 2
0 0.755 0.035 -0.00969688779 2
0 0.755 0.045 -0.009402946673 2
0 0.755 0.055 -0.009059864767 2
0 0.755 0.065 -0.00866555308 2
0 0.755 0.075 -0.008217350069 2
0 0.755 0.085 -0.007713079572 2
0 0.755 0.095 -0.00715305367 2
0 0.755 0.105 -0.006540885058 2
0 0.755 0.115 -0.0058832264 2
0 0.755 0.125 -0.005188570156 2
0 0.755 0.135 -0.004465644991 2
0 0.755 0.145 -0.003721633006 2
0 0.755 0.155 -0.002961224118 2
0 0.755 0.165 -0.002187195454 2
0 0.755 0.175 -0.001401543217 2
0 0.755 0.185 -0.0006068763429 2
0 0.755 0.195 0.0001926635101 2
0 0.755 0.205 0.000991162189 2
0 0.755 0.215 0.00178137698 2
0 0.755 0.225 0.002555453278 2
0 0.755 0.235 0.003305446291 2
0 0.755 0.245 0.004023719434 2
0 0.755 0.255 0.004703152334 2
0 0.755 0.265 0.005337260083 2
0 0.755 0.275 0.005920225508 2
0 0.755 0.285 0.006446879703 2
0 0.755 0.295 0.006912642953 2
0 0.755 0.305 0.007313453937 2
0 0.755 0.315 0.007645707459 2
0 0.755 0.325 0.007906216741 2
0 0.755 0.335 0.008092209158 2
0 0.755 0.345 0.008201355969 2
0 0.755 0.355 0.008231829645 2
0 0.755 0.365 0.008182378472 2
0 0.755 0.375 0.008052406705 2
0 0.755 0.385 0.007842049634 2
0 0.755 0.395 0.007552235182 2
0 0.755 0.405 0.007184725977 2
0 0.755 0.415 0.006742139111 2
0 0.755 0.425 0.006227935304 2
0 0.755 0.435 0.005646395692 2
0 0.755 0.445 0.00500248508 2
0 0.755 0.455 0.004302006136 2
0 0.755 0.465 0.00355025443 2
0 0.755 0.475 0.002757004089 2
0 0.755 0.485 0.001913364938 2
0 0.755 0.495 0.001093592265 2
0 0.755 0.505 0 2
0 0.755 0.515 0 2
0 0.755 0.525 0 2
0 0.755 0.535 0 2
0 0.755 0.545 0 2
0 0.755 0.555 0 2
0 0.755 0.565 0 2
0 0.765 -0.555 0 2
0 0.765 -0.545 0 2
0 0.765 -0.535 0 2
0 0.765 -0.525 0 2
0 0.765 -0.515 0 2
0 0.765 -0.505 0 2
0 0.765 -0.495 0.001120923576 2
0 0.765 -0.485 0.001958109954 2
0 0.765 -0.475 0.002815847277 2
0 0.765 -0.465 0.003617520462 2
0 0.765 -0.455 0.004372279088 2
0 0.765 -0.445 0.005070618426 2
0 0.765 -0.435 0.005707924488 2
0 0.765 -0.425 0.0062792286 2
0 0.765 -0.415 0.006780480658 2
0 0.765 -0.405 0.007208327532 2
0 0.765 -0.395 0.007560221097 2
0 0.765 -0.385 0.007834421342 2
0 0.765 -0.375 0.008029984807 2
0 0.765 -0.365 0.00814670759 2
0 0.765 -0.355 0.008185029271 2
0 0.765 -0.345 0.008145907494 2
0 0.765 -0.335 0.008030685458 2
0 0.765 -0.325 0.007840981965 2
0 0.765 -0.315 0.007578629902 2
0 0.765 -0.305 0.007245678925 2
0 0.765 -0.295 0.006844455477 2
0 0.765 -0.285 0.006377656506 2
0 0.765 -0.275 0.005848452172 2
0 0.765 -0.265 0.00526057635 2
0 0.765 -0.255 0.004618389094 2
0 0.765 -0.245 0.003926902635 2
0 0.765 -0.235 0.00319176824 2
0 0.765 -0.225 0.002419226906 2
0 0.765 -0.215 0.001616030679 2
0 0.765 -0.205 0.0007893434581 2
0 0.765 -0.195 -5.336959273e-05 2
0 0.765 -0.185 -0.0009044558124 2
0 0.765 -0.175 -0.001756185103 2
0 0.765 -0.165 -0.002600850786 2
0 0.765 -0.155 -0.003430857061 2
0 0.765 -0.145 -0.004238790517 2
0 0.765 -0.135 -0.005017475202 2
0 0.765 -0.125 -0.005760012956 2
0 0.765 -0.115 -0.00645981303 2
0 0.765 -0.105 -0.007110613196 2
0 0.765 -0.095 -0.007706498648 2
0 0.765 -0.085 -0.008241912674 2
0 0.765 -0.075 -0.008711690776 2
0 0.765 -0.065 -0.0091111122 2
0 0.765 -0.055 -0.009436118033 2
0 0.765 -0.045 -0.009683658363 2
0 0.765 -0.035 -0.009852445903 2
0 0.765 -0.025 -0.009943743956 2
0 0.765 -0.015 -0.009962121988 2
0 0.765 -0.005 -0.009915343653 2
0 0.765 0.005 -0.009812291583 2
0 0.765 0.015 -0.009661903827 2
0 0.765 0.025 -0.009469275385 2
0 0.765 0.035 -0.009236329928 2
0 0.765 0.045 -0.008962903163 2
0 0.765 0.055 -0.008647427775 2
0 0.765 0.065 -0.008286714485 2
0 0.765 0.075 -0.007875917678 2
0 0.765 0.085 -0.007409593635 2
0 0.765 0.095 -0.006885776753 2
0 0.765 0.105 -0.006307056877 2
0 0.765 0.115 -0.005679706651 2
0 0.765 0.125 -0.005012113852 2
0 0.765 0.135 -0.004312920866 2
0 0.765 0.145 -0.003589688719 2
0 0.765 0.155 -0.002848211997 2
0 0.765 0.165 -0.002092792955 2
0 0.765 0.175 -0.001326954705 2
0 0.765 0.185 -0.0005543525789 2
0 0.765 0.195 0.0002205487542 2
0 0.765 0.205 0.0009922000424 2
0 0.765 0.215 0.00175411189 2
0 0.765 0.225 0.002499231905 2
0 0.765 0.235 0.003220330911 2
0 0.765 0.245 0.003910343825 2
0 0.765 0.255 0.00456261068 2
0 0.765 0.265 0.005171032627 2
0 0.765 0.275 0.005730140076 2
0 0.765 0.285 0.006235089598 2
0 0.765 0.295 0.006681606439 2
0 0.765 0.305 0.007065900508 2
0 0.765 0.315 0.007384584529 2
0 0.765 0.325 0.007634619807 2
0 0.765 0.335 0.007813304568 2
0 0.765 0.345 0.007918308323 2
0 0.765 0.355 0.007947743584 2
0 0.765 0.365 0.007900260825 2
0 0.765 0.375 0.007775149811 2
0 0.765 0.385 0.00757243262 2
0 0.765 0.395 0.007292936767 2
0 0.765 0.405 0.006938340182 2
0 0.765 0.415 0.006511184236 2
0 0.765 0.425 0.006014845861 2
0 0.765 0.435 0.00545349057 2
0 0.765 0.445 0.004831910368 2
0 0.765 0.455 0.004155661382 2
0 0.765 0.465 0.003429755775 2
0 0.765 0.475 0.002663564703 2
0 0.765 0.485 0.001848434409 2
0 0.765 0.495 0.00105634523 2
0 0.765 0.505 0 2
0 0.765 0.515 0 2
0 0.765 0.525 0 2
0 0.765 0.535 0 2
0 0.765 0.545 0 2
0 0.765 0.555 0 2
0 0.765 0.565 0 2
0 0.775 -0.555 0 2
0 0.775 -0.545 0 2
0 0.775 -0.535 0 2
0 0.775 -0.525 0 2
0 0.775 -0.515 0 2
0 0.775 -0.505 0 2
0 0.775 -0.495 0.001081733684 2
0 0.775 -0.485 0.001890125481 2
0 0.775 -0.475 0.002718673771 2
0 0.775 -0.465 0.00349317626 2
0 0.775 -0.455 0.004222329599 2
0 0.775 -0.445 0.004896791009 2
0 0.775 -0.435 0.005511980466 2
0 0.775 -0.425 0.006062996654 2
0 0.775 -0.415 0.006545867198 2
0 0.775 -0.405 0.0069573458 2
0 0.775 -0.395 0.007295034056 2
0 0.775 -0.385 0.007557397803 2
0 0.775 -0.375 0.007743760649 2
0 0.775 -0.365 0.007854236861 2
0 0.775 -0.355 0.007889604558 2
0 0.775 -0.345 0.007851130123 2
0 0.775 -0.335 0.007740374788 2
0 0.775 -0.325 0.007559031973 2
0 0.775 -0.315 0.007308837381 2
0 0.775 -0.305 0.006991583177 2
0 0.775 -0.295 0.006609221386 2
0 0.775 -0.285 0.006164010002 2
0 0.775 -0.275 0.005658664489 2
0 0.775 -0.265 0.005096486863 2
0 0.775 -0.255 0.004481452314 2
0 0.775 -0.245 0.003818245607 2
0 0.775 -0.235 0.003112245781 2
0 0.775 -0.225 0.002369465725 2
0 0.775 -0.215 0.001596458045 2
0 0.775 -0.205 0.0008002007753 2
0 0.775 -0.195 -1.202435392e-05 2
0 0.775 -0.185 -0.0008327511903 2
0 0.775 -0.175 -0.001654439262 2
0 0.775 -0.165 -0.002469570927 2
0 0.775 -0.155 -0.003270733878 2
0 0.775 -0.145 -0.004050688857 2
0 0.775 -0.135 -0.004802423556 2
0 0.775 -0.125 -0.005519193934 2
0 0.775 -0.115 -0.006194554964 2
0 0.775 -0.105 -0.006822377531 2
0 0.775 -0.095 -0.007396855815 2
0 0.775 -0.085 -0.00791248034 2
0 0.775 -0.075 -0.0083640273 2
0 0.775 -0.065 -0.008746475612 2
0 0.775 -0.055 -0.009055170251 2
0 0.775 -0.045 -0.009286042848 2
0 0.775 -0.035 -0.009436842819 2
0 0.775 -0.025 -0.009508156198 2
0 0.775 -0.015 -0.00950540159 2
0 0.775 -0.005 -0.009439301725 2
0 0.775 0.005 -0.009321862284 2
0 0.775 0.015 -0.009167052657 2
0 0.775 0.025 -0.008980200941 2
0 0.775 0.035 -0.008761730587 2
0 0.775 0.045 -0.008510485692 2
0 0.775 0.055 -0.008224797898 2
0 0.775 0.065 -0.007901039064 2
0 0.775 0.075 -0.007531680324 2
0 0.775 0.085 -0.00710538142 2
0 0.775 0.095 -0.006617280931 2
0 0.775 0.105 -0.006069882587 2
0 0.775 0.115 -0.005470188958 2
0 0.775 0.125 -0.004827521847 2
0 0.775 0.135 -0.004151101475 2
0 0.775 0.145 -0.003449216118 2
0 0.775 0.155 -0.002728510831 2
0 0.775 0.165 -0.001994235481 2
0 0.775 0.175 -0.001250777005 2
0 0.775 0.185 -0.0005023495868 2
0 0.775 0.195 0.0002464556373 2
0 0.775 0.205 0.000990370313 2
0 0.775 0.215 0.001723439108 2
0 0.775 0.225 0.002439211577 2
0 0.775 0.235 0.003131022149 2
0 0.775 0.245 0.003792288151 2
0 0.775 0.255 0.004416767939 2
0 0.775 0.265 0.004998751398 2
0 0.775 0.275 0.005533159866 2
0 0.775 0.285 0.006015551783 2
0 0.775 0.295 0.006442048167 2
0 0.775 0.305 0.006809214646 2
0 0.775 0.315 0.007113942427 2
0 0.775 0.325 0.007353367105 2
0 0.775 0.335 0.007524847909 2
0 0.775 0.345 0.007626013413 2
0 0.775 0.355 0.007654858273 2
0 0.775 0.365 0.007609870252 2
0 0.775 0.375 0.007490162558 2
0 0.775 0.385 0.007295592025 2
0 0.775 0.395 0.007026848341 2
0 0.775 0.405 0.006685505001 2
0 0.775 0.415 0.006274027751 2
0 0.775 0.425 0.005795731681 2
0 0.775 0.435 0.005254710934 2
0 0.775 0.445 0.004655650591 2
0 0.775 0.455 0.004003939732 2
0 0.775 0.465 0.003304392588 2
0 0.775 0.475 0.00256603339 2
0 0.775 0.485 0.001780496102 2
0 0.775 0.495 0.001017322122 2
0 0.775 0.505 0 2
0 0.775 0.515 0 2
0 0.775 0.525 0 2
0 0.775 0.535 0 2
0 0.775 0.545 0 2
0 0.775 0.555 0 2
0 0.775 0.565 0 2
0 0.785 -0.555 0 2
0 0.785 -0.545 0 2
0 0.785 -0.535 0 2
0 0.785 -0.525 0 2
0 0.785 -0.515 0 2
0 0.785 -0.505 0 2
0 0.785 -0.495 0.0010417588 2
0 0.785 -0.485 0.001820741107 2
0 0.785 -0.475 0.002619459096 2
0 0.785 -0.465 0.003366183368 2
0 0.785 -0.455 0.004069147666 2
0 0.785 -0.445 0.004719167182 2
0 0.785 -0.435 0.005311679124 2
0 0.785 -0.425 0.005841825263 2
0 0.785 -0.415 0.006305680782 2
0 0.785 -0.405 0.006700076357 2
0 0.785 -0.395 0.007022743271 2
0 0.785 -0.385 0.007272355408 2
0 0.785 -0.375 0.007448539975 2
0 0.785 -0.365 0.007551806749 2
0 0.785 -0.355 0.00758338478 2
0 0.785 -0.345 0.007544975897 2
0 0.785 -0.335 0.00743846603 2
0 0.785 -0.325 0.007265677279 2
0 0.785 -0.315 0.007028227077 2
0 0.785 -0.305 0.006727565499 2
0 0.785 -0.295 0.006365156875 2
0 0.785 -0.285 0.005942705467 2
0 0.785 -0.275 0.005462373193 2
0 0.785 -0.265 0.004926958425 2
0 0.785 -0.255 0.004340010376 2
0 0.785 -0.245 0.003705875692 2
0 0.785 -0.235 0.003029676146 2
0 0.785 -0.225 0.002317229078 2
0 0.785 -0.215 0.001574928625 2
0 0.785 -0.205 0.0008096080773 2
0 0.785 -0.195 2.84010803e-05 2
0 0.785 -0.185 -0.0007613865869 2
0 0.785 -0.175 -0.001552388528 2
0 0.785 -0.165 -0.002337271168 2
0 0.785 -0.155 -0.003108810379 2
0 0.785 -0.145 -0.003859953836 2
0 0.785 -0.135 -0.004583871947 2
0 0.785 -0.125 -0.005273998973 2
0 0.785 -0.115 -0.005924065897 2
0 0.785 -0.105 -0.006528117887 2
0 0.785 -0.095 -0.007080520565 2
0 0.785 -0.085 -0.007575904316 2
0 0.785 -0.075 -0.008009129784 2
0 0.785 -0.065 -0.008375000585 2
0 0.785 -0.055 -0.008668384403 2
0 0.785 -0.045 -0.008883676275 2
0 0.785 -0.035 -0.009016860491 2
0 0.785 -0.025 -0.009066595017 2
0 0.785 -0.015 -0.009039596737 2
0 0.785 -0.005 -0.008952151156 2
0 0.785 0.005 -0.008818905733 2
0 0.785 0.015 -0.00866211075 2
0 0.785 0.025 -0.008484499281 2
0 0.785 0.035 -0.008282281643 2
0 0.785 0.045 -0.008053031639 2
0 0.785 0.055 -0.007796207781 2
0 0.785 0.065 -0.007510097877 2
0 0.785 0.075 -0.007185537491 2
0 0.785 0.085 -0.006800994869 2
0 0.785 0.095 -0.006347609225 2
0 0.785 0.105 -0.005829020509 2
0 0.785 0.115 -0.005254086382 2
0 0.785 0.125 -0.004634218977 2
0 0.785 0.135 -0.003979762283 2
0 0.785 0.145 -0.003299779527 2
0 0.785 0.155 -0.002601523364 2
0 0.785 0.165 -0.001890727361 2
0 0.785 0.175 -0.00117211904 2
0 0.785 0.185 -0.0004500650738 2
0 0.785 0.195 0.0002709362525 2
0 0.785 0.205 0.0009859216028 2
0 0.785 0.215 0.001689363854 2
0 0.785 0.225 0.002375259785 2
0 0.785 0.235 0.003037348373 2
0 0.785 0.245 0.003669396928 2
0 0.785 0.255 0.004265492825 2
0 0.785 0.265 0.004820283376 2
0 0.785 0.275 0.005329112546 2
0 0.785 0.285 0.005788025932 2
0 0.785 0.295 0.006193653837 2
0 0.785 0.305 0.006543028378 2
0 0.785 0.315 0.006833399586 2
0 0.785 0.325 0.007062110951 2
0 0.785 0.335 0.007226566583 2
0 0.785 0.345 0.007324299718 2
0 0.785 0.355 0.007353110103 2
0 0.785 0.365 0.007311239988 2
0 0.785 0.375 0.007197550184 2
0 0.785 0.385 0.007011672103 2
0 0.785 0.395 0.006754118151 2
0 0.785 0.405 0.006426342132 2
0 0.785 0.415 0.006030745904 2
0 0.785 0.425 0.00557062323 2
0 0.785 0.435 0.005050063957 2
0 0.785 0.445 0.004473731605 2
0 0.785 0.455 0.00384693341 2
0 0.785 0.465 0.003174351582 2
0 0.785 0.475 0.002464678471 2
0 0.785 0.485 0.001709830769 2
0 0.785 0.495 0.0009767346561 2
0 0.785 0.505 0 2
0 0.785 0.515 0 2
0 0.785 0.525 0 2
0 0.785 0.535 0 2
0 0.785 0.545 0 2
0 0.785 0.555 0 2
0 0.785 0.565 0 2
0 0.795 -0.555 0 2
0 0.795 -0.545 0 2
0 0.795 -0.535 0 2
0 0.795 -0.525 0 2
0 0.795 -0.515 0 2
0 0.795 -0.505 0 2
0 0.795 -0.495 0.001001032625 2
0 0.795 -0.485 0.001750017704 2
0 0.795 -0.475 0.002518296213 2
0 0.795 -0.465 0.00323667233 2
0 0.795 -0.455 0.003912909437 2
0 0.795 -0.445 0.004537978047 2
0 0.795 -0.435 0.005107314928 2
0 0.795 -0.425 0.005616075476 2
0 0.795 -0.415 0.006060341147 2
0 0.795 -0.405 0.006436972198 2
0 0.795 -0.395 0.006743787834 2
0 0.795 -0.385 0.006979652172 2
0 0.795 -0.375 0.007144523907 2
0 0.795 -0.365 0.007239398465 2
0 0.795 -0.355 0.007266106764 2
0 0.795 -0.345 0.007226970899 2
0 0.795 -0.335 0.007124364255 2
0 0.795 -0.325 0.006960325029 2
0 0.795 -0.315 0.006736315063 2
0 0.795 -0.305 0.006453306298 2
0 0.795 -0.295 0.006112114797 2
0 0.795 -0.285 0.005713743465 2
0 0.795 -0.275 0.005259681433 2
0 0.795 -0.265 0.00475214387 2
0 0.795 -0.255 0.004194214091 2
0 0.795 -0.245 0.003589899533 2
0 0.795 -0.235 0.002944095248 2
0 0.795 -0.225 0.002262473184 2
0 0.795 -0.215 0.001551325386 2
0 0.795 -0.205 0.0008173916145 2
0 0.795 -0.195 6.76967784e-05 2
0 0.795 -0.185 -0.0006905886135 2
0 0.795 -0.175 -0.001450260447 2
0 0.795 -0.165 -0.002204168157 2
0 0.795 -0.155 -0.00294528225 2
0 0.795 -0.145 -0.003666748157 2
0 0.795 -0.135 -0.004361931545 2
0 0.795 -0.125 -0.005024457989 2
0 0.795 -0.115 -0.005648249369 2
0 0.795 -0.105 -0.006227548357 2
0 0.795 -0.095 -0.006756937531 2
0 0.795 -0.085 -0.007231277597 2
0 0.795 -0.075 -0.007645692335 2
0 0.795 -0.065 -0.007995051363 2
0 0.795 -0.055 -0.008274240604 2
0 0.795 -0.045 -0.008475869154 2
0 0.795 -0.035 -0.008593441856 2
0 0.795 -0.025 -0.0086209907 2
0 0.795 -0.015 -0.008568053498 2
0 0.795 -0.005 -0.008454842869 2
0 0.795 0.005 -0.008291647895 2
0 0.795 0.015 -0.008133675915 2
0 0.795 0.025 -0.00797229523 2
0 0.795 0.035 -0.007788890862 2
0 0.795 0.045 -0.007580263098 2
0 0.795 0.055 -0.00735033373 2
0 0.795 0.065 -0.007106936044 2
0 0.795 0.075 -0.006840953427 2
0 0.795 0.085 -0.006499079263 2
0 0.795 0.095 -0.00607482416 2
0 0.795 0.105 -0.005582755549 2
0 0.795 0.115 -0.005029837845 2
0 0.795 0.125 -0.00443072021 2
0 0.795 0.135 -0.003797612073 2
0 0.795 0.145 -0.003140375938 2
0 0.795 0.155 -0.002466414051 2
0 0.795 0.165 -0.00178153506 2
0 0.795 0.175 -0.001090354903 2
0 0.795 0.185 -0.0003970326718 2
0 0.795 0.195 0.0002942534711 2
0 0.795 0.205 0.0009789207845 2
0 0.795 0.215 0.001651820673 2
0 0.795 0.225 0.00230726665 2
0 0.795 0.235 0.002939230461 2
0 0.795 0.245 0.003541654749 2
0 0.795 0.255 0.004108815381 2
0 0.795 0.265 0.004635646396 2
0 0.795 0.275 0.005117935933 2
0 0.795 0.285 0.00555232427 2
0 0.795 0.295 0.005936105133 2
0 0.795 0.305 0.006266929814 2
0 0.795 0.315 0.00654251591 2
0 0.795 0.325 0.006760456153 2
0 0.795 0.335 0.006918169451 2
0 0.795 0.345 0.007013014761 2
0 0.795 0.355 0.007042492244 2
0 0.795 0.365 0.007004492668 2
0 0.795 0.375 0.006897532286 2
0 0.795 0.385 0.006720947802 2
0 0.795 0.395 0.006475031597 2
0 0.795 0.405 0.006161104535 2
0 0.795 0.415 0.005781524553 2
0 0.795 0.425 0.005339621036 2
0 0.795 0.435 0.004839571478 2
0 0.795 0.445 0.004286131529 2
0 0.795 0.455 0.003684631503 2
0 0.795 0.465 0.003039683956 2
0 0.795 0.475 0.00235963185 2
0 0.795 0.485 0.001636615606 2
0 0.795 0.495 0.0009347385175 2
0 0.795 0.505 0 2
0 0.795 0.515 0 2
0 0.795 0.525 0 2
0 0.795 0.535 0 2
0 0.795 0.545 0 2
0 0.795 0.555 0 2
0 0.795 0.565 0 2
0 0.805 -0.555 0 2
0 0.805 -0.545 0 2
0 0.805 -0.535 0 2
0 0.805 -0.525 0 2
0 0.805 -0.515 0 2
0 0.805 -0.505 0 2
0 0.805 -0.495 0.0009595669572 2
0 0.805 -0.485 0.001677981399 2
0 0.805 -0.475 0.002415232785 2
0 0.805 -0.465 0.003104721753 2
0 0.805 -0.455 0.003753737923 2
0 0.805 -0.445 0.004353408363 2
0 0.805 -0.435 0.004899153774 2
0 0.805 -0.425 0.005386110661 2
0 0.805 -0.415 0.005810313898 2
0 0.805 -0.405 0.006168583359 2
0 0.805 -0.395 0.006458752249 2
0 0.805 -0.385 0.006679822382 2
0 0.805 -0.375 0.006832088694 2
0 0.805 -0.365 0.006917128064 2
0 0.805 -0.355 0.006937570947 2
0 0.805 -0.345 0.006896629853 2
0 0.805 -0.335 0.006797417189 2
0 0.805 -0.325 0.006642339237 2
0 0.805 -0.315 0.006432631066 2
0 0.805 -0.305 0.006168551984 2
0 0.805 -0.295 0.005850045351 2
0 0.805 -0.285 0.00547723547 2
0 0.805 -0.275 0.005050801332 2
0 0.805 -0.265 0.004572290199 2
0 0.805 -0.255 0.004044280686 2
0 0.805 -0.245 0.003470452423 2
0 0.805 -0.235 0.002855526531 2
0 0.805 -0.225 0.00220510461 2
0 0.805 -0.215 0.001525453666 2
0 0.805 -0.205 0.0008232830222 2
0 0.805 -0.195 0.0001055512066 2
0 0.805 -0.185 -0.0006206850928 2
0 0.805 -0.175 -0.001348379172 2
0 0.805 -0.165 -0.002070569483 2
0 0.805 -0.155 -0.002780432328 2
0 0.805 -0.145 -0.003471322324 2
0 0.805 -0.135 -0.004136808163 2
0 0.805 -0.125 -0.004770708267 2
0 0.805 -0.115 -0.005367130194 2
0 0.805 -0.105 -0.005920506661 2
0 0.805 -0.095 -0.006425638659 2
0 0.805 -0.085 -0.006877658516 2
0 0.805 -0.075 -0.007272083162 2
0 0.805 -0.065 -0.007604151038 2
0 0.805 -0.055 -0.00786951631 2
0 0.805 -0.045 -0.008059410431 2
0 0.805 -0.035 -0.008167134023 2
0 0.805 -0.025 -0.008167533898 2
0 0.805 -0.015 -0.00806790267 2
0 0.805 -0.005 -0.007943084446 2
0 0.805 0.005 -0.007785366048 2
0 0.805 0.015 -0.007649371766 2
0 0.805 0.025 -0.007508367443 2
0 0.805 0.035 -0.007342660112 2
0 0.805 0.045 -0.007151825879 2
0 0.805 0.055 -0.006936754795 2
0 0.805 0.065 -0.006710700143 2
0 0.805 0.075 -0.00648423454 2
0 0.805 0.085 -0.006189617005 2
0 0.805 0.095 -0.005799554576 2
0 0.805 0.105 -0.005327490388 2
0 0.805 0.115 -0.004794335842 2
0 0.805 0.125 -0.004214650465 2
0 0.805 0.135 -0.003602866329 2
0 0.805 0.145 -0.002969785402 2
0 0.805 0.155 -0.002322356918 2
0 0.805 0.165 -0.001666109365 2
0 0.805 0.175 -0.001005163511 2
0 0.805 0.185 -0.0003431421349 2
0 0.805 0.195 0.0003163307884 2
0 0.805 0.205 0.0009691621698 2
0 0.805 0.215 0.001610566645 2
0 0.805 0.225 0.00223505464 2
0 0.805 0.235 0.002836633731 2
0 0.805 0.245 0.00340918807 2
0 0.805 0.255 0.003946968176 2
0 0.805 0.265 0.004445067261 2
0 0.805 0.275 0.004899730257 2
0 0.805 0.285 0.005308344928 2
0 0.805 0.295 0.005669092272 2
0 0.805 0.305 0.005980461533 2
0 0.805 0.315 0.006240787718 2
0 0.805 0.325 0.006447961827 2
0 0.805 0.335 0.006599358752 2
0 0.805 0.345 0.006692045787 2
0 0.805 0.355 0.006723079554 2
0 0.805 0.365 0.006689865147 2
0 0.805 0.375 0.006590465086 2
0 0.805 0.385 0.00642384421 2
0 0.805 0.395 0.006190028415 2
0 0.805 0.405 0.005890190282 2
0 0.805 0.415 0.005526665147 2
0 0.805 0.425 0.005102886517 2
0 0.805 0.435 0.004623240017 2
0 0.805 0.445 0.004092732533 2
0 0.805 0.455 0.003516867742 2
0 0.805 0.465 0.002900269992 2
0 0.805 0.475 0.002250884618 2
0 0.805 0.485 0.001560947748 2
0 0.805 0.495 0.0008914661842 2
0 0.805 0.505 0 2
0 0.805 0.515 0 2
0 0.805 0.525 0 2
0 0.805 0.535 0 2
0 0.805 0.545 0 2
0 0.805 0.555 0 2
0 0.805 0.565 0 2
0 0.815 -0.555 0 2
0 0.815 -0.545 0 2
0 0.815 -0.535 0 2
0 0.815 -0.525 0 2
0 0.815 -0.515 0 2
0 0.815 -0.505 0 2
0 0.815 -0.495 0.0009173496255 2
0 0.815 -0.485 0.001604619228 2
0 0.815 -0.475 0.002310262805 2
0 0.815 -0.465 0.002970343649 2
0 0.815 -0.455 0.003591680126 2
0 0.815 -0.445 0.004165564769 2
0 0.815 -0.435 0.004687393935 2
0 0.815 -0.425 0.005152255251 2
0 0.815 -0.415 0.005556076161 2
0 0.815 -0.405 0.005895541718 2
0 0.815 -0.395 0.006168382189 2
0 0.815 -0.385 0.006373625859 2
0 0.815 -0.375 0.006511854583 2
0 0.815 -0.365 0.006585306426 2
0 0.815 -0.355 0.0065976643 2
0 0.815 -0.345 0.006553433673 2
0 0.815 -0.335 0.006456862426 2
0 0.815 -0.325 0.006311020166 2
0 0.815 -0.315 0.006116762882 2
0 0.815 -0.305 0.005873183852 2
0 0.815 -0.295 0.005579051357 2
0 0.815 -0.285 0.005233434392 2
0 0.815 -0.275 0.004836058717 2
0 0.815 -0.265 0.004387726701 2
0 0.815 -0.255 0.003890471833 2
0 0.815 -0.245 0.003347667632 2
0 0.815 -0.235 0.002763942619 2
0 0.815 -0.225 0.002144937687 2
0 0.815 -0.215 0.001496999752 2
0 0.815 -0.205 0.0008268838493 2
0 0.815 -0.195 0.0001415242987 2
0 0.815 -0.185 -0.0005521237128 2
0 0.815 -0.175 -0.001247178407 2
0 0.815 -0.165 -0.001936884994 2
0 0.815 -0.155 -0.002614645419 2
0 0.815 -0.145 -0.003274039279 2
0 0.815 -0.135 -0.003908845032 2
0 0.815 -0.125 -0.00451306735 2
0 0.815 -0.115 -0.005080975686 2
0 0.815 -0.105 -0.005607150847 2
0 0.815 -0.095 -0.006086553153 2
0 0.815 -0.085 -0.006514534801 2
0 0.815 -0.075 -0.006886976371 2
0 0.815 -0.065 -0.007199660427 2
0 0.815 -0.055 -0.007449328672 2
0 0.815 -0.045 -0.007626991716 2
0 0.815 -0.035 -0.00773001156 2
0 0.815 -0.025 -0.007715623303 2
0 0.815 -0.015 -0.00756713123 2
0 0.815 -0.005 -0.007444177348 2
0 0.815 0.005 -0.007323213742 1
0 0.815 0.015 -0.007209822647 1
0 0.815 0.025 -0.007082061148 1
0 0.815 0.035 -0.006932942442 1
0 0.815 0.045 -0.006759779897 1
0 0.815 0.055 -0.006562833434 1
0 0.815 0.065 -0.006340311999 1
0 0.815 0.075 -0.00611137012 2
0 0.815 0.085 -0.005853909678 2
0 0.815 0.095 -0.005514051133 2
0 0.815 0.105 -0.00506459497 2
0 0.815 0.115 -0.004543569108 2
0 0.815 0.125 -0.003983361757 2
0 0.815 0.135 -0.003393903895 2
0 0.815 0.145 -0.002787051262 2
0 0.815 0.155 -0.002168864196 2
0 0.815 0.165 -0.00154430797 2
0 0.815 0.175 -0.0009166944639 2
0 0.815 0.185 -0.000288784609 2
0 0.815 0.195 0.0003366093943 2
0 0.815 0.205 0.0009560250711 2
0 0.815 0.215 0.001565049922 2
0 0.815 0.225 0.002158274346 2
0 0.815 0.235 0.002729508349 2
0 0.815 0.245 0.003272261603 2
0 0.815 0.255 0.003780436172 2
0 0.815 0.265 0.004249064403 2
0 0.815 0.275 0.004674847543 2
0 0.815 0.285 0.005056155416 2
0 0.815 0.295 0.005392388996 2
0 0.815 0.305 0.005683188539 2
0 0.815 0.315 0.005927711532 2
0 0.815 0.325 0.006124205257 2
0 0.815 0.335 0.006269888046 2
0 0.815 0.345 0.006361367037 2
0 0.815 0.355 0.006395061813 2
0 0.815 0.365 0.006367728311 2
0 0.815 0.375 0.006276851287 2
0 0.815 0.385 0.006120942368 2
0 0.815 0.395 0.005899711738 2
0 0.815 0.405 0.005614161097 2
0 0.815 0.415 0.005266613664 2
0 0.815 0.425 0.004860673738 2
0 0.815 0.435 0.004401081552 2
0 0.815 0.445 0.003893321098 2
0 0.815 0.455 0.003343305196 2
0 0.815 0.465 0.002755808021 2
0 0.815 0.475 0.002138296382 2
0 0.815 0.485 0.001482878825 2
0 0.815 0.495 0.0008470716173 2
0 0.815 0.505 0 2
0 0.815 0.515 0 2
0 0.815 0.525 0 2
0 0.815 0.535 0 2
0 0.815 0.545 0 2
0 0.815 0.555 0 2
0 0.815 0.565 0 2
0 0.825 -0.555 0 2
0 0.825 -0.545 0 2
0 0.825 -0.535 0 2
0 0.825 -0.525 0 2
0 0.825 -0.515 0 2
0 0.825 -0.505 0 2
0 0.825 -0.495 0.0008743452068 2
0 0.825 -0.485 0.001529878658 2
0 0.825 -0.475 0.002203322138 2
0 0.825 -0.465 0.002833471258 2
0 0.825 -0.455 0.003426683264 2
0 0.825 -0.445 0.003974437199 2
0 0.825 -0.435 0.004472111859 2
0 0.825 -0.425 0.004914729042 2
0 0.825 -0.415 0.005298050392 2
0 0.825 -0.405 0.005618508881 2
0 0.825 -0.395 0.005873559168 2
0 0.825 -0.385 0.006062060519 2
0 0.825 -0.375 0.006184755992 2
0 0.825 -0.365 0.006244586886 2
0 0.825 -0.355 0.006246584013 2
0 0.825 -0.345 0.006197092512 2
0 0.825 -0.335 0.006102049902 2
0 0.825 -0.325 0.005965817119 2
0 0.825 -0.315 0.005788561792 2
0 0.825 -0.305 0.005567309788 2
0 0.825 -0.295 0.005299364124 2
0 0.825 -0.285 0.004982681889 2
0 0.825 -0.275 0.004615853454 2
0 0.825 -0.265 0.004198842203 2
0 0.825 -0.255 0.003733066991 2
0 0.825 -0.245 0.003221631185 2
0 0.825 -0.235 0.002669206757 2
0 0.825 -0.225 0.002081634115 2
0 0.825 -0.215 0.001465479015 2
0 0.825 -0.205 0.0008276271582 2
0 0.825 -0.195 0.0001750237707 2
0 0.825 -0.185 -0.0004854828668 2
0 0.825 -0.175 -0.001147203217 2
0 0.825 -0.165 -0.001803624086 2
0 0.825 -0.155 -0.0024484057 2
0 0.825 -0.145 -0.003075376978 2
0 0.825 -0.135 -0.003678537439 2
0 0.825 -0.125 -0.00425207112 2
0 0.825 -0.115 -0.004790377599 2
0 0.825 -0.105 -0.005288122056 2
0 0.825 -0.095 -0.005740317499 2
0 0.825 -0.085 -0.006142395033 2
0 0.825 -0.075 -0.006490391625 2
0 0.825 -0.065 -0.006780584351 2
0 0.825 -0.055 -0.007010493765 2
0 0.825 -0.045 -0.007172984571 2
0 0.825 -0.035 -0.007266197773 2
0 0.825 -0.025 -0.007248859082 2
0 0.825 -0.015 -0.007087183356 1
0 0.825 -0.005 -0.006978651635 1
0 0.825 0.005 -0.006917730381 1
0 0.825 0.015 -0.006821861367 1
0 0.825 0.025 -0.006704875601 1
0 0.825 0.035 -0.006571702795 1
0 0.825 0.045 -0.006416137607 1
0 0.825 0.055 -0.006240470335 1
0 0.825 0.065 -0.006032411234 1
0 0.825 0.075 -0.005771872246 1
0 0.825 0.085 -0.005514075772 2
0 0.825 0.095 -0.005215277608 2
0 0.825 0.105 -0.004786727782 2
0 0.825 0.115 -0.00427503491 2
0 0.825 0.125 -0.003735252886 2
0 0.825 0.135 -0.003170194189 2
0 0.825 0.145 -0.002592073054 2
0 0.825 0.155 -0.002006117799 2
0 0.825 0.165 -0.001416571206 2
0 0.825 0.175 -0.0008256640139 2
0 0.825 0.185 -0.0002349151836 2
0 0.825 0.195 0.0003539904841 2
0 0.825 0.205 0.0009384002332 2
0 0.825 0.215 0.001514314959 2
0 0.825 0.225 0.002076308702 2
0 0.825 0.235 0.002617731308 2
0 0.825 0.245 0.003131289539 2
0 0.825 0.255 0.003610034002 2
0 0.825 0.265 0.004048535101 2
0 0.825 0.275 0.00444391845 2
0 0.825 0.285 0.00479593887 2
0 0.825 0.295 0.005105736487 2
0 0.825 0.305 0.005374555043 2
0 0.825 0.315 0.005602655516 2
0 0.825 0.325 0.005788710863 2
0 0.825 0.335 0.005929542043 2
0 0.825 0.345 0.006021052901 2
0 0.825 0.355 0.006058764453 2
0 0.825 0.365 0.006038597056 2
0 0.825 0.375 0.005957332746 2
0 0.825 0.385 0.005812962036 2
0 0.825 0.395 0.005604836456 2
0 0.825 0.405 0.005333748229 2
0 0.825 0.415 0.005001980327 2
0 0.825 0.425 0.004613338082 2
0 0.825 0.435 0.004173071957 2
0 0.825 0.445 0.003687471228 2
0 0.825 0.455 0.003163261885 2
0 0.825 0.465 0.002605644634 2
0 0.825 0.475 0.002021480573 2
0 0.825 0.485 0.001402384094 2
0 0.825 0.495 0.0008017636857 2
0 0.825 0.505 0 2
0 0.825 0.515 0 2
0 0.825 0.525 0 2
0 0.825 0.535 0 2
0 0.825 0.545 0 2
0 0.825 0.555 0 2
0 0.825 0.565 0 2
0 0.835 -0.555 0 2
0 0.835 -0.545 0 2
0 0.835 -0.535 0 2
0 0.835 -0.525 0 2
0 0.835 -0.515 0 2
0 0.835 -0.505 0 2
0 0.835 -0.495 0.0008305003989 2
0 0.835 -0.485 0.001453673984 2
0 0.835 -0.475 0.002094292273 2
0 0.835 -0.465 0.002693954995 2
0 0.835 -0.455 0.003258576738 2
0 0.835 -0.445 0.003779860022 2
0 0.835 -0.435 0.004253196407 2
0 0.835 -0.425 0.004673552879 2
0 0.835 -0.415 0.005036488234 2
0 0.835 -0.405 0.005338060674 2
0 0.835 -0.395 0.005575228601 2
0 0.835 -0.385 0.005746383721 2
0 0.835 -0.375 0.005852171335 2
0 0.835 -0.365 0.005896075834 2
0 0.835 -0.355 0.005884730729 2
0 0.835 -0.345 0.005827102322 2
0 0.835 -0.335 0.005731659543 2
0 0.835 -0.325 0.005605858622 2
0 0.835 -0.315 0.005448376219 2
0 0.835 -0.305 0.005251680513 2
0 0.835 -0.295 0.005011542991 2
0 0.835 -0.285 0.004725378255 2
0 0.835 -0.275 0.004390503413 2
0 0.835 -0.265 0.004005948007 2
0 0.835 -0.255 0.003572269997 2
0 0.835 -0.245 0.003092309339 2
0 0.835 -0.235 0.00257100323 2
0 0.835 -0.225 0.00201463165 2
0 0.835 -0.215 0.001430176013 2
0 0.835 -0.205 0.000824740479 2
0 0.835 -0.195 0.00020529148 2
0 0.835 -0.185 -0.000421467744 2
0 0.835 -0.175 -0.001049094923 2
0 0.835 -0.165 -0.001671374283 2
0 0.835 -0.155 -0.002282272105 2
0 0.835 -0.145 -0.002875902407 2
0 0.835 -0.135 -0.003446507267 2
0 0.835 -0.125 -0.003988453276 2
0 0.835 -0.115 -0.004496247859 2
0 0.835 -0.105 -0.004964582439 2
0 0.835 -0.095 -0.005388411345 2
0 0.835 -0.085 -0.005763076316 2
0 0.835 -0.075 -0.00608449775 2
0 0.835 -0.065 -0.00634927564 2
0 0.835 -0.055 -0.006555155529 2
0 0.835 -0.045 -0.006699103756 2
0 0.835 -0.035 -0.006779147669 2
0 0.835 -0.025 -0.00677542242 2
0 0.835 -0.015 -0.006676388157 1
0 0.835 -0.005 -0.006590321436 1
0 0.835 0.005 -0.006530706883 1
0 0.835 0.015 -0.006451788377 1
0 0.835 0.025 -0.006352766574 1
0 0.835 0.035 -0.006236736102 1
0 0.835 0.045 -0.0060992331 1
0 0.835 0.055 -0.005938975035 1
0 0.835 0.065 -0.005745889231 1
0 0.835 0.075 -0.005499134131 1
0 0.835 0.085 -0.005211381194 1
0 0.835 0.095 -0.004910011587 2
0 0.835 0.105 -0.004489095027 2
0 0.835 0.115 -0.003990467305 2
0 0.835 0.125 -0.003471774635 2
0 0.835 0.135 -0.002933194049 2
0 0.835 0.145 -0.002385965485 2
0 0.835 0.155 -0.001835059661 2
0 0.835 0.165 -0.001283942225 2
0 0.835 0.175 -0.0007333871245 2
0 0.835 0.185 -0.0001831027587 2
0 0.835 0.195 0.0003667835451 2
0 0.835 0.205 0.0009146345382 2
0 0.835 0.215 0.001456923788 2
0 0.835 0.225 0.001988158337 2
0 0.835 0.235 0.002500965596 2
0 0.835 0.245 0.002986718706 2
0 0.835 0.255 0.003436884254 2
0 0.835 0.265 0.003844854261 2
0 0.835 0.275 0.00420808235 2
0 0.835 0.285 0.004528421568 2
0 0.835 0.295 0.004809468032 2
0 0.835 0.305 0.005054586522 2
0 0.835 0.315 0.005265489946 2
0 0.835 0.325 0.005441439925 2
0 0.835 0.335 0.005578417216 2
0 0.835 0.345 0.005671384029 2
0 0.835 0.355 0.005714645152 2
0 0.835 0.365 0.005703078342 2
0 0.835 0.375 0.005632621987 2
0 0.835 0.385 0.005500687763 2
0 0.835 0.395 0.005306245508 2
0 0.835 0.405 0.005049833735 2
0 0.835 0.415 0.004733614505 2
0 0.835 0.425 0.004361535927 2
0 0.835 0.435 0.003939459231 2
0 0.835 0.445 0.003474902638 2
0 0.835 0.455 0.002976061532 2
0 0.835 0.465 0.002449085402 2
0 0.835 0.475 0.001900009393 2
0 0.835 0.485 0.001319464228 2
0 0.835 0.495 0.0007558524637 2
0 0.835 0.505 0 2
0 0.835 0.515 0 2
0 0.835 0.525 0 2
0 0.835 0.535 0 2
0 0.835 0.545 0 2
0 0.835 0.555 0 2
0 0.835 0.565 0 2
0 0.845 -0.555 0 2
0 0.845 -0.545 0 2
0 0.845 -0.535 0 2
0 0.845 -0.525 0 2
0 0.845 -0.515 0 2
0 0.845 -0.505 0 2
0 0.845 -0.495 0.0007857556916 2
0 0.845 -0.485 0.00137590248 2
0 0.845 -0.475 0.001983016903 2
0 0.845 -0.465 0.002551573739 2
0 0.845 -0.455 0.00308707039 2
0 0.845 -0.445 0.003581486355 2
0 0.845 -0.435 0.004030285127 2
0 0.845 -0.425 0.004428435384 2
0 0.845 -0.415 0.004771308394 2
0 0.845 -0.405 0.005054507111 2
0 0.845 -0.395 0.005274243556 2
0 0.845 -0.385 0.005427884801 2
0 0.845 -0.375 0.005515497328 2
0 0.845 -0.365 0.005541007958 2
0 0.845 -0.355 0.005513454036 2
0 0.845 -0.345 0.005445441724 2
0 0.845 -0.335 0.005347336641 2
0 0.845 -0.325 0.005232754464 2
0 0.845 -0.315 0.005097782941 2
0 0.845 -0.305 0.004926554402 2
0 0.845 -0.295 0.004715136302 2
0 0.845 -0.285 0.004461627828 2
0 0.845 -0.275 0.004160394899 2
0 0.845 -0.265 0.00380936242 2
0 0.845 -0.255 0.003408145975 2
0 0.845 -0.245 0.002959391854 2
0 0.845 -0.235 0.002468703743 2
0 0.845 -0.225 0.00194304816 2
0 0.845 -0.215 0.001390088254 2
0 0.845 -0.205 0.0008172260192 2
0 0.845 -0.195 0.0002314121103 2
0 0.845 -0.185 -0.0003608824777 2
0 0.845 -0.175 -0.0009535537997 2
0 0.845 -0.165 -0.001540759284 2
0 0.845 -0.155 -0.002116832153 2
0 0.845 -0.145 -0.002676218086 2
0 0.845 -0.135 -0.003213436319 2
0 0.845 -0.125 -0.003723057889 2
0 0.845 -0.115 -0.004199702295 2
0 0.845 -0.105 -0.004638063904 2
0 0.845 -0.095 -0.00503297235 2
0 0.845 -0.085 -0.00537955894 2
0 0.845 -0.075 -0.005673419493 2
0 0.845 -0.065 -0.005911282226 2
0 0.845 -0.055 -0.006090778385 2
0 0.845 -0.045 -0.006214057159 2
0 0.845 -0.035 -0.006283179074 2
0 0.845 -0.025 -0.006314585782 2
0 0.845 -0.015 -0.00629867208 1
0 0.845 -0.005 -0.006218214906 1
0 0.845 0.005 -0.006138472596 1
0 0.845 0.015 -0.006067303083 1
0 0.845 0.025 -0.005988564461 1
0 0.845 0.035 -0.005892538039 1
0 0.845 0.045 -0.005773542304 1
0 0.845 0.055 -0.005628400867 1
0 0.845 0.065 -0.005453399041 1
0 0.845 0.075 -0.005236111465 1
0 0.845 0.085 -0.004958332779 1
0 0.845 0.095 -0.00461658945 2
0 0.845 0.105 -0.004183233101 2
0 0.845 0.115 -0.003696513274 2
0 0.845 0.125 -0.003198308603 2
0 0.845 0.135 -0.002686706721 2
0 0.845 0.145 -0.002171241174 2
0 0.845 0.155 -0.001657440558 2
0 0.845 0.165 -0.001148022077 2
0 0.845 0.175 -0.0006416284362 2
0 0.845 0.185 -0.0001352726304 2
0 0.845 0.195 0.0003730009031 2
0 0.845 0.205 0.0008827260299 2
0 0.845 0.215 0.001390946697 2
0 0.845 0.225 0.001892233626 2
0 0.845 0.235 0.002378444362 2
0 0.845 0.245 0.002839053942 2
0 0.845 0.255 0.003262767079 2
0 0.845 0.265 0.003640144603 2
0 0.845 0.275 0.003968615875 2
0 0.845 0.285 0.004253777043 2
0 0.845 0.295 0.004502867038 2
0 0.845 0.305 0.00472203428 2
0 0.845 0.315 0.00491498326 2
0 0.845 0.325 0.005081921745 2
0 0.845 0.335 0.005216596058 2
0 0.845 0.345 0.005312837819 2
0 0.845 0.355 0.005363353311 2
0 0.845 0.365 0.005361862384 2
0 0.845 0.375 0.005303409912 2
0 0.845 0.385 0.005184829267 2
0 0.845 0.395 0.005004734163 2
0 0.845 0.405 0.00476338392 2
0 0.845 0.415 0.00446261404 2
0 0.845 0.425 0.004106179049 2
0 0.845 0.435 0.003700401103 2
0 0.845 0.445 0.003254597451 2
0 0.845 0.455 0.002779694336 2
0 0.845 0.465 0.002284081481 2
0 0.845 0.475 0.001772463566 2
0 0.845 0.485 0.00123375663 2
0 0.845 0.495 0.0007098232504 2
0 0.845 0.505 0 2
0 0.845 0.515 0 2
0 0.845 0.525 0 2
0 0.845 0.535 0 2
0 0.845 0.545 0 2
0 0.845 0.555 0 2
0 0.845 0.565 0 2
0 0.855 -0.555 0 1
0 0.855 -0.545 0 1
0 0.855 -0.535 0 2
0 0.855 -0.525 0 2
0 0.855 -0.515 0 2
0 0.855 -0.505 0 2
0 0.855 -0.495 0.0007400640497 2
0 0.855 -0.485 0.001296471826 2
0 0.855 -0.475 0.001869334793 2
0 0.855 -0.465 0.002406068655 2
0 0.855 -0.455 0.002911782334 2
0 0.855 -0.445 0.003378797235 2
0 0.855 -0.435 0.003802733697 2
0 0.855 -0.425 0.004178672914 2
0 0.855 -0.415 0.00450189098 2
0 0.855 -0.405 0.00476756024 2
0 0.855 -0.395 0.004970900175 2
0 0.855 -0.385 0.005107618685 2
0 0.855 -0.375 0.005176572024 2
0 0.855 -0.365 0.005181901486 2
0 0.855 -0.355 0.005135970949 2
0 0.855 -0.345 0.005051996794 2
0 0.855 -0.335 0.004939881504 2
0 0.855 -0.325 0.004841792157 2
0 0.855 -0.315 0.004744119526 2
0 0.855 -0.305 0.004597110726 2
0 0.855 -0.295 0.004409645072 2
0 0.855 -0.285 0.0041903833 2
0 0.855 -0.275 0.003924413517 2
0 0.855 -0.265 0.003608574229 2
0 0.855 -0.255 0.003240616418 2
0 0.855 -0.245 0.002822411091 2
0 0.855 -0.235 0.002361276005 2
0 0.855 -0.225 0.001865547357 2
0 0.855 -0.215 0.001343876438 2
0 0.855 -0.205 0.0008038775727 2
0 0.855 -0.195 0.0002523631758 2
0 0.855 -0.185 -0.0003045682562 2
0 0.855 -0.175 -0.0008612766885 2
0 0.855 -0.165 -0.0014123793 2
0 0.855 -0.155 -0.001952641619 2
0 0.855 -0.145 -0.002476892544 2
0 0.855 -0.135 -0.002979974043 2
0 0.855 -0.125 -0.003456704659 2
0 0.855 -0.115 -0.003901854825 2
0 0.855 -0.105 -0.004310151136 2
0 0.855 -0.095 -0.004676306299 2
0 0.855 -0.085 -0.004995204184 2
0 0.855 -0.075 -0.00526203507 2
0 0.855 -0.065 -0.005473498906 2
0 0.855 -0.055 -0.005627103518 2
0 0.855 -0.045 -0.005728967857 2
0 0.855 -0.035 -0.005783118866 2
0 0.855 -0.025 -0.005834901986 2
0 0.855 -0.015 -0.005896625183 1
0 0.855 -0.005 -0.00582642151 1
0 0.855 0.005 -0.005738077718 1
0 0.855 0.015 -0.005679284437 1
0 0.855 0.025 -0.005622839324 1
0 0.855 0.035 -0.005545208046 1
0 0.855 0.045 -0.005442410977 1
0 0.855 0.055 -0.00531663988 1
0 0.855 0.065 -0.00516735833 1
0 0.855 0.075 -0.004985776423 1
0 0.855 0.085 -0.004713541939 1
0 0.855 0.095 -0.004325381025 2
0 0.855 0.105 -0.003877246959 2
0 0.855 0.115 -0.003402615473 2
0 0.855 0.125 -0.002922355751 2
0 0.855 0.135 -0.00243516768 2
0 0.855 0.145 -0.00195015246 2
0 0.855 0.155 -0.001474380534 2
0 0.855 0.165 -0.001010279109 2
0 0.855 0.175 -0.0005527334189 2
0 0.855 0.185 -9.41656848e-05 2
0 0.855 0.195 0.0003701468412 2
0 0.855 0.205 0.0008405061033 2
0 0.855 0.215 0.001314240806 2
0 0.855 0.225 0.001786567888 2
0 0.855 0.235 0.002248736561 2
0 0.855 0.245 0.002687901806 2
0 0.855 0.255 0.003088629597 2
0 0.855 0.265 0.00343615873 2
0 0.855 0.275 0.003727636676 2
0 0.855 0.285 0.003975471137 2
0 0.855 0.295 0.004191053196 2
0 0.855 0.305 0.004382305301 2
0 0.855 0.315 0.004555239237 2
0 0.855 0.325 0.004712825708 2
0 0.855 0.335 0.004844957687 2
0 0.855 0.345 0.004945598734 2
0 0.855 0.355 0.005005096384 2
0 0.855 0.365 0.005015362448 2
0 0.855 0.375 0.004970158442 2
0 0.855 0.385 0.004865787458 2
0 0.855 0.395 0.004700773019 2
0 0.855 0.405 0.004475121767 2
0 0.855 0.415 0.00419013256 2
0 0.855 0.425 0.003848901837 2
0 0.855 0.435 0.00345777311 2
0 0.855 0.445 0.003028208228 2
0 0.855 0.455 0.002575628951 2
0 0.855 0.465 0.002112169807 2
0 0.855 0.475 0.00163957583 2
0 0.855 0.485 0.001145074674 2
0 0.855 0.495 0.0006632979048 2
0 0.855 0.505 0 2
0 0.855 0.515 0 2
0 0.855 0.525 0 2
0 0.855 0.535 0 2
0 0.855 0.545 0 2
0 0.855 0.555 0 2
0 0.855 0.565 0 2
0 0.865 -0.555 0 1
0 0.865 -0.545 0 1
0 0.865 -0.535 0 2
0 0.865 -0.525 0 2
0 0.865 -0.515 0 2
0 0.865 -0.505 0 2
0 0.865 -0.495 0.0006934156148 2
0 0.865 -0.485 0.001215337628 2
0 0.865 -0.475 0.001753128842 2
0 0.865 -0.465 0.002257203221 2
0 0.865 -0.455 0.002732307801 2
0 0.865 -0.445 0.003171170746 2
0 0.865 -0.435 0.003569663977 2
0 0.865 -0.425 0.003923127296 2
0 0.865 -0.415 0.004226907061 2
0 0.865 -0.405 0.004476021702 2
0 0.865 -0.395 0.004664625814 2
0 0.865 -0.385 0.004786331452 2
0 0.865 -0.375 0.004836987206 2
0 0.865 -0.365 0.004814499981 2
0 0.865 -0.355 0.004742129385 2
0 0.865 -0.345 0.004660018017 2
0 0.865 -0.335 0.004554202167 2
0 0.865 -0.325 0.004466381782 2
0 0.865 -0.315 0.004381451589 2
0 0.865 -0.305 0.004246531571 2
0 0.865 -0.295 0.004088931266 2
0 0.865 -0.285 0.003914642552 2
0 0.865 -0.275 0.003683946861 2
0 0.865 -0.265 0.003401672192 2
0 0.865 -0.255 0.003068551777 2
0 0.865 -0.245 0.002680117738 2
0 0.865 -0.235 0.002247107675 2
0 0.865 -0.225 0.001780375185 2
0 0.865 -0.215 0.00128989263 2
0 0.865 -0.205 0.0007833787473 2
0 0.865 -0.195 0.0002671310301 2
0 0.865 -0.185 -0.0002532989533 2
0 0.865 -0.175 -0.0007728714896 2
0 0.865 -0.165 -0.001286742363 2
0 0.865 -0.155 -0.001790164366 2
0 0.865 -0.145 -0.00227839571 2
0 0.865 -0.135 -0.00274665015 2
0 0.865 -0.125 -0.00319005214 2
0 0.865 -0.115 -0.003603591553 2
0 0.865 -0.105 -0.003982107135 2
0 0.865 -0.095 -0.004320268524 2
0 0.865 -0.085 -0.004612743181 2
0 0.865 -0.075 -0.004854362258 2
0 0.865 -0.065 -0.005041539897 2
0 0.865 -0.055 -0.005171583016 2
0 0.865 -0.045 -0.005251927313 2
0 0.865 -0.035 -0.005290796299 2
0 0.865 -0.025 -0.005338525627 2
0 0.865 -0.015 -0.005419944262 2
0 0.865 -0.005 -0.005394279336 1
0 0.865 0.005 -0.005321440245 1
0 0.865 0.015 -0.005292244537 1
0 0.865 0.025 -0.00527259886 1
0 0.865 0.035 -0.005211164079 1
0 0.865 0.045 -0.005118610299 1
0 0.865 0.055 -0.005008563186 1
0 0.865 0.065 -0.004878744248 1
0 0.865 0.075 -0.004719833017 1
0 0.865 0.085 -0.004442452501 1
0 0.865 0.095 -0.004022797419 2
0 0.865 0.105 -0.003576522793 2
0 0.865 0.115 -0.00311705462 2
0 0.865 0.125 -0.002650937059 2
0 0.865 0.135 -0.002183778702 2
0 0.865 0.145 -0.001727331198 2
0 0.865 0.155 -0.001289622226 2
0 0.865 0.165 -0.0008734121226 2
0 0.865 0.175 -0.0004680518255 2
0 0.865 0.185 -6.000258296e-05 2
0 0.865 0.195 0.0003580279505 2
0 0.865 0.205 0.0007866061418 2
0 0.865 0.215 0.001224138983 2
0 0.865 0.225 0.001668004873 2
0 0.865 0.235 0.002108664236 2
0 0.865 0.245 0.002530726378 2
0 0.865 0.255 0.002917632708 2
0 0.865 0.265 0.003239129467 2
0 0.865 0.275 0.003484430634 2
0 0.865 0.285 0.003687003815 2
0 0.865 0.295 0.003866130446 2
0 0.865 0.305 0.004025755228 2
0 0.865 0.315 0.004176467157 2
0 0.865 0.325 0.00433305056 2
0 0.865 0.335 0.004465493925 2
0 0.865 0.345 0.00457120566 2
0 0.865 0.355 0.004640462233 2
0 0.865 0.365 0.004663756566 2
0 0.865 0.375 0.004632824273 2
0 0.865 0.385 0.004543355401 2
0 0.865 0.395 0.004394129865 2
0 0.865 0.405 0.004185191009 2
0 0.865 0.415 0.00391733962 2
0 0.865 0.425 0.003592415663 2
0 0.865 0.435 0.003213243706 2
0 0.865 0.445 0.002792002777 2
0 0.865 0.455 0.00235416343 2
0 0.865 0.465 0.001925100004 2
0 0.865 0.475 0.00149474446 2
0 0.865 0.485 0.001049268872 2
0 0.865 0.495 0.0006165846423 2
0 0.865 0.505 0 2
0 0.865 0.515 0 2
0 0.865 0.525 0 2
0 0.865 0.535 0 2
0 0.865 0.545 0 2
0 0.865 0.555 0 2
0 0.865 0.565 0 2
0 0.875 -0.555 0 1
0 0.875 -0.545 0 1
0 0.875 -0.535 0 2
0 0.875 -0.525 0 2
0 0.875 -0.515 0 2
0 0.875 -0.505 0 2
0 0.875 -0.495 0.0006458647889 2
0 0.875 -0.485 0.001132545287 2
0 0.875 -0.475 0.001634384773 2
0 0.875 -0.465 0.002104844669 2
0 0.875 -0.455 0.002548330884 2
0 0.875 -0.445 0.002958029091 2
0 0.875 -0.435 0.003330140994 2
0 0.875 -0.425 0.003660399489 2
0 0.875 -0.415 0.0039444238 2
0 0.875 -0.405 0.004177559415 2
0 0.875 -0.395 0.004352903952 2
0 0.875 -0.385 0.004461958892 2
0 0.875 -0.375 0.004492744866 2
0 0.875 -0.365 0.004441808485 2
0 0.875 -0.355 0.004358064777 2
0 0.875 -0.345 0.004296751858 2
0 0.875 -0.335 0.004217783515 1
0 0.875 -0.325 0.004135574767 1
0 0.875 -0.315 0.004041782161 2
0 0.875 -0.305 0.003910095609 2
0 0.875 -0.295 0.003765362284 2
0 0.875 -0.285 0.003617710102 2
0 0.875 -0.275 0.003424212696 2
0 0.875 -0.265 0.003191565134 2
0 0.875 -0.255 0.002893894592 2
0 0.875 -0.245 0.002529854501 2
0 0.875 -0.235 0.002123417172 2
0 0.875 -0.225 0.001685280759 2
0 0.875 -0.215 0.001226408156 2
0 0.875 -0.205 0.00075453027 2
0 0.875 -0.195 0.0002749051972 2
0 0.875 -0.185 -0.0002076378259 2
0 0.875 -0.175 -0.0006887600554 2
0 0.875 -0.165 -0.00116420211 2
0 0.875 -0.155 -0.001629731719 2
0 0.875 -0.145 -0.002081065243 2
0 0.875 -0.135 -0.002513830336 2
0 0.875 -0.125 -0.002923519108 2
0 0.875 -0.115 -0.00330542645 2
0 0.875 -0.105 -0.003654610304 2
0 0.875 -0.095 -0.003965791104 2
0 0.875 -0.085 -0.004233534132 2
0 0.875 -0.075 -0.004452258073 2
0 0.875 -0.065 -0.004617569655 2
0 0.875 -0.055 -0.004726339402 2
0 0.875 -0.045 -0.004786675496 2
0 0.875 -0.035 -0.004804877492 2
0 0.875 -0.025 -0.004818830491 2
0 0.875 -0.015 -0.004882293693 2
0 0.875 -0.005 -0.004917292939 2
0 0.875 0.005 -0.004912211486 1
0 0.875 0.015 -0.00489948596 1
0 0.875 0.025 -0.004887615167 1
0 0.875 0.035 -0.004826535369 1
0 0.875 0.045 -0.004743969929 1
0 0.875 0.055 -0.004662935224 1
0 0.875 0.065 -0.00456931236 1
0 0.875 0.075 -0.00440655856 2
0 0.875 0.085 -0.004132188158 2
0 0.875 0.095 -0.003728209174 2
0 0.875 0.105 -0.00329332334 2
0 0.875 0.115 -0.002845254419 2
0 0.875 0.125 -0.002390487948 2
0 0.875 0.135 -0.001935473001 2
0 0.875 0.145 -0.001499543416 2
0 0.875 0.155 -0.00109477576 2
0 0.875 0.165 -0.0007358030753 2
0 0.875 0.175 -0.0003948538757 2
0 0.875 0.185 -3.995198146e-05 2
0 0.875 0.195 0.0003357690611 2
0 0.875 0.205 0.0007237058214 2
0 0.875 0.215 0.001121175232 2
0 0.875 0.225 0.001534807944 2
0 0.875 0.235 0.001954251707 2
0 0.875 0.245 0.002367540055 2
0 0.875 0.255 0.002743274726 2
0 0.875 0.265 0.003035893261 2
0 0.875 0.275 0.003243572994 2
0 0.875 0.285 0.003418100369 2
0 0.875 0.295 0.003573569797 2
0 0.875 0.305 0.003705831327 2
0 0.875 0.315 0.003824817764 2
0 0.875 0.325 0.003954783832 2
0 0.875 0.335 0.004067039393 2
0 0.875 0.345 0.004182469316 2
0 0.875 0.355 0.004268276933 2
0 0.875 0.365 0.004306686742 2
0 0.875 0.375 0.00429057808 2
0 0.875 0.385 0.00421640092 2
0 0.875 0.395 0.004083471056 2
0 0.875 0.405 0.003892478558 2
0 0.875 0.415 0.003643905728 2
0 0.875 0.425 0.003335730411 2
0 0.875 0.435 0.002969176281 2
0 0.875 0.445 0.002559229147 2
0 0.875 0.455 0.002146948055 2
0 0.875 0.465 0.00175514881 2
0 0.875 0.475 0.001359987986 2
0 0.875 0.485 0.0009508301136 2
0 0.875 0.495 0.000556328814 2
0 0.875 0.505 0 2
0 0.875 0.515 0 2
0 0.875 0.525 0 2
0 0.875 0.535 0 2
0 0.875 0.545 0 2
0 0.875 0.555 0 2
0 0.875 0.565 0 2
0 0.885 -0.555 0 1
0 0.885 -0.545 0 1
0 0.885 -0.535 0 2
0 0.885 -0.525 0 2
0 0.885 -0.515 0 2
0 0.885 -0.505 0 2
0 0.885 -0.495 0.0005975540066 2
0 0.885 -0.485 0.001048266251 2
0 0.885 -0.475 0.001513245366 2
0 0.885 -0.465 0.001949049631 2
0 0.885 -0.455 0.002359760781 2
0 0.885 -0.445 0.002739049758 2
0 0.885 -0.435 0.003083484852 2
0 0.885 -0.425 0.003389256935 2
0 0.885 -0.415 0.003652423783 2
0 0.885 -0.405 0.003868945105 2
0 0.885 -0.395 0.004031231572 2
0 0.885 -0.385 0.004132101244 2
0 0.885 -0.375 0.004147774946 2
0 0.885 -0.365 0.004074197961 2
0 0.885 -0.355 0.004004192266 1
0 0.885 -0.345 0.003964893881 1
0 0.885 -0.335 0.003931998048 1
0 0.885 -0.325 0.00385905126 1
0 0.885 -0.315 0.003735811482 1
0 0.885 -0.305 0.00360642753 1
0 0.885 -0.295 0.003466122985 1
0 0.885 -0.285 0.00332014104 2
0 0.885 -0.275 0.003150628474 2
0 0.885 -0.265 0.002965938425 2
0 0.885 -0.255 0.002710999885 2
0 0.885 -0.245 0.002372724282 2
0 0.885 -0.235 0.001986660146 2
0 0.885 -0.225 0.001577992383 2
0 0.885 -0.215 0.001152148204 2
0 0.885 -0.205 0.0007166408134 2
0 0.885 -0.195 0.0002753377783 2
0 0.885 -0.185 -0.0001677799688 2
0 0.885 -0.175 -0.0006090933812 2
0 0.885 -0.165 -0.001044922713 2
0 0.885 -0.155 -0.001471540754 2
0 0.885 -0.145 -0.001885125721 2
0 0.885 -0.135 -0.002281744873 2
0 0.885 -0.125 -0.002657309466 2
0 0.885 -0.115 -0.00300750734 2
0 0.885 -0.105 -0.003327713407 2
0 0.885 -0.095 -0.003612775606 2
0 0.885 -0.085 -0.003857323336 2
0 0.885 -0.075 -0.004055075677 2
0 0.885 -0.065 -0.004200036347 2
0 0.885 -0.055 -0.004289515856 2
0 0.885 -0.045 -0.004323281425 2
0 0.885 -0.035 -0.004313121456 2
0 0.885 -0.025 -0.00430430991 2
0 0.885 -0.015 -0.004365831301 2
0 0.885 -0.005 -0.004442717599 1
0 0.885 0.005 -0.004512205572 1
0 0.885 0.015 -0.004514438147 1
0 0.885 0.025 -0.004484679478 2
0 0.885 0.035 -0.004426957395 2
0 0.885 0.045 -0.004355785012 2
0 0.885 0.055 -0.004287706811 2
0 0.885 0.065 -0.004218227241 2
0 0.885 0.075 -0.004064035342 2
0 0.885 0.085 -0.003802574472 2
0 0.885 0.095 -0.00343461539 2
0 0.885 0.105 -0.003023178502 2
0 0.885 0.115 -0.002584255078 2
0 0.885 0.125 -0.002131724519 2
0 0.885 0.135 -0.001686086976 2
0 0.885 0.145 -0.001288902059 2
0 0.885 0.155 -0.0009308169509 2
0 0.885 0.165 -0.0006159224701 2
0 0.885 0.175 -0.0003172777822 2
0 0.885 0.185 -7.763887712e-06 2
0 0.885 0.195 0.0003148589562 2
0 0.885 0.205 0.000644784251 2
0 0.885 0.215 0.000998692638 2
0 0.885 0.225 0.001384311518 2
0 0.885 0.235 0.001784617374 2
0 0.885 0.245 0.00218891951 2
0 0.885 0.255 0.002556004311 2
0 0.885 0.265 0.002825456776 2
0 0.885 0.275 0.003017030146 1
0 0.885 0.285 0.003174505764 1
0 0.885 0.295 0.003309183346 1
0 0.885 0.305 0.003421904044 1
0 0.885 0.315 0.003513804878 1
0 0.885 0.325 0.003603821639 2
0 0.885 0.335 0.003678446466 2
0 0.885 0.345 0.003785450529 2
0 0.885 0.355 0.00388414649 2
0 0.885 0.365 0.003941768126 2
0 0.885 0.375 0.003942196397 2
0 0.885 0.385 0.003883150319 2
0 0.885 0.395 0.003766382373 2
0 0.885 0.405 0.003594133726 2
0 0.885 0.415 0.003366802038 2
0 0.885 0.425 0.003081279829 2
0 0.885 0.435 0.002734206491 2
0 0.885 0.445 0.002340887676 2
0 0.885 0.455 0.00196225726 1
0 0.885 0.465 0.001603696518 1
0 0.885 0.475 0.001236639281 1
0 0.885 0.485 0.0008558921471 1
0 0.885 0.495 0.0004906994991 1
0 0.885 0.505 0 2
0 0.885 0.515 0 2
0 0.885 0.525 0 2
0 0.885 0.535 0 2
0 0.885 0.545 0 2
0 0.885 0.555 0 2
0 0.885 0.565 0 2
0 0.895 -0.555 0 1
0 0.895 -0.545 0 1
0 0.895 -0.535 0 2
0 0.895 -0.525 0 2
0 0.895 -0.515 0 2
0 0.895 -0.505 0 2
0 0.895 -0.495 0.0005487241499 2
0 0.895 -0.485 0.0009628113878 2
0 0.895 -0.475 0.00139003583 2
0 0.895 -0.465 0.001790122105 2
0 0.895 -0.455 0.002166850559 2
0 0.895 -0.445 0.002514385791 2
0 0.895 -0.435 0.002829654192 2
0 0.895 -0.425 0.003109286736 2
0 0.895 -0.415 0.003349880272 2
0 0.895 -0.405 0.003548057979 2
0 0.895 -0.395 0.003696855381 2
0 0.895 -0.385 0.003789566346 2
0 0.895 -0.375 0.003801605288 2
0 0.895 -0.365 0.003726111194 1
0 0.895 -0.355 0.003709796635 1
0 0.895 -0.345 0.003688349189 1
0 0.895 -0.335 0.003657541608 1
0 0.895 -0.325 0.003589783444 1
0 0.895 -0.315 0.003475933781 1
0 0.895 -0.305 0.003352834107 1
0 0.895 -0.295 0.003218126328 1
0 0.895 -0.285 0.003055243002 1
0 0.895 -0.275 0.002894475924 1
0 0.895 -0.265 0.002729732066 2
0 0.895 -0.255 0.002514646142 2
0 0.895 -0.245 0.002201140083 2
0 0.895 -0.235 0.001834928904 2
0 0.895 -0.225 0.001457475882 2
0 0.895 -0.215 0.001067032986 2
0 0.895 -0.205 0.0006699796851 2
0 0.895 -0.195 0.0002687865213 2
0 0.895 -0.185 -0.0001334373031 2
0 0.895 -0.175 -0.0005337155182 2
0 0.895 -0.165 -0.000928893553 2
0 0.895 -0.155 -0.00131570609 2
0 0.895 -0.145 -0.001690772542 2
0 0.895 -0.135 -0.002050604728 2
0 0.895 -0.125 -0.002391565912 2
0 0.895 -0.115 -0.002709816412 2
0 0.895 -0.105 -0.003001120999 2
0 0.895 -0.095 -0.003260615128 2
0 0.895 -0.085 -0.003482874299 2
0 0.895 -0.075 -0.00366020607 2
0 0.895 -0.065 -0.003787102323 2
0 0.895 -0.055 -0.003850757828 2
0 0.895 -0.045 -0.003843730863 2
0 0.895 -0.035 -0.003821751744 2
0 0.895 -0.025 -0.003839159782 1
0 0.895 -0.015 -0.003914840955 1
0 0.895 -0.005 -0.004026858515 1
0 0.895 0.005 -0.004107917631 1
0 0.895 0.015 -0.004121245218 1
0 0.895 0.025 -0.004068874892 1
0 0.895 0.035 -0.004015190681 1
0 0.895 0.045 -0.003957537955 1
0 0.895 0.055 -0.003891450789 1
0 0.895 0.065 -0.003816949878 2
0 0.895 0.075 -0.00370120165 2
0 0.895 0.085 -0.003460460098 2
0 0.895 0.095 -0.0031260271 2
0 0.895 0.105 -0.002750292459 2
0 0.895 0.115 -0.002333175888 2
0 0.895 0.125 -0.001892022092 2
0 0.895 0.135 -0.001457337995 2
0 0.895 0.145 -0.001106082326 2
0 0.895 0.155 -0.0007986744199 1
0 0.895 0.165 -0.0005174675911 1
0 0.895 0.175 -0.0002468552125 1
0 0.895 0.185 2.797048862e-05 2
0 0.895 0.195 0.0003043461566 2
0 0.895 0.205 0.000577483532 2
0 0.895 0.215 0.0008770620939 2
0 0.895 0.225 0.001222186634 2
0 0.895 0.235 0.001598588884 2
0 0.895 0.245 0.001987272118 2
0 0.895 0.255 0.002354072625 2
0 0.895 0.265 0.002638846011 1
0 0.895 0.275 0.002835511671 1
0 0.895 0.285 0.00297062652 1
0 0.895 0.295 0.003081556597 1
0 0.895 0.305 0.00317741286 1
0 0.895 0.315 0.003245961533 1
0 0.895 0.325 0.003282274499 1
0 0.895 0.335 0.003323491203 1
0 0.895 0.345 0.003392426284 2
0 0.895 0.355 0.003482835057 2
0 0.895 0.365 0.003564634427 2
0 0.895 0.375 0.003584629111 2
0 0.895 0.385 0.003541161517 2
0 0.895 0.395 0.003440085455 2
0 0.895 0.405 0.003286722338 2
0 0.895 0.415 0.003082170326 2
0 0.895 0.425 0.002823218322 2
0 0.895 0.435 0.002504840745 2
0 0.895 0.445 0.002134793933 1
0 0.895 0.455 0.001808332707 1
0 0.895 0.465 0.001478410469 1
0 0.895 0.475 0.001136877952 1
0 0.895 0.485 0.0007824912074 1
0 0.895 0.495 0.0004451955088 1
0 0.895 0.505 0 1
0 0.895 0.515 0 1
0 0.895 0.525 0 2
0 0.895 0.535 0 2
0 0.895 0.545 0 2
0 0.895 0.555 0 2
0 0.895 0.565 0 2
0 0.905 -0.555 0 2
0 0.905 -0.545 0 2
0 0.905 -0.535 0 2
0 0.905 -0.525 0 2
0 0.905 -0.515 0 2
0 0.905 -0.505 0 2
0 0.905 -0.495 0.0004997088871 2
0 0.905 -0.485 0.0008766125876 2
0 0.905 -0.475 0.001265242721 2
0 0.905 -0.465 0.00162861266 2
0 0.905 -0.455 0.001970242025 2
0 0.905 -0.445 0.002284791481 2
0 0.905 -0.435 0.002569508237 2
0 0.905 -0.425 0.00282140779 2
0 0.905 -0.415 0.003037703796 2
0 0.905 -0.405 0.00321565453 2
0 0.905 -0.395 0.003350840992 2
0 0.905 -0.385 0.003436080163 2
0 0.905 -0.375 0.003462337095 2
0 0.905 -0.365 0.003437089557 1
0 0.905 -0.355 0.003439084234 1
0 0.905 -0.345 0.003424978221 1
0 0.905 -0.335 0.003383928535 1
0 0.905 -0.325 0.003315339871 1
0 0.905 -0.315 0.0032196919 1
0 0.905 -0.305 0.003110582731 1
0 0.905 -0.295 0.002983972423 1
0 0.905 -0.285 0.002837012049 1
0 0.905 -0.275 0.00268755279 1
0 0.905 -0.265 0.002514464963 1
0 0.905 -0.255 0.002309544014 2
0 0.905 -0.245 0.002012161882 2
0 0.905 -0.235 0.001669992853 2
0 0.905 -0.225 0.001325444181 2
0 0.905 -0.215 0.0009728637234 2
0 0.905 -0.205 0.0006160681443 2
0 0.905 -0.195 0.0002564049561 2
0 0.905 -0.185 -0.0001038401863 2
0 0.905 -0.175 -0.000462212548 2
0 0.905 -0.165 -0.000816007475 2
0 0.905 -0.155 -0.001162364867 2
0 0.905 -0.145 -0.001498310058 2
0 0.905 -0.135 -0.001820785134 2
0 0.905 -0.125 -0.002126616447 2
0 0.905 -0.115 -0.0024124948 2
0 0.905 -0.105 -0.002674632636 2
0 0.905 -0.095 -0.002908759808 2
0 0.905 -0.085 -0.003108888681 2
0 0.905 -0.075 -0.003265829719 2
0 0.905 -0.065 -0.003376248894 2
0 0.905 -0.055 -0.003413287318 2
0 0.905 -0.045 -0.003374094273 2
0 0.905 -0.035 -0.003377754583 1
0 0.905 -0.025 -0.003461167256 1
0 0.905 -0.015 -0.003545214943 1
0 0.905 -0.005 -0.00364104535 1
0 0.905 0.005 -0.00370472402 1
0 0.905 0.015 -0.003712339524 1
0 0.905 0.025 -0.003668194545 1
0 0.905 0.035 -0.00361757115 1
0 0.905 0.045 -0.003568802754 1
0 0.905 0.055 -0.003506588129 1
0 0.905 0.065 -0.003411571517 1
0 0.905 0.075 -0.003328466329 2
0 0.905 0.085 -0.003117066283 2
0 0.905 0.095 -0.002813981191 2
0 0.905 0.105 -0.002470280842 2
0 0.905 0.115 -0.002080645285 2
0 0.905 0.125 -0.001665479089 2
0 0.905 0.135 -0.00124845401 1
0 0.905 0.145 -0.0009372569 1
0 0.905 0.155 -0.0006819518873 1
0 0.905 0.165 -0.0004377441866 1
0 0.905 0.175 -0.0001997668481 1
0 0.905 0.185 4.607519604e-05 1
0 0.905 0.195 0.0002901362853 1
0 0.905 0.205 0.0005249328648 1
0 0.905 0.215 0.000770779201 2
0 0.905 0.225 0.001059392959 2
0 0.905 0.235 0.001401317764 2
0 0.905 0.245 0.001774691097 2
0 0.905 0.255 0.002153293962 2
0 0.905 0.265 0.002477125345 1
0 0.905 0.275 0.002659844048 1
0 0.905 0.285 0.002776364328 1
0 0.905 0.295 0.002870512051 1
0 0.905 0.305 0.002947391081 1
0 0.905 0.315 0.002995886534 1
0 0.905 0.325 0.003016415852 1
0 0.905 0.335 0.003031081518 1
0 0.905 0.345 0.003028030931 1
0 0.905 0.355 0.003085577034 2
0 0.905 0.365 0.003184309768 2
0 0.905 0.375 0.003218856518 2
0 0.905 0.385 0.003187256648 2
0 0.905 0.395 0.003102226851 2
0 0.905 0.405 0.002968308066 2
0 0.905 0.415 0.002788335948 2
0 0.905 0.425 0.002559410101 2
0 0.905 0.435 0.002283417336 2
0 0.905 0.445 0.001971355151 1
0 0.905 0.455 0.00166849667 1
0 0.905 0.465 0.001363861354 1
0 0.905 0.475 0.001048948565 1
0 0.905 0.485 0.0007196508612 1
0 0.905 0.495 0.0004071002465 1
0 0.905 0.505 0 1
0 0.905 0.515 0 1
0 0.905 0.525 0 1
0 0.905 0.535 0 1
0 0.905 0.545 0 1
0 0.905 0.555 0 2
0 0.905 0.565 0 2
0 0.915 -0.555 0 2
0 0.915 -0.545 0 2
0 0.915 -0.535 0 2
0 0.915 -0.525 0 2
0 0.915 -0.515 0 2
0 0.915 -0.505 0 2
0 0.915 -0.495 0.0004508792394 2
0 0.915 -0.485 0.0007901235717 2
0 0.915 -0.475 0.001139395425 2
0 0.915 -0.465 0.001465218211 2
0 0.915 -0.455 0.001770898051 2
0 0.915 -0.445 0.002051588155 2
0 0.915 -0.435 0.002304799989 2
0 0.915 -0.425 0.002527892907 2
0 0.915 -0.415 0.002718754195 2
0 0.915 -0.405 0.002875266983 2
0 0.915 -0.395 0.002996732956 2
0 0.915 -0.385 0.003079583889 2
0 0.915 -0.375 0.003135539059 2
0 0.915 -0.365 0.003166185683 1
0 0.915 -0.355 0.00316870107 1
0 0.915 -0.345 0.003151921358 1
0 0.915 -0.335 0.003109637846 1
0 0.915 -0.325 0.003043600877 1
0 0.915 -0.315 0.002957148426 1
0 0.915 -0.305 0.002855562547 1
0 0.915 -0.295 0.002742377085 1
0 0.915 -0.285 0.002619941215 1
0 0.915 -0.275 0.002491541004 1
0 0.915 -0.265 0.002333264855 1
0 0.915 -0.255 0.00211022204 2
0 0.915 -0.245 0.001815782743 2
0 0.915 -0.235 0.001497012998 2
0 0.915 -0.225 0.001186512732 2
0 0.915 -0.215 0.0008731983372 2
0 0.915 -0.205 0.000557492679 2
0 0.915 -0.195 0.0002399493309 2
0 0.915 -0.185 -7.790932066e-05 2
0 0.915 -0.175 -0.000394063938 2
0 0.915 -0.165 -0.000706202107 2
0 0.915 -0.155 -0.001011823663 2
0 0.915 -0.145 -0.001308323985 2
0 0.915 -0.135 -0.001593048422 2
0 0.915 -0.125 -0.001863278601 2
0 0.915 -0.115 -0.00211626807 2
0 0.915 -0.105 -0.002348774871 2
0 0.915 -0.095 -0.002557520177 2
0 0.915 -0.085 -0.002735694219 2
0 0.915 -0.075 -0.002876843211 2
0 0.915 -0.065 -0.002961558259 2
0 0.915 -0.055 -0.002969707709 2
0 0.915 -0.045 -0.002947350009 1
0 0.915 -0.035 -0.003020837494 1
0 0.915 -0.025 -0.003111400689 1
0 0.915 -0.015 -0.003187952564 1
0 0.915 -0.005 -0.003256494888 1
0 0.915 0.005 -0.003301769372 1
0 0.915 0.015 -0.003313181789 1
0 0.915 0.025 -0.003293476924 1
0 0.915 0.035 -0.003258576076 1
0 0.915 0.045 -0.003215845987 1
0 0.915 0.055 -0.003160680962 1
0 0.915 0.065 -0.00307697749 1
0 0.915 0.075 -0.002969786158 2
0 0.915 0.085 -0.002766729369 2
0 0.915 0.095 -0.002491677198 2
0 0.915 0.105 -0.002180943054 2
0 0.915 0.115 -0.001821128528 2
0 0.915 0.125 -0.001440328587 2
0 0.915 0.135 -0.001075988425 1
0 0.915 0.145 -0.0008055263767 1
0 0.915 0.155 -0.0005797232987 1
0 0.915 0.165 -0.0003651354462 1
0 0.915 0.175 -0.000155837305 1
0 0.915 0.185 6.031170549e-05 1
0 0.915 0.195 0.0002716273896 1
0 0.915 0.205 0.0004722135927 1
0 0.915 0.215 0.0006692960271 1
0 0.915 0.225 0.0009058057301 2
0 0.915 0.235 0.001201422025 2
0 0.915 0.245 0.00156063616 2
0 0.915 0.255 0.001947051827 2
0 0.915 0.265 0.002280309807 2
0 0.915 0.275 0.002466232492 1
0 0.915 0.285 0.002570879178 1
0 0.915 0.295 0.002651590109 1
0 0.915 0.305 0.00271304504 1
0 0.915 0.315 0.002752119857 1
0 0.915 0.325 0.002767027021 1
0 0.915 0.335 0.002762035451 1
0 0.915 0.345 0.002731092825 1
0 0.915 0.355 0.002715285635 1
0 0.915 0.365 0.002803827827 2
0 0.915 0.375 0.002842046467 2
0 0.915 0.385 0.002821876532 2
0 0.915 0.395 0.002752912987 2
0 0.915 0.405 0.00263973301 2
0 0.915 0.415 0.002486725437 2
0 0.915 0.425 0.002291334188 2
0 0.915 0.435 0.002065041074 2
0 0.915 0.445 0.001815751757 1
0 0.915 0.455 0.001532742877 1
0 0.915 0.465 0.001251485639 1
0 0.915 0.475 0.0009618382366 1
0 0.915 0.485 0.0006570804662 1
0 0.915 0.495 0.0003680835384 1
0 0.915 0.505 0 1
0 0.915 0.515 0 1
0 0.915 0.525 0 1
0 0.915 0.535 0 1
0 0.915 0.545 0 1
0 0.915 0.555 0 1
0 0.915 0.565 0 2
0 0.925 -0.555 0 2
0 0.925 -0.545 0 2
0 0.925 -0.535 0 2
0 0.925 -0.525 0 2
0 0.925 -0.515 0 2
0 0.925 -0.505 0 2
0 0.925 -0.495 0.000402615422 2
0 0.925 -0.485 0.0007037405873 2
0 0.925 -0.475 0.001012943703 2
0 0.925 -0.465 0.001300633894 2
0 0.925 -0.455 0.001569915722 2
0 0.925 -0.445 0.001816421272 2
0 0.925 -0.435 0.002037839875 2
0 0.925 -0.425 0.002231867195 2
0 0.925 -0.415 0.002397062466 2
0 0.925 -0.405 0.002532108551 2
0 0.925 -0.395 0.002639502512 2
0 0.925 -0.385 0.002718105354 2
0 0.925 -0.375 0.002795051594 2
0 0.925 -0.365 0.002883091019 1
0 0.925 -0.355 0.002898690848 1
0 0.925 -0.345 0.002883796103 1
0 0.925 -0.335 0.002832822848 1
0 0.925 -0.325 0.00276942696 1
0 0.925 -0.315 0.002692461093 1
0 0.925 -0.305 0.00259946809 1
0 0.925 -0.295 0.002501504274 1
0 0.925 -0.285 0.002398603652 1
0 0.925 -0.275 0.002290714063 1
0 0.925 -0.265 0.00214986548 1
0 0.925 -0.255 0.001907316642 2
0 0.925 -0.245 0.001615139113 2
0 0.925 -0.235 0.001322696143 2
0 0.925 -0.225 0.001046494005 2
0 0.925 -0.215 0.0007721697945 2
0 0.925 -0.205 0.0004971586681 2
0 0.925 -0.195 0.0002212950555 2
0 0.925 -0.185 -5.458048215e-05 2
0 0.925 -0.175 -0.0003288673597 2
0 0.925 -0.165 -0.0005996266246 2
0 0.925 -0.155 -0.0008646989499 2
0 0.925 -0.145 -0.001121823849 2
0 0.925 -0.135 -0.001368717534 2
0 0.925 -0.125 -0.0016030926 2
0 0.925 -0.115 -0.001822755976 2
0 0.925 -0.105 -0.002025140369 2
0 0.925 -0.095 -0.002208179717 2
0 0.925 -0.085 -0.002365131295 2
0 0.925 -0.075 -0.002496361232 2
0 0.925 -0.065 -0.002564290404 2
0 0.925 -0.055 -0.002560023545 2
0 0.925 -0.045 -0.00260509266 1
0 0.925 -0.035 -0.002684978582 1
0 0.925 -0.025 -0.002757461336 1
0 0.925 -0.015 -0.002822352253 1
0 0.925 -0.005 -0.002875997417 1
0 0.925 0.005 -0.002909515216 1
0 0.925 0.015 -0.002919040478 1
0 0.925 0.025 -0.002907138314 1
0 0.925 0.035 -0.002881963312 1
0 0.925 0.045 -0.002846988981 1
0 0.925 0.055 -0.002807257773 1
0 0.925 0.065 -0.002744844383 1
0 0.925 0.075 -0.002625581766 2
0 0.925 0.085 -0.002423049488 2
0 0.925 0.095 -0.002166334462 2
0 0.925 0.105 -0.001886776436 2
0 0.925 0.115 -0.001565328328 2
0 0.925 0.125 -0.001232886501 2
0 0.925 0.135 -0.0009287457219 1
0 0.925 0.145 -0.0006910934559 1
0 0.925 0.155 -0.0004879756548 1
0 0.925 0.165 -0.0002935878568 1
0 0.925 0.175 -0.0001047357619 1
0 0.925 0.185 8.034086646e-05 1
0 0.925 0.195 0.0002556531663 1
0 0.925 0.205 0.0004189508022 1
0 0.925 0.215 0.0005807440508 1
0 0.925 0.225 0.0007573738392 1
0 0.925 0.235 0.001007359343 2
0 0.925 0.245 0.0013455575 2
0 0.925 0.255 0.001716018351 2
0 0.925 0.265 0.00205122274 2
0 0.925 0.275 0.002272450824 1
0 0.925 0.285 0.002373261685 1
0 0.925 0.295 0.002434211161 1
0 0.925 0.305 0.002478946132 1
0 0.925 0.315 0.002504923845 1
0 0.925 0.325 0.002510677189 1
0 0.925 0.335 0.002495811663 1
0 0.925 0.345 0.002457123006 1
0 0.925 0.355 0.002408742138 1
0 0.925 0.365 0.002423190216 2
0 0.925 0.375 0.002454737739 2
0 0.925 0.385 0.002449090906 2
0 0.925 0.395 0.002395112348 2
0 0.925 0.405 0.002303854128 2
0 0.925 0.415 0.002180225193 2
0 0.925 0.425 0.002023192783 2
0 0.925 0.435 0.001843892494 2
0 0.925 0.445 0.001648382355 2
0 0.925 0.455 0.001402005134 1
0 0.925 0.465 0.001144457572 1
0 0.925 0.475 0.0008795031723 1
0 0.925 0.485 0.0006013863429 1
0 0.925 0.495 0.0003366653214 1
0 0.925 0.505 0 1
0 0.925 0.515 0 1
0 0.925 0.525 0 1
0 0.925 0.535 0 1
0 0.925 0.545 0 1
0 0.925 0.555 0 1
0 0.925 0.565 0 1
0 0.935 -0.555 0 2
0 0.935 -0.545 0 2
0 0.935 -0.535 0 2
0 0.935 -0.525 0 2
0 0.935 -0.515 0 2
0 0.935 -0.505 0 2
0 0.935 -0.495 0.0003549098426 2
0 0.935 -0.485 0.0006172465542 2
0 0.935 -0.475 0.0008857834732 2
0 0.935 -0.465 0.001135334987 2
0 0.935 -0.455 0.001368427405 2
0 0.935 -0.445 0.001581110588 2
0 0.935 -0.435 0.001771161103 2
0 0.935 -0.425 0.00193669289 2
0 0.935 -0.415 0.002076896839 2
0 0.935 -0.405 0.002191467337 2
0 0.935 -0.395 0.002284521079 2
0 0.935 -0.385 0.002357520839 2
0 0.935 -0.375 0.002437591268 2
0 0.935 -0.365 0.002546699779 2
0 0.935 -0.355 0.002605054499 1
0 0.935 -0.345 0.002606945473 1
0 0.935 -0.335 0.0025602684 1
0 0.935 -0.325 0.002506168517 1
0 0.935 -0.315 0.002430162467 1
0 0.935 -0.305 0.002337489881 1
0 0.935 -0.295 0.00226157284 1
0 0.935 -0.285 0.002186184908 1
0 0.935 -0.275 0.002084253478 1
0 0.935 -0.265 0.001941194823 1
0 0.935 -0.255 0.0016841849 2
0 0.935 -0.245 0.001411644094 2
0 0.935 -0.235 0.001152084244 2
0 0.935 -0.225 0.0009100737904 2
0 0.935 -0.215 0.0006731526141 2
0 0.935 -0.205 0.0004374076263 2
0 0.935 -0.195 0.0002018847957 2
0 0.935 -0.185 -3.315848929e-05 2
0 0.935 -0.175 -0.0002665743838 2
0 0.935 -0.165 -0.0004968100388 2
0 0.935 -0.155 -0.0007220516719 2
0 0.935 -0.145 -0.0009403703976 2
0 0.935 -0.135 -0.001149823132 2
0 0.935 -0.125 -0.001348519105 2
0 0.935 -0.115 -0.001534768278 2
0 0.935 -0.105 -0.00170679157 2
0 0.935 -0.095 -0.00186375211 2
0 0.935 -0.085 -0.002000940479 2
0 0.935 -0.075 -0.002122296087 2
0 0.935 -0.065 -0.002193262987 2
0 0.935 -0.055 -0.002201851878 1
0 0.935 -0.045 -0.002280474203 1
0 0.935 -0.035 -0.002348511933 1
0 0.935 -0.025 -0.002407216305 1
0 0.935 -0.015 -0.00246220113 1
0 0.935 -0.005 -0.002503043176 1
0 0.935 0.005 -0.002526645268 1
0 0.935 0.015 -0.002532944718 1
0 0.935 0.025 -0.002525303958 1
0 0.935 0.035 -0.0025087708 1
0 0.935 0.045 -0.002484742882 1
0 0.935 0.055 -0.002457602269 1
0 0.935 0.065 -0.002406092655 1
0 0.935 0.075 -0.002283499601 2
0 0.935 0.085 -0.002083802802 2
0 0.935 0.095 -0.001842982285 2
0 0.935 0.105 -0.001593542136 2
0 0.935 0.115 -0.001315465368 2
0 0.935 0.125 -0.001041122993 2
0 0.935 0.135 -0.000795478165 1
0 0.935 0.145 -0.0005779017641 1
0 0.935 0.155 -0.0003924577415 1
0 0.935 0.165 -0.0002250049431 1
0 0.935 0.175 -6.49206383e-05 1
0 0.935 0.185 9.231189327e-05 1
0 0.935 0.195 0.000240698634 1
0 0.935 0.205 0.0003757925787 1
0 0.935 0.215 0.000504647763 1
0 0.935 0.225 0.0006374701584 1
0 0.935 0.235 0.0008178839159 1
0 0.935 0.245 0.001130299281 2
0 0.935 0.255 0.001469777677 2
0 0.935 0.265 0.001792427782 2
0 0.935 0.275 0.002055196212 1
0 0.935 0.285 0.002166574305 1
0 0.935 0.295 0.002212807084 1
0 0.935 0.305 0.002243505882 1
0 0.935 0.315 0.002255678067 1
0 0.935 0.325 0.002253492215 1
0 0.935 0.335 0.002232231751 1
0 0.935 0.345 0.002189978097 1
0 0.935 0.355 0.002122801851 1
0 0.935 0.365 0.002068758755 2
0 0.935 0.375 0.002082047053 2
0 0.935 0.385 0.002075030611 2
0 0.935 0.395 0.002029466227 2
0 0.935 0.405 0.001962150277 2
0 0.935 0.415 0.001870976219 2
0 0.935 0.425 0.001755000889 2
0 0.935 0.435 0.001617077898 2
0 0.935 0.445 0.001461697827 2
0 0.935 0.455 0.001272115811 1
0 0.935 0.465 0.001042397242 1
0 0.935 0.475 0.0008015322839 1
0 0.935 0.485 0.0005494298141 1
0 0.935 0.495 0.0003082779308 1
0 0.935 0.505 0 1
0 0.935 0.515 0 1
0 0.935 0.525 0 1
0 0.935 0.535 0 1
0 0.935 0.545 0 1
0 0.935 0.555 0 1
0 0.935 0.565 0 1
0 0.945 -0.555 0 2
0 0.945 -0.545 0 2
0 0.945 -0.535 0 2
0 0.945 -0.525 0 2
0 0.945 -0.515 0 2
0 0.945 -0.505 0 2
0 0.945 -0.495 0.0003079506611 2
0 0.945 -0.485 0.0005305672937 2
0 0.945 -0.475 0.0007576576307 2
0 0.945 -0.465 0.0009693573306 2
0 0.945 -0.455 0.001167019371 2
0 0.945 -0.445 0.001347004595 2
0 0.945 -0.435 0.001506816612 2
0 0.945 -0.425 0.001645019599 2
0 0.945 -0.415 0.001761454794 2
0 0.945 -0.405 0.001856975904 2
0 0.945 -0.395 0.001935872002 2
0 0.945 -0.385 0.002003697889 2
0 0.945 -0.375 0.002074729092 2
0 0.945 -0.365 0.002166027307 2
0 0.945 -0.355 0.002247924996 2
0 0.945 -0.345 0.002273547909 2
0 0.945 -0.335 0.002265743436 1
0 0.945 -0.325 0.002227474406 1
0 0.945 -0.315 0.002163623286 1
0 0.945 -0.305 0.002078723798 1
0 0.945 -0.295 0.002016491322 1
0 0.945 -0.285 0.001954751737 1
0 0.945 -0.275 0.001851124817 1
0 0.945 -0.265 0.001688523024 2
0 0.945 -0.255 0.001455335076 2
0 0.945 -0.245 0.001213888975 2
0 0.945 -0.235 0.0009868756966 2
0 0.945 -0.225 0.0007789747639 2
0 0.945 -0.215 0.0005776246244 2
0 0.945 -0.205 0.0003792525074 2
0 0.945 -0.195 0.0001822548822 2
0 0.945 -0.185 -1.359636479e-05 2
0 0.945 -0.175 -0.0002076321297 2
0 0.945 -0.165 -0.0003987001961 2
0 0.945 -0.155 -0.0005853444371 2
0 0.945 -0.145 -0.0007659649181 2
0 0.945 -0.135 -0.0009389378589 2
0 0.945 -0.125 -0.001102733887 2
0 0.945 -0.115 -0.001256097331 2
0 0.945 -0.105 -0.001398094485 2
0 0.945 -0.095 -0.001528947477 2
0 0.945 -0.085 -0.001647762349 2
0 0.945 -0.075 -0.001761215177 2
0 0.945 -0.065 -0.001847865985 2
0 0.945 -0.055 -0.001893535666 1
0 0.945 -0.045 -0.001955036277 1
0 0.945 -0.035 -0.00201085524 1
0 0.945 -0.025 -0.002063564684 1
0 0.945 -0.015 -0.002109957115 1
0 0.945 -0.005 -0.002140693353 1
0 0.945 0.005 -0.00215385487 1
0 0.945 0.015 -0.00215400802 1
0 0.945 0.025 -0.002146724247 1
0 0.945 0.035 -0.002136527896 1
0 0.945 0.045 -0.002123508535 1
0 0.945 0.055 -0.002109868419 1
0 0.945 0.065 -0.002069847793 1
0 0.945 0.075 -0.001944251867 2
0 0.945 0.085 -0.001748308378 2
0 0.945 0.095 -0.00152523659 2
0 0.945 0.105 -0.001307318619 2
0 0.945 0.115 -0.001073141105 2
0 0.945 0.125 -0.0008493393963 2
0 0.945 0.135 -0.0006633923258 2
0 0.945 0.145 -0.0004796475146 1
0 0.945 0.155 -0.0003084629573 1
0 0.945 0.165 -0.0001600970781 1
0 0.945 0.175 -2.736283951e-05 1
0 0.945 0.185 0.0001019176716 1
0 0.945 0.195 0.0002235130722 1
0 0.945 0.205 0.0003319676732 1
0 0.945 0.215 0.0004343965827 1
0 0.945 0.225 0.0005353222211 1
0 0.945 0.235 0.0006700695616 1
0 0.945 0.245 0.0009232255904 2
0 0.945 0.255 0.001228432406 2
0 0.945 0.265 0.001527536934 2
0 0.945 0.275 0.001779581117 2
0 0.945 0.285 0.001926875669 1
0 0.945 0.295 0.001980844547 1
0 0.945 0.305 0.002011792491 1
0 0.945 0.315 0.0020079358 1
0 0.945 0.325 0.001992998262 1
0 0.945 0.335 0.001965508837 1
0 0.945 0.345 0.00191606956 1
0 0.945 0.355 0.001838358328 1
0 0.945 0.365 0.001747547686 1
0 0.945 0.375 0.001727918752 2
0 0.945 0.385 0.001698118041 2
0 0.945 0.395 0.001658906417 2
0 0.945 0.405 0.001618149411 2
0 0.945 0.415 0.001562001923 2
0 0.945 0.425 0.001484858731 2
0 0.945 0.435 0.001384006847 2
0 0.945 0.445 0.001264420929 2
0 0.945 0.455 0.001126019883 2
0 0.945 0.465 0.0009433657645 1
0 0.945 0.475 0.0007311676591 1
0 0.945 0.485 0.000502575989 1
0 0.945 0.495 0.0002820454174 1
0 0.945 0.505 0 1
0 0.945 0.515 0 1
0 0.945 0.525 0 1
0 0.945 0.535 0 1
0 0.945 0.545 0 1
0 0.945 0.555 0 1
0 0.945 0.565 0 1
0 0.955 -0.555 0 2
0 0.955 -0.545 0 2
0 0.955 -0.535 0 2
0 0.955 -0.525 0 2
0 0.955 -0.515 0 2
0 0.955 -0.505 0 2
0 0.955 -0.495 0.0002563411415 2
0 0.955 -0.485 0.0004395771849 2
0 0.955 -0.475 0.0006274870408 2
0 0.955 -0.465 0.0008039205604 2
0 0.955 -0.455 0.0009671347732 2
0 0.955 -0.445 0.001115934551 2
0 0.955 -0.435 0.001247051211 2
0 0.955 -0.425 0.001359386494 2
0 0.955 -0.415 0.001453376832 2
0 0.955 -0.405 0.001530924967 2
0 0.955 -0.395 0.001595959744 2
0 0.955 -0.385 0.001654710216 2
0 0.955 -0.375 0.001712427671 2
0 0.955 -0.365 0.001779926907 2
0 0.955 -0.355 0.001846660506 2
0 0.955 -0.345 0.001884003512 2
0 0.955 -0.335 0.001912129587 2
0 0.955 -0.325 0.0018956841 2
0 0.955 -0.315 0.001854229432 2
0 0.955 -0.305 0.001809032055 1
0 0.955 -0.295 0.001754629148 1
0 0.955 -0.285 0.001680293408 2
0 0.955 -0.275 0.001580175624 2
0 0.955 -0.265 0.001420171011 2
0 0.955 -0.255 0.001221098738 2
0 0.955 -0.245 0.00101735357 2
0 0.955 -0.235 0.0008267191987 2
0 0.955 -0.225 0.000652477005 2
0 0.955 -0.215 0.0004853188248 2
0 0.955 -0.205 0.0003225169661 2
0 0.955 -0.195 0.0001621039258 2
0 0.955 -0.185 3.50273009e-06 2
0 0.955 -0.175 -0.0001530514328 2
0 0.955 -0.165 -0.0003067915422 2
0 0.955 -0.155 -0.0004566187949 2
0 0.955 -0.145 -0.0006012619566 2
0 0.955 -0.135 -0.0007394068747 2
0 0.955 -0.125 -0.0008698573314 2
0 0.955 -0.115 -0.0009917269174 2
0 0.955 -0.105 -0.001104865886 2
0 0.955 -0.095 -0.001210347179 2
0 0.955 -0.085 -0.001311296691 2
0 0.955 -0.075 -0.001420990449 2
0 0.955 -0.065 -0.00152507314 2
0 0.955 -0.055 -0.001598171899 1
0 0.955 -0.045 -0.001642175047 1
0 0.955 -0.035 -0.001682343135 1
0 0.955 -0.025 -0.001728687765 1
0 0.955 -0.015 -0.001770318748 1
0 0.955 -0.005 -0.001792499299 1
0 0.955 0.005 -0.001792829676 1
0 0.955 0.015 -0.001784120341 1
0 0.955 0.025 -0.001775065657 1
0 0.955 0.035 -0.001769695208 1
0 0.955 0.045 -0.001769118947 1
0 0.955 0.055 -0.00177388729 1
0 0.955 0.065 -0.001750104915 1
0 0.955 0.075 -0.001607602114 2
0 0.955 0.085 -0.001414572574 2
0 0.955 0.095 -0.001218161211 2
0 0.955 0.105 -0.00103415172 2
0 0.955 0.115 -0.0008473613061 2
0 0.955 0.125 -0.0006667779599 2
0 0.955 0.135 -0.0005121636577 2
0 0.955 0.145 -0.0003759429117 2
0 0.955 0.155 -0.0002411864079 1
0 0.955 0.165 -0.0001159914411 1
0 0.955 0.175 1.819479057e-06 1
0 0.955 0.185 0.000117684045 1
0 0.955 0.195 0.0002155143722 1
0 0.955 0.205 0.0002855664128 1
0 0.955 0.215 0.0003545347279 1
0 0.955 0.225 0.0004380928973 1
0 0.955 0.235 0.0005498587257 1
0 0.955 0.245 0.000745064383 2
0 0.955 0.255 0.0009947052699 2
0 0.955 0.265 0.001254092692 2
0 0.955 0.275 0.001474501742 2
0 0.955 0.285 0.001633617879 2
0 0.955 0.295 0.00172079462 1
0 0.955 0.305 0.00175771255 1
0 0.955 0.315 0.001750154515 1
0 0.955 0.325 0.001736345632 1
0 0.955 0.335 0.001709992902 1
0 0.955 0.345 0.001656312635 1
0 0.955 0.355 0.001574219232 1
0 0.955 0.365 0.001474096773 1
0 0.955 0.375 0.001364897627 2
0 0.955 0.385 0.001301540601 2
0 0.955 0.395 0.001275112174 2
0 0.955 0.405 0.00127310691 2
0 0.955 0.415 0.001257458042 2
0 0.955 0.425 0.00121725072 2
0 0.955 0.435 0.00115278978 2
0 0.955 0.445 0.001067726551 2
0 0.955 0.455 0.0009633429598 2
0 0.955 0.465 0.0008293805034 2
0 0.955 0.475 0.0006601918223 1
0 0.955 0.485 0.0004624866021 1
0 0.955 0.495 0.0002627617207 1
0 0.955 0.505 0 1
0 0.955 0.515 0 1
0 0.955 0.525 0 1
0 0.955 0.535 0 1
0 0.955 0.545 0 1
0 0.955 0.555 0 1
0 0.955 0.565 0 1
0 0.965 -0.555 0 2
0 0.965 -0.545 0 2
0 0.965 -0.535 0 2
0 0.965 -0.525 0 2
0 0.965 -0.515 0 2
0 0.965 -0.505 0 2
0 0.965 -0.495 0.0002083027241 2
0 0.965 -0.485 0.0003501295017 2
0 0.965 -0.475 0.0004925691109 2
0 0.965 -0.465 0.0006338445573 2
0 0.965 -0.455 0.0007671350761 2
0 0.965 -0.445 0.0008880174568 2
0 0.965 -0.435 0.0009917308273 2
0 0.965 -0.425 0.001079426846 2
0 0.965 -0.415 0.001152000583 2
0 0.965 -0.405 0.001211973322 2
0 0.965 -0.395 0.001262871924 2
0 0.965 -0.385 0.001309367712 2
0 0.965 -0.375 0.001355360381 2
0 0.965 -0.365 0.001403238509 2
0 0.965 -0.355 0.001444936509 2
0 0.965 -0.345 0.001477975984 2
0 0.965 -0.335 0.001511658737 2
0 0.965 -0.325 0.001512066212 2
0 0.965 -0.315 0.001492128915 2
0 0.965 -0.305 0.001485055794 2
0 0.965 -0.295 0.001452628274 2
0 0.965 -0.285 0.001376688771 2
0 0.965 -0.275 0.001275922956 2
0 0.965 -0.265 0.00113468371 2
0 0.965 -0.255 0.0009757811056 2
0 0.965 -0.245 0.0008159421861 2
0 0.965 -0.235 0.0006671048374 2
0 0.965 -0.225 0.00052701161 2
0 0.965 -0.215 0.0003938285319 2
0 0.965 -0.205 0.0002654586036 2
0 0.965 -0.195 0.0001400424842 2
0 0.965 -0.185 1.685387706e-05 2
0 0.965 -0.175 -0.0001041741452 2
0 0.965 -0.165 -0.0002225999048 2
0 0.965 -0.155 -0.000337658347 2
0 0.965 -0.145 -0.0004484028971 2
0 0.965 -0.135 -0.0005538297649 2
0 0.965 -0.125 -0.0006530567541 2
0 0.965 -0.115 -0.0007455070025 2
0 0.965 -0.105 -0.0008315815394 2
0 0.965 -0.095 -0.0009129617156 2
0 0.965 -0.085 -0.0009954581622 2
0 0.965 -0.075 -0.001093902402 2
0 0.965 -0.065 -0.001206734012 2
0 0.965 -0.055 -0.00130534105 1
0 0.965 -0.045 -0.0013369365 1
0 0.965 -0.035 -0.00136142781 1
0 0.965 -0.025 -0.001401856607 1
0 0.965 -0.015 -0.001452924971 1
0 0.965 -0.005 -0.001469216038 1
0 0.965 0.005 -0.001445472671 1
0 0.965 0.015 -0.001422961266 1
0 0.965 0.025 -0.00141188471 1
0 0.965 0.035 -0.001410413718 1
0 0.965 0.045 -0.001418391715 1
0 0.965 0.055 -0.001437464178 1
0 0.965 0.065 -0.001431182426 1
0 0.965 0.075 -0.00126852805 2
0 0.965 0.085 -0.001089049676 2
0 0.965 0.095 -0.0009267214927 2
0 0.965 0.105 -0.0007790280315 2
0 0.965 0.115 -0.0006377054735 2
0 0.965 0.125 -0.0004984555827 2
0 0.965 0.135 -0.0003673889633 2
0 0.965 0.145 -0.0002539155469 2
0 0.965 0.155 -0.0001602995419 2
0 0.965 0.165 -7.207523731e-05 1
0 0.965 0.175 2.280442687e-05 1
0 0.965 0.185 0.0001197226433 1
0 0.965 0.195 0.0001937129617 1
0 0.965 0.205 0.0002391285629 1
0 0.965 0.215 0.0002829177677 1
0 0.965 0.225 0.0003449923161 1
0 0.965 0.235 0.0004309311769 1
0 0.965 0.245 0.0005709155099 2
0 0.965 0.255 0.0007641388124 2
0 0.965 0.265 0.000973620129 2
0 0.965 0.275 0.001157300635 2
0 0.965 0.285 0.001308810279 2
0 0.965 0.295 0.001411886143 2
0 0.965 0.305 0.001451910312 2
0 0.965 0.315 0.001466889932 1
0 0.965 0.325 0.001458014376 1
0 0.965 0.335 0.001431447863 1
0 0.965 0.345 0.001382950381 1
0 0.965 0.355 0.001299367243 1
0 0.965 0.365 0.001164777583 2
0 0.965 0.375 0.001014862637 2
0 0.965 0.385 0.0009440782998 2
0 0.965 0.395 0.0009233627966 2
0 0.965 0.405 0.0009420405696 2
0 0.965 0.415 0.0009594857345 2
0 0.965 0.425 0.0009527003562 2
0 0.965 0.435 0.0009201129894 2
0 0.965 0.445 0.0008643501828 2
0 0.965 0.455 0.0007890257067 2
0 0.965 0.465 0.0006926488778 2
0 0.965 0.475 0.0005705815596 2
0 0.965 0.485 0.0004144710761 2
0 0.965 0.495 0.0002464559661 1
0 0.965 0.505 0 1
0 0.965 0.515 0 1
0 0.965 0.525 0 1
0 0.965 0.535 0 1
0 0.965 0.545 0 1
0 0.965 0.555 0 1
0 0.965 0.565 0 1
0 0.975 -0.555 0 2
0 0.975 -0.545 0 2
0 0.975 -0.535 0 1
0 0.975 -0.525 0 1
0 0.975 -0.515 0 1
0 0.975 -0.505 0 1
0 0.975 -0.495 0.00016558268 1
0 0.975 -0.485 0.0002721192652 2
0 0.975 -0.475 0.0003671737969 2
0 0.975 -0.465 0.0004682610464 2
0 0.975 -0.455 0.0005715671885 2
0 0.975 -0.445 0.0006670949373 2
0 0.975 -0.435 0.0007470005611 2
0 0.975 -0.425 0.0008114014133 2
0 0.975 -0.415 0.0008636662701 2
0 0.975 -0.405 0.0009066979727 2
0 0.975 -0.395 0.0009434726243 2
0 0.975 -0.385 0.0009772095715 2
0 0.975 -0.375 0.001010070319 2
0 0.975 -0.365 0.001043001725 2
0 0.975 -0.355 0.001073692741 2
0 0.975 -0.345 0.001098293146 2
0 0.975 -0.335 0.001116211485 2
0 0.975 -0.325 0.001116301914 2
0 0.975 -0.315 0.001110821103 2
0 0.975 -0.305 0.001119335505 2
0 0.975 -0.295 0.001104107043 2
0 0.975 -0.285 0.001042764117 2
0 0.975 -0.275 0.0009534541243 2
0 0.975 -0.265 0.0008472348438 2
0 0.975 -0.255 0.000735352561 2
0 0.975 -0.245 0.0006199426374 2
0 0.975 -0.235 0.0005084411793 2
0 0.975 -0.225 0.0004031277935 2
0 0.975 -0.215 0.0003034764311 2
0 0.975 -0.205 0.0002080507238 2
0 0.975 -0.195 0.0001155564028 2
0 0.975 -0.185 2.531684728e-05 2
0 0.975 -0.175 -6.287001934e-05 2
0 0.975 -0.165 -0.0001487972431 2
0 0.975 -0.155 -0.0002319867615 2
0 0.975 -0.145 -0.0003118005566 2
0 0.975 -0.135 -0.0003875458332 2
0 0.975 -0.125 -0.0004586418455 2
0 0.975 -0.115 -0.0005247810024 2
0 0.975 -0.105 -0.0005866239589 2
0 0.975 -0.095 -0.0006460904672 2
0 0.975 -0.085 -0.0007095130313 2
0 0.975 -0.075 -0.0007901788017 2
0 0.975 -0.065 -0.0008957817352 2
0 0.975 -0.055 -0.001017548829 1
0 0.975 -0.045 -0.001046533403 1
0 0.975 -0.035 -0.001065120201 1
0 0.975 -0.025 -0.001095054573 1
0 0.975 -0.015 -0.001144139203 1
0 0.975 -0.005 -0.001154472063 1
0 0.975 0.005 -0.001115680709 1
0 0.975 0.015 -0.001080214455 1
0 0.975 0.025 -0.001066459113 1
0 0.975 0.035 -0.001070392016 1
0 0.975 0.045 -0.00108844663 1
0 0.975 0.055 -0.001116603429 1
0 0.975 0.065 -0.001086117786 2
0 0.975 0.075 -0.0009388255958 2
0 0.975 0.085 -0.000789014817 2
0 0.975 0.095 -0.0006612309632 2
0 0.975 0.105 -0.000550471584 2
0 0.975 0.115 -0.0004462002082 2
0 0.975 0.125 -0.0003467894059 2
0 0.975 0.135 -0.0002480293127 2
0 0.975 0.145 -0.0001513791108 2
0 0.975 0.155 -7.149700754e-05 2
0 0.975 0.165 -1.049772522e-05 2
0 0.975 0.175 5.057431935e-05 2
0 0.975 0.185 0.0001137668041 2
0 0.975 0.195 0.000162189414 1
0 0.975 0.205 0.0001898140056 1
0 0.975 0.215 0.0002152064671 1
0 0.975 0.225 0.0002459495143 2
0 0.975 0.235 0.0003011072228 2
0 0.975 0.245 0.0003956457431 2
0 0.975 0.255 0.000546836264 2
0 0.975 0.265 0.0007088420108 2
0 0.975 0.275 0.0008513354 2
0 0.975 0.285 0.0009738766453 2
0 0.975 0.295 0.001069026925 2
0 0.975 0.305 0.001120211524 2
0 0.975 0.315 0.001152214697 2
0 0.975 0.325 0.001145058003 2
0 0.975 0.335 0.001117098657 2
0 0.975 0.345 0.001071603187 2
0 0.975 0.355 0.000982149451 2
0 0.975 0.365 0.0008275749905 2
0 0.975 0.375 0.0007041473454 1
0 0.975 0.385 0.0006488880888 1
0 0.975 0.395 0.0006277232582 1
0 0.975 0.405 0.0006441667756 2
0 0.975 0.415 0.0006758597988 2
0 0.975 0.425 0.0006968680853 2
0 0.975 0.435 0.000691963879 2
0 0.975 0.445 0.000662336346 2
0 0.975 0.455 0.000613419856 2
0 0.975 0.465 0.000547433492 2
0 0.975 0.475 0.0004636812061 2
0 0.975 0.485 0.0003503342888 2
0 0.975 0.495 0.0002201286493 2
0 0.975 0.505 0 2
0 0.975 0.515 0 1
0 0.975 0.525 0 1
0 0.975 0.535 0 1
0 0.975 0.545 0 1
0 0.975 0.555 0 1
0 0.975 0.565 0 1
0 0.985 -0.555 0 2
0 0.985 -0.545 0 1
0 0.985 -0.535 0 1
0 0.985 -0.525 0 1
0 0.985 -0.515 0 1
0 0.985 -0.505 0 1
0 0.985 -0.495 0.0001290122417 1
0 0.985 -0.485 0.00019046686 1
0 0.985 -0.475 0.0002436704684 1
0 0.985 -0.465 0.0003050395476 2
0 0.985 -0.455 0.0003720318962 2
0 0.985 -0.445 0.0004412574096 2
0 0.985 -0.435 0.0004980688946 2
0 0.985 -0.425 0.0005412344979 2
0 0.985 -0.415 0.0005734200921 2
0 0.985 -0.405 0.0005999355011 2
0 0.985 -0.395 0.0006228091296 2
0 0.985 -0.385 0.0006439395631 2
0 0.985 -0.375 0.0006644369546 2
0 0.985 -0.365 0.00068460885 2
0 0.985 -0.355 0.0007035006088 2
0 0.985 -0.345 0.0007192038533 2
0 0.985 -0.335 0.000730751155 2
0 0.985 -0.325 0.0007355375025 2
0 0.985 -0.315 0.0007361132106 2
0 0.985 -0.305 0.0007343584054 2
0 0.985 -0.295 0.0007190295634 2
0 0.985 -0.285 0.0006831065451 2
0 0.985 -0.275 0.000629896905 2
0 0.985 -0.265 0.0005632067324 2
0 0.985 -0.255 0.0004899490039 2
0 0.985 -0.245 0.0004148790012 2
0 0.985 -0.235 0.0003420582174 2
0 0.985 -0.225 0.0002728862649 2
0 0.985 -0.215 0.0002074070293 2
0 0.985 -0.205 0.0001449251499 2
0 0.985 -0.195 8.474902912e-05 2
0 0.985 -0.185 2.640041289e-05 2
0 0.985 -0.175 -3.031530488e-05 2
0 0.985 -0.165 -8.533292782e-05 2
0 0.985 -0.155 -0.0001384059698 2
0 0.985 -0.145 -0.0001891798208 2
0 0.985 -0.135 -0.0002372666951 2
0 0.985 -0.125 -0.0002823721251 2
0 0.985 -0.115 -0.0003244201985 2
0 0.985 -0.105 -0.0003640702459 2
0 0.985 -0.095 -0.0004030247837 2
0 0.985 -0.085 -0.0004460393073 2
0 0.985 -0.075 -0.0005060696144 2
0 0.985 -0.065 -0.0005876115021 2
0 0.985 -0.055 -0.0006868894935 2
0 0.985 -0.045 -0.0007348788627 1
0 0.985 -0.035 -0.0007514069365 1
0 0.985 -0.025 -0.0007704816728 1
0 0.985 -0.015 -0.0007818394954 2
0 0.985 -0.005 -0.000788744989 2
0 0.985 0.005 -0.0007827630471 1
0 0.985 0.015 -0.000749679154 1
0 0.985 0.025 -0.0007398959874 1
0 0.985 0.035 -0.0007440073755 1
0 0.985 0.045 -0.0007606869689 1
0 0.985 0.055 -0.0007833924061 1
0 0.985 0.065 -0.000713002841 2
0 0.985 0.075 -0.0006065523142 2
0 0.985 0.085 -0.0005033349759 2
0 0.985 0.095 -0.0004156142535 2
0 0.985 0.105 -0.0003423537868 2
0 0.985 0.115 -0.0002739331653 2
0 0.985 0.125 -0.0002084913888 2
0 0.985 0.135 -0.0001460472588 2
0 0.985 0.145 -8.00743034e-05 2
0 0.985 0.155 -2.051930318e-05 2
0 0.985 0.165 3.477730906e-05 2
0 0.985 0.175 8.988024276e-05 2
0 0.985 0.185 0.000127360374 2
0 0.985 0.195 0.0001384679897 2
0 0.985 0.205 0.0001270169392 2
0 0.985 0.215 0.0001146193892 2
0 0.985 0.225 0.0001113063427 2
0 0.985 0.235 0.0001530660432 2
0 0.985 0.245 0.0002360384496 2
0 0.985 0.255 0.0003475915188 2
0 0.985 0.265 0.0004574252668 2
0 0.985 0.275 0.0005526593889 2
0 0.985 0.285 0.0006318134012 2
0 0.985 0.295 0.0006980608781 2
0 0.985 0.305 0.0007469245456 2
0 0.985 0.315 0.0007802210071 2
0 0.985 0.325 0.0007780371492 2
0 0.985 0.335 0.0007566625795 2
0 0.985 0.345 0.0007124916261 2
0 0.985 0.355 0.0006256309988 2
0 0.985 0.365 0.0005055040109 1
0 0.985 0.375 0.0004491865023 1
0 0.985 0.385 0.0004132606657 1
0 0.985 0.395 0.0003932464661 1
0 0.985 0.405 0.0003802393878 1
0 0.985 0.415 0.0004082121636 2
0 0.985 0.425 0.000440693479 2
0 0.985 0.435 0.0004572555344 2
0 0.985 0.445 0.0004481950667 2
0 0.985 0.455 0.0004221682292 2
0 0.985 0.465 0.0003838531813 2
0 0.985 0.475 0.0003331097202 2
0 0.985 0.485 0.0002646644306 2
0 0.985 0.495 0.0001795017144 2
0 0.985 0.505 0 2
0 0.985 0.515 0 2
0 0.985 0.525 0 1
0 0.985 0.535 0 1
0 0.985 0.545 0 1
0 0.985 0.555 0 1
0 0.985 0.565 0 1
0 0.995 -0.555 0 2
0 0.995 -0.545 0 1
0 0.995 -0.535 0 1
0 0.995 -0.525 0 1
0 0.995 -0.515 0 1
0 0.995 -0.505 0 1
0 0.995 -0.495 9.459627374e-05 1
0 0.995 -0.485 0.0001264102498 1
0 0.995 -0.475 0.0001506855718 1
0 0.995 -0.465 0.0001706035528 1
0 0.995 -0.455 0.000209558131 2
0 0.995 -0.445 0.0002564634017 2
0 0.995 -0.435 0.00029121951 2
0 0.995 -0.425 0.000315966028 2
0 0.995 -0.415 0.000332453189 2
0 0.995 -0.405 0.0003461014698 2
0 0.995 -0.395 0.0003580660015 2
0 0.995 -0.385 0.0003692458776 2
0 0.995 -0.375 0.0003801726782 2
0 0.995 -0.365 0.0003909224666 2
0 0.995 -0.355 0.0004010111946 2
0 0.995 -0.345 0.0004094809348 2
0 0.995 -0.335 0.0004157346462 2
0 0.995 -0.325 0.0004191129701 2
0 0.995 -0.315 0.0004202691535 2
0 0.995 -0.305 0.0004188659101 2
0 0.995 -0.295 0.000409973333 2
0 0.995 -0.285 0.0003902587127 2
0 0.995 -0.275 0.0003607433711 2
0 0.995 -0.265 0.0003238779694 2
0 0.995 -0.255 0.0002832861873 2
0 0.995 -0.245 0.0002415836286 2
0 0.995 -0.235 0.0002007138926 2
0 0.995 -0.225 0.0001615317082 2
0 0.995 -0.215 0.0001243124193 2
0 0.995 -0.205 8.887061632e-05 2
0 0.995 -0.195 5.490086043e-05 2
0 0.995 -0.185 2.215452841e-05 2
0 0.995 -0.175 -9.491869456e-06 2
0 0.995 -0.165 -4.003885469e-05 2
0 0.995 -0.155 -6.939529583e-05 2
0 0.995 -0.145 -9.741876014e-05 2
0 0.995 -0.135 -0.0001239622219 2
0 0.995 -0.125 -0.0001489552617 2
0 0.995 -0.115 -0.0001724979644 2
0 0.995 -0.105 -0.0001951457123 2
0 0.995 -0.095 -0.0002182813278 2
0 0.995 -0.085 -0.0002446620211 2
0 0.995 -0.075 -0.0002836873753 2
0 0.995 -0.065 -0.0003367984013 2
0 0.995 -0.055 -0.0003989167351 2
0 0.995 -0.045 -0.0004432308625 2
0 0.995 -0.035 -0.0004558319543 2
0 0.995 -0.025 -0.0004617224351 2
0 0.995 -0.015 -0.0004533290131 2
0 0.995 -0.005 -0.0004567690203 2
0 0.995 0.005 -0.0004682483387 2
0 0.995 0.015 -0.000465572708 1
0 0.995 0.025 -0.0004596556929 1
0 0.995 0.035 -0.0004613777383 1
0 0.995 0.045 -0.0004716265062 1
0 0.995 0.055 -0.0004614621416 2
0 0.995 0.065 -0.0004010344886 2
0 0.995 0.075 -0.0003352563935 2
0 0.995 0.085 -0.0002749745419 2
0 0.995 0.095 -0.0002265968924 2
0 0.995 0.105 -0.0001840361503 2
0 0.995 0.115 -0.0001448064963 2
0 0.995 0.125 -0.0001075453474 2
0 0.995 0.135 -7.176004279e-05 2
0 0.995 0.145 -3.759200113e-05 2
0 0.995 0.155 -7.314428635e-06 2
0 0.995 0.165 3.457447891e-05 2
0 0.995 0.175 8.818654612e-05 2
0 0.995 0.185 0.0001095966842 2
0 0.995 0.195 9.856374179e-05 2
0 0.995 0.205 7.023286778e-05 2
0 0.995 0.215 4.629650163e-05 2
0 0.995 0.225 3.887048515e-05 2
0 0.995 0.235 6.647083308e-05 2
0 0.995 0.245 0.0001203302896 2
0 0.995 0.255 0.0001850780477 2
0 0.995 0.265 0.0002523420976 2
0 0.995 0.275 0.0003131149718 2
0 0.995 0.285 0.0003593216693 2
0 0.995 0.295 0.0003962286416 2
0 0.995 0.305 0.0004215933433 2
0 0.995 0.315 0.0004357615312 2
0 0.995 0.325 0.0004344215625 2
0 0.995 0.335 0.0004237342597 2
0 0.995 0.345 0.0003963356548 2
0 0.995 0.355 0.000335718588 2
0 0.995 0.365 0.0002884820582 1
0 0.995 0.375 0.0002604664067 1
0 0.995 0.385 0.0002379726751 1
0 0.995 0.395 0.0002216754111 1
0 0.995 0.405 0.0002087223361 1
0 0.995 0.415 0.0002069645006 1
0 0.995 0.425 0.0002357680819 2
0 0.995 0.435 0.000262749199 2
0 0.995 0.445 0.0002643782576 2
0 0.995 0.455 0.0002536613797 2
0 0.995 0.465 0.0002364174539 2
0 0.995 0.475 0.0002121155244 2
0 0.995 0.485 0.000180172481 2
0 0.995 0.495 0.0001346383884 2
0 0.995 0.505 0 2
0 0.995 0.515 0 2
0 0.995 0.525 0 2
0 0.995 0.535 0 2
0 0.995 0.545 0 2
0 0.995 0.555 0 1
0 0.995 0.565 0 1
0 1.005 -0.555 0 2
0 1.005 -0.545 0 1
0 1.005 -0.535 0 1
0 1.005 -0.525 0 1
0 1.005 -0.515 0 1
0 1.005 -0.505 0 1
0 1.005 -0.495 0 1
0 1.005 -0.485 0 1
0 1.005 -0.475 0 1
0 1.005 -0.465 0 1
0 1.005 -0.455 0 1
0 1.005 -0.445 0 2
0 1.005 -0.435 0 2
0 1.005 -0.425 0 2
0 1.005 -0.415 0 2
0 1.005 -0.405 0 2
0 1.005 -0.395 0 2
0 1.005 -0.385 0 2
0 1.005 -0.375 0 2
0 1.005 -0.365 0 2
0 1.005 -0.355 0 2
0 1.005 -0.345 0 2
0 1.005 -0.335 0 2
0 1.005 -0.325 0 2
0 1.005 -0.315 0 2
0 1.005 -0.305 0 2
0 1.005 -0.295 0 2
0 1.005 -0.285 0 2
0 1.005 -0.275 0 2
0 1.005 -0.265 0 2
0 1.005 -0.255 0 2
0 1.005 -0.245 0 2
0 1.005 -0.235 0 2
0 1.005 -0.225 0 2
0 1.005 -0.215 0 2
0 1.005 -0.205 0 2
0 1.005 -0.195 0 2
0 1.005 -0.185 0 2
0 1.005 -0.175 0 2
0 1.005 -0.165 0 2
0 1.005 -0.155 0 2
0 1.005 -0.145 0 2
0 1.005 -0.135 0 2
0 1.005 -0.125 0 2
0 1.005 -0.115 0 2
0 1.005 -0.105 0 2
0 1.005 -0.095 0 2
0 1.005 -0.085 0 2
0 1.005 -0.075 0 2
0 1.005 -0.065 0 2
0 1.005 -0.055 0 2
0 1.005 -0.045 0 2
0 1.005 -0.035 0 2
0 1.005 -0.025 0 2
0 1.005 -0.015 0 2
0 1.005 -0.005 0 2
0 1.005 0.005 0 2
0 1.005 0.015 0 2
0 1.005 0.025 0 2
0 1.005 0.035 0 2
0 1.005 0.045 0 2
0 1.005 0.055 0 2
0 1.005 0.065 0 2
0 1.005 0.075 0 2
0 1.005 0.085 0 2
0 1.005 0.095 0 2
0 1.005 0.105 0 2
0 1.005 0.115 0 2
0 1.005 0.125 0 2
0 1.005 0.135 0 2
0 1.005 0.145 0 2
0 1.005 0.155 0 2
0 1.005 0.165 0 2
0 1.005 0.175 0 2
0 1.005 0.185 0 1
0 1.005 0.195 0 1
0 1.005 0.205 0 1
0 1.005 0.215 0 1
0 1.005 0.225 0 1
0 1.005 0.235 0 2
0 1.005 0.245 0 2
0 1.005 0.255 0 2
0 1.005 0.265 0 2
0 1.005 0.275 0 2
0 1.005 0.285 0 2
0 1.005 0.295 0 2
0 1.005 0.305 0 2
0 1.005 0.315 0 2
0 1.005 0.325 0 2
0 1.005 0.335 0 2
0 1.005 0.345 0 2
0 1.005 0.355 0 1
0 1.005 0.365 0 1
0 1.005 0.375 0 1
0 1.005 0.385 0 1
0 1.005 0.395 0 1
0 1.005 0.405 0 1
0 1.005 0.415 0 1
0 1.005 0.425 0 1
0 1.005 0.435 0 2
0 1.005 0.445 0 2
0 1.005 0.455 0 2
0 1.005 0.465 0 2
0 1.005 0.475 0 2
0 1.005 0.485 0 2
0 1.005 0.495 0 2
0 1.005 0.505 0 2
0 1.005 0.515 0 2
0 1.005 0.525 0 2
0 1.005 0.535 0 2
0 1.005 0.545 0 2
0 1.005 0.555 0 2
0 1.005 0.565 0 2
0 1.015 -0.555 0 2
0 1.015 -0.545 0 2
0 1.015 -0.535 0 1
0 1.015 -0.525 0 1
0 1.015 -0.515 0 1
0 1.015 -0.505 0 1
0 1.015 -0.495 0 1
0 1.015 -0.485 0 1
0 1.015 -0.475 0 1
0 1.015 -0.465 0 1
0 1.015 -0.455 0 1
0 1.015 -0.445 0 2
0 1.015 -0.435 0 2
0 1.015 -0.425 0 2
0 1.015 -0.415 0 2
0 1.015 -0.405 0 2
0 1.015 -0.395 0 2
0 1.015 -0.385 0 2
0 1.015 -0.375 0 2
0 1.015 -0.365 0 2
0 1.015 -0.355 0 2
0 1.015 -0.345 0 2
0 1.015 -0.335 0 2
0 1.015 -0.325 0 2
0 1.015 -0.315 0 2
0 1.015 -0.305 0 2
0 1.015 -0.295 0 2
0 1.015 -0.285 0 2
0 1.015 -0.275 0 2
0 1.015 -0.265 0 2
0 1.015 -0.255 0 2
0 1.015 -0.245 0 2
0 1.015 -0.235 0 2
0 1.015 -0.225 0 2
0 1.015 -0.215 0 2
0 1.015 -0.205 0 2
0 1.015 -0.195 0 2
0 1.015 -0.185 0 2
0 1.015 -0.175 0 2
0 1.015 -0.165 0 2
0 1.015 -0.155 0 2
0 1.015 -0.145 0 2
0 1.015 -0.135 0 2
0 1.015 -0.125 0 2
0 1.015 -0.115 0 2
0 1.015 -0.105 0 2
0 1.015 -0.095 0 2
0 1.015 -0.085 0 2
0 1.015 -0.075 0 2
0 1.015 -0.065 0 2
0 1.015 -0.055 0 2
0 1.015 -0.045 0 2
0 1.015 -0.035 0 2
0 1.015 -0.025 0 2
0 1.015 -0.015 0 2
0 1.015 -0.005 0 2
0 1.015 0.005 0 2
0 1.015 0.015 0 2
0 1.015 0.025 0 2
0 1.015 0.035 0 2
0 1.015 0.045 0 2
0 1.015 0.055 0 2
0 1.015 0.065 0 2
0 1.015 0.075 0 2
0 1.015 0.085 0 2
0 1.015 0.095 0 2
0 1.015 0.105 0 2
0 1.015 0.115 0 2
0 1.015 0.125 0 2
0 1.015 0.135 0 2
0 1.015 0.145 0 2
0 1.015 0.155 0 2
0 1.015 0.165 0 2
0 1.015 0.175 0 2
0 1.015 0.185 0 1
0 1.015 0.195 0 1
0 1.015 0.205 0 1
0 1.015 0.215 0 1
0 1.015 0.225 0 1
0 1.015 0.235 0 1
0 1.015 0.245 0 1
0 1.015 0.255 0 2
0 1.015 0.265 0 2
0 1.015 0.275 0 2
0 1.015 0.285 0 2
0 1.015 0.295 0 2
0 1.015 0.305 0 2
0 1.015 0.315 0 2
0 1.015 0.325 0 2
0 1.015 0.335 0 2
0 1.015 0.345 0 2
0 1.015 0.355 0 1
0 1.015 0.365 0 1
0 1.015 0.375 0 1
0 1.015 0.385 0 1
0 1.015 0.395 0 1
0 1.015 0.405 0 1
0 1.015 0.415 0 1
0 1.015 0.425 0 1
0 1.015 0.435 0 2
0 1.015 0.445 0 2
0 1.015 0.455 0 2
0 1.015 0.465 0 2
0 1.015 0.475 0 2
0 1.015 0.485 0 2
0 1.015 0.495 0 2
0 1.015 0.505 0 2
0 1.015 0.515 0 2
0 1.015 0.525 0 2
0 1.015 0.535 0 2
0 1.015 0.545 0 2
0 1.015 0.555 0 2
0 1.015 0.565 0 2
0 1.025 -0.555 0 2
0 1.025 -0.545 0 2
0 1.025 -0.535 0 1
0 1.025 -0.525 0 1
0 1.025 -0.515 0 1
0 1.025 -0.505 0 1
0 1.025 -0.495 0 1
0 1.025 -0.485 0 1
0 1.025 -0.475 0 1
0 1.025 -0.465 0 1
0 1.025 -0.455 0 1
0 1.025 -0.445 0 1
0 1.025 -0.435 0 2
0 1.025 -0.425 0 2
0 1.025 -0.415 0 2
0 1.025 -0.405 0 2
0 1.025 -0.395 0 2
0 1.025 -0.385 0 2
0 1.025 -0.375 0 2
0 1.025 -0.365 0 2
0 1.025 -0.355 0 2
0 1.025 -0.345 0 2
0 1.025 -0.335 0 2
0 1.025 -0.325 0 2
0 1.025 -0.315 0 2
0 1.025 -0.305 0 2
0 1.025 -0.295 0 2
0 1.025 -0.285 0 2
0 1.025 -0.275 0 2
0 1.025 -0.265 0 2
0 1.025 -0.255 0 1
0 1.025 -0.245 0 1
0 1.025 -0.235 0 1
0 1.025 -0.225 0 2
0 1.025 -0.215 0 2
0 1.025 -0.205 0 2
0 1.025 -0.195 0 2
0 1.025 -0.185 0 2
0 1.025 -0.175 0 2
0 1.025 -0.165 0 2
0 1.025 -0.155 0 2
0 1.025 -0.145 0 2
0 1.025 -0.135 0 2
0 1.025 -0.125 0 2
0 1.025 -0.115 0 2
0 1.025 -0.105 0 2
0 1.025 -0.095 0 2
0 1.025 -0.085 0 2
0 1.025 -0.075 0 2
0 1.025 -0.065 0 2
0 1.025 -0.055 0 2
0 1.025 -0.045 0 2
0 1.025 -0.035 0 2
0 1.025 -0.025 0 2
0 1.025 -0.015 0 2
0 1.025 -0.005 0 2
0 1.025 0.005 0 2
0 1.025 0.015 0 2
0 1.025 0.025 0 2
0 1.025 0.035 0 2
0 1.025 0.045 0 2
0 1.025 0.055 0 2
0 1.025 0.065 0 2
0 1.025 0.075 0 2
0 1.025 0.085 0 2
0 1.025 0.095 0 2
0 1.025 0.105 0 2
0 1.025 0.115 0 2
0 1.025 0.125 0 2
0 1.025 0.135 0 2
0 1.025 0.145 0 2
0 1.025 0.155 0 2
0 1.025 0.165 0 2
0 1.025 0.175 0 1
0 1.025 0.185 0 1
0 1.025 0.195 0 1
0 1.025 0.205 0 1
0 1.025 0.215 0 1
0 1.025 0.225 0 1
0 1.025 0.235 0 1
0 1.025 0.245 0 1
0 1.025 0.255 0 1
0 1.025 0.265 0 2
0 1.025 0.275 0 2
0 1.025 0.285 0 2
0 1.025 0.295 0 2
0 1.025 0.305 0 2
0 1.025 0.315 0 2
0 1.025 0.325 0 2
0 1.025 0.335 0 2
0 1.025 0.345 0 2
0 1.025 0.355 0 2
0 1.025 0.365 0 1
0 1.025 0.375 0 1
0 1.025 0.385 0 1
0 1.025 0.395 0 1
0 1.025 0.405 0 1
0 1.025 0.415 0 1
0 1.025 0.425 0 1
0 1.025 0.435 0 2
0 1.025 0.445 0 2
0 1.025 0.455 0 2
0 1.025 0.465 0 2
0 1.025 0.475 0 2
0 1.025 0.485 0 2
0 1.025 0.495 0 2
0 1.025 0.505 0 2
0 1.025 0.515 0 2
0 1.025 0.525 0 2
0 1.025 0.535 0 2
0 1.025 0.545 0 2
0 1.025 0.555 0 2
0 1.025 0.565 0 2
0 1.035 -0.555 0 2
0 1.035 -0.545 0 2
0 1.035 -0.535 0 2
0 1.035 -0.525 0 1
0 1.035 -0.515 0 1
0 1.035 -0.505 0 1
0 1.035 -0.495 0 1
0 1.035 -0.485 0 1
0 1.035 -0.475 0 1
0 1.035 -0.465 0 1
0 1.035 -0.455 0 1
0 1.035 -0.445 0 1
0 1.035 -0.435 0 2
0 1.035 -0.425 0 2
0 1.035 -0.415 0 2
0 1.035 -0.405 0 2
0 1.035 -0.395 0 2
0 1.035 -0.385 0 2
0 1.035 -0.375 0 2
0 1.035 -0.365 0 2
0 1.035 -0.355 0 2
0 1.035 -0.345 0 2
0 1.035 -0.335 0 2
0 1.035 -0.325 0 2
0 1.035 -0.315 0 2
0 1.035 -0.305 0 2
0 1.035 -0.295 0 2
0 1.035 -0.285 0 2
0 1.035 -0.275 0 2
0 1.035 -0.265 0 1
0 1.035 -0.255 0 1
0 1.035 -0.245 0 1
0 1.035 -0.235 0 1
0 1.035 -0.225 0 1
0 1.035 -0.215 0 1
0 1.035 -0.205 0 2
0 1.035 -0.195 0 2
0 1.035 -0.185 0 2
0 1.035 -0.175 0 2
0 1.035 -0.165 0 2
0 1.035 -0.155 0 2
0 1.035 -0.145 0 2
0 1.035 -0.135 0 2
0 1.035 -0.125 0 2
0 1.035 -0.115 0 2
0 1.035 -0.105 0 2
0 1.035 -0.095 0 2
0 1.035 -0.085 0 2
0 1.035 -0.075 0 2
0 1.035 -0.065 0 2
0 1.035 -0.055 0 2
0 1.035 -0.045 0 2
0 1.035 -0.035 0 2
0 1.035 -0.025 0 2
0 1.035 -0.015 0 2
0 1.035 -0.005 0 2
0 1.035 0.005 0 2
0 1.035 0.015 0 2
0 1.035 0.025 0 2
0 1.035 0.035 0 2
0 1.035 0.045 0 2
0 1.035 0.055 0 2
0 1.035 0.065 0 2
0 1.035 0.075 0 2
0 1.035 0.085 0 2
0 1.035 0.095 0 2
0 1.035 0.105 0 2
0 1.035 0.115 0 2
0 1.035 0.125 0 2
0 1.035 0.135 0 2
0 1.035 0.145 0 2
0 1.035 0.155 0 2
0 1.035 0.165 0 2
0 1.035 0.175 0 2
0 1.035 0.185 0 1
0 1.035 0.195 0 1
0 1.035 0.205 0 1
0 1.035 0.215 0 1
0 1.035 0.225 0 1
0 1.035 0.235 0 1
0 1.035 0.245 0 1
0 1.035 0.255 0 1
0 1.035 0.265 0 1
0 1.035 0.275 0 2
0 1.035 0.285 0 2
0 1.035 0.295 0 2
0 1.035 0.305 0 2
0 1.035 0.315 0 2
0 1.035 0.325 0 2
0 1.035 0.335 0 2
0 1.035 0.345 0 2
0 1.035 0.355 0 2
0 1.035 0.365 0 1
0 1.035 0.375 0 1
0 1.035 0.385 0 1
0 1.035 0.395 0 1
0 1.035 0.405 0 1
0 1.035 0.415 0 1
0 1.035 0.425 0 1
0 1.035 0.435 0 1
0 1.035 0.445 0 2
0 1.035 0.455 0 2
0 1.035 0.465 0 2
0 1.035 0.475 0 2
0 1.035 0.485 0 2
0 1.035 0.495 0 2
0 1.035 0.505 0 2
0 1.035 0.515 0 2
0 1.035 0.525 0 2
0 1.035 0.535 0 2
0 1.035 0.545 0 2
0 1.035 0.555 0 2
0 1.035 0.565 0 2
0 1.045 -0.555 0 2
0 1.045 -0.545 0 2
0 1.045 -0.535 0 2
0 1.045 -0.525 0 2
0 1.045 -0.515 0 1
0 1.045 -0.505 0 1
0 1.045 -0.495 0 1
0 1.045 -0.485 0 1
0 1.045 -0.475 0 1
0 1.045 -0.465 0 1
0 1.045 -0.455 0 1
0 1.045 -0.445 0 1
0 1.045 -0.435 0 2
0 1.045 -0.425 0 2
0 1.045 -0.415 0 2
0 1.045 -0.405 0 2
0 1.045 -0.395 0 2
0 1.045 -0.385 0 2
0 1.045 -0.375 0 2
0 1.045 -0.365 0 2
0 1.045 -0.355 0 2
0 1.045 -0.345 0 2
0 1.045 -0.335 0 2
0 1.045 -0.325 0 2
0 1.045 -0.315 0 2
0 1.045 -0.305 0 2
0 1.045 -0.295 0 2
0 1.045 -0.285 0 2
0 1.045 -0.275 0 2
0 1.045 -0.265 0 1
0 1.045 -0.255 0 1
0 1.045 -0.245 0 1
0 1.045 -0.235 0 1
0 1.045 -0.225 0 1
0 1.045 -0.215 0 1
0 1.045 -0.205 0 1
0 1.045 -0.195 0 2
0 1.045 -0.185 0 2
0 1.045 -0.175 0 2
0 1.045 -0.165 0 2
0 1.045 -0.155 0 2
0 1.045 -0.145 0 2
0 1.045 -0.135 0 2
0 1.045 -0.125 0 2
0 1.045 -0.115 0 2
0 1.045 -0.105 0 2
0 1.045 -0.095 0 2
0 1.045 -0.085 0 2
0 1.045 -0.075 0 2
0 1.045 -0.065 0 2
0 1.045 -0.055 0 2
0 1.045 -0.045 0 2
0 1.045 -0.035 0 2
0 1.045 -0.025 0 2
0 1.045 -0.015 0 2
0 1.045 -0.005 0 2
0 1.045 0.005 0 2
0 1.045 0.015 0 2
0 1.045 0.025 0 2
0 1.045 0.035 0 2
0 1.045 0.045 0 2
0 1.045 0.055 0 2
0 1.045 0.065 0 2
0 1.045 0.075 0 2
0 1.045 0.085 0 2
0 1.045 0.095 0 2
0 1.045 0.105 0 2
0 1.045 0.115 0 2
0 1.045 0.125 0 2
0 1.045 0.135 0 2
0 1.045 0.145 0 2
0 1.045 0.155 0 2
0 1.045 0.165 0 2
0 1.045 0.175 0 2
0 1.045 0.185 0 1
0 1.045 0.195 0 1
0 1.045 0.205 0 1
0 1.045 0.215 0 1
0 1.045 0.225 0 1
0 1.045 0.235 0 1
0 1.045 0.245 0 1
0 1.045 0.255 0 1
0 1.045 0.265 0 1
0 1.045 0.275 0 2
0 1.045 0.285 0 2
0 1.045 0.295 0 2
0 1.045 0.305 0 2
0 1.045 0.315 0 2
0 1.045 0.325 0 2
0 1.045 0.335 0 2
0 1.045 0.345 0 2
0 1.045 0.355 0 2
0 1.045 0.365 0 1
0 1.045 0.375 0 1
0 1.045 0.385 0 1
0 1.045 0.395 0 1
0 1.045 0.405 0 1
0 1.045 0.415 0 1
0 1.045 0.425 0 1
0 1.045 0.435 0 1
0 1.045 0.445 0 2
0 1.045 0.455 0 2
0 1.045 0.465 0 2
0 1.045 0.475 0 2
0 1.045 0.485 0 2
0 1.045 0.495 0 2
0 1.045 0.505 0 2
0 1.045 0.515 0 2
0 1.045 0.525 0 2
0 1.045 0.535 0 2
0 1.045 0.545 0 2
0 1.045 0.555 0 2
0 1.045 0.565 0 2
0 1.055 -0.555 0 2
0 1.055 -0.545 0 2
0 1.055 -0.535 0 2
0 1.055 -0.525 0 2
0 1.055 -0.515 0 2
0 1.055 -0.505 0 2
0 1.055 -0.495 0 1
0 1.055 -0.485 0 1
0 1.055 -0.475 0 1
0 1.055 -0.465 0 1
0 1.055 -0.455 0 1
0 1.055 -0.445 0 2
0 1.055 -0.435 0 2
0 1.055 -0.425 0 2
0 1.055 -0.415 0 2
0 1.055 -0.405 0 2
0 1.055 -0.395 0 2
0 1.055 -0.385 0 2
0 1.055 -0.375 0 2
0 1.055 -0.365 0 2
0 1.055 -0.355 0 2
0 1.055 -0.345 0 2
0 1.055 -0.335 0 2
0 1.055 -0.325 0 2
0 1.055 -0.315 0 2
0 1.055 -0.305 0 2
0 1.055 -0.295 0 2
0 1.055 -0.285 0 2
0 1.055 -0.275 0 2
0 1.055 -0.265 0 1
0 1.055 -0.255 0 1
0 1.055 -0.245 0 1
0 1.055 -0.235 0 1
0 1.055 -0.225 0 1
0 1.055 -0.215 0 1
0 1.055 -0.205 0 1
0 1.055 -0.195 0 1
0 1.055 -0.185 0 2
0 1.055 -0.175 0 2
0 1.055 -0.165 0 2
0 1.055 -0.155 0 2
0 1.055 -0.145 0 2
0 1.055 -0.135 0 2
0 1.055 -0.125 0 2
0 1.055 -0.115 0 2
0 1.055 -0.105 0 2
0 1.055 -0.095 0 2
0 1.055 -0.085 0 2
0 1.055 -0.075 0 2
0 1.055 -0.065 0 2
0 1.055 -0.055 0 2
0 1.055 -0.045 0 2
0 1.055 -0.035 0 2
0 1.055 -0.025 0 2
0 1.055 -0.015 0 2
0 1.055 -0.005 0 2
0 1.055 0.005 0 2
0 1.055 0.015 0 2
0 1.055 0.025 0 2
0 1.055 0.035 0 2
0 1.055 0.045 0 2
0 1.055 0.055 0 2
0 1.055 0.065 0 2
0 1.055 0.075 0 2
0 1.055 0.085 0 2
0 1.055 0.095 0 2
0 1.055 0.105 0 2
0 1.055 0.115 0 2
0 1.055 0.125 0 2
0 1.055 0.135 0 2
0 1.055 0.145 0 2
0 1.055 0.155 0 2
0 1.055 0.165 0 2
0 1.055 0.175 0 2
0 1.055 0.185 0 1
0 1.055 0.195 0 1
0 1.055 0.205 0 1
0 1.055 0.215 0 1
0 1.055 0.225 0 1
0 1.055 0.235 0 1
0 1.055 0.245 0 1
0 1.055 0.255 0 1
0 1.055 0.265 0 1
0 1.055 0.275 0 2
0 1.055 0.285 0 2
0 1.055 0.295 0 2
0 1.055 0.305 0 2
0 1.055 0.315 0 2
0 1.055 0.325 0 2
0 1.055 0.335 0 2
0 1.055 0.345 0 2
0 1.055 0.355 0 2
0 1.055 0.365 0 2
0 1.055 0.375 0 1
0 1.055 0.385 0 1
0 1.055 0.395 0 1
0 1.055 0.405 0 1
0 1.055 0.415 0 1
0 1.055 0.425 0 1
0 1.055 0.435 0 2
0 1.055 0.445 0 2
0 1.055 0.455 0 2
0 1.055 0.465 0 2
0 1.055 0.475 0 2
0 1.055 0.485 0 2
0 1.055 0.495 0 2
0 1.055 0.505 0 2
0 1.055 0.515 0 2
0 1.055 0.525 0 2
0 1.055 0.535 0 2
0 1.055 0.545 0 2
0 1.055 0.555 0 2
0 1.055 0.565 0 2
0 1.065 -0.555 0 2
0 1.065 -0.545 0 2
0 1.065 -0.535 0 2
0 1.065 -0.525 0 2
0 1.065 -0.515 0 2
0 1.065 -0.505 0 2
0 1.065 -0.495 0 2
0 1.065 -0.485 0 2
0 1.065 -0.475 0 2
0 1.065 -0.465 0 2
0 1.065 -0.455 0 2
0 1.065 -0.445 0 2
0 1.065 -0.435 0 2
0 1.065 -0.425 0 2
0 1.065 -0.415 0 2
0 1.065 -0.405 0 2
0 1.065 -0.395 0 2
0 1.065 -0.385 0 2
0 1.065 -0.375 0 2
0 1.065 -0.365 0 2
0 1.065 -0.355 0 2
0 1.065 -0.345 0 2
0 1.065 -0.335 0 2
0 1.065 -0.325 0 2
0 1.065 -0.315 0 2
0 1.065 -0.305 0 2
0 1.065 -0.295 0 2
0 1.065 -0.285 0 2
0 1.065 -0.275 0 2
0 1.065 -0.265 0 1
0 1.065 -0.255 0 1
0 1.065 -0.245 0 1
0 1.065 -0.235 0 1
0 1.065 -0.225 0 1
0 1.065 -0.215 0 1
0 1.065 -0.205 0 1
0 1.065 -0.195 0 1
0 1.065 -0.185 0 2
0 1.065 -0.175 0 2
0 1.065 -0.165 0 2
0 1.065 -0.155 0 2
0 1.065 -0.145 0 2
0 1.065 -0.135 0 2
0 1.065 -0.125 0 2
0 1.065 -0.115 0 2
0 1.065 -0.105 0 2
0 1.065 -0.095 0 2
0 1.065 -0.085 0 2
0 1.065 -0.075 0 2
0 1.065 -0.065 0 2
0 1.065 -0.055 0 2
0 1.065 -0.045 0 2
0 1.065 -0.035 0 2
0 1.065 -0.025 0 2
0 1.065 -0.015 0 2
0 1.065 -0.005 0 2
0 1.065 0.005 0 2
0 1.065 0.015 0 2
0 1.065 0.025 0 2
0 1.065 0.035 0 2
0 1.065 0.045 0 2
0 1.065 0.055 0 2
0 1.065 0.065 0 2
0 1.065 0.075 0 2
0 1.065 0.085 0 2
0 1.065 0.095 0 2
0 1.065 0.105 0 2
0 1.065 0.115 0 2
0 1.065 0.125 0 2
0 1.065 0.135 0 2
0 1.065 0.145 0 2
0 1.065 0.155 0 2
0 1.065 0.165 0 2
0 1.065 0.175 0 2
0 1.065 0.185 0 2
0 1.065 0.195 0 1
0 1.065 0.205 0 1
0 1.065 0.215 0 1
0 1.065 0.225 0 1
0 1.065 0.235 0 1
0 1.065 0.245 0 1
0 1.065 0.255 0 1
0 1.065 0.265 0 1
0 1.065 0.275 0 1
0 1.065 0.285 0 2
0 1.065 0.295 0 2
0 1.065 0.305 0 2
0 1.065 0.315 0 2
0 1.065 0.325 0 2
0 1.065 0.335 0 2
0 1.065 0.345 0 2
0 1.065 0.355 0 2
0 1.065 0.365 0 2
0 1.065 0.375 0 2
0 1.065 0.385 0 1
0 1.065 0.395 0 1
0 1.065 0.405 0 1
0 1.065 0.415 0 1
0 1.065 0.425 0 1
0 1.065 0.435 0 2
0 1.065 0.445 0 2
0 1.065 0.455 0 2
0 1.065 0.465 0 2
0 1.065 0.475 0 2
0 1.065 0.485 0 2
0 1.065 0.495 0 2
0 1.065 0.505 0 2
0 1.065 0.515 0 2
0 1.065 0.525 0 2
0 1.065 0.535 0 2
0 1.065 0.545 0 2
0 1.065 0.555 0 2
0 1.065 0.565 0 2
