t x y content type
0 -0.055 -0.555 0 2
0 -0.055 -0.545 0 2
0 -0.055 -0.535 0 2
0 -0.055 -0.525 0 2
0 -0.055 -0.515 0 2
0 -0.055 -0.505 0 2
0 -0.055 -0.495 0 2
0 -0.055 -0.485 0 2
0 -0.055 -0.475 0 2
0 -0.055 -0.465 0 2
0 -0.055 -0.455 0 2
0 -0.055 -0.445 0 2
0 -0.055 -0.435 0 2
0 -0.055 -0.425 0 2
0 -0.055 -0.415 0 2
0 -0.055 -0.405 0 2
0 -0.055 -0.395 0 2
0 -0.055 -0.385 0 2
0 -0.055 -0.375 0 2
0 -0.055 -0.365 0 1
0 -0.055 -0.355 0 1
0 -0.055 -0.345 0 1
0 -0.055 -0.335 0 1
0 -0.055 -0.325 0 1
0 -0.055 -0.315 0 1
0 -0.055 -0.305 0 1
0 -0.055 -0.295 0 2
0 -0.055 -0.285 0 2
0 -0.055 -0.275 0 2
0 -0.055 -0.265 0 2
0 -0.055 -0.255 0 2
0 -0.055 -0.245 0 2
0 -0.055 -0.235 0 2
0 -0.055 -0.225 0 2
0 -0.055 -0.215 0 2
0 -0.055 -0.205 0 2
0 -0.055 -0.195 0 2
0 -0.055 -0.185 0 2
0 -0.055 -0.175 0 2
0 -0.055 -0.165 0 2
0 -0.055 -0.155 0 2
0 -0.055 -0.145 0 2
0 -0.055 -0.135 0 2
0 -0.055 -0.125 0 2
0 -0.055 -0.115 0 2
0 -0.055 -0.105 0 2
0 -0.055 -0.095 0 1
0 -0.055 -0.085 0 1
0 -0.055 -0.075 0 1
0 -0.055 -0.065 0 1
0 -0.055 -0.055 0 1
0 -0.055 -0.045 0 1
0 -0.055 -0.035 0 1
0 -0.055 -0.025 0 1
0 -0.055 -0.015 0 1
0 -0.055 -0.005 0 1
0 -0.055 0.005 0 1
0 -0.055 0.015 0 2
0 -0.055 0.025 0 2
0 -0.055 0.035 0 2
0 -0.055 0.045 0 2
0 -0.055 0.055 0 2
0 -0.055 0.065 0 2
0 -0.055 0.075 0 2
0 -0.055 0.085 0 2
0 -0.055 0.095 0 2
0 -0.055 0.105 0 2
0 -0.055 0.115 0 2
0 -0.055 0.125 0 2
0 -0.055 0.135 0 2
0 -0.055 0.145 0 2
0 -0.055 0.155 0 2
0 -0.055 0.165 0 2
0 -0.055 0.175 0 2
0 -0.055 0.185 0 2
0 -0.055 0.195 0 2
0 -0.055 0.205 0 2
0 -0.055 0.215 0 2
0 -0.055 0.225 0 2
0 -0.055 0.235 0 2
0 -0.055 0.245 0 2
0 -0.055 0.255 0 2
0 -0.055 0.265 0 2
0 -0.055 0.275 0 2
0 -0.055 0.285 0 2
0 -0.055 0.295 0 2
0 -0.055 0.305 0 2
0 -0.055 0.315 0 2
0 -0.055 0.325 0 2
0 -0.055 0.335 0 2
0 -0.055 0.345 0 2
0 -0.055 0.355 0 2
0 -0.055 0.365 0 2
0 -0.055 0.375 0 2
0 -0.055 0.385 0 2
0 -0.055 0.395 0 2
0 -0.055 0.405 0 2
0 -0.055 0.415 0 2
0 -0.055 0.425 0 2
0 -0.055 0.435 0 2
0 -0.055 0.445 0 1
0 -0.055 0.455 0 1
0 -0.055 0.465 0 1
0 -0.055 0.475 0 1
0 -0.055 0.485 0 1
0 -0.055 0.495 0 1
0 -0.055 0.505 0 1
0 -0.055 0.515 0 2
0 -0.055 0.525 0 2
0 -0.055 0.535 0 2
0 -0.055 0.545 0 2
0 -0.055 0.555 0 2
0 -0.055 0.565 0 2
0 -0.045 -0.555 0 2
0 -0.045 -0.545 0 2
0 -0.045 -0.535 0 2
0 -0.045 -0.525 0 2
0 -0.045 -0.515 0 2
0 -0.045 -0.505 0 2
0 -0.045 -0.495 0 2
0 -0.045 -0.485 0 2
0 -0.045 -0.475 0 2
0 -0.045 -0.465 0 2
0 -0.045 -0.455 0 2
0 -0.045 -0.445 0 2
0 -0.045 -0.435 0 2
0 -0.045 -0.425 0 2
0 -0.045 -0.415 0 2
0 -0.045 -0.405 0 2
0 -0.045 -0.395 0 2
0 -0.045 -0.385 0 2
0 -0.045 -0.375 0 1
0 -0.045 -0.365 0 1
0 -0.045 -0.355 0 1
0 -0.045 -0.345 0 1
0 -0.045 -0.335 0 1
0 -0.045 -0.325 0 1
0 -0.045 -0.315 0 1
0 -0.045 -0.305 0 1
0 -0.045 -0.295 0 2
0 -0.045 -0.285 0 2
0 -0.045 -0.275 0 2
0 -0.045 -0.265 0 2
0 -0.045 -0.255 0 2
0 -0.045 -0.245 0 2
0 -0.045 -0.235 0 2
0 -0.045 -0.225 0 2
0 -0.045 -0.215 0 2
0 -0.045 -0.205 0 2
0 -0.045 -0.195 0 2
0 -0.045 -0.185 0 2
0 -0.045 -0.175 0 2
0 -0.045 -0.165 0 2
0 -0.045 -0.155 0 2
0 -0.045 -0.145 0 2
0 -0.045 -0.135 0 2
0 -0.045 -0.125 0 2
0 -0.045 -0.115 0 2
0 -0.045 -0.105 0 2
0 -0.045 -0.095 0 1
0 -0.045 -0.085 0 1
0 -0.045 -0.075 0 1
0 -0.045 -0.065 0 1
0 -0.045 -0.055 0 1
0 -0.045 -0.045 0 1
0 -0.045 -0.035 0 1
0 -0.045 -0.025 0 1
0 -0.045 -0.015 0 1
0 -0.045 -0.005 0 1
0 -0.045 0.005 0 1
0 -0.045 0.015 0 2
0 -0.045 0.025 0 2
0 -0.045 0.035 0 2
0 -0.045 0.045 0 2
0 -0.045 0.055 0 2
0 -0.045 0.065 0 2
0 -0.045 0.075 0 2
0 -0.045 0.085 0 2
0 -0.045 0.095 0 2
0 -0.045 0.105 0 2
0 -0.045 0.115 0 2
0 -0.045 0.125 0 2
0 -0.045 0.135 0 2
0 -0.045 0.145 0 2
0 -0.045 0.155 0 2
0 -0.045 0.165 0 2
0 -0.045 0.175 0 2
0 -0.045 0.185 0 2
0 -0.045 0.195 0 2
0 -0.045 0.205 0 2
0 -0.045 0.215 0 2
0 -0.045 0.225 0 2
0 -0.045 0.235 0 2
0 -0.045 0.245 0 2
0 -0.045 0.255 0 2
0 -0.045 0.265 0 2
0 -0.045 0.275 0 2
0 -0.045 0.285 0 2
0 -0.045 0.295 0 2
0 -0.045 0.305 0 2
0 -0.045 0.315 0 2
0 -0.045 0.325 0 2
0 -0.045 0.335 0 2
0 -0.045 0.345 0 2
0 -0.045 0.355 0 2
0 -0.045 0.365 0 2
0 -0.045 0.375 0 2
0 -0.045 0.385 0 2
0 -0.045 0.395 0 2
0 -0.045 0.405 0 2
0 -0.045 0.415 0 2
0 -0.045 0.425 0 2
0 -0.045 0.435 0 2
0 -0.045 0.445 0 1
0 -0.045 0.455 0 1
0 -0.045 0.465 0 1
0 -0.045 0.475 0 1
0 -0.045 0.485 0 1
0 -0.045 0.495 0 1
0 -0.045 0.505 0 1
0 -0.045 0.515 0 2
0 -0.045 0.525 0 2
0 -0.045 0.535 0 2
0 -0.045 0.545 0 2
0 -0.045 0.555 0 2
0 -0.045 0.565 0 2
0 -0.035 -0.555 0 2
0 -0.035 -0.545 0 2
0 -0.035 -0.535 0 2
0 -0.035 -0.525 0 2
0 -0.035 -0.515 0 2
0 -0.035 -0.505 0 2
0 -0.035 -0.495 0 2
0 -0.035 -0.485 0 2
0 -0.035 -0.475 0 2
0 -0.035 -0.465 0 2
0 -0.035 -0.455 0 2
0 -0.035 -0.445 0 2
0 -0.035 -0.435 0 2
0 -0.035 -0.425 0 2
0 -0.035 -0.415 0 2
0 -0.035 -0.405 0 2
0 -0.035 -0.395 0 2
0 -0.035 -0.385 0 2
0 -0.035 -0.375 0 1
0 -0.035 -0.365 0 1
0 -0.035 -0.355 0 1
0 -0.035 -0.345 0 1
0 -0.035 -0.335 0 1
0 -0.035 -0.325 0 1
0 -0.035 -0.315 0 1
0 -0.035 -0.305 0 1
0 -0.035 -0.295 0 2
0 -0.035 -0.285 0 2
0 -0.035 -0.275 0 2
0 -0.035 -0.265 0 2
0 -0.035 -0.255 0 2
0 -0.035 -0.245 0 2
0 -0.035 -0.235 0 2
0 -0.035 -0.225 0 2
0 -0.035 -0.215 0 2
0 -0.035 -0.205 0 2
0 -0.035 -0.195 0 2
0 -0.035 -0.185 0 2
0 -0.035 -0.175 0 2
0 -0.035 -0.165 0 2
0 -0.035 -0.155 0 2
0 -0.035 -0.145 0 2
0 -0.035 -0.135 0 2
0 -0.035 -0.125 0 2
0 -0.035 -0.115 0 2
0 -0.035 -0.105 0 2
0 -0.035 -0.095 0 2
0 -0.035 -0.085 0 1
0 -0.035 -0.075 0 1
0 -0.035 -0.065 0 1
0 -0.035 -0.055 0 1
0 -0.035 -0.045 0 1
0 -0.035 -0.035 0 1
0 -0.035 -0.025 0 1
0 -0.035 -0.015 0 1
0 -0.035 -0.005 0 1
0 -0.035 0.005 0 1
0 -0.035 0.015 0 2
0 -0.035 0.025 0 2
0 -0.035 0.035 0 2
0 -0.035 0.045 0 2
0 -0.035 0.055 0 2
0 -0.035 0.065 0 2
0 -0.035 0.075 0 2
0 -0.035 0.085 0 2
0 -0.035 0.095 0 2
0 -0.035 0.105 0 2
0 -0.035 0.115 0 2
0 -0.035 0.125 0 2
0 -0.035 0.135 0 2
0 -0.035 0.145 0 2
0 -0.035 0.155 0 2
0 -0.035 0.165 0 2
0 -0.035 0.175 0 2
0 -0.035 0.185 0 2
0 -0.035 0.195 0 2
0 -0.035 0.205 0 2
0 -0.035 0.215 0 2
0 -0.035 0.225 0 2
0 -0.035 0.235 0 2
0 -0.035 0.245 0 2
0 -0.035 0.255 0 2
0 -0.035 0.265 0 2
0 -0.035 0.275 0 2
0 -0.035 0.285 0 2
0 -0.035 0.295 0 2
0 -0.035 0.305 0 2
0 -0.035 0.315 0 2
0 -0.035 0.325 0 2
0 -0.035 0.335 0 2
0 -0.035 0.345 0 2
0 -0.035 0.355 0 2
0 -0.035 0.365 0 2
0 -0.035 0.375 0 2
0 -0.035 0.385 0 2
0 -0.035 0.395 0 2
0 -0.035 0.405 0 2
0 -0.035 0.415 0 2
0 -0.035 0.425 0 2
0 -0.035 0.435 0 2
0 -0.035 0.445 0 1
0 -0.035 0.455 0 1
0 -0.035 0.465 0 1
0 -0.035 0.475 0 1
0 -0.035 0.485 0 1
0 -0.035 0.495 0 1
0 -0.035 0.505 0 2
0 -0.035 0.515 0 2
0 -0.035 0.525 0 2
0 -0.035 0.535 0 2
0 -0.035 0.545 0 2
0 -0.035 0.555 0 2
0 -0.035 0.565 0 2
0 -0.025 -0.555 0 2
0 -0.025 -0.545 0 2
0 -0.025 -0.535 0 2
0 -0.025 -0.525 0 2
0 -0.025 -0.515 0 2
0 -0.025 -0.505 0 2
0 -0.025 -0.495 0 2
0 -0.025 -0.485 0 2
0 -0.025 -0.475 0 2
0 -0.025 -0.465 0 2
0 -0.025 -0.455 0 2
0 -0.025 -0.445 0 2
0 -0.025 -0.435 0 2
0 -0.025 -0.425 0 2
0 -0.025 -0.415 0 2
0 -0.025 -0.405 0 2
0 -0.025 -0.395 0 2
0 -0.025 -0.385 0 1
0 -0.025 -0.375 0 1
0 -0.025 -0.365 0 1
0 -0.025 -0.355 0 1
0 -0.025 -0.345 0 1
0 -0.025 -0.335 0 1
0 -0.025 -0.325 0 1
0 -0.025 -0.315 0 1
0 -0.025 -0.305 0 1
0 -0.025 -0.295 0 2
0 -0.025 -0.285 0 2
0 -0.025 -0.275 0 2
0 -0.025 -0.265 0 2
0 -0.025 -0.255 0 2
0 -0.025 -0.245 0 2
0 -0.025 -0.235 0 2
0 -0.025 -0.225 0 2
0 -0.025 -0.215 0 2
0 -0.025 -0.205 0 2
0 -0.025 -0.195 0 2
0 -0.025 -0.185 0 2
0 -0.025 -0.175 0 2
0 -0.025 -0.165 0 2
0 -0.025 -0.155 0 2
0 -0.025 -0.145 0 2
0 -0.025 -0.135 0 2
0 -0.025 -0.125 0 2
0 -0.025 -0.115 0 2
0 -0.025 -0.105 0 2
0 -0.025 -0.095 0 2
0 -0.025 -0.085 0 2
0 -0.025 -0.075 0 1
0 -0.025 -0.065 0 1
0 -0.025 -0.055 0 1
0 -0.025 -0.045 0 1
0 -0.025 -0.035 0 1
0 -0.025 -0.025 0 1
0 -0.025 -0.015 0 1
0 -0.025 -0.005 0 2
0 -0.025 0.005 0 2
0 -0.025 0.015 0 2
0 -0.025 0.025 0 2
0 -0.025 0.035 0 2
0 -0.025 0.045 0 2
0 -0.025 0.055 0 2
0 -0.025 0.065 0 2
0 -0.025 0.075 0 2
0 -0.025 0.085 0 2
0 -0.025 0.095 0 2
0 -0.025 0.105 0 2
0 -0.025 0.115 0 2
0 -0.025 0.125 0 2
0 -0.025 0.135 0 2
0 -0.025 0.145 0 2
0 -0.025 0.155 0 2
0 -0.025 0.165 0 2
0 -0.025 0.175 0 2
0 -0.025 0.185 0 2
0 -0.025 0.195 0 2
0 -0.025 0.205 0 2
0 -0.025 0.215 0 2
0 -0.025 0.225 0 2
0 -0.025 0.235 0 2
0 -0.025 0.245 0 2
0 -0.025 0.255 0 2
0 -0.025 0.265 0 2
0 -0.025 0.275 0 2
0 -0.025 0.285 0 2
0 -0.025 0.295 0 2
0 -0.025 0.305 0 2
0 -0.025 0.315 0 2
0 -0.025 0.325 0 2
0 -0.025 0.335 0 2
0 -0.025 0.345 0 2
0 -0.025 0.355 0 2
0 -0.025 0.365 0 2
0 -0.025 0.375 0 2
0 -0.025 0.385 0 2
0 -0.025 0.395 0 2
0 -0.025 0.405 0 2
0 -0.025 0.415 0 2
0 -0.025 0.425 0 2
0 -0.025 0.435 0 2
0 -0.025 0.445 0 1
0 -0.025 0.455 0 1
0 -0.025 0.465 0 1
0 -0.025 0.475 0 1
0 -0.025 0.485 0 1
0 -0.025 0.495 0 1
0 -0.025 0.505 0 2
0 -0.025 0.515 0 2
0 -0.025 0.525 0 2
0 -0.025 0.535 0 2
0 -0.025 0.545 0 2
0 -0.025 0.555 0 2
0 -0.025 0.565 0 2
0 -0.015 -0.555 0 2
0 -0.015 -0.545 0 2
0 -0.015 -0.535 0 2
0 -0.015 -0.525 0 2
0 -0.015 -0.515 0 2
0 -0.015 -0.505 0 2
0 -0.015 -0.495 0 2
0 -0.015 -0.485 0 2
0 -0.015 -0.475 0 2
0 -0.015 -0.465 0 2
0 -0.015 -0.455 0 2
0 -0.015 -0.445 0 2
0 -0.015 -0.435 0 2
0 -0.015 -0.425 0 2
0 -0.015 -0.415 0 2
0 -0.015 -0.405 0 2
0 -0.015 -0.395 0 2
0 -0.015 -0.385 0 1
0 -0.015 -0.375 0 1
0 -0.015 -0.365 0 1
0 -0.015 -0.355 0 1
0 -0.015 -0.345 0 1
0 -0.015 -0.335 0 1
0 -0.015 -0.325 0 1
0 -0.015 -0.315 0 1
0 -0.015 -0.305 0 1
0 -0.015 -0.295 0 2
0 -0.015 -0.285 0 2
0 -0.015 -0.275 0 2
0 -0.015 -0.265 0 2
0 -0.015 -0.255 0 2
0 -0.015 -0.245 0 2
0 -0.015 -0.235 0 2
0 -0.015 -0.225 0 2
0 -0.015 -0.215 0 2
0 -0.015 -0.205 0 2
0 -0.015 -0.195 0 2
0 -0.015 -0.185 0 2
0 -0.015 -0.175 0 2
0 -0.015 -0.165 0 2
0 -0.015 -0.155 0 2
0 -0.015 -0.145 0 2
0 -0.015 -0.135 0 2
0 -0.015 -0.125 0 2
0 -0.015 -0.115 0 2
0 -0.015 -0.105 0 2
0 -0.015 -0.095 0 2
0 -0.015 -0.085 0 2
0 -0.015 -0.075 0 2
0 -0.015 -0.065 0 2
0 -0.015 -0.055 0 2
0 -0.015 -0.045 0 2
0 -0.015 -0.035 0 2
0 -0.015 -0.025 0 2
0 -0.015 -0.015 0 2
0 -0.015 -0.005 0 2
0 -0.015 0.005 0 2
0 -0.015 0.015 0 2
0 -0.015 0.025 0 2
0 -0.015 0.035 0 2
0 -0.015 0.045 0 2
0 -0.015 0.055 0 2
0 -0.015 0.065 0 2
0 -0.015 0.075 0 2
0 -0.015 0.085 0 2
0 -0.015 0.095 0 2
0 -0.015 0.105 0 2
0 -0.015 0.115 0 2
0 -0.015 0.125 0 2
0 -0.015 0.135 0 2
0 -0.015 0.145 0 2
0 -0.015 0.155 0 2
0 -0.015 0.165 0 2
0 -0.015 0.175 0 2
0 -0.015 0.185 0 2
0 -0.015 0.195 0 2
0 -0.015 0.205 0 2
0 -0.015 0.215 0 2
0 -0.015 0.225 0 2
0 -0.015 0.235 0 2
0 -0.015 0.245 0 2
0 -0.015 0.255 0 2
0 -0.015 0.265 0 2
0 -0.015 0.275 0 2
0 -0.015 0.285 0 2
0 -0.015 0.295 0 2
0 -0.015 0.305 0 2
0 -0.015 0.315 0 2
0 -0.015 0.325 0 2
0 -0.015 0.335 0 2
0 -0.015 0.345 0 2
0 -0.015 0.355 0 2
0 -0.015 0.365 0 2
0 -0.015 0.375 0 2
0 -0.015 0.385 0 2
0 -0.015 0.395 0 2
0 -0.015 0.405 0 2
0 -0.015 0.415 0 2
0 -0.015 0.425 0 2
0 -0.015 0.435 0 2
0 -0.015 0.445 0 2
0 -0.015 0.455 0 1
0 -0.015 0.465 0 1
0 -0.015 0.475 0 1
0 -0.015 0.485 0 1
0 -0.015 0.495 0 2
0 -0.015 0.505 0 2
0 -0.015 0.515 0 2
0 -0.015 0.525 0 2
0 -0.015 0.535 0 2
0 -0.015 0.545 0 2
0 -0.015 0.555 0 2
0 -0.015 0.565 0 2
0 -0.005 -0.555 0 2
0 -0.005 -0.545 0 2
0 -0.005 -0.535 0 2
0 -0.005 -0.525 0 2
0 -0.005 -0.515 0 2
0 -0.005 -0.505 0 2
0 -0.005 -0.495 0 2
0 -0.005 -0.485 0 2
0 -0.005 -0.475 0 2
0 -0.005 -0.465 0 2
0 -0.005 -0.455 0 2
0 -0.005 -0.445 0 2
0 -0.005 -0.435 0 2
0 -0.005 -0.425 0 2
0 -0.005 -0.415 0 2
0 -0.005 -0.405 0 2
0 -0.005 -0.395 0 2
0 -0.005 -0.385 0 1
0 -0.005 -0.375 0 1
0 -0.005 -0.365 0 1
0 -0.005 -0.355 0 1
0 -0.005 -0.345 0 1
0 -0.005 -0.335 0 1
0 -0.005 -0.325 0 1
0 -0.005 -0.315 0 1
0 -0.005 -0.305 0 2
0 -0.005 -0.295 0 2
0 -0.005 -0.285 0 2
0 -0.005 -0.275 0 2
0 -0.005 -0.265 0 2
0 -0.005 -0.255 0 2
0 -0.005 -0.245 0 2
0 -0.005 -0.235 0 2
0 -0.005 -0.225 0 2
0 -0.005 -0.215 0 2
0 -0.005 -0.205 0 2
0 -0.005 -0.195 0 2
0 -0.005 -0.185 0 2
0 -0.005 -0.175 0 2
0 -0.005 -0.165 0 2
0 -0.005 -0.155 0 2
0 -0.005 -0.145 0 2
0 -0.005 -0.135 0 2
0 -0.005 -0.125 0 2
0 -0.005 -0.115 0 2
0 -0.005 -0.105 0 2
0 -0.005 -0.095 0 2
0 -0.005 -0.085 0 2
0 -0.005 -0.075 0 2
0 -0.005 -0.065 0 2
0 -0.005 -0.055 0 2
0 -0.005 -0.045 0 2
0 -0.005 -0.035 0 2
0 -0.005 -0.025 0 2
0 -0.005 -0.015 0 2
0 -0.005 -0.005 0 2
0 -0.005 0.005 0 2
0 -0.005 0.015 0 2
0 -0.005 0.025 0 2
0 -0.005 0.035 0 2
0 -0.005 0.045 0 2
0 -0.005 0.055 0 2
0 -0.005 0.065 0 2
0 -0.005 0.075 0 2
0 -0.005 0.085 0 2
0 -0.005 0.095 0 2
0 -0.005 0.105 0 2
0 -0.005 0.115 0 2
0 -0.005 0.125 0 2
0 -0.005 0.135 0 2
0 -0.005 0.145 0 2
0 -0.005 0.155 0 2
0 -0.005 0.165 0 2
0 -0.005 0.175 0 2
0 -0.005 0.185 0 2
0 -0.005 0.195 0 2
0 -0.005 0.205 0 2
0 -0.005 0.215 0 1
0 -0.005 0.225 0 1
0 -0.005 0.235 0 1
0 -0.005 0.245 0 1
0 -0.005 0.255 0 1
0 -0.005 0.265 0 2
0 -0.005 0.275 0 2
0 -0.005 0.285 0 2
0 -0.005 0.295 0 2
0 -0.005 0.305 0 2
0 -0.005 0.315 0 2
0 -0.005 0.325 0 2
0 -0.005 0.335 0 2
0 -0.005 0.345 0 2
0 -0.005 0.355 0 2
0 -0.005 0.365 0 2
0 -0.005 0.375 0 2
0 -0.005 0.385 0 2
0 -0.005 0.395 0 2
0 -0.005 0.405 0 2
0 -0.005 0.415 0 2
0 -0.005 0.425 0 2
0 -0.005 0.435 0 2
0 -0.005 0.445 0 2
0 -0.005 0.455 0 2
0 -0.005 0.465 0 2
0 -0.005 0.475 0 2
0 -0.005 0.485 0 2
0 -0.005 0.495 0 2
0 -0.005 0.505 0 2
0 -0.005 0.515 0 2
0 -0.005 0.525 0 2
0 -0.005 0.535 0 2
0 -0.005 0.545 0 2
0 -0.005 0.555 0 2
0 -0.005 0.565 0 2
0 0.005 -0.555 0 2
0 0.005 -0.545 0 2
0 0.005 -0.535 0 2
0 0.005 -0.525 0 2
0 0.005 -0.515 0 2
0 0.005 -0.505 0 2
0 0.005 -0.495 -0.09559974099 2
0 0.005 -0.485 -0.1252145048 2
0 0.005 -0.475 -0.1547180893 2
0 0.005 -0.465 -0.1840842979 2
0 0.005 -0.455 -0.2132870559 2
0 0.005 -0.445 -0.242300434 2
0 0.005 -0.435 -0.2710986709 2
0 0.005 -0.425 -0.2996561961 2
0 0.005 -0.415 -0.3279476533 2
0 0.005 -0.405 -0.3559479221 2
0 0.005 -0.395 -0.3836321407 2
0 0.005 -0.385 -0.4109757281 1
0 0.005 -0.375 -0.4379544055 1
0 0.005 -0.365 -0.4645442183 1
0 0.005 -0.355 -0.4907215571 1
0 0.005 -0.345 -0.5164631787 1
0 0.005 -0.335 -0.5417462269 1
0 0.005 -0.325 -0.5665482525 1
0 0.005 -0.315 -0.5908472336 2
0 0.005 -0.305 -0.6146215948 2
0 0.005 -0.295 -0.6378502266 2
0 0.005 -0.285 -0.6605125041 2
0 0.005 -0.275 -0.6825883051 2
0 0.005 -0.265 -0.7040580283 2
0 0.005 -0.255 -0.7249026105 2
0 0.005 -0.245 -0.7451035435 2
0 0.005 -0.235 -0.7646428908 2
0 0.005 -0.225 -0.7835033031 2
0 0.005 -0.215 -0.801668034 2
0 0.005 -0.205 -0.8191209549 2
0 0.005 -0.195 -0.8358465692 2
0 0.005 -0.185 -0.8518300259 2
0 0.005 -0.175 -0.8670571331 2
0 0.005 -0.165 -0.8815143707 2
0 0.005 -0.155 -0.8951889017 2
0 0.005 -0.145 -0.9080685845 2
0 0.005 -0.135 -0.9201419831 2
0 0.005 -0.125 -0.9313983772 2
0 0.005 -0.115 -0.9418277724 2
0 0.005 -0.105 -0.951420908 2
0 0.005 -0.095 -0.9601692665 2
0 0.005 -0.085 -0.9680650798 2
0 0.005 -0.075 -0.9751013374 2
0 0.005 -0.065 -0.9812717915 2
0 0.005 -0.055 -0.9865709634 2
0 0.005 -0.045 -0.9909941479 2
0 0.005 -0.035 -0.9945374177 2
0 0.005 -0.025 -0.9971976265 2
0 0.005 -0.015 -0.9989724123 2
0 0.005 -0.005 -0.9998601994 2
0 0.005 0.005 -0.9998601994 2
0 0.005 0.015 -0.9989724123 2
0 0.005 0.025 -0.9971976265 2
0 0.005 0.035 -0.9945374177 2
0 0.005 0.045 -0.9909941479 2
0 0.005 0.055 -0.9865709634 2
0 0.005 0.065 -0.9812717915 2
0 0.005 0.075 -0.9751013374 2
0 0.005 0.085 -0.9680650798 2
0 0.005 0.095 -0.9601692665 2
0 0.005 0.105 -0.951420908 2
0 0.005 0.115 -0.9418277724 2
0 0.005 0.125 -0.9313983772 2
0 0.005 0.135 -0.9201419831 2
0 0.005 0.145 -0.9080685845 2
0 0.005 0.155 -0.8951889017 2
0 0.005 0.165 -0.8815143707 2
0 0.005 0.175 -0.8670571331 2
0 0.005 0.185 -0.8518300259 2
0 0.005 0.195 -0.8358465692 1
0 0.005 0.205 -0.8191209549 1
0 0.005 0.215 -0.801668034 1
0 0.005 0.225 -0.7835033031 1
0 0.005 0.235 -0.7646428908 1
0 0.005 0.245 -0.7451035435 1
0 0.005 0.255 -0.7249026105 1
0 0.005 0.265 -0.7040580283 1
0 0.005 0.275 -0.6825883051 2
0 0.005 0.285 -0.6605125041 2
0 0.005 0.295 -0.6378502266 2
0 0.005 0.305 -0.6146215948 2
0 0.005 0.315 -0.5908472336 2
0 0.005 0.325 -0.5665482525 2
0 0.005 0.335 -0.5417462269 2
0 0.005 0.345 -0.5164631787 2
0 0.005 0.355 -0.4907215571 2
0 0.005 0.365 -0.4645442183 2
0 0.005 0.375 -0.4379544055 2
0 0.005 0.385 -0.4109757281 2
0 0.005 0.395 -0.3836321407 2
0 0.005 0.405 -0.3559479221 2
0 0.005 0.415 -0.3279476533 2
0 0.005 0.425 -0.2996561961 2
0 0.005 0.435 -0.2710986709 2
0 0.005 0.445 -0.242300434 2
0 0.005 0.455 -0.2132870559 2
0 0.005 0.465 -0.1840842979 2
0 0.005 0.475 -0.1547180893 2
0 0.005 0.485 -0.1252145048 2
0 0.005 0.495 -0.09559974099 2
0 0.005 0.505 0 2
0 0.005 0.515 0 2
0 0.005 0.525 0 2
0 0.005 0.535 0 2
0 0.005 0.545 0 2
0 0.005 0.555 0 2
0 0.005 0.565 0 2
0 0.015 -0.555 0 2
0 0.015 -0.545 0 2
0 0.015 -0.535 0 2
0 0.015 -0.525 0 2
0 0.015 -0.515 0 2
0 0.015 -0.505 0 2
0 0.015 -0.495 -0.09557770844 2
0 0.015 -0.485 -0.1251856471 2
0 0.015 -0.475 -0.154682432 2
0 0.015 -0.465 -0.1840418726 2
0 0.015 -0.455 -0.2132379004 2
0 0.015 -0.445 -0.2422445919 2
0 0.015 -0.435 -0.2710361917 2
0 0.015 -0.425 -0.2995871354 2
0 0.015 -0.415 -0.3278720723 2
0 0.015 -0.405 -0.355865888 2
0 0.015 -0.395 -0.3835437263 2
0 0.015 -0.385 -0.4108810119 2
0 0.015 -0.375 -0.4378534716 1
0 0.015 -0.365 -0.4644371564 1
0 0.015 -0.355 -0.4906084621 1
0 0.015 -0.345 -0.5163441512 1
0 0.015 -0.335 -0.5416213724 1
0 0.015 -0.325 -0.566417682 2
0 0.015 -0.315 -0.590711063 2
0 0.015 -0.305 -0.614479945 2
0 0.015 -0.295 -0.6377032234 2
0 0.015 -0.285 -0.660360278 2
0 0.015 -0.275 -0.6824309912 2
0 0.015 -0.265 -0.7038957664 2
0 0.015 -0.255 -0.7247355446 2
0 0.015 -0.245 -0.744931822 2
0 0.015 -0.235 -0.7644666661 2
0 0.015 -0.225 -0.7833227317 2
0 0.015 -0.215 -0.8014832763 2
0 0.015 -0.205 -0.8189321748 2
0 0.015 -0.195 -0.8356539344 2
0 0.015 -0.185 -0.8516337074 2
0 0.015 -0.175 -0.8668573054 2
0 0.015 -0.165 -0.881311211 2
0 0.015 -0.155 -0.8949825905 2
0 0.015 -0.145 -0.907859305 2
0 0.015 -0.135 -0.919929921 2
0 0.015 -0.125 -0.931183721 2
0 0.015 -0.115 -0.9416107124 2
0 0.015 -0.105 -0.9512016372 2
0 0.015 -0.095 -0.9599479794 2
0 0.015 -0.085 -0.9678419731 2
0 0.015 -0.075 -0.974876609 2
0 0.015 -0.065 -0.9810456411 2
0 0.015 -0.055 -0.9863435917 2
0 0.015 -0.045 -0.9907657568 2
0 0.015 -0.035 -0.9943082099 2
0 0.015 -0.025 -0.9969678056 2
0 0.015 -0.015 -0.9987421825 2
0 0.015 -0.005 -0.9996297649 2
0 0.015 0.005 -0.9996297649 2
0 0.015 0.015 -0.9987421825 2
0 0.015 0.025 -0.9969678056 2
0 0.015 0.035 -0.9943082099 2
0 0.015 0.045 -0.9907657568 2
0 0.015 0.055 -0.9863435917 2
0 0.015 0.065 -0.9810456411 2
0 0.015 0.075 -0.974876609 2
0 0.015 0.085 -0.9678419731 2
0 0.015 0.095 -0.9599479794 2
0 0.015 0.105 -0.9512016372 2
0 0.015 0.115 -0.9416107124 2
0 0.015 0.125 -0.931183721 2
0 0.015 0.135 -0.919929921 2
0 0.015 0.145 -0.907859305 2
0 0.015 0.155 -0.8949825905 2
0 0.015 0.165 -0.881311211 2
0 0.015 0.175 -0.8668573054 2
0 0.015 0.185 -0.8516337074 1
0 0.015 0.195 -0.8356539344 1
0 0.015 0.205 -0.8189321748 1
0 0.015 0.215 -0.8014832763 1
0 0.015 0.225 -0.7833227317 1
0 0.015 0.235 -0.7644666661 1
0 0.015 0.245 -0.744931822 1
0 0.015 0.255 -0.7247355446 1
0 0.015 0.265 -0.7038957664 1
0 0.015 0.275 -0.6824309912 2
0 0.015 0.285 -0.660360278 2
0 0.015 0.295 -0.6377032234 2
0 0.015 0.305 -0.614479945 2
0 0.015 0.315 -0.590711063 2
0 0.015 0.325 -0.566417682 2
0 0.015 0.335 -0.5416213724 2
0 0.015 0.345 -0.5163441512 2
0 0.015 0.355 -0.4906084621 2
0 0.015 0.365 -0.4644371564 2
0 0.015 0.375 -0.4378534716 2
0 0.015 0.385 -0.4108810119 2
0 0.015 0.395 -0.3835437263 2
0 0.015 0.405 -0.355865888 2
0 0.015 0.415 -0.3278720723 2
0 0.015 0.425 -0.2995871354 2
0 0.015 0.435 -0.2710361917 2
0 0.015 0.445 -0.2422445919 2
0 0.015 0.455 -0.2132379004 2
0 0.015 0.465 -0.1840418726 2
0 0.015 0.475 -0.154682432 2
0 0.015 0.485 -0.1251856471 2
0 0.015 0.495 -0.09557770844 2
0 0.015 0.505 0 2
0 0.015 0.515 0 2
0 0.015 0.525 0 2
0 0.015 0.535 0 2
0 0.015 0.545 0 2
0 0.015 0.555 0 2
0 0.015 0.565 0 2
0 0.025 -0.555 0 2
0 0.025 -0.545 0 2
0 0.025 -0.535 0 2
0 0.025 -0.525 0 2
0 0.025 -0.515 0 2
0 0.025 -0.505 0 2
0 0.025 -0.495 -0.09553364841 2
0 0.025 -0.485 -0.1251279382 2
0 0.025 -0.475 -0.1546111255 2
0 0.025 -0.465 -0.1839570318 2
0 0.025 -0.455 -0.2131396006 2
0 0.025 -0.445 -0.2421329204 2
0 0.025 -0.435 -0.2709112476 2
0 0.025 -0.425 -0.2994490298 2
0 0.025 -0.415 -0.3277209277 2
0 0.025 -0.405 -0.3557018386 2
0 0.025 -0.395 -0.3833669179 2
0 0.025 -0.385 -0.4106916013 2
0 0.025 -0.375 -0.4376516271 1
0 0.025 -0.365 -0.4642230571 1
0 0.025 -0.355 -0.4903822983 1
0 0.025 -0.345 -0.5161061235 1
0 0.025 -0.335 -0.5413716923 2
0 0.025 -0.325 -0.5661565711 2
0 0.025 -0.315 -0.5904387532 2
0 0.025 -0.305 -0.6141966781 2
0 0.025 -0.295 -0.6374092509 2
0 0.025 -0.285 -0.6600558608 2
0 0.025 -0.275 -0.6821163998 2
0 0.025 -0.265 -0.70357128 2
0 0.025 -0.255 -0.7244014513 2
0 0.025 -0.245 -0.7445884185 2
0 0.025 -0.235 -0.7641142573 2
0 0.025 -0.225 -0.7829616305 2
0 0.025 -0.215 -0.8011138033 2
0 0.025 -0.205 -0.8185546582 2
0 0.025 -0.195 -0.8352687092 2
0 0.025 -0.185 -0.8512411158 2
0 0.025 -0.175 -0.8664576959 2
0 0.025 -0.165 -0.8809049385 2
0 0.025 -0.155 -0.8945700157 2
0 0.025 -0.145 -0.9074407941 2
0 0.025 -0.135 -0.9195058458 2
0 0.025 -0.125 -0.9307544579 2
0 0.025 -0.115 -0.9411766427 2
0 0.025 -0.105 -0.9507631462 2
0 0.025 -0.095 -0.9595054564 2
0 0.025 -0.085 -0.967395811 2
0 0.025 -0.075 -0.9744272041 2
0 0.025 -0.065 -0.9805933923 2
0 0.025 -0.055 -0.9858889007 2
0 0.025 -0.045 -0.9903090272 2
0 0.025 -0.035 -0.9938498473 2
0 0.025 -0.025 -0.996508217 2
0 0.025 -0.015 -0.9982817759 2
0 0.025 -0.005 -0.9991689492 2
0 0.025 0.005 -0.9991689492 2
0 0.025 0.015 -0.9982817759 2
0 0.025 0.025 -0.996508217 2
0 0.025 0.035 -0.9938498473 2
0 0.025 0.045 -0.9903090272 2
0 0.025 0.055 -0.9858889007 2
0 0.025 0.065 -0.9805933923 2
0 0.025 0.075 -0.9744272041 2
0 0.025 0.085 -0.967395811 2
0 0.025 0.095 -0.9595054564 2
0 0.025 0.105 -0.9507631462 2
0 0.025 0.115 -0.9411766427 2
0 0.025 0.125 -0.9307544579 2
0 0.025 0.135 -0.9195058458 2
0 0.025 0.145 -0.9074407941 2
0 0.025 0.155 -0.8945700157 2
0 0.025 0.165 -0.8809049385 2
0 0.025 0.175 -0.8664576959 1
0 0.025 0.185 -0.8512411158 1
0 0.025 0.195 -0.8352687092 1
0 0.025 0.205 -0.8185546582 1
0 0.025 0.215 -0.8011138033 1
0 0.025 0.225 -0.7829616305 1
0 0.025 0.235 -0.7641142573 1
0 0.025 0.245 -0.7445884185 1
0 0.025 0.255 -0.7244014513 1
0 0.025 0.265 -0.70357128 1
0 0.025 0.275 -0.6821163998 2
0 0.025 0.285 -0.6600558608 2
0 0.025 0.295 -0.6374092509 2
0 0.025 0.305 -0.6141966781 2
0 0.025 0.315 -0.5904387532 2
0 0.025 0.325 -0.5661565711 2
0 0.025 0.335 -0.5413716923 2
0 0.025 0.345 -0.5161061235 2
0 0.025 0.355 -0.4903822983 2
0 0.025 0.365 -0.4642230571 2
0 0.025 0.375 -0.4376516271 2
0 0.025 0.385 -0.4106916013 2
0 0.025 0.395 -0.3833669179 2
0 0.025 0.405 -0.3557018386 2
0 0.025 0.415 -0.3277209277 2
0 0.025 0.425 -0.2994490298 2
0 0.025 0.435 -0.2709112476 2
0 0.025 0.445 -0.2421329204 2
0 0.025 0.455 -0.2131396006 2
0 0.025 0.465 -0.1839570318 2
0 0.025 0.475 -0.1546111255 2
0 0.025 0.485 -0.1251279382 2
0 0.025 0.495 -0.09553364841 2
0 0.025 0.505 0 2
0 0.025 0.515 0 2
0 0.025 0.525 0 2
0 0.025 0.535 0 2
0 0.025 0.545 0 2
0 0.025 0.555 0 2
0 0.025 0.565 0 2
0 0.035 -0.555 0 2
0 0.035 -0.545 0 2
0 0.035 -0.535 0 2
0 0.035 -0.525 0 2
0 0.035 -0.515 0 2
0 0.035 -0.505 0 2
0 0.035 -0.495 -0.09546757106 2
0 0.035 -0.485 -0.1250413915 2
0 0.035 -0.475 -0.1545041862 2
0 0.035 -0.465 -0.183829795 2
0 0.035 -0.455 -0.2129921792 2
0 0.035 -0.445 -0.2419654453 2
0 0.035 -0.435 -0.2707238676 2
0 0.035 -0.425 -0.2992419111 2
0 0.035 -0.415 -0.3274942544 2
0 0.035 -0.405 -0.3554558118 2
0 0.035 -0.395 -0.3831017561 2
0 0.035 -0.385 -0.41040754 1
0 0.035 -0.375 -0.4373489185 1
0 0.035 -0.365 -0.4639019699 1
0 0.035 -0.355 -0.4900431176 2
0 0.035 -0.345 -0.5157491506 2
0 0.035 -0.335 -0.5409972441 2
0 0.035 -0.325 -0.56576498 2
0 0.035 -0.315 -0.5900303669 2
0 0.035 -0.305 -0.6137718593 2
0 0.035 -0.295 -0.6369683767 2
0 0.035 -0.285 -0.6595993228 2
0 0.035 -0.275 -0.6816446032 2
0 0.035 -0.265 -0.7030846438 2
0 0.035 -0.255 -0.7239004077 2
0 0.035 -0.245 -0.7440734122 2
0 0.035 -0.235 -0.7635857457 2
0 0.035 -0.225 -0.7824200828 2
0 0.035 -0.215 -0.8005597004 2
0 0.035 -0.205 -0.817988492 2
0 0.035 -0.195 -0.8346909825 2
0 0.035 -0.185 -0.8506523415 2
0 0.035 -0.175 -0.8658583968 2
0 0.035 -0.165 -0.8802956467 2
0 0.035 -0.155 -0.8939512722 2
0 0.035 -0.145 -0.9068131484 2
0 0.035 -0.135 -0.9188698551 2
0 0.035 -0.125 -0.9301106869 2
0 0.035 -0.115 -0.940525663 2
0 0.035 -0.105 -0.9501055359 2
0 0.035 -0.095 -0.9588417994 2
0 0.035 -0.085 -0.9667266965 2
0 0.035 -0.075 -0.9737532262 2
0 0.035 -0.065 -0.9799151494 2
0 0.035 -0.055 -0.9852069951 2
0 0.035 -0.045 -0.9896240644 2
0 0.035 -0.035 -0.9931624354 2
0 0.035 -0.025 -0.9958189664 2
0 0.035 -0.015 -0.9975912986 2
0 0.035 -0.005 -0.9984778582 2
0 0.035 0.005 -0.9984778582 2
0 0.035 0.015 -0.9975912986 2
0 0.035 0.025 -0.9958189664 2
0 0.035 0.035 -0.9931624354 2
0 0.035 0.045 -0.9896240644 2
0 0.035 0.055 -0.9852069951 2
0 0.035 0.065 -0.9799151494 2
0 0.035 0.075 -0.9737532262 2
0 0.035 0.085 -0.9667266965 2
0 0.035 0.095 -0.9588417994 2
0 0.035 0.105 -0.9501055359 2
0 0.035 0.115 -0.940525663 2
0 0.035 0.125 -0.9301106869 2
0 0.035 0.135 -0.9188698551 2
0 0.035 0.145 -0.9068131484 2
0 0.035 0.155 -0.8939512722 2
0 0.035 0.165 -0.8802956467 2
0 0.035 0.175 -0.8658583968 1
0 0.035 0.185 -0.8506523415 1
0 0.035 0.195 -0.8346909825 1
0 0.035 0.205 -0.817988492 1
0 0.035 0.215 -0.8005597004 1
0 0.035 0.225 -0.7824200828 1
0 0.035 0.235 -0.7635857457 1
0 0.035 0.245 -0.7440734122 1
0 0.035 0.255 -0.7239004077 1
0 0.035 0.265 -0.7030846438 2
0 0.035 0.275 -0.6816446032 2
0 0.035 0.285 -0.6595993228 2
0 0.035 0.295 -0.6369683767 2
0 0.035 0.305 -0.6137718593 2
0 0.035 0.315 -0.5900303669 2
0 0.035 0.325 -0.56576498 2
0 0.035 0.335 -0.5409972441 2
0 0.035 0.345 -0.5157491506 2
0 0.035 0.355 -0.4900431176 2
0 0.035 0.365 -0.4639019699 2
0 0.035 0.375 -0.4373489185 2
0 0.035 0.385 -0.41040754 2
0 0.035 0.395 -0.3831017561 2
0 0.035 0.405 -0.3554558118 2
0 0.035 0.415 -0.3274942544 2
0 0.035 0.425 -0.2992419111 2
0 0.035 0.435 -0.2707238676 2
0 0.035 0.445 -0.2419654453 2
0 0.035 0.455 -0.2129921792 2
0 0.035 0.465 -0.183829795 2
0 0.035 0.475 -0.1545041862 2
0 0.035 0.485 -0.1250413915 2
0 0.035 0.495 -0.09546757106 2
0 0.035 0.505 0 2
0 0.035 0.515 0 2
0 0.035 0.525 0 2
0 0.035 0.535 0 2
0 0.035 0.545 0 2
0 0.035 0.555 0 2
0 0.035 0.565 0 2
0 0.045 -0.555 0 2
0 0.045 -0.545 0 2
0 0.045 -0.535 0 2
0 0.045 -0.525 0 2
0 0.045 -0.515 0 2
0 0.045 -0.505 0 2
0 0.045 -0.495 -0.09537949161 2
0 0.045 -0.485 -0.1249260269 2
0 0.045 -0.475 -0.154361639 2
0 0.045 -0.465 -0.1836601916 2
0 0.045 -0.455 -0.2127956703 2
0 0.045 -0.445 -0.2417422053 2
0 0.045 -0.435 -0.2704740948 2
0 0.045 -0.425 -0.2989658272 2
0 0.045 -0.415 -0.3271921045 2
0 0.045 -0.405 -0.3551278643 2
0 0.045 -0.395 -0.3827483021 1
0 0.045 -0.385 -0.4100288934 1
0 0.045 -0.375 -0.4369454155 1
0 0.045 -0.365 -0.4634739688 1
0 0.045 -0.355 -0.4895909984 1
0 0.045 -0.345 -0.5152733147 1
0 0.045 -0.335 -0.540498114 2
0 0.045 -0.325 -0.565242999 2
0 0.045 -0.315 -0.5894859984 2
0 0.045 -0.305 -0.6132055865 2
0 0.045 -0.295 -0.6363807026 2
0 0.045 -0.285 -0.6589907691 2
0 0.045 -0.275 -0.6810157103 2
0 0.045 -0.265 -0.7024359701 2
0 0.045 -0.255 -0.7232325291 2
0 0.045 -0.245 -0.7433869218 2
0 0.045 -0.235 -0.762881253 2
0 0.045 -0.225 -0.7816982133 2
0 0.045 -0.215 -0.7998210951 2
0 0.045 -0.205 -0.8172338067 2
0 0.045 -0.195 -0.8339208873 2
0 0.045 -0.185 -0.8498675202 2
0 0.045 -0.175 -0.8650595462 2
0 0.045 -0.165 -0.8794834761 2
0 0.045 -0.155 -0.8931265028 2
0 0.045 -0.145 -0.9059765125 2
0 0.045 -0.135 -0.9180220955 2
0 0.045 -0.125 -0.9292525564 2
0 0.045 -0.115 -0.9396579236 2
0 0.045 -0.105 -0.9492289579 2
0 0.045 -0.095 -0.9579571612 2
0 0.045 -0.085 -0.9658347837 2
0 0.045 -0.075 -0.9728548306 2
0 0.045 -0.065 -0.9790110688 2
0 0.045 -0.055 -0.9842980321 2
0 0.045 -0.045 -0.9887110262 2
0 0.045 -0.035 -0.9922461327 2
0 0.045 -0.025 -0.9949002127 2
0 0.045 -0.015 -0.9966709097 2
0 0.045 -0.005 -0.9975566514 2
0 0.045 0.005 -0.9975566514 2
0 0.045 0.015 -0.9966709097 2
0 0.045 0.025 -0.9949002127 2
0 0.045 0.035 -0.9922461327 2
0 0.045 0.045 -0.9887110262 2
0 0.045 0.055 -0.9842980321 2
0 0.045 0.065 -0.9790110688 2
0 0.045 0.075 -0.9728548306 2
0 0.045 0.085 -0.9658347837 2
0 0.045 0.095 -0.9579571612 2
0 0.045 0.105 -0.9492289579 2
0 0.045 0.115 -0.9396579236 2
0 0.045 0.125 -0.9292525564 2
0 0.045 0.135 -0.9180220955 2
0 0.045 0.145 -0.9059765125 2
0 0.045 0.155 -0.8931265028 2
0 0.045 0.165 -0.8794834761 1
0 0.045 0.175 -0.8650595462 1
0 0.045 0.185 -0.8498675202 1
0 0.045 0.195 -0.8339208873 1
0 0.045 0.205 -0.8172338067 1
0 0.045 0.215 -0.7998210951 1
0 0.045 0.225 -0.7816982133 1
0 0.045 0.235 -0.762881253 1
0 0.045 0.245 -0.7433869218 1
0 0.045 0.255 -0.7232325291 1
0 0.045 0.265 -0.7024359701 2
0 0.045 0.275 -0.6810157103 2
0 0.045 0.285 -0.6589907691 2
0 0.045 0.295 -0.6363807026 2
0 0.045 0.305 -0.6132055865 2
0 0.045 0.315 -0.5894859984 2
0 0.045 0.325 -0.565242999 2
0 0.045 0.335 -0.540498114 2
0 0.045 0.345 -0.5152733147 2
0 0.045 0.355 -0.4895909984 2
0 0.045 0.365 -0.4634739688 2
0 0.045 0.375 -0.4369454155 2
0 0.045 0.385 -0.4100288934 2
0 0.045 0.395 -0.3827483021 2
0 0.045 0.405 -0.3551278643 2
0 0.045 0.415 -0.3271921045 2
0 0.045 0.425 -0.2989658272 2
0 0.045 0.435 -0.2704740948 2
0 0.045 0.445 -0.2417422053 2
0 0.045 0.455 -0.2127956703 2
0 0.045 0.465 -0.1836601916 2
0 0.045 0.475 -0.154361639 2
0 0.045 0.485 -0.1249260269 2
0 0.045 0.495 -0.09537949161 2
0 0.045 0.505 0 2
0 0.045 0.515 0 2
0 0.045 0.525 0 2
0 0.045 0.535 0 2
0 0.045 0.545 0 2
0 0.045 0.555 0 2
0 0.045 0.565 0 2
0 0.055 -0.555 0 2
0 0.055 -0.545 0 2
0 0.055 -0.535 0 2
0 0.055 -0.525 0 2
0 0.055 -0.515 0 2
0 0.055 -0.505 0 2
0 0.055 -0.495 -0.09526943037 2
0 0.055 -0.485 -0.124781871 2
0 0.055 -0.475 -0.1541835165 2
0 0.055 -0.465 -0.1834482606 2
0 0.055 -0.455 -0.212550119 2
0 0.055 -0.445 -0.2414632518 2
0 0.055 -0.435 -0.2701619866 2
0 0.055 -0.425 -0.2986208416 2
0 0.055 -0.415 -0.3268145478 2
0 0.055 -0.405 -0.3547180717 2
0 0.055 -0.395 -0.3823066375 1
0 0.055 -0.385 -0.4095557489 1
0 0.055 -0.375 -0.4364412112 1
0 0.055 -0.365 -0.4629391524 1
0 0.055 -0.355 -0.4890260448 1
0 0.055 -0.345 -0.5146787254 1
0 0.055 -0.335 -0.5398744171 1
0 0.055 -0.325 -0.5645907482 2
0 0.055 -0.315 -0.5888057729 2
0 0.055 -0.305 -0.6124979903 2
0 0.055 -0.295 -0.6356463639 2
0 0.055 -0.285 -0.65823034 2
0 0.055 -0.275 -0.680229866 2
0 0.055 -0.265 -0.7016254083 2
0 0.055 -0.255 -0.7223979695 2
0 0.055 -0.245 -0.7425291055 2
0 0.055 -0.235 -0.7620009416 2
0 0.055 -0.225 -0.7807961884 2
0 0.055 -0.215 -0.7988981577 2
0 0.055 -0.205 -0.8162907762 2
0 0.055 -0.195 -0.8329586011 2
0 0.055 -0.185 -0.8488868327 2
0 0.055 -0.175 -0.8640613282 2
0 0.055 -0.165 -0.8784686139 2
0 0.055 -0.155 -0.8920958975 2
0 0.055 -0.145 -0.9049310792 2
0 0.055 -0.135 -0.9169627625 2
0 0.055 -0.125 -0.9281802642 2
0 0.055 -0.115 -0.9385736243 2
0 0.055 -0.105 -0.9481336143 2
0 0.055 -0.095 -0.9568517459 2
0 0.055 -0.085 -0.9647202781 2
0 0.055 -0.075 -0.9717322244 2
0 0.055 -0.065 -0.9778813588 2
0 0.055 -0.055 -0.9831622213 2
0 0.055 -0.045 -0.9875701231 2
0 0.055 -0.035 -0.9911011503 2
0 0.055 -0.025 -0.9937521677 2
0 0.055 -0.015 -0.9955208214 2
0 0.055 -0.005 -0.9964055411 2
0 0.055 0.005 -0.9964055411 2
0 0.055 0.015 -0.9955208214 2
0 0.055 0.025 -0.9937521677 2
0 0.055 0.035 -0.9911011503 2
0 0.055 0.045 -0.9875701231 2
0 0.055 0.055 -0.9831622213 2
0 0.055 0.065 -0.9778813588 2
0 0.055 0.075 -0.9717322244 2
0 0.055 0.085 -0.9647202781 2
0 0.055 0.095 -0.9568517459 2
0 0.055 0.105 -0.9481336143 2
0 0.055 0.115 -0.9385736243 2
0 0.055 0.125 -0.9281802642 2
0 0.055 0.135 -0.9169627625 2
0 0.055 0.145 -0.9049310792 2
0 0.055 0.155 -0.8920958975 2
0 0.055 0.165 -0.8784686139 1
0 0.055 0.175 -0.8640613282 1
0 0.055 0.185 -0.8488868327 1
0 0.055 0.195 -0.8329586011 1
0 0.055 0.205 -0.8162907762 1
0 0.055 0.215 -0.7988981577 1
0 0.055 0.225 -0.7807961884 1
0 0.055 0.235 -0.7620009416 1
0 0.055 0.245 -0.7425291055 1
0 0.055 0.255 -0.7223979695 2
0 0.055 0.265 -0.7016254083 2
0 0.055 0.275 -0.680229866 2
0 0.055 0.285 -0.65823034 2
0 0.055 0.295 -0.6356463639 2
0 0.055 0.305 -0.6124979903 2
0 0.055 0.315 -0.5888057729 2
0 0.055 0.325 -0.5645907482 2
0 0.055 0.335 -0.5398744171 2
0 0.055 0.345 -0.5146787254 2
0 0.055 0.355 -0.4890260448 1
0 0.055 0.365 -0.4629391524 1
0 0.055 0.375 -0.4364412112 1
0 0.055 0.385 -0.4095557489 1
0 0.055 0.395 -0.3823066375 1
0 0.055 0.405 -0.3547180717 2
0 0.055 0.415 -0.3268145478 2
0 0.055 0.425 -0.2986208416 2
0 0.055 0.435 -0.2701619866 2
0 0.055 0.445 -0.2414632518 2
0 0.055 0.455 -0.212550119 2
0 0.055 0.465 -0.1834482606 2
0 0.055 0.475 -0.1541835165 2
0 0.055 0.485 -0.124781871 2
0 0.055 0.495 -0.09526943037 2
0 0.055 0.505 0 2
0 0.055 0.515 0 2
0 0.055 0.525 0 2
0 0.055 0.535 0 2
0 0.055 0.545 0 2
0 0.055 0.555 0 2
0 0.055 0.565 0 2
0 0.065 -0.555 0 2
0 0.065 -0.545 0 2
0 0.065 -0.535 0 2
0 0.065 -0.525 0 2
0 0.065 -0.515 0 2
0 0.065 -0.505 0 2
0 0.065 -0.495 -0.09513741271 2
0 0.065 -0.485 -0.1246089571 2
0 0.065 -0.475 -0.1539698598 2
0 0.065 -0.465 -0.1831940509 2
0 0.065 -0.455 -0.212255582 2
0 0.065 -0.445 -0.241128649 2
0 0.065 -0.435 -0.2697876152 2
0 0.065 -0.425 -0.2982070339 2
0 0.065 -0.415 -0.3263616712 2
0 0.065 -0.405 -0.3542265284 2
0 0.065 -0.395 -0.3817768639 1
0 0.065 -0.385 -0.4089882154 1
0 0.065 -0.375 -0.4358364217 1
0 0.065 -0.365 -0.4622976439 1
0 0.065 -0.355 -0.4883483869 1
0 0.065 -0.345 -0.5139655199 1
0 0.065 -0.335 -0.5391262972 1
0 0.065 -0.325 -0.5638083781 1
0 0.065 -0.315 -0.5879898473 2
0 0.065 -0.305 -0.6116492338 2
0 0.065 -0.295 -0.63476553 2
0 0.065 -0.285 -0.6573182108 2
0 0.065 -0.275 -0.6792872514 2
0 0.065 -0.265 -0.7006531452 2
0 0.065 -0.255 -0.7213969213 2
0 0.065 -0.245 -0.741500161 2
0 0.065 -0.235 -0.7609450143 2
0 0.065 -0.225 -0.7797142161 2
0 0.065 -0.215 -0.7977911009 2
0 0.065 -0.205 -0.815159618 2
0 0.065 -0.195 -0.8318043458 2
0 0.065 -0.185 -0.8477105051 2
0 0.065 -0.175 -0.8628639729 2
0 0.065 -0.165 -0.877251294 2
0 0.065 -0.155 -0.8908596939 2
0 0.065 -0.145 -0.9036770895 2
0 0.065 -0.135 -0.9156921001 2
0 0.065 -0.125 -0.9268940574 2
0 0.065 -0.115 -0.9372730151 2
0 0.065 -0.105 -0.9468197576 2
0 0.065 -0.095 -0.9555258082 2
0 0.065 -0.085 -0.9633834367 2
0 0.065 -0.075 -0.9703856663 2
0 0.065 -0.065 -0.9765262797 2
0 0.065 -0.055 -0.9817998243 2
0 0.065 -0.045 -0.986201618 2
0 0.065 -0.035 -0.9897277521 2
0 0.065 -0.025 -0.992375096 2
0 0.065 -0.015 -0.9941412988 2
0 0.065 -0.005 -0.9950247925 2
0 0.065 0.005 -0.9950247925 2
0 0.065 0.015 -0.9941412988 2
0 0.065 0.025 -0.992375096 2
0 0.065 0.035 -0.9897277521 2
0 0.065 0.045 -0.986201618 1
0 0.065 0.055 -0.9817998243 1
0 0.065 0.065 -0.9765262797 1
0 0.065 0.075 -0.9703856663 1
0 0.065 0.085 -0.9633834367 1
0 0.065 0.095 -0.9555258082 2
0 0.065 0.105 -0.9468197576 2
0 0.065 0.115 -0.9372730151 2
0 0.065 0.125 -0.9268940574 2
0 0.065 0.135 -0.9156921001 2
0 0.065 0.145 -0.9036770895 2
0 0.065 0.155 -0.8908596939 2
0 0.065 0.165 -0.877251294 1
0 0.065 0.175 -0.8628639729 1
0 0.065 0.185 -0.8477105051 1
0 0.065 0.195 -0.8318043458 1
0 0.065 0.205 -0.815159618 1
0 0.065 0.215 -0.7977911009 1
0 0.065 0.225 -0.7797142161 1
0 0.065 0.235 -0.7609450143 1
0 0.065 0.245 -0.741500161 2
0 0.065 0.255 -0.7213969213 2
0 0.065 0.265 -0.7006531452 2
0 0.065 0.275 -0.6792872514 2
0 0.065 0.285 -0.6573182108 2
0 0.065 0.295 -0.63476553 2
0 0.065 0.305 -0.6116492338 2
0 0.065 0.315 -0.5879898473 2
0 0.065 0.325 -0.5638083781 2
0 0.065 0.335 -0.5391262972 1
0 0.065 0.345 -0.5139655199 1
0 0.065 0.355 -0.4883483869 1
0 0.065 0.365 -0.4622976439 1
0 0.065 0.375 -0.4358364217 1
0 0.065 0.385 -0.4089882154 1
0 0.065 0.395 -0.3817768639 1
0 0.065 0.405 -0.3542265284 1
0 0.065 0.415 -0.3263616712 2
0 0.065 0.425 -0.2982070339 2
0 0.065 0.435 -0.2697876152 2
0 0.065 0.445 -0.241128649 2
0 0.065 0.455 -0.212255582 2
0 0.065 0.465 -0.1831940509 2
0 0.065 0.475 -0.1539698598 2
0 0.065 0.485 -0.1246089571 2
0 0.065 0.495 -0.09513741271 2
0 0.065 0.505 0 2
0 0.065 0.515 0 2
0 0.065 0.525 0 2
0 0.065 0.535 0 2
0 0.065 0.545 0 2
0 0.065 0.555 0 2
0 0.065 0.565 0 2
0 0.075 -0.555 0 2
0 0.075 -0.545 0 2
0 0.075 -0.535 0 2
0 0.075 -0.525 0 2
0 0.075 -0.515 0 2
0 0.075 -0.505 0 2
0 0.075 -0.495 -0.09498346904 2
0 0.075 -0.485 -0.124407325 2
0 0.075 -0.475 -0.1537207182 2
0 0.075 -0.465 -0.1828976211 2
0 0.075 -0.455 -0.2119121272 2
0 0.075 -0.445 -0.2407384741 2
0 0.075 -0.435 -0.2693510667 2
0 0.075 -0.425 -0.2977244994 2
0 0.075 -0.415 -0.3258335792 2
0 0.075 -0.405 -0.3536533477 2
0 0.075 -0.395 -0.3811591034 1
0 0.075 -0.385 -0.4083264237 1
0 0.075 -0.375 -0.4351311864 1
0 0.075 -0.365 -0.4615495912 1
0 0.075 -0.355 -0.487558181 1
0 0.075 -0.345 -0.5131338625 1
0 0.075 -0.335 -0.5382539266 1
0 0.075 -0.325 -0.562896069 1
0 0.075 -0.315 -0.5870384097 2
0 0.075 -0.305 -0.6106595124 2
0 0.075 -0.295 -0.6337384037 2
0 0.075 -0.285 -0.6562545916 2
0 0.075 -0.275 -0.6781880837 2
0 0.075 -0.265 -0.699519405 2
0 0.075 -0.255 -0.7202296151 2
0 0.075 -0.245 -0.7403003254 2
0 0.075 -0.235 -0.7597137146 2
0 0.075 -0.225 -0.7784525456 2
0 0.075 -0.215 -0.7965001798 2
0 0.075 -0.205 -0.8138405926 2
0 0.075 -0.195 -0.8304583872 2
0 0.075 -0.185 -0.8463388085 2
0 0.075 -0.175 -0.8614677561 2
0 0.075 -0.165 -0.8758317969 2
0 0.075 -0.155 -0.8894181768 2
0 0.075 -0.145 -0.9022148323 2
0 0.075 -0.135 -0.9142104011 2
0 0.075 -0.125 -0.9253942324 2
0 0.075 -0.115 -0.9357563957 2
0 0.075 -0.105 -0.9452876904 2
0 0.075 -0.095 -0.9539796536 2
0 0.075 -0.085 -0.9618245676 2
0 0.075 -0.075 -0.9688154667 2
0 0.075 -0.065 -0.9749461438 2
0 0.075 -0.055 -0.9802111553 2
0 0.075 -0.045 -0.9846058263 2
0 0.075 -0.035 -0.9881262547 2
0 0.075 -0.025 -0.9907693148 2
0 0.075 -0.015 -0.9925326597 2
0 0.075 -0.005 -0.9934147238 2
0 0.075 0.005 -0.9934147238 2
0 0.075 0.015 -0.9925326597 2
0 0.075 0.025 -0.9907693148 2
0 0.075 0.035 -0.9881262547 1
0 0.075 0.045 -0.9846058263 1
0 0.075 0.055 -0.9802111553 1
0 0.075 0.065 -0.9749461438 1
0 0.075 0.075 -0.9688154667 1
0 0.075 0.085 -0.9618245676 1
0 0.075 0.095 -0.9539796536 1
0 0.075 0.105 -0.9452876904 1
0 0.075 0.115 -0.9357563957 2
0 0.075 0.125 -0.9253942324 2
0 0.075 0.135 -0.9142104011 2
0 0.075 0.145 -0.9022148323 2
0 0.075 0.155 -0.8894181768 2
0 0.075 0.165 -0.8758317969 2
0 0.075 0.175 -0.8614677561 1
0 0.075 0.185 -0.8463388085 1
0 0.075 0.195 -0.8304583872 1
0 0.075 0.205 -0.8138405926 1
0 0.075 0.215 -0.7965001798 1
0 0.075 0.225 -0.7784525456 2
0 0.075 0.235 -0.7597137146 2
0 0.075 0.245 -0.7403003254 2
0 0.075 0.255 -0.7202296151 2
0 0.075 0.265 -0.699519405 2
0 0.075 0.275 -0.6781880837 2
0 0.075 0.285 -0.6562545916 2
0 0.075 0.295 -0.6337384037 2
0 0.075 0.305 -0.6106595124 2
0 0.075 0.315 -0.5870384097 2
0 0.075 0.325 -0.562896069 1
0 0.075 0.335 -0.5382539266 1
0 0.075 0.345 -0.5131338625 1
0 0.075 0.355 -0.487558181 1
0 0.075 0.365 -0.4615495912 1
0 0.075 0.375 -0.4351311864 1
0 0.075 0.385 -0.4083264237 1
0 0.075 0.395 -0.3811591034 1
0 0.075 0.405 -0.3536533477 1
0 0.075 0.415 -0.3258335792 2
0 0.075 0.425 -0.2977244994 2
0 0.075 0.435 -0.2693510667 2
0 0.075 0.445 -0.2407384741 2
0 0.075 0.455 -0.2119121272 2
0 0.075 0.465 -0.1828976211 2
0 0.075 0.475 -0.1537207182 2
0 0.075 0.485 -0.124407325 2
0 0.075 0.495 -0.09498346904 2
0 0.075 0.505 0 2
0 0.075 0.515 0 2
0 0.075 0.525 0 2
0 0.075 0.535 0 2
0 0.075 0.545 0 2
0 0.075 0.555 0 2
0 0.075 0.565 0 2
0 0.085 -0.555 0 2
0 0.085 -0.545 0 2
0 0.085 -0.535 0 2
0 0.085 -0.525 0 2
0 0.085 -0.515 0 2
0 0.085 -0.505 0 2
0 0.085 -0.495 -0.09480763485 2
0 0.085 -0.485 -0.1241770211 2
0 0.085 -0.475 -0.1534361491 2
0 0.085 -0.465 -0.1825590395 2
0 0.085 -0.455 -0.2115198337 2
0 0.085 -0.445 -0.2402928171 2
0 0.085 -0.435 -0.2688524417 2
0 0.085 -0.425 -0.2971733493 2
0 0.085 -0.415 -0.3252303933 2
0 0.085 -0.405 -0.3529986616 2
0 0.085 -0.395 -0.3804534985 1
0 0.085 -0.385 -0.4075705264 1
0 0.085 -0.375 -0.4343256679 1
0 0.085 -0.365 -0.4606951668 1
0 0.085 -0.355 -0.4866556093 1
0 0.085 -0.345 -0.5121839448 1
0 0.085 -0.335 -0.5372575064 1
0 0.085 -0.325 -0.5618540311 1
0 0.085 -0.315 -0.5859516793 1
0 0.085 -0.305 -0.6095290544 2
0 0.085 -0.295 -0.6325652219 2
0 0.085 -0.285 -0.6550397276 2
0 0.085 -0.275 -0.6769326162 2
0 0.085 -0.265 -0.6982244488 2
0 0.085 -0.255 -0.71889632 2
0 0.085 -0.245 -0.7389298752 2
0 0.085 -0.235 -0.7583073262 2
0 0.085 -0.225 -0.7770114677 2
0 0.085 -0.215 -0.795025692 2
0 0.085 -0.205 -0.8123340041 2
0 0.085 -0.195 -0.8289210357 2
0 0.085 -0.185 -0.8447720591 2
0 0.085 -0.175 -0.8598729998 2
0 0.085 -0.165 -0.8742104497 2
0 0.085 -0.155 -0.8877716784 2
0 0.085 -0.145 -0.9005446446 2
0 0.085 -0.135 -0.9125180072 2
0 0.085 -0.125 -0.9236811348 2
0 0.085 -0.115 -0.9340241156 2
0 0.085 -0.105 -0.9435377659 2
0 0.085 -0.095 -0.9522136385 2
0 0.085 -0.085 -0.9600440299 2
0 0.085 -0.075 -0.9670219874 2
0 0.085 -0.065 -0.9731413153 2
0 0.085 -0.055 -0.9783965802 2
0 0.085 -0.045 -0.9827831157 2
0 0.085 -0.035 -0.9862970271 2
0 0.085 -0.025 -0.9889351944 2
0 0.085 -0.015 -0.990695275 2
0 0.085 -0.005 -0.9915757062 2
0 0.085 0.005 -0.9915757062 2
0 0.085 0.015 -0.990695275 2
0 0.085 0.025 -0.9889351944 2
0 0.085 0.035 -0.9862970271 1
0 0.085 0.045 -0.9827831157 1
0 0.085 0.055 -0.9783965802 1
0 0.085 0.065 -0.9731413153 1
0 0.085 0.075 -0.9670219874 1
0 0.085 0.085 -0.9600440299 1
0 0.085 0.095 -0.9522136385 1
0 0.085 0.105 -0.9435377659 1
0 0.085 0.115 -0.9340241156 1
0 0.085 0.125 -0.9236811348 2
0 0.085 0.135 -0.9125180072 2
0 0.085 0.145 -0.9005446446 2
0 0.085 0.155 -0.8877716784 2
0 0.085 0.165 -0.8742104497 2
0 0.085 0.175 -0.8598729998 2
0 0.085 0.185 -0.8447720591 2
0 0.085 0.195 -0.8289210357 2
0 0.085 0.205 -0.8123340041 2
0 0.085 0.215 -0.795025692 2
0 0.085 0.225 -0.7770114677 2
0 0.085 0.235 -0.7583073262 2
0 0.085 0.245 -0.7389298752 2
0 0.085 0.255 -0.71889632 2
0 0.085 0.265 -0.6982244488 2
0 0.085 0.275 -0.6769326162 2
0 0.085 0.285 -0.6550397276 2
0 0.085 0.295 -0.6325652219 2
0 0.085 0.305 -0.6095290544 2
0 0.085 0.315 -0.5859516793 1
0 0.085 0.325 -0.5618540311 1
0 0.085 0.335 -0.5372575064 1
0 0.085 0.345 -0.5121839448 1
0 0.085 0.355 -0.4866556093 1
0 0.085 0.365 -0.4606951668 1
0 0.085 0.375 -0.4343256679 1
0 0.085 0.385 -0.4075705264 1
0 0.085 0.395 -0.3804534985 1
0 0.085 0.405 -0.3529986616 1
0 0.085 0.415 -0.3252303933 2
0 0.085 0.425 -0.2971733493 2
0 0.085 0.435 -0.2688524417 2
0 0.085 0.445 -0.2402928171 2
0 0.085 0.455 -0.2115198337 2
0 0.085 0.465 -0.1825590395 2
0 0.085 0.475 -0.1534361491 2
0 0.085 0.485 -0.1241770211 2
0 0.085 0.495 -0.09480763485 2
0 0.085 0.505 0 2
0 0.085 0.515 0 2
0 0.085 0.525 0 2
0 0.085 0.535 0 2
0 0.085 0.545 0 2
0 0.085 0.555 0 2
0 0.085 0.565 0 2
0 0.095 -0.555 0 2
0 0.095 -0.545 0 2
0 0.095 -0.535 0 2
0 0.095 -0.525 0 2
0 0.095 -0.515 0 2
0 0.095 -0.505 0 2
0 0.095 -0.495 -0.09460995065 2
0 0.095 -0.485 -0.1239180985 2
0 0.095 -0.475 -0.1531162182 2
0 0.095 -0.465 -0.1821783842 2
0 0.095 -0.455 -0.2110787919 2
0 0.095 -0.445 -0.2397917805 2
0 0.095 -0.435 -0.2682918553 2
0 0.095 -0.425 -0.2965537107 2
0 0.095 -0.415 -0.3245522527 2
0 0.095 -0.405 -0.3522626212 2
0 0.095 -0.395 -0.3796602117 2
0 0.095 -0.385 -0.4067206977 1
0 0.095 -0.375 -0.4334200518 1
0 0.095 -0.365 -0.4597345674 1
0 0.095 -0.355 -0.4856408796 1
0 0.095 -0.345 -0.5111159857 1
0 0.095 -0.335 -0.5361372663 1
0 0.095 -0.325 -0.5606825046 1
0 0.095 -0.315 -0.5847299065 1
0 0.095 -0.305 -0.6082581203 2
0 0.095 -0.295 -0.6312462549 2
0 0.095 -0.285 -0.6536738988 2
0 0.095 -0.275 -0.6755211384 2
0 0.095 -0.265 -0.6967685752 2
0 0.095 -0.255 -0.7173973433 2
0 0.095 -0.245 -0.7373891263 2
0 0.095 -0.235 -0.7567261733 2
0 0.095 -0.225 -0.7753913146 2
0 0.095 -0.215 -0.7933679773 2
0 0.095 -0.205 -0.8106401997 2
0 0.095 -0.195 -0.8271926455 2
0 0.095 -0.185 -0.8430106178 2
0 0.095 -0.175 -0.8580800715 2
0 0.095 -0.165 -0.8723876262 2
0 0.095 -0.155 -0.8859205783 2
0 0.095 -0.145 -0.8986669115 2
0 0.095 -0.135 -0.9106153083 2
0 0.095 -0.125 -0.9217551596 2
0 0.095 -0.115 -0.9320765741 2
0 0.095 -0.105 -0.9415703874 2
0 0.095 -0.095 -0.9502281698 2
0 0.095 -0.085 -0.958042234 2
0 0.095 -0.075 -0.9650056418 2
0 0.095 -0.065 -0.9711122102 2
0 0.095 -0.055 -0.9763565173 2
0 0.095 -0.045 -0.9807339064 2
0 0.095 -0.035 -0.984240491 2
0 0.095 -0.025 -0.9868731573 2
0 0.095 -0.015 -0.988629568 2
0 0.095 -0.005 -0.9895081634 2
0 0.095 0.005 -0.9895081634 2
0 0.095 0.015 -0.988629568 2
0 0.095 0.025 -0.9868731573 2
0 0.095 0.035 -0.984240491 1
0 0.095 0.045 -0.9807339064 1
0 0.095 0.055 -0.9763565173 1
0 0.095 0.065 -0.9711122102 1
0 0.095 0.075 -0.9650056418 1
0 0.095 0.085 -0.958042234 1
0 0.095 0.095 -0.9502281698 1
0 0.095 0.105 -0.9415703874 1
0 0.095 0.115 -0.9320765741 1
0 0.095 0.125 -0.9217551596 1
0 0.095 0.135 -0.9106153083 2
0 0.095 0.145 -0.8986669115 2
0 0.095 0.155 -0.8859205783 2
0 0.095 0.165 -0.8723876262 2
0 0.095 0.175 -0.8580800715 2
0 0.095 0.185 -0.8430106178 2
0 0.095 0.195 -0.8271926455 2
0 0.095 0.205 -0.8106401997 2
0 0.095 0.215 -0.7933679773 2
0 0.095 0.225 -0.7753913146 2
0 0.095 0.235 -0.7567261733 2
0 0.095 0.245 -0.7373891263 2
0 0.095 0.255 -0.7173973433 2
0 0.095 0.265 -0.6967685752 2
0 0.095 0.275 -0.6755211384 2
0 0.095 0.285 -0.6536738988 2
0 0.095 0.295 -0.6312462549 2
0 0.095 0.305 -0.6082581203 1
0 0.095 0.315 -0.5847299065 1
0 0.095 0.325 -0.5606825046 1
0 0.095 0.335 -0.5361372663 1
0 0.095 0.345 -0.5111159857 1
0 0.095 0.355 -0.4856408796 1
0 0.095 0.365 -0.4597345674 1
0 0.095 0.375 -0.4334200518 1
0 0.095 0.385 -0.4067206977 1
0 0.095 0.395 -0.3796602117 1
0 0.095 0.405 -0.3522626212 1
0 0.095 0.415 -0.3245522527 2
0 0.095 0.425 -0.2965537107 2
0 0.095 0.435 -0.2682918553 2
0 0.095 0.445 -0.2397917805 2
0 0.095 0.455 -0.2110787919 2
0 0.095 0.465 -0.1821783842 2
0 0.095 0.475 -0.1531162182 2
0 0.095 0.485 -0.1239180985 2
0 0.095 0.495 -0.09460995065 2
0 0.095 0.505 0 2
0 0.095 0.515 0 2
0 0.095 0.525 0 2
0 0.095 0.535 0 2
0 0.095 0.545 0 2
0 0.095 0.555 0 2
0 0.095 0.565 0 2
0 0.105 -0.555 0 1
0 0.105 -0.545 0 1
0 0.105 -0.535 0 1
0 0.105 -0.525 0 2
0 0.105 -0.515 0 2
0 0.105 -0.505 0 2
0 0.105 -0.495 -0.09439046202 2
0 0.105 -0.485 -0.123630617 2
0 0.105 -0.475 -0.152760999 2
0 0.105 -0.465 -0.1817557427 2
0 0.105 -0.455 -0.2105891035 2
0 0.105 -0.445 -0.2392354799 2
0 0.105 -0.435 -0.2676694365 2
0 0.105 -0.425 -0.2958657263 2
0 0.105 -0.415 -0.3237993136 2
0 0.105 -0.405 -0.3514453959 2
0 0.105 -0.395 -0.3787794259 2
0 0.105 -0.385 -0.4057771334 1
0 0.105 -0.375 -0.4324145469 1
0 0.105 -0.365 -0.4586680146 1
0 0.105 -0.355 -0.4845142259 1
0 0.105 -0.345 -0.5099302315 1
0 0.105 -0.335 -0.5348934644 1
0 0.105 -0.325 -0.5593817594 1
0 0.105 -0.315 -0.583373373 1
0 0.105 -0.305 -0.606847003 2
0 0.105 -0.295 -0.6297818066 2
0 0.105 -0.285 -0.6521574199 2
0 0.105 -0.275 -0.6739539754 2
0 0.105 -0.265 -0.6951521196 2
0 0.105 -0.255 -0.7157330304 2
0 0.105 -0.245 -0.7356784339 2
0 0.105 -0.235 -0.7549706202 2
0 0.105 -0.225 -0.7735924597 2
0 0.105 -0.215 -0.7915274177 2
0 0.105 -0.205 -0.8087595697 2
0 0.105 -0.195 -0.825273615 2
0 0.105 -0.185 -0.8410548906 2
0 0.105 -0.175 -0.8560893842 2
0 0.105 -0.165 -0.8703637464 2
0 0.105 -0.155 -0.8838653029 2
0 0.105 -0.145 -0.8965820655 2
0 0.105 -0.135 -0.9085027429 2
0 0.105 -0.125 -0.9196167505 2
0 0.105 -0.115 -0.92991422 2
0 0.105 -0.105 -0.9393860083 2
0 0.105 -0.095 -0.9480237053 2
0 0.105 -0.085 -0.9558196414 2
0 0.105 -0.075 -0.9627668945 2
0 0.105 -0.065 -0.9688592962 2
0 0.105 -0.055 -0.9740914368 2
0 0.105 -0.045 -0.9784586707 2
0 0.105 -0.035 -0.9819571202 2
0 0.105 -0.025 -0.9845836789 2
0 0.105 -0.015 -0.9863360148 2
0 0.105 -0.005 -0.9872125719 2
0 0.105 0.005 -0.9872125719 2
0 0.105 0.015 -0.9863360148 2
0 0.105 0.025 -0.9845836789 2
0 0.105 0.035 -0.9819571202 2
0 0.105 0.045 -0.9784586707 1
0 0.105 0.055 -0.9740914368 1
0 0.105 0.065 -0.9688592962 1
0 0.105 0.075 -0.9627668945 1
0 0.105 0.085 -0.9558196414 1
0 0.105 0.095 -0.9480237053 1
0 0.105 0.105 -0.9393860083 1
0 0.105 0.115 -0.92991422 1
0 0.105 0.125 -0.9196167505 1
0 0.105 0.135 -0.9085027429 2
0 0.105 0.145 -0.8965820655 1
0 0.105 0.155 -0.8838653029 1
0 0.105 0.165 -0.8703637464 1
0 0.105 0.175 -0.8560893842 2
0 0.105 0.185 -0.8410548906 2
0 0.105 0.195 -0.825273615 2
0 0.105 0.205 -0.8087595697 2
0 0.105 0.215 -0.7915274177 2
0 0.105 0.225 -0.7735924597 2
0 0.105 0.235 -0.7549706202 2
0 0.105 0.245 -0.7356784339 2
0 0.105 0.255 -0.7157330304 2
0 0.105 0.265 -0.6951521196 2
0 0.105 0.275 -0.6739539754 2
0 0.105 0.285 -0.6521574199 2
0 0.105 0.295 -0.6297818066 2
0 0.105 0.305 -0.606847003 1
0 0.105 0.315 -0.583373373 1
0 0.105 0.325 -0.5593817594 1
0 0.105 0.335 -0.5348934644 1
0 0.105 0.345 -0.5099302315 1
0 0.105 0.355 -0.4845142259 1
0 0.105 0.365 -0.4586680146 1
0 0.105 0.375 -0.4324145469 1
0 0.105 0.385 -0.4057771334 1
0 0.105 0.395 -0.3787794259 1
0 0.105 0.405 -0.3514453959 2
0 0.105 0.415 -0.3237993136 2
0 0.105 0.425 -0.2958657263 2
0 0.105 0.435 -0.2676694365 2
0 0.105 0.445 -0.2392354799 2
0 0.105 0.455 -0.2105891035 2
0 0.105 0.465 -0.1817557427 2
0 0.105 0.475 -0.152760999 2
0 0.105 0.485 -0.123630617 2
0 0.105 0.495 -0.09439046202 2
0 0.105 0.505 0 2
0 0.105 0.515 0 2
0 0.105 0.525 0 2
0 0.105 0.535 0 2
0 0.105 0.545 0 2
0 0.105 0.555 0 2
0 0.105 0.565 0 2
0 0.115 -0.555 0 1
0 0.115 -0.545 0 1
0 0.115 -0.535 0 1
0 0.115 -0.525 0 1
0 0.115 -0.515 0 1
0 0.115 -0.505 0 2
0 0.115 -0.495 -0.09414921954 2
0 0.115 -0.485 -0.1233146427 2
0 0.115 -0.475 -0.1523705735 2
0 0.115 -0.465 -0.1812912127 2
0 0.115 -0.455 -0.2100508814 1
0 0.115 -0.445 -0.2386240436 1
0 0.115 -0.435 -0.2669853288 1
0 0.115 -0.425 -0.2951095547 1
0 0.115 -0.415 -0.3229717496 1
0 0.115 -0.405 -0.3505471742 1
0 0.115 -0.395 -0.3778113441 1
0 0.115 -0.385 -0.4047400511 2
0 0.115 -0.375 -0.4313093848 1
0 0.115 -0.365 -0.4574957541 1
0 0.115 -0.355 -0.4832759078 1
0 0.115 -0.345 -0.5086269554 1
0 0.115 -0.335 -0.5335263874 1
0 0.115 -0.325 -0.5579520954 1
0 0.115 -0.315 -0.5818823914 1
0 0.115 -0.305 -0.6052960276 2
0 0.115 -0.295 -0.6281722146 2
0 0.115 -0.285 -0.6504906405 2
0 0.115 -0.275 -0.6722314885 2
0 0.115 -0.265 -0.6933754546 2
0 0.115 -0.255 -0.7139037649 2
0 0.115 -0.245 -0.733798192 2
0 0.115 -0.235 -0.7530410715 2
0 0.115 -0.225 -0.7716153174 2
0 0.115 -0.215 -0.7895044374 2
0 0.115 -0.205 -0.8066925476 2
0 0.115 -0.195 -0.8231643864 2
0 0.115 -0.185 -0.8389053284 2
0 0.115 -0.175 -0.8539013969 2
0 0.115 -0.165 -0.8681392768 2
0 0.115 -0.155 -0.8816063261 2
0 0.115 -0.145 -0.8942905873 2
0 0.115 -0.135 -0.9061807979 2
0 0.115 -0.125 -0.9172664004 2
0 0.115 -0.115 -0.9275375517 2
0 0.115 -0.105 -0.9369851321 2
0 0.115 -0.095 -0.9456007529 2
0 0.115 -0.085 -0.9533767642 2
0 0.115 -0.075 -0.9603062616 2
0 0.115 -0.065 -0.9663830923 2
0 0.115 -0.055 -0.9716018606 2
0 0.115 -0.045 -0.9759579328 2
0 0.115 -0.035 -0.979447441 2
0 0.115 -0.025 -0.9820672868 2
0 0.115 -0.015 -0.9838151441 2
0 0.115 -0.005 -0.9846894609 2
0 0.115 0.005 -0.9846894609 2
0 0.115 0.015 -0.9838151441 2
0 0.115 0.025 -0.9820672868 2
0 0.115 0.035 -0.979447441 2
0 0.115 0.045 -0.9759579328 1
0 0.115 0.055 -0.9716018606 1
0 0.115 0.065 -0.9663830923 1
0 0.115 0.075 -0.9603062616 1
0 0.115 0.085 -0.9533767642 1
0 0.115 0.095 -0.9456007529 1
0 0.115 0.105 -0.9369851321 1
0 0.115 0.115 -0.9275375517 1
0 0.115 0.125 -0.9172664004 1
0 0.115 0.135 -0.9061807979 1
0 0.115 0.145 -0.8942905873 1
0 0.115 0.155 -0.8816063261 1
0 0.115 0.165 -0.8681392768 1
0 0.115 0.175 -0.8539013969 1
0 0.115 0.185 -0.8389053284 1
0 0.115 0.195 -0.8231643864 1
0 0.115 0.205 -0.8066925476 2
0 0.115 0.215 -0.7895044374 2
0 0.115 0.225 -0.7716153174 2
0 0.115 0.235 -0.7530410715 2
0 0.115 0.245 -0.733798192 2
0 0.115 0.255 -0.7139037649 2
0 0.115 0.265 -0.6933754546 2
0 0.115 0.275 -0.6722314885 2
0 0.115 0.285 -0.6504906405 2
0 0.115 0.295 -0.6281722146 2
0 0.115 0.305 -0.6052960276 1
0 0.115 0.315 -0.5818823914 1
0 0.115 0.325 -0.5579520954 1
0 0.115 0.335 -0.5335263874 1
0 0.115 0.345 -0.5086269554 1
0 0.115 0.355 -0.4832759078 1
0 0.115 0.365 -0.4574957541 1
0 0.115 0.375 -0.4313093848 1
0 0.115 0.385 -0.4047400511 1
0 0.115 0.395 -0.3778113441 2
0 0.115 0.405 -0.3505471742 2
0 0.115 0.415 -0.3229717496 2
0 0.115 0.425 -0.2951095547 2
0 0.115 0.435 -0.2669853288 2
0 0.115 0.445 -0.2386240436 2
0 0.115 0.455 -0.2100508814 2
0 0.115 0.465 -0.1812912127 2
0 0.115 0.475 -0.1523705735 2
0 0.115 0.485 -0.1233146427 2
0 0.115 0.495 -0.09414921954 2
0 0.115 0.505 0 2
0 0.115 0.515 0 2
0 0.115 0.525 0 2
0 0.115 0.535 0 2
0 0.115 0.545 0 2
0 0.115 0.555 0 2
0 0.115 0.565 0 2
0 0.125 -0.555 0 1
0 0.125 -0.545 0 1
0 0.125 -0.535 0 1
0 0.125 -0.525 0 1
0 0.125 -0.515 0 1
0 0.125 -0.505 0 1
0 0.125 -0.495 -0.09388627879 2
0 0.125 -0.485 -0.1229702485 2
0 0.125 -0.475 -0.1519450316 2
0 0.125 -0.465 -0.180784901 1
0 0.125 -0.455 -0.2094642495 1
0 0.125 -0.445 -0.2379576123 1
0 0.125 -0.435 -0.2662396899 1
0 0.125 -0.425 -0.2942853702 1
0 0.125 -0.415 -0.3220697513 1
0 0.125 -0.405 -0.3495681631 1
0 0.125 -0.395 -0.3767561894 1
0 0.125 -0.385 -0.4036096896 1
0 0.125 -0.375 -0.4301048202 1
0 0.125 -0.365 -0.456218056 1
0 0.125 -0.355 -0.4819262107 1
0 0.125 -0.345 -0.5072064577 1
0 0.125 -0.335 -0.5320363503 1
0 0.125 -0.325 -0.556393842 1
0 0.125 -0.315 -0.5802573053 1
0 0.125 -0.305 -0.6036055517 2
0 0.125 -0.295 -0.6264178499 2
0 0.125 -0.285 -0.6486739447 2
0 0.125 -0.275 -0.6703540747 2
0 0.125 -0.265 -0.6914389897 2
0 0.125 -0.255 -0.7119099684 2
0 0.125 -0.245 -0.7317488342 2
0 0.125 -0.235 -0.750937972 2
0 0.125 -0.225 -0.7694603436 2
0 0.125 -0.215 -0.7872995027 2
0 0.125 -0.205 -0.8044396098 2
0 0.125 -0.195 -0.8208654459 2
0 0.125 -0.185 -0.8365624264 2
0 0.125 -0.175 -0.8515166138 2
0 0.125 -0.165 -0.86571473 2
0 0.125 -0.155 -0.8791441685 2
0 0.125 -0.145 -0.8917930049 2
0 0.125 -0.135 -0.9036500084 2
0 0.125 -0.125 -0.9147046509 2
0 0.125 -0.115 -0.9249471169 2
0 0.125 -0.105 -0.934368312 2
0 0.125 -0.095 -0.9429598711 2
0 0.125 -0.085 -0.9507141654 2
0 0.125 -0.075 -0.9576243101 2
0 0.125 -0.065 -0.9636841693 2
0 0.125 -0.055 -0.9688883627 2
0 0.125 -0.045 -0.9732322691 2
0 0.125 -0.035 -0.9767120318 2
0 0.125 -0.025 -0.9793245609 2
0 0.125 -0.015 -0.9810675368 2
0 0.125 -0.005 -0.9819394118 2
0 0.125 0.005 -0.9819394118 2
0 0.125 0.015 -0.9810675368 2
0 0.125 0.025 -0.9793245609 2
0 0.125 0.035 -0.9767120318 2
0 0.125 0.045 -0.9732322691 2
0 0.125 0.055 -0.9688883627 1
0 0.125 0.065 -0.9636841693 1
0 0.125 0.075 -0.9576243101 1
0 0.125 0.085 -0.9507141654 1
0 0.125 0.095 -0.9429598711 1
0 0.125 0.105 -0.934368312 1
0 0.125 0.115 -0.9249471169 1
0 0.125 0.125 -0.9147046509 1
0 0.125 0.135 -0.9036500084 1
0 0.125 0.145 -0.8917930049 1
0 0.125 0.155 -0.8791441685 1
0 0.125 0.165 -0.86571473 1
0 0.125 0.175 -0.8515166138 1
0 0.125 0.185 -0.8365624264 1
0 0.125 0.195 -0.8208654459 1
0 0.125 0.205 -0.8044396098 1
0 0.125 0.215 -0.7872995027 2
0 0.125 0.225 -0.7694603436 2
0 0.125 0.235 -0.750937972 2
0 0.125 0.245 -0.7317488342 2
0 0.125 0.255 -0.7119099684 2
0 0.125 0.265 -0.6914389897 2
0 0.125 0.275 -0.6703540747 2
0 0.125 0.285 -0.6486739447 2
0 0.125 0.295 -0.6264178499 2
0 0.125 0.305 -0.6036055517 1
0 0.125 0.315 -0.5802573053 1
0 0.125 0.325 -0.556393842 1
0 0.125 0.335 -0.5320363503 1
0 0.125 0.345 -0.5072064577 1
0 0.125 0.355 -0.4819262107 1
0 0.125 0.365 -0.456218056 1
0 0.125 0.375 -0.4301048202 1
0 0.125 0.385 -0.4036096896 1
0 0.125 0.395 -0.3767561894 2
0 0.125 0.405 -0.3495681631 2
0 0.125 0.415 -0.3220697513 2
0 0.125 0.425 -0.2942853702 2
0 0.125 0.435 -0.2662396899 2
0 0.125 0.445 -0.2379576123 2
0 0.125 0.455 -0.2094642495 2
0 0.125 0.465 -0.180784901 2
0 0.125 0.475 -0.1519450316 2
0 0.125 0.485 -0.1229702485 2
0 0.125 0.495 -0.09388627879 2
0 0.125 0.505 0 2
0 0.125 0.515 0 2
0 0.125 0.525 0 2
0 0.125 0.535 0 2
0 0.125 0.545 0 2
0 0.125 0.555 0 2
0 0.125 0.565 0 2
0 0.135 -0.555 0 1
0 0.135 -0.545 0 1
0 0.135 -0.535 0 1
0 0.135 -0.525 0 1
0 0.135 -0.515 0 1
0 0.135 -0.505 0 1
0 0.135 -0.495 -0.09360170039 1
0 0.135 -0.485 -0.1225975138 2
0 0.135 -0.475 -0.1514844715 2
0 0.135 -0.465 -0.1802369245 1
0 0.135 -0.455 -0.2088293431 1
0 0.135 -0.445 -0.2372363397 1
0 0.135 -0.435 -0.2654326916 1
0 0.135 -0.425 -0.2933933628 1
0 0.135 -0.415 -0.3210935267 1
0 0.135 -0.405 -0.3485085881 1
0 0.135 -0.395 -0.3756142049 1
0 0.135 -0.385 -0.4023863095 1
0 0.135 -0.375 -0.4288011309 1
0 0.135 -0.365 -0.4548352149 1
0 0.135 -0.355 -0.4804654457 2
0 0.135 -0.345 -0.5056690658 1
0 0.135 -0.335 -0.5304236967 1
0 0.135 -0.325 -0.5547073584 1
0 0.135 -0.315 -0.5784984892 2
0 0.135 -0.305 -0.6017759648 2
0 0.135 -0.295 -0.6245191168 2
0 0.135 -0.285 -0.6467077512 2
0 0.135 -0.275 -0.6683221666 2
0 0.135 -0.265 -0.6893431712 2
0 0.135 -0.255 -0.7097521003 2
0 0.135 -0.245 -0.7295308326 2
0 0.135 -0.235 -0.7486618063 2
0 0.135 -0.225 -0.7671280348 2
0 0.135 -0.215 -0.7849131217 2
0 0.135 -0.205 -0.8020012754 2
0 0.135 -0.195 -0.8183773233 2
0 0.135 -0.185 -0.8340267247 2
0 0.135 -0.175 -0.8489355845 2
0 0.135 -0.165 -0.8630906649 2
0 0.135 -0.155 -0.8764793974 2
0 0.135 -0.145 -0.889089894 2
0 0.135 -0.135 -0.9009109577 2
0 0.135 -0.125 -0.9119320926 2
0 0.135 -0.115 -0.9221435127 2
0 0.135 -0.105 -0.9315361512 2
0 0.135 -0.095 -0.9401016684 2
0 0.135 -0.085 -0.9478324587 2
0 0.135 -0.075 -0.9547216581 2
0 0.135 -0.065 -0.9607631493 2
0 0.135 -0.055 -0.9659515682 2
0 0.135 -0.045 -0.9702823079 2
0 0.135 -0.035 -0.9737515231 2
0 0.135 -0.025 -0.9763561333 2
0 0.135 -0.015 -0.9780938261 2
0 0.135 -0.005 -0.9789630583 2
0 0.135 0.005 -0.9789630583 2
0 0.135 0.015 -0.9780938261 2
0 0.135 0.025 -0.9763561333 2
0 0.135 0.035 -0.9737515231 2
0 0.135 0.045 -0.9702823079 2
0 0.135 0.055 -0.9659515682 2
0 0.135 0.065 -0.9607631493 1
0 0.135 0.075 -0.9547216581 1
0 0.135 0.085 -0.9478324587 1
0 0.135 0.095 -0.9401016684 1
0 0.135 0.105 -0.9315361512 1
0 0.135 0.115 -0.9221435127 1
0 0.135 0.125 -0.9119320926 1
0 0.135 0.135 -0.9009109577 1
0 0.135 0.145 -0.889089894 1
0 0.135 0.155 -0.8764793974 1
0 0.135 0.165 -0.8630906649 1
0 0.135 0.175 -0.8489355845 1
0 0.135 0.185 -0.8340267247 1
0 0.135 0.195 -0.8183773233 1
0 0.135 0.205 -0.8020012754 1
0 0.135 0.215 -0.7849131217 1
0 0.135 0.225 -0.7671280348 2
0 0.135 0.235 -0.7486618063 2
0 0.135 0.245 -0.7295308326 2
0 0.135 0.255 -0.7097521003 2
0 0.135 0.265 -0.6893431712 2
0 0.135 0.275 -0.6683221666 2
0 0.135 0.285 -0.6467077512 2
0 0.135 0.295 -0.6245191168 2
0 0.135 0.305 -0.6017759648 2
0 0.135 0.315 -0.5784984892 1
0 0.135 0.325 -0.5547073584 1
0 0.135 0.335 -0.5304236967 1
0 0.135 0.345 -0.5056690658 1
0 0.135 0.355 -0.4804654457 1
0 0.135 0.365 -0.4548352149 1
0 0.135 0.375 -0.4288011309 1
0 0.135 0.385 -0.4023863095 1
0 0.135 0.395 -0.3756142049 2
0 0.135 0.405 -0.3485085881 2
0 0.135 0.415 -0.3210935267 2
0 0.135 0.425 -0.2933933628 2
0 0.135 0.435 -0.2654326916 2
0 0.135 0.445 -0.2372363397 2
0 0.135 0.455 -0.2088293431 2
0 0.135 0.465 -0.1802369245 2
0 0.135 0.475 -0.1514844715 2
0 0.135 0.485 -0.1225975138 2
0 0.135 0.495 -0.09360170039 2
0 0.135 0.505 0 2
0 0.135 0.515 0 2
0 0.135 0.525 0 2
0 0.135 0.535 0 2
0 0.135 0.545 0 1
0 0.135 0.555 0 1
0 0.135 0.565 0 1
0 0.145 -0.555 0 1
0 0.145 -0.545 0 1
0 0.145 -0.535 0 1
0 0.145 -0.525 0 1
0 0.145 -0.515 0 1
0 0.145 -0.505 0 1
0 0.145 -0.495 -0.09329554992 1
0 0.145 -0.485 -0.1221965244 1
0 0.145 -0.475 -0.1509889993 2
0 0.145 -0.465 -0.1796474093 1
0 0.145 -0.455 -0.2081463084 1
0 0.145 -0.445 -0.2364603921 1
0 0.145 -0.435 -0.2645645199 1
0 0.145 -0.425 -0.2924337379 1
0 0.145 -0.415 -0.3200433008 1
0 0.145 -0.405 -0.3473686936 1
0 0.145 -0.395 -0.3743856538 1
0 0.145 -0.385 -0.4010701929 1
0 0.145 -0.375 -0.4273986172 1
0 0.145 -0.365 -0.4533475495 1
0 0.145 -0.355 -0.4788939494 2
0 0.145 -0.345 -0.504015134 2
0 0.145 -0.335 -0.528688798 2
0 0.145 -0.325 -0.5528930332 2
0 0.145 -0.315 -0.5766063485 2
0 0.145 -0.305 -0.5998076886 2
0 0.145 -0.295 -0.6224764528 2
0 0.145 -0.285 -0.6445925131 2
0 0.145 -0.275 -0.6661362325 2
0 0.145 -0.265 -0.6870884821 2
0 0.145 -0.255 -0.7074306581 2
0 0.145 -0.245 -0.7271446985 2
0 0.145 -0.235 -0.746213099 2
0 0.145 -0.225 -0.7646189285 2
0 0.145 -0.215 -0.7823458443 2
0 0.145 -0.205 -0.7993781065 2
0 0.145 -0.195 -0.8157005919 2
0 0.145 -0.185 -0.8312988076 2
0 0.145 -0.175 -0.8461589038 2
0 0.145 -0.165 -0.8602676861 2
0 0.145 -0.155 -0.873612627 2
0 0.145 -0.145 -0.8861818774 2
0 0.145 -0.135 -0.8979642771 2
0 0.145 -0.125 -0.9089493642 2
0 0.145 -0.115 -0.919127385 2
0 0.145 -0.105 -0.9284893023 2
0 0.145 -0.095 -0.9370268036 2
0 0.145 -0.085 -0.9447323083 2
0 0.145 -0.075 -0.9515989745 2
0 0.145 -0.065 -0.9576207054 2
0 0.145 -0.055 -0.9627921541 2
0 0.145 -0.045 -0.9671087289 2
0 0.145 -0.035 -0.970566597 2
0 0.145 -0.025 -0.9731626882 2
0 0.145 -0.015 -0.9748946973 2
0 0.145 -0.005 -0.9757610865 2
0 0.145 0.005 -0.9757610865 2
0 0.145 0.015 -0.9748946973 2
0 0.145 0.025 -0.9731626882 2
0 0.145 0.035 -0.970566597 2
0 0.145 0.045 -0.9671087289 2
0 0.145 0.055 -0.9627921541 2
0 0.145 0.065 -0.9576207054 2
0 0.145 0.075 -0.9515989745 2
0 0.145 0.085 -0.9447323083 1
0 0.145 0.095 -0.9370268036 1
0 0.145 0.105 -0.9284893023 1
0 0.145 0.115 -0.919127385 1
0 0.145 0.125 -0.9089493642 1
0 0.145 0.135 -0.8979642771 1
0 0.145 0.145 -0.8861818774 1
0 0.145 0.155 -0.873612627 1
0 0.145 0.165 -0.8602676861 1
0 0.145 0.175 -0.8461589038 1
0 0.145 0.185 -0.8312988076 1
0 0.145 0.195 -0.8157005919 1
0 0.145 0.205 -0.7993781065 1
0 0.145 0.215 -0.7823458443 1
0 0.145 0.225 -0.7646189285 1
0 0.145 0.235 -0.746213099 2
0 0.145 0.245 -0.7271446985 2
0 0.145 0.255 -0.7074306581 2
0 0.145 0.265 -0.6870884821 2
0 0.145 0.275 -0.6661362325 2
0 0.145 0.285 -0.6445925131 2
0 0.145 0.295 -0.6224764528 2
0 0.145 0.305 -0.5998076886 2
0 0.145 0.315 -0.5766063485 2
0 0.145 0.325 -0.5528930332 1
0 0.145 0.335 -0.528688798 1
0 0.145 0.345 -0.504015134 1
0 0.145 0.355 -0.4788939494 1
0 0.145 0.365 -0.4533475495 1
0 0.145 0.375 -0.4273986172 1
0 0.145 0.385 -0.4010701929 2
0 0.145 0.395 -0.3743856538 2
0 0.145 0.405 -0.3473686936 2
0 0.145 0.415 -0.3200433008 2
0 0.145 0.425 -0.2924337379 2
0 0.145 0.435 -0.2645645199 2
0 0.145 0.445 -0.2364603921 2
0 0.145 0.455 -0.2081463084 2
0 0.145 0.465 -0.1796474093 2
0 0.145 0.475 -0.1509889993 2
0 0.145 0.485 -0.1221965244 2
0 0.145 0.495 -0.09329554992 2
0 0.145 0.505 0 2
0 0.145 0.515 0 2
0 0.145 0.525 0 2
0 0.145 0.535 0 1
0 0.145 0.545 0 1
0 0.145 0.555 0 1
0 0.145 0.565 0 1
0 0.155 -0.555 0 1
0 0.155 -0.545 0 1
0 0.155 -0.535 0 1
0 0.155 -0.525 0 1
0 0.155 -0.515 0 1
0 0.155 -0.505 0 1
0 0.155 -0.495 -0.09296789793 1
0 0.155 -0.485 -0.1217673728 1
0 0.155 -0.475 -0.1504587291 2
0 0.155 -0.465 -0.1790164915 1
0 0.155 -0.455 -0.207415303 1
0 0.155 -0.445 -0.2356299482 1
0 0.155 -0.435 -0.2636353749 1
0 0.155 -0.425 -0.2914067169 1
0 0.155 -0.415 -0.3189193155 1
0 0.155 -0.405 -0.3461487421 1
0 0.155 -0.395 -0.3730708194 1
0 0.155 -0.385 -0.3996616429 1
0 0.155 -0.375 -0.4258976023 1
0 0.155 -0.365 -0.4517554025 1
0 0.155 -0.355 -0.477212084 2
0 0.155 -0.345 -0.5022450436 2
0 0.155 -0.335 -0.5268320542 2
0 0.155 -0.325 -0.5509512846 2
0 0.155 -0.315 -0.5745813193 2
0 0.155 -0.305 -0.5977011768 2
0 0.155 -0.295 -0.6202903287 2
0 0.155 -0.285 -0.6423287179 2
0 0.155 -0.275 -0.6637967762 2
0 0.155 -0.265 -0.6846754419 2
0 0.155 -0.255 -0.7049461766 2
0 0.155 -0.245 -0.7245909818 2
0 0.155 -0.235 -0.7435924144 2
0 0.155 -0.225 -0.7619336031 2
0 0.155 -0.215 -0.7795982624 2
0 0.155 -0.205 -0.7965707076 2
0 0.155 -0.195 -0.8128358688 2
0 0.155 -0.185 -0.8283793039 2
0 0.155 -0.175 -0.8431872117 2
0 0.155 -0.165 -0.8572464442 2
0 0.155 -0.155 -0.870544518 2
0 0.155 -0.145 -0.8830696255 2
0 0.155 -0.135 -0.8948106457 2
0 0.155 -0.125 -0.9057571534 2
0 0.155 -0.115 -0.9158994292 2
0 0.155 -0.105 -0.9252284676 2
0 0.155 -0.095 -0.9337359854 2
0 0.155 -0.085 -0.9414144285 2
0 0.155 -0.075 -0.9482569792 2
0 0.155 -0.065 -0.9542575618 2
0 0.155 -0.055 -0.9594108485 2
0 0.155 -0.045 -0.9637122636 2
0 0.155 -0.035 -0.9671579878 2
0 0.155 -0.025 -0.9697449615 2
0 0.155 -0.015 -0.9714708879 2
0 0.155 -0.005 -0.9723342343 2
0 0.155 0.005 -0.9723342343 2
0 0.155 0.015 -0.9714708879 2
0 0.155 0.025 -0.9697449615 2
0 0.155 0.035 -0.9671579878 2
0 0.155 0.045 -0.9637122636 2
0 0.155 0.055 -0.9594108485 2
0 0.155 0.065 -0.9542575618 2
0 0.155 0.075 -0.9482569792 2
0 0.155 0.085 -0.9414144285 2
0 0.155 0.095 -0.9337359854 2
0 0.155 0.105 -0.9252284676 2
0 0.155 0.115 -0.9158994292 2
0 0.155 0.125 -0.9057571534 2
0 0.155 0.135 -0.8948106457 1
0 0.155 0.145 -0.8830696255 1
0 0.155 0.155 -0.870544518 1
0 0.155 0.165 -0.8572464442 1
0 0.155 0.175 -0.8431872117 1
0 0.155 0.185 -0.8283793039 1
0 0.155 0.195 -0.8128358688 1
0 0.155 0.205 -0.7965707076 1
0 0.155 0.215 -0.7795982624 1
0 0.155 0.225 -0.7619336031 1
0 0.155 0.235 -0.7435924144 2
0 0.155 0.245 -0.7245909818 2
0 0.155 0.255 -0.7049461766 2
0 0.155 0.265 -0.6846754419 2
0 0.155 0.275 -0.6637967762 2
0 0.155 0.285 -0.6423287179 2
0 0.155 0.295 -0.6202903287 2
0 0.155 0.305 -0.5977011768 2
0 0.155 0.315 -0.5745813193 2
0 0.155 0.325 -0.5509512846 1
0 0.155 0.335 -0.5268320542 1
0 0.155 0.345 -0.5022450436 1
0 0.155 0.355 -0.477212084 1
0 0.155 0.365 -0.4517554025 1
0 0.155 0.375 -0.4258976023 1
0 0.155 0.385 -0.3996616429 2
0 0.155 0.395 -0.3730708194 2
0 0.155 0.405 -0.3461487421 2
0 0.155 0.415 -0.3189193155 2
0 0.155 0.425 -0.2914067169 2
0 0.155 0.435 -0.2636353749 2
0 0.155 0.445 -0.2356299482 2
0 0.155 0.455 -0.207415303 2
0 0.155 0.465 -0.1790164915 2
0 0.155 0.475 -0.1504587291 2
0 0.155 0.485 -0.1217673728 2
0 0.155 0.495 -0.09296789793 2
0 0.155 0.505 0 2
0 0.155 0.515 0 2
0 0.155 0.525 0 2
0 0.155 0.535 0 1
0 0.155 0.545 0 1
0 0.155 0.555 0 1
0 0.155 0.565 0 1
0 0.165 -0.555 0 1
0 0.165 -0.545 0 1
0 0.165 -0.535 0 1
0 0.165 -0.525 0 1
0 0.165 -0.515 0 1
0 0.165 -0.505 0 1
0 0.165 -0.495 -0.09261881994 1
0 0.165 -0.485 -0.1213101579 1
0 0.165 -0.475 -0.1498937833 2
0 0.165 -0.465 -0.1783443162 2
0 0.165 -0.455 -0.2066364953 1
0 0.165 -0.445 -0.2347451995 1
0 0.165 -0.435 -0.2626454708 1
0 0.165 -0.425 -0.2903125363 1
0 0.165 -0.415 -0.31772183 1
0 0.165 -0.405 -0.3448490149 1
0 0.165 -0.395 -0.3716700045 1
0 0.165 -0.385 -0.3981609842 1
0 0.165 -0.375 -0.4242984322 1
0 0.165 -0.365 -0.450059141 1
0 0.165 -0.355 -0.4754202372 1
0 0.165 -0.345 -0.5003592024 1
0 0.165 -0.335 -0.5248538931 1
0 0.165 -0.325 -0.5488825601 1
0 0.165 -0.315 -0.5724238682 1
0 0.165 -0.305 -0.5954569147 2
0 0.165 -0.295 -0.6179612484 2
0 0.165 -0.285 -0.6399168873 2
0 0.165 -0.275 -0.6613043369 2
0 0.165 -0.265 -0.6821046069 2
0 0.165 -0.255 -0.7022992286 2
0 0.165 -0.245 -0.721870271 2
0 0.165 -0.235 -0.7408003566 2
0 0.165 -0.225 -0.7590726774 2
0 0.165 -0.215 -0.776671009 2
0 0.165 -0.205 -0.7935797257 2
0 0.165 -0.195 -0.8097838141 2
0 0.165 -0.185 -0.8252688863 2
0 0.165 -0.175 -0.8400211931 2
0 0.165 -0.165 -0.8540276357 2
0 0.165 -0.155 -0.8672757775 2
0 0.165 -0.145 -0.8797538555 2
0 0.165 -0.135 -0.8914507902 2
0 0.165 -0.125 -0.9023561957 2
0 0.165 -0.115 -0.9124603891 2
0 0.165 -0.105 -0.9217543986 2
0 0.165 -0.095 -0.9302299721 2
0 0.165 -0.085 -0.937879584 2
0 0.165 -0.075 -0.9446964422 2
0 0.165 -0.065 -0.9506744937 2
0 0.165 -0.055 -0.9558084307 2
0 0.165 -0.045 -0.9600936948 2
0 0.165 -0.035 -0.9635264808 2
0 0.165 -0.025 -0.966103741 2
0 0.165 -0.015 -0.9678231868 2
0 0.165 -0.005 -0.9686832915 2
0 0.165 0.005 -0.9686832915 2
0 0.165 0.015 -0.9678231868 2
0 0.165 0.025 -0.966103741 2
0 0.165 0.035 -0.9635264808 2
0 0.165 0.045 -0.9600936948 2
0 0.165 0.055 -0.9558084307 2
0 0.165 0.065 -0.9506744937 2
0 0.165 0.075 -0.9446964422 2
0 0.165 0.085 -0.937879584 2
0 0.165 0.095 -0.9302299721 2
0 0.165 0.105 -0.9217543986 2
0 0.165 0.115 -0.9124603891 2
0 0.165 0.125 -0.9023561957 2
0 0.165 0.135 -0.8914507902 2
0 0.165 0.145 -0.8797538555 1
0 0.165 0.155 -0.8672757775 1
0 0.165 0.165 -0.8540276357 1
0 0.165 0.175 -0.8400211931 1
0 0.165 0.185 -0.8252688863 1
0 0.165 0.195 -0.8097838141 1
0 0.165 0.205 -0.7935797257 1
0 0.165 0.215 -0.776671009 1
0 0.165 0.225 -0.7590726774 1
0 0.165 0.235 -0.7408003566 2
0 0.165 0.245 -0.721870271 2
0 0.165 0.255 -0.7022992286 2
0 0.165 0.265 -0.6821046069 2
0 0.165 0.275 -0.6613043369 2
0 0.165 0.285 -0.6399168873 2
0 0.165 0.295 -0.6179612484 2
0 0.165 0.305 -0.5954569147 2
0 0.165 0.315 -0.5724238682 2
0 0.165 0.325 -0.5488825601 2
0 0.165 0.335 -0.5248538931 1
0 0.165 0.345 -0.5003592024 1
0 0.165 0.355 -0.4754202372 1
0 0.165 0.365 -0.450059141 1
0 0.165 0.375 -0.4242984322 2
0 0.165 0.385 -0.3981609842 2
0 0.165 0.395 -0.3716700045 2
0 0.165 0.405 -0.3448490149 2
0 0.165 0.415 -0.31772183 2
0 0.165 0.425 -0.2903125363 2
0 0.165 0.435 -0.2626454708 2
0 0.165 0.445 -0.2347451995 2
0 0.165 0.455 -0.2066364953 2
0 0.165 0.465 -0.1783443162 2
0 0.165 0.475 -0.1498937833 2
0 0.165 0.485 -0.1213101579 2
0 0.165 0.495 -0.09261881994 2
0 0.165 0.505 0 2
0 0.165 0.515 0 2
0 0.165 0.525 0 2
0 0.165 0.535 0 1
0 0.165 0.545 0 1
0 0.165 0.555 0 1
0 0.165 0.565 0 1
0 0.175 -0.555 0 1
0 0.175 -0.545 0 1
0 0.175 -0.535 0 1
0 0.175 -0.525 0 1
0 0.175 -0.515 0 1
0 0.175 -0.505 0 1
0 0.175 -0.495 -0.0922483964 1
0 0.175 -0.485 -0.1208249851 1
0 0.175 -0.475 -0.1492942919 2
0 0.175 -0.465 -0.1776310386 2
0 0.175 -0.455 -0.2058100647 2
0 0.175 -0.445 -0.2338063498 2
0 0.175 -0.435 -0.2615950356 1
0 0.175 -0.425 -0.2891514483 1
0 0.175 -0.415 -0.3164511201 1
0 0.175 -0.405 -0.3434698115 1
0 0.175 -0.395 -0.3701835321 1
0 0.175 -0.385 -0.3965685627 1
0 0.175 -0.375 -0.4226014755 1
0 0.175 -0.365 -0.4482591558 1
0 0.175 -0.355 -0.4735188218 1
0 0.175 -0.345 -0.4983580451 1
0 0.175 -0.335 -0.5227547707 1
0 0.175 -0.325 -0.5466873365 1
0 0.175 -0.315 -0.5701344925 1
0 0.175 -0.305 -0.5930754197 2
0 0.175 -0.295 -0.6154897486 2
0 0.175 -0.285 -0.6373575772 2
0 0.175 -0.275 -0.6586594889 2
0 0.175 -0.265 -0.6793765695 2
0 0.175 -0.255 -0.699490424 2
0 0.175 -0.245 -0.7189831931 2
0 0.175 -0.235 -0.737837569 2
0 0.175 -0.225 -0.7560368107 2
0 0.175 -0.215 -0.7735647588 2
0 0.175 -0.205 -0.7904058501 2
0 0.175 -0.195 -0.8065451312 2
0 0.175 -0.185 -0.8219682718 2
0 0.175 -0.175 -0.8366615776 2
0 0.175 -0.165 -0.8506120022 2
0 0.175 -0.155 -0.8638071589 2
0 0.175 -0.145 -0.8762353315 2
0 0.175 -0.135 -0.887885485 2
0 0.175 -0.125 -0.898747275 2
0 0.175 -0.115 -0.9088110572 2
0 0.175 -0.105 -0.9180678959 2
0 0.175 -0.095 -0.9265095719 2
0 0.175 -0.085 -0.9341285896 2
0 0.175 -0.075 -0.9409181841 2
0 0.175 -0.065 -0.9468723268 2
0 0.175 -0.055 -0.951985731 2
0 0.175 -0.045 -0.9562538563 2
0 0.175 -0.035 -0.9596729132 2
0 0.175 -0.025 -0.9622398657 2
0 0.175 -0.015 -0.9639524347 2
0 0.175 -0.005 -0.9648090995 2
0 0.175 0.005 -0.9648090995 2
0 0.175 0.015 -0.9639524347 2
0 0.175 0.025 -0.9622398657 2
0 0.175 0.035 -0.9596729132 2
0 0.175 0.045 -0.9562538563 2
0 0.175 0.055 -0.951985731 2
0 0.175 0.065 -0.9468723268 2
0 0.175 0.075 -0.9409181841 2
0 0.175 0.085 -0.9341285896 2
0 0.175 0.095 -0.9265095719 2
0 0.175 0.105 -0.9180678959 2
0 0.175 0.115 -0.9088110572 2
0 0.175 0.125 -0.898747275 2
0 0.175 0.135 -0.887885485 2
0 0.175 0.145 -0.8762353315 2
0 0.175 0.155 -0.8638071589 1
0 0.175 0.165 -0.8506120022 1
0 0.175 0.175 -0.8366615776 1
0 0.175 0.185 -0.8219682718 1
0 0.175 0.195 -0.8065451312 1
0 0.175 0.205 -0.7904058501 1
0 0.175 0.215 -0.7735647588 1
0 0.175 0.225 -0.7560368107 1
0 0.175 0.235 -0.737837569 2
0 0.175 0.245 -0.7189831931 2
0 0.175 0.255 -0.699490424 2
0 0.175 0.265 -0.6793765695 2
0 0.175 0.275 -0.6586594889 2
0 0.175 0.285 -0.6373575772 2
0 0.175 0.295 -0.6154897486 2
0 0.175 0.305 -0.5930754197 2
0 0.175 0.315 -0.5701344925 2
0 0.175 0.325 -0.5466873365 2
0 0.175 0.335 -0.5227547707 2
0 0.175 0.345 -0.4983580451 2
0 0.175 0.355 -0.4735188218 2
0 0.175 0.365 -0.4482591558 2
0 0.175 0.375 -0.4226014755 2
0 0.175 0.385 -0.3965685627 2
0 0.175 0.395 -0.3701835321 2
0 0.175 0.405 -0.3434698115 2
0 0.175 0.415 -0.3164511201 2
0 0.175 0.425 -0.2891514483 2
0 0.175 0.435 -0.2615950356 2
0 0.175 0.445 -0.2338063498 2
0 0.175 0.455 -0.2058100647 2
0 0.175 0.465 -0.1776310386 2
0 0.175 0.475 -0.1492942919 2
0 0.175 0.485 -0.1208249851 2
0 0.175 0.495 -0.0922483964 2
0 0.175 0.505 0 2
0 0.175 0.515 0 2
0 0.175 0.525 0 2
0 0.175 0.535 0 2
0 0.175 0.545 0 1
0 0.175 0.555 0 1
0 0.175 0.565 0 1
0 0.185 -0.555 0 2
0 0.185 -0.545 0 2
0 0.185 -0.535 0 1
0 0.185 -0.525 0 1
0 0.185 -0.515 0 1
0 0.185 -0.505 0 1
0 0.185 -0.495 -0.09185671267 2
0 0.185 -0.485 -0.1203119661 2
0 0.185 -0.475 -0.1486603931 2
0 0.185 -0.465 -0.1768768229 2
0 0.185 -0.455 -0.2049362018 2
0 0.185 -0.445 -0.2328136156 2
0 0.185 -0.435 -0.2604843115 2
0 0.185 -0.425 -0.2879237205 2
0 0.185 -0.415 -0.3151074789 2
0 0.185 -0.405 -0.3420114497 2
0 0.185 -0.395 -0.3686117448 2
0 0.185 -0.385 -0.3948847453 1
0 0.185 -0.375 -0.4208071233 1
0 0.185 -0.365 -0.4463558619 1
0 0.185 -0.355 -0.4715082761 1
0 0.185 -0.345 -0.4962420329 1
0 0.185 -0.335 -0.5205351708 1
0 0.185 -0.325 -0.5443661197 1
0 0.185 -0.315 -0.5677137198 1
0 0.185 -0.305 -0.5905572406 2
0 0.185 -0.295 -0.6128763989 2
0 0.185 -0.285 -0.6346513775 2
0 0.185 -0.275 -0.6558628419 2
0 0.185 -0.265 -0.6764919585 2
0 0.185 -0.255 -0.6965204102 2
0 0.185 -0.245 -0.7159304136 2
0 0.185 -0.235 -0.7347047345 2
0 0.185 -0.225 -0.7528267027 2
0 0.185 -0.215 -0.7702802277 2
0 0.185 -0.205 -0.7870498123 2
0 0.185 -0.195 -0.8031205665 2
0 0.185 -0.185 -0.818478221 2
0 0.185 -0.175 -0.8331091395 2
0 0.185 -0.165 -0.847000331 2
0 0.185 -0.155 -0.8601394615 2
0 0.185 -0.145 -0.8725148645 2
0 0.185 -0.135 -0.8841155518 2
0 0.185 -0.125 -0.894931223 2
0 0.185 -0.115 -0.9049522747 2
0 0.185 -0.105 -0.9141698092 2
0 0.185 -0.095 -0.9225756421 2
0 0.185 -0.085 -0.9301623097 2
0 0.185 -0.075 -0.9369230758 2
0 0.185 -0.065 -0.9428519374 2
0 0.185 -0.055 -0.9479436302 2
0 0.185 -0.045 -0.9521936332 2
0 0.185 -0.035 -0.9555981729 2
0 0.185 -0.025 -0.9581542262 2
0 0.185 -0.015 -0.9598595236 2
0 0.185 -0.005 -0.9607125511 2
0 0.185 0.005 -0.9607125511 2
0 0.185 0.015 -0.9598595236 2
0 0.185 0.025 -0.9581542262 2
0 0.185 0.035 -0.9555981729 2
0 0.185 0.045 -0.9521936332 2
0 0.185 0.055 -0.9479436302 2
0 0.185 0.065 -0.9428519374 2
0 0.185 0.075 -0.9369230758 2
0 0.185 0.085 -0.9301623097 2
0 0.185 0.095 -0.9225756421 2
0 0.185 0.105 -0.9141698092 2
0 0.185 0.115 -0.9049522747 2
0 0.185 0.125 -0.894931223 2
0 0.185 0.135 -0.8841155518 2
0 0.185 0.145 -0.8725148645 2
0 0.185 0.155 -0.8601394615 2
0 0.185 0.165 -0.847000331 2
0 0.185 0.175 -0.8331091395 2
0 0.185 0.185 -0.818478221 1
0 0.185 0.195 -0.8031205665 1
0 0.185 0.205 -0.7870498123 1
0 0.185 0.215 -0.7702802277 2
0 0.185 0.225 -0.7528267027 2
0 0.185 0.235 -0.7347047345 2
0 0.185 0.245 -0.7159304136 2
0 0.185 0.255 -0.6965204102 2
0 0.185 0.265 -0.6764919585 2
0 0.185 0.275 -0.6558628419 2
0 0.185 0.285 -0.6346513775 2
0 0.185 0.295 -0.6128763989 2
0 0.185 0.305 -0.5905572406 2
0 0.185 0.315 -0.5677137198 2
0 0.185 0.325 -0.5443661197 2
0 0.185 0.335 -0.5205351708 2
0 0.185 0.345 -0.4962420329 2
0 0.185 0.355 -0.4715082761 2
0 0.185 0.365 -0.4463558619 2
0 0.185 0.375 -0.4208071233 2
0 0.185 0.385 -0.3948847453 2
0 0.185 0.395 -0.3686117448 2
0 0.185 0.405 -0.3420114497 2
0 0.185 0.415 -0.3151074789 2
0 0.185 0.425 -0.2879237205 2
0 0.185 0.435 -0.2604843115 2
0 0.185 0.445 -0.2328136156 2
0 0.185 0.455 -0.2049362018 2
0 0.185 0.465 -0.1768768229 2
0 0.185 0.475 -0.1486603931 2
0 0.185 0.485 -0.1203119661 2
0 0.185 0.495 -0.09185671267 2
0 0.185 0.505 0 2
0 0.185 0.515 0 2
0 0.185 0.525 0 2
0 0.185 0.535 0 2
0 0.185 0.545 0 1
0 0.185 0.555 0 1
0 0.185 0.565 0 1
0 0.195 -0.555 0 2
0 0.195 -0.545 0 2
0 0.195 -0.535 0 2
0 0.195 -0.525 0 2
0 0.195 -0.515 0 2
0 0.195 -0.505 0 2
0 0.195 -0.495 -0.09144385904 2
0 0.195 -0.485 -0.1197712192 2
0 0.195 -0.475 -0.1479922331 2
0 0.195 -0.465 -0.176081843 2
0 0.195 -0.455 -0.204015108 2
0 0.195 -0.445 -0.2317672256 2
0 0.195 -0.435 -0.2593135545 2
0 0.195 -0.425 -0.286629636 2
0 0.195 -0.415 -0.3136912158 2
0 0.195 -0.405 -0.3404742657 2
0 0.195 -0.395 -0.3669550047 2
0 0.195 -0.385 -0.3931099202 1
0 0.195 -0.375 -0.418915789 1
0 0.195 -0.365 -0.4443496978 1
0 0.195 -0.355 -0.4693890635 1
0 0.195 -0.345 -0.4940116534 1
0 0.195 -0.335 -0.5181956049 1
0 0.195 -0.325 -0.5419194446 1
0 0.195 -0.315 -0.565162108 1
0 0.195 -0.305 -0.5879029577 2
0 0.195 -0.295 -0.6101218017 2
0 0.195 -0.285 -0.6317989117 2
0 0.195 -0.275 -0.6529150404 2
0 0.195 -0.265 -0.6734514386 2
0 0.195 -0.255 -0.6933898716 2
0 0.195 -0.245 -0.7127126361 2
0 0.195 -0.235 -0.731402575 2
0 0.195 -0.225 -0.7494430933 2
0 0.195 -0.215 -0.7668181727 2
0 0.195 -0.205 -0.7835123857 2
0 0.195 -0.195 -0.7995109093 2
0 0.195 -0.185 -0.8147995382 2
0 0.195 -0.175 -0.8293646975 2
0 0.195 -0.165 -0.8431934545 2
0 0.195 -0.155 -0.8562735306 2
0 0.195 -0.145 -0.8685933119 2
0 0.195 -0.135 -0.8801418595 2
0 0.195 -0.125 -0.8909089192 2
0 0.195 -0.115 -0.9008849309 2
0 0.195 -0.105 -0.9100610368 2
0 0.195 -0.095 -0.9184290893 2
0 0.195 -0.085 -0.9259816584 2
0 0.195 -0.075 -0.9327120379 2
0 0.195 -0.065 -0.938614252 2
0 0.195 -0.055 -0.94368306 2
0 0.195 -0.045 -0.9479139612 2
0 0.195 -0.035 -0.951303199 2
0 0.195 -0.025 -0.9538477641 2
0 0.195 -0.015 -0.955545397 2
0 0.195 -0.005 -0.9563945905 2
0 0.195 0.005 -0.9563945905 2
0 0.195 0.015 -0.955545397 2
0 0.195 0.025 -0.9538477641 2
0 0.195 0.035 -0.951303199 2
0 0.195 0.045 -0.9479139612 2
0 0.195 0.055 -0.94368306 2
0 0.195 0.065 -0.938614252 2
0 0.195 0.075 -0.9327120379 2
0 0.195 0.085 -0.9259816584 2
0 0.195 0.095 -0.9184290893 2
0 0.195 0.105 -0.9100610368 2
0 0.195 0.115 -0.9008849309 2
0 0.195 0.125 -0.8909089192 2
0 0.195 0.135 -0.8801418595 2
0 0.195 0.145 -0.8685933119 2
0 0.195 0.155 -0.8562735306 2
0 0.195 0.165 -0.8431934545 2
0 0.195 0.175 -0.8293646975 2
0 0.195 0.185 -0.8147995382 2
0 0.195 0.195 -0.7995109093 2
0 0.195 0.205 -0.7835123857 2
0 0.195 0.215 -0.7668181727 2
0 0.195 0.225 -0.7494430933 2
0 0.195 0.235 -0.731402575 2
0 0.195 0.245 -0.7127126361 2
0 0.195 0.255 -0.6933898716 2
0 0.195 0.265 -0.6734514386 2
0 0.195 0.275 -0.6529150404 2
0 0.195 0.285 -0.6317989117 2
0 0.195 0.295 -0.6101218017 2
0 0.195 0.305 -0.5879029577 2
0 0.195 0.315 -0.565162108 2
0 0.195 0.325 -0.5419194446 2
0 0.195 0.335 -0.5181956049 2
0 0.195 0.345 -0.4940116534 2
0 0.195 0.355 -0.4693890635 2
0 0.195 0.365 -0.4443496978 2
0 0.195 0.375 -0.418915789 2
0 0.195 0.385 -0.3931099202 2
0 0.195 0.395 -0.3669550047 2
0 0.195 0.405 -0.3404742657 2
0 0.195 0.415 -0.3136912158 2
0 0.195 0.425 -0.286629636 2
0 0.195 0.435 -0.2593135545 2
0 0.195 0.445 -0.2317672256 2
0 0.195 0.455 -0.204015108 2
0 0.195 0.465 -0.176081843 2
0 0.195 0.475 -0.1479922331 2
0 0.195 0.485 -0.1197712192 2
0 0.195 0.495 -0.09144385904 2
0 0.195 0.505 0 2
0 0.195 0.515 0 2
0 0.195 0.525 0 2
0 0.195 0.535 0 2
0 0.195 0.545 0 2
0 0.195 0.555 0 1
0 0.195 0.565 0 1
0 0.205 -0.555 0 2
0 0.205 -0.545 0 2
0 0.205 -0.535 0 2
0 0.205 -0.525 0 2
0 0.205 -0.515 0 2
0 0.205 -0.505 0 2
0 0.205 -0.495 -0.09100993065 2
0 0.205 -0.485 -0.119202869 2
0 0.205 -0.475 -0.1472899658 2
0 0.205 -0.465 -0.1752462822 2
0 0.205 -0.455 -0.2030469954 2
0 0.205 -0.445 -0.230667421 2
0 0.205 -0.435 -0.2580830343 2
0 0.205 -0.425 -0.2852694928 2
0 0.205 -0.415 -0.3122026574 2
0 0.205 -0.405 -0.3388586137 2
0 0.205 -0.395 -0.3652136937 1
0 0.205 -0.385 -0.3912444963 1
0 0.205 -0.375 -0.4169279086 1
0 0.205 -0.365 -0.4422411259 1
0 0.205 -0.355 -0.4671616724 1
0 0.205 -0.345 -0.4916674207 1
0 0.205 -0.335 -0.5157366121 1
0 0.205 -0.325 -0.5393478752 1
0 0.205 -0.315 -0.5624802452 1
0 0.205 -0.305 -0.5851131827 2
0 0.205 -0.295 -0.6072265917 2
0 0.205 -0.285 -0.6288008374 2
0 0.205 -0.275 -0.6498167638 2
0 0.205 -0.265 -0.6702557106 2
0 0.205 -0.255 -0.6900995298 2
0 0.205 -0.245 -0.709330602 2
0 0.205 -0.235 -0.7279318515 2
0 0.205 -0.225 -0.7458867622 2
0 0.205 -0.215 -0.7631793917 2
0 0.205 -0.205 -0.7797943857 2
0 0.205 -0.195 -0.7957169915 2
0 0.205 -0.185 -0.8109330713 2
0 0.205 -0.175 -0.8254291145 2
0 0.205 -0.165 -0.83919225 2
0 0.205 -0.155 -0.8522102573 2
0 0.205 -0.145 -0.8644715775 2
0 0.205 -0.135 -0.8759653237 2
0 0.205 -0.125 -0.8866812906 2
0 0.205 -0.115 -0.8966099631 2
0 0.205 -0.105 -0.9057425257 2
0 0.205 -0.095 -0.9140708693 2
0 0.205 -0.085 -0.9215875991 2
0 0.205 -0.075 -0.928286041 2
0 0.205 -0.065 -0.9341602474 2
0 0.205 -0.055 -0.9392050023 2
0 0.205 -0.045 -0.9434158267 2
0 0.205 -0.035 -0.9467889815 2
0 0.205 -0.025 -0.9493214719 2
0 0.205 -0.015 -0.951011049 2
0 0.205 -0.005 -0.9518562128 2
0 0.205 0.005 -0.9518562128 2
0 0.205 0.015 -0.951011049 2
0 0.205 0.025 -0.9493214719 2
0 0.205 0.035 -0.9467889815 2
0 0.205 0.045 -0.9434158267 2
0 0.205 0.055 -0.9392050023 2
0 0.205 0.065 -0.9341602474 2
0 0.205 0.075 -0.928286041 2
0 0.205 0.085 -0.9215875991 2
0 0.205 0.095 -0.9140708693 2
0 0.205 0.105 -0.9057425257 2
0 0.205 0.115 -0.8966099631 2
0 0.205 0.125 -0.8866812906 2
0 0.205 0.135 -0.8759653237 2
0 0.205 0.145 -0.8644715775 2
0 0.205 0.155 -0.8522102573 2
0 0.205 0.165 -0.83919225 2
0 0.205 0.175 -0.8254291145 2
0 0.205 0.185 -0.8109330713 2
0 0.205 0.195 -0.7957169915 2
0 0.205 0.205 -0.7797943857 2
0 0.205 0.215 -0.7631793917 2
0 0.205 0.225 -0.7458867622 2
0 0.205 0.235 -0.7279318515 2
0 0.205 0.245 -0.709330602 2
0 0.205 0.255 -0.6900995298 2
0 0.205 0.265 -0.6702557106 2
0 0.205 0.275 -0.6498167638 2
0 0.205 0.285 -0.6288008374 2
0 0.205 0.295 -0.6072265917 2
0 0.205 0.305 -0.5851131827 2
0 0.205 0.315 -0.5624802452 2
0 0.205 0.325 -0.5393478752 2
0 0.205 0.335 -0.5157366121 2
0 0.205 0.345 -0.4916674207 2
0 0.205 0.355 -0.4671616724 2
0 0.205 0.365 -0.4422411259 2
0 0.205 0.375 -0.4169279086 2
0 0.205 0.385 -0.3912444963 2
0 0.205 0.395 -0.3652136937 2
0 0.205 0.405 -0.3388586137 2
0 0.205 0.415 -0.3122026574 2
0 0.205 0.425 -0.2852694928 2
0 0.205 0.435 -0.2580830343 2
0 0.205 0.445 -0.230667421 2
0 0.205 0.455 -0.2030469954 2
0 0.205 0.465 -0.1752462822 2
0 0.205 0.475 -0.1472899658 2
0 0.205 0.485 -0.119202869 2
0 0.205 0.495 -0.09100993065 2
0 0.205 0.505 0 2
0 0.205 0.515 0 2
0 0.205 0.525 0 2
0 0.205 0.535 0 2
0 0.205 0.545 0 2
0 0.205 0.555 0 2
0 0.205 0.565 0 1
0 0.215 -0.555 0 2
0 0.215 -0.545 0 2
0 0.215 -0.535 0 2
0 0.215 -0.525 0 2
0 0.215 -0.515 0 2
0 0.215 -0.505 0 2
0 0.215 -0.495 -0.0905550275 2
0 0.215 -0.485 -0.1186070465 2
0 0.215 -0.475 -0.1465537531 2
0 0.215 -0.465 -0.1743703329 2
0 0.215 -0.455 -0.2020320873 2
0 0.215 -0.445 -0.2295144552 2
0 0.215 -0.435 -0.2567930346 2
0 0.215 -0.425 -0.2838436046 2
0 0.215 -0.415 -0.3106421467 2
0 0.215 -0.405 -0.3371648661 2
0 0.215 -0.395 -0.3633882131 1
0 0.215 -0.385 -0.3892889037 1
0 0.215 -0.375 -0.4148439402 1
0 0.215 -0.365 -0.4400306322 1
0 0.215 -0.355 -0.464826616 1
0 0.215 -0.345 -0.4892098751 1
0 0.215 -0.335 -0.5131587593 1
0 0.215 -0.325 -0.536652004 1
0 0.215 -0.315 -0.5596687494 2
0 0.215 -0.305 -0.5821885587 2
0 0.215 -0.295 -0.6041914362 2
0 0.215 -0.285 -0.6256578454 2
0 0.215 -0.275 -0.646568726 2
0 0.215 -0.265 -0.666905511 2
0 0.215 -0.255 -0.6866501431 2
0 0.215 -0.245 -0.7057850908 2
0 0.215 -0.235 -0.7242933641 2
0 0.215 -0.225 -0.7421585291 2
0 0.215 -0.215 -0.7593647233 2
0 0.215 -0.205 -0.7758966691 2
0 0.215 -0.195 -0.7917396875 2
0 0.215 -0.185 -0.8068797114 2
0 0.215 -0.175 -0.8213032977 2
0 0.215 -0.165 -0.8349976396 2
0 0.215 -0.155 -0.8479505778 2
0 0.215 -0.145 -0.8601506112 2
0 0.215 -0.135 -0.8715869072 2
0 0.215 -0.125 -0.8822493115 2
0 0.215 -0.115 -0.8921283566 2
0 0.215 -0.105 -0.9012152711 2
0 0.215 -0.095 -0.9095019864 2
0 0.215 -0.085 -0.9169811447 2
0 0.215 -0.075 -0.9236461051 2
0 0.215 -0.065 -0.9294909499 2
0 0.215 -0.055 -0.9345104892 2
0 0.215 -0.045 -0.9387002662 2
0 0.215 -0.035 -0.9420565607 2
0 0.215 -0.025 -0.9445763927 2
0 0.215 -0.015 -0.9462575247 2
0 0.215 -0.005 -0.947098464 2
0 0.215 0.005 -0.947098464 2
0 0.215 0.015 -0.9462575247 2
0 0.215 0.025 -0.9445763927 2
0 0.215 0.035 -0.9420565607 2
0 0.215 0.045 -0.9387002662 2
0 0.215 0.055 -0.9345104892 2
0 0.215 0.065 -0.9294909499 2
0 0.215 0.075 -0.9236461051 2
0 0.215 0.085 -0.9169811447 2
0 0.215 0.095 -0.9095019864 2
0 0.215 0.105 -0.9012152711 2
0 0.215 0.115 -0.8921283566 2
0 0.215 0.125 -0.8822493115 2
0 0.215 0.135 -0.8715869072 2
0 0.215 0.145 -0.8601506112 2
0 0.215 0.155 -0.8479505778 2
0 0.215 0.165 -0.8349976396 2
0 0.215 0.175 -0.8213032977 2
0 0.215 0.185 -0.8068797114 2
0 0.215 0.195 -0.7917396875 2
0 0.215 0.205 -0.7758966691 2
0 0.215 0.215 -0.7593647233 2
0 0.215 0.225 -0.7421585291 2
0 0.215 0.235 -0.7242933641 2
0 0.215 0.245 -0.7057850908 2
0 0.215 0.255 -0.6866501431 2
0 0.215 0.265 -0.666905511 2
0 0.215 0.275 -0.646568726 2
0 0.215 0.285 -0.6256578454 2
0 0.215 0.295 -0.6041914362 2
0 0.215 0.305 -0.5821885587 2
0 0.215 0.315 -0.5596687494 2
0 0.215 0.325 -0.536652004 2
0 0.215 0.335 -0.5131587593 2
0 0.215 0.345 -0.4892098751 2
0 0.215 0.355 -0.464826616 2
0 0.215 0.365 -0.4400306322 2
0 0.215 0.375 -0.4148439402 2
0 0.215 0.385 -0.3892889037 2
0 0.215 0.395 -0.3633882131 2
0 0.215 0.405 -0.3371648661 2
0 0.215 0.415 -0.3106421467 2
0 0.215 0.425 -0.2838436046 2
0 0.215 0.435 -0.2567930346 2
0 0.215 0.445 -0.2295144552 2
0 0.215 0.455 -0.2020320873 2
0 0.215 0.465 -0.1743703329 2
0 0.215 0.475 -0.1465537531 2
0 0.215 0.485 -0.1186070465 2
0 0.215 0.495 -0.0905550275 2
0 0.215 0.505 0 2
0 0.215 0.515 0 2
0 0.215 0.525 0 2
0 0.215 0.535 0 2
0 0.215 0.545 0 2
0 0.215 0.555 0 2
0 0.215 0.565 0 1
0 0.225 -0.555 0 2
0 0.225 -0.545 0 2
0 0.225 -0.535 0 2
0 0.225 -0.525 0 2
0 0.225 -0.515 0 2
0 0.225 -0.505 0 2
0 0.225 -0.495 -0.09007925444 2
0 0.225 -0.485 -0.1179838891 2
0 0.225 -0.475 -0.1457837646 2
0 0.225 -0.465 -0.173454197 2
0 0.225 -0.455 -0.2009706175 2
0 0.225 -0.445 -0.2283085939 2
0 0.225 -0.435 -0.2554438526 2
0 0.225 -0.425 -0.2823522999 2
0 0.225 -0.415 -0.3090100433 2
0 0.225 -0.405 -0.3353934133 2
0 0.225 -0.395 -0.3614789837 1
0 0.225 -0.385 -0.3872435929 1
0 0.225 -0.375 -0.4126643641 1
0 0.225 -0.365 -0.4377187261 1
0 0.225 -0.355 -0.4623844326 1
0 0.225 -0.345 -0.4866395829 1
0 0.225 -0.335 -0.5104626404 1
0 0.225 -0.325 -0.5338324525 1
0 0.225 -0.315 -0.5567282687 2
0 0.225 -0.305 -0.5791297596 2
0 0.225 -0.295 -0.6010170348 2
0 0.225 -0.285 -0.6223706602 2
0 0.225 -0.275 -0.6431716757 2
0 0.225 -0.265 -0.6634016119 2
0 0.225 -0.255 -0.6830425063 2
0 0.225 -0.245 -0.7020769197 2
0 0.225 -0.235 -0.7204879511 2
0 0.225 -0.225 -0.7382592532 2
0 0.225 -0.215 -0.7553750466 2
0 0.225 -0.205 -0.7718201341 2
0 0.225 -0.195 -0.7875799138 2
0 0.225 -0.185 -0.8026403925 2
0 0.225 -0.175 -0.8169881978 2
0 0.225 -0.165 -0.8306105902 2
0 0.225 -0.155 -0.8434954741 2
0 0.225 -0.145 -0.8556314089 2
0 0.225 -0.135 -0.867007619 2
0 0.225 -0.125 -0.8776140033 2
0 0.225 -0.115 -0.8874411443 2
0 0.225 -0.105 -0.8964803164 2
0 0.225 -0.095 -0.9047234936 2
0 0.225 -0.085 -0.9121633566 2
0 0.225 -0.075 -0.9187932996 2
0 0.225 -0.065 -0.9246074358 2
0 0.225 -0.055 -0.9296006026 2
0 0.225 -0.045 -0.9337683666 2
0 0.225 -0.035 -0.9371070273 2
0 0.225 -0.025 -0.9396136201 2
0 0.225 -0.015 -0.9412859195 2
0 0.225 -0.005 -0.9421224406 2
0 0.225 0.005 -0.9421224406 2
0 0.225 0.015 -0.9412859195 2
0 0.225 0.025 -0.9396136201 2
0 0.225 0.035 -0.9371070273 2
0 0.225 0.045 -0.9337683666 2
0 0.225 0.055 -0.9296006026 2
0 0.225 0.065 -0.9246074358 2
0 0.225 0.075 -0.9187932996 2
0 0.225 0.085 -0.9121633566 2
0 0.225 0.095 -0.9047234936 2
0 0.225 0.105 -0.8964803164 2
0 0.225 0.115 -0.8874411443 2
0 0.225 0.125 -0.8776140033 2
0 0.225 0.135 -0.867007619 2
0 0.225 0.145 -0.8556314089 2
0 0.225 0.155 -0.8434954741 2
0 0.225 0.165 -0.8306105902 2
0 0.225 0.175 -0.8169881978 2
0 0.225 0.185 -0.8026403925 2
0 0.225 0.195 -0.7875799138 2
0 0.225 0.205 -0.7718201341 2
0 0.225 0.215 -0.7553750466 2
0 0.225 0.225 -0.7382592532 2
0 0.225 0.235 -0.7204879511 2
0 0.225 0.245 -0.7020769197 2
0 0.225 0.255 -0.6830425063 2
0 0.225 0.265 -0.6634016119 2
0 0.225 0.275 -0.6431716757 2
0 0.225 0.285 -0.6223706602 2
0 0.225 0.295 -0.6010170348 2
0 0.225 0.305 -0.5791297596 2
0 0.225 0.315 -0.5567282687 2
0 0.225 0.325 -0.5338324525 2
0 0.225 0.335 -0.5104626404 2
0 0.225 0.345 -0.4866395829 2
0 0.225 0.355 -0.4623844326 2
0 0.225 0.365 -0.4377187261 2
0 0.225 0.375 -0.4126643641 2
0 0.225 0.385 -0.3872435929 2
0 0.225 0.395 -0.3614789837 2
0 0.225 0.405 -0.3353934133 2
0 0.225 0.415 -0.3090100433 2
0 0.225 0.425 -0.2823522999 2
0 0.225 0.435 -0.2554438526 2
0 0.225 0.445 -0.2283085939 2
0 0.225 0.455 -0.2009706175 2
0 0.225 0.465 -0.173454197 2
0 0.225 0.475 -0.1457837646 2
0 0.225 0.485 -0.1179838891 2
0 0.225 0.495 -0.09007925444 2
0 0.225 0.505 0 2
0 0.225 0.515 0 2
0 0.225 0.525 0 2
0 0.225 0.535 0 2
0 0.225 0.545 0 2
0 0.225 0.555 0 2
0 0.225 0.565 0 1
0 0.235 -0.555 0 2
0 0.235 -0.545 0 2
0 0.235 -0.535 0 2
0 0.235 -0.525 0 2
0 0.235 -0.515 0 2
0 0.235 -0.505 0 2
0 0.235 -0.495 -0.08958272111 2
0 0.235 -0.485 -0.1173335403 2
0 0.235 -0.475 -0.1449801778 2
0 0.235 -0.465 -0.1724980857 2
0 0.235 -0.455 -0.1998628307 2
0 0.235 -0.445 -0.2270501152 2
0 0.235 -0.435 -0.2540357994 2
0 0.235 -0.425 -0.2807959223 2
0 0.235 -0.415 -0.3073067234 2
0 0.235 -0.405 -0.3335446634 2
0 0.235 -0.395 -0.3594864454 1
0 0.235 -0.385 -0.3851090353 1
0 0.235 -0.375 -0.4103896827 1
0 0.235 -0.365 -0.4353059404 1
0 0.235 -0.355 -0.4598356851 1
0 0.235 -0.345 -0.4839571365 1
0 0.235 -0.335 -0.507648877 1
0 0.235 -0.325 -0.5308898703 2
0 0.235 -0.315 -0.5536594806 2
0 0.235 -0.305 -0.5759374904 2
0 0.235 -0.295 -0.5977041189 2
0 0.235 -0.285 -0.6189400392 2
0 0.235 -0.275 -0.6396263958 2
0 0.235 -0.265 -0.6597448208 2
0 0.235 -0.255 -0.6792774511 2
0 0.235 -0.245 -0.6982069433 2
0 0.235 -0.235 -0.7165164897 2
0 0.235 -0.225 -0.7341898331 2
0 0.235 -0.215 -0.7512112812 2
0 0.235 -0.205 -0.7675657203 2
0 0.235 -0.195 -0.7832386293 2
0 0.235 -0.185 -0.7982160918 2
0 0.235 -0.175 -0.8124848094 2
0 0.235 -0.165 -0.8260321126 2
0 0.235 -0.155 -0.8388459727 2
0 0.235 -0.145 -0.850915012 2
0 0.235 -0.135 -0.8622285144 2
0 0.235 -0.125 -0.8727764343 2
0 0.235 -0.115 -0.8825494064 2
0 0.235 -0.105 -0.8915387529 2
0 0.235 -0.095 -0.8997364922 2
0 0.235 -0.085 -0.9071353453 2
0 0.235 -0.075 -0.9137287429 2
0 0.235 -0.065 -0.9195108304 2
0 0.235 -0.055 -0.924476474 2
0 0.235 -0.045 -0.9286212646 2
0 0.235 -0.035 -0.9319415219 2
0 0.235 -0.025 -0.934434298 2
0 0.235 -0.015 -0.9360973793 2
0 0.235 -0.005 -0.9369292893 2
0 0.235 0.005 -0.9369292893 2
0 0.235 0.015 -0.9360973793 2
0 0.235 0.025 -0.934434298 2
0 0.235 0.035 -0.9319415219 2
0 0.235 0.045 -0.9286212646 2
0 0.235 0.055 -0.924476474 2
0 0.235 0.065 -0.9195108304 2
0 0.235 0.075 -0.9137287429 2
0 0.235 0.085 -0.9071353453 2
0 0.235 0.095 -0.8997364922 2
0 0.235 0.105 -0.8915387529 2
0 0.235 0.115 -0.8825494064 2
0 0.235 0.125 -0.8727764343 2
0 0.235 0.135 -0.8622285144 2
0 0.235 0.145 -0.850915012 2
0 0.235 0.155 -0.8388459727 2
0 0.235 0.165 -0.8260321126 2
0 0.235 0.175 -0.8124848094 2
0 0.235 0.185 -0.7982160918 2
0 0.235 0.195 -0.7832386293 2
0 0.235 0.205 -0.7675657203 2
0 0.235 0.215 -0.7512112812 2
0 0.235 0.225 -0.7341898331 2
0 0.235 0.235 -0.7165164897 2
0 0.235 0.245 -0.6982069433 2
0 0.235 0.255 -0.6792774511 2
0 0.235 0.265 -0.6597448208 2
0 0.235 0.275 -0.6396263958 2
0 0.235 0.285 -0.6189400392 2
0 0.235 0.295 -0.5977041189 2
0 0.235 0.305 -0.5759374904 2
0 0.235 0.315 -0.5536594806 2
0 0.235 0.325 -0.5308898703 2
0 0.235 0.335 -0.507648877 2
0 0.235 0.345 -0.4839571365 2
0 0.235 0.355 -0.4598356851 2
0 0.235 0.365 -0.4353059404 2
0 0.235 0.375 -0.4103896827 2
0 0.235 0.385 -0.3851090353 2
0 0.235 0.395 -0.3594864454 2
0 0.235 0.405 -0.3335446634 2
0 0.235 0.415 -0.3073067234 2
0 0.235 0.425 -0.2807959223 2
0 0.235 0.435 -0.2540357994 2
0 0.235 0.445 -0.2270501152 2
0 0.235 0.455 -0.1998628307 2
0 0.235 0.465 -0.1724980857 2
0 0.235 0.475 -0.1449801778 2
0 0.235 0.485 -0.1173335403 2
0 0.235 0.495 -0.08958272111 2
0 0.235 0.505 0 2
0 0.235 0.515 0 2
0 0.235 0.525 0 2
0 0.235 0.535 0 2
0 0.235 0.545 0 2
0 0.235 0.555 0 2
0 0.235 0.565 0 1
0 0.245 -0.555 0 2
0 0.245 -0.545 0 2
0 0.245 -0.535 0 2
0 0.245 -0.525 0 2
0 0.245 -0.515 0 2
0 0.245 -0.505 0 2
0 0.245 -0.495 -0.08906554194 2
0 0.245 -0.485 -0.1166561501 2
0 0.245 -0.475 -0.1441431779 2
0 0.245 -0.465 -0.1715022194 2
0 0.245 -0.455 -0.1987089822 2
0 0.245 -0.445 -0.225739309 2
0 0.245 -0.435 -0.2525691994 2
0 0.245 -0.425 -0.2791748307 2
0 0.245 -0.415 -0.3055325796 2
0 0.245 -0.405 -0.3316190427 2
0 0.245 -0.395 -0.3574110575 1
0 0.245 -0.385 -0.382885723 1
0 0.245 -0.375 -0.40802042 1
0 0.245 -0.365 -0.4327928312 1
0 0.245 -0.355 -0.4571809607 1
0 0.245 -0.345 -0.4811631541 2
0 0.245 -0.335 -0.5047181174 2
0 0.245 -0.325 -0.5278249358 2
0 0.245 -0.315 -0.5504630925 2
0 0.245 -0.305 -0.5726124869 2
0 0.245 -0.295 -0.5942534522 2
0 0.245 -0.285 -0.6153667733 2
0 0.245 -0.275 -0.6359337032 2
0 0.245 -0.265 -0.6559359806 2
0 0.245 -0.255 -0.675355845 2
0 0.245 -0.245 -0.6941760534 2
0 0.245 -0.235 -0.7123798952 2
0 0.245 -0.225 -0.7299512068 2
0 0.245 -0.215 -0.7468743866 2
0 0.245 -0.205 -0.7631344082 2
0 0.245 -0.195 -0.7787168343 2
0 0.245 -0.185 -0.793607829 2
0 0.245 -0.175 -0.8077941703 2
0 0.245 -0.165 -0.8212632622 2
0 0.245 -0.155 -0.8340031453 2
0 0.245 -0.145 -0.8460025076 2
0 0.245 -0.135 -0.8572506948 2
0 0.245 -0.125 -0.8677377195 2
0 0.245 -0.115 -0.8774542702 2
0 0.245 -0.105 -0.8863917194 2
0 0.245 -0.095 -0.8945421315 2
0 0.245 -0.085 -0.9018982696 2
0 0.245 -0.075 -0.9084536021 2
0 0.245 -0.065 -0.9142023085 2
0 0.245 -0.055 -0.9191392844 2
0 0.245 -0.045 -0.9232601463 2
0 0.245 -0.035 -0.9265612351 2
0 0.245 -0.025 -0.9290396198 2
0 0.245 -0.015 -0.9306930999 2
0 0.245 -0.005 -0.9315202071 2
0 0.245 0.005 -0.9315202071 2
0 0.245 0.015 -0.9306930999 2
0 0.245 0.025 -0.9290396198 2
0 0.245 0.035 -0.9265612351 2
0 0.245 0.045 -0.9232601463 2
0 0.245 0.055 -0.9191392844 2
0 0.245 0.065 -0.9142023085 2
0 0.245 0.075 -0.9084536021 2
0 0.245 0.085 -0.9018982696 2
0 0.245 0.095 -0.8945421315 2
0 0.245 0.105 -0.8863917194 2
0 0.245 0.115 -0.8774542702 2
0 0.245 0.125 -0.8677377195 2
0 0.245 0.135 -0.8572506948 2
0 0.245 0.145 -0.8460025076 2
0 0.245 0.155 -0.8340031453 2
0 0.245 0.165 -0.8212632622 2
0 0.245 0.175 -0.8077941703 2
0 0.245 0.185 -0.793607829 2
0 0.245 0.195 -0.7787168343 2
0 0.245 0.205 -0.7631344082 2
0 0.245 0.215 -0.7468743866 2
0 0.245 0.225 -0.7299512068 2
0 0.245 0.235 -0.7123798952 2
0 0.245 0.245 -0.6941760534 2
0 0.245 0.255 -0.675355845 2
0 0.245 0.265 -0.6559359806 2
0 0.245 0.275 -0.6359337032 2
0 0.245 0.285 -0.6153667733 2
0 0.245 0.295 -0.5942534522 2
0 0.245 0.305 -0.5726124869 2
0 0.245 0.315 -0.5504630925 2
0 0.245 0.325 -0.5278249358 2
0 0.245 0.335 -0.5047181174 2
0 0.245 0.345 -0.4811631541 2
0 0.245 0.355 -0.4571809607 2
0 0.245 0.365 -0.4327928312 2
0 0.245 0.375 -0.40802042 2
0 0.245 0.385 -0.382885723 2
0 0.245 0.395 -0.3574110575 2
0 0.245 0.405 -0.3316190427 2
0 0.245 0.415 -0.3055325796 2
0 0.245 0.425 -0.2791748307 2
0 0.245 0.435 -0.2525691994 2
0 0.245 0.445 -0.225739309 2
0 0.245 0.455 -0.1987089822 2
0 0.245 0.465 -0.1715022194 2
0 0.245 0.475 -0.1441431779 2
0 0.245 0.485 -0.1166561501 2
0 0.245 0.495 -0.08906554194 2
0 0.245 0.505 0 2
0 0.245 0.515 0 2
0 0.245 0.525 0 2
0 0.245 0.535 0 2
0 0.245 0.545 0 2
0 0.245 0.555 0 2
0 0.245 0.565 0 1
0 0.255 -0.555 0 2
0 0.255 -0.545 0 2
0 0.255 -0.535 0 2
0 0.255 -0.525 0 2
0 0.255 -0.515 0 2
0 0.255 -0.505 0 2
0 0.255 -0.495 -0.08852783614 2
0 0.255 -0.485 -0.1159518745 2
0 0.255 -0.475 -0.1432729578 2
0 0.255 -0.465 -0.1704668275 2
0 0.255 -0.455 -0.1975093378 2
0 0.255 -0.445 -0.2243764774 2
0 0.255 -0.435 -0.2510443905 2
0 0.255 -0.425 -0.2774893986 2
0 0.255 -0.415 -0.3036880207 2
0 0.255 -0.405 -0.3296169947 2
0 0.255 -0.395 -0.3552532982 2
0 0.255 -0.385 -0.3805741683 2
0 0.255 -0.375 -0.4055571223 2
0 0.255 -0.365 -0.4301799776 2
0 0.255 -0.355 -0.4544208713 2
0 0.255 -0.345 -0.4782582796 2
0 0.255 -0.335 -0.5016710371 2
0 0.255 -0.325 -0.5246383551 2
0 0.255 -0.315 -0.547139841 2
0 0.255 -0.305 -0.5691555152 2
0 0.255 -0.295 -0.5906658299 2
0 0.255 -0.285 -0.6116516857 2
0 0.255 -0.275 -0.6320944492 2
0 0.255 -0.265 -0.651975969 2
0 0.255 -0.255 -0.6712785919 2
0 0.255 -0.245 -0.6899851791 2
0 0.255 -0.235 -0.7080791208 2
0 0.255 -0.225 -0.725544351 2
0 0.255 -0.215 -0.7423653623 2
0 0.255 -0.205 -0.7585272191 2
0 0.255 -0.195 -0.7740155711 2
0 0.255 -0.185 -0.7888166659 2
0 0.255 -0.175 -0.8029173616 2
0 0.255 -0.165 -0.816305138 2
0 0.255 -0.155 -0.828968108 2
0 0.255 -0.145 -0.8408950278 2
0 0.255 -0.135 -0.8520753076 2
0 0.255 -0.125 -0.8624990201 2
0 0.255 -0.115 -0.8721569101 2
0 0.255 -0.105 -0.8810404022 2
0 0.255 -0.095 -0.8891416087 2
0 0.255 -0.085 -0.8964533363 2
0 0.255 -0.075 -0.902969093 2
0 0.255 -0.065 -0.9086830934 2
0 0.255 -0.055 -0.9135902638 2
0 0.255 -0.045 -0.9176862473 2
0 0.255 -0.035 -0.9209674068 2
0 0.255 -0.025 -0.923430829 2
0 0.255 -0.015 -0.9250743267 2
0 0.255 -0.005 -0.9258964405 2
0 0.255 0.005 -0.9258964405 2
0 0.255 0.015 -0.9250743267 2
0 0.255 0.025 -0.923430829 2
0 0.255 0.035 -0.9209674068 2
0 0.255 0.045 -0.9176862473 2
0 0.255 0.055 -0.9135902638 2
0 0.255 0.065 -0.9086830934 2
0 0.255 0.075 -0.902969093 2
0 0.255 0.085 -0.8964533363 2
0 0.255 0.095 -0.8891416087 2
0 0.255 0.105 -0.8810404022 2
0 0.255 0.115 -0.8721569101 2
0 0.255 0.125 -0.8624990201 2
0 0.255 0.135 -0.8520753076 2
0 0.255 0.145 -0.8408950278 2
0 0.255 0.155 -0.828968108 2
0 0.255 0.165 -0.816305138 2
0 0.255 0.175 -0.8029173616 2
0 0.255 0.185 -0.7888166659 2
0 0.255 0.195 -0.7740155711 2
0 0.255 0.205 -0.7585272191 2
0 0.255 0.215 -0.7423653623 2
0 0.255 0.225 -0.725544351 2
0 0.255 0.235 -0.7080791208 2
0 0.255 0.245 -0.6899851791 2
0 0.255 0.255 -0.6712785919 2
0 0.255 0.265 -0.651975969 2
0 0.255 0.275 -0.6320944492 2
0 0.255 0.285 -0.6116516857 2
0 0.255 0.295 -0.5906658299 2
0 0.255 0.305 -0.5691555152 2
0 0.255 0.315 -0.547139841 2
0 0.255 0.325 -0.5246383551 2
0 0.255 0.335 -0.5016710371 2
0 0.255 0.345 -0.4782582796 2
0 0.255 0.355 -0.4544208713 2
0 0.255 0.365 -0.4301799776 2
0 0.255 0.375 -0.4055571223 2
0 0.255 0.385 -0.3805741683 2
0 0.255 0.395 -0.3552532982 2
0 0.255 0.405 -0.3296169947 2
0 0.255 0.415 -0.3036880207 2
0 0.255 0.425 -0.2774893986 2
0 0.255 0.435 -0.2510443905 2
0 0.255 0.445 -0.2243764774 2
0 0.255 0.455 -0.1975093378 2
0 0.255 0.465 -0.1704668275 2
0 0.255 0.475 -0.1432729578 2
0 0.255 0.485 -0.1159518745 2
0 0.255 0.495 -0.08852783614 2
0 0.255 0.505 0 2
0 0.255 0.515 0 2
0 0.255 0.525 0 2
0 0.255 0.535 0 2
0 0.255 0.545 0 2
0 0.255 0.555 0 2
0 0.255 0.565 0 1
0 0.265 -0.555 0 2
0 0.265 -0.545 0 2
0 0.265 -0.535 0 2
0 0.265 -0.525 0 2
0 0.265 -0.515 0 2
0 0.265 -0.505 0 2
0 0.265 -0.495 -0.08796972763 2
0 0.265 -0.485 -0.1152208758 2
0 0.265 -0.475 -0.1423697181 2
0 0.265 -0.465 -0.1693921488 2
0 0.265 -0.455 -0.1962641742 2
0 0.265 -0.445 -0.2229619345 2
0 0.265 -0.435 -0.2494617244 2
0 0.265 -0.425 -0.2757400144 2
0 0.265 -0.415 -0.3017734718 2
0 0.265 -0.405 -0.3275389811 2
0 0.265 -0.395 -0.3530136649 2
0 0.265 -0.385 -0.3781749039 2
0 0.265 -0.375 -0.4030003572 2
0 0.265 -0.365 -0.427467982 2
0 0.265 -0.355 -0.4515560531 2
0 0.265 -0.345 -0.4752431826 2
0 0.265 -0.335 -0.4985083383 2
0 0.265 -0.325 -0.5213308629 2
0 0.265 -0.315 -0.543690492 2
0 0.265 -0.305 -0.5655673721 2
0 0.265 -0.295 -0.5869420787 2
0 0.265 -0.285 -0.6077956329 2
0 0.265 -0.275 -0.6281095185 2
0 0.265 -0.265 -0.6478656986 2
0 0.265 -0.255 -0.6670466315 2
0 0.265 -0.245 -0.6856352863 2
0 0.265 -0.235 -0.7036151578 2
0 0.265 -0.225 -0.7209702815 2
0 0.265 -0.215 -0.7376852476 2
0 0.265 -0.205 -0.7537452147 2
0 0.265 -0.195 -0.769135923 2
0 0.265 -0.185 -0.7838437069 2
0 0.265 -0.175 -0.7978555072 2
0 0.265 -0.165 -0.8111588827 2
0 0.265 -0.155 -0.8237420211 2
0 0.265 -0.145 -0.8355937498 2
0 0.265 -0.135 -0.8467035453 2
0 0.265 -0.125 -0.8570615434 2
0 0.265 -0.115 -0.8666585469 2
0 0.265 -0.105 -0.8754860345 2
0 0.265 -0.095 -0.8835361683 2
0 0.265 -0.085 -0.8908018005 2
0 0.265 -0.075 -0.8972764797 2
0 0.265 -0.065 -0.9029544571 2
0 0.265 -0.055 -0.9078306912 2
0 0.265 -0.045 -0.9119008522 2
0 0.265 -0.035 -0.9151613262 2
0 0.265 -0.025 -0.9176092182 2
0 0.265 -0.015 -0.9192423547 2
0 0.265 -0.005 -0.9200592857 2
0 0.265 0.005 -0.9200592857 2
0 0.265 0.015 -0.9192423547 2
0 0.265 0.025 -0.9176092182 2
0 0.265 0.035 -0.9151613262 2
0 0.265 0.045 -0.9119008522 2
0 0.265 0.055 -0.9078306912 2
0 0.265 0.065 -0.9029544571 2
0 0.265 0.075 -0.8972764797 2
0 0.265 0.085 -0.8908018005 2
0 0.265 0.095 -0.8835361683 2
0 0.265 0.105 -0.8754860345 2
0 0.265 0.115 -0.8666585469 2
0 0.265 0.125 -0.8570615434 2
0 0.265 0.135 -0.8467035453 2
0 0.265 0.145 -0.8355937498 2
0 0.265 0.155 -0.8237420211 2
0 0.265 0.165 -0.8111588827 2
0 0.265 0.175 -0.7978555072 2
0 0.265 0.185 -0.7838437069 2
0 0.265 0.195 -0.769135923 2
0 0.265 0.205 -0.7537452147 2
0 0.265 0.215 -0.7376852476 2
0 0.265 0.225 -0.7209702815 2
0 0.265 0.235 -0.7036151578 2
0 0.265 0.245 -0.6856352863 2
0 0.265 0.255 -0.6670466315 2
0 0.265 0.265 -0.6478656986 2
0 0.265 0.275 -0.6281095185 2
0 0.265 0.285 -0.6077956329 2
0 0.265 0.295 -0.5869420787 2
0 0.265 0.305 -0.5655673721 2
0 0.265 0.315 -0.543690492 2
0 0.265 0.325 -0.5213308629 2
0 0.265 0.335 -0.4985083383 2
0 0.265 0.345 -0.4752431826 2
0 0.265 0.355 -0.4515560531 2
0 0.265 0.365 -0.427467982 2
0 0.265 0.375 -0.4030003572 2
0 0.265 0.385 -0.3781749039 2
0 0.265 0.395 -0.3530136649 2
0 0.265 0.405 -0.3275389811 2
0 0.265 0.415 -0.3017734718 2
0 0.265 0.425 -0.2757400144 2
0 0.265 0.435 -0.2494617244 2
0 0.265 0.445 -0.2229619345 2
0 0.265 0.455 -0.1962641742 2
0 0.265 0.465 -0.1693921488 2
0 0.265 0.475 -0.1423697181 2
0 0.265 0.485 -0.1152208758 2
0 0.265 0.495 -0.08796972763 2
0 0.265 0.505 0 2
0 0.265 0.515 0 2
0 0.265 0.525 0 2
0 0.265 0.535 0 2
0 0.265 0.545 0 2
0 0.265 0.555 0 2
0 0.265 0.565 0 2
0 0.275 -0.555 0 2
0 0.275 -0.545 0 2
0 0.275 -0.535 0 2
0 0.275 -0.525 0 2
0 0.275 -0.515 0 2
0 0.275 -0.505 0 2
0 0.275 -0.495 -0.08739134502 2
0 0.275 -0.485 -0.1144633226 2
0 0.275 -0.475 -0.1414336669 2
0 0.275 -0.465 -0.1682784307 2
0 0.275 -0.455 -0.1949737782 2
0 0.275 -0.445 -0.2214960063 2
0 0.275 -0.435 -0.2478215656 2
0 0.275 -0.425 -0.2739270813 2
0 0.275 -0.415 -0.2997893741 2
0 0.275 -0.405 -0.3253854806 2
0 0.275 -0.395 -0.3506926737 2
0 0.275 -0.385 -0.3756884828 2
0 0.275 -0.375 -0.4003507139 2
0 0.275 -0.365 -0.4246574692 2
0 0.275 -0.355 -0.4485871663 2
0 0.275 -0.345 -0.4721185578 2
0 0.275 -0.335 -0.49523075 2
0 0.275 -0.325 -0.5179032212 2
0 0.275 -0.315 -0.5401158404 2
0 0.275 -0.305 -0.5618488847 2
0 0.275 -0.295 -0.583083057 2
0 0.275 -0.285 -0.6037995034 2
0 0.275 -0.275 -0.6239798295 2
0 0.275 -0.265 -0.6436061168 2
0 0.275 -0.255 -0.6626609391 2
0 0.275 -0.245 -0.6811273773 2
0 0.275 -0.235 -0.6989890349 2
0 0.275 -0.225 -0.7162300523 2
0 0.275 -0.215 -0.732835121 2
0 0.275 -0.205 -0.7487894972 2
0 0.275 -0.195 -0.7640790148 2
0 0.275 -0.185 -0.7786900981 2
0 0.275 -0.175 -0.7926097737 2
0 0.275 -0.165 -0.8058256823 2
0 0.275 -0.155 -0.8183260892 2
0 0.275 -0.145 -0.8300998952 2
0 0.275 -0.135 -0.8411366462 2
0 0.275 -0.125 -0.8514265425 2
0 0.275 -0.115 -0.8609604477 2
0 0.275 -0.105 -0.8697298965 2
0 0.275 -0.095 -0.8777271024 2
0 0.275 -0.085 -0.8849449645 2
0 0.275 -0.075 -0.8913770741 2
0 0.275 -0.065 -0.89701772 2
0 0.275 -0.055 -0.9018618938 2
0 0.275 -0.045 -0.9059052943 2
0 0.275 -0.035 -0.9091443314 2
0 0.275 -0.025 -0.911576129 2
0 0.275 -0.015 -0.913198528 2
0 0.275 -0.005 -0.9140100878 2
0 0.275 0.005 -0.9140100878 2
0 0.275 0.015 -0.913198528 2
0 0.275 0.025 -0.911576129 2
0 0.275 0.035 -0.9091443314 2
0 0.275 0.045 -0.9059052943 2
0 0.275 0.055 -0.9018618938 2
0 0.275 0.065 -0.89701772 2
0 0.275 0.075 -0.8913770741 2
0 0.275 0.085 -0.8849449645 2
0 0.275 0.095 -0.8777271024 2
0 0.275 0.105 -0.8697298965 2
0 0.275 0.115 -0.8609604477 2
0 0.275 0.125 -0.8514265425 2
0 0.275 0.135 -0.8411366462 2
0 0.275 0.145 -0.8300998952 2
0 0.275 0.155 -0.8183260892 2
0 0.275 0.165 -0.8058256823 2
0 0.275 0.175 -0.7926097737 2
0 0.275 0.185 -0.7786900981 2
0 0.275 0.195 -0.7640790148 2
0 0.275 0.205 -0.7487894972 2
0 0.275 0.215 -0.732835121 2
0 0.275 0.225 -0.7162300523 2
0 0.275 0.235 -0.6989890349 2
0 0.275 0.245 -0.6811273773 2
0 0.275 0.255 -0.6626609391 2
0 0.275 0.265 -0.6436061168 2
0 0.275 0.275 -0.6239798295 2
0 0.275 0.285 -0.6037995034 2
0 0.275 0.295 -0.583083057 2
0 0.275 0.305 -0.5618488847 2
0 0.275 0.315 -0.5401158404 2
0 0.275 0.325 -0.5179032212 2
0 0.275 0.335 -0.49523075 2
0 0.275 0.345 -0.4721185578 2
0 0.275 0.355 -0.4485871663 2
0 0.275 0.365 -0.4246574692 2
0 0.275 0.375 -0.4003507139 2
0 0.275 0.385 -0.3756884828 2
0 0.275 0.395 -0.3506926737 2
0 0.275 0.405 -0.3253854806 2
0 0.275 0.415 -0.2997893741 2
0 0.275 0.425 -0.2739270813 2
0 0.275 0.435 -0.2478215656 2
0 0.275 0.445 -0.2214960063 2
0 0.275 0.455 -0.1949737782 2
0 0.275 0.465 -0.1682784307 2
0 0.275 0.475 -0.1414336669 2
0 0.275 0.485 -0.1144633226 2
0 0.275 0.495 -0.08739134502 2
0 0.275 0.505 0 2
0 0.275 0.515 0 2
0 0.275 0.525 0 2
0 0.275 0.535 0 2
0 0.275 0.545 0 2
0 0.275 0.555 0 2
0 0.275 0.565 0 2
0 0.285 -0.555 0 2
0 0.285 -0.545 0 2
0 0.285 -0.535 0 2
0 0.285 -0.525 0 2
0 0.285 -0.515 0 2
0 0.285 -0.505 0 2
0 0.285 -0.495 -0.08679282163 2
0 0.285 -0.485 -0.1136793894 2
0 0.285 -0.475 -0.14046502 2
0 0.285 -0.465 -0.1671259301 2
0 0.285 -0.455 -0.1936384472 2
0 0.285 -0.445 -0.2199790306 2
0 0.285 -0.435 -0.2461242922 2
0 0.285 -0.425 -0.2720510172 2
0 0.285 -0.415 -0.2977361851 2
0 0.285 -0.405 -0.3231569897 2
0 0.285 -0.395 -0.3482908595 2
0 0.285 -0.385 -0.3731154781 2
0 0.285 -0.375 -0.3976088032 2
0 0.285 -0.365 -0.421749087 2
0 0.285 -0.355 -0.445514895 2
0 0.285 -0.345 -0.4688851254 2
0 0.285 -0.335 -0.4918390275 2
0 0.285 -0.325 -0.5143562201 2
0 0.285 -0.315 -0.5364167102 2
0 0.285 -0.305 -0.5580009098 2
0 0.285 -0.295 -0.5790896541 2
0 0.285 -0.285 -0.5996642183 2
0 0.285 -0.275 -0.6197063339 2
0 0.285 -0.265 -0.6391982053 2
0 0.285 -0.255 -0.6581225254 2
0 0.285 -0.245 -0.6764624912 2
0 0.285 -0.235 -0.6942018184 2
0 0.285 -0.225 -0.711324756 2
0 0.285 -0.215 -0.7278161003 2
0 0.285 -0.205 -0.7436612086 2
0 0.285 -0.195 -0.7588460118 2
0 0.285 -0.185 -0.7733570272 2
0 0.285 -0.175 -0.7871813701 2
0 0.285 -0.165 -0.8003067659 2
0 0.285 -0.155 -0.8127215604 2
0 0.285 -0.145 -0.8244147303 2
0 0.285 -0.135 -0.8353758931 2
0 0.285 -0.125 -0.8455953163 2
0 0.285 -0.115 -0.8550639259 2
0 0.285 -0.105 -0.8637733147 2
0 0.285 -0.095 -0.8717157495 2
0 0.285 -0.085 -0.8788841782 2
0 0.285 -0.075 -0.8852722357 2
0 0.285 -0.065 -0.8908742501 2
0 0.285 -0.055 -0.8956852473 2
0 0.285 -0.045 -0.8997009555 2
0 0.285 -0.035 -0.9029178092 2
0 0.285 -0.025 -0.905332952 2
0 0.285 -0.015 -0.9069442395 2
0 0.285 -0.005 -0.9077502411 2
0 0.285 0.005 -0.9077502411 2
0 0.285 0.015 -0.9069442395 2
0 0.285 0.025 -0.905332952 2
0 0.285 0.035 -0.9029178092 2
0 0.285 0.045 -0.8997009555 2
0 0.285 0.055 -0.8956852473 2
0 0.285 0.065 -0.8908742501 2
0 0.285 0.075 -0.8852722357 2
0 0.285 0.085 -0.8788841782 2
0 0.285 0.095 -0.8717157495 2
0 0.285 0.105 -0.8637733147 2
0 0.285 0.115 -0.8550639259 2
0 0.285 0.125 -0.8455953163 2
0 0.285 0.135 -0.8353758931 2
0 0.285 0.145 -0.8244147303 2
0 0.285 0.155 -0.8127215604 2
0 0.285 0.165 -0.8003067659 2
0 0.285 0.175 -0.7871813701 2
0 0.285 0.185 -0.7733570272 2
0 0.285 0.195 -0.7588460118 2
0 0.285 0.205 -0.7436612086 2
0 0.285 0.215 -0.7278161003 2
0 0.285 0.225 -0.711324756 2
0 0.285 0.235 -0.6942018184 2
0 0.285 0.245 -0.6764624912 2
0 0.285 0.255 -0.6581225254 2
0 0.285 0.265 -0.6391982053 2
0 0.285 0.275 -0.6197063339 2
0 0.285 0.285 -0.5996642183 2
0 0.285 0.295 -0.5790896541 2
0 0.285 0.305 -0.5580009098 2
0 0.285 0.315 -0.5364167102 2
0 0.285 0.325 -0.5143562201 2
0 0.285 0.335 -0.4918390275 2
0 0.285 0.345 -0.4688851254 2
0 0.285 0.355 -0.445514895 2
0 0.285 0.365 -0.421749087 2
0 0.285 0.375 -0.3976088032 2
0 0.285 0.385 -0.3731154781 2
0 0.285 0.395 -0.3482908595 2
0 0.285 0.405 -0.3231569897 2
0 0.285 0.415 -0.2977361851 2
0 0.285 0.425 -0.2720510172 2
0 0.285 0.435 -0.2461242922 2
0 0.285 0.445 -0.2199790306 2
0 0.285 0.455 -0.1936384472 2
0 0.285 0.465 -0.1671259301 2
0 0.285 0.475 -0.14046502 2
0 0.285 0.485 -0.1136793894 2
0 0.285 0.495 -0.08679282163 2
0 0.285 0.505 0 2
0 0.285 0.515 0 2
0 0.285 0.525 0 2
0 0.285 0.535 0 2
0 0.285 0.545 0 2
0 0.285 0.555 0 2
0 0.285 0.565 0 2
0 0.295 -0.555 0 2
0 0.295 -0.545 0 2
0 0.295 -0.535 0 2
0 0.295 -0.525 0 2
0 0.295 -0.515 0 2
0 0.295 -0.505 0 2
0 0.295 -0.495 -0.08617429538 2
0 0.295 -0.485 -0.1128692569 2
0 0.295 -0.475 -0.1394640005 2
0 0.295 -0.465 -0.1659349125 2
0 0.295 -0.455 -0.1922584891 2
0 0.295 -0.445 -0.2184113571 2
0 0.295 -0.435 -0.2443702953 2
0 0.295 -0.425 -0.2701122544 2
0 0.295 -0.415 -0.2956143777 2
0 0.295 -0.405 -0.3208540218 2
0 0.295 -0.395 -0.3458087759 2
0 0.295 -0.385 -0.3704564826 2
0 0.295 -0.375 -0.3947752568 2
0 0.295 -0.365 -0.4187435057 2
0 0.295 -0.355 -0.4423399475 2
0 0.295 -0.345 -0.4655436307 2
0 0.295 -0.335 -0.4883339525 2
0 0.295 -0.325 -0.5106906771 2
0 0.295 -0.315 -0.5325939537 2
0 0.295 -0.305 -0.5540243342 2
0 0.295 -0.295 -0.5749627903 2
0 0.295 -0.285 -0.5953907305 2
0 0.295 -0.275 -0.6152900166 2
0 0.295 -0.265 -0.6346429798 2
0 0.295 -0.255 -0.6534324364 2
0 0.295 -0.245 -0.671641703 2
0 0.295 -0.235 -0.6892546114 2
0 0.295 -0.225 -0.706255523 2
0 0.295 -0.215 -0.7226293423 2
0 0.295 -0.205 -0.738361531 2
0 0.295 -0.195 -0.7534381202 2
0 0.295 -0.185 -0.7678457232 2
0 0.295 -0.175 -0.7815715474 2
0 0.295 -0.165 -0.7946034055 2
0 0.295 -0.155 -0.8069297263 2
0 0.295 -0.145 -0.8185395652 2
0 0.295 -0.135 -0.8294226137 2
0 0.295 -0.125 -0.8395692085 2
0 0.295 -0.115 -0.8489703404 2
0 0.295 -0.105 -0.857617662 2
0 0.295 -0.095 -0.8655034953 2
0 0.295 -0.085 -0.8726208384 2
0 0.295 -0.075 -0.8789633716 2
0 0.295 -0.065 -0.8845254634 2
0 0.295 -0.055 -0.8893021752 2
0 0.295 -0.045 -0.8932892656 2
0 0.295 -0.035 -0.8964831944 2
0 0.295 -0.025 -0.8988811258 2
0 0.295 -0.015 -0.9004809306 2
0 0.295 -0.005 -0.9012811883 2
0 0.295 0.005 -0.9012811883 2
0 0.295 0.015 -0.9004809306 2
0 0.295 0.025 -0.8988811258 2
0 0.295 0.035 -0.8964831944 2
0 0.295 0.045 -0.8932892656 2
0 0.295 0.055 -0.8893021752 2
0 0.295 0.065 -0.8845254634 2
0 0.295 0.075 -0.8789633716 2
0 0.295 0.085 -0.8726208384 2
0 0.295 0.095 -0.8655034953 2
0 0.295 0.105 -0.857617662 2
0 0.295 0.115 -0.8489703404 2
0 0.295 0.125 -0.8395692085 2
0 0.295 0.135 -0.8294226137 2
0 0.295 0.145 -0.8185395652 2
0 0.295 0.155 -0.8069297263 2
0 0.295 0.165 -0.7946034055 2
0 0.295 0.175 -0.7815715474 2
0 0.295 0.185 -0.7678457232 2
0 0.295 0.195 -0.7534381202 2
0 0.295 0.205 -0.738361531 2
0 0.295 0.215 -0.7226293423 2
0 0.295 0.225 -0.706255523 2
0 0.295 0.235 -0.6892546114 2
0 0.295 0.245 -0.671641703 2
0 0.295 0.255 -0.6534324364 2
0 0.295 0.265 -0.6346429798 2
0 0.295 0.275 -0.6152900166 2
0 0.295 0.285 -0.5953907305 2
0 0.295 0.295 -0.5749627903 2
0 0.295 0.305 -0.5540243342 2
0 0.295 0.315 -0.5325939537 2
0 0.295 0.325 -0.5106906771 2
0 0.295 0.335 -0.4883339525 2
0 0.295 0.345 -0.4655436307 2
0 0.295 0.355 -0.4423399475 2
0 0.295 0.365 -0.4187435057 2
0 0.295 0.375 -0.3947752568 2
0 0.295 0.385 -0.3704564826 2
0 0.295 0.395 -0.3458087759 2
0 0.295 0.405 -0.3208540218 2
0 0.295 0.415 -0.2956143777 2
0 0.295 0.425 -0.2701122544 2
0 0.295 0.435 -0.2443702953 2
0 0.295 0.445 -0.2184113571 2
0 0.295 0.455 -0.1922584891 2
0 0.295 0.465 -0.1659349125 2
0 0.295 0.475 -0.1394640005 2
0 0.295 0.485 -0.1128692569 2
0 0.295 0.495 -0.08617429538 2
0 0.295 0.505 0 2
0 0.295 0.515 0 2
0 0.295 0.525 0 2
0 0.295 0.535 0 2
0 0.295 0.545 0 2
0 0.295 0.555 0 2
0 0.295 0.565 0 2
0 0.305 -0.555 0 2
0 0.305 -0.545 0 2
0 0.305 -0.535 0 2
0 0.305 -0.525 0 2
0 0.305 -0.515 0 2
0 0.305 -0.505 0 2
0 0.305 -0.495 -0.08553590882 2
0 0.305 -0.485 -0.1120331118 2
0 0.305 -0.475 -0.1384308393 2
0 0.305 -0.465 -0.1647056525 2
0 0.305 -0.455 -0.1908342217 2
0 0.305 -0.445 -0.2167933471 2
0 0.305 -0.435 -0.2425599793 2
0 0.305 -0.425 -0.2681112397 2
0 0.305 -0.415 -0.2934244411 2
0 0.305 -0.405 -0.3184771077 2
0 0.305 -0.395 -0.3432469949 2
0 0.305 -0.385 -0.3677121093 2
0 0.305 -0.375 -0.391850728 2
0 0.305 -0.365 -0.415641418 2
0 0.305 -0.355 -0.4390630553 2
0 0.305 -0.345 -0.4620948436 2
0 0.305 -0.335 -0.4847163328 2
0 0.305 -0.325 -0.5069074369 2
0 0.305 -0.315 -0.5286484522 2
0 0.305 -0.305 -0.5499200746 2
0 0.305 -0.295 -0.5707034168 2
0 0.305 -0.285 -0.5909800251 2
0 0.305 -0.275 -0.6107318955 2
0 0.305 -0.265 -0.6299414903 2
0 0.305 -0.255 -0.648591753 2
0 0.305 -0.245 -0.6666661238 2
0 0.305 -0.235 -0.6841485543 2
0 0.305 -0.225 -0.7010235216 2
0 0.305 -0.215 -0.7172760423 2
0 0.305 -0.205 -0.7328916856 2
0 0.305 -0.195 -0.7478565861 2
0 0.305 -0.185 -0.7621574564 2
0 0.305 -0.175 -0.7757815985 2
0 0.305 -0.165 -0.7887169155 2
0 0.305 -0.155 -0.8009519219 2
0 0.305 -0.145 -0.8124757541 2
0 0.305 -0.135 -0.82327818 2
0 0.305 -0.125 -0.8333496079 2
0 0.305 -0.115 -0.8426810955 2
0 0.305 -0.105 -0.851264357 2
0 0.305 -0.095 -0.8590917714 2
0 0.305 -0.085 -0.8661563886 2
0 0.305 -0.075 -0.8724519358 2
0 0.305 -0.065 -0.8779728231 2
0 0.305 -0.055 -0.8827141486 2
0 0.305 -0.045 -0.8866717023 2
0 0.305 -0.035 -0.8898419702 2
0 0.305 -0.025 -0.8922221375 2
0 0.305 -0.015 -0.8938100908 2
0 0.305 -0.005 -0.8946044201 2
0 0.305 0.005 -0.8946044201 2
0 0.305 0.015 -0.8938100908 2
0 0.305 0.025 -0.8922221375 2
0 0.305 0.035 -0.8898419702 2
0 0.305 0.045 -0.8866717023 2
0 0.305 0.055 -0.8827141486 2
0 0.305 0.065 -0.8779728231 2
0 0.305 0.075 -0.8724519358 2
0 0.305 0.085 -0.8661563886 2
0 0.305 0.095 -0.8590917714 2
0 0.305 0.105 -0.851264357 2
0 0.305 0.115 -0.8426810955 2
0 0.305 0.125 -0.8333496079 2
0 0.305 0.135 -0.82327818 2
0 0.305 0.145 -0.8124757541 2
0 0.305 0.155 -0.8009519219 2
0 0.305 0.165 -0.7887169155 2
0 0.305 0.175 -0.7757815985 2
0 0.305 0.185 -0.7621574564 2
0 0.305 0.195 -0.7478565861 2
0 0.305 0.205 -0.7328916856 2
0 0.305 0.215 -0.7172760423 2
0 0.305 0.225 -0.7010235216 2
0 0.305 0.235 -0.6841485543 2
0 0.305 0.245 -0.6666661238 2
0 0.305 0.255 -0.648591753 2
0 0.305 0.265 -0.6299414903 2
0 0.305 0.275 -0.6107318955 2
0 0.305 0.285 -0.5909800251 2
0 0.305 0.295 -0.5707034168 2
0 0.305 0.305 -0.5499200746 2
0 0.305 0.315 -0.5286484522 2
0 0.305 0.325 -0.5069074369 2
0 0.305 0.335 -0.4847163328 2
0 0.305 0.345 -0.4620948436 2
0 0.305 0.355 -0.4390630553 2
0 0.305 0.365 -0.415641418 2
0 0.305 0.375 -0.391850728 2
0 0.305 0.385 -0.3677121093 2
0 0.305 0.395 -0.3432469949 2
0 0.305 0.405 -0.3184771077 2
0 0.305 0.415 -0.2934244411 2
0 0.305 0.425 -0.2681112397 2
0 0.305 0.435 -0.2425599793 2
0 0.305 0.445 -0.2167933471 2
0 0.305 0.455 -0.1908342217 2
0 0.305 0.465 -0.1647056525 2
0 0.305 0.475 -0.1384308393 2
0 0.305 0.485 -0.1120331118 2
0 0.305 0.495 -0.08553590882 2
0 0.305 0.505 0 2
0 0.305 0.515 0 2
0 0.305 0.525 0 2
0 0.305 0.535 0 2
0 0.305 0.545 0 2
0 0.305 0.555 0 2
0 0.305 0.565 0 2
0 0.315 -0.555 0 2
0 0.315 -0.545 0 2
0 0.315 -0.535 0 2
0 0.315 -0.525 0 2
0 0.315 -0.515 0 2
0 0.315 -0.505 0 2
0 0.315 -0.495 -0.0848778091 2
0 0.315 -0.485 -0.1111711468 2
0 0.315 -0.475 -0.1373657744 2
0 0.315 -0.465 -0.1634384333 2
0 0.315 -0.455 -0.1893659735 2
0 0.315 -0.445 -0.2151253735 2
0 0.315 -0.435 -0.2406937612 2
0 0.315 -0.425 -0.2660484343 2
0 0.315 -0.415 -0.29116688 2
0 0.315 -0.405 -0.3160267953 2
0 0.315 -0.395 -0.340606107 2
0 0.315 -0.385 -0.3648829906 2
0 0.315 -0.375 -0.3888358905 2
0 0.315 -0.365 -0.4124435388 2
0 0.315 -0.355 -0.4356849737 2
0 0.315 -0.345 -0.4585395591 2
0 0.315 -0.335 -0.4809870021 2
0 0.315 -0.325 -0.5030073714 2
0 0.315 -0.315 -0.5245811147 2
0 0.315 -0.305 -0.5456890767 2
0 0.315 -0.295 -0.5663125151 2
0 0.315 -0.285 -0.5864331184 2
0 0.315 -0.275 -0.6060330211 2
0 0.315 -0.265 -0.6250948203 2
0 0.315 -0.255 -0.6436015908 2
0 0.315 -0.245 -0.6615369003 2
0 0.315 -0.235 -0.6788848237 2
0 0.315 -0.225 -0.6956299577 2
0 0.315 -0.215 -0.7117574341 2
0 0.315 -0.205 -0.7272529331 2
0 0.315 -0.195 -0.742102696 2
0 0.315 -0.185 -0.7562935377 2
0 0.315 -0.175 -0.7698128578 2
0 0.315 -0.165 -0.7826486525 2
0 0.315 -0.155 -0.7947895247 2
0 0.315 -0.145 -0.8062246944 2
0 0.315 -0.135 -0.8169440081 2
0 0.315 -0.125 -0.8269379481 2
0 0.315 -0.115 -0.8361976406 2
0 0.315 -0.105 -0.8447148639 2
0 0.315 -0.095 -0.8524820554 2
0 0.315 -0.085 -0.8594923185 2
0 0.315 -0.075 -0.8657394288 2
0 0.315 -0.065 -0.8712178394 2
0 0.315 -0.055 -0.8759226858 2
0 0.315 -0.045 -0.8798497907 2
0 0.315 -0.035 -0.8829956671 2
0 0.315 -0.025 -0.8853575218 2
0 0.315 -0.015 -0.8869332576 2
0 0.315 -0.005 -0.8877214755 2
0 0.315 0.005 -0.8877214755 2
0 0.315 0.015 -0.8869332576 2
0 0.315 0.025 -0.8853575218 2
0 0.315 0.035 -0.8829956671 2
0 0.315 0.045 -0.8798497907 2
0 0.315 0.055 -0.8759226858 2
0 0.315 0.065 -0.8712178394 2
0 0.315 0.075 -0.8657394288 2
0 0.315 0.085 -0.8594923185 2
0 0.315 0.095 -0.8524820554 2
0 0.315 0.105 -0.8447148639 2
0 0.315 0.115 -0.8361976406 2
0 0.315 0.125 -0.8269379481 2
0 0.315 0.135 -0.8169440081 2
0 0.315 0.145 -0.8062246944 2
0 0.315 0.155 -0.7947895247 2
0 0.315 0.165 -0.7826486525 2
0 0.315 0.175 -0.7698128578 2
0 0.315 0.185 -0.7562935377 2
0 0.315 0.195 -0.742102696 2
0 0.315 0.205 -0.7272529331 2
0 0.315 0.215 -0.7117574341 2
0 0.315 0.225 -0.6956299577 2
0 0.315 0.235 -0.6788848237 2
0 0.315 0.245 -0.6615369003 2
0 0.315 0.255 -0.6436015908 2
0 0.315 0.265 -0.6250948203 2
0 0.315 0.275 -0.6060330211 2
0 0.315 0.285 -0.5864331184 2
0 0.315 0.295 -0.5663125151 2
0 0.315 0.305 -0.5456890767 2
0 0.315 0.315 -0.5245811147 2
0 0.315 0.325 -0.5030073714 2
0 0.315 0.335 -0.4809870021 2
0 0.315 0.345 -0.4585395591 2
0 0.315 0.355 -0.4356849737 2
0 0.315 0.365 -0.4124435388 2
0 0.315 0.375 -0.3888358905 2
0 0.315 0.385 -0.3648829906 2
0 0.315 0.395 -0.340606107 2
0 0.315 0.405 -0.3160267953 2
0 0.315 0.415 -0.29116688 2
0 0.315 0.425 -0.2660484343 2
0 0.315 0.435 -0.2406937612 2
0 0.315 0.445 -0.2151253735 2
0 0.315 0.455 -0.1893659735 2
0 0.315 0.465 -0.1634384333 2
0 0.315 0.475 -0.1373657744 2
0 0.315 0.485 -0.1111711468 2
0 0.315 0.495 -0.0848778091 2
0 0.315 0.505 0 2
0 0.315 0.515 0 2
0 0.315 0.525 0 2
0 0.315 0.535 0 2
0 0.315 0.545 0 2
0 0.315 0.555 0 2
0 0.315 0.565 0 2
0 0.325 -0.555 0 2
0 0.325 -0.545 0 2
0 0.325 -0.535 0 2
0 0.325 -0.525 0 2
0 0.325 -0.515 0 2
0 0.325 -0.505 0 2
0 0.325 -0.495 -0.08420014786 2
0 0.325 -0.485 -0.1102835605 2
0 0.325 -0.475 -0.1362690512 2
0 0.325 -0.465 -0.162133547 2
0 0.325 -0.455 -0.1878540827 2
0 0.325 -0.445 -0.2134078206 2
0 0.325 -0.435 -0.2387720713 2
0 0.325 -0.425 -0.2639243136 2
0 0.325 -0.415 -0.2888422146 2
0 0.325 -0.405 -0.3135036493 2
0 0.325 -0.395 -0.3378867206 2
0 0.325 -0.385 -0.3619697785 2
0 0.325 -0.375 -0.3857314394 2
0 0.325 -0.365 -0.4091506051 2
0 0.325 -0.355 -0.4322064813 2
0 0.325 -0.345 -0.4548785965 2
0 0.325 -0.335 -0.47714682 2
0 0.325 -0.325 -0.4989913794 2
0 0.325 -0.315 -0.5203928789 2
0 0.325 -0.305 -0.5413323156 2
0 0.325 -0.295 -0.5617910973 2
0 0.325 -0.285 -0.5817510584 2
0 0.325 -0.275 -0.6011944763 2
0 0.325 -0.265 -0.6201040868 2
0 0.325 -0.255 -0.6384631 2
0 0.325 -0.245 -0.6562552146 2
0 0.325 -0.235 -0.6734646329 2
0 0.325 -0.225 -0.6900760743 2
0 0.325 -0.215 -0.7060747895 2
0 0.325 -0.205 -0.721446573 2
0 0.325 -0.195 -0.736177776 2
0 0.325 -0.185 -0.7502553185 2
0 0.325 -0.175 -0.7636667009 2
0 0.325 -0.165 -0.7764000151 2
0 0.325 -0.155 -0.7884439551 2
0 0.325 -0.145 -0.7997878268 2
0 0.325 -0.135 -0.8104215579 2
0 0.325 -0.125 -0.8203357067 2
0 0.325 -0.115 -0.8295214701 2
0 0.325 -0.105 -0.8379706922 2
0 0.325 -0.095 -0.8456758708 2
0 0.325 -0.085 -0.8526301642 2
0 0.325 -0.075 -0.8588273978 2
0 0.325 -0.065 -0.8642620689 2
0 0.325 -0.055 -0.8689293521 2
0 0.325 -0.045 -0.8728251031 2
0 0.325 -0.035 -0.875945863 2
0 0.325 -0.025 -0.8782888607 2
0 0.325 -0.015 -0.8798520159 2
0 0.325 -0.005 -0.8806339406 2
0 0.325 0.005 -0.8806339406 2
0 0.325 0.015 -0.8798520159 2
0 0.325 0.025 -0.8782888607 2
0 0.325 0.035 -0.875945863 2
0 0.325 0.045 -0.8728251031 2
0 0.325 0.055 -0.8689293521 2
0 0.325 0.065 -0.8642620689 2
0 0.325 0.075 -0.8588273978 2
0 0.325 0.085 -0.8526301642 2
0 0.325 0.095 -0.8456758708 2
0 0.325 0.105 -0.8379706922 2
0 0.325 0.115 -0.8295214701 2
0 0.325 0.125 -0.8203357067 2
0 0.325 0.135 -0.8104215579 2
0 0.325 0.145 -0.7997878268 2
0 0.325 0.155 -0.7884439551 2
0 0.325 0.165 -0.7764000151 2
0 0.325 0.175 -0.7636667009 2
0 0.325 0.185 -0.7502553185 2
0 0.325 0.195 -0.736177776 2
0 0.325 0.205 -0.721446573 2
0 0.325 0.215 -0.7060747895 2
0 0.325 0.225 -0.6900760743 2
0 0.325 0.235 -0.6734646329 2
0 0.325 0.245 -0.6562552146 2
0 0.325 0.255 -0.6384631 2
0 0.325 0.265 -0.6201040868 2
0 0.325 0.275 -0.6011944763 2
0 0.325 0.285 -0.5817510584 2
0 0.325 0.295 -0.5617910973 2
0 0.325 0.305 -0.5413323156 2
0 0.325 0.315 -0.5203928789 2
0 0.325 0.325 -0.4989913794 2
0 0.325 0.335 -0.47714682 2
0 0.325 0.345 -0.4548785965 2
0 0.325 0.355 -0.4322064813 2
0 0.325 0.365 -0.4091506051 2
0 0.325 0.375 -0.3857314394 2
0 0.325 0.385 -0.3619697785 2
0 0.325 0.395 -0.3378867206 2
0 0.325 0.405 -0.3135036493 2
0 0.325 0.415 -0.2888422146 2
0 0.325 0.425 -0.2639243136 2
0 0.325 0.435 -0.2387720713 2
0 0.325 0.445 -0.2134078206 2
0 0.325 0.455 -0.1878540827 2
0 0.325 0.465 -0.162133547 2
0 0.325 0.475 -0.1362690512 2
0 0.325 0.485 -0.1102835605 2
0 0.325 0.495 -0.08420014786 2
0 0.325 0.505 0 2
0 0.325 0.515 0 2
0 0.325 0.525 0 2
0 0.325 0.535 0 2
0 0.325 0.545 0 2
0 0.325 0.555 0 2
0 0.325 0.565 0 2
0 0.335 -0.555 0 2
0 0.335 -0.545 0 2
0 0.335 -0.535 0 2
0 0.335 -0.525 0 2
0 0.335 -0.515 0 2
0 0.335 -0.505 0 2
0 0.335 -0.495 -0.0835030813 2
0 0.335 -0.485 -0.1093705576 2
0 0.335 -0.475 -0.1351409225 2
0 0.335 -0.465 -0.1607912943 2
0 0.335 -0.455 -0.1862988978 2
0 0.335 -0.445 -0.2116410843 2
0 0.335 -0.435 -0.2367953524 2
0 0.335 -0.425 -0.2617393672 2
0 0.335 -0.415 -0.2864509806 2
0 0.335 -0.405 -0.3109082511 2
0 0.335 -0.395 -0.3350894626 2
0 0.335 -0.385 -0.3589731445 2
0 0.335 -0.375 -0.3825380901 2
0 0.335 -0.365 -0.4057633758 2
0 0.335 -0.355 -0.4286283797 2
0 0.335 -0.345 -0.4511127996 2
0 0.335 -0.335 -0.4731966714 2
0 0.335 -0.325 -0.4948603866 2
0 0.335 -0.315 -0.5160847098 2
0 0.335 -0.305 -0.5368507955 2
0 0.335 -0.295 -0.5571402054 2
0 0.335 -0.285 -0.5769349243 2
0 0.335 -0.275 -0.5962173761 2
0 0.335 -0.265 -0.61497044 2
0 0.335 -0.255 -0.6331774646 2
0 0.335 -0.245 -0.6508222839 2
0 0.335 -0.235 -0.6678892308 2
0 0.335 -0.225 -0.6843631514 2
0 0.335 -0.215 -0.7002294183 2
0 0.335 -0.205 -0.7154739436 2
0 0.335 -0.195 -0.7300831916 2
0 0.335 -0.185 -0.7440441905 2
0 0.335 -0.175 -0.7573445443 2
0 0.335 -0.165 -0.7699724434 2
0 0.335 -0.155 -0.7819166753 2
0 0.335 -0.145 -0.7931666347 2
0 0.335 -0.135 -0.8037123325 2
0 0.335 -0.125 -0.8135444052 2
0 0.335 -0.115 -0.8226541226 2
0 0.335 -0.105 -0.8310333962 2
0 0.335 -0.095 -0.838674786 2
0 0.335 -0.085 -0.8455715071 2
0 0.335 -0.075 -0.8517174357 2
0 0.335 -0.065 -0.8571071149 2
0 0.335 -0.055 -0.861735759 2
0 0.335 -0.045 -0.8655992584 2
0 0.335 -0.035 -0.8686941824 2
0 0.335 -0.025 -0.8710177832 2
0 0.335 -0.015 -0.8725679975 2
0 0.335 -0.005 -0.873343449 2
0 0.335 0.005 -0.873343449 2
0 0.335 0.015 -0.8725679975 2
0 0.335 0.025 -0.8710177832 2
0 0.335 0.035 -0.8686941824 2
0 0.335 0.045 -0.8655992584 2
0 0.335 0.055 -0.861735759 2
0 0.335 0.065 -0.8571071149 2
0 0.335 0.075 -0.8517174357 2
0 0.335 0.085 -0.8455715071 2
0 0.335 0.095 -0.838674786 2
0 0.335 0.105 -0.8310333962 2
0 0.335 0.115 -0.8226541226 2
0 0.335 0.125 -0.8135444052 2
0 0.335 0.135 -0.8037123325 2
0 0.335 0.145 -0.7931666347 2
0 0.335 0.155 -0.7819166753 2
0 0.335 0.165 -0.7699724434 2
0 0.335 0.175 -0.7573445443 2
0 0.335 0.185 -0.7440441905 2
0 0.335 0.195 -0.7300831916 2
0 0.335 0.205 -0.7154739436 2
0 0.335 0.215 -0.7002294183 2
0 0.335 0.225 -0.6843631514 2
0 0.335 0.235 -0.6678892308 2
0 0.335 0.245 -0.6508222839 2
0 0.335 0.255 -0.6331774646 2
0 0.335 0.265 -0.61497044 2
0 0.335 0.275 -0.5962173761 2
0 0.335 0.285 -0.5769349243 2
0 0.335 0.295 -0.5571402054 2
0 0.335 0.305 -0.5368507955 2
0 0.335 0.315 -0.5160847098 2
0 0.335 0.325 -0.4948603866 2
0 0.335 0.335 -0.4731966714 2
0 0.335 0.345 -0.4511127996 2
0 0.335 0.355 -0.4286283797 2
0 0.335 0.365 -0.4057633758 2
0 0.335 0.375 -0.3825380901 2
0 0.335 0.385 -0.3589731445 2
0 0.335 0.395 -0.3350894626 2
0 0.335 0.405 -0.3109082511 2
0 0.335 0.415 -0.2864509806 2
0 0.335 0.425 -0.2617393672 2
0 0.335 0.435 -0.2367953524 2
0 0.335 0.445 -0.2116410843 2
0 0.335 0.455 -0.1862988978 2
0 0.335 0.465 -0.1607912943 2
0 0.335 0.475 -0.1351409225 2
0 0.335 0.485 -0.1093705576 2
0 0.335 0.495 -0.0835030813 2
0 0.335 0.505 0 2
0 0.335 0.515 0 2
0 0.335 0.525 0 2
0 0.335 0.535 0 2
0 0.335 0.545 0 2
0 0.335 0.555 0 2
0 0.335 0.565 0 2
0 0.345 -0.555 0 2
0 0.345 -0.545 0 2
0 0.345 -0.535 0 2
0 0.345 -0.525 0 2
0 0.345 -0.515 0 2
0 0.345 -0.505 0 2
0 0.345 -0.495 -0.08278677006 2
0 0.345 -0.485 -0.1084323484 2
0 0.345 -0.475 -0.1339816484 2
0 0.345 -0.465 -0.1594119846 2
0 0.345 -0.455 -0.1847007772 2
0 0.345 -0.445 -0.2098255718 2
0 0.345 -0.435 -0.23476406 2
0 0.345 -0.425 -0.2594940985 2
0 0.345 -0.415 -0.2839937293 2
0 0.345 -0.405 -0.3082411989 2
0 0.345 -0.395 -0.3322149777 2
0 0.345 -0.385 -0.3558937791 2
0 0.345 -0.375 -0.3792565784 2
0 0.345 -0.365 -0.4022826316 2
0 0.345 -0.355 -0.4249514935 2
0 0.345 -0.345 -0.4472430362 2
0 0.345 -0.335 -0.4691374668 2
0 0.345 -0.325 -0.490615345 2
0 0.345 -0.315 -0.5116576003 2
0 0.345 -0.305 -0.5322455492 2
0 0.345 -0.295 -0.5523609112 2
0 0.345 -0.285 -0.5719858258 2
0 0.345 -0.275 -0.5911028678 2
0 0.345 -0.265 -0.6096950629 2
0 0.345 -0.255 -0.627745903 2
0 0.345 -0.245 -0.6452393604 2
0 0.345 -0.235 -0.6621599026 2
0 0.345 -0.225 -0.6784925056 2
0 0.345 -0.215 -0.6942226674 2
0 0.345 -0.205 -0.7093364213 2
0 0.345 -0.195 -0.7238203473 2
0 0.345 -0.185 -0.7376615852 2
0 0.345 -0.175 -0.750847845 2
0 0.345 -0.165 -0.7633674187 2
0 0.345 -0.155 -0.7752091899 2
0 0.345 -0.145 -0.7863626442 2
0 0.345 -0.135 -0.7968178782 2
0 0.345 -0.125 -0.8065656088 2
0 0.345 -0.115 -0.8155971807 2
0 0.345 -0.105 -0.8239045747 2
0 0.345 -0.095 -0.8314804147 2
0 0.345 -0.085 -0.8383179738 2
0 0.345 -0.075 -0.8444111811 2
0 0.345 -0.065 -0.8497546262 2
0 0.345 -0.055 -0.8543435646 2
0 0.345 -0.045 -0.8581739219 2
0 0.345 -0.035 -0.8612422969 2
0 0.345 -0.025 -0.8635459652 2
0 0.345 -0.015 -0.8650828814 2
0 0.345 -0.005 -0.8658516808 2
0 0.345 0.005 -0.8658516808 2
0 0.345 0.015 -0.8650828814 2
0 0.345 0.025 -0.8635459652 2
0 0.345 0.035 -0.8612422969 2
0 0.345 0.045 -0.8581739219 2
0 0.345 0.055 -0.8543435646 2
0 0.345 0.065 -0.8497546262 2
0 0.345 0.075 -0.8444111811 2
0 0.345 0.085 -0.8383179738 2
0 0.345 0.095 -0.8314804147 2
0 0.345 0.105 -0.8239045747 2
0 0.345 0.115 -0.8155971807 2
0 0.345 0.125 -0.8065656088 2
0 0.345 0.135 -0.7968178782 2
0 0.345 0.145 -0.7863626442 2
0 0.345 0.155 -0.7752091899 2
0 0.345 0.165 -0.7633674187 2
0 0.345 0.175 -0.750847845 2
0 0.345 0.185 -0.7376615852 2
0 0.345 0.195 -0.7238203473 2
0 0.345 0.205 -0.7093364213 2
0 0.345 0.215 -0.6942226674 2
0 0.345 0.225 -0.6784925056 2
0 0.345 0.235 -0.6621599026 2
0 0.345 0.245 -0.6452393604 2
0 0.345 0.255 -0.627745903 2
0 0.345 0.265 -0.6096950629 2
0 0.345 0.275 -0.5911028678 2
0 0.345 0.285 -0.5719858258 2
0 0.345 0.295 -0.5523609112 2
0 0.345 0.305 -0.5322455492 2
0 0.345 0.315 -0.5116576003 2
0 0.345 0.325 -0.490615345 2
0 0.345 0.335 -0.4691374668 2
0 0.345 0.345 -0.4472430362 2
0 0.345 0.355 -0.4249514935 2
0 0.345 0.365 -0.4022826316 2
0 0.345 0.375 -0.3792565784 2
0 0.345 0.385 -0.3558937791 2
0 0.345 0.395 -0.3322149777 2
0 0.345 0.405 -0.3082411989 2
0 0.345 0.415 -0.2839937293 2
0 0.345 0.425 -0.2594940985 2
0 0.345 0.435 -0.23476406 2
0 0.345 0.445 -0.2098255718 2
0 0.345 0.455 -0.1847007772 2
0 0.345 0.465 -0.1594119846 2
0 0.345 0.475 -0.1339816484 2
0 0.345 0.485 -0.1084323484 2
0 0.345 0.495 -0.08278677006 2
0 0.345 0.505 0 2
0 0.345 0.515 0 2
0 0.345 0.525 0 2
0 0.345 0.535 0 2
0 0.345 0.545 0 2
0 0.345 0.555 0 2
0 0.345 0.565 0 2
0 0.355 -0.555 0 2
0 0.355 -0.545 0 2
0 0.355 -0.535 0 2
0 0.355 -0.525 0 2
0 0.355 -0.515 0 2
0 0.355 -0.505 0 2
0 0.355 -0.495 -0.08205137923 2
0 0.355 -0.485 -0.1074691491 2
0 0.355 -0.475 -0.132791496 2
0 0.355 -0.465 -0.1579959358 2
0 0.355 -0.455 -0.1830600892 2
0 0.355 -0.445 -0.2079617015 2
0 0.355 -0.435 -0.2326786623 2
0 0.355 -0.425 -0.2571890251 2
0 0.355 -0.415 -0.2814710269 2
0 0.355 -0.405 -0.3055031074 2
0 0.355 -0.395 -0.3292639283 2
0 0.355 -0.385 -0.3527323921 2
0 0.355 -0.375 -0.3758876608 2
0 0.355 -0.365 -0.3987091746 2
0 0.355 -0.355 -0.4211766702 2
0 0.355 -0.345 -0.4432701982 2
0 0.355 -0.335 -0.4649701416 2
0 0.355 -0.325 -0.4862572329 2
0 0.355 -0.315 -0.5071125709 2
0 0.355 -0.305 -0.527517638 2
0 0.355 -0.295 -0.5474543162 2
0 0.355 -0.285 -0.5669049037 2
0 0.355 -0.275 -0.5858521299 2
0 0.355 -0.265 -0.6042791715 2
0 0.355 -0.255 -0.6221696668 2
0 0.355 -0.245 -0.6395077307 2
0 0.355 -0.235 -0.6562779685 2
0 0.355 -0.225 -0.6724654898 2
0 0.355 -0.215 -0.6880559214 2
0 0.355 -0.205 -0.7030354205 2
0 0.355 -0.195 -0.7173906866 2
0 0.355 -0.185 -0.7311089734 2
0 0.355 -0.175 -0.7441781004 2
0 0.355 -0.165 -0.7565864633 2
0 0.355 -0.155 -0.7683230446 2
0 0.355 -0.145 -0.7793774233 2
0 0.355 -0.135 -0.789739784 2
0 0.355 -0.125 -0.7994009259 2
0 0.355 -0.115 -0.8083522708 2
0 0.355 -0.105 -0.8165858707 2
0 0.355 -0.095 -0.8240944148 2
0 0.355 -0.085 -0.8308712363 2
0 0.355 -0.075 -0.8369103179 2
0 0.355 -0.065 -0.8422062974 2
0 0.355 -0.055 -0.8467544725 2
0 0.355 -0.045 -0.8505508049 2
0 0.355 -0.035 -0.8535919237 2
0 0.355 -0.025 -0.8558751286 2
0 0.355 -0.015 -0.8573983925 2
0 0.355 -0.005 -0.8581603627 2
0 0.355 0.005 -0.8581603627 2
0 0.355 0.015 -0.8573983925 2
0 0.355 0.025 -0.8558751286 2
0 0.355 0.035 -0.8535919237 2
0 0.355 0.045 -0.8505508049 2
0 0.355 0.055 -0.8467544725 2
0 0.355 0.065 -0.8422062974 2
0 0.355 0.075 -0.8369103179 2
0 0.355 0.085 -0.8308712363 2
0 0.355 0.095 -0.8240944148 2
0 0.355 0.105 -0.8165858707 2
0 0.355 0.115 -0.8083522708 2
0 0.355 0.125 -0.7994009259 2
0 0.355 0.135 -0.789739784 2
0 0.355 0.145 -0.7793774233 2
0 0.355 0.155 -0.7683230446 2
0 0.355 0.165 -0.7565864633 2
0 0.355 0.175 -0.7441781004 2
0 0.355 0.185 -0.7311089734 2
0 0.355 0.195 -0.7173906866 2
0 0.355 0.205 -0.7030354205 2
0 0.355 0.215 -0.6880559214 2
0 0.355 0.225 -0.6724654898 2
0 0.355 0.235 -0.6562779685 2
0 0.355 0.245 -0.6395077307 2
0 0.355 0.255 -0.6221696668 2
0 0.355 0.265 -0.6042791715 2
0 0.355 0.275 -0.5858521299 2
0 0.355 0.285 -0.5669049037 2
0 0.355 0.295 -0.5474543162 2
0 0.355 0.305 -0.527517638 2
0 0.355 0.315 -0.5071125709 2
0 0.355 0.325 -0.4862572329 2
0 0.355 0.335 -0.4649701416 2
0 0.355 0.345 -0.4432701982 2
0 0.355 0.355 -0.4211766702 2
0 0.355 0.365 -0.3987091746 2
0 0.355 0.375 -0.3758876608 2
0 0.355 0.385 -0.3527323921 2
0 0.355 0.395 -0.3292639283 2
0 0.355 0.405 -0.3055031074 2
0 0.355 0.415 -0.2814710269 2
0 0.355 0.425 -0.2571890251 2
0 0.355 0.435 -0.2326786623 2
0 0.355 0.445 -0.2079617015 2
0 0.355 0.455 -0.1830600892 2
0 0.355 0.465 -0.1579959358 2
0 0.355 0.475 -0.132791496 2
0 0.355 0.485 -0.1074691491 2
0 0.355 0.495 -0.08205137923 2
0 0.355 0.505 0 2
0 0.355 0.515 0 2
0 0.355 0.525 0 2
0 0.355 0.535 0 2
0 0.355 0.545 0 2
0 0.355 0.555 0 2
0 0.355 0.565 0 2
0 0.365 -0.555 0 1
0 0.365 -0.545 0 1
0 0.365 -0.535 0 1
0 0.365 -0.525 0 2
0 0.365 -0.515 0 2
0 0.365 -0.505 0 2
0 0.365 -0.495 -0.08129707829 2
0 0.365 -0.485 -0.1064811818 2
0 0.365 -0.475 -0.1315707395 2
0 0.365 -0.465 -0.1565434741 2
0 0.365 -0.455 -0.181377212 2
0 0.365 -0.445 -0.206049903 2
0 0.365 -0.435 -0.23053964 2
0 0.365 -0.425 -0.2548246782 2
0 0.365 -0.415 -0.2788834548 2
0 0.365 -0.405 -0.3026946077 2
0 0.365 -0.395 -0.3262369946 2
0 0.365 -0.385 -0.349489712 2
0 0.365 -0.375 -0.3724321136 2
0 0.365 -0.365 -0.3950438285 2
0 0.365 -0.355 -0.4173047796 2
0 0.365 -0.345 -0.4391952012 2
0 0.365 -0.335 -0.4606956563 2
0 0.365 -0.325 -0.4817870547 2
0 0.365 -0.315 -0.5024506689 2
0 0.365 -0.305 -0.5226681516 2
0 0.365 -0.295 -0.5424215513 2
0 0.365 -0.285 -0.5616933289 2
0 0.365 -0.275 -0.5804663727 2
0 0.365 -0.265 -0.5987240139 2
0 0.365 -0.255 -0.6164500413 2
0 0.365 -0.245 -0.6336287158 2
0 0.365 -0.235 -0.6502447843 2
0 0.365 -0.225 -0.6662834932 2
0 0.365 -0.215 -0.6817306015 2
0 0.365 -0.205 -0.6965723935 2
0 0.365 -0.195 -0.7107956912 2
0 0.365 -0.185 -0.7243878654 2
0 0.365 -0.175 -0.7373368474 2
0 0.365 -0.165 -0.7496311399 2
0 0.365 -0.155 -0.7612598264 2
0 0.365 -0.145 -0.7722125818 2
0 0.365 -0.135 -0.7824796811 2
0 0.365 -0.125 -0.7920520078 2
0 0.365 -0.115 -0.8009210627 2
0 0.365 -0.105 -0.8090789708 2
0 0.365 -0.095 -0.8165184887 2
0 0.365 -0.085 -0.8232330106 2
0 0.365 -0.075 -0.8292165747 2
0 0.365 -0.065 -0.8344638681 2
0 0.365 -0.055 -0.8389702318 2
0 0.365 -0.045 -0.8427316643 2
0 0.365 -0.035 -0.845744826 2
0 0.365 -0.025 -0.8480070414 2
0 0.365 -0.015 -0.8495163018 2
0 0.365 -0.005 -0.8502712672 2
0 0.365 0.005 -0.8502712672 2
0 0.365 0.015 -0.8495163018 2
0 0.365 0.025 -0.8480070414 2
0 0.365 0.035 -0.845744826 2
0 0.365 0.045 -0.8427316643 2
0 0.365 0.055 -0.8389702318 2
0 0.365 0.065 -0.8344638681 2
0 0.365 0.075 -0.8292165747 2
0 0.365 0.085 -0.8232330106 2
0 0.365 0.095 -0.8165184887 2
0 0.365 0.105 -0.8090789708 2
0 0.365 0.115 -0.8009210627 2
0 0.365 0.125 -0.7920520078 2
0 0.365 0.135 -0.7824796811 2
0 0.365 0.145 -0.7722125818 2
0 0.365 0.155 -0.7612598264 2
0 0.365 0.165 -0.7496311399 2
0 0.365 0.175 -0.7373368474 2
0 0.365 0.185 -0.7243878654 2
0 0.365 0.195 -0.7107956912 2
0 0.365 0.205 -0.6965723935 2
0 0.365 0.215 -0.6817306015 2
0 0.365 0.225 -0.6662834932 2
0 0.365 0.235 -0.6502447843 2
0 0.365 0.245 -0.6336287158 2
0 0.365 0.255 -0.6164500413 2
0 0.365 0.265 -0.5987240139 2
0 0.365 0.275 -0.5804663727 2
0 0.365 0.285 -0.5616933289 2
0 0.365 0.295 -0.5424215513 2
0 0.365 0.305 -0.5226681516 2
0 0.365 0.315 -0.5024506689 2
0 0.365 0.325 -0.4817870547 2
0 0.365 0.335 -0.4606956563 2
0 0.365 0.345 -0.4391952012 2
0 0.365 0.355 -0.4173047796 2
0 0.365 0.365 -0.3950438285 2
0 0.365 0.375 -0.3724321136 2
0 0.365 0.385 -0.349489712 2
0 0.365 0.395 -0.3262369946 2
0 0.365 0.405 -0.3026946077 2
0 0.365 0.415 -0.2788834548 2
0 0.365 0.425 -0.2548246782 2
0 0.365 0.435 -0.23053964 2
0 0.365 0.445 -0.206049903 2
0 0.365 0.455 -0.181377212 2
0 0.365 0.465 -0.1565434741 2
0 0.365 0.475 -0.1315707395 2
0 0.365 0.485 -0.1064811818 2
0 0.365 0.495 -0.08129707829 2
0 0.365 0.505 0 2
0 0.365 0.515 0 2
0 0.365 0.525 0 2
0 0.365 0.535 0 2
0 0.365 0.545 0 2
0 0.365 0.555 0 2
0 0.365 0.565 0 2
0 0.375 -0.555 0 1
0 0.375 -0.545 0 1
0 0.375 -0.535 0 1
0 0.375 -0.525 0 1
0 0.375 -0.515 0 1
0 0.375 -0.505 0 2
0 0.375 -0.495 -0.08052404109 2
0 0.375 -0.485 -0.1054686742 2
0 0.375 -0.475 -0.1303196604 2
0 0.375 -0.465 -0.1550549344 2
0 0.375 -0.455 -0.1796525334 2
0 0.375 -0.445 -0.2040906168 2
0 0.375 -0.435 -0.2283474859 2
0 0.375 -0.425 -0.2524016028 2
0 0.375 -0.415 -0.2762316094 2
0 0.375 -0.405 -0.2998163469 2
0 0.375 -0.395 -0.323134874 2
0 0.375 -0.385 -0.3461664862 2
0 0.375 -0.375 -0.3688907332 2
0 0.375 -0.365 -0.391287438 2
0 0.375 -0.355 -0.4133367143 2
0 0.375 -0.345 -0.4350189843 2
0 0.375 -0.335 -0.4563149961 2
0 0.375 -0.325 -0.4772058406 2
0 0.375 -0.315 -0.4976729688 2
0 0.375 -0.305 -0.5176982076 2
0 0.375 -0.295 -0.5372637763 2
0 0.375 -0.285 -0.5563523025 2
0 0.375 -0.275 -0.5749468373 2
0 0.375 -0.265 -0.5930308703 2
0 0.375 -0.255 -0.6105883446 2
0 0.375 -0.245 -0.6276036706 2
0 0.375 -0.235 -0.6440617403 2
0 0.375 -0.225 -0.6599479404 2
0 0.375 -0.215 -0.6752481653 2
0 0.375 -0.205 -0.6899488299 2
0 0.375 -0.195 -0.7040368811 2
0 0.375 -0.185 -0.7174998101 2
0 0.375 -0.175 -0.7303256629 2
0 0.375 -0.165 -0.7425030515 2
0 0.375 -0.155 -0.7540211632 2
0 0.375 -0.145 -0.7648697711 2
0 0.375 -0.135 -0.7750392426 2
0 0.375 -0.125 -0.7845205481 2
0 0.375 -0.115 -0.793305269 2
0 0.375 -0.105 -0.8013856052 2
0 0.375 -0.095 -0.8087543822 2
0 0.375 -0.085 -0.8154050571 2
0 0.375 -0.075 -0.8213317248 2
0 0.375 -0.065 -0.8265291228 2
0 0.375 -0.055 -0.8309926363 2
0 0.375 -0.045 -0.8347183022 2
0 0.375 -0.035 -0.8377028123 2
0 0.375 -0.025 -0.8399435167 2
0 0.375 -0.015 -0.8414384259 2
0 0.375 -0.005 -0.8421862125 2
0 0.375 0.005 -0.8421862125 2
0 0.375 0.015 -0.8414384259 2
0 0.375 0.025 -0.8399435167 2
0 0.375 0.035 -0.8377028123 2
0 0.375 0.045 -0.8347183022 2
0 0.375 0.055 -0.8309926363 2
0 0.375 0.065 -0.8265291228 2
0 0.375 0.075 -0.8213317248 2
0 0.375 0.085 -0.8154050571 2
0 0.375 0.095 -0.8087543822 2
0 0.375 0.105 -0.8013856052 2
0 0.375 0.115 -0.793305269 2
0 0.375 0.125 -0.7845205481 2
0 0.375 0.135 -0.7750392426 2
0 0.375 0.145 -0.7648697711 2
0 0.375 0.155 -0.7540211632 2
0 0.375 0.165 -0.7425030515 2
0 0.375 0.175 -0.7303256629 2
0 0.375 0.185 -0.7174998101 2
0 0.375 0.195 -0.7040368811 2
0 0.375 0.205 -0.6899488299 2
0 0.375 0.215 -0.6752481653 2
0 0.375 0.225 -0.6599479404 2
0 0.375 0.235 -0.6440617403 2
0 0.375 0.245 -0.6276036706 2
0 0.375 0.255 -0.6105883446 2
0 0.375 0.265 -0.5930308703 2
0 0.375 0.275 -0.5749468373 2
0 0.375 0.285 -0.5563523025 2
0 0.375 0.295 -0.5372637763 2
0 0.375 0.305 -0.5176982076 2
0 0.375 0.315 -0.4976729688 2
0 0.375 0.325 -0.4772058406 2
0 0.375 0.335 -0.4563149961 2
0 0.375 0.345 -0.4350189843 2
0 0.375 0.355 -0.4133367143 2
0 0.375 0.365 -0.391287438 2
0 0.375 0.375 -0.3688907332 2
0 0.375 0.385 -0.3461664862 2
0 0.375 0.395 -0.323134874 2
0 0.375 0.405 -0.2998163469 2
0 0.375 0.415 -0.2762316094 2
0 0.375 0.425 -0.2524016028 2
0 0.375 0.435 -0.2283474859 2
0 0.375 0.445 -0.2040906168 2
0 0.375 0.455 -0.1796525334 2
0 0.375 0.465 -0.1550549344 2
0 0.375 0.475 -0.1303196604 2
0 0.375 0.485 -0.1054686742 2
0 0.375 0.495 -0.08052404109 2
0 0.375 0.505 0 2
0 0.375 0.515 0 2
0 0.375 0.525 0 2
0 0.375 0.535 0 2
0 0.375 0.545 0 2
0 0.375 0.555 0 2
0 0.375 0.565 0 2
0 0.385 -0.555 0 1
0 0.385 -0.545 0 1
0 0.385 -0.535 0 1
0 0.385 -0.525 0 1
0 0.385 -0.515 0 1
0 0.385 -0.505 0 1
0 0.385 -0.495 -0.07973244578 2
0 0.385 -0.485 -0.1044318595 2
0 0.385 -0.475 -0.129038547 2
0 0.385 -0.465 -0.1535306597 2
0 0.385 -0.455 -0.1778864508 2
0 0.385 -0.445 -0.2020842946 2
0 0.385 -0.435 -0.2261027054 2
0 0.385 -0.425 -0.2499203571 2
0 0.385 -0.415 -0.2735161018 2
0 0.385 -0.405 -0.2968689884 2
0 0.385 -0.395 -0.3199582817 2
0 0.385 -0.385 -0.3427634805 2
0 0.385 -0.375 -0.3652643358 2
0 0.385 -0.365 -0.3874408687 2
0 0.385 -0.355 -0.4092733886 2
0 0.385 -0.345 -0.43074251 2
0 0.385 -0.335 -0.4518291704 2
0 0.385 -0.325 -0.4725146465 2
0 0.385 -0.315 -0.4927805717 2
0 0.385 -0.305 -0.5126089514 2
0 0.385 -0.295 -0.5319821799 2
0 0.385 -0.285 -0.5508830554 2
0 0.385 -0.275 -0.5692947958 2
0 0.385 -0.265 -0.5872010529 2
0 0.385 -0.255 -0.6045859276 2
0 0.385 -0.245 -0.6214339837 2
0 0.385 -0.235 -0.6377302616 2
0 0.385 -0.225 -0.6534602917 2
0 0.385 -0.215 -0.668610107 2
0 0.385 -0.205 -0.683166256 2
0 0.385 -0.195 -0.6971158139 2
0 0.385 -0.185 -0.710446395 2
0 0.385 -0.175 -0.7231461627 2
0 0.385 -0.165 -0.7352038409 2
0 0.385 -0.155 -0.7466087233 2
0 0.385 -0.145 -0.7573506835 2
0 0.385 -0.135 -0.7674201835 2
0 0.385 -0.125 -0.7768082825 2
0 0.385 -0.115 -0.7855066448 2
0 0.385 -0.105 -0.7935075469 2
0 0.385 -0.095 -0.8008038848 2
0 0.385 -0.085 -0.80738918 2
0 0.385 -0.075 -0.8132575852 2
0 0.385 -0.065 -0.81840389 2
0 0.385 -0.055 -0.8228235247 2
0 0.385 -0.045 -0.8265125653 2
0 0.385 -0.035 -0.829467736 2
0 0.385 -0.025 -0.8316864131 2
0 0.385 -0.015 -0.8331666265 2
0 0.385 -0.005 -0.8339070619 2
0 0.385 0.005 -0.8339070619 2
0 0.385 0.015 -0.8331666265 2
0 0.385 0.025 -0.8316864131 2
0 0.385 0.035 -0.829467736 2
0 0.385 0.045 -0.8265125653 2
0 0.385 0.055 -0.8228235247 2
0 0.385 0.065 -0.81840389 2
0 0.385 0.075 -0.8132575852 2
0 0.385 0.085 -0.80738918 2
0 0.385 0.095 -0.8008038848 2
0 0.385 0.105 -0.7935075469 2
0 0.385 0.115 -0.7855066448 2
0 0.385 0.125 -0.7768082825 2
0 0.385 0.135 -0.7674201835 2
0 0.385 0.145 -0.7573506835 2
0 0.385 0.155 -0.7466087233 2
0 0.385 0.165 -0.7352038409 2
0 0.385 0.175 -0.7231461627 2
0 0.385 0.185 -0.710446395 2
0 0.385 0.195 -0.6971158139 2
0 0.385 0.205 -0.683166256 2
0 0.385 0.215 -0.668610107 2
0 0.385 0.225 -0.6534602917 2
0 0.385 0.235 -0.6377302616 2
0 0.385 0.245 -0.6214339837 2
0 0.385 0.255 -0.6045859276 2
0 0.385 0.265 -0.5872010529 2
0 0.385 0.275 -0.5692947958 2
0 0.385 0.285 -0.5508830554 2
0 0.385 0.295 -0.5319821799 2
0 0.385 0.305 -0.5126089514 2
0 0.385 0.315 -0.4927805717 2
0 0.385 0.325 -0.4725146465 2
0 0.385 0.335 -0.4518291704 2
0 0.385 0.345 -0.43074251 2
0 0.385 0.355 -0.4092733886 2
0 0.385 0.365 -0.3874408687 2
0 0.385 0.375 -0.3652643358 2
0 0.385 0.385 -0.3427634805 2
0 0.385 0.395 -0.3199582817 2
0 0.385 0.405 -0.2968689884 2
0 0.385 0.415 -0.2735161018 2
0 0.385 0.425 -0.2499203571 2
0 0.385 0.435 -0.2261027054 2
0 0.385 0.445 -0.2020842946 2
0 0.385 0.455 -0.1778864508 2
0 0.385 0.465 -0.1535306597 2
0 0.385 0.475 -0.129038547 2
0 0.385 0.485 -0.1044318595 2
0 0.385 0.495 -0.07973244578 2
0 0.385 0.505 0 2
0 0.385 0.515 0 2
0 0.385 0.525 0 2
0 0.385 0.535 0 2
0 0.385 0.545 0 2
0 0.385 0.555 0 2
0 0.385 0.565 0 2
0 0.395 -0.555 0 1
0 0.395 -0.545 0 1
0 0.395 -0.535 0 1
0 0.395 -0.525 0 1
0 0.395 -0.515 0 1
0 0.395 -0.505 0 1
0 0.395 -0.495 -0.07892247479 1
0 0.395 -0.485 -0.1033709767 2
0 0.395 -0.475 -0.1277276944 2
0 0.395 -0.465 -0.1519710013 2
0 0.395 -0.455 -0.1760793714 2
0 0.395 -0.445 -0.2000313986 2
0 0.395 -0.435 -0.2238058157 2
0 0.395 -0.425 -0.2473815132 2
0 0.395 -0.415 -0.2707375578 2
0 0.395 -0.405 -0.2938532115 2
0 0.395 -0.395 -0.3167079497 2
0 0.395 -0.385 -0.3392814793 2
0 0.395 -0.375 -0.3615537571 2
0 0.395 -0.365 -0.3835050072 2
0 0.395 -0.355 -0.405115739 2
0 0.395 -0.345 -0.426366764 2
0 0.395 -0.335 -0.4472392131 2
0 0.395 -0.325 -0.4677145536 2
0 0.395 -0.315 -0.487774605 2
0 0.395 -0.305 -0.5074015559 2
0 0.395 -0.295 -0.5265779793 2
0 0.395 -0.285 -0.5452868482 2
0 0.395 -0.275 -0.5635115508 2
0 0.395 -0.265 -0.5812359052 2
0 0.395 -0.255 -0.5984441737 2
0 0.395 -0.245 -0.615121077 2
0 0.395 -0.235 -0.6312518073 2
0 0.395 -0.225 -0.6468220421 2
0 0.395 -0.215 -0.6618179563 2
0 0.395 -0.205 -0.676226235 2
0 0.395 -0.195 -0.6900340848 2
0 0.395 -0.185 -0.7032292457 2
0 0.395 -0.175 -0.7158000014 2
0 0.395 -0.165 -0.7277351903 2
0 0.395 -0.155 -0.7390242149 2
0 0.395 -0.145 -0.7496570517 2
0 0.395 -0.135 -0.7596242596 2
0 0.395 -0.125 -0.7689169886 2
0 0.395 -0.115 -0.7775269876 2
0 0.395 -0.105 -0.7854466116 2
0 0.395 -0.095 -0.7926688289 2
0 0.395 -0.085 -0.7991872265 2
0 0.395 -0.075 -0.804996017 2
0 0.395 -0.065 -0.8100900424 2
0 0.395 -0.055 -0.8144647798 2
0 0.395 -0.045 -0.8181163448 2
0 0.395 -0.035 -0.8210414951 2
0 0.395 -0.025 -0.8232376335 2
0 0.395 -0.015 -0.82470281 2
0 0.395 -0.005 -0.8254357236 2
0 0.395 0.005 -0.8254357236 2
0 0.395 0.015 -0.82470281 2
0 0.395 0.025 -0.8232376335 2
0 0.395 0.035 -0.8210414951 2
0 0.395 0.045 -0.8181163448 2
0 0.395 0.055 -0.8144647798 2
0 0.395 0.065 -0.8100900424 2
0 0.395 0.075 -0.804996017 2
0 0.395 0.085 -0.7991872265 2
0 0.395 0.095 -0.7926688289 2
0 0.395 0.105 -0.7854466116 2
0 0.395 0.115 -0.7775269876 2
0 0.395 0.125 -0.7689169886 2
0 0.395 0.135 -0.7596242596 2
0 0.395 0.145 -0.7496570517 2
0 0.395 0.155 -0.7390242149 2
0 0.395 0.165 -0.7277351903 2
0 0.395 0.175 -0.7158000014 2
0 0.395 0.185 -0.7032292457 2
0 0.395 0.195 -0.6900340848 2
0 0.395 0.205 -0.676226235 2
0 0.395 0.215 -0.6618179563 2
0 0.395 0.225 -0.6468220421 2
0 0.395 0.235 -0.6312518073 2
0 0.395 0.245 -0.615121077 2
0 0.395 0.255 -0.5984441737 2
0 0.395 0.265 -0.5812359052 2
0 0.395 0.275 -0.5635115508 2
0 0.395 0.285 -0.5452868482 2
0 0.395 0.295 -0.5265779793 2
0 0.395 0.305 -0.5074015559 2
0 0.395 0.315 -0.487774605 2
0 0.395 0.325 -0.4677145536 2
0 0.395 0.335 -0.4472392131 2
0 0.395 0.345 -0.426366764 2
0 0.395 0.355 -0.405115739 2
0 0.395 0.365 -0.3835050072 2
0 0.395 0.375 -0.3615537571 2
0 0.395 0.385 -0.3392814793 2
0 0.395 0.395 -0.3167079497 2
0 0.395 0.405 -0.2938532115 2
0 0.395 0.415 -0.2707375578 2
0 0.395 0.425 -0.2473815132 2
0 0.395 0.435 -0.2238058157 2
0 0.395 0.445 -0.2000313986 2
0 0.395 0.455 -0.1760793714 2
0 0.395 0.465 -0.1519710013 2
0 0.395 0.475 -0.1277276944 2
0 0.395 0.485 -0.1033709767 2
0 0.395 0.495 -0.07892247479 2
0 0.395 0.505 0 2
0 0.395 0.515 0 2
0 0.395 0.525 0 2
0 0.395 0.535 0 2
0 0.395 0.545 0 2
0 0.395 0.555 0 2
0 0.395 0.565 0 2
0 0.405 -0.555 0 1
0 0.405 -0.545 0 1
0 0.405 -0.535 0 1
0 0.405 -0.525 0 1
0 0.405 -0.515 0 1
0 0.405 -0.505 0 1
0 0.405 -0.495 -0.07809431481 1
0 0.405 -0.485 -0.1022862704 2
0 0.405 -0.475 -0.1263874049 2
0 0.405 -0.465 -0.1503763186 2
0 0.405 -0.455 -0.1742317115 2
0 0.405 -0.445 -0.1979324021 2
0 0.405 -0.435 -0.2214573463 2
0 0.405 -0.425 -0.244785656 2
0 0.405 -0.415 -0.2678966179 2
0 0.405 -0.405 -0.2907697113 2
0 0.405 -0.395 -0.313384627 2
0 0.405 -0.385 -0.335721285 2
0 0.405 -0.375 -0.3577598523 2
0 0.405 -0.365 -0.3794807606 2
0 0.405 -0.355 -0.4008647238 2
0 0.405 -0.345 -0.4218927546 2
0 0.405 -0.335 -0.4425461821 2
0 0.405 -0.325 -0.462806668 2
0 0.405 -0.315 -0.4826562226 2
0 0.405 -0.305 -0.5020772213 2
0 0.405 -0.295 -0.5210524201 2
0 0.405 -0.285 -0.5395649705 2
0 0.405 -0.275 -0.5575984352 2
0 0.405 -0.265 -0.575136802 2
0 0.405 -0.255 -0.5921644984 2
0 0.405 -0.245 -0.6086664053 2
0 0.405 -0.235 -0.6246278705 2
0 0.405 -0.225 -0.6400347216 2
0 0.405 -0.215 -0.6548732787 2
0 0.405 -0.205 -0.6691303665 2
0 0.405 -0.195 -0.6827933259 2
0 0.405 -0.185 -0.6958500255 2
0 0.405 -0.175 -0.708288872 2
0 0.405 -0.165 -0.720098821 2
0 0.405 -0.155 -0.7312693861 2
0 0.405 -0.145 -0.741790649 2
0 0.405 -0.135 -0.7516532676 2
0 0.405 -0.125 -0.7608484849 2
0 0.405 -0.115 -0.7693681363 2
0 0.405 -0.105 -0.7772046571 2
0 0.405 -0.095 -0.7843510891 2
0 0.405 -0.085 -0.7908010871 2
0 0.405 -0.075 -0.7965489239 2
0 0.405 -0.065 -0.801589496 2
0 0.405 -0.055 -0.8059183278 2
0 0.405 -0.045 -0.8095315758 2
0 0.405 -0.035 -0.8124260315 2
0 0.405 -0.025 -0.8145991251 2
0 0.405 -0.015 -0.816048927 2
0 0.405 -0.005 -0.8167741499 2
0 0.405 0.005 -0.8167741499 2
0 0.405 0.015 -0.816048927 2
0 0.405 0.025 -0.8145991251 2
0 0.405 0.035 -0.8124260315 2
0 0.405 0.045 -0.8095315758 2
0 0.405 0.055 -0.8059183278 2
0 0.405 0.065 -0.801589496 2
0 0.405 0.075 -0.7965489239 2
0 0.405 0.085 -0.7908010871 2
0 0.405 0.095 -0.7843510891 2
0 0.405 0.105 -0.7772046571 2
0 0.405 0.115 -0.7693681363 2
0 0.405 0.125 -0.7608484849 2
0 0.405 0.135 -0.7516532676 2
0 0.405 0.145 -0.741790649 2
0 0.405 0.155 -0.7312693861 2
0 0.405 0.165 -0.720098821 2
0 0.405 0.175 -0.708288872 2
0 0.405 0.185 -0.6958500255 2
0 0.405 0.195 -0.6827933259 2
0 0.405 0.205 -0.6691303665 2
0 0.405 0.215 -0.6548732787 2
0 0.405 0.225 -0.6400347216 2
0 0.405 0.235 -0.6246278705 2
0 0.405 0.245 -0.6086664053 2
0 0.405 0.255 -0.5921644984 2
0 0.405 0.265 -0.575136802 2
0 0.405 0.275 -0.5575984352 2
0 0.405 0.285 -0.5395649705 2
0 0.405 0.295 -0.5210524201 2
0 0.405 0.305 -0.5020772213 2
0 0.405 0.315 -0.4826562226 2
0 0.405 0.325 -0.462806668 2
0 0.405 0.335 -0.4425461821 2
0 0.405 0.345 -0.4218927546 2
0 0.405 0.355 -0.4008647238 2
0 0.405 0.365 -0.3794807606 2
0 0.405 0.375 -0.3577598523 2
0 0.405 0.385 -0.335721285 2
0 0.405 0.395 -0.313384627 2
0 0.405 0.405 -0.2907697113 2
0 0.405 0.415 -0.2678966179 2
0 0.405 0.425 -0.244785656 2
0 0.405 0.435 -0.2214573463 2
0 0.405 0.445 -0.1979324021 2
0 0.405 0.455 -0.1742317115 2
0 0.405 0.465 -0.1503763186 2
0 0.405 0.475 -0.1263874049 2
0 0.405 0.485 -0.1022862704 2
0 0.405 0.495 -0.07809431481 2
0 0.405 0.505 0 2
0 0.405 0.515 0 2
0 0.405 0.525 0 2
0 0.405 0.535 0 2
0 0.405 0.545 0 2
0 0.405 0.555 0 2
0 0.405 0.565 0 2
0 0.415 -0.555 0 1
0 0.415 -0.545 0 1
0 0.415 -0.535 0 1
0 0.415 -0.525 0 1
0 0.415 -0.515 0 1
0 0.415 -0.505 0 1
0 0.415 -0.495 -0.07724815669 1
0 0.415 -0.485 -0.1011779905 1
0 0.415 -0.475 -0.1250179873 2
0 0.415 -0.465 -0.1487469792 2
0 0.415 -0.455 -0.172343897 2
0 0.415 -0.445 -0.1957877888 2
0 0.415 -0.435 -0.2190578383 2
0 0.415 -0.425 -0.242133384 2
0 0.415 -0.415 -0.2649939367 2
0 0.415 -0.405 -0.2876191983 2
0 0.415 -0.395 -0.3099890796 2
0 0.415 -0.385 -0.3320837181 2
0 0.415 -0.375 -0.3538834958 2
0 0.415 -0.365 -0.3753690564 2
0 0.415 -0.355 -0.3965213226 2
0 0.415 -0.345 -0.417321513 2
0 0.415 -0.335 -0.437751159 2
0 0.415 -0.325 -0.4577921209 2
0 0.415 -0.315 -0.477426604 2
0 0.415 -0.305 -0.4966371746 2
0 0.415 -0.295 -0.5154067756 2
0 0.415 -0.285 -0.5337187411 2
0 0.415 -0.275 -0.5515568118 2
0 0.415 -0.265 -0.568905149 2
0 0.415 -0.255 -0.5857483489 2
0 0.415 -0.245 -0.6020714563 2
0 0.415 -0.235 -0.6178599778 2
0 0.415 -0.225 -0.6330998944 2
0 0.415 -0.215 -0.6477776746 2
0 0.415 -0.205 -0.6618802857 2
0 0.415 -0.195 -0.6753952058 2
0 0.415 -0.185 -0.6883104351 2
0 0.415 -0.175 -0.7006145057 2
0 0.415 -0.165 -0.7122964929 2
0 0.415 -0.155 -0.7233460241 2
0 0.415 -0.145 -0.7337532882 2
0 0.415 -0.135 -0.7435090446 2
0 0.415 -0.125 -0.752604631 2
0 0.415 -0.115 -0.7610319712 2
0 0.415 -0.105 -0.7687835827 2
0 0.415 -0.095 -0.7758525826 2
0 0.415 -0.085 -0.7822326943 2
0 0.415 -0.075 -0.7879182529 2
0 0.415 -0.065 -0.79290421 2
0 0.415 -0.055 -0.7971861386 2
0 0.415 -0.045 -0.8007602367 2
0 0.415 -0.035 -0.8036233308 2
0 0.415 -0.025 -0.8057728787 2
0 0.415 -0.015 -0.8072069719 2
0 0.415 -0.005 -0.807924337 2
0 0.415 0.005 -0.807924337 2
0 0.415 0.015 -0.8072069719 2
0 0.415 0.025 -0.8057728787 2
0 0.415 0.035 -0.8036233308 2
0 0.415 0.045 -0.8007602367 2
0 0.415 0.055 -0.7971861386 2
0 0.415 0.065 -0.79290421 2
0 0.415 0.075 -0.7879182529 2
0 0.415 0.085 -0.7822326943 2
0 0.415 0.095 -0.7758525826 2
0 0.415 0.105 -0.7687835827 2
0 0.415 0.115 -0.7610319712 2
0 0.415 0.125 -0.752604631 2
0 0.415 0.135 -0.7435090446 2
0 0.415 0.145 -0.7337532882 2
0 0.415 0.155 -0.7233460241 2
0 0.415 0.165 -0.7122964929 2
0 0.415 0.175 -0.7006145057 2
0 0.415 0.185 -0.6883104351 2
0 0.415 0.195 -0.6753952058 2
0 0.415 0.205 -0.6618802857 2
0 0.415 0.215 -0.6477776746 2
0 0.415 0.225 -0.6330998944 2
0 0.415 0.235 -0.6178599778 2
0 0.415 0.245 -0.6020714563 2
0 0.415 0.255 -0.5857483489 2
0 0.415 0.265 -0.568905149 2
0 0.415 0.275 -0.5515568118 2
0 0.415 0.285 -0.5337187411 2
0 0.415 0.295 -0.5154067756 2
0 0.415 0.305 -0.4966371746 2
0 0.415 0.315 -0.477426604 2
0 0.415 0.325 -0.4577921209 2
0 0.415 0.335 -0.437751159 2
0 0.415 0.345 -0.417321513 2
0 0.415 0.355 -0.3965213226 2
0 0.415 0.365 -0.3753690564 2
0 0.415 0.375 -0.3538834958 2
0 0.415 0.385 -0.3320837181 2
0 0.415 0.395 -0.3099890796 2
0 0.415 0.405 -0.2876191983 2
0 0.415 0.415 -0.2649939367 2
0 0.415 0.425 -0.242133384 2
0 0.415 0.435 -0.2190578383 2
0 0.415 0.445 -0.1957877888 2
0 0.415 0.455 -0.172343897 2
0 0.415 0.465 -0.1487469792 2
0 0.415 0.475 -0.1250179873 2
0 0.415 0.485 -0.1011779905 2
0 0.415 0.495 -0.07724815669 2
0 0.415 0.505 0 2
0 0.415 0.515 0 2
0 0.415 0.525 0 2
0 0.415 0.535 0 2
0 0.415 0.545 0 2
0 0.415 0.555 0 2
0 0.415 0.565 0 2
0 0.425 -0.555 0 1
0 0.425 -0.545 0 1
0 0.425 -0.535 0 1
0 0.425 -0.525 0 1
0 0.425 -0.515 0 1
0 0.425 -0.505 0 1
0 0.425 -0.495 -0.07638419545 1
0 0.425 -0.485 -0.1000463925 1
0 0.425 -0.475 -0.1236197573 2
0 0.425 -0.465 -0.1470833586 2
0 0.425 -0.455 -0.170416363 2
0 0.425 -0.445 -0.1935980529 2
0 0.425 -0.435 -0.2166078448 2
0 0.425 -0.425 -0.2394253082 2
0 0.425 -0.415 -0.2620301832 2
0 0.425 -0.405 -0.2844023987 2
0 0.425 -0.395 -0.3065220901 2
0 0.425 -0.385 -0.3283696171 2
0 0.425 -0.375 -0.349925581 2
0 0.425 -0.365 -0.3711708421 2
0 0.425 -0.355 -0.3920865364 2
0 0.425 -0.345 -0.4126540927 2
0 0.425 -0.335 -0.4328552489 2
0 0.425 -0.325 -0.452672068 2
0 0.425 -0.315 -0.4720869545 2
0 0.425 -0.305 -0.4910826697 2
0 0.425 -0.295 -0.5096423471 2
0 0.425 -0.285 -0.5277495073 2
0 0.425 -0.275 -0.5453880729 2
0 0.425 -0.265 -0.5625423823 2
0 0.425 -0.255 -0.579197204 2
0 0.425 -0.245 -0.59533775 2
0 0.425 -0.235 -0.6109496889 2
0 0.425 -0.225 -0.6260191588 2
0 0.425 -0.215 -0.6405327793 2
0 0.425 -0.205 -0.6544776635 2
0 0.425 -0.195 -0.6678414297 2
0 0.425 -0.185 -0.680612212 2
0 0.425 -0.175 -0.6927786711 2
0 0.425 -0.165 -0.7043300043 2
0 0.425 -0.155 -0.7152559549 2
0 0.425 -0.145 -0.7255468218 2
0 0.425 -0.135 -0.7351934675 2
0 0.425 -0.125 -0.7441873268 2
0 0.425 -0.115 -0.7525204137 2
0 0.425 -0.105 -0.7601853294 2
0 0.425 -0.095 -0.767175268 2
0 0.425 -0.085 -0.773484023 2
0 0.425 -0.075 -0.779105993 2
0 0.425 -0.065 -0.784036186 2
0 0.425 -0.055 -0.7882702245 2
0 0.425 -0.045 -0.791804349 2
0 0.425 -0.035 -0.7946354216 2
0 0.425 -0.025 -0.7967609285 2
0 0.425 -0.015 -0.7981789825 2
0 0.425 -0.005 -0.7988883244 2
0 0.425 0.005 -0.7988883244 2
0 0.425 0.015 -0.7981789825 2
0 0.425 0.025 -0.7967609285 2
0 0.425 0.035 -0.7946354216 2
0 0.425 0.045 -0.791804349 2
0 0.425 0.055 -0.7882702245 2
0 0.425 0.065 -0.784036186 2
0 0.425 0.075 -0.779105993 2
0 0.425 0.085 -0.773484023 2
0 0.425 0.095 -0.767175268 2
0 0.425 0.105 -0.7601853294 2
0 0.425 0.115 -0.7525204137 2
0 0.425 0.125 -0.7441873268 2
0 0.425 0.135 -0.7351934675 2
0 0.425 0.145 -0.7255468218 2
0 0.425 0.155 -0.7152559549 2
0 0.425 0.165 -0.7043300043 2
0 0.425 0.175 -0.6927786711 2
0 0.425 0.185 -0.680612212 2
0 0.425 0.195 -0.6678414297 2
0 0.425 0.205 -0.6544776635 2
0 0.425 0.215 -0.6405327793 2
0 0.425 0.225 -0.6260191588 2
0 0.425 0.235 -0.6109496889 2
0 0.425 0.245 -0.59533775 2
0 0.425 0.255 -0.579197204 2
0 0.425 0.265 -0.5625423823 2
0 0.425 0.275 -0.5453880729 2
0 0.425 0.285 -0.5277495073 2
0 0.425 0.295 -0.5096423471 2
0 0.425 0.305 -0.4910826697 2
0 0.425 0.315 -0.4720869545 2
0 0.425 0.325 -0.452672068 2
0 0.425 0.335 -0.4328552489 2
0 0.425 0.345 -0.4126540927 2
0 0.425 0.355 -0.3920865364 2
0 0.425 0.365 -0.3711708421 2
0 0.425 0.375 -0.349925581 2
0 0.425 0.385 -0.3283696171 2
0 0.425 0.395 -0.3065220901 2
0 0.425 0.405 -0.2844023987 2
0 0.425 0.415 -0.2620301832 2
0 0.425 0.425 -0.2394253082 2
0 0.425 0.435 -0.2166078448 2
0 0.425 0.445 -0.1935980529 2
0 0.425 0.455 -0.170416363 2
0 0.425 0.465 -0.1470833586 2
0 0.425 0.475 -0.1236197573 2
0 0.425 0.485 -0.1000463925 2
0 0.425 0.495 -0.07638419545 2
0 0.425 0.505 0 2
0 0.425 0.515 0 2
0 0.425 0.525 0 2
0 0.425 0.535 0 2
0 0.425 0.545 0 2
0 0.425 0.555 0 2
0 0.425 0.565 0 2
0 0.435 -0.555 0 1
0 0.435 -0.545 0 1
0 0.435 -0.535 0 1
0 0.435 -0.525 0 1
0 0.435 -0.515 0 1
0 0.435 -0.505 0 1
0 0.435 -0.495 -0.07550263019 1
0 0.435 -0.485 -0.09889173711 1
0 0.435 -0.475 -0.1221930369 2
0 0.435 -0.465 -0.1453858402 2
0 0.435 -0.455 -0.1684495538 2
0 0.435 -0.445 -0.1913636991 2
0 0.435 -0.435 -0.2141079304 2
0 0.435 -0.425 -0.2366620529 2
0 0.435 -0.415 -0.2590060405 2
0 0.435 -0.405 -0.2811200538 2
0 0.435 -0.395 -0.3029844574 2
0 0.435 -0.385 -0.3245798377 2
0 0.435 -0.375 -0.34588702 2
0 0.435 -0.365 -0.3668870853 2
0 0.435 -0.355 -0.3875613874 2
0 0.435 -0.345 -0.4078915694 2
0 0.435 -0.335 -0.42785958 2
0 0.435 -0.325 -0.4474476892 2
0 0.435 -0.315 -0.4666385046 2
0 0.435 -0.305 -0.4854149865 2
0 0.435 -0.295 -0.5037604629 2
0 0.435 -0.285 -0.5216586449 2
0 0.435 -0.275 -0.5390936402 2
0 0.435 -0.265 -0.5560499683 2
0 0.435 -0.255 -0.5725125733 2
0 0.435 -0.245 -0.5884668381 2
0 0.435 -0.235 -0.6038985965 2
0 0.435 -0.225 -0.6187941467 2
0 0.435 -0.215 -0.6331402625 2
0 0.435 -0.205 -0.6469242061 2
0 0.435 -0.195 -0.6601337384 2
0 0.435 -0.185 -0.6727571305 2
0 0.435 -0.175 -0.6847831741 2
0 0.435 -0.165 -0.696201191 2
0 0.435 -0.155 -0.7070010431 2
0 0.435 -0.145 -0.717173141 2
0 0.435 -0.135 -0.7267084529 2
0 0.435 -0.125 -0.7355985122 2
0 0.435 -0.115 -0.7438354253 2
0 0.435 -0.105 -0.7514118787 2
0 0.435 -0.095 -0.758321145 2
0 0.435 -0.085 -0.7645570894 2
0 0.435 -0.075 -0.7701141751 2
0 0.435 -0.065 -0.7749874678 2
0 0.435 -0.055 -0.7791726404 2
0 0.435 -0.045 -0.7826659769 2
0 0.435 -0.035 -0.7854643755 2
0 0.435 -0.025 -0.7875653515 2
0 0.435 -0.015 -0.7889670394 2
0 0.435 -0.005 -0.7896681947 2
0 0.435 0.005 -0.7896681947 2
0 0.435 0.015 -0.7889670394 2
0 0.435 0.025 -0.7875653515 2
0 0.435 0.035 -0.7854643755 2
0 0.435 0.045 -0.7826659769 2
0 0.435 0.055 -0.7791726404 2
0 0.435 0.065 -0.7749874678 2
0 0.435 0.075 -0.7701141751 2
0 0.435 0.085 -0.7645570894 2
0 0.435 0.095 -0.758321145 2
0 0.435 0.105 -0.7514118787 2
0 0.435 0.115 -0.7438354253 2
0 0.435 0.125 -0.7355985122 2
0 0.435 0.135 -0.7267084529 2
0 0.435 0.145 -0.717173141 2
0 0.435 0.155 -0.7070010431 2
0 0.435 0.165 -0.696201191 2
0 0.435 0.175 -0.6847831741 2
0 0.435 0.185 -0.6727571305 2
0 0.435 0.195 -0.6601337384 2
0 0.435 0.205 -0.6469242061 2
0 0.435 0.215 -0.6331402625 2
0 0.435 0.225 -0.6187941467 2
0 0.435 0.235 -0.6038985965 2
0 0.435 0.245 -0.5884668381 2
0 0.435 0.255 -0.5725125733 2
0 0.435 0.265 -0.5560499683 2
0 0.435 0.275 -0.5390936402 2
0 0.435 0.285 -0.5216586449 2
0 0.435 0.295 -0.5037604629 2
0 0.435 0.305 -0.4854149865 2
0 0.435 0.315 -0.4666385046 2
0 0.435 0.325 -0.4474476892 2
0 0.435 0.335 -0.42785958 2
0 0.435 0.345 -0.4078915694 2
0 0.435 0.355 -0.3875613874 2
0 0.435 0.365 -0.3668870853 2
0 0.435 0.375 -0.34588702 2
0 0.435 0.385 -0.3245798377 2
0 0.435 0.395 -0.3029844574 2
0 0.435 0.405 -0.2811200538 2
0 0.435 0.415 -0.2590060405 2
0 0.435 0.425 -0.2366620529 2
0 0.435 0.435 -0.2141079304 2
0 0.435 0.445 -0.1913636991 2
0 0.435 0.455 -0.1684495538 2
0 0.435 0.465 -0.1453858402 2
0 0.435 0.475 -0.1221930369 2
0 0.435 0.485 -0.09889173711 2
0 0.435 0.495 -0.07550263019 2
0 0.435 0.505 0 2
0 0.435 0.515 0 2
0 0.435 0.525 0 2
0 0.435 0.535 0 2
0 0.435 0.545 0 2
0 0.435 0.555 0 2
0 0.435 0.565 0 2
0 0.445 -0.555 0 2
0 0.445 -0.545 0 2
0 0.445 -0.535 0 1
0 0.445 -0.525 0 1
0 0.445 -0.515 0 1
0 0.445 -0.505 0 1
0 0.445 -0.495 -0.0746036641 1
0 0.445 -0.485 -0.09771429046 2
0 0.445 -0.475 -0.1207381552 2
0 0.445 -0.465 -0.1436548152 2
0 0.445 -0.455 -0.1664439225 2
0 0.445 -0.445 -0.1890852423 2
0 0.445 -0.435 -0.2115586713 2
0 0.445 -0.425 -0.2338442549 2
0 0.445 -0.415 -0.2559222056 2
0 0.445 -0.405 -0.2777729201 2
0 0.445 -0.395 -0.2993769969 2
0 0.445 -0.385 -0.3207152536 2
0 0.445 -0.375 -0.3417687435 2
0 0.445 -0.365 -0.3625187732 2
0 0.445 -0.355 -0.3829469184 2
0 0.445 -0.345 -0.4030350407 2
0 0.445 -0.335 -0.4227653037 2
0 0.445 -0.325 -0.4421201887 2
0 0.445 -0.315 -0.4610825102 2
0 0.445 -0.305 -0.4796354313 2
0 0.445 -0.295 -0.4977624788 2
0 0.445 -0.285 -0.5154475575 2
0 0.445 -0.275 -0.5326749644 2
0 0.445 -0.265 -0.5494294033 2
0 0.445 -0.255 -0.5656959977 2
0 0.445 -0.245 -0.5814603042 2
0 0.445 -0.235 -0.5967083257 2
0 0.445 -0.225 -0.6114265231 2
0 0.445 -0.215 -0.6256018281 2
0 0.445 -0.205 -0.6392216542 2
0 0.445 -0.195 -0.6522739082 2
0 0.445 -0.185 -0.664747001 2
0 0.445 -0.175 -0.6766298574 2
0 0.445 -0.165 -0.6879119266 2
0 0.445 -0.155 -0.6985831911 2
0 0.445 -0.145 -0.7086341757 2
0 0.445 -0.135 -0.7180559562 2
0 0.445 -0.125 -0.7268401667 2
0 0.445 -0.115 -0.7349790077 2
0 0.445 -0.105 -0.7424652526 2
0 0.445 -0.095 -0.7492922542 2
0 0.445 -0.085 -0.7554539509 2
0 0.445 -0.075 -0.7609448716 2
0 0.445 -0.065 -0.7657601408 2
0 0.445 -0.055 -0.769895483 2
0 0.445 -0.045 -0.7733472264 2
0 0.445 -0.035 -0.7761123061 2
0 0.445 -0.025 -0.778188267 2
0 0.445 -0.015 -0.7795732658 2
0 0.445 -0.005 -0.7802660728 2
0 0.445 0.005 -0.7802660728 2
0 0.445 0.015 -0.7795732658 2
0 0.445 0.025 -0.778188267 2
0 0.445 0.035 -0.7761123061 2
0 0.445 0.045 -0.7733472264 2
0 0.445 0.055 -0.769895483 2
0 0.445 0.065 -0.7657601408 2
0 0.445 0.075 -0.7609448716 2
0 0.445 0.085 -0.7554539509 2
0 0.445 0.095 -0.7492922542 2
0 0.445 0.105 -0.7424652526 2
0 0.445 0.115 -0.7349790077 2
0 0.445 0.125 -0.7268401667 2
0 0.445 0.135 -0.7180559562 2
0 0.445 0.145 -0.7086341757 2
0 0.445 0.155 -0.6985831911 2
0 0.445 0.165 -0.6879119266 2
0 0.445 0.175 -0.6766298574 2
0 0.445 0.185 -0.664747001 2
0 0.445 0.195 -0.6522739082 2
0 0.445 0.205 -0.6392216542 2
0 0.445 0.215 -0.6256018281 1
0 0.445 0.225 -0.6114265231 1
0 0.445 0.235 -0.5967083257 1
0 0.445 0.245 -0.5814603042 1
0 0.445 0.255 -0.5656959977 1
0 0.445 0.265 -0.5494294033 2
0 0.445 0.275 -0.5326749644 2
0 0.445 0.285 -0.5154475575 2
0 0.445 0.295 -0.4977624788 2
0 0.445 0.305 -0.4796354313 2
0 0.445 0.315 -0.4610825102 2
0 0.445 0.325 -0.4421201887 2
0 0.445 0.335 -0.4227653037 2
0 0.445 0.345 -0.4030350407 2
0 0.445 0.355 -0.3829469184 2
0 0.445 0.365 -0.3625187732 2
0 0.445 0.375 -0.3417687435 2
0 0.445 0.385 -0.3207152536 2
0 0.445 0.395 -0.2993769969 2
0 0.445 0.405 -0.2777729201 2
0 0.445 0.415 -0.2559222056 2
0 0.445 0.425 -0.2338442549 2
0 0.445 0.435 -0.2115586713 2
0 0.445 0.445 -0.1890852423 2
0 0.445 0.455 -0.1664439225 2
0 0.445 0.465 -0.1436548152 2
0 0.445 0.475 -0.1207381552 2
0 0.445 0.485 -0.09771429046 2
0 0.445 0.495 -0.0746036641 2
0 0.445 0.505 0 2
0 0.445 0.515 0 2
0 0.445 0.525 0 2
0 0.445 0.535 0 2
0 0.445 0.545 0 2
0 0.445 0.555 0 2
0 0.445 0.565 0 2
0 0.455 -0.555 0 2
0 0.455 -0.545 0 2
0 0.455 -0.535 0 2
0 0.455 -0.525 0 2
0 0.455 -0.515 0 2
0 0.455 -0.505 0 2
0 0.455 -0.495 -0.07368750434 2
0 0.455 -0.485 -0.09651432393 2
0 0.455 -0.475 -0.1192554474 2
0 0.455 -0.465 -0.1418906826 2
0 0.455 -0.455 -0.1643999314 2
0 0.455 -0.445 -0.1867632077 2
0 0.455 -0.435 -0.2089606549 2
0 0.455 -0.425 -0.2309725636 2
0 0.455 -0.415 -0.2527793891 2
0 0.455 -0.405 -0.274361769 2
0 0.455 -0.395 -0.29570054 2
0 0.455 -0.385 -0.3167767552 2
0 0.455 -0.375 -0.3375717008 2
0 0.455 -0.365 -0.3580669126 2
0 0.455 -0.355 -0.3782441929 2
0 0.455 -0.345 -0.3980856259 2
0 0.455 -0.335 -0.4175735942 2
0 0.455 -0.325 -0.4366907942 2
0 0.455 -0.315 -0.4554202516 2
0 0.455 -0.305 -0.4737453362 2
0 0.455 -0.295 -0.4916497771 2
0 0.455 -0.285 -0.5091176766 2
0 0.455 -0.275 -0.5261335248 2
0 0.455 -0.265 -0.5426822132 2
0 0.455 -0.255 -0.5587490479 2
0 0.455 -0.245 -0.5743197631 2
0 0.455 -0.235 -0.5893805334 2
0 0.455 -0.225 -0.6039179861 2
0 0.455 -0.215 -0.6179192132 2
0 0.455 -0.205 -0.631371783 2
0 0.455 -0.195 -0.6442637507 2
0 0.455 -0.185 -0.6565836694 2
0 0.455 -0.175 -0.6683206001 2
0 0.455 -0.165 -0.6794641214 2
0 0.455 -0.155 -0.6900043389 2
0 0.455 -0.145 -0.6999318939 2
0 0.455 -0.135 -0.7092379715 2
0 0.455 -0.125 -0.7179143087 2
0 0.455 -0.115 -0.7259532018 2
0 0.455 -0.105 -0.733347513 2
0 0.455 -0.095 -0.7400906766 2
0 0.455 -0.085 -0.7461767055 2
0 0.455 -0.075 -0.7516001956 2
0 0.455 -0.065 -0.7563563316 2
0 0.455 -0.055 -0.7604408903 2
0 0.455 -0.045 -0.763850245 2
0 0.455 -0.035 -0.7665813686 2
0 0.455 -0.025 -0.7686318359 2
0 0.455 -0.015 -0.7699998265 2
0 0.455 -0.005 -0.7706841255 2
0 0.455 0.005 -0.7706841255 2
0 0.455 0.015 -0.7699998265 2
0 0.455 0.025 -0.7686318359 2
0 0.455 0.035 -0.7665813686 2
0 0.455 0.045 -0.763850245 2
0 0.455 0.055 -0.7604408903 2
0 0.455 0.065 -0.7563563316 2
0 0.455 0.075 -0.7516001956 2
0 0.455 0.085 -0.7461767055 2
0 0.455 0.095 -0.7400906766 2
0 0.455 0.105 -0.733347513 2
0 0.455 0.115 -0.7259532018 2
0 0.455 0.125 -0.7179143087 2
0 0.455 0.135 -0.7092379715 2
0 0.455 0.145 -0.6999318939 2
0 0.455 0.155 -0.6900043389 2
0 0.455 0.165 -0.6794641214 2
0 0.455 0.175 -0.6683206001 2
0 0.455 0.185 -0.6565836694 2
0 0.455 0.195 -0.6442637507 2
0 0.455 0.205 -0.631371783 1
0 0.455 0.215 -0.6179192132 1
0 0.455 0.225 -0.6039179861 1
0 0.455 0.235 -0.5893805334 1
0 0.455 0.245 -0.5743197631 1
0 0.455 0.255 -0.5587490479 1
0 0.455 0.265 -0.5426822132 1
0 0.455 0.275 -0.5261335248 1
0 0.455 0.285 -0.5091176766 2
0 0.455 0.295 -0.4916497771 2
0 0.455 0.305 -0.4737453362 2
0 0.455 0.315 -0.4554202516 2
0 0.455 0.325 -0.4366907942 2
0 0.455 0.335 -0.4175735942 2
0 0.455 0.345 -0.3980856259 2
0 0.455 0.355 -0.3782441929 2
0 0.455 0.365 -0.3580669126 2
0 0.455 0.375 -0.3375717008 2
0 0.455 0.385 -0.3167767552 2
0 0.455 0.395 -0.29570054 2
0 0.455 0.405 -0.274361769 2
0 0.455 0.415 -0.2527793891 2
0 0.455 0.425 -0.2309725636 2
0 0.455 0.435 -0.2089606549 2
0 0.455 0.445 -0.1867632077 2
0 0.455 0.455 -0.1643999314 2
0 0.455 0.465 -0.1418906826 2
0 0.455 0.475 -0.1192554474 2
0 0.455 0.485 -0.09651432393 2
0 0.455 0.495 -0.07368750434 2
0 0.455 0.505 0 2
0 0.455 0.515 0 2
0 0.455 0.525 0 2
0 0.455 0.535 0 2
0 0.455 0.545 0 2
0 0.455 0.555 0 2
0 0.455 0.565 0 2
0 0.465 -0.555 0 2
0 0.465 -0.545 0 2
0 0.465 -0.535 0 2
0 0.465 -0.525 0 2
0 0.465 -0.515 0 2
0 0.465 -0.505 0 2
0 0.465 -0.495 -0.07275436208 2
0 0.465 -0.485 -0.09529211406 2
0 0.465 -0.475 -0.1177452551 2
0 0.465 -0.465 -0.1400938488 2
0 0.465 -0.455 -0.1623180516 2
0 0.465 -0.445 -0.1843981304 2
0 0.465 -0.435 -0.2063144801 2
0 0.465 -0.425 -0.2280476408 2
0 0.465 -0.415 -0.2495783154 2
0 0.465 -0.405 -0.2708873867 1
0 0.465 -0.395 -0.291955934 1
0 0.465 -0.385 -0.3127652504 1
0 0.465 -0.375 -0.333296859 1
0 0.465 -0.365 -0.3535325296 2
0 0.465 -0.355 -0.3734542947 2
0 0.465 -0.345 -0.3930444655 2
0 0.465 -0.335 -0.4122856478 2
0 0.465 -0.325 -0.431160757 2
0 0.465 -0.315 -0.4496530338 2
0 0.465 -0.305 -0.4677460586 2
0 0.465 -0.295 -0.4854237664 2
0 0.465 -0.285 -0.502670461 2
0 0.465 -0.275 -0.5194708289 2
0 0.465 -0.265 -0.5358099529 2
0 0.465 -0.255 -0.5516733251 2
0 0.465 -0.245 -0.5670468605 2
0 0.465 -0.235 -0.5819169086 2
0 0.465 -0.225 -0.5962702661 2
0 0.465 -0.215 -0.6100941886 2
0 0.465 -0.205 -0.6233764017 2
0 0.465 -0.195 -0.6361051118 2
0 0.465 -0.185 -0.6482690171 2
0 0.465 -0.175 -0.6598573171 2
0 0.465 -0.165 -0.6708597224 2
0 0.465 -0.155 -0.6812664638 2
0 0.465 -0.145 -0.6910683011 2
0 0.465 -0.135 -0.7002565311 2
0 0.465 -0.125 -0.7088229955 2
0 0.465 -0.115 -0.716760088 2
0 0.465 -0.105 -0.7240607612 2
0 0.465 -0.095 -0.7307185327 2
0 0.465 -0.085 -0.7367274911 2
0 0.465 -0.075 -0.7420823009 2
0 0.465 -0.065 -0.7467782075 2
0 0.465 -0.055 -0.7508110414 2
0 0.465 -0.045 -0.7541772217 2
0 0.465 -0.035 -0.7568737596 2
0 0.465 -0.025 -0.7588982609 2
0 0.465 -0.015 -0.7602489279 2
0 0.465 -0.005 -0.7609245613 2
0 0.465 0.005 -0.7609245613 2
0 0.465 0.015 -0.7602489279 2
0 0.465 0.025 -0.7588982609 2
0 0.465 0.035 -0.7568737596 2
0 0.465 0.045 -0.7541772217 2
0 0.465 0.055 -0.7508110414 2
0 0.465 0.065 -0.7467782075 2
0 0.465 0.075 -0.7420823009 2
0 0.465 0.085 -0.7367274911 2
0 0.465 0.095 -0.7307185327 2
0 0.465 0.105 -0.7240607612 2
0 0.465 0.115 -0.716760088 2
0 0.465 0.125 -0.7088229955 2
0 0.465 0.135 -0.7002565311 2
0 0.465 0.145 -0.6910683011 2
0 0.465 0.155 -0.6812664638 2
0 0.465 0.165 -0.6708597224 2
0 0.465 0.175 -0.6598573171 2
0 0.465 0.185 -0.6482690171 2
0 0.465 0.195 -0.6361051118 2
0 0.465 0.205 -0.6233764017 1
0 0.465 0.215 -0.6100941886 1
0 0.465 0.225 -0.5962702661 1
0 0.465 0.235 -0.5819169086 1
0 0.465 0.245 -0.5670468605 1
0 0.465 0.255 -0.5516733251 1
0 0.465 0.265 -0.5358099529 1
0 0.465 0.275 -0.5194708289 1
0 0.465 0.285 -0.502670461 1
0 0.465 0.295 -0.4854237664 2
0 0.465 0.305 -0.4677460586 2
0 0.465 0.315 -0.4496530338 2
0 0.465 0.325 -0.431160757 2
0 0.465 0.335 -0.4122856478 2
0 0.465 0.345 -0.3930444655 2
0 0.465 0.355 -0.3734542947 2
0 0.465 0.365 -0.3535325296 2
0 0.465 0.375 -0.333296859 2
0 0.465 0.385 -0.3127652504 2
0 0.465 0.395 -0.291955934 2
0 0.465 0.405 -0.2708873867 2
0 0.465 0.415 -0.2495783154 2
0 0.465 0.425 -0.2280476408 2
0 0.465 0.435 -0.2063144801 2
0 0.465 0.445 -0.1843981304 2
0 0.465 0.455 -0.1623180516 2
0 0.465 0.465 -0.1400938488 2
0 0.465 0.475 -0.1177452551 2
0 0.465 0.485 -0.09529211406 2
0 0.465 0.495 -0.07275436208 2
0 0.465 0.505 0 2
0 0.465 0.515 0 2
0 0.465 0.525 0 2
0 0.465 0.535 0 2
0 0.465 0.545 0 2
0 0.465 0.555 0 2
0 0.465 0.565 0 2
0 0.475 -0.555 0 2
0 0.475 -0.545 0 2
0 0.475 -0.535 0 2
0 0.475 -0.525 0 2
0 0.475 -0.515 0 2
0 0.475 -0.505 0 2
0 0.475 -0.495 -0.07180445236 2
0 0.475 -0.485 -0.09404794254 2
0 0.475 -0.475 -0.1162079265 2
0 0.475 -0.465 -0.1382647281 2
0 0.475 -0.455 -0.160198763 2
0 0.475 -0.445 -0.1819905555 2
0 0.475 -0.435 -0.2036207566 2
0 0.475 -0.425 -0.2250701606 2
0 0.475 -0.415 -0.2463197222 2
0 0.475 -0.405 -0.2673505738 1
0 0.475 -0.395 -0.2881440419 1
0 0.475 -0.385 -0.3086816636 1
0 0.475 -0.375 -0.3289452034 1
0 0.475 -0.365 -0.3489166691 1
0 0.475 -0.355 -0.3685783277 2
0 0.475 -0.345 -0.3879127216 2
0 0.475 -0.335 -0.4069026834 2
0 0.475 -0.325 -0.4255313517 2
0 0.475 -0.315 -0.443782186 2
0 0.475 -0.305 -0.4616389811 2
0 0.475 -0.295 -0.4790858818 2
0 0.475 -0.285 -0.4961073967 2
0 0.475 -0.275 -0.5126884124 2
0 0.475 -0.265 -0.5288142062 2
0 0.475 -0.255 -0.54447046 2
0 0.475 -0.245 -0.5596432724 2
0 0.475 -0.235 -0.5743191713 2
0 0.475 -0.225 -0.5884851257 2
0 0.475 -0.215 -0.6021285576 2
0 0.475 -0.205 -0.6152373529 2
0 0.475 -0.195 -0.6277998719 2
0 0.475 -0.185 -0.6398049605 2
0 0.475 -0.175 -0.651241959 2
0 0.475 -0.165 -0.6621007126 2
0 0.475 -0.155 -0.6723715794 2
0 0.475 -0.145 -0.6820454401 2
0 0.475 -0.135 -0.6911137049 2
0 0.475 -0.125 -0.6995683221 2
0 0.475 -0.115 -0.7074017848 2
0 0.475 -0.105 -0.7146071376 2
0 0.475 -0.095 -0.7211779826 2
0 0.475 -0.085 -0.7271084857 2
0 0.475 -0.075 -0.7323933809 2
0 0.475 -0.065 -0.7370279759 2
0 0.475 -0.055 -0.7410081555 2
0 0.475 -0.045 -0.7443303857 2
0 0.475 -0.035 -0.7469917165 2
0 0.475 -0.025 -0.7489897851 2
0 0.475 -0.015 -0.7503228172 2
0 0.475 -0.005 -0.7509896293 2
0 0.475 0.005 -0.7509896293 2
0 0.475 0.015 -0.7503228172 2
0 0.475 0.025 -0.7489897851 2
0 0.475 0.035 -0.7469917165 2
0 0.475 0.045 -0.7443303857 2
0 0.475 0.055 -0.7410081555 2
0 0.475 0.065 -0.7370279759 2
0 0.475 0.075 -0.7323933809 2
0 0.475 0.085 -0.7271084857 2
0 0.475 0.095 -0.7211779826 2
0 0.475 0.105 -0.7146071376 2
0 0.475 0.115 -0.7074017848 2
0 0.475 0.125 -0.6995683221 2
0 0.475 0.135 -0.6911137049 2
0 0.475 0.145 -0.6820454401 2
0 0.475 0.155 -0.6723715794 2
0 0.475 0.165 -0.6621007126 2
0 0.475 0.175 -0.651241959 2
0 0.475 0.185 -0.6398049605 2
0 0.475 0.195 -0.6277998719 2
0 0.475 0.205 -0.6152373529 1
0 0.475 0.215 -0.6021285576 1
0 0.475 0.225 -0.5884851257 1
0 0.475 0.235 -0.5743191713 1
0 0.475 0.245 -0.5596432724 1
0 0.475 0.255 -0.54447046 1
0 0.475 0.265 -0.5288142062 1
0 0.475 0.275 -0.5126884124 1
0 0.475 0.285 -0.4961073967 1
0 0.475 0.295 -0.4790858818 1
0 0.475 0.305 -0.4616389811 2
0 0.475 0.315 -0.443782186 2
0 0.475 0.325 -0.4255313517 2
0 0.475 0.335 -0.4069026834 2
0 0.475 0.345 -0.3879127216 2
0 0.475 0.355 -0.3685783277 2
0 0.475 0.365 -0.3489166691 2
0 0.475 0.375 -0.3289452034 2
0 0.475 0.385 -0.3086816636 2
0 0.475 0.395 -0.2881440419 2
0 0.475 0.405 -0.2673505738 2
0 0.475 0.415 -0.2463197222 2
0 0.475 0.425 -0.2250701606 2
0 0.475 0.435 -0.2036207566 2
0 0.475 0.445 -0.1819905555 2
0 0.475 0.455 -0.160198763 2
0 0.475 0.465 -0.1382647281 2
0 0.475 0.475 -0.1162079265 2
0 0.475 0.485 -0.09404794254 2
0 0.475 0.495 -0.07180445236 2
0 0.475 0.505 0 2
0 0.475 0.515 0 2
0 0.475 0.525 0 2
0 0.475 0.535 0 2
0 0.475 0.545 0 2
0 0.475 0.555 0 2
0 0.475 0.565 0 2
0 0.485 -0.555 0 2
0 0.485 -0.545 0 2
0 0.485 -0.535 0 2
0 0.485 -0.525 0 2
0 0.485 -0.515 0 2
0 0.485 -0.505 0 2
0 0.485 -0.495 -0.0708379941 2
0 0.485 -0.485 -0.0927820961 2
0 0.485 -0.475 -0.1146438158 2
0 0.485 -0.465 -0.136403742 2
0 0.485 -0.455 -0.1580425538 2
0 0.485 -0.445 -0.1795410379 2
0 0.485 -0.435 -0.2008801054 2
0 0.485 -0.425 -0.2220408093 2
0 0.485 -0.415 -0.2430043606 1
0 0.485 -0.405 -0.2637521456 1
0 0.485 -0.395 -0.2842657422 1
0 0.485 -0.385 -0.304526936 1
0 0.485 -0.375 -0.3245177369 1
0 0.485 -0.365 -0.3442203949 1
0 0.485 -0.355 -0.3636174158 1
0 0.485 -0.345 -0.3826915766 2
0 0.485 -0.335 -0.4014259414 2
0 0.485 -0.325 -0.4198038755 2
0 0.485 -0.315 -0.4378090611 2
0 0.485 -0.305 -0.4554255112 2
0 0.485 -0.295 -0.4726375838 2
0 0.485 -0.285 -0.4894299962 2
0 0.485 -0.275 -0.5057878382 2
0 0.485 -0.265 -0.5216965856 2
0 0.485 -0.255 -0.5371421127 2
0 0.485 -0.245 -0.5521107053 2
0 0.485 -0.235 -0.5665890726 2
0 0.485 -0.225 -0.5805643591 2
0 0.485 -0.215 -0.5940241561 2
0 0.485 -0.205 -0.6069565123 2
0 0.485 -0.195 -0.6193499451 2
0 0.485 -0.185 -0.6311934501 2
0 0.485 -0.175 -0.6424765114 2
0 0.485 -0.165 -0.6531891106 2
0 0.485 -0.155 -0.6633217358 2
0 0.485 -0.145 -0.6728653903 2
0 0.485 -0.135 -0.6818116 2
0 0.485 -0.125 -0.6901524216 2
0 0.485 -0.115 -0.6978804492 2
0 0.485 -0.105 -0.7049888208 2
0 0.485 -0.095 -0.711471225 2
0 0.485 -0.085 -0.7173219059 2
0 0.485 -0.075 -0.7225356687 2
0 0.485 -0.065 -0.7271078839 2
0 0.485 -0.055 -0.731034492 2
0 0.485 -0.045 -0.7343120063 2
0 0.485 -0.035 -0.7369375167 2
0 0.485 -0.025 -0.7389086921 2
0 0.485 -0.015 -0.7402237822 2
0 0.485 -0.005 -0.7408816193 2
0 0.485 0.005 -0.7408816193 2
0 0.485 0.015 -0.7402237822 2
0 0.485 0.025 -0.7389086921 2
0 0.485 0.035 -0.7369375167 2
0 0.485 0.045 -0.7343120063 2
0 0.485 0.055 -0.731034492 2
0 0.485 0.065 -0.7271078839 2
0 0.485 0.075 -0.7225356687 2
0 0.485 0.085 -0.7173219059 2
0 0.485 0.095 -0.711471225 2
0 0.485 0.105 -0.7049888208 2
0 0.485 0.115 -0.6978804492 2
0 0.485 0.125 -0.6901524216 2
0 0.485 0.135 -0.6818116 2
0 0.485 0.145 -0.6728653903 2
0 0.485 0.155 -0.6633217358 2
0 0.485 0.165 -0.6531891106 2
0 0.485 0.175 -0.6424765114 2
0 0.485 0.185 -0.6311934501 2
0 0.485 0.195 -0.6193499451 2
0 0.485 0.205 -0.6069565123 2
0 0.485 0.215 -0.5940241561 1
0 0.485 0.225 -0.5805643591 1
0 0.485 0.235 -0.5665890726 1
0 0.485 0.245 -0.5521107053 1
0 0.485 0.255 -0.5371421127 1
0 0.485 0.265 -0.5216965856 1
0 0.485 0.275 -0.5057878382 1
0 0.485 0.285 -0.4894299962 1
0 0.485 0.295 -0.4726375838 1
0 0.485 0.305 -0.4554255112 2
0 0.485 0.315 -0.4378090611 2
0 0.485 0.325 -0.4198038755 2
0 0.485 0.335 -0.4014259414 2
0 0.485 0.345 -0.3826915766 2
0 0.485 0.355 -0.3636174158 2
0 0.485 0.365 -0.3442203949 2
0 0.485 0.375 -0.3245177369 2
0 0.485 0.385 -0.304526936 2
0 0.485 0.395 -0.2842657422 2
0 0.485 0.405 -0.2637521456 2
0 0.485 0.415 -0.2430043606 2
0 0.485 0.425 -0.2220408093 2
0 0.485 0.435 -0.2008801054 2
0 0.485 0.445 -0.1795410379 2
0 0.485 0.455 -0.1580425538 2
0 0.485 0.465 -0.136403742 2
0 0.485 0.475 -0.1146438158 2
0 0.485 0.485 -0.0927820961 2
0 0.485 0.495 -0.0708379941 2
0 0.485 0.505 0 2
0 0.485 0.515 0 2
0 0.485 0.525 0 2
0 0.485 0.535 0 2
0 0.485 0.545 0 2
0 0.485 0.555 0 2
0 0.485 0.565 0 2
0 0.495 -0.555 0 2
0 0.495 -0.545 0 2
0 0.495 -0.535 0 2
0 0.495 -0.525 0 2
0 0.495 -0.515 0 2
0 0.495 -0.505 0 2
0 0.495 -0.495 -0.06985521005 2
0 0.495 -0.485 -0.09149486647 2
0 0.495 -0.475 -0.1130532836 2
0 0.495 -0.465 -0.1345113194 2
0 0.495 -0.455 -0.1558499211 2
0 0.495 -0.445 -0.177050142 2
0 0.495 -0.435 -0.198093158 2
0 0.495 -0.425 -0.2189602849 2
0 0.495 -0.415 -0.2396329945 1
0 0.495 -0.405 -0.2600929313 1
0 0.495 -0.395 -0.2803219287 1
0 0.495 -0.385 -0.300302025 1
0 0.495 -0.375 -0.3200154799 1
0 0.495 -0.365 -0.3394447894 1
0 0.495 -0.355 -0.3585727021 1
0 0.495 -0.345 -0.3773822341 2
0 0.495 -0.335 -0.3958566841 2
0 0.495 -0.325 -0.4139796486 2
0 0.495 -0.315 -0.4317350359 2
0 0.495 -0.305 -0.4491070809 2
0 0.495 -0.295 -0.4660803586 2
0 0.495 -0.285 -0.4826397983 2
0 0.495 -0.275 -0.4987706968 2
0 0.495 -0.265 -0.5144587312 2
0 0.495 -0.255 -0.5296899719 2
0 0.495 -0.245 -0.544450895 2
0 0.495 -0.235 -0.558728394 2
0 0.495 -0.225 -0.5725097918 2
0 0.495 -0.215 -0.5857828518 2
0 0.495 -0.205 -0.5985357886 2
0 0.495 -0.195 -0.6107572788 2
0 0.495 -0.185 -0.6224364707 2
0 0.495 -0.175 -0.6335629943 2
0 0.495 -0.165 -0.6441269703 2
0 0.495 -0.155 -0.6541190187 2
0 0.495 -0.145 -0.6635302675 2
0 0.495 -0.135 -0.6723523603 2
0 0.495 -0.125 -0.680577464 2
0 0.495 -0.115 -0.6881982753 2
0 0.495 -0.105 -0.6952080276 2
0 0.495 -0.095 -0.701600497 2
0 0.495 -0.085 -0.7073700074 2
0 0.495 -0.075 -0.7125114361 2
0 0.495 -0.065 -0.7170202178 2
0 0.495 -0.055 -0.7208923493 2
0 0.495 -0.045 -0.7241243924 2
0 0.495 -0.035 -0.7267134774 2
0 0.495 -0.025 -0.7286573053 2
0 0.495 -0.015 -0.7299541502 2
0 0.495 -0.005 -0.7306028607 2
0 0.495 0.005 -0.7306028607 2
0 0.495 0.015 -0.7299541502 2
0 0.495 0.025 -0.7286573053 2
0 0.495 0.035 -0.7267134774 2
0 0.495 0.045 -0.7241243924 2
0 0.495 0.055 -0.7208923493 2
0 0.495 0.065 -0.7170202178 2
0 0.495 0.075 -0.7125114361 2
0 0.495 0.085 -0.7073700074 2
0 0.495 0.095 -0.701600497 2
0 0.495 0.105 -0.6952080276 2
0 0.495 0.115 -0.6881982753 2
0 0.495 0.125 -0.680577464 2
0 0.495 0.135 -0.6723523603 2
0 0.495 0.145 -0.6635302675 2
0 0.495 0.155 -0.6541190187 2
0 0.495 0.165 -0.6441269703 2
0 0.495 0.175 -0.6335629943 2
0 0.495 0.185 -0.6224364707 2
0 0.495 0.195 -0.6107572788 2
0 0.495 0.205 -0.5985357886 2
0 0.495 0.215 -0.5857828518 1
0 0.495 0.225 -0.5725097918 1
0 0.495 0.235 -0.558728394 1
0 0.495 0.245 -0.544450895 1
0 0.495 0.255 -0.5296899719 1
0 0.495 0.265 -0.5144587312 1
0 0.495 0.275 -0.4987706968 1
0 0.495 0.285 -0.4826397983 1
0 0.495 0.295 -0.4660803586 1
0 0.495 0.305 -0.4491070809 1
0 0.495 0.315 -0.4317350359 2
0 0.495 0.325 -0.4139796486 2
0 0.495 0.335 -0.3958566841 2
0 0.495 0.345 -0.3773822341 2
0 0.495 0.355 -0.3585727021 2
0 0.495 0.365 -0.3394447894 2
0 0.495 0.375 -0.3200154799 2
0 0.495 0.385 -0.300302025 2
0 0.495 0.395 -0.2803219287 2
0 0.495 0.405 -0.2600929313 2
0 0.495 0.415 -0.2396329945 2
0 0.495 0.425 -0.2189602849 2
0 0.495 0.435 -0.198093158 2
0 0.495 0.445 -0.177050142 2
0 0.495 0.455 -0.1558499211 2
0 0.495 0.465 -0.1345113194 2
0 0.495 0.475 -0.1130532836 2
0 0.495 0.485 -0.09149486647 2
0 0.495 0.495 -0.06985521005 2
0 0.495 0.505 0 2
0 0.495 0.515 0 2
0 0.495 0.525 0 2
0 0.495 0.535 0 2
0 0.495 0.545 0 2
0 0.495 0.555 0 2
0 0.495 0.565 0 2
0 0.505 -0.555 0 2
0 0.505 -0.545 0 2
0 0.505 -0.535 0 2
0 0.505 -0.525 0 2
0 0.505 -0.515 0 2
0 0.505 -0.505 0 2
0 0.505 -0.495 -0.0688563267 2
0 0.505 -0.485 -0.09018655034 2
0 0.505 -0.475 -0.1114366963 2
0 0.505 -0.465 -0.1325878964 2
0 0.505 -0.455 -0.1536213702 2
0 0.505 -0.445 -0.1745184419 2
0 0.505 -0.435 -0.1952605567 2
0 0.505 -0.425 -0.2158292975 2
0 0.505 -0.415 -0.236206401 1
0 0.505 -0.405 -0.2563737742 1
0 0.505 -0.395 -0.2763135103 1
0 0.505 -0.385 -0.2960079045 1
0 0.505 -0.375 -0.31543947 1
0 0.505 -0.365 -0.3345909532 1
0 0.505 -0.355 -0.3534453494 1
0 0.505 -0.345 -0.3719859175 2
0 0.505 -0.335 -0.3901961951 2
0 0.505 -0.325 -0.4080600132 2
0 0.505 -0.315 -0.4255615102 2
0 0.505 -0.305 -0.4426851463 2
0 0.505 -0.295 -0.4594157174 2
0 0.505 -0.285 -0.4757383681 2
0 0.505 -0.275 -0.4916386054 2
0 0.505 -0.265 -0.5071023113 2
0 0.505 -0.255 -0.5221157553 2
0 0.505 -0.245 -0.5366656069 2
0 0.505 -0.235 -0.5507389471 2
0 0.505 -0.225 -0.5643232801 2
0 0.505 -0.215 -0.577406544 2
0 0.505 -0.205 -0.5899771223 2
0 0.505 -0.195 -0.6020238532 2
0 0.505 -0.185 -0.6135360404 2
0 0.505 -0.175 -0.6245034621 2
0 0.505 -0.165 -0.6349163802 2
0 0.505 -0.155 -0.6447655489 2
0 0.505 -0.145 -0.6540422231 2
0 0.505 -0.135 -0.6627381658 2
0 0.505 -0.125 -0.6708456559 2
0 0.505 -0.115 -0.6783574947 2
0 0.505 -0.105 -0.6852670122 2
0 0.505 -0.095 -0.6915680734 2
0 0.505 -0.085 -0.6972550837 2
0 0.505 -0.075 -0.7023229933 2
0 0.505 -0.065 -0.7067673025 2
0 0.505 -0.055 -0.7105840651 2
0 0.505 -0.045 -0.7137698921 2
0 0.505 -0.035 -0.7163219548 2
0 0.505 -0.025 -0.7182379873 2
0 0.505 -0.015 -0.7195162882 2
0 0.505 -0.005 -0.7201557225 2
0 0.505 0.005 -0.7201557225 2
0 0.505 0.015 -0.7195162882 2
0 0.505 0.025 -0.7182379873 2
0 0.505 0.035 -0.7163219548 2
0 0.505 0.045 -0.7137698921 2
0 0.505 0.055 -0.7105840651 2
0 0.505 0.065 -0.7067673025 2
0 0.505 0.075 -0.7023229933 2
0 0.505 0.085 -0.6972550837 2
0 0.505 0.095 -0.6915680734 2
0 0.505 0.105 -0.6852670122 2
0 0.505 0.115 -0.6783574947 2
0 0.505 0.125 -0.6708456559 2
0 0.505 0.135 -0.6627381658 2
0 0.505 0.145 -0.6540422231 2
0 0.505 0.155 -0.6447655489 2
0 0.505 0.165 -0.6349163802 2
0 0.505 0.175 -0.6245034621 2
0 0.505 0.185 -0.6135360404 2
0 0.505 0.195 -0.6020238532 2
0 0.505 0.205 -0.5899771223 2
0 0.505 0.215 -0.577406544 2
0 0.505 0.225 -0.5643232801 1
0 0.505 0.235 -0.5507389471 1
0 0.505 0.245 -0.5366656069 1
0 0.505 0.255 -0.5221157553 1
0 0.505 0.265 -0.5071023113 1
0 0.505 0.275 -0.4916386054 1
0 0.505 0.285 -0.4757383681 1
0 0.505 0.295 -0.4594157174 1
0 0.505 0.305 -0.4426851463 1
0 0.505 0.315 -0.4255615102 2
0 0.505 0.325 -0.4080600132 2
0 0.505 0.335 -0.3901961951 2
0 0.505 0.345 -0.3719859175 2
0 0.505 0.355 -0.3534453494 2
0 0.505 0.365 -0.3345909532 2
0 0.505 0.375 -0.31543947 2
0 0.505 0.385 -0.2960079045 2
0 0.505 0.395 -0.2763135103 2
0 0.505 0.405 -0.2563737742 2
0 0.505 0.415 -0.236206401 2
0 0.505 0.425 -0.2158292975 2
0 0.505 0.435 -0.1952605567 2
0 0.505 0.445 -0.1745184419 2
0 0.505 0.455 -0.1536213702 2
0 0.505 0.465 -0.1325878964 2
0 0.505 0.475 -0.1114366963 2
0 0.505 0.485 -0.09018655034 2
0 0.505 0.495 -0.0688563267 2
0 0.505 0.505 0 2
0 0.505 0.515 0 2
0 0.505 0.525 0 2
0 0.505 0.535 0 2
0 0.505 0.545 0 2
0 0.505 0.555 0 2
0 0.505 0.565 0 2
0 0.515 -0.555 0 2
0 0.515 -0.545 0 2
0 0.515 -0.535 0 1
0 0.515 -0.525 0 1
0 0.515 -0.515 0 1
0 0.515 -0.505 0 1
0 0.515 -0.495 -0.06784157426 1
0 0.515 -0.485 -0.0888574492 2
0 0.515 -0.475 -0.1097944266 2
0 0.515 -0.465 -0.1306339163 2
0 0.515 -0.455 -0.1513574147 2
0 0.515 -0.445 -0.1719465212 2
0 0.515 -0.435 -0.1923829544 2
0 0.515 -0.425 -0.2126485686 2
0 0.515 -0.415 -0.2327253698 1
0 0.515 -0.405 -0.2525955315 1
0 0.515 -0.395 -0.2722414109 1
0 0.515 -0.385 -0.291645564 1
0 0.515 -0.375 -0.3107907618 1
0 0.515 -0.365 -0.3296600049 1
0 0.515 -0.355 -0.3482365393 1
0 0.515 -0.345 -0.3665038705 2
0 0.515 -0.335 -0.3844457788 2
0 0.515 -0.325 -0.4020463335 2
0 0.515 -0.315 -0.4192899067 2
0 0.515 -0.305 -0.4361611876 2
0 0.515 -0.295 -0.4526451962 2
0 0.515 -0.285 -0.4687272961 2
0 0.515 -0.275 -0.4843932077 2
0 0.515 -0.265 -0.4996290211 2
0 0.515 -0.255 -0.5144212084 2
0 0.515 -0.245 -0.5287566353 2
0 0.515 -0.235 -0.5426225733 2
0 0.515 -0.225 -0.5560067106 2
0 0.515 -0.215 -0.5688971633 2
0 0.515 -0.205 -0.5812824859 2
0 0.515 -0.195 -0.5931516812 2
0 0.515 -0.185 -0.6044942106 2
0 0.515 -0.175 -0.6153000027 2
0 0.515 -0.165 -0.6255594631 2
0 0.515 -0.155 -0.6352634822 2
0 0.515 -0.145 -0.6444034437 2
0 0.515 -0.135 -0.6529712323 2
0 0.515 -0.125 -0.6609592403 2
0 0.515 -0.115 -0.6683603752 2
0 0.515 -0.105 -0.6751680655 2
0 0.515 -0.095 -0.6813762665 2
0 0.515 -0.085 -0.6869794659 2
0 0.515 -0.075 -0.6919726885 2
0 0.515 -0.065 -0.6963515008 2
0 0.515 -0.055 -0.7001120148 2
0 0.515 -0.045 -0.7032508915 2
0 0.515 -0.035 -0.7057653439 2
0 0.515 -0.025 -0.7076531393 2
0 0.515 -0.015 -0.7089126016 2
0 0.515 -0.005 -0.7095426124 2
0 0.515 0.005 -0.7095426124 2
0 0.515 0.015 -0.7089126016 2
0 0.515 0.025 -0.7076531393 2
0 0.515 0.035 -0.7057653439 2
0 0.515 0.045 -0.7032508915 2
0 0.515 0.055 -0.7001120148 2
0 0.515 0.065 -0.6963515008 2
0 0.515 0.075 -0.6919726885 2
0 0.515 0.085 -0.6869794659 2
0 0.515 0.095 -0.6813762665 2
0 0.515 0.105 -0.6751680655 2
0 0.515 0.115 -0.6683603752 2
0 0.515 0.125 -0.6609592403 2
0 0.515 0.135 -0.6529712323 2
0 0.515 0.145 -0.6444034437 2
0 0.515 0.155 -0.6352634822 2
0 0.515 0.165 -0.6255594631 2
0 0.515 0.175 -0.6153000027 2
0 0.515 0.185 -0.6044942106 2
0 0.515 0.195 -0.5931516812 2
0 0.515 0.205 -0.5812824859 2
0 0.515 0.215 -0.5688971633 2
0 0.515 0.225 -0.5560067106 2
0 0.515 0.235 -0.5426225733 1
0 0.515 0.245 -0.5287566353 1
0 0.515 0.255 -0.5144212084 1
0 0.515 0.265 -0.4996290211 1
0 0.515 0.275 -0.4843932077 1
0 0.515 0.285 -0.4687272961 1
0 0.515 0.295 -0.4526451962 1
0 0.515 0.305 -0.4361611876 1
0 0.515 0.315 -0.4192899067 2
0 0.515 0.325 -0.4020463335 2
0 0.515 0.335 -0.3844457788 2
0 0.515 0.345 -0.3665038705 2
0 0.515 0.355 -0.3482365393 2
0 0.515 0.365 -0.3296600049 2
0 0.515 0.375 -0.3107907618 2
0 0.515 0.385 -0.291645564 2
0 0.515 0.395 -0.2722414109 2
0 0.515 0.405 -0.2525955315 2
0 0.515 0.415 -0.2327253698 2
0 0.515 0.425 -0.2126485686 2
0 0.515 0.435 -0.1923829544 2
0 0.515 0.445 -0.1719465212 2
0 0.515 0.455 -0.1513574147 2
0 0.515 0.465 -0.1306339163 2
0 0.515 0.475 -0.1097944266 2
0 0.515 0.485 -0.0888574492 2
0 0.515 0.495 -0.06784157426 2
0 0.515 0.505 0 2
0 0.515 0.515 0 2
0 0.515 0.525 0 2
0 0.515 0.535 0 2
0 0.515 0.545 0 2
0 0.515 0.555 0 2
0 0.515 0.565 0 2
0 0.525 -0.555 0 1
0 0.525 -0.545 0 1
0 0.525 -0.535 0 1
0 0.525 -0.525 0 1
0 0.525 -0.515 0 1
0 0.525 -0.505 0 1
0 0.525 -0.495 -0.06681118661 1
0 0.525 -0.485 -0.08750786939 1
0 0.525 -0.475 -0.108126853 2
0 0.525 -0.465 -0.1286498295 2
0 0.525 -0.455 -0.1490585764 2
0 0.525 -0.445 -0.1693349725 2
0 0.525 -0.435 -0.1894610142 2
0 0.525 -0.425 -0.2094188314 2
0 0.525 -0.415 -0.2291907032 1
0 0.525 -0.405 -0.248759074 1
0 0.525 -0.395 -0.2681065689 1
0 0.525 -0.385 -0.2872160089 1
0 0.525 -0.375 -0.3060704266 1
0 0.525 -0.365 -0.324653081 1
0 0.525 -0.355 -0.3429474723 1
0 0.525 -0.345 -0.3609373566 2
0 0.525 -0.335 -0.3786067607 2
0 0.525 -0.325 -0.3959399955 2
0 0.525 -0.315 -0.4129216708 2
0 0.525 -0.305 -0.4295367083 2
0 0.525 -0.295 -0.4457703554 2
0 0.525 -0.285 -0.461608198 2
0 0.525 -0.275 -0.4770361735 2
0 0.525 -0.265 -0.4920405832 2
0 0.525 -0.255 -0.5066081046 2
0 0.525 -0.245 -0.5207258029 2
0 0.525 -0.235 -0.534381143 2
0 0.525 -0.225 -0.5475620001 2
0 0.525 -0.215 -0.5602566708 2
0 0.525 -0.205 -0.5724538833 2
0 0.525 -0.195 -0.5841428076 2
0 0.525 -0.185 -0.5953130649 2
0 0.525 -0.175 -0.6059547371 2
0 0.525 -0.165 -0.6160583753 2
0 0.525 -0.155 -0.6256150084 2
0 0.525 -0.145 -0.6346161509 2
0 0.525 -0.135 -0.6430538106 2
0 0.525 -0.125 -0.6509204956 2
0 0.525 -0.115 -0.658209221 2
0 0.525 -0.105 -0.6649135151 2
0 0.525 -0.095 -0.6710274251 2
0 0.525 -0.085 -0.6765455222 2
0 0.525 -0.075 -0.6814629071 2
0 0.525 -0.065 -0.6857752133 2
0 0.525 -0.055 -0.6894786121 2
0 0.525 -0.045 -0.6925698151 2
0 0.525 -0.035 -0.6950460776 2
0 0.525 -0.025 -0.6969052009 2
0 0.525 -0.015 -0.6981455343 2
0 0.525 -0.005 -0.6987659764 2
0 0.525 0.005 -0.6987659764 2
0 0.525 0.015 -0.6981455343 2
0 0.525 0.025 -0.6969052009 2
0 0.525 0.035 -0.6950460776 2
0 0.525 0.045 -0.6925698151 2
0 0.525 0.055 -0.6894786121 2
0 0.525 0.065 -0.6857752133 2
0 0.525 0.075 -0.6814629071 2
0 0.525 0.085 -0.6765455222 2
0 0.525 0.095 -0.6710274251 2
0 0.525 0.105 -0.6649135151 2
0 0.525 0.115 -0.658209221 2
0 0.525 0.125 -0.6509204956 2
0 0.525 0.135 -0.6430538106 2
0 0.525 0.145 -0.6346161509 2
0 0.525 0.155 -0.6256150084 2
0 0.525 0.165 -0.6160583753 2
0 0.525 0.175 -0.6059547371 2
0 0.525 0.185 -0.5953130649 2
0 0.525 0.195 -0.5841428076 2
0 0.525 0.205 -0.5724538833 2
0 0.525 0.215 -0.5602566708 2
0 0.525 0.225 -0.5475620001 2
0 0.525 0.235 -0.534381143 2
0 0.525 0.245 -0.5207258029 2
0 0.525 0.255 -0.5066081046 1
0 0.525 0.265 -0.4920405832 1
0 0.525 0.275 -0.4770361735 1
0 0.525 0.285 -0.461608198 1
0 0.525 0.295 -0.4457703554 1
0 0.525 0.305 -0.4295367083 2
0 0.525 0.315 -0.4129216708 2
0 0.525 0.325 -0.3959399955 2
0 0.525 0.335 -0.3786067607 2
0 0.525 0.345 -0.3609373566 2
0 0.525 0.355 -0.3429474723 2
0 0.525 0.365 -0.324653081 2
0 0.525 0.375 -0.3060704266 2
0 0.525 0.385 -0.2872160089 2
0 0.525 0.395 -0.2681065689 2
0 0.525 0.405 -0.248759074 2
0 0.525 0.415 -0.2291907032 2
0 0.525 0.425 -0.2094188314 2
0 0.525 0.435 -0.1894610142 2
0 0.525 0.445 -0.1693349725 2
0 0.525 0.455 -0.1490585764 2
0 0.525 0.465 -0.1286498295 2
0 0.525 0.475 -0.108126853 2
0 0.525 0.485 -0.08750786939 2
0 0.525 0.495 -0.06681118661 2
0 0.525 0.505 0 2
0 0.525 0.515 0 2
0 0.525 0.525 0 2
0 0.525 0.535 0 2
0 0.525 0.545 0 2
0 0.525 0.555 0 2
0 0.525 0.565 0 2
0 0.535 -0.555 0 1
0 0.535 -0.545 0 1
0 0.535 -0.535 0 1
0 0.535 -0.525 0 1
0 0.535 -0.515 0 1
0 0.535 -0.505 0 1
0 0.535 -0.495 -0.0657654012 1
0 0.535 -0.485 -0.08613812193 1
0 0.535 -0.475 -0.1064343597 2
0 0.535 -0.465 -0.1266360931 2
0 0.535 -0.455 -0.146725385 2
0 0.535 -0.445 -0.1666843978 2
0 0.535 -0.435 -0.1864954096 2
0 0.535 -0.425 -0.20614083 2
0 0.535 -0.415 -0.2256032157 1
0 0.535 -0.405 -0.2448652858 1
0 0.535 -0.395 -0.2639099373 1
0 0.535 -0.385 -0.2827202601 1
0 0.535 -0.375 -0.3012795525 1
0 0.535 -0.365 -0.3195713354 1
0 0.535 -0.355 -0.3375793673 1
0 0.535 -0.345 -0.3552876587 2
0 0.535 -0.335 -0.3726804862 2
0 0.535 -0.325 -0.3897424066 2
0 0.535 -0.315 -0.4064582703 2
0 0.535 -0.305 -0.4228132351 2
0 0.535 -0.295 -0.4387927794 2
0 0.535 -0.285 -0.4543827146 2
0 0.535 -0.275 -0.4695691983 2
0 0.535 -0.265 -0.4843387463 2
0 0.535 -0.255 -0.4986782444 2
0 0.535 -0.245 -0.5125749606 2
0 0.535 -0.235 -0.5260165557 2
0 0.535 -0.225 -0.5389910949 2
0 0.535 -0.215 -0.5514870578 2
0 0.535 -0.205 -0.5634933491 2
0 0.535 -0.195 -0.5749993085 2
0 0.535 -0.185 -0.5859947194 2
0 0.535 -0.175 -0.5964698192 1
0 0.535 -0.165 -0.6064153066 1
0 0.535 -0.155 -0.6158223512 1
0 0.535 -0.145 -0.6246826001 1
0 0.535 -0.135 -0.6329881864 2
0 0.535 -0.125 -0.6407317354 2
0 0.535 -0.115 -0.6479063715 2
0 0.535 -0.105 -0.6545057243 2
0 0.535 -0.095 -0.6605239342 2
0 0.535 -0.085 -0.6659556574 2
0 0.535 -0.075 -0.6707960711 2
0 0.535 -0.065 -0.6750408775 2
0 0.535 -0.055 -0.6786863076 2
0 0.535 -0.045 -0.6817291244 2
0 0.535 -0.035 -0.6841666264 2
0 0.535 -0.025 -0.6859966491 2
0 0.535 -0.015 -0.6872175677 2
0 0.535 -0.005 -0.6878282982 2
0 0.535 0.005 -0.6878282982 2
0 0.535 0.015 -0.6872175677 2
0 0.535 0.025 -0.6859966491 2
0 0.535 0.035 -0.6841666264 2
0 0.535 0.045 -0.6817291244 2
0 0.535 0.055 -0.6786863076 2
0 0.535 0.065 -0.6750408775 2
0 0.535 0.075 -0.6707960711 2
0 0.535 0.085 -0.6659556574 2
0 0.535 0.095 -0.6605239342 2
0 0.535 0.105 -0.6545057243 2
0 0.535 0.115 -0.6479063715 2
0 0.535 0.125 -0.6407317354 2
0 0.535 0.135 -0.6329881864 2
0 0.535 0.145 -0.6246826001 2
0 0.535 0.155 -0.6158223512 2
0 0.535 0.165 -0.6064153066 2
0 0.535 0.175 -0.5964698192 2
0 0.535 0.185 -0.5859947194 2
0 0.535 0.195 -0.5749993085 2
0 0.535 0.205 -0.5634933491 2
0 0.535 0.215 -0.5514870578 2
0 0.535 0.225 -0.5389910949 2
0 0.535 0.235 -0.5260165557 2
0 0.535 0.245 -0.5125749606 2
0 0.535 0.255 -0.4986782444 2
0 0.535 0.265 -0.4843387463 2
0 0.535 0.275 -0.4695691983 2
0 0.535 0.285 -0.4543827146 2
0 0.535 0.295 -0.4387927794 2
0 0.535 0.305 -0.4228132351 2
0 0.535 0.315 -0.4064582703 2
0 0.535 0.325 -0.3897424066 2
0 0.535 0.335 -0.3726804862 2
0 0.535 0.345 -0.3552876587 2
0 0.535 0.355 -0.3375793673 2
0 0.535 0.365 -0.3195713354 2
0 0.535 0.375 -0.3012795525 2
0 0.535 0.385 -0.2827202601 2
0 0.535 0.395 -0.2639099373 2
0 0.535 0.405 -0.2448652858 2
0 0.535 0.415 -0.2256032157 2
0 0.535 0.425 -0.20614083 2
0 0.535 0.435 -0.1864954096 2
0 0.535 0.445 -0.1666843978 2
0 0.535 0.455 -0.146725385 2
0 0.535 0.465 -0.1266360931 2
0 0.535 0.475 -0.1064343597 2
0 0.535 0.485 -0.08613812193 2
0 0.535 0.495 -0.0657654012 2
0 0.535 0.505 0 2
0 0.535 0.515 0 2
0 0.535 0.525 0 2
0 0.535 0.535 0 2
0 0.535 0.545 0 1
0 0.535 0.555 0 1
0 0.535 0.565 0 1
0 0.545 -0.555 0 1
0 0.545 -0.545 0 1
0 0.545 -0.535 0 1
0 0.545 -0.525 0 1
0 0.545 -0.515 0 1
0 0.545 -0.505 0 1
0 0.545 -0.495 -0.06470445905 1
0 0.545 -0.485 -0.08474852251 1
0 0.545 -0.475 -0.1047173368 2
0 0.545 -0.465 -0.1245931714 2
0 0.545 -0.455 -0.1443583783 2
0 0.545 -0.445 -0.1639954078 2
0 0.545 -0.435 -0.183486824 2
0 0.545 -0.425 -0.2028153201 2
0 0.545 -0.415 -0.2219637343 1
0 0.545 -0.405 -0.2409150643 1
0 0.545 -0.395 -0.2596524832 1
0 0.545 -0.385 -0.2781593537 1
0 0.545 -0.375 -0.2964192435 1
0 0.545 -0.365 -0.3144159392 1
0 0.545 -0.355 -0.3321334615 1
0 0.545 -0.345 -0.3495560788 2
0 0.545 -0.335 -0.3666683214 2
0 0.545 -0.325 -0.383454995 2
0 0.545 -0.315 -0.3999011947 2
0 0.545 -0.305 -0.4159923176 2
0 0.545 -0.295 -0.4317140762 2
0 0.545 -0.285 -0.4470525111 2
0 0.545 -0.275 -0.4619940031 2
0 0.545 -0.265 -0.4765252854 2
0 0.545 -0.255 -0.4906334556 2
0 0.545 -0.245 -0.5043059869 2
0 0.545 -0.235 -0.5175307392 2
0 0.545 -0.225 -0.5302959701 2
0 0.545 -0.215 -0.5425903454 2
0 0.545 -0.205 -0.5544029486 2
0 0.545 -0.195 -0.5657232912 2
0 0.545 -0.185 -0.5765413217 1
0 0.545 -0.175 -0.5868474348 1
0 0.545 -0.165 -0.5966324794 1
0 0.545 -0.155 -0.6058877674 1
0 0.545 -0.145 -0.6146050809 1
0 0.545 -0.135 -0.6227766796 1
0 0.545 -0.125 -0.6303953079 2
0 0.545 -0.115 -0.6374542012 2
0 0.545 -0.105 -0.6439470918 2
0 0.545 -0.095 -0.6498682145 2
0 0.545 -0.085 -0.655212312 2
0 0.545 -0.075 -0.6599746391 2
0 0.545 -0.065 -0.6641509673 2
0 0.545 -0.055 -0.6677375884 2
0 0.545 -0.045 -0.6707313179 2
0 0.545 -0.035 -0.6731294975 2
0 0.545 -0.025 -0.6749299979 2
0 0.545 -0.015 -0.6761312204 2
0 0.545 -0.005 -0.6767320984 2
0 0.545 0.005 -0.6767320984 2
0 0.545 0.015 -0.6761312204 2
0 0.545 0.025 -0.6749299979 2
0 0.545 0.035 -0.6731294975 2
0 0.545 0.045 -0.6707313179 2
0 0.545 0.055 -0.6677375884 2
0 0.545 0.065 -0.6641509673 2
0 0.545 0.075 -0.6599746391 2
0 0.545 0.085 -0.655212312 2
0 0.545 0.095 -0.6498682145 2
0 0.545 0.105 -0.6439470918 2
0 0.545 0.115 -0.6374542012 2
0 0.545 0.125 -0.6303953079 2
0 0.545 0.135 -0.6227766796 2
0 0.545 0.145 -0.6146050809 2
0 0.545 0.155 -0.6058877674 2
0 0.545 0.165 -0.5966324794 2
0 0.545 0.175 -0.5868474348 2
0 0.545 0.185 -0.5765413217 1
0 0.545 0.195 -0.5657232912 1
0 0.545 0.205 -0.5544029486 1
0 0.545 0.215 -0.5425903454 1
0 0.545 0.225 -0.5302959701 1
0 0.545 0.235 -0.5175307392 1
0 0.545 0.245 -0.5043059869 1
0 0.545 0.255 -0.4906334556 1
0 0.545 0.265 -0.4765252854 2
0 0.545 0.275 -0.4619940031 2
0 0.545 0.285 -0.4470525111 2
0 0.545 0.295 -0.4317140762 2
0 0.545 0.305 -0.4159923176 2
0 0.545 0.315 -0.3999011947 2
0 0.545 0.325 -0.383454995 2
0 0.545 0.335 -0.3666683214 2
0 0.545 0.345 -0.3495560788 2
0 0.545 0.355 -0.3321334615 2
0 0.545 0.365 -0.3144159392 2
0 0.545 0.375 -0.2964192435 2
0 0.545 0.385 -0.2781593537 2
0 0.545 0.395 -0.2596524832 2
0 0.545 0.405 -0.2409150643 2
0 0.545 0.415 -0.2219637343 2
0 0.545 0.425 -0.2028153201 2
0 0.545 0.435 -0.183486824 2
0 0.545 0.445 -0.1639954078 2
0 0.545 0.455 -0.1443583783 2
0 0.545 0.465 -0.1245931714 2
0 0.545 0.475 -0.1047173368 2
0 0.545 0.485 -0.08474852251 2
0 0.545 0.495 -0.06470445905 2
0 0.545 0.505 0 2
0 0.545 0.515 0 2
0 0.545 0.525 0 2
0 0.545 0.535 0 2
0 0.545 0.545 0 1
0 0.545 0.555 0 1
0 0.545 0.565 0 1
0 0.555 -0.555 0 1
0 0.555 -0.545 0 1
0 0.555 -0.535 0 1
0 0.555 -0.525 0 1
0 0.555 -0.515 0 1
0 0.555 -0.505 0 1
0 0.555 -0.495 -0.06362860469 1
0 0.555 -0.485 -0.08333939137 1
0 0.555 -0.475 -0.1029761801 2
0 0.555 -0.465 -0.1225215351 2
0 0.555 -0.455 -0.1419581018 2
0 0.555 -0.445 -0.1612686224 2
0 0.555 -0.435 -0.1804359508 2
0 0.555 -0.425 -0.199443068 2
0 0.555 -0.415 -0.2182730976 2
0 0.555 -0.405 -0.2369093199 1
0 0.555 -0.395 -0.2553351879 1
0 0.555 -0.385 -0.2735343409 1
0 0.555 -0.375 -0.2914906197 1
0 0.555 -0.365 -0.3091880806 1
0 0.555 -0.355 -0.3266110101 2
0 0.555 -0.345 -0.3437439379 2
0 0.555 -0.335 -0.3605716517 2
0 0.555 -0.325 -0.3770792099 2
0 0.555 -0.315 -0.3932519552 2
0 0.555 -0.305 -0.4090755277 2
0 0.555 -0.295 -0.4245358774 2
0 0.555 -0.285 -0.439619277 2
0 0.555 -0.275 -0.4543123337 2
0 0.555 -0.265 -0.4686020014 2
0 0.555 -0.255 -0.4824755921 2
0 0.555 -0.245 -0.4959207874 2
0 0.555 -0.235 -0.508925649 2
0 0.555 -0.225 -0.5214786298 2
0 0.555 -0.215 -0.533568584 2
0 0.555 -0.205 -0.5451847766 2
0 0.555 -0.195 -0.5563168935 2
0 0.555 -0.185 -0.5669550505 1
0 0.555 -0.175 -0.5770898017 1
0 0.555 -0.165 -0.5867121484 1
0 0.555 -0.155 -0.5958135468 1
0 0.555 -0.145 -0.6043859157 1
0 0.555 -0.135 -0.6124216435 1
0 0.555 -0.125 -0.6199135954 1
0 0.555 -0.115 -0.626855119 2
0 0.555 -0.105 -0.6332400509 2
0 0.555 -0.095 -0.6390627219 2
0 0.555 -0.085 -0.6443179619 2
0 0.555 -0.075 -0.6490011048 2
0 0.555 -0.065 -0.6531079924 2
0 0.555 -0.055 -0.6566349781 2
0 0.555 -0.045 -0.6595789302 2
0 0.555 -0.035 -0.6619372348 2
0 0.555 -0.025 -0.6637077979 2
0 0.555 -0.015 -0.6648890474 2
0 0.555 -0.005 -0.6654799345 2
0 0.555 0.005 -0.6654799345 2
0 0.555 0.015 -0.6648890474 2
0 0.555 0.025 -0.6637077979 2
0 0.555 0.035 -0.6619372348 2
0 0.555 0.045 -0.6595789302 2
0 0.555 0.055 -0.6566349781 2
0 0.555 0.065 -0.6531079924 2
0 0.555 0.075 -0.6490011048 2
0 0.555 0.085 -0.6443179619 2
0 0.555 0.095 -0.6390627219 2
0 0.555 0.105 -0.6332400509 2
0 0.555 0.115 -0.626855119 2
0 0.555 0.125 -0.6199135954 2
0 0.555 0.135 -0.6124216435 2
0 0.555 0.145 -0.6043859157 2
0 0.555 0.155 -0.5958135468 2
0 0.555 0.165 -0.5867121484 2
0 0.555 0.175 -0.5770898017 1
0 0.555 0.185 -0.5669550505 1
0 0.555 0.195 -0.5563168935 1
0 0.555 0.205 -0.5451847766 1
0 0.555 0.215 -0.533568584 1
0 0.555 0.225 -0.5214786298 1
0 0.555 0.235 -0.508925649 1
0 0.555 0.245 -0.4959207874 1
0 0.555 0.255 -0.4824755921 1
0 0.555 0.265 -0.4686020014 1
0 0.555 0.275 -0.4543123337 2
0 0.555 0.285 -0.439619277 2
0 0.555 0.295 -0.4245358774 2
0 0.555 0.305 -0.4090755277 2
0 0.555 0.315 -0.3932519552 2
0 0.555 0.325 -0.3770792099 2
0 0.555 0.335 -0.3605716517 2
0 0.555 0.345 -0.3437439379 2
0 0.555 0.355 -0.3266110101 2
0 0.555 0.365 -0.3091880806 2
0 0.555 0.375 -0.2914906197 2
0 0.555 0.385 -0.2735343409 2
0 0.555 0.395 -0.2553351879 2
0 0.555 0.405 -0.2369093199 2
0 0.555 0.415 -0.2182730976 2
0 0.555 0.425 -0.199443068 2
0 0.555 0.435 -0.1804359508 2
0 0.555 0.445 -0.1612686224 2
0 0.555 0.455 -0.1419581018 2
0 0.555 0.465 -0.1225215351 2
0 0.555 0.475 -0.1029761801 2
0 0.555 0.485 -0.08333939137 2
0 0.555 0.495 -0.06362860469 2
0 0.555 0.505 0 2
0 0.555 0.515 0 2
0 0.555 0.525 0 2
0 0.555 0.535 0 1
0 0.555 0.545 0 1
0 0.555 0.555 0 1
0 0.555 0.565 0 1
0 0.565 -0.555 0 1
0 0.565 -0.545 0 1
0 0.565 -0.535 0 1
0 0.565 -0.525 0 1
0 0.565 -0.515 0 1
0 0.565 -0.505 0 1
0 0.565 -0.495 -0.06253808605 1
0 0.565 -0.485 -0.08191105329 2
0 0.565 -0.475 -0.1012112908 2
0 0.565 -0.465 -0.1204216616 2
0 0.565 -0.455 -0.1395251088 2
0 0.565 -0.445 -0.15850467 2
0 0.565 -0.435 -0.1773434931 2
0 0.565 -0.425 -0.196024851 2
0 0.565 -0.415 -0.2145321562 2
0 0.565 -0.405 -0.2328489759 2
0 0.565 -0.395 -0.2509590463 1
0 0.565 -0.385 -0.2688462875 1
0 0.565 -0.375 -0.286494817 1
0 0.565 -0.365 -0.3038889645 1
0 0.565 -0.355 -0.3210132857 2
0 0.565 -0.345 -0.3378525755 2
0 0.565 -0.335 -0.3543918823 2
0 0.565 -0.325 -0.3706165205 2
0 0.565 -0.315 -0.3865120842 2
0 0.565 -0.305 -0.4020644595 2
0 0.565 -0.295 -0.4172598372 2
0 0.565 -0.285 -0.4320847252 2
0 0.565 -0.275 -0.4465259604 2
0 0.565 -0.265 -0.4605707202 2
0 0.565 -0.255 -0.4742065341 2
0 0.565 -0.245 -0.4874212947 2
0 0.565 -0.235 -0.5002032684 2
0 0.565 -0.225 -0.5125411061 2
0 0.565 -0.215 -0.5244238528 2
0 0.565 -0.205 -0.5358409577 2
0 0.565 -0.195 -0.5467822834 2
0 0.565 -0.185 -0.5572381149 1
0 0.565 -0.175 -0.5671991686 1
0 0.565 -0.165 -0.5766565997 1
0 0.565 -0.155 -0.5856020109 1
0 0.565 -0.145 -0.5940274596 1
0 0.565 -0.135 -0.6019254647 1
0 0.565 -0.125 -0.6092890133 1
0 0.565 -0.115 -0.6161115675 1
0 0.565 -0.105 -0.6223870693 2
0 0.565 -0.095 -0.6281099466 2
0 0.565 -0.085 -0.6332751181 2
0 0.565 -0.075 -0.6378779975 2
0 0.565 -0.065 -0.6419144979 2
0 0.565 -0.055 -0.6453810352 2
0 0.565 -0.045 -0.6482745315 2
0 0.565 -0.035 -0.6505924175 2
0 0.565 -0.025 -0.6523326353 2
0 0.565 -0.015 -0.6534936396 2
0 0.565 -0.005 -0.6540743996 2
0 0.565 0.005 -0.6540743996 2
0 0.565 0.015 -0.6534936396 2
0 0.565 0.025 -0.6523326353 2
0 0.565 0.035 -0.6505924175 2
0 0.565 0.045 -0.6482745315 2
0 0.565 0.055 -0.6453810352 2
0 0.565 0.065 -0.6419144979 2
0 0.565 0.075 -0.6378779975 2
0 0.565 0.085 -0.6332751181 2
0 0.565 0.095 -0.6281099466 2
0 0.565 0.105 -0.6223870693 2
0 0.565 0.115 -0.6161115675 2
0 0.565 0.125 -0.6092890133 2
0 0.565 0.135 -0.6019254647 2
0 0.565 0.145 -0.5940274596 2
0 0.565 0.155 -0.5856020109 2
0 0.565 0.165 -0.5766565997 2
0 0.565 0.175 -0.5671991686 1
0 0.565 0.185 -0.5572381149 1
0 0.565 0.195 -0.5467822834 1
0 0.565 0.205 -0.5358409577 1
0 0.565 0.215 -0.5244238528 1
0 0.565 0.225 -0.5125411061 1
0 0.565 0.235 -0.5002032684 1
0 0.565 0.245 -0.4874212947 1
0 0.565 0.255 -0.4742065341 1
0 0.565 0.265 -0.4605707202 1
0 0.565 0.275 -0.4465259604 1
0 0.565 0.285 -0.4320847252 2
0 0.565 0.295 -0.4172598372 2
0 0.565 0.305 -0.4020644595 2
0 0.565 0.315 -0.3865120842 2
0 0.565 0.325 -0.3706165205 2
0 0.565 0.335 -0.3543918823 2
0 0.565 0.345 -0.3378525755 2
0 0.565 0.355 -0.3210132857 2
0 0.565 0.365 -0.3038889645 2
0 0.565 0.375 -0.286494817 2
0 0.565 0.385 -0.2688462875 2
0 0.565 0.395 -0.2509590463 2
0 0.565 0.405 -0.2328489759 2
0 0.565 0.415 -0.2145321562 2
0 0.565 0.425 -0.196024851 2
0 0.565 0.435 -0.1773434931 2
0 0.565 0.445 -0.15850467 2
0 0.565 0.455 -0.1395251088 2
0 0.565 0.465 -0.1204216616 2
0 0.565 0.475 -0.1012112908 2
0 0.565 0.485 -0.08191105329 2
0 0.565 0.495 -0.06253808605 2
0 0.565 0.505 0 2
0 0.565 0.515 0 2
0 0.565 0.525 0 2
0 0.565 0.535 0 1
0 0.565 0.545 0 1
0 0.565 0.555 0 1
0 0.565 0.565 0 1
0 0.575 -0.555 0 1
0 0.575 -0.545 0 1
0 0.575 -0.535 0 1
0 0.575 -0.525 0 1
0 0.575 -0.515 0 1
0 0.575 -0.505 0 1
0 0.575 -0.495 -0.06143315447 2
0 0.575 -0.485 -0.08046383743 2
0 0.575 -0.475 -0.09942307566 2
0 0.575 -0.465 -0.118294035 2
0 0.575 -0.455 -0.1370599598 2
0 0.575 -0.445 -0.1557041875 2
0 0.575 -0.435 -0.1742101637 2
0 0.575 -0.425 -0.1925614567 2
0 0.575 -0.415 -0.2107417723 2
0 0.575 -0.405 -0.2287349679 2
0 0.575 -0.395 -0.2465250671 2
0 0.575 -0.385 -0.264096274 2
0 0.575 -0.375 -0.2814329868 2
0 0.575 -0.365 -0.2985198122 2
0 0.575 -0.355 -0.3153415784 2
0 0.575 -0.345 -0.3318833493 2
0 0.575 -0.335 -0.3481304373 2
0 0.575 -0.325 -0.3640684164 2
0 0.575 -0.315 -0.3796831351 2
0 0.575 -0.305 -0.3949607288 2
0 0.575 -0.295 -0.4098876325 2
0 0.575 -0.285 -0.4244505924 2
0 0.575 -0.275 -0.4386366778 2
0 0.575 -0.265 -0.4524332928 2
0 0.575 -0.255 -0.4658281872 2
0 0.575 -0.245 -0.4788094676 2
0 0.575 -0.235 -0.4913656077 2
0 0.575 -0.225 -0.5034854587 2
0 0.575 -0.215 -0.5151582594 2
0 0.575 -0.205 -0.5263736453 2
0 0.575 -0.195 -0.5371216581 2
0 0.575 -0.185 -0.5473927546 1
0 0.575 -0.175 -0.5571778149 1
0 0.575 -0.165 -0.5664681509 1
0 0.575 -0.155 -0.5752555134 1
0 0.575 -0.145 -0.5835321 1
0 0.575 -0.135 -0.591290562 1
0 0.575 -0.125 -0.5985240105 1
0 0.575 -0.115 -0.6052260228 1
0 0.575 -0.105 -0.6113906482 2
0 0.575 -0.095 -0.6170124129 2
0 0.575 -0.085 -0.6220863254 2
0 0.575 -0.075 -0.6266078805 2
0 0.575 -0.065 -0.6305730635 2
0 0.575 -0.055 -0.6339783535 2
0 0.575 -0.045 -0.6368207271 2
0 0.575 -0.035 -0.6390976604 2
0 0.575 -0.025 -0.6408071318 2
0 0.575 -0.015 -0.6419476233 2
0 0.575 -0.005 -0.6425181223 2
0 0.575 0.005 -0.6425181223 2
0 0.575 0.015 -0.6419476233 2
0 0.575 0.025 -0.6408071318 2
0 0.575 0.035 -0.6390976604 2
0 0.575 0.045 -0.6368207271 2
0 0.575 0.055 -0.6339783535 2
0 0.575 0.065 -0.6305730635 2
0 0.575 0.075 -0.6266078805 2
0 0.575 0.085 -0.6220863254 2
0 0.575 0.095 -0.6170124129 2
0 0.575 0.105 -0.6113906482 2
0 0.575 0.115 -0.6052260228 2
0 0.575 0.125 -0.5985240105 2
0 0.575 0.135 -0.591290562 2
0 0.575 0.145 -0.5835321 2
0 0.575 0.155 -0.5752555134 2
0 0.575 0.165 -0.5664681509 2
0 0.575 0.175 -0.5571778149 1
0 0.575 0.185 -0.5473927546 1
0 0.575 0.195 -0.5371216581 1
0 0.575 0.205 -0.5263736453 1
0 0.575 0.215 -0.5151582594 1
0 0.575 0.225 -0.5034854587 1
0 0.575 0.235 -0.4913656077 1
0 0.575 0.245 -0.4788094676 1
0 0.575 0.255 -0.4658281872 1
0 0.575 0.265 -0.4524332928 1
0 0.575 0.275 -0.4386366778 1
0 0.575 0.285 -0.4244505924 2
0 0.575 0.295 -0.4098876325 2
0 0.575 0.305 -0.3949607288 2
0 0.575 0.315 -0.3796831351 2
0 0.575 0.325 -0.3640684164 2
0 0.575 0.335 -0.3481304373 2
0 0.575 0.345 -0.3318833493 2
0 0.575 0.355 -0.3153415784 2
0 0.575 0.365 -0.2985198122 2
0 0.575 0.375 -0.2814329868 2
0 0.575 0.385 -0.264096274 2
0 0.575 0.395 -0.2465250671 2
0 0.575 0.405 -0.2287349679 2
0 0.575 0.415 -0.2107417723 2
0 0.575 0.425 -0.1925614567 2
0 0.575 0.435 -0.1742101637 2
0 0.575 0.445 -0.1557041875 2
0 0.575 0.455 -0.1370599598 2
0 0.575 0.465 -0.118294035 2
0 0.575 0.475 -0.09942307566 2
0 0.575 0.485 -0.08046383743 2
0 0.575 0.495 -0.06143315447 2
0 0.575 0.505 0 2
0 0.575 0.515 0 2
0 0.575 0.525 0 2
0 0.575 0.535 0 1
0 0.575 0.545 0 1
0 0.575 0.555 0 1
0 0.575 0.565 0 1
0 0.585 -0.555 0 1
0 0.585 -0.545 0 1
0 0.585 -0.535 0 1
0 0.585 -0.525 0 1
0 0.585 -0.515 0 1
0 0.585 -0.505 0 2
0 0.585 -0.495 -0.0603140646 2
0 0.585 -0.485 -0.07899807735 2
0 0.585 -0.475 -0.09761194682 2
0 0.585 -0.465 -0.1161391456 2
0 0.585 -0.455 -0.134563223 2
0 0.585 -0.445 -0.1528678203 2
0 0.585 -0.435 -0.1710366846 2
0 0.585 -0.425 -0.1890536834 2
0 0.585 -0.415 -0.2069028194 2
0 0.585 -0.405 -0.2245682441 2
0 0.585 -0.395 -0.242034272 2
0 0.585 -0.385 -0.2592853951 2
0 0.585 -0.375 -0.2763062957 2
0 0.585 -0.365 -0.2930818609 2
0 0.585 -0.355 -0.3095971954 2
0 0.585 -0.345 -0.3258376351 2
0 0.585 -0.335 -0.3417887599 2
0 0.585 -0.325 -0.3574364067 2
0 0.585 -0.315 -0.3727666816 2
0 0.585 -0.305 -0.3877659729 2
0 0.585 -0.295 -0.4024209624 2
0 0.585 -0.285 -0.4167186378 2
0 0.585 -0.275 -0.430646304 2
0 0.585 -0.265 -0.4441915946 2
0 0.585 -0.255 -0.4573424825 2
0 0.585 -0.245 -0.4700872909 2
0 0.585 -0.235 -0.4824147035 2
0 0.585 -0.225 -0.4943137747 2
0 0.585 -0.215 -0.5057739392 2
0 0.585 -0.205 -0.5167850213 2
0 0.585 -0.195 -0.5273372442 2
0 0.585 -0.185 -0.5374212385 1
0 0.585 -0.175 -0.5470280504 1
0 0.585 -0.165 -0.55614915 1
0 0.585 -0.155 -0.5647764386 1
0 0.585 -0.145 -0.5729022558 1
0 0.585 -0.135 -0.5805193867 1
0 0.585 -0.125 -0.5876210679 1
0 0.585 -0.115 -0.5942009938 1
0 0.585 -0.105 -0.6002533219 1
0 0.585 -0.095 -0.6057726785 1
0 0.585 -0.085 -0.6107541626 1
0 0.585 -0.075 -0.6151933514 1
0 0.585 -0.065 -0.619086303 1
0 0.585 -0.055 -0.622429561 2
0 0.585 -0.045 -0.6252201568 2
0 0.585 -0.035 -0.6274556126 2
0 0.585 -0.025 -0.6291339436 2
0 0.585 -0.015 -0.6302536595 2
0 0.585 -0.005 -0.6308137661 2
0 0.585 0.005 -0.6308137661 2
0 0.585 0.015 -0.6302536595 2
0 0.585 0.025 -0.6291339436 2
0 0.585 0.035 -0.6274556126 2
0 0.585 0.045 -0.6252201568 2
0 0.585 0.055 -0.622429561 2
0 0.585 0.065 -0.619086303 2
0 0.585 0.075 -0.6151933514 2
0 0.585 0.085 -0.6107541626 2
0 0.585 0.095 -0.6057726785 2
0 0.585 0.105 -0.6002533219 2
0 0.585 0.115 -0.5942009938 2
0 0.585 0.125 -0.5876210679 2
0 0.585 0.135 -0.5805193867 2
0 0.585 0.145 -0.5729022558 2
0 0.585 0.155 -0.5647764386 2
0 0.585 0.165 -0.55614915 1
0 0.585 0.175 -0.5470280504 1
0 0.585 0.185 -0.5374212385 1
0 0.585 0.195 -0.5273372442 1
0 0.585 0.205 -0.5167850213 1
0 0.585 0.215 -0.5057739392 1
0 0.585 0.225 -0.4943137747 1
0 0.585 0.235 -0.4824147035 1
0 0.585 0.245 -0.4700872909 1
0 0.585 0.255 -0.4573424825 1
0 0.585 0.265 -0.4441915946 1
0 0.585 0.275 -0.430646304 1
0 0.585 0.285 -0.4167186378 2
0 0.585 0.295 -0.4024209624 2
0 0.585 0.305 -0.3877659729 2
0 0.585 0.315 -0.3727666816 2
0 0.585 0.325 -0.3574364067 2
0 0.585 0.335 -0.3417887599 2
0 0.585 0.345 -0.3258376351 2
0 0.585 0.355 -0.3095971954 2
0 0.585 0.365 -0.2930818609 2
0 0.585 0.375 -0.2763062957 2
0 0.585 0.385 -0.2592853951 2
0 0.585 0.395 -0.242034272 2
0 0.585 0.405 -0.2245682441 2
0 0.585 0.415 -0.2069028194 2
0 0.585 0.425 -0.1890536834 2
0 0.585 0.435 -0.1710366846 2
0 0.585 0.445 -0.1528678203 2
0 0.585 0.455 -0.134563223 2
0 0.585 0.465 -0.1161391456 2
0 0.585 0.475 -0.09761194682 2
0 0.585 0.485 -0.07899807735 2
0 0.585 0.495 -0.0603140646 2
0 0.585 0.505 0 2
0 0.585 0.515 0 2
0 0.585 0.525 0 2
0 0.585 0.535 0 1
0 0.585 0.545 0 1
0 0.585 0.555 0 1
0 0.585 0.565 0 1
0 0.595 -0.555 0 1
0 0.595 -0.545 0 1
0 0.595 -0.535 0 1
0 0.595 -0.525 0 2
0 0.595 -0.515 0 2
0 0.595 -0.505 0 2
0 0.595 -0.495 -0.05918107434 2
0 0.595 -0.485 -0.07751411084 2
0 0.595 -0.475 -0.09577832169 2
0 0.595 -0.465 -0.1139574899 2
0 0.595 -0.455 -0.132035474 2
0 0.595 -0.445 -0.1499962223 2
0 0.595 -0.435 -0.1678237873 2
0 0.595 -0.425 -0.1855023396 2
0 0.595 -0.415 -0.2030161824 2
0 0.595 -0.405 -0.2203497648 2
0 0.595 -0.395 -0.2374876961 2
0 0.595 -0.385 -0.2544147595 2
0 0.595 -0.375 -0.2711159252 2
0 0.595 -0.365 -0.287576364 2
0 0.595 -0.355 -0.3037814606 2
0 0.595 -0.345 -0.3197168262 2
0 0.595 -0.335 -0.3353683116 2
0 0.595 -0.325 -0.3507220198 2
0 0.595 -0.315 -0.3657643179 2
0 0.595 -0.305 -0.3804818498 2
0 0.595 -0.295 -0.3948615476 2
0 0.595 -0.285 -0.4088906434 2
0 0.595 -0.275 -0.4225566807 2
0 0.595 -0.265 -0.4358475251 2
0 0.595 -0.255 -0.4487513756 2
0 0.595 -0.245 -0.4612567748 2
0 0.595 -0.235 -0.4733526189 2
0 0.595 -0.225 -0.4850281679 2
0 0.595 -0.215 -0.496273055 2
0 0.595 -0.205 -0.5070772956 2
0 0.595 -0.195 -0.5174312967 2
0 0.595 -0.185 -0.5273258647 2
0 0.595 -0.175 -0.5367522142 1
0 0.595 -0.165 -0.5457019753 1
0 0.595 -0.155 -0.5541672016 1
0 0.595 -0.145 -0.5621403766 1
0 0.595 -0.135 -0.5696144209 1
0 0.595 -0.125 -0.5765826981 1
0 0.595 -0.115 -0.5830390212 1
0 0.595 -0.105 -0.5889776573 1
0 0.595 -0.095 -0.5943933336 1
0 0.595 -0.085 -0.5992812414 1
0 0.595 -0.075 -0.6036370406 1
0 0.595 -0.065 -0.6074568638 1
0 0.595 -0.055 -0.6107373192 1
0 0.595 -0.045 -0.6134754941 1
0 0.595 -0.035 -0.6156689572 2
0 0.595 -0.025 -0.617315761 2
0 0.595 -0.015 -0.6184144432 2
0 0.595 -0.005 -0.6189640283 2
0 0.595 0.005 -0.6189640283 2
0 0.595 0.015 -0.6184144432 2
0 0.595 0.025 -0.617315761 2
0 0.595 0.035 -0.6156689572 2
0 0.595 0.045 -0.6134754941 2
0 0.595 0.055 -0.6107373192 2
0 0.595 0.065 -0.6074568638 2
0 0.595 0.075 -0.6036370406 2
0 0.595 0.085 -0.5992812414 2
0 0.595 0.095 -0.5943933336 2
0 0.595 0.105 -0.5889776573 2
0 0.595 0.115 -0.5830390212 2
0 0.595 0.125 -0.5765826981 2
0 0.595 0.135 -0.5696144209 2
0 0.595 0.145 -0.5621403766 2
0 0.595 0.155 -0.5541672016 1
0 0.595 0.165 -0.5457019753 1
0 0.595 0.175 -0.5367522142 1
0 0.595 0.185 -0.5273258647 1
0 0.595 0.195 -0.5174312967 1
0 0.595 0.205 -0.5070772956 1
0 0.595 0.215 -0.496273055 1
0 0.595 0.225 -0.4850281679 1
0 0.595 0.235 -0.4733526189 1
0 0.595 0.245 -0.4612567748 1
0 0.595 0.255 -0.4487513756 1
0 0.595 0.265 -0.4358475251 1
0 0.595 0.275 -0.4225566807 1
0 0.595 0.285 -0.4088906434 2
0 0.595 0.295 -0.3948615476 2
0 0.595 0.305 -0.3804818498 2
0 0.595 0.315 -0.3657643179 2
0 0.595 0.325 -0.3507220198 2
0 0.595 0.335 -0.3353683116 2
0 0.595 0.345 -0.3197168262 2
0 0.595 0.355 -0.3037814606 2
0 0.595 0.365 -0.287576364 2
0 0.595 0.375 -0.2711159252 2
0 0.595 0.385 -0.2544147595 2
0 0.595 0.395 -0.2374876961 2
0 0.595 0.405 -0.2203497648 2
0 0.595 0.415 -0.2030161824 2
0 0.595 0.425 -0.1855023396 2
0 0.595 0.435 -0.1678237873 2
0 0.595 0.445 -0.1499962223 2
0 0.595 0.455 -0.132035474 2
0 0.595 0.465 -0.1139574899 2
0 0.595 0.475 -0.09577832169 2
0 0.595 0.485 -0.07751411084 2
0 0.595 0.495 -0.05918107434 2
0 0.595 0.505 0 2
0 0.595 0.515 0 1
0 0.595 0.525 0 1
0 0.595 0.535 0 1
0 0.595 0.545 0 1
0 0.595 0.555 0 1
0 0.595 0.565 0 1
0 0.605 -0.555 0 1
0 0.605 -0.545 0 1
0 0.605 -0.535 0 2
0 0.605 -0.525 0 2
0 0.605 -0.515 0 2
0 0.605 -0.505 0 2
0 0.605 -0.495 -0.05803444482 2
0 0.605 -0.485 -0.07601227991 2
0 0.605 -0.475 -0.09392262285 2
0 0.605 -0.465 -0.1117495708 2
0 0.605 -0.455 -0.1294772951 2
0 0.605 -0.445 -0.1470900551 2
0 0.605 -0.435 -0.1645722121 2
0 0.605 -0.425 -0.1819082437 2
0 0.605 -0.415 -0.1990827568 2
0 0.605 -0.405 -0.2160805022 2
0 0.605 -0.395 -0.2328863873 2
0 0.605 -0.385 -0.2494854899 2
0 0.605 -0.375 -0.2658630716 2
0 0.605 -0.365 -0.2820045904 2
0 0.605 -0.355 -0.2978957143 2
0 0.605 -0.345 -0.3135223332 2
0 0.605 -0.335 -0.3288705721 2
0 0.605 -0.325 -0.3439268031 2
0 0.605 -0.315 -0.3586776577 2
0 0.605 -0.305 -0.3731100384 2
0 0.605 -0.295 -0.3872111304 2
0 0.605 -0.285 -0.4009684134 2
0 0.605 -0.275 -0.4143696721 2
0 0.605 -0.265 -0.4274030072 2
0 0.605 -0.255 -0.4400568465 2
0 0.605 -0.245 -0.4523199544 2
0 0.605 -0.235 -0.4641814423 2
0 0.605 -0.225 -0.4756307782 2
0 0.605 -0.215 -0.4866577964 2
0 0.605 -0.205 -0.4972527055 2
0 0.605 -0.195 -0.5074060985 2
0 0.605 -0.185 -0.5171089599 2
0 0.605 -0.175 -0.5263526744 1
0 0.605 -0.165 -0.5351290346 1
0 0.605 -0.155 -0.5434302476 1
0 0.605 -0.145 -0.5512489429 1
0 0.605 -0.135 -0.558578178 1
0 0.605 -0.125 -0.5654114453 1
0 0.605 -0.115 -0.5717426775 1
0 0.605 -0.105 -0.5775662529 1
0 0.605 -0.095 -0.5828770008 1
0 0.605 -0.085 -0.5876702057 1
0 0.605 -0.075 -0.5919416116 1
0 0.605 -0.065 -0.595687426 1
0 0.605 -0.055 -0.5989043228 1
0 0.605 -0.045 -0.6015894457 1
0 0.605 -0.035 -0.6037404106 1
0 0.605 -0.025 -0.6053553077 2
0 0.605 -0.015 -0.606432703 2
0 0.605 -0.005 -0.6069716399 2
0 0.605 0.005 -0.6069716399 2
0 0.605 0.015 -0.606432703 2
0 0.605 0.025 -0.6053553077 2
0 0.605 0.035 -0.6037404106 2
0 0.605 0.045 -0.6015894457 2
0 0.605 0.055 -0.5989043228 2
0 0.605 0.065 -0.595687426 2
0 0.605 0.075 -0.5919416116 2
0 0.605 0.085 -0.5876702057 2
0 0.605 0.095 -0.5828770008 2
0 0.605 0.105 -0.5775662529 2
0 0.605 0.115 -0.5717426775 2
0 0.605 0.125 -0.5654114453 2
0 0.605 0.135 -0.558578178 2
0 0.605 0.145 -0.5512489429 1
0 0.605 0.155 -0.5434302476 1
0 0.605 0.165 -0.5351290346 1
0 0.605 0.175 -0.5263526744 1
0 0.605 0.185 -0.5171089599 1
0 0.605 0.195 -0.5074060985 1
0 0.605 0.205 -0.4972527055 1
0 0.605 0.215 -0.4866577964 1
0 0.605 0.225 -0.4756307782 1
0 0.605 0.235 -0.4641814423 1
0 0.605 0.245 -0.4523199544 1
0 0.605 0.255 -0.4400568465 1
0 0.605 0.265 -0.4274030072 1
0 0.605 0.275 -0.4143696721 2
0 0.605 0.285 -0.4009684134 2
0 0.605 0.295 -0.3872111304 2
0 0.605 0.305 -0.3731100384 2
0 0.605 0.315 -0.3586776577 2
0 0.605 0.325 -0.3439268031 2
0 0.605 0.335 -0.3288705721 2
0 0.605 0.345 -0.3135223332 2
0 0.605 0.355 -0.2978957143 2
0 0.605 0.365 -0.2820045904 2
0 0.605 0.375 -0.2658630716 2
0 0.605 0.385 -0.2494854899 2
0 0.605 0.395 -0.2328863873 2
0 0.605 0.405 -0.2160805022 2
0 0.605 0.415 -0.1990827568 2
0 0.605 0.425 -0.1819082437 2
0 0.605 0.435 -0.1645722121 2
0 0.605 0.445 -0.1470900551 2
0 0.605 0.455 -0.1294772951 2
0 0.605 0.465 -0.1117495708 2
0 0.605 0.475 -0.09392262285 2
0 0.605 0.485 -0.07601227991 2
0 0.605 0.495 -0.05803444482 2
0 0.605 0.505 0 1
0 0.605 0.515 0 1
0 0.605 0.525 0 1
0 0.605 0.535 0 1
0 0.605 0.545 0 1
0 0.605 0.555 0 1
0 0.605 0.565 0 1
0 0.615 -0.555 0 1
0 0.615 -0.545 0 1
0 0.615 -0.535 0 1
0 0.615 -0.525 0 2
0 0.615 -0.515 0 2
0 0.615 -0.505 0 2
0 0.615 -0.495 -0.05687444029 2
0 0.615 -0.485 -0.07449293068 2
0 0.615 -0.475 -0.09204527797 2
0 0.615 -0.465 -0.1095158972 2
0 0.615 -0.455 -0.1268892761 2
0 0.615 -0.445 -0.1441499885 2
0 0.615 -0.435 -0.1612827086 2
0 0.615 -0.425 -0.1782722239 2
0 0.615 -0.415 -0.1951034494 2
0 0.615 -0.405 -0.2117614403 2
0 0.615 -0.395 -0.2282314058 2
0 0.615 -0.385 -0.2444987221 2
0 0.615 -0.375 -0.2605489453 2
0 0.615 -0.365 -0.2763678241 2
0 0.615 -0.355 -0.2919413129 2
0 0.615 -0.345 -0.3072555837 2
0 0.615 -0.335 -0.3222970388 2
0 0.615 -0.325 -0.3370523228 2
0 0.615 -0.315 -0.3515083342 2
0 0.615 -0.305 -0.3656522375 2
0 0.615 -0.295 -0.379471474 2
0 0.615 -0.285 -0.3929537736 2
0 0.615 -0.275 -0.4060871651 2
0 0.615 -0.265 -0.4188599872 2
0 0.615 -0.255 -0.4312608989 2
0 0.615 -0.245 -0.4432788892 2
0 0.615 -0.235 -0.4549032873 2
0 0.615 -0.225 -0.4661237715 2
0 0.615 -0.215 -0.4769303793 2
0 0.615 -0.205 -0.4873135153 2
0 0.615 -0.195 -0.4972639601 2
0 0.615 -0.185 -0.5067728787 2
0 0.615 -0.175 -0.5158318279 2
0 0.615 -0.165 -0.5244327644 1
0 0.615 -0.155 -0.532568051 1
0 0.615 -0.145 -0.5402304646 1
0 0.615 -0.135 -0.5474132015 1
0 0.615 -0.125 -0.554109884 1
0 0.615 -0.115 -0.5603145662 1
0 0.615 -0.105 -0.5660217388 1
0 0.615 -0.095 -0.5712263344 1
0 0.615 -0.085 -0.5759237317 1
0 0.615 -0.075 -0.5801097599 1
0 0.615 -0.065 -0.5837807021 1
0 0.615 -0.055 -0.5869332989 1
0 0.615 -0.045 -0.589564751 1
0 0.615 -0.035 -0.591672722 1
0 0.615 -0.025 -0.5932553402 2
0 0.615 -0.015 -0.5943112003 2
0 0.615 -0.005 -0.5948393648 2
0 0.615 0.005 -0.5948393648 2
0 0.615 0.015 -0.5943112003 2
0 0.615 0.025 -0.5932553402 2
0 0.615 0.035 -0.591672722 2
0 0.615 0.045 -0.589564751 2
0 0.615 0.055 -0.5869332989 2
0 0.615 0.065 -0.5837807021 2
0 0.615 0.075 -0.5801097599 2
0 0.615 0.085 -0.5759237317 2
0 0.615 0.095 -0.5712263344 2
0 0.615 0.105 -0.5660217388 2
0 0.615 0.115 -0.5603145662 2
0 0.615 0.125 -0.554109884 2
0 0.615 0.135 -0.5474132015 2
0 0.615 0.145 -0.5402304646 1
0 0.615 0.155 -0.532568051 1
0 0.615 0.165 -0.5244327644 1
0 0.615 0.175 -0.5158318279 1
0 0.615 0.185 -0.5067728787 1
0 0.615 0.195 -0.4972639601 1
0 0.615 0.205 -0.4873135153 1
0 0.615 0.215 -0.4769303793 1
0 0.615 0.225 -0.4661237715 2
0 0.615 0.235 -0.4549032873 2
0 0.615 0.245 -0.4432788892 2
0 0.615 0.255 -0.4312608989 2
0 0.615 0.265 -0.4188599872 2
0 0.615 0.275 -0.4060871651 2
0 0.615 0.285 -0.3929537736 2
0 0.615 0.295 -0.379471474 2
0 0.615 0.305 -0.3656522375 2
0 0.615 0.315 -0.3515083342 2
0 0.615 0.325 -0.3370523228 2
0 0.615 0.335 -0.3222970388 2
0 0.615 0.345 -0.3072555837 2
0 0.615 0.355 -0.2919413129 2
0 0.615 0.365 -0.2763678241 2
0 0.615 0.375 -0.2605489453 2
0 0.615 0.385 -0.2444987221 2
0 0.615 0.395 -0.2282314058 2
0 0.615 0.405 -0.2117614403 2
0 0.615 0.415 -0.1951034494 2
0 0.615 0.425 -0.1782722239 2
0 0.615 0.435 -0.1612827086 2
0 0.615 0.445 -0.1441499885 2
0 0.615 0.455 -0.1268892761 2
0 0.615 0.465 -0.1095158972 2
0 0.615 0.475 -0.09204527797 2
0 0.615 0.485 -0.07449293068 2
0 0.615 0.495 -0.05687444029 2
0 0.615 0.505 0 1
0 0.615 0.515 0 1
0 0.615 0.525 0 1
0 0.615 0.535 0 1
0 0.615 0.545 0 1
0 0.615 0.555 0 1
0 0.615 0.565 0 1
0 0.625 -0.555 0 1
0 0.625 -0.545 0 1
0 0.625 -0.535 0 1
0 0.625 -0.525 0 2
0 0.625 -0.515 0 2
0 0.625 -0.505 0 2
0 0.625 -0.495 -0.0557013281 2
0 0.625 -0.485 -0.07295641332 2
0 0.625 -0.475 -0.09014671973 2
0 0.625 -0.465 -0.1072569838 2
0 0.625 -0.455 -0.1242720133 2
0 0.625 -0.445 -0.1411767002 2
0 0.625 -0.435 -0.1579560348 2
0 0.625 -0.425 -0.1745951184 2
0 0.625 -0.415 -0.1910791771 2
0 0.625 -0.405 -0.2073935744 2
0 0.625 -0.395 -0.2235238246 2
0 0.625 -0.385 -0.2394556056 2
0 0.625 -0.375 -0.2551747712 2
0 0.625 -0.365 -0.2706673643 2
0 0.625 -0.355 -0.2859196288 2
0 0.625 -0.345 -0.3009180221 2
0 0.625 -0.335 -0.3156492268 2
0 0.625 -0.325 -0.3301001631 2
0 0.625 -0.315 -0.3442579998 2
0 0.625 -0.305 -0.3581101659 2
0 0.625 -0.295 -0.371644362 2
0 0.625 -0.285 -0.384848571 2
0 0.625 -0.275 -0.3977110685 2
0 0.625 -0.265 -0.410220434 2
0 0.625 -0.255 -0.4223655601 2
0 0.625 -0.245 -0.4341356631 2
0 0.625 -0.235 -0.4455202922 2
0 0.625 -0.225 -0.4565093389 2
0 0.625 -0.215 -0.4670930457 2
0 0.625 -0.205 -0.4772620155 2
0 0.625 -0.195 -0.4870072189 2
0 0.625 -0.185 -0.4963200032 2
0 0.625 -0.175 -0.5051920994 2
0 0.625 -0.165 -0.5136156299 2
0 0.625 -0.155 -0.5215831153 1
0 0.625 -0.145 -0.5290874812 1
0 0.625 -0.135 -0.5361220644 1
0 0.625 -0.125 -0.5426806189 1
0 0.625 -0.115 -0.5487573211 1
0 0.625 -0.105 -0.5543467755 1
0 0.625 -0.095 -0.5594440193 1
0 0.625 -0.085 -0.5640445264 1
0 0.625 -0.075 -0.5681442121 1
0 0.625 -0.065 -0.5717394362 1
0 0.625 -0.055 -0.5748270064 1
0 0.625 -0.045 -0.5774041813 1
0 0.625 -0.035 -0.5794686726 1
0 0.625 -0.025 -0.5810186471 2
0 0.625 -0.015 -0.5820527287 2
0 0.625 -0.005 -0.5825699991 2
0 0.625 0.005 -0.5825699991 2
0 0.625 0.015 -0.5820527287 2
0 0.625 0.025 -0.5810186471 2
0 0.625 0.035 -0.5794686726 2
0 0.625 0.045 -0.5774041813 2
0 0.625 0.055 -0.5748270064 2
0 0.625 0.065 -0.5717394362 2
0 0.625 0.075 -0.5681442121 2
0 0.625 0.085 -0.5640445264 2
0 0.625 0.095 -0.5594440193 2
0 0.625 0.105 -0.5543467755 2
0 0.625 0.115 -0.5487573211 2
0 0.625 0.125 -0.5426806189 2
0 0.625 0.135 -0.5361220644 2
0 0.625 0.145 -0.5290874812 1
0 0.625 0.155 -0.5215831153 1
0 0.625 0.165 -0.5136156299 1
0 0.625 0.175 -0.5051920994 1
0 0.625 0.185 -0.4963200032 1
0 0.625 0.195 -0.4870072189 1
0 0.625 0.205 -0.4772620155 1
0 0.625 0.215 -0.4670930457 1
0 0.625 0.225 -0.4565093389 2
0 0.625 0.235 -0.4455202922 2
0 0.625 0.245 -0.4341356631 2
0 0.625 0.255 -0.4223655601 2
0 0.625 0.265 -0.410220434 2
0 0.625 0.275 -0.3977110685 2
0 0.625 0.285 -0.384848571 2
0 0.625 0.295 -0.371644362 2
0 0.625 0.305 -0.3581101659 2
0 0.625 0.315 -0.3442579998 2
0 0.625 0.325 -0.3301001631 2
0 0.625 0.335 -0.3156492268 2
0 0.625 0.345 -0.3009180221 2
0 0.625 0.355 -0.2859196288 2
0 0.625 0.365 -0.2706673643 2
0 0.625 0.375 -0.2551747712 2
0 0.625 0.385 -0.2394556056 2
0 0.625 0.395 -0.2235238246 2
0 0.625 0.405 -0.2073935744 2
0 0.625 0.415 -0.1910791771 2
0 0.625 0.425 -0.1745951184 2
0 0.625 0.435 -0.1579560348 2
0 0.625 0.445 -0.1411767002 2
0 0.625 0.455 -0.1242720133 2
0 0.625 0.465 -0.1072569838 2
0 0.625 0.475 -0.09014671973 2
0 0.625 0.485 -0.07295641332 2
0 0.625 0.495 -0.0557013281 1
0 0.625 0.505 0 1
0 0.625 0.515 0 1
0 0.625 0.525 0 1
0 0.625 0.535 0 1
0 0.625 0.545 0 1
0 0.625 0.555 0 1
0 0.625 0.565 0 1
0 0.635 -0.555 0 1
0 0.635 -0.545 0 1
0 0.635 -0.535 0 1
0 0.635 -0.525 0 2
0 0.635 -0.515 0 2
0 0.635 -0.505 0 2
0 0.635 -0.495 -0.05451537861 2
0 0.635 -0.485 -0.07140308194 2
0 0.635 -0.475 -0.08822738567 2
0 0.635 -0.465 -0.1049733513 2
0 0.635 -0.455 -0.1216261099 2
0 0.635 -0.445 -0.1381708754 2
0 0.635 -0.435 -0.1545929574 2
0 0.635 -0.425 -0.1708777745 2
0 0.635 -0.415 -0.1870108674 2
0 0.635 -0.405 -0.2029779112 2
0 0.635 -0.395 -0.2187647287 2
0 0.635 -0.385 -0.2343573025 2
0 0.635 -0.375 -0.2497417878 2
0 0.635 -0.365 -0.2649045246 2
0 0.635 -0.355 -0.2798320498 2
0 0.635 -0.345 -0.2945111089 2
0 0.635 -0.335 -0.3089286683 2
0 0.635 -0.325 -0.3230719264 2
0 0.635 -0.315 -0.3369283254 2
0 0.635 -0.305 -0.350485562 2
0 0.635 -0.295 -0.3637315985 2
0 0.635 -0.285 -0.3766546736 2
0 0.635 -0.275 -0.3892433128 2
0 0.635 -0.265 -0.4014863386 2
0 0.635 -0.255 -0.4133728801 2
0 0.635 -0.245 -0.4248923832 2
0 0.635 -0.235 -0.4360346196 2
0 0.635 -0.225 -0.446789696 2
0 0.635 -0.215 -0.4571480628 2
0 0.635 -0.205 -0.4671005227 2
0 0.635 -0.195 -0.4766382388 2
0 0.635 -0.185 -0.4857527425 2
0 0.635 -0.175 -0.4944359409 2
0 0.635 -0.165 -0.5026801241 2
0 0.635 -0.155 -0.510477972 2
0 0.635 -0.145 -0.5178225608 1
0 0.635 -0.135 -0.5247073691 1
0 0.635 -0.125 -0.5311262839 1
0 0.635 -0.115 -0.5370736057 1
0 0.635 -0.105 -0.5425440538 1
0 0.635 -0.095 -0.547532771 1
0 0.635 -0.085 -0.5520353277 1
0 0.635 -0.075 -0.5560477261 1
0 0.635 -0.065 -0.5595664034 1
0 0.635 -0.055 -0.5625882355 1
0 0.635 -0.045 -0.5651105392 1
0 0.635 -0.035 -0.5671310749 1
0 0.635 -0.025 -0.5686480486 2
0 0.635 -0.015 -0.5696601133 2
0 0.635 -0.005 -0.5701663704 2
0 0.635 0.005 -0.5701663704 2
0 0.635 0.015 -0.5696601133 2
0 0.635 0.025 -0.5686480486 2
0 0.635 0.035 -0.5671310749 2
0 0.635 0.045 -0.5651105392 2
0 0.635 0.055 -0.5625882355 2
0 0.635 0.065 -0.5595664034 2
0 0.635 0.075 -0.5560477261 2
0 0.635 0.085 -0.5520353277 2
0 0.635 0.095 -0.547532771 2
0 0.635 0.105 -0.5425440538 2
0 0.635 0.115 -0.5370736057 2
0 0.635 0.125 -0.5311262839 2
0 0.635 0.135 -0.5247073691 2
0 0.635 0.145 -0.5178225608 1
0 0.635 0.155 -0.510477972 1
0 0.635 0.165 -0.5026801241 1
0 0.635 0.175 -0.4944359409 1
0 0.635 0.185 -0.4857527425 1
0 0.635 0.195 -0.4766382388 1
0 0.635 0.205 -0.4671005227 1
0 0.635 0.215 -0.4571480628 1
0 0.635 0.225 -0.446789696 2
0 0.635 0.235 -0.4360346196 2
0 0.635 0.245 -0.4248923832 2
0 0.635 0.255 -0.4133728801 2
0 0.635 0.265 -0.4014863386 2
0 0.635 0.275 -0.3892433128 2
0 0.635 0.285 -0.3766546736 2
0 0.635 0.295 -0.3637315985 2
0 0.635 0.305 -0.350485562 2
0 0.635 0.315 -0.3369283254 2
0 0.635 0.325 -0.3230719264 2
0 0.635 0.335 -0.3089286683 2
0 0.635 0.345 -0.2945111089 2
0 0.635 0.355 -0.2798320498 2
0 0.635 0.365 -0.2649045246 2
0 0.635 0.375 -0.2497417878 2
0 0.635 0.385 -0.2343573025 2
0 0.635 0.395 -0.2187647287 2
0 0.635 0.405 -0.2029779112 2
0 0.635 0.415 -0.1870108674 2
0 0.635 0.425 -0.1708777745 2
0 0.635 0.435 -0.1545929574 2
0 0.635 0.445 -0.1381708754 2
0 0.635 0.455 -0.1216261099 2
0 0.635 0.465 -0.1049733513 2
0 0.635 0.475 -0.08822738567 2
0 0.635 0.485 -0.07140308194 2
0 0.635 0.495 -0.05451537861 1
0 0.635 0.505 0 1
0 0.635 0.515 0 1
0 0.635 0.525 0 1
0 0.635 0.535 0 1
0 0.635 0.545 0 1
0 0.635 0.555 0 1
0 0.635 0.565 0 1
0 0.645 -0.555 0 1
0 0.645 -0.545 0 1
0 0.645 -0.535 0 1
0 0.645 -0.525 0 2
0 0.645 -0.515 0 2
0 0.645 -0.505 0 2
0 0.645 -0.495 -0.05331686514 2
0 0.645 -0.485 -0.06983329452 2
0 0.645 -0.475 -0.08628771813 2
0 0.645 -0.465 -0.1026655259 2
0 0.645 -0.455 -0.1189521758 2
0 0.645 -0.445 -0.1351332068 2
0 0.645 -0.435 -0.1511942514 2
0 0.645 -0.425 -0.167121049 2
0 0.645 -0.415 -0.1828994579 2
0 0.645 -0.405 -0.1985154684 2
0 0.645 -0.395 -0.2139552147 2
0 0.645 -0.385 -0.2292049879 2
0 0.645 -0.375 -0.2442512473 2
0 0.645 -0.365 -0.2590806333 2
0 0.645 -0.355 -0.2736799788 2
0 0.645 -0.345 -0.2880363207 2
0 0.645 -0.335 -0.3021369119 2
0 0.645 -0.325 -0.3159692324 2
0 0.645 -0.315 -0.3295210003 2
0 0.645 -0.305 -0.3427801827 2
0 0.645 -0.295 -0.3557350068 2
0 0.645 -0.285 -0.3683739699 2
0 0.645 -0.275 -0.3806858495 2
0 0.645 -0.265 -0.3926597139 2
0 0.645 -0.255 -0.4042849314 2
0 0.645 -0.245 -0.4155511797 2
0 0.645 -0.235 -0.4264484555 2
0 0.645 -0.225 -0.436967083 2
0 0.645 -0.215 -0.4470977224 2
0 0.645 -0.205 -0.4568313788 2
0 0.645 -0.195 -0.4661594095 2
0 0.645 -0.185 -0.475073532 2
0 0.645 -0.175 -0.4835658315 2
0 0.645 -0.165 -0.4916287674 2
0 0.645 -0.155 -0.4992551806 2
0 0.645 -0.145 -0.5064382995 2
0 0.645 -0.135 -0.5131717463 2
0 0.645 -0.125 -0.519449542 2
0 0.645 -0.115 -0.5252661127 2
0 0.645 -0.105 -0.5306162938 1
0 0.645 -0.095 -0.5354953347 1
0 0.645 -0.085 -0.5398989033 1
0 0.645 -0.075 -0.5438230896 1
0 0.645 -0.065 -0.5472644093 1
0 0.645 -0.055 -0.5502198067 1
0 0.645 -0.045 -0.5526866579 1
0 0.645 -0.035 -0.5546627724 2
0 0.645 -0.025 -0.5561463956 2
0 0.645 -0.015 -0.5571362102 2
0 0.645 -0.005 -0.5576313373 2
0 0.645 0.005 -0.5576313373 2
0 0.645 0.015 -0.5571362102 2
0 0.645 0.025 -0.5561463956 2
0 0.645 0.035 -0.5546627724 2
0 0.645 0.045 -0.5526866579 2
0 0.645 0.055 -0.5502198067 2
0 0.645 0.065 -0.5472644093 2
0 0.645 0.075 -0.5438230896 2
0 0.645 0.085 -0.5398989033 2
0 0.645 0.095 -0.5354953347 2
0 0.645 0.105 -0.5306162938 2
0 0.645 0.115 -0.5252661127 2
0 0.645 0.125 -0.519449542 2
0 0.645 0.135 -0.5131717463 2
0 0.645 0.145 -0.5064382995 1
0 0.645 0.155 -0.4992551806 1
0 0.645 0.165 -0.4916287674 1
0 0.645 0.175 -0.4835658315 1
0 0.645 0.185 -0.475073532 1
0 0.645 0.195 -0.4661594095 1
0 0.645 0.205 -0.4568313788 1
0 0.645 0.215 -0.4470977224 2
0 0.645 0.225 -0.436967083 2
0 0.645 0.235 -0.4264484555 2
0 0.645 0.245 -0.4155511797 2
0 0.645 0.255 -0.4042849314 2
0 0.645 0.265 -0.3926597139 2
0 0.645 0.275 -0.3806858495 2
0 0.645 0.285 -0.3683739699 2
0 0.645 0.295 -0.3557350068 2
0 0.645 0.305 -0.3427801827 2
0 0.645 0.315 -0.3295210003 2
0 0.645 0.325 -0.3159692324 2
0 0.645 0.335 -0.3021369119 2
0 0.645 0.345 -0.2880363207 2
0 0.645 0.355 -0.2736799788 2
0 0.645 0.365 -0.2590806333 2
0 0.645 0.375 -0.2442512473 2
0 0.645 0.385 -0.2292049879 2
0 0.645 0.395 -0.2139552147 2
0 0.645 0.405 -0.1985154684 2
0 0.645 0.415 -0.1828994579 2
0 0.645 0.425 -0.167121049 2
0 0.645 0.435 -0.1511942514 2
0 0.645 0.445 -0.1351332068 2
0 0.645 0.455 -0.1189521758 2
0 0.645 0.465 -0.1026655259 2
0 0.645 0.475 -0.08628771813 2
0 0.645 0.485 -0.06983329452 2
0 0.645 0.495 -0.05331686514 1
0 0.645 0.505 0 1
0 0.645 0.515 0 1
0 0.645 0.525 0 1
0 0.645 0.535 0 1
0 0.645 0.545 0 1
0 0.645 0.555 0 1
0 0.645 0.565 0 1
0 0.655 -0.555 0 1
0 0.655 -0.545 0 1
0 0.655 -0.535 0 1
0 0.655 -0.525 0 2
0 0.655 -0.515 0 2
0 0.655 -0.505 0 2
0 0.655 -0.495 -0.05210606392 2
0 0.655 -0.485 -0.06824741286 2
0 0.655 -0.475 -0.08432816416 2
0 0.655 -0.465 -0.1003340395 2
0 0.655 -0.455 -0.1162508272 2
0 0.655 -0.445 -0.1320643944 2
0 0.655 -0.435 -0.1477607002 2
0 0.655 -0.425 -0.1633258077 2
0 0.655 -0.415 -0.1787458963 2
0 0.655 -0.405 -0.1940072744 2
0 0.655 -0.395 -0.2090963913 2
0 0.655 -0.385 -0.2239998491 2
0 0.655 -0.375 -0.238704415 2
0 0.655 -0.365 -0.2531970326 2
0 0.655 -0.355 -0.2674648336 2
0 0.655 -0.345 -0.2814951497 2
0 0.655 -0.335 -0.2952755231 2
0 0.655 -0.325 -0.308793718 2
0 0.655 -0.315 -0.3220377315 2
0 0.655 -0.305 -0.3349958041 2
0 0.655 -0.295 -0.3476564302 2
0 0.655 -0.285 -0.3600083682 2
0 0.655 -0.275 -0.3720406508 2
0 0.655 -0.265 -0.3837425943 2
0 0.655 -0.255 -0.3951038085 2
0 0.655 -0.245 -0.4061142056 2
0 0.655 -0.235 -0.4167640093 2
0 0.655 -0.225 -0.4270437636 2
0 0.655 -0.215 -0.4369443409 2
0 0.655 -0.205 -0.4464569505 2
0 0.655 -0.195 -0.455573146 2
0 0.655 -0.185 -0.4642848329 2
0 0.655 -0.175 -0.4725842762 2
0 0.655 -0.165 -0.4804641066 2
0 0.655 -0.155 -0.4879173275 2
0 0.655 -0.145 -0.4949373211 2
0 0.655 -0.135 -0.5015178544 2
0 0.655 -0.125 -0.5076530844 2
0 0.655 -0.115 -0.5133375634 2
0 0.655 -0.105 -0.5185662444 2
0 0.655 -0.095 -0.5233344845 2
0 0.655 -0.085 -0.5276380501 2
0 0.655 -0.075 -0.53147312 2
0 0.655 -0.065 -0.5348362889 2
0 0.655 -0.055 -0.5377245707 2
0 0.655 -0.045 -0.5401354008 2
0 0.655 -0.035 -0.5420666386 2
0 0.655 -0.025 -0.5435165694 2
0 0.655 -0.015 -0.5444839058 2
0 0.655 -0.005 -0.5449677888 2
0 0.655 0.005 -0.5449677888 2
0 0.655 0.015 -0.5444839058 2
0 0.655 0.025 -0.5435165694 2
0 0.655 0.035 -0.5420666386 2
0 0.655 0.045 -0.5401354008 2
0 0.655 0.055 -0.5377245707 2
0 0.655 0.065 -0.5348362889 2
0 0.655 0.075 -0.53147312 2
0 0.655 0.085 -0.5276380501 2
0 0.655 0.095 -0.5233344845 2
0 0.655 0.105 -0.5185662444 2
0 0.655 0.115 -0.5133375634 2
0 0.655 0.125 -0.5076530844 2
0 0.655 0.135 -0.5015178544 1
0 0.655 0.145 -0.4949373211 1
0 0.655 0.155 -0.4879173275 1
0 0.655 0.165 -0.4804641066 1
0 0.655 0.175 -0.4725842762 1
0 0.655 0.185 -0.4642848329 1
0 0.655 0.195 -0.455573146 1
0 0.655 0.205 -0.4464569505 1
0 0.655 0.215 -0.4369443409 2
0 0.655 0.225 -0.4270437636 2
0 0.655 0.235 -0.4167640093 2
0 0.655 0.245 -0.4061142056 2
0 0.655 0.255 -0.3951038085 2
0 0.655 0.265 -0.3837425943 2
0 0.655 0.275 -0.3720406508 2
0 0.655 0.285 -0.3600083682 2
0 0.655 0.295 -0.3476564302 2
0 0.655 0.305 -0.3349958041 2
0 0.655 0.315 -0.3220377315 2
0 0.655 0.325 -0.308793718 2
0 0.655 0.335 -0.2952755231 2
0 0.655 0.345 -0.2814951497 2
0 0.655 0.355 -0.2674648336 2
0 0.655 0.365 -0.2531970326 2
0 0.655 0.375 -0.238704415 2
0 0.655 0.385 -0.2239998491 2
0 0.655 0.395 -0.2090963913 2
0 0.655 0.405 -0.1940072744 2
0 0.655 0.415 -0.1787458963 2
0 0.655 0.425 -0.1633258077 2
0 0.655 0.435 -0.1477607002 2
0 0.655 0.445 -0.1320643944 2
0 0.655 0.455 -0.1162508272 2
0 0.655 0.465 -0.1003340395 2
0 0.655 0.475 -0.08432816416 2
0 0.655 0.485 -0.06824741286 2
0 0.655 0.495 -0.05210606392 1
0 0.655 0.505 0 1
0 0.655 0.515 0 1
0 0.655 0.525 0 1
0 0.655 0.535 0 1
0 0.655 0.545 0 1
0 0.655 0.555 0 1
0 0.655 0.565 0 2
0 0.665 -0.555 0 1
0 0.665 -0.545 0 1
0 0.665 -0.535 0 2
0 0.665 -0.525 0 2
0 0.665 -0.515 0 2
0 0.665 -0.505 0 2
0 0.665 -0.495 -0.05088325398 2
0 0.665 -0.485 -0.06664580244 2
0 0.665 -0.475 -0.08234917535 2
0 0.665 -0.465 -0.09797942951 2
0 0.665 -0.455 -0.1135226866 2
0 0.665 -0.445 -0.1289651457 2
0 0.665 -0.435 -0.1442930951 2
0 0.665 -0.425 -0.1594929252 2
0 0.665 -0.415 -0.1745511396 2
0 0.665 -0.405 -0.1894543681 2
0 0.665 -0.395 -0.204189378 2
0 0.665 -0.385 -0.2187430859 2
0 0.665 -0.375 -0.2331025693 2
0 0.665 -0.365 -0.2472550783 2
0 0.665 -0.355 -0.2611880468 2
0 0.665 -0.345 -0.2748891035 2
0 0.665 -0.335 -0.288346083 2
0 0.665 -0.325 -0.3015470369 2
0 0.665 -0.315 -0.3144802438 2
0 0.665 -0.305 -0.3271342201 2
0 0.665 -0.295 -0.3394977303 2
0 0.665 -0.285 -0.3515597966 2
0 0.665 -0.275 -0.3633097091 2
0 0.665 -0.265 -0.3747370348 2
0 0.665 -0.255 -0.3858316274 2
0 0.665 -0.245 -0.3965836356 2
0 0.665 -0.235 -0.4069835129 2
0 0.665 -0.225 -0.4170220249 2
0 0.665 -0.215 -0.4266902584 2
0 0.665 -0.205 -0.4359796288 2
0 0.665 -0.195 -0.444881888 2
0 0.665 -0.185 -0.4533891316 2
0 0.665 -0.175 -0.461493806 2
0 0.665 -0.165 -0.4691887148 2
0 0.665 -0.155 -0.4764670257 2
0 0.665 -0.145 -0.4833222762 2
0 0.665 -0.135 -0.4897483794 2
0 0.665 -0.125 -0.4957396296 2
0 0.665 -0.115 -0.501290707 2
0 0.665 -0.105 -0.5063966827 2
0 0.665 -0.095 -0.5110530232 2
0 0.665 -0.085 -0.515255594 2
0 0.665 -0.075 -0.5190006635 2
0 0.665 -0.065 -0.5222849066 2
0 0.665 -0.055 -0.525105407 2
0 0.665 -0.045 -0.5274596605 2
0 0.665 -0.035 -0.5293455766 2
0 0.665 -0.025 -0.5307614808 2
0 0.665 -0.015 -0.531706116 2
0 0.665 -0.005 -0.5321786434 2
0 0.665 0.005 -0.5321786434 2
0 0.665 0.015 -0.531706116 2
0 0.665 0.025 -0.5307614808 2
0 0.665 0.035 -0.5293455766 2
0 0.665 0.045 -0.5274596605 2
0 0.665 0.055 -0.525105407 2
0 0.665 0.065 -0.5222849066 2
0 0.665 0.075 -0.5190006635 2
0 0.665 0.085 -0.515255594 2
0 0.665 0.095 -0.5110530232 2
0 0.665 0.105 -0.5063966827 2
0 0.665 0.115 -0.501290707 2
0 0.665 0.125 -0.4957396296 2
0 0.665 0.135 -0.4897483794 1
0 0.665 0.145 -0.4833222762 1
0 0.665 0.155 -0.4764670257 1
0 0.665 0.165 -0.4691887148 1
0 0.665 0.175 -0.461493806 1
0 0.665 0.185 -0.4533891316 1
0 0.665 0.195 -0.444881888 1
0 0.665 0.205 -0.4359796288 1
0 0.665 0.215 -0.4266902584 2
0 0.665 0.225 -0.4170220249 2
0 0.665 0.235 -0.4069835129 2
0 0.665 0.245 -0.3965836356 2
0 0.665 0.255 -0.3858316274 2
0 0.665 0.265 -0.3747370348 2
0 0.665 0.275 -0.3633097091 2
0 0.665 0.285 -0.3515597966 2
0 0.665 0.295 -0.3394977303 2
0 0.665 0.305 -0.3271342201 2
0 0.665 0.315 -0.3144802438 2
0 0.665 0.325 -0.3015470369 2
0 0.665 0.335 -0.288346083 2
0 0.665 0.345 -0.2748891035 2
0 0.665 0.355 -0.2611880468 2
0 0.665 0.365 -0.2472550783 2
0 0.665 0.375 -0.2331025693 2
0 0.665 0.385 -0.2187430859 2
0 0.665 0.395 -0.204189378 2
0 0.665 0.405 -0.1894543681 2
0 0.665 0.415 -0.1745511396 2
0 0.665 0.425 -0.1594929252 2
0 0.665 0.435 -0.1442930951 2
0 0.665 0.445 -0.1289651457 2
0 0.665 0.455 -0.1135226866 2
0 0.665 0.465 -0.09797942951 2
0 0.665 0.475 -0.08234917535 2
0 0.665 0.485 -0.06664580244 2
0 0.665 0.495 -0.05088325398 1
0 0.665 0.505 0 1
0 0.665 0.515 0 1
0 0.665 0.525 0 1
0 0.665 0.535 0 1
0 0.665 0.545 0 2
0 0.665 0.555 0 2
0 0.665 0.565 0 2
0 0.675 -0.555 0 1
0 0.675 -0.545 0 1
0 0.675 -0.535 0 2
0 0.675 -0.525 0 2
0 0.675 -0.515 0 2
0 0.675 -0.505 0 2
0 0.675 -0.495 -0.04964871715 2
0 0.675 -0.485 -0.06502883239 2
0 0.675 -0.475 -0.08035120781 2
0 0.675 -0.465 -0.09560223849 2
0 0.675 -0.455 -0.1107683829 2
0 0.675 -0.445 -0.1258361748 2
0 0.675 -0.435 -0.1407922353 2
0 0.675 -0.425 -0.1556232848 2
0 0.675 -0.415 -0.1703161547 2
0 0.675 -0.405 -0.184857799 2
0 0.675 -0.395 -0.1992353059 2
0 0.675 -0.385 -0.2134359096 2
0 0.675 -0.375 -0.2274470012 2
0 0.675 -0.365 -0.24125614 2
0 0.675 -0.355 -0.2548510648 2
0 0.675 -0.345 -0.2682197045 2
0 0.675 -0.335 -0.2813501889 2
0 0.675 -0.325 -0.2942308593 2
0 0.675 -0.315 -0.3068502788 2
0 0.675 -0.305 -0.3191972426 2
0 0.675 -0.295 -0.3312607875 2
0 0.675 -0.285 -0.3430302023 2
0 0.675 -0.275 -0.3544950367 2
0 0.675 -0.265 -0.365645111 2
0 0.675 -0.255 -0.3764705249 2
0 0.675 -0.245 -0.3869616664 2
0 0.675 -0.235 -0.3971092203 2
0 0.675 -0.225 -0.4069041765 2
0 0.675 -0.215 -0.4163378379 2
0 0.675 -0.205 -0.4254018283 2
0 0.675 -0.195 -0.4340880996 2
0 0.675 -0.185 -0.4423889393 2
0 0.675 -0.175 -0.4502969768 2
0 0.675 -0.165 -0.4578051907 2
0 0.675 -0.155 -0.4649069141 2
0 0.675 -0.145 -0.4715958416 2
0 0.675 -0.135 -0.4778660337 2
0 0.675 -0.125 -0.4837119233 2
0 0.675 -0.115 -0.4891283197 2
0 0.675 -0.105 -0.4941104135 2
0 0.675 -0.095 -0.4986537812 2
0 0.675 -0.085 -0.5027543886 2
0 0.675 -0.075 -0.5064085947 2
0 0.675 -0.065 -0.509613155 2
0 0.675 -0.055 -0.512365224 2
0 0.675 -0.045 -0.5146623583 2
0 0.675 -0.035 -0.516502518 2
0 0.675 -0.025 -0.5178840694 2
0 0.675 -0.015 -0.5188057857 2
0 0.675 -0.005 -0.5192668486 2
0 0.675 0.005 -0.5192668486 2
0 0.675 0.015 -0.5188057857 2
0 0.675 0.025 -0.5178840694 2
0 0.675 0.035 -0.516502518 2
0 0.675 0.045 -0.5146623583 2
0 0.675 0.055 -0.512365224 2
0 0.675 0.065 -0.509613155 2
0 0.675 0.075 -0.5064085947 2
0 0.675 0.085 -0.5027543886 2
0 0.675 0.095 -0.4986537812 2
0 0.675 0.105 -0.4941104135 2
0 0.675 0.115 -0.4891283197 2
0 0.675 0.125 -0.4837119233 2
0 0.675 0.135 -0.4778660337 1
0 0.675 0.145 -0.4715958416 1
0 0.675 0.155 -0.4649069141 1
0 0.675 0.165 -0.4578051907 1
0 0.675 0.175 -0.4502969768 1
0 0.675 0.185 -0.4423889393 1
0 0.675 0.195 -0.4340880996 1
0 0.675 0.205 -0.4254018283 2
0 0.675 0.215 -0.4163378379 2
0 0.675 0.225 -0.4069041765 2
0 0.675 0.235 -0.3971092203 2
0 0.675 0.245 -0.3869616664 2
0 0.675 0.255 -0.3764705249 2
0 0.675 0.265 -0.365645111 2
0 0.675 0.275 -0.3544950367 2
0 0.675 0.285 -0.3430302023 2
0 0.675 0.295 -0.3312607875 2
0 0.675 0.305 -0.3191972426 2
0 0.675 0.315 -0.3068502788 2
0 0.675 0.325 -0.2942308593 2
0 0.675 0.335 -0.2813501889 2
0 0.675 0.345 -0.2682197045 2
0 0.675 0.355 -0.2548510648 2
0 0.675 0.365 -0.24125614 2
0 0.675 0.375 -0.2274470012 2
0 0.675 0.385 -0.2134359096 2
0 0.675 0.395 -0.1992353059 2
0 0.675 0.405 -0.184857799 2
0 0.675 0.415 -0.1703161547 2
0 0.675 0.425 -0.1556232848 2
0 0.675 0.435 -0.1407922353 2
0 0.675 0.445 -0.1258361748 2
0 0.675 0.455 -0.1107683829 2
0 0.675 0.465 -0.09560223849 2
0 0.675 0.475 -0.08035120781 2
0 0.675 0.485 -0.06502883239 2
0 0.675 0.495 -0.04964871715 2
0 0.675 0.505 0 2
0 0.675 0.515 0 1
0 0.675 0.525 0 2
0 0.675 0.535 0 2
0 0.675 0.545 0 2
0 0.675 0.555 0 2
0 0.675 0.565 0 2
0 0.685 -0.555 0 1
0 0.685 -0.545 0 2
0 0.685 -0.535 0 2
0 0.685 -0.525 0 2
0 0.685 -0.515 0 2
0 0.685 -0.505 0 2
0 0.685 -0.495 -0.04840273794 2
0 0.685 -0.485 -0.06339687536 2
0 0.685 -0.475 -0.07833472199 2
0 0.685 -0.465 -0.09320301434 2
0 0.685 -0.455 -0.1079885507 2
0 0.685 -0.445 -0.1226782028 2
0 0.685 -0.435 -0.1372589275 2
0 0.685 -0.425 -0.1517177786 2
0 0.685 -0.415 -0.1660419177 2
0 0.685 -0.405 -0.1802186263 2
0 0.685 -0.395 -0.1942353168 2
0 0.685 -0.385 -0.2080795435 2
0 0.685 -0.375 -0.2217390142 2
0 0.685 -0.365 -0.2352016002 2
0 0.685 -0.355 -0.2484553481 2
0 0.685 -0.345 -0.2614884898 2
0 0.685 -0.335 -0.2742894529 2
0 0.685 -0.325 -0.2868468713 2
0 0.685 -0.315 -0.2991495951 2
0 0.685 -0.305 -0.3111867007 2
0 0.685 -0.295 -0.3229475001 2
0 0.685 -0.285 -0.3344215508 2
0 0.685 -0.275 -0.3455986649 2
0 0.685 -0.265 -0.3564689181 2
0 0.685 -0.255 -0.3670226585 2
0 0.685 -0.245 -0.3772505154 2
0 0.685 -0.235 -0.3871434073 2
0 0.685 -0.225 -0.3966925502 2
0 0.685 -0.215 -0.4058894654 2
0 0.685 -0.205 -0.4147259868 2
0 0.685 -0.195 -0.4231942684 2
0 0.685 -0.185 -0.431286791 2
0 0.685 -0.175 -0.4389963692 2
0 0.685 -0.165 -0.4463161577 2
0 0.685 -0.155 -0.453239657 2
0 0.685 -0.145 -0.4597607198 2
0 0.685 -0.135 -0.4658735559 2
0 0.685 -0.125 -0.4715727376 2
0 0.685 -0.115 -0.4768532046 2
0 0.685 -0.105 -0.4817102683 2
0 0.685 -0.095 -0.4861396161 2
0 0.685 -0.085 -0.4901373151 2
0 0.685 -0.075 -0.4936998156 2
0 0.685 -0.065 -0.4968239546 2
0 0.685 -0.055 -0.499506958 2
0 0.685 -0.045 -0.5017464435 2
0 0.685 -0.035 -0.5035404228 2
0 0.685 -0.025 -0.5048873029 2
0 0.685 -0.015 -0.5057858879 2
0 0.685 -0.005 -0.50623538 2
0 0.685 0.005 -0.50623538 2
0 0.685 0.015 -0.5057858879 2
0 0.685 0.025 -0.5048873029 2
0 0.685 0.035 -0.5035404228 2
0 0.685 0.045 -0.5017464435 2
0 0.685 0.055 -0.499506958 2
0 0.685 0.065 -0.4968239546 2
0 0.685 0.075 -0.4936998156 2
0 0.685 0.085 -0.4901373151 2
0 0.685 0.095 -0.4861396161 2
0 0.685 0.105 -0.4817102683 2
0 0.685 0.115 -0.4768532046 2
0 0.685 0.125 -0.4715727376 2
0 0.685 0.135 -0.4658735559 2
0 0.685 0.145 -0.4597607198 1
0 0.685 0.155 -0.453239657 1
0 0.685 0.165 -0.4463161577 1
0 0.685 0.175 -0.4389963692 1
0 0.685 0.185 -0.431286791 1
0 0.685 0.195 -0.4231942684 2
0 0.685 0.205 -0.4147259868 2
0 0.685 0.215 -0.4058894654 2
0 0.685 0.225 -0.3966925502 2
0 0.685 0.235 -0.3871434073 2
0 0.685 0.245 -0.3772505154 2
0 0.685 0.255 -0.3670226585 2
0 0.685 0.265 -0.3564689181 2
0 0.685 0.275 -0.3455986649 2
0 0.685 0.285 -0.3344215508 2
0 0.685 0.295 -0.3229475001 2
0 0.685 0.305 -0.3111867007 2
0 0.685 0.315 -0.2991495951 2
0 0.685 0.325 -0.2868468713 2
0 0.685 0.335 -0.2742894529 2
0 0.685 0.345 -0.2614884898 2
0 0.685 0.355 -0.2484553481 2
0 0.685 0.365 -0.2352016002 2
0 0.685 0.375 -0.2217390142 2
0 0.685 0.385 -0.2080795435 2
0 0.685 0.395 -0.1942353168 2
0 0.685 0.405 -0.1802186263 2
0 0.685 0.415 -0.1660419177 2
0 0.685 0.425 -0.1517177786 2
0 0.685 0.435 -0.1372589275 2
0 0.685 0.445 -0.1226782028 2
0 0.685 0.455 -0.1079885507 2
0 0.685 0.465 -0.09320301434 2
0 0.685 0.475 -0.07833472199 2
0 0.685 0.485 -0.06339687536 2
0 0.685 0.495 -0.04840273794 2
0 0.685 0.505 0 2
0 0.685 0.515 0 2
0 0.685 0.525 0 2
0 0.685 0.535 0 2
0 0.685 0.545 0 2
0 0.685 0.555 0 2
0 0.685 0.565 0 2
0 0.695 -0.555 0 2
0 0.695 -0.545 0 2
0 0.695 -0.535 0 2
0 0.695 -0.525 0 2
0 0.695 -0.515 0 2
0 0.695 -0.505 0 2
0 0.695 -0.495 -0.04714560352 2
0 0.695 -0.485 -0.06175030747 2
0 0.695 -0.475 -0.07630018263 2
0 0.695 -0.465 -0.09078231 2
0 0.695 -0.455 -0.1051838307 2
0 0.695 -0.445 -0.1194919576 2
0 0.695 -0.435 -0.1336939862 2
0 0.695 -0.425 -0.1477773064 2
0 0.695 -0.415 -0.1617294135 2
0 0.695 -0.405 -0.1755379192 2
0 0.695 -0.395 -0.1891905628 2
0 0.695 -0.385 -0.202675222 2
0 0.695 -0.375 -0.2159799237 2
0 0.695 -0.365 -0.2290928543 2
0 0.695 -0.355 -0.2420023708 2
0 0.695 -0.345 -0.2546970107 2
0 0.695 -0.335 -0.2671655023 2
0 0.695 -0.325 -0.2793967746 2
0 0.695 -0.315 -0.2913799674 2
0 0.695 -0.305 -0.3031044407 2
0 0.695 -0.295 -0.3145597841 2
0 0.695 -0.285 -0.3257358264 2
0 0.695 -0.275 -0.3366226442 2
0 0.695 -0.265 -0.347210571 2
0 0.695 -0.255 -0.3574902056 2
0 0.695 -0.245 -0.3674524207 2
0 0.695 -0.235 -0.3770883706 2
0 0.695 -0.225 -0.3863894996 2
0 0.695 -0.215 -0.395347549 2
0 0.695 -0.205 -0.4039545649 2
0 0.695 -0.195 -0.412202905 2
0 0.695 -0.185 -0.4200852455 2
0 0.695 -0.175 -0.4275945876 2
0 0.695 -0.165 -0.4347242637 2
0 0.695 -0.155 -0.4414679433 2
0 0.695 -0.145 -0.4478196385 2
0 0.695 -0.135 -0.4537737097 2
0 0.695 -0.125 -0.4593248701 2
0 0.695 -0.115 -0.4644681908 2
0 0.695 -0.105 -0.469199105 2
0 0.695 -0.095 -0.473513412 2
0 0.695 -0.085 -0.4774072812 2
0 0.695 -0.075 -0.4808772552 2
0 0.695 -0.065 -0.4839202528 2
0 0.695 -0.055 -0.4865335722 2
0 0.695 -0.045 -0.488714893 2
0 0.695 -0.035 -0.4904622784 2
0 0.695 -0.025 -0.4917741768 2
0 0.695 -0.015 -0.4926494234 2
0 0.695 -0.005 -0.4930872411 2
0 0.695 0.005 -0.4930872411 2
0 0.695 0.015 -0.4926494234 2
0 0.695 0.025 -0.4917741768 2
0 0.695 0.035 -0.4904622784 2
0 0.695 0.045 -0.488714893 2
0 0.695 0.055 -0.4865335722 2
0 0.695 0.065 -0.4839202528 2
0 0.695 0.075 -0.4808772552 2
0 0.695 0.085 -0.4774072812 2
0 0.695 0.095 -0.473513412 2
0 0.695 0.105 -0.469199105 2
0 0.695 0.115 -0.4644681908 2
0 0.695 0.125 -0.4593248701 2
0 0.695 0.135 -0.4537737097 2
0 0.695 0.145 -0.4478196385 1
0 0.695 0.155 -0.4414679433 1
0 0.695 0.165 -0.4347242637 1
0 0.695 0.175 -0.4275945876 1
0 0.695 0.185 -0.4200852455 2
0 0.695 0.195 -0.412202905 2
0 0.695 0.205 -0.4039545649 2
0 0.695 0.215 -0.395347549 2
0 0.695 0.225 -0.3863894996 2
0 0.695 0.235 -0.3770883706 2
0 0.695 0.245 -0.3674524207 2
0 0.695 0.255 -0.3574902056 2
0 0.695 0.265 -0.347210571 2
0 0.695 0.275 -0.3366226442 2
0 0.695 0.285 -0.3257358264 2
0 0.695 0.295 -0.3145597841 2
0 0.695 0.305 -0.3031044407 2
0 0.695 0.315 -0.2913799674 2
0 0.695 0.325 -0.2793967746 2
0 0.695 0.335 -0.2671655023 2
0 0.695 0.345 -0.2546970107 2
0 0.695 0.355 -0.2420023708 2
0 0.695 0.365 -0.2290928543 2
0 0.695 0.375 -0.2159799237 2
0 0.695 0.385 -0.202675222 2
0 0.695 0.395 -0.1891905628 2
0 0.695 0.405 -0.1755379192 2
0 0.695 0.415 -0.1617294135 2
0 0.695 0.425 -0.1477773064 2
0 0.695 0.435 -0.1336939862 2
0 0.695 0.445 -0.1194919576 2
0 0.695 0.455 -0.1051838307 2
0 0.695 0.465 -0.09078231 2
0 0.695 0.475 -0.07630018263 2
0 0.695 0.485 -0.06175030747 2
0 0.695 0.495 -0.04714560352 2
0 0.695 0.505 0 2
0 0.695 0.515 0 2
0 0.695 0.525 0 2
0 0.695 0.535 0 2
0 0.695 0.545 0 2
0 0.695 0.555 0 2
0 0.695 0.565 0 2
0 0.705 -0.555 0 2
0 0.705 -0.545 0 2
0 0.705 -0.535 0 2
0 0.705 -0.525 0 2
0 0.705 -0.515 0 2
0 0.705 -0.505 0 2
0 0.705 -0.495 -0.0458776036 2
0 0.705 -0.485 -0.06008950818 2
0 0.705 -0.475 -0.07424805861 2
0 0.705 -0.465 -0.08834068336 2
0 0.705 -0.455 -0.1023548694 2
0 0.705 -0.445 -0.1162781735 2
0 0.705 -0.435 -0.1300982328 2
0 0.705 -0.425 -0.1438027765 2
0 0.705 -0.415 -0.157379636 2
0 0.705 -0.405 -0.1708167565 2
0 0.705 -0.395 -0.1841022068 2
0 0.705 -0.385 -0.1972241907 2
0 0.705 -0.375 -0.210171057 2
0 0.705 -0.365 -0.2229313101 2
0 0.705 -0.355 -0.23549362 2
0 0.705 -0.345 -0.2478468325 2
0 0.705 -0.335 -0.259979979 2
0 0.705 -0.325 -0.2718822863 2
0 0.705 -0.315 -0.2835431863 2
0 0.705 -0.305 -0.2949523252 2
0 0.705 -0.295 -0.3060995726 2
0 0.705 -0.285 -0.3169750307 2
0 0.705 -0.275 -0.3275690432 2
0 0.705 -0.265 -0.3378722034 2
0 0.705 -0.255 -0.3478753632 2
0 0.705 -0.245 -0.3575696405 2
0 0.705 -0.235 -0.3669464277 2
0 0.705 -0.225 -0.375997399 2
0 0.705 -0.215 -0.3847145181 2
0 0.705 -0.205 -0.3930900448 2
0 0.705 -0.195 -0.4011165425 2
0 0.705 -0.185 -0.4087868843 2
0 0.705 -0.175 -0.4160942597 2
0 0.705 -0.165 -0.4230321803 2
0 0.705 -0.155 -0.4295944859 2
0 0.705 -0.145 -0.4357753497 2
0 0.705 -0.135 -0.4415692838 2
0 0.705 -0.125 -0.4469711435 2
0 0.705 -0.115 -0.4519761325 2
0 0.705 -0.105 -0.4565798069 2
0 0.705 -0.095 -0.4607780789 2
0 0.705 -0.085 -0.4645672209 2
0 0.705 -0.075 -0.4679438685 2
0 0.705 -0.065 -0.4709050235 2
0 0.705 -0.055 -0.4734480566 2
0 0.705 -0.045 -0.4755707099 2
0 0.705 -0.035 -0.4772710987 2
0 0.705 -0.025 -0.4785477131 2
0 0.705 -0.015 -0.4793994196 2
0 0.705 -0.005 -0.479825462 2
0 0.705 0.005 -0.479825462 2
0 0.705 0.015 -0.4793994196 2
0 0.705 0.025 -0.4785477131 2
0 0.705 0.035 -0.4772710987 2
0 0.705 0.045 -0.4755707099 2
0 0.705 0.055 -0.4734480566 2
0 0.705 0.065 -0.4709050235 2
0 0.705 0.075 -0.4679438685 2
0 0.705 0.085 -0.4645672209 2
0 0.705 0.095 -0.4607780789 2
0 0.705 0.105 -0.4565798069 2
0 0.705 0.115 -0.4519761325 2
0 0.705 0.125 -0.4469711435 2
0 0.705 0.135 -0.4415692838 2
0 0.705 0.145 -0.4357753497 2
0 0.705 0.155 -0.4295944859 2
0 0.705 0.165 -0.4230321803 2
0 0.705 0.175 -0.4160942597 2
0 0.705 0.185 -0.4087868843 2
0 0.705 0.195 -0.4011165425 2
0 0.705 0.205 -0.3930900448 2
0 0.705 0.215 -0.3847145181 2
0 0.705 0.225 -0.375997399 2
0 0.705 0.235 -0.3669464277 2
0 0.705 0.245 -0.3575696405 2
0 0.705 0.255 -0.3478753632 2
0 0.705 0.265 -0.3378722034 2
0 0.705 0.275 -0.3275690432 2
0 0.705 0.285 -0.3169750307 2
0 0.705 0.295 -0.3060995726 2
0 0.705 0.305 -0.2949523252 2
0 0.705 0.315 -0.2835431863 2
0 0.705 0.325 -0.2718822863 2
0 0.705 0.335 -0.259979979 2
0 0.705 0.345 -0.2478468325 2
0 0.705 0.355 -0.23549362 2
0 0.705 0.365 -0.2229313101 2
0 0.705 0.375 -0.210171057 2
0 0.705 0.385 -0.1972241907 2
0 0.705 0.395 -0.1841022068 2
0 0.705 0.405 -0.1708167565 2
0 0.705 0.415 -0.157379636 2
0 0.705 0.425 -0.1438027765 2
0 0.705 0.435 -0.1300982328 2
0 0.705 0.445 -0.1162781735 2
0 0.705 0.455 -0.1023548694 2
0 0.705 0.465 -0.08834068336 2
0 0.705 0.475 -0.07424805861 2
0 0.705 0.485 -0.06008950818 2
0 0.705 0.495 -0.0458776036 2
0 0.705 0.505 0 2
0 0.705 0.515 0 2
0 0.705 0.525 0 2
0 0.705 0.535 0 2
0 0.705 0.545 0 2
0 0.705 0.555 0 2
0 0.705 0.565 0 2
0 0.715 -0.555 0 2
0 0.715 -0.545 0 2
0 0.715 -0.535 0 2
0 0.715 -0.525 0 2
0 0.715 -0.515 0 2
0 0.715 -0.505 0 2
0 0.715 -0.495 -0.04459903043 2
0 0.715 -0.485 -0.05841486027 2
0 0.715 -0.475 -0.0721788229 2
0 0.715 -0.465 -0.08587869715 2
0 0.715 -0.455 -0.09950231873 2
0 0.715 -0.445 -0.1130375911 2
0 0.715 -0.435 -0.1264724961 2
0 0.715 -0.425 -0.1397951048 2
0 0.715 -0.415 -0.1529935878 2
0 0.715 -0.405 -0.1660562261 2
0 0.715 -0.395 -0.1789714213 2
0 0.715 -0.385 -0.1917277057 2
0 0.715 -0.375 -0.2043137529 2
0 0.715 -0.365 -0.2167183877 2
0 0.715 -0.355 -0.2289305957 2
0 0.715 -0.345 -0.2409395338 2
0 0.715 -0.335 -0.2527345389 2
0 0.715 -0.325 -0.2643051382 2
0 0.715 -0.315 -0.275641058 2
0 0.715 -0.305 -0.286732233 2
0 0.715 -0.295 -0.2975688153 2
0 0.715 -0.285 -0.3081411829 2
0 0.715 -0.275 -0.3184399484 2
0 0.715 -0.265 -0.3284559676 2
0 0.715 -0.255 -0.338180347 2
0 0.715 -0.245 -0.3476044524 2
0 0.715 -0.235 -0.3567199158 2
0 0.715 -0.225 -0.3655186436 2
0 0.715 -0.215 -0.3739928234 2
0 0.715 -0.205 -0.3821349307 2
0 0.715 -0.195 -0.3899377361 2
0 0.715 -0.185 -0.3973943114 2
0 0.715 -0.175 -0.4044980359 2
0 0.715 -0.165 -0.4112426021 2
0 0.715 -0.155 -0.4176220213 2
0 0.715 -0.145 -0.4236306293 2
0 0.715 -0.135 -0.4292630909 2
0 0.715 -0.125 -0.434514405 2
0 0.715 -0.115 -0.4393799088 2
0 0.715 -0.105 -0.4438552824 2
0 0.715 -0.095 -0.4479365518 2
0 0.715 -0.085 -0.4516200934 2
0 0.715 -0.075 -0.4549026364 2
0 0.715 -0.065 -0.4577812663 2
0 0.715 -0.055 -0.4602534271 2
0 0.715 -0.045 -0.4623169237 2
0 0.715 -0.035 -0.4639699239 2
0 0.715 -0.025 -0.4652109601 2
0 0.715 -0.015 -0.4660389302 2
0 0.715 -0.005 -0.4664530991 2
0 0.715 0.005 -0.4664530991 2
0 0.715 0.015 -0.4660389302 2
0 0.715 0.025 -0.4652109601 2
0 0.715 0.035 -0.4639699239 2
0 0.715 0.045 -0.4623169237 2
0 0.715 0.055 -0.4602534271 2
0 0.715 0.065 -0.4577812663 2
0 0.715 0.075 -0.4549026364 2
0 0.715 0.085 -0.4516200934 2
0 0.715 0.095 -0.4479365518 2
0 0.715 0.105 -0.4438552824 2
0 0.715 0.115 -0.4393799088 2
0 0.715 0.125 -0.434514405 2
0 0.715 0.135 -0.4292630909 2
0 0.715 0.145 -0.4236306293 2
0 0.715 0.155 -0.4176220213 2
0 0.715 0.165 -0.4112426021 2
0 0.715 0.175 -0.4044980359 2
0 0.715 0.185 -0.3973943114 2
0 0.715 0.195 -0.3899377361 2
0 0.715 0.205 -0.3821349307 2
0 0.715 0.215 -0.3739928234 2
0 0.715 0.225 -0.3655186436 2
0 0.715 0.235 -0.3567199158 2
0 0.715 0.245 -0.3476044524 2
0 0.715 0.255 -0.338180347 2
0 0.715 0.265 -0.3284559676 2
0 0.715 0.275 -0.3184399484 2
0 0.715 0.285 -0.3081411829 2
0 0.715 0.295 -0.2975688153 2
0 0.715 0.305 -0.286732233 2
0 0.715 0.315 -0.275641058 2
0 0.715 0.325 -0.2643051382 2
0 0.715 0.335 -0.2527345389 2
0 0.715 0.345 -0.2409395338 2
0 0.715 0.355 -0.2289305957 2
0 0.715 0.365 -0.2167183877 2
0 0.715 0.375 -0.2043137529 2
0 0.715 0.385 -0.1917277057 2
0 0.715 0.395 -0.1789714213 2
0 0.715 0.405 -0.1660562261 2
0 0.715 0.415 -0.1529935878 2
0 0.715 0.425 -0.1397951048 2
0 0.715 0.435 -0.1264724961 2
0 0.715 0.445 -0.1130375911 2
0 0.715 0.455 -0.09950231873 2
0 0.715 0.465 -0.08587869715 2
0 0.715 0.475 -0.0721788229 2
0 0.715 0.485 -0.05841486027 2
0 0.715 0.495 -0.04459903043 2
0 0.715 0.505 0 2
0 0.715 0.515 0 2
0 0.715 0.525 0 2
0 0.715 0.535 0 2
0 0.715 0.545 0 2
0 0.715 0.555 0 2
0 0.715 0.565 0 2
0 0.725 -0.555 0 2
0 0.725 -0.545 0 2
0 0.725 -0.535 0 2
0 0.725 -0.525 0 2
0 0.725 -0.515 0 2
0 0.725 -0.505 0 2
0 0.725 -0.495 -0.04331017867 2
0 0.725 -0.485 -0.05672674968 2
0 0.725 -0.475 -0.07009295237 2
0 0.725 -0.465 -0.08339691875 2
0 0.725 -0.455 -0.09662683607 2
0 0.725 -0.445 -0.1097709573 2
0 0.725 -0.435 -0.1228176117 2
0 0.725 -0.425 -0.135755215 2
0 0.725 -0.415 -0.1485722797 2
0 0.725 -0.405 -0.1612574254 2
0 0.725 -0.395 -0.1737993889 2
0 0.725 -0.385 -0.1861870339 2
0 0.725 -0.375 -0.1984093613 2
0 0.725 -0.365 -0.2104555189 2
0 0.725 -0.355 -0.2223148106 2
0 0.725 -0.345 -0.2339767066 2
0 0.725 -0.335 -0.245430852 2
0 0.725 -0.325 -0.2566670766 2
0 0.725 -0.315 -0.2676754036 2
0 0.725 -0.305 -0.2784460586 2
0 0.725 -0.295 -0.2889694783 2
0 0.725 -0.285 -0.2992363187 2
0 0.725 -0.275 -0.3092374639 2
0 0.725 -0.265 -0.3189640336 2
0 0.725 -0.255 -0.3284073916 2
0 0.725 -0.245 -0.337559153 2
0 0.725 -0.235 -0.3464111919 2
0 0.725 -0.225 -0.3549556483 2
0 0.725 -0.215 -0.3631849357 2
0 0.725 -0.205 -0.3710917471 2
0 0.725 -0.195 -0.378669062 2
0 0.725 -0.185 -0.3859101524 2
0 0.725 -0.175 -0.3928085888 2
0 0.725 -0.165 -0.3993582461 2
0 0.725 -0.155 -0.4055533088 2
0 0.725 -0.145 -0.4113882761 2
0 0.725 -0.135 -0.4168579671 2
0 0.725 -0.125 -0.4219575253 2
0 0.725 -0.115 -0.4266824227 2
0 0.725 -0.105 -0.431028464 2
0 0.725 -0.095 -0.4349917903 2
0 0.725 -0.085 -0.4385688825 2
0 0.725 -0.075 -0.4417565644 2
0 0.725 -0.065 -0.4445520058 2
0 0.725 -0.055 -0.4469527245 2
0 0.725 -0.045 -0.4489565888 2
0 0.725 -0.035 -0.4505618196 2
0 0.725 -0.025 -0.4517669914 2
0 0.725 -0.015 -0.4525710343 2
0 0.725 -0.005 -0.4529732343 2
0 0.725 0.005 -0.4529732343 2
0 0.725 0.015 -0.4525710343 2
0 0.725 0.025 -0.4517669914 2
0 0.725 0.035 -0.4505618196 2
0 0.725 0.045 -0.4489565888 2
0 0.725 0.055 -0.4469527245 2
0 0.725 0.065 -0.4445520058 2
0 0.725 0.075 -0.4417565644 2
0 0.725 0.085 -0.4385688825 2
0 0.725 0.095 -0.4349917903 2
0 0.725 0.105 -0.431028464 2
0 0.725 0.115 -0.4266824227 2
0 0.725 0.125 -0.4219575253 2
0 0.725 0.135 -0.4168579671 2
0 0.725 0.145 -0.4113882761 2
0 0.725 0.155 -0.4055533088 2
0 0.725 0.165 -0.3993582461 2
0 0.725 0.175 -0.3928085888 2
0 0.725 0.185 -0.3859101524 2
0 0.725 0.195 -0.378669062 2
0 0.725 0.205 -0.3710917471 2
0 0.725 0.215 -0.3631849357 2
0 0.725 0.225 -0.3549556483 2
0 0.725 0.235 -0.3464111919 2
0 0.725 0.245 -0.337559153 2
0 0.725 0.255 -0.3284073916 2
0 0.725 0.265 -0.3189640336 2
0 0.725 0.275 -0.3092374639 2
0 0.725 0.285 -0.2992363187 2
0 0.725 0.295 -0.2889694783 2
0 0.725 0.305 -0.2784460586 2
0 0.725 0.315 -0.2676754036 2
0 0.725 0.325 -0.2566670766 2
0 0.725 0.335 -0.245430852 2
0 0.725 0.345 -0.2339767066 2
0 0.725 0.355 -0.2223148106 2
0 0.725 0.365 -0.2104555189 2
0 0.725 0.375 -0.1984093613 2
0 0.725 0.385 -0.1861870339 2
0 0.725 0.395 -0.1737993889 2
0 0.725 0.405 -0.1612574254 2
0 0.725 0.415 -0.1485722797 2
0 0.725 0.425 -0.135755215 2
0 0.725 0.435 -0.1228176117 2
0 0.725 0.445 -0.1097709573 2
0 0.725 0.455 -0.09662683607 2
0 0.725 0.465 -0.08339691875 2
0 0.725 0.475 -0.07009295237 2
0 0.725 0.485 -0.05672674968 2
0 0.725 0.495 -0.04331017867 2
0 0.725 0.505 0 2
0 0.725 0.515 0 2
0 0.725 0.525 0 2
0 0.725 0.535 0 2
0 0.725 0.545 0 2
0 0.725 0.555 0 2
0 0.725 0.565 0 2
0 0.735 -0.555 0 2
0 0.735 -0.545 0 2
0 0.735 -0.535 0 2
0 0.735 -0.525 0 2
0 0.735 -0.515 0 2
0 0.735 -0.505 0 2
0 0.735 -0.495 -0.04201134535 2
0 0.735 -0.485 -0.05502556546 2
0 0.735 -0.475 -0.06799092776 2
0 0.735 -0.465 -0.08089592014 2
0 0.735 -0.455 -0.09372908414 2
0 0.735 -0.445 -0.106479025 2
0 0.735 -0.435 -0.119134422 2
0 0.735 -0.425 -0.1316840382 2
0 0.735 -0.415 -0.1441167306 2
0 0.735 -0.405 -0.1564214602 2
0 0.735 -0.395 -0.1685873015 2
0 0.735 -0.385 -0.1806034521 2
0 0.735 -0.375 -0.192459243 2
0 0.735 -0.365 -0.2041441471 2
0 0.735 -0.355 -0.2156477894 2
0 0.735 -0.345 -0.2269599555 2
0 0.735 -0.335 -0.2380706014 2
0 0.735 -0.325 -0.2489698617 2
0 0.735 -0.315 -0.2596480589 2
0 0.735 -0.305 -0.2700957117 2
0 0.735 -0.295 -0.2803035435 2
0 0.735 -0.285 -0.2902624906 2
0 0.735 -0.275 -0.2999637104 2
0 0.735 -0.265 -0.309398589 2
0 0.735 -0.255 -0.3185587492 2
0 0.735 -0.245 -0.3274360575 2
0 0.735 -0.235 -0.3360226317 2
0 0.735 -0.225 -0.3443108476 2
0 0.735 -0.215 -0.3522933461 2
0 0.735 -0.205 -0.3599630393 2
0 0.735 -0.195 -0.3673131173 2
0 0.735 -0.185 -0.3743370539 2
0 0.735 -0.175 -0.3810286125 2
0 0.735 -0.165 -0.3873818514 2
0 0.735 -0.155 -0.3933911297 2
0 0.735 -0.145 -0.3990511116 2
0 0.735 -0.135 -0.4043567715 2
0 0.735 -0.125 -0.4093033985 2
0 0.735 -0.115 -0.4138866005 2
0 0.735 -0.105 -0.4181023079 2
0 0.735 -0.095 -0.4219467776 2
0 0.735 -0.085 -0.425416596 2
0 0.735 -0.075 -0.4285086823 2
0 0.735 -0.065 -0.4312202909 2
0 0.735 -0.055 -0.4335490142 2
0 0.735 -0.045 -0.4354927844 2
0 0.735 -0.035 -0.4370498757 2
0 0.735 -0.025 -0.4382189056 2
0 0.735 -0.015 -0.438998836 2
0 0.735 -0.005 -0.4393889743 2
0 0.735 0.005 -0.4393889743 2
0 0.735 0.015 -0.438998836 2
0 0.735 0.025 -0.4382189056 2
0 0.735 0.035 -0.4370498757 2
0 0.735 0.045 -0.4354927844 2
0 0.735 0.055 -0.4335490142 2
0 0.735 0.065 -0.4312202909 2
0 0.735 0.075 -0.4285086823 2
0 0.735 0.085 -0.425416596 2
0 0.735 0.095 -0.4219467776 2
0 0.735 0.105 -0.4181023079 2
0 0.735 0.115 -0.4138866005 2
0 0.735 0.125 -0.4093033985 2
0 0.735 0.135 -0.4043567715 2
0 0.735 0.145 -0.3990511116 2
0 0.735 0.155 -0.3933911297 2
0 0.735 0.165 -0.3873818514 2
0 0.735 0.175 -0.3810286125 2
0 0.735 0.185 -0.3743370539 2
0 0.735 0.195 -0.3673131173 2
0 0.735 0.205 -0.3599630393 2
0 0.735 0.215 -0.3522933461 2
0 0.735 0.225 -0.3443108476 2
0 0.735 0.235 -0.3360226317 2
0 0.735 0.245 -0.3274360575 2
0 0.735 0.255 -0.3185587492 2
0 0.735 0.265 -0.309398589 2
0 0.735 0.275 -0.2999637104 2
0 0.735 0.285 -0.2902624906 2
0 0.735 0.295 -0.2803035435 2
0 0.735 0.305 -0.2700957117 2
0 0.735 0.315 -0.2596480589 2
0 0.735 0.325 -0.2489698617 2
0 0.735 0.335 -0.2380706014 2
0 0.735 0.345 -0.2269599555 2
0 0.735 0.355 -0.2156477894 2
0 0.735 0.365 -0.2041441471 2
0 0.735 0.375 -0.192459243 2
0 0.735 0.385 -0.1806034521 2
0 0.735 0.395 -0.1685873015 2
0 0.735 0.405 -0.1564214602 2
0 0.735 0.415 -0.1441167306 2
0 0.735 0.425 -0.1316840382 2
0 0.735 0.435 -0.119134422 2
0 0.735 0.445 -0.106479025 2
0 0.735 0.455 -0.09372908414 2
0 0.735 0.465 -0.08089592014 2
0 0.735 0.475 -0.06799092776 2
0 0.735 0.485 -0.05502556546 2
0 0.735 0.495 -0.04201134535 2
0 0.735 0.505 0 2
0 0.735 0.515 0 2
0 0.735 0.525 0 2
0 0.735 0.535 0 2
0 0.735 0.545 0 2
0 0.735 0.555 0 2
0 0.735 0.565 0 2
0 0.745 -0.555 0 2
0 0.745 -0.545 0 2
0 0.745 -0.535 0 2
0 0.745 -0.525 0 2
0 0.745 -0.515 0 2
0 0.745 -0.505 0 2
0 0.745 -0.495 -0.04070282982 2
0 0.745 -0.485 -0.05331169969 2
0 0.745 -0.475 -0.0658732335 2
0 0.745 -0.465 -0.07837627773 2
0 0.745 -0.455 -0.09080973078 2
0 0.745 -0.445 -0.1031625529 2
0 0.745 -0.435 -0.1154237757 2
0 0.745 -0.425 -0.1275825126 2
0 0.745 -0.415 -0.1396279675 2
0 0.745 -0.405 -0.1515494451 2
0 0.745 -0.395 -0.1633363603 2
0 0.745 -0.385 -0.1749782473 2
0 0.745 -0.375 -0.1864647692 2
0 0.745 -0.365 -0.1977857269 2
0 0.745 -0.355 -0.2089310685 2
0 0.745 -0.345 -0.2198908978 2
0 0.745 -0.335 -0.2306554835 2
0 0.745 -0.325 -0.2412152676 2
0 0.745 -0.315 -0.251560874 2
0 0.745 -0.305 -0.2616831167 2
0 0.745 -0.295 -0.271573008 2
0 0.745 -0.285 -0.2812217666 2
0 0.745 -0.275 -0.2906208253 2
0 0.745 -0.265 -0.2997618384 2
0 0.745 -0.255 -0.3086366897 2
0 0.745 -0.245 -0.317237499 2
0 0.745 -0.235 -0.3255566295 2
0 0.745 -0.225 -0.3335866947 2
0 0.745 -0.215 -0.3413205645 2
0 0.745 -0.205 -0.348751372 2
0 0.745 -0.195 -0.3558725192 2
0 0.745 -0.185 -0.3626776832 2
0 0.745 -0.175 -0.3691608217 2
0 0.745 -0.165 -0.3753161781 2
0 0.745 -0.155 -0.3811382871 2
0 0.745 -0.145 -0.3866219791 2
0 0.745 -0.135 -0.3917623852 2
0 0.745 -0.125 -0.396554941 2
0 0.745 -0.115 -0.4009953912 2
0 0.745 -0.105 -0.4050797932 2
0 0.745 -0.095 -0.4088045203 2
0 0.745 -0.085 -0.4121662652 2
0 0.745 -0.075 -0.4151620432 2
0 0.745 -0.065 -0.4177891941 2
0 0.745 -0.055 -0.4200453852 2
0 0.745 -0.045 -0.4219286134 2
0 0.745 -0.035 -0.4234372065 2
0 0.745 -0.025 -0.4245698249 2
0 0.745 -0.015 -0.425325463 2
0 0.745 -0.005 -0.4257034498 2
0 0.745 0.005 -0.4257034498 2
0 0.745 0.015 -0.425325463 2
0 0.745 0.025 -0.4245698249 2
0 0.745 0.035 -0.4234372065 2
0 0.745 0.045 -0.4219286134 2
0 0.745 0.055 -0.4200453852 2
0 0.745 0.065 -0.4177891941 2
0 0.745 0.075 -0.4151620432 2
0 0.745 0.085 -0.4121662652 2
0 0.745 0.095 -0.4088045203 2
0 0.745 0.105 -0.4050797932 2
0 0.745 0.115 -0.4009953912 2
0 0.745 0.125 -0.396554941 2
0 0.745 0.135 -0.3917623852 2
0 0.745 0.145 -0.3866219791 2
0 0.745 0.155 -0.3811382871 2
0 0.745 0.165 -0.3753161781 2
0 0.745 0.175 -0.3691608217 2
0 0.745 0.185 -0.3626776832 2
0 0.745 0.195 -0.3558725192 2
0 0.745 0.205 -0.348751372 2
0 0.745 0.215 -0.3413205645 2
0 0.745 0.225 -0.3335866947 2
0 0.745 0.235 -0.3255566295 2
0 0.745 0.245 -0.317237499 2
0 0.745 0.255 -0.3086366897 2
0 0.745 0.265 -0.2997618384 2
0 0.745 0.275 -0.2906208253 2
0 0.745 0.285 -0.2812217666 2
0 0.745 0.295 -0.271573008 2
0 0.745 0.305 -0.2616831167 2
0 0.745 0.315 -0.251560874 2
0 0.745 0.325 -0.2412152676 2
0 0.745 0.335 -0.2306554835 2
0 0.745 0.345 -0.2198908978 2
0 0.745 0.355 -0.2089310685 2
0 0.745 0.365 -0.1977857269 2
0 0.745 0.375 -0.1864647692 2
0 0.745 0.385 -0.1749782473 2
0 0.745 0.395 -0.1633363603 2
0 0.745 0.405 -0.1515494451 2
0 0.745 0.415 -0.1396279675 2
0 0.745 0.425 -0.1275825126 2
0 0.745 0.435 -0.1154237757 2
0 0.745 0.445 -0.1031625529 2
0 0.745 0.455 -0.09080973078 2
0 0.745 0.465 -0.07837627773 2
0 0.745 0.475 -0.0658732335 2
0 0.745 0.485 -0.05331169969 2
0 0.745 0.495 -0.04070282982 2
0 0.745 0.505 0 2
0 0.745 0.515 0 2
0 0.745 0.525 0 2
0 0.745 0.535 0 2
0 0.745 0.545 0 2
0 0.745 0.555 0 2
0 0.745 0.565 0 2
0 0.755 -0.555 0 2
0 0.755 -0.545 0 2
0 0.755 -0.535 0 2
0 0.755 -0.525 0 2
0 0.755 -0.515 0 2
0 0.755 -0.505 0 2
0 0.755 -0.495 -0.03938493365 2
0 0.755 -0.485 -0.05158554734 2
0 0.755 -0.475 -0.06374035765 2
0 0.755 -0.465 -0.07583857219 2
0 0.755 -0.455 -0.0878694488 2
0 0.755 -0.445 -0.09982230515 2
0 0.755 -0.435 -0.1116865282 2
0 0.755 -0.425 -0.1234515834 2
0 0.755 -0.415 -0.1351070247 2
0 0.755 -0.405 -0.1466425029 2
0 0.755 -0.395 -0.1580477756 2
0 0.755 -0.385 -0.1693127159 2
0 0.755 -0.375 -0.1804273215 2
0 0.755 -0.365 -0.1913817237 2
0 0.755 -0.355 -0.2021661959 2
0 0.755 -0.345 -0.2127711625 2
0 0.755 -0.335 -0.2231872072 2
0 0.755 -0.325 -0.2334050815 2
0 0.755 -0.315 -0.2434157127 2
0 0.755 -0.305 -0.2532102125 2
0 0.755 -0.295 -0.2627798841 2
0 0.755 -0.285 -0.2721162304 2
0 0.755 -0.275 -0.2812109617 2
0 0.755 -0.265 -0.2900560027 2
0 0.755 -0.255 -0.2986434997 2
0 0.755 -0.245 -0.3069658277 2
0 0.755 -0.235 -0.3150155974 2
0 0.755 -0.225 -0.3227856612 2
0 0.755 -0.215 -0.33026912 2
0 0.755 -0.205 -0.3374593291 2
0 0.755 -0.195 -0.3443499044 2
0 0.755 -0.185 -0.3509347274 2
0 0.755 -0.175 -0.3572079516 2
0 0.755 -0.165 -0.3631640069 2
0 0.755 -0.155 -0.3687976048 2
0 0.755 -0.145 -0.3741037432 2
0 0.755 -0.135 -0.3790777106 2
0 0.755 -0.125 -0.3837150907 2
0 0.755 -0.115 -0.3880117659 2
0 0.755 -0.105 -0.3919639211 2
0 0.755 -0.095 -0.3955680471 2
0 0.755 -0.085 -0.3988209439 2
0 0.755 -0.075 -0.401719723 2
0 0.755 -0.065 -0.4042618107 2
0 0.755 -0.055 -0.4064449499 2
0 0.755 -0.045 -0.408267202 2
0 0.755 -0.035 -0.409726949 2
0 0.755 -0.025 -0.410822895 2
0 0.755 -0.015 -0.4115540667 2
0 0.755 -0.005 -0.4119198149 2
0 0.755 0.005 -0.4119198149 2
0 0.755 0.015 -0.4115540667 2
0 0.755 0.025 -0.410822895 2
0 0.755 0.035 -0.409726949 2
0 0.755 0.045 -0.408267202 2
0 0.755 0.055 -0.4064449499 2
0 0.755 0.065 -0.4042618107 2
0 0.755 0.075 -0.401719723 2
0 0.755 0.085 -0.3988209439 2
0 0.755 0.095 -0.3955680471 2
0 0.755 0.105 -0.3919639211 2
0 0.755 0.115 -0.3880117659 2
0 0.755 0.125 -0.3837150907 2
0 0.755 0.135 -0.3790777106 2
0 0.755 0.145 -0.3741037432 2
0 0.755 0.155 -0.3687976048 2
0 0.755 0.165 -0.3631640069 2
0 0.755 0.175 -0.3572079516 2
0 0.755 0.185 -0.3509347274 2
0 0.755 0.195 -0.3443499044 2
0 0.755 0.205 -0.3374593291 2
0 0.755 0.215 -0.33026912 2
0 0.755 0.225 -0.3227856612 2
0 0.755 0.235 -0.3150155974 2
0 0.755 0.245 -0.3069658277 2
0 0.755 0.255 -0.2986434997 2
0 0.755 0.265 -0.2900560027 2
0 0.755 0.275 -0.2812109617 2
0 0.755 0.285 -0.2721162304 2
0 0.755 0.295 -0.2627798841 2
0 0.755 0.305 -0.2532102125 2
0 0.755 0.315 -0.2434157127 2
0 0.755 0.325 -0.2334050815 2
0 0.755 0.335 -0.2231872072 2
0 0.755 0.345 -0.2127711625 2
0 0.755 0.355 -0.2021661959 2
0 0.755 0.365 -0.1913817237 2
0 0.755 0.375 -0.1804273215 2
0 0.755 0.385 -0.1693127159 2
0 0.755 0.395 -0.1580477756 2
0 0.755 0.405 -0.1466425029 2
0 0.755 0.415 -0.1351070247 2
0 0.755 0.425 -0.1234515834 2
0 0.755 0.435 -0.1116865282 2
0 0.755 0.445 -0.09982230515 2
0 0.755 0.455 -0.0878694488 2
0 0.755 0.465 -0.07583857219 2
0 0.755 0.475 -0.06374035765 2
0 0.755 0.485 -0.05158554734 2
0 0.755 0.495 -0.03938493365 2
0 0.755 0.505 0 2
0 0.755 0.515 0 2
0 0.755 0.525 0 2
0 0.755 0.535 0 2
0 0.755 0.545 0 2
0 0.755 0.555 0 2
0 0.755 0.565 0 2
0 0.765 -0.555 0 2
0 0.765 -0.545 0 2
0 0.765 -0.535 0 2
0 0.765 -0.525 0 2
0 0.765 -0.515 0 2
0 0.765 -0.505 0 2
0 0.765 -0.495 -0.03805796056 2
0 0.765 -0.485 -0.04984750625 2
0 0.765 -0.475 -0.06159279178 2
0 0.765 -0.465 -0.07328338839 2
0 0.765 -0.455 -0.08490891585 2
0 0.765 -0.445 -0.09645905173 2
0 0.765 -0.435 -0.1079235405 2
0 0.765 -0.425 -0.1192922028 2
0 0.765 -0.415 -0.1305549442 2
0 0.765 -0.405 -0.1417017645 2
0 0.765 -0.395 -0.1527227661 2
0 0.765 -0.385 -0.1636081635 2
0 0.765 -0.375 -0.1743482913 2
0 0.765 -0.365 -0.1849336134 2
0 0.765 -0.355 -0.1953547308 2
0 0.765 -0.345 -0.2056023906 2
0 0.765 -0.335 -0.2156674937 2
0 0.765 -0.325 -0.2255411032 2
0 0.765 -0.315 -0.2352144522 2
0 0.765 -0.305 -0.2446789518 2
0 0.765 -0.295 -0.2539261981 2
0 0.765 -0.285 -0.2629479805 2
0 0.765 -0.275 -0.2717362884 2
0 0.765 -0.265 -0.2802833187 2
0 0.765 -0.255 -0.2885814823 2
0 0.765 -0.245 -0.2966234111 2
0 0.765 -0.235 -0.3044019647 2
0 0.765 -0.225 -0.3119102363 2
0 0.765 -0.215 -0.3191415594 2
0 0.765 -0.205 -0.3260895131 2
0 0.765 -0.195 -0.3327479283 2
0 0.765 -0.185 -0.3391108929 2
0 0.765 -0.175 -0.3451727571 2
0 0.765 -0.165 -0.3509281385 2
0 0.765 -0.155 -0.356371927 2
0 0.765 -0.145 -0.3614992888 2
0 0.765 -0.135 -0.3663056713 2
0 0.765 -0.125 -0.3707868069 2
0 0.765 -0.115 -0.3749387168 2
0 0.765 -0.105 -0.3787577144 2
0 0.765 -0.095 -0.3822404087 2
0 0.765 -0.085 -0.3853837076 2
0 0.765 -0.075 -0.3881848199 2
0 0.765 -0.065 -0.3906412586 2
0 0.765 -0.055 -0.3927508425 2
0 0.765 -0.045 -0.3945116985 2
0 0.765 -0.035 -0.3959222632 2
0 0.765 -0.025 -0.3969812841 2
0 0.765 -0.015 -0.3976878208 2
0 0.765 -0.005 -0.3980412461 2
0 0.765 0.005 -0.3980412461 2
0 0.765 0.015 -0.3976878208 2
0 0.765 0.025 -0.3969812841 2
0 0.765 0.035 -0.3959222632 2
0 0.765 0.045 -0.3945116985 2
0 0.765 0.055 -0.3927508425 2
0 0.765 0.065 -0.3906412586 2
0 0.765 0.075 -0.3881848199 2
0 0.765 0.085 -0.3853837076 2
0 0.765 0.095 -0.3822404087 2
0 0.765 0.105 -0.3787577144 2
0 0.765 0.115 -0.3749387168 2
0 0.765 0.125 -0.3707868069 2
0 0.765 0.135 -0.3663056713 2
0 0.765 0.145 -0.3614992888 2
0 0.765 0.155 -0.356371927 2
0 0.765 0.165 -0.3509281385 2
0 0.765 0.175 -0.3451727571 2
0 0.765 0.185 -0.3391108929 2
0 0.765 0.195 -0.3327479283 2
0 0.765 0.205 -0.3260895131 2
0 0.765 0.215 -0.3191415594 2
0 0.765 0.225 -0.3119102363 2
0 0.765 0.235 -0.3044019647 2
0 0.765 0.245 -0.2966234111 2
0 0.765 0.255 -0.2885814823 2
0 0.765 0.265 -0.2802833187 2
0 0.765 0.275 -0.2717362884 2
0 0.765 0.285 -0.2629479805 2
0 0.765 0.295 -0.2539261981 2
0 0.765 0.305 -0.2446789518 2
0 0.765 0.315 -0.2352144522 2
0 0.765 0.325 -0.2255411032 2
0 0.765 0.335 -0.2156674937 2
0 0.765 0.345 -0.2056023906 2
0 0.765 0.355 -0.1953547308 2
0 0.765 0.365 -0.1849336134 2
0 0.765 0.375 -0.1743482913 2
0 0.765 0.385 -0.1636081635 2
0 0.765 0.395 -0.1527227661 2
0 0.765 0.405 -0.1417017645 2
0 0.765 0.415 -0.1305549442 2
0 0.765 0.425 -0.1192922028 2
0 0.765 0.435 -0.1079235405 2
0 0.765 0.445 -0.09645905173 2
0 0.765 0.455 -0.08490891585 2
0 0.765 0.465 -0.07328338839 2
0 0.765 0.475 -0.06159279178 2
0 0.765 0.485 -0.04984750625 2
0 0.765 0.495 -0.03805796056 2
0 0.765 0.505 0 2
0 0.765 0.515 0 2
0 0.765 0.525 0 2
0 0.765 0.535 0 2
0 0.765 0.545 0 2
0 0.765 0.555 0 2
0 0.765 0.565 0 2
0 0.775 -0.555 0 2
0 0.775 -0.545 0 2
0 0.775 -0.535 0 2
0 0.775 -0.525 0 2
0 0.775 -0.515 0 2
0 0.775 -0.505 0 2
0 0.775 -0.495 -0.03672221638 2
0 0.775 -0.485 -0.04809797697 2
0 0.775 -0.475 -0.05943103083 2
0 0.775 -0.465 -0.07071131521 2
0 0.775 -0.455 -0.08192881422 2
0 0.775 -0.445 -0.09307356772 2
0 0.775 -0.435 -0.1041356802 2
0 0.775 -0.425 -0.1151053294 2
0 0.775 -0.415 -0.1259727752 2
0 0.775 -0.405 -0.1367283685 2
0 0.775 -0.395 -0.1473625591 2
0 0.775 -0.385 -0.1578659048 2
0 0.775 -0.375 -0.1682290797 2
0 0.775 -0.365 -0.178442882 2
0 0.775 -0.355 -0.1884982429 2
0 0.775 -0.345 -0.1983862341 2
0 0.775 -0.335 -0.208098076 2
0 0.775 -0.325 -0.2176251452 2
0 0.775 -0.315 -0.2269589827 2
0 0.775 -0.305 -0.2360913007 2
0 0.775 -0.295 -0.2450139906 2
0 0.775 -0.285 -0.2537191298 2
0 0.775 -0.275 -0.262198989 2
0 0.775 -0.265 -0.2704460388 2
0 0.775 -0.255 -0.2784529565 2
0 0.775 -0.245 -0.2862126326 2
0 0.775 -0.235 -0.2937181774 2
0 0.775 -0.225 -0.3009629266 2
0 0.775 -0.215 -0.3079404474 2
0 0.775 -0.205 -0.3146445444 2
0 0.775 -0.195 -0.321069265 2
0 0.775 -0.185 -0.3272089046 2
0 0.775 -0.175 -0.3330580117 2
0 0.775 -0.165 -0.3386113929 2
0 0.775 -0.155 -0.3438641173 2
0 0.775 -0.145 -0.3488115208 2
0 0.775 -0.135 -0.3534492107 2
0 0.775 -0.125 -0.3577730691 2
0 0.775 -0.115 -0.3617792568 2
0 0.775 -0.105 -0.3654642166 2
0 0.775 -0.095 -0.3688246767 2
0 0.775 -0.085 -0.3718576532 2
0 0.775 -0.075 -0.3745604531 2
0 0.775 -0.065 -0.3769306766 2
0 0.775 -0.055 -0.3789662191 2
0 0.775 -0.045 -0.3806652733 2
0 0.775 -0.035 -0.3820263305 2
0 0.775 -0.025 -0.3830481822 2
0 0.775 -0.015 -0.3837299212 2
0 0.775 -0.005 -0.3840709421 2
0 0.775 0.005 -0.3840709421 2
0 0.775 0.015 -0.3837299212 2
0 0.775 0.025 -0.3830481822 2
0 0.775 0.035 -0.3820263305 2
0 0.775 0.045 -0.3806652733 2
0 0.775 0.055 -0.3789662191 2
0 0.775 0.065 -0.3769306766 2
0 0.775 0.075 -0.3745604531 2
0 0.775 0.085 -0.3718576532 2
0 0.775 0.095 -0.3688246767 2
0 0.775 0.105 -0.3654642166 2
0 0.775 0.115 -0.3617792568 2
0 0.775 0.125 -0.3577730691 2
0 0.775 0.135 -0.3534492107 2
0 0.775 0.145 -0.3488115208 2
0 0.775 0.155 -0.3438641173 2
0 0.775 0.165 -0.3386113929 2
0 0.775 0.175 -0.3330580117 2
0 0.775 0.185 -0.3272089046 2
0 0.775 0.195 -0.321069265 2
0 0.775 0.205 -0.3146445444 2
0 0.775 0.215 -0.3079404474 2
0 0.775 0.225 -0.3009629266 2
0 0.775 0.235 -0.2937181774 2
0 0.775 0.245 -0.2862126326 2
0 0.775 0.255 -0.2784529565 2
0 0.775 0.265 -0.2704460388 2
0 0.775 0.275 -0.262198989 2
0 0.775 0.285 -0.2537191298 2
0 0.775 0.295 -0.2450139906 2
0 0.775 0.305 -0.2360913007 2
0 0.775 0.315 -0.2269589827 2
0 0.775 0.325 -0.2176251452 2
0 0.775 0.335 -0.208098076 2
0 0.775 0.345 -0.1983862341 2
0 0.775 0.355 -0.1884982429 2
0 0.775 0.365 -0.178442882 2
0 0.775 0.375 -0.1682290797 2
0 0.775 0.385 -0.1578659048 2
0 0.775 0.395 -0.1473625591 2
0 0.775 0.405 -0.1367283685 2
0 0.775 0.415 -0.1259727752 2
0 0.775 0.425 -0.1151053294 2
0 0.775 0.435 -0.1041356802 2
0 0.775 0.445 -0.09307356772 2
0 0.775 0.455 -0.08192881422 2
0 0.775 0.465 -0.07071131521 2
0 0.775 0.475 -0.05943103083 2
0 0.775 0.485 -0.04809797697 2
0 0.775 0.495 -0.03672221638 2
0 0.775 0.505 0 2
0 0.775 0.515 0 2
0 0.775 0.525 0 2
0 0.775 0.535 0 2
0 0.775 0.545 0 2
0 0.775 0.555 0 2
0 0.775 0.565 0 2
0 0.785 -0.555 0 2
0 0.785 -0.545 0 2
0 0.785 -0.535 0 2
0 0.785 -0.525 0 2
0 0.785 -0.515 0 2
0 0.785 -0.505 0 2
0 0.785 -0.495 -0.03537800895 2
0 0.785 -0.485 -0.04633736271 2
0 0.785 -0.475 -0.057255573 2
0 0.785 -0.465 -0.06812294543 2
0 0.785 -0.455 -0.07892983073 2
0 0.785 -0.445 -0.08966663335 2
0 0.785 -0.435 -0.10032382 2
0 0.785 -0.425 -0.1108919279 2
0 0.785 -0.415 -0.1213615737 2
0 0.785 -0.405 -0.1317234612 2
0 0.785 -0.395 -0.14196839 2
0 0.785 -0.385 -0.1520872634 2
0 0.785 -0.375 -0.1620710968 2
0 0.785 -0.365 -0.1719110255 2
0 0.785 -0.355 -0.1815983125 2
0 0.785 -0.345 -0.1911243563 2
0 0.785 -0.335 -0.2004806986 2
0 0.785 -0.325 -0.2096590319 2
0 0.785 -0.315 -0.2186512066 2
0 0.785 -0.305 -0.2274492384 2
0 0.785 -0.295 -0.2360453155 2
0 0.785 -0.285 -0.2444318053 2
0 0.785 -0.275 -0.2526012614 2
0 0.785 -0.265 -0.26054643 2
0 0.785 -0.255 -0.2682602565 2
0 0.785 -0.245 -0.2757358917 2
0 0.785 -0.235 -0.282966698 2
0 0.785 -0.225 -0.2899462549 2
0 0.785 -0.215 -0.2966683653 2
0 0.785 -0.205 -0.3031270605 2
0 0.785 -0.195 -0.3093166059 2
0 0.785 -0.185 -0.3152315055 2
0 0.785 -0.175 -0.3208665076 2
0 0.785 -0.165 -0.3262166087 2
0 0.785 -0.155 -0.3312770584 2
0 0.785 -0.145 -0.3360433635 2
0 0.785 -0.135 -0.3405112919 2
0 0.785 -0.125 -0.3446768766 2
0 0.785 -0.115 -0.3485364188 2
0 0.785 -0.105 -0.3520864916 2
0 0.785 -0.095 -0.3553239428 2
0 0.785 -0.085 -0.358245898 2
0 0.785 -0.075 -0.3608497626 2
0 0.785 -0.065 -0.3631332246 2
0 0.785 -0.055 -0.3650942566 2
0 0.785 -0.045 -0.3667311174 2
0 0.785 -0.035 -0.3680423534 2
0 0.785 -0.025 -0.3690268006 2
0 0.785 -0.015 -0.3696835847 2
0 0.785 -0.005 -0.3700121226 2
0 0.785 0.005 -0.3700121226 2
0 0.785 0.015 -0.3696835847 2
0 0.785 0.025 -0.3690268006 2
0 0.785 0.035 -0.3680423534 2
0 0.785 0.045 -0.3667311174 2
0 0.785 0.055 -0.3650942566 2
0 0.785 0.065 -0.3631332246 2
0 0.785 0.075 -0.3608497626 2
0 0.785 0.085 -0.358245898 2
0 0.785 0.095 -0.3553239428 2
0 0.785 0.105 -0.3520864916 2
0 0.785 0.115 -0.3485364188 2
0 0.785 0.125 -0.3446768766 2
0 0.785 0.135 -0.3405112919 2
0 0.785 0.145 -0.3360433635 2
0 0.785 0.155 -0.3312770584 2
0 0.785 0.165 -0.3262166087 2
0 0.785 0.175 -0.3208665076 2
0 0.785 0.185 -0.3152315055 2
0 0.785 0.195 -0.3093166059 2
0 0.785 0.205 -0.3031270605 2
0 0.785 0.215 -0.2966683653 2
0 0.785 0.225 -0.2899462549 2
0 0.785 0.235 -0.282966698 2
0 0.785 0.245 -0.2757358917 2
0 0.785 0.255 -0.2682602565 2
0 0.785 0.265 -0.26054643 2
0 0.785 0.275 -0.2526012614 2
0 0.785 0.285 -0.2444318053 2
0 0.785 0.295 -0.2360453155 2
0 0.785 0.305 -0.2274492384 2
0 0.785 0.315 -0.2186512066 2
0 0.785 0.325 -0.2096590319 2
0 0.785 0.335 -0.2004806986 2
0 0.785 0.345 -0.1911243563 2
0 0.785 0.355 -0.1815983125 2
0 0.785 0.365 -0.1719110255 2
0 0.785 0.375 -0.1620710968 2
0 0.785 0.385 -0.1520872634 2
0 0.785 0.395 -0.14196839 2
0 0.785 0.405 -0.1317234612 2
0 0.785 0.415 -0.1213615737 2
0 0.785 0.425 -0.1108919279 2
0 0.785 0.435 -0.10032382 2
0 0.785 0.445 -0.08966663335 2
0 0.785 0.455 -0.07892983073 2
0 0.785 0.465 -0.06812294543 2
0 0.785 0.475 -0.057255573 2
0 0.785 0.485 -0.04633736271 2
0 0.785 0.495 -0.03537800895 2
0 0.785 0.505 0 2
0 0.785 0.515 0 2
0 0.785 0.525 0 2
0 0.785 0.535 0 2
0 0.785 0.545 0 2
0 0.785 0.555 0 2
0 0.785 0.565 0 2
0 0.795 -0.555 0 2
0 0.795 -0.545 0 2
0 0.795 -0.535 0 2
0 0.795 -0.525 0 2
0 0.795 -0.515 0 2
0 0.795 -0.505 0 2
0 0.795 -0.495 -0.03402564807 2
0 0.795 -0.485 -0.04456606922 2
0 0.795 -0.475 -0.05506691967 2
0 0.795 -0.465 -0.06551887558 2
0 0.795 -0.455 -0.07591265654 2
0 0.795 -0.445 -0.08623903381 2
0 0.795 -0.435 -0.09648883847 2
0 0.795 -0.425 -0.1066529696 2
0 0.795 -0.415 -0.1167224024 2
0 0.795 -0.405 -0.126688196 2
0 0.795 -0.395 -0.1365415018 2
0 0.795 -0.385 -0.1462735709 2
0 0.795 -0.375 -0.155875762 2
0 0.795 -0.365 -0.1653395493 2
0 0.795 -0.355 -0.1746565297 2
0 0.795 -0.345 -0.1838184306 2
0 0.795 -0.335 -0.1928171172 2
0 0.795 -0.325 -0.2016445992 2
0 0.795 -0.315 -0.2102930387 2
0 0.795 -0.305 -0.2187547567 2
0 0.795 -0.295 -0.2270222399 2
0 0.795 -0.285 -0.2350881475 2
0 0.795 -0.275 -0.2429453177 2
0 0.795 -0.265 -0.250586774 2
0 0.795 -0.255 -0.2580057315 2
0 0.795 -0.245 -0.2651956029 2
0 0.795 -0.235 -0.2721500041 2
0 0.795 -0.225 -0.2788627603 2
0 0.795 -0.215 -0.2853279111 2
0 0.795 -0.205 -0.291539716 2
0 0.795 -0.195 -0.2974926596 2
0 0.795 -0.185 -0.3031814561 2
0 0.795 -0.175 -0.3086010544 2
0 0.795 -0.165 -0.3137466423 2
0 0.795 -0.155 -0.3186136511 2
0 0.795 -0.145 -0.3231977593 2
0 0.795 -0.135 -0.3274948966 2
0 0.795 -0.125 -0.3315012475 2
0 0.795 -0.115 -0.3352132547 2
0 0.795 -0.105 -0.3386276223 2
0 0.795 -0.095 -0.3417413186 2
0 0.795 -0.085 -0.344551579 2
0 0.795 -0.075 -0.3470559082 2
0 0.795 -0.065 -0.3492520826 2
0 0.795 -0.055 -0.3511381521 2
0 0.795 -0.045 -0.3527124422 2
0 0.795 -0.035 -0.3539735549 2
0 0.795 -0.025 -0.3549203705 2
0 0.795 -0.015 -0.3555520484 2
0 0.795 -0.005 -0.3558680276 2
0 0.795 0.005 -0.3558680276 2
0 0.795 0.015 -0.3555520484 2
0 0.795 0.025 -0.3549203705 2
0 0.795 0.035 -0.3539735549 2
0 0.795 0.045 -0.3527124422 2
0 0.795 0.055 -0.3511381521 2
0 0.795 0.065 -0.3492520826 2
0 0.795 0.075 -0.3470559082 2
0 0.795 0.085 -0.344551579 2
0 0.795 0.095 -0.3417413186 2
0 0.795 0.105 -0.3386276223 2
0 0.795 0.115 -0.3352132547 2
0 0.795 0.125 -0.3315012475 2
0 0.795 0.135 -0.3274948966 2
0 0.795 0.145 -0.3231977593 2
0 0.795 0.155 -0.3186136511 2
0 0.795 0.165 -0.3137466423 2
0 0.795 0.175 -0.3086010544 2
0 0.795 0.185 -0.3031814561 2
0 0.795 0.195 -0.2974926596 2
0 0.795 0.205 -0.291539716 2
0 0.795 0.215 -0.2853279111 2
0 0.795 0.225 -0.2788627603 2
0 0.795 0.235 -0.2721500041 2
0 0.795 0.245 -0.2651956029 2
0 0.795 0.255 -0.2580057315 2
0 0.795 0.265 -0.250586774 2
0 0.795 0.275 -0.2429453177 2
0 0.795 0.285 -0.2350881475 2
0 0.795 0.295 -0.2270222399 2
0 0.795 0.305 -0.2187547567 2
0 0.795 0.315 -0.2102930387 2
0 0.795 0.325 -0.2016445992 2
0 0.795 0.335 -0.1928171172 2
0 0.795 0.345 -0.1838184306 2
0 0.795 0.355 -0.1746565297 2
0 0.795 0.365 -0.1653395493 2
0 0.795 0.375 -0.155875762 2
0 0.795 0.385 -0.1462735709 2
0 0.795 0.395 -0.1365415018 2
0 0.795 0.405 -0.126688196 2
0 0.795 0.415 -0.1167224024 2
0 0.795 0.425 -0.1066529696 2
0 0.795 0.435 -0.09648883847 2
0 0.795 0.445 -0.08623903381 2
0 0.795 0.455 -0.07591265654 2
0 0.795 0.465 -0.06551887558 2
0 0.795 0.475 -0.05506691967 2
0 0.795 0.485 -0.04456606922 2
0 0.795 0.495 -0.03402564807 2
0 0.795 0.505 0 2
0 0.795 0.515 0 2
0 0.795 0.525 0 2
0 0.795 0.535 0 2
0 0.795 0.545 0 2
0 0.795 0.555 0 2
0 0.795 0.565 0 2
0 0.805 -0.555 0 2
0 0.805 -0.545 0 2
0 0.805 -0.535 0 2
0 0.805 -0.525 0 2
0 0.805 -0.515 0 2
0 0.805 -0.505 0 2
0 0.805 -0.495 -0.03266544541 2
0 0.805 -0.485 -0.04278450475 2
0 0.805 -0.475 -0.05286557525 2
0 0.805 -0.465 -0.06289970581 2
0 0.805 -0.455 -0.07287798702 2
0 0.805 -0.445 -0.08279155905 2
0 0.805 -0.435 -0.09263161952 2
0 0.805 -0.425 -0.1023894313 2
0 0.805 -0.415 -0.1120563304 2
0 0.805 -0.405 -0.1216237335 2
0 0.805 -0.395 -0.1310831454 2
0 0.805 -0.385 -0.1404261672 2
0 0.805 -0.375 -0.149644503 2
0 0.805 -0.365 -0.1587299678 2
0 0.805 -0.355 -0.1676744944 2
0 0.805 -0.345 -0.176470141 2
0 0.805 -0.335 -0.1851090978 2
0 0.805 -0.325 -0.1935836941 2
0 0.805 -0.315 -0.2018864053 2
0 0.805 -0.305 -0.2100098593 2
0 0.805 -0.295 -0.2179468432 2
0 0.805 -0.285 -0.2256903096 2
0 0.805 -0.275 -0.2332333831 2
0 0.805 -0.265 -0.2405693661 2
0 0.805 -0.255 -0.2476917448 2
0 0.805 -0.245 -0.2545941953 2
0 0.805 -0.235 -0.2612705887 2
0 0.805 -0.225 -0.267714997 2
0 0.805 -0.215 -0.2739216982 2
0 0.805 -0.205 -0.2798851813 2
0 0.805 -0.195 -0.2856001512 2
0 0.805 -0.185 -0.2910615334 2
0 0.805 -0.175 -0.2962644789 2
0 0.805 -0.165 -0.3012043679 2
0 0.805 -0.155 -0.3058768141 2
0 0.805 -0.145 -0.3102776689 2
0 0.805 -0.135 -0.3144030246 2
0 0.805 -0.125 -0.3182492184 2
0 0.805 -0.115 -0.3218128351 2
0 0.805 -0.105 -0.3250907106 2
0 0.805 -0.095 -0.3280799345 2
0 0.805 -0.085 -0.3307778524 2
0 0.805 -0.075 -0.3331820691 2
0 0.805 -0.065 -0.3352904496 2
0 0.805 -0.055 -0.337101122 2
0 0.805 -0.045 -0.3386124785 2
0 0.805 -0.035 -0.3398231772 2
0 0.805 -0.025 -0.3407321431 2
0 0.805 -0.015 -0.3413385692 2
0 0.805 -0.005 -0.3416419168 2
0 0.805 0.005 -0.3416419168 2
0 0.805 0.015 -0.3413385692 2
0 0.805 0.025 -0.3407321431 2
0 0.805 0.035 -0.3398231772 2
0 0.805 0.045 -0.3386124785 2
0 0.805 0.055 -0.337101122 2
0 0.805 0.065 -0.3352904496 2
0 0.805 0.075 -0.3331820691 2
0 0.805 0.085 -0.3307778524 2
0 0.805 0.095 -0.3280799345 2
0 0.805 0.105 -0.3250907106 2
0 0.805 0.115 -0.3218128351 2
0 0.805 0.125 -0.3182492184 2
0 0.805 0.135 -0.3144030246 2
0 0.805 0.145 -0.3102776689 2
0 0.805 0.155 -0.3058768141 2
0 0.805 0.165 -0.3012043679 2
0 0.805 0.175 -0.2962644789 2
0 0.805 0.185 -0.2910615334 2
0 0.805 0.195 -0.2856001512 2
0 0.805 0.205 -0.2798851813 2
0 0.805 0.215 -0.2739216982 2
0 0.805 0.225 -0.267714997 2
0 0.805 0.235 -0.2612705887 2
0 0.805 0.245 -0.2545941953 2
0 0.805 0.255 -0.2476917448 2
0 0.805 0.265 -0.2405693661 2
0 0.805 0.275 -0.2332333831 2
0 0.805 0.285 -0.2256903096 2
0 0.805 0.295 -0.2179468432 2
0 0.805 0.305 -0.2100098593 2
0 0.805 0.315 -0.2018864053 2
0 0.805 0.325 -0.1935836941 2
0 0.805 0.335 -0.1851090978 2
0 0.805 0.345 -0.176470141 2
0 0.805 0.355 -0.1676744944 2
0 0.805 0.365 -0.1587299678 2
0 0.805 0.375 -0.149644503 2
0 0.805 0.385 -0.1404261672 2
0 0.805 0.395 -0.1310831454 2
0 0.805 0.405 -0.1216237335 2
0 0.805 0.415 -0.1120563304 2
0 0.805 0.425 -0.1023894313 2
0 0.805 0.435 -0.09263161952 2
0 0.805 0.445 -0.08279155905 2
0 0.805 0.455 -0.07287798702 2
0 0.805 0.465 -0.06289970581 2
0 0.805 0.475 -0.05286557525 2
0 0.805 0.485 -0.04278450475 2
0 0.805 0.495 -0.03266544541 2
0 0.805 0.505 0 2
0 0.805 0.515 0 2
0 0.805 0.525 0 2
0 0.805 0.535 0 2
0 0.805 0.545 0 2
0 0.805 0.555 0 2
0 0.805 0.565 0 2
0 0.815 -0.555 0 2
0 0.815 -0.545 0 2
0 0.815 -0.535 0 2
0 0.815 -0.525 0 2
0 0.815 -0.515 0 2
0 0.815 -0.505 0 2
0 0.815 -0.495 -0.03129771446 2
0 0.815 -0.485 -0.04099307987 2
0 0.815 -0.475 -0.05065204708 2
0 0.815 -0.465 -0.06026603976 2
0 0.815 -0.455 -0.06982652155 2
0 0.815 -0.445 -0.07932500359 2
0 0.815 -0.435 -0.08875305207 2
0 0.815 -0.425 -0.09810229573 2
0 0.815 -0.415 -0.1073644333 2
0 0.815 -0.405 -0.1165312407 2
0 0.815 -0.395 -0.1255945787 2
0 0.815 -0.385 -0.1345464 2
0 0.815 -0.375 -0.1433787559 2
0 0.815 -0.365 -0.1520838043 2
0 0.815 -0.355 -0.1606538157 2
0 0.815 -0.345 -0.1690811808 2
0 0.815 -0.335 -0.1773584169 2
0 0.815 -0.325 -0.1854781744 2
0 0.815 -0.315 -0.1934332438 2
0 0.815 -0.305 -0.2012165616 2
0 0.815 -0.295 -0.208821217 2
0 0.815 -0.285 -0.2162404577 2
0 0.815 -0.275 -0.2234676961 2
0 0.815 -0.265 -0.230496515 2
0 0.815 -0.255 -0.2373206734 2
0 0.815 -0.245 -0.2439341122 2
0 0.815 -0.235 -0.2503309592 2
0 0.815 -0.225 -0.2565055345 2
0 0.815 -0.215 -0.2624523556 2
0 0.815 -0.205 -0.2681661424 2
0 0.815 -0.195 -0.2736418214 2
0 0.815 -0.185 -0.2788745308 2
0 0.815 -0.175 -0.2838596244 2
0 0.815 -0.165 -0.2885926759 2
0 0.815 -0.155 -0.2930694826 2
0 0.815 -0.145 -0.2972860697 2
0 0.815 -0.135 -0.3012386932 2
0 0.815 -0.125 -0.3049238435 2
0 0.815 -0.115 -0.3083382484 2
0 0.815 -0.105 -0.3114788764 2
0 0.815 -0.095 -0.3143429388 2
0 0.815 -0.085 -0.3169278926 2
0 0.815 -0.075 -0.3192314425 2
0 0.815 -0.065 -0.3212515433 2
0 0.815 -0.055 -0.3229864013 2
0 0.815 -0.045 -0.324434476 2
0 0.815 -0.035 -0.3255944817 2
0 0.815 -0.025 -0.3264653884 2
0 0.815 -0.015 -0.3270464228 2
0 0.815 -0.005 -0.327337069 2
0 0.815 0.005 -0.327337069 1
0 0.815 0.015 -0.3270464228 1
0 0.815 0.025 -0.3264653884 1
0 0.815 0.035 -0.3255944817 1
0 0.815 0.045 -0.324434476 1
0 0.815 0.055 -0.3229864013 1
0 0.815 0.065 -0.3212515433 1
0 0.815 0.075 -0.3192314425 2
0 0.815 0.085 -0.3169278926 2
0 0.815 0.095 -0.3143429388 2
0 0.815 0.105 -0.3114788764 2
0 0.815 0.115 -0.3083382484 2
0 0.815 0.125 -0.3049238435 2
0 0.815 0.135 -0.3012386932 2
0 0.815 0.145 -0.2972860697 2
0 0.815 0.155 -0.2930694826 2
0 0.815 0.165 -0.2885926759 2
0 0.815 0.175 -0.2838596244 2
0 0.815 0.185 -0.2788745308 2
0 0.815 0.195 -0.2736418214 2
0 0.815 0.205 -0.2681661424 2
0 0.815 0.215 -0.2624523556 2
0 0.815 0.225 -0.2565055345 2
0 0.815 0.235 -0.2503309592 2
0 0.815 0.245 -0.2439341122 2
0 0.815 0.255 -0.2373206734 2
0 0.815 0.265 -0.230496515 2
0 0.815 0.275 -0.2234676961 2
0 0.815 0.285 -0.2162404577 2
0 0.815 0.295 -0.208821217 2
0 0.815 0.305 -0.2012165616 2
0 0.815 0.315 -0.1934332438 2
0 0.815 0.325 -0.1854781744 2
0 0.815 0.335 -0.1773584169 2
0 0.815 0.345 -0.1690811808 2
0 0.815 0.355 -0.1606538157 2
0 0.815 0.365 -0.1520838043 2
0 0.815 0.375 -0.1433787559 2
0 0.815 0.385 -0.1345464 2
0 0.815 0.395 -0.1255945787 2
0 0.815 0.405 -0.1165312407 2
0 0.815 0.415 -0.1073644333 2
0 0.815 0.425 -0.09810229573 2
0 0.815 0.435 -0.08875305207 2
0 0.815 0.445 -0.07932500359 2
0 0.815 0.455 -0.06982652155 2
0 0.815 0.465 -0.06026603976 2
0 0.815 0.475 -0.05065204708 2
0 0.815 0.485 -0.04099307987 2
0 0.815 0.495 -0.03129771446 2
0 0.815 0.505 0 2
0 0.815 0.515 0 2
0 0.815 0.525 0 2
0 0.815 0.535 0 2
0 0.815 0.545 0 2
0 0.815 0.555 0 2
0 0.815 0.565 0 2
0 0.825 -0.555 0 2
0 0.825 -0.545 0 2
0 0.825 -0.535 0 2
0 0.825 -0.525 0 2
0 0.825 -0.515 0 2
0 0.825 -0.505 0 2
0 0.825 -0.495 -0.02992277042 2
0 0.825 -0.485 -0.03919220746 2
0 0.825 -0.475 -0.0484268453 2
0 0.825 -0.465 -0.0576184844 2
0 0.825 -0.455 -0.0667589634 2
0 0.825 -0.445 -0.07584016637 2
0 0.825 -0.435 -0.08485403 2
0 0.825 -0.425 -0.09379255079 2
0 0.825 -0.415 -0.1026477921 2
0 0.825 -0.405 -0.1114118913 2
0 0.825 -0.395 -0.1200770667 2
0 0.825 -0.385 -0.1286356243 2
0 0.825 -0.375 -0.1370799648 2
0 0.825 -0.365 -0.1454025906 2
0 0.825 -0.355 -0.1535961117 2
0 0.825 -0.345 -0.1616532531 2
0 0.825 -0.335 -0.1695668608 2
0 0.825 -0.325 -0.1773299082 2
0 0.825 -0.315 -0.1849355024 2
0 0.825 -0.305 -0.1923768902 2
0 0.825 -0.295 -0.1996474645 2
0 0.825 -0.285 -0.2067407696 2
0 0.825 -0.275 -0.2136505072 2
0 0.825 -0.265 -0.2203705421 2
0 0.825 -0.255 -0.2268949075 2
0 0.825 -0.245 -0.2332178105 2
0 0.825 -0.235 -0.2393336367 2
0 0.825 -0.225 -0.2452369559 2
0 0.825 -0.215 -0.2509225265 2
0 0.825 -0.205 -0.2563853001 2
0 0.825 -0.195 -0.2616204264 2
0 0.825 -0.185 -0.2666232569 2
0 0.825 -0.175 -0.2713893497 2
0 0.825 -0.165 -0.2759144728 2
0 0.825 -0.155 -0.2801946084 2
0 0.825 -0.145 -0.2842259561 2
0 0.825 -0.135 -0.2880049363 2
0 0.825 -0.125 -0.2915281938 2
0 0.825 -0.115 -0.2947926 2
0 0.825 -0.105 -0.2977952567 2
0 0.825 -0.095 -0.3005334976 2
0 0.825 -0.085 -0.3030048914 2
0 0.825 -0.075 -0.3052072438 2
0 0.825 -0.065 -0.3071385993 2
0 0.825 -0.055 -0.308797243 2
0 0.825 -0.045 -0.3101817021 2
0 0.825 -0.035 -0.3112907474 2
0 0.825 -0.025 -0.3121233942 2
0 0.825 -0.015 -0.3126789031 1
0 0.825 -0.005 -0.312956781 1
0 0.825 0.005 -0.312956781 1
0 0.825 0.015 -0.3126789031 1
0 0.825 0.025 -0.3121233942 1
0 0.825 0.035 -0.3112907474 1
0 0.825 0.045 -0.3101817021 1
0 0.825 0.055 -0.308797243 1
0 0.825 0.065 -0.3071385993 1
0 0.825 0.075 -0.3052072438 1
0 0.825 0.085 -0.3030048914 2
0 0.825 0.095 -0.3005334976 2
0 0.825 0.105 -0.2977952567 2
0 0.825 0.115 -0.2947926 2
0 0.825 0.125 -0.2915281938 2
0 0.825 0.135 -0.2880049363 2
0 0.825 0.145 -0.2842259561 2
0 0.825 0.155 -0.2801946084 2
0 0.825 0.165 -0.2759144728 2
0 0.825 0.175 -0.2713893497 2
0 0.825 0.185 -0.2666232569 2
0 0.825 0.195 -0.2616204264 2
0 0.825 0.205 -0.2563853001 2
0 0.825 0.215 -0.2509225265 2
0 0.825 0.225 -0.2452369559 2
0 0.825 0.235 -0.2393336367 2
0 0.825 0.245 -0.2332178105 2
0 0.825 0.255 -0.2268949075 2
0 0.825 0.265 -0.2203705421 2
0 0.825 0.275 -0.2136505072 2
0 0.825 0.285 -0.2067407696 2
0 0.825 0.295 -0.1996474645 2
0 0.825 0.305 -0.1923768902 2
0 0.825 0.315 -0.1849355024 2
0 0.825 0.325 -0.1773299082 2
0 0.825 0.335 -0.1695668608 2
0 0.825 0.345 -0.1616532531 2
0 0.825 0.355 -0.1535961117 2
0 0.825 0.365 -0.1454025906 2
0 0.825 0.375 -0.1370799648 2
0 0.825 0.385 -0.1286356243 2
0 0.825 0.395 -0.1200770667 2
0 0.825 0.405 -0.1114118913 2
0 0.825 0.415 -0.1026477921 2
0 0.825 0.425 -0.09379255079 2
0 0.825 0.435 -0.08485403 2
0 0.825 0.445 -0.07584016637 2
0 0.825 0.455 -0.0667589634 2
0 0.825 0.465 -0.0576184844 2
0 0.825 0.475 -0.0484268453 2
0 0.825 0.485 -0.03919220746 2
0 0.825 0.495 -0.02992277042 2
0 0.825 0.505 0 2
0 0.825 0.515 0 2
0 0.825 0.525 0 2
0 0.825 0.535 0 2
0 0.825 0.545 0 2
0 0.825 0.555 0 2
0 0.825 0.565 0 2
0 0.835 -0.555 0 2
0 0.835 -0.545 0 2
0 0.835 -0.535 0 2
0 0.835 -0.525 0 2
0 0.835 -0.515 0 2
0 0.835 -0.505 0 2
0 0.835 -0.495 -0.02854093019 2
0 0.835 -0.485 -0.03738230255 2
0 0.835 -0.475 -0.04619048274 2
0 0.835 -0.465 -0.05495764989 2
0 0.835 -0.455 -0.06367601953 2
0 0.835 -0.445 -0.07233785051 2
0 0.835 -0.435 -0.08093545191 2
0 0.835 -0.425 -0.08946118981 2
0 0.835 -0.415 -0.09790749412 2
0 0.835 -0.405 -0.1062668653 2
0 0.835 -0.395 -0.1145318809 2
0 0.835 -0.385 -0.1226952023 2
0 0.835 -0.375 -0.1307495814 2
0 0.835 -0.365 -0.1386878664 2
0 0.835 -0.355 -0.1465030089 2
0 0.835 -0.345 -0.1541880697 2
0 0.835 -0.335 -0.1617362252 2
0 0.835 -0.325 -0.1691407733 2
0 0.835 -0.315 -0.1763951395 2
0 0.835 -0.305 -0.1834928824 2
0 0.835 -0.295 -0.1904276999 2
0 0.835 -0.285 -0.1971934345 2
0 0.835 -0.275 -0.2037840789 2
0 0.835 -0.265 -0.2101937811 2
0 0.835 -0.255 -0.2164168499 2
0 0.835 -0.245 -0.2224477598 2
0 0.835 -0.235 -0.2282811558 2
0 0.835 -0.225 -0.2339118584 2
0 0.835 -0.215 -0.239334868 2
0 0.835 -0.205 -0.2445453696 2
0 0.835 -0.195 -0.2495387365 2
0 0.835 -0.185 -0.2543105352 2
0 0.835 -0.175 -0.2588565288 2
0 0.835 -0.165 -0.2631726807 2
0 0.835 -0.155 -0.2672551587 2
0 0.835 -0.145 -0.2711003378 2
0 0.835 -0.135 -0.2747048039 2
0 0.835 -0.125 -0.2780653565 2
0 0.835 -0.115 -0.2811790118 2
0 0.835 -0.105 -0.2840430051 2
0 0.835 -0.095 -0.2866547934 2
0 0.835 -0.085 -0.2890120577 2
0 0.835 -0.075 -0.291112705 2
0 0.835 -0.065 -0.29295487 2
0 0.835 -0.055 -0.2945369172 2
0 0.835 -0.045 -0.2958574417 2
0 0.835 -0.035 -0.296915271 2
0 0.835 -0.025 -0.297709466 2
0 0.835 -0.015 -0.2982393214 1
0 0.835 -0.005 -0.2985043668 1
0 0.835 0.005 -0.2985043668 1
0 0.835 0.015 -0.2982393214 1
0 0.835 0.025 -0.297709466 1
0 0.835 0.035 -0.296915271 1
0 0.835 0.045 -0.2958574417 1
0 0.835 0.055 -0.2945369172 1
0 0.835 0.065 -0.29295487 1
0 0.835 0.075 -0.291112705 1
0 0.835 0.085 -0.2890120577 1
0 0.835 0.095 -0.2866547934 2
0 0.835 0.105 -0.2840430051 2
0 0.835 0.115 -0.2811790118 2
0 0.835 0.125 -0.2780653565 2
0 0.835 0.135 -0.2747048039 2
0 0.835 0.145 -0.2711003378 2
0 0.835 0.155 -0.2672551587 2
0 0.835 0.165 -0.2631726807 2
0 0.835 0.175 -0.2588565288 2
0 0.835 0.185 -0.2543105352 2
0 0.835 0.195 -0.2495387365 2
0 0.835 0.205 -0.2445453696 2
0 0.835 0.215 -0.239334868 2
0 0.835 0.225 -0.2339118584 2
0 0.835 0.235 -0.2282811558 2
0 0.835 0.245 -0.2224477598 2
0 0.835 0.255 -0.2164168499 2
0 0.835 0.265 -0.2101937811 2
0 0.835 0.275 -0.2037840789 2
0 0.835 0.285 -0.1971934345 2
0 0.835 0.295 -0.1904276999 2
0 0.835 0.305 -0.1834928824 2
0 0.835 0.315 -0.1763951395 2
0 0.835 0.325 -0.1691407733 2
0 0.835 0.335 -0.1617362252 2
0 0.835 0.345 -0.1541880697 2
0 0.835 0.355 -0.1465030089 2
0 0.835 0.365 -0.1386878664 2
0 0.835 0.375 -0.1307495814 2
0 0.835 0.385 -0.1226952023 2
0 0.835 0.395 -0.1145318809 2
0 0.835 0.405 -0.1062668653 2
0 0.835 0.415 -0.09790749412 2
0 0.835 0.425 -0.08946118981 2
0 0.835 0.435 -0.08093545191 2
0 0.835 0.445 -0.07233785051 2
0 0.835 0.455 -0.06367601953 2
0 0.835 0.465 -0.05495764989 2
0 0.835 0.475 -0.04619048274 2
0 0.835 0.485 -0.03738230255 2
0 0.835 0.495 -0.02854093019 2
0 0.835 0.505 0 2
0 0.835 0.515 0 2
0 0.835 0.525 0 2
0 0.835 0.535 0 2
0 0.835 0.545 0 2
0 0.835 0.555 0 2
0 0.835 0.565 0 2
0 0.845 -0.555 0 2
0 0.845 -0.545 0 2
0 0.845 -0.535 0 2
0 0.845 -0.525 0 2
0 0.845 -0.515 0 2
0 0.845 -0.505 0 2
0 0.845 -0.495 -0.02715251222 2
0 0.845 -0.485 -0.03556378226 2
0 0.845 -0.475 -0.04394347482 2
0 0.845 -0.465 -0.05228414948 2
0 0.845 -0.455 -0.06057840045 2
0 0.845 -0.445 -0.06881886319 2
0 0.845 -0.435 -0.07699822088 2
0 0.845 -0.425 -0.085109211 2
0 0.845 -0.415 -0.09314463169 2
0 0.845 -0.405 -0.1010973482 2
0 0.845 -0.395 -0.1089602993 2
0 0.845 -0.385 -0.1167265033 2
0 0.845 -0.375 -0.1243890645 2
0 0.845 -0.365 -0.1319411793 2
0 0.845 -0.355 -0.139376142 2
0 0.845 -0.345 -0.1466873511 2
0 0.845 -0.335 -0.1538683148 2
0 0.845 -0.325 -0.1609126572 2
0 0.845 -0.315 -0.1678141234 2
0 0.845 -0.305 -0.1745665855 2
0 0.845 -0.295 -0.1811640481 2
0 0.845 -0.285 -0.187600653 2
0 0.845 -0.275 -0.1938706852 2
0 0.845 -0.265 -0.1999685775 2
0 0.845 -0.255 -0.2058889154 2
0 0.845 -0.245 -0.2116264423 2
0 0.845 -0.235 -0.2171760637 2
0 0.845 -0.225 -0.222532852 2
0 0.845 -0.215 -0.2276920509 2
0 0.845 -0.205 -0.2326490795 2
0 0.845 -0.195 -0.2373995363 2
0 0.845 -0.185 -0.2419392035 2
0 0.845 -0.175 -0.2462640501 2
0 0.845 -0.165 -0.2503702361 2
0 0.845 -0.155 -0.2542541156 2
0 0.845 -0.145 -0.25791224 2
0 0.845 -0.135 -0.2613413612 2
0 0.845 -0.125 -0.2645384345 2
0 0.845 -0.115 -0.2675006212 2
0 0.845 -0.105 -0.270225291 2
0 0.845 -0.095 -0.2727100248 2
0 0.845 -0.085 -0.2749526164 2
0 0.845 -0.075 -0.2769510744 2
0 0.845 -0.065 -0.2787036244 2
0 0.845 -0.055 -0.2802087104 2
0 0.845 -0.045 -0.281464996 2
0 0.845 -0.035 -0.2824713656 2
0 0.845 -0.025 -0.2832269257 2
0 0.845 -0.015 -0.2837310055 1
0 0.845 -0.005 -0.2839831573 1
0 0.845 0.005 -0.2839831573 1
0 0.845 0.015 -0.2837310055 1
0 0.845 0.025 -0.2832269257 1
0 0.845 0.035 -0.2824713656 1
0 0.845 0.045 -0.281464996 1
0 0.845 0.055 -0.2802087104 1
0 0.845 0.065 -0.2787036244 1
0 0.845 0.075 -0.2769510744 1
0 0.845 0.085 -0.2749526164 1
0 0.845 0.095 -0.2727100248 2
0 0.845 0.105 -0.270225291 2
0 0.845 0.115 -0.2675006212 2
0 0.845 0.125 -0.2645384345 2
0 0.845 0.135 -0.2613413612 2
0 0.845 0.145 -0.25791224 2
0 0.845 0.155 -0.2542541156 2
0 0.845 0.165 -0.2503702361 2
0 0.845 0.175 -0.2462640501 2
0 0.845 0.185 -0.2419392035 2
0 0.845 0.195 -0.2373995363 2
0 0.845 0.205 -0.2326490795 2
0 0.845 0.215 -0.2276920509 2
0 0.845 0.225 -0.222532852 2
0 0.845 0.235 -0.2171760637 2
0 0.845 0.245 -0.2116264423 2
0 0.845 0.255 -0.2058889154 2
0 0.845 0.265 -0.1999685775 2
0 0.845 0.275 -0.1938706852 2
0 0.845 0.285 -0.187600653 2
0 0.845 0.295 -0.1811640481 2
0 0.845 0.305 -0.1745665855 2
0 0.845 0.315 -0.1678141234 2
0 0.845 0.325 -0.1609126572 2
0 0.845 0.335 -0.1538683148 2
0 0.845 0.345 -0.1466873511 2
0 0.845 0.355 -0.139376142 2
0 0.845 0.365 -0.1319411793 2
0 0.845 0.375 -0.1243890645 2
0 0.845 0.385 -0.1167265033 2
0 0.845 0.395 -0.1089602993 2
0 0.845 0.405 -0.1010973482 2
0 0.845 0.415 -0.09314463169 2
0 0.845 0.425 -0.085109211 2
0 0.845 0.435 -0.07699822088 2
0 0.845 0.445 -0.06881886319 2
0 0.845 0.455 -0.06057840045 2
0 0.845 0.465 -0.05228414948 2
0 0.845 0.475 -0.04394347482 2
0 0.845 0.485 -0.03556378226 2
0 0.845 0.495 -0.02715251222 2
0 0.845 0.505 0 2
0 0.845 0.515 0 2
0 0.845 0.525 0 2
0 0.845 0.535 0 2
0 0.845 0.545 0 2
0 0.845 0.555 0 2
0 0.845 0.565 0 2
0 0.855 -0.555 0 1
0 0.855 -0.545 0 1
0 0.855 -0.535 0 2
0 0.855 -0.525 0 2
0 0.855 -0.515 0 2
0 0.855 -0.505 0 2
0 0.855 -0.495 -0.0257578365 2
0 0.855 -0.485 -0.03373706571 2
0 0.855 -0.475 -0.04168633939 2
0 0.855 -0.465 -0.04959859931 2
0 0.855 -0.455 -0.05746682008 2
0 0.855 -0.445 -0.06528401542 2
0 0.855 -0.435 -0.07304324434 2
0 0.855 -0.425 -0.08073761735 2
0 0.855 -0.415 -0.08836030253 2
0 0.855 -0.405 -0.0959045316 2
0 0.855 -0.395 -0.103363606 2
0 0.855 -0.385 -0.1107309026 2
0 0.855 -0.375 -0.1179998801 2
0 0.855 -0.365 -0.1251640841 2
0 0.855 -0.355 -0.1322171536 2
0 0.855 -0.345 -0.1391528259 2
0 0.855 -0.335 -0.1459649429 2
0 0.855 -0.325 -0.152647456 2
0 0.855 -0.315 -0.1591944317 2
0 0.855 -0.305 -0.1656000569 2
0 0.855 -0.295 -0.171858644 2
0 0.855 -0.285 -0.1779646358 2
0 0.855 -0.275 -0.1839126108 2
0 0.855 -0.265 -0.1896972878 2
0 0.855 -0.255 -0.1953135304 2
0 0.855 -0.245 -0.200756352 2
0 0.855 -0.235 -0.2060209197 2
0 0.855 -0.225 -0.2111025592 2
0 0.855 -0.215 -0.2159967583 2
0 0.855 -0.205 -0.2206991715 2
0 0.855 -0.195 -0.2252056234 2
0 0.855 -0.185 -0.2295121128 2
0 0.855 -0.175 -0.2336148157 2
0 0.855 -0.165 -0.2375100895 2
0 0.855 -0.155 -0.2411944753 2
0 0.855 -0.145 -0.2446647019 2
0 0.855 -0.135 -0.247917688 2
0 0.855 -0.125 -0.2509505452 2
0 0.855 -0.115 -0.2537605805 2
0 0.855 -0.105 -0.2563452991 2
0 0.855 -0.095 -0.2587024057 2
0 0.855 -0.085 -0.2608298076 2
0 0.855 -0.075 -0.2627256158 2
0 0.855 -0.065 -0.264388147 2
0 0.855 -0.055 -0.2658159249 2
0 0.855 -0.045 -0.267007682 2
0 0.855 -0.035 -0.2679623599 2
0 0.855 -0.025 -0.268679111 2
0 0.855 -0.015 -0.269157299 1
0 0.855 -0.005 -0.2693964991 1
0 0.855 0.005 -0.2693964991 1
0 0.855 0.015 -0.269157299 1
0 0.855 0.025 -0.268679111 1
0 0.855 0.035 -0.2679623599 1
0 0.855 0.045 -0.267007682 1
0 0.855 0.055 -0.2658159249 1
0 0.855 0.065 -0.264388147 1
0 0.855 0.075 -0.2627256158 1
0 0.855 0.085 -0.2608298076 1
0 0.855 0.095 -0.2587024057 2
0 0.855 0.105 -0.2563452991 2
0 0.855 0.115 -0.2537605805 2
0 0.855 0.125 -0.2509505452 2
0 0.855 0.135 -0.247917688 2
0 0.855 0.145 -0.2446647019 2
0 0.855 0.155 -0.2411944753 2
0 0.855 0.165 -0.2375100895 2
0 0.855 0.175 -0.2336148157 2
0 0.855 0.185 -0.2295121128 2
0 0.855 0.195 -0.2252056234 2
0 0.855 0.205 -0.2206991715 2
0 0.855 0.215 -0.2159967583 2
0 0.855 0.225 -0.2111025592 2
0 0.855 0.235 -0.2060209197 2
0 0.855 0.245 -0.200756352 2
0 0.855 0.255 -0.1953135304 2
0 0.855 0.265 -0.1896972878 2
0 0.855 0.275 -0.1839126108 2
0 0.855 0.285 -0.1779646358 2
0 0.855 0.295 -0.171858644 2
0 0.855 0.305 -0.1656000569 2
0 0.855 0.315 -0.1591944317 2
0 0.855 0.325 -0.152647456 2
0 0.855 0.335 -0.1459649429 2
0 0.855 0.345 -0.1391528259 2
0 0.855 0.355 -0.1322171536 2
0 0.855 0.365 -0.1251640841 2
0 0.855 0.375 -0.1179998801 2
0 0.855 0.385 -0.1107309026 2
0 0.855 0.395 -0.103363606 2
0 0.855 0.405 -0.0959045316 2
0 0.855 0.415 -0.08836030253 2
0 0.855 0.425 -0.08073761735 2
0 0.855 0.435 -0.07304324434 2
0 0.855 0.445 -0.06528401542 2
0 0.855 0.455 -0.05746682008 2
0 0.855 0.465 -0.04959859931 2
0 0.855 0.475 -0.04168633939 2
0 0.855 0.485 -0.03373706571 2
0 0.855 0.495 -0.0257578365 2
0 0.855 0.505 0 2
0 0.855 0.515 0 2
0 0.855 0.525 0 2
0 0.855 0.535 0 2
0 0.855 0.545 0 2
0 0.855 0.555 0 2
0 0.855 0.565 0 2
0 0.865 -0.555 0 1
0 0.865 -0.545 0 1
0 0.865 -0.535 0 2
0 0.865 -0.525 0 2
0 0.865 -0.515 0 2
0 0.865 -0.505 0 2
0 0.865 -0.495 -0.02435722446 2
0 0.865 -0.485 -0.03190257389 2
0 0.865 -0.475 -0.03941959666 2
0 0.865 -0.465 -0.04690161832 2
0 0.865 -0.455 -0.05434199552 2
0 0.865 -0.445 -0.06173412185 2
0 0.865 -0.435 -0.06907143376 2
0 0.865 -0.425 -0.07634741638 2
0 0.865 -0.415 -0.08355560926 2
0 0.865 -0.405 -0.09068961219 2
0 0.865 -0.395 -0.09774309079 2
0 0.865 -0.385 -0.1047097822 2
0 0.865 -0.375 -0.1115835006 2
0 0.865 -0.365 -0.1183581428 2
0 0.865 -0.355 -0.1250276935 2
0 0.865 -0.345 -0.1315862307 2
0 0.865 -0.335 -0.138027931 2
0 0.865 -0.325 -0.1443470747 2
0 0.865 -0.315 -0.1505380511 2
0 0.865 -0.305 -0.156595363 2
0 0.865 -0.295 -0.1625136322 2
0 0.865 -0.285 -0.1682876037 2
0 0.865 -0.275 -0.1739121507 2
0 0.865 -0.265 -0.1793822792 2
0 0.865 -0.255 -0.1846931322 2
0 0.865 -0.245 -0.189839994 2
0 0.865 -0.235 -0.1948182948 2
0 0.865 -0.225 -0.1996236143 2
0 0.865 -0.215 -0.2042516857 2
0 0.865 -0.205 -0.2086983997 2
0 0.865 -0.195 -0.2129598082 2
0 0.865 -0.185 -0.2170321272 2
0 0.865 -0.175 -0.2209117409 2
0 0.865 -0.165 -0.2245952047 2
0 0.865 -0.155 -0.2280792478 2
0 0.865 -0.145 -0.2313607768 2
0 0.865 -0.135 -0.234436878 2
0 0.865 -0.125 -0.2373048201 2
0 0.865 -0.115 -0.2399620566 2
0 0.865 -0.105 -0.242406228 2
0 0.865 -0.095 -0.2446351643 2
0 0.865 -0.085 -0.2466468863 2
0 0.865 -0.075 -0.2484396077 2
0 0.865 -0.065 -0.2500117368 2
0 0.865 -0.055 -0.2513618777 2
0 0.865 -0.045 -0.2524888316 2
0 0.865 -0.035 -0.2533915978 2
0 0.865 -0.025 -0.2540693748 2
0 0.865 -0.015 -0.2545215607 2
0 0.865 -0.005 -0.2547477541 1
0 0.865 0.005 -0.2547477541 1
0 0.865 0.015 -0.2545215607 1
0 0.865 0.025 -0.2540693748 1
0 0.865 0.035 -0.2533915978 1
0 0.865 0.045 -0.2524888316 1
0 0.865 0.055 -0.2513618777 1
0 0.865 0.065 -0.2500117368 1
0 0.865 0.075 -0.2484396077 1
0 0.865 0.085 -0.2466468863 1
0 0.865 0.095 -0.2446351643 2
0 0.865 0.105 -0.242406228 2
0 0.865 0.115 -0.2399620566 2
0 0.865 0.125 -0.2373048201 2
0 0.865 0.135 -0.234436878 2
0 0.865 0.145 -0.2313607768 2
0 0.865 0.155 -0.2280792478 2
0 0.865 0.165 -0.2245952047 2
0 0.865 0.175 -0.2209117409 2
0 0.865 0.185 -0.2170321272 2
0 0.865 0.195 -0.2129598082 2
0 0.865 0.205 -0.2086983997 2
0 0.865 0.215 -0.2042516857 2
0 0.865 0.225 -0.1996236143 2
0 0.865 0.235 -0.1948182948 2
0 0.865 0.245 -0.189839994 2
0 0.865 0.255 -0.1846931322 2
0 0.865 0.265 -0.1793822792 2
0 0.865 0.275 -0.1739121507 2
0 0.865 0.285 -0.1682876037 2
0 0.865 0.295 -0.1625136322 2
0 0.865 0.305 -0.156595363 2
0 0.865 0.315 -0.1505380511 2
0 0.865 0.325 -0.1443470747 2
0 0.865 0.335 -0.138027931 2
0 0.865 0.345 -0.1315862307 2
0 0.865 0.355 -0.1250276935 2
0 0.865 0.365 -0.1183581428 2
0 0.865 0.375 -0.1115835006 2
0 0.865 0.385 -0.1047097822 2
0 0.865 0.395 -0.09774309079 2
0 0.865 0.405 -0.09068961219 2
0 0.865 0.415 -0.08355560926 2
0 0.865 0.425 -0.07634741638 2
0 0.865 0.435 -0.06907143376 2
0 0.865 0.445 -0.06173412185 2
0 0.865 0.455 -0.05434199552 2
0 0.865 0.465 -0.04690161832 2
0 0.865 0.475 -0.03941959666 2
0 0.865 0.485 -0.03190257389 2
0 0.865 0.495 -0.02435722446 2
0 0.865 0.505 0 2
0 0.865 0.515 0 2
0 0.865 0.525 0 2
0 0.865 0.535 0 2
0 0.865 0.545 0 2
0 0.865 0.555 0 2
0 0.865 0.565 0 2
0 0.875 -0.555 0 1
0 0.875 -0.545 0 1
0 0.875 -0.535 0 2
0 0.875 -0.525 0 2
0 0.875 -0.515 0 2
0 0.875 -0.505 0 2
0 0.875 -0.495 -0.02295099889 2
0 0.875 -0.485 -0.03006072958 2
0 0.875 -0.475 -0.03714376901 2
0 0.875 -0.465 -0.04419382808 2
0 0.875 -0.455 -0.05120464694 2
0 0.875 -0.445 -0.05817000063 2
0 0.875 -0.435 -0.06508370452 2
0 0.875 -0.425 -0.07193961987 2
0 0.875 -0.415 -0.07873165921 2
0 0.875 -0.405 -0.08545379184 2
0 0.875 -0.395 -0.09210004909 2
0 0.875 -0.385 -0.09866452967 2
0 0.875 -0.375 -0.1051414049 2
0 0.875 -0.365 -0.1115249239 2
0 0.875 -0.355 -0.1178094187 2
0 0.875 -0.345 -0.1239893092 2
0 0.875 -0.335 -0.1300591082 1
0 0.875 -0.325 -0.1360134262 1
0 0.875 -0.315 -0.1418469764 2
0 0.875 -0.305 -0.1475545791 2
0 0.875 -0.295 -0.1531311664 2
0 0.875 -0.285 -0.1585717868 2
0 0.875 -0.275 -0.1638716096 2
0 0.875 -0.265 -0.169025929 2
0 0.875 -0.255 -0.1740301683 2
0 0.875 -0.245 -0.1788798843 2
0 0.875 -0.235 -0.1835707708 2
0 0.875 -0.225 -0.1880986628 2
0 0.875 -0.215 -0.1924595399 2
0 0.875 -0.205 -0.19664953 2
0 0.875 -0.195 -0.2006649127 2
0 0.875 -0.185 -0.2045021229 2
0 0.875 -0.175 -0.2081577533 2
0 0.875 -0.165 -0.2116285582 2
0 0.875 -0.155 -0.2149114556 2
0 0.875 -0.145 -0.2180035308 2
0 0.875 -0.135 -0.2209020382 2
0 0.875 -0.125 -0.2236044042 2
0 0.875 -0.115 -0.2261082294 2
0 0.875 -0.105 -0.2284112905 2
0 0.875 -0.095 -0.2305115427 2
0 0.875 -0.085 -0.232407121 2
0 0.875 -0.075 -0.2340963426 2
0 0.875 -0.065 -0.2355777073 2
0 0.875 -0.055 -0.2368499 2
0 0.875 -0.045 -0.237911791 2
0 0.875 -0.035 -0.2387624374 2
0 0.875 -0.025 -0.239401084 2
0 0.875 -0.015 -0.2398271637 2
0 0.875 -0.005 -0.2400402982 2
0 0.875 0.005 -0.2400402982 1
0 0.875 0.015 -0.2398271637 1
0 0.875 0.025 -0.239401084 1
0 0.875 0.035 -0.2387624374 1
0 0.875 0.045 -0.237911791 1
0 0.875 0.055 -0.2368499 1
0 0.875 0.065 -0.2355777073 1
0 0.875 0.075 -0.2340963426 2
0 0.875 0.085 -0.232407121 2
0 0.875 0.095 -0.2305115427 2
0 0.875 0.105 -0.2284112905 2
0 0.875 0.115 -0.2261082294 2
0 0.875 0.125 -0.2236044042 2
0 0.875 0.135 -0.2209020382 2
0 0.875 0.145 -0.2180035308 2
0 0.875 0.155 -0.2149114556 2
0 0.875 0.165 -0.2116285582 2
0 0.875 0.175 -0.2081577533 2
0 0.875 0.185 -0.2045021229 2
0 0.875 0.195 -0.2006649127 2
0 0.875 0.205 -0.19664953 2
0 0.875 0.215 -0.1924595399 2
0 0.875 0.225 -0.1880986628 2
0 0.875 0.235 -0.1835707708 2
0 0.875 0.245 -0.1788798843 2
0 0.875 0.255 -0.1740301683 2
0 0.875 0.265 -0.169025929 2
0 0.875 0.275 -0.1638716096 2
0 0.875 0.285 -0.1585717868 2
0 0.875 0.295 -0.1531311664 2
0 0.875 0.305 -0.1475545791 2
0 0.875 0.315 -0.1418469764 2
0 0.875 0.325 -0.1360134262 2
0 0.875 0.335 -0.1300591082 2
0 0.875 0.345 -0.1239893092 2
0 0.875 0.355 -0.1178094187 2
0 0.875 0.365 -0.1115249239 2
0 0.875 0.375 -0.1051414049 2
0 0.875 0.385 -0.09866452967 2
0 0.875 0.395 -0.09210004909 2
0 0.875 0.405 -0.08545379184 2
0 0.875 0.415 -0.07873165921 2
0 0.875 0.425 -0.07193961987 2
0 0.875 0.435 -0.06508370452 2
0 0.875 0.445 -0.05817000063 2
0 0.875 0.455 -0.05120464694 2
0 0.875 0.465 -0.04419382808 2
0 0.875 0.475 -0.03714376901 2
0 0.875 0.485 -0.03006072958 2
0 0.875 0.495 -0.02295099889 2
0 0.875 0.505 0 2
0 0.875 0.515 0 2
0 0.875 0.525 0 2
0 0.875 0.535 0 2
0 0.875 0.545 0 2
0 0.875 0.555 0 2
0 0.875 0.565 0 2
0 0.885 -0.555 0 1
0 0.885 -0.545 0 1
0 0.885 -0.535 0 2
0 0.885 -0.525 0 2
0 0.885 -0.515 0 2
0 0.885 -0.505 0 2
0 0.885 -0.495 -0.02153948389 2
0 0.885 -0.485 -0.02821195729 2
0 0.885 -0.475 -0.03485938097 2
0 0.885 -0.465 -0.04147585262 2
0 0.885 -0.455 -0.0480554974 2
0 0.885 -0.445 -0.05459247316 2
0 0.885 -0.435 -0.06108097566 2
0 0.885 -0.425 -0.06751524367 2
0 0.885 -0.415 -0.07388956414 2
0 0.885 -0.405 -0.08019827724 2
0 0.885 -0.395 -0.08643578139 2
0 0.885 -0.385 -0.09259653825 2
0 0.885 -0.375 -0.0986750776 2
0 0.885 -0.365 -0.1046660022 2
0 0.885 -0.355 -0.1105639928 1
0 0.885 -0.345 -0.1163638123 1
0 0.885 -0.335 -0.1220603111 1
0 0.885 -0.325 -0.1276484311 1
0 0.885 -0.315 -0.1331232107 1
0 0.885 -0.305 -0.1384797888 1
0 0.885 -0.295 -0.143713409 1
0 0.885 -0.285 -0.1488194245 2
0 0.885 -0.275 -0.1537933016 2
0 0.885 -0.265 -0.1586306239 2
0 0.885 -0.255 -0.1633270962 2
0 0.885 -0.245 -0.1678785487 2
0 0.885 -0.235 -0.1722809398 2
0 0.885 -0.225 -0.1765303608 2
0 0.885 -0.215 -0.1806230385 2
0 0.885 -0.205 -0.184555339 2
0 0.885 -0.195 -0.1883237708 2
0 0.885 -0.185 -0.1919249877 2
0 0.885 -0.175 -0.1953557923 2
0 0.885 -0.165 -0.1986131383 2
0 0.885 -0.155 -0.2016941335 2
0 0.885 -0.145 -0.2045960422 2
0 0.885 -0.135 -0.2073162878 2
0 0.885 -0.125 -0.2098524549 2
0 0.885 -0.115 -0.2122022917 2
0 0.885 -0.105 -0.2143637117 2
0 0.885 -0.095 -0.2163347958 2
0 0.885 -0.085 -0.2181137937 2
0 0.885 -0.075 -0.219699126 2
0 0.885 -0.065 -0.221089385 2
0 0.885 -0.055 -0.2222833362 2
0 0.885 -0.045 -0.2232799196 2
0 0.885 -0.035 -0.2240782502 2
0 0.885 -0.025 -0.2246776192 2
0 0.885 -0.015 -0.2250774945 2
0 0.885 -0.005 -0.2252775209 1
0 0.885 0.005 -0.2252775209 1
0 0.885 0.015 -0.2250774945 1
0 0.885 0.025 -0.2246776192 2
0 0.885 0.035 -0.2240782502 2
0 0.885 0.045 -0.2232799196 2
0 0.885 0.055 -0.2222833362 2
0 0.885 0.065 -0.221089385 2
0 0.885 0.075 -0.219699126 2
0 0.885 0.085 -0.2181137937 2
0 0.885 0.095 -0.2163347958 2
0 0.885 0.105 -0.2143637117 2
0 0.885 0.115 -0.2122022917 2
0 0.885 0.125 -0.2098524549 2
0 0.885 0.135 -0.2073162878 2
0 0.885 0.145 -0.2045960422 2
0 0.885 0.155 -0.2016941335 2
0 0.885 0.165 -0.1986131383 2
0 0.885 0.175 -0.1953557923 2
0 0.885 0.185 -0.1919249877 2
0 0.885 0.195 -0.1883237708 2
0 0.885 0.205 -0.184555339 2
0 0.885 0.215 -0.1806230385 2
0 0.885 0.225 -0.1765303608 2
0 0.885 0.235 -0.1722809398 2
0 0.885 0.245 -0.1678785487 2
0 0.885 0.255 -0.1633270962 2
0 0.885 0.265 -0.1586306239 2
0 0.885 0.275 -0.1537933016 1
0 0.885 0.285 -0.1488194245 1
0 0.885 0.295 -0.143713409 1
0 0.885 0.305 -0.1384797888 1
0 0.885 0.315 -0.1331232107 1
0 0.885 0.325 -0.1276484311 2
0 0.885 0.335 -0.1220603111 2
0 0.885 0.345 -0.1163638123 2
0 0.885 0.355 -0.1105639928 2
0 0.885 0.365 -0.1046660022 2
0 0.885 0.375 -0.0986750776 2
0 0.885 0.385 -0.09259653825 2
0 0.885 0.395 -0.08643578139 2
0 0.885 0.405 -0.08019827724 2
0 0.885 0.415 -0.07388956414 2
0 0.885 0.425 -0.06751524367 2
0 0.885 0.435 -0.06108097566 2
0 0.885 0.445 -0.05459247316 2
0 0.885 0.455 -0.0480554974 1
0 0.885 0.465 -0.04147585262 1
0 0.885 0.475 -0.03485938097 1
0 0.885 0.485 -0.02821195729 1
0 0.885 0.495 -0.02153948389 1
0 0.885 0.505 0 2
0 0.885 0.515 0 2
0 0.885 0.525 0 2
0 0.885 0.535 0 2
0 0.885 0.545 0 2
0 0.885 0.555 0 2
0 0.885 0.565 0 2
0 0.895 -0.555 0 1
0 0.895 -0.545 0 1
0 0.895 -0.535 0 2
0 0.895 -0.525 0 2
0 0.895 -0.515 0 2
0 0.895 -0.505 0 2
0 0.895 -0.495 -0.02012300474 2
0 0.895 -0.485 -0.02635668307 2
0 0.895 -0.475 -0.032566959 2
0 0.895 -0.465 -0.03874831837 2
0 0.895 -0.455 -0.04489527267 2
0 0.895 -0.445 -0.05100236395 2
0 0.895 -0.435 -0.05706416967 2
0 0.895 -0.425 -0.06307530746 2
0 0.895 -0.415 -0.06903043999 2
0 0.895 -0.405 -0.07492427962 2
0 0.895 -0.395 -0.08075159313 2
0 0.895 -0.385 -0.08650720641 2
0 0.895 -0.375 -0.09218600897 2
0 0.895 -0.365 -0.09778295853 1
0 0.895 -0.355 -0.1032930855 1
0 0.895 -0.345 -0.1087114974 1
0 0.895 -0.335 -0.1140333832 1
0 0.895 -0.325 -0.1192540174 1
0 0.895 -0.315 -0.1243687646 1
0 0.895 -0.305 -0.1293730834 1
0 0.895 -0.295 -0.1342625305 1
0 0.895 -0.285 -0.1390327643 1
0 0.895 -0.275 -0.1436795493 1
0 0.895 -0.265 -0.1481987597 2
0 0.895 -0.255 -0.1525863828 2
0 0.895 -0.245 -0.1568385226 2
0 0.895 -0.235 -0.1609514038 2
0 0.895 -0.225 -0.1649213745 2
0 0.895 -0.215 -0.1687449096 2
0 0.895 -0.205 -0.1724186142 2
0 0.895 -0.195 -0.1759392264 2
0 0.895 -0.185 -0.1793036202 2
0 0.895 -0.175 -0.1825088083 2
0 0.895 -0.165 -0.1855519448 2
0 0.895 -0.155 -0.1884303276 2
0 0.895 -0.145 -0.1911414011 2
0 0.895 -0.135 -0.1936827579 2
0 0.895 -0.125 -0.1960521417 2
0 0.895 -0.115 -0.1982474485 2
0 0.895 -0.105 -0.2002667293 2
0 0.895 -0.095 -0.2021081909 2
0 0.895 -0.085 -0.2037701985 2
0 0.895 -0.075 -0.2052512761 2
0 0.895 -0.065 -0.2065501089 2
0 0.895 -0.055 -0.2076655436 2
0 0.895 -0.045 -0.2085965896 2
0 0.895 -0.035 -0.2093424205 2
0 0.895 -0.025 -0.2099023738 1
0 0.895 -0.015 -0.2102759525 1
0 0.895 -0.005 -0.2104628248 1
0 0.895 0.005 -0.2104628248 1
0 0.895 0.015 -0.2102759525 1
0 0.895 0.025 -0.2099023738 1
0 0.895 0.035 -0.2093424205 1
0 0.895 0.045 -0.2085965896 1
0 0.895 0.055 -0.2076655436 1
0 0.895 0.065 -0.2065501089 2
0 0.895 0.075 -0.2052512761 2
0 0.895 0.085 -0.2037701985 2
0 0.895 0.095 -0.2021081909 2
0 0.895 0.105 -0.2002667293 2
0 0.895 0.115 -0.1982474485 2
0 0.895 0.125 -0.1960521417 2
0 0.895 0.135 -0.1936827579 2
0 0.895 0.145 -0.1911414011 2
0 0.895 0.155 -0.1884303276 1
0 0.895 0.165 -0.1855519448 1
0 0.895 0.175 -0.1825088083 1
0 0.895 0.185 -0.1793036202 2
0 0.895 0.195 -0.1759392264 2
0 0.895 0.205 -0.1724186142 2
0 0.895 0.215 -0.1687449096 2
0 0.895 0.225 -0.1649213745 2
0 0.895 0.235 -0.1609514038 2
0 0.895 0.245 -0.1568385226 2
0 0.895 0.255 -0.1525863828 2
0 0.895 0.265 -0.1481987597 1
0 0.895 0.275 -0.1436795493 1
0 0.895 0.285 -0.1390327643 1
0 0.895 0.295 -0.1342625305 1
0 0.895 0.305 -0.1293730834 1
0 0.895 0.315 -0.1243687646 1
0 0.895 0.325 -0.1192540174 1
0 0.895 0.335 -0.1140333832 1
0 0.895 0.345 -0.1087114974 2
0 0.895 0.355 -0.1032930855 2
0 0.895 0.365 -0.09778295853 2
0 0.895 0.375 -0.09218600897 2
0 0.895 0.385 -0.08650720641 2
0 0.895 0.395 -0.08075159313 2
0 0.895 0.405 -0.07492427962 2
0 0.895 0.415 -0.06903043999 2
0 0.895 0.425 -0.06307530746 2
0 0.895 0.435 -0.05706416967 2
0 0.895 0.445 -0.05100236395 1
0 0.895 0.455 -0.04489527267 1
0 0.895 0.465 -0.03874831837 1
0 0.895 0.475 -0.032566959 1
0 0.895 0.485 -0.02635668307 1
0 0.895 0.495 -0.02012300474 1
0 0.895 0.505 0 1
0 0.895 0.515 0 1
0 0.895 0.525 0 2
0 0.895 0.535 0 2
0 0.895 0.545 0 2
0 0.895 0.555 0 2
0 0.895 0.565 0 2
0 0.905 -0.555 0 2
0 0.905 -0.545 0 2
0 0.905 -0.535 0 2
0 0.905 -0.525 0 2
0 0.905 -0.515 0 2
0 0.905 -0.505 0 2
0 0.905 -0.495 -0.01870188792 2
0 0.905 -0.485 -0.02449533452 2
0 0.905 -0.475 -0.03026703144 2
0 0.905 -0.465 -0.03601185392 2
0 0.905 -0.455 -0.04172470107 2
0 0.905 -0.445 -0.04740050039 2
0 0.905 -0.435 -0.05303421228 2
0 0.905 -0.425 -0.0586208345 2
0 0.905 -0.415 -0.06415540662 2
0 0.905 -0.405 -0.06963301444 2
0 0.905 -0.395 -0.07504879432 2
0 0.905 -0.385 -0.08039793754 2
0 0.905 -0.375 -0.08567569453 2
0 0.905 -0.365 -0.09087737911 1
0 0.905 -0.355 -0.09599837265 1
0 0.905 -0.345 -0.1010341282 1
0 0.905 -0.335 -0.1059801743 1
0 0.905 -0.325 -0.1108321195 1
0 0.905 -0.315 -0.1155856556 1
0 0.905 -0.305 -0.1202365619 1
0 0.905 -0.295 -0.1247807089 1
0 0.905 -0.285 -0.1292140616 1
0 0.905 -0.275 -0.1335326837 1
0 0.905 -0.265 -0.1377327407 1
0 0.905 -0.255 -0.1418105032 2
0 0.905 -0.245 -0.1457623506 2
0 0.905 -0.235 -0.1495847739 2
0 0.905 -0.225 -0.1532743793 2
0 0.905 -0.215 -0.1568278906 2
0 0.905 -0.205 -0.1602421527 2
0 0.905 -0.195 -0.163514134 2
0 0.905 -0.185 -0.1666409292 2
0 0.905 -0.175 -0.1696197621 2
0 0.905 -0.165 -0.1724479877 2
0 0.905 -0.155 -0.1751230948 2
0 0.905 -0.145 -0.1776427082 2
0 0.905 -0.135 -0.1800045906 2
0 0.905 -0.125 -0.1822066449 2
0 0.905 -0.115 -0.1842469159 2
0 0.905 -0.105 -0.186123592 2
0 0.905 -0.095 -0.1878350069 2
0 0.905 -0.085 -0.1893796409 2
0 0.905 -0.075 -0.1907561227 2
0 0.905 -0.065 -0.19196323 2
0 0.905 -0.055 -0.1929998909 2
0 0.905 -0.045 -0.1938651851 2
0 0.905 -0.035 -0.1945583442 1
0 0.905 -0.025 -0.1950787528 1
0 0.905 -0.015 -0.1954259488 1
0 0.905 -0.005 -0.1955996239 1
0 0.905 0.005 -0.1955996239 1
0 0.905 0.015 -0.1954259488 1
0 0.905 0.025 -0.1950787528 1
0 0.905 0.035 -0.1945583442 1
0 0.905 0.045 -0.1938651851 1
0 0.905 0.055 -0.1929998909 1
0 0.905 0.065 -0.19196323 1
0 0.905 0.075 -0.1907561227 2
0 0.905 0.085 -0.1893796409 2
0 0.905 0.095 -0.1878350069 2
0 0.905 0.105 -0.186123592 2
0 0.905 0.115 -0.1842469159 2
0 0.905 0.125 -0.1822066449 2
0 0.905 0.135 -0.1800045906 1
0 0.905 0.145 -0.1776427082 1
0 0.905 0.155 -0.1751230948 1
0 0.905 0.165 -0.1724479877 1
0 0.905 0.175 -0.1696197621 1
0 0.905 0.185 -0.1666409292 1
0 0.905 0.195 -0.163514134 1
0 0.905 0.205 -0.1602421527 1
0 0.905 0.215 -0.1568278906 2
0 0.905 0.225 -0.1532743793 2
0 0.905 0.235 -0.1495847739 2
0 0.905 0.245 -0.1457623506 2
0 0.905 0.255 -0.1418105032 2
0 0.905 0.265 -0.1377327407 1
0 0.905 0.275 -0.1335326837 1
0 0.905 0.285 -0.1292140616 1
0 0.905 0.295 -0.1247807089 1
0 0.905 0.305 -0.1202365619 1
0 0.905 0.315 -0.1155856556 1
0 0.905 0.325 -0.1108321195 1
0 0.905 0.335 -0.1059801743 1
0 0.905 0.345 -0.1010341282 1
0 0.905 0.355 -0.09599837265 2
0 0.905 0.365 -0.09087737911 2
0 0.905 0.375 -0.08567569453 2
0 0.905 0.385 -0.08039793754 2
0 0.905 0.395 -0.07504879432 2
0 0.905 0.405 -0.06963301444 2
0 0.905 0.415 -0.06415540662 2
0 0.905 0.425 -0.0586208345 2
0 0.905 0.435 -0.05303421228 2
0 0.905 0.445 -0.04740050039 1
0 0.905 0.455 -0.04172470107 1
0 0.905 0.465 -0.03601185392 1
0 0.905 0.475 -0.03026703144 1
0 0.905 0.485 -0.02449533452 1
0 0.905 0.495 -0.01870188792 1
0 0.905 0.505 0 1
0 0.905 0.515 0 1
0 0.905 0.525 0 1
0 0.905 0.535 0 1
0 0.905 0.545 0 1
0 0.905 0.555 0 2
0 0.905 0.565 0 2
0 0.915 -0.555 0 2
0 0.915 -0.545 0 2
0 0.915 -0.535 0 2
0 0.915 -0.525 0 2
0 0.915 -0.515 0 2
0 0.915 -0.505 0 2
0 0.915 -0.495 -0.01727646094 2
0 0.915 -0.485 -0.02262834061 2
0 0.915 -0.475 -0.02796012833 2
0 0.915 -0.465 -0.03326708994 2
0 0.915 -0.455 -0.03854451332 2
0 0.915 -0.445 -0.0437877126 2
0 0.915 -0.435 -0.04899203228 2
0 0.915 -0.425 -0.05415285139 2
0 0.915 -0.415 -0.05926558757 2
0 0.915 -0.405 -0.06432570117 2
0 0.915 -0.395 -0.06932869927 2
0 0.915 -0.385 -0.07427013963 2
0 0.915 -0.375 -0.07914563471 2
0 0.915 -0.365 -0.08395085549 1
0 0.915 -0.355 -0.08868153536 1
0 0.915 -0.345 -0.09333347391 1
0 0.915 -0.335 -0.09790254062 1
0 0.915 -0.325 -0.1023846786 1
0 0.915 -0.315 -0.106775908 1
0 0.915 -0.305 -0.1110723299 1
0 0.915 -0.295 -0.1152701295 1
0 0.915 -0.285 -0.1193655794 1
0 0.915 -0.275 -0.1233550433 1
0 0.915 -0.265 -0.1272349788 1
0 0.915 -0.255 -0.131001941 2
0 0.915 -0.245 -0.1346525851 2
0 0.915 -0.235 -0.1381836697 2
0 0.915 -0.225 -0.1415920594 2
0 0.915 -0.215 -0.144874728 2
0 0.915 -0.205 -0.1480287607 2
0 0.915 -0.195 -0.1510513569 2
0 0.915 -0.185 -0.153939833 2
0 0.915 -0.175 -0.1566916242 2
0 0.915 -0.165 -0.1593042871 2
0 0.915 -0.155 -0.161775502 2
0 0.915 -0.145 -0.1641030746 2
0 0.915 -0.135 -0.1662849382 2
0 0.915 -0.125 -0.1683191556 2
0 0.915 -0.115 -0.1702039205 2
0 0.915 -0.105 -0.1719375595 2
0 0.915 -0.095 -0.1735185331 2
0 0.915 -0.085 -0.1749454377 2
0 0.915 -0.075 -0.1762170063 2
0 0.915 -0.065 -0.1773321099 2
0 0.915 -0.055 -0.1782897582 2
0 0.915 -0.045 -0.1790891011 1
0 0.915 -0.035 -0.1797294288 1
0 0.915 -0.025 -0.1802101727 1
0 0.915 -0.015 -0.180530906 1
0 0.915 -0.005 -0.1806913439 1
0 0.915 0.005 -0.1806913439 1
0 0.915 0.015 -0.180530906 1
0 0.915 0.025 -0.1802101727 1
0 0.915 0.035 -0.1797294288 1
0 0.915 0.045 -0.1790891011 1
0 0.915 0.055 -0.1782897582 1
0 0.915 0.065 -0.1773321099 1
0 0.915 0.075 -0.1762170063 2
0 0.915 0.085 -0.1749454377 2
0 0.915 0.095 -0.1735185331 2
0 0.915 0.105 -0.1719375595 2
0 0.915 0.115 -0.1702039205 2
0 0.915 0.125 -0.1683191556 2
0 0.915 0.135 -0.1662849382 1
0 0.915 0.145 -0.1641030746 1
0 0.915 0.155 -0.161775502 1
0 0.915 0.165 -0.1593042871 1
0 0.915 0.175 -0.1566916242 1
0 0.915 0.185 -0.153939833 1
0 0.915 0.195 -0.1510513569 1
0 0.915 0.205 -0.1480287607 1
0 0.915 0.215 -0.144874728 1
0 0.915 0.225 -0.1415920594 2
0 0.915 0.235 -0.1381836697 2
0 0.915 0.245 -0.1346525851 2
0 0.915 0.255 -0.131001941 2
0 0.915 0.265 -0.1272349788 2
0 0.915 0.275 -0.1233550433 1
0 0.915 0.285 -0.1193655794 1
0 0.915 0.295 -0.1152701295 1
0 0.915 0.305 -0.1110723299 1
0 0.915 0.315 -0.106775908 1
0 0.915 0.325 -0.1023846786 1
0 0.915 0.335 -0.09790254062 1
0 0.915 0.345 -0.09333347391 1
0 0.915 0.355 -0.08868153536 1
0 0.915 0.365 -0.08395085549 2
0 0.915 0.375 -0.07914563471 2
0 0.915 0.385 -0.07427013963 2
0 0.915 0.395 -0.06932869927 2
0 0.915 0.405 -0.06432570117 2
0 0.915 0.415 -0.05926558757 2
0 0.915 0.425 -0.05415285139 2
0 0.915 0.435 -0.04899203228 2
0 0.915 0.445 -0.0437877126 1
0 0.915 0.455 -0.03854451332 1
0 0.915 0.465 -0.03326708994 1
0 0.915 0.475 -0.02796012833 1
0 0.915 0.485 -0.02262834061 1
0 0.915 0.495 -0.01727646094 1
0 0.915 0.505 0 1
0 0.915 0.515 0 1
0 0.915 0.525 0 1
0 0.915 0.535 0 1
0 0.915 0.545 0 1
0 0.915 0.555 0 1
0 0.915 0.565 0 2
0 0.925 -0.555 0 2
0 0.925 -0.545 0 2
0 0.925 -0.535 0 2
0 0.925 -0.525 0 2
0 0.925 -0.515 0 2
0 0.925 -0.505 0 2
0 0.925 -0.495 -0.0158470523 2
0 0.925 -0.485 -0.02075613162 2
0 0.925 -0.475 -0.02564678134 2
0 0.925 -0.465 -0.030514659 2
0 0.925 -0.455 -0.03535544235 2
0 0.925 -0.445 -0.0401648332 2
0 0.925 -0.435 -0.04493856125 2
0 0.925 -0.425 -0.04967238785 2
0 0.925 -0.415 -0.05436210978 2
0 0.925 -0.405 -0.05900356298 2
0 0.925 -0.395 -0.06359262626 2
0 0.925 -0.385 -0.06812522493 2
0 0.925 -0.375 -0.07259733445 2
0 0.925 -0.365 -0.07700498399 1
0 0.925 -0.355 -0.08134425993 1
0 0.925 -0.345 -0.0856113094 1
0 0.925 -0.335 -0.08980234363 1
0 0.925 -0.325 -0.09391364135 1
0 0.925 -0.315 -0.0979415521 1
0 0.925 -0.305 -0.1018824994 1
0 0.925 -0.295 -0.1057329842 1
0 0.925 -0.285 -0.1094895874 1
0 0.925 -0.275 -0.1131489736 1
0 0.925 -0.265 -0.1167078936 1
0 0.925 -0.255 -0.1201631873 2
0 0.925 -0.245 -0.1235117868 2
0 0.925 -0.235 -0.1267507187 2
0 0.925 -0.225 -0.1298771073 2
0 0.925 -0.215 -0.1328881766 2
0 0.925 -0.205 -0.135781253 2
0 0.925 -0.195 -0.1385537676 2
0 0.925 -0.185 -0.1412032588 2
0 0.925 -0.175 -0.1437273741 2
0 0.925 -0.165 -0.1461238722 2
0 0.925 -0.155 -0.1483906253 2
0 0.925 -0.145 -0.1505256207 2
0 0.925 -0.135 -0.1525269627 2
0 0.925 -0.125 -0.1543928743 2
0 0.925 -0.115 -0.1561216988 2
0 0.925 -0.105 -0.157711901 2
0 0.925 -0.095 -0.1591620691 2
0 0.925 -0.085 -0.1604709154 2
0 0.925 -0.075 -0.1616372778 2
0 0.925 -0.065 -0.1626601206 2
0 0.925 -0.055 -0.1635385357 2
0 0.925 -0.045 -0.1642717431 1
0 0.925 -0.035 -0.1648590918 1
0 0.925 -0.025 -0.1653000602 1
0 0.925 -0.015 -0.1655942569 1
0 0.925 -0.005 -0.1657414205 1
0 0.925 0.005 -0.1657414205 1
0 0.925 0.015 -0.1655942569 1
0 0.925 0.025 -0.1653000602 1
0 0.925 0.035 -0.1648590918 1
0 0.925 0.045 -0.1642717431 1
0 0.925 0.055 -0.1635385357 1
0 0.925 0.065 -0.1626601206 1
0 0.925 0.075 -0.1616372778 2
0 0.925 0.085 -0.1604709154 2
0 0.925 0.095 -0.1591620691 2
0 0.925 0.105 -0.157711901 2
0 0.925 0.115 -0.1561216988 2
0 0.925 0.125 -0.1543928743 2
0 0.925 0.135 -0.1525269627 1
0 0.925 0.145 -0.1505256207 1
0 0.925 0.155 -0.1483906253 1
0 0.925 0.165 -0.1461238722 1
0 0.925 0.175 -0.1437273741 1
0 0.925 0.185 -0.1412032588 1
0 0.925 0.195 -0.1385537676 1
0 0.925 0.205 -0.135781253 1
0 0.925 0.215 -0.1328881766 1
0 0.925 0.225 -0.1298771073 1
0 0.925 0.235 -0.1267507187 2
0 0.925 0.245 -0.1235117868 2
0 0.925 0.255 -0.1201631873 2
0 0.925 0.265 -0.1167078936 2
0 0.925 0.275 -0.1131489736 1
0 0.925 0.285 -0.1094895874 1
0 0.925 0.295 -0.1057329842 1
0 0.925 0.305 -0.1018824994 1
0 0.925 0.315 -0.0979415521 1
0 0.925 0.325 -0.09391364135 1
0 0.925 0.335 -0.08980234363 1
0 0.925 0.345 -0.0856113094 1
0 0.925 0.355 -0.08134425993 1
0 0.925 0.365 -0.07700498399 2
0 0.925 0.375 -0.07259733445 2
0 0.925 0.385 -0.06812522493 2
0 0.925 0.395 -0.06359262626 2
0 0.925 0.405 -0.05900356298 2
0 0.925 0.415 -0.05436210978 2
0 0.925 0.425 -0.04967238785 2
0 0.925 0.435 -0.04493856125 2
0 0.925 0.445 -0.0401648332 2
0 0.925 0.455 -0.03535544235 1
0 0.925 0.465 -0.030514659 1
0 0.925 0.475 -0.02564678134 1
0 0.925 0.485 -0.02075613162 1
0 0.925 0.495 -0.0158470523 1
0 0.925 0.505 0 1
0 0.925 0.515 0 1
0 0.925 0.525 0 1
0 0.925 0.535 0 1
0 0.925 0.545 0 1
0 0.925 0.555 0 1
0 0.925 0.565 0 1
0 0.935 -0.555 0 2
0 0.935 -0.545 0 2
0 0.935 -0.535 0 2
0 0.935 -0.525 0 2
0 0.935 -0.515 0 2
0 0.935 -0.505 0 2
0 0.935 -0.495 -0.01441399145 2
0 0.935 -0.485 -0.01887913904 2
0 0.935 -0.475 -0.02332752363 2
0 0.935 -0.465 -0.02775519545 2
0 0.935 -0.455 -0.03215822312 2
0 0.935 -0.445 -0.03653269714 2
0 0.935 -0.435 -0.04087473338 2
0 0.935 -0.425 -0.04518047648 2
0 0.935 -0.415 -0.04944610333 2
0 0.935 -0.405 -0.05366782643 2
0 0.935 -0.395 -0.05784189726 2
0 0.935 -0.385 -0.06196460963 2
0 0.935 -0.375 -0.06603230293 2
0 0.935 -0.365 -0.0700413654 2
0 0.935 -0.355 -0.07398823737 1
0 0.935 -0.345 -0.07786941434 1
0 0.935 -0.335 -0.0816814502 1
0 0.935 -0.325 -0.08542096018 1
0 0.935 -0.315 -0.08908462393 1
0 0.935 -0.305 -0.09266918844 1
0 0.935 -0.295 -0.09617147095 1
0 0.935 -0.285 -0.09958836173 1
0 0.935 -0.275 -0.1029168269 1
0 0.935 -0.265 -0.106153911 1
0 0.935 -0.255 -0.1092967399 2
0 0.935 -0.245 -0.1123425231 2
0 0.935 -0.235 -0.115288556 2
0 0.935 -0.225 -0.1181322229 2
0 0.935 -0.215 -0.1208709989 2
0 0.935 -0.205 -0.1235024522 2
0 0.935 -0.195 -0.1260242463 2
0 0.935 -0.185 -0.128434142 2
0 0.935 -0.175 -0.1307299996 2
0 0.935 -0.165 -0.1329097806 2
0 0.935 -0.155 -0.1349715495 2
0 0.935 -0.145 -0.1369134757 2
0 0.935 -0.135 -0.1387338348 2
0 0.935 -0.125 -0.1404310107 2
0 0.935 -0.115 -0.1420034962 2
0 0.935 -0.105 -0.1434498953 2
0 0.935 -0.095 -0.1447689236 2
0 0.935 -0.085 -0.1459594099 2
0 0.935 -0.075 -0.1470202973 2
0 0.935 -0.065 -0.1479506437 2
0 0.935 -0.055 -0.148749623 1
0 0.935 -0.045 -0.1494165259 1
0 0.935 -0.035 -0.1499507602 1
0 0.935 -0.025 -0.1503518515 1
0 0.935 -0.015 -0.1506194437 1
0 0.935 -0.005 -0.1507532993 1
0 0.935 0.005 -0.1507532993 1
0 0.935 0.015 -0.1506194437 1
0 0.935 0.025 -0.1503518515 1
0 0.935 0.035 -0.1499507602 1
0 0.935 0.045 -0.1494165259 1
0 0.935 0.055 -0.148749623 1
0 0.935 0.065 -0.1479506437 1
0 0.935 0.075 -0.1470202973 2
0 0.935 0.085 -0.1459594099 2
0 0.935 0.095 -0.1447689236 2
0 0.935 0.105 -0.1434498953 2
0 0.935 0.115 -0.1420034962 2
0 0.935 0.125 -0.1404310107 2
0 0.935 0.135 -0.1387338348 1
0 0.935 0.145 -0.1369134757 1
0 0.935 0.155 -0.1349715495 1
0 0.935 0.165 -0.1329097806 1
0 0.935 0.175 -0.1307299996 1
0 0.935 0.185 -0.128434142 1
0 0.935 0.195 -0.1260242463 1
0 0.935 0.205 -0.1235024522 1
0 0.935 0.215 -0.1208709989 1
0 0.935 0.225 -0.1181322229 1
0 0.935 0.235 -0.115288556 1
0 0.935 0.245 -0.1123425231 2
0 0.935 0.255 -0.1092967399 2
0 0.935 0.265 -0.106153911 2
0 0.935 0.275 -0.1029168269 1
0 0.935 0.285 -0.09958836173 1
0 0.935 0.295 -0.09617147095 1
0 0.935 0.305 -0.09266918844 1
0 0.935 0.315 -0.08908462393 1
0 0.935 0.325 -0.08542096018 1
0 0.935 0.335 -0.0816814502 1
0 0.935 0.345 -0.07786941434 1
0 0.935 0.355 -0.07398823737 1
0 0.935 0.365 -0.0700413654 2
0 0.935 0.375 -0.06603230293 2
0 0.935 0.385 -0.06196460963 2
0 0.935 0.395 -0.05784189726 2
0 0.935 0.405 -0.05366782643 2
0 0.935 0.415 -0.04944610333 2
0 0.935 0.425 -0.04518047648 2
0 0.935 0.435 -0.04087473338 2
0 0.935 0.445 -0.03653269714 2
0 0.935 0.455 -0.03215822312 1
0 0.935 0.465 -0.02775519545 1
0 0.935 0.475 -0.02332752363 1
0 0.935 0.485 -0.01887913904 1
0 0.935 0.495 -0.01441399145 1
0 0.935 0.505 0 1
0 0.935 0.515 0 1
0 0.935 0.525 0 1
0 0.935 0.535 0 1
0 0.935 0.545 0 1
0 0.935 0.555 0 1
0 0.935 0.565 0 1
0 0.945 -0.555 0 2
0 0.945 -0.545 0 2
0 0.945 -0.535 0 2
0 0.945 -0.525 0 2
0 0.945 -0.515 0 2
0 0.945 -0.505 0 2
0 0.945 -0.495 -0.01297760865 2
0 0.945 -0.485 -0.01699779544 2
0 0.945 -0.475 -0.0210028897 2
0 0.945 -0.465 -0.02498933525 2
0 0.945 -0.455 -0.0289535925 2
0 0.945 -0.445 -0.03289214152 2
0 0.945 -0.435 -0.03680148524 2
0 0.945 -0.425 -0.04067815252 2
0 0.945 -0.415 -0.0445187012 2
0 0.945 -0.405 -0.04831972123 2
0 0.945 -0.395 -0.05207783764 2
0 0.945 -0.385 -0.05578971356 2
0 0.945 -0.375 -0.05945205316 2
0 0.945 -0.365 -0.06306160462 2
0 0.945 -0.355 -0.06661516298 2
0 0.945 -0.345 -0.07010957298 2
0 0.945 -0.335 -0.07354173191 1
0 0.945 -0.325 -0.07690859231 1
0 0.945 -0.315 -0.08020716472 1
0 0.945 -0.305 -0.08343452028 1
0 0.945 -0.295 -0.0865877934 1
0 0.945 -0.285 -0.08966418424 1
0 0.945 -0.275 -0.09266096126 1
0 0.945 -0.265 -0.09557546356 2
0 0.945 -0.255 -0.09840510335 2
0 0.945 -0.245 -0.1011473681 2
0 0.945 -0.235 -0.103799823 2
0 0.945 -0.225 -0.1063601129 2
0 0.945 -0.215 -0.1088259645 2
0 0.945 -0.205 -0.1111951882 2
0 0.945 -0.195 -0.1134656805 2
0 0.945 -0.185 -0.1156354254 2
0 0.945 -0.175 -0.1177024962 2
0 0.945 -0.165 -0.1196650577 2
0 0.945 -0.155 -0.1215213673 2
0 0.945 -0.145 -0.1232697767 2
0 0.945 -0.135 -0.1249087334 2
0 0.945 -0.125 -0.1264367823 2
0 0.945 -0.115 -0.1278525666 2
0 0.945 -0.105 -0.1291548291 2
0 0.945 -0.095 -0.1303424136 2
0 0.945 -0.085 -0.1314142656 2
0 0.945 -0.075 -0.1323694335 2
0 0.945 -0.065 -0.133207069 2
0 0.945 -0.055 -0.1339264285 1
0 0.945 -0.045 -0.1345268732 1
0 0.945 -0.035 -0.13500787 1
0 0.945 -0.025 -0.1353689917 1
0 0.945 -0.015 -0.1356099179 1
0 0.945 -0.005 -0.1357304344 1
0 0.945 0.005 -0.1357304344 1
0 0.945 0.015 -0.1356099179 1
0 0.945 0.025 -0.1353689917 1
0 0.945 0.035 -0.13500787 1
0 0.945 0.045 -0.1345268732 1
0 0.945 0.055 -0.1339264285 1
0 0.945 0.065 -0.133207069 1
0 0.945 0.075 -0.1323694335 2
0 0.945 0.085 -0.1314142656 2
0 0.945 0.095 -0.1303424136 2
0 0.945 0.105 -0.1291548291 2
0 0.945 0.115 -0.1278525666 2
0 0.945 0.125 -0.1264367823 2
0 0.945 0.135 -0.1249087334 2
0 0.945 0.145 -0.1232697767 1
0 0.945 0.155 -0.1215213673 1
0 0.945 0.165 -0.1196650577 1
0 0.945 0.175 -0.1177024962 1
0 0.945 0.185 -0.1156354254 1
0 0.945 0.195 -0.1134656805 1
0 0.945 0.205 -0.1111951882 1
0 0.945 0.215 -0.1088259645 1
0 0.945 0.225 -0.1063601129 1
0 0.945 0.235 -0.103799823 1
0 0.945 0.245 -0.1011473681 2
0 0.945 0.255 -0.09840510335 2
0 0.945 0.265 -0.09557546356 2
0 0.945 0.275 -0.09266096126 2
0 0.945 0.285 -0.08966418424 1
0 0.945 0.295 -0.0865877934 1
0 0.945 0.305 -0.08343452028 1
0 0.945 0.315 -0.08020716472 1
0 0.945 0.325 -0.07690859231 1
0 0.945 0.335 -0.07354173191 1
0 0.945 0.345 -0.07010957298 1
0 0.945 0.355 -0.06661516298 1
0 0.945 0.365 -0.06306160462 1
0 0.945 0.375 -0.05945205316 2
0 0.945 0.385 -0.05578971356 2
0 0.945 0.395 -0.05207783764 2
0 0.945 0.405 -0.04831972123 2
0 0.945 0.415 -0.0445187012 2
0 0.945 0.425 -0.04067815252 2
0 0.945 0.435 -0.03680148524 2
0 0.945 0.445 -0.03289214152 2
0 0.945 0.455 -0.0289535925 2
0 0.945 0.465 -0.02498933525 1
0 0.945 0.475 -0.0210028897 1
0 0.945 0.485 -0.01699779544 1
0 0.945 0.495 -0.01297760865 1
0 0.945 0.505 0 1
0 0.945 0.515 0 1
0 0.945 0.525 0 1
0 0.945 0.535 0 1
0 0.945 0.545 0 1
0 0.945 0.555 0 1
0 0.945 0.565 0 1
0 0.955 -0.555 0 2
0 0.955 -0.545 0 2
0 0.955 -0.535 0 2
0 0.955 -0.525 0 2
0 0.955 -0.515 0 2
0 0.955 -0.505 0 2
0 0.955 -0.495 -0.01153823495 2
0 0.955 -0.485 -0.01511253442 2
0 0.955 -0.475 -0.0186734153 2
0 0.955 -0.465 -0.02221771585 2
0 0.955 -0.455 -0.02574228903 2
0 0.955 -0.445 -0.02924400535 2
0 0.955 -0.435 -0.03271975559 2
0 0.955 -0.425 -0.03616645359 2
0 0.955 -0.415 -0.039581039 2
0 0.955 -0.405 -0.04296047995 2
0 0.955 -0.395 -0.04630177582 2
0 0.955 -0.385 -0.04960195982 2
0 0.955 -0.375 -0.05285810168 2
0 0.955 -0.365 -0.05606731024 2
0 0.955 -0.355 -0.05922673601 2
0 0.955 -0.345 -0.0623335737 2
0 0.955 -0.335 -0.06538506471 2
0 0.955 -0.325 -0.06837849959 2
0 0.955 -0.315 -0.07131122043 2
0 0.955 -0.305 -0.07418062324 1
0 0.955 -0.295 -0.07698416024 1
0 0.955 -0.285 -0.07971934215 2
0 0.955 -0.275 -0.08238374036 2
0 0.955 -0.265 -0.08497498913 2
0 0.955 -0.255 -0.08749078765 2
0 0.955 -0.245 -0.08992890212 2
0 0.955 -0.235 -0.09228716771 2
0 0.955 -0.225 -0.09456349049 2
0 0.955 -0.215 -0.09675584929 2
0 0.955 -0.205 -0.09886229748 2
0 0.955 -0.195 -0.1008809647 2
0 0.955 -0.185 -0.1028100587 2
0 0.955 -0.175 -0.1046478664 2
0 0.955 -0.165 -0.1063927561 2
0 0.955 -0.155 -0.1080431784 2
0 0.955 -0.145 -0.1095976681 2
0 0.955 -0.135 -0.1110548447 2
0 0.955 -0.125 -0.1124134145 2
0 0.955 -0.115 -0.1136721712 2
0 0.955 -0.105 -0.1148299971 2
0 0.955 -0.095 -0.1158858641 2
0 0.955 -0.085 -0.1168388348 2
0 0.955 -0.075 -0.1176880629 2
0 0.955 -0.065 -0.1184327945 2
0 0.955 -0.055 -0.1190723684 1
0 0.955 -0.045 -0.1196062165 1
0 0.955 -0.035 -0.1200338649 1
0 0.955 -0.025 -0.1203549339 1
0 0.955 -0.015 -0.1205691384 1
0 0.955 -0.005 -0.1206762883 1
0 0.955 0.005 -0.1206762883 1
0 0.955 0.015 -0.1205691384 1
0 0.955 0.025 -0.1203549339 1
0 0.955 0.035 -0.1200338649 1
0 0.955 0.045 -0.1196062165 1
0 0.955 0.055 -0.1190723684 1
0 0.955 0.065 -0.1184327945 1
0 0.955 0.075 -0.1176880629 2
0 0.955 0.085 -0.1168388348 2
0 0.955 0.095 -0.1158858641 2
0 0.955 0.105 -0.1148299971 2
0 0.955 0.115 -0.1136721712 2
0 0.955 0.125 -0.1124134145 2
0 0.955 0.135 -0.1110548447 2
0 0.955 0.145 -0.1095976681 2
0 0.955 0.155 -0.1080431784 1
0 0.955 0.165 -0.1063927561 1
0 0.955 0.175 -0.1046478664 1
0 0.955 0.185 -0.1028100587 1
0 0.955 0.195 -0.1008809647 1
0 0.955 0.205 -0.09886229748 1
0 0.955 0.215 -0.09675584929 1
0 0.955 0.225 -0.09456349049 1
0 0.955 0.235 -0.09228716771 1
0 0.955 0.245 -0.08992890212 2
0 0.955 0.255 -0.08749078765 2
0 0.955 0.265 -0.08497498913 2
0 0.955 0.275 -0.08238374036 2
0 0.955 0.285 -0.07971934215 2
0 0.955 0.295 -0.07698416024 1
0 0.955 0.305 -0.07418062324 1
0 0.955 0.315 -0.07131122043 1
0 0.955 0.325 -0.06837849959 1
0 0.955 0.335 -0.06538506471 1
0 0.955 0.345 -0.0623335737 1
0 0.955 0.355 -0.05922673601 1
0 0.955 0.365 -0.05606731024 1
0 0.955 0.375 -0.05285810168 2
0 0.955 0.385 -0.04960195982 2
0 0.955 0.395 -0.04630177582 2
0 0.955 0.405 -0.04296047995 2
0 0.955 0.415 -0.039581039 2
0 0.955 0.425 -0.03616645359 2
0 0.955 0.435 -0.03271975559 2
0 0.955 0.445 -0.02924400535 2
0 0.955 0.455 -0.02574228903 2
0 0.955 0.465 -0.02221771585 2
0 0.955 0.475 -0.0186734153 1
0 0.955 0.485 -0.01511253442 1
0 0.955 0.495 -0.01153823495 1
0 0.955 0.505 0 1
0 0.955 0.515 0 1
0 0.955 0.525 0 1
0 0.955 0.535 0 1
0 0.955 0.545 0 1
0 0.955 0.555 0 1
0 0.955 0.565 0 1
0 0.965 -0.555 0 2
0 0.965 -0.545 0 2
0 0.965 -0.535 0 2
0 0.965 -0.525 0 2
0 0.965 -0.515 0 2
0 0.965 -0.505 0 2
0 0.965 -0.495 -0.01009620207 2
0 0.965 -0.485 -0.01322379046 2
0 0.965 -0.475 -0.0163396373 2
0 0.965 -0.465 -0.019440976 2
0 0.965 -0.455 -0.02252505283 2
0 0.965 -0.445 -0.02558912942 2
0 0.965 -0.435 -0.02863048513 2
0 0.965 -0.425 -0.03164641951 2
0 0.965 -0.415 -0.03463425468 2
0 0.965 -0.405 -0.03759133771 2
0 0.965 -0.395 -0.04051504297 2
0 0.965 -0.385 -0.04340277447 2
0 0.965 -0.375 -0.04625196816 2
0 0.965 -0.365 -0.04906009421 2
0 0.965 -0.355 -0.05182465926 2
0 0.965 -0.345 -0.0545432086 2
0 0.965 -0.335 -0.05721332843 2
0 0.965 -0.325 -0.05983264789 2
0 0.965 -0.315 -0.06239884128 2
0 0.965 -0.305 -0.06490963004 2
0 0.965 -0.295 -0.06736278481 2
0 0.965 -0.285 -0.06975612741 2
0 0.965 -0.275 -0.07208753276 2
0 0.965 -0.265 -0.07435493079 2
0 0.965 -0.255 -0.07655630824 2
0 0.965 -0.245 -0.07868971048 2
0 0.965 -0.235 -0.08075324325 2
0 0.965 -0.225 -0.08274507431 2
0 0.965 -0.215 -0.0846634351 2
0 0.965 -0.205 -0.08650662227 2
0 0.965 -0.195 -0.08827299924 2
0 0.965 -0.185 -0.08996099763 2
0 0.965 -0.175 -0.09156911864 2
0 0.965 -0.165 -0.0930959344 2
0 0.965 -0.155 -0.09454008925 2
0 0.965 -0.145 -0.09590030088 2
0 0.965 -0.135 -0.09717536157 2
0 0.965 -0.125 -0.09836413916 2
0 0.965 -0.115 -0.09946557814 2
0 0.965 -0.105 -0.1004787005 2
0 0.965 -0.095 -0.1014026067 2
0 0.965 -0.085 -0.1022364764 2
0 0.965 -0.075 -0.1029795692 2
0 0.965 -0.065 -0.1036312253 2
0 0.965 -0.055 -0.104190866 1
0 0.965 -0.045 -0.1046579945 1
0 0.965 -0.035 -0.105032196 1
0 0.965 -0.025 -0.1053131383 1
0 0.965 -0.015 -0.1055005718 1
0 0.965 -0.005 -0.1055943302 1
0 0.965 0.005 -0.1055943302 1
0 0.965 0.015 -0.1055005718 1
0 0.965 0.025 -0.1053131383 1
0 0.965 0.035 -0.105032196 1
0 0.965 0.045 -0.1046579945 1
0 0.965 0.055 -0.104190866 1
0 0.965 0.065 -0.1036312253 1
0 0.965 0.075 -0.1029795692 2
0 0.965 0.085 -0.1022364764 2
0 0.965 0.095 -0.1014026067 2
0 0.965 0.105 -0.1004787005 2
0 0.965 0.115 -0.09946557814 2
0 0.965 0.125 -0.09836413916 2
0 0.965 0.135 -0.09717536157 2
0 0.965 0.145 -0.09590030088 2
0 0.965 0.155 -0.09454008925 2
0 0.965 0.165 -0.0930959344 1
0 0.965 0.175 -0.09156911864 1
0 0.965 0.185 -0.08996099763 1
0 0.965 0.195 -0.08827299924 1
0 0.965 0.205 -0.08650662227 1
0 0.965 0.215 -0.0846634351 1
0 0.965 0.225 -0.08274507431 1
0 0.965 0.235 -0.08075324325 1
0 0.965 0.245 -0.07868971048 2
0 0.965 0.255 -0.07655630824 2
0 0.965 0.265 -0.07435493079 2
0 0.965 0.275 -0.07208753276 2
0 0.965 0.285 -0.06975612741 2
0 0.965 0.295 -0.06736278481 2
0 0.965 0.305 -0.06490963004 2
0 0.965 0.315 -0.06239884128 1
0 0.965 0.325 -0.05983264789 1
0 0.965 0.335 -0.05721332843 1
0 0.965 0.345 -0.0545432086 1
0 0.965 0.355 -0.05182465926 1
0 0.965 0.365 -0.04906009421 2
0 0.965 0.375 -0.04625196816 2
0 0.965 0.385 -0.04340277447 2
0 0.965 0.395 -0.04051504297 2
0 0.965 0.405 -0.03759133771 2
0 0.965 0.415 -0.03463425468 2
0 0.965 0.425 -0.03164641951 2
0 0.965 0.435 -0.02863048513 2
0 0.965 0.445 -0.02558912942 2
0 0.965 0.455 -0.02252505283 2
0 0.965 0.465 -0.019440976 2
0 0.965 0.475 -0.0163396373 2
0 0.965 0.485 -0.01322379046 2
0 0.965 0.495 -0.01009620207 1
0 0.965 0.505 0 1
0 0.965 0.515 0 1
0 0.965 0.525 0 1
0 0.965 0.535 0 1
0 0.965 0.545 0 1
0 0.965 0.555 0 1
0 0.965 0.565 0 1
0 0.975 -0.555 0 2
0 0.975 -0.545 0 2
0 0.975 -0.535 0 1
0 0.975 -0.525 0 1
0 0.975 -0.515 0 1
0 0.975 -0.505 0 1
0 0.975 -0.495 -0.008651842354 1
0 0.975 -0.485 -0.01133199886 2
0 0.975 -0.475 -0.01400209357 2
0 0.975 -0.465 -0.01665975565 2
0 0.975 -0.455 -0.01930262535 2
0 0.975 -0.445 -0.02192835604 2
0 0.975 -0.435 -0.02453461629 2
0 0.975 -0.425 -0.02711909198 2
0 0.975 -0.415 -0.02967948833 2
0 0.975 -0.405 -0.03221353192 2
0 0.975 -0.395 -0.03471897276 2
0 0.975 -0.385 -0.03719358624 2
0 0.975 -0.375 -0.03963517511 2
0 0.975 -0.365 -0.04204157147 2
0 0.975 -0.355 -0.04441063865 2
0 0.975 -0.345 -0.04674027312 2
0 0.975 -0.335 -0.04902840638 2
0 0.975 -0.325 -0.05127300677 2
0 0.975 -0.315 -0.05347208128 2
0 0.975 -0.305 -0.05562367733 2
0 0.975 -0.295 -0.0577258845 2
0 0.975 -0.285 -0.0597768362 2
0 0.975 -0.275 -0.06177471139 2
0 0.975 -0.265 -0.06371773611 2
0 0.975 -0.255 -0.06560418515 2
0 0.975 -0.245 -0.06743238349 2
0 0.975 -0.235 -0.06920070787 2
0 0.975 -0.225 -0.07090758816 2
0 0.975 -0.215 -0.07255150881 2
0 0.975 -0.205 -0.07413101016 2
0 0.975 -0.195 -0.07564468976 2
0 0.975 -0.185 -0.07709120359 2
0 0.975 -0.175 -0.07846926728 2
0 0.975 -0.165 -0.07977765723 2
0 0.975 -0.155 -0.0810152117 2
0 0.975 -0.145 -0.08218083186 2
0 0.975 -0.135 -0.08327348274 2
0 0.975 -0.125 -0.08429219416 2
0 0.975 -0.115 -0.08523606159 2
0 0.975 -0.105 -0.08610424697 2
0 0.975 -0.095 -0.08689597943 2
0 0.975 -0.085 -0.08761055598 2
0 0.975 -0.075 -0.08824734212 2
0 0.975 -0.065 -0.08880577247 2
0 0.975 -0.055 -0.08928535118 1
0 0.975 -0.045 -0.08968565242 1
0 0.975 -0.035 -0.09000632077 1
0 0.975 -0.025 -0.0902470715 1
0 0.975 -0.015 -0.09040769084 1
0 0.975 -0.005 -0.09048803618 1
0 0.975 0.005 -0.09048803618 1
0 0.975 0.015 -0.09040769084 1
0 0.975 0.025 -0.0902470715 1
0 0.975 0.035 -0.09000632077 1
0 0.975 0.045 -0.08968565242 1
0 0.975 0.055 -0.08928535118 1
0 0.975 0.065 -0.08880577247 2
0 0.975 0.075 -0.08824734212 2
0 0.975 0.085 -0.08761055598 2
0 0.975 0.095 -0.08689597943 2
0 0.975 0.105 -0.08610424697 2
0 0.975 0.115 -0.08523606159 2
0 0.975 0.125 -0.08429219416 2
0 0.975 0.135 -0.08327348274 2
0 0.975 0.145 -0.08218083186 2
0 0.975 0.155 -0.0810152117 2
0 0.975 0.165 -0.07977765723 2
0 0.975 0.175 -0.07846926728 2
0 0.975 0.185 -0.07709120359 2
0 0.975 0.195 -0.07564468976 1
0 0.975 0.205 -0.07413101016 1
0 0.975 0.215 -0.07255150881 1
0 0.975 0.225 -0.07090758816 2
0 0.975 0.235 -0.06920070787 2
0 0.975 0.245 -0.06743238349 2
0 0.975 0.255 -0.06560418515 2
0 0.975 0.265 -0.06371773611 2
0 0.975 0.275 -0.06177471139 2
0 0.975 0.285 -0.0597768362 2
0 0.975 0.295 -0.0577258845 2
0 0.975 0.305 -0.05562367733 2
0 0.975 0.315 -0.05347208128 2
0 0.975 0.325 -0.05127300677 2
0 0.975 0.335 -0.04902840638 2
0 0.975 0.345 -0.04674027312 2
0 0.975 0.355 -0.04441063865 2
0 0.975 0.365 -0.04204157147 2
0 0.975 0.375 -0.03963517511 1
0 0.975 0.385 -0.03719358624 1
0 0.975 0.395 -0.03471897276 1
0 0.975 0.405 -0.03221353192 2
0 0.975 0.415 -0.02967948833 2
0 0.975 0.425 -0.02711909198 2
0 0.975 0.435 -0.02453461629 2
0 0.975 0.445 -0.02192835604 2
0 0.975 0.455 -0.01930262535 2
0 0.975 0.465 -0.01665975565 2
0 0.975 0.475 -0.01400209357 2
0 0.975 0.485 -0.01133199886 2
0 0.975 0.495 -0.008651842354 2
0 0.975 0.505 0 2
0 0.975 0.515 0 1
0 0.975 0.525 0 1
0 0.975 0.535 0 1
0 0.975 0.545 0 1
0 0.975 0.555 0 1
0 0.975 0.565 0 1
0 0.985 -0.555 0 2
0 0.985 -0.545 0 1
0 0.985 -0.535 0 1
0 0.985 -0.525 0 1
0 0.985 -0.515 0 1
0 0.985 -0.505 0 1
0 0.985 -0.495 -0.007205488675 1
0 0.985 -0.485 -0.009437595617 1
0 0.985 -0.475 -0.01166132281 1
0 0.985 -0.465 -0.01387469579 2
0 0.985 -0.455 -0.01607574927 2
0 0.985 -0.445 -0.01826252891 2
0 0.985 -0.435 -0.02043309304 2
0 0.985 -0.425 -0.02258551441 2
0 0.985 -0.415 -0.02471788184 2
0 0.985 -0.405 -0.02682830199 2
0 0.985 -0.395 -0.02891490099 2
0 0.985 -0.385 -0.03097582612 2
0 0.985 -0.375 -0.03300924748 2
0 0.985 -0.365 -0.03501335955 2
0 0.985 -0.355 -0.03698638286 2
0 0.985 -0.345 -0.03892656556 2
0 0.985 -0.335 -0.04083218492 2
0 0.985 -0.325 -0.04270154892 2
0 0.985 -0.315 -0.04453299775 2
0 0.985 -0.305 -0.04632490522 2
0 0.985 -0.295 -0.04807568029 2
0 0.985 -0.285 -0.04978376843 2
0 0.985 -0.275 -0.051447653 2
0 0.985 -0.265 -0.05306585663 2
0 0.985 -0.255 -0.05463694248 2
0 0.985 -0.245 -0.05615951559 2
0 0.985 -0.235 -0.05763222403 2
0 0.985 -0.225 -0.05905376017 2
0 0.985 -0.215 -0.06042286182 2
0 0.985 -0.205 -0.06173831333 2
0 0.985 -0.195 -0.0629989467 2
0 0.985 -0.185 -0.06420364261 2
0 0.985 -0.175 -0.06535133138 2
0 0.985 -0.165 -0.06644099397 2
0 0.985 -0.155 -0.06747166285 2
0 0.985 -0.145 -0.0684424229 2
0 0.985 -0.135 -0.06935241214 2
0 0.985 -0.125 -0.07020082261 2
0 0.985 -0.115 -0.07098690098 2
0 0.985 -0.105 -0.07170994928 2
0 0.985 -0.095 -0.07236932552 2
0 0.985 -0.085 -0.07296444422 2
0 0.985 -0.075 -0.07349477697 2
0 0.985 -0.065 -0.07395985289 2
0 0.985 -0.055 -0.07435925903 2
0 0.985 -0.045 -0.07469264075 1
0 0.985 -0.035 -0.07495970204 1
0 0.985 -0.025 -0.07516020576 1
0 0.985 -0.015 -0.0752939739 2
0 0.985 -0.005 -0.07536088768 2
0 0.985 0.005 -0.07536088768 1
0 0.985 0.015 -0.0752939739 1
0 0.985 0.025 -0.07516020576 1
0 0.985 0.035 -0.07495970204 1
0 0.985 0.045 -0.07469264075 1
0 0.985 0.055 -0.07435925903 1
0 0.985 0.065 -0.07395985289 2
0 0.985 0.075 -0.07349477697 2
0 0.985 0.085 -0.07296444422 2
0 0.985 0.095 -0.07236932552 2
0 0.985 0.105 -0.07170994928 2
0 0.985 0.115 -0.07098690098 2
0 0.985 0.125 -0.07020082261 2
0 0.985 0.135 -0.06935241214 2
0 0.985 0.145 -0.0684424229 2
0 0.985 0.155 -0.06747166285 2
0 0.985 0.165 -0.06644099397 2
0 0.985 0.175 -0.06535133138 2
0 0.985 0.185 -0.06420364261 2
0 0.985 0.195 -0.0629989467 2
0 0.985 0.205 -0.06173831333 2
0 0.985 0.215 -0.06042286182 2
0 0.985 0.225 -0.05905376017 2
0 0.985 0.235 -0.05763222403 2
0 0.985 0.245 -0.05615951559 2
0 0.985 0.255 -0.05463694248 2
0 0.985 0.265 -0.05306585663 2
0 0.985 0.275 -0.051447653 2
0 0.985 0.285 -0.04978376843 2
0 0.985 0.295 -0.04807568029 2
0 0.985 0.305 -0.04632490522 2
0 0.985 0.315 -0.04453299775 2
0 0.985 0.325 -0.04270154892 2
0 0.985 0.335 -0.04083218492 2
0 0.985 0.345 -0.03892656556 2
0 0.985 0.355 -0.03698638286 2
0 0.985 0.365 -0.03501335955 1
0 0.985 0.375 -0.03300924748 1
0 0.985 0.385 -0.03097582612 1
0 0.985 0.395 -0.02891490099 1
0 0.985 0.405 -0.02682830199 1
0 0.985 0.415 -0.02471788184 2
0 0.985 0.425 -0.02258551441 2
0 0.985 0.435 -0.02043309304 2
0 0.985 0.445 -0.01826252891 2
0 0.985 0.455 -0.01607574927 2
0 0.985 0.465 -0.01387469579 2
0 0.985 0.475 -0.01166132281 2
0 0.985 0.485 -0.009437595617 2
0 0.985 0.495 -0.007205488675 2
0 0.985 0.505 0 2
0 0.985 0.515 0 2
0 0.985 0.525 0 1
0 0.985 0.535 0 1
0 0.985 0.545 0 1
0 0.985 0.555 0 1
0 0.985 0.565 0 1
0 0.995 -0.555 0 2
0 0.995 -0.545 0 1
0 0.995 -0.535 0 1
0 0.995 -0.525 0 1
0 0.995 -0.515 0 1
0 0.995 -0.505 0 1
0 0.995 -0.495 -0.00575747437 1
0 0.995 -0.485 -0.007541017317 1
0 0.995 -0.475 -0.009317864511 1
0 0.995 -0.465 -0.01108643827 1
0 0.995 -0.455 -0.01284516825 2
0 0.995 -0.445 -0.01459249287 2
0 0.995 -0.435 -0.01632686065 2
0 0.995 -0.425 -0.01804673162 2
0 0.995 -0.415 -0.0197505787 2
0 0.995 -0.405 -0.02143688903 2
0 0.995 -0.395 -0.02310416529 2
0 0.995 -0.385 -0.02475092711 2
0 0.995 -0.375 -0.02637571231 2
0 0.995 -0.365 -0.02797707821 2
0 0.995 -0.355 -0.02955360295 2
0 0.995 -0.345 -0.03110388672 2
0 0.995 -0.335 -0.032626553 2
0 0.995 -0.325 -0.0341202498 2
0 0.995 -0.315 -0.03558365084 2
0 0.995 -0.305 -0.03701545676 2
0 0.995 -0.295 -0.03841439625 2
0 0.995 -0.285 -0.03977922716 2
0 0.995 -0.275 -0.04110873765 2
0 0.995 -0.265 -0.04240174723 2
0 0.995 -0.255 -0.04365710783 2
0 0.995 -0.245 -0.04487370479 2
0 0.995 -0.235 -0.04605045788 2
0 0.995 -0.225 -0.04718632226 2
0 0.995 -0.215 -0.04828028937 2
0 0.995 -0.205 -0.04933138788 2
0 0.995 -0.195 -0.05033868449 2
0 0.995 -0.185 -0.05130128482 2
0 0.995 -0.175 -0.05221833417 2
0 0.995 -0.165 -0.05308901827 2
0 0.995 -0.155 -0.05391256403 2
0 0.995 -0.145 -0.05468824023 2
0 0.995 -0.135 -0.05541535813 2
0 0.995 -0.125 -0.05609327211 2
0 0.995 -0.115 -0.05672138025 2
0 0.995 -0.105 -0.05729912483 2
0 0.995 -0.095 -0.05782599288 2
0 0.995 -0.085 -0.05830151659 2
0 0.995 -0.075 -0.05872527373 2
0 0.995 -0.065 -0.05909688803 2
0 0.995 -0.055 -0.05941602955 2
0 0.995 -0.045 -0.05968241491 2
0 0.995 -0.035 -0.05989580759 2
0 0.995 -0.025 -0.06005601811 2
0 0.995 -0.015 -0.06016290421 2
0 0.995 -0.005 -0.060216371 2
0 0.995 0.005 -0.060216371 2
0 0.995 0.015 -0.06016290421 1
0 0.995 0.025 -0.06005601811 1
0 0.995 0.035 -0.05989580759 1
0 0.995 0.045 -0.05968241491 1
0 0.995 0.055 -0.05941602955 2
0 0.995 0.065 -0.05909688803 2
0 0.995 0.075 -0.05872527373 2
0 0.995 0.085 -0.05830151659 2
0 0.995 0.095 -0.05782599288 2
0 0.995 0.105 -0.05729912483 2
0 0.995 0.115 -0.05672138025 2
0 0.995 0.125 -0.05609327211 2
0 0.995 0.135 -0.05541535813 2
0 0.995 0.145 -0.05468824023 2
0 0.995 0.155 -0.05391256403 2
0 0.995 0.165 -0.05308901827 2
0 0.995 0.175 -0.05221833417 2
0 0.995 0.185 -0.05130128482 2
0 0.995 0.195 -0.05033868449 2
0 0.995 0.205 -0.04933138788 2
0 0.995 0.215 -0.04828028937 2
0 0.995 0.225 -0.04718632226 2
0 0.995 0.235 -0.04605045788 2
0 0.995 0.245 -0.04487370479 2
0 0.995 0.255 -0.04365710783 2
0 0.995 0.265 -0.04240174723 2
0 0.995 0.275 -0.04110873765 2
0 0.995 0.285 -0.03977922716 2
0 0.995 0.295 -0.03841439625 2
0 0.995 0.305 -0.03701545676 2
0 0.995 0.315 -0.03558365084 2
0 0.995 0.325 -0.0341202498 2
0 0.995 0.335 -0.032626553 2
0 0.995 0.345 -0.03110388672 2
0 0.995 0.355 -0.02955360295 2
0 0.995 0.365 -0.02797707821 1
0 0.995 0.375 -0.02637571231 1
0 0.995 0.385 -0.02475092711 1
0 0.995 0.395 -0.02310416529 1
0 0.995 0.405 -0.02143688903 1
0 0.995 0.415 -0.0197505787 1
0 0.995 0.425 -0.01804673162 2
0 0.995 0.435 -0.01632686065 2
0 0.995 0.445 -0.01459249287 2
0 0.995 0.455 -0.01284516825 2
0 0.995 0.465 -0.01108643827 2
0 0.995 0.475 -0.009317864511 2
0 0.995 0.485 -0.007541017317 2
0 0.995 0.495 -0.00575747437 2
0 0.995 0.505 0 2
0 0.995 0.515 0 2
0 0.995 0.525 0 2
0 0.995 0.535 0 2
0 0.995 0.545 0 2
0 0.995 0.555 0 1
0 0.995 0.565 0 1
0 1.005 -0.555 0 2
0 1.005 -0.545 0 1
0 1.005 -0.535 0 1
0 1.005 -0.525 0 1
0 1.005 -0.515 0 1
0 1.005 -0.505 0 1
0 1.005 -0.495 0 1
0 1.005 -0.485 0 1
0 1.005 -0.475 0 1
0 1.005 -0.465 0 1
0 1.005 -0.455 0 1
0 1.005 -0.445 0 2
0 1.005 -0.435 0 2
0 1.005 -0.425 0 2
0 1.005 -0.415 0 2
0 1.005 -0.405 0 2
0 1.005 -0.395 0 2
0 1.005 -0.385 0 2
0 1.005 -0.375 0 2
0 1.005 -0.365 0 2
0 1.005 -0.355 0 2
0 1.005 -0.345 0 2
0 1.005 -0.335 0 2
0 1.005 -0.325 0 2
0 1.005 -0.315 0 2
0 1.005 -0.305 0 2
0 1.005 -0.295 0 2
0 1.005 -0.285 0 2
0 1.005 -0.275 0 2
0 1.005 -0.265 0 2
0 1.005 -0.255 0 2
0 1.005 -0.245 0 2
0 1.005 -0.235 0 2
0 1.005 -0.225 0 2
0 1.005 -0.215 0 2
0 1.005 -0.205 0 2
0 1.005 -0.195 0 2
0 1.005 -0.185 0 2
0 1.005 -0.175 0 2
0 1.005 -0.165 0 2
0 1.005 -0.155 0 2
0 1.005 -0.145 0 2
0 1.005 -0.135 0 2
0 1.005 -0.125 0 2
0 1.005 -0.115 0 2
0 1.005 -0.105 0 2
0 1.005 -0.095 0 2
0 1.005 -0.085 0 2
0 1.005 -0.075 0 2
0 1.005 -0.065 0 2
0 1.005 -0.055 0 2
0 1.005 -0.045 0 2
0 1.005 -0.035 0 2
0 1.005 -0.025 0 2
0 1.005 -0.015 0 2
0 1.005 -0.005 0 2
0 1.005 0.005 0 2
0 1.005 0.015 0 2
0 1.005 0.025 0 2
0 1.005 0.035 0 2
0 1.005 0.045 0 2
0 1.005 0.055 0 2
0 1.005 0.065 0 2
0 1.005 0.075 0 2
0 1.005 0.085 0 2
0 1.005 0.095 0 2
0 1.005 0.105 0 2
0 1.005 0.115 0 2
0 1.005 0.125 0 2
0 1.005 0.135 0 2
0 1.005 0.145 0 2
0 1.005 0.155 0 2
0 1.005 0.165 0 2
0 1.005 0.175 0 2
0 1.005 0.185 0 1
0 1.005 0.195 0 1
0 1.005 0.205 0 1
0 1.005 0.215 0 1
0 1.005 0.225 0 1
0 1.005 0.235 0 2
0 1.005 0.245 0 2
0 1.005 0.255 0 2
0 1.005 0.265 0 2
0 1.005 0.275 0 2
0 1.005 0.285 0 2
0 1.005 0.295 0 2
0 1.005 0.305 0 2
0 1.005 0.315 0 2
0 1.005 0.325 0 2
0 1.005 0.335 0 2
0 1.005 0.345 0 2
0 1.005 0.355 0 1
0 1.005 0.365 0 1
0 1.005 0.375 0 1
0 1.005 0.385 0 1
0 1.005 0.395 0 1
0 1.005 0.405 0 1
0 1.005 0.415 0 1
0 1.005 0.425 0 1
0 1.005 0.435 0 2
0 1.005 0.445 0 2
0 1.005 0.455 0 2
0 1.005 0.465 0 2
0 1.005 0.475 0 2
0 1.005 0.485 0 2
0 1.005 0.495 0 2
0 1.005 0.505 0 2
0 1.005 0.515 0 2
0 1.005 0.525 0 2
0 1.005 0.535 0 2
0 1.005 0.545 0 2
0 1.005 0.555 0 2
0 1.005 0.565 0 2
0 1.015 -0.555 0 2
0 1.015 -0.545 0 2
0 1.015 -0.535 0 1
0 1.015 -0.525 0 1
0 1.015 -0.515 0 1
0 1.015 -0.505 0 1
0 1.015 -0.495 0 1
0 1.015 -0.485 0 1
0 1.015 -0.475 0 1
0 1.015 -0.465 0 1
0 1.015 -0.455 0 1
0 1.015 -0.445 0 2
0 1.015 -0.435 0 2
0 1.015 -0.425 0 2
0 1.015 -0.415 0 2
0 1.015 -0.405 0 2
0 1.015 -0.395 0 2
0 1.015 -0.385 0 2
0 1.015 -0.375 0 2
0 1.015 -0.365 0 2
0 1.015 -0.355 0 2
0 1.015 -0.345 0 2
0 1.015 -0.335 0 2
0 1.015 -0.325 0 2
0 1.015 -0.315 0 2
0 1.015 -0.305 0 2
0 1.015 -0.295 0 2
0 1.015 -0.285 0 2
0 1.015 -0.275 0 2
0 1.015 -0.265 0 2
0 1.015 -0.255 0 2
0 1.015 -0.245 0 2
0 1.015 -0.235 0 2
0 1.015 -0.225 0 2
0 1.015 -0.215 0 2
0 1.015 -0.205 0 2
0 1.015 -0.195 0 2
0 1.015 -0.185 0 2
0 1.015 -0.175 0 2
0 1.015 -0.165 0 2
0 1.015 -0.155 0 2
0 1.015 -0.145 0 2
0 1.015 -0.135 0 2
0 1.015 -0.125 0 2
0 1.015 -0.115 0 2
0 1.015 -0.105 0 2
0 1.015 -0.095 0 2
0 1.015 -0.085 0 2
0 1.015 -0.075 0 2
0 1.015 -0.065 0 2
0 1.015 -0.055 0 2
0 1.015 -0.045 0 2
0 1.015 -0.035 0 2
0 1.015 -0.025 0 2
0 1.015 -0.015 0 2
0 1.015 -0.005 0 2
0 1.015 0.005 0 2
0 1.015 0.015 0 2
0 1.015 0.025 0 2
0 1.015 0.035 0 2
0 1.015 0.045 0 2
0 1.015 0.055 0 2
0 1.015 0.065 0 2
0 1.015 0.075 0 2
0 1.015 0.085 0 2
0 1.015 0.095 0 2
0 1.015 0.105 0 2
0 1.015 0.115 0 2
0 1.015 0.125 0 2
0 1.015 0.135 0 2
0 1.015 0.145 0 2
0 1.015 0.155 0 2
0 1.015 0.165 0 2
0 1.015 0.175 0 2
0 1.015 0.185 0 1
0 1.015 0.195 0 1
0 1.015 0.205 0 1
0 1.015 0.215 0 1
0 1.015 0.225 0 1
0 1.015 0.235 0 1
0 1.015 0.245 0 1
0 1.015 0.255 0 2
0 1.015 0.265 0 2
0 1.015 0.275 0 2
0 1.015 0.285 0 2
0 1.015 0.295 0 2
0 1.015 0.305 0 2
0 1.015 0.315 0 2
0 1.015 0.325 0 2
0 1.015 0.335 0 2
0 1.015 0.345 0 2
0 1.015 0.355 0 1
0 1.015 0.365 0 1
0 1.015 0.375 0 1
0 1.015 0.385 0 1
0 1.015 0.395 0 1
0 1.015 0.405 0 1
0 1.015 0.415 0 1
0 1.015 0.425 0 1
0 1.015 0.435 0 2
0 1.015 0.445 0 2
0 1.015 0.455 0 2
0 1.015 0.465 0 2
0 1.015 0.475 0 2
0 1.015 0.485 0 2
0 1.015 0.495 0 2
0 1.015 0.505 0 2
0 1.015 0.515 0 2
0 1.015 0.525 0 2
0 1.015 0.535 0 2
0 1.015 0.545 0 2
0 1.015 0.555 0 2
0 1.015 0.565 0 2
0 1.025 -0.555 0 2
0 1.025 -0.545 0 2
0 1.025 -0.535 0 1
0 1.025 -0.525 0 1
0 1.025 -0.515 0 1
0 1.025 -0.505 0 1
0 1.025 -0.495 0 1
0 1.025 -0.485 0 1
0 1.025 -0.475 0 1
0 1.025 -0.465 0 1
0 1.025 -0.455 0 1
0 1.025 -0.445 0 1
0 1.025 -0.435 0 2
0 1.025 -0.425 0 2
0 1.025 -0.415 0 2
0 1.025 -0.405 0 2
0 1.025 -0.395 0 2
0 1.025 -0.385 0 2
0 1.025 -0.375 0 2
0 1.025 -0.365 0 2
0 1.025 -0.355 0 2
0 1.025 -0.345 0 2
0 1.025 -0.335 0 2
0 1.025 -0.325 0 2
0 1.025 -0.315 0 2
0 1.025 -0.305 0 2
0 1.025 -0.295 0 2
0 1.025 -0.285 0 2
0 1.025 -0.275 0 2
0 1.025 -0.265 0 2
0 1.025 -0.255 0 1
0 1.025 -0.245 0 1
0 1.025 -0.235 0 1
0 1.025 -0.225 0 2
0 1.025 -0.215 0 2
0 1.025 -0.205 0 2
0 1.025 -0.195 0 2
0 1.025 -0.185 0 2
0 1.025 -0.175 0 2
0 1.025 -0.165 0 2
0 1.025 -0.155 0 2
0 1.025 -0.145 0 2
0 1.025 -0.135 0 2
0 1.025 -0.125 0 2
0 1.025 -0.115 0 2
0 1.025 -0.105 0 2
0 1.025 -0.095 0 2
0 1.025 -0.085 0 2
0 1.025 -0.075 0 2
0 1.025 -0.065 0 2
0 1.025 -0.055 0 2
0 1.025 -0.045 0 2
0 1.025 -0.035 0 2
0 1.025 -0.025 0 2
0 1.025 -0.015 0 2
0 1.025 -0.005 0 2
0 1.025 0.005 0 2
0 1.025 0.015 0 2
0 1.025 0.025 0 2
0 1.025 0.035 0 2
0 1.025 0.045 0 2
0 1.025 0.055 0 2
0 1.025 0.065 0 2
0 1.025 0.075 0 2
0 1.025 0.085 0 2
0 1.025 0.095 0 2
0 1.025 0.105 0 2
0 1.025 0.115 0 2
0 1.025 0.125 0 2
0 1.025 0.135 0 2
0 1.025 0.145 0 2
0 1.025 0.155 0 2
0 1.025 0.165 0 2
0 1.025 0.175 0 1
0 1.025 0.185 0 1
0 1.025 0.195 0 1
0 1.025 0.205 0 1
0 1.025 0.215 0 1
0 1.025 0.225 0 1
0 1.025 0.235 0 1
0 1.025 0.245 0 1
0 1.025 0.255 0 1
0 1.025 0.265 0 2
0 1.025 0.275 0 2
0 1.025 0.285 0 2
0 1.025 0.295 0 2
0 1.025 0.305 0 2
0 1.025 0.315 0 2
0 1.025 0.325 0 2
0 1.025 0.335 0 2
0 1.025 0.345 0 2
0 1.025 0.355 0 2
0 1.025 0.365 0 1
0 1.025 0.375 0 1
0 1.025 0.385 0 1
0 1.025 0.395 0 1
0 1.025 0.405 0 1
0 1.025 0.415 0 1
0 1.025 0.425 0 1
0 1.025 0.435 0 2
0 1.025 0.445 0 2
0 1.025 0.455 0 2
0 1.025 0.465 0 2
0 1.025 0.475 0 2
0 1.025 0.485 0 2
0 1.025 0.495 0 2
0 1.025 0.505 0 2
0 1.025 0.515 0 2
0 1.025 0.525 0 2
0 1.025 0.535 0 2
0 1.025 0.545 0 2
0 1.025 0.555 0 2
0 1.025 0.565 0 2
0 1.035 -0.555 0 2
0 1.035 -0.545 0 2
0 1.035 -0.535 0 2
0 1.035 -0.525 0 1
0 1.035 -0.515 0 1
0 1.035 -0.505 0 1
0 1.035 -0.495 0 1
0 1.035 -0.485 0 1
0 1.035 -0.475 0 1
0 1.035 -0.465 0 1
0 1.035 -0.455 0 1
0 1.035 -0.445 0 1
0 1.035 -0.435 0 2
0 1.035 -0.425 0 2
0 1.035 -0.415 0 2
0 1.035 -0.405 0 2
0 1.035 -0.395 0 2
0 1.035 -0.385 0 2
0 1.035 -0.375 0 2
0 1.035 -0.365 0 2
0 1.035 -0.355 0 2
0 1.035 -0.345 0 2
0 1.035 -0.335 0 2
0 1.035 -0.325 0 2
0 1.035 -0.315 0 2
0 1.035 -0.305 0 2
0 1.035 -0.295 0 2
0 1.035 -0.285 0 2
0 1.035 -0.275 0 2
0 1.035 -0.265 0 1
0 1.035 -0.255 0 1
0 1.035 -0.245 0 1
0 1.035 -0.235 0 1
0 1.035 -0.225 0 1
0 1.035 -0.215 0 1
0 1.035 -0.205 0 2
0 1.035 -0.195 0 2
0 1.035 -0.185 0 2
0 1.035 -0.175 0 2
0 1.035 -0.165 0 2
0 1.035 -0.155 0 2
0 1.035 -0.145 0 2
0 1.035 -0.135 0 2
0 1.035 -0.125 0 2
0 1.035 -0.115 0 2
0 1.035 -0.105 0 2
0 1.035 -0.095 0 2
0 1.035 -0.085 0 2
0 1.035 -0.075 0 2
0 1.035 -0.065 0 2
0 1.035 -0.055 0 2
0 1.035 -0.045 0 2
0 1.035 -0.035 0 2
0 1.035 -0.025 0 2
0 1.035 -0.015 0 2
0 1.035 -0.005 0 2
0 1.035 0.005 0 2
0 1.035 0.015 0 2
0 1.035 0.025 0 2
0 1.035 0.035 0 2
0 1.035 0.045 0 2
0 1.035 0.055 0 2
0 1.035 0.065 0 2
0 1.035 0.075 0 2
0 1.035 0.085 0 2
0 1.035 0.095 0 2
0 1.035 0.105 0 2
0 1.035 0.115 0 2
0 1.035 0.125 0 2
0 1.035 0.135 0 2
0 1.035 0.145 0 2
0 1.035 0.155 0 2
0 1.035 0.165 0 2
0 1.035 0.175 0 2
0 1.035 0.185 0 1
0 1.035 0.195 0 1
0 1.035 0.205 0 1
0 1.035 0.215 0 1
0 1.035 0.225 0 1
0 1.035 0.235 0 1
0 1.035 0.245 0 1
0 1.035 0.255 0 1
0 1.035 0.265 0 1
0 1.035 0.275 0 2
0 1.035 0.285 0 2
0 1.035 0.295 0 2
0 1.035 0.305 0 2
0 1.035 0.315 0 2
0 1.035 0.325 0 2
0 1.035 0.335 0 2
0 1.035 0.345 0 2
0 1.035 0.355 0 2
0 1.035 0.365 0 1
0 1.035 0.375 0 1
0 1.035 0.385 0 1
0 1.035 0.395 0 1
0 1.035 0.405 0 1
0 1.035 0.415 0 1
0 1.035 0.425 0 1
0 1.035 0.435 0 1
0 1.035 0.445 0 2
0 1.035 0.455 0 2
0 1.035 0.465 0 2
0 1.035 0.475 0 2
0 1.035 0.485 0 2
0 1.035 0.495 0 2
0 1.035 0.505 0 2
0 1.035 0.515 0 2
0 1.035 0.525 0 2
0 1.035 0.535 0 2
0 1.035 0.545 0 2
0 1.035 0.555 0 2
0 1.035 0.565 0 2
0 1.045 -0.555 0 2
0 1.045 -0.545 0 2
0 1.045 -0.535 0 2
0 1.045 -0.525 0 2
0 1.045 -0.515 0 1
0 1.045 -0.505 0 1
0 1.045 -0.495 0 1
0 1.045 -0.485 0 1
0 1.045 -0.475 0 1
0 1.045 -0.465 0 1
0 1.045 -0.455 0 1
0 1.045 -0.445 0 1
0 1.045 -0.435 0 2
0 1.045 -0.425 0 2
0 1.045 -0.415 0 2
0 1.045 -0.405 0 2
0 1.045 -0.395 0 2
0 1.045 -0.385 0 2
0 1.045 -0.375 0 2
0 1.045 -0.365 0 2
0 1.045 -0.355 0 2
0 1.045 -0.345 0 2
0 1.045 -0.335 0 2
0 1.045 -0.325 0 2
0 1.045 -0.315 0 2
0 1.045 -0.305 0 2
0 1.045 -0.295 0 2
0 1.045 -0.285 0 2
0 1.045 -0.275 0 2
0 1.045 -0.265 0 1
0 1.045 -0.255 0 1
0 1.045 -0.245 0 1
0 1.045 -0.235 0 1
0 1.045 -0.225 0 1
0 1.045 -0.215 0 1
0 1.045 -0.205 0 1
0 1.045 -0.195 0 2
0 1.045 -0.185 0 2
0 1.045 -0.175 0 2
0 1.045 -0.165 0 2
0 1.045 -0.155 0 2
0 1.045 -0.145 0 2
0 1.045 -0.135 0 2
0 1.045 -0.125 0 2
0 1.045 -0.115 0 2
0 1.045 -0.105 0 2
0 1.045 -0.095 0 2
0 1.045 -0.085 0 2
0 1.045 -0.075 0 2
0 1.045 -0.065 0 2
0 1.045 -0.055 0 2
0 1.045 -0.045 0 2
0 1.045 -0.035 0 2
0 1.045 -0.025 0 2
0 1.045 -0.015 0 2
0 1.045 -0.005 0 2
0 1.045 0.005 0 2
0 1.045 0.015 0 2
0 1.045 0.025 0 2
0 1.045 0.035 0 2
0 1.045 0.045 0 2
0 1.045 0.055 0 2
0 1.045 0.065 0 2
0 1.045 0.075 0 2
0 1.045 0.085 0 2
0 1.045 0.095 0 2
0 1.045 0.105 0 2
0 1.045 0.115 0 2
0 1.045 0.125 0 2
0 1.045 0.135 0 2
0 1.045 0.145 0 2
0 1.045 0.155 0 2
0 1.045 0.165 0 2
0 1.045 0.175 0 2
0 1.045 0.185 0 1
0 1.045 0.195 0 1
0 1.045 0.205 0 1
0 1.045 0.215 0 1
0 1.045 0.225 0 1
0 1.045 0.235 0 1
0 1.045 0.245 0 1
0 1.045 0.255 0 1
0 1.045 0.265 0 1
0 1.045 0.275 0 2
0 1.045 0.285 0 2
0 1.045 0.295 0 2
0 1.045 0.305 0 2
0 1.045 0.315 0 2
0 1.045 0.325 0 2
0 1.045 0.335 0 2
0 1.045 0.345 0 2
0 1.045 0.355 0 2
0 1.045 0.365 0 1
0 1.045 0.375 0 1
0 1.045 0.385 0 1
0 1.045 0.395 0 1
0 1.045 0.405 0 1
0 1.045 0.415 0 1
0 1.045 0.425 0 1
0 1.045 0.435 0 1
0 1.045 0.445 0 2
0 1.045 0.455 0 2
0 1.045 0.465 0 2
0 1.045 0.475 0 2
0 1.045 0.485 0 2
0 1.045 0.495 0 2
0 1.045 0.505 0 2
0 1.045 0.515 0 2
0 1.045 0.525 0 2
0 1.045 0.535 0 2
0 1.045 0.545 0 2
0 1.045 0.555 0 2
0 1.045 0.565 0 2
0 1.055 -0.555 0 2
0 1.055 -0.545 0 2
0 1.055 -0.535 0 2
0 1.055 -0.525 0 2
0 1.055 -0.515 0 2
0 1.055 -0.505 0 2
0 1.055 -0.495 0 1
0 1.055 -0.485 0 1
0 1.055 -0.475 0 1
0 1.055 -0.465 0 1
0 1.055 -0.455 0 1
0 1.055 -0.445 0 2
0 1.055 -0.435 0 2
0 1.055 -0.425 0 2
0 1.055 -0.415 0 2
0 1.055 -0.405 0 2
0 1.055 -0.395 0 2
0 1.055 -0.385 0 2
0 1.055 -0.375 0 2
0 1.055 -0.365 0 2
0 1.055 -0.355 0 2
0 1.055 -0.345 0 2
0 1.055 -0.335 0 2
0 1.055 -0.325 0 2
0 1.055 -0.315 0 2
0 1.055 -0.305 0 2
0 1.055 -0.295 0 2
0 1.055 -0.285 0 2
0 1.055 -0.275 0 2
0 1.055 -0.265 0 1
0 1.055 -0.255 0 1
0 1.055 -0.245 0 1
0 1.055 -0.235 0 1
0 1.055 -0.225 0 1
0 1.055 -0.215 0 1
0 1.055 -0.205 0 1
0 1.055 -0.195 0 1
0 1.055 -0.185 0 2
0 1.055 -0.175 0 2
0 1.055 -0.165 0 2
0 1.055 -0.155 0 2
0 1.055 -0.145 0 2
0 1.055 -0.135 0 2
0 1.055 -0.125 0 2
0 1.055 -0.115 0 2
0 1.055 -0.105 0 2
0 1.055 -0.095 0 2
0 1.055 -0.085 0 2
0 1.055 -0.075 0 2
0 1.055 -0.065 0 2
0 1.055 -0.055 0 2
0 1.055 -0.045 0 2
0 1.055 -0.035 0 2
0 1.055 -0.025 0 2
0 1.055 -0.015 0 2
0 1.055 -0.005 0 2
0 1.055 0.005 0 2
0 1.055 0.015 0 2
0 1.055 0.025 0 2
0 1.055 0.035 0 2
0 1.055 0.045 0 2
0 1.055 0.055 0 2
0 1.055 0.065 0 2
0 1.055 0.075 0 2
0 1.055 0.085 0 2
0 1.055 0.095 0 2
0 1.055 0.105 0 2
0 1.055 0.115 0 2
0 1.055 0.125 0 2
0 1.055 0.135 0 2
0 1.055 0.145 0 2
0 1.055 0.155 0 2
0 1.055 0.165 0 2
0 1.055 0.175 0 2
0 1.055 0.185 0 1
0 1.055 0.195 0 1
0 1.055 0.205 0 1
0 1.055 0.215 0 1
0 1.055 0.225 0 1
0 1.055 0.235 0 1
0 1.055 0.245 0 1
0 1.055 0.255 0 1
0 1.055 0.265 0 1
0 1.055 0.275 0 2
0 1.055 0.285 0 2
0 1.055 0.295 0 2
0 1.055 0.305 0 2
0 1.055 0.315 0 2
0 1.055 0.325 0 2
0 1.055 0.335 0 2
0 1.055 0.345 0 2
0 1.055 0.355 0 2
0 1.055 0.365 0 2
0 1.055 0.375 0 1
0 1.055 0.385 0 1
0 1.055 0.395 0 1
0 1.055 0.405 0 1
0 1.055 0.415 0 1
0 1.055 0.425 0 1
0 1.055 0.435 0 2
0 1.055 0.445 0 2
0 1.055 0.455 0 2
0 1.055 0.465 0 2
0 1.055 0.475 0 2
0 1.055 0.485 0 2
0 1.055 0.495 0 2
0 1.055 0.505 0 2
0 1.055 0.515 0 2
0 1.055 0.525 0 2
0 1.055 0.535 0 2
0 1.055 0.545 0 2
0 1.055 0.555 0 2
0 1.055 0.565 0 2
0 1.065 -0.555 0 2
0 1.065 -0.545 0 2
0 1.065 -0.535 0 2
0 1.065 -0.525 0 2
0 1.065 -0.515 0 2
0 1.065 -0.505 0 2
0 1.065 -0.495 0 2
0 1.065 -0.485 0 2
0 1.065 -0.475 0 2
0 1.065 -0.465 0 2
0 1.065 -0.455 0 2
0 1.065 -0.445 0 2
0 1.065 -0.435 0 2
0 1.065 -0.425 0 2
0 1.065 -0.415 0 2
0 1.065 -0.405 0 2
0 1.065 -0.395 0 2
0 1.065 -0.385 0 2
0 1.065 -0.375 0 2
0 1.065 -0.365 0 2
0 1.065 -0.355 0 2
0 1.065 -0.345 0 2
0 1.065 -0.335 0 2
0 1.065 -0.325 0 2
0 1.065 -0.315 0 2
0 1.065 -0.305 0 2
0 1.065 -0.295 0 2
0 1.065 -0.285 0 2
0 1.065 -0.275 0 2
0 1.065 -0.265 0 1
0 1.065 -0.255 0 1
0 1.065 -0.245 0 1
0 1.065 -0.235 0 1
0 1.065 -0.225 0 1
0 1.065 -0.215 0 1
0 1.065 -0.205 0 1
0 1.065 -0.195 0 1
0 1.065 -0.185 0 2
0 1.065 -0.175 0 2
0 1.065 -0.165 0 2
0 1.065 -0.155 0 2
0 1.065 -0.145 0 2
0 1.065 -0.135 0 2
0 1.065 -0.125 0 2
0 1.065 -0.115 0 2
0 1.065 -0.105 0 2
0 1.065 -0.095 0 2
0 1.065 -0.085 0 2
0 1.065 -0.075 0 2
0 1.065 -0.065 0 2
0 1.065 -0.055 0 2
0 1.065 -0.045 0 2
0 1.065 -0.035 0 2
0 1.065 -0.025 0 2
0 1.065 -0.015 0 2
0 1.065 -0.005 0 2
0 1.065 0.005 0 2
0 1.065 0.015 0 2
0 1.065 0.025 0 2
0 1.065 0.035 0 2
0 1.065 0.045 0 2
0 1.065 0.055 0 2
0 1.065 0.065 0 2
0 1.065 0.075 0 2
0 1.065 0.085 0 2
0 1.065 0.095 0 2
0 1.065 0.105 0 2
0 1.065 0.115 0 2
0 1.065 0.125 0 2
0 1.065 0.135 0 2
0 1.065 0.145 0 2
0 1.065 0.155 0 2
0 1.065 0.165 0 2
0 1.065 0.175 0 2
0 1.065 0.185 0 2
0 1.065 0.195 0 1
0 1.065 0.205 0 1
0 1.065 0.215 0 1
0 1.065 0.225 0 1
0 1.065 0.235 0 1
0 1.065 0.245 0 1
0 1.065 0.255 0 1
0 1.065 0.265 0 1
0 1.065 0.275 0 1
0 1.065 0.285 0 2
0 1.065 0.295 0 2
0 1.065 0.305 0 2
0 1.065 0.315 0 2
0 1.065 0.325 0 2
0 1.065 0.335 0 2
0 1.065 0.345 0 2
0 1.065 0.355 0 2
0 1.065 0.365 0 2
0 1.065 0.375 0 2
0 1.065 0.385 0 1
0 1.065 0.395 0 1
0 1.065 0.405 0 1
0 1.065 0.415 0 1
0 1.065 0.425 0 1
0 1.065 0.435 0 2
0 1.065 0.445 0 2
0 1.065 0.455 0 2
0 1.065 0.465 0 2
0 1.065 0.475 0 2
0 1.065 0.485 0 2
0 1.065 0.495 0 2
0 1.065 0.505 0 2
0 1.065 0.515 0 2
0 1.065 0.525 0 2
0 1.065 0.535 0 2
0 1.065 0.545 0 2
0 1.065 0.555 0 2
0 1.065 0.565 0 2
