t x y content type
0 -0.055 -0.555 0 2
0 -0.055 -0.545 0 2
0 -0.055 -0.535 0 2
0 -0.055 -0.525 0 2
0 -0.055 -0.515 0 2
0 -0.055 -0.505 0 2
0 -0.055 -0.495 0 2
0 -0.055 -0.485 0 2
0 -0.055 -0.475 0 2
0 -0.055 -0.465 0 2
0 -0.055 -0.455 0 2
0 -0.055 -0.445 0 2
0 -0.055 -0.435 0 2
0 -0.055 -0.425 0 2
0 -0.055 -0.415 0 2
0 -0.055 -0.405 0 2
0 -0.055 -0.395 0 2
0 -0.055 -0.385 0 2
0 -0.055 -0.375 0 2
0 -0.055 -0.365 0 1
0 -0.055 -0.355 0 1
0 -0.055 -0.345 0 1
0 -0.055 -0.335 0 1
0 -0.055 -0.325 0 1
0 -0.055 -0.315 0 1
0 -0.055 -0.305 0 1
0 -0.055 -0.295 0 2
0 -0.055 -0.285 0 2
0 -0.055 -0.275 0 2
0 -0.055 -0.265 0 2
0 -0.055 -0.255 0 2
0 -0.055 -0.245 0 2
0 -0.055 -0.235 0 2
0 -0.055 -0.225 0 2
0 -0.055 -0.215 0 2
0 -0.055 -0.205 0 2
0 -0.055 -0.195 0 2
0 -0.055 -0.185 0 2
0 -0.055 -0.175 0 2
0 -0.055 -0.165 0 2
0 -0.055 -0.155 0 2
0 -0.055 -0.145 0 2
0 -0.055 -0.135 0 2
0 -0.055 -0.125 0 2
0 -0.055 -0.115 0 2
0 -0.055 -0.105 0 2
0 -0.055 -0.095 0 1
0 -0.055 -0.085 0 1
0 -0.055 -0.075 0 1
0 -0.055 -0.065 0 1
0 -0.055 -0.055 0 1
0 -0.055 -0.045 0 1
0 -0.055 -0.035 0 1
0 -0.055 -0.025 0 1
0 -0.055 -0.015 0 1
0 -0.055 -0.005 0 1
0 -0.055 0.005 0 1
0 -0.055 0.015 0 2
0 -0.055 0.025 0 2
0 -0.055 0.035 0 2
0 -0.055 0.045 0 2
0 -0.055 0.055 0 2
0 -0.055 0.065 0 2
0 -0.055 0.075 0 2
0 -0.055 0.085 0 2
0 -0.055 0.095 0 2
0 -0.055 0.105 0 2
0 -0.055 0.115 0 2
0 -0.055 0.125 0 2
0 -0.055 0.135 0 2
0 -0.055 0.145 0 2
0 -0.055 0.155 0 2
0 -0.055 0.165 0 2
0 -0.055 0.175 0 2
0 -0.055 0.185 0 2
0 -0.055 0.195 0 2
0 -0.055 0.205 0 2
0 -0.055 0.215 0 2
0 -0.055 0.225 0 2
0 -0.055 0.235 0 2
0 -0.055 0.245 0 2
0 -0.055 0.255 0 2
0 -0.055 0.265 0 2
0 -0.055 0.275 0 2
0 -0.055 0.285 0 2
0 -0.055 0.295 0 2
0 -0.055 0.305 0 2
0 -0.055 0.315 0 2
0 -0.055 0.325 0 2
0 -0.055 0.335 0 2
0 -0.055 0.345 0 2
0 -0.055 0.355 0 2
0 -0.055 0.365 0 2
0 -0.055 0.375 0 2
0 -0.055 0.385 0 2
0 -0.055 0.395 0 2
0 -0.055 0.405 0 2
0 -0.055 0.415 0 2
0 -0.055 0.425 0 2
0 -0.055 0.435 0 2
0 -0.055 0.445 0 1
0 -0.055 0.455 0 1
0 -0.055 0.465 0 1
0 -0.055 0.475 0 1
0 -0.055 0.485 0 1
0 -0.055 0.495 0 1
0 -0.055 0.505 0 1
0 -0.055 0.515 0 2
0 -0.055 0.525 0 2
0 -0.055 0.535 0 2
0 -0.055 0.545 0 2
0 -0.055 0.555 0 2
0 -0.055 0.565 0 2
0 -0.045 -0.555 0 2
0 -0.045 -0.545 0 2
0 -0.045 -0.535 0 2
0 -0.045 -0.525 0 2
0 -0.045 -0.515 0 2
0 -0.045 -0.505 0 2
0 -0.045 -0.495 0 2
0 -0.045 -0.485 0 2
0 -0.045 -0.475 0 2
0 -0.045 -0.465 0 2
0 -0.045 -0.455 0 2
0 -0.045 -0.445 0 2
0 -0.045 -0.435 0 2
0 -0.045 -0.425 0 2
0 -0.045 -0.415 0 2
0 -0.045 -0.405 0 2
0 -0.045 -0.395 0 2
0 -0.045 -0.385 0 2
0 -0.045 -0.375 0 1
0 -0.045 -0.365 0 1
0 -0.045 -0.355 0 1
0 -0.045 -0.345 0 1
0 -0.045 -0.335 0 1
0 -0.045 -0.325 0 1
0 -0.045 -0.315 0 1
0 -0.045 -0.305 0 1
0 -0.045 -0.295 0 2
0 -0.045 -0.285 0 2
0 -0.045 -0.275 0 2
0 -0.045 -0.265 0 2
0 -0.045 -0.255 0 2
0 -0.045 -0.245 0 2
0 -0.045 -0.235 0 2
0 -0.045 -0.225 0 2
0 -0.045 -0.215 0 2
0 -0.045 -0.205 0 2
0 -0.045 -0.195 0 2
0 -0.045 -0.185 0 2
0 -0.045 -0.175 0 2
0 -0.045 -0.165 0 2
0 -0.045 -0.155 0 2
0 -0.045 -0.145 0 2
0 -0.045 -0.135 0 2
0 -0.045 -0.125 0 2
0 -0.045 -0.115 0 2
0 -0.045 -0.105 0 2
0 -0.045 -0.095 0 1
0 -0.045 -0.085 0 1
0 -0.045 -0.075 0 1
0 -0.045 -0.065 0 1
0 -0.045 -0.055 0 1
0 -0.045 -0.045 0 1
0 -0.045 -0.035 0 1
0 -0.045 -0.025 0 1
0 -0.045 -0.015 0 1
0 -0.045 -0.005 0 1
0 -0.045 0.005 0 1
0 -0.045 0.015 0 2
0 -0.045 0.025 0 2
0 -0.045 0.035 0 2
0 -0.045 0.045 0 2
0 -0.045 0.055 0 2
0 -0.045 0.065 0 2
0 -0.045 0.075 0 2
0 -0.045 0.085 0 2
0 -0.045 0.095 0 2
0 -0.045 0.105 0 2
0 -0.045 0.115 0 2
0 -0.045 0.125 0 2
0 -0.045 0.135 0 2
0 -0.045 0.145 0 2
0 -0.045 0.155 0 2
0 -0.045 0.165 0 2
0 -0.045 0.175 0 2
0 -0.045 0.185 0 2
0 -0.045 0.195 0 2
0 -0.045 0.205 0 2
0 -0.045 0.215 0 2
0 -0.045 0.225 0 2
0 -0.045 0.235 0 2
0 -0.045 0.245 0 2
0 -0.045 0.255 0 2
0 -0.045 0.265 0 2
0 -0.045 0.275 0 2
0 -0.045 0.285 0 2
0 -0.045 0.295 0 2
0 -0.045 0.305 0 2
0 -0.045 0.315 0 2
0 -0.045 0.325 0 2
0 -0.045 0.335 0 2
0 -0.045 0.345 0 2
0 -0.045 0.355 0 2
0 -0.045 0.365 0 2
0 -0.045 0.375 0 2
0 -0.045 0.385 0 2
0 -0.045 0.395 0 2
0 -0.045 0.405 0 2
0 -0.045 0.415 0 2
0 -0.045 0.425 0 2
0 -0.045 0.435 0 2
0 -0.045 0.445 0 1
0 -0.045 0.455 0 1
0 -0.045 0.465 0 1
0 -0.045 0.475 0 1
0 -0.045 0.485 0 1
0 -0.045 0.495 0 1
0 -0.045 0.505 0 1
0 -0.045 0.515 0 2
0 -0.045 0.525 0 2
0 -0.045 0.535 0 2
0 -0.045 0.545 0 2
0 -0.045 0.555 0 2
0 -0.045 0.565 0 2
0 -0.035 -0.555 0 2
0 -0.035 -0.545 0 2
0 -0.035 -0.535 0 2
0 -0.035 -0.525 0 2
0 -0.035 -0.515 0 2
0 -0.035 -0.505 0 2
0 -0.035 -0.495 0 2
0 -0.035 -0.485 0 2
0 -0.035 -0.475 0 2
0 -0.035 -0.465 0 2
0 -0.035 -0.455 0 2
0 -0.035 -0.445 0 2
0 -0.035 -0.435 0 2
0 -0.035 -0.425 0 2
0 -0.035 -0.415 0 2
0 -0.035 -0.405 0 2
0 -0.035 -0.395 0 2
0 -0.035 -0.385 0 2
0 -0.035 -0.375 0 1
0 -0.035 -0.365 0 1
0 -0.035 -0.355 0 1
0 -0.035 -0.345 0 1
0 -0.035 -0.335 0 1
0 -0.035 -0.325 0 1
0 -0.035 -0.315 0 1
0 -0.035 -0.305 0 1
0 -0.035 -0.295 0 2
0 -0.035 -0.285 0 2
0 -0.035 -0.275 0 2
0 -0.035 -0.265 0 2
0 -0.035 -0.255 0 2
0 -0.035 -0.245 0 2
0 -0.035 -0.235 0 2
0 -0.035 -0.225 0 2
0 -0.035 -0.215 0 2
0 -0.035 -0.205 0 2
0 -0.035 -0.195 0 2
0 -0.035 -0.185 0 2
0 -0.035 -0.175 0 2
0 -0.035 -0.165 0 2
0 -0.035 -0.155 0 2
0 -0.035 -0.145 0 2
0 -0.035 -0.135 0 2
0 -0.035 -0.125 0 2
0 -0.035 -0.115 0 2
0 -0.035 -0.105 0 2
0 -0.035 -0.095 0 2
0 -0.035 -0.085 0 1
0 -0.035 -0.075 0 1
0 -0.035 -0.065 0 1
0 -0.035 -0.055 0 1
0 -0.035 -0.045 0 1
0 -0.035 -0.035 0 1
0 -0.035 -0.025 0 1
0 -0.035 -0.015 0 1
0 -0.035 -0.005 0 1
0 -0.035 0.005 0 1
0 -0.035 0.015 0 2
0 -0.035 0.025 0 2
0 -0.035 0.035 0 2
0 -0.035 0.045 0 2
0 -0.035 0.055 0 2
0 -0.035 0.065 0 2
0 -0.035 0.075 0 2
0 -0.035 0.085 0 2
0 -0.035 0.095 0 2
0 -0.035 0.105 0 2
0 -0.035 0.115 0 2
0 -0.035 0.125 0 2
0 -0.035 0.135 0 2
0 -0.035 0.145 0 2
0 -0.035 0.155 0 2
0 -0.035 0.165 0 2
0 -0.035 0.175 0 2
0 -0.035 0.185 0 2
0 -0.035 0.195 0 2
0 -0.035 0.205 0 2
0 -0.035 0.215 0 2
0 -0.035 0.225 0 2
0 -0.035 0.235 0 2
0 -0.035 0.245 0 2
0 -0.035 0.255 0 2
0 -0.035 0.265 0 2
0 -0.035 0.275 0 2
0 -0.035 0.285 0 2
0 -0.035 0.295 0 2
0 -0.035 0.305 0 2
0 -0.035 0.315 0 2
0 -0.035 0.325 0 2
0 -0.035 0.335 0 2
0 -0.035 0.345 0 2
0 -0.035 0.355 0 2
0 -0.035 0.365 0 2
0 -0.035 0.375 0 2
0 -0.035 0.385 0 2
0 -0.035 0.395 0 2
0 -0.035 0.405 0 2
0 -0.035 0.415 0 2
0 -0.035 0.425 0 2
0 -0.035 0.435 0 2
0 -0.035 0.445 0 1
0 -0.035 0.455 0 1
0 -0.035 0.465 0 1
0 -0.035 0.475 0 1
0 -0.035 0.485 0 1
0 -0.035 0.495 0 1
0 -0.035 0.505 0 2
0 -0.035 0.515 0 2
0 -0.035 0.525 0 2
0 -0.035 0.535 0 2
0 -0.035 0.545 0 2
0 -0.035 0.555 0 2
0 -0.035 0.565 0 2
0 -0.025 -0.555 0 2
0 -0.025 -0.545 0 2
0 -0.025 -0.535 0 2
0 -0.025 -0.525 0 2
0 -0.025 -0.515 0 2
0 -0.025 -0.505 0 2
0 -0.025 -0.495 0 2
0 -0.025 -0.485 0 2
0 -0.025 -0.475 0 2
0 -0.025 -0.465 0 2
0 -0.025 -0.455 0 2
0 -0.025 -0.445 0 2
0 -0.025 -0.435 0 2
0 -0.025 -0.425 0 2
0 -0.025 -0.415 0 2
0 -0.025 -0.405 0 2
0 -0.025 -0.395 0 2
0 -0.025 -0.385 0 1
0 -0.025 -0.375 0 1
0 -0.025 -0.365 0 1
0 -0.025 -0.355 0 1
0 -0.025 -0.345 0 1
0 -0.025 -0.335 0 1
0 -0.025 -0.325 0 1
0 -0.025 -0.315 0 1
0 -0.025 -0.305 0 1
0 -0.025 -0.295 0 2
0 -0.025 -0.285 0 2
0 -0.025 -0.275 0 2
0 -0.025 -0.265 0 2
0 -0.025 -0.255 0 2
0 -0.025 -0.245 0 2
0 -0.025 -0.235 0 2
0 -0.025 -0.225 0 2
0 -0.025 -0.215 0 2
0 -0.025 -0.205 0 2
0 -0.025 -0.195 0 2
0 -0.025 -0.185 0 2
0 -0.025 -0.175 0 2
0 -0.025 -0.165 0 2
0 -0.025 -0.155 0 2
0 -0.025 -0.145 0 2
0 -0.025 -0.135 0 2
0 -0.025 -0.125 0 2
0 -0.025 -0.115 0 2
0 -0.025 -0.105 0 2
0 -0.025 -0.095 0 2
0 -0.025 -0.085 0 2
0 -0.025 -0.075 0 1
0 -0.025 -0.065 0 1
0 -0.025 -0.055 0 1
0 -0.025 -0.045 0 1
0 -0.025 -0.035 0 1
0 -0.025 -0.025 0 1
0 -0.025 -0.015 0 1
0 -0.025 -0.005 0 2
0 -0.025 0.005 0 2
0 -0.025 0.015 0 2
0 -0.025 0.025 0 2
0 -0.025 0.035 0 2
0 -0.025 0.045 0 2
0 -0.025 0.055 0 2
0 -0.025 0.065 0 2
0 -0.025 0.075 0 2
0 -0.025 0.085 0 2
0 -0.025 0.095 0 2
0 -0.025 0.105 0 2
0 -0.025 0.115 0 2
0 -0.025 0.125 0 2
0 -0.025 0.135 0 2
0 -0.025 0.145 0 2
0 -0.025 0.155 0 2
0 -0.025 0.165 0 2
0 -0.025 0.175 0 2
0 -0.025 0.185 0 2
0 -0.025 0.195 0 2
0 -0.025 0.205 0 2
0 -0.025 0.215 0 2
0 -0.025 0.225 0 2
0 -0.025 0.235 0 2
0 -0.025 0.245 0 2
0 -0.025 0.255 0 2
0 -0.025 0.265 0 2
0 -0.025 0.275 0 2
0 -0.025 0.285 0 2
0 -0.025 0.295 0 2
0 -0.025 0.305 0 2
0 -0.025 0.315 0 2
0 -0.025 0.325 0 2
0 -0.025 0.335 0 2
0 -0.025 0.345 0 2
0 -0.025 0.355 0 2
0 -0.025 0.365 0 2
0 -0.025 0.375 0 2
0 -0.025 0.385 0 2
0 -0.025 0.395 0 2
0 -0.025 0.405 0 2
0 -0.025 0.415 0 2
0 -0.025 0.425 0 2
0 -0.025 0.435 0 2
0 -0.025 0.445 0 1
0 -0.025 0.455 0 1
0 -0.025 0.465 0 1
0 -0.025 0.475 0 1
0 -0.025 0.485 0 1
0 -0.025 0.495 0 1
0 -0.025 0.505 0 2
0 -0.025 0.515 0 2
0 -0.025 0.525 0 2
0 -0.025 0.535 0 2
0 -0.025 0.545 0 2
0 -0.025 0.555 0 2
0 -0.025 0.565 0 2
0 -0.015 -0.555 0 2
0 -0.015 -0.545 0 2
0 -0.015 -0.535 0 2
0 -0.015 -0.525 0 2
0 -0.015 -0.515 -0.0001316228277 2
0 -0.015 -0.505 -0.0002992238976 2
0 -0.015 -0.495 -0.000598029654 2
0 -0.015 -0.485 -0.0006461166587 2
0 -0.015 -0.475 -0.0004916600569 2
0 -0.015 -0.465 4.640993921e-05 2
0 -0.015 -0.455 0.0007986207049 2
0 -0.015 -0.445 0.001746793759 2
0 -0.015 -0.435 0.002842739501 2
0 -0.015 -0.425 0.004039530145 2
0 -0.015 -0.415 0.005297683324 2
0 -0.015 -0.405 0.006463233138 2
0 -0.015 -0.395 0.00747907618 2
0 -0.015 -0.385 0.008216571861 1
0 -0.015 -0.375 0.008884565444 1
0 -0.015 -0.365 0.009436313862 1
0 -0.015 -0.355 0.009973406749 1
0 -0.015 -0.345 0.0104077714 1
0 -0.015 -0.335 0.01093504002 1
0 -0.015 -0.325 0.01170667926 1
0 -0.015 -0.315 0.01285215305 1
0 -0.015 -0.305 0.01416775481 1
0 -0.015 -0.295 0.01534628134 2
0 -0.015 -0.285 0.01609160485 2
0 -0.015 -0.275 0.01635484086 2
0 -0.015 -0.265 0.01626014002 2
0 -0.015 -0.255 0.01591363206 2
0 -0.015 -0.245 0.01535945065 2
0 -0.015 -0.235 0.01461433456 2
0 -0.015 -0.225 0.01368901611 2
0 -0.015 -0.215 0.01259515332 2
0 -0.015 -0.205 0.01134632479 2
0 -0.015 -0.195 0.009958132479 2
0 -0.015 -0.185 0.008448125952 2
0 -0.015 -0.175 0.006835585921 2
0 -0.015 -0.165 0.005141258056 2
0 -0.015 -0.155 0.00338706112 2
0 -0.015 -0.145 0.00159578316 2
0 -0.015 -0.135 -0.0002092291989 2
0 -0.015 -0.125 -0.002004386026 2
0 -0.015 -0.115 -0.00376617331 2
0 -0.015 -0.105 -0.005471476818 2
0 -0.015 -0.095 -0.007097912898 2
0 -0.015 -0.085 -0.008624170518 2
0 -0.015 -0.075 -0.01003037107 2
0 -0.015 -0.065 -0.01129845399 2
0 -0.015 -0.055 -0.01241259283 2
0 -0.015 -0.045 -0.01335963748 2
0 -0.015 -0.035 -0.01412954653 2
0 -0.015 -0.025 -0.01471573124 2
0 -0.015 -0.015 -0.01511515903 2
0 -0.015 -0.005 -0.01532801364 2
0 -0.015 0.005 -0.01535677476 2
0 -0.015 0.015 -0.0152047379 2
0 -0.015 0.025 -0.0148745004 2
0 -0.015 0.035 -0.01436687563 2
0 -0.015 0.045 -0.01368143098 2
0 -0.015 0.055 -0.01281769977 2
0 -0.015 0.065 -0.01177779897 2
0 -0.015 0.075 -0.0105679045 2
0 -0.015 0.085 -0.00919955248 2
0 -0.015 0.095 -0.00768873722 2
0 -0.015 0.105 -0.006054708498 2
0 -0.015 0.115 -0.004316843614 2
0 -0.015 0.125 -0.002496177005 2
0 -0.015 0.135 -0.0005961515727 2
0 -0.015 0.145 0.001369709291 2
0 -0.015 0.155 0.003353972343 2
0 -0.015 0.165 0.005261634871 2
0 -0.015 0.175 0.007011036754 2
0 -0.015 0.185 0.008514532663 2
0 -0.015 0.195 0.009629291482 2
0 -0.015 0.205 0.01034930892 2
0 -0.015 0.215 0.01073705119 2
0 -0.015 0.225 0.01112261664 2
0 -0.015 0.235 0.01159748643 2
0 -0.015 0.245 0.0123162033 2
0 -0.015 0.255 0.0131337937 2
0 -0.015 0.265 0.01405382651 2
0 -0.015 0.275 0.0147813947 2
0 -0.015 0.285 0.01533975484 2
0 -0.015 0.295 0.01562214575 2
0 -0.015 0.305 0.01575165095 2
0 -0.015 0.315 0.01567265023 2
0 -0.015 0.325 0.01537781739 2
0 -0.015 0.335 0.0148836178 2
0 -0.015 0.345 0.01420548667 2
0 -0.015 0.355 0.01335802417 2
0 -0.015 0.365 0.01235341845 2
0 -0.015 0.375 0.0112079987 2
0 -0.015 0.385 0.009942466575 2
0 -0.015 0.395 0.00858616442 2
0 -0.015 0.405 0.007174945881 2
0 -0.015 0.415 0.005749860159 2
0 -0.015 0.425 0.004350457024 2
0 -0.015 0.435 0.003020913995 2
0 -0.015 0.445 0.001824752551 2
0 -0.015 0.455 0.0008179042502 1
0 -0.015 0.465 5.000270044e-05 1
0 -0.015 0.475 -0.000486892577 1
0 -0.015 0.485 -0.0006451947072 1
0 -0.015 0.495 -0.0006068828383 2
0 -0.015 0.505 -0.0003090781309 2
0 -0.015 0.515 -0.0001386145309 2
0 -0.015 0.525 0 2
0 -0.015 0.535 0 2
0 -0.015 0.545 0 2
0 -0.015 0.555 0 2
0 -0.015 0.565 0 2
0 -0.005 -0.555 0 2
0 -0.005 -0.545 0 2
0 -0.005 -0.535 0 2
0 -0.005 -0.525 0 2
0 -0.005 -0.515 -0.0002041364634 2
0 -0.005 -0.505 -0.000417647776 2
0 -0.005 -0.495 -0.001169952243 2
0 -0.005 -0.485 -0.001200871128 2
0 -0.005 -0.475 -0.0008359589026 2
0 -0.005 -0.465 0.0004551384828 2
0 -0.005 -0.455 0.002274300799 2
0 -0.005 -0.445 0.004582378296 2
0 -0.005 -0.435 0.00726073782 2
0 -0.005 -0.425 0.01021423915 2
0 -0.005 -0.415 0.01333473097 2
0 -0.005 -0.405 0.01629012225 2
0 -0.005 -0.395 0.0188479045 2
0 -0.005 -0.385 0.02065180626 1
0 -0.005 -0.375 0.02228605174 1
0 -0.005 -0.365 0.0235997025 1
0 -0.005 -0.355 0.02485517807 1
0 -0.005 -0.345 0.02611848326 1
0 -0.005 -0.335 0.02761454611 1
0 -0.005 -0.325 0.02980300254 1
0 -0.005 -0.315 0.03276012624 1
0 -0.005 -0.305 0.03589255109 2
0 -0.005 -0.295 0.03839636311 2
0 -0.005 -0.285 0.03987375029 2
0 -0.005 -0.275 0.04032768576 2
0 -0.005 -0.265 0.04002852908 2
0 -0.005 -0.255 0.03916257512 2
0 -0.005 -0.245 0.03779835619 2
0 -0.005 -0.235 0.03596577762 2
0 -0.005 -0.225 0.03369015329 2
0 -0.005 -0.215 0.03099969655 2
0 -0.005 -0.205 0.02792761446 2
0 -0.005 -0.195 0.02451227078 2
0 -0.005 -0.185 0.02079689137 2
0 -0.005 -0.175 0.01682898497 2
0 -0.005 -0.165 0.01265966707 2
0 -0.005 -0.155 0.008342934666 2
0 -0.005 -0.145 0.003934918079 2
0 -0.005 -0.135 -0.0005068806589 2
0 -0.005 -0.125 -0.004924358795 2
0 -0.005 -0.115 -0.009259592065 2
0 -0.005 -0.105 -0.01345562383 2
0 -0.005 -0.095 -0.01745726989 2
0 -0.005 -0.085 -0.02121195008 2
0 -0.005 -0.075 -0.02467056504 2
0 -0.005 -0.065 -0.02778844314 2
0 -0.005 -0.055 -0.03052638037 2
0 -0.005 -0.045 -0.03285178511 2
0 -0.005 -0.035 -0.03473985537 2
0 -0.005 -0.025 -0.03617462791 2
0 -0.005 -0.015 -0.0371494577 2
0 -0.005 -0.005 -0.03766633347 2
0 -0.005 0.005 -0.03773351081 2
0 -0.005 0.015 -0.03736133286 2
0 -0.005 0.025 -0.0365576037 2
0 -0.005 0.035 -0.03532368883 2
0 -0.005 0.045 -0.03365605942 2
0 -0.005 0.055 -0.03154930355 2
0 -0.005 0.065 -0.02900578087 2
0 -0.005 0.075 -0.02603885054 2
0 -0.005 0.085 -0.02267734445 2
0 -0.005 0.095 -0.01896195518 2
0 -0.005 0.105 -0.01494229028 2
0 -0.005 0.115 -0.01066902713 2
0 -0.005 0.125 -0.006197879541 2
0 -0.005 0.135 -0.001537034964 2
0 -0.005 0.145 0.003246137055 2
0 -0.005 0.155 0.008031759692 2
0 -0.005 0.165 0.01260616388 2
0 -0.005 0.175 0.0167488155 2
0 -0.005 0.185 0.02019220992 2
0 -0.005 0.195 0.02268136037 2
0 -0.005 0.205 0.02433722107 2
0 -0.005 0.215 0.02531537601 1
0 -0.005 0.225 0.02638191254 1
0 -0.005 0.235 0.02761250957 1
0 -0.005 0.245 0.02926273398 1
0 -0.005 0.255 0.03126655894 1
0 -0.005 0.265 0.03365507477 2
0 -0.005 0.275 0.03572848525 2
0 -0.005 0.285 0.03740817622 2
0 -0.005 0.295 0.0383933913 2
0 -0.005 0.305 0.0388054458 2
0 -0.005 0.315 0.03865646023 2
0 -0.005 0.325 0.03795847664 2
0 -0.005 0.335 0.03677471181 2
0 -0.005 0.345 0.03514229067 2
0 -0.005 0.355 0.03309531221 2
0 -0.005 0.365 0.03065577492 2
0 -0.005 0.375 0.02786121532 2
0 -0.005 0.385 0.02475840302 2
0 -0.005 0.395 0.02142050985 2
0 -0.005 0.405 0.01793663381 2
0 -0.005 0.415 0.01441778613 2
0 -0.005 0.425 0.01097377258 2
0 -0.005 0.435 0.007716781924 2
0 -0.005 0.445 0.004788950072 2
0 -0.005 0.455 0.002312305702 2
0 -0.005 0.465 0.0004115135506 2
0 -0.005 0.475 -0.0009092662546 2
0 -0.005 0.485 -0.001281338375 2
0 -0.005 0.495 -0.001248138411 2
0 -0.005 0.505 -0.0004610119188 2
0 -0.005 0.515 -0.000225993742 2
0 -0.005 0.525 0 2
0 -0.005 0.535 0 2
0 -0.005 0.545 0 2
0 -0.005 0.555 0 2
0 -0.005 0.565 0 2
0 0.005 -0.555 0 2
0 0.005 -0.545 0 2
0 0.005 -0.535 0 2
0 0.005 -0.525 0 2
0 0.005 -0.515 -2.839161209e-05 2
0 0.005 -0.505 0.0001560686194 2
0 0.005 -0.495 -0.000326140168 2
0 0.005 -0.485 -3.98505295e-05 2
0 0.005 -0.475 0.000551260984 2
0 0.005 -0.465 0.002386573442 2
0 0.005 -0.455 0.004948989034 2
0 0.005 -0.445 0.008212414249 2
0 0.005 -0.435 0.01201950523 2
0 0.005 -0.425 0.01623573211 2
0 0.005 -0.415 0.02068859425 2
0 0.005 -0.405 0.02501402121 2
0 0.005 -0.395 0.02868974271 2
0 0.005 -0.385 0.03135995985 1
0 0.005 -0.375 0.0334836053 1
0 0.005 -0.365 0.03546967423 1
0 0.005 -0.355 0.03752882651 1
0 0.005 -0.345 0.03997478004 1
0 0.005 -0.335 0.04278790479 1
0 0.005 -0.325 0.04648028614 1
0 0.005 -0.315 0.05045438793 2
0 0.005 -0.305 0.05426396106 2
0 0.005 -0.295 0.05715522753 2
0 0.005 -0.285 0.05875105792 2
0 0.005 -0.275 0.05909977224 2
0 0.005 -0.265 0.05852483027 2
0 0.005 -0.255 0.05720406423 2
0 0.005 -0.245 0.0551857033 2
0 0.005 -0.235 0.05249605002 2
0 0.005 -0.225 0.04916843058 2
0 0.005 -0.215 0.04524204125 2
0 0.005 -0.205 0.04076414727 2
0 0.005 -0.195 0.03578985593 2
0 0.005 -0.185 0.03038153216 2
0 0.005 -0.175 0.02460789064 2
0 0.005 -0.165 0.01854297958 2
0 0.005 -0.155 0.01226510387 2
0 0.005 -0.145 0.005855719553 2
0 0.005 -0.135 -0.000601689513 2
0 0.005 -0.125 -0.007022747922 2
0 0.005 -0.115 -0.01332333725 2
0 0.005 -0.105 -0.01942075998 2
0 0.005 -0.095 -0.02523492742 2
0 0.005 -0.085 -0.03068958695 2
0 0.005 -0.075 -0.03571361381 2
0 0.005 -0.065 -0.04024239765 2
0 0.005 -0.055 -0.04421935395 2
0 0.005 -0.045 -0.04759757309 2
0 0.005 -0.035 -0.05034148655 2
0 0.005 -0.025 -0.05242837734 2
0 0.005 -0.015 -0.05384902936 2
0 0.005 -0.005 -0.0546068938 2
0 0.005 0.005 -0.05471465393 2
0 0.005 0.015 -0.05418759846 2
0 0.005 0.025 -0.05303706407 2
0 0.005 0.035 -0.05126429983 2
0 0.005 0.045 -0.04886508346 2
0 0.005 0.055 -0.04582927196 2
0 0.005 0.065 -0.04215960287 2
0 0.005 0.075 -0.03787133686 2
0 0.005 0.085 -0.03300508121 2
0 0.005 0.095 -0.027617673 2
0 0.005 0.105 -0.02178203899 2
0 0.005 0.115 -0.01557361476 2
0 0.005 0.125 -0.009063590757 2
0 0.005 0.135 -0.00228904481 2
0 0.005 0.145 0.00460351568 2
0 0.005 0.155 0.0113667075 2
0 0.005 0.165 0.01761278796 2
0 0.005 0.175 0.02310455831 2
0 0.005 0.185 0.02755712537 2
0 0.005 0.195 0.0309070367 1
0 0.005 0.205 0.03336668131 1
0 0.005 0.215 0.03524440435 1
0 0.005 0.225 0.03717930606 1
0 0.005 0.235 0.03928889022 1
0 0.005 0.245 0.04164569379 1
0 0.005 0.255 0.04461849195 1
0 0.005 0.265 0.04806021412 1
0 0.005 0.275 0.05170458733 2
0 0.005 0.285 0.05441933808 2
0 0.005 0.295 0.05611864046 2
0 0.005 0.305 0.05678213704 2
0 0.005 0.315 0.05662329701 2
0 0.005 0.325 0.0556745636 2
0 0.005 0.335 0.05403396647 2
0 0.005 0.345 0.0517466254 2
0 0.005 0.355 0.04886678096 2
0 0.005 0.365 0.04541606522 2
0 0.005 0.375 0.04145482643 2
0 0.005 0.385 0.03704511715 2
0 0.005 0.395 0.0322969547 2
0 0.005 0.405 0.0273345037 2
0 0.005 0.415 0.02232720029 2
0 0.005 0.425 0.01743347361 2
0 0.005 0.435 0.01281009742 2
0 0.005 0.445 0.008634184097 2
0 0.005 0.455 0.005077957048 2
0 0.005 0.465 0.002332870448 2
0 0.005 0.475 0.0003983312951 2
0 0.005 0.485 -0.0002249114134 2
0 0.005 0.495 -0.0005013600898 2
0 0.005 0.505 6.150815642e-05 2
0 0.005 0.515 -7.218790596e-05 2
0 0.005 0.525 0 2
0 0.005 0.535 0 2
0 0.005 0.545 0 2
0 0.005 0.555 0 2
0 0.005 0.565 0 2
0 0.015 -0.555 0 2
0 0.015 -0.545 0 2
0 0.015 -0.535 0 2
0 0.015 -0.525 0 2
0 0.015 -0.515 0.0003849139311 2
0 0.015 -0.505 0.001207059179 2
0 0.015 -0.495 0.00150689734 2
0 0.015 -0.485 0.002100162649 2
0 0.015 -0.475 0.002746752936 2
0 0.015 -0.465 0.004670349135 2
0 0.015 -0.455 0.007318231555 2
0 0.015 -0.445 0.01070275548 2
0 0.015 -0.435 0.01468380441 2
0 0.015 -0.425 0.01911515486 2
0 0.015 -0.415 0.02380951506 2
0 0.015 -0.405 0.02838824067 2
0 0.015 -0.395 0.03220279537 2
0 0.015 -0.385 0.03529886535 2
0 0.015 -0.375 0.03763302318 1
0 0.015 -0.365 0.04026065399 1
0 0.015 -0.355 0.04314978029 1
0 0.015 -0.345 0.04653813847 1
0 0.015 -0.335 0.05022353801 1
0 0.015 -0.325 0.05418002105 2
0 0.015 -0.315 0.05780355935 2
0 0.015 -0.305 0.06082037854 2
0 0.015 -0.295 0.06284180771 2
0 0.015 -0.285 0.06376990959 2
0 0.015 -0.275 0.06377226355 2
0 0.015 -0.265 0.0630102787 2
0 0.015 -0.255 0.06152788352 2
0 0.015 -0.245 0.05932679894 2
0 0.015 -0.235 0.05642122507 2
0 0.015 -0.225 0.05284045007 2
0 0.015 -0.215 0.04862350749 2
0 0.015 -0.205 0.04381953774 2
0 0.015 -0.195 0.03848674205 2
0 0.015 -0.185 0.0326914116 2
0 0.015 -0.175 0.02650680172 2
0 0.015 -0.165 0.02001197149 2
0 0.015 -0.155 0.01329059587 2
0 0.015 -0.145 0.006429763922 2
0 0.015 -0.135 -0.0004812341104 2
0 0.015 -0.125 -0.00735212941 2
0 0.015 -0.115 -0.01409290755 2
0 0.015 -0.105 -0.02061505511 2
0 0.015 -0.095 -0.0268328287 2
0 0.015 -0.085 -0.03266456093 2
0 0.015 -0.075 -0.03803403183 2
0 0.015 -0.065 -0.04287193539 2
0 0.015 -0.055 -0.04711749787 2
0 0.015 -0.045 -0.05072027463 2
0 0.015 -0.035 -0.05364208341 2
0 0.015 -0.025 -0.05585912976 2
0 0.015 -0.015 -0.05736314066 2
0 0.015 -0.005 -0.05816175699 2
0 0.015 0.005 -0.05827422217 2
0 0.015 0.015 -0.05772278085 2
0 0.015 0.025 -0.05652401265 2
0 0.015 0.035 -0.05467794703 2
0 0.015 0.045 -0.05217763299 2
0 0.015 0.055 -0.04899683804 2
0 0.015 0.065 -0.04513382984 2
0 0.015 0.075 -0.04059505768 2
0 0.015 0.085 -0.03542616363 2
0 0.015 0.095 -0.02968582023 2
0 0.015 0.105 -0.02346098524 2
0 0.015 0.115 -0.01683786891 2
0 0.015 0.125 -0.009883045764 2
0 0.015 0.135 -0.002689499767 2
0 0.015 0.145 0.00453831349 2
0 0.015 0.155 0.01137844392 2
0 0.015 0.165 0.01749858952 2
0 0.015 0.175 0.02276691399 2
0 0.015 0.185 0.02698928551 1
0 0.015 0.195 0.03040348391 1
0 0.015 0.205 0.0332171741 1
0 0.015 0.215 0.03595811116 1
0 0.015 0.225 0.03858709776 1
0 0.015 0.235 0.041206306 1
0 0.015 0.245 0.04388647495 1
0 0.015 0.255 0.04728931659 1
0 0.015 0.265 0.05100725031 1
0 0.015 0.275 0.05541182933 2
0 0.015 0.285 0.05855135347 2
0 0.015 0.295 0.0605678565 2
0 0.015 0.305 0.061339246 2
0 0.015 0.315 0.06121492663 2
0 0.015 0.325 0.06028593242 2
0 0.015 0.335 0.05867612798 2
0 0.015 0.345 0.05639948295 2
0 0.015 0.355 0.05352652296 2
0 0.015 0.365 0.05002339051 2
0 0.015 0.375 0.04595995262 2
0 0.015 0.385 0.04135413323 2
0 0.015 0.395 0.03634481129 2
0 0.015 0.405 0.03106012125 2
0 0.015 0.415 0.02571878562 2
0 0.015 0.425 0.02049434208 2
0 0.015 0.435 0.01559974927 2
0 0.015 0.445 0.0112104733 2
0 0.015 0.455 0.007467195813 2
0 0.015 0.465 0.004560452061 2
0 0.015 0.475 0.0024843988 2
0 0.015 0.485 0.001800912535 2
0 0.015 0.495 0.001245935101 2
0 0.015 0.505 0.00107328236 2
0 0.015 0.515 0.0003221902934 2
0 0.015 0.525 0 2
0 0.015 0.535 0 2
0 0.015 0.545 0 2
0 0.015 0.555 0 2
0 0.015 0.565 0 2
0 0.025 -0.555 0 2
0 0.025 -0.545 0 2
0 0.025 -0.535 0 2
0 0.025 -0.525 0 2
0 0.025 -0.515 0.0009344919965 2
0 0.025 -0.505 0.002607766383 2
0 0.025 -0.495 0.003898564765 2
0 0.025 -0.485 0.004940846577 2
0 0.025 -0.475 0.005558267567 2
0 0.025 -0.465 0.007194167483 2
0 0.025 -0.455 0.009348438532 2
0 0.025 -0.445 0.01209801844 2
0 0.025 -0.435 0.01535915734 2
0 0.025 -0.425 0.01898278734 2
0 0.025 -0.415 0.02277110351 2
0 0.025 -0.405 0.02636164285 2
0 0.025 -0.395 0.02940267759 2
0 0.025 -0.385 0.03202293673 2
0 0.025 -0.375 0.03437210057 1
0 0.025 -0.365 0.03732946976 1
0 0.025 -0.355 0.04099107078 1
0 0.025 -0.345 0.04491258165 1
0 0.025 -0.335 0.04880126638 2
0 0.025 -0.325 0.05188181864 2
0 0.025 -0.315 0.05411066401 2
0 0.025 -0.305 0.05532528189 2
0 0.025 -0.295 0.05583005847 2
0 0.025 -0.285 0.0558429447 2
0 0.025 -0.275 0.05545299879 2
0 0.025 -0.265 0.05460423076 2
0 0.025 -0.255 0.0532284071 2
0 0.025 -0.245 0.05127742574 2
0 0.025 -0.235 0.04874335411 2
0 0.025 -0.225 0.04564240322 2
0 0.025 -0.215 0.04200395979 2
0 0.025 -0.205 0.03786805051 2
0 0.025 -0.195 0.03328337831 2
0 0.025 -0.185 0.028306013 2
0 0.025 -0.175 0.02299822106 2
0 0.025 -0.165 0.01742737898 2
0 0.025 -0.155 0.01166490954 2
0 0.025 -0.145 0.005785227387 2
0 0.025 -0.135 -0.0001353162376 2
0 0.025 -0.125 -0.0060194919 2
0 0.025 -0.115 -0.01179025545 2
0 0.025 -0.105 -0.01737181828 2
0 0.025 -0.095 -0.02269072988 2
0 0.025 -0.085 -0.02767697948 2
0 0.025 -0.075 -0.03226513975 2
0 0.025 -0.065 -0.03639556267 2
0 0.025 -0.055 -0.04001571353 2
0 0.025 -0.045 -0.04308162629 2
0 0.025 -0.035 -0.04555972276 2
0 0.025 -0.025 -0.04742915967 2
0 0.025 -0.015 -0.048683685 2
0 0.025 -0.005 -0.04933537926 2
0 0.025 0.005 -0.04941205765 2
0 0.025 0.015 -0.04895670838 2
0 0.025 0.025 -0.04800705804 2
0 0.025 0.035 -0.04655299437 2
0 0.025 0.045 -0.04458560012 2
0 0.025 0.055 -0.04203017686 2
0 0.025 0.065 -0.03887354326 2
0 0.025 0.075 -0.03507286184 2
0 0.025 0.085 -0.03068428569 2
0 0.025 0.095 -0.02575621267 2
0 0.025 0.105 -0.02041051605 2
0 0.025 0.115 -0.01472812446 2
0 0.025 0.125 -0.008781339475 2
0 0.025 0.135 -0.002730145498 2
0 0.025 0.145 0.003173513328 2
0 0.025 0.155 0.008517030087 2
0 0.025 0.165 0.01320667148 2
0 0.025 0.175 0.01700414255 1
0 0.025 0.185 0.02018193466 1
0 0.025 0.195 0.02314904883 1
0 0.025 0.205 0.02607375554 1
0 0.025 0.215 0.0292270563 1
0 0.025 0.225 0.03216538007 1
0 0.025 0.235 0.03489037664 1
0 0.025 0.245 0.03761567864 1
0 0.025 0.255 0.04082057542 1
0 0.025 0.265 0.04461090025 1
0 0.025 0.275 0.04842809948 2
0 0.025 0.285 0.05129742503 2
0 0.025 0.295 0.05297083676 2
0 0.025 0.305 0.05357386089 2
0 0.025 0.315 0.05347123238 2
0 0.025 0.325 0.05276701489 2
0 0.025 0.335 0.05155677843 2
0 0.025 0.345 0.04976764677 2
0 0.025 0.355 0.04753325805 2
0 0.025 0.365 0.04470396248 2
0 0.025 0.375 0.04142609218 2
0 0.025 0.385 0.03767294695 2
0 0.025 0.395 0.03358892539 2
0 0.025 0.405 0.02921803343 2
0 0.025 0.415 0.02477477023 2
0 0.025 0.425 0.02039601795 2
0 0.025 0.435 0.01627642267 2
0 0.025 0.445 0.01258567721 2
0 0.025 0.455 0.009447360102 2
0 0.025 0.465 0.007011829994 2
0 0.025 0.475 0.005201660639 2
0 0.025 0.485 0.004538295887 2
0 0.025 0.495 0.003542358639 2
0 0.025 0.505 0.002420371383 2
0 0.025 0.515 0.0008477199933 2
0 0.025 0.525 0 2
0 0.025 0.535 0 2
0 0.025 0.545 0 2
0 0.025 0.555 0 2
0 0.025 0.565 0 2
0 0.035 -0.555 0 2
0 0.035 -0.545 0 2
0 0.035 -0.535 0 2
0 0.035 -0.525 0 2
0 0.035 -0.515 0.001287653169 2
0 0.035 -0.505 0.003463219356 2
0 0.035 -0.495 0.005315674047 2
0 0.035 -0.485 0.006598402208 2
0 0.035 -0.475 0.00719669927 2
0 0.035 -0.465 0.00875796578 2
0 0.035 -0.455 0.01072012988 2
0 0.035 -0.445 0.01319025313 2
0 0.035 -0.435 0.01611038709 2
0 0.035 -0.425 0.01930600391 2
0 0.035 -0.415 0.02247679659 2
0 0.035 -0.405 0.02527716382 2
0 0.035 -0.395 0.02778638893 2
0 0.035 -0.385 0.03005650389 1
0 0.035 -0.375 0.03279466175 1
0 0.035 -0.365 0.0360765094 1
0 0.035 -0.355 0.04018781733 2
0 0.035 -0.345 0.04425538474 2
0 0.035 -0.335 0.04798743891 2
0 0.035 -0.325 0.05044109662 2
0 0.035 -0.315 0.05186098071 2
0 0.035 -0.305 0.05241282145 2
0 0.035 -0.295 0.05254723428 2
0 0.035 -0.285 0.05241673509 2
0 0.035 -0.275 0.05198078631 2
0 0.035 -0.265 0.05114542299 2
0 0.035 -0.255 0.04982624408 2
0 0.035 -0.245 0.04797972997 2
0 0.035 -0.235 0.04560071744 2
0 0.035 -0.225 0.04269991296 2
0 0.035 -0.215 0.03930296862 2
0 0.035 -0.205 0.03544621777 2
0 0.035 -0.195 0.03117453161 2
0 0.035 -0.185 0.0265398171 2
0 0.035 -0.175 0.02159981618 2
0 0.035 -0.165 0.01641705141 2
0 0.035 -0.155 0.0110578226 2
0 0.035 -0.145 0.005591225919 2
0 0.035 -0.135 8.817798072e-05 2
0 0.035 -0.125 -0.005379558693 2
0 0.035 -0.115 -0.01074034973 2
0 0.035 -0.105 -0.01592366078 2
0 0.035 -0.095 -0.02086102774 2
0 0.035 -0.085 -0.02548702367 2
0 0.035 -0.075 -0.02974024003 2
0 0.035 -0.065 -0.03356426926 2
0 0.035 -0.055 -0.03690881972 2
0 0.035 -0.045 -0.03973082388 2
0 0.035 -0.035 -0.04199632853 2
0 0.035 -0.025 -0.04368254816 2
0 0.035 -0.015 -0.0447819692 2
0 0.035 -0.005 -0.04531362644 2
0 0.035 0.005 -0.04531346615 2
0 0.035 0.015 -0.04486228189 2
0 0.035 0.025 -0.04401041477 2
0 0.035 0.035 -0.04275408864 2
0 0.035 0.045 -0.04108279619 2
0 0.035 0.055 -0.03883896111 2
0 0.035 0.065 -0.0360242806 2
0 0.035 0.075 -0.03258998693 2
0 0.035 0.085 -0.02862295744 2
0 0.035 0.095 -0.02412115559 2
0 0.035 0.105 -0.01924560856 2
0 0.035 0.115 -0.01403575367 2
0 0.035 0.125 -0.008593263861 2
0 0.035 0.135 -0.003116653136 2
0 0.035 0.145 0.002075106681 2
0 0.035 0.155 0.006743794475 2
0 0.035 0.165 0.01092731966 2
0 0.035 0.175 0.01439441439 1
0 0.035 0.185 0.01764199794 1
0 0.035 0.195 0.02079400798 1
0 0.035 0.205 0.02401758677 1
0 0.035 0.215 0.02728386624 1
0 0.035 0.225 0.03029781297 1
0 0.035 0.235 0.03331183659 1
0 0.035 0.245 0.03656746926 1
0 0.035 0.255 0.04007307131 1
0 0.035 0.265 0.04413310798 2
0 0.035 0.275 0.0471321303 2
0 0.035 0.285 0.0494126034 2
0 0.035 0.295 0.05043085224 2
0 0.035 0.305 0.05072137942 2
0 0.035 0.315 0.0504711475 2
0 0.035 0.325 0.04975232605 2
0 0.035 0.335 0.04856913875 2
0 0.035 0.345 0.04673699391 2
0 0.035 0.355 0.04448450683 2
0 0.035 0.365 0.04175385303 2
0 0.035 0.375 0.03880752304 2
0 0.035 0.385 0.03559328392 2
0 0.035 0.395 0.03216503995 2
0 0.035 0.405 0.02849726693 2
0 0.035 0.415 0.02465180212 2
0 0.035 0.425 0.02073035538 2
0 0.035 0.435 0.01692952088 2
0 0.035 0.445 0.01351809444 2
0 0.035 0.455 0.01062549915 2
0 0.035 0.465 0.008394204026 2
0 0.035 0.475 0.006676637522 2
0 0.035 0.485 0.00604361188 2
0 0.035 0.495 0.004827771487 2
0 0.035 0.505 0.003195203117 2
0 0.035 0.515 0.001165441236 2
0 0.035 0.525 0 2
0 0.035 0.535 0 2
0 0.035 0.545 0 2
0 0.035 0.555 0 2
0 0.035 0.565 0 2
0 0.045 -0.555 0 2
0 0.045 -0.545 0 2
0 0.045 -0.535 0 2
0 0.045 -0.525 0 2
0 0.045 -0.515 0.00153924254 2
0 0.045 -0.505 0.004071470048 2
0 0.045 -0.495 0.006350942009 2
0 0.045 -0.485 0.007825984152 2
0 0.045 -0.475 0.008427424866 2
0 0.045 -0.465 0.009901628151 2
0 0.045 -0.455 0.01165486996 2
0 0.045 -0.445 0.01381331961 2
0 0.045 -0.435 0.01632592806 2
0 0.045 -0.425 0.01900110518 2
0 0.045 -0.415 0.02147560346 2
0 0.045 -0.405 0.02349935994 2
0 0.045 -0.395 0.0252248005 1
0 0.045 -0.385 0.02703982767 1
0 0.045 -0.375 0.0296508593 1
0 0.045 -0.365 0.03285502635 1
0 0.045 -0.355 0.03655730242 1
0 0.045 -0.345 0.04011022698 1
0 0.045 -0.335 0.0432805038 2
0 0.045 -0.325 0.04561722337 2
0 0.045 -0.315 0.0470230341 2
0 0.045 -0.305 0.04774285426 2
0 0.045 -0.295 0.04795556224 2
0 0.045 -0.285 0.04788069123 2
0 0.045 -0.275 0.04750649578 2
0 0.045 -0.265 0.04673940336 2
0 0.045 -0.255 0.04552736566 2
0 0.045 -0.245 0.04383792305 2
0 0.045 -0.235 0.04166580289 2
0 0.045 -0.225 0.03902093788 2
0 0.045 -0.215 0.03592693969 2
0 0.045 -0.205 0.03241701779 2
0 0.045 -0.195 0.02853207952 2
0 0.045 -0.185 0.02431934513 2
0 0.045 -0.175 0.01983125822 2
0 0.045 -0.165 0.01512454883 2
0 0.045 -0.155 0.01025934177 2
0 0.045 -0.145 0.005298286088 2
0 0.045 -0.135 0.0003056877311 2
0 0.045 -0.125 -0.004653355005 2
0 0.045 -0.115 -0.009513810942 2
0 0.045 -0.105 -0.01421156358 2
0 0.045 -0.095 -0.01868424072 2
0 0.045 -0.085 -0.02287201301 2
0 0.045 -0.075 -0.02671836887 2
0 0.045 -0.065 -0.03017081736 2
0 0.045 -0.055 -0.03318167835 2
0 0.045 -0.045 -0.03570859622 2
0 0.045 -0.035 -0.03771624268 2
0 0.045 -0.025 -0.03917642304 2
0 0.045 -0.015 -0.04007599539 2
0 0.045 -0.005 -0.04042356564 2
0 0.045 0.005 -0.0402565125 2
0 0.045 0.015 -0.03970811116 2
0 0.045 0.025 -0.03878566091 2
0 0.045 0.035 -0.03756675901 2
0 0.045 0.045 -0.03592828797 2
0 0.045 0.055 -0.03385158172 2
0 0.045 0.065 -0.03135078305 2
0 0.045 0.075 -0.02841996341 2
0 0.045 0.085 -0.02510689119 2
0 0.045 0.095 -0.02138655918 2
0 0.045 0.105 -0.01733647052 2
0 0.045 0.115 -0.0128880701 2
0 0.045 0.125 -0.008185911206 2
0 0.045 0.135 -0.003462212865 2
0 0.045 0.145 0.0009751489237 2
0 0.045 0.155 0.005073938446 2
0 0.045 0.165 0.008772820717 1
0 0.045 0.175 0.01216442447 1
0 0.045 0.185 0.01542939677 1
0 0.045 0.195 0.01867398804 1
0 0.045 0.205 0.02194094838 1
0 0.045 0.215 0.02513833908 1
0 0.045 0.225 0.02825977068 1
0 0.045 0.235 0.03168375127 1
0 0.045 0.245 0.03540189567 1
0 0.045 0.255 0.03929299409 1
0 0.045 0.265 0.04284573528 2
0 0.045 0.275 0.04511218404 2
0 0.045 0.285 0.04654641743 2
0 0.045 0.295 0.04691652563 2
0 0.045 0.305 0.04682717733 2
0 0.045 0.315 0.04626372541 2
0 0.045 0.325 0.04525836299 2
0 0.045 0.335 0.04366310607 2
0 0.045 0.345 0.04149029971 2
0 0.045 0.355 0.03894044681 2
0 0.045 0.365 0.03629965327 2
0 0.045 0.375 0.03372871566 2
0 0.045 0.385 0.03126133767 2
0 0.045 0.395 0.02874774348 2
0 0.045 0.405 0.0261790421 2
0 0.045 0.415 0.02329408989 2
0 0.045 0.425 0.02017978539 2
0 0.045 0.435 0.01690143188 2
0 0.045 0.445 0.01386732434 2
0 0.045 0.455 0.01125163237 2
0 0.045 0.465 0.009232830134 2
0 0.045 0.475 0.007615913197 2
0 0.045 0.485 0.006984410979 2
0 0.045 0.495 0.005620218278 2
0 0.045 0.505 0.003650991782 2
0 0.045 0.515 0.001355980398 2
0 0.045 0.525 0 2
0 0.045 0.535 0 2
0 0.045 0.545 0 2
0 0.045 0.555 0 2
0 0.045 0.565 0 2
0 0.055 -0.555 0 2
0 0.055 -0.545 0 2
0 0.055 -0.535 0 2
0 0.055 -0.525 0 2
0 0.055 -0.515 0.001679042363 2
0 0.055 -0.505 0.004403456593 2
0 0.055 -0.495 0.006953056082 2
0 0.055 -0.485 0.008562462093 2
0 0.055 -0.475 0.009199584738 2
0 0.055 -0.465 0.01062488769 2
0 0.055 -0.455 0.01223367638 2
0 0.055 -0.445 0.01415506068 2
0 0.055 -0.435 0.01632026486 2
0 0.055 -0.425 0.0185598059 2
0 0.055 -0.415 0.02051269139 2
0 0.055 -0.405 0.02203665963 2
0 0.055 -0.395 0.02320159869 1
0 0.055 -0.385 0.02479138831 1
0 0.055 -0.375 0.02697411612 1
0 0.055 -0.365 0.02968190775 1
0 0.055 -0.355 0.03241881463 1
0 0.055 -0.345 0.03513422032 1
0 0.055 -0.335 0.03767570245 1
0 0.055 -0.325 0.04013854919 2
0 0.055 -0.315 0.04204737016 2
0 0.055 -0.305 0.04326679029 2
0 0.055 -0.295 0.04391273938 2
0 0.055 -0.285 0.04406023001 2
0 0.055 -0.275 0.04385188765 2
0 0.055 -0.265 0.0432086072 2
0 0.055 -0.255 0.04212694112 2
0 0.055 -0.245 0.04058565615 2
0 0.055 -0.235 0.03858868357 2
0 0.055 -0.225 0.03615114093 2
0 0.055 -0.215 0.03329768811 2
0 0.055 -0.205 0.03006061233 2
0 0.055 -0.195 0.02647852658 2
0 0.055 -0.185 0.02259544892 2
0 0.055 -0.175 0.01845995142 2
0 0.055 -0.165 0.01412439986 2
0 0.055 -0.155 0.009644192748 2
0 0.055 -0.145 0.005077002246 2
0 0.055 -0.135 0.0004820078654 2
0 0.055 -0.125 -0.004080870179 2
0 0.055 -0.115 -0.008551730172 2
0 0.055 -0.105 -0.01287142804 2
0 0.055 -0.095 -0.01698228325 2
0 0.055 -0.085 -0.02082872663 2
0 0.055 -0.075 -0.02435788425 2
0 0.055 -0.065 -0.02752000855 2
0 0.055 -0.055 -0.0302689159 2
0 0.055 -0.045 -0.03256179459 2
0 0.055 -0.035 -0.03436040332 2
0 0.055 -0.025 -0.03562775972 2
0 0.055 -0.015 -0.03634006855 2
0 0.055 -0.005 -0.03646877167 2
0 0.055 0.005 -0.03605643671 2
0 0.055 0.015 -0.03522600794 2
0 0.055 0.025 -0.0339357335 2
0 0.055 0.035 -0.03241053215 2
0 0.055 0.045 -0.03038604286 2
0 0.055 0.055 -0.02825908939 2
0 0.055 0.065 -0.02593910143 2
0 0.055 0.075 -0.02349628923 2
0 0.055 0.085 -0.02086579312 2
0 0.055 0.095 -0.01805814709 2
0 0.055 0.105 -0.01491325837 2
0 0.055 0.115 -0.01137679738 2
0 0.055 0.125 -0.007527704764 2
0 0.055 0.135 -0.003538699332 2
0 0.055 0.145 0.0004011503122 2
0 0.055 0.155 0.004179403228 2
0 0.055 0.165 0.007592112726 1
0 0.055 0.175 0.01099825789 1
0 0.055 0.185 0.0143050022 1
0 0.055 0.195 0.01765791125 1
0 0.055 0.205 0.02105405703 1
0 0.055 0.215 0.02449962408 1
0 0.055 0.225 0.02815151516 1
0 0.055 0.235 0.03202245716 1
0 0.055 0.245 0.03596169363 1
0 0.055 0.255 0.03951805187 2
0 0.055 0.265 0.04205285372 2
0 0.055 0.275 0.04359227251 2
0 0.055 0.285 0.04415271204 2
0 0.055 0.295 0.04397945223 2
0 0.055 0.305 0.04340325724 2
0 0.055 0.315 0.04227674931 2
0 0.055 0.325 0.0406041312 2
0 0.055 0.335 0.03820933738 2
0 0.055 0.345 0.03561654473 2
0 0.055 0.355 0.03284227407 1
0 0.055 0.365 0.03041563248 1
0 0.055 0.375 0.02821055699 1
0 0.055 0.385 0.02640844947 1
0 0.055 0.395 0.0247805193 1
0 0.055 0.405 0.02328559909 2
0 0.055 0.415 0.02137033533 2
0 0.055 0.425 0.01910486181 2
0 0.055 0.435 0.01641940724 2
0 0.055 0.445 0.01374578101 2
0 0.055 0.455 0.01136993221 2
0 0.055 0.465 0.009518148947 2
0 0.055 0.475 0.00798132669 2
0 0.055 0.485 0.007322025076 2
0 0.055 0.495 0.005887157506 2
0 0.055 0.505 0.003768664169 2
0 0.055 0.515 0.001411856485 2
0 0.055 0.525 0 2
0 0.055 0.535 0 2
0 0.055 0.545 0 2
0 0.055 0.555 0 2
0 0.055 0.565 0 2
0 0.065 -0.555 0 2
0 0.065 -0.545 0 2
0 0.065 -0.535 0 2
0 0.065 -0.525 0 2
0 0.065 -0.515 0.0017363593 2
0 0.065 -0.505 0.004534731901 2
0 0.065 -0.495 0.007241698046 2
0 0.065 -0.485 0.00894852333 2
0 0.065 -0.475 0.009649107719 2
0 0.065 -0.465 0.01104593103 2
0 0.065 -0.455 0.01254154718 2
0 0.065 -0.445 0.01425837882 2
0 0.065 -0.435 0.01610449861 2
0 0.065 -0.425 0.01798202206 2
0 0.065 -0.415 0.01956887343 2
0 0.065 -0.405 0.02079758511 2
0 0.065 -0.395 0.02169813002 1
0 0.065 -0.385 0.02311170468 1
0 0.065 -0.375 0.024896144 1
0 0.065 -0.365 0.0270457438 1
0 0.065 -0.355 0.0289174134 1
0 0.065 -0.345 0.03075026035 1
0 0.065 -0.335 0.03263334639 1
0 0.065 -0.325 0.0348443352 1
0 0.065 -0.315 0.03718513938 2
0 0.065 -0.305 0.03880758668 2
0 0.065 -0.295 0.0399562138 2
0 0.065 -0.285 0.04041438181 2
0 0.065 -0.275 0.0404144386 2
0 0.065 -0.265 0.03993467855 2
0 0.065 -0.255 0.03899563955 2
0 0.065 -0.245 0.03760370693 2
0 0.065 -0.235 0.03577434276 2
0 0.065 -0.225 0.03353013955 2
0 0.065 -0.215 0.03089805048 2
0 0.065 -0.205 0.02791042997 2
0 0.065 -0.195 0.024604278 2
0 0.065 -0.185 0.02102097016 2
0 0.065 -0.175 0.01720571162 2
0 0.065 -0.165 0.0132069892 2
0 0.065 -0.155 0.00907595505 2
0 0.065 -0.145 0.004865782453 2
0 0.065 -0.135 0.0006309984797 2
0 0.065 -0.125 -0.003573189976 2
0 0.065 -0.115 -0.007691563023 2
0 0.065 -0.105 -0.01166952927 2
0 0.065 -0.095 -0.0154537225 2
0 0.065 -0.085 -0.01899251861 2
0 0.065 -0.075 -0.02223645362 2
0 0.065 -0.065 -0.02513841785 2
0 0.065 -0.055 -0.02765375928 2
0 0.065 -0.045 -0.02973942833 2
0 0.065 -0.035 -0.03135440714 2
0 0.065 -0.025 -0.03245277912 2
0 0.065 -0.015 -0.03299710021 2
0 0.065 -0.005 -0.03290026518 2
0 0.065 0.005 -0.03219368072 2
0 0.065 0.015 -0.0308971965 2
0 0.065 0.025 -0.0290419601 2
0 0.065 0.035 -0.02688968013 2
0 0.065 0.045 -0.02450824919 1
0 0.065 0.055 -0.02233338448 1
0 0.065 0.065 -0.02018334033 1
0 0.065 0.075 -0.01815188422 1
0 0.065 0.085 -0.01614052644 1
0 0.065 0.095 -0.01413377581 2
0 0.065 0.105 -0.0117578362 2
0 0.065 0.115 -0.009109161702 2
0 0.065 0.125 -0.006146424613 2
0 0.065 0.135 -0.002920665903 2
0 0.065 0.145 0.0005710256561 2
0 0.065 0.155 0.004109616387 2
0 0.065 0.165 0.007508008495 1
0 0.065 0.175 0.0109093691 1
0 0.065 0.185 0.0143834708 1
0 0.065 0.195 0.01796402903 1
0 0.065 0.205 0.02163974178 1
0 0.065 0.215 0.02542293644 1
0 0.065 0.225 0.02955330282 1
0 0.065 0.235 0.03337398519 1
0 0.065 0.245 0.03691351924 2
0 0.065 0.255 0.03952117936 2
0 0.065 0.265 0.04102945438 2
0 0.065 0.275 0.04162630315 2
0 0.065 0.285 0.04143890535 2
0 0.065 0.295 0.04072824557 2
0 0.065 0.305 0.03952272763 2
0 0.065 0.315 0.03765363374 2
0 0.065 0.325 0.03530383408 2
0 0.065 0.335 0.0325673453 1
0 0.065 0.345 0.03004770246 1
0 0.065 0.355 0.02759414968 1
0 0.065 0.365 0.02555781705 1
0 0.065 0.375 0.02378724955 1
0 0.065 0.385 0.022365097 1
0 0.065 0.395 0.02122875397 1
0 0.065 0.405 0.02032824901 1
0 0.065 0.415 0.01921154913 2
0 0.065 0.425 0.01759720347 2
0 0.065 0.435 0.01548448406 2
0 0.065 0.445 0.01319609522 2
0 0.065 0.455 0.01108157432 2
0 0.065 0.465 0.009382759094 2
0 0.065 0.475 0.007920689065 2
0 0.065 0.485 0.007207631046 2
0 0.065 0.495 0.005755946483 2
0 0.065 0.505 0.003628179375 2
0 0.065 0.515 0.001364193381 2
0 0.065 0.525 0 2
0 0.065 0.535 0 2
0 0.065 0.545 0 2
0 0.065 0.555 0 2
0 0.065 0.565 0 2
0 0.075 -0.555 0 2
0 0.075 -0.545 0 2
0 0.075 -0.535 0 2
0 0.075 -0.525 0 2
0 0.075 -0.515 0.001720686744 2
0 0.075 -0.505 0.004491642336 2
0 0.075 -0.495 0.007268577368 2
0 0.075 -0.485 0.00906260812 2
0 0.075 -0.475 0.009884689705 2
0 0.075 -0.465 0.01130569696 2
0 0.075 -0.455 0.01275198894 2
0 0.075 -0.445 0.01432052494 2
0 0.075 -0.435 0.01590623013 2
0 0.075 -0.425 0.01747329235 2
0 0.075 -0.415 0.01882326889 2
0 0.075 -0.405 0.01987427112 2
0 0.075 -0.395 0.02064253447 1
0 0.075 -0.385 0.02181362112 1
0 0.075 -0.375 0.02328776739 1
0 0.075 -0.365 0.02504579594 1
0 0.075 -0.355 0.02656987583 1
0 0.075 -0.345 0.02788821572 1
0 0.075 -0.335 0.02922456976 1
0 0.075 -0.325 0.03084894716 1
0 0.075 -0.315 0.03307247918 2
0 0.075 -0.305 0.0350061177 2
0 0.075 -0.295 0.03648312361 2
0 0.075 -0.285 0.03722778546 2
0 0.075 -0.275 0.03742647223 2
0 0.075 -0.265 0.03711476253 2
0 0.075 -0.255 0.0363068895 2
0 0.075 -0.245 0.03504849396 2
0 0.075 -0.235 0.03336552618 2
0 0.075 -0.225 0.03128819888 2
0 0.075 -0.215 0.02884602951 2
0 0.075 -0.205 0.02607174737 2
0 0.075 -0.195 0.02300115764 2
0 0.075 -0.185 0.01967348684 2
0 0.075 -0.175 0.01613112771 2
0 0.075 -0.165 0.0124192885 2
0 0.075 -0.155 0.008585508719 2
0 0.075 -0.145 0.004679116847 2
0 0.075 -0.135 0.0007506491304 2
0 0.075 -0.125 -0.003148745749 2
0 0.075 -0.115 -0.006967897272 2
0 0.075 -0.105 -0.01065617696 2
0 0.075 -0.095 -0.01416401202 2
0 0.075 -0.085 -0.01744330836 2
0 0.075 -0.075 -0.02044775426 2
0 0.075 -0.065 -0.02313286035 2
0 0.075 -0.055 -0.02545583473 2
0 0.075 -0.045 -0.02737431041 2
0 0.075 -0.035 -0.02884606854 2
0 0.075 -0.025 -0.02981983608 2
0 0.075 -0.015 -0.03024705753 2
0 0.075 -0.005 -0.02998891434 2
0 0.075 0.005 -0.02905454568 2
0 0.075 0.015 -0.02739635309 2
0 0.075 0.025 -0.02526759539 2
0 0.075 0.035 -0.0226220307 1
0 0.075 0.045 -0.020206219 1
0 0.075 0.055 -0.01793452966 1
0 0.075 0.065 -0.01591873089 1
0 0.075 0.075 -0.01401123273 1
0 0.075 0.085 -0.01220388594 1
0 0.075 0.095 -0.01053355437 1
0 0.075 0.105 -0.008656941975 1
0 0.075 0.115 -0.006539922568 2
0 0.075 0.125 -0.004157820933 2
0 0.075 0.135 -0.001527688907 2
0 0.075 0.145 0.001485497146 2
0 0.075 0.155 0.004811949792 2
0 0.075 0.165 0.008375348841 2
0 0.075 0.175 0.01198512307 1
0 0.075 0.185 0.01575603678 1
0 0.075 0.195 0.01962948166 1
0 0.075 0.205 0.02357361856 1
0 0.075 0.215 0.02748181746 1
0 0.075 0.225 0.03140297823 2
0 0.075 0.235 0.03474981071 2
0 0.075 0.245 0.03737576853 2
0 0.075 0.255 0.03892714823 2
0 0.075 0.265 0.0394854271 2
0 0.075 0.275 0.03927931502 2
0 0.075 0.285 0.03853744726 2
0 0.075 0.295 0.03722134297 2
0 0.075 0.305 0.03542460189 2
0 0.075 0.315 0.03303690158 2
0 0.075 0.325 0.03048573791 1
0 0.075 0.335 0.0280779987 1
0 0.075 0.345 0.02603495203 1
0 0.075 0.355 0.0243334393 1
0 0.075 0.365 0.02278596626 1
0 0.075 0.375 0.02132031585 1
0 0.075 0.385 0.01993970112 1
0 0.075 0.395 0.01887206436 1
0 0.075 0.405 0.0180118154 1
0 0.075 0.415 0.01726751169 2
0 0.075 0.425 0.01599999803 2
0 0.075 0.435 0.01429655956 2
0 0.075 0.445 0.01234693769 2
0 0.075 0.455 0.01048416528 2
0 0.075 0.465 0.008912845073 2
0 0.075 0.475 0.007513615253 2
0 0.075 0.485 0.006724588258 2
0 0.075 0.495 0.00529969742 2
0 0.075 0.505 0.003278212445 2
0 0.075 0.515 0.00123208533 2
0 0.075 0.525 0 2
0 0.075 0.535 0 2
0 0.075 0.545 0 2
0 0.075 0.555 0 2
0 0.075 0.565 0 2
0 0.085 -0.555 0 2
0 0.085 -0.545 0 2
0 0.085 -0.535 0 2
0 0.085 -0.525 0 2
0 0.085 -0.515 0.001633665511 2
0 0.085 -0.505 0.004289122351 2
0 0.085 -0.495 0.007067116683 2
0 0.085 -0.485 0.008928647832 2
0 0.085 -0.475 0.009891929242 2
0 0.085 -0.465 0.01133050051 2
0 0.085 -0.455 0.01272995294 2
0 0.085 -0.445 0.01415776772 2
0 0.085 -0.435 0.01552761806 2
0 0.085 -0.425 0.0168395398 2
0 0.085 -0.415 0.01806703326 2
0 0.085 -0.405 0.01901949191 2
0 0.085 -0.395 0.019759506 1
0 0.085 -0.385 0.02063949972 1
0 0.085 -0.375 0.02194571298 1
0 0.085 -0.365 0.02344129839 1
0 0.085 -0.355 0.02483053903 1
0 0.085 -0.345 0.02594137356 1
0 0.085 -0.335 0.02694284115 1
0 0.085 -0.325 0.02823568772 1
0 0.085 -0.315 0.02994708773 1
0 0.085 -0.305 0.03199052795 2
0 0.085 -0.295 0.03354326436 2
0 0.085 -0.285 0.0345164008 2
0 0.085 -0.275 0.0348687802 2
0 0.085 -0.265 0.03469114209 2
0 0.085 -0.255 0.0339839646 2
0 0.085 -0.245 0.03283386905 2
0 0.085 -0.235 0.03127377376 2
0 0.085 -0.225 0.02933897229 2
0 0.085 -0.215 0.02706033605 2
0 0.085 -0.205 0.02447038371 2
0 0.085 -0.195 0.02160362443 2
0 0.085 -0.185 0.01849727936 2
0 0.085 -0.175 0.01519122349 2
0 0.085 -0.165 0.0117277696 2
0 0.085 -0.155 0.008151280943 2
0 0.085 -0.145 0.004507707091 2
0 0.085 -0.135 0.0008440705256 2
0 0.085 -0.125 -0.002792066832 2
0 0.085 -0.115 -0.006353135999 2
0 0.085 -0.105 -0.009792069168 2
0 0.085 -0.095 -0.01306275982 2
0 0.085 -0.085 -0.01612043454 2
0 0.085 -0.075 -0.01892190703 2
0 0.085 -0.065 -0.02142557362 2
0 0.085 -0.055 -0.0235912324 2
0 0.085 -0.045 -0.02537879034 2
0 0.085 -0.035 -0.02674777347 2
0 0.085 -0.025 -0.02764841897 2
0 0.085 -0.015 -0.02803129365 2
0 0.085 -0.005 -0.02775808252 2
0 0.085 0.005 -0.02682181188 2
0 0.085 0.015 -0.02514760163 2
0 0.085 0.025 -0.0230226706 2
0 0.085 0.035 -0.02031870957 1
0 0.085 0.045 -0.01805138104 1
0 0.085 0.055 -0.01576861844 1
0 0.085 0.065 -0.01372190288 1
0 0.085 0.075 -0.01170899839 1
0 0.085 0.085 -0.009738638551 1
0 0.085 0.095 -0.007870510354 1
0 0.085 0.105 -0.006072010781 1
0 0.085 0.115 -0.004128692917 1
0 0.085 0.125 -0.002033081791 2
0 0.085 0.135 0.00023480085 2
0 0.085 0.145 0.002762969762 2
0 0.085 0.155 0.005852593873 2
0 0.085 0.165 0.009542301825 2
0 0.085 0.175 0.01346773325 2
0 0.085 0.185 0.01749733905 2
0 0.085 0.195 0.02156130667 2
0 0.085 0.205 0.02544905632 2
0 0.085 0.215 0.02913418489 2
0 0.085 0.225 0.03233565063 2
0 0.085 0.235 0.03496958132 2
0 0.085 0.245 0.03660290275 2
0 0.085 0.255 0.03736165157 2
0 0.085 0.265 0.03736089482 2
0 0.085 0.275 0.03677845458 2
0 0.085 0.285 0.03560842797 2
0 0.085 0.295 0.0337940167 2
0 0.085 0.305 0.03153043592 2
0 0.085 0.315 0.02902693381 1
0 0.085 0.325 0.02685086367 1
0 0.085 0.335 0.02522995421 1
0 0.085 0.345 0.02392281666 1
0 0.085 0.355 0.0228524854 1
0 0.085 0.365 0.02168170473 1
0 0.085 0.375 0.02035676286 1
0 0.085 0.385 0.01887366937 1
0 0.085 0.395 0.01759566705 1
0 0.085 0.405 0.01655836071 1
0 0.085 0.415 0.01575945884 2
0 0.085 0.425 0.01455467689 2
0 0.085 0.435 0.01302154875 2
0 0.085 0.445 0.01132560469 2
0 0.085 0.455 0.009675051282 2
0 0.085 0.465 0.008199364918 2
0 0.085 0.475 0.006847309062 2
0 0.085 0.485 0.005963779926 2
0 0.085 0.495 0.004597660833 2
0 0.085 0.505 0.00277098758 2
0 0.085 0.515 0.001036019673 2
0 0.085 0.525 0 2
0 0.085 0.535 0 2
0 0.085 0.545 0 2
0 0.085 0.555 0 2
0 0.085 0.565 0 2
0 0.095 -0.555 0 2
0 0.095 -0.545 0 2
0 0.095 -0.535 0 2
0 0.095 -0.525 0 2
0 0.095 -0.515 0.001462486263 2
0 0.095 -0.505 0.003896882949 2
0 0.095 -0.495 0.006590580756 2
0 0.095 -0.485 0.008488256937 2
0 0.095 -0.475 0.009584998578 2
0 0.095 -0.465 0.01097829682 2
0 0.095 -0.455 0.01226880213 2
0 0.095 -0.445 0.01352383667 2
0 0.095 -0.435 0.0146884532 2
0 0.095 -0.425 0.01577711551 2
0 0.095 -0.415 0.01689460253 2
0 0.095 -0.405 0.01784730524 2
0 0.095 -0.395 0.01876361236 2
0 0.095 -0.385 0.01949414166 1
0 0.095 -0.375 0.02062409951 1
0 0.095 -0.365 0.02187630958 1
0 0.095 -0.355 0.02314612857 1
0 0.095 -0.345 0.02425075364 1
0 0.095 -0.335 0.02514841916 1
0 0.095 -0.325 0.02639493366 1
0 0.095 -0.315 0.02783171849 1
0 0.095 -0.305 0.0298686413 2
0 0.095 -0.295 0.03140384178 2
0 0.095 -0.285 0.03245195134 2
0 0.095 -0.275 0.03281662922 2
0 0.095 -0.265 0.03268246664 2
0 0.095 -0.255 0.03202886184 2
0 0.095 -0.245 0.0309530464 2
0 0.095 -0.235 0.02948840946 2
0 0.095 -0.225 0.0276701947 2
0 0.095 -0.215 0.02552845588 2
0 0.095 -0.205 0.02309440894 2
0 0.095 -0.195 0.02040089167 2
0 0.095 -0.185 0.0174830998 2
0 0.095 -0.175 0.0143785801 2
0 0.095 -0.165 0.01112705773 2
0 0.095 -0.155 0.007770097228 2
0 0.095 -0.145 0.004350685405 2
0 0.095 -0.135 0.000912763704 2
0 0.095 -0.125 -0.002499262269 2
0 0.095 -0.115 -0.005841016016 2
0 0.095 -0.105 -0.009068625285 2
0 0.095 -0.095 -0.01213915819 2
0 0.095 -0.085 -0.01501098651 2
0 0.095 -0.075 -0.01764405432 2
0 0.095 -0.065 -0.01999993843 2
0 0.095 -0.055 -0.02204178666 2
0 0.095 -0.045 -0.02373339047 2
0 0.095 -0.035 -0.02503901922 2
0 0.095 -0.025 -0.02591706745 2
0 0.095 -0.015 -0.02632776943 2
0 0.095 -0.005 -0.02617876269 2
0 0.095 0.005 -0.02545291542 2
0 0.095 0.015 -0.02411778095 2
0 0.095 0.025 -0.02226486657 2
0 0.095 0.035 -0.02006321307 1
0 0.095 0.045 -0.01766515622 1
0 0.095 0.055 -0.01533986528 1
0 0.095 0.065 -0.01306083717 1
0 0.095 0.075 -0.01084022882 1
0 0.095 0.085 -0.008596404631 1
0 0.095 0.095 -0.006381279194 1
0 0.095 0.105 -0.004323741504 1
0 0.095 0.115 -0.002271386173 1
0 0.095 0.125 -0.000266830124 1
0 0.095 0.135 0.001780881357 2
0 0.095 0.145 0.003992656109 2
0 0.095 0.155 0.006720766939 2
0 0.095 0.165 0.01009475084 2
0 0.095 0.175 0.01397016632 2
0 0.095 0.185 0.01800411036 2
0 0.095 0.195 0.02206454935 2
0 0.095 0.205 0.02573327314 2
0 0.095 0.215 0.0289589668 2
0 0.095 0.225 0.03147199154 2
0 0.095 0.235 0.03346174888 2
0 0.095 0.245 0.03461216112 2
0 0.095 0.255 0.03513744513 2
0 0.095 0.265 0.03501795739 2
0 0.095 0.275 0.03434975636 2
0 0.095 0.285 0.03297042709 2
0 0.095 0.295 0.03097594416 2
0 0.095 0.305 0.02844167019 1
0 0.095 0.315 0.02624807938 1
0 0.095 0.325 0.02469440324 1
0 0.095 0.335 0.02375101788 1
0 0.095 0.345 0.02293183658 1
0 0.095 0.355 0.02210813118 1
0 0.095 0.365 0.02111581786 1
0 0.095 0.375 0.01986367571 1
0 0.095 0.385 0.01841854212 1
0 0.095 0.395 0.01702891288 1
0 0.095 0.405 0.01587008089 1
0 0.095 0.415 0.01474264851 2
0 0.095 0.425 0.01335468361 2
0 0.095 0.435 0.01179241229 2
0 0.095 0.445 0.01025200057 2
0 0.095 0.455 0.008741269648 2
0 0.095 0.465 0.007319870381 2
0 0.095 0.475 0.005993832919 2
0 0.095 0.485 0.005000142876 2
0 0.095 0.495 0.003715384086 2
0 0.095 0.505 0.002149941527 2
0 0.095 0.515 0.0007930805837 2
0 0.095 0.525 0 2
0 0.095 0.535 0 2
0 0.095 0.545 0 2
0 0.095 0.555 0 2
0 0.095 0.565 0 2
0 0.105 -0.555 0 1
0 0.105 -0.545 0 1
0 0.105 -0.535 0 1
0 0.105 -0.525 0 2
0 0.105 -0.515 0.00120255284 2
0 0.105 -0.505 0.003281553259 2
0 0.105 -0.495 0.00575121367 2
0 0.105 -0.485 0.007618310763 2
0 0.105 -0.475 0.008762668994 2
0 0.105 -0.465 0.01001167268 2
0 0.105 -0.455 0.01109222559 2
0 0.105 -0.445 0.01213026237 2
0 0.105 -0.435 0.01308348335 2
0 0.105 -0.425 0.01400365624 2
0 0.105 -0.415 0.01501721614 2
0 0.105 -0.405 0.016088034 2
0 0.105 -0.395 0.01724087871 2
0 0.105 -0.385 0.01819126162 1
0 0.105 -0.375 0.0191877117 1
0 0.105 -0.365 0.02034532086 1
0 0.105 -0.355 0.0215131702 1
0 0.105 -0.345 0.02270580369 1
0 0.105 -0.335 0.02368916794 1
0 0.105 -0.325 0.02503529059 1
0 0.105 -0.315 0.02654184587 1
0 0.105 -0.305 0.02854078915 2
0 0.105 -0.295 0.03002821182 2
0 0.105 -0.285 0.0309868245 2
0 0.105 -0.275 0.03124403983 2
0 0.105 -0.265 0.03105319999 2
0 0.105 -0.255 0.03040456292 2
0 0.105 -0.245 0.02936893712 2
0 0.105 -0.235 0.02797349948 2
0 0.105 -0.225 0.02624774344 2
0 0.105 -0.215 0.02421867066 2
0 0.105 -0.205 0.02191505774 2
0 0.105 -0.195 0.01936764055 2
0 0.105 -0.185 0.01660950862 2
0 0.105 -0.175 0.01367600283 2
0 0.105 -0.165 0.01060449895 2
0 0.105 -0.155 0.00743407019 2
0 0.105 -0.145 0.00420508742 2
0 0.105 -0.135 0.0009587764162 2
0 0.105 -0.125 -0.002263247017 2
0 0.105 -0.115 -0.005419448324 2
0 0.105 -0.105 -0.008468835646 2
0 0.105 -0.095 -0.01137139639 2
0 0.105 -0.085 -0.01408848603 2
0 0.105 -0.075 -0.01658316091 2
0 0.105 -0.065 -0.0188203855 2
0 0.105 -0.055 -0.02076721641 2
0 0.105 -0.045 -0.02239251699 2
0 0.105 -0.035 -0.02366746863 2
0 0.105 -0.025 -0.024563296 2
0 0.105 -0.015 -0.0250570654 2
0 0.105 -0.005 -0.02513032423 2
0 0.105 0.005 -0.0247742814 2
0 0.105 0.015 -0.02398923943 2
0 0.105 0.025 -0.02256012534 2
0 0.105 0.035 -0.02085236131 2
0 0.105 0.045 -0.01830970825 1
0 0.105 0.055 -0.01582225168 1
0 0.105 0.065 -0.01320863733 1
0 0.105 0.075 -0.01070916439 1
0 0.105 0.085 -0.008291745098 1
0 0.105 0.095 -0.005821503076 1
0 0.105 0.105 -0.003413078733 1
0 0.105 0.115 -0.001150257465 1
0 0.105 0.125 0.0009600735352 1
0 0.105 0.135 0.002975152991 2
0 0.105 0.145 0.005008110064 1
0 0.105 0.155 0.007212003742 1
0 0.105 0.165 0.009855959551 1
0 0.105 0.175 0.01318722765 2
0 0.105 0.185 0.01684808478 2
0 0.105 0.195 0.02058338268 2
0 0.105 0.205 0.02404799836 2
0 0.105 0.215 0.02699115693 2
0 0.105 0.225 0.02926012827 2
0 0.105 0.235 0.03102736798 2
0 0.105 0.245 0.03220070976 2
0 0.105 0.255 0.03287279161 2
0 0.105 0.265 0.03295209612 2
0 0.105 0.275 0.03246729199 2
0 0.105 0.285 0.0311362967 2
0 0.105 0.295 0.02917358178 2
0 0.105 0.305 0.02662821018 1
0 0.105 0.315 0.02480730268 1
0 0.105 0.325 0.0235532935 1
0 0.105 0.335 0.02286671057 1
0 0.105 0.345 0.02219521605 1
0 0.105 0.355 0.02144215448 1
0 0.105 0.365 0.0205253591 1
0 0.105 0.375 0.01935830277 1
0 0.105 0.385 0.01804020186 1
0 0.105 0.395 0.01673043861 1
0 0.105 0.405 0.01545309852 2
0 0.105 0.415 0.01395418457 2
0 0.105 0.425 0.01232277912 2
0 0.105 0.435 0.01068851965 2
0 0.105 0.445 0.009199932909 2
0 0.105 0.455 0.007745835625 2
0 0.105 0.465 0.006336578713 2
0 0.105 0.475 0.005013735137 2
0 0.105 0.485 0.003897494736 2
0 0.105 0.495 0.002708932024 2
0 0.105 0.505 0.00145206878 2
0 0.105 0.515 0.000517891927 2
0 0.105 0.525 0 2
0 0.105 0.535 0 2
0 0.105 0.545 0 2
0 0.105 0.555 0 2
0 0.105 0.565 0 2
0 0.115 -0.555 0 1
0 0.115 -0.545 0 1
0 0.115 -0.535 0 1
0 0.115 -0.525 0 1
0 0.115 -0.515 0.0008904793272 1
0 0.115 -0.505 0.002478480591 2
0 0.115 -0.495 0.004562593278 2
0 0.115 -0.485 0.006242739338 2
0 0.115 -0.475 0.007362452225 2
0 0.115 -0.465 0.008463024076 2
0 0.115 -0.455 0.009283131913 1
0 0.115 -0.445 0.01009754894 1
0 0.115 -0.435 0.01090295509 1
0 0.115 -0.425 0.01177143267 1
0 0.115 -0.415 0.01276499522 1
0 0.115 -0.405 0.01394570126 1
0 0.115 -0.395 0.01521777222 1
0 0.115 -0.385 0.01662069617 2
0 0.115 -0.375 0.01787951878 1
0 0.115 -0.365 0.0192284264 1
0 0.115 -0.355 0.02041531751 1
0 0.115 -0.345 0.02164652445 1
0 0.115 -0.335 0.0228804221 1
0 0.115 -0.325 0.02442844294 1
0 0.115 -0.315 0.02618151521 1
0 0.115 -0.305 0.02802791496 2
0 0.115 -0.295 0.02932564233 2
0 0.115 -0.285 0.02999845448 2
0 0.115 -0.275 0.03006799901 2
0 0.115 -0.265 0.02974865872 2
0 0.115 -0.255 0.02906946133 2
0 0.115 -0.245 0.02804778024 2
0 0.115 -0.235 0.02669989238 2
0 0.115 -0.225 0.02504567067 2
0 0.115 -0.215 0.02310769281 2
0 0.115 -0.205 0.02091161861 2
0 0.115 -0.195 0.01848585246 2
0 0.115 -0.185 0.015861374 2
0 0.115 -0.175 0.01307145323 2
0 0.115 -0.165 0.0101513367 2
0 0.115 -0.155 0.007137881324 2
0 0.115 -0.145 0.004069150916 2
0 0.115 -0.135 0.0009839826809 2
0 0.115 -0.125 -0.002078465665 2
0 0.115 -0.115 -0.005079178289 2
0 0.115 -0.105 -0.00797974294 2
0 0.115 -0.095 -0.01074280395 2
0 0.115 -0.085 -0.01333249605 2
0 0.115 -0.075 -0.01571486526 2
0 0.115 -0.065 -0.01785825473 2
0 0.115 -0.055 -0.01973376468 2
0 0.115 -0.045 -0.02131564927 2
0 0.115 -0.035 -0.02258240826 2
0 0.115 -0.025 -0.02351824715 2
0 0.115 -0.015 -0.02411587807 2
0 0.115 -0.005 -0.02440591004 2
0 0.115 0.005 -0.02438783343 2
0 0.115 0.015 -0.02407731703 2
0 0.115 0.025 -0.02316339501 2
0 0.115 0.035 -0.02179401717 2
0 0.115 0.045 -0.01954118452 1
0 0.115 0.055 -0.01681590192 1
0 0.115 0.065 -0.01392898772 1
0 0.115 0.075 -0.01109794992 1
0 0.115 0.085 -0.008475178664 1
0 0.115 0.095 -0.005843386718 1
0 0.115 0.105 -0.003179639849 1
0 0.115 0.115 -0.0006720169411 1
0 0.115 0.125 0.001645826618 1
0 0.115 0.135 0.00373252407 1
0 0.115 0.145 0.005653326079 1
0 0.115 0.155 0.007500344842 1
0 0.115 0.165 0.009566085995 1
0 0.115 0.175 0.01216026262 1
0 0.115 0.185 0.01506990631 1
0 0.115 0.195 0.01805841173 1
0 0.115 0.205 0.02112892319 2
0 0.115 0.215 0.02403173469 2
0 0.115 0.225 0.02649739085 2
0 0.115 0.235 0.02844602608 2
0 0.115 0.245 0.02991099768 2
0 0.115 0.255 0.03089668644 2
0 0.115 0.265 0.03134605553 2
0 0.115 0.275 0.03120704373 2
0 0.115 0.285 0.03023262664 2
0 0.115 0.295 0.0285485236 2
0 0.115 0.305 0.02626837019 1
0 0.115 0.315 0.02442914816 1
0 0.115 0.325 0.02309869917 1
0 0.115 0.335 0.02227871304 1
0 0.115 0.345 0.02158680645 1
0 0.115 0.355 0.02083788897 1
0 0.115 0.365 0.01992164599 1
0 0.115 0.375 0.0188377211 1
0 0.115 0.385 0.01760901874 1
0 0.115 0.395 0.0163964331 2
0 0.115 0.405 0.01491749377 2
0 0.115 0.415 0.0131775637 2
0 0.115 0.425 0.01137086265 2
0 0.115 0.435 0.009702312765 2
0 0.115 0.445 0.008194443721 2
0 0.115 0.455 0.006728642777 2
0 0.115 0.465 0.005294612178 2
0 0.115 0.475 0.003953786603 2
0 0.115 0.485 0.002706211868 2
0 0.115 0.495 0.001622916991 2
0 0.115 0.505 0.000706633168 2
0 0.115 0.515 0.0002221320303 2
0 0.115 0.525 0 2
0 0.115 0.535 0 2
0 0.115 0.545 0 2
0 0.115 0.555 0 2
0 0.115 0.565 0 2
0 0.125 -0.555 0 1
0 0.125 -0.545 0 1
0 0.125 -0.535 0 1
0 0.125 -0.525 0 1
0 0.125 -0.515 0.0005221616265 1
0 0.125 -0.505 0.001504551048 1
0 0.125 -0.495 0.003042744954 2
0 0.125 -0.485 0.004383068257 2
0 0.125 -0.475 0.00543411744 2
0 0.125 -0.465 0.006375232286 1
0 0.125 -0.455 0.007117726506 1
0 0.125 -0.445 0.00796331659 1
0 0.125 -0.435 0.008872559265 1
0 0.125 -0.425 0.009878517026 1
0 0.125 -0.415 0.01098821829 1
0 0.125 -0.405 0.01226933814 1
0 0.125 -0.395 0.01370230372 1
0 0.125 -0.385 0.01539272304 1
0 0.125 -0.375 0.01711835154 1
0 0.125 -0.365 0.01889101284 1
0 0.125 -0.355 0.02060553976 1
0 0.125 -0.345 0.02205492186 1
0 0.125 -0.335 0.02360895672 1
0 0.125 -0.325 0.02513246506 1
0 0.125 -0.315 0.02688209834 1
0 0.125 -0.305 0.02815529499 2
0 0.125 -0.295 0.02906871676 2
0 0.125 -0.285 0.02932712013 2
0 0.125 -0.275 0.02915725848 2
0 0.125 -0.265 0.02869316362 2
0 0.125 -0.255 0.02797134554 2
0 0.125 -0.245 0.02695075549 2
0 0.125 -0.235 0.02563580985 2
0 0.125 -0.225 0.02403667052 2
0 0.125 -0.215 0.02217155098 2
0 0.125 -0.205 0.02006306685 2
0 0.125 -0.195 0.01773739883 2
0 0.125 -0.185 0.01522356033 2
0 0.125 -0.175 0.01255293696 2
0 0.125 -0.165 0.009758870973 2
0 0.125 -0.155 0.006876260166 2
0 0.125 -0.145 0.003941142707 2
0 0.125 -0.135 0.0009902646682 2
0 0.125 -0.125 -0.001939369096 2
0 0.125 -0.115 -0.004810956359 2
0 0.125 -0.105 -0.007588366842 2
0 0.125 -0.095 -0.01023661779 2
0 0.125 -0.085 -0.01272235622 2
0 0.125 -0.075 -0.01501436489 2
0 0.125 -0.065 -0.01708410817 2
0 0.125 -0.055 -0.01890641554 2
0 0.125 -0.045 -0.02046039935 2
0 0.125 -0.035 -0.02173084933 2
0 0.125 -0.025 -0.02271176996 2
0 0.125 -0.015 -0.02340716147 2
0 0.125 -0.005 -0.02385858816 2
0 0.125 0.005 -0.02409825707 2
0 0.125 0.015 -0.02413274912 2
0 0.125 0.025 -0.02373480099 2
0 0.125 0.035 -0.02271220192 2
0 0.125 0.045 -0.02100770946 2
0 0.125 0.055 -0.01848338862 1
0 0.125 0.065 -0.01552576777 1
0 0.125 0.075 -0.0124360389 1
0 0.125 0.085 -0.009423721792 1
0 0.125 0.095 -0.006491164508 1
0 0.125 0.105 -0.003573413962 1
0 0.125 0.115 -0.0008157098348 1
0 0.125 0.125 0.001781200146 1
0 0.125 0.135 0.004080521575 1
0 0.125 0.145 0.006028562751 1
0 0.125 0.155 0.007745525569 1
0 0.125 0.165 0.009503848311 1
0 0.125 0.175 0.01149443698 1
0 0.125 0.185 0.01370621589 1
0 0.125 0.195 0.01597765122 1
0 0.125 0.205 0.01844832935 1
0 0.125 0.215 0.02116726514 2
0 0.125 0.225 0.02388127776 2
0 0.125 0.235 0.02619873433 2
0 0.125 0.245 0.02808900332 2
0 0.125 0.255 0.02944205792 2
0 0.125 0.265 0.03026767908 2
0 0.125 0.275 0.03053534539 2
0 0.125 0.285 0.03009568957 2
0 0.125 0.295 0.02885151445 2
0 0.125 0.305 0.0270553343 1
0 0.125 0.315 0.02496323731 1
0 0.125 0.325 0.0233000561 1
0 0.125 0.335 0.02202487247 1
0 0.125 0.345 0.02109668322 1
0 0.125 0.355 0.02024788398 1
0 0.125 0.365 0.01923320738 1
0 0.125 0.375 0.01816281046 1
0 0.125 0.385 0.01698406973 1
0 0.125 0.395 0.01578163636 2
0 0.125 0.405 0.01412120967 2
0 0.125 0.415 0.01227333341 2
0 0.125 0.425 0.01043620426 2
0 0.125 0.435 0.008781016736 2
0 0.125 0.445 0.007223886961 2
0 0.125 0.455 0.005708135164 2
0 0.125 0.465 0.004223051046 2
0 0.125 0.475 0.00284796985 2
0 0.125 0.485 0.001464210244 2
0 0.125 0.495 0.0004913534033 2
0 0.125 0.505 -6.425997499e-05 2
0 0.125 0.515 -8.525203198e-05 2
0 0.125 0.525 0 2
0 0.125 0.535 0 2
0 0.125 0.545 0 2
0 0.125 0.555 0 2
0 0.125 0.565 0 2
0 0.135 -0.555 0 1
0 0.135 -0.545 0 1
0 0.135 -0.535 0 1
0 0.135 -0.525 0 1
0 0.135 -0.515 0.0001063363204 1
0 0.135 -0.505 0.0003954497163 1
0 0.135 -0.495 0.001184078437 1
0 0.135 -0.485 0.002113831964 2
0 0.135 -0.475 0.003100646462 2
0 0.135 -0.465 0.00401212345 1
0 0.135 -0.455 0.00497429484 1
0 0.135 -0.445 0.006070070334 1
0 0.135 -0.435 0.007312132606 1
0 0.135 -0.425 0.008614910839 1
0 0.135 -0.415 0.00997048892 1
0 0.135 -0.405 0.01141317238 1
0 0.135 -0.395 0.01302924586 1
0 0.135 -0.385 0.01484334846 1
0 0.135 -0.375 0.01700542463 1
0 0.135 -0.365 0.01924393792 1
0 0.135 -0.355 0.02161686738 2
0 0.135 -0.345 0.02349341019 1
0 0.135 -0.335 0.02525169307 1
0 0.135 -0.325 0.02652994134 1
0 0.135 -0.315 0.02783348165 2
0 0.135 -0.305 0.02841277462 2
0 0.135 -0.295 0.02885749349 2
0 0.135 -0.285 0.02871813651 2
0 0.135 -0.275 0.02836459882 2
0 0.135 -0.265 0.02781079769 2
0 0.135 -0.255 0.02706030959 2
0 0.135 -0.245 0.02604174499 2
0 0.135 -0.235 0.02475217159 2
0 0.135 -0.225 0.02319604079 2
0 0.135 -0.215 0.02138874921 2
0 0.135 -0.205 0.01935067978 2
0 0.135 -0.195 0.0171062267 2
0 0.135 -0.185 0.01468272854 2
0 0.135 -0.175 0.01210993077 2
0 0.135 -0.165 0.009419509642 2
0 0.135 -0.155 0.006644652845 2
0 0.135 -0.145 0.003819636681 2
0 0.135 -0.135 0.0009793935661 2
0 0.135 -0.125 -0.0018409363 2
0 0.135 -0.115 -0.004606468235 2
0 0.135 -0.105 -0.007283051188 2
0 0.135 -0.095 -0.009837763283 2
0 0.135 -0.085 -0.01223943231 2
0 0.135 -0.075 -0.01445920256 2
0 0.135 -0.065 -0.01647118501 2
0 0.135 -0.055 -0.01825326191 2
0 0.135 -0.045 -0.01978824117 2
0 0.135 -0.035 -0.02106527794 2
0 0.135 -0.025 -0.02208337765 2
0 0.135 -0.015 -0.02285226088 2
0 0.135 -0.005 -0.02340342708 2
0 0.135 0.005 -0.02379082446 2
0 0.135 0.015 -0.02402498591 2
0 0.135 0.025 -0.02402349201 2
0 0.135 0.035 -0.02349583308 2
0 0.135 0.045 -0.02231549878 2
0 0.135 0.055 -0.02029662724 2
0 0.135 0.065 -0.01756814324 1
0 0.135 0.075 -0.01450695503 1
0 0.135 0.085 -0.01118135172 1
0 0.135 0.095 -0.007949718287 1
0 0.135 0.105 -0.004747992939 1
0 0.135 0.115 -0.001709544576 1
0 0.135 0.125 0.001158474003 1
0 0.135 0.135 0.003745934972 1
0 0.135 0.145 0.005982167512 1
0 0.135 0.155 0.00793185799 1
0 0.135 0.165 0.009733403053 1
0 0.135 0.175 0.01149142202 1
0 0.135 0.185 0.01327468237 1
0 0.135 0.195 0.01500767929 1
0 0.135 0.205 0.01687012173 1
0 0.135 0.215 0.01918491277 1
0 0.135 0.225 0.02189932499 2
0 0.135 0.235 0.02457653132 2
0 0.135 0.245 0.02680536895 2
0 0.135 0.255 0.02847898654 2
0 0.135 0.265 0.0296285011 2
0 0.135 0.275 0.0302935277 2
0 0.135 0.285 0.03040674833 2
0 0.135 0.295 0.02968916224 2
0 0.135 0.305 0.02834710938 2
0 0.135 0.315 0.02619724249 1
0 0.135 0.325 0.02395405547 1
0 0.135 0.335 0.02210227987 1
0 0.135 0.345 0.0207107325 1
0 0.135 0.355 0.01961211604 1
0 0.135 0.365 0.01843983941 1
0 0.135 0.375 0.01728553942 1
0 0.135 0.385 0.01617555964 1
0 0.135 0.395 0.01488783579 2
0 0.135 0.405 0.01318496537 2
0 0.135 0.415 0.01131585868 2
0 0.135 0.425 0.009548154092 2
0 0.135 0.435 0.007899147796 2
0 0.135 0.445 0.00627425235 2
0 0.135 0.455 0.00469170844 2
0 0.135 0.465 0.003139586957 2
0 0.135 0.475 0.001719679085 2
0 0.135 0.485 0.0001984380244 2
0 0.135 0.495 -0.0006612424686 2
0 0.135 0.505 -0.0008448798858 2
0 0.135 0.515 -0.0003977785779 2
0 0.135 0.525 0 2
0 0.135 0.535 0 2
0 0.135 0.545 0 1
0 0.135 0.555 0 1
0 0.135 0.565 0 1
0 0.145 -0.555 0 1
0 0.145 -0.545 0 1
0 0.145 -0.535 0 1
0 0.145 -0.525 0 1
0 0.145 -0.515 -0.0003534165298 1
0 0.145 -0.505 -0.000810852575 1
0 0.145 -0.495 -0.0008559892476 1
0 0.145 -0.485 -0.0003810069459 1
0 0.145 -0.475 0.0005618343206 2
0 0.145 -0.465 0.001520506159 1
0 0.145 -0.455 0.002859570997 1
0 0.145 -0.445 0.004388675496 1
0 0.145 -0.435 0.006100058367 1
0 0.145 -0.425 0.007772769556 1
0 0.145 -0.415 0.0094876247 1
0 0.145 -0.405 0.01125700609 1
0 0.145 -0.395 0.01312202827 1
0 0.145 -0.385 0.01503872088 1
0 0.145 -0.375 0.01724181826 1
0 0.145 -0.365 0.01964817576 1
0 0.145 -0.355 0.02225848728 2
0 0.145 -0.345 0.02440464444 2
0 0.145 -0.335 0.0260057462 2
0 0.145 -0.325 0.02702781278 2
0 0.145 -0.315 0.02784449475 2
0 0.145 -0.305 0.02814386099 2
0 0.145 -0.295 0.02827142913 2
0 0.145 -0.285 0.02798597351 2
0 0.145 -0.275 0.02760216829 2
0 0.145 -0.265 0.02704939831 2
0 0.145 -0.255 0.02629902361 2
0 0.145 -0.245 0.02529094477 2
0 0.145 -0.235 0.0240235537 2
0 0.145 -0.225 0.02250148684 2
0 0.145 -0.215 0.02073959885 2
0 0.145 -0.205 0.01875720989 2
0 0.145 -0.195 0.01657752758 2
0 0.145 -0.185 0.01422658076 2
0 0.145 -0.175 0.01173274573 2
0 0.145 -0.165 0.009126273678 2
0 0.145 -0.155 0.006438881347 2
0 0.145 -0.145 0.003703331448 2
0 0.145 -0.135 0.000953003706 2
0 0.145 -0.125 -0.001778551913 2
0 0.145 -0.115 -0.004458079507 2
0 0.145 -0.105 -0.007053100805 2
0 0.145 -0.095 -0.009532422218 2
0 0.145 -0.085 -0.0118666753 2
0 0.145 -0.075 -0.0140289103 2
0 0.145 -0.065 -0.01599528168 2
0 0.145 -0.055 -0.01774586726 2
0 0.145 -0.045 -0.01926578701 2
0 0.145 -0.035 -0.02054647691 2
0 0.145 -0.025 -0.02158791691 2
0 0.145 -0.015 -0.02240052095 2
0 0.145 -0.005 -0.02300221234 2
0 0.145 0.005 -0.02344292574 2
0 0.145 0.015 -0.02375283008 2
0 0.145 0.025 -0.02391890518 2
0 0.145 0.035 -0.02376714149 2
0 0.145 0.045 -0.02306910203 2
0 0.145 0.055 -0.02162262078 2
0 0.145 0.065 -0.01941858709 2
0 0.145 0.075 -0.01661882068 2
0 0.145 0.085 -0.01335055694 1
0 0.145 0.095 -0.009966513155 1
0 0.145 0.105 -0.006527950822 1
0 0.145 0.115 -0.003193110077 1
0 0.145 0.125 -5.305811099e-05 1
0 0.145 0.135 0.002848226819 1
0 0.145 0.145 0.005457315083 1
0 0.145 0.155 0.007746633689 1
0 0.145 0.165 0.009765468067 1
0 0.145 0.175 0.0115934976 1
0 0.145 0.185 0.01330282247 1
0 0.145 0.195 0.01481062375 1
0 0.145 0.205 0.01627733223 1
0 0.145 0.215 0.01820473417 1
0 0.145 0.225 0.02074062508 1
0 0.145 0.235 0.02371141903 2
0 0.145 0.245 0.02617612621 2
0 0.145 0.255 0.02804984646 2
0 0.145 0.265 0.02934168357 2
0 0.145 0.275 0.03022368588 2
0 0.145 0.285 0.03073024103 2
0 0.145 0.295 0.0305653947 2
0 0.145 0.305 0.02960935383 2
0 0.145 0.315 0.02771839912 2
0 0.145 0.325 0.02510256425 1
0 0.145 0.335 0.02271885213 1
0 0.145 0.345 0.02072919496 1
0 0.145 0.355 0.01918677049 1
0 0.145 0.365 0.01786658336 1
0 0.145 0.375 0.01663544738 1
0 0.145 0.385 0.01551596787 2
0 0.145 0.395 0.01403228602 2
0 0.145 0.405 0.01229950856 2
0 0.145 0.415 0.01043706598 2
0 0.145 0.425 0.008709628448 2
0 0.145 0.435 0.007032699538 2
0 0.145 0.445 0.005334558052 2
0 0.145 0.455 0.003682495821 2
0 0.145 0.465 0.002054597002 2
0 0.145 0.475 0.0005842009505 2
0 0.145 0.485 -0.001073000273 2
0 0.145 0.495 -0.00181816742 2
0 0.145 0.505 -0.001624691501 2
0 0.145 0.515 -0.0007110117731 2
0 0.145 0.525 0 2
0 0.145 0.535 0 1
0 0.145 0.545 0 1
0 0.145 0.555 0 1
0 0.145 0.565 0 1
0 0.155 -0.555 0 1
0 0.155 -0.545 0 1
0 0.155 -0.535 0 1
0 0.155 -0.525 0 1
0 0.155 -0.515 -0.0008237684897 1
0 0.155 -0.505 -0.002035327445 1
0 0.155 -0.495 -0.002881746957 1
0 0.155 -0.485 -0.002861885753 1
0 0.155 -0.475 -0.001833144226 2
0 0.155 -0.465 -0.0007565277048 1
0 0.155 -0.455 0.0009001631782 1
0 0.155 -0.445 0.002771854491 1
0 0.155 -0.435 0.004871490403 1
0 0.155 -0.425 0.00697156072 1
0 0.155 -0.415 0.009103486437 1
0 0.155 -0.405 0.01123284885 1
0 0.155 -0.395 0.01335392242 1
0 0.155 -0.385 0.01540200865 1
0 0.155 -0.375 0.01734602545 1
0 0.155 -0.365 0.01937218083 1
0 0.155 -0.355 0.02145328801 2
0 0.155 -0.345 0.02332911513 2
0 0.155 -0.335 0.02457162708 2
0 0.155 -0.325 0.02544183054 2
0 0.155 -0.315 0.02614927846 2
0 0.155 -0.305 0.02678456796 2
0 0.155 -0.295 0.0271098524 2
0 0.155 -0.285 0.02710789522 2
0 0.155 -0.275 0.02686399653 2
0 0.155 -0.265 0.0263915036 2
0 0.155 -0.255 0.02566724209 2
0 0.155 -0.245 0.02467708616 2
0 0.155 -0.235 0.02342937657 2
0 0.155 -0.225 0.02193378386 2
0 0.155 -0.215 0.0202066065 2
0 0.155 -0.205 0.0182671226 2
0 0.155 -0.195 0.01613788856 2
0 0.155 -0.185 0.01384395754 2
0 0.155 -0.175 0.01141258751 2
0 0.155 -0.165 0.008872828653 2
0 0.155 -0.155 0.006255149215 2
0 0.155 -0.145 0.003591029931 2
0 0.155 -0.135 0.0009125430023 2
0 0.155 -0.125 -0.001748090844 2
0 0.155 -0.115 -0.004358964869 2
0 0.155 -0.105 -0.00688896982 2
0 0.155 -0.095 -0.009308301764 2
0 0.155 -0.085 -0.01158900265 2
0 0.155 -0.075 -0.01370554749 2
0 0.155 -0.065 -0.01563550581 2
0 0.155 -0.055 -0.0173602968 2
0 0.155 -0.045 -0.01886611444 2
0 0.155 -0.035 -0.02014496999 2
0 0.155 -0.025 -0.02119573128 2
0 0.155 -0.015 -0.02202611159 2
0 0.155 -0.005 -0.0226501811 2
0 0.155 0.005 -0.02309774192 2
0 0.155 0.015 -0.02340099895 2
0 0.155 0.025 -0.02357108459 2
0 0.155 0.035 -0.02351250032 2
0 0.155 0.045 -0.02309386207 2
0 0.155 0.055 -0.0221071733 2
0 0.155 0.065 -0.02043805344 2
0 0.155 0.075 -0.01800443575 2
0 0.155 0.085 -0.01510997441 2
0 0.155 0.095 -0.01186413585 2
0 0.155 0.105 -0.008445118002 2
0 0.155 0.115 -0.00491054475 2
0 0.155 0.125 -0.001494488059 2
0 0.155 0.135 0.001618066517 1
0 0.155 0.145 0.004468795238 1
0 0.155 0.155 0.007062842687 1
0 0.155 0.165 0.009411502105 1
0 0.155 0.175 0.01146133335 1
0 0.155 0.185 0.01327402845 1
0 0.155 0.195 0.01485630926 1
0 0.155 0.205 0.01635791939 1
0 0.155 0.215 0.01827549894 1
0 0.155 0.225 0.02074044124 1
0 0.155 0.235 0.02377953866 2
0 0.155 0.245 0.02628804427 2
0 0.155 0.255 0.02813507641 2
0 0.155 0.265 0.02932202051 2
0 0.155 0.275 0.03019598584 2
0 0.155 0.285 0.03084141635 2
0 0.155 0.295 0.03105921013 2
0 0.155 0.305 0.03050913345 2
0 0.155 0.315 0.02898650464 2
0 0.155 0.325 0.02663850038 1
0 0.155 0.335 0.02402421458 1
0 0.155 0.345 0.02169822527 1
0 0.155 0.355 0.01968151121 1
0 0.155 0.365 0.01803569691 1
0 0.155 0.375 0.01660669481 1
0 0.155 0.385 0.01516043124 2
0 0.155 0.395 0.01339385276 2
0 0.155 0.405 0.01152977864 2
0 0.155 0.415 0.009677193859 2
0 0.155 0.425 0.007926290636 2
0 0.155 0.435 0.006177591435 2
0 0.155 0.445 0.004405073622 2
0 0.155 0.455 0.002682429845 2
0 0.155 0.465 0.000974363681 2
0 0.155 0.475 -0.0005488859506 2
0 0.155 0.485 -0.002338681273 2
0 0.155 0.495 -0.00296879066 2
0 0.155 0.505 -0.002397169613 2
0 0.155 0.515 -0.001022125406 2
0 0.155 0.525 0 2
0 0.155 0.535 0 1
0 0.155 0.545 0 1
0 0.155 0.555 0 1
0 0.155 0.565 0 1
0 0.165 -0.555 0 1
0 0.165 -0.545 0 1
0 0.165 -0.535 0 1
0 0.165 -0.525 0 1
0 0.165 -0.515 -0.001281061288 1
0 0.165 -0.505 -0.003216715022 1
0 0.165 -0.495 -0.004785373084 1
0 0.165 -0.485 -0.005132780898 1
0 0.165 -0.475 -0.003986174758 2
0 0.165 -0.465 -0.002702275233 2
0 0.165 -0.455 -0.0007440181625 1
0 0.165 -0.445 0.001435137283 1
0 0.165 -0.435 0.003838453553 1
0 0.165 -0.425 0.006361594137 1
0 0.165 -0.415 0.008922722224 1
0 0.165 -0.405 0.01136118539 1
0 0.165 -0.395 0.01359874269 1
0 0.165 -0.385 0.01555001495 1
0 0.165 -0.375 0.01709233647 1
0 0.165 -0.365 0.0184913781 1
0 0.165 -0.355 0.01966894451 1
0 0.165 -0.345 0.02076855905 1
0 0.165 -0.335 0.02152590764 1
0 0.165 -0.325 0.02236649169 1
0 0.165 -0.315 0.02338908464 1
0 0.165 -0.305 0.02478752692 2
0 0.165 -0.295 0.02574665656 2
0 0.165 -0.285 0.02625048885 2
0 0.165 -0.275 0.02622745437 2
0 0.165 -0.265 0.0258522662 2
0 0.165 -0.255 0.02515999879 2
0 0.165 -0.245 0.02418647955 2
0 0.165 -0.235 0.02295332655 2
0 0.165 -0.225 0.02147639912 2
0 0.165 -0.215 0.01977419066 2
0 0.165 -0.205 0.0178663618 2
0 0.165 -0.195 0.01577508988 2
0 0.165 -0.185 0.01352466312 2
0 0.165 -0.175 0.0111414097 2
0 0.165 -0.165 0.008653367637 2
0 0.165 -0.155 0.006089955085 2
0 0.165 -0.145 0.003481583243 2
0 0.165 -0.135 0.0008592451026 2
0 0.165 -0.125 -0.001745922032 2
0 0.165 -0.115 -0.004303094434 2
0 0.165 -0.105 -0.006782239871 2
0 0.165 -0.095 -0.009154616449 2
0 0.165 -0.085 -0.01139329682 2
0 0.165 -0.075 -0.01347372426 2
0 0.165 -0.065 -0.01537431228 2
0 0.165 -0.055 -0.01707709191 2
0 0.165 -0.045 -0.01856840157 2
0 0.165 -0.035 -0.01983963725 2
0 0.165 -0.025 -0.02088763819 2
0 0.165 -0.015 -0.0217156983 2
0 0.165 -0.005 -0.02233237079 2
0 0.165 0.005 -0.02274877253 2
0 0.165 0.015 -0.02298112643 2
0 0.165 0.025 -0.02305310646 2
0 0.165 0.035 -0.02291717113 2
0 0.165 0.045 -0.02252577434 2
0 0.165 0.055 -0.02171773178 2
0 0.165 0.065 -0.02038516848 2
0 0.165 0.075 -0.01836753173 2
0 0.165 0.085 -0.01587445399 2
0 0.165 0.095 -0.01293912852 2
0 0.165 0.105 -0.009764821685 2
0 0.165 0.115 -0.006335280904 2
0 0.165 0.125 -0.002834739754 2
0 0.165 0.135 0.0004203811376 2
0 0.165 0.145 0.003457557191 1
0 0.165 0.155 0.006318666454 1
0 0.165 0.165 0.008964028226 1
0 0.165 0.175 0.01124266501 1
0 0.165 0.185 0.01319321793 1
0 0.165 0.195 0.01511088305 1
0 0.165 0.205 0.01706881679 1
0 0.165 0.215 0.01935247256 1
0 0.165 0.225 0.02190665749 1
0 0.165 0.235 0.02471241701 2
0 0.165 0.245 0.02695853285 2
0 0.165 0.255 0.02851099872 2
0 0.165 0.265 0.02943668905 2
0 0.165 0.275 0.03013140058 2
0 0.165 0.285 0.03074525467 2
0 0.165 0.295 0.03111648655 2
0 0.165 0.305 0.03097259892 2
0 0.165 0.315 0.02993985027 2
0 0.165 0.325 0.02821990402 2
0 0.165 0.335 0.02582821784 1
0 0.165 0.345 0.0234281362 1
0 0.165 0.355 0.0210611245 1
0 0.165 0.365 0.0189587623 1
0 0.165 0.375 0.01705936112 2
0 0.165 0.385 0.01503651179 2
0 0.165 0.395 0.01295740279 2
0 0.165 0.405 0.01092196535 2
0 0.165 0.415 0.009027639358 2
0 0.165 0.425 0.007195103639 2
0 0.165 0.435 0.00534619413 2
0 0.165 0.445 0.00349306023 2
0 0.165 0.455 0.001693057019 2
0 0.165 0.465 -9.716840402e-05 2
0 0.165 0.475 -0.001673895342 2
0 0.165 0.485 -0.00359200366 2
0 0.165 0.495 -0.004106979286 2
0 0.165 0.505 -0.003158749744 2
0 0.165 0.515 -0.00132950034 2
0 0.165 0.525 0 2
0 0.165 0.535 0 1
0 0.165 0.545 0 1
0 0.165 0.555 0 1
0 0.165 0.565 0 1
0 0.175 -0.555 0 1
0 0.175 -0.545 0 1
0 0.175 -0.535 0 1
0 0.175 -0.525 0 1
0 0.175 -0.515 -0.001726080801 1
0 0.175 -0.505 -0.004310238699 1
0 0.175 -0.495 -0.006488876588 1
0 0.175 -0.485 -0.007034338989 1
0 0.175 -0.475 -0.005702538366 2
0 0.175 -0.465 -0.004229611485 2
0 0.175 -0.455 -0.002072242964 2
0 0.175 -0.445 0.0003651756366 2
0 0.175 -0.435 0.003100958334 1
0 0.175 -0.425 0.006054096081 1
0 0.175 -0.415 0.00902440115 1
0 0.175 -0.405 0.01167721756 1
0 0.175 -0.395 0.01385783042 1
0 0.175 -0.385 0.01545057549 1
0 0.175 -0.375 0.01657399358 1
0 0.175 -0.365 0.01740859492 1
0 0.175 -0.355 0.0179443481 1
0 0.175 -0.345 0.01845015908 1
0 0.175 -0.335 0.0188876416 1
0 0.175 -0.325 0.01981519058 1
0 0.175 -0.315 0.02126957827 1
0 0.175 -0.305 0.02330666419 2
0 0.175 -0.295 0.02482126303 2
0 0.175 -0.285 0.02568322574 2
0 0.175 -0.275 0.02579234566 2
0 0.175 -0.265 0.02545490389 2
0 0.175 -0.255 0.02477749558 2
0 0.175 -0.245 0.02380892635 2
0 0.175 -0.235 0.02258151902 2
0 0.175 -0.225 0.02111464747 2
0 0.175 -0.215 0.01942826757 2
0 0.175 -0.205 0.01754212748 2
0 0.175 -0.195 0.01547797096 2
0 0.175 -0.185 0.01325937475 2
0 0.175 -0.175 0.0109118475 2
0 0.175 -0.165 0.008462561304 2
0 0.175 -0.155 0.005940056008 2
0 0.175 -0.145 0.003373865617 2
0 0.175 -0.135 0.0007941145347 2
0 0.175 -0.125 -0.001768914785 2
0 0.175 -0.115 -0.004285233541 2
0 0.175 -0.105 -0.006725614996 2
0 0.175 -0.095 -0.009062077573 2
0 0.175 -0.085 -0.01126838244 2
0 0.175 -0.075 -0.01332054527 2
0 0.175 -0.065 -0.0151973598 2
0 0.175 -0.055 -0.016880927 2
0 0.175 -0.045 -0.01835714688 2
0 0.175 -0.035 -0.01961618598 2
0 0.175 -0.025 -0.02065263867 2
0 0.175 -0.015 -0.02146559415 2
0 0.175 -0.005 -0.02205779559 2
0 0.175 0.005 -0.02243454012 2
0 0.175 0.015 -0.02259493817 2
0 0.175 0.025 -0.02254852656 2
0 0.175 0.035 -0.02227172645 2
0 0.175 0.045 -0.02175709443 2
0 0.175 0.055 -0.02090256835 2
0 0.175 0.065 -0.01965253595 2
0 0.175 0.075 -0.01790073207 2
0 0.175 0.085 -0.01569630967 2
0 0.175 0.095 -0.01307815362 2
0 0.175 0.105 -0.01022845109 2
0 0.175 0.115 -0.007171393432 2
0 0.175 0.125 -0.003923363641 2
0 0.175 0.135 -0.0006439581612 2
0 0.175 0.145 0.002592941312 2
0 0.175 0.155 0.005735392207 1
0 0.175 0.165 0.008693817601 1
0 0.175 0.175 0.01135906511 1
0 0.175 0.185 0.01365262882 1
0 0.175 0.195 0.01603287869 1
0 0.175 0.205 0.01846304898 1
0 0.175 0.215 0.02108726535 1
0 0.175 0.225 0.02366935424 1
0 0.175 0.235 0.02603537216 2
0 0.175 0.245 0.02785713355 2
0 0.175 0.255 0.02894223204 2
0 0.175 0.265 0.02954117261 2
0 0.175 0.275 0.02998719033 2
0 0.175 0.285 0.03046430212 2
0 0.175 0.295 0.0308225499 2
0 0.175 0.305 0.03092451898 2
0 0.175 0.315 0.03039698467 2
0 0.175 0.325 0.02925251194 2
0 0.175 0.335 0.02741775395 2
0 0.175 0.345 0.0251486774 2
0 0.175 0.355 0.02262217601 2
0 0.175 0.365 0.02005513648 2
0 0.175 0.375 0.017522155 2
0 0.175 0.385 0.01499061165 2
0 0.175 0.395 0.01263757778 2
0 0.175 0.405 0.01046401431 2
0 0.175 0.415 0.008460852862 2
0 0.175 0.425 0.006503996127 2
0 0.175 0.435 0.004540150017 2
0 0.175 0.445 0.002596595301 2
0 0.175 0.455 0.0007150496115 2
0 0.175 0.465 -0.001158040042 2
0 0.175 0.475 -0.002787913472 2
0 0.175 0.485 -0.004829774037 2
0 0.175 0.495 -0.005229811129 2
0 0.175 0.505 -0.003907976999 2
0 0.175 0.515 -0.001632385988 2
0 0.175 0.525 0 2
0 0.175 0.535 0 2
0 0.175 0.545 0 1
0 0.175 0.555 0 1
0 0.175 0.565 0 1
0 0.185 -0.555 0 2
0 0.185 -0.545 0 2
0 0.185 -0.535 0 1
0 0.185 -0.525 0 1
0 0.185 -0.515 -0.002164561946 1
0 0.185 -0.505 -0.005379990751 1
0 0.185 -0.495 -0.00806482625 2
0 0.185 -0.485 -0.008646049788 2
0 0.185 -0.475 -0.007006514476 2
0 0.185 -0.465 -0.005366697463 2
0 0.185 -0.455 -0.00303028537 2
0 0.185 -0.445 -0.0004150823574 2
0 0.185 -0.435 0.002561948692 2
0 0.185 -0.425 0.005766212817 2
0 0.185 -0.415 0.008984084525 2
0 0.185 -0.405 0.01172881965 2
0 0.185 -0.395 0.01383110878 2
0 0.185 -0.385 0.01504830477 1
0 0.185 -0.375 0.01584978621 1
0 0.185 -0.365 0.01634668155 1
0 0.185 -0.355 0.01670992378 1
0 0.185 -0.345 0.01709621885 1
0 0.185 -0.335 0.01754741709 1
0 0.185 -0.325 0.01864382251 1
0 0.185 -0.315 0.02042400713 1
0 0.185 -0.305 0.0227769264 2
0 0.185 -0.295 0.02456167257 2
0 0.185 -0.285 0.02551653822 2
0 0.185 -0.275 0.02560348587 2
0 0.185 -0.265 0.02521083042 2
0 0.185 -0.255 0.02451545689 2
0 0.185 -0.245 0.02353326546 2
0 0.185 -0.235 0.02230038783 2
0 0.185 -0.225 0.02083466257 2
0 0.185 -0.215 0.01915572485 2
0 0.185 -0.205 0.01728258958 2
0 0.185 -0.195 0.01523626111 2
0 0.185 -0.185 0.01303953363 2
0 0.185 -0.175 0.01071714307 2
0 0.185 -0.165 0.008295506902 2
0 0.185 -0.155 0.00580243568 2
0 0.185 -0.145 0.003266760517 2
0 0.185 -0.135 0.000717930614 2
0 0.185 -0.125 -0.001814416412 2
0 0.185 -0.115 -0.004300900174 2
0 0.185 -0.105 -0.006712854764 2
0 0.185 -0.095 -0.00902279305 2
0 0.185 -0.085 -0.0112048739 2
0 0.185 -0.075 -0.01323536674 2
0 0.185 -0.065 -0.01509310239 2
0 0.185 -0.055 -0.01675989603 2
0 0.185 -0.045 -0.01822089529 2
0 0.185 -0.035 -0.01946483273 2
0 0.185 -0.025 -0.02048403 2
0 0.185 -0.015 -0.02127410542 2
0 0.185 -0.005 -0.02183298867 2
0 0.185 0.005 -0.02216050251 2
0 0.185 0.015 -0.0222535628 2
0 0.185 0.025 -0.02210606373 2
0 0.185 0.035 -0.02169889849 2
0 0.185 0.045 -0.02102841669 2
0 0.185 0.055 -0.020057305 2
0 0.185 0.065 -0.0187564724 2
0 0.185 0.075 -0.01707128163 2
0 0.185 0.085 -0.01501934512 2
0 0.185 0.095 -0.01266031046 2
0 0.185 0.105 -0.0101128298 2
0 0.185 0.115 -0.007426258313 2
0 0.185 0.125 -0.004540157192 2
0 0.185 0.135 -0.001378801613 2
0 0.185 0.145 0.001989383969 2
0 0.185 0.155 0.005383522624 2
0 0.185 0.165 0.00864452324 2
0 0.185 0.175 0.01173691436 2
0 0.185 0.185 0.01453853676 1
0 0.185 0.195 0.01734879472 1
0 0.185 0.205 0.02019547762 1
0 0.185 0.215 0.02299961841 2
0 0.185 0.225 0.02544862517 2
0 0.185 0.235 0.02723984029 2
0 0.185 0.245 0.02851880592 2
0 0.185 0.255 0.02915350374 2
0 0.185 0.265 0.02949963708 2
0 0.185 0.275 0.02975208528 2
0 0.185 0.285 0.03006311904 2
0 0.185 0.295 0.03030352876 2
0 0.185 0.305 0.03039305627 2
0 0.185 0.315 0.03010542171 2
0 0.185 0.325 0.02928581341 2
0 0.185 0.335 0.02783770918 2
0 0.185 0.345 0.02574858127 2
0 0.185 0.355 0.02321999156 2
0 0.185 0.365 0.02042495014 2
0 0.185 0.375 0.01755779158 2
0 0.185 0.385 0.01482371584 2
0 0.185 0.395 0.01232582178 2
0 0.185 0.405 0.01005576987 2
0 0.185 0.415 0.007921815241 2
0 0.185 0.425 0.005825346761 2
0 0.185 0.435 0.003749508105 2
0 0.185 0.445 0.001711583344 2
0 0.185 0.455 -0.0002525571685 2
0 0.185 0.465 -0.002208058705 2
0 0.185 0.475 -0.003889971405 2
0 0.185 0.485 -0.006051122428 2
0 0.185 0.495 -0.006336544326 2
0 0.185 0.505 -0.004644819661 2
0 0.185 0.515 -0.001930622604 2
0 0.185 0.525 0 2
0 0.185 0.535 0 2
0 0.185 0.545 0 1
0 0.185 0.555 0 1
0 0.185 0.565 0 1
0 0.195 -0.555 0 2
0 0.195 -0.545 0 2
0 0.195 -0.535 0 2
0 0.195 -0.525 0 2
0 0.195 -0.515 -0.002594921666 2
0 0.195 -0.505 -0.006401871913 2
0 0.195 -0.495 -0.009427602982 2
0 0.195 -0.485 -0.009935302005 2
0 0.195 -0.475 -0.00799881509 2
0 0.195 -0.465 -0.006291046608 2
0 0.195 -0.455 -0.003924901607 2
0 0.195 -0.445 -0.00128500887 2
0 0.195 -0.435 0.001803760549 2
0 0.195 -0.425 0.005077757108 2
0 0.195 -0.415 0.008268741134 2
0 0.195 -0.405 0.0109320562 2
0 0.195 -0.395 0.01295287757 2
0 0.195 -0.385 0.01402207192 1
0 0.195 -0.375 0.01470290492 1
0 0.195 -0.365 0.01521098364 1
0 0.195 -0.355 0.0158008935 1
0 0.195 -0.345 0.01647121662 1
0 0.195 -0.335 0.01733992115 1
0 0.195 -0.325 0.01880782678 1
0 0.195 -0.315 0.02090039025 1
0 0.195 -0.305 0.02323147898 2
0 0.195 -0.295 0.02491543434 2
0 0.195 -0.285 0.02566975372 2
0 0.195 -0.275 0.02560850218 2
0 0.195 -0.265 0.02510260544 2
0 0.195 -0.255 0.02435687803 2
0 0.195 -0.245 0.02334369603 2
0 0.195 -0.235 0.02209493343 2
0 0.195 -0.225 0.02062255304 2
0 0.195 -0.215 0.01894399971 2
0 0.195 -0.205 0.01707666783 2
0 0.195 -0.195 0.01504045698 2
0 0.195 -0.185 0.01285727163 2
0 0.195 -0.175 0.01055109997 2
0 0.195 -0.165 0.008147701178 2
0 0.195 -0.155 0.00567429291 2
0 0.195 -0.145 0.00315916456 2
0 0.195 -0.135 0.0006312682706 2
0 0.195 -0.125 -0.001880211715 2
0 0.195 -0.115 -0.004346300169 2
0 0.195 -0.105 -0.006738677417 2
0 0.195 -0.095 -0.009030125112 2
0 0.195 -0.085 -0.01119496462 2
0 0.195 -0.075 -0.01320947912 2
0 0.195 -0.065 -0.01505230485 2
0 0.195 -0.055 -0.01670477299 2
0 0.195 -0.045 -0.01815116372 2
0 0.195 -0.035 -0.01937883722 2
0 0.195 -0.025 -0.02037814792 2
0 0.195 -0.015 -0.02114216008 2
0 0.195 -0.005 -0.02166571453 2
0 0.195 0.005 -0.02194483061 2
0 0.195 0.015 -0.02197438793 2
0 0.195 0.025 -0.02174842462 2
0 0.195 0.035 -0.02125507239 2
0 0.195 0.045 -0.02048024993 2
0 0.195 0.055 -0.01940333448 2
0 0.195 0.065 -0.01801445586 2
0 0.195 0.075 -0.01630830782 2
0 0.195 0.085 -0.01431113068 2
0 0.195 0.095 -0.01207890758 2
0 0.195 0.105 -0.009699644185 2
0 0.195 0.115 -0.007219734449 2
0 0.195 0.125 -0.00456720168 2
0 0.195 0.135 -0.0016199015 2
0 0.195 0.145 0.001622703467 2
0 0.195 0.155 0.005077302744 2
0 0.195 0.165 0.008610676646 2
0 0.195 0.175 0.01211012226 2
0 0.195 0.185 0.01543218865 2
0 0.195 0.195 0.0185166988 2
0 0.195 0.205 0.02148017188 2
0 0.195 0.215 0.02414516032 2
0 0.195 0.225 0.02637594633 2
0 0.195 0.235 0.02777132467 2
0 0.195 0.245 0.02861942656 2
0 0.195 0.255 0.02899519892 2
0 0.195 0.265 0.02923168039 2
0 0.195 0.275 0.02938801469 2
0 0.195 0.285 0.02955504857 2
0 0.195 0.295 0.0296328961 2
0 0.195 0.305 0.02955479425 2
0 0.195 0.315 0.02919429735 2
0 0.195 0.325 0.02840986894 2
0 0.195 0.335 0.02708985717 2
0 0.195 0.345 0.02515928548 2
0 0.195 0.355 0.02274539874 2
0 0.195 0.365 0.02002344183 2
0 0.195 0.375 0.01721182632 2
0 0.195 0.385 0.01452585833 2
0 0.195 0.395 0.01199762009 2
0 0.195 0.405 0.009627518717 2
0 0.195 0.415 0.00736006628 2
0 0.195 0.425 0.005137618936 2
0 0.195 0.435 0.002962105117 2
0 0.195 0.445 0.000832078922 2
0 0.195 0.455 -0.001212469967 2
0 0.195 0.465 -0.003248381722 2
0 0.195 0.475 -0.004980395524 2
0 0.195 0.485 -0.007256642678 2
0 0.195 0.495 -0.007427785874 2
0 0.195 0.505 -0.005370103608 2
0 0.195 0.515 -0.002224413285 2
0 0.195 0.525 0 2
0 0.195 0.535 0 2
0 0.195 0.545 0 2
0 0.195 0.555 0 1
0 0.195 0.565 0 1
0 0.205 -0.555 0 2
0 0.205 -0.545 0 2
0 0.205 -0.535 0 2
0 0.205 -0.525 0 2
0 0.205 -0.515 -0.002984089193 2
0 0.205 -0.505 -0.007313946276 2
0 0.205 -0.495 -0.01064422153 2
0 0.205 -0.485 -0.01108904288 2
0 0.205 -0.475 -0.008842731915 2
0 0.205 -0.465 -0.007075782858 2
0 0.205 -0.455 -0.004752722659 2
0 0.205 -0.445 -0.002224653525 2
0 0.205 -0.435 0.0007324382044 2
0 0.205 -0.425 0.003835912967 2
0 0.205 -0.415 0.006814834568 2
0 0.205 -0.405 0.009332507088 2
0 0.205 -0.395 0.01119748044 1
0 0.205 -0.385 0.01236285102 1
0 0.205 -0.375 0.013203501 1
0 0.205 -0.365 0.01402687527 1
0 0.205 -0.355 0.01498751006 1
0 0.205 -0.345 0.0160688352 1
0 0.205 -0.335 0.017519019 1
0 0.205 -0.325 0.01945952687 1
0 0.205 -0.315 0.02197250444 1
0 0.205 -0.305 0.02412531546 2
0 0.205 -0.295 0.02559395441 2
0 0.205 -0.285 0.02601620434 2
0 0.205 -0.275 0.02573241075 2
0 0.205 -0.265 0.02509004533 2
0 0.205 -0.255 0.02427414879 2
0 0.205 -0.245 0.02321991695 2
0 0.205 -0.235 0.0219485245 2
0 0.205 -0.225 0.02046421327 2
0 0.205 -0.215 0.01878095185 2
0 0.205 -0.205 0.01691395239 2
0 0.205 -0.195 0.01488177228 2
0 0.205 -0.185 0.01270537881 2
0 0.205 -0.175 0.0104080631 2
0 0.205 -0.165 0.008015031607 2
0 0.205 -0.155 0.005553045083 2
0 0.205 -0.145 0.003050005453 2
0 0.205 -0.135 0.0005345336882 2
0 0.205 -0.125 -0.001964465279 2
0 0.205 -0.115 -0.004418241255 2
0 0.205 -0.105 -0.006798636423 2
0 0.205 -0.095 -0.009078515205 2
0 0.205 -0.085 -0.01123217858 2
0 0.205 -0.075 -0.01323575265 2
0 0.205 -0.065 -0.01506753655 2
0 0.205 -0.055 -0.01670829097 2
0 0.205 -0.045 -0.01814143719 2
0 0.205 -0.035 -0.01935313785 2
0 0.205 -0.025 -0.02033219564 2
0 0.205 -0.015 -0.0210697992 2
0 0.205 -0.005 -0.02155892296 2
0 0.205 0.005 -0.0217936901 2
0 0.205 0.015 -0.02176818195 2
0 0.205 0.025 -0.02147647936 2
0 0.205 0.035 -0.02091127197 2
0 0.205 0.045 -0.02006553719 2
0 0.205 0.055 -0.01893167186 2
0 0.205 0.065 -0.01750865488 2
0 0.205 0.075 -0.01580335125 2
0 0.205 0.085 -0.01384010004 2
0 0.205 0.095 -0.01165211141 2
0 0.205 0.105 -0.009293533823 2
0 0.205 0.115 -0.006822043454 2
0 0.205 0.125 -0.004203814757 2
0 0.205 0.135 -0.001376554076 2
0 0.205 0.145 0.001664999328 2
0 0.205 0.155 0.004961447765 2
0 0.205 0.165 0.008472514364 2
0 0.205 0.175 0.01204746419 2
0 0.205 0.185 0.0155513859 2
0 0.205 0.195 0.01878203646 2
0 0.205 0.205 0.02176357812 2
0 0.205 0.215 0.02426689659 2
0 0.205 0.225 0.0262306525 2
0 0.205 0.235 0.02742092336 2
0 0.205 0.245 0.02813490437 2
0 0.205 0.255 0.02850180886 2
0 0.205 0.265 0.02875514222 2
0 0.205 0.275 0.02889255407 2
0 0.205 0.285 0.0289519041 2
0 0.205 0.295 0.0288639666 2
0 0.205 0.305 0.02858548151 2
0 0.205 0.315 0.02804144586 2
0 0.205 0.325 0.02713307266 2
0 0.205 0.335 0.02578694623 2
0 0.205 0.345 0.02396884318 2
0 0.205 0.355 0.02175347535 2
0 0.205 0.365 0.01927091198 2
0 0.205 0.375 0.01666912929 2
0 0.205 0.385 0.01408479887 2
0 0.205 0.395 0.0115660491 2
0 0.205 0.405 0.009129206653 2
0 0.205 0.415 0.006757253398 2
0 0.205 0.425 0.004434211958 2
0 0.205 0.435 0.002168305286 2
0 0.205 0.445 -4.717176355e-05 2
0 0.205 0.455 -0.002167634237 2
0 0.205 0.465 -0.004280615076 2
0 0.205 0.475 -0.006060165617 2
0 0.205 0.485 -0.008447649658 2
0 0.205 0.495 -0.00850480403 2
0 0.205 0.505 -0.006085039732 2
0 0.205 0.515 -0.002514136775 2
0 0.205 0.525 0 2
0 0.205 0.535 0 2
0 0.205 0.545 0 2
0 0.205 0.555 0 2
0 0.205 0.565 0 1
0 0.215 -0.555 0 2
0 0.215 -0.545 0 2
0 0.215 -0.535 0 2
0 0.215 -0.525 0 2
0 0.215 -0.515 -0.003335483422 2
0 0.215 -0.505 -0.008142984396 2
0 0.215 -0.495 -0.01176431866 2
0 0.215 -0.485 -0.01221353733 2
0 0.215 -0.475 -0.009728183842 2
0 0.215 -0.465 -0.007920273085 2
0 0.215 -0.455 -0.005613224329 2
0 0.215 -0.445 -0.003193701645 2
0 0.215 -0.435 -0.0004990549251 2
0 0.215 -0.425 0.002257011556 2
0 0.215 -0.415 0.004920165256 2
0 0.215 -0.405 0.007245135307 2
0 0.215 -0.395 0.009003873125 1
0 0.215 -0.385 0.01043923313 1
0 0.215 -0.375 0.01168642062 1
0 0.215 -0.365 0.01301382782 1
0 0.215 -0.355 0.01440496567 1
0 0.215 -0.345 0.01602718627 1
0 0.215 -0.335 0.01812181343 1
0 0.215 -0.325 0.02057964941 1
0 0.215 -0.315 0.02331563628 2
0 0.215 -0.305 0.02518918742 2
0 0.215 -0.295 0.0262886558 2
0 0.215 -0.285 0.02634717638 2
0 0.215 -0.275 0.02586268344 2
0 0.215 -0.265 0.02511433605 2
0 0.215 -0.255 0.02423177392 2
0 0.215 -0.245 0.02313831849 2
0 0.215 -0.235 0.02184353749 2
0 0.215 -0.225 0.02034563273 2
0 0.215 -0.215 0.01865501312 2
0 0.215 -0.205 0.01678477466 2
0 0.215 -0.195 0.0147521703 2
0 0.215 -0.185 0.01257731829 2
0 0.215 -0.175 0.01028292763 2
0 0.215 -0.165 0.007893786828 2
0 0.215 -0.155 0.005436345746 2
0 0.215 -0.145 0.00293827156 2
0 0.215 -0.135 0.0004280105839 2
0 0.215 -0.125 -0.002065653172 2
0 0.215 -0.115 -0.004514036078 2
0 0.215 -0.105 -0.006888985956 2
0 0.215 -0.095 -0.009163299733 2
0 0.215 -0.085 -0.01131111988 2
0 0.215 -0.075 -0.01330829958 2
0 0.215 -0.065 -0.01513272309 2
0 0.215 -0.055 -0.01676456514 2
0 0.215 -0.045 -0.01818646691 2
0 0.215 -0.035 -0.01938361006 2
0 0.215 -0.025 -0.02034365169 2
0 0.215 -0.015 -0.02105653508 2
0 0.215 -0.005 -0.02151411834 2
0 0.215 0.005 -0.02170979416 2
0 0.215 0.015 -0.02163792104 2
0 0.215 0.025 -0.02129362638 2
0 0.215 0.035 -0.02067253747 2
0 0.215 0.045 -0.01977194419 2
0 0.215 0.055 -0.01859157671 2
0 0.215 0.065 -0.01713680028 2
0 0.215 0.075 -0.01541978672 2
0 0.215 0.085 -0.01346255561 2
0 0.215 0.095 -0.01129387964 2
0 0.215 0.105 -0.008940423079 2
0 0.215 0.115 -0.006440088478 2
0 0.215 0.125 -0.00379679223 2
0 0.215 0.135 -0.0009925359142 2
0 0.215 0.145 0.001961804258 2
0 0.215 0.155 0.005086603233 2
0 0.215 0.165 0.008359861574 2
0 0.215 0.175 0.01172839585 2
0 0.215 0.185 0.01511363252 2
0 0.215 0.195 0.01831067781 2
0 0.215 0.205 0.02118287758 2
0 0.215 0.215 0.02351626357 2
0 0.215 0.225 0.0253026955 2
0 0.215 0.235 0.02650345367 2
0 0.215 0.245 0.02731529749 2
0 0.215 0.255 0.02781761564 2
0 0.215 0.265 0.02815043882 2
0 0.215 0.275 0.02830786078 2
0 0.215 0.285 0.02830704645 2
0 0.215 0.295 0.02810566146 2
0 0.215 0.305 0.0276689919 2
0 0.215 0.315 0.02695008704 2
0 0.215 0.325 0.02590476959 2
0 0.215 0.335 0.02450983474 2
0 0.215 0.345 0.02276640108 2
0 0.215 0.355 0.02071889599 2
0 0.215 0.365 0.01844064551 2
0 0.215 0.375 0.01601579059 2
0 0.215 0.385 0.01352586034 2
0 0.215 0.395 0.01102495102 2
0 0.215 0.405 0.008546012593 2
0 0.215 0.415 0.006104636071 2
0 0.215 0.425 0.003706748782 2
0 0.215 0.435 0.00136264616 2
0 0.215 0.445 -0.000929572958 2
0 0.215 0.455 -0.0031203135 2
0 0.215 0.465 -0.005306199886 2
0 0.215 0.475 -0.007130351717 2
0 0.215 0.485 -0.009625572305 2
0 0.215 0.495 -0.009568981585 2
0 0.215 0.505 -0.006790847022 2
0 0.215 0.515 -0.00280019972 2
0 0.215 0.525 0 2
0 0.215 0.535 0 2
0 0.215 0.545 0 2
0 0.215 0.555 0 2
0 0.215 0.565 0 1
0 0.225 -0.555 0 2
0 0.225 -0.545 0 2
0 0.225 -0.535 0 2
0 0.225 -0.525 0 2
0 0.225 -0.515 -0.003632832777 2
0 0.225 -0.505 -0.008869213981 2
0 0.225 -0.495 -0.01279600546 2
0 0.225 -0.485 -0.01332411735 2
0 0.225 -0.475 -0.01068277495 2
0 0.225 -0.465 -0.008848595434 2
0 0.225 -0.455 -0.006544487981 2
0 0.225 -0.445 -0.004216018979 2
0 0.225 -0.435 -0.001785157498 2
0 0.225 -0.425 0.0006432013196 2
0 0.225 -0.415 0.003024184663 2
0 0.225 -0.405 0.005218455032 2
0 0.225 -0.395 0.007063718042 1
0 0.225 -0.385 0.008813548996 1
0 0.225 -0.375 0.01053795701 1
0 0.225 -0.365 0.01250860619 1
0 0.225 -0.355 0.01455881901 1
0 0.225 -0.345 0.01686694205 1
0 0.225 -0.335 0.01939865474 1
0 0.225 -0.325 0.02212670342 1
0 0.225 -0.315 0.02459846782 2
0 0.225 -0.305 0.02619648932 2
0 0.225 -0.295 0.02683486806 2
0 0.225 -0.285 0.02656975364 2
0 0.225 -0.275 0.02593725849 2
0 0.225 -0.265 0.02512966984 2
0 0.225 -0.255 0.02419890464 2
0 0.225 -0.245 0.02307690119 2
0 0.225 -0.235 0.02176348941 2
0 0.225 -0.225 0.02025384512 2
0 0.225 -0.215 0.01855563299 2
0 0.225 -0.205 0.01668042188 2
0 0.225 -0.195 0.01464446968 2
0 0.225 -0.185 0.01246728017 2
0 0.225 -0.175 0.01017116998 2
0 0.225 -0.165 0.00778068069 2
0 0.225 -0.155 0.005322111466 2
0 0.225 -0.145 0.002823048482 2
0 0.225 -0.135 0.000311912247 2
0 0.225 -0.125 -0.00218248987 2
0 0.225 -0.115 -0.004631401923 2
0 0.225 -0.105 -0.007006546005 2
0 0.225 -0.095 -0.009280531482 2
0 0.225 -0.085 -0.01142723972 2
0 0.225 -0.075 -0.01342217512 2
0 0.225 -0.065 -0.01524277128 2
0 0.225 -0.055 -0.01686863919 2
0 0.225 -0.045 -0.01828174227 2
0 0.225 -0.035 -0.01946648622 2
0 0.225 -0.025 -0.02040970819 2
0 0.225 -0.015 -0.02110057387 2
0 0.225 -0.005 -0.02153037521 2
0 0.225 0.005 -0.02169231902 2
0 0.225 0.015 -0.02158129523 2
0 0.225 0.025 -0.02119386207 2
0 0.225 0.035 -0.02052832754 2
0 0.225 0.045 -0.0195854371 2
0 0.225 0.055 -0.0183691092 2
0 0.225 0.065 -0.01688792227 2
0 0.225 0.075 -0.01515563101 2
0 0.225 0.085 -0.01319168273 2
0 0.225 0.095 -0.01102023161 2
0 0.225 0.105 -0.00866511932 2
0 0.225 0.115 -0.00614563892 2
0 0.225 0.125 -0.003476925033 2
0 0.225 0.135 -0.0006713729265 2
0 0.225 0.145 0.002241460281 2
0 0.225 0.155 0.005248863838 2
0 0.225 0.165 0.008332147057 2
0 0.225 0.175 0.01146323163 2
0 0.225 0.185 0.01457499193 2
0 0.225 0.195 0.01752549635 2
0 0.225 0.205 0.02018546834 2
0 0.225 0.215 0.02240548871 2
0 0.225 0.225 0.02416243569 2
0 0.225 0.235 0.02546004671 2
0 0.225 0.245 0.02641194054 2
0 0.225 0.255 0.02706932987 2
0 0.225 0.265 0.02749181122 2
0 0.225 0.275 0.02768009214 2
0 0.225 0.285 0.0276470334 2
0 0.225 0.295 0.02738003574 2
0 0.225 0.305 0.02685913282 2
0 0.225 0.315 0.02605824944 2
0 0.225 0.325 0.02495590385 2
0 0.225 0.335 0.0235442945 2
0 0.225 0.345 0.02183380805 2
0 0.225 0.355 0.01985846335 2
0 0.225 0.365 0.01766937306 2
0 0.225 0.375 0.0153258313 2
0 0.225 0.385 0.01288684469 2
0 0.225 0.395 0.01039997196 2
0 0.225 0.405 0.007900739615 2
0 0.225 0.415 0.00541381801 2
0 0.225 0.425 0.002955349724 2
0 0.225 0.435 0.0005445829393 2
0 0.225 0.445 -0.001816122856 2
0 0.225 0.455 -0.004071450708 2
0 0.225 0.465 -0.006325897448 2
0 0.225 0.475 -0.008191660092 2
0 0.225 0.485 -0.01079149718 2
0 0.225 0.495 -0.01062141443 2
0 0.225 0.505 -0.007488481518 2
0 0.225 0.515 -0.003082930013 2
0 0.225 0.525 0 2
0 0.225 0.535 0 2
0 0.225 0.545 0 2
0 0.225 0.555 0 2
0 0.225 0.565 0 1
0 0.235 -0.555 0 2
0 0.235 -0.545 0 2
0 0.235 -0.535 0 2
0 0.235 -0.525 0 2
0 0.235 -0.515 -0.003909881561 2
0 0.235 -0.505 -0.009555090705 2
0 0.235 -0.495 -0.01380043448 2
0 0.235 -0.485 -0.0144225951 2
0 0.235 -0.475 -0.01166649796 2
0 0.235 -0.465 -0.009829549864 2
0 0.235 -0.455 -0.007542016404 2
0 0.235 -0.445 -0.005290107235 2
0 0.235 -0.435 -0.003053278722 2
0 0.235 -0.425 -0.0008304132581 2
0 0.235 -0.415 0.001450589853 2
0 0.235 -0.405 0.003743254972 2
0 0.235 -0.395 0.005911235581 1
0 0.235 -0.385 0.008100307284 1
0 0.235 -0.375 0.01034435876 1
0 0.235 -0.365 0.01289817296 1
0 0.235 -0.355 0.01554530219 1
0 0.235 -0.345 0.01838474649 1
0 0.235 -0.335 0.02110735477 1
0 0.235 -0.325 0.02373834782 2
0 0.235 -0.315 0.02569207848 2
0 0.235 -0.305 0.02683825957 2
0 0.235 -0.295 0.02703114556 2
0 0.235 -0.285 0.02659527801 2
0 0.235 -0.275 0.02590834228 2
0 0.235 -0.265 0.02510083521 2
0 0.235 -0.255 0.0241511305 2
0 0.235 -0.245 0.0230175034 2
0 0.235 -0.235 0.0216944746 2
0 0.235 -0.225 0.02017775672 2
0 0.235 -0.215 0.01847373468 2
0 0.235 -0.205 0.01659338074 2
0 0.235 -0.195 0.01455247304 2
0 0.235 -0.185 0.01237025022 2
0 0.235 -0.175 0.0100688878 2
0 0.235 -0.165 0.007672881646 2
0 0.235 -0.155 0.005208551942 2
0 0.235 -0.145 0.002703557497 2
0 0.235 -0.135 0.0001864341281 2
0 0.235 -0.125 -0.002313856385 2
0 0.235 -0.115 -0.004768364479 2
0 0.235 -0.105 -0.007148576407 2
0 0.235 -0.095 -0.009426818301 2
0 0.235 -0.085 -0.01157663439 2
0 0.235 -0.075 -0.01357313154 2
0 0.235 -0.065 -0.01539328098 2
0 0.235 -0.055 -0.01701616755 2
0 0.235 -0.045 -0.01842317645 2
0 0.235 -0.035 -0.0195981106 2
0 0.235 -0.025 -0.02052723354 2
0 0.235 -0.015 -0.0211992475 2
0 0.235 -0.005 -0.02160521602 2
0 0.235 0.005 -0.02173847844 2
0 0.235 0.015 -0.02159458141 2
0 0.235 0.025 -0.02117133935 2
0 0.235 0.035 -0.02046901013 2
0 0.235 0.045 -0.01949073628 2
0 0.235 0.055 -0.01824302829 2
0 0.235 0.065 -0.01673639915 2
0 0.235 0.075 -0.01498556772 2
0 0.235 0.085 -0.01300908053 2
0 0.235 0.095 -0.01082846928 2
0 0.235 0.105 -0.008466297281 2
0 0.235 0.115 -0.005944273647 2
0 0.235 0.125 -0.003283295128 2
0 0.235 0.135 -0.0005038553005 2
0 0.235 0.145 0.002371610845 2
0 0.235 0.155 0.005317161902 2
0 0.235 0.165 0.008295226885 2
0 0.235 0.175 0.01125440521 2
0 0.235 0.185 0.01412834821 2
0 0.235 0.195 0.0168305733 2
0 0.235 0.205 0.01928090377 2
0 0.235 0.215 0.02140395968 2
0 0.235 0.225 0.02317145056 2
0 0.235 0.235 0.02457178363 2
0 0.235 0.245 0.02563284296 2
0 0.235 0.255 0.02638054054 2
0 0.235 0.265 0.02684911928 2
0 0.235 0.275 0.02705511082 2
0 0.235 0.285 0.02700673916 2
0 0.235 0.295 0.02669890642 2
0 0.235 0.305 0.0261225809 2
0 0.235 0.315 0.02526677354 2
0 0.235 0.325 0.02412484076 2
0 0.235 0.335 0.02269918293 2
0 0.235 0.345 0.02100411777 2
0 0.235 0.355 0.01906753572 2
0 0.235 0.365 0.01692797379 2
0 0.235 0.375 0.01463005416 2
0 0.235 0.385 0.01221946175 2
0 0.235 0.395 0.009737572353 2
0 0.235 0.405 0.007219556559 2
0 0.235 0.415 0.004694663226 2
0 0.235 0.425 0.002185223429 2
0 0.235 0.435 -0.0002834752607 2
0 0.235 0.445 -0.002705861929 2
0 0.235 0.455 -0.005020619413 2
0 0.235 0.465 -0.007339597192 2
0 0.235 0.475 -0.009244188632 2
0 0.235 0.485 -0.011945897 2
0 0.235 0.495 -0.01166266681 2
0 0.235 0.505 -0.008178478085 2
0 0.235 0.515 -0.003362512113 2
0 0.235 0.525 0 2
0 0.235 0.535 0 2
0 0.235 0.545 0 2
0 0.235 0.555 0 2
0 0.235 0.565 0 1
0 0.245 -0.555 0 2
0 0.245 -0.545 0 2
0 0.245 -0.535 0 2
0 0.245 -0.525 0 2
0 0.245 -0.515 -0.004177522453 2
0 0.245 -0.505 -0.01021989621 2
0 0.245 -0.495 -0.01478992477 2
0 0.245 -0.485 -0.01551446981 2
0 0.245 -0.475 -0.01265734164 2
0 0.245 -0.465 -0.01080813484 2
0 0.245 -0.455 -0.008515059046 2
0 0.245 -0.445 -0.006296470784 2
0 0.245 -0.435 -0.004151628651 2
0 0.245 -0.425 -0.002027864232 2
0 0.245 -0.415 0.0002701491938 2
0 0.245 -0.405 0.002766963701 2
0 0.245 -0.395 0.005326191272 1
0 0.245 -0.385 0.008009163976 1
0 0.245 -0.375 0.01082623313 1
0 0.245 -0.365 0.01390750363 1
0 0.245 -0.355 0.01703026472 1
0 0.245 -0.345 0.02008108271 2
0 0.245 -0.335 0.0227428221 2
0 0.245 -0.325 0.02490530667 2
0 0.245 -0.315 0.02632105801 2
0 0.245 -0.305 0.02697392147 2
0 0.245 -0.295 0.02690506782 2
0 0.245 -0.285 0.02644157675 2
0 0.245 -0.275 0.02578876702 2
0 0.245 -0.265 0.02501798404 2
0 0.245 -0.255 0.02407685303 2
0 0.245 -0.245 0.02294878496 2
0 0.245 -0.235 0.02162665341 2
0 0.245 -0.225 0.02010892485 2
0 0.245 -0.215 0.01840212588 2
0 0.245 -0.205 0.01651755354 2
0 0.245 -0.195 0.01447107986 2
0 0.245 -0.185 0.01228206919 2
0 0.245 -0.175 0.009972833889 2
0 0.245 -0.165 0.007568037928 2
0 0.245 -0.155 0.005094196655 2
0 0.245 -0.145 0.002579190539 2
0 0.245 -0.135 5.180218725e-05 2
0 0.245 -0.125 -0.002458734442 2
0 0.245 -0.115 -0.004923170898 2
0 0.245 -0.105 -0.007312665527 2
0 0.245 -0.095 -0.009599184751 2
0 0.245 -0.085 -0.01175587875 2
0 0.245 -0.075 -0.01375742495 2
0 0.245 -0.065 -0.01558033199 2
0 0.245 -0.055 -0.01720319714 2
0 0.245 -0.045 -0.01860691064 2
0 0.245 -0.035 -0.0197748036 2
0 0.245 -0.025 -0.02069273903 2
0 0.245 -0.015 -0.02134915445 2
0 0.245 -0.005 -0.02173506907 2
0 0.245 0.005 -0.0218440852 2
0 0.245 0.015 -0.02167240775 2
0 0.245 0.025 -0.02121893118 2
0 0.245 0.035 -0.02048539551 2
0 0.245 0.045 -0.01947664672 2
0 0.245 0.055 -0.01820089778 2
0 0.245 0.065 -0.01666995561 2
0 0.245 0.075 -0.01489921156 2
0 0.245 0.085 -0.01290728956 2
0 0.245 0.095 -0.01071525285 2
0 0.245 0.105 -0.008345747558 2
0 0.245 0.115 -0.005822359378 2
0 0.245 0.125 -0.003169791585 2
0 0.245 0.135 -0.0004141366849 2
0 0.245 0.145 0.002416035322 2
0 0.245 0.155 0.005288944354 2
0 0.245 0.165 0.00816562406 2
0 0.245 0.175 0.01099768954 2
0 0.245 0.185 0.01372784226 2
0 0.245 0.195 0.01629119895 2
0 0.245 0.205 0.01862741588 2
0 0.245 0.215 0.02068329377 2
0 0.245 0.225 0.02242829767 2
0 0.245 0.235 0.02384736803 2
0 0.245 0.245 0.02494715563 2
0 0.245 0.255 0.02573953706 2
0 0.245 0.265 0.02624070832 2
0 0.245 0.275 0.02646040654 2
0 0.245 0.285 0.02640436583 2
0 0.245 0.295 0.02607259975 2
0 0.245 0.305 0.02546310323 2
0 0.245 0.315 0.02457372134 2
0 0.245 0.325 0.02340586191 2
0 0.245 0.335 0.02196740702 2
0 0.245 0.345 0.02027446367 2
0 0.245 0.355 0.01835189405 2
0 0.245 0.365 0.01623180072 2
0 0.245 0.375 0.01395094758 2
0 0.245 0.385 0.01154775263 2
0 0.245 0.395 0.009059333129 2
0 0.245 0.405 0.006519600751 2
0 0.245 0.415 0.003959393616 2
0 0.245 0.425 0.001404099099 2
0 0.245 0.435 -0.001117064069 2
0 0.245 0.445 -0.003596196255 2
0 0.245 0.455 -0.005966227613 2
0 0.245 0.465 -0.008346323879 2
0 0.245 0.475 -0.01028734868 2
0 0.245 0.485 -0.01308852466 2
0 0.245 0.495 -0.01269267091 2
0 0.245 0.505 -0.008860894969 2
0 0.245 0.515 -0.003638960605 2
0 0.245 0.525 0 2
0 0.245 0.535 0 2
0 0.245 0.545 0 2
0 0.245 0.555 0 2
0 0.245 0.565 0 1
0 0.255 -0.555 0 2
0 0.255 -0.545 0 2
0 0.255 -0.535 0 2
0 0.255 -0.525 0 2
0 0.255 -0.515 -0.004436075399 2
0 0.255 -0.505 -0.01086051482 2
0 0.255 -0.495 -0.01574869301 2
0 0.255 -0.485 -0.01657555669 2
0 0.255 -0.475 -0.01362417037 2
0 0.255 -0.465 -0.01175515825 2
0 0.255 -0.455 -0.009431477038 2
0 0.255 -0.445 -0.007196254231 2
0 0.255 -0.435 -0.005025404788 2
0 0.255 -0.425 -0.002857369684 2
0 0.255 -0.415 -0.0004645296643 2
0 0.255 -0.405 0.002225742416 2
0 0.255 -0.395 0.005156911896 2
0 0.255 -0.385 0.008297387655 2
0 0.255 -0.375 0.01161306246 2
0 0.255 -0.365 0.01500025521 2
0 0.255 -0.355 0.01822697325 2
0 0.255 -0.345 0.02107840694 2
0 0.255 -0.335 0.02351620067 2
0 0.255 -0.325 0.02525177824 2
0 0.255 -0.315 0.02625365125 2
0 0.255 -0.305 0.02661238589 2
0 0.255 -0.295 0.02651704934 2
0 0.255 -0.285 0.02613802648 2
0 0.255 -0.275 0.02558995956 2
0 0.255 -0.265 0.02488028936 2
0 0.255 -0.255 0.02397246186 2
0 0.255 -0.245 0.02286524212 2
0 0.255 -0.235 0.02155419992 2
0 0.255 -0.225 0.02004170797 2
0 0.255 -0.215 0.0183356327 2
0 0.255 -0.205 0.01644834449 2
0 0.255 -0.195 0.01439633365 2
0 0.255 -0.185 0.01219945641 2
0 0.255 -0.175 0.009880429263 2
0 0.255 -0.165 0.007464289316 2
0 0.255 -0.155 0.004977911896 2
0 0.255 -0.145 0.002449537099 2
0 0.255 -0.135 -9.168689653e-05 2
0 0.255 -0.125 -0.00261615029 2
0 0.255 -0.115 -0.005094215563 2
0 0.255 -0.105 -0.007496636609 2
0 0.255 -0.095 -0.009794958773 2
0 0.255 -0.085 -0.01196189471 2
0 0.255 -0.075 -0.01397167035 2
0 0.255 -0.065 -0.01580033511 2
0 0.255 -0.055 -0.01742603097 2
0 0.255 -0.045 -0.01882921611 2
0 0.255 -0.035 -0.01999284154 2
0 0.255 -0.025 -0.02090248191 2
0 0.255 -0.015 -0.02154642738 2
0 0.255 -0.005 -0.02191574719 2
0 0.255 0.005 -0.02200434324 2
0 0.255 0.015 -0.02180901016 2
0 0.255 0.025 -0.02132952369 2
0 0.255 0.035 -0.0205687567 2
0 0.255 0.045 -0.01953282161 2
0 0.255 0.055 -0.01823118697 2
0 0.255 0.065 -0.01667672086 2
0 0.255 0.075 -0.01488557696 2
0 0.255 0.085 -0.01287690337 2
0 0.255 0.095 -0.01067237455 2
0 0.255 0.105 -0.008295707427 2
0 0.255 0.115 -0.005772308374 2
0 0.255 0.125 -0.003129213291 2
0 0.255 0.135 -0.0003953978062 2
0 0.255 0.145 0.002397404975 2
0 0.255 0.155 0.005213889262 2
0 0.255 0.165 0.008013853098 2
0 0.255 0.175 0.0107518395 2
0 0.255 0.185 0.01337833858 2
0 0.255 0.195 0.01584180524 2
0 0.255 0.205 0.01809440662 2
0 0.255 0.215 0.02009491522 2
0 0.255 0.225 0.02181466675 2
0 0.255 0.235 0.02323602926 2
0 0.255 0.245 0.0243536559 2
0 0.255 0.255 0.02516854802 2
0 0.255 0.265 0.02568618246 2
0 0.255 0.275 0.02591167451 2
0 0.255 0.285 0.02584916436 2
0 0.255 0.295 0.02550084327 2
0 0.255 0.305 0.0248684914 2
0 0.255 0.315 0.02395502535 2
0 0.255 0.325 0.02276661376 2
0 0.255 0.335 0.02131434727 2
0 0.255 0.345 0.01961527124 2
0 0.255 0.355 0.01769258011 2
0 0.255 0.365 0.0155747596 2
0 0.255 0.375 0.01329405519 2
0 0.255 0.385 0.01088459072 2
0 0.255 0.395 0.008380603803 2
0 0.255 0.405 0.005814850416 2
0 0.255 0.415 0.003218791385 2
0 0.255 0.425 0.0006195066331 2
0 0.255 0.435 -0.001951093391 2
0 0.255 0.445 -0.004483654877 2
0 0.255 0.455 -0.006905894978 2
0 0.255 0.465 -0.009344399782 2
0 0.255 0.475 -0.01131992457 2
0 0.255 0.485 -0.01421844413 2
0 0.255 0.495 -0.01371074389 2
0 0.255 0.505 -0.009535338952 2
0 0.255 0.515 -0.003912124317 2
0 0.255 0.525 0 2
0 0.255 0.535 0 2
0 0.255 0.545 0 2
0 0.255 0.555 0 2
0 0.255 0.565 0 1
0 0.265 -0.555 0 2
0 0.265 -0.545 0 2
0 0.265 -0.535 0 2
0 0.265 -0.525 0 2
0 0.265 -0.515 -0.004684355339 2
0 0.265 -0.505 -0.01147387768 2
0 0.265 -0.495 -0.01667046169 2
0 0.265 -0.485 -0.01759594477 2
0 0.265 -0.475 -0.01455290483 2
0 0.265 -0.465 -0.01265340027 2
0 0.265 -0.455 -0.01027505242 2
0 0.265 -0.445 -0.007981687401 2
0 0.265 -0.435 -0.005703419601 2
0 0.265 -0.425 -0.003398996627 2
0 0.265 -0.415 -0.0008958310286 2
0 0.265 -0.405 0.001907777465 2
0 0.265 -0.395 0.005053352317 2
0 0.265 -0.385 0.008448517301 2
0 0.265 -0.375 0.0119742655 2
0 0.265 -0.365 0.01539993509 2
0 0.265 -0.355 0.01854325643 2
0 0.265 -0.345 0.0211764802 2
0 0.265 -0.335 0.02331288445 2
0 0.265 -0.325 0.0247568553 2
0 0.265 -0.315 0.02560412795 2
0 0.265 -0.305 0.02596663557 2
0 0.265 -0.295 0.02600640467 2
0 0.265 -0.285 0.02577487767 2
0 0.265 -0.275 0.02534374405 2
0 0.265 -0.265 0.0247018646 2
0 0.265 -0.255 0.02384277183 2
0 0.265 -0.245 0.0227669826 2
0 0.265 -0.235 0.0214750969 2
0 0.265 -0.225 0.01997315597 2
0 0.265 -0.215 0.01827103902 2
0 0.265 -0.205 0.01638262169 2
0 0.265 -0.195 0.01432539313 2
0 0.265 -0.185 0.01211998701 2
0 0.265 -0.175 0.009789747018 2
0 0.265 -0.165 0.007360259639 2
0 0.265 -0.155 0.004858903901 2
0 0.265 -0.145 0.002314399806 2
0 0.265 -0.135 -0.0002436362363 2
0 0.265 -0.125 -0.002785130237 2
0 0.265 -0.115 -0.005279980097 2
0 0.265 -0.105 -0.007698472443 2
0 0.265 -0.095 -0.01001168234 2
0 0.265 -0.085 -0.01219185098 2
0 0.265 -0.075 -0.0142127362 2
0 0.265 -0.065 -0.01604993087 2
0 0.265 -0.055 -0.0176811448 2
0 0.265 -0.045 -0.01908644701 2
0 0.265 -0.035 -0.02024846737 2
0 0.265 -0.025 -0.02115255884 2
0 0.265 -0.015 -0.02178692532 2
0 0.265 -0.005 -0.02214272243 2
0 0.265 0.005 -0.02221414205 2
0 0.265 0.015 -0.02199848983 2
0 0.265 0.025 -0.02149626459 2
0 0.265 0.035 -0.02071123654 2
0 0.265 0.045 -0.01965051547 2
0 0.265 0.055 -0.01832458009 2
0 0.265 0.065 -0.01674724029 2
0 0.265 0.075 -0.01493549498 2
0 0.265 0.085 -0.01290928902 2
0 0.265 0.095 -0.01069119555 2
0 0.265 0.105 -0.008306106146 2
0 0.265 0.115 -0.005781004402 2
0 0.265 0.125 -0.003144901596 2
0 0.265 0.135 -0.0004289363875 2
0 0.265 0.145 0.002333307527 2
0 0.265 0.155 0.00510545363 2
0 0.265 0.165 0.007847983771 2
0 0.265 0.175 0.01051849317 2
0 0.265 0.185 0.0130728939 2
0 0.265 0.195 0.01546723408 2
0 0.265 0.205 0.01766080352 2
0 0.265 0.215 0.01961829507 2
0 0.265 0.225 0.0213125371 2
0 0.265 0.235 0.02272449305 2
0 0.265 0.245 0.02384347118 2
0 0.265 0.255 0.0246646532 2
0 0.265 0.265 0.02518749703 2
0 0.265 0.275 0.02541327707 2
0 0.265 0.285 0.02534422918 2
0 0.265 0.295 0.02498301747 2
0 0.265 0.305 0.0243333669 2
0 0.265 0.315 0.0234009433 2
0 0.265 0.325 0.02219453027 2
0 0.265 0.335 0.02072700146 2
0 0.265 0.345 0.01901590672 2
0 0.265 0.355 0.01708352252 2
0 0.265 0.365 0.01495630448 2
0 0.265 0.375 0.01266391594 2
0 0.265 0.385 0.01023798085 2
0 0.265 0.395 0.007710946066 2
0 0.265 0.405 0.00511474927 2
0 0.265 0.415 0.002481120923 2
0 0.265 0.425 -0.0001618906743 2
0 0.265 0.435 -0.00278047278 2
0 0.265 0.445 -0.005364446729 2
0 0.265 0.455 -0.007836792283 2
0 0.265 0.465 -0.01033165556 2
0 0.265 0.475 -0.01234020573 2
0 0.265 0.485 -0.01533414673 2
0 0.265 0.495 -0.01471568198 2
0 0.265 0.505 -0.01020104172 2
0 0.265 0.515 -0.004181710809 2
0 0.265 0.525 0 2
0 0.265 0.535 0 2
0 0.265 0.545 0 2
0 0.265 0.555 0 2
0 0.265 0.565 0 2
0 0.275 -0.555 0 2
0 0.275 -0.545 0 2
0 0.275 -0.535 0 2
0 0.275 -0.525 0 2
0 0.275 -0.515 -0.00492132546 2
0 0.275 -0.505 -0.0120575332 2
0 0.275 -0.495 -0.01755040059 2
0 0.275 -0.485 -0.01856941025 2
0 0.275 -0.475 -0.0154371095 2
0 0.275 -0.465 -0.0134989934 2
0 0.275 -0.455 -0.01104982455 2
0 0.275 -0.445 -0.008672218966 2
0 0.275 -0.435 -0.006241201292 2
0 0.275 -0.425 -0.003759161073 2
0 0.275 -0.415 -0.001125797296 2
0 0.275 -0.405 0.001746132145 2
0 0.275 -0.395 0.004917420284 2
0 0.275 -0.385 0.008308553608 2
0 0.275 -0.375 0.01176152193 2
0 0.275 -0.365 0.01505181825 2
0 0.275 -0.355 0.01801731358 2
0 0.275 -0.345 0.02046102457 2
0 0.275 -0.335 0.02239293949 2
0 0.275 -0.325 0.02377510822 2
0 0.275 -0.315 0.0246965958 2
0 0.275 -0.305 0.02521470965 2
0 0.275 -0.295 0.02543638874 2
0 0.275 -0.285 0.02537277907 2
0 0.275 -0.275 0.02506013164 2
0 0.275 -0.265 0.02449731974 2
0 0.275 -0.255 0.02369494841 2
0 0.275 -0.245 0.02265717722 2
0 0.275 -0.235 0.02138994886 2
0 0.275 -0.225 0.01990243056 2
0 0.275 -0.215 0.01820677821 2
0 0.275 -0.205 0.01631853943 2
0 0.275 -0.195 0.01425642102 2
0 0.275 -0.185 0.01204201875 2
0 0.275 -0.175 0.009699464083 2
0 0.275 -0.165 0.007255027596 2
0 0.275 -0.155 0.004736706197 2
0 0.275 -0.145 0.002173797187 2
0 0.275 -0.135 -0.000403531098 2
0 0.275 -0.125 -0.002964668599 2
0 0.275 -0.115 -0.005478987628 2
0 0.275 -0.105 -0.007916257307 2
0 0.275 -0.095 -0.01024704345 2
0 0.275 -0.085 -0.01244308899 2
0 0.275 -0.075 -0.01447767006 2
0 0.275 -0.065 -0.01632592323 2
0 0.275 -0.055 -0.01796514004 2
0 0.275 -0.045 -0.01937502617 2
0 0.275 -0.035 -0.02053792394 2
0 0.275 -0.025 -0.02143899911 2
0 0.275 -0.015 -0.0220663945 2
0 0.275 -0.005 -0.02241135525 2
0 0.275 0.005 -0.0224683313 2
0 0.275 0.015 -0.02223506174 2
0 0.275 0.025 -0.02171264387 2
0 0.275 0.035 -0.02090558341 2
0 0.275 0.045 -0.01982181785 2
0 0.275 0.055 -0.01847269669 2
0 0.275 0.065 -0.0168729044 2
0 0.275 0.075 -0.0150403134 2
0 0.275 0.085 -0.01299577362 2
0 0.275 0.095 -0.01076285983 2
0 0.275 0.105 -0.008367618632 2
0 0.275 0.115 -0.00583835876 2
0 0.275 0.125 -0.003205524707 2
0 0.275 0.135 -0.0005016516459 2
0 0.275 0.145 0.002238616178 2
0 0.275 0.155 0.004978555229 2
0 0.275 0.165 0.007679532969 2
0 0.275 0.175 0.01030154835 2
0 0.275 0.185 0.01280428413 2
0 0.275 0.195 0.01514851891 2
0 0.275 0.205 0.01729799592 2
0 0.275 0.215 0.01922093338 2
0 0.275 0.225 0.02089146682 2
0 0.275 0.235 0.02228995089 2
0 0.275 0.245 0.02340295328 2
0 0.275 0.255 0.02422216038 2
0 0.275 0.265 0.02474336318 2
0 0.275 0.275 0.02496517282 2
0 0.275 0.285 0.02488833997 2
0 0.275 0.295 0.02451538845 2
0 0.275 0.305 0.02385083956 2
0 0.275 0.315 0.02290169102 2
0 0.275 0.325 0.02167806525 2
0 0.275 0.335 0.02019375715 2
0 0.275 0.345 0.01846654133 2
0 0.275 0.355 0.01651814359 2
0 0.275 0.365 0.01437384674 2
0 0.275 0.375 0.01206182268 2
0 0.275 0.385 0.009612243766 2
0 0.275 0.395 0.007056497405 2
0 0.275 0.405 0.004426036809 2
0 0.275 0.415 0.001752806427 2
0 0.275 0.425 -0.0009344922574 2
0 0.275 0.435 -0.003600578037 2
0 0.275 0.445 -0.006234850328 2
0 0.275 0.455 -0.008755935391 2
0 0.275 0.465 -0.01130564684 2
0 0.275 0.475 -0.01334614742 2
0 0.275 0.485 -0.01643370868 2
0 0.275 0.495 -0.01570589367 2
0 0.275 0.505 -0.01085695991 2
0 0.275 0.515 -0.004447321293 2
0 0.275 0.525 0 2
0 0.275 0.535 0 2
0 0.275 0.545 0 2
0 0.275 0.555 0 2
0 0.275 0.565 0 2
0 0.285 -0.555 0 2
0 0.285 -0.545 0 2
0 0.285 -0.535 0 2
0 0.285 -0.525 0 2
0 0.285 -0.515 -0.005146775861 2
0 0.285 -0.505 -0.01261140342 2
0 0.285 -0.495 -0.01838750497 2
0 0.285 -0.485 -0.01949503659 2
0 0.285 -0.475 -0.0162770307 2
0 0.285 -0.465 -0.01429680052 2
0 0.285 -0.455 -0.01177148964 2
0 0.285 -0.445 -0.009303714917 2
0 0.285 -0.435 -0.006725415568 2
0 0.285 -0.425 -0.00407682216 2
0 0.285 -0.415 -0.001300866759 2
0 0.285 -0.405 0.001639885725 2
0 0.285 -0.395 0.004754270026 2
0 0.285 -0.385 0.007984533186 2
0 0.285 -0.375 0.01121662577 2
0 0.285 -0.365 0.01428185374 2
0 0.285 -0.355 0.01704490949 2
0 0.285 -0.345 0.01938809352 2
0 0.285 -0.335 0.02129397547 2
0 0.285 -0.325 0.02275084853 2
0 0.285 -0.315 0.02381515764 2
0 0.285 -0.305 0.02451912598 2
0 0.285 -0.295 0.02490467015 2
0 0.285 -0.285 0.02497862736 2
0 0.285 -0.275 0.02476667767 2
0 0.285 -0.265 0.02428271829 2
0 0.285 -0.255 0.02353808214 2
0 0.285 -0.245 0.0225409523 2
0 0.285 -0.235 0.02130110588 2
0 0.285 -0.225 0.01983020945 2
0 0.285 -0.215 0.01814254687 2
0 0.285 -0.205 0.01625528708 2
0 0.285 -0.195 0.01418841757 2
0 0.285 -0.185 0.01196457965 2
0 0.285 -0.175 0.009608785501 2
0 0.285 -0.165 0.007148077839 2
0 0.285 -0.155 0.004611151899 2
0 0.285 -0.145 0.00202795392 2
0 0.285 -0.135 -0.0005707328176 2
0 0.285 -0.125 -0.003153707468 2
0 0.285 -0.115 -0.005689770151 2
0 0.285 -0.105 -0.008148134068 2
0 0.285 -0.095 -0.01049882587 2
0 0.285 -0.085 -0.01271306925 2
0 0.285 -0.075 -0.01476364692 2
0 0.285 -0.065 -0.01662523669 2
0 0.285 -0.055 -0.01827471777 2
0 0.285 -0.045 -0.01969144474 2
0 0.285 -0.035 -0.02085748747 2
0 0.285 -0.025 -0.02175783672 2
0 0.285 -0.015 -0.02238057683 2
0 0.285 -0.005 -0.02271702727 2
0 0.285 0.005 -0.02276185601 2
0 0.285 0.015 -0.02251316633 2
0 0.285 0.025 -0.02197255729 2
0 0.285 0.035 -0.02114515491 2
0 0.285 0.045 -0.02003960837 2
0 0.285 0.055 -0.01866804278 2
0 0.285 0.065 -0.01704596186 2
0 0.285 0.075 -0.01519209722 2
0 0.285 0.085 -0.01312821068 2
0 0.285 0.095 -0.01087886405 2
0 0.285 0.105 -0.00847117883 2
0 0.285 0.115 -0.005934606191 2
0 0.285 0.125 -0.003300721647 2
0 0.285 0.135 -0.0006030371641 2
0 0.285 0.145 0.002123193425 2
0 0.285 0.155 0.004841240149 2
0 0.285 0.165 0.007513301233 2
0 0.285 0.175 0.01010113813 2
0 0.285 0.185 0.01256698554 2
0 0.285 0.195 0.0148746473 2
0 0.285 0.205 0.01699073495 2
0 0.285 0.215 0.01888571704 2
0 0.285 0.225 0.02053478332 2
0 0.285 0.235 0.02191815623 2
0 0.285 0.245 0.02302108222 2
0 0.285 0.255 0.02383331115 2
0 0.285 0.265 0.02434848488 2
0 0.285 0.275 0.02456342931 2
0 0.285 0.285 0.02447770047 2
0 0.285 0.295 0.02409335283 2
0 0.285 0.305 0.02341502257 2
0 0.285 0.315 0.02245018834 2
0 0.285 0.325 0.02120952482 2
0 0.285 0.335 0.01970719926 2
0 0.285 0.345 0.01796101309 2
0 0.285 0.355 0.01599232416 2
0 0.285 0.365 0.01382572701 2
0 0.285 0.375 0.01148854894 2
0 0.285 0.385 0.009010162077 2
0 0.285 0.395 0.006421399532 2
0 0.285 0.405 0.003753517176 2
0 0.285 0.415 0.001038727105 2
0 0.285 0.425 -0.001693741917 2
0 0.285 0.435 -0.004407377923 2
0 0.285 0.445 -0.007091403626 2
0 0.285 0.455 -0.009660381548 2
0 0.285 0.465 -0.01226383144 2
0 0.285 0.475 -0.01433552487 2
0 0.285 0.485 -0.01751495327 2
0 0.285 0.495 -0.01667954091 2
0 0.285 0.505 -0.01150187723 2
0 0.285 0.515 -0.004708487924 2
0 0.285 0.525 0 2
0 0.285 0.535 0 2
0 0.285 0.545 0 2
0 0.285 0.555 0 2
0 0.285 0.565 0 2
0 0.295 -0.555 0 2
0 0.295 -0.545 0 2
0 0.295 -0.535 0 2
0 0.295 -0.525 0 2
0 0.295 -0.515 -0.005360907489 2
0 0.295 -0.505 -0.01313662815 2
0 0.295 -0.495 -0.01918284455 2
0 0.295 -0.485 -0.02037486294 2
0 0.295 -0.475 -0.01707645925 2
0 0.295 -0.465 -0.01505544084 2
0 0.295 -0.455 -0.01245740179 2
0 0.295 -0.445 -0.009905547853 2
0 0.295 -0.435 -0.007210154276 2
0 0.295 -0.425 -0.004433370747 2
0 0.295 -0.415 -0.001552313342 2
0 0.295 -0.405 0.001424511647 2
0 0.295 -0.395 0.004477412503 2
0 0.295 -0.385 0.007552174389 2
0 0.295 -0.375 0.01057173609 2
0 0.295 -0.365 0.01343935827 2
0 0.295 -0.355 0.01606647765 2
0 0.295 -0.345 0.01837435991 2
0 0.295 -0.335 0.02032272048 2
0 0.295 -0.325 0.0218901332 2
0 0.295 -0.315 0.02308594586 2
0 0.295 -0.305 0.02392201799 2
0 0.295 -0.295 0.0244214401 2
0 0.295 -0.285 0.0246020757 2
0 0.295 -0.275 0.02448085506 2
0 0.295 -0.265 0.02406968939 2
0 0.295 -0.255 0.02338032329 2
0 0.295 -0.245 0.02242360576 2
0 0.295 -0.235 0.0212116081 2
0 0.295 -0.225 0.01975800987 2
0 0.295 -0.215 0.01807886446 2
0 0.295 -0.205 0.01619279535 2
0 0.295 -0.195 0.01412102066 2
0 0.295 -0.185 0.01188723002 2
0 0.295 -0.175 0.009517349153 2
0 0.295 -0.165 0.007039236817 2
0 0.295 -0.155 0.004482333638 2
0 0.295 -0.145 0.001877280347 2
0 0.295 -0.135 -0.0007444828189 2
0 0.295 -0.125 -0.003351126771 2
0 0.295 -0.115 -0.00591084701 2
0 0.295 -0.105 -0.008392273711 2
0 0.295 -0.095 -0.01076487283 2
0 0.295 -0.085 -0.01299933302 2
0 0.295 -0.075 -0.01506793352 2
0 0.295 -0.065 -0.01694488864 2
0 0.295 -0.055 -0.01860666493 2
0 0.295 -0.045 -0.02003226803 2
0 0.295 -0.035 -0.0212034971 2
0 0.295 -0.025 -0.02210516547 2
0 0.295 -0.015 -0.02272528745 2
0 0.295 -0.005 -0.02305523164 2
0 0.295 0.005 -0.02308984138 2
0 0.295 0.015 -0.02282752261 2
0 0.295 0.025 -0.02227029834 2
0 0.295 0.035 -0.02142382738 2
0 0.295 0.045 -0.02029738403 2
0 0.295 0.055 -0.0189037943 2
0 0.295 0.065 -0.01725932628 2
0 0.295 0.075 -0.01538353424 2
0 0.295 0.085 -0.01329906138 2
0 0.295 0.095 -0.01103140949 2
0 0.295 0.105 -0.008608686627 2
0 0.295 0.115 -0.006061341352 2
0 0.295 0.125 -0.003421885788 2
0 0.295 0.135 -0.0007245977273 2
0 0.295 0.145 0.001994818956 2
0 0.295 0.155 0.00469965053 2
0 0.295 0.165 0.007352700134 2
0 0.295 0.175 0.009916953564 2
0 0.295 0.185 0.01235638269 2
0 0.295 0.195 0.0146368232 2
0 0.295 0.205 0.01672686324 2
0 0.295 0.215 0.01859858898 2
0 0.295 0.225 0.02022814276 2
0 0.295 0.235 0.02159596164 2
0 0.295 0.245 0.02268676961 2
0 0.295 0.255 0.02348930081 2
0 0.295 0.265 0.02399593256 2
0 0.295 0.275 0.02420228805 2
0 0.295 0.285 0.02410696595 2
0 0.295 0.295 0.02371141756 2
0 0.295 0.305 0.02302000183 2
0 0.295 0.315 0.02204015232 2
0 0.295 0.325 0.02078258966 2
0 0.295 0.335 0.01926148749 2
0 0.295 0.345 0.01749452275 2
0 0.295 0.355 0.0155027676 2
0 0.295 0.365 0.01331040444 2
0 0.295 0.375 0.01094430756 2
0 0.295 0.385 0.008433463102 2
0 0.295 0.395 0.005808498711 2
0 0.295 0.405 0.003100703397 2
0 0.295 0.415 0.0003426489613 2
0 0.295 0.425 -0.002435934346 2
0 0.295 0.435 -0.005197420706 2
0 0.295 0.445 -0.007930989276 2
0 0.295 0.455 -0.01054735226 2
0 0.295 0.465 -0.01320370224 2
0 0.295 0.475 -0.01530606487 2
0 0.295 0.485 -0.01857559643 2
0 0.295 0.495 -0.01763466849 2
0 0.295 0.505 -0.01213449549 2
0 0.295 0.515 -0.004964708177 2
0 0.295 0.525 0 2
0 0.295 0.535 0 2
0 0.295 0.545 0 2
0 0.295 0.555 0 2
0 0.295 0.565 0 2
0 0.305 -0.555 0 2
0 0.305 -0.545 0 2
0 0.305 -0.535 0 2
0 0.305 -0.525 0 2
0 0.305 -0.515 -0.005563922408 2
0 0.305 -0.505 -0.01363438997 2
0 0.305 -0.495 -0.01993793894 2
0 0.305 -0.485 -0.02121186758 2
0 0.305 -0.475 -0.01784047709 2
0 0.305 -0.465 -0.01578427739 2
0 0.305 -0.455 -0.01312339008 2
0 0.305 -0.445 -0.01050185456 2
0 0.305 -0.435 -0.007727860693 2
0 0.305 -0.425 -0.004877984934 2
0 0.305 -0.415 -0.001943057805 2
0 0.305 -0.405 0.001051354329 2
0 0.305 -0.395 0.004076268787 2
0 0.305 -0.385 0.007082824488 2
0 0.305 -0.375 0.01000927328 2
0 0.305 -0.365 0.01278410652 2
0 0.305 -0.355 0.01533949284 2
0 0.305 -0.345 0.01761628976 2
0 0.305 -0.335 0.01957584182 2
0 0.305 -0.325 0.0211946297 2
0 0.305 -0.315 0.02246724748 2
0 0.305 -0.305 0.02339584521 2
0 0.305 -0.295 0.02398993986 2
0 0.305 -0.285 0.02425930169 2
0 0.305 -0.275 0.02421502109 2
0 0.305 -0.265 0.0238677087 2
0 0.305 -0.255 0.02322874265 2
0 0.305 -0.245 0.02230995064 2
0 0.305 -0.235 0.02112456579 2
0 0.305 -0.225 0.0196876798 2
0 0.305 -0.215 0.01801669285 2
0 0.305 -0.205 0.01613145792 2
0 0.305 -0.195 0.01405430419 2
0 0.305 -0.185 0.01180991673 2
0 0.305 -0.175 0.009425121288 2
0 0.305 -0.165 0.006928599645 2
0 0.305 -0.155 0.00435055508 2
0 0.305 -0.145 0.001722344031 2
0 0.305 -0.135 -0.0009239144649 2
0 0.305 -0.125 -0.003555742395 2
0 0.305 -0.115 -0.006140712002 2
0 0.305 -0.105 -0.00864685426 2
0 0.305 -0.095 -0.0110430609 2
0 0.305 -0.085 -0.01329947469 2
0 0.305 -0.075 -0.01538786309 2
0 0.305 -0.065 -0.01728197068 2
0 0.305 -0.055 -0.01895784632 2
0 0.305 -0.045 -0.02039414152 2
0 0.305 -0.035 -0.02157237721 2
0 0.305 -0.025 -0.02247717686 2
0 0.305 -0.015 -0.02309646458 2
0 0.305 -0.005 -0.02342162735 2
0 0.305 0.005 -0.02344764087 2
0 0.305 0.015 -0.02317315832 2
0 0.305 0.025 -0.02260056095 2
0 0.305 0.035 -0.02173596891 2
0 0.305 0.045 -0.02058921038 2
0 0.305 0.055 -0.0191737471 2
0 0.305 0.065 -0.0175065556 2
0 0.305 0.075 -0.01560796479 2
0 0.305 0.085 -0.01350145307 2
0 0.305 0.095 -0.0112134089 2
0 0.305 0.105 -0.008772858965 2
0 0.305 0.115 -0.006211165146 2
0 0.305 0.125 -0.003561686951 2
0 0.305 0.135 -0.0008593993339 2
0 0.305 0.145 0.001859548497 2
0 0.305 0.155 0.004558350105 2
0 0.305 0.165 0.007200144761 2
0 0.305 0.175 0.009748703141 2
0 0.305 0.185 0.01216917036 2
0 0.305 0.195 0.01442881019 2
0 0.305 0.205 0.01649768905 2
0 0.305 0.215 0.01834921622 2
0 0.305 0.225 0.01996050286 2
0 0.305 0.235 0.02131249789 2
0 0.305 0.245 0.02238994172 2
0 0.305 0.255 0.02318116941 2
0 0.305 0.265 0.02367786463 2
0 0.305 0.275 0.02387482839 2
0 0.305 0.285 0.02376984407 2
0 0.305 0.295 0.02336365691 2
0 0.305 0.305 0.02266006868 2
0 0.305 0.315 0.02166609913 2
0 0.305 0.325 0.02039215729 2
0 0.305 0.335 0.01885215713 2
0 0.305 0.345 0.01706352695 2
0 0.305 0.355 0.01504708461 2
0 0.305 0.365 0.01282676534 2
0 0.305 0.375 0.01042924202 2
0 0.305 0.385 0.007883395249 2
0 0.305 0.395 0.005219900773 2
0 0.305 0.405 0.002470269149 2
0 0.305 0.415 -0.0003324645687 2
0 0.305 0.425 -0.003158043276 2
0 0.305 0.435 -0.005967774208 2
0 0.305 0.445 -0.008750852322 2
0 0.305 0.455 -0.01141429805 2
0 0.305 0.465 -0.01412287855 2
0 0.305 0.475 -0.01625554874 2
0 0.305 0.485 -0.01961336561 2
0 0.305 0.495 -0.01856931177 2
0 0.305 0.505 -0.01275350867 2
0 0.305 0.515 -0.005215473671 2
0 0.305 0.525 0 2
0 0.305 0.535 0 2
0 0.305 0.545 0 2
0 0.305 0.555 0 2
0 0.305 0.565 0 2
0 0.315 -0.555 0 2
0 0.315 -0.545 0 2
0 0.315 -0.535 0 2
0 0.315 -0.525 0 2
0 0.315 -0.515 -0.005755483295 2
0 0.315 -0.505 -0.01410448258 2
0 0.315 -0.495 -0.02065290946 2
0 0.315 -0.485 -0.02200808851 2
0 0.315 -0.475 -0.01857381502 2
0 0.315 -0.465 -0.01649103263 2
0 0.315 -0.455 -0.01377936892 2
0 0.315 -0.445 -0.01110306865 2
0 0.315 -0.435 -0.008269030344 2
0 0.315 -0.425 -0.00536479543 2
0 0.315 -0.415 -0.002390794081 2
0 0.315 -0.405 0.0006179483035 2
0 0.315 -0.395 0.003628233713 2
0 0.315 -0.385 0.006594886487 2
0 0.315 -0.375 0.009466590149 2
0 0.315 -0.365 0.01218759241 2
0 0.315 -0.355 0.01470427229 2
0 0.315 -0.345 0.01696893342 2
0 0.315 -0.335 0.01894522188 2
0 0.315 -0.325 0.02060764406 2
0 0.315 -0.315 0.02194247583 2
0 0.315 -0.305 0.02294398099 2
0 0.315 -0.295 0.02361311181 2
0 0.315 -0.285 0.02395424627 2
0 0.315 -0.275 0.02397449426 2
0 0.315 -0.265 0.02368243866 2
0 0.315 -0.255 0.02308825835 2
0 0.315 -0.245 0.02220374142 2
0 0.315 -0.235 0.02104266528 2
0 0.315 -0.225 0.01962099956 2
0 0.315 -0.215 0.01795712312 2
0 0.315 -0.205 0.01607188884 2
0 0.315 -0.195 0.01398859263 2
0 0.315 -0.185 0.01173283288 2
0 0.315 -0.175 0.009332291836 2
0 0.315 -0.165 0.006816453997 2
0 0.315 -0.155 0.004216278212 2
0 0.315 -0.145 0.001563836492 2
0 0.315 -0.135 -0.001108070073 2
0 0.315 -0.125 -0.003766309813 2
0 0.315 -0.115 -0.00637782639 2
0 0.315 -0.105 -0.008910046025 2
0 0.315 -0.095 -0.01133128051 2
0 0.315 -0.085 -0.01361112079 2
0 0.315 -0.075 -0.01572081621 2
0 0.315 -0.065 -0.01763363453 2
0 0.315 -0.055 -0.01932519855 2
0 0.315 -0.045 -0.02077379498 2
0 0.315 -0.035 -0.02196065242 2
0 0.315 -0.025 -0.02287018525 2
0 0.315 -0.015 -0.02349020145 2
0 0.315 -0.005 -0.02381207237 2
0 0.315 0.005 -0.02383086319 2
0 0.315 0.015 -0.02354542295 2
0 0.315 0.025 -0.02295843287 2
0 0.315 0.035 -0.02207641212 2
0 0.315 0.045 -0.02090967986 2
0 0.315 0.055 -0.01947227319 2
0 0.315 0.065 -0.01778182107 2
0 0.315 0.075 -0.01585937538 2
0 0.315 0.085 -0.0137292006 2
0 0.315 0.095 -0.01141852366 2
0 0.315 0.105 -0.008957243759 2
0 0.315 0.115 -0.006377598974 2
0 0.315 0.125 -0.003713782514 2
0 0.315 0.135 -0.001001497825 2
0 0.315 0.145 0.001722558679 2
0 0.315 0.155 0.004421294369 2
0 0.315 0.165 0.007057891757 2
0 0.315 0.175 0.009596532297 2
0 0.315 0.185 0.01200312921 2
0 0.315 0.195 0.01424600798 2
0 0.315 0.205 0.01629647077 2
0 0.315 0.215 0.01812918711 2
0 0.315 0.225 0.01972238807 2
0 0.315 0.235 0.02105786548 2
0 0.315 0.245 0.02212082799 2
0 0.315 0.255 0.0228996765 2
0 0.315 0.265 0.02338578728 2
0 0.315 0.275 0.02357336501 2
0 0.315 0.285 0.02345941602 2
0 0.315 0.295 0.02304384047 2
0 0.315 0.305 0.02232962004 2
0 0.315 0.315 0.02132304352 2
0 0.315 0.325 0.02003391006 2
0 0.315 0.335 0.01847565231 2
0 0.315 0.345 0.01666533912 2
0 0.315 0.355 0.0146235419 2
0 0.315 0.365 0.01237405865 2
0 0.315 0.375 0.009943540163 2
0 0.315 0.385 0.007360970344 2
0 0.315 0.395 0.004657272773 2
0 0.315 0.405 0.001864341823 2
0 0.315 0.415 -0.00098421685 2
0 0.315 0.425 -0.003857565355 2
0 0.315 0.435 -0.006715948388 2
0 0.315 0.445 -0.009548586709 2
0 0.315 0.455 -0.01225892979 2
0 0.315 0.465 -0.01501916672 2
0 0.315 0.475 -0.01718188899 2
0 0.315 0.485 -0.02062609147 2
0 0.315 0.495 -0.01948158117 2
0 0.315 0.505 -0.01335765953 2
0 0.315 0.515 -0.005460292858 2
0 0.315 0.525 0 2
0 0.315 0.535 0 2
0 0.315 0.545 0 2
0 0.315 0.555 0 2
0 0.315 0.565 0 2
0 0.325 -0.555 0 2
0 0.325 -0.545 0 2
0 0.325 -0.535 0 2
0 0.325 -0.525 0 2
0 0.325 -0.515 -0.005933872987 2
0 0.325 -0.505 -0.01454335152 2
0 0.325 -0.495 -0.02132400105 2
0 0.325 -0.485 -0.02276280187 2
0 0.325 -0.475 -0.01928046803 2
0 0.325 -0.465 -0.01718259062 2
0 0.325 -0.455 -0.01443240061 2
0 0.325 -0.445 -0.01171331 2
0 0.325 -0.435 -0.008832565577 2
0 0.325 -0.425 -0.005885856555 2
0 0.325 -0.415 -0.002879695856 2
0 0.325 -0.405 0.0001457815396 2
0 0.325 -0.395 0.003155752285 2
0 0.325 -0.385 0.006107561406 2
0 0.325 -0.375 0.008955983547 2
0 0.325 -0.365 0.01165387634 2
0 0.325 -0.355 0.01415588054 2
0 0.325 -0.345 0.01642096998 2
0 0.325 -0.335 0.01841536356 2
0 0.325 -0.325 0.02011317445 2
0 0.325 -0.315 0.02149689583 2
0 0.325 -0.305 0.02255599761 2
0 0.325 -0.295 0.02328597333 2
0 0.325 -0.285 0.02368669914 2
0 0.325 -0.275 0.02376164832 2
0 0.325 -0.265 0.02351710875 2
0 0.325 -0.255 0.02296198168 2
0 0.325 -0.245 0.02210763761 2
0 0.325 -0.235 0.02096797471 2
0 0.325 -0.225 0.01955945764 2
0 0.325 -0.215 0.0179011611 2
0 0.325 -0.205 0.01601473563 2
0 0.325 -0.195 0.0139243057 2
0 0.325 -0.185 0.01165629261 2
0 0.325 -0.175 0.009239176366 2
0 0.325 -0.165 0.006703205956 2
0 0.325 -0.155 0.004080070099 2
0 0.325 -0.145 0.001402538146 2
0 0.325 -0.135 -0.00129592037 2
0 0.325 -0.125 -0.003981530503 2
0 0.325 -0.115 -0.006620614973 2
0 0.325 -0.105 -0.009180000149 2
0 0.325 -0.095 -0.0116274199 2
0 0.325 -0.085 -0.01393191231 2
0 0.325 -0.075 -0.01606420435 2
0 0.325 -0.065 -0.01799707952 2
0 0.325 -0.055 -0.01970572348 2
0 0.325 -0.045 -0.02116804334 2
0 0.325 -0.035 -0.02236495613 2
0 0.325 -0.025 -0.02328064289 2
0 0.325 -0.015 -0.02390276544 2
0 0.325 -0.005 -0.0242226431 2
0 0.325 0.005 -0.02423538768 2
0 0.325 0.015 -0.0239399951 2
0 0.325 0.025 -0.02333939272 2
0 0.325 0.035 -0.02244044156 2
0 0.325 0.045 -0.02125389336 2
0 0.325 0.055 -0.01979430265 2
0 0.325 0.065 -0.01807989485 2
0 0.325 0.075 -0.01613239157 2
0 0.325 0.085 -0.01397679439 2
0 0.325 0.095 -0.01164112692 2
0 0.325 0.105 -0.00915613289 2
0 0.325 0.115 -0.006554923907 2
0 0.325 0.125 -0.003872566114 2
0 0.325 0.135 -0.001145591737 2
0 0.325 0.145 0.00158857772 2
0 0.325 0.155 0.004292302586 2
0 0.325 0.165 0.006928478527 2
0 0.325 0.175 0.009461337252 2
0 0.325 0.185 0.01185723033 2
0 0.325 0.195 0.01408531615 2
0 0.325 0.205 0.01611806718 2
0 0.325 0.215 0.01793154156 2
0 0.325 0.225 0.01950540451 2
0 0.325 0.235 0.0208227332 2
0 0.325 0.245 0.02186969143 2
0 0.325 0.255 0.02263517621 2
0 0.325 0.265 0.02311054961 2
0 0.325 0.275 0.02328952453 2
0 0.325 0.285 0.02316824523 2
0 0.325 0.295 0.0227455268 2
0 0.325 0.305 0.02202320128 2
0 0.325 0.315 0.02100647837 2
0 0.325 0.325 0.01970424487 2
0 0.325 0.335 0.01812923912 2
0 0.325 0.345 0.01629806759 2
0 0.325 0.355 0.01423106026 2
0 0.325 0.365 0.01195197187 2
0 0.325 0.375 0.009487584593 2
0 0.325 0.385 0.006867165984 2
0 0.325 0.395 0.004122064716 2
0 0.325 0.405 0.001284710853 2
0 0.325 0.415 -0.001610607692 2
0 0.325 0.425 -0.004532400428 2
0 0.325 0.435 -0.007439827626 2
0 0.325 0.445 -0.0103221133 2
0 0.325 0.455 -0.01307923243 2
0 0.325 0.465 -0.01589060001 2
0 0.325 0.475 -0.01808318523 2
0 0.325 0.485 -0.02161177638 2
0 0.325 0.495 -0.02036972612 2
0 0.325 0.505 -0.0139457816 2
0 0.325 0.515 -0.005698708306 2
0 0.325 0.525 0 2
0 0.325 0.535 0 2
0 0.325 0.545 0 2
0 0.325 0.555 0 2
0 0.325 0.565 0 2
0 0.335 -0.555 0 2
0 0.335 -0.545 0 2
0 0.335 -0.535 0 2
0 0.335 -0.525 0 2
0 0.335 -0.515 -0.006092301754 2
0 0.335 -0.505 -0.01493995225 2
0 0.335 -0.495 -0.02194343514 2
0 0.335 -0.485 -0.02347431989 2
0 0.335 -0.475 -0.01996843028 2
0 0.335 -0.465 -0.01786545844 2
0 0.335 -0.455 -0.01508884814 2
0 0.335 -0.445 -0.01233348179 2
0 0.335 -0.435 -0.0094114153 2
0 0.335 -0.425 -0.006426185427 2
0 0.335 -0.415 -0.00338907239 2
0 0.335 -0.405 -0.0003434338565 2
0 0.335 -0.395 0.0026752406 2
0 0.335 -0.385 0.005626365305 2
0 0.335 -0.375 0.008468918836 2
0 0.335 -0.365 0.01116129083 2
0 0.335 -0.355 0.01366348205 2
0 0.335 -0.345 0.01593868837 2
0 0.335 -0.335 0.01795505778 2
0 0.335 -0.325 0.01968652981 2
0 0.335 -0.315 0.02111334535 2
0 0.335 -0.305 0.02222170447 2
0 0.335 -0.295 0.02300332763 2
0 0.335 -0.285 0.02345467868 2
0 0.335 -0.275 0.02357640181 2
0 0.335 -0.265 0.02337278743 2
0 0.335 -0.255 0.0228514753 2
0 0.335 -0.245 0.02202323863 2
0 0.335 -0.235 0.02090187924 2
0 0.335 -0.225 0.01950413568 2
0 0.335 -0.215 0.0178495913 2
0 0.335 -0.205 0.01596054423 2
0 0.335 -0.195 0.01386183495 2
0 0.335 -0.185 0.01158062442 2
0 0.335 -0.175 0.009146127995 2
0 0.335 -0.165 0.006589310745 2
0 0.335 -0.155 0.003942551723 2
0 0.335 -0.145 0.001239283949 2
0 0.335 -0.135 -0.001486383841 2
0 0.335 -0.125 -0.004200058514 2
0 0.335 -0.115 -0.006867462406 2
0 0.335 -0.105 -0.009454837465 2
0 0.335 -0.095 -0.0119293494 2
0 0.335 -0.085 -0.01425948724 2
0 0.335 -0.075 -0.01641545345 2
0 0.335 -0.065 -0.01836953924 2
0 0.335 -0.055 -0.02009647977 2
0 0.335 -0.045 -0.02157378389 2
0 0.335 -0.035 -0.02278203344 2
0 0.335 -0.025 -0.0237051476 2
0 0.335 -0.015 -0.02433060848 2
0 0.335 -0.005 -0.02464964495 2
0 0.335 0.005 -0.02465737216 2
0 0.335 0.015 -0.0243528853 2
0 0.335 0.025 -0.02373930649 2
0 0.335 0.035 -0.0228237845 2
0 0.335 0.045 -0.0216174477 2
0 0.335 0.055 -0.02013531128 2
0 0.335 0.065 -0.01839614047 2
0 0.335 0.075 -0.01642227152 2
0 0.335 0.085 -0.0142393923 2
0 0.335 0.095 -0.01187628219 2
0 0.335 0.105 -0.00936450844 2
0 0.335 0.115 -0.006738070574 2
0 0.335 0.125 -0.004032978306 2
0 0.335 0.135 -0.001286741695 2
0 0.335 0.145 0.00146224875 2
0 0.335 0.155 0.004175468032 2
0 0.335 0.165 0.006815119396 2
0 0.335 0.175 0.009345072034 2
0 0.335 0.185 0.01173178037 2
0 0.335 0.195 0.01394506898 2
0 0.335 0.205 0.01595865027 2
0 0.335 0.215 0.01775029663 2
0 0.335 0.225 0.01930164841 2
0 0.335 0.235 0.02059772271 2
0 0.335 0.245 0.02162627683 2
0 0.335 0.255 0.02237719348 2
0 0.335 0.265 0.0228420735 2
0 0.335 0.275 0.02301411841 2
0 0.335 0.285 0.02288835629 2
0 0.335 0.295 0.0224621017 2
0 0.335 0.305 0.02173556134 2
0 0.335 0.315 0.02071241866 2
0 0.335 0.325 0.01940029601 2
0 0.335 0.335 0.01781101379 2
0 0.335 0.345 0.01596062534 2
0 0.335 0.355 0.01386924441 2
0 0.335 0.365 0.0115606939 2
0 0.335 0.375 0.009062051314 2
0 0.335 0.385 0.006403052341 2
0 0.335 0.395 0.003615649383 2
0 0.335 0.405 0.0007329628805 2
0 0.335 0.415 -0.002209918227 2
0 0.335 0.425 -0.005180766362 2
0 0.335 0.435 -0.008137619073 2
0 0.335 0.445 -0.01106966013 2
0 0.335 0.455 -0.01387347208 2
0 0.335 0.465 -0.01673546654 2
0 0.335 0.475 -0.01895776577 2
0 0.335 0.485 -0.02256864615 2
0 0.335 0.495 -0.02123218378 2
0 0.335 0.505 -0.01451683074 2
0 0.335 0.515 -0.005930309893 2
0 0.335 0.525 0 2
0 0.335 0.535 0 2
0 0.335 0.545 0 2
0 0.335 0.555 0 2
0 0.335 0.565 0 2
0 0.345 -0.555 0 2
0 0.345 -0.545 0 2
0 0.345 -0.535 0 2
0 0.345 -0.525 0 2
0 0.345 -0.515 -0.00620916758 2
0 0.345 -0.505 -0.01525950099 2
0 0.345 -0.495 -0.02248532471 2
0 0.345 -0.485 -0.02413927939 2
0 0.345 -0.475 -0.0206568077 2
0 0.345 -0.465 -0.01855523702 2
0 0.345 -0.455 -0.01575370406 2
0 0.345 -0.445 -0.01296441722 2
0 0.345 -0.435 -0.01000113423 2
0 0.345 -0.425 -0.006976862737 2
0 0.345 -0.415 -0.00390752912 2
0 0.345 -0.405 -0.0008381532025 2
0 0.345 -0.395 0.002195669069 2
0 0.345 -0.385 0.005155347957 2
0 0.345 -0.375 0.008003134209 2
0 0.345 -0.365 0.01070131834 2
0 0.345 -0.355 0.01321356196 2
0 0.345 -0.345 0.01550582019 2
0 0.345 -0.335 0.01754753026 2
0 0.345 -0.325 0.0193124447 2
0 0.345 -0.315 0.02077925754 2
0 0.345 -0.305 0.02193179877 2
0 0.345 -0.295 0.0227590202 2
0 0.345 -0.285 0.02325473096 2
0 0.345 -0.275 0.02341729687 2
0 0.345 -0.265 0.0232492973 2
0 0.345 -0.255 0.02275724043 2
0 0.345 -0.245 0.02195130898 2
0 0.345 -0.235 0.02084515173 2
0 0.345 -0.225 0.01945568694 2
0 0.345 -0.215 0.01780290772 2
0 0.345 -0.205 0.01590966895 2
0 0.345 -0.195 0.0138014491 2
0 0.345 -0.185 0.0115060819 2
0 0.345 -0.175 0.009053459398 2
0 0.345 -0.165 0.00647520919 2
0 0.345 -0.155 0.003804350292 2
0 0.345 -0.145 0.001074931571 2
0 0.345 -0.135 -0.001678343739 2
0 0.345 -0.125 -0.004420504549 2
0 0.345 -0.115 -0.007116706893 2
0 0.345 -0.105 -0.009732634707 2
0 0.345 -0.095 -0.0122349032 2
0 0.345 -0.085 -0.01459146084 2
0 0.345 -0.075 -0.016771985 2
0 0.345 -0.065 -0.01874826572 2
0 0.345 -0.055 -0.02049457133 2
0 0.345 -0.045 -0.02198798975 2
0 0.345 -0.035 -0.02320873949 2
0 0.345 -0.025 -0.02414044499 2
0 0.345 -0.015 -0.02477037174 2
0 0.345 -0.005 -0.02508961744 2
0 0.345 0.005 -0.02509325659 2
0 0.345 0.015 -0.02478043658 2
0 0.345 0.025 -0.02415442454 2
0 0.345 0.035 -0.02322260478 2
0 0.345 0.045 -0.02199642792 2
0 0.345 0.055 -0.02049131338 2
0 0.345 0.065 -0.01872650797 2
0 0.345 0.075 -0.01672490364 2
0 0.345 0.085 -0.01451281753 2
0 0.345 0.095 -0.01211973591 2
0 0.345 0.105 -0.009578020378 2
0 0.345 0.115 -0.006922568177 2
0 0.345 0.125 -0.004190408571 2
0 0.345 0.135 -0.001420203903 2
0 0.345 0.145 0.001348384251 2
0 0.345 0.155 0.004075507806 2
0 0.345 0.165 0.006722134181 2
0 0.345 0.175 0.009251207277 2
0 0.345 0.185 0.01162883097 2
0 0.345 0.195 0.01382530226 2
0 0.345 0.205 0.01581574524 2
0 0.345 0.215 0.01758021448 2
0 0.345 0.225 0.01910321259 2
0 0.345 0.235 0.02037272327 2
0 0.345 0.245 0.02137904456 2
0 0.345 0.255 0.02211369968 2
0 0.345 0.265 0.02256877417 2
0 0.345 0.275 0.02273676607 2
0 0.345 0.285 0.02261106773 2
0 0.345 0.295 0.02218678359 2
0 0.345 0.305 0.02146177079 2
0 0.345 0.315 0.02043757073 2
0 0.345 0.325 0.01912010905 2
0 0.345 0.335 0.01752005611 2
0 0.345 0.345 0.01565285744 2
0 0.345 0.355 0.01353849064 2
0 0.345 0.365 0.01120101278 2
0 0.345 0.375 0.008668005299 2
0 0.345 0.385 0.005969888015 2
0 0.345 0.395 0.003139416007 2
0 0.345 0.405 0.0002105676204 2
0 0.345 0.415 -0.002780639086 2
0 0.345 0.425 -0.005801146076 2
0 0.345 0.435 -0.008807820775 2
0 0.345 0.445 -0.01178975127 2
0 0.345 0.455 -0.01464020333 2
0 0.345 0.465 -0.01755233177 2
0 0.345 0.475 -0.01980422053 2
0 0.345 0.485 -0.0234951909 2
0 0.345 0.495 -0.02206761769 2
0 0.345 0.505 -0.01506991019 2
0 0.345 0.515 -0.006154745337 2
0 0.345 0.525 0 2
0 0.345 0.535 0 2
0 0.345 0.545 0 2
0 0.345 0.555 0 2
0 0.345 0.565 0 2
0 0.355 -0.555 0 2
0 0.355 -0.545 0 2
0 0.355 -0.535 0 2
0 0.355 -0.525 0 2
0 0.355 -0.515 -0.006231517561 2
0 0.355 -0.505 -0.01540495831 2
0 0.355 -0.495 -0.02284996693 2
0 0.355 -0.485 -0.02472455808 2
0 0.355 -0.475 -0.02136445107 2
0 0.355 -0.465 -0.01928196952 2
0 0.355 -0.455 -0.01644564449 2
0 0.355 -0.445 -0.01360690975 2
0 0.355 -0.435 -0.01059722573 2
0 0.355 -0.425 -0.007529217842 2
0 0.355 -0.415 -0.004424952526 2
0 0.355 -0.405 -0.001329412218 2
0 0.355 -0.395 0.001722787875 2
0 0.355 -0.385 0.004695498395 2
0 0.355 -0.375 0.007554192645 2
0 0.355 -0.365 0.01026446308 2
0 0.355 -0.355 0.01279280546 2
0 0.355 -0.345 0.0151070721 2
0 0.355 -0.335 0.01717738841 2
0 0.355 -0.325 0.01897702049 2
0 0.355 -0.315 0.02048319467 2
0 0.355 -0.305 0.02167767844 2
0 0.355 -0.295 0.02254712693 2
0 0.355 -0.285 0.02308316883 2
0 0.355 -0.275 0.02328231862 2
0 0.355 -0.265 0.0231457614 2
0 0.355 -0.255 0.02267908754 2
0 0.355 -0.245 0.02189200604 2
0 0.355 -0.235 0.0207980625 2
0 0.355 -0.225 0.01941436053 2
0 0.355 -0.215 0.01776128397 2
0 0.355 -0.205 0.01586221148 2
0 0.355 -0.195 0.01374321893 2
0 0.355 -0.185 0.01143276667 2
0 0.355 -0.175 0.008961372032 2
0 0.355 -0.165 0.006361268701 2
0 0.355 -0.155 0.003666055088 2
0 0.355 -0.145 0.0009103332634 2
0 0.355 -0.135 -0.001870660704 2
0 0.355 -0.125 -0.0046414349 2
0 0.355 -0.115 -0.007366628206 2
0 0.355 -0.105 -0.0100114049 2
0 0.355 -0.095 -0.01254185552 2
0 0.355 -0.085 -0.01492540064 2
0 0.355 -0.075 -0.01713119272 2
0 0.355 -0.065 -0.01913050959 2
0 0.355 -0.055 -0.02089713228 2
0 0.355 -0.045 -0.02240769992 2
0 0.355 -0.035 -0.02364203416 2
0 0.355 -0.025 -0.02458342701 2
0 0.355 -0.015 -0.02521888646 2
0 0.355 -0.005 -0.02553933587 2
0 0.355 0.005 -0.02553976395 2
0 0.355 0.015 -0.02521932348 2
0 0.355 0.025 -0.02458137808 2
0 0.355 0.035 -0.02363349718 2
0 0.355 0.045 -0.02238740075 2
0 0.355 0.055 -0.02085885633 2
0 0.355 0.065 -0.01906753214 2
0 0.355 0.075 -0.01703681117 2
0 0.355 0.085 -0.01479357176 2
0 0.355 0.095 -0.01236793996 2
0 0.355 0.105 -0.009793016362 2
0 0.355 0.115 -0.007104572969 2
0 0.355 0.125 -0.004340703681 2
0 0.355 0.135 -0.001541388488 2
0 0.355 0.145 0.001252095087 2
0 0.355 0.155 0.003998015281 2
0 0.355 0.165 0.006655341729 2
0 0.355 0.175 0.009185244938 2
0 0.355 0.185 0.01155274115 2
0 0.355 0.195 0.01372824338 2
0 0.355 0.205 0.01568850783 2
0 0.355 0.215 0.01741675478 2
0 0.355 0.225 0.01890178166 2
0 0.355 0.235 0.02013619796 2
0 0.355 0.245 0.02111434141 2
0 0.355 0.255 0.02183032976 2
0 0.355 0.265 0.02227697816 2
0 0.355 0.275 0.02244558745 2
0 0.355 0.285 0.02232695737 2
0 0.355 0.295 0.02191279885 2
0 0.355 0.305 0.02119752189 2
0 0.355 0.315 0.02017967607 2
0 0.355 0.325 0.01886296794 2
0 0.355 0.335 0.01725670511 2
0 0.355 0.345 0.01537575302 2
0 0.355 0.355 0.01324013984 2
0 0.355 0.365 0.0108744235 2
0 0.355 0.375 0.00830697838 2
0 0.355 0.385 0.005569180085 2
0 0.355 0.395 0.002694819577 2
0 0.355 0.405 -0.000281080999 2
0 0.355 0.415 -0.003321437744 2
0 0.355 0.425 -0.006392264841 2
0 0.355 0.435 -0.009449210224 2
0 0.355 0.445 -0.01248120717 2
0 0.355 0.455 -0.01537828053 2
0 0.355 0.465 -0.0183400597 2
0 0.355 0.475 -0.02062142933 2
0 0.355 0.485 -0.02439020013 2
0 0.355 0.495 -0.02287495093 2
0 0.355 0.505 -0.01560429249 2
0 0.355 0.515 -0.006371729246 2
0 0.355 0.525 0 2
0 0.355 0.535 0 2
0 0.355 0.545 0 2
0 0.355 0.555 0 2
0 0.355 0.565 0 2
0 0.365 -0.555 0 1
0 0.365 -0.545 0 1
0 0.365 -0.535 0 1
0 0.365 -0.525 0 2
0 0.365 -0.515 -0.006097685737 2
0 0.365 -0.505 -0.01523954465 2
0 0.365 -0.495 -0.02285556404 2
0 0.365 -0.485 -0.02512025795 2
0 0.365 -0.475 -0.02207549938 2
0 0.365 -0.465 -0.02004122249 2
0 0.365 -0.455 -0.01716412352 2
0 0.365 -0.445 -0.01425352714 2
0 0.365 -0.435 -0.01119046148 2
0 0.365 -0.425 -0.008072923091 2
0 0.365 -0.415 -0.004931238291 2
0 0.365 -0.405 -0.001809484898 2
0 0.365 -0.395 0.001260740325 2
0 0.365 -0.385 0.004246621822 2
0 0.365 -0.375 0.007117486718 2
0 0.365 -0.365 0.00984230552 2
0 0.365 -0.355 0.01239010163 2
0 0.365 -0.345 0.01473004471 2
0 0.365 -0.335 0.0168323011 2
0 0.365 -0.325 0.01866908913 2
0 0.365 -0.315 0.02021582834 2
0 0.365 -0.305 0.02145212763 2
0 0.365 -0.295 0.02236247243 2
0 0.365 -0.285 0.02293657098 2
0 0.365 -0.275 0.02316940469 2
0 0.365 -0.265 0.02306106924 2
0 0.365 -0.255 0.02261649537 2
0 0.365 -0.245 0.02184511409 2
0 0.365 -0.235 0.02076050554 2
0 0.365 -0.225 0.01938004669 2
0 0.365 -0.215 0.01772456184 2
0 0.365 -0.205 0.01581797338 2
0 0.365 -0.195 0.0136869506 2
0 0.365 -0.185 0.01136055559 2
0 0.365 -0.175 0.0088698874 2
0 0.365 -0.165 0.006247725835 2
0 0.365 -0.155 0.003528175865 2
0 0.365 -0.145 0.0007463120993 2
0 0.365 -0.135 -0.002062178959 2
0 0.365 -0.125 -0.004861362241 2
0 0.365 -0.115 -0.007615426521 2
0 0.365 -0.105 -0.01028906836 2
0 0.365 -0.095 -0.01284788788 2
0 0.365 -0.085 -0.01525879383 2
0 0.365 -0.075 -0.01749041286 2
0 0.365 -0.065 -0.01951349517 2
0 0.365 -0.055 -0.0213013078 2
0 0.365 -0.045 -0.02283000604 2
0 0.365 -0.035 -0.02407897424 2
0 0.365 -0.025 -0.02503112821 2
0 0.365 -0.015 -0.025673173 2
0 0.365 -0.005 -0.02599581142 2
0 0.365 0.005 -0.02599389991 2
0 0.365 0.015 -0.02566655009 2
0 0.365 0.025 -0.02501717505 2
0 0.365 0.035 -0.02405348118 2
0 0.365 0.045 -0.02278740729 2
0 0.365 0.055 -0.0212350144 2
0 0.365 0.065 -0.01941633091 2
0 0.365 0.075 -0.01735516048 2
0 0.365 0.085 -0.01507886058 2
0 0.365 0.095 -0.01261810346 2
0 0.365 0.105 -0.01000662858 2
0 0.365 0.115 -0.007280993632 2
0 0.365 0.125 -0.004480321645 2
0 0.365 0.135 -0.001645994934 2
0 0.365 0.145 0.001178783284 2
0 0.365 0.155 0.003949745344 2
0 0.365 0.165 0.00662278638 2
0 0.365 0.175 0.009155923209 2
0 0.365 0.185 0.01151169474 2
0 0.365 0.195 0.01365978616 2
0 0.365 0.205 0.01557870346 2
0 0.365 0.215 0.01725617241 2
0 0.365 0.225 0.01868769004 2
0 0.365 0.235 0.01987333283 2
0 0.365 0.245 0.02081402717 2
0 0.365 0.255 0.02150798363 2
0 0.365 0.265 0.0219489668 2
0 0.365 0.275 0.02212594987 2
0 0.365 0.285 0.02202536161 2
0 0.365 0.295 0.02163347743 2
0 0.365 0.305 0.0209395754 2
0 0.365 0.315 0.01993807708 2
0 0.365 0.325 0.01862992267 2
0 0.365 0.335 0.01702297624 2
0 0.365 0.345 0.01513173847 2
0 0.365 0.355 0.01297666362 2
0 0.365 0.365 0.01058323306 2
0 0.365 0.375 0.007981020651 2
0 0.365 0.385 0.005202704573 2
0 0.365 0.395 0.002283386052 2
0 0.365 0.405 -0.0007406660503 2
0 0.365 0.415 -0.003831162389 2
0 0.365 0.425 -0.00695309613 2
0 0.365 0.435 -0.01006085294 2
0 0.365 0.445 -0.01314315704 2
0 0.365 0.455 -0.01608687478 2
0 0.365 0.465 -0.01909783487 2
0 0.365 0.475 -0.02140858811 2
0 0.365 0.485 -0.02525279475 2
0 0.365 0.495 -0.02365339623 2
0 0.365 0.505 -0.01611944032 2
0 0.365 0.515 -0.006581051417 2
0 0.365 0.525 0 2
0 0.365 0.535 0 2
0 0.365 0.545 0 2
0 0.365 0.555 0 2
0 0.365 0.565 0 2
0 0.375 -0.555 0 1
0 0.375 -0.545 0 1
0 0.375 -0.535 0 1
0 0.375 -0.525 0 1
0 0.375 -0.515 -0.005790777329 1
0 0.375 -0.505 -0.01469871189 2
0 0.375 -0.495 -0.02239607228 2
0 0.375 -0.485 -0.02519056296 2
0 0.375 -0.475 -0.02272759879 2
0 0.375 -0.465 -0.02084114446 2
0 0.375 -0.455 -0.01792752747 2
0 0.375 -0.445 -0.01491009589 2
0 0.375 -0.435 -0.01176738075 2
0 0.375 -0.425 -0.008594674313 2
0 0.375 -0.415 -0.005414631092 2
0 0.375 -0.405 -0.002270343303 2
0 0.375 -0.395 0.000812915278 2
0 0.375 -0.385 0.003807195471 2
0 0.375 -0.375 0.006687010987 2
0 0.375 -0.365 0.009425404773 2
0 0.375 -0.355 0.01199398426 2
0 0.375 -0.345 0.01436271845 2
0 0.375 -0.335 0.01650093345 2
0 0.375 -0.325 0.01837884751 2
0 0.375 -0.315 0.01996929478 2
0 0.375 -0.305 0.02124926465 2
0 0.375 -0.295 0.02220094373 2
0 0.375 -0.285 0.02281224915 2
0 0.375 -0.275 0.02307690907 2
0 0.375 -0.265 0.02299426189 2
0 0.375 -0.255 0.02256889661 2
0 0.375 -0.245 0.02181023584 2
0 0.375 -0.235 0.02073210611 2
0 0.375 -0.225 0.01935231496 2
0 0.375 -0.215 0.01769223664 2
0 0.375 -0.205 0.01577640523 2
0 0.375 -0.195 0.01363211395 2
0 0.375 -0.185 0.01128902211 2
0 0.375 -0.175 0.00877877304 2
0 0.375 -0.165 0.006134625847 2
0 0.375 -0.155 0.00339110188 2
0 0.375 -0.145 0.0005836431024 2
0 0.375 -0.135 -0.002251723592 2
0 0.375 -0.125 -0.005078724406 2
0 0.375 -0.115 -0.007861187555 2
0 0.375 -0.105 -0.01056340981 2
0 0.375 -0.095 -0.01315054369 2
0 0.375 -0.085 -0.01558900381 2
0 0.375 -0.075 -0.01784688598 2
0 0.375 -0.065 -0.01989438957 2
0 0.375 -0.055 -0.02170423104 2
0 0.375 -0.045 -0.02325203679 2
0 0.375 -0.035 -0.02451670416 2
0 0.375 -0.025 -0.02548072141 2
0 0.375 -0.015 -0.02613043957 2
0 0.375 -0.005 -0.02645629115 2
0 0.375 0.005 -0.02645295251 2
0 0.375 0.015 -0.02611944798 2
0 0.375 0.025 -0.0254591953 2
0 0.375 0.035 -0.02447999315 2
0 0.375 0.045 -0.0231939529 2
0 0.375 0.055 -0.02161737834 2
0 0.375 0.065 -0.01977059896 2
0 0.375 0.075 -0.01767776604 2
0 0.375 0.085 -0.01536662191 2
0 0.375 0.095 -0.01286826266 2
0 0.375 0.105 -0.01021690842 2
0 0.375 0.115 -0.00744971663 2
0 0.375 0.125 -0.004606652489 2
0 0.375 0.135 -0.001730384032 2
0 0.375 0.145 0.00113380676 2
0 0.375 0.155 0.003938399011 2
0 0.375 0.165 0.006634717812 2
0 0.375 0.175 0.009175480344 2
0 0.375 0.185 0.01151827521 2
0 0.375 0.195 0.01363030716 2
0 0.375 0.205 0.015491549 2
0 0.375 0.215 0.01709610856 2
0 0.375 0.225 0.01845012943 2
0 0.375 0.235 0.01956595388 2
0 0.375 0.245 0.0204553977 2
0 0.375 0.255 0.02112304647 2
0 0.375 0.265 0.02156366521 2
0 0.375 0.275 0.02176148365 2
0 0.375 0.285 0.02169554091 2
0 0.375 0.295 0.0213433957 2
0 0.375 0.305 0.02068680158 2
0 0.375 0.315 0.01971462609 2
0 0.375 0.325 0.01842453372 2
0 0.375 0.335 0.01682311161 2
0 0.375 0.345 0.01492502899 2
0 0.375 0.355 0.01275185112 2
0 0.375 0.365 0.01033063161 2
0 0.375 0.375 0.007692701996 2
0 0.375 0.385 0.004872472165 2
0 0.375 0.395 0.001906665441 2
0 0.375 0.405 -0.001166994075 2
0 0.375 0.415 -0.004308882259 2
0 0.375 0.425 -0.007482894776 2
0 0.375 0.435 -0.01064212978 2
0 0.375 0.445 -0.01377506252 2
0 0.375 0.455 -0.0167654962 2
0 0.375 0.465 -0.01982518549 2
0 0.375 0.475 -0.02216523344 2
0 0.375 0.485 -0.02608245708 2
0 0.375 0.495 -0.02440248423 2
0 0.375 0.505 -0.01661502676 2
0 0.375 0.515 -0.006782584651 2
0 0.375 0.525 0 2
0 0.375 0.535 0 2
0 0.375 0.545 0 2
0 0.375 0.555 0 2
0 0.375 0.565 0 2
0 0.385 -0.555 0 1
0 0.385 -0.545 0 1
0 0.385 -0.535 0 1
0 0.385 -0.525 0 1
0 0.385 -0.515 -0.00541922394 1
0 0.385 -0.505 -0.01396274203 1
0 0.385 -0.495 -0.02167983121 2
0 0.385 -0.485 -0.02500216281 2
0 0.385 -0.475 -0.02325092531 2
0 0.385 -0.465 -0.02159685364 2
0 0.385 -0.455 -0.01867025263 2
0 0.385 -0.445 -0.01554621364 2
0 0.385 -0.435 -0.01229973613 2
0 0.385 -0.425 -0.009072840052 2
0 0.385 -0.415 -0.005859390843 2
0 0.385 -0.405 -0.002702471982 2
0 0.385 -0.395 0.0003820772501 2
0 0.385 -0.385 0.003373458495 2
0 0.385 -0.375 0.006253602287 2
0 0.385 -0.365 0.009001109766 2
0 0.385 -0.355 0.01159051246 2
0 0.385 -0.345 0.01399181901 2
0 0.385 -0.335 0.01617198216 2
0 0.385 -0.325 0.0180975255 2
0 0.385 -0.315 0.01973730531 2
0 0.385 -0.305 0.02106488808 2
0 0.385 -0.295 0.02205991305 2
0 0.385 -0.285 0.02270866162 2
0 0.385 -0.275 0.02300396691 2
0 0.385 -0.265 0.02294483099 2
0 0.385 -0.255 0.022535902 2
0 0.385 -0.245 0.02178693992 2
0 0.385 -0.235 0.02071229713 2
0 0.385 -0.225 0.01933042925 2
0 0.385 -0.215 0.01766342315 2
0 0.385 -0.205 0.01573653719 2
0 0.385 -0.195 0.01357775245 2
0 0.385 -0.185 0.01121734028 2
0 0.385 -0.175 0.008687454199 2
0 0.385 -0.165 0.006021753351 2
0 0.385 -0.155 0.003255059084 2
0 0.385 -0.145 0.0004230401039 2
0 0.385 -0.135 -0.002438085347 2
0 0.385 -0.125 -0.005291845844 2
0 0.385 -0.115 -0.008101828019 2
0 0.385 -0.105 -0.01083201592 2
0 0.385 -0.095 -0.01344716541 2
0 0.385 -0.085 -0.01591321271 2
0 0.385 -0.075 -0.01819770871 2
0 0.385 -0.065 -0.0202702652 2
0 0.385 -0.055 -0.02210299659 2
0 0.385 -0.045 -0.02367094107 2
0 0.385 -0.035 -0.0249524471 2
0 0.385 -0.025 -0.02592951452 2
0 0.385 -0.015 -0.02658808255 2
0 0.385 -0.005 -0.02691825981 2
0 0.385 0.005 -0.02691449329 2
0 0.385 0.015 -0.02657567493 2
0 0.385 0.025 -0.02590518549 2
0 0.385 0.035 -0.02491087648 2
0 0.385 0.045 -0.02360499243 2
0 0.385 0.055 -0.02200403714 2
0 0.385 0.065 -0.02012858971 2
0 0.385 0.075 -0.01800308081 2
0 0.385 0.085 -0.01565554003 2
0 0.385 0.095 -0.01311734473 2
0 0.385 0.105 -0.01042298155 2
0 0.385 0.115 -0.007609912814 2
0 0.385 0.125 -0.004718533238 2
0 0.385 0.135 -0.001792351179 2
0 0.385 0.145 0.001121459428 2
0 0.385 0.155 0.003972093238 2
0 0.385 0.165 0.006704996811 2
0 0.385 0.175 0.009264255062 2
0 0.385 0.185 0.01159710613 2
0 0.385 0.195 0.01366356008 2
0 0.385 0.205 0.0154426834 2
0 0.385 0.215 0.01693750283 2
0 0.385 0.225 0.01817239626 2
0 0.385 0.235 0.01918173725 2
0 0.385 0.245 0.01999716949 2
0 0.385 0.255 0.02063356825 2
0 0.385 0.265 0.02108605257 2
0 0.385 0.275 0.02132799417 2
0 0.385 0.285 0.02132480666 2
0 0.385 0.295 0.02103908062 2
0 0.385 0.305 0.02044182742 2
0 0.385 0.315 0.01951522115 2
0 0.385 0.325 0.01825393801 2
0 0.385 0.335 0.01666424773 2
0 0.385 0.345 0.01476198476 2
0 0.385 0.355 0.01257093843 2
0 0.385 0.365 0.01012067762 2
0 0.385 0.375 0.007445024869 2
0 0.385 0.385 0.004580615726 2
0 0.385 0.395 0.001566120677 2
0 0.385 0.405 -0.001559091232 2
0 0.385 0.415 -0.004753964457 2
0 0.385 0.425 -0.00798125539 2
0 0.385 0.435 -0.01119278033 2
0 0.385 0.445 -0.01437675036 2
0 0.385 0.455 -0.01741401966 2
0 0.385 0.465 -0.02052200616 2
0 0.385 0.475 -0.0228912644 2
0 0.385 0.485 -0.02687905768 2
0 0.385 0.495 -0.02512208869 2
0 0.385 0.505 -0.01709095432 2
0 0.385 0.515 -0.006976291805 2
0 0.385 0.525 0 2
0 0.385 0.535 0 2
0 0.385 0.545 0 2
0 0.385 0.555 0 2
0 0.385 0.565 0 2
0 0.395 -0.555 0 1
0 0.395 -0.545 0 1
0 0.395 -0.535 0 1
0 0.395 -0.525 0 1
0 0.395 -0.515 -0.005121212559 1
0 0.395 -0.505 -0.01326601591 1
0 0.395 -0.495 -0.0209487543 1
0 0.395 -0.485 -0.02464067391 2
0 0.395 -0.475 -0.02357125921 2
0 0.395 -0.465 -0.02225308684 2
0 0.395 -0.455 -0.01936667134 2
0 0.395 -0.445 -0.01613287098 2
0 0.395 -0.435 -0.01275881253 2
0 0.395 -0.425 -0.009482207677 2
0 0.395 -0.415 -0.00624678526 2
0 0.395 -0.405 -0.003094434114 2
0 0.395 -0.395 -2.884481069e-05 2
0 0.395 -0.385 0.002940026811 2
0 0.395 -0.375 0.005805334793 2
0 0.395 -0.365 0.008553946808 2
0 0.395 -0.355 0.01116380456 2
0 0.395 -0.345 0.01360349748 2
0 0.395 -0.335 0.01583489571 2
0 0.395 -0.325 0.01781807135 2
0 0.395 -0.315 0.01951576761 2
0 0.395 -0.305 0.02089704394 2
0 0.395 -0.295 0.02193874311 2
0 0.395 -0.285 0.02262583366 2
0 0.395 -0.275 0.02295081917 2
0 0.395 -0.265 0.02291295518 2
0 0.395 -0.255 0.02251746042 2
0 0.395 -0.245 0.02177485383 2
0 0.395 -0.235 0.02070035162 2
0 0.395 -0.225 0.01931332592 2
0 0.395 -0.215 0.01763678711 2
0 0.395 -0.205 0.01569687492 2
0 0.395 -0.195 0.01352235806 2
0 0.395 -0.185 0.01114415559 2
0 0.395 -0.175 0.008594898305 2
0 0.395 -0.165 0.005908545421 2
0 0.395 -0.155 0.003120062045 2
0 0.395 -0.145 0.0002651501336 2
0 0.395 -0.135 -0.002619986841 2
0 0.395 -0.125 -0.005498872986 2
0 0.395 -0.115 -0.008335011889 2
0 0.395 -0.105 -0.01109218484 2
0 0.395 -0.095 -0.01373480779 2
0 0.395 -0.085 -0.01622834605 2
0 0.395 -0.075 -0.01853977367 2
0 0.395 -0.065 -0.02063805601 2
0 0.395 -0.055 -0.02249463174 2
0 0.395 -0.045 -0.02408387192 2
0 0.395 -0.035 -0.02538349859 2
0 0.395 -0.025 -0.02637495085 2
0 0.395 -0.015 -0.02704369081 2
0 0.395 -0.005 -0.02737944537 2
0 0.395 0.005 -0.02737638176 2
0 0.395 0.015 -0.02703321608 2
0 0.395 0.025 -0.02635325482 2
0 0.395 0.035 -0.02534437003 2
0 0.395 0.045 -0.02401891 2
0 0.395 0.055 -0.02239354875 2
0 0.395 0.065 -0.0204890789 2
0 0.395 0.075 -0.01833015864 2
0 0.395 0.085 -0.01594502084 2
0 0.395 0.095 -0.0133651842 2
0 0.395 0.105 -0.01062515918 2
0 0.395 0.115 -0.007762332099 2
0 0.395 0.125 -0.004816858414 2
0 0.395 0.135 -0.001832268154 2
0 0.395 0.145 0.00114366225 2
0 0.395 0.155 0.004057939589 2
0 0.395 0.165 0.006848332231 2
0 0.395 0.175 0.00944444774 2
0 0.395 0.185 0.0117749876 2
0 0.395 0.195 0.01378578288 2
0 0.395 0.205 0.01545009186 2
0 0.395 0.215 0.01678327226 2
0 0.395 0.225 0.01784035298 2
0 0.395 0.235 0.01869253009 2
0 0.395 0.245 0.01940435754 2
0 0.395 0.255 0.02000511982 2
0 0.395 0.265 0.02048926667 2
0 0.395 0.275 0.02080851422 2
0 0.395 0.285 0.02090669362 2
0 0.395 0.295 0.02072261633 2
0 0.395 0.305 0.02021294322 2
0 0.395 0.315 0.01935142554 2
0 0.395 0.325 0.01813015563 2
0 0.395 0.335 0.01655715857 2
0 0.395 0.345 0.01465135501 2
0 0.395 0.355 0.0124406051 2
0 0.395 0.365 0.009958149845 2
0 0.395 0.375 0.00724121519 2
0 0.395 0.385 0.004329179071 2
0 0.395 0.395 0.001262943558 2
0 0.395 0.405 -0.001916350713 2
0 0.395 0.415 -0.005166184713 2
0 0.395 0.425 -0.008448191715 2
0 0.395 0.435 -0.01171295778 2
0 0.395 0.445 -0.01494844963 2
0 0.395 0.455 -0.0180327105 2
0 0.395 0.465 -0.02118857723 2
0 0.395 0.475 -0.02358695907 2
0 0.395 0.485 -0.02764287601 2
0 0.395 0.495 -0.02581244605 2
0 0.395 0.505 -0.01754737079 2
0 0.395 0.515 -0.007162231385 2
0 0.395 0.525 0 2
0 0.395 0.535 0 2
0 0.395 0.545 0 2
0 0.395 0.555 0 2
0 0.395 0.565 0 2
0 0.405 -0.555 0 1
0 0.405 -0.545 0 1
0 0.405 -0.535 0 1
0 0.405 -0.525 0 1
0 0.405 -0.515 -0.004998120256 1
0 0.405 -0.505 -0.01291413719 1
0 0.405 -0.495 -0.02054297857 1
0 0.405 -0.485 -0.02433552357 2
0 0.405 -0.475 -0.02363874777 2
0 0.405 -0.465 -0.02262956274 2
0 0.405 -0.455 -0.01986710549 2
0 0.405 -0.445 -0.01656709668 2
0 0.405 -0.435 -0.01309424968 2
0 0.405 -0.425 -0.009782989934 2
0 0.405 -0.415 -0.006547230797 2
0 0.405 -0.405 -0.003429407766 2
0 0.405 -0.395 -0.000419395045 2
0 0.405 -0.385 0.002490862512 2
0 0.405 -0.375 0.005314074938 2
0 0.405 -0.365 0.008051233347 2
0 0.405 -0.355 0.01068413806 2
0 0.405 -0.345 0.01317595567 2
0 0.405 -0.335 0.01547683268 2
0 0.405 -0.325 0.01753491759 2
0 0.405 -0.315 0.01930364331 2
0 0.405 -0.305 0.02074690119 2
0 0.405 -0.295 0.0218393756 2
0 0.405 -0.285 0.02256574663 2
0 0.405 -0.275 0.02291906395 2
0 0.405 -0.265 0.0228996536 2
0 0.405 -0.255 0.02251394483 2
0 0.405 -0.245 0.02177369804 2
0 0.405 -0.235 0.02069536844 2
0 0.405 -0.225 0.0192995506 2
0 0.405 -0.215 0.01761043462 2
0 0.405 -0.205 0.01565524917 2
0 0.405 -0.195 0.01346369618 2
0 0.405 -0.185 0.01106740704 2
0 0.405 -0.175 0.00849945814 2
0 0.405 -0.165 0.005793977801 2
0 0.405 -0.155 0.002985857789 2
0 0.405 -0.145 0.0001105592423 2
0 0.405 -0.135 -0.002796021055 2
0 0.405 -0.125 -0.005697671726 2
0 0.405 -0.115 -0.008558025805 2
0 0.405 -0.105 -0.01134079816 2
0 0.405 -0.095 -0.01401012139 2
0 0.405 -0.085 -0.01653097691 2
0 0.405 -0.075 -0.01886969796 2
0 0.405 -0.065 -0.02099450955 2
0 0.405 -0.055 -0.02287606873 2
0 0.405 -0.045 -0.02448797443 2
0 0.405 -0.035 -0.0258072257 2
0 0.405 -0.025 -0.02681461571 2
0 0.405 -0.015 -0.02749505625 2
0 0.405 -0.005 -0.02783783073 2
0 0.405 0.005 -0.02783677549 2
0 0.405 0.015 -0.02749038965 2
0 0.405 0.025 -0.02680187356 2
0 0.405 0.035 -0.02577909647 2
0 0.405 0.045 -0.02443449421 2
0 0.405 0.055 -0.02278489921 2
0 0.405 0.065 -0.02085130555 2
0 0.405 0.075 -0.01865857783 2
0 0.405 0.085 -0.01623510553 2
0 0.405 0.095 -0.01361244867 2
0 0.405 0.105 -0.01082493024 2
0 0.405 0.115 -0.007909472494 2
0 0.405 0.125 -0.004905176307 2
0 0.405 0.135 -0.001854490342 2
0 0.405 0.145 0.001197076535 2
0 0.405 0.155 0.004196238422 2
0 0.405 0.165 0.007072063653 2
0 0.405 0.175 0.009755518201 2
0 0.405 0.185 0.01213567134 2
0 0.405 0.195 0.01410954709 2
0 0.405 0.205 0.01561375513 2
0 0.405 0.215 0.01667206137 2
0 0.405 0.225 0.01740383401 2
0 0.405 0.235 0.01796711025 2
0 0.405 0.245 0.01850648867 2
0 0.405 0.255 0.01908108276 2
0 0.405 0.265 0.01967493759 2
0 0.405 0.275 0.02015913365 2
0 0.405 0.285 0.02043837369 2
0 0.405 0.295 0.0204103625 2
0 0.405 0.305 0.0200197853 2
0 0.405 0.315 0.01924332089 2
0 0.405 0.325 0.01807145397 2
0 0.405 0.335 0.01651682938 2
0 0.405 0.345 0.01460425064 2
0 0.405 0.355 0.01236859996 2
0 0.405 0.365 0.009848122542 2
0 0.405 0.375 0.007084316579 2
0 0.405 0.385 0.004119773088 2
0 0.405 0.395 0.000997787269 2
0 0.405 0.405 -0.002238730101 2
0 0.405 0.415 -0.005545865944 2
0 0.405 0.425 -0.008884229395 2
0 0.405 0.435 -0.01220328821 2
0 0.405 0.445 -0.01549082772 2
0 0.405 0.455 -0.01862224509 2
0 0.405 0.465 -0.02182557673 2
0 0.405 0.475 -0.02425298216 2
0 0.405 0.485 -0.02837461084 2
0 0.405 0.495 -0.02647416565 2
0 0.405 0.505 -0.01798467896 2
0 0.405 0.515 -0.007340560611 2
0 0.405 0.525 0 2
0 0.405 0.535 0 2
0 0.405 0.545 0 2
0 0.405 0.555 0 2
0 0.405 0.565 0 2
0 0.415 -0.555 0 1
0 0.415 -0.545 0 1
0 0.415 -0.535 0 1
0 0.415 -0.525 0 1
0 0.415 -0.515 -0.005048230254 1
0 0.415 -0.505 -0.01287863828 1
0 0.415 -0.495 -0.02035313759 1
0 0.415 -0.485 -0.0241481165 1
0 0.415 -0.475 -0.02364761612 2
0 0.415 -0.465 -0.02288006056 2
0 0.415 -0.455 -0.02018912903 2
0 0.415 -0.445 -0.01682431708 2
0 0.415 -0.435 -0.01328347252 2
0 0.415 -0.425 -0.009948002662 2
0 0.415 -0.415 -0.006733583239 2
0 0.415 -0.405 -0.003686864647 2
0 0.415 -0.395 -0.0007819950197 2
0 0.415 -0.385 0.002018363394 2
0 0.415 -0.375 0.004761172221 2
0 0.415 -0.365 0.007470984062 2
0 0.415 -0.355 0.01013253535 2
0 0.415 -0.345 0.0126969722 2
0 0.415 -0.335 0.01509254081 2
0 0.415 -0.325 0.01724856561 2
0 0.415 -0.315 0.01910519166 2
0 0.415 -0.305 0.02062014968 2
0 0.415 -0.295 0.02176718558 2
0 0.415 -0.285 0.02253270906 2
0 0.415 -0.275 0.02291179795 2
0 0.415 -0.265 0.02290683021 2
0 0.415 -0.255 0.02252615399 2
0 0.415 -0.245 0.02178325948 2
0 0.415 -0.235 0.02069621067 2
0 0.415 -0.225 0.01928714765 2
0 0.415 -0.215 0.01758174353 2
0 0.415 -0.205 0.01560859215 2
0 0.415 -0.195 0.01339854545 2
0 0.415 -0.185 0.01098406187 2
0 0.415 -0.175 0.008398639877 2
0 0.415 -0.165 0.005676401476 2
0 0.415 -0.155 0.002851854182 2
0 0.415 -0.145 -4.018182421e-05 2
0 0.415 -0.135 -0.002964541301 2
0 0.415 -0.125 -0.00588565976 2
0 0.415 -0.115 -0.008767586378 2
0 0.415 -0.105 -0.01157413338 2
0 0.415 -0.095 -0.01426919198 2
0 0.415 -0.085 -0.01681720319 2
0 0.415 -0.075 -0.01918373981 2
0 0.415 -0.065 -0.02133613793 2
0 0.415 -0.055 -0.02324412222 2
0 0.415 -0.045 -0.0248803821 2
0 0.415 -0.035 -0.02622107576 2
0 0.415 -0.025 -0.02724625251 2
0 0.415 -0.015 -0.02794019367 2
0 0.415 -0.005 -0.02829167425 2
0 0.415 0.005 -0.02829414845 2
0 0.415 0.015 -0.02794585998 2
0 0.415 0.025 -0.02724987733 2
0 0.415 0.035 -0.02621405377 2
0 0.415 0.045 -0.02485091175 2
0 0.415 0.055 -0.02317745252 2
0 0.415 0.065 -0.021214891 2
0 0.415 0.075 -0.0189883214 2
0 0.415 0.085 -0.01652630548 2
0 0.415 0.095 -0.01386042879 2
0 0.415 0.105 -0.01102472756 2
0 0.415 0.115 -0.008055389979 2
0 0.415 0.125 -0.00498974763 2
0 0.415 0.135 -0.001867980332 2
0 0.415 0.145 0.001270757986 2
0 0.415 0.155 0.004374474095 2
0 0.415 0.165 0.007387835548 2
0 0.415 0.175 0.01023102219 2
0 0.415 0.185 0.01270530329 2
0 0.415 0.195 0.01462589881 2
0 0.415 0.205 0.01589260239 2
0 0.415 0.215 0.0165558958 2
0 0.415 0.225 0.01686626397 2
0 0.415 0.235 0.01708952662 2
0 0.415 0.245 0.01742239105 2
0 0.415 0.255 0.01795526572 2
0 0.415 0.265 0.0186969996 2
0 0.415 0.275 0.01939350077 2
0 0.415 0.285 0.0199267465 2
0 0.415 0.295 0.02012098241 2
0 0.415 0.305 0.01989473626 2
0 0.415 0.315 0.01922522486 2
0 0.415 0.325 0.01810261469 2
0 0.415 0.335 0.0165623168 2
0 0.415 0.345 0.01463387405 2
0 0.415 0.355 0.01236318223 2
0 0.415 0.365 0.009795280486 2
0 0.415 0.375 0.006976618646 2
0 0.415 0.385 0.003953120937 2
0 0.415 0.395 0.0007704318287 2
0 0.415 0.405 -0.002526981654 2
0 0.415 0.415 -0.005894029093 2
0 0.415 0.425 -0.009290499109 2
0 0.415 0.435 -0.01266492388 2
0 0.415 0.445 -0.01600501707 2
0 0.415 0.455 -0.01918372061 2
0 0.415 0.465 -0.02243407988 2
0 0.415 0.475 -0.0248903793 2
0 0.415 0.485 -0.02907537541 2
0 0.415 0.495 -0.02710822595 2
0 0.415 0.505 -0.01840353668 2
0 0.415 0.515 -0.007511534712 2
0 0.415 0.525 0 2
0 0.415 0.535 0 2
0 0.415 0.545 0 2
0 0.415 0.555 0 2
0 0.415 0.565 0 2
0 0.425 -0.555 0 1
0 0.425 -0.545 0 1
0 0.425 -0.535 0 1
0 0.425 -0.525 0 1
0 0.425 -0.515 -0.005225853675 1
0 0.425 -0.505 -0.0132312677 1
0 0.425 -0.495 -0.02075736378 1
0 0.425 -0.485 -0.0244839182 1
0 0.425 -0.475 -0.02376335494 2
0 0.425 -0.465 -0.02295483525 2
0 0.425 -0.455 -0.02022389383 2
0 0.425 -0.445 -0.01684255436 2
0 0.425 -0.435 -0.01325936255 2
0 0.425 -0.425 -0.009880431412 2
0 0.425 -0.415 -0.006694111673 2
0 0.425 -0.405 -0.003792895402 2
0 0.425 -0.395 -0.001125055734 2
0 0.425 -0.385 0.001424611925 2
0 0.425 -0.375 0.003992207855 2
0 0.425 -0.365 0.006663585956 2
0 0.425 -0.355 0.009407147173 2
0 0.425 -0.345 0.0121203459 2
0 0.425 -0.335 0.01467619099 2
0 0.425 -0.325 0.01697000237 2
0 0.425 -0.315 0.01893195145 2
0 0.425 -0.305 0.02052757368 2
0 0.425 -0.295 0.02173120477 2
0 0.425 -0.285 0.0225334214 2
0 0.425 -0.275 0.02293351886 2
0 0.425 -0.265 0.02293715755 2
0 0.425 -0.255 0.02255522487 2
0 0.425 -0.245 0.02180332443 2
0 0.425 -0.235 0.02070142863 2
0 0.425 -0.225 0.01927353676 2
0 0.425 -0.215 0.01754716561 2
0 0.425 -0.205 0.01555265761 2
0 0.425 -0.195 0.0133223551 2
0 0.425 -0.185 0.01088975505 2
0 0.425 -0.175 0.008288784112 2
0 0.425 -0.165 0.005553322519 2
0 0.425 -0.155 0.002717035984 2
0 0.425 -0.145 -0.0001864984923 2
0 0.425 -0.135 -0.003123483222 2
0 0.425 -0.125 -0.006059555589 2
0 0.425 -0.115 -0.008959568417 2
0 0.425 -0.105 -0.01178761552 2
0 0.425 -0.095 -0.01450734287 2
0 0.425 -0.085 -0.01708251014 2
0 0.425 -0.075 -0.01947771652 2
0 0.425 -0.065 -0.02165917943 2
0 0.425 -0.055 -0.02359548149 2
0 0.425 -0.045 -0.02525822821 2
0 0.425 -0.035 -0.02662259901 2
0 0.425 -0.025 -0.02766779173 2
0 0.425 -0.015 -0.02837737264 2
0 0.425 -0.005 -0.02873954184 2
0 0.425 0.005 -0.02874732051 2
0 0.425 0.015 -0.02839866129 2
0 0.425 0.025 -0.02769648113 2
0 0.425 0.035 -0.02664861451 2
0 0.425 0.045 -0.02526768567 2
0 0.425 0.055 -0.02357089901 2
0 0.425 0.065 -0.02157974506 2
0 0.425 0.075 -0.01931962385 2
0 0.425 0.085 -0.01681936629 2
0 0.425 0.095 -0.01411069179 2
0 0.425 0.105 -0.01122744658 2
0 0.425 0.115 -0.008205094144 2
0 0.425 0.125 -0.005078963634 2
0 0.425 0.135 -0.001886198787 2
0 0.425 0.145 0.001343400793 2
0 0.425 0.155 0.004560998504 2
0 0.425 0.165 0.007760368212 2
0 0.425 0.175 0.01081612547 2
0 0.425 0.185 0.01343127115 2
0 0.425 0.195 0.01527306359 2
0 0.425 0.205 0.01614904034 2
0 0.425 0.215 0.0162955015 2
0 0.425 0.225 0.01613656666 2
0 0.425 0.235 0.0159954505 2
0 0.425 0.245 0.01617441308 2
0 0.425 0.255 0.01673269614 2
0 0.425 0.265 0.01766545701 2
0 0.425 0.275 0.01861307855 2
0 0.425 0.285 0.01946340094 2
0 0.425 0.295 0.01992034953 2
0 0.425 0.305 0.01989035755 2
0 0.425 0.315 0.01934427679 2
0 0.425 0.325 0.01825878612 2
0 0.425 0.335 0.01671395281 2
0 0.425 0.345 0.01475327051 2
0 0.425 0.355 0.01243139222 2
0 0.425 0.365 0.009802607327 2
0 0.425 0.375 0.00691875973 2
0 0.425 0.385 0.003828457881 2
0 0.425 0.395 0.0005793906451 2
0 0.425 0.405 -0.002782894815 2
0 0.425 0.415 -0.00621253522 2
0 0.425 0.425 -0.009668813133 2
0 0.425 0.435 -0.01309957807 2
0 0.425 0.445 -0.01649262381 2
0 0.425 0.455 -0.01971864733 2
0 0.425 0.465 -0.02301554155 2
0 0.425 0.475 -0.02550055416 2
0 0.425 0.485 -0.02974667246 2
0 0.425 0.495 -0.02771595231 2
0 0.425 0.505 -0.01880484397 2
0 0.425 0.515 -0.00767550119 2
0 0.425 0.525 0 2
0 0.425 0.535 0 2
0 0.425 0.545 0 2
0 0.425 0.555 0 2
0 0.425 0.565 0 2
0 0.435 -0.555 0 1
0 0.435 -0.545 0 1
0 0.435 -0.535 0 1
0 0.435 -0.525 0 1
0 0.435 -0.515 -0.005634251632 1
0 0.435 -0.505 -0.01412254663 1
0 0.435 -0.495 -0.02186888684 1
0 0.435 -0.485 -0.02536689275 1
0 0.435 -0.475 -0.02413116425 2
0 0.435 -0.465 -0.02305235595 2
0 0.435 -0.455 -0.02014995101 2
0 0.435 -0.445 -0.01672671415 2
0 0.435 -0.435 -0.01308581758 2
0 0.435 -0.425 -0.009639451692 2
0 0.435 -0.415 -0.006467749083 2
0 0.435 -0.405 -0.003743576263 2
0 0.435 -0.395 -0.001385586453 2
0 0.435 -0.385 0.000828519632 2
0 0.435 -0.375 0.003138073935 2
0 0.435 -0.365 0.005741047306 2
0 0.435 -0.355 0.00858398291 2
0 0.435 -0.345 0.01148182145 2
0 0.435 -0.335 0.01424757889 2
0 0.435 -0.325 0.01672193169 2
0 0.435 -0.315 0.01880990425 2
0 0.435 -0.305 0.02048774709 2
0 0.435 -0.295 0.02174435837 2
0 0.435 -0.285 0.02257656091 2
0 0.435 -0.275 0.02298971915 2
0 0.435 -0.265 0.02299378566 2
0 0.435 -0.255 0.02260247128 2
0 0.435 -0.245 0.02183359486 2
0 0.435 -0.235 0.02070917728 2
0 0.435 -0.225 0.01925534995 2
0 0.435 -0.215 0.01750191974 2
0 0.435 -0.205 0.01548154841 2
0 0.435 -0.195 0.01322864078 2
0 0.435 -0.185 0.01077814077 2
0 0.435 -0.175 0.008164490958 2
0 0.435 -0.165 0.005421013917 2
0 0.435 -0.155 0.002579835111 2
0 0.435 -0.145 -0.000327655008 2
0 0.435 -0.135 -0.003270014897 2
0 0.435 -0.125 -0.006214912637 2
0 0.435 -0.115 -0.009128527804 2
0 0.435 -0.105 -0.01197541103 2
0 0.435 -0.095 -0.01471884278 2
0 0.435 -0.085 -0.01732159509 2
0 0.435 -0.075 -0.01974692363 2
0 0.435 -0.065 -0.02195958045 2
0 0.435 -0.055 -0.02392672737 2
0 0.435 -0.045 -0.02561867963 2
0 0.435 -0.035 -0.02700948992 2
0 0.435 -0.025 -0.02807739554 2
0 0.435 -0.015 -0.02880516376 2
0 0.435 -0.005 -0.02918035333 2
0 0.435 0.005 -0.02919550157 2
0 0.435 0.015 -0.02884823622 2
0 0.435 0.025 -0.02814130793 2
0 0.435 0.035 -0.02708253913 2
0 0.435 0.045 -0.02568468616 2
0 0.435 0.055 -0.02396521342 2
0 0.435 0.065 -0.02194597552 2
0 0.435 0.075 -0.01965280658 2
0 0.435 0.085 -0.01711498804 2
0 0.435 0.095 -0.01436462128 2
0 0.435 0.105 -0.01143569913 2
0 0.435 0.115 -0.00836335651 2
0 0.435 0.125 -0.005181413698 2
0 0.435 0.135 -0.001924066864 2
0 0.435 0.145 0.001388453153 2
0 0.435 0.155 0.004713562088 2
0 0.435 0.165 0.008119690111 2
0 0.435 0.175 0.01138761558 2
0 0.435 0.185 0.01408558026 2
0 0.435 0.195 0.01572739783 2
0 0.435 0.205 0.01614915274 2
0 0.435 0.215 0.015904537 2
0 0.435 0.225 0.01545399234 2
0 0.435 0.235 0.01512585583 2
0 0.435 0.245 0.01521097495 2
0 0.435 0.255 0.01569155544 2
0 0.435 0.265 0.01662100221 2
0 0.435 0.275 0.01776690744 2
0 0.435 0.285 0.01898779284 2
0 0.435 0.295 0.01983251743 2
0 0.435 0.305 0.02006737724 2
0 0.435 0.315 0.01964746627 2
0 0.435 0.325 0.0185815319 2
0 0.435 0.335 0.01699853871 2
0 0.435 0.345 0.01497309393 2
0 0.435 0.355 0.01257790758 2
0 0.435 0.365 0.009870406575 2
0 0.435 0.375 0.006908827683 2
0 0.435 0.385 0.003742951287 2
0 0.435 0.395 0.0004215556019 2
0 0.435 0.405 -0.003009492127 2
0 0.435 0.415 -0.006504181566 2
0 0.435 0.425 -0.01002170195 2
0 0.435 0.435 -0.01350952703 2
0 0.435 0.445 -0.01695570937 2
0 0.435 0.455 -0.02022891811 2
0 0.435 0.465 -0.02357175748 2
0 0.435 0.475 -0.02608522505 2
0 0.435 0.485 -0.03039034542 2
0 0.435 0.495 -0.0282989726 2
0 0.435 0.505 -0.01918971386 2
0 0.435 0.515 -0.007832887997 2
0 0.435 0.525 0 2
0 0.435 0.535 0 2
0 0.435 0.545 0 2
0 0.435 0.555 0 2
0 0.435 0.565 0 2
0 0.445 -0.555 0 2
0 0.445 -0.545 0 2
0 0.445 -0.535 0 1
0 0.445 -0.525 0 1
0 0.445 -0.515 -0.006182484594 1
0 0.445 -0.505 -0.01540450038 1
0 0.445 -0.495 -0.02368030033 1
0 0.445 -0.485 -0.02684488287 2
0 0.445 -0.475 -0.02472164002 2
0 0.445 -0.465 -0.02311415363 2
0 0.445 -0.455 -0.0200106746 2
0 0.445 -0.445 -0.01653384595 2
0 0.445 -0.435 -0.01281849974 2
0 0.445 -0.425 -0.009282254946 2
0 0.445 -0.415 -0.006131827133 2
0 0.445 -0.405 -0.003582583562 2
0 0.445 -0.395 -0.001546710109 2
0 0.445 -0.385 0.000305741972 2
0 0.445 -0.375 0.00234976507 2
0 0.445 -0.365 0.004865753623 2
0 0.445 -0.355 0.007793354053 2
0 0.445 -0.345 0.01088892746 2
0 0.445 -0.335 0.01386992679 2
0 0.445 -0.325 0.01653851065 2
0 0.445 -0.315 0.0187671543 2
0 0.445 -0.305 0.02052533738 2
0 0.445 -0.295 0.02182195121 2
0 0.445 -0.285 0.02267145246 2
0 0.445 -0.275 0.02308604519 2
0 0.445 -0.265 0.02307988522 2
0 0.445 -0.255 0.02266921246 2
0 0.445 -0.245 0.0218737019 2
0 0.445 -0.235 0.02071730624 2
0 0.445 -0.225 0.01922848285 2
0 0.445 -0.215 0.01743989526 2
0 0.445 -0.205 0.01538740052 2
0 0.445 -0.195 0.01310845007 2
0 0.445 -0.185 0.01064023105 2
0 0.445 -0.175 0.008017992217 2
0 0.445 -0.165 0.005274094234 2
0 0.445 -0.155 0.002438028078 2
0 0.445 -0.145 -0.0004625294883 2
0 0.445 -0.135 -0.003400075981 2
0 0.445 -0.125 -0.006345568051 2
0 0.445 -0.115 -0.009267195779 2
0 0.445 -0.105 -0.01213005089 2
0 0.445 -0.095 -0.01489668027 2
0 0.445 -0.085 -0.01752827092 2
0 0.445 -0.075 -0.01998612646 2
0 0.445 -0.065 -0.02223303508 2
0 0.445 -0.055 -0.02423439151 2
0 0.445 -0.045 -0.02595899995 2
0 0.445 -0.035 -0.02737964867 2
0 0.445 -0.025 -0.02847351846 2
0 0.445 -0.015 -0.02922250024 2
0 0.445 -0.005 -0.02961344508 2
0 0.445 0.005 -0.02963835339 2
0 0.445 0.015 -0.0292944931 2
0 0.445 0.025 -0.02858443683 2
0 0.445 0.035 -0.02751600958 2
0 0.445 0.045 -0.0261021431 2
0 0.445 0.055 -0.024360637 2
0 0.445 0.065 -0.02231382433 2
0 0.445 0.075 -0.01998814122 2
0 0.445 0.085 -0.01741356819 2
0 0.445 0.095 -0.01462295836 2
0 0.445 0.105 -0.01165101731 2
0 0.445 0.115 -0.008533373818 2
0 0.445 0.125 -0.005303696498 2
0 0.445 0.135 -0.001994782548 2
0 0.445 0.145 0.001378461615 2
0 0.445 0.155 0.00478059685 2
0 0.445 0.165 0.008330608416 2
0 0.445 0.175 0.01175165362 2
0 0.445 0.185 0.0144937651 2
0 0.445 0.195 0.01602772263 2
0 0.445 0.205 0.01621191534 2
0 0.445 0.215 0.0156290001 1
0 0.445 0.225 0.01487059898 1
0 0.445 0.235 0.01447952348 1
0 0.445 0.245 0.01456429674 1
0 0.445 0.255 0.0150425192 1
0 0.445 0.265 0.0159381521 2
0 0.445 0.275 0.01719061632 2
0 0.445 0.285 0.01856100043 2
0 0.445 0.295 0.01977498482 2
0 0.445 0.305 0.02040374834 2
0 0.445 0.315 0.02016176085 2
0 0.445 0.325 0.01909743793 2
0 0.445 0.335 0.01743012592 2
0 0.445 0.345 0.01529350637 2
0 0.445 0.355 0.01280006176 2
0 0.445 0.365 0.009993911434 2
0 0.445 0.375 0.006941035165 2
0 0.445 0.385 0.003691047559 2
0 0.445 0.395 0.0002919057455 2
0 0.445 0.405 -0.003211139567 2
0 0.445 0.415 -0.006772720698 2
0 0.445 0.425 -0.01035239081 2
0 0.445 0.435 -0.01389756698 2
0 0.445 0.445 -0.01739673858 2
0 0.445 0.455 -0.02071675149 2
0 0.445 0.465 -0.02410480264 2
0 0.445 0.475 -0.02664635965 2
0 0.445 0.485 -0.03100850343 2
0 0.445 0.495 -0.02885914867 2
0 0.445 0.505 -0.01955942538 2
0 0.445 0.515 -0.007984184973 2
0 0.445 0.525 0 2
0 0.445 0.535 0 2
0 0.445 0.545 0 2
0 0.445 0.555 0 2
0 0.445 0.565 0 2
0 0.455 -0.555 0 2
0 0.455 -0.545 0 2
0 0.455 -0.535 0 2
0 0.455 -0.525 0 2
0 0.455 -0.515 -0.006849803276 2
0 0.455 -0.505 -0.01697740279 2
0 0.455 -0.495 -0.02562403704 2
0 0.455 -0.485 -0.0282553297 2
0 0.455 -0.475 -0.02529056151 2
0 0.455 -0.465 -0.0232911746 2
0 0.455 -0.455 -0.02002668458 2
0 0.455 -0.445 -0.01646354544 2
0 0.455 -0.435 -0.01265275014 2
0 0.455 -0.425 -0.009001659778 2
0 0.455 -0.415 -0.005856465371 2
0 0.455 -0.405 -0.0033682214 2
0 0.455 -0.395 -0.001496250741 2
0 0.455 -0.385 6.207872945e-05 2
0 0.455 -0.375 0.00187446433 2
0 0.455 -0.365 0.004282748414 2
0 0.455 -0.355 0.007257013539 2
0 0.455 -0.345 0.01053701363 2
0 0.455 -0.335 0.01370583815 2
0 0.455 -0.325 0.01652395336 2
0 0.455 -0.315 0.01885571432 2
0 0.455 -0.305 0.02066610352 2
0 0.455 -0.295 0.02197858743 2
0 0.455 -0.285 0.02282611211 2
0 0.455 -0.275 0.02322716742 2
0 0.455 -0.265 0.02319813627 2
0 0.455 -0.255 0.02275669069 2
0 0.455 -0.245 0.02192337912 2
0 0.455 -0.235 0.02072355764 2
0 0.455 -0.225 0.01918802012 2
0 0.455 -0.215 0.0173530079 2
0 0.455 -0.205 0.01525900812 2
0 0.455 -0.195 0.01294834152 2
0 0.455 -0.185 0.01046208152 2
0 0.455 -0.175 0.007837063197 2
0 0.455 -0.165 0.005104173283 2
0 0.455 -0.155 0.002288417427 2
0 0.455 -0.145 -0.0005888985855 2
0 0.455 -0.135 -0.003506925762 2
0 0.455 -0.125 -0.006441925052 2
0 0.455 -0.115 -0.009364945617 2
0 0.455 -0.105 -0.0122413602 2
0 0.455 -0.095 -0.01503200884 2
0 0.455 -0.085 -0.0176953027 2
0 0.455 -0.075 -0.02018960999 2
0 0.455 -0.065 -0.02247510444 2
0 0.455 -0.055 -0.02451507271 2
0 0.455 -0.045 -0.02627664518 2
0 0.455 -0.035 -0.02773126256 2
0 0.455 -0.025 -0.02885498349 2
0 0.455 -0.015 -0.02962875585 2
0 0.455 -0.005 -0.0300386522 2
0 0.455 0.005 -0.03007607371 2
0 0.455 0.015 -0.02973788729 2
0 0.455 0.025 -0.02902647604 2
0 0.455 0.035 -0.02794968904 2
0 0.455 0.045 -0.02652068806 2
0 0.455 0.055 -0.02475769615 2
0 0.455 0.065 -0.02268365255 2
0 0.455 0.075 -0.02032577916 2
0 0.455 0.085 -0.01771503028 2
0 0.455 0.095 -0.014885438 2
0 0.455 0.105 -0.01187311851 2
0 0.455 0.115 -0.008715304495 2
0 0.455 0.125 -0.005447438756 2
0 0.455 0.135 -0.002103571191 2
0 0.455 0.145 0.001300268921 2
0 0.455 0.155 0.004733735641 2
0 0.455 0.165 0.00832065112 2
0 0.455 0.175 0.01180539286 2
0 0.455 0.185 0.01455862536 2
0 0.455 0.195 0.01594384343 2
0 0.455 0.205 0.01592341505 1
0 0.455 0.215 0.01521922786 1
0 0.455 0.225 0.01463133619 1
0 0.455 0.235 0.01451589817 1
0 0.455 0.245 0.01470191745 1
0 0.455 0.255 0.01496819318 1
0 0.455 0.265 0.01546367719 1
0 0.455 0.275 0.01659637643 1
0 0.455 0.285 0.01814192742 2
0 0.455 0.295 0.01971951877 2
0 0.455 0.305 0.02079155469 2
0 0.455 0.315 0.02081942794 2
0 0.455 0.325 0.01980128514 2
0 0.455 0.335 0.01802150466 2
0 0.455 0.345 0.01571848475 2
0 0.455 0.355 0.01308800713 2
0 0.455 0.365 0.01016281923 2
0 0.455 0.375 0.007005384263 2
0 0.455 0.385 0.003664323201 2
0 0.455 0.395 0.000183526029 2
0 0.455 0.405 -0.003393461167 2
0 0.455 0.415 -0.007022753594 2
0 0.455 0.425 -0.01066469445 2
0 0.455 0.435 -0.01426691769 2
0 0.455 0.445 -0.01781849144 2
0 0.455 0.455 -0.0211846085 2
0 0.455 0.465 -0.02461694743 2
0 0.455 0.475 -0.02718608895 2
0 0.455 0.485 -0.03160342077 2
0 0.455 0.495 -0.0293984833 2
0 0.455 0.505 -0.01991535811 2
0 0.455 0.515 -0.008129918428 2
0 0.455 0.525 0 2
0 0.455 0.535 0 2
0 0.455 0.545 0 2
0 0.455 0.555 0 2
0 0.455 0.565 0 2
0 0.465 -0.555 0 2
0 0.465 -0.545 0 2
0 0.465 -0.535 0 2
0 0.465 -0.525 0 2
0 0.465 -0.515 -0.007362849793 2
0 0.465 -0.505 -0.01815928928 2
0 0.465 -0.495 -0.02712472813 2
0 0.465 -0.485 -0.02955686348 2
0 0.465 -0.475 -0.02595751677 2
0 0.465 -0.465 -0.02367643179 2
0 0.465 -0.455 -0.02027495918 2
0 0.465 -0.445 -0.01663373979 2
0 0.465 -0.435 -0.01272507921 2
0 0.465 -0.425 -0.008876547761 2
0 0.465 -0.415 -0.005525647616 2
0 0.465 -0.405 -0.002981011863 1
0 0.465 -0.395 -0.001253152957 1
0 0.465 -0.385 2.086693289e-06 1
0 0.465 -0.375 0.001585565295 1
0 0.465 -0.365 0.00395553286 2
0 0.465 -0.355 0.007063161125 2
0 0.465 -0.345 0.01057773423 2
0 0.465 -0.335 0.01387012244 2
0 0.465 -0.325 0.01677163028 2
0 0.465 -0.315 0.01912638633 2
0 0.465 -0.305 0.0209282348 2
0 0.465 -0.295 0.02222331491 2
0 0.465 -0.285 0.02304488868 2
0 0.465 -0.275 0.02341561306 2
0 0.465 -0.265 0.02335031528 2
0 0.465 -0.255 0.02286619188 2
0 0.465 -0.245 0.02198301781 2
0 0.465 -0.235 0.02072651742 2
0 0.465 -0.225 0.01912954146 2
0 0.465 -0.215 0.01723271147 2
0 0.465 -0.205 0.01508325796 2
0 0.465 -0.195 0.01273140359 2
0 0.465 -0.185 0.01022521968 2
0 0.465 -0.175 0.007605009884 2
0 0.465 -0.165 0.004899788336 2
0 0.465 -0.155 0.002127001895 2
0 0.465 -0.145 -0.0007030365549 2
0 0.465 -0.135 -0.003580766923 2
0 0.465 -0.125 -0.006490863149 2
0 0.465 -0.115 -0.009408025446 2
0 0.465 -0.105 -0.01229687621 2
0 0.465 -0.095 -0.01511459696 2
0 0.465 -0.085 -0.01781479614 2
0 0.465 -0.075 -0.02035149521 2
0 0.465 -0.065 -0.02268146268 2
0 0.465 -0.055 -0.02476560784 2
0 0.465 -0.045 -0.02656937228 2
0 0.465 -0.035 -0.0280628839 2
0 0.465 -0.025 -0.0292210585 2
0 0.465 -0.015 -0.03002383361 2
0 0.465 -0.005 -0.03045641159 2
0 0.465 0.005 -0.03050950775 2
0 0.465 0.015 -0.0301795321 2
0 0.465 0.025 -0.02946866537 2
0 0.465 0.035 -0.02838481138 2
0 0.465 0.045 -0.0269414297 2
0 0.465 0.055 -0.02515726504 2
0 0.465 0.065 -0.02305599105 2
0 0.465 0.075 -0.02066578533 2
0 0.465 0.085 -0.01801882179 2
0 0.465 0.095 -0.01515070464 2
0 0.465 0.105 -0.01209963626 2
0 0.465 0.115 -0.008905622747 2
0 0.465 0.125 -0.005608052765 2
0 0.465 0.135 -0.002245778545 2
0 0.465 0.145 0.001155952365 2
0 0.465 0.155 0.004562737215 2
0 0.465 0.165 0.008045208239 2
0 0.465 0.175 0.01143358291 2
0 0.465 0.185 0.01420774243 2
0 0.465 0.195 0.01566147531 2
0 0.465 0.205 0.01570569551 1
0 0.465 0.215 0.01497587832 1
0 0.465 0.225 0.01452579204 1
0 0.465 0.235 0.01467661218 1
0 0.465 0.245 0.01501502191 1
0 0.465 0.255 0.01529620804 1
0 0.465 0.265 0.01562364842 1
0 0.465 0.275 0.01630367017 1
0 0.465 0.285 0.01771917433 1
0 0.465 0.295 0.01953915585 2
0 0.465 0.305 0.02109680827 2
0 0.465 0.315 0.02153078613 2
0 0.465 0.325 0.02060934651 2
0 0.465 0.335 0.01871613791 2
0 0.465 0.345 0.01622187762 2
0 0.465 0.355 0.01341442583 2
0 0.465 0.365 0.01035707171 2
0 0.465 0.375 0.007086745878 2
0 0.465 0.385 0.003651442634 2
0 0.465 0.395 8.784578742e-05 2
0 0.465 0.405 -0.003563070878 2
0 0.465 0.415 -0.007259497717 2
0 0.465 0.425 -0.01096283195 2
0 0.465 0.435 -0.01462107642 2
0 0.465 0.445 -0.01822394403 2
0 0.465 0.455 -0.02163508861 2
0 0.465 0.465 -0.02511055689 2
0 0.465 0.475 -0.02770660426 2
0 0.465 0.485 -0.0321774137 2
0 0.465 0.495 -0.02991900512 2
0 0.465 0.505 -0.02025890963 2
0 0.465 0.515 -0.008270619268 2
0 0.465 0.525 0 2
0 0.465 0.535 0 2
0 0.465 0.545 0 2
0 0.465 0.555 0 2
0 0.465 0.565 0 2
0 0.475 -0.555 0 2
0 0.475 -0.545 0 2
0 0.475 -0.535 0 2
0 0.475 -0.525 0 2
0 0.475 -0.515 -0.007703918518 2
0 0.475 -0.505 -0.01894576465 2
0 0.475 -0.495 -0.02813927598 2
0 0.475 -0.485 -0.03054776126 2
0 0.475 -0.475 -0.02667536357 2
0 0.475 -0.465 -0.02432940651 2
0 0.475 -0.455 -0.02084059811 2
0 0.475 -0.445 -0.01713709161 2
0 0.475 -0.435 -0.01314871842 2
0 0.475 -0.425 -0.009155805049 2
0 0.475 -0.415 -0.005571698475 2
0 0.475 -0.405 -0.002907357177 1
0 0.475 -0.395 -0.001090033692 1
0 0.475 -0.385 0.000178600512 1
0 0.475 -0.375 0.001691345747 1
0 0.475 -0.365 0.004008273783 1
0 0.475 -0.355 0.007162156865 2
0 0.475 -0.345 0.01098413861 2
0 0.475 -0.335 0.0144081875 2
0 0.475 -0.325 0.01730354555 2
0 0.475 -0.315 0.01959070959 2
0 0.475 -0.305 0.02131246189 2
0 0.475 -0.295 0.02255478783 2
0 0.475 -0.285 0.0233263458 2
0 0.475 -0.275 0.02365083086 2
0 0.475 -0.265 0.02353708554 2
0 0.475 -0.255 0.02299946063 2
0 0.475 -0.245 0.02205478633 2
0 0.475 -0.235 0.02072707832 2
0 0.475 -0.225 0.01904962204 2
0 0.475 -0.215 0.01706748634 2
0 0.475 -0.205 0.0148378095 2
0 0.475 -0.195 0.0124249712 2
0 0.475 -0.185 0.009891744364 2
0 0.475 -0.175 0.007287041476 2
0 0.475 -0.165 0.004637921996 2
0 0.475 -0.155 0.001947845978 2
0 0.475 -0.145 -0.0007938842466 2
0 0.475 -0.135 -0.003598623982 2
0 0.475 -0.125 -0.006465153709 2
0 0.475 -0.115 -0.009371679149 2
0 0.475 -0.105 -0.01227778076 2
0 0.475 -0.095 -0.01513179277 2
0 0.475 -0.085 -0.01787862512 2
0 0.475 -0.075 -0.0204663737 2
0 0.475 -0.065 -0.02284827821 2
0 0.475 -0.055 -0.02498328621 2
0 0.475 -0.045 -0.02683535837 2
0 0.475 -0.035 -0.02837350844 2
0 0.475 -0.025 -0.02957153977 2
0 0.475 -0.015 -0.03040827747 2
0 0.475 -0.005 -0.03086790044 2
0 0.475 0.005 -0.03094030032 2
0 0.475 0.015 -0.03062134883 2
0 0.475 0.025 -0.02991301275 2
0 0.475 0.035 -0.02882330034 2
0 0.475 0.045 -0.02736605976 2
0 0.475 0.055 -0.02556066888 2
0 0.475 0.065 -0.02343165617 2
0 0.475 0.075 -0.02100828327 2
0 0.475 0.085 -0.01832410305 2
0 0.475 0.095 -0.01541653242 2
0 0.475 0.105 -0.01232628915 2
0 0.475 0.115 -0.009097012617 2
0 0.475 0.125 -0.005773813628 2
0 0.475 0.135 -0.002403405236 2
0 0.475 0.145 0.0009741757971 2
0 0.475 0.155 0.004314138329 2
0 0.475 0.165 0.007615881792 2
0 0.475 0.175 0.01081250502 2
0 0.475 0.185 0.0135726131 2
0 0.475 0.195 0.01513066117 2
0 0.475 0.205 0.01522815316 1
0 0.475 0.215 0.01471534207 1
0 0.475 0.225 0.01450276582 1
0 0.475 0.235 0.01490046117 1
0 0.475 0.245 0.01539174283 1
0 0.475 0.255 0.01569144194 1
0 0.475 0.265 0.01591237033 1
0 0.475 0.275 0.01627130307 1
0 0.475 0.285 0.01738841569 1
0 0.475 0.295 0.019205302 1
0 0.475 0.305 0.02111235833 2
0 0.475 0.315 0.02214697121 2
0 0.475 0.325 0.02146875874 2
0 0.475 0.335 0.01949273635 2
0 0.475 0.345 0.01677611513 2
0 0.475 0.355 0.01374746596 2
0 0.475 0.365 0.01055162688 2
0 0.475 0.375 0.00716730608 2
0 0.475 0.385 0.003639556074 2
0 0.475 0.395 -4.494208802e-06 2
0 0.475 0.405 -0.003727004435 2
0 0.475 0.415 -0.007488406203 2
0 0.475 0.425 -0.01125116555 2
0 0.475 0.435 -0.01496363342 2
0 0.475 0.445 -0.01861613012 2
0 0.475 0.455 -0.02207081543 2
0 0.475 0.465 -0.02558798139 2
0 0.475 0.475 -0.02821004407 2
0 0.475 0.485 -0.03273270013 2
0 0.475 0.495 -0.03042263491 2
0 0.475 0.505 -0.0205913982 2
0 0.475 0.515 -0.008406785408 2
0 0.475 0.525 0 2
0 0.475 0.535 0 2
0 0.475 0.545 0 2
0 0.475 0.555 0 2
0 0.475 0.565 0 2
0 0.485 -0.555 0 2
0 0.485 -0.545 0 2
0 0.485 -0.535 0 2
0 0.485 -0.525 0 2
0 0.485 -0.515 -0.007808644376 2
0 0.485 -0.505 -0.01925088505 2
0 0.485 -0.495 -0.02868887648 2
0 0.485 -0.485 -0.03132547659 2
0 0.485 -0.475 -0.02756670407 2
0 0.485 -0.465 -0.02527404423 2
0 0.485 -0.455 -0.02175727052 2
0 0.485 -0.445 -0.01799899768 2
0 0.485 -0.435 -0.01385603861 2
0 0.485 -0.425 -0.009689167877 2
0 0.485 -0.415 -0.005946542977 1
0 0.485 -0.405 -0.003204191516 1
0 0.485 -0.395 -0.001215149111 1
0 0.485 -0.385 0.0002861690009 1
0 0.485 -0.375 0.00193360158 1
0 0.485 -0.365 0.004313339905 1
0 0.485 -0.355 0.007512863998 1
0 0.485 -0.345 0.01153226487 2
0 0.485 -0.335 0.01520229516 2
0 0.485 -0.325 0.01810484158 2
0 0.485 -0.315 0.02023427186 2
0 0.485 -0.305 0.02180334972 2
0 0.485 -0.295 0.02296157426 2
0 0.485 -0.285 0.02366307424 2
0 0.485 -0.275 0.02392905728 2
0 0.485 -0.265 0.02375811142 2
0 0.485 -0.255 0.0231593254 2
0 0.485 -0.245 0.02214380472 2
0 0.485 -0.235 0.0207306111 2
0 0.485 -0.225 0.01895088384 2
0 0.485 -0.215 0.01685424179 2
0 0.485 -0.205 0.01451118673 2
0 0.485 -0.195 0.01200773731 2
0 0.485 -0.185 0.009432922708 2
0 0.485 -0.175 0.006853660564 2
0 0.485 -0.165 0.004297820352 2
0 0.485 -0.155 0.001745572619 2
0 0.485 -0.145 -0.0008513842908 2
0 0.485 -0.135 -0.003540432246 2
0 0.485 -0.125 -0.006341805488 2
0 0.485 -0.115 -0.009235183843 2
0 0.485 -0.105 -0.01216780137 2
0 0.485 -0.095 -0.0150723762 2
0 0.485 -0.085 -0.01787996662 2
0 0.485 -0.075 -0.02053016314 2
0 0.485 -0.065 -0.02297267215 2
0 0.485 -0.055 -0.02516588759 2
0 0.485 -0.045 -0.02707311268 2
0 0.485 -0.035 -0.0286625103 2
0 0.485 -0.025 -0.02990676986 2
0 0.485 -0.015 -0.03078338345 2
0 0.485 -0.005 -0.03127521621 2
0 0.485 0.005 -0.0313711042 2
0 0.485 0.015 -0.03106626821 2
0 0.485 0.025 -0.03036246852 2
0 0.485 0.035 -0.0292679135 2
0 0.485 0.045 -0.02779697774 2
0 0.485 0.055 -0.02596981178 2
0 0.485 0.065 -0.02381191285 2
0 0.485 0.075 -0.02135369777 2
0 0.485 0.085 -0.01863013432 2
0 0.485 0.095 -0.01568044391 2
0 0.485 0.105 -0.01254788261 2
0 0.485 0.115 -0.009280028808 2
0 0.485 0.125 -0.005928278505 2
0 0.485 0.135 -0.002549039139 2
0 0.485 0.145 0.0007987587057 2
0 0.485 0.155 0.00405220218 2
0 0.485 0.165 0.007133380259 2
0 0.485 0.175 0.01003214737 2
0 0.485 0.185 0.01259950296 2
0 0.485 0.195 0.0143614564 2
0 0.485 0.205 0.01485643032 2
0 0.485 0.215 0.01471761102 1
0 0.485 0.225 0.01452684384 1
0 0.485 0.235 0.01490384451 1
0 0.485 0.245 0.01554440492 1
0 0.485 0.255 0.01596363134 1
0 0.485 0.265 0.01617857308 1
0 0.485 0.275 0.01635005016 1
0 0.485 0.285 0.01718247962 1
0 0.485 0.295 0.01901178554 1
0 0.485 0.305 0.02107253557 2
0 0.485 0.315 0.02250486894 2
0 0.485 0.325 0.02211239762 2
0 0.485 0.335 0.02015799006 2
0 0.485 0.345 0.01726223692 2
0 0.485 0.355 0.01403153288 2
0 0.485 0.365 0.01071309383 2
0 0.485 0.375 0.007227026885 2
0 0.485 0.385 0.00361539192 2
0 0.485 0.395 -0.0001027399777 2
0 0.485 0.405 -0.003892077573 2
0 0.485 0.415 -0.007714737028 2
0 0.485 0.425 -0.01153391515 2
0 0.485 0.435 -0.01529808117 2
0 0.485 0.445 -0.01899800687 2
0 0.485 0.455 -0.02249433012 2
0 0.485 0.465 -0.02605145298 2
0 0.485 0.475 -0.02869838056 2
0 0.485 0.485 -0.03327124872 2
0 0.485 0.495 -0.0309110372 2
0 0.485 0.505 -0.02091395284 2
0 0.485 0.515 -0.008538838998 2
0 0.485 0.525 0 2
0 0.485 0.535 0 2
0 0.485 0.545 0 2
0 0.485 0.555 0 2
0 0.485 0.565 0 2
0 0.495 -0.555 0 2
0 0.495 -0.545 0 2
0 0.495 -0.535 0 2
0 0.495 -0.525 0 2
0 0.495 -0.515 -0.007633952628 2
0 0.495 -0.505 -0.01898066007 2
0 0.495 -0.495 -0.02861075938 2
0 0.495 -0.485 -0.03172555465 2
0 0.495 -0.475 -0.0285245764 2
0 0.495 -0.465 -0.02643771348 2
0 0.495 -0.455 -0.02295763558 2
0 0.495 -0.445 -0.01915117179 2
0 0.495 -0.435 -0.01483327635 2
0 0.495 -0.425 -0.01053824241 2
0 0.495 -0.415 -0.006703373833 1
0 0.495 -0.405 -0.003825097797 1
0 0.495 -0.395 -0.001597118067 1
0 0.495 -0.385 0.0002608031913 1
0 0.495 -0.375 0.002170166594 1
0 0.495 -0.365 0.0046820079 1
0 0.495 -0.355 0.008061199827 1
0 0.495 -0.345 0.01219430796 2
0 0.495 -0.335 0.01605833354 2
0 0.495 -0.325 0.01898774979 2
0 0.495 -0.315 0.0209658911 2
0 0.495 -0.305 0.02235958303 2
0 0.495 -0.295 0.02341958745 2
0 0.495 -0.285 0.02404109931 2
0 0.495 -0.275 0.02424323234 2
0 0.495 -0.265 0.02401213641 2
0 0.495 -0.255 0.02335005657 2
0 0.495 -0.245 0.02225963796 2
0 0.495 -0.235 0.02075162525 2
0 0.495 -0.225 0.01885122471 2
0 0.495 -0.215 0.01659347232 2
0 0.495 -0.205 0.01405669944 2
0 0.495 -0.195 0.01136781577 2
0 0.495 -0.185 0.008680477927 2
0 0.495 -0.175 0.006132004755 2
0 0.495 -0.165 0.003771902334 2
0 0.495 -0.155 0.001514737309 2
0 0.495 -0.145 -0.0007867145845 2
0 0.495 -0.135 -0.003274964452 2
0 0.495 -0.125 -0.006008531727 2
0 0.495 -0.115 -0.008929894402 2
0 0.495 -0.105 -0.01194045327 2
0 0.495 -0.095 -0.01493170616 2
0 0.495 -0.085 -0.01781589848 2
0 0.495 -0.075 -0.0205410254 2
0 0.495 -0.065 -0.02305322293 2
0 0.495 -0.055 -0.02531193188 2
0 0.495 -0.045 -0.02728146118 2
0 0.495 -0.035 -0.0289296363 2
0 0.495 -0.025 -0.03022774796 2
0 0.495 -0.015 -0.03115142624 2
0 0.495 -0.005 -0.03168167291 2
0 0.495 0.005 -0.03180588706 2
0 0.495 0.015 -0.03151850162 2
0 0.495 0.025 -0.03082113782 2
0 0.495 0.035 -0.02972239771 2
0 0.495 0.045 -0.02823741141 2
0 0.495 0.055 -0.02638729807 2
0 0.495 0.065 -0.02419864278 2
0 0.495 0.075 -0.02170303197 2
0 0.495 0.085 -0.01893675377 2
0 0.495 0.095 -0.01594054008 2
0 0.495 0.105 -0.01275976067 2
0 0.495 0.115 -0.009445023704 2
0 0.495 0.125 -0.006052778833 2
0 0.495 0.135 -0.002649684315 2
0 0.495 0.145 0.0006847018944 2
0 0.495 0.155 0.0038659807 2
0 0.495 0.165 0.006773284112 2
0 0.495 0.175 0.009411856348 2
0 0.495 0.185 0.01171765227 2
0 0.495 0.195 0.01353512646 2
0 0.495 0.205 0.01436179207 2
0 0.495 0.215 0.01450669077 1
0 0.495 0.225 0.01447880496 1
0 0.495 0.235 0.01479557244 1
0 0.495 0.245 0.01550725123 1
0 0.495 0.255 0.01606086556 1
0 0.495 0.265 0.01645451593 1
0 0.495 0.275 0.01668585134 1
0 0.495 0.285 0.01725722905 1
0 0.495 0.295 0.01879536404 1
0 0.495 0.305 0.02098866921 1
0 0.495 0.315 0.02272611266 2
0 0.495 0.325 0.02264202123 2
0 0.495 0.335 0.02069087226 2
0 0.495 0.345 0.01762401092 2
0 0.495 0.355 0.01423268338 2
0 0.495 0.365 0.01081785583 2
0 0.495 0.375 0.007250514836 2
0 0.495 0.385 0.003568345802 2
0 0.495 0.395 -0.000214513609 2
0 0.495 0.405 -0.004064068899 2
0 0.495 0.415 -0.007943083271 2
0 0.495 0.425 -0.01181487894 2
0 0.495 0.435 -0.01562764609 2
0 0.495 0.445 -0.01937234934 2
0 0.495 0.455 -0.02290801407 2
0 0.495 0.465 -0.02650300423 2
0 0.495 0.475 -0.02917331764 2
0 0.495 0.485 -0.03379462328 2
0 0.495 0.495 -0.03138545836 2
0 0.495 0.505 -0.02122739044 2
0 0.495 0.515 -0.008667077757 2
0 0.495 0.525 0 2
0 0.495 0.535 0 2
0 0.495 0.545 0 2
0 0.495 0.555 0 2
0 0.495 0.565 0 2
0 0.505 -0.555 0 2
0 0.505 -0.545 0 2
0 0.505 -0.535 0 2
0 0.505 -0.525 0 2
0 0.505 -0.515 -0.007280510661 2
0 0.505 -0.505 -0.01825683761 2
0 0.505 -0.495 -0.02789919413 2
0 0.505 -0.485 -0.03155973465 2
0 0.505 -0.475 -0.0292663626 2
0 0.505 -0.465 -0.02765677128 2
0 0.505 -0.455 -0.02433636556 2
0 0.505 -0.445 -0.02047934443 2
0 0.505 -0.435 -0.01598141804 2
0 0.505 -0.425 -0.01151447106 2
0 0.505 -0.415 -0.00750915562 1
0 0.505 -0.405 -0.004437605792 1
0 0.505 -0.395 -0.00198882961 1
0 0.505 -0.385 0.0001274320402 1
0 0.505 -0.375 0.002266833738 1
0 0.505 -0.365 0.004939635567 1
0 0.505 -0.355 0.008531245909 1
0 0.505 -0.345 0.01288776673 2
0 0.505 -0.335 0.01691980819 2
0 0.505 -0.325 0.0198681937 2
0 0.505 -0.315 0.02171819689 2
0 0.505 -0.305 0.02293931283 2
0 0.505 -0.295 0.02390086794 2
0 0.505 -0.285 0.02444314913 2
0 0.505 -0.275 0.0245841196 2
0 0.505 -0.265 0.02429712294 2
0 0.505 -0.255 0.02357698696 2
0 0.505 -0.245 0.02241640551 2
0 0.505 -0.235 0.02081568532 2
0 0.505 -0.225 0.0187751826 2
0 0.505 -0.215 0.01631051642 2
0 0.505 -0.205 0.0135202302 2
0 0.505 -0.195 0.0105961169 2
0 0.505 -0.185 0.007756794222 2
0 0.505 -0.175 0.00523664941 2
0 0.505 -0.165 0.003127542196 2
0 0.505 -0.155 0.001241570446 2
0 0.505 -0.145 -0.0006700969026 2
0 0.505 -0.135 -0.002884783828 2
0 0.505 -0.125 -0.005519403514 2
0 0.505 -0.115 -0.008467944339 2
0 0.505 -0.105 -0.01158778704 2
0 0.505 -0.095 -0.01470736528 2
0 0.505 -0.085 -0.01769281087 2
0 0.505 -0.075 -0.02049982904 2
0 0.505 -0.065 -0.02308824733 2
0 0.505 -0.055 -0.02541887899 2
0 0.505 -0.045 -0.02745821137 2
0 0.505 -0.035 -0.02917420728 2
0 0.505 -0.025 -0.03053593787 2
0 0.505 -0.015 -0.03151590868 2
0 0.505 -0.005 -0.0320922554 2
0 0.505 0.005 -0.03225039704 2
0 0.505 0.015 -0.03198391079 2
0 0.505 0.025 -0.03129452493 2
0 0.505 0.035 -0.03019162864 2
0 0.505 0.045 -0.02869149494 2
0 0.505 0.055 -0.02681650203 2
0 0.505 0.065 -0.02459446291 2
0 0.505 0.075 -0.02205810556 2
0 0.505 0.085 -0.01924483584 2
0 0.505 0.095 -0.01619639013 2
0 0.505 0.105 -0.01295952254 2
0 0.505 0.115 -0.009585675411 2
0 0.505 0.125 -0.006134184549 2
0 0.505 0.135 -0.002681291229 2
0 0.505 0.145 0.0006926730497 2
0 0.505 0.155 0.003868486103 2
0 0.505 0.165 0.006683920122 2
0 0.505 0.175 0.009070168003 2
0 0.505 0.185 0.01098859272 2
0 0.505 0.195 0.01256309815 2
0 0.505 0.205 0.01356226626 2
0 0.505 0.215 0.0139402815 2
0 0.505 0.225 0.01405024332 1
0 0.505 0.235 0.01430467423 1
0 0.505 0.245 0.01505460519 1
0 0.505 0.255 0.0158096847 1
0 0.505 0.265 0.01647845449 1
0 0.505 0.275 0.01692650812 1
0 0.505 0.285 0.01757205701 1
0 0.505 0.295 0.01903922712 1
0 0.505 0.305 0.02123492895 1
0 0.505 0.315 0.02283544651 2
0 0.505 0.325 0.02277781519 2
0 0.505 0.335 0.02081951984 2
0 0.505 0.345 0.01773877807 2
0 0.505 0.355 0.01430775683 2
0 0.505 0.365 0.01084567291 2
0 0.505 0.375 0.007226647854 2
0 0.505 0.385 0.003491188384 2
0 0.505 0.395 -0.0003451225956 2
0 0.505 0.405 -0.004247228854 2
0 0.505 0.415 -0.00817705818 2
0 0.505 0.425 -0.01209724832 2
0 0.505 0.435 -0.01595519497 2
0 0.505 0.445 -0.01974171393 2
0 0.505 0.455 -0.02331407597 2
0 0.505 0.465 -0.02694443832 2
0 0.505 0.475 -0.02963621896 2
0 0.505 0.485 -0.03430382615 2
0 0.505 0.495 -0.03184654556 2
0 0.505 0.505 -0.02153207242 2
0 0.505 0.515 -0.008791616661 2
0 0.505 0.525 0 2
0 0.505 0.535 0 2
0 0.505 0.545 0 2
0 0.505 0.555 0 2
0 0.505 0.565 0 2
0 0.515 -0.555 0 2
0 0.515 -0.545 0 2
0 0.515 -0.535 0 1
0 0.515 -0.525 0 1
0 0.515 -0.515 -0.006813024615 1
0 0.515 -0.505 -0.01718391438 1
0 0.515 -0.495 -0.02683782727 1
0 0.515 -0.485 -0.03122866855 2
0 0.515 -0.475 -0.02990530162 2
0 0.515 -0.465 -0.02882248881 2
0 0.515 -0.455 -0.02573326177 2
0 0.515 -0.445 -0.02184434154 2
0 0.515 -0.435 -0.01719589753 2
0 0.515 -0.425 -0.01252020193 2
0 0.515 -0.415 -0.008225714153 1
0 0.515 -0.405 -0.004872713935 1
0 0.515 -0.395 -0.002226871727 1
0 0.515 -0.385 3.203087569e-05 1
0 0.515 -0.375 0.002308685051 1
0 0.515 -0.365 0.005148659667 1
0 0.515 -0.355 0.008974067177 1
0 0.515 -0.345 0.01358130945 2
0 0.515 -0.335 0.01773770639 2
0 0.515 -0.325 0.02067070657 2
0 0.515 -0.315 0.02241153226 2
0 0.515 -0.305 0.02349405256 2
0 0.515 -0.295 0.02437327756 2
0 0.515 -0.285 0.02484969336 2
0 0.515 -0.275 0.02494082147 2
0 0.515 -0.265 0.02460986558 2
0 0.515 -0.255 0.02384514276 2
0 0.515 -0.245 0.0226305553 2
0 0.515 -0.235 0.02095549546 2
0 0.515 -0.225 0.01878603883 2
0 0.515 -0.215 0.01612761666 2
0 0.515 -0.205 0.01308189322 2
0 0.515 -0.195 0.009892594504 2
0 0.515 -0.185 0.006859899934 2
0 0.515 -0.175 0.004326444729 2
0 0.515 -0.165 0.00241112186 2
0 0.515 -0.155 0.0008954296223 2
0 0.515 -0.145 -0.0006152603806 2
0 0.515 -0.135 -0.002521050104 2
0 0.515 -0.125 -0.004986570387 2
0 0.515 -0.115 -0.007938002793 2
0 0.515 -0.105 -0.01115488691 2
0 0.515 -0.095 -0.01440990214 2
0 0.515 -0.085 -0.01751934233 2
0 0.515 -0.075 -0.02041656988 2
0 0.515 -0.065 -0.02307879685 2
0 0.515 -0.055 -0.02548407512 2
0 0.515 -0.045 -0.02760068322 2
0 0.515 -0.035 -0.02939577442 2
0 0.515 -0.025 -0.03083403844 2
0 0.515 -0.015 -0.0318823851 2
0 0.515 -0.005 -0.03251441227 2
0 0.515 0.005 -0.0327128318 2
0 0.515 0.015 -0.03247047882 2
0 0.515 0.025 -0.03178978419 2
0 0.515 0.035 -0.03068168643 2
0 0.515 0.045 -0.02916424843 2
0 0.515 0.055 -0.02726153191 2
0 0.515 0.065 -0.02500274164 2
0 0.515 0.075 -0.02242167595 2
0 0.515 0.085 -0.0195565622 2
0 0.515 0.095 -0.01644958135 2
0 0.515 0.105 -0.013148123 2
0 0.515 0.115 -0.009701749277 2
0 0.515 0.125 -0.006171118437 2
0 0.515 0.135 -0.002620574246 2
0 0.515 0.145 0.0008664730407 2
0 0.515 0.155 0.004100329352 2
0 0.515 0.165 0.006866730609 2
0 0.515 0.175 0.009025620225 2
0 0.515 0.185 0.01055536422 2
0 0.515 0.195 0.01167965216 2
0 0.515 0.205 0.01248104168 2
0 0.515 0.215 0.01297009621 2
0 0.515 0.225 0.0133029758 2
0 0.515 0.235 0.01363998099 1
0 0.515 0.245 0.0142709964 1
0 0.515 0.255 0.01529731822 1
0 0.515 0.265 0.01646832772 1
0 0.515 0.275 0.01735977266 1
0 0.515 0.285 0.01826666914 1
0 0.515 0.295 0.01967335297 1
0 0.515 0.305 0.02153436331 1
0 0.515 0.315 0.02289468275 2
0 0.515 0.325 0.02268007723 2
0 0.515 0.335 0.0206763862 2
0 0.515 0.345 0.01766067217 2
0 0.515 0.355 0.01427097426 2
0 0.515 0.365 0.01080046523 2
0 0.515 0.375 0.007155317593 2
0 0.515 0.385 0.003382417661 2
0 0.515 0.395 -0.000496628838 2
0 0.515 0.405 -0.004443859158 2
0 0.515 0.415 -0.008419086373 2
0 0.515 0.425 -0.01238351145 2
0 0.515 0.435 -0.01628321745 2
0 0.515 0.445 -0.02010847996 2
0 0.515 0.455 -0.02371462681 2
0 0.515 0.465 -0.02737738086 2
0 0.515 0.475 -0.03008809237 2
0 0.515 0.485 -0.0347991386 2
0 0.515 0.495 -0.0322941278 2
0 0.515 0.505 -0.0218277173 2
0 0.515 0.515 -0.008912309881 2
0 0.515 0.525 0 2
0 0.515 0.535 0 2
0 0.515 0.545 0 2
0 0.515 0.555 0 2
0 0.515 0.565 0 2
0 0.525 -0.555 0 1
0 0.525 -0.545 0 1
0 0.525 -0.535 0 1
0 0.525 -0.525 0 1
0 0.525 -0.515 -0.00655956705 1
0 0.525 -0.505 -0.01657919175 1
0 0.525 -0.495 -0.0260723582 1
0 0.525 -0.485 -0.03084955117 1
0 0.525 -0.475 -0.03037468213 2
0 0.525 -0.465 -0.02985890988 2
0 0.525 -0.455 -0.02701900739 2
0 0.525 -0.445 -0.02313878555 2
0 0.525 -0.435 -0.01838808515 2
0 0.525 -0.425 -0.01353450262 2
0 0.525 -0.415 -0.008943382209 1
0 0.525 -0.405 -0.005280415903 1
0 0.525 -0.395 -0.002406889621 1
0 0.525 -0.385 2.697162783e-05 1
0 0.525 -0.375 0.002459562107 1
0 0.525 -0.365 0.005466432052 1
0 0.525 -0.355 0.009527985065 1
0 0.525 -0.345 0.01426941428 2
0 0.525 -0.335 0.01847201612 2
0 0.525 -0.325 0.02135333211 2
0 0.525 -0.315 0.02299801856 2
0 0.525 -0.305 0.02398857118 2
0 0.525 -0.295 0.02480957533 2
0 0.525 -0.285 0.02524265198 2
0 0.525 -0.275 0.02530213072 2
0 0.525 -0.265 0.02494554438 2
0 0.525 -0.255 0.02415685604 2
0 0.525 -0.245 0.022915149 2
0 0.525 -0.235 0.02120056783 2
0 0.525 -0.225 0.01895809863 2
0 0.525 -0.215 0.01618188815 2
0 0.525 -0.205 0.01293813896 2
0 0.525 -0.195 0.009511093088 2
0 0.525 -0.185 0.006234285986 2
0 0.525 -0.175 0.003646654759 2
0 0.525 -0.165 0.001809527394 2
0 0.525 -0.155 0.0005554156943 2
0 0.525 -0.145 -0.0007088604446 2
0 0.525 -0.135 -0.002422041163 2
0 0.525 -0.125 -0.004691982861 2
0 0.525 -0.115 -0.007552841954 2
0 0.525 -0.105 -0.01078141992 2
0 0.525 -0.095 -0.0140986325 2
0 0.525 -0.085 -0.01730211582 2
0 0.525 -0.075 -0.02028325576 2
0 0.525 -0.065 -0.02301360806 2
0 0.525 -0.055 -0.02549176048 2
0 0.525 -0.045 -0.02769705894 2
0 0.525 -0.035 -0.02959047506 2
0 0.525 -0.025 -0.03112579902 2
0 0.525 -0.015 -0.03225985463 2
0 0.525 -0.005 -0.03295961239 2
0 0.525 0.005 -0.03320491119 2
0 0.525 0.015 -0.03298887283 2
0 0.525 0.025 -0.03231588755 2
0 0.525 0.035 -0.03119976995 2
0 0.525 0.045 -0.0296613759 2
0 0.525 0.055 -0.02772702393 2
0 0.525 0.065 -0.02542745494 2
0 0.525 0.075 -0.02279736922 2
0 0.525 0.085 -0.01987542679 2
0 0.525 0.095 -0.01670385626 2
0 0.525 0.105 -0.01332993285 2
0 0.525 0.115 -0.009799794522 2
0 0.525 0.125 -0.006175245143 2
0 0.525 0.135 -0.00248529025 2
0 0.525 0.145 0.001160718238 2
0 0.525 0.155 0.00450186271 2
0 0.525 0.165 0.007236343676 2
0 0.525 0.175 0.009113859007 2
0 0.525 0.185 0.01022878536 2
0 0.525 0.195 0.01092582111 2
0 0.525 0.205 0.01141430354 2
0 0.525 0.215 0.01187810168 2
0 0.525 0.225 0.01231583459 2
0 0.525 0.235 0.01285904307 2
0 0.525 0.245 0.01358815278 2
0 0.525 0.255 0.01472320513 1
0 0.525 0.265 0.01621970518 1
0 0.525 0.275 0.01768901807 1
0 0.525 0.285 0.01911268821 1
0 0.525 0.295 0.02071145561 1
0 0.525 0.305 0.02216999882 2
0 0.525 0.315 0.02296291319 2
0 0.525 0.325 0.02229332606 2
0 0.525 0.335 0.02026658218 2
0 0.525 0.345 0.01740989928 2
0 0.525 0.355 0.01414065586 2
0 0.525 0.365 0.01069313689 2
0 0.525 0.375 0.007042323874 2
0 0.525 0.385 0.003244630922 2
0 0.525 0.395 -0.0006683648349 2
0 0.525 0.405 -0.004654477103 2
0 0.525 0.415 -0.008670464221 2
0 0.525 0.425 -0.01267551555 2
0 0.525 0.435 -0.01661395731 2
0 0.525 0.445 -0.02047507501 2
0 0.525 0.455 -0.02411196601 2
0 0.525 0.465 -0.02780351936 2
0 0.525 0.475 -0.03052969435 2
0 0.525 0.485 -0.03527994692 2
0 0.525 0.495 -0.03272690573 2
0 0.525 0.505 -0.02211310475 2
0 0.525 0.515 -0.009028621412 2
0 0.525 0.525 0 2
0 0.525 0.535 0 2
0 0.525 0.545 0 2
0 0.525 0.555 0 2
0 0.525 0.565 0 2
0 0.535 -0.555 0 1
0 0.535 -0.545 0 1
0 0.535 -0.535 0 1
0 0.535 -0.525 0 1
0 0.535 -0.515 -0.006513335288 1
0 0.535 -0.505 -0.01644915559 1
0 0.535 -0.495 -0.02602804628 1
0 0.535 -0.485 -0.03107835589 1
0 0.535 -0.475 -0.03094633609 2
0 0.535 -0.465 -0.03070943722 2
0 0.535 -0.455 -0.02802575625 2
0 0.535 -0.445 -0.02422614168 2
0 0.535 -0.435 -0.01950485826 2
0 0.535 -0.425 -0.01458022296 2
0 0.535 -0.415 -0.009808867909 1
0 0.535 -0.405 -0.005823790987 1
0 0.535 -0.395 -0.00265254461 1
0 0.535 -0.385 7.474985804e-05 1
0 0.535 -0.375 0.002796613312 1
0 0.535 -0.365 0.006053378547 1
0 0.535 -0.355 0.01032132911 1
0 0.535 -0.345 0.01501699591 2
0 0.535 -0.335 0.01910838013 2
0 0.535 -0.325 0.02186435628 2
0 0.535 -0.315 0.02342868466 2
0 0.535 -0.305 0.02439223255 2
0 0.535 -0.295 0.02518776931 2
0 0.535 -0.285 0.02560651546 2
0 0.535 -0.275 0.02565709336 2
0 0.535 -0.265 0.02529709723 2
0 0.535 -0.255 0.0245093084 2
0 0.535 -0.245 0.02327414847 2
0 0.535 -0.235 0.02156698632 2
0 0.535 -0.225 0.01934010943 2
0 0.535 -0.215 0.0165593704 2
0 0.535 -0.205 0.01324468378 2
0 0.535 -0.195 0.009602676088 2
0 0.535 -0.185 0.005920364331 2
0 0.535 -0.175 0.003131134377 1
0 0.535 -0.165 0.001273075953 1
0 0.535 -0.155 0.0002281325997 1
0 0.535 -0.145 -0.000792829012 1
0 0.535 -0.135 -0.00241240543 2
0 0.535 -0.125 -0.004688923258 2
0 0.535 -0.115 -0.007501895106 2
0 0.535 -0.105 -0.01065230735 2
0 0.535 -0.095 -0.0139306364 2
0 0.535 -0.085 -0.01712843494 2
0 0.535 -0.075 -0.02012697448 2
0 0.535 -0.065 -0.02289148762 2
0 0.535 -0.055 -0.02543314931 2
0 0.535 -0.045 -0.02774046254 2
0 0.535 -0.035 -0.02975898179 2
0 0.535 -0.025 -0.03141962163 2
0 0.535 -0.015 -0.03266268536 2
0 0.535 -0.005 -0.03344506584 2
0 0.535 0.005 -0.03374327011 2
0 0.535 0.015 -0.03355309188 2
0 0.535 0.025 -0.03288355226 2
0 0.535 0.035 -0.03175379062 2
0 0.535 0.045 -0.03018876995 2
0 0.535 0.055 -0.02821770193 2
0 0.535 0.065 -0.02587287041 2
0 0.535 0.075 -0.02318951677 2
0 0.535 0.085 -0.02020624186 2
0 0.535 0.095 -0.0169647554 2
0 0.535 0.105 -0.01351145708 2
0 0.535 0.115 -0.009890580344 2
0 0.535 0.125 -0.006167401033 2
0 0.535 0.135 -0.002326026687 2
0 0.535 0.145 0.001464308603 2
0 0.535 0.155 0.004864918613 2
0 0.535 0.165 0.007472071139 2
0 0.535 0.175 0.009046005574 2
0 0.535 0.185 0.009899088003 2
0 0.535 0.195 0.01040237284 2
0 0.535 0.205 0.01077790494 2
0 0.535 0.215 0.01127376388 2
0 0.535 0.225 0.01174143486 2
0 0.535 0.235 0.01220415132 2
0 0.535 0.245 0.01294256532 2
0 0.535 0.255 0.01429680323 2
0 0.535 0.265 0.01621338706 2
0 0.535 0.275 0.0183366492 2
0 0.535 0.285 0.02029590973 2
0 0.535 0.295 0.02178074879 2
0 0.535 0.305 0.022661679 2
0 0.535 0.315 0.02287223497 2
0 0.535 0.325 0.02188488263 2
0 0.535 0.335 0.01987623667 2
0 0.535 0.345 0.01713441564 2
0 0.535 0.355 0.01397270395 2
0 0.535 0.365 0.01055046003 2
0 0.535 0.375 0.006900724473 2
0 0.535 0.385 0.003084365681 2
0 0.535 0.395 -0.0008572765793 2
0 0.535 0.405 -0.004878055686 2
0 0.535 0.415 -0.008931494801 2
0 0.535 0.425 -0.01297455338 2
0 0.535 0.435 -0.01694950521 2
0 0.535 0.445 -0.0208440841 2
0 0.535 0.455 -0.02450888707 2
0 0.535 0.465 -0.02822504307 2
0 0.535 0.475 -0.03096195388 2
0 0.535 0.485 -0.03574462907 2
0 0.535 0.495 -0.03314200864 2
0 0.535 0.505 -0.02238555868 2
0 0.535 0.515 -0.009139438655 2
0 0.535 0.525 0 2
0 0.535 0.535 0 2
0 0.535 0.545 0 1
0 0.535 0.555 0 1
0 0.535 0.565 0 1
0 0.545 -0.555 0 1
0 0.545 -0.545 0 1
0 0.545 -0.535 0 1
0 0.545 -0.525 0 1
0 0.545 -0.515 -0.006683345997 1
0 0.545 -0.505 -0.01687326931 1
0 0.545 -0.495 -0.02671516797 1
0 0.545 -0.485 -0.03187036687 1
0 0.545 -0.475 -0.03166682519 2
0 0.545 -0.465 -0.03140962281 2
0 0.545 -0.455 -0.0287350407 2
0 0.545 -0.445 -0.02507810638 2
0 0.545 -0.435 -0.02054640864 2
0 0.545 -0.425 -0.01567965011 2
0 0.545 -0.415 -0.01089424648 1
0 0.545 -0.405 -0.006616489421 1
0 0.545 -0.395 -0.003074973081 1
0 0.545 -0.385 6.409312183e-05 1
0 0.545 -0.375 0.003180497346 1
0 0.545 -0.365 0.006744881313 1
0 0.545 -0.355 0.01112578472 1
0 0.545 -0.345 0.0157094172 2
0 0.545 -0.335 0.01960803775 2
0 0.545 -0.325 0.02219537859 2
0 0.545 -0.315 0.02370012163 2
0 0.545 -0.305 0.02469220807 2
0 0.545 -0.295 0.02549700425 2
0 0.545 -0.285 0.02593090271 2
0 0.545 -0.275 0.02599609317 2
0 0.545 -0.265 0.02565524619 2
0 0.545 -0.255 0.02489335747 2
0 0.545 -0.245 0.02369894555 2
0 0.545 -0.235 0.02204841908 2
0 0.545 -0.225 0.01993877294 2
0 0.545 -0.215 0.01728052411 2
0 0.545 -0.205 0.01391963698 2
0 0.545 -0.195 0.01000190047 2
0 0.545 -0.185 0.006065957228 1
0 0.545 -0.175 0.003105023582 1
0 0.545 -0.165 0.001073565275 1
0 0.545 -0.155 -0.0002217354387 1
0 0.545 -0.145 -0.00139079156 1
0 0.545 -0.135 -0.002930626013 1
0 0.545 -0.125 -0.005104622146 2
0 0.545 -0.115 -0.007894308831 2
0 0.545 -0.105 -0.01095953439 2
0 0.545 -0.095 -0.01401772142 2
0 0.545 -0.085 -0.01699832944 2
0 0.545 -0.075 -0.01984422174 2
0 0.545 -0.065 -0.02257186198 2
0 0.545 -0.055 -0.0252083002 2
0 0.545 -0.045 -0.02768192245 2
0 0.545 -0.035 -0.0298980897 2
0 0.545 -0.025 -0.0317376321 2
0 0.545 -0.015 -0.03311844487 2
0 0.545 -0.005 -0.03399775839 2
0 0.545 0.005 -0.03435089797 2
0 0.545 0.015 -0.03418052584 2
0 0.545 0.025 -0.03350457111 2
0 0.545 0.035 -0.03235140289 2
0 0.545 0.045 -0.03075161804 2
0 0.545 0.055 -0.02873764866 2
0 0.545 0.065 -0.02634301983 2
0 0.545 0.075 -0.02360285116 2
0 0.545 0.085 -0.02055467725 2
0 0.545 0.095 -0.01723863622 2
0 0.545 0.105 -0.01370031646 2
0 0.545 0.115 -0.009987532449 2
0 0.545 0.125 -0.006158347425 2
0 0.545 0.135 -0.002189043152 2
0 0.545 0.145 0.001683103217 2
0 0.545 0.155 0.005063434354 2
0 0.545 0.165 0.007556756635 2
0 0.545 0.175 0.008995629452 2
0 0.545 0.185 0.009654085888 1
0 0.545 0.195 0.009991020559 1
0 0.545 0.205 0.0104797483 1
0 0.545 0.215 0.01118883904 1
0 0.545 0.225 0.01180258305 1
0 0.545 0.235 0.0122698492 1
0 0.545 0.245 0.01290182453 1
0 0.545 0.255 0.01421881739 1
0 0.545 0.265 0.0163818065 2
0 0.545 0.275 0.01898301993 2
0 0.545 0.285 0.0214513461 2
0 0.545 0.295 0.0229812719 2
0 0.545 0.305 0.02352079147 2
0 0.545 0.315 0.02309353669 2
0 0.545 0.325 0.02169313207 2
0 0.545 0.335 0.0196030855 2
0 0.545 0.345 0.01690271705 2
0 0.545 0.355 0.0138039312 2
0 0.545 0.365 0.01039503978 2
0 0.545 0.375 0.006743387705 2
0 0.545 0.385 0.002909077281 2
0 0.545 0.395 -0.001059251427 2
0 0.545 0.405 -0.005112627241 2
0 0.545 0.415 -0.009201771931 2
0 0.545 0.425 -0.01328154957 2
0 0.545 0.435 -0.01729203776 2
0 0.545 0.445 -0.02121899506 2
0 0.545 0.455 -0.02491018526 2
0 0.545 0.465 -0.02864640031 2
0 0.545 0.475 -0.03138705424 2
0 0.545 0.485 -0.03619020642 2
0 0.545 0.495 -0.03353372349 2
0 0.545 0.505 -0.02263968062 2
0 0.545 0.515 -0.00924252046 2
0 0.545 0.525 0 2
0 0.545 0.535 0 2
0 0.545 0.545 0 1
0 0.545 0.555 0 1
0 0.545 0.565 0 1
0 0.555 -0.555 0 1
0 0.555 -0.545 0 1
0 0.555 -0.535 0 1
0 0.555 -0.525 0 1
0 0.555 -0.515 -0.007008846759 1
0 0.555 -0.505 -0.01777560788 1
0 0.555 -0.495 -0.028070064 1
0 0.555 -0.485 -0.03321463668 1
0 0.555 -0.475 -0.03259363803 2
0 0.555 -0.465 -0.03197312827 2
0 0.555 -0.455 -0.02915424388 2
0 0.555 -0.445 -0.02564955769 2
0 0.555 -0.435 -0.02146340954 2
0 0.555 -0.425 -0.01684802156 2
0 0.555 -0.415 -0.01212032435 2
0 0.555 -0.405 -0.007639999873 1
0 0.555 -0.395 -0.003721072769 1
0 0.555 -0.385 -0.0001525957107 1
0 0.555 -0.375 0.003411243364 1
0 0.555 -0.365 0.007370054534 1
0 0.555 -0.355 0.01181498074 2
0 0.555 -0.345 0.01623922387 2
0 0.555 -0.335 0.01982147456 2
0 0.555 -0.325 0.02224331392 2
0 0.555 -0.315 0.02378596135 2
0 0.555 -0.305 0.02488064599 2
0 0.555 -0.295 0.02573258793 2
0 0.555 -0.285 0.02620956509 2
0 0.555 -0.275 0.02631084293 2
0 0.555 -0.265 0.02600861145 2
0 0.555 -0.255 0.02529301758 2
0 0.555 -0.245 0.0241652818 2
0 0.555 -0.235 0.02260596646 2
0 0.555 -0.225 0.02068229777 2
0 0.555 -0.215 0.01820535835 2
0 0.555 -0.205 0.01484984875 2
0 0.555 -0.195 0.01074598833 2
0 0.555 -0.185 0.006602706901 1
0 0.555 -0.175 0.003286734641 1
0 0.555 -0.165 0.0009380514834 1
0 0.555 -0.155 -0.0007872430954 1
0 0.555 -0.145 -0.002273361045 1
0 0.555 -0.135 -0.003884123636 1
0 0.555 -0.125 -0.005956203471 1
0 0.555 -0.115 -0.00865288641 2
0 0.555 -0.105 -0.0116799915 2
0 0.555 -0.095 -0.01446140619 2
0 0.555 -0.085 -0.01707133973 2
0 0.555 -0.075 -0.01959342496 2
0 0.555 -0.065 -0.02215710394 2
0 0.555 -0.055 -0.02487426505 2
0 0.555 -0.045 -0.02753441578 2
0 0.555 -0.035 -0.03001379045 2
0 0.555 -0.025 -0.03210209915 2
0 0.555 -0.015 -0.03366793343 2
0 0.555 -0.005 -0.03466293847 2
0 0.555 0.005 -0.0350588668 2
0 0.555 0.015 -0.03489090097 2
0 0.555 0.025 -0.03418990329 2
0 0.555 0.035 -0.03299815031 2
0 0.555 0.045 -0.03135301576 2
0 0.555 0.055 -0.02928929705 2
0 0.555 0.065 -0.02684100137 2
0 0.555 0.075 -0.02404211553 2
0 0.555 0.085 -0.02092755363 2
0 0.555 0.095 -0.01753486569 2
0 0.555 0.105 -0.01390971827 2
0 0.555 0.115 -0.01009416451 2
0 0.555 0.125 -0.006147342491 2
0 0.555 0.135 -0.002111657629 2
0 0.555 0.145 0.001718900582 2
0 0.555 0.155 0.00497095018 2
0 0.555 0.165 0.00719135303 2
0 0.555 0.175 0.008355084533 1
0 0.555 0.185 0.008936500791 1
0 0.555 0.195 0.009513989697 1
0 0.555 0.205 0.01040036323 1
0 0.555 0.215 0.01145328413 1
0 0.555 0.225 0.01233027665 1
0 0.555 0.235 0.01297844548 1
0 0.555 0.245 0.01354945251 1
0 0.555 0.255 0.01460978353 1
0 0.555 0.265 0.01682720171 1
0 0.555 0.275 0.01977976644 2
0 0.555 0.285 0.02272447572 2
0 0.555 0.295 0.02429046364 2
0 0.555 0.305 0.02444564724 2
0 0.555 0.315 0.02347042947 2
0 0.555 0.325 0.02171200004 2
0 0.555 0.335 0.01949148213 2
0 0.555 0.345 0.01676239391 2
0 0.555 0.355 0.0136623445 2
0 0.555 0.365 0.01024545059 2
0 0.555 0.375 0.006581516911 2
0 0.555 0.385 0.002725856292 2
0 0.555 0.395 -0.001269931648 2
0 0.555 0.405 -0.0053557013 2
0 0.555 0.415 -0.009480308254 2
0 0.555 0.425 -0.01359694482 2
0 0.555 0.435 -0.01764345483 2
0 0.555 0.445 -0.02160352864 2
0 0.555 0.455 -0.02532119321 2
0 0.555 0.465 -0.02907166697 2
0 0.555 0.475 -0.03181329511 2
0 0.555 0.485 -0.0366149075 2
0 0.555 0.495 -0.03389464688 2
0 0.555 0.505 -0.02286270942 2
0 0.555 0.515 -0.009330035072 2
0 0.555 0.525 0 2
0 0.555 0.535 0 1
0 0.555 0.545 0 1
0 0.555 0.555 0 1
0 0.555 0.565 0 1
0 0.565 -0.555 0 1
0 0.565 -0.545 0 1
0 0.565 -0.535 0 1
0 0.565 -0.525 0 1
0 0.565 -0.515 -0.007495093955 1
0 0.565 -0.505 -0.01909557409 1
0 0.565 -0.495 -0.03006050529 1
0 0.565 -0.485 -0.03507077748 2
0 0.565 -0.475 -0.03358085599 2
0 0.565 -0.465 -0.03233659365 2
0 0.565 -0.455 -0.02931575716 2
0 0.565 -0.445 -0.02593705355 2
0 0.565 -0.435 -0.0220826395 2
0 0.565 -0.425 -0.01782511666 2
0 0.565 -0.415 -0.01325439178 2
0 0.565 -0.405 -0.008701465709 2
0 0.565 -0.395 -0.004465675831 1
0 0.565 -0.385 -0.0005410697908 1
0 0.565 -0.375 0.003406774856 1
0 0.565 -0.365 0.007669235995 1
0 0.565 -0.355 0.01215303214 2
0 0.565 -0.345 0.01646609767 2
0 0.565 -0.335 0.01982002159 2
0 0.565 -0.325 0.0221326013 2
0 0.565 -0.315 0.02374855518 2
0 0.565 -0.305 0.02497884347 2
0 0.565 -0.295 0.02590274229 2
0 0.565 -0.285 0.02644249838 2
0 0.565 -0.275 0.02659556751 2
0 0.565 -0.265 0.02634540781 2
0 0.565 -0.255 0.02568878823 2
0 0.565 -0.245 0.02464098659 2
0 0.565 -0.235 0.02318875051 2
0 0.565 -0.225 0.02147465097 2
0 0.565 -0.215 0.01918856229 2
0 0.565 -0.205 0.01589100125 2
0 0.565 -0.195 0.01168952658 2
0 0.565 -0.185 0.007332216592 1
0 0.565 -0.175 0.003662811767 1
0 0.565 -0.165 0.0009093263326 1
0 0.565 -0.155 -0.001363214784 1
0 0.565 -0.145 -0.003331996235 1
0 0.565 -0.135 -0.005193745014 1
0 0.565 -0.125 -0.007224486547 1
0 0.565 -0.115 -0.009687199758 1
0 0.565 -0.105 -0.01249948387 2
0 0.565 -0.095 -0.01505741161 2
0 0.565 -0.085 -0.01725750005 2
0 0.565 -0.075 -0.01934491465 2
0 0.565 -0.065 -0.02170853943 2
0 0.565 -0.055 -0.02451464348 2
0 0.565 -0.045 -0.02739567451 2
0 0.565 -0.035 -0.03021696473 2
0 0.565 -0.025 -0.03260768447 2
0 0.565 -0.015 -0.03438522406 2
0 0.565 -0.005 -0.03550005235 2
0 0.565 0.005 -0.03590560405 2
0 0.565 0.015 -0.03570121598 2
0 0.565 0.025 -0.03494619661 2
0 0.565 0.035 -0.03369495281 2
0 0.565 0.045 -0.03199228178 2
0 0.565 0.055 -0.0298722653 2
0 0.565 0.065 -0.02736806277 2
0 0.565 0.075 -0.02451121245 2
0 0.565 0.085 -0.02133239309 2
0 0.565 0.095 -0.01786607819 2
0 0.565 0.105 -0.01414404709 2
0 0.565 0.115 -0.01020734689 2
0 0.565 0.125 -0.006150970535 2
0 0.565 0.135 -0.002136749856 2
0 0.565 0.145 0.001506223729 2
0 0.565 0.155 0.004485711951 2
0 0.565 0.165 0.006437786637 2
0 0.565 0.175 0.007475566752 1
0 0.565 0.185 0.008081126802 1
0 0.565 0.195 0.008928593484 1
0 0.565 0.205 0.0102712718 1
0 0.565 0.215 0.01172054504 1
0 0.565 0.225 0.01293127421 1
0 0.565 0.235 0.01386440696 1
0 0.565 0.245 0.01456724833 1
0 0.565 0.255 0.01553749368 1
0 0.565 0.265 0.01763330487 1
0 0.565 0.275 0.02068499864 1
0 0.565 0.285 0.02394582191 2
0 0.565 0.295 0.02569541555 2
0 0.565 0.305 0.02554628139 2
0 0.565 0.315 0.0240684703 2
0 0.565 0.325 0.02191769158 2
0 0.565 0.335 0.01951234751 2
0 0.565 0.345 0.016696197 2
0 0.565 0.355 0.01355215997 2
0 0.565 0.365 0.01010846988 2
0 0.565 0.375 0.006421372763 2
0 0.565 0.385 0.002539760042 2
0 0.565 0.395 -0.00148553912 2
0 0.565 0.405 -0.005604635997 2
0 0.565 0.415 -0.009765633139 2
0 0.565 0.425 -0.01392063798 2
0 0.565 0.435 -0.01800576867 2
0 0.565 0.445 -0.02200300935 2
0 0.565 0.455 -0.02575048613 2
0 0.565 0.465 -0.02952295874 2
0 0.565 0.475 -0.03226910292 2
0 0.565 0.485 -0.03702126682 2
0 0.565 0.495 -0.03420041922 2
0 0.565 0.505 -0.02301555143 2
0 0.565 0.515 -0.009376448142 2
0 0.565 0.525 0 2
0 0.565 0.535 0 1
0 0.565 0.545 0 1
0 0.565 0.555 0 1
0 0.565 0.565 0 1
0 0.575 -0.555 0 1
0 0.575 -0.545 0 1
0 0.575 -0.535 0 1
0 0.575 -0.525 0 1
0 0.575 -0.515 -0.008189421288 1
0 0.575 -0.505 -0.02083393456 1
0 0.575 -0.495 -0.0322886792 2
0 0.575 -0.485 -0.03690144487 2
0 0.575 -0.475 -0.03441004939 2
0 0.575 -0.465 -0.03261820708 2
0 0.575 -0.455 -0.02939391336 2
0 0.575 -0.445 -0.02603110482 2
0 0.575 -0.435 -0.02234724223 2
0 0.575 -0.425 -0.01838938816 2
0 0.575 -0.415 -0.01407847295 2
0 0.575 -0.405 -0.009633663673 2
0 0.575 -0.395 -0.005250564751 2
0 0.575 -0.385 -0.0009650225756 2
0 0.575 -0.375 0.003354467571 2
0 0.575 -0.365 0.007800895555 2
0 0.575 -0.355 0.01223576166 2
0 0.575 -0.345 0.01628479998 2
0 0.575 -0.335 0.01949775185 2
0 0.575 -0.325 0.02185574747 2
0 0.575 -0.315 0.02361442325 2
0 0.575 -0.305 0.02500372424 2
0 0.575 -0.295 0.0260177327 2
0 0.575 -0.285 0.02663254223 2
0 0.575 -0.275 0.02684650144 2
0 0.575 -0.265 0.02665461986 2
0 0.575 -0.255 0.02606030095 2
0 0.575 -0.245 0.02509015692 2
0 0.575 -0.235 0.02373746527 2
0 0.575 -0.225 0.02218838699 2
0 0.575 -0.215 0.02007697326 2
0 0.575 -0.205 0.01691228441 2
0 0.575 -0.195 0.01270240919 2
0 0.575 -0.185 0.008155813516 1
0 0.575 -0.175 0.004100857196 1
0 0.575 -0.165 0.0009271991301 1
0 0.575 -0.155 -0.001744218725 1
0 0.575 -0.145 -0.004093530455 1
0 0.575 -0.135 -0.006291725076 1
0 0.575 -0.125 -0.008453831268 1
0 0.575 -0.115 -0.01081653645 1
0 0.575 -0.105 -0.01336453242 2
0 0.575 -0.095 -0.01572219847 2
0 0.575 -0.085 -0.01761868206 2
0 0.575 -0.075 -0.01931609306 2
0 0.575 -0.065 -0.02135307485 2
0 0.575 -0.055 -0.02405442582 2
0 0.575 -0.045 -0.02716790104 2
0 0.575 -0.035 -0.0304717084 2
0 0.575 -0.025 -0.03336953919 2
0 0.575 -0.015 -0.03541345468 2
0 0.575 -0.005 -0.03659244385 2
0 0.575 0.005 -0.03692740091 2
0 0.575 0.015 -0.03661489659 2
0 0.575 0.025 -0.03576938995 2
0 0.575 0.035 -0.03443499617 2
0 0.575 0.045 -0.03266323181 2
0 0.575 0.055 -0.03048228205 2
0 0.575 0.065 -0.02792268031 2
0 0.575 0.075 -0.02501223905 2
0 0.575 0.085 -0.02177680164 2
0 0.575 0.095 -0.01824773297 2
0 0.575 0.105 -0.01443212049 2
0 0.575 0.115 -0.0103873658 2
0 0.575 0.125 -0.006258972237 2
0 0.575 0.135 -0.002324700711 2
0 0.575 0.145 0.001048931873 2
0 0.575 0.155 0.00368155372 2
0 0.575 0.165 0.005392513059 2
0 0.575 0.175 0.006297485744 1
0 0.575 0.185 0.007027870554 1
0 0.575 0.195 0.008241968314 1
0 0.575 0.205 0.01002297138 1
0 0.575 0.215 0.01183061514 1
0 0.575 0.225 0.01342546422 1
0 0.575 0.235 0.01474048293 1
0 0.575 0.245 0.01567780669 1
0 0.575 0.255 0.01665749142 1
0 0.575 0.265 0.01867939498 1
0 0.575 0.275 0.02187185558 1
0 0.575 0.285 0.02511027643 2
0 0.575 0.295 0.02683697172 2
0 0.575 0.305 0.02642666941 2
0 0.575 0.315 0.02458465881 2
0 0.575 0.325 0.02213698089 2
0 0.575 0.335 0.01957170413 2
0 0.575 0.345 0.01666283007 2
0 0.575 0.355 0.0134627458 2
0 0.575 0.365 0.009982150244 2
0 0.575 0.375 0.006264835497 2
0 0.575 0.385 0.002353727126 2
0 0.575 0.395 -0.001703018633 2
0 0.575 0.405 -0.005856639186 2
0 0.575 0.415 -0.01005548863 2
0 0.575 0.425 -0.01425114429 2
0 0.575 0.435 -0.01837922147 2
0 0.575 0.445 -0.02241948381 2
0 0.575 0.455 -0.02620099621 2
0 0.575 0.465 -0.03000752914 2
0 0.575 0.475 -0.03275155095 2
0 0.575 0.485 -0.03736360816 2
0 0.575 0.495 -0.03433786753 2
0 0.575 0.505 -0.02298503864 2
0 0.575 0.515 -0.00931910391 2
0 0.575 0.525 0 2
0 0.575 0.535 0 1
0 0.575 0.545 0 1
0 0.575 0.555 0 1
0 0.575 0.565 0 1
0 0.585 -0.555 0 1
0 0.585 -0.545 0 1
0 0.585 -0.535 0 1
0 0.585 -0.525 0 1
0 0.585 -0.515 -0.008950954402 1
0 0.585 -0.505 -0.02260158598 2
0 0.585 -0.495 -0.03441761351 2
0 0.585 -0.485 -0.03853560768 2
0 0.585 -0.475 -0.03501336734 2
0 0.585 -0.465 -0.03281320396 2
0 0.585 -0.455 -0.02942035335 2
0 0.585 -0.445 -0.02600449884 2
0 0.585 -0.435 -0.02232487865 2
0 0.585 -0.425 -0.01847132518 2
0 0.585 -0.415 -0.014360771 2
0 0.585 -0.405 -0.01005714281 2
0 0.585 -0.395 -0.005666406845 2
0 0.585 -0.385 -0.00121764719 2
0 0.585 -0.375 0.003275988476 2
0 0.585 -0.365 0.00778362805 2
0 0.585 -0.355 0.01214946355 2
0 0.585 -0.345 0.01597074341 2
0 0.585 -0.335 0.01910227347 2
0 0.585 -0.325 0.02155379049 2
0 0.585 -0.315 0.02346421604 2
0 0.585 -0.305 0.02498999555 2
0 0.585 -0.295 0.02609541478 2
0 0.585 -0.285 0.02678652711 2
0 0.585 -0.275 0.0270628316 2
0 0.585 -0.265 0.02692824354 2
0 0.585 -0.255 0.02639143473 2
0 0.585 -0.245 0.0254854632 2
0 0.585 -0.235 0.02421089819 2
0 0.585 -0.225 0.02275632672 2
0 0.585 -0.215 0.02079361817 2
0 0.585 -0.205 0.01780109324 2
0 0.585 -0.195 0.01365804891 2
0 0.585 -0.185 0.009052189678 1
0 0.585 -0.175 0.004687752489 1
0 0.585 -0.165 0.001107193617 1
0 0.585 -0.155 -0.001900012036 1
0 0.585 -0.145 -0.004523828075 1
0 0.585 -0.135 -0.007038399267 1
0 0.585 -0.125 -0.009476622052 1
0 0.585 -0.115 -0.01191307859 1
0 0.585 -0.105 -0.01428771481 1
0 0.585 -0.095 -0.01635079582 1
0 0.585 -0.085 -0.01795183862 1
0 0.585 -0.075 -0.01933233877 1
0 0.585 -0.065 -0.02110480316 1
0 0.585 -0.055 -0.02373589798 2
0 0.585 -0.045 -0.02708646808 2
0 0.585 -0.035 -0.03075116097 2
0 0.585 -0.025 -0.0342864387 2
0 0.585 -0.015 -0.03673260566 2
0 0.585 -0.005 -0.03796745956 2
0 0.585 0.005 -0.03813449639 2
0 0.585 0.015 -0.03761453572 2
0 0.585 0.025 -0.03664050206 2
0 0.585 0.035 -0.03520200537 2
0 0.585 0.045 -0.03335337788 2
0 0.585 0.055 -0.03111066582 2
0 0.585 0.065 -0.02849984826 2
0 0.585 0.075 -0.02554412168 2
0 0.585 0.085 -0.02226529496 2
0 0.585 0.095 -0.01869187743 2
0 0.585 0.105 -0.01480932748 2
0 0.585 0.115 -0.01070094156 2
0 0.585 0.125 -0.006549453439 2
0 0.585 0.135 -0.002727896164 2
0 0.585 0.145 0.0004699030037 2
0 0.585 0.155 0.002827035383 2
0 0.585 0.165 0.004296550989 1
0 0.585 0.175 0.005151235739 1
0 0.585 0.185 0.006168534497 1
0 0.585 0.195 0.007713661996 1
0 0.585 0.205 0.009729519301 1
0 0.585 0.215 0.01183351933 1
0 0.585 0.225 0.01385212708 1
0 0.585 0.235 0.015548576 1
0 0.585 0.245 0.01673932183 1
0 0.585 0.255 0.01785439787 1
0 0.585 0.265 0.01984120802 1
0 0.585 0.275 0.02297612062 1
0 0.585 0.285 0.02602562545 2
0 0.585 0.295 0.02755171438 2
0 0.585 0.305 0.02691606072 2
0 0.585 0.315 0.02487741902 2
0 0.585 0.325 0.02228178186 2
0 0.585 0.335 0.01961010866 2
0 0.585 0.345 0.01662820597 2
0 0.585 0.355 0.01337778416 2
0 0.585 0.365 0.009859915227 2
0 0.585 0.375 0.006110838954 2
0 0.585 0.385 0.00216909833 2
0 0.585 0.395 -0.001919868031 2
0 0.585 0.405 -0.006108689212 2
0 0.585 0.415 -0.01034672591 2
0 0.585 0.425 -0.01458560145 2
0 0.585 0.435 -0.01876278245 2
0 0.585 0.445 -0.0228545543 2
0 0.585 0.455 -0.02669426956 2
0 0.585 0.465 -0.0305635257 2
0 0.585 0.475 -0.03329558136 2
0 0.585 0.485 -0.03755228117 2
0 0.585 0.495 -0.03411010373 2
0 0.585 0.505 -0.02260611589 2
0 0.585 0.515 -0.009074090759 2
0 0.585 0.525 0 2
0 0.585 0.535 0 1
0 0.585 0.545 0 1
0 0.585 0.555 0 1
0 0.585 0.565 0 1
0 0.595 -0.555 0 1
0 0.595 -0.545 0 1
0 0.595 -0.535 0 1
0 0.595 -0.525 0 2
0 0.595 -0.515 -0.009629297487 2
0 0.595 -0.505 -0.02401929691 2
0 0.595 -0.495 -0.03608323248 2
0 0.595 -0.485 -0.03976422072 2
0 0.595 -0.475 -0.03545251102 2
0 0.595 -0.465 -0.03301986454 2
0 0.595 -0.455 -0.02947949705 2
0 0.595 -0.445 -0.02596141903 2
0 0.595 -0.435 -0.02219070707 2
0 0.595 -0.425 -0.0182877473 2
0 0.595 -0.415 -0.01422504242 2
0 0.595 -0.405 -0.01000701751 2
0 0.595 -0.395 -0.005647778326 2
0 0.595 -0.385 -0.001158869003 2
0 0.595 -0.375 0.0033683634 2
0 0.595 -0.365 0.007786099863 2
0 0.595 -0.355 0.0119501299 2
0 0.595 -0.345 0.01560443293 2
0 0.595 -0.335 0.01870932125 2
0 0.595 -0.325 0.02126609521 2
0 0.595 -0.315 0.02332427806 2
0 0.595 -0.305 0.02495914436 2
0 0.595 -0.295 0.02615005005 2
0 0.595 -0.285 0.02691158159 2
0 0.595 -0.275 0.0272457441 2
0 0.595 -0.265 0.02716182543 2
0 0.595 -0.255 0.02667174224 2
0 0.595 -0.245 0.02580908744 2
0 0.595 -0.235 0.02458050001 2
0 0.595 -0.225 0.02313431664 2
0 0.595 -0.215 0.02124479323 2
0 0.595 -0.205 0.01849902915 2
0 0.595 -0.195 0.01463553961 2
0 0.595 -0.185 0.01007976014 2
0 0.595 -0.175 0.005510083461 1
0 0.595 -0.165 0.00150474022 1
0 0.595 -0.155 -0.001846465408 1
0 0.595 -0.145 -0.004735956084 1
0 0.595 -0.135 -0.007431406399 1
0 0.595 -0.125 -0.01004292251 1
0 0.595 -0.115 -0.01257518842 1
0 0.595 -0.105 -0.01496188971 1
0 0.595 -0.095 -0.01694601836 1
0 0.595 -0.085 -0.01854645761 1
0 0.595 -0.075 -0.01993561705 1
0 0.595 -0.065 -0.02132865707 1
0 0.595 -0.055 -0.02341356737 1
0 0.595 -0.045 -0.02680104797 1
0 0.595 -0.035 -0.03107424233 2
0 0.595 -0.025 -0.03545904795 2
0 0.595 -0.015 -0.03832514712 2
0 0.595 -0.005 -0.0395375295 2
0 0.595 0.005 -0.0394467737 2
0 0.595 0.015 -0.03864730144 2
0 0.595 0.025 -0.03752117848 2
0 0.595 0.035 -0.03596960585 2
0 0.595 0.045 -0.03404415505 2
0 0.595 0.055 -0.0317445706 2
0 0.595 0.065 -0.02909101196 2
0 0.595 0.075 -0.02610171301 2
0 0.595 0.085 -0.02279651128 2
0 0.595 0.095 -0.01920282351 2
0 0.595 0.105 -0.015303263 2
0 0.595 0.115 -0.01119357513 2
0 0.595 0.125 -0.007073278624 2
0 0.595 0.135 -0.003309718904 2
0 0.595 0.145 -0.000148136135 2
0 0.595 0.155 0.001995859887 1
0 0.595 0.165 0.00331778984 1
0 0.595 0.175 0.004311215052 1
0 0.595 0.185 0.005569991902 1
0 0.595 0.195 0.007289980867 1
0 0.595 0.205 0.009446519084 1
0 0.595 0.215 0.01186429792 1
0 0.595 0.225 0.01442195032 1
0 0.595 0.235 0.01656544333 1
0 0.595 0.245 0.01805099472 1
0 0.595 0.255 0.01931488845 1
0 0.595 0.265 0.02119095444 1
0 0.595 0.275 0.023930076 1
0 0.595 0.285 0.02661231933 2
0 0.595 0.295 0.02777743041 2
0 0.595 0.305 0.02696818653 2
0 0.595 0.315 0.02489358485 2
0 0.595 0.325 0.02229905301 2
0 0.595 0.335 0.01958651345 2
0 0.595 0.345 0.01656785611 2
0 0.595 0.355 0.01328336463 2
0 0.595 0.365 0.009735361696 2
0 0.595 0.375 0.005957579701 2
0 0.595 0.385 0.001986667956 2
0 0.595 0.395 -0.002133667777 2
0 0.595 0.405 -0.006357225188 2
0 0.595 0.415 -0.0106347503 2
0 0.595 0.425 -0.01491827522 2
0 0.595 0.435 -0.01914938121 2
0 0.595 0.445 -0.02329801083 2
0 0.595 0.455 -0.02722103641 2
0 0.595 0.465 -0.03114446415 2
0 0.595 0.475 -0.03381992631 2
0 0.595 0.485 -0.03749750606 2
0 0.595 0.495 -0.03349218787 2
0 0.595 0.505 -0.02190758697 2
0 0.595 0.515 -0.008680515034 1
0 0.595 0.525 0 1
0 0.595 0.535 0 1
0 0.595 0.545 0 1
0 0.595 0.555 0 1
0 0.595 0.565 0 1
0 0.605 -0.555 0 1
0 0.605 -0.545 0 1
0 0.605 -0.535 0 2
0 0.605 -0.525 0 2
0 0.605 -0.515 -0.01010518394 2
0 0.605 -0.505 -0.02498068353 2
0 0.605 -0.495 -0.03723729994 2
0 0.605 -0.485 -0.0406320876 2
0 0.605 -0.475 -0.03583031054 2
0 0.605 -0.465 -0.03324357441 2
0 0.605 -0.455 -0.02957873365 2
0 0.605 -0.445 -0.02595523628 2
0 0.605 -0.435 -0.02206697602 2
0 0.605 -0.425 -0.01805714108 2
0 0.605 -0.415 -0.0139148353 2
0 0.605 -0.405 -0.009657483906 2
0 0.605 -0.395 -0.005304116963 2
0 0.605 -0.385 -0.0008894873568 2
0 0.605 -0.375 0.003506181461 2
0 0.605 -0.365 0.007756968274 2
0 0.605 -0.355 0.01173967783 2
0 0.605 -0.345 0.01531483562 2
0 0.605 -0.335 0.0184288708 2
0 0.605 -0.325 0.02106123199 2
0 0.605 -0.315 0.02322150967 2
0 0.605 -0.305 0.02493315299 2
0 0.605 -0.295 0.02619483726 2
0 0.605 -0.285 0.0270153206 2
0 0.605 -0.275 0.02739850215 2
0 0.605 -0.265 0.02735530283 2
0 0.605 -0.255 0.02689897375 2
0 0.605 -0.245 0.02605963587 2
0 0.605 -0.235 0.02484988715 2
0 0.605 -0.225 0.02336997452 2
0 0.605 -0.215 0.02152003003 2
0 0.605 -0.205 0.01901287011 2
0 0.605 -0.195 0.01545992767 2
0 0.605 -0.185 0.01101616688 2
0 0.605 -0.175 0.006448032278 1
0 0.605 -0.165 0.002227097179 1
0 0.605 -0.155 -0.001429840353 1
0 0.605 -0.145 -0.004654187961 1
0 0.605 -0.135 -0.007586960953 1
0 0.605 -0.125 -0.0103952822 1
0 0.605 -0.115 -0.01304232883 1
0 0.605 -0.105 -0.01543798519 1
0 0.605 -0.095 -0.01744070429 1
0 0.605 -0.085 -0.01910859712 1
0 0.605 -0.075 -0.02058618432 1
0 0.605 -0.065 -0.02192258066 1
0 0.605 -0.055 -0.0237554501 1
0 0.605 -0.045 -0.0268733938 1
0 0.605 -0.035 -0.03140927279 1
0 0.605 -0.025 -0.03649970953 2
0 0.605 -0.015 -0.03996424083 2
0 0.605 -0.005 -0.04118633403 2
0 0.605 0.005 -0.04075881946 2
0 0.605 0.015 -0.03964234037 2
0 0.605 0.025 -0.03836262164 2
0 0.605 0.035 -0.03670564463 2
0 0.605 0.045 -0.03471337277 2
0 0.605 0.055 -0.03236838777 2
0 0.605 0.065 -0.02968486703 2
0 0.605 0.075 -0.02667637207 2
0 0.605 0.085 -0.02336338079 2
0 0.605 0.095 -0.0197743953 2
0 0.605 0.105 -0.01591585568 2
0 0.605 0.115 -0.0118721333 2
0 0.605 0.125 -0.007755197468 2
0 0.605 0.135 -0.003944685512 2
0 0.605 0.145 -0.0008404606084 1
0 0.605 0.155 0.001190525905 1
0 0.605 0.165 0.002526775577 1
0 0.605 0.175 0.003723475341 1
0 0.605 0.185 0.005147093523 1
0 0.605 0.195 0.006934004029 1
0 0.605 0.205 0.009212176631 1
0 0.605 0.215 0.01199373355 1
0 0.605 0.225 0.01509166607 1
0 0.605 0.235 0.01767903288 1
0 0.605 0.245 0.01941167115 1
0 0.605 0.255 0.02079722094 1
0 0.605 0.265 0.0226646584 1
0 0.605 0.275 0.02496834526 2
0 0.605 0.285 0.02698034514 2
0 0.605 0.295 0.02755265254 2
0 0.605 0.305 0.02661363809 2
0 0.605 0.315 0.02466126991 2
0 0.605 0.325 0.02218974823 2
0 0.605 0.335 0.01949383251 2
0 0.605 0.345 0.0164732354 2
0 0.605 0.355 0.01317308602 2
0 0.605 0.365 0.009605074452 2
0 0.605 0.375 0.005804198663 2
0 0.605 0.385 0.001807540178 2
0 0.605 0.395 -0.002341765049 2
0 0.605 0.405 -0.006598213798 2
0 0.605 0.415 -0.01091403634 2
0 0.605 0.425 -0.01524206428 2
0 0.605 0.435 -0.01953045341 2
0 0.605 0.445 -0.02374285489 2
0 0.605 0.455 -0.027786365 2
0 0.605 0.465 -0.03177627542 2
0 0.605 0.475 -0.03435147811 2
0 0.605 0.485 -0.03725806557 2
0 0.605 0.495 -0.03255213927 2
0 0.605 0.505 -0.02091714987 1
0 0.605 0.515 -0.00817594033 1
0 0.605 0.525 0 1
0 0.605 0.535 0 1
0 0.605 0.545 0 1
0 0.605 0.555 0 1
0 0.605 0.565 0 1
0 0.615 -0.555 0 1
0 0.615 -0.545 0 1
0 0.615 -0.535 0 1
0 0.615 -0.525 0 2
0 0.615 -0.515 -0.01038556731 2
0 0.615 -0.505 -0.02555815102 2
0 0.615 -0.495 -0.03796865836 2
0 0.615 -0.485 -0.04124787756 2
0 0.615 -0.475 -0.03618319976 2
0 0.615 -0.465 -0.03348025306 2
0 0.615 -0.455 -0.02969785527 2
0 0.615 -0.445 -0.02597672118 2
0 0.615 -0.435 -0.0219851711 2
0 0.615 -0.425 -0.01787270082 2
0 0.615 -0.415 -0.01363440239 2
0 0.615 -0.405 -0.009313839984 2
0 0.615 -0.395 -0.004948812888 2
0 0.615 -0.385 -0.0005929875754 2
0 0.615 -0.375 0.003682590144 2
0 0.615 -0.365 0.007789160348 2
0 0.615 -0.355 0.01163941766 2
0 0.615 -0.345 0.01514791505 2
0 0.615 -0.335 0.01825677834 2
0 0.615 -0.325 0.02093042242 2
0 0.615 -0.315 0.02315272057 2
0 0.615 -0.305 0.02492137203 2
0 0.615 -0.295 0.02623724014 2
0 0.615 -0.285 0.02710378449 2
0 0.615 -0.275 0.02752525042 2
0 0.615 -0.265 0.02751167518 2
0 0.615 -0.255 0.02707604794 2
0 0.615 -0.245 0.02624271172 2
0 0.615 -0.235 0.02502832886 2
0 0.615 -0.225 0.02348395195 2
0 0.615 -0.215 0.02161456628 2
0 0.615 -0.205 0.01923931758 2
0 0.615 -0.195 0.01604397383 2
0 0.615 -0.185 0.0119441727 2
0 0.615 -0.175 0.007441989825 2
0 0.615 -0.165 0.00310489234 1
0 0.615 -0.155 -0.0007703112715 1
0 0.615 -0.145 -0.004273165273 1
0 0.615 -0.135 -0.007461389148 1
0 0.615 -0.125 -0.01043212397 1
0 0.615 -0.115 -0.01318444735 1
0 0.615 -0.105 -0.01564083294 1
0 0.615 -0.095 -0.0178091654 1
0 0.615 -0.085 -0.01971571558 1
0 0.615 -0.075 -0.02139871388 1
0 0.615 -0.065 -0.02275102432 1
0 0.615 -0.055 -0.02436415593 1
0 0.615 -0.045 -0.02738281447 1
0 0.615 -0.035 -0.0322532641 1
0 0.615 -0.025 -0.03763483616 2
0 0.615 -0.015 -0.04136244635 2
0 0.615 -0.005 -0.04253118264 2
0 0.615 0.005 -0.04185492698 2
0 0.615 0.015 -0.04050312977 2
0 0.615 0.025 -0.03910860202 2
0 0.615 0.035 -0.03737578865 2
0 0.615 0.045 -0.03533793842 2
0 0.615 0.055 -0.03296550117 2
0 0.615 0.065 -0.03026844631 2
0 0.615 0.075 -0.02725685984 2
0 0.615 0.085 -0.02395359146 2
0 0.615 0.095 -0.02037848362 2
0 0.615 0.105 -0.01658461151 2
0 0.615 0.115 -0.0126251959 2
0 0.615 0.125 -0.008508445333 2
0 0.615 0.135 -0.004664899294 2
0 0.615 0.145 -0.001605626174 1
0 0.615 0.155 0.0004555239655 1
0 0.615 0.165 0.001927415929 1
0 0.615 0.175 0.003366439511 1
0 0.615 0.185 0.0048854342 1
0 0.615 0.195 0.006623948999 1
0 0.615 0.205 0.008972082571 1
0 0.615 0.215 0.01221166533 1
0 0.615 0.225 0.01588509957 2
0 0.615 0.235 0.01898391091 2
0 0.615 0.245 0.02102098021 2
0 0.615 0.255 0.02244369825 2
0 0.615 0.265 0.023886546 2
0 0.615 0.275 0.02551733905 2
0 0.615 0.285 0.02687735308 2
0 0.615 0.295 0.02709027905 2
0 0.615 0.305 0.02613767986 2
0 0.615 0.315 0.02432421499 2
0 0.615 0.325 0.0220009005 2
0 0.615 0.335 0.01934974185 2
0 0.615 0.345 0.01634925966 2
0 0.615 0.355 0.0130479149 2
0 0.615 0.365 0.00946936636 2
0 0.615 0.375 0.00565158203 2
0 0.615 0.385 0.001633594118 2
0 0.615 0.395 -0.002541094743 2
0 0.615 0.405 -0.006827119726 2
0 0.615 0.415 -0.01117789644 2
0 0.615 0.425 -0.01554691831 2
0 0.615 0.435 -0.01988908799 2
0 0.615 0.445 -0.0241602284 2
0 0.615 0.455 -0.02832031506 2
0 0.615 0.465 -0.03233427863 2
0 0.615 0.475 -0.03467679847 2
0 0.615 0.485 -0.03686125622 2
0 0.615 0.495 -0.0316966047 2
0 0.615 0.505 -0.02010334234 1
0 0.615 0.515 -0.007764225184 1
0 0.615 0.525 0 1
0 0.615 0.535 0 1
0 0.615 0.545 0 1
0 0.615 0.555 0 1
0 0.615 0.565 0 1
0 0.625 -0.555 0 1
0 0.625 -0.545 0 1
0 0.625 -0.535 0 1
0 0.625 -0.525 0 2
0 0.625 -0.515 -0.01055082227 2
0 0.625 -0.505 -0.02592107042 2
0 0.625 -0.495 -0.03846614594 2
0 0.625 -0.485 -0.04172005428 2
0 0.625 -0.475 -0.03650557653 2
0 0.625 -0.465 -0.03371302278 2
0 0.625 -0.455 -0.02982851738 2
0 0.625 -0.445 -0.02601803851 2
0 0.625 -0.435 -0.02194415047 2
0 0.625 -0.425 -0.01776128008 2
0 0.625 -0.415 -0.01346799567 2
0 0.625 -0.405 -0.009116880979 2
0 0.625 -0.395 -0.004750938194 2
0 0.625 -0.385 -0.000426644645 2
0 0.625 -0.375 0.003791148499 2
0 0.625 -0.365 0.007829553849 2
0 0.625 -0.355 0.0116166587 2
0 0.625 -0.345 0.01508490719 2
0 0.625 -0.335 0.0181815498 2
0 0.625 -0.325 0.02086839329 2
0 0.625 -0.315 0.02312143045 2
0 0.625 -0.305 0.02492798875 2
0 0.625 -0.295 0.02628180225 2
0 0.625 -0.285 0.0271817945 2
0 0.625 -0.275 0.0276306816 2
0 0.625 -0.265 0.02763637241 2
0 0.625 -0.255 0.02721063412 2
0 0.625 -0.245 0.02637236891 2
0 0.625 -0.235 0.02514103694 2
0 0.625 -0.225 0.02353748307 2
0 0.625 -0.215 0.02161328501 2
0 0.625 -0.205 0.01926932753 2
0 0.625 -0.195 0.01633650016 2
0 0.625 -0.185 0.01266055079 2
0 0.625 -0.175 0.008395768978 2
0 0.625 -0.165 0.004047534418 2
0 0.625 -0.155 -4.422978396e-06 1
0 0.625 -0.145 -0.003728839854 1
0 0.625 -0.135 -0.007194907406 1
0 0.625 -0.125 -0.01039433627 1
0 0.625 -0.115 -0.01327419137 1
0 0.625 -0.105 -0.01578879076 1
0 0.625 -0.095 -0.01807881209 1
0 0.625 -0.085 -0.02017488053 1
0 0.625 -0.075 -0.0220590139 1
0 0.625 -0.065 -0.02356554333 1
0 0.625 -0.055 -0.02528813785 1
0 0.625 -0.045 -0.02841276031 1
0 0.625 -0.035 -0.03336638206 1
0 0.625 -0.025 -0.0387069575 2
0 0.625 -0.015 -0.04236732596 2
0 0.625 -0.005 -0.04340664 2
0 0.625 0.005 -0.04260848243 2
0 0.625 0.015 -0.04116325465 2
0 0.625 0.025 -0.03971737776 2
0 0.625 0.035 -0.03795271506 2
0 0.625 0.045 -0.03589822746 2
0 0.625 0.055 -0.03352063151 2
0 0.625 0.065 -0.03082878866 2
0 0.625 0.075 -0.02783183991 2
0 0.625 0.085 -0.02455523517 2
0 0.625 0.095 -0.02100342525 2
0 0.625 0.105 -0.01728212645 2
0 0.625 0.115 -0.01339137481 2
0 0.625 0.125 -0.00927117984 2
0 0.625 0.135 -0.005407952238 2
0 0.625 0.145 -0.002326639068 1
0 0.625 0.155 -0.0001405382024 1
0 0.625 0.165 0.001517719437 1
0 0.625 0.175 0.003129991992 1
0 0.625 0.185 0.00472033722 1
0 0.625 0.195 0.006574411127 1
0 0.625 0.205 0.009165381224 1
0 0.625 0.215 0.01284746325 1
0 0.625 0.225 0.01684490703 2
0 0.625 0.235 0.02022409941 2
0 0.625 0.245 0.02237683808 2
0 0.625 0.255 0.02370267676 2
0 0.625 0.265 0.02485190563 2
0 0.625 0.275 0.02606231098 2
0 0.625 0.285 0.02679107428 2
0 0.625 0.295 0.02664935853 2
0 0.625 0.305 0.02566411758 2
0 0.625 0.315 0.02397015088 2
0 0.625 0.325 0.0217783249 2
0 0.625 0.335 0.01917920906 2
0 0.625 0.345 0.01620790349 2
0 0.625 0.355 0.01291381849 2
0 0.625 0.365 0.009331521271 2
0 0.625 0.375 0.00550219293 2
0 0.625 0.385 0.001467391113 2
0 0.625 0.395 -0.002728449927 2
0 0.625 0.405 -0.007039627074 2
0 0.625 0.415 -0.01142026708 2
0 0.625 0.425 -0.01582439277 2
0 0.625 0.435 -0.02021328542 2
0 0.625 0.445 -0.02453766144 2
0 0.625 0.455 -0.02881765325 2
0 0.625 0.465 -0.03288040696 2
0 0.625 0.475 -0.03502204363 2
0 0.625 0.485 -0.03662768414 2
0 0.625 0.495 -0.03098978735 1
0 0.625 0.505 -0.01940022009 1
0 0.625 0.515 -0.007440633428 1
0 0.625 0.525 0 1
0 0.625 0.535 0 1
0 0.625 0.545 0 1
0 0.625 0.555 0 1
0 0.625 0.565 0 1
0 0.635 -0.555 0 1
0 0.635 -0.545 0 1
0 0.635 -0.535 0 1
0 0.635 -0.525 0 2
0 0.635 -0.515 -0.01066311408 2
0 0.635 -0.505 -0.02618179985 2
0 0.635 -0.495 -0.03884450176 2
0 0.635 -0.485 -0.04210034027 2
0 0.635 -0.475 -0.03679227702 2
0 0.635 -0.465 -0.03392822268 2
0 0.635 -0.455 -0.02995968627 2
0 0.635 -0.445 -0.02607508429 2
0 0.635 -0.435 -0.02193204181 2
0 0.635 -0.425 -0.01769012907 2
0 0.635 -0.415 -0.01335128533 2
0 0.635 -0.405 -0.008973516903 2
0 0.635 -0.395 -0.004602831903 2
0 0.635 -0.385 -0.0002959032892 2
0 0.635 -0.375 0.003887372261 2
0 0.635 -0.365 0.007883654148 2
0 0.635 -0.355 0.01163105949 2
0 0.635 -0.345 0.01507197491 2
0 0.635 -0.335 0.01815780572 2
0 0.635 -0.325 0.02085002787 2
0 0.635 -0.315 0.02312058974 2
0 0.635 -0.305 0.02495091388 2
0 0.635 -0.295 0.02632983678 2
0 0.635 -0.285 0.02725249245 2
0 0.635 -0.275 0.02771919329 2
0 0.635 -0.265 0.02773545915 2
0 0.635 -0.255 0.02731133514 2
0 0.635 -0.245 0.02646152727 2
0 0.635 -0.235 0.02520539582 2
0 0.635 -0.225 0.02355428546 2
0 0.635 -0.215 0.02155399584 2
0 0.635 -0.205 0.01918953023 2
0 0.635 -0.195 0.01640042879 2
0 0.635 -0.185 0.01306012659 2
0 0.635 -0.175 0.009131288132 2
0 0.635 -0.165 0.004882376653 2
0 0.635 -0.155 0.0007073830601 2
0 0.635 -0.145 -0.003212680379 1
0 0.635 -0.135 -0.006880797084 1
0 0.635 -0.125 -0.01029171835 1
0 0.635 -0.115 -0.01335662659 1
0 0.635 -0.105 -0.01604220388 1
0 0.635 -0.095 -0.01850147378 1
0 0.635 -0.085 -0.02078714429 1
0 0.635 -0.075 -0.02289148391 1
0 0.635 -0.065 -0.02465769338 1
0 0.635 -0.055 -0.02665706654 1
0 0.635 -0.045 -0.02987090983 1
0 0.635 -0.035 -0.03454730921 1
0 0.635 -0.025 -0.0395532937 2
0 0.635 -0.015 -0.0428626515 2
0 0.635 -0.005 -0.04373477444 2
0 0.635 0.005 -0.04296516873 2
0 0.635 0.015 -0.04159100716 2
0 0.635 0.025 -0.0401671635 2
0 0.635 0.035 -0.03842010199 2
0 0.635 0.045 -0.03638057984 2
0 0.635 0.055 -0.03402129373 2
0 0.635 0.065 -0.0313536365 2
0 0.635 0.075 -0.02838938286 2
0 0.635 0.085 -0.02515516112 2
0 0.635 0.095 -0.02164473369 2
0 0.635 0.105 -0.01798519363 2
0 0.635 0.115 -0.01411700809 2
0 0.635 0.125 -0.009986763088 2
0 0.635 0.135 -0.006030526789 2
0 0.635 0.145 -0.002863043977 1
0 0.635 0.155 -0.0005570802846 1
0 0.635 0.165 0.001222777314 1
0 0.635 0.175 0.002935312154 1
0 0.635 0.185 0.004651704119 1
0 0.635 0.195 0.006748934096 1
0 0.635 0.205 0.009714886423 1
0 0.635 0.215 0.01379618452 1
0 0.635 0.225 0.01807102561 2
0 0.635 0.235 0.02153910548 2
0 0.635 0.245 0.02363635428 2
0 0.635 0.255 0.02476772947 2
0 0.635 0.265 0.02560162335 2
0 0.635 0.275 0.0263642882 2
0 0.635 0.285 0.02664085686 2
0 0.635 0.295 0.02630156497 2
0 0.635 0.305 0.0252994111 2
0 0.635 0.315 0.0236820747 2
0 0.635 0.325 0.02156657406 2
0 0.635 0.335 0.01900879108 2
0 0.635 0.345 0.01606366514 2
0 0.635 0.355 0.01277904799 2
0 0.635 0.365 0.009196439289 2
0 0.635 0.375 0.005359407444 2
0 0.635 0.385 0.001311806027 2
0 0.635 0.395 -0.002900780011 2
0 0.635 0.405 -0.007231909804 2
0 0.635 0.415 -0.0116356386 2
0 0.635 0.425 -0.01606569229 2
0 0.635 0.435 -0.02048627225 2
0 0.635 0.445 -0.02484208907 2
0 0.635 0.455 -0.02918786482 2
0 0.635 0.465 -0.03323329245 2
0 0.635 0.475 -0.03521314075 2
0 0.635 0.485 -0.03653887003 2
0 0.635 0.495 -0.03072608353 1
0 0.635 0.505 -0.0191646508 1
0 0.635 0.515 -0.007319999322 1
0 0.635 0.525 0 1
0 0.635 0.535 0 1
0 0.635 0.545 0 1
0 0.635 0.555 0 1
0 0.635 0.565 0 1
0 0.645 -0.555 0 1
0 0.645 -0.545 0 1
0 0.645 -0.535 0 1
0 0.645 -0.525 0 2
0 0.645 -0.515 -0.01074969831 2
0 0.645 -0.505 -0.02638736255 2
0 0.645 -0.495 -0.03914915192 2
0 0.645 -0.485 -0.04241355031 2
0 0.645 -0.475 -0.0370394544 2
0 0.645 -0.465 -0.03411920084 2
0 0.645 -0.455 -0.03008557128 2
0 0.645 -0.445 -0.02614083611 2
0 0.645 -0.435 -0.02194204352 2
0 0.645 -0.425 -0.01765319522 2
0 0.645 -0.415 -0.01327846093 2
0 0.645 -0.405 -0.008878465325 2
0 0.645 -0.395 -0.004500251809 2
0 0.645 -0.385 -0.000199734097 2
0 0.645 -0.375 0.003966479548 2
0 0.645 -0.365 0.007940365987 2
0 0.645 -0.355 0.01166578373 2
0 0.645 -0.345 0.01509048778 2
0 0.645 -0.335 0.01816877711 2
0 0.645 -0.325 0.02086268821 2
0 0.645 -0.315 0.02314258425 2
0 0.645 -0.305 0.02498689974 2
0 0.645 -0.295 0.0263812928 2
0 0.645 -0.285 0.02731791649 2
0 0.645 -0.275 0.02779468513 2
0 0.645 -0.265 0.02781491698 2
0 0.645 -0.255 0.02738690462 2
0 0.645 -0.245 0.02652294384 2
0 0.645 -0.235 0.02524069121 2
0 0.645 -0.225 0.02355634376 2
0 0.645 -0.215 0.02149523534 2
0 0.645 -0.205 0.01907915577 2
0 0.645 -0.195 0.01630794856 2
0 0.645 -0.185 0.013145112 2
0 0.645 -0.175 0.009528458509 2
0 0.645 -0.165 0.005510017425 2
0 0.645 -0.155 0.001375630494 2
0 0.645 -0.145 -0.002671968335 2
0 0.645 -0.135 -0.00657485031 2
0 0.645 -0.125 -0.01028946827 2
0 0.645 -0.115 -0.01360756454 2
0 0.645 -0.105 -0.01641855782 1
0 0.645 -0.095 -0.01895957962 1
0 0.645 -0.085 -0.02147153265 1
0 0.645 -0.075 -0.02387335367 1
0 0.645 -0.065 -0.02593695338 1
0 0.645 -0.055 -0.02826867674 1
0 0.645 -0.045 -0.03169832498 1
0 0.645 -0.035 -0.03600212977 2
0 0.645 -0.025 -0.04023463917 2
0 0.645 -0.015 -0.04282561295 2
0 0.645 -0.005 -0.04352660344 2
0 0.645 0.005 -0.04295484526 2
0 0.645 0.015 -0.04179644528 2
0 0.645 0.025 -0.04045984011 2
0 0.645 0.035 -0.03877472057 2
0 0.645 0.045 -0.03677860413 2
0 0.645 0.055 -0.03445863959 2
0 0.645 0.065 -0.03183195442 2
0 0.645 0.075 -0.02891675931 2
0 0.645 0.085 -0.02574018115 2
0 0.645 0.095 -0.02230740576 2
0 0.645 0.105 -0.01870597157 2
0 0.645 0.115 -0.01481487589 2
0 0.645 0.125 -0.01063556201 2
0 0.645 0.135 -0.006531571369 2
0 0.645 0.145 -0.003273316907 1
0 0.645 0.155 -0.0008874711274 1
0 0.645 0.165 0.0009846026184 1
0 0.645 0.175 0.002806722825 1
0 0.645 0.185 0.004706188067 1
0 0.645 0.195 0.007167009758 1
0 0.645 0.205 0.01072367369 1
0 0.645 0.215 0.01515589358 2
0 0.645 0.225 0.01949931727 2
0 0.645 0.235 0.02270310957 2
0 0.645 0.245 0.02455602624 2
0 0.645 0.255 0.02553557792 2
0 0.645 0.265 0.02618582732 2
0 0.645 0.275 0.02663468414 2
0 0.645 0.285 0.02664198928 2
0 0.645 0.295 0.026137752 2
0 0.645 0.305 0.0250766481 2
0 0.645 0.315 0.02347659045 2
0 0.645 0.325 0.02138918736 2
0 0.645 0.335 0.01885608152 2
0 0.645 0.345 0.01592835508 2
0 0.645 0.355 0.01265126659 2
0 0.645 0.365 0.009069078365 2
0 0.645 0.375 0.005226639571 2
0 0.645 0.385 0.00116946142 2
0 0.645 0.395 -0.003055749736 2
0 0.645 0.405 -0.007401573073 2
0 0.645 0.415 -0.01182126482 2
0 0.645 0.425 -0.01626764118 2
0 0.645 0.435 -0.02070459739 2
0 0.645 0.445 -0.0250744366 2
0 0.645 0.455 -0.02944315233 2
0 0.645 0.465 -0.03348492643 2
0 0.645 0.475 -0.0354440554 2
0 0.645 0.485 -0.03673918193 2
0 0.645 0.495 -0.03087632888 1
0 0.645 0.505 -0.01926566385 1
0 0.645 0.515 -0.00734535204 1
0 0.645 0.525 0 1
0 0.645 0.535 0 1
0 0.645 0.545 0 1
0 0.645 0.555 0 1
0 0.645 0.565 0 1
0 0.655 -0.555 0 1
0 0.655 -0.545 0 1
0 0.655 -0.535 0 1
0 0.655 -0.525 0 2
0 0.655 -0.515 -0.01082078559 2
0 0.655 -0.505 -0.02655728959 2
0 0.655 -0.495 -0.0394009919 2
0 0.655 -0.485 -0.04267529689 2
0 0.655 -0.475 -0.03725008951 2
0 0.655 -0.465 -0.034287038 2
0 0.655 -0.455 -0.03020195498 2
0 0.655 -0.445 -0.02620839246 2
0 0.655 -0.435 -0.0219639388 2
0 0.655 -0.425 -0.01763615486 2
0 0.655 -0.415 -0.01323094522 2
0 0.655 -0.405 -0.008810582542 2
0 0.655 -0.395 -0.004422539791 2
0 0.655 -0.385 -0.0001219358257 2
0 0.655 -0.375 0.004036846886 2
0 0.655 -0.365 0.007999083479 2
0 0.655 -0.355 0.01171221455 2
0 0.655 -0.345 0.01512726105 2
0 0.655 -0.335 0.01820055939 2
0 0.655 -0.325 0.02089479994 2
0 0.655 -0.315 0.02317965388 2
0 0.655 -0.305 0.02503188202 2
0 0.655 -0.295 0.0264350605 2
0 0.655 -0.285 0.02737919048 2
0 0.655 -0.275 0.02786023998 2
0 0.655 -0.265 0.02787972433 2
0 0.655 -0.255 0.02744438017 2
0 0.655 -0.245 0.02656526232 2
0 0.655 -0.235 0.02525818449 2
0 0.655 -0.225 0.02354162957 2
0 0.655 -0.215 0.02143455434 2
0 0.655 -0.205 0.01896465352 2
0 0.655 -0.195 0.01616496536 2
0 0.655 -0.185 0.0130511737 2
0 0.655 -0.175 0.009603261229 2
0 0.655 -0.165 0.005813528668 2
0 0.655 -0.155 0.001804188489 2
0 0.655 -0.145 -0.002257906149 2
0 0.655 -0.135 -0.006226811155 2
0 0.655 -0.125 -0.01003744621 2
0 0.655 -0.115 -0.01354264563 2
0 0.655 -0.105 -0.01667350934 2
0 0.655 -0.095 -0.0195449004 2
0 0.655 -0.085 -0.0223183251 2
0 0.655 -0.075 -0.02500226182 2
0 0.655 -0.065 -0.02750960231 2
0 0.655 -0.055 -0.03018147628 2
0 0.655 -0.045 -0.0333624005 2
0 0.655 -0.035 -0.03693095829 2
0 0.655 -0.025 -0.04034189763 2
0 0.655 -0.015 -0.04243542231 2
0 0.655 -0.005 -0.04309808976 2
0 0.655 0.005 -0.04274639767 2
0 0.655 0.015 -0.04184001569 2
0 0.655 0.025 -0.04062250857 2
0 0.655 0.035 -0.03902632663 2
0 0.655 0.045 -0.03709309247 2
0 0.655 0.055 -0.03482759824 2
0 0.655 0.065 -0.03225414452 2
0 0.655 0.075 -0.02940020421 2
0 0.655 0.085 -0.02629477509 2
0 0.655 0.095 -0.02298176498 2
0 0.655 0.105 -0.01946112933 2
0 0.655 0.115 -0.01548052287 2
0 0.655 0.125 -0.01116374245 2
0 0.655 0.135 -0.006967533873 1
0 0.655 0.145 -0.00366353308 1
0 0.655 0.155 -0.001210417479 1
0 0.655 0.165 0.0008048560752 1
0 0.655 0.175 0.002796361094 1
0 0.655 0.185 0.005025253436 1
0 0.655 0.195 0.007957201131 1
0 0.655 0.205 0.01195763775 1
0 0.655 0.215 0.01650644811 2
0 0.655 0.225 0.02076661303 2
0 0.655 0.235 0.0236679239 2
0 0.655 0.245 0.02525004982 2
0 0.655 0.255 0.02608664401 2
0 0.655 0.265 0.02662000599 2
0 0.655 0.275 0.02686506539 2
0 0.655 0.285 0.02669825476 2
0 0.655 0.295 0.02607389475 2
0 0.655 0.305 0.02495512654 2
0 0.655 0.315 0.02334099605 2
0 0.655 0.325 0.02125380981 2
0 0.655 0.335 0.01872947788 2
0 0.655 0.345 0.01580942175 2
0 0.655 0.355 0.0125360357 2
0 0.655 0.365 0.008953388124 2
0 0.655 0.375 0.005106659297 2
0 0.655 0.385 0.001042316269 2
0 0.655 0.395 -0.003191958472 2
0 0.655 0.405 -0.007547625406 2
0 0.655 0.415 -0.01197643232 2
0 0.655 0.425 -0.0164294783 2
0 0.655 0.435 -0.0208660127 2
0 0.655 0.445 -0.0252270409 2
0 0.655 0.455 -0.02954428765 2
0 0.655 0.465 -0.03354736941 2
0 0.655 0.475 -0.03559061136 2
0 0.655 0.485 -0.03730795992 2
0 0.655 0.495 -0.03171379155 1
0 0.655 0.505 -0.02000211399 1
0 0.655 0.515 -0.007686362916 1
0 0.655 0.525 0 1
0 0.655 0.535 0 1
0 0.655 0.545 0 1
0 0.655 0.555 0 1
0 0.655 0.565 0 2
0 0.665 -0.555 0 1
0 0.665 -0.545 0 1
0 0.665 -0.535 0 2
0 0.665 -0.525 0 2
0 0.665 -0.515 -0.01088092624 2
0 0.665 -0.505 -0.02670199737 2
0 0.665 -0.495 -0.0396142973 2
0 0.665 -0.485 -0.0428977834 2
0 0.665 -0.475 -0.03743001665 2
0 0.665 -0.465 -0.03443286465 2
0 0.665 -0.455 -0.03030624973 2
0 0.665 -0.445 -0.02627296613 2
0 0.665 -0.435 -0.02199103422 2
0 0.665 -0.425 -0.01763080584 2
0 0.665 -0.415 -0.0131995076 2
0 0.665 -0.405 -0.008760484985 2
0 0.665 -0.395 -0.004361390544 2
0 0.665 -0.385 -5.671762447e-05 2
0 0.665 -0.375 0.004100621725 2
0 0.665 -0.365 0.008057971092 2
0 0.665 -0.355 0.01176502046 2
0 0.665 -0.345 0.01517483065 2
0 0.665 -0.335 0.01824512281 2
0 0.665 -0.325 0.02093915514 2
0 0.665 -0.315 0.02322633369 2
0 0.665 -0.305 0.02508248213 2
0 0.665 -0.295 0.02648984162 2
0 0.665 -0.285 0.02743690808 2
0 0.665 -0.275 0.02791817277 2
0 0.665 -0.265 0.02793379336 2
0 0.665 -0.255 0.02748930854 2
0 0.665 -0.245 0.02659511186 2
0 0.665 -0.235 0.02526613419 2
0 0.665 -0.225 0.02352141479 2
0 0.665 -0.215 0.02138359445 2
0 0.665 -0.205 0.01887668053 2
0 0.665 -0.195 0.0160355902 2
0 0.665 -0.185 0.01290383006 2
0 0.665 -0.175 0.009492384834 2
0 0.665 -0.165 0.005828617804 2
0 0.665 -0.155 0.00196284132 2
0 0.665 -0.145 -0.002024268502 2
0 0.665 -0.135 -0.006012714782 2
0 0.665 -0.125 -0.009902154432 2
0 0.665 -0.115 -0.01353644399 2
0 0.665 -0.105 -0.0168571424 2
0 0.665 -0.095 -0.01998296785 2
0 0.665 -0.085 -0.02301447198 2
0 0.665 -0.075 -0.02593448425 2
0 0.665 -0.065 -0.02871680972 2
0 0.665 -0.055 -0.03154566587 2
0 0.665 -0.045 -0.03457424409 2
0 0.665 -0.035 -0.03768066176 2
0 0.665 -0.025 -0.04031974441 2
0 0.665 -0.015 -0.04195183195 2
0 0.665 -0.005 -0.0425962503 2
0 0.665 0.005 -0.04245159526 2
0 0.665 0.015 -0.04177958394 2
0 0.665 0.025 -0.04068822143 2
0 0.665 0.035 -0.03919042941 2
0 0.665 0.045 -0.03732920322 2
0 0.665 0.055 -0.03512584764 2
0 0.665 0.065 -0.03261153768 2
0 0.665 0.075 -0.0298235158 2
0 0.665 0.085 -0.02679369342 2
0 0.665 0.095 -0.02360992527 2
0 0.665 0.105 -0.02018614298 2
0 0.665 0.115 -0.01618508054 2
0 0.665 0.125 -0.01180622677 2
0 0.665 0.135 -0.00757032704 1
0 0.665 0.145 -0.004112454565 1
0 0.665 0.155 -0.001484526315 1
0 0.665 0.165 0.0007737000917 1
0 0.665 0.175 0.003020078426 1
0 0.665 0.185 0.005664979277 1
0 0.665 0.195 0.00903682405 1
0 0.665 0.205 0.01322792774 1
0 0.665 0.215 0.01772913849 2
0 0.665 0.225 0.02164518818 2
0 0.665 0.235 0.02418427681 2
0 0.665 0.245 0.02557580626 2
0 0.665 0.255 0.02636644793 2
0 0.665 0.265 0.02688200434 2
0 0.665 0.275 0.02703497733 2
0 0.665 0.285 0.0267758911 2
0 0.665 0.295 0.02607142941 2
0 0.665 0.305 0.02489819503 2
0 0.665 0.315 0.02325479322 2
0 0.665 0.325 0.02115613978 2
0 0.665 0.335 0.01862947661 2
0 0.665 0.345 0.01570970576 2
0 0.665 0.355 0.01243624993 2
0 0.665 0.365 0.008851771803 2
0 0.665 0.375 0.005001194041 2
0 0.665 0.385 0.0009313997417 2
0 0.665 0.395 -0.003309146876 2
0 0.665 0.405 -0.007670818229 2
0 0.665 0.415 -0.01210352579 2
0 0.665 0.425 -0.01655659858 2
0 0.665 0.435 -0.02098273474 2
0 0.665 0.445 -0.02532634116 2
0 0.665 0.455 -0.02957100032 2
0 0.665 0.465 -0.03357172698 2
0 0.665 0.475 -0.03584260595 2
0 0.665 0.485 -0.03833677516 2
0 0.665 0.495 -0.03316630499 1
0 0.665 0.505 -0.02123683445 1
0 0.665 0.515 -0.008269214024 1
0 0.665 0.525 0 1
0 0.665 0.535 0 1
0 0.665 0.545 0 2
0 0.665 0.555 0 2
0 0.665 0.565 0 2
0 0.675 -0.555 0 1
0 0.675 -0.545 0 1
0 0.675 -0.535 0 2
0 0.675 -0.525 0 2
0 0.675 -0.515 -0.01093265017 2
0 0.675 -0.505 -0.02682721316 2
0 0.675 -0.495 -0.0397972291 2
0 0.675 -0.485 -0.04308830574 2
0 0.675 -0.475 -0.03758323827 2
0 0.675 -0.465 -0.03455780073 2
0 0.675 -0.455 -0.03039676512 2
0 0.675 -0.445 -0.02633062519 2
0 0.675 -0.435 -0.02201745018 2
0 0.675 -0.425 -0.01762980483 2
0 0.675 -0.415 -0.01317589461 2
0 0.675 -0.405 -0.008719832209 2
0 0.675 -0.395 -0.004309377874 2
0 0.675 -0.385 1.415848706e-06 2
0 0.675 -0.375 0.00416061531 2
0 0.675 -0.365 0.00811690546 2
0 0.675 -0.355 0.01182143791 2
0 0.675 -0.345 0.01522860549 2
0 0.675 -0.335 0.01829708489 2
0 0.675 -0.325 0.02099058649 2
0 0.675 -0.315 0.02327843308 2
0 0.675 -0.305 0.02513590092 2
0 0.675 -0.295 0.02654436264 2
0 0.675 -0.285 0.02749127475 2
0 0.675 -0.275 0.02797005836 2
0 0.675 -0.265 0.02797989049 2
0 0.675 -0.255 0.02752546659 2
0 0.675 -0.245 0.02661668511 2
0 0.675 -0.235 0.0252682855 2
0 0.675 -0.225 0.02349958858 2
0 0.675 -0.215 0.02133459231 2
0 0.675 -0.205 0.01880164665 2
0 0.675 -0.195 0.01593063883 2
0 0.675 -0.185 0.01276477351 2
0 0.675 -0.175 0.009338464472 2
0 0.675 -0.165 0.005692829939 2
0 0.675 -0.155 0.001875772618 2
0 0.675 -0.145 -0.002036950187 2
0 0.675 -0.135 -0.005955003733 2
0 0.675 -0.125 -0.009791955027 2
0 0.675 -0.115 -0.01348147815 2
0 0.675 -0.105 -0.0169927397 2
0 0.675 -0.095 -0.02036688907 2
0 0.675 -0.085 -0.02360492731 2
0 0.675 -0.075 -0.02668693672 2
0 0.675 -0.065 -0.02965140143 2
0 0.675 -0.055 -0.03252717661 2
0 0.675 -0.045 -0.03532628254 2
0 0.675 -0.035 -0.03794870166 2
0 0.675 -0.025 -0.04006238618 2
0 0.675 -0.015 -0.04148021677 2
0 0.675 -0.005 -0.04216684551 2
0 0.675 0.005 -0.04218371544 2
0 0.675 0.015 -0.04167383681 2
0 0.675 0.025 -0.0406916812 2
0 0.675 0.035 -0.03928468628 2
0 0.675 0.045 -0.03749436569 2
0 0.675 0.055 -0.03535329012 2
0 0.675 0.065 -0.03289769945 2
0 0.675 0.075 -0.03017290045 2
0 0.675 0.085 -0.02721432569 2
0 0.675 0.095 -0.02414568853 2
0 0.675 0.105 -0.02083423336 2
0 0.675 0.115 -0.01692223645 2
0 0.675 0.125 -0.0125395397 2
0 0.675 0.135 -0.008286947492 1
0 0.675 0.145 -0.004650545618 1
0 0.675 0.155 -0.001761015101 1
0 0.675 0.165 0.000820803282 1
0 0.675 0.175 0.00340973839 1
0 0.675 0.185 0.006479777334 1
0 0.675 0.195 0.0102340919 1
0 0.675 0.205 0.01449368947 2
0 0.675 0.215 0.01874787176 2
0 0.675 0.225 0.02212244039 2
0 0.675 0.235 0.02435023757 2
0 0.675 0.245 0.02569914085 2
0 0.675 0.255 0.02651826765 2
0 0.675 0.265 0.02703783513 2
0 0.675 0.275 0.02714787749 2
0 0.675 0.285 0.02683792802 2
0 0.675 0.295 0.02608265107 2
0 0.675 0.305 0.02486994326 2
0 0.675 0.315 0.02320041182 2
0 0.675 0.325 0.02108683023 2
0 0.675 0.335 0.01855251428 2
0 0.675 0.345 0.01562874253 2
0 0.675 0.355 0.01235253826 2
0 0.675 0.365 0.008765115312 2
0 0.675 0.375 0.004910894641 2
0 0.675 0.385 0.0008368580617 2
0 0.675 0.395 -0.00340793688 2
0 0.675 0.405 -0.007772904305 2
0 0.675 0.415 -0.01220602833 2
0 0.675 0.425 -0.01665493385 2
0 0.675 0.435 -0.02106427699 2
0 0.675 0.445 -0.02538225489 2
0 0.675 0.455 -0.02953053132 2
0 0.675 0.465 -0.03349340964 2
0 0.675 0.475 -0.03597707012 2
0 0.675 0.485 -0.03949381276 2
0 0.675 0.495 -0.03510723443 2
0 0.675 0.505 -0.02298892706 2
0 0.675 0.515 -0.009072981643 1
0 0.675 0.525 0 2
0 0.675 0.535 0 2
0 0.675 0.545 0 2
0 0.675 0.555 0 2
0 0.675 0.565 0 2
0 0.685 -0.555 0 1
0 0.685 -0.545 0 2
0 0.685 -0.535 0 2
0 0.685 -0.525 0 2
0 0.685 -0.515 -0.01097737666 2
0 0.685 -0.505 -0.02693607238 2
0 0.685 -0.495 -0.03995445574 2
0 0.685 -0.485 -0.04325114235 2
0 0.685 -0.475 -0.03771227526 2
0 0.685 -0.465 -0.03466246715 2
0 0.685 -0.455 -0.03047214468 2
0 0.685 -0.445 -0.0263783384 2
0 0.685 -0.435 -0.02203881514 2
0 0.685 -0.425 -0.01762785827 2
0 0.685 -0.415 -0.01315436329 2
0 0.685 -0.405 -0.008683006554 2
0 0.685 -0.395 -0.00426162524 2
0 0.685 -0.385 5.602762071e-05 2
0 0.685 -0.375 0.004218675616 2
0 0.685 -0.365 0.008175895581 2
0 0.685 -0.355 0.01187981474 2
0 0.685 -0.345 0.01528572343 2
0 0.685 -0.335 0.01835296836 2
0 0.685 -0.325 0.0210456108 2
0 0.685 -0.315 0.0233329727 2
0 0.685 -0.305 0.02519000788 2
0 0.685 -0.295 0.02659752247 2
0 0.685 -0.285 0.02754226113 2
0 0.685 -0.275 0.02801688873 2
0 0.685 -0.265 0.02801988612 2
0 0.685 -0.255 0.02755538569 2
0 0.685 -0.245 0.02663296048 2
0 0.685 -0.235 0.02526740499 2
0 0.685 -0.225 0.02347845639 2
0 0.685 -0.215 0.02129065383 2
0 0.685 -0.205 0.01873365012 2
0 0.685 -0.195 0.01584070979 2
0 0.685 -0.185 0.01264898732 2
0 0.685 -0.175 0.009199605549 2
0 0.685 -0.165 0.005541787324 2
0 0.685 -0.155 0.001731247881 2
0 0.685 -0.145 -0.002161373301 2
0 0.685 -0.135 -0.006063821603 2
0 0.685 -0.125 -0.009910963123 2
0 0.685 -0.115 -0.01365969102 2
0 0.685 -0.105 -0.01728172413 2
0 0.685 -0.095 -0.02077076166 2
0 0.685 -0.085 -0.02411184561 2
0 0.685 -0.075 -0.02728700315 2
0 0.685 -0.065 -0.03029956765 2
0 0.685 -0.055 -0.03313808957 2
0 0.685 -0.045 -0.03575889013 2
0 0.685 -0.035 -0.03806919374 2
0 0.685 -0.025 -0.03991247424 2
0 0.685 -0.015 -0.04119062062 2
0 0.685 -0.005 -0.04187086361 2
0 0.685 0.005 -0.041972965 2
0 0.685 0.015 -0.0415555828 2
0 0.685 0.025 -0.04065602621 2
0 0.685 0.035 -0.03932293723 2
0 0.685 0.045 -0.0375952886 2
0 0.685 0.055 -0.03551074668 2
0 0.685 0.065 -0.03310795895 2
0 0.685 0.075 -0.03043606789 2
0 0.685 0.085 -0.02753235616 2
0 0.685 0.095 -0.02452527549 2
0 0.685 0.105 -0.02130102528 2
0 0.685 0.115 -0.01760975242 2
0 0.685 0.125 -0.01339173467 2
0 0.685 0.135 -0.009110552533 2
0 0.685 0.145 -0.005230942361 1
0 0.685 0.155 -0.002023870867 1
0 0.685 0.165 0.0008745443846 1
0 0.685 0.175 0.003864893305 1
0 0.685 0.185 0.007324187274 1
0 0.685 0.195 0.0113135502 2
0 0.685 0.205 0.01549023476 2
0 0.685 0.215 0.01935418334 2
0 0.685 0.225 0.02229138817 2
0 0.685 0.235 0.02432726304 2
0 0.685 0.245 0.02568886823 2
0 0.685 0.255 0.02657530328 2
0 0.685 0.265 0.02710983193 2
0 0.685 0.275 0.02720998387 2
0 0.685 0.285 0.02687699762 2
0 0.685 0.295 0.02609315098 2
0 0.685 0.305 0.02485444255 2
0 0.685 0.315 0.02316457416 2
0 0.685 0.325 0.0210369592 2
0 0.685 0.335 0.01849368798 2
0 0.685 0.345 0.01556422799 2
0 0.685 0.355 0.01228399369 2
0 0.685 0.365 0.008693122697 2
0 0.685 0.375 0.004835525037 2
0 0.685 0.385 0.0007581297655 2
0 0.685 0.395 -0.003489607816 2
0 0.685 0.405 -0.007856416256 2
0 0.685 0.415 -0.01228871576 2
0 0.685 0.425 -0.01673329773 2
0 0.685 0.435 -0.02112848162 2
0 0.685 0.445 -0.02543097389 2
0 0.685 0.455 -0.02951725237 2
0 0.685 0.465 -0.03351027643 2
0 0.685 0.475 -0.03622449652 2
0 0.685 0.485 -0.0406061925 2
0 0.685 0.495 -0.03675882618 2
0 0.685 0.505 -0.02442706256 2
0 0.685 0.515 -0.009780572587 2
0 0.685 0.525 0 2
0 0.685 0.535 0 2
0 0.685 0.545 0 2
0 0.685 0.555 0 2
0 0.685 0.565 0 2
0 0.695 -0.555 0 2
0 0.695 -0.545 0 2
0 0.695 -0.535 0 2
0 0.695 -0.525 0 2
0 0.695 -0.515 -0.01101579517 2
0 0.695 -0.505 -0.02703003028 2
0 0.695 -0.495 -0.04008824118 2
0 0.695 -0.485 -0.04338831385 2
0 0.695 -0.475 -0.03781822107 2
0 0.695 -0.465 -0.03474675933 2
0 0.695 -0.455 -0.03053097008 2
0 0.695 -0.445 -0.02641348799 2
0 0.695 -0.435 -0.02205152698 2
0 0.695 -0.425 -0.01762069644 2
0 0.695 -0.415 -0.01313035623 2
0 0.695 -0.405 -0.008645595158 2
0 0.695 -0.395 -0.004214300971 2
0 0.695 -0.385 0.0001099841081 2
0 0.695 -0.375 0.004276442865 2
0 0.695 -0.365 0.00823527191 2
0 0.695 -0.355 0.01193927981 2
0 0.695 -0.345 0.01534439138 2
0 0.695 -0.335 0.01841044336 2
0 0.695 -0.325 0.02110177607 2
0 0.695 -0.315 0.02338775051 2
0 0.695 -0.305 0.02524313077 2
0 0.695 -0.295 0.02664834905 2
0 0.695 -0.285 0.02758965806 2
0 0.695 -0.275 0.02805918772 2
0 0.695 -0.265 0.0280549206 2
0 0.695 -0.255 0.0275806024 2
0 0.695 -0.245 0.02664560154 2
0 0.695 -0.235 0.02526474519 2
0 0.695 -0.225 0.02345815582 2
0 0.695 -0.215 0.02125095716 2
0 0.695 -0.205 0.01867330287 2
0 0.695 -0.195 0.0157599101 2
0 0.695 -0.185 0.01255015923 2
0 0.695 -0.175 0.009087762042 2
0 0.695 -0.165 0.005422477924 2
0 0.695 -0.155 0.001609260264 2
0 0.695 -0.145 -0.00229216127 2
0 0.695 -0.135 -0.006221475791 2
0 0.695 -0.125 -0.01012163268 2
0 0.695 -0.115 -0.01394535196 2
0 0.695 -0.105 -0.01765422979 2
0 0.695 -0.095 -0.02121942376 2
0 0.695 -0.085 -0.02461751944 2
0 0.695 -0.075 -0.02782742378 2
0 0.695 -0.065 -0.0308283435 2
0 0.695 -0.055 -0.03358816947 2
0 0.695 -0.045 -0.03605548731 2
0 0.695 -0.035 -0.03816507273 2
0 0.695 -0.025 -0.0398412742 2
0 0.695 -0.015 -0.04102425973 2
0 0.695 -0.005 -0.04168244912 2
0 0.695 0.005 -0.04181268896 2
0 0.695 0.015 -0.04143801005 2
0 0.695 0.025 -0.04059249785 2
0 0.695 0.035 -0.03931341982 2
0 0.695 0.045 -0.03763663279 2
0 0.695 0.055 -0.03559978206 2
0 0.695 0.065 -0.03324132896 2
0 0.695 0.075 -0.03060972463 2
0 0.695 0.085 -0.02774376251 2
0 0.695 0.095 -0.02475020891 2
0 0.695 0.105 -0.02158439294 2
0 0.695 0.115 -0.01809082495 2
0 0.695 0.125 -0.01406966662 2
0 0.695 0.135 -0.009829469168 2
0 0.695 0.145 -0.005855455924 1
0 0.695 0.155 -0.002385869206 1
0 0.695 0.165 0.0008414825775 1
0 0.695 0.175 0.004272301234 1
0 0.695 0.185 0.00806083086 2
0 0.695 0.195 0.01215085879 2
0 0.695 0.205 0.01614403071 2
0 0.695 0.215 0.01958810374 2
0 0.695 0.225 0.02222285483 2
0 0.695 0.235 0.02417919521 2
0 0.695 0.245 0.0256001532 2
0 0.695 0.255 0.02657047801 2
0 0.695 0.265 0.02712619776 2
0 0.695 0.275 0.02723380124 2
0 0.695 0.285 0.0268934984 2
0 0.695 0.295 0.02609567184 2
0 0.695 0.305 0.02484152856 2
0 0.695 0.315 0.02313783651 2
0 0.695 0.325 0.02099938401 2
0 0.695 0.335 0.01844825019 2
0 0.695 0.345 0.01551323583 2
0 0.695 0.355 0.01222892755 2
0 0.695 0.365 0.008634779291 2
0 0.695 0.375 0.004774295796 2
0 0.695 0.385 0.0006942903195 2
0 0.695 0.395 -0.003555568451 2
0 0.695 0.405 -0.007923628229 2
0 0.695 0.415 -0.01235523501 2
0 0.695 0.425 -0.01679704306 2
0 0.695 0.435 -0.0211826208 2
0 0.695 0.445 -0.02547724411 2
0 0.695 0.455 -0.02952037933 2
0 0.695 0.465 -0.03353869783 2
0 0.695 0.475 -0.03638065435 2
0 0.695 0.485 -0.04136788057 2
0 0.695 0.495 -0.03794187518 2
0 0.695 0.505 -0.02546588499 2
0 0.695 0.515 -0.01030432861 2
0 0.695 0.525 0 2
0 0.695 0.535 0 2
0 0.695 0.545 0 2
0 0.695 0.555 0 2
0 0.695 0.565 0 2
0 0.705 -0.555 0 2
0 0.705 -0.545 0 2
0 0.705 -0.535 0 2
0 0.705 -0.525 0 2
0 0.705 -0.515 -0.01104812536 2
0 0.705 -0.505 -0.02710945466 2
0 0.705 -0.495 -0.04019924295 2
0 0.705 -0.485 -0.04350027429 2
0 0.705 -0.475 -0.03790107991 2
0 0.705 -0.465 -0.03480993735 2
0 0.705 -0.455 -0.0305716649 2
0 0.705 -0.445 -0.02643369927 2
0 0.705 -0.435 -0.02205255899 2
0 0.705 -0.425 -0.01760486912 2
0 0.705 -0.415 -0.01310028016 2
0 0.705 -0.405 -0.008604170325 2
0 0.705 -0.395 -0.004164444686 2
0 0.705 -0.385 0.0001655222635 2
0 0.705 -0.375 0.004335260644 2
0 0.705 -0.365 0.008295430242 2
0 0.705 -0.355 0.01199935038 2
0 0.705 -0.345 0.01540342788 2
0 0.705 -0.335 0.01846788399 2
0 0.705 -0.325 0.02115729568 2
0 0.705 -0.315 0.02344108727 2
0 0.705 -0.305 0.02529391485 2
0 0.705 -0.295 0.02669595826 2
0 0.705 -0.285 0.02763311936 2
0 0.705 -0.275 0.02809713578 2
0 0.705 -0.265 0.02808561862 2
0 0.705 -0.255 0.02760202487 2
0 0.705 -0.245 0.02665557399 2
0 0.705 -0.235 0.02526111672 2
0 0.705 -0.225 0.02343898964 2
0 0.705 -0.215 0.02121480065 2
0 0.705 -0.205 0.01861921975 2
0 0.705 -0.195 0.0156877305 2
0 0.705 -0.185 0.01246062791 2
0 0.705 -0.175 0.008982796566 2
0 0.705 -0.165 0.005303912481 2
0 0.705 -0.155 0.00147752884 2
0 0.705 -0.145 -0.002440156016 2
0 0.705 -0.135 -0.006393160388 2
0 0.705 -0.125 -0.01032809677 2
0 0.705 -0.115 -0.01419678229 2
0 0.705 -0.105 -0.01795642866 2
0 0.705 -0.095 -0.02157010101 2
0 0.705 -0.085 -0.02500483742 2
0 0.705 -0.075 -0.02822925368 2
0 0.705 -0.065 -0.03121063981 2
0 0.705 -0.055 -0.03391028764 2
0 0.705 -0.045 -0.03628217937 2
0 0.705 -0.035 -0.03827661979 2
0 0.705 -0.025 -0.03984386165 2
0 0.705 -0.015 -0.04094481976 2
0 0.705 -0.005 -0.04155712606 2
0 0.705 0.005 -0.04167676475 2
0 0.705 0.015 -0.04131687572 2
0 0.705 0.025 -0.04050082706 2
0 0.705 0.035 -0.03925793462 2
0 0.705 0.045 -0.03762006502 2
0 0.705 0.055 -0.03562181763 2
0 0.705 0.065 -0.033299208 2
0 0.705 0.075 -0.03069579322 2
0 0.705 0.085 -0.02785040088 2
0 0.705 0.095 -0.02483103824 2
0 0.705 0.105 -0.02166893563 2
0 0.705 0.115 -0.01827804713 2
0 0.705 0.125 -0.01449767309 2
0 0.705 0.135 -0.01046365787 2
0 0.705 0.145 -0.006489243684 2
0 0.705 0.155 -0.002717818999 2
0 0.705 0.165 0.0009208915919 2
0 0.705 0.175 0.004695585719 2
0 0.705 0.185 0.008648221856 2
0 0.705 0.195 0.01268580974 2
0 0.705 0.205 0.01642797175 2
0 0.705 0.215 0.01955169134 2
0 0.705 0.225 0.02203695772 2
0 0.705 0.235 0.02399963138 2
0 0.705 0.245 0.02548855749 2
0 0.705 0.255 0.02652421656 2
0 0.705 0.265 0.02710691096 2
0 0.705 0.275 0.02722942201 2
0 0.705 0.285 0.02689097013 2
0 0.705 0.295 0.02608858959 2
0 0.705 0.305 0.0248267361 2
0 0.705 0.315 0.02311484509 2
0 0.705 0.325 0.0209691562 2
0 0.705 0.335 0.01841227825 2
0 0.705 0.345 0.01547295344 2
0 0.705 0.355 0.01218542766 2
0 0.705 0.365 0.008588767811 2
0 0.705 0.375 0.004726185809 2
0 0.705 0.385 0.0006443397918 2
0 0.705 0.395 -0.003607071157 2
0 0.705 0.405 -0.007976342932 2
0 0.705 0.415 -0.01240838354 2
0 0.705 0.425 -0.01685054674 2
0 0.705 0.435 -0.02123437547 2
0 0.705 0.445 -0.02553424492 2
0 0.705 0.455 -0.02957562719 2
0 0.705 0.465 -0.03365114859 2
0 0.705 0.475 -0.03658728116 2
0 0.705 0.485 -0.04187986355 2
0 0.705 0.495 -0.0386244059 2
0 0.705 0.505 -0.02602988042 2
0 0.705 0.515 -0.01058121351 2
0 0.705 0.525 0 2
0 0.705 0.535 0 2
0 0.705 0.545 0 2
0 0.705 0.555 0 2
0 0.705 0.565 0 2
0 0.715 -0.555 0 2
0 0.715 -0.545 0 2
0 0.715 -0.535 0 2
0 0.715 -0.525 0 2
0 0.715 -0.515 -0.01107426573 2
0 0.715 -0.505 -0.02717396626 2
0 0.715 -0.495 -0.04028698923 2
0 0.715 -0.485 -0.04358633896 2
0 0.715 -0.475 -0.03795999992 2
0 0.715 -0.465 -0.03485069843 2
0 0.715 -0.455 -0.03059241767 2
0 0.715 -0.445 -0.02643665335 2
0 0.715 -0.435 -0.02203918171 2
0 0.715 -0.425 -0.0175773964 2
0 0.715 -0.415 -0.01306110968 2
0 0.715 -0.405 -0.008555886317 2
0 0.715 -0.395 -0.004109608421 2
0 0.715 -0.385 0.0002245096847 2
0 0.715 -0.375 0.004396295497 2
0 0.715 -0.365 0.00835679579 2
0 0.715 -0.355 0.01205975623 2
0 0.715 -0.345 0.01546199136 2
0 0.715 -0.335 0.01852405815 2
0 0.715 -0.325 0.02121075564 2
0 0.715 -0.315 0.02349159268 2
0 0.715 -0.305 0.02534116915 2
0 0.715 -0.295 0.02673948499 2
0 0.715 -0.285 0.02767217225 2
0 0.715 -0.275 0.0281306543 2
0 0.715 -0.265 0.02811223479 2
0 0.715 -0.255 0.02762012029 2
0 0.715 -0.245 0.02666338267 2
0 0.715 -0.235 0.02525686148 2
0 0.715 -0.225 0.02342102167 2
0 0.715 -0.215 0.02118175853 2
0 0.715 -0.205 0.01857018315 2
0 0.715 -0.195 0.01562235444 2
0 0.715 -0.185 0.01237905887 2
0 0.715 -0.175 0.008885456114 2
0 0.715 -0.165 0.00519067266 2
0 0.715 -0.155 0.001346888481 2
0 0.715 -0.145 -0.002591818146 2
0 0.715 -0.135 -0.006571210842 2
0 0.715 -0.125 -0.01053847046 2
0 0.715 -0.115 -0.01444364768 2
0 0.715 -0.105 -0.01824025796 2
0 0.715 -0.095 -0.02188553204 2
0 0.715 -0.085 -0.02533948706 2
0 0.715 -0.075 -0.02856360789 2
0 0.715 -0.065 -0.03151935408 2
0 0.715 -0.055 -0.03416668449 2
0 0.715 -0.045 -0.03646436815 2
0 0.715 -0.035 -0.03837239464 2
0 0.715 -0.025 -0.03985493694 2
0 0.715 -0.015 -0.04088526139 2
0 0.715 -0.005 -0.04144858042 2
0 0.715 0.005 -0.04154290463 2
0 0.715 0.015 -0.04117825391 2
0 0.715 0.025 -0.04037336874 2
0 0.715 0.035 -0.03915279855 2
0 0.715 0.045 -0.03754427065 2
0 0.715 0.055 -0.03557801346 2
0 0.715 0.065 -0.03328593983 2
0 0.715 0.075 -0.03070455807 2
0 0.715 0.085 -0.02787094058 2
0 0.715 0.095 -0.02482526246 2
0 0.715 0.105 -0.02163131288 2
0 0.715 0.115 -0.01823839123 2
0 0.715 0.125 -0.0145952488 2
0 0.715 0.135 -0.0107320053 2
0 0.715 0.145 -0.00679331435 2
0 0.715 0.155 -0.002869324966 2
0 0.715 0.165 0.001048038118 2
0 0.715 0.175 0.005045051559 2
0 0.715 0.185 0.009094189637 2
0 0.715 0.195 0.01297403665 2
0 0.715 0.205 0.01645105195 2
0 0.715 0.215 0.01940289853 2
0 0.715 0.225 0.02184715015 2
0 0.715 0.235 0.02383998834 2
0 0.715 0.245 0.02538055712 2
0 0.715 0.255 0.02645864755 2
0 0.715 0.265 0.02706735287 2
0 0.715 0.275 0.02720604007 2
0 0.715 0.285 0.02687395264 2
0 0.715 0.295 0.02607245114 2
0 0.715 0.305 0.0248081072 2
0 0.715 0.315 0.0230924295 2
0 0.715 0.325 0.02094289328 2
0 0.715 0.335 0.01838276399 2
0 0.715 0.345 0.01544097644 2
0 0.715 0.355 0.01215169282 2
0 0.715 0.365 0.008553773857 2
0 0.715 0.375 0.004690211645 2
0 0.715 0.385 0.0006074717927 2
0 0.715 0.395 -0.003644874258 2
0 0.715 0.405 -0.008015335327 2
0 0.715 0.415 -0.01244890135 2
0 0.715 0.425 -0.01689404823 2
0 0.715 0.435 -0.02128213978 2
0 0.715 0.445 -0.02559440372 2
0 0.715 0.455 -0.02965360302 2
0 0.715 0.465 -0.0337845094 2
0 0.715 0.475 -0.03678892515 2
0 0.715 0.485 -0.04225002489 2
0 0.715 0.495 -0.03905013278 2
0 0.715 0.505 -0.02636095277 2
0 0.715 0.515 -0.01073447004 2
0 0.715 0.525 0 2
0 0.715 0.535 0 2
0 0.715 0.545 0 2
0 0.715 0.555 0 2
0 0.715 0.565 0 2
0 0.725 -0.555 0 2
0 0.725 -0.545 0 2
0 0.725 -0.535 0 2
0 0.725 -0.525 0 2
0 0.725 -0.515 -0.01109388784 2
0 0.725 -0.505 -0.02722265433 2
0 0.725 -0.495 -0.04035019518 2
0 0.725 -0.485 -0.04364498418 2
0 0.725 -0.475 -0.03799346722 2
0 0.725 -0.465 -0.03486726875 2
0 0.725 -0.455 -0.0305911702 2
0 0.725 -0.445 -0.02641999306 2
0 0.725 -0.435 -0.02200880606 2
0 0.725 -0.425 -0.01753557068 2
0 0.725 -0.415 -0.01301016987 2
0 0.725 -0.405 -0.008498268582 2
0 0.725 -0.395 -0.004047681484 2
0 0.725 -0.385 0.0002885557476 2
0 0.725 -0.375 0.004460563511 2
0 0.725 -0.365 0.008419758794 2
0 0.725 -0.355 0.01212029401 2
0 0.725 -0.345 0.01551937771 2
0 0.725 -0.335 0.01857790072 2
0 0.725 -0.325 0.02126089641 2
0 0.725 -0.315 0.02353798314 2
0 0.725 -0.305 0.02538373822 2
0 0.725 -0.295 0.02677801807 2
0 0.725 -0.285 0.02770621811 2
0 0.725 -0.275 0.02815947177 2
0 0.725 -0.265 0.02813478562 2
0 0.725 -0.255 0.02763510786 2
0 0.725 -0.245 0.02666932945 2
0 0.725 -0.235 0.02525221683 2
0 0.725 -0.225 0.02340427984 2
0 0.725 -0.215 0.02115157557 2
0 0.725 -0.205 0.01852546435 2
0 0.725 -0.195 0.01556230472 2
0 0.725 -0.185 0.01230310566 2
0 0.725 -0.175 0.008793058822 2
0 0.725 -0.165 0.005080950343 2
0 0.725 -0.155 0.001218299524 2
0 0.725 -0.145 -0.002741667507 2
0 0.725 -0.135 -0.006745240884 2
0 0.725 -0.125 -0.01073934811 2
0 0.725 -0.115 -0.01467252772 2
0 0.725 -0.105 -0.01849546828 2
0 0.725 -0.095 -0.02216124943 2
0 0.725 -0.085 -0.02562504811 2
0 0.725 -0.075 -0.02884365576 2
0 0.725 -0.065 -0.03177507743 2
0 0.725 -0.055 -0.03437859077 2
0 0.725 -0.045 -0.03661576871 2
0 0.725 -0.035 -0.0384525531 2
0 0.725 -0.025 -0.03986147031 2
0 0.725 -0.015 -0.0408241285 2
0 0.725 -0.005 -0.0413325188 2
0 0.725 0.005 -0.04138892312 2
0 0.725 0.015 -0.04100469191 2
0 0.725 0.025 -0.04019765875 2
0 0.725 0.035 -0.03898973913 2
0 0.725 0.045 -0.03740488132 2
0 0.725 0.055 -0.03546835161 2
0 0.725 0.065 -0.0332065262 2
0 0.725 0.075 -0.03064789459 2
0 0.725 0.085 -0.02782432671 2
0 0.725 0.095 -0.02476196759 2
0 0.725 0.105 -0.02151702683 2
0 0.725 0.115 -0.01808351957 2
0 0.725 0.125 -0.01447670371 2
0 0.725 0.135 -0.01069181808 2
0 0.725 0.145 -0.006767024031 2
0 0.725 0.155 -0.002749300436 2
0 0.725 0.165 0.001319349423 2
0 0.725 0.175 0.005370575075 2
0 0.725 0.185 0.009328343246 2
0 0.725 0.195 0.01301442558 2
0 0.725 0.205 0.0163384813 2
0 0.725 0.215 0.01923791558 2
0 0.725 0.225 0.02169165408 2
0 0.725 0.235 0.02371618137 2
0 0.725 0.245 0.02528637662 2
0 0.725 0.255 0.02638863538 2
0 0.725 0.265 0.02701792661 2
0 0.725 0.275 0.02717064089 2
0 0.725 0.285 0.0268463706 2
0 0.725 0.295 0.02604849833 2
0 0.725 0.305 0.02478499476 2
0 0.725 0.315 0.02306880749 2
0 0.725 0.325 0.02091835371 2
0 0.725 0.335 0.01835748254 2
0 0.725 0.345 0.01541536989 2
0 0.725 0.355 0.01212618614 2
0 0.725 0.365 0.008528660055 2
0 0.725 0.375 0.004665587285 2
0 0.725 0.385 0.000583200144 2
0 0.725 0.395 -0.003669181536 2
0 0.725 0.405 -0.008040464113 2
0 0.725 0.415 -0.01247609265 2
0 0.725 0.425 -0.01692583713 2
0 0.725 0.435 -0.02132211742 2
0 0.725 0.445 -0.02565098096 2
0 0.725 0.455 -0.02973739588 2
0 0.725 0.465 -0.03391917131 2
0 0.725 0.475 -0.03697695849 2
0 0.725 0.485 -0.04253119917 2
0 0.725 0.495 -0.03934419389 2
0 0.725 0.505 -0.02657482227 2
0 0.725 0.515 -0.010826464 2
0 0.725 0.525 0 2
0 0.725 0.535 0 2
0 0.725 0.545 0 2
0 0.725 0.555 0 2
0 0.725 0.565 0 2
0 0.735 -0.555 0 2
0 0.735 -0.545 0 2
0 0.735 -0.535 0 2
0 0.735 -0.525 0 2
0 0.735 -0.515 -0.01110649513 2
0 0.735 -0.505 -0.02725420979 2
0 0.735 -0.495 -0.04038696522 2
0 0.735 -0.485 -0.04367404422 2
0 0.735 -0.475 -0.03799944259 2
0 0.735 -0.465 -0.0348574725 2
0 0.735 -0.455 -0.03056561214 2
0 0.735 -0.445 -0.02638125089 2
0 0.735 -0.435 -0.02195885598 2
0 0.735 -0.425 -0.0174767905 2
0 0.735 -0.415 -0.0129449504 2
0 0.735 -0.405 -0.008429030663 2
0 0.735 -0.395 -0.003976734065 2
0 0.735 -0.385 0.0003591190051 2
0 0.735 -0.375 0.004528972318 2
0 0.735 -0.365 0.008484644366 2
0 0.735 -0.355 0.01218072954 2
0 0.735 -0.345 0.01557487049 2
0 0.735 -0.335 0.01862833462 2
0 0.735 -0.325 0.02130643056 2
0 0.735 -0.315 0.02357892012 2
0 0.735 -0.305 0.02542037988 2
0 0.735 -0.295 0.0268105295 2
0 0.735 -0.285 0.02773451825 2
0 0.735 -0.275 0.02818316472 2
0 0.735 -0.265 0.02815313973 2
0 0.735 -0.255 0.02764708223 2
0 0.735 -0.245 0.02667364023 2
0 0.735 -0.235 0.02524743131 2
0 0.735 -0.225 0.02338892252 2
0 0.735 -0.215 0.02112423002 2
0 0.735 -0.205 0.0184848451 2
0 0.735 -0.195 0.01550728266 2
0 0.735 -0.185 0.01223265331 2
0 0.735 -0.175 0.008706129492 2
0 0.735 -0.165 0.004976302964 2
0 0.735 -0.155 0.001094395525 2
0 0.735 -0.145 -0.002886621916 2
0 0.735 -0.135 -0.006912972288 2
0 0.735 -0.125 -0.0109309396 2
0 0.735 -0.115 -0.01488760762 2
0 0.735 -0.105 -0.01873134193 2
0 0.735 -0.095 -0.02241207897 2
0 0.735 -0.085 -0.02588137984 2
0 0.735 -0.075 -0.02909254575 2
0 0.735 -0.065 -0.03200092856 2
0 0.735 -0.055 -0.0345648632 2
0 0.735 -0.045 -0.03674714088 2
0 0.735 -0.035 -0.03851724364 2
0 0.735 -0.025 -0.03985329218 2
0 0.735 -0.015 -0.04074371996 2
0 0.735 -0.005 -0.04118756203 2
0 0.735 0.005 -0.04119318757 2
0 0.735 0.015 -0.04077629657 2
0 0.735 0.025 -0.03995664222 2
0 0.735 0.035 -0.03875549325 2
0 0.735 0.045 -0.03719362753 2
0 0.735 0.055 -0.03529071324 2
0 0.735 0.065 -0.03306603939 2
0 0.735 0.075 -0.03053951548 2
0 0.735 0.085 -0.02773491441 2
0 0.735 0.095 -0.02467516997 2
0 0.735 0.105 -0.02139571198 2
0 0.735 0.115 -0.01791471289 2
0 0.735 0.125 -0.01425839902 2
0 0.735 0.135 -0.01044294562 2
0 0.735 0.145 -0.006501963797 2
0 0.735 0.155 -0.00247926378 2
0 0.735 0.165 0.001568166395 2
0 0.735 0.175 0.00555339204 2
0 0.735 0.185 0.009392901403 2
0 0.735 0.195 0.01297679077 2
0 0.735 0.205 0.01623466086 2
0 0.735 0.215 0.01911306542 2
0 0.735 0.225 0.02157991896 2
0 0.735 0.235 0.023618369 2
0 0.735 0.245 0.02520239219 2
0 0.735 0.255 0.02632096737 2
0 0.735 0.265 0.0269644617 2
0 0.735 0.275 0.02712794909 2
0 0.735 0.285 0.0268110417 2
0 0.735 0.295 0.02601782832 2
0 0.735 0.305 0.02475713562 2
0 0.735 0.315 0.02304281251 2
0 0.735 0.325 0.0208939233 2
0 0.735 0.335 0.01833473422 2
0 0.735 0.345 0.01539459422 2
0 0.735 0.355 0.01210766409 2
0 0.735 0.365 0.008512536638 2
0 0.735 0.375 0.004651796094 2
0 0.735 0.385 0.0005714040725 2
0 0.735 0.395 -0.003679646157 2
0 0.735 0.405 -0.008050739365 2
0 0.735 0.415 -0.01248793437 2
0 0.735 0.425 -0.01694217957 2
0 0.735 0.435 -0.02134716394 2
0 0.735 0.445 -0.02569187594 2
0 0.735 0.455 -0.02980205976 2
0 0.735 0.465 -0.03402101254 2
0 0.735 0.475 -0.03711887953 2
0 0.735 0.485 -0.04273260475 2
0 0.735 0.495 -0.03954956385 2
0 0.735 0.505 -0.02672073979 2
0 0.735 0.515 -0.01088711431 2
0 0.735 0.525 0 2
0 0.735 0.535 0 2
0 0.735 0.545 0 2
0 0.735 0.555 0 2
0 0.735 0.565 0 2
0 0.745 -0.555 0 2
0 0.745 -0.545 0 2
0 0.745 -0.535 0 2
0 0.745 -0.525 0 2
0 0.745 -0.515 -0.0111114609 2
0 0.745 -0.505 -0.02726701019 2
0 0.745 -0.495 -0.04039492728 2
0 0.745 -0.485 -0.0436708463 2
0 0.745 -0.475 -0.0379754628 2
0 0.745 -0.465 -0.03481878925 2
0 0.745 -0.455 -0.03051318633 2
0 0.745 -0.445 -0.02631780405 2
0 0.745 -0.435 -0.02188667971 2
0 0.745 -0.425 -0.01739843893 2
0 0.745 -0.415 -0.01286296578 2
0 0.745 -0.405 -0.00834593366 2
0 0.745 -0.395 -0.003894894954 2
0 0.745 -0.385 0.000437592882 2
0 0.745 -0.375 0.004602355602 2
0 0.745 -0.365 0.008551687941 2
0 0.745 -0.355 0.01224071511 2
0 0.745 -0.345 0.01562761015 2
0 0.745 -0.335 0.01867410939 2
0 0.745 -0.325 0.02134587274 2
0 0.745 -0.315 0.02361285365 2
0 0.745 -0.305 0.0254496415 2
0 0.745 -0.295 0.02683579691 2
0 0.745 -0.285 0.02775616925 2
0 0.745 -0.275 0.02820118568 2
0 0.745 -0.265 0.02816709171 2
0 0.745 -0.255 0.02765612315 2
0 0.745 -0.245 0.02667659302 2
0 0.745 -0.235 0.02524288226 2
0 0.745 -0.225 0.02337533093 2
0 0.745 -0.215 0.02110003061 2
0 0.745 -0.205 0.01844852363 2
0 0.745 -0.195 0.01545741185 2
0 0.745 -0.185 0.01216787929 2
0 0.745 -0.175 0.008625123223 2
0 0.745 -0.165 0.004877700216 2
0 0.745 -0.155 0.0009767888484 2
0 0.745 -0.145 -0.003024590673 2
0 0.745 -0.135 -0.007072363538 2
0 0.745 -0.125 -0.01111211223 2
0 0.745 -0.115 -0.01508968168 2
0 0.745 -0.105 -0.01895159249 2
0 0.745 -0.095 -0.02264535606 2
0 0.745 -0.085 -0.02611963329 2
0 0.745 -0.075 -0.02932468571 2
0 0.745 -0.065 -0.03221297601 2
0 0.745 -0.055 -0.03474080214 2
0 0.745 -0.045 -0.03687021673 2
0 0.745 -0.035 -0.03857220486 2
0 0.745 -0.025 -0.03982878648 2
0 0.745 -0.015 -0.04063494681 2
0 0.745 -0.005 -0.0409982315 2
0 0.745 0.005 -0.04093579502 2
0 0.745 0.015 -0.04047136019 2
0 0.745 0.025 -0.0396295094 2
0 0.745 0.035 -0.03843265611 2
0 0.745 0.045 -0.03689868745 2
0 0.745 0.055 -0.03504054441 2
0 0.745 0.065 -0.03286828551 2
0 0.745 0.075 -0.03039146068 2
0 0.745 0.085 -0.02762307193 2
0 0.745 0.095 -0.02458025299 2
0 0.745 0.105 -0.02128655231 2
0 0.745 0.115 -0.01776896478 2
0 0.745 0.125 -0.01406329053 2
0 0.745 0.135 -0.01020716584 2
0 0.745 0.145 -0.006247928128 2
0 0.745 0.155 -0.002238851132 2
0 0.745 0.165 0.001758624209 2
0 0.745 0.175 0.005671809259 2
0 0.745 0.185 0.009427388477 2
0 0.745 0.195 0.01294781771 2
0 0.745 0.205 0.01616716295 2
0 0.745 0.215 0.01903107858 2
0 0.745 0.225 0.02149784839 2
0 0.745 0.235 0.02353805564 2
0 0.745 0.245 0.02512986211 2
0 0.745 0.255 0.02625749156 2
0 0.745 0.265 0.02690956817 2
0 0.745 0.275 0.02708044936 2
0 0.745 0.285 0.02676947521 2
0 0.745 0.295 0.02598093414 2
0 0.745 0.305 0.02472412925 2
0 0.745 0.315 0.02301342104 2
0 0.745 0.325 0.02086825593 2
0 0.745 0.335 0.01831311679 2
0 0.745 0.345 0.01537739145 2
0 0.745 0.355 0.01209514114 2
0 0.745 0.365 0.008504762976 2
0 0.745 0.375 0.004648587938 2
0 0.745 0.385 0.000572277858 2
0 0.745 0.395 -0.00367552627 2
0 0.745 0.405 -0.008044682758 2
0 0.745 0.415 -0.01248186357 2
0 0.745 0.425 -0.01693897783 2
0 0.745 0.435 -0.02135078462 2
0 0.745 0.445 -0.0257079998 2
0 0.745 0.455 -0.02983658947 2
0 0.745 0.465 -0.03408197268 2
0 0.745 0.475 -0.03720711035 2
0 0.745 0.485 -0.0428608709 2
0 0.745 0.495 -0.03968082727 2
0 0.745 0.505 -0.02681537425 2
0 0.745 0.515 -0.01092600349 2
0 0.745 0.525 0 2
0 0.745 0.535 0 2
0 0.745 0.545 0 2
0 0.745 0.555 0 2
0 0.745 0.565 0 2
0 0.755 -0.555 0 2
0 0.755 -0.545 0 2
0 0.755 -0.535 0 2
0 0.755 -0.525 0 2
0 0.755 -0.515 -0.01110805389 2
0 0.755 -0.505 -0.02725917647 2
0 0.755 -0.495 -0.04037132592 2
0 0.755 -0.485 -0.04363230692 2
0 0.755 -0.475 -0.03791871799 2
0 0.755 -0.465 -0.03474840129 2
0 0.755 -0.455 -0.03043109795 2
0 0.755 -0.445 -0.02622684336 2
0 0.755 -0.435 -0.0217894802 2
0 0.755 -0.425 -0.01729778198 2
0 0.755 -0.415 -0.01276163192 2
0 0.755 -0.405 -0.008246655447 2
0 0.755 -0.395 -0.00380023096 2
0 0.755 -0.385 0.0005253971166 2
0 0.755 -0.375 0.004681518141 2
0 0.755 -0.365 0.008621021983 2
0 0.755 -0.355 0.01229971444 2
0 0.755 -0.345 0.015676464 2
0 0.755 -0.335 0.01871363265 2
0 0.755 -0.325 0.02137735554 2
0 0.755 -0.315 0.02363784818 2
0 0.755 -0.305 0.0254697186 2
0 0.755 -0.295 0.02685231113 2
0 0.755 -0.285 0.02777006699 2
0 0.755 -0.275 0.02821288199 2
0 0.755 -0.265 0.02817642629 2
0 0.755 -0.255 0.02766238976 2
0 0.755 -0.245 0.02667862657 2
0 0.755 -0.235 0.02523918109 2
0 0.755 -0.225 0.02336419038 2
0 0.755 -0.215 0.02107966633 2
0 0.755 -0.205 0.01841716681 2
0 0.755 -0.195 0.01541336672 2
0 0.755 -0.185 0.01210954105 2
0 0.755 -0.175 0.008550969893 2
0 0.755 -0.165 0.004786280601 2
0 0.755 -0.155 0.0008667431237 2
0 0.755 -0.145 -0.003154447352 2
0 0.755 -0.135 -0.007222869617 2
0 0.755 -0.125 -0.01128349245 2
0 0.755 -0.115 -0.01528120304 2
0 0.755 -0.105 -0.01916112516 2
0 0.755 -0.095 -0.02286892526 2
0 0.755 -0.085 -0.02635078882 2
0 0.755 -0.075 -0.02955398616 2
0 0.755 -0.065 -0.0324272235 2
0 0.755 -0.055 -0.03492337743 2
0 0.755 -0.045 -0.03700109569 2
0 0.755 -0.035 -0.03863012057 2
0 0.755 -0.025 -0.03979383815 2
0 0.755 -0.015 -0.04049381782 2
0 0.755 -0.005 -0.04074945728 2
0 0.755 0.005 -0.04059149304 2
0 0.755 0.015 -0.04005789713 2
0 0.755 0.025 -0.03918225816 2
0 0.755 0.035 -0.03799052402 2
0 0.755 0.045 -0.03649754214 2
0 0.755 0.055 -0.03470690797 2
0 0.755 0.065 -0.03261543233 2
0 0.755 0.075 -0.03021812603 2
0 0.755 0.085 -0.02751350242 2
0 0.755 0.095 -0.02450968003 2
0 0.755 0.105 -0.02122776045 2
0 0.755 0.115 -0.01770045853 2
0 0.755 0.125 -0.01397231675 2
0 0.755 0.135 -0.01009331052 2
0 0.755 0.145 -0.00611952151 2
0 0.755 0.155 -0.002110877821 2
0 0.755 0.165 0.001868194693 2
0 0.755 0.175 0.005749241703 2
0 0.755 0.185 0.009464129144 2
0 0.755 0.195 0.01294574967 2
0 0.755 0.205 0.01613427295 2
0 0.755 0.215 0.01897812403 2
0 0.755 0.225 0.02143527031 2
0 0.755 0.235 0.02347312907 2
0 0.755 0.245 0.0250666281 2
0 0.755 0.255 0.0261975679 2
0 0.755 0.265 0.02685372548 2
0 0.755 0.275 0.02702880807 2
0 0.755 0.285 0.02672192264 2
0 0.755 0.295 0.02593749942 2
0 0.755 0.305 0.02468512009 2
0 0.755 0.315 0.02297941553 2
0 0.755 0.325 0.02083998816 2
0 0.755 0.335 0.01829132382 2
0 0.755 0.345 0.01536266737 2
0 0.755 0.355 0.01208783422 2
0 0.755 0.365 0.008504921579 2
0 0.755 0.375 0.004655946134 2
0 0.755 0.385 0.0005862535588 2
0 0.755 0.395 -0.003655844482 2
0 0.755 0.405 -0.008020601777 2
0 0.755 0.415 -0.01245518576 2
0 0.755 0.425 -0.01691220055 2
0 0.755 0.435 -0.02132715118 2
0 0.755 0.445 -0.02569174162 2
0 0.755 0.455 -0.02983210317 2
0 0.755 0.465 -0.0340947045 2
0 0.755 0.475 -0.03723828124 2
0 0.755 0.485 -0.04291943783 2
0 0.755 0.495 -0.03974537841 2
0 0.755 0.505 -0.02686510733 2
0 0.755 0.515 -0.0109461998 2
0 0.755 0.525 0 2
0 0.755 0.535 0 2
0 0.755 0.545 0 2
0 0.755 0.555 0 2
0 0.755 0.565 0 2
0 0.765 -0.555 0 2
0 0.765 -0.545 0 2
0 0.765 -0.535 0 2
0 0.765 -0.525 0 2
0 0.765 -0.515 -0.01109545781 2
0 0.765 -0.505 -0.02722861617 2
0 0.765 -0.495 -0.040313095 2
0 0.765 -0.485 -0.04355500966 2
0 0.765 -0.475 -0.03782611824 2
0 0.765 -0.465 -0.03464323948 2
0 0.765 -0.455 -0.03031633107 2
0 0.765 -0.445 -0.02610535568 2
0 0.765 -0.435 -0.02166426127 2
0 0.765 -0.425 -0.01717187986 2
0 0.765 -0.415 -0.01263814833 2
0 0.765 -0.405 -0.008128655084 2
0 0.765 -0.395 -0.003690610761 2
0 0.765 -0.385 0.0006240924276 2
0 0.765 -0.375 0.004767305368 2
0 0.765 -0.365 0.008692680514 2
0 0.765 -0.355 0.01235693175 2
0 0.765 -0.345 0.01571988353 2
0 0.765 -0.335 0.01874477351 2
0 0.765 -0.325 0.02139840844 2
0 0.765 -0.315 0.02365137068 2
0 0.765 -0.305 0.02547828229 2
0 0.765 -0.295 0.02685816402 2
0 0.765 -0.285 0.02777486316 2
0 0.765 -0.275 0.02821751721 2
0 0.765 -0.265 0.02818099162 2
0 0.765 -0.255 0.02766622675 2
0 0.765 -0.245 0.02668045817 2
0 0.765 -0.235 0.02523728309 2
0 0.765 -0.225 0.02335657154 2
0 0.765 -0.215 0.0210642309 2
0 0.765 -0.205 0.01839184081 2
0 0.765 -0.195 0.01537617999 2
0 0.765 -0.185 0.0120586664 2
0 0.765 -0.175 0.008484731987 2
0 0.765 -0.165 0.004703153238 2
0 0.765 -0.155 0.0007653586017 2
0 0.765 -0.145 -0.00327525654 2
0 0.765 -0.135 -0.007363985705 2
0 0.765 -0.125 -0.01144537059 2
0 0.765 -0.115 -0.01546369673 2
0 0.765 -0.105 -0.01936318901 2
0 0.765 -0.095 -0.02308834079 2
0 0.765 -0.085 -0.02658331932 2
0 0.765 -0.075 -0.02979275178 2
0 0.765 -0.065 -0.03266027353 2
0 0.765 -0.055 -0.03513321568 2
0 0.765 -0.045 -0.03716169489 2
0 0.765 -0.035 -0.03871008479 2
0 0.765 -0.025 -0.03975992501 2
0 0.765 -0.015 -0.0403201758 2
0 0.765 -0.005 -0.04042824115 2
0 0.765 0.005 -0.0401360602 2
0 0.765 0.015 -0.0395066664 2
0 0.765 0.025 -0.03858628197 2
0 0.765 0.035 -0.03740439201 2
0 0.765 0.045 -0.0359711799 2
0 0.765 0.055 -0.03427900062 2
0 0.765 0.065 -0.03230807963 2
0 0.765 0.075 -0.03003246076 2
0 0.765 0.085 -0.02742834787 2
0 0.765 0.095 -0.02448989237 2
0 0.765 0.105 -0.0212352325 2
0 0.765 0.115 -0.01770406395 2
0 0.765 0.125 -0.01395438144 2
0 0.765 0.135 -0.01005005443 2
0 0.765 0.145 -0.006057486303 2
0 0.765 0.155 -0.002041778503 2
0 0.765 0.165 0.001930966237 2
0 0.765 0.175 0.005795013732 2
0 0.765 0.185 0.009486365996 2
0 0.765 0.195 0.01294378487 2
0 0.765 0.205 0.01611137954 2
0 0.765 0.215 0.01893974656 2
0 0.765 0.225 0.02138701985 2
0 0.765 0.235 0.02341925825 2
0 0.765 0.245 0.02500999961 2
0 0.765 0.255 0.02613992152 2
0 0.765 0.265 0.02679624775 2
0 0.765 0.275 0.02697237751 2
0 0.765 0.285 0.02666750237 2
0 0.765 0.295 0.02588629186 2
0 0.765 0.305 0.02463857813 2
0 0.765 0.315 0.02293913347 2
0 0.765 0.325 0.02080751871 2
0 0.765 0.335 0.01826798612 2
0 0.765 0.345 0.0153494002 2
0 0.765 0.355 0.01208512285 2
0 0.765 0.365 0.008512800454 2
0 0.765 0.375 0.004674056467 2
0 0.765 0.385 0.0006139196134 2
0 0.765 0.395 -0.003619556536 2
0 0.765 0.405 -0.007976879566 2
0 0.765 0.415 -0.01240552315 2
0 0.765 0.425 -0.01685852119 2
0 0.765 0.435 -0.02127188931 2
0 0.765 0.445 -0.02563796163 2
0 0.765 0.455 -0.02978318212 2
0 0.765 0.465 -0.03405466355 2
0 0.765 0.475 -0.03720961968 2
0 0.765 0.485 -0.04290818731 2
0 0.765 0.495 -0.03974486416 2
0 0.765 0.505 -0.02687154805 2
0 0.765 0.515 -0.01094857255 2
0 0.765 0.525 0 2
0 0.765 0.535 0 2
0 0.765 0.545 0 2
0 0.765 0.555 0 2
0 0.765 0.565 0 2
0 0.775 -0.555 0 2
0 0.775 -0.545 0 2
0 0.775 -0.535 0 2
0 0.775 -0.525 0 2
0 0.775 -0.515 -0.01107278867 2
0 0.775 -0.505 -0.02717306331 2
0 0.775 -0.495 -0.04021692411 2
0 0.775 -0.485 -0.04343527861 2
0 0.775 -0.475 -0.03769435979 2
0 0.775 -0.465 -0.03450003487 2
0 0.775 -0.455 -0.03016567707 2
0 0.775 -0.445 -0.02595012178 2
0 0.775 -0.435 -0.02150778798 2
0 0.775 -0.425 -0.01701750507 2
0 0.775 -0.415 -0.0124893735 2
0 0.775 -0.405 -0.007989013102 2
0 0.775 -0.395 -0.00356352882 2
0 0.775 -0.385 0.0007355423951 2
0 0.775 -0.375 0.004860713319 2
0 0.775 -0.365 0.008766621645 2
0 0.775 -0.355 0.01241122505 2
0 0.775 -0.345 0.01575570978 2
0 0.775 -0.335 0.01876458556 2
0 0.775 -0.325 0.02140564352 2
0 0.775 -0.315 0.02364999202 2
0 0.775 -0.305 0.02547224239 2
0 0.775 -0.295 0.02685090272 2
0 0.775 -0.285 0.0277689185 2
0 0.775 -0.275 0.02821431145 2
0 0.775 -0.265 0.02818080294 2
0 0.775 -0.255 0.02766830317 2
0 0.775 -0.245 0.02668323036 2
0 0.775 -0.235 0.0252386189 2
0 0.775 -0.225 0.02335402979 2
0 0.775 -0.215 0.02105528181 2
0 0.775 -0.205 0.01837403186 2
0 0.775 -0.195 0.01534724055 2
0 0.775 -0.185 0.01201655461 2
0 0.775 -0.175 0.008427638934 2
0 0.775 -0.165 0.004629483178 2
0 0.775 -0.155 0.0006737040647 2
0 0.775 -0.145 -0.003386130004 2
0 0.775 -0.135 -0.007495143275 2
0 0.775 -0.125 -0.01159768748 2
0 0.775 -0.115 -0.01563785515 2
0 0.775 -0.105 -0.0195595452 2
0 0.775 -0.095 -0.02330696015 2
0 0.775 -0.085 -0.02682295792 2
0 0.775 -0.075 -0.03005095564 2
0 0.775 -0.065 -0.03292800738 2
0 0.775 -0.055 -0.03539337168 2
0 0.775 -0.045 -0.03738078763 2
0 0.775 -0.035 -0.03885514263 2
0 0.775 -0.025 -0.03977541403 2
0 0.775 -0.015 -0.04014528667 2
0 0.775 -0.005 -0.04002487531 2
0 0.775 0.005 -0.03950210615 2
0 0.775 0.015 -0.03871701951 2
0 0.775 0.025 -0.03773336937 2
0 0.775 0.035 -0.03657552293 2
0 0.775 0.045 -0.03524449399 2
0 0.775 0.055 -0.0337111736 2
0 0.775 0.065 -0.03194380507 2
0 0.775 0.075 -0.02988047184 2
0 0.775 0.085 -0.02743580468 2
0 0.775 0.095 -0.02458337906 2
0 0.775 0.105 -0.02134974719 2
0 0.775 0.115 -0.01779969244 2
0 0.775 0.125 -0.0140211193 2
0 0.775 0.135 -0.01008156927 2
0 0.775 0.145 -0.006059888291 2
0 0.775 0.155 -0.002025684751 2
0 0.775 0.165 0.001953881659 2
0 0.775 0.175 0.005814871599 2
0 0.775 0.185 0.009496229787 2
0 0.775 0.195 0.01294043547 2
0 0.775 0.205 0.01609446568 2
0 0.775 0.215 0.01891081755 2
0 0.775 0.225 0.02134837334 2
0 0.775 0.235 0.02337301677 2
0 0.775 0.245 0.02495780995 2
0 0.775 0.255 0.02608298826 2
0 0.775 0.265 0.02673568388 2
0 0.775 0.275 0.02690955635 2
0 0.775 0.285 0.02660429103 2
0 0.775 0.295 0.02582507367 2
0 0.775 0.305 0.02458210753 2
0 0.775 0.315 0.02289025355 2
0 0.775 0.325 0.0207688313 2
0 0.775 0.335 0.01824156166 2
0 0.775 0.345 0.01533660081 2
0 0.775 0.355 0.01208656057 2
0 0.775 0.365 0.008528423653 2
0 0.775 0.375 0.004703320281 2
0 0.775 0.385 0.0006559832707 2
0 0.775 0.395 -0.003565661813 2
0 0.775 0.405 -0.007912158401 2
0 0.775 0.415 -0.01233102403 2
0 0.775 0.425 -0.01677543752 2
0 0.775 0.435 -0.02118173698 2
0 0.775 0.445 -0.02554272155 2
0 0.775 0.455 -0.02968551324 2
0 0.775 0.465 -0.03395767163 2
0 0.775 0.475 -0.03711755282 2
0 0.775 0.485 -0.04282420484 2
0 0.775 0.495 -0.03967731301 2
0 0.775 0.505 -0.02683351326 2
0 0.775 0.515 -0.01093276782 2
0 0.775 0.525 0 2
0 0.775 0.535 0 2
0 0.775 0.545 0 2
0 0.775 0.555 0 2
0 0.775 0.565 0 2
0 0.785 -0.555 0 2
0 0.785 -0.545 0 2
0 0.785 -0.535 0 2
0 0.785 -0.525 0 2
0 0.785 -0.515 -0.01103911298 2
0 0.785 -0.505 -0.02709012215 2
0 0.785 -0.495 -0.04007932884 2
0 0.785 -0.485 -0.04326925788 2
0 0.785 -0.475 -0.03751999914 2
0 0.785 -0.465 -0.03431538432 2
0 0.785 -0.455 -0.02997578265 2
0 0.785 -0.445 -0.02575773684 2
0 0.785 -0.435 -0.02131656698 2
0 0.785 -0.425 -0.01683106954 2
0 0.785 -0.415 -0.01231168935 2
0 0.785 -0.405 -0.007824233188 2
0 0.785 -0.395 -0.003415859444 2
0 0.785 -0.385 0.0008621718814 2
0 0.785 -0.375 0.004963105338 2
0 0.785 -0.365 0.008842839945 2
0 0.785 -0.355 0.01246106361 2
0 0.785 -0.345 0.01578096297 2
0 0.785 -0.335 0.01876895983 2
0 0.785 -0.325 0.02139434405 2
0 0.785 -0.315 0.02362899755 2
0 0.785 -0.305 0.02544744909 2
0 0.785 -0.295 0.02682736086 2
0 0.785 -0.285 0.02775026776 2
0 0.785 -0.275 0.02820251839 2
0 0.785 -0.265 0.02817619934 2
0 0.785 -0.255 0.02766981116 2
0 0.785 -0.245 0.02668871468 2
0 0.785 -0.235 0.02524527176 2
0 0.785 -0.225 0.02335873367 2
0 0.785 -0.215 0.02105490958 2
0 0.785 -0.205 0.01836565756 2
0 0.785 -0.195 0.01532826006 2
0 0.785 -0.185 0.01198472303 2
0 0.785 -0.175 0.008381048622 2
0 0.785 -0.165 0.004566505213 2
0 0.785 -0.155 0.0005929138078 2
0 0.785 -0.145 -0.003486031781 2
0 0.785 -0.135 -0.007615419602 2
0 0.785 -0.125 -0.01173965931 2
0 0.785 -0.115 -0.01580307364 2
0 0.785 -0.105 -0.01974986938 2
0 0.785 -0.095 -0.02352507538 2
0 0.785 -0.085 -0.02707143869 2
0 0.785 -0.075 -0.03033454273 2
0 0.785 -0.065 -0.03324392198 2
0 0.785 -0.055 -0.03574104032 2
0 0.785 -0.045 -0.03771484752 2
0 0.785 -0.035 -0.03911916336 2
0 0.785 -0.025 -0.03986040329 2
0 0.785 -0.015 -0.03994395997 2
0 0.785 -0.005 -0.03950384668 2
0 0.785 0.005 -0.03866486728 2
0 0.785 0.015 -0.03771836301 2
0 0.785 0.025 -0.03670217594 2
0 0.785 0.035 -0.0355849335 2
0 0.785 0.045 -0.03436564138 2
0 0.785 0.055 -0.03300201349 2
0 0.785 0.065 -0.03149141353 2
0 0.785 0.075 -0.02974449571 2
0 0.785 0.085 -0.02754431347 2
0 0.785 0.095 -0.02481951564 2
0 0.785 0.105 -0.02160359498 2
0 0.785 0.115 -0.0180019367 2
0 0.785 0.125 -0.01416681523 2
0 0.785 0.135 -0.01017564489 2
0 0.785 0.145 -0.006110784501 2
0 0.785 0.155 -0.002046820509 2
0 0.785 0.165 0.001949150539 2
0 0.785 0.175 0.005816096394 2
0 0.785 0.185 0.009495844555 2
0 0.785 0.195 0.01293401995 2
0 0.785 0.205 0.01607992039 2
0 0.785 0.215 0.01888753974 2
0 0.785 0.225 0.02131639393 2
0 0.785 0.235 0.02333242556 2
0 0.785 0.245 0.02490861642 2
0 0.785 0.255 0.02602532935 2
0 0.785 0.265 0.02667024223 2
0 0.785 0.275 0.02683794443 2
0 0.785 0.285 0.02652924777 2
0 0.785 0.295 0.02575035885 2
0 0.785 0.305 0.02451212673 2
0 0.785 0.315 0.02282949491 2
0 0.785 0.325 0.02072128255 2
0 0.785 0.335 0.01821024218 2
0 0.785 0.345 0.01532333057 2
0 0.785 0.355 0.01209196815 2
0 0.785 0.365 0.008552169667 2
0 0.785 0.375 0.004744446334 2
0 0.785 0.385 0.0007132920987 2
0 0.785 0.395 -0.00349327988 2
0 0.785 0.405 -0.007825518196 2
0 0.785 0.415 -0.01223060863 2
0 0.785 0.425 -0.0166615131 2
0 0.785 0.435 -0.02105468786 2
0 0.785 0.445 -0.02540329036 2
0 0.785 0.455 -0.02953561045 2
0 0.785 0.465 -0.03379953089 2
0 0.785 0.475 -0.03695743101 2
0 0.785 0.485 -0.04266212675 2
0 0.785 0.495 -0.03953787114 2
0 0.785 0.505 -0.02674768583 2
0 0.785 0.515 -0.01089749822 2
0 0.785 0.525 0 2
0 0.785 0.535 0 2
0 0.785 0.545 0 2
0 0.785 0.555 0 2
0 0.785 0.565 0 2
0 0.795 -0.555 0 2
0 0.795 -0.545 0 2
0 0.795 -0.535 0 2
0 0.795 -0.525 0 2
0 0.795 -0.515 -0.01099346796 2
0 0.795 -0.505 -0.02697731848 2
0 0.795 -0.495 -0.03989672955 2
0 0.795 -0.485 -0.04305300284 2
0 0.795 -0.475 -0.03729954083 2
0 0.795 -0.465 -0.03408583736 2
0 0.795 -0.455 -0.02974322763 2
0 0.795 -0.445 -0.02552466723 2
0 0.795 -0.435 -0.0210868628 2
0 0.795 -0.425 -0.01660857623 2
0 0.795 -0.415 -0.01210085975 2
0 0.795 -0.405 -0.007629985705 2
0 0.795 -0.395 -0.003243491357 2
0 0.795 -0.385 0.001007380207 2
0 0.795 -0.375 0.005076556092 2
0 0.795 -0.365 0.008921502659 2
0 0.795 -0.355 0.01250435551 2
0 0.795 -0.345 0.01579135436 2
0 0.795 -0.335 0.01875189915 2
0 0.795 -0.325 0.02135765535 2
0 0.795 -0.315 0.02358166889 2
0 0.795 -0.305 0.02539819379 2
0 0.795 -0.295 0.02678343832 2
0 0.795 -0.285 0.02771665224 2
0 0.795 -0.275 0.02818162421 2
0 0.795 -0.265 0.0281681219 2
0 0.795 -0.255 0.02767275866 2
0 0.795 -0.245 0.02669958261 2
0 0.795 -0.235 0.025260204 2
0 0.795 -0.225 0.02337362868 2
0 0.795 -0.215 0.02106583046 2
0 0.795 -0.205 0.01836909433 2
0 0.795 -0.195 0.01532125373 2
0 0.795 -0.185 0.01196486545 2
0 0.795 -0.175 0.008346405861 2
0 0.795 -0.165 0.004515497346 2
0 0.795 -0.155 0.0005241796848 2
0 0.795 -0.145 -0.003573775791 2
0 0.795 -0.135 -0.00772353977 2
0 0.795 -0.125 -0.01186979168 2
0 0.795 -0.115 -0.01595744554 2
0 0.795 -0.105 -0.01993159746 2
0 0.795 -0.095 -0.02373921313 2
0 0.795 -0.085 -0.02732439979 2
0 0.795 -0.075 -0.03063936404 2
0 0.795 -0.065 -0.03360614034 2
0 0.795 -0.055 -0.03619353208 2
0 0.795 -0.045 -0.03820158117 2
0 0.795 -0.035 -0.03956023228 2
0 0.795 -0.025 -0.04009764071 2
0 0.795 -0.015 -0.03975334828 2
0 0.795 -0.005 -0.0388189379 2
0 0.795 0.005 -0.03752253173 2
0 0.795 0.015 -0.03633712018 2
0 0.795 0.025 -0.0353116794 2
0 0.795 0.035 -0.03428035273 2
0 0.795 0.045 -0.03314527135 2
0 0.795 0.055 -0.03196798072 2
0 0.795 0.065 -0.03081273278 2
0 0.795 0.075 -0.02954339995 2
0 0.795 0.085 -0.02776195963 2
0 0.795 0.095 -0.02522211268 2
0 0.795 0.105 -0.02201645176 2
0 0.795 0.115 -0.01832987132 2
0 0.795 0.125 -0.01439400801 2
0 0.795 0.135 -0.01031952804 2
0 0.795 0.145 -0.006196355354 2
0 0.795 0.155 -0.002092157857 2
0 0.795 0.165 0.001927054113 2
0 0.795 0.175 0.005805733199 2
0 0.795 0.185 0.009489124454 2
0 0.795 0.195 0.0129260611 2
0 0.795 0.205 0.01606783449 2
0 0.795 0.215 0.01886948259 2
0 0.795 0.225 0.02129073457 2
0 0.795 0.235 0.0232973524 2
0 0.795 0.245 0.0248622361 2
0 0.795 0.255 0.02596620681 2
0 0.795 0.265 0.02659813734 2
0 0.795 0.275 0.02675445559 2
0 0.795 0.285 0.02643809905 2
0 0.795 0.295 0.0256571346 2
0 0.795 0.305 0.02442354175 2
0 0.795 0.315 0.02275235711 2
0 0.795 0.325 0.0206614831 2
0 0.795 0.335 0.01817199129 2
0 0.795 0.345 0.01530886848 2
0 0.795 0.355 0.01210167455 2
0 0.795 0.365 0.008585024661 2
0 0.795 0.375 0.004798661915 2
0 0.795 0.385 0.0007869614254 2
0 0.795 0.395 -0.003401629028 2
0 0.795 0.405 -0.007716557393 2
0 0.795 0.415 -0.01210411113 2
0 0.795 0.425 -0.01651650051 2
0 0.795 0.435 -0.02088999292 2
0 0.795 0.445 -0.0252179643 2
0 0.795 0.455 -0.02933047066 2
0 0.795 0.465 -0.03357563652 2
0 0.795 0.475 -0.03672321938 2
0 0.795 0.485 -0.04241399738 2
0 0.795 0.495 -0.0393188251 2
0 0.795 0.505 -0.02660865832 2
0 0.795 0.515 -0.0108405977 2
0 0.795 0.525 0 2
0 0.795 0.535 0 2
0 0.795 0.545 0 2
0 0.795 0.555 0 2
0 0.795 0.565 0 2
0 0.805 -0.555 0 2
0 0.805 -0.545 0 2
0 0.805 -0.535 0 2
0 0.805 -0.525 0 2
0 0.805 -0.515 -0.0109348834 2
0 0.805 -0.505 -0.02683215804 2
0 0.805 -0.495 -0.03966553779 2
0 0.805 -0.485 -0.04278258263 2
0 0.805 -0.475 -0.03702954013 2
0 0.805 -0.465 -0.03380800997 2
0 0.805 -0.455 -0.02946464408 2
0 0.805 -0.445 -0.02524736263 2
0 0.805 -0.435 -0.02081477491 2
0 0.805 -0.425 -0.01634561814 2
0 0.805 -0.415 -0.01185190068 2
0 0.805 -0.405 -0.007400810903 2
0 0.805 -0.395 -0.003040851652 2
0 0.805 -0.385 0.001176176729 2
0 0.805 -0.375 0.00520458369 2
0 0.805 -0.365 0.009003621347 2
0 0.805 -0.355 0.01253882528 2
0 0.805 -0.345 0.01578121114 2
0 0.805 -0.335 0.01870498397 2
0 0.805 -0.325 0.02128583053 2
0 0.805 -0.315 0.02349861118 2
0 0.805 -0.305 0.02531675804 2
0 0.805 -0.295 0.02671389895 2
0 0.805 -0.285 0.02766554299 2
0 0.805 -0.275 0.02815156639 2
0 0.805 -0.265 0.02815851061 2
0 0.805 -0.255 0.02768045745 2
0 0.805 -0.245 0.02671986663 2
0 0.805 -0.235 0.0252876092 2
0 0.805 -0.225 0.02340265097 2
0 0.805 -0.215 0.02109147717 2
0 0.805 -0.205 0.01838717699 2
0 0.805 -0.195 0.01532848256 2
0 0.805 -0.185 0.01195876625 2
0 0.805 -0.175 0.008325152961 2
0 0.805 -0.165 0.004477701196 2
0 0.805 -0.155 0.0004686808485 2
0 0.805 -0.145 -0.003648101742 2
0 0.805 -0.135 -0.00781798585 2
0 0.805 -0.125 -0.01198605772 2
0 0.805 -0.115 -0.01609804417 2
0 0.805 -0.105 -0.02010032773 2
0 0.805 -0.095 -0.02394263774 2
0 0.805 -0.085 -0.02757199615 2
0 0.805 -0.075 -0.03095195877 2
0 0.805 -0.065 -0.03400142987 2
0 0.805 -0.055 -0.03675714007 2
0 0.805 -0.045 -0.03888255434 2
0 0.805 -0.035 -0.04017304139 2
0 0.805 -0.025 -0.04028222203 2
0 0.805 -0.015 -0.03916159499 2
0 0.805 -0.005 -0.03755646953 2
0 0.805 0.005 -0.03592096588 2
0 0.805 0.015 -0.034651481 2
0 0.805 0.025 -0.03366819728 2
0 0.805 0.035 -0.03270241133 2
0 0.805 0.045 -0.0316180128 2
0 0.805 0.055 -0.03055661234 2
0 0.805 0.065 -0.02971709019 2
0 0.805 0.075 -0.02893621497 2
0 0.805 0.085 -0.02776206302 2
0 0.805 0.095 -0.02564430979 2
0 0.805 0.105 -0.02252328055 2
0 0.805 0.115 -0.01875099492 2
0 0.805 0.125 -0.01467845531 2
0 0.805 0.135 -0.0104867705 2
0 0.805 0.145 -0.00629527406 2
0 0.805 0.155 -0.002145181959 2
0 0.805 0.165 0.001899359351 2
0 0.805 0.175 0.00579136918 2
0 0.805 0.185 0.009480366687 2
0 0.805 0.195 0.01291870968 2
0 0.805 0.205 0.01605940535 2
0 0.805 0.215 0.0188578682 2
0 0.805 0.225 0.02127313663 2
0 0.805 0.235 0.02326992215 2
0 0.805 0.245 0.02482047475 2
0 0.805 0.255 0.02590612835 2
0 0.805 0.265 0.02651771259 2
0 0.805 0.275 0.02665487859 2
0 0.805 0.285 0.02632438358 2
0 0.805 0.295 0.02553760744 2
0 0.805 0.305 0.02430849934 2
0 0.805 0.315 0.02265215446 2
0 0.805 0.325 0.02058477808 2
0 0.805 0.335 0.01812447705 2
0 0.805 0.345 0.01529299303 2
0 0.805 0.355 0.01211698436 2
0 0.805 0.365 0.008629078452 2
0 0.805 0.375 0.004868122181 2
0 0.805 0.385 0.0008786132055 2
0 0.805 0.395 -0.003290025267 2
0 0.805 0.405 -0.007585683523 2
0 0.805 0.415 -0.01195287954 2
0 0.805 0.425 -0.01634219749 2
0 0.805 0.435 -0.02068914662 2
0 0.805 0.445 -0.02498701396 2
0 0.805 0.455 -0.02906833809 2
0 0.805 0.465 -0.03328146857 2
0 0.805 0.475 -0.03640772745 2
0 0.805 0.485 -0.04206916762 2
0 0.805 0.495 -0.03900939225 2
0 0.805 0.505 -0.02640868606 2
0 0.805 0.515 -0.01075894085 2
0 0.805 0.525 0 2
0 0.805 0.535 0 2
0 0.805 0.545 0 2
0 0.805 0.555 0 2
0 0.805 0.565 0 2
0 0.815 -0.555 0 2
0 0.815 -0.545 0 2
0 0.815 -0.535 0 2
0 0.815 -0.525 0 2
0 0.815 -0.515 -0.01086240281 2
0 0.815 -0.505 -0.02665218645 2
0 0.815 -0.495 -0.03938224153 2
0 0.815 -0.485 -0.04245418553 2
0 0.815 -0.475 -0.03670671601 2
0 0.815 -0.465 -0.03347872632 2
0 0.815 -0.455 -0.02913688852 2
0 0.815 -0.445 -0.02492244975 2
0 0.815 -0.435 -0.02049642137 2
0 0.815 -0.425 -0.01603749767 2
0 0.815 -0.415 -0.0115590587 2
0 0.815 -0.405 -0.007129856933 2
0 0.815 -0.395 -0.002800188867 2
0 0.815 -0.385 0.001376441564 2
0 0.815 -0.375 0.005353545132 2
0 0.815 -0.365 0.00909170806 2
0 0.815 -0.355 0.01256110586 2
0 0.815 -0.345 0.01574097434 2
0 0.815 -0.335 0.01861388626 2
0 0.815 -0.325 0.02116273002 2
0 0.815 -0.315 0.02336518877 2
0 0.815 -0.305 0.02519230733 2
0 0.815 -0.295 0.02661266383 2
0 0.815 -0.285 0.02759514656 2
0 0.815 -0.275 0.02811364854 2
0 0.815 -0.265 0.02815087256 2
0 0.815 -0.255 0.02769792764 2
0 0.815 -0.245 0.02675537958 2
0 0.815 -0.235 0.02533330019 2
0 0.815 -0.225 0.02345099347 2
0 0.815 -0.215 0.02113610033 2
0 0.815 -0.205 0.01842315619 2
0 0.815 -0.195 0.01535232947 2
0 0.815 -0.185 0.01196814991 2
0 0.815 -0.175 0.008318583816 2
0 0.815 -0.165 0.004454188386 2
0 0.815 -0.155 0.0004274524334 2
0 0.815 -0.145 -0.003707830948 2
0 0.815 -0.135 -0.007897220354 2
0 0.815 -0.125 -0.01208624575 2
0 0.815 -0.115 -0.01622145238 2
0 0.815 -0.105 -0.02025053783 2
0 0.815 -0.095 -0.02412605455 2
0 0.815 -0.085 -0.02779850259 2
0 0.815 -0.075 -0.03124404496 2
0 0.815 -0.065 -0.0343816177 2
0 0.815 -0.055 -0.03733260434 2
0 0.815 -0.045 -0.03959892332 2
0 0.815 -0.035 -0.04076278342 2
0 0.815 -0.025 -0.04034798761 2
0 0.815 -0.015 -0.03846882305 2
0 0.815 -0.005 -0.0361200381 2
0 0.815 0.005 -0.03394458877 1
0 0.815 0.015 -0.03256461857 1
0 0.815 0.025 -0.03176002762 1
0 0.815 0.035 -0.03093267554 1
0 0.815 0.045 -0.02984161256 1
0 0.815 0.055 -0.02880664262 1
0 0.815 0.065 -0.02834545451 1
0 0.815 0.075 -0.02816121124 2
0 0.815 0.085 -0.02755004492 2
0 0.815 0.095 -0.02593877641 2
0 0.815 0.105 -0.02303654982 2
0 0.815 0.115 -0.01920892132 2
0 0.815 0.125 -0.01498242183 2
0 0.815 0.135 -0.01064324583 2
0 0.815 0.145 -0.006381785377 2
0 0.815 0.155 -0.002188038672 2
0 0.815 0.165 0.001877627214 2
0 0.815 0.175 0.00577964235 2
0 0.815 0.185 0.009472873636 2
0 0.815 0.195 0.01291357113 2
0 0.815 0.205 0.01605610626 2
0 0.815 0.215 0.01885520254 2
0 0.815 0.225 0.02126758582 2
0 0.815 0.235 0.02325517652 2
0 0.815 0.245 0.02478816118 2
0 0.815 0.255 0.02584802829 2
0 0.815 0.265 0.02642847794 2
0 0.815 0.275 0.02653455252 2
0 0.815 0.285 0.02617976735 2
0 0.815 0.295 0.02538131497 2
0 0.815 0.305 0.02415652355 2
0 0.815 0.315 0.02252034325 2
0 0.815 0.325 0.02048581644 2
0 0.815 0.335 0.01806577492 2
0 0.815 0.345 0.01527671857 2
0 0.815 0.355 0.01214087672 2
0 0.815 0.365 0.008688158428 2
0 0.815 0.375 0.004956464917 2
0 0.815 0.385 0.0009908118348 2
0 0.815 0.395 -0.0031575769 2
0 0.815 0.405 -0.007433897671 2
0 0.815 0.415 -0.01177957078 2
0 0.815 0.425 -0.01614214303 2
0 0.815 0.435 -0.02045539343 2
0 0.815 0.445 -0.02471193499 2
0 0.815 0.455 -0.02874771262 2
0 0.815 0.465 -0.03291139181 2
0 0.815 0.475 -0.03600134546 2
0 0.815 0.485 -0.04161281845 2
0 0.815 0.495 -0.03859447187 2
0 0.815 0.505 -0.02613676308 2
0 0.815 0.515 -0.01064814136 2
0 0.815 0.525 0 2
0 0.815 0.535 0 2
0 0.815 0.545 0 2
0 0.815 0.555 0 2
0 0.815 0.565 0 2
0 0.825 -0.555 0 2
0 0.825 -0.545 0 2
0 0.825 -0.535 0 2
0 0.825 -0.525 0 2
0 0.825 -0.515 -0.01077509875 2
0 0.825 -0.505 -0.0264350377 2
0 0.825 -0.495 -0.03904347136 2
0 0.825 -0.485 -0.04206420887 2
0 0.825 -0.475 -0.03632806129 2
0 0.825 -0.465 -0.0330951818 2
0 0.825 -0.455 -0.02875727247 2
0 0.825 -0.445 -0.02454703246 2
0 0.825 -0.435 -0.02012828272 2
0 0.825 -0.425 -0.01567954407 2
0 0.825 -0.415 -0.01121589777 2
0 0.825 -0.405 -0.006808538623 2
0 0.825 -0.395 -0.002510837314 2
0 0.825 -0.385 0.001619851551 2
0 0.825 -0.375 0.005534082244 2
0 0.825 -0.365 0.009192682889 2
0 0.825 -0.355 0.01257115264 2
0 0.825 -0.345 0.01566171302 2
0 0.825 -0.335 0.01846132913 2
0 0.825 -0.325 0.02096737804 2
0 0.825 -0.315 0.02316233812 2
0 0.825 -0.305 0.02501053406 2
0 0.825 -0.295 0.02647119366 2
0 0.825 -0.285 0.02750293353 2
0 0.825 -0.275 0.02807064904 2
0 0.825 -0.265 0.02815196835 2
0 0.825 -0.255 0.02773390818 2
0 0.825 -0.245 0.02681506049 2
0 0.825 -0.235 0.02540528765 2
0 0.825 -0.225 0.02352521122 2
0 0.825 -0.215 0.02120471433 2
0 0.825 -0.205 0.01848052717 2
0 0.825 -0.195 0.01539506283 2
0 0.825 -0.185 0.01199443927 2
0 0.825 -0.175 0.008327633796 2
0 0.825 -0.165 0.004445686094 2
0 0.825 -0.155 0.0004012259303 2
0 0.825 -0.145 -0.003752049533 2
0 0.825 -0.135 -0.00795995551 2
0 0.825 -0.125 -0.01216841563 2
0 0.825 -0.115 -0.01632459073 2
0 0.825 -0.105 -0.02037714779 2
0 0.825 -0.095 -0.02428073541 2
0 0.825 -0.085 -0.02798891522 2
0 0.825 -0.075 -0.03148898241 2
0 0.825 -0.065 -0.03470611865 2
0 0.825 -0.055 -0.03785445639 2
0 0.825 -0.045 -0.04032993101 2
0 0.825 -0.035 -0.04138559516 2
0 0.825 -0.025 -0.04019226152 2
0 0.825 -0.015 -0.03717463835 1
0 0.825 -0.005 -0.03410739699 1
0 0.825 0.005 -0.032004283 1
0 0.825 0.015 -0.03105659955 1
0 0.825 0.025 -0.03041574405 1
0 0.825 0.035 -0.02959897585 1
0 0.825 0.045 -0.02854933997 1
0 0.825 0.055 -0.0274068172 1
0 0.825 0.065 -0.0267605676 1
0 0.825 0.075 -0.02684418927 1
0 0.825 0.085 -0.02686547105 2
0 0.825 0.095 -0.02590812044 2
0 0.825 0.105 -0.02337573778 2
0 0.825 0.115 -0.01957072939 2
0 0.825 0.125 -0.0152147525 2
0 0.825 0.135 -0.01073962678 2
0 0.825 0.145 -0.006424189357 2
0 0.825 0.155 -0.002201544667 2
0 0.825 0.165 0.001872717557 2
0 0.825 0.175 0.00577538575 2
0 0.825 0.185 0.009467798369 2
0 0.825 0.195 0.01291040704 2
0 0.825 0.205 0.01605848614 2
0 0.825 0.215 0.01886475499 2
0 0.825 0.225 0.02128113998 2
0 0.825 0.235 0.02326344348 2
0 0.825 0.245 0.02477624789 2
0 0.825 0.255 0.02579954613 2
0 0.825 0.265 0.0263308703 2
0 0.825 0.275 0.02638463741 2
0 0.825 0.285 0.02598720183 2
0 0.825 0.295 0.02516672577 2
0 0.825 0.305 0.02394676921 2
0 0.825 0.315 0.02234107341 2
0 0.825 0.325 0.02035606616 2
0 0.825 0.335 0.01799436941 2
0 0.825 0.345 0.01526378405 2
0 0.825 0.355 0.01217985332 2
0 0.825 0.365 0.008769303471 2
0 0.825 0.375 0.0050697754 2
0 0.825 0.385 0.001127697788 2
0 0.825 0.395 -0.003002985921 2
0 0.825 0.405 -0.007263673158 2
0 0.825 0.415 -0.01159083753 2
0 0.825 0.425 -0.015926391 2
0 0.825 0.435 -0.02020028354 2
0 0.825 0.445 -0.02440270888 2
0 0.825 0.455 -0.0283740428 2
0 0.825 0.465 -0.03246371835 2
0 0.825 0.475 -0.03549528133 2
0 0.825 0.485 -0.04102718227 2
0 0.825 0.495 -0.03805493464 2
0 0.825 0.505 -0.02577821007 2
0 0.825 0.515 -0.01050245116 2
0 0.825 0.525 0 2
0 0.825 0.535 0 2
0 0.825 0.545 0 2
0 0.825 0.555 0 2
0 0.825 0.565 0 2
0 0.835 -0.555 0 2
0 0.835 -0.545 0 2
0 0.835 -0.535 0 2
0 0.835 -0.525 0 2
0 0.835 -0.515 -0.01067207458 2
0 0.835 -0.505 -0.02617845109 2
0 0.835 -0.495 -0.03864602007 2
0 0.835 -0.485 -0.04160930417 2
0 0.835 -0.475 -0.03589092711 2
0 0.835 -0.465 -0.03265510795 2
0 0.835 -0.455 -0.02832384059 2
0 0.835 -0.445 -0.02411911017 2
0 0.835 -0.435 -0.0197077811 2
0 0.835 -0.425 -0.01526776506 2
0 0.835 -0.415 -0.01081591946 2
0 0.835 -0.405 -0.006427011379 2
0 0.835 -0.395 -0.002159175387 2
0 0.835 -0.385 0.00192338354 2
0 0.835 -0.375 0.005768923554 2
0 0.835 -0.365 0.009327887215 2
0 0.835 -0.355 0.01257002789 2
0 0.835 -0.345 0.01551433343 2
0 0.835 -0.335 0.0181893119 2
0 0.835 -0.325 0.0206392079 2
0 0.835 -0.315 0.0228546384 2
0 0.835 -0.305 0.02476139755 2
0 0.835 -0.295 0.02629454326 2
0 0.835 -0.285 0.0273942273 2
0 0.835 -0.275 0.02802509692 2
0 0.835 -0.265 0.02816927663 2
0 0.835 -0.255 0.02779962574 2
0 0.835 -0.245 0.02691149682 2
0 0.835 -0.235 0.02551501951 2
0 0.835 -0.225 0.02363389329 2
0 0.835 -0.215 0.0213029779 2
0 0.835 -0.205 0.0185625653 2
0 0.835 -0.195 0.01545839306 2
0 0.835 -0.185 0.01203839085 2
0 0.835 -0.175 0.008352606194 2
0 0.835 -0.165 0.00445238145 2
0 0.835 -0.155 0.000390275503 2
0 0.835 -0.145 -0.003780265322 2
0 0.835 -0.135 -0.008005374027 2
0 0.835 -0.125 -0.01223127606 2
0 0.835 -0.115 -0.01640539352 2
0 0.835 -0.105 -0.02047664641 2
0 0.835 -0.095 -0.02440007372 2
0 0.835 -0.085 -0.0281301359 2
0 0.835 -0.075 -0.03165807715 2
0 0.835 -0.065 -0.03491149254 2
0 0.835 -0.055 -0.03814530608 2
0 0.835 -0.045 -0.04068610336 2
0 0.835 -0.035 -0.04157315316 2
0 0.835 -0.025 -0.0398836007 2
0 0.835 -0.015 -0.0362940244 1
0 0.835 -0.005 -0.03279780254 1
0 0.835 0.005 -0.03057515397 1
0 0.835 0.015 -0.02984051146 1
0 0.835 0.025 -0.02940332317 1
0 0.835 0.035 -0.02868186134 1
0 0.835 0.045 -0.02769681847 1
0 0.835 0.055 -0.02649799822 1
0 0.835 0.065 -0.02564468427 1
0 0.835 0.075 -0.02563795711 1
0 0.835 0.085 -0.02594973014 1
0 0.835 0.095 -0.0255872296 2
0 0.835 0.105 -0.02348409772 2
0 0.835 0.115 -0.01975300296 2
0 0.835 0.125 -0.01530534906 2
0 0.835 0.135 -0.01073325847 2
0 0.835 0.145 -0.00639378108 2
0 0.835 0.155 -0.002169670259 2
0 0.835 0.165 0.001890843093 2
0 0.835 0.175 0.00577732558 2
0 0.835 0.185 0.009459698986 2
0 0.835 0.195 0.01290310254 2
0 0.835 0.205 0.0160633458 2
0 0.835 0.215 0.01888919973 2
0 0.835 0.225 0.02132348201 2
0 0.835 0.235 0.02331014414 2
0 0.835 0.245 0.02480224553 2
0 0.835 0.255 0.025775278 2
0 0.835 0.265 0.02623128232 2
0 0.835 0.275 0.02620062374 2
0 0.835 0.285 0.02573317857 2
0 0.835 0.295 0.02487574285 2
0 0.835 0.305 0.02366197792 2
0 0.835 0.315 0.02210203143 2
0 0.835 0.325 0.02019070443 2
0 0.835 0.335 0.01791219213 2
0 0.835 0.345 0.01526122859 2
0 0.835 0.355 0.01224382572 2
0 0.835 0.365 0.008883198277 2
0 0.835 0.375 0.005217630375 2
0 0.835 0.385 0.001295993543 2
0 0.835 0.395 -0.002823686335 2
0 0.835 0.405 -0.007077311381 2
0 0.835 0.415 -0.01139317182 2
0 0.835 0.425 -0.0157035306 2
0 0.835 0.435 -0.01993148639 2
0 0.835 0.445 -0.02406217252 2
0 0.835 0.455 -0.02794287129 2
0 0.835 0.465 -0.03192553262 2
0 0.835 0.475 -0.03487026505 2
0 0.835 0.485 -0.04028371971 2
0 0.835 0.495 -0.03736321419 2
0 0.835 0.505 -0.02531202825 2
0 0.835 0.515 -0.01031413491 2
0 0.835 0.525 0 2
0 0.835 0.535 0 2
0 0.835 0.545 0 2
0 0.835 0.555 0 2
0 0.835 0.565 0 2
0 0.845 -0.555 0 2
0 0.845 -0.545 0 2
0 0.845 -0.535 0 2
0 0.845 -0.525 0 2
0 0.845 -0.515 -0.01055244223 2
0 0.845 -0.505 -0.02588022847 2
0 0.845 -0.495 -0.0381867787 2
0 0.845 -0.485 -0.0410863384 2
0 0.845 -0.475 -0.03539304917 2
0 0.845 -0.465 -0.03215690527 2
0 0.845 -0.455 -0.02783566171 2
0 0.845 -0.445 -0.02363809618 2
0 0.845 -0.435 -0.01923411518 2
0 0.845 -0.425 -0.01479996218 2
0 0.845 -0.415 -0.01035383331 2
0 0.845 -0.405 -0.005975019797 2
0 0.845 -0.395 -0.00172519544 2
0 0.845 -0.385 0.002314065582 2
0 0.845 -0.375 0.006085469524 2
0 0.845 -0.365 0.009519719154 2
0 0.845 -0.355 0.01257414299 2
0 0.845 -0.345 0.01531468613 2
0 0.845 -0.335 0.01779494704 2
0 0.845 -0.325 0.02015786776 2
0 0.845 -0.315 0.02241469778 2
0 0.845 -0.305 0.02440119874 2
0 0.845 -0.295 0.02604431714 2
0 0.845 -0.285 0.0272647755 2
0 0.845 -0.275 0.02799779929 2
0 0.845 -0.265 0.02823280585 2
0 0.845 -0.255 0.02791985974 2
0 0.845 -0.245 0.02705980081 2
0 0.845 -0.235 0.0256759821 2
0 0.845 -0.225 0.02378691855 2
0 0.845 -0.215 0.0214366257 2
0 0.845 -0.205 0.01867163075 2
0 0.845 -0.195 0.0155427632 2
0 0.845 -0.185 0.01209962072 2
0 0.845 -0.175 0.008392869994 2
0 0.845 -0.165 0.004473743113 2
0 0.845 -0.155 0.0003943131073 2
0 0.845 -0.145 -0.003792484299 2
0 0.845 -0.135 -0.008033227157 2
0 0.845 -0.125 -0.01227439421 2
0 0.845 -0.115 -0.01646331369 2
0 0.845 -0.105 -0.0205483051 2
0 0.845 -0.095 -0.0244829335 2
0 0.845 -0.085 -0.02822000052 2
0 0.845 -0.075 -0.03174556118 2
0 0.845 -0.065 -0.03498497401 2
0 0.845 -0.055 -0.03817626651 2
0 0.845 -0.045 -0.0406904242 2
0 0.845 -0.035 -0.04148963089 2
0 0.845 -0.025 -0.03960843912 2
0 0.845 -0.015 -0.03569384909 1
0 0.845 -0.005 -0.03193383017 1
0 0.845 0.005 -0.02967872239 1
0 0.845 0.015 -0.02908405502 1
0 0.845 0.025 -0.02883641884 1
0 0.845 0.035 -0.02821853297 1
0 0.845 0.045 -0.0273121464 1
0 0.845 0.055 -0.02603628132 1
0 0.845 0.065 -0.02491229181 1
0 0.845 0.075 -0.02477059989 1
0 0.845 0.085 -0.02517718973 1
0 0.845 0.095 -0.02508170961 2
0 0.845 0.105 -0.02322766239 2
0 0.845 0.115 -0.01959743571 2
0 0.845 0.125 -0.01516295423 2
0 0.845 0.135 -0.01058100436 2
0 0.845 0.145 -0.00626348716 2
0 0.845 0.155 -0.002077357756 2
0 0.845 0.165 0.00193691713 2
0 0.845 0.175 0.00578184714 2
0 0.845 0.185 0.009439964478 2
0 0.845 0.195 0.01288141381 2
0 0.845 0.205 0.01606290002 2
0 0.845 0.215 0.01892758495 2
0 0.845 0.225 0.02140415877 2
0 0.845 0.235 0.02342647523 2
0 0.845 0.245 0.02491476357 2
0 0.845 0.255 0.02582196757 2
0 0.845 0.265 0.02614741806 2
0 0.845 0.275 0.02594973525 2
0 0.845 0.285 0.02534106116 2
0 0.845 0.295 0.02441123527 2
0 0.845 0.305 0.02321544289 2
0 0.845 0.315 0.02174981231 2
0 0.845 0.325 0.01997760704 2
0 0.845 0.335 0.01783350636 2
0 0.845 0.345 0.01529405525 2
0 0.845 0.355 0.01235530882 2
0 0.845 0.365 0.009045482781 2
0 0.845 0.375 0.00541356767 2
0 0.845 0.385 0.001505802734 2
0 0.845 0.395 -0.002614239579 2
0 0.845 0.405 -0.006875134927 2
0 0.845 0.415 -0.01120301642 2
0 0.845 0.425 -0.01551247479 2
0 0.845 0.435 -0.01970786379 2
0 0.845 0.445 -0.02375497478 2
0 0.845 0.455 -0.02750820499 2
0 0.845 0.465 -0.0313243385 2
0 0.845 0.475 -0.03412743782 2
0 0.845 0.485 -0.0393573674 2
0 0.845 0.495 -0.03649256528 2
0 0.845 0.505 -0.02471831263 2
0 0.845 0.515 -0.0100774322 2
0 0.845 0.525 0 2
0 0.845 0.535 0 2
0 0.845 0.545 0 2
0 0.845 0.555 0 2
0 0.845 0.565 0 2
0 0.855 -0.555 0 1
0 0.855 -0.545 0 1
0 0.855 -0.535 0 2
0 0.855 -0.525 0 2
0 0.855 -0.515 -0.01041526467 2
0 0.855 -0.505 -0.02553810018 2
0 0.855 -0.495 -0.03766255017 2
0 0.855 -0.485 -0.04049223094 2
0 0.855 -0.475 -0.03483248288 2
0 0.855 -0.465 -0.03159969904 2
0 0.855 -0.455 -0.02729306305 2
0 0.855 -0.445 -0.0231053296 2
0 0.855 -0.435 -0.01870920651 2
0 0.855 -0.425 -0.01427735128 2
0 0.855 -0.415 -0.009828482048 2
0 0.855 -0.405 -0.005443741167 2
0 0.855 -0.395 -0.001190059721 2
0 0.855 -0.385 0.002818964123 2
0 0.855 -0.375 0.00652234915 2
0 0.855 -0.365 0.009823668649 2
0 0.855 -0.355 0.01265631622 2
0 0.855 -0.345 0.01511127735 2
0 0.855 -0.335 0.01731902764 2
0 0.855 -0.325 0.01954320333 2
0 0.855 -0.315 0.02183700132 2
0 0.855 -0.305 0.02394823315 2
0 0.855 -0.295 0.0257128344 2
0 0.855 -0.285 0.02707914122 2
0 0.855 -0.275 0.02795598826 2
0 0.855 -0.265 0.02834365432 2
0 0.855 -0.255 0.02812602321 2
0 0.855 -0.245 0.02729704674 2
0 0.855 -0.235 0.02591279617 2
0 0.855 -0.225 0.02399302251 2
0 0.855 -0.215 0.02160915212 2
0 0.855 -0.205 0.01880762502 2
0 0.855 -0.195 0.01564632939 2
0 0.855 -0.185 0.01217603874 2
0 0.855 -0.175 0.008446578947 2
0 0.855 -0.165 0.004508403244 2
0 0.855 -0.155 0.0004124673922 2
0 0.855 -0.145 -0.003789170847 2
0 0.855 -0.135 -0.008043760252 2
0 0.855 -0.125 -0.01229812154 2
0 0.855 -0.115 -0.01649926845 2
0 0.855 -0.105 -0.02059442129 2
0 0.855 -0.095 -0.02453417918 2
0 0.855 -0.085 -0.02826669643 2
0 0.855 -0.075 -0.03176228219 2
0 0.855 -0.065 -0.03494779187 2
0 0.855 -0.055 -0.03797517913 2
0 0.855 -0.045 -0.04032843053 2
0 0.855 -0.035 -0.04108453904 2
0 0.855 -0.025 -0.03934708552 2
0 0.855 -0.015 -0.03553753015 1
0 0.855 -0.005 -0.03174864196 1
0 0.855 0.005 -0.02931498417 1
0 0.855 0.015 -0.02850457359 1
0 0.855 0.025 -0.02829024099 1
0 0.855 0.035 -0.02781781761 1
0 0.855 0.045 -0.027014341 1
0 0.855 0.055 -0.02589198808 1
0 0.855 0.065 -0.02482872269 1
0 0.855 0.075 -0.02462382612 1
0 0.855 0.085 -0.02483777602 1
0 0.855 0.095 -0.02459337212 2
0 0.855 0.105 -0.02270564292 2
0 0.855 0.115 -0.01912530456 2
0 0.855 0.125 -0.01476832998 2
0 0.855 0.135 -0.01025100007 2
0 0.855 0.145 -0.006004812148 2
0 0.855 0.155 -0.0019171548 2
0 0.855 0.165 0.001991515596 2
0 0.855 0.175 0.005748706343 2
0 0.855 0.185 0.009365800339 2
0 0.855 0.195 0.01281190676 2
0 0.855 0.205 0.01603877269 2
0 0.855 0.215 0.01897470577 2
0 0.855 0.225 0.02153904742 2
0 0.855 0.235 0.02364853825 2
0 0.855 0.245 0.0251558976 2
0 0.855 0.255 0.02597487887 2
0 0.855 0.265 0.02609911417 2
0 0.855 0.275 0.02564533267 2
0 0.855 0.285 0.02484988073 2
0 0.855 0.295 0.02384007228 2
0 0.855 0.305 0.02266626664 2
0 0.855 0.315 0.0213131111 2
0 0.855 0.325 0.01972753814 2
0 0.855 0.335 0.01775802586 2
0 0.855 0.345 0.01537154132 2
0 0.855 0.355 0.01253610135 2
0 0.855 0.365 0.009282260651 2
0 0.855 0.375 0.005679383583 2
0 0.855 0.385 0.001770872733 2
0 0.855 0.395 -0.002364222559 2
0 0.855 0.405 -0.006658240729 2
0 0.855 0.415 -0.01103075588 2
0 0.855 0.425 -0.01535614394 2
0 0.855 0.435 -0.01950251359 2
0 0.855 0.445 -0.02341262576 2
0 0.855 0.455 -0.02696103698 2
0 0.855 0.465 -0.03054383067 2
0 0.855 0.475 -0.03317614457 2
0 0.855 0.485 -0.03818024606 2
0 0.855 0.495 -0.03540048743 2
0 0.855 0.505 -0.02396892995 2
0 0.855 0.515 -0.009785730533 2
0 0.855 0.525 0 2
0 0.855 0.535 0 2
0 0.855 0.545 0 2
0 0.855 0.555 0 2
0 0.855 0.565 0 2
0 0.865 -0.555 0 1
0 0.865 -0.545 0 1
0 0.865 -0.535 0 2
0 0.865 -0.525 0 2
0 0.865 -0.515 -0.01025944878 2
0 0.865 -0.505 -0.02514946154 2
0 0.865 -0.495 -0.03706969435 2
0 0.865 -0.485 -0.03982362075 2
0 0.865 -0.475 -0.03420741267 2
0 0.865 -0.465 -0.03098327208 2
0 0.865 -0.455 -0.02669773128 2
0 0.865 -0.445 -0.02252444852 2
0 0.865 -0.435 -0.01813857058 2
0 0.865 -0.425 -0.01370664663 2
0 0.865 -0.415 -0.009246649241 2
0 0.865 -0.405 -0.004831524989 2
0 0.865 -0.395 -0.0005381379724 2
0 0.865 -0.385 0.003476595126 2
0 0.865 -0.375 0.007130696836 2
0 0.865 -0.365 0.01022835021 2
0 0.865 -0.355 0.01274579439 2
0 0.865 -0.345 0.01484726273 2
0 0.865 -0.335 0.01683120543 2
0 0.865 -0.325 0.01892523112 2
0 0.865 -0.315 0.02110657053 2
0 0.865 -0.305 0.02325531108 2
0 0.865 -0.295 0.02515374931 2
0 0.865 -0.285 0.0267321855 2
0 0.865 -0.275 0.02786492641 2
0 0.865 -0.265 0.0284981426 2
0 0.865 -0.255 0.02842447826 2
0 0.865 -0.245 0.02764510752 2
0 0.865 -0.235 0.0262498288 2
0 0.865 -0.225 0.02426426398 2
0 0.865 -0.215 0.0218179408 2
0 0.865 -0.205 0.01896614262 2
0 0.865 -0.195 0.01576405905 2
0 0.865 -0.185 0.01226343676 2
0 0.865 -0.175 0.00851054481 2
0 0.865 -0.165 0.004554169283 2
0 0.865 -0.155 0.0004433826764 2
0 0.865 -0.145 -0.003771063224 2
0 0.865 -0.135 -0.008037410349 2
0 0.865 -0.125 -0.01230307407 2
0 0.865 -0.115 -0.01651473468 2
0 0.865 -0.105 -0.02061881895 2
0 0.865 -0.095 -0.0245619746 2
0 0.865 -0.085 -0.02828437379 2
0 0.865 -0.075 -0.0317426474 2
0 0.865 -0.065 -0.03485681246 2
0 0.865 -0.055 -0.03763133193 2
0 0.865 -0.045 -0.03969157074 2
0 0.865 -0.035 -0.040385731 2
0 0.865 -0.025 -0.03902220405 2
0 0.865 -0.015 -0.03565124762 2
0 0.865 -0.005 -0.03185213407 1
0 0.865 0.005 -0.02912953695 1
0 0.865 0.015 -0.02815312221 1
0 0.865 0.025 -0.02809612026 1
0 0.865 0.035 -0.02784403427 1
0 0.865 0.045 -0.0271642954 1
0 0.865 0.055 -0.02623825914 1
0 0.865 0.065 -0.02538781981 1
0 0.865 0.075 -0.02513055285 1
0 0.865 0.085 -0.02500531469 1
0 0.865 0.095 -0.02430765213 2
0 0.865 0.105 -0.02206823027 2
0 0.865 0.115 -0.01842557072 2
0 0.865 0.125 -0.01415417519 2
0 0.865 0.135 -0.009749995327 2
0 0.865 0.145 -0.005612089278 2
0 0.865 0.155 -0.001672400732 2
0 0.865 0.165 0.002081962595 2
0 0.865 0.175 0.005702810989 2
0 0.865 0.185 0.009247264339 2
0 0.865 0.195 0.01267424098 2
0 0.865 0.205 0.01594632787 2
0 0.865 0.215 0.01899185715 2
0 0.865 0.225 0.02172015549 2
0 0.865 0.235 0.02399986253 2
0 0.865 0.245 0.02558507975 2
0 0.865 0.255 0.02628987658 2
0 0.865 0.265 0.02605566607 2
0 0.865 0.275 0.0252087122 2
0 0.865 0.285 0.02413586333 2
0 0.865 0.295 0.02302805126 2
0 0.865 0.305 0.021962212 2
0 0.865 0.315 0.02081331279 2
0 0.865 0.325 0.01948032339 2
0 0.865 0.335 0.01773973505 2
0 0.865 0.345 0.01553276525 2
0 0.865 0.355 0.01281218499 2
0 0.865 0.365 0.009617460767 2
0 0.865 0.375 0.006038745929 2
0 0.865 0.385 0.00211059899 2
0 0.865 0.395 -0.002058184409 2
0 0.865 0.405 -0.006414616771 2
0 0.865 0.415 -0.01086305265 2
0 0.865 0.425 -0.01522670586 2
0 0.865 0.435 -0.01930556862 2
0 0.865 0.445 -0.0229423953 2
0 0.865 0.455 -0.0261011615 2
0 0.865 0.465 -0.02927929065 2
0 0.865 0.475 -0.03163459469 2
0 0.865 0.485 -0.03646430274 2
0 0.865 0.495 -0.03393523403 2
0 0.865 0.505 -0.02301960359 2
0 0.865 0.515 -0.009442838211 2
0 0.865 0.525 0 2
0 0.865 0.535 0 2
0 0.865 0.545 0 2
0 0.865 0.555 0 2
0 0.865 0.565 0 2
0 0.875 -0.555 0 1
0 0.875 -0.545 0 1
0 0.875 -0.535 0 2
0 0.875 -0.525 0 2
0 0.875 -0.515 -0.01008358209 2
0 0.875 -0.505 -0.02471096178 2
0 0.875 -0.495 -0.03640359565 2
0 0.875 -0.485 -0.03907637104 2
0 0.875 -0.475 -0.03351586445 2
0 0.875 -0.465 -0.03030788546 2
0 0.875 -0.455 -0.02605262078 2
0 0.875 -0.445 -0.02190137696 2
0 0.875 -0.435 -0.01753149249 2
0 0.875 -0.425 -0.01310093246 2
0 0.875 -0.415 -0.008625149964 2
0 0.875 -0.405 -0.004153385421 2
0 0.875 -0.395 0.0002100255102 2
0 0.875 -0.385 0.00426068594 2
0 0.875 -0.375 0.007817885857 2
0 0.875 -0.365 0.01064429279 2
0 0.875 -0.355 0.01288677092 2
0 0.875 -0.345 0.01461204504 2
0 0.875 -0.335 0.01622024551 1
0 0.875 -0.325 0.01811788832 1
0 0.875 -0.315 0.02030818828 2
0 0.875 -0.305 0.02249763986 2
0 0.875 -0.295 0.02434878157 2
0 0.875 -0.285 0.02598164265 2
0 0.875 -0.275 0.02743277625 2
0 0.875 -0.265 0.0284947515 2
0 0.875 -0.255 0.02877639957 2
0 0.875 -0.245 0.0281193246 2
0 0.875 -0.235 0.02668859761 2
0 0.875 -0.225 0.02459616485 2
0 0.875 -0.215 0.02204902513 2
0 0.875 -0.205 0.01913569149 2
0 0.875 -0.195 0.0158869751 2
0 0.875 -0.185 0.01235533647 2
0 0.875 -0.175 0.008580329563 2
0 0.875 -0.165 0.004608187908 2
0 0.875 -0.155 0.0004854194801 2
0 0.875 -0.145 -0.003738916192 2
0 0.875 -0.135 -0.008014441739 2
0 0.875 -0.125 -0.01228956137 2
0 0.875 -0.115 -0.01651119134 2
0 0.875 -0.105 -0.02062626428 2
0 0.875 -0.095 -0.02457646335 2
0 0.875 -0.085 -0.02830282507 2
0 0.875 -0.075 -0.03174235388 2
0 0.875 -0.065 -0.03479039009 2
0 0.875 -0.055 -0.03730112678 2
0 0.875 -0.045 -0.03898300238 2
0 0.875 -0.035 -0.03935140034 2
0 0.875 -0.025 -0.03804464811 2
0 0.875 -0.015 -0.03514107107 2
0 0.875 -0.005 -0.03180663479 2
0 0.875 0.005 -0.02925560889 1
0 0.875 0.015 -0.02809993084 1
0 0.875 0.025 -0.02803058457 1
0 0.875 0.035 -0.02792034591 1
0 0.875 0.045 -0.02739852978 1
0 0.875 0.055 -0.0268173193 1
0 0.875 0.065 -0.02654320706 1
0 0.875 0.075 -0.02644915688 2
0 0.875 0.085 -0.02572639794 2
0 0.875 0.095 -0.0241336401 2
0 0.875 0.105 -0.02132999061 2
0 0.875 0.115 -0.01757004666 2
0 0.875 0.125 -0.01337265644 2
0 0.875 0.135 -0.009056991426 2
0 0.875 0.145 -0.0050295439 2
0 0.875 0.155 -0.001279825729 2
0 0.875 0.165 0.002239986977 2
0 0.875 0.175 0.005654352929 2
0 0.875 0.185 0.009092178002 2
0 0.875 0.195 0.01248504324 2
0 0.875 0.205 0.0158003555 2
0 0.875 0.215 0.01897785239 2
0 0.875 0.225 0.02193363268 2
0 0.875 0.235 0.02444470583 2
0 0.875 0.245 0.02611150011 2
0 0.875 0.255 0.02656610236 2
0 0.875 0.265 0.02581639333 2
0 0.875 0.275 0.02455683471 2
0 0.875 0.285 0.02323858586 2
0 0.875 0.295 0.02209780232 2
0 0.875 0.305 0.02115336822 2
0 0.875 0.315 0.02014791265 2
0 0.875 0.325 0.01901535201 2
0 0.875 0.335 0.01758797126 2
0 0.875 0.345 0.01568473271 2
0 0.875 0.355 0.01318285947 2
0 0.875 0.365 0.01007219016 2
0 0.875 0.375 0.006509579185 2
0 0.875 0.385 0.002545820291 2
0 0.875 0.395 -0.001675916295 2
0 0.875 0.405 -0.00612271582 2
0 0.875 0.415 -0.01065570676 2
0 0.875 0.425 -0.01502863236 2
0 0.875 0.435 -0.0188756464 2
0 0.875 0.445 -0.02201964774 2
0 0.875 0.455 -0.02464688132 2
0 0.875 0.465 -0.02736836694 2
0 0.875 0.475 -0.02946589372 2
0 0.875 0.485 -0.03411751341 2
0 0.875 0.495 -0.03187556943 2
0 0.875 0.505 -0.0216669182 2
0 0.875 0.515 -0.008921095426 2
0 0.875 0.525 0 2
0 0.875 0.535 0 2
0 0.875 0.545 0 2
0 0.875 0.555 0 2
0 0.875 0.565 0 2
0 0.885 -0.555 0 1
0 0.885 -0.545 0 1
0 0.885 -0.535 0 2
0 0.885 -0.525 0 2
0 0.885 -0.515 -0.009885679921 2
0 0.885 -0.505 -0.02421786519 2
0 0.885 -0.495 -0.03565784862 2
0 0.885 -0.485 -0.03824481804 2
0 0.885 -0.475 -0.0327552677 2
0 0.885 -0.465 -0.02957396419 2
0 0.885 -0.455 -0.02536167131 2
0 0.885 -0.445 -0.02124394821 2
0 0.885 -0.435 -0.01690059422 2
0 0.885 -0.425 -0.01247973832 2
0 0.885 -0.415 -0.007992974284 2
0 0.885 -0.405 -0.00345622034 2
0 0.885 -0.395 0.0009924242649 2
0 0.885 -0.385 0.005111503003 2
0 0.885 -0.375 0.00856703853 2
0 0.885 -0.365 0.01105272618 2
0 0.885 -0.355 0.01280303265 1
0 0.885 -0.345 0.01418840544 1
0 0.885 -0.335 0.01580807501 1
0 0.885 -0.325 0.01764706563 1
0 0.885 -0.315 0.01947573246 1
0 0.885 -0.305 0.0213095661 1
0 0.885 -0.295 0.0231188681 1
0 0.885 -0.285 0.02496096923 2
0 0.885 -0.275 0.02672133578 2
0 0.885 -0.265 0.02815626388 2
0 0.885 -0.255 0.02895101117 2
0 0.885 -0.245 0.02860100386 2
0 0.885 -0.235 0.02717922412 2
0 0.885 -0.225 0.02496212114 2
0 0.885 -0.215 0.02227766336 2
0 0.885 -0.205 0.01929829721 2
0 0.885 -0.195 0.01600297096 2
0 0.885 -0.185 0.01244365457 2
0 0.885 -0.175 0.008650747862 2
0 0.885 -0.165 0.004667317971 2
0 0.885 -0.155 0.0005369588739 2
0 0.885 -0.145 -0.003693171147 2
0 0.885 -0.135 -0.007974414896 2
0 0.885 -0.125 -0.0122565238 2
0 0.885 -0.115 -0.01648785456 2
0 0.885 -0.105 -0.0206166939 2
0 0.885 -0.095 -0.02457846847 2
0 0.885 -0.085 -0.02833112118 2
0 0.885 -0.075 -0.03177197678 2
0 0.885 -0.065 -0.03473838927 2
0 0.885 -0.055 -0.03690624148 2
0 0.885 -0.045 -0.03795455336 2
0 0.885 -0.035 -0.03776539499 2
0 0.885 -0.025 -0.03640274997 2
0 0.885 -0.015 -0.03388372159 2
0 0.885 -0.005 -0.03093028497 1
0 0.885 0.005 -0.02882889466 1
0 0.885 0.015 -0.0280862368 1
0 0.885 0.025 -0.02820600601 2
0 0.885 0.035 -0.02810146087 2
0 0.885 0.045 -0.02767063779 2
0 0.885 0.055 -0.02734170895 2
0 0.885 0.065 -0.02732060184 2
0 0.885 0.075 -0.02724575341 2
0 0.885 0.085 -0.02622864558 2
0 0.885 0.095 -0.02405985854 2
0 0.885 0.105 -0.02078412599 2
0 0.885 0.115 -0.01677350716 2
0 0.885 0.125 -0.01251229439 2
0 0.885 0.135 -0.008221956304 2
0 0.885 0.145 -0.004314889855 2
0 0.885 0.155 -0.0007684305289 2
0 0.885 0.165 0.002520571397 2
0 0.885 0.175 0.005711949845 2
0 0.885 0.185 0.008937689662 2
0 0.885 0.195 0.01219894142 2
0 0.885 0.205 0.01552167686 2
0 0.885 0.215 0.01884810138 2
0 0.885 0.225 0.02210150343 2
0 0.885 0.235 0.02491561247 2
0 0.885 0.245 0.02668565586 2
0 0.885 0.255 0.02690302837 2
0 0.885 0.265 0.02562612994 2
0 0.885 0.275 0.02370207668 1
0 0.885 0.285 0.02199353211 1
0 0.885 0.295 0.02086958596 1
0 0.885 0.305 0.0201023711 1
0 0.885 0.315 0.01936482953 1
0 0.885 0.325 0.01853415954 2
0 0.885 0.335 0.01738990887 2
0 0.885 0.345 0.01572792161 2
0 0.885 0.355 0.01351573179 2
0 0.885 0.365 0.01060844481 2
0 0.885 0.375 0.00708360505 2
0 0.885 0.385 0.003085619534 2
0 0.885 0.395 -0.001199910452 2
0 0.885 0.405 -0.005736875168 2
0 0.885 0.415 -0.01034073742 2
0 0.885 0.425 -0.01469979483 2
0 0.885 0.435 -0.01830080834 2
0 0.885 0.445 -0.02094054374 2
0 0.885 0.455 -0.02285795047 1
0 0.885 0.465 -0.02492234347 1
0 0.885 0.475 -0.02672375216 1
0 0.885 0.485 -0.03117942317 1
0 0.885 0.495 -0.02933776366 1
0 0.885 0.505 -0.02010834956 2
0 0.885 0.515 -0.008288198636 2
0 0.885 0.525 0 2
0 0.885 0.535 0 2
0 0.885 0.545 0 2
0 0.885 0.555 0 2
0 0.885 0.565 0 2
0 0.895 -0.555 0 1
0 0.895 -0.545 0 1
0 0.895 -0.535 0 2
0 0.895 -0.525 0 2
0 0.895 -0.515 -0.009662881695 2
0 0.895 -0.505 -0.02366329519 2
0 0.895 -0.495 -0.03482340201 2
0 0.895 -0.485 -0.03732113585 2
0 0.895 -0.475 -0.03192235591 2
0 0.895 -0.465 -0.02878212651 2
0 0.895 -0.455 -0.02462967098 2
0 0.895 -0.445 -0.02056114453 2
0 0.895 -0.435 -0.01625994464 2
0 0.895 -0.425 -0.01186474084 2
0 0.895 -0.415 -0.007382848167 2
0 0.895 -0.405 -0.002793608127 2
0 0.895 -0.395 0.001733495963 2
0 0.895 -0.385 0.005889867709 2
0 0.895 -0.375 0.009122743394 2
0 0.895 -0.365 0.01120426119 1
0 0.895 -0.355 0.01262275139 1
0 0.895 -0.345 0.01395194633 1
0 0.895 -0.335 0.01552854192 1
0 0.895 -0.325 0.01725047456 1
0 0.895 -0.315 0.01895515206 1
0 0.895 -0.305 0.02053889593 1
0 0.895 -0.295 0.02189060548 1
0 0.895 -0.285 0.02340005025 1
0 0.895 -0.275 0.02536994848 1
0 0.895 -0.265 0.02746594722 2
0 0.895 -0.255 0.02894679399 2
0 0.895 -0.245 0.0289906047 2
0 0.895 -0.235 0.02761737451 2
0 0.895 -0.225 0.02528501658 2
0 0.895 -0.215 0.02246505567 2
0 0.895 -0.205 0.01943003483 2
0 0.895 -0.195 0.01609801412 2
0 0.895 -0.185 0.01251971271 2
0 0.895 -0.175 0.008716551361 2
0 0.895 -0.165 0.004728568929 2
0 0.895 -0.155 0.0005966763459 2
0 0.895 -0.145 -0.003633774927 2
0 0.895 -0.135 -0.007916033392 2
0 0.895 -0.125 -0.01220148031 2
0 0.895 -0.115 -0.01644190412 2
0 0.895 -0.105 -0.02058693143 2
0 0.895 -0.095 -0.02457761943 2
0 0.895 -0.085 -0.02838901639 2
0 0.895 -0.075 -0.03183823364 2
0 0.895 -0.065 -0.03465520692 2
0 0.895 -0.055 -0.03632201247 2
0 0.895 -0.045 -0.03658358782 2
0 0.895 -0.035 -0.03564335909 2
0 0.895 -0.025 -0.03386047214 1
0 0.895 -0.015 -0.03179400541 1
0 0.895 -0.005 -0.02990239124 1
0 0.895 0.005 -0.02862641233 1
0 0.895 0.015 -0.02798545346 1
0 0.895 0.025 -0.02779633011 1
0 0.895 0.035 -0.02740281127 1
0 0.895 0.045 -0.02697557495 1
0 0.895 0.055 -0.02707579971 1
0 0.895 0.065 -0.02762870868 2
0 0.895 0.075 -0.02781593136 2
0 0.895 0.085 -0.02663653269 2
0 0.895 0.095 -0.02399224526 2
0 0.895 0.105 -0.02032103761 2
0 0.895 0.115 -0.01604040023 2
0 0.895 0.125 -0.01165237906 2
0 0.895 0.135 -0.007285177813 2
0 0.895 0.145 -0.003403759174 2
0 0.895 0.155 -0.0001000290833 1
0 0.895 0.165 0.002798220086 1
0 0.895 0.175 0.00567310597 1
0 0.895 0.185 0.008722330367 2
0 0.895 0.195 0.01187385131 2
0 0.895 0.205 0.015132044 2
0 0.895 0.215 0.01850956976 2
0 0.895 0.225 0.02204177549 2
0 0.895 0.235 0.02524192318 2
0 0.895 0.245 0.02712576216 2
0 0.895 0.255 0.02706461557 2
0 0.895 0.265 0.0252894678 1
0 0.895 0.275 0.0229109769 1
0 0.895 0.285 0.0211092372 1
0 0.895 0.295 0.02006723764 1
0 0.895 0.305 0.01935404906 1
0 0.895 0.315 0.01850763235 1
0 0.895 0.325 0.0176040094 1
0 0.895 0.335 0.01672288561 1
0 0.895 0.345 0.01554785177 2
0 0.895 0.355 0.01374851163 2
0 0.895 0.365 0.01115159178 2
0 0.895 0.375 0.007737144835 2
0 0.895 0.385 0.003716472949 2
0 0.895 0.395 -0.0006274783871 2
0 0.895 0.405 -0.005238873028 2
0 0.895 0.415 -0.009890388697 2
0 0.895 0.425 -0.01420130782 2
0 0.895 0.435 -0.01748164761 2
0 0.895 0.445 -0.01954261427 1
0 0.895 0.455 -0.02096428523 1
0 0.895 0.465 -0.02280049251 1
0 0.895 0.475 -0.02459631 1
0 0.895 0.485 -0.02875846573 1
0 0.895 0.495 -0.02692622106 1
0 0.895 0.505 -0.01842025883 1
0 0.895 0.515 -0.007576432192 1
0 0.895 0.525 0 2
0 0.895 0.535 0 2
0 0.895 0.545 0 2
0 0.895 0.555 0 2
0 0.895 0.565 0 2
0 0.905 -0.555 0 2
0 0.905 -0.545 0 2
0 0.905 -0.535 0 2
0 0.905 -0.525 0 2
0 0.905 -0.515 -0.009410811859 2
0 0.905 -0.505 -0.02303666945 2
0 0.905 -0.495 -0.03388663053 2
0 0.905 -0.485 -0.03629369599 2
0 0.905 -0.475 -0.03101240506 2
0 0.905 -0.465 -0.02793282228 2
0 0.905 -0.455 -0.02386201903 2
0 0.905 -0.445 -0.01986251175 2
0 0.905 -0.435 -0.01562380194 2
0 0.905 -0.425 -0.01127777442 2
0 0.905 -0.415 -0.006830734846 2
0 0.905 -0.405 -0.002242847792 2
0 0.905 -0.395 0.002290665207 2
0 0.905 -0.385 0.00642792164 2
0 0.905 -0.375 0.009499933861 2
0 0.905 -0.365 0.0113628395 1
0 0.905 -0.355 0.01253136845 1
0 0.905 -0.345 0.01379843445 1
0 0.905 -0.335 0.01543873026 1
0 0.905 -0.325 0.01709180271 1
0 0.905 -0.315 0.01856829066 1
0 0.905 -0.305 0.01985363077 1
0 0.905 -0.295 0.02093828546 1
0 0.905 -0.285 0.02219684797 1
0 0.905 -0.275 0.02402066568 1
0 0.905 -0.265 0.02641998638 1
0 0.905 -0.255 0.02854696981 2
0 0.905 -0.245 0.0291352159 2
0 0.905 -0.235 0.02791371909 2
0 0.905 -0.225 0.02549868693 2
0 0.905 -0.215 0.02257771611 2
0 0.905 -0.205 0.01951020755 2
0 0.905 -0.195 0.01616020738 2
0 0.905 -0.185 0.01257637199 2
0 0.905 -0.175 0.008773566927 2
0 0.905 -0.165 0.004789699562 2
0 0.905 -0.155 0.0006638107741 2
0 0.905 -0.145 -0.003560094167 2
0 0.905 -0.135 -0.007837012007 2
0 0.905 -0.125 -0.0121198528 2
0 0.905 -0.115 -0.01636534067 2
0 0.905 -0.105 -0.02052229506 2
0 0.905 -0.095 -0.02455393259 2
0 0.905 -0.085 -0.02841227991 2
0 0.905 -0.075 -0.03183223536 2
0 0.905 -0.065 -0.03436100419 2
0 0.905 -0.055 -0.03534717606 2
0 0.905 -0.045 -0.03475023222 2
0 0.905 -0.035 -0.0331462916 1
0 0.905 -0.025 -0.03137679161 1
0 0.905 -0.015 -0.03005970065 1
0 0.905 -0.005 -0.02898958651 1
0 0.905 0.005 -0.02823187889 1
0 0.905 0.015 -0.02776185756 1
0 0.905 0.025 -0.02742125596 1
0 0.905 0.035 -0.02677527069 1
0 0.905 0.045 -0.02615338794 1
0 0.905 0.055 -0.02623067644 1
0 0.905 0.065 -0.0270258644 1
0 0.905 0.075 -0.02761211005 2
0 0.905 0.085 -0.02664137623 2
0 0.905 0.095 -0.02391815658 2
0 0.905 0.105 -0.02004234622 2
0 0.905 0.115 -0.01546910626 2
0 0.905 0.125 -0.01084955903 2
0 0.905 0.135 -0.006427552812 1
0 0.905 0.145 -0.002728143062 1
0 0.905 0.155 0.0003769967807 1
0 0.905 0.165 0.003171320932 1
0 0.905 0.175 0.005877021526 1
0 0.905 0.185 0.008613822155 1
0 0.905 0.195 0.01138102096 1
0 0.905 0.205 0.01443298366 1
0 0.905 0.215 0.01789746881 2
0 0.905 0.225 0.02166870432 2
0 0.905 0.235 0.02521114363 2
0 0.905 0.245 0.02738234322 2
0 0.905 0.255 0.02737800549 2
0 0.905 0.265 0.025346143 1
0 0.905 0.275 0.02259880725 1
0 0.905 0.285 0.02053714181 1
0 0.905 0.295 0.01943462839 1
0 0.905 0.305 0.0187447231 1
0 0.905 0.315 0.01793080284 1
0 0.905 0.325 0.01696007244 1
0 0.905 0.335 0.015946923 1
0 0.905 0.345 0.01500625401 1
0 0.905 0.355 0.01368263041 2
0 0.905 0.365 0.01152933755 2
0 0.905 0.375 0.008353402193 2
0 0.905 0.385 0.004374082133 2
0 0.905 0.395 1.805495339e-05 2
0 0.905 0.405 -0.004602042092 2
0 0.905 0.415 -0.009228173624 2
0 0.905 0.425 -0.01347644576 2
0 0.905 0.435 -0.01664646997 2
0 0.905 0.445 -0.01849837729 1
0 0.905 0.455 -0.01965860799 1
0 0.905 0.465 -0.02125248408 1
0 0.905 0.475 -0.02296601921 1
0 0.905 0.485 -0.02683410312 1
0 0.905 0.495 -0.0251016977 1
0 0.905 0.505 -0.01713915727 1
0 0.905 0.515 -0.007019507873 1
0 0.905 0.525 0 1
0 0.905 0.535 0 1
0 0.905 0.545 0 1
0 0.905 0.555 0 2
0 0.905 0.565 0 2
0 0.915 -0.555 0 2
0 0.915 -0.545 0 2
0 0.915 -0.535 0 2
0 0.915 -0.525 0 2
0 0.915 -0.515 -0.009123153112 2
0 0.915 -0.505 -0.02232283167 2
0 0.915 -0.495 -0.0328293389 2
0 0.915 -0.485 -0.03514871846 2
0 0.915 -0.475 -0.03002297724 2
0 0.915 -0.465 -0.02702992773 2
0 0.915 -0.455 -0.02306681689 2
0 0.915 -0.445 -0.01915776495 2
0 0.915 -0.435 -0.01500350952 2
0 0.915 -0.425 -0.01073297726 2
0 0.915 -0.415 -0.006355929345 2
0 0.915 -0.405 -0.001835068848 2
0 0.915 -0.395 0.002629078786 2
0 0.915 -0.385 0.006686081096 2
0 0.915 -0.375 0.009679716529 2
0 0.915 -0.365 0.01146546274 1
0 0.915 -0.355 0.01260408566 1
0 0.915 -0.345 0.0138409276 1
0 0.915 -0.335 0.01543954802 1
0 0.915 -0.325 0.01701985102 1
0 0.915 -0.315 0.01837545838 1
0 0.915 -0.305 0.01948207251 1
0 0.915 -0.295 0.02029719417 1
0 0.915 -0.285 0.02120958511 1
0 0.915 -0.275 0.02294726339 1
0 0.915 -0.265 0.02556872107 1
0 0.915 -0.255 0.02804995227 2
0 0.915 -0.245 0.0289567575 2
0 0.915 -0.235 0.02790030126 2
0 0.915 -0.225 0.02551296138 2
0 0.915 -0.215 0.02258234411 2
0 0.915 -0.205 0.01952213888 2
0 0.915 -0.195 0.01618094568 2
0 0.915 -0.185 0.01260880346 2
0 0.915 -0.175 0.008819078998 2
0 0.915 -0.165 0.004849355143 2
0 0.915 -0.155 0.0007381346579 2
0 0.915 -0.145 -0.003471133498 2
0 0.915 -0.135 -0.007734684511 2
0 0.915 -0.125 -0.01200660775 2
0 0.915 -0.115 -0.01624960733 2
0 0.915 -0.105 -0.02041095293 2
0 0.915 -0.095 -0.02449687041 2
0 0.915 -0.085 -0.02839051948 2
0 0.915 -0.075 -0.03172273776 2
0 0.915 -0.065 -0.03376092947 2
0 0.915 -0.055 -0.03393706521 2
0 0.915 -0.045 -0.03260243503 1
0 0.915 -0.035 -0.03083082409 1
0 0.915 -0.025 -0.02950834508 1
0 0.915 -0.015 -0.02889519714 1
0 0.915 -0.005 -0.02849820812 1
0 0.915 0.005 -0.02810782985 1
0 0.915 0.015 -0.02763016185 1
0 0.915 0.025 -0.02702202942 1
0 0.915 0.035 -0.0261340957 1
0 0.915 0.045 -0.02533997206 1
0 0.915 0.055 -0.02548319638 1
0 0.915 0.065 -0.02646237433 1
0 0.915 0.075 -0.02730562869 2
0 0.915 0.085 -0.02650325969 2
0 0.915 0.095 -0.02380806549 2
0 0.915 0.105 -0.0198611303 2
0 0.915 0.115 -0.01511618847 2
0 0.915 0.125 -0.01036855739 2
0 0.915 0.135 -0.005891345683 1
0 0.915 0.145 -0.002242032969 1
0 0.915 0.155 0.0007354541666 1
0 0.915 0.165 0.00342314328 1
0 0.915 0.175 0.006006915906 1
0 0.915 0.185 0.008593929669 1
0 0.915 0.195 0.01112531466 1
0 0.915 0.205 0.01380256888 1
0 0.915 0.215 0.01701619395 1
0 0.915 0.225 0.02079476768 2
0 0.915 0.235 0.02460375222 2
0 0.915 0.245 0.02724847185 2
0 0.915 0.255 0.02765687097 2
0 0.915 0.265 0.02574909238 2
0 0.915 0.275 0.02287310308 1
0 0.915 0.285 0.02046617505 1
0 0.915 0.295 0.01917803137 1
0 0.915 0.305 0.01842759358 1
0 0.915 0.315 0.01752215974 1
0 0.915 0.325 0.01638864151 1
0 0.915 0.335 0.01522837738 1
0 0.915 0.345 0.01433605396 1
0 0.915 0.355 0.01334238823 1
0 0.915 0.365 0.01166998019 2
0 0.915 0.375 0.008863578771 2
0 0.915 0.385 0.005013675846 2
0 0.915 0.395 0.0006996458447 2
0 0.915 0.405 -0.003871033444 2
0 0.915 0.415 -0.008426017277 2
0 0.915 0.425 -0.01263466753 2
0 0.915 0.435 -0.01581572891 2
0 0.915 0.445 -0.0176461694 1
0 0.915 0.455 -0.01878541928 1
0 0.915 0.465 -0.02032133986 1
0 0.915 0.475 -0.02195805288 1
0 0.915 0.485 -0.02555012054 1
0 0.915 0.495 -0.02381320315 1
0 0.915 0.505 -0.01616895243 1
0 0.915 0.515 -0.006595378874 1
0 0.915 0.525 0 1
0 0.915 0.535 0 1
0 0.915 0.545 0 1
0 0.915 0.555 0 1
0 0.915 0.565 0 2
0 0.925 -0.555 0 2
0 0.925 -0.545 0 2
0 0.925 -0.535 0 2
0 0.925 -0.525 0 2
0 0.925 -0.515 -0.008788566176 2
0 0.925 -0.505 -0.02149452028 2
0 0.925 -0.495 -0.03161866227 2
0 0.925 -0.485 -0.03386029689 2
0 0.925 -0.475 -0.02894713022 2
0 0.925 -0.465 -0.02607715521 2
0 0.925 -0.455 -0.02225497137 2
0 0.925 -0.445 -0.0184587669 2
0 0.925 -0.435 -0.01440920135 2
0 0.925 -0.425 -0.0102374752 2
0 0.925 -0.415 -0.005962502024 2
0 0.925 -0.405 -0.001570731669 2
0 0.925 -0.395 0.002756343411 2
0 0.925 -0.385 0.006697467259 2
0 0.925 -0.375 0.009721786564 2
0 0.925 -0.365 0.01160177642 1
0 0.925 -0.355 0.01291719839 1
0 0.925 -0.345 0.01417437223 1
0 0.925 -0.335 0.01560195678 1
0 0.925 -0.325 0.01700708299 1
0 0.925 -0.315 0.01820312994 1
0 0.925 -0.305 0.01919948445 1
0 0.925 -0.295 0.01994029285 1
0 0.925 -0.285 0.0207595046 1
0 0.925 -0.275 0.02244374889 1
0 0.925 -0.265 0.02502488537 1
0 0.925 -0.255 0.02756770129 2
0 0.925 -0.245 0.02855891517 2
0 0.925 -0.235 0.02761639996 2
0 0.925 -0.225 0.02533276041 2
0 0.925 -0.215 0.0224800886 2
0 0.925 -0.205 0.0194664086 2
0 0.925 -0.195 0.01616088263 2
0 0.925 -0.185 0.01261764895 2
0 0.925 -0.175 0.00885361399 2
0 0.925 -0.165 0.004907937507 2
0 0.925 -0.155 0.0008200612996 2
0 0.925 -0.145 -0.00336612582 2
0 0.925 -0.135 -0.007607146182 2
0 0.925 -0.125 -0.01185724295 2
0 0.925 -0.115 -0.01608356089 2
0 0.925 -0.105 -0.02022873966 2
0 0.925 -0.095 -0.0243395216 2
0 0.925 -0.085 -0.0281927868 2
0 0.925 -0.075 -0.03126836801 2
0 0.925 -0.065 -0.03272974291 2
0 0.925 -0.055 -0.03231173031 2
0 0.925 -0.045 -0.03065329516 1
0 0.925 -0.035 -0.02907902404 1
0 0.925 -0.025 -0.02833775745 1
0 0.925 -0.015 -0.02829763583 1
0 0.925 -0.005 -0.02825339404 1
0 0.925 0.005 -0.02800043503 1
0 0.925 0.015 -0.02754537714 1
0 0.925 0.025 -0.02689442083 1
0 0.925 0.035 -0.02594319882 1
0 0.925 0.045 -0.025011686 1
0 0.925 0.055 -0.02504292262 1
0 0.925 0.065 -0.02597434947 1
0 0.925 0.075 -0.02693302852 2
0 0.925 0.085 -0.02626373639 2
0 0.925 0.095 -0.02364565075 2
0 0.925 0.105 -0.01974149933 2
0 0.925 0.115 -0.01499451388 2
0 0.925 0.125 -0.0102192828 2
0 0.925 0.135 -0.005751800302 1
0 0.925 0.145 -0.002102449494 1
0 0.925 0.155 0.0008886116683 1
0 0.925 0.165 0.003621944148 1
0 0.925 0.175 0.006195916126 1
0 0.925 0.185 0.008638132535 1
0 0.925 0.195 0.01097235005 1
0 0.925 0.205 0.01332770735 1
0 0.925 0.215 0.01613473521 1
0 0.925 0.225 0.01965782318 1
0 0.925 0.235 0.02359529908 2
0 0.925 0.245 0.02678181257 2
0 0.925 0.255 0.0278013016 2
0 0.925 0.265 0.02625984295 2
0 0.925 0.275 0.02340194781 1
0 0.925 0.285 0.02073084448 1
0 0.925 0.295 0.01909315522 1
0 0.925 0.305 0.01819191011 1
0 0.925 0.315 0.01725760957 1
0 0.925 0.325 0.01602032514 1
0 0.925 0.335 0.01470283427 1
0 0.925 0.345 0.01372624546 1
0 0.925 0.355 0.01288595739 1
0 0.925 0.365 0.01153871487 2
0 0.925 0.375 0.009112859899 2
0 0.925 0.385 0.005530030713 2
0 0.925 0.395 0.001355305805 2
0 0.925 0.405 -0.003070339589 2
0 0.925 0.415 -0.007465614028 2
0 0.925 0.425 -0.01158226345 2
0 0.925 0.435 -0.01491693318 2
0 0.925 0.445 -0.01708245968 2
0 0.925 0.455 -0.01835703594 1
0 0.925 0.465 -0.01968261234 1
0 0.925 0.475 -0.02099325137 1
0 0.925 0.485 -0.02433785938 1
0 0.925 0.495 -0.02268114243 1
0 0.925 0.505 -0.01539281802 1
0 0.925 0.515 -0.006282253021 1
0 0.925 0.525 0 1
0 0.925 0.535 0 1
0 0.925 0.545 0 1
0 0.925 0.555 0 1
0 0.925 0.565 0 1
0 0.935 -0.555 0 2
0 0.935 -0.545 0 2
0 0.935 -0.535 0 2
0 0.935 -0.525 0 2
0 0.935 -0.515 -0.008386226562 2
0 0.935 -0.505 -0.02050804309 2
0 0.935 -0.495 -0.0302255758 2
0 0.935 -0.485 -0.03243067039 2
0 0.935 -0.475 -0.02782528737 2
0 0.935 -0.465 -0.0251054311 2
0 0.935 -0.455 -0.0214431233 2
0 0.935 -0.445 -0.01777061246 2
0 0.935 -0.435 -0.01384359037 2
0 0.935 -0.425 -0.009788151586 2
0 0.935 -0.415 -0.005637807053 2
0 0.935 -0.405 -0.00141736951 2
0 0.935 -0.395 0.002722546433 2
0 0.935 -0.385 0.006531525038 2
0 0.935 -0.375 0.009681627768 2
0 0.935 -0.365 0.01189852539 2
0 0.935 -0.355 0.01347195687 1
0 0.935 -0.345 0.0147383719 1
0 0.935 -0.335 0.01605947614 1
0 0.935 -0.325 0.01734269431 1
0 0.935 -0.315 0.01835229057 1
0 0.935 -0.305 0.01919890833 1
0 0.935 -0.295 0.01993079092 1
0 0.935 -0.285 0.02090938721 1
0 0.935 -0.275 0.02265022853 1
0 0.935 -0.265 0.02501961796 1
0 0.935 -0.255 0.02727597727 2
0 0.935 -0.245 0.02805841277 2
0 0.935 -0.235 0.02712496277 2
0 0.935 -0.225 0.02499212964 2
0 0.935 -0.215 0.02228587704 2
0 0.935 -0.205 0.01935005463 2
0 0.935 -0.195 0.01610300493 2
0 0.935 -0.185 0.01260396658 2
0 0.935 -0.175 0.008877363228 2
0 0.935 -0.165 0.004965413188 2
0 0.935 -0.155 0.0009097766657 2
0 0.935 -0.145 -0.003244272825 2
0 0.935 -0.135 -0.007452482945 2
0 0.935 -0.125 -0.01166819158 2
0 0.935 -0.115 -0.01586079748 2
0 0.935 -0.105 -0.01996827025 2
0 0.935 -0.095 -0.02407659938 2
0 0.935 -0.085 -0.02786483403 2
0 0.935 -0.075 -0.0306455511 2
0 0.935 -0.065 -0.03154285716 2
0 0.935 -0.055 -0.03054420629 1
0 0.935 -0.045 -0.02886690537 1
0 0.935 -0.035 -0.02781568546 1
0 0.935 -0.025 -0.02768875585 1
0 0.935 -0.015 -0.02795674372 1
0 0.935 -0.005 -0.02803431531 1
0 0.935 0.005 -0.02785589904 1
0 0.935 0.015 -0.02742670263 1
0 0.935 0.025 -0.02677498582 1
0 0.935 0.035 -0.02580460624 1
0 0.935 0.045 -0.02484820239 1
0 0.935 0.055 -0.02481862344 1
0 0.935 0.065 -0.0256478072 1
0 0.935 0.075 -0.02655271655 2
0 0.935 0.085 -0.02588618201 2
0 0.935 0.095 -0.02335319581 2
0 0.935 0.105 -0.01959050995 2
0 0.935 0.115 -0.01504414023 2
0 0.935 0.125 -0.01039850169 2
0 0.935 0.135 -0.005993773715 1
0 0.935 0.145 -0.002250225403 1
0 0.935 0.155 0.0008800920828 1
0 0.935 0.165 0.003686254349 1
0 0.935 0.175 0.006280400435 1
0 0.935 0.185 0.008693219283 1
0 0.935 0.195 0.0109492786 1
0 0.935 0.205 0.01307718384 1
0 0.935 0.215 0.01545555836 1
0 0.935 0.225 0.01854629375 1
0 0.935 0.235 0.02237629592 1
0 0.935 0.245 0.0259797532 2
0 0.935 0.255 0.02775034724 2
0 0.935 0.265 0.02686482 2
0 0.935 0.275 0.02416640895 1
0 0.935 0.285 0.02135063615 1
0 0.935 0.295 0.01934730353 1
0 0.935 0.305 0.01811758608 1
0 0.935 0.315 0.01703624122 1
0 0.935 0.325 0.01575143456 1
0 0.935 0.335 0.01434222041 1
0 0.935 0.345 0.01319600562 1
0 0.935 0.355 0.01234258445 1
0 0.935 0.365 0.01120290683 2
0 0.935 0.375 0.009089213535 2
0 0.935 0.385 0.005848116023 2
0 0.935 0.395 0.001921571705 2
0 0.935 0.405 -0.00227723206 2
0 0.935 0.415 -0.006479844192 2
0 0.935 0.425 -0.01049696353 2
0 0.935 0.435 -0.01397019585 2
0 0.935 0.445 -0.0164346943 2
0 0.935 0.455 -0.01789884973 1
0 0.935 0.465 -0.01917511345 1
0 0.935 0.475 -0.02019274351 1
0 0.935 0.485 -0.02318524144 1
0 0.935 0.495 -0.02154513699 1
0 0.935 0.505 -0.01463164849 1
0 0.935 0.515 -0.005977395159 1
0 0.935 0.525 0 1
0 0.935 0.535 0 1
0 0.935 0.545 0 1
0 0.935 0.555 0 1
0 0.935 0.565 0 1
0 0.945 -0.555 0 2
0 0.945 -0.545 0 2
0 0.945 -0.535 0 2
0 0.945 -0.525 0 2
0 0.945 -0.515 -0.007866029534 2
0 0.945 -0.505 -0.01924765922 2
0 0.945 -0.495 -0.02852273585 2
0 0.945 -0.485 -0.03075843918 2
0 0.945 -0.475 -0.02663261449 2
0 0.945 -0.465 -0.02413943209 2
0 0.945 -0.455 -0.02067839838 2
0 0.945 -0.445 -0.01712909709 2
0 0.945 -0.435 -0.01331913189 2
0 0.945 -0.425 -0.009377361228 2
0 0.945 -0.415 -0.005357277004 2
0 0.945 -0.405 -0.001307257087 2
0 0.945 -0.395 0.002657623903 2
0 0.945 -0.385 0.006342008504 2
0 0.945 -0.375 0.009559175122 2
0 0.945 -0.365 0.01209887548 2
0 0.945 -0.355 0.01412438582 2
0 0.945 -0.345 0.01574009334 2
0 0.945 -0.335 0.01702159332 1
0 0.945 -0.325 0.01810307377 1
0 0.945 -0.315 0.01898578525 1
0 0.945 -0.305 0.01979566614 1
0 0.945 -0.295 0.02058614774 1
0 0.945 -0.285 0.02176057501 1
0 0.945 -0.275 0.02358819609 1
0 0.945 -0.265 0.02565187149 2
0 0.945 -0.255 0.02724985784 2
0 0.945 -0.245 0.02756220518 2
0 0.945 -0.235 0.02655298352 2
0 0.945 -0.225 0.02458291009 2
0 0.945 -0.215 0.02205091903 2
0 0.945 -0.205 0.01920736957 2
0 0.945 -0.195 0.01603059252 2
0 0.945 -0.185 0.01258369733 2
0 0.945 -0.175 0.008900633086 2
0 0.945 -0.165 0.005027374503 2
0 0.945 -0.155 0.001008661462 2
0 0.945 -0.145 -0.003108063778 2
0 0.945 -0.135 -0.007276625867 2
0 0.945 -0.125 -0.0114479922 2
0 0.945 -0.115 -0.015589561 2
0 0.945 -0.105 -0.01963138686 2
0 0.945 -0.095 -0.02366682169 2
0 0.945 -0.085 -0.02729538394 2
0 0.945 -0.075 -0.02977323394 2
0 0.945 -0.065 -0.03033613518 2
0 0.945 -0.055 -0.02914148053 1
0 0.945 -0.045 -0.02767544975 1
0 0.945 -0.035 -0.02697136626 1
0 0.945 -0.025 -0.02723273514 1
0 0.945 -0.015 -0.02764146875 1
0 0.945 -0.005 -0.02778107649 1
0 0.945 0.005 -0.02764134904 1
0 0.945 0.015 -0.02724234687 1
0 0.945 0.025 -0.02661998532 1
0 0.945 0.035 -0.02568710812 1
0 0.945 0.045 -0.02473665546 1
0 0.945 0.055 -0.0246657756 1
0 0.945 0.065 -0.02537577007 1
0 0.945 0.075 -0.02615220841 2
0 0.945 0.085 -0.02542536093 2
0 0.945 0.095 -0.02296630811 2
0 0.945 0.105 -0.01938384464 2
0 0.945 0.115 -0.01517767792 2
0 0.945 0.125 -0.0107862829 2
0 0.945 0.135 -0.006452391278 2
0 0.945 0.145 -0.002592276398 1
0 0.945 0.155 0.0006953701072 1
0 0.945 0.165 0.003604930882 1
0 0.945 0.175 0.006260832221 1
0 0.945 0.185 0.008678045819 1
0 0.945 0.195 0.01090830755 1
0 0.945 0.205 0.01291951486 1
0 0.945 0.215 0.01502713971 1
0 0.945 0.225 0.0178377872 1
0 0.945 0.235 0.02151837494 1
0 0.945 0.245 0.02525381084 2
0 0.945 0.255 0.02749076158 2
0 0.945 0.265 0.02733729461 2
0 0.945 0.275 0.02516425465 2
0 0.945 0.285 0.0224399426 1
0 0.945 0.295 0.0201314449 1
0 0.945 0.305 0.01846280807 1
0 0.945 0.315 0.01707580162 1
0 0.945 0.325 0.01564006816 1
0 0.945 0.335 0.0141525503 1
0 0.945 0.345 0.0128425842 1
0 0.945 0.355 0.01181734024 1
0 0.945 0.365 0.01072664318 1
0 0.945 0.375 0.008876611206 2
0 0.945 0.385 0.00598168326 2
0 0.945 0.395 0.002368716752 2
0 0.945 0.405 -0.001530408483 2
0 0.945 0.415 -0.005479336874 2
0 0.945 0.425 -0.009322178329 2
0 0.945 0.435 -0.01284722863 2
0 0.945 0.445 -0.01565233244 2
0 0.945 0.455 -0.01750993123 2
0 0.945 0.465 -0.01887743736 1
0 0.945 0.475 -0.01966146855 1
0 0.945 0.485 -0.02225102129 1
0 0.945 0.495 -0.0205378155 1
0 0.945 0.505 -0.0139144677 1
0 0.945 0.515 -0.005667103882 1
0 0.945 0.525 0 1
0 0.945 0.535 0 1
0 0.945 0.545 0 1
0 0.945 0.555 0 1
0 0.945 0.565 0 1
0 0.955 -0.555 0 2
0 0.955 -0.545 0 2
0 0.955 -0.535 0 2
0 0.955 -0.525 0 2
0 0.955 -0.515 -0.007116057323 2
0 0.955 -0.505 -0.01748252844 2
0 0.955 -0.495 -0.02622278333 2
0 0.955 -0.485 -0.02861761131 2
0 0.955 -0.475 -0.02525849351 2
0 0.955 -0.465 -0.02309541006 2
0 0.955 -0.455 -0.01990382988 2
0 0.955 -0.445 -0.01651033376 2
0 0.955 -0.435 -0.01282103152 2
0 0.955 -0.425 -0.008982522666 2
0 0.955 -0.415 -0.005087274927 2
0 0.955 -0.405 -0.00119862292 2
0 0.955 -0.395 0.00260546475 2
0 0.955 -0.385 0.006186899384 2
0 0.955 -0.375 0.009462240624 2
0 0.955 -0.365 0.01226154516 2
0 0.955 -0.355 0.0145721546 2
0 0.955 -0.345 0.01649318863 2
0 0.955 -0.335 0.01809380699 2
0 0.955 -0.325 0.01939524036 2
0 0.955 -0.315 0.02029028774 2
0 0.955 -0.305 0.02100417554 1
0 0.955 -0.295 0.02190249837 1
0 0.955 -0.285 0.02328469329 2
0 0.955 -0.275 0.02490664532 2
0 0.955 -0.265 0.02635502122 2
0 0.955 -0.255 0.02721750548 2
0 0.955 -0.245 0.02710379187 2
0 0.955 -0.235 0.02601394731 2
0 0.955 -0.225 0.02415673104 2
0 0.955 -0.215 0.02177625778 2
0 0.955 -0.205 0.01902494766 2
0 0.955 -0.195 0.0159250151 2
0 0.955 -0.185 0.01253887146 2
0 0.955 -0.175 0.008908967277 2
0 0.955 -0.165 0.005084561576 2
0 0.955 -0.155 0.001113549947 2
0 0.955 -0.145 -0.002954220957 2
0 0.955 -0.135 -0.007070040553 2
0 0.955 -0.125 -0.01118181259 2
0 0.955 -0.115 -0.01525217021 2
0 0.955 -0.105 -0.01920449591 2
0 0.955 -0.095 -0.02311671954 2
0 0.955 -0.085 -0.02657216238 2
0 0.955 -0.075 -0.02883428958 2
0 0.955 -0.065 -0.02922520345 2
0 0.955 -0.055 -0.02797814499 1
0 0.955 -0.045 -0.02675139902 1
0 0.955 -0.035 -0.02631476804 1
0 0.955 -0.025 -0.02682864211 1
0 0.955 -0.015 -0.02732876239 1
0 0.955 -0.005 -0.02751522019 1
0 0.955 0.005 -0.0273998979 1
0 0.955 0.015 -0.02701638702 1
0 0.955 0.025 -0.02640440538 1
0 0.955 0.035 -0.0255143311 1
0 0.955 0.045 -0.02464823988 1
0 0.955 0.055 -0.02459592927 1
0 0.955 0.065 -0.02518918773 1
0 0.955 0.075 -0.02574605468 2
0 0.955 0.085 -0.02485360185 2
0 0.955 0.095 -0.02243173564 2
0 0.955 0.105 -0.01904398763 2
0 0.955 0.115 -0.01520148594 2
0 0.955 0.125 -0.0111508454 2
0 0.955 0.135 -0.006999485493 2
0 0.955 0.145 -0.003075379335 2
0 0.955 0.155 0.0003980057634 1
0 0.955 0.165 0.003446381303 1
0 0.955 0.175 0.006213682602 1
0 0.955 0.185 0.008683143748 1
0 0.955 0.195 0.0108992047 1
0 0.955 0.205 0.0129270845 1
0 0.955 0.215 0.01503788029 1
0 0.955 0.225 0.01778050252 1
0 0.955 0.235 0.02124538422 1
0 0.955 0.245 0.02487013059 2
0 0.955 0.255 0.02723890068 2
0 0.955 0.265 0.02760484137 2
0 0.955 0.275 0.0261143243 2
0 0.955 0.285 0.02381427928 2
0 0.955 0.295 0.02146095293 1
0 0.955 0.305 0.01939347698 1
0 0.955 0.315 0.01764651828 1
0 0.955 0.325 0.01601578116 1
0 0.955 0.335 0.01436425808 1
0 0.955 0.345 0.01285650522 1
0 0.955 0.355 0.01157160005 1
0 0.955 0.365 0.01026892278 1
0 0.955 0.375 0.008447587234 2
0 0.955 0.385 0.00583458436 2
0 0.955 0.395 0.002616723309 2
0 0.955 0.405 -0.0008964730656 2
0 0.955 0.415 -0.004552975402 2
0 0.955 0.425 -0.008217939447 2
0 0.955 0.435 -0.01168187992 2
0 0.955 0.445 -0.01466220946 2
0 0.955 0.455 -0.01687180058 2
0 0.955 0.465 -0.01856163607 2
0 0.955 0.475 -0.01939013387 1
0 0.955 0.485 -0.0216043373 1
0 0.955 0.495 -0.01976430047 1
0 0.955 0.505 -0.01336460604 1
0 0.955 0.515 -0.005429963773 1
0 0.955 0.525 0 1
0 0.955 0.535 0 1
0 0.955 0.545 0 1
0 0.955 0.555 0 1
0 0.955 0.565 0 1
0 0.965 -0.555 0 2
0 0.965 -0.545 0 2
0 0.965 -0.535 0 2
0 0.965 -0.525 0 2
0 0.965 -0.515 -0.006187928915 2
0 0.965 -0.505 -0.01527859192 2
0 0.965 -0.495 -0.02323354263 2
0 0.965 -0.485 -0.02577819707 2
0 0.965 -0.475 -0.0234143172 2
0 0.965 -0.465 -0.02182416694 2
0 0.965 -0.455 -0.0190879388 2
0 0.965 -0.445 -0.01593074257 2
0 0.965 -0.435 -0.01238180873 2
0 0.965 -0.425 -0.00863308007 2
0 0.965 -0.415 -0.004829741526 2
0 0.965 -0.405 -0.0010555837 2
0 0.965 -0.395 0.002628047686 2
0 0.965 -0.385 0.006134191099 2
0 0.965 -0.375 0.009408268724 2
0 0.965 -0.365 0.01236998476 2
0 0.965 -0.355 0.01497276233 2
0 0.965 -0.345 0.01722009015 2
0 0.965 -0.335 0.0190860556 2
0 0.965 -0.325 0.02058206062 2
0 0.965 -0.315 0.02173412135 2
0 0.965 -0.305 0.02271601171 2
0 0.965 -0.295 0.02374391227 2
0 0.965 -0.285 0.02495431233 2
0 0.965 -0.275 0.02617933233 2
0 0.965 -0.265 0.02708851455 2
0 0.965 -0.255 0.027358385 2
0 0.965 -0.245 0.02687385584 2
0 0.965 -0.235 0.02570160165 2
0 0.965 -0.225 0.02391435716 2
0 0.965 -0.215 0.02163776722 2
0 0.965 -0.205 0.01895222978 2
0 0.965 -0.195 0.01590753429 2
0 0.965 -0.185 0.01256327229 2
0 0.965 -0.175 0.008968428103 2
0 0.965 -0.165 0.005174968586 2
0 0.965 -0.155 0.001233844529 2
0 0.965 -0.145 -0.002802516681 2
0 0.965 -0.135 -0.006882326979 2
0 0.965 -0.125 -0.01094981079 2
0 0.965 -0.115 -0.01496024666 2
0 0.965 -0.105 -0.01883140666 2
0 0.965 -0.095 -0.02259799319 2
0 0.965 -0.085 -0.02589519235 2
0 0.965 -0.075 -0.02809480483 2
0 0.965 -0.065 -0.02861406731 2
0 0.965 -0.055 -0.02758836449 1
0 0.965 -0.045 -0.02657871497 1
0 0.965 -0.035 -0.02634133282 1
0 0.965 -0.025 -0.02705568958 1
0 0.965 -0.015 -0.02775638808 1
0 0.965 -0.005 -0.02795793144 1
0 0.965 0.005 -0.02766547458 1
0 0.965 0.015 -0.0270813996 1
0 0.965 0.025 -0.02634444055 1
0 0.965 0.035 -0.02546977621 1
0 0.965 0.045 -0.02475373584 1
0 0.965 0.055 -0.02474145036 1
0 0.965 0.065 -0.02527619807 1
0 0.965 0.075 -0.02556419717 2
0 0.965 0.085 -0.02443835188 2
0 0.965 0.095 -0.02196152568 2
0 0.965 0.105 -0.01873116525 2
0 0.965 0.115 -0.01517357049 2
0 0.965 0.125 -0.01143244925 2
0 0.965 0.135 -0.007507310343 2
0 0.965 0.145 -0.003589311465 2
0 0.965 0.155 9.702969744e-05 2
0 0.965 0.165 0.003416558695 1
0 0.965 0.175 0.006367851752 1
0 0.965 0.185 0.009001449434 1
0 0.965 0.195 0.0113494305 1
0 0.965 0.205 0.01354145086 1
0 0.965 0.215 0.01580790613 1
0 0.965 0.225 0.01859917018 1
0 0.965 0.235 0.02181035601 1
0 0.965 0.245 0.02506725885 2
0 0.965 0.255 0.02723488822 2
0 0.965 0.265 0.0278371172 2
0 0.965 0.275 0.02696979952 2
0 0.965 0.285 0.02526338656 2
0 0.965 0.295 0.02325138487 2
0 0.965 0.305 0.0211260125 2
0 0.965 0.315 0.01903713633 1
0 0.965 0.325 0.01710851224 1
0 0.965 0.335 0.01524198132 1
0 0.965 0.345 0.01349186185 1
0 0.965 0.355 0.01183563143 1
0 0.965 0.365 0.01010041948 2
0 0.965 0.375 0.008016134753 2
0 0.965 0.385 0.005503786327 2
0 0.965 0.395 0.002621176771 2
0 0.965 0.405 -0.0005192651739 2
0 0.965 0.415 -0.003853903764 2
0 0.965 0.425 -0.007302139455 2
0 0.965 0.435 -0.01065540421 2
0 0.965 0.445 -0.0136873761 2
0 0.965 0.455 -0.01613652951 2
0 0.965 0.465 -0.01808985634 2
0 0.965 0.475 -0.01916424738 2
0 0.965 0.485 -0.02131130751 2
0 0.965 0.495 -0.01928536834 1
0 0.965 0.505 -0.01288488317 1
0 0.965 0.515 -0.005227009077 1
0 0.965 0.525 0 1
0 0.965 0.535 0 1
0 0.965 0.545 0 1
0 0.965 0.555 0 1
0 0.965 0.565 0 1
0 0.975 -0.555 0 2
0 0.975 -0.545 0 2
0 0.975 -0.535 0 1
0 0.975 -0.525 0 1
0 0.975 -0.515 -0.00509769428 1
0 0.975 -0.505 -0.01260807641 1
0 0.975 -0.495 -0.01955617587 1
0 0.975 -0.485 -0.02226248902 2
0 0.975 -0.475 -0.02084214779 2
0 0.975 -0.465 -0.01986163227 2
0 0.975 -0.455 -0.01775528767 2
0 0.975 -0.445 -0.01502792852 2
0 0.975 -0.435 -0.01173245568 2
0 0.975 -0.425 -0.008157152566 2
0 0.975 -0.415 -0.004500312307 2
0 0.975 -0.405 -0.0008702585812 2
0 0.975 -0.395 0.002665422151 2
0 0.975 -0.385 0.006063762371 2
0 0.975 -0.375 0.009272640209 2
0 0.975 -0.365 0.01223165189 2
0 0.975 -0.355 0.01490317774 2
0 0.975 -0.345 0.01729732648 2
0 0.975 -0.335 0.01938430129 2
0 0.975 -0.325 0.02113508067 2
0 0.975 -0.315 0.02252311137 2
0 0.975 -0.305 0.02364716545 2
0 0.975 -0.295 0.02472450643 2
0 0.975 -0.285 0.02577293539 2
0 0.975 -0.275 0.02661820576 2
0 0.975 -0.265 0.02705131937 2
0 0.975 -0.255 0.02695379995 2
0 0.975 -0.245 0.02630162258 2
0 0.975 -0.235 0.02511398898 2
0 0.975 -0.225 0.02339248414 2
0 0.975 -0.215 0.02120792307 2
0 0.975 -0.205 0.01861062733 2
0 0.975 -0.195 0.01565606568 2
0 0.975 -0.185 0.01239930954 2
0 0.975 -0.175 0.008891999173 2
0 0.975 -0.165 0.00518685391 2
0 0.975 -0.155 0.001336211944 2
0 0.975 -0.145 -0.002606325313 2
0 0.975 -0.135 -0.006587162878 2
0 0.975 -0.125 -0.01054845012 2
0 0.975 -0.115 -0.01443931304 2
0 0.975 -0.105 -0.01817764898 2
0 0.975 -0.095 -0.02175619306 2
0 0.975 -0.085 -0.02489834088 2
0 0.975 -0.075 -0.02715332136 2
0 0.975 -0.065 -0.02800163498 2
0 0.975 -0.055 -0.02751701407 1
0 0.975 -0.045 -0.02689161757 1
0 0.975 -0.035 -0.0270007824 1
0 0.975 -0.025 -0.02788645666 1
0 0.975 -0.015 -0.0287681158 1
0 0.975 -0.005 -0.02888936411 1
0 0.975 0.005 -0.02824054415 1
0 0.975 0.015 -0.02723658433 1
0 0.975 0.025 -0.02617369653 1
0 0.975 0.035 -0.02524240841 1
0 0.975 0.045 -0.0247644899 1
0 0.975 0.055 -0.02488956172 1
0 0.975 0.065 -0.0253057365 2
0 0.975 0.075 -0.02507866771 2
0 0.975 0.085 -0.02364919334 2
0 0.975 0.095 -0.02114631236 2
0 0.975 0.105 -0.01809750124 2
0 0.975 0.115 -0.01477936717 2
0 0.975 0.125 -0.01131287518 2
0 0.975 0.135 -0.007682346508 2
0 0.975 0.145 -0.003918754735 2
0 0.975 0.155 -0.0002036754188 2
0 0.975 0.165 0.003332297725 2
0 0.975 0.175 0.006599748218 2
0 0.975 0.185 0.009512393152 2
0 0.975 0.195 0.01201487565 1
0 0.975 0.205 0.01436073687 1
0 0.975 0.215 0.01684011851 1
0 0.975 0.225 0.01973020734 2
0 0.975 0.235 0.02262916283 2
0 0.975 0.245 0.02523960256 2
0 0.975 0.255 0.02691529645 2
0 0.975 0.265 0.02748235126 2
0 0.975 0.275 0.02705447907 2
0 0.975 0.285 0.02589640471 2
0 0.975 0.295 0.02431579924 2
0 0.975 0.305 0.02245351077 2
0 0.975 0.315 0.02046699254 2
0 0.975 0.325 0.01846777944 2
0 0.975 0.335 0.01641846441 2
0 0.975 0.345 0.01429985222 2
0 0.975 0.355 0.01205516884 2
0 0.975 0.365 0.009696916931 2
0 0.975 0.375 0.007285072544 1
0 0.975 0.385 0.004928416853 1
0 0.975 0.395 0.002508181548 1
0 0.975 0.405 -0.0002298824024 2
0 0.975 0.415 -0.003298743934 2
0 0.975 0.425 -0.0065184518 2
0 0.975 0.435 -0.009683945433 2
0 0.975 0.445 -0.01262352193 2
0 0.975 0.455 -0.015120944 2
0 0.975 0.465 -0.01717373604 2
0 0.975 0.475 -0.01831621956 2
0 0.975 0.485 -0.02036376141 2
0 0.975 0.495 -0.01851840452 2
0 0.975 0.505 -0.01235041139 2
0 0.975 0.515 -0.005024220046 1
0 0.975 0.525 0 1
0 0.975 0.535 0 1
0 0.975 0.545 0 1
0 0.975 0.555 0 1
0 0.975 0.565 0 1
0 0.985 -0.555 0 2
0 0.985 -0.545 0 1
0 0.985 -0.535 0 1
0 0.985 -0.525 0 1
0 0.985 -0.515 -0.004039380435 1
0 0.985 -0.505 -0.01005387844 1
0 0.985 -0.495 -0.01595581997 1
0 0.985 -0.485 -0.01859380037 1
0 0.985 -0.475 -0.01824209238 1
0 0.985 -0.465 -0.01787865581 2
0 0.985 -0.455 -0.01634872797 2
0 0.985 -0.445 -0.01411731737 2
0 0.985 -0.435 -0.01121928942 2
0 0.985 -0.425 -0.007873774445 2
0 0.985 -0.415 -0.004299637803 2
0 0.985 -0.405 -0.0006755434232 2
0 0.985 -0.395 0.002890026365 2
0 0.985 -0.385 0.006350282485 2
0 0.985 -0.375 0.009644064745 2
0 0.985 -0.365 0.01272000253 2
0 0.985 -0.355 0.01553969787 2
0 0.985 -0.345 0.01808935345 2
0 0.985 -0.335 0.02034298727 2
0 0.985 -0.325 0.02228830028 2
0 0.985 -0.315 0.0239321117 2
0 0.985 -0.305 0.02529491753 2
0 0.985 -0.295 0.02643712611 2
0 0.985 -0.285 0.02734893675 2
0 0.985 -0.275 0.02795637047 2
0 0.985 -0.265 0.02817282137 2
0 0.985 -0.255 0.02792501633 2
0 0.985 -0.245 0.02716911304 2
0 0.985 -0.235 0.0259082488 2
0 0.985 -0.225 0.02414080846 2
0 0.985 -0.215 0.02190730884 2
0 0.985 -0.205 0.01925002224 2
0 0.985 -0.195 0.01622368058 2
0 0.985 -0.185 0.01288282895 2
0 0.985 -0.175 0.009282267183 2
0 0.985 -0.165 0.005477178925 2
0 0.985 -0.155 0.001522880127 2
0 0.985 -0.145 -0.002524103711 2
0 0.985 -0.135 -0.006606551964 2
0 0.985 -0.125 -0.01066288693 2
0 0.985 -0.115 -0.01463429026 2
0 0.985 -0.105 -0.0184384095 2
0 0.985 -0.095 -0.02203226131 2
0 0.985 -0.085 -0.0252306636 2
0 0.985 -0.075 -0.02778791842 2
0 0.985 -0.065 -0.02934924501 2
0 0.985 -0.055 -0.02999506673 2
0 0.985 -0.045 -0.03026726607 1
0 0.985 -0.035 -0.03094085865 1
0 0.985 -0.025 -0.03205302042 1
0 0.985 -0.015 -0.03305224341 2
0 0.985 -0.005 -0.03308106435 2
0 0.985 0.005 -0.03214605977 1
0 0.985 0.015 -0.03073769664 1
0 0.985 0.025 -0.02934773567 1
0 0.985 0.035 -0.02815469614 1
0 0.985 0.045 -0.02742320553 1
0 0.985 0.055 -0.02712286655 1
0 0.985 0.065 -0.02690130338 2
0 0.985 0.075 -0.0259633492 2
0 0.985 0.085 -0.02408685449 2
0 0.985 0.095 -0.02144411242 2
0 0.985 0.105 -0.01838551821 2
0 0.985 0.115 -0.01508334129 2
0 0.985 0.125 -0.01162972808 2
0 0.985 0.135 -0.008051076712 2
0 0.985 0.145 -0.004317972661 2
0 0.985 0.155 -0.0005484924389 2
0 0.985 0.165 0.003105205591 2
0 0.985 0.175 0.006587377613 2
0 0.985 0.185 0.009839336535 2
0 0.985 0.195 0.01284284364 2
0 0.985 0.205 0.01568992703 2
0 0.985 0.215 0.01855751879 2
0 0.985 0.225 0.02157413412 2
0 0.985 0.235 0.02437411007 2
0 0.985 0.245 0.02660813412 2
0 0.985 0.255 0.02795664718 2
0 0.985 0.265 0.02842606139 2
0 0.985 0.275 0.02819765436 2
0 0.985 0.285 0.02739454115 2
0 0.985 0.295 0.02619201495 2
0 0.985 0.305 0.02459982738 2
0 0.985 0.315 0.02272949212 2
0 0.985 0.325 0.02066146245 2
0 0.985 0.335 0.01842350168 2
0 0.985 0.345 0.01588097959 2
0 0.985 0.355 0.01306874272 2
0 0.985 0.365 0.01011069131 1
0 0.985 0.375 0.007277375531 1
0 0.985 0.385 0.004672476934 1
0 0.985 0.395 0.002184134815 1
0 0.985 0.405 -0.0004451566665 1
0 0.985 0.415 -0.00341224037 2
0 0.985 0.425 -0.006614319634 2
0 0.985 0.435 -0.009727367117 2
0 0.985 0.445 -0.01258529902 2
0 0.985 0.455 -0.01499797525 2
0 0.985 0.465 -0.01696683773 2
0 0.985 0.475 -0.01805248008 2
0 0.985 0.485 -0.01938717376 2
0 0.985 0.495 -0.01726556954 2
0 0.985 0.505 -0.01113118557 2
0 0.985 0.515 -0.004518559691 2
0 0.985 0.525 0 1
0 0.985 0.535 0 1
0 0.985 0.545 0 1
0 0.985 0.555 0 1
0 0.985 0.565 0 1
0 0.995 -0.555 0 2
0 0.995 -0.545 0 1
0 0.995 -0.535 0 1
0 0.995 -0.525 0 1
0 0.995 -0.515 -0.002876767112 1
0 0.995 -0.505 -0.007168427473 1
0 0.995 -0.495 -0.01188997298 1
0 0.995 -0.485 -0.01395214997 1
0 0.995 -0.475 -0.0140714485 1
0 0.995 -0.465 -0.01398907321 1
0 0.995 -0.455 -0.01305417646 2
0 0.995 -0.445 -0.01147300213 2
0 0.995 -0.435 -0.009281873808 2
0 0.995 -0.425 -0.006595133728 2
0 0.995 -0.415 -0.003563887475 2
0 0.995 -0.405 -0.0004399223319 2
0 0.995 -0.395 0.002657913373 2
0 0.995 -0.385 0.005680344381 2
0 0.995 -0.375 0.008568408488 2
0 0.995 -0.365 0.01127819723 2
0 0.995 -0.355 0.01377620858 2
0 0.995 -0.345 0.01604433882 2
0 0.995 -0.335 0.01806501984 2
0 0.995 -0.325 0.01982632323 2
0 0.995 -0.315 0.02132524355 2
0 0.995 -0.305 0.02257117167 2
0 0.995 -0.295 0.0235786415 2
0 0.995 -0.285 0.02433393203 2
0 0.995 -0.275 0.02479483816 2
0 0.995 -0.265 0.02490860535 2
0 0.995 -0.255 0.02463386242 2
0 0.995 -0.245 0.02393877816 2
0 0.995 -0.235 0.02281377292 2
0 0.995 -0.225 0.02125942685 2
0 0.995 -0.215 0.01930147031 2
0 0.995 -0.205 0.01697614156 2
0 0.995 -0.195 0.01432779614 2
0 0.995 -0.185 0.01140315733 2
0 0.995 -0.175 0.008250385096 2
0 0.995 -0.165 0.004918105509 2
0 0.995 -0.155 0.001455402413 2
0 0.995 -0.145 -0.002087544675 2
0 0.995 -0.135 -0.005659562918 2
0 0.995 -0.125 -0.009205858159 2
0 0.995 -0.115 -0.01267196964 2
0 0.995 -0.105 -0.01598896554 2
0 0.995 -0.095 -0.01910643735 2
0 0.995 -0.085 -0.02192137104 2
0 0.995 -0.075 -0.02433631401 2
0 0.995 -0.065 -0.02616951344 2
0 0.995 -0.055 -0.02747470946 2
0 0.995 -0.045 -0.02847319585 2
0 0.995 -0.035 -0.02952366535 2
0 0.995 -0.025 -0.03060069828 2
0 0.995 -0.015 -0.03136823138 2
0 0.995 -0.005 -0.03134919657 2
0 0.995 0.005 -0.03054609143 2
0 0.995 0.015 -0.0292152025 1
0 0.995 0.025 -0.02782460087 1
0 0.995 0.035 -0.02659954171 1
0 0.995 0.045 -0.02571401327 1
0 0.995 0.055 -0.02502331669 2
0 0.995 0.065 -0.02417356071 2
0 0.995 0.075 -0.02285113799 2
0 0.995 0.085 -0.02093849357 2
0 0.995 0.095 -0.01859593704 2
0 0.995 0.105 -0.01595196875 2
0 0.995 0.115 -0.01309626014 2
0 0.995 0.125 -0.01009829905 2
0 0.995 0.135 -0.006997879111 2
0 0.995 0.145 -0.003790926346 2
0 0.995 0.155 -0.0005475497718 2
0 0.995 0.165 0.002578605684 2
0 0.995 0.175 0.005589987319 2
0 0.995 0.185 0.008497152032 2
0 0.995 0.195 0.01130759477 2
0 0.995 0.205 0.01397480032 2
0 0.995 0.215 0.01664830649 2
0 0.995 0.225 0.01930276046 2
0 0.995 0.235 0.02171378809 2
0 0.995 0.245 0.02347573236 2
0 0.995 0.255 0.02457182611 2
0 0.995 0.265 0.02499850459 2
0 0.995 0.275 0.0249033964 2
0 0.995 0.285 0.02433328782 2
0 0.995 0.295 0.02343333281 2
0 0.995 0.305 0.02221280466 2
0 0.995 0.315 0.02072089833 2
0 0.995 0.325 0.01896255337 2
0 0.995 0.335 0.01695191896 2
0 0.995 0.345 0.01452419234 2
0 0.995 0.355 0.01174045921 2
0 0.995 0.365 0.008870859301 1
0 0.995 0.375 0.006262295153 1
0 0.995 0.385 0.003923563951 1
0 0.995 0.395 0.001704321468 1
0 0.995 0.405 -0.0005490643763 1
0 0.995 0.415 -0.003019417019 1
0 0.995 0.425 -0.005730373389 2
0 0.995 0.435 -0.008439577933 2
0 0.995 0.445 -0.01085391073 2
0 0.995 0.455 -0.01286698605 2
0 0.995 0.465 -0.0144806781 2
0 0.995 0.475 -0.01532583434 2
0 0.995 0.485 -0.01599122752 2
0 0.995 0.495 -0.0141379746 2
0 0.995 0.505 -0.008709918427 2
0 0.995 0.515 -0.003547266661 2
0 0.995 0.525 0 2
0 0.995 0.535 0 2
0 0.995 0.545 0 2
0 0.995 0.555 0 1
0 0.995 0.565 0 1
0 1.005 -0.555 0 2
0 1.005 -0.545 0 1
0 1.005 -0.535 0 1
0 1.005 -0.525 0 1
0 1.005 -0.515 -0.001552217026 1
0 1.005 -0.505 -0.00365850837 1
0 1.005 -0.495 -0.006414383101 1
0 1.005 -0.485 -0.007818991159 1
0 1.005 -0.475 -0.008143537759 1
0 1.005 -0.465 -0.008098829067 1
0 1.005 -0.455 -0.007627016886 1
0 1.005 -0.445 -0.006794346451 2
0 1.005 -0.435 -0.005573357373 2
0 1.005 -0.425 -0.004025226472 2
0 1.005 -0.415 -0.002186357724 2
0 1.005 -0.405 -0.0002296909516 2
0 1.005 -0.395 0.001739369553 2
0 1.005 -0.385 0.003669379598 2
0 1.005 -0.375 0.005519314475 2
0 1.005 -0.365 0.00725946319 2
0 1.005 -0.355 0.008867734833 2
0 1.005 -0.345 0.01032892847 2
0 1.005 -0.335 0.01163239927 2
0 1.005 -0.325 0.01277293751 2
0 1.005 -0.315 0.01374883229 2
0 1.005 -0.305 0.0145614567 2
0 1.005 -0.295 0.01521053673 2
0 1.005 -0.285 0.01568702269 2
0 1.005 -0.275 0.01597206804 2
0 1.005 -0.265 0.01603760449 2
0 1.005 -0.255 0.01585644119 2
0 1.005 -0.245 0.01540632641 2
0 1.005 -0.235 0.01467899056 2
0 1.005 -0.225 0.01367797253 2
0 1.005 -0.215 0.01241888939 2
0 1.005 -0.205 0.01092471892 2
0 1.005 -0.195 0.009223694005 2
0 1.005 -0.185 0.007345934281 2
0 1.005 -0.175 0.005322409123 2
0 1.005 -0.165 0.003184301879 2
0 1.005 -0.155 0.0009630750546 2
0 1.005 -0.145 -0.001309149732 2
0 1.005 -0.135 -0.003599504202 2
0 1.005 -0.125 -0.005872883987 2
0 1.005 -0.115 -0.008093552293 2
0 1.005 -0.105 -0.010218554 2
0 1.005 -0.095 -0.01220976662 2
0 1.005 -0.085 -0.01402218975 2
0 1.005 -0.075 -0.0156380516 2
0 1.005 -0.065 -0.01704084832 2
0 1.005 -0.055 -0.01823884548 2
0 1.005 -0.045 -0.01927143451 2
0 1.005 -0.035 -0.02014425458 2
0 1.005 -0.025 -0.02085069901 2
0 1.005 -0.015 -0.0212529914 2
0 1.005 -0.005 -0.02123250501 2
0 1.005 0.005 -0.02079807785 2
0 1.005 0.015 -0.02006046281 2
0 1.005 0.025 -0.01918273106 2
0 1.005 0.035 -0.01831127131 2
0 1.005 0.045 -0.01748545072 2
0 1.005 0.055 -0.01668247058 2
0 1.005 0.065 -0.01577800739 2
0 1.005 0.075 -0.01471003706 2
0 1.005 0.085 -0.0133929633 2
0 1.005 0.095 -0.0118887843 2
0 1.005 0.105 -0.0102112305 2
0 1.005 0.115 -0.008395772134 2
0 1.005 0.125 -0.006484836292 2
0 1.005 0.135 -0.00451297007 2
0 1.005 0.145 -0.002496326623 2
0 1.005 0.155 -0.0005046756026 2
0 1.005 0.165 0.001369836074 2
0 1.005 0.175 0.003194185931 2
0 1.005 0.185 0.005033368685 1
0 1.005 0.195 0.0069482143 1
0 1.005 0.205 0.008842590592 1
0 1.005 0.215 0.01070527174 1
0 1.005 0.225 0.01242214885 1
0 1.005 0.235 0.01397665012 2
0 1.005 0.245 0.01507603878 2
0 1.005 0.255 0.01578265028 2
0 1.005 0.265 0.01605147166 2
0 1.005 0.275 0.01600549257 2
0 1.005 0.285 0.01567149877 2
0 1.005 0.295 0.01513131002 2
0 1.005 0.305 0.01439498283 2
0 1.005 0.315 0.01348159122 2
0 1.005 0.325 0.01238989937 2
0 1.005 0.335 0.01109711231 2
0 1.005 0.345 0.009515583633 2
0 1.005 0.355 0.007698836144 1
0 1.005 0.365 0.005845210679 1
0 1.005 0.375 0.004092783476 1
0 1.005 0.385 0.002484204435 1
0 1.005 0.395 0.0009565272513 1
0 1.005 0.405 -0.0005506257985 1
0 1.005 0.415 -0.002165776192 1
0 1.005 0.425 -0.003878328084 1
0 1.005 0.435 -0.005587128047 2
0 1.005 0.445 -0.007072981414 2
0 1.005 0.455 -0.00826538695 2
0 1.005 0.465 -0.009177085814 2
0 1.005 0.475 -0.009592460282 2
0 1.005 0.485 -0.009561670397 2
0 1.005 0.495 -0.008013074325 2
0 1.005 0.505 -0.004614619098 2
0 1.005 0.515 -0.00197094527 2
0 1.005 0.525 0 2
0 1.005 0.535 0 2
0 1.005 0.545 0 2
0 1.005 0.555 0 2
0 1.005 0.565 0 2
0 1.015 -0.555 0 2
0 1.015 -0.545 0 2
0 1.015 -0.535 0 1
0 1.015 -0.525 0 1
0 1.015 -0.515 -0.0006034895253 1
0 1.015 -0.505 -0.001473972841 1
0 1.015 -0.495 -0.002503947058 1
0 1.015 -0.485 -0.003033073749 1
0 1.015 -0.475 -0.00318096637 1
0 1.015 -0.465 -0.003153926819 1
0 1.015 -0.455 -0.002990706246 1
0 1.015 -0.445 -0.002692031885 2
0 1.015 -0.435 -0.002227122245 2
0 1.015 -0.425 -0.001616650553 2
0 1.015 -0.415 -0.0008705188381 2
0 1.015 -0.405 -6.789386465e-05 2
0 1.015 -0.395 0.0007415912823 2
0 1.015 -0.385 0.001534953704 2
0 1.015 -0.375 0.002296051036 2
0 1.015 -0.365 0.003012982392 2
0 1.015 -0.355 0.003676599136 2
0 1.015 -0.345 0.004280416834 2
0 1.015 -0.335 0.00481977501 2
0 1.015 -0.325 0.005291968711 2
0 1.015 -0.315 0.005695839775 2
0 1.015 -0.305 0.006031020392 2
0 1.015 -0.295 0.006296215983 2
0 1.015 -0.285 0.006487354873 2
0 1.015 -0.275 0.006597218006 2
0 1.015 -0.265 0.006615913256 2
0 1.015 -0.255 0.006533810092 2
0 1.015 -0.245 0.006343467275 2
0 1.015 -0.235 0.006041856026 2
0 1.015 -0.225 0.005630213532 2
0 1.015 -0.215 0.005114205934 2
0 1.015 -0.205 0.004502652422 2
0 1.015 -0.195 0.00380659265 2
0 1.015 -0.185 0.003038090985 2
0 1.015 -0.175 0.002209706232 2
0 1.015 -0.165 0.001334221244 2
0 1.015 -0.155 0.0004246092987 2
0 1.015 -0.145 -0.0005058535245 2
0 1.015 -0.135 -0.001443535694 2
0 1.015 -0.125 -0.002373954657 2
0 1.015 -0.115 -0.003282199204 2
0 1.015 -0.105 -0.004151364957 2
0 1.015 -0.095 -0.004965800589 2
0 1.015 -0.085 -0.00571195646 2
0 1.015 -0.075 -0.006388895081 2
0 1.015 -0.065 -0.007004643736 2
0 1.015 -0.055 -0.007561030789 2
0 1.015 -0.045 -0.008061986455 2
0 1.015 -0.035 -0.008472577755 2
0 1.015 -0.025 -0.008779762973 2
0 1.015 -0.015 -0.008940369808 2
0 1.015 -0.005 -0.008956396824 2
0 1.015 0.005 -0.008822224829 2
0 1.015 0.015 -0.00857650097 2
0 1.015 0.025 -0.008237511998 2
0 1.015 0.035 -0.007859397689 2
0 1.015 0.045 -0.007448031691 2
0 1.015 0.055 -0.007015334241 2
0 1.015 0.065 -0.006540220487 2
0 1.015 0.075 -0.006022773899 2
0 1.015 0.085 -0.005456230231 2
0 1.015 0.095 -0.004834734324 2
0 1.015 0.105 -0.004146227391 2
0 1.015 0.115 -0.00340013476 2
0 1.015 0.125 -0.002610983289 2
0 1.015 0.135 -0.001791638529 2
0 1.015 0.145 -0.0009535363233 2
0 1.015 0.155 -0.0001409944385 2
0 1.015 0.165 0.0005983900557 2
0 1.015 0.175 0.001299448945 2
0 1.015 0.185 0.002009709049 1
0 1.015 0.195 0.002761206178 1
0 1.015 0.205 0.003512842462 1
0 1.015 0.215 0.00425900485 1
0 1.015 0.225 0.004953282077 1
0 1.015 0.235 0.005593796415 1
0 1.015 0.245 0.006077702253 1
0 1.015 0.255 0.006418373627 2
0 1.015 0.265 0.006578857165 2
0 1.015 0.275 0.006594215371 2
0 1.015 0.285 0.006471701746 2
0 1.015 0.295 0.006250316454 2
0 1.015 0.305 0.005944796846 2
0 1.015 0.315 0.005562820509 2
0 1.015 0.325 0.005112023221 2
0 1.015 0.335 0.004573899765 2
0 1.015 0.345 0.003919374691 2
0 1.015 0.355 0.003168364539 1
0 1.015 0.365 0.002411957142 1
0 1.015 0.375 0.001692248237 1
0 1.015 0.385 0.001027380781 1
0 1.015 0.395 0.000380472193 1
0 1.015 0.405 -0.0002324726098 1
0 1.015 0.415 -0.000870448958 1
0 1.015 0.425 -0.001546386026 1
0 1.015 0.435 -0.002234804003 2
0 1.015 0.445 -0.002854742892 2
0 1.015 0.455 -0.003352237346 2
0 1.015 0.465 -0.003734509434 2
0 1.015 0.475 -0.003926883457 2
0 1.015 0.485 -0.003868057619 2
0 1.015 0.495 -0.003227590976 2
0 1.015 0.505 -0.001913074814 2
0 1.015 0.515 -0.000785453038 2
0 1.015 0.525 0 2
0 1.015 0.535 0 2
0 1.015 0.545 0 2
0 1.015 0.555 0 2
0 1.015 0.565 0 2
0 1.025 -0.555 0 2
0 1.025 -0.545 0 2
0 1.025 -0.535 0 1
0 1.025 -0.525 0 1
0 1.025 -0.515 0 1
0 1.025 -0.505 0 1
0 1.025 -0.495 0 1
0 1.025 -0.485 0 1
0 1.025 -0.475 0 1
0 1.025 -0.465 0 1
0 1.025 -0.455 0 1
0 1.025 -0.445 0 1
0 1.025 -0.435 0 2
0 1.025 -0.425 0 2
0 1.025 -0.415 0 2
0 1.025 -0.405 0 2
0 1.025 -0.395 0 2
0 1.025 -0.385 0 2
0 1.025 -0.375 0 2
0 1.025 -0.365 0 2
0 1.025 -0.355 0 2
0 1.025 -0.345 0 2
0 1.025 -0.335 0 2
0 1.025 -0.325 0 2
0 1.025 -0.315 0 2
0 1.025 -0.305 0 2
0 1.025 -0.295 0 2
0 1.025 -0.285 0 2
0 1.025 -0.275 0 2
0 1.025 -0.265 0 2
0 1.025 -0.255 0 1
0 1.025 -0.245 0 1
0 1.025 -0.235 0 1
0 1.025 -0.225 0 2
0 1.025 -0.215 0 2
0 1.025 -0.205 0 2
0 1.025 -0.195 0 2
0 1.025 -0.185 0 2
0 1.025 -0.175 0 2
0 1.025 -0.165 0 2
0 1.025 -0.155 0 2
0 1.025 -0.145 0 2
0 1.025 -0.135 0 2
0 1.025 -0.125 0 2
0 1.025 -0.115 0 2
0 1.025 -0.105 0 2
0 1.025 -0.095 0 2
0 1.025 -0.085 0 2
0 1.025 -0.075 0 2
0 1.025 -0.065 0 2
0 1.025 -0.055 0 2
0 1.025 -0.045 0 2
0 1.025 -0.035 0 2
0 1.025 -0.025 0 2
0 1.025 -0.015 0 2
0 1.025 -0.005 0 2
0 1.025 0.005 0 2
0 1.025 0.015 0 2
0 1.025 0.025 0 2
0 1.025 0.035 0 2
0 1.025 0.045 0 2
0 1.025 0.055 0 2
0 1.025 0.065 0 2
0 1.025 0.075 0 2
0 1.025 0.085 0 2
0 1.025 0.095 0 2
0 1.025 0.105 0 2
0 1.025 0.115 0 2
0 1.025 0.125 0 2
0 1.025 0.135 0 2
0 1.025 0.145 0 2
0 1.025 0.155 0 2
0 1.025 0.165 0 2
0 1.025 0.175 0 1
0 1.025 0.185 0 1
0 1.025 0.195 0 1
0 1.025 0.205 0 1
0 1.025 0.215 0 1
0 1.025 0.225 0 1
0 1.025 0.235 0 1
0 1.025 0.245 0 1
0 1.025 0.255 0 1
0 1.025 0.265 0 2
0 1.025 0.275 0 2
0 1.025 0.285 0 2
0 1.025 0.295 0 2
0 1.025 0.305 0 2
0 1.025 0.315 0 2
0 1.025 0.325 0 2
0 1.025 0.335 0 2
0 1.025 0.345 0 2
0 1.025 0.355 0 2
0 1.025 0.365 0 1
0 1.025 0.375 0 1
0 1.025 0.385 0 1
0 1.025 0.395 0 1
0 1.025 0.405 0 1
0 1.025 0.415 0 1
0 1.025 0.425 0 1
0 1.025 0.435 0 2
0 1.025 0.445 0 2
0 1.025 0.455 0 2
0 1.025 0.465 0 2
0 1.025 0.475 0 2
0 1.025 0.485 0 2
0 1.025 0.495 0 2
0 1.025 0.505 0 2
0 1.025 0.515 0 2
0 1.025 0.525 0 2
0 1.025 0.535 0 2
0 1.025 0.545 0 2
0 1.025 0.555 0 2
0 1.025 0.565 0 2
0 1.035 -0.555 0 2
0 1.035 -0.545 0 2
0 1.035 -0.535 0 2
0 1.035 -0.525 0 1
0 1.035 -0.515 0 1
0 1.035 -0.505 0 1
0 1.035 -0.495 0 1
0 1.035 -0.485 0 1
0 1.035 -0.475 0 1
0 1.035 -0.465 0 1
0 1.035 -0.455 0 1
0 1.035 -0.445 0 1
0 1.035 -0.435 0 2
0 1.035 -0.425 0 2
0 1.035 -0.415 0 2
0 1.035 -0.405 0 2
0 1.035 -0.395 0 2
0 1.035 -0.385 0 2
0 1.035 -0.375 0 2
0 1.035 -0.365 0 2
0 1.035 -0.355 0 2
0 1.035 -0.345 0 2
0 1.035 -0.335 0 2
0 1.035 -0.325 0 2
0 1.035 -0.315 0 2
0 1.035 -0.305 0 2
0 1.035 -0.295 0 2
0 1.035 -0.285 0 2
0 1.035 -0.275 0 2
0 1.035 -0.265 0 1
0 1.035 -0.255 0 1
0 1.035 -0.245 0 1
0 1.035 -0.235 0 1
0 1.035 -0.225 0 1
0 1.035 -0.215 0 1
0 1.035 -0.205 0 2
0 1.035 -0.195 0 2
0 1.035 -0.185 0 2
0 1.035 -0.175 0 2
0 1.035 -0.165 0 2
0 1.035 -0.155 0 2
0 1.035 -0.145 0 2
0 1.035 -0.135 0 2
0 1.035 -0.125 0 2
0 1.035 -0.115 0 2
0 1.035 -0.105 0 2
0 1.035 -0.095 0 2
0 1.035 -0.085 0 2
0 1.035 -0.075 0 2
0 1.035 -0.065 0 2
0 1.035 -0.055 0 2
0 1.035 -0.045 0 2
0 1.035 -0.035 0 2
0 1.035 -0.025 0 2
0 1.035 -0.015 0 2
0 1.035 -0.005 0 2
0 1.035 0.005 0 2
0 1.035 0.015 0 2
0 1.035 0.025 0 2
0 1.035 0.035 0 2
0 1.035 0.045 0 2
0 1.035 0.055 0 2
0 1.035 0.065 0 2
0 1.035 0.075 0 2
0 1.035 0.085 0 2
0 1.035 0.095 0 2
0 1.035 0.105 0 2
0 1.035 0.115 0 2
0 1.035 0.125 0 2
0 1.035 0.135 0 2
0 1.035 0.145 0 2
0 1.035 0.155 0 2
0 1.035 0.165 0 2
0 1.035 0.175 0 2
0 1.035 0.185 0 1
0 1.035 0.195 0 1
0 1.035 0.205 0 1
0 1.035 0.215 0 1
0 1.035 0.225 0 1
0 1.035 0.235 0 1
0 1.035 0.245 0 1
0 1.035 0.255 0 1
0 1.035 0.265 0 1
0 1.035 0.275 0 2
0 1.035 0.285 0 2
0 1.035 0.295 0 2
0 1.035 0.305 0 2
0 1.035 0.315 0 2
0 1.035 0.325 0 2
0 1.035 0.335 0 2
0 1.035 0.345 0 2
0 1.035 0.355 0 2
0 1.035 0.365 0 1
0 1.035 0.375 0 1
0 1.035 0.385 0 1
0 1.035 0.395 0 1
0 1.035 0.405 0 1
0 1.035 0.415 0 1
0 1.035 0.425 0 1
0 1.035 0.435 0 1
0 1.035 0.445 0 2
0 1.035 0.455 0 2
0 1.035 0.465 0 2
0 1.035 0.475 0 2
0 1.035 0.485 0 2
0 1.035 0.495 0 2
0 1.035 0.505 0 2
0 1.035 0.515 0 2
0 1.035 0.525 0 2
0 1.035 0.535 0 2
0 1.035 0.545 0 2
0 1.035 0.555 0 2
0 1.035 0.565 0 2
0 1.045 -0.555 0 2
0 1.045 -0.545 0 2
0 1.045 -0.535 0 2
0 1.045 -0.525 0 2
0 1.045 -0.515 0 1
0 1.045 -0.505 0 1
0 1.045 -0.495 0 1
0 1.045 -0.485 0 1
0 1.045 -0.475 0 1
0 1.045 -0.465 0 1
0 1.045 -0.455 0 1
0 1.045 -0.445 0 1
0 1.045 -0.435 0 2
0 1.045 -0.425 0 2
0 1.045 -0.415 0 2
0 1.045 -0.405 0 2
0 1.045 -0.395 0 2
0 1.045 -0.385 0 2
0 1.045 -0.375 0 2
0 1.045 -0.365 0 2
0 1.045 -0.355 0 2
0 1.045 -0.345 0 2
0 1.045 -0.335 0 2
0 1.045 -0.325 0 2
0 1.045 -0.315 0 2
0 1.045 -0.305 0 2
0 1.045 -0.295 0 2
0 1.045 -0.285 0 2
0 1.045 -0.275 0 2
0 1.045 -0.265 0 1
0 1.045 -0.255 0 1
0 1.045 -0.245 0 1
0 1.045 -0.235 0 1
0 1.045 -0.225 0 1
0 1.045 -0.215 0 1
0 1.045 -0.205 0 1
0 1.045 -0.195 0 2
0 1.045 -0.185 0 2
0 1.045 -0.175 0 2
0 1.045 -0.165 0 2
0 1.045 -0.155 0 2
0 1.045 -0.145 0 2
0 1.045 -0.135 0 2
0 1.045 -0.125 0 2
0 1.045 -0.115 0 2
0 1.045 -0.105 0 2
0 1.045 -0.095 0 2
0 1.045 -0.085 0 2
0 1.045 -0.075 0 2
0 1.045 -0.065 0 2
0 1.045 -0.055 0 2
0 1.045 -0.045 0 2
0 1.045 -0.035 0 2
0 1.045 -0.025 0 2
0 1.045 -0.015 0 2
0 1.045 -0.005 0 2
0 1.045 0.005 0 2
0 1.045 0.015 0 2
0 1.045 0.025 0 2
0 1.045 0.035 0 2
0 1.045 0.045 0 2
0 1.045 0.055 0 2
0 1.045 0.065 0 2
0 1.045 0.075 0 2
0 1.045 0.085 0 2
0 1.045 0.095 0 2
0 1.045 0.105 0 2
0 1.045 0.115 0 2
0 1.045 0.125 0 2
0 1.045 0.135 0 2
0 1.045 0.145 0 2
0 1.045 0.155 0 2
0 1.045 0.165 0 2
0 1.045 0.175 0 2
0 1.045 0.185 0 1
0 1.045 0.195 0 1
0 1.045 0.205 0 1
0 1.045 0.215 0 1
0 1.045 0.225 0 1
0 1.045 0.235 0 1
0 1.045 0.245 0 1
0 1.045 0.255 0 1
0 1.045 0.265 0 1
0 1.045 0.275 0 2
0 1.045 0.285 0 2
0 1.045 0.295 0 2
0 1.045 0.305 0 2
0 1.045 0.315 0 2
0 1.045 0.325 0 2
0 1.045 0.335 0 2
0 1.045 0.345 0 2
0 1.045 0.355 0 2
0 1.045 0.365 0 1
0 1.045 0.375 0 1
0 1.045 0.385 0 1
0 1.045 0.395 0 1
0 1.045 0.405 0 1
0 1.045 0.415 0 1
0 1.045 0.425 0 1
0 1.045 0.435 0 1
0 1.045 0.445 0 2
0 1.045 0.455 0 2
0 1.045 0.465 0 2
0 1.045 0.475 0 2
0 1.045 0.485 0 2
0 1.045 0.495 0 2
0 1.045 0.505 0 2
0 1.045 0.515 0 2
0 1.045 0.525 0 2
0 1.045 0.535 0 2
0 1.045 0.545 0 2
0 1.045 0.555 0 2
0 1.045 0.565 0 2
0 1.055 -0.555 0 2
0 1.055 -0.545 0 2
0 1.055 -0.535 0 2
0 1.055 -0.525 0 2
0 1.055 -0.515 0 2
0 1.055 -0.505 0 2
0 1.055 -0.495 0 1
0 1.055 -0.485 0 1
0 1.055 -0.475 0 1
0 1.055 -0.465 0 1
0 1.055 -0.455 0 1
0 1.055 -0.445 0 2
0 1.055 -0.435 0 2
0 1.055 -0.425 0 2
0 1.055 -0.415 0 2
0 1.055 -0.405 0 2
0 1.055 -0.395 0 2
0 1.055 -0.385 0 2
0 1.055 -0.375 0 2
0 1.055 -0.365 0 2
0 1.055 -0.355 0 2
0 1.055 -0.345 0 2
0 1.055 -0.335 0 2
0 1.055 -0.325 0 2
0 1.055 -0.315 0 2
0 1.055 -0.305 0 2
0 1.055 -0.295 0 2
0 1.055 -0.285 0 2
0 1.055 -0.275 0 2
0 1.055 -0.265 0 1
0 1.055 -0.255 0 1
0 1.055 -0.245 0 1
0 1.055 -0.235 0 1
0 1.055 -0.225 0 1
0 1.055 -0.215 0 1
0 1.055 -0.205 0 1
0 1.055 -0.195 0 1
0 1.055 -0.185 0 2
0 1.055 -0.175 0 2
0 1.055 -0.165 0 2
0 1.055 -0.155 0 2
0 1.055 -0.145 0 2
0 1.055 -0.135 0 2
0 1.055 -0.125 0 2
0 1.055 -0.115 0 2
0 1.055 -0.105 0 2
0 1.055 -0.095 0 2
0 1.055 -0.085 0 2
0 1.055 -0.075 0 2
0 1.055 -0.065 0 2
0 1.055 -0.055 0 2
0 1.055 -0.045 0 2
0 1.055 -0.035 0 2
0 1.055 -0.025 0 2
0 1.055 -0.015 0 2
0 1.055 -0.005 0 2
0 1.055 0.005 0 2
0 1.055 0.015 0 2
0 1.055 0.025 0 2
0 1.055 0.035 0 2
0 1.055 0.045 0 2
0 1.055 0.055 0 2
0 1.055 0.065 0 2
0 1.055 0.075 0 2
0 1.055 0.085 0 2
0 1.055 0.095 0 2
0 1.055 0.105 0 2
0 1.055 0.115 0 2
0 1.055 0.125 0 2
0 1.055 0.135 0 2
0 1.055 0.145 0 2
0 1.055 0.155 0 2
0 1.055 0.165 0 2
0 1.055 0.175 0 2
0 1.055 0.185 0 1
0 1.055 0.195 0 1
0 1.055 0.205 0 1
0 1.055 0.215 0 1
0 1.055 0.225 0 1
0 1.055 0.235 0 1
0 1.055 0.245 0 1
0 1.055 0.255 0 1
0 1.055 0.265 0 1
0 1.055 0.275 0 2
0 1.055 0.285 0 2
0 1.055 0.295 0 2
0 1.055 0.305 0 2
0 1.055 0.315 0 2
0 1.055 0.325 0 2
0 1.055 0.335 0 2
0 1.055 0.345 0 2
0 1.055 0.355 0 2
0 1.055 0.365 0 2
0 1.055 0.375 0 1
0 1.055 0.385 0 1
0 1.055 0.395 0 1
0 1.055 0.405 0 1
0 1.055 0.415 0 1
0 1.055 0.425 0 1
0 1.055 0.435 0 2
0 1.055 0.445 0 2
0 1.055 0.455 0 2
0 1.055 0.465 0 2
0 1.055 0.475 0 2
0 1.055 0.485 0 2
0 1.055 0.495 0 2
0 1.055 0.505 0 2
0 1.055 0.515 0 2
0 1.055 0.525 0 2
0 1.055 0.535 0 2
0 1.055 0.545 0 2
0 1.055 0.555 0 2
0 1.055 0.565 0 2
0 1.065 -0.555 0 2
0 1.065 -0.545 0 2
0 1.065 -0.535 0 2
0 1.065 -0.525 0 2
0 1.065 -0.515 0 2
0 1.065 -0.505 0 2
0 1.065 -0.495 0 2
0 1.065 -0.485 0 2
0 1.065 -0.475 0 2
0 1.065 -0.465 0 2
0 1.065 -0.455 0 2
0 1.065 -0.445 0 2
0 1.065 -0.435 0 2
0 1.065 -0.425 0 2
0 1.065 -0.415 0 2
0 1.065 -0.405 0 2
0 1.065 -0.395 0 2
0 1.065 -0.385 0 2
0 1.065 -0.375 0 2
0 1.065 -0.365 0 2
0 1.065 -0.355 0 2
0 1.065 -0.345 0 2
0 1.065 -0.335 0 2
0 1.065 -0.325 0 2
0 1.065 -0.315 0 2
0 1.065 -0.305 0 2
0 1.065 -0.295 0 2
0 1.065 -0.285 0 2
0 1.065 -0.275 0 2
0 1.065 -0.265 0 1
0 1.065 -0.255 0 1
0 1.065 -0.245 0 1
0 1.065 -0.235 0 1
0 1.065 -0.225 0 1
0 1.065 -0.215 0 1
0 1.065 -0.205 0 1
0 1.065 -0.195 0 1
0 1.065 -0.185 0 2
0 1.065 -0.175 0 2
0 1.065 -0.165 0 2
0 1.065 -0.155 0 2
0 1.065 -0.145 0 2
0 1.065 -0.135 0 2
0 1.065 -0.125 0 2
0 1.065 -0.115 0 2
0 1.065 -0.105 0 2
0 1.065 -0.095 0 2
0 1.065 -0.085 0 2
0 1.065 -0.075 0 2
0 1.065 -0.065 0 2
0 1.065 -0.055 0 2
0 1.065 -0.045 0 2
0 1.065 -0.035 0 2
0 1.065 -0.025 0 2
0 1.065 -0.015 0 2
0 1.065 -0.005 0 2
0 1.065 0.005 0 2
0 1.065 0.015 0 2
0 1.065 0.025 0 2
0 1.065 0.035 0 2
0 1.065 0.045 0 2
0 1.065 0.055 0 2
0 1.065 0.065 0 2
0 1.065 0.075 0 2
0 1.065 0.085 0 2
0 1.065 0.095 0 2
0 1.065 0.105 0 2
0 1.065 0.115 0 2
0 1.065 0.125 0 2
0 1.065 0.135 0 2
0 1.065 0.145 0 2
0 1.065 0.155 0 2
0 1.065 0.165 0 2
0 1.065 0.175 0 2
0 1.065 0.185 0 2
0 1.065 0.195 0 1
0 1.065 0.205 0 1
0 1.065 0.215 0 1
0 1.065 0.225 0 1
0 1.065 0.235 0 1
0 1.065 0.245 0 1
0 1.065 0.255 0 1
0 1.065 0.265 0 1
0 1.065 0.275 0 1
0 1.065 0.285 0 2
0 1.065 0.295 0 2
0 1.065 0.305 0 2
0 1.065 0.315 0 2
0 1.065 0.325 0 2
0 1.065 0.335 0 2
0 1.065 0.345 0 2
0 1.065 0.355 0 2
0 1.065 0.365 0 2
0 1.065 0.375 0 2
0 1.065 0.385 0 1
0 1.065 0.395 0 1
0 1.065 0.405 0 1
0 1.065 0.415 0 1
0 1.065 0.425 0 1
0 1.065 0.435 0 2
0 1.065 0.445 0 2
0 1.065 0.455 0 2
0 1.065 0.465 0 2
0 1.065 0.475 0 2
0 1.065 0.485 0 2
0 1.065 0.495 0 2
0 1.065 0.505 0 2
0 1.065 0.515 0 2
0 1.065 0.525 0 2
0 1.065 0.535 0 2
0 1.065 0.545 0 2
0 1.065 0.555 0 2
0 1.065 0.565 0 2
