t x y content type
0 -0.055 -0.455 0 2
0 -0.055 -0.445 0 2
0 -0.055 -0.435 0 2
0 -0.055 -0.425 0 2
0 -0.055 -0.415 0 2
0 -0.055 -0.405 0 2
0 -0.055 -0.395 0 2
0 -0.055 -0.385 0 2
0 -0.055 -0.375 0 2
0 -0.055 -0.365 0 2
0 -0.055 -0.355 0 2
0 -0.055 -0.345 0 2
0 -0.055 -0.335 0 1
0 -0.055 -0.325 0 1
0 -0.055 -0.315 0 1
0 -0.055 -0.305 0 1
0 -0.055 -0.295 0 1
0 -0.055 -0.285 0 1
0 -0.055 -0.275 0 1
0 -0.055 -0.265 0 2
0 -0.055 -0.255 0 2
0 -0.055 -0.245 0 2
0 -0.055 -0.235 0 2
0 -0.055 -0.225 0 2
0 -0.055 -0.215 0 2
0 -0.055 -0.205 0 2
0 -0.055 -0.195 0 2
0 -0.055 -0.185 0 2
0 -0.055 -0.175 0 2
0 -0.055 -0.165 0 2
0 -0.055 -0.155 0 2
0 -0.055 -0.145 0 2
0 -0.055 -0.135 0 2
0 -0.055 -0.125 0 2
0 -0.055 -0.115 0 2
0 -0.055 -0.105 0 2
0 -0.055 -0.095 0 2
0 -0.055 -0.085 0 2
0 -0.055 -0.075 0 2
0 -0.055 -0.065 0 2
0 -0.055 -0.055 0 1
0 -0.055 -0.045 0 1
0 -0.055 -0.035 0 1
0 -0.055 -0.025 0 1
0 -0.055 -0.015 0 1
0 -0.055 -0.005 0 1
0 -0.055 0.005 0 1
0 -0.055 0.015 0 1
0 -0.055 0.025 0 1
0 -0.055 0.035 0 1
0 -0.055 0.045 0 1
0 -0.055 0.055 0 1
0 -0.055 0.065 0 1
0 -0.055 0.075 0 2
0 -0.055 0.085 0 2
0 -0.055 0.095 0 2
0 -0.055 0.105 0 2
0 -0.055 0.115 0 2
0 -0.055 0.125 0 2
0 -0.055 0.135 0 2
0 -0.055 0.145 0 1
0 -0.055 0.155 0 1
0 -0.055 0.165 0 1
0 -0.055 0.175 0 1
0 -0.055 0.185 0 1
0 -0.055 0.195 0 1
0 -0.055 0.205 0 1
0 -0.055 0.215 0 1
0 -0.055 0.225 0 1
0 -0.055 0.235 0 1
0 -0.055 0.245 0 2
0 -0.055 0.255 0 2
0 -0.055 0.265 0 2
0 -0.055 0.275 0 2
0 -0.055 0.285 0 1
0 -0.055 0.295 0 1
0 -0.055 0.305 0 1
0 -0.055 0.315 0 1
0 -0.055 0.325 0 1
0 -0.055 0.335 0 1
0 -0.055 0.345 0 1
0 -0.055 0.355 0 1
0 -0.055 0.365 0 1
0 -0.055 0.375 0 2
0 -0.055 0.385 0 2
0 -0.055 0.395 0 2
0 -0.055 0.405 0 2
0 -0.055 0.415 0 2
0 -0.055 0.425 0 2
0 -0.055 0.435 0 2
0 -0.055 0.445 0 2
0 -0.055 0.455 0 2
0 -0.055 0.465 0 1
0 -0.045 -0.455 0 2
0 -0.045 -0.445 0 2
0 -0.045 -0.435 0 2
0 -0.045 -0.425 0 2
0 -0.045 -0.415 0 2
0 -0.045 -0.405 0 2
0 -0.045 -0.395 0 2
0 -0.045 -0.385 0 2
0 -0.045 -0.375 0 2
0 -0.045 -0.365 0 2
0 -0.045 -0.355 0 2
0 -0.045 -0.345 0 2
0 -0.045 -0.335 0 2
0 -0.045 -0.325 0 2
0 -0.045 -0.315 0 2
0 -0.045 -0.305 0 1
0 -0.045 -0.295 0 1
0 -0.045 -0.285 0 2
0 -0.045 -0.275 0 2
0 -0.045 -0.265 0 2
0 -0.045 -0.255 0 2
0 -0.045 -0.245 0 2
0 -0.045 -0.235 0 2
0 -0.045 -0.225 0 2
0 -0.045 -0.215 0 2
0 -0.045 -0.205 0 2
0 -0.045 -0.195 0 2
0 -0.045 -0.185 0 2
0 -0.045 -0.175 0 2
0 -0.045 -0.165 0 2
0 -0.045 -0.155 0 2
0 -0.045 -0.145 0 2
0 -0.045 -0.135 0 2
0 -0.045 -0.125 0 2
0 -0.045 -0.115 0 2
0 -0.045 -0.105 0 2
0 -0.045 -0.095 0 2
0 -0.045 -0.085 0 2
0 -0.045 -0.075 0 2
0 -0.045 -0.065 0 2
0 -0.045 -0.055 0 1
0 -0.045 -0.045 0 1
0 -0.045 -0.035 0 1
0 -0.045 -0.025 0 1
0 -0.045 -0.015 0 1
0 -0.045 -0.005 0 1
0 -0.045 0.005 0 1
0 -0.045 0.015 0 1
0 -0.045 0.025 0 1
0 -0.045 0.035 0 1
0 -0.045 0.045 0 1
0 -0.045 0.055 0 1
0 -0.045 0.065 0 1
0 -0.045 0.075 0 2
0 -0.045 0.085 0 2
0 -0.045 0.095 0 2
0 -0.045 0.105 0 2
0 -0.045 0.115 0 2
0 -0.045 0.125 0 2
0 -0.045 0.135 0 2
0 -0.045 0.145 0 2
0 -0.045 0.155 0 1
0 -0.045 0.165 0 1
0 -0.045 0.175 0 1
0 -0.045 0.185 0 1
0 -0.045 0.195 0 1
0 -0.045 0.205 0 1
0 -0.045 0.215 0 1
0 -0.045 0.225 0 1
0 -0.045 0.235 0 1
0 -0.045 0.245 0 2
0 -0.045 0.255 0 2
0 -0.045 0.265 0 2
0 -0.045 0.275 0 2
0 -0.045 0.285 0 2
0 -0.045 0.295 0 1
0 -0.045 0.305 0 1
0 -0.045 0.315 0 1
0 -0.045 0.325 0 1
0 -0.045 0.335 0 1
0 -0.045 0.345 0 1
0 -0.045 0.355 0 1
0 -0.045 0.365 0 1
0 -0.045 0.375 0 2
0 -0.045 0.385 0 2
0 -0.045 0.395 0 2
0 -0.045 0.405 0 2
0 -0.045 0.415 0 2
0 -0.045 0.425 0 2
0 -0.045 0.435 0 2
0 -0.045 0.445 0 2
0 -0.045 0.455 0 2
0 -0.045 0.465 0 2
0 -0.035 -0.455 0 2
0 -0.035 -0.445 0 2
0 -0.035 -0.435 0 2
0 -0.035 -0.425 0 2
0 -0.035 -0.415 0 2
0 -0.035 -0.405 0 2
0 -0.035 -0.395 0 2
0 -0.035 -0.385 0 2
0 -0.035 -0.375 0 2
0 -0.035 -0.365 0 2
0 -0.035 -0.355 0 2
0 -0.035 -0.345 0 2
0 -0.035 -0.335 0 2
0 -0.035 -0.325 0 2
0 -0.035 -0.315 0 2
0 -0.035 -0.305 0 2
0 -0.035 -0.295 0 2
0 -0.035 -0.285 0 2
0 -0.035 -0.275 0 2
0 -0.035 -0.265 0 2
0 -0.035 -0.255 0 2
0 -0.035 -0.245 0 2
0 -0.035 -0.235 0 2
0 -0.035 -0.225 0 2
0 -0.035 -0.215 0 2
0 -0.035 -0.205 0 2
0 -0.035 -0.195 0 2
0 -0.035 -0.185 0 2
0 -0.035 -0.175 0 2
0 -0.035 -0.165 0 2
0 -0.035 -0.155 0 2
0 -0.035 -0.145 0 2
0 -0.035 -0.135 0 2
0 -0.035 -0.125 0 2
0 -0.035 -0.115 0 2
0 -0.035 -0.105 0 2
0 -0.035 -0.095 0 2
0 -0.035 -0.085 0 2
0 -0.035 -0.075 0 2
0 -0.035 -0.065 0 2
0 -0.035 -0.055 0 1
0 -0.035 -0.045 0 1
0 -0.035 -0.035 0 1
0 -0.035 -0.025 0 1
0 -0.035 -0.015 0 1
0 -0.035 -0.005 0 1
0 -0.035 0.005 0 1
0 -0.035 0.015 0 1
0 -0.035 0.025 0 1
0 -0.035 0.035 0 1
0 -0.035 0.045 0 1
0 -0.035 0.055 0 1
0 -0.035 0.065 0 1
0 -0.035 0.075 0 2
0 -0.035 0.085 0 2
0 -0.035 0.095 0 2
0 -0.035 0.105 0 2
0 -0.035 0.115 0 2
0 -0.035 0.125 0 2
0 -0.035 0.135 0 2
0 -0.035 0.145 0 2
0 -0.035 0.155 0 2
0 -0.035 0.165 0 1
0 -0.035 0.175 0 1
0 -0.035 0.185 0 1
0 -0.035 0.195 0 1
0 -0.035 0.205 0 1
0 -0.035 0.215 0 1
0 -0.035 0.225 0 1
0 -0.035 0.235 0 1
0 -0.035 0.245 0 2
0 -0.035 0.255 0 2
0 -0.035 0.265 0 2
0 -0.035 0.275 0 2
0 -0.035 0.285 0 2
0 -0.035 0.295 0 2
0 -0.035 0.305 0 2
0 -0.035 0.315 0 1
0 -0.035 0.325 0 1
0 -0.035 0.335 0 1
0 -0.035 0.345 0 1
0 -0.035 0.355 0 1
0 -0.035 0.365 0 2
0 -0.035 0.375 0 2
0 -0.035 0.385 0 2
0 -0.035 0.395 0 2
0 -0.035 0.405 0 2
0 -0.035 0.415 0 2
0 -0.035 0.425 0 2
0 -0.035 0.435 0 2
0 -0.035 0.445 0 2
0 -0.035 0.455 0 2
0 -0.035 0.465 0 2
0 -0.025 -0.455 0 2
0 -0.025 -0.445 0 2
0 -0.025 -0.435 0 2
0 -0.025 -0.425 0 2
0 -0.025 -0.415 0 2
0 -0.025 -0.405 0 2
0 -0.025 -0.395 0 2
0 -0.025 -0.385 0 2
0 -0.025 -0.375 0 2
0 -0.025 -0.365 0 2
0 -0.025 -0.355 0 2
0 -0.025 -0.345 0 2
0 -0.025 -0.335 0 2
0 -0.025 -0.325 0 2
0 -0.025 -0.315 0 2
0 -0.025 -0.305 0 2
0 -0.025 -0.295 0 2
0 -0.025 -0.285 0 2
0 -0.025 -0.275 0 2
0 -0.025 -0.265 0 2
0 -0.025 -0.255 0 2
0 -0.025 -0.245 0 2
0 -0.025 -0.235 0 2
0 -0.025 -0.225 0 2
0 -0.025 -0.215 0 2
0 -0.025 -0.205 0 2
0 -0.025 -0.195 0 2
0 -0.025 -0.185 0 2
0 -0.025 -0.175 0 2
0 -0.025 -0.165 0 2
0 -0.025 -0.155 0 2
0 -0.025 -0.145 0 2
0 -0.025 -0.135 0 2
0 -0.025 -0.125 0 2
0 -0.025 -0.115 0 2
0 -0.025 -0.105 0 2
0 -0.025 -0.095 0 2
0 -0.025 -0.085 0 2
0 -0.025 -0.075 0 2
0 -0.025 -0.065 0 2
0 -0.025 -0.055 0 1
0 -0.025 -0.045 0 1
0 -0.025 -0.035 0 1
0 -0.025 -0.025 0 1
0 -0.025 -0.015 0 1
0 -0.025 -0.005 0 1
0 -0.025 0.005 0 1
0 -0.025 0.015 0 1
0 -0.025 0.025 0 1
0 -0.025 0.035 0 1
0 -0.025 0.045 0 1
0 -0.025 0.055 0 1
0 -0.025 0.065 0 2
0 -0.025 0.075 0 2
0 -0.025 0.085 0 2
0 -0.025 0.095 0 2
0 -0.025 0.105 0 2
0 -0.025 0.115 0 2
0 -0.025 0.125 0 2
0 -0.025 0.135 0 2
0 -0.025 0.145 0 2
0 -0.025 0.155 0 2
0 -0.025 0.165 0 2
0 -0.025 0.175 0 2
0 -0.025 0.185 0 2
0 -0.025 0.195 0 1
0 -0.025 0.205 0 1
0 -0.025 0.215 0 1
0 -0.025 0.225 0 2
0 -0.025 0.235 0 2
0 -0.025 0.245 0 2
0 -0.025 0.255 0 2
0 -0.025 0.265 0 2
0 -0.025 0.275 0 2
0 -0.025 0.285 0 2
0 -0.025 0.295 0 2
0 -0.025 0.305 0 2
0 -0.025 0.315 0 2
0 -0.025 0.325 0 2
0 -0.025 0.335 0 2
0 -0.025 0.345 0 2
0 -0.025 0.355 0 2
0 -0.025 0.365 0 2
0 -0.025 0.375 0 1
0 -0.025 0.385 0 1
0 -0.025 0.395 0 1
0 -0.025 0.405 0 2
0 -0.025 0.415 0 2
0 -0.025 0.425 0 2
0 -0.025 0.435 0 2
0 -0.025 0.445 0 2
0 -0.025 0.455 0 2
0 -0.025 0.465 0 2
0 -0.015 -0.455 0 2
0 -0.015 -0.445 0 2
0 -0.015 -0.435 0 2
0 -0.015 -0.425 0 2
0 -0.015 -0.415 0 2
0 -0.015 -0.405 0 2
0 -0.015 -0.395 0 2
0 -0.015 -0.385 0 2
0 -0.015 -0.375 0 2
0 -0.015 -0.365 0 2
0 -0.015 -0.355 0 2
0 -0.015 -0.345 0 2
0 -0.015 -0.335 0 2
0 -0.015 -0.325 0 2
0 -0.015 -0.315 0 2
0 -0.015 -0.305 0 2
0 -0.015 -0.295 0 2
0 -0.015 -0.285 0 2
0 -0.015 -0.275 0 2
0 -0.015 -0.265 0 2
0 -0.015 -0.255 0 2
0 -0.015 -0.245 0 2
0 -0.015 -0.235 0 2
0 -0.015 -0.225 0 2
0 -0.015 -0.215 0 2
0 -0.015 -0.205 0 2
0 -0.015 -0.195 0 2
0 -0.015 -0.185 0 2
0 -0.015 -0.175 0 2
0 -0.015 -0.165 0 2
0 -0.015 -0.155 0 2
0 -0.015 -0.145 0 2
0 -0.015 -0.135 0 2
0 -0.015 -0.125 0 2
0 -0.015 -0.115 0 2
0 -0.015 -0.105 0 2
0 -0.015 -0.095 0 2
0 -0.015 -0.085 0 2
0 -0.015 -0.075 0 2
0 -0.015 -0.065 0 2
0 -0.015 -0.055 0 2
0 -0.015 -0.045 0 1
0 -0.015 -0.035 0 1
0 -0.015 -0.025 0 1
0 -0.015 -0.015 0 2
0 -0.015 -0.005 0 2
0 -0.015 0.005 0 1
0 -0.015 0.015 0 1
0 -0.015 0.025 0 1
0 -0.015 0.035 0 1
0 -0.015 0.045 0 1
0 -0.015 0.055 0 1
0 -0.015 0.065 0 2
0 -0.015 0.075 0 2
0 -0.015 0.085 0 2
0 -0.015 0.095 0 2
0 -0.015 0.105 0 2
0 -0.015 0.115 0 2
0 -0.015 0.125 0 2
0 -0.015 0.135 0 2
0 -0.015 0.145 0 2
0 -0.015 0.155 0 2
0 -0.015 0.165 0 2
0 -0.015 0.175 0 2
0 -0.015 0.185 0 2
0 -0.015 0.195 0 2
0 -0.015 0.205 0 2
0 -0.015 0.215 0 2
0 -0.015 0.225 0 2
0 -0.015 0.235 0 2
0 -0.015 0.245 0 2
0 -0.015 0.255 0 2
0 -0.015 0.265 0 2
0 -0.015 0.275 0 2
0 -0.015 0.285 0 2
0 -0.015 0.295 0 2
0 -0.015 0.305 0 2
0 -0.015 0.315 0 2
0 -0.015 0.325 0 2
0 -0.015 0.335 0 2
0 -0.015 0.345 0 2
0 -0.015 0.355 0 2
0 -0.015 0.365 0 1
0 -0.015 0.375 0 1
0 -0.015 0.385 0 1
0 -0.015 0.395 0 1
0 -0.015 0.405 0 1
0 -0.015 0.415 0 2
0 -0.015 0.425 0 2
0 -0.015 0.435 0 2
0 -0.015 0.445 0 2
0 -0.015 0.455 0 2
0 -0.015 0.465 0 2
0 -0.005 -0.455 0 2
0 -0.005 -0.445 0 2
0 -0.005 -0.435 0 2
0 -0.005 -0.425 0 2
0 -0.005 -0.415 0 2
0 -0.005 -0.405 0 2
0 -0.005 -0.395 0 2
0 -0.005 -0.385 0 2
0 -0.005 -0.375 0 2
0 -0.005 -0.365 0 2
0 -0.005 -0.355 0 2
0 -0.005 -0.345 0 2
0 -0.005 -0.335 0 2
0 -0.005 -0.325 0 2
0 -0.005 -0.315 0 2
0 -0.005 -0.305 0 2
0 -0.005 -0.295 0 2
0 -0.005 -0.285 0 2
0 -0.005 -0.275 0 2
0 -0.005 -0.265 0 2
0 -0.005 -0.255 0 2
0 -0.005 -0.245 0 2
0 -0.005 -0.235 0 2
0 -0.005 -0.225 0 2
0 -0.005 -0.215 0 2
0 -0.005 -0.205 0 2
0 -0.005 -0.195 0 2
0 -0.005 -0.185 0 2
0 -0.005 -0.175 0 2
0 -0.005 -0.165 0 2
0 -0.005 -0.155 0 2
0 -0.005 -0.145 0 2
0 -0.005 -0.135 0 2
0 -0.005 -0.125 0 2
0 -0.005 -0.115 0 2
0 -0.005 -0.105 0 2
0 -0.005 -0.095 0 2
0 -0.005 -0.085 0 2
0 -0.005 -0.075 0 2
0 -0.005 -0.065 0 2
0 -0.005 -0.055 0 2
0 -0.005 -0.045 0 2
0 -0.005 -0.035 0 2
0 -0.005 -0.025 0 2
0 -0.005 -0.015 0 2
0 -0.005 -0.005 0 2
0 -0.005 0.005 0 2
0 -0.005 0.015 0 1
0 -0.005 0.025 0 1
0 -0.005 0.035 0 1
0 -0.005 0.045 0 1
0 -0.005 0.055 0 2
0 -0.005 0.065 0 2
0 -0.005 0.075 0 2
0 -0.005 0.085 0 2
0 -0.005 0.095 0 2
0 -0.005 0.105 0 2
0 -0.005 0.115 0 2
0 -0.005 0.125 0 2
0 -0.005 0.135 0 2
0 -0.005 0.145 0 2
0 -0.005 0.155 0 2
0 -0.005 0.165 0 2
0 -0.005 0.175 0 2
0 -0.005 0.185 0 2
0 -0.005 0.195 0 2
0 -0.005 0.205 0 2
0 -0.005 0.215 0 2
0 -0.005 0.225 0 2
0 -0.005 0.235 0 2
0 -0.005 0.245 0 2
0 -0.005 0.255 0 2
0 -0.005 0.265 0 2
0 -0.005 0.275 0 2
0 -0.005 0.285 0 2
0 -0.005 0.295 0 2
0 -0.005 0.305 0 2
0 -0.005 0.315 0 2
0 -0.005 0.325 0 2
0 -0.005 0.335 0 2
0 -0.005 0.345 0 2
0 -0.005 0.355 0 2
0 -0.005 0.365 0 1
0 -0.005 0.375 0 1
0 -0.005 0.385 0 1
0 -0.005 0.395 0 1
0 -0.005 0.405 0 1
0 -0.005 0.415 0 1
0 -0.005 0.425 0 2
0 -0.005 0.435 0 2
0 -0.005 0.445 0 2
0 -0.005 0.455 0 2
0 -0.005 0.465 0 2
0 0.005 -0.455 0 1
0 0.005 -0.445 0 2
0 0.005 -0.435 0 2
0 0.005 -0.425 0 2
0 0.005 -0.415 0 2
0 0.005 -0.405 0 2
0 0.005 -0.395 -9.497693866e-05 2
0 0.005 -0.385 -0.0001402534163 2
0 0.005 -0.375 -0.0001834035199 2
0 0.005 -0.365 -0.0002187689141 2
0 0.005 -0.355 -0.0002512317512 2
0 0.005 -0.345 -0.0002814271002 2
0 0.005 -0.335 -0.0003108087297 2
0 0.005 -0.325 -0.0003403792014 2
0 0.005 -0.315 -0.0003710521188 2
0 0.005 -0.305 -0.0004037167421 2
0 0.005 -0.295 -0.0004383259904 2
0 0.005 -0.285 -0.000472267414 2
0 0.005 -0.275 -0.0005060740981 2
0 0.005 -0.265 -0.0005253370901 2
0 0.005 -0.255 -0.0005187355563 2
0 0.005 -0.245 -0.0004844403898 2
0 0.005 -0.235 -0.0004428569923 2
0 0.005 -0.225 -0.0004100420044 2
0 0.005 -0.215 -0.0003868503894 2
0 0.005 -0.205 -0.0003676920085 2
0 0.005 -0.195 -0.0003522059676 2
0 0.005 -0.185 -0.0003425562607 2
0 0.005 -0.175 -0.0003357005911 2
0 0.005 -0.165 -0.0003289608963 2
0 0.005 -0.155 -0.0003205078641 2
0 0.005 -0.145 -0.000309525585 2
0 0.005 -0.135 -0.0002957758888 2
0 0.005 -0.125 -0.0002794197026 2
0 0.005 -0.115 -0.0002608702273 2
0 0.005 -0.105 -0.0002406757794 2
0 0.005 -0.095 -0.0002194370547 2
0 0.005 -0.085 -0.0001980228063 2
0 0.005 -0.075 -0.0001772306494 2
0 0.005 -0.065 -0.0001618611503 2
0 0.005 -0.055 -0.0001466535334 2
0 0.005 -0.045 -0.000121539856 2
0 0.005 -0.035 -8.246399602e-05 2
0 0.005 -0.025 -4.52639505e-05 2
0 0.005 -0.015 -3.057419201e-05 2
0 0.005 -0.005 -3.293269146e-05 2
0 0.005 0.005 -2.821929679e-05 2
0 0.005 0.015 1.631414348e-06 2
0 0.005 0.025 3.927015148e-05 2
0 0.005 0.035 7.578880003e-05 2
0 0.005 0.045 0.0001164643649 2
0 0.005 0.055 0.0001504858652 2
0 0.005 0.065 0.0001668446061 2
0 0.005 0.075 0.0001766220622 2
0 0.005 0.085 0.0001906136626 2
0 0.005 0.095 0.0002099081797 2
0 0.005 0.105 0.0002301763332 2
0 0.005 0.115 0.0002504656011 2
0 0.005 0.125 0.0002697177826 2
0 0.005 0.135 0.0002864830918 2
0 0.005 0.145 0.0002986655187 2
0 0.005 0.155 0.0003014590886 2
0 0.005 0.165 0.0002986569769 2
0 0.005 0.175 0.0003010497428 2
0 0.005 0.185 0.0003145778148 1
0 0.005 0.195 0.0003355084056 1
0 0.005 0.205 0.0003486183248 1
0 0.005 0.215 0.0003553556748 1
0 0.005 0.225 0.0003605232309 1
0 0.005 0.235 0.0003670814093 2
0 0.005 0.245 0.0003868746111 2
0 0.005 0.255 0.0004067384761 2
0 0.005 0.265 0.0004085197368 2
0 0.005 0.275 0.0003926948236 2
0 0.005 0.285 0.0003711682772 2
0 0.005 0.295 0.0003498568946 2
0 0.005 0.305 0.0003269124069 2
0 0.005 0.315 0.0003033162498 2
0 0.005 0.325 0.0002783719019 2
0 0.005 0.335 0.0002496730237 2
0 0.005 0.345 0.0002126794198 2
0 0.005 0.355 0.0001738363581 1
0 0.005 0.365 0.0001467596029 1
0 0.005 0.375 0.0001227752444 1
0 0.005 0.385 9.297423721e-05 1
0 0.005 0.395 6.271782561e-05 1
0 0.005 0.405 0 1
0 0.005 0.415 0 1
0 0.005 0.425 0 1
0 0.005 0.435 0 2
0 0.005 0.445 0 2
0 0.005 0.455 0 2
0 0.005 0.465 0 2
0 0.015 -0.455 0 1
0 0.015 -0.445 0 2
0 0.015 -0.435 0 2
0 0.015 -0.425 0 2
0 0.015 -0.415 0 2
0 0.015 -0.405 0 2
0 0.015 -0.395 -0.0001262958822 2
0 0.015 -0.385 -0.0001957625449 2
0 0.015 -0.375 -0.0002653571884 2
0 0.015 -0.365 -0.0003226921131 2
0 0.015 -0.355 -0.0003751451157 2
0 0.015 -0.345 -0.0004234383713 2
0 0.015 -0.335 -0.0004697225507 2
0 0.015 -0.325 -0.0005153794732 2
0 0.015 -0.315 -0.0005615623824 2
0 0.015 -0.305 -0.0006095966348 2
0 0.015 -0.295 -0.0006590988075 2
0 0.015 -0.285 -0.0007118196833 2
0 0.015 -0.275 -0.0007597617628 2
0 0.015 -0.265 -0.0007850224078 2
0 0.015 -0.255 -0.0007833424231 2
0 0.015 -0.245 -0.0007631789594 2
0 0.015 -0.235 -0.000733213008 2
0 0.015 -0.225 -0.0006892444384 2
0 0.015 -0.215 -0.00063919677 2
0 0.015 -0.205 -0.000596125026 2
0 0.015 -0.195 -0.0005700804456 2
0 0.015 -0.185 -0.0005530421326 2
0 0.015 -0.175 -0.0005382679054 2
0 0.015 -0.165 -0.0005246635996 2
0 0.015 -0.155 -0.0005091506775 2
0 0.015 -0.145 -0.0004902048313 2
0 0.015 -0.135 -0.0004673864014 2
0 0.015 -0.125 -0.0004409280072 2
0 0.015 -0.115 -0.0004113854736 2
0 0.015 -0.105 -0.0003795256661 2
0 0.015 -0.095 -0.0003461646808 2
0 0.015 -0.085 -0.0003122631058 2
0 0.015 -0.075 -0.0002784137394 2
0 0.015 -0.065 -0.0002444947746 2
0 0.015 -0.055 -0.0002095989254 2
0 0.015 -0.045 -0.0001732633385 2
0 0.015 -0.035 -0.0001368180894 2
0 0.015 -0.025 -0.0001035542407 2
0 0.015 -0.015 -7.581415061e-05 2
0 0.015 -0.005 -6.088421867e-05 2
0 0.015 0.005 -4.451289424e-05 2
0 0.015 0.015 -5.129149474e-06 2
0 0.015 0.025 5.677631177e-05 2
0 0.015 0.035 0.0001302413753 2
0 0.015 0.045 0.0001934840988 2
0 0.015 0.055 0.0002350828163 2
0 0.015 0.065 0.0002546748631 2
0 0.015 0.075 0.0002714175771 2
0 0.015 0.085 0.0002966020286 2
0 0.015 0.095 0.0003240231631 2
0 0.015 0.105 0.0003530949392 2
0 0.015 0.115 0.0003823371881 2
0 0.015 0.125 0.0004104394753 2
0 0.015 0.135 0.0004359705166 2
0 0.015 0.145 0.0004566890195 2
0 0.015 0.155 0.0004698612696 2
0 0.015 0.165 0.000467542848 2
0 0.015 0.175 0.0004629959649 2
0 0.015 0.185 0.0004673745647 1
0 0.015 0.195 0.0004872454122 1
0 0.015 0.205 0.0005053781226 1
0 0.015 0.215 0.000524147774 1
0 0.015 0.225 0.0005416537055 1
0 0.015 0.235 0.0005520828933 1
0 0.015 0.245 0.0005599044812 1
0 0.015 0.255 0.0005719280009 2
0 0.015 0.265 0.0005858958726 2
0 0.015 0.275 0.0005800121006 2
0 0.015 0.285 0.0005531104539 2
0 0.015 0.295 0.0005195251367 2
0 0.015 0.305 0.0004855880266 2
0 0.015 0.315 0.0004485714452 2
0 0.015 0.325 0.0004080172083 2
0 0.015 0.335 0.0003586007709 2
0 0.015 0.345 0.0003044724657 2
0 0.015 0.355 0.0002521820331 1
0 0.015 0.365 0.0002095304192 1
0 0.015 0.375 0.0001715105793 1
0 0.015 0.385 0.0001274544789 1
0 0.015 0.395 8.156487046e-05 1
0 0.015 0.405 0 1
0 0.015 0.415 0 1
0 0.015 0.425 0 1
0 0.015 0.435 0 2
0 0.015 0.445 0 2
0 0.015 0.455 0 2
0 0.015 0.465 0 2
0 0.025 -0.455 0 1
0 0.025 -0.445 0 1
0 0.025 -0.435 0 2
0 0.025 -0.425 0 2
0 0.025 -0.415 0 2
0 0.025 -0.405 0 2
0 0.025 -0.395 -0.000142336628 2
0 0.025 -0.385 -0.0002276692765 2
0 0.025 -0.375 -0.0003164736968 2
0 0.025 -0.365 -0.0003907685762 2
0 0.025 -0.355 -0.0004587755044 2
0 0.025 -0.345 -0.0005208629739 2
0 0.025 -0.335 -0.0005795200815 2
0 0.025 -0.325 -0.0006362398429 2
0 0.025 -0.315 -0.0006920908071 2
0 0.025 -0.305 -0.0007482885812 2
0 0.025 -0.295 -0.000803650827 2
0 0.025 -0.285 -0.0008632705941 2
0 0.025 -0.275 -0.000910605138 2
0 0.025 -0.265 -0.0009333252207 2
0 0.025 -0.255 -0.0009491437127 1
0 0.025 -0.245 -0.0009570038546 1
0 0.025 -0.235 -0.0009559727276 1
0 0.025 -0.225 -0.0009255238655 2
0 0.025 -0.215 -0.0008699038625 2
0 0.025 -0.205 -0.0008072062758 2
0 0.025 -0.195 -0.0007606145502 2
0 0.025 -0.185 -0.0007298551963 2
0 0.025 -0.175 -0.0007082434973 2
0 0.025 -0.165 -0.0006867592425 2
0 0.025 -0.155 -0.0006638224833 2
0 0.025 -0.145 -0.0006371228791 2
0 0.025 -0.135 -0.0006059652096 2
0 0.025 -0.125 -0.0005706580261 2
0 0.025 -0.115 -0.0005318260184 2
0 0.025 -0.105 -0.0004903645226 2
0 0.025 -0.095 -0.0004472333809 2
0 0.025 -0.085 -0.0004034463176 2
0 0.025 -0.075 -0.0003597021795 2
0 0.025 -0.065 -0.0003161818364 2
0 0.025 -0.055 -0.0002720857435 2
0 0.025 -0.045 -0.0002268947995 2
0 0.025 -0.035 -0.0001816644949 2
0 0.025 -0.025 -0.0001395544649 2
0 0.025 -0.015 -0.0001023882641 2
0 0.025 -0.005 -6.775964229e-05 2
0 0.025 0.005 -2.841762617e-05 2
0 0.025 0.015 2.254331176e-05 2
0 0.025 0.025 8.487035074e-05 2
0 0.025 0.035 0.0001520445201 2
0 0.025 0.045 0.0002146633077 2
0 0.025 0.055 0.0002663334609 2
0 0.025 0.065 0.0003062157485 2
0 0.025 0.075 0.0003394610655 2
0 0.025 0.085 0.0003716595031 2
0 0.025 0.095 0.0004049777294 2
0 0.025 0.105 0.0004394291813 2
0 0.025 0.115 0.0004737674849 2
0 0.025 0.125 0.0005067423527 2
0 0.025 0.135 0.0005370417264 2
0 0.025 0.145 0.0005624513269 2
0 0.025 0.155 0.0005806225296 2
0 0.025 0.165 0.0005745481741 2
0 0.025 0.175 0.0005495046253 1
0 0.025 0.185 0.0005528362574 1
0 0.025 0.195 0.0005827968621 1
0 0.025 0.205 0.0006155624599 1
0 0.025 0.215 0.0006446897753 1
0 0.025 0.225 0.000670582314 1
0 0.025 0.235 0.0006872466415 1
0 0.025 0.245 0.0006932503924 1
0 0.025 0.255 0.0006946659577 1
0 0.025 0.265 0.0006939142201 2
0 0.025 0.275 0.0006911453481 2
0 0.025 0.285 0.0006660659388 2
0 0.025 0.295 0.0006272858003 2
0 0.025 0.305 0.000587632973 2
0 0.025 0.315 0.0005416172586 2
0 0.025 0.325 0.0004897864755 2
0 0.025 0.335 0.0004271674876 2
0 0.025 0.345 0.0003629186085 2
0 0.025 0.355 0.0003045472512 2
0 0.025 0.365 0.0002476813372 1
0 0.025 0.375 0.000199097635 1
0 0.025 0.385 0.0001448908502 1
0 0.025 0.395 8.975240616e-05 1
0 0.025 0.405 0 1
0 0.025 0.415 0 1
0 0.025 0.425 0 1
0 0.025 0.435 0 2
0 0.025 0.445 0 2
0 0.025 0.455 0 2
0 0.025 0.465 0 2
0 0.035 -0.455 0 1
0 0.035 -0.445 0 1
0 0.035 -0.435 0 2
0 0.035 -0.425 0 2
0 0.035 -0.415 0 2
0 0.035 -0.405 0 2
0 0.035 -0.395 -0.0001487144309 2
0 0.035 -0.385 -0.000241572031 2
0 0.035 -0.375 -0.0003400048911 2
0 0.035 -0.365 -0.0004237369729 2
0 0.035 -0.355 -0.0005003089192 2
0 0.035 -0.345 -0.0005695777678 2
0 0.035 -0.335 -0.0006341600939 2
0 0.035 -0.325 -0.0006955869412 2
0 0.035 -0.315 -0.0007547641867 2
0 0.035 -0.305 -0.0008124663923 2
0 0.035 -0.295 -0.000867037625 2
0 0.035 -0.285 -0.0009244480018 2
0 0.035 -0.275 -0.0009696627927 2
0 0.035 -0.265 -0.001002962045 1
0 0.035 -0.255 -0.001018890617 1
0 0.035 -0.245 -0.001026511548 1
0 0.035 -0.235 -0.001026028379 1
0 0.035 -0.225 -0.001021378041 1
0 0.035 -0.215 -0.001006010827 1
0 0.035 -0.205 -0.0009612344245 2
0 0.035 -0.195 -0.0009018758557 2
0 0.035 -0.185 -0.0008535748003 2
0 0.035 -0.175 -0.0008232371165 2
0 0.035 -0.165 -0.0007982515001 2
0 0.035 -0.155 -0.0007693143173 2
0 0.035 -0.145 -0.0007365147992 2
0 0.035 -0.135 -0.0006989101115 2
0 0.035 -0.125 -0.0006568985923 2
0 0.035 -0.115 -0.000611251652 2
0 0.035 -0.105 -0.000562924716 2
0 0.035 -0.095 -0.0005129141195 2
0 0.035 -0.085 -0.0004621130137 2
0 0.035 -0.075 -0.0004111682477 2
0 0.035 -0.065 -0.0003604426947 2
0 0.035 -0.055 -0.0003100287915 2
0 0.035 -0.045 -0.0002601486246 2
0 0.035 -0.035 -0.0002114215634 2
0 0.035 -0.025 -0.0001649002437 2
0 0.035 -0.015 -0.0001206071967 2
0 0.035 -0.005 -7.646282539e-05 2
0 0.035 0.005 -2.794787472e-05 2
0 0.035 0.015 2.889157202e-05 2
0 0.035 0.025 9.366230517e-05 2
0 0.035 0.035 0.0001616436801 2
0 0.035 0.045 0.0002258973797 2
0 0.035 0.055 0.0002816165377 2
0 0.035 0.065 0.000328020828 2
0 0.035 0.075 0.0003682636521 2
0 0.035 0.085 0.0004060422258 2
0 0.035 0.095 0.0004431291546 2
0 0.035 0.105 0.0004798612183 2
0 0.035 0.115 0.0005155556121 2
0 0.035 0.125 0.0005492323265 2
0 0.035 0.135 0.0005794370359 2
0 0.035 0.145 0.0006041360542 2
0 0.035 0.155 0.0006173191106 2
0 0.035 0.165 0.0006163909544 2
0 0.035 0.175 0.0006160195868 2
0 0.035 0.185 0.0006205759471 1
0 0.035 0.195 0.000649268571 1
0 0.035 0.205 0.0006794593802 1
0 0.035 0.215 0.0007041669192 1
0 0.035 0.225 0.0007268925203 1
0 0.035 0.235 0.0007477933622 1
0 0.035 0.245 0.0007630032633 1
0 0.035 0.255 0.0007669417591 1
0 0.035 0.265 0.0007591039515 1
0 0.035 0.275 0.0007382964587 2
0 0.035 0.285 0.0007109314795 2
0 0.035 0.295 0.0006717681962 2
0 0.035 0.305 0.0006304392439 2
0 0.035 0.315 0.0005807653523 2
0 0.035 0.325 0.0005239308603 2
0 0.035 0.335 0.0004589603958 2
0 0.035 0.345 0.0003881084566 2
0 0.035 0.355 0.0003222148871 2
0 0.035 0.365 0.0002598136125 1
0 0.035 0.375 0.0002049455654 1
0 0.035 0.385 0.0001462332144 1
0 0.035 0.395 8.976785147e-05 1
0 0.035 0.405 0 1
0 0.035 0.415 0 1
0 0.035 0.425 0 1
0 0.035 0.435 0 1
0 0.035 0.445 0 2
0 0.035 0.455 0 2
0 0.035 0.465 0 2
0 0.045 -0.455 0 1
0 0.045 -0.445 0 1
0 0.045 -0.435 0 2
0 0.045 -0.425 0 2
0 0.045 -0.415 0 2
0 0.045 -0.405 0 2
0 0.045 -0.395 -0.00014794531 2
0 0.045 -0.385 -0.000243066629 2
0 0.045 -0.375 -0.0003450488789 2
0 0.045 -0.365 -0.0004325168633 2
0 0.045 -0.355 -0.0005119546189 2
0 0.045 -0.345 -0.0005828201629 2
0 0.045 -0.335 -0.0006477318272 2
0 0.045 -0.325 -0.0007084642483 2
0 0.045 -0.315 -0.0007661951889 2
0 0.045 -0.305 -0.0008214191902 2
0 0.045 -0.295 -0.0008727354376 2
0 0.045 -0.285 -0.0009266496807 2
0 0.045 -0.275 -0.0009739360155 2
0 0.045 -0.265 -0.001013308507 1
0 0.045 -0.255 -0.001026395455 1
0 0.045 -0.245 -0.001025075698 1
0 0.045 -0.235 -0.001018721506 1
0 0.045 -0.225 -0.001017060745 1
0 0.045 -0.215 -0.001017318261 1
0 0.045 -0.205 -0.001001668298 1
0 0.045 -0.195 -0.0009675131485 2
0 0.045 -0.185 -0.0009264509805 2
0 0.045 -0.175 -0.0008930162478 2
0 0.045 -0.165 -0.0008637863968 2
0 0.045 -0.155 -0.0008305428156 2
0 0.045 -0.145 -0.000793474502 2
0 0.045 -0.135 -0.0007514954844 2
0 0.045 -0.125 -0.0007049566183 2
0 0.045 -0.115 -0.0006548577755 2
0 0.045 -0.105 -0.0006021970987 2
0 0.045 -0.095 -0.000548000678 2
0 0.045 -0.085 -0.0004931954551 2
0 0.045 -0.075 -0.0004385138806 2
0 0.045 -0.065 -0.0003844375062 2
0 0.045 -0.055 -0.0003312168938 2
0 0.045 -0.045 -0.0002790673186 2
0 0.045 -0.035 -0.0002282435608 2
0 0.045 -0.025 -0.0001788503011 2
0 0.045 -0.015 -0.0001302530062 2
0 0.045 -0.005 -8.077000691e-05 2
0 0.045 0.005 -2.795838757e-05 2
0 0.045 0.015 2.989471007e-05 2
0 0.045 0.025 9.217763588e-05 2
0 0.045 0.035 0.0001559878767 2
0 0.045 0.045 0.0002173520589 2
0 0.045 0.055 0.0002731982723 2
0 0.045 0.065 0.0003225282596 2
0 0.045 0.075 0.0003664407486 2
0 0.045 0.085 0.0004067533064 2
0 0.045 0.095 0.0004447576877 2
0 0.045 0.105 0.0004809605432 2
0 0.045 0.115 0.0005150917609 2
0 0.045 0.125 0.0005463794813 2
0 0.045 0.135 0.0005734350392 2
0 0.045 0.145 0.0005948846984 2
0 0.045 0.155 0.0006052942159 2
0 0.045 0.165 0.0006130111639 2
0 0.045 0.175 0.0006265621876 2
0 0.045 0.185 0.0006397549122 1
0 0.045 0.195 0.0006653752146 1
0 0.045 0.205 0.000692398814 1
0 0.045 0.215 0.0007200199711 1
0 0.045 0.225 0.0007422829829 1
0 0.045 0.235 0.0007597365426 1
0 0.045 0.245 0.0007726513112 1
0 0.045 0.255 0.0007775616702 1
0 0.045 0.265 0.0007713987666 1
0 0.045 0.275 0.0007462294868 2
0 0.045 0.285 0.0007167309045 2
0 0.045 0.295 0.0006769257895 2
0 0.045 0.305 0.0006310458377 2
0 0.045 0.315 0.0005804624117 2
0 0.045 0.325 0.0005225856957 2
0 0.045 0.335 0.0004588699695 2
0 0.045 0.345 0.0003847132951 2
0 0.045 0.355 0.0003139646892 2
0 0.045 0.365 0.0002501863458 1
0 0.045 0.375 0.0001934895281 1
0 0.045 0.385 0.0001345506563 1
0 0.045 0.395 8.188551159e-05 1
0 0.045 0.405 0 1
0 0.045 0.415 0 1
0 0.045 0.425 0 1
0 0.045 0.435 0 1
0 0.045 0.445 0 2
0 0.045 0.455 0 2
0 0.045 0.465 0 2
0 0.055 -0.455 0 1
0 0.055 -0.445 0 2
0 0.055 -0.435 0 2
0 0.055 -0.425 0 2
0 0.055 -0.415 0 2
0 0.055 -0.405 0 2
0 0.055 -0.395 -0.0001426881566 2
0 0.055 -0.385 -0.0002395295281 2
0 0.055 -0.375 -0.0003430445222 2
0 0.055 -0.365 -0.0004305451385 2
0 0.055 -0.355 -0.0005084232224 2
0 0.055 -0.345 -0.0005732674404 2
0 0.055 -0.335 -0.0006303714262 2
0 0.055 -0.325 -0.0006848991407 2
0 0.055 -0.315 -0.0007378418402 2
0 0.055 -0.305 -0.0007883789455 2
0 0.055 -0.295 -0.0008356336481 2
0 0.055 -0.285 -0.0008878613593 2
0 0.055 -0.275 -0.0009356531842 2
0 0.055 -0.265 -0.0009731478147 1
0 0.055 -0.255 -0.0009818898593 1
0 0.055 -0.245 -0.0009811251226 1
0 0.055 -0.235 -0.0009800502526 1
0 0.055 -0.225 -0.0009750525744 1
0 0.055 -0.215 -0.000968151625 1
0 0.055 -0.205 -0.0009590769322 1
0 0.055 -0.195 -0.0009457393624 1
0 0.055 -0.185 -0.00093080516 2
0 0.055 -0.175 -0.0009037289569 2
0 0.055 -0.165 -0.0008761185067 2
0 0.055 -0.155 -0.0008466640357 2
0 0.055 -0.145 -0.0008088081607 2
0 0.055 -0.135 -0.0007652429569 2
0 0.055 -0.125 -0.0007167790165 2
0 0.055 -0.115 -0.0006648100473 2
0 0.055 -0.105 -0.0006104070112 2
0 0.055 -0.095 -0.0005546310799 2
0 0.055 -0.085 -0.000498472628 2
0 0.055 -0.075 -0.0004427841878 2
0 0.055 -0.065 -0.0003881830051 2
0 0.055 -0.055 -0.0003350128827 2
0 0.055 -0.045 -0.0002833959869 2
0 0.055 -0.035 -0.0002332557818 2
0 0.055 -0.025 -0.0001842387558 2
0 0.055 -0.015 -0.0001355202986 2
0 0.055 -0.005 -8.579472616e-05 2
0 0.055 0.005 -3.361751251e-05 2
0 0.055 0.015 2.179744164e-05 2
0 0.055 0.025 7.984572082e-05 2
0 0.055 0.035 0.0001385717578 2
0 0.055 0.045 0.000195388568 2
0 0.055 0.055 0.0002481744051 2
0 0.055 0.065 0.0002959775246 2
0 0.055 0.075 0.0003390683136 2
0 0.055 0.085 0.0003783017114 2
0 0.055 0.095 0.0004144252056 2
0 0.055 0.105 0.0004477642462 2
0 0.055 0.115 0.0004781483051 2
0 0.055 0.125 0.0005050517232 2
0 0.055 0.135 0.0005277071742 2
0 0.055 0.145 0.0005456184101 2
0 0.055 0.155 0.0005613191934 2
0 0.055 0.165 0.0005693610371 2
0 0.055 0.175 0.000585058842 2
0 0.055 0.185 0.000605604356 1
0 0.055 0.195 0.0006320806196 1
0 0.055 0.205 0.0006603680978 1
0 0.055 0.215 0.0006897568093 1
0 0.055 0.225 0.0007144295929 1
0 0.055 0.235 0.0007315476573 1
0 0.055 0.245 0.0007419836999 1
0 0.055 0.255 0.0007488217438 1
0 0.055 0.265 0.0007463051417 1
0 0.055 0.275 0.0007195393288 2
0 0.055 0.285 0.0006852708495 2
0 0.055 0.295 0.0006429855596 2
0 0.055 0.305 0.000598258744 2
0 0.055 0.315 0.0005496773869 2
0 0.055 0.325 0.0004938196389 2
0 0.055 0.335 0.0004316348133 2
0 0.055 0.345 0.0003606467313 2
0 0.055 0.355 0.0002907667619 2
0 0.055 0.365 0.00022803938 2
0 0.055 0.375 0.0001699153879 1
0 0.055 0.385 0.0001148299374 1
0 0.055 0.395 6.840816755e-05 1
0 0.055 0.405 0 1
0 0.055 0.415 0 1
0 0.055 0.425 0 1
0 0.055 0.435 0 2
0 0.055 0.445 0 2
0 0.055 0.455 0 2
0 0.055 0.465 0 2
0 0.065 -0.455 0 2
0 0.065 -0.445 0 2
0 0.065 -0.435 0 2
0 0.065 -0.425 0 2
0 0.065 -0.415 0 2
0 0.065 -0.405 0 2
0 0.065 -0.395 -0.000136089552 2
0 0.065 -0.385 -0.0002314046332 2
0 0.065 -0.375 -0.0003300213124 2
0 0.065 -0.365 -0.0004123183341 2
0 0.065 -0.355 -0.0004857393266 2
0 0.065 -0.345 -0.0005442618363 2
0 0.065 -0.335 -0.0005916393169 2
0 0.065 -0.325 -0.000635557149 2
0 0.065 -0.315 -0.0006789482257 2
0 0.065 -0.305 -0.0007220083644 2
0 0.065 -0.295 -0.0007634837435 2
0 0.065 -0.285 -0.0008082707263 2
0 0.065 -0.275 -0.0008538493576 2
0 0.065 -0.265 -0.0008928977511 1
0 0.065 -0.255 -0.0009033207477 1
0 0.065 -0.245 -0.000901193498 1
0 0.065 -0.235 -0.0008982205685 1
0 0.065 -0.225 -0.0008938874142 1
0 0.065 -0.215 -0.0008875562306 1
0 0.065 -0.205 -0.0008822896798 1
0 0.065 -0.195 -0.0008708031052 1
0 0.065 -0.185 -0.0008641881092 2
0 0.065 -0.175 -0.0008562529323 2
0 0.065 -0.165 -0.0008434719213 2
0 0.065 -0.155 -0.000819727349 2
0 0.065 -0.145 -0.0007842723853 2
0 0.065 -0.135 -0.0007419588489 2
0 0.065 -0.125 -0.000694489393 2
0 0.065 -0.115 -0.000643493964 2
0 0.065 -0.105 -0.0005900798298 2
0 0.065 -0.095 -0.0005353440245 2
0 0.065 -0.085 -0.0004804169041 2
0 0.065 -0.075 -0.0004263447528 2
0 0.065 -0.065 -0.0003738919625 2
0 0.065 -0.055 -0.0003234339259 2
0 0.065 -0.045 -0.0002749699853 2
0 0.065 -0.035 -0.0002281842111 2
0 0.065 -0.025 -0.0001824762506 2
0 0.065 -0.015 -0.0001369857496 2
0 0.065 -0.005 -9.070183332e-05 2
0 0.065 0.005 -4.273945224e-05 2
0 0.065 0.015 7.244873515e-06 2
0 0.065 0.025 5.873142484e-05 2
0 0.065 0.035 0.0001103969127 2
0 0.065 0.045 0.000160533139 2
0 0.065 0.055 0.0002076431338 2
0 0.065 0.065 0.0002508578047 2
0 0.065 0.075 0.0002900072828 2
0 0.065 0.085 0.0003253435064 2
0 0.065 0.095 0.0003571749292 2
0 0.065 0.105 0.0003856270406 2
0 0.065 0.115 0.0004105535986 2
0 0.065 0.125 0.0004315670167 2
0 0.065 0.135 0.0004483148835 2
0 0.065 0.145 0.0004601941172 2
0 0.065 0.155 0.0004696376684 2
0 0.065 0.165 0.0004713389176 2
0 0.065 0.175 0.0004876881351 2
0 0.065 0.185 0.0005332459561 2
0 0.065 0.195 0.000575649532 1
0 0.065 0.205 0.0006032238624 1
0 0.065 0.215 0.000623153319 1
0 0.065 0.225 0.0006439836266 1
0 0.065 0.235 0.0006637934583 1
0 0.065 0.245 0.0006778592648 1
0 0.065 0.255 0.0006863226203 1
0 0.065 0.265 0.0006858837929 1
0 0.065 0.275 0.0006659560055 1
0 0.065 0.285 0.000623623836 2
0 0.065 0.295 0.0005816266488 2
0 0.065 0.305 0.0005414545279 2
0 0.065 0.315 0.0004965663908 2
0 0.065 0.325 0.0004449002243 2
0 0.065 0.335 0.0003870936986 2
0 0.065 0.345 0.0003234520957 2
0 0.065 0.355 0.0002584736304 2
0 0.065 0.365 0.000197689481 2
0 0.065 0.375 0.0001436551013 2
0 0.065 0.385 9.172136463e-05 1
0 0.065 0.395 5.180057006e-05 1
0 0.065 0.405 0 1
0 0.065 0.415 0 1
0 0.065 0.425 0 1
0 0.065 0.435 0 2
0 0.065 0.445 0 2
0 0.065 0.455 0 2
0 0.065 0.465 0 2
0 0.075 -0.455 0 2
0 0.075 -0.445 0 2
0 0.075 -0.435 0 2
0 0.075 -0.425 0 2
0 0.075 -0.415 0 2
0 0.075 -0.405 0 2
0 0.075 -0.395 -0.0001242106357 2
0 0.075 -0.385 -0.0002114577394 2
0 0.075 -0.375 -0.0003004739723 2
0 0.075 -0.365 -0.0003788236396 1
0 0.075 -0.355 -0.0004379003573 1
0 0.075 -0.345 -0.0004854415298 1
0 0.075 -0.335 -0.000522424691 1
0 0.075 -0.325 -0.0005551188547 2
0 0.075 -0.315 -0.0005920502591 2
0 0.075 -0.305 -0.0006289390711 2
0 0.075 -0.295 -0.00066334909 2
0 0.075 -0.285 -0.0006994186157 2
0 0.075 -0.275 -0.0007391510666 2
0 0.075 -0.265 -0.0007749679897 1
0 0.075 -0.255 -0.0007834906094 1
0 0.075 -0.245 -0.0007812288092 1
0 0.075 -0.235 -0.0007803152089 1
0 0.075 -0.225 -0.0007767675053 1
0 0.075 -0.215 -0.0007715643556 1
0 0.075 -0.205 -0.0007649099618 1
0 0.075 -0.195 -0.0007512105519 1
0 0.075 -0.185 -0.0007444322901 1
0 0.075 -0.175 -0.0007607599812 2
0 0.075 -0.165 -0.0007670730471 2
0 0.075 -0.155 -0.0007511082968 2
0 0.075 -0.145 -0.0007214252083 2
0 0.075 -0.135 -0.0006837139198 2
0 0.075 -0.125 -0.0006405730496 2
0 0.075 -0.115 -0.0005936790833 2
0 0.075 -0.105 -0.0005440629523 2
0 0.075 -0.095 -0.0004928418597 2
0 0.075 -0.085 -0.0004414320063 2
0 0.075 -0.075 -0.0003912531708 2
0 0.075 -0.065 -0.0003433211838 2
0 0.075 -0.055 -0.0002980485489 2
0 0.075 -0.045 -0.0002552923733 2
0 0.075 -0.035 -0.0002145309988 2
0 0.075 -0.025 -0.0001749869035 2
0 0.075 -0.015 -0.0001357768423 2
0 0.075 -0.005 -9.604499102e-05 2
0 0.075 0.005 -5.517179236e-05 2
0 0.075 0.015 -1.299129506e-05 2
0 0.075 0.025 3.007105449e-05 2
0 0.075 0.035 7.307095593e-05 2
0 0.075 0.045 0.0001148054872 2
0 0.075 0.055 0.0001541587952 2
0 0.075 0.065 0.0001903578835 2
0 0.075 0.075 0.0002230429291 2
0 0.075 0.085 0.0002521487509 2
0 0.075 0.095 0.0002777132182 2
0 0.075 0.105 0.0002997219359 2
0 0.075 0.115 0.0003180512641 2
0 0.075 0.125 0.0003324530199 2
0 0.075 0.135 0.0003429076508 2
0 0.075 0.145 0.0003489970079 2
0 0.075 0.155 0.0003525387716 2
0 0.075 0.165 0.0003524183173 2
0 0.075 0.175 0.0003614798169 2
0 0.075 0.185 0.0004001134114 2
0 0.075 0.195 0.0004595630669 2
0 0.075 0.205 0.0005075115881 1
0 0.075 0.215 0.0005331943859 1
0 0.075 0.225 0.0005516445244 1
0 0.075 0.235 0.0005681052358 1
0 0.075 0.245 0.0005784206246 1
0 0.075 0.255 0.0005824317964 1
0 0.075 0.265 0.0005810047135 1
0 0.075 0.275 0.0005633887189 2
0 0.075 0.285 0.0005361832553 2
0 0.075 0.295 0.0005022270606 2
0 0.075 0.305 0.0004674569405 2
0 0.075 0.315 0.0004271392459 2
0 0.075 0.325 0.0003809778079 2
0 0.075 0.335 0.0003296676534 2
0 0.075 0.345 0.0002754587464 2
0 0.075 0.355 0.0002191679362 2
0 0.075 0.365 0.0001640244318 2
0 0.075 0.375 0.000115019893 2
0 0.075 0.385 7.130560022e-05 2
0 0.075 0.395 3.659234645e-05 1
0 0.075 0.405 0 1
0 0.075 0.415 0 1
0 0.075 0.425 0 2
0 0.075 0.435 0 2
0 0.075 0.445 0 2
0 0.075 0.455 0 2
0 0.075 0.465 0 2
0 0.085 -0.455 0 1
0 0.085 -0.445 0 1
0 0.085 -0.435 0 1
0 0.085 -0.425 0 1
0 0.085 -0.415 0 1
0 0.085 -0.405 0 1
0 0.085 -0.395 -9.915474129e-05 1
0 0.085 -0.385 -0.0001650573041 2
0 0.085 -0.375 -0.0002410214239 1
0 0.085 -0.365 -0.0002981911945 1
0 0.085 -0.355 -0.000343879739 1
0 0.085 -0.345 -0.0003835996461 1
0 0.085 -0.335 -0.0004169939856 1
0 0.085 -0.325 -0.0004443970511 1
0 0.085 -0.315 -0.0004751241896 2
0 0.085 -0.305 -0.0005084565783 2
0 0.085 -0.295 -0.0005385767064 2
0 0.085 -0.285 -0.0005670686748 2
0 0.085 -0.275 -0.000594814101 2
0 0.085 -0.265 -0.0006154188586 2
0 0.085 -0.255 -0.000628305289 1
0 0.085 -0.245 -0.0006284888224 1
0 0.085 -0.235 -0.0006295515812 1
0 0.085 -0.225 -0.0006271641581 1
0 0.085 -0.215 -0.0006232296796 1
0 0.085 -0.205 -0.0006167206925 1
0 0.085 -0.195 -0.000606705713 1
0 0.085 -0.185 -0.000604803555 1
0 0.085 -0.175 -0.0006269185026 2
0 0.085 -0.165 -0.000644635257 2
0 0.085 -0.155 -0.0006425647462 2
0 0.085 -0.145 -0.0006223747675 2
0 0.085 -0.135 -0.0005931188659 2
0 0.085 -0.125 -0.0005579091851 2
0 0.085 -0.115 -0.0005185042505 2
0 0.085 -0.105 -0.0004756277614 2
0 0.085 -0.095 -0.0004303128348 2
0 0.085 -0.085 -0.0003844725448 2
0 0.085 -0.075 -0.0003401682889 2
0 0.085 -0.065 -0.0002988129643 2
0 0.085 -0.055 -0.0002608822883 2
0 0.085 -0.045 -0.0002260822741 2
0 0.085 -0.035 -0.0001937060646 2
0 0.085 -0.025 -0.0001627878089 2
0 0.085 -0.015 -0.0001323813408 2
0 0.085 -0.005 -0.0001016787015 2
0 0.085 0.005 -7.017902047e-05 2
0 0.085 0.015 -3.777897738e-05 2
0 0.085 0.025 -4.8189676e-06 2
0 0.085 0.035 2.799875284e-05 2
0 0.085 0.045 5.978278927e-05 2
0 0.085 0.055 8.966743405e-05 2
0 0.085 0.065 0.0001169768631 2
0 0.085 0.075 0.0001412877363 2
0 0.085 0.085 0.0001623865555 2
0 0.085 0.095 0.0001801763827 2
0 0.085 0.105 0.0001945888999 2
0 0.085 0.115 0.000205563405 2
0 0.085 0.125 0.0002130346751 2
0 0.085 0.135 0.0002172026662 2
0 0.085 0.145 0.0002183528992 2
0 0.085 0.155 0.0002181954539 2
0 0.085 0.165 0.0002207524268 2
0 0.085 0.175 0.0002265126671 2
0 0.085 0.185 0.0002451628932 2
0 0.085 0.195 0.0002871549706 2
0 0.085 0.205 0.0003477400628 2
0 0.085 0.215 0.0003995012136 2
0 0.085 0.225 0.0004291383099 1
0 0.085 0.235 0.0004446033368 1
0 0.085 0.245 0.0004542807904 1
0 0.085 0.255 0.0004617296296 1
0 0.085 0.265 0.000466138003 1
0 0.085 0.275 0.0004581210998 2
0 0.085 0.285 0.0004394941035 2
0 0.085 0.295 0.0004118576264 2
0 0.085 0.305 0.0003800843587 2
0 0.085 0.315 0.0003446715663 2
0 0.085 0.325 0.0003050181483 2
0 0.085 0.335 0.0002615253633 2
0 0.085 0.345 0.0002158820605 2
0 0.085 0.355 0.0001708133024 2
0 0.085 0.365 0.0001267903065 2
0 0.085 0.375 8.641114217e-05 2
0 0.085 0.385 5.299736544e-05 2
0 0.085 0.395 2.803105409e-05 2
0 0.085 0.405 0 2
0 0.085 0.415 0 2
0 0.085 0.425 0 2
0 0.085 0.435 0 2
0 0.085 0.445 0 2
0 0.085 0.455 0 2
0 0.085 0.465 0 2
0 0.095 -0.455 0 1
0 0.095 -0.445 0 1
0 0.095 -0.435 0 1
0 0.095 -0.425 0 1
0 0.095 -0.415 0 1
0 0.095 -0.405 0 1
0 0.095 -0.395 -6.378445917e-05 1
0 0.095 -0.385 -0.0001074626905 1
0 0.095 -0.375 -0.0001567280242 1
0 0.095 -0.365 -0.0001992476537 1
0 0.095 -0.355 -0.0002323107242 1
0 0.095 -0.345 -0.0002616967732 1
0 0.095 -0.335 -0.0002886366937 1
0 0.095 -0.325 -0.0003093341039 1
0 0.095 -0.315 -0.0003331592193 2
0 0.095 -0.305 -0.0003649276294 2
0 0.095 -0.295 -0.0003936192621 2
0 0.095 -0.285 -0.0004149115511 2
0 0.095 -0.275 -0.0004317345623 2
0 0.095 -0.265 -0.0004414791624 2
0 0.095 -0.255 -0.0004504606304 1
0 0.095 -0.245 -0.0004499000084 1
0 0.095 -0.235 -0.00044891047 1
0 0.095 -0.225 -0.0004480711189 1
0 0.095 -0.215 -0.0004464159047 1
0 0.095 -0.205 -0.0004454326474 1
0 0.095 -0.195 -0.0004408355788 1
0 0.095 -0.185 -0.0004392112435 1
0 0.095 -0.175 -0.0004607573433 2
0 0.095 -0.165 -0.0004859978983 2
0 0.095 -0.155 -0.0005000892898 2
0 0.095 -0.145 -0.0004921207566 2
0 0.095 -0.135 -0.0004747301485 2
0 0.095 -0.125 -0.000451082069 2
0 0.095 -0.115 -0.0004227596877 2
0 0.095 -0.105 -0.0003893947286 2
0 0.095 -0.095 -0.0003514619974 2
0 0.095 -0.085 -0.0003121689527 2
0 0.095 -0.075 -0.000275084082 2
0 0.095 -0.065 -0.0002422304404 2
0 0.095 -0.055 -0.000213838483 2
0 0.095 -0.045 -0.0001891001815 2
0 0.095 -0.035 -0.000167136824 2
0 0.095 -0.025 -0.000146838495 2
0 0.095 -0.015 -0.0001272583868 2
0 0.095 -0.005 -0.0001075452756 2
0 0.095 0.005 -8.722231113e-05 2
0 0.095 0.015 -6.61944549e-05 2
0 0.095 0.025 -4.47382327e-05 2
0 0.095 0.035 -2.340060353e-05 2
0 0.095 0.045 -2.87323468e-06 2
0 0.095 0.055 1.615280134e-05 2
0 0.095 0.065 3.309969285e-05 2
0 0.095 0.075 4.755719194e-05 2
0 0.095 0.085 5.927645729e-05 2
0 0.095 0.095 6.813214507e-05 2
0 0.095 0.105 7.408246327e-05 2
0 0.095 0.115 7.717482742e-05 2
0 0.095 0.125 7.756288317e-05 2
0 0.095 0.135 7.568985036e-05 2
0 0.095 0.145 7.239008762e-05 2
0 0.095 0.155 6.9315711e-05 2
0 0.095 0.165 6.936783747e-05 2
0 0.095 0.175 7.714142427e-05 2
0 0.095 0.185 9.106622448e-05 2
0 0.095 0.195 0.0001194403471 2
0 0.095 0.205 0.0001629391743 2
0 0.095 0.215 0.0002115207041 2
0 0.095 0.225 0.000255895914 2
0 0.095 0.235 0.0002898382982 2
0 0.095 0.245 0.0003145173553 2
0 0.095 0.255 0.000336963727 2
0 0.095 0.265 0.0003507835088 2
0 0.095 0.275 0.0003468103241 2
0 0.095 0.285 0.0003279232064 2
0 0.095 0.295 0.0003040381907 2
0 0.095 0.305 0.0002778759771 2
0 0.095 0.315 0.0002493022892 2
0 0.095 0.325 0.0002181932262 2
0 0.095 0.335 0.0001844092329 2
0 0.095 0.345 0.0001492776181 2
0 0.095 0.355 0.0001153181211 2
0 0.095 0.365 8.474991257e-05 2
0 0.095 0.375 5.714115369e-05 2
0 0.095 0.385 3.488667245e-05 2
0 0.095 0.395 1.839454952e-05 2
0 0.095 0.405 0 2
0 0.095 0.415 0 2
0 0.095 0.425 0 2
0 0.095 0.435 0 2
0 0.095 0.445 0 2
0 0.095 0.455 0 2
0 0.095 0.465 0 2
0 0.105 -0.455 0 1
0 0.105 -0.445 0 1
0 0.105 -0.435 0 1
0 0.105 -0.425 0 1
0 0.105 -0.415 0 1
0 0.105 -0.405 0 1
0 0.105 -0.395 -2.312374759e-05 1
0 0.105 -0.385 -4.418726144e-05 1
0 0.105 -0.375 -7.029302029e-05 1
0 0.105 -0.365 -9.478565528e-05 1
0 0.105 -0.355 -0.0001149488486 1
0 0.105 -0.345 -0.0001335030316 1
0 0.105 -0.335 -0.0001510300021 1
0 0.105 -0.325 -0.0001627072399 1
0 0.105 -0.315 -0.0001762940146 1
0 0.105 -0.305 -0.0002017121832 2
0 0.105 -0.295 -0.0002280381277 2
0 0.105 -0.285 -0.0002435792602 2
0 0.105 -0.275 -0.000254336526 2
0 0.105 -0.265 -0.0002574955794 2
0 0.105 -0.255 -0.000250962017 2
0 0.105 -0.245 -0.0002424294103 1
0 0.105 -0.235 -0.0002375828916 1
0 0.105 -0.225 -0.0002418453158 1
0 0.105 -0.215 -0.000244566639 1
0 0.105 -0.205 -0.0002424795442 1
0 0.105 -0.195 -0.0002416001723 1
0 0.105 -0.185 -0.0002489329816 1
0 0.105 -0.175 -0.000277110874 2
0 0.105 -0.165 -0.0003083583138 2
0 0.105 -0.155 -0.0003323021191 2
0 0.105 -0.145 -0.0003369974463 2
0 0.105 -0.135 -0.0003331954695 2
0 0.105 -0.125 -0.0003234472112 2
0 0.105 -0.115 -0.0003091080589 2
0 0.105 -0.105 -0.0002884951941 2
0 0.105 -0.095 -0.000260936273 2
0 0.105 -0.085 -0.0002304984583 2
0 0.105 -0.075 -0.0002019107409 2
0 0.105 -0.065 -0.0001780521261 2
0 0.105 -0.055 -0.0001596224139 2
0 0.105 -0.045 -0.0001459077695 2
0 0.105 -0.035 -0.0001358605227 2
0 0.105 -0.025 -0.0001278271063 2
0 0.105 -0.015 -0.0001206646673 2
0 0.105 -0.005 -0.0001134195901 2
0 0.105 0.005 -0.0001056662641 2
0 0.105 0.015 -9.728236352e-05 2
0 0.105 0.025 -8.849354465e-05 2
0 0.105 0.035 -7.97414627e-05 2
0 0.105 0.045 -7.157749418e-05 2
0 0.105 0.055 -6.455554535e-05 2
0 0.105 0.065 -5.91508148e-05 2
0 0.105 0.075 -5.571264331e-05 2
0 0.105 0.085 -5.44532727e-05 2
0 0.105 0.095 -5.54547329e-05 2
0 0.105 0.105 -5.867707581e-05 2
0 0.105 0.115 -6.393766977e-05 2
0 0.105 0.125 -7.086823699e-05 2
0 0.105 0.135 -7.879443416e-05 2
0 0.105 0.145 -8.657338119e-05 2
0 0.105 0.155 -9.249781665e-05 2
0 0.105 0.165 -9.435259767e-05 2
0 0.105 0.175 -8.889857576e-05 2
0 0.105 0.185 -7.321661241e-05 2
0 0.105 0.195 -4.598910939e-05 2
0 0.105 0.205 -1.427964995e-05 2
0 0.105 0.215 2.354799284e-05 2
0 0.105 0.225 6.922677608e-05 2
0 0.105 0.235 0.0001161027603 2
0 0.105 0.245 0.0001550720169 2
0 0.105 0.255 0.0001859200004 2
0 0.105 0.265 0.0002050599095 2
0 0.105 0.275 0.0002066815892 2
0 0.105 0.285 0.0001943321954 2
0 0.105 0.295 0.0001769893374 2
0 0.105 0.305 0.0001588921219 2
0 0.105 0.315 0.0001401883586 2
0 0.105 0.325 0.0001205912748 2
0 0.105 0.335 0.0001009634299 2
0 0.105 0.345 8.020489972e-05 2
0 0.105 0.355 6.076778041e-05 2
0 0.105 0.365 4.59128368e-05 2
0 0.105 0.375 3.431757773e-05 2
0 0.105 0.385 2.172643572e-05 2
0 0.105 0.395 1.071703867e-05 2
0 0.105 0.405 0 2
0 0.105 0.415 0 2
0 0.105 0.425 0 2
0 0.105 0.435 0 2
0 0.105 0.445 0 2
0 0.105 0.455 0 2
0 0.105 0.465 0 2
0 0.115 -0.455 0 1
0 0.115 -0.445 0 1
0 0.115 -0.435 0 1
0 0.115 -0.425 0 1
0 0.115 -0.415 0 1
0 0.115 -0.405 0 1
0 0.115 -0.395 1.361473476e-05 1
0 0.115 -0.385 1.486350765e-05 1
0 0.115 -0.375 1.469396634e-05 1
0 0.115 -0.365 1.133795795e-05 1
0 0.115 -0.355 6.994968027e-06 1
0 0.115 -0.345 2.620178549e-06 1
0 0.115 -0.335 -2.019520461e-06 1
0 0.115 -0.325 -4.266181796e-06 1
0 0.115 -0.315 -9.937504774e-06 1
0 0.115 -0.305 -2.508613878e-05 2
0 0.115 -0.295 -4.439086819e-05 2
0 0.115 -0.285 -5.775978981e-05 2
0 0.115 -0.275 -6.583204136e-05 2
0 0.115 -0.265 -6.648916699e-05 2
0 0.115 -0.255 -5.460071401e-05 2
0 0.115 -0.245 -3.179904382e-05 2
0 0.115 -0.235 -1.396650331e-05 1
0 0.115 -0.225 -8.301705477e-06 1
0 0.115 -0.215 -9.542750671e-06 1
0 0.115 -0.205 -1.396243407e-05 1
0 0.115 -0.195 -2.393021781e-05 1
0 0.115 -0.185 -3.905918841e-05 1
0 0.115 -0.175 -6.728187882e-05 2
0 0.115 -0.165 -0.0001055358127 2
0 0.115 -0.155 -0.0001500124485 2
0 0.115 -0.145 -0.0001692522626 2
0 0.115 -0.135 -0.0001744309869 2
0 0.115 -0.125 -0.0001817553687 2
0 0.115 -0.115 -0.0001911046214 2
0 0.115 -0.105 -0.0001886135831 2
0 0.115 -0.095 -0.0001644172169 2
0 0.115 -0.085 -0.00013551487 2
0 0.115 -0.075 -0.0001161469527 2
0 0.115 -0.065 -0.0001067445163 2
0 0.115 -0.055 -0.0001021010203 2
0 0.115 -0.045 -9.914796927e-05 2
0 0.115 -0.035 -0.0001011900193 2
0 0.115 -0.025 -0.0001062666496 2
0 0.115 -0.015 -0.0001126207682 2
0 0.115 -0.005 -0.0001189410372 2
0 0.115 0.005 -0.0001247847477 2
0 0.115 0.015 -0.0001300417091 2
0 0.115 0.025 -0.0001348768606 2
0 0.115 0.035 -0.0001396465068 2
0 0.115 0.045 -0.0001447891014 2
0 0.115 0.055 -0.0001507349847 2
0 0.115 0.065 -0.0001578490516 2
0 0.115 0.075 -0.0001663889069 2
0 0.115 0.085 -0.0001764859823 2
0 0.115 0.095 -0.0001881360161 2
0 0.115 0.105 -0.0002011889605 2
0 0.115 0.115 -0.0002153217341 2
0 0.115 0.125 -0.0002299910021 2
0 0.115 0.135 -0.0002443562337 2
0 0.115 0.145 -0.0002572019306 2
0 0.115 0.155 -0.0002668252454 2
0 0.115 0.165 -0.0002712665653 2
0 0.115 0.175 -0.0002682424122 2
0 0.115 0.185 -0.0002559890289 2
0 0.115 0.195 -0.00023327236 2
0 0.115 0.205 -0.0002006859684 2
0 0.115 0.215 -0.0001603615809 2
0 0.115 0.225 -0.0001158501763 2
0 0.115 0.235 -7.134085668e-05 2
0 0.115 0.245 -3.138501091e-05 2
0 0.115 0.255 2.711602148e-07 2
0 0.115 0.265 2.131428309e-05 2
0 0.115 0.275 3.087020771e-05 2
0 0.115 0.285 3.115619634e-05 2
0 0.115 0.295 2.654633144e-05 2
0 0.115 0.305 2.086418994e-05 2
0 0.115 0.315 1.553521905e-05 2
0 0.115 0.325 1.031307561e-05 2
0 0.115 0.335 8.783740185e-06 2
0 0.115 0.345 5.9948393e-06 2
0 0.115 0.355 2.808988664e-06 2
0 0.115 0.365 4.838618052e-06 2
0 0.115 0.375 7.399476065e-06 2
0 0.115 0.385 2.883088978e-06 2
0 0.115 0.395 -2.067989831e-06 2
0 0.115 0.405 0 2
0 0.115 0.415 0 2
0 0.115 0.425 0 2
0 0.115 0.435 0 2
0 0.115 0.445 0 2
0 0.115 0.455 0 2
0 0.115 0.465 0 2
0 0.125 -0.455 0 1
0 0.125 -0.445 0 1
0 0.125 -0.435 0 1
0 0.125 -0.425 0 1
0 0.125 -0.415 0 1
0 0.125 -0.405 0 1
0 0.125 -0.395 5.148632913e-05 1
0 0.125 -0.385 7.666389248e-05 1
0 0.125 -0.375 0.0001028949996 1
0 0.125 -0.365 0.0001213682748 1
0 0.125 -0.355 0.0001358746893 1
0 0.125 -0.345 0.0001462502191 1
0 0.125 -0.335 0.0001538295409 1
0 0.125 -0.325 0.0001605617334 1
0 0.125 -0.315 0.000164855246 1
0 0.125 -0.305 0.0001622831183 2
0 0.125 -0.295 0.0001524842759 2
0 0.125 -0.285 0.0001427065194 2
0 0.125 -0.275 0.000138305697 2
0 0.125 -0.265 0.0001377337622 2
0 0.125 -0.255 0.0001442586346 2
0 0.125 -0.245 0.0001608840689 2
0 0.125 -0.235 0.0001889959004 2
0 0.125 -0.225 0.0002159962893 2
0 0.125 -0.215 0.0002268189426 1
0 0.125 -0.205 0.000221026316 1
0 0.125 -0.195 0.0002082032031 1
0 0.125 -0.185 0.0001892072586 2
0 0.125 -0.175 0.0001545381106 2
0 0.125 -0.165 9.895346912e-05 2
0 0.125 -0.155 4.356509218e-05 2
0 0.125 -0.145 1.388539239e-05 2
0 0.125 -0.135 -5.384958927e-06 2
0 0.125 -0.125 -2.742197097e-05 2
0 0.125 -0.115 -4.818226317e-05 2
0 0.125 -0.105 -5.98543082e-05 2
0 0.125 -0.095 -6.219145192e-05 2
0 0.125 -0.085 -5.93631771e-05 2
0 0.125 -0.075 -5.004019227e-05 2
0 0.125 -0.065 -3.97711074e-05 2
0 0.125 -0.055 -3.690856486e-05 2
0 0.125 -0.045 -4.651967781e-05 2
0 0.125 -0.035 -6.381366854e-05 2
0 0.125 -0.025 -8.208655843e-05 2
0 0.125 -0.015 -0.0001025398072 2
0 0.125 -0.005 -0.0001232879187 2
0 0.125 0.005 -0.0001435998549 2
0 0.125 0.015 -0.0001633246014 2
0 0.125 0.025 -0.0001826157185 2
0 0.125 0.035 -0.0002017377352 2
0 0.125 0.045 -0.0002210249111 2
0 0.125 0.055 -0.0002407861335 2
0 0.125 0.065 -0.0002612679925 2
0 0.125 0.075 -0.0002826182616 2
0 0.125 0.085 -0.0003048641568 2
0 0.125 0.095 -0.0003278953452 2
0 0.125 0.105 -0.0003514453714 2
0 0.125 0.115 -0.0003750642099 2
0 0.125 0.125 -0.0003980802882 2
0 0.125 0.135 -0.0004195533915 2
0 0.125 0.145 -0.0004382492219 2
0 0.125 0.155 -0.0004526191405 2
0 0.125 0.165 -0.0004609057191 2
0 0.125 0.175 -0.0004613234132 2
0 0.125 0.185 -0.0004526280843 2
0 0.125 0.195 -0.0004342045284 2
0 0.125 0.205 -0.0004065098384 2
0 0.125 0.215 -0.0003708825836 2
0 0.125 0.225 -0.0003298733424 2
0 0.125 0.235 -0.0002871200057 2
0 0.125 0.245 -0.000246769287 2
0 0.125 0.255 -0.0002122504931 2
0 0.125 0.265 -0.0001855509817 2
0 0.125 0.275 -0.0001669958598 2
0 0.125 0.285 -0.0001546661537 2
0 0.125 0.295 -0.0001454206179 2
0 0.125 0.305 -0.0001361494646 2
0 0.125 0.315 -0.0001256908198 2
0 0.125 0.325 -0.0001129018058 2
0 0.125 0.335 -9.728768565e-05 2
0 0.125 0.345 -8.203973587e-05 2
0 0.125 0.355 -6.166718256e-05 1
0 0.125 0.365 -4.450801519e-05 1
0 0.125 0.375 -3.128595249e-05 1
0 0.125 0.385 -2.21905194e-05 1
0 0.125 0.395 -1.754583628e-05 1
0 0.125 0.405 0 2
0 0.125 0.415 0 2
0 0.125 0.425 0 2
0 0.125 0.435 0 2
0 0.125 0.445 0 2
0 0.125 0.455 0 2
0 0.125 0.465 0 2
0 0.135 -0.455 0 1
0 0.135 -0.445 0 1
0 0.135 -0.435 0 1
0 0.135 -0.425 0 1
0 0.135 -0.415 0 1
0 0.135 -0.405 0 1
0 0.135 -0.395 0.0001002682762 1
0 0.135 -0.385 0.0001521614129 1
0 0.135 -0.375 0.0002047778185 1
0 0.135 -0.365 0.0002444012667 1
0 0.135 -0.355 0.0002757400417 1
0 0.135 -0.345 0.0002983722074 1
0 0.135 -0.335 0.0003168923043 1
0 0.135 -0.325 0.0003327782149 1
0 0.135 -0.315 0.0003468718222 1
0 0.135 -0.305 0.000355746337 2
0 0.135 -0.295 0.0003565879024 2
0 0.135 -0.285 0.0003553074192 2
0 0.135 -0.275 0.000355257509 2
0 0.135 -0.265 0.0003564468377 2
0 0.135 -0.255 0.0003602484527 2
0 0.135 -0.245 0.0003690941832 2
0 0.135 -0.235 0.0003873999762 2
0 0.135 -0.225 0.0004099631979 2
0 0.135 -0.215 0.0004291248068 2
0 0.135 -0.205 0.0004392437602 2
0 0.135 -0.195 0.0004413915056 2
0 0.135 -0.185 0.0004272557624 2
0 0.135 -0.175 0.000377038205 2
0 0.135 -0.165 0.0003100720942 2
0 0.135 -0.155 0.0002560114152 2
0 0.135 -0.145 0.0002143347495 2
0 0.135 -0.135 0.00017132987 1
0 0.135 -0.125 0.0001424734642 2
0 0.135 -0.115 0.0001146601834 2
0 0.135 -0.105 8.342527716e-05 1
0 0.135 -0.095 5.529753606e-05 1
0 0.135 -0.085 3.020606618e-05 1
0 0.135 -0.075 1.803174315e-05 2
0 0.135 -0.065 1.841286573e-05 2
0 0.135 -0.055 1.976323587e-05 2
0 0.135 -0.045 6.727239109e-06 2
0 0.135 -0.035 -2.097001693e-05 2
0 0.135 -0.025 -5.507481647e-05 2
0 0.135 -0.015 -8.967341515e-05 2
0 0.135 -0.005 -0.0001254038159 2
0 0.135 0.005 -0.0001609108602 2
0 0.135 0.015 -0.0001958435541 2
0 0.135 0.025 -0.0002303768113 2
0 0.135 0.035 -0.0002646452685 2
0 0.135 0.045 -0.0002988685531 2
0 0.135 0.055 -0.0003332330772 2
0 0.135 0.065 -0.0003678619742 2
0 0.135 0.075 -0.0004027863263 2
0 0.135 0.085 -0.0004379217945 2
0 0.135 0.095 -0.0004730494362 2
0 0.135 0.105 -0.0005077947916 2
0 0.135 0.115 -0.0005416042664 2
0 0.135 0.125 -0.0005737203983 2
0 0.135 0.135 -0.0006031589054 2
0 0.135 0.145 -0.0006287103718 2
0 0.135 0.155 -0.0006489709632 2
0 0.135 0.165 -0.0006624570768 2
0 0.135 0.175 -0.00066776167 2
0 0.135 0.185 -0.0006638339603 2
0 0.135 0.195 -0.0006502176603 2
0 0.135 0.205 -0.0006273490589 2
0 0.135 0.215 -0.0005965503333 2
0 0.135 0.225 -0.0005600463322 2
0 0.135 0.235 -0.0005207576393 2
0 0.135 0.245 -0.0004817534935 2
0 0.135 0.255 -0.000445531876 2
0 0.135 0.265 -0.0004135193348 2
0 0.135 0.275 -0.000385830323 2
0 0.135 0.285 -0.0003611008196 2
0 0.135 0.295 -0.0003372767538 2
0 0.135 0.305 -0.0003118829774 2
0 0.135 0.315 -0.0002845462045 2
0 0.135 0.325 -0.0002517988883 2
0 0.135 0.335 -0.0002228047871 2
0 0.135 0.345 -0.0001956417127 2
0 0.135 0.355 -0.0001596504359 1
0 0.135 0.365 -0.0001303658743 1
0 0.135 0.375 -0.0001060945395 1
0 0.135 0.385 -7.521732249e-05 1
0 0.135 0.395 -5.237685023e-05 1
0 0.135 0.405 0 2
0 0.135 0.415 0 2
0 0.135 0.425 0 2
0 0.135 0.435 0 2
0 0.135 0.445 0 2
0 0.135 0.455 0 2
0 0.135 0.465 0 2
0 0.145 -0.455 0 2
0 0.145 -0.445 0 2
0 0.145 -0.435 0 1
0 0.145 -0.425 0 1
0 0.145 -0.415 0 1
0 0.145 -0.405 0 1
0 0.145 -0.395 0.000156744786 1
0 0.145 -0.385 0.0002395236451 1
0 0.145 -0.375 0.0003195681644 1
0 0.145 -0.365 0.0003799422485 1
0 0.145 -0.355 0.0004256993615 1
0 0.145 -0.345 0.0004584420124 1
0 0.145 -0.335 0.0004879014909 1
0 0.145 -0.325 0.000513170463 1
0 0.145 -0.315 0.0005374768234 1
0 0.145 -0.305 0.0005586058605 2
0 0.145 -0.295 0.0005712676248 2
0 0.145 -0.285 0.0005797621645 2
0 0.145 -0.275 0.0005851644582 2
0 0.145 -0.265 0.0005888274035 2
0 0.145 -0.255 0.0005931515782 2
0 0.145 -0.245 0.0006001925664 2
0 0.145 -0.235 0.0006092887609 2
0 0.145 -0.225 0.0006196314259 2
0 0.145 -0.215 0.0006339686487 2
0 0.145 -0.205 0.0006521528455 2
0 0.145 -0.195 0.0006621000693 2
0 0.145 -0.185 0.000646769105 2
0 0.145 -0.175 0.0005936061441 2
0 0.145 -0.165 0.0005282235981 2
0 0.145 -0.155 0.0004668095557 1
0 0.145 -0.145 0.0004170542046 1
0 0.145 -0.135 0.0003712002181 1
0 0.145 -0.125 0.0003294077479 1
0 0.145 -0.115 0.0002861418328 1
0 0.145 -0.105 0.0002426228273 1
0 0.145 -0.095 0.000206517763 1
0 0.145 -0.085 0.000172341674 1
0 0.145 -0.075 0.0001373558839 1
0 0.145 -0.065 0.0001051318353 1
0 0.145 -0.055 8.13903116e-05 2
0 0.145 -0.045 6.13548595e-05 2
0 0.145 -0.035 2.853709027e-05 2
0 0.145 -0.025 -1.905499352e-05 2
0 0.145 -0.015 -7.164848694e-05 2
0 0.145 -0.005 -0.0001232441442 2
0 0.145 0.005 -0.0001749970588 2
0 0.145 0.015 -0.0002261187267 2
0 0.145 0.025 -0.0002767758314 2
0 0.145 0.035 -0.0003270340326 2
0 0.145 0.045 -0.0003769960499 2
0 0.145 0.055 -0.0004267372065 2
0 0.145 0.065 -0.0004762617276 2
0 0.145 0.075 -0.0005254893685 2
0 0.145 0.085 -0.0005742303155 2
0 0.145 0.095 -0.000622166967 2
0 0.145 0.105 -0.0006688336499 2
0 0.145 0.115 -0.0007135984262 2
0 0.145 0.125 -0.000755649548 2
0 0.145 0.135 -0.0007939919574 2
0 0.145 0.145 -0.0008274663448 2
0 0.145 0.155 -0.0008547998673 2
0 0.145 0.165 -0.0008747123173 2
0 0.145 0.175 -0.0008860603831 2
0 0.145 0.185 -0.0008880331462 2
0 0.145 0.195 -0.0008803248085 2
0 0.145 0.205 -0.0008633039662 2
0 0.145 0.215 -0.0008380500769 2
0 0.145 0.225 -0.0008063161486 2
0 0.145 0.235 -0.0007703166835 2
0 0.145 0.245 -0.0007323300034 2
0 0.145 0.255 -0.0006942074432 2
0 0.145 0.265 -0.0006569723368 2
0 0.145 0.275 -0.0006206560131 2
0 0.145 0.285 -0.0005842494738 2
0 0.145 0.295 -0.0005463635479 2
0 0.145 0.305 -0.0005049671609 2
0 0.145 0.315 -0.0004605317958 2
0 0.145 0.325 -0.0004080717391 2
0 0.145 0.335 -0.0003634794505 2
0 0.145 0.345 -0.0003193479457 1
0 0.145 0.355 -0.000274395859 1
0 0.145 0.365 -0.000229350613 1
0 0.145 0.375 -0.0001869705755 1
0 0.145 0.385 -0.0001316580407 1
0 0.145 0.395 -8.727701402e-05 1
0 0.145 0.405 0 1
0 0.145 0.415 0 2
0 0.145 0.425 0 2
0 0.145 0.435 0 2
0 0.145 0.445 0 2
0 0.145 0.455 0 2
0 0.145 0.465 0 2
0 0.155 -0.455 0 2
0 0.155 -0.445 0 2
0 0.155 -0.435 0 2
0 0.155 -0.425 0 2
0 0.155 -0.415 0 2
0 0.155 -0.405 0 2
0 0.155 -0.395 0.000211385504 2
0 0.155 -0.385 0.0003284265313 2
0 0.155 -0.375 0.0004425701548 2
0 0.155 -0.365 0.0005229895769 1
0 0.155 -0.355 0.0005823471136 1
0 0.155 -0.345 0.0006267459009 1
0 0.155 -0.335 0.0006687112326 1
0 0.155 -0.325 0.0007046189523 1
0 0.155 -0.315 0.0007381589999 1
0 0.155 -0.305 0.0007726216446 2
0 0.155 -0.295 0.0007982688379 2
0 0.155 -0.285 0.0008143221381 2
0 0.155 -0.275 0.0008252129746 2
0 0.155 -0.265 0.0008323061723 2
0 0.155 -0.255 0.0008381796604 2
0 0.155 -0.245 0.0008443975901 2
0 0.155 -0.235 0.0008518804578 2
0 0.155 -0.225 0.0008610433002 2
0 0.155 -0.215 0.0008710260977 2
0 0.155 -0.205 0.0008788011056 2
0 0.155 -0.195 0.0008772351224 2
0 0.155 -0.185 0.0008596644607 2
0 0.155 -0.175 0.0008133663826 2
0 0.155 -0.165 0.0007534461351 2
0 0.155 -0.155 0.0006858575798 1
0 0.155 -0.145 0.0006335228848 1
0 0.155 -0.135 0.0005854979082 1
0 0.155 -0.125 0.0005330412987 1
0 0.155 -0.115 0.0004759747702 1
0 0.155 -0.105 0.0004194986164 1
0 0.155 -0.095 0.0003757757662 1
0 0.155 -0.085 0.0003343566363 1
0 0.155 -0.075 0.0002870310205 1
0 0.155 -0.065 0.0002356184904 1
0 0.155 -0.055 0.0001886236839 1
0 0.155 -0.045 0.0001397782507 2
0 0.155 -0.035 8.760137205e-05 2
0 0.155 -0.025 2.36510172e-05 2
0 0.155 -0.015 -4.693993821e-05 2
0 0.155 -0.005 -0.0001151717875 2
0 0.155 0.005 -0.0001842423129 2
0 0.155 0.015 -0.0002527311208 2
0 0.155 0.025 -0.0003205187006 2
0 0.155 0.035 -0.0003876889945 2
0 0.155 0.045 -0.0004542286762 2
0 0.155 0.055 -0.0005201241913 2
0 0.155 0.065 -0.000585277323 2
0 0.155 0.075 -0.0006495139658 2
0 0.155 0.085 -0.0007125561293 2
0 0.155 0.095 -0.0007740062254 2
0 0.155 0.105 -0.0008333283203 2
0 0.155 0.115 -0.0008898352972 2
0 0.155 0.125 -0.0009426840723 2
0 0.155 0.135 -0.0009908847171 2
0 0.155 0.145 -0.001033331381 2
0 0.155 0.155 -0.001068860445 2
0 0.155 0.165 -0.001096343547 2
0 0.155 0.175 -0.001114808848 2
0 0.155 0.185 -0.001123586595 2
0 0.155 0.195 -0.001122440507 2
0 0.155 0.205 -0.001111669936 2
0 0.155 0.215 -0.001092127026 2
0 0.155 0.225 -0.001065147061 2
0 0.155 0.235 -0.001032359385 2
0 0.155 0.245 -0.0009953919016 2
0 0.155 0.255 -0.0009555370386 2
0 0.155 0.265 -0.0009134718471 2
0 0.155 0.275 -0.0008691636296 2
0 0.155 0.285 -0.0008218347271 2
0 0.155 0.295 -0.0007705515802 2
0 0.155 0.305 -0.0007137206827 2
0 0.155 0.315 -0.00065245734 2
0 0.155 0.325 -0.0005828117822 2
0 0.155 0.335 -0.0005186982827 2
0 0.155 0.345 -0.0004534768 1
0 0.155 0.355 -0.0003924426351 1
0 0.155 0.365 -0.000329938542 1
0 0.155 0.375 -0.000265270738 1
0 0.155 0.385 -0.0001883182608 1
0 0.155 0.395 -0.0001246236599 1
0 0.155 0.405 0 1
0 0.155 0.415 0 2
0 0.155 0.425 0 2
0 0.155 0.435 0 2
0 0.155 0.445 0 2
0 0.155 0.455 0 2
0 0.155 0.465 0 2
0 0.165 -0.455 0 2
0 0.165 -0.445 0 2
0 0.165 -0.435 0 2
0 0.165 -0.425 0 2
0 0.165 -0.415 0 2
0 0.165 -0.405 0 2
0 0.165 -0.395 0.0002467851586 2
0 0.165 -0.385 0.0003957079623 2
0 0.165 -0.375 0.0005452137937 2
0 0.165 -0.365 0.0006527401703 1
0 0.165 -0.355 0.0007370682516 1
0 0.165 -0.345 0.0008023929257 1
0 0.165 -0.335 0.0008586812431 1
0 0.165 -0.325 0.0009064111252 1
0 0.165 -0.315 0.000950376352 1
0 0.165 -0.305 0.0009991078579 2
0 0.165 -0.295 0.001034858954 2
0 0.165 -0.285 0.001055134443 2
0 0.165 -0.275 0.001071169758 2
0 0.165 -0.265 0.001082369051 2
0 0.165 -0.255 0.001091252555 2
0 0.165 -0.245 0.001098756748 2
0 0.165 -0.235 0.001105646467 2
0 0.165 -0.225 0.001112255031 2
0 0.165 -0.215 0.001117815268 2
0 0.165 -0.205 0.001119665095 2
0 0.165 -0.195 0.00111179077 2
0 0.165 -0.185 0.001088374127 2
0 0.165 -0.175 0.001036071985 2
0 0.165 -0.165 0.0009698125253 2
0 0.165 -0.155 0.0008987831907 1
0 0.165 -0.145 0.0008474288513 1
0 0.165 -0.135 0.0007963385626 1
0 0.165 -0.125 0.0007354765106 1
0 0.165 -0.115 0.000672633547 1
0 0.165 -0.105 0.0006097336928 1
0 0.165 -0.095 0.0005491835201 1
0 0.165 -0.085 0.0004900549623 1
0 0.165 -0.075 0.0004326748273 1
0 0.165 -0.065 0.0003751014056 1
0 0.165 -0.055 0.0003158021055 1
0 0.165 -0.045 0.0002503312463 1
0 0.165 -0.035 0.0001691087104 2
0 0.165 -0.025 8.476833715e-05 2
0 0.165 -0.015 -7.115931503e-06 2
0 0.165 -0.005 -9.820589607e-05 2
0 0.165 0.005 -0.0001868277804 2
0 0.165 0.015 -0.0002743538226 2
0 0.165 0.025 -0.0003605008093 2
0 0.165 0.035 -0.0004456040314 2
0 0.165 0.045 -0.0005295947937 2
0 0.165 0.055 -0.0006124184384 2
0 0.165 0.065 -0.0006939080369 2
0 0.165 0.075 -0.0007738255561 2
0 0.165 0.085 -0.0008518314628 2
0 0.165 0.095 -0.000927472607 2
0 0.165 0.105 -0.001000165076 2
0 0.165 0.115 -0.001069185845 2
0 0.165 0.125 -0.001133674505 2
0 0.165 0.135 -0.001192650431 2
0 0.165 0.145 -0.001245049897 2
0 0.165 0.155 -0.00128978595 2
0 0.165 0.165 -0.001325832253 2
0 0.165 0.175 -0.001352324205 2
0 0.165 0.185 -0.001368668028 2
0 0.165 0.195 -0.001374634942 2
0 0.165 0.205 -0.001370422044 2
0 0.165 0.215 -0.001356650129 2
0 0.165 0.225 -0.001334289161 2
0 0.165 0.235 -0.001304502386 2
0 0.165 0.245 -0.001268425382 2
0 0.165 0.255 -0.00122693032 2
0 0.165 0.265 -0.001180426118 2
0 0.165 0.275 -0.001128800619 2
0 0.165 0.285 -0.001071374653 2
0 0.165 0.295 -0.001007420577 2
0 0.165 0.305 -0.0009355551956 2
0 0.165 0.315 -0.0008570887674 2
0 0.165 0.325 -0.0007686914833 2
0 0.165 0.335 -0.0006821123143 2
0 0.165 0.345 -0.0005934261421 1
0 0.165 0.355 -0.0005136674717 1
0 0.165 0.365 -0.000433109429 1
0 0.165 0.375 -0.0003462526856 1
0 0.165 0.385 -0.0002465732936 1
0 0.165 0.395 -0.0001622674512 1
0 0.165 0.405 0 1
0 0.165 0.415 0 2
0 0.165 0.425 0 2
0 0.165 0.435 0 2
0 0.165 0.445 0 2
0 0.165 0.455 0 2
0 0.165 0.465 0 2
0 0.175 -0.455 0 2
0 0.175 -0.445 0 2
0 0.175 -0.435 0 2
0 0.175 -0.425 0 2
0 0.175 -0.415 0 2
0 0.175 -0.405 0 2
0 0.175 -0.395 0.0002743133989 2
0 0.175 -0.385 0.0004420996437 2
0 0.175 -0.375 0.0006200050409 2
0 0.175 -0.365 0.0007604636322 2
0 0.175 -0.355 0.0008786005047 1
0 0.175 -0.345 0.0009687200051 1
0 0.175 -0.335 0.001040772823 1
0 0.175 -0.325 0.00110268393 1
0 0.175 -0.315 0.001167856517 2
0 0.175 -0.305 0.001227896974 2
0 0.175 -0.295 0.001269544403 2
0 0.175 -0.285 0.001295052158 2
0 0.175 -0.275 0.001317209258 2
0 0.175 -0.265 0.001333826161 2
0 0.175 -0.255 0.001346917481 2
0 0.175 -0.245 0.001357011555 2
0 0.175 -0.235 0.001364666413 2
0 0.175 -0.225 0.001369762877 2
0 0.175 -0.215 0.001371166753 2
0 0.175 -0.205 0.00136639112 2
0 0.175 -0.195 0.001350987725 2
0 0.175 -0.185 0.001320388189 2
0 0.175 -0.175 0.001264714286 2
0 0.175 -0.165 0.001190781425 2
0 0.175 -0.155 0.001110953904 1
0 0.175 -0.145 0.001052999499 1
0 0.175 -0.135 0.0009978034199 1
0 0.175 -0.125 0.0009323927801 1
0 0.175 -0.115 0.0008631776094 1
0 0.175 -0.105 0.0007919341926 1
0 0.175 -0.095 0.0007212229636 1
0 0.175 -0.085 0.0006510188624 1
0 0.175 -0.075 0.0005805457772 1
0 0.175 -0.065 0.0005105593313 1
0 0.175 -0.055 0.0004401596462 1
0 0.175 -0.045 0.000366440589 1
0 0.175 -0.035 0.0002688999654 2
0 0.175 -0.025 0.0001602842973 2
0 0.175 -0.015 4.33062527e-05 2
0 0.175 -0.005 -7.254019922e-05 2
0 0.175 0.005 -0.0001823911745 2
0 0.175 0.015 -0.000290383719 2
0 0.175 0.025 -0.0003960928109 2
0 0.175 0.035 -0.0005001284915 2
0 0.175 0.045 -0.0006024078472 2
0 0.175 0.055 -0.0007028809394 2
0 0.175 0.065 -0.0008013535125 2
0 0.175 0.075 -0.000897560765 2
0 0.175 0.085 -0.0009911336702 2
0 0.175 0.095 -0.001081590408 2
0 0.175 0.105 -0.001168320406 2
0 0.175 0.115 -0.00125057943 2
0 0.175 0.125 -0.001327495949 2
0 0.175 0.135 -0.001398093579 2
0 0.175 0.145 -0.001461331722 2
0 0.175 0.155 -0.001516164995 2
0 0.175 0.165 -0.001561619441 2
0 0.175 0.175 -0.001596878531 2
0 0.175 0.185 -0.001621368456 2
0 0.175 0.195 -0.001634826166 2
0 0.175 0.205 -0.00163733442 2
0 0.175 0.215 -0.001629306768 2
0 0.175 0.225 -0.001611415773 2
0 0.175 0.235 -0.001584465201 2
0 0.175 0.245 -0.001549221715 2
0 0.175 0.255 -0.001506242196 2
0 0.175 0.265 -0.001455724565 2
0 0.175 0.275 -0.001397461123 2
0 0.175 0.285 -0.001330773724 2
0 0.175 0.295 -0.001254909429 2
0 0.175 0.305 -0.001168364072 2
0 0.175 0.315 -0.001072060816 2
0 0.175 0.325 -0.0009608333145 2
0 0.175 0.335 -0.0008503967109 2
0 0.175 0.345 -0.0007383815698 1
0 0.175 0.355 -0.0006385562324 1
0 0.175 0.365 -0.0005387715533 1
0 0.175 0.375 -0.0004306743255 1
0 0.175 0.385 -0.0003057685048 1
0 0.175 0.395 -0.0001998635269 1
0 0.175 0.405 0 1
0 0.175 0.415 0 2
0 0.175 0.425 0 2
0 0.175 0.435 0 2
0 0.175 0.445 0 2
0 0.175 0.455 0 2
0 0.175 0.465 0 2
0 0.185 -0.455 0 2
0 0.185 -0.445 0 2
0 0.185 -0.435 0 2
0 0.185 -0.425 0 2
0 0.185 -0.415 0 2
0 0.185 -0.405 0 2
0 0.185 -0.395 0.0003003710031 2
0 0.185 -0.385 0.000478380032 2
0 0.185 -0.375 0.0006711198274 2
0 0.185 -0.365 0.0008279777851 2
0 0.185 -0.355 0.0009674719543 2
0 0.185 -0.345 0.001089984303 2
0 0.185 -0.335 0.001192875569 2
0 0.185 -0.325 0.00128350394 2
0 0.185 -0.315 0.001367297227 2
0 0.185 -0.305 0.001436285281 2
0 0.185 -0.295 0.001487432497 2
0 0.185 -0.285 0.001526266887 2
0 0.185 -0.275 0.001557871139 2
0 0.185 -0.265 0.001582229327 2
0 0.185 -0.255 0.00160095638 2
0 0.185 -0.245 0.001614522203 2
0 0.185 -0.235 0.001623314747 2
0 0.185 -0.225 0.001627058076 2
0 0.185 -0.215 0.001624631281 2
0 0.185 -0.205 0.001613893241 2
0 0.185 -0.195 0.00159145339 2
0 0.185 -0.185 0.0015535351 2
0 0.185 -0.175 0.0014942056 2
0 0.185 -0.165 0.001412046459 2
0 0.185 -0.155 0.001323676854 1
0 0.185 -0.145 0.001260228539 1
0 0.185 -0.135 0.00119907493 1
0 0.185 -0.125 0.001127140597 1
0 0.185 -0.115 0.0010513381 1
0 0.185 -0.105 0.0009721222173 1
0 0.185 -0.095 0.00089153801 1
0 0.185 -0.085 0.0008102666589 1
0 0.185 -0.075 0.0007284860621 1
0 0.185 -0.065 0.0006460708035 1
0 0.185 -0.055 0.000563635311 1
0 0.185 -0.045 0.0004821582314 1
0 0.185 -0.035 0.0003845011599 1
0 0.185 -0.025 0.0002508609384 2
0 0.185 -0.015 0.0001060227524 2
0 0.185 -0.005 -3.796733543e-05 2
0 0.185 0.005 -0.0001709094246 2
0 0.185 0.015 -0.0003007958023 2
0 0.185 0.025 -0.0004271760623 2
0 0.185 0.035 -0.0005510236173 2
0 0.185 0.045 -0.0006723039301 2
0 0.185 0.055 -0.0007910255059 2
0 0.185 0.065 -0.0009070133478 2
0 0.185 0.075 -0.001020015641 2
0 0.185 0.085 -0.001129666905 2
0 0.185 0.095 -0.001235482476 2
0 0.185 0.105 -0.001336843183 2
0 0.185 0.115 -0.001432992928 2
0 0.185 0.125 -0.001523048411 2
0 0.185 0.135 -0.001606025322 2
0 0.185 0.145 -0.00168088161 2
0 0.185 0.155 -0.001746576873 2
0 0.185 0.165 -0.001802144018 2
0 0.185 0.175 -0.001846765663 2
0 0.185 0.185 -0.001879844753 2
0 0.185 0.195 -0.00190105608 2
0 0.185 0.205 -0.001910366243 2
0 0.185 0.215 -0.001908011828 2
0 0.185 0.225 -0.001894432846 2
0 0.185 0.235 -0.001870166295 2
0 0.185 0.245 -0.001835713473 2
0 0.185 0.255 -0.001791406712 2
0 0.185 0.265 -0.00173729104 2
0 0.185 0.275 -0.001673072744 2
0 0.185 0.285 -0.001598038661 2
0 0.185 0.295 -0.001511288222 2
0 0.185 0.305 -0.001411073519 2
0 0.185 0.315 -0.00129744707 2
0 0.185 0.325 -0.001163039589 2
0 0.185 0.335 -0.001028051317 2
0 0.185 0.345 -0.0008920320801 1
0 0.185 0.355 -0.0007715186646 1
0 0.185 0.365 -0.0006517958049 1
0 0.185 0.375 -0.0005212665832 1
0 0.185 0.385 -0.0003693083739 1
0 0.185 0.395 -0.0002402769881 1
0 0.185 0.405 0 1
0 0.185 0.415 0 2
0 0.185 0.425 0 2
0 0.185 0.435 0 2
0 0.185 0.445 0 2
0 0.185 0.455 0 2
0 0.185 0.465 0 2
0 0.195 -0.455 0 2
0 0.195 -0.445 0 2
0 0.195 -0.435 0 2
0 0.195 -0.425 0 2
0 0.195 -0.415 0 2
0 0.195 -0.405 0 2
0 0.195 -0.395 0.0003202579568 2
0 0.195 -0.385 0.0005060992679 2
0 0.195 -0.375 0.0007079648236 2
0 0.195 -0.365 0.0008775275175 2
0 0.195 -0.355 0.001034115707 2
0 0.195 -0.345 0.001177646275 2
0 0.195 -0.335 0.001307757997 2
0 0.195 -0.325 0.001426154109 2
0 0.195 -0.315 0.001532158804 2
0 0.195 -0.305 0.00161972095 2
0 0.195 -0.295 0.001689472876 2
0 0.195 -0.285 0.001746471345 2
0 0.195 -0.275 0.001790696596 2
0 0.195 -0.265 0.001824795323 2
0 0.195 -0.255 0.00185034094 2
0 0.195 -0.245 0.001868112123 2
0 0.195 -0.235 0.001878503113 2
0 0.195 -0.225 0.001881241489 2
0 0.195 -0.215 0.001875329486 2
0 0.195 -0.205 0.001859017312 2
0 0.195 -0.195 0.001829832218 2
0 0.195 -0.185 0.001785108192 2
0 0.195 -0.175 0.0017223993 2
0 0.195 -0.165 0.001638688577 2
0 0.195 -0.155 0.001549688566 2
0 0.195 -0.145 0.00146531918 1
0 0.195 -0.135 0.001395680733 1
0 0.195 -0.125 0.001318573931 1
0 0.195 -0.115 0.001236188558 1
0 0.195 -0.105 0.001149290989 1
0 0.195 -0.095 0.00105944449 1
0 0.195 -0.085 0.0009676763672 1
0 0.195 -0.075 0.0008747623108 1
0 0.195 -0.065 0.000781457685 1
0 0.195 -0.055 0.0006872158109 1
0 0.195 -0.045 0.0005955652856 1
0 0.195 -0.035 0.0004869087338 1
0 0.195 -0.025 0.0003387830078 2
0 0.195 -0.015 0.0001736047621 2
0 0.195 -0.005 2.348691824e-06 2
0 0.195 0.005 -0.0001540921101 2
0 0.195 0.015 -0.0003066006835 2
0 0.195 0.025 -0.0004543074439 2
0 0.195 0.035 -0.0005985153113 2
0 0.195 0.045 -0.0007392500932 2
0 0.195 0.055 -0.0008766078787 2
0 0.195 0.065 -0.001010467889 2
0 0.195 0.075 -0.001140623653 2
0 0.195 0.085 -0.001266740828 2
0 0.195 0.095 -0.001388352443 2
0 0.195 0.105 -0.001504843026 2
0 0.195 0.115 -0.00161544766 2
0 0.195 0.125 -0.0017192642 2
0 0.195 0.135 -0.001815282549 2
0 0.195 0.145 -0.001902430637 2
0 0.195 0.155 -0.001979635325 2
0 0.195 0.165 -0.002045893348 2
0 0.195 0.175 -0.002100344202 2
0 0.195 0.185 -0.002142334188 2
0 0.195 0.195 -0.002171459525 2
0 0.195 0.205 -0.002187578229 2
0 0.195 0.215 -0.002190784507 2
0 0.195 0.225 -0.002181346105 2
0 0.195 0.235 -0.002159611953 2
0 0.195 0.245 -0.002125902696 2
0 0.195 0.255 -0.00208040274 2
0 0.195 0.265 -0.002023063357 2
0 0.195 0.275 -0.001953545255 2
0 0.195 0.285 -0.001871139214 2
0 0.195 0.295 -0.001774841848 2
0 0.195 0.305 -0.001662880749 2
0 0.195 0.315 -0.001534196257 2
0 0.195 0.325 -0.001381706995 2
0 0.195 0.335 -0.001220754586 2
0 0.195 0.345 -0.001058858378 1
0 0.195 0.355 -0.0009179034583 1
0 0.195 0.365 -0.0007768241322 1
0 0.195 0.375 -0.0006217640674 1
0 0.195 0.385 -0.0004444978437 1
0 0.195 0.395 -0.0002889394705 1
0 0.195 0.405 0 1
0 0.195 0.415 0 2
0 0.195 0.425 0 2
0 0.195 0.435 0 2
0 0.195 0.445 0 2
0 0.195 0.455 0 2
0 0.195 0.465 0 2
0 0.205 -0.455 0 2
0 0.205 -0.445 0 2
0 0.205 -0.435 0 2
0 0.205 -0.425 0 2
0 0.205 -0.415 0 2
0 0.205 -0.405 0 2
0 0.205 -0.395 0.0003268033055 2
0 0.205 -0.385 0.0005194824677 2
0 0.205 -0.375 0.0007322426276 2
0 0.205 -0.365 0.0009203215572 2
0 0.205 -0.355 0.001096582542 2
0 0.205 -0.345 0.001261135324 2
0 0.205 -0.335 0.001415213811 2
0 0.205 -0.325 0.001557066658 2
0 0.205 -0.315 0.001684281836 2
0 0.205 -0.305 0.001794094061 2
0 0.205 -0.295 0.00188519331 2
0 0.205 -0.285 0.001958409252 2
0 0.205 -0.275 0.00201612192 2
0 0.205 -0.265 0.002060613685 2
0 0.205 -0.255 0.002093464045 2
0 0.205 -0.245 0.002115738025 2
0 0.205 -0.235 0.002127941067 2
0 0.205 -0.225 0.002129926421 2
0 0.205 -0.215 0.002120887802 2
0 0.205 -0.205 0.002099441609 2
0 0.205 -0.195 0.002063822236 2
0 0.205 -0.185 0.00201232977 2
0 0.205 -0.175 0.001943879645 2
0 0.205 -0.165 0.001858022001 2
0 0.205 -0.155 0.001763522798 2
0 0.205 -0.145 0.001666958397 1
0 0.205 -0.135 0.001588143329 1
0 0.205 -0.125 0.001507108881 1
0 0.205 -0.115 0.001418004585 1
0 0.205 -0.105 0.00132383622 1
0 0.205 -0.095 0.001224988392 1
0 0.205 -0.085 0.001123035198 1
0 0.205 -0.075 0.001018889934 1
0 0.205 -0.065 0.0009137451769 1
0 0.205 -0.055 0.0008058174227 1
0 0.205 -0.045 0.0007028270144 1
0 0.205 -0.035 0.0005850058659 1
0 0.205 -0.025 0.0004256453346 2
0 0.205 -0.015 0.0002424341682 2
0 0.205 -0.005 4.52172854e-05 2
0 0.205 0.005 -0.0001344014952 2
0 0.205 0.015 -0.0003094639392 2
0 0.205 0.025 -0.0004785424981 2
0 0.205 0.035 -0.0006431861598 2
0 0.205 0.045 -0.0008034664919 2
0 0.205 0.055 -0.0009595651895 2
0 0.205 0.065 -0.001111430251 2
0 0.205 0.075 -0.001258918328 2
0 0.205 0.085 -0.001401743039 2
0 0.205 0.095 -0.00153946659 2
0 0.205 0.105 -0.001671481436 2
0 0.205 0.115 -0.001797009658 2
0 0.205 0.125 -0.001915116996 2
0 0.205 0.135 -0.002024744815 2
0 0.205 0.145 -0.002124759271 2
0 0.205 0.155 -0.002214015724 2
0 0.205 0.165 -0.002291433209 2
0 0.205 0.175 -0.002356070121 2
0 0.205 0.185 -0.002407189207 2
0 0.205 0.195 -0.002444299142 2
0 0.205 0.205 -0.002467162744 2
0 0.205 0.215 -0.002475767947 2
0 0.205 0.225 -0.002470265284 2
0 0.205 0.235 -0.002450882118 2
0 0.205 0.245 -0.00241782696 2
0 0.205 0.255 -0.002371198579 2
0 0.205 0.265 -0.002310907425 2
0 0.205 0.275 -0.002236620207 2
0 0.205 0.285 -0.002147702773 2
0 0.205 0.295 -0.002043187223 2
0 0.205 0.305 -0.001921599721 2
0 0.205 0.315 -0.001780958302 2
0 0.205 0.325 -0.001617115933 2
0 0.205 0.335 -0.001430644269 2
0 0.205 0.345 -0.001239844705 1
0 0.205 0.355 -0.001076570595 1
0 0.205 0.365 -0.0009115742738 1
0 0.205 0.375 -0.0007331115834 1
0 0.205 0.385 -0.0005331956917 1
0 0.205 0.395 -0.0003480862743 1
0 0.205 0.405 0 1
0 0.205 0.415 0 2
0 0.205 0.425 0 2
0 0.205 0.435 0 2
0 0.205 0.445 0 2
0 0.205 0.455 0 2
0 0.205 0.465 0 2
0 0.215 -0.455 0 2
0 0.215 -0.445 0 2
0 0.215 -0.435 0 2
0 0.215 -0.425 0 2
0 0.215 -0.415 0 2
0 0.215 -0.405 0 2
0 0.215 -0.395 0.0003195181467 2
0 0.215 -0.385 0.0005175719166 2
0 0.215 -0.375 0.0007459700597 2
0 0.215 -0.365 0.0009592486306 2
0 0.215 -0.355 0.001163321543 2
0 0.215 -0.345 0.001352481515 2
0 0.215 -0.335 0.001530144615 2
0 0.215 -0.325 0.001693417654 2
0 0.215 -0.315 0.00184029414 2
0 0.215 -0.305 0.00196826433 2
0 0.215 -0.295 0.002076237554 2
0 0.215 -0.285 0.002164735836 2
0 0.215 -0.275 0.002235319328 2
0 0.215 -0.265 0.00228978242 2
0 0.215 -0.255 0.002329701838 2
0 0.215 -0.245 0.002356306575 2
0 0.215 -0.235 0.002370265322 2
0 0.215 -0.225 0.002371615071 2
0 0.215 -0.215 0.002359754987 2
0 0.215 -0.205 0.002333611089 2
0 0.215 -0.195 0.002292001952 2
0 0.215 -0.185 0.002234148924 2
0 0.215 -0.175 0.002160550342 2
0 0.215 -0.165 0.002072720838 2
0 0.215 -0.155 0.001974438376 2
0 0.215 -0.145 0.001874296848 2
0 0.215 -0.135 0.00177903695 1
0 0.215 -0.125 0.001695873406 1
0 0.215 -0.115 0.00159863349 1
0 0.215 -0.105 0.001497554561 1
0 0.215 -0.095 0.00139185394 1
0 0.215 -0.085 0.001277207174 1
0 0.215 -0.075 0.001159129817 1
0 0.215 -0.065 0.001040883298 1
0 0.215 -0.055 0.0009237507364 1
0 0.215 -0.045 0.0008093530577 1
0 0.215 -0.035 0.0006772440862 1
0 0.215 -0.025 0.0005027103229 2
0 0.215 -0.015 0.000301566704 2
0 0.215 -0.005 8.516517587e-05 2
0 0.215 0.005 -0.0001154511714 2
0 0.215 0.015 -0.0003115926582 2
0 0.215 0.025 -0.0005012394392 2
0 0.215 0.035 -0.0006858000317 2
0 0.215 0.045 -0.000865290145 2
0 0.215 0.055 -0.00103991481 2
0 0.215 0.065 -0.001209673284 2
0 0.215 0.075 -0.001374482666 2
0 0.215 0.085 -0.001534106734 2
0 0.215 0.095 -0.001688136406 2
0 0.215 0.105 -0.001835966344 2
0 0.215 0.115 -0.001976793593 2
0 0.215 0.125 -0.002109632848 2
0 0.215 0.135 -0.002233350433 2
0 0.215 0.145 -0.00234671659 2
0 0.215 0.155 -0.002448475094 2
0 0.215 0.165 -0.002537425576 2
0 0.215 0.175 -0.002612508821 2
0 0.215 0.185 -0.002672880652 2
0 0.215 0.195 -0.002717958391 2
0 0.215 0.205 -0.002747428 2
0 0.215 0.215 -0.002761209197 2
0 0.215 0.225 -0.002759386573 2
0 0.215 0.235 -0.002742121915 2
0 0.215 0.245 -0.002709564179 2
0 0.215 0.255 -0.002661770476 2
0 0.215 0.265 -0.002598645323 2
0 0.215 0.275 -0.002519897817 2
0 0.215 0.285 -0.002425023631 2
0 0.215 0.295 -0.002313239755 2
0 0.215 0.305 -0.002183658276 2
0 0.215 0.315 -0.002034349103 2
0 0.215 0.325 -0.001866239159 2
0 0.215 0.335 -0.001666083618 2
0 0.215 0.345 -0.001453238489 2
0 0.215 0.355 -0.001244801633 1
0 0.215 0.365 -0.001058598857 1
0 0.215 0.375 -0.00086408056 1
0 0.215 0.385 -0.0006431618575 1
0 0.215 0.395 -0.0004335745675 1
0 0.215 0.405 0 2
0 0.215 0.415 0 2
0 0.215 0.425 0 2
0 0.215 0.435 0 2
0 0.215 0.445 0 2
0 0.215 0.455 0 2
0 0.215 0.465 0 2
0 0.225 -0.455 0 2
0 0.225 -0.445 0 2
0 0.225 -0.435 0 2
0 0.225 -0.425 0 1
0 0.225 -0.415 0 1
0 0.225 -0.405 0 1
0 0.225 -0.395 0.0002803745832 1
0 0.225 -0.385 0.0004985914969 2
0 0.225 -0.375 0.0007492349522 2
0 0.225 -0.365 0.0009914483648 2
0 0.225 -0.355 0.00122932373 2
0 0.225 -0.345 0.001444127439 2
0 0.225 -0.335 0.00164593029 2
0 0.225 -0.325 0.001830583897 2
0 0.225 -0.315 0.001996389829 2
0 0.225 -0.305 0.002141577295 2
0 0.225 -0.295 0.00226521311 2
0 0.225 -0.285 0.002367528357 2
0 0.225 -0.275 0.002449578035 2
0 0.225 -0.265 0.002512873939 2
0 0.225 -0.255 0.002558978729 2
0 0.225 -0.245 0.002589223679 2
0 0.225 -0.235 0.002604496381 2
0 0.225 -0.225 0.002605071946 2
0 0.225 -0.215 0.002590539742 2
0 0.225 -0.205 0.002559994028 2
0 0.225 -0.195 0.002512552652 2
0 0.225 -0.185 0.00244800029 2
0 0.225 -0.175 0.002367510291 2
0 0.225 -0.165 0.002273489804 2
0 0.225 -0.155 0.00217088262 2
0 0.225 -0.145 0.002065609766 2
0 0.225 -0.135 0.001964948432 2
0 0.225 -0.125 0.001867865729 1
0 0.225 -0.115 0.001769179327 1
0 0.225 -0.105 0.001665778784 1
0 0.225 -0.095 0.001552910497 1
0 0.225 -0.085 0.001426973786 1
0 0.225 -0.075 0.001298494554 1
0 0.225 -0.065 0.001167323207 1
0 0.225 -0.055 0.001036525795 1
0 0.225 -0.045 0.0009056452028 1
0 0.225 -0.035 0.0007578597232 1
0 0.225 -0.025 0.0005699665824 2
0 0.225 -0.015 0.0003517629281 2
0 0.225 -0.005 0.0001194540674 2
0 0.225 0.005 -9.964876768e-05 2
0 0.225 0.015 -0.0003147156138 2
0 0.225 0.025 -0.0005235090833 2
0 0.225 0.035 -0.0007269764455 2
0 0.225 0.045 -0.0009249658599 2
0 0.225 0.055 -0.001117614893 2
0 0.225 0.065 -0.001304936928 2
0 0.225 0.075 -0.001486891076 2
0 0.225 0.085 -0.001663279153 2
0 0.225 0.095 -0.001833706889 2
0 0.225 0.105 -0.001997554238 2
0 0.225 0.115 -0.002153973439 2
0 0.225 0.125 -0.00230190512 2
0 0.225 0.135 -0.002440112569 2
0 0.225 0.145 -0.002567235468 2
0 0.225 0.155 -0.002681865012 2
0 0.225 0.165 -0.002782638068 2
0 0.225 0.175 -0.002868339987 2
0 0.225 0.185 -0.00293799709 2
0 0.225 0.195 -0.002990935509 2
0 0.225 0.205 -0.003026788646 2
0 0.225 0.215 -0.003045450563 2
0 0.225 0.225 -0.003046990358 2
0 0.225 0.235 -0.003031551793 2
0 0.225 0.245 -0.002999260895 2
0 0.225 0.255 -0.00295015481 2
0 0.225 0.265 -0.002884137461 2
0 0.225 0.275 -0.002800952535 2
0 0.225 0.285 -0.002700193424 2
0 0.225 0.295 -0.002581228988 2
0 0.225 0.305 -0.002443453678 2
0 0.225 0.315 -0.002285148075 2
0 0.225 0.325 -0.002106558247 2
0 0.225 0.335 -0.001896737841 2
0 0.225 0.345 -0.001668322722 2
0 0.225 0.355 -0.001434126094 1
0 0.225 0.365 -0.001220218275 1
0 0.225 0.375 -0.001000458498 1
0 0.225 0.385 -0.0007415525564 1
0 0.225 0.395 -0.0004936088288 1
0 0.225 0.405 0 2
0 0.225 0.415 0 2
0 0.225 0.425 0 2
0 0.225 0.435 0 2
0 0.225 0.445 0 2
0 0.225 0.455 0 2
0 0.225 0.465 0 2
0 0.235 -0.455 0 2
0 0.235 -0.445 0 2
0 0.235 -0.435 0 1
0 0.235 -0.425 0 1
0 0.235 -0.415 0 1
0 0.235 -0.405 0 1
0 0.235 -0.395 0.0002931256055 1
0 0.235 -0.385 0.0004917137874 1
0 0.235 -0.375 0.0007589641419 2
0 0.235 -0.365 0.001021257709 2
0 0.235 -0.355 0.00129078466 2
0 0.235 -0.345 0.001536164553 2
0 0.235 -0.335 0.001762940623 2
0 0.235 -0.325 0.001969666791 2
0 0.235 -0.315 0.002154216702 2
0 0.235 -0.305 0.002315770464 2
0 0.235 -0.295 0.002453634509 2
0 0.235 -0.285 0.002568071688 2
0 0.235 -0.275 0.00265994862 2
0 0.235 -0.265 0.002730595356 2
0 0.235 -0.255 0.002781530581 2
0 0.235 -0.245 0.00281424426 2
0 0.235 -0.235 0.002829934185 2
0 0.235 -0.225 0.002829213062 2
0 0.235 -0.215 0.002811878804 2
0 0.235 -0.205 0.002777038814 2
0 0.235 -0.195 0.00272381707 2
0 0.235 -0.185 0.002652278228 2
0 0.235 -0.175 0.002564072199 2
0 0.235 -0.165 0.002462483397 2
0 0.235 -0.155 0.002352089644 2
0 0.235 -0.145 0.002238124306 2
0 0.235 -0.135 0.002126926985 2
0 0.235 -0.125 0.002021197042 2
0 0.235 -0.115 0.001914449118 2
0 0.235 -0.105 0.001803274929 2
0 0.235 -0.095 0.001686367368 1
0 0.235 -0.085 0.001555882193 2
0 0.235 -0.075 0.00141396354 2
0 0.235 -0.065 0.001267268733 1
0 0.235 -0.055 0.001132357239 1
0 0.235 -0.045 0.0009920438125 1
0 0.235 -0.035 0.0008162102052 2
0 0.235 -0.025 0.0006135687659 2
0 0.235 -0.015 0.0003837062241 2
0 0.235 -0.005 0.0001447197797 2
0 0.235 0.005 -8.876072885e-05 2
0 0.235 0.015 -0.0003198309162 2
0 0.235 0.025 -0.000545884944 2
0 0.235 0.035 -0.0007669215031 2
0 0.235 0.045 -0.0009824493674 2
0 0.235 0.055 -0.001192427639 2
0 0.235 0.065 -0.001396839334 2
0 0.235 0.075 -0.001595659219 2
0 0.235 0.085 -0.001788702338 2
0 0.235 0.095 -0.001975560166 2
0 0.235 0.105 -0.002155568174 2
0 0.235 0.115 -0.002327806907 2
0 0.235 0.125 -0.002491118958 2
0 0.235 0.135 -0.002644139521 2
0 0.235 0.145 -0.002785346544 2
0 0.235 0.155 -0.002913138648 2
0 0.235 0.165 -0.003025944079 2
0 0.235 0.175 -0.003122350715 2
0 0.235 0.185 -0.003201230976 2
0 0.235 0.195 -0.003261823989 2
0 0.235 0.205 -0.003303744248 2
0 0.235 0.215 -0.003326912313 2
0 0.235 0.225 -0.003331435765 2
0 0.235 0.235 -0.003317481775 2
0 0.235 0.245 -0.003285174796 2
0 0.235 0.255 -0.003234532004 2
0 0.235 0.265 -0.003165436191 2
0 0.235 0.275 -0.003077628118 2
0 0.235 0.285 -0.00297073537 2
0 0.235 0.295 -0.002844226933 2
0 0.235 0.305 -0.0026976081 2
0 0.235 0.315 -0.002529848419 2
0 0.235 0.325 -0.002340269363 2
0 0.235 0.335 -0.002129094767 2
0 0.235 0.345 -0.001898749234 2
0 0.235 0.355 -0.001649386894 2
0 0.235 0.365 -0.001388004083 2
0 0.235 0.375 -0.001121127546 2
0 0.235 0.385 -0.0008049526242 2
0 0.235 0.395 -0.0005105135492 2
0 0.235 0.405 0 2
0 0.235 0.415 0 2
0 0.235 0.425 0 2
0 0.235 0.435 0 2
0 0.235 0.445 0 2
0 0.235 0.455 0 2
0 0.235 0.465 0 2
0 0.245 -0.455 0 2
0 0.245 -0.445 0 2
0 0.245 -0.435 0 1
0 0.245 -0.425 0 1
0 0.245 -0.415 0 1
0 0.245 -0.405 0 1
0 0.245 -0.395 0.0003132542056 1
0 0.245 -0.385 0.0005171242689 1
0 0.245 -0.375 0.0007978301142 2
0 0.245 -0.365 0.001068255896 2
0 0.245 -0.355 0.001355394912 2
0 0.245 -0.345 0.001632808772 2
0 0.245 -0.335 0.001883572517 2
0 0.245 -0.325 0.002111921761 2
0 0.245 -0.315 0.002314522518 2
0 0.245 -0.305 0.002491479366 2
0 0.245 -0.295 0.0026422927 2
0 0.245 -0.285 0.002767347439 2
0 0.245 -0.275 0.00286742612 2
0 0.245 -0.265 0.002943747137 2
0 0.245 -0.255 0.002997825067 2
0 0.245 -0.245 0.003031271475 2
0 0.245 -0.235 0.003045732934 2
0 0.245 -0.225 0.003042496612 2
0 0.245 -0.215 0.003021744315 2
0 0.245 -0.205 0.002982498425 2
0 0.245 -0.195 0.002923530378 2
0 0.245 -0.185 0.00284473345 2
0 0.245 -0.175 0.002748109934 2
0 0.245 -0.165 0.002637571001 2
0 0.245 -0.155 0.0025179662 2
0 0.245 -0.145 0.002393750278 2
0 0.245 -0.135 0.002268707794 2
0 0.245 -0.125 0.002146532291 2
0 0.245 -0.115 0.002027114073 2
0 0.245 -0.105 0.001907206927 2
0 0.245 -0.095 0.001779311159 2
0 0.245 -0.085 0.001646115222 2
0 0.245 -0.075 0.001504353454 2
0 0.245 -0.065 0.001351241721 2
0 0.245 -0.055 0.001198632664 2
0 0.245 -0.045 0.001035676883 2
0 0.245 -0.035 0.0008510177571 2
0 0.245 -0.025 0.0006408313187 2
0 0.245 -0.015 0.0004064474806 2
0 0.245 -0.005 0.0001634550322 2
0 0.245 0.005 -8.147308425e-05 2
0 0.245 0.015 -0.0003262487883 2
0 0.245 0.025 -0.0005678470371 2
0 0.245 0.035 -0.0008051376391 2
0 0.245 0.045 -0.001037207129 2
0 0.245 0.055 -0.00126378316 2
0 0.245 0.065 -0.001484797156 2
0 0.245 0.075 -0.001700214179 2
0 0.245 0.085 -0.001909821912 2
0 0.245 0.095 -0.002113149391 2
0 0.245 0.105 -0.0023094441 2
0 0.245 0.115 -0.002497682682 2
0 0.245 0.125 -0.002676590669 2
0 0.245 0.135 -0.002844661224 2
0 0.245 0.145 -0.003000190617 2
0 0.245 0.155 -0.003141350663 2
0 0.245 0.165 -0.003266312713 2
0 0.245 0.175 -0.003373417114 2
0 0.245 0.185 -0.003461352366 2
0 0.245 0.195 -0.003529279664 2
0 0.245 0.205 -0.003576844293 2
0 0.245 0.215 -0.003604063537 2
0 0.245 0.225 -0.003611146411 2
0 0.245 0.235 -0.003598319535 2
0 0.245 0.245 -0.003565710215 2
0 0.245 0.255 -0.003513293564 2
0 0.245 0.265 -0.00344088867 2
0 0.245 0.275 -0.003348174438 2
0 0.245 0.285 -0.003234727494 2
0 0.245 0.295 -0.003100010495 2
0 0.245 0.305 -0.002943454502 2
0 0.245 0.315 -0.002764371911 2
0 0.245 0.325 -0.002562094037 2
0 0.245 0.335 -0.002337003627 2
0 0.245 0.345 -0.002087141031 2
0 0.245 0.355 -0.001813097898 2
0 0.245 0.365 -0.001517371657 2
0 0.245 0.375 -0.001209892316 2
0 0.245 0.385 -0.0008567790693 2
0 0.245 0.395 -0.0005364587489 2
0 0.245 0.405 0 2
0 0.245 0.415 0 2
0 0.245 0.425 0 2
0 0.245 0.435 0 2
0 0.245 0.445 0 2
0 0.245 0.455 0 2
0 0.245 0.465 0 2
0 0.255 -0.455 0 2
0 0.255 -0.445 0 2
0 0.255 -0.435 0 1
0 0.255 -0.425 0 1
0 0.255 -0.415 0 1
0 0.255 -0.405 0 1
0 0.255 -0.395 0.000346010458 1
0 0.255 -0.385 0.00056239201 1
0 0.255 -0.375 0.0008281990504 1
0 0.255 -0.365 0.001116010972 2
0 0.255 -0.355 0.001423808273 2
0 0.255 -0.345 0.001735890092 2
0 0.255 -0.335 0.002009962253 2
0 0.255 -0.325 0.002258917015 2
0 0.255 -0.315 0.002478474992 2
0 0.255 -0.305 0.002669642816 2
0 0.255 -0.295 0.002832074996 2
0 0.255 -0.285 0.002966288861 2
0 0.255 -0.275 0.003073009642 2
0 0.255 -0.265 0.003153349772 2
0 0.255 -0.255 0.003208802989 2
0 0.255 -0.245 0.003240936491 2
0 0.255 -0.235 0.003251973797 2
0 0.255 -0.225 0.003244327429 2
0 0.255 -0.215 0.003218637849 2
0 0.255 -0.205 0.00317390124 2
0 0.255 -0.195 0.003108843303 2
0 0.255 -0.185 0.003022999248 2
0 0.255 -0.175 0.002918489416 2
0 0.255 -0.165 0.002799546003 2
0 0.255 -0.155 0.002670662309 2
0 0.255 -0.145 0.002536431757 2
0 0.255 -0.135 0.002399966334 2
0 0.255 -0.125 0.002262508495 2
0 0.255 -0.115 0.002119995561 2
0 0.255 -0.105 0.001978776146 2
0 0.255 -0.095 0.001840792108 2
0 0.255 -0.085 0.001701593486 2
0 0.255 -0.075 0.001556021394 2
0 0.255 -0.065 0.001403922584 2
0 0.255 -0.055 0.001248450382 2
0 0.255 -0.045 0.001077403719 2
0 0.255 -0.035 0.0008826484979 2
0 0.255 -0.025 0.0006641467712 2
0 0.255 -0.015 0.000426978654 2
0 0.255 -0.005 0.0001798518996 2
0 0.255 0.005 -7.488600551e-05 2
0 0.255 0.015 -0.0003319338981 2
0 0.255 0.025 -0.0005878254574 2
0 0.255 0.035 -0.0008403376652 2
0 0.255 0.045 -0.001088134431 2
0 0.255 0.055 -0.001330722871 2
0 0.255 0.065 -0.00156799987 2
0 0.255 0.075 -0.001799907648 2
0 0.255 0.085 -0.002026139249 2
0 0.255 0.095 -0.002246078546 2
0 0.255 0.105 -0.002458821108 2
0 0.255 0.115 -0.002663205996 2
0 0.255 0.125 -0.00285783821 2
0 0.255 0.135 -0.003041077241 2
0 0.255 0.145 -0.003211039921 2
0 0.255 0.155 -0.003365651737 2
0 0.255 0.165 -0.003502780421 2
0 0.255 0.175 -0.003620458425 2
0 0.255 0.185 -0.003717150735 2
0 0.255 0.195 -0.003791956384 2
0 0.255 0.205 -0.003844626984 2
0 0.255 0.215 -0.003875375151 2
0 0.255 0.225 -0.003884586395 2
0 0.255 0.235 -0.003872572749 2
0 0.255 0.245 -0.003839445761 2
0 0.255 0.255 -0.003785092925 2
0 0.255 0.265 -0.003709212252 2
0 0.255 0.275 -0.003611359975 2
0 0.255 0.285 -0.003490995705 2
0 0.255 0.295 -0.00334749554 2
0 0.255 0.305 -0.00318015896 2
0 0.255 0.315 -0.002988269574 2
0 0.255 0.325 -0.002770920676 2
0 0.255 0.335 -0.002527063881 2
0 0.255 0.345 -0.00225559433 2
0 0.255 0.355 -0.001958163815 2
0 0.255 0.365 -0.001633781468 2
0 0.255 0.375 -0.001293269581 2
0 0.255 0.385 -0.000909702195 2
0 0.255 0.395 -0.0005654324307 2
0 0.255 0.405 0 2
0 0.255 0.415 0 2
0 0.255 0.425 0 2
0 0.255 0.435 0 2
0 0.255 0.445 0 2
0 0.255 0.455 0 2
0 0.255 0.465 0 2
0 0.265 -0.455 0 2
0 0.265 -0.445 0 2
0 0.265 -0.435 0 1
0 0.265 -0.425 0 1
0 0.265 -0.415 0 1
0 0.265 -0.405 0 1
0 0.265 -0.395 0.0003772305876 1
0 0.265 -0.385 0.0006053933508 1
0 0.265 -0.375 0.0008845771116 1
0 0.265 -0.365 0.001190700397 2
0 0.265 -0.355 0.001516160263 2
0 0.265 -0.345 0.00185121066 2
0 0.265 -0.335 0.002145163753 2
0 0.265 -0.325 0.002412289537 2
0 0.265 -0.315 0.00264709456 2
0 0.265 -0.305 0.002850994605 2
0 0.265 -0.295 0.003023676913 2
0 0.265 -0.285 0.003165719276 2
0 0.265 -0.275 0.003277737816 2
0 0.265 -0.265 0.003360674789 2
0 0.265 -0.255 0.003415827356 2
0 0.265 -0.245 0.003444521277 2
0 0.265 -0.235 0.003449397335 2
0 0.265 -0.225 0.003430511368 2
0 0.265 -0.215 0.003394286768 2
0 0.265 -0.205 0.003341168279 2
0 0.265 -0.195 0.003267539263 2
0 0.265 -0.185 0.00317735744 2
0 0.265 -0.175 0.003070072233 2
0 0.265 -0.165 0.00294611985 2
0 0.265 -0.155 0.002811652413 2
0 0.265 -0.145 0.002669634006 2
0 0.265 -0.135 0.0025176065 2
0 0.265 -0.125 0.002364034781 2
0 0.265 -0.115 0.002205767206 2
0 0.265 -0.105 0.002050552033 2
0 0.265 -0.095 0.001901449802 2
0 0.265 -0.085 0.001754402671 2
0 0.265 -0.075 0.001608068949 2
0 0.265 -0.065 0.001460002432 2
0 0.265 -0.055 0.001300750446 2
0 0.265 -0.045 0.001121726913 2
0 0.265 -0.035 0.0009209928998 2
0 0.265 -0.025 0.0006968910184 2
0 0.265 -0.015 0.0004552239036 2
0 0.265 -0.005 0.0001998454559 2
0 0.265 0.005 -6.479566306e-05 2
0 0.265 0.015 -0.0003336779697 2
0 0.265 0.025 -0.0006031236922 2
0 0.265 0.035 -0.0008701954939 2
0 0.265 0.045 -0.001133282843 2
0 0.265 0.055 -0.001391761224 2
0 0.265 0.065 -0.001645425777 2
0 0.265 0.075 -0.001894109345 2
0 0.265 0.085 -0.002137350167 2
0 0.265 0.095 -0.002374261154 2
0 0.265 0.105 -0.00260369808 2
0 0.265 0.115 -0.002824334231 2
0 0.265 0.125 -0.003034679978 2
0 0.265 0.135 -0.003233007913 2
0 0.265 0.145 -0.003417299909 2
0 0.265 0.155 -0.003585251625 2
0 0.265 0.165 -0.003734392194 2
0 0.265 0.175 -0.003862367097 2
0 0.265 0.185 -0.003967352947 2
0 0.265 0.195 -0.004048409356 2
0 0.265 0.205 -0.004105518455 2
0 0.265 0.215 -0.004139237076 2
0 0.265 0.225 -0.004150214499 2
0 0.265 0.235 -0.004138843277 2
0 0.265 0.245 -0.004105155228 2
0 0.265 0.255 -0.004048873074 2
0 0.265 0.265 -0.003969508036 2
0 0.265 0.275 -0.003866444782 2
0 0.265 0.285 -0.003738993571 2
0 0.265 0.295 -0.003586415548 2
0 0.265 0.305 -0.003407914608 2
0 0.265 0.315 -0.003202664864 2
0 0.265 0.325 -0.002969705955 2
0 0.265 0.335 -0.002708223684 2
0 0.265 0.345 -0.002417370301 2
0 0.265 0.355 -0.002098719586 2
0 0.265 0.365 -0.001750854415 2
0 0.265 0.375 -0.001385016505 2
0 0.265 0.385 -0.0009730153091 2
0 0.265 0.395 -0.0006031317969 2
0 0.265 0.405 0 2
0 0.265 0.415 0 2
0 0.265 0.425 0 2
0 0.265 0.435 0 2
0 0.265 0.445 0 2
0 0.265 0.455 0 2
0 0.265 0.465 0 2
0 0.275 -0.455 0 2
0 0.275 -0.445 0 2
0 0.275 -0.435 0 1
0 0.275 -0.425 0 1
0 0.275 -0.415 0 1
0 0.275 -0.405 0 1
0 0.275 -0.395 0.0004065376727 1
0 0.275 -0.385 0.0006480614348 1
0 0.275 -0.375 0.0009447504444 1
0 0.275 -0.365 0.001273073746 2
0 0.275 -0.355 0.00162052674 2
0 0.275 -0.345 0.001976648765 2
0 0.275 -0.335 0.002289065414 2
0 0.275 -0.325 0.002572441088 2
0 0.275 -0.315 0.002820786118 2
0 0.275 -0.305 0.00303588799 2
0 0.275 -0.295 0.003217520779 2
0 0.275 -0.285 0.003366287774 2
0 0.275 -0.275 0.003482646807 2
0 0.275 -0.265 0.003567305768 2
0 0.275 -0.255 0.003621151463 2
0 0.275 -0.245 0.003645441864 2
0 0.275 -0.235 0.003643324756 2
0 0.275 -0.225 0.003610706978 2
0 0.275 -0.215 0.003561090843 2
0 0.275 -0.205 0.003497727373 2
0 0.275 -0.195 0.003413717632 2
0 0.275 -0.185 0.003319059893 2
0 0.275 -0.175 0.003214576032 2
0 0.275 -0.165 0.003090026431 2
0 0.275 -0.155 0.00295066022 2
0 0.275 -0.145 0.002796983529 2
0 0.275 -0.135 0.002630873774 2
0 0.275 -0.125 0.002463501941 2
0 0.275 -0.115 0.002291939238 2
0 0.275 -0.105 0.002122609096 2
0 0.275 -0.095 0.001959998562 1
0 0.275 -0.085 0.001818351454 1
0 0.275 -0.075 0.001677334378 1
0 0.275 -0.065 0.001532536484 1
0 0.275 -0.055 0.001383834882 1
0 0.275 -0.045 0.001201065998 2
0 0.275 -0.035 0.000985929878 2
0 0.275 -0.025 0.0007464460632 2
0 0.275 -0.015 0.0004912789021 2
0 0.275 -0.005 0.0002264505964 2
0 0.275 0.005 -4.77621563e-05 2
0 0.275 0.015 -0.000327595395 2
0 0.275 0.025 -0.0006100230582 2
0 0.275 0.035 -0.0008916067822 2
0 0.275 0.045 -0.001170197142 2
0 0.275 0.055 -0.001445046019 2
0 0.275 0.065 -0.001715872972 2
0 0.275 0.075 -0.001982339691 2
0 0.275 0.085 -0.002243580627 2
0 0.275 0.095 -0.002498160393 2
0 0.275 0.105 -0.002744653731 2
0 0.275 0.115 -0.002981576137 2
0 0.275 0.125 -0.003207423356 2
0 0.275 0.135 -0.003420470175 2
0 0.275 0.145 -0.003618638026 2
0 0.275 0.155 -0.003799449095 2
0 0.275 0.165 -0.003960106058 2
0 0.275 0.175 -0.004097811833 2
0 0.275 0.185 -0.004210387364 2
0 0.275 0.195 -0.004296888615 2
0 0.275 0.205 -0.004357700653 2
0 0.275 0.215 -0.004393906301 2
0 0.275 0.225 -0.004406489339 2
0 0.275 0.235 -0.004395861655 2
0 0.275 0.245 -0.004361849831 2
0 0.275 0.255 -0.004303895888 2
0 0.275 0.265 -0.004221255123 2
0 0.275 0.275 -0.004113115319 2
0 0.275 0.285 -0.003978641323 2
0 0.275 0.295 -0.003816997575 2
0 0.275 0.305 -0.003627336344 2
0 0.275 0.315 -0.003408816265 2
0 0.275 0.325 -0.003160581527 2
0 0.275 0.335 -0.002882115625 2
0 0.275 0.345 -0.002572885266 2
0 0.275 0.355 -0.002234492697 2
0 0.275 0.365 -0.001864905089 2
0 0.275 0.375 -0.001475467526 2
0 0.275 0.385 -0.001036170247 2
0 0.275 0.395 -0.0006412904422 2
0 0.275 0.405 0 2
0 0.275 0.415 0 2
0 0.275 0.425 0 2
0 0.275 0.435 0 2
0 0.275 0.445 0 2
0 0.275 0.455 0 2
0 0.275 0.465 0 2
0 0.285 -0.455 0 2
0 0.285 -0.445 0 2
0 0.285 -0.435 0 1
0 0.285 -0.425 0 1
0 0.285 -0.415 0 1
0 0.285 -0.405 0 1
0 0.285 -0.395 0.0004331132094 1
0 0.285 -0.385 0.0006905418741 1
0 0.285 -0.375 0.001008305655 1
0 0.285 -0.365 0.001360466278 2
0 0.285 -0.355 0.001732592995 2
0 0.285 -0.345 0.002111630691 2
0 0.285 -0.335 0.002441641174 2
0 0.285 -0.325 0.00273936063 2
0 0.285 -0.315 0.002999433713 2
0 0.285 -0.305 0.003224161232 2
0 0.285 -0.295 0.003413553903 2
0 0.285 -0.285 0.003568230862 2
0 0.285 -0.275 0.003688464826 2
0 0.285 -0.265 0.003774662703 2
0 0.285 -0.255 0.003827058973 2
0 0.285 -0.245 0.003846996972 2
0 0.285 -0.235 0.003835270067 2
0 0.285 -0.225 0.003792879705 2
0 0.285 -0.215 0.003730638782 2
0 0.285 -0.205 0.003645331332 1
0 0.285 -0.195 0.00355853678 1
0 0.285 -0.185 0.003468815303 1
0 0.285 -0.175 0.003372201385 1
0 0.285 -0.165 0.003257269224 2
0 0.285 -0.155 0.003104350185 2
0 0.285 -0.145 0.002931035896 2
0 0.285 -0.135 0.002750767385 2
0 0.285 -0.125 0.002569516608 2
0 0.285 -0.115 0.002388490737 1
0 0.285 -0.105 0.002236420037 1
0 0.285 -0.095 0.002087412139 1
0 0.285 -0.085 0.001935706836 1
0 0.285 -0.075 0.001782933561 1
0 0.285 -0.065 0.001622163334 1
0 0.285 -0.055 0.001460308014 1
0 0.285 -0.045 0.001280430847 1
0 0.285 -0.035 0.001057799697 2
0 0.285 -0.025 0.0008025454529 2
0 0.285 -0.015 0.0005306531717 2
0 0.285 -0.005 0.0002592691165 2
0 0.285 0.005 -1.924864363e-05 2
0 0.285 0.015 -0.0003066269717 2
0 0.285 0.025 -0.0006003034568 2
0 0.285 0.035 -0.0008971752497 2
0 0.285 0.045 -0.00119530533 2
0 0.285 0.055 -0.001488489129 2
0 0.285 0.065 -0.00177844776 2
0 0.285 0.075 -0.002064816536 2
0 0.285 0.085 -0.00234584834 2
0 0.285 0.095 -0.002619163695 2
0 0.285 0.105 -0.002883169096 2
0 0.285 0.115 -0.00313629891 2
0 0.285 0.125 -0.003377114904 2
0 0.285 0.135 -0.003603955735 2
0 0.285 0.145 -0.003814812066 2
0 0.285 0.155 -0.004007292412 2
0 0.285 0.165 -0.004178447857 2
0 0.285 0.175 -0.004324977855 2
0 0.285 0.185 -0.004444133465 2
0 0.285 0.195 -0.004534995039 2
0 0.285 0.205 -0.00459872367 2
0 0.285 0.215 -0.004637256953 2
0 0.285 0.225 -0.004651844506 2
0 0.285 0.235 -0.004642590662 2
0 0.285 0.245 -0.004608874247 2
0 0.285 0.255 -0.004549795843 2
0 0.285 0.265 -0.004464306964 2
0 0.285 0.275 -0.004351411131 2
0 0.285 0.285 -0.004210169596 2
0 0.285 0.295 -0.00403970292 2
0 0.285 0.305 -0.003839178488 2
0 0.285 0.315 -0.00360784194 2
0 0.285 0.325 -0.003345002935 2
0 0.285 0.335 -0.003050362307 2
0 0.285 0.345 -0.002723531231 2
0 0.285 0.355 -0.002366114795 2
0 0.285 0.365 -0.001975577634 2
0 0.285 0.375 -0.00156348915 2
0 0.285 0.385 -0.001097977656 2
0 0.285 0.395 -0.0006790719144 2
0 0.285 0.405 0 2
0 0.285 0.415 0 2
0 0.285 0.425 0 2
0 0.285 0.435 0 2
0 0.285 0.445 0 2
0 0.285 0.455 0 2
0 0.285 0.465 0 2
0 0.295 -0.455 0 2
0 0.295 -0.445 0 2
0 0.295 -0.435 0 1
0 0.295 -0.425 0 1
0 0.295 -0.415 0 1
0 0.295 -0.405 0 1
0 0.295 -0.395 0.0004633371372 1
0 0.295 -0.385 0.0007391599065 1
0 0.295 -0.375 0.001080613072 1
0 0.295 -0.365 0.001458436306 2
0 0.295 -0.355 0.001856021335 2
0 0.295 -0.345 0.002257455096 2
0 0.295 -0.335 0.00260308203 2
0 0.295 -0.325 0.002912585082 2
0 0.295 -0.315 0.003182278252 2
0 0.295 -0.305 0.003414986115 2
0 0.295 -0.295 0.003611063006 2
0 0.295 -0.285 0.003771131271 2
0 0.295 -0.275 0.003895294757 2
0 0.295 -0.265 0.003983661603 2
0 0.295 -0.255 0.004035909356 2
0 0.295 -0.245 0.00405357653 2
0 0.295 -0.235 0.004034214659 2
0 0.295 -0.225 0.003991625875 2
0 0.295 -0.215 0.003930298342 2
0 0.295 -0.205 0.00384132565 1
0 0.295 -0.195 0.003754866558 1
0 0.295 -0.185 0.00366190759 1
0 0.295 -0.175 0.003553689766 1
0 0.295 -0.165 0.003436399528 1
0 0.295 -0.155 0.003282913882 2
0 0.295 -0.145 0.003092255858 2
0 0.295 -0.135 0.002899498733 2
0 0.295 -0.125 0.002711632221 1
0 0.295 -0.115 0.002551415575 1
0 0.295 -0.105 0.002395948102 1
0 0.295 -0.095 0.002235805579 1
0 0.295 -0.085 0.002068903291 1
0 0.295 -0.075 0.001898048742 1
0 0.295 -0.065 0.001718483184 1
0 0.295 -0.055 0.001537602351 1
0 0.295 -0.045 0.001341365323 1
0 0.295 -0.035 0.001108149734 2
0 0.295 -0.025 0.0008442105472 2
0 0.295 -0.015 0.0005656955223 2
0 0.295 -0.005 0.0002929375846 2
0 0.295 0.005 1.747559253e-05 2
0 0.295 0.015 -0.0002699468586 2
0 0.295 0.025 -0.0005698329675 2
0 0.295 0.035 -0.0008829026146 2
0 0.295 0.045 -0.001203117517 2
0 0.295 0.055 -0.001517588463 2
0 0.295 0.065 -0.001833054436 2
0 0.295 0.075 -0.002143059326 2
0 0.295 0.085 -0.002446539168 2
0 0.295 0.095 -0.002739943488 2
0 0.295 0.105 -0.003021897515 2
0 0.295 0.115 -0.003290902291 2
0 0.295 0.125 -0.003545803752 2
0 0.295 0.135 -0.003785159703 2
0 0.295 0.145 -0.00400699885 2
0 0.295 0.155 -0.004208895856 2
0 0.295 0.165 -0.004387910396 2
0 0.295 0.175 -0.004540859726 2
0 0.295 0.185 -0.004665006652 2
0 0.295 0.195 -0.004759474715 2
0 0.295 0.205 -0.00482599649 2
0 0.295 0.215 -0.00486735008 2
0 0.295 0.225 -0.004885031025 2
0 0.295 0.235 -0.004878436479 2
0 0.295 0.245 -0.004846084923 2
0 0.295 0.255 -0.004786666943 2
0 0.295 0.265 -0.004698901315 2
0 0.295 0.275 -0.004581670279 2
0 0.295 0.285 -0.004434010129 2
0 0.295 0.295 -0.004255065864 2
0 0.295 0.305 -0.004044079824 2
0 0.295 0.315 -0.003800420478 2
0 0.295 0.325 -0.003523557794 2
0 0.295 0.335 -0.003213359813 2
0 0.295 0.345 -0.002869504824 2
0 0.295 0.355 -0.002493586179 2
0 0.295 0.365 -0.002082664675 2
0 0.295 0.375 -0.001648635824 2
0 0.295 0.385 -0.001157839421 2
0 0.295 0.395 -0.0007158283358 2
0 0.295 0.405 0 2
0 0.295 0.415 0 2
0 0.295 0.425 0 2
0 0.295 0.435 0 2
0 0.295 0.445 0 2
0 0.295 0.455 0 2
0 0.295 0.465 0 2
0 0.305 -0.455 0 2
0 0.305 -0.445 0 2
0 0.305 -0.435 0 2
0 0.305 -0.425 0 1
0 0.305 -0.415 0 1
0 0.305 -0.405 0 1
0 0.305 -0.395 0.0004997629674 1
0 0.305 -0.385 0.0007998867976 1
0 0.305 -0.375 0.001168850673 1
0 0.305 -0.365 0.001576470392 2
0 0.305 -0.355 0.002001972056 2
0 0.305 -0.345 0.002416798865 2
0 0.305 -0.335 0.002773480749 2
0 0.305 -0.325 0.003090979111 2
0 0.305 -0.315 0.003367766296 2
0 0.305 -0.305 0.00360673694 2
0 0.305 -0.295 0.003808506927 2
0 0.305 -0.285 0.003973643648 2
0 0.305 -0.275 0.004102111004 2
0 0.305 -0.265 0.004193753501 2
0 0.305 -0.255 0.00424796988 2
0 0.305 -0.245 0.004265995836 2
0 0.305 -0.235 0.004243333371 2
0 0.305 -0.225 0.004200684034 2
0 0.305 -0.215 0.004136085532 1
0 0.305 -0.205 0.004058827411 1
0 0.305 -0.195 0.003971138902 1
0 0.305 -0.185 0.003872000441 1
0 0.305 -0.175 0.003752140894 1
0 0.305 -0.165 0.003622013318 1
0 0.305 -0.155 0.003468312877 1
0 0.305 -0.145 0.003288531565 2
0 0.305 -0.135 0.003090111415 1
0 0.305 -0.125 0.002912947557 1
0 0.305 -0.115 0.00274527316 1
0 0.305 -0.105 0.00257352639 1
0 0.305 -0.095 0.002394634635 1
0 0.305 -0.085 0.002207292382 1
0 0.305 -0.075 0.002012986919 1
0 0.305 -0.065 0.001809879283 1
0 0.305 -0.055 0.001598195187 1
0 0.305 -0.045 0.001370293948 1
0 0.305 -0.035 0.001127136978 1
0 0.305 -0.025 0.0008671410621 1
0 0.305 -0.015 0.0005935190838 1
0 0.305 -0.005 0.0003232821341 1
0 0.305 0.005 6.046395912e-05 1
0 0.305 0.015 -0.0002085585097 1
0 0.305 0.025 -0.0005128545244 2
0 0.305 0.035 -0.000847483655 2
0 0.305 0.045 -0.001192986949 2
0 0.305 0.055 -0.001534044656 2
0 0.305 0.065 -0.001883908978 2
0 0.305 0.075 -0.00222164788 2
0 0.305 0.085 -0.002550149029 2
0 0.305 0.095 -0.002864789957 2
0 0.305 0.105 -0.003164934909 2
0 0.305 0.115 -0.003449384892 2
0 0.305 0.125 -0.003717563984 2
0 0.305 0.135 -0.003967975088 2
0 0.305 0.145 -0.004196494722 2
0 0.305 0.155 -0.004401169939 2
0 0.305 0.165 -0.004582263279 2
0 0.305 0.175 -0.004737836546 2
0 0.305 0.185 -0.004863759826 2
0 0.305 0.195 -0.004961526879 2
0 0.305 0.205 -0.00503358704 2
0 0.305 0.215 -0.005082792315 2
0 0.305 0.225 -0.005105784214 2
0 0.305 0.235 -0.005103726348 2
0 0.305 0.245 -0.005074087172 2
0 0.305 0.255 -0.005015158617 2
0 0.305 0.265 -0.004925665039 2
0 0.305 0.275 -0.00480448315 2
0 0.305 0.285 -0.004650726665 2
0 0.305 0.295 -0.004463634718 2
0 0.305 0.305 -0.004242570279 2
0 0.305 0.315 -0.003987039965 2
0 0.305 0.325 -0.00369665362 2
0 0.305 0.335 -0.003371399964 2
0 0.305 0.345 -0.003010983527 2
0 0.305 0.355 -0.002616998358 2
0 0.305 0.365 -0.002186191518 2
0 0.305 0.375 -0.001730868494 2
0 0.305 0.385 -0.001215674877 2
0 0.305 0.395 -0.0007514431476 2
0 0.305 0.405 0 2
0 0.305 0.415 0 2
0 0.305 0.425 0 2
0 0.305 0.435 0 2
0 0.305 0.445 0 2
0 0.305 0.455 0 2
0 0.305 0.465 0 2
0 0.315 -0.455 0 2
0 0.315 -0.445 0 2
0 0.315 -0.435 0 2
0 0.315 -0.425 0 1
0 0.315 -0.415 0 1
0 0.315 -0.405 0 1
0 0.315 -0.395 0.0005517495155 1
0 0.315 -0.385 0.0008865040415 1
0 0.315 -0.375 0.001288906052 1
0 0.315 -0.365 0.001726775833 2
0 0.315 -0.355 0.002173055903 2
0 0.315 -0.345 0.002588525084 2
0 0.315 -0.335 0.002950288621 2
0 0.315 -0.325 0.003271814823 2
0 0.315 -0.315 0.003553253152 2
0 0.315 -0.305 0.003796935027 2
0 0.315 -0.295 0.004003532366 2
0 0.315 -0.285 0.004173476337 2
0 0.315 -0.275 0.004306614049 2
0 0.315 -0.265 0.004402612256 2
0 0.315 -0.255 0.004461020064 2
0 0.315 -0.245 0.004482618241 2
0 0.315 -0.235 0.004466795657 2
0 0.315 -0.225 0.004423135172 2
0 0.315 -0.215 0.004355703639 1
0 0.315 -0.205 0.00428087777 1
0 0.315 -0.195 0.004191682566 1
0 0.315 -0.185 0.004084796942 1
0 0.315 -0.175 0.003961995968 1
0 0.315 -0.165 0.003824519687 1
0 0.315 -0.155 0.003671693453 1
0 0.315 -0.145 0.003506587691 1
0 0.315 -0.135 0.003324688841 1
0 0.315 -0.125 0.003136910508 1
0 0.315 -0.115 0.002952306925 1
0 0.315 -0.105 0.002759185129 1
0 0.315 -0.095 0.002557695751 1
0 0.315 -0.085 0.002349170535 1
0 0.315 -0.075 0.00213295893 1
0 0.315 -0.065 0.001907010462 1
0 0.315 -0.055 0.001670056765 1
0 0.315 -0.045 0.001420971167 1
0 0.315 -0.035 0.001162043808 1
0 0.315 -0.025 0.000893872921 1
0 0.315 -0.015 0.0006178844208 1
0 0.315 -0.005 0.0003395243553 1
0 0.315 0.005 6.337288944e-05 1
0 0.315 0.015 -0.0002199593567 1
0 0.315 0.025 -0.0005008161031 1
0 0.315 0.035 -0.0008043126334 1
0 0.315 0.045 -0.00116298554 2
0 0.315 0.055 -0.001543243633 2
0 0.315 0.065 -0.001938912691 2
0 0.315 0.075 -0.002307838412 2
0 0.315 0.085 -0.002662906982 2
0 0.315 0.095 -0.00299924885 2
0 0.315 0.105 -0.003317631239 2
0 0.315 0.115 -0.00361738308 2
0 0.315 0.125 -0.003897318862 2
0 0.315 0.135 -0.00415555045 2
0 0.315 0.145 -0.004391366388 2
0 0.315 0.155 -0.004595603665 2
0 0.315 0.165 -0.00476907071 2
0 0.315 0.175 -0.004916189904 2
0 0.315 0.185 -0.005040241815 2
0 0.315 0.195 -0.005143027929 2
0 0.315 0.205 -0.005223008762 2
0 0.315 0.215 -0.00528276076 2
0 0.315 0.225 -0.005315934668 2
0 0.315 0.235 -0.005320197332 2
0 0.315 0.245 -0.00529438341 2
0 0.315 0.255 -0.005236485571 2
0 0.315 0.265 -0.005145562545 2
0 0.315 0.275 -0.005020621062 2
0 0.315 0.285 -0.004860946445 2
0 0.315 0.295 -0.004665925456 2
0 0.315 0.305 -0.004435067441 2
0 0.315 0.315 -0.00416801799 2
0 0.315 0.325 -0.003864506713 2
0 0.315 0.335 -0.003524613695 2
0 0.315 0.345 -0.003148053853 2
0 0.315 0.355 -0.002736439187 2
0 0.315 0.365 -0.002286264566 2
0 0.315 0.375 -0.001810286656 2
0 0.315 0.385 -0.001271531352 2
0 0.315 0.395 -0.0007858888105 2
0 0.315 0.405 0 2
0 0.315 0.415 0 2
0 0.315 0.425 0 2
0 0.315 0.435 0 2
0 0.315 0.445 0 2
0 0.315 0.455 0 2
0 0.315 0.465 0 2
0 0.325 -0.455 0 2
0 0.325 -0.445 0 2
0 0.325 -0.435 0 2
0 0.325 -0.425 0 2
0 0.325 -0.415 0 1
0 0.325 -0.405 0 1
0 0.325 -0.395 0.0006088279435 1
0 0.325 -0.385 0.0009790742653 1
0 0.325 -0.375 0.001460154405 2
0 0.325 -0.365 0.001919962947 2
0 0.325 -0.355 0.00236598323 2
0 0.325 -0.345 0.002766970561 2
0 0.325 -0.335 0.003128147582 2
0 0.325 -0.325 0.003450814097 2
0 0.325 -0.315 0.003735228862 2
0 0.325 -0.305 0.003982536684 2
0 0.325 -0.295 0.004193196546 2
0 0.325 -0.285 0.00436744459 2
0 0.325 -0.275 0.004505122507 2
0 0.325 -0.265 0.004605761184 2
0 0.325 -0.255 0.004669091385 2
0 0.325 -0.245 0.004695442715 2
0 0.325 -0.235 0.004689626815 2
0 0.325 -0.225 0.00464458956 2
0 0.325 -0.215 0.004572333653 1
0 0.325 -0.205 0.004499293325 1
0 0.325 -0.195 0.004410100574 1
0 0.325 -0.185 0.004300415771 1
0 0.325 -0.175 0.004181263268 1
0 0.325 -0.165 0.004047121334 1
0 0.325 -0.155 0.00389953158 1
0 0.325 -0.145 0.003737912929 1
0 0.325 -0.135 0.003558668431 1
0 0.325 -0.125 0.003365131135 1
0 0.325 -0.115 0.003164629727 1
0 0.325 -0.105 0.002951746409 1
0 0.325 -0.095 0.002729215498 1
0 0.325 -0.085 0.002497865971 1
0 0.325 -0.075 0.002258023496 1
0 0.325 -0.065 0.002008418442 1
0 0.325 -0.055 0.001748286707 1
0 0.325 -0.045 0.001479104819 1
0 0.325 -0.035 0.001203253078 1
0 0.325 -0.025 0.0009220251695 1
0 0.325 -0.015 0.0006365829337 1
0 0.325 -0.005 0.0003473329193 1
0 0.325 0.005 5.808843842e-05 1
0 0.325 0.015 -0.0002346060847 1
0 0.325 0.025 -0.0005150918107 1
0 0.325 0.035 -0.0008194987075 1
0 0.325 0.045 -0.001185562242 2
0 0.325 0.055 -0.001587682072 2
0 0.325 0.065 -0.002016178338 2
0 0.325 0.075 -0.002412607969 2
0 0.325 0.085 -0.002792401171 2
0 0.325 0.095 -0.003149668192 2
0 0.325 0.105 -0.003486154464 2
0 0.325 0.115 -0.00380086471 2
0 0.325 0.125 -0.004094985183 2
0 0.325 0.135 -0.004363230665 2
0 0.325 0.145 -0.004606882196 2
0 0.325 0.155 -0.004808028187 2
0 0.325 0.165 -0.0049603598 1
0 0.325 0.175 -0.005083664939 1
0 0.325 0.185 -0.005194562181 1
0 0.325 0.195 -0.00531257155 2
0 0.325 0.205 -0.005403748806 2
0 0.325 0.215 -0.005474659963 2
0 0.325 0.225 -0.005520401756 2
0 0.325 0.235 -0.005531269491 2
0 0.325 0.245 -0.005509291206 2
0 0.325 0.255 -0.005452274179 2
0 0.325 0.265 -0.005359747101 2
0 0.325 0.275 -0.005230916081 2
0 0.325 0.285 -0.005065276332 2
0 0.325 0.295 -0.004862381053 2
0 0.325 0.305 -0.004621887181 2
0 0.325 0.315 -0.004343566516 2
0 0.325 0.325 -0.004027246179 2
0 0.325 0.335 -0.003673075253 2
0 0.325 0.345 -0.003280770552 2
0 0.325 0.355 -0.002851974081 2
0 0.325 0.365 -0.002382968194 2
0 0.325 0.375 -0.001886975182 2
0 0.325 0.385 -0.001325462297 2
0 0.325 0.395 -0.0008191725311 2
0 0.325 0.405 0 2
0 0.325 0.415 0 2
0 0.325 0.425 0 2
0 0.325 0.435 0 2
0 0.325 0.445 0 2
0 0.325 0.455 0 2
0 0.325 0.465 0 2
0 0.335 -0.455 0 2
0 0.335 -0.445 0 2
0 0.335 -0.435 0 2
0 0.335 -0.425 0 2
0 0.335 -0.415 0 2
0 0.335 -0.405 0 2
0 0.335 -0.395 0.0007104120854 2
0 0.335 -0.385 0.001145730814 2
0 0.335 -0.375 0.001646809047 2
0 0.335 -0.365 0.002101356276 2
0 0.335 -0.355 0.002538806593 2
0 0.335 -0.345 0.002935831106 2
0 0.335 -0.335 0.003297855187 2
0 0.335 -0.325 0.003622453588 2
0 0.335 -0.315 0.003909842838 2
0 0.335 -0.305 0.004160443756 2
0 0.335 -0.295 0.004374677563 2
0 0.335 -0.285 0.004552608585 2
0 0.335 -0.275 0.004693951636 2
0 0.335 -0.265 0.004797912636 2
0 0.335 -0.255 0.004864367986 2
0 0.335 -0.245 0.004894152308 2
0 0.335 -0.235 0.004892386107 2
0 0.335 -0.225 0.004852355616 2
0 0.335 -0.215 0.004784331208 2
0 0.335 -0.205 0.004698912659 1
0 0.335 -0.195 0.004613963627 1
0 0.335 -0.185 0.004516872874 1
0 0.335 -0.175 0.004405348801 1
0 0.335 -0.165 0.004278498535 1
0 0.335 -0.155 0.004134993978 1
0 0.335 -0.145 0.003973114133 1
0 0.335 -0.135 0.003792884422 1
0 0.335 -0.125 0.00359608488 1
0 0.335 -0.115 0.003384088579 1
0 0.335 -0.105 0.003157968648 1
0 0.335 -0.095 0.00291420594 1
0 0.335 -0.085 0.002654789944 1
0 0.335 -0.075 0.002388180523 1
0 0.335 -0.065 0.002111299041 1
0 0.335 -0.055 0.001825906021 1
0 0.335 -0.045 0.001536341878 1
0 0.335 -0.035 0.001243048895 1
0 0.335 -0.025 0.0009465844473 1
0 0.335 -0.015 0.0006476596882 1
0 0.335 -0.005 0.0003459429449 1
0 0.335 0.005 4.334455304e-05 1
0 0.335 0.015 -0.000260587235 1
0 0.335 0.025 -0.0005495511251 1
0 0.335 0.035 -0.0008657896094 1
0 0.335 0.045 -0.001246013637 2
0 0.335 0.055 -0.001668453767 2
0 0.335 0.065 -0.002122657078 2
0 0.335 0.075 -0.002542347664 2
0 0.335 0.085 -0.002943713316 2
0 0.335 0.095 -0.003320426585 2
0 0.335 0.105 -0.003674239094 2
0 0.335 0.115 -0.004007023723 2
0 0.335 0.125 -0.004323036661 2
0 0.335 0.135 -0.00460449598 2
0 0.335 0.145 -0.004830994751 1
0 0.335 0.155 -0.005002345478 1
0 0.335 0.165 -0.005149774341 1
0 0.335 0.175 -0.005280874091 1
0 0.335 0.185 -0.005395507054 1
0 0.335 0.195 -0.00549845311 1
0 0.335 0.205 -0.005594550696 2
0 0.335 0.215 -0.005670300412 2
0 0.335 0.225 -0.005725189676 2
0 0.335 0.235 -0.005740767835 2
0 0.335 0.245 -0.005721239671 2
0 0.335 0.255 -0.005664128501 2
0 0.335 0.265 -0.005569285804 2
0 0.335 0.275 -0.005436083315 2
0 0.335 0.285 -0.005264191423 2
0 0.335 0.295 -0.005053308367 2
0 0.335 0.305 -0.004803214489 2
0 0.335 0.315 -0.004513781841 2
0 0.335 0.325 -0.004184908676 2
0 0.335 0.335 -0.003816791557 2
0 0.335 0.345 -0.003409140027 2
0 0.335 0.355 -0.00296362934 2
0 0.335 0.365 -0.002476351029 2
0 0.335 0.375 -0.001960988987 2
0 0.335 0.385 -0.001377504432 2
0 0.335 0.395 -0.0008513020523 2
0 0.335 0.405 0 2
0 0.335 0.415 0 2
0 0.335 0.425 0 2
0 0.335 0.435 0 2
0 0.335 0.445 0 2
0 0.335 0.455 0 2
0 0.335 0.465 0 2
0 0.345 -0.455 0 2
0 0.345 -0.445 0 2
0 0.345 -0.435 0 2
0 0.345 -0.425 0 2
0 0.345 -0.415 0 2
0 0.345 -0.405 0 2
0 0.345 -0.395 0.0007663019941 2
0 0.345 -0.385 0.001240088797 2
0 0.345 -0.375 0.001770173215 2
0 0.345 -0.365 0.002239173293 2
0 0.345 -0.355 0.002682867635 2
0 0.345 -0.345 0.00308612669 2
0 0.345 -0.335 0.003453417979 2
0 0.345 -0.325 0.003782700492 2
0 0.345 -0.315 0.004074372055 2
0 0.345 -0.305 0.004328771275 2
0 0.345 -0.295 0.004546544312 2
0 0.345 -0.285 0.00472721811 2
0 0.345 -0.275 0.004868021027 2
0 0.345 -0.265 0.00497088236 2
0 0.345 -0.255 0.005036443296 2
0 0.345 -0.245 0.005063600787 2
0 0.345 -0.235 0.005057226715 2
0 0.345 -0.225 0.005026852878 2
0 0.345 -0.215 0.004972483006 2
0 0.345 -0.205 0.004893882902 1
0 0.345 -0.195 0.004821071894 1
0 0.345 -0.185 0.004739483288 1
0 0.345 -0.175 0.004637232478 1
0 0.345 -0.165 0.004517667934 1
0 0.345 -0.155 0.004378677557 1
0 0.345 -0.145 0.004220283542 1
0 0.345 -0.135 0.00403906664 1
0 0.345 -0.125 0.003837951784 1
0 0.345 -0.115 0.003618835215 1
0 0.345 -0.105 0.003381724188 1
0 0.345 -0.095 0.003117641041 1
0 0.345 -0.085 0.002823900995 1
0 0.345 -0.075 0.002519039237 1
0 0.345 -0.065 0.002203750355 1
0 0.345 -0.055 0.001893652125 1
0 0.345 -0.045 0.001587157677 1
0 0.345 -0.035 0.001276062456 1
0 0.345 -0.025 0.0009651449249 1
0 0.345 -0.015 0.000652627218 1
0 0.345 -0.005 0.0003376103743 1
0 0.345 0.005 2.16659093e-05 1
0 0.345 0.015 -0.0002994284374 1
0 0.345 0.025 -0.0006063940394 1
0 0.345 0.035 -0.000939923884 1
0 0.345 0.045 -0.00134378571 2
0 0.345 0.055 -0.001789391696 2
0 0.345 0.065 -0.002262697363 2
0 0.345 0.075 -0.002700066888 2
0 0.345 0.085 -0.003118659914 2
0 0.345 0.095 -0.003512727398 2
0 0.345 0.105 -0.003886714686 2
0 0.345 0.115 -0.004240002868 2
0 0.345 0.125 -0.004566052596 2
0 0.345 0.135 -0.004829612811 1
0 0.345 0.145 -0.005027407833 1
0 0.345 0.155 -0.005198996696 1
0 0.345 0.165 -0.005352791784 1
0 0.345 0.175 -0.005488919311 1
0 0.345 0.185 -0.005605045935 1
0 0.345 0.195 -0.005707348565 1
0 0.345 0.205 -0.005803267217 2
0 0.345 0.215 -0.005878712203 2
0 0.345 0.225 -0.005934404405 2
0 0.345 0.235 -0.005951385148 2
0 0.345 0.245 -0.00593190568 2
0 0.345 0.255 -0.005873130751 2
0 0.345 0.265 -0.005774858228 2
0 0.345 0.275 -0.005636534361 2
0 0.345 0.285 -0.005457921361 2
0 0.345 0.295 -0.005238813306 2
0 0.345 0.305 -0.004979071761 2
0 0.345 0.315 -0.004678632994 2
0 0.345 0.325 -0.004337435349 2
0 0.345 0.335 -0.003955699001 2
0 0.345 0.345 -0.003533113249 2
0 0.345 0.355 -0.003071381652 2
0 0.345 0.365 -0.002566414466 2
0 0.345 0.375 -0.002032342271 2
0 0.345 0.385 -0.001427668938 2
0 0.345 0.395 -0.0008822776776 2
0 0.345 0.405 0 2
0 0.345 0.415 0 2
0 0.345 0.425 0 2
0 0.345 0.435 0 2
0 0.345 0.445 0 2
0 0.345 0.455 0 2
0 0.345 0.465 0 2
0 0.355 -0.455 0 2
0 0.355 -0.445 0 2
0 0.355 -0.435 0 2
0 0.355 -0.425 0 2
0 0.355 -0.415 0 2
0 0.355 -0.405 0 2
0 0.355 -0.395 0.0008086309353 2
0 0.355 -0.385 0.001307934975 2
0 0.355 -0.375 0.001860095709 2
0 0.355 -0.365 0.002345205503 2
0 0.355 -0.355 0.002801007863 2
0 0.355 -0.345 0.003215364906 2
0 0.355 -0.335 0.003592228533 2
0 0.355 -0.325 0.003929721173 2
0 0.355 -0.315 0.004228107002 2
0 0.355 -0.305 0.004487797365 2
0 0.355 -0.295 0.004708225378 2
0 0.355 -0.285 0.004890178244 2
0 0.355 -0.275 0.005030246226 2
0 0.355 -0.265 0.005126794402 2
0 0.355 -0.255 0.00518685059 2
0 0.355 -0.245 0.005216371825 2
0 0.355 -0.235 0.005217732428 2
0 0.355 -0.225 0.005204031087 2
0 0.355 -0.215 0.005162416892 1
0 0.355 -0.205 0.005111869984 1
0 0.355 -0.195 0.005050034201 1
0 0.355 -0.185 0.004974763173 1
0 0.355 -0.175 0.004879190527 1
0 0.355 -0.165 0.00476638797 1
0 0.355 -0.155 0.00463469632 1
0 0.355 -0.145 0.004482482593 1
0 0.355 -0.135 0.004302533638 1
0 0.355 -0.125 0.004096650465 1
0 0.355 -0.115 0.003864973782 1
0 0.355 -0.105 0.003613497228 1
0 0.355 -0.095 0.003339017212 1
0 0.355 -0.085 0.003001945299 2
0 0.355 -0.075 0.002631815239 2
0 0.355 -0.065 0.002261111087 1
0 0.355 -0.055 0.001939323086 1
0 0.355 -0.045 0.001624668964 1
0 0.355 -0.035 0.001301164337 1
0 0.355 -0.025 0.0009799065627 1
0 0.355 -0.015 0.0006526981552 1
0 0.355 -0.005 0.0003219972552 1
0 0.355 0.005 -7.681130766e-06 1
0 0.355 0.015 -0.0003486809561 1
0 0.355 0.025 -0.0006863910814 1
0 0.355 0.035 -0.001052689173 1
0 0.355 0.045 -0.001489660158 2
0 0.355 0.055 -0.001954470393 2
0 0.355 0.065 -0.002434726875 2
0 0.355 0.075 -0.002883028072 2
0 0.355 0.085 -0.003313856541 2
0 0.355 0.095 -0.003721120867 2
0 0.355 0.105 -0.004117709763 2
0 0.355 0.115 -0.004483999137 2
0 0.355 0.125 -0.00479098659 1
0 0.355 0.135 -0.005022011384 1
0 0.355 0.145 -0.005215639815 1
0 0.355 0.155 -0.005394473748 1
0 0.355 0.165 -0.005553264175 1
0 0.355 0.175 -0.00569254915 1
0 0.355 0.185 -0.005808775866 1
0 0.355 0.195 -0.00591307968 1
0 0.355 0.205 -0.006012927675 2
0 0.355 0.215 -0.006091260263 2
0 0.355 0.225 -0.006146549224 2
0 0.355 0.235 -0.006163028901 2
0 0.355 0.245 -0.00614148261 2
0 0.355 0.255 -0.006079442356 2
0 0.355 0.265 -0.005976523365 2
0 0.355 0.275 -0.005832234232 2
0 0.355 0.285 -0.005646362936 2
0 0.355 0.295 -0.005418749469 2
0 0.355 0.305 -0.005149290427 2
0 0.355 0.315 -0.004837946686 2
0 0.355 0.325 -0.004484663249 2
0 0.355 0.335 -0.004089657821 2
0 0.355 0.345 -0.003652582847 2
0 0.355 0.355 -0.003175159251 2
0 0.355 0.365 -0.002653118022 2
0 0.355 0.375 -0.00210101546 2
0 0.355 0.385 -0.001475945677 2
0 0.355 0.395 -0.000912091371 2
0 0.355 0.405 0 2
0 0.355 0.415 0 2
0 0.355 0.425 0 2
0 0.355 0.435 0 2
0 0.355 0.445 0 2
0 0.355 0.455 0 2
0 0.355 0.465 0 2
0 0.365 -0.455 0 2
0 0.365 -0.445 0 2
0 0.365 -0.435 0 2
0 0.365 -0.425 0 2
0 0.365 -0.415 0 2
0 0.365 -0.405 0 2
0 0.365 -0.395 0.0008385444384 2
0 0.365 -0.385 0.001354211289 2
0 0.365 -0.375 0.001923318575 2
0 0.365 -0.365 0.002423389837 2
0 0.365 -0.355 0.002894238523 2
0 0.365 -0.345 0.00332302449 2
0 0.365 -0.335 0.003713484817 2
0 0.365 -0.325 0.004063336604 2
0 0.365 -0.315 0.004372311877 2
0 0.365 -0.305 0.004639490964 2
0 0.365 -0.295 0.004866246088 2
0 0.365 -0.285 0.005051652486 2
0 0.365 -0.275 0.005194779032 2
0 0.365 -0.265 0.005289387726 2
0 0.365 -0.255 0.005339171167 1
0 0.365 -0.245 0.005378548676 1
0 0.365 -0.235 0.005403078447 1
0 0.365 -0.225 0.005411334322 1
0 0.365 -0.215 0.005394615387 1
0 0.365 -0.205 0.005356275972 1
0 0.365 -0.195 0.005299447675 1
0 0.365 -0.185 0.005223542091 1
0 0.365 -0.175 0.005130953557 1
0 0.365 -0.165 0.005022454626 1
0 0.365 -0.155 0.004899832561 1
0 0.365 -0.145 0.004755673705 1
0 0.365 -0.135 0.004580825378 1
0 0.365 -0.125 0.004359897916 2
0 0.365 -0.115 0.004089939864 2
0 0.365 -0.105 0.003789872879 2
0 0.365 -0.095 0.003470152091 2
0 0.365 -0.085 0.003124233712 2
0 0.365 -0.075 0.002762412804 2
0 0.365 -0.065 0.002375018488 2
0 0.365 -0.055 0.001997744233 2
0 0.365 -0.045 0.001643693341 1
0 0.365 -0.035 0.001317450014 1
0 0.365 -0.025 0.0009897076421 1
0 0.365 -0.015 0.0006454469874 1
0 0.365 -0.005 0.0002959697972 1
0 0.365 0.005 -4.631286287e-05 1
0 0.365 0.015 -0.0003994742222 1
0 0.365 0.025 -0.0008003547736 2
0 0.365 0.035 -0.001245643002 2
0 0.365 0.045 -0.001709627933 2
0 0.365 0.055 -0.002166249357 2
0 0.365 0.065 -0.002631368274 2
0 0.365 0.075 -0.003082674748 2
0 0.365 0.085 -0.003520491568 2
0 0.365 0.095 -0.00393884105 2
0 0.365 0.105 -0.004339387172 2
0 0.365 0.115 -0.004697542388 2
0 0.365 0.125 -0.004987750787 1
0 0.365 0.135 -0.005208768317 1
0 0.365 0.145 -0.005403740985 1
0 0.365 0.155 -0.005585104639 1
0 0.365 0.165 -0.005746452239 1
0 0.365 0.175 -0.005890689415 1
0 0.365 0.185 -0.006010411962 1
0 0.365 0.195 -0.006116705307 1
0 0.365 0.205 -0.006221427678 2
0 0.365 0.215 -0.006305226197 2
0 0.365 0.225 -0.006359875915 2
0 0.365 0.235 -0.006374461256 2
0 0.365 0.245 -0.006349099395 2
0 0.365 0.255 -0.006282360235 2
0 0.365 0.265 -0.006173686918 2
0 0.365 0.275 -0.006022659267 2
0 0.365 0.285 -0.005829048747 2
0 0.365 0.295 -0.005592700086 2
0 0.365 0.305 -0.005313503484 2
0 0.365 0.315 -0.004991406575 2
0 0.365 0.325 -0.004626328069 2
0 0.365 0.335 -0.004218456484 2
0 0.365 0.345 -0.003767388888 2
0 0.365 0.355 -0.00327484943 2
0 0.365 0.365 -0.002736388237 2
0 0.365 0.375 -0.00216696382 2
0 0.365 0.385 -0.001522309016 2
0 0.365 0.395 -0.0009407287413 2
0 0.365 0.405 0 2
0 0.365 0.415 0 2
0 0.365 0.425 0 2
0 0.365 0.435 0 2
0 0.365 0.445 0 2
0 0.365 0.455 0 2
0 0.365 0.465 0 2
0 0.375 -0.455 0 2
0 0.375 -0.445 0 2
0 0.375 -0.435 0 2
0 0.375 -0.425 0 2
0 0.375 -0.415 0 2
0 0.375 -0.405 0 2
0 0.375 -0.395 0.0008571257532 2
0 0.375 -0.385 0.001382388101 2
0 0.375 -0.375 0.001962556952 2
0 0.375 -0.365 0.002476028922 2
0 0.375 -0.355 0.002962809219 2
0 0.375 -0.345 0.003408521189 2
0 0.375 -0.335 0.003816249787 2
0 0.375 -0.325 0.004183351392 2
0 0.375 -0.315 0.004508792866 2
0 0.375 -0.305 0.004791333528 2
0 0.375 -0.295 0.005035224828 2
0 0.375 -0.285 0.005234483945 2
0 0.375 -0.275 0.005373901586 1
0 0.375 -0.265 0.005468839193 1
0 0.375 -0.255 0.005543808591 1
0 0.375 -0.245 0.005602346585 1
0 0.375 -0.235 0.005643593299 1
0 0.375 -0.225 0.005659059926 1
0 0.375 -0.215 0.005648137285 1
0 0.375 -0.205 0.005614037951 1
0 0.375 -0.195 0.005560298652 1
0 0.375 -0.185 0.005484691905 1
0 0.375 -0.175 0.005392458235 1
0 0.375 -0.165 0.005285184221 1
0 0.375 -0.155 0.005166082147 1
0 0.375 -0.145 0.005016038343 1
0 0.375 -0.135 0.004810318361 2
0 0.375 -0.125 0.004554000785 2
0 0.375 -0.115 0.004252853874 2
0 0.375 -0.105 0.003927806873 2
0 0.375 -0.095 0.003586817931 2
0 0.375 -0.085 0.003232645472 2
0 0.375 -0.075 0.002868499137 2
0 0.375 -0.065 0.002486777461 2
0 0.375 -0.055 0.00210771025 2
0 0.375 -0.045 0.001734425199 2
0 0.375 -0.035 0.001364861586 2
0 0.375 -0.025 0.0009988372839 2
0 0.375 -0.015 0.0006238308512 2
0 0.375 -0.005 0.0002413850541 2
0 0.375 0.005 -0.0001479123549 2
0 0.375 0.015 -0.0005574101348 2
0 0.375 0.025 -0.0009878585282 2
0 0.375 0.035 -0.001440470029 2
0 0.375 0.045 -0.001906390277 2
0 0.375 0.055 -0.002366133859 2
0 0.375 0.065 -0.002826920377 2
0 0.375 0.075 -0.003282712035 2
0 0.375 0.085 -0.003727666153 2
0 0.375 0.095 -0.0041650589 2
0 0.375 0.105 -0.004564040841 2
0 0.375 0.115 -0.0048965294 1
0 0.375 0.125 -0.005156681205 1
0 0.375 0.135 -0.005378041574 1
0 0.375 0.145 -0.005582682825 1
0 0.375 0.155 -0.005766895894 1
0 0.375 0.165 -0.005931859875 1
0 0.375 0.175 -0.006080043177 1
0 0.375 0.185 -0.006205503726 1
0 0.375 0.195 -0.006316441068 1
0 0.375 0.205 -0.006430845906 2
0 0.375 0.215 -0.00652179151 2
0 0.375 0.225 -0.006572443234 2
0 0.375 0.235 -0.006583497356 2
0 0.375 0.245 -0.006552947899 2
0 0.375 0.255 -0.00648039861 2
0 0.375 0.265 -0.006365147074 2
0 0.375 0.275 -0.0062068252 2
0 0.375 0.285 -0.00600516787 2
0 0.375 0.295 -0.005759996618 2
0 0.375 0.305 -0.005471163784 2
0 0.375 0.315 -0.005138571255 2
0 0.375 0.325 -0.004762081303 2
0 0.375 0.335 -0.004341827791 2
0 0.375 0.345 -0.003877334154 2
0 0.375 0.355 -0.003370313244 2
0 0.375 0.365 -0.002816132362 2
0 0.375 0.375 -0.002230128872 2
0 0.375 0.385 -0.001566725293 2
0 0.375 0.395 -0.0009681723126 2
0 0.375 0.405 0 2
0 0.375 0.415 0 2
0 0.375 0.425 0 2
0 0.375 0.435 0 2
0 0.375 0.445 0 2
0 0.375 0.455 0 2
0 0.375 0.465 0 2
0 0.385 -0.455 0 2
0 0.385 -0.445 0 2
0 0.385 -0.435 0 2
0 0.385 -0.425 0 2
0 0.385 -0.415 0 2
0 0.385 -0.405 0 2
0 0.385 -0.395 0.0008506860315 2
0 0.385 -0.385 0.001379806257 2
0 0.385 -0.375 0.001973861711 2
0 0.385 -0.365 0.002500343391 2
0 0.385 -0.355 0.003004173392 2
0 0.385 -0.345 0.003469279 2
0 0.385 -0.335 0.003897706829 2
0 0.385 -0.325 0.004287094751 2
0 0.385 -0.315 0.00463589257 2
0 0.385 -0.305 0.004948904831 2
0 0.385 -0.295 0.005217295273 2
0 0.385 -0.285 0.005423603887 1
0 0.385 -0.275 0.005569899551 1
0 0.385 -0.265 0.005677941728 1
0 0.385 -0.255 0.005769537521 1
0 0.385 -0.245 0.005837270798 1
0 0.385 -0.235 0.005883335176 1
0 0.385 -0.225 0.005903504637 1
0 0.385 -0.215 0.005898955374 1
0 0.385 -0.205 0.005870478839 1
0 0.385 -0.195 0.005823813917 1
0 0.385 -0.185 0.00575269109 1
0 0.385 -0.175 0.005657138974 1
0 0.385 -0.165 0.005541166459 1
0 0.385 -0.155 0.005402001927 1
0 0.385 -0.145 0.005224169806 1
0 0.385 -0.135 0.004990591731 2
0 0.385 -0.125 0.004705267551 2
0 0.385 -0.115 0.004380632765 2
0 0.385 -0.105 0.004043879755 2
0 0.385 -0.095 0.003692282257 2
0 0.385 -0.085 0.003328869975 2
0 0.385 -0.075 0.002955320497 2
0 0.385 -0.065 0.002572448331 2
0 0.385 -0.055 0.002183943218 2
0 0.385 -0.045 0.00178932996 2
0 0.385 -0.035 0.001391459548 2
0 0.385 -0.025 0.0009928565483 2
0 0.385 -0.015 0.0005883331539 2
0 0.385 -0.005 0.0001752803151 2
0 0.385 0.005 -0.0002499207063 2
0 0.385 0.015 -0.0006913379356 2
0 0.385 0.025 -0.001144590191 2
0 0.385 0.035 -0.001605805841 2
0 0.385 0.045 -0.002073951129 2
0 0.385 0.055 -0.002541442302 2
0 0.385 0.065 -0.003006474638 2
0 0.385 0.075 -0.00346776394 2
0 0.385 0.085 -0.003917518086 2
0 0.385 0.095 -0.004363329701 2
0 0.385 0.105 -0.004753036721 2
0 0.385 0.115 -0.005074730881 1
0 0.385 0.125 -0.005329334576 1
0 0.385 0.135 -0.00554639218 1
0 0.385 0.145 -0.005754131336 1
0 0.385 0.155 -0.005940205313 1
0 0.385 0.165 -0.006108936641 1
0 0.385 0.175 -0.006256369574 1
0 0.385 0.185 -0.006385678849 1
0 0.385 0.195 -0.006520992985 2
0 0.385 0.205 -0.006645473539 2
0 0.385 0.215 -0.006737467582 2
0 0.385 0.225 -0.006781267681 2
0 0.385 0.235 -0.006787053826 2
0 0.385 0.245 -0.006750460678 2
0 0.385 0.255 -0.006671464809 2
0 0.385 0.265 -0.006549223371 2
0 0.385 0.275 -0.006383380092 2
0 0.385 0.285 -0.00617363522 2
0 0.385 0.295 -0.00591977393 2
0 0.385 0.305 -0.005621590219 2
0 0.385 0.315 -0.005278913851 2
0 0.385 0.325 -0.004891524277 2
0 0.385 0.335 -0.004459477972 2
0 0.385 0.345 -0.003982208902 2
0 0.385 0.355 -0.003461406401 2
0 0.385 0.365 -0.002892255415 2
0 0.385 0.375 -0.002290451285 2
0 0.385 0.385 -0.001609160912 2
0 0.385 0.395 -0.0009944053927 2
0 0.385 0.405 0 2
0 0.385 0.415 0 2
0 0.385 0.425 0 2
0 0.385 0.435 0 2
0 0.385 0.445 0 2
0 0.385 0.455 0 2
0 0.385 0.465 0 2
0 0.395 -0.455 0 2
0 0.395 -0.445 0 2
0 0.395 -0.435 0 2
0 0.395 -0.425 0 2
0 0.395 -0.415 0 2
0 0.395 -0.405 0 2
0 0.395 -0.395 0.000814939261 2
0 0.395 -0.385 0.001339130121 2
0 0.395 -0.375 0.00194633975 2
0 0.395 -0.365 0.002493780501 2
0 0.395 -0.355 0.003015427549 2
0 0.395 -0.345 0.003500985189 2
0 0.395 -0.335 0.003951658582 2
0 0.395 -0.325 0.0043659783 2
0 0.395 -0.315 0.004741697833 2
0 0.395 -0.305 0.005089474777 2
0 0.395 -0.295 0.005381589299 2
0 0.395 -0.285 0.005605352347 1
0 0.395 -0.275 0.005761471053 1
0 0.395 -0.265 0.005878425071 1
0 0.395 -0.255 0.005981495261 1
0 0.395 -0.245 0.006058096669 1
0 0.395 -0.235 0.006110952898 1
0 0.395 -0.225 0.006138540328 1
0 0.395 -0.215 0.006141097245 1
0 0.395 -0.205 0.006120830319 1
0 0.395 -0.195 0.006081901147 1
0 0.395 -0.185 0.006017494696 1
0 0.395 -0.175 0.005918681853 2
0 0.395 -0.165 0.005775299531 2
0 0.395 -0.155 0.005585931408 2
0 0.395 -0.145 0.005360664406 2
0 0.395 -0.135 0.005104010395 2
0 0.395 -0.125 0.00481374341 2
0 0.395 -0.115 0.004487840427 2
0 0.395 -0.105 0.004145851689 2
0 0.395 -0.095 0.003785946995 2
0 0.395 -0.085 0.003413228378 2
0 0.395 -0.075 0.003029330652 2
0 0.395 -0.065 0.002635183572 2
0 0.395 -0.055 0.002231388242 2
0 0.395 -0.045 0.001819366908 2
0 0.395 -0.035 0.001400834529 2
0 0.395 -0.025 0.0009768062469 2
0 0.395 -0.015 0.0005469705086 2
0 0.395 -0.005 0.0001088827778 2
0 0.395 0.005 -0.0003398222527 2
0 0.395 0.015 -0.0007990995405 2
0 0.395 0.025 -0.001267096945 2
0 0.395 0.035 -0.001740555988 2
0 0.395 0.045 -0.002216127916 2
0 0.395 0.055 -0.002691177747 2
0 0.395 0.065 -0.00316255131 2
0 0.395 0.075 -0.003628950064 2
0 0.395 0.085 -0.004082035063 2
0 0.395 0.095 -0.004530693038 2
0 0.395 0.105 -0.004916499565 2
0 0.395 0.115 -0.005236122429 1
0 0.395 0.125 -0.005491295127 1
0 0.395 0.135 -0.005707226323 1
0 0.395 0.145 -0.005915311867 1
0 0.395 0.155 -0.006104704948 1
0 0.395 0.165 -0.0062774357 1
0 0.395 0.175 -0.006426783811 1
0 0.395 0.185 -0.006565135707 1
0 0.395 0.195 -0.006717234618 2
0 0.395 0.205 -0.006848728081 2
0 0.395 0.215 -0.006938237504 2
0 0.395 0.225 -0.0069800274 2
0 0.395 0.235 -0.006980776696 2
0 0.395 0.245 -0.006938421406 2
0 0.395 0.255 -0.006853045869 2
0 0.395 0.265 -0.006723921636 2
0 0.395 0.275 -0.006550736194 2
0 0.395 0.285 -0.006333196212 2
0 0.395 0.295 -0.006071055857 2
0 0.395 0.305 -0.005764039469 2
0 0.395 0.315 -0.00541188258 2
0 0.395 0.325 -0.005014258734 2
0 0.395 0.335 -0.00457112817 2
0 0.395 0.345 -0.004081824226 2
0 0.395 0.355 -0.00354800551 2
0 0.395 0.365 -0.002964680079 2
0 0.395 0.375 -0.002347884953 2
0 0.395 0.385 -0.001649590886 2
0 0.395 0.395 -0.001019416185 2
0 0.395 0.405 0 2
0 0.395 0.415 0 2
0 0.395 0.425 0 2
0 0.395 0.435 0 2
0 0.395 0.445 0 2
0 0.395 0.455 0 2
0 0.395 0.465 0 2
0 0.405 -0.455 0 2
0 0.405 -0.445 0 2
0 0.405 -0.435 0 1
0 0.405 -0.425 0 1
0 0.405 -0.415 0 1
0 0.405 -0.405 0 1
0 0.405 -0.395 0.0007320078152 2
0 0.405 -0.385 0.001259521855 2
0 0.405 -0.375 0.001879257095 2
0 0.405 -0.365 0.002450060792 2
0 0.405 -0.355 0.002996650948 2
0 0.405 -0.345 0.003501089807 2
0 0.405 -0.335 0.003972086251 2
0 0.405 -0.325 0.004410039669 2
0 0.405 -0.315 0.004813078915 2
0 0.405 -0.305 0.005196661295 2
0 0.405 -0.295 0.005512730592 2
0 0.405 -0.285 0.005755326242 1
0 0.405 -0.275 0.005932552929 1
0 0.405 -0.265 0.006067021087 1
0 0.405 -0.255 0.006179573259 1
0 0.405 -0.245 0.006268503643 1
0 0.405 -0.235 0.006331050494 1
0 0.405 -0.225 0.006367687072 1
0 0.405 -0.215 0.006376240044 1
0 0.405 -0.205 0.006360436098 1
0 0.405 -0.195 0.006319373624 1
0 0.405 -0.185 0.006245969678 1
0 0.405 -0.175 0.006128518792 2
0 0.405 -0.165 0.005954113948 2
0 0.405 -0.155 0.005730232054 2
0 0.405 -0.145 0.005481314314 2
0 0.405 -0.135 0.005207341364 2
0 0.405 -0.125 0.004908735501 2
0 0.405 -0.115 0.004582097346 2
0 0.405 -0.105 0.00423367297 2
0 0.405 -0.095 0.0038660106 2
0 0.405 -0.085 0.003483327408 2
0 0.405 -0.075 0.003087578751 2
0 0.405 -0.065 0.002680188064 2
0 0.405 -0.055 0.002261973126 2
0 0.405 -0.045 0.001833979098 2
0 0.405 -0.035 0.00139773663 2
0 0.405 -0.025 0.0009547110912 2
0 0.405 -0.015 0.0005053367443 2
0 0.405 -0.005 4.873787978e-05 2
0 0.405 0.005 -0.0004160752629 2
0 0.405 0.015 -0.0008888416075 2
0 0.405 0.025 -0.001368016512 2
0 0.405 0.035 -0.001851178814 2
0 0.405 0.045 -0.00233536019 2
0 0.405 0.055 -0.002817405823 2
0 0.405 0.065 -0.003293540524 2
0 0.405 0.075 -0.003762221289 2
0 0.405 0.085 -0.004216091318 2
0 0.405 0.095 -0.004666002956 2
0 0.405 0.105 -0.005055346697 2
0 0.405 0.115 -0.005375465061 1
0 0.405 0.125 -0.005632387743 1
0 0.405 0.135 -0.00585440913 1
0 0.405 0.145 -0.006066572903 1
0 0.405 0.155 -0.006257132732 1
0 0.405 0.165 -0.006428883585 1
0 0.405 0.175 -0.006586688041 1
0 0.405 0.185 -0.006760070792 2
0 0.405 0.195 -0.006923588956 2
0 0.405 0.205 -0.007047653156 2
0 0.405 0.215 -0.00712654877 2
0 0.405 0.225 -0.007165555754 2
0 0.405 0.235 -0.007161304613 2
0 0.405 0.245 -0.007113781946 2
0 0.405 0.255 -0.007022588873 2
0 0.405 0.265 -0.006887160178 2
0 0.405 0.275 -0.006707232744 2
0 0.405 0.285 -0.006482558026 2
0 0.405 0.295 -0.006212866634 2
0 0.405 0.305 -0.005897801337 2
0 0.405 0.315 -0.00553698095 2
0 0.405 0.325 -0.00512995242 2
0 0.405 0.335 -0.00467656638 2
0 0.405 0.345 -0.004176051926 2
0 0.405 0.355 -0.003630037733 2
0 0.405 0.365 -0.003033367875 2
0 0.405 0.375 -0.002402411183 2
0 0.405 0.385 -0.001688007096 2
0 0.405 0.395 -0.001043201699 2
0 0.405 0.405 0 2
0 0.405 0.415 0 2
0 0.405 0.425 0 2
0 0.405 0.435 0 2
0 0.405 0.445 0 2
0 0.405 0.455 0 2
0 0.405 0.465 0 2
0 0.415 -0.455 0 2
0 0.415 -0.445 0 2
0 0.415 -0.435 0 1
0 0.415 -0.425 0 1
0 0.415 -0.415 0 1
0 0.415 -0.405 0 1
0 0.415 -0.395 0.0006682067846 1
0 0.415 -0.385 0.001184028784 2
0 0.415 -0.375 0.001797092556 2
0 0.415 -0.365 0.002380743488 2
0 0.415 -0.355 0.002941449625 2
0 0.415 -0.345 0.003454915448 2
0 0.415 -0.335 0.003937421626 2
0 0.415 -0.325 0.004392835527 2
0 0.415 -0.315 0.004820414059 2
0 0.415 -0.305 0.005234844146 2
0 0.415 -0.295 0.005592435318 2
0 0.415 -0.285 0.005873969022 1
0 0.415 -0.275 0.006080975108 1
0 0.415 -0.265 0.006243476055 1
0 0.415 -0.255 0.006374423093 1
0 0.415 -0.245 0.006476274065 1
0 0.415 -0.235 0.006548295126 1
0 0.415 -0.225 0.00659694967 1
0 0.415 -0.215 0.006609488799 1
0 0.415 -0.205 0.006589533037 1
0 0.415 -0.195 0.006533857553 1
0 0.415 -0.185 0.00643321735 2
0 0.415 -0.175 0.006282113167 2
0 0.415 -0.165 0.006086292495 2
0 0.415 -0.155 0.005852572358 2
0 0.415 -0.145 0.005593457271 2
0 0.415 -0.135 0.005308463436 2
0 0.415 -0.125 0.004999730148 2
0 0.415 -0.115 0.0046667546 2
0 0.415 -0.105 0.004310536172 2
0 0.415 -0.095 0.003934258908 2
0 0.415 -0.085 0.003541110752 2
0 0.415 -0.075 0.003133177362 2
0 0.415 -0.065 0.002712130922 2
0 0.415 -0.055 0.002279285628 2
0 0.415 -0.045 0.001836095621 2
0 0.415 -0.035 0.001384259326 2
0 0.415 -0.025 0.0009254122486 2
0 0.415 -0.015 0.000460639426 2
0 0.415 -0.005 -9.716878259e-06 2
0 0.415 0.005 -0.0004858222654 2
0 0.415 0.015 -0.0009678040912 2
0 0.415 0.025 -0.001455172661 2
0 0.415 0.035 -0.001946123134 2
0 0.415 0.045 -0.002437112368 2
0 0.415 0.055 -0.00292367072 2
0 0.415 0.065 -0.003401031044 2
0 0.415 0.075 -0.003867020053 2
0 0.415 0.085 -0.004316377364 2
0 0.415 0.095 -0.004760178019 2
0 0.415 0.105 -0.005158313411 2
0 0.415 0.115 -0.005490619947 1
0 0.415 0.125 -0.005757382188 1
0 0.415 0.135 -0.005985006204 1
0 0.415 0.145 -0.006197668546 1
0 0.415 0.155 -0.006389765424 1
0 0.415 0.165 -0.006569568499 1
0 0.415 0.175 -0.006766751468 2
0 0.415 0.185 -0.006953472603 2
0 0.415 0.195 -0.007112269074 2
0 0.415 0.205 -0.007226075537 2
0 0.415 0.215 -0.007299367993 2
0 0.415 0.225 -0.007333384958 2
0 0.415 0.235 -0.007325085839 2
0 0.415 0.245 -0.007273489423 2
0 0.415 0.255 -0.00717759659 2
0 0.415 0.265 -0.007036922676 2
0 0.415 0.275 -0.006851288787 2
0 0.415 0.285 -0.006620533066 2
0 0.415 0.295 -0.006344363093 2
0 0.415 0.305 -0.006022316178 2
0 0.415 0.315 -0.005653866047 2
0 0.415 0.325 -0.005238416803 2
0 0.415 0.335 -0.004775706183 2
0 0.415 0.345 -0.004264867132 2
0 0.415 0.355 -0.003707510579 2
0 0.415 0.365 -0.003098339124 2
0 0.415 0.375 -0.002454051279 2
0 0.415 0.385 -0.001724425258 2
0 0.415 0.395 -0.00106577089 2
0 0.415 0.405 0 2
0 0.415 0.415 0 2
0 0.415 0.425 0 2
0 0.415 0.435 0 2
0 0.415 0.445 0 2
0 0.415 0.455 0 2
0 0.415 0.465 0 2
0 0.425 -0.455 0 1
0 0.425 -0.445 0 1
0 0.425 -0.435 0 1
0 0.425 -0.425 0 1
0 0.425 -0.415 0 1
0 0.425 -0.405 0 1
0 0.425 -0.395 0.0006942834228 1
0 0.425 -0.385 0.001151525362 1
0 0.425 -0.375 0.001753712151 2
0 0.425 -0.365 0.002332198764 2
0 0.425 -0.355 0.002896259552 2
0 0.425 -0.345 0.003408332031 2
0 0.425 -0.335 0.003890612767 2
0 0.425 -0.325 0.004345541363 2
0 0.425 -0.315 0.004780783811 2
0 0.425 -0.305 0.005203399131 2
0 0.425 -0.295 0.005595656142 2
0 0.425 -0.285 0.005930190217 2
0 0.425 -0.275 0.00619297168 1
0 0.425 -0.265 0.006395002848 1
0 0.425 -0.255 0.006551483649 1
0 0.425 -0.245 0.006669912731 1
0 0.425 -0.235 0.006751488369 1
0 0.425 -0.225 0.006802612143 1
0 0.425 -0.215 0.006811575795 1
0 0.425 -0.205 0.006777368926 2
0 0.425 -0.195 0.00669156487 2
0 0.425 -0.185 0.006564187975 2
0 0.425 -0.175 0.006401855487 2
0 0.425 -0.165 0.006200387219 2
0 0.425 -0.155 0.005965318499 2
0 0.425 -0.145 0.00569945608 2
0 0.425 -0.135 0.005406070251 2
0 0.425 -0.125 0.005087633863 2
0 0.425 -0.115 0.00474495778 2
0 0.425 -0.105 0.004379458721 2
0 0.425 -0.095 0.003993398365 2
0 0.425 -0.085 0.003589200947 2
0 0.425 -0.075 0.003168940823 2
0 0.425 -0.065 0.00273440633 2
0 0.425 -0.055 0.002287236632 2
0 0.425 -0.045 0.001829230413 2
0 0.425 -0.035 0.001362430936 2
0 0.425 -0.025 0.0008889721549 2
0 0.425 -0.015 0.0004107591933 2
0 0.425 -0.005 -7.092810628e-05 2
0 0.425 0.005 -0.0005556099311 2
0 0.425 0.015 -0.00104372407 2
0 0.425 0.025 -0.001536172231 2
0 0.425 0.035 -0.002032076167 2
0 0.425 0.045 -0.002527203648 2
0 0.425 0.055 -0.003015213047 2
0 0.425 0.065 -0.003489519851 2
0 0.425 0.075 -0.003946594395 2
0 0.425 0.085 -0.004382901673 2
0 0.425 0.095 -0.004801703051 2
0 0.425 0.105 -0.005195035599 2
0 0.425 0.115 -0.005551339051 2
0 0.425 0.125 -0.005855653342 1
0 0.425 0.135 -0.00608833672 1
0 0.425 0.145 -0.006297824691 1
0 0.425 0.155 -0.00651810198 2
0 0.425 0.165 -0.006737238857 2
0 0.425 0.175 -0.006946248451 2
0 0.425 0.185 -0.007122609777 2
0 0.425 0.195 -0.007266723951 2
0 0.425 0.205 -0.007374595822 2
0 0.425 0.215 -0.007446531282 2
0 0.425 0.225 -0.007478255105 2
0 0.425 0.235 -0.007468171875 2
0 0.425 0.245 -0.007414433299 2
0 0.425 0.255 -0.007315650727 2
0 0.425 0.265 -0.007171363302 2
0 0.425 0.275 -0.00698156126 2
0 0.425 0.285 -0.006746215793 2
0 0.425 0.295 -0.006465001752 2
0 0.425 0.305 -0.00613731787 2
0 0.425 0.315 -0.005762462405 2
0 0.425 0.325 -0.00533969176 2
0 0.425 0.335 -0.004868645949 2
0 0.425 0.345 -0.004348387659 2
0 0.425 0.355 -0.003780536856 2
0 0.425 0.365 -0.003159687982 2
0 0.425 0.375 -0.002502875026 2
0 0.425 0.385 -0.001758889119 2
0 0.425 0.395 -0.001087146288 2
0 0.425 0.405 0 2
0 0.425 0.415 0 2
0 0.425 0.425 0 2
0 0.425 0.435 0 2
0 0.425 0.445 0 2
0 0.425 0.455 0 2
0 0.425 0.465 0 2
0 0.435 -0.455 0 1
0 0.435 -0.445 0 1
0 0.435 -0.435 0 1
0 0.435 -0.425 0 1
0 0.435 -0.415 0 1
0 0.435 -0.405 0 1
0 0.435 -0.395 0.0007560157449 1
0 0.435 -0.385 0.001250951589 1
0 0.435 -0.375 0.001825088237 1
0 0.435 -0.365 0.002364374197 1
0 0.435 -0.355 0.002900333134 1
0 0.435 -0.345 0.003401545867 1
0 0.435 -0.335 0.003873245335 1
0 0.435 -0.325 0.004302024987 1
0 0.435 -0.315 0.0047078846 1
0 0.435 -0.305 0.005142234083 2
0 0.435 -0.295 0.00555381042 2
0 0.435 -0.285 0.005913840079 2
0 0.435 -0.275 0.006221212824 2
0 0.435 -0.265 0.00648157023 2
0 0.435 -0.255 0.006673874627 1
0 0.435 -0.245 0.006812524174 2
0 0.435 -0.235 0.006904911043 2
0 0.435 -0.225 0.006946687605 2
0 0.435 -0.215 0.006939214847 2
0 0.435 -0.205 0.00688824832 2
0 0.435 -0.195 0.006795443308 2
0 0.435 -0.185 0.006665576944 2
0 0.435 -0.175 0.006503372599 2
0 0.435 -0.165 0.00630285289 2
0 0.435 -0.155 0.006067162717 2
0 0.435 -0.145 0.005797250566 2
0 0.435 -0.135 0.005497205778 2
0 0.435 -0.125 0.005169961085 2
0 0.435 -0.115 0.004817643354 2
0 0.435 -0.105 0.004442240287 2
0 0.435 -0.095 0.004045782655 2
0 0.435 -0.085 0.003630297792 2
0 0.435 -0.075 0.003197675782 2
0 0.435 -0.065 0.002749688584 2
0 0.435 -0.055 0.00228815149 2
0 0.435 -0.045 0.001815140145 2
0 0.435 -0.035 0.001333075977 2
0 0.435 -0.025 0.0008446859637 2
0 0.435 -0.015 0.0003528035061 2
0 0.435 -0.005 -0.000140207439 2
0 0.435 0.005 -0.000632815887 2
0 0.435 0.015 -0.001125708751 2
0 0.435 0.025 -0.001621343185 2
0 0.435 0.035 -0.002119210316 2
0 0.435 0.045 -0.002613799401 2
0 0.435 0.055 -0.003097284432 2
0 0.435 0.065 -0.003562560616 2
0 0.435 0.075 -0.00400626846 2
0 0.435 0.085 -0.0044266208 2
0 0.435 0.095 -0.004823332547 2
0 0.435 0.105 -0.005198960326 2
0 0.435 0.115 -0.00554642463 2
0 0.435 0.125 -0.005867832166 2
0 0.435 0.135 -0.006154898302 2
0 0.435 0.145 -0.00641267191 2
0 0.435 0.155 -0.006649898141 2
0 0.435 0.165 -0.006869825167 2
0 0.435 0.175 -0.007071345815 2
0 0.435 0.185 -0.007243182809 2
0 0.435 0.195 -0.007383945597 2
0 0.435 0.205 -0.007492001184 2
0 0.435 0.215 -0.007563247923 2
0 0.435 0.225 -0.007595727649 2
0 0.435 0.235 -0.007586883949 2
0 0.435 0.245 -0.007533869429 2
0 0.435 0.255 -0.007434754784 2
0 0.435 0.265 -0.007289052329 2
0 0.435 0.275 -0.007097144562 2
0 0.435 0.285 -0.006859210805 2
0 0.435 0.295 -0.006574762487 2
0 0.435 0.305 -0.00624300777 2
0 0.435 0.315 -0.005863085011 2
0 0.435 0.325 -0.005434126666 2
0 0.435 0.335 -0.004955717998 2
0 0.435 0.345 -0.004426901101 2
0 0.435 0.355 -0.00384934795 2
0 0.435 0.365 -0.003217587876 2
0 0.435 0.375 -0.002549002121 2
0 0.435 0.385 -0.001791470256 2
0 0.435 0.395 -0.001107363355 2
0 0.435 0.405 0 2
0 0.435 0.415 0 2
0 0.435 0.425 0 2
0 0.435 0.435 0 2
0 0.435 0.445 0 2
0 0.435 0.455 0 2
0 0.435 0.465 0 2
0 0.445 -0.455 0 1
0 0.445 -0.445 0 1
0 0.445 -0.435 0 1
0 0.445 -0.425 0 1
0 0.445 -0.415 0 1
0 0.445 -0.405 0 1
0 0.445 -0.395 0.0008137954357 1
0 0.445 -0.385 0.001337909337 1
0 0.445 -0.375 0.001932740533 1
0 0.445 -0.365 0.002477051413 1
0 0.445 -0.355 0.003010100001 1
0 0.445 -0.345 0.003511381807 1
0 0.445 -0.335 0.003982015842 1
0 0.445 -0.325 0.004409934511 1
0 0.445 -0.315 0.004811534863 1
0 0.445 -0.305 0.005178280163 1
0 0.445 -0.295 0.005526194538 1
0 0.445 -0.285 0.005889364222 2
0 0.445 -0.275 0.006217145579 2
0 0.445 -0.265 0.006501545991 2
0 0.445 -0.255 0.006728704814 2
0 0.445 -0.245 0.006887657992 2
0 0.445 -0.235 0.006984393078 2
0 0.445 -0.225 0.00701974557 2
0 0.445 -0.215 0.007009713294 2
0 0.445 -0.205 0.006963050279 2
0 0.445 -0.195 0.006880012774 2
0 0.445 -0.185 0.006757889226 2
0 0.445 -0.175 0.006598215349 2
0 0.445 -0.165 0.006399338146 2
0 0.445 -0.155 0.006161928888 2
0 0.445 -0.145 0.005888373277 2
0 0.445 -0.135 0.005582343783 2
0 0.445 -0.125 0.005247168465 2
0 0.445 -0.115 0.00488577578 2
0 0.445 -0.105 0.004500613717 2
0 0.445 -0.095 0.00409378317 2
0 0.445 -0.085 0.003667120974 2
0 0.445 -0.075 0.003222277172 2
0 0.445 -0.065 0.002760884958 2
0 0.445 -0.055 0.002284758225 2
0 0.445 -0.045 0.00179610297 2
0 0.445 -0.035 0.001297593409 2
0 0.445 -0.025 0.0007924710705 2
0 0.445 -0.015 0.0002843593398 2
0 0.445 -0.005 -0.0002230905109 2
0 0.445 0.005 -0.0007264318478 2
0 0.445 0.015 -0.001225803307 2
0 0.445 0.025 -0.001720751819 2
0 0.445 0.035 -0.002216246129 2
0 0.445 0.045 -0.00270460958 2
0 0.445 0.055 -0.003173844067 2
0 0.445 0.065 -0.0036250649 2
0 0.445 0.075 -0.004052138362 2
0 0.445 0.085 -0.004456025645 2
0 0.445 0.095 -0.004841523662 2
0 0.445 0.105 -0.005206439184 2
0 0.445 0.115 -0.005549377688 2
0 0.445 0.125 -0.005876146327 2
0 0.445 0.135 -0.006185542233 2
0 0.445 0.145 -0.006470360511 2
0 0.445 0.155 -0.006723721101 2
0 0.445 0.165 -0.006947180444 2
0 0.445 0.175 -0.007146529062 2
0 0.445 0.185 -0.007321627151 2
0 0.445 0.195 -0.007464879989 2
0 0.445 0.205 -0.00757297961 2
0 0.445 0.215 -0.007645602078 2
0 0.445 0.225 -0.007681353505 2
0 0.445 0.235 -0.00767696492 2
0 0.445 0.245 -0.007628533317 2
0 0.445 0.255 -0.007533000296 2
0 0.445 0.265 -0.007389273261 2
0 0.445 0.275 -0.007198085768 2
0 0.445 0.285 -0.006960025987 2
0 0.445 0.295 -0.0066744206 2
0 0.445 0.305 -0.006340247213 2
0 0.445 0.315 -0.005956552684 2
0 0.445 0.325 -0.005522437408 2
0 0.445 0.335 -0.005037510402 2
0 0.445 0.345 -0.004500867156 2
0 0.445 0.355 -0.003914287156 2
0 0.445 0.365 -0.003272282189 2
0 0.445 0.375 -0.002592593601 2
0 0.445 0.385 -0.00182226194 2
0 0.445 0.395 -0.001126466915 2
0 0.445 0.405 0 2
0 0.445 0.415 0 2
0 0.445 0.425 0 2
0 0.445 0.435 0 2
0 0.445 0.445 0 2
0 0.445 0.455 0 2
0 0.445 0.465 0 2
0 0.455 -0.455 0 1
0 0.455 -0.445 0 1
0 0.455 -0.435 0 1
0 0.455 -0.425 0 1
0 0.455 -0.415 0 1
0 0.455 -0.405 0 1
0 0.455 -0.395 0.0008640595708 1
0 0.455 -0.385 0.001417246527 1
0 0.455 -0.375 0.002037786679 1
0 0.455 -0.365 0.002600016492 1
0 0.455 -0.355 0.003144057413 1
0 0.455 -0.345 0.003653039266 1
0 0.455 -0.335 0.004127262758 1
0 0.455 -0.325 0.004558602707 1
0 0.455 -0.315 0.00495520101 1
0 0.455 -0.305 0.005310283825 1
0 0.455 -0.295 0.005627074714 1
0 0.455 -0.285 0.005927114043 1
0 0.455 -0.275 0.006244916684 2
0 0.455 -0.265 0.006528222299 2
0 0.455 -0.255 0.006765926147 2
0 0.455 -0.245 0.00692198324 2
0 0.455 -0.235 0.007017707318 2
0 0.455 -0.225 0.007060784586 2
0 0.455 -0.215 0.00706134952 2
0 0.455 -0.205 0.007028231114 2
0 0.455 -0.195 0.006958849607 2
0 0.455 -0.185 0.006845508553 2
0 0.455 -0.175 0.006689725186 2
0 0.455 -0.165 0.006491350245 2
0 0.455 -0.155 0.00625216837 2
0 0.455 -0.145 0.005974874568 2
0 0.455 -0.135 0.005663094889 2
0 0.455 -0.125 0.005320582166 2
0 0.455 -0.115 0.004950783958 2
0 0.455 -0.105 0.00455649455 2
0 0.455 -0.095 0.004139860414 2
0 0.455 -0.085 0.003702521451 2
0 0.455 -0.075 0.003245827242 2
0 0.455 -0.065 0.00277115511 2
0 0.455 -0.055 0.002280164537 2
0 0.455 -0.045 0.001775030243 2
0 0.455 -0.035 0.001258454076 2
0 0.455 -0.025 0.0007339253213 2
0 0.455 -0.015 0.0002052117444 2
0 0.455 -0.005 -0.0003227226899 2
0 0.455 0.005 -0.0008443870486 2
0 0.455 0.015 -0.001361143825 2
0 0.455 0.025 -0.001865622218 2
0 0.455 0.035 -0.002356099401 2
0 0.455 0.045 -0.002817960035 2
0 0.455 0.055 -0.003245378361 2
0 0.455 0.065 -0.003665096887 2
0 0.455 0.075 -0.004072825574 2
0 0.455 0.085 -0.004470027664 2
0 0.455 0.095 -0.004856272958 2
0 0.455 0.105 -0.005216312321 2
0 0.455 0.115 -0.005557617622 2
0 0.455 0.125 -0.005883103185 2
0 0.455 0.135 -0.006196080187 2
0 0.455 0.145 -0.006489259554 2
0 0.455 0.155 -0.0067477369 2
0 0.455 0.165 -0.0069748915 2
0 0.455 0.175 -0.007181323743 2
0 0.455 0.185 -0.007358106527 2
0 0.455 0.195 -0.007499199791 2
0 0.455 0.205 -0.007606672971 2
0 0.455 0.215 -0.007680800419 2
0 0.455 0.225 -0.007721400857 2
0 0.455 0.235 -0.00772941838 2
0 0.455 0.245 -0.007694478262 2
0 0.455 0.255 -0.007608483553 2
0 0.455 0.265 -0.007471965708 2
0 0.455 0.275 -0.007286217385 2
0 0.455 0.285 -0.007050714655 2
0 0.455 0.295 -0.006765884139 2
0 0.455 0.305 -0.006430714419 2
0 0.455 0.315 -0.006044249952 2
0 0.455 0.325 -0.005605707152 2
0 0.455 0.335 -0.005114838947 2
0 0.455 0.345 -0.004570881355 2
0 0.455 0.355 -0.003975775244 2
0 0.455 0.365 -0.003324056148 2
0 0.455 0.375 -0.002633831327 2
0 0.455 0.385 -0.001851366303 2
0 0.455 0.395 -0.001144504416 2
0 0.455 0.405 0 2
0 0.455 0.415 0 2
0 0.455 0.425 0 2
0 0.455 0.435 0 2
0 0.455 0.445 0 2
0 0.455 0.455 0 2
0 0.455 0.465 0 2
0 0.465 -0.455 0 1
0 0.465 -0.445 0 1
0 0.465 -0.435 0 1
0 0.465 -0.425 0 1
0 0.465 -0.415 0 1
0 0.465 -0.405 0 1
0 0.465 -0.395 0.0009048833284 1
0 0.465 -0.385 0.001484396536 1
0 0.465 -0.375 0.002132665951 1
0 0.465 -0.365 0.002717945923 1
0 0.465 -0.355 0.003281452329 1
0 0.465 -0.345 0.003804066324 1
0 0.465 -0.335 0.004285880258 1
0 0.465 -0.325 0.004724497303 1
0 0.465 -0.315 0.005120146402 1
0 0.465 -0.305 0.005470880617 1
0 0.465 -0.295 0.00577119309 1
0 0.465 -0.285 0.006052928544 1
0 0.465 -0.275 0.006347782703 2
0 0.465 -0.265 0.006609478264 2
0 0.465 -0.255 0.006829190781 2
0 0.465 -0.245 0.006968407671 2
0 0.465 -0.235 0.007061241379 2
0 0.465 -0.225 0.007110966744 2
0 0.465 -0.215 0.00711942104 2
0 0.465 -0.205 0.007098750296 2
0 0.465 -0.195 0.007040284467 2
0 0.465 -0.185 0.006931767353 2
0 0.465 -0.175 0.006778418947 2
0 0.465 -0.165 0.006580167103 2
0 0.465 -0.155 0.006339143112 2
0 0.465 -0.145 0.00605829243 2
0 0.465 -0.135 0.005741271705 2
0 0.465 -0.125 0.005392191885 2
0 0.465 -0.115 0.005014894112 2
0 0.465 -0.105 0.004612418111 2
0 0.465 -0.095 0.004186892149 2
0 0.465 -0.085 0.003739704026 2
0 0.465 -0.075 0.003271785541 2
0 0.465 -0.065 0.00278413927 2
0 0.465 -0.055 0.002278161892 2
0 0.465 -0.045 0.001755888796 2
0 0.465 -0.035 0.001219853618 2
0 0.465 -0.025 0.0006734712229 2
0 0.465 -0.015 0.0001196265071 2
0 0.465 -0.005 -0.0004360174259 2
0 0.465 0.005 -0.0009929942273 2
0 0.465 0.015 -0.001544935677 2
0 0.465 0.025 -0.002077066155 2
0 0.465 0.035 -0.002557604455 1
0 0.465 0.045 -0.002953914941 1
0 0.465 0.055 -0.003317808939 1
0 0.465 0.065 -0.00368527985 1
0 0.465 0.075 -0.004086220673 2
0 0.465 0.085 -0.004493169525 2
0 0.465 0.095 -0.004884925844 2
0 0.465 0.105 -0.005241179015 2
0 0.465 0.115 -0.00557637576 2
0 0.465 0.125 -0.005893765673 2
0 0.465 0.135 -0.006196040686 2
0 0.465 0.145 -0.006485716503 2
0 0.465 0.155 -0.006752888709 2
0 0.465 0.165 -0.006992994401 2
0 0.465 0.175 -0.007208647666 2
0 0.465 0.185 -0.007381902887 2
0 0.465 0.195 -0.007516955981 2
0 0.465 0.205 -0.00762277051 2
0 0.465 0.215 -0.007697293419 2
0 0.465 0.225 -0.007740790057 2
0 0.465 0.235 -0.0077554598 2
0 0.465 0.245 -0.007735694732 2
0 0.465 0.255 -0.007666148912 2
0 0.465 0.265 -0.007542999769 2
0 0.465 0.275 -0.007365942993 2
0 0.465 0.285 -0.007135462724 2
0 0.465 0.295 -0.006852467535 2
0 0.465 0.305 -0.006516942809 2
0 0.465 0.315 -0.006128047005 2
0 0.465 0.325 -0.005685277605 2
0 0.465 0.335 -0.005188642473 2
0 0.465 0.345 -0.004637587927 2
0 0.465 0.355 -0.004034243692 2
0 0.465 0.365 -0.003373188864 2
0 0.465 0.375 -0.002672885832 2
0 0.465 0.385 -0.001878875317 2
0 0.465 0.395 -0.001161516413 2
0 0.465 0.405 0 2
0 0.465 0.415 0 2
0 0.465 0.425 0 2
0 0.465 0.435 0 2
0 0.465 0.445 0 2
0 0.465 0.455 0 2
0 0.465 0.465 0 2
0 0.475 -0.455 0 1
0 0.475 -0.445 0 1
0 0.475 -0.435 0 1
0 0.475 -0.425 0 1
0 0.475 -0.415 0 1
0 0.475 -0.405 0 1
0 0.475 -0.395 0.0009420245186 1
0 0.475 -0.385 0.001552507409 1
0 0.475 -0.375 0.002240614251 1
0 0.475 -0.365 0.002863276298 1
0 0.475 -0.355 0.003450186224 1
0 0.475 -0.345 0.003984653566 1
0 0.475 -0.335 0.004467004139 1
0 0.475 -0.325 0.00490641399 1
0 0.475 -0.315 0.005299935567 1
0 0.475 -0.305 0.005650608742 1
0 0.475 -0.295 0.00594468665 1
0 0.475 -0.285 0.006217740317 1
0 0.475 -0.275 0.006503438721 2
0 0.475 -0.265 0.006744810871 2
0 0.475 -0.255 0.00691677185 1
0 0.475 -0.245 0.007028936727 1
0 0.475 -0.235 0.007112291929 1
0 0.475 -0.225 0.007166772742 1
0 0.475 -0.215 0.00719542565 2
0 0.475 -0.205 0.007177674537 2
0 0.475 -0.195 0.007120658067 2
0 0.475 -0.185 0.007016741635 2
0 0.475 -0.175 0.006863594811 2
0 0.475 -0.165 0.006664831815 2
0 0.475 -0.155 0.006422419163 2
0 0.475 -0.145 0.006138972983 2
0 0.475 -0.135 0.005817919035 2
0 0.475 -0.125 0.005463717645 2
0 0.475 -0.115 0.005080548784 2
0 0.475 -0.105 0.004671474885 2
0 0.475 -0.095 0.004238384403 2
0 0.475 -0.085 0.003782402005 2
0 0.475 -0.075 0.00330402662 2
0 0.475 -0.065 0.002803861163 2
0 0.475 -0.055 0.002283024782 2
0 0.475 -0.045 0.001743441981 2
0 0.475 -0.035 0.001187480934 2
0 0.475 -0.025 0.0006184294503 2
0 0.475 -0.015 3.777734848e-05 2
0 0.475 -0.005 -0.0005479531345 2
0 0.475 0.005 -0.001152916698 2
0 0.475 0.015 -0.001728425633 2
0 0.475 0.025 -0.002244348595 1
0 0.475 0.035 -0.002675048587 1
0 0.475 0.045 -0.003064646304 1
0 0.475 0.055 -0.003444718923 1
0 0.475 0.065 -0.003825400397 1
0 0.475 0.075 -0.0042039423 1
0 0.475 0.085 -0.004577004047 1
0 0.475 0.095 -0.004943258977 1
0 0.475 0.105 -0.005288037538 1
0 0.475 0.115 -0.005614130227 1
0 0.475 0.125 -0.005921157828 1
0 0.475 0.135 -0.006202299989 1
0 0.475 0.145 -0.006470687067 1
0 0.475 0.155 -0.006764964669 2
0 0.475 0.165 -0.007036926718 2
0 0.475 0.175 -0.007252981989 1
0 0.475 0.185 -0.007414050286 1
0 0.475 0.195 -0.007542832096 1
0 0.475 0.205 -0.007647392754 1
0 0.475 0.215 -0.007721964941 1
0 0.475 0.225 -0.007766171245 1
0 0.475 0.235 -0.007780612829 1
0 0.475 0.245 -0.007768198308 1
0 0.475 0.255 -0.007726585112 2
0 0.475 0.265 -0.007617603837 2
0 0.475 0.275 -0.007446968476 2
0 0.475 0.285 -0.007220424569 2
0 0.475 0.295 -0.006938752548 2
0 0.475 0.305 -0.006602066028 2
0 0.475 0.315 -0.006210000655 2
0 0.475 0.325 -0.005762497766 2
0 0.475 0.335 -0.005259792459 2
0 0.475 0.345 -0.004701543119 2
0 0.475 0.355 -0.004090040287 2
0 0.475 0.365 -0.003419890405 2
0 0.475 0.375 -0.002709876377 2
0 0.475 0.385 -0.001904848069 2
0 0.475 0.395 -0.001177525574 2
0 0.475 0.405 0 2
0 0.475 0.415 0 2
0 0.475 0.425 0 2
0 0.475 0.435 0 2
0 0.475 0.445 0 2
0 0.475 0.455 0 2
0 0.475 0.465 0 2
0 0.485 -0.455 0 1
0 0.485 -0.445 0 1
0 0.485 -0.435 0 1
0 0.485 -0.425 0 1
0 0.485 -0.415 0 1
0 0.485 -0.405 0 1
0 0.485 -0.395 0.0009637033127 1
0 0.485 -0.385 0.00160637304 1
0 0.485 -0.375 0.002352033671 1
0 0.485 -0.365 0.003033242734 1
0 0.485 -0.355 0.003647088304 1
0 0.485 -0.345 0.004192412966 1
0 0.485 -0.335 0.004674767895 1
0 0.485 -0.325 0.005116592598 1
0 0.485 -0.315 0.005510606493 1
0 0.485 -0.305 0.005859026934 1
0 0.485 -0.295 0.006155442773 1
0 0.485 -0.285 0.006428102768 1
0 0.485 -0.275 0.006695644878 2
0 0.485 -0.265 0.006894153216 1
0 0.485 -0.255 0.007039002554 1
0 0.485 -0.245 0.007142928798 1
0 0.485 -0.235 0.007216013584 1
0 0.485 -0.225 0.007262569143 1
0 0.485 -0.215 0.007288734096 2
0 0.485 -0.205 0.007264593623 2
0 0.485 -0.195 0.007202307065 2
0 0.485 -0.185 0.007097222846 2
0 0.485 -0.175 0.006941385771 2
0 0.485 -0.165 0.006742101012 2
0 0.485 -0.155 0.006500838688 2
0 0.485 -0.145 0.006218506863 2
0 0.485 -0.135 0.005897159929 2
0 0.485 -0.125 0.005540522133 2
0 0.485 -0.115 0.005152922948 2
0 0.485 -0.105 0.00473813197 2
0 0.485 -0.095 0.004298432402 2
0 0.485 -0.085 0.003834737054 2
0 0.485 -0.075 0.003346720795 2
0 0.485 -0.065 0.00283445852 2
0 0.485 -0.055 0.002299033307 2
0 0.485 -0.045 0.001742516204 2
0 0.485 -0.035 0.001167398034 2
0 0.485 -0.025 0.0005772633189 2
0 0.485 -0.015 -2.672498048e-05 2
0 0.485 -0.005 -0.0006352388122 2
0 0.485 0.005 -0.001266048454 2
0 0.485 0.015 -0.00184293416 2
0 0.485 0.025 -0.00235136368 1
0 0.485 0.035 -0.002778439472 1
0 0.485 0.045 -0.003166336425 1
0 0.485 0.055 -0.003560040845 1
0 0.485 0.065 -0.003946111077 1
0 0.485 0.075 -0.004322491602 1
0 0.485 0.085 -0.004685403271 1
0 0.485 0.095 -0.005038204 1
0 0.485 0.105 -0.005377444193 1
0 0.485 0.115 -0.005701380391 1
0 0.485 0.125 -0.00600967858 1
0 0.485 0.135 -0.006299335945 1
0 0.485 0.145 -0.006578807779 1
0 0.485 0.155 -0.006848553181 1
0 0.485 0.165 -0.007091274035 1
0 0.485 0.175 -0.007305851509 1
0 0.485 0.185 -0.007486373915 1
0 0.485 0.195 -0.00763094092 1
0 0.485 0.205 -0.007741838545 1
0 0.485 0.215 -0.007819671228 1
0 0.485 0.225 -0.007864650511 1
0 0.485 0.235 -0.007876108748 1
0 0.485 0.245 -0.007857042478 1
0 0.485 0.255 -0.007811097276 1
0 0.485 0.265 -0.007714908414 2
0 0.485 0.275 -0.007543470983 2
0 0.485 0.285 -0.007313942952 2
0 0.485 0.295 -0.007029288326 2
0 0.485 0.305 -0.006688834975 2
0 0.485 0.315 -0.006291714567 2
0 0.485 0.325 -0.005838307478 2
0 0.485 0.335 -0.005328828357 2
0 0.485 0.345 -0.004763047277 2
0 0.485 0.355 -0.004143323012 2
0 0.485 0.365 -0.003464235511 2
0 0.485 0.375 -0.002744830807 2
0 0.485 0.385 -0.001929288671 2
0 0.485 0.395 -0.001192526265 2
0 0.485 0.405 0 2
0 0.485 0.415 0 2
0 0.485 0.425 0 2
0 0.485 0.435 0 2
0 0.485 0.445 0 2
0 0.485 0.455 0 2
0 0.485 0.465 0 2
0 0.495 -0.455 0 2
0 0.495 -0.445 0 2
0 0.495 -0.435 0 1
0 0.495 -0.425 0 1
0 0.495 -0.415 0 1
0 0.495 -0.405 0 1
0 0.495 -0.395 0.0009358936772 1
0 0.495 -0.385 0.001630399956 2
0 0.495 -0.375 0.002468259733 2
0 0.495 -0.365 0.003235546581 2
0 0.495 -0.355 0.003881919368 1
0 0.495 -0.345 0.004414467202 1
0 0.495 -0.335 0.004891017474 1
0 0.495 -0.325 0.005336777515 1
0 0.495 -0.315 0.005734688578 1
0 0.495 -0.305 0.006082207737 1
0 0.495 -0.295 0.006384041235 1
0 0.495 -0.285 0.006672823985 2
0 0.495 -0.275 0.006896711006 1
0 0.495 -0.265 0.007059601278 1
0 0.495 -0.255 0.007181524654 1
0 0.495 -0.245 0.007271162902 1
0 0.495 -0.235 0.007326141147 1
0 0.495 -0.225 0.007357115489 1
0 0.495 -0.215 0.007364792688 1
0 0.495 -0.205 0.00734765521 2
0 0.495 -0.195 0.007278897326 2
0 0.495 -0.185 0.007160549922 2
0 0.495 -0.175 0.006997239797 2
0 0.495 -0.165 0.006799462046 2
0 0.495 -0.155 0.006564968001 2
0 0.495 -0.145 0.006291697155 2
0 0.495 -0.135 0.005975683297 2
0 0.495 -0.125 0.005622546641 2
0 0.495 -0.115 0.00523749818 2
0 0.495 -0.105 0.004819433406 2
0 0.495 -0.095 0.004372971796 2
0 0.495 -0.085 0.003901577657 2
0 0.495 -0.075 0.003404027799 2
0 0.495 -0.065 0.002879567013 2
0 0.495 -0.055 0.002329645772 2
0 0.495 -0.045 0.001756825342 2
0 0.495 -0.035 0.001164053684 2
0 0.495 -0.025 0.0005554816051 2
0 0.495 -0.015 -6.734369346e-05 2
0 0.495 -0.005 -0.0006922458847 2
0 0.495 0.005 -0.001335613347 2
0 0.495 0.015 -0.001914846089 2
0 0.495 0.025 -0.002428131871 1
0 0.495 0.035 -0.002861548936 1
0 0.495 0.045 -0.003251321384 1
0 0.495 0.055 -0.003649903947 1
0 0.495 0.065 -0.004038092648 1
0 0.495 0.075 -0.00441727677 1
0 0.495 0.085 -0.004783157688 1
0 0.495 0.095 -0.005135480729 1
0 0.495 0.105 -0.00547446495 1
0 0.495 0.115 -0.005799849381 1
0 0.495 0.125 -0.006112107908 1
0 0.495 0.135 -0.006410898247 1
0 0.495 0.145 -0.006695977372 1
0 0.495 0.155 -0.006959581692 1
0 0.495 0.165 -0.007193028551 1
0 0.495 0.175 -0.007401788477 1
0 0.495 0.185 -0.007585848905 1
0 0.495 0.195 -0.007737494784 1
0 0.495 0.205 -0.007853070453 1
0 0.495 0.215 -0.007934036626 1
0 0.495 0.225 -0.007980577803 1
0 0.495 0.235 -0.007993405901 1
0 0.495 0.245 -0.007971990458 1
0 0.495 0.255 -0.007923254649 1
0 0.495 0.265 -0.007827534117 1
0 0.495 0.275 -0.0076615683 2
0 0.495 0.285 -0.007424184161 2
0 0.495 0.295 -0.007126456731 2
0 0.495 0.305 -0.006778361182 2
0 0.495 0.315 -0.006373605522 2
0 0.495 0.325 -0.005912811636 2
0 0.495 0.335 -0.005395710145 2
0 0.495 0.345 -0.004821999293 2
0 0.495 0.355 -0.004193973708 2
0 0.495 0.365 -0.003506112389 2
0 0.495 0.375 -0.002777655791 2
0 0.495 0.385 -0.001952130353 2
0 0.495 0.395 -0.001206477245 2
0 0.495 0.405 0 2
0 0.495 0.415 0 2
0 0.495 0.425 0 2
0 0.495 0.435 0 2
0 0.495 0.445 0 2
0 0.495 0.455 0 2
0 0.495 0.465 0 2
0 0.505 -0.455 0 2
0 0.505 -0.445 0 2
0 0.505 -0.435 0 2
0 0.505 -0.425 0 1
0 0.505 -0.415 0 1
0 0.505 -0.405 0 1
0 0.505 -0.395 0.0009695096506 1
0 0.505 -0.385 0.001686663943 2
0 0.505 -0.375 0.002530884947 2
0 0.505 -0.365 0.00329402931 2
0 0.505 -0.355 0.003961309 2
0 0.505 -0.345 0.004551941887 2
0 0.505 -0.335 0.005071697125 2
0 0.505 -0.325 0.005539585021 2
0 0.505 -0.315 0.005954601551 2
0 0.505 -0.305 0.006326939627 2
0 0.505 -0.295 0.006647202258 2
0 0.505 -0.285 0.006900285765 1
0 0.505 -0.275 0.007081028109 1
0 0.505 -0.265 0.007213754259 1
0 0.505 -0.255 0.007319211779 1
0 0.505 -0.245 0.007393118502 1
0 0.505 -0.235 0.007435606524 1
0 0.505 -0.225 0.007452006455 1
0 0.505 -0.215 0.007444925479 1
0 0.505 -0.205 0.007416942113 2
0 0.505 -0.195 0.007334040135 2
0 0.505 -0.185 0.007199992602 2
0 0.505 -0.175 0.007037103185 2
0 0.505 -0.165 0.006845069781 2
0 0.505 -0.155 0.006623026518 2
0 0.505 -0.145 0.006371688463 2
0 0.505 -0.135 0.006077498054 2
0 0.505 -0.125 0.005736913644 2
0 0.505 -0.115 0.005348159881 2
0 0.505 -0.105 0.004918639715 2
0 0.505 -0.095 0.004467638419 2
0 0.505 -0.085 0.003988253919 2
0 0.505 -0.075 0.003479664189 2
0 0.505 -0.065 0.002941556825 2
0 0.505 -0.055 0.002376580548 2
0 0.505 -0.045 0.001788118648 2
0 0.505 -0.035 0.001179597959 2
0 0.505 -0.025 0.0005555709657 2
0 0.505 -0.015 -8.210392169e-05 2
0 0.505 -0.005 -0.0007198529384 2
0 0.505 0.005 -0.001373022812 2
0 0.505 0.015 -0.00195879819 2
0 0.505 0.025 -0.00247725648 1
0 0.505 0.035 -0.002915880619 1
0 0.505 0.045 -0.00331097508 1
0 0.505 0.055 -0.003714762386 1
0 0.505 0.065 -0.004108470579 1
0 0.505 0.075 -0.004493960466 1
0 0.505 0.085 -0.004866030947 1
0 0.505 0.095 -0.005223333047 1
0 0.505 0.105 -0.005565976961 1
0 0.505 0.115 -0.005895280643 1
0 0.505 0.125 -0.006212574516 1
0 0.505 0.135 -0.006517286182 1
0 0.505 0.145 -0.00680491464 1
0 0.505 0.155 -0.007069057807 1
0 0.505 0.165 -0.007306115063 1
0 0.505 0.175 -0.007515577834 1
0 0.505 0.185 -0.007696724956 1
0 0.505 0.195 -0.007847290821 1
0 0.505 0.205 -0.007964790968 1
0 0.505 0.215 -0.008047771942 1
0 0.505 0.225 -0.008095637369 1
0 0.505 0.235 -0.008109460919 1
0 0.505 0.245 -0.008088016167 1
0 0.505 0.255 -0.008039493488 1
0 0.505 0.265 -0.007945558815 1
0 0.505 0.275 -0.00778103268 2
0 0.505 0.285 -0.007537943548 2
0 0.505 0.295 -0.007225846128 2
0 0.505 0.305 -0.006868206126 2
0 0.505 0.315 -0.006454183667 2
0 0.505 0.325 -0.005984970167 2
0 0.505 0.335 -0.005459676317 2
0 0.505 0.345 -0.004877826989 2
0 0.505 0.355 -0.004241562427 2
0 0.505 0.365 -0.003545203989 2
0 0.505 0.375 -0.002808126972 2
0 0.505 0.385 -0.001973230604 2
0 0.505 0.395 -0.00121929958 2
0 0.505 0.405 0 2
0 0.505 0.415 0 2
0 0.505 0.425 0 2
0 0.505 0.435 0 2
0 0.505 0.445 0 2
0 0.505 0.455 0 2
0 0.505 0.465 0 2
0 0.515 -0.455 0 2
0 0.515 -0.445 0 2
0 0.515 -0.435 0 2
0 0.515 -0.425 0 2
0 0.515 -0.415 0 2
0 0.515 -0.405 0 2
0 0.515 -0.395 0.001115706843 2
0 0.515 -0.385 0.001824348676 2
0 0.515 -0.375 0.002631933408 2
0 0.515 -0.365 0.003363179465 2
0 0.515 -0.355 0.004037025962 2
0 0.515 -0.345 0.004645844888 2
0 0.515 -0.335 0.005191767027 2
0 0.515 -0.325 0.005680981027 2
0 0.515 -0.315 0.006115429999 2
0 0.515 -0.305 0.00650806573 2
0 0.515 -0.295 0.006833558758 2
0 0.515 -0.285 0.007074704036 1
0 0.515 -0.275 0.007237780967 1
0 0.515 -0.265 0.00735691133 1
0 0.515 -0.255 0.007450358331 1
0 0.515 -0.245 0.007512183997 1
0 0.515 -0.235 0.007545744533 1
0 0.515 -0.225 0.007544863543 1
0 0.515 -0.215 0.007516404747 1
0 0.515 -0.205 0.007466629494 2
0 0.515 -0.195 0.00735701841 1
0 0.515 -0.185 0.007221602874 1
0 0.515 -0.175 0.00706773146 1
0 0.515 -0.165 0.006883429732 1
0 0.515 -0.155 0.006674422348 1
0 0.515 -0.145 0.006449898897 1
0 0.515 -0.135 0.00619635186 1
0 0.515 -0.125 0.00588637689 2
0 0.515 -0.115 0.005499142568 2
0 0.515 -0.105 0.005056298428 2
0 0.515 -0.095 0.004592752177 2
0 0.515 -0.085 0.004097749474 2
0 0.515 -0.075 0.003574623232 2
0 0.515 -0.065 0.003019894493 2
0 0.515 -0.055 0.002438713936 2
0 0.515 -0.045 0.001835499058 2
0 0.515 -0.035 0.001213623344 2
0 0.515 -0.025 0.0005774796401 2
0 0.515 -0.015 -7.136837896e-05 2
0 0.515 -0.005 -0.0007199463914 2
0 0.515 0.005 -0.001384077085 2
0 0.515 0.015 -0.001978323562 2
0 0.515 0.025 -0.002502655842 1
0 0.515 0.035 -0.002945845852 1
0 0.515 0.045 -0.003345689636 1
0 0.515 0.055 -0.003754817735 1
0 0.515 0.065 -0.004154367185 1
0 0.515 0.075 -0.00454768258 1
0 0.515 0.085 -0.004929303137 1
0 0.515 0.095 -0.005296344788 1
0 0.515 0.105 -0.005648189808 1
0 0.515 0.115 -0.005986603427 1
0 0.515 0.125 -0.006312847232 1
0 0.515 0.135 -0.006624483071 1
0 0.515 0.145 -0.00691672161 1
0 0.515 0.155 -0.007184143089 1
0 0.515 0.165 -0.007423066056 1
0 0.515 0.175 -0.007632878642 1
0 0.515 0.185 -0.007813320361 1
0 0.515 0.195 -0.007963364516 1
0 0.515 0.205 -0.008081305139 1
0 0.515 0.215 -0.00816519592 1
0 0.515 0.225 -0.008213701889 1
0 0.515 0.235 -0.008227098375 1
0 0.515 0.245 -0.008207743085 1
0 0.515 0.255 -0.008156918448 1
0 0.515 0.265 -0.008059311719 1
0 0.515 0.275 -0.007893948714 2
0 0.515 0.285 -0.007647013927 2
0 0.515 0.295 -0.007321963463 2
0 0.515 0.305 -0.006954323761 2
0 0.515 0.315 -0.006530708486 2
0 0.515 0.325 -0.006052860583 2
0 0.515 0.335 -0.005519367446 2
0 0.515 0.345 -0.004929554853 2
0 0.515 0.355 -0.004285387913 2
0 0.515 0.365 -0.003581013059 2
0 0.515 0.375 -0.00283590428 2
0 0.515 0.385 -0.001992379715 2
0 0.515 0.395 -0.001230880737 2
0 0.515 0.405 0 2
0 0.515 0.415 0 2
0 0.515 0.425 0 2
0 0.515 0.435 0 2
0 0.515 0.445 0 2
0 0.515 0.455 0 2
0 0.515 0.465 0 2
0 0.525 -0.455 0 2
0 0.525 -0.445 0 2
0 0.525 -0.435 0 2
0 0.525 -0.425 0 2
0 0.525 -0.415 0 2
0 0.525 -0.405 0 2
0 0.525 -0.395 0.001170803424 2
0 0.525 -0.385 0.001898097708 2
0 0.525 -0.375 0.002704275624 2
0 0.525 -0.365 0.003423102712 2
0 0.525 -0.355 0.004101852331 2
0 0.525 -0.345 0.004722334788 2
0 0.525 -0.335 0.005287889813 2
0 0.525 -0.325 0.005796749529 2
0 0.525 -0.315 0.006252119406 2
0 0.525 -0.305 0.006659546945 2
0 0.525 -0.295 0.006985404038 2
0 0.525 -0.285 0.007215591403 1
0 0.525 -0.275 0.007368808493 1
0 0.525 -0.265 0.007485864278 1
0 0.525 -0.255 0.00757295329 1
0 0.525 -0.245 0.007627069293 1
0 0.525 -0.235 0.007652964323 1
0 0.525 -0.225 0.007640234833 1
0 0.525 -0.215 0.007605651249 2
0 0.525 -0.205 0.007529774267 1
0 0.525 -0.195 0.007429518559 1
0 0.525 -0.185 0.007298439236 1
0 0.525 -0.175 0.007142599657 1
0 0.525 -0.165 0.006957686219 1
0 0.525 -0.155 0.006747319985 1
0 0.525 -0.145 0.006513813574 1
0 0.525 -0.135 0.006251249289 1
0 0.525 -0.125 0.005968438044 1
0 0.525 -0.115 0.005649314434 1
0 0.525 -0.105 0.005235525262 2
0 0.525 -0.095 0.004755114539 2
0 0.525 -0.085 0.00423395025 2
0 0.525 -0.075 0.003684078654 2
0 0.525 -0.065 0.003109192128 2
0 0.525 -0.055 0.002511166269 2
0 0.525 -0.045 0.001895097841 2
0 0.525 -0.035 0.001263302419 2
0 0.525 -0.025 0.0006194073809 2
0 0.525 -0.015 -3.574108462e-05 2
0 0.525 -0.005 -0.0006918565958 2
0 0.525 0.005 -0.001366198844 2
0 0.525 0.015 -0.001974794384 2
0 0.525 0.025 -0.002505240139 1
0 0.525 0.035 -0.002951502368 1
0 0.525 0.045 -0.003358885327 1
0 0.525 0.055 -0.003771572357 1
0 0.525 0.065 -0.004174860547 1
0 0.525 0.075 -0.004574596171 1
0 0.525 0.085 -0.004968813667 1
0 0.525 0.095 -0.005349985157 1
0 0.525 0.105 -0.005717756644 1
0 0.525 0.115 -0.006076084177 1
0 0.525 0.125 -0.006416661143 1
0 0.525 0.135 -0.006739589286 1
0 0.525 0.145 -0.007038972974 1
0 0.525 0.155 -0.007308033023 1
0 0.525 0.165 -0.007547311932 1
0 0.525 0.175 -0.007756070802 1
0 0.525 0.185 -0.00793428811 1
0 0.525 0.195 -0.008082127005 1
0 0.525 0.205 -0.008199106761 1
0 0.525 0.215 -0.008285551377 1
0 0.525 0.225 -0.008337225884 1
0 0.525 0.235 -0.008350291409 1
0 0.525 0.245 -0.008328823266 1
0 0.525 0.255 -0.008271795618 1
0 0.525 0.265 -0.008167079606 1
0 0.525 0.275 -0.007997025716 2
0 0.525 0.285 -0.00774101298 2
0 0.525 0.295 -0.00740805921 2
0 0.525 0.305 -0.007031713445 2
0 0.525 0.315 -0.006599776631 2
0 0.525 0.325 -0.00611408419 2
0 0.525 0.335 -0.005573083922 2
0 0.525 0.345 -0.004975964597 2
0 0.525 0.355 -0.004324577032 2
0 0.525 0.365 -0.003612923264 2
0 0.525 0.375 -0.002860568549 2
0 0.525 0.385 -0.002009320829 2
0 0.525 0.395 -0.001241084012 2
0 0.525 0.405 0 2
0 0.525 0.415 0 2
0 0.525 0.425 0 2
0 0.525 0.435 0 2
0 0.525 0.445 0 2
0 0.525 0.455 0 2
0 0.525 0.465 0 2
0 0.535 -0.455 0 2
0 0.535 -0.445 0 2
0 0.535 -0.435 0 2
0 0.535 -0.425 0 2
0 0.535 -0.415 0 2
0 0.535 -0.405 0 2
0 0.535 -0.395 0.001201774167 2
0 0.535 -0.385 0.001943905234 2
0 0.535 -0.375 0.002763349002 2
0 0.535 -0.365 0.003487048349 2
0 0.535 -0.355 0.004173527042 2
0 0.535 -0.345 0.004803781952 2
0 0.535 -0.335 0.005383178514 2
0 0.535 -0.325 0.005908088162 2
0 0.535 -0.315 0.006389548645 2
0 0.535 -0.305 0.006802339459 2
0 0.535 -0.295 0.007116520527 1
0 0.535 -0.285 0.007329119844 1
0 0.535 -0.275 0.007482186654 1
0 0.535 -0.265 0.007604408276 1
0 0.535 -0.255 0.007689257426 1
0 0.535 -0.245 0.007739469715 1
0 0.535 -0.235 0.007757617355 1
0 0.535 -0.225 0.007740093755 1
0 0.535 -0.215 0.007703666873 2
0 0.535 -0.205 0.007623421405 1
0 0.535 -0.195 0.007515088384 1
0 0.535 -0.185 0.007383760747 1
0 0.535 -0.175 0.007222331535 1
0 0.535 -0.165 0.007033613838 1
0 0.535 -0.155 0.006818628884 1
0 0.535 -0.145 0.006577337365 1
0 0.535 -0.135 0.006311500293 1
0 0.535 -0.125 0.00602542566 1
0 0.535 -0.115 0.005721698335 1
0 0.535 -0.105 0.005363551631 1
0 0.535 -0.095 0.004912359909 2
0 0.535 -0.085 0.004378558713 2
0 0.535 -0.075 0.003791936772 2
0 0.535 -0.065 0.003197663846 2
0 0.535 -0.055 0.002585205294 2
0 0.535 -0.045 0.001960296419 2
0 0.535 -0.035 0.001323533089 2
0 0.535 -0.025 0.0006776093625 2
0 0.535 -0.015 2.297316688e-05 2
0 0.535 -0.005 -0.000633742551 2
0 0.535 0.005 -0.001306490943 2
0 0.535 0.015 -0.00193643435 2
0 0.535 0.025 -0.002485430384 1
0 0.535 0.035 -0.002944751312 1
0 0.535 0.045 -0.003362362649 1
0 0.535 0.055 -0.003767876674 1
0 0.535 0.065 -0.004167612721 1
0 0.535 0.075 -0.004561216442 1
0 0.535 0.085 -0.004961531711 1
0 0.535 0.095 -0.005360843757 1
0 0.535 0.105 -0.005760208901 1
0 0.535 0.115 -0.006166680459 1
0 0.535 0.125 -0.006538831951 1
0 0.535 0.135 -0.006877514986 1
0 0.535 0.145 -0.007176617616 1
0 0.535 0.155 -0.007440407288 1
0 0.535 0.165 -0.007678016149 1
0 0.535 0.175 -0.00788245046 1
0 0.535 0.185 -0.008056342822 1
0 0.535 0.195 -0.00820028928 1
0 0.535 0.205 -0.008316459685 1
0 0.535 0.215 -0.008402837409 1
0 0.535 0.225 -0.00845406022 1
0 0.535 0.235 -0.008466590055 1
0 0.535 0.245 -0.008444595099 1
0 0.535 0.255 -0.008382780145 1
0 0.535 0.265 -0.008265829418 2
0 0.535 0.275 -0.008077346247 2
0 0.535 0.285 -0.007811301272 2
0 0.535 0.295 -0.00747818542 2
0 0.535 0.305 -0.007096043379 2
0 0.535 0.315 -0.006658249651 2
0 0.535 0.325 -0.006166337425 2
0 0.535 0.335 -0.005619130546 2
0 0.535 0.345 -0.005015806162 2
0 0.535 0.355 -0.004358214878 2
0 0.535 0.365 -0.003640279262 2
0 0.535 0.375 -0.002881669634 2
0 0.535 0.385 -0.00202377636 2
0 0.535 0.395 -0.001249761001 2
0 0.535 0.405 0 2
0 0.535 0.415 0 2
0 0.535 0.425 0 2
0 0.535 0.435 0 2
0 0.535 0.445 0 2
0 0.535 0.455 0 2
0 0.535 0.465 0 2
0 0.545 -0.455 0 2
0 0.545 -0.445 0 2
0 0.545 -0.435 0 2
0 0.545 -0.425 0 2
0 0.545 -0.415 0 2
0 0.545 -0.405 0 2
0 0.545 -0.395 0.001218441731 2
0 0.545 -0.385 0.001971119825 2
0 0.545 -0.375 0.002803253924 2
0 0.545 -0.365 0.003537842331 2
0 0.545 -0.355 0.004234184833 2
0 0.545 -0.345 0.004874067147 2
0 0.545 -0.335 0.005464762165 2
0 0.545 -0.325 0.006001715739 2
0 0.545 -0.315 0.00650108866 2
0 0.545 -0.305 0.006916174392 2
0 0.545 -0.295 0.007228894369 1
0 0.545 -0.285 0.007443903694 1
0 0.545 -0.275 0.00759728609 1
0 0.545 -0.265 0.007718170699 1
0 0.545 -0.255 0.00780314513 1
0 0.545 -0.245 0.007853594847 1
0 0.545 -0.235 0.007868048105 1
0 0.545 -0.225 0.007850486356 1
0 0.545 -0.215 0.007808251153 2
0 0.545 -0.205 0.007716481095 1
0 0.545 -0.195 0.007599035722 1
0 0.545 -0.185 0.007462489477 1
0 0.545 -0.175 0.007293881649 1
0 0.545 -0.165 0.007100304673 1
0 0.545 -0.155 0.006880777394 1
0 0.545 -0.145 0.00663740673 1
0 0.545 -0.135 0.006373036879 1
0 0.545 -0.125 0.006084562451 1
0 0.545 -0.115 0.005786448514 1
0 0.545 -0.105 0.005439132273 1
0 0.545 -0.095 0.005002521877 2
0 0.545 -0.085 0.004474882404 2
0 0.545 -0.075 0.003872605168 2
0 0.545 -0.065 0.003268990002 2
0 0.545 -0.055 0.002650002372 2
0 0.545 -0.045 0.002022937243 2
0 0.545 -0.035 0.001387577216 2
0 0.545 -0.025 0.0007462485771 2
0 0.545 -0.015 0.0001001081293 2
0 0.545 -0.005 -0.0005466047966 2
0 0.545 0.005 -0.001193265523 2
0 0.545 0.015 -0.001833696004 2
0 0.545 0.025 -0.002425367174 2
0 0.545 0.035 -0.002941431849 1
0 0.545 0.045 -0.00336041666 1
0 0.545 0.055 -0.003748082707 1
0 0.545 0.065 -0.004137400995 1
0 0.545 0.075 -0.004507372816 1
0 0.545 0.085 -0.004884143729 1
0 0.545 0.095 -0.005309730942 2
0 0.545 0.105 -0.005769092917 2
0 0.545 0.115 -0.006247207883 2
0 0.545 0.125 -0.006673571963 2
0 0.545 0.135 -0.007040827822 1
0 0.545 0.145 -0.007332400796 1
0 0.545 0.155 -0.007586469646 1
0 0.545 0.165 -0.007815929692 1
0 0.545 0.175 -0.008010999126 1
0 0.545 0.185 -0.008179778526 1
0 0.545 0.195 -0.008318647098 1
0 0.545 0.205 -0.008428258067 1
0 0.545 0.215 -0.008506431745 1
0 0.545 0.225 -0.008552502543 1
0 0.545 0.235 -0.008572178442 2
0 0.545 0.245 -0.008546372485 2
0 0.545 0.255 -0.00846804057 2
0 0.545 0.265 -0.00833333959 2
0 0.545 0.275 -0.008132307903 2
0 0.545 0.285 -0.007860954366 2
0 0.545 0.295 -0.007530362324 2
0 0.545 0.305 -0.007145194635 2
0 0.545 0.315 -0.006704069204 2
0 0.545 0.325 -0.006207890158 2
0 0.545 0.335 -0.005656108948 2
0 0.545 0.345 -0.005047982715 2
0 0.545 0.355 -0.004385462961 2
0 0.545 0.365 -0.00366246181 2
0 0.545 0.375 -0.00289877275 2
0 0.545 0.385 -0.002035473948 2
0 0.545 0.395 -0.001256764048 2
0 0.545 0.405 0 2
0 0.545 0.415 0 2
0 0.545 0.425 0 2
0 0.545 0.435 0 2
0 0.545 0.445 0 2
0 0.545 0.455 0 2
0 0.545 0.465 0 2
0 0.555 -0.455 0 2
0 0.555 -0.445 0 2
0 0.555 -0.435 0 2
0 0.555 -0.425 0 2
0 0.555 -0.415 0 2
0 0.555 -0.405 0 2
0 0.555 -0.395 0.001229888128 2
0 0.555 -0.385 0.001990702066 2
0 0.555 -0.375 0.002832865194 2
0 0.555 -0.365 0.003576841179 2
0 0.555 -0.355 0.004281948081 2
0 0.555 -0.345 0.004929892694 2
0 0.555 -0.335 0.005528714288 2
0 0.555 -0.325 0.006073829941 2
0 0.555 -0.315 0.006582506724 2
0 0.555 -0.305 0.007005434144 2
0 0.555 -0.295 0.007321989556 1
0 0.555 -0.285 0.007544646225 1
0 0.555 -0.275 0.007703858931 1
0 0.555 -0.265 0.007824025325 1
0 0.555 -0.255 0.007913346947 1
0 0.555 -0.245 0.007968769501 1
0 0.555 -0.235 0.00798839019 1
0 0.555 -0.225 0.007977119792 2
0 0.555 -0.215 0.007910036278 2
0 0.555 -0.205 0.007801318067 1
0 0.555 -0.195 0.007677759292 1
0 0.555 -0.185 0.007536105754 1
0 0.555 -0.175 0.007363433224 1
0 0.555 -0.165 0.007161897753 1
0 0.555 -0.155 0.006936136748 1
0 0.555 -0.145 0.006689096152 1
0 0.555 -0.135 0.006421694488 1
0 0.555 -0.125 0.00613154485 1
0 0.555 -0.115 0.00583052331 1
0 0.555 -0.105 0.005480933389 1
0 0.555 -0.095 0.005044790625 2
0 0.555 -0.085 0.004517807149 2
0 0.555 -0.075 0.003914715904 2
0 0.555 -0.065 0.003312685519 2
0 0.555 -0.055 0.002697079206 2
0 0.555 -0.045 0.002075562663 2
0 0.555 -0.035 0.001448061048 2
0 0.555 -0.025 0.0008169541469 2
0 0.555 -0.015 0.0001840361965 2
0 0.555 -0.005 -0.0004486160203 2
0 0.555 0.005 -0.001077239581 2
0 0.555 0.015 -0.001720155826 2
0 0.555 0.025 -0.00233721847 2
0 0.555 0.035 -0.002882690842 1
0 0.555 0.045 -0.003324906725 1
0 0.555 0.055 -0.003717756103 1
0 0.555 0.065 -0.004097817833 1
0 0.555 0.075 -0.004464344802 1
0 0.555 0.085 -0.004846805479 1
0 0.555 0.095 -0.005294787308 2
0 0.555 0.105 -0.00577758736 2
0 0.555 0.115 -0.00626166772 2
0 0.555 0.125 -0.00669074745 2
0 0.555 0.135 -0.007089323586 2
0 0.555 0.145 -0.0074374932 2
0 0.555 0.155 -0.007716654553 1
0 0.555 0.165 -0.00793738768 1
0 0.555 0.175 -0.008125483219 1
0 0.555 0.185 -0.008292162533 1
0 0.555 0.195 -0.008428175225 1
0 0.555 0.205 -0.008530199268 1
0 0.555 0.215 -0.008600474932 1
0 0.555 0.225 -0.008649575316 2
0 0.555 0.235 -0.008656937238 2
0 0.555 0.245 -0.008615166123 2
0 0.555 0.255 -0.008520840549 2
0 0.555 0.265 -0.008372988665 2
0 0.555 0.275 -0.00816319108 2
0 0.555 0.285 -0.007891529157 2
0 0.555 0.295 -0.007564294207 2
0 0.555 0.305 -0.007178571885 2
0 0.555 0.315 -0.006736217183 2
0 0.555 0.325 -0.006237679017 2
0 0.555 0.335 -0.005683028495 2
0 0.555 0.345 -0.005071644469 2
0 0.555 0.355 -0.004405630119 2
0 0.555 0.365 -0.003678937919 2
0 0.555 0.375 -0.002911491706 2
0 0.555 0.385 -0.002044165985 2
0 0.555 0.395 -0.001261955987 2
0 0.555 0.405 0 2
0 0.555 0.415 0 2
0 0.555 0.425 0 2
0 0.555 0.435 0 2
0 0.555 0.445 0 2
0 0.555 0.455 0 2
0 0.555 0.465 0 2
0 0.565 -0.455 0 2
0 0.565 -0.445 0 2
0 0.565 -0.435 0 2
0 0.565 -0.425 0 2
0 0.565 -0.415 0 2
0 0.565 -0.405 0 2
0 0.565 -0.395 0.001237536359 2
0 0.565 -0.385 0.002003933513 2
0 0.565 -0.375 0.002853021532 2
0 0.565 -0.365 0.003603699108 2
0 0.565 -0.355 0.004315014066 2
0 0.565 -0.345 0.004968145221 2
0 0.565 -0.335 0.005570568012 2
0 0.565 -0.325 0.006117877995 2
0 0.565 -0.315 0.006617025371 2
0 0.565 -0.305 0.00704721722 2
0 0.565 -0.295 0.007384655063 2
0 0.565 -0.285 0.007633015553 1
0 0.565 -0.275 0.0078011827 1
0 0.565 -0.265 0.007925156574 1
0 0.565 -0.255 0.008019945857 1
0 0.565 -0.245 0.008077330302 1
0 0.565 -0.235 0.008105717833 2
0 0.565 -0.225 0.008085585624 2
0 0.565 -0.215 0.00801641019 2
0 0.565 -0.205 0.007901231031 2
0 0.565 -0.195 0.007748045522 1
0 0.565 -0.185 0.007595193504 1
0 0.565 -0.175 0.00741975035 1
0 0.565 -0.165 0.007214489731 1
0 0.565 -0.155 0.006987143578 1
0 0.565 -0.145 0.006735073774 1
0 0.565 -0.135 0.006460895622 1
0 0.565 -0.125 0.006166699019 1
0 0.565 -0.115 0.00585215554 1
0 0.565 -0.105 0.005488100609 1
0 0.565 -0.095 0.005036075791 2
0 0.565 -0.085 0.004501740081 2
0 0.565 -0.075 0.003913592368 2
0 0.565 -0.065 0.003324253726 2
0 0.565 -0.055 0.002721852635 2
0 0.565 -0.045 0.002113073496 2
0 0.565 -0.035 0.001498983218 2
0 0.565 -0.025 0.0008824938867 2
0 0.565 -0.015 0.0002661948128 2
0 0.565 -0.005 -0.0003479469153 2
0 0.565 0.005 -0.000956867429 2
0 0.565 0.015 -0.001566412634 2
0 0.565 0.025 -0.002169945079 2
0 0.565 0.035 -0.002745419072 2
0 0.565 0.045 -0.003258419796 1
0 0.565 0.055 -0.003674552885 1
0 0.565 0.065 -0.004053711777 1
0 0.565 0.075 -0.004437419048 1
0 0.565 0.085 -0.004881844548 2
0 0.565 0.095 -0.005353789593 2
0 0.565 0.105 -0.005822562226 2
0 0.565 0.115 -0.006269967562 2
0 0.565 0.125 -0.006686661096 2
0 0.565 0.135 -0.007078851521 2
0 0.565 0.145 -0.007429512632 2
0 0.565 0.155 -0.007732747604 2
0 0.565 0.165 -0.007989568589 2
0 0.565 0.175 -0.008201856646 2
0 0.565 0.185 -0.008377898285 2
0 0.565 0.195 -0.008518443079 2
0 0.565 0.205 -0.008623327554 2
0 0.565 0.215 -0.008695007726 2
0 0.565 0.225 -0.008729664656 2
0 0.565 0.235 -0.008717778173 2
0 0.565 0.245 -0.008655948239 2
0 0.565 0.255 -0.008546881837 2
0 0.565 0.265 -0.008389748577 2
0 0.565 0.275 -0.008178156187 2
0 0.565 0.285 -0.007909377143 2
0 0.565 0.295 -0.007582103576 2
0 0.565 0.305 -0.007196874055 2
0 0.565 0.315 -0.006754525646 2
0 0.565 0.325 -0.00625520945 2
0 0.565 0.335 -0.005699279549 2
0 0.565 0.345 -0.005086194407 2
0 0.565 0.355 -0.004418190041 2
0 0.565 0.365 -0.003689279457 2
0 0.565 0.375 -0.002919504099 2
0 0.565 0.385 -0.002049639683 2
0 0.565 0.395 -0.001265215613 2
0 0.565 0.405 0 2
0 0.565 0.415 0 2
0 0.565 0.425 0 2
0 0.565 0.435 0 2
0 0.565 0.445 0 2
0 0.565 0.455 0 2
0 0.565 0.465 0 2
0 0.575 -0.455 0 2
0 0.575 -0.445 0 2
0 0.575 -0.435 0 2
0 0.575 -0.425 0 2
0 0.575 -0.415 0 2
0 0.575 -0.405 0 2
0 0.575 -0.395 0.001241930405 2
0 0.575 -0.385 0.002011587282 2
0 0.575 -0.375 0.00286467647 2
0 0.575 -0.365 0.003619125552 2
0 0.575 -0.355 0.004333646969 2
0 0.575 -0.345 0.004988928281 2
0 0.575 -0.335 0.005591599518 2
0 0.575 -0.325 0.006138322353 2
0 0.575 -0.315 0.006629494335 2
0 0.575 -0.305 0.007067736606 2
0 0.575 -0.295 0.007421153664 2
0 0.575 -0.285 0.007683276398 1
0 0.575 -0.275 0.007867643213 1
0 0.575 -0.265 0.00800068024 1
0 0.575 -0.255 0.008097371472 1
0 0.575 -0.245 0.008163154489 2
0 0.575 -0.235 0.008182515707 2
0 0.575 -0.225 0.008165326016 2
0 0.575 -0.215 0.008107655649 2
0 0.575 -0.205 0.008004914836 2
0 0.575 -0.195 0.007850244516 2
0 0.575 -0.185 0.00766439913 2
0 0.575 -0.175 0.007461446769 1
0 0.575 -0.165 0.00725676991 1
0 0.575 -0.155 0.007028682489 1
0 0.575 -0.145 0.006767110952 1
0 0.575 -0.135 0.006480007249 1
0 0.575 -0.125 0.006177396223 1
0 0.575 -0.115 0.005843499867 1
0 0.575 -0.105 0.005425999905 2
0 0.575 -0.095 0.004944285172 2
0 0.575 -0.085 0.00442167881 2
0 0.575 -0.075 0.003872148067 2
0 0.575 -0.065 0.003306043493 2
0 0.575 -0.055 0.002724347177 2
0 0.575 -0.045 0.002133416229 2
0 0.575 -0.035 0.001536333857 2
0 0.575 -0.025 0.000936826376 2
0 0.575 -0.015 0.0003382191778 2
0 0.575 -0.005 -0.0002566817541 2
0 0.575 0.005 -0.0008447786315 2
0 0.575 0.015 -0.001423088852 2
0 0.575 0.025 -0.001994255008 2
0 0.575 0.035 -0.002546920692 2
0 0.575 0.045 -0.003078009944 2
0 0.575 0.055 -0.003575398169 2
0 0.575 0.065 -0.004035740451 2
0 0.575 0.075 -0.004495720358 2
0 0.575 0.085 -0.004957508021 2
0 0.575 0.095 -0.005410728294 2
0 0.575 0.105 -0.00585359286 2
0 0.575 0.115 -0.006278413111 2
0 0.575 0.125 -0.006684471332 2
0 0.575 0.135 -0.007063094664 2
0 0.575 0.145 -0.007406105196 2
0 0.575 0.155 -0.007714811618 2
0 0.575 0.165 -0.007986193806 2
0 0.575 0.175 -0.008213933535 2
0 0.575 0.185 -0.008398392178 2
0 0.575 0.195 -0.008544304973 2
0 0.575 0.205 -0.008653822403 2
0 0.575 0.215 -0.008726431343 2
0 0.575 0.225 -0.008755525468 2
0 0.575 0.235 -0.008735918006 2
0 0.575 0.245 -0.008668999693 2
0 0.575 0.255 -0.008557352639 2
0 0.575 0.265 -0.008395586807 2
0 0.575 0.275 -0.00818101695 2
0 0.575 0.285 -0.007911105717 2
0 0.575 0.295 -0.007584352279 2
0 0.575 0.305 -0.00720030328 2
0 0.575 0.315 -0.006758943923 2
0 0.575 0.325 -0.006260217594 2
0 0.575 0.335 -0.005704481263 2
0 0.575 0.345 -0.005091220237 2
0 0.575 0.355 -0.004422753292 2
0 0.575 0.365 -0.00369315344 2
0 0.575 0.375 -0.002922549366 2
0 0.575 0.385 -0.002051717724 2
0 0.575 0.395 -0.00126643875 2
0 0.575 0.405 0 2
0 0.575 0.415 0 2
0 0.575 0.425 0 2
0 0.575 0.435 0 2
0 0.575 0.445 0 2
0 0.575 0.455 0 2
0 0.575 0.465 0 2
0 0.585 -0.455 0 2
0 0.585 -0.445 0 2
0 0.585 -0.435 0 2
0 0.585 -0.425 0 2
0 0.585 -0.415 0 2
0 0.585 -0.405 0 2
0 0.585 -0.395 0.001243208303 2
0 0.585 -0.385 0.002013872377 2
0 0.585 -0.375 0.002868175331 2
0 0.585 -0.365 0.003623581017 2
0 0.585 -0.355 0.004338411488 2
0 0.585 -0.345 0.004992939816 2
0 0.585 -0.335 0.00559289318 2
0 0.585 -0.325 0.006135548953 2
0 0.585 -0.315 0.006617684381 2
0 0.585 -0.305 0.007048017683 2
0 0.585 -0.295 0.00740269402 2
0 0.585 -0.285 0.007681187035 2
0 0.585 -0.275 0.00789404594 2
0 0.585 -0.265 0.008044535876 2
0 0.585 -0.255 0.008144698236 2
0 0.585 -0.245 0.008202754843 2
0 0.585 -0.235 0.008224830137 2
0 0.585 -0.225 0.008210689711 2
0 0.585 -0.215 0.00815886246 2
0 0.585 -0.205 0.008064612998 2
0 0.585 -0.195 0.007924190434 2
0 0.585 -0.185 0.007747771067 2
0 0.585 -0.175 0.007542957082 2
0 0.585 -0.165 0.007313081272 2
0 0.585 -0.155 0.007059922163 2
0 0.585 -0.145 0.006775825572 2
0 0.585 -0.135 0.006460764219 2
0 0.585 -0.125 0.006112923397 2
0 0.585 -0.115 0.005719707276 2
0 0.585 -0.105 0.00528623236 2
0 0.585 -0.095 0.004822906323 2
0 0.585 -0.085 0.004328468428 2
0 0.585 -0.075 0.0038104415 2
0 0.585 -0.065 0.003268562857 2
0 0.585 -0.055 0.002708965922 2
0 0.585 -0.045 0.002137472797 2
0 0.585 -0.035 0.001558494622 2
0 0.585 -0.025 0.000976284028 2
0 0.585 -0.015 0.0003945688511 2
0 0.585 -0.005 -0.0001833147179 2
0 0.585 0.005 -0.000754532287 2
0 0.585 0.015 -0.00131625282 2
0 0.585 0.025 -0.001869157347 2
0 0.585 0.035 -0.002411647435 2
0 0.585 0.045 -0.002949818702 2
0 0.585 0.055 -0.003479320014 2
0 0.585 0.065 -0.003990150503 2
0 0.585 0.075 -0.004486682277 2
0 0.585 0.085 -0.004962525639 2
0 0.585 0.095 -0.005414009616 2
0 0.585 0.105 -0.005848388271 2
0 0.585 0.115 -0.006266363927 2
0 0.585 0.125 -0.006664722396 2
0 0.585 0.135 -0.007037950849 2
0 0.585 0.145 -0.007380833681 2
0 0.585 0.155 -0.007688579902 2
0 0.585 0.165 -0.007957544343 2
0 0.585 0.175 -0.008186037203 2
0 0.585 0.185 -0.008374160036 2
0 0.585 0.195 -0.00852345096 2
0 0.585 0.205 -0.008634723526 2
0 0.585 0.215 -0.008706555595 2
0 0.585 0.225 -0.008735740216 2
0 0.585 0.235 -0.008719305691 2
0 0.585 0.245 -0.00865537897 2
0 0.585 0.255 -0.00854278216 2
0 0.585 0.265 -0.008380057406 2
0 0.585 0.275 -0.008165185064 2
0 0.585 0.285 -0.007895959115 2
0 0.585 0.295 -0.007570781116 2
0 0.585 0.305 -0.007188716694 2
0 0.585 0.315 -0.006749358206 2
0 0.585 0.325 -0.006252494618 2
0 0.585 0.335 -0.005698357609 2
0 0.585 0.345 -0.005086416886 2
0 0.585 0.355 -0.004419022112 2
0 0.585 0.365 -0.003690296925 2
0 0.585 0.375 -0.002920415613 2
0 0.585 0.385 -0.002050252044 2
0 0.585 0.395 -0.001265535836 2
0 0.585 0.405 0 2
0 0.585 0.415 0 2
0 0.585 0.425 0 2
0 0.585 0.435 0 2
0 0.585 0.445 0 2
0 0.585 0.455 0 2
0 0.585 0.465 0 2
0 0.595 -0.455 0 2
0 0.595 -0.445 0 2
0 0.595 -0.435 0 2
0 0.595 -0.425 0 2
0 0.595 -0.415 0 2
0 0.595 -0.405 0 2
0 0.595 -0.395 0.001241452748 2
0 0.595 -0.385 0.002010972125 2
0 0.595 -0.375 0.002863897373 2
0 0.595 -0.365 0.003617712234 2
0 0.595 -0.355 0.004330329934 2
0 0.595 -0.345 0.004981775045 2
0 0.595 -0.335 0.005577327033 2
0 0.595 -0.325 0.006114476038 2
0 0.595 -0.315 0.006591378006 2
0 0.595 -0.305 0.007009983423 2
0 0.595 -0.295 0.007361242424 2
0 0.595 -0.285 0.007644836214 2
0 0.595 -0.275 0.007865492932 2
0 0.595 -0.265 0.008025339326 2
0 0.595 -0.255 0.008135396288 2
0 0.595 -0.245 0.008203305275 2
0 0.595 -0.235 0.008232727747 2
0 0.595 -0.225 0.008222332919 2
0 0.595 -0.215 0.0081704908 2
0 0.595 -0.205 0.008076767561 2
0 0.595 -0.195 0.007943885162 2
0 0.595 -0.185 0.007772640519 2
0 0.595 -0.175 0.00756169339 2
0 0.595 -0.165 0.007315380344 2
0 0.595 -0.155 0.007040246567 2
0 0.595 -0.145 0.006735020578 2
0 0.595 -0.135 0.006396622283 2
0 0.595 -0.125 0.006020719576 2
0 0.595 -0.115 0.005608723059 2
0 0.595 -0.105 0.005173430831 2
0 0.595 -0.095 0.004720146975 2
0 0.595 -0.085 0.004242951961 2
0 0.595 -0.075 0.003743070677 2
0 0.595 -0.065 0.003220753288 2
0 0.595 -0.055 0.002680631495 2
0 0.595 -0.045 0.002127390063 2
0 0.595 -0.035 0.001565602206 2
0 0.595 -0.025 0.0009995020902 2
0 0.595 -0.015 0.0004328195096 2
0 0.595 -0.005 -0.0001311666947 2
0 0.595 0.005 -0.0006900417391 2
0 0.595 0.015 -0.001242248733 2
0 0.595 0.025 -0.001788380055 2
0 0.595 0.035 -0.002331296795 2
0 0.595 0.045 -0.00287164699 2
0 0.595 0.055 -0.00340588972 2
0 0.595 0.065 -0.003928568527 2
0 0.595 0.075 -0.004433930365 2
0 0.595 0.085 -0.004917332601 2
0 0.595 0.095 -0.005376557829 2
0 0.595 0.105 -0.005812792318 2
0 0.595 0.115 -0.006228781588 2
0 0.595 0.125 -0.006624152577 2
0 0.595 0.135 -0.006994680142 2
0 0.595 0.145 -0.007334395696 2
0 0.595 0.155 -0.007638009201 2
0 0.595 0.165 -0.007903037666 2
0 0.595 0.175 -0.008129335775 2
0 0.595 0.185 -0.008317844384 2
0 0.595 0.195 -0.008469217174 2
0 0.595 0.205 -0.00858297626 2
0 0.595 0.215 -0.008657151483 2
0 0.595 0.225 -0.008688724094 2
0 0.595 0.235 -0.008674881568 2
0 0.595 0.245 -0.008613620525 2
0 0.595 0.255 -0.008503486242 2
0 0.595 0.265 -0.008342888845 2
0 0.595 0.275 -0.008130029206 2
0 0.595 0.285 -0.007863090109 2
0 0.595 0.295 -0.007540637732 2
0 0.595 0.305 -0.007161635956 2
0 0.595 0.315 -0.006725479639 2
0 0.595 0.325 -0.006231774364 2
0 0.595 0.335 -0.005680642962 2
0 0.595 0.345 -0.005071517288 2
0 0.595 0.355 -0.004406743167 2
0 0.595 0.365 -0.003680486512 2
0 0.595 0.375 -0.002912921097 2
0 0.595 0.385 -0.002045113796 2
0 0.595 0.395 -0.001262427346 2
0 0.595 0.405 0 2
0 0.595 0.415 0 2
0 0.595 0.425 0 2
0 0.595 0.435 0 2
0 0.595 0.445 0 2
0 0.595 0.455 0 2
0 0.595 0.465 0 2
0 0.605 -0.455 0 2
0 0.605 -0.445 0 2
0 0.605 -0.435 0 2
0 0.605 -0.425 0 2
0 0.605 -0.415 0 2
0 0.605 -0.405 0 2
0 0.605 -0.395 0.001236728804 2
0 0.605 -0.385 0.002003049302 2
0 0.605 -0.375 0.002852183277 2
0 0.605 -0.365 0.003602107222 2
0 0.605 -0.355 0.004310301179 2
0 0.605 -0.345 0.004956667348 2
0 0.605 -0.335 0.005546316099 2
0 0.605 -0.325 0.006076491172 2
0 0.605 -0.315 0.00654622243 2
0 0.605 -0.305 0.00695365267 2
0 0.605 -0.295 0.007298873795 2
0 0.605 -0.285 0.007583326344 2
0 0.605 -0.275 0.007809520957 2
0 0.605 -0.265 0.007981044712 2
0 0.605 -0.255 0.008102008018 2
0 0.605 -0.245 0.008176652098 2
0 0.605 -0.235 0.00820847015 2
0 0.605 -0.225 0.008198704624 2
0 0.605 -0.215 0.00814722151 2
0 0.605 -0.205 0.008053535872 2
0 0.605 -0.195 0.007917840605 2
0 0.605 -0.185 0.007740969213 2
0 0.605 -0.175 0.007524744709 2
0 0.605 -0.165 0.007271843437 2
0 0.605 -0.155 0.006985016001 2
0 0.605 -0.145 0.006665769291 2
0 0.605 -0.135 0.006313808378 2
0 0.605 -0.125 0.005929736 2
0 0.605 -0.115 0.005517575638 2
0 0.605 -0.105 0.005083607481 2
0 0.605 -0.095 0.004632284625 2
0 0.605 -0.085 0.004163459138 2
0 0.605 -0.075 0.003674978057 2
0 0.605 -0.065 0.003167172467 2
0 0.605 -0.055 0.002642780569 2
0 0.605 -0.045 0.002105339744 2
0 0.605 -0.035 0.00155880164 2
0 0.605 -0.025 0.001006942928 2
0 0.605 -0.015 0.0004531532831 2
0 0.605 -0.005 -9.970734218e-05 2
0 0.605 0.005 -0.0006496211987 2
0 0.605 0.015 -0.00119560371 2
0 0.605 0.025 -0.001737937542 2
0 0.605 0.035 -0.002277961118 2
0 0.605 0.045 -0.002815769931 2
0 0.605 0.055 -0.003348369393 2
0 0.605 0.065 -0.003870297019 2
0 0.605 0.075 -0.004375308328 2
0 0.605 0.085 -0.004858582645 2
0 0.605 0.095 -0.005318058693 2
0 0.605 0.105 -0.005754044083 2
0 0.605 0.115 -0.00616791828 2
0 0.605 0.125 -0.006559310715 2
0 0.605 0.135 -0.006925091784 2
0 0.605 0.145 -0.007259471671 2
0 0.605 0.155 -0.007556766859 2
0 0.605 0.165 -0.007815415575 2
0 0.605 0.175 -0.008037373676 2
0 0.605 0.185 -0.008225136896 2
0 0.605 0.195 -0.008378694172 2
0 0.605 0.205 -0.008496006787 2
0 0.605 0.215 -0.008574304186 2
0 0.605 0.225 -0.008610410902 2
0 0.605 0.235 -0.008601450018 2
0 0.605 0.245 -0.008545126449 2
0 0.605 0.255 -0.008439597234 2
0 0.605 0.265 -0.00828318793 2
0 0.605 0.275 -0.008074290187 2
0 0.605 0.285 -0.007811381256 2
0 0.605 0.295 -0.007493145882 2
0 0.605 0.305 -0.007118549659 2
0 0.605 0.315 -0.006686905979 2
0 0.605 0.325 -0.006197720961 2
0 0.605 0.335 -0.005651038043 2
0 0.605 0.345 -0.005046246477 2
0 0.605 0.355 -0.004385669118 2
0 0.605 0.365 -0.003663509905 2
0 0.605 0.375 -0.002899895064 2
0 0.605 0.385 -0.002036182115 2
0 0.605 0.395 -0.001257038279 2
0 0.605 0.405 0 2
0 0.605 0.415 0 2
0 0.605 0.425 0 2
0 0.605 0.435 0 2
0 0.605 0.445 0 2
0 0.605 0.455 0 2
0 0.605 0.465 0 2
0 0.615 -0.455 0 2
0 0.615 -0.445 0 2
0 0.615 -0.435 0 2
0 0.615 -0.425 0 2
0 0.615 -0.415 0 2
0 0.615 -0.405 0 2
0 0.615 -0.395 0.001229090874 2
0 0.615 -0.385 0.00199024485 2
0 0.615 -0.375 0.002833320397 2
0 0.615 -0.365 0.003577254067 2
0 0.615 -0.355 0.004279064672 2
0 0.615 -0.345 0.004918681729 2
0 0.615 -0.335 0.005501261798 2
0 0.615 -0.325 0.006023998101 2
0 0.615 -0.315 0.006486716852 2
0 0.615 -0.305 0.006888765352 2
0 0.615 -0.295 0.007230719866 2
0 0.615 -0.285 0.007514168009 2
0 0.615 -0.275 0.007741593567 2
0 0.615 -0.265 0.007915909143 2
0 0.615 -0.255 0.008040345924 2
0 0.615 -0.245 0.00811798961 2
0 0.615 -0.235 0.008151211116 2
0 0.615 -0.225 0.008141179657 2
0 0.615 -0.215 0.00808834195 2
0 0.615 -0.205 0.007992916203 2
0 0.615 -0.195 0.007855277461 2
0 0.615 -0.185 0.007676036098 2
0 0.615 -0.175 0.007456497852 2
0 0.615 -0.165 0.007198948485 2
0 0.615 -0.155 0.006906154921 2
0 0.615 -0.145 0.006580377628 2
0 0.615 -0.135 0.006223251442 2
0 0.615 -0.125 0.005837187085 2
0 0.615 -0.115 0.005426433997 2
0 0.615 -0.105 0.004995949365 2
0 0.615 -0.095 0.004548912489 2
0 0.615 -0.085 0.004085681697 2
0 0.615 -0.075 0.003605496443 2
0 0.615 -0.065 0.003108706215 2
0 0.615 -0.055 0.00259698615 2
0 0.615 -0.045 0.002072923679 2
0 0.615 -0.035 0.001539614618 2
0 0.615 -0.025 0.001000189409 2
0 0.615 -0.015 0.0004575395417 2
0 0.615 -0.005 -8.590654e-05 2
0 0.615 0.005 -0.0006283915033 2
0 0.615 0.015 -0.001168977786 2
0 0.615 0.025 -0.001707401467 2
0 0.615 0.035 -0.002243495465 2
0 0.615 0.045 -0.002776062507 2
0 0.615 0.055 -0.003301987747 2
0 0.615 0.065 -0.003816692147 2
0 0.615 0.075 -0.00431526767 2
0 0.615 0.085 -0.004794220504 2
0 0.615 0.095 -0.005251185075 2
0 0.615 0.105 -0.005681492099 2
0 0.615 0.115 -0.006083358232 2
0 0.615 0.125 -0.006462785717 2
0 0.615 0.135 -0.006819961516 2
0 0.615 0.145 -0.00714615871 2
0 0.615 0.155 -0.007434088372 2
0 0.615 0.165 -0.007684489183 2
0 0.615 0.175 -0.007904772097 2
0 0.615 0.185 -0.008094462982 2
0 0.615 0.195 -0.008253037041 2
0 0.615 0.205 -0.008376572345 2
0 0.615 0.215 -0.008461351961 2
0 0.615 0.225 -0.008503930539 2
0 0.615 0.235 -0.008501344595 2
0 0.615 0.245 -0.008451235634 2
0 0.615 0.255 -0.00835167094 2
0 0.615 0.265 -0.008200984613 2
0 0.615 0.275 -0.007997660131 2
0 0.615 0.285 -0.007740309495 2
0 0.615 0.295 -0.007427724254 2
0 0.615 0.305 -0.007058911453 2
0 0.615 0.315 -0.006633161024 2
0 0.615 0.325 -0.00614992419 2
0 0.615 0.335 -0.005609184133 2
0 0.615 0.345 -0.005010289597 2
0 0.615 0.355 -0.00435552836 2
0 0.615 0.365 -0.003639141376 2
0 0.615 0.375 -0.002881160011 2
0 0.615 0.385 -0.002023333144 2
0 0.615 0.395 -0.001249292471 2
0 0.615 0.405 0 2
0 0.615 0.415 0 2
0 0.615 0.425 0 2
0 0.615 0.435 0 2
0 0.615 0.445 0 2
0 0.615 0.455 0 2
0 0.615 0.465 0 2
0 0.625 -0.455 0 2
0 0.625 -0.445 0 2
0 0.625 -0.435 0 2
0 0.625 -0.425 0 2
0 0.625 -0.415 0 2
0 0.625 -0.405 0 2
0 0.625 -0.395 0.001218567294 2
0 0.625 -0.385 0.001972640713 2
0 0.625 -0.375 0.002807475278 2
0 0.625 -0.365 0.003543422638 2
0 0.625 -0.355 0.004236980682 2
0 0.625 -0.345 0.004868230947 2
0 0.625 -0.335 0.005442404691 2
0 0.625 -0.325 0.005956880238 2
0 0.625 -0.315 0.006411999694 2
0 0.625 -0.305 0.006807790975 2
0 0.625 -0.295 0.007145272073 2
0 0.625 -0.285 0.007426113625 2
0 0.625 -0.275 0.007652541382 2
0 0.625 -0.265 0.007826982529 2
0 0.625 -0.255 0.007951944549 2
0 0.625 -0.245 0.008029760727 2
0 0.625 -0.235 0.008062298557 2
0 0.625 -0.225 0.008050780689 2
0 0.625 -0.215 0.007995917045 2
0 0.625 -0.205 0.007898176261 2
0 0.625 -0.195 0.007758138366 2
0 0.625 -0.185 0.007576727268 2
0 0.625 -0.175 0.007355440569 2
0 0.625 -0.165 0.00709643089 2
0 0.625 -0.155 0.006802249246 2
0 0.625 -0.145 0.006475504615 2
0 0.625 -0.135 0.006118887411 2
0 0.625 -0.125 0.005735545835 2
0 0.625 -0.115 0.005329239202 2
0 0.625 -0.105 0.004903739911 2
0 0.625 -0.095 0.004461703501 2
0 0.625 -0.085 0.004004237066 2
0 0.625 -0.075 0.003531610498 2
0 0.625 -0.065 0.003044307143 2
0 0.625 -0.055 0.002543518099 2
0 0.625 -0.045 0.002031158624 2
0 0.625 -0.035 0.001509590719 2
0 0.625 -0.025 0.000981315016 2
0 0.625 -0.015 0.000448721533 2
0 0.625 -0.005 -8.610884088e-05 2
0 0.625 0.005 -0.000621529342 2
0 0.625 0.015 -0.001156340133 2
0 0.625 0.025 -0.001689600597 2
0 0.625 0.035 -0.002220179093 2
0 0.625 0.045 -0.002746127455 2
0 0.625 0.055 -0.003264346152 2
0 0.625 0.065 -0.003771113406 2
0 0.625 0.075 -0.00426253413 2
0 0.625 0.085 -0.00473447308 2
0 0.625 0.095 -0.005183238662 2
0 0.625 0.105 -0.005612858538 2
0 0.625 0.115 -0.006005301955 2
0 0.625 0.125 -0.006357673698 2
0 0.625 0.135 -0.006675278012 2
0 0.625 0.145 -0.006970474845 2
0 0.625 0.155 -0.007248394202 2
0 0.625 0.165 -0.007499908188 2
0 0.625 0.175 -0.007727525858 2
0 0.625 0.185 -0.007925703459 2
0 0.625 0.195 -0.008093708943 2
0 0.625 0.205 -0.008226613347 2
0 0.625 0.215 -0.008319978766 2
0 0.625 0.225 -0.008370577334 2
0 0.625 0.235 -0.008375561579 2
0 0.625 0.245 -0.008332719751 2
0 0.625 0.255 -0.008240189709 2
0 0.625 0.265 -0.008096382567 2
0 0.625 0.275 -0.007899876632 2
0 0.625 0.285 -0.007649390235 2
0 0.625 0.295 -0.007343796609 2
0 0.625 0.305 -0.006982139602 2
0 0.625 0.315 -0.006563699825 2
0 0.625 0.325 -0.006087890676 2
0 0.625 0.335 -0.005554643752 2
0 0.625 0.345 -0.00496326716 2
0 0.625 0.355 -0.004316000349 2
0 0.625 0.365 -0.003607120702 2
0 0.625 0.375 -0.002856515766 2
0 0.625 0.385 -0.002006429812 2
0 0.625 0.395 -0.001239107108 2
0 0.625 0.405 0 2
0 0.625 0.415 0 2
0 0.625 0.425 0 2
0 0.625 0.435 0 2
0 0.625 0.445 0 2
0 0.625 0.455 0 2
0 0.625 0.465 0 2
0 0.635 -0.455 0 2
0 0.635 -0.445 0 2
0 0.635 -0.435 0 2
0 0.635 -0.425 0 2
0 0.635 -0.415 0 2
0 0.635 -0.405 0 2
0 0.635 -0.395 0.001205148921 2
0 0.635 -0.385 0.001950239208 2
0 0.635 -0.375 0.002774669207 2
0 0.635 -0.365 0.003500651805 2
0 0.635 -0.355 0.004184078552 2
0 0.635 -0.345 0.004805290224 2
0 0.635 -0.335 0.00536960854 2
0 0.635 -0.325 0.005874701458 2
0 0.635 -0.315 0.006321258865 2
0 0.635 -0.305 0.006709644752 2
0 0.635 -0.295 0.007041078182 2
0 0.635 -0.285 0.007317217955 2
0 0.635 -0.275 0.007540111379 2
0 0.635 -0.265 0.007711935782 2
0 0.635 -0.255 0.007834841784 2
0 0.635 -0.245 0.007910771857 2
0 0.635 -0.235 0.007941314886 2
0 0.635 -0.225 0.00792763903 2
0 0.635 -0.215 0.00787058496 2
0 0.635 -0.205 0.007770857491 2
0 0.635 -0.195 0.007629269917 2
0 0.635 -0.185 0.007446954012 2
0 0.635 -0.175 0.007225529616 2
0 0.635 -0.165 0.006967153372 2
0 0.635 -0.155 0.006674400135 2
0 0.635 -0.145 0.006350090217 2
0 0.635 -0.135 0.005997233946 2
0 0.635 -0.125 0.005619081129 2
0 0.635 -0.115 0.005219032094 2
0 0.635 -0.105 0.004800235491 2
0 0.635 -0.095 0.004365048442 2
0 0.635 -0.085 0.00391485469 2
0 0.635 -0.075 0.003450420547 2
0 0.635 -0.065 0.002972472649 2
0 0.635 -0.055 0.002482067737 2
0 0.635 -0.045 0.001980695976 2
0 0.635 -0.035 0.001470181517 2
0 0.635 -0.025 0.0009525068366 2
0 0.635 -0.015 0.0004296376128 2
0 0.635 -0.005 -9.661132394e-05 2
0 0.635 0.005 -0.000624636789 2
0 0.635 0.015 -0.00115299568 2
0 0.635 0.025 -0.001680248779 2
0 0.635 0.035 -0.002204643912 2
0 0.635 0.045 -0.002723869665 2
0 0.635 0.055 -0.003234948839 2
0 0.635 0.065 -0.003734951506 2
0 0.635 0.075 -0.004219889129 2
0 0.635 0.085 -0.004690606701 2
0 0.635 0.095 -0.005137317152 2
0 0.635 0.105 -0.005564698674 2
0 0.635 0.115 -0.005938257679 2
0 0.635 0.125 -0.00624082371 1
0 0.635 0.135 -0.006488896528 1
0 0.635 0.145 -0.006724858712 1
0 0.635 0.155 -0.00699867272 2
0 0.635 0.165 -0.007262232953 2
0 0.635 0.175 -0.007507118236 2
0 0.635 0.185 -0.007724327005 2
0 0.635 0.195 -0.007905725721 2
0 0.635 0.205 -0.008050255368 2
0 0.635 0.215 -0.008153332664 2
0 0.635 0.225 -0.008212619877 2
0 0.635 0.235 -0.008225646619 2
0 0.635 0.245 -0.008190533201 2
0 0.635 0.255 -0.008105611128 2
0 0.635 0.265 -0.007969430201 2
0 0.635 0.275 -0.007780672702 2
0 0.635 0.285 -0.007538138536 2
0 0.635 0.295 -0.007240752997 2
0 0.635 0.305 -0.006887577244 2
0 0.635 0.315 -0.006477874553 2
0 0.635 0.325 -0.00601101613 2
0 0.635 0.335 -0.005486875176 2
0 0.635 0.345 -0.004904709719 2
0 0.635 0.355 -0.004266692331 2
0 0.635 0.365 -0.003567133608 2
0 0.635 0.375 -0.002825724639 2
0 0.635 0.385 -0.001985312183 2
0 0.635 0.395 -0.001226387415 2
0 0.635 0.405 0 2
0 0.635 0.415 0 2
0 0.635 0.425 0 2
0 0.635 0.435 0 2
0 0.635 0.445 0 2
0 0.635 0.455 0 2
0 0.635 0.465 0 2
0 0.645 -0.455 0 2
0 0.645 -0.445 0 2
0 0.645 -0.435 0 2
0 0.645 -0.425 0 2
0 0.645 -0.415 0 2
0 0.645 -0.405 0 2
0 0.645 -0.395 0.001188780996 2
0 0.645 -0.385 0.001922949961 2
0 0.645 -0.375 0.00273476356 2
0 0.645 -0.365 0.003448737655 2
0 0.645 -0.355 0.004120047664 2
0 0.645 -0.345 0.004729369387 2
0 0.645 -0.335 0.005282102519 2
0 0.645 -0.325 0.005776163583 2
0 0.645 -0.315 0.006212497426 2
0 0.645 -0.305 0.006591708586 2
0 0.645 -0.295 0.006915157767 2
0 0.645 -0.285 0.007184520438 2
0 0.645 -0.275 0.00740175443 2
0 0.645 -0.265 0.007568884985 2
0 0.645 -0.255 0.007687860993 2
0 0.645 -0.245 0.007760418399 2
0 0.645 -0.235 0.007787996488 2
0 0.645 -0.225 0.007771725219 2
0 0.645 -0.215 0.007712515524 2
0 0.645 -0.205 0.007611223549 2
0 0.645 -0.195 0.007468849494 2
0 0.645 -0.185 0.007286713667 2
0 0.645 -0.175 0.007066575874 2
0 0.645 -0.165 0.006810658696 2
0 0.645 -0.155 0.006521569716 2
0 0.645 -0.145 0.006202177794 2
0 0.645 -0.135 0.005855512936 2
0 0.645 -0.125 0.00548468692 2
0 0.645 -0.115 0.005092748251 2
0 0.645 -0.105 0.004682428659 2
0 0.645 -0.095 0.004255879592 2
0 0.645 -0.085 0.003814598743 2
0 0.645 -0.075 0.003359618575 2
0 0.645 -0.065 0.002891827144 2
0 0.645 -0.055 0.002412223982 2
0 0.645 -0.045 0.001922039719 2
0 0.645 -0.035 0.001422726375 2
0 0.645 -0.025 0.0009158744736 2
0 0.645 -0.015 0.0004031149256 2
0 0.645 -0.005 -0.0001139515245 2
0 0.645 0.005 -0.0006337658212 2
0 0.645 0.015 -0.001154739989 2
0 0.645 0.025 -0.001675154778 2
0 0.645 0.035 -0.002192907314 2
0 0.645 0.045 -0.002705775813 2
0 0.645 0.055 -0.00321101733 2
0 0.645 0.065 -0.003705403059 2
0 0.645 0.075 -0.004190322867 2
0 0.645 0.085 -0.004670868633 2
0 0.645 0.095 -0.005117147716 2
0 0.645 0.105 -0.005493833959 1
0 0.645 0.115 -0.005786189505 1
0 0.645 0.125 -0.00604958498 1
0 0.645 0.135 -0.006299184938 1
0 0.645 0.145 -0.006530083584 1
0 0.645 0.155 -0.00676243456 1
0 0.645 0.165 -0.007014186418 2
0 0.645 0.175 -0.007265225544 2
0 0.645 0.185 -0.007503534465 2
0 0.645 0.195 -0.007697426349 2
0 0.645 0.205 -0.007852820919 2
0 0.645 0.215 -0.0079648293 2
0 0.645 0.225 -0.008032177616 2
0 0.645 0.235 -0.008052832053 2
0 0.645 0.245 -0.008025281946 2
0 0.645 0.255 -0.007948078933 2
0 0.645 0.265 -0.007819916935 2
0 0.645 0.275 -0.007639568061 2
0 0.645 0.285 -0.007405885333 2
0 0.645 0.295 -0.007117814208 2
0 0.645 0.305 -0.006774404406 2
0 0.645 0.315 -0.006374878271 2
0 0.645 0.325 -0.005918544811 2
0 0.645 0.335 -0.005405198841 2
0 0.645 0.345 -0.004834028958 2
0 0.645 0.355 -0.004207114759 2
0 0.645 0.365 -0.003518791911 2
0 0.645 0.375 -0.002788496602 2
0 0.645 0.385 -0.001959787876 2
0 0.645 0.395 -0.001211021383 2
0 0.645 0.405 0 2
0 0.645 0.415 0 2
0 0.645 0.425 0 2
0 0.645 0.435 0 2
0 0.645 0.445 0 2
0 0.645 0.455 0 2
0 0.645 0.465 0 2
0 0.655 -0.455 0 2
0 0.655 -0.445 0 2
0 0.655 -0.435 0 2
0 0.655 -0.425 0 2
0 0.655 -0.415 0 2
0 0.655 -0.405 0 2
0 0.655 -0.395 0.001169359749 2
0 0.655 -0.385 0.001890587298 2
0 0.655 -0.375 0.002687464277 2
0 0.655 -0.365 0.003387257723 2
0 0.655 -0.355 0.004044301939 2
0 0.655 -0.345 0.004639667599 2
0 0.655 -0.335 0.005178811843 2
0 0.655 -0.325 0.005659873732 2
0 0.655 -0.315 0.00608399718 2
0 0.655 -0.305 0.006451980809 2
0 0.655 -0.295 0.006765321935 2
0 0.655 -0.285 0.007025765736 2
0 0.655 -0.275 0.007235276278 2
0 0.655 -0.265 0.007395837123 2
0 0.655 -0.255 0.007509317287 2
0 0.655 -0.245 0.007577355849 2
0 0.655 -0.235 0.007601308347 2
0 0.655 -0.225 0.007582265184 2
0 0.655 -0.215 0.007521153322 2
0 0.655 -0.205 0.007418899423 2
0 0.655 -0.195 0.007276615617 2
0 0.655 -0.185 0.007095755489 2
0 0.655 -0.175 0.006878201 2
0 0.655 -0.165 0.006626257243 2
0 0.655 -0.155 0.006342564452 2
0 0.655 -0.145 0.006029968934 2
0 0.655 -0.135 0.005691397151 2
0 0.655 -0.125 0.005329741048 2
0 0.655 -0.115 0.004947728011 2
0 0.655 -0.105 0.00454776714 2
0 0.655 -0.095 0.004131819693 2
0 0.655 -0.085 0.003701376323 2
0 0.655 -0.075 0.003257568856 2
0 0.655 -0.065 0.002801358551 2
0 0.655 -0.055 0.002333707417 2
0 0.655 -0.045 0.001855681317 2
0 0.655 -0.035 0.001368476474 2
0 0.655 -0.025 0.0008733942512 2
0 0.655 -0.015 0.0003718016468 2
0 0.655 -0.005 -0.0001348938029 2
0 0.655 0.005 -0.0006452198379 2
0 0.655 0.015 -0.001157574733 2
0 0.655 0.025 -0.001670137673 2
0 0.655 0.035 -0.002180679246 2
0 0.655 0.045 -0.002687359162 2
0 0.655 0.055 -0.003187646077 2
0 0.655 0.065 -0.003682691998 2
0 0.655 0.075 -0.004169285759 2
0 0.655 0.085 -0.004633693283 2
0 0.655 0.095 -0.005024406231 1
0 0.655 0.105 -0.005327104191 1
0 0.655 0.115 -0.00559823023 1
0 0.655 0.125 -0.00585591599 1
0 0.655 0.135 -0.006103830471 1
0 0.655 0.145 -0.006330523287 1
0 0.655 0.155 -0.006553619936 1
0 0.655 0.165 -0.006792764152 2
0 0.655 0.175 -0.007035485023 2
0 0.655 0.185 -0.007277868587 2
0 0.655 0.195 -0.007477428036 2
0 0.655 0.205 -0.007639265548 2
0 0.655 0.215 -0.007757387571 2
0 0.655 0.225 -0.007830853384 2
0 0.655 0.235 -0.007857850271 2
0 0.655 0.245 -0.007837097928 2
0 0.655 0.255 -0.007767299012 2
0 0.655 0.265 -0.007647240623 2
0 0.655 0.275 -0.007475741531 2
0 0.655 0.285 -0.00725166574 2
0 0.655 0.295 -0.006973938712 2
0 0.655 0.305 -0.006641561916 2
0 0.655 0.315 -0.006253683569 2
0 0.655 0.325 -0.005809519849 2
0 0.655 0.335 -0.005308756557 2
0 0.655 0.345 -0.004750483888 2
0 0.655 0.355 -0.004136653615 2
0 0.655 0.365 -0.003461611812 2
0 0.655 0.375 -0.002744473423 2
0 0.655 0.385 -0.001929621928 2
0 0.655 0.395 -0.001192874203 2
0 0.655 0.405 0 2
0 0.655 0.415 0 2
0 0.655 0.425 0 2
0 0.655 0.435 0 2
0 0.655 0.445 0 2
0 0.655 0.455 0 2
0 0.655 0.465 0 2
0 0.665 -0.455 0 2
0 0.665 -0.445 0 2
0 0.665 -0.435 0 2
0 0.665 -0.425 0 2
0 0.665 -0.415 0 2
0 0.665 -0.405 0 2
0 0.665 -0.395 0.001146730425 2
0 0.665 -0.385 0.001852868982 2
0 0.665 -0.375 0.002632324364 2
0 0.665 -0.365 0.003315582224 2
0 0.665 -0.355 0.003956000259 2
0 0.665 -0.345 0.00453510031 2
0 0.665 -0.335 0.005058375054 2
0 0.665 -0.325 0.005524174118 2
0 0.665 -0.315 0.005933819059 2
0 0.665 -0.305 0.006288299903 2
0 0.665 -0.295 0.006589280065 2
0 0.665 -0.285 0.006838639333 2
0 0.665 -0.275 0.007038436528 2
0 0.665 -0.265 0.007190709049 2
0 0.665 -0.255 0.007297337041 2
0 0.665 -0.245 0.007359932885 2
0 0.665 -0.235 0.007379799499 2
0 0.665 -0.225 0.007357967033 2
0 0.665 -0.215 0.007295314127 2
0 0.665 -0.205 0.007192752655 2
0 0.665 -0.195 0.007051429474 2
0 0.665 -0.185 0.006872883062 2
0 0.665 -0.175 0.006659106828 2
0 0.665 -0.165 0.00641250292 2
0 0.665 -0.155 0.006135751675 2
0 0.665 -0.145 0.005831649404 2
0 0.665 -0.135 0.005502965066 2
0 0.665 -0.125 0.005152332322 2
0 0.665 -0.115 0.00478216287 2
0 0.665 -0.105 0.004394569522 2
0 0.665 -0.095 0.003991313215 2
0 0.665 -0.085 0.003573806115 2
0 0.665 -0.075 0.003143182558 2
0 0.665 -0.065 0.002700412963 2
0 0.665 -0.055 0.002246416517 2
0 0.665 -0.045 0.001782141319 2
0 0.665 -0.035 0.001308602235 2
0 0.665 -0.025 0.0008268856977 2
0 0.665 -0.015 0.0003381456177 2
0 0.665 -0.005 -0.0001563963851 2
0 0.665 0.005 -0.0006554016277 2
0 0.665 0.015 -0.001157375629 2
0 0.665 0.025 -0.001660505598 2
0 0.665 0.035 -0.002162647267 2
0 0.665 0.045 -0.002661853674 2
0 0.665 0.055 -0.003153782312 2
0 0.665 0.065 -0.003651853769 2
0 0.665 0.075 -0.004126586652 2
0 0.665 0.085 -0.004534741817 1
0 0.665 0.095 -0.004853178784 1
0 0.665 0.105 -0.005132405601 1
0 0.665 0.115 -0.005402203245 1
0 0.665 0.125 -0.005656228192 1
0 0.665 0.135 -0.005896111449 1
0 0.665 0.145 -0.006114391868 1
0 0.665 0.155 -0.006334288303 1
0 0.665 0.165 -0.006571401175 2
0 0.665 0.175 -0.006809731095 2
0 0.665 0.185 -0.007048799655 2
0 0.665 0.195 -0.007248372926 2
0 0.665 0.205 -0.007411522371 2
0 0.665 0.215 -0.007532073205 2
0 0.665 0.225 -0.007608964064 2
0 0.665 0.235 -0.007640458632 2
0 0.665 0.245 -0.007625333168 2
0 0.665 0.255 -0.007562333115 2
0 0.665 0.265 -0.007450257262 2
0 0.665 0.275 -0.007287909593 2
0 0.665 0.285 -0.007074113917 2
0 0.665 0.295 -0.006807730983 2
0 0.665 0.305 -0.00648767343 2
0 0.665 0.315 -0.006112977159 2
0 0.665 0.325 -0.005682728284 2
0 0.665 0.335 -0.005196465071 2
0 0.665 0.345 -0.004653141826 2
0 0.665 0.355 -0.004054538464 2
0 0.665 0.365 -0.003394989017 2
0 0.665 0.375 -0.002693210649 2
0 0.665 0.385 -0.001894525416 2
0 0.665 0.395 -0.001171782098 2
0 0.665 0.405 0 2
0 0.665 0.415 0 2
0 0.665 0.425 0 2
0 0.665 0.435 0 2
0 0.665 0.445 0 2
0 0.665 0.455 0 2
0 0.665 0.465 0 2
0 0.675 -0.455 0 2
0 0.675 -0.445 0 2
0 0.675 -0.435 0 2
0 0.675 -0.425 0 2
0 0.675 -0.415 0 2
0 0.675 -0.405 0 2
0 0.675 -0.395 0.001120685258 2
0 0.675 -0.385 0.001809413525 2
0 0.675 -0.375 0.002568742342 2
0 0.675 -0.365 0.003232877928 2
0 0.675 -0.355 0.003854061967 2
0 0.675 -0.345 0.004414332769 2
0 0.675 -0.335 0.004919202569 2
0 0.675 -0.325 0.005367229974 2
0 0.675 -0.315 0.005759908246 2
0 0.675 -0.305 0.006098434048 2
0 0.675 -0.295 0.006384680399 2
0 0.675 -0.285 0.006620733267 2
0 0.675 -0.275 0.006808833981 2
0 0.675 -0.265 0.00695116258 2
0 0.675 -0.255 0.007049687432 2
0 0.675 -0.245 0.007106046014 2
0 0.675 -0.235 0.007121501308 2
0 0.675 -0.225 0.007096987526 2
0 0.675 -0.215 0.007033255809 2
0 0.675 -0.205 0.006931103844 2
0 0.675 -0.195 0.006791628383 2
0 0.675 -0.185 0.006616409792 2
0 0.675 -0.175 0.00640755844 2
0 0.675 -0.165 0.006167608141 2
0 0.675 -0.155 0.005899308155 2
0 0.675 -0.145 0.005605400661 2
0 0.675 -0.135 0.00528846281 2
0 0.675 -0.125 0.004950832418 2
0 0.675 -0.115 0.004594586181 2
0 0.675 -0.105 0.004221534163 2
0 0.675 -0.095 0.00383321841 2
0 0.675 -0.085 0.003430928617 2
0 0.675 -0.075 0.003015745957 2
0 0.675 -0.065 0.002588610304 2
0 0.675 -0.055 0.002150391994 2
0 0.675 -0.045 0.001701950176 2
0 0.675 -0.035 0.001244169622 2
0 0.675 -0.025 0.0007779774512 2
0 0.675 -0.015 0.0003043563909 2
0 0.675 -0.005 -0.0001756462377 2
0 0.675 0.005 -0.0006608517915 2
0 0.675 0.015 -0.001149954491 2
0 0.675 0.025 -0.001641195215 2
0 0.675 0.035 -0.002132764565 2
0 0.675 0.045 -0.002621336683 2
0 0.675 0.055 -0.003103212415 2
0 0.675 0.065 -0.003578326068 2
0 0.675 0.075 -0.0040133114 2
0 0.675 0.085 -0.004377178322 1
0 0.675 0.095 -0.004666322384 1
0 0.675 0.105 -0.004932161901 1
0 0.675 0.115 -0.005192562084 1
0 0.675 0.125 -0.005438845066 1
0 0.675 0.135 -0.005675467761 1
0 0.675 0.145 -0.005891081768 1
0 0.675 0.155 -0.00610574754 1
0 0.675 0.165 -0.006341013498 2
0 0.675 0.175 -0.006579963239 2
0 0.675 0.185 -0.006813759012 2
0 0.675 0.195 -0.007009005074 2
0 0.675 0.205 -0.007168631714 2
0 0.675 0.215 -0.007287827039 2
0 0.675 0.225 -0.007365266778 2
0 0.675 0.235 -0.007399232303 2
0 0.675 0.245 -0.00738841121 2
0 0.675 0.255 -0.007331487498 2
0 0.675 0.265 -0.007227189465 2
0 0.675 0.275 -0.00707424457 2
0 0.675 0.285 -0.006871386773 2
0 0.675 0.295 -0.006617369688 2
0 0.675 0.305 -0.006310978172 2
0 0.675 0.315 -0.005951097442 2
0 0.675 0.325 -0.005536643846 2
0 0.675 0.335 -0.005066964576 2
0 0.675 0.345 -0.004540833385 2
0 0.675 0.355 -0.003959804748 2
0 0.675 0.365 -0.003318169071 2
0 0.675 0.375 -0.002634156077 2
0 0.675 0.385 -0.001854141903 2
0 0.675 0.395 -0.001147545031 2
0 0.675 0.405 0 2
0 0.675 0.415 0 2
0 0.675 0.425 0 2
0 0.675 0.435 0 2
0 0.675 0.445 0 2
0 0.675 0.455 0 2
0 0.675 0.465 0 2
0 0.685 -0.455 0 2
0 0.685 -0.445 0 2
0 0.685 -0.435 0 2
0 0.685 -0.425 0 2
0 0.685 -0.415 0 2
0 0.685 -0.405 0 2
0 0.685 -0.395 0.001090960027 2
0 0.685 -0.385 0.001759732402 2
0 0.685 -0.375 0.002495948861 2
0 0.685 -0.365 0.003138089253 2
0 0.685 -0.355 0.003737142817 2
0 0.685 -0.345 0.004275746755 2
0 0.685 -0.335 0.004759423992 2
0 0.685 -0.325 0.00518694597 2
0 0.685 -0.315 0.005559976336 2
0 0.685 -0.305 0.005879940205 2
0 0.685 -0.295 0.006148970246 2
0 0.685 -0.285 0.00636943296 2
0 0.685 -0.275 0.006543836586 2
0 0.685 -0.265 0.006674584312 2
0 0.685 -0.255 0.006763799032 2
0 0.685 -0.245 0.006813185719 2
0 0.685 -0.235 0.006823974387 2
0 0.685 -0.225 0.006796962662 2
0 0.685 -0.215 0.006732683652 2
0 0.685 -0.205 0.006631706948 2
0 0.685 -0.195 0.006494988266 2
0 0.685 -0.185 0.006324118197 2
0 0.685 -0.175 0.006121357218 2
0 0.685 -0.165 0.005889436658 2
0 0.685 -0.155 0.005631223025 2
0 0.685 -0.145 0.005349398369 2
0 0.685 -0.135 0.005046293047 2
0 0.685 -0.125 0.004723881364 2
0 0.685 -0.115 0.004383857202 2
0 0.685 -0.105 0.004027705962 2
0 0.685 -0.095 0.003656738496 2
0 0.685 -0.085 0.003272104925 2
0 0.685 -0.075 0.002874811168 2
0 0.685 -0.065 0.0024657507 2
0 0.685 -0.055 0.00204574673 2
0 0.685 -0.045 0.001615592992 2
0 0.685 -0.035 0.001176085164 2
0 0.685 -0.025 0.0007280397454 2
0 0.685 -0.015 0.0002723129605 2
0 0.685 -0.005 -0.0001901930215 2
0 0.685 0.005 -0.0006584555295 2
0 0.685 0.015 -0.001131401057 2
0 0.685 0.025 -0.001607407431 2
0 0.685 0.035 -0.002085487948 2
0 0.685 0.045 -0.002560960766 2
0 0.685 0.055 -0.003039989115 2
0 0.685 0.065 -0.003485914047 2
0 0.685 0.075 -0.003865518443 1
0 0.685 0.085 -0.004174159008 1
0 0.685 0.095 -0.004449216138 1
0 0.685 0.105 -0.004713889247 1
0 0.685 0.115 -0.004965270248 1
0 0.685 0.125 -0.005204538731 1
0 0.685 0.135 -0.005434387601 1
0 0.685 0.145 -0.005649460013 1
0 0.685 0.155 -0.005863675826 1
0 0.685 0.165 -0.006105063207 2
0 0.685 0.175 -0.006347564966 2
0 0.685 0.185 -0.006568692637 2
0 0.685 0.195 -0.006755092574 2
0 0.685 0.205 -0.006906998083 2
0 0.685 0.215 -0.007021504812 2
0 0.685 0.225 -0.007096929955 2
0 0.685 0.235 -0.00713151896 2
0 0.685 0.245 -0.007123781333 2
0 0.685 0.255 -0.007072269088 2
0 0.685 0.265 -0.006975582435 2
0 0.685 0.275 -0.006832327736 2
0 0.685 0.285 -0.006641112784 2
0 0.685 0.295 -0.00640055221 2
0 0.685 0.305 -0.006109272204 2
0 0.685 0.315 -0.005765974146 2
0 0.685 0.325 -0.005369366833 2
0 0.685 0.335 -0.004918560989 2
0 0.685 0.345 -0.004412099526 2
0 0.685 0.355 -0.00385124797 2
0 0.685 0.365 -0.003230210569 2
0 0.685 0.375 -0.00256662285 2
0 0.685 0.385 -0.001808030558 2
0 0.685 0.395 -0.00111991771 2
0 0.685 0.405 0 2
0 0.685 0.415 0 2
0 0.685 0.425 0 2
0 0.685 0.435 0 2
0 0.685 0.445 0 2
0 0.685 0.455 0 2
0 0.685 0.465 0 2
0 0.695 -0.455 0 2
0 0.695 -0.445 0 2
0 0.695 -0.435 0 2
0 0.695 -0.425 0 2
0 0.695 -0.415 0 2
0 0.695 -0.405 0 2
0 0.695 -0.395 0.001057229172 2
0 0.695 -0.385 0.001703217147 2
0 0.695 -0.375 0.002412981965 2
0 0.695 -0.365 0.003029900202 2
0 0.695 -0.355 0.003603584653 2
0 0.695 -0.345 0.004117381513 2
0 0.695 -0.335 0.004576823969 2
0 0.695 -0.325 0.004980898466 2
0 0.695 -0.315 0.005331430427 2
0 0.695 -0.305 0.005630092674 2
0 0.695 -0.295 0.005879330761 2
0 0.695 -0.285 0.006081868225 2
0 0.695 -0.275 0.00624055806 2
0 0.695 -0.265 0.006358088839 2
0 0.695 -0.255 0.006436784475 2
0 0.695 -0.245 0.006478454487 2
0 0.695 -0.235 0.006484315637 2
0 0.695 -0.225 0.006455007681 2
0 0.695 -0.215 0.006390755675 2
0 0.695 -0.205 0.006291763697 2
0 0.695 -0.195 0.006158736806 2
0 0.695 -0.185 0.005993258905 2
0 0.695 -0.175 0.00579782077 2
0 0.695 -0.165 0.005575470357 2
0 0.695 -0.155 0.005329265241 2
0 0.695 -0.145 0.00506178708 2
0 0.695 -0.135 0.004774990772 2
0 0.695 -0.125 0.004470354091 2
0 0.695 -0.115 0.004149109433 2
0 0.695 -0.105 0.003812401943 2
0 0.695 -0.095 0.003461327547 2
0 0.695 -0.085 0.003096913389 2
0 0.695 -0.075 0.002720096332 2
0 0.695 -0.065 0.002331726883 2
0 0.695 -0.055 0.001932591536 2
0 0.695 -0.045 0.001523442784 2
0 0.695 -0.035 0.001105025954 2
0 0.695 -0.025 0.000678096585 2
0 0.695 -0.015 0.000243439748 2
0 0.695 -0.005 -0.0001981293348 2
0 0.695 0.005 -0.0006456836749 2
0 0.695 0.015 -0.001098300225 2
0 0.695 0.025 -0.001554364717 2
0 0.695 0.035 -0.002013282938 2
0 0.695 0.045 -0.002468352358 2
0 0.695 0.055 -0.002928519483 2
0 0.695 0.065 -0.003338185664 2
0 0.695 0.075 -0.003684852078 1
0 0.695 0.085 -0.003970299775 1
0 0.695 0.095 -0.004225516424 1
0 0.695 0.105 -0.004480460539 1
0 0.695 0.115 -0.004721037182 1
0 0.695 0.125 -0.004952409296 1
0 0.695 0.135 -0.005168253851 1
0 0.695 0.145 -0.005377676304 1
0 0.695 0.155 -0.00561864827 2
0 0.695 0.165 -0.005871004593 2
0 0.695 0.175 -0.006107398328 2
0 0.695 0.185 -0.006306940927 2
0 0.695 0.195 -0.006479888623 2
0 0.695 0.205 -0.006620938783 2
0 0.695 0.215 -0.006728287574 2
0 0.695 0.225 -0.006799789532 2
0 0.695 0.235 -0.006833592306 2
0 0.695 0.245 -0.006828006532 2
0 0.695 0.255 -0.006781431194 2
0 0.695 0.265 -0.006692320347 2
0 0.695 0.275 -0.006559143613 2
0 0.695 0.285 -0.006380368594 2
0 0.695 0.295 -0.00615445674 2
0 0.695 0.305 -0.005879858752 2
0 0.695 0.315 -0.005555069622 2
0 0.695 0.325 -0.005178559532 2
0 0.695 0.335 -0.004749159202 2
0 0.695 0.345 -0.004265126906 2
0 0.695 0.355 -0.003727365457 2
0 0.695 0.365 -0.003129937121 2
0 0.695 0.375 -0.002489753718 2
0 0.695 0.385 -0.001755643531 2
0 0.695 0.395 -0.001088597511 2
0 0.695 0.405 0 2
0 0.695 0.415 0 2
0 0.695 0.425 0 2
0 0.695 0.435 0 2
0 0.695 0.445 0 2
0 0.695 0.455 0 2
0 0.695 0.465 0 2
0 0.705 -0.455 0 2
0 0.705 -0.445 0 2
0 0.705 -0.435 0 2
0 0.705 -0.425 0 2
0 0.705 -0.415 0 2
0 0.705 -0.405 0 2
0 0.705 -0.395 0.00101910218 2
0 0.705 -0.385 0.001639125492 2
0 0.705 -0.375 0.002318655134 2
0 0.705 -0.365 0.002906677461 2
0 0.705 -0.355 0.003451330356 2
0 0.705 -0.345 0.003936823258 2
0 0.705 -0.335 0.004368713967 2
0 0.705 -0.325 0.004746199862 2
0 0.705 -0.315 0.00507124214 2
0 0.705 -0.305 0.005345772559 2
0 0.705 -0.295 0.005572606015 2
0 0.705 -0.285 0.005754899805 2
0 0.705 -0.275 0.005895908549 2
0 0.705 -0.265 0.005998625078 2
0 0.705 -0.255 0.006065580989 2
0 0.705 -0.245 0.006098711647 2
0 0.705 -0.235 0.006099248482 2
0 0.705 -0.225 0.006067690006 2
0 0.705 -0.215 0.006003909059 2
0 0.705 -0.205 0.005907634722 2
0 0.705 -0.195 0.005779251267 2
0 0.705 -0.185 0.005620370403 2
0 0.705 -0.175 0.005433802431 2
0 0.705 -0.165 0.00522300451 2
0 0.705 -0.155 0.00499126743 2
0 0.705 -0.145 0.004740956169 2
0 0.705 -0.135 0.004473425466 2
0 0.705 -0.125 0.0041894752 2
0 0.705 -0.115 0.003889796237 2
0 0.705 -0.105 0.003575207591 2
0 0.705 -0.095 0.003246652072 2
0 0.705 -0.085 0.002905089746 2
0 0.705 -0.075 0.002551417537 2
0 0.705 -0.065 0.002186456742 2
0 0.705 -0.055 0.001810971901 2
0 0.705 -0.045 0.001425699176 2
0 0.705 -0.035 0.00103137193 2
0 0.705 -0.025 0.0006287357833 2
0 0.705 -0.015 0.0002185665949 2
0 0.705 -0.005 -0.0001983336697 2
0 0.705 0.005 -0.0006210534524 2
0 0.705 0.015 -0.001048715679 2
0 0.705 0.025 -0.001479680544 2
0 0.705 0.035 -0.001913526001 2
0 0.705 0.045 -0.002342612836 2
0 0.705 0.055 -0.002775441159 2
0 0.705 0.065 -0.00315531597 2
0 0.705 0.075 -0.003480051543 1
0 0.705 0.085 -0.003750283077 1
0 0.705 0.095 -0.003989421388 1
0 0.705 0.105 -0.004229935301 1
0 0.705 0.115 -0.004460702498 1
0 0.705 0.125 -0.004683758585 1
0 0.705 0.135 -0.004891226618 1
0 0.705 0.145 -0.005102646372 1
0 0.705 0.155 -0.005354187479 2
0 0.705 0.165 -0.005605939735 2
0 0.705 0.175 -0.005829458509 2
0 0.705 0.185 -0.006014789192 2
0 0.705 0.195 -0.006173703945 2
0 0.705 0.205 -0.006303157951 2
0 0.705 0.215 -0.006402206955 2
0 0.705 0.225 -0.006468744421 2
0 0.705 0.235 -0.006500922142 2
0 0.705 0.245 -0.006496939012 2
0 0.705 0.255 -0.006455082658 2
0 0.705 0.265 -0.00637368836 2
0 0.705 0.275 -0.006251106884 2
0 0.705 0.285 -0.006085678188 2
0 0.705 0.295 -0.005875718365 2
0 0.705 0.305 -0.005619504607 2
0 0.705 0.315 -0.005315318753 2
0 0.705 0.325 -0.004961373418 2
0 0.705 0.335 -0.004556182532 2
0 0.705 0.345 -0.004097665812 2
0 0.705 0.355 -0.003586279678 2
0 0.705 0.365 -0.003015872559 2
0 0.705 0.375 -0.002402472345 2
0 0.705 0.385 -0.001696295368 2
0 0.705 0.395 -0.001053208552 2
0 0.705 0.405 0 2
0 0.705 0.415 0 2
0 0.705 0.425 0 2
0 0.705 0.435 0 2
0 0.705 0.445 0 2
0 0.705 0.455 0 2
0 0.705 0.465 0 2
0 0.715 -0.455 0 2
0 0.715 -0.445 0 2
0 0.715 -0.435 0 2
0 0.715 -0.425 0 2
0 0.715 -0.415 0 2
0 0.715 -0.405 0 2
0 0.715 -0.395 0.0009761214082 2
0 0.715 -0.385 0.001566569088 2
0 0.715 -0.375 0.002211521863 2
0 0.715 -0.365 0.002766399863 2
0 0.715 -0.355 0.003277816629 2
0 0.715 -0.345 0.003731072721 2
0 0.715 -0.335 0.004131789614 2
0 0.715 -0.325 0.004479352467 2
0 0.715 -0.315 0.004775794008 2
0 0.715 -0.305 0.005023308853 2
0 0.715 -0.295 0.005225165437 2
0 0.715 -0.285 0.005385049605 2
0 0.715 -0.275 0.005506635491 2
0 0.715 -0.265 0.005593148184 2
0 0.715 -0.255 0.005647229569 2
0 0.715 -0.245 0.005670789662 2
0 0.715 -0.235 0.005665142394 2
0 0.715 -0.225 0.005630938754 2
0 0.715 -0.215 0.005567739886 2
0 0.715 -0.205 0.005474699736 2
0 0.715 -0.195 0.005351839504 2
0 0.715 -0.185 0.005200763434 2
0 0.715 -0.175 0.005024859114 2
0 0.715 -0.165 0.00482829449 2
0 0.715 -0.155 0.004614542105 2
0 0.715 -0.145 0.0043853409 2
0 0.715 -0.135 0.004140902928 2
0 0.715 -0.125 0.003880983928 2
0 0.715 -0.115 0.003605768234 2
0 0.715 -0.105 0.003315987257 2
0 0.715 -0.095 0.003012566569 2
0 0.715 -0.085 0.002696487527 2
0 0.715 -0.075 0.002368644242 2
0 0.715 -0.065 0.002029838536 2
0 0.715 -0.055 0.001680825148 2
0 0.715 -0.045 0.001322347254 2
0 0.715 -0.035 0.0009551628078 2
0 0.715 -0.025 0.0005800560569 2
0 0.715 -0.015 0.0001978538131 2
0 0.715 -0.005 -0.0001905800652 2
0 0.715 0.005 -0.0005842664307 2
0 0.715 0.015 -0.0009822645576 2
0 0.715 0.025 -0.001382934198 2
0 0.715 0.035 -0.00178590764 2
0 0.715 0.045 -0.002184483822 2
0 0.715 0.055 -0.002588130539 2
0 0.715 0.065 -0.002945115646 2
0 0.715 0.075 -0.003249059956 1
0 0.715 0.085 -0.003503770034 1
0 0.715 0.095 -0.003733933975 1
0 0.715 0.105 -0.00396330183 1
0 0.715 0.115 -0.004180475 1
0 0.715 0.125 -0.004387903045 1
0 0.715 0.135 -0.004593423271 1
0 0.715 0.145 -0.004837379298 2
0 0.715 0.155 -0.005092185495 2
0 0.715 0.165 -0.005319517071 2
0 0.715 0.175 -0.005514701912 2
0 0.715 0.185 -0.005685080829 2
0 0.715 0.195 -0.00582910522 2
0 0.715 0.205 -0.005946799863 2
0 0.715 0.215 -0.006037156914 2
0 0.715 0.225 -0.006098329357 2
0 0.715 0.235 -0.006128530868 2
0 0.715 0.245 -0.006125951319 2
0 0.715 0.255 -0.006088838585 2
0 0.715 0.265 -0.006015467397 2
0 0.715 0.275 -0.005904115166 2
0 0.715 0.285 -0.005753031607 2
0 0.715 0.295 -0.005560418203 2
0 0.715 0.305 -0.00532440237 2
0 0.715 0.315 -0.005043066608 2
0 0.715 0.325 -0.00471436543 2
0 0.715 0.335 -0.004336472839 2
0 0.715 0.345 -0.003906922001 2
0 0.715 0.355 -0.00342563187 2
0 0.715 0.365 -0.002886147125 2
0 0.715 0.375 -0.002303410203 2
0 0.715 0.385 -0.001629115434 2
0 0.715 0.395 -0.001013275918 2
0 0.715 0.405 0 2
0 0.715 0.415 0 2
0 0.715 0.425 0 2
0 0.715 0.435 0 2
0 0.715 0.445 0 2
0 0.715 0.455 0 2
0 0.715 0.465 0 2
0 0.725 -0.455 0 2
0 0.725 -0.445 0 2
0 0.725 -0.435 0 2
0 0.725 -0.425 0 2
0 0.725 -0.415 0 2
0 0.725 -0.405 0 2
0 0.725 -0.395 0.0009277730452 2
0 0.725 -0.385 0.001484522252 2
0 0.725 -0.375 0.002089869068 2
0 0.725 -0.365 0.00260661669 2
0 0.725 -0.355 0.00307986679 2
0 0.725 -0.345 0.003496338122 2
0 0.725 -0.335 0.003861812632 2
0 0.725 -0.325 0.004175858422 2
0 0.725 -0.315 0.004440506937 2
0 0.725 -0.305 0.004658236141 2
0 0.725 -0.295 0.004832872052 2
0 0.725 -0.285 0.004968683782 2
0 0.725 -0.275 0.005069669276 2
0 0.725 -0.265 0.005139086024 2
0 0.725 -0.255 0.005179375984 2
0 0.725 -0.245 0.0051921574 2
0 0.725 -0.235 0.005178952758 2
0 0.725 -0.225 0.005140766868 2
0 0.725 -0.215 0.005076798523 2
0 0.725 -0.205 0.004986200154 2
0 0.725 -0.195 0.004869709854 2
0 0.725 -0.185 0.004729099669 2
0 0.725 -0.175 0.004567834737 2
0 0.725 -0.165 0.004390147038 2
0 0.725 -0.155 0.004198928216 2
0 0.725 -0.145 0.003995122319 2
0 0.725 -0.135 0.003777762427 2
0 0.725 -0.125 0.003545252632 2
0 0.725 -0.115 0.003297278093 2
0 0.725 -0.105 0.003034802607 2
0 0.725 -0.095 0.00275902434 2
0 0.725 -0.085 0.002471011856 2
0 0.725 -0.075 0.002171655386 2
0 0.725 -0.065 0.001861719958 2
0 0.725 -0.055 0.001541956066 2
0 0.725 -0.045 0.001213139392 2
0 0.725 -0.035 0.000876087793 2
0 0.725 -0.025 0.0005316637778 2
0 0.725 -0.015 0.0001807915445 2
0 0.725 -0.005 -0.000175544293 2
0 0.725 0.005 -0.0005362296638 2
0 0.725 0.015 -0.0009001594356 2
0 0.725 0.025 -0.001265671542 2
0 0.725 0.035 -0.001632186176 2
0 0.725 0.045 -0.001994898031 2
0 0.725 0.055 -0.002362683748 2
0 0.725 0.065 -0.002700378376 2
0 0.725 0.075 -0.002992958161 1
0 0.725 0.085 -0.003238481321 1
0 0.725 0.095 -0.003457360059 1
0 0.725 0.105 -0.003670497654 1
0 0.725 0.115 -0.003872914423 1
0 0.725 0.125 -0.004074296152 1
0 0.725 0.135 -0.004310700141 2
0 0.725 0.145 -0.004555823069 2
0 0.725 0.155 -0.004787165397 2
0 0.725 0.165 -0.004985123801 2
0 0.725 0.175 -0.005157961601 2
0 0.725 0.185 -0.005309960815 2
0 0.725 0.195 -0.005439251803 2
0 0.725 0.205 -0.005545430191 2
0 0.725 0.215 -0.005627219947 2
0 0.725 0.225 -0.005683053918 2
0 0.725 0.235 -0.005711267236 2
0 0.725 0.245 -0.005710140417 2
0 0.725 0.255 -0.005677965711 2
0 0.725 0.265 -0.005613032117 2
0 0.725 0.275 -0.005513607769 2
0 0.725 0.285 -0.005377909275 2
0 0.725 0.295 -0.005204075341 2
0 0.725 0.305 -0.004990130341 2
0 0.725 0.315 -0.0047339962 2
0 0.725 0.325 -0.004433394836 2
0 0.725 0.335 -0.004086161085 2
0 0.725 0.345 -0.003689410584 2
0 0.725 0.355 -0.003242433826 2
0 0.725 0.365 -0.002738364672 2
0 0.725 0.375 -0.002190803646 2
0 0.725 0.385 -0.001552983953 2
0 0.725 0.395 -0.0009681942673 2
0 0.725 0.405 0 2
0 0.725 0.415 0 2
0 0.725 0.425 0 2
0 0.725 0.435 0 2
0 0.725 0.445 0 2
0 0.725 0.455 0 2
0 0.725 0.465 0 2
0 0.735 -0.455 0 2
0 0.735 -0.445 0 2
0 0.735 -0.435 0 2
0 0.735 -0.425 0 2
0 0.735 -0.415 0 2
0 0.735 -0.405 0 2
0 0.735 -0.395 0.0008734783794 2
0 0.735 -0.385 0.00139182228 2
0 0.735 -0.375 0.001951727485 2
0 0.735 -0.365 0.002424418272 2
0 0.735 -0.355 0.002853562288 2
0 0.735 -0.345 0.003227856051 2
0 0.735 -0.335 0.003553476608 2
0 0.735 -0.325 0.00383007483 2
0 0.735 -0.315 0.004059450294 2
0 0.735 -0.305 0.004244493081 2
0 0.735 -0.295 0.004390047138 2
0 0.735 -0.285 0.0045011823 2
0 0.735 -0.275 0.004581920738 2
0 0.735 -0.265 0.004634711334 2
0 0.735 -0.255 0.004661103069 2
0 0.735 -0.245 0.00466221553 2
0 0.735 -0.235 0.004639522989 2
0 0.735 -0.225 0.004590655247 2
0 0.735 -0.215 0.004520713453 2
0 0.735 -0.205 0.004429298438 2
0 0.735 -0.195 0.004315269844 2
0 0.735 -0.185 0.004187882493 2
0 0.735 -0.175 0.004049423977 2
0 0.735 -0.165 0.003898720787 2
0 0.735 -0.155 0.003741199277 2
0 0.735 -0.145 0.003572502784 2
0 0.735 -0.135 0.003385916718 2
0 0.735 -0.125 0.003183511695 2
0 0.735 -0.115 0.002964998586 2
0 0.735 -0.105 0.002731942112 2
0 0.735 -0.095 0.002486127736 2
0 0.735 -0.085 0.002228667383 2
0 0.735 -0.075 0.001960367862 2
0 0.735 -0.065 0.001681909721 2
0 0.735 -0.055 0.001394042011 2
0 0.735 -0.045 0.001097606098 2
0 0.735 -0.035 0.0007935137588 2
0 0.735 -0.025 0.0004827284786 2
0 0.735 -0.015 0.0001662917104 2
0 0.735 -0.005 -0.0001546660129 2
0 0.735 0.005 -0.0004788634311 2
0 0.735 0.015 -0.000804962869 2
0 0.735 0.025 -0.00113117682 2
0 0.735 0.035 -0.00145622244 2
0 0.735 0.045 -0.001776459889 2
0 0.735 0.055 -0.002093167145 2
0 0.735 0.065 -0.002398513624 2
0 0.735 0.075 -0.002685106997 2
0 0.735 0.085 -0.002942386593 1
0 0.735 0.095 -0.003146934887 1
0 0.735 0.105 -0.00333896948 1
0 0.735 0.115 -0.003550193705 2
0 0.735 0.125 -0.003776596785 2
0 0.735 0.135 -0.00400932127 2
0 0.735 0.145 -0.004222892919 2
0 0.735 0.155 -0.004417575944 2
0 0.735 0.165 -0.004591349408 2
0 0.735 0.175 -0.00474712691 2
0 0.735 0.185 -0.004882623543 2
0 0.735 0.195 -0.004998243696 2
0 0.735 0.205 -0.005093408718 2
0 0.735 0.215 -0.005166981045 2
0 0.735 0.225 -0.00521767897 2
0 0.735 0.235 -0.005244039686 2
0 0.735 0.245 -0.005244519667 2
0 0.735 0.255 -0.005217536802 2
0 0.735 0.265 -0.005161471655 2
0 0.735 0.275 -0.00507465523 2
0 0.735 0.285 -0.00495534064 2
0 0.735 0.295 -0.004801672663 2
0 0.735 0.305 -0.00461164157 2
0 0.735 0.315 -0.00438307561 2
0 0.735 0.325 -0.004113523913 2
0 0.735 0.335 -0.003800520493 2
0 0.735 0.345 -0.003440767816 2
0 0.735 0.355 -0.003032854379 2
0 0.735 0.365 -0.002569390233 2
0 0.735 0.375 -0.002062310931 2
0 0.735 0.385 -0.001466402571 2
0 0.735 0.395 -0.0009171524989 2
0 0.735 0.405 0 2
0 0.735 0.415 0 2
0 0.735 0.425 0 2
0 0.735 0.435 0 2
0 0.735 0.445 0 2
0 0.735 0.455 0 2
0 0.735 0.465 0 2
0 0.745 -0.455 0 2
0 0.745 -0.445 0 2
0 0.745 -0.435 0 2
0 0.745 -0.425 0 2
0 0.745 -0.415 0 2
0 0.745 -0.405 0 2
0 0.745 -0.395 0.0008126268348 2
0 0.745 -0.385 0.001287226343 2
0 0.745 -0.375 0.001794940426 2
0 0.745 -0.365 0.002216586323 2
0 0.745 -0.355 0.002594558055 2
0 0.745 -0.345 0.002920079103 2
0 0.745 -0.335 0.003199830421 2
0 0.745 -0.325 0.00343376465 2
0 0.745 -0.315 0.003624161975 2
0 0.745 -0.305 0.003775004183 2
0 0.745 -0.295 0.003891882488 2
0 0.745 -0.285 0.003979748619 2
0 0.745 -0.275 0.004041932207 2
0 0.745 -0.265 0.004079793285 2
0 0.745 -0.255 0.004093792245 2
0 0.745 -0.245 0.004084063242 2
0 0.745 -0.235 0.004047501199 2
0 0.745 -0.225 0.003983726596 2
0 0.745 -0.215 0.003902648044 2
0 0.745 -0.205 0.003806557657 2
0 0.745 -0.195 0.003698993731 2
0 0.745 -0.185 0.003598135357 2
0 0.745 -0.175 0.003495813982 2
0 0.745 -0.165 0.003378710758 2
0 0.745 -0.155 0.003253691833 2
0 0.745 -0.145 0.003119627319 2
0 0.745 -0.135 0.002968400957 2
0 0.745 -0.125 0.002796796177 2
0 0.745 -0.115 0.002608922917 2
0 0.745 -0.105 0.002407124803 2
0 0.745 -0.095 0.002193693637 2
0 0.745 -0.085 0.001969411829 2
0 0.745 -0.075 0.001734704131 2
0 0.745 -0.065 0.001490146124 2
0 0.745 -0.055 0.001236606241 2
0 0.745 -0.045 0.0009750505424 2
0 0.745 -0.035 0.0007065188374 2
0 0.745 -0.025 0.0004320723721 2
0 0.745 -0.015 0.0001528474311 2
0 0.745 -0.005 -0.000129906265 2
0 0.745 0.005 -0.0004147764162 2
0 0.745 0.015 -0.0007002543425 2
0 0.745 0.025 -0.0009845233162 2
0 0.745 0.035 -0.001265867774 2
0 0.745 0.045 -0.001541610818 2
0 0.745 0.055 -0.00180954072 2
0 0.745 0.065 -0.002070782927 2
0 0.745 0.075 -0.002320624056 2
0 0.745 0.085 -0.00256208569 2
0 0.745 0.095 -0.002788191646 2
0 0.745 0.105 -0.003002886795 2
0 0.745 0.115 -0.003213220502 2
0 0.745 0.125 -0.003421594425 2
0 0.745 0.135 -0.0036255623 2
0 0.745 0.145 -0.00381346669 2
0 0.745 0.155 -0.003984793536 2
0 0.745 0.165 -0.00414083491 2
0 0.745 0.175 -0.004278732663 2
0 0.745 0.185 -0.004398925129 2
0 0.745 0.195 -0.004501490734 2
0 0.745 0.205 -0.004585966788 2
0 0.745 0.215 -0.004651561799 2
0 0.745 0.225 -0.004697260168 2
0 0.745 0.235 -0.004721862046 2
0 0.745 0.245 -0.00472405757 2
0 0.745 0.255 -0.004702456391 2
0 0.745 0.265 -0.004655599197 2
0 0.745 0.275 -0.004581950411 2
0 0.745 0.285 -0.004479873844 2
0 0.745 0.295 -0.004347600335 2
0 0.745 0.305 -0.004183174012 2
0 0.745 0.315 -0.003984425348 2
0 0.745 0.325 -0.003748832252 2
0 0.745 0.335 -0.003473720795 2
0 0.745 0.345 -0.003155450927 2
0 0.745 0.355 -0.002791890761 2
0 0.745 0.365 -0.002375039882 2
0 0.745 0.375 -0.001914769497 2
0 0.745 0.385 -0.001367356306 2
0 0.745 0.395 -0.0008590819249 2
0 0.745 0.405 0 2
0 0.745 0.415 0 2
0 0.745 0.425 0 2
0 0.745 0.435 0 2
0 0.745 0.445 0 2
0 0.745 0.455 0 2
0 0.745 0.465 0 2
0 0.755 -0.455 0 2
0 0.755 -0.445 0 2
0 0.755 -0.435 0 2
0 0.755 -0.425 0 2
0 0.755 -0.415 0 2
0 0.755 -0.405 0 2
0 0.755 -0.395 0.0007443232122 2
0 0.755 -0.385 0.001169137544 2
0 0.755 -0.375 0.001617054492 2
0 0.755 -0.365 0.001979893874 2
0 0.755 -0.355 0.002298803556 2
0 0.755 -0.345 0.002566446923 2
0 0.755 -0.335 0.002791392118 2
0 0.755 -0.325 0.002974457955 2
0 0.755 -0.315 0.003118323267 2
0 0.755 -0.305 0.003228915309 2
0 0.755 -0.295 0.003320293725 2
0 0.755 -0.285 0.003395548323 2
0 0.755 -0.275 0.003451428452 2
0 0.755 -0.265 0.003478449412 2
0 0.755 -0.255 0.003483158072 2
0 0.755 -0.245 0.003462037873 2
0 0.755 -0.235 0.003413389847 2
0 0.755 -0.225 0.003340472297 2
0 0.755 -0.215 0.003249512211 2
0 0.755 -0.205 0.003140005188 1
0 0.755 -0.195 0.003059351236 1
0 0.755 -0.185 0.002991275244 1
0 0.755 -0.175 0.00292924249 1
0 0.755 -0.165 0.00285861903 2
0 0.755 -0.155 0.002757249859 2
0 0.755 -0.145 0.00264855144 2
0 0.755 -0.135 0.002528908639 2
0 0.755 -0.125 0.002386648151 2
0 0.755 -0.115 0.002230013972 2
0 0.755 -0.105 0.00206125376 2
0 0.755 -0.095 0.001882452142 2
0 0.755 -0.085 0.001693746655 2
0 0.755 -0.075 0.001494829761 2
0 0.755 -0.065 0.001286217425 2
0 0.755 -0.055 0.00106910074 2
0 0.755 -0.045 0.0008446293026 2
0 0.755 -0.035 0.0006139889915 2
0 0.755 -0.025 0.0003783075416 2
0 0.755 -0.015 0.0001387497853 2
0 0.755 -0.005 -0.0001033939114 2
0 0.755 0.005 -0.0003466808807 2
0 0.755 0.015 -0.0005895872973 2
0 0.755 0.025 -0.0008304765408 2
0 0.755 0.035 -0.001067736119 2
0 0.755 0.045 -0.00129974438 2
0 0.755 0.055 -0.001524694384 2
0 0.755 0.065 -0.001744850672 2
0 0.755 0.075 -0.001959611449 2
0 0.755 0.085 -0.002174565776 2
0 0.755 0.095 -0.00238967389 2
0 0.755 0.105 -0.002601324567 2
0 0.755 0.115 -0.002802566468 2
0 0.755 0.125 -0.002991606017 2
0 0.755 0.135 -0.003170506056 2
0 0.755 0.145 -0.003339416645 2
0 0.755 0.155 -0.003492786249 2
0 0.755 0.165 -0.003629753791 2
0 0.755 0.175 -0.00375064967 2
0 0.755 0.185 -0.003855883612 2
0 0.755 0.195 -0.00394549815 2
0 0.755 0.205 -0.004019309079 2
0 0.755 0.215 -0.004076873976 2
0 0.755 0.225 -0.004117483808 2
0 0.755 0.235 -0.004140235528 2
0 0.755 0.245 -0.004144085396 2
0 0.755 0.255 -0.004127879794 2
0 0.755 0.265 -0.004090372202 2
0 0.755 0.275 -0.004030221456 2
0 0.755 0.285 -0.003945972658 2
0 0.755 0.295 -0.003836025774 2
0 0.755 0.305 -0.003698578404 2
0 0.755 0.315 -0.003531582968 2
0 0.755 0.325 -0.003332589587 2
0 0.755 0.335 -0.003098874773 2
0 0.755 0.345 -0.002826624776 2
0 0.755 0.355 -0.002513076954 2
0 0.755 0.365 -0.002149634553 2
0 0.755 0.375 -0.001743675935 2
0 0.755 0.385 -0.001252851336 2
0 0.755 0.395 -0.0007923368738 2
0 0.755 0.405 0 2
0 0.755 0.415 0 2
0 0.755 0.425 0 2
0 0.755 0.435 0 2
0 0.755 0.445 0 2
0 0.755 0.455 0 2
0 0.755 0.465 0 2
0 0.765 -0.455 0 2
0 0.765 -0.445 0 2
0 0.765 -0.435 0 2
0 0.765 -0.425 0 2
0 0.765 -0.415 0 2
0 0.765 -0.405 0 2
0 0.765 -0.395 0.0006673561303 2
0 0.765 -0.385 0.001035295965 2
0 0.765 -0.375 0.001414818994 2
0 0.765 -0.365 0.001710883584 2
0 0.765 -0.355 0.001962121537 2
0 0.765 -0.345 0.002164090406 2
0 0.765 -0.335 0.002324870256 2
0 0.765 -0.325 0.002447459812 2
0 0.765 -0.315 0.002540731205 2
0 0.765 -0.305 0.002619335513 2
0 0.765 -0.295 0.002692102333 2
0 0.765 -0.285 0.002756712632 2
0 0.765 -0.275 0.002805107366 2
0 0.765 -0.265 0.002831096463 2
0 0.765 -0.255 0.002834933527 2
0 0.765 -0.245 0.002808008738 2
0 0.765 -0.235 0.002759633332 2
0 0.765 -0.225 0.002695175402 2
0 0.765 -0.215 0.002609896722 1
0 0.765 -0.205 0.002542525578 1
0 0.765 -0.195 0.002486575769 1
0 0.765 -0.185 0.00242927954 1
0 0.765 -0.175 0.002373544856 1
0 0.765 -0.165 0.002314666721 1
0 0.765 -0.155 0.002242836442 2
0 0.765 -0.145 0.002150332504 2
0 0.765 -0.135 0.002053395782 2
0 0.765 -0.125 0.001942784467 2
0 0.765 -0.115 0.001820613759 2
0 0.765 -0.105 0.001691145281 2
0 0.765 -0.095 0.001552857807 2
0 0.765 -0.085 0.001401876524 2
0 0.765 -0.075 0.001240508134 2
0 0.765 -0.065 0.001069464567 2
0 0.765 -0.055 0.0008904438582 2
0 0.765 -0.045 0.0007049716688 2
0 0.765 -0.035 0.0005143811704 2
0 0.765 -0.025 0.0003197789242 2
0 0.765 -0.015 0.0001222290704 2
0 0.765 -0.005 -7.708828849e-05 2
0 0.765 0.005 -0.0002768178142 2
0 0.765 0.015 -0.0004755799953 2
0 0.765 0.025 -0.0006721328346 2
0 0.765 0.035 -0.0008654029969 2
0 0.765 0.045 -0.001054679176 2
0 0.765 0.055 -0.001239502043 2
0 0.765 0.065 -0.001420919742 2
0 0.765 0.075 -0.001602109207 2
0 0.765 0.085 -0.001785906689 2
0 0.765 0.095 -0.001972071168 2
0 0.765 0.105 -0.002156890329 2
0 0.765 0.115 -0.002335910042 2
0 0.765 0.125 -0.002505833957 2
0 0.765 0.135 -0.002664301436 2
0 0.765 0.145 -0.002809740098 2
0 0.765 0.155 -0.002941122031 2
0 0.765 0.165 -0.00305826157 2
0 0.765 0.175 -0.003161312843 2
0 0.765 0.185 -0.003250671226 2
0 0.765 0.195 -0.00332658369 2
0 0.765 0.205 -0.003389143796 2
0 0.765 0.215 -0.003438171125 2
0 0.765 0.225 -0.003473247272 2
0 0.765 0.235 -0.003493755998 2
0 0.765 0.245 -0.003498924485 2
0 0.765 0.255 -0.003487856147 2
0 0.765 0.265 -0.003459550265 2
0 0.765 0.275 -0.00341290599 2
0 0.765 0.285 -0.003346709589 2
0 0.765 0.295 -0.003259607454 2
0 0.765 0.305 -0.003150051478 2
0 0.765 0.315 -0.003016248567 2
0 0.765 0.325 -0.002855997688 2
0 0.765 0.335 -0.002666751885 2
0 0.765 0.345 -0.002444820773 2
0 0.765 0.355 -0.002187093083 2
0 0.765 0.365 -0.001884730985 2
0 0.765 0.375 -0.001542278801 2
0 0.765 0.385 -0.001118539322 2
0 0.765 0.395 -0.0007146924089 2
0 0.765 0.405 0 2
0 0.765 0.415 0 2
0 0.765 0.425 0 2
0 0.765 0.435 0 2
0 0.765 0.445 0 2
0 0.765 0.455 0 2
0 0.765 0.465 0 2
0 0.775 -0.455 0 2
0 0.775 -0.445 0 2
0 0.775 -0.435 0 2
0 0.775 -0.425 0 2
0 0.775 -0.415 0 2
0 0.775 -0.405 0 2
0 0.775 -0.395 0.0005784603393 2
0 0.775 -0.385 0.0008810247282 2
0 0.775 -0.375 0.001183577778 2
0 0.775 -0.365 0.001407271452 2
0 0.775 -0.355 0.001586475128 2
0 0.775 -0.345 0.001724358604 2
0 0.775 -0.335 0.00182518378 2
0 0.775 -0.325 0.001876276775 1
0 0.775 -0.315 0.0019167159 1
0 0.775 -0.305 0.001964860427 1
0 0.775 -0.295 0.002038947876 2
0 0.775 -0.285 0.002096268236 2
0 0.775 -0.275 0.00213482701 2
0 0.775 -0.265 0.002159441192 2
0 0.775 -0.255 0.002163745719 2
0 0.775 -0.245 0.002146667974 2
0 0.775 -0.235 0.002115217116 2
0 0.775 -0.225 0.002061189231 1
0 0.775 -0.215 0.002008557851 1
0 0.775 -0.205 0.001965125754 1
0 0.775 -0.195 0.001922757437 1
0 0.775 -0.185 0.001872637267 1
0 0.775 -0.175 0.001817107021 1
0 0.775 -0.165 0.001761046158 1
0 0.775 -0.155 0.001707004457 2
0 0.775 -0.145 0.001631720093 2
0 0.775 -0.135 0.001558837675 2
0 0.775 -0.125 0.001484212632 2
0 0.775 -0.115 0.001398169557 2
0 0.775 -0.105 0.001308784547 2
0 0.775 -0.095 0.001210383689 2
0 0.775 -0.085 0.001096578341 2
0 0.775 -0.075 0.0009729552837 2
0 0.775 -0.065 0.0008402973292 2
0 0.775 -0.055 0.0007005266347 2
0 0.775 -0.045 0.0005555614327 2
0 0.775 -0.035 0.0004067567849 2
0 0.775 -0.025 0.0002551667904 2
0 0.775 -0.015 0.0001017406472 2
0 0.775 -0.005 -5.26674351e-05 2
0 0.775 0.005 -0.0002070214546 2
0 0.775 0.015 -0.0003603319412 2
0 0.775 0.025 -0.0005119285924 2
0 0.775 0.035 -0.0006612660881 2
0 0.775 0.045 -0.0008082138846 2
0 0.775 0.055 -0.0009530211744 2
0 0.775 0.065 -0.00109668475 2
0 0.775 0.075 -0.001241445225 2
0 0.775 0.085 -0.00138944677 2
0 0.775 0.095 -0.001540580237 2
0 0.775 0.105 -0.001691921236 2
0 0.775 0.115 -0.001839251259 2
0 0.775 0.125 -0.001979015042 2
0 0.775 0.135 -0.002108919119 2
0 0.775 0.145 -0.002227721395 2
0 0.775 0.155 -0.002334705888 2
0 0.775 0.165 -0.002429718509 2
0 0.775 0.175 -0.002512943659 2
0 0.775 0.185 -0.002584838938 2
0 0.775 0.195 -0.002645811868 2
0 0.775 0.205 -0.002696105195 2
0 0.775 0.215 -0.002735744301 2
0 0.775 0.225 -0.002764546536 2
0 0.775 0.235 -0.002782142969 2
0 0.775 0.245 -0.002788012359 2
0 0.775 0.255 -0.002781511989 2
0 0.775 0.265 -0.002761898827 2
0 0.775 0.275 -0.002728338411 2
0 0.775 0.285 -0.002679898925 2
0 0.775 0.295 -0.002615531721 2
0 0.775 0.305 -0.002534025991 2
0 0.775 0.315 -0.002433961691 2
0 0.775 0.325 -0.00231356007 2
0 0.775 0.335 -0.002170700623 2
0 0.775 0.345 -0.0020021933 2
0 0.775 0.355 -0.00180504546 2
0 0.775 0.365 -0.001570951113 2
0 0.775 0.375 -0.00130165613 2
0 0.775 0.385 -0.0009574492463 2
0 0.775 0.395 -0.0006218212069 2
0 0.775 0.405 0 2
0 0.775 0.415 0 2
0 0.775 0.425 0 2
0 0.775 0.435 0 2
0 0.775 0.445 0 2
0 0.775 0.455 0 2
0 0.775 0.465 0 2
0 0.785 -0.455 0 2
0 0.785 -0.445 0 2
0 0.785 -0.435 0 2
0 0.785 -0.425 0 2
0 0.785 -0.415 0 2
0 0.785 -0.405 0 2
0 0.785 -0.395 0.000470541654 2
0 0.785 -0.385 0.000691607191 2
0 0.785 -0.375 0.0009024846407 2
0 0.785 -0.365 0.001050281267 2
0 0.785 -0.355 0.001162063868 2
0 0.785 -0.345 0.001244382377 2
0 0.785 -0.335 0.001291169031 1
0 0.785 -0.325 0.001312490452 1
0 0.785 -0.315 0.001322636428 1
0 0.785 -0.305 0.00134590158 1
0 0.785 -0.295 0.001373656628 1
0 0.785 -0.285 0.001406307007 1
0 0.785 -0.275 0.001453869391 2
0 0.785 -0.265 0.00147288644 2
0 0.785 -0.255 0.001476977413 2
0 0.785 -0.245 0.001477324015 2
0 0.785 -0.235 0.001456841573 1
0 0.785 -0.225 0.001422226371 1
0 0.785 -0.215 0.001389422643 1
0 0.785 -0.205 0.001361507446 1
0 0.785 -0.195 0.001328519386 1
0 0.785 -0.185 0.001289800061 1
0 0.785 -0.175 0.001241393109 1
0 0.785 -0.165 0.001191966499 1
0 0.785 -0.155 0.001147064905 1
0 0.785 -0.145 0.001096299263 1
0 0.785 -0.135 0.001047187871 1
0 0.785 -0.125 0.001009603962 1
0 0.785 -0.115 0.0009685321567 2
0 0.785 -0.105 0.0009116077087 2
0 0.785 -0.095 0.000846123175 2
0 0.785 -0.085 0.0007712077049 2
0 0.785 -0.075 0.0006856219375 2
0 0.785 -0.065 0.0005927790795 2
0 0.785 -0.055 0.0004941700605 2
0 0.785 -0.045 0.0003903615286 2
0 0.785 -0.035 0.0002852783376 2
0 0.785 -0.025 0.000179998638 2
0 0.785 -0.015 7.441846201e-05 2
0 0.785 -0.005 -3.070576487e-05 2
0 0.785 0.005 -0.0001358407371 2
0 0.785 0.015 -0.0002410097535 2
0 0.785 0.025 -0.0003455698226 2
0 0.785 0.035 -0.0004502390175 2
0 0.785 0.045 -0.0005548623521 2
0 0.785 0.055 -0.0006570411066 2
0 0.785 0.065 -0.0007591436926 2
0 0.785 0.075 -0.000862785113 2
0 0.785 0.085 -0.0009693554454 2
0 0.785 0.095 -0.001078590437 2
0 0.785 0.105 -0.001188531114 2
0 0.785 0.115 -0.001296260268 2
0 0.785 0.125 -0.001398944777 2
0 0.785 0.135 -0.001494461786 2
0 0.785 0.145 -0.001581525998 2
0 0.785 0.155 -0.001659539094 2
0 0.785 0.165 -0.001728467254 2
0 0.785 0.175 -0.001788599098 2
0 0.785 0.185 -0.00184037243 2
0 0.785 0.195 -0.001884205725 2
0 0.785 0.205 -0.001920407058 2
0 0.785 0.215 -0.001949120253 2
0 0.785 0.225 -0.001970320028 2
0 0.785 0.235 -0.001983826963 2
0 0.785 0.245 -0.001989334667 2
0 0.785 0.255 -0.001986435883 2
0 0.785 0.265 -0.001974642831 2
0 0.785 0.275 -0.001953398699 2
0 0.785 0.285 -0.001922077839 2
0 0.785 0.295 -0.001879975546 2
0 0.785 0.305 -0.001826277789 2
0 0.785 0.315 -0.001760028922 2
0 0.785 0.325 -0.001680018959 2
0 0.785 0.335 -0.001584790715 2
0 0.785 0.345 -0.001472067099 2
0 0.785 0.355 -0.001339624418 2
0 0.785 0.365 -0.001181014297 2
0 0.785 0.375 -0.0009963703146 2
0 0.785 0.385 -0.0007527076192 2
0 0.785 0.395 -0.000505773437 2
0 0.785 0.405 0 2
0 0.785 0.415 0 2
0 0.785 0.425 0 2
0 0.785 0.435 0 2
0 0.785 0.445 0 2
0 0.785 0.455 0 2
0 0.785 0.465 0 2
0 0.795 -0.455 0 2
0 0.795 -0.445 0 2
0 0.795 -0.435 0 2
0 0.795 -0.425 0 2
0 0.795 -0.415 0 2
0 0.795 -0.405 0 2
0 0.795 -0.395 0.0003377981064 2
0 0.795 -0.385 0.0004680692234 2
0 0.795 -0.375 0.0005847867266 2
0 0.795 -0.365 0.000663463391 2
0 0.795 -0.355 0.0007217893043 2
0 0.795 -0.345 0.00076199603 2
0 0.795 -0.335 0.0007761215078 1
0 0.795 -0.325 0.0007750834893 1
0 0.795 -0.315 0.0007701088106 1
0 0.795 -0.305 0.0007780411367 1
0 0.795 -0.295 0.0007852818834 1
0 0.795 -0.285 0.0007948489165 1
0 0.795 -0.275 0.0008176882612 1
0 0.795 -0.265 0.0008410033901 2
0 0.795 -0.255 0.0008451466335 2
0 0.795 -0.245 0.0008562102137 2
0 0.795 -0.235 0.0008374937343 1
0 0.795 -0.225 0.0008117916973 1
0 0.795 -0.215 0.0007993654674 1
0 0.795 -0.205 0.0007820382435 1
0 0.795 -0.195 0.0007597770887 1
0 0.795 -0.185 0.0007354285241 1
0 0.795 -0.175 0.0007071378703 1
0 0.795 -0.165 0.0006807989612 1
0 0.795 -0.155 0.0006570362009 1
0 0.795 -0.145 0.000630164312 1
0 0.795 -0.135 0.0005979454511 1
0 0.795 -0.125 0.0005775427114 1
0 0.795 -0.115 0.000562578853 2
0 0.795 -0.105 0.0005298914209 2
0 0.795 -0.095 0.0004915900181 2
0 0.795 -0.085 0.0004520528488 2
0 0.795 -0.075 0.0004018493849 2
0 0.795 -0.065 0.0003456718782 2
0 0.795 -0.055 0.0002865628073 2
0 0.795 -0.045 0.0002242404193 2
0 0.795 -0.035 0.0001621490621 2
0 0.795 -0.025 0.0001022040314 2
0 0.795 -0.015 4.360328678e-05 2
0 0.795 -0.005 -1.366804649e-05 2
0 0.795 0.005 -7.112258704e-05 2
0 0.795 0.015 -0.0001299079462 2
0 0.795 0.025 -0.0001894022913 2
0 0.795 0.035 -0.000251715139 2
0 0.795 0.045 -0.0003154028601 2
0 0.795 0.055 -0.0003752449924 2
0 0.795 0.065 -0.0004351826069 2
0 0.795 0.075 -0.0004963959322 2
0 0.795 0.085 -0.0005598311943 2
0 0.795 0.095 -0.0006253107359 2
0 0.795 0.105 -0.000691619367 2
0 0.795 0.115 -0.0007569019282 2
0 0.795 0.125 -0.0008192796703 2
0 0.795 0.135 -0.0008772864383 2
0 0.795 0.145 -0.0009300229055 2
0 0.795 0.155 -0.0009770970417 2
0 0.795 0.165 -0.001018509591 2
0 0.795 0.175 -0.001054494812 2
0 0.795 0.185 -0.001085394317 2
0 0.795 0.195 -0.00111154614 2
0 0.795 0.205 -0.001133217138 2
0 0.795 0.215 -0.001150565403 2
0 0.795 0.225 -0.001163634752 2
0 0.795 0.235 -0.001172365216 2
0 0.795 0.245 -0.001176611531 2
0 0.795 0.255 -0.001176162079 2
0 0.795 0.265 -0.001170754658 2
0 0.795 0.275 -0.001160086831 2
0 0.795 0.285 -0.001143819366 2
0 0.795 0.295 -0.001121573585 2
0 0.795 0.305 -0.001092916647 2
0 0.795 0.315 -0.001057347295 2
0 0.795 0.325 -0.001014231054 2
0 0.795 0.335 -0.0009628165303 2
0 0.795 0.345 -0.0009018766472 2
0 0.795 0.355 -0.0008302652987 2
0 0.795 0.365 -0.0007441907616 2
0 0.795 0.375 -0.000643533443 2
0 0.795 0.385 -0.0005072512821 2
0 0.795 0.395 -0.000361328862 2
0 0.795 0.405 0 2
0 0.795 0.415 0 2
0 0.795 0.425 0 2
0 0.795 0.435 0 2
0 0.795 0.445 0 2
0 0.795 0.455 0 2
0 0.795 0.465 0 2
0 0.805 -0.455 0 2
0 0.805 -0.445 0 2
0 0.805 -0.435 0 2
0 0.805 -0.425 0 2
0 0.805 -0.415 0 2
0 0.805 -0.405 0 2
0 0.805 -0.395 0 2
0 0.805 -0.385 0 2
0 0.805 -0.375 0 2
0 0.805 -0.365 0 2
0 0.805 -0.355 0 2
0 0.805 -0.345 0 2
0 0.805 -0.335 0 1
0 0.805 -0.325 0 1
0 0.805 -0.315 0 1
0 0.805 -0.305 0 1
0 0.805 -0.295 0 1
0 0.805 -0.285 0 1
0 0.805 -0.275 0 1
0 0.805 -0.265 0 1
0 0.805 -0.255 0 2
0 0.805 -0.245 0 1
0 0.805 -0.235 0 1
0 0.805 -0.225 0 1
0 0.805 -0.215 0 1
0 0.805 -0.205 0 1
0 0.805 -0.195 0 1
0 0.805 -0.185 0 1
0 0.805 -0.175 0 1
0 0.805 -0.165 0 1
0 0.805 -0.155 0 1
0 0.805 -0.145 0 1
0 0.805 -0.135 0 1
0 0.805 -0.125 0 1
0 0.805 -0.115 0 1
0 0.805 -0.105 0 2
0 0.805 -0.095 0 2
0 0.805 -0.085 0 2
0 0.805 -0.075 0 2
0 0.805 -0.065 0 2
0 0.805 -0.055 0 2
0 0.805 -0.045 0 2
0 0.805 -0.035 0 2
0 0.805 -0.025 0 1
0 0.805 -0.015 0 1
0 0.805 -0.005 0 1
0 0.805 0.005 0 1
0 0.805 0.015 0 1
0 0.805 0.025 0 2
0 0.805 0.035 0 2
0 0.805 0.045 0 2
0 0.805 0.055 0 2
0 0.805 0.065 0 2
0 0.805 0.075 0 2
0 0.805 0.085 0 2
0 0.805 0.095 0 2
0 0.805 0.105 0 2
0 0.805 0.115 0 2
0 0.805 0.125 0 2
0 0.805 0.135 0 2
0 0.805 0.145 0 2
0 0.805 0.155 0 2
0 0.805 0.165 0 2
0 0.805 0.175 0 2
0 0.805 0.185 0 2
0 0.805 0.195 0 2
0 0.805 0.205 0 2
0 0.805 0.215 0 2
0 0.805 0.225 0 2
0 0.805 0.235 0 2
0 0.805 0.245 0 2
0 0.805 0.255 0 2
0 0.805 0.265 0 2
0 0.805 0.275 0 2
0 0.805 0.285 0 2
0 0.805 0.295 0 2
0 0.805 0.305 0 2
0 0.805 0.315 0 2
0 0.805 0.325 0 2
0 0.805 0.335 0 2
0 0.805 0.345 0 2
0 0.805 0.355 0 2
0 0.805 0.365 0 2
0 0.805 0.375 0 2
0 0.805 0.385 0 2
0 0.805 0.395 0 2
0 0.805 0.405 0 2
0 0.805 0.415 0 2
0 0.805 0.425 0 2
0 0.805 0.435 0 2
0 0.805 0.445 0 2
0 0.805 0.455 0 2
0 0.805 0.465 0 2
0 0.815 -0.455 0 2
0 0.815 -0.445 0 2
0 0.815 -0.435 0 2
0 0.815 -0.425 0 2
0 0.815 -0.415 0 2
0 0.815 -0.405 0 2
0 0.815 -0.395 0 2
0 0.815 -0.385 0 2
0 0.815 -0.375 0 2
0 0.815 -0.365 0 2
0 0.815 -0.355 0 2
0 0.815 -0.345 0 2
0 0.815 -0.335 0 1
0 0.815 -0.325 0 1
0 0.815 -0.315 0 1
0 0.815 -0.305 0 1
0 0.815 -0.295 0 1
0 0.815 -0.285 0 1
0 0.815 -0.275 0 1
0 0.815 -0.265 0 1
0 0.815 -0.255 0 2
0 0.815 -0.245 0 1
0 0.815 -0.235 0 1
0 0.815 -0.225 0 1
0 0.815 -0.215 0 1
0 0.815 -0.205 0 1
0 0.815 -0.195 0 1
0 0.815 -0.185 0 1
0 0.815 -0.175 0 1
0 0.815 -0.165 0 1
0 0.815 -0.155 0 1
0 0.815 -0.145 0 1
0 0.815 -0.135 0 1
0 0.815 -0.125 0 1
0 0.815 -0.115 0 1
0 0.815 -0.105 0 2
0 0.815 -0.095 0 2
0 0.815 -0.085 0 2
0 0.815 -0.075 0 2
0 0.815 -0.065 0 2
0 0.815 -0.055 0 2
0 0.815 -0.045 0 1
0 0.815 -0.035 0 1
0 0.815 -0.025 0 1
0 0.815 -0.015 0 1
0 0.815 -0.005 0 1
0 0.815 0.005 0 1
0 0.815 0.015 0 1
0 0.815 0.025 0 2
0 0.815 0.035 0 2
0 0.815 0.045 0 2
0 0.815 0.055 0 2
0 0.815 0.065 0 2
0 0.815 0.075 0 2
0 0.815 0.085 0 2
0 0.815 0.095 0 2
0 0.815 0.105 0 2
0 0.815 0.115 0 2
0 0.815 0.125 0 2
0 0.815 0.135 0 2
0 0.815 0.145 0 2
0 0.815 0.155 0 2
0 0.815 0.165 0 2
0 0.815 0.175 0 2
0 0.815 0.185 0 2
0 0.815 0.195 0 2
0 0.815 0.205 0 2
0 0.815 0.215 0 2
0 0.815 0.225 0 2
0 0.815 0.235 0 2
0 0.815 0.245 0 2
0 0.815 0.255 0 2
0 0.815 0.265 0 2
0 0.815 0.275 0 2
0 0.815 0.285 0 2
0 0.815 0.295 0 2
0 0.815 0.305 0 2
0 0.815 0.315 0 2
0 0.815 0.325 0 2
0 0.815 0.335 0 2
0 0.815 0.345 0 2
0 0.815 0.355 0 2
0 0.815 0.365 0 2
0 0.815 0.375 0 2
0 0.815 0.385 0 2
0 0.815 0.395 0 2
0 0.815 0.405 0 2
0 0.815 0.415 0 2
0 0.815 0.425 0 2
0 0.815 0.435 0 2
0 0.815 0.445 0 2
0 0.815 0.455 0 2
0 0.815 0.465 0 2
0 0.825 -0.455 0 2
0 0.825 -0.445 0 2
0 0.825 -0.435 0 2
0 0.825 -0.425 0 2
0 0.825 -0.415 0 2
0 0.825 -0.405 0 2
0 0.825 -0.395 0 2
0 0.825 -0.385 0 2
0 0.825 -0.375 0 2
0 0.825 -0.365 0 2
0 0.825 -0.355 0 2
0 0.825 -0.345 0 2
0 0.825 -0.335 0 1
0 0.825 -0.325 0 1
0 0.825 -0.315 0 1
0 0.825 -0.305 0 1
0 0.825 -0.295 0 1
0 0.825 -0.285 0 1
0 0.825 -0.275 0 1
0 0.825 -0.265 0 1
0 0.825 -0.255 0 1
0 0.825 -0.245 0 1
0 0.825 -0.235 0 1
0 0.825 -0.225 0 1
0 0.825 -0.215 0 1
0 0.825 -0.205 0 1
0 0.825 -0.195 0 1
0 0.825 -0.185 0 1
0 0.825 -0.175 0 1
0 0.825 -0.165 0 1
0 0.825 -0.155 0 1
0 0.825 -0.145 0 1
0 0.825 -0.135 0 1
0 0.825 -0.125 0 1
0 0.825 -0.115 0 1
0 0.825 -0.105 0 2
0 0.825 -0.095 0 2
0 0.825 -0.085 0 2
0 0.825 -0.075 0 2
0 0.825 -0.065 0 2
0 0.825 -0.055 0 1
0 0.825 -0.045 0 1
0 0.825 -0.035 0 1
0 0.825 -0.025 0 1
0 0.825 -0.015 0 1
0 0.825 -0.005 0 1
0 0.825 0.005 0 1
0 0.825 0.015 0 1
0 0.825 0.025 0 1
0 0.825 0.035 0 2
0 0.825 0.045 0 2
0 0.825 0.055 0 2
0 0.825 0.065 0 2
0 0.825 0.075 0 2
0 0.825 0.085 0 2
0 0.825 0.095 0 2
0 0.825 0.105 0 2
0 0.825 0.115 0 2
0 0.825 0.125 0 2
0 0.825 0.135 0 2
0 0.825 0.145 0 2
0 0.825 0.155 0 2
0 0.825 0.165 0 2
0 0.825 0.175 0 2
0 0.825 0.185 0 2
0 0.825 0.195 0 2
0 0.825 0.205 0 2
0 0.825 0.215 0 2
0 0.825 0.225 0 2
0 0.825 0.235 0 2
0 0.825 0.245 0 2
0 0.825 0.255 0 2
0 0.825 0.265 0 2
0 0.825 0.275 0 2
0 0.825 0.285 0 2
0 0.825 0.295 0 2
0 0.825 0.305 0 2
0 0.825 0.315 0 2
0 0.825 0.325 0 2
0 0.825 0.335 0 2
0 0.825 0.345 0 2
0 0.825 0.355 0 2
0 0.825 0.365 0 2
0 0.825 0.375 0 2
0 0.825 0.385 0 2
0 0.825 0.395 0 2
0 0.825 0.405 0 2
0 0.825 0.415 0 2
0 0.825 0.425 0 2
0 0.825 0.435 0 2
0 0.825 0.445 0 2
0 0.825 0.455 0 2
0 0.825 0.465 0 2
0 0.835 -0.455 0 2
0 0.835 -0.445 0 2
0 0.835 -0.435 0 2
0 0.835 -0.425 0 2
0 0.835 -0.415 0 2
0 0.835 -0.405 0 2
0 0.835 -0.395 0 2
0 0.835 -0.385 0 2
0 0.835 -0.375 0 2
0 0.835 -0.365 0 2
0 0.835 -0.355 0 2
0 0.835 -0.345 0 2
0 0.835 -0.335 0 2
0 0.835 -0.325 0 1
0 0.835 -0.315 0 1
0 0.835 -0.305 0 1
0 0.835 -0.295 0 1
0 0.835 -0.285 0 1
0 0.835 -0.275 0 1
0 0.835 -0.265 0 1
0 0.835 -0.255 0 1
0 0.835 -0.245 0 1
0 0.835 -0.235 0 1
0 0.835 -0.225 0 1
0 0.835 -0.215 0 1
0 0.835 -0.205 0 1
0 0.835 -0.195 0 1
0 0.835 -0.185 0 1
0 0.835 -0.175 0 1
0 0.835 -0.165 0 1
0 0.835 -0.155 0 1
0 0.835 -0.145 0 1
0 0.835 -0.135 0 1
0 0.835 -0.125 0 1
0 0.835 -0.115 0 2
0 0.835 -0.105 0 2
0 0.835 -0.095 0 2
0 0.835 -0.085 0 2
0 0.835 -0.075 0 2
0 0.835 -0.065 0 2
0 0.835 -0.055 0 1
0 0.835 -0.045 0 1
0 0.835 -0.035 0 1
0 0.835 -0.025 0 1
0 0.835 -0.015 0 1
0 0.835 -0.005 0 1
0 0.835 0.005 0 1
0 0.835 0.015 0 1
0 0.835 0.025 0 2
0 0.835 0.035 0 2
0 0.835 0.045 0 2
0 0.835 0.055 0 2
0 0.835 0.065 0 2
0 0.835 0.075 0 2
0 0.835 0.085 0 2
0 0.835 0.095 0 2
0 0.835 0.105 0 2
0 0.835 0.115 0 2
0 0.835 0.125 0 2
0 0.835 0.135 0 2
0 0.835 0.145 0 2
0 0.835 0.155 0 2
0 0.835 0.165 0 2
0 0.835 0.175 0 2
0 0.835 0.185 0 2
0 0.835 0.195 0 2
0 0.835 0.205 0 2
0 0.835 0.215 0 2
0 0.835 0.225 0 2
0 0.835 0.235 0 2
0 0.835 0.245 0 2
0 0.835 0.255 0 2
0 0.835 0.265 0 2
0 0.835 0.275 0 2
0 0.835 0.285 0 2
0 0.835 0.295 0 2
0 0.835 0.305 0 2
0 0.835 0.315 0 2
0 0.835 0.325 0 2
0 0.835 0.335 0 2
0 0.835 0.345 0 2
0 0.835 0.355 0 2
0 0.835 0.365 0 2
0 0.835 0.375 0 2
0 0.835 0.385 0 2
0 0.835 0.395 0 2
0 0.835 0.405 0 2
0 0.835 0.415 0 2
0 0.835 0.425 0 2
0 0.835 0.435 0 2
0 0.835 0.445 0 2
0 0.835 0.455 0 2
0 0.835 0.465 0 2
0 0.845 -0.455 0 2
0 0.845 -0.445 0 2
0 0.845 -0.435 0 2
0 0.845 -0.425 0 2
0 0.845 -0.415 0 2
0 0.845 -0.405 0 2
0 0.845 -0.395 0 2
0 0.845 -0.385 0 2
0 0.845 -0.375 0 2
0 0.845 -0.365 0 2
0 0.845 -0.355 0 2
0 0.845 -0.345 0 2
0 0.845 -0.335 0 2
0 0.845 -0.325 0 1
0 0.845 -0.315 0 1
0 0.845 -0.305 0 1
0 0.845 -0.295 0 1
0 0.845 -0.285 0 1
0 0.845 -0.275 0 1
0 0.845 -0.265 0 1
0 0.845 -0.255 0 1
0 0.845 -0.245 0 1
0 0.845 -0.235 0 1
0 0.845 -0.225 0 1
0 0.845 -0.215 0 1
0 0.845 -0.205 0 1
0 0.845 -0.195 0 1
0 0.845 -0.185 0 1
0 0.845 -0.175 0 1
0 0.845 -0.165 0 1
0 0.845 -0.155 0 1
0 0.845 -0.145 0 1
0 0.845 -0.135 0 1
0 0.845 -0.125 0 1
0 0.845 -0.115 0 2
0 0.845 -0.105 0 2
0 0.845 -0.095 0 2
0 0.845 -0.085 0 2
0 0.845 -0.075 0 2
0 0.845 -0.065 0 1
0 0.845 -0.055 0 1
0 0.845 -0.045 0 1
0 0.845 -0.035 0 1
0 0.845 -0.025 0 1
0 0.845 -0.015 0 1
0 0.845 -0.005 0 1
0 0.845 0.005 0 1
0 0.845 0.015 0 1
0 0.845 0.025 0 2
0 0.845 0.035 0 2
0 0.845 0.045 0 2
0 0.845 0.055 0 2
0 0.845 0.065 0 2
0 0.845 0.075 0 2
0 0.845 0.085 0 2
0 0.845 0.095 0 2
0 0.845 0.105 0 2
0 0.845 0.115 0 2
0 0.845 0.125 0 2
0 0.845 0.135 0 2
0 0.845 0.145 0 2
0 0.845 0.155 0 2
0 0.845 0.165 0 2
0 0.845 0.175 0 2
0 0.845 0.185 0 2
0 0.845 0.195 0 2
0 0.845 0.205 0 2
0 0.845 0.215 0 2
0 0.845 0.225 0 2
0 0.845 0.235 0 2
0 0.845 0.245 0 2
0 0.845 0.255 0 2
0 0.845 0.265 0 2
0 0.845 0.275 0 2
0 0.845 0.285 0 2
0 0.845 0.295 0 2
0 0.845 0.305 0 2
0 0.845 0.315 0 2
0 0.845 0.325 0 2
0 0.845 0.335 0 2
0 0.845 0.345 0 2
0 0.845 0.355 0 2
0 0.845 0.365 0 2
0 0.845 0.375 0 2
0 0.845 0.385 0 2
0 0.845 0.395 0 2
0 0.845 0.405 0 2
0 0.845 0.415 0 2
0 0.845 0.425 0 2
0 0.845 0.435 0 2
0 0.845 0.445 0 2
0 0.845 0.455 0 2
0 0.845 0.465 0 2
0 0.855 -0.455 0 2
0 0.855 -0.445 0 2
0 0.855 -0.435 0 2
0 0.855 -0.425 0 2
0 0.855 -0.415 0 2
0 0.855 -0.405 0 2
0 0.855 -0.395 0 2
0 0.855 -0.385 0 2
0 0.855 -0.375 0 2
0 0.855 -0.365 0 2
0 0.855 -0.355 0 2
0 0.855 -0.345 0 2
0 0.855 -0.335 0 2
0 0.855 -0.325 0 2
0 0.855 -0.315 0 1
0 0.855 -0.305 0 1
0 0.855 -0.295 0 1
0 0.855 -0.285 0 1
0 0.855 -0.275 0 1
0 0.855 -0.265 0 1
0 0.855 -0.255 0 1
0 0.855 -0.245 0 2
0 0.855 -0.235 0 1
0 0.855 -0.225 0 1
0 0.855 -0.215 0 1
0 0.855 -0.205 0 1
0 0.855 -0.195 0 1
0 0.855 -0.185 0 1
0 0.855 -0.175 0 1
0 0.855 -0.165 0 1
0 0.855 -0.155 0 1
0 0.855 -0.145 0 1
0 0.855 -0.135 0 1
0 0.855 -0.125 0 1
0 0.855 -0.115 0 2
0 0.855 -0.105 0 2
0 0.855 -0.095 0 2
0 0.855 -0.085 0 2
0 0.855 -0.075 0 2
0 0.855 -0.065 0 1
0 0.855 -0.055 0 1
0 0.855 -0.045 0 1
0 0.855 -0.035 0 1
0 0.855 -0.025 0 1
0 0.855 -0.015 0 1
0 0.855 -0.005 0 1
0 0.855 0.005 0 1
0 0.855 0.015 0 1
0 0.855 0.025 0 2
0 0.855 0.035 0 2
0 0.855 0.045 0 2
0 0.855 0.055 0 2
0 0.855 0.065 0 2
0 0.855 0.075 0 2
0 0.855 0.085 0 2
0 0.855 0.095 0 2
0 0.855 0.105 0 2
0 0.855 0.115 0 2
0 0.855 0.125 0 2
0 0.855 0.135 0 2
0 0.855 0.145 0 2
0 0.855 0.155 0 2
0 0.855 0.165 0 2
0 0.855 0.175 0 2
0 0.855 0.185 0 2
0 0.855 0.195 0 2
0 0.855 0.205 0 2
0 0.855 0.215 0 2
0 0.855 0.225 0 2
0 0.855 0.235 0 2
0 0.855 0.245 0 2
0 0.855 0.255 0 2
0 0.855 0.265 0 2
0 0.855 0.275 0 2
0 0.855 0.285 0 2
0 0.855 0.295 0 2
0 0.855 0.305 0 2
0 0.855 0.315 0 2
0 0.855 0.325 0 2
0 0.855 0.335 0 2
0 0.855 0.345 0 2
0 0.855 0.355 0 2
0 0.855 0.365 0 2
0 0.855 0.375 0 2
0 0.855 0.385 0 2
0 0.855 0.395 0 2
0 0.855 0.405 0 2
0 0.855 0.415 0 2
0 0.855 0.425 0 2
0 0.855 0.435 0 2
0 0.855 0.445 0 2
0 0.855 0.455 0 2
0 0.855 0.465 0 2
0 0.865 -0.455 0 2
0 0.865 -0.445 0 2
0 0.865 -0.435 0 2
0 0.865 -0.425 0 2
0 0.865 -0.415 0 2
0 0.865 -0.405 0 2
0 0.865 -0.395 0 2
0 0.865 -0.385 0 2
0 0.865 -0.375 0 2
0 0.865 -0.365 0 2
0 0.865 -0.355 0 2
0 0.865 -0.345 0 2
0 0.865 -0.335 0 2
0 0.865 -0.325 0 2
0 0.865 -0.315 0 2
0 0.865 -0.305 0 1
0 0.865 -0.295 0 1
0 0.865 -0.285 0 1
0 0.865 -0.275 0 1
0 0.865 -0.265 0 1
0 0.865 -0.255 0 1
0 0.865 -0.245 0 2
0 0.865 -0.235 0 2
0 0.865 -0.225 0 2
0 0.865 -0.215 0 2
0 0.865 -0.205 0 2
0 0.865 -0.195 0 1
0 0.865 -0.185 0 1
0 0.865 -0.175 0 1
0 0.865 -0.165 0 1
0 0.865 -0.155 0 1
0 0.865 -0.145 0 1
0 0.865 -0.135 0 1
0 0.865 -0.125 0 2
0 0.865 -0.115 0 2
0 0.865 -0.105 0 2
0 0.865 -0.095 0 2
0 0.865 -0.085 0 2
0 0.865 -0.075 0 1
0 0.865 -0.065 0 1
0 0.865 -0.055 0 1
0 0.865 -0.045 0 1
0 0.865 -0.035 0 1
0 0.865 -0.025 0 1
0 0.865 -0.015 0 1
0 0.865 -0.005 0 1
0 0.865 0.005 0 1
0 0.865 0.015 0 1
0 0.865 0.025 0 2
0 0.865 0.035 0 2
0 0.865 0.045 0 2
0 0.865 0.055 0 2
0 0.865 0.065 0 2
0 0.865 0.075 0 2
0 0.865 0.085 0 2
0 0.865 0.095 0 2
0 0.865 0.105 0 2
0 0.865 0.115 0 2
0 0.865 0.125 0 2
0 0.865 0.135 0 2
0 0.865 0.145 0 2
0 0.865 0.155 0 2
0 0.865 0.165 0 2
0 0.865 0.175 0 2
0 0.865 0.185 0 2
0 0.865 0.195 0 2
0 0.865 0.205 0 2
0 0.865 0.215 0 2
0 0.865 0.225 0 2
0 0.865 0.235 0 2
0 0.865 0.245 0 2
0 0.865 0.255 0 2
0 0.865 0.265 0 2
0 0.865 0.275 0 2
0 0.865 0.285 0 2
0 0.865 0.295 0 2
0 0.865 0.305 0 2
0 0.865 0.315 0 2
0 0.865 0.325 0 2
0 0.865 0.335 0 2
0 0.865 0.345 0 2
0 0.865 0.355 0 2
0 0.865 0.365 0 2
0 0.865 0.375 0 2
0 0.865 0.385 0 2
0 0.865 0.395 0 2
0 0.865 0.405 0 2
0 0.865 0.415 0 2
0 0.865 0.425 0 2
0 0.865 0.435 0 2
0 0.865 0.445 0 2
0 0.865 0.455 0 2
0 0.865 0.465 0 2
