t x y content type
0 -0.055 -0.455 0 2
0 -0.055 -0.445 0 2
0 -0.055 -0.435 0 2
0 -0.055 -0.425 0 2
0 -0.055 -0.415 0 2
0 -0.055 -0.405 0 2
0 -0.055 -0.395 0 2
0 -0.055 -0.385 0 2
0 -0.055 -0.375 0 2
0 -0.055 -0.365 0 2
0 -0.055 -0.355 0 2
0 -0.055 -0.345 0 2
0 -0.055 -0.335 0 1
0 -0.055 -0.325 0 1
0 -0.055 -0.315 0 1
0 -0.055 -0.305 0 1
0 -0.055 -0.295 0 1
0 -0.055 -0.285 0 1
0 -0.055 -0.275 0 1
0 -0.055 -0.265 0 2
0 -0.055 -0.255 0 2
0 -0.055 -0.245 0 2
0 -0.055 -0.235 0 2
0 -0.055 -0.225 0 2
0 -0.055 -0.215 0 2
0 -0.055 -0.205 0 2
0 -0.055 -0.195 0 2
0 -0.055 -0.185 0 2
0 -0.055 -0.175 0 2
0 -0.055 -0.165 0 2
0 -0.055 -0.155 0 2
0 -0.055 -0.145 0 2
0 -0.055 -0.135 0 2
0 -0.055 -0.125 0 2
0 -0.055 -0.115 0 2
0 -0.055 -0.105 0 2
0 -0.055 -0.095 0 2
0 -0.055 -0.085 0 2
0 -0.055 -0.075 0 2
0 -0.055 -0.065 0 2
0 -0.055 -0.055 0 1
0 -0.055 -0.045 0 1
0 -0.055 -0.035 0 1
0 -0.055 -0.025 0 1
0 -0.055 -0.015 0 1
0 -0.055 -0.005 0 1
0 -0.055 0.005 0 1
0 -0.055 0.015 0 1
0 -0.055 0.025 0 1
0 -0.055 0.035 0 1
0 -0.055 0.045 0 1
0 -0.055 0.055 0 1
0 -0.055 0.065 0 1
0 -0.055 0.075 0 2
0 -0.055 0.085 0 2
0 -0.055 0.095 0 2
0 -0.055 0.105 0 2
0 -0.055 0.115 0 2
0 -0.055 0.125 0 2
0 -0.055 0.135 0 2
0 -0.055 0.145 0 1
0 -0.055 0.155 0 1
0 -0.055 0.165 0 1
0 -0.055 0.175 0 1
0 -0.055 0.185 0 1
0 -0.055 0.195 0 1
0 -0.055 0.205 0 1
0 -0.055 0.215 0 1
0 -0.055 0.225 0 1
0 -0.055 0.235 0 1
0 -0.055 0.245 0 2
0 -0.055 0.255 0 2
0 -0.055 0.265 0 2
0 -0.055 0.275 0 2
0 -0.055 0.285 0 1
0 -0.055 0.295 0 1
0 -0.055 0.305 0 1
0 -0.055 0.315 0 1
0 -0.055 0.325 0 1
0 -0.055 0.335 0 1
0 -0.055 0.345 0 1
0 -0.055 0.355 0 1
0 -0.055 0.365 0 1
0 -0.055 0.375 0 2
0 -0.055 0.385 0 2
0 -0.055 0.395 0 2
0 -0.055 0.405 0 2
0 -0.055 0.415 0 2
0 -0.055 0.425 0 2
0 -0.055 0.435 0 2
0 -0.055 0.445 0 2
0 -0.055 0.455 0 2
0 -0.055 0.465 0 1
0 -0.045 -0.455 0 2
0 -0.045 -0.445 0 2
0 -0.045 -0.435 0 2
0 -0.045 -0.425 0 2
0 -0.045 -0.415 0 2
0 -0.045 -0.405 0 2
0 -0.045 -0.395 0 2
0 -0.045 -0.385 0 2
0 -0.045 -0.375 0 2
0 -0.045 -0.365 0 2
0 -0.045 -0.355 0 2
0 -0.045 -0.345 0 2
0 -0.045 -0.335 0 2
0 -0.045 -0.325 0 2
0 -0.045 -0.315 0 2
0 -0.045 -0.305 0 1
0 -0.045 -0.295 0 1
0 -0.045 -0.285 0 2
0 -0.045 -0.275 0 2
0 -0.045 -0.265 0 2
0 -0.045 -0.255 0 2
0 -0.045 -0.245 0 2
0 -0.045 -0.235 0 2
0 -0.045 -0.225 0 2
0 -0.045 -0.215 0 2
0 -0.045 -0.205 0 2
0 -0.045 -0.195 0 2
0 -0.045 -0.185 0 2
0 -0.045 -0.175 0 2
0 -0.045 -0.165 0 2
0 -0.045 -0.155 0 2
0 -0.045 -0.145 0 2
0 -0.045 -0.135 0 2
0 -0.045 -0.125 0 2
0 -0.045 -0.115 0 2
0 -0.045 -0.105 0 2
0 -0.045 -0.095 0 2
0 -0.045 -0.085 0 2
0 -0.045 -0.075 0 2
0 -0.045 -0.065 0 2
0 -0.045 -0.055 0 1
0 -0.045 -0.045 0 1
0 -0.045 -0.035 0 1
0 -0.045 -0.025 0 1
0 -0.045 -0.015 0 1
0 -0.045 -0.005 0 1
0 -0.045 0.005 0 1
0 -0.045 0.015 0 1
0 -0.045 0.025 0 1
0 -0.045 0.035 0 1
0 -0.045 0.045 0 1
0 -0.045 0.055 0 1
0 -0.045 0.065 0 1
0 -0.045 0.075 0 2
0 -0.045 0.085 0 2
0 -0.045 0.095 0 2
0 -0.045 0.105 0 2
0 -0.045 0.115 0 2
0 -0.045 0.125 0 2
0 -0.045 0.135 0 2
0 -0.045 0.145 0 2
0 -0.045 0.155 0 1
0 -0.045 0.165 0 1
0 -0.045 0.175 0 1
0 -0.045 0.185 0 1
0 -0.045 0.195 0 1
0 -0.045 0.205 0 1
0 -0.045 0.215 0 1
0 -0.045 0.225 0 1
0 -0.045 0.235 0 1
0 -0.045 0.245 0 2
0 -0.045 0.255 0 2
0 -0.045 0.265 0 2
0 -0.045 0.275 0 2
0 -0.045 0.285 0 2
0 -0.045 0.295 0 1
0 -0.045 0.305 0 1
0 -0.045 0.315 0 1
0 -0.045 0.325 0 1
0 -0.045 0.335 0 1
0 -0.045 0.345 0 1
0 -0.045 0.355 0 1
0 -0.045 0.365 0 1
0 -0.045 0.375 0 2
0 -0.045 0.385 0 2
0 -0.045 0.395 0 2
0 -0.045 0.405 0 2
0 -0.045 0.415 0 2
0 -0.045 0.425 0 2
0 -0.045 0.435 0 2
0 -0.045 0.445 0 2
0 -0.045 0.455 0 2
0 -0.045 0.465 0 2
0 -0.035 -0.455 0 2
0 -0.035 -0.445 0 2
0 -0.035 -0.435 0 2
0 -0.035 -0.425 0 2
0 -0.035 -0.415 0 2
0 -0.035 -0.405 0 2
0 -0.035 -0.395 0 2
0 -0.035 -0.385 0 2
0 -0.035 -0.375 0 2
0 -0.035 -0.365 0 2
0 -0.035 -0.355 0 2
0 -0.035 -0.345 0 2
0 -0.035 -0.335 0 2
0 -0.035 -0.325 0 2
0 -0.035 -0.315 0 2
0 -0.035 -0.305 0 2
0 -0.035 -0.295 0 2
0 -0.035 -0.285 0 2
0 -0.035 -0.275 0 2
0 -0.035 -0.265 0 2
0 -0.035 -0.255 0 2
0 -0.035 -0.245 0 2
0 -0.035 -0.235 0 2
0 -0.035 -0.225 0 2
0 -0.035 -0.215 0 2
0 -0.035 -0.205 0 2
0 -0.035 -0.195 0 2
0 -0.035 -0.185 0 2
0 -0.035 -0.175 0 2
0 -0.035 -0.165 0 2
0 -0.035 -0.155 0 2
0 -0.035 -0.145 0 2
0 -0.035 -0.135 0 2
0 -0.035 -0.125 0 2
0 -0.035 -0.115 0 2
0 -0.035 -0.105 0 2
0 -0.035 -0.095 0 2
0 -0.035 -0.085 0 2
0 -0.035 -0.075 0 2
0 -0.035 -0.065 0 2
0 -0.035 -0.055 0 1
0 -0.035 -0.045 0 1
0 -0.035 -0.035 0 1
0 -0.035 -0.025 0 1
0 -0.035 -0.015 0 1
0 -0.035 -0.005 0 1
0 -0.035 0.005 0 1
0 -0.035 0.015 0 1
0 -0.035 0.025 0 1
0 -0.035 0.035 0 1
0 -0.035 0.045 0 1
0 -0.035 0.055 0 1
0 -0.035 0.065 0 1
0 -0.035 0.075 0 2
0 -0.035 0.085 0 2
0 -0.035 0.095 0 2
0 -0.035 0.105 0 2
0 -0.035 0.115 0 2
0 -0.035 0.125 0 2
0 -0.035 0.135 0 2
0 -0.035 0.145 0 2
0 -0.035 0.155 0 2
0 -0.035 0.165 0 1
0 -0.035 0.175 0 1
0 -0.035 0.185 0 1
0 -0.035 0.195 0 1
0 -0.035 0.205 0 1
0 -0.035 0.215 0 1
0 -0.035 0.225 0 1
0 -0.035 0.235 0 1
0 -0.035 0.245 0 2
0 -0.035 0.255 0 2
0 -0.035 0.265 0 2
0 -0.035 0.275 0 2
0 -0.035 0.285 0 2
0 -0.035 0.295 0 2
0 -0.035 0.305 0 2
0 -0.035 0.315 0 1
0 -0.035 0.325 0 1
0 -0.035 0.335 0 1
0 -0.035 0.345 0 1
0 -0.035 0.355 0 1
0 -0.035 0.365 0 2
0 -0.035 0.375 0 2
0 -0.035 0.385 0 2
0 -0.035 0.395 0 2
0 -0.035 0.405 0 2
0 -0.035 0.415 0 2
0 -0.035 0.425 0 2
0 -0.035 0.435 0 2
0 -0.035 0.445 0 2
0 -0.035 0.455 0 2
0 -0.035 0.465 0 2
0 -0.025 -0.455 0 2
0 -0.025 -0.445 0 2
0 -0.025 -0.435 0 2
0 -0.025 -0.425 0 2
0 -0.025 -0.415 0 2
0 -0.025 -0.405 0 2
0 -0.025 -0.395 0 2
0 -0.025 -0.385 0 2
0 -0.025 -0.375 0 2
0 -0.025 -0.365 0 2
0 -0.025 -0.355 0 2
0 -0.025 -0.345 0 2
0 -0.025 -0.335 0 2
0 -0.025 -0.325 0 2
0 -0.025 -0.315 0 2
0 -0.025 -0.305 0 2
0 -0.025 -0.295 0 2
0 -0.025 -0.285 0 2
0 -0.025 -0.275 0 2
0 -0.025 -0.265 0 2
0 -0.025 -0.255 0 2
0 -0.025 -0.245 0 2
0 -0.025 -0.235 0 2
0 -0.025 -0.225 0 2
0 -0.025 -0.215 0 2
0 -0.025 -0.205 0 2
0 -0.025 -0.195 0 2
0 -0.025 -0.185 0 2
0 -0.025 -0.175 0 2
0 -0.025 -0.165 0 2
0 -0.025 -0.155 0 2
0 -0.025 -0.145 0 2
0 -0.025 -0.135 0 2
0 -0.025 -0.125 0 2
0 -0.025 -0.115 0 2
0 -0.025 -0.105 0 2
0 -0.025 -0.095 0 2
0 -0.025 -0.085 0 2
0 -0.025 -0.075 0 2
0 -0.025 -0.065 0 2
0 -0.025 -0.055 0 1
0 -0.025 -0.045 0 1
0 -0.025 -0.035 0 1
0 -0.025 -0.025 0 1
0 -0.025 -0.015 0 1
0 -0.025 -0.005 0 1
0 -0.025 0.005 0 1
0 -0.025 0.015 0 1
0 -0.025 0.025 0 1
0 -0.025 0.035 0 1
0 -0.025 0.045 0 1
0 -0.025 0.055 0 1
0 -0.025 0.065 0 2
0 -0.025 0.075 0 2
0 -0.025 0.085 0 2
0 -0.025 0.095 0 2
0 -0.025 0.105 0 2
0 -0.025 0.115 0 2
0 -0.025 0.125 0 2
0 -0.025 0.135 0 2
0 -0.025 0.145 0 2
0 -0.025 0.155 0 2
0 -0.025 0.165 0 2
0 -0.025 0.175 0 2
0 -0.025 0.185 0 2
0 -0.025 0.195 0 1
0 -0.025 0.205 0 1
0 -0.025 0.215 0 1
0 -0.025 0.225 0 2
0 -0.025 0.235 0 2
0 -0.025 0.245 0 2
0 -0.025 0.255 0 2
0 -0.025 0.265 0 2
0 -0.025 0.275 0 2
0 -0.025 0.285 0 2
0 -0.025 0.295 0 2
0 -0.025 0.305 0 2
0 -0.025 0.315 0 2
0 -0.025 0.325 0 2
0 -0.025 0.335 0 2
0 -0.025 0.345 0 2
0 -0.025 0.355 0 2
0 -0.025 0.365 0 2
0 -0.025 0.375 0 1
0 -0.025 0.385 0 1
0 -0.025 0.395 0 1
0 -0.025 0.405 0 2
0 -0.025 0.415 0 2
0 -0.025 0.425 0 2
0 -0.025 0.435 0 2
0 -0.025 0.445 0 2
0 -0.025 0.455 0 2
0 -0.025 0.465 0 2
0 -0.015 -0.455 0 2
0 -0.015 -0.445 0 2
0 -0.015 -0.435 0 2
0 -0.015 -0.425 0 2
0 -0.015 -0.415 0 2
0 -0.015 -0.405 0 2
0 -0.015 -0.395 0 2
0 -0.015 -0.385 0 2
0 -0.015 -0.375 0 2
0 -0.015 -0.365 0 2
0 -0.015 -0.355 0 2
0 -0.015 -0.345 0 2
0 -0.015 -0.335 0 2
0 -0.015 -0.325 0 2
0 -0.015 -0.315 0 2
0 -0.015 -0.305 0 2
0 -0.015 -0.295 0 2
0 -0.015 -0.285 0 2
0 -0.015 -0.275 0 2
0 -0.015 -0.265 0 2
0 -0.015 -0.255 0 2
0 -0.015 -0.245 0 2
0 -0.015 -0.235 0 2
0 -0.015 -0.225 0 2
0 -0.015 -0.215 0 2
0 -0.015 -0.205 0 2
0 -0.015 -0.195 0 2
0 -0.015 -0.185 0 2
0 -0.015 -0.175 0 2
0 -0.015 -0.165 0 2
0 -0.015 -0.155 0 2
0 -0.015 -0.145 0 2
0 -0.015 -0.135 0 2
0 -0.015 -0.125 0 2
0 -0.015 -0.115 0 2
0 -0.015 -0.105 0 2
0 -0.015 -0.095 0 2
0 -0.015 -0.085 0 2
0 -0.015 -0.075 0 2
0 -0.015 -0.065 0 2
0 -0.015 -0.055 0 2
0 -0.015 -0.045 0 1
0 -0.015 -0.035 0 1
0 -0.015 -0.025 0 1
0 -0.015 -0.015 0 2
0 -0.015 -0.005 0 2
0 -0.015 0.005 0 1
0 -0.015 0.015 0 1
0 -0.015 0.025 0 1
0 -0.015 0.035 0 1
0 -0.015 0.045 0 1
0 -0.015 0.055 0 1
0 -0.015 0.065 0 2
0 -0.015 0.075 0 2
0 -0.015 0.085 0 2
0 -0.015 0.095 0 2
0 -0.015 0.105 0 2
0 -0.015 0.115 0 2
0 -0.015 0.125 0 2
0 -0.015 0.135 0 2
0 -0.015 0.145 0 2
0 -0.015 0.155 0 2
0 -0.015 0.165 0 2
0 -0.015 0.175 0 2
0 -0.015 0.185 0 2
0 -0.015 0.195 0 2
0 -0.015 0.205 0 2
0 -0.015 0.215 0 2
0 -0.015 0.225 0 2
0 -0.015 0.235 0 2
0 -0.015 0.245 0 2
0 -0.015 0.255 0 2
0 -0.015 0.265 0 2
0 -0.015 0.275 0 2
0 -0.015 0.285 0 2
0 -0.015 0.295 0 2
0 -0.015 0.305 0 2
0 -0.015 0.315 0 2
0 -0.015 0.325 0 2
0 -0.015 0.335 0 2
0 -0.015 0.345 0 2
0 -0.015 0.355 0 2
0 -0.015 0.365 0 1
0 -0.015 0.375 0 1
0 -0.015 0.385 0 1
0 -0.015 0.395 0 1
0 -0.015 0.405 0 1
0 -0.015 0.415 0 2
0 -0.015 0.425 0 2
0 -0.015 0.435 0 2
0 -0.015 0.445 0 2
0 -0.015 0.455 0 2
0 -0.015 0.465 0 2
0 -0.005 -0.455 0 2
0 -0.005 -0.445 0 2
0 -0.005 -0.435 0 2
0 -0.005 -0.425 0 2
0 -0.005 -0.415 0 2
0 -0.005 -0.405 0 2
0 -0.005 -0.395 0 2
0 -0.005 -0.385 0 2
0 -0.005 -0.375 0 2
0 -0.005 -0.365 0 2
0 -0.005 -0.355 0 2
0 -0.005 -0.345 0 2
0 -0.005 -0.335 0 2
0 -0.005 -0.325 0 2
0 -0.005 -0.315 0 2
0 -0.005 -0.305 0 2
0 -0.005 -0.295 0 2
0 -0.005 -0.285 0 2
0 -0.005 -0.275 0 2
0 -0.005 -0.265 0 2
0 -0.005 -0.255 0 2
0 -0.005 -0.245 0 2
0 -0.005 -0.235 0 2
0 -0.005 -0.225 0 2
0 -0.005 -0.215 0 2
0 -0.005 -0.205 0 2
0 -0.005 -0.195 0 2
0 -0.005 -0.185 0 2
0 -0.005 -0.175 0 2
0 -0.005 -0.165 0 2
0 -0.005 -0.155 0 2
0 -0.005 -0.145 0 2
0 -0.005 -0.135 0 2
0 -0.005 -0.125 0 2
0 -0.005 -0.115 0 2
0 -0.005 -0.105 0 2
0 -0.005 -0.095 0 2
0 -0.005 -0.085 0 2
0 -0.005 -0.075 0 2
0 -0.005 -0.065 0 2
0 -0.005 -0.055 0 2
0 -0.005 -0.045 0 2
0 -0.005 -0.035 0 2
0 -0.005 -0.025 0 2
0 -0.005 -0.015 0 2
0 -0.005 -0.005 0 2
0 -0.005 0.005 0 2
0 -0.005 0.015 0 1
0 -0.005 0.025 0 1
0 -0.005 0.035 0 1
0 -0.005 0.045 0 1
0 -0.005 0.055 0 2
0 -0.005 0.065 0 2
0 -0.005 0.075 0 2
0 -0.005 0.085 0 2
0 -0.005 0.095 0 2
0 -0.005 0.105 0 2
0 -0.005 0.115 0 2
0 -0.005 0.125 0 2
0 -0.005 0.135 0 2
0 -0.005 0.145 0 2
0 -0.005 0.155 0 2
0 -0.005 0.165 0 2
0 -0.005 0.175 0 2
0 -0.005 0.185 0 2
0 -0.005 0.195 0 2
0 -0.005 0.205 0 2
0 -0.005 0.215 0 2
0 -0.005 0.225 0 2
0 -0.005 0.235 0 2
0 -0.005 0.245 0 2
0 -0.005 0.255 0 2
0 -0.005 0.265 0 2
0 -0.005 0.275 0 2
0 -0.005 0.285 0 2
0 -0.005 0.295 0 2
0 -0.005 0.305 0 2
0 -0.005 0.315 0 2
0 -0.005 0.325 0 2
0 -0.005 0.335 0 2
0 -0.005 0.345 0 2
0 -0.005 0.355 0 2
0 -0.005 0.365 0 1
0 -0.005 0.375 0 1
0 -0.005 0.385 0 1
0 -0.005 0.395 0 1
0 -0.005 0.405 0 1
0 -0.005 0.415 0 1
0 -0.005 0.425 0 2
0 -0.005 0.435 0 2
0 -0.005 0.445 0 2
0 -0.005 0.455 0 2
0 -0.005 0.465 0 2
0 0.005 -0.455 0 1
0 0.005 -0.445 0 2
0 0.005 -0.435 0 2
0 0.005 -0.425 0 2
0 0.005 -0.415 0 2
0 0.005 -0.405 0 2
0 0.005 -0.395 4.616450964e-05 2
0 0.005 -0.385 5.750686499e-05 2
0 0.005 -0.375 5.633626226e-05 2
0 0.005 -0.365 4.844058225e-05 2
0 0.005 -0.355 3.50593918e-05 2
0 0.005 -0.345 1.851786181e-05 2
0 0.005 -0.335 6.173009425e-09 2
0 0.005 -0.325 -1.925954875e-05 2
0 0.005 -0.315 -3.837929755e-05 2
0 0.005 -0.305 -5.638460476e-05 2
0 0.005 -0.295 -7.285840231e-05 2
0 0.005 -0.285 -8.79662172e-05 2
0 0.005 -0.275 -0.0001023170287 2
0 0.005 -0.265 -0.0001225415189 2
0 0.005 -0.255 -0.0001551920801 2
0 0.005 -0.245 -0.0001976690726 2
0 0.005 -0.235 -0.0002393199564 2
0 0.005 -0.225 -0.0002699467921 2
0 0.005 -0.215 -0.0002952763668 2
0 0.005 -0.205 -0.0003173386793 2
0 0.005 -0.195 -0.000338560176 2
0 0.005 -0.185 -0.0003560066254 2
0 0.005 -0.175 -0.0003711746858 2
0 0.005 -0.165 -0.0003847038488 2
0 0.005 -0.155 -0.0003972192976 2
0 0.005 -0.145 -0.0004090531205 2
0 0.005 -0.135 -0.0004205141346 2
0 0.005 -0.125 -0.0004318535428 2
0 0.005 -0.115 -0.0004432332371 2
0 0.005 -0.105 -0.0004547240897 2
0 0.005 -0.095 -0.0004663004519 2
0 0.005 -0.085 -0.0004778033169 2
0 0.005 -0.075 -0.0004889689928 2
0 0.005 -0.065 -0.0004968116062 2
0 0.005 -0.055 -0.000500791008 2
0 0.005 -0.045 -0.0004989702363 2
0 0.005 -0.035 -0.0005047561617 2
0 0.005 -0.025 -0.0005155537128 2
0 0.005 -0.015 -0.0005298864146 2
0 0.005 -0.005 -0.0005298581625 2
0 0.005 0.005 -0.0005136209306 2
0 0.005 0.015 -0.0004777361886 2
0 0.005 0.025 -0.0004668738322 2
0 0.005 0.035 -0.0004654037759 2
0 0.005 0.045 -0.0004733933348 2
0 0.005 0.055 -0.0005080145303 2
0 0.005 0.065 -0.0005285344715 2
0 0.005 0.075 -0.0005368452484 2
0 0.005 0.085 -0.0005349415148 2
0 0.005 0.095 -0.0005268685625 2
0 0.005 0.105 -0.0005163972149 2
0 0.005 0.115 -0.0005040559165 2
0 0.005 0.125 -0.0004902563455 2
0 0.005 0.135 -0.0004754611025 2
0 0.005 0.145 -0.0004603609035 2
0 0.005 0.155 -0.0004494102946 2
0 0.005 0.165 -0.0004420601382 2
0 0.005 0.175 -0.0004325092091 2
0 0.005 0.185 -0.0004103349665 1
0 0.005 0.195 -0.000370202891 1
0 0.005 0.205 -0.0003304474748 1
0 0.005 0.215 -0.0002945055295 1
0 0.005 0.225 -0.0002606779163 1
0 0.005 0.235 -0.0002306204094 2
0 0.005 0.245 -0.0001943691351 2
0 0.005 0.255 -0.0001574656773 2
0 0.005 0.265 -0.000129572145 2
0 0.005 0.275 -0.000110632454 2
0 0.005 0.285 -9.446376138e-05 2
0 0.005 0.295 -7.752907904e-05 2
0 0.005 0.305 -5.976146098e-05 2
0 0.005 0.315 -4.145638833e-05 2
0 0.005 0.325 -2.363151517e-05 2
0 0.005 0.335 -8.557730108e-06 2
0 0.005 0.345 1.463129965e-06 2
0 0.005 0.355 1.401200269e-05 1
0 0.005 0.365 2.552785592e-05 1
0 0.005 0.375 3.622794743e-05 1
0 0.005 0.385 4.044330007e-05 1
0 0.005 0.395 3.354608593e-05 1
0 0.005 0.405 0 1
0 0.005 0.415 0 1
0 0.005 0.425 0 1
0 0.005 0.435 0 2
0 0.005 0.445 0 2
0 0.005 0.455 0 2
0 0.005 0.465 0 2
0 0.015 -0.455 0 1
0 0.015 -0.445 0 2
0 0.015 -0.435 0 2
0 0.015 -0.425 0 2
0 0.015 -0.415 0 2
0 0.015 -0.405 0 2
0 0.015 -0.395 7.274144442e-05 2
0 0.015 -0.385 9.488484085e-05 2
0 0.015 -0.375 9.748783092e-05 2
0 0.015 -0.365 8.745570921e-05 2
0 0.015 -0.355 6.784581351e-05 2
0 0.015 -0.345 4.250721249e-05 2
0 0.015 -0.335 1.367975377e-05 2
0 0.015 -0.325 -1.650348533e-05 2
0 0.015 -0.315 -4.641944696e-05 2
0 0.015 -0.305 -7.432202585e-05 2
0 0.015 -0.295 -9.942180804e-05 2
0 0.015 -0.285 -0.0001188998157 2
0 0.015 -0.275 -0.0001381492207 2
0 0.015 -0.265 -0.000168957951 2
0 0.015 -0.255 -0.0002195121218 2
0 0.015 -0.245 -0.0002820036737 2
0 0.015 -0.235 -0.000343310741 2
0 0.015 -0.225 -0.0003959021946 2
0 0.015 -0.215 -0.0004431529592 2
0 0.015 -0.205 -0.0004803842844 2
0 0.015 -0.195 -0.0005110956688 2
0 0.015 -0.185 -0.0005360274128 2
0 0.015 -0.175 -0.0005590952093 2
0 0.015 -0.165 -0.0005789254053 2
0 0.015 -0.155 -0.0005968922583 2
0 0.015 -0.145 -0.0006138567616 2
0 0.015 -0.135 -0.0006304228878 2
0 0.015 -0.125 -0.0006470309651 2
0 0.015 -0.115 -0.0006640085086 2
0 0.015 -0.105 -0.0006815003864 2
0 0.015 -0.095 -0.0006994814584 2
0 0.015 -0.085 -0.0007176698865 2
0 0.015 -0.075 -0.0007356138052 2
0 0.015 -0.065 -0.0007524574229 2
0 0.015 -0.055 -0.0007679992436 2
0 0.015 -0.045 -0.0007818942268 2
0 0.015 -0.035 -0.0007961149446 2
0 0.015 -0.025 -0.0008094231383 2
0 0.015 -0.015 -0.0008203890943 2
0 0.015 -0.005 -0.0008213119996 2
0 0.015 0.005 -0.0008104047018 2
0 0.015 0.015 -0.0007845288747 2
0 0.015 0.025 -0.0007714273752 2
0 0.015 0.035 -0.0007695746903 2
0 0.015 0.045 -0.000780307679 2
0 0.015 0.055 -0.0008066174212 2
0 0.015 0.065 -0.0008216178702 2
0 0.015 0.075 -0.0008257626649 2
0 0.015 0.085 -0.0008189125238 2
0 0.015 0.095 -0.0008066927632 2
0 0.015 0.105 -0.000790449366 2
0 0.015 0.115 -0.0007710530421 2
0 0.015 0.125 -0.0007491477457 2
0 0.015 0.135 -0.0007253472873 2
0 0.015 0.145 -0.0007008150055 2
0 0.015 0.155 -0.00067900203 2
0 0.015 0.165 -0.000662121806 2
0 0.015 0.175 -0.0006428820304 2
0 0.015 0.185 -0.000588159861 1
0 0.015 0.195 -0.0005265267526 1
0 0.015 0.205 -0.0004666885947 1
0 0.015 0.215 -0.0004131645698 1
0 0.015 0.225 -0.0003627068047 1
0 0.015 0.235 -0.0003203282925 1
0 0.015 0.245 -0.0002719389701 1
0 0.015 0.255 -0.000226116596 2
0 0.015 0.265 -0.0001807993434 2
0 0.015 0.275 -0.0001502762528 2
0 0.015 0.285 -0.0001277860763 2
0 0.015 0.295 -0.0001051484346 2
0 0.015 0.305 -7.856148056e-05 2
0 0.015 0.315 -5.105387648e-05 2
0 0.015 0.325 -2.415799676e-05 2
0 0.015 0.335 -2.130375994e-06 2
0 0.015 0.345 1.40893045e-05 2
0 0.015 0.355 3.064711973e-05 1
0 0.015 0.365 4.829767098e-05 1
0 0.015 0.375 6.198772568e-05 1
0 0.015 0.385 6.557378135e-05 1
0 0.015 0.395 5.146267393e-05 1
0 0.015 0.405 0 1
0 0.015 0.415 0 1
0 0.015 0.425 0 1
0 0.015 0.435 0 2
0 0.015 0.445 0 2
0 0.015 0.455 0 2
0 0.015 0.465 0 2
0 0.025 -0.455 0 1
0 0.025 -0.445 0 1
0 0.025 -0.435 0 2
0 0.025 -0.425 0 2
0 0.025 -0.415 0 2
0 0.025 -0.405 0 2
0 0.025 -0.395 9.821571746e-05 2
0 0.025 -0.385 0.0001331161675 2
0 0.025 -0.375 0.0001421420141 2
0 0.025 -0.365 0.0001315345452 2
0 0.025 -0.355 0.0001066031972 2
0 0.025 -0.345 7.273896656e-05 2
0 0.025 -0.335 3.348677979e-05 2
0 0.025 -0.325 -7.952621622e-06 2
0 0.025 -0.315 -4.910652037e-05 2
0 0.025 -0.305 -8.749372246e-05 2
0 0.025 -0.295 -0.0001217175387 2
0 0.025 -0.285 -0.0001459441451 2
0 0.025 -0.275 -0.0001705965134 2
0 0.025 -0.265 -0.0002105727756 2
0 0.025 -0.255 -0.00026859297 1
0 0.025 -0.245 -0.0003461378582 1
0 0.025 -0.235 -0.0004222322228 1
0 0.025 -0.225 -0.0005012078017 2
0 0.025 -0.215 -0.0005719941036 2
0 0.025 -0.205 -0.0006325652972 2
0 0.025 -0.195 -0.0006791051895 2
0 0.025 -0.185 -0.0007137605452 2
0 0.025 -0.175 -0.0007423647459 2
0 0.025 -0.165 -0.0007680267832 2
0 0.025 -0.155 -0.0007906640009 2
0 0.025 -0.145 -0.0008118260032 2
0 0.025 -0.135 -0.0008326809486 2
0 0.025 -0.125 -0.0008539200875 2
0 0.025 -0.115 -0.0008760990036 2
0 0.025 -0.105 -0.0008994771613 2
0 0.025 -0.095 -0.0009240495743 2
0 0.025 -0.085 -0.0009494742793 2
0 0.025 -0.075 -0.0009751701344 2
0 0.025 -0.065 -0.001000310322 2
0 0.025 -0.055 -0.001024455372 2
0 0.025 -0.045 -0.0010472213 2
0 0.025 -0.035 -0.001068992917 2
0 0.025 -0.025 -0.001088454253 2
0 0.025 -0.015 -0.001103780303 2
0 0.025 -0.005 -0.001111564945 2
0 0.025 0.005 -0.001111416614 2
0 0.025 0.015 -0.001104525162 2
0 0.025 0.025 -0.001100018577 2
0 0.025 0.035 -0.001099811435 2
0 0.025 0.045 -0.001104690279 2
0 0.025 0.055 -0.00111379966 2
0 0.025 0.065 -0.001118405925 2
0 0.025 0.075 -0.001116160984 2
0 0.025 0.085 -0.001105950909 2
0 0.025 0.095 -0.001089121769 2
0 0.025 0.105 -0.00106686699 2
0 0.025 0.115 -0.001040247309 2
0 0.025 0.125 -0.001010050193 2
0 0.025 0.135 -0.000977067186 2
0 0.025 0.145 -0.0009427557164 2
0 0.025 0.155 -0.0009088310022 2
0 0.025 0.165 -0.0008793433507 2
0 0.025 0.175 -0.0008334656621 1
0 0.025 0.185 -0.0007601118087 1
0 0.025 0.195 -0.0006749697147 1
0 0.025 0.205 -0.0005937301958 1
0 0.025 0.215 -0.0005230925634 1
0 0.025 0.225 -0.0004568837175 1
0 0.025 0.235 -0.0003964273411 1
0 0.025 0.245 -0.0003338322859 1
0 0.025 0.255 -0.0002721674675 1
0 0.025 0.265 -0.0002214543483 2
0 0.025 0.275 -0.0001826452315 2
0 0.025 0.285 -0.0001540371469 2
0 0.025 0.295 -0.0001262175933 2
0 0.025 0.305 -9.142866374e-05 2
0 0.025 0.315 -5.529688568e-05 2
0 0.025 0.325 -1.991574808e-05 2
0 0.025 0.335 8.146585279e-06 2
0 0.025 0.345 3.09776162e-05 2
0 0.025 0.355 5.210500112e-05 2
0 0.025 0.365 7.606015569e-05 1
0 0.025 0.375 9.049212802e-05 1
0 0.025 0.385 9.024441555e-05 1
0 0.025 0.395 6.803164541e-05 1
0 0.025 0.405 0 1
0 0.025 0.415 0 1
0 0.025 0.425 0 1
0 0.025 0.435 0 2
0 0.025 0.445 0 2
0 0.025 0.455 0 2
0 0.025 0.465 0 2
0 0.035 -0.455 0 1
0 0.035 -0.445 0 1
0 0.035 -0.435 0 2
0 0.035 -0.425 0 2
0 0.035 -0.415 0 2
0 0.035 -0.405 0 2
0 0.035 -0.395 0.0001210559289 2
0 0.035 -0.385 0.000168521719 2
0 0.035 -0.375 0.0001853885284 2
0 0.035 -0.365 0.000176700181 2
0 0.035 -0.355 0.0001491532141 2
0 0.035 -0.345 0.0001093980623 2
0 0.035 -0.335 6.228756161e-05 2
0 0.035 -0.325 1.209048135e-05 2
0 0.035 -0.315 -3.786182681e-05 2
0 0.035 -0.305 -8.458730693e-05 2
0 0.035 -0.295 -0.0001258853457 2
0 0.035 -0.285 -0.0001543668772 2
0 0.035 -0.275 -0.0001813939187 2
0 0.035 -0.265 -0.0002137294962 1
0 0.035 -0.255 -0.0002871869136 1
0 0.035 -0.245 -0.0003767767867 1
0 0.035 -0.235 -0.0004659475382 1
0 0.035 -0.225 -0.0005537920079 1
0 0.035 -0.215 -0.0006353124131 1
0 0.035 -0.205 -0.0007196466601 2
0 0.035 -0.195 -0.0007857342851 2
0 0.035 -0.185 -0.0008331351904 2
0 0.035 -0.175 -0.0008660725474 2
0 0.035 -0.165 -0.0008923216008 2
0 0.035 -0.155 -0.0009168344942 2
0 0.035 -0.145 -0.000939305623 2
0 0.035 -0.135 -0.0009617126393 2
0 0.035 -0.125 -0.0009851625219 2
0 0.035 -0.115 -0.001010395017 2
0 0.035 -0.105 -0.001037817124 2
0 0.035 -0.095 -0.001067470208 2
0 0.035 -0.085 -0.001099049312 2
0 0.035 -0.075 -0.001131949275 2
0 0.035 -0.065 -0.001165316253 2
0 0.035 -0.055 -0.00119829178 2
0 0.035 -0.045 -0.001229963542 2
0 0.035 -0.035 -0.001259554376 2
0 0.035 -0.025 -0.001285666129 2
0 0.035 -0.015 -0.001306735089 2
0 0.035 -0.005 -0.001320996316 2
0 0.035 0.005 -0.001328405422 2
0 0.035 0.015 -0.001330300355 2
0 0.035 0.025 -0.0013309946 2
0 0.035 0.035 -0.001332386244 2
0 0.035 0.045 -0.001335031703 2
0 0.035 0.055 -0.001337805314 2
0 0.035 0.065 -0.001336558352 2
0 0.035 0.075 -0.001329223443 2
0 0.035 0.085 -0.001314747518 2
0 0.035 0.095 -0.001293604556 2
0 0.035 0.105 -0.001266532351 2
0 0.035 0.115 -0.001234364599 2
0 0.035 0.125 -0.001197834718 2
0 0.035 0.135 -0.001157772164 2
0 0.035 0.145 -0.001115390016 2
0 0.035 0.155 -0.001072244818 2
0 0.035 0.165 -0.001031488897 2
0 0.035 0.175 -0.0009711313398 2
0 0.035 0.185 -0.000882445104 1
0 0.035 0.195 -0.0007843350708 1
0 0.035 0.205 -0.0006894600497 1
0 0.035 0.215 -0.0006048829213 1
0 0.035 0.225 -0.0005246404806 1
0 0.035 0.235 -0.0004464781133 1
0 0.035 0.245 -0.0003672957077 1
0 0.035 0.255 -0.0002889536948 1
0 0.035 0.265 -0.0002208306632 1
0 0.035 0.275 -0.0001885023425 2
0 0.035 0.285 -0.0001572609054 2
0 0.035 0.295 -0.000126109587 2
0 0.035 0.305 -8.642813824e-05 2
0 0.035 0.315 -4.471073259e-05 2
0 0.035 0.325 -4.044151147e-06 2
0 0.035 0.335 3.007827456e-05 2
0 0.035 0.345 5.678873181e-05 2
0 0.035 0.355 8.033931573e-05 2
0 0.035 0.365 0.0001035361514 1
0 0.035 0.375 0.0001160297717 1
0 0.035 0.385 0.0001102052214 1
0 0.035 0.395 8.16334158e-05 1
0 0.035 0.405 0 1
0 0.035 0.415 0 1
0 0.035 0.425 0 1
0 0.035 0.435 0 1
0 0.035 0.445 0 2
0 0.035 0.455 0 2
0 0.035 0.465 0 2
0 0.045 -0.455 0 1
0 0.045 -0.445 0 1
0 0.045 -0.435 0 2
0 0.045 -0.425 0 2
0 0.045 -0.415 0 2
0 0.045 -0.405 0 2
0 0.045 -0.395 0.000142793555 2
0 0.045 -0.385 0.0002034774393 2
0 0.045 -0.375 0.0002294258741 2
0 0.045 -0.365 0.0002243246589 2
0 0.045 -0.355 0.0001961148161 2
0 0.045 -0.345 0.0001523411312 2
0 0.045 -0.335 9.900462679e-05 2
0 0.045 -0.325 4.152772799e-05 2
0 0.045 -0.315 -1.559476029e-05 2
0 0.045 -0.305 -6.925463175e-05 2
0 0.045 -0.295 -0.0001165097188 2
0 0.045 -0.285 -0.0001476550258 2
0 0.045 -0.275 -0.0001742936139 2
0 0.045 -0.265 -0.0002070616863 1
0 0.045 -0.255 -0.0002897784597 1
0 0.045 -0.245 -0.0003881170717 1
0 0.045 -0.235 -0.0004850017912 1
0 0.045 -0.225 -0.0005801034774 1
0 0.045 -0.215 -0.000671255256 1
0 0.045 -0.205 -0.000763283835 1
0 0.045 -0.195 -0.0008491246043 2
0 0.045 -0.185 -0.0009090464602 2
0 0.045 -0.175 -0.0009471652918 2
0 0.045 -0.165 -0.0009727669517 2
0 0.045 -0.155 -0.0009962347386 2
0 0.045 -0.145 -0.001017462207 2
0 0.045 -0.135 -0.001039069502 2
0 0.045 -0.125 -0.00106275764 2
0 0.045 -0.115 -0.001089375409 2
0 0.045 -0.105 -0.001119495352 2
0 0.045 -0.095 -0.001153234709 2
0 0.045 -0.085 -0.001190285475 2
0 0.045 -0.075 -0.001229916943 2
0 0.045 -0.065 -0.001271043051 2
0 0.045 -0.055 -0.001312400526 2
0 0.045 -0.045 -0.001352606935 2
0 0.045 -0.035 -0.001390286847 2
0 0.045 -0.025 -0.001423920916 2
0 0.045 -0.015 -0.001452117604 2
0 0.045 -0.005 -0.001473776007 2
0 0.045 0.005 -0.001488834997 2
0 0.045 0.015 -0.001498195464 2
0 0.045 0.025 -0.001503896808 2
0 0.045 0.035 -0.00150720263 2
0 0.045 0.045 -0.001508511541 2
0 0.045 0.055 -0.001507162474 2
0 0.045 0.065 -0.001501288104 2
0 0.045 0.075 -0.001489570645 2
0 0.045 0.085 -0.001471256361 2
0 0.045 0.095 -0.001446379679 2
0 0.045 0.105 -0.001415323458 2
0 0.045 0.115 -0.00137867491 2
0 0.045 0.125 -0.001337082242 2
0 0.045 0.135 -0.001291307321 2
0 0.045 0.145 -0.001242162521 2
0 0.045 0.155 -0.001190724378 2
0 0.045 0.165 -0.001137356145 2
0 0.045 0.175 -0.001069962308 2
0 0.045 0.185 -0.0009703563322 1
0 0.045 0.195 -0.0008658664009 1
0 0.045 0.205 -0.0007610973044 1
0 0.045 0.215 -0.0006634649616 1
0 0.045 0.225 -0.0005707366867 1
0 0.045 0.235 -0.0004805542001 1
0 0.045 0.245 -0.0003896781489 1
0 0.045 0.255 -0.0002978212224 1
0 0.045 0.265 -0.0002140901339 1
0 0.045 0.275 -0.0001719109711 2
0 0.045 0.285 -0.0001388124566 2
0 0.045 0.295 -0.00010738086 2
0 0.045 0.305 -6.714306655e-05 2
0 0.045 0.315 -2.156043202e-05 2
0 0.045 0.325 2.226004982e-05 2
0 0.045 0.335 6.088451323e-05 2
0 0.045 0.345 8.787349352e-05 2
0 0.045 0.355 0.0001110765282 2
0 0.045 0.365 0.0001324073296 1
0 0.045 0.375 0.0001412927293 1
0 0.045 0.385 0.0001275983151 1
0 0.045 0.395 9.236588261e-05 1
0 0.045 0.405 0 1
0 0.045 0.415 0 1
0 0.045 0.425 0 1
0 0.045 0.435 0 1
0 0.045 0.445 0 2
0 0.045 0.455 0 2
0 0.045 0.465 0 2
0 0.055 -0.455 0 1
0 0.055 -0.445 0 2
0 0.055 -0.435 0 2
0 0.055 -0.425 0 2
0 0.055 -0.415 0 2
0 0.055 -0.405 0 2
0 0.055 -0.395 0.0001627782899 2
0 0.055 -0.385 0.0002396285144 2
0 0.055 -0.375 0.0002780225501 2
0 0.055 -0.365 0.0002796603363 2
0 0.055 -0.355 0.0002534069384 2
0 0.055 -0.345 0.0002065891471 2
0 0.055 -0.335 0.0001465573317 2
0 0.055 -0.325 8.131346522e-05 2
0 0.055 -0.315 1.83923316e-05 2
0 0.055 -0.305 -4.070742905e-05 2
0 0.055 -0.295 -9.261698526e-05 2
0 0.055 -0.285 -0.0001257242517 2
0 0.055 -0.275 -0.0001539152139 2
0 0.055 -0.265 -0.0001915734084 1
0 0.055 -0.255 -0.0002811111358 1
0 0.055 -0.245 -0.0003822088925 1
0 0.055 -0.235 -0.0004793784382 1
0 0.055 -0.225 -0.0005778605177 1
0 0.055 -0.215 -0.0006769097619 1
0 0.055 -0.205 -0.000774910861 1
0 0.055 -0.195 -0.0008645406854 1
0 0.055 -0.185 -0.0009391452418 2
0 0.055 -0.175 -0.0009834529961 2
0 0.055 -0.165 -0.001006823221 2
0 0.055 -0.155 -0.001023272254 2
0 0.055 -0.145 -0.001040242822 2
0 0.055 -0.135 -0.001058422848 2
0 0.055 -0.125 -0.00108009065 2
0 0.055 -0.115 -0.001106159896 2
0 0.055 -0.105 -0.001137364783 2
0 0.055 -0.095 -0.001173950521 2
0 0.055 -0.085 -0.001215629508 2
0 0.055 -0.075 -0.00126151754 2
0 0.055 -0.065 -0.001310188145 2
0 0.055 -0.055 -0.001359898562 2
0 0.055 -0.045 -0.001408746742 2
0 0.055 -0.035 -0.001454866132 2
0 0.055 -0.025 -0.001496503275 2
0 0.055 -0.015 -0.001532228021 2
0 0.055 -0.005 -0.001561093131 2
0 0.055 0.005 -0.001582925764 2
0 0.055 0.015 -0.001598254198 2
0 0.055 0.025 -0.00160817284 2
0 0.055 0.035 -0.001613533477 2
0 0.055 0.045 -0.001614693526 2
0 0.055 0.055 -0.001611382321 2
0 0.055 0.065 -0.001602753634 2
0 0.055 0.075 -0.001588069444 2
0 0.055 0.085 -0.001566873713 2
0 0.055 0.095 -0.001539138064 2
0 0.055 0.105 -0.001505113671 2
0 0.055 0.115 -0.001465240689 2
0 0.055 0.125 -0.001420037995 2
0 0.055 0.135 -0.001370112086 2
0 0.055 0.145 -0.001315987246 2
0 0.055 0.155 -0.001257892493 2
0 0.055 0.165 -0.001197045922 2
0 0.055 0.175 -0.001127189844 2
0 0.055 0.185 -0.001026182208 1
0 0.055 0.195 -0.0009184401861 1
0 0.055 0.205 -0.0008053128094 1
0 0.055 0.215 -0.0006978071572 1
0 0.055 0.225 -0.0005938684667 1
0 0.055 0.235 -0.0004934006788 1
0 0.055 0.245 -0.0003938060652 1
0 0.055 0.255 -0.0002912977722 1
0 0.055 0.265 -0.0001953314408 1
0 0.055 0.275 -0.0001416250497 2
0 0.055 0.285 -0.0001068705999 2
0 0.055 0.295 -7.476634769e-05 2
0 0.055 0.305 -3.149048514e-05 2
0 0.055 0.315 1.610725942e-05 2
0 0.055 0.325 6.098032435e-05 2
0 0.055 0.335 9.963140724e-05 2
0 0.055 0.345 0.0001246061125 2
0 0.055 0.355 0.0001438382992 2
0 0.055 0.365 0.0001618988828 2
0 0.055 0.375 0.0001677135505 1
0 0.055 0.385 0.0001460931291 1
0 0.055 0.395 0.0001017103042 1
0 0.055 0.405 0 1
0 0.055 0.415 0 1
0 0.055 0.425 0 1
0 0.055 0.435 0 2
0 0.055 0.445 0 2
0 0.055 0.455 0 2
0 0.055 0.465 0 2
0 0.065 -0.455 0 2
0 0.065 -0.445 0 2
0 0.065 -0.435 0 2
0 0.065 -0.425 0 2
0 0.065 -0.415 0 2
0 0.065 -0.405 0 2
0 0.065 -0.395 0.000183577209 2
0 0.065 -0.385 0.0002755778266 2
0 0.065 -0.375 0.0003248585651 2
0 0.065 -0.365 0.0003333661946 2
0 0.065 -0.355 0.0003119660753 2
0 0.065 -0.345 0.0002664105397 2
0 0.065 -0.335 0.0002024278008 2
0 0.065 -0.325 0.0001301080238 2
0 0.065 -0.315 6.182601582e-05 2
0 0.065 -0.305 -7.775423846e-07 2
0 0.065 -0.295 -5.624198951e-05 2
0 0.065 -0.285 -9.639592094e-05 2
0 0.065 -0.275 -0.0001283677302 2
0 0.065 -0.265 -0.0001674262582 1
0 0.065 -0.255 -0.0002552027142 1
0 0.065 -0.245 -0.0003582584259 1
0 0.065 -0.235 -0.0004585784504 1
0 0.065 -0.225 -0.0005572131681 1
0 0.065 -0.215 -0.0006562076271 1
0 0.065 -0.205 -0.0007554615063 1
0 0.065 -0.195 -0.0008504267147 1
0 0.065 -0.185 -0.0009308565465 2
0 0.065 -0.175 -0.000978730113 2
0 0.065 -0.165 -0.000995050977 2
0 0.065 -0.155 -0.001001228221 2
0 0.065 -0.145 -0.001010666847 2
0 0.065 -0.135 -0.001022819666 2
0 0.065 -0.125 -0.001040213867 2
0 0.065 -0.115 -0.001063761618 2
0 0.065 -0.105 -0.001094353146 2
0 0.065 -0.095 -0.001132480384 2
0 0.065 -0.085 -0.001177936386 2
0 0.065 -0.075 -0.001229664343 2
0 0.065 -0.065 -0.001285770544 2
0 0.065 -0.055 -0.001343943282 2
0 0.065 -0.045 -0.001401680031 2
0 0.065 -0.035 -0.001456599034 2
0 0.065 -0.025 -0.001506615518 2
0 0.065 -0.015 -0.001550133509 2
0 0.065 -0.005 -0.001586154795 2
0 0.065 0.005 -0.00161436668 2
0 0.065 0.015 -0.001635041043 2
0 0.065 0.025 -0.001648841903 2
0 0.065 0.035 -0.001656411066 2
0 0.065 0.045 -0.001658141342 2
0 0.065 0.055 -0.001654070425 2
0 0.065 0.065 -0.001643926192 2
0 0.065 0.075 -0.001627408944 2
0 0.065 0.085 -0.001604335419 2
0 0.065 0.095 -0.001574737205 2
0 0.065 0.105 -0.001538827013 2
0 0.065 0.115 -0.001496955635 2
0 0.065 0.125 -0.001449541183 2
0 0.065 0.135 -0.001397030018 2
0 0.065 0.145 -0.00133981442 2
0 0.065 0.155 -0.001277928953 2
0 0.065 0.165 -0.001213006294 2
0 0.065 0.175 -0.001140435572 2
0 0.065 0.185 -0.001047854773 2
0 0.065 0.195 -0.0009339174796 1
0 0.065 0.205 -0.0008196399039 1
0 0.065 0.215 -0.0007094675085 1
0 0.065 0.225 -0.0005977488721 1
0 0.065 0.235 -0.0004874033721 1
0 0.065 0.245 -0.0003789348274 1
0 0.065 0.255 -0.0002685949493 1
0 0.065 0.265 -0.0001640348244 1
0 0.065 0.275 -9.421405306e-05 1
0 0.065 0.285 -6.323377328e-05 2
0 0.065 0.295 -2.644241485e-05 2
0 0.065 0.305 2.069312201e-05 2
0 0.065 0.315 6.875601662e-05 2
0 0.065 0.325 0.0001127693418 2
0 0.065 0.335 0.0001491249109 2
0 0.065 0.345 0.000172671157 2
0 0.065 0.355 0.000185660374 2
0 0.065 0.365 0.0001937507147 2
0 0.065 0.375 0.0001933989514 2
0 0.065 0.385 0.0001671569672 1
0 0.065 0.395 0.0001138003756 1
0 0.065 0.405 0 1
0 0.065 0.415 0 1
0 0.065 0.425 0 1
0 0.065 0.435 0 2
0 0.065 0.445 0 2
0 0.065 0.455 0 2
0 0.065 0.465 0 2
0 0.075 -0.455 0 2
0 0.075 -0.445 0 2
0 0.075 -0.435 0 2
0 0.075 -0.425 0 2
0 0.075 -0.415 0 2
0 0.075 -0.405 0 2
0 0.075 -0.395 0.0002030883268 2
0 0.075 -0.385 0.0003027412231 2
0 0.075 -0.375 0.000361428625 2
0 0.075 -0.365 0.0003853707056 1
0 0.075 -0.355 0.0003705016156 1
0 0.075 -0.345 0.0003276234686 1
0 0.075 -0.335 0.000261441292 1
0 0.075 -0.325 0.0001800822027 2
0 0.075 -0.315 0.0001089127287 2
0 0.075 -0.305 4.725537946e-05 2
0 0.075 -0.295 -9.696643134e-06 2
0 0.075 -0.285 -5.59368862e-05 2
0 0.075 -0.275 -9.24531982e-05 2
0 0.075 -0.265 -0.0001344726334 1
0 0.075 -0.255 -0.0002167541495 1
0 0.075 -0.245 -0.0003192927343 1
0 0.075 -0.235 -0.0004197111069 1
0 0.075 -0.225 -0.0005178886116 1
0 0.075 -0.215 -0.0006141678454 1
0 0.075 -0.205 -0.0007114184058 1
0 0.075 -0.195 -0.0008078116274 1
0 0.075 -0.185 -0.0008832861205 1
0 0.075 -0.175 -0.0009336118895 2
0 0.075 -0.165 -0.000937494071 2
0 0.075 -0.155 -0.0009306244602 2
0 0.075 -0.145 -0.0009290875167 2
0 0.075 -0.135 -0.0009325832695 2
0 0.075 -0.125 -0.0009434462096 2
0 0.075 -0.115 -0.0009623565996 2
0 0.075 -0.105 -0.0009903776436 2
0 0.075 -0.095 -0.001028547056 2
0 0.075 -0.085 -0.001076889304 2
0 0.075 -0.075 -0.001134177389 2
0 0.075 -0.065 -0.001197808222 2
0 0.075 -0.055 -0.001264760762 2
0 0.075 -0.045 -0.001331783603 2
0 0.075 -0.035 -0.00139588994 2
0 0.075 -0.025 -0.001454562479 2
0 0.075 -0.015 -0.001505952588 2
0 0.075 -0.005 -0.001548940409 2
0 0.075 0.005 -0.001583117126 2
0 0.075 0.015 -0.001608643615 2
0 0.075 0.025 -0.001626039084 2
0 0.075 0.035 -0.001635903564 2
0 0.075 0.045 -0.001638726102 2
0 0.075 0.055 -0.001634788728 2
0 0.075 0.065 -0.001624177742 2
0 0.075 0.075 -0.001606906035 2
0 0.075 0.085 -0.001583009199 2
0 0.075 0.095 -0.001552615435 2
0 0.075 0.105 -0.001515952708 2
0 0.075 0.115 -0.001473332823 2
0 0.075 0.125 -0.001425114124 2
0 0.075 0.135 -0.001371644368 2
0 0.075 0.145 -0.001313291774 2
0 0.075 0.155 -0.001250064392 2
0 0.075 0.165 -0.001183086583 2
0 0.075 0.175 -0.001110305444 2
0 0.075 0.185 -0.001024433182 2
0 0.075 0.195 -0.0009218781215 2
0 0.075 0.205 -0.0008036399036 1
0 0.075 0.215 -0.0006919090622 1
0 0.075 0.225 -0.0005760859389 1
0 0.075 0.235 -0.0004617534639 1
0 0.075 0.245 -0.0003494577253 1
0 0.075 0.255 -0.000236864874 1
0 0.075 0.265 -0.0001285744828 1
0 0.075 0.275 -5.614299608e-05 2
0 0.075 0.285 -2.297538155e-06 2
0 0.075 0.295 4.112648667e-05 2
0 0.075 0.305 8.930441679e-05 2
0 0.075 0.315 0.0001365202708 2
0 0.075 0.325 0.0001779564425 2
0 0.075 0.335 0.0002102769143 2
0 0.075 0.345 0.0002315555978 2
0 0.075 0.355 0.000239348445 2
0 0.075 0.365 0.0002348875188 2
0 0.075 0.375 0.0002206933167 2
0 0.075 0.385 0.0001898195466 2
0 0.075 0.395 0.000129706396 1
0 0.075 0.405 0 1
0 0.075 0.415 0 1
0 0.075 0.425 0 2
0 0.075 0.435 0 2
0 0.075 0.445 0 2
0 0.075 0.455 0 2
0 0.075 0.465 0 2
0 0.085 -0.455 0 1
0 0.085 -0.445 0 1
0 0.085 -0.435 0 1
0 0.085 -0.425 0 1
0 0.085 -0.415 0 1
0 0.085 -0.405 0 1
0 0.085 -0.395 0.0002179366794 1
0 0.085 -0.385 0.0003142723753 2
0 0.085 -0.375 0.0003922986577 1
0 0.085 -0.365 0.0004208113969 1
0 0.085 -0.355 0.000409000235 1
0 0.085 -0.345 0.0003689879451 1
0 0.085 -0.335 0.0003069378584 1
0 0.085 -0.325 0.0002316489144 1
0 0.085 -0.315 0.0001559495013 2
0 0.085 -0.305 9.882173296e-05 2
0 0.085 -0.295 4.586445202e-05 2
0 0.085 -0.285 -2.525510943e-06 2
0 0.085 -0.275 -4.532231113e-05 2
0 0.085 -0.265 -9.926193522e-05 2
0 0.085 -0.255 -0.0001692020897 1
0 0.085 -0.245 -0.0002657336246 1
0 0.085 -0.235 -0.0003636199349 1
0 0.085 -0.225 -0.0004600644793 1
0 0.085 -0.215 -0.0005528340172 1
0 0.085 -0.205 -0.0006446263959 1
0 0.085 -0.195 -0.0007363206409 1
0 0.085 -0.185 -0.0008098825709 1
0 0.085 -0.175 -0.0008506175582 2
0 0.085 -0.165 -0.0008376169712 2
0 0.085 -0.155 -0.0008125016684 2
0 0.085 -0.145 -0.0007969658118 2
0 0.085 -0.135 -0.0007894003705 2
0 0.085 -0.125 -0.0007917922088 2
0 0.085 -0.115 -0.0008039357447 2
0 0.085 -0.105 -0.000827053692 2
0 0.085 -0.095 -0.0008634345434 2
0 0.085 -0.085 -0.0009136265658 2
0 0.085 -0.075 -0.0009762965021 2
0 0.085 -0.065 -0.001047635354 2
0 0.085 -0.055 -0.001123819033 2
0 0.085 -0.045 -0.001200648058 2
0 0.085 -0.035 -0.001274399999 2
0 0.085 -0.025 -0.001342004413 2
0 0.085 -0.015 -0.001401297633 2
0 0.085 -0.005 -0.001451039652 2
0 0.085 0.005 -0.001490804273 2
0 0.085 0.015 -0.001520778264 2
0 0.085 0.025 -0.001541515494 2
0 0.085 0.035 -0.001553698429 2
0 0.085 0.045 -0.001557962028 2
0 0.085 0.055 -0.001554800473 2
0 0.085 0.065 -0.001544554637 2
0 0.085 0.075 -0.001527466941 2
0 0.085 0.085 -0.001503743818 2
0 0.085 0.095 -0.001473607963 2
0 0.085 0.105 -0.001437320121 2
0 0.085 0.115 -0.001395178831 2
0 0.085 0.125 -0.001347506852 2
0 0.085 0.135 -0.001294604336 2
0 0.085 0.145 -0.001236789498 2
0 0.085 0.155 -0.001174139044 2
0 0.085 0.165 -0.001106263388 2
0 0.085 0.175 -0.001033764121 2
0 0.085 0.185 -0.0009544392433 2
0 0.085 0.195 -0.0008634526723 2
0 0.085 0.205 -0.000758840854 2
0 0.085 0.215 -0.0006457157988 2
0 0.085 0.225 -0.0005268467834 1
0 0.085 0.235 -0.0004122590758 1
0 0.085 0.245 -0.0002983509287 1
0 0.085 0.255 -0.0001842905174 1
0 0.085 0.265 -7.37502363e-05 1
0 0.085 0.275 1.09884449e-05 2
0 0.085 0.285 7.449674199e-05 2
0 0.085 0.295 0.0001247982233 2
0 0.085 0.305 0.0001730449924 2
0 0.085 0.315 0.0002181010034 2
0 0.085 0.325 0.0002556288024 2
0 0.085 0.335 0.0002827888139 2
0 0.085 0.345 0.0002975883714 2
0 0.085 0.355 0.0003002438775 2
0 0.085 0.365 0.0002882039681 2
0 0.085 0.375 0.0002601691879 2
0 0.085 0.385 0.0002170581707 2
0 0.085 0.395 0.0001515910393 2
0 0.085 0.405 0 2
0 0.085 0.415 0 2
0 0.085 0.425 0 2
0 0.085 0.435 0 2
0 0.085 0.445 0 2
0 0.085 0.455 0 2
0 0.085 0.465 0 2
0 0.095 -0.455 0 1
0 0.095 -0.445 0 1
0 0.095 -0.435 0 1
0 0.095 -0.425 0 1
0 0.095 -0.415 0 1
0 0.095 -0.405 0 1
0 0.095 -0.395 0.000212967997 1
0 0.095 -0.385 0.0003204344348 1
0 0.095 -0.375 0.0004052898933 1
0 0.095 -0.365 0.0004435485289 1
0 0.095 -0.355 0.0004364742535 1
0 0.095 -0.345 0.0004023324473 1
0 0.095 -0.335 0.0003481522927 1
0 0.095 -0.325 0.0002746583148 1
0 0.095 -0.315 0.0002025855701 2
0 0.095 -0.305 0.0001517109044 2
0 0.095 -0.295 0.0001096341345 2
0 0.095 -0.285 6.266356473e-05 2
0 0.095 -0.275 1.571372491e-05 2
0 0.095 -0.265 -4.0682591e-05 2
0 0.095 -0.255 -0.0001096257188 1
0 0.095 -0.245 -0.0001980900078 1
0 0.095 -0.235 -0.0002910702243 1
0 0.095 -0.225 -0.0003839172072 1
0 0.095 -0.215 -0.0004720484097 1
0 0.095 -0.205 -0.0005562219288 1
0 0.095 -0.195 -0.0006406232683 1
0 0.095 -0.185 -0.0007083393391 1
0 0.095 -0.175 -0.0007312353344 2
0 0.095 -0.165 -0.0006959562041 2
0 0.095 -0.155 -0.0006475554004 2
0 0.095 -0.145 -0.0006153132132 2
0 0.095 -0.135 -0.000594442807 2
0 0.095 -0.125 -0.0005870771517 2
0 0.095 -0.115 -0.0005900968968 2
0 0.095 -0.105 -0.0006049000195 2
0 0.095 -0.095 -0.0006370937499 2
0 0.095 -0.085 -0.0006881964478 2
0 0.095 -0.075 -0.0007568468287 2
0 0.095 -0.065 -0.0008364423564 2
0 0.095 -0.055 -0.0009225217064 2
0 0.095 -0.045 -0.00100978251 2
0 0.095 -0.035 -0.001093695244 2
0 0.095 -0.025 -0.001170519038 2
0 0.095 -0.015 -0.001237696278 2
0 0.095 -0.005 -0.00129391243 2
0 0.095 0.005 -0.001338835862 2
0 0.095 0.015 -0.00137282533 2
0 0.095 0.025 -0.001396613103 2
0 0.095 0.035 -0.001411064041 2
0 0.095 0.045 -0.001417000522 2
0 0.095 0.055 -0.001415112377 2
0 0.095 0.065 -0.001405935277 2
0 0.095 0.075 -0.001389880173 2
0 0.095 0.085 -0.001367279401 2
0 0.095 0.095 -0.001338430757 2
0 0.095 0.105 -0.001303625402 2
0 0.095 0.115 -0.001263157257 2
0 0.095 0.125 -0.001217321468 2
0 0.095 0.135 -0.001166383384 2
0 0.095 0.145 -0.001110568903 2
0 0.095 0.155 -0.001049985347 2
0 0.095 0.165 -0.0009844137375 2
0 0.095 0.175 -0.0009130747307 2
0 0.095 0.185 -0.0008370268964 2
0 0.095 0.195 -0.0007533310897 2
0 0.095 0.205 -0.0006610051514 2
0 0.095 0.215 -0.0005580561052 2
0 0.095 0.225 -0.0004490619633 2
0 0.095 0.235 -0.0003332055522 2
0 0.095 0.245 -0.0002176703661 2
0 0.095 0.255 -0.0001010784094 2
0 0.095 0.265 9.748589074e-06 2
0 0.095 0.275 0.0001017970587 2
0 0.095 0.285 0.0001667079738 2
0 0.095 0.295 0.0002203389038 2
0 0.095 0.305 0.0002689615123 2
0 0.095 0.315 0.0003107574714 2
0 0.095 0.325 0.0003433340476 2
0 0.095 0.335 0.0003642909576 2
0 0.095 0.345 0.000371108049 2
0 0.095 0.355 0.000364832858 2
0 0.095 0.365 0.0003467842738 2
0 0.095 0.375 0.0003113130562 2
0 0.095 0.385 0.0002567587127 2
0 0.095 0.395 0.000178760471 2
0 0.095 0.405 0 2
0 0.095 0.415 0 2
0 0.095 0.425 0 2
0 0.095 0.435 0 2
0 0.095 0.445 0 2
0 0.095 0.455 0 2
0 0.095 0.465 0 2
0 0.105 -0.455 0 1
0 0.105 -0.445 0 1
0 0.105 -0.435 0 1
0 0.105 -0.425 0 1
0 0.105 -0.415 0 1
0 0.105 -0.405 0 1
0 0.105 -0.395 0.0002094202773 1
0 0.105 -0.385 0.0003241405917 1
0 0.105 -0.375 0.000413286496 1
0 0.105 -0.365 0.0004580109225 1
0 0.105 -0.355 0.0004603834556 1
0 0.105 -0.345 0.0004358430148 1
0 0.105 -0.335 0.0003901030686 1
0 0.105 -0.325 0.0003209990562 1
0 0.105 -0.315 0.0002558483617 1
0 0.105 -0.305 0.0002081749055 2
0 0.105 -0.295 0.000179268963 2
0 0.105 -0.285 0.0001394258532 2
0 0.105 -0.275 9.52275522e-05 2
0 0.105 -0.265 4.169587154e-05 2
0 0.105 -0.255 -3.174128215e-05 2
0 0.105 -0.245 -0.0001181216014 1
0 0.105 -0.235 -0.0002064930544 1
0 0.105 -0.225 -0.0002920662292 1
0 0.105 -0.215 -0.00036966641 1
0 0.105 -0.205 -0.0004490606863 1
0 0.105 -0.195 -0.0005259469554 1
0 0.105 -0.185 -0.0005803879061 1
0 0.105 -0.175 -0.0005699127039 2
0 0.105 -0.165 -0.0005075076336 2
0 0.105 -0.155 -0.0004364740934 2
0 0.105 -0.145 -0.0003853861414 2
0 0.105 -0.135 -0.0003496652089 2
0 0.105 -0.125 -0.0003337609683 2
0 0.105 -0.115 -0.0003266104766 2
0 0.105 -0.105 -0.0003291599048 2
0 0.105 -0.095 -0.0003540917585 2
0 0.105 -0.085 -0.0004038455503 2
0 0.105 -0.075 -0.0004781241128 2
0 0.105 -0.065 -0.0005652291561 2
0 0.105 -0.055 -0.0006617732343 2
0 0.105 -0.045 -0.0007605289509 2
0 0.105 -0.035 -0.0008555143892 2
0 0.105 -0.025 -0.000941987005 2
0 0.105 -0.015 -0.001016992845 2
0 0.105 -0.005 -0.001079327742 2
0 0.105 0.005 -0.001128905578 2
0 0.105 0.015 -0.001166417671 2
0 0.105 0.025 -0.001192909708 2
0 0.105 0.035 -0.001209515461 2
0 0.105 0.045 -0.001217278165 2
0 0.105 0.055 -0.001217071067 2
0 0.105 0.065 -0.00120958218 2
0 0.105 0.075 -0.00119534198 2
0 0.105 0.085 -0.001174767256 2
0 0.105 0.095 -0.001148204736 2
0 0.105 0.105 -0.001115963106 2
0 0.105 0.115 -0.001078328781 2
0 0.105 0.125 -0.001035568595 2
0 0.105 0.135 -0.0009879119854 2
0 0.105 0.145 -0.0009355130644 2
0 0.105 0.155 -0.000878423773 2
0 0.105 0.165 -0.0008165664827 2
0 0.105 0.175 -0.0007494716725 2
0 0.105 0.185 -0.0006764810758 2
0 0.105 0.195 -0.0005961154831 2
0 0.105 0.205 -0.0005112401547 2
0 0.105 0.215 -0.0004199190267 2
0 0.105 0.225 -0.0003204493743 2
0 0.105 0.235 -0.0002101498501 2
0 0.105 0.245 -9.819156898e-05 2
0 0.105 0.255 1.309886156e-05 2
0 0.105 0.265 0.0001175489142 2
0 0.105 0.275 0.0002058928414 2
0 0.105 0.285 0.0002727002041 2
0 0.105 0.295 0.0003271010078 2
0 0.105 0.305 0.0003734745701 2
0 0.105 0.315 0.0004110832707 2
0 0.105 0.325 0.0004377465874 2
0 0.105 0.335 0.0004528854237 2
0 0.105 0.345 0.0004513516508 2
0 0.105 0.355 0.0004373234462 2
0 0.105 0.365 0.00041258228 2
0 0.105 0.375 0.0003734163509 2
0 0.105 0.385 0.0003068169138 2
0 0.105 0.395 0.0002144645676 2
0 0.105 0.405 0 2
0 0.105 0.415 0 2
0 0.105 0.425 0 2
0 0.105 0.435 0 2
0 0.105 0.445 0 2
0 0.105 0.455 0 2
0 0.105 0.465 0 2
0 0.115 -0.455 0 1
0 0.115 -0.445 0 1
0 0.115 -0.435 0 1
0 0.115 -0.425 0 1
0 0.115 -0.415 0 1
0 0.115 -0.405 0 1
0 0.115 -0.395 0.0002143408609 1
0 0.115 -0.385 0.0003340220185 1
0 0.115 -0.375 0.0004231871429 1
0 0.115 -0.365 0.0004711103387 1
0 0.115 -0.355 0.0004834113497 1
0 0.115 -0.345 0.0004678260907 1
0 0.115 -0.335 0.0004310975856 1
0 0.115 -0.325 0.000371830457 1
0 0.115 -0.315 0.0003122445684 1
0 0.115 -0.305 0.0002717695576 2
0 0.115 -0.295 0.0002542915688 2
0 0.115 -0.285 0.0002293822326 2
0 0.115 -0.275 0.000193408259 2
0 0.115 -0.265 0.0001458569797 2
0 0.115 -0.255 8.050004689e-05 2
0 0.115 -0.245 -6.482360722e-06 2
0 0.115 -0.235 -9.714677565e-05 1
0 0.115 -0.225 -0.0001820216484 1
0 0.115 -0.215 -0.0002533529204 1
0 0.115 -0.205 -0.0003260498594 1
0 0.115 -0.195 -0.0003879080327 1
0 0.115 -0.185 -0.0004215318443 1
0 0.115 -0.175 -0.000368217711 2
0 0.115 -0.165 -0.0002794624134 2
0 0.115 -0.155 -0.0001807664745 2
0 0.115 -0.145 -0.000106340402 2
0 0.115 -0.135 -5.128850535e-05 2
0 0.115 -0.125 -3.618755013e-05 2
0 0.115 -0.115 -1.576159507e-05 2
0 0.115 -0.105 9.755132312e-06 2
0 0.115 -0.095 -3.371185738e-06 2
0 0.115 -0.085 -5.392720552e-05 2
0 0.115 -0.075 -0.0001428042833 2
0 0.115 -0.065 -0.0002370220167 2
0 0.115 -0.055 -0.0003432886664 2
0 0.115 -0.045 -0.000454525871 2
0 0.115 -0.035 -0.0005616703516 2
0 0.115 -0.025 -0.0006583694816 2
0 0.115 -0.015 -0.0007411535 2
0 0.115 -0.005 -0.0008091517374 2
0 0.115 0.005 -0.0008627605393 2
0 0.115 0.015 -0.0009032122952 2
0 0.115 0.025 -0.0009320036217 2
0 0.115 0.035 -0.0009506098978 2
0 0.115 0.045 -0.0009603152256 2
0 0.115 0.055 -0.0009621591805 2
0 0.115 0.065 -0.0009569420952 2
0 0.115 0.075 -0.0009452684254 2
0 0.115 0.085 -0.0009275993926 2
0 0.115 0.095 -0.0009043022299 2
0 0.115 0.105 -0.0008756865353 2
0 0.115 0.115 -0.0008420242575 2
0 0.115 0.125 -0.0008035539163 2
0 0.115 0.135 -0.0007604689816 2
0 0.115 0.145 -0.0007128931929 2
0 0.115 0.155 -0.0006608275591 2
0 0.115 0.165 -0.0006041755397 2
0 0.115 0.175 -0.0005425952789 2
0 0.115 0.185 -0.0004757113088 2
0 0.115 0.195 -0.0004027229567 2
0 0.115 0.205 -0.0003234296674 2
0 0.115 0.215 -0.0002370043877 2
0 0.115 0.225 -0.0001437799853 2
0 0.115 0.235 -4.457272985e-05 2
0 0.115 0.245 5.643226586e-05 2
0 0.115 0.255 0.0001551550148 2
0 0.115 0.265 0.0002462849697 2
0 0.115 0.275 0.0003250870909 2
0 0.115 0.285 0.0003894019163 2
0 0.115 0.295 0.0004416056567 2
0 0.115 0.305 0.0004836159916 2
0 0.115 0.315 0.0005151382544 2
0 0.115 0.325 0.0005339133792 2
0 0.115 0.335 0.0005411699242 2
0 0.115 0.345 0.0005295305277 2
0 0.115 0.355 0.0005077025837 2
0 0.115 0.365 0.0004765097164 2
0 0.115 0.375 0.0004295580207 2
0 0.115 0.385 0.0003470996544 2
0 0.115 0.395 0.0002395170813 2
0 0.115 0.405 0 2
0 0.115 0.415 0 2
0 0.115 0.425 0 2
0 0.115 0.435 0 2
0 0.115 0.445 0 2
0 0.115 0.455 0 2
0 0.115 0.465 0 2
0 0.125 -0.455 0 1
0 0.125 -0.445 0 1
0 0.125 -0.435 0 1
0 0.125 -0.425 0 1
0 0.125 -0.415 0 1
0 0.125 -0.405 0 1
0 0.125 -0.395 0.0002181316165 1
0 0.125 -0.385 0.0003430405586 1
0 0.125 -0.375 0.0004357915845 1
0 0.125 -0.365 0.0004871586218 1
0 0.125 -0.355 0.0005061391343 1
0 0.125 -0.345 0.0005005327996 1
0 0.125 -0.335 0.0004748900503 1
0 0.125 -0.325 0.0004275917527 1
0 0.125 -0.315 0.0003756511825 1
0 0.125 -0.305 0.0003443417936 2
0 0.125 -0.295 0.0003394195926 2
0 0.125 -0.285 0.0003327443953 2
0 0.125 -0.275 0.0003086108958 2
0 0.125 -0.265 0.0002719532314 2
0 0.125 -0.255 0.0002206628845 2
0 0.125 -0.245 0.0001494035327 2
0 0.125 -0.235 6.006660918e-05 2
0 0.125 -0.225 -2.514863866e-05 2
0 0.125 -0.215 -0.0001034131919 1
0 0.125 -0.205 -0.0001676726856 1
0 0.125 -0.195 -0.0002125202769 1
0 0.125 -0.185 -0.0002101688564 2
0 0.125 -0.175 -0.0001269115602 2
0 0.125 -0.165 -7.31724701e-06 2
0 0.125 -0.155 0.0001257798753 2
0 0.125 -0.145 0.0002163330707 2
0 0.125 -0.135 0.0002879553952 2
0 0.125 -0.125 0.0003020982937 2
0 0.125 -0.115 0.000328198631 2
0 0.125 -0.105 0.0003661516019 2
0 0.125 -0.095 0.0003619451466 2
0 0.125 -0.085 0.0003288190919 2
0 0.125 -0.075 0.0002496555441 2
0 0.125 -0.065 0.000161606081 2
0 0.125 -0.055 3.626462091e-05 2
0 0.125 -0.045 -9.294991096e-05 2
0 0.125 -0.035 -0.0002138110091 2
0 0.125 -0.025 -0.0003214692402 2
0 0.125 -0.015 -0.0004121084553 2
0 0.125 -0.005 -0.0004852715416 2
0 0.125 0.005 -0.0005421988634 2
0 0.125 0.015 -0.0005849302344 2
0 0.125 0.025 -0.0006155783463 2
0 0.125 0.035 -0.0006360246932 2
0 0.125 0.045 -0.0006477964581 2
0 0.125 0.055 -0.0006520706886 2
0 0.125 0.065 -0.000649714116 2
0 0.125 0.075 -0.0006413581608 2
0 0.125 0.085 -0.000627469192 2
0 0.125 0.095 -0.0006084072605 2
0 0.125 0.105 -0.0005844672123 2
0 0.125 0.115 -0.0005559011147 2
0 0.125 0.125 -0.0005229234976 2
0 0.125 0.135 -0.0004857011494 2
0 0.125 0.145 -0.0004443353759 2
0 0.125 0.155 -0.0003988259858 2
0 0.125 0.165 -0.0003490544885 2
0 0.125 0.175 -0.0002947332025 2
0 0.125 0.185 -0.0002355652225 2
0 0.125 0.195 -0.0001711126447 2
0 0.125 0.205 -0.0001011305159 2
0 0.125 0.215 -2.522579417e-05 2
0 0.125 0.225 5.623622289e-05 2
0 0.125 0.235 0.0001420577994 2
0 0.125 0.245 0.0002291268111 2
0 0.125 0.255 0.000313802251 2
0 0.125 0.265 0.0003919772255 2
0 0.125 0.275 0.000460262178 2
0 0.125 0.285 0.0005169593736 2
0 0.125 0.295 0.0005623228879 2
0 0.125 0.305 0.0005970050773 2
0 0.125 0.315 0.0006193343252 2
0 0.125 0.325 0.0006288397031 2
0 0.125 0.335 0.0006198354047 2
0 0.125 0.345 0.0005936377611 2
0 0.125 0.355 0.0005709069136 1
0 0.125 0.365 0.0005369171388 1
0 0.125 0.375 0.0004783509148 1
0 0.125 0.385 0.0003838827467 1
0 0.125 0.395 0.0002565218942 1
0 0.125 0.405 0 2
0 0.125 0.415 0 2
0 0.125 0.425 0 2
0 0.125 0.435 0 2
0 0.125 0.445 0 2
0 0.125 0.455 0 2
0 0.125 0.465 0 2
0 0.135 -0.455 0 1
0 0.135 -0.445 0 1
0 0.135 -0.435 0 1
0 0.135 -0.425 0 1
0 0.135 -0.415 0 1
0 0.135 -0.405 0 1
0 0.135 -0.395 0.0002108049742 1
0 0.135 -0.385 0.0003458896755 1
0 0.135 -0.375 0.0004480612649 1
0 0.135 -0.365 0.000503329901 1
0 0.135 -0.355 0.0005288191254 1
0 0.135 -0.345 0.0005355421804 1
0 0.135 -0.335 0.000523110013 1
0 0.135 -0.325 0.0004891259077 1
0 0.135 -0.315 0.00044897508 1
0 0.135 -0.305 0.0004313076692 2
0 0.135 -0.295 0.0004408857381 2
0 0.135 -0.285 0.0004504329141 2
0 0.135 -0.275 0.0004410855984 2
0 0.135 -0.265 0.0004186536917 2
0 0.135 -0.255 0.0003825702723 2
0 0.135 -0.245 0.0003307931866 2
0 0.135 -0.235 0.0002617068622 2
0 0.135 -0.225 0.0001891359802 2
0 0.135 -0.215 0.0001095120356 2
0 0.135 -0.205 5.123845878e-05 2
0 0.135 -0.195 2.160785101e-05 2
0 0.135 -0.185 5.44931766e-05 2
0 0.135 -0.175 0.0001512819677 2
0 0.135 -0.165 0.0002887752246 2
0 0.135 -0.155 0.0004532580878 2
0 0.135 -0.145 0.0005487870719 2
0 0.135 -0.135 0.0006272896257 1
0 0.135 -0.125 0.0006505681993 2
0 0.135 -0.115 0.0006821670416 2
0 0.135 -0.105 0.0007197727179 1
0 0.135 -0.095 0.0007216402954 1
0 0.135 -0.085 0.0007101387593 1
0 0.135 -0.075 0.0006614739171 2
0 0.135 -0.065 0.0006009229955 2
0 0.135 -0.055 0.0004731674581 2
0 0.135 -0.045 0.0003257106172 2
0 0.135 -0.035 0.0001863210994 2
0 0.135 -0.025 6.610541021e-05 2
0 0.135 -0.015 -3.227141536e-05 2
0 0.135 -0.005 -0.0001097446511 2
0 0.135 0.005 -0.0001690608962 2
0 0.135 0.015 -0.0002133496756 2
0 0.135 0.025 -0.0002454015569 2
0 0.135 0.035 -0.0002675620041 2
0 0.135 0.045 -0.0002815790756 2
0 0.135 0.055 -0.0002887159876 2
0 0.135 0.065 -0.0002898492345 2
0 0.135 0.075 -0.000285586373 2
0 0.135 0.085 -0.0002763607177 2
0 0.135 0.095 -0.0002625005346 2
0 0.135 0.105 -0.0002442743619 2
0 0.135 0.115 -0.0002219138838 2
0 0.135 0.125 -0.000195618837 2
0 0.135 0.135 -0.0001655466865 2
0 0.135 0.145 -0.0001317952892 2
0 0.135 0.155 -9.437710799e-05 2
0 0.135 0.165 -5.32095146e-05 2
0 0.135 0.175 -8.095864217e-06 2
0 0.135 0.185 4.122462972e-05 2
0 0.135 0.195 9.506564871e-05 2
0 0.135 0.205 0.0001535962375 2
0 0.135 0.215 0.0002168075088 2
0 0.135 0.225 0.0002841043029 2
0 0.135 0.235 0.0003541463393 2
0 0.135 0.245 0.000424557294 2
0 0.135 0.255 0.0004924893566 2
0 0.135 0.265 0.0005549349617 2
0 0.135 0.275 0.0006093334677 2
0 0.135 0.285 0.0006540850094 2
0 0.135 0.295 0.0006882616232 2
0 0.135 0.305 0.000711612876 2
0 0.135 0.315 0.0007207337157 2
0 0.135 0.325 0.0007178132773 2
0 0.135 0.335 0.0006845667269 2
0 0.135 0.345 0.000640343833 2
0 0.135 0.355 0.0006110156771 1
0 0.135 0.365 0.0005729661856 1
0 0.135 0.375 0.000499860625 1
0 0.135 0.385 0.0004017431185 1
0 0.135 0.395 0.0002617132525 1
0 0.135 0.405 0 2
0 0.135 0.415 0 2
0 0.135 0.425 0 2
0 0.135 0.435 0 2
0 0.135 0.445 0 2
0 0.135 0.455 0 2
0 0.135 0.465 0 2
0 0.145 -0.455 0 2
0 0.145 -0.445 0 2
0 0.145 -0.435 0 1
0 0.145 -0.425 0 1
0 0.145 -0.415 0 1
0 0.145 -0.405 0 1
0 0.145 -0.395 0.0001968349865 1
0 0.145 -0.385 0.0003423764546 1
0 0.145 -0.375 0.000457796171 1
0 0.145 -0.365 0.0005205758513 1
0 0.145 -0.355 0.0005553448828 1
0 0.145 -0.345 0.0005760032561 1
0 0.145 -0.335 0.0005774958826 1
0 0.145 -0.325 0.0005584491414 1
0 0.145 -0.315 0.0005325098729 1
0 0.145 -0.305 0.0005311463086 2
0 0.145 -0.295 0.000556658612 2
0 0.145 -0.285 0.0005835143512 2
0 0.145 -0.275 0.0005908431894 2
0 0.145 -0.265 0.000585642464 2
0 0.145 -0.255 0.0005671502061 2
0 0.145 -0.245 0.0005357171945 2
0 0.145 -0.235 0.0004930145645 2
0 0.145 -0.225 0.0004422283138 2
0 0.145 -0.215 0.0003820463998 2
0 0.145 -0.205 0.0003373656623 2
0 0.145 -0.195 0.000326068965 2
0 0.145 -0.185 0.0003724142637 2
0 0.145 -0.175 0.0004718400482 2
0 0.145 -0.165 0.0006104576773 2
0 0.145 -0.155 0.0007957800709 1
0 0.145 -0.145 0.0008896795846 1
0 0.145 -0.135 0.0009351869013 1
0 0.145 -0.125 0.001000702515 1
0 0.145 -0.115 0.001041130851 1
0 0.145 -0.105 0.00104456765 1
0 0.145 -0.095 0.001047625472 1
0 0.145 -0.085 0.001050903621 1
0 0.145 -0.075 0.001064018614 1
0 0.145 -0.065 0.001041473355 1
0 0.145 -0.055 0.0009495888218 2
0 0.145 -0.045 0.0008051177699 2
0 0.145 -0.035 0.0006402740098 2
0 0.145 -0.025 0.0005035000512 2
0 0.145 -0.015 0.0003964556784 2
0 0.145 -0.005 0.0003153732497 2
0 0.145 0.005 0.0002546984205 2
0 0.145 0.015 0.0002096356601 2
0 0.145 0.025 0.0001766184063 2
0 0.145 0.035 0.0001527933536 2
0 0.145 0.045 0.0001362511363 2
0 0.145 0.055 0.0001257293542 2
0 0.145 0.065 0.0001204115951 2
0 0.145 0.075 0.0001197684529 2
0 0.145 0.085 0.0001234351363 2
0 0.145 0.095 0.0001311344081 2
0 0.145 0.105 0.0001426293328 2
0 0.145 0.115 0.000157702587 2
0 0.145 0.125 0.0001761545813 2
0 0.145 0.135 0.0001978156352 2
0 0.145 0.145 0.0002225649472 2
0 0.145 0.155 0.0002503524774 2
0 0.145 0.165 0.0002812085684 2
0 0.145 0.175 0.0003152461458 2
0 0.145 0.185 0.000352624835 2
0 0.145 0.195 0.0003935091182 2
0 0.145 0.205 0.0004379416404 2
0 0.145 0.215 0.0004857387247 2
0 0.145 0.225 0.0005362642431 2
0 0.145 0.235 0.0005883163362 2
0 0.145 0.245 0.0006400522308 2
0 0.145 0.255 0.000689258253 2
0 0.145 0.265 0.0007336215008 2
0 0.145 0.275 0.0007710473146 2
0 0.145 0.285 0.0007999393016 2
0 0.145 0.295 0.0008187202195 2
0 0.145 0.305 0.0008263821588 2
0 0.145 0.315 0.0008182678186 2
0 0.145 0.325 0.0007962197981 2
0 0.145 0.335 0.0007395044525 2
0 0.145 0.345 0.000681760963 1
0 0.145 0.355 0.0006422953431 1
0 0.145 0.365 0.0005978126775 1
0 0.145 0.375 0.0005146108152 1
0 0.145 0.385 0.0004104279386 1
0 0.145 0.395 0.0002639175299 1
0 0.145 0.405 0 1
0 0.145 0.415 0 2
0 0.145 0.425 0 2
0 0.145 0.435 0 2
0 0.145 0.445 0 2
0 0.145 0.455 0 2
0 0.145 0.465 0 2
0 0.155 -0.455 0 2
0 0.155 -0.445 0 2
0 0.155 -0.435 0 2
0 0.155 -0.425 0 2
0 0.155 -0.415 0 2
0 0.155 -0.405 0 2
0 0.155 -0.395 0.0002029419223 2
0 0.155 -0.385 0.0003446500148 2
0 0.155 -0.375 0.0004690649091 2
0 0.155 -0.365 0.0005483105709 1
0 0.155 -0.355 0.0005961793175 1
0 0.155 -0.345 0.0006265343004 1
0 0.155 -0.335 0.0006382959111 1
0 0.155 -0.325 0.0006345088916 1
0 0.155 -0.315 0.0006254122922 1
0 0.155 -0.305 0.0006450293806 2
0 0.155 -0.295 0.0006866547323 2
0 0.155 -0.285 0.0007328217928 2
0 0.155 -0.275 0.0007587089079 2
0 0.155 -0.265 0.0007729852587 2
0 0.155 -0.255 0.0007748329304 2
0 0.155 -0.245 0.0007654423133 2
0 0.155 -0.235 0.000746087098 2
0 0.155 -0.225 0.0007204733863 2
0 0.155 -0.215 0.00069343497 2
0 0.155 -0.205 0.0006780087539 2
0 0.155 -0.195 0.0006862521305 2
0 0.155 -0.185 0.0007312957271 2
0 0.155 -0.175 0.0008255806776 2
0 0.155 -0.165 0.0009562030941 2
0 0.155 -0.155 0.00111276183 1
0 0.155 -0.145 0.001197111759 1
0 0.155 -0.135 0.001249020847 1
0 0.155 -0.125 0.001313960867 1
0 0.155 -0.115 0.001357451437 1
0 0.155 -0.105 0.001369968365 1
0 0.155 -0.095 0.001378442075 1
0 0.155 -0.085 0.001394399718 1
0 0.155 -0.075 0.001420172672 1
0 0.155 -0.065 0.001425568329 1
0 0.155 -0.055 0.001418113598 1
0 0.155 -0.045 0.001311807313 2
0 0.155 -0.035 0.001131347643 2
0 0.155 -0.025 0.0009826729252 2
0 0.155 -0.015 0.0008712009122 2
0 0.155 -0.005 0.0007875114815 2
0 0.155 0.005 0.0007268077372 2
0 0.155 0.015 0.0006819796846 2
0 0.155 0.025 0.000648368605 2
0 0.155 0.035 0.0006227999806 2
0 0.155 0.045 0.000603312837 2
0 0.155 0.055 0.0005887709302 2
0 0.155 0.065 0.0005784997083 2
0 0.155 0.075 0.0005721021819 2
0 0.155 0.085 0.0005693120508 2
0 0.155 0.095 0.0005699148189 2
0 0.155 0.105 0.0005737027125 2
0 0.155 0.115 0.0005804595761 2
0 0.155 0.125 0.000589964997 2
0 0.155 0.135 0.0006020114818 2
0 0.155 0.145 0.0006164270608 2
0 0.155 0.155 0.000633097565 2
0 0.155 0.165 0.0006519790333 2
0 0.155 0.175 0.0006730965842 2
0 0.155 0.185 0.0006965146994 2
0 0.155 0.195 0.0007222862851 2
0 0.155 0.205 0.0007503577305 2
0 0.155 0.215 0.0007804679999 2
0 0.155 0.225 0.0008120161518 2
0 0.155 0.235 0.0008439907081 2
0 0.155 0.245 0.0008749605442 2
0 0.155 0.255 0.0009032147276 2
0 0.155 0.265 0.0009269390774 2
0 0.155 0.275 0.0009443568477 2
0 0.155 0.285 0.0009538696045 2
0 0.155 0.295 0.0009535569846 2
0 0.155 0.305 0.0009416906262 2
0 0.155 0.315 0.0009134171252 2
0 0.155 0.325 0.0008655101835 2
0 0.155 0.335 0.0007921814436 2
0 0.155 0.345 0.0007255025076 1
0 0.155 0.355 0.0006768799851 1
0 0.155 0.365 0.0006211516642 1
0 0.155 0.375 0.0005307583173 1
0 0.155 0.385 0.0004128752072 1
0 0.155 0.395 0.0002621406664 1
0 0.155 0.405 0 1
0 0.155 0.415 0 2
0 0.155 0.425 0 2
0 0.155 0.435 0 2
0 0.155 0.445 0 2
0 0.155 0.455 0 2
0 0.155 0.465 0 2
0 0.165 -0.455 0 2
0 0.165 -0.445 0 2
0 0.165 -0.435 0 2
0 0.165 -0.425 0 2
0 0.165 -0.415 0 2
0 0.165 -0.405 0 2
0 0.165 -0.395 0.0002176915473 2
0 0.165 -0.385 0.0003561836318 2
0 0.165 -0.375 0.0004910191121 2
0 0.165 -0.365 0.0005897876068 1
0 0.165 -0.355 0.0006473734184 1
0 0.165 -0.345 0.0006817634775 1
0 0.165 -0.335 0.0007061741422 1
0 0.165 -0.325 0.0007205989185 1
0 0.165 -0.315 0.0007303240562 1
0 0.165 -0.305 0.0007735724606 2
0 0.165 -0.295 0.0008325957981 2
0 0.165 -0.285 0.000899786749 2
0 0.165 -0.275 0.0009458632259 2
0 0.165 -0.265 0.000981506758 2
0 0.165 -0.255 0.00100572299 2
0 0.165 -0.245 0.001020254599 2
0 0.165 -0.235 0.001026557281 2
0 0.165 -0.225 0.001027784514 2
0 0.165 -0.215 0.001028656965 2
0 0.165 -0.205 0.00103773889 2
0 0.165 -0.195 0.001063798932 2
0 0.165 -0.185 0.001115157248 2
0 0.165 -0.175 0.001204965577 2
0 0.165 -0.165 0.001317893216 2
0 0.165 -0.155 0.001435632466 1
0 0.165 -0.145 0.001511937889 1
0 0.165 -0.135 0.001573331146 1
0 0.165 -0.125 0.001635373041 1
0 0.165 -0.115 0.001682921416 1
0 0.165 -0.105 0.001715082617 1
0 0.165 -0.095 0.001740726238 1
0 0.165 -0.085 0.001764736265 1
0 0.165 -0.075 0.001789177584 1
0 0.165 -0.065 0.001808209267 1
0 0.165 -0.055 0.001827907645 1
0 0.165 -0.045 0.001816793515 1
0 0.165 -0.035 0.001668160004 2
0 0.165 -0.025 0.00150813353 2
0 0.165 -0.015 0.001387507722 2
0 0.165 -0.005 0.001303162874 2
0 0.165 0.005 0.00124460316 2
0 0.165 0.015 0.001201341163 2
0 0.165 0.025 0.001167414838 2
0 0.165 0.035 0.001139851041 2
0 0.165 0.045 0.001116841072 2
0 0.165 0.055 0.001097531055 2
0 0.165 0.065 0.001081476528 2
0 0.165 0.075 0.001068461753 2
0 0.165 0.085 0.001058340494 2
0 0.165 0.095 0.001050963638 2
0 0.165 0.105 0.001046141708 2
0 0.165 0.115 0.001043639246 2
0 0.165 0.125 0.001043188201 2
0 0.165 0.135 0.001044513362 2
0 0.165 0.145 0.001047362034 2
0 0.165 0.155 0.001051531294 2
0 0.165 0.165 0.001056884898 2
0 0.165 0.175 0.001063354415 2
0 0.165 0.185 0.001070916317 2
0 0.165 0.195 0.001079545882 2
0 0.165 0.205 0.001089143042 2
0 0.165 0.215 0.001099448873 2
0 0.165 0.225 0.001109957545 2
0 0.165 0.235 0.001119866389 2
0 0.165 0.245 0.001128075289 2
0 0.165 0.255 0.001133257723 2
0 0.165 0.265 0.001133959732 2
0 0.165 0.275 0.001128651754 2
0 0.165 0.285 0.001115775387 2
0 0.165 0.295 0.001093350286 2
0 0.165 0.305 0.001059122574 2
0 0.165 0.315 0.001009023401 2
0 0.165 0.325 0.0009345128352 2
0 0.165 0.335 0.0008462876267 2
0 0.165 0.345 0.0007705279732 1
0 0.165 0.355 0.0007119873848 1
0 0.165 0.365 0.000643381729 1
0 0.165 0.375 0.000544940251 1
0 0.165 0.385 0.0004143283579 1
0 0.165 0.395 0.0002622872593 1
0 0.165 0.405 0 1
0 0.165 0.415 0 2
0 0.165 0.425 0 2
0 0.165 0.435 0 2
0 0.165 0.445 0 2
0 0.165 0.455 0 2
0 0.165 0.465 0 2
0 0.175 -0.455 0 2
0 0.175 -0.445 0 2
0 0.175 -0.435 0 2
0 0.175 -0.425 0 2
0 0.175 -0.415 0 2
0 0.175 -0.405 0 2
0 0.175 -0.395 0.000231197048 2
0 0.175 -0.385 0.000377286015 2
0 0.175 -0.375 0.0005239675894 2
0 0.175 -0.365 0.0006438368818 2
0 0.175 -0.355 0.0007140894955 1
0 0.175 -0.345 0.0007560631136 1
0 0.175 -0.335 0.0007938853124 1
0 0.175 -0.325 0.0008254470473 1
0 0.175 -0.315 0.0008629188337 2
0 0.175 -0.305 0.0009213253389 2
0 0.175 -0.295 0.001001025294 2
0 0.175 -0.285 0.001086980135 2
0 0.175 -0.275 0.001153650298 2
0 0.175 -0.265 0.001211538599 2
0 0.175 -0.255 0.001259496841 2
0 0.175 -0.245 0.001299363125 2
0 0.175 -0.235 0.001332596125 2
0 0.175 -0.225 0.001361856497 2
0 0.175 -0.215 0.001390845644 2
0 0.175 -0.205 0.001424750797 2
0 0.175 -0.195 0.001469030473 2
0 0.175 -0.185 0.001527496667 2
0 0.175 -0.175 0.001606144238 2
0 0.175 -0.165 0.001692597578 2
0 0.175 -0.155 0.001772511362 1
0 0.175 -0.145 0.001855684659 1
0 0.175 -0.135 0.001924438224 1
0 0.175 -0.125 0.001988904649 1
0 0.175 -0.115 0.002042743907 1
0 0.175 -0.105 0.00208591289 1
0 0.175 -0.095 0.002123045409 1
0 0.175 -0.085 0.002157125407 1
0 0.175 -0.075 0.002189974714 1
0 0.175 -0.065 0.002219426317 1
0 0.175 -0.055 0.002244615576 1
0 0.175 -0.045 0.002261280797 1
0 0.175 -0.035 0.002210697976 2
0 0.175 -0.025 0.002052293579 2
0 0.175 -0.015 0.001934345106 2
0 0.175 -0.005 0.001859135184 2
0 0.175 0.005 0.001805560948 2
0 0.175 0.015 0.001765038309 2
0 0.175 0.025 0.00173088282 2
0 0.175 0.035 0.001700857655 2
0 0.175 0.045 0.001673599931 2
0 0.175 0.055 0.001648692206 2
0 0.175 0.065 0.001626002232 2
0 0.175 0.075 0.001605532998 2
0 0.175 0.085 0.00158726976 2
0 0.175 0.095 0.001571122153 2
0 0.175 0.105 0.001556900032 2
0 0.175 0.115 0.001544321284 2
0 0.175 0.125 0.001533037953 2
0 0.175 0.135 0.001522673355 2
0 0.175 0.145 0.001512862348 2
0 0.175 0.155 0.001503287804 2
0 0.175 0.165 0.001493705982 2
0 0.175 0.175 0.001483954687 2
0 0.175 0.185 0.001473938458 2
0 0.175 0.195 0.001463590184 2
0 0.175 0.205 0.001452810351 2
0 0.175 0.215 0.001441396246 2
0 0.175 0.225 0.001428972634 2
0 0.175 0.235 0.001414947056 2
0 0.175 0.245 0.001398499866 2
0 0.175 0.255 0.001378613776 2
0 0.175 0.265 0.001354119514 2
0 0.175 0.275 0.00132371466 2
0 0.175 0.285 0.001285943675 2
0 0.175 0.295 0.001239019309 2
0 0.175 0.305 0.001180511806 2
0 0.175 0.315 0.001107679091 2
0 0.175 0.325 0.001011600148 2
0 0.175 0.335 0.0009075209536 2
0 0.175 0.345 0.0008186155998 1
0 0.175 0.355 0.0007482900341 1
0 0.175 0.365 0.0006674087765 1
0 0.175 0.375 0.0005596162922 1
0 0.175 0.385 0.000422087169 1
0 0.175 0.395 0.0002683865385 1
0 0.175 0.405 0 1
0 0.175 0.415 0 2
0 0.175 0.425 0 2
0 0.175 0.435 0 2
0 0.175 0.445 0 2
0 0.175 0.455 0 2
0 0.175 0.465 0 2
0 0.185 -0.455 0 2
0 0.185 -0.445 0 2
0 0.185 -0.435 0 2
0 0.185 -0.425 0 2
0 0.185 -0.415 0 2
0 0.185 -0.405 0 2
0 0.185 -0.395 0.0002349180682 2
0 0.185 -0.385 0.0003988347486 2
0 0.185 -0.375 0.0005605512264 2
0 0.185 -0.365 0.0007011582752 2
0 0.185 -0.355 0.0008025450119 2
0 0.185 -0.345 0.0008677651467 2
0 0.185 -0.335 0.0009192493942 2
0 0.185 -0.325 0.0009651587208 2
0 0.185 -0.315 0.001021432248 2
0 0.185 -0.305 0.001100111353 2
0 0.185 -0.295 0.00119766881 2
0 0.185 -0.285 0.001295661667 2
0 0.185 -0.275 0.001382389903 2
0 0.185 -0.265 0.001462502806 2
0 0.185 -0.255 0.00153492815 2
0 0.185 -0.245 0.001601066633 2
0 0.185 -0.235 0.001662009377 2
0 0.185 -0.225 0.001719604098 2
0 0.185 -0.215 0.001776222282 2
0 0.185 -0.205 0.001834610597 2
0 0.185 -0.195 0.001897515218 2
0 0.185 -0.185 0.001964758016 2
0 0.185 -0.175 0.002037178857 2
0 0.185 -0.165 0.002099386706 2
0 0.185 -0.155 0.002131637242 1
0 0.185 -0.145 0.002225382332 1
0 0.185 -0.135 0.002298386774 1
0 0.185 -0.125 0.002365568563 1
0 0.185 -0.115 0.002426665447 1
0 0.185 -0.105 0.002479748518 1
0 0.185 -0.095 0.002527502094 1
0 0.185 -0.085 0.002571363814 1
0 0.185 -0.075 0.002613589686 1
0 0.185 -0.065 0.002654020311 1
0 0.185 -0.055 0.002687360765 1
0 0.185 -0.045 0.002715532597 1
0 0.185 -0.035 0.002735341042 1
0 0.185 -0.025 0.002603884174 2
0 0.185 -0.015 0.002511872675 2
0 0.185 -0.005 0.002452106585 2
0 0.185 0.005 0.002406892584 2
0 0.185 0.015 0.002369818098 2
0 0.185 0.025 0.002335263628 2
0 0.185 0.035 0.002302127859 2
0 0.185 0.045 0.002269815731 2
0 0.185 0.055 0.002238466767 2
0 0.185 0.065 0.002208328599 2
0 0.185 0.075 0.002179648155 2
0 0.185 0.085 0.00215254493 2
0 0.185 0.095 0.002126973159 2
0 0.185 0.105 0.002102716324 2
0 0.185 0.115 0.002079412319 2
0 0.185 0.125 0.002056595961 2
0 0.185 0.135 0.002033751358 2
0 0.185 0.145 0.002010366485 2
0 0.185 0.155 0.001985983069 2
0 0.185 0.165 0.001960234549 2
0 0.185 0.175 0.001932865363 2
0 0.185 0.185 0.001903725982 2
0 0.185 0.195 0.001872742004 2
0 0.185 0.205 0.001839860101 2
0 0.185 0.215 0.001804980954 2
0 0.185 0.225 0.001767892122 2
0 0.185 0.235 0.00172821733 2
0 0.185 0.245 0.001685390966 2
0 0.185 0.255 0.001638660822 2
0 0.185 0.265 0.001587100207 2
0 0.185 0.275 0.001529626624 2
0 0.185 0.285 0.001464934788 2
0 0.185 0.295 0.001391582657 2
0 0.185 0.305 0.001307232338 2
0 0.185 0.315 0.001210784024 2
0 0.185 0.325 0.001093144513 2
0 0.185 0.335 0.0009731051074 2
0 0.185 0.345 0.000869799685 1
0 0.185 0.355 0.0007858975401 1
0 0.185 0.365 0.0006917009737 1
0 0.185 0.375 0.0005746407511 1
0 0.185 0.385 0.0004305315538 1
0 0.185 0.395 0.0002754961296 1
0 0.185 0.405 0 1
0 0.185 0.415 0 2
0 0.185 0.425 0 2
0 0.185 0.435 0 2
0 0.185 0.445 0 2
0 0.185 0.455 0 2
0 0.185 0.465 0 2
0 0.195 -0.455 0 2
0 0.195 -0.445 0 2
0 0.195 -0.435 0 2
0 0.195 -0.425 0 2
0 0.195 -0.415 0 2
0 0.195 -0.405 0 2
0 0.195 -0.395 0.0002377226227 2
0 0.195 -0.385 0.0004215659782 2
0 0.195 -0.375 0.0006051472331 2
0 0.195 -0.365 0.0007673013003 2
0 0.195 -0.355 0.0008972267962 2
0 0.195 -0.345 0.0009915366432 2
0 0.195 -0.335 0.001064995145 2
0 0.195 -0.325 0.001134021247 2
0 0.195 -0.315 0.001212949416 2
0 0.195 -0.305 0.001308305178 2
0 0.195 -0.295 0.00141667462 2
0 0.195 -0.285 0.001524275146 2
0 0.195 -0.275 0.001630340185 2
0 0.195 -0.265 0.001732441973 2
0 0.195 -0.255 0.001829673398 2
0 0.195 -0.245 0.001922604561 2
0 0.195 -0.235 0.002011737119 2
0 0.195 -0.225 0.00209794715 2
0 0.195 -0.215 0.002182210071 2
0 0.195 -0.205 0.002265263247 2
0 0.195 -0.195 0.002347478559 2
0 0.195 -0.185 0.002425962295 2
0 0.195 -0.175 0.002497715957 2
0 0.195 -0.165 0.002543467404 2
0 0.195 -0.155 0.002545750146 2
0 0.195 -0.145 0.002608373687 1
0 0.195 -0.135 0.002689430563 1
0 0.195 -0.125 0.002765166205 1
0 0.195 -0.115 0.002832877503 1
0 0.195 -0.105 0.002894882136 1
0 0.195 -0.095 0.002952773077 1
0 0.195 -0.085 0.003005458084 1
0 0.195 -0.075 0.003058291485 1
0 0.195 -0.065 0.003111473846 1
0 0.195 -0.055 0.003158977948 1
0 0.195 -0.045 0.00319847627 1
0 0.195 -0.035 0.003223917433 1
0 0.195 -0.025 0.0031652837 2
0 0.195 -0.015 0.003116712273 2
0 0.195 -0.005 0.003078360691 2
0 0.195 0.005 0.003044814822 2
0 0.195 0.015 0.003011549892 2
0 0.195 0.025 0.002976262196 2
0 0.195 0.035 0.002939317045 2
0 0.195 0.045 0.002901176339 2
0 0.195 0.055 0.002862620036 2
0 0.195 0.065 0.002824331768 2
0 0.195 0.075 0.002786822244 2
0 0.195 0.085 0.00275034422 2
0 0.195 0.095 0.002714877996 2
0 0.195 0.105 0.002680149999 2
0 0.195 0.115 0.002645679766 2
0 0.195 0.125 0.002610842838 2
0 0.195 0.135 0.002574941958 2
0 0.195 0.145 0.002537279782 2
0 0.195 0.155 0.002497226551 2
0 0.195 0.165 0.002454275436 2
0 0.195 0.175 0.002408077229 2
0 0.195 0.185 0.002358447274 2
0 0.195 0.195 0.002305340576 2
0 0.195 0.205 0.002248797773 2
0 0.195 0.215 0.002188871877 2
0 0.195 0.225 0.002125550828 2
0 0.195 0.235 0.002058692143 2
0 0.195 0.245 0.001987979224 2
0 0.195 0.255 0.001912905371 2
0 0.195 0.265 0.001832765654 2
0 0.195 0.275 0.001746688338 2
0 0.195 0.285 0.00165353533 2
0 0.195 0.295 0.001552227282 2
0 0.195 0.305 0.001440504421 2
0 0.195 0.315 0.001319062696 2
0 0.195 0.325 0.001176837333 2
0 0.195 0.335 0.001042861729 2
0 0.195 0.345 0.000924165912 1
0 0.195 0.355 0.0008221360067 1
0 0.195 0.365 0.0007123103762 1
0 0.195 0.375 0.0005896306861 1
0 0.195 0.385 0.0004351222909 1
0 0.195 0.395 0.0002817238134 1
0 0.195 0.405 0 1
0 0.195 0.415 0 2
0 0.195 0.425 0 2
0 0.195 0.435 0 2
0 0.195 0.445 0 2
0 0.195 0.455 0 2
0 0.195 0.465 0 2
0 0.205 -0.455 0 2
0 0.205 -0.445 0 2
0 0.205 -0.435 0 2
0 0.205 -0.425 0 2
0 0.205 -0.415 0 2
0 0.205 -0.405 0 2
0 0.205 -0.395 0.0002412684752 2
0 0.205 -0.385 0.0004436145321 2
0 0.205 -0.375 0.0006516040549 2
0 0.205 -0.365 0.0008318417508 2
0 0.205 -0.355 0.0009870617637 2
0 0.205 -0.345 0.001113433394 2
0 0.205 -0.335 0.001219511818 2
0 0.205 -0.325 0.001316686693 2
0 0.205 -0.315 0.00141609365 2
0 0.205 -0.305 0.001524915858 2
0 0.205 -0.295 0.001643918828 2
0 0.205 -0.285 0.001768105225 2
0 0.205 -0.275 0.001893610779 2
0 0.205 -0.265 0.00201805633 2
0 0.205 -0.255 0.002140487874 2
0 0.205 -0.245 0.002260639833 2
0 0.205 -0.235 0.002378349712 2
0 0.205 -0.225 0.002493467032 2
0 0.205 -0.215 0.002605571923 2
0 0.205 -0.205 0.002713662675 2
0 0.205 -0.195 0.002816059361 2
0 0.205 -0.185 0.002908655086 2
0 0.205 -0.175 0.002984413435 2
0 0.205 -0.165 0.003030875174 2
0 0.205 -0.155 0.003032438431 2
0 0.205 -0.145 0.003022654396 1
0 0.205 -0.135 0.003098600545 1
0 0.205 -0.125 0.003187349919 1
0 0.205 -0.115 0.003262490198 1
0 0.205 -0.105 0.003333221252 1
0 0.205 -0.095 0.003402255687 1
0 0.205 -0.085 0.003460571406 1
0 0.205 -0.075 0.003523289765 1
0 0.205 -0.065 0.003591208584 1
0 0.205 -0.055 0.003649542049 1
0 0.205 -0.045 0.003694234853 1
0 0.205 -0.035 0.003725756443 1
0 0.205 -0.025 0.003737774935 2
0 0.205 -0.015 0.003743324069 2
0 0.205 -0.005 0.003734878477 2
0 0.205 0.005 0.003714652914 2
0 0.205 0.015 0.003685240824 2
0 0.205 0.025 0.003648874802 2
0 0.205 0.035 0.003607539484 2
0 0.205 0.045 0.003562941195 2
0 0.205 0.055 0.003516567032 2
0 0.205 0.065 0.003469593717 2
0 0.205 0.075 0.003422821844 2
0 0.205 0.085 0.003376638112 2
0 0.205 0.095 0.003331028122 2
0 0.205 0.105 0.003285626277 2
0 0.205 0.115 0.003239790752 2
0 0.205 0.125 0.003192691145 2
0 0.205 0.135 0.00314340176 2
0 0.205 0.145 0.003090995889 2
0 0.205 0.155 0.003034635909 2
0 0.205 0.165 0.002973651934 2
0 0.205 0.175 0.00290759774 2
0 0.205 0.185 0.00283627328 2
0 0.205 0.195 0.002759704551 2
0 0.205 0.205 0.002678082523 2
0 0.205 0.215 0.002591672239 2
0 0.205 0.225 0.002500712778 2
0 0.205 0.235 0.002405328817 2
0 0.205 0.245 0.002305466855 2
0 0.205 0.255 0.002200865478 2
0 0.205 0.265 0.002091037207 2
0 0.205 0.275 0.00197531472 2
0 0.205 0.285 0.001852735727 2
0 0.205 0.295 0.001722526349 2
0 0.205 0.305 0.001582488238 2
0 0.205 0.315 0.001434828152 2
0 0.205 0.325 0.001265531258 2
0 0.205 0.335 0.001116302464 2
0 0.205 0.345 0.0009826483233 1
0 0.205 0.355 0.0008621316637 1
0 0.205 0.365 0.0007371976525 1
0 0.205 0.375 0.0006081100463 1
0 0.205 0.385 0.000439352486 1
0 0.205 0.395 0.0002845039946 1
0 0.205 0.405 0 1
0 0.205 0.415 0 2
0 0.205 0.425 0 2
0 0.205 0.435 0 2
0 0.205 0.445 0 2
0 0.205 0.455 0 2
0 0.205 0.465 0 2
0 0.215 -0.455 0 2
0 0.215 -0.445 0 2
0 0.215 -0.435 0 2
0 0.215 -0.425 0 2
0 0.215 -0.415 0 2
0 0.215 -0.405 0 2
0 0.215 -0.395 0.0002481692703 2
0 0.215 -0.385 0.0004595112344 2
0 0.215 -0.375 0.0006894198199 2
0 0.215 -0.365 0.0008911288362 2
0 0.215 -0.355 0.001066710014 2
0 0.215 -0.345 0.001220639338 2
0 0.215 -0.335 0.001356017346 2
0 0.215 -0.325 0.001482405671 2
0 0.215 -0.315 0.001608218257 2
0 0.215 -0.305 0.001739360224 2
0 0.215 -0.295 0.001877525189 2
0 0.215 -0.285 0.002020903285 2
0 0.215 -0.275 0.002167404336 2
0 0.215 -0.265 0.002315302093 2
0 0.215 -0.255 0.00246357987 2
0 0.215 -0.245 0.002611496428 2
0 0.215 -0.235 0.002758301946 2
0 0.215 -0.225 0.002902878347 2
0 0.215 -0.215 0.003043428479 2
0 0.215 -0.205 0.003177327459 2
0 0.215 -0.195 0.00330108118 2
0 0.215 -0.185 0.003410141736 2
0 0.215 -0.175 0.003497694755 2
0 0.215 -0.165 0.003557895929 2
0 0.215 -0.155 0.003574434563 2
0 0.215 -0.145 0.003536205648 2
0 0.215 -0.135 0.003543094068 1
0 0.215 -0.125 0.003621884493 1
0 0.215 -0.115 0.003696781995 1
0 0.215 -0.105 0.003779908649 1
0 0.215 -0.095 0.003871383066 1
0 0.215 -0.085 0.003922226513 1
0 0.215 -0.075 0.003994651394 1
0 0.215 -0.065 0.004094150775 1
0 0.215 -0.055 0.004165825702 1
0 0.215 -0.045 0.004214101708 1
0 0.215 -0.035 0.004251614858 1
0 0.215 -0.025 0.004339019038 2
0 0.215 -0.015 0.004398544684 2
0 0.215 -0.005 0.00441905044 2
0 0.215 0.005 0.004411379064 2
0 0.215 0.015 0.004385477045 2
0 0.215 0.025 0.004347753165 2
0 0.215 0.035 0.004301659966 2
0 0.215 0.045 0.004250163687 2
0 0.215 0.055 0.004195537261 2
0 0.215 0.065 0.004139525902 2
0 0.215 0.075 0.004083261429 2
0 0.215 0.085 0.004027267372 2
0 0.215 0.095 0.003971509545 2
0 0.215 0.105 0.003915489258 2
0 0.215 0.115 0.003858355128 2
0 0.215 0.125 0.003799019688 2
0 0.215 0.135 0.00373627643 2
0 0.215 0.145 0.003668917844 2
0 0.215 0.155 0.003595852499 2
0 0.215 0.165 0.003516215118 2
0 0.215 0.175 0.003429452662 2
0 0.215 0.185 0.003335370084 2
0 0.215 0.195 0.003234114818 2
0 0.215 0.205 0.003126100448 2
0 0.215 0.215 0.003011882715 2
0 0.215 0.225 0.002892021577 2
0 0.215 0.235 0.002766959528 2
0 0.215 0.245 0.002636936107 2
0 0.215 0.255 0.002501949525 2
0 0.215 0.265 0.002361739817 2
0 0.215 0.275 0.002215851026 2
0 0.215 0.285 0.002063528318 2
0 0.215 0.295 0.001904256326 2
0 0.215 0.305 0.001736167469 2
0 0.215 0.315 0.001562015308 2
0 0.215 0.325 0.001368592333 2
0 0.215 0.335 0.001194839417 2
0 0.215 0.345 0.001048686656 2
0 0.215 0.355 0.000908371303 1
0 0.215 0.365 0.0007689227361 1
0 0.215 0.375 0.0006246291039 1
0 0.215 0.385 0.0004466204246 1
0 0.215 0.395 0.0002813960747 1
0 0.215 0.405 0 2
0 0.215 0.415 0 2
0 0.215 0.425 0 2
0 0.215 0.435 0 2
0 0.215 0.445 0 2
0 0.215 0.455 0 2
0 0.215 0.465 0 2
0 0.225 -0.455 0 2
0 0.225 -0.445 0 2
0 0.225 -0.435 0 2
0 0.225 -0.425 0 1
0 0.225 -0.415 0 1
0 0.225 -0.405 0 1
0 0.225 -0.395 0.0002557018302 1
0 0.225 -0.385 0.0004555336488 2
0 0.225 -0.375 0.0007056888912 2
0 0.225 -0.365 0.0009373640205 2
0 0.225 -0.355 0.001136175328 2
0 0.225 -0.345 0.001319167022 2
0 0.225 -0.335 0.001484527504 2
0 0.225 -0.325 0.001640623606 2
0 0.225 -0.315 0.001794385068 2
0 0.225 -0.305 0.00195055454 2
0 0.225 -0.295 0.002111544983 2
0 0.225 -0.285 0.002277381171 2
0 0.225 -0.275 0.002447234802 2
0 0.225 -0.265 0.002620079406 2
0 0.225 -0.255 0.002795084613 2
0 0.225 -0.245 0.002971480082 2
0 0.225 -0.235 0.003148149128 2
0 0.225 -0.225 0.00332318649 2
0 0.225 -0.215 0.003493423448 2
0 0.225 -0.205 0.003654526019 2
0 0.225 -0.195 0.003801166763 2
0 0.225 -0.185 0.003928315251 2
0 0.225 -0.175 0.004030538533 2
0 0.225 -0.165 0.004101881075 2
0 0.225 -0.155 0.004134716101 2
0 0.225 -0.145 0.004120969613 2
0 0.225 -0.135 0.004098846532 2
0 0.225 -0.125 0.00411556771 1
0 0.225 -0.115 0.004183501663 1
0 0.225 -0.105 0.004272488322 1
0 0.225 -0.095 0.004385381114 1
0 0.225 -0.085 0.004431392028 1
0 0.225 -0.075 0.004506812193 1
0 0.225 -0.065 0.004617042715 1
0 0.225 -0.055 0.004687891802 1
0 0.225 -0.045 0.004747117142 1
0 0.225 -0.035 0.004807153481 1
0 0.225 -0.025 0.004986754708 2
0 0.225 -0.015 0.005087742004 2
0 0.225 -0.005 0.005126948992 2
0 0.225 0.005 0.005129611689 2
0 0.225 0.015 0.005106948148 2
0 0.225 0.025 0.00506776932 2
0 0.225 0.035 0.005016724202 2
0 0.225 0.045 0.0049579899 2
0 0.225 0.055 0.004894777111 2
0 0.225 0.065 0.004829512126 2
0 0.225 0.075 0.004763712146 2
0 0.225 0.085 0.004698031128 2
0 0.225 0.095 0.004632375294 2
0 0.225 0.105 0.004566060097 2
0 0.225 0.115 0.004497970313 2
0 0.225 0.125 0.004426707192 2
0 0.225 0.135 0.004350726511 2
0 0.225 0.145 0.004268479383 2
0 0.225 0.155 0.004178560056 2
0 0.225 0.165 0.004079859224 2
0 0.225 0.175 0.00397169454 2
0 0.225 0.185 0.00385389579 2
0 0.225 0.195 0.003726796099 2
0 0.225 0.205 0.003591129846 2
0 0.225 0.215 0.003447851003 2
0 0.225 0.225 0.003297934778 2
0 0.225 0.235 0.003142208654 2
0 0.225 0.245 0.002981244622 2
0 0.225 0.255 0.002815320436 2
0 0.225 0.265 0.002644419763 2
0 0.225 0.275 0.002468316619 2
0 0.225 0.285 0.00228652373 2
0 0.225 0.295 0.002098792238 2
0 0.225 0.305 0.001903970137 2
0 0.225 0.315 0.001704252458 2
0 0.225 0.325 0.001494748004 2
0 0.225 0.335 0.001290911499 2
0 0.225 0.345 0.001117988047 2
0 0.225 0.355 0.0009615068067 1
0 0.225 0.365 0.0008117052012 1
0 0.225 0.375 0.0006480848638 1
0 0.225 0.385 0.0004699605257 1
0 0.225 0.395 0.0002895837338 1
0 0.225 0.405 0 2
0 0.225 0.415 0 2
0 0.225 0.425 0 2
0 0.225 0.435 0 2
0 0.225 0.445 0 2
0 0.225 0.455 0 2
0 0.225 0.465 0 2
0 0.235 -0.455 0 2
0 0.235 -0.445 0 2
0 0.235 -0.435 0 1
0 0.235 -0.425 0 1
0 0.235 -0.415 0 1
0 0.235 -0.405 0 1
0 0.235 -0.395 0.0002542944746 1
0 0.235 -0.385 0.0004449597164 1
0 0.235 -0.375 0.0006938279461 2
0 0.235 -0.365 0.0009604318473 2
0 0.235 -0.355 0.001196311431 2
0 0.235 -0.345 0.001406466403 2
0 0.235 -0.335 0.001602599149 2
0 0.235 -0.325 0.001788688992 2
0 0.235 -0.315 0.001971890676 2
0 0.235 -0.305 0.002155792451 2
0 0.235 -0.295 0.002342982125 2
0 0.235 -0.285 0.002534250914 2
0 0.235 -0.275 0.002729631196 2
0 0.235 -0.265 0.002928809555 2
0 0.235 -0.255 0.003131429751 2
0 0.235 -0.245 0.003337003374 2
0 0.235 -0.235 0.003544394936 2
0 0.235 -0.225 0.003751267724 2
0 0.235 -0.215 0.003953105802 2
0 0.235 -0.205 0.004143621136 2
0 0.235 -0.195 0.004314983129 2
0 0.235 -0.185 0.004461282432 2
0 0.235 -0.175 0.004578395137 2
0 0.235 -0.165 0.004664047361 2
0 0.235 -0.155 0.004718203569 2
0 0.235 -0.145 0.004740677925 2
0 0.235 -0.135 0.004735970286 2
0 0.235 -0.125 0.004730745372 2
0 0.235 -0.115 0.0047916388 2
0 0.235 -0.105 0.004883068059 2
0 0.235 -0.095 0.004960217913 1
0 0.235 -0.085 0.00507526489 2
0 0.235 -0.075 0.005158993864 2
0 0.235 -0.065 0.005207876501 1
0 0.235 -0.055 0.005271144021 1
0 0.235 -0.045 0.005342503393 1
0 0.235 -0.035 0.00548029765 2
0 0.235 -0.025 0.005679776304 2
0 0.235 -0.015 0.005798877458 2
0 0.235 -0.005 0.005852653177 2
0 0.235 0.005 0.005864202284 2
0 0.235 0.015 0.005845203785 2
0 0.235 0.025 0.005804629882 2
0 0.235 0.035 0.005748365365 2
0 0.235 0.045 0.005681919977 2
0 0.235 0.055 0.005609726127 2
0 0.235 0.065 0.005535040953 2
0 0.235 0.075 0.005459811696 2
0 0.235 0.085 0.00538478121 2
0 0.235 0.095 0.005309724033 2
0 0.235 0.105 0.005233697923 2
0 0.235 0.115 0.005155264094 2
0 0.235 0.125 0.005072659584 2
0 0.235 0.135 0.004983944334 2
0 0.235 0.145 0.00488715765 2
0 0.235 0.155 0.004780497458 2
0 0.235 0.165 0.004662534932 2
0 0.235 0.175 0.004532411126 2
0 0.235 0.185 0.004389996559 2
0 0.235 0.195 0.004235894688 2
0 0.235 0.205 0.004071300508 2
0 0.235 0.215 0.003897716606 2
0 0.235 0.225 0.003716658567 2
0 0.235 0.235 0.003529418406 2
0 0.235 0.245 0.003336937721 2
0 0.235 0.255 0.003139783705 2
0 0.235 0.265 0.002938188258 2
0 0.235 0.275 0.002732167014 2
0 0.235 0.285 0.002521553113 2
0 0.235 0.295 0.002306393666 2
0 0.235 0.305 0.002086511161 2
0 0.235 0.315 0.001863234345 2
0 0.235 0.325 0.001640655034 2
0 0.235 0.335 0.001412040441 2
0 0.235 0.345 0.001210035627 2
0 0.235 0.355 0.00104122595 2
0 0.235 0.365 0.0008825299411 2
0 0.235 0.375 0.0007051375193 2
0 0.235 0.385 0.000519123547 2
0 0.235 0.395 0.0003154468063 2
0 0.235 0.405 0 2
0 0.235 0.415 0 2
0 0.235 0.425 0 2
0 0.235 0.435 0 2
0 0.235 0.445 0 2
0 0.235 0.455 0 2
0 0.235 0.465 0 2
0 0.245 -0.455 0 2
0 0.245 -0.445 0 2
0 0.245 -0.435 0 1
0 0.245 -0.425 0 1
0 0.245 -0.415 0 1
0 0.245 -0.405 0 1
0 0.245 -0.395 0.0002558147019 1
0 0.245 -0.385 0.0004407230815 1
0 0.245 -0.375 0.0006746514185 2
0 0.245 -0.365 0.0009668497384 2
0 0.245 -0.355 0.001245657812 2
0 0.245 -0.345 0.001482417838 2
0 0.245 -0.335 0.00171052924 2
0 0.245 -0.325 0.001927607073 2
0 0.245 -0.315 0.002141560866 2
0 0.245 -0.305 0.002355060133 2
0 0.245 -0.295 0.002570673754 2
0 0.245 -0.285 0.002789509427 2
0 0.245 -0.275 0.003012128799 2
0 0.245 -0.265 0.003238784007 2
0 0.245 -0.255 0.003469660358 2
0 0.245 -0.245 0.003704932664 2
0 0.245 -0.235 0.003944021941 2
0 0.245 -0.225 0.004184923128 2
0 0.245 -0.215 0.004421791101 2
0 0.245 -0.205 0.004645969543 2
0 0.245 -0.195 0.004844820772 2
0 0.245 -0.185 0.00501120128 2
0 0.245 -0.175 0.005141990089 2
0 0.245 -0.165 0.005238457833 2
0 0.245 -0.155 0.005308531902 2
0 0.245 -0.145 0.005359031806 2
0 0.245 -0.135 0.005394711374 2
0 0.245 -0.125 0.005421864268 2
0 0.245 -0.115 0.005494814603 2
0 0.245 -0.105 0.005588911907 2
0 0.245 -0.095 0.005667129789 2
0 0.245 -0.085 0.005813683807 2
0 0.245 -0.075 0.005908390762 2
0 0.245 -0.065 0.005934205896 2
0 0.245 -0.055 0.005986704983 2
0 0.245 -0.045 0.006066081944 2
0 0.245 -0.035 0.006229778006 2
0 0.245 -0.025 0.006405583567 2
0 0.245 -0.015 0.006526468666 2
0 0.245 -0.005 0.006592995712 2
0 0.245 0.005 0.006613343589 2
0 0.245 0.015 0.006598294242 2
0 0.245 0.025 0.006555707625 2
0 0.245 0.035 0.00649321417 2
0 0.245 0.045 0.006417992516 2
0 0.245 0.055 0.006336106679 2
0 0.245 0.065 0.006251775693 2
0 0.245 0.075 0.006167344467 2
0 0.245 0.085 0.006083509512 2
0 0.245 0.095 0.005999779787 2
0 0.245 0.105 0.005914860017 2
0 0.245 0.115 0.005826931572 2
0 0.245 0.125 0.005733828296 2
0 0.245 0.135 0.00563316351 2
0 0.245 0.145 0.005522485574 2
0 0.245 0.155 0.005399482098 2
0 0.245 0.165 0.005262285501 2
0 0.245 0.175 0.005109763055 2
0 0.245 0.185 0.004941830163 2
0 0.245 0.195 0.004759474782 2
0 0.245 0.205 0.004564562713 2
0 0.245 0.215 0.004359361649 2
0 0.245 0.225 0.004146092268 2
0 0.245 0.235 0.003926594496 2
0 0.245 0.245 0.003702195754 2
0 0.245 0.255 0.003473730131 2
0 0.245 0.265 0.003241647435 2
0 0.245 0.275 0.003006184296 2
0 0.245 0.285 0.002767495314 2
0 0.245 0.295 0.002525934743 2
0 0.245 0.305 0.002282219078 2
0 0.245 0.315 0.00203744665 2
0 0.245 0.325 0.001796044958 2
0 0.245 0.335 0.00155521137 2
0 0.245 0.345 0.001337215445 2
0 0.245 0.355 0.001146238708 2
0 0.245 0.365 0.0009654053349 2
0 0.245 0.375 0.0007715750364 2
0 0.245 0.385 0.0005637956247 2
0 0.245 0.395 0.0003396049138 2
0 0.245 0.405 0 2
0 0.245 0.415 0 2
0 0.245 0.425 0 2
0 0.245 0.435 0 2
0 0.245 0.445 0 2
0 0.245 0.455 0 2
0 0.245 0.465 0 2
0 0.255 -0.455 0 2
0 0.255 -0.445 0 2
0 0.255 -0.435 0 1
0 0.255 -0.425 0 1
0 0.255 -0.415 0 1
0 0.255 -0.405 0 1
0 0.255 -0.395 0.0002609995816 1
0 0.255 -0.385 0.0004469642594 1
0 0.255 -0.375 0.0006707631955 1
0 0.255 -0.365 0.0009700948046 2
0 0.255 -0.355 0.001280128767 2
0 0.255 -0.345 0.001548343665 2
0 0.255 -0.335 0.001808826242 2
0 0.255 -0.325 0.002058072229 2
0 0.255 -0.315 0.002303910693 2
0 0.255 -0.305 0.002548506633 2
0 0.255 -0.295 0.002794240432 2
0 0.255 -0.285 0.003042265234 2
0 0.255 -0.275 0.003293401543 2
0 0.255 -0.265 0.003548291486 2
0 0.255 -0.255 0.003807655971 2
0 0.255 -0.245 0.004072502596 2
0 0.255 -0.235 0.004343242371 2
0 0.255 -0.225 0.004619284191 2
0 0.255 -0.215 0.004893771486 2
0 0.255 -0.205 0.005156321093 2
0 0.255 -0.195 0.005385269555 2
0 0.255 -0.185 0.005573436765 2
0 0.255 -0.175 0.005718332961 2
0 0.255 -0.165 0.005822844577 2
0 0.255 -0.155 0.005905454108 2
0 0.255 -0.145 0.005979441961 2
0 0.255 -0.135 0.006056497335 2
0 0.255 -0.125 0.006144377283 2
0 0.255 -0.115 0.00625661587 2
0 0.255 -0.105 0.006378065186 2
0 0.255 -0.095 0.006511136682 2
0 0.255 -0.085 0.006662661832 2
0 0.255 -0.075 0.006764846976 2
0 0.255 -0.065 0.006805294817 2
0 0.255 -0.055 0.006845770157 2
0 0.255 -0.045 0.006893158737 2
0 0.255 -0.035 0.007020561306 2
0 0.255 -0.025 0.007162998574 2
0 0.255 -0.015 0.007277028929 2
0 0.255 -0.005 0.007349771863 2
0 0.255 0.005 0.007378437187 2
0 0.255 0.015 0.007366117562 2
0 0.255 0.025 0.007319473761 2
0 0.255 0.035 0.007248600061 2
0 0.255 0.045 0.007162681416 2
0 0.255 0.055 0.007069953628 2
0 0.255 0.065 0.006975647926 2
0 0.255 0.075 0.006882355626 2
0 0.255 0.085 0.006790459496 2
0 0.255 0.095 0.006698984727 2
0 0.255 0.105 0.006606164497 2
0 0.255 0.115 0.006509762814 2
0 0.255 0.125 0.006407205663 2
0 0.255 0.135 0.006295629743 2
0 0.255 0.145 0.006172010886 2
0 0.255 0.155 0.006033369733 2
0 0.255 0.165 0.005877218904 2
0 0.255 0.175 0.005701955657 2
0 0.255 0.185 0.005507519906 2
0 0.255 0.195 0.005295440654 2
0 0.255 0.205 0.005068590356 2
0 0.255 0.215 0.004830319207 2
0 0.255 0.225 0.004583762672 2
0 0.255 0.235 0.004331373642 2
0 0.255 0.245 0.004074831141 2
0 0.255 0.255 0.003815155618 2
0 0.255 0.265 0.003552930393 2
0 0.255 0.275 0.003288544612 2
0 0.255 0.285 0.003022409281 2
0 0.255 0.295 0.002755163804 2
0 0.255 0.305 0.002488069908 2
0 0.255 0.315 0.002222601485 2
0 0.255 0.325 0.001962544371 2
0 0.255 0.335 0.001711996004 2
0 0.255 0.345 0.001479090172 2
0 0.255 0.355 0.001262790684 2
0 0.255 0.365 0.001052841592 2
0 0.255 0.375 0.0008361035122 2
0 0.255 0.385 0.0006010485246 2
0 0.255 0.395 0.000357118427 2
0 0.255 0.405 0 2
0 0.255 0.415 0 2
0 0.255 0.425 0 2
0 0.255 0.435 0 2
0 0.255 0.445 0 2
0 0.255 0.455 0 2
0 0.255 0.465 0 2
0 0.265 -0.455 0 2
0 0.265 -0.445 0 2
0 0.265 -0.435 0 1
0 0.265 -0.425 0 1
0 0.265 -0.415 0 1
0 0.265 -0.405 0 1
0 0.265 -0.395 0.0002625932718 1
0 0.265 -0.385 0.0004566431503 1
0 0.265 -0.375 0.0006855700258 1
0 0.265 -0.365 0.0009802979101 2
0 0.265 -0.355 0.001303976877 2
0 0.265 -0.345 0.00160822468 2
0 0.265 -0.335 0.001899974367 2
0 0.265 -0.325 0.002181989822 2
0 0.265 -0.315 0.002460396555 2
0 0.265 -0.305 0.002737138203 2
0 0.265 -0.295 0.003014192315 2
0 0.265 -0.285 0.003292565871 2
0 0.265 -0.275 0.003573106549 2
0 0.265 -0.265 0.003856643917 2
0 0.265 -0.255 0.004144456556 2
0 0.265 -0.245 0.004438215832 2
0 0.265 -0.235 0.004739449098 2
0 0.265 -0.225 0.005054016759 2
0 0.265 -0.215 0.005375368463 2
0 0.265 -0.205 0.005694535189 2
0 0.265 -0.195 0.005959721223 2
0 0.265 -0.185 0.006170286256 2
0 0.265 -0.175 0.006324970572 2
0 0.265 -0.165 0.006420516845 2
0 0.265 -0.155 0.006507716681 2
0 0.265 -0.145 0.006601872068 2
0 0.265 -0.135 0.006715263204 2
0 0.265 -0.125 0.00685405923 2
0 0.265 -0.115 0.00701753688 2
0 0.265 -0.105 0.007160080047 2
0 0.265 -0.095 0.007321964887 2
0 0.265 -0.085 0.007448655005 2
0 0.265 -0.075 0.007558659307 2
0 0.265 -0.065 0.007655702675 2
0 0.265 -0.055 0.007738145795 2
0 0.265 -0.045 0.007769907259 2
0 0.265 -0.035 0.007830723721 2
0 0.265 -0.025 0.007941237275 2
0 0.265 -0.015 0.008051970421 2
0 0.265 -0.005 0.008131642935 2
0 0.265 0.005 0.008165763631 2
0 0.265 0.015 0.008152153253 2
0 0.265 0.025 0.008096172388 2
0 0.265 0.035 0.008012523195 2
0 0.265 0.045 0.00791246766 2
0 0.265 0.055 0.007807235223 2
0 0.265 0.065 0.007702709921 2
0 0.265 0.075 0.007601191275 2
0 0.265 0.085 0.007502241723 2
0 0.265 0.095 0.007404101126 2
0 0.265 0.105 0.007304441595 2
0 0.265 0.115 0.00720064315 2
0 0.265 0.125 0.00708979528 2
0 0.265 0.135 0.006968573363 2
0 0.265 0.145 0.006833311286 2
0 0.265 0.155 0.006680142755 2
0 0.265 0.165 0.006505695773 2
0 0.265 0.175 0.006307475261 2
0 0.265 0.185 0.006085371848 2
0 0.265 0.195 0.005841662351 2
0 0.265 0.205 0.005580816157 2
0 0.265 0.215 0.005307757241 2
0 0.265 0.225 0.005026806993 2
0 0.265 0.235 0.004741037608 2
0 0.265 0.245 0.004452344445 2
0 0.265 0.255 0.004161758395 2
0 0.265 0.265 0.00386984276 2
0 0.265 0.275 0.003577022445 2
0 0.265 0.285 0.003283846281 2
0 0.265 0.295 0.002991154895 2
0 0.265 0.305 0.002700374064 2
0 0.265 0.315 0.002413373625 2
0 0.265 0.325 0.002133254233 2
0 0.265 0.335 0.001863230832 2
0 0.265 0.345 0.001606830619 2
0 0.265 0.355 0.001362520474 2
0 0.265 0.365 0.001123428866 2
0 0.265 0.375 0.00088100782 2
0 0.265 0.385 0.000623763136 2
0 0.265 0.395 0.0003653867804 2
0 0.265 0.405 0 2
0 0.265 0.415 0 2
0 0.265 0.425 0 2
0 0.265 0.435 0 2
0 0.265 0.445 0 2
0 0.265 0.455 0 2
0 0.265 0.465 0 2
0 0.275 -0.455 0 2
0 0.275 -0.445 0 2
0 0.275 -0.435 0 1
0 0.275 -0.425 0 1
0 0.275 -0.415 0 1
0 0.275 -0.405 0 1
0 0.275 -0.395 0.0002669121758 1
0 0.275 -0.385 0.0004713315047 1
0 0.275 -0.375 0.0007065911424 1
0 0.275 -0.365 0.0009986557608 2
0 0.275 -0.355 0.001330686438 2
0 0.275 -0.345 0.001666691346 2
0 0.275 -0.335 0.001987491239 2
0 0.275 -0.325 0.002301793377 2
0 0.275 -0.315 0.002612866484 2
0 0.275 -0.305 0.002922347144 2
0 0.275 -0.295 0.003231527137 2
0 0.275 -0.285 0.003541081231 2
0 0.275 -0.275 0.003851660797 2
0 0.275 -0.265 0.004164076125 2
0 0.275 -0.255 0.004480043777 2
0 0.275 -0.245 0.004801671916 2
0 0.275 -0.235 0.005132175024 2
0 0.275 -0.225 0.005478921968 2
0 0.275 -0.215 0.005835975356 2
0 0.275 -0.205 0.006202274522 2
0 0.275 -0.195 0.00649018435 2
0 0.275 -0.185 0.006726531436 2
0 0.275 -0.175 0.006911975728 2
0 0.275 -0.165 0.007022106625 2
0 0.275 -0.155 0.007115166104 2
0 0.275 -0.145 0.007228267007 2
0 0.275 -0.135 0.007376852811 2
0 0.275 -0.125 0.007560496982 2
0 0.275 -0.115 0.007750424333 2
0 0.275 -0.105 0.007881737139 2
0 0.275 -0.095 0.008018539136 1
0 0.275 -0.085 0.008135908357 1
0 0.275 -0.075 0.008257383642 1
0 0.275 -0.065 0.008381251398 1
0 0.275 -0.055 0.008504181772 1
0 0.275 -0.045 0.008583036251 2
0 0.275 -0.035 0.00862175503 2
0 0.275 -0.025 0.008728765909 2
0 0.275 -0.015 0.008845620053 2
0 0.275 -0.005 0.008930210545 2
0 0.275 0.005 0.008968237029 2
0 0.275 0.015 0.008952053545 2
0 0.275 0.025 0.008882555847 2
0 0.275 0.035 0.008782976635 2
0 0.275 0.045 0.008664712116 2
0 0.275 0.055 0.008544736951 2
0 0.275 0.065 0.008429636443 2
0 0.275 0.075 0.008320776392 2
0 0.275 0.085 0.008216033221 2
0 0.275 0.095 0.008112332158 2
0 0.275 0.105 0.008006788769 2
0 0.275 0.115 0.007896570755 2
0 0.275 0.125 0.007778590305 2
0 0.275 0.135 0.007649098079 2
0 0.275 0.145 0.007503729896 2
0 0.275 0.155 0.007337456295 2
0 0.275 0.165 0.007145780605 2
0 0.275 0.175 0.006924460559 2
0 0.275 0.185 0.006673225069 2
0 0.275 0.195 0.006395338656 2
0 0.275 0.205 0.006097934734 2
0 0.275 0.215 0.005788203103 2
0 0.275 0.225 0.005471905073 2
0 0.275 0.235 0.005152580383 2
0 0.275 0.245 0.004832057421 2
0 0.275 0.255 0.004511109638 2
0 0.275 0.265 0.00419007507 2
0 0.275 0.275 0.003869274615 2
0 0.275 0.285 0.003549268745 2
0 0.275 0.295 0.003230988345 2
0 0.275 0.305 0.002915875909 2
0 0.275 0.315 0.002605852866 2
0 0.275 0.325 0.002303354178 2
0 0.275 0.335 0.002010549895 2
0 0.275 0.345 0.001728744458 2
0 0.275 0.355 0.001456399363 2
0 0.275 0.365 0.001188844701 2
0 0.275 0.375 0.0009209093502 2
0 0.275 0.385 0.0006424716318 2
0 0.275 0.395 0.0003705981967 2
0 0.275 0.405 0 2
0 0.275 0.415 0 2
0 0.275 0.425 0 2
0 0.275 0.435 0 2
0 0.275 0.445 0 2
0 0.275 0.455 0 2
0 0.275 0.465 0 2
0 0.285 -0.455 0 2
0 0.285 -0.445 0 2
0 0.285 -0.435 0 1
0 0.285 -0.425 0 1
0 0.285 -0.415 0 1
0 0.285 -0.405 0 1
0 0.285 -0.395 0.0002747071525 1
0 0.285 -0.385 0.0004876099638 1
0 0.285 -0.375 0.0007301488014 1
0 0.285 -0.365 0.001027527853 2
0 0.285 -0.355 0.001369541273 2
0 0.285 -0.345 0.001726940051 2
0 0.285 -0.335 0.002074468231 2
0 0.285 -0.325 0.002419860268 2
0 0.285 -0.315 0.002763287964 2
0 0.285 -0.305 0.003105712912 2
0 0.285 -0.295 0.003447494745 2
0 0.285 -0.285 0.003788811414 2
0 0.285 -0.275 0.004129918137 2
0 0.285 -0.265 0.004471409056 2
0 0.285 -0.255 0.004815065214 2
0 0.285 -0.245 0.005163330138 2
0 0.285 -0.235 0.005525935653 2
0 0.285 -0.225 0.005904198357 2
0 0.285 -0.215 0.006291738791 2
0 0.285 -0.205 0.006669711716 1
0 0.285 -0.195 0.006963687414 1
0 0.285 -0.185 0.007217837897 1
0 0.285 -0.175 0.007440650336 1
0 0.285 -0.165 0.007606334962 2
0 0.285 -0.155 0.00772950503 2
0 0.285 -0.145 0.007858465043 2
0 0.285 -0.135 0.008040290231 2
0 0.285 -0.125 0.008237320408 2
0 0.285 -0.115 0.008400839131 1
0 0.285 -0.105 0.008513096951 1
0 0.285 -0.095 0.008591147205 1
0 0.285 -0.085 0.00870467141 1
0 0.285 -0.075 0.008836208675 1
0 0.285 -0.065 0.008976683767 1
0 0.285 -0.055 0.009133165348 1
0 0.285 -0.045 0.009323608761 1
0 0.285 -0.035 0.009420408819 2
0 0.285 -0.025 0.009555882344 2
0 0.285 -0.015 0.009680317302 2
0 0.285 -0.005 0.009769501024 2
0 0.285 0.005 0.009810608578 2
0 0.285 0.015 0.009785292875 2
0 0.285 0.025 0.009678888696 2
0 0.285 0.035 0.009554736339 2
0 0.285 0.045 0.009413021483 2
0 0.285 0.055 0.009277466159 2
0 0.285 0.065 0.00915315477 2
0 0.285 0.075 0.009038898889 2
0 0.285 0.085 0.008929845581 2
0 0.285 0.095 0.008821394508 2
0 0.285 0.105 0.008710520256 2
0 0.285 0.115 0.008594515372 2
0 0.285 0.125 0.00847036444 2
0 0.285 0.135 0.008334027706 2
0 0.285 0.145 0.00818055877 2
0 0.285 0.155 0.008003467618 2
0 0.285 0.165 0.007797136415 2
0 0.285 0.175 0.007553155531 2
0 0.285 0.185 0.007270857306 2
0 0.285 0.195 0.006954569223 2
0 0.285 0.205 0.006616649248 2
0 0.285 0.215 0.006267754961 2
0 0.285 0.225 0.00591534471 2
0 0.285 0.235 0.005562823094 2
0 0.285 0.245 0.005211301592 2
0 0.285 0.255 0.004860867485 2
0 0.285 0.265 0.004511429545 2
0 0.285 0.275 0.004163095071 2
0 0.285 0.285 0.00381634878 2
0 0.285 0.295 0.003472122765 2
0 0.285 0.305 0.003131797302 2
0 0.285 0.315 0.002797092219 2
0 0.285 0.325 0.002469891162 2
0 0.285 0.335 0.002151708466 2
0 0.285 0.345 0.001843135806 2
0 0.285 0.355 0.001543070207 2
0 0.285 0.365 0.001248419418 2
0 0.285 0.375 0.000956423942 2
0 0.285 0.385 0.0006584840365 2
0 0.285 0.395 0.0003743570256 2
0 0.285 0.405 0 2
0 0.285 0.415 0 2
0 0.285 0.425 0 2
0 0.285 0.435 0 2
0 0.285 0.445 0 2
0 0.285 0.455 0 2
0 0.285 0.465 0 2
0 0.295 -0.455 0 2
0 0.295 -0.445 0 2
0 0.295 -0.435 0 1
0 0.295 -0.425 0 1
0 0.295 -0.415 0 1
0 0.295 -0.405 0 1
0 0.295 -0.395 0.000282866474 1
0 0.295 -0.385 0.0005048696658 1
0 0.295 -0.375 0.0007560884478 1
0 0.295 -0.365 0.001060295769 2
0 0.295 -0.355 0.001412361651 2
0 0.295 -0.345 0.001789545379 2
0 0.295 -0.335 0.002162539128 2
0 0.295 -0.325 0.00253806127 2
0 0.295 -0.315 0.00291341211 2
0 0.295 -0.305 0.003288693776 2
0 0.295 -0.295 0.003663260925 2
0 0.295 -0.285 0.004036692658 2
0 0.295 -0.275 0.004408706921 2
0 0.295 -0.265 0.004779489996 2
0 0.295 -0.255 0.005150371393 2
0 0.295 -0.245 0.005523988831 2
0 0.295 -0.235 0.005912329549 2
0 0.295 -0.225 0.006314225874 2
0 0.295 -0.215 0.00672709623 2
0 0.295 -0.205 0.007062356103 1
0 0.295 -0.195 0.007355217988 1
0 0.295 -0.185 0.007623074779 1
0 0.295 -0.175 0.007873685061 1
0 0.295 -0.165 0.008128220828 1
0 0.295 -0.155 0.008316569502 2
0 0.295 -0.145 0.008472222391 2
0 0.295 -0.135 0.008670467539 2
0 0.295 -0.125 0.008836790584 1
0 0.295 -0.115 0.008926893128 1
0 0.295 -0.105 0.009025406981 1
0 0.295 -0.095 0.009109395027 1
0 0.295 -0.085 0.009221094723 1
0 0.295 -0.075 0.009357253545 1
0 0.295 -0.065 0.009514244523 1
0 0.295 -0.055 0.009695078984 1
0 0.295 -0.045 0.009918382246 1
0 0.295 -0.035 0.01013894316 2
0 0.295 -0.025 0.01031088944 2
0 0.295 -0.015 0.01043983335 2
0 0.295 -0.005 0.01053307458 2
0 0.295 0.005 0.01058541094 2
0 0.295 0.015 0.01058056319 2
0 0.295 0.025 0.01047897982 2
0 0.295 0.035 0.01035030217 2
0 0.295 0.045 0.01016408718 2
0 0.295 0.055 0.01000355845 2
0 0.295 0.065 0.009871691952 2
0 0.295 0.075 0.009754776621 2
0 0.295 0.085 0.009642572641 2
0 0.295 0.095 0.009529428419 2
0 0.295 0.105 0.009413062996 2
0 0.295 0.115 0.009291524197 2
0 0.295 0.125 0.009162224542 2
0 0.295 0.135 0.009020659129 2
0 0.295 0.145 0.008860752708 2
0 0.295 0.155 0.008673498268 2
0 0.295 0.165 0.008454280612 2
0 0.295 0.175 0.008187036409 2
0 0.295 0.185 0.007871676947 2
0 0.295 0.195 0.007512626148 2
0 0.295 0.205 0.00713095818 2
0 0.295 0.215 0.006741656838 2
0 0.295 0.225 0.006353422797 2
0 0.295 0.235 0.005968870511 2
0 0.295 0.245 0.005587707799 2
0 0.295 0.255 0.00520901023 2
0 0.295 0.265 0.004832018271 2
0 0.295 0.275 0.004456602061 2
0 0.295 0.285 0.004083158681 2
0 0.295 0.295 0.003712599344 2
0 0.295 0.305 0.003346239312 2
0 0.295 0.315 0.002985638273 2
0 0.295 0.325 0.002632370596 2
0 0.295 0.335 0.002287659314 2
0 0.295 0.345 0.001951987289 2
0 0.295 0.355 0.001624841284 2
0 0.295 0.365 0.001304368833 2
0 0.295 0.375 0.0009896669936 2
0 0.295 0.385 0.0006735129747 2
0 0.295 0.395 0.000377956407 2
0 0.295 0.405 0 2
0 0.295 0.415 0 2
0 0.295 0.425 0 2
0 0.295 0.435 0 2
0 0.295 0.445 0 2
0 0.295 0.455 0 2
0 0.295 0.465 0 2
0 0.305 -0.455 0 2
0 0.305 -0.445 0 2
0 0.305 -0.435 0 2
0 0.305 -0.425 0 1
0 0.305 -0.415 0 1
0 0.305 -0.405 0 1
0 0.305 -0.395 0.0002862796959 1
0 0.305 -0.385 0.0005193169586 1
0 0.305 -0.375 0.0007847103327 1
0 0.305 -0.365 0.001095469915 2
0 0.305 -0.355 0.001454975403 2
0 0.305 -0.345 0.001854528115 2
0 0.305 -0.335 0.002252896959 2
0 0.305 -0.325 0.002658009432 2
0 0.305 -0.315 0.003064704488 2
0 0.305 -0.305 0.003472434924 2
0 0.305 -0.295 0.003879654647 2
0 0.305 -0.285 0.004285297947 2
0 0.305 -0.275 0.004688467755 2
0 0.305 -0.265 0.005088726367 2
0 0.305 -0.255 0.00548657124 2
0 0.305 -0.245 0.005884105782 2
0 0.305 -0.235 0.006291453607 2
0 0.305 -0.225 0.006704075124 2
0 0.305 -0.215 0.00712004808 1
0 0.305 -0.205 0.007426205284 1
0 0.305 -0.195 0.007716922712 1
0 0.305 -0.185 0.007996843941 1
0 0.305 -0.175 0.008272073825 1
0 0.305 -0.165 0.008554286396 1
0 0.305 -0.155 0.008830273198 1
0 0.305 -0.145 0.009034939407 2
0 0.305 -0.135 0.009219027168 1
0 0.305 -0.125 0.009319396272 1
0 0.305 -0.115 0.009406342168 1
0 0.305 -0.105 0.009508756841 1
0 0.305 -0.095 0.009619106365 1
0 0.305 -0.085 0.0097478754 1
0 0.305 -0.075 0.009896241372 1
0 0.305 -0.065 0.01006674534 1
0 0.305 -0.055 0.0102587387 1
0 0.305 -0.045 0.01048801046 1
0 0.305 -0.035 0.01076834413 1
0 0.305 -0.025 0.01096988172 1
0 0.305 -0.015 0.01110959443 1
0 0.305 -0.005 0.0112072599 1
0 0.305 0.005 0.01126585434 1
0 0.305 0.015 0.01128256886 1
0 0.305 0.025 0.0112275514 2
0 0.305 0.035 0.01111310412 2
0 0.305 0.045 0.0108864 2
0 0.305 0.055 0.01071841541 2
0 0.305 0.065 0.01058776044 2
0 0.305 0.075 0.01046940294 2
0 0.305 0.085 0.01035355986 2
0 0.305 0.095 0.01023457452 2
0 0.305 0.105 0.01011166177 2
0 0.305 0.115 0.009984233272 2
0 0.305 0.125 0.009850277215 2
0 0.305 0.135 0.00970438929 2
0 0.305 0.145 0.009538922924 2
0 0.305 0.155 0.009344788089 2
0 0.305 0.165 0.009129514832 2
0 0.305 0.175 0.008844559169 2
0 0.305 0.185 0.008492528187 2
0 0.305 0.195 0.008071975639 2
0 0.305 0.205 0.007636030423 2
0 0.305 0.215 0.007203890565 2
0 0.305 0.225 0.006782327571 2
0 0.305 0.235 0.00636835712 2
0 0.305 0.245 0.005959543468 2
0 0.305 0.255 0.005554021646 2
0 0.305 0.265 0.005150373091 2
0 0.305 0.275 0.00474830605 2
0 0.305 0.285 0.004348195518 2
0 0.305 0.295 0.003950973077 2
0 0.305 0.305 0.003557945017 2
0 0.305 0.315 0.003170612445 2
0 0.305 0.325 0.002790456237 2
0 0.305 0.335 0.002418689241 2
0 0.305 0.345 0.002055997748 2
0 0.305 0.355 0.001702519096 2
0 0.305 0.365 0.001357432982 2
0 0.305 0.375 0.001021319164 2
0 0.305 0.385 0.0006880929316 2
0 0.305 0.395 0.000381758526 2
0 0.305 0.405 0 2
0 0.305 0.415 0 2
0 0.305 0.425 0 2
0 0.305 0.435 0 2
0 0.305 0.445 0 2
0 0.305 0.455 0 2
0 0.305 0.465 0 2
0 0.315 -0.455 0 2
0 0.315 -0.445 0 2
0 0.315 -0.435 0 2
0 0.315 -0.425 0 1
0 0.315 -0.415 0 1
0 0.315 -0.405 0 1
0 0.315 -0.395 0.0002867918154 1
0 0.315 -0.385 0.0005333597484 1
0 0.315 -0.375 0.00081284955 1
0 0.315 -0.365 0.00112823232 2
0 0.315 -0.355 0.001499639142 2
0 0.315 -0.345 0.00192402785 2
0 0.315 -0.335 0.00234763735 2
0 0.315 -0.325 0.002781315188 2
0 0.315 -0.315 0.003218308108 2
0 0.315 -0.305 0.003657621157 2
0 0.315 -0.295 0.004096940361 2
0 0.315 -0.285 0.004534474773 2
0 0.315 -0.275 0.004968681157 2
0 0.315 -0.265 0.005398254462 2
0 0.315 -0.255 0.005822831814 2
0 0.315 -0.245 0.006242793068 2
0 0.315 -0.235 0.00666189079 2
0 0.315 -0.225 0.007073518634 2
0 0.315 -0.215 0.007454050771 1
0 0.315 -0.205 0.007788759224 1
0 0.315 -0.195 0.008094186266 1
0 0.315 -0.185 0.008387080917 1
0 0.315 -0.175 0.008675029669 1
0 0.315 -0.165 0.008962186642 1
0 0.315 -0.155 0.009252382994 1
0 0.315 -0.145 0.009512861332 1
0 0.315 -0.135 0.009664149401 1
0 0.315 -0.125 0.009773045782 1
0 0.315 -0.115 0.009882348185 1
0 0.315 -0.105 0.009999017666 1
0 0.315 -0.095 0.0101234413 1
0 0.315 -0.085 0.01026212733 1
0 0.315 -0.075 0.01042350228 1
0 0.315 -0.065 0.01061070166 1
0 0.315 -0.055 0.01082040103 1
0 0.315 -0.045 0.01105683466 1
0 0.315 -0.035 0.01131415086 1
0 0.315 -0.025 0.01151811888 1
0 0.315 -0.015 0.01166569904 1
0 0.315 -0.005 0.01176805257 1
0 0.315 0.005 0.01183149977 1
0 0.315 0.015 0.0118660991 1
0 0.315 0.025 0.01188975809 1
0 0.315 0.035 0.01180614872 1
0 0.315 0.045 0.01158779268 2
0 0.315 0.055 0.01143049786 2
0 0.315 0.065 0.01130310514 2
0 0.315 0.075 0.01118297293 2
0 0.315 0.085 0.01106131887 2
0 0.315 0.095 0.01093433008 2
0 0.315 0.105 0.01080319203 2
0 0.315 0.115 0.01066900629 2
0 0.315 0.125 0.01053148683 2
0 0.315 0.135 0.01038868066 2
0 0.315 0.145 0.0102293737 2
0 0.315 0.155 0.0100103986 2
0 0.315 0.165 0.009766645014 2
0 0.315 0.175 0.009445451837 2
0 0.315 0.185 0.009067440806 2
0 0.315 0.195 0.008610610017 2
0 0.315 0.205 0.008126839909 2
0 0.315 0.215 0.007655274718 2
0 0.315 0.225 0.007199990901 2
0 0.315 0.235 0.006760065054 2
0 0.315 0.245 0.006325913067 2
0 0.315 0.255 0.005894938329 2
0 0.315 0.265 0.005465425485 2
0 0.315 0.275 0.005037061585 2
0 0.315 0.285 0.004610309769 2
0 0.315 0.295 0.004186197731 2
0 0.315 0.305 0.003766106639 2
0 0.315 0.315 0.003351592008 2
0 0.315 0.325 0.002944203139 2
0 0.315 0.335 0.002545319585 2
0 0.315 0.345 0.002155977551 2
0 0.315 0.355 0.001776966531 2
0 0.315 0.365 0.001408351433 2
0 0.315 0.375 0.001051937738 2
0 0.315 0.385 0.0007025593917 2
0 0.315 0.395 0.0003859154061 2
0 0.315 0.405 0 2
0 0.315 0.415 0 2
0 0.315 0.425 0 2
0 0.315 0.435 0 2
0 0.315 0.445 0 2
0 0.315 0.455 0 2
0 0.315 0.465 0 2
0 0.325 -0.455 0 2
0 0.325 -0.445 0 2
0 0.325 -0.435 0 2
0 0.325 -0.425 0 2
0 0.325 -0.415 0 1
0 0.325 -0.405 0 1
0 0.325 -0.395 0.0002939598928 1
0 0.325 -0.385 0.0005521885738 1
0 0.325 -0.375 0.0008468237891 2
0 0.325 -0.365 0.001167122954 2
0 0.325 -0.355 0.001559670358 2
0 0.325 -0.345 0.002002950709 2
0 0.325 -0.335 0.00244963672 2
0 0.325 -0.325 0.002909333642 2
0 0.325 -0.315 0.003374761899 2
0 0.325 -0.305 0.003844182027 2
0 0.325 -0.295 0.004314616084 2
0 0.325 -0.285 0.004783422395 2
0 0.325 -0.275 0.005248487438 2
0 0.325 -0.265 0.00570717057 2
0 0.325 -0.255 0.006158144096 2
0 0.325 -0.245 0.006598788893 2
0 0.325 -0.235 0.007028053545 2
0 0.325 -0.225 0.007435581192 2
0 0.325 -0.215 0.007781308019 1
0 0.325 -0.205 0.00814546608 1
0 0.325 -0.195 0.008465158651 1
0 0.325 -0.185 0.008770941331 1
0 0.325 -0.175 0.009070095086 1
0 0.325 -0.165 0.009363219355 1
0 0.325 -0.155 0.009646703096 1
0 0.325 -0.145 0.009900071474 1
0 0.325 -0.135 0.01007452334 1
0 0.325 -0.125 0.01021464869 1
0 0.325 -0.115 0.01034752913 1
0 0.325 -0.105 0.01048178642 1
0 0.325 -0.095 0.01061964311 1
0 0.325 -0.085 0.01076709533 1
0 0.325 -0.075 0.0109422479 1
0 0.325 -0.065 0.01114798755 1
0 0.325 -0.055 0.01136943846 1
0 0.325 -0.045 0.01159981885 1
0 0.325 -0.035 0.01182417 1
0 0.325 -0.025 0.01201380611 1
0 0.325 -0.015 0.01216093436 1
0 0.325 -0.005 0.01226722852 1
0 0.325 0.005 0.01233995492 1
0 0.325 0.015 0.01239054903 1
0 0.325 0.025 0.0124244199 1
0 0.325 0.035 0.01238444678 1
0 0.325 0.045 0.01225916879 2
0 0.325 0.055 0.01213384883 2
0 0.325 0.065 0.01201365329 2
0 0.325 0.075 0.01189183103 2
0 0.325 0.085 0.01176193161 2
0 0.325 0.095 0.01162432624 2
0 0.325 0.105 0.01148293569 2
0 0.325 0.115 0.01134210887 2
0 0.325 0.125 0.01120420454 2
0 0.325 0.135 0.01106217817 2
0 0.325 0.145 0.0108857143 2
0 0.325 0.155 0.01061795984 2
0 0.325 0.165 0.01031414811 1
0 0.325 0.175 0.009957985939 1
0 0.325 0.185 0.009565884039 1
0 0.325 0.195 0.009107505191 2
0 0.325 0.205 0.00858706336 2
0 0.325 0.215 0.00808815869 2
0 0.325 0.225 0.007607244708 2
0 0.325 0.235 0.007144159169 2
0 0.325 0.245 0.006686539962 2
0 0.325 0.255 0.006231143735 2
0 0.325 0.265 0.005776328401 2
0 0.325 0.275 0.005321911467 2
0 0.325 0.285 0.004868548811 2
0 0.325 0.295 0.004417436654 2
0 0.325 0.305 0.003970106344 2
0 0.325 0.315 0.003528259239 2
0 0.325 0.325 0.003093623687 2
0 0.325 0.335 0.002667851253 2
0 0.325 0.345 0.00225239455 2
0 0.325 0.355 0.001848671137 2
0 0.325 0.365 0.00145751654 2
0 0.325 0.375 0.001081771472 2
0 0.325 0.385 0.0007170055101 2
0 0.325 0.395 0.0003904158232 2
0 0.325 0.405 0 2
0 0.325 0.415 0 2
0 0.325 0.425 0 2
0 0.325 0.435 0 2
0 0.325 0.445 0 2
0 0.325 0.455 0 2
0 0.325 0.465 0 2
0 0.335 -0.455 0 2
0 0.335 -0.445 0 2
0 0.335 -0.435 0 2
0 0.335 -0.425 0 2
0 0.335 -0.415 0 2
0 0.335 -0.405 0 2
0 0.335 -0.395 0.0003256912124 2
0 0.335 -0.385 0.0005889330653 2
0 0.335 -0.375 0.0008862604783 2
0 0.335 -0.365 0.001231879971 2
0 0.335 -0.355 0.00164371184 2
0 0.335 -0.345 0.002094050913 2
0 0.335 -0.335 0.002560044284 2
0 0.335 -0.325 0.003042127274 2
0 0.335 -0.315 0.003533539753 2
0 0.335 -0.305 0.004031403502 2
0 0.335 -0.295 0.004531865162 2
0 0.335 -0.285 0.00503066698 2
0 0.335 -0.275 0.005525255111 2
0 0.335 -0.265 0.006011203896 2
0 0.335 -0.255 0.006486794157 2
0 0.335 -0.245 0.006945543758 2
0 0.335 -0.235 0.007388979998 2
0 0.335 -0.225 0.007803654689 2
0 0.335 -0.215 0.008160042969 2
0 0.335 -0.205 0.008509982973 1
0 0.335 -0.195 0.008830874011 1
0 0.335 -0.185 0.009145044947 1
0 0.335 -0.175 0.009454035474 1
0 0.335 -0.165 0.009753657444 1
0 0.335 -0.155 0.01003428186 1
0 0.335 -0.145 0.01028104842 1
0 0.335 -0.135 0.01047877946 1
0 0.335 -0.125 0.01064527832 1
0 0.335 -0.115 0.01080378834 1
0 0.335 -0.105 0.01095959919 1
0 0.335 -0.095 0.01110754137 1
0 0.335 -0.085 0.01124669345 1
0 0.335 -0.075 0.01143401854 1
0 0.335 -0.065 0.01167207641 1
0 0.335 -0.055 0.01190519663 1
0 0.335 -0.045 0.01213273502 1
0 0.335 -0.035 0.01234202764 1
0 0.335 -0.025 0.0125205941 1
0 0.335 -0.015 0.01266401672 1
0 0.335 -0.005 0.01277264768 1
0 0.335 0.005 0.01284960627 1
0 0.335 0.015 0.01289784176 1
0 0.335 0.025 0.01292090438 1
0 0.335 0.035 0.01291720464 1
0 0.335 0.045 0.01288756526 2
0 0.335 0.055 0.01281437726 2
0 0.335 0.065 0.0127114644 2
0 0.335 0.075 0.01258864906 2
0 0.335 0.085 0.01244917085 2
0 0.335 0.095 0.01229935902 2
0 0.335 0.105 0.01214712934 2
0 0.335 0.115 0.01200163018 2
0 0.335 0.125 0.01186803327 2
0 0.335 0.135 0.01170086848 2
0 0.335 0.145 0.01145611106 1
0 0.335 0.155 0.01113188831 1
0 0.335 0.165 0.01075110734 1
0 0.335 0.175 0.0103706835 1
0 0.335 0.185 0.009973197516 1
0 0.335 0.195 0.009550038379 1
0 0.335 0.205 0.009018349856 2
0 0.335 0.215 0.008504575142 2
0 0.335 0.225 0.008004819413 2
0 0.335 0.235 0.007520908652 2
0 0.335 0.245 0.007041056919 2
0 0.335 0.255 0.006561918787 2
0 0.335 0.265 0.006082164247 2
0 0.335 0.275 0.00560187863 2
0 0.335 0.285 0.005121985925 2
0 0.335 0.295 0.004643905928 2
0 0.335 0.305 0.00416937523 2
0 0.335 0.315 0.003700304326 2
0 0.335 0.325 0.003238668643 2
0 0.335 0.335 0.002786447445 2
0 0.335 0.345 0.002345531572 2
0 0.335 0.355 0.001917929616 2
0 0.335 0.365 0.001505153999 2
0 0.335 0.375 0.001110935665 2
0 0.335 0.385 0.0007314361987 2
0 0.335 0.395 0.0003952037225 2
0 0.335 0.405 0 2
0 0.335 0.415 0 2
0 0.335 0.425 0 2
0 0.335 0.435 0 2
0 0.335 0.445 0 2
0 0.335 0.455 0 2
0 0.335 0.465 0 2
0 0.345 -0.455 0 2
0 0.345 -0.445 0 2
0 0.345 -0.435 0 2
0 0.345 -0.425 0 2
0 0.345 -0.415 0 2
0 0.345 -0.405 0 2
0 0.345 -0.395 0.0003545035972 2
0 0.345 -0.385 0.0006322422828 2
0 0.345 -0.375 0.0009521630581 2
0 0.345 -0.365 0.001319485513 2
0 0.345 -0.355 0.001741018439 2
0 0.345 -0.345 0.002195120337 2
0 0.345 -0.335 0.002676698995 2
0 0.345 -0.325 0.003177861704 2
0 0.345 -0.315 0.00369277843 2
0 0.345 -0.305 0.00421726519 2
0 0.345 -0.295 0.004746039046 2
0 0.345 -0.285 0.005272225505 2
0 0.345 -0.275 0.005797590915 2
0 0.345 -0.265 0.006313697255 2
0 0.345 -0.255 0.006819730861 2
0 0.345 -0.245 0.007297090077 2
0 0.345 -0.235 0.007749521167 2
0 0.345 -0.225 0.008168633177 2
0 0.345 -0.215 0.008545890081 2
0 0.345 -0.205 0.008864428206 1
0 0.345 -0.195 0.009183952808 1
0 0.345 -0.185 0.00950618623 1
0 0.345 -0.175 0.009824369863 1
0 0.345 -0.165 0.01013207772 1
0 0.345 -0.155 0.01041879451 1
0 0.345 -0.145 0.01067116741 1
0 0.345 -0.135 0.01087752026 1
0 0.345 -0.125 0.01105012473 1
0 0.345 -0.115 0.01122952943 1
0 0.345 -0.105 0.0114146722 1
0 0.345 -0.095 0.01159180513 1
0 0.345 -0.085 0.01174119494 1
0 0.345 -0.075 0.01193726707 1
0 0.345 -0.065 0.01218380779 1
0 0.345 -0.055 0.0124135466 1
0 0.345 -0.045 0.01264972034 1
0 0.345 -0.035 0.01285190113 1
0 0.345 -0.025 0.01301920767 1
0 0.345 -0.015 0.01315696036 1
0 0.345 -0.005 0.01326605703 1
0 0.345 0.005 0.01334622123 1
0 0.345 0.015 0.01339282902 1
0 0.345 0.025 0.01340664497 1
0 0.345 0.035 0.01343638067 1
0 0.345 0.045 0.01349608601 2
0 0.345 0.055 0.01347371594 2
0 0.345 0.065 0.0133889706 2
0 0.345 0.075 0.0132649802 2
0 0.345 0.085 0.01311538457 2
0 0.345 0.095 0.01295256268 2
0 0.345 0.105 0.01278425861 2
0 0.345 0.115 0.01262689319 2
0 0.345 0.125 0.0124835778 2
0 0.345 0.135 0.01224659926 1
0 0.345 0.145 0.01190502678 1
0 0.345 0.155 0.01154018749 1
0 0.345 0.165 0.01113935198 1
0 0.345 0.175 0.01073907881 1
0 0.345 0.185 0.0103352899 1
0 0.345 0.195 0.00991294468 1
0 0.345 0.205 0.009418409165 2
0 0.345 0.215 0.008903773683 2
0 0.345 0.225 0.008390791883 2
0 0.345 0.235 0.007889098015 2
0 0.345 0.245 0.007388269964 2
0 0.345 0.255 0.006886018374 2
0 0.345 0.265 0.006381685928 2
0 0.345 0.275 0.00587578863 2
0 0.345 0.285 0.005369581405 2
0 0.345 0.295 0.004864752117 2
0 0.345 0.305 0.004363280913 2
0 0.345 0.315 0.003867328164 2
0 0.345 0.325 0.003379155047 2
0 0.345 0.335 0.002901093644 2
0 0.345 0.345 0.002435471292 2
0 0.345 0.355 0.001984846145 2
0 0.345 0.365 0.001551329537 2
0 0.345 0.375 0.00113942974 2
0 0.345 0.385 0.000745790241 2
0 0.345 0.395 0.0004001975929 2
0 0.345 0.405 0 2
0 0.345 0.415 0 2
0 0.345 0.425 0 2
0 0.345 0.435 0 2
0 0.345 0.445 0 2
0 0.345 0.455 0 2
0 0.345 0.465 0 2
0 0.355 -0.455 0 2
0 0.355 -0.445 0 2
0 0.355 -0.435 0 2
0 0.355 -0.425 0 2
0 0.355 -0.415 0 2
0 0.355 -0.405 0 2
0 0.355 -0.395 0.0003745142975 2
0 0.355 -0.385 0.0006763924821 2
0 0.355 -0.375 0.001022921091 2
0 0.355 -0.365 0.001405939589 2
0 0.355 -0.355 0.001834343411 2
0 0.355 -0.345 0.002299858738 2
0 0.355 -0.335 0.002794861781 2
0 0.355 -0.325 0.003312928155 2
0 0.355 -0.315 0.00384878408 2
0 0.355 -0.305 0.004397729276 2
0 0.355 -0.295 0.004957157255 2
0 0.355 -0.285 0.005514230146 2
0 0.355 -0.275 0.006065818699 2
0 0.355 -0.265 0.006597564639 2
0 0.355 -0.255 0.007120042038 2
0 0.355 -0.245 0.00760909396 2
0 0.355 -0.235 0.008072857769 2
0 0.355 -0.225 0.008503635109 2
0 0.355 -0.215 0.008891475111 1
0 0.355 -0.205 0.009204785541 1
0 0.355 -0.195 0.009527272349 1
0 0.355 -0.185 0.009853760911 1
0 0.355 -0.175 0.01017958294 1
0 0.355 -0.165 0.01049682662 1
0 0.355 -0.155 0.01079323238 1
0 0.355 -0.145 0.0110562821 1
0 0.355 -0.135 0.01127153247 1
0 0.355 -0.125 0.01146407832 1
0 0.355 -0.115 0.0116782584 1
0 0.355 -0.105 0.01189397379 1
0 0.355 -0.095 0.01210282061 1
0 0.355 -0.085 0.0123336846 2
0 0.355 -0.075 0.01253900029 2
0 0.355 -0.065 0.01271620281 1
0 0.355 -0.055 0.01292349849 1
0 0.355 -0.045 0.01315072047 1
0 0.355 -0.035 0.0133346084 1
0 0.355 -0.025 0.01349034044 1
0 0.355 -0.015 0.01362373771 1
0 0.355 -0.005 0.01373254842 1
0 0.355 0.005 0.01381887763 1
0 0.355 0.015 0.01387891751 1
0 0.355 0.025 0.01390195626 1
0 0.355 0.035 0.01396854303 1
0 0.355 0.045 0.01410786606 2
0 0.355 0.055 0.0141155607 2
0 0.355 0.065 0.01403913717 2
0 0.355 0.075 0.01391253652 2
0 0.355 0.085 0.01375241353 2
0 0.355 0.095 0.01357526479 2
0 0.355 0.105 0.01339558035 2
0 0.355 0.115 0.01322415554 2
0 0.355 0.125 0.01301548523 1
0 0.355 0.135 0.01267869396 1
0 0.355 0.145 0.0123036961 1
0 0.355 0.155 0.01191938275 1
0 0.355 0.165 0.01151734268 1
0 0.355 0.175 0.01110501228 1
0 0.355 0.185 0.01068632595 1
0 0.355 0.195 0.01025252509 1
0 0.355 0.205 0.009786155283 2
0 0.355 0.215 0.009280766285 2
0 0.355 0.225 0.008762584588 2
0 0.355 0.235 0.0082463363 2
0 0.355 0.245 0.007726072502 2
0 0.355 0.255 0.007201574808 2
0 0.355 0.265 0.00667323612 2
0 0.355 0.275 0.006142200268 2
0 0.355 0.285 0.00561012111 2
0 0.355 0.295 0.005078997416 2
0 0.355 0.305 0.004551083375 2
0 0.355 0.315 0.004028816763 2
0 0.355 0.325 0.003514765855 2
0 0.355 0.335 0.003011623507 2
0 0.355 0.345 0.0025221404 2
0 0.355 0.355 0.002049383244 2
0 0.355 0.365 0.001595997373 2
0 0.355 0.375 0.001167179262 2
0 0.355 0.385 0.0007599710194 2
0 0.355 0.395 0.0004053083391 2
0 0.355 0.405 0 2
0 0.355 0.415 0 2
0 0.355 0.425 0 2
0 0.355 0.435 0 2
0 0.355 0.445 0 2
0 0.355 0.455 0 2
0 0.355 0.465 0 2
0 0.365 -0.455 0 2
0 0.365 -0.445 0 2
0 0.365 -0.435 0 2
0 0.365 -0.425 0 2
0 0.365 -0.415 0 2
0 0.365 -0.405 0 2
0 0.365 -0.395 0.0003802878594 2
0 0.365 -0.385 0.0007030475208 2
0 0.365 -0.375 0.001075598867 2
0 0.365 -0.365 0.001479899204 2
0 0.365 -0.355 0.001923572899 2
0 0.365 -0.345 0.00240173437 2
0 0.365 -0.335 0.002909761534 2
0 0.365 -0.325 0.003443262133 2
0 0.365 -0.315 0.00399731197 2
0 0.365 -0.305 0.004573536849 2
0 0.365 -0.295 0.00515962584 2
0 0.365 -0.285 0.005740179633 2
0 0.365 -0.275 0.006305418617 2
0 0.365 -0.265 0.006844785122 2
0 0.365 -0.255 0.007373028868 1
0 0.365 -0.245 0.007872615251 1
0 0.365 -0.235 0.008348541759 1
0 0.365 -0.225 0.008789883423 1
0 0.365 -0.215 0.009170629639 1
0 0.365 -0.205 0.009514013537 1
0 0.365 -0.195 0.009852153031 1
0 0.365 -0.185 0.01018770653 1
0 0.365 -0.175 0.01051927208 1
0 0.365 -0.165 0.01084670342 1
0 0.365 -0.155 0.01115947462 1
0 0.365 -0.145 0.01144295379 1
0 0.365 -0.135 0.01167441555 1
0 0.365 -0.125 0.01194761101 2
0 0.365 -0.115 0.01220190944 2
0 0.365 -0.105 0.01244608078 2
0 0.365 -0.095 0.01268921808 2
0 0.365 -0.085 0.01296102284 2
0 0.365 -0.075 0.0131783743 2
0 0.365 -0.065 0.01333499925 2
0 0.365 -0.055 0.01351614266 2
0 0.365 -0.045 0.01367009713 1
0 0.365 -0.035 0.01383804282 1
0 0.365 -0.025 0.01398845572 1
0 0.365 -0.015 0.01411866453 1
0 0.365 -0.005 0.01422747201 1
0 0.365 0.005 0.01431649444 1
0 0.365 0.015 0.01439115948 1
0 0.365 0.025 0.01448860557 2
0 0.365 0.035 0.01457844267 2
0 0.365 0.045 0.01471170691 2
0 0.365 0.055 0.01472826322 2
0 0.365 0.065 0.01465510098 2
0 0.365 0.075 0.01452453075 2
0 0.365 0.085 0.01435356967 2
0 0.365 0.095 0.01415578429 2
0 0.365 0.105 0.01395418772 2
0 0.365 0.115 0.01375472611 2
0 0.365 0.125 0.01344017837 1
0 0.365 0.135 0.01307387997 1
0 0.365 0.145 0.01269021443 1
0 0.365 0.155 0.01229239174 1
0 0.365 0.165 0.01187976751 1
0 0.365 0.175 0.01145550546 1
0 0.365 0.185 0.01102310384 1
0 0.365 0.195 0.01057439978 1
0 0.365 0.205 0.0101297571 2
0 0.365 0.215 0.009635910696 2
0 0.365 0.225 0.009118659936 2
0 0.365 0.235 0.008590166265 2
0 0.365 0.245 0.008051968227 2
0 0.365 0.255 0.007506327155 2
0 0.365 0.265 0.006954856893 2
0 0.365 0.275 0.006399457386 2
0 0.365 0.285 0.005842237335 2
0 0.365 0.295 0.005285544491 2
0 0.365 0.305 0.004731934606 2
0 0.365 0.315 0.004184144413 2
0 0.365 0.325 0.003645062267 2
0 0.365 0.335 0.00311774167 2
0 0.365 0.345 0.002605339318 2
0 0.365 0.355 0.002111392656 2
0 0.365 0.365 0.001639027202 2
0 0.365 0.375 0.001194056366 2
0 0.365 0.385 0.0007738583018 2
0 0.365 0.395 0.0004104434631 2
0 0.365 0.405 0 2
0 0.365 0.415 0 2
0 0.365 0.425 0 2
0 0.365 0.435 0 2
0 0.365 0.445 0 2
0 0.365 0.455 0 2
0 0.365 0.465 0 2
0 0.375 -0.455 0 2
0 0.375 -0.445 0 2
0 0.375 -0.435 0 2
0 0.375 -0.425 0 2
0 0.375 -0.415 0 2
0 0.375 -0.405 0 2
0 0.375 -0.395 0.0003839621324 2
0 0.375 -0.385 0.0007251917448 2
0 0.375 -0.375 0.001120721351 2
0 0.375 -0.365 0.001545036902 2
0 0.375 -0.355 0.00200486756 2
0 0.375 -0.345 0.002496815433 2
0 0.375 -0.335 0.00301810045 2
0 0.375 -0.325 0.00356575243 2
0 0.375 -0.315 0.004135598111 2
0 0.375 -0.305 0.004734365581 2
0 0.375 -0.295 0.005339016609 2
0 0.375 -0.285 0.005937153332 2
0 0.375 -0.275 0.006508586421 1
0 0.375 -0.265 0.007055819215 1
0 0.375 -0.255 0.007574556474 1
0 0.375 -0.245 0.008079885021 1
0 0.375 -0.235 0.0085633612 1
0 0.375 -0.225 0.009015034214 1
0 0.375 -0.215 0.009419447524 1
0 0.375 -0.205 0.009795997317 1
0 0.375 -0.195 0.01015577307 1
0 0.375 -0.185 0.01050092748 1
0 0.375 -0.175 0.01082898963 1
0 0.375 -0.165 0.01116451178 1
0 0.375 -0.155 0.01149748945 1
0 0.375 -0.145 0.01181493082 1
0 0.375 -0.135 0.01212977299 2
0 0.375 -0.125 0.01246303977 2
0 0.375 -0.115 0.01276202541 2
0 0.375 -0.105 0.01303982303 2
0 0.375 -0.095 0.01331608408 2
0 0.375 -0.085 0.01360084073 2
0 0.375 -0.075 0.01382856367 2
0 0.375 -0.065 0.01399359224 2
0 0.375 -0.055 0.01415026117 2
0 0.375 -0.045 0.01427039047 2
0 0.375 -0.035 0.0144184426 2
0 0.375 -0.025 0.01456182399 2
0 0.375 -0.015 0.01468914234 2
0 0.375 -0.005 0.01479845551 2
0 0.375 0.005 0.01489235041 2
0 0.375 0.015 0.01498498251 2
0 0.375 0.025 0.01511161888 2
0 0.375 0.035 0.01520846702 2
0 0.375 0.045 0.01529895752 2
0 0.375 0.055 0.01530672443 2
0 0.375 0.065 0.01523346777 2
0 0.375 0.075 0.01509760933 2
0 0.375 0.085 0.01491466289 2
0 0.375 0.095 0.01469423949 2
0 0.375 0.105 0.01445430431 2
0 0.375 0.115 0.0141994659 1
0 0.375 0.125 0.01382950373 1
0 0.375 0.135 0.01345132948 1
0 0.375 0.145 0.01305804731 1
0 0.375 0.155 0.0126484187 1
0 0.375 0.165 0.01222568922 1
0 0.375 0.175 0.01179229086 1
0 0.375 0.185 0.01134970336 1
0 0.375 0.195 0.010885174 1
0 0.375 0.205 0.01046351133 2
0 0.375 0.215 0.009977367875 2
0 0.375 0.225 0.009458197226 2
0 0.375 0.235 0.008918365931 2
0 0.375 0.245 0.008363462137 2
0 0.375 0.255 0.007797917301 2
0 0.375 0.265 0.007224488771 2
0 0.375 0.275 0.006645817951 2
0 0.375 0.285 0.006064490275 2
0 0.375 0.295 0.005483228614 2
0 0.375 0.305 0.004904915268 2
0 0.375 0.315 0.004332604995 2
0 0.375 0.325 0.00376951582 2
0 0.375 0.335 0.003219058622 2
0 0.375 0.345 0.002684778199 2
0 0.375 0.355 0.002170648975 2
0 0.375 0.365 0.001680231942 2
0 0.375 0.375 0.001219899539 2
0 0.375 0.385 0.00078731916 2
0 0.375 0.395 0.0004155108372 2
0 0.375 0.405 0 2
0 0.375 0.415 0 2
0 0.375 0.425 0 2
0 0.375 0.435 0 2
0 0.375 0.445 0 2
0 0.375 0.455 0 2
0 0.375 0.465 0 2
0 0.385 -0.455 0 2
0 0.385 -0.445 0 2
0 0.385 -0.435 0 2
0 0.385 -0.425 0 2
0 0.385 -0.415 0 2
0 0.385 -0.405 0 2
0 0.385 -0.395 0.0003872657677 2
0 0.385 -0.385 0.0007450949334 2
0 0.385 -0.375 0.00115884269 2
0 0.385 -0.365 0.001601378632 2
0 0.385 -0.355 0.002077423214 2
0 0.385 -0.345 0.002583713401 2
0 0.385 -0.335 0.003118332592 2
0 0.385 -0.325 0.003678900559 2
0 0.385 -0.315 0.004262436605 2
0 0.385 -0.305 0.0048761291 2
0 0.385 -0.295 0.005494997546 2
0 0.385 -0.285 0.006107349587 1
0 0.385 -0.275 0.006670775946 1
0 0.385 -0.265 0.007218233168 1
0 0.385 -0.255 0.007743339287 1
0 0.385 -0.245 0.008255195525 1
0 0.385 -0.235 0.008747160864 1
0 0.385 -0.225 0.009214811822 1
0 0.385 -0.215 0.00964992666 1
0 0.385 -0.205 0.01005788347 1
0 0.385 -0.195 0.01044304824 1
0 0.385 -0.185 0.01080559298 1
0 0.385 -0.175 0.01113901243 1
0 0.385 -0.165 0.01149278615 1
0 0.385 -0.155 0.01184937602 1
0 0.385 -0.145 0.01220763347 1
0 0.385 -0.135 0.01262475871 2
0 0.385 -0.125 0.01300761085 2
0 0.385 -0.115 0.01334871412 2
0 0.385 -0.105 0.01365710383 2
0 0.385 -0.095 0.01394380597 2
0 0.385 -0.085 0.01421372135 2
0 0.385 -0.075 0.01444811519 2
0 0.385 -0.065 0.01464077796 2
0 0.385 -0.055 0.01479818351 2
0 0.385 -0.045 0.01491474503 2
0 0.385 -0.035 0.01504442773 2
0 0.385 -0.025 0.01517682781 2
0 0.385 -0.015 0.01530100809 2
0 0.385 -0.005 0.01541105704 2
0 0.385 0.005 0.01551333807 2
0 0.385 0.015 0.0156207421 2
0 0.385 0.025 0.01574520993 2
0 0.385 0.035 0.01583093592 2
0 0.385 0.045 0.0158759707 2
0 0.385 0.055 0.01585836476 2
0 0.385 0.065 0.01577553265 2
0 0.385 0.075 0.01563156767 2
0 0.385 0.085 0.01543424702 2
0 0.385 0.095 0.01518830685 2
0 0.385 0.105 0.01490305163 2
0 0.385 0.115 0.01457775865 1
0 0.385 0.125 0.014202465 1
0 0.385 0.135 0.01381268995 1
0 0.385 0.145 0.01340663913 1
0 0.385 0.155 0.01298622226 1
0 0.385 0.165 0.01255387987 1
0 0.385 0.175 0.01210922427 1
0 0.385 0.185 0.01165527293 1
0 0.385 0.195 0.01121384819 2
0 0.385 0.205 0.01078917668 2
0 0.385 0.215 0.01030518007 2
0 0.385 0.225 0.009780304364 2
0 0.385 0.235 0.009228835243 2
0 0.385 0.245 0.008658244844 2
0 0.385 0.255 0.008074143572 2
0 0.385 0.265 0.007480178296 2
0 0.385 0.275 0.00687960576 2
0 0.385 0.285 0.006275473746 2
0 0.385 0.295 0.00567089132 2
0 0.385 0.305 0.005069088543 2
0 0.385 0.315 0.004473455321 2
0 0.385 0.325 0.003887547032 2
0 0.385 0.335 0.003315127119 2
0 0.385 0.345 0.002760110854 2
0 0.385 0.355 0.002226879315 2
0 0.385 0.365 0.001719391172 2
0 0.385 0.375 0.001244529705 2
0 0.385 0.385 0.0008002165547 2
0 0.385 0.395 0.0004204215714 2
0 0.385 0.405 0 2
0 0.385 0.415 0 2
0 0.385 0.425 0 2
0 0.385 0.435 0 2
0 0.385 0.445 0 2
0 0.385 0.455 0 2
0 0.385 0.465 0 2
0 0.395 -0.455 0 2
0 0.395 -0.445 0 2
0 0.395 -0.435 0 2
0 0.395 -0.425 0 2
0 0.395 -0.415 0 2
0 0.395 -0.405 0 2
0 0.395 -0.395 0.0003920015283 2
0 0.395 -0.385 0.000762006832 2
0 0.395 -0.375 0.00119254842 2
0 0.395 -0.365 0.001650293014 2
0 0.395 -0.355 0.0021419566 2
0 0.395 -0.345 0.002662661116 2
0 0.395 -0.335 0.003210611707 2
0 0.395 -0.325 0.0037830472 2
0 0.395 -0.315 0.004378145992 2
0 0.395 -0.305 0.00500202282 2
0 0.395 -0.295 0.005632999156 2
0 0.395 -0.285 0.006241877205 1
0 0.395 -0.275 0.006807835353 1
0 0.395 -0.265 0.00735747969 1
0 0.395 -0.255 0.007896511809 1
0 0.395 -0.245 0.008422821641 1
0 0.395 -0.235 0.008929327631 1
0 0.395 -0.225 0.00941228748 1
0 0.395 -0.215 0.009869060962 1
0 0.395 -0.205 0.01029922134 1
0 0.395 -0.195 0.01070742423 1
0 0.395 -0.185 0.01109260162 1
0 0.395 -0.175 0.0114852857 2
0 0.395 -0.165 0.01187436298 2
0 0.395 -0.155 0.01226478627 2
0 0.395 -0.145 0.01266654671 2
0 0.395 -0.135 0.01311874675 2
0 0.395 -0.125 0.01352404047 2
0 0.395 -0.115 0.01388580509 2
0 0.395 -0.105 0.01421306957 2
0 0.395 -0.095 0.01451406622 2
0 0.395 -0.085 0.0147896188 2
0 0.395 -0.075 0.01503172098 2
0 0.395 -0.065 0.01523736446 2
0 0.395 -0.055 0.01541190933 2
0 0.395 -0.045 0.01555986938 2
0 0.395 -0.035 0.01569904634 2
0 0.395 -0.025 0.01583006384 2
0 0.395 -0.015 0.01595124736 2
0 0.395 -0.005 0.01606109137 2
0 0.395 0.005 0.0161618435 2
0 0.395 0.015 0.01625575258 2
0 0.395 0.025 0.01634166098 2
0 0.395 0.035 0.01639877396 2
0 0.395 0.045 0.01641644143 2
0 0.395 0.055 0.01637948954 2
0 0.395 0.065 0.01628299341 2
0 0.395 0.075 0.01612691512 2
0 0.395 0.085 0.01591297464 2
0 0.395 0.095 0.01563764207 2
0 0.395 0.105 0.01530692733 2
0 0.395 0.115 0.01492606255 1
0 0.395 0.125 0.01454545062 1
0 0.395 0.135 0.01414973044 1
0 0.395 0.145 0.01373473096 1
0 0.395 0.155 0.01330440556 1
0 0.395 0.165 0.0128634641 1
0 0.395 0.175 0.01240768979 1
0 0.395 0.185 0.01195272215 1
0 0.395 0.195 0.01154992664 2
0 0.395 0.205 0.01110990337 2
0 0.395 0.215 0.01061706686 2
0 0.395 0.225 0.01008350295 2
0 0.395 0.235 0.009519756693 2
0 0.395 0.245 0.008934401492 2
0 0.395 0.255 0.008333169181 2
0 0.395 0.265 0.007720254078 2
0 0.395 0.275 0.007099347529 2
0 0.395 0.285 0.006473916151 2
0 0.395 0.295 0.005847454011 2
0 0.395 0.305 0.005223555681 2
0 0.395 0.315 0.00460596016 2
0 0.395 0.325 0.003998564751 2
0 0.395 0.335 0.00340547795 2
0 0.395 0.345 0.002830966945 2
0 0.395 0.355 0.002279790857 2
0 0.395 0.365 0.001756272756 2
0 0.395 0.375 0.001267765233 2
0 0.395 0.385 0.0008124178607 2
0 0.395 0.395 0.0004250934874 2
0 0.395 0.405 0 2
0 0.395 0.415 0 2
0 0.395 0.425 0 2
0 0.395 0.435 0 2
0 0.395 0.445 0 2
0 0.395 0.455 0 2
0 0.395 0.465 0 2
0 0.405 -0.455 0 2
0 0.405 -0.445 0 2
0 0.405 -0.435 0 1
0 0.405 -0.425 0 1
0 0.405 -0.415 0 1
0 0.405 -0.405 0 1
0 0.405 -0.395 0.0003938922588 2
0 0.405 -0.385 0.0007675085581 2
0 0.405 -0.375 0.001215490955 2
0 0.405 -0.365 0.001689656618 2
0 0.405 -0.355 0.002196409719 2
0 0.405 -0.345 0.002732375949 2
0 0.405 -0.335 0.003294475297 2
0 0.405 -0.325 0.003878763932 2
0 0.405 -0.315 0.004484223354 2
0 0.405 -0.305 0.005111851313 2
0 0.405 -0.295 0.00574977911 2
0 0.405 -0.285 0.006356673975 1
0 0.405 -0.275 0.006933195452 1
0 0.405 -0.265 0.007491518335 1
0 0.405 -0.255 0.0080435234 1
0 0.405 -0.245 0.008580159875 1
0 0.405 -0.235 0.009100139105 1
0 0.405 -0.225 0.009597584943 1
0 0.405 -0.215 0.01007065918 1
0 0.405 -0.205 0.0105176525 1
0 0.405 -0.195 0.01095292847 1
0 0.405 -0.185 0.01137275754 1
0 0.405 -0.175 0.01184401207 2
0 0.405 -0.165 0.01227812941 2
0 0.405 -0.155 0.01270398858 2
0 0.405 -0.145 0.01313528921 2
0 0.405 -0.135 0.01358741984 2
0 0.405 -0.125 0.01400735607 2
0 0.405 -0.115 0.01438838135 2
0 0.405 -0.105 0.01473268649 2
0 0.405 -0.095 0.01504646196 2
0 0.405 -0.085 0.01533040267 2
0 0.405 -0.075 0.01558187061 2
0 0.405 -0.065 0.015799875 2
0 0.405 -0.055 0.01598739519 2
0 0.405 -0.045 0.01614907033 2
0 0.405 -0.035 0.0162943156 2
0 0.405 -0.025 0.01642627686 2
0 0.405 -0.015 0.01654594429 2
0 0.405 -0.005 0.01665321231 2
0 0.405 0.005 0.01674866156 2
0 0.405 0.015 0.01683121442 2
0 0.405 0.025 0.01689626334 2
0 0.405 0.035 0.01693079558 2
0 0.405 0.045 0.01692447592 2
0 0.405 0.055 0.01686727811 2
0 0.405 0.065 0.01675419766 2
0 0.405 0.075 0.01658317076 2
0 0.405 0.085 0.01635198147 2
0 0.405 0.095 0.01605269456 2
0 0.405 0.105 0.01568569131 2
0 0.405 0.115 0.01525672048 1
0 0.405 0.125 0.01486657556 1
0 0.405 0.135 0.01446486907 1
0 0.405 0.145 0.01404149496 1
0 0.405 0.155 0.01359594143 1
0 0.405 0.165 0.01315007773 1
0 0.405 0.175 0.01269791837 1
0 0.405 0.185 0.01228806064 2
0 0.405 0.195 0.01188295751 2
0 0.405 0.205 0.0114216335 2
0 0.405 0.215 0.01091227478 2
0 0.405 0.225 0.01036596191 2
0 0.405 0.235 0.009789679438 2
0 0.405 0.245 0.009190478429 2
0 0.405 0.255 0.008573598977 2
0 0.405 0.265 0.007943408188 2
0 0.405 0.275 0.007303846107 2
0 0.405 0.285 0.006658741308 2
0 0.405 0.295 0.006011967494 2
0 0.405 0.305 0.00536749753 2
0 0.405 0.315 0.004729428794 2
0 0.405 0.325 0.004101999712 2
0 0.405 0.335 0.003489651135 2
0 0.405 0.345 0.002896980313 2
0 0.405 0.355 0.002329095191 2
0 0.405 0.365 0.001790652125 2
0 0.405 0.375 0.001289435635 2
0 0.405 0.385 0.0008238030926 2
0 0.405 0.395 0.0004294549324 2
0 0.405 0.405 0 2
0 0.405 0.415 0 2
0 0.405 0.425 0 2
0 0.405 0.435 0 2
0 0.405 0.445 0 2
0 0.405 0.455 0 2
0 0.405 0.465 0 2
0 0.415 -0.455 0 2
0 0.415 -0.445 0 2
0 0.415 -0.435 0 1
0 0.415 -0.425 0 1
0 0.415 -0.415 0 1
0 0.415 -0.405 0 1
0 0.415 -0.395 0.0003933987134 1
0 0.415 -0.385 0.0007660340815 2
0 0.415 -0.375 0.001228132239 2
0 0.415 -0.365 0.001720758681 2
0 0.415 -0.355 0.002244849688 2
0 0.415 -0.345 0.002798682142 2
0 0.415 -0.335 0.003377032489 2
0 0.415 -0.325 0.003971097565 2
0 0.415 -0.315 0.004583141113 2
0 0.415 -0.305 0.005211669912 2
0 0.415 -0.295 0.005851916518 2
0 0.415 -0.285 0.006457741472 1
0 0.415 -0.275 0.007047062793 1
0 0.415 -0.265 0.007615065757 1
0 0.415 -0.255 0.008177914735 1
0 0.415 -0.245 0.00872158505 1
0 0.415 -0.235 0.009254069702 1
0 0.415 -0.225 0.009768250772 1
0 0.415 -0.215 0.01026219346 1
0 0.415 -0.205 0.0107324819 1
0 0.415 -0.195 0.01120209691 1
0 0.415 -0.185 0.01169783047 2
0 0.415 -0.175 0.01221109275 2
0 0.415 -0.165 0.01269179105 2
0 0.415 -0.155 0.01315158518 2
0 0.415 -0.145 0.01359897399 2
0 0.415 -0.135 0.01404165608 2
0 0.415 -0.125 0.01446195924 2
0 0.415 -0.115 0.01485252792 2
0 0.415 -0.105 0.01521042642 2
0 0.415 -0.095 0.01553645841 2
0 0.415 -0.085 0.01583088266 2
0 0.415 -0.075 0.01609306056 2
0 0.415 -0.065 0.01632316071 2
0 0.415 -0.055 0.01652342164 2
0 0.415 -0.045 0.01669741854 2
0 0.415 -0.035 0.01685032852 2
0 0.415 -0.025 0.01698520894 2
0 0.415 -0.015 0.01710376749 2
0 0.415 -0.005 0.01720655698 2
0 0.415 0.005 0.0172934098 2
0 0.415 0.015 0.01736221653 2
0 0.415 0.025 0.0174079424 2
0 0.415 0.035 0.01742143882 2
0 0.415 0.045 0.01739359353 2
0 0.415 0.055 0.0173167264 2
0 0.415 0.065 0.0171860835 2
0 0.415 0.075 0.01699893255 2
0 0.415 0.085 0.01675174896 2
0 0.415 0.095 0.01643643314 2
0 0.415 0.105 0.01604638082 2
0 0.415 0.115 0.0155714306 1
0 0.415 0.125 0.01516376457 1
0 0.415 0.135 0.01475065663 1
0 0.415 0.145 0.01432411915 1
0 0.415 0.155 0.01387586617 1
0 0.415 0.165 0.01343704055 1
0 0.415 0.175 0.01302876514 2
0 0.415 0.185 0.01262115178 2
0 0.415 0.195 0.01218961003 2
0 0.415 0.205 0.01170897358 2
0 0.415 0.215 0.01118536432 2
0 0.415 0.225 0.01062594234 2
0 0.415 0.235 0.01003747072 2
0 0.415 0.245 0.009425495897 2
0 0.415 0.255 0.008794528784 2
0 0.415 0.265 0.008148757427 2
0 0.415 0.275 0.007492229851 2
0 0.415 0.285 0.006829103209 2
0 0.415 0.295 0.006163636785 2
0 0.415 0.305 0.005500196804 2
0 0.415 0.315 0.004843238594 2
0 0.415 0.325 0.004197329786 2
0 0.415 0.335 0.003567221352 2
0 0.415 0.345 0.002957813007 2
0 0.415 0.355 0.002374529444 2
0 0.415 0.365 0.001822329348 2
0 0.415 0.375 0.001309394016 2
0 0.415 0.385 0.0008342727647 2
0 0.415 0.395 0.0004334487636 2
0 0.415 0.405 0 2
0 0.415 0.415 0 2
0 0.415 0.425 0 2
0 0.415 0.435 0 2
0 0.415 0.445 0 2
0 0.415 0.455 0 2
0 0.415 0.465 0 2
0 0.425 -0.455 0 1
0 0.425 -0.445 0 1
0 0.425 -0.435 0 1
0 0.425 -0.425 0 1
0 0.425 -0.415 0 1
0 0.425 -0.405 0 1
0 0.425 -0.395 0.0003868538636 1
0 0.425 -0.385 0.0007562966921 1
0 0.425 -0.375 0.00122025943 2
0 0.425 -0.365 0.001730565148 2
0 0.425 -0.355 0.002275176978 2
0 0.425 -0.345 0.002847136069 2
0 0.425 -0.335 0.003442190673 2
0 0.425 -0.325 0.004051626874 2
0 0.425 -0.315 0.004675703349 2
0 0.425 -0.305 0.005307722484 2
0 0.425 -0.295 0.005947187017 2
0 0.425 -0.285 0.006563544864 2
0 0.425 -0.275 0.007153764738 1
0 0.425 -0.265 0.007733912701 1
0 0.425 -0.255 0.008308886608 1
0 0.425 -0.245 0.00886305853 1
0 0.425 -0.235 0.009409904205 1
0 0.425 -0.225 0.009941209286 1
0 0.425 -0.215 0.01045714275 1
0 0.425 -0.205 0.01098093082 2
0 0.425 -0.195 0.01148757741 2
0 0.425 -0.185 0.01201913786 2
0 0.425 -0.175 0.01255123949 2
0 0.425 -0.165 0.01305779693 2
0 0.425 -0.155 0.01354053185 2
0 0.425 -0.145 0.01400401686 2
0 0.425 -0.135 0.01445309621 2
0 0.425 -0.125 0.0148800377 2
0 0.425 -0.115 0.0152795441 2
0 0.425 -0.105 0.01564829884 2
0 0.425 -0.095 0.01598539744 2
0 0.425 -0.085 0.01629044824 2
0 0.425 -0.075 0.01656324718 2
0 0.425 -0.065 0.01680422965 2
0 0.425 -0.055 0.01701503071 2
0 0.425 -0.045 0.01719820393 2
0 0.425 -0.035 0.01735699396 2
0 0.425 -0.025 0.01749388908 2
0 0.425 -0.015 0.01761058592 2
0 0.425 -0.005 0.01770788523 2
0 0.425 0.005 0.01778566787 2
0 0.425 0.015 0.01784202028 2
0 0.425 0.025 0.01787229923 2
0 0.425 0.035 0.01786859676 2
0 0.425 0.045 0.01782177742 2
0 0.425 0.055 0.01772571044 2
0 0.425 0.065 0.0175766594 2
0 0.425 0.075 0.01737247343 2
0 0.425 0.085 0.01711099424 2
0 0.425 0.095 0.01678438292 2
0 0.425 0.105 0.01638634223 2
0 0.425 0.115 0.01591770805 2
0 0.425 0.125 0.01545928681 1
0 0.425 0.135 0.01503368499 1
0 0.425 0.145 0.01460571287 1
0 0.425 0.155 0.0141942916 2
0 0.425 0.165 0.0137670795 2
0 0.425 0.175 0.01336173585 2
0 0.425 0.185 0.01293669752 2
0 0.425 0.195 0.01247462596 2
0 0.425 0.205 0.01197247908 2
0 0.425 0.215 0.01143331376 2
0 0.425 0.225 0.01086155831 2
0 0.425 0.235 0.01026194607 2
0 0.425 0.245 0.009638641353 2
0 0.425 0.255 0.008995289425 2
0 0.425 0.265 0.008335667186 2
0 0.425 0.275 0.007663845263 2
0 0.425 0.285 0.006984334168 2
0 0.425 0.295 0.006301803709 2
0 0.425 0.305 0.005621038286 2
0 0.425 0.315 0.004946844548 2
0 0.425 0.325 0.004284095741 2
0 0.425 0.335 0.003637817442 2
0 0.425 0.345 0.003013175202 2
0 0.425 0.355 0.002415874296 2
0 0.425 0.365 0.001851143885 2
0 0.425 0.375 0.001327527988 2
0 0.425 0.385 0.0008437549642 2
0 0.425 0.395 0.0004370361083 2
0 0.425 0.405 0 2
0 0.425 0.415 0 2
0 0.425 0.425 0 2
0 0.425 0.435 0 2
0 0.425 0.445 0 2
0 0.425 0.455 0 2
0 0.425 0.465 0 2
0 0.435 -0.455 0 1
0 0.435 -0.445 0 1
0 0.435 -0.435 0 1
0 0.435 -0.425 0 1
0 0.435 -0.415 0 1
0 0.435 -0.405 0 1
0 0.435 -0.395 0.0003798798199 1
0 0.435 -0.385 0.0007414369298 1
0 0.435 -0.375 0.00119661603 1
0 0.435 -0.365 0.001719734521 1
0 0.435 -0.355 0.002283621662 1
0 0.435 -0.345 0.002871015601 1
0 0.435 -0.335 0.003481394153 1
0 0.435 -0.325 0.00410746731 1
0 0.435 -0.315 0.004744682515 1
0 0.435 -0.305 0.005387274348 2
0 0.435 -0.295 0.006030592004 2
0 0.435 -0.285 0.006662892034 2
0 0.435 -0.275 0.007274575244 2
0 0.435 -0.265 0.007871938879 2
0 0.435 -0.255 0.008442490514 1
0 0.435 -0.245 0.009029739132 2
0 0.435 -0.235 0.00959169289 2
0 0.435 -0.225 0.01014104832 2
0 0.435 -0.215 0.01068066171 2
0 0.435 -0.205 0.01123212436 2
0 0.435 -0.195 0.01177642342 2
0 0.435 -0.185 0.01233123761 2
0 0.435 -0.175 0.01287373667 2
0 0.435 -0.165 0.01339440683 2
0 0.435 -0.155 0.01389154954 2
0 0.435 -0.145 0.01436840909 2
0 0.435 -0.135 0.0148254275 2
0 0.435 -0.125 0.01525923206 2
0 0.435 -0.115 0.01566652199 2
0 0.435 -0.105 0.01604448216 2
0 0.435 -0.095 0.01639149971 2
0 0.435 -0.085 0.01670662927 2
0 0.435 -0.075 0.01698948174 2
0 0.435 -0.065 0.01724031562 2
0 0.435 -0.055 0.01746018882 2
0 0.435 -0.045 0.01765079016 2
0 0.435 -0.035 0.01781417834 2
0 0.435 -0.025 0.01795215798 2
0 0.435 -0.015 0.01806612951 2
0 0.435 -0.005 0.01815699441 2
0 0.435 0.005 0.0182251193 2
0 0.435 0.015 0.01826947959 2
0 0.435 0.025 0.01828639623 2
0 0.435 0.035 0.01826802177 2
0 0.435 0.045 0.01820354359 2
0 0.435 0.055 0.0180889269 2
0 0.435 0.065 0.01792201861 2
0 0.435 0.075 0.01770143193 2
0 0.435 0.085 0.01742830379 2
0 0.435 0.095 0.01709614263 2
0 0.435 0.105 0.01670200266 2
0 0.435 0.115 0.01625121234 2
0 0.435 0.125 0.01578665428 2
0 0.435 0.135 0.01535109454 2
0 0.435 0.145 0.01492510296 2
0 0.435 0.155 0.01451707499 2
0 0.435 0.165 0.01409141936 2
0 0.435 0.175 0.01366641817 2
0 0.435 0.185 0.01321407281 2
0 0.435 0.195 0.01272818412 2
0 0.435 0.205 0.01220799213 2
0 0.435 0.215 0.01165496044 2
0 0.435 0.225 0.01107213685 2
0 0.435 0.235 0.01046287148 2
0 0.435 0.245 0.009830014537 2
0 0.435 0.255 0.009175992214 2
0 0.435 0.265 0.00850406961 2
0 0.435 0.275 0.007818348494 2
0 0.435 0.285 0.007123922159 2
0 0.435 0.295 0.006425906997 2
0 0.435 0.305 0.005729498595 2
0 0.435 0.315 0.005039785014 2
0 0.435 0.325 0.004361914136 2
0 0.435 0.335 0.003701138653 2
0 0.435 0.345 0.003062842352 2
0 0.435 0.355 0.002452969345 2
0 0.435 0.365 0.00187698691 2
0 0.435 0.375 0.001343768633 2
0 0.435 0.385 0.0008522111387 2
0 0.435 0.395 0.0004401994763 2
0 0.435 0.405 0 2
0 0.435 0.415 0 2
0 0.435 0.425 0 2
0 0.435 0.435 0 2
0 0.435 0.445 0 2
0 0.435 0.455 0 2
0 0.435 0.465 0 2
0 0.445 -0.455 0 1
0 0.445 -0.445 0 1
0 0.445 -0.435 0 1
0 0.445 -0.425 0 1
0 0.445 -0.415 0 1
0 0.445 -0.405 0 1
0 0.445 -0.395 0.0003691552143 1
0 0.445 -0.385 0.0007305162167 1
0 0.445 -0.375 0.001183448323 1
0 0.445 -0.365 0.001703315328 1
0 0.445 -0.355 0.002274636602 1
0 0.445 -0.345 0.002872816908 1
0 0.445 -0.335 0.003495107565 1
0 0.445 -0.325 0.004133647928 1
0 0.445 -0.315 0.004780460349 1
0 0.445 -0.305 0.005436297541 1
0 0.445 -0.295 0.006089835238 1
0 0.445 -0.285 0.006744316221 2
0 0.445 -0.275 0.007382145054 2
0 0.445 -0.265 0.008004626505 2
0 0.445 -0.255 0.008596524647 2
0 0.445 -0.245 0.009192504376 2
0 0.445 -0.235 0.0097722768 2
0 0.445 -0.225 0.01034326513 2
0 0.445 -0.215 0.01090757233 2
0 0.445 -0.205 0.01148204921 2
0 0.445 -0.195 0.01205071754 2
0 0.445 -0.185 0.01261352745 2
0 0.445 -0.175 0.0131615136 2
0 0.445 -0.165 0.01369166799 2
0 0.445 -0.155 0.0142008537 2
0 0.445 -0.145 0.01468840868 2
0 0.445 -0.135 0.01515384728 2
0 0.445 -0.125 0.01559528433 2
0 0.445 -0.115 0.0160104088 2
0 0.445 -0.105 0.01639690782 2
0 0.445 -0.095 0.01675299412 2
0 0.445 -0.085 0.01707739269 2
0 0.445 -0.075 0.01736938793 2
0 0.445 -0.065 0.01762886834 2
0 0.445 -0.055 0.01785634268 2
0 0.445 -0.045 0.01805279728 2
0 0.445 -0.035 0.01821945935 2
0 0.445 -0.025 0.01835749712 2
0 0.445 -0.015 0.01846786545 2
0 0.445 -0.005 0.01855144004 2
0 0.445 0.005 0.01860916799 2
0 0.445 0.015 0.01864191179 2
0 0.445 0.025 0.01864984206 2
0 0.445 0.035 0.01862510122 2
0 0.445 0.045 0.01854514883 2
0 0.445 0.055 0.01841215815 2
0 0.445 0.065 0.01822658341 2
0 0.445 0.075 0.01798605643 2
0 0.445 0.085 0.01770266213 2
0 0.445 0.095 0.01737186683 2
0 0.445 0.105 0.01698997208 2
0 0.445 0.115 0.01656204594 2
0 0.445 0.125 0.01610881884 2
0 0.445 0.135 0.01566992313 2
0 0.445 0.145 0.01524221787 2
0 0.445 0.155 0.01482244131 2
0 0.445 0.165 0.01438399402 2
0 0.445 0.175 0.01393115034 2
0 0.445 0.185 0.01345464153 2
0 0.445 0.195 0.01294944496 2
0 0.445 0.205 0.01241345588 2
0 0.445 0.215 0.01184791237 2
0 0.445 0.225 0.01125530419 2
0 0.445 0.235 0.01063814663 2
0 0.445 0.245 0.009998017052 2
0 0.445 0.255 0.009335526095 2
0 0.445 0.265 0.008653271864 2
0 0.445 0.275 0.007955250238 2
0 0.445 0.285 0.007247423346 2
0 0.445 0.295 0.006535473051 2
0 0.445 0.305 0.005825109429 2
0 0.445 0.315 0.005121675093 2
0 0.445 0.325 0.004430488865 2
0 0.445 0.335 0.003756970935 2
0 0.445 0.345 0.00310667072 2
0 0.445 0.355 0.002485725913 2
0 0.445 0.365 0.001899810774 2
0 0.445 0.375 0.001358096872 2
0 0.445 0.385 0.0008596399329 2
0 0.445 0.395 0.000442944722 2
0 0.445 0.405 0 2
0 0.445 0.415 0 2
0 0.445 0.425 0 2
0 0.445 0.435 0 2
0 0.445 0.445 0 2
0 0.445 0.455 0 2
0 0.445 0.465 0 2
0 0.455 -0.455 0 1
0 0.455 -0.445 0 1
0 0.455 -0.435 0 1
0 0.455 -0.425 0 1
0 0.455 -0.415 0 1
0 0.455 -0.405 0 1
0 0.455 -0.395 0.0003588129902 1
0 0.455 -0.385 0.0007244388566 1
0 0.455 -0.375 0.001183233409 1
0 0.455 -0.365 0.001701413625 1
0 0.455 -0.355 0.002270507452 1
0 0.455 -0.345 0.00287375527 1
0 0.455 -0.335 0.003502658738 1
0 0.455 -0.325 0.004148441784 1
0 0.455 -0.315 0.004804078061 1
0 0.455 -0.305 0.005468628339 1
0 0.455 -0.295 0.006129664131 1
0 0.455 -0.285 0.006794187975 1
0 0.455 -0.275 0.007468874574 2
0 0.455 -0.265 0.008124169332 2
0 0.455 -0.255 0.008746570902 2
0 0.455 -0.245 0.009358123252 2
0 0.455 -0.235 0.00995568171 2
0 0.455 -0.225 0.01054483199 2
0 0.455 -0.215 0.01112241766 2
0 0.455 -0.205 0.01170521927 2
0 0.455 -0.195 0.01228508883 2
0 0.455 -0.185 0.01285661295 2
0 0.455 -0.175 0.01341361694 2
0 0.455 -0.165 0.01395213109 2
0 0.455 -0.155 0.01446965784 2
0 0.455 -0.145 0.01496520957 2
0 0.455 -0.135 0.01543792118 2
0 0.455 -0.125 0.01588641721 2
0 0.455 -0.115 0.01630886989 2
0 0.455 -0.105 0.01670326495 2
0 0.455 -0.095 0.01706768984 2
0 0.455 -0.085 0.01740055463 2
0 0.455 -0.075 0.01770075336 2
0 0.455 -0.065 0.01796775787 2
0 0.455 -0.055 0.01820159025 2
0 0.455 -0.045 0.01840268183 2
0 0.455 -0.035 0.0185716387 2
0 0.455 -0.025 0.01870907155 2
0 0.455 -0.015 0.0188153542 2
0 0.455 -0.005 0.01889124262 2
0 0.455 0.005 0.01893837022 2
0 0.455 0.015 0.0189595582 2
0 0.455 0.025 0.0189567691 2
0 0.455 0.035 0.01891427753 2
0 0.455 0.045 0.01881214521 2
0 0.455 0.055 0.01866312615 2
0 0.455 0.065 0.01846875043 2
0 0.455 0.075 0.01822289034 2
0 0.455 0.085 0.01793990556 2
0 0.455 0.095 0.01761405979 2
0 0.455 0.105 0.01724506795 2
0 0.455 0.115 0.01684047284 2
0 0.455 0.125 0.01641328306 2
0 0.455 0.135 0.01597877771 2
0 0.455 0.145 0.01553661425 2
0 0.455 0.155 0.01508331097 2
0 0.455 0.165 0.01462436946 2
0 0.455 0.175 0.01415742744 2
0 0.455 0.185 0.01366472322 2
0 0.455 0.195 0.01314328015 2
0 0.455 0.205 0.01259298939 2
0 0.455 0.215 0.01201624612 2
0 0.455 0.225 0.01141503452 2
0 0.455 0.235 0.0107922027 2
0 0.455 0.245 0.01014760631 2
0 0.455 0.255 0.009477016679 2
0 0.455 0.265 0.008784087199 2
0 0.455 0.275 0.008073719897 2
0 0.455 0.285 0.007354356427 2
0 0.455 0.295 0.006630137411 2
0 0.455 0.305 0.005907528113 2
0 0.455 0.315 0.005192220564 2
0 0.455 0.325 0.004489631693 2
0 0.455 0.335 0.00380520675 2
0 0.455 0.345 0.003144611817 2
0 0.455 0.355 0.00251413655 2
0 0.455 0.365 0.001919634544 2
0 0.455 0.375 0.001370546222 2
0 0.455 0.385 0.0008660782653 2
0 0.455 0.395 0.000445301305 2
0 0.455 0.405 0 2
0 0.455 0.415 0 2
0 0.455 0.425 0 2
0 0.455 0.435 0 2
0 0.455 0.445 0 2
0 0.455 0.455 0 2
0 0.455 0.465 0 2
0 0.465 -0.455 0 1
0 0.465 -0.445 0 1
0 0.465 -0.435 0 1
0 0.465 -0.425 0 1
0 0.465 -0.415 0 1
0 0.465 -0.405 0 1
0 0.465 -0.395 0.0003514457436 1
0 0.465 -0.385 0.0007197348293 1
0 0.465 -0.375 0.001184322341 1
0 0.465 -0.365 0.001705776035 1
0 0.465 -0.355 0.002275815385 1
0 0.465 -0.345 0.002880668187 1
0 0.465 -0.335 0.003513062376 1
0 0.465 -0.325 0.004165457675 1
0 0.465 -0.315 0.00483061463 1
0 0.465 -0.305 0.005501505768 1
0 0.465 -0.295 0.006166415598 1
0 0.465 -0.285 0.00683693683 1
0 0.465 -0.275 0.007531856347 2
0 0.465 -0.265 0.008209382299 2
0 0.465 -0.255 0.008857980377 2
0 0.465 -0.245 0.009484933537 2
0 0.465 -0.235 0.01009786569 2
0 0.465 -0.225 0.01070071024 2
0 0.465 -0.215 0.01129301665 2
0 0.465 -0.205 0.01189105872 2
0 0.465 -0.195 0.0124841941 2
0 0.465 -0.185 0.01306445803 2
0 0.465 -0.175 0.01362817496 2
0 0.465 -0.165 0.01417258587 2
0 0.465 -0.155 0.01469593119 2
0 0.465 -0.145 0.01519731761 2
0 0.465 -0.135 0.015675861 2
0 0.465 -0.125 0.01613048288 2
0 0.465 -0.115 0.0165596289 2
0 0.465 -0.105 0.01696136487 2
0 0.465 -0.095 0.01733352264 2
0 0.465 -0.085 0.01767411989 2
0 0.465 -0.075 0.0179816081 2
0 0.465 -0.065 0.01825505956 2
0 0.465 -0.055 0.01849411278 2
0 0.465 -0.045 0.0186988108 2
0 0.465 -0.035 0.01886933639 2
0 0.465 -0.025 0.01900586655 2
0 0.465 -0.015 0.01910823382 2
0 0.465 -0.005 0.01917692899 2
0 0.465 0.005 0.01921191917 2
0 0.465 0.015 0.01921921798 2
0 0.465 0.025 0.01920090851 2
0 0.465 0.035 0.01912035676 1
0 0.465 0.045 0.01899788884 1
0 0.465 0.055 0.01883677274 1
0 0.465 0.065 0.01863691543 1
0 0.465 0.075 0.01840373488 2
0 0.465 0.085 0.0181230863 2
0 0.465 0.095 0.01780176023 2
0 0.465 0.105 0.01744251342 2
0 0.465 0.115 0.01705090837 2
0 0.465 0.125 0.01663516731 2
0 0.465 0.135 0.01620452194 2
0 0.465 0.145 0.01575960233 2
0 0.465 0.155 0.01529440542 2
0 0.465 0.165 0.01482108596 2
0 0.465 0.175 0.01433733194 2
0 0.465 0.185 0.01382690565 2
0 0.465 0.195 0.01329102487 2
0 0.465 0.205 0.0127298103 2
0 0.465 0.215 0.01214439642 2
0 0.465 0.225 0.01153646081 2
0 0.465 0.235 0.01090880331 2
0 0.465 0.245 0.01026274913 2
0 0.465 0.255 0.009591673517 2
0 0.465 0.265 0.008894530915 2
0 0.465 0.275 0.008175348394 2
0 0.465 0.285 0.007444014506 2
0 0.465 0.295 0.006709326989 2
0 0.465 0.305 0.005976456388 2
0 0.465 0.315 0.005251269576 2
0 0.465 0.325 0.004539293881 2
0 0.465 0.335 0.003845865158 2
0 0.465 0.345 0.003176722685 2
0 0.465 0.355 0.002538278633 2
0 0.465 0.365 0.001936543728 2
0 0.465 0.375 0.001381200653 2
0 0.465 0.385 0.0008715987809 2
0 0.465 0.395 0.0004473203309 2
0 0.465 0.405 0 2
0 0.465 0.415 0 2
0 0.465 0.425 0 2
0 0.465 0.435 0 2
0 0.465 0.445 0 2
0 0.465 0.455 0 2
0 0.465 0.465 0 2
0 0.475 -0.455 0 1
0 0.475 -0.445 0 1
0 0.475 -0.435 0 1
0 0.475 -0.425 0 1
0 0.475 -0.415 0 1
0 0.475 -0.405 0 1
0 0.475 -0.395 0.0003434511982 1
0 0.475 -0.385 0.0007136279928 1
0 0.475 -0.375 0.001188636843 1
0 0.475 -0.365 0.001717965478 1
0 0.475 -0.355 0.002288227184 1
0 0.475 -0.345 0.00289084835 1
0 0.475 -0.335 0.003523922122 1
0 0.475 -0.325 0.004181057467 1
0 0.475 -0.315 0.004852931454 1
0 0.475 -0.305 0.005529129274 1
0 0.475 -0.295 0.006203693414 1
0 0.475 -0.285 0.006881416611 1
0 0.475 -0.275 0.00758134114 2
0 0.475 -0.265 0.008265082572 2
0 0.475 -0.255 0.008924845689 1
0 0.475 -0.245 0.009566905804 1
0 0.475 -0.235 0.01019622505 1
0 0.475 -0.225 0.01081449238 1
0 0.475 -0.215 0.01143188995 2
0 0.475 -0.205 0.0120424106 2
0 0.475 -0.195 0.01264625309 2
0 0.475 -0.185 0.01323443034 2
0 0.475 -0.175 0.01380294305 2
0 0.475 -0.165 0.01435126762 2
0 0.475 -0.155 0.01487827916 2
0 0.475 -0.145 0.01538341273 2
0 0.475 -0.135 0.01586606986 2
0 0.475 -0.125 0.01632561418 2
0 0.475 -0.115 0.01676068208 2
0 0.475 -0.105 0.01716927283 2
0 0.475 -0.095 0.0175486797 2
0 0.475 -0.085 0.01789636156 2
0 0.475 -0.075 0.01821024839 2
0 0.475 -0.065 0.01848907826 2
0 0.475 -0.055 0.01873224215 2
0 0.475 -0.045 0.01893958291 2
0 0.475 -0.035 0.01911106601 2
0 0.475 -0.025 0.01924658103 2
0 0.475 -0.015 0.01934558442 2
0 0.475 -0.005 0.01940792452 2
0 0.475 0.005 0.01943215993 2
0 0.475 0.015 0.01942249431 2
0 0.475 0.025 0.01936762962 1
0 0.475 0.035 0.01925988198 1
0 0.475 0.045 0.01912237082 1
0 0.475 0.055 0.01895335102 1
0 0.475 0.065 0.01875176644 1
0 0.475 0.075 0.01852218467 1
0 0.475 0.085 0.01824562703 1
0 0.475 0.095 0.01792889307 1
0 0.475 0.105 0.0175773899 1
0 0.475 0.115 0.01719448716 1
0 0.475 0.125 0.01678576448 1
0 0.475 0.135 0.01635673198 1
0 0.475 0.145 0.01591000518 1
0 0.475 0.155 0.01545103786 2
0 0.475 0.165 0.01496714869 2
0 0.475 0.175 0.01445834668 1
0 0.475 0.185 0.01393515629 1
0 0.475 0.195 0.01338977025 1
0 0.475 0.205 0.0128211407 1
0 0.475 0.215 0.01222986426 1
0 0.475 0.225 0.01161738569 1
0 0.475 0.235 0.01098630296 1
0 0.475 0.245 0.01033832949 1
0 0.475 0.255 0.009675314267 2
0 0.475 0.265 0.008981082421 2
0 0.475 0.275 0.008259171215 2
0 0.475 0.285 0.00751846127 2
0 0.475 0.295 0.006772588534 2
0 0.475 0.305 0.006031742115 2
0 0.475 0.315 0.005298886771 2
0 0.475 0.325 0.00457960426 2
0 0.475 0.335 0.003879104522 2
0 0.475 0.345 0.0032031657 2
0 0.475 0.355 0.002558308072 2
0 0.475 0.365 0.001950681927 2
0 0.475 0.375 0.001390186339 2
0 0.475 0.385 0.0008763030557 2
0 0.475 0.395 0.0004490700495 2
0 0.475 0.405 0 2
0 0.475 0.415 0 2
0 0.475 0.425 0 2
0 0.475 0.435 0 2
0 0.475 0.445 0 2
0 0.475 0.455 0 2
0 0.475 0.465 0 2
0 0.485 -0.455 0 1
0 0.485 -0.445 0 1
0 0.485 -0.435 0 1
0 0.485 -0.425 0 1
0 0.485 -0.415 0 1
0 0.485 -0.405 0 1
0 0.485 -0.395 0.0003437092464 1
0 0.485 -0.385 0.0007158606038 1
0 0.485 -0.375 0.001195584205 1
0 0.485 -0.365 0.001727854408 1
0 0.485 -0.355 0.002297545032 1
0 0.485 -0.345 0.002900087987 1
0 0.485 -0.335 0.003534866998 1
0 0.485 -0.325 0.004195069684 1
0 0.485 -0.315 0.004871428301 1
0 0.485 -0.305 0.005556495315 1
0 0.485 -0.295 0.006241352683 1
0 0.485 -0.285 0.006923031257 1
0 0.485 -0.275 0.007618772027 2
0 0.485 -0.265 0.008297603827 1
0 0.485 -0.255 0.00896771146 1
0 0.485 -0.245 0.009617659951 1
0 0.485 -0.235 0.01025740074 1
0 0.485 -0.225 0.01088812221 1
0 0.485 -0.215 0.0115288255 2
0 0.485 -0.205 0.01215464191 2
0 0.485 -0.195 0.01276995422 2
0 0.485 -0.185 0.01336460162 2
0 0.485 -0.175 0.0139359013 2
0 0.485 -0.165 0.01448616291 2
0 0.485 -0.155 0.01501494717 2
0 0.485 -0.145 0.0155219772 2
0 0.485 -0.135 0.01600703967 2
0 0.485 -0.125 0.01647021699 2
0 0.485 -0.115 0.01691029767 2
0 0.485 -0.105 0.01732530186 2
0 0.485 -0.095 0.01771160784 2
0 0.485 -0.085 0.01806586502 2
0 0.485 -0.075 0.01838527887 2
0 0.485 -0.065 0.01866832896 2
0 0.485 -0.055 0.01891437493 2
0 0.485 -0.045 0.01912329249 2
0 0.485 -0.035 0.01929502232 2
0 0.485 -0.025 0.01942928624 2
0 0.485 -0.015 0.01952528422 2
0 0.485 -0.005 0.01958178953 2
0 0.485 0.005 0.01959624781 2
0 0.485 0.015 0.0195660696 2
0 0.485 0.025 0.01947219174 1
0 0.485 0.035 0.01934933497 1
0 0.485 0.045 0.01920040466 1
0 0.485 0.055 0.01902554127 1
0 0.485 0.065 0.01882306167 1
0 0.485 0.075 0.01859197321 1
0 0.485 0.085 0.01832010877 1
0 0.485 0.095 0.01800924849 1
0 0.485 0.105 0.01766356484 1
0 0.485 0.115 0.01728611894 1
0 0.485 0.125 0.01688120879 1
0 0.485 0.135 0.01645335222 1
0 0.485 0.145 0.01600681409 1
0 0.485 0.155 0.0155457686 1
0 0.485 0.165 0.01505413934 1
0 0.485 0.175 0.01453538355 1
0 0.485 0.185 0.01400397432 1
0 0.485 0.195 0.01345278458 1
0 0.485 0.205 0.01287955038 1
0 0.485 0.215 0.01228483828 1
0 0.485 0.225 0.01166974092 1
0 0.485 0.235 0.01103783582 1
0 0.485 0.245 0.01039057432 1
0 0.485 0.255 0.009729211439 1
0 0.485 0.265 0.00904324092 2
0 0.485 0.275 0.008320757086 2
0 0.485 0.285 0.007574299348 2
0 0.485 0.295 0.006820263539 2
0 0.485 0.305 0.006073642157 2
0 0.485 0.315 0.005335401887 2
0 0.485 0.325 0.004610879997 2
0 0.485 0.335 0.003905209814 2
0 0.485 0.345 0.003224188743 2
0 0.485 0.355 0.002574438954 2
0 0.485 0.365 0.001962232782 2
0 0.485 0.375 0.001397656881 2
0 0.485 0.385 0.0008803105792 2
0 0.485 0.395 0.0004506289214 2
0 0.485 0.405 0 2
0 0.485 0.415 0 2
0 0.485 0.425 0 2
0 0.485 0.435 0 2
0 0.485 0.445 0 2
0 0.485 0.455 0 2
0 0.485 0.465 0 2
0 0.495 -0.455 0 2
0 0.495 -0.445 0 2
0 0.495 -0.435 0 1
0 0.495 -0.425 0 1
0 0.495 -0.415 0 1
0 0.495 -0.405 0 1
0 0.495 -0.395 0.0003585189342 1
0 0.495 -0.385 0.0007409073389 2
0 0.495 -0.375 0.00121869969 2
0 0.495 -0.365 0.001748181003 2
0 0.495 -0.355 0.002311734849 1
0 0.495 -0.345 0.002914788903 1
0 0.495 -0.335 0.003549447631 1
0 0.495 -0.325 0.00421039367 1
0 0.495 -0.315 0.004888881914 1
0 0.495 -0.305 0.005582096816 1
0 0.495 -0.295 0.006274086438 1
0 0.495 -0.285 0.006962176755 2
0 0.495 -0.275 0.007639918979 1
0 0.495 -0.265 0.008320806325 1
0 0.495 -0.255 0.008991269426 1
0 0.495 -0.245 0.009645517443 1
0 0.495 -0.235 0.01029236379 1
0 0.495 -0.225 0.01093252647 1
0 0.495 -0.215 0.01158012011 1
0 0.495 -0.205 0.01223242462 2
0 0.495 -0.195 0.01285735907 2
0 0.495 -0.185 0.01345425593 2
0 0.495 -0.175 0.01402562231 2
0 0.495 -0.165 0.01457612576 2
0 0.495 -0.155 0.01510502814 2
0 0.495 -0.145 0.01561177175 2
0 0.495 -0.135 0.01609675854 2
0 0.495 -0.125 0.01656213572 2
0 0.495 -0.115 0.01700681908 2
0 0.495 -0.105 0.01742851622 2
0 0.495 -0.095 0.01782137233 2
0 0.495 -0.085 0.01818165856 2
0 0.495 -0.075 0.01850560232 2
0 0.495 -0.065 0.01879150804 2
0 0.495 -0.055 0.01903900115 2
0 0.495 -0.045 0.01924822384 2
0 0.495 -0.035 0.01941927674 2
0 0.495 -0.025 0.01955178842 2
0 0.495 -0.015 0.01964473079 2
0 0.495 -0.005 0.01969573295 2
0 0.495 0.005 0.01970023432 2
0 0.495 0.015 0.01965178155 2
0 0.495 0.025 0.01953333781 1
0 0.495 0.035 0.01940169149 1
0 0.495 0.045 0.01924608042 1
0 0.495 0.055 0.01906594586 1
0 0.495 0.065 0.01885901367 1
0 0.495 0.075 0.01862294301 1
0 0.495 0.085 0.01835271688 1
0 0.495 0.095 0.01804725711 1
0 0.495 0.105 0.01770705196 1
0 0.495 0.115 0.01733424937 1
0 0.495 0.125 0.01693233777 1
0 0.495 0.135 0.01650605192 1
0 0.495 0.145 0.01605941556 1
0 0.495 0.155 0.01559298778 1
0 0.495 0.165 0.01509799291 1
0 0.495 0.175 0.01457749217 1
0 0.495 0.185 0.01404117518 1
0 0.495 0.195 0.0134863552 1
0 0.495 0.205 0.01291097545 1
0 0.495 0.215 0.01231513263 1
0 0.495 0.225 0.01169963994 1
0 0.495 0.235 0.01106803064 1
0 0.495 0.245 0.01042236676 1
0 0.495 0.255 0.009763515 1
0 0.495 0.265 0.009080700874 1
0 0.495 0.275 0.008361978534 2
0 0.495 0.285 0.007611423343 2
0 0.495 0.295 0.006853059945 2
0 0.495 0.305 0.00610281264 2
0 0.495 0.315 0.005361367755 2
0 0.495 0.325 0.004633567344 2
0 0.495 0.335 0.003924536692 2
0 0.495 0.345 0.003240079856 2
0 0.495 0.355 0.002586908132 2
0 0.495 0.365 0.001971392976 2
0 0.495 0.375 0.001403773216 2
0 0.495 0.385 0.0008837446108 2
0 0.495 0.395 0.0004520769883 2
0 0.495 0.405 0 2
0 0.495 0.415 0 2
0 0.495 0.425 0 2
0 0.495 0.435 0 2
0 0.495 0.445 0 2
0 0.495 0.455 0 2
0 0.495 0.465 0 2
0 0.505 -0.455 0 2
0 0.505 -0.445 0 2
0 0.505 -0.435 0 2
0 0.505 -0.425 0 1
0 0.505 -0.415 0 1
0 0.505 -0.405 0 1
0 0.505 -0.395 0.0003748737406 1
0 0.505 -0.385 0.0007626671991 2
0 0.505 -0.375 0.001244155002 2
0 0.505 -0.365 0.001777460675 2
0 0.505 -0.355 0.002344696652 2
0 0.505 -0.345 0.002944059678 2
0 0.505 -0.335 0.003575498457 2
0 0.505 -0.325 0.004235953204 2
0 0.505 -0.315 0.004915710546 2
0 0.505 -0.305 0.005610273569 2
0 0.505 -0.295 0.00630403425 2
0 0.505 -0.285 0.006984388312 1
0 0.505 -0.275 0.007659615074 1
0 0.505 -0.265 0.008331824103 1
0 0.505 -0.255 0.008999107811 1
0 0.505 -0.245 0.009659120479 1
0 0.505 -0.235 0.01031253878 1
0 0.505 -0.225 0.01096097687 1
0 0.505 -0.215 0.01161425058 1
0 0.505 -0.205 0.01227596506 2
0 0.505 -0.195 0.01290165108 2
0 0.505 -0.185 0.01349770301 2
0 0.505 -0.175 0.01406886698 2
0 0.505 -0.165 0.01461841711 2
0 0.505 -0.155 0.0151461696 2
0 0.505 -0.145 0.01565174919 2
0 0.505 -0.135 0.01613568795 2
0 0.505 -0.125 0.01660243377 2
0 0.505 -0.115 0.01704852361 2
0 0.505 -0.105 0.01747622462 2
0 0.505 -0.095 0.01787709127 2
0 0.505 -0.085 0.01824360782 2
0 0.505 -0.075 0.01857057716 2
0 0.505 -0.065 0.01885748808 2
0 0.505 -0.055 0.01910470285 2
0 0.505 -0.045 0.01931277702 2
0 0.505 -0.035 0.01948206942 2
0 0.505 -0.025 0.01961217337 2
0 0.505 -0.015 0.01970189061 2
0 0.505 -0.005 0.01974816244 2
0 0.505 0.005 0.01974532867 2
0 0.505 0.015 0.01968631479 2
0 0.505 0.025 0.01955541513 1
0 0.505 0.035 0.01941517191 1
0 0.505 0.045 0.01925284442 1
0 0.505 0.055 0.0190678593 1
0 0.505 0.065 0.018858061 1
0 0.505 0.075 0.01862125976 1
0 0.505 0.085 0.01835418282 1
0 0.505 0.095 0.01805450823 1
0 0.505 0.105 0.01771997278 1
0 0.505 0.115 0.01735147269 1
0 0.505 0.125 0.01695194354 1
0 0.505 0.135 0.01652535968 1
0 0.505 0.145 0.01607571403 1
0 0.505 0.155 0.01560417559 1
0 0.505 0.165 0.01510926786 1
0 0.505 0.175 0.01459201056 1
0 0.505 0.185 0.01405541764 1
0 0.505 0.195 0.01349955036 1
0 0.505 0.205 0.01292411342 1
0 0.505 0.215 0.0123291203 1
0 0.505 0.225 0.01171508276 1
0 0.505 0.235 0.01108310545 1
0 0.505 0.245 0.01043592438 1
0 0.505 0.255 0.009777445058 1
0 0.505 0.265 0.009098792415 1
0 0.505 0.275 0.008385498756 2
0 0.505 0.285 0.007632319275 2
0 0.505 0.295 0.006871576995 2
0 0.505 0.305 0.006120003595 2
0 0.505 0.315 0.005377356422 2
0 0.505 0.325 0.004648103156 2
0 0.505 0.335 0.003937417316 2
0 0.505 0.345 0.003251102437 2
0 0.505 0.355 0.002595930346 2
0 0.505 0.365 0.001978340763 2
0 0.505 0.375 0.001408681521 2
0 0.505 0.385 0.0008867172129 2
0 0.505 0.395 0.0004534869313 2
0 0.505 0.405 0 2
0 0.505 0.415 0 2
0 0.505 0.425 0 2
0 0.505 0.435 0 2
0 0.505 0.445 0 2
0 0.505 0.455 0 2
0 0.505 0.465 0 2
0 0.515 -0.455 0 2
0 0.515 -0.445 0 2
0 0.515 -0.435 0 2
0 0.515 -0.425 0 2
0 0.515 -0.415 0 2
0 0.515 -0.405 0 2
0 0.515 -0.395 0.0003910476753 2
0 0.515 -0.385 0.000779450143 2
0 0.515 -0.375 0.00126687635 2
0 0.515 -0.365 0.001803658791 2
0 0.515 -0.355 0.002371644309 2
0 0.515 -0.345 0.002969665203 2
0 0.515 -0.335 0.003598840702 2
0 0.515 -0.325 0.004258131679 2
0 0.515 -0.315 0.004940811271 2
0 0.515 -0.305 0.005637887253 2
0 0.515 -0.295 0.006332382589 2
0 0.515 -0.285 0.007004384763 1
0 0.515 -0.275 0.00766809015 1
0 0.515 -0.265 0.008332121187 1
0 0.515 -0.255 0.008996456756 1
0 0.515 -0.245 0.009659398347 1
0 0.515 -0.235 0.010315905 1
0 0.515 -0.225 0.01096984365 1
0 0.515 -0.215 0.0116283706 1
0 0.515 -0.205 0.01228739612 2
0 0.515 -0.195 0.01290178818 1
0 0.515 -0.185 0.01349584882 1
0 0.515 -0.175 0.0140653596 1
0 0.515 -0.165 0.01461274815 1
0 0.515 -0.155 0.01513806426 1
0 0.515 -0.145 0.01564088919 1
0 0.515 -0.135 0.01612177957 1
0 0.515 -0.125 0.01659500755 2
0 0.515 -0.115 0.01703805195 2
0 0.515 -0.105 0.0174693915 2
0 0.515 -0.095 0.01787871626 2
0 0.515 -0.085 0.0182505223 2
0 0.515 -0.075 0.01857964075 2
0 0.515 -0.065 0.01886516618 2
0 0.515 -0.055 0.01911014557 2
0 0.515 -0.045 0.01931560174 2
0 0.515 -0.035 0.01948207097 2
0 0.515 -0.025 0.01960915397 2
0 0.515 -0.015 0.01969563781 2
0 0.515 -0.005 0.0197384958 2
0 0.515 0.005 0.01973227114 2
0 0.515 0.015 0.01966970789 2
0 0.515 0.025 0.01953524058 1
0 0.515 0.035 0.01938910855 1
0 0.515 0.045 0.0192214066 1
0 0.515 0.055 0.01903200563 1
0 0.515 0.065 0.01881961119 1
0 0.515 0.075 0.01858282613 1
0 0.515 0.085 0.01831940939 1
0 0.515 0.095 0.01802640887 1
0 0.515 0.105 0.01769740977 1
0 0.515 0.115 0.01733259068 1
0 0.515 0.125 0.01693473549 1
0 0.515 0.135 0.0165076416 1
0 0.515 0.145 0.01605723973 1
0 0.515 0.155 0.01558476237 1
0 0.515 0.165 0.01509108561 1
0 0.515 0.175 0.01457649192 1
0 0.515 0.185 0.01404209702 1
0 0.515 0.195 0.01348817222 1
0 0.515 0.205 0.0129149896 1
0 0.515 0.215 0.01232284416 1
0 0.515 0.225 0.01171177136 1
0 0.515 0.235 0.01108170852 1
0 0.515 0.245 0.01043483084 1
0 0.515 0.255 0.009776390204 1
0 0.515 0.265 0.009098924173 1
0 0.515 0.275 0.008387399274 2
0 0.515 0.285 0.007635713532 2
0 0.515 0.295 0.006876364417 2
0 0.515 0.305 0.006125715132 2
0 0.515 0.315 0.00538369762 2
0 0.515 0.325 0.004654752659 2
0 0.515 0.335 0.003944060797 2
0 0.515 0.345 0.003257431 2
0 0.515 0.355 0.002601656172 2
0 0.515 0.365 0.001983207722 2
0 0.515 0.375 0.001412494034 2
0 0.515 0.385 0.00088931654 2
0 0.515 0.395 0.0004549165839 2
0 0.515 0.405 0 2
0 0.515 0.415 0 2
0 0.515 0.425 0 2
0 0.515 0.435 0 2
0 0.515 0.445 0 2
0 0.515 0.455 0 2
0 0.515 0.465 0 2
0 0.525 -0.455 0 2
0 0.525 -0.445 0 2
0 0.525 -0.435 0 2
0 0.525 -0.425 0 2
0 0.525 -0.415 0 2
0 0.525 -0.405 0 2
0 0.525 -0.395 0.0004067973906 2
0 0.525 -0.385 0.0007996555748 2
0 0.525 -0.375 0.001283628975 2
0 0.525 -0.365 0.001814932453 2
0 0.525 -0.355 0.002384437943 2
0 0.525 -0.345 0.002986598647 2
0 0.525 -0.335 0.003618219933 2
0 0.525 -0.325 0.00427667632 2
0 0.525 -0.315 0.00496110736 2
0 0.525 -0.305 0.005663294501 2
0 0.525 -0.295 0.006354583378 2
0 0.525 -0.285 0.007014626321 1
0 0.525 -0.275 0.007665839869 1
0 0.525 -0.265 0.008322389189 1
0 0.525 -0.255 0.00898413697 1
0 0.525 -0.245 0.009645514865 1
0 0.525 -0.235 0.01030312793 1
0 0.525 -0.225 0.01096054488 1
0 0.525 -0.215 0.01163301073 2
0 0.525 -0.205 0.01226775754 1
0 0.525 -0.195 0.01288442028 1
0 0.525 -0.185 0.01347217884 1
0 0.525 -0.175 0.01403764302 1
0 0.525 -0.165 0.01458205465 1
0 0.525 -0.155 0.0151043084 1
0 0.525 -0.145 0.01560360085 1
0 0.525 -0.135 0.01608032821 1
0 0.525 -0.125 0.01653620154 1
0 0.525 -0.115 0.01697422552 1
0 0.525 -0.105 0.01741268037 2
0 0.525 -0.095 0.01783061658 2
0 0.525 -0.085 0.01820383273 2
0 0.525 -0.075 0.01853145113 2
0 0.525 -0.065 0.01881316054 2
0 0.525 -0.055 0.01905409727 2
0 0.525 -0.045 0.01925572369 2
0 0.525 -0.035 0.01941854871 2
0 0.525 -0.025 0.01954217733 2
0 0.525 -0.015 0.01962550907 2
0 0.525 -0.005 0.01966623312 2
0 0.525 0.005 0.01966094732 2
0 0.525 0.015 0.01960313766 2
0 0.525 0.025 0.01947671736 1
0 0.525 0.035 0.01932443848 1
0 0.525 0.045 0.01915130976 1
0 0.525 0.055 0.01895772786 1
0 0.525 0.065 0.01874304616 1
0 0.525 0.075 0.01850699699 1
0 0.525 0.085 0.01824928909 1
0 0.525 0.095 0.0179678854 1
0 0.525 0.105 0.01764493607 1
0 0.525 0.115 0.0172824354 1
0 0.525 0.125 0.01688439221 1
0 0.525 0.135 0.01645369554 1
0 0.525 0.145 0.01600365989 1
0 0.525 0.155 0.01553275763 1
0 0.525 0.165 0.0150429737 1
0 0.525 0.175 0.01453322006 1
0 0.525 0.185 0.01400337782 1
0 0.525 0.195 0.01345340759 1
0 0.525 0.205 0.01288400219 1
0 0.525 0.215 0.01229699578 1
0 0.525 0.225 0.01169199425 1
0 0.525 0.235 0.01106668606 1
0 0.525 0.245 0.01041977377 1
0 0.525 0.255 0.009759042522 1
0 0.525 0.265 0.009080476671 1
0 0.525 0.275 0.008367773961 2
0 0.525 0.285 0.007621590081 2
0 0.525 0.295 0.006867299091 2
0 0.525 0.305 0.006119867373 2
0 0.525 0.315 0.005380349777 2
0 0.525 0.325 0.004653511312 2
0 0.525 0.335 0.003944491994 2
0 0.525 0.345 0.003259112314 2
0 0.525 0.355 0.00260414679 2
0 0.525 0.365 0.001986061886 2
0 0.525 0.375 0.001415277619 2
0 0.525 0.385 0.0008915992993 2
0 0.525 0.395 0.0004564045227 2
0 0.525 0.405 0 2
0 0.525 0.415 0 2
0 0.525 0.425 0 2
0 0.525 0.435 0 2
0 0.525 0.445 0 2
0 0.525 0.455 0 2
0 0.525 0.465 0 2
0 0.535 -0.455 0 2
0 0.535 -0.445 0 2
0 0.535 -0.435 0 2
0 0.535 -0.425 0 2
0 0.535 -0.415 0 2
0 0.535 -0.405 0 2
0 0.535 -0.395 0.0004198011973 2
0 0.535 -0.385 0.0008174353215 2
0 0.535 -0.375 0.001299114136 2
0 0.535 -0.365 0.001826199908 2
0 0.535 -0.355 0.002395234621 2
0 0.535 -0.345 0.002997275584 2
0 0.535 -0.335 0.003628387167 2
0 0.535 -0.325 0.004285937372 2
0 0.535 -0.315 0.004969768003 2
0 0.535 -0.305 0.005670765904 2
0 0.535 -0.295 0.0063545552 1
0 0.535 -0.285 0.007009717666 1
0 0.535 -0.275 0.007653704115 1
0 0.535 -0.265 0.008303398771 1
0 0.535 -0.255 0.008959212606 1
0 0.535 -0.245 0.009616122846 1
0 0.535 -0.235 0.01027248053 1
0 0.535 -0.225 0.01093416894 1
0 0.535 -0.215 0.01160927288 2
0 0.535 -0.205 0.01223750726 1
0 0.535 -0.195 0.01284399091 1
0 0.535 -0.185 0.01342404922 1
0 0.535 -0.175 0.01398404357 1
0 0.535 -0.165 0.01452379884 1
0 0.535 -0.155 0.01504175805 1
0 0.535 -0.145 0.01553668868 1
0 0.535 -0.135 0.016008367 1
0 0.535 -0.125 0.01645740828 1
0 0.535 -0.115 0.01688773011 1
0 0.535 -0.105 0.01730255031 1
0 0.535 -0.095 0.01773377875 2
0 0.535 -0.085 0.01810267662 2
0 0.535 -0.075 0.01842422166 2
0 0.535 -0.065 0.01869997968 2
0 0.535 -0.055 0.01893563168 2
0 0.535 -0.045 0.0191327287 2
0 0.535 -0.035 0.01929150586 2
0 0.535 -0.025 0.01941153441 2
0 0.535 -0.015 0.01949190058 2
0 0.535 -0.005 0.01953133938 2
0 0.535 0.005 0.01952843401 2
0 0.535 0.015 0.01948012604 2
0 0.535 0.025 0.01937493937 1
0 0.535 0.035 0.01921748982 1
0 0.535 0.045 0.01904192044 1
0 0.535 0.055 0.0188464288 1
0 0.535 0.065 0.01862957171 1
0 0.535 0.075 0.01839225153 1
0 0.535 0.085 0.01813698971 1
0 0.535 0.095 0.01786644389 1
0 0.535 0.105 0.01754513485 1
0 0.535 0.115 0.01718478386 1
0 0.535 0.125 0.01679225908 1
0 0.535 0.135 0.01636403882 1
0 0.535 0.145 0.01591880916 1
0 0.535 0.155 0.01544840427 1
0 0.535 0.165 0.01496369374 1
0 0.535 0.175 0.01446094656 1
0 0.535 0.185 0.01393782488 1
0 0.535 0.195 0.013393468 1
0 0.535 0.205 0.01283019025 1
0 0.535 0.215 0.01224976053 1
0 0.535 0.225 0.01165188224 1
0 0.535 0.235 0.01103087794 1
0 0.535 0.245 0.01038358265 1
0 0.535 0.255 0.009721548272 1
0 0.535 0.265 0.009043743605 2
0 0.535 0.275 0.008329938469 2
0 0.535 0.285 0.007590939679 2
0 0.535 0.295 0.006843588511 2
0 0.535 0.305 0.006101808057 2
0 0.535 0.315 0.005366910736 2
0 0.535 0.325 0.004644112129 2
0 0.535 0.335 0.003938555439 2
0 0.535 0.345 0.003256066893 2
0 0.535 0.355 0.002603374021 2
0 0.535 0.365 0.001986907067 2
0 0.535 0.375 0.001417052903 2
0 0.535 0.385 0.0008935900332 2
0 0.535 0.395 0.0004579696463 2
0 0.535 0.405 0 2
0 0.535 0.415 0 2
0 0.535 0.425 0 2
0 0.535 0.435 0 2
0 0.535 0.445 0 2
0 0.535 0.455 0 2
0 0.535 0.465 0 2
0 0.545 -0.455 0 2
0 0.545 -0.445 0 2
0 0.545 -0.435 0 2
0 0.545 -0.425 0 2
0 0.545 -0.415 0 2
0 0.545 -0.405 0 2
0 0.545 -0.395 0.000425624457 2
0 0.545 -0.385 0.0008268186675 2
0 0.545 -0.375 0.001309102788 2
0 0.545 -0.365 0.001834442871 2
0 0.545 -0.355 0.002402020179 2
0 0.545 -0.345 0.003002843019 2
0 0.545 -0.335 0.003632565222 2
0 0.545 -0.325 0.004287959393 2
0 0.545 -0.315 0.004969261865 2
0 0.545 -0.305 0.005665383035 2
0 0.545 -0.295 0.006342776279 1
0 0.545 -0.285 0.006991898908 1
0 0.545 -0.275 0.007629846568 1
0 0.545 -0.265 0.008271789518 1
0 0.545 -0.255 0.00892005343 1
0 0.545 -0.245 0.009571312297 1
0 0.545 -0.235 0.01022558939 1
0 0.545 -0.225 0.01088938073 1
0 0.545 -0.215 0.01155697104 2
0 0.545 -0.205 0.0121827892 1
0 0.545 -0.195 0.01277864634 1
0 0.545 -0.185 0.01334991588 1
0 0.545 -0.175 0.01390227397 1
0 0.545 -0.165 0.01443613023 1
0 0.545 -0.155 0.0149489285 1
0 0.545 -0.145 0.01543966889 1
0 0.545 -0.135 0.01590714462 1
0 0.545 -0.125 0.0163506833 1
0 0.545 -0.115 0.01677155897 1
0 0.545 -0.105 0.01717483722 1
0 0.545 -0.095 0.01758767957 2
0 0.545 -0.085 0.0179444128 2
0 0.545 -0.075 0.01825631659 2
0 0.545 -0.065 0.01852464003 2
0 0.545 -0.055 0.01875455059 2
0 0.545 -0.045 0.01894697482 2
0 0.545 -0.035 0.01910173917 2
0 0.545 -0.025 0.01921833976 2
0 0.545 -0.015 0.01929609282 2
0 0.545 -0.005 0.01933457574 2
0 0.545 0.005 0.01933430411 2
0 0.545 0.015 0.01929671367 2
0 0.545 0.025 0.01922145009 2
0 0.545 0.035 0.01907183694 1
0 0.545 0.045 0.01889427029 1
0 0.545 0.055 0.01869699469 1
0 0.545 0.065 0.01847868761 1
0 0.545 0.075 0.0182405303 1
0 0.545 0.085 0.01798641199 1
0 0.545 0.095 0.01770988246 2
0 0.545 0.105 0.01738082348 2
0 0.545 0.115 0.01702060397 2
0 0.545 0.125 0.01663656679 2
0 0.545 0.135 0.0162261173 1
0 0.545 0.145 0.01579499253 1
0 0.545 0.155 0.0153329449 1
0 0.545 0.165 0.01486013575 1
0 0.545 0.175 0.01436751409 1
0 0.545 0.185 0.01385261161 1
0 0.545 0.195 0.01331531432 1
0 0.545 0.205 0.01275745145 1
0 0.545 0.215 0.01218048394 1
0 0.545 0.225 0.01158647661 1
0 0.545 0.235 0.01096741042 2
0 0.545 0.245 0.01032320725 2
0 0.545 0.255 0.009663160914 2
0 0.545 0.265 0.008980150702 2
0 0.545 0.275 0.008270592868 2
0 0.545 0.285 0.007540927123 2
0 0.545 0.295 0.006804418926 2
0 0.545 0.305 0.006070677291 2
0 0.545 0.315 0.005342770609 2
0 0.545 0.325 0.004626136737 2
0 0.545 0.335 0.003925982315 2
0 0.545 0.345 0.003248129212 2
0 0.545 0.355 0.002599244508 2
0 0.545 0.365 0.001985697671 2
0 0.545 0.375 0.001417803522 2
0 0.545 0.385 0.0008952869476 2
0 0.545 0.395 0.0004596145868 2
0 0.545 0.405 0 2
0 0.545 0.415 0 2
0 0.545 0.425 0 2
0 0.545 0.435 0 2
0 0.545 0.445 0 2
0 0.545 0.455 0 2
0 0.545 0.465 0 2
0 0.555 -0.455 0 2
0 0.555 -0.445 0 2
0 0.555 -0.435 0 2
0 0.555 -0.425 0 2
0 0.555 -0.415 0 2
0 0.555 -0.405 0 2
0 0.555 -0.395 0.0004298703576 2
0 0.555 -0.385 0.0008335994953 2
0 0.555 -0.375 0.001316524542 2
0 0.555 -0.365 0.001840496592 2
0 0.555 -0.355 0.002405972214 2
0 0.555 -0.345 0.00300418767 2
0 0.555 -0.335 0.003630852782 2
0 0.555 -0.325 0.004281808887 2
0 0.555 -0.315 0.004959128274 2
0 0.555 -0.305 0.005646102008 2
0 0.555 -0.295 0.006317164276 1
0 0.555 -0.285 0.006958574941 1
0 0.555 -0.275 0.007590694979 1
0 0.555 -0.265 0.008224963825 1
0 0.555 -0.255 0.008865190965 1
0 0.555 -0.245 0.009511734767 1
0 0.555 -0.235 0.01016294379 1
0 0.555 -0.225 0.01081991944 2
0 0.555 -0.215 0.01146525778 2
0 0.555 -0.205 0.01209503355 1
0 0.555 -0.195 0.01268686527 1
0 0.555 -0.185 0.01325366336 1
0 0.555 -0.175 0.01379391034 1
0 0.555 -0.165 0.01431820058 1
0 0.555 -0.155 0.01482425817 1
0 0.555 -0.145 0.01530967218 1
0 0.555 -0.135 0.0157708383 1
0 0.555 -0.125 0.01620758719 1
0 0.555 -0.115 0.01662101683 1
0 0.555 -0.105 0.01701746145 1
0 0.555 -0.095 0.0173959393 2
0 0.555 -0.085 0.01772944301 2
0 0.555 -0.075 0.01802703641 2
0 0.555 -0.065 0.0182874145 2
0 0.555 -0.055 0.01851174112 2
0 0.555 -0.045 0.01869969774 2
0 0.555 -0.035 0.01885076181 2
0 0.555 -0.025 0.01896433732 2
0 0.555 -0.015 0.01903997431 2
0 0.555 -0.005 0.01907768804 2
0 0.555 0.005 0.01907960967 2
0 0.555 0.015 0.01904804011 2
0 0.555 0.025 0.01898655294 2
0 0.555 0.035 0.0188800235 1
0 0.555 0.045 0.01871143977 1
0 0.555 0.055 0.01851986869 1
0 0.555 0.065 0.01830002587 1
0 0.555 0.075 0.01805386273 1
0 0.555 0.085 0.0177901944 1
0 0.555 0.095 0.01747208505 2
0 0.555 0.105 0.01713097545 2
0 0.555 0.115 0.01677205178 2
0 0.555 0.125 0.01639848394 2
0 0.555 0.135 0.01601739512 2
0 0.555 0.145 0.01560673929 2
0 0.555 0.155 0.01517063774 1
0 0.555 0.165 0.01471392845 1
0 0.555 0.175 0.01423408848 1
0 0.555 0.185 0.01373043636 1
0 0.555 0.195 0.01320311788 1
0 0.555 0.205 0.01265310925 1
0 0.555 0.215 0.01208139377 1
0 0.555 0.225 0.01148944501 2
0 0.555 0.235 0.01086655171 2
0 0.555 0.245 0.01022607223 2
0 0.555 0.255 0.009568203715 2
0 0.555 0.265 0.008888720006 2
0 0.555 0.275 0.008187813041 2
0 0.555 0.285 0.007471313026 2
0 0.555 0.295 0.006748987241 2
0 0.555 0.305 0.006025782512 2
0 0.555 0.315 0.0053073844 2
0 0.555 0.325 0.004599180092 2
0 0.555 0.335 0.003906488428 2
0 0.555 0.345 0.003235108441 2
0 0.555 0.355 0.002591637629 2
0 0.555 0.365 0.001982362917 2
0 0.555 0.375 0.00141749191 2
0 0.555 0.385 0.0008966721679 2
0 0.555 0.395 0.0004613317862 2
0 0.555 0.405 0 2
0 0.555 0.415 0 2
0 0.555 0.425 0 2
0 0.555 0.435 0 2
0 0.555 0.445 0 2
0 0.555 0.455 0 2
0 0.555 0.465 0 2
0 0.565 -0.455 0 2
0 0.565 -0.445 0 2
0 0.565 -0.435 0 2
0 0.565 -0.425 0 2
0 0.565 -0.415 0 2
0 0.565 -0.405 0 2
0 0.565 -0.395 0.0004333195442 2
0 0.565 -0.385 0.0008386173642 2
0 0.565 -0.375 0.001321619609 2
0 0.565 -0.365 0.001843934865 2
0 0.565 -0.355 0.002406500825 2
0 0.565 -0.345 0.003000712334 2
0 0.565 -0.335 0.003622396861 2
0 0.565 -0.325 0.004266557034 2
0 0.565 -0.315 0.004934867859 2
0 0.565 -0.305 0.005610427828 2
0 0.565 -0.295 0.006274363178 2
0 0.565 -0.285 0.006910901486 1
0 0.565 -0.275 0.007540039408 1
0 0.565 -0.265 0.008168799294 1
0 0.565 -0.255 0.00879920536 1
0 0.565 -0.245 0.009435571655 1
0 0.565 -0.235 0.01007135197 2
0 0.565 -0.225 0.01070204059 2
0 0.565 -0.215 0.01133371822 2
0 0.565 -0.205 0.01196196363 2
0 0.565 -0.195 0.01255562138 1
0 0.565 -0.185 0.01312213889 1
0 0.565 -0.175 0.0136553763 1
0 0.565 -0.165 0.01417574433 1
0 0.565 -0.155 0.014677147 1
0 0.565 -0.145 0.0151565508 1
0 0.565 -0.135 0.01561100287 1
0 0.565 -0.125 0.01603803314 1
0 0.565 -0.115 0.01643701375 1
0 0.565 -0.105 0.01681705927 1
0 0.565 -0.095 0.01714556811 2
0 0.565 -0.085 0.01745361711 2
0 0.565 -0.075 0.01773790099 2
0 0.565 -0.065 0.01799033415 2
0 0.565 -0.055 0.01820921071 2
0 0.565 -0.045 0.01839289017 2
0 0.565 -0.035 0.01854057616 2
0 0.565 -0.025 0.01865158649 2
0 0.565 -0.015 0.01872563622 2
0 0.565 -0.005 0.01876292315 2
0 0.565 0.005 0.0187650059 2
0 0.565 0.015 0.01873494854 2
0 0.565 0.025 0.01867915359 2
0 0.565 0.035 0.01860482682 2
0 0.565 0.045 0.01846739635 1
0 0.565 0.055 0.01828449065 1
0 0.565 0.065 0.01806306559 1
0 0.565 0.075 0.01780592237 1
0 0.565 0.085 0.01750776473 2
0 0.565 0.095 0.01715542177 2
0 0.565 0.105 0.01680215603 2
0 0.565 0.115 0.01644533411 2
0 0.565 0.125 0.01608500827 2
0 0.565 0.135 0.01572124042 2
0 0.565 0.145 0.01533646252 2
0 0.565 0.155 0.01493898798 2
0 0.565 0.165 0.01450510808 2
0 0.565 0.175 0.01404380317 2
0 0.565 0.185 0.01355622232 2
0 0.565 0.195 0.01304299905 2
0 0.565 0.205 0.01250501705 2
0 0.565 0.215 0.01194204681 2
0 0.565 0.225 0.0113475269 2
0 0.565 0.235 0.01072977779 2
0 0.565 0.245 0.01009359849 2
0 0.565 0.255 0.009441369877 2
0 0.565 0.265 0.008772560617 2
0 0.565 0.275 0.00808594369 2
0 0.565 0.285 0.007385368094 2
0 0.565 0.295 0.006677050827 2
0 0.565 0.305 0.005966911572 2
0 0.565 0.315 0.005260465129 2
0 0.565 0.325 0.004562976065 2
0 0.565 0.335 0.003879856493 2
0 0.565 0.345 0.003216843155 2
0 0.565 0.355 0.002580442089 2
0 0.565 0.365 0.001976831727 2
0 0.565 0.375 0.001416076399 2
0 0.565 0.385 0.0008977232876 2
0 0.565 0.395 0.0004631104911 2
0 0.565 0.405 0 2
0 0.565 0.415 0 2
0 0.565 0.425 0 2
0 0.565 0.435 0 2
0 0.565 0.445 0 2
0 0.565 0.455 0 2
0 0.565 0.465 0 2
0 0.575 -0.455 0 2
0 0.575 -0.445 0 2
0 0.575 -0.435 0 2
0 0.575 -0.425 0 2
0 0.575 -0.415 0 2
0 0.575 -0.405 0 2
0 0.575 -0.395 0.0004367428096 2
0 0.575 -0.385 0.0008429841302 2
0 0.575 -0.375 0.001325253247 2
0 0.575 -0.365 0.001844974443 2
0 0.575 -0.355 0.002403286278 2
0 0.575 -0.345 0.002991670385 2
0 0.575 -0.335 0.00360589584 2
0 0.575 -0.325 0.004240641714 2
0 0.575 -0.315 0.004894524455 2
0 0.575 -0.305 0.005557288212 2
0 0.575 -0.295 0.006211253278 2
0 0.575 -0.285 0.006846949031 1
0 0.575 -0.275 0.00746994669 1
0 0.575 -0.265 0.008090354151 1
0 0.575 -0.255 0.008707392722 1
0 0.575 -0.245 0.009322545643 2
0 0.575 -0.235 0.009929967777 2
0 0.575 -0.225 0.01054267275 2
0 0.575 -0.215 0.01115957901 2
0 0.575 -0.205 0.01177282574 2
0 0.575 -0.195 0.0123691139 2
0 0.575 -0.185 0.01293224416 2
0 0.575 -0.175 0.01347031551 1
0 0.575 -0.165 0.01398641378 1
0 0.575 -0.155 0.01448042444 1
0 0.575 -0.145 0.01495140023 1
0 0.575 -0.135 0.01539687619 1
0 0.575 -0.125 0.01581353693 1
0 0.575 -0.115 0.01619604922 1
0 0.575 -0.105 0.01653943662 2
0 0.575 -0.095 0.01683123616 2
0 0.575 -0.085 0.01712019973 2
0 0.575 -0.075 0.01739220458 2
0 0.575 -0.065 0.0176365729 2
0 0.575 -0.055 0.01784963253 2
0 0.575 -0.045 0.01802891827 2
0 0.575 -0.035 0.01817334181 2
0 0.575 -0.025 0.0182821281 2
0 0.575 -0.015 0.01835501902 2
0 0.575 -0.005 0.01839228981 2
0 0.575 0.005 0.01839526553 2
0 0.575 0.015 0.01836794372 2
0 0.575 0.025 0.01831486084 2
0 0.575 0.035 0.01824143544 2
0 0.575 0.045 0.01813206702 2
0 0.575 0.055 0.0179575539 2
0 0.575 0.065 0.01773448923 2
0 0.575 0.075 0.01746515542 2
0 0.575 0.085 0.01713553268 2
0 0.575 0.095 0.01678024649 2
0 0.575 0.105 0.01642412767 2
0 0.575 0.115 0.01606858117 2
0 0.575 0.125 0.01571321852 2
0 0.575 0.135 0.0153568238 2
0 0.575 0.145 0.01499446308 2
0 0.575 0.155 0.01462386333 2
0 0.575 0.165 0.01422031862 2
0 0.575 0.175 0.01378499047 2
0 0.575 0.185 0.01331880133 2
0 0.575 0.195 0.01282388567 2
0 0.575 0.205 0.0123006528 2
0 0.575 0.215 0.01174863954 2
0 0.575 0.225 0.01116510139 2
0 0.575 0.235 0.01055991106 2
0 0.575 0.245 0.009935964236 2
0 0.575 0.255 0.009296102847 2
0 0.575 0.265 0.00863909132 2
0 0.575 0.275 0.007966497783 2
0 0.575 0.285 0.007281618393 2
0 0.575 0.295 0.00658918886 2
0 0.575 0.305 0.005894271765 2
0 0.575 0.315 0.005201978794 2
0 0.575 0.325 0.004517424582 2
0 0.575 0.335 0.003845969394 2
0 0.575 0.345 0.003193230306 2
0 0.575 0.355 0.002565579264 2
0 0.575 0.365 0.001969050815 2
0 0.575 0.375 0.001413524887 2
0 0.575 0.385 0.0008984232208 2
0 0.575 0.395 0.0004649429549 2
0 0.575 0.405 0 2
0 0.575 0.415 0 2
0 0.575 0.425 0 2
0 0.575 0.435 0 2
0 0.575 0.445 0 2
0 0.575 0.455 0 2
0 0.575 0.465 0 2
0 0.585 -0.455 0 2
0 0.585 -0.445 0 2
0 0.585 -0.435 0 2
0 0.585 -0.425 0 2
0 0.585 -0.415 0 2
0 0.585 -0.405 0 2
0 0.585 -0.395 0.0004403414192 2
0 0.585 -0.385 0.0008469850032 2
0 0.585 -0.375 0.00132758461 2
0 0.585 -0.365 0.001843471875 2
0 0.585 -0.355 0.002395871391 2
0 0.585 -0.345 0.002976328486 2
0 0.585 -0.335 0.003580384339 2
0 0.585 -0.325 0.00420284691 2
0 0.585 -0.315 0.004838370768 2
0 0.585 -0.305 0.005485668351 2
0 0.585 -0.295 0.006127857859 2
0 0.585 -0.285 0.006757179091 2
0 0.585 -0.275 0.00736914608 2
0 0.585 -0.265 0.007974367714 2
0 0.585 -0.255 0.008572603074 2
0 0.585 -0.245 0.009161123416 2
0 0.585 -0.235 0.00975173521 2
0 0.585 -0.225 0.01034623206 2
0 0.585 -0.215 0.01094210364 2
0 0.585 -0.205 0.01153392191 2
0 0.585 -0.195 0.01211646154 2
0 0.585 -0.185 0.01267449614 2
0 0.585 -0.175 0.01321837597 2
0 0.585 -0.165 0.01372650803 2
0 0.585 -0.155 0.01420935079 2
0 0.585 -0.145 0.01466860816 2
0 0.585 -0.135 0.01510163677 2
0 0.585 -0.125 0.01550392352 2
0 0.585 -0.115 0.01586640367 2
0 0.585 -0.105 0.01617356161 2
0 0.585 -0.095 0.01645692894 2
0 0.585 -0.085 0.01673331551 2
0 0.585 -0.075 0.01699319504 2
0 0.585 -0.065 0.01722903359 2
0 0.585 -0.055 0.01743554632 2
0 0.585 -0.045 0.01761002655 2
0 0.585 -0.035 0.0177510555 2
0 0.585 -0.025 0.01785773587 2
0 0.585 -0.015 0.01792971492 2
0 0.585 -0.005 0.01796722584 2
0 0.585 0.005 0.01797124075 2
0 0.585 0.015 0.01794378473 2
0 0.585 0.025 0.01788817189 2
0 0.585 0.035 0.01780704527 2
0 0.585 0.045 0.01769587431 2
0 0.585 0.055 0.01752594185 2
0 0.585 0.065 0.0173002417 2
0 0.585 0.075 0.01702029615 2
0 0.585 0.085 0.0166872015 2
0 0.585 0.095 0.01633695252 2
0 0.585 0.105 0.01598356232 2
0 0.585 0.115 0.01563263785 2
0 0.585 0.125 0.0152852425 2
0 0.585 0.135 0.0149423374 2
0 0.585 0.145 0.01459836684 2
0 0.585 0.155 0.01424554873 2
0 0.585 0.165 0.0138690952 2
0 0.585 0.175 0.01346240427 2
0 0.585 0.185 0.01302240247 2
0 0.585 0.195 0.01254944774 2
0 0.585 0.205 0.01204482819 2
0 0.585 0.215 0.01151024337 2
0 0.585 0.225 0.01094724067 2
0 0.585 0.235 0.01036025395 2
0 0.585 0.245 0.009752430716 2
0 0.585 0.255 0.009126624914 2
0 0.585 0.265 0.008484552223 2
0 0.585 0.275 0.007828301981 2
0 0.585 0.285 0.007160801373 2
0 0.585 0.295 0.006485936771 2
0 0.585 0.305 0.005808118266 2
0 0.585 0.315 0.005132030223 2
0 0.585 0.325 0.004462539748 2
0 0.585 0.335 0.003804795129 2
0 0.585 0.345 0.003164225556 2
0 0.585 0.355 0.002547009514 2
0 0.585 0.365 0.001958992556 2
0 0.585 0.375 0.001409822387 2
0 0.585 0.385 0.0008987664382 2
0 0.585 0.395 0.000466828674 2
0 0.585 0.405 0 2
0 0.585 0.415 0 2
0 0.585 0.425 0 2
0 0.585 0.435 0 2
0 0.585 0.445 0 2
0 0.585 0.455 0 2
0 0.585 0.465 0 2
0 0.595 -0.455 0 2
0 0.595 -0.445 0 2
0 0.595 -0.435 0 2
0 0.595 -0.425 0 2
0 0.595 -0.415 0 2
0 0.595 -0.405 0 2
0 0.595 -0.395 0.0004441963905 2
0 0.595 -0.385 0.0008507481672 2
0 0.595 -0.375 0.001328688005 2
0 0.595 -0.365 0.001839339628 2
0 0.595 -0.355 0.002383991266 2
0 0.595 -0.345 0.002954282045 2
0 0.595 -0.335 0.003545547361 2
0 0.595 -0.325 0.004152782963 2
0 0.595 -0.315 0.004770548696 2
0 0.595 -0.305 0.005396821756 2
0 0.595 -0.295 0.006019137908 2
0 0.595 -0.285 0.006630962311 2
0 0.595 -0.275 0.007228628901 2
0 0.595 -0.265 0.007815615048 2
0 0.595 -0.255 0.00839485697 2
0 0.595 -0.245 0.008966715263 2
0 0.595 -0.235 0.009541004343 2
0 0.595 -0.225 0.01011558742 2
0 0.595 -0.215 0.01068746962 2
0 0.595 -0.205 0.0112527031 2
0 0.595 -0.195 0.0118099161 2
0 0.595 -0.185 0.0123537918 2
0 0.595 -0.175 0.01288477209 2
0 0.595 -0.165 0.01338288579 2
0 0.595 -0.155 0.01385300454 2
0 0.595 -0.145 0.01429751966 2
0 0.595 -0.135 0.01471513608 2
0 0.595 -0.125 0.01509910839 2
0 0.595 -0.115 0.01544274246 2
0 0.595 -0.105 0.01574109882 2
0 0.595 -0.095 0.01602292409 2
0 0.595 -0.085 0.01629187754 2
0 0.595 -0.075 0.0165424011 2
0 0.595 -0.065 0.01676937882 2
0 0.595 -0.055 0.01696879646 2
0 0.595 -0.045 0.01713802341 2
0 0.595 -0.035 0.01727538793 2
0 0.595 -0.025 0.01737985772 2
0 0.595 -0.015 0.01745091852 2
0 0.595 -0.005 0.01748855797 2
0 0.595 0.005 0.01749324438 2
0 0.595 0.015 0.01746586127 2
0 0.595 0.025 0.01740685135 2
0 0.595 0.035 0.01731455096 2
0 0.595 0.045 0.01718350497 2
0 0.595 0.055 0.01700348782 2
0 0.595 0.065 0.01677321694 2
0 0.595 0.075 0.01649523628 2
0 0.595 0.085 0.01617644739 2
0 0.595 0.095 0.0158347145 2
0 0.595 0.105 0.01548414576 2
0 0.595 0.115 0.01513596863 2
0 0.595 0.125 0.01479581099 2
0 0.595 0.135 0.01446938659 2
0 0.595 0.145 0.01415124405 2
0 0.595 0.155 0.01383055559 2
0 0.595 0.165 0.01348847938 2
0 0.595 0.175 0.01311334831 2
0 0.595 0.185 0.01270016963 2
0 0.595 0.195 0.0122495084 2
0 0.595 0.205 0.01176406168 2
0 0.595 0.215 0.01124714111 2
0 0.595 0.225 0.01070195093 2
0 0.595 0.235 0.01013246989 2
0 0.595 0.245 0.00954199823 2
0 0.595 0.255 0.008933452685 2
0 0.595 0.265 0.008309095229 2
0 0.595 0.275 0.007671310446 2
0 0.595 0.285 0.007022924251 2
0 0.595 0.295 0.006367384923 2
0 0.595 0.305 0.005708580054 2
0 0.595 0.315 0.005050740314 2
0 0.595 0.325 0.004398377659 2
0 0.595 0.335 0.003756349384 2
0 0.595 0.345 0.003129825275 2
0 0.595 0.355 0.002524724946 2
0 0.595 0.365 0.001946653344 2
0 0.595 0.375 0.0014049721 2
0 0.595 0.385 0.0008987610027 2
0 0.595 0.395 0.0004687762131 2
0 0.595 0.405 0 2
0 0.595 0.415 0 2
0 0.595 0.425 0 2
0 0.595 0.435 0 2
0 0.595 0.445 0 2
0 0.595 0.455 0 2
0 0.595 0.465 0 2
0 0.605 -0.455 0 2
0 0.605 -0.445 0 2
0 0.605 -0.435 0 2
0 0.605 -0.425 0 2
0 0.605 -0.415 0 2
0 0.605 -0.405 0 2
0 0.605 -0.395 0.0004482983744 2
0 0.605 -0.385 0.0008542753242 2
0 0.605 -0.375 0.001328546606 2
0 0.605 -0.365 0.001832507683 2
0 0.605 -0.355 0.002367542436 2
0 0.605 -0.345 0.002925441886 2
0 0.605 -0.335 0.003501513578 2
0 0.605 -0.325 0.004090842415 2
0 0.605 -0.315 0.004688388666 2
0 0.605 -0.305 0.005289121692 2
0 0.605 -0.295 0.005885993055 2
0 0.605 -0.285 0.006474693914 2
0 0.605 -0.275 0.007053339927 2
0 0.605 -0.265 0.007623214003 2
0 0.605 -0.255 0.008186105748 2
0 0.605 -0.245 0.008743350608 2
0 0.605 -0.235 0.009297882202 2
0 0.605 -0.225 0.009849589752 2
0 0.605 -0.215 0.01039705063 2
0 0.605 -0.205 0.01093752039 2
0 0.605 -0.195 0.01146822704 2
0 0.605 -0.185 0.01198488957 2
0 0.605 -0.175 0.01248489157 2
0 0.605 -0.165 0.01296144743 2
0 0.605 -0.155 0.0134138121 2
0 0.605 -0.145 0.01384106873 2
0 0.605 -0.135 0.01424144106 2
0 0.605 -0.125 0.01461162348 2
0 0.605 -0.115 0.01494926723 2
0 0.605 -0.105 0.01525442952 2
0 0.605 -0.095 0.01553611756 2
0 0.605 -0.085 0.01579819005 2
0 0.605 -0.075 0.01603986844 2
0 0.605 -0.065 0.01625836515 2
0 0.605 -0.055 0.01645063491 2
0 0.605 -0.045 0.01661433062 2
0 0.605 -0.035 0.01674775631 2
0 0.605 -0.025 0.0168497798 2
0 0.605 -0.015 0.01691968967 2
0 0.605 -0.005 0.01695709649 2
0 0.605 0.005 0.01696181577 2
0 0.605 0.015 0.01693360731 2
0 0.605 0.025 0.01687157987 2
0 0.605 0.035 0.01677318096 2
0 0.605 0.045 0.01663390496 2
0 0.605 0.055 0.01644777025 2
0 0.605 0.065 0.01621317481 2
0 0.605 0.075 0.01593289398 2
0 0.605 0.085 0.01561475959 2
0 0.605 0.095 0.01527374702 2
0 0.605 0.105 0.01492387235 2
0 0.605 0.115 0.01458016381 2
0 0.605 0.125 0.01424814292 2
0 0.605 0.135 0.01394233299 2
0 0.605 0.145 0.01365569739 2
0 0.605 0.155 0.01337540492 2
0 0.605 0.165 0.0130728009 2
0 0.605 0.175 0.0127310704 2
0 0.605 0.185 0.01234493572 2
0 0.605 0.195 0.01191651798 2
0 0.605 0.205 0.01145070537 2
0 0.605 0.215 0.01095247261 2
0 0.605 0.225 0.01042621886 2
0 0.605 0.235 0.009875920219 2
0 0.605 0.245 0.009304910292 2
0 0.605 0.255 0.008716066557 2
0 0.605 0.265 0.008111883767 2
0 0.605 0.275 0.007494853999 2
0 0.605 0.285 0.006867695426 2
0 0.605 0.295 0.006233499352 2
0 0.605 0.305 0.005595724675 2
0 0.605 0.315 0.004958177511 2
0 0.605 0.325 0.004324985983 2
0 0.605 0.335 0.003700658924 2
0 0.605 0.345 0.003090042507 2
0 0.605 0.355 0.002498734757 2
0 0.605 0.365 0.001932045266 2
0 0.605 0.375 0.001398991185 2
0 0.605 0.385 0.0008984268293 2
0 0.605 0.395 0.000470802764 2
0 0.605 0.405 0 2
0 0.605 0.415 0 2
0 0.605 0.425 0 2
0 0.605 0.435 0 2
0 0.605 0.445 0 2
0 0.605 0.455 0 2
0 0.605 0.465 0 2
0 0.615 -0.455 0 2
0 0.615 -0.445 0 2
0 0.615 -0.435 0 2
0 0.615 -0.425 0 2
0 0.615 -0.415 0 2
0 0.615 -0.405 0 2
0 0.615 -0.395 0.0004526279986 2
0 0.615 -0.385 0.0008575549086 2
0 0.615 -0.375 0.001327157436 2
0 0.615 -0.365 0.001822983349 2
0 0.615 -0.355 0.00234657948 2
0 0.615 -0.345 0.002889975286 2
0 0.615 -0.335 0.003448661824 2
0 0.615 -0.325 0.004017822106 2
0 0.615 -0.315 0.004592855345 2
0 0.615 -0.305 0.005169204306 2
0 0.615 -0.295 0.005741963379 2
0 0.615 -0.285 0.006307746352 2
0 0.615 -0.275 0.006864949833 2
0 0.615 -0.265 0.007413894887 2
0 0.615 -0.255 0.007955719569 2
0 0.615 -0.245 0.008491557524 2
0 0.615 -0.235 0.00902280034 2
0 0.615 -0.225 0.009549346904 2
0 0.615 -0.215 0.01007021327 2
0 0.615 -0.205 0.0105835335 2
0 0.615 -0.195 0.011087104 2
0 0.615 -0.185 0.01157781417 2
0 0.615 -0.175 0.01205275767 2
0 0.615 -0.165 0.01250774764 2
0 0.615 -0.155 0.01294085931 2
0 0.615 -0.145 0.01335040134 2
0 0.615 -0.135 0.0137346062 2
0 0.615 -0.125 0.01409135055 2
0 0.615 -0.115 0.01441959237 2
0 0.615 -0.105 0.01472005442 2
0 0.615 -0.095 0.01499692116 2
0 0.615 -0.085 0.01525236053 2
0 0.615 -0.075 0.0154862501 2
0 0.615 -0.065 0.01569691131 2
0 0.615 -0.055 0.01588222487 2
0 0.615 -0.045 0.01604028055 2
0 0.615 -0.035 0.01616954094 2
0 0.615 -0.025 0.01626884249 2
0 0.615 -0.015 0.01633730069 2
0 0.615 -0.005 0.01637418015 2
0 0.615 0.005 0.01637869739 2
0 0.615 0.015 0.01634971841 2
0 0.615 0.025 0.01628536189 2
0 0.615 0.035 0.01618261092 2
0 0.615 0.045 0.01603751002 2
0 0.615 0.055 0.01584604964 2
0 0.615 0.065 0.01560691282 2
0 0.615 0.075 0.01532284151 2
0 0.615 0.085 0.01500187078 2
0 0.615 0.095 0.01465928385 2
0 0.615 0.105 0.01430739356 2
0 0.615 0.115 0.01396399801 2
0 0.615 0.125 0.0136239634 2
0 0.615 0.135 0.01333927047 2
0 0.615 0.145 0.01309557127 2
0 0.615 0.155 0.01288046666 2
0 0.615 0.165 0.01262958063 2
0 0.615 0.175 0.01232311756 2
0 0.615 0.185 0.01196201203 2
0 0.615 0.195 0.01155404796 2
0 0.615 0.205 0.01110709845 2
0 0.615 0.215 0.01062767359 2
0 0.615 0.225 0.01012096688 2
0 0.615 0.235 0.009591061526 2
0 0.615 0.245 0.009041238966 2
0 0.615 0.255 0.008474271585 2
0 0.615 0.265 0.007892611085 2
0 0.615 0.275 0.007298651881 2
0 0.615 0.285 0.006694915601 2
0 0.615 0.295 0.006084180503 2
0 0.615 0.305 0.005469525005 2
0 0.615 0.315 0.004854348953 2
0 0.615 0.325 0.004242378983 2
0 0.615 0.335 0.003637734076 2
0 0.615 0.345 0.003044884146 2
0 0.615 0.355 0.002469047913 2
0 0.615 0.365 0.001915183872 2
0 0.615 0.375 0.00139190276 2
0 0.615 0.385 0.0008977910124 2
0 0.615 0.395 0.0004729318871 2
0 0.615 0.405 0 2
0 0.615 0.415 0 2
0 0.615 0.425 0 2
0 0.615 0.435 0 2
0 0.615 0.445 0 2
0 0.615 0.455 0 2
0 0.615 0.465 0 2
0 0.625 -0.455 0 2
0 0.625 -0.445 0 2
0 0.625 -0.435 0 2
0 0.625 -0.425 0 2
0 0.625 -0.415 0 2
0 0.625 -0.405 0 2
0 0.625 -0.395 0.0004571728969 2
0 0.625 -0.385 0.0008605819975 2
0 0.625 -0.375 0.001324534615 2
0 0.625 -0.365 0.00181081718 2
0 0.625 -0.355 0.002321224774 2
0 0.625 -0.345 0.002848137697 2
0 0.625 -0.335 0.003387359873 2
0 0.625 -0.325 0.003934369917 2
0 0.625 -0.315 0.004485100176 2
0 0.625 -0.305 0.005035695686 2
0 0.625 -0.295 0.005582603306 2
0 0.625 -0.285 0.006123265792 2
0 0.625 -0.275 0.006656325918 2
0 0.625 -0.265 0.00718160761 2
0 0.625 -0.255 0.007699591216 2
0 0.625 -0.245 0.008210928515 2
0 0.625 -0.235 0.008716256319 2
0 0.625 -0.225 0.009215526602 2
0 0.625 -0.215 0.009708073923 2
0 0.625 -0.205 0.01019260053 2
0 0.625 -0.195 0.01066738812 2
0 0.625 -0.185 0.0111301805 2
0 0.625 -0.175 0.01157859748 2
0 0.625 -0.165 0.01200986623 2
0 0.625 -0.155 0.01242191944 2
0 0.625 -0.145 0.01281288821 2
0 0.625 -0.135 0.01318106062 2
0 0.625 -0.125 0.01352489075 2
0 0.625 -0.115 0.01384362124 2
0 0.625 -0.105 0.01413756273 2
0 0.625 -0.095 0.01440833934 2
0 0.625 -0.085 0.01465695926 2
0 0.625 -0.075 0.01488335835 2
0 0.625 -0.065 0.01508653575 2
0 0.625 -0.055 0.01526504951 2
0 0.625 -0.045 0.01541741594 2
0 0.625 -0.035 0.01554231209 2
0 0.625 -0.025 0.01563861818 2
0 0.625 -0.015 0.01570534636 2
0 0.625 -0.005 0.01574150004 2
0 0.625 0.005 0.01574586793 2
0 0.625 0.015 0.0157167497 2
0 0.625 0.025 0.01565168611 2
0 0.625 0.035 0.01554731685 2
0 0.625 0.045 0.01539959004 2
0 0.625 0.055 0.01520469777 2
0 0.625 0.065 0.0149610443 2
0 0.625 0.075 0.01467135968 2
0 0.625 0.085 0.01434059408 2
0 0.625 0.095 0.01398381582 2
0 0.625 0.105 0.01361939402 2
0 0.625 0.115 0.0133009858 2
0 0.625 0.125 0.01298820727 2
0 0.625 0.135 0.0127407911 2
0 0.625 0.145 0.01252806051 2
0 0.625 0.155 0.01235890572 2
0 0.625 0.165 0.01216054715 2
0 0.625 0.175 0.01188804072 2
0 0.625 0.185 0.01155056178 2
0 0.625 0.195 0.01116062994 2
0 0.625 0.205 0.01073167575 2
0 0.625 0.215 0.0102714483 2
0 0.625 0.225 0.00978537737 2
0 0.625 0.235 0.009277470973 2
0 0.625 0.245 0.008750798616 2
0 0.625 0.255 0.008207911473 2
0 0.625 0.265 0.007651073409 2
0 0.625 0.275 0.007082478724 2
0 0.625 0.285 0.006504402898 2
0 0.625 0.295 0.005919310743 2
0 0.625 0.305 0.005329914781 2
0 0.625 0.315 0.004739216139 2
0 0.625 0.325 0.004150528618 2
0 0.625 0.335 0.003567550657 2
0 0.625 0.345 0.00299433129 2
0 0.625 0.355 0.002435655303 2
0 0.625 0.365 0.001896073746 2
0 0.625 0.375 0.001383725294 2
0 0.625 0.385 0.0008968809749 2
0 0.625 0.395 0.0004751898924 2
0 0.625 0.405 0 2
0 0.625 0.415 0 2
0 0.625 0.425 0 2
0 0.625 0.435 0 2
0 0.625 0.445 0 2
0 0.625 0.455 0 2
0 0.625 0.465 0 2
0 0.635 -0.455 0 2
0 0.635 -0.445 0 2
0 0.635 -0.435 0 2
0 0.635 -0.425 0 2
0 0.635 -0.415 0 2
0 0.635 -0.405 0 2
0 0.635 -0.395 0.0004619330967 2
0 0.635 -0.385 0.0008633610615 2
0 0.635 -0.375 0.001320696763 2
0 0.635 -0.365 0.001796060242 2
0 0.635 -0.355 0.002291587514 2
0 0.635 -0.345 0.002800137161 2
0 0.635 -0.335 0.003317950503 2
0 0.635 -0.325 0.003841019452 2
0 0.635 -0.315 0.00436591315 2
0 0.635 -0.305 0.004889496207 2
0 0.635 -0.295 0.00540906327 2
0 0.635 -0.285 0.005922605087 2
0 0.635 -0.275 0.006428922457 2
0 0.635 -0.265 0.006927585078 2
0 0.635 -0.255 0.00741866831 2
0 0.635 -0.245 0.007902456387 2
0 0.635 -0.235 0.008379239897 2
0 0.635 -0.225 0.008849007985 2
0 0.635 -0.215 0.009311398013 2
0 0.635 -0.205 0.009765644496 2
0 0.635 -0.195 0.01021062335 2
0 0.635 -0.185 0.01064480422 2
0 0.635 -0.175 0.01106640045 2
0 0.635 -0.165 0.01147335482 2
0 0.635 -0.155 0.01186374301 2
0 0.635 -0.145 0.01223570869 2
0 0.635 -0.135 0.01258755075 2
0 0.635 -0.125 0.01291783082 2
0 0.635 -0.115 0.01322567559 2
0 0.635 -0.105 0.01351087769 2
0 0.635 -0.095 0.01377384687 2
0 0.635 -0.085 0.01401482929 2
0 0.635 -0.075 0.01423358636 2
0 0.635 -0.065 0.01442936578 2
0 0.635 -0.055 0.01460111278 2
0 0.635 -0.045 0.01474768689 2
0 0.635 -0.035 0.01486799764 2
0 0.635 -0.025 0.01496103257 2
0 0.635 -0.015 0.01502579188 2
0 0.635 -0.005 0.01506114633 2
0 0.635 0.005 0.01506563437 2
0 0.635 0.015 0.01503720215 2
0 0.635 0.025 0.01497299558 2
0 0.635 0.035 0.01486925108 2
0 0.635 0.045 0.01472143927 2
0 0.635 0.055 0.0145252115 2
0 0.635 0.065 0.01427769562 2
0 0.635 0.075 0.01397733727 2
0 0.635 0.085 0.0136315957 2
0 0.635 0.095 0.013264012 2
0 0.635 0.105 0.01291512328 2
0 0.635 0.115 0.01265101717 2
0 0.635 0.125 0.01239034643 1
0 0.635 0.135 0.01217969758 1
0 0.635 0.145 0.01198521705 1
0 0.635 0.155 0.01183336169 2
0 0.635 0.165 0.01168023477 2
0 0.635 0.175 0.01143019478 2
0 0.635 0.185 0.01110872313 2
0 0.635 0.195 0.01073489115 2
0 0.635 0.205 0.01032359035 2
0 0.635 0.215 0.009883334207 2
0 0.635 0.225 0.009419294762 2
0 0.635 0.235 0.008935168018 2
0 0.635 0.245 0.008433669008 2
0 0.635 0.255 0.007917037228 2
0 0.635 0.265 0.007387264399 2
0 0.635 0.275 0.006846281875 2
0 0.635 0.285 0.006296082736 2
0 0.635 0.295 0.005738810406 2
0 0.635 0.305 0.005176815473 2
0 0.635 0.315 0.004612701635 2
0 0.635 0.325 0.00404935811 2
0 0.635 0.335 0.003490035431 2
0 0.635 0.345 0.002938320601 2
0 0.635 0.355 0.002398511005 2
0 0.635 0.365 0.001874692068 2
0 0.635 0.375 0.001374459767 2
0 0.635 0.385 0.0008957158063 2
0 0.635 0.395 0.0004776011433 2
0 0.635 0.405 0 2
0 0.635 0.415 0 2
0 0.635 0.425 0 2
0 0.635 0.435 0 2
0 0.635 0.445 0 2
0 0.635 0.455 0 2
0 0.635 0.465 0 2
0 0.645 -0.455 0 2
0 0.645 -0.445 0 2
0 0.645 -0.435 0 2
0 0.645 -0.425 0 2
0 0.645 -0.415 0 2
0 0.645 -0.405 0 2
0 0.645 -0.395 0.0004669118055 2
0 0.645 -0.385 0.0008658882836 2
0 0.645 -0.375 0.001315634947 2
0 0.645 -0.365 0.001778709918 2
0 0.645 -0.355 0.002257684697 2
0 0.645 -0.345 0.002746023649 2
0 0.645 -0.335 0.00324052315 2
0 0.645 -0.325 0.00373780025 2
0 0.645 -0.315 0.004235096439 2
0 0.645 -0.305 0.004729966627 2
0 0.645 -0.295 0.005220362747 2
0 0.645 -0.285 0.005704706813 2
0 0.645 -0.275 0.006181936972 2
0 0.645 -0.265 0.006651476542 2
0 0.645 -0.255 0.007113113736 2
0 0.645 -0.245 0.007566855551 2
0 0.645 -0.235 0.008012807556 2
0 0.645 -0.225 0.00845102994 2
0 0.645 -0.215 0.008881469991 2
0 0.645 -0.205 0.009303886031 2
0 0.645 -0.195 0.009717788727 2
0 0.645 -0.185 0.01012234874 2
0 0.645 -0.175 0.01051638873 2
0 0.645 -0.165 0.01089837677 2
0 0.645 -0.155 0.01126659453 2
0 0.645 -0.145 0.01161921757 2
0 0.645 -0.135 0.01195446709 2
0 0.645 -0.125 0.01227076944 2
0 0.645 -0.115 0.012566948 2
0 0.645 -0.105 0.01284228402 2
0 0.645 -0.095 0.01309644437 2
0 0.645 -0.085 0.01332914183 2
0 0.645 -0.075 0.01353993176 2
0 0.645 -0.065 0.01372814891 2
0 0.645 -0.055 0.01389297606 2
0 0.645 -0.045 0.01403353985 2
0 0.645 -0.035 0.01414897526 2
0 0.645 -0.025 0.01423842537 2
0 0.645 -0.015 0.01430096962 2
0 0.645 -0.005 0.01433548217 2
0 0.645 0.005 0.01434042944 2
0 0.645 0.015 0.01431360019 2
0 0.645 0.025 0.01425188464 2
0 0.645 0.035 0.01415090949 2
0 0.645 0.045 0.01400545546 2
0 0.645 0.055 0.01380983935 2
0 0.645 0.065 0.01355483842 2
0 0.645 0.075 0.01324021665 2
0 0.645 0.085 0.01287607381 2
0 0.645 0.095 0.01253060474 2
0 0.645 0.105 0.01224376007 1
0 0.645 0.115 0.01204106121 1
0 0.645 0.125 0.01187918893 1
0 0.645 0.135 0.01169852904 1
0 0.645 0.145 0.01151582764 1
0 0.645 0.155 0.01132062235 1
0 0.645 0.165 0.01118939831 2
0 0.645 0.175 0.01094649804 2
0 0.645 0.185 0.0106349959 2
0 0.645 0.195 0.01027554607 2
0 0.645 0.205 0.009882211985 2
0 0.645 0.215 0.009463146312 2
0 0.645 0.225 0.009022839007 2
0 0.645 0.235 0.008564429177 2
0 0.645 0.245 0.008090169907 2
0 0.645 0.255 0.007601926832 2
0 0.645 0.265 0.007101377336 2
0 0.645 0.275 0.006590161479 2
0 0.645 0.285 0.006069975336 2
0 0.645 0.295 0.005542638519 2
0 0.645 0.305 0.005010141549 2
0 0.645 0.315 0.004474688754 2
0 0.645 0.325 0.003938732466 2
0 0.645 0.335 0.003405049119 2
0 0.645 0.345 0.00287672348 2
0 0.645 0.355 0.002357510942 2
0 0.645 0.365 0.001850969354 2
0 0.645 0.375 0.001364074223 2
0 0.645 0.385 0.0008942956893 2
0 0.645 0.395 0.0004801823099 2
0 0.645 0.405 0 2
0 0.645 0.415 0 2
0 0.645 0.425 0 2
0 0.645 0.435 0 2
0 0.645 0.445 0 2
0 0.645 0.455 0 2
0 0.645 0.465 0 2
0 0.655 -0.455 0 2
0 0.655 -0.445 0 2
0 0.655 -0.435 0 2
0 0.655 -0.425 0 2
0 0.655 -0.415 0 2
0 0.655 -0.405 0 2
0 0.655 -0.395 0.0004721014545 2
0 0.655 -0.385 0.0008681281637 2
0 0.655 -0.375 0.001309278869 2
0 0.655 -0.365 0.00175866536 2
0 0.655 -0.355 0.0022193906 2
0 0.655 -0.345 0.002685647757 2
0 0.655 -0.335 0.003154896071 2
0 0.655 -0.325 0.00362447224 2
0 0.655 -0.315 0.004092330245 2
0 0.655 -0.305 0.004556699389 2
0 0.655 -0.295 0.005016099196 2
0 0.655 -0.285 0.005469313537 2
0 0.655 -0.275 0.005915397029 2
0 0.655 -0.265 0.006353667166 2
0 0.655 -0.255 0.006783683177 2
0 0.655 -0.245 0.007205224429 2
0 0.655 -0.235 0.007618278685 2
0 0.655 -0.225 0.008023010875 2
0 0.655 -0.215 0.008419721148 2
0 0.655 -0.205 0.00880874504 2
0 0.655 -0.195 0.009190302306 2
0 0.655 -0.185 0.009564298187 2
0 0.655 -0.175 0.009930173655 2
0 0.655 -0.165 0.010286828 2
0 0.655 -0.155 0.01063269389 2
0 0.655 -0.145 0.01096588612 2
0 0.655 -0.135 0.01128442158 2
0 0.655 -0.125 0.0115864389 2
0 0.655 -0.115 0.01187038013 2
0 0.655 -0.105 0.01213506173 2
0 0.655 -0.095 0.01237963554 2
0 0.655 -0.085 0.01260342764 2
0 0.655 -0.075 0.01280580974 2
0 0.655 -0.065 0.01298613321 2
0 0.655 -0.055 0.0131437307 2
0 0.655 -0.045 0.01327794003 2
0 0.655 -0.035 0.01338811445 2
0 0.655 -0.025 0.01347359252 2
0 0.655 -0.015 0.01353361494 2
0 0.655 -0.005 0.01356718319 2
0 0.655 0.005 0.01357285236 2
0 0.655 0.015 0.01354844676 2
0 0.655 0.025 0.01349074495 2
0 0.655 0.035 0.01339480289 2
0 0.655 0.045 0.01325443995 2
0 0.655 0.055 0.01306137813 2
0 0.655 0.065 0.01280624633 2
0 0.655 0.075 0.01248804546 2
0 0.655 0.085 0.0121186994 2
0 0.655 0.095 0.01183585761 1
0 0.655 0.105 0.01167689581 1
0 0.655 0.115 0.01152390586 1
0 0.655 0.125 0.01138964752 1
0 0.655 0.135 0.01123386169 1
0 0.655 0.145 0.01106253278 1
0 0.655 0.155 0.01087022656 1
0 0.655 0.165 0.01069463106 2
0 0.655 0.175 0.01043981037 2
0 0.655 0.185 0.01013054401 2
0 0.655 0.195 0.009783255395 2
0 0.655 0.205 0.009408281692 2
0 0.655 0.215 0.009011736465 2
0 0.655 0.225 0.008596906299 2
0 0.655 0.235 0.008166107075 2
0 0.655 0.245 0.007721044911 2
0 0.655 0.255 0.007263172293 2
0 0.655 0.265 0.006793836195 2
0 0.655 0.275 0.006314378231 2
0 0.655 0.285 0.005826196589 2
0 0.655 0.295 0.005330790419 2
0 0.655 0.305 0.004829793471 2
0 0.655 0.315 0.004325008787 2
0 0.655 0.325 0.003818439763 2
0 0.655 0.335 0.003312362896 2
0 0.655 0.345 0.002809319928 2
0 0.655 0.355 0.002312466745 2
0 0.655 0.365 0.001824765871 2
0 0.655 0.375 0.00135248479 2
0 0.655 0.385 0.0008925889028 2
0 0.655 0.395 0.0004829353621 2
0 0.655 0.405 0 2
0 0.655 0.415 0 2
0 0.655 0.425 0 2
0 0.655 0.435 0 2
0 0.655 0.445 0 2
0 0.655 0.455 0 2
0 0.655 0.465 0 2
0 0.665 -0.455 0 2
0 0.665 -0.445 0 2
0 0.665 -0.435 0 2
0 0.665 -0.425 0 2
0 0.665 -0.415 0 2
0 0.665 -0.405 0 2
0 0.665 -0.395 0.0004774667689 2
0 0.665 -0.385 0.0008699867764 2
0 0.665 -0.375 0.001301462487 2
0 0.665 -0.365 0.001735689217 2
0 0.665 -0.355 0.002176397168 2
0 0.665 -0.345 0.002618626299 2
0 0.665 -0.335 0.003060598138 2
0 0.665 -0.325 0.003500459166 2
0 0.665 -0.315 0.003936935283 2
0 0.665 -0.305 0.004368954541 2
0 0.665 -0.295 0.004795586681 2
0 0.665 -0.285 0.005215948509 2
0 0.665 -0.275 0.005629184426 2
0 0.665 -0.265 0.006034488894 2
0 0.665 -0.255 0.00643117459 2
0 0.665 -0.245 0.006818772181 2
0 0.665 -0.235 0.007197144463 2
0 0.665 -0.225 0.007566569404 2
0 0.665 -0.215 0.007927753494 2
0 0.665 -0.205 0.008281713391 2
0 0.665 -0.195 0.008629520119 2
0 0.665 -0.185 0.008971930132 2
0 0.665 -0.175 0.009309059103 2
0 0.665 -0.165 0.009640188793 2
0 0.665 -0.155 0.009963793269 2
0 0.665 -0.145 0.01027777059 2
0 0.665 -0.135 0.01057977125 2
0 0.665 -0.125 0.01086751248 2
0 0.665 -0.115 0.01113899707 2
0 0.665 -0.105 0.01139260767 2
0 0.665 -0.095 0.01162709519 2
0 0.665 -0.085 0.01184149113 2
0 0.665 -0.075 0.0120350185 2
0 0.665 -0.065 0.01220702835 2
0 0.665 -0.055 0.01235696856 2
0 0.665 -0.045 0.01248436434 2
0 0.665 -0.035 0.01258879015 2
0 0.665 -0.025 0.01266981526 2
0 0.665 -0.015 0.01272691061 2
0 0.665 -0.005 0.0127593111 2
0 0.665 0.005 0.01276580736 2
0 0.665 0.015 0.012744467 2
0 0.665 0.025 0.01269217784 2
0 0.665 0.035 0.01260393288 2
0 0.665 0.045 0.0124724264 2
0 0.665 0.055 0.0122817125 2
0 0.665 0.065 0.01202400521 2
0 0.665 0.075 0.01170552306 2
0 0.665 0.085 0.01138806443 1
0 0.665 0.095 0.01124562362 1
0 0.665 0.105 0.01113364472 1
0 0.665 0.115 0.01101046841 1
0 0.665 0.125 0.0108815488 1
0 0.665 0.135 0.01073856183 1
0 0.665 0.145 0.01058393196 1
0 0.665 0.155 0.01040716614 1
0 0.665 0.165 0.01019224354 2
0 0.665 0.175 0.009913619719 2
0 0.665 0.185 0.009596940714 2
0 0.665 0.195 0.009259982418 2
0 0.665 0.205 0.00890374836 2
0 0.665 0.215 0.00853093082 2
0 0.665 0.225 0.008143131177 2
0 0.665 0.235 0.007741605726 2
0 0.665 0.245 0.00732744422 2
0 0.665 0.255 0.006901662846 2
0 0.665 0.265 0.006465275531 2
0 0.665 0.275 0.006019329808 2
0 0.665 0.285 0.005564933546 2
0 0.665 0.295 0.005103273858 2
0 0.665 0.305 0.004635633896 2
0 0.665 0.315 0.004163415357 2
0 0.665 0.325 0.003688162251 2
0 0.665 0.335 0.003211626257 2
0 0.665 0.345 0.002735764657 2
0 0.665 0.355 0.00226307253 2
0 0.665 0.365 0.001795841846 2
0 0.665 0.375 0.001339531713 2
0 0.665 0.385 0.0008905154639 2
0 0.665 0.395 0.000485838835 2
0 0.665 0.405 0 2
0 0.665 0.415 0 2
0 0.665 0.425 0 2
0 0.665 0.435 0 2
0 0.665 0.445 0 2
0 0.665 0.455 0 2
0 0.665 0.465 0 2
0 0.675 -0.455 0 2
0 0.675 -0.445 0 2
0 0.675 -0.435 0 2
0 0.675 -0.425 0 2
0 0.675 -0.415 0 2
0 0.675 -0.405 0 2
0 0.675 -0.395 0.0004829254887 2
0 0.675 -0.385 0.0008712823015 2
0 0.675 -0.375 0.001291889082 2
0 0.675 -0.365 0.001709374275 2
0 0.675 -0.355 0.002128189251 2
0 0.675 -0.345 0.002544335338 2
0 0.675 -0.335 0.002956893646 2
0 0.675 -0.325 0.003364920146 2
0 0.675 -0.315 0.003768001437 2
0 0.675 -0.305 0.004165831767 2
0 0.675 -0.295 0.004558062205 2
0 0.675 -0.285 0.004944135972 2
0 0.675 -0.275 0.005323246649 2
0 0.675 -0.265 0.005694396365 2
0 0.675 -0.255 0.006056559901 2
0 0.675 -0.245 0.006408918246 2
0 0.675 -0.235 0.00675112689 2
0 0.675 -0.225 0.007083544457 2
0 0.675 -0.215 0.007407345089 2
0 0.675 -0.205 0.007724395355 2
0 0.675 -0.195 0.008036869076 2
0 0.675 -0.185 0.00834660027 2
0 0.675 -0.175 0.008654503653 2
0 0.675 -0.165 0.008960207083 2
0 0.675 -0.155 0.009262042127 2
0 0.675 -0.145 0.009557443903 2
0 0.675 -0.135 0.009843473978 2
0 0.675 -0.125 0.01011728664 2
0 0.675 -0.115 0.0103763993 2
0 0.675 -0.105 0.01061879164 2
0 0.675 -0.095 0.01084289095 2
0 0.675 -0.085 0.0110475039 2
0 0.675 -0.075 0.01123174429 2
0 0.675 -0.065 0.01139497221 2
0 0.675 -0.055 0.01153674667 2
0 0.675 -0.045 0.01165677952 2
0 0.675 -0.035 0.01175488031 2
0 0.675 -0.025 0.01183088251 2
0 0.675 -0.015 0.01188454302 2
0 0.675 -0.005 0.01191541279 2
0 0.675 0.005 0.01192264149 2
0 0.675 0.015 0.01190474033 2
0 0.675 0.025 0.01185902757 2
0 0.675 0.035 0.01178107629 2
0 0.675 0.045 0.01166293114 2
0 0.675 0.055 0.01148774188 2
0 0.675 0.065 0.01124418955 2
0 0.675 0.075 0.01093909768 2
0 0.675 0.085 0.01076248781 1
0 0.675 0.095 0.01066601514 1
0 0.675 0.105 0.01057123807 1
0 0.675 0.115 0.01046647126 1
0 0.675 0.125 0.0103515791 1
0 0.675 0.135 0.01022837415 1
0 0.675 0.145 0.01009249049 1
0 0.675 0.155 0.009930059502 1
0 0.675 0.165 0.009666041242 2
0 0.675 0.175 0.009358435052 2
0 0.675 0.185 0.009034587498 2
0 0.675 0.195 0.008707966275 2
0 0.675 0.205 0.008371269853 2
0 0.675 0.215 0.008023285848 2
0 0.675 0.225 0.007663749403 2
0 0.675 0.235 0.007292792671 2
0 0.675 0.245 0.00691086193 2
0 0.675 0.255 0.006518534198 2
0 0.675 0.265 0.006116495918 2
0 0.675 0.275 0.005705510653 2
0 0.675 0.285 0.005286407936 2
0 0.675 0.295 0.004860075007 2
0 0.675 0.305 0.0044274541 2
0 0.675 0.315 0.003989549167 2
0 0.675 0.325 0.00354743807 2
0 0.675 0.335 0.003102325676 2
0 0.675 0.345 0.002655544078 2
0 0.675 0.355 0.002208862793 2
0 0.675 0.365 0.00176381954 2
0 0.675 0.375 0.001324948725 2
0 0.675 0.385 0.0008879262456 2
0 0.675 0.395 0.0004888367778 2
0 0.675 0.405 0 2
0 0.675 0.415 0 2
0 0.675 0.425 0 2
0 0.675 0.435 0 2
0 0.675 0.445 0 2
0 0.675 0.455 0 2
0 0.675 0.465 0 2
0 0.685 -0.455 0 2
0 0.685 -0.445 0 2
0 0.685 -0.435 0 2
0 0.685 -0.425 0 2
0 0.685 -0.415 0 2
0 0.685 -0.405 0 2
0 0.685 -0.395 0.0004883242745 2
0 0.685 -0.385 0.000871708683 2
0 0.685 -0.375 0.001280089783 2
0 0.685 -0.365 0.00167910647 2
0 0.685 -0.355 0.002074019704 2
0 0.685 -0.345 0.002461898523 2
0 0.685 -0.335 0.002842774954 2
0 0.685 -0.325 0.003216727053 2
0 0.685 -0.315 0.003584329797 2
0 0.685 -0.305 0.003946164395 2
0 0.685 -0.295 0.004302543616 2
0 0.685 -0.285 0.004653248345 2
0 0.685 -0.275 0.004997461293 2
0 0.685 -0.265 0.005333866965 2
0 0.685 -0.255 0.005660932306 2
0 0.685 -0.245 0.00597729636 2
0 0.685 -0.235 0.006282233232 2
0 0.685 -0.225 0.006576080932 2
0 0.685 -0.215 0.006860532515 2
0 0.685 -0.205 0.007138549454 2
0 0.685 -0.195 0.007413831631 2
0 0.685 -0.185 0.007689674945 2
0 0.685 -0.175 0.007968017508 2
0 0.685 -0.165 0.008248796992 2
0 0.685 -0.155 0.008529889052 2
0 0.685 -0.145 0.008807881011 2
0 0.685 -0.135 0.009078939736 2
0 0.685 -0.125 0.009339510199 2
0 0.685 -0.115 0.009586606538 2
0 0.685 -0.105 0.009817856163 2
0 0.685 -0.095 0.01003143398 2
0 0.685 -0.085 0.0102259804 2
0 0.685 -0.075 0.01040053857 2
0 0.685 -0.065 0.01055449964 2
0 0.685 -0.055 0.01068754999 2
0 0.685 -0.045 0.01079960698 2
0 0.685 -0.035 0.01089074218 2
0 0.685 -0.025 0.01096108945 2
0 0.685 -0.015 0.01101073772 2
0 0.685 -0.005 0.01103961244 2
0 0.685 0.005 0.01104731267 2
0 0.685 0.015 0.01103294769 2
0 0.685 0.025 0.01099462298 2
0 0.685 0.035 0.01092906369 2
0 0.685 0.045 0.01082937992 2
0 0.685 0.055 0.01068083835 2
0 0.685 0.065 0.01047912287 2
0 0.685 0.075 0.01021411031 1
0 0.685 0.085 0.01014218665 1
0 0.685 0.095 0.01006990747 1
0 0.685 0.105 0.009992170946 1
0 0.685 0.115 0.009903916992 1
0 0.685 0.125 0.009804565271 1
0 0.685 0.135 0.009695785591 1
0 0.685 0.145 0.009571433339 1
0 0.685 0.155 0.009422702581 1
0 0.685 0.165 0.009096912787 2
0 0.685 0.175 0.008767011168 2
0 0.685 0.185 0.008443545138 2
0 0.685 0.195 0.008129734233 2
0 0.685 0.205 0.007813896696 2
0 0.685 0.215 0.00749173921 2
0 0.685 0.225 0.007161327781 2
0 0.685 0.235 0.00682180338 2
0 0.685 0.245 0.00647299738 2
0 0.685 0.255 0.006115068689 2
0 0.685 0.265 0.005748389588 2
0 0.685 0.275 0.005373453876 2
0 0.685 0.285 0.004990828072 2
0 0.685 0.295 0.004601115629 2
0 0.685 0.305 0.004204932563 2
0 0.685 0.315 0.003802894863 2
0 0.685 0.325 0.00339561437 2
0 0.685 0.335 0.00298373349 2
0 0.685 0.345 0.002567922299 2
0 0.685 0.355 0.002149158628 2
0 0.685 0.365 0.001728134028 2
0 0.685 0.375 0.001308322778 2
0 0.685 0.385 0.0008845753474 2
0 0.685 0.395 0.0004918241502 2
0 0.685 0.405 0 2
0 0.685 0.415 0 2
0 0.685 0.425 0 2
0 0.685 0.435 0 2
0 0.685 0.445 0 2
0 0.685 0.455 0 2
0 0.685 0.465 0 2
0 0.695 -0.455 0 2
0 0.695 -0.445 0 2
0 0.695 -0.435 0 2
0 0.695 -0.425 0 2
0 0.695 -0.415 0 2
0 0.695 -0.405 0 2
0 0.695 -0.395 0.000493407051 2
0 0.695 -0.385 0.0008707876324 2
0 0.695 -0.375 0.001265368996 2
0 0.695 -0.365 0.00164401709 2
0 0.695 -0.355 0.002012878181 2
0 0.695 -0.345 0.002370174027 2
0 0.695 -0.335 0.002716958683 2
0 0.695 -0.325 0.003054454164 2
0 0.695 -0.315 0.003384404384 2
0 0.695 -0.305 0.003708471625 2
0 0.695 -0.295 0.004027774559 2
0 0.695 -0.285 0.004342457306 2
0 0.695 -0.275 0.004651603375 2
0 0.695 -0.265 0.004953387622 2
0 0.695 -0.255 0.005245513961 2
0 0.695 -0.245 0.005525780713 2
0 0.695 -0.235 0.00579278391 2
0 0.695 -0.225 0.006046619998 2
0 0.695 -0.215 0.006289504795 2
0 0.695 -0.205 0.006525833206 2
0 0.695 -0.195 0.006761571963 2
0 0.695 -0.185 0.007002111485 2
0 0.695 -0.175 0.007250802593 2
0 0.695 -0.165 0.00750785237 2
0 0.695 -0.155 0.007770080518 2
0 0.695 -0.145 0.008032576214 2
0 0.695 -0.135 0.008290172038 2
0 0.695 -0.125 0.008538491468 2
0 0.695 -0.115 0.008774120498 2
0 0.695 -0.105 0.008994453097 2
0 0.695 -0.095 0.009197501139 2
0 0.695 -0.085 0.009381785625 2
0 0.695 -0.075 0.00954630732 2
0 0.695 -0.065 0.009690513678 2
0 0.695 -0.055 0.009814249572 2
0 0.695 -0.045 0.009917674984 2
0 0.695 -0.035 0.01000116649 2
0 0.695 -0.025 0.01006520348 2
0 0.695 -0.015 0.01011025113 2
0 0.695 -0.005 0.01013664891 2
0 0.695 0.005 0.01014449751 2
0 0.695 0.015 0.01013358822 2
0 0.695 0.025 0.01010311646 2
0 0.695 0.035 0.01005155309 2
0 0.695 0.045 0.009975374823 2
0 0.695 0.055 0.009863112071 2
0 0.695 0.065 0.009721422241 2
0 0.695 0.075 0.009557528624 1
0 0.695 0.085 0.009502744837 1
0 0.695 0.095 0.009453394456 1
0 0.695 0.105 0.009396005164 1
0 0.695 0.115 0.009325672831 1
0 0.695 0.125 0.009243885177 1
0 0.695 0.135 0.00915165075 1
0 0.695 0.145 0.0090350173 1
0 0.695 0.155 0.008830879964 2
0 0.695 0.165 0.008479618907 2
0 0.695 0.175 0.008140749961 2
0 0.695 0.185 0.007825058359 2
0 0.695 0.195 0.007528182989 2
0 0.695 0.205 0.007234787943 2
0 0.695 0.215 0.006939271495 2
0 0.695 0.225 0.006638488602 2
0 0.695 0.235 0.006330835449 2
0 0.695 0.245 0.006015607506 2
0 0.695 0.255 0.005692589875 2
0 0.695 0.265 0.005361864142 2
0 0.695 0.275 0.005023674143 2
0 0.695 0.285 0.004678343412 2
0 0.695 0.295 0.004326213329 2
0 0.695 0.305 0.003967595851 2
0 0.695 0.315 0.003602738368 2
0 0.695 0.325 0.003231798172 2
0 0.695 0.335 0.002854851189 2
0 0.695 0.345 0.002471878151 2
0 0.695 0.355 0.002083002312 2
0 0.695 0.365 0.00168797129 2
0 0.695 0.375 0.001289042218 2
0 0.695 0.385 0.0008800841968 2
0 0.695 0.395 0.0004946279698 2
0 0.695 0.405 0 2
0 0.695 0.415 0 2
0 0.695 0.425 0 2
0 0.695 0.435 0 2
0 0.695 0.445 0 2
0 0.695 0.455 0 2
0 0.695 0.465 0 2
0 0.705 -0.455 0 2
0 0.705 -0.445 0 2
0 0.705 -0.435 0 2
0 0.705 -0.425 0 2
0 0.705 -0.415 0 2
0 0.705 -0.405 0 2
0 0.705 -0.395 0.0004977695316 2
0 0.705 -0.385 0.0008677977142 2
0 0.705 -0.375 0.001246721226 2
0 0.705 -0.365 0.001602908839 2
0 0.705 -0.355 0.001943446226 2
0 0.705 -0.345 0.002267746264 2
0 0.705 -0.335 0.002577901839 2
0 0.705 -0.325 0.002876392446 2
0 0.705 -0.315 0.003166387314 2
0 0.705 -0.305 0.003450933792 2
0 0.705 -0.295 0.003732196421 2
0 0.705 -0.285 0.004010709546 2
0 0.705 -0.275 0.004285324874 2
0 0.705 -0.265 0.004553429302 2
0 0.705 -0.255 0.004811627493 2
0 0.705 -0.245 0.005056489455 2
0 0.705 -0.235 0.005285525938 2
0 0.705 -0.225 0.005498217966 2
0 0.705 -0.215 0.005697175483 2
0 0.705 -0.205 0.005888594867 2
0 0.705 -0.195 0.006081960195 2
0 0.705 -0.185 0.006285610589 2
0 0.705 -0.175 0.006504885746 2
0 0.705 -0.165 0.006740280349 2
0 0.705 -0.155 0.006986445146 2
0 0.705 -0.145 0.007235985646 2
0 0.705 -0.135 0.00748189305 2
0 0.705 -0.125 0.007719030091 2
0 0.705 -0.115 0.007943798861 2
0 0.705 -0.105 0.008153532436 2
0 0.705 -0.095 0.008346156744 2
0 0.705 -0.085 0.00852007794 2
0 0.705 -0.075 0.008674259296 2
0 0.705 -0.065 0.008808226586 2
0 0.705 -0.055 0.008922030829 2
0 0.705 -0.045 0.009016133544 2
0 0.705 -0.035 0.009091281102 2
0 0.705 -0.025 0.009148361051 2
0 0.705 -0.015 0.009188269039 2
0 0.705 -0.005 0.009211790108 2
0 0.705 0.005 0.009219540475 2
0 0.705 0.015 0.009211993488 2
0 0.705 0.025 0.009189575306 2
0 0.705 0.035 0.009152827352 2
0 0.705 0.045 0.009102884931 2
0 0.705 0.055 0.00903786395 2
0 0.705 0.065 0.008968597611 2
0 0.705 0.075 0.008900650161 1
0 0.705 0.085 0.008863665376 1
0 0.705 0.095 0.008829184314 1
0 0.705 0.105 0.008785294159 1
0 0.705 0.115 0.008735297602 1
0 0.705 0.125 0.008668640473 1
0 0.705 0.135 0.008591438358 1
0 0.705 0.145 0.008459236559 1
0 0.705 0.155 0.008150228737 2
0 0.705 0.165 0.007804976534 2
0 0.705 0.175 0.007479764867 2
0 0.705 0.185 0.00718212692 2
0 0.705 0.195 0.006906120402 2
0 0.705 0.205 0.006636801892 2
0 0.705 0.215 0.006368596804 2
0 0.705 0.225 0.006097670377 2
0 0.705 0.235 0.005821966528 2
0 0.705 0.245 0.005540371714 2
0 0.705 0.255 0.005252363342 2
0 0.705 0.265 0.004957769548 2
0 0.705 0.275 0.004656612663 2
0 0.705 0.285 0.0043490006 2
0 0.705 0.295 0.004035042469 2
0 0.705 0.305 0.00371477868 2
0 0.705 0.315 0.003388120917 2
0 0.705 0.325 0.003054800235 2
0 0.705 0.335 0.002714340952 2
0 0.705 0.345 0.002366025255 2
0 0.705 0.355 0.00200907055 2
0 0.705 0.365 0.001642183029 2
0 0.705 0.375 0.001266223238 2
0 0.705 0.385 0.0008738893992 2
0 0.705 0.395 0.0004969794042 2
0 0.705 0.405 0 2
0 0.705 0.415 0 2
0 0.705 0.425 0 2
0 0.705 0.435 0 2
0 0.705 0.445 0 2
0 0.705 0.455 0 2
0 0.705 0.465 0 2
0 0.715 -0.455 0 2
0 0.715 -0.445 0 2
0 0.715 -0.435 0 2
0 0.715 -0.425 0 2
0 0.715 -0.415 0 2
0 0.715 -0.405 0 2
0 0.715 -0.395 0.0005008046023 2
0 0.715 -0.385 0.0008616837929 2
0 0.715 -0.375 0.001222719951 2
0 0.715 -0.365 0.001554153164 2
0 0.715 -0.355 0.001864028532 2
0 0.715 -0.345 0.002152893455 2
0 0.715 -0.335 0.002423771912 2
0 0.715 -0.325 0.00268046667 2
0 0.715 -0.315 0.002927964495 2
0 0.715 -0.305 0.00317119435 2
0 0.715 -0.295 0.003413782596 2
0 0.715 -0.285 0.003656632446 2
0 0.715 -0.275 0.00389813956 2
0 0.715 -0.265 0.004134461477 2
0 0.715 -0.255 0.004360684697 2
0 0.715 -0.245 0.004571728193 2
0 0.715 -0.235 0.004763479034 2
0 0.715 -0.225 0.004934055851 2
0 0.715 -0.215 0.005085878972 2
0 0.715 -0.205 0.005227139054 2
0 0.715 -0.195 0.005373691475 2
0 0.715 -0.185 0.005538147255 2
0 0.715 -0.175 0.005729003676 2
0 0.715 -0.165 0.005947355703 2
0 0.715 -0.155 0.006182764007 2
0 0.715 -0.145 0.006423408422 2
0 0.715 -0.135 0.006659740519 2
0 0.715 -0.125 0.006886545735 2
0 0.715 -0.115 0.007100872165 2
0 0.715 -0.105 0.007300347631 2
0 0.715 -0.095 0.007482777492 2
0 0.715 -0.085 0.007646334141 2
0 0.715 -0.075 0.007789912638 2
0 0.715 -0.065 0.007913142896 2
0 0.715 -0.055 0.008016355977 2
0 0.715 -0.045 0.008100398233 2
0 0.715 -0.035 0.008166474659 2
0 0.715 -0.025 0.008215967308 2
0 0.715 -0.015 0.008250280783 2
0 0.715 -0.005 0.008270683361 2
0 0.715 0.005 0.008278287925 2
0 0.715 0.015 0.008274152136 2
0 0.715 0.025 0.008259773713 2
0 0.715 0.035 0.008237526313 2
0 0.715 0.045 0.008212920747 2
0 0.715 0.055 0.008196392362 2
0 0.715 0.065 0.008199214082 2
0 0.715 0.075 0.008227501887 1
0 0.715 0.085 0.008205911206 1
0 0.715 0.095 0.008188856254 1
0 0.715 0.105 0.00816752682 1
0 0.715 0.115 0.008148119767 1
0 0.715 0.125 0.008078926588 1
0 0.715 0.135 0.007983146992 1
0 0.715 0.145 0.007749480965 2
0 0.715 0.155 0.007405746077 2
0 0.715 0.165 0.00708185953 2
0 0.715 0.175 0.006785577451 2
0 0.715 0.185 0.006517912464 2
0 0.715 0.195 0.006266013292 2
0 0.715 0.205 0.006022443908 2
0 0.715 0.215 0.005782087308 2
0 0.715 0.225 0.005541049381 2
0 0.715 0.235 0.005297090418 2
0 0.715 0.245 0.005048845465 2
0 0.715 0.255 0.00479556769 2
0 0.715 0.265 0.004536883837 2
0 0.715 0.275 0.004272633822 2
0 0.715 0.285 0.004002746584 2
0 0.715 0.295 0.003727138672 2
0 0.715 0.305 0.003445624036 2
0 0.715 0.315 0.003157828519 2
0 0.715 0.325 0.002863107785 2
0 0.715 0.335 0.002560477071 2
0 0.715 0.345 0.002248541107 2
0 0.715 0.355 0.001925585556 2
0 0.715 0.365 0.001589190581 2
0 0.715 0.375 0.001238621712 2
0 0.715 0.385 0.0008651787753 2
0 0.715 0.395 0.0004984802037 2
0 0.715 0.405 0 2
0 0.715 0.415 0 2
0 0.715 0.425 0 2
0 0.715 0.435 0 2
0 0.715 0.445 0 2
0 0.715 0.455 0 2
0 0.715 0.465 0 2
0 0.725 -0.455 0 2
0 0.725 -0.445 0 2
0 0.725 -0.435 0 2
0 0.725 -0.425 0 2
0 0.725 -0.415 0 2
0 0.725 -0.405 0 2
0 0.725 -0.395 0.0005016192805 2
0 0.725 -0.385 0.000850909218 2
0 0.725 -0.375 0.00119131606 2
0 0.725 -0.365 0.001495477235 2
0 0.725 -0.355 0.001772398085 2
0 0.725 -0.345 0.002023570335 2
0 0.725 -0.335 0.002252596699 2
0 0.725 -0.325 0.002464513092 2
0 0.725 -0.315 0.002666725575 2
0 0.725 -0.305 0.002866808195 2
0 0.725 -0.295 0.003070540434 2
0 0.725 -0.285 0.003278960952 2
0 0.725 -0.275 0.003489688502 2
0 0.725 -0.265 0.003697004949 2
0 0.725 -0.255 0.003894065817 2
0 0.725 -0.245 0.004073673303 2
0 0.725 -0.235 0.004229614297 2
0 0.725 -0.225 0.004358190539 2
0 0.725 -0.215 0.004460837424 2
0 0.725 -0.205 0.004547673258 2
0 0.725 -0.195 0.004645287696 2
0 0.725 -0.185 0.004769541576 2
0 0.725 -0.175 0.00493250142 2
0 0.725 -0.165 0.005138195342 2
0 0.725 -0.155 0.005367244578 2
0 0.725 -0.145 0.005601648847 2
0 0.725 -0.135 0.00582931072 2
0 0.725 -0.125 0.00604593102 2
0 0.725 -0.115 0.006250197438 2
0 0.725 -0.105 0.006439956931 2
0 0.725 -0.095 0.006612757028 2
0 0.725 -0.085 0.006766159975 2
0 0.725 -0.075 0.006898934529 2
0 0.725 -0.065 0.007010889943 2
0 0.725 -0.055 0.007102775074 2
0 0.725 -0.045 0.007175935898 2
0 0.725 -0.035 0.007232147073 2
0 0.725 -0.025 0.007273396508 2
0 0.725 -0.015 0.007301722396 2
0 0.725 -0.005 0.007318938364 2
0 0.725 0.005 0.007326622575 2
0 0.725 0.015 0.007326240992 2
0 0.725 0.025 0.007319924603 2
0 0.725 0.035 0.007311137902 2
0 0.725 0.045 0.007308114392 2
0 0.725 0.055 0.007326685371 2
0 0.725 0.065 0.007389224305 2
0 0.725 0.075 0.007535036099 1
0 0.725 0.085 0.007548284961 1
0 0.725 0.095 0.007554545912 1
0 0.725 0.105 0.007536591649 1
0 0.725 0.115 0.007518105984 1
0 0.725 0.125 0.007422427289 1
0 0.725 0.135 0.007229787778 2
0 0.725 0.145 0.006952659206 2
0 0.725 0.155 0.006636652134 2
0 0.725 0.165 0.006341668555 2
0 0.725 0.175 0.006075313863 2
0 0.725 0.185 0.00583571911 2
0 0.725 0.195 0.005610384106 2
0 0.725 0.205 0.005393928085 2
0 0.725 0.215 0.005181773524 2
0 0.725 0.225 0.00497049051 2
0 0.725 0.235 0.004757848934 2
0 0.725 0.245 0.004542386797 2
0 0.725 0.255 0.004323224119 2
0 0.725 0.265 0.004099849435 2
0 0.725 0.275 0.003871969034 2
0 0.725 0.285 0.003639378541 2
0 0.725 0.295 0.003401851417 2
0 0.725 0.305 0.003159033063 2
0 0.725 0.315 0.002910331865 2
0 0.725 0.325 0.002654805965 2
0 0.725 0.335 0.002391041041 2
0 0.725 0.345 0.00211703175 2
0 0.725 0.355 0.0018301529 2
0 0.725 0.365 0.001526810637 2
0 0.725 0.375 0.001204470364 2
0 0.725 0.385 0.0008527686089 2
0 0.725 0.395 0.0004985337751 2
0 0.725 0.405 0 2
0 0.725 0.415 0 2
0 0.725 0.425 0 2
0 0.725 0.435 0 2
0 0.725 0.445 0 2
0 0.725 0.455 0 2
0 0.725 0.465 0 2
0 0.735 -0.455 0 2
0 0.735 -0.445 0 2
0 0.735 -0.435 0 2
0 0.735 -0.425 0 2
0 0.735 -0.415 0 2
0 0.735 -0.405 0 2
0 0.735 -0.395 0.0004989989677 2
0 0.735 -0.385 0.0008333583314 2
0 0.735 -0.375 0.001149678526 2
0 0.735 -0.365 0.001423800353 2
0 0.735 -0.355 0.00166570791 2
0 0.735 -0.345 0.001877383751 2
0 0.735 -0.335 0.002062045732 2
0 0.735 -0.325 0.002225412553 2
0 0.735 -0.315 0.002378605274 2
0 0.735 -0.305 0.002533330723 2
0 0.735 -0.295 0.00269910759 2
0 0.735 -0.285 0.002875972045 2
0 0.735 -0.275 0.003060038879 2
0 0.735 -0.265 0.003242310913 2
0 0.735 -0.255 0.003413727296 2
0 0.735 -0.245 0.003564453003 2
0 0.735 -0.235 0.003686222792 2
0 0.735 -0.225 0.003774106426 2
0 0.735 -0.215 0.003822408026 2
0 0.735 -0.205 0.003833456253 2
0 0.735 -0.195 0.003870847266 2
0 0.735 -0.185 0.003949373482 2
0 0.735 -0.175 0.004088861805 2
0 0.735 -0.165 0.00430678213 2
0 0.735 -0.155 0.004547387991 2
0 0.735 -0.145 0.004782012395 2
0 0.735 -0.135 0.004998349272 2
0 0.735 -0.125 0.005202780275 2
0 0.735 -0.115 0.005397177444 2
0 0.735 -0.105 0.005578167756 2
0 0.735 -0.095 0.005742249087 2
0 0.735 -0.085 0.005885766528 2
0 0.735 -0.075 0.006007436339 2
0 0.735 -0.065 0.006107441074 2
0 0.735 -0.055 0.006187148947 2
0 0.735 -0.045 0.006248505752 2
0 0.735 -0.035 0.006293955149 2
0 0.735 -0.025 0.006326211747 2
0 0.735 -0.015 0.006348152899 2
0 0.735 -0.005 0.006362237537 2
0 0.735 0.005 0.006370491105 2
0 0.735 0.015 0.006374568117 2
0 0.735 0.025 0.006376700606 2
0 0.735 0.035 0.006380550928 2
0 0.735 0.045 0.00639468422 2
0 0.735 0.055 0.006436827756 2
0 0.735 0.065 0.006530675698 2
0 0.735 0.075 0.006710696259 2
0 0.735 0.085 0.006825355346 1
0 0.735 0.095 0.006855255349 1
0 0.735 0.105 0.006833342309 1
0 0.735 0.115 0.006736902626 2
0 0.735 0.125 0.006610040274 2
0 0.735 0.135 0.006373955101 2
0 0.735 0.145 0.006101248338 2
0 0.735 0.155 0.005829001708 2
0 0.735 0.165 0.005577507845 2
0 0.735 0.175 0.005349942822 2
0 0.735 0.185 0.005139560143 2
0 0.735 0.195 0.004942179565 2
0 0.735 0.205 0.004753539402 2
0 0.735 0.215 0.004569729506 2
0 0.735 0.225 0.004387890118 2
0 0.735 0.235 0.004205934962 2
0 0.735 0.245 0.004022430927 2
0 0.735 0.255 0.003836452845 2
0 0.735 0.265 0.003647418512 2
0 0.735 0.275 0.003454955182 2
0 0.735 0.285 0.003258776755 2
0 0.735 0.295 0.003058569868 2
0 0.735 0.305 0.002853879164 2
0 0.735 0.315 0.002643980299 2
0 0.735 0.325 0.002427739304 2
0 0.735 0.335 0.002203435135 2
0 0.735 0.345 0.001968582719 2
0 0.735 0.355 0.001719742441 2
0 0.735 0.365 0.001452176 2
0 0.735 0.375 0.001161368875 2
0 0.735 0.385 0.0008350101166 2
0 0.735 0.395 0.0004962964684 2
0 0.735 0.405 0 2
0 0.735 0.415 0 2
0 0.735 0.425 0 2
0 0.735 0.435 0 2
0 0.735 0.445 0 2
0 0.735 0.455 0 2
0 0.735 0.465 0 2
0 0.745 -0.455 0 2
0 0.745 -0.445 0 2
0 0.745 -0.435 0 2
0 0.745 -0.425 0 2
0 0.745 -0.415 0 2
0 0.745 -0.405 0 2
0 0.745 -0.395 0.0004912287632 2
0 0.745 -0.385 0.0008059777543 2
0 0.745 -0.375 0.001093673368 2
0 0.745 -0.365 0.001334560623 2
0 0.745 -0.355 0.001539661175 2
0 0.745 -0.345 0.001710960397 2
0 0.745 -0.335 0.001849759163 2
0 0.745 -0.325 0.001961561182 2
0 0.745 -0.315 0.002063060842 2
0 0.745 -0.305 0.002171105671 2
0 0.745 -0.295 0.002300781316 2
0 0.745 -0.285 0.00244854693 2
0 0.745 -0.275 0.002609914809 2
0 0.745 -0.265 0.002771381896 2
0 0.745 -0.255 0.002921243546 2
0 0.745 -0.245 0.003045396688 2
0 0.745 -0.235 0.003134253505 2
0 0.745 -0.225 0.003180045469 2
0 0.745 -0.215 0.003172944318 2
0 0.745 -0.205 0.003133988917 2
0 0.745 -0.195 0.003145379369 2
0 0.745 -0.185 0.003197349672 2
0 0.745 -0.175 0.00329505884 2
0 0.745 -0.165 0.003491081822 2
0 0.745 -0.155 0.003732071639 2
0 0.745 -0.145 0.003960877238 2
0 0.745 -0.135 0.004167881274 2
0 0.745 -0.125 0.004356589674 2
0 0.745 -0.115 0.004543176148 2
0 0.745 -0.105 0.004718769414 2
0 0.745 -0.095 0.004876588904 2
0 0.745 -0.085 0.005010842875 2
0 0.745 -0.075 0.005120936421 2
0 0.745 -0.065 0.005208060097 2
0 0.745 -0.055 0.005274600923 2
0 0.745 -0.045 0.005323080164 2
0 0.745 -0.035 0.005356638937 2
0 0.745 -0.025 0.005378827957 2
0 0.745 -0.015 0.005393770157 2
0 0.745 -0.005 0.005404727328 2
0 0.745 0.005 0.00541419904 2
0 0.745 0.015 0.005423729348 2
0 0.745 0.025 0.00543506252 2
0 0.745 0.035 0.005451050048 2
0 0.745 0.045 0.005478790674 2
0 0.745 0.055 0.005534968491 2
0 0.745 0.065 0.00563522005 2
0 0.745 0.075 0.00579396388 2
0 0.745 0.085 0.00594778097 2
0 0.745 0.095 0.005999583341 2
0 0.745 0.105 0.005974609493 2
0 0.745 0.115 0.00584270831 2
0 0.745 0.125 0.005689595797 2
0 0.745 0.135 0.00546797151 2
0 0.745 0.145 0.00523851232 2
0 0.745 0.155 0.005013789869 2
0 0.745 0.165 0.004805903351 2
0 0.745 0.175 0.004612015296 2
0 0.745 0.185 0.004432090701 2
0 0.745 0.195 0.004263508122 2
0 0.745 0.205 0.004102977454 2
0 0.745 0.215 0.00394746971 2
0 0.745 0.225 0.003794592757 2
0 0.745 0.235 0.003642509741 2
0 0.745 0.245 0.003489910035 2
0 0.745 0.255 0.003335902547 2
0 0.745 0.265 0.003179899328 2
0 0.745 0.275 0.003021503421 2
0 0.745 0.285 0.002860399264 2
0 0.745 0.295 0.00269624414 2
0 0.745 0.305 0.002528553233 2
0 0.745 0.315 0.002356563671 2
0 0.745 0.325 0.002179076575 2
0 0.745 0.335 0.001994229818 2
0 0.745 0.345 0.001799267226 2
0 0.745 0.355 0.001590146114 2
0 0.745 0.365 0.001361161959 2
0 0.745 0.375 0.001105732583 2
0 0.745 0.385 0.0008093524045 2
0 0.745 0.395 0.0004904151487 2
0 0.745 0.405 0 2
0 0.745 0.415 0 2
0 0.745 0.425 0 2
0 0.745 0.435 0 2
0 0.745 0.445 0 2
0 0.745 0.455 0 2
0 0.745 0.465 0 2
0 0.755 -0.455 0 2
0 0.755 -0.445 0 2
0 0.755 -0.435 0 2
0 0.755 -0.425 0 2
0 0.755 -0.415 0 2
0 0.755 -0.405 0 2
0 0.755 -0.395 0.0004763644878 2
0 0.755 -0.385 0.0007651916373 2
0 0.755 -0.375 0.001018441406 2
0 0.755 -0.365 0.001222396365 2
0 0.755 -0.355 0.00138927235 2
0 0.755 -0.345 0.00152133806 2
0 0.755 -0.335 0.001613689634 2
0 0.755 -0.325 0.001663667777 2
0 0.755 -0.315 0.001702452001 2
0 0.755 -0.305 0.001758886552 2
0 0.755 -0.295 0.001867216324 2
0 0.755 -0.285 0.001998799103 2
0 0.755 -0.275 0.002147160998 2
0 0.755 -0.265 0.002290210462 2
0 0.755 -0.255 0.002421737231 2
0 0.755 -0.245 0.002522523547 2
0 0.755 -0.235 0.002576156688 2
0 0.755 -0.225 0.002572566667 2
0 0.755 -0.215 0.002527878668 2
0 0.755 -0.205 0.002489768052 1
0 0.755 -0.195 0.0025030655 1
0 0.755 -0.185 0.002539829667 1
0 0.755 -0.175 0.002598650726 1
0 0.755 -0.165 0.002739011348 2
0 0.755 -0.155 0.002962926259 2
0 0.755 -0.145 0.003164036656 2
0 0.755 -0.135 0.003347423404 2
0 0.755 -0.125 0.003517128684 2
0 0.755 -0.115 0.003699513683 2
0 0.755 -0.105 0.003872698012 2
0 0.755 -0.095 0.004025458461 2
0 0.755 -0.085 0.004149565665 2
0 0.755 -0.075 0.00424677157 2
0 0.755 -0.065 0.004319840105 2
0 0.755 -0.055 0.004372284898 2
0 0.755 -0.045 0.004406922591 2
0 0.755 -0.035 0.004427445924 2
0 0.755 -0.025 0.004438200582 2
0 0.755 -0.015 0.004445375326 2
0 0.755 -0.005 0.00445312166 2
0 0.755 0.005 0.004464468131 2
0 0.755 0.015 0.004480431145 2
0 0.755 0.025 0.004501684156 2
0 0.755 0.035 0.004528587299 2
0 0.755 0.045 0.004566031828 2
0 0.755 0.055 0.004622882376 2
0 0.755 0.065 0.004709879797 2
0 0.755 0.075 0.004831019094 2
0 0.755 0.085 0.004963782912 2
0 0.755 0.095 0.005020009314 2
0 0.755 0.105 0.004992070824 2
0 0.755 0.115 0.004865974241 2
0 0.755 0.125 0.004719660593 2
0 0.755 0.135 0.00454910476 2
0 0.755 0.145 0.004373570925 2
0 0.755 0.155 0.004195732069 2
0 0.755 0.165 0.004025557117 2
0 0.755 0.175 0.003866131154 2
0 0.755 0.185 0.003717623634 2
0 0.755 0.195 0.003578306286 2
0 0.755 0.205 0.003445962368 2
0 0.755 0.215 0.00331841573 2
0 0.755 0.225 0.003193758553 2
0 0.755 0.235 0.003070471733 2
0 0.755 0.245 0.00294743154 2
0 0.755 0.255 0.002823846294 2
0 0.755 0.265 0.002699178019 2
0 0.755 0.275 0.002573053965 2
0 0.755 0.285 0.002445175249 2
0 0.755 0.295 0.002315220753 2
0 0.755 0.305 0.002182741187 2
0 0.755 0.315 0.002047025978 2
0 0.755 0.325 0.001906944047 2
0 0.755 0.335 0.001760683843 2
0 0.755 0.345 0.001605496105 2
0 0.755 0.355 0.00143707694 2
0 0.755 0.365 0.001249159984 2
0 0.755 0.375 0.001033225615 2
0 0.755 0.385 0.0007725420788 2
0 0.755 0.395 0.0004791275739 2
0 0.755 0.405 0 2
0 0.755 0.415 0 2
0 0.755 0.425 0 2
0 0.755 0.435 0 2
0 0.755 0.445 0 2
0 0.755 0.455 0 2
0 0.755 0.465 0 2
0 0.765 -0.455 0 2
0 0.765 -0.445 0 2
0 0.765 -0.435 0 2
0 0.765 -0.425 0 2
0 0.765 -0.415 0 2
0 0.765 -0.405 0 2
0 0.765 -0.395 0.0004510079834 2
0 0.765 -0.385 0.0007048415873 2
0 0.765 -0.375 0.0009156100321 2
0 0.765 -0.365 0.001077867798 2
0 0.765 -0.355 0.00120614648 2
0 0.765 -0.345 0.00130030177 2
0 0.765 -0.335 0.001342367707 2
0 0.765 -0.325 0.001338594746 2
0 0.765 -0.315 0.001334940696 2
0 0.765 -0.305 0.001355703463 2
0 0.765 -0.295 0.001429777604 2
0 0.765 -0.285 0.001524044466 2
0 0.765 -0.275 0.001658928861 2
0 0.765 -0.265 0.001797326802 2
0 0.765 -0.255 0.001921525544 2
0 0.765 -0.245 0.001997730896 2
0 0.765 -0.235 0.002006504809 2
0 0.765 -0.225 0.001971521353 2
0 0.765 -0.215 0.00194107353 1
0 0.765 -0.205 0.001970040839 1
0 0.765 -0.195 0.001985201653 1
0 0.765 -0.185 0.002005425127 1
0 0.765 -0.175 0.002029878828 1
0 0.765 -0.165 0.002056266352 1
0 0.765 -0.155 0.00221996062 2
0 0.765 -0.145 0.002357230984 2
0 0.765 -0.135 0.002494611277 2
0 0.765 -0.125 0.002646627656 2
0 0.765 -0.115 0.002851778599 2
0 0.765 -0.105 0.003038901906 2
0 0.765 -0.095 0.003192375725 2
0 0.765 -0.085 0.003303061584 2
0 0.765 -0.075 0.003385178263 2
0 0.765 -0.065 0.00344312716 2
0 0.765 -0.055 0.003480813923 2
0 0.765 -0.045 0.003500572388 2
0 0.765 -0.035 0.00350618231 2
0 0.765 -0.025 0.003502292551 2
0 0.765 -0.015 0.003499685966 2
0 0.765 -0.005 0.003503392568 2
0 0.765 0.005 0.003517356144 2
0 0.765 0.015 0.003541378194 2
0 0.765 0.025 0.003574595967 2
0 0.765 0.035 0.003611144404 2
0 0.765 0.045 0.003653627987 2
0 0.765 0.055 0.003707381009 2
0 0.765 0.065 0.003777003157 2
0 0.765 0.075 0.003858299241 2
0 0.765 0.085 0.003932523267 2
0 0.765 0.095 0.003965720733 2
0 0.765 0.105 0.00394756636 2
0 0.765 0.115 0.003874615893 2
0 0.765 0.125 0.003770653731 2
0 0.765 0.135 0.00364351967 2
0 0.765 0.145 0.003507614694 2
0 0.765 0.155 0.003370202432 2
0 0.765 0.165 0.00323773517 2
0 0.765 0.175 0.003112624862 2
0 0.765 0.185 0.002995471604 2
0 0.765 0.195 0.00288541425 2
0 0.765 0.205 0.002781103736 2
0 0.765 0.215 0.002680999644 2
0 0.765 0.225 0.002583685812 2
0 0.765 0.235 0.002487992717 2
0 0.765 0.245 0.002393026332 2
0 0.765 0.255 0.00229814196 2
0 0.765 0.265 0.002202893636 2
0 0.765 0.275 0.002106969725 2
0 0.765 0.285 0.002010122472 2
0 0.765 0.295 0.001912089944 2
0 0.765 0.305 0.001812507513 2
0 0.765 0.315 0.001710790229 2
0 0.765 0.325 0.001605991855 2
0 0.765 0.335 0.001496541284 2
0 0.765 0.345 0.00138000988 2
0 0.765 0.355 0.001252296871 2
0 0.765 0.365 0.001107373012 2
0 0.765 0.375 0.0009354036776 2
0 0.765 0.385 0.0007180216493 2
0 0.765 0.395 0.0004586892594 2
0 0.765 0.405 0 2
0 0.765 0.415 0 2
0 0.765 0.425 0 2
0 0.765 0.435 0 2
0 0.765 0.445 0 2
0 0.765 0.455 0 2
0 0.765 0.465 0 2
0 0.775 -0.455 0 2
0 0.775 -0.445 0 2
0 0.775 -0.435 0 2
0 0.775 -0.425 0 2
0 0.775 -0.415 0 2
0 0.775 -0.405 0 2
0 0.775 -0.395 0.0004128097977 2
0 0.775 -0.385 0.0006215229199 2
0 0.775 -0.375 0.0007821491191 2
0 0.775 -0.365 0.0008995455474 2
0 0.775 -0.355 0.0009907216657 2
0 0.775 -0.345 0.001053282238 2
0 0.775 -0.335 0.00104806444 2
0 0.775 -0.325 0.001013587427 1
0 0.775 -0.315 0.0009878323493 1
0 0.775 -0.305 0.0009917650763 1
0 0.775 -0.295 0.001036404394 2
0 0.775 -0.285 0.00108606282 2
0 0.775 -0.275 0.001187699004 2
0 0.775 -0.265 0.001311791985 2
0 0.775 -0.255 0.001430829387 2
0 0.775 -0.245 0.001496154046 2
0 0.775 -0.235 0.00147014126 2
0 0.775 -0.225 0.001447544132 1
0 0.775 -0.215 0.001475583544 1
0 0.775 -0.205 0.001507729983 1
0 0.775 -0.195 0.001523914743 1
0 0.775 -0.185 0.001531860268 1
0 0.775 -0.175 0.001528612774 1
0 0.775 -0.165 0.001517576931 1
0 0.775 -0.155 0.001561764596 2
0 0.775 -0.145 0.001642117542 2
0 0.775 -0.135 0.001736873661 2
0 0.775 -0.125 0.001855813952 2
0 0.775 -0.115 0.002071434091 2
0 0.775 -0.105 0.002254163063 2
0 0.775 -0.095 0.00239643995 2
0 0.775 -0.085 0.002490004127 2
0 0.775 -0.075 0.002554488351 2
0 0.775 -0.065 0.002596581636 2
0 0.775 -0.055 0.002619805099 2
0 0.775 -0.045 0.002625092036 2
0 0.775 -0.035 0.002616157263 2
0 0.775 -0.025 0.002595698386 2
0 0.775 -0.015 0.002583770933 2
0 0.775 -0.005 0.00258379139 2
0 0.775 0.005 0.002600440456 2
0 0.775 0.015 0.002632261343 2
0 0.775 0.025 0.002678966989 2
0 0.775 0.035 0.002722156837 2
0 0.775 0.045 0.002764176709 2
0 0.775 0.055 0.002808776232 2
0 0.775 0.065 0.002860252858 2
0 0.775 0.075 0.002915185342 2
0 0.775 0.085 0.002962120115 2
0 0.775 0.095 0.002982920148 2
0 0.775 0.105 0.002969408019 2
0 0.775 0.115 0.002920136305 2
0 0.775 0.125 0.002846446751 2
0 0.775 0.135 0.002756194679 2
0 0.775 0.145 0.002658626682 2
0 0.775 0.155 0.002559292551 2
0 0.775 0.165 0.002462463051 2
0 0.775 0.175 0.002370204764 2
0 0.775 0.185 0.002283359511 2
0 0.775 0.195 0.002201660664 2
0 0.775 0.205 0.002124318936 2
0 0.775 0.215 0.002050344571 2
0 0.775 0.225 0.001978780033 2
0 0.775 0.235 0.001908802905 2
0 0.775 0.245 0.001839766845 2
0 0.775 0.255 0.001771197381 2
0 0.775 0.265 0.001702762979 2
0 0.775 0.275 0.001634232797 2
0 0.775 0.285 0.001565427373 2
0 0.775 0.295 0.001496161456 2
0 0.775 0.305 0.00142617813 2
0 0.775 0.315 0.001355056247 2
0 0.775 0.325 0.001282103724 2
0 0.775 0.335 0.001206122431 2
0 0.775 0.345 0.001125252252 2
0 0.775 0.355 0.001036054239 2
0 0.775 0.365 0.0009336541182 2
0 0.775 0.375 0.0008079960523 2
0 0.775 0.385 0.0006410138854 2
0 0.775 0.395 0.0004257321797 2
0 0.775 0.405 0 2
0 0.775 0.415 0 2
0 0.775 0.425 0 2
0 0.775 0.435 0 2
0 0.775 0.445 0 2
0 0.775 0.455 0 2
0 0.775 0.465 0 2
0 0.785 -0.455 0 2
0 0.785 -0.445 0 2
0 0.785 -0.435 0 2
0 0.785 -0.425 0 2
0 0.785 -0.415 0 2
0 0.785 -0.405 0 2
0 0.785 -0.395 0.000347698483 2
0 0.785 -0.385 0.0004923801956 2
0 0.785 -0.375 0.000591879207 2
0 0.785 -0.365 0.0006627798524 2
0 0.785 -0.355 0.0007181662478 2
0 0.785 -0.345 0.0007563017823 2
0 0.785 -0.335 0.0007313105031 1
0 0.785 -0.325 0.0007068365872 1
0 0.785 -0.315 0.0006695549656 1
0 0.785 -0.305 0.0006577850096 1
0 0.785 -0.295 0.0006545598757 1
0 0.785 -0.285 0.0006839203166 1
0 0.785 -0.275 0.0007474118864 2
0 0.785 -0.265 0.0008358395365 2
0 0.785 -0.255 0.0009326297308 2
0 0.785 -0.245 0.000976186051 2
0 0.785 -0.235 0.0009610045225 1
0 0.785 -0.225 0.0009794866828 1
0 0.785 -0.215 0.001001379207 1
0 0.785 -0.205 0.001015401423 1
0 0.785 -0.195 0.00102476474 1
0 0.785 -0.185 0.001031695323 1
0 0.785 -0.175 0.001021543306 1
0 0.785 -0.165 0.000998432399 1
0 0.785 -0.155 0.0009654021948 1
0 0.785 -0.145 0.001003471073 1
0 0.785 -0.135 0.001063368833 1
0 0.785 -0.125 0.001137822895 1
0 0.785 -0.115 0.001312868806 2
0 0.785 -0.105 0.001471072777 2
0 0.785 -0.095 0.001592530319 2
0 0.785 -0.085 0.001669475866 2
0 0.785 -0.075 0.001712532353 2
0 0.785 -0.065 0.001739099433 2
0 0.785 -0.055 0.001751372314 2
0 0.785 -0.045 0.001743995518 2
0 0.785 -0.035 0.001716236049 2
0 0.785 -0.025 0.001657556824 2
0 0.785 -0.015 0.001628575169 2
0 0.785 -0.005 0.001621195428 2
0 0.785 0.005 0.001641342391 2
0 0.785 0.015 0.00168591108 2
0 0.785 0.025 0.00176635964 2
0 0.785 0.035 0.001818738555 2
0 0.785 0.045 0.001856219049 2
0 0.785 0.055 0.001886794602 2
0 0.785 0.065 0.001919194891 2
0 0.785 0.075 0.001951395238 2
0 0.785 0.085 0.001977251333 2
0 0.785 0.095 0.001988173029 2
0 0.785 0.105 0.001979419623 2
0 0.785 0.115 0.00195019307 2
0 0.785 0.125 0.001905166756 2
0 0.785 0.135 0.001849113509 2
0 0.785 0.145 0.001787363334 2
0 0.785 0.155 0.001723770584 2
0 0.785 0.165 0.001661203959 2
0 0.785 0.175 0.001601213957 2
0 0.785 0.185 0.001544472224 2
0 0.785 0.195 0.001490966917 2
0 0.785 0.205 0.001440327112 2
0 0.785 0.215 0.001392014375 2
0 0.785 0.225 0.001345473959 2
0 0.785 0.235 0.001300211317 2
0 0.785 0.245 0.00125582886 2
0 0.785 0.255 0.001212030314 2
0 0.785 0.265 0.001168607658 2
0 0.785 0.275 0.001125417747 2
0 0.785 0.285 0.001082353036 2
0 0.785 0.295 0.001039306037 2
0 0.785 0.305 0.0009961284777 2
0 0.785 0.315 0.0009525696131 2
0 0.785 0.325 0.0009082137583 2
0 0.785 0.335 0.0008623019874 2
0 0.785 0.345 0.000813690732 2
0 0.785 0.355 0.0007599928353 2
0 0.785 0.365 0.0006982741201 2
0 0.785 0.375 0.0006200163754 2
0 0.785 0.385 0.0005148175318 2
0 0.785 0.395 0.0003637220742 2
0 0.785 0.405 0 2
0 0.785 0.415 0 2
0 0.785 0.425 0 2
0 0.785 0.435 0 2
0 0.785 0.445 0 2
0 0.785 0.455 0 2
0 0.785 0.465 0 2
0 0.795 -0.455 0 2
0 0.795 -0.445 0 2
0 0.795 -0.435 0 2
0 0.795 -0.425 0 2
0 0.795 -0.415 0 2
0 0.795 -0.405 0 2
0 0.795 -0.395 0.0002615870682 2
0 0.795 -0.385 0.0003437090325 2
0 0.795 -0.375 0.0003917428396 2
0 0.795 -0.365 0.0004260897521 2
0 0.795 -0.355 0.0004568723412 2
0 0.795 -0.345 0.000483222065 2
0 0.795 -0.335 0.0004688323929 1
0 0.795 -0.325 0.0004430311238 1
0 0.795 -0.315 0.000408434675 1
0 0.795 -0.305 0.0003910663401 1
0 0.795 -0.295 0.0003789998136 1
0 0.795 -0.285 0.0003881428302 1
0 0.795 -0.275 0.0003964336264 1
0 0.795 -0.265 0.0004569025008 2
0 0.795 -0.255 0.0005388280736 2
0 0.795 -0.245 0.0005590155322 2
0 0.795 -0.235 0.0005783638429 1
0 0.795 -0.225 0.0005840517452 1
0 0.795 -0.215 0.0005910483418 1
0 0.795 -0.205 0.0005972402164 1
0 0.795 -0.195 0.0006023132375 1
0 0.795 -0.185 0.0006035597126 1
0 0.795 -0.175 0.0005918395744 1
0 0.795 -0.165 0.0005719117216 1
0 0.795 -0.155 0.0005510788182 1
0 0.795 -0.145 0.0005676045973 1
0 0.795 -0.135 0.0005989998856 1
0 0.795 -0.125 0.0006354379511 1
0 0.795 -0.115 0.0007071051012 2
0 0.795 -0.105 0.0008346790482 2
0 0.795 -0.095 0.0009229464398 2
0 0.795 -0.085 0.0009759021584 2
0 0.795 -0.075 0.00100065672 2
0 0.795 -0.065 0.001013052425 2
0 0.795 -0.055 0.001010814788 2
0 0.795 -0.045 0.0009854233347 2
0 0.795 -0.035 0.0009567136929 2
0 0.795 -0.025 0.0008906606066 2
0 0.795 -0.015 0.0008722942053 2
0 0.795 -0.005 0.000868275219 2
0 0.795 0.005 0.0008834359889 2
0 0.795 0.015 0.0009204518243 2
0 0.795 0.025 0.001017723347 2
0 0.795 0.035 0.001060647198 2
0 0.795 0.045 0.001086358611 2
0 0.795 0.055 0.00110401634 2
0 0.795 0.065 0.001121425869 2
0 0.795 0.075 0.00113781343 2
0 0.795 0.085 0.001150307639 2
0 0.795 0.095 0.00115513863 2
0 0.795 0.105 0.001150012127 2
0 0.795 0.115 0.001134504123 2
0 0.795 0.125 0.001110488192 2
0 0.795 0.135 0.00108034755 2
0 0.795 0.145 0.001046745629 2
0 0.795 0.155 0.001011781178 2
0 0.795 0.165 0.0009770267735 2
0 0.795 0.175 0.0009434127902 2
0 0.795 0.185 0.0009114045975 2
0 0.795 0.195 0.000881103947 2
0 0.795 0.205 0.0008523981228 2
0 0.795 0.215 0.0008250604316 2
0 0.795 0.225 0.0007988335419 2
0 0.795 0.235 0.0007734765039 2
0 0.795 0.245 0.0007487893194 2
0 0.795 0.255 0.0007246198366 2
0 0.795 0.265 0.0007008603924 2
0 0.795 0.275 0.0006774377447 2
0 0.795 0.285 0.0006542990406 2
0 0.795 0.295 0.0006313935031 2
0 0.795 0.305 0.0006086517401 2
0 0.795 0.315 0.0005859510003 2
0 0.795 0.325 0.0005630882443 2
0 0.795 0.335 0.0005396651307 2
0 0.795 0.345 0.0005151257068 2
0 0.795 0.355 0.0004881009599 2
0 0.795 0.365 0.0004573415467 2
0 0.795 0.375 0.0004170414823 2
0 0.795 0.385 0.0003644457217 2
0 0.795 0.395 0.0002770863069 2
0 0.795 0.405 0 2
0 0.795 0.415 0 2
0 0.795 0.425 0 2
0 0.795 0.435 0 2
0 0.795 0.445 0 2
0 0.795 0.455 0 2
0 0.795 0.465 0 2
0 0.805 -0.455 0 2
0 0.805 -0.445 0 2
0 0.805 -0.435 0 2
0 0.805 -0.425 0 2
0 0.805 -0.415 0 2
0 0.805 -0.405 0 2
0 0.805 -0.395 0 2
0 0.805 -0.385 0 2
0 0.805 -0.375 0 2
0 0.805 -0.365 0 2
0 0.805 -0.355 0 2
0 0.805 -0.345 0 2
0 0.805 -0.335 0 1
0 0.805 -0.325 0 1
0 0.805 -0.315 0 1
0 0.805 -0.305 0 1
0 0.805 -0.295 0 1
0 0.805 -0.285 0 1
0 0.805 -0.275 0 1
0 0.805 -0.265 0 1
0 0.805 -0.255 0 2
0 0.805 -0.245 0 1
0 0.805 -0.235 0 1
0 0.805 -0.225 0 1
0 0.805 -0.215 0 1
0 0.805 -0.205 0 1
0 0.805 -0.195 0 1
0 0.805 -0.185 0 1
0 0.805 -0.175 0 1
0 0.805 -0.165 0 1
0 0.805 -0.155 0 1
0 0.805 -0.145 0 1
0 0.805 -0.135 0 1
0 0.805 -0.125 0 1
0 0.805 -0.115 0 1
0 0.805 -0.105 0 2
0 0.805 -0.095 0 2
0 0.805 -0.085 0 2
0 0.805 -0.075 0 2
0 0.805 -0.065 0 2
0 0.805 -0.055 0 2
0 0.805 -0.045 0 2
0 0.805 -0.035 0 2
0 0.805 -0.025 0 1
0 0.805 -0.015 0 1
0 0.805 -0.005 0 1
0 0.805 0.005 0 1
0 0.805 0.015 0 1
0 0.805 0.025 0 2
0 0.805 0.035 0 2
0 0.805 0.045 0 2
0 0.805 0.055 0 2
0 0.805 0.065 0 2
0 0.805 0.075 0 2
0 0.805 0.085 0 2
0 0.805 0.095 0 2
0 0.805 0.105 0 2
0 0.805 0.115 0 2
0 0.805 0.125 0 2
0 0.805 0.135 0 2
0 0.805 0.145 0 2
0 0.805 0.155 0 2
0 0.805 0.165 0 2
0 0.805 0.175 0 2
0 0.805 0.185 0 2
0 0.805 0.195 0 2
0 0.805 0.205 0 2
0 0.805 0.215 0 2
0 0.805 0.225 0 2
0 0.805 0.235 0 2
0 0.805 0.245 0 2
0 0.805 0.255 0 2
0 0.805 0.265 0 2
0 0.805 0.275 0 2
0 0.805 0.285 0 2
0 0.805 0.295 0 2
0 0.805 0.305 0 2
0 0.805 0.315 0 2
0 0.805 0.325 0 2
0 0.805 0.335 0 2
0 0.805 0.345 0 2
0 0.805 0.355 0 2
0 0.805 0.365 0 2
0 0.805 0.375 0 2
0 0.805 0.385 0 2
0 0.805 0.395 0 2
0 0.805 0.405 0 2
0 0.805 0.415 0 2
0 0.805 0.425 0 2
0 0.805 0.435 0 2
0 0.805 0.445 0 2
0 0.805 0.455 0 2
0 0.805 0.465 0 2
0 0.815 -0.455 0 2
0 0.815 -0.445 0 2
0 0.815 -0.435 0 2
0 0.815 -0.425 0 2
0 0.815 -0.415 0 2
0 0.815 -0.405 0 2
0 0.815 -0.395 0 2
0 0.815 -0.385 0 2
0 0.815 -0.375 0 2
0 0.815 -0.365 0 2
0 0.815 -0.355 0 2
0 0.815 -0.345 0 2
0 0.815 -0.335 0 1
0 0.815 -0.325 0 1
0 0.815 -0.315 0 1
0 0.815 -0.305 0 1
0 0.815 -0.295 0 1
0 0.815 -0.285 0 1
0 0.815 -0.275 0 1
0 0.815 -0.265 0 1
0 0.815 -0.255 0 2
0 0.815 -0.245 0 1
0 0.815 -0.235 0 1
0 0.815 -0.225 0 1
0 0.815 -0.215 0 1
0 0.815 -0.205 0 1
0 0.815 -0.195 0 1
0 0.815 -0.185 0 1
0 0.815 -0.175 0 1
0 0.815 -0.165 0 1
0 0.815 -0.155 0 1
0 0.815 -0.145 0 1
0 0.815 -0.135 0 1
0 0.815 -0.125 0 1
0 0.815 -0.115 0 1
0 0.815 -0.105 0 2
0 0.815 -0.095 0 2
0 0.815 -0.085 0 2
0 0.815 -0.075 0 2
0 0.815 -0.065 0 2
0 0.815 -0.055 0 2
0 0.815 -0.045 0 1
0 0.815 -0.035 0 1
0 0.815 -0.025 0 1
0 0.815 -0.015 0 1
0 0.815 -0.005 0 1
0 0.815 0.005 0 1
0 0.815 0.015 0 1
0 0.815 0.025 0 2
0 0.815 0.035 0 2
0 0.815 0.045 0 2
0 0.815 0.055 0 2
0 0.815 0.065 0 2
0 0.815 0.075 0 2
0 0.815 0.085 0 2
0 0.815 0.095 0 2
0 0.815 0.105 0 2
0 0.815 0.115 0 2
0 0.815 0.125 0 2
0 0.815 0.135 0 2
0 0.815 0.145 0 2
0 0.815 0.155 0 2
0 0.815 0.165 0 2
0 0.815 0.175 0 2
0 0.815 0.185 0 2
0 0.815 0.195 0 2
0 0.815 0.205 0 2
0 0.815 0.215 0 2
0 0.815 0.225 0 2
0 0.815 0.235 0 2
0 0.815 0.245 0 2
0 0.815 0.255 0 2
0 0.815 0.265 0 2
0 0.815 0.275 0 2
0 0.815 0.285 0 2
0 0.815 0.295 0 2
0 0.815 0.305 0 2
0 0.815 0.315 0 2
0 0.815 0.325 0 2
0 0.815 0.335 0 2
0 0.815 0.345 0 2
0 0.815 0.355 0 2
0 0.815 0.365 0 2
0 0.815 0.375 0 2
0 0.815 0.385 0 2
0 0.815 0.395 0 2
0 0.815 0.405 0 2
0 0.815 0.415 0 2
0 0.815 0.425 0 2
0 0.815 0.435 0 2
0 0.815 0.445 0 2
0 0.815 0.455 0 2
0 0.815 0.465 0 2
0 0.825 -0.455 0 2
0 0.825 -0.445 0 2
0 0.825 -0.435 0 2
0 0.825 -0.425 0 2
0 0.825 -0.415 0 2
0 0.825 -0.405 0 2
0 0.825 -0.395 0 2
0 0.825 -0.385 0 2
0 0.825 -0.375 0 2
0 0.825 -0.365 0 2
0 0.825 -0.355 0 2
0 0.825 -0.345 0 2
0 0.825 -0.335 0 1
0 0.825 -0.325 0 1
0 0.825 -0.315 0 1
0 0.825 -0.305 0 1
0 0.825 -0.295 0 1
0 0.825 -0.285 0 1
0 0.825 -0.275 0 1
0 0.825 -0.265 0 1
0 0.825 -0.255 0 1
0 0.825 -0.245 0 1
0 0.825 -0.235 0 1
0 0.825 -0.225 0 1
0 0.825 -0.215 0 1
0 0.825 -0.205 0 1
0 0.825 -0.195 0 1
0 0.825 -0.185 0 1
0 0.825 -0.175 0 1
0 0.825 -0.165 0 1
0 0.825 -0.155 0 1
0 0.825 -0.145 0 1
0 0.825 -0.135 0 1
0 0.825 -0.125 0 1
0 0.825 -0.115 0 1
0 0.825 -0.105 0 2
0 0.825 -0.095 0 2
0 0.825 -0.085 0 2
0 0.825 -0.075 0 2
0 0.825 -0.065 0 2
0 0.825 -0.055 0 1
0 0.825 -0.045 0 1
0 0.825 -0.035 0 1
0 0.825 -0.025 0 1
0 0.825 -0.015 0 1
0 0.825 -0.005 0 1
0 0.825 0.005 0 1
0 0.825 0.015 0 1
0 0.825 0.025 0 1
0 0.825 0.035 0 2
0 0.825 0.045 0 2
0 0.825 0.055 0 2
0 0.825 0.065 0 2
0 0.825 0.075 0 2
0 0.825 0.085 0 2
0 0.825 0.095 0 2
0 0.825 0.105 0 2
0 0.825 0.115 0 2
0 0.825 0.125 0 2
0 0.825 0.135 0 2
0 0.825 0.145 0 2
0 0.825 0.155 0 2
0 0.825 0.165 0 2
0 0.825 0.175 0 2
0 0.825 0.185 0 2
0 0.825 0.195 0 2
0 0.825 0.205 0 2
0 0.825 0.215 0 2
0 0.825 0.225 0 2
0 0.825 0.235 0 2
0 0.825 0.245 0 2
0 0.825 0.255 0 2
0 0.825 0.265 0 2
0 0.825 0.275 0 2
0 0.825 0.285 0 2
0 0.825 0.295 0 2
0 0.825 0.305 0 2
0 0.825 0.315 0 2
0 0.825 0.325 0 2
0 0.825 0.335 0 2
0 0.825 0.345 0 2
0 0.825 0.355 0 2
0 0.825 0.365 0 2
0 0.825 0.375 0 2
0 0.825 0.385 0 2
0 0.825 0.395 0 2
0 0.825 0.405 0 2
0 0.825 0.415 0 2
0 0.825 0.425 0 2
0 0.825 0.435 0 2
0 0.825 0.445 0 2
0 0.825 0.455 0 2
0 0.825 0.465 0 2
0 0.835 -0.455 0 2
0 0.835 -0.445 0 2
0 0.835 -0.435 0 2
0 0.835 -0.425 0 2
0 0.835 -0.415 0 2
0 0.835 -0.405 0 2
0 0.835 -0.395 0 2
0 0.835 -0.385 0 2
0 0.835 -0.375 0 2
0 0.835 -0.365 0 2
0 0.835 -0.355 0 2
0 0.835 -0.345 0 2
0 0.835 -0.335 0 2
0 0.835 -0.325 0 1
0 0.835 -0.315 0 1
0 0.835 -0.305 0 1
0 0.835 -0.295 0 1
0 0.835 -0.285 0 1
0 0.835 -0.275 0 1
0 0.835 -0.265 0 1
0 0.835 -0.255 0 1
0 0.835 -0.245 0 1
0 0.835 -0.235 0 1
0 0.835 -0.225 0 1
0 0.835 -0.215 0 1
0 0.835 -0.205 0 1
0 0.835 -0.195 0 1
0 0.835 -0.185 0 1
0 0.835 -0.175 0 1
0 0.835 -0.165 0 1
0 0.835 -0.155 0 1
0 0.835 -0.145 0 1
0 0.835 -0.135 0 1
0 0.835 -0.125 0 1
0 0.835 -0.115 0 2
0 0.835 -0.105 0 2
0 0.835 -0.095 0 2
0 0.835 -0.085 0 2
0 0.835 -0.075 0 2
0 0.835 -0.065 0 2
0 0.835 -0.055 0 1
0 0.835 -0.045 0 1
0 0.835 -0.035 0 1
0 0.835 -0.025 0 1
0 0.835 -0.015 0 1
0 0.835 -0.005 0 1
0 0.835 0.005 0 1
0 0.835 0.015 0 1
0 0.835 0.025 0 2
0 0.835 0.035 0 2
0 0.835 0.045 0 2
0 0.835 0.055 0 2
0 0.835 0.065 0 2
0 0.835 0.075 0 2
0 0.835 0.085 0 2
0 0.835 0.095 0 2
0 0.835 0.105 0 2
0 0.835 0.115 0 2
0 0.835 0.125 0 2
0 0.835 0.135 0 2
0 0.835 0.145 0 2
0 0.835 0.155 0 2
0 0.835 0.165 0 2
0 0.835 0.175 0 2
0 0.835 0.185 0 2
0 0.835 0.195 0 2
0 0.835 0.205 0 2
0 0.835 0.215 0 2
0 0.835 0.225 0 2
0 0.835 0.235 0 2
0 0.835 0.245 0 2
0 0.835 0.255 0 2
0 0.835 0.265 0 2
0 0.835 0.275 0 2
0 0.835 0.285 0 2
0 0.835 0.295 0 2
0 0.835 0.305 0 2
0 0.835 0.315 0 2
0 0.835 0.325 0 2
0 0.835 0.335 0 2
0 0.835 0.345 0 2
0 0.835 0.355 0 2
0 0.835 0.365 0 2
0 0.835 0.375 0 2
0 0.835 0.385 0 2
0 0.835 0.395 0 2
0 0.835 0.405 0 2
0 0.835 0.415 0 2
0 0.835 0.425 0 2
0 0.835 0.435 0 2
0 0.835 0.445 0 2
0 0.835 0.455 0 2
0 0.835 0.465 0 2
0 0.845 -0.455 0 2
0 0.845 -0.445 0 2
0 0.845 -0.435 0 2
0 0.845 -0.425 0 2
0 0.845 -0.415 0 2
0 0.845 -0.405 0 2
0 0.845 -0.395 0 2
0 0.845 -0.385 0 2
0 0.845 -0.375 0 2
0 0.845 -0.365 0 2
0 0.845 -0.355 0 2
0 0.845 -0.345 0 2
0 0.845 -0.335 0 2
0 0.845 -0.325 0 1
0 0.845 -0.315 0 1
0 0.845 -0.305 0 1
0 0.845 -0.295 0 1
0 0.845 -0.285 0 1
0 0.845 -0.275 0 1
0 0.845 -0.265 0 1
0 0.845 -0.255 0 1
0 0.845 -0.245 0 1
0 0.845 -0.235 0 1
0 0.845 -0.225 0 1
0 0.845 -0.215 0 1
0 0.845 -0.205 0 1
0 0.845 -0.195 0 1
0 0.845 -0.185 0 1
0 0.845 -0.175 0 1
0 0.845 -0.165 0 1
0 0.845 -0.155 0 1
0 0.845 -0.145 0 1
0 0.845 -0.135 0 1
0 0.845 -0.125 0 1
0 0.845 -0.115 0 2
0 0.845 -0.105 0 2
0 0.845 -0.095 0 2
0 0.845 -0.085 0 2
0 0.845 -0.075 0 2
0 0.845 -0.065 0 1
0 0.845 -0.055 0 1
0 0.845 -0.045 0 1
0 0.845 -0.035 0 1
0 0.845 -0.025 0 1
0 0.845 -0.015 0 1
0 0.845 -0.005 0 1
0 0.845 0.005 0 1
0 0.845 0.015 0 1
0 0.845 0.025 0 2
0 0.845 0.035 0 2
0 0.845 0.045 0 2
0 0.845 0.055 0 2
0 0.845 0.065 0 2
0 0.845 0.075 0 2
0 0.845 0.085 0 2
0 0.845 0.095 0 2
0 0.845 0.105 0 2
0 0.845 0.115 0 2
0 0.845 0.125 0 2
0 0.845 0.135 0 2
0 0.845 0.145 0 2
0 0.845 0.155 0 2
0 0.845 0.165 0 2
0 0.845 0.175 0 2
0 0.845 0.185 0 2
0 0.845 0.195 0 2
0 0.845 0.205 0 2
0 0.845 0.215 0 2
0 0.845 0.225 0 2
0 0.845 0.235 0 2
0 0.845 0.245 0 2
0 0.845 0.255 0 2
0 0.845 0.265 0 2
0 0.845 0.275 0 2
0 0.845 0.285 0 2
0 0.845 0.295 0 2
0 0.845 0.305 0 2
0 0.845 0.315 0 2
0 0.845 0.325 0 2
0 0.845 0.335 0 2
0 0.845 0.345 0 2
0 0.845 0.355 0 2
0 0.845 0.365 0 2
0 0.845 0.375 0 2
0 0.845 0.385 0 2
0 0.845 0.395 0 2
0 0.845 0.405 0 2
0 0.845 0.415 0 2
0 0.845 0.425 0 2
0 0.845 0.435 0 2
0 0.845 0.445 0 2
0 0.845 0.455 0 2
0 0.845 0.465 0 2
0 0.855 -0.455 0 2
0 0.855 -0.445 0 2
0 0.855 -0.435 0 2
0 0.855 -0.425 0 2
0 0.855 -0.415 0 2
0 0.855 -0.405 0 2
0 0.855 -0.395 0 2
0 0.855 -0.385 0 2
0 0.855 -0.375 0 2
0 0.855 -0.365 0 2
0 0.855 -0.355 0 2
0 0.855 -0.345 0 2
0 0.855 -0.335 0 2
0 0.855 -0.325 0 2
0 0.855 -0.315 0 1
0 0.855 -0.305 0 1
0 0.855 -0.295 0 1
0 0.855 -0.285 0 1
0 0.855 -0.275 0 1
0 0.855 -0.265 0 1
0 0.855 -0.255 0 1
0 0.855 -0.245 0 2
0 0.855 -0.235 0 1
0 0.855 -0.225 0 1
0 0.855 -0.215 0 1
0 0.855 -0.205 0 1
0 0.855 -0.195 0 1
0 0.855 -0.185 0 1
0 0.855 -0.175 0 1
0 0.855 -0.165 0 1
0 0.855 -0.155 0 1
0 0.855 -0.145 0 1
0 0.855 -0.135 0 1
0 0.855 -0.125 0 1
0 0.855 -0.115 0 2
0 0.855 -0.105 0 2
0 0.855 -0.095 0 2
0 0.855 -0.085 0 2
0 0.855 -0.075 0 2
0 0.855 -0.065 0 1
0 0.855 -0.055 0 1
0 0.855 -0.045 0 1
0 0.855 -0.035 0 1
0 0.855 -0.025 0 1
0 0.855 -0.015 0 1
0 0.855 -0.005 0 1
0 0.855 0.005 0 1
0 0.855 0.015 0 1
0 0.855 0.025 0 2
0 0.855 0.035 0 2
0 0.855 0.045 0 2
0 0.855 0.055 0 2
0 0.855 0.065 0 2
0 0.855 0.075 0 2
0 0.855 0.085 0 2
0 0.855 0.095 0 2
0 0.855 0.105 0 2
0 0.855 0.115 0 2
0 0.855 0.125 0 2
0 0.855 0.135 0 2
0 0.855 0.145 0 2
0 0.855 0.155 0 2
0 0.855 0.165 0 2
0 0.855 0.175 0 2
0 0.855 0.185 0 2
0 0.855 0.195 0 2
0 0.855 0.205 0 2
0 0.855 0.215 0 2
0 0.855 0.225 0 2
0 0.855 0.235 0 2
0 0.855 0.245 0 2
0 0.855 0.255 0 2
0 0.855 0.265 0 2
0 0.855 0.275 0 2
0 0.855 0.285 0 2
0 0.855 0.295 0 2
0 0.855 0.305 0 2
0 0.855 0.315 0 2
0 0.855 0.325 0 2
0 0.855 0.335 0 2
0 0.855 0.345 0 2
0 0.855 0.355 0 2
0 0.855 0.365 0 2
0 0.855 0.375 0 2
0 0.855 0.385 0 2
0 0.855 0.395 0 2
0 0.855 0.405 0 2
0 0.855 0.415 0 2
0 0.855 0.425 0 2
0 0.855 0.435 0 2
0 0.855 0.445 0 2
0 0.855 0.455 0 2
0 0.855 0.465 0 2
0 0.865 -0.455 0 2
0 0.865 -0.445 0 2
0 0.865 -0.435 0 2
0 0.865 -0.425 0 2
0 0.865 -0.415 0 2
0 0.865 -0.405 0 2
0 0.865 -0.395 0 2
0 0.865 -0.385 0 2
0 0.865 -0.375 0 2
0 0.865 -0.365 0 2
0 0.865 -0.355 0 2
0 0.865 -0.345 0 2
0 0.865 -0.335 0 2
0 0.865 -0.325 0 2
0 0.865 -0.315 0 2
0 0.865 -0.305 0 1
0 0.865 -0.295 0 1
0 0.865 -0.285 0 1
0 0.865 -0.275 0 1
0 0.865 -0.265 0 1
0 0.865 -0.255 0 1
0 0.865 -0.245 0 2
0 0.865 -0.235 0 2
0 0.865 -0.225 0 2
0 0.865 -0.215 0 2
0 0.865 -0.205 0 2
0 0.865 -0.195 0 1
0 0.865 -0.185 0 1
0 0.865 -0.175 0 1
0 0.865 -0.165 0 1
0 0.865 -0.155 0 1
0 0.865 -0.145 0 1
0 0.865 -0.135 0 1
0 0.865 -0.125 0 2
0 0.865 -0.115 0 2
0 0.865 -0.105 0 2
0 0.865 -0.095 0 2
0 0.865 -0.085 0 2
0 0.865 -0.075 0 1
0 0.865 -0.065 0 1
0 0.865 -0.055 0 1
0 0.865 -0.045 0 1
0 0.865 -0.035 0 1
0 0.865 -0.025 0 1
0 0.865 -0.015 0 1
0 0.865 -0.005 0 1
0 0.865 0.005 0 1
0 0.865 0.015 0 1
0 0.865 0.025 0 2
0 0.865 0.035 0 2
0 0.865 0.045 0 2
0 0.865 0.055 0 2
0 0.865 0.065 0 2
0 0.865 0.075 0 2
0 0.865 0.085 0 2
0 0.865 0.095 0 2
0 0.865 0.105 0 2
0 0.865 0.115 0 2
0 0.865 0.125 0 2
0 0.865 0.135 0 2
0 0.865 0.145 0 2
0 0.865 0.155 0 2
0 0.865 0.165 0 2
0 0.865 0.175 0 2
0 0.865 0.185 0 2
0 0.865 0.195 0 2
0 0.865 0.205 0 2
0 0.865 0.215 0 2
0 0.865 0.225 0 2
0 0.865 0.235 0 2
0 0.865 0.245 0 2
0 0.865 0.255 0 2
0 0.865 0.265 0 2
0 0.865 0.275 0 2
0 0.865 0.285 0 2
0 0.865 0.295 0 2
0 0.865 0.305 0 2
0 0.865 0.315 0 2
0 0.865 0.325 0 2
0 0.865 0.335 0 2
0 0.865 0.345 0 2
0 0.865 0.355 0 2
0 0.865 0.365 0 2
0 0.865 0.375 0 2
0 0.865 0.385 0 2
0 0.865 0.395 0 2
0 0.865 0.405 0 2
0 0.865 0.415 0 2
0 0.865 0.425 0 2
0 0.865 0.435 0 2
0 0.865 0.445 0 2
0 0.865 0.455 0 2
0 0.865 0.465 0 2
