t x y content type
0 -0.055 -0.455 0 2
0 -0.055 -0.445 0 2
0 -0.055 -0.435 0 2
0 -0.055 -0.425 0 2
0 -0.055 -0.415 0 2
0 -0.055 -0.405 0 2
0 -0.055 -0.395 0 2
0 -0.055 -0.385 0 2
0 -0.055 -0.375 0 2
0 -0.055 -0.365 0 2
0 -0.055 -0.355 0 2
0 -0.055 -0.345 0 2
0 -0.055 -0.335 0 1
0 -0.055 -0.325 0 1
0 -0.055 -0.315 0 1
0 -0.055 -0.305 0 1
0 -0.055 -0.295 0 1
0 -0.055 -0.285 0 1
0 -0.055 -0.275 0 1
0 -0.055 -0.265 0 2
0 -0.055 -0.255 0 2
0 -0.055 -0.245 0 2
0 -0.055 -0.235 0 2
0 -0.055 -0.225 0 2
0 -0.055 -0.215 0 2
0 -0.055 -0.205 0 2
0 -0.055 -0.195 0 2
0 -0.055 -0.185 0 2
0 -0.055 -0.175 0 2
0 -0.055 -0.165 0 2
0 -0.055 -0.155 0 2
0 -0.055 -0.145 0 2
0 -0.055 -0.135 0 2
0 -0.055 -0.125 0 2
0 -0.055 -0.115 0 2
0 -0.055 -0.105 0 2
0 -0.055 -0.095 0 2
0 -0.055 -0.085 0 2
0 -0.055 -0.075 0 2
0 -0.055 -0.065 0 2
0 -0.055 -0.055 0 1
0 -0.055 -0.045 0 1
0 -0.055 -0.035 0 1
0 -0.055 -0.025 0 1
0 -0.055 -0.015 0 1
0 -0.055 -0.005 0 1
0 -0.055 0.005 0 1
0 -0.055 0.015 0 1
0 -0.055 0.025 0 1
0 -0.055 0.035 0 1
0 -0.055 0.045 0 1
0 -0.055 0.055 0 1
0 -0.055 0.065 0 1
0 -0.055 0.075 0 2
0 -0.055 0.085 0 2
0 -0.055 0.095 0 2
0 -0.055 0.105 0 2
0 -0.055 0.115 0 2
0 -0.055 0.125 0 2
0 -0.055 0.135 0 2
0 -0.055 0.145 0 1
0 -0.055 0.155 0 1
0 -0.055 0.165 0 1
0 -0.055 0.175 0 1
0 -0.055 0.185 0 1
0 -0.055 0.195 0 1
0 -0.055 0.205 0 1
0 -0.055 0.215 0 1
0 -0.055 0.225 0 1
0 -0.055 0.235 0 1
0 -0.055 0.245 0 2
0 -0.055 0.255 0 2
0 -0.055 0.265 0 2
0 -0.055 0.275 0 2
0 -0.055 0.285 0 1
0 -0.055 0.295 0 1
0 -0.055 0.305 0 1
0 -0.055 0.315 0 1
0 -0.055 0.325 0 1
0 -0.055 0.335 0 1
0 -0.055 0.345 0 1
0 -0.055 0.355 0 1
0 -0.055 0.365 0 1
0 -0.055 0.375 0 2
0 -0.055 0.385 0 2
0 -0.055 0.395 0 2
0 -0.055 0.405 0 2
0 -0.055 0.415 0 2
0 -0.055 0.425 0 2
0 -0.055 0.435 0 2
0 -0.055 0.445 0 2
0 -0.055 0.455 0 2
0 -0.055 0.465 0 1
0 -0.045 -0.455 0 2
0 -0.045 -0.445 0 2
0 -0.045 -0.435 0 2
0 -0.045 -0.425 0 2
0 -0.045 -0.415 0 2
0 -0.045 -0.405 0 2
0 -0.045 -0.395 0 2
0 -0.045 -0.385 0 2
0 -0.045 -0.375 0 2
0 -0.045 -0.365 0 2
0 -0.045 -0.355 0 2
0 -0.045 -0.345 0 2
0 -0.045 -0.335 0 2
0 -0.045 -0.325 0 2
0 -0.045 -0.315 0 2
0 -0.045 -0.305 0 1
0 -0.045 -0.295 0 1
0 -0.045 -0.285 0 2
0 -0.045 -0.275 0 2
0 -0.045 -0.265 0 2
0 -0.045 -0.255 0 2
0 -0.045 -0.245 0 2
0 -0.045 -0.235 0 2
0 -0.045 -0.225 0 2
0 -0.045 -0.215 0 2
0 -0.045 -0.205 0 2
0 -0.045 -0.195 0 2
0 -0.045 -0.185 0 2
0 -0.045 -0.175 0 2
0 -0.045 -0.165 0 2
0 -0.045 -0.155 0 2
0 -0.045 -0.145 0 2
0 -0.045 -0.135 0 2
0 -0.045 -0.125 0 2
0 -0.045 -0.115 0 2
0 -0.045 -0.105 0 2
0 -0.045 -0.095 0 2
0 -0.045 -0.085 0 2
0 -0.045 -0.075 0 2
0 -0.045 -0.065 0 2
0 -0.045 -0.055 0 1
0 -0.045 -0.045 0 1
0 -0.045 -0.035 0 1
0 -0.045 -0.025 0 1
0 -0.045 -0.015 0 1
0 -0.045 -0.005 0 1
0 -0.045 0.005 0 1
0 -0.045 0.015 0 1
0 -0.045 0.025 0 1
0 -0.045 0.035 0 1
0 -0.045 0.045 0 1
0 -0.045 0.055 0 1
0 -0.045 0.065 0 1
0 -0.045 0.075 0 2
0 -0.045 0.085 0 2
0 -0.045 0.095 0 2
0 -0.045 0.105 0 2
0 -0.045 0.115 0 2
0 -0.045 0.125 0 2
0 -0.045 0.135 0 2
0 -0.045 0.145 0 2
0 -0.045 0.155 0 1
0 -0.045 0.165 0 1
0 -0.045 0.175 0 1
0 -0.045 0.185 0 1
0 -0.045 0.195 0 1
0 -0.045 0.205 0 1
0 -0.045 0.215 0 1
0 -0.045 0.225 0 1
0 -0.045 0.235 0 1
0 -0.045 0.245 0 2
0 -0.045 0.255 0 2
0 -0.045 0.265 0 2
0 -0.045 0.275 0 2
0 -0.045 0.285 0 2
0 -0.045 0.295 0 1
0 -0.045 0.305 0 1
0 -0.045 0.315 0 1
0 -0.045 0.325 0 1
0 -0.045 0.335 0 1
0 -0.045 0.345 0 1
0 -0.045 0.355 0 1
0 -0.045 0.365 0 1
0 -0.045 0.375 0 2
0 -0.045 0.385 0 2
0 -0.045 0.395 0 2
0 -0.045 0.405 0 2
0 -0.045 0.415 0 2
0 -0.045 0.425 0 2
0 -0.045 0.435 0 2
0 -0.045 0.445 0 2
0 -0.045 0.455 0 2
0 -0.045 0.465 0 2
0 -0.035 -0.455 0 2
0 -0.035 -0.445 0 2
0 -0.035 -0.435 0 2
0 -0.035 -0.425 0 2
0 -0.035 -0.415 0 2
0 -0.035 -0.405 0 2
0 -0.035 -0.395 0 2
0 -0.035 -0.385 0 2
0 -0.035 -0.375 0 2
0 -0.035 -0.365 0 2
0 -0.035 -0.355 0 2
0 -0.035 -0.345 0 2
0 -0.035 -0.335 0 2
0 -0.035 -0.325 0 2
0 -0.035 -0.315 0 2
0 -0.035 -0.305 0 2
0 -0.035 -0.295 0 2
0 -0.035 -0.285 0 2
0 -0.035 -0.275 0 2
0 -0.035 -0.265 0 2
0 -0.035 -0.255 0 2
0 -0.035 -0.245 0 2
0 -0.035 -0.235 0 2
0 -0.035 -0.225 0 2
0 -0.035 -0.215 0 2
0 -0.035 -0.205 0 2
0 -0.035 -0.195 0 2
0 -0.035 -0.185 0 2
0 -0.035 -0.175 0 2
0 -0.035 -0.165 0 2
0 -0.035 -0.155 0 2
0 -0.035 -0.145 0 2
0 -0.035 -0.135 0 2
0 -0.035 -0.125 0 2
0 -0.035 -0.115 0 2
0 -0.035 -0.105 0 2
0 -0.035 -0.095 0 2
0 -0.035 -0.085 0 2
0 -0.035 -0.075 0 2
0 -0.035 -0.065 0 2
0 -0.035 -0.055 0 1
0 -0.035 -0.045 0 1
0 -0.035 -0.035 0 1
0 -0.035 -0.025 0 1
0 -0.035 -0.015 0 1
0 -0.035 -0.005 0 1
0 -0.035 0.005 0 1
0 -0.035 0.015 0 1
0 -0.035 0.025 0 1
0 -0.035 0.035 0 1
0 -0.035 0.045 0 1
0 -0.035 0.055 0 1
0 -0.035 0.065 0 1
0 -0.035 0.075 0 2
0 -0.035 0.085 0 2
0 -0.035 0.095 0 2
0 -0.035 0.105 0 2
0 -0.035 0.115 0 2
0 -0.035 0.125 0 2
0 -0.035 0.135 0 2
0 -0.035 0.145 0 2
0 -0.035 0.155 0 2
0 -0.035 0.165 0 1
0 -0.035 0.175 0 1
0 -0.035 0.185 0 1
0 -0.035 0.195 0 1
0 -0.035 0.205 0 1
0 -0.035 0.215 0 1
0 -0.035 0.225 0 1
0 -0.035 0.235 0 1
0 -0.035 0.245 0 2
0 -0.035 0.255 0 2
0 -0.035 0.265 0 2
0 -0.035 0.275 0 2
0 -0.035 0.285 0 2
0 -0.035 0.295 0 2
0 -0.035 0.305 0 2
0 -0.035 0.315 0 1
0 -0.035 0.325 0 1
0 -0.035 0.335 0 1
0 -0.035 0.345 0 1
0 -0.035 0.355 0 1
0 -0.035 0.365 0 2
0 -0.035 0.375 0 2
0 -0.035 0.385 0 2
0 -0.035 0.395 0 2
0 -0.035 0.405 0 2
0 -0.035 0.415 0 2
0 -0.035 0.425 0 2
0 -0.035 0.435 0 2
0 -0.035 0.445 0 2
0 -0.035 0.455 0 2
0 -0.035 0.465 0 2
0 -0.025 -0.455 0 2
0 -0.025 -0.445 0 2
0 -0.025 -0.435 0 2
0 -0.025 -0.425 0 2
0 -0.025 -0.415 0 2
0 -0.025 -0.405 0 2
0 -0.025 -0.395 0 2
0 -0.025 -0.385 0 2
0 -0.025 -0.375 0 2
0 -0.025 -0.365 0 2
0 -0.025 -0.355 0 2
0 -0.025 -0.345 0 2
0 -0.025 -0.335 0 2
0 -0.025 -0.325 0 2
0 -0.025 -0.315 0 2
0 -0.025 -0.305 0 2
0 -0.025 -0.295 0 2
0 -0.025 -0.285 0 2
0 -0.025 -0.275 0 2
0 -0.025 -0.265 0 2
0 -0.025 -0.255 0 2
0 -0.025 -0.245 0 2
0 -0.025 -0.235 0 2
0 -0.025 -0.225 0 2
0 -0.025 -0.215 0 2
0 -0.025 -0.205 0 2
0 -0.025 -0.195 0 2
0 -0.025 -0.185 0 2
0 -0.025 -0.175 0 2
0 -0.025 -0.165 0 2
0 -0.025 -0.155 0 2
0 -0.025 -0.145 0 2
0 -0.025 -0.135 0 2
0 -0.025 -0.125 0 2
0 -0.025 -0.115 0 2
0 -0.025 -0.105 0 2
0 -0.025 -0.095 0 2
0 -0.025 -0.085 0 2
0 -0.025 -0.075 0 2
0 -0.025 -0.065 0 2
0 -0.025 -0.055 0 1
0 -0.025 -0.045 0 1
0 -0.025 -0.035 0 1
0 -0.025 -0.025 0 1
0 -0.025 -0.015 0 1
0 -0.025 -0.005 0 1
0 -0.025 0.005 0 1
0 -0.025 0.015 0 1
0 -0.025 0.025 0 1
0 -0.025 0.035 0 1
0 -0.025 0.045 0 1
0 -0.025 0.055 0 1
0 -0.025 0.065 0 2
0 -0.025 0.075 0 2
0 -0.025 0.085 0 2
0 -0.025 0.095 0 2
0 -0.025 0.105 0 2
0 -0.025 0.115 0 2
0 -0.025 0.125 0 2
0 -0.025 0.135 0 2
0 -0.025 0.145 0 2
0 -0.025 0.155 0 2
0 -0.025 0.165 0 2
0 -0.025 0.175 0 2
0 -0.025 0.185 0 2
0 -0.025 0.195 0 1
0 -0.025 0.205 0 1
0 -0.025 0.215 0 1
0 -0.025 0.225 0 2
0 -0.025 0.235 0 2
0 -0.025 0.245 0 2
0 -0.025 0.255 0 2
0 -0.025 0.265 0 2
0 -0.025 0.275 0 2
0 -0.025 0.285 0 2
0 -0.025 0.295 0 2
0 -0.025 0.305 0 2
0 -0.025 0.315 0 2
0 -0.025 0.325 0 2
0 -0.025 0.335 0 2
0 -0.025 0.345 0 2
0 -0.025 0.355 0 2
0 -0.025 0.365 0 2
0 -0.025 0.375 0 1
0 -0.025 0.385 0 1
0 -0.025 0.395 0 1
0 -0.025 0.405 0 2
0 -0.025 0.415 0 2
0 -0.025 0.425 0 2
0 -0.025 0.435 0 2
0 -0.025 0.445 0 2
0 -0.025 0.455 0 2
0 -0.025 0.465 0 2
0 -0.015 -0.455 0 2
0 -0.015 -0.445 0 2
0 -0.015 -0.435 0 2
0 -0.015 -0.425 0 2
0 -0.015 -0.415 0 2
0 -0.015 -0.405 0 2
0 -0.015 -0.395 0 2
0 -0.015 -0.385 0 2
0 -0.015 -0.375 0 2
0 -0.015 -0.365 0 2
0 -0.015 -0.355 0 2
0 -0.015 -0.345 0 2
0 -0.015 -0.335 0 2
0 -0.015 -0.325 0 2
0 -0.015 -0.315 0 2
0 -0.015 -0.305 0 2
0 -0.015 -0.295 0 2
0 -0.015 -0.285 0 2
0 -0.015 -0.275 0 2
0 -0.015 -0.265 0 2
0 -0.015 -0.255 0 2
0 -0.015 -0.245 0 2
0 -0.015 -0.235 0 2
0 -0.015 -0.225 0 2
0 -0.015 -0.215 0 2
0 -0.015 -0.205 0 2
0 -0.015 -0.195 0 2
0 -0.015 -0.185 0 2
0 -0.015 -0.175 0 2
0 -0.015 -0.165 0 2
0 -0.015 -0.155 0 2
0 -0.015 -0.145 0 2
0 -0.015 -0.135 0 2
0 -0.015 -0.125 0 2
0 -0.015 -0.115 0 2
0 -0.015 -0.105 0 2
0 -0.015 -0.095 0 2
0 -0.015 -0.085 0 2
0 -0.015 -0.075 0 2
0 -0.015 -0.065 0 2
0 -0.015 -0.055 0 2
0 -0.015 -0.045 0 1
0 -0.015 -0.035 0 1
0 -0.015 -0.025 0 1
0 -0.015 -0.015 0 2
0 -0.015 -0.005 0 2
0 -0.015 0.005 0 1
0 -0.015 0.015 0 1
0 -0.015 0.025 0 1
0 -0.015 0.035 0 1
0 -0.015 0.045 0 1
0 -0.015 0.055 0 1
0 -0.015 0.065 0 2
0 -0.015 0.075 0 2
0 -0.015 0.085 0 2
0 -0.015 0.095 0 2
0 -0.015 0.105 0 2
0 -0.015 0.115 0 2
0 -0.015 0.125 0 2
0 -0.015 0.135 0 2
0 -0.015 0.145 0 2
0 -0.015 0.155 0 2
0 -0.015 0.165 0 2
0 -0.015 0.175 0 2
0 -0.015 0.185 0 2
0 -0.015 0.195 0 2
0 -0.015 0.205 0 2
0 -0.015 0.215 0 2
0 -0.015 0.225 0 2
0 -0.015 0.235 0 2
0 -0.015 0.245 0 2
0 -0.015 0.255 0 2
0 -0.015 0.265 0 2
0 -0.015 0.275 0 2
0 -0.015 0.285 0 2
0 -0.015 0.295 0 2
0 -0.015 0.305 0 2
0 -0.015 0.315 0 2
0 -0.015 0.325 0 2
0 -0.015 0.335 0 2
0 -0.015 0.345 0 2
0 -0.015 0.355 0 2
0 -0.015 0.365 0 1
0 -0.015 0.375 0 1
0 -0.015 0.385 0 1
0 -0.015 0.395 0 1
0 -0.015 0.405 0 1
0 -0.015 0.415 0 2
0 -0.015 0.425 0 2
0 -0.015 0.435 0 2
0 -0.015 0.445 0 2
0 -0.015 0.455 0 2
0 -0.015 0.465 0 2
0 -0.005 -0.455 0 2
0 -0.005 -0.445 0 2
0 -0.005 -0.435 0 2
0 -0.005 -0.425 0 2
0 -0.005 -0.415 0 2
0 -0.005 -0.405 0 2
0 -0.005 -0.395 0 2
0 -0.005 -0.385 0 2
0 -0.005 -0.375 0 2
0 -0.005 -0.365 0 2
0 -0.005 -0.355 0 2
0 -0.005 -0.345 0 2
0 -0.005 -0.335 0 2
0 -0.005 -0.325 0 2
0 -0.005 -0.315 0 2
0 -0.005 -0.305 0 2
0 -0.005 -0.295 0 2
0 -0.005 -0.285 0 2
0 -0.005 -0.275 0 2
0 -0.005 -0.265 0 2
0 -0.005 -0.255 0 2
0 -0.005 -0.245 0 2
0 -0.005 -0.235 0 2
0 -0.005 -0.225 0 2
0 -0.005 -0.215 0 2
0 -0.005 -0.205 0 2
0 -0.005 -0.195 0 2
0 -0.005 -0.185 0 2
0 -0.005 -0.175 0 2
0 -0.005 -0.165 0 2
0 -0.005 -0.155 0 2
0 -0.005 -0.145 0 2
0 -0.005 -0.135 0 2
0 -0.005 -0.125 0 2
0 -0.005 -0.115 0 2
0 -0.005 -0.105 0 2
0 -0.005 -0.095 0 2
0 -0.005 -0.085 0 2
0 -0.005 -0.075 0 2
0 -0.005 -0.065 0 2
0 -0.005 -0.055 0 2
0 -0.005 -0.045 0 2
0 -0.005 -0.035 0 2
0 -0.005 -0.025 0 2
0 -0.005 -0.015 0 2
0 -0.005 -0.005 0 2
0 -0.005 0.005 0 2
0 -0.005 0.015 0 1
0 -0.005 0.025 0 1
0 -0.005 0.035 0 1
0 -0.005 0.045 0 1
0 -0.005 0.055 0 2
0 -0.005 0.065 0 2
0 -0.005 0.075 0 2
0 -0.005 0.085 0 2
0 -0.005 0.095 0 2
0 -0.005 0.105 0 2
0 -0.005 0.115 0 2
0 -0.005 0.125 0 2
0 -0.005 0.135 0 2
0 -0.005 0.145 0 2
0 -0.005 0.155 0 2
0 -0.005 0.165 0 2
0 -0.005 0.175 0 2
0 -0.005 0.185 0 2
0 -0.005 0.195 0 2
0 -0.005 0.205 0 2
0 -0.005 0.215 0 2
0 -0.005 0.225 0 2
0 -0.005 0.235 0 2
0 -0.005 0.245 0 2
0 -0.005 0.255 0 2
0 -0.005 0.265 0 2
0 -0.005 0.275 0 2
0 -0.005 0.285 0 2
0 -0.005 0.295 0 2
0 -0.005 0.305 0 2
0 -0.005 0.315 0 2
0 -0.005 0.325 0 2
0 -0.005 0.335 0 2
0 -0.005 0.345 0 2
0 -0.005 0.355 0 2
0 -0.005 0.365 0 1
0 -0.005 0.375 0 1
0 -0.005 0.385 0 1
0 -0.005 0.395 0 1
0 -0.005 0.405 0 1
0 -0.005 0.415 0 1
0 -0.005 0.425 0 2
0 -0.005 0.435 0 2
0 -0.005 0.445 0 2
0 -0.005 0.455 0 2
0 -0.005 0.465 0 2
0 0.005 -0.455 0 1
0 0.005 -0.445 0 2
0 0.005 -0.435 0 2
0 0.005 -0.425 0 2
0 0.005 -0.415 0 2
0 0.005 -0.405 0 2
0 0.005 -0.395 0.0001328177299 2
0 0.005 -0.385 0.0001545128642 2
0 0.005 -0.375 0.0001503594608 2
0 0.005 -0.365 0.0001228767027 2
0 0.005 -0.355 8.110601032e-05 2
0 0.005 -0.345 2.874630511e-05 2
0 0.005 -0.335 -3.091814673e-05 2
0 0.005 -0.325 -9.539592834e-05 2
0 0.005 -0.315 -0.000162394513 2
0 0.005 -0.305 -0.0002297673811 2
0 0.005 -0.295 -0.000295422793 2
0 0.005 -0.285 -0.0003571789388 2
0 0.005 -0.275 -0.0004158396658 2
0 0.005 -0.265 -0.000472339116 2
0 0.005 -0.255 -0.0005325283333 2
0 0.005 -0.245 -0.000596006019 2
0 0.005 -0.235 -0.0006566191895 2
0 0.005 -0.225 -0.0007038959011 2
0 0.005 -0.215 -0.0007379259885 2
0 0.005 -0.205 -0.0007634926574 2
0 0.005 -0.195 -0.0007870907797 2
0 0.005 -0.185 -0.0008035488744 2
0 0.005 -0.175 -0.0008121860704 2
0 0.005 -0.165 -0.000812899838 2
0 0.005 -0.155 -0.0008060124868 2
0 0.005 -0.145 -0.0007916103969 2
0 0.005 -0.135 -0.0007700501023 2
0 0.005 -0.125 -0.0007418022804 2
0 0.005 -0.115 -0.0007073588551 2
0 0.005 -0.105 -0.0006672259522 2
0 0.005 -0.095 -0.0006219192965 2
0 0.005 -0.085 -0.0005720203326 2
0 0.005 -0.075 -0.0005181562001 2
0 0.005 -0.065 -0.0004620021518 2
0 0.005 -0.055 -0.0004036762589 2
0 0.005 -0.045 -0.0003381119719 2
0 0.005 -0.035 -0.000262560045 2
0 0.005 -0.025 -0.0001855697089 2
0 0.005 -0.015 -0.0001206012958 2
0 0.005 -0.005 -6.568755275e-05 2
0 0.005 0.005 -7.815515702e-06 2
0 0.005 0.015 6.397683728e-05 2
0 0.005 0.025 0.0001382446043 2
0 0.005 0.035 0.0002117536241 2
0 0.005 0.045 0.0002893585885 2
0 0.005 0.055 0.000361146704 2
0 0.005 0.065 0.0004226145553 2
0 0.005 0.075 0.0004793314182 2
0 0.005 0.085 0.000531382619 2
0 0.005 0.095 0.0005788354815 2
0 0.005 0.105 0.0006206860241 2
0 0.005 0.115 0.0006569172627 2
0 0.005 0.125 0.0006877105569 2
0 0.005 0.135 0.0007137068222 2
0 0.005 0.145 0.000735285387 2
0 0.005 0.155 0.0007544136714 2
0 0.005 0.165 0.0007677748335 2
0 0.005 0.175 0.0007669398852 2
0 0.005 0.185 0.0007610637564 1
0 0.005 0.195 0.0007540077072 1
0 0.005 0.205 0.0007434377706 1
0 0.005 0.215 0.0007248997793 1
0 0.005 0.225 0.0006979929369 1
0 0.005 0.235 0.0006459196631 2
0 0.005 0.245 0.0005801345731 2
0 0.005 0.255 0.0005086105036 2
0 0.005 0.265 0.000441106728 2
0 0.005 0.275 0.0003754764094 2
0 0.005 0.285 0.0003126996871 2
0 0.005 0.295 0.0002487250067 2
0 0.005 0.305 0.0001828618705 2
0 0.005 0.315 0.0001164463603 2
0 0.005 0.325 5.225323461e-05 2
0 0.005 0.335 -7.006076267e-06 2
0 0.005 0.345 -4.797494612e-05 2
0 0.005 0.355 -7.049633928e-05 1
0 0.005 0.365 -9.398900146e-05 1
0 0.005 0.375 -0.00011357149 1
0 0.005 0.385 -0.0001153114795 1
0 0.005 0.395 -9.764688314e-05 1
0 0.005 0.405 0 1
0 0.005 0.415 0 1
0 0.005 0.425 0 1
0 0.005 0.435 0 2
0 0.005 0.445 0 2
0 0.005 0.455 0 2
0 0.005 0.465 0 2
0 0.015 -0.455 0 1
0 0.015 -0.445 0 2
0 0.015 -0.435 0 2
0 0.015 -0.425 0 2
0 0.015 -0.415 0 2
0 0.015 -0.405 0 2
0 0.015 -0.395 0.0001524259056 2
0 0.015 -0.385 0.0001864743383 2
0 0.015 -0.375 0.000188720913 2
0 0.015 -0.365 0.000153401507 2
0 0.015 -0.355 9.427138934e-05 2
0 0.015 -0.345 1.657917824e-05 2
0 0.015 -0.335 -7.437197515e-05 2
0 0.015 -0.325 -0.0001746304369 2
0 0.015 -0.315 -0.0002806860829 2
0 0.015 -0.305 -0.0003896566558 2
0 0.015 -0.295 -0.0004984323591 2
0 0.015 -0.285 -0.0006040055109 2
0 0.015 -0.275 -0.0007078536247 2
0 0.015 -0.265 -0.0008086301352 2
0 0.015 -0.255 -0.0009086076668 2
0 0.015 -0.245 -0.001000114278 2
0 0.015 -0.235 -0.001078489836 2
0 0.015 -0.225 -0.001143004387 2
0 0.015 -0.215 -0.001195280638 2
0 0.015 -0.205 -0.001238751076 2
0 0.015 -0.195 -0.001272836802 2
0 0.015 -0.185 -0.001295135813 2
0 0.015 -0.175 -0.001309482719 2
0 0.015 -0.165 -0.001311217438 2
0 0.015 -0.155 -0.001300680253 2
0 0.015 -0.145 -0.001278182368 2
0 0.015 -0.135 -0.001244208829 2
0 0.015 -0.125 -0.001199432933 2
0 0.015 -0.115 -0.001144632007 2
0 0.015 -0.105 -0.001080601612 2
0 0.015 -0.095 -0.001008161114 2
0 0.015 -0.085 -0.0009281759034 2
0 0.015 -0.075 -0.0008414916144 2
0 0.015 -0.065 -0.0007487409888 2
0 0.015 -0.055 -0.0006500444743 2
0 0.015 -0.045 -0.0005456733736 2
0 0.015 -0.035 -0.0004370174714 2
0 0.015 -0.025 -0.0003268245312 2
0 0.015 -0.015 -0.0002176175649 2
0 0.015 -0.005 -0.0001147404885 2
0 0.015 0.005 -1.142816105e-05 2
0 0.015 0.015 0.0001051184449 2
0 0.015 0.025 0.0002335227311 2
0 0.015 0.035 0.0003667304094 2
0 0.015 0.045 0.000491487124 2
0 0.015 0.055 0.0005993955916 2
0 0.015 0.065 0.0006915431362 2
0 0.015 0.075 0.0007776063725 2
0 0.015 0.085 0.0008589209342 2
0 0.015 0.095 0.000932751132 2
0 0.015 0.105 0.0009980168109 2
0 0.015 0.115 0.001053953538 2
0 0.015 0.125 0.001100226531 2
0 0.015 0.135 0.001136934944 2
0 0.015 0.145 0.00116398871 2
0 0.015 0.155 0.001183944608 2
0 0.015 0.165 0.001186590369 2
0 0.015 0.175 0.001171355123 2
0 0.015 0.185 0.001152605043 1
0 0.015 0.195 0.001128152005 1
0 0.015 0.205 0.001097796989 1
0 0.015 0.215 0.001067485871 1
0 0.015 0.225 0.001028790874 1
0 0.015 0.235 0.0009807289961 1
0 0.015 0.245 0.0009217233644 1
0 0.015 0.255 0.0008331342166 2
0 0.015 0.265 0.0007307024512 2
0 0.015 0.275 0.0006257428818 2
0 0.015 0.285 0.0005238902822 2
0 0.015 0.295 0.0004223690713 2
0 0.015 0.305 0.0003192786357 2
0 0.015 0.315 0.0002173850428 2
0 0.015 0.325 0.0001203762033 2
0 0.015 0.335 3.223467233e-05 2
0 0.015 0.345 -3.535503897e-05 2
0 0.015 0.355 -7.970236179e-05 1
0 0.015 0.365 -0.0001140852339 1
0 0.015 0.375 -0.000138816761 1
0 0.015 0.385 -0.0001381176927 1
0 0.015 0.395 -0.0001108841572 1
0 0.015 0.405 0 1
0 0.015 0.415 0 1
0 0.015 0.425 0 1
0 0.015 0.435 0 2
0 0.015 0.445 0 2
0 0.015 0.455 0 2
0 0.015 0.465 0 2
0 0.025 -0.455 0 1
0 0.025 -0.445 0 1
0 0.025 -0.435 0 2
0 0.025 -0.425 0 2
0 0.025 -0.415 0 2
0 0.025 -0.405 0 2
0 0.025 -0.395 0.0001478669367 2
0 0.025 -0.385 0.000186233864 2
0 0.025 -0.375 0.0001925754245 2
0 0.025 -0.365 0.0001532741367 2
0 0.025 -0.355 8.291908915e-05 2
0 0.025 -0.345 -1.301823766e-05 2
0 0.025 -0.335 -0.0001279594217 2
0 0.025 -0.325 -0.000256914097 2
0 0.025 -0.315 -0.000395527081 2
0 0.025 -0.305 -0.0005408206717 2
0 0.025 -0.295 -0.0006889897141 2
0 0.025 -0.285 -0.0008395395876 2
0 0.025 -0.275 -0.0009860441813 2
0 0.025 -0.265 -0.001124878619 2
0 0.025 -0.255 -0.001253680729 1
0 0.025 -0.245 -0.001350787224 1
0 0.025 -0.235 -0.001431084881 1
0 0.025 -0.225 -0.001502344244 2
0 0.025 -0.215 -0.001573198573 2
0 0.025 -0.205 -0.001639381326 2
0 0.025 -0.195 -0.001688898171 2
0 0.025 -0.185 -0.001720770634 2
0 0.025 -0.175 -0.001738748482 2
0 0.025 -0.165 -0.001743089847 2
0 0.025 -0.155 -0.001730436886 2
0 0.025 -0.145 -0.001701757552 2
0 0.025 -0.135 -0.001657832581 2
0 0.025 -0.125 -0.001599437515 2
0 0.025 -0.115 -0.001527630679 2
0 0.025 -0.105 -0.001443455473 2
0 0.025 -0.095 -0.001347984272 2
0 0.025 -0.085 -0.001242326239 2
0 0.025 -0.075 -0.001127562649 2
0 0.025 -0.065 -0.001004633947 2
0 0.025 -0.055 -0.0008739185314 2
0 0.025 -0.045 -0.0007358397044 2
0 0.025 -0.035 -0.0005917823071 2
0 0.025 -0.025 -0.0004446639807 2
0 0.025 -0.015 -0.0002969899327 2
0 0.025 -0.005 -0.0001487196962 2
0 0.025 0.005 3.366675048e-06 2
0 0.025 0.015 0.00016229813 2
0 0.025 0.025 0.0003264764207 2
0 0.025 0.035 0.0004900902528 2
0 0.025 0.045 0.0006458573264 2
0 0.025 0.055 0.0007889717976 2
0 0.025 0.065 0.0009180430668 2
0 0.025 0.075 0.001035134363 2
0 0.025 0.085 0.001142159179 2
0 0.025 0.095 0.00123859973 2
0 0.025 0.105 0.001323167535 2
0 0.025 0.115 0.001394583212 2
0 0.025 0.125 0.001451865737 2
0 0.025 0.135 0.001494197724 2
0 0.025 0.145 0.001520866387 2
0 0.025 0.155 0.001530660353 2
0 0.025 0.165 0.001521646162 2
0 0.025 0.175 0.001499585947 1
0 0.025 0.185 0.001470795797 1
0 0.025 0.195 0.001432909398 1
0 0.025 0.205 0.001388613464 1
0 0.025 0.215 0.001340479407 1
0 0.025 0.225 0.001284312976 1
0 0.025 0.235 0.001224479332 1
0 0.025 0.245 0.001161294422 1
0 0.025 0.255 0.00108111271 1
0 0.025 0.265 0.0009748578222 2
0 0.025 0.275 0.0008536040439 2
0 0.025 0.285 0.0007225717962 2
0 0.025 0.295 0.0005880030532 2
0 0.025 0.305 0.0004556244812 2
0 0.025 0.315 0.0003271591324 2
0 0.025 0.325 0.0002070339399 2
0 0.025 0.335 0.0001026435544 2
0 0.025 0.345 1.131545027e-05 2
0 0.025 0.355 -6.492483388e-05 2
0 0.025 0.365 -0.0001159061285 1
0 0.025 0.375 -0.0001422441961 1
0 0.025 0.385 -0.0001362607347 1
0 0.025 0.395 -0.0001065038378 1
0 0.025 0.405 0 1
0 0.025 0.415 0 1
0 0.025 0.425 0 1
0 0.025 0.435 0 2
0 0.025 0.445 0 2
0 0.025 0.455 0 2
0 0.025 0.465 0 2
0 0.035 -0.455 0 1
0 0.035 -0.445 0 1
0 0.035 -0.435 0 2
0 0.035 -0.425 0 2
0 0.035 -0.415 0 2
0 0.035 -0.405 0 2
0 0.035 -0.395 0.0001385776203 2
0 0.035 -0.385 0.0001752515228 2
0 0.035 -0.375 0.0001803192663 2
0 0.035 -0.365 0.0001379891507 2
0 0.035 -0.355 6.03590551e-05 2
0 0.035 -0.345 -4.78318392e-05 2
0 0.035 -0.335 -0.0001795083039 2
0 0.035 -0.325 -0.0003290130932 2
0 0.035 -0.315 -0.0004914021201 2
0 0.035 -0.305 -0.0006639553496 2
0 0.035 -0.295 -0.0008421204343 2
0 0.035 -0.285 -0.00102897749 2
0 0.035 -0.275 -0.001199315149 2
0 0.035 -0.265 -0.001345990528 1
0 0.035 -0.255 -0.001472857127 1
0 0.035 -0.245 -0.001586515547 1
0 0.035 -0.235 -0.001688280189 1
0 0.035 -0.225 -0.001776466874 1
0 0.035 -0.215 -0.001852945261 1
0 0.035 -0.205 -0.001925330981 2
0 0.035 -0.195 -0.001993960954 2
0 0.035 -0.185 -0.002045481505 2
0 0.035 -0.175 -0.0020715278 2
0 0.035 -0.165 -0.002077548968 2
0 0.035 -0.155 -0.002065099542 2
0 0.035 -0.145 -0.002032769181 2
0 0.035 -0.135 -0.001982058026 2
0 0.035 -0.125 -0.001913940947 2
0 0.035 -0.115 -0.001829666342 2
0 0.035 -0.105 -0.001730465363 2
0 0.035 -0.095 -0.001617563718 2
0 0.035 -0.085 -0.001492192978 2
0 0.035 -0.075 -0.001355517681 2
0 0.035 -0.065 -0.001208617148 2
0 0.035 -0.055 -0.001052469242 2
0 0.035 -0.045 -0.0008881779345 2
0 0.035 -0.035 -0.0007171973193 2
0 0.035 -0.025 -0.0005414383231 2
0 0.035 -0.015 -0.0003624116399 2
0 0.035 -0.005 -0.0001804343089 2
0 0.035 0.005 5.673800282e-06 2
0 0.035 0.015 0.0001966497966 2
0 0.035 0.025 0.0003903275479 2
0 0.035 0.035 0.0005817035019 2
0 0.035 0.045 0.0007646374872 2
0 0.035 0.055 0.000934761665 2
0 0.035 0.065 0.00109041619 2
0 0.035 0.075 0.001232203085 2
0 0.035 0.085 0.001360723344 2
0 0.035 0.095 0.001475293237 2
0 0.035 0.105 0.001574639389 2
0 0.035 0.115 0.001657256236 2
0 0.035 0.125 0.001721714429 2
0 0.035 0.135 0.00176651984 2
0 0.035 0.145 0.001790793747 2
0 0.035 0.155 0.001790713629 2
0 0.035 0.165 0.00177742796 2
0 0.035 0.175 0.001754073999 2
0 0.035 0.185 0.001713786751 1
0 0.035 0.195 0.001669304703 1
0 0.035 0.205 0.001620007364 1
0 0.035 0.215 0.001557309501 1
0 0.035 0.225 0.001487481903 1
0 0.035 0.235 0.001411873734 1
0 0.035 0.245 0.001330545985 1
0 0.035 0.255 0.001239477458 1
0 0.035 0.265 0.001140042395 1
0 0.035 0.275 0.001025102363 2
0 0.035 0.285 0.0008833750546 2
0 0.035 0.295 0.0007258757278 2
0 0.035 0.305 0.0005748224773 2
0 0.035 0.315 0.0004290921506 2
0 0.035 0.325 0.0002937301677 2
0 0.035 0.335 0.0001738439581 2
0 0.035 0.345 6.50228233e-05 2
0 0.035 0.355 -2.57210975e-05 2
0 0.035 0.365 -8.723348615e-05 1
0 0.035 0.375 -0.0001187742697 1
0 0.035 0.385 -0.0001169695073 1
0 0.035 0.395 -9.473388928e-05 1
0 0.035 0.405 0 1
0 0.035 0.415 0 1
0 0.035 0.425 0 1
0 0.035 0.435 0 1
0 0.035 0.445 0 2
0 0.035 0.455 0 2
0 0.035 0.465 0 2
0 0.045 -0.455 0 1
0 0.045 -0.445 0 1
0 0.045 -0.435 0 2
0 0.045 -0.425 0 2
0 0.045 -0.415 0 2
0 0.045 -0.405 0 2
0 0.045 -0.395 0.0001265713199 2
0 0.045 -0.385 0.0001604420952 2
0 0.045 -0.375 0.0001639435831 2
0 0.045 -0.365 0.0001199132766 2
0 0.045 -0.355 3.813451505e-05 2
0 0.045 -0.345 -7.756753141e-05 2
0 0.045 -0.335 -0.0002204432264 2
0 0.045 -0.325 -0.0003845098791 2
0 0.045 -0.315 -0.0005638499524 2
0 0.045 -0.305 -0.0007553549827 2
0 0.045 -0.295 -0.0009534497077 2
0 0.045 -0.285 -0.001159404329 2
0 0.045 -0.275 -0.001340544717 2
0 0.045 -0.265 -0.001495676573 1
0 0.045 -0.255 -0.001630999272 1
0 0.045 -0.245 -0.001754710776 1
0 0.045 -0.235 -0.00187075067 1
0 0.045 -0.225 -0.001974840015 1
0 0.045 -0.215 -0.00206553405 1
0 0.045 -0.205 -0.002138375563 1
0 0.045 -0.195 -0.002211129374 2
0 0.045 -0.185 -0.002282170802 2
0 0.045 -0.175 -0.002322961031 2
0 0.045 -0.165 -0.002333629131 2
0 0.045 -0.155 -0.002324437496 2
0 0.045 -0.145 -0.002291052357 2
0 0.045 -0.135 -0.002236261592 2
0 0.045 -0.125 -0.002161709999 2
0 0.045 -0.115 -0.002068699685 2
0 0.045 -0.105 -0.0019586122 2
0 0.045 -0.095 -0.001832776551 2
0 0.045 -0.085 -0.001692561339 2
0 0.045 -0.075 -0.001539288719 2
0 0.045 -0.065 -0.001374209672 2
0 0.045 -0.055 -0.0011985118 2
0 0.045 -0.045 -0.001013458711 2
0 0.045 -0.035 -0.0008204873569 2
0 0.045 -0.025 -0.0006211399918 2
0 0.045 -0.015 -0.0004167012741 2
0 0.045 -0.005 -0.0002079582199 2
0 0.045 0.005 4.661160802e-06 2
0 0.045 0.015 0.000220146373 2
0 0.045 0.025 0.0004359159667 2
0 0.045 0.035 0.0006479343768 2
0 0.045 0.045 0.0008516487563 2
0 0.045 0.055 0.001043322981 2
0 0.045 0.065 0.001220706237 2
0 0.045 0.075 0.001382845086 2
0 0.045 0.085 0.00152912644 2
0 0.045 0.095 0.001658591103 2
0 0.045 0.105 0.001769906166 2
0 0.045 0.115 0.001861464486 2
0 0.045 0.125 0.001931620451 2
0 0.045 0.135 0.001978677741 2
0 0.045 0.145 0.002001751652 2
0 0.045 0.155 0.001999103377 2
0 0.045 0.165 0.001978954277 2
0 0.045 0.175 0.001950865047 2
0 0.045 0.185 0.001907926806 1
0 0.045 0.195 0.001855330715 1
0 0.045 0.205 0.001797047901 1
0 0.045 0.215 0.00172738918 1
0 0.045 0.225 0.001647414846 1
0 0.045 0.235 0.00156037866 1
0 0.045 0.245 0.00146779793 1
0 0.045 0.255 0.001373555112 1
0 0.045 0.265 0.001266406576 1
0 0.045 0.275 0.001141990106 2
0 0.045 0.285 0.0009976332345 2
0 0.045 0.295 0.0008342555863 2
0 0.045 0.305 0.0006734376083 2
0 0.045 0.315 0.0005181416669 2
0 0.045 0.325 0.0003743013786 2
0 0.045 0.335 0.00024430755 2
0 0.045 0.345 0.0001304591022 2
0 0.045 0.355 3.407849209e-05 2
0 0.045 0.365 -3.846287932e-05 1
0 0.045 0.375 -7.808512115e-05 1
0 0.045 0.385 -8.475107014e-05 1
0 0.045 0.395 -7.435070504e-05 1
0 0.045 0.405 0 1
0 0.045 0.415 0 1
0 0.045 0.425 0 1
0 0.045 0.435 0 1
0 0.045 0.445 0 2
0 0.045 0.455 0 2
0 0.045 0.465 0 2
0 0.055 -0.455 0 1
0 0.055 -0.445 0 2
0 0.055 -0.435 0 2
0 0.055 -0.425 0 2
0 0.055 -0.415 0 2
0 0.055 -0.405 0 2
0 0.055 -0.395 0.0001164409119 2
0 0.055 -0.385 0.0001526613362 2
0 0.055 -0.375 0.0001587631494 2
0 0.055 -0.365 0.000114567639 2
0 0.055 -0.355 3.116903431e-05 2
0 0.055 -0.345 -8.969092774e-05 2
0 0.055 -0.335 -0.0002432335659 2
0 0.055 -0.325 -0.0004184388225 2
0 0.055 -0.315 -0.000608611407 2
0 0.055 -0.305 -0.0008128174135 2
0 0.055 -0.295 -0.001024508769 2
0 0.055 -0.285 -0.00124311769 2
0 0.055 -0.275 -0.001438385625 2
0 0.055 -0.265 -0.001609653045 1
0 0.055 -0.255 -0.001755959116 1
0 0.055 -0.245 -0.001883192937 1
0 0.055 -0.235 -0.00200610355 1
0 0.055 -0.225 -0.002119658886 1
0 0.055 -0.215 -0.0022222086 1
0 0.055 -0.205 -0.002303356439 1
0 0.055 -0.195 -0.002371578685 1
0 0.055 -0.185 -0.00244563116 2
0 0.055 -0.175 -0.002503722798 2
0 0.055 -0.165 -0.002527003058 2
0 0.055 -0.155 -0.002519488951 2
0 0.055 -0.145 -0.002487088828 2
0 0.055 -0.135 -0.002430632172 2
0 0.055 -0.125 -0.002352642762 2
0 0.055 -0.115 -0.002254253322 2
0 0.055 -0.105 -0.002136916255 2
0 0.055 -0.095 -0.002002024927 2
0 0.055 -0.085 -0.001851082835 2
0 0.055 -0.075 -0.001685573229 2
0 0.055 -0.065 -0.001506910313 2
0 0.055 -0.055 -0.001316436339 2
0 0.055 -0.045 -0.001115498344 2
0 0.055 -0.035 -0.000905506607 2
0 0.055 -0.025 -0.0006879120775 2
0 0.055 -0.015 -0.0004640808895 2
0 0.055 -0.005 -0.0002352571595 2
0 0.055 0.005 -2.743317591e-06 2
0 0.055 0.015 0.0002316247641 2
0 0.055 0.025 0.0004650622639 2
0 0.055 0.035 0.0006939455326 2
0 0.055 0.045 0.000914376812 2
0 0.055 0.055 0.001122934086 2
0 0.055 0.065 0.001317083007 2
0 0.055 0.075 0.001495116342 2
0 0.055 0.085 0.001655698807 2
0 0.055 0.095 0.001797460801 2
0 0.055 0.105 0.001918874105 2
0 0.055 0.115 0.002018274873 2
0 0.055 0.125 0.002094003145 2
0 0.055 0.135 0.002144577773 2
0 0.055 0.145 0.002168979816 2
0 0.055 0.155 0.002169324347 2
0 0.055 0.165 0.002139750807 2
0 0.055 0.175 0.002100943684 2
0 0.055 0.185 0.002055668779 1
0 0.055 0.195 0.001996531797 1
0 0.055 0.205 0.001926397094 1
0 0.055 0.215 0.001852450197 1
0 0.055 0.225 0.001767733186 1
0 0.055 0.235 0.001673609654 1
0 0.055 0.245 0.001572679977 1
0 0.055 0.255 0.00147113071 1
0 0.055 0.265 0.00135729317 1
0 0.055 0.275 0.001225378759 2
0 0.055 0.285 0.001080311449 2
0 0.055 0.295 0.0009169044035 2
0 0.055 0.305 0.0007487696305 2
0 0.055 0.315 0.0005893256914 2
0 0.055 0.325 0.0004428030337 2
0 0.055 0.335 0.0003122337992 2
0 0.055 0.345 0.0002025065 2
0 0.055 0.355 0.0001067397421 2
0 0.055 0.365 2.014178751e-05 2
0 0.055 0.375 -3.591628415e-05 1
0 0.055 0.385 -5.253243956e-05 1
0 0.055 0.395 -5.078170214e-05 1
0 0.055 0.405 0 1
0 0.055 0.415 0 1
0 0.055 0.425 0 1
0 0.055 0.435 0 2
0 0.055 0.445 0 2
0 0.055 0.455 0 2
0 0.055 0.465 0 2
0 0.065 -0.455 0 2
0 0.065 -0.445 0 2
0 0.065 -0.435 0 2
0 0.065 -0.425 0 2
0 0.065 -0.415 0 2
0 0.065 -0.405 0 2
0 0.065 -0.395 0.0001192755794 2
0 0.065 -0.385 0.0001564196959 2
0 0.065 -0.375 0.000156316245 2
0 0.065 -0.365 0.0001074853975 2
0 0.065 -0.355 2.855338186e-05 2
0 0.065 -0.345 -8.613550806e-05 2
0 0.065 -0.335 -0.0002393137983 2
0 0.065 -0.325 -0.0004212642614 2
0 0.065 -0.315 -0.0006229828971 2
0 0.065 -0.305 -0.0008393160645 2
0 0.065 -0.295 -0.001061139367 2
0 0.065 -0.285 -0.001291540587 2
0 0.065 -0.275 -0.001503063082 2
0 0.065 -0.265 -0.001687629238 1
0 0.065 -0.255 -0.00184172196 1
0 0.065 -0.245 -0.001977677195 1
0 0.065 -0.235 -0.002110273087 1
0 0.065 -0.225 -0.002228153483 1
0 0.065 -0.215 -0.002334603922 1
0 0.065 -0.205 -0.002426271322 1
0 0.065 -0.195 -0.002496649545 1
0 0.065 -0.185 -0.002564604467 2
0 0.065 -0.175 -0.002631352676 2
0 0.065 -0.165 -0.002667029723 2
0 0.065 -0.155 -0.00266066261 2
0 0.065 -0.145 -0.002631046085 2
0 0.065 -0.135 -0.002575429103 2
0 0.065 -0.125 -0.002496848835 2
0 0.065 -0.115 -0.002396152241 2
0 0.065 -0.105 -0.002274753242 2
0 0.065 -0.095 -0.002134103858 2
0 0.065 -0.085 -0.001975891208 2
0 0.065 -0.075 -0.001801801597 2
0 0.065 -0.065 -0.001613398543 2
0 0.065 -0.055 -0.001412112894 2
0 0.065 -0.045 -0.001199326508 2
0 0.065 -0.035 -0.0009764560964 2
0 0.065 -0.025 -0.000744982531 2
0 0.065 -0.015 -0.000506447854 2
0 0.065 -0.005 -0.0002624898517 2
0 0.065 0.005 -1.497302426e-05 2
0 0.065 0.015 0.000233793589 2
0 0.065 0.025 0.0004809112455 2
0 0.065 0.035 0.0007230013462 2
0 0.065 0.045 0.0009565453143 2
0 0.065 0.055 0.001178303744 2
0 0.065 0.065 0.001385574471 2
0 0.065 0.075 0.001576201329 2
0 0.065 0.085 0.00174837464 2
0 0.065 0.095 0.001900412567 2
0 0.065 0.105 0.002030649998 2
0 0.065 0.115 0.002137434411 2
0 0.065 0.125 0.002219181614 2
0 0.065 0.135 0.002274651905 2
0 0.065 0.145 0.002302558854 2
0 0.065 0.155 0.002304166912 2
0 0.065 0.165 0.002274374761 2
0 0.065 0.175 0.002228018019 2
0 0.065 0.185 0.002172579848 2
0 0.065 0.195 0.002096491045 1
0 0.065 0.205 0.002018231953 1
0 0.065 0.215 0.001939785413 1
0 0.065 0.225 0.001851153792 1
0 0.065 0.235 0.001752190075 1
0 0.065 0.245 0.001647408564 1
0 0.065 0.255 0.001533420525 1
0 0.065 0.265 0.001410235682 1
0 0.065 0.275 0.001283428536 1
0 0.065 0.285 0.00113982416 2
0 0.065 0.295 0.0009714460257 2
0 0.065 0.305 0.0007994607052 2
0 0.065 0.315 0.0006395677288 2
0 0.065 0.325 0.0004934299494 2
0 0.065 0.335 0.000364188219 2
0 0.065 0.345 0.0002552042812 2
0 0.065 0.355 0.0001633649451 2
0 0.065 0.365 8.090006455e-05 2
0 0.065 0.375 1.150867256e-05 2
0 0.065 0.385 -2.002576106e-05 1
0 0.065 0.395 -2.533976762e-05 1
0 0.065 0.405 0 1
0 0.065 0.415 0 1
0 0.065 0.425 0 1
0 0.065 0.435 0 2
0 0.065 0.445 0 2
0 0.065 0.455 0 2
0 0.065 0.465 0 2
0 0.075 -0.455 0 2
0 0.075 -0.445 0 2
0 0.075 -0.435 0 2
0 0.075 -0.425 0 2
0 0.075 -0.415 0 2
0 0.075 -0.405 0 2
0 0.075 -0.395 0.0001237065794 2
0 0.075 -0.385 0.0001506232719 2
0 0.075 -0.375 0.0001340738155 2
0 0.075 -0.365 8.19554844e-05 1
0 0.075 -0.355 6.82179216e-06 1
0 0.075 -0.345 -9.408749702e-05 1
0 0.075 -0.335 -0.0002252311995 1
0 0.075 -0.325 -0.0004034073749 2
0 0.075 -0.315 -0.0006124676861 2
0 0.075 -0.305 -0.0008390790982 2
0 0.075 -0.295 -0.001070681183 2
0 0.075 -0.285 -0.001305440911 2
0 0.075 -0.275 -0.001533855952 2
0 0.075 -0.265 -0.001736353897 1
0 0.075 -0.255 -0.001900582833 1
0 0.075 -0.245 -0.002045713813 1
0 0.075 -0.235 -0.00218403458 1
0 0.075 -0.225 -0.002306919523 1
0 0.075 -0.215 -0.002415494262 1
0 0.075 -0.205 -0.002513504487 1
0 0.075 -0.195 -0.002587296963 1
0 0.075 -0.185 -0.002647239275 1
0 0.075 -0.175 -0.002712438061 2
0 0.075 -0.165 -0.002756174961 2
0 0.075 -0.155 -0.002757090858 2
0 0.075 -0.145 -0.002732538571 2
0 0.075 -0.135 -0.002680573228 2
0 0.075 -0.125 -0.002604195898 2
0 0.075 -0.115 -0.002504020037 2
0 0.075 -0.105 -0.002381282347 2
0 0.075 -0.095 -0.002237527653 2
0 0.075 -0.085 -0.00207474738 2
0 0.075 -0.075 -0.001894932222 2
0 0.075 -0.065 -0.001699805122 2
0 0.075 -0.055 -0.001490842663 2
0 0.075 -0.045 -0.001269439 2
0 0.075 -0.035 -0.00103705328 2
0 0.075 -0.025 -0.0007952542451 2
0 0.075 -0.015 -0.000545766533 2
0 0.075 -0.005 -0.000290515746 2
0 0.075 0.005 -3.171207037e-05 2
0 0.075 0.015 0.0002280596492 2
0 0.075 0.025 0.0004858170601 2
0 0.075 0.035 0.0007382890195 2
0 0.075 0.045 0.0009821396324 2
0 0.075 0.055 0.001214223674 2
0 0.075 0.065 0.001431758469 2
0 0.075 0.075 0.001632359685 2
0 0.075 0.085 0.001813960656 2
0 0.075 0.095 0.001974702899 2
0 0.075 0.105 0.00211286596 2
0 0.075 0.115 0.002226872907 2
0 0.075 0.125 0.002315306423 2
0 0.075 0.135 0.002377192988 2
0 0.075 0.145 0.002411480418 2
0 0.075 0.155 0.00241881666 2
0 0.075 0.165 0.0023979588 2
0 0.075 0.175 0.002352623234 2
0 0.075 0.185 0.002287703207 2
0 0.075 0.195 0.002203263788 2
0 0.075 0.205 0.002099116696 1
0 0.075 0.215 0.002002929874 1
0 0.075 0.225 0.00190298478 1
0 0.075 0.235 0.001799073536 1
0 0.075 0.245 0.001692292199 1
0 0.075 0.255 0.001578792322 1
0 0.075 0.265 0.001456677279 1
0 0.075 0.275 0.001313967795 2
0 0.075 0.285 0.001154052809 2
0 0.075 0.295 0.0009872944388 2
0 0.075 0.305 0.0008247268739 2
0 0.075 0.315 0.000668360828 2
0 0.075 0.325 0.0005241134179 2
0 0.075 0.335 0.0003955911651 2
0 0.075 0.345 0.0002841222994 2
0 0.075 0.355 0.0001918390643 2
0 0.075 0.365 0.0001167844103 2
0 0.075 0.375 5.284814892e-05 2
0 0.075 0.385 7.273681506e-06 2
0 0.075 0.395 -5.842764204e-06 1
0 0.075 0.405 0 1
0 0.075 0.415 0 1
0 0.075 0.425 0 2
0 0.075 0.435 0 2
0 0.075 0.445 0 2
0 0.075 0.455 0 2
0 0.075 0.465 0 2
0 0.085 -0.455 0 1
0 0.085 -0.445 0 1
0 0.085 -0.435 0 1
0 0.085 -0.425 0 1
0 0.085 -0.415 0 1
0 0.085 -0.405 0 1
0 0.085 -0.395 0.000105427016 1
0 0.085 -0.385 0.0001108305746 2
0 0.085 -0.375 9.310668175e-05 1
0 0.085 -0.365 3.591172313e-05 1
0 0.085 -0.355 -4.798512328e-05 1
0 0.085 -0.345 -0.000152230569 1
0 0.085 -0.335 -0.0002727053459 1
0 0.085 -0.325 -0.0004199616792 1
0 0.085 -0.315 -0.0006093326919 2
0 0.085 -0.305 -0.0008312782995 2
0 0.085 -0.295 -0.001066439158 2
0 0.085 -0.285 -0.00129377942 2
0 0.085 -0.275 -0.001528971712 2
0 0.085 -0.265 -0.0017560341 2
0 0.085 -0.255 -0.001946658729 1
0 0.085 -0.245 -0.002094973606 1
0 0.085 -0.235 -0.002230670154 1
0 0.085 -0.225 -0.002357482848 1
0 0.085 -0.215 -0.002468266508 1
0 0.085 -0.205 -0.002566063762 1
0 0.085 -0.195 -0.002641067185 1
0 0.085 -0.185 -0.002703985827 1
0 0.085 -0.175 -0.002765069943 2
0 0.085 -0.165 -0.002808378876 2
0 0.085 -0.155 -0.002819819884 2
0 0.085 -0.145 -0.00280168263 2
0 0.085 -0.135 -0.002755845055 2
0 0.085 -0.125 -0.002684242881 2
0 0.085 -0.115 -0.002587203343 2
0 0.085 -0.105 -0.00246547719 2
0 0.085 -0.095 -0.002320704894 2
0 0.085 -0.085 -0.002155357656 2
0 0.085 -0.075 -0.001971870733 2
0 0.085 -0.065 -0.001772157602 2
0 0.085 -0.055 -0.001557735676 2
0 0.085 -0.045 -0.001330026465 2
0 0.085 -0.035 -0.001090574469 2
0 0.085 -0.025 -0.0008410520138 2
0 0.085 -0.015 -0.0005833486752 2
0 0.085 -0.005 -0.0003196015643 2
0 0.085 0.005 -5.224935301e-05 2
0 0.085 0.015 0.0002159447688 2
0 0.085 0.025 0.0004819348359 2
0 0.085 0.035 0.0007424967871 2
0 0.085 0.045 0.0009943921847 2
0 0.085 0.055 0.001234537474 2
0 0.085 0.065 0.001460126527 2
0 0.085 0.075 0.001668676376 2
0 0.085 0.085 0.001858005949 2
0 0.085 0.095 0.002026190977 2
0 0.085 0.105 0.002171531275 2
0 0.085 0.115 0.002292569608 2
0 0.085 0.125 0.002388104024 2
0 0.085 0.135 0.002457382733 2
0 0.085 0.145 0.002499935442 2
0 0.085 0.155 0.002516248347 2
0 0.085 0.165 0.002507963561 2
0 0.085 0.175 0.002472791951 2
0 0.085 0.185 0.002411166879 2
0 0.085 0.195 0.002330355429 2
0 0.085 0.205 0.002222638235 2
0 0.085 0.215 0.002094245269 2
0 0.085 0.225 0.001961036902 1
0 0.085 0.235 0.001845548771 1
0 0.085 0.245 0.00172799814 1
0 0.085 0.255 0.001608606027 1
0 0.085 0.265 0.001478203925 1
0 0.085 0.275 0.001324262304 2
0 0.085 0.285 0.001159271809 2
0 0.085 0.295 0.0009943119274 2
0 0.085 0.305 0.0008361264445 2
0 0.085 0.315 0.0006815292195 2
0 0.085 0.325 0.0005372975179 2
0 0.085 0.335 0.0004075642318 2
0 0.085 0.345 0.0002946841258 2
0 0.085 0.355 0.0001983498317 2
0 0.085 0.365 0.0001213798712 2
0 0.085 0.375 6.31178788e-05 2
0 0.085 0.385 1.859079759e-05 2
0 0.085 0.395 -1.076327579e-05 2
0 0.085 0.405 0 2
0 0.085 0.415 0 2
0 0.085 0.425 0 2
0 0.085 0.435 0 2
0 0.085 0.445 0 2
0 0.085 0.455 0 2
0 0.085 0.465 0 2
0 0.095 -0.455 0 1
0 0.095 -0.445 0 1
0 0.095 -0.435 0 1
0 0.095 -0.425 0 1
0 0.095 -0.415 0 1
0 0.095 -0.405 0 1
0 0.095 -0.395 5.46040238e-05 1
0 0.095 -0.385 4.726760812e-05 1
0 0.095 -0.375 2.374496381e-05 1
0 0.095 -0.365 -3.390252013e-05 1
0 0.095 -0.355 -0.000121637707 1
0 0.095 -0.345 -0.000225762087 1
0 0.095 -0.335 -0.0003391891239 1
0 0.095 -0.325 -0.0004720783159 1
0 0.095 -0.315 -0.0006411351458 2
0 0.095 -0.305 -0.0008405662286 2
0 0.095 -0.295 -0.001062531039 2
0 0.095 -0.285 -0.001285919093 2
0 0.095 -0.275 -0.001518755699 2
0 0.095 -0.265 -0.001751825717 2
0 0.095 -0.255 -0.00195897589 1
0 0.095 -0.245 -0.002116253173 1
0 0.095 -0.235 -0.002251130926 1
0 0.095 -0.225 -0.002380267009 1
0 0.095 -0.215 -0.002494702831 1
0 0.095 -0.205 -0.002592559059 1
0 0.095 -0.195 -0.002670913075 1
0 0.095 -0.185 -0.00273706572 1
0 0.095 -0.175 -0.002796613492 2
0 0.095 -0.165 -0.002839468199 2
0 0.095 -0.155 -0.00285990688 2
0 0.095 -0.145 -0.002849023047 2
0 0.095 -0.135 -0.002811388728 2
0 0.095 -0.125 -0.002747113121 2
0 0.095 -0.115 -0.002655782168 2
0 0.095 -0.105 -0.002536913339 2
0 0.095 -0.095 -0.002392135595 2
0 0.095 -0.085 -0.002225195708 2
0 0.095 -0.075 -0.002039377991 2
0 0.095 -0.065 -0.00183646754 2
0 0.095 -0.055 -0.001617812991 2
0 0.095 -0.045 -0.00138496753 2
0 0.095 -0.035 -0.001139835135 2
0 0.095 -0.025 -0.0008842583221 2
0 0.095 -0.015 -0.0006201761194 2
0 0.095 -0.005 -0.0003498557902 2
0 0.095 0.005 -7.588717907e-05 2
0 0.095 0.015 0.0001988433861 2
0 0.095 0.025 0.0004712437812 2
0 0.095 0.035 0.0007381115639 2
0 0.095 0.045 0.0009962697076 2
0 0.095 0.055 0.001242690035 2
0 0.095 0.065 0.001474586786 2
0 0.095 0.075 0.001689463996 2
0 0.095 0.085 0.001885122919 2
0 0.095 0.095 0.002059652411 2
0 0.095 0.105 0.002211422044 2
0 0.095 0.115 0.00233910701 2
0 0.095 0.125 0.002441710485 2
0 0.095 0.135 0.002518673671 2
0 0.095 0.145 0.002569889856 2
0 0.095 0.155 0.002595762572 2
0 0.095 0.165 0.0025971514 2
0 0.095 0.175 0.002575430419 2
0 0.095 0.185 0.002526403355 2
0 0.095 0.195 0.002454974058 2
0 0.095 0.205 0.002354613261 2
0 0.095 0.215 0.002232945467 2
0 0.095 0.225 0.002098713623 2
0 0.095 0.235 0.001955783269 2
0 0.095 0.245 0.001807385726 2
0 0.095 0.255 0.001657426669 2
0 0.095 0.265 0.001493843428 2
0 0.095 0.275 0.001326029969 2
0 0.095 0.285 0.001165960195 2
0 0.095 0.295 0.001005082435 2
0 0.095 0.305 0.0008432534468 2
0 0.095 0.315 0.0006859041766 2
0 0.095 0.325 0.0005376089207 2
0 0.095 0.335 0.0004033436457 2
0 0.095 0.345 0.0002860361532 2
0 0.095 0.355 0.0001861005572 2
0 0.095 0.365 0.0001035156382 2
0 0.095 0.375 4.227422525e-05 2
0 0.095 0.385 -5.688024736e-07 2
0 0.095 0.395 -2.689833545e-05 2
0 0.095 0.405 0 2
0 0.095 0.415 0 2
0 0.095 0.425 0 2
0 0.095 0.435 0 2
0 0.095 0.445 0 2
0 0.095 0.455 0 2
0 0.095 0.465 0 2
0 0.105 -0.455 0 1
0 0.105 -0.445 0 1
0 0.105 -0.435 0 1
0 0.105 -0.425 0 1
0 0.105 -0.415 0 1
0 0.105 -0.405 0 1
0 0.105 -0.395 5.105357276e-06 1
0 0.105 -0.385 -1.660658183e-05 1
0 0.105 -0.375 -5.220044331e-05 1
0 0.105 -0.365 -0.0001131681697 1
0 0.105 -0.355 -0.000199446614 1
0 0.105 -0.345 -0.0003007292639 1
0 0.105 -0.335 -0.000414379383 1
0 0.105 -0.325 -0.0005409656242 1
0 0.105 -0.315 -0.0006840963056 1
0 0.105 -0.305 -0.000857001992 2
0 0.105 -0.295 -0.00106142524 2
0 0.105 -0.285 -0.001282470883 2
0 0.105 -0.275 -0.001498804087 2
0 0.105 -0.265 -0.001718227612 2
0 0.105 -0.255 -0.001936950547 2
0 0.105 -0.245 -0.002119029619 1
0 0.105 -0.235 -0.002256661199 1
0 0.105 -0.225 -0.002380857231 1
0 0.105 -0.215 -0.002494380774 1
0 0.105 -0.205 -0.002593237066 1
0 0.105 -0.195 -0.002679259968 1
0 0.105 -0.185 -0.002751234329 1
0 0.105 -0.175 -0.002812503357 2
0 0.105 -0.165 -0.002857606627 2
0 0.105 -0.155 -0.002887258121 2
0 0.105 -0.145 -0.002884332502 2
0 0.105 -0.135 -0.002856105818 2
0 0.105 -0.125 -0.002800594942 2
0 0.105 -0.115 -0.00271696677 2
0 0.105 -0.105 -0.002603452331 2
0 0.105 -0.095 -0.002460663619 2
0 0.105 -0.085 -0.002293192934 2
0 0.105 -0.075 -0.002105186681 2
0 0.105 -0.065 -0.001898665516 2
0 0.105 -0.055 -0.001675370388 2
0 0.105 -0.045 -0.001437373088 2
0 0.105 -0.035 -0.001187024021 2
0 0.105 -0.025 -0.0009261631348 2
0 0.105 -0.015 -0.0006566943943 2
0 0.105 -0.005 -0.0003809959225 2
0 0.105 0.005 -0.0001016983802 2
0 0.105 0.015 0.0001782284271 2
0 0.105 0.025 0.0004556698228 2
0 0.105 0.035 0.0007274476249 2
0 0.105 0.045 0.0009904427646 2
0 0.105 0.055 0.001241693689 2
0 0.105 0.065 0.00147847136 2
0 0.105 0.075 0.001698323617 2
0 0.105 0.085 0.001899095085 2
0 0.105 0.095 0.002078934833 2
0 0.105 0.105 0.002236303545 2
0 0.105 0.115 0.002369996433 2
0 0.105 0.125 0.002479169428 2
0 0.105 0.135 0.002563388376 2
0 0.105 0.145 0.002622660546 2
0 0.105 0.155 0.002657352326 2
0 0.105 0.165 0.002667911633 2
0 0.105 0.175 0.002655214057 2
0 0.105 0.185 0.002619227261 2
0 0.105 0.195 0.00255870642 2
0 0.105 0.205 0.002469919693 2
0 0.105 0.215 0.002359857767 2
0 0.105 0.225 0.002228682381 2
0 0.105 0.235 0.002075801003 2
0 0.105 0.245 0.001908388525 2
0 0.105 0.255 0.001733914072 2
0 0.105 0.265 0.001549994425 2
0 0.105 0.275 0.001367300556 2
0 0.105 0.285 0.001193188766 2
0 0.105 0.295 0.00102301354 2
0 0.105 0.305 0.0008534237334 2
0 0.105 0.315 0.0006879432529 2
0 0.105 0.325 0.0005307389291 2
0 0.105 0.335 0.0003846118196 2
0 0.105 0.345 0.0002566142864 2
0 0.105 0.355 0.0001473215516 2
0 0.105 0.365 5.589306395e-05 2
0 0.105 0.375 -1.39833851e-05 2
0 0.105 0.385 -4.822461744e-05 2
0 0.105 0.395 -5.804016672e-05 2
0 0.105 0.405 0 2
0 0.105 0.415 0 2
0 0.105 0.425 0 2
0 0.105 0.435 0 2
0 0.105 0.445 0 2
0 0.105 0.455 0 2
0 0.105 0.465 0 2
0 0.115 -0.455 0 1
0 0.115 -0.445 0 1
0 0.115 -0.435 0 1
0 0.115 -0.425 0 1
0 0.115 -0.415 0 1
0 0.115 -0.405 0 1
0 0.115 -0.395 -2.448020916e-05 1
0 0.115 -0.385 -6.150729186e-05 1
0 0.115 -0.375 -0.0001174221425 1
0 0.115 -0.365 -0.0001890074189 1
0 0.115 -0.355 -0.0002763546624 1
0 0.115 -0.345 -0.0003769825088 1
0 0.115 -0.335 -0.0004889641101 1
0 0.115 -0.325 -0.0006063757422 1
0 0.115 -0.315 -0.0007382242814 1
0 0.115 -0.305 -0.0008964668933 2
0 0.115 -0.295 -0.001082066168 2
0 0.115 -0.285 -0.001290470499 2
0 0.115 -0.275 -0.001492918617 2
0 0.115 -0.265 -0.00169527352 2
0 0.115 -0.255 -0.001900089289 2
0 0.115 -0.245 -0.002091563514 2
0 0.115 -0.235 -0.00224820586 1
0 0.115 -0.225 -0.002367978309 1
0 0.115 -0.215 -0.002474140627 1
0 0.115 -0.205 -0.002571095573 1
0 0.115 -0.195 -0.00266291127 1
0 0.115 -0.185 -0.002743882762 1
0 0.115 -0.175 -0.002811696169 2
0 0.115 -0.165 -0.002867191866 2
0 0.115 -0.155 -0.002916597068 2
0 0.115 -0.145 -0.002920605265 2
0 0.115 -0.135 -0.002897035393 2
0 0.115 -0.125 -0.002858188619 2
0 0.115 -0.115 -0.002790931051 2
0 0.115 -0.105 -0.002681432763 2
0 0.115 -0.095 -0.002538905741 2
0 0.115 -0.085 -0.00237042849 2
0 0.115 -0.075 -0.002179218158 2
0 0.115 -0.065 -0.001967012744 2
0 0.115 -0.055 -0.001734117528 2
0 0.115 -0.045 -0.00148940363 2
0 0.115 -0.035 -0.001233365886 2
0 0.115 -0.025 -0.0009672629371 2
0 0.115 -0.015 -0.0006927102093 2
0 0.115 -0.005 -0.0004122499558 2
0 0.115 0.005 -0.0001284447064 2
0 0.115 0.015 0.0001557330479 2
0 0.115 0.025 0.0004371711982 2
0 0.115 0.035 0.0007127381559 2
0 0.115 0.045 0.0009793906905 2
0 0.115 0.055 0.001234254579 2
0 0.115 0.065 0.001474689034 2
0 0.115 0.075 0.00169832456 2
0 0.115 0.085 0.001903086359 2
0 0.115 0.095 0.002087207998 2
0 0.115 0.105 0.00224924313 2
0 0.115 0.115 0.002388082004 2
0 0.115 0.125 0.0025029681 2
0 0.115 0.135 0.00259351017 2
0 0.115 0.145 0.002659658655 2
0 0.115 0.155 0.002701678344 2
0 0.115 0.165 0.002719846986 2
0 0.115 0.175 0.002714459139 2
0 0.115 0.185 0.002685325922 2
0 0.115 0.195 0.002631979597 2
0 0.115 0.205 0.002554081344 2
0 0.115 0.215 0.002450969977 2
0 0.115 0.225 0.002322759466 2
0 0.115 0.235 0.002171724345 2
0 0.115 0.245 0.00200128679 2
0 0.115 0.255 0.001815869458 2
0 0.115 0.265 0.001622335608 2
0 0.115 0.275 0.001428132883 2
0 0.115 0.285 0.001237809582 2
0 0.115 0.295 0.001052355235 2
0 0.115 0.305 0.000870934682 2
0 0.115 0.315 0.0006939742097 2
0 0.115 0.325 0.0005252834676 2
0 0.115 0.335 0.0003619907234 2
0 0.115 0.345 0.0002195363558 2
0 0.115 0.355 0.0001012188349 2
0 0.115 0.365 2.706905491e-06 2
0 0.115 0.375 -6.788639872e-05 2
0 0.115 0.385 -8.627025833e-05 2
0 0.115 0.395 -7.837770199e-05 2
0 0.115 0.405 0 2
0 0.115 0.415 0 2
0 0.115 0.425 0 2
0 0.115 0.435 0 2
0 0.115 0.445 0 2
0 0.115 0.455 0 2
0 0.115 0.465 0 2
0 0.125 -0.455 0 1
0 0.125 -0.445 0 1
0 0.125 -0.435 0 1
0 0.125 -0.425 0 1
0 0.125 -0.415 0 1
0 0.125 -0.405 0 1
0 0.125 -0.395 -5.117971578e-05 1
0 0.125 -0.385 -0.0001054206796 1
0 0.125 -0.375 -0.0001797421174 1
0 0.125 -0.365 -0.0002622219158 1
0 0.125 -0.355 -0.000354599208 1
0 0.125 -0.345 -0.0004538735262 1
0 0.125 -0.335 -0.0005609676127 1
0 0.125 -0.325 -0.0006706668615 1
0 0.125 -0.315 -0.0007962858336 1
0 0.125 -0.305 -0.0009466425997 2
0 0.125 -0.295 -0.001119295098 2
0 0.125 -0.285 -0.001314655364 2
0 0.125 -0.275 -0.001507280869 2
0 0.125 -0.265 -0.001697797702 2
0 0.125 -0.255 -0.001882423326 2
0 0.125 -0.245 -0.002059666355 2
0 0.125 -0.235 -0.002226290975 2
0 0.125 -0.225 -0.002363089062 2
0 0.125 -0.215 -0.002466900662 1
0 0.125 -0.205 -0.002558099604 1
0 0.125 -0.195 -0.002649312223 1
0 0.125 -0.185 -0.00274753478 2
0 0.125 -0.175 -0.00282800656 2
0 0.125 -0.165 -0.002897286829 2
0 0.125 -0.155 -0.002950055772 2
0 0.125 -0.145 -0.002960166493 2
0 0.125 -0.135 -0.002943611016 2
0 0.125 -0.125 -0.002911019639 2
0 0.125 -0.115 -0.002847926479 2
0 0.125 -0.105 -0.002742832658 2
0 0.125 -0.095 -0.002615286576 2
0 0.125 -0.085 -0.002459856516 2
0 0.125 -0.075 -0.002267381486 2
0 0.125 -0.065 -0.002042530002 2
0 0.125 -0.055 -0.001795982524 2
0 0.125 -0.045 -0.001543306552 2
0 0.125 -0.035 -0.001278521874 2
0 0.125 -0.025 -0.001006728401 2
0 0.125 -0.015 -0.0007271103003 2
0 0.125 -0.005 -0.0004421890925 2
0 0.125 0.005 -0.0001544419571 2
0 0.125 0.015 0.0001332405556 2
0 0.125 0.025 0.0004178003285 2
0 0.125 0.035 0.0006961794013 2
0 0.125 0.045 0.0009654407891 2
0 0.125 0.055 0.001222822114 2
0 0.125 0.065 0.001465797649 2
0 0.125 0.075 0.001692107077 2
0 0.125 0.085 0.001899777283 2
0 0.125 0.095 0.002087135942 2
0 0.125 0.105 0.002252821878 2
0 0.125 0.115 0.002395793659 2
0 0.125 0.125 0.002515332205 2
0 0.125 0.135 0.00261103142 2
0 0.125 0.145 0.002682750998 2
0 0.125 0.155 0.002730553945 2
0 0.125 0.165 0.002754557025 2
0 0.125 0.175 0.002754763487 2
0 0.125 0.185 0.002730839764 2
0 0.125 0.195 0.002682293373 2
0 0.125 0.205 0.002608673818 2
0 0.125 0.215 0.002509453707 2
0 0.125 0.225 0.002384569384 2
0 0.125 0.235 0.002235405007 2
0 0.125 0.245 0.002065225638 2
0 0.125 0.255 0.001878964054 2
0 0.125 0.265 0.001682915168 2
0 0.125 0.275 0.001483451197 2
0 0.125 0.285 0.001284972226 2
0 0.125 0.295 0.001089401262 2
0 0.125 0.305 0.0008969612324 2
0 0.125 0.315 0.0007089736065 2
0 0.125 0.325 0.0005274862263 2
0 0.125 0.335 0.0003508665717 2
0 0.125 0.345 0.0001974018602 2
0 0.125 0.355 7.076302582e-05 1
0 0.125 0.365 -1.995671009e-05 1
0 0.125 0.375 -7.980080906e-05 1
0 0.125 0.385 -9.98428127e-05 1
0 0.125 0.395 -8.838533667e-05 1
0 0.125 0.405 0 2
0 0.125 0.415 0 2
0 0.125 0.425 0 2
0 0.125 0.435 0 2
0 0.125 0.445 0 2
0 0.125 0.455 0 2
0 0.125 0.465 0 2
0 0.135 -0.455 0 1
0 0.135 -0.445 0 1
0 0.135 -0.435 0 1
0 0.135 -0.425 0 1
0 0.135 -0.415 0 1
0 0.135 -0.405 0 1
0 0.135 -0.395 -0.0001043961344 1
0 0.135 -0.385 -0.0001755477618 1
0 0.135 -0.375 -0.0002612260253 1
0 0.135 -0.365 -0.0003484980041 1
0 0.135 -0.355 -0.0004390025351 1
0 0.135 -0.345 -0.000531293889 1
0 0.135 -0.335 -0.0006321823099 1
0 0.135 -0.325 -0.0007359809081 1
0 0.135 -0.315 -0.0008561189603 1
0 0.135 -0.305 -0.001000243632 2
0 0.135 -0.295 -0.001164966918 2
0 0.135 -0.285 -0.001350737891 2
0 0.135 -0.275 -0.001533871138 2
0 0.135 -0.265 -0.001717742067 2
0 0.135 -0.255 -0.001894580698 2
0 0.135 -0.245 -0.002064491155 2
0 0.135 -0.235 -0.002222856391 2
0 0.135 -0.225 -0.002362229296 2
0 0.135 -0.215 -0.002484152684 2
0 0.135 -0.205 -0.002592643308 2
0 0.135 -0.195 -0.002688541227 2
0 0.135 -0.185 -0.00277122768 2
0 0.135 -0.175 -0.002854476341 2
0 0.135 -0.165 -0.002921595557 2
0 0.135 -0.155 -0.002952852866 2
0 0.135 -0.145 -0.002962295061 2
0 0.135 -0.135 -0.002961628536 1
0 0.135 -0.125 -0.002908319942 2
0 0.135 -0.115 -0.002833062067 2
0 0.135 -0.105 -0.002741692388 1
0 0.135 -0.095 -0.002638856861 1
0 0.135 -0.085 -0.00251318573 1
0 0.135 -0.075 -0.002331619318 2
0 0.135 -0.065 -0.002108753266 2
0 0.135 -0.055 -0.001857558789 2
0 0.135 -0.045 -0.001596319125 2
0 0.135 -0.035 -0.001321050755 2
0 0.135 -0.025 -0.001042033175 2
0 0.135 -0.015 -0.0007577129479 2
0 0.135 -0.005 -0.0004686516313 2
0 0.135 0.005 -0.0001774993095 2
0 0.135 0.015 0.0001129146283 2
0 0.135 0.025 0.000399719964 2
0 0.135 0.035 0.0006799460779 2
0 0.135 0.045 0.0009507908672 2
0 0.135 0.055 0.001209627412 2
0 0.135 0.065 0.001454064839 2
0 0.135 0.075 0.001681968384 2
0 0.135 0.085 0.001891476252 2
0 0.135 0.095 0.002081010993 2
0 0.135 0.105 0.002249286101 2
0 0.135 0.115 0.002395307417 2
0 0.135 0.125 0.002518364227 2
0 0.135 0.135 0.002618006626 2
0 0.135 0.145 0.002693994042 2
0 0.135 0.155 0.002746220477 2
0 0.135 0.165 0.002774601512 2
0 0.135 0.175 0.002778970686 2
0 0.135 0.185 0.002759000367 2
0 0.135 0.195 0.002714178605 2
0 0.135 0.205 0.002643960505 2
0 0.135 0.215 0.002548016955 2
0 0.135 0.225 0.002426655388 2
0 0.135 0.235 0.002281347002 2
0 0.135 0.245 0.002115108733 2
0 0.135 0.255 0.001932307957 2
0 0.135 0.265 0.001738153386 2
0 0.135 0.275 0.001537854001 2
0 0.135 0.285 0.001335439763 2
0 0.135 0.295 0.001133587647 2
0 0.135 0.305 0.0009334193222 2
0 0.135 0.315 0.0007380224038 2
0 0.135 0.325 0.0005464829424 2
0 0.135 0.335 0.0003730108283 2
0 0.135 0.345 0.0002299195811 2
0 0.135 0.355 0.000110468586 1
0 0.135 0.365 2.885669562e-05 1
0 0.135 0.375 -2.210729334e-05 1
0 0.135 0.385 -5.919196982e-05 1
0 0.135 0.395 -6.209569001e-05 1
0 0.135 0.405 0 2
0 0.135 0.415 0 2
0 0.135 0.425 0 2
0 0.135 0.435 0 2
0 0.135 0.445 0 2
0 0.135 0.455 0 2
0 0.135 0.465 0 2
0 0.145 -0.455 0 2
0 0.145 -0.445 0 2
0 0.145 -0.435 0 1
0 0.145 -0.425 0 1
0 0.145 -0.415 0 1
0 0.145 -0.405 0 1
0 0.145 -0.395 -0.0001696428303 1
0 0.145 -0.385 -0.0002582478936 1
0 0.145 -0.375 -0.0003511045645 1
0 0.145 -0.365 -0.0004394615436 1
0 0.145 -0.355 -0.0005225635354 1
0 0.145 -0.345 -0.0006048253168 1
0 0.145 -0.335 -0.0007007185199 1
0 0.145 -0.325 -0.0008000374307 1
0 0.145 -0.315 -0.0009162099256 1
0 0.145 -0.305 -0.001056190135 2
0 0.145 -0.295 -0.001215589553 2
0 0.145 -0.285 -0.001394376742 2
0 0.145 -0.275 -0.001569781326 2
0 0.145 -0.265 -0.001745783333 2
0 0.145 -0.255 -0.001918449209 2
0 0.145 -0.245 -0.00208560444 2
0 0.145 -0.235 -0.002239598882 2
0 0.145 -0.225 -0.00238120863 2
0 0.145 -0.215 -0.002510149072 2
0 0.145 -0.205 -0.002622214587 2
0 0.145 -0.195 -0.002710772605 2
0 0.145 -0.185 -0.002780530426 2
0 0.145 -0.175 -0.002847299898 2
0 0.145 -0.165 -0.002890986181 2
0 0.145 -0.155 -0.002898022395 1
0 0.145 -0.145 -0.002896082677 1
0 0.145 -0.135 -0.00288054377 1
0 0.145 -0.125 -0.002821958502 1
0 0.145 -0.115 -0.002748515194 1
0 0.145 -0.105 -0.002662939257 1
0 0.145 -0.095 -0.002556941681 1
0 0.145 -0.085 -0.002430377195 1
0 0.145 -0.075 -0.002288339473 1
0 0.145 -0.065 -0.002122887043 1
0 0.145 -0.055 -0.001898463882 2
0 0.145 -0.045 -0.001637418891 2
0 0.145 -0.035 -0.001355467627 2
0 0.145 -0.025 -0.001069562661 2
0 0.145 -0.015 -0.0007807439347 2
0 0.145 -0.005 -0.0004886282024 2
0 0.145 0.005 -0.0001949825713 2
0 0.145 0.015 9.714712473e-05 2
0 0.145 0.025 0.0003851534429 2
0 0.145 0.035 0.0006661540699 2
0 0.145 0.045 0.0009374882384 2
0 0.145 0.055 0.001196682615 2
0 0.145 0.065 0.001441490271 2
0 0.145 0.075 0.001669907681 2
0 0.145 0.085 0.001880184116 2
0 0.145 0.095 0.002070831593 2
0 0.145 0.105 0.00224062797 2
0 0.145 0.115 0.002388613374 2
0 0.145 0.125 0.002514074703 2
0 0.145 0.135 0.002616515576 2
0 0.145 0.145 0.002695606557 2
0 0.145 0.155 0.002751117372 2
0 0.145 0.165 0.002782833803 2
0 0.145 0.175 0.002790486134 2
0 0.145 0.185 0.002773712849 2
0 0.145 0.195 0.002732087321 2
0 0.145 0.205 0.002665247696 2
0 0.145 0.215 0.002573116708 2
0 0.145 0.225 0.00245623761 2
0 0.145 0.235 0.002316128115 2
0 0.145 0.245 0.002155481591 2
0 0.145 0.255 0.001978037088 2
0 0.145 0.265 0.001788157295 2
0 0.145 0.275 0.001590223071 2
0 0.145 0.285 0.001387876077 2
0 0.145 0.295 0.001184153067 2
0 0.145 0.305 0.0009806096753 2
0 0.145 0.315 0.0007819034812 2
0 0.145 0.325 0.0005836321118 2
0 0.145 0.335 0.0004163746721 2
0 0.145 0.345 0.0002861028382 1
0 0.145 0.355 0.000182044438 1
0 0.145 0.365 0.0001008160807 1
0 0.145 0.375 4.52946357e-05 1
0 0.145 0.385 -5.555661037e-06 1
0 0.145 0.395 -2.24767948e-05 1
0 0.145 0.405 0 1
0 0.145 0.415 0 2
0 0.145 0.425 0 2
0 0.145 0.435 0 2
0 0.145 0.445 0 2
0 0.145 0.455 0 2
0 0.145 0.465 0 2
0 0.155 -0.455 0 2
0 0.155 -0.445 0 2
0 0.155 -0.435 0 2
0 0.155 -0.425 0 2
0 0.155 -0.415 0 2
0 0.155 -0.405 0 2
0 0.155 -0.395 -0.0001831143529 2
0 0.155 -0.385 -0.0002941128784 2
0 0.155 -0.375 -0.0004069434738 2
0 0.155 -0.365 -0.0005085787189 1
0 0.155 -0.355 -0.0005914927441 1
0 0.155 -0.345 -0.0006712752813 1
0 0.155 -0.335 -0.0007645578469 1
0 0.155 -0.325 -0.0008626740759 1
0 0.155 -0.315 -0.0009757031745 1
0 0.155 -0.305 -0.001113270573 2
0 0.155 -0.295 -0.001269414369 2
0 0.155 -0.285 -0.001441222944 2
0 0.155 -0.275 -0.001608884508 2
0 0.155 -0.265 -0.001776608402 2
0 0.155 -0.255 -0.001940947664 2
0 0.155 -0.245 -0.002100194439 2
0 0.155 -0.235 -0.002251353396 2
0 0.155 -0.225 -0.002390788673 2
0 0.155 -0.215 -0.002513850474 2
0 0.155 -0.205 -0.002615715957 2
0 0.155 -0.195 -0.002693989931 2
0 0.155 -0.185 -0.002748374825 2
0 0.155 -0.175 -0.00278575395 2
0 0.155 -0.165 -0.002799060996 2
0 0.155 -0.155 -0.002788412048 1
0 0.155 -0.145 -0.002768616674 1
0 0.155 -0.135 -0.002735987413 1
0 0.155 -0.125 -0.002676535631 1
0 0.155 -0.115 -0.002606558324 1
0 0.155 -0.105 -0.002526432313 1
0 0.155 -0.095 -0.002423749833 1
0 0.155 -0.085 -0.002301364972 1
0 0.155 -0.075 -0.002171018637 1
0 0.155 -0.065 -0.002028963937 1
0 0.155 -0.055 -0.001857858049 1
0 0.155 -0.045 -0.001632746435 2
0 0.155 -0.035 -0.001370008568 2
0 0.155 -0.025 -0.001084670202 2
0 0.155 -0.015 -0.0007912098378 2
0 0.155 -0.005 -0.0004985190283 2
0 0.155 0.005 -0.0002040459598 2
0 0.155 0.015 8.840610096e-05 2
0 0.155 0.025 0.000376267284 2
0 0.155 0.035 0.0006567704726 2
0 0.155 0.045 0.0009273686143 2
0 0.155 0.055 0.001185747856 2
0 0.155 0.065 0.001429798924 2
0 0.155 0.075 0.001657641756 2
0 0.155 0.085 0.001867625898 2
0 0.155 0.095 0.002058341508 2
0 0.155 0.105 0.002228620534 2
0 0.155 0.115 0.002377530705 2
0 0.155 0.125 0.002504357028 2
0 0.155 0.135 0.0026085698 2
0 0.155 0.145 0.002689778196 2
0 0.155 0.155 0.002747673784 2
0 0.155 0.165 0.002781971974 2
0 0.155 0.175 0.002792367045 2
0 0.155 0.185 0.002778521802 2
0 0.155 0.195 0.002740115073 2
0 0.155 0.205 0.00267696537 2
0 0.155 0.215 0.002589221639 2
0 0.155 0.225 0.002477607334 2
0 0.155 0.235 0.002343641697 2
0 0.155 0.245 0.002189734671 2
0 0.155 0.255 0.002019077532 2
0 0.155 0.265 0.001835328893 2
0 0.155 0.275 0.001642234694 2
0 0.155 0.285 0.001443122349 2
0 0.155 0.295 0.001241224051 2
0 0.155 0.305 0.001038553368 2
0 0.155 0.315 0.0008409747957 2
0 0.155 0.325 0.000645380399 2
0 0.155 0.335 0.0004822015774 2
0 0.155 0.345 0.000351206592 1
0 0.155 0.355 0.0002483007183 1
0 0.155 0.365 0.0001643655539 1
0 0.155 0.375 9.699521872e-05 1
0 0.155 0.385 4.170468809e-05 1
0 0.155 0.395 1.331201497e-05 1
0 0.155 0.405 0 1
0 0.155 0.415 0 2
0 0.155 0.425 0 2
0 0.155 0.435 0 2
0 0.155 0.445 0 2
0 0.155 0.455 0 2
0 0.155 0.465 0 2
0 0.165 -0.455 0 2
0 0.165 -0.445 0 2
0 0.165 -0.435 0 2
0 0.165 -0.425 0 2
0 0.165 -0.415 0 2
0 0.165 -0.405 0 2
0 0.165 -0.395 -0.0001609487915 2
0 0.165 -0.385 -0.0002875367963 2
0 0.165 -0.375 -0.0004195696349 2
0 0.165 -0.365 -0.000534923349 1
0 0.165 -0.355 -0.0006365348533 1
0 0.165 -0.345 -0.0007293118872 1
0 0.165 -0.335 -0.0008230041356 1
0 0.165 -0.325 -0.0009222246221 1
0 0.165 -0.315 -0.001035002155 1
0 0.165 -0.305 -0.001173072601 2
0 0.165 -0.295 -0.001325755171 2
0 0.165 -0.285 -0.001487481956 2
0 0.165 -0.275 -0.00164629334 2
0 0.165 -0.265 -0.001804692176 2
0 0.165 -0.255 -0.0019595881 2
0 0.165 -0.245 -0.002108682218 2
0 0.165 -0.235 -0.002248683181 2
0 0.165 -0.225 -0.002375834321 2
0 0.165 -0.215 -0.002485501197 2
0 0.165 -0.205 -0.002573011022 2
0 0.165 -0.195 -0.002635469792 2
0 0.165 -0.185 -0.00267371736 2
0 0.165 -0.175 -0.002691312237 2
0 0.165 -0.165 -0.002689866273 2
0 0.165 -0.155 -0.002670502846 1
0 0.165 -0.145 -0.002635835083 1
0 0.165 -0.135 -0.00258989216 1
0 0.165 -0.125 -0.002532445371 1
0 0.165 -0.115 -0.002464107016 1
0 0.165 -0.105 -0.002382075755 1
0 0.165 -0.095 -0.002284273164 1
0 0.165 -0.085 -0.002170639849 1
0 0.165 -0.075 -0.002044200001 1
0 0.165 -0.065 -0.001905416878 1
0 0.165 -0.055 -0.001751993743 1
0 0.165 -0.045 -0.001573319318 1
0 0.165 -0.035 -0.001347532677 2
0 0.165 -0.025 -0.001078051368 2
0 0.165 -0.015 -0.0007853590939 2
0 0.165 -0.005 -0.000494924513 2
0 0.165 0.005 -0.0002020847713 2
0 0.165 0.015 8.892031063e-05 2
0 0.165 0.025 0.0003749580805 2
0 0.165 0.035 0.0006534619651 2
0 0.165 0.045 0.0009219535005 2
0 0.165 0.055 0.001178268176 2
0 0.165 0.065 0.001420409631 2
0 0.165 0.075 0.001646597135 2
0 0.165 0.085 0.00185525798 2
0 0.165 0.095 0.002045042579 2
0 0.165 0.105 0.002214825498 2
0 0.165 0.115 0.002363698932 2
0 0.165 0.125 0.002490953156 2
0 0.165 0.135 0.002596044879 2
0 0.165 0.145 0.002678555048 2
0 0.165 0.155 0.002738141758 2
0 0.165 0.165 0.00277449742 2
0 0.165 0.175 0.00278732369 2
0 0.165 0.185 0.002776339578 2
0 0.165 0.195 0.002741336549 2
0 0.165 0.205 0.002682288172 2
0 0.165 0.215 0.002599503908 2
0 0.165 0.225 0.002493802166 2
0 0.165 0.235 0.002366650459 2
0 0.165 0.245 0.002220209844 2
0 0.165 0.255 0.00205724636 2
0 0.165 0.265 0.001880903034 2
0 0.165 0.275 0.001694461064 2
0 0.165 0.285 0.001500975319 2
0 0.165 0.295 0.001303659954 2
0 0.165 0.305 0.001104732308 2
0 0.165 0.315 0.0009102959414 2
0 0.165 0.325 0.0007186454648 2
0 0.165 0.335 0.0005550680849 2
0 0.165 0.345 0.0004188475152 1
0 0.165 0.355 0.0003121324667 1
0 0.165 0.365 0.0002242442697 1
0 0.165 0.375 0.0001464611441 1
0 0.165 0.385 8.439303032e-05 1
0 0.165 0.395 4.245556233e-05 1
0 0.165 0.405 0 1
0 0.165 0.415 0 2
0 0.165 0.425 0 2
0 0.165 0.435 0 2
0 0.165 0.445 0 2
0 0.165 0.455 0 2
0 0.165 0.465 0 2
0 0.175 -0.455 0 2
0 0.175 -0.445 0 2
0 0.175 -0.435 0 2
0 0.175 -0.425 0 2
0 0.175 -0.415 0 2
0 0.175 -0.405 0 2
0 0.175 -0.395 -0.0001318146953 2
0 0.175 -0.385 -0.0002511057278 2
0 0.175 -0.375 -0.0003879223054 2
0 0.175 -0.365 -0.0005146922627 2
0 0.175 -0.355 -0.0006477825563 1
0 0.175 -0.345 -0.0007600606767 1
0 0.175 -0.335 -0.0008598619121 1
0 0.175 -0.325 -0.0009642664559 1
0 0.175 -0.315 -0.001091139343 2
0 0.175 -0.305 -0.001233838978 2
0 0.175 -0.295 -0.001379514084 2
0 0.175 -0.285 -0.001527982412 2
0 0.175 -0.275 -0.001677587914 2
0 0.175 -0.265 -0.001826432081 2
0 0.175 -0.255 -0.001971336973 2
0 0.175 -0.245 -0.002109315849 2
0 0.175 -0.235 -0.002236697629 2
0 0.175 -0.225 -0.002349453387 2
0 0.175 -0.215 -0.002443256013 2
0 0.175 -0.205 -0.002514437326 2
0 0.175 -0.195 -0.002560307381 2
0 0.175 -0.185 -0.002583021439 2
0 0.175 -0.175 -0.002582466213 2
0 0.175 -0.165 -0.002574462372 2
0 0.175 -0.155 -0.002552011425 1
0 0.175 -0.145 -0.002510788973 1
0 0.175 -0.135 -0.002458528215 1
0 0.175 -0.125 -0.002400453704 1
0 0.175 -0.115 -0.002330064194 1
0 0.175 -0.105 -0.002248233233 1
0 0.175 -0.095 -0.002151930873 1
0 0.175 -0.085 -0.002041203971 1
0 0.175 -0.075 -0.001917110924 1
0 0.175 -0.065 -0.001782107225 1
0 0.175 -0.055 -0.001641421465 1
0 0.175 -0.045 -0.001478895812 1
0 0.175 -0.035 -0.00127471833 2
0 0.175 -0.025 -0.001035414301 2
0 0.175 -0.015 -0.0007615730531 2
0 0.175 -0.005 -0.0004749382438 2
0 0.175 0.005 -0.0001869096615 2
0 0.175 0.015 0.0001004267783 2
0 0.175 0.025 0.0003826302129 2
0 0.175 0.035 0.0006574209282 2
0 0.175 0.045 0.0009223288949 2
0 0.175 0.055 0.001175297006 2
0 0.175 0.065 0.001414392938 2
0 0.175 0.075 0.001637891963 2
0 0.175 0.085 0.001844264316 2
0 0.175 0.095 0.002032196145 2
0 0.175 0.105 0.00220059123 2
0 0.175 0.115 0.002348564521 2
0 0.175 0.125 0.002475421861 2
0 0.175 0.135 0.002580628445 2
0 0.175 0.145 0.002663769011 2
0 0.175 0.155 0.002724506334 2
0 0.175 0.165 0.002762547336 2
0 0.175 0.175 0.002777628531 2
0 0.175 0.185 0.002769532569 2
0 0.175 0.195 0.002738144089 2
0 0.175 0.205 0.002683545603 2
0 0.175 0.215 0.002606141139 2
0 0.175 0.225 0.002506783055 2
0 0.175 0.235 0.002386865173 2
0 0.175 0.245 0.002248342767 2
0 0.175 0.255 0.002093662425 2
0 0.175 0.265 0.001925594428 2
0 0.175 0.275 0.001747068629 2
0 0.175 0.285 0.001560887304 2
0 0.175 0.295 0.001370031307 2
0 0.175 0.305 0.001176539352 2
0 0.175 0.315 0.0009856925851 2
0 0.175 0.325 0.0007943795894 2
0 0.175 0.335 0.0006276892679 2
0 0.175 0.345 0.0004861177337 1
0 0.175 0.355 0.0003734851469 1
0 0.175 0.365 0.0002795476409 1
0 0.175 0.375 0.000193434796 1
0 0.175 0.385 0.0001174435302 1
0 0.175 0.395 6.2389429e-05 1
0 0.175 0.405 0 1
0 0.175 0.415 0 2
0 0.175 0.425 0 2
0 0.175 0.435 0 2
0 0.175 0.445 0 2
0 0.175 0.455 0 2
0 0.175 0.465 0 2
0 0.185 -0.455 0 2
0 0.185 -0.445 0 2
0 0.185 -0.435 0 2
0 0.185 -0.425 0 2
0 0.185 -0.415 0 2
0 0.185 -0.405 0 2
0 0.185 -0.395 -0.0001189629697 2
0 0.185 -0.385 -0.0002156546093 2
0 0.185 -0.375 -0.0003355236324 2
0 0.185 -0.365 -0.0004540142259 2
0 0.185 -0.355 -0.0005808144234 2
0 0.185 -0.345 -0.0007168931669 2
0 0.185 -0.335 -0.000849009827 2
0 0.185 -0.325 -0.0009848866088 2
0 0.185 -0.315 -0.001127781745 2
0 0.185 -0.305 -0.001269805984 2
0 0.185 -0.295 -0.001411875983 2
0 0.185 -0.285 -0.00155504908 2
0 0.185 -0.275 -0.001698718174 2
0 0.185 -0.265 -0.001840092913 2
0 0.185 -0.255 -0.00197605166 2
0 0.185 -0.245 -0.00210331134 2
0 0.185 -0.235 -0.002218237558 2
0 0.185 -0.225 -0.002317057258 2
0 0.185 -0.215 -0.002395972277 2
0 0.185 -0.205 -0.002452051367 2
0 0.185 -0.195 -0.002482762634 2
0 0.185 -0.185 -0.002490882454 2
0 0.185 -0.175 -0.00247130773 2
0 0.185 -0.165 -0.002456437418 2
0 0.185 -0.155 -0.002433546087 1
0 0.185 -0.145 -0.002384928854 1
0 0.185 -0.135 -0.002328685689 1
0 0.185 -0.125 -0.002273793395 1
0 0.185 -0.115 -0.002200962862 1
0 0.185 -0.105 -0.002118221306 1
0 0.185 -0.095 -0.002022533759 1
0 0.185 -0.085 -0.001913809616 1
0 0.185 -0.075 -0.001792561833 1
0 0.185 -0.065 -0.001658952171 1
0 0.185 -0.055 -0.001518168497 1
0 0.185 -0.045 -0.001362686089 1
0 0.185 -0.035 -0.001187154554 1
0 0.185 -0.025 -0.0009773165362 2
0 0.185 -0.015 -0.0007233247648 2
0 0.185 -0.005 -0.0004387340598 2
0 0.185 0.005 -0.0001577401655 2
0 0.185 0.015 0.0001236123633 2
0 0.185 0.025 0.0003998542982 2
0 0.185 0.035 0.0006691523579 2
0 0.185 0.045 0.0009290155599 2
0 0.185 0.055 0.001177422027 2
0 0.185 0.065 0.001412433321 2
0 0.185 0.075 0.001632320949 2
0 0.185 0.085 0.001835553958 2
0 0.185 0.095 0.002020825243 2
0 0.185 0.105 0.002187053412 2
0 0.185 0.115 0.002333375437 2
0 0.185 0.125 0.002459124596 2
0 0.185 0.135 0.002563797168 2
0 0.185 0.145 0.002647011577 2
0 0.185 0.155 0.002708467148 2
0 0.185 0.165 0.002747911995 2
0 0.185 0.175 0.002765131011 2
0 0.185 0.185 0.002759963785 2
0 0.185 0.195 0.002732357651 2
0 0.185 0.205 0.00268245312 2
0 0.185 0.215 0.002610688453 2
0 0.185 0.225 0.002517900897 2
0 0.185 0.235 0.002405396762 2
0 0.185 0.245 0.002274963557 2
0 0.185 0.255 0.002128815413 2
0 0.185 0.265 0.001969464912 2
0 0.185 0.275 0.001799590047 2
0 0.185 0.285 0.00162179055 2
0 0.185 0.295 0.001438722054 2
0 0.185 0.305 0.001252107445 2
0 0.185 0.315 0.001065765754 2
0 0.185 0.325 0.0008747223089 2
0 0.185 0.335 0.0007045039029 2
0 0.185 0.345 0.0005572634737 1
0 0.185 0.355 0.0004383934036 1
0 0.185 0.365 0.0003379857764 1
0 0.185 0.375 0.0002428510329 1
0 0.185 0.385 0.0001520518024 1
0 0.185 0.395 8.321631295e-05 1
0 0.185 0.405 0 1
0 0.185 0.415 0 2
0 0.185 0.425 0 2
0 0.185 0.435 0 2
0 0.185 0.445 0 2
0 0.185 0.455 0 2
0 0.185 0.465 0 2
0 0.195 -0.455 0 2
0 0.195 -0.445 0 2
0 0.195 -0.435 0 2
0 0.195 -0.425 0 2
0 0.195 -0.415 0 2
0 0.195 -0.405 0 2
0 0.195 -0.395 -0.0001019419276 2
0 0.195 -0.385 -0.0001756313188 2
0 0.195 -0.375 -0.0002722242361 2
0 0.195 -0.365 -0.0003788589868 2
0 0.195 -0.355 -0.0005033319886 2
0 0.195 -0.345 -0.0006474350896 2
0 0.195 -0.335 -0.0008019951056 2
0 0.195 -0.325 -0.0009612004948 2
0 0.195 -0.315 -0.001120207572 2
0 0.195 -0.305 -0.00127279124 2
0 0.195 -0.295 -0.001421198686 2
0 0.195 -0.285 -0.00156683702 2
0 0.195 -0.275 -0.001708923108 2
0 0.195 -0.265 -0.001845870846 2
0 0.195 -0.255 -0.001975076111 2
0 0.195 -0.245 -0.002093482698 2
0 0.195 -0.235 -0.002197782455 2
0 0.195 -0.225 -0.00228468699 2
0 0.195 -0.215 -0.002351099342 2
0 0.195 -0.205 -0.002394837388 2
0 0.195 -0.195 -0.002413947205 2
0 0.195 -0.185 -0.002410872189 2
0 0.195 -0.175 -0.002380869635 2
0 0.195 -0.165 -0.002351344448 2
0 0.195 -0.155 -0.002323309064 2
0 0.195 -0.145 -0.00226756817 1
0 0.195 -0.135 -0.00220578494 1
0 0.195 -0.125 -0.002148445545 1
0 0.195 -0.115 -0.00207681223 1
0 0.195 -0.105 -0.001992171312 1
0 0.195 -0.095 -0.001896386869 1
0 0.195 -0.085 -0.001788866699 1
0 0.195 -0.075 -0.001669684254 1
0 0.195 -0.065 -0.001539124311 1
0 0.195 -0.055 -0.001398110462 1
0 0.195 -0.045 -0.001251592973 1
0 0.195 -0.035 -0.001088126418 1
0 0.195 -0.025 -0.0008916924488 2
0 0.195 -0.015 -0.0006561238315 2
0 0.195 -0.005 -0.0003839846413 2
0 0.195 0.005 -0.0001140125187 2
0 0.195 0.015 0.0001581676475 2
0 0.195 0.025 0.0004262242067 2
0 0.195 0.035 0.0006883486396 2
0 0.195 0.045 0.0009418916732 2
0 0.195 0.055 0.001184727223 2
0 0.195 0.065 0.001414816834 2
0 0.195 0.075 0.001630357847 2
0 0.195 0.085 0.001829770861 2
0 0.195 0.095 0.002011726666 2
0 0.195 0.105 0.002175145908 2
0 0.195 0.115 0.002319188885 2
0 0.195 0.125 0.002443229884 2
0 0.195 0.135 0.002546819515 2
0 0.195 0.145 0.00262963866 2
0 0.195 0.155 0.002691451428 2
0 0.195 0.165 0.002732067289 2
0 0.195 0.175 0.002751324095 2
0 0.195 0.185 0.002749102119 2
0 0.195 0.195 0.002725373736 2
0 0.195 0.205 0.002680284431 2
0 0.195 0.215 0.002614250723 2
0 0.195 0.225 0.00252805291 2
0 0.195 0.235 0.002422898639 2
0 0.195 0.245 0.002300436832 2
0 0.195 0.255 0.002162716127 2
0 0.195 0.265 0.002012083522 2
0 0.195 0.275 0.00185106379 2
0 0.195 0.285 0.0016821546 2
0 0.195 0.295 0.001507785016 2
0 0.195 0.305 0.001329621267 2
0 0.195 0.315 0.001149929844 2
0 0.195 0.325 0.0009646054232 2
0 0.195 0.335 0.000790735491 2
0 0.195 0.345 0.000637166795 1
0 0.195 0.355 0.0005142729883 1
0 0.195 0.365 0.0004072887419 1
0 0.195 0.375 0.0002999756658 1
0 0.195 0.385 0.0002016721472 1
0 0.195 0.395 0.000116767506 1
0 0.195 0.405 0 1
0 0.195 0.415 0 2
0 0.195 0.425 0 2
0 0.195 0.435 0 2
0 0.195 0.445 0 2
0 0.195 0.455 0 2
0 0.195 0.465 0 2
0 0.205 -0.455 0 2
0 0.205 -0.445 0 2
0 0.205 -0.435 0 2
0 0.205 -0.425 0 2
0 0.205 -0.415 0 2
0 0.205 -0.405 0 2
0 0.205 -0.395 -6.779452349e-05 2
0 0.205 -0.385 -0.0001228966687 2
0 0.205 -0.375 -0.0002053660881 2
0 0.205 -0.365 -0.0003114628876 2
0 0.205 -0.355 -0.0004374937437 2
0 0.205 -0.345 -0.000585936922 2
0 0.205 -0.335 -0.0007501645095 2
0 0.205 -0.325 -0.0009219991988 2
0 0.205 -0.315 -0.001093444402 2
0 0.205 -0.305 -0.001258975774 2
0 0.205 -0.295 -0.001416773137 2
0 0.205 -0.285 -0.001567255983 2
0 0.205 -0.275 -0.001710656317 2
0 0.205 -0.265 -0.001845850276 2
0 0.205 -0.255 -0.001970749999 2
0 0.205 -0.245 -0.00208273188 2
0 0.205 -0.235 -0.002178963671 2
0 0.205 -0.225 -0.002256765342 2
0 0.205 -0.215 -0.002313845606 2
0 0.205 -0.205 -0.002348818626 2
0 0.205 -0.195 -0.002360674081 2
0 0.205 -0.185 -0.002350958694 2
0 0.205 -0.175 -0.002319912517 2
0 0.205 -0.165 -0.002271788072 2
0 0.205 -0.155 -0.002224384275 2
0 0.205 -0.145 -0.002168634091 1
0 0.205 -0.135 -0.002098596232 1
0 0.205 -0.125 -0.002026500781 1
0 0.205 -0.115 -0.001954250873 1
0 0.205 -0.105 -0.001870409894 1
0 0.205 -0.095 -0.001773360782 1
0 0.205 -0.085 -0.001665919653 1
0 0.205 -0.075 -0.001548224979 1
0 0.205 -0.065 -0.001420963776 1
0 0.205 -0.055 -0.001283171501 1
0 0.205 -0.045 -0.001144135661 1
0 0.205 -0.035 -0.0009870040567 1
0 0.205 -0.025 -0.0007970084817 2
0 0.205 -0.015 -0.0005735960727 2
0 0.205 -0.005 -0.0003162857319 2
0 0.205 0.005 -5.918718212e-05 2
0 0.205 0.015 0.0002016081608 2
0 0.205 0.025 0.0004599514639 2
0 0.205 0.035 0.0007137645827 2
0 0.205 0.045 0.0009601684237 2
0 0.205 0.055 0.001196806181 2
0 0.205 0.065 0.00142145731 2
0 0.205 0.075 0.001632184715 2
0 0.205 0.085 0.00182732242 2
0 0.205 0.095 0.002005497536 2
0 0.205 0.105 0.002165625312 2
0 0.205 0.115 0.002306894367 2
0 0.205 0.125 0.002428736134 2
0 0.205 0.135 0.002530780629 2
0 0.205 0.145 0.002612801049 2
0 0.205 0.155 0.002674654469 2
0 0.205 0.165 0.002716230088 2
0 0.205 0.175 0.002737419422 2
0 0.205 0.185 0.002738121718 2
0 0.205 0.195 0.002718291282 2
0 0.205 0.205 0.002678021956 2
0 0.205 0.215 0.002617651662 2
0 0.205 0.225 0.002537861859 2
0 0.205 0.235 0.002439746893 2
0 0.205 0.245 0.002324835036 2
0 0.205 0.255 0.002195056942 2
0 0.205 0.265 0.002052662466 2
0 0.205 0.275 0.001900108153 2
0 0.205 0.285 0.001739897035 2
0 0.205 0.295 0.001574422907 2
0 0.205 0.305 0.001405671253 2
0 0.205 0.315 0.001234869787 2
0 0.205 0.325 0.001061617935 2
0 0.205 0.335 0.0008860847562 2
0 0.205 0.345 0.00072454086 1
0 0.205 0.355 0.0005975291142 1
0 0.205 0.365 0.0004824769127 1
0 0.205 0.375 0.0003637485068 1
0 0.205 0.385 0.0002619516857 1
0 0.205 0.395 0.0001614417843 1
0 0.205 0.405 0 1
0 0.205 0.415 0 2
0 0.205 0.425 0 2
0 0.205 0.435 0 2
0 0.205 0.445 0 2
0 0.205 0.455 0 2
0 0.205 0.465 0 2
0 0.215 -0.455 0 2
0 0.215 -0.445 0 2
0 0.215 -0.435 0 2
0 0.215 -0.425 0 2
0 0.215 -0.415 0 2
0 0.215 -0.405 0 2
0 0.215 -0.395 -2.626491814e-05 2
0 0.215 -0.385 -6.912400124e-05 2
0 0.215 -0.375 -0.0001461382672 2
0 0.215 -0.365 -0.0002579580148 2
0 0.215 -0.355 -0.0003931983858 2
0 0.215 -0.345 -0.0005465642044 2
0 0.215 -0.335 -0.0007160389303 2
0 0.215 -0.325 -0.0008930208395 2
0 0.215 -0.315 -0.001070358231 2
0 0.215 -0.305 -0.001242427555 2
0 0.215 -0.295 -0.00140653803 2
0 0.215 -0.285 -0.001561829877 2
0 0.215 -0.275 -0.001707689089 2
0 0.215 -0.265 -0.00184294544 2
0 0.215 -0.255 -0.001965765955 2
0 0.215 -0.245 -0.002073859539 2
0 0.215 -0.235 -0.002164810217 2
0 0.215 -0.225 -0.002236512265 2
0 0.215 -0.215 -0.002287500305 2
0 0.215 -0.205 -0.002317269347 2
0 0.215 -0.195 -0.0023259863 2
0 0.215 -0.185 -0.002314486627 2
0 0.215 -0.175 -0.002285961207 2
0 0.215 -0.165 -0.002230555124 2
0 0.215 -0.155 -0.002165088811 2
0 0.215 -0.145 -0.002097318432 2
0 0.215 -0.135 -0.002005017394 1
0 0.215 -0.125 -0.00191195702 1
0 0.215 -0.115 -0.001833873828 1
0 0.215 -0.105 -0.001744927999 1
0 0.215 -0.095 -0.00164110594 1
0 0.215 -0.085 -0.001538354504 1
0 0.215 -0.075 -0.001427554723 1
0 0.215 -0.065 -0.001300582468 1
0 0.215 -0.055 -0.001167281932 1
0 0.215 -0.045 -0.001036517881 1
0 0.215 -0.035 -0.0008869296839 1
0 0.215 -0.025 -0.0007022867145 2
0 0.215 -0.015 -0.0004855382969 2
0 0.215 -0.005 -0.0002425038296 2
0 0.215 0.005 1.401196387e-06 2
0 0.215 0.015 0.0002499876901 2
0 0.215 0.025 0.0004981770334 2
0 0.215 0.035 0.0007434056292 2
0 0.215 0.045 0.000982524915 2
0 0.215 0.055 0.001212864204 2
0 0.215 0.065 0.00143197453 2
0 0.215 0.075 0.001637752455 2
0 0.215 0.085 0.001828427825 2
0 0.215 0.095 0.002002576227 2
0 0.215 0.105 0.002159108303 2
0 0.215 0.115 0.002297250492 2
0 0.215 0.125 0.002416510232 2
0 0.215 0.135 0.002516624656 2
0 0.215 0.145 0.00259749265 2
0 0.215 0.155 0.002659096587 2
0 0.215 0.165 0.002701427133 2
0 0.215 0.175 0.002724430836 2
0 0.215 0.185 0.002728000961 2
0 0.215 0.195 0.002712024112 2
0 0.215 0.205 0.002676478381 2
0 0.215 0.215 0.002621560232 2
0 0.215 0.225 0.002547806164 2
0 0.215 0.235 0.002456177662 2
0 0.215 0.245 0.002348090637 2
0 0.215 0.255 0.002225387717 2
0 0.215 0.265 0.002090262716 2
0 0.215 0.275 0.001945152992 2
0 0.215 0.285 0.001792622081 2
0 0.215 0.295 0.001635172532 2
0 0.215 0.305 0.001475316332 2
0 0.215 0.315 0.001314324483 2
0 0.215 0.325 0.001156395373 2
0 0.215 0.335 0.0009893910453 2
0 0.215 0.345 0.0008238465688 2
0 0.215 0.355 0.0006838667914 1
0 0.215 0.365 0.0005685038584 1
0 0.215 0.375 0.0004517478737 1
0 0.215 0.385 0.0003377292947 1
0 0.215 0.395 0.0002201541534 1
0 0.215 0.405 0 2
0 0.215 0.415 0 2
0 0.215 0.425 0 2
0 0.215 0.435 0 2
0 0.215 0.445 0 2
0 0.215 0.455 0 2
0 0.215 0.465 0 2
0 0.225 -0.455 0 2
0 0.225 -0.445 0 2
0 0.225 -0.435 0 2
0 0.225 -0.425 0 1
0 0.225 -0.415 0 1
0 0.225 -0.405 0 1
0 0.225 -0.395 2.763230056e-07 1
0 0.225 -0.385 -4.630281662e-05 2
0 0.225 -0.375 -0.0001124942008 2
0 0.225 -0.365 -0.0002223026977 2
0 0.225 -0.355 -0.0003663691745 2
0 0.225 -0.345 -0.000521460626 2
0 0.225 -0.335 -0.0006932914126 2
0 0.225 -0.325 -0.0008724213767 2
0 0.225 -0.315 -0.001052346671 2
0 0.225 -0.305 -0.001228054629 2
0 0.225 -0.295 -0.001396245335 2
0 0.225 -0.285 -0.001555143496 2
0 0.225 -0.275 -0.001703472612 2
0 0.225 -0.265 -0.001839845498 2
0 0.225 -0.255 -0.001962441949 2
0 0.225 -0.245 -0.002069077158 2
0 0.225 -0.235 -0.002157526015 2
0 0.225 -0.225 -0.002226042531 2
0 0.225 -0.215 -0.002273862532 2
0 0.225 -0.205 -0.002301432841 2
0 0.225 -0.195 -0.002310136776 2
0 0.225 -0.185 -0.002300938068 2
0 0.225 -0.175 -0.002275356743 2
0 0.225 -0.165 -0.002229386695 2
0 0.225 -0.155 -0.002162912524 2
0 0.225 -0.145 -0.002079923983 2
0 0.225 -0.135 -0.001978930578 2
0 0.225 -0.125 -0.001852221938 1
0 0.225 -0.115 -0.001748210541 1
0 0.225 -0.105 -0.001643707878 1
0 0.225 -0.095 -0.001530031892 1
0 0.225 -0.085 -0.001423594238 1
0 0.225 -0.075 -0.00131056016 1
0 0.225 -0.065 -0.001181707639 1
0 0.225 -0.055 -0.001056616496 1
0 0.225 -0.045 -0.0009342569684 1
0 0.225 -0.035 -0.0007892967272 1
0 0.225 -0.025 -0.0006058356884 2
0 0.225 -0.015 -0.0003959473247 2
0 0.225 -0.005 -0.0001700782044 2
0 0.225 0.005 6.121669394e-05 2
0 0.225 0.015 0.0002984639041 2
0 0.225 0.025 0.0005374284425 2
0 0.225 0.035 0.0007748694426 2
0 0.225 0.045 0.001007352581 2
0 0.225 0.055 0.00123188879 2
0 0.225 0.065 0.001445811896 2
0 0.225 0.075 0.001646862923 2
0 0.225 0.085 0.001833178292 2
0 0.225 0.095 0.002003291296 2
0 0.225 0.105 0.002156117045 2
0 0.225 0.115 0.002290931993 2
0 0.225 0.125 0.002407339032 2
0 0.225 0.135 0.002505211891 2
0 0.225 0.145 0.002584613566 2
0 0.225 0.155 0.002645692458 2
0 0.225 0.165 0.002688571663 2
0 0.225 0.175 0.00271325981 2
0 0.225 0.185 0.002719617519 2
0 0.225 0.195 0.002707404635 2
0 0.225 0.205 0.002676406224 2
0 0.225 0.215 0.002626603248 2
0 0.225 0.225 0.002558335365 2
0 0.225 0.235 0.002472410011 2
0 0.225 0.245 0.002370136448 2
0 0.225 0.255 0.002253289251 2
0 0.225 0.265 0.002124022648 2
0 0.225 0.275 0.001984753651 2
0 0.225 0.285 0.001838056186 2
0 0.225 0.295 0.001686466859 2
0 0.225 0.305 0.001532603931 2
0 0.225 0.315 0.001377975177 2
0 0.225 0.325 0.001225311519 2
0 0.225 0.335 0.001068664043 2
0 0.225 0.345 0.0009123433086 2
0 0.225 0.355 0.0007704047715 1
0 0.225 0.365 0.0006508450722 1
0 0.225 0.375 0.0005341680484 1
0 0.225 0.385 0.000391596168 1
0 0.225 0.395 0.0002501218925 1
0 0.225 0.405 0 2
0 0.225 0.415 0 2
0 0.225 0.425 0 2
0 0.225 0.435 0 2
0 0.225 0.445 0 2
0 0.225 0.455 0 2
0 0.225 0.465 0 2
0 0.235 -0.455 0 2
0 0.235 -0.445 0 2
0 0.235 -0.435 0 1
0 0.235 -0.425 0 1
0 0.235 -0.415 0 1
0 0.235 -0.405 0 1
0 0.235 -0.395 -1.381581816e-05 1
0 0.235 -0.385 -5.547352962e-05 1
0 0.235 -0.375 -0.0001166983818 2
0 0.235 -0.365 -0.0002103653401 2
0 0.235 -0.355 -0.0003504549025 2
0 0.235 -0.345 -0.0005103325189 2
0 0.235 -0.335 -0.0006827288847 2
0 0.235 -0.325 -0.0008624589669 2
0 0.235 -0.315 -0.001042651282 2
0 0.235 -0.305 -0.001219309916 2
0 0.235 -0.295 -0.001389097597 2
0 0.235 -0.285 -0.001549939114 2
0 0.235 -0.275 -0.001700180867 2
0 0.235 -0.265 -0.001838210392 2
0 0.235 -0.255 -0.001962096104 2
0 0.235 -0.245 -0.00206955462 2
0 0.235 -0.235 -0.002158244657 2
0 0.235 -0.225 -0.002226415688 2
0 0.235 -0.215 -0.002273706968 2
0 0.235 -0.205 -0.002301546961 2
0 0.235 -0.195 -0.002312663916 2
0 0.235 -0.185 -0.002309207486 2
0 0.235 -0.175 -0.002292262226 2
0 0.235 -0.165 -0.002261817938 2
0 0.235 -0.155 -0.002209900097 2
0 0.235 -0.145 -0.002133154504 2
0 0.235 -0.135 -0.002041163548 2
0 0.235 -0.125 -0.001929951325 2
0 0.235 -0.115 -0.001791664432 2
0 0.235 -0.105 -0.001656986864 2
0 0.235 -0.095 -0.001522304225 1
0 0.235 -0.085 -0.001403178055 2
0 0.235 -0.075 -0.001261953074 2
0 0.235 -0.065 -0.00111239989 1
0 0.235 -0.055 -0.000990439795 1
0 0.235 -0.045 -0.0008669152376 1
0 0.235 -0.035 -0.0007078664964 2
0 0.235 -0.025 -0.0005179329805 2
0 0.235 -0.015 -0.0003178591402 2
0 0.235 -0.005 -0.0001084488999 2
0 0.235 0.005 0.0001132213078 2
0 0.235 0.015 0.0003421732089 2
0 0.235 0.025 0.0005743272357 2
0 0.235 0.035 0.0008058318112 2
0 0.235 0.045 0.001033074902 2
0 0.235 0.055 0.001252855825 2
0 0.235 0.065 0.001462368473 2
0 0.235 0.075 0.001659254266 2
0 0.235 0.085 0.001841595443 2
0 0.235 0.095 0.002007907604 2
0 0.235 0.105 0.002157123809 2
0 0.235 0.115 0.002288579975 2
0 0.235 0.125 0.002401988907 2
0 0.235 0.135 0.00249738823 2
0 0.235 0.145 0.00257504785 2
0 0.235 0.155 0.002635334876 2
0 0.235 0.165 0.002678551695 2
0 0.235 0.175 0.002704788067 2
0 0.235 0.185 0.002713845154 2
0 0.235 0.195 0.002705282836 2
0 0.235 0.205 0.002678594888 2
0 0.235 0.215 0.002633456646 2
0 0.235 0.225 0.002569955538 2
0 0.235 0.235 0.002488731816 2
0 0.235 0.245 0.002391005867 2
0 0.235 0.255 0.002278511418 2
0 0.235 0.265 0.002153375676 2
0 0.235 0.275 0.002017974973 2
0 0.235 0.285 0.001874810077 2
0 0.235 0.295 0.001726324775 2
0 0.235 0.305 0.001574885199 2
0 0.235 0.315 0.001422309665 2
0 0.235 0.325 0.001269178781 2
0 0.235 0.335 0.001120353692 2
0 0.235 0.345 0.0009711467913 2
0 0.235 0.355 0.0008150934568 2
0 0.235 0.365 0.0006660740333 2
0 0.235 0.375 0.0005270741111 2
0 0.235 0.385 0.0003578903127 2
0 0.235 0.395 0.0002097653565 2
0 0.235 0.405 0 2
0 0.235 0.415 0 2
0 0.235 0.425 0 2
0 0.235 0.435 0 2
0 0.235 0.445 0 2
0 0.235 0.455 0 2
0 0.235 0.465 0 2
0 0.245 -0.455 0 2
0 0.245 -0.445 0 2
0 0.245 -0.435 0 1
0 0.245 -0.425 0 1
0 0.245 -0.415 0 1
0 0.245 -0.405 0 1
0 0.245 -0.395 -3.143991919e-05 1
0 0.245 -0.385 -7.683866621e-05 1
0 0.245 -0.375 -0.0001448471511 2
0 0.245 -0.365 -0.0002238172857 2
0 0.245 -0.355 -0.0003502202881 2
0 0.245 -0.345 -0.0005148105135 2
0 0.245 -0.335 -0.0006851460648 2
0 0.245 -0.325 -0.00086319647 2
0 0.245 -0.315 -0.001041373998 2
0 0.245 -0.305 -0.001216667766 2
0 0.245 -0.295 -0.001385916288 2
0 0.245 -0.285 -0.001547073385 2
0 0.245 -0.275 -0.001698393484 2
0 0.245 -0.265 -0.001838230794 2
0 0.245 -0.255 -0.001964614571 2
0 0.245 -0.245 -0.002075250402 2
0 0.245 -0.235 -0.002167377313 2
0 0.245 -0.225 -0.002238476728 2
0 0.245 -0.215 -0.002287937523 2
0 0.245 -0.205 -0.002317943421 2
0 0.245 -0.195 -0.002332743529 2
0 0.245 -0.185 -0.002336322663 2
0 0.245 -0.175 -0.002330052731 2
0 0.245 -0.165 -0.002312244803 2
0 0.245 -0.155 -0.002280200314 2
0 0.245 -0.145 -0.002223435197 2
0 0.245 -0.135 -0.00214690083 2
0 0.245 -0.125 -0.002049298275 2
0 0.245 -0.115 -0.00191753425 2
0 0.245 -0.105 -0.001782349057 2
0 0.245 -0.095 -0.001646906106 2
0 0.245 -0.085 -0.001487845413 2
0 0.245 -0.075 -0.001334710708 2
0 0.245 -0.065 -0.00118609794 2
0 0.245 -0.055 -0.00102627532 2
0 0.245 -0.045 -0.000854574647 2
0 0.245 -0.035 -0.0006693011968 2
0 0.245 -0.025 -0.000477318227 2
0 0.245 -0.015 -0.0002780034738 2
0 0.245 -0.005 -6.849491664e-05 2
0 0.245 0.005 0.000151342248 2
0 0.245 0.015 0.000377446191 2
0 0.245 0.025 0.0006064091519 2
0 0.245 0.035 0.0008345616277 2
0 0.245 0.045 0.001058461324 2
0 0.245 0.055 0.001274913966 2
0 0.245 0.065 0.001481101517 2
0 0.245 0.075 0.001674655111 2
0 0.245 0.085 0.001853661981 2
0 0.245 0.095 0.002016651632 2
0 0.245 0.105 0.002162583688 2
0 0.245 0.115 0.00229085047 2
0 0.245 0.125 0.002401273856 2
0 0.245 0.135 0.002494071212 2
0 0.245 0.145 0.002569761334 2
0 0.245 0.155 0.002628996728 2
0 0.245 0.165 0.00267233115 2
0 0.245 0.175 0.002699977492 2
0 0.245 0.185 0.002711653951 2
0 0.245 0.195 0.002706625206 2
0 0.245 0.205 0.002683961381 2
0 0.245 0.215 0.002642919281 2
0 0.245 0.225 0.002583282027 2
0 0.245 0.235 0.002505535777 2
0 0.245 0.245 0.002410864493 2
0 0.245 0.255 0.002301017458 2
0 0.245 0.265 0.002178126004 2
0 0.245 0.275 0.002044515273 2
0 0.245 0.285 0.001902544709 2
0 0.245 0.295 0.001754442546 2
0 0.245 0.305 0.001602136303 2
0 0.245 0.315 0.001447269483 2
0 0.245 0.325 0.001290202538 2
0 0.245 0.335 0.001132937048 2
0 0.245 0.345 0.0009701585324 2
0 0.245 0.355 0.0007999607569 2
0 0.245 0.365 0.0006304219269 2
0 0.245 0.375 0.0004712045295 2
0 0.245 0.385 0.0003060139366 2
0 0.245 0.395 0.0001733521122 2
0 0.245 0.405 0 2
0 0.245 0.415 0 2
0 0.245 0.425 0 2
0 0.245 0.435 0 2
0 0.245 0.445 0 2
0 0.245 0.455 0 2
0 0.245 0.465 0 2
0 0.255 -0.455 0 2
0 0.255 -0.445 0 2
0 0.255 -0.435 0 1
0 0.255 -0.425 0 1
0 0.255 -0.415 0 1
0 0.255 -0.405 0 1
0 0.255 -0.395 -4.565495341e-05 1
0 0.255 -0.385 -9.667176917e-05 1
0 0.255 -0.375 -0.0001699200839 1
0 0.255 -0.365 -0.000251182927 2
0 0.255 -0.355 -0.0003699970668 2
0 0.255 -0.345 -0.0005340217755 2
0 0.255 -0.335 -0.0006999988055 2
0 0.255 -0.325 -0.0008738681927 2
0 0.255 -0.315 -0.001047816162 2
0 0.255 -0.305 -0.001219535504 2
0 0.255 -0.295 -0.001386161054 2
0 0.255 -0.285 -0.001545878432 2
0 0.255 -0.275 -0.001697104163 2
0 0.255 -0.265 -0.001838384318 2
0 0.255 -0.255 -0.001967878728 2
0 0.255 -0.245 -0.002083658598 2
0 0.255 -0.235 -0.002182371963 2
0 0.255 -0.225 -0.002259914343 2
0 0.255 -0.215 -0.002315065529 2
0 0.255 -0.205 -0.002350366669 2
0 0.255 -0.195 -0.002370614702 2
0 0.255 -0.185 -0.00238128375 2
0 0.255 -0.175 -0.002384172833 2
0 0.255 -0.165 -0.002376675684 2
0 0.255 -0.155 -0.002355733401 2
0 0.255 -0.145 -0.002316952822 2
0 0.255 -0.135 -0.002254770161 2
0 0.255 -0.125 -0.002169362881 2
0 0.255 -0.115 -0.002064492915 2
0 0.255 -0.105 -0.001949137243 2
0 0.255 -0.095 -0.001814105775 2
0 0.255 -0.085 -0.00165848676 2
0 0.255 -0.075 -0.001500839678 2
0 0.255 -0.065 -0.001328032324 2
0 0.255 -0.055 -0.001132473554 2
0 0.255 -0.045 -0.0009225896093 2
0 0.255 -0.035 -0.0007072742262 2
0 0.255 -0.025 -0.0004896003888 2
0 0.255 -0.015 -0.0002730062071 2
0 0.255 -0.005 -5.038965391e-05 2
0 0.255 0.005 0.0001753366972 2
0 0.255 0.015 0.0004036999105 2
0 0.255 0.025 0.0006329209231 2
0 0.255 0.035 0.000860273128 2
0 0.255 0.045 0.001082797687 2
0 0.255 0.055 0.001297475049 2
0 0.255 0.065 0.001501571232 2
0 0.255 0.075 0.001692797562 2
0 0.255 0.085 0.001869316337 2
0 0.255 0.095 0.002029703864 2
0 0.255 0.105 0.002172938763 2
0 0.255 0.115 0.00229843943 2
0 0.255 0.125 0.002406108203 2
0 0.255 0.135 0.002496335759 2
0 0.255 0.145 0.002569919771 2
0 0.255 0.155 0.00262787281 2
0 0.255 0.165 0.002671101821 2
0 0.255 0.175 0.00270001953 2
0 0.255 0.185 0.002714246269 2
0 0.255 0.195 0.00271262549 2
0 0.255 0.205 0.002693623017 2
0 0.255 0.215 0.002655939415 2
0 0.255 0.225 0.002599022366 2
0 0.255 0.235 0.002523271246 2
0 0.255 0.245 0.002429946086 2
0 0.255 0.255 0.002320914942 2
0 0.255 0.265 0.002198377452 2
0 0.255 0.275 0.00206462602 2
0 0.255 0.285 0.001921861501 2
0 0.255 0.295 0.001772047741 2
0 0.255 0.305 0.001616697712 2
0 0.255 0.315 0.001456921826 2
0 0.255 0.325 0.001292702274 2
0 0.255 0.335 0.001122774482 2
0 0.255 0.345 0.0009462043698 2
0 0.255 0.355 0.000765697695 2
0 0.255 0.365 0.0005860509649 2
0 0.255 0.375 0.000417922586 2
0 0.255 0.385 0.000262777892 2
0 0.255 0.395 0.0001439989961 2
0 0.255 0.405 0 2
0 0.255 0.415 0 2
0 0.255 0.425 0 2
0 0.255 0.435 0 2
0 0.255 0.445 0 2
0 0.255 0.455 0 2
0 0.255 0.465 0 2
0 0.265 -0.455 0 2
0 0.265 -0.445 0 2
0 0.265 -0.435 0 1
0 0.265 -0.425 0 1
0 0.265 -0.415 0 1
0 0.265 -0.405 0 1
0 0.265 -0.395 -6.304413101e-05 1
0 0.265 -0.385 -0.0001203696173 1
0 0.265 -0.375 -0.0001971495923 1
0 0.265 -0.365 -0.0002890546411 2
0 0.265 -0.355 -0.0004094714606 2
0 0.265 -0.345 -0.0005650558913 2
0 0.265 -0.335 -0.0007249737275 2
0 0.265 -0.325 -0.0008924097195 2
0 0.265 -0.315 -0.001060128448 2
0 0.265 -0.305 -0.00122620432 2
0 0.265 -0.295 -0.001388161772 2
0 0.265 -0.285 -0.001544518037 2
0 0.265 -0.275 -0.001694038313 2
0 0.265 -0.265 -0.0018356606 2
0 0.265 -0.255 -0.001968064308 2
0 0.265 -0.245 -0.002090075446 2
0 0.265 -0.235 -0.002198122528 2
0 0.265 -0.225 -0.002293195996 2
0 0.265 -0.215 -0.00236425471 2
0 0.265 -0.205 -0.002411385014 2
0 0.265 -0.195 -0.002444855427 2
0 0.265 -0.185 -0.002461694933 2
0 0.265 -0.175 -0.002464912786 2
0 0.265 -0.165 -0.002459753754 2
0 0.265 -0.155 -0.002436066862 2
0 0.265 -0.145 -0.002391509067 2
0 0.265 -0.135 -0.002338245062 2
0 0.265 -0.125 -0.002262682146 2
0 0.265 -0.115 -0.00217186758 2
0 0.265 -0.105 -0.002067022852 2
0 0.265 -0.095 -0.001943733268 2
0 0.265 -0.085 -0.001804099397 2
0 0.265 -0.075 -0.00164829402 2
0 0.265 -0.065 -0.001460881861 2
0 0.265 -0.055 -0.001247437089 2
0 0.265 -0.045 -0.001017512443 2
0 0.265 -0.035 -0.000774835825 2
0 0.265 -0.025 -0.0005246630481 2
0 0.265 -0.015 -0.0002815901817 2
0 0.265 -0.005 -4.431742624e-05 2
0 0.265 0.005 0.0001903693146 2
0 0.265 0.015 0.0004233810124 2
0 0.265 0.025 0.0006548634146 2
0 0.265 0.035 0.0008831729692 2
0 0.265 0.045 0.001105867788 2
0 0.265 0.055 0.001320118439 2
0 0.265 0.065 0.001523308459 2
0 0.265 0.075 0.001713295608 2
0 0.265 0.085 0.001888356338 2
0 0.265 0.095 0.002047127174 2
0 0.265 0.105 0.002188576627 2
0 0.265 0.115 0.002312090243 2
0 0.265 0.125 0.00241758454 2
0 0.265 0.135 0.002505566125 2
0 0.265 0.145 0.002577089817 2
0 0.265 0.155 0.002633585784 2
0 0.265 0.165 0.002676461338 2
0 0.265 0.175 0.00270648638 2
0 0.265 0.185 0.002723202397 2
0 0.265 0.195 0.002724849618 2
0 0.265 0.205 0.002709012218 2
0 0.265 0.215 0.002673657261 2
0 0.265 0.225 0.002617927479 2
0 0.265 0.235 0.002542319923 2
0 0.265 0.245 0.002448387345 2
0 0.265 0.255 0.002338271961 2
0 0.265 0.265 0.002214322041 2
0 0.265 0.275 0.002078828012 2
0 0.265 0.285 0.001933857196 2
0 0.265 0.295 0.001781150006 2
0 0.265 0.305 0.001621993457 2
0 0.265 0.315 0.001457203577 2
0 0.265 0.325 0.001286964621 2
0 0.265 0.335 0.001111195641 2
0 0.265 0.345 0.0009304679705 2
0 0.265 0.355 0.0007482211336 2
0 0.265 0.365 0.0005697940982 2
0 0.265 0.375 0.0004048285017 2
0 0.265 0.385 0.0002538061534 2
0 0.265 0.395 0.0001379172869 2
0 0.265 0.405 0 2
0 0.265 0.415 0 2
0 0.265 0.425 0 2
0 0.265 0.435 0 2
0 0.265 0.445 0 2
0 0.265 0.455 0 2
0 0.265 0.465 0 2
0 0.275 -0.455 0 2
0 0.275 -0.445 0 2
0 0.275 -0.435 0 1
0 0.275 -0.425 0 1
0 0.275 -0.415 0 1
0 0.275 -0.405 0 1
0 0.275 -0.395 -7.708743841e-05 1
0 0.275 -0.385 -0.0001382023119 1
0 0.275 -0.375 -0.0002203637565 1
0 0.275 -0.365 -0.0003238864322 2
0 0.275 -0.355 -0.0004510055937 2
0 0.275 -0.345 -0.000601284962 2
0 0.275 -0.335 -0.0007556884118 2
0 0.275 -0.325 -0.0009156979809 2
0 0.275 -0.315 -0.001075725053 2
0 0.275 -0.305 -0.001234358178 2
0 0.275 -0.295 -0.001389668502 2
0 0.275 -0.285 -0.001540541401 2
0 0.275 -0.275 -0.001686163891 2
0 0.275 -0.265 -0.001825926028 2
0 0.275 -0.255 -0.001959354331 2
0 0.275 -0.245 -0.002085606582 2
0 0.275 -0.235 -0.002200691008 2
0 0.275 -0.225 -0.002313618138 2
0 0.275 -0.215 -0.00240219416 2
0 0.275 -0.205 -0.0024621685 2
0 0.275 -0.195 -0.00251228591 2
0 0.275 -0.185 -0.00254127003 2
0 0.275 -0.175 -0.00253872184 2
0 0.275 -0.165 -0.002527212461 2
0 0.275 -0.155 -0.00249678995 2
0 0.275 -0.145 -0.002447243903 2
0 0.275 -0.135 -0.002386627503 2
0 0.275 -0.125 -0.002307993119 2
0 0.275 -0.115 -0.002207712642 2
0 0.275 -0.105 -0.002099716307 2
0 0.275 -0.095 -0.001983098086 1
0 0.275 -0.085 -0.001843020988 1
0 0.275 -0.075 -0.001685924482 1
0 0.275 -0.065 -0.001512313146 1
0 0.275 -0.055 -0.001316059829 1
0 0.275 -0.045 -0.001075172833 2
0 0.275 -0.035 -0.0008177179714 2
0 0.275 -0.025 -0.0005485632631 2
0 0.275 -0.015 -0.0002847083751 2
0 0.275 -0.005 -3.711903592e-05 2
0 0.275 0.005 0.0002038946279 2
0 0.275 0.015 0.0004401470863 2
0 0.275 0.025 0.0006736016779 2
0 0.275 0.035 0.0009035398681 2
0 0.275 0.045 0.001127556772 2
0 0.275 0.055 0.001342546316 2
0 0.275 0.065 0.001545833963 2
0 0.275 0.075 0.0017355589 2
0 0.275 0.085 0.001910309485 2
0 0.275 0.095 0.002068765629 2
0 0.275 0.105 0.002209749078 2
0 0.275 0.115 0.002332506588 2
0 0.275 0.125 0.002436868522 2
0 0.275 0.135 0.002523381381 2
0 0.275 0.145 0.002593301889 2
0 0.275 0.155 0.00264846277 2
0 0.275 0.165 0.002690863208 2
0 0.275 0.175 0.002721808719 2
0 0.275 0.185 0.002740817895 2
0 0.275 0.195 0.00274532786 2
0 0.275 0.205 0.0027317271 2
0 0.275 0.215 0.002697107908 2
0 0.275 0.225 0.002640458869 2
0 0.275 0.235 0.0025626871 2
0 0.275 0.245 0.002465948591 2
0 0.275 0.255 0.00235285271 2
0 0.275 0.265 0.002225960665 2
0 0.275 0.275 0.002087558802 2
0 0.275 0.285 0.001939589561 2
0 0.275 0.295 0.00178361923 2
0 0.275 0.305 0.001620821044 2
0 0.275 0.315 0.001452009491 2
0 0.275 0.325 0.001277784952 2
0 0.275 0.335 0.001099038857 2
0 0.275 0.345 0.000917511062 2
0 0.275 0.355 0.0007369820287 2
0 0.275 0.365 0.0005621608822 2
0 0.275 0.375 0.000401062078 2
0 0.275 0.385 0.0002526196184 2
0 0.275 0.395 0.0001372308293 2
0 0.275 0.405 0 2
0 0.275 0.415 0 2
0 0.275 0.425 0 2
0 0.275 0.435 0 2
0 0.275 0.445 0 2
0 0.275 0.455 0 2
0 0.275 0.465 0 2
0 0.285 -0.455 0 2
0 0.285 -0.445 0 2
0 0.285 -0.435 0 1
0 0.285 -0.425 0 1
0 0.285 -0.415 0 1
0 0.285 -0.405 0 1
0 0.285 -0.395 -8.319346003e-05 1
0 0.285 -0.385 -0.0001486934179 1
0 0.285 -0.375 -0.0002392240527 1
0 0.285 -0.365 -0.0003523032532 2
0 0.285 -0.355 -0.0004868363396 2
0 0.285 -0.345 -0.0006388226323 2
0 0.285 -0.335 -0.0007885988201 2
0 0.285 -0.325 -0.0009406333685 2
0 0.285 -0.315 -0.001091822296 2
0 0.285 -0.305 -0.001241500457 2
0 0.285 -0.295 -0.001388351068 2
0 0.285 -0.285 -0.001531546545 2
0 0.285 -0.275 -0.001670608623 2
0 0.285 -0.265 -0.001805301185 2
0 0.285 -0.255 -0.001936192605 2
0 0.285 -0.245 -0.002062184057 2
0 0.285 -0.235 -0.002183868568 2
0 0.285 -0.225 -0.00229837179 2
0 0.285 -0.215 -0.002388228095 2
0 0.285 -0.205 -0.002460424419 1
0 0.285 -0.195 -0.002514814215 1
0 0.285 -0.185 -0.002549386902 1
0 0.285 -0.175 -0.002554692284 1
0 0.285 -0.165 -0.002529131406 2
0 0.285 -0.155 -0.002502680008 2
0 0.285 -0.145 -0.002455920744 2
0 0.285 -0.135 -0.002372394933 2
0 0.285 -0.125 -0.002271751836 2
0 0.285 -0.115 -0.002168672019 1
0 0.285 -0.105 -0.00205437163 1
0 0.285 -0.095 -0.001920771781 1
0 0.285 -0.085 -0.001763242744 1
0 0.285 -0.075 -0.001594335442 1
0 0.285 -0.065 -0.001423783035 1
0 0.285 -0.055 -0.001243214523 1
0 0.285 -0.045 -0.00104176719 1
0 0.285 -0.035 -0.0008037333512 2
0 0.285 -0.025 -0.0005402169979 2
0 0.285 -0.015 -0.0002696307176 2
0 0.285 -0.005 -1.977144719e-05 2
0 0.285 0.005 0.0002211093985 2
0 0.285 0.015 0.0004572810122 2
0 0.285 0.025 0.0006914241401 2
0 0.285 0.035 0.0009219010622 2
0 0.285 0.045 0.001146850108 2
0 0.285 0.055 0.001363368794 2
0 0.285 0.065 0.001567750165 2
0 0.285 0.075 0.001758330273 2
0 0.285 0.085 0.001934225131 2
0 0.285 0.095 0.002094061382 2
0 0.285 0.105 0.002236335206 2
0 0.285 0.115 0.002360075428 2
0 0.285 0.125 0.002465195858 2
0 0.285 0.135 0.002552188429 2
0 0.285 0.145 0.002622025314 2
0 0.285 0.155 0.002676464299 2
0 0.285 0.165 0.002718206823 2
0 0.285 0.175 0.002749642285 2
0 0.285 0.185 0.002770623002 2
0 0.285 0.195 0.002777337537 2
0 0.285 0.205 0.002764279687 2
0 0.285 0.215 0.002727487278 2
0 0.285 0.225 0.002666516808 2
0 0.285 0.235 0.002583524227 2
0 0.285 0.245 0.002481631425 2
0 0.285 0.255 0.002363826529 2
0 0.285 0.265 0.002232851879 2
0 0.285 0.275 0.002090907438 2
0 0.285 0.285 0.001939758054 2
0 0.285 0.295 0.001780812163 2
0 0.285 0.305 0.001615192974 2
0 0.285 0.315 0.001443869713 2
0 0.285 0.325 0.001267851019 2
0 0.285 0.335 0.001088589739 2
0 0.285 0.345 0.0009082969221 2
0 0.285 0.355 0.0007306532251 2
0 0.285 0.365 0.0005594951627 2
0 0.285 0.375 0.0004015349561 2
0 0.285 0.385 0.0002545680353 2
0 0.285 0.395 0.0001389136582 2
0 0.285 0.405 0 2
0 0.285 0.415 0 2
0 0.285 0.425 0 2
0 0.285 0.435 0 2
0 0.285 0.445 0 2
0 0.285 0.455 0 2
0 0.285 0.465 0 2
0 0.295 -0.455 0 2
0 0.295 -0.445 0 2
0 0.295 -0.435 0 1
0 0.295 -0.425 0 1
0 0.295 -0.415 0 1
0 0.295 -0.405 0 1
0 0.295 -0.395 -9.116331736e-05 1
0 0.295 -0.385 -0.0001625476091 1
0 0.295 -0.375 -0.0002628239428 1
0 0.295 -0.365 -0.0003853420545 2
0 0.295 -0.355 -0.0005261112696 2
0 0.295 -0.345 -0.0006780987688 2
0 0.295 -0.335 -0.0008217024996 2
0 0.295 -0.325 -0.0009644611419 2
0 0.295 -0.315 -0.00110572407 2
0 0.295 -0.305 -0.001245298135 2
0 0.295 -0.295 -0.001382257048 2
0 0.295 -0.285 -0.001515809865 2
0 0.295 -0.275 -0.001645534522 2
0 0.295 -0.265 -0.001771294215 2
0 0.295 -0.255 -0.001894213938 2
0 0.295 -0.245 -0.002012650225 2
0 0.295 -0.235 -0.002133418347 2
0 0.295 -0.225 -0.002230282143 2
0 0.295 -0.215 -0.002299201642 2
0 0.295 -0.205 -0.002362121915 1
0 0.295 -0.195 -0.002405331589 1
0 0.295 -0.185 -0.002433198612 1
0 0.295 -0.175 -0.002453549504 1
0 0.295 -0.165 -0.002445123907 1
0 0.295 -0.155 -0.002421520317 2
0 0.295 -0.145 -0.002376658255 2
0 0.295 -0.135 -0.002278444335 2
0 0.295 -0.125 -0.00217103735 1
0 0.295 -0.115 -0.00206228381 1
0 0.295 -0.105 -0.001929716542 1
0 0.295 -0.095 -0.001782255891 1
0 0.295 -0.085 -0.001622981732 1
0 0.295 -0.075 -0.001453719094 1
0 0.295 -0.065 -0.001283056613 1
0 0.295 -0.055 -0.001112669754 1
0 0.295 -0.045 -0.0009263759743 1
0 0.295 -0.035 -0.0007060624511 2
0 0.295 -0.025 -0.0004675550288 2
0 0.295 -0.015 -0.0002180476019 2
0 0.295 -0.005 2.065953835e-05 2
0 0.295 0.005 0.0002502179688 2
0 0.295 0.015 0.0004778886973 2
0 0.295 0.025 0.0007058270324 2
0 0.295 0.035 0.0009364350437 2
0 0.295 0.045 0.0011659959 2
0 0.295 0.055 0.001382944746 2
0 0.295 0.065 0.001586920021 2
0 0.295 0.075 0.001779726789 2
0 0.295 0.085 0.001958657955 2
0 0.295 0.095 0.002121899453 2
0 0.295 0.105 0.002267746329 2
0 0.295 0.115 0.002394935259 2
0 0.295 0.125 0.002503319442 2
0 0.295 0.135 0.002593308603 2
0 0.295 0.145 0.002665585686 2
0 0.295 0.155 0.002721790087 2
0 0.295 0.165 0.002764616573 2
0 0.295 0.175 0.002796387354 2
0 0.295 0.185 0.002817141324 2
0 0.295 0.195 0.002822682551 2
0 0.295 0.205 0.002806505106 2
0 0.295 0.215 0.002763643552 2
0 0.295 0.225 0.002694267287 2
0 0.295 0.235 0.002602585054 2
0 0.295 0.245 0.002493271729 2
0 0.295 0.255 0.002369548831 2
0 0.295 0.265 0.002233978238 2
0 0.295 0.275 0.002088498314 2
0 0.295 0.285 0.001934573596 2
0 0.295 0.295 0.001773416963 2
0 0.295 0.305 0.001606089015 2
0 0.295 0.315 0.001433664293 2
0 0.295 0.325 0.001257405739 2
0 0.295 0.335 0.001079052921 2
0 0.295 0.345 0.0009009313134 2
0 0.295 0.355 0.0007264249115 2
0 0.295 0.365 0.000558602382 2
0 0.295 0.375 0.0004032168708 2
0 0.295 0.385 0.0002572249625 2
0 0.295 0.395 0.0001411244625 2
0 0.295 0.405 0 2
0 0.295 0.415 0 2
0 0.295 0.425 0 2
0 0.295 0.435 0 2
0 0.295 0.445 0 2
0 0.295 0.455 0 2
0 0.295 0.465 0 2
0 0.305 -0.455 0 2
0 0.305 -0.445 0 2
0 0.305 -0.435 0 2
0 0.305 -0.425 0 1
0 0.305 -0.415 0 1
0 0.305 -0.405 0 1
0 0.305 -0.395 -0.0001106013558 1
0 0.305 -0.385 -0.0001910638029 1
0 0.305 -0.375 -0.0003000795322 1
0 0.305 -0.365 -0.00043297559 2
0 0.305 -0.355 -0.0005779512188 2
0 0.305 -0.345 -0.0007186597777 2
0 0.305 -0.335 -0.0008524100435 2
0 0.305 -0.325 -0.0009841171881 2
0 0.305 -0.315 -0.001114729046 2
0 0.305 -0.305 -0.001243736098 2
0 0.305 -0.295 -0.001370140536 2
0 0.305 -0.285 -0.001492834251 2
0 0.305 -0.275 -0.001611076563 2
0 0.305 -0.265 -0.001724472956 2
0 0.305 -0.255 -0.001833851338 2
0 0.305 -0.245 -0.001937715179 2
0 0.305 -0.235 -0.002045418203 2
0 0.305 -0.225 -0.002122239922 2
0 0.305 -0.215 -0.002172441836 1
0 0.305 -0.205 -0.002218830505 1
0 0.305 -0.195 -0.00225069127 1
0 0.305 -0.185 -0.002267424319 1
0 0.305 -0.175 -0.002286716294 1
0 0.305 -0.165 -0.002286559529 1
0 0.305 -0.155 -0.00226211365 1
0 0.305 -0.145 -0.002204063388 2
0 0.305 -0.135 -0.002121992733 1
0 0.305 -0.125 -0.002021015147 1
0 0.305 -0.115 -0.001904354759 1
0 0.305 -0.105 -0.001766748889 1
0 0.305 -0.095 -0.001619353035 1
0 0.305 -0.085 -0.001464436647 1
0 0.305 -0.075 -0.001299769694 1
0 0.305 -0.065 -0.001125226876 1
0 0.305 -0.055 -0.0009484348732 1
0 0.305 -0.045 -0.0007564746231 1
0 0.305 -0.035 -0.0005525319809 1
0 0.305 -0.025 -0.0003451646954 1
0 0.305 -0.015 -0.0001300319401 1
0 0.305 -0.005 8.556583684e-05 1
0 0.305 0.005 0.0002905316455 1
0 0.305 0.015 0.0004932352417 1
0 0.305 0.025 0.0007064503227 2
0 0.305 0.035 0.0009369505088 2
0 0.305 0.045 0.001173090682 2
0 0.305 0.055 0.001391881234 2
0 0.305 0.065 0.001599675777 2
0 0.305 0.075 0.001797354885 2
0 0.305 0.085 0.001981699336 2
0 0.305 0.095 0.002150538267 2
0 0.305 0.105 0.002302356947 2
0 0.305 0.115 0.002435315377 2
0 0.305 0.125 0.002549228963 2
0 0.305 0.135 0.002645979246 2
0 0.305 0.145 0.002734063004 2
0 0.305 0.155 0.002802439502 2
0 0.305 0.165 0.002850046301 2
0 0.305 0.175 0.002879996815 2
0 0.305 0.185 0.002899263384 2
0 0.305 0.195 0.002896284857 2
0 0.305 0.205 0.002863952474 2
0 0.305 0.215 0.002800726809 2
0 0.305 0.225 0.00271847939 2
0 0.305 0.235 0.002615334544 2
0 0.305 0.245 0.002497289876 2
0 0.305 0.255 0.002367539793 2
0 0.305 0.265 0.002227815556 2
0 0.305 0.275 0.002079580867 2
0 0.305 0.285 0.00192387013 2
0 0.305 0.295 0.001761651006 2
0 0.305 0.305 0.001593884537 2
0 0.305 0.315 0.001421679434 2
0 0.305 0.325 0.001246409595 2
0 0.305 0.335 0.001069901183 2
0 0.305 0.345 0.0008944082351 2
0 0.305 0.355 0.00072297972 2
0 0.305 0.365 0.0005580899004 2
0 0.305 0.375 0.000404851678 2
0 0.305 0.385 0.0002596649777 2
0 0.305 0.395 0.0001432374491 2
0 0.305 0.405 0 2
0 0.305 0.415 0 2
0 0.305 0.425 0 2
0 0.305 0.435 0 2
0 0.305 0.445 0 2
0 0.305 0.455 0 2
0 0.305 0.465 0 2
0 0.315 -0.455 0 2
0 0.315 -0.445 0 2
0 0.315 -0.435 0 2
0 0.315 -0.425 0 1
0 0.315 -0.415 0 1
0 0.315 -0.405 0 1
0 0.315 -0.395 -0.000155524228 1
0 0.315 -0.385 -0.0002493022925 1
0 0.315 -0.375 -0.0003638813077 1
0 0.315 -0.365 -0.0004984544857 2
0 0.315 -0.355 -0.0006338550502 2
0 0.315 -0.345 -0.0007541614557 2
0 0.315 -0.335 -0.0008753764587 2
0 0.315 -0.325 -0.0009956121118 2
0 0.315 -0.315 -0.001116019747 2
0 0.315 -0.305 -0.001235135423 2
0 0.315 -0.295 -0.001351473098 2
0 0.315 -0.285 -0.00146333546 2
0 0.315 -0.275 -0.001569376251 2
0 0.315 -0.265 -0.001668651843 2
0 0.315 -0.255 -0.001760988324 2
0 0.315 -0.245 -0.001845550244 2
0 0.315 -0.235 -0.00192366806 2
0 0.315 -0.225 -0.001987282587 2
0 0.315 -0.215 -0.002033089937 1
0 0.315 -0.205 -0.002064413871 1
0 0.315 -0.195 -0.002085853194 1
0 0.315 -0.185 -0.002098460949 1
0 0.315 -0.175 -0.002101129114 1
0 0.315 -0.165 -0.002090151368 1
0 0.315 -0.155 -0.002047125128 1
0 0.315 -0.145 -0.001980913358 1
0 0.315 -0.135 -0.001915521317 1
0 0.315 -0.125 -0.001826990944 1
0 0.315 -0.115 -0.00171092202 1
0 0.315 -0.105 -0.001581335397 1
0 0.315 -0.095 -0.001441854304 1
0 0.315 -0.085 -0.001290385649 1
0 0.315 -0.075 -0.001128252062 1
0 0.315 -0.065 -0.0009554985248 1
0 0.315 -0.055 -0.0007753423931 1
0 0.315 -0.045 -0.0005867730784 1
0 0.315 -0.035 -0.0003958062239 1
0 0.315 -0.025 -0.0002066504832 1
0 0.315 -0.015 -1.656849998e-05 1
0 0.315 -0.005 0.0001752227384 1
0 0.315 0.005 0.0003643907407 1
0 0.315 0.015 0.0005556649732 1
0 0.315 0.025 0.0007352833665 1
0 0.315 0.035 0.0009269570294 1
0 0.315 0.045 0.001153519915 2
0 0.315 0.055 0.001381866479 2
0 0.315 0.065 0.00160442558 2
0 0.315 0.075 0.001809878333 2
0 0.315 0.085 0.002001646283 2
0 0.315 0.095 0.002177645187 2
0 0.315 0.105 0.002336694087 2
0 0.315 0.115 0.002476737591 2
0 0.315 0.125 0.00260578027 2
0 0.315 0.135 0.00271563203 2
0 0.315 0.145 0.0028161727 2
0 0.315 0.155 0.002900427542 2
0 0.315 0.165 0.00295792841 2
0 0.315 0.175 0.002983500911 2
0 0.315 0.185 0.002984920787 2
0 0.315 0.195 0.00296492672 2
0 0.315 0.205 0.002916224921 2
0 0.315 0.215 0.002832427184 2
0 0.315 0.225 0.002729397423 2
0 0.315 0.235 0.002614924662 2
0 0.315 0.245 0.002489090398 2
0 0.315 0.255 0.00235489629 2
0 0.315 0.265 0.002212681861 2
0 0.315 0.275 0.002063312879 2
0 0.315 0.285 0.001907351221 2
0 0.315 0.295 0.001745515036 2
0 0.315 0.305 0.001578653901 2
0 0.315 0.315 0.001407866783 2
0 0.315 0.325 0.001234556319 2
0 0.315 0.335 0.001060538406 2
0 0.315 0.345 0.0008879373971 2
0 0.315 0.355 0.0007195096024 2
0 0.315 0.365 0.0005572951317 2
0 0.315 0.375 0.000405981538 2
0 0.315 0.385 0.0002615960129 2
0 0.315 0.395 0.0001450228722 2
0 0.315 0.405 0 2
0 0.315 0.415 0 2
0 0.315 0.425 0 2
0 0.315 0.435 0 2
0 0.315 0.445 0 2
0 0.315 0.455 0 2
0 0.315 0.465 0 2
0 0.325 -0.455 0 2
0 0.325 -0.445 0 2
0 0.325 -0.435 0 2
0 0.325 -0.425 0 2
0 0.325 -0.415 0 1
0 0.325 -0.405 0 1
0 0.325 -0.395 -0.0001979322256 1
0 0.325 -0.385 -0.0002990974807 1
0 0.325 -0.375 -0.0004208563621 2
0 0.325 -0.365 -0.0005522672144 2
0 0.325 -0.355 -0.0006691158972 2
0 0.325 -0.345 -0.000772896249 2
0 0.325 -0.335 -0.00088338217 2
0 0.325 -0.325 -0.0009945802012 2
0 0.325 -0.315 -0.001106930986 2
0 0.325 -0.305 -0.00121816991 2
0 0.325 -0.295 -0.001326364628 2
0 0.325 -0.285 -0.001429216785 2
0 0.325 -0.275 -0.001524577531 2
0 0.325 -0.265 -0.001610828464 2
0 0.325 -0.255 -0.001686942668 2
0 0.325 -0.245 -0.001753023629 2
0 0.325 -0.235 -0.001801675799 2
0 0.325 -0.225 -0.001854550202 2
0 0.325 -0.215 -0.001897854531 1
0 0.325 -0.205 -0.001914597497 1
0 0.325 -0.195 -0.001924822362 1
0 0.325 -0.185 -0.001935589481 1
0 0.325 -0.175 -0.001918744687 1
0 0.325 -0.165 -0.001886419024 1
0 0.325 -0.155 -0.001829196678 1
0 0.325 -0.145 -0.001761023302 1
0 0.325 -0.135 -0.001692035587 1
0 0.325 -0.125 -0.001609749967 1
0 0.325 -0.115 -0.001503229662 1
0 0.325 -0.105 -0.001382236284 1
0 0.325 -0.095 -0.001246469739 1
0 0.325 -0.085 -0.001099567047 1
0 0.325 -0.075 -0.0009427304017 1
0 0.325 -0.065 -0.00077604246 1
0 0.325 -0.055 -0.0006011543856 1
0 0.325 -0.045 -0.0004232953777 1
0 0.325 -0.035 -0.0002472343049 1
0 0.325 -0.025 -7.414621694e-05 1
0 0.325 -0.015 9.673989891e-05 1
0 0.325 -0.005 0.000267475844 1
0 0.325 0.005 0.0004379325081 1
0 0.325 0.015 0.0006093209049 1
0 0.325 0.025 0.0007692042909 1
0 0.325 0.035 0.0009424863171 1
0 0.325 0.045 0.00115260659 2
0 0.325 0.055 0.001377273306 2
0 0.325 0.065 0.00160829549 2
0 0.325 0.075 0.001818931798 2
0 0.325 0.085 0.002017014811 2
0 0.325 0.095 0.002199325654 2
0 0.325 0.105 0.002364074471 2
0 0.325 0.115 0.002516466773 2
0 0.325 0.125 0.002656477906 2
0 0.325 0.135 0.002771662318 2
0 0.325 0.145 0.002870580115 2
0 0.325 0.155 0.002956708011 2
0 0.325 0.165 0.003018505704 1
0 0.325 0.175 0.003032730154 1
0 0.325 0.185 0.003013720328 1
0 0.325 0.195 0.002972170369 2
0 0.325 0.205 0.002920811234 2
0 0.325 0.215 0.002831485295 2
0 0.325 0.225 0.00271304939 2
0 0.325 0.235 0.002593194852 2
0 0.325 0.245 0.00246416755 2
0 0.325 0.255 0.002329128489 2
0 0.325 0.265 0.002187324862 2
0 0.325 0.275 0.002039180144 2
0 0.325 0.285 0.001884920915 2
0 0.325 0.295 0.001725100999 2
0 0.325 0.305 0.001560505229 2
0 0.325 0.315 0.0013922289 2
0 0.325 0.325 0.001221681501 2
0 0.325 0.335 0.00105064373 2
0 0.325 0.345 0.0008811179599 2
0 0.325 0.355 0.0007156380675 2
0 0.325 0.365 0.0005559455146 2
0 0.325 0.375 0.0004064514098 2
0 0.325 0.385 0.0002629368765 2
0 0.325 0.395 0.0001464125934 2
0 0.325 0.405 0 2
0 0.325 0.415 0 2
0 0.325 0.425 0 2
0 0.325 0.435 0 2
0 0.325 0.445 0 2
0 0.325 0.455 0 2
0 0.325 0.465 0 2
0 0.335 -0.455 0 2
0 0.335 -0.445 0 2
0 0.335 -0.435 0 2
0 0.335 -0.425 0 2
0 0.335 -0.415 0 2
0 0.335 -0.405 0 2
0 0.335 -0.395 -0.0001862360612 2
0 0.335 -0.385 -0.0002986686353 2
0 0.335 -0.375 -0.000434161898 2
0 0.335 -0.365 -0.0005534096405 2
0 0.335 -0.355 -0.000660988616 2
0 0.335 -0.345 -0.0007648095127 2
0 0.335 -0.335 -0.0008709993085 2
0 0.335 -0.325 -0.0009778673584 2
0 0.335 -0.315 -0.001085590283 2
0 0.335 -0.305 -0.001192006263 2
0 0.335 -0.295 -0.001295005252 2
0 0.335 -0.285 -0.001391804462 2
0 0.335 -0.275 -0.001479608408 2
0 0.335 -0.265 -0.001556626017 2
0 0.335 -0.255 -0.001621884586 2
0 0.335 -0.245 -0.001676073165 2
0 0.335 -0.235 -0.001716637742 2
0 0.335 -0.225 -0.001757347846 2
0 0.335 -0.215 -0.001791293245 2
0 0.335 -0.205 -0.001800686364 1
0 0.335 -0.195 -0.001799640574 1
0 0.335 -0.185 -0.001789474763 1
0 0.335 -0.175 -0.001755713309 1
0 0.335 -0.165 -0.001703026944 1
0 0.335 -0.155 -0.001636183212 1
0 0.335 -0.145 -0.001562864703 1
0 0.335 -0.135 -0.001484892371 1
0 0.335 -0.125 -0.001397309236 1
0 0.335 -0.115 -0.001293321225 1
0 0.335 -0.105 -0.001167884033 1
0 0.335 -0.095 -0.001030782845 1
0 0.335 -0.085 -0.0008913518377 1
0 0.335 -0.075 -0.0007421994173 1
0 0.335 -0.065 -0.0005824037292 1
0 0.335 -0.055 -0.0004243436635 1
0 0.335 -0.045 -0.0002672845133 1
0 0.335 -0.035 -0.0001089364938 1
0 0.335 -0.025 4.714808024e-05 1
0 0.335 -0.015 0.0002015768578 1
0 0.335 -0.005 0.0003560583177 1
0 0.335 0.005 0.0005106083232 1
0 0.335 0.015 0.0006657211272 1
0 0.335 0.025 0.0008129308375 1
0 0.335 0.035 0.0009735697181 1
0 0.335 0.045 0.001167665119 2
0 0.335 0.055 0.001382840191 2
0 0.335 0.065 0.001613513646 2
0 0.335 0.075 0.001824933448 2
0 0.335 0.085 0.002025841791 2
0 0.335 0.095 0.002210721875 2
0 0.335 0.105 0.00238329389 2
0 0.335 0.115 0.002539582327 2
0 0.335 0.125 0.002669609217 2
0 0.335 0.135 0.002775024765 2
0 0.335 0.145 0.002863477093 1
0 0.335 0.155 0.002915116317 1
0 0.335 0.165 0.002942458833 1
0 0.335 0.175 0.002950064366 1
0 0.335 0.185 0.002927993519 1
0 0.335 0.195 0.002895730116 1
0 0.335 0.205 0.002853520342 2
0 0.335 0.215 0.00277694225 2
0 0.335 0.225 0.002661701166 2
0 0.335 0.235 0.002545821643 2
0 0.335 0.245 0.002420494997 2
0 0.335 0.255 0.002289425485 2
0 0.335 0.265 0.002151635545 2
0 0.335 0.275 0.002007437167 2
0 0.335 0.285 0.001856987624 2
0 0.335 0.295 0.001700826768 2
0 0.335 0.305 0.001539768367 2
0 0.335 0.315 0.001374951972 2
0 0.335 0.325 0.001207817341 2
0 0.335 0.335 0.00104013058 2
0 0.335 0.345 0.0008738129377 2
0 0.335 0.355 0.0007112503824 2
0 0.335 0.365 0.000553991869 2
0 0.335 0.375 0.0004062728131 2
0 0.335 0.385 0.0002637169827 2
0 0.335 0.395 0.0001474145873 2
0 0.335 0.405 0 2
0 0.335 0.415 0 2
0 0.335 0.425 0 2
0 0.335 0.435 0 2
0 0.335 0.445 0 2
0 0.335 0.455 0 2
0 0.335 0.465 0 2
0 0.345 -0.455 0 2
0 0.345 -0.445 0 2
0 0.345 -0.435 0 2
0 0.345 -0.425 0 2
0 0.345 -0.415 0 2
0 0.345 -0.405 0 2
0 0.345 -0.395 -0.0001452138031 2
0 0.345 -0.385 -0.0002558033697 2
0 0.345 -0.375 -0.0003889414147 2
0 0.345 -0.365 -0.0005089410529 2
0 0.345 -0.355 -0.0006213710206 2
0 0.345 -0.345 -0.0007316515567 2
0 0.345 -0.335 -0.0008386210498 2
0 0.345 -0.325 -0.0009450207837 2
0 0.345 -0.315 -0.001051278591 2
0 0.345 -0.305 -0.001155842432 2
0 0.345 -0.295 -0.00125660855 2
0 0.345 -0.285 -0.00135091485 2
0 0.345 -0.275 -0.001439655073 2
0 0.345 -0.265 -0.001516683269 2
0 0.345 -0.255 -0.001579275595 2
0 0.345 -0.245 -0.00163116586 2
0 0.345 -0.235 -0.001675761845 2
0 0.345 -0.225 -0.001701862309 2
0 0.345 -0.215 -0.001714589532 2
0 0.345 -0.205 -0.001717560019 1
0 0.345 -0.195 -0.001697871615 1
0 0.345 -0.185 -0.001658781634 1
0 0.345 -0.175 -0.001608446785 1
0 0.345 -0.165 -0.001542536343 1
0 0.345 -0.155 -0.001464577722 1
0 0.345 -0.145 -0.001375182701 1
0 0.345 -0.135 -0.001282602096 1
0 0.345 -0.125 -0.001184980996 1
0 0.345 -0.115 -0.00107079964 1
0 0.345 -0.105 -0.0009375036463 1
0 0.345 -0.095 -0.0008020289277 1
0 0.345 -0.085 -0.000668001326 1
0 0.345 -0.075 -0.0005269615426 1
0 0.345 -0.065 -0.0003819725283 1
0 0.345 -0.055 -0.000246890264 1
0 0.345 -0.045 -0.0001125953621 1
0 0.345 -0.035 2.480478204e-05 1
0 0.345 -0.025 0.0001606841689 1
0 0.345 -0.015 0.0002992021347 1
0 0.345 -0.005 0.0004387046573 1
0 0.345 0.005 0.0005780253554 1
0 0.345 0.015 0.0007200355625 1
0 0.345 0.025 0.0008593974858 1
0 0.345 0.035 0.001010308665 1
0 0.345 0.045 0.00119208965 2
0 0.345 0.055 0.001396712023 2
0 0.345 0.065 0.001620459086 2
0 0.345 0.075 0.001827006999 2
0 0.345 0.085 0.002024446639 2
0 0.345 0.095 0.002204133237 2
0 0.345 0.105 0.002377600999 2
0 0.345 0.115 0.00252042496 2
0 0.345 0.125 0.0026197789 2
0 0.345 0.135 0.002704947337 1
0 0.345 0.145 0.002764606739 1
0 0.345 0.155 0.00279221921 1
0 0.345 0.165 0.002805414649 1
0 0.345 0.175 0.002811839446 1
0 0.345 0.185 0.002798235705 1
0 0.345 0.195 0.002775217211 1
0 0.345 0.205 0.002739068669 2
0 0.345 0.215 0.002676065287 2
0 0.345 0.225 0.002579430083 2
0 0.345 0.235 0.002475140187 2
0 0.345 0.245 0.002359975006 2
0 0.345 0.255 0.002237429443 2
0 0.345 0.265 0.00210708213 2
0 0.345 0.275 0.001969372532 2
0 0.345 0.285 0.001824643577 2
0 0.345 0.295 0.001673571667 2
0 0.345 0.305 0.001517102652 2
0 0.345 0.315 0.001356484714 2
0 0.345 0.325 0.00119323251 2
0 0.345 0.335 0.001029138322 2
0 0.345 0.345 0.0008660935103 2
0 0.345 0.355 0.0007064035484 2
0 0.345 0.365 0.0005515060103 2
0 0.345 0.375 0.0004055299865 2
0 0.345 0.385 0.0002640066502 2
0 0.345 0.395 0.0001480663716 2
0 0.345 0.405 0 2
0 0.345 0.415 0 2
0 0.345 0.425 0 2
0 0.345 0.435 0 2
0 0.345 0.445 0 2
0 0.345 0.455 0 2
0 0.345 0.465 0 2
0 0.355 -0.455 0 2
0 0.355 -0.445 0 2
0 0.355 -0.435 0 2
0 0.355 -0.425 0 2
0 0.355 -0.415 0 2
0 0.355 -0.405 0 2
0 0.355 -0.395 -0.0001131377576 2
0 0.355 -0.385 -0.0002118908774 2
0 0.355 -0.375 -0.0003336882863 2
0 0.355 -0.365 -0.0004534713844 2
0 0.355 -0.355 -0.000570641694 2
0 0.355 -0.345 -0.00068205481 2
0 0.355 -0.335 -0.000790449634 2
0 0.355 -0.325 -0.0008975909643 2
0 0.355 -0.315 -0.001004043821 2
0 0.355 -0.305 -0.001108679508 2
0 0.355 -0.295 -0.001211357133 2
0 0.355 -0.285 -0.0013070475 2
0 0.355 -0.275 -0.001396452099 2
0 0.355 -0.265 -0.001474593999 2
0 0.355 -0.255 -0.001538020464 2
0 0.355 -0.245 -0.001588302803 2
0 0.355 -0.235 -0.001625411463 2
0 0.355 -0.225 -0.001634235386 2
0 0.355 -0.215 -0.001632994073 1
0 0.355 -0.205 -0.001620961899 1
0 0.355 -0.195 -0.001585499689 1
0 0.355 -0.185 -0.001530757153 1
0 0.355 -0.175 -0.001470609815 1
0 0.355 -0.165 -0.001396267033 1
0 0.355 -0.155 -0.001305053907 1
0 0.355 -0.145 -0.001202133903 1
0 0.355 -0.135 -0.001097171978 1
0 0.355 -0.125 -0.0009874986504 1
0 0.355 -0.115 -0.0008615601392 1
0 0.355 -0.105 -0.000739110983 1
0 0.355 -0.095 -0.0006240651329 1
0 0.355 -0.085 -0.0005016284014 2
0 0.355 -0.075 -0.0003581247531 2
0 0.355 -0.065 -0.0002109719033 1
0 0.355 -0.055 -8.995539473e-05 1
0 0.355 -0.045 3.017182843e-05 1
0 0.355 -0.035 0.0001495072103 1
0 0.355 -0.025 0.0002674772698 1
0 0.355 -0.015 0.000390611682 1
0 0.355 -0.005 0.0005152422773 1
0 0.355 0.005 0.0006394140128 1
0 0.355 0.015 0.0007686701899 1
0 0.355 0.025 0.0009034821567 1
0 0.355 0.035 0.001049544516 1
0 0.355 0.045 0.001222895618 2
0 0.355 0.055 0.001416259031 2
0 0.355 0.065 0.001627768961 2
0 0.355 0.075 0.001823506922 2
0 0.355 0.085 0.002010895895 2
0 0.355 0.095 0.002185481832 2
0 0.355 0.105 0.002341532798 2
0 0.355 0.115 0.00245203503 2
0 0.355 0.125 0.002527550222 1
0 0.355 0.135 0.002592149378 1
0 0.355 0.145 0.002636519102 1
0 0.355 0.155 0.002657463067 1
0 0.355 0.165 0.002669656957 1
0 0.355 0.175 0.002675790093 1
0 0.355 0.185 0.002672422222 1
0 0.355 0.195 0.002655303033 1
0 0.355 0.205 0.002619050774 2
0 0.355 0.215 0.002559606374 2
0 0.355 0.225 0.002479446663 2
0 0.355 0.235 0.002389354897 2
0 0.355 0.245 0.002288112174 2
0 0.355 0.255 0.002177123618 2
0 0.355 0.265 0.002056661182 2
0 0.355 0.275 0.001927287948 2
0 0.355 0.285 0.001789657444 2
0 0.355 0.295 0.001644674827 2
0 0.355 0.305 0.001493492443 2
0 0.355 0.315 0.001337521593 2
0 0.355 0.325 0.001178395913 2
0 0.355 0.335 0.00101797593 2
0 0.355 0.345 0.000858170507 2
0 0.355 0.355 0.0007012588474 2
0 0.355 0.365 0.0005486263259 2
0 0.355 0.375 0.0004043425781 2
0 0.355 0.385 0.0002638935337 2
0 0.355 0.395 0.0001484173625 2
0 0.355 0.405 0 2
0 0.355 0.415 0 2
0 0.355 0.425 0 2
0 0.355 0.435 0 2
0 0.355 0.445 0 2
0 0.355 0.455 0 2
0 0.355 0.465 0 2
0 0.365 -0.455 0 2
0 0.365 -0.445 0 2
0 0.365 -0.435 0 2
0 0.365 -0.425 0 2
0 0.365 -0.415 0 2
0 0.365 -0.405 0 2
0 0.365 -0.395 -0.0001014043193 2
0 0.365 -0.385 -0.0001863262045 2
0 0.365 -0.375 -0.0002921674294 2
0 0.365 -0.365 -0.0004014227704 2
0 0.365 -0.355 -0.0005128346856 2
0 0.365 -0.345 -0.0006224537116 2
0 0.365 -0.335 -0.0007305773207 2
0 0.365 -0.325 -0.0008376820953 2
0 0.365 -0.315 -0.0009440938799 2
0 0.365 -0.305 -0.001049759523 2
0 0.365 -0.295 -0.001153858292 2
0 0.365 -0.285 -0.001248243739 2
0 0.365 -0.275 -0.001331899085 2
0 0.365 -0.265 -0.001404744441 2
0 0.365 -0.255 -0.001466127183 1
0 0.365 -0.245 -0.001503271073 1
0 0.365 -0.235 -0.001518825792 1
0 0.365 -0.225 -0.00151731342 1
0 0.365 -0.215 -0.001509245181 1
0 0.365 -0.205 -0.001486627372 1
0 0.365 -0.195 -0.001446810376 1
0 0.365 -0.185 -0.001396790794 1
0 0.365 -0.175 -0.00133704782 1
0 0.365 -0.165 -0.001264093511 1
0 0.365 -0.155 -0.00116889173 1
0 0.365 -0.145 -0.001072227671 1
0 0.365 -0.135 -0.0009820038788 1
0 0.365 -0.125 -0.0008812761971 2
0 0.365 -0.115 -0.0007594257517 2
0 0.365 -0.105 -0.0006553778718 2
0 0.365 -0.095 -0.0005467777207 2
0 0.365 -0.085 -0.0004186179508 2
0 0.365 -0.075 -0.0002912699343 2
0 0.365 -0.065 -0.0001577650462 2
0 0.365 -0.055 -1.491454352e-05 2
0 0.365 -0.045 0.0001256839844 1
0 0.365 -0.035 0.0002405918466 1
0 0.365 -0.025 0.0003522123852 1
0 0.365 -0.015 0.0004665332218 1
0 0.365 -0.005 0.000581535231 1
0 0.365 0.005 0.000695161726 1
0 0.365 0.015 0.0008144857802 1
0 0.365 0.025 0.0009586580247 2
0 0.365 0.035 0.001116348636 2
0 0.365 0.045 0.001278736613 2
0 0.365 0.055 0.001449427453 2
0 0.365 0.065 0.001634689759 2
0 0.365 0.075 0.001811957818 2
0 0.365 0.085 0.001982045295 2
0 0.365 0.095 0.002147920995 2
0 0.365 0.105 0.002273921336 2
0 0.365 0.115 0.00235402241 2
0 0.365 0.125 0.00242576538 1
0 0.365 0.135 0.002479708669 1
0 0.365 0.145 0.002507096169 1
0 0.365 0.155 0.002528323373 1
0 0.365 0.165 0.002543770415 1
0 0.365 0.175 0.002546181111 1
0 0.365 0.185 0.002546024285 1
0 0.365 0.195 0.002532167555 1
0 0.365 0.205 0.002493389853 2
0 0.365 0.215 0.002435714916 2
0 0.365 0.225 0.00237272715 2
0 0.365 0.235 0.002297866153 2
0 0.365 0.245 0.00221198257 2
0 0.365 0.255 0.002113858945 2
0 0.365 0.265 0.002004379899 2
0 0.365 0.275 0.001884196496 2
0 0.365 0.285 0.001754286783 2
0 0.365 0.295 0.00161581047 2
0 0.365 0.305 0.001470155984 2
0 0.365 0.315 0.001318927077 2
0 0.365 0.325 0.001163905833 2
0 0.365 0.335 0.001007052415 2
0 0.365 0.345 0.000850328393 2
0 0.365 0.355 0.0006960247507 2
0 0.365 0.365 0.0005455142123 2
0 0.365 0.375 0.0004028361616 2
0 0.365 0.385 0.0002634643686 2
0 0.365 0.395 0.0001485169202 2
0 0.365 0.405 0 2
0 0.365 0.415 0 2
0 0.365 0.425 0 2
0 0.365 0.435 0 2
0 0.365 0.445 0 2
0 0.365 0.455 0 2
0 0.365 0.465 0 2
0 0.375 -0.455 0 2
0 0.375 -0.445 0 2
0 0.375 -0.435 0 2
0 0.375 -0.425 0 2
0 0.375 -0.415 0 2
0 0.375 -0.405 0 2
0 0.375 -0.395 -8.894206564e-05 2
0 0.375 -0.385 -0.0001590741015 2
0 0.375 -0.375 -0.0002480550917 2
0 0.375 -0.365 -0.0003461127426 2
0 0.375 -0.355 -0.0004507071583 2
0 0.375 -0.345 -0.0005565347248 2
0 0.375 -0.335 -0.0006622164443 2
0 0.375 -0.325 -0.000767476921 2
0 0.375 -0.315 -0.0008720341165 2
0 0.375 -0.305 -0.0009772231335 2
0 0.375 -0.295 -0.001078965567 2
0 0.375 -0.285 -0.001166513082 2
0 0.375 -0.275 -0.001237525586 1
0 0.375 -0.265 -0.001289639836 1
0 0.375 -0.255 -0.001329819052 1
0 0.375 -0.245 -0.001354513177 1
0 0.375 -0.235 -0.001360639762 1
0 0.375 -0.225 -0.001362038755 1
0 0.375 -0.215 -0.001356395522 1
0 0.375 -0.205 -0.001336330912 1
0 0.375 -0.195 -0.001296773489 1
0 0.375 -0.185 -0.001249691984 1
0 0.375 -0.175 -0.001193571518 1
0 0.375 -0.165 -0.001124661517 1
0 0.375 -0.155 -0.00104300883 1
0 0.375 -0.145 -0.0009750153108 1
0 0.375 -0.135 -0.0009119116967 2
0 0.375 -0.125 -0.0008242517645 2
0 0.375 -0.115 -0.0007339262749 2
0 0.375 -0.105 -0.0006530165718 2
0 0.375 -0.095 -0.0005515816376 2
0 0.375 -0.085 -0.0004303904384 2
0 0.375 -0.075 -0.0003061700244 2
0 0.375 -0.065 -0.0001716394669 2
0 0.375 -0.055 -2.885762789e-05 2
0 0.375 -0.045 0.0001109815359 2
0 0.375 -0.035 0.0002473919042 2
0 0.375 -0.025 0.0003783884913 2
0 0.375 -0.015 0.0005041629026 2
0 0.375 -0.005 0.0006294130923 2
0 0.375 0.005 0.0007567121963 2
0 0.375 0.015 0.0008907340922 2
0 0.375 0.025 0.00103065676 2
0 0.375 0.035 0.00117671887 2
0 0.375 0.045 0.001326862623 2
0 0.375 0.055 0.001477397631 2
0 0.375 0.065 0.001634277853 2
0 0.375 0.075 0.001789075815 2
0 0.375 0.085 0.001937145011 2
0 0.375 0.095 0.002084904531 2
0 0.375 0.105 0.002186675058 2
0 0.375 0.115 0.002253160976 1
0 0.375 0.125 0.002315727098 1
0 0.375 0.135 0.002362014301 1
0 0.375 0.145 0.002385704449 1
0 0.375 0.155 0.002409040384 1
0 0.375 0.165 0.002423027565 1
0 0.375 0.175 0.002418891231 1
0 0.375 0.185 0.002419240202 1
0 0.375 0.195 0.002409789231 1
0 0.375 0.205 0.002366364019 2
0 0.375 0.215 0.002312346853 2
0 0.375 0.225 0.002270150758 2
0 0.375 0.235 0.002210478599 2
0 0.375 0.245 0.002139156661 2
0 0.375 0.255 0.002053452454 2
0 0.375 0.265 0.001954621404 2
0 0.375 0.275 0.001843388894 2
0 0.375 0.285 0.001720981051 2
0 0.375 0.295 0.001588778345 2
0 0.375 0.305 0.001448390138 2
0 0.375 0.315 0.001301613548 2
0 0.375 0.325 0.00115038898 2
0 0.375 0.335 0.0009967916882 2
0 0.375 0.345 0.0008428551752 2
0 0.375 0.355 0.0006909029128 2
0 0.375 0.365 0.0005423163874 2
0 0.375 0.375 0.0004011185779 2
0 0.375 0.385 0.0002627914459 2
0 0.375 0.395 0.0001484064403 2
0 0.375 0.405 0 2
0 0.375 0.415 0 2
0 0.375 0.425 0 2
0 0.375 0.435 0 2
0 0.375 0.445 0 2
0 0.375 0.455 0 2
0 0.375 0.465 0 2
0 0.385 -0.455 0 2
0 0.385 -0.445 0 2
0 0.385 -0.435 0 2
0 0.385 -0.425 0 2
0 0.385 -0.415 0 2
0 0.385 -0.405 0 2
0 0.385 -0.395 -5.773394307e-05 2
0 0.385 -0.385 -0.00011576884 2
0 0.385 -0.375 -0.0001981776098 2
0 0.385 -0.365 -0.0002865950592 2
0 0.385 -0.355 -0.0003847102414 2
0 0.385 -0.345 -0.0004861668142 2
0 0.385 -0.335 -0.0005881633042 2
0 0.385 -0.325 -0.0006899404905 2
0 0.385 -0.315 -0.0007906132586 2
0 0.385 -0.305 -0.0008933615049 2
0 0.385 -0.295 -0.0009870928426 2
0 0.385 -0.285 -0.001061433238 1
0 0.385 -0.275 -0.001114672273 1
0 0.385 -0.265 -0.001155685104 1
0 0.385 -0.255 -0.001185762891 1
0 0.385 -0.245 -0.001205685595 1
0 0.385 -0.235 -0.001215075443 1
0 0.385 -0.225 -0.001220170237 1
0 0.385 -0.215 -0.001217213065 1
0 0.385 -0.205 -0.001203438265 1
0 0.385 -0.195 -0.001165363571 1
0 0.385 -0.185 -0.001115777052 1
0 0.385 -0.175 -0.001064985517 1
0 0.385 -0.165 -0.001000589467 1
0 0.385 -0.155 -0.0009412692294 1
0 0.385 -0.145 -0.0009052390021 1
0 0.385 -0.135 -0.0008657169216 2
0 0.385 -0.125 -0.0008132282412 2
0 0.385 -0.115 -0.0007564835044 2
0 0.385 -0.105 -0.0006818764457 2
0 0.385 -0.095 -0.0005847295488 2
0 0.385 -0.085 -0.0004726359426 2
0 0.385 -0.075 -0.000348848419 2
0 0.385 -0.065 -0.0002123619182 2
0 0.385 -0.055 -7.241404044e-05 2
0 0.385 -0.045 7.100671712e-05 2
0 0.385 -0.035 0.0002196249456 2
0 0.385 -0.025 0.0003678808159 2
0 0.385 -0.015 0.0005117386787 2
0 0.385 -0.005 0.0006542836592 2
0 0.385 0.005 0.0007969045848 2
0 0.385 0.015 0.0009402698789 2
0 0.385 0.025 0.001081383398 2
0 0.385 0.035 0.001220500058 2
0 0.385 0.045 0.001358630212 2
0 0.385 0.055 0.001491974834 2
0 0.385 0.065 0.001624113756 2
0 0.385 0.075 0.001755331113 2
0 0.385 0.085 0.001879591458 2
0 0.385 0.095 0.002000178256 2
0 0.385 0.105 0.002088886862 2
0 0.385 0.115 0.002152590797 1
0 0.385 0.125 0.002204779671 1
0 0.385 0.135 0.00224582421 1
0 0.385 0.145 0.002273574512 1
0 0.385 0.155 0.002295504629 1
0 0.385 0.165 0.002304677052 1
0 0.385 0.175 0.002302627358 1
0 0.385 0.185 0.002306433047 1
0 0.385 0.195 0.00229567554 2
0 0.385 0.205 0.002249644027 2
0 0.385 0.215 0.002210622109 2
0 0.385 0.225 0.002182974801 2
0 0.385 0.235 0.002136265083 2
0 0.385 0.245 0.002076600916 2
0 0.385 0.255 0.002001270746 2
0 0.385 0.265 0.001911476585 2
0 0.385 0.275 0.001807956881 2
0 0.385 0.285 0.001692040896 2
0 0.385 0.295 0.001565254476 2
0 0.385 0.305 0.001429382294 2
0 0.385 0.315 0.001286394928 2
0 0.385 0.325 0.001138384191 2
0 0.385 0.335 0.0009875400496 2
0 0.385 0.345 0.0008359706059 2
0 0.385 0.355 0.0006860352683 2
0 0.385 0.365 0.0005391287673 2
0 0.385 0.375 0.0003992573291 2
0 0.385 0.385 0.0002619198758 2
0 0.385 0.395 0.0001481126079 2
0 0.385 0.405 0 2
0 0.385 0.415 0 2
0 0.385 0.425 0 2
0 0.385 0.435 0 2
0 0.385 0.445 0 2
0 0.385 0.455 0 2
0 0.385 0.465 0 2
0 0.395 -0.455 0 2
0 0.395 -0.445 0 2
0 0.395 -0.435 0 2
0 0.395 -0.425 0 2
0 0.395 -0.415 0 2
0 0.395 -0.405 0 2
0 0.395 -0.395 -1.612301501e-05 2
0 0.395 -0.385 -5.886807427e-05 2
0 0.395 -0.375 -0.0001350191978 2
0 0.395 -0.365 -0.0002227285701 2
0 0.395 -0.355 -0.0003151572634 2
0 0.395 -0.345 -0.0004126719272 2
0 0.395 -0.335 -0.000510907054 2
0 0.395 -0.325 -0.0006084648166 2
0 0.395 -0.315 -0.000704012896 2
0 0.395 -0.305 -0.000801126081 2
0 0.395 -0.295 -0.0008860094773 2
0 0.395 -0.285 -0.0009525770846 1
0 0.395 -0.275 -0.0009999267469 1
0 0.395 -0.265 -0.001035491371 1
0 0.395 -0.255 -0.001063237464 1
0 0.395 -0.245 -0.001084829169 1
0 0.395 -0.235 -0.001099477403 1
0 0.395 -0.225 -0.001107745591 1
0 0.395 -0.215 -0.001109118076 1
0 0.395 -0.205 -0.001097076058 1
0 0.395 -0.195 -0.001071903701 1
0 0.395 -0.185 -0.001041545799 1
0 0.395 -0.175 -0.001014642706 2
0 0.395 -0.165 -0.0009687966467 2
0 0.395 -0.155 -0.0009394716075 2
0 0.395 -0.145 -0.0009113914094 2
0 0.395 -0.135 -0.0008677830945 2
0 0.395 -0.125 -0.0008279156138 2
0 0.395 -0.115 -0.0007824419729 2
0 0.395 -0.105 -0.000708008402 2
0 0.395 -0.095 -0.0006159891408 2
0 0.395 -0.085 -0.0005072449992 2
0 0.395 -0.075 -0.0003859518616 2
0 0.395 -0.065 -0.0002552516106 2
0 0.395 -0.055 -0.0001157708058 2
0 0.395 -0.045 3.223899127e-05 2
0 0.395 -0.035 0.0001868529596 2
0 0.395 -0.025 0.0003452408885 2
0 0.395 -0.015 0.0005044845901 2
0 0.395 -0.005 0.0006623138207 2
0 0.395 0.005 0.0008169721049 2
0 0.395 0.015 0.0009664920849 2
0 0.395 0.025 0.001108868293 2
0 0.395 0.035 0.001242995899 2
0 0.395 0.045 0.00136956458 2
0 0.395 0.055 0.0014902763 2
0 0.395 0.065 0.001605846381 2
0 0.395 0.075 0.001716161866 2
0 0.395 0.085 0.001818873059 2
0 0.395 0.095 0.001916543426 2
0 0.395 0.105 0.001997147225 2
0 0.395 0.115 0.00205848748 1
0 0.395 0.125 0.002103471125 1
0 0.395 0.135 0.002138112441 1
0 0.395 0.145 0.0021673186 1
0 0.395 0.155 0.002183207611 1
0 0.395 0.165 0.002189085564 1
0 0.395 0.175 0.002199978541 1
0 0.395 0.185 0.002206820534 1
0 0.395 0.195 0.0021891461 2
0 0.395 0.205 0.002161942968 2
0 0.395 0.215 0.002144219018 2
0 0.395 0.225 0.00211999736 2
0 0.395 0.235 0.00208176216 2
0 0.395 0.245 0.002029536866 2
0 0.395 0.255 0.001961445414 2
0 0.395 0.265 0.001878183139 2
0 0.395 0.275 0.001780379899 2
0 0.395 0.285 0.001669306613 2
0 0.395 0.295 0.001546550135 2
0 0.395 0.305 0.001414020239 2
0 0.395 0.315 0.001273835513 2
0 0.395 0.325 0.001128222971 2
0 0.395 0.335 0.0009794735778 2
0 0.395 0.345 0.0008297567566 2
0 0.395 0.355 0.000681454527 2
0 0.395 0.365 0.0005359634888 2
0 0.395 0.375 0.0003972593346 2
0 0.395 0.385 0.0002608565267 2
0 0.395 0.395 0.0001476420114 2
0 0.395 0.405 0 2
0 0.395 0.415 0 2
0 0.395 0.425 0 2
0 0.395 0.435 0 2
0 0.395 0.445 0 2
0 0.395 0.455 0 2
0 0.395 0.465 0 2
0 0.405 -0.455 0 2
0 0.405 -0.445 0 2
0 0.405 -0.435 0 1
0 0.405 -0.425 0 1
0 0.405 -0.415 0 1
0 0.405 -0.405 0 1
0 0.405 -0.395 1.009466919e-05 2
0 0.405 -0.385 -1.240527942e-05 2
0 0.405 -0.375 -6.652673362e-05 2
0 0.405 -0.365 -0.0001514099125 2
0 0.405 -0.355 -0.0002451555551 2
0 0.405 -0.345 -0.0003394101941 2
0 0.405 -0.335 -0.0004350308585 2
0 0.405 -0.325 -0.0005295235275 2
0 0.405 -0.315 -0.0006210198035 2
0 0.405 -0.305 -0.0007123211925 2
0 0.405 -0.295 -0.0007926258615 2
0 0.405 -0.285 -0.0008574990169 1
0 0.405 -0.275 -0.0009018624692 1
0 0.405 -0.265 -0.0009349850908 1
0 0.405 -0.255 -0.0009654958172 1
0 0.405 -0.245 -0.0009876820415 1
0 0.405 -0.235 -0.001004132165 1
0 0.405 -0.225 -0.001010748857 1
0 0.405 -0.215 -0.001014789715 1
0 0.405 -0.205 -0.001011615185 1
0 0.405 -0.195 -0.00101069915 1
0 0.405 -0.185 -0.001007927924 1
0 0.405 -0.175 -0.001004885118 2
0 0.405 -0.165 -0.0009953903439 2
0 0.405 -0.155 -0.0009945984333 2
0 0.405 -0.145 -0.0009705809493 2
0 0.405 -0.135 -0.0009288554925 2
0 0.405 -0.125 -0.0008796923779 2
0 0.405 -0.115 -0.0008231945566 2
0 0.405 -0.105 -0.0007474608431 2
0 0.405 -0.095 -0.000655591187 2
0 0.405 -0.085 -0.0005473825492 2
0 0.405 -0.075 -0.0004256648188 2
0 0.405 -0.065 -0.000292545042 2
0 0.405 -0.055 -0.0001492085476 2
0 0.405 -0.045 3.555486718e-06 2
0 0.405 -0.035 0.0001642263841 2
0 0.405 -0.025 0.0003300939893 2
0 0.405 -0.015 0.0004976569182 2
0 0.405 -0.005 0.0006634632971 2
0 0.405 0.005 0.000824310316 2
0 0.405 0.015 0.0009772023681 2
0 0.405 0.025 0.001119865035 2
0 0.405 0.035 0.001251469866 2
0 0.405 0.045 0.001372620883 2
0 0.405 0.055 0.001484406323 2
0 0.405 0.065 0.001587387672 2
0 0.405 0.075 0.001680923578 2
0 0.405 0.085 0.001765413392 2
0 0.405 0.095 0.001841105897 2
0 0.405 0.105 0.001915271423 2
0 0.405 0.115 0.001974873707 1
0 0.405 0.125 0.002012473535 1
0 0.405 0.135 0.002034814269 1
0 0.405 0.145 0.002061810231 1
0 0.405 0.155 0.002076875325 1
0 0.405 0.165 0.002087761025 1
0 0.405 0.175 0.00210949369 1
0 0.405 0.185 0.002126597457 2
0 0.405 0.195 0.002114840902 2
0 0.405 0.205 0.002111682054 2
0 0.405 0.215 0.002108070108 2
0 0.405 0.225 0.002084324955 2
0 0.405 0.235 0.002049805636 2
0 0.405 0.245 0.00200077525 2
0 0.405 0.255 0.001936420185 2
0 0.405 0.265 0.001856762469 2
0 0.405 0.275 0.001762222517 2
0 0.405 0.285 0.00165390257 2
0 0.405 0.295 0.00153339726 2
0 0.405 0.305 0.001402715052 2
0 0.405 0.315 0.001264107127 2
0 0.405 0.325 0.001119917564 2
0 0.405 0.335 0.0009725135959 2
0 0.405 0.345 0.000824096961 2
0 0.405 0.355 0.000677042384 2
0 0.405 0.365 0.000532722167 2
0 0.405 0.375 0.0003950551836 2
0 0.405 0.385 0.0002595618541 2
0 0.405 0.395 0.0001469775221 2
0 0.405 0.405 0 2
0 0.405 0.415 0 2
0 0.405 0.425 0 2
0 0.405 0.435 0 2
0 0.405 0.445 0 2
0 0.405 0.455 0 2
0 0.405 0.465 0 2
0 0.415 -0.455 0 2
0 0.415 -0.445 0 2
0 0.415 -0.435 0 1
0 0.415 -0.425 0 1
0 0.415 -0.415 0 1
0 0.415 -0.405 0 1
0 0.415 -0.395 2.772049366e-05 1
0 0.415 -0.385 1.662150353e-05 2
0 0.415 -0.375 -6.166265825e-06 2
0 0.415 -0.365 -7.320141042e-05 2
0 0.415 -0.355 -0.0001621951356 2
0 0.415 -0.345 -0.0002555887326 2
0 0.415 -0.335 -0.0003539343097 2
0 0.415 -0.325 -0.000452234626 2
0 0.415 -0.315 -0.0005454961712 2
0 0.415 -0.305 -0.0006351296501 2
0 0.415 -0.295 -0.0007149399278 2
0 0.415 -0.285 -0.0007793394619 1
0 0.415 -0.275 -0.0008247862915 1
0 0.415 -0.265 -0.0008536805698 1
0 0.415 -0.255 -0.0008789781365 1
0 0.415 -0.245 -0.0009009157805 1
0 0.415 -0.235 -0.0009194685071 1
0 0.415 -0.225 -0.000924988993 1
0 0.415 -0.215 -0.0009362287299 1
0 0.415 -0.205 -0.000955232791 1
0 0.415 -0.195 -0.0009858776667 1
0 0.415 -0.185 -0.001022410468 2
0 0.415 -0.175 -0.001041941915 2
0 0.415 -0.165 -0.001062716533 2
0 0.415 -0.155 -0.001074009441 2
0 0.415 -0.145 -0.001050760005 2
0 0.415 -0.135 -0.001007770599 2
0 0.415 -0.125 -0.000949103399 2
0 0.415 -0.115 -0.0008791966315 2
0 0.415 -0.105 -0.0007975811993 2
0 0.415 -0.095 -0.0007017750668 2
0 0.415 -0.085 -0.0005911587583 2
0 0.415 -0.075 -0.0004669867661 2
0 0.415 -0.065 -0.0003303448333 2
0 0.415 -0.055 -0.0001823523939 2
0 0.415 -0.045 -2.421207468e-05 2
0 0.415 -0.035 0.0001422428794 2
0 0.415 -0.025 0.0003142270699 2
0 0.415 -0.015 0.0004881726384 2
0 0.415 -0.005 0.0006601190646 2
0 0.415 0.005 0.0008260614015 2
0 0.415 0.015 0.0009823936003 2
0 0.415 0.025 0.001126559305 2
0 0.415 0.035 0.001257597183 2
0 0.415 0.045 0.001375973915 2
0 0.415 0.055 0.0014825721 2
0 0.415 0.065 0.001577927754 2
0 0.415 0.075 0.001660674762 2
0 0.415 0.085 0.001731697166 2
0 0.415 0.095 0.001784248148 2
0 0.415 0.105 0.001843375143 2
0 0.415 0.115 0.001896270565 1
0 0.415 0.125 0.001925192525 1
0 0.415 0.135 0.001939755409 1
0 0.415 0.145 0.001967196392 1
0 0.415 0.155 0.001995622173 1
0 0.415 0.165 0.002027821982 1
0 0.415 0.175 0.002071015496 2
0 0.415 0.185 0.002090825281 2
0 0.415 0.195 0.002100678497 2
0 0.415 0.205 0.002106359438 2
0 0.415 0.215 0.002098997 2
0 0.415 0.225 0.002076064843 2
0 0.415 0.235 0.002040681656 2
0 0.415 0.245 0.001991115901 2
0 0.415 0.255 0.00192706375 2
0 0.415 0.265 0.001847998794 2
0 0.415 0.275 0.001754043417 2
0 0.415 0.285 0.001646102627 2
0 0.415 0.295 0.001525795122 2
0 0.415 0.305 0.001395253926 2
0 0.415 0.315 0.001256865857 2
0 0.415 0.325 0.001113067142 2
0 0.415 0.335 0.0009662595411 2
0 0.415 0.345 0.000818630744 2
0 0.415 0.355 0.0006725014159 2
0 0.415 0.365 0.0005291798912 2
0 0.415 0.375 0.0003924910617 2
0 0.415 0.385 0.0002579465309 2
0 0.415 0.395 0.0001460773017 2
0 0.415 0.405 0 2
0 0.415 0.415 0 2
0 0.415 0.425 0 2
0 0.415 0.435 0 2
0 0.415 0.445 0 2
0 0.415 0.455 0 2
0 0.415 0.465 0 2
0 0.425 -0.455 0 1
0 0.425 -0.445 0 1
0 0.425 -0.435 0 1
0 0.425 -0.425 0 1
0 0.425 -0.415 0 1
0 0.425 -0.405 0 1
0 0.425 -0.395 2.782331865e-05 1
0 0.425 -0.385 2.683671429e-05 1
0 0.425 -0.375 9.749912185e-06 2
0 0.425 -0.365 -3.435981214e-05 2
0 0.425 -0.355 -0.0001102282382 2
0 0.425 -0.345 -0.0002026291879 2
0 0.425 -0.335 -0.0003043540567 2
0 0.425 -0.325 -0.0004073767014 2
0 0.425 -0.315 -0.0005054138259 2
0 0.425 -0.305 -0.0005942388468 2
0 0.425 -0.295 -0.0006727685128 2
0 0.425 -0.285 -0.0007394755093 2
0 0.425 -0.275 -0.000786632218 1
0 0.425 -0.265 -0.0008099767688 1
0 0.425 -0.255 -0.0008274800045 1
0 0.425 -0.245 -0.0008496434425 1
0 0.425 -0.235 -0.0008718136791 1
0 0.425 -0.225 -0.0008926832624 1
0 0.425 -0.215 -0.0009262558895 1
0 0.425 -0.205 -0.0009914225628 2
0 0.425 -0.195 -0.00104991793 2
0 0.425 -0.185 -0.001091224311 2
0 0.425 -0.175 -0.001120177498 2
0 0.425 -0.165 -0.001143000759 2
0 0.425 -0.155 -0.001144734171 2
0 0.425 -0.145 -0.001120625141 2
0 0.425 -0.135 -0.001076211548 2
0 0.425 -0.125 -0.001014999695 2
0 0.425 -0.115 -0.0009407638751 2
0 0.425 -0.105 -0.0008538926913 2
0 0.425 -0.095 -0.0007535235241 2
0 0.425 -0.085 -0.0006391387239 2
0 0.425 -0.075 -0.0005110755572 2
0 0.425 -0.065 -0.0003700390962 2
0 0.425 -0.055 -0.0002170685126 2
0 0.425 -0.045 -5.353631296e-05 2
0 0.425 -0.035 0.0001185723224 2
0 0.425 -0.025 0.0002964831046 2
0 0.425 -0.015 0.0004766226233 2
0 0.425 -0.005 0.0006548957491 2
0 0.425 0.005 0.0008268417675 2
0 0.425 0.015 0.0009881688746 2
0 0.425 0.025 0.001135772266 2
0 0.425 0.035 0.001268413536 2
0 0.425 0.045 0.001386778698 2
0 0.425 0.055 0.001492342478 2
0 0.425 0.065 0.001586045036 2
0 0.425 0.075 0.001666217771 2
0 0.425 0.085 0.001733042721 2
0 0.425 0.095 0.001777744062 2
0 0.425 0.105 0.001822936729 2
0 0.425 0.115 0.001873248936 2
0 0.425 0.125 0.001895440753 1
0 0.425 0.135 0.001914169774 1
0 0.425 0.145 0.001948417928 1
0 0.425 0.155 0.002015703309 2
0 0.425 0.165 0.002072825233 2
0 0.425 0.175 0.00210897467 2
0 0.425 0.185 0.002130148508 2
0 0.425 0.195 0.002144709289 2
0 0.425 0.205 0.002142256909 2
0 0.425 0.215 0.002123590619 2
0 0.425 0.225 0.002094546312 2
0 0.425 0.235 0.002053550738 2
0 0.425 0.245 0.001999845394 2
0 0.425 0.255 0.001932782988 2
0 0.425 0.265 0.00185132626 2
0 0.425 0.275 0.001755188284 2
0 0.425 0.285 0.001645117429 2
0 0.425 0.295 0.001522832671 2
0 0.425 0.305 0.001390661432 2
0 0.425 0.315 0.001251149118 2
0 0.425 0.325 0.001106788591 2
0 0.425 0.335 0.0009599482157 2
0 0.425 0.345 0.0008127331959 2
0 0.425 0.355 0.000667347459 2
0 0.425 0.365 0.0005249849427 2
0 0.425 0.375 0.0003893316969 2
0 0.425 0.385 0.0002558747911 2
0 0.425 0.395 0.0001448772873 2
0 0.425 0.405 0 2
0 0.425 0.415 0 2
0 0.425 0.425 0 2
0 0.425 0.435 0 2
0 0.425 0.445 0 2
0 0.425 0.455 0 2
0 0.425 0.465 0 2
0 0.435 -0.455 0 1
0 0.435 -0.445 0 1
0 0.435 -0.435 0 1
0 0.435 -0.425 0 1
0 0.435 -0.415 0 1
0 0.435 -0.405 0 1
0 0.435 -0.395 7.341596213e-06 1
0 0.435 -0.385 -3.850265932e-06 1
0 0.435 -0.375 -3.122847687e-05 1
0 0.435 -0.365 -6.95875624e-05 1
0 0.435 -0.355 -0.0001337635 1
0 0.435 -0.345 -0.0002216661361 1
0 0.435 -0.335 -0.0003200673411 1
0 0.435 -0.325 -0.0004182516551 1
0 0.435 -0.315 -0.0005133926351 1
0 0.435 -0.305 -0.0006068894332 2
0 0.435 -0.295 -0.0006883175002 2
0 0.435 -0.285 -0.0007602796848 2
0 0.435 -0.275 -0.0008185345992 2
0 0.435 -0.265 -0.0008553245753 2
0 0.435 -0.255 -0.0008705838009 1
0 0.435 -0.245 -0.0009103508494 2
0 0.435 -0.235 -0.0009489895914 2
0 0.435 -0.225 -0.001005055078 2
0 0.435 -0.215 -0.001065880448 2
0 0.435 -0.205 -0.001126596258 2
0 0.435 -0.195 -0.001181698095 2
0 0.435 -0.185 -0.001220156536 2
0 0.435 -0.175 -0.001237500168 2
0 0.435 -0.165 -0.001243275287 2
0 0.435 -0.155 -0.001227787221 2
0 0.435 -0.145 -0.001196427208 2
0 0.435 -0.135 -0.001147746611 2
0 0.435 -0.125 -0.001083462345 2
0 0.435 -0.115 -0.001005486096 2
0 0.435 -0.105 -0.000914272417 2
0 0.435 -0.095 -0.0008095697114 2
0 0.435 -0.085 -0.0006910081984 2
0 0.435 -0.075 -0.0005586240085 2
0 0.435 -0.065 -0.0004129542763 2
0 0.435 -0.055 -0.000254989155 2
0 0.435 -0.045 -8.61701721e-05 2
0 0.435 -0.035 9.151398832e-05 2
0 0.435 -0.025 0.0002754152025 2
0 0.435 -0.015 0.000462188785 2
0 0.435 -0.005 0.0006479119276 2
0 0.435 0.005 0.0008276826245 2
0 0.435 0.015 0.0009963116837 2
0 0.435 0.025 0.001150209079 2
0 0.435 0.035 0.001287829512 2
0 0.435 0.045 0.001410054332 2
0 0.435 0.055 0.00151938037 2
0 0.435 0.065 0.001617340116 2
0 0.435 0.075 0.001702900452 2
0 0.435 0.085 0.001776504103 2
0 0.435 0.095 0.001835828801 2
0 0.435 0.105 0.001886388883 2
0 0.435 0.115 0.001941408125 2
0 0.435 0.125 0.001995340393 2
0 0.435 0.135 0.00204249439 2
0 0.435 0.145 0.002088132821 2
0 0.435 0.155 0.002138784992 2
0 0.435 0.165 0.002185509629 2
0 0.435 0.175 0.002215712048 2
0 0.435 0.185 0.002224462247 2
0 0.435 0.195 0.00222316331 2
0 0.435 0.205 0.002204497789 2
0 0.435 0.215 0.002176140843 2
0 0.435 0.225 0.002136859628 2
0 0.435 0.235 0.002086767405 2
0 0.435 0.245 0.002025669124 2
0 0.435 0.255 0.00195246516 2
0 0.435 0.265 0.00186557099 2
0 0.435 0.275 0.001764167874 2
0 0.435 0.285 0.001649093901 2
0 0.435 0.295 0.001522535291 2
0 0.435 0.305 0.001387092378 2
0 0.435 0.315 0.00124531814 2
0 0.435 0.325 0.001099693447 2
0 0.435 0.335 0.0009524545517 2
0 0.435 0.345 0.000805530034 2
0 0.435 0.355 0.0006609302567 2
0 0.435 0.365 0.0005196792863 2
0 0.435 0.375 0.0003852773779 2
0 0.435 0.385 0.0002531760976 2
0 0.435 0.395 0.0001432978196 2
0 0.435 0.405 0 2
0 0.435 0.415 0 2
0 0.435 0.425 0 2
0 0.435 0.435 0 2
0 0.435 0.445 0 2
0 0.435 0.455 0 2
0 0.435 0.465 0 2
0 0.445 -0.455 0 1
0 0.445 -0.445 0 1
0 0.445 -0.435 0 1
0 0.445 -0.425 0 1
0 0.445 -0.415 0 1
0 0.445 -0.405 0 1
0 0.445 -0.395 -3.199852194e-05 1
0 0.445 -0.385 -6.651891655e-05 1
0 0.445 -0.375 -0.0001175677386 1
0 0.445 -0.365 -0.0001748724319 1
0 0.445 -0.355 -0.0002420002399 1
0 0.445 -0.345 -0.000323951723 1
0 0.445 -0.335 -0.0004132166523 1
0 0.445 -0.325 -0.000503312237 1
0 0.445 -0.315 -0.0005937328362 1
0 0.445 -0.305 -0.0006785075366 1
0 0.445 -0.295 -0.0007532521689 1
0 0.445 -0.285 -0.0008342053402 2
0 0.445 -0.275 -0.0009096915255 2
0 0.445 -0.265 -0.0009736839394 2
0 0.445 -0.255 -0.001023141129 2
0 0.445 -0.245 -0.001068076228 2
0 0.445 -0.235 -0.001120340611 2
0 0.445 -0.225 -0.001193863982 2
0 0.445 -0.215 -0.001258605808 2
0 0.445 -0.205 -0.001308505537 2
0 0.445 -0.195 -0.001343890782 2
0 0.445 -0.185 -0.001363754589 2
0 0.445 -0.175 -0.001360726348 2
0 0.445 -0.165 -0.001344515567 2
0 0.445 -0.155 -0.001316367888 2
0 0.445 -0.145 -0.001275591741 2
0 0.445 -0.135 -0.001221016459 2
0 0.445 -0.125 -0.00115300025 2
0 0.445 -0.115 -0.001071778342 2
0 0.445 -0.105 -0.0009771872363 2
0 0.445 -0.095 -0.0008687997003 2
0 0.445 -0.085 -0.0007462639519 2
0 0.445 -0.075 -0.000609634916 2
0 0.445 -0.065 -0.0004594650052 2
0 0.445 -0.055 -0.0002967823324 2
0 0.445 -0.045 -0.0001230562343 2
0 0.445 -0.035 5.983922116e-05 2
0 0.445 -0.025 0.000249517647 2
0 0.445 -0.015 0.0004432056512 2
0 0.445 -0.005 0.0006374097489 2
0 0.445 0.005 0.0008270626522 2
0 0.445 0.015 0.001010450374 2
0 0.445 0.025 0.001178428772 2
0 0.445 0.035 0.001326639486 2
0 0.445 0.045 0.001458732868 2
0 0.445 0.055 0.001572422791 2
0 0.445 0.065 0.001674993557 2
0 0.445 0.075 0.00177110733 2
0 0.445 0.085 0.001856145817 2
0 0.445 0.095 0.001933106448 2
0 0.445 0.105 0.002006159751 2
0 0.445 0.115 0.002081139091 2
0 0.445 0.125 0.002155489448 2
0 0.445 0.135 0.002222604536 2
0 0.445 0.145 0.002271708588 2
0 0.445 0.155 0.002308957961 2
0 0.445 0.165 0.002335402216 2
0 0.445 0.175 0.002348785845 2
0 0.445 0.185 0.002339153252 2
0 0.445 0.195 0.002318764681 2
0 0.445 0.205 0.002289712641 2
0 0.445 0.215 0.002250006758 2
0 0.445 0.225 0.002198507075 2
0 0.445 0.235 0.002136632276 2
0 0.445 0.245 0.002064762792 2
0 0.445 0.255 0.001981922938 2
0 0.445 0.265 0.001886496947 2
0 0.445 0.275 0.001777118698 2
0 0.445 0.285 0.001654514219 2
0 0.445 0.295 0.001521668251 2
0 0.445 0.305 0.001381706124 2
0 0.445 0.315 0.00123703783 2
0 0.445 0.325 0.001089922392 2
0 0.445 0.335 0.0009423483374 2
0 0.445 0.345 0.0007959588708 2
0 0.445 0.355 0.0006524889936 2
0 0.445 0.365 0.0005127434861 2
0 0.445 0.375 0.0003799968321 2
0 0.445 0.385 0.0002496658591 2
0 0.445 0.395 0.0001412545979 2
0 0.445 0.405 0 2
0 0.445 0.415 0 2
0 0.445 0.425 0 2
0 0.445 0.435 0 2
0 0.445 0.445 0 2
0 0.445 0.455 0 2
0 0.445 0.465 0 2
0 0.455 -0.455 0 1
0 0.455 -0.445 0 1
0 0.455 -0.435 0 1
0 0.455 -0.425 0 1
0 0.455 -0.415 0 1
0 0.455 -0.405 0 1
0 0.455 -0.395 -6.837358275e-05 1
0 0.455 -0.385 -0.0001259428441 1
0 0.455 -0.375 -0.0001976668864 1
0 0.455 -0.365 -0.0002737952218 1
0 0.455 -0.355 -0.0003547265059 1
0 0.455 -0.345 -0.0004376670783 1
0 0.455 -0.335 -0.0005222136796 1
0 0.455 -0.325 -0.0006065149496 1
0 0.455 -0.315 -0.0006911593725 1
0 0.455 -0.305 -0.0007752207776 1
0 0.455 -0.295 -0.000852924651 1
0 0.455 -0.285 -0.0009337050961 1
0 0.455 -0.275 -0.00103117894 2
0 0.455 -0.265 -0.001129509038 2
0 0.455 -0.255 -0.001211481911 2
0 0.455 -0.245 -0.001281715883 2
0 0.455 -0.235 -0.001343563431 2
0 0.455 -0.225 -0.001406699422 2
0 0.455 -0.215 -0.001458706385 2
0 0.455 -0.205 -0.001490551154 2
0 0.455 -0.195 -0.001498043153 2
0 0.455 -0.185 -0.001492462061 2
0 0.455 -0.175 -0.001473603496 2
0 0.455 -0.165 -0.001444475525 2
0 0.455 -0.155 -0.001405320325 2
0 0.455 -0.145 -0.00135602509 2
0 0.455 -0.135 -0.001295800654 2
0 0.455 -0.125 -0.001224024189 2
0 0.455 -0.115 -0.001139808448 2
0 0.455 -0.105 -0.00104224307 2
0 0.455 -0.095 -0.0009305410449 2
0 0.455 -0.085 -0.0008042975418 2
0 0.455 -0.075 -0.0006636558608 2
0 0.455 -0.065 -0.000509313295 2
0 0.455 -0.055 -0.0003424274814 2
0 0.455 -0.045 -0.0001645122575 2
0 0.455 -0.035 2.271264646e-05 2
0 0.455 -0.025 0.000217195098 2
0 0.455 -0.015 0.0004170453454 2
0 0.455 -0.005 0.000619191681 2
0 0.455 0.005 0.0008214222384 2
0 0.455 0.015 0.001019462953 2
0 0.455 0.025 0.001199214938 2
0 0.455 0.035 0.00135794899 2
0 0.455 0.045 0.001502743501 2
0 0.455 0.055 0.001627444745 2
0 0.455 0.065 0.001742447725 2
0 0.455 0.075 0.001854990704 2
0 0.455 0.085 0.001958181364 2
0 0.455 0.095 0.002055979649 2
0 0.455 0.105 0.002156031567 2
0 0.455 0.115 0.002251865593 2
0 0.455 0.125 0.002336620122 2
0 0.455 0.135 0.002397982479 2
0 0.455 0.145 0.002442793507 2
0 0.455 0.155 0.002479890794 2
0 0.455 0.165 0.002492456553 2
0 0.455 0.175 0.002481863803 2
0 0.455 0.185 0.002469060198 2
0 0.455 0.195 0.002448917344 2
0 0.455 0.205 0.002411388146 2
0 0.455 0.215 0.002360233766 2
0 0.455 0.225 0.002294871197 2
0 0.455 0.235 0.002213582169 2
0 0.455 0.245 0.002123725086 2
0 0.455 0.255 0.00202591373 2
0 0.455 0.265 0.001913681465 2
0 0.455 0.275 0.001787788325 2
0 0.455 0.285 0.001655842145 2
0 0.455 0.295 0.001515727759 2
0 0.455 0.305 0.001370824657 2
0 0.455 0.315 0.001223403013 2
0 0.455 0.325 0.001075292337 2
0 0.455 0.335 0.000928034594 2
0 0.455 0.345 0.0007828891714 2
0 0.455 0.355 0.0006412473711 2
0 0.455 0.365 0.0005036670105 2
0 0.455 0.375 0.0003731754801 2
0 0.455 0.385 0.0002451744464 2
0 0.455 0.395 0.0001386733904 2
0 0.455 0.405 0 2
0 0.455 0.415 0 2
0 0.455 0.425 0 2
0 0.455 0.435 0 2
0 0.455 0.445 0 2
0 0.455 0.455 0 2
0 0.455 0.465 0 2
0 0.465 -0.455 0 1
0 0.465 -0.445 0 1
0 0.465 -0.435 0 1
0 0.465 -0.425 0 1
0 0.465 -0.415 0 1
0 0.465 -0.405 0 1
0 0.465 -0.395 -9.69150318e-05 1
0 0.465 -0.385 -0.0001711054884 1
0 0.465 -0.375 -0.0002618479677 1
0 0.465 -0.365 -0.0003538825185 1
0 0.465 -0.355 -0.0004474087338 1
0 0.465 -0.345 -0.0005371682286 1
0 0.465 -0.335 -0.000623191892 1
0 0.465 -0.325 -0.0007073670739 1
0 0.465 -0.315 -0.0007906604424 1
0 0.465 -0.305 -0.0008750093193 1
0 0.465 -0.295 -0.0009542601284 1
0 0.465 -0.285 -0.001042662364 1
0 0.465 -0.275 -0.001155302129 2
0 0.465 -0.265 -0.001271230601 2
0 0.465 -0.255 -0.001376562704 2
0 0.465 -0.245 -0.00146633667 2
0 0.465 -0.235 -0.001528043656 2
0 0.465 -0.225 -0.001575962342 2
0 0.465 -0.215 -0.001618310722 2
0 0.465 -0.205 -0.001633897141 2
0 0.465 -0.195 -0.001623123216 2
0 0.465 -0.185 -0.001606618103 2
0 0.465 -0.175 -0.001577232959 2
0 0.465 -0.165 -0.001538752071 2
0 0.465 -0.155 -0.001491805486 2
0 0.465 -0.145 -0.001436180211 2
0 0.465 -0.135 -0.001371317139 2
0 0.465 -0.125 -0.001296139912 2
0 0.465 -0.115 -0.0012091421 2
0 0.465 -0.105 -0.001108784753 2
0 0.465 -0.095 -0.0009939315724 2
0 0.465 -0.085 -0.0008641124119 2
0 0.465 -0.075 -0.0007196406205 2
0 0.465 -0.065 -0.0005615063662 2
0 0.465 -0.055 -0.0003911263631 2
0 0.465 -0.045 -0.0002101285952 2
0 0.465 -0.035 -2.011465315e-05 2
0 0.465 -0.025 0.0001771603354 2
0 0.465 -0.015 0.0003806824136 2
0 0.465 -0.005 0.0005875395539 2
0 0.465 0.005 0.0008001320384 2
0 0.465 0.015 0.001006920252 2
0 0.465 0.025 0.001192345648 2
0 0.465 0.035 0.001358887568 1
0 0.465 0.045 0.001497149088 1
0 0.465 0.055 0.001622617632 1
0 0.465 0.065 0.001746667335 1
0 0.465 0.075 0.001869611812 2
0 0.465 0.085 0.001999099751 2
0 0.465 0.095 0.002124676034 2
0 0.465 0.105 0.002240207972 2
0 0.465 0.115 0.002345420382 2
0 0.465 0.125 0.002434875747 2
0 0.465 0.135 0.00249650494 2
0 0.465 0.145 0.002538516223 2
0 0.465 0.155 0.002574345603 2
0 0.465 0.165 0.002584512361 2
0 0.465 0.175 0.002570999346 2
0 0.465 0.185 0.002557946539 2
0 0.465 0.195 0.002534709735 2
0 0.465 0.205 0.002490831428 2
0 0.465 0.215 0.002432551127 2
0 0.465 0.225 0.002359475676 2
0 0.465 0.235 0.00226887761 2
0 0.465 0.245 0.002164236213 2
0 0.465 0.255 0.002053348273 2
0 0.465 0.265 0.001928509129 2
0 0.465 0.275 0.001788358821 2
0 0.465 0.285 0.00164453926 2
0 0.465 0.295 0.001498614852 2
0 0.465 0.305 0.001350011854 2
0 0.465 0.315 0.001201201265 2
0 0.465 0.325 0.001053562016 2
0 0.465 0.335 0.0009079825343 2
0 0.465 0.345 0.0007653000387 2
0 0.465 0.355 0.0006265439236 2
0 0.465 0.365 0.0004920388588 2
0 0.465 0.375 0.0003645747283 2
0 0.465 0.385 0.0002395815832 2
0 0.465 0.395 0.000135506901 2
0 0.465 0.405 0 2
0 0.465 0.415 0 2
0 0.465 0.425 0 2
0 0.465 0.435 0 2
0 0.465 0.445 0 2
0 0.465 0.455 0 2
0 0.465 0.465 0 2
0 0.475 -0.455 0 1
0 0.475 -0.445 0 1
0 0.475 -0.435 0 1
0 0.475 -0.425 0 1
0 0.475 -0.415 0 1
0 0.475 -0.405 0 1
0 0.475 -0.395 -0.0001379429799 1
0 0.475 -0.385 -0.0002334427172 1
0 0.475 -0.375 -0.000343684151 1
0 0.475 -0.365 -0.000452024739 1
0 0.475 -0.355 -0.0005521933174 1
0 0.475 -0.345 -0.0006407154277 1
0 0.475 -0.335 -0.0007210565015 1
0 0.475 -0.325 -0.0008024627034 1
0 0.475 -0.315 -0.0008841890783 1
0 0.475 -0.305 -0.0009668216721 1
0 0.475 -0.295 -0.001050224894 1
0 0.475 -0.285 -0.001146175227 1
0 0.475 -0.275 -0.00125715819 2
0 0.475 -0.265 -0.001375074576 2
0 0.475 -0.255 -0.001496671841 1
0 0.475 -0.245 -0.001580718448 1
0 0.475 -0.235 -0.001637904829 1
0 0.475 -0.225 -0.001679156159 1
0 0.475 -0.215 -0.001714766274 2
0 0.475 -0.205 -0.001734516318 2
0 0.475 -0.195 -0.001726751673 2
0 0.475 -0.185 -0.001702165047 2
0 0.475 -0.175 -0.001669602076 2
0 0.475 -0.165 -0.001627672842 2
0 0.475 -0.155 -0.001577122775 2
0 0.475 -0.145 -0.001517440696 2
0 0.475 -0.135 -0.001448886178 2
0 0.475 -0.125 -0.001370486737 2
0 0.475 -0.115 -0.001280390449 2
0 0.475 -0.105 -0.00117656133 2
0 0.475 -0.095 -0.001057802809 2
0 0.475 -0.085 -0.0009239773673 2
0 0.475 -0.075 -0.0007756884644 2
0 0.475 -0.065 -0.0006141310318 2
0 0.475 -0.055 -0.0004411167979 2
0 0.475 -0.045 -0.0002584919998 2
0 0.475 -0.035 -6.781148993e-05 2
0 0.475 -0.025 0.0001293825339 2
0 0.475 -0.015 0.0003327430075 2
0 0.475 -0.005 0.0005392078592 2
0 0.475 0.005 0.0007561572795 2
0 0.475 0.015 0.0009581697998 2
0 0.475 0.025 0.001131553238 1
0 0.475 0.035 0.001272479832 1
0 0.475 0.045 0.001400577234 1
0 0.475 0.055 0.001528940543 1
0 0.475 0.065 0.001662254873 1
0 0.475 0.075 0.00179389247 1
0 0.475 0.085 0.001929990766 1
0 0.475 0.095 0.002065755173 1
0 0.475 0.105 0.002185629248 1
0 0.475 0.115 0.002292426945 1
0 0.475 0.125 0.002382311713 1
0 0.475 0.135 0.002451181754 1
0 0.475 0.145 0.002499898246 1
0 0.475 0.155 0.002522751566 2
0 0.475 0.165 0.002534201407 2
0 0.475 0.175 0.002536720832 1
0 0.475 0.185 0.002517469673 1
0 0.475 0.195 0.002485469695 1
0 0.475 0.205 0.002440160828 1
0 0.475 0.215 0.002383134435 1
0 0.475 0.225 0.002314620696 1
0 0.475 0.235 0.002237147239 1
0 0.475 0.245 0.002145316659 1
0 0.475 0.255 0.002028588052 2
0 0.475 0.265 0.001903685723 2
0 0.475 0.275 0.001763808287 2
0 0.475 0.285 0.001614516255 2
0 0.475 0.295 0.001463915505 2
0 0.475 0.305 0.001314954713 2
0 0.475 0.315 0.001167570134 2
0 0.475 0.325 0.001022899004 2
0 0.475 0.335 0.0008810547186 2
0 0.475 0.345 0.0007425063772 2
0 0.475 0.355 0.0006079838612 2
0 0.475 0.365 0.000477646562 2
0 0.475 0.375 0.0003540936433 2
0 0.475 0.385 0.0002328508476 2
0 0.475 0.395 0.000131751155 2
0 0.475 0.405 0 2
0 0.475 0.415 0 2
0 0.475 0.425 0 2
0 0.475 0.435 0 2
0 0.475 0.445 0 2
0 0.475 0.455 0 2
0 0.475 0.465 0 2
0 0.485 -0.455 0 1
0 0.485 -0.445 0 1
0 0.485 -0.435 0 1
0 0.485 -0.425 0 1
0 0.485 -0.415 0 1
0 0.485 -0.405 0 1
0 0.485 -0.395 -0.0001774421852 1
0 0.485 -0.385 -0.0002968101546 1
0 0.485 -0.375 -0.0004355729437 1
0 0.485 -0.365 -0.0005631460732 1
0 0.485 -0.355 -0.0006640922073 1
0 0.485 -0.345 -0.0007460036999 1
0 0.485 -0.335 -0.0008178557108 1
0 0.485 -0.325 -0.0008920522534 1
0 0.485 -0.315 -0.000967144547 1
0 0.485 -0.305 -0.001044591151 1
0 0.485 -0.295 -0.001127678709 1
0 0.485 -0.285 -0.001219919912 1
0 0.485 -0.275 -0.001315207178 2
0 0.485 -0.265 -0.001415211268 1
0 0.485 -0.255 -0.001515751613 1
0 0.485 -0.245 -0.001591024142 1
0 0.485 -0.235 -0.001658855604 1
0 0.485 -0.225 -0.00170915626 1
0 0.485 -0.215 -0.001750069667 2
0 0.485 -0.205 -0.001787893176 2
0 0.485 -0.195 -0.001799051941 2
0 0.485 -0.185 -0.001776328892 2
0 0.485 -0.175 -0.001750801925 2
0 0.485 -0.165 -0.001713175015 2
0 0.485 -0.155 -0.001663532819 2
0 0.485 -0.145 -0.001601766089 2
0 0.485 -0.135 -0.001529240575 2
0 0.485 -0.125 -0.001446055922 2
0 0.485 -0.115 -0.001351517571 2
0 0.485 -0.105 -0.001243400486 2
0 0.485 -0.095 -0.001120003294 2
0 0.485 -0.085 -0.0009814430906 2
0 0.485 -0.075 -0.0008288724493 2
0 0.485 -0.065 -0.000664080299 2
0 0.485 -0.055 -0.0004894820172 2
0 0.485 -0.045 -0.0003070174804 2
0 0.485 -0.035 -0.0001182251383 2
0 0.485 -0.025 7.551072634e-05 2
0 0.485 -0.015 0.0002741698089 2
0 0.485 -0.005 0.0004742322433 2
0 0.485 0.005 0.0006835476093 2
0 0.485 0.015 0.0008719611584 2
0 0.485 0.025 0.001032086682 1
0 0.485 0.035 0.001157709753 1
0 0.485 0.045 0.001269889864 1
0 0.485 0.055 0.001386578318 1
0 0.485 0.065 0.001505273946 1
0 0.485 0.075 0.001623886358 1
0 0.485 0.085 0.001745842217 1
0 0.485 0.095 0.001868528133 1
0 0.485 0.105 0.001980200425 1
0 0.485 0.115 0.002080901849 1
0 0.485 0.125 0.002167280069 1
0 0.485 0.135 0.002241970833 1
0 0.485 0.145 0.002297080007 1
0 0.485 0.155 0.002322038711 1
0 0.485 0.165 0.002335400397 1
0 0.485 0.175 0.002338539337 1
0 0.485 0.185 0.002315238596 1
0 0.485 0.195 0.002278825181 1
0 0.485 0.205 0.002238488569 1
0 0.485 0.215 0.0021907127 1
0 0.485 0.225 0.002135761986 1
0 0.485 0.235 0.002077321464 1
0 0.485 0.245 0.0020089085 1
0 0.485 0.255 0.001922299614 1
0 0.485 0.265 0.001817436354 2
0 0.485 0.275 0.001696807137 2
0 0.485 0.285 0.001554635555 2
0 0.485 0.295 0.00140573685 2
0 0.485 0.305 0.001262289139 2
0 0.485 0.315 0.001120751282 2
0 0.485 0.325 0.0009824137334 2
0 0.485 0.335 0.0008468592922 2
0 0.485 0.345 0.0007143836981 2
0 0.485 0.355 0.0005855796181 2
0 0.485 0.365 0.0004605622814 2
0 0.485 0.375 0.0003418198344 2
0 0.485 0.385 0.0002250569718 2
0 0.485 0.395 0.0001274579674 2
0 0.485 0.405 0 2
0 0.485 0.415 0 2
0 0.485 0.425 0 2
0 0.485 0.435 0 2
0 0.485 0.445 0 2
0 0.485 0.455 0 2
0 0.485 0.465 0 2
0 0.495 -0.455 0 2
0 0.495 -0.445 0 2
0 0.495 -0.435 0 1
0 0.495 -0.425 0 1
0 0.495 -0.415 0 1
0 0.495 -0.405 0 1
0 0.495 -0.395 -0.000189643607 1
0 0.495 -0.385 -0.0003151194394 2
0 0.495 -0.375 -0.0004780208678 2
0 0.495 -0.365 -0.0006216210785 2
0 0.495 -0.355 -0.0007392085717 1
0 0.495 -0.345 -0.0008205475042 1
0 0.495 -0.335 -0.0008909239373 1
0 0.495 -0.325 -0.0009589708071 1
0 0.495 -0.315 -0.001026581319 1
0 0.495 -0.305 -0.001097103816 1
0 0.495 -0.295 -0.001174047393 1
0 0.495 -0.285 -0.001255480761 2
0 0.495 -0.275 -0.001330426933 1
0 0.495 -0.265 -0.00141058082 1
0 0.495 -0.255 -0.001491146541 1
0 0.495 -0.245 -0.001561958188 1
0 0.495 -0.235 -0.0016393182 1
0 0.495 -0.225 -0.001698850914 1
0 0.495 -0.215 -0.001750679944 1
0 0.495 -0.205 -0.0018094835 2
0 0.495 -0.195 -0.001845418622 2
0 0.495 -0.185 -0.001848868648 2
0 0.495 -0.175 -0.001847997808 2
0 0.495 -0.165 -0.001823374922 2
0 0.495 -0.155 -0.001779089141 2
0 0.495 -0.145 -0.001710450427 2
0 0.495 -0.135 -0.001628365856 2
0 0.495 -0.125 -0.001536574154 2
0 0.495 -0.115 -0.001428251197 2
0 0.495 -0.105 -0.001304437557 2
0 0.495 -0.095 -0.001175118628 2
0 0.495 -0.085 -0.001031681068 2
0 0.495 -0.075 -0.000874674265 2
0 0.495 -0.065 -0.0007069647901 2
0 0.495 -0.055 -0.0005320883765 2
0 0.495 -0.045 -0.0003519802561 2
0 0.495 -0.035 -0.0001678915483 2
0 0.495 -0.025 1.906885653e-05 2
0 0.495 -0.015 0.0002092323005 2
0 0.495 -0.005 0.0003990902368 2
0 0.495 0.005 0.0005966056458 2
0 0.495 0.015 0.000772035725 2
0 0.495 0.025 0.0009200676264 1
0 0.495 0.035 0.00103255709 1
0 0.495 0.045 0.001131751873 1
0 0.495 0.055 0.001235234867 1
0 0.495 0.065 0.001336594194 1
0 0.495 0.075 0.001438637904 1
0 0.495 0.085 0.001541457906 1
0 0.495 0.095 0.001644004084 1
0 0.495 0.105 0.001742642341 1
0 0.495 0.115 0.001832612293 1
0 0.495 0.125 0.001910022771 1
0 0.495 0.135 0.001975661317 1
0 0.495 0.145 0.002022278859 1
0 0.495 0.155 0.00204602979 1
0 0.495 0.165 0.002061965648 1
0 0.495 0.175 0.002070374843 1
0 0.495 0.185 0.00205776969 1
0 0.495 0.195 0.002031553387 1
0 0.495 0.205 0.002000909914 1
0 0.495 0.215 0.001964587866 1
0 0.495 0.225 0.001923133978 1
0 0.495 0.235 0.00187797228 1
0 0.495 0.245 0.001825952173 1
0 0.495 0.255 0.001758947379 1
0 0.495 0.265 0.001680406615 1
0 0.495 0.275 0.001584081949 2
0 0.495 0.285 0.001461157275 2
0 0.495 0.295 0.001323182434 2
0 0.495 0.305 0.001191841042 2
0 0.495 0.315 0.001061177446 2
0 0.495 0.325 0.0009327329162 2
0 0.495 0.335 0.0008060551693 2
0 0.495 0.345 0.0006815339813 2
0 0.495 0.355 0.0005598411338 2
0 0.495 0.365 0.0004411916565 2
0 0.495 0.375 0.0003280552113 2
0 0.495 0.385 0.0002163983327 2
0 0.495 0.395 0.0001227400668 2
0 0.495 0.405 0 2
0 0.495 0.415 0 2
0 0.495 0.425 0 2
0 0.495 0.435 0 2
0 0.495 0.445 0 2
0 0.495 0.455 0 2
0 0.495 0.465 0 2
0 0.505 -0.455 0 2
0 0.505 -0.445 0 2
0 0.505 -0.435 0 2
0 0.505 -0.425 0 1
0 0.505 -0.415 0 1
0 0.505 -0.405 0 1
0 0.505 -0.395 -0.0001917787308 1
0 0.505 -0.385 -0.000316080185 2
0 0.505 -0.375 -0.0004645205446 2
0 0.505 -0.365 -0.000589624249 2
0 0.505 -0.355 -0.0006987037012 2
0 0.505 -0.345 -0.0007985212148 2
0 0.505 -0.335 -0.0008873066255 2
0 0.505 -0.325 -0.0009652352574 2
0 0.505 -0.315 -0.00103976547 2
0 0.505 -0.305 -0.001117135481 2
0 0.505 -0.295 -0.001193217258 2
0 0.505 -0.285 -0.001256738099 1
0 0.505 -0.275 -0.001316876146 1
0 0.505 -0.265 -0.001382607696 1
0 0.505 -0.255 -0.001448568645 1
0 0.505 -0.245 -0.001517274331 1
0 0.505 -0.235 -0.001589502044 1
0 0.505 -0.225 -0.001659845155 1
0 0.505 -0.215 -0.001731050889 1
0 0.505 -0.205 -0.001790674741 2
0 0.505 -0.195 -0.001839461877 2
0 0.505 -0.185 -0.001881728392 2
0 0.505 -0.175 -0.001900257369 2
0 0.505 -0.165 -0.001890681074 2
0 0.505 -0.155 -0.001856536464 2
0 0.505 -0.145 -0.001793238885 2
0 0.505 -0.135 -0.001709885374 2
0 0.505 -0.125 -0.00160990445 2
0 0.505 -0.115 -0.00149182519 2
0 0.505 -0.105 -0.001361385436 2
0 0.505 -0.095 -0.001222684479 2
0 0.505 -0.085 -0.001066936972 2
0 0.505 -0.075 -0.0009060831575 2
0 0.505 -0.065 -0.0007367976656 2
0 0.505 -0.055 -0.0005637951134 2
0 0.505 -0.045 -0.0003889331452 2
0 0.505 -0.035 -0.0002126847625 2
0 0.505 -0.025 -3.572906363e-05 2
0 0.505 -0.015 0.0001426558571 2
0 0.505 -0.005 0.0003195671168 2
0 0.505 0.005 0.0005033146676 2
0 0.505 0.015 0.000666301527 2
0 0.505 0.025 0.0008027511247 1
0 0.505 0.035 0.0009040967329 1
0 0.505 0.045 0.0009910245966 1
0 0.505 0.055 0.001080047302 1
0 0.505 0.065 0.001166550226 1
0 0.505 0.075 0.001253919401 1
0 0.505 0.085 0.001342912694 1
0 0.505 0.095 0.001432728899 1
0 0.505 0.105 0.001519342093 1
0 0.505 0.115 0.001597741195 1
0 0.505 0.125 0.001663979291 1
0 0.505 0.135 0.001715596461 1
0 0.505 0.145 0.001753021819 1
0 0.505 0.155 0.001779591155 1
0 0.505 0.165 0.001797729478 1
0 0.505 0.175 0.001807568248 1
0 0.505 0.185 0.001807745504 1
0 0.505 0.195 0.001796971567 1
0 0.505 0.205 0.001776837268 1
0 0.505 0.215 0.001750658434 1
0 0.505 0.225 0.001719179113 1
0 0.505 0.235 0.001680638826 1
0 0.505 0.245 0.001636333784 1
0 0.505 0.255 0.001583658619 1
0 0.505 0.265 0.00151916512 1
0 0.505 0.275 0.001437900843 2
0 0.505 0.285 0.001337444682 2
0 0.505 0.295 0.001220916523 2
0 0.505 0.305 0.001107322937 2
0 0.505 0.315 0.0009918456895 2
0 0.505 0.325 0.0008761787649 2
0 0.505 0.335 0.0007604202716 2
0 0.505 0.345 0.0006453022966 2
0 0.505 0.355 0.0005317708518 2
0 0.505 0.365 0.0004202622496 2
0 0.505 0.375 0.0003133046837 2
0 0.505 0.385 0.0002071888511 2
0 0.505 0.395 0.0001177664487 2
0 0.505 0.405 0 2
0 0.505 0.415 0 2
0 0.505 0.425 0 2
0 0.505 0.435 0 2
0 0.505 0.445 0 2
0 0.505 0.455 0 2
0 0.505 0.465 0 2
0 0.515 -0.455 0 2
0 0.515 -0.445 0 2
0 0.515 -0.435 0 2
0 0.515 -0.425 0 2
0 0.515 -0.415 0 2
0 0.515 -0.405 0 2
0 0.515 -0.395 -0.0001714553892 2
0 0.515 -0.385 -0.000291937873 2
0 0.515 -0.375 -0.0004147359774 2
0 0.515 -0.365 -0.0005176273927 2
0 0.515 -0.355 -0.000624928338 2
0 0.515 -0.345 -0.0007300420232 2
0 0.515 -0.335 -0.000830860245 2
0 0.515 -0.325 -0.0009222311944 2
0 0.515 -0.315 -0.001008485358 2
0 0.515 -0.305 -0.001093393796 2
0 0.515 -0.295 -0.001167363478 2
0 0.515 -0.285 -0.001227624133 1
0 0.515 -0.275 -0.001279926862 1
0 0.515 -0.265 -0.001331977871 1
0 0.515 -0.255 -0.001387689956 1
0 0.515 -0.245 -0.001450598595 1
0 0.515 -0.235 -0.001507953247 1
0 0.515 -0.225 -0.0015839117 1
0 0.515 -0.215 -0.001659086836 1
0 0.515 -0.205 -0.001705186684 2
0 0.515 -0.195 -0.001755009249 1
0 0.515 -0.185 -0.001812782826 1
0 0.515 -0.175 -0.001831123487 1
0 0.515 -0.165 -0.001831109217 1
0 0.515 -0.155 -0.001809183427 1
0 0.515 -0.145 -0.001769175209 1
0 0.515 -0.135 -0.001708892582 1
0 0.515 -0.125 -0.001610731182 2
0 0.515 -0.115 -0.001498757206 2
0 0.515 -0.105 -0.0013789154 2
0 0.515 -0.095 -0.001242481032 2
0 0.515 -0.085 -0.001081407596 2
0 0.515 -0.075 -0.0009137332801 2
0 0.515 -0.065 -0.0007466368221 2
0 0.515 -0.055 -0.0005792798491 2
0 0.515 -0.045 -0.0004134807304 2
0 0.515 -0.035 -0.0002485382368 2
0 0.515 -0.025 -8.467366793e-05 2
0 0.515 -0.015 7.91043779e-05 2
0 0.515 -0.005 0.0002408708757 2
0 0.515 0.005 0.0004094368948 2
0 0.515 0.015 0.0005593890039 2
0 0.515 0.025 0.0006843672631 1
0 0.515 0.035 0.0007749535853 1
0 0.515 0.045 0.0008500793208 1
0 0.515 0.055 0.0009249429359 1
0 0.515 0.065 0.0009963732552 1
0 0.515 0.075 0.00106847729 1
0 0.515 0.085 0.001142618437 1
0 0.515 0.095 0.001218467084 1
0 0.515 0.105 0.001292265111 1
0 0.515 0.115 0.001358826522 1
0 0.515 0.125 0.001415061167 1
0 0.515 0.135 0.001460484998 1
0 0.515 0.145 0.001495800114 1
0 0.515 0.155 0.001523461581 1
0 0.515 0.165 0.001545487809 1
0 0.515 0.175 0.00156107841 1
0 0.515 0.185 0.001568031068 1
0 0.515 0.195 0.00156501798 1
0 0.515 0.205 0.001553406075 1
0 0.515 0.215 0.001536022107 1
0 0.515 0.225 0.001513192817 1
0 0.515 0.235 0.001483527423 1
0 0.515 0.245 0.001443343131 1
0 0.515 0.255 0.001401711007 1
0 0.515 0.265 0.001350668105 1
0 0.515 0.275 0.001282088352 2
0 0.515 0.285 0.001200303157 2
0 0.515 0.295 0.001109748337 2
0 0.515 0.305 0.001016297292 2
0 0.515 0.315 0.0009180242361 2
0 0.515 0.325 0.0008164929413 2
0 0.515 0.335 0.0007126314779 2
0 0.515 0.345 0.000607614071 2
0 0.515 0.355 0.0005027482823 2
0 0.515 0.365 0.0003987446733 2
0 0.515 0.375 0.0002982249406 2
0 0.515 0.385 0.0001978282734 2
0 0.515 0.395 0.0001127476906 2
0 0.515 0.405 0 2
0 0.515 0.415 0 2
0 0.515 0.425 0 2
0 0.515 0.435 0 2
0 0.515 0.445 0 2
0 0.515 0.455 0 2
0 0.515 0.465 0 2
0 0.525 -0.455 0 2
0 0.525 -0.445 0 2
0 0.525 -0.435 0 2
0 0.525 -0.425 0 2
0 0.525 -0.415 0 2
0 0.525 -0.405 0 2
0 0.525 -0.395 -0.0001359256892 2
0 0.525 -0.385 -0.0002412472554 2
0 0.525 -0.375 -0.0003524334912 2
0 0.525 -0.365 -0.0004515795544 2
0 0.525 -0.355 -0.0005547478316 2
0 0.525 -0.345 -0.0006569987834 2
0 0.525 -0.335 -0.0007590003886 2
0 0.525 -0.325 -0.0008581594422 2
0 0.525 -0.315 -0.0009529160524 2
0 0.525 -0.305 -0.001042242694 2
0 0.525 -0.295 -0.001115422644 2
0 0.525 -0.285 -0.001174095988 1
0 0.525 -0.275 -0.001219918075 1
0 0.525 -0.265 -0.001261882183 1
0 0.525 -0.255 -0.001309553128 1
0 0.525 -0.245 -0.001361603456 1
0 0.525 -0.235 -0.001406676408 1
0 0.525 -0.225 -0.001471466076 1
0 0.525 -0.215 -0.00152812852 2
0 0.525 -0.205 -0.00155049877 1
0 0.525 -0.195 -0.001581147964 1
0 0.525 -0.185 -0.001617971349 1
0 0.525 -0.175 -0.001625441095 1
0 0.525 -0.165 -0.001626484246 1
0 0.525 -0.155 -0.00161259605 1
0 0.525 -0.145 -0.001591876512 1
0 0.525 -0.135 -0.001553370169 1
0 0.525 -0.125 -0.001494998747 1
0 0.525 -0.115 -0.001418247522 1
0 0.525 -0.105 -0.001319008546 2
0 0.525 -0.095 -0.001201965528 2
0 0.525 -0.085 -0.001052802313 2
0 0.525 -0.075 -0.0008865769756 2
0 0.525 -0.065 -0.0007298317159 2
0 0.525 -0.055 -0.0005743690601 2
0 0.525 -0.045 -0.0004223444825 2
0 0.525 -0.035 -0.0002722973305 2
0 0.525 -0.025 -0.0001243032809 2
0 0.525 -0.015 2.244130057e-05 2
0 0.525 -0.005 0.000166777214 2
0 0.525 0.005 0.0003156133007 2
0 0.525 0.015 0.0004521310012 2
0 0.525 0.025 0.0005678722668 1
0 0.525 0.035 0.0006491800748 1
0 0.525 0.045 0.0007132797274 1
0 0.525 0.055 0.0007754625209 1
0 0.525 0.065 0.0008315234765 1
0 0.525 0.075 0.000882105998 1
0 0.525 0.085 0.0009344304381 1
0 0.525 0.095 0.0009913901441 1
0 0.525 0.105 0.001046608815 1
0 0.525 0.115 0.001102019038 1
0 0.525 0.125 0.001153945468 1
0 0.525 0.135 0.001197267978 1
0 0.525 0.145 0.001237419049 1
0 0.525 0.155 0.001274024869 1
0 0.525 0.165 0.00130142378 1
0 0.525 0.175 0.001322583043 1
0 0.525 0.185 0.001335645164 1
0 0.525 0.195 0.001339099415 1
0 0.525 0.205 0.001334046216 1
0 0.525 0.215 0.001319469114 1
0 0.525 0.225 0.00130117083 1
0 0.525 0.235 0.001279621703 1
0 0.525 0.245 0.001246745419 1
0 0.525 0.255 0.001213705401 1
0 0.525 0.265 0.001177334402 1
0 0.525 0.275 0.001126709536 2
0 0.525 0.285 0.001067391438 2
0 0.525 0.295 0.001001882515 2
0 0.525 0.305 0.0009276648481 2
0 0.525 0.315 0.0008458666018 2
0 0.525 0.325 0.0007580073267 2
0 0.525 0.335 0.0006657511596 2
0 0.525 0.345 0.0005706483828 2
0 0.525 0.355 0.0004743201243 2
0 0.525 0.365 0.0003777185962 2
0 0.525 0.375 0.0002835414628 2
0 0.525 0.385 0.0001887555634 2
0 0.525 0.395 0.0001079135258 2
0 0.525 0.405 0 2
0 0.525 0.415 0 2
0 0.525 0.425 0 2
0 0.525 0.435 0 2
0 0.525 0.445 0 2
0 0.525 0.455 0 2
0 0.525 0.465 0 2
0 0.535 -0.455 0 2
0 0.535 -0.445 0 2
0 0.535 -0.435 0 2
0 0.535 -0.425 0 2
0 0.535 -0.415 0 2
0 0.535 -0.405 0 2
0 0.535 -0.395 -0.0001043773693 2
0 0.535 -0.385 -0.000194727849 2
0 0.535 -0.375 -0.0003007847271 2
0 0.535 -0.365 -0.0004016296291 2
0 0.535 -0.355 -0.0005018777615 2
0 0.535 -0.345 -0.0006018103329 2
0 0.535 -0.335 -0.0007019804004 2
0 0.535 -0.325 -0.0007997826114 2
0 0.535 -0.315 -0.0008955165151 2
0 0.535 -0.305 -0.0009819071078 2
0 0.535 -0.295 -0.001049455582 1
0 0.535 -0.285 -0.001099644297 1
0 0.535 -0.275 -0.001140794658 1
0 0.535 -0.265 -0.001177067684 1
0 0.535 -0.255 -0.001214580112 1
0 0.535 -0.245 -0.001250875205 1
0 0.535 -0.235 -0.001286578768 1
0 0.535 -0.225 -0.001330298861 1
0 0.535 -0.215 -0.001358939959 2
0 0.535 -0.205 -0.001364969947 1
0 0.535 -0.195 -0.001381035412 1
0 0.535 -0.185 -0.001394577236 1
0 0.535 -0.175 -0.001395207686 1
0 0.535 -0.165 -0.001393362527 1
0 0.535 -0.155 -0.001382875724 1
0 0.535 -0.145 -0.001368037292 1
0 0.535 -0.135 -0.001338904669 1
0 0.535 -0.125 -0.001300065773 1
0 0.535 -0.115 -0.001244889707 1
0 0.535 -0.105 -0.001176589741 1
0 0.535 -0.095 -0.001088511539 2
0 0.535 -0.085 -0.0009682349159 2
0 0.535 -0.075 -0.0008210944379 2
0 0.535 -0.065 -0.0006846224276 2
0 0.535 -0.055 -0.0005482784902 2
0 0.535 -0.045 -0.0004145966353 2
0 0.535 -0.035 -0.0002824160584 2
0 0.535 -0.025 -0.0001521539038 2
0 0.535 -0.015 -2.365114524e-05 2
0 0.535 -0.005 0.0001021898986 2
0 0.535 0.005 0.0002291807277 2
0 0.535 0.015 0.0003511232635 2
0 0.535 0.025 0.0004572556189 1
0 0.535 0.035 0.0005290747157 1
0 0.535 0.045 0.0005846521186 1
0 0.535 0.055 0.0006379636028 1
0 0.535 0.065 0.0006822391328 1
0 0.535 0.075 0.0007128089701 1
0 0.535 0.085 0.0007420073401 1
0 0.535 0.095 0.0007778878938 1
0 0.535 0.105 0.0008088787499 1
0 0.535 0.115 0.0008439386609 1
0 0.535 0.125 0.0008888613785 1
0 0.535 0.135 0.0009362090638 1
0 0.535 0.145 0.0009844637449 1
0 0.535 0.155 0.001026767476 1
0 0.535 0.165 0.001062227072 1
0 0.535 0.175 0.001093740797 1
0 0.535 0.185 0.00111298685 1
0 0.535 0.195 0.001122526465 1
0 0.535 0.205 0.001119565888 1
0 0.535 0.215 0.001108093657 1
0 0.535 0.225 0.001095839265 1
0 0.535 0.235 0.001081521939 1
0 0.535 0.245 0.001059749394 1
0 0.535 0.255 0.001043322407 1
0 0.535 0.265 0.001026709062 2
0 0.535 0.275 0.000993561733 2
0 0.535 0.285 0.0009553659255 2
0 0.535 0.295 0.0009084802016 2
0 0.535 0.305 0.0008493931159 2
0 0.535 0.315 0.0007809384119 2
0 0.535 0.325 0.0007046867937 2
0 0.535 0.335 0.0006226204532 2
0 0.535 0.345 0.0005364515035 2
0 0.535 0.355 0.0004479536264 2
0 0.535 0.365 0.0003582165728 2
0 0.535 0.375 0.0002699525207 2
0 0.535 0.385 0.0001803953009 2
0 0.535 0.395 0.0001034871867 2
0 0.535 0.405 0 2
0 0.535 0.415 0 2
0 0.535 0.425 0 2
0 0.535 0.435 0 2
0 0.535 0.445 0 2
0 0.535 0.455 0 2
0 0.535 0.465 0 2
0 0.545 -0.455 0 2
0 0.545 -0.445 0 2
0 0.545 -0.435 0 2
0 0.545 -0.425 0 2
0 0.545 -0.415 0 2
0 0.545 -0.405 0 2
0 0.545 -0.395 -9.292604012e-05 2
0 0.545 -0.385 -0.0001726500777 2
0 0.545 -0.375 -0.0002680663902 2
0 0.545 -0.365 -0.0003628032941 2
0 0.545 -0.355 -0.0004589153005 2
0 0.545 -0.345 -0.0005546417977 2
0 0.545 -0.335 -0.0006498094048 2
0 0.545 -0.325 -0.0007421022634 2
0 0.545 -0.315 -0.0008328629638 2
0 0.545 -0.305 -0.0009115937136 2
0 0.545 -0.295 -0.0009738448966 1
0 0.545 -0.285 -0.00101836586 1
0 0.545 -0.275 -0.001052599471 1
0 0.545 -0.265 -0.001082785166 1
0 0.545 -0.255 -0.001107100229 1
0 0.545 -0.245 -0.001125723882 1
0 0.545 -0.235 -0.001149446634 1
0 0.545 -0.225 -0.001163746113 1
0 0.545 -0.215 -0.001172160301 2
0 0.545 -0.205 -0.001174335214 1
0 0.545 -0.195 -0.001184041834 1
0 0.545 -0.185 -0.001182788436 1
0 0.545 -0.175 -0.001186239335 1
0 0.545 -0.165 -0.001180737799 1
0 0.545 -0.155 -0.001170073155 1
0 0.545 -0.145 -0.001151934922 1
0 0.545 -0.135 -0.001124465596 1
0 0.545 -0.125 -0.001092708883 1
0 0.545 -0.115 -0.001051119063 1
0 0.545 -0.105 -0.0009979184273 1
0 0.545 -0.095 -0.0009296268558 2
0 0.545 -0.085 -0.0008388494042 2
0 0.545 -0.075 -0.0007258720509 2
0 0.545 -0.065 -0.0006167838392 2
0 0.545 -0.055 -0.0005048092389 2
0 0.545 -0.045 -0.000392310187 2
0 0.545 -0.035 -0.0002794303268 2
0 0.545 -0.025 -0.0001673035487 2
0 0.545 -0.015 -5.672308367e-05 2
0 0.545 -0.005 5.099296813e-05 2
0 0.545 0.005 0.0001560988624 2
0 0.545 0.015 0.0002582556665 2
0 0.545 0.025 0.0003516373649 2
0 0.545 0.035 0.0004240896947 1
0 0.545 0.045 0.0004729258853 1
0 0.545 0.055 0.0005178643438 1
0 0.545 0.065 0.0005528783097 1
0 0.545 0.075 0.0005776092087 1
0 0.545 0.085 0.0006029141123 1
0 0.545 0.095 0.0006396752284 2
0 0.545 0.105 0.0006605360195 2
0 0.545 0.115 0.000680756493 2
0 0.545 0.125 0.0007061364984 2
0 0.545 0.135 0.0007281594597 1
0 0.545 0.145 0.0007624583874 1
0 0.545 0.155 0.0007926941909 1
0 0.545 0.165 0.0008282851631 1
0 0.545 0.175 0.0008622811958 1
0 0.545 0.185 0.0008859845857 1
0 0.545 0.195 0.000903632524 1
0 0.545 0.205 0.0009106480433 1
0 0.545 0.215 0.000915843134 1
0 0.545 0.225 0.000923609098 1
0 0.545 0.235 0.0009358097841 2
0 0.545 0.245 0.0009386532017 2
0 0.545 0.255 0.0009390232205 2
0 0.545 0.265 0.0009253533459 2
0 0.545 0.275 0.0009041548649 2
0 0.545 0.285 0.0008759100814 2
0 0.545 0.295 0.0008365277211 2
0 0.545 0.305 0.0007864317728 2
0 0.545 0.315 0.0007269207877 2
0 0.545 0.325 0.0006593095618 2
0 0.545 0.335 0.0005853382086 2
0 0.545 0.345 0.000506601167 2
0 0.545 0.355 0.0004248192728 2
0 0.545 0.365 0.0003410845844 2
0 0.545 0.375 0.0002580424683 2
0 0.545 0.385 0.0001731088505 2
0 0.545 0.395 9.966185336e-05 2
0 0.545 0.405 0 2
0 0.545 0.415 0 2
0 0.545 0.425 0 2
0 0.545 0.435 0 2
0 0.545 0.445 0 2
0 0.545 0.455 0 2
0 0.545 0.465 0 2
0 0.555 -0.455 0 2
0 0.555 -0.445 0 2
0 0.555 -0.435 0 2
0 0.555 -0.425 0 2
0 0.555 -0.415 0 2
0 0.555 -0.405 0 2
0 0.555 -0.395 -8.622431819e-05 2
0 0.555 -0.385 -0.0001585831829 2
0 0.555 -0.375 -0.0002457448339 2
0 0.555 -0.365 -0.0003341415242 2
0 0.555 -0.355 -0.000424783046 2
0 0.555 -0.345 -0.0005148836313 2
0 0.555 -0.335 -0.0006035975296 2
0 0.555 -0.325 -0.000688541551 2
0 0.555 -0.315 -0.000770973387 2
0 0.555 -0.305 -0.00084123945 2
0 0.555 -0.295 -0.0008975440142 1
0 0.555 -0.285 -0.0009361718687 1
0 0.555 -0.275 -0.0009640675181 1
0 0.555 -0.265 -0.0009861367115 1
0 0.555 -0.255 -0.0009987414215 1
0 0.555 -0.245 -0.001007104346 1
0 0.555 -0.235 -0.001017392738 1
0 0.555 -0.225 -0.001008806301 2
0 0.555 -0.215 -0.0009908935204 2
0 0.555 -0.205 -0.0009827462923 1
0 0.555 -0.195 -0.0009848093878 1
0 0.555 -0.185 -0.0009760084218 1
0 0.555 -0.175 -0.0009738825954 1
0 0.555 -0.165 -0.0009674821286 1
0 0.555 -0.155 -0.000961100628 1
0 0.555 -0.145 -0.0009446367579 1
0 0.555 -0.135 -0.0009215437747 1
0 0.555 -0.125 -0.0008883783625 1
0 0.555 -0.115 -0.0008586319127 1
0 0.555 -0.105 -0.0008216222649 1
0 0.555 -0.095 -0.0007641349821 2
0 0.555 -0.085 -0.000693008177 2
0 0.555 -0.075 -0.0006187772499 2
0 0.555 -0.065 -0.0005382852178 2
0 0.555 -0.055 -0.0004515293873 2
0 0.555 -0.045 -0.0003601047984 2
0 0.555 -0.035 -0.0002657632799 2
0 0.555 -0.025 -0.0001703545377 2
0 0.555 -0.015 -7.549666427e-05 2
0 0.555 -0.005 1.704331876e-05 2
0 0.555 0.005 0.0001062608472 2
0 0.555 0.015 0.0001907320712 2
0 0.555 0.025 0.0002676929654 2
0 0.555 0.035 0.0003302250145 1
0 0.555 0.045 0.0003719032838 1
0 0.555 0.055 0.0004093858933 1
0 0.555 0.065 0.0004434671496 1
0 0.555 0.075 0.000478012217 1
0 0.555 0.085 0.0005153240085 1
0 0.555 0.095 0.0005536469123 2
0 0.555 0.105 0.0005835168529 2
0 0.555 0.115 0.0006083684699 2
0 0.555 0.125 0.0006232266109 2
0 0.555 0.135 0.000639063988 2
0 0.555 0.145 0.0006461872922 2
0 0.555 0.155 0.0006385878005 1
0 0.555 0.165 0.0006558195145 1
0 0.555 0.175 0.0006768567402 1
0 0.555 0.185 0.0007013417448 1
0 0.555 0.195 0.0007273080977 1
0 0.555 0.205 0.000753750619 1
0 0.555 0.215 0.0007863562996 1
0 0.555 0.225 0.0008294252466 2
0 0.555 0.235 0.0008538614492 2
0 0.555 0.245 0.0008765061179 2
0 0.555 0.255 0.0008849681423 2
0 0.555 0.265 0.0008733017887 2
0 0.555 0.275 0.0008524337318 2
0 0.555 0.285 0.0008238033434 2
0 0.555 0.295 0.0007856167797 2
0 0.555 0.305 0.0007394081032 2
0 0.555 0.315 0.0006849391713 2
0 0.555 0.325 0.0006230581713 2
0 0.555 0.335 0.0005549860918 2
0 0.555 0.345 0.0004820154144 2
0 0.555 0.355 0.0004056579566 2
0 0.555 0.365 0.0003268917387 2
0 0.555 0.375 0.0002482230749 2
0 0.555 0.385 0.0001671602654 2
0 0.555 0.395 9.658376837e-05 2
0 0.555 0.405 0 2
0 0.555 0.415 0 2
0 0.555 0.425 0 2
0 0.555 0.435 0 2
0 0.555 0.445 0 2
0 0.555 0.455 0 2
0 0.555 0.465 0 2
0 0.565 -0.455 0 2
0 0.565 -0.445 0 2
0 0.565 -0.435 0 2
0 0.565 -0.425 0 2
0 0.565 -0.415 0 2
0 0.565 -0.405 0 2
0 0.565 -0.395 -8.250719265e-05 2
0 0.565 -0.385 -0.0001501874017 2
0 0.565 -0.375 -0.0002313778095 2
0 0.565 -0.365 -0.0003138972879 2
0 0.565 -0.355 -0.0003986515043 2
0 0.565 -0.345 -0.0004825910802 2
0 0.565 -0.335 -0.0005643392229 2
0 0.565 -0.325 -0.0006413154529 2
0 0.565 -0.315 -0.000712930091 2
0 0.565 -0.305 -0.0007741044414 2
0 0.565 -0.295 -0.0008236725233 2
0 0.565 -0.285 -0.000858291733 1
0 0.565 -0.275 -0.0008805012083 1
0 0.565 -0.265 -0.0008950065053 1
0 0.565 -0.255 -0.0009041099811 1
0 0.565 -0.245 -0.0009131402841 1
0 0.565 -0.235 -0.00091865716 2
0 0.565 -0.225 -0.0008899741488 2
0 0.565 -0.215 -0.0008607581634 2
0 0.565 -0.205 -0.0008432384885 2
0 0.565 -0.195 -0.0008136028078 1
0 0.565 -0.185 -0.0007870198937 1
0 0.565 -0.175 -0.0007672501187 1
0 0.565 -0.165 -0.0007539637595 1
0 0.565 -0.155 -0.0007439753722 1
0 0.565 -0.145 -0.000726611942 1
0 0.565 -0.135 -0.0007078387027 1
0 0.565 -0.125 -0.0006823988564 1
0 0.565 -0.115 -0.0006659358073 1
0 0.565 -0.105 -0.00064497715 1
0 0.565 -0.095 -0.0006060776907 2
0 0.565 -0.085 -0.0005612354084 2
0 0.565 -0.075 -0.0005193369386 2
0 0.565 -0.065 -0.0004628525691 2
0 0.565 -0.055 -0.000397303198 2
0 0.565 -0.045 -0.000323782306 2
0 0.565 -0.035 -0.0002451068789 2
0 0.565 -0.025 -0.0001635161812 2
0 0.565 -0.015 -8.110112642e-05 2
0 0.565 -0.005 1.116446995e-07 2
0 0.565 0.005 7.817322848e-05 2
0 0.565 0.015 0.000150948938 2
0 0.565 0.025 0.0002162672151 2
0 0.565 0.035 0.000271123069 2
0 0.565 0.045 0.0003071293976 1
0 0.565 0.055 0.0003368714988 1
0 0.565 0.065 0.0003730548385 1
0 0.565 0.075 0.0004198242699 1
0 0.565 0.085 0.0004770309264 2
0 0.565 0.095 0.0005184903075 2
0 0.565 0.105 0.00056561045 2
0 0.565 0.115 0.0006060930686 2
0 0.565 0.125 0.0006278947897 2
0 0.565 0.135 0.0006370251007 2
0 0.565 0.145 0.0006386279566 2
0 0.565 0.155 0.000642608747 2
0 0.565 0.165 0.0006487208106 2
0 0.565 0.175 0.0006577892786 2
0 0.565 0.185 0.0006804319477 2
0 0.565 0.195 0.0007086843112 2
0 0.565 0.205 0.0007463719565 2
0 0.565 0.215 0.0007866102091 2
0 0.565 0.225 0.0008162978181 2
0 0.565 0.235 0.0008412040593 2
0 0.565 0.245 0.0008602677656 2
0 0.565 0.255 0.0008621535597 2
0 0.565 0.265 0.0008475492671 2
0 0.565 0.275 0.000822500806 2
0 0.565 0.285 0.0007900135907 2
0 0.565 0.295 0.0007513895404 2
0 0.565 0.305 0.0007061620819 2
0 0.565 0.315 0.0006541311639 2
0 0.565 0.325 0.0005957228238 2
0 0.565 0.335 0.0005316797936 2
0 0.565 0.345 0.0004629460608 2
0 0.565 0.355 0.0003907560685 2
0 0.565 0.365 0.0003159037768 2
0 0.565 0.375 0.0002407119932 2
0 0.565 0.385 0.0001627020637 2
0 0.565 0.395 9.434449516e-05 2
0 0.565 0.405 0 2
0 0.565 0.415 0 2
0 0.565 0.425 0 2
0 0.565 0.435 0 2
0 0.565 0.445 0 2
0 0.565 0.455 0 2
0 0.565 0.465 0 2
0 0.575 -0.455 0 2
0 0.575 -0.445 0 2
0 0.575 -0.435 0 2
0 0.575 -0.425 0 2
0 0.575 -0.415 0 2
0 0.575 -0.405 0 2
0 0.575 -0.395 -8.08440248e-05 2
0 0.575 -0.385 -0.0001455495363 2
0 0.575 -0.375 -0.0002224593881 2
0 0.575 -0.365 -0.0003001719741 2
0 0.575 -0.355 -0.000379701447 2
0 0.575 -0.345 -0.0004580295081 2
0 0.575 -0.335 -0.0005335818018 2
0 0.575 -0.325 -0.0006039428817 2
0 0.575 -0.315 -0.0006675616717 2
0 0.575 -0.305 -0.0007221637047 2
0 0.575 -0.295 -0.0007648454762 2
0 0.575 -0.285 -0.0007943010413 1
0 0.575 -0.275 -0.0008132845663 1
0 0.575 -0.265 -0.0008262184903 1
0 0.575 -0.255 -0.0008407905529 1
0 0.575 -0.245 -0.0008588843793 2
0 0.575 -0.235 -0.00085398944 2
0 0.575 -0.225 -0.0008330580694 2
0 0.575 -0.215 -0.0008039889935 2
0 0.575 -0.205 -0.0007730863391 2
0 0.575 -0.195 -0.0007338928012 2
0 0.575 -0.185 -0.0006833776269 2
0 0.575 -0.175 -0.0006226825627 1
0 0.575 -0.165 -0.0005896184372 1
0 0.575 -0.155 -0.0005635852567 1
0 0.575 -0.145 -0.0005423739012 1
0 0.575 -0.135 -0.0005267776197 1
0 0.575 -0.125 -0.0005154700141 1
0 0.575 -0.115 -0.0005155319818 1
0 0.575 -0.105 -0.0005158296807 2
0 0.575 -0.095 -0.0004924886955 2
0 0.575 -0.085 -0.0004689960607 2
0 0.575 -0.075 -0.0004432579017 2
0 0.575 -0.065 -0.0004013567218 2
0 0.575 -0.055 -0.0003495499041 2
0 0.575 -0.045 -0.0002886330471 2
0 0.575 -0.035 -0.0002213704469 2
0 0.575 -0.025 -0.0001498328969 2
0 0.575 -0.015 -7.601593592e-05 2
0 0.575 -0.005 -1.702913182e-06 2
0 0.575 0.005 7.13861847e-05 2
0 0.575 0.015 0.0001418530003 2
0 0.575 0.025 0.0002062002241 2
0 0.575 0.035 0.0002627427896 2
0 0.575 0.045 0.0003105123718 2
0 0.575 0.055 0.0003493122124 2
0 0.575 0.065 0.0003922981729 2
0 0.575 0.075 0.0004408134724 2
0 0.575 0.085 0.0004829768923 2
0 0.575 0.095 0.0005277652386 2
0 0.575 0.105 0.0005781705219 2
0 0.575 0.115 0.0006213760399 2
0 0.575 0.125 0.0006535481451 2
0 0.575 0.135 0.0006747091195 2
0 0.575 0.145 0.0006943723591 2
0 0.575 0.155 0.0007142404685 2
0 0.575 0.165 0.000727839537 2
0 0.575 0.175 0.0007394745645 2
0 0.575 0.185 0.0007603773665 2
0 0.575 0.195 0.0007843993912 2
0 0.575 0.205 0.0008139140801 2
0 0.575 0.215 0.0008368535851 2
0 0.575 0.225 0.0008498286874 2
0 0.575 0.235 0.0008585944017 2
0 0.575 0.245 0.0008614838401 2
0 0.575 0.255 0.0008509279365 2
0 0.575 0.265 0.0008312940298 2
0 0.575 0.275 0.0008033100836 2
0 0.575 0.285 0.0007688945147 2
0 0.575 0.295 0.0007289794972 2
0 0.575 0.305 0.0006835589712 2
0 0.575 0.315 0.000632575138 2
0 0.575 0.325 0.0005761869399 2
0 0.575 0.335 0.0005148184871 2
0 0.575 0.345 0.0004491054002 2
0 0.575 0.355 0.0003800079463 2
0 0.575 0.365 0.0003081125098 2
0 0.575 0.375 0.0002355456426 2
0 0.575 0.385 0.0001597801294 2
0 0.575 0.395 9.298223797e-05 2
0 0.575 0.405 0 2
0 0.575 0.415 0 2
0 0.575 0.425 0 2
0 0.575 0.435 0 2
0 0.575 0.445 0 2
0 0.575 0.455 0 2
0 0.575 0.465 0 2
0 0.585 -0.455 0 2
0 0.585 -0.445 0 2
0 0.585 -0.435 0 2
0 0.585 -0.425 0 2
0 0.585 -0.415 0 2
0 0.585 -0.405 0 2
0 0.585 -0.395 -8.072234606e-05 2
0 0.585 -0.385 -0.0001437680995 2
0 0.585 -0.375 -0.0002178636692 2
0 0.585 -0.365 -0.0002919728914 2
0 0.585 -0.355 -0.0003673231861 2
0 0.585 -0.345 -0.0004411027994 2
0 0.585 -0.335 -0.0005118238527 2
0 0.585 -0.325 -0.0005774976907 2
0 0.585 -0.315 -0.0006363567381 2
0 0.585 -0.305 -0.0006877740651 2
0 0.585 -0.295 -0.0007296196249 2
0 0.585 -0.285 -0.0007643947472 2
0 0.585 -0.275 -0.0007902806203 2
0 0.585 -0.265 -0.0008104088928 2
0 0.585 -0.255 -0.0008288482703 2
0 0.585 -0.245 -0.0008341756955 2
0 0.585 -0.235 -0.0008295802229 2
0 0.585 -0.225 -0.0008197870639 2
0 0.585 -0.215 -0.0007955383515 2
0 0.585 -0.205 -0.0007638149463 2
0 0.585 -0.195 -0.0007214985332 2
0 0.585 -0.185 -0.0006721433814 2
0 0.585 -0.175 -0.0006236736904 2
0 0.585 -0.165 -0.0005770355471 2
0 0.585 -0.155 -0.000535709923 2
0 0.585 -0.145 -0.0005091513935 2
0 0.585 -0.135 -0.0004915888709 2
0 0.585 -0.125 -0.0004861376196 2
0 0.585 -0.115 -0.0004831442835 2
0 0.585 -0.105 -0.0004673082414 2
0 0.585 -0.095 -0.0004463013856 2
0 0.585 -0.085 -0.000424857396 2
0 0.585 -0.075 -0.0003961533436 2
0 0.585 -0.065 -0.0003581999137 2
0 0.585 -0.055 -0.000312137759 2
0 0.585 -0.045 -0.0002581217076 2
0 0.585 -0.035 -0.0001978302159 2
0 0.585 -0.025 -0.0001326695814 2
0 0.585 -0.015 -6.410329756e-05 2
0 0.585 -0.005 6.609277137e-06 2
0 0.585 0.005 7.8291112e-05 2
0 0.585 0.015 0.0001501553001 2
0 0.585 0.025 0.0002205930403 2
0 0.585 0.035 0.0002882350948 2
0 0.585 0.045 0.00035006892 2
0 0.585 0.055 0.0004023315522 2
0 0.585 0.065 0.0004495950472 2
0 0.585 0.075 0.000493960626 2
0 0.585 0.085 0.0005328377578 2
0 0.585 0.095 0.0005739454023 2
0 0.585 0.105 0.000616322886 2
0 0.585 0.115 0.0006515039114 2
0 0.585 0.125 0.0006859435429 2
0 0.585 0.135 0.0007201349345 2
0 0.585 0.145 0.0007544168777 2
0 0.585 0.155 0.0007874032575 2
0 0.585 0.165 0.0008171686582 2
0 0.585 0.175 0.0008422929966 2
0 0.585 0.185 0.0008630590945 2
0 0.585 0.195 0.0008800017374 2
0 0.585 0.205 0.0008915801618 2
0 0.585 0.215 0.0008958183286 2
0 0.585 0.225 0.0008926446762 2
0 0.585 0.235 0.0008830542928 2
0 0.585 0.245 0.000868494628 2
0 0.585 0.255 0.0008490400388 2
0 0.585 0.265 0.0008236277173 2
0 0.585 0.275 0.0007921916906 2
0 0.585 0.285 0.000755602823 2
0 0.585 0.295 0.0007143410508 2
0 0.585 0.305 0.0006685010973 2
0 0.585 0.315 0.000618021332 2
0 0.585 0.325 0.0005629066574 2
0 0.585 0.335 0.0005033847445 2
0 0.585 0.345 0.0004398495083 2
0 0.585 0.355 0.0003730258504 2
0 0.585 0.365 0.0003033004897 2
0 0.585 0.375 0.0002326159248 2
0 0.585 0.385 0.0001583526935 2
0 0.585 0.395 9.249015447e-05 2
0 0.585 0.405 0 2
0 0.585 0.415 0 2
0 0.585 0.425 0 2
0 0.585 0.435 0 2
0 0.585 0.445 0 2
0 0.585 0.455 0 2
0 0.585 0.465 0 2
0 0.595 -0.455 0 2
0 0.595 -0.445 0 2
0 0.595 -0.435 0 2
0 0.595 -0.425 0 2
0 0.595 -0.415 0 2
0 0.595 -0.405 0 2
0 0.595 -0.395 -8.187821617e-05 2
0 0.595 -0.385 -0.0001443018981 2
0 0.595 -0.375 -0.0002168013149 2
0 0.595 -0.365 -0.0002884398496 2
0 0.595 -0.355 -0.0003607302388 2
0 0.595 -0.345 -0.0004311471568 2
0 0.595 -0.335 -0.0004985037765 2
0 0.595 -0.325 -0.0005613580388 2
0 0.595 -0.315 -0.0006186309934 2
0 0.595 -0.305 -0.0006700727228 2
0 0.595 -0.295 -0.0007152029661 2
0 0.595 -0.285 -0.0007546798193 2
0 0.595 -0.275 -0.0007868839539 2
0 0.595 -0.265 -0.0008123490212 2
0 0.595 -0.255 -0.0008286873514 2
0 0.595 -0.245 -0.0008326188603 2
0 0.595 -0.235 -0.000828667205 2
0 0.595 -0.225 -0.0008190537363 2
0 0.595 -0.215 -0.0008011177883 2
0 0.595 -0.205 -0.0007793773321 2
0 0.595 -0.195 -0.0007467902827 2
0 0.595 -0.185 -0.000711729817 2
0 0.595 -0.175 -0.0006762649048 2
0 0.595 -0.165 -0.0006359097107 2
0 0.595 -0.155 -0.0005954689268 2
0 0.595 -0.145 -0.0005656803714 2
0 0.595 -0.135 -0.0005422487156 2
0 0.595 -0.125 -0.0005275425314 2
0 0.595 -0.115 -0.0005073012659 2
0 0.595 -0.105 -0.0004764723118 2
0 0.595 -0.095 -0.000442828879 2
0 0.595 -0.085 -0.0004094383813 2
0 0.595 -0.075 -0.0003713594236 2
0 0.595 -0.065 -0.0003306995153 2
0 0.595 -0.055 -0.0002849211674 2
0 0.595 -0.045 -0.0002334314957 2
0 0.595 -0.035 -0.00017658218 2
0 0.595 -0.025 -0.0001149425619 2
0 0.595 -0.015 -4.926483646e-05 2
0 0.595 -0.005 1.977086862e-05 2
0 0.595 0.005 9.150598637e-05 2
0 0.595 0.015 0.0001653846648 2
0 0.595 0.025 0.0002406783123 2
0 0.595 0.035 0.0003153954095 2
0 0.595 0.045 0.0003866607257 2
0 0.595 0.055 0.0004516666828 2
0 0.595 0.065 0.0005077844125 2
0 0.595 0.075 0.0005542017292 2
0 0.595 0.085 0.0005928908758 2
0 0.595 0.095 0.0006266852737 2
0 0.595 0.105 0.0006585099094 2
0 0.595 0.115 0.0006900742149 2
0 0.595 0.125 0.0007223736719 2
0 0.595 0.135 0.0007573162915 2
0 0.595 0.145 0.0007959371172 2
0 0.595 0.155 0.0008355733728 2
0 0.595 0.165 0.0008712948705 2
0 0.595 0.175 0.0008992114231 2
0 0.595 0.185 0.0009184239278 2
0 0.595 0.195 0.0009294929464 2
0 0.595 0.205 0.0009324772813 2
0 0.595 0.215 0.0009272289806 2
0 0.595 0.225 0.0009147578282 2
0 0.595 0.235 0.0008967435298 2
0 0.595 0.245 0.000874613559 2
0 0.595 0.255 0.0008486732275 2
0 0.595 0.265 0.0008186129928 2
0 0.595 0.275 0.0007843896684 2
0 0.595 0.285 0.0007462265268 2
0 0.595 0.295 0.0007041946118 2
0 0.595 0.305 0.0006582570982 2
0 0.595 0.315 0.0006082987323 2
0 0.595 0.325 0.0005542496955 2
0 0.595 0.335 0.0004961974633 2
0 0.595 0.345 0.0004343554161 2
0 0.595 0.355 0.0003692590566 2
0 0.595 0.365 0.0003011181243 2
0 0.595 0.375 0.0002317177624 2
0 0.595 0.385 0.0001583166231 2
0 0.595 0.395 9.282865765e-05 2
0 0.595 0.405 0 2
0 0.595 0.415 0 2
0 0.595 0.425 0 2
0 0.595 0.435 0 2
0 0.595 0.445 0 2
0 0.595 0.455 0 2
0 0.595 0.465 0 2
0 0.605 -0.455 0 2
0 0.605 -0.445 0 2
0 0.605 -0.435 0 2
0 0.605 -0.425 0 2
0 0.605 -0.415 0 2
0 0.605 -0.405 0 2
0 0.605 -0.395 -8.412057391e-05 2
0 0.605 -0.385 -0.0001467697194 2
0 0.605 -0.375 -0.000218680412 2
0 0.605 -0.365 -0.0002888105161 2
0 0.605 -0.355 -0.0003589939881 2
0 0.605 -0.345 -0.0004269838686 2
0 0.605 -0.335 -0.0004919442024 2
0 0.605 -0.325 -0.0005528664497 2
0 0.605 -0.315 -0.0006091728719 2
0 0.605 -0.305 -0.0006608234617 2
0 0.605 -0.295 -0.0007080264635 2
0 0.605 -0.285 -0.000750441539 2
0 0.605 -0.275 -0.0007865156237 2
0 0.605 -0.265 -0.0008134970867 2
0 0.605 -0.255 -0.0008292657318 2
0 0.605 -0.245 -0.0008338993105 2
0 0.605 -0.235 -0.0008292034457 2
0 0.605 -0.225 -0.0008185181981 2
0 0.605 -0.215 -0.0008046064262 2
0 0.605 -0.205 -0.0007885382086 2
0 0.605 -0.195 -0.000770597988 2
0 0.605 -0.185 -0.0007500990531 2
0 0.605 -0.175 -0.0007259370543 2
0 0.605 -0.165 -0.0006983701149 2
0 0.605 -0.155 -0.0006683854548 2
0 0.605 -0.145 -0.0006378059208 2
0 0.605 -0.135 -0.0006073977405 2
0 0.605 -0.125 -0.0005748746081 2
0 0.605 -0.115 -0.0005373616364 2
0 0.605 -0.105 -0.000494523065 2
0 0.605 -0.095 -0.0004485057314 2
0 0.605 -0.085 -0.000402662009 2
0 0.605 -0.075 -0.0003581096566 2
0 0.605 -0.065 -0.0003130158156 2
0 0.605 -0.055 -0.0002653416997 2
0 0.605 -0.045 -0.0002140443356 2
0 0.605 -0.035 -0.0001585714663 2
0 0.605 -0.025 -9.879529845e-05 2
0 0.605 -0.015 -3.483363496e-05 2
0 0.605 -0.005 3.311244286e-05 2
0 0.605 0.005 0.0001047517272 2
0 0.605 0.015 0.0001796090152 2
0 0.605 0.025 0.0002567933797 2
0 0.605 0.035 0.0003344029585 2
0 0.605 0.045 0.0004095426288 2
0 0.605 0.055 0.0004788613004 2
0 0.605 0.065 0.00053962981 2
0 0.605 0.075 0.0005905930231 2
0 0.605 0.085 0.0006328659602 2
0 0.605 0.095 0.0006686055008 2
0 0.605 0.105 0.0007001275414 2
0 0.605 0.115 0.0007296059766 2
0 0.605 0.125 0.0007597048942 2
0 0.605 0.135 0.000793326592 2
0 0.605 0.145 0.0008318648519 2
0 0.605 0.155 0.0008725625506 2
0 0.605 0.165 0.0009093358997 2
0 0.605 0.175 0.0009364873031 2
0 0.605 0.185 0.0009519170824 2
0 0.605 0.195 0.0009568312662 2
0 0.605 0.205 0.0009529662214 2
0 0.605 0.215 0.0009414309943 2
0 0.605 0.225 0.0009235404267 2
0 0.605 0.235 0.0009007789136 2
0 0.605 0.245 0.0008743248944 2
0 0.605 0.255 0.000844768251 2
0 0.605 0.265 0.0008122332737 2
0 0.605 0.275 0.0007766569244 2
0 0.605 0.285 0.0007379390378 2
0 0.605 0.295 0.0006959578299 2
0 0.605 0.305 0.0006505448541 2
0 0.605 0.315 0.0006015073911 2
0 0.605 0.325 0.0005486964608 2
0 0.605 0.335 0.0004920893307 2
0 0.605 0.345 0.0004317613864 2
0 0.605 0.355 0.0003680975923 2
0 0.605 0.365 0.0003011560927 2
0 0.605 0.375 0.0002325964776 2
0 0.605 0.385 0.0001595348381 2
0 0.605 0.395 9.393878986e-05 2
0 0.605 0.405 0 2
0 0.605 0.415 0 2
0 0.605 0.425 0 2
0 0.605 0.435 0 2
0 0.605 0.445 0 2
0 0.605 0.455 0 2
0 0.605 0.465 0 2
0 0.615 -0.455 0 2
0 0.615 -0.445 0 2
0 0.615 -0.435 0 2
0 0.615 -0.425 0 2
0 0.615 -0.415 0 2
0 0.615 -0.405 0 2
0 0.615 -0.395 -8.730300076e-05 2
0 0.615 -0.385 -0.0001508644068 2
0 0.615 -0.375 -0.000222985746 2
0 0.615 -0.365 -0.0002923464288 2
0 0.615 -0.355 -0.0003611106054 2
0 0.615 -0.345 -0.0004272525117 2
0 0.615 -0.335 -0.0004902412481 2
0 0.615 -0.325 -0.0005493434434 2
0 0.615 -0.315 -0.0006042254168 2
0 0.615 -0.305 -0.0006547756531 2
0 0.615 -0.295 -0.0007008548946 2
0 0.615 -0.285 -0.0007417920742 2
0 0.615 -0.275 -0.0007760308694 2
0 0.615 -0.265 -0.0008015217603 2
0 0.615 -0.255 -0.0008169064559 2
0 0.615 -0.245 -0.0008224987502 2
0 0.615 -0.235 -0.0008202361137 2
0 0.615 -0.225 -0.0008128163512 2
0 0.615 -0.215 -0.0008023079843 2
0 0.615 -0.205 -0.0007898507939 2
0 0.615 -0.195 -0.0007758868713 2
0 0.615 -0.185 -0.0007599989446 2
0 0.615 -0.175 -0.0007409847069 2
0 0.615 -0.165 -0.0007178770307 2
0 0.615 -0.155 -0.0006905507185 2
0 0.615 -0.145 -0.0006597819166 2
0 0.615 -0.135 -0.0006258495395 2
0 0.615 -0.125 -0.0005877713823 2
0 0.615 -0.115 -0.0005445086406 2
0 0.615 -0.105 -0.0004967274445 2
0 0.615 -0.095 -0.0004467117859 2
0 0.615 -0.085 -0.0003969178892 2
0 0.615 -0.075 -0.0003481979132 2
0 0.615 -0.065 -0.000299749953 2
0 0.615 -0.055 -0.0002502789065 2
0 0.615 -0.045 -0.0001986343845 2
0 0.615 -0.035 -0.0001438958144 2
0 0.615 -0.025 -8.549769634e-05 2
0 0.615 -0.015 -2.311310946e-05 2
0 0.615 -0.005 4.340495691e-05 2
0 0.615 0.005 0.0001140082761 2
0 0.615 0.015 0.0001883153345 2
0 0.615 0.025 0.0002653989655 2
0 0.615 0.035 0.0003435300293 2
0 0.615 0.045 0.0004201571523 2
0 0.615 0.055 0.0004923751182 2
0 0.615 0.065 0.0005577907519 2
0 0.615 0.075 0.0006142869148 2
0 0.615 0.085 0.0006616299866 2
0 0.615 0.095 0.0007017296075 2
0 0.615 0.105 0.0007437840332 2
0 0.615 0.115 0.0007807491546 2
0 0.615 0.125 0.0008111557417 2
0 0.615 0.135 0.0008384075478 2
0 0.615 0.145 0.0008728523069 2
0 0.615 0.155 0.0009091010143 2
0 0.615 0.165 0.000938168275 2
0 0.615 0.175 0.0009545950894 2
0 0.615 0.185 0.0009633466305 2
0 0.615 0.195 0.0009616983199 2
0 0.615 0.205 0.0009524522047 2
0 0.615 0.215 0.0009370878109 2
0 0.615 0.225 0.0009165998512 2
0 0.615 0.235 0.0008921196095 2
0 0.615 0.245 0.0008644979477 2
0 0.615 0.255 0.0008342502412 2
0 0.615 0.265 0.0008015360238 2
0 0.615 0.275 0.0007663013853 2
0 0.615 0.285 0.000728382006 2
0 0.615 0.295 0.0006875494991 2
0 0.615 0.305 0.0006435363248 2
0 0.615 0.315 0.0005960741277 2
0 0.615 0.325 0.0005449377262 2
0 0.615 0.335 0.000490012499 2
0 0.615 0.345 0.0004312621041 2
0 0.615 0.355 0.0003689496537 2
0 0.615 0.365 0.0003030033695 2
0 0.615 0.375 0.0002349878765 2
0 0.615 0.385 0.0001618604639 2
0 0.615 0.395 9.575444782e-05 2
0 0.615 0.405 0 2
0 0.615 0.415 0 2
0 0.615 0.425 0 2
0 0.615 0.435 0 2
0 0.615 0.445 0 2
0 0.615 0.455 0 2
0 0.615 0.465 0 2
0 0.625 -0.455 0 2
0 0.625 -0.445 0 2
0 0.625 -0.435 0 2
0 0.625 -0.425 0 2
0 0.625 -0.415 0 2
0 0.625 -0.405 0 2
0 0.625 -0.395 -9.129902365e-05 2
0 0.625 -0.385 -0.0001563209865 2
0 0.625 -0.375 -0.0002292618808 2
0 0.625 -0.365 -0.0002983690046 2
0 0.625 -0.355 -0.000366128383 2
0 0.625 -0.345 -0.0004306622906 2
0 0.625 -0.335 -0.000491665287 2
0 0.625 -0.325 -0.0005485732452 2
0 0.625 -0.315 -0.0006011541648 2
0 0.625 -0.305 -0.0006492184693 2
0 0.625 -0.295 -0.0006924559181 2
0 0.625 -0.285 -0.0007301491785 2
0 0.625 -0.275 -0.0007611312767 2
0 0.625 -0.265 -0.0007841490878 2
0 0.625 -0.255 -0.0007984927436 2
0 0.625 -0.245 -0.000804530182 2
0 0.625 -0.235 -0.000803735886 2
0 0.625 -0.225 -0.0007981354416 2
0 0.625 -0.215 -0.0007895621824 2
0 0.625 -0.205 -0.0007791414478 2
0 0.625 -0.195 -0.0007671155034 2
0 0.625 -0.185 -0.0007529661406 2
0 0.625 -0.175 -0.0007357113701 2
0 0.625 -0.165 -0.0007143889771 2
0 0.625 -0.155 -0.0006884984603 2
0 0.625 -0.145 -0.0006579379893 2
0 0.625 -0.135 -0.0006226273698 2
0 0.625 -0.125 -0.0005824150596 2
0 0.625 -0.115 -0.0005374500093 2
0 0.625 -0.105 -0.0004887233604 2
0 0.625 -0.095 -0.0004380228132 2
0 0.625 -0.085 -0.0003870966365 2
0 0.625 -0.075 -0.0003368303768 2
0 0.625 -0.065 -0.0002870878187 2
0 0.625 -0.055 -0.0002370645344 2
0 0.625 -0.045 -0.0001857382739 2
0 0.625 -0.035 -0.0001321683439 2
0 0.625 -0.025 -7.559446573e-05 2
0 0.625 -0.015 -1.544128688e-05 2
0 0.625 -0.005 4.866937817e-05 2
0 0.625 0.005 0.0001168739341 2
0 0.625 0.015 0.0001889474218 2
0 0.625 0.025 0.000264164454 2
0 0.625 0.035 0.0003411124371 2
0 0.625 0.045 0.0004177843765 2
0 0.625 0.055 0.0004917809008 2
0 0.625 0.065 0.0005606040235 2
0 0.625 0.075 0.0006214169426 2
0 0.625 0.085 0.0006796634602 2
0 0.625 0.095 0.0007284520131 2
0 0.625 0.105 0.0007738684202 2
0 0.625 0.115 0.0008159010911 2
0 0.625 0.125 0.0008520210275 2
0 0.625 0.135 0.0008804116637 2
0 0.625 0.145 0.0009050046511 2
0 0.625 0.155 0.0009299106984 2
0 0.625 0.165 0.0009489862946 2
0 0.625 0.175 0.0009541620588 2
0 0.625 0.185 0.0009512965986 2
0 0.625 0.195 0.000943934964 2
0 0.625 0.205 0.0009311787263 2
0 0.625 0.215 0.0009144592636 2
0 0.625 0.225 0.0008939571945 2
0 0.625 0.235 0.0008703400802 2
0 0.625 0.245 0.0008440718497 2
0 0.625 0.255 0.000815480983 2
0 0.625 0.265 0.0007846642579 2
0 0.625 0.275 0.0007515398899 2
0 0.625 0.285 0.0007158968605 2
0 0.625 0.295 0.0006774427325 2
0 0.625 0.305 0.0006358435054 2
0 0.625 0.315 0.0005907663949 2
0 0.625 0.325 0.0005419151667 2
0 0.625 0.335 0.0004890924617 2
0 0.625 0.345 0.0004321645669 2
0 0.625 0.355 0.0003712917834 2
0 0.625 0.365 0.0003062876748 2
0 0.625 0.375 0.0002386477728 2
0 0.625 0.385 0.0001651553686 2
0 0.625 0.395 9.821213032e-05 2
0 0.625 0.405 0 2
0 0.625 0.415 0 2
0 0.625 0.425 0 2
0 0.625 0.435 0 2
0 0.625 0.445 0 2
0 0.625 0.455 0 2
0 0.625 0.465 0 2
0 0.635 -0.455 0 2
0 0.635 -0.445 0 2
0 0.635 -0.435 0 2
0 0.635 -0.425 0 2
0 0.635 -0.415 0 2
0 0.635 -0.405 0 2
0 0.635 -0.395 -9.600097916e-05 2
0 0.635 -0.385 -0.0001629148482 2
0 0.635 -0.375 -0.0002371212501 2
0 0.635 -0.365 -0.0003062991341 2
0 0.635 -0.355 -0.0003732440694 2
0 0.635 -0.345 -0.0004361622043 2
0 0.635 -0.335 -0.0004949162828 2
0 0.635 -0.325 -0.0005490579418 2
0 0.635 -0.315 -0.0005984227286 2
0 0.635 -0.305 -0.0006428290041 2
0 0.635 -0.295 -0.0006819950179 2
0 0.635 -0.285 -0.0007153934681 2
0 0.635 -0.275 -0.0007422858178 2
0 0.635 -0.265 -0.0007619738849 2
0 0.635 -0.255 -0.0007741857438 2
0 0.635 -0.245 -0.0007793643089 2
0 0.635 -0.235 -0.0007786501619 2
0 0.635 -0.225 -0.0007735448405 2
0 0.635 -0.215 -0.0007654428487 2
0 0.635 -0.205 -0.0007552606496 2
0 0.635 -0.195 -0.0007432661715 2
0 0.635 -0.185 -0.0007291086758 2
0 0.635 -0.175 -0.0007120222362 2
0 0.635 -0.165 -0.0006911558334 2
0 0.635 -0.155 -0.000665869543 2
0 0.635 -0.145 -0.0006358199858 2
0 0.635 -0.135 -0.0006008866684 2
0 0.635 -0.125 -0.0005611694768 2
0 0.635 -0.115 -0.0005171509209 2
0 0.635 -0.105 -0.0004698546224 2
0 0.635 -0.095 -0.0004207029586 2
0 0.635 -0.085 -0.0003710473324 2
0 0.635 -0.075 -0.0003216992261 2
0 0.635 -0.065 -0.0002727691408 2
0 0.635 -0.055 -0.0002238138933 2
0 0.635 -0.045 -0.0001740921215 2
0 0.635 -0.035 -0.0001227769733 2
0 0.635 -0.025 -6.908368764e-05 2
0 0.635 -0.015 -1.23361652e-05 2
0 0.635 -0.005 4.79852179e-05 2
0 0.635 0.005 0.0001121804517 2
0 0.635 0.015 0.0001802343725 2
0 0.635 0.025 0.0002517150979 2
0 0.635 0.035 0.0003255692094 2
0 0.635 0.045 0.0004004763697 2
0 0.635 0.055 0.0004742921378 2
0 0.635 0.065 0.0005437782041 2
0 0.635 0.075 0.0006111267577 2
0 0.635 0.085 0.0006731691092 2
0 0.635 0.095 0.0007196490732 2
0 0.635 0.105 0.0007573570568 2
0 0.635 0.115 0.0007990943701 2
0 0.635 0.125 0.0008413898543 1
0 0.635 0.135 0.0008685954001 1
0 0.635 0.145 0.0008817086865 1
0 0.635 0.155 0.0008962188861 2
0 0.635 0.165 0.0009149739602 2
0 0.635 0.175 0.0009195046107 2
0 0.635 0.185 0.0009093667472 2
0 0.635 0.195 0.000900714934 2
0 0.635 0.205 0.0008881639902 2
0 0.635 0.215 0.0008732008545 2
0 0.635 0.225 0.0008554102416 2
0 0.635 0.235 0.000835112145 2
0 0.635 0.245 0.0008124771768 2
0 0.635 0.255 0.0007876532525 2
0 0.635 0.265 0.000760641988 2
0 0.635 0.275 0.0007313097007 2
0 0.635 0.285 0.0006994038538 2
0 0.635 0.295 0.0006645875724 2
0 0.635 0.305 0.0006264756576 2
0 0.635 0.315 0.0005846765063 2
0 0.635 0.325 0.0005388254308 2
0 0.635 0.335 0.0004886459497 2
0 0.635 0.345 0.0004339133134 2
0 0.635 0.355 0.0003746953204 2
0 0.635 0.365 0.0003106990276 2
0 0.635 0.375 0.0002433704282 2
0 0.635 0.385 0.0001693023474 2
0 0.635 0.395 0.0001012576524 2
0 0.635 0.405 0 2
0 0.635 0.415 0 2
0 0.635 0.425 0 2
0 0.635 0.435 0 2
0 0.635 0.445 0 2
0 0.635 0.455 0 2
0 0.635 0.465 0 2
0 0.645 -0.455 0 2
0 0.645 -0.445 0 2
0 0.645 -0.435 0 2
0 0.645 -0.425 0 2
0 0.645 -0.415 0 2
0 0.645 -0.405 0 2
0 0.645 -0.395 -0.0001013197346 2
0 0.645 -0.385 -0.000170463823 2
0 0.645 -0.375 -0.0002462533132 2
0 0.645 -0.365 -0.0003156792109 2
0 0.645 -0.355 -0.0003818380018 2
0 0.645 -0.345 -0.0004429732255 2
0 0.645 -0.335 -0.0004990888246 2
0 0.645 -0.325 -0.0005498457641 2
0 0.645 -0.315 -0.0005951860743 2
0 0.645 -0.305 -0.0006350322916 2
0 0.645 -0.295 -0.0006692578659 2
0 0.645 -0.285 -0.000697603024 2
0 0.645 -0.275 -0.0007197201974 2
0 0.645 -0.265 -0.0007353315491 2
0 0.645 -0.255 -0.0007444502605 2
0 0.645 -0.245 -0.0007475373151 2
0 0.645 -0.235 -0.0007454887197 2
0 0.645 -0.225 -0.0007394382841 2
0 0.645 -0.215 -0.0007304632925 2
0 0.645 -0.205 -0.0007193212652 2
0 0.645 -0.195 -0.0007063019706 2
0 0.645 -0.185 -0.0006912194119 2
0 0.645 -0.175 -0.0006735373635 2
0 0.645 -0.165 -0.0006525817072 2
0 0.645 -0.155 -0.0006277511951 2
0 0.645 -0.145 -0.0005986474283 2
0 0.645 -0.135 -0.0005651273943 2
0 0.645 -0.125 -0.0005273477194 2
0 0.645 -0.115 -0.000485829246 2
0 0.645 -0.105 -0.000441466616 2
0 0.645 -0.095 -0.0003953825012 2
0 0.645 -0.085 -0.0003486406935 2
0 0.645 -0.075 -0.0003019631099 2
0 0.645 -0.065 -0.000255595083 2
0 0.645 -0.055 -0.0002093436177 2
0 0.645 -0.045 -0.0001627082129 2
0 0.645 -0.035 -0.0001150244828 2
0 0.645 -0.025 -6.55787142e-05 2
0 0.645 -0.015 -1.368807455e-05 2
0 0.645 -0.005 4.124161288e-05 2
0 0.645 0.005 9.964742223e-05 2
0 0.645 0.015 0.0001617491003 2
0 0.645 0.025 0.0002274293681 2
0 0.645 0.035 0.0002960955855 2
0 0.645 0.045 0.0003669718363 2
0 0.645 0.055 0.0004375319635 2
0 0.645 0.065 0.0005086267431 2
0 0.645 0.075 0.0005736189015 2
0 0.645 0.085 0.0006202311149 2
0 0.645 0.095 0.000652696829 2
0 0.645 0.105 0.0006858288842 1
0 0.645 0.115 0.0007169267186 1
0 0.645 0.125 0.000744204875 1
0 0.645 0.135 0.0007674532371 1
0 0.645 0.145 0.0007781024984 1
0 0.645 0.155 0.0007926387129 1
0 0.645 0.165 0.0008214278046 2
0 0.645 0.175 0.0008376052643 2
0 0.645 0.185 0.0008345392164 2
0 0.645 0.195 0.0008311864167 2
0 0.645 0.205 0.0008237079558 2
0 0.645 0.215 0.0008139671339 2
0 0.645 0.225 0.0008016397014 2
0 0.645 0.235 0.0007869519907 2
0 0.645 0.245 0.0007699678314 2
0 0.645 0.255 0.0007507357025 2
0 0.645 0.265 0.0007291918857 2
0 0.645 0.275 0.0007051576661 2
0 0.645 0.285 0.0006783427537 2
0 0.645 0.295 0.0006483693237 2
0 0.645 0.305 0.0006148030518 2
0 0.645 0.315 0.0005771929111 2
0 0.645 0.325 0.0005351031495 2
0 0.645 0.335 0.0004881756447 2
0 0.645 0.345 0.000436093466 2
0 0.645 0.355 0.0003788340776 2
0 0.645 0.365 0.0003159988837 2
0 0.645 0.375 0.0002489969207 2
0 0.645 0.385 0.0001742112308 2
0 0.645 0.395 0.0001048498019 2
0 0.645 0.405 0 2
0 0.645 0.415 0 2
0 0.645 0.425 0 2
0 0.645 0.435 0 2
0 0.645 0.445 0 2
0 0.645 0.455 0 2
0 0.645 0.465 0 2
0 0.655 -0.455 0 2
0 0.655 -0.445 0 2
0 0.655 -0.435 0 2
0 0.655 -0.425 0 2
0 0.655 -0.415 0 2
0 0.655 -0.405 0 2
0 0.655 -0.395 -0.0001071840253 2
0 0.655 -0.385 -0.0001788270388 2
0 0.655 -0.375 -0.0002564231624 2
0 0.655 -0.365 -0.0003261709099 2
0 0.655 -0.355 -0.0003914652079 2
0 0.655 -0.345 -0.0004505572336 2
0 0.655 -0.335 -0.000503587767 2
0 0.655 -0.325 -0.0005503457898 2
0 0.655 -0.315 -0.0005909337955 2
0 0.655 -0.305 -0.0006254624664 2
0 0.655 -0.295 -0.0006540429776 2
0 0.655 -0.285 -0.0006767124931 2
0 0.655 -0.275 -0.0006934588021 2
0 0.655 -0.265 -0.0007043095258 2
0 0.655 -0.255 -0.0007094614254 2
0 0.655 -0.245 -0.0007093758639 2
0 0.655 -0.235 -0.0007047809661 2
0 0.655 -0.225 -0.0006965652105 2
0 0.655 -0.215 -0.0006856010971 2
0 0.655 -0.205 -0.0006725645127 2
0 0.655 -0.195 -0.0006578067616 2
0 0.655 -0.185 -0.0006413128325 2
0 0.655 -0.175 -0.0006227559055 2
0 0.655 -0.165 -0.000601629059 2
0 0.655 -0.155 -0.0005774073838 2
0 0.655 -0.145 -0.0005496895394 2
0 0.655 -0.135 -0.0005182981041 2
0 0.655 -0.125 -0.0004833456569 2
0 0.655 -0.115 -0.0004452658235 2
0 0.655 -0.105 -0.0004047810345 2
0 0.655 -0.095 -0.0003627789312 2
0 0.655 -0.085 -0.0003201186128 2
0 0.655 -0.075 -0.0002774418994 2
0 0.655 -0.065 -0.0002350631887 2
0 0.655 -0.055 -0.0001929590832 2
0 0.655 -0.045 -0.000150827945 2
0 0.655 -0.035 -0.0001081775455 2
0 0.655 -0.025 -6.440952067e-05 2
0 0.655 -0.015 -1.889096003e-05 2
0 0.655 -0.005 2.899278934e-05 2
0 0.655 0.005 7.977238328e-05 2
0 0.655 0.015 0.0001338768928 2
0 0.655 0.025 0.0001914444846 2
0 0.655 0.035 0.0002524195174 2
0 0.655 0.045 0.0003158843771 2
0 0.655 0.055 0.0003781362539 2
0 0.655 0.065 0.0004440698986 2
0 0.655 0.075 0.000495517247 2
0 0.655 0.085 0.0005211711169 2
0 0.655 0.095 0.0005450763139 1
0 0.655 0.105 0.0005705439375 1
0 0.655 0.115 0.0005903098383 1
0 0.655 0.125 0.0006077012336 1
0 0.655 0.135 0.0006271370372 1
0 0.655 0.145 0.0006403092958 1
0 0.655 0.155 0.0006598670773 1
0 0.655 0.165 0.0006933950995 2
0 0.655 0.175 0.0007198083675 2
0 0.655 0.185 0.0007326494399 2
0 0.655 0.195 0.0007390291602 2
0 0.655 0.205 0.0007405264031 2
0 0.655 0.215 0.0007388580092 2
0 0.655 0.225 0.0007342838185 2
0 0.655 0.235 0.0007270966133 2
0 0.655 0.245 0.0007174138563 2
0 0.655 0.255 0.0007052672106 2
0 0.655 0.265 0.000690569922 2
0 0.655 0.275 0.0006731137635 2
0 0.655 0.285 0.0006525745369 2
0 0.655 0.295 0.0006285320008 2
0 0.655 0.305 0.000600498161 2
0 0.655 0.315 0.0005679554818 2
0 0.655 0.325 0.0005303884081 2
0 0.655 0.335 0.000487348222 2
0 0.655 0.345 0.0004384174374 2
0 0.655 0.355 0.0003834775023 2
0 0.655 0.365 0.0003220175421 2
0 0.655 0.375 0.0002554149334 2
0 0.655 0.385 0.0001798196113 2
0 0.655 0.395 0.0001089611668 2
0 0.655 0.405 0 2
0 0.655 0.415 0 2
0 0.655 0.425 0 2
0 0.655 0.435 0 2
0 0.655 0.445 0 2
0 0.655 0.455 0 2
0 0.655 0.465 0 2
0 0.665 -0.455 0 2
0 0.665 -0.445 0 2
0 0.665 -0.435 0 2
0 0.665 -0.425 0 2
0 0.665 -0.415 0 2
0 0.665 -0.405 0 2
0 0.665 -0.395 -0.0001135358575 2
0 0.665 -0.385 -0.0001878960592 2
0 0.665 -0.375 -0.0002674564548 2
0 0.665 -0.365 -0.0003375311895 2
0 0.665 -0.355 -0.0004018156208 2
0 0.665 -0.345 -0.0004585501548 2
0 0.665 -0.335 -0.0005080205281 2
0 0.665 -0.325 -0.0005501737949 2
0 0.665 -0.315 -0.0005853295613 2
0 0.665 -0.305 -0.0006138570707 2
0 0.665 -0.295 -0.0006361638758 2
0 0.665 -0.285 -0.0006526012021 2
0 0.665 -0.275 -0.0006634537902 2
0 0.665 -0.265 -0.0006689783513 2
0 0.665 -0.255 -0.0006694843322 2
0 0.665 -0.245 -0.0006654103375 2
0 0.665 -0.235 -0.0006573562208 2
0 0.665 -0.225 -0.0006460495399 2
0 0.665 -0.215 -0.0006322530054 2
0 0.665 -0.205 -0.0006166396527 2
0 0.665 -0.195 -0.0005996706953 2
0 0.665 -0.185 -0.0005815134568 2
0 0.665 -0.175 -0.0005620309489 2
0 0.665 -0.165 -0.0005408534059 2
0 0.665 -0.155 -0.0005175108519 2
0 0.665 -0.145 -0.0004915834019 2
0 0.665 -0.135 -0.0004628292798 2
0 0.665 -0.125 -0.0004312671172 2
0 0.665 -0.115 -0.0003972021058 2
0 0.665 -0.105 -0.000361188708 2
0 0.665 -0.095 -0.0003239307174 2
0 0.665 -0.085 -0.0002861409079 2
0 0.665 -0.075 -0.0002484033936 2
0 0.665 -0.065 -0.0002110794547 2
0 0.665 -0.055 -0.0001742734546 2
0 0.665 -0.045 -0.0001378493347 2
0 0.665 -0.035 -0.0001014771345 2
0 0.665 -0.025 -6.468901797e-05 2
0 0.665 -0.015 -2.693562677e-05 2
0 0.665 -0.005 1.237297504e-05 2
0 0.665 0.005 5.380890558e-05 2
0 0.665 0.015 9.795680387e-05 2
0 0.665 0.025 0.0001451635061 2
0 0.665 0.035 0.0001960674772 2
0 0.665 0.045 0.0002494285956 2
0 0.665 0.055 0.0003057055774 2
0 0.665 0.065 0.0003566678103 2
0 0.665 0.075 0.0003856826225 2
0 0.665 0.085 0.0004022123544 1
0 0.665 0.095 0.0004221806338 1
0 0.665 0.105 0.0004401046135 1
0 0.665 0.115 0.0004520229087 1
0 0.665 0.125 0.0004666604567 1
0 0.665 0.135 0.0004862802007 1
0 0.665 0.145 0.0005058903806 1
0 0.665 0.155 0.0005279935137 1
0 0.665 0.165 0.0005605267527 2
0 0.665 0.175 0.0005890546796 2
0 0.665 0.185 0.0006144386204 2
0 0.665 0.195 0.0006312004692 2
0 0.665 0.205 0.0006433447361 2
0 0.665 0.215 0.0006513015084 2
0 0.665 0.225 0.0006559002074 2
0 0.665 0.235 0.0006574723871 2
0 0.665 0.245 0.0006562433127 2
0 0.665 0.255 0.0006522665123 2
0 0.665 0.265 0.000645456059 2
0 0.665 0.275 0.0006355827733 2
0 0.665 0.285 0.0006222875981 2
0 0.665 0.295 0.0006051012051 2
0 0.665 0.305 0.0005834717135 2
0 0.665 0.315 0.0005568023804 2
0 0.665 0.325 0.0005244834139 2
0 0.665 0.335 0.0004859602568 2
0 0.665 0.345 0.0004406993307 2
0 0.665 0.355 0.0003884724686 2
0 0.665 0.365 0.0003286420236 2
0 0.665 0.375 0.0002625513464 2
0 0.665 0.385 0.0001860889311 2
0 0.665 0.395 0.0001135764484 2
0 0.665 0.405 0 2
0 0.665 0.415 0 2
0 0.665 0.425 0 2
0 0.665 0.435 0 2
0 0.665 0.445 0 2
0 0.665 0.455 0 2
0 0.665 0.465 0 2
0 0.675 -0.455 0 2
0 0.675 -0.445 0 2
0 0.675 -0.435 0 2
0 0.675 -0.425 0 2
0 0.675 -0.415 0 2
0 0.675 -0.405 0 2
0 0.675 -0.395 -0.0001203215902 2
0 0.675 -0.385 -0.0001975779857 2
0 0.675 -0.375 -0.0002792122054 2
0 0.675 -0.365 -0.0003495735302 2
0 0.675 -0.355 -0.000412660952 2
0 0.675 -0.345 -0.0004666904724 2
0 0.675 -0.335 -0.000512103864 2
0 0.675 -0.325 -0.0005490393848 2
0 0.675 -0.315 -0.0005780922617 2
0 0.675 -0.305 -0.0005999609095 2
0 0.675 -0.295 -0.0006154087024 2
0 0.675 -0.285 -0.0006251250671 2
0 0.675 -0.275 -0.0006296703298 2
0 0.675 -0.265 -0.000629475006 2
0 0.675 -0.255 -0.0006249000376 2
0 0.675 -0.245 -0.0006163234085 2
0 0.675 -0.235 -0.0006042185536 2
0 0.675 -0.225 -0.0005891931087 2
0 0.675 -0.215 -0.0005719676812 2
0 0.675 -0.205 -0.0005532894323 2
0 0.675 -0.195 -0.0005337946926 2
0 0.675 -0.185 -0.0005138654157 2
0 0.675 -0.175 -0.0004935434958 2
0 0.675 -0.165 -0.00047255093 2
0 0.675 -0.155 -0.0004504149153 2
0 0.675 -0.145 -0.0004266452569 2
0 0.675 -0.135 -0.0004008969562 2
0 0.675 -0.125 -0.0003730707301 2
0 0.675 -0.115 -0.0003433409814 2
0 0.675 -0.105 -0.0003121204608 2
0 0.675 -0.095 -0.0002799777924 2
0 0.675 -0.085 -0.0002475284707 2
0 0.675 -0.075 -0.0002153258338 2
0 0.675 -0.065 -0.0001837761262 2
0 0.675 -0.055 -0.000153090838 2
0 0.675 -0.045 -0.000123275886 2
0 0.675 -0.035 -9.4148998e-05 2
0 0.675 -0.025 -6.537292302e-05 2
0 0.675 -0.015 -3.649786134e-05 2
0 0.675 -0.005 -6.993386273e-06 2
0 0.675 0.005 2.369862863e-05 2
0 0.675 0.015 5.622709207e-05 2
0 0.675 0.025 9.105970694e-05 2
0 0.675 0.035 0.0001293474197 2
0 0.675 0.045 0.0001697810842 2
0 0.675 0.055 0.0002178722663 2
0 0.675 0.065 0.0002535060168 2
0 0.675 0.075 0.0002691096469 2
0 0.675 0.085 0.00028422316 1
0 0.675 0.095 0.0002972173877 1
0 0.675 0.105 0.0003055418017 1
0 0.675 0.115 0.0003165261447 1
0 0.675 0.125 0.0003325379752 1
0 0.675 0.135 0.00034828812 1
0 0.675 0.145 0.0003690394873 1
0 0.675 0.155 0.0003935227118 1
0 0.675 0.165 0.0004249982719 2
0 0.675 0.175 0.0004541386073 2
0 0.675 0.185 0.000488735497 2
0 0.675 0.195 0.0005149558904 2
0 0.675 0.205 0.0005375573304 2
0 0.675 0.215 0.0005553970016 2
0 0.675 0.225 0.0005696028057 2
0 0.675 0.235 0.0005804605577 2
0 0.675 0.245 0.0005882666101 2
0 0.675 0.255 0.000593085971 2
0 0.675 0.265 0.0005948276658 2
0 0.675 0.275 0.0005932346124 2
0 0.675 0.285 0.0005879031236 2
0 0.675 0.295 0.000578302403 2
0 0.675 0.305 0.0005638019587 2
0 0.675 0.315 0.0005437088968 2
0 0.675 0.325 0.0005173000681 2
0 0.675 0.335 0.0004838941627 2
0 0.675 0.345 0.000442819076 2
0 0.675 0.355 0.0003937153529 2
0 0.675 0.365 0.0003357955981 2
0 0.675 0.375 0.0002703583653 2
0 0.675 0.385 0.0001929962966 2
0 0.675 0.395 0.0001186883734 2
0 0.675 0.405 0 2
0 0.675 0.415 0 2
0 0.675 0.425 0 2
0 0.675 0.435 0 2
0 0.675 0.445 0 2
0 0.675 0.455 0 2
0 0.675 0.465 0 2
0 0.685 -0.455 0 2
0 0.685 -0.445 0 2
0 0.685 -0.435 0 2
0 0.685 -0.425 0 2
0 0.685 -0.415 0 2
0 0.685 -0.405 0 2
0 0.685 -0.395 -0.0001274780233 2
0 0.685 -0.385 -0.0002077692761 2
0 0.685 -0.375 -0.0002915421959 2
0 0.685 -0.365 -0.0003621144475 2
0 0.685 -0.355 -0.0004237900146 2
0 0.685 -0.345 -0.0004747454862 2
0 0.685 -0.335 -0.0005155842457 2
0 0.685 -0.325 -0.0005466666938 2
0 0.685 -0.315 -0.0005689268266 2
0 0.685 -0.305 -0.0005834753735 2
0 0.685 -0.295 -0.0005915083658 2
0 0.685 -0.285 -0.0005940964401 2
0 0.685 -0.275 -0.0005920710973 2
0 0.685 -0.265 -0.0005859907131 2
0 0.685 -0.255 -0.0005762008169 2
0 0.685 -0.245 -0.0005629551351 2
0 0.685 -0.235 -0.0005465598038 2
0 0.685 -0.225 -0.0005274976546 2
0 0.685 -0.215 -0.0005064846369 2
0 0.685 -0.205 -0.0004844172141 2
0 0.685 -0.195 -0.0004621951789 2
0 0.685 -0.185 -0.0004404767312 2
0 0.685 -0.175 -0.00041948497 2
0 0.685 -0.165 -0.0003989761306 2
0 0.685 -0.155 -0.0003783898376 2
0 0.685 -0.145 -0.0003570924654 2
0 0.685 -0.135 -0.0003345965926 2
0 0.685 -0.125 -0.0003106790722 2
0 0.685 -0.115 -0.0002854014238 2
0 0.685 -0.105 -0.000259069188 2
0 0.685 -0.095 -0.0002321599841 2
0 0.685 -0.085 -0.0002052341865 2
0 0.685 -0.075 -0.0001788426756 2
0 0.685 -0.065 -0.000153445928 2
0 0.685 -0.055 -0.0001293555528 2
0 0.685 -0.045 -0.0001067034816 2
0 0.685 -0.035 -8.543774561e-05 2
0 0.685 -0.025 -6.533865073e-05 2
0 0.685 -0.015 -4.605184023e-05 2
0 0.685 -0.005 -2.71188336e-05 2
0 0.685 0.005 -8.030610922e-06 2
0 0.685 0.015 1.183825685e-05 2
0 0.685 0.025 3.299021096e-05 2
0 0.685 0.035 5.676220808e-05 2
0 0.685 0.045 8.227085872e-05 2
0 0.685 0.055 0.0001164798662 2
0 0.685 0.065 0.000142342491 2
0 0.685 0.075 0.0001584251023 1
0 0.685 0.085 0.000168766574 1
0 0.685 0.095 0.0001739381864 1
0 0.685 0.105 0.0001772446414 1
0 0.685 0.115 0.0001882138246 1
0 0.685 0.125 0.000202122384 1
0 0.685 0.135 0.0002133676507 1
0 0.685 0.145 0.0002339310594 1
0 0.685 0.155 0.0002605580998 1
0 0.685 0.165 0.0002887431048 2
0 0.685 0.175 0.0003185883367 2
0 0.685 0.185 0.0003623994167 2
0 0.685 0.195 0.0003967378138 2
0 0.685 0.205 0.0004283638138 2
0 0.685 0.215 0.0004553014577 2
0 0.685 0.225 0.0004786644844 2
0 0.685 0.235 0.000498634473 2
0 0.685 0.245 0.000515492276 2
0 0.685 0.255 0.0005292706459 2
0 0.685 0.265 0.0005398430831 2
0 0.685 0.275 0.0005469034422 2
0 0.685 0.285 0.0005499856507 2
0 0.685 0.295 0.0005484807139 2
0 0.685 0.305 0.0005416621196 2
0 0.685 0.315 0.0005287215555 2
0 0.685 0.325 0.0005088004351 2
0 0.685 0.335 0.0004810653941 2
0 0.685 0.345 0.0004446771034 2
0 0.685 0.355 0.0003991149062 2
0 0.685 0.365 0.0003434092946 2
0 0.685 0.375 0.0002787934323 2
0 0.685 0.385 0.0002005222444 2
0 0.685 0.395 0.0001242913911 2
0 0.685 0.405 0 2
0 0.685 0.415 0 2
0 0.685 0.425 0 2
0 0.685 0.435 0 2
0 0.685 0.445 0 2
0 0.685 0.455 0 2
0 0.685 0.465 0 2
0 0.695 -0.455 0 2
0 0.695 -0.445 0 2
0 0.695 -0.435 0 2
0 0.695 -0.425 0 2
0 0.695 -0.415 0 2
0 0.695 -0.405 0 2
0 0.695 -0.395 -0.0001349126557 2
0 0.695 -0.385 -0.0002183192448 2
0 0.695 -0.375 -0.0003042367443 2
0 0.695 -0.365 -0.0003749071556 2
0 0.695 -0.355 -0.0004349368932 2
0 0.695 -0.345 -0.0004824400079 2
0 0.695 -0.335 -0.0005181697586 2
0 0.695 -0.325 -0.0005427297986 2
0 0.695 -0.315 -0.0005574639047 2
0 0.695 -0.305 -0.0005640053784 2
0 0.695 -0.295 -0.0005640939126 2
0 0.695 -0.285 -0.0005592516045 2
0 0.695 -0.275 -0.0005505897328 2
0 0.695 -0.265 -0.0005387478545 2
0 0.695 -0.255 -0.0005239745946 2
0 0.695 -0.245 -0.0005063030202 2
0 0.695 -0.235 -0.0004857799919 2
0 0.695 -0.225 -0.000462701219 2
0 0.695 -0.215 -0.000437774365 2
0 0.695 -0.205 -0.0004121235042 2
0 0.695 -0.195 -0.0003870458978 2
0 0.695 -0.185 -0.0003635886155 2
0 0.695 -0.175 -0.0003421756013 2
0 0.695 -0.165 -0.0003225125159 2
0 0.695 -0.155 -0.0003038219899 2
0 0.695 -0.145 -0.0002852313714 2
0 0.695 -0.135 -0.0002660869258 2
0 0.695 -0.125 -0.0002460669383 2
0 0.695 -0.115 -0.0002251597271 2
0 0.695 -0.105 -0.0002035997414 2
0 0.695 -0.095 -0.0001818067799 2
0 0.695 -0.085 -0.00016031885 2
0 0.695 -0.075 -0.0001397121769 2
0 0.695 -0.065 -0.0001205168559 2
0 0.695 -0.055 -0.000103145536 2
0 0.695 -0.045 -8.784452546e-05 2
0 0.695 -0.035 -7.46712978e-05 2
0 0.695 -0.025 -6.34970799e-05 2
0 0.695 -0.015 -5.403415171e-05 2
0 0.695 -0.005 -4.587260289e-05 2
0 0.695 0.005 -3.854228234e-05 2
0 0.695 0.015 -3.147456891e-05 2
0 0.695 0.025 -2.415820539e-05 2
0 0.695 0.035 -1.529862534e-05 2
0 0.695 0.045 -4.763880496e-06 2
0 0.695 0.055 1.417108311e-05 2
0 0.695 0.065 3.345332844e-05 2
0 0.695 0.075 4.792195766e-05 1
0 0.695 0.085 5.224841862e-05 1
0 0.695 0.095 5.38091017e-05 1
0 0.695 0.105 5.677582774e-05 1
0 0.695 0.115 6.534030019e-05 1
0 0.695 0.125 7.521229367e-05 1
0 0.695 0.135 8.685225353e-05 1
0 0.695 0.145 0.0001095765056 1
0 0.695 0.155 0.0001422279021 2
0 0.695 0.165 0.0001620604338 2
0 0.695 0.175 0.0001955018098 2
0 0.695 0.185 0.0002420743052 2
0 0.695 0.195 0.0002820817536 2
0 0.695 0.205 0.0003203335991 2
0 0.695 0.215 0.000354796772 2
0 0.695 0.225 0.0003861904465 2
0 0.695 0.235 0.0004145245527 2
0 0.695 0.245 0.0004399562655 2
0 0.695 0.255 0.0004624281287 2
0 0.695 0.265 0.0004817360564 2
0 0.695 0.275 0.0004974969326 2
0 0.695 0.285 0.0005091613884 2
0 0.695 0.295 0.000516024851 2
0 0.695 0.305 0.0005172479959 2
0 0.695 0.315 0.0005118885824 2
0 0.695 0.325 0.0004989303113 2
0 0.695 0.335 0.0004773602565 2
0 0.695 0.345 0.0004461381802 2
0 0.695 0.355 0.0004045440893 2
0 0.695 0.365 0.0003513834095 2
0 0.695 0.375 0.0002877910728 2
0 0.695 0.385 0.0002086329476 2
0 0.695 0.395 0.0001303720668 2
0 0.695 0.405 0 2
0 0.695 0.415 0 2
0 0.695 0.425 0 2
0 0.695 0.435 0 2
0 0.695 0.445 0 2
0 0.695 0.455 0 2
0 0.695 0.465 0 2
0 0.705 -0.455 0 2
0 0.705 -0.445 0 2
0 0.705 -0.435 0 2
0 0.705 -0.425 0 2
0 0.705 -0.415 0 2
0 0.705 -0.405 0 2
0 0.705 -0.395 -0.000142478723 2
0 0.705 -0.385 -0.0002289796245 2
0 0.705 -0.375 -0.0003169446222 2
0 0.705 -0.365 -0.0003875385734 2
0 0.705 -0.355 -0.0004456675117 2
0 0.705 -0.345 -0.000489348164 2
0 0.705 -0.335 -0.0005194379753 2
0 0.705 -0.325 -0.0005367798323 2
0 0.705 -0.315 -0.0005432045806 2
0 0.705 -0.305 -0.0005410205275 2
0 0.705 -0.295 -0.000532672726 2
0 0.705 -0.285 -0.000520235942 2
0 0.705 -0.275 -0.0005051154406 2
0 0.705 -0.265 -0.0004879735369 2
0 0.705 -0.255 -0.0004688577064 2
0 0.705 -0.245 -0.0004474482983 2
0 0.705 -0.235 -0.0004234001636 2
0 0.705 -0.225 -0.000396714408 2
0 0.705 -0.215 -0.0003680410348 2
0 0.705 -0.205 -0.0003388019185 2
0 0.705 -0.195 -0.0003108604609 2
0 0.705 -0.185 -0.0002858000425 2
0 0.705 -0.175 -0.0002642723649 2
0 0.705 -0.165 -0.0002458233609 2
0 0.705 -0.155 -0.0002292977843 2
0 0.705 -0.145 -0.0002134923552 2
0 0.705 -0.135 -0.0001976065248 2
0 0.705 -0.125 -0.0001812787311 2
0 0.705 -0.115 -0.0001644703349 2
0 0.705 -0.105 -0.0001473705344 2
0 0.705 -0.095 -0.0001303570883 2
0 0.705 -0.085 -0.0001139671643 2
0 0.705 -0.075 -9.882996583e-05 2
0 0.705 -0.065 -8.556704053e-05 2
0 0.705 -0.055 -7.469904325e-05 2
0 0.705 -0.045 -6.657792923e-05 2
0 0.705 -0.035 -6.134664513e-05 2
0 0.705 -0.025 -5.892817058e-05 2
0 0.705 -0.015 -5.904675299e-05 2
0 0.705 -0.005 -6.127496534e-05 2
0 0.705 0.005 -6.511271105e-05 2
0 0.705 0.015 -7.000053842e-05 2
0 0.705 0.025 -7.538830989e-05 2
0 0.705 0.035 -8.013990339e-05 2
0 0.705 0.045 -8.298511118e-05 2
0 0.705 0.055 -7.600460089e-05 2
0 0.705 0.065 -6.371498152e-05 2
0 0.705 0.075 -5.545033466e-05 1
0 0.705 0.085 -5.866971919e-05 1
0 0.705 0.095 -6.066685728e-05 1
0 0.705 0.105 -5.68333667e-05 1
0 0.705 0.115 -5.277380279e-05 1
0 0.705 0.125 -4.603516679e-05 1
0 0.705 0.135 -2.908884632e-05 1
0 0.705 0.145 -5.506069175e-06 1
0 0.705 0.155 2.069488202e-05 2
0 0.705 0.165 4.646942126e-05 2
0 0.705 0.175 8.713677656e-05 2
0 0.705 0.185 0.0001311578993 2
0 0.705 0.195 0.0001743869414 2
0 0.705 0.205 0.0002168373057 2
0 0.705 0.215 0.0002569604821 2
0 0.705 0.225 0.0002948982348 2
0 0.705 0.235 0.000330459822 2
0 0.705 0.245 0.0003636029549 2
0 0.705 0.255 0.0003941342327 2
0 0.705 0.265 0.000421736006 2
0 0.705 0.275 0.0004459242459 2
0 0.705 0.285 0.0004660493897 2
0 0.705 0.295 0.0004812985787 2
0 0.705 0.305 0.0004907080414 2
0 0.705 0.315 0.0004931880852 2
0 0.705 0.325 0.0004875462244 2
0 0.705 0.335 0.0004725637164 2
0 0.705 0.345 0.0004469631461 2
0 0.705 0.355 0.0004097793971 2
0 0.705 0.365 0.0003595378957 2
0 0.705 0.375 0.0002972263577 2
0 0.705 0.385 0.0002172575627 2
0 0.705 0.395 0.0001368974015 2
0 0.705 0.405 0 2
0 0.705 0.415 0 2
0 0.705 0.425 0 2
0 0.705 0.435 0 2
0 0.705 0.445 0 2
0 0.705 0.455 0 2
0 0.705 0.465 0 2
0 0.715 -0.455 0 2
0 0.715 -0.445 0 2
0 0.715 -0.435 0 2
0 0.715 -0.425 0 2
0 0.715 -0.415 0 2
0 0.715 -0.405 0 2
0 0.715 -0.395 -0.000149940091 2
0 0.715 -0.385 -0.000239335955 2
0 0.715 -0.375 -0.000329071086 2
0 0.715 -0.365 -0.0003993139998 2
0 0.715 -0.355 -0.0004552784174 2
0 0.715 -0.345 -0.0004948271373 2
0 0.715 -0.335 -0.0005187991951 2
0 0.715 -0.325 -0.0005282098374 2
0 0.715 -0.315 -0.0005254586462 2
0 0.715 -0.305 -0.0005137649691 2
0 0.715 -0.295 -0.0004965333252 2
0 0.715 -0.285 -0.000476530262 2
0 0.715 -0.275 -0.0004554496852 2
0 0.715 -0.265 -0.0004338677507 2
0 0.715 -0.255 -0.0004114888314 2
0 0.715 -0.245 -0.0003875651948 2
0 0.715 -0.235 -0.0003612344637 2
0 0.715 -0.225 -0.000331964581 2
0 0.715 -0.215 -0.000300133634 2
0 0.715 -0.205 -0.0002674622554 2
0 0.715 -0.195 -0.0002366439974 2
0 0.715 -0.185 -0.0002101888907 2
0 0.715 -0.175 -0.0001890404216 2
0 0.715 -0.165 -0.0001722501627 2
0 0.715 -0.155 -0.000157998242 2
0 0.715 -0.145 -0.0001446752014 2
0 0.715 -0.135 -0.0001315217338 2
0 0.715 -0.125 -0.000118387763 2
0 0.715 -0.115 -0.0001052458402 2
0 0.715 -0.105 -9.213355425e-05 2
0 0.715 -0.095 -7.936775289e-05 2
0 0.715 -0.085 -6.750134208e-05 2
0 0.715 -0.075 -5.725003359e-05 2
0 0.715 -0.065 -4.93574034e-05 2
0 0.715 -0.055 -4.446317856e-05 2
0 0.715 -0.045 -4.301877889e-05 2
0 0.715 -0.035 -4.52293747e-05 2
0 0.715 -0.025 -5.102490255e-05 2
0 0.715 -0.015 -6.00681182e-05 2
0 0.715 -0.005 -7.181063856e-05 2
0 0.715 0.005 -8.560044468e-05 2
0 0.715 0.015 -0.0001007707442 2
0 0.715 0.025 -0.000116701015 2
0 0.715 0.035 -0.0001325994094 2
0 0.715 0.045 -0.0001469836097 2
0 0.715 0.055 -0.0001550730746 2
0 0.715 0.065 -0.0001514981404 2
0 0.715 0.075 -0.0001461217676 1
0 0.715 0.085 -0.0001523178179 1
0 0.715 0.095 -0.000163074942 1
0 0.715 0.105 -0.0001656234428 1
0 0.715 0.115 -0.0001623237635 1
0 0.715 0.125 -0.0001520976594 1
0 0.715 0.135 -0.0001323658443 1
0 0.715 0.145 -0.0001052057547 2
0 0.715 0.155 -8.719907657e-05 2
0 0.715 0.165 -5.373256875e-05 2
0 0.715 0.175 -9.969696002e-06 2
0 0.715 0.185 3.125607373e-05 2
0 0.715 0.195 7.563752671e-05 2
0 0.715 0.205 0.0001202724864 2
0 0.715 0.215 0.0001642315295 2
0 0.715 0.225 0.0002071110448 2
0 0.715 0.235 0.0002485368004 2
0 0.715 0.245 0.0002882467784 2
0 0.715 0.255 0.0003258928941 2
0 0.715 0.265 0.0003610265 2
0 0.715 0.275 0.0003930515155 2
0 0.715 0.285 0.0004212119856 2
0 0.715 0.295 0.0004445841682 2
0 0.715 0.305 0.0004620783864 2
0 0.715 0.315 0.0004724540625 2
0 0.715 0.325 0.0004743331959 2
0 0.715 0.335 0.0004662714595 2
0 0.715 0.345 0.0004467197672 2
0 0.715 0.355 0.0004144164712 2
0 0.715 0.365 0.0003675391451 2
0 0.715 0.375 0.0003068575609 2
0 0.715 0.385 0.0002262496363 2
0 0.715 0.395 0.0001437925303 2
0 0.715 0.405 0 2
0 0.715 0.415 0 2
0 0.715 0.425 0 2
0 0.715 0.435 0 2
0 0.715 0.445 0 2
0 0.715 0.455 0 2
0 0.715 0.465 0 2
0 0.725 -0.455 0 2
0 0.725 -0.445 0 2
0 0.725 -0.435 0 2
0 0.725 -0.425 0 2
0 0.725 -0.415 0 2
0 0.725 -0.405 0 2
0 0.725 -0.395 -0.000156949567 2
0 0.725 -0.385 -0.0002487412567 2
0 0.725 -0.375 -0.0003396389007 2
0 0.725 -0.365 -0.0004090211009 2
0 0.725 -0.355 -0.0004624596912 2
0 0.725 -0.345 -0.0004976232821 2
0 0.725 -0.335 -0.0005151316172 2
0 0.725 -0.325 -0.0005160120092 2
0 0.725 -0.315 -0.0005032845498 2
0 0.725 -0.305 -0.0004813895012 2
0 0.725 -0.295 -0.0004550135493 2
0 0.725 -0.285 -0.0004277479848 2
0 0.725 -0.275 -0.0004015219186 2
0 0.725 -0.265 -0.0003766722831 2
0 0.725 -0.255 -0.0003524743188 2
0 0.725 -0.245 -0.0003276227935 2
0 0.725 -0.235 -0.0003005321245 2
0 0.725 -0.225 -0.0002699427702 2
0 0.725 -0.215 -0.0002360619734 2
0 0.725 -0.205 -0.0002010006251 2
0 0.725 -0.195 -0.0001681629917 2
0 0.725 -0.185 -0.0001409315873 2
0 0.725 -0.175 -0.0001204179168 2
0 0.725 -0.165 -0.0001050836056 2
0 0.725 -0.155 -9.265064665e-05 2
0 0.725 -0.145 -8.120404311e-05 2
0 0.725 -0.135 -7.005738878e-05 2
0 0.725 -0.125 -5.948114691e-05 2
0 0.725 -0.115 -4.949287204e-05 2
0 0.725 -0.105 -3.98168214e-05 2
0 0.725 -0.095 -3.059041755e-05 2
0 0.725 -0.085 -2.243625798e-05 2
0 0.725 -0.075 -1.622561412e-05 2
0 0.725 -0.065 -1.287121054e-05 2
0 0.725 -0.055 -1.313990411e-05 2
0 0.725 -0.045 -1.757379343e-05 2
0 0.725 -0.035 -2.64241512e-05 2
0 0.725 -0.025 -3.959302819e-05 2
0 0.725 -0.015 -5.660504648e-05 2
0 0.725 -0.005 -7.666203077e-05 2
0 0.725 0.005 -9.879064373e-05 2
0 0.725 0.015 -0.000122018394 2
0 0.725 0.025 -0.0001455083719 2
0 0.725 0.035 -0.0001686037267 2
0 0.725 0.045 -0.0001903606926 2
0 0.725 0.055 -0.0002096946054 2
0 0.725 0.065 -0.0002204078162 2
0 0.725 0.075 -0.0002279919128 1
0 0.725 0.085 -0.0002400590548 1
0 0.725 0.095 -0.0002522825265 1
0 0.725 0.105 -0.0002542991103 1
0 0.725 0.115 -0.0002489089748 1
0 0.725 0.125 -0.0002365978901 1
0 0.725 0.135 -0.0002135049357 2
0 0.725 0.145 -0.0001978508677 2
0 0.725 0.155 -0.0001738465657 2
0 0.725 0.165 -0.0001383721689 2
0 0.725 0.175 -9.848708421e-05 2
0 0.725 0.185 -5.716356751e-05 2
0 0.725 0.195 -1.297795809e-05 2
0 0.725 0.205 3.246268741e-05 2
0 0.725 0.215 7.863483668e-05 2
0 0.725 0.225 0.0001248727532 2
0 0.725 0.235 0.0001706749586 2
0 0.725 0.245 0.0002155936365 2
0 0.725 0.255 0.0002591376051 2
0 0.725 0.265 0.0003007332386 2
0 0.725 0.275 0.0003396787928 2
0 0.725 0.285 0.0003751208363 2
0 0.725 0.295 0.0004060365165 2
0 0.725 0.305 0.0004312235829 2
0 0.725 0.315 0.0004493026897 2
0 0.725 0.325 0.0004587168229 2
0 0.725 0.335 0.0004577904586 2
0 0.725 0.345 0.0004446777899 2
0 0.725 0.355 0.0004177686592 2
0 0.725 0.365 0.0003748127202 2
0 0.725 0.375 0.0003162614564 2
0 0.725 0.385 0.0002353500372 2
0 0.725 0.395 0.0001509252384 2
0 0.725 0.405 0 2
0 0.725 0.415 0 2
0 0.725 0.425 0 2
0 0.725 0.435 0 2
0 0.725 0.445 0 2
0 0.725 0.455 0 2
0 0.725 0.465 0 2
0 0.735 -0.455 0 2
0 0.735 -0.445 0 2
0 0.735 -0.435 0 2
0 0.735 -0.425 0 2
0 0.735 -0.415 0 2
0 0.735 -0.405 0 2
0 0.735 -0.395 -0.0001629899326 2
0 0.735 -0.385 -0.0002562027538 2
0 0.735 -0.375 -0.0003471003731 2
0 0.735 -0.365 -0.0004147274016 2
0 0.735 -0.355 -0.0004652528918 2
0 0.735 -0.345 -0.0004961847043 2
0 0.735 -0.335 -0.0005073393977 2
0 0.735 -0.325 -0.000499178372 2
0 0.735 -0.315 -0.0004753345008 2
0 0.735 -0.305 -0.0004422549648 2
0 0.735 -0.295 -0.000406678807 2
0 0.735 -0.285 -0.0003731069758 2
0 0.735 -0.275 -0.0003432888181 2
0 0.735 -0.265 -0.0003168698034 2
0 0.735 -0.255 -0.000292549639 2
0 0.735 -0.245 -0.0002682656586 2
0 0.735 -0.235 -0.0002418342927 2
0 0.735 -0.225 -0.0002143601322 2
0 0.735 -0.215 -0.0001827750394 2
0 0.735 -0.205 -0.0001472666211 2
0 0.735 -0.195 -0.0001142892487 2
0 0.735 -0.185 -8.725078872e-05 2
0 0.735 -0.175 -6.71948766e-05 2
0 0.735 -0.165 -5.296085428e-05 2
0 0.735 -0.155 -3.901242898e-05 2
0 0.735 -0.145 -2.493464069e-05 2
0 0.735 -0.135 -1.485046925e-05 2
0 0.735 -0.125 -6.384755784e-06 2
0 0.735 -0.115 8.204117644e-07 2
0 0.735 -0.105 7.610785048e-06 2
0 0.735 -0.095 1.414520683e-05 2
0 0.735 -0.085 1.957874861e-05 2
0 0.735 -0.075 2.277585361e-05 2
0 0.735 -0.065 2.261197481e-05 2
0 0.735 -0.055 1.820467604e-05 2
0 0.735 -0.045 8.93619521e-06 2
0 0.735 -0.035 -5.49592089e-06 2
0 0.735 -0.025 -2.496593076e-05 2
0 0.735 -0.015 -4.8805534e-05 2
0 0.735 -0.005 -7.583662955e-05 2
0 0.735 0.005 -0.0001045797283 2
0 0.735 0.015 -0.0001335281421 2
0 0.735 0.025 -0.0001613987988 2
0 0.735 0.035 -0.0001872150894 2
0 0.735 0.045 -0.0002103234219 2
0 0.735 0.055 -0.000229530011 2
0 0.735 0.065 -0.0002471375084 2
0 0.735 0.075 -0.0002686985794 2
0 0.735 0.085 -0.0002956648616 1
0 0.735 0.095 -0.0003092983286 1
0 0.735 0.105 -0.0003100316119 1
0 0.735 0.115 -0.000296937905 2
0 0.735 0.125 -0.0002893917849 2
0 0.735 0.135 -0.0002815587196 2
0 0.735 0.145 -0.0002645766994 2
0 0.735 0.155 -0.000236545953 2
0 0.735 0.165 -0.0002048244119 2
0 0.735 0.175 -0.0001708661224 2
0 0.735 0.185 -0.0001319406509 2
0 0.735 0.195 -8.955561976e-05 2
0 0.735 0.205 -4.46434252e-05 2
0 0.735 0.215 2.19318537e-06 2
0 0.735 0.225 5.020354821e-05 2
0 0.735 0.235 9.878555624e-05 2
0 0.735 0.245 0.000147355771 2
0 0.735 0.255 0.0001953100746 2
0 0.735 0.265 0.000241975464 2
0 0.735 0.275 0.0002865681944 2
0 0.735 0.285 0.0003281626181 2
0 0.735 0.295 0.0003656650682 2
0 0.735 0.305 0.000397792096 2
0 0.735 0.315 0.0004230581908 2
0 0.735 0.325 0.0004397570886 2
0 0.735 0.335 0.0004460008338 2
0 0.735 0.345 0.0004396437952 2
0 0.735 0.355 0.0004186861408 2
0 0.735 0.365 0.0003803644255 2
0 0.735 0.375 0.0003246750917 2
0 0.735 0.385 0.000244065973 2
0 0.735 0.395 0.0001580264231 2
0 0.735 0.405 0 2
0 0.735 0.415 0 2
0 0.735 0.425 0 2
0 0.735 0.435 0 2
0 0.735 0.445 0 2
0 0.735 0.455 0 2
0 0.735 0.465 0 2
0 0.745 -0.455 0 2
0 0.745 -0.445 0 2
0 0.745 -0.435 0 2
0 0.745 -0.425 0 2
0 0.745 -0.415 0 2
0 0.745 -0.405 0 2
0 0.745 -0.395 -0.0001674780598 2
0 0.745 -0.385 -0.0002604656265 2
0 0.745 -0.375 -0.0003493588173 2
0 0.745 -0.365 -0.0004135188676 2
0 0.745 -0.355 -0.0004600253423 2
0 0.745 -0.345 -0.0004862544353 2
0 0.745 -0.335 -0.0004909721042 2
0 0.745 -0.325 -0.0004740473461 2
0 0.745 -0.315 -0.0004398413141 2
0 0.745 -0.305 -0.0003967862002 2
0 0.745 -0.295 -0.0003531947785 2
0 0.745 -0.285 -0.0003142803742 2
0 0.745 -0.275 -0.0002819053184 2
0 0.745 -0.265 -0.0002553114099 2
0 0.745 -0.255 -0.000232286896 2
0 0.745 -0.245 -0.0002092747707 2
0 0.745 -0.235 -0.0001859740336 2
0 0.745 -0.225 -0.0001598915405 2
0 0.745 -0.215 -0.0001283340023 2
0 0.745 -0.205 -9.503196608e-05 2
0 0.745 -0.195 -6.772561716e-05 2
0 0.745 -0.185 -4.431633835e-05 2
0 0.745 -0.175 -2.328299648e-05 2
0 0.745 -0.165 -8.238126247e-06 2
0 0.745 -0.155 6.123084174e-06 2
0 0.745 -0.145 2.18032695e-05 2
0 0.745 -0.135 3.310238164e-05 2
0 0.745 -0.125 3.865412736e-05 2
0 0.745 -0.115 4.281716595e-05 2
0 0.745 -0.105 4.736735589e-05 2
0 0.745 -0.095 5.251023367e-05 2
0 0.745 -0.085 5.662653089e-05 2
0 0.745 -0.075 5.804932157e-05 2
0 0.745 -0.065 5.549045409e-05 2
0 0.745 -0.055 4.814132681e-05 2
0 0.745 -0.045 3.533572852e-05 2
0 0.745 -0.035 1.664999573e-05 2
0 0.745 -0.025 -7.853913106e-06 2
0 0.745 -0.015 -3.732136738e-05 2
0 0.745 -0.005 -7.00721239e-05 2
0 0.745 0.005 -0.0001039339648 2
0 0.745 0.015 -0.000136667993 2
0 0.745 0.025 -0.0001664109066 2
0 0.745 0.035 -0.0001918602407 2
0 0.745 0.045 -0.000212507794 2
0 0.745 0.055 -0.0002269951862 2
0 0.745 0.065 -0.0002401266642 2
0 0.745 0.075 -0.0002579561287 2
0 0.745 0.085 -0.0002831685311 2
0 0.745 0.095 -0.0003077514993 2
0 0.745 0.105 -0.0003236666408 2
0 0.745 0.115 -0.000330403066 2
0 0.745 0.125 -0.0003281490759 2
0 0.745 0.135 -0.0003189746553 2
0 0.745 0.145 -0.0003038107835 2
0 0.745 0.155 -0.000281619925 2
0 0.745 0.165 -0.00025739843 2
0 0.745 0.175 -0.0002271062596 2
0 0.745 0.185 -0.0001918022006 2
0 0.745 0.195 -0.0001522056112 2
0 0.745 0.205 -0.0001090221687 2
0 0.745 0.215 -6.298065892e-05 2
0 0.745 0.225 -1.480710914e-05 2
0 0.745 0.235 3.483489684e-05 2
0 0.745 0.245 8.528637253e-05 2
0 0.745 0.255 0.0001358736287 2
0 0.745 0.265 0.0001858646542 2
0 0.745 0.275 0.0002344319687 2
0 0.745 0.285 0.0002806179124 2
0 0.745 0.295 0.0003233025109 2
0 0.745 0.305 0.0003611715605 2
0 0.745 0.315 0.000392689682 2
0 0.745 0.325 0.0004160613476 2
0 0.745 0.335 0.0004292416994 2
0 0.745 0.345 0.0004298244944 2
0 0.745 0.355 0.0004154132418 2
0 0.745 0.365 0.0003826602105 2
0 0.745 0.375 0.000330925867 2
0 0.745 0.385 0.0002516701438 2
0 0.745 0.395 0.0001647323769 2
0 0.745 0.405 0 2
0 0.745 0.415 0 2
0 0.745 0.425 0 2
0 0.745 0.435 0 2
0 0.745 0.445 0 2
0 0.745 0.455 0 2
0 0.745 0.465 0 2
0 0.755 -0.455 0 2
0 0.755 -0.445 0 2
0 0.755 -0.435 0 2
0 0.755 -0.425 0 2
0 0.755 -0.415 0 2
0 0.755 -0.405 0 2
0 0.755 -0.395 -0.0001694580233 2
0 0.755 -0.385 -0.0002596862824 2
0 0.755 -0.375 -0.0003434028527 2
0 0.755 -0.365 -0.000401099162 2
0 0.755 -0.355 -0.0004413773748 2
0 0.755 -0.345 -0.0004640632543 2
0 0.755 -0.335 -0.0004660373202 2
0 0.755 -0.325 -0.0004417261457 2
0 0.755 -0.315 -0.0003931957095 2
0 0.755 -0.305 -0.0003367826504 2
0 0.755 -0.295 -0.0002887148116 2
0 0.755 -0.285 -0.0002513104316 2
0 0.755 -0.275 -0.0002208512592 2
0 0.755 -0.265 -0.0001945373349 2
0 0.755 -0.255 -0.0001729282157 2
0 0.755 -0.245 -0.0001533523579 2
0 0.755 -0.235 -0.0001301546162 2
0 0.755 -0.225 -9.725235724e-05 2
0 0.755 -0.215 -6.102239109e-05 2
0 0.755 -0.205 -3.065780194e-05 1
0 0.755 -0.195 -1.165249125e-05 1
0 0.755 -0.185 5.85953544e-06 1
0 0.755 -0.175 2.469852515e-05 1
0 0.755 -0.165 3.833629391e-05 2
0 0.755 -0.155 5.044196413e-05 2
0 0.755 -0.145 6.344811509e-05 2
0 0.755 -0.135 7.32133355e-05 2
0 0.755 -0.125 7.425453062e-05 2
0 0.755 -0.115 7.506999222e-05 2
0 0.755 -0.105 7.810928675e-05 2
0 0.755 -0.095 8.298895574e-05 2
0 0.755 -0.085 8.692016807e-05 2
0 0.755 -0.075 8.75311476e-05 2
0 0.755 -0.065 8.35135095e-05 2
0 0.755 -0.055 7.439147033e-05 2
0 0.755 -0.045 5.948999403e-05 2
0 0.755 -0.035 3.81233918e-05 2
0 0.755 -0.025 1.010179556e-05 2
0 0.755 -0.015 -2.359831459e-05 2
0 0.755 -0.005 -6.069809584e-05 2
0 0.755 0.005 -9.824137847e-05 2
0 0.755 0.015 -0.0001331848601 2
0 0.755 0.025 -0.000163087788 2
0 0.755 0.035 -0.0001867635275 2
0 0.755 0.045 -0.0002044485073 2
0 0.755 0.055 -0.0002172774098 2
0 0.755 0.065 -0.0002265285202 2
0 0.755 0.075 -0.0002379824807 2
0 0.755 0.085 -0.000259038206 2
0 0.755 0.095 -0.0002891502915 2
0 0.755 0.105 -0.0003175777582 2
0 0.755 0.115 -0.0003323094435 2
0 0.755 0.125 -0.0003343666236 2
0 0.755 0.135 -0.0003291203501 2
0 0.755 0.145 -0.0003224868825 2
0 0.755 0.155 -0.0003096085704 2
0 0.755 0.165 -0.0002902840332 2
0 0.755 0.175 -0.0002648005322 2
0 0.755 0.185 -0.0002338999857 2
0 0.755 0.195 -0.0001980244399 2
0 0.755 0.205 -0.0001578485022 2
0 0.755 0.215 -0.0001141047306 2
0 0.755 0.225 -6.749992753e-05 2
0 0.755 0.235 -1.871858286e-05 2
0 0.755 0.245 3.155887438e-05 2
0 0.755 0.255 8.263812952e-05 2
0 0.755 0.265 0.0001337769582 2
0 0.755 0.275 0.0001841525342 2
0 0.755 0.285 0.0002328267312 2
0 0.755 0.295 0.0002787110322 2
0 0.755 0.305 0.0003205277871 2
0 0.755 0.315 0.0003567711464 2
0 0.755 0.325 0.0003856494248 2
0 0.755 0.335 0.0004050629181 2
0 0.755 0.345 0.0004124489767 2
0 0.755 0.355 0.0004050767217 2
0 0.755 0.365 0.0003790050403 2
0 0.755 0.375 0.0003327640277 2
0 0.755 0.385 0.0002565854555 2
0 0.755 0.395 0.0001701156112 2
0 0.755 0.405 0 2
0 0.755 0.415 0 2
0 0.755 0.425 0 2
0 0.755 0.435 0 2
0 0.755 0.445 0 2
0 0.755 0.455 0 2
0 0.755 0.465 0 2
0 0.765 -0.455 0 2
0 0.765 -0.445 0 2
0 0.765 -0.435 0 2
0 0.765 -0.425 0 2
0 0.765 -0.415 0 2
0 0.765 -0.405 0 2
0 0.765 -0.395 -0.000168546414 2
0 0.765 -0.385 -0.0002525427809 2
0 0.765 -0.375 -0.0003264716493 2
0 0.765 -0.365 -0.000373042896 2
0 0.765 -0.355 -0.0004044617075 2
0 0.765 -0.345 -0.0004183737547 2
0 0.765 -0.335 -0.0004098719954 2
0 0.765 -0.325 -0.0003777365376 2
0 0.765 -0.315 -0.0003330035283 2
0 0.765 -0.305 -0.0002867161343 2
0 0.765 -0.295 -0.0002391243355 2
0 0.765 -0.285 -0.0001948003506 2
0 0.765 -0.275 -0.0001591364402 2
0 0.765 -0.265 -0.0001355434842 2
0 0.765 -0.255 -0.0001196114006 2
0 0.765 -0.245 -0.0001006657129 2
0 0.765 -0.235 -7.055768411e-05 2
0 0.765 -0.225 -3.171660519e-05 2
0 0.765 -0.215 2.285308867e-06 1
0 0.765 -0.205 2.207381133e-05 1
0 0.765 -0.195 4.036853695e-05 1
0 0.765 -0.185 5.633096483e-05 1
0 0.765 -0.175 7.106634923e-05 1
0 0.765 -0.165 8.522476285e-05 1
0 0.765 -0.155 9.181607506e-05 2
0 0.765 -0.145 9.732634849e-05 2
0 0.765 -0.135 9.70269593e-05 2
0 0.765 -0.125 8.99385807e-05 2
0 0.765 -0.115 8.694563688e-05 2
0 0.765 -0.105 9.370119441e-05 2
0 0.765 -0.095 0.0001039818551 2
0 0.765 -0.085 0.0001085087647 2
0 0.765 -0.075 0.0001087092602 2
0 0.765 -0.065 0.0001039046456 2
0 0.765 -0.055 9.432424847e-05 2
0 0.765 -0.045 7.945942824e-05 2
0 0.765 -0.035 5.779303292e-05 2
0 0.765 -0.025 2.823986565e-05 2
0 0.765 -0.015 -8.391868813e-06 2
0 0.765 -0.005 -4.897903579e-05 2
0 0.765 0.005 -8.946540641e-05 2
0 0.765 0.015 -0.0001256640359 2
0 0.765 0.025 -0.0001543105693 2
0 0.765 0.035 -0.0001747819416 2
0 0.765 0.045 -0.000188916866 2
0 0.765 0.055 -0.0001996094084 2
0 0.765 0.065 -0.0002097915719 2
0 0.765 0.075 -0.000223153817 2
0 0.765 0.085 -0.0002419314107 2
0 0.765 0.095 -0.000265178731 2
0 0.765 0.105 -0.0002885869835 2
0 0.765 0.115 -0.0003077383172 2
0 0.765 0.125 -0.0003202967336 2
0 0.765 0.135 -0.0003256730616 2
0 0.765 0.145 -0.0003242328729 2
0 0.765 0.155 -0.000316248837 2
0 0.765 0.165 -0.0003020177175 2
0 0.765 0.175 -0.0002816357996 2
0 0.765 0.185 -0.0002555485652 2
0 0.765 0.195 -0.0002242157312 2
0 0.765 0.205 -0.0001882902588 2
0 0.765 0.215 -0.0001484251163 2
0 0.765 0.225 -0.0001052833338 2
0 0.765 0.235 -5.951930041e-05 2
0 0.765 0.245 -1.178386127e-05 2
0 0.765 0.255 3.725994569e-05 2
0 0.765 0.265 8.691219803e-05 2
0 0.765 0.275 0.0001364082811 2
0 0.765 0.285 0.0001848872847 2
0 0.765 0.295 0.0002313576659 2
0 0.765 0.305 0.000274656655 2
0 0.765 0.315 0.000313404843 2
0 0.765 0.325 0.0003459370965 2
0 0.765 0.335 0.0003702511781 2
0 0.765 0.345 0.0003838180842 2
0 0.765 0.355 0.0003837572236 2
0 0.765 0.365 0.0003657309142 2
0 0.765 0.375 0.0003272850723 2
0 0.765 0.385 0.0002570997959 2
0 0.765 0.395 0.0001734667904 2
0 0.765 0.405 0 2
0 0.765 0.415 0 2
0 0.765 0.425 0 2
0 0.765 0.435 0 2
0 0.765 0.445 0 2
0 0.765 0.455 0 2
0 0.765 0.465 0 2
0 0.775 -0.455 0 2
0 0.775 -0.445 0 2
0 0.775 -0.435 0 2
0 0.775 -0.425 0 2
0 0.775 -0.415 0 2
0 0.775 -0.405 0 2
0 0.775 -0.395 -0.0001617836733 2
0 0.775 -0.385 -0.0002349720332 2
0 0.775 -0.375 -0.0002938991577 2
0 0.775 -0.365 -0.0003244722856 2
0 0.775 -0.355 -0.0003409998532 2
0 0.775 -0.345 -0.0003412538492 2
0 0.775 -0.335 -0.0003199598457 2
0 0.775 -0.325 -0.0002871293434 1
0 0.775 -0.315 -0.0002588852542 1
0 0.775 -0.305 -0.0002349259168 1
0 0.775 -0.295 -0.0002032629042 2
0 0.775 -0.285 -0.0001586696023 2
0 0.775 -0.275 -0.000115031099 2
0 0.775 -0.265 -8.638073349e-05 2
0 0.775 -0.255 -7.014690049e-05 2
0 0.775 -0.245 -5.063768344e-05 2
0 0.775 -0.235 -1.806764888e-05 2
0 0.775 -0.225 1.558574153e-05 1
0 0.775 -0.215 3.693842263e-05 1
0 0.775 -0.205 5.605414917e-05 1
0 0.775 -0.195 7.47471495e-05 1
0 0.775 -0.185 8.89512485e-05 1
0 0.775 -0.175 9.801199314e-05 1
0 0.775 -0.165 0.000105978118 1
0 0.775 -0.155 0.0001094946444 2
0 0.775 -0.145 0.0001112347797 2
0 0.775 -0.135 0.0001073630027 2
0 0.775 -0.125 9.949969124e-05 2
0 0.775 -0.115 9.52035614e-05 2
0 0.775 -0.105 0.0001037608864 2
0 0.775 -0.095 0.000115429156 2
0 0.775 -0.085 0.0001185839779 2
0 0.775 -0.075 0.0001176568981 2
0 0.775 -0.065 0.0001123980281 2
0 0.775 -0.055 0.0001030970199 2
0 0.775 -0.045 8.936844163e-05 2
0 0.775 -0.035 6.897088848e-05 2
0 0.775 -0.025 4.015722016e-05 2
0 0.775 -0.015 3.669681592e-06 2
0 0.775 -0.005 -3.680855578e-05 2
0 0.775 0.005 -7.693871047e-05 2
0 0.775 0.015 -0.0001118821178 2
0 0.775 0.025 -0.0001374169808 2
0 0.775 0.035 -0.0001535033354 2
0 0.775 0.045 -0.0001637900464 2
0 0.775 0.055 -0.0001725996598 2
0 0.775 0.065 -0.0001823849931 2
0 0.775 0.075 -0.0001954264026 2
0 0.775 0.085 -0.0002128329789 2
0 0.775 0.095 -0.0002340428182 2
0 0.775 0.105 -0.0002561347003 2
0 0.775 0.115 -0.0002755529656 2
0 0.775 0.125 -0.0002899038405 2
0 0.775 0.135 -0.0002982424542 2
0 0.775 0.145 -0.0003005668489 2
0 0.775 0.155 -0.000296896758 2
0 0.775 0.165 -0.0002873163762 2
0 0.775 0.175 -0.0002719138318 2
0 0.775 0.185 -0.0002510594244 2
0 0.775 0.195 -0.0002252189069 2
0 0.775 0.205 -0.0001949346561 2
0 0.775 0.215 -0.0001607718824 2
0 0.775 0.225 -0.0001233111866 2
0 0.775 0.235 -8.312811992e-05 2
0 0.775 0.245 -4.079525553e-05 2
0 0.775 0.255 3.107384186e-06 2
0 0.775 0.265 4.797460434e-05 2
0 0.775 0.275 9.315391758e-05 2
0 0.775 0.285 0.0001379194285 2
0 0.775 0.295 0.000181442049 2
0 0.775 0.305 0.0002227527813 2
0 0.775 0.315 0.0002606989819 2
0 0.775 0.325 0.0002938757473 2
0 0.775 0.335 0.0003205594894 2
0 0.775 0.345 0.000338509561 2
0 0.775 0.355 0.0003450109967 2
0 0.775 0.365 0.0003358002343 2
0 0.775 0.375 0.0003075366688 2
0 0.775 0.385 0.0002474007493 2
0 0.775 0.395 0.0001708144311 2
0 0.775 0.405 0 2
0 0.775 0.415 0 2
0 0.775 0.425 0 2
0 0.775 0.435 0 2
0 0.775 0.445 0 2
0 0.775 0.455 0 2
0 0.775 0.465 0 2
0 0.785 -0.455 0 2
0 0.785 -0.445 0 2
0 0.785 -0.435 0 2
0 0.785 -0.425 0 2
0 0.785 -0.415 0 2
0 0.785 -0.405 0 2
0 0.785 -0.395 -0.0001501710005 2
0 0.785 -0.385 -0.0002055003184 2
0 0.785 -0.375 -0.0002419144522 2
0 0.785 -0.365 -0.0002538074649 2
0 0.785 -0.355 -0.0002541660386 2
0 0.785 -0.345 -0.0002468111719 2
0 0.785 -0.335 -0.0002323681747 1
0 0.785 -0.325 -0.000205723755 1
0 0.785 -0.315 -0.0001783982251 1
0 0.785 -0.305 -0.0001557396068 1
0 0.785 -0.295 -0.0001361081307 1
0 0.785 -0.285 -0.0001159457931 1
0 0.785 -0.275 -8.841836494e-05 2
0 0.785 -0.265 -5.657196409e-05 2
0 0.785 -0.255 -3.213210169e-05 2
0 0.785 -0.245 -9.797687913e-06 2
0 0.785 -0.235 1.541516784e-05 1
0 0.785 -0.225 3.466353454e-05 1
0 0.785 -0.215 5.176382815e-05 1
0 0.785 -0.205 6.94399729e-05 1
0 0.785 -0.195 8.395449416e-05 1
0 0.785 -0.185 9.445200333e-05 1
0 0.785 -0.175 9.973777915e-05 1
0 0.785 -0.165 0.000103093302 1
0 0.785 -0.155 0.0001075102741 1
0 0.785 -0.145 0.0001114145872 1
0 0.785 -0.135 0.0001139355233 1
0 0.785 -0.125 0.0001128605226 1
0 0.785 -0.115 0.0001061288073 2
0 0.785 -0.105 0.0001054962883 2
0 0.785 -0.095 0.0001106966167 2
0 0.785 -0.085 0.000113768987 2
0 0.785 -0.075 0.0001100856376 2
0 0.785 -0.065 0.0001033498348 2
0 0.785 -0.055 9.418513223e-05 2
0 0.785 -0.045 8.77068267e-05 2
0 0.785 -0.035 7.788821398e-05 2
0 0.785 -0.025 5.381875975e-05 2
0 0.785 -0.015 1.608240607e-05 2
0 0.785 -0.005 -2.363157769e-05 2
0 0.785 0.005 -6.30163643e-05 2
0 0.785 0.015 -9.909600602e-05 2
0 0.785 0.025 -0.0001195772321 2
0 0.785 0.035 -0.0001244218762 2
0 0.785 0.045 -0.0001264445316 2
0 0.785 0.055 -0.0001336935211 2
0 0.785 0.065 -0.0001429356158 2
0 0.785 0.075 -0.0001549764036 2
0 0.785 0.085 -0.0001699016605 2
0 0.785 0.095 -0.0001872513877 2
0 0.785 0.105 -0.0002053656354 2
0 0.785 0.115 -0.0002221047375 2
0 0.785 0.125 -0.0002356393631 2
0 0.785 0.135 -0.0002448283514 2
0 0.785 0.145 -0.0002491510487 2
0 0.785 0.155 -0.00024842586 2
0 0.785 0.165 -0.0002427087246 2
0 0.785 0.175 -0.000232172667 2
0 0.785 0.185 -0.0002171022865 2
0 0.785 0.195 -0.0001978544452 2
0 0.785 0.205 -0.000174847998 2
0 0.785 0.215 -0.0001485260862 2
0 0.785 0.225 -0.0001193409526 2
0 0.785 0.235 -8.774043027e-05 2
0 0.785 0.245 -5.416838043e-05 2
0 0.785 0.255 -1.907045707e-05 2
0 0.785 0.265 1.709402672e-05 2
0 0.785 0.275 5.383656328e-05 2
0 0.785 0.285 9.062075597e-05 2
0 0.785 0.295 0.0001268406022 2
0 0.785 0.305 0.0001617933014 2
0 0.785 0.315 0.0001946460794 2
0 0.785 0.325 0.0002243828255 2
0 0.785 0.335 0.0002497464241 2
0 0.785 0.345 0.0002690767571 2
0 0.785 0.355 0.0002802732715 2
0 0.785 0.365 0.0002799539404 2
0 0.785 0.375 0.000264697812 2
0 0.785 0.385 0.000223019053 2
0 0.785 0.395 0.0001616918783 2
0 0.785 0.405 0 2
0 0.785 0.415 0 2
0 0.785 0.425 0 2
0 0.785 0.435 0 2
0 0.785 0.445 0 2
0 0.785 0.455 0 2
0 0.785 0.465 0 2
0 0.795 -0.455 0 2
0 0.795 -0.445 0 2
0 0.795 -0.435 0 2
0 0.795 -0.425 0 2
0 0.795 -0.415 0 2
0 0.795 -0.405 0 2
0 0.795 -0.395 -0.0001182383641 2
0 0.795 -0.385 -0.0001501649087 2
0 0.795 -0.375 -0.000164298521 2
0 0.795 -0.365 -0.000163477109 2
0 0.795 -0.355 -0.0001580529719 2
0 0.795 -0.345 -0.0001533173557 2
0 0.795 -0.335 -0.0001473560356 1
0 0.795 -0.325 -0.0001258231929 1
0 0.795 -0.315 -0.0001010997002 1
0 0.795 -0.305 -8.152051645e-05 1
0 0.795 -0.295 -6.807992921e-05 1
0 0.795 -0.285 -5.927986583e-05 1
0 0.795 -0.275 -4.737341957e-05 1
0 0.795 -0.265 -3.466526935e-05 2
0 0.795 -0.255 -1.639393438e-05 2
0 0.795 -0.245 -5.311973161e-08 2
0 0.795 -0.235 1.695766436e-05 1
0 0.795 -0.225 3.13595481e-05 1
0 0.795 -0.215 4.425425089e-05 1
0 0.795 -0.205 5.59656285e-05 1
0 0.795 -0.195 6.448390904e-05 1
0 0.795 -0.185 7.080282387e-05 1
0 0.795 -0.175 7.400600815e-05 1
0 0.795 -0.165 7.630313063e-05 1
0 0.795 -0.155 7.982485042e-05 1
0 0.795 -0.145 8.445220477e-05 1
0 0.795 -0.135 8.738555934e-05 1
0 0.795 -0.125 8.778794048e-05 1
0 0.795 -0.115 8.365323563e-05 2
0 0.795 -0.105 8.060712347e-05 2
0 0.795 -0.095 8.228755843e-05 2
0 0.795 -0.085 8.413820116e-05 2
0 0.795 -0.075 7.903508368e-05 2
0 0.795 -0.065 7.532002883e-05 2
0 0.795 -0.055 7.042721196e-05 2
0 0.795 -0.045 6.15655199e-05 2
0 0.795 -0.035 4.79097293e-05 2
0 0.795 -0.025 2.826411563e-05 2
0 0.795 -0.015 6.835732156e-06 2
0 0.795 -0.005 -1.286091245e-05 2
0 0.795 0.005 -3.57221171e-05 2
0 0.795 0.015 -6.027797889e-05 2
0 0.795 0.025 -7.381584699e-05 2
0 0.795 0.035 -7.385974587e-05 2
0 0.795 0.045 -7.460675373e-05 2
0 0.795 0.055 -8.105749904e-05 2
0 0.795 0.065 -8.83030056e-05 2
0 0.795 0.075 -9.700811792e-05 2
0 0.795 0.085 -0.0001073204796 2
0 0.795 0.095 -0.0001190714876 2
0 0.795 0.105 -0.0001313673128 2
0 0.795 0.115 -0.0001429584812 2
0 0.795 0.125 -0.0001526701046 2
0 0.795 0.135 -0.0001596777378 2
0 0.795 0.145 -0.0001635428153 2
0 0.795 0.155 -0.0001640942673 2
0 0.795 0.165 -0.0001613384198 2
0 0.795 0.175 -0.0001553803108 2
0 0.795 0.185 -0.0001464029695 2
0 0.795 0.195 -0.0001346403607 2
0 0.795 0.205 -0.0001203624729 2
0 0.795 0.215 -0.0001038534113 2
0 0.795 0.225 -8.540025479e-05 2
0 0.795 0.235 -6.52855862e-05 2
0 0.795 0.245 -4.378661398e-05 2
0 0.795 0.255 -2.117816084e-05 2
0 0.795 0.265 2.260577114e-06 2
0 0.795 0.275 2.623706956e-05 2
0 0.795 0.285 5.043467024e-05 2
0 0.795 0.295 7.450023469e-05 2
0 0.795 0.305 9.802875694e-05 2
0 0.795 0.315 0.0001205448946 2
0 0.795 0.325 0.0001414726523 2
0 0.795 0.335 0.0001601023 2
0 0.795 0.345 0.0001754950483 2
0 0.795 0.355 0.0001864392767 2
0 0.795 0.365 0.000190973138 2
0 0.795 0.375 0.0001866783969 2
0 0.795 0.385 0.0001665739478 2
0 0.795 0.395 0.0001287892853 2
0 0.795 0.405 0 2
0 0.795 0.415 0 2
0 0.795 0.425 0 2
0 0.795 0.435 0 2
0 0.795 0.445 0 2
0 0.795 0.455 0 2
0 0.795 0.465 0 2
0 0.805 -0.455 0 2
0 0.805 -0.445 0 2
0 0.805 -0.435 0 2
0 0.805 -0.425 0 2
0 0.805 -0.415 0 2
0 0.805 -0.405 0 2
0 0.805 -0.395 0 2
0 0.805 -0.385 0 2
0 0.805 -0.375 0 2
0 0.805 -0.365 0 2
0 0.805 -0.355 0 2
0 0.805 -0.345 0 2
0 0.805 -0.335 0 1
0 0.805 -0.325 0 1
0 0.805 -0.315 0 1
0 0.805 -0.305 0 1
0 0.805 -0.295 0 1
0 0.805 -0.285 0 1
0 0.805 -0.275 0 1
0 0.805 -0.265 0 1
0 0.805 -0.255 0 2
0 0.805 -0.245 0 1
0 0.805 -0.235 0 1
0 0.805 -0.225 0 1
0 0.805 -0.215 0 1
0 0.805 -0.205 0 1
0 0.805 -0.195 0 1
0 0.805 -0.185 0 1
0 0.805 -0.175 0 1
0 0.805 -0.165 0 1
0 0.805 -0.155 0 1
0 0.805 -0.145 0 1
0 0.805 -0.135 0 1
0 0.805 -0.125 0 1
0 0.805 -0.115 0 1
0 0.805 -0.105 0 2
0 0.805 -0.095 0 2
0 0.805 -0.085 0 2
0 0.805 -0.075 0 2
0 0.805 -0.065 0 2
0 0.805 -0.055 0 2
0 0.805 -0.045 0 2
0 0.805 -0.035 0 2
0 0.805 -0.025 0 1
0 0.805 -0.015 0 1
0 0.805 -0.005 0 1
0 0.805 0.005 0 1
0 0.805 0.015 0 1
0 0.805 0.025 0 2
0 0.805 0.035 0 2
0 0.805 0.045 0 2
0 0.805 0.055 0 2
0 0.805 0.065 0 2
0 0.805 0.075 0 2
0 0.805 0.085 0 2
0 0.805 0.095 0 2
0 0.805 0.105 0 2
0 0.805 0.115 0 2
0 0.805 0.125 0 2
0 0.805 0.135 0 2
0 0.805 0.145 0 2
0 0.805 0.155 0 2
0 0.805 0.165 0 2
0 0.805 0.175 0 2
0 0.805 0.185 0 2
0 0.805 0.195 0 2
0 0.805 0.205 0 2
0 0.805 0.215 0 2
0 0.805 0.225 0 2
0 0.805 0.235 0 2
0 0.805 0.245 0 2
0 0.805 0.255 0 2
0 0.805 0.265 0 2
0 0.805 0.275 0 2
0 0.805 0.285 0 2
0 0.805 0.295 0 2
0 0.805 0.305 0 2
0 0.805 0.315 0 2
0 0.805 0.325 0 2
0 0.805 0.335 0 2
0 0.805 0.345 0 2
0 0.805 0.355 0 2
0 0.805 0.365 0 2
0 0.805 0.375 0 2
0 0.805 0.385 0 2
0 0.805 0.395 0 2
0 0.805 0.405 0 2
0 0.805 0.415 0 2
0 0.805 0.425 0 2
0 0.805 0.435 0 2
0 0.805 0.445 0 2
0 0.805 0.455 0 2
0 0.805 0.465 0 2
0 0.815 -0.455 0 2
0 0.815 -0.445 0 2
0 0.815 -0.435 0 2
0 0.815 -0.425 0 2
0 0.815 -0.415 0 2
0 0.815 -0.405 0 2
0 0.815 -0.395 0 2
0 0.815 -0.385 0 2
0 0.815 -0.375 0 2
0 0.815 -0.365 0 2
0 0.815 -0.355 0 2
0 0.815 -0.345 0 2
0 0.815 -0.335 0 1
0 0.815 -0.325 0 1
0 0.815 -0.315 0 1
0 0.815 -0.305 0 1
0 0.815 -0.295 0 1
0 0.815 -0.285 0 1
0 0.815 -0.275 0 1
0 0.815 -0.265 0 1
0 0.815 -0.255 0 2
0 0.815 -0.245 0 1
0 0.815 -0.235 0 1
0 0.815 -0.225 0 1
0 0.815 -0.215 0 1
0 0.815 -0.205 0 1
0 0.815 -0.195 0 1
0 0.815 -0.185 0 1
0 0.815 -0.175 0 1
0 0.815 -0.165 0 1
0 0.815 -0.155 0 1
0 0.815 -0.145 0 1
0 0.815 -0.135 0 1
0 0.815 -0.125 0 1
0 0.815 -0.115 0 1
0 0.815 -0.105 0 2
0 0.815 -0.095 0 2
0 0.815 -0.085 0 2
0 0.815 -0.075 0 2
0 0.815 -0.065 0 2
0 0.815 -0.055 0 2
0 0.815 -0.045 0 1
0 0.815 -0.035 0 1
0 0.815 -0.025 0 1
0 0.815 -0.015 0 1
0 0.815 -0.005 0 1
0 0.815 0.005 0 1
0 0.815 0.015 0 1
0 0.815 0.025 0 2
0 0.815 0.035 0 2
0 0.815 0.045 0 2
0 0.815 0.055 0 2
0 0.815 0.065 0 2
0 0.815 0.075 0 2
0 0.815 0.085 0 2
0 0.815 0.095 0 2
0 0.815 0.105 0 2
0 0.815 0.115 0 2
0 0.815 0.125 0 2
0 0.815 0.135 0 2
0 0.815 0.145 0 2
0 0.815 0.155 0 2
0 0.815 0.165 0 2
0 0.815 0.175 0 2
0 0.815 0.185 0 2
0 0.815 0.195 0 2
0 0.815 0.205 0 2
0 0.815 0.215 0 2
0 0.815 0.225 0 2
0 0.815 0.235 0 2
0 0.815 0.245 0 2
0 0.815 0.255 0 2
0 0.815 0.265 0 2
0 0.815 0.275 0 2
0 0.815 0.285 0 2
0 0.815 0.295 0 2
0 0.815 0.305 0 2
0 0.815 0.315 0 2
0 0.815 0.325 0 2
0 0.815 0.335 0 2
0 0.815 0.345 0 2
0 0.815 0.355 0 2
0 0.815 0.365 0 2
0 0.815 0.375 0 2
0 0.815 0.385 0 2
0 0.815 0.395 0 2
0 0.815 0.405 0 2
0 0.815 0.415 0 2
0 0.815 0.425 0 2
0 0.815 0.435 0 2
0 0.815 0.445 0 2
0 0.815 0.455 0 2
0 0.815 0.465 0 2
0 0.825 -0.455 0 2
0 0.825 -0.445 0 2
0 0.825 -0.435 0 2
0 0.825 -0.425 0 2
0 0.825 -0.415 0 2
0 0.825 -0.405 0 2
0 0.825 -0.395 0 2
0 0.825 -0.385 0 2
0 0.825 -0.375 0 2
0 0.825 -0.365 0 2
0 0.825 -0.355 0 2
0 0.825 -0.345 0 2
0 0.825 -0.335 0 1
0 0.825 -0.325 0 1
0 0.825 -0.315 0 1
0 0.825 -0.305 0 1
0 0.825 -0.295 0 1
0 0.825 -0.285 0 1
0 0.825 -0.275 0 1
0 0.825 -0.265 0 1
0 0.825 -0.255 0 1
0 0.825 -0.245 0 1
0 0.825 -0.235 0 1
0 0.825 -0.225 0 1
0 0.825 -0.215 0 1
0 0.825 -0.205 0 1
0 0.825 -0.195 0 1
0 0.825 -0.185 0 1
0 0.825 -0.175 0 1
0 0.825 -0.165 0 1
0 0.825 -0.155 0 1
0 0.825 -0.145 0 1
0 0.825 -0.135 0 1
0 0.825 -0.125 0 1
0 0.825 -0.115 0 1
0 0.825 -0.105 0 2
0 0.825 -0.095 0 2
0 0.825 -0.085 0 2
0 0.825 -0.075 0 2
0 0.825 -0.065 0 2
0 0.825 -0.055 0 1
0 0.825 -0.045 0 1
0 0.825 -0.035 0 1
0 0.825 -0.025 0 1
0 0.825 -0.015 0 1
0 0.825 -0.005 0 1
0 0.825 0.005 0 1
0 0.825 0.015 0 1
0 0.825 0.025 0 1
0 0.825 0.035 0 2
0 0.825 0.045 0 2
0 0.825 0.055 0 2
0 0.825 0.065 0 2
0 0.825 0.075 0 2
0 0.825 0.085 0 2
0 0.825 0.095 0 2
0 0.825 0.105 0 2
0 0.825 0.115 0 2
0 0.825 0.125 0 2
0 0.825 0.135 0 2
0 0.825 0.145 0 2
0 0.825 0.155 0 2
0 0.825 0.165 0 2
0 0.825 0.175 0 2
0 0.825 0.185 0 2
0 0.825 0.195 0 2
0 0.825 0.205 0 2
0 0.825 0.215 0 2
0 0.825 0.225 0 2
0 0.825 0.235 0 2
0 0.825 0.245 0 2
0 0.825 0.255 0 2
0 0.825 0.265 0 2
0 0.825 0.275 0 2
0 0.825 0.285 0 2
0 0.825 0.295 0 2
0 0.825 0.305 0 2
0 0.825 0.315 0 2
0 0.825 0.325 0 2
0 0.825 0.335 0 2
0 0.825 0.345 0 2
0 0.825 0.355 0 2
0 0.825 0.365 0 2
0 0.825 0.375 0 2
0 0.825 0.385 0 2
0 0.825 0.395 0 2
0 0.825 0.405 0 2
0 0.825 0.415 0 2
0 0.825 0.425 0 2
0 0.825 0.435 0 2
0 0.825 0.445 0 2
0 0.825 0.455 0 2
0 0.825 0.465 0 2
0 0.835 -0.455 0 2
0 0.835 -0.445 0 2
0 0.835 -0.435 0 2
0 0.835 -0.425 0 2
0 0.835 -0.415 0 2
0 0.835 -0.405 0 2
0 0.835 -0.395 0 2
0 0.835 -0.385 0 2
0 0.835 -0.375 0 2
0 0.835 -0.365 0 2
0 0.835 -0.355 0 2
0 0.835 -0.345 0 2
0 0.835 -0.335 0 2
0 0.835 -0.325 0 1
0 0.835 -0.315 0 1
0 0.835 -0.305 0 1
0 0.835 -0.295 0 1
0 0.835 -0.285 0 1
0 0.835 -0.275 0 1
0 0.835 -0.265 0 1
0 0.835 -0.255 0 1
0 0.835 -0.245 0 1
0 0.835 -0.235 0 1
0 0.835 -0.225 0 1
0 0.835 -0.215 0 1
0 0.835 -0.205 0 1
0 0.835 -0.195 0 1
0 0.835 -0.185 0 1
0 0.835 -0.175 0 1
0 0.835 -0.165 0 1
0 0.835 -0.155 0 1
0 0.835 -0.145 0 1
0 0.835 -0.135 0 1
0 0.835 -0.125 0 1
0 0.835 -0.115 0 2
0 0.835 -0.105 0 2
0 0.835 -0.095 0 2
0 0.835 -0.085 0 2
0 0.835 -0.075 0 2
0 0.835 -0.065 0 2
0 0.835 -0.055 0 1
0 0.835 -0.045 0 1
0 0.835 -0.035 0 1
0 0.835 -0.025 0 1
0 0.835 -0.015 0 1
0 0.835 -0.005 0 1
0 0.835 0.005 0 1
0 0.835 0.015 0 1
0 0.835 0.025 0 2
0 0.835 0.035 0 2
0 0.835 0.045 0 2
0 0.835 0.055 0 2
0 0.835 0.065 0 2
0 0.835 0.075 0 2
0 0.835 0.085 0 2
0 0.835 0.095 0 2
0 0.835 0.105 0 2
0 0.835 0.115 0 2
0 0.835 0.125 0 2
0 0.835 0.135 0 2
0 0.835 0.145 0 2
0 0.835 0.155 0 2
0 0.835 0.165 0 2
0 0.835 0.175 0 2
0 0.835 0.185 0 2
0 0.835 0.195 0 2
0 0.835 0.205 0 2
0 0.835 0.215 0 2
0 0.835 0.225 0 2
0 0.835 0.235 0 2
0 0.835 0.245 0 2
0 0.835 0.255 0 2
0 0.835 0.265 0 2
0 0.835 0.275 0 2
0 0.835 0.285 0 2
0 0.835 0.295 0 2
0 0.835 0.305 0 2
0 0.835 0.315 0 2
0 0.835 0.325 0 2
0 0.835 0.335 0 2
0 0.835 0.345 0 2
0 0.835 0.355 0 2
0 0.835 0.365 0 2
0 0.835 0.375 0 2
0 0.835 0.385 0 2
0 0.835 0.395 0 2
0 0.835 0.405 0 2
0 0.835 0.415 0 2
0 0.835 0.425 0 2
0 0.835 0.435 0 2
0 0.835 0.445 0 2
0 0.835 0.455 0 2
0 0.835 0.465 0 2
0 0.845 -0.455 0 2
0 0.845 -0.445 0 2
0 0.845 -0.435 0 2
0 0.845 -0.425 0 2
0 0.845 -0.415 0 2
0 0.845 -0.405 0 2
0 0.845 -0.395 0 2
0 0.845 -0.385 0 2
0 0.845 -0.375 0 2
0 0.845 -0.365 0 2
0 0.845 -0.355 0 2
0 0.845 -0.345 0 2
0 0.845 -0.335 0 2
0 0.845 -0.325 0 1
0 0.845 -0.315 0 1
0 0.845 -0.305 0 1
0 0.845 -0.295 0 1
0 0.845 -0.285 0 1
0 0.845 -0.275 0 1
0 0.845 -0.265 0 1
0 0.845 -0.255 0 1
0 0.845 -0.245 0 1
0 0.845 -0.235 0 1
0 0.845 -0.225 0 1
0 0.845 -0.215 0 1
0 0.845 -0.205 0 1
0 0.845 -0.195 0 1
0 0.845 -0.185 0 1
0 0.845 -0.175 0 1
0 0.845 -0.165 0 1
0 0.845 -0.155 0 1
0 0.845 -0.145 0 1
0 0.845 -0.135 0 1
0 0.845 -0.125 0 1
0 0.845 -0.115 0 2
0 0.845 -0.105 0 2
0 0.845 -0.095 0 2
0 0.845 -0.085 0 2
0 0.845 -0.075 0 2
0 0.845 -0.065 0 1
0 0.845 -0.055 0 1
0 0.845 -0.045 0 1
0 0.845 -0.035 0 1
0 0.845 -0.025 0 1
0 0.845 -0.015 0 1
0 0.845 -0.005 0 1
0 0.845 0.005 0 1
0 0.845 0.015 0 1
0 0.845 0.025 0 2
0 0.845 0.035 0 2
0 0.845 0.045 0 2
0 0.845 0.055 0 2
0 0.845 0.065 0 2
0 0.845 0.075 0 2
0 0.845 0.085 0 2
0 0.845 0.095 0 2
0 0.845 0.105 0 2
0 0.845 0.115 0 2
0 0.845 0.125 0 2
0 0.845 0.135 0 2
0 0.845 0.145 0 2
0 0.845 0.155 0 2
0 0.845 0.165 0 2
0 0.845 0.175 0 2
0 0.845 0.185 0 2
0 0.845 0.195 0 2
0 0.845 0.205 0 2
0 0.845 0.215 0 2
0 0.845 0.225 0 2
0 0.845 0.235 0 2
0 0.845 0.245 0 2
0 0.845 0.255 0 2
0 0.845 0.265 0 2
0 0.845 0.275 0 2
0 0.845 0.285 0 2
0 0.845 0.295 0 2
0 0.845 0.305 0 2
0 0.845 0.315 0 2
0 0.845 0.325 0 2
0 0.845 0.335 0 2
0 0.845 0.345 0 2
0 0.845 0.355 0 2
0 0.845 0.365 0 2
0 0.845 0.375 0 2
0 0.845 0.385 0 2
0 0.845 0.395 0 2
0 0.845 0.405 0 2
0 0.845 0.415 0 2
0 0.845 0.425 0 2
0 0.845 0.435 0 2
0 0.845 0.445 0 2
0 0.845 0.455 0 2
0 0.845 0.465 0 2
0 0.855 -0.455 0 2
0 0.855 -0.445 0 2
0 0.855 -0.435 0 2
0 0.855 -0.425 0 2
0 0.855 -0.415 0 2
0 0.855 -0.405 0 2
0 0.855 -0.395 0 2
0 0.855 -0.385 0 2
0 0.855 -0.375 0 2
0 0.855 -0.365 0 2
0 0.855 -0.355 0 2
0 0.855 -0.345 0 2
0 0.855 -0.335 0 2
0 0.855 -0.325 0 2
0 0.855 -0.315 0 1
0 0.855 -0.305 0 1
0 0.855 -0.295 0 1
0 0.855 -0.285 0 1
0 0.855 -0.275 0 1
0 0.855 -0.265 0 1
0 0.855 -0.255 0 1
0 0.855 -0.245 0 2
0 0.855 -0.235 0 1
0 0.855 -0.225 0 1
0 0.855 -0.215 0 1
0 0.855 -0.205 0 1
0 0.855 -0.195 0 1
0 0.855 -0.185 0 1
0 0.855 -0.175 0 1
0 0.855 -0.165 0 1
0 0.855 -0.155 0 1
0 0.855 -0.145 0 1
0 0.855 -0.135 0 1
0 0.855 -0.125 0 1
0 0.855 -0.115 0 2
0 0.855 -0.105 0 2
0 0.855 -0.095 0 2
0 0.855 -0.085 0 2
0 0.855 -0.075 0 2
0 0.855 -0.065 0 1
0 0.855 -0.055 0 1
0 0.855 -0.045 0 1
0 0.855 -0.035 0 1
0 0.855 -0.025 0 1
0 0.855 -0.015 0 1
0 0.855 -0.005 0 1
0 0.855 0.005 0 1
0 0.855 0.015 0 1
0 0.855 0.025 0 2
0 0.855 0.035 0 2
0 0.855 0.045 0 2
0 0.855 0.055 0 2
0 0.855 0.065 0 2
0 0.855 0.075 0 2
0 0.855 0.085 0 2
0 0.855 0.095 0 2
0 0.855 0.105 0 2
0 0.855 0.115 0 2
0 0.855 0.125 0 2
0 0.855 0.135 0 2
0 0.855 0.145 0 2
0 0.855 0.155 0 2
0 0.855 0.165 0 2
0 0.855 0.175 0 2
0 0.855 0.185 0 2
0 0.855 0.195 0 2
0 0.855 0.205 0 2
0 0.855 0.215 0 2
0 0.855 0.225 0 2
0 0.855 0.235 0 2
0 0.855 0.245 0 2
0 0.855 0.255 0 2
0 0.855 0.265 0 2
0 0.855 0.275 0 2
0 0.855 0.285 0 2
0 0.855 0.295 0 2
0 0.855 0.305 0 2
0 0.855 0.315 0 2
0 0.855 0.325 0 2
0 0.855 0.335 0 2
0 0.855 0.345 0 2
0 0.855 0.355 0 2
0 0.855 0.365 0 2
0 0.855 0.375 0 2
0 0.855 0.385 0 2
0 0.855 0.395 0 2
0 0.855 0.405 0 2
0 0.855 0.415 0 2
0 0.855 0.425 0 2
0 0.855 0.435 0 2
0 0.855 0.445 0 2
0 0.855 0.455 0 2
0 0.855 0.465 0 2
0 0.865 -0.455 0 2
0 0.865 -0.445 0 2
0 0.865 -0.435 0 2
0 0.865 -0.425 0 2
0 0.865 -0.415 0 2
0 0.865 -0.405 0 2
0 0.865 -0.395 0 2
0 0.865 -0.385 0 2
0 0.865 -0.375 0 2
0 0.865 -0.365 0 2
0 0.865 -0.355 0 2
0 0.865 -0.345 0 2
0 0.865 -0.335 0 2
0 0.865 -0.325 0 2
0 0.865 -0.315 0 2
0 0.865 -0.305 0 1
0 0.865 -0.295 0 1
0 0.865 -0.285 0 1
0 0.865 -0.275 0 1
0 0.865 -0.265 0 1
0 0.865 -0.255 0 1
0 0.865 -0.245 0 2
0 0.865 -0.235 0 2
0 0.865 -0.225 0 2
0 0.865 -0.215 0 2
0 0.865 -0.205 0 2
0 0.865 -0.195 0 1
0 0.865 -0.185 0 1
0 0.865 -0.175 0 1
0 0.865 -0.165 0 1
0 0.865 -0.155 0 1
0 0.865 -0.145 0 1
0 0.865 -0.135 0 1
0 0.865 -0.125 0 2
0 0.865 -0.115 0 2
0 0.865 -0.105 0 2
0 0.865 -0.095 0 2
0 0.865 -0.085 0 2
0 0.865 -0.075 0 1
0 0.865 -0.065 0 1
0 0.865 -0.055 0 1
0 0.865 -0.045 0 1
0 0.865 -0.035 0 1
0 0.865 -0.025 0 1
0 0.865 -0.015 0 1
0 0.865 -0.005 0 1
0 0.865 0.005 0 1
0 0.865 0.015 0 1
0 0.865 0.025 0 2
0 0.865 0.035 0 2
0 0.865 0.045 0 2
0 0.865 0.055 0 2
0 0.865 0.065 0 2
0 0.865 0.075 0 2
0 0.865 0.085 0 2
0 0.865 0.095 0 2
0 0.865 0.105 0 2
0 0.865 0.115 0 2
0 0.865 0.125 0 2
0 0.865 0.135 0 2
0 0.865 0.145 0 2
0 0.865 0.155 0 2
0 0.865 0.165 0 2
0 0.865 0.175 0 2
0 0.865 0.185 0 2
0 0.865 0.195 0 2
0 0.865 0.205 0 2
0 0.865 0.215 0 2
0 0.865 0.225 0 2
0 0.865 0.235 0 2
0 0.865 0.245 0 2
0 0.865 0.255 0 2
0 0.865 0.265 0 2
0 0.865 0.275 0 2
0 0.865 0.285 0 2
0 0.865 0.295 0 2
0 0.865 0.305 0 2
0 0.865 0.315 0 2
0 0.865 0.325 0 2
0 0.865 0.335 0 2
0 0.865 0.345 0 2
0 0.865 0.355 0 2
0 0.865 0.365 0 2
0 0.865 0.375 0 2
0 0.865 0.385 0 2
0 0.865 0.395 0 2
0 0.865 0.405 0 2
0 0.865 0.415 0 2
0 0.865 0.425 0 2
0 0.865 0.435 0 2
0 0.865 0.445 0 2
0 0.865 0.455 0 2
0 0.865 0.465 0 2
