t x y content type
0 -0.055 -0.455 0 2
0 -0.055 -0.445 0 2
0 -0.055 -0.435 0 2
0 -0.055 -0.425 0 2
0 -0.055 -0.415 0 2
0 -0.055 -0.405 0 2
0 -0.055 -0.395 0 2
0 -0.055 -0.385 0 2
0 -0.055 -0.375 0 2
0 -0.055 -0.365 0 2
0 -0.055 -0.355 0 2
0 -0.055 -0.345 0 2
0 -0.055 -0.335 0 1
0 -0.055 -0.325 0 1
0 -0.055 -0.315 0 1
0 -0.055 -0.305 0 1
0 -0.055 -0.295 0 1
0 -0.055 -0.285 0 1
0 -0.055 -0.275 0 1
0 -0.055 -0.265 0 2
0 -0.055 -0.255 0 2
0 -0.055 -0.245 0 2
0 -0.055 -0.235 0 2
0 -0.055 -0.225 0 2
0 -0.055 -0.215 0 2
0 -0.055 -0.205 0 2
0 -0.055 -0.195 0 2
0 -0.055 -0.185 0 2
0 -0.055 -0.175 0 2
0 -0.055 -0.165 0 2
0 -0.055 -0.155 0 2
0 -0.055 -0.145 0 2
0 -0.055 -0.135 0 2
0 -0.055 -0.125 0 2
0 -0.055 -0.115 0 2
0 -0.055 -0.105 0 2
0 -0.055 -0.095 0 2
0 -0.055 -0.085 0 2
0 -0.055 -0.075 0 2
0 -0.055 -0.065 0 2
0 -0.055 -0.055 0 1
0 -0.055 -0.045 0 1
0 -0.055 -0.035 0 1
0 -0.055 -0.025 0 1
0 -0.055 -0.015 0 1
0 -0.055 -0.005 0 1
0 -0.055 0.005 0 1
0 -0.055 0.015 0 1
0 -0.055 0.025 0 1
0 -0.055 0.035 0 1
0 -0.055 0.045 0 1
0 -0.055 0.055 0 1
0 -0.055 0.065 0 1
0 -0.055 0.075 0 2
0 -0.055 0.085 0 2
0 -0.055 0.095 0 2
0 -0.055 0.105 0 2
0 -0.055 0.115 0 2
0 -0.055 0.125 0 2
0 -0.055 0.135 0 2
0 -0.055 0.145 0 1
0 -0.055 0.155 0 1
0 -0.055 0.165 0 1
0 -0.055 0.175 0 1
0 -0.055 0.185 0 1
0 -0.055 0.195 0 1
0 -0.055 0.205 0 1
0 -0.055 0.215 0 1
0 -0.055 0.225 0 1
0 -0.055 0.235 0 1
0 -0.055 0.245 0 2
0 -0.055 0.255 0 2
0 -0.055 0.265 0 2
0 -0.055 0.275 0 2
0 -0.055 0.285 0 1
0 -0.055 0.295 0 1
0 -0.055 0.305 0 1
0 -0.055 0.315 0 1
0 -0.055 0.325 0 1
0 -0.055 0.335 0 1
0 -0.055 0.345 0 1
0 -0.055 0.355 0 1
0 -0.055 0.365 0 1
0 -0.055 0.375 0 2
0 -0.055 0.385 0 2
0 -0.055 0.395 0 2
0 -0.055 0.405 0 2
0 -0.055 0.415 0 2
0 -0.055 0.425 0 2
0 -0.055 0.435 0 2
0 -0.055 0.445 0 2
0 -0.055 0.455 0 2
0 -0.055 0.465 0 1
0 -0.045 -0.455 0 2
0 -0.045 -0.445 0 2
0 -0.045 -0.435 0 2
0 -0.045 -0.425 0 2
0 -0.045 -0.415 0 2
0 -0.045 -0.405 0 2
0 -0.045 -0.395 0 2
0 -0.045 -0.385 0 2
0 -0.045 -0.375 0 2
0 -0.045 -0.365 0 2
0 -0.045 -0.355 0 2
0 -0.045 -0.345 0 2
0 -0.045 -0.335 0 2
0 -0.045 -0.325 0 2
0 -0.045 -0.315 0 2
0 -0.045 -0.305 0 1
0 -0.045 -0.295 0 1
0 -0.045 -0.285 0 2
0 -0.045 -0.275 0 2
0 -0.045 -0.265 0 2
0 -0.045 -0.255 0 2
0 -0.045 -0.245 0 2
0 -0.045 -0.235 0 2
0 -0.045 -0.225 0 2
0 -0.045 -0.215 0 2
0 -0.045 -0.205 0 2
0 -0.045 -0.195 0 2
0 -0.045 -0.185 0 2
0 -0.045 -0.175 0 2
0 -0.045 -0.165 0 2
0 -0.045 -0.155 0 2
0 -0.045 -0.145 0 2
0 -0.045 -0.135 0 2
0 -0.045 -0.125 0 2
0 -0.045 -0.115 0 2
0 -0.045 -0.105 0 2
0 -0.045 -0.095 0 2
0 -0.045 -0.085 0 2
0 -0.045 -0.075 0 2
0 -0.045 -0.065 0 2
0 -0.045 -0.055 0 1
0 -0.045 -0.045 0 1
0 -0.045 -0.035 0 1
0 -0.045 -0.025 0 1
0 -0.045 -0.015 0 1
0 -0.045 -0.005 0 1
0 -0.045 0.005 0 1
0 -0.045 0.015 0 1
0 -0.045 0.025 0 1
0 -0.045 0.035 0 1
0 -0.045 0.045 0 1
0 -0.045 0.055 0 1
0 -0.045 0.065 0 1
0 -0.045 0.075 0 2
0 -0.045 0.085 0 2
0 -0.045 0.095 0 2
0 -0.045 0.105 0 2
0 -0.045 0.115 0 2
0 -0.045 0.125 0 2
0 -0.045 0.135 0 2
0 -0.045 0.145 0 2
0 -0.045 0.155 0 1
0 -0.045 0.165 0 1
0 -0.045 0.175 0 1
0 -0.045 0.185 0 1
0 -0.045 0.195 0 1
0 -0.045 0.205 0 1
0 -0.045 0.215 0 1
0 -0.045 0.225 0 1
0 -0.045 0.235 0 1
0 -0.045 0.245 0 2
0 -0.045 0.255 0 2
0 -0.045 0.265 0 2
0 -0.045 0.275 0 2
0 -0.045 0.285 0 2
0 -0.045 0.295 0 1
0 -0.045 0.305 0 1
0 -0.045 0.315 0 1
0 -0.045 0.325 0 1
0 -0.045 0.335 0 1
0 -0.045 0.345 0 1
0 -0.045 0.355 0 1
0 -0.045 0.365 0 1
0 -0.045 0.375 0 2
0 -0.045 0.385 0 2
0 -0.045 0.395 0 2
0 -0.045 0.405 0 2
0 -0.045 0.415 0 2
0 -0.045 0.425 0 2
0 -0.045 0.435 0 2
0 -0.045 0.445 0 2
0 -0.045 0.455 0 2
0 -0.045 0.465 0 2
0 -0.035 -0.455 0 2
0 -0.035 -0.445 0 2
0 -0.035 -0.435 0 2
0 -0.035 -0.425 0 2
0 -0.035 -0.415 0 2
0 -0.035 -0.405 0 2
0 -0.035 -0.395 0 2
0 -0.035 -0.385 0 2
0 -0.035 -0.375 0 2
0 -0.035 -0.365 0 2
0 -0.035 -0.355 0 2
0 -0.035 -0.345 0 2
0 -0.035 -0.335 0 2
0 -0.035 -0.325 0 2
0 -0.035 -0.315 0 2
0 -0.035 -0.305 0 2
0 -0.035 -0.295 0 2
0 -0.035 -0.285 0 2
0 -0.035 -0.275 0 2
0 -0.035 -0.265 0 2
0 -0.035 -0.255 0 2
0 -0.035 -0.245 0 2
0 -0.035 -0.235 0 2
0 -0.035 -0.225 0 2
0 -0.035 -0.215 0 2
0 -0.035 -0.205 0 2
0 -0.035 -0.195 0 2
0 -0.035 -0.185 0 2
0 -0.035 -0.175 0 2
0 -0.035 -0.165 0 2
0 -0.035 -0.155 0 2
0 -0.035 -0.145 0 2
0 -0.035 -0.135 0 2
0 -0.035 -0.125 0 2
0 -0.035 -0.115 0 2
0 -0.035 -0.105 0 2
0 -0.035 -0.095 0 2
0 -0.035 -0.085 0 2
0 -0.035 -0.075 0 2
0 -0.035 -0.065 0 2
0 -0.035 -0.055 0 1
0 -0.035 -0.045 0 1
0 -0.035 -0.035 0 1
0 -0.035 -0.025 0 1
0 -0.035 -0.015 0 1
0 -0.035 -0.005 0 1
0 -0.035 0.005 0 1
0 -0.035 0.015 0 1
0 -0.035 0.025 0 1
0 -0.035 0.035 0 1
0 -0.035 0.045 0 1
0 -0.035 0.055 0 1
0 -0.035 0.065 0 1
0 -0.035 0.075 0 2
0 -0.035 0.085 0 2
0 -0.035 0.095 0 2
0 -0.035 0.105 0 2
0 -0.035 0.115 0 2
0 -0.035 0.125 0 2
0 -0.035 0.135 0 2
0 -0.035 0.145 0 2
0 -0.035 0.155 0 2
0 -0.035 0.165 0 1
0 -0.035 0.175 0 1
0 -0.035 0.185 0 1
0 -0.035 0.195 0 1
0 -0.035 0.205 0 1
0 -0.035 0.215 0 1
0 -0.035 0.225 0 1
0 -0.035 0.235 0 1
0 -0.035 0.245 0 2
0 -0.035 0.255 0 2
0 -0.035 0.265 0 2
0 -0.035 0.275 0 2
0 -0.035 0.285 0 2
0 -0.035 0.295 0 2
0 -0.035 0.305 0 2
0 -0.035 0.315 0 1
0 -0.035 0.325 0 1
0 -0.035 0.335 0 1
0 -0.035 0.345 0 1
0 -0.035 0.355 0 1
0 -0.035 0.365 0 2
0 -0.035 0.375 0 2
0 -0.035 0.385 0 2
0 -0.035 0.395 0 2
0 -0.035 0.405 0 2
0 -0.035 0.415 0 2
0 -0.035 0.425 0 2
0 -0.035 0.435 0 2
0 -0.035 0.445 0 2
0 -0.035 0.455 0 2
0 -0.035 0.465 0 2
0 -0.025 -0.455 0 2
0 -0.025 -0.445 0 2
0 -0.025 -0.435 0 2
0 -0.025 -0.425 0 2
0 -0.025 -0.415 0 2
0 -0.025 -0.405 0 2
0 -0.025 -0.395 0 2
0 -0.025 -0.385 0 2
0 -0.025 -0.375 0 2
0 -0.025 -0.365 0 2
0 -0.025 -0.355 0 2
0 -0.025 -0.345 0 2
0 -0.025 -0.335 0 2
0 -0.025 -0.325 0 2
0 -0.025 -0.315 0 2
0 -0.025 -0.305 0 2
0 -0.025 -0.295 0 2
0 -0.025 -0.285 0 2
0 -0.025 -0.275 0 2
0 -0.025 -0.265 0 2
0 -0.025 -0.255 0 2
0 -0.025 -0.245 0 2
0 -0.025 -0.235 0 2
0 -0.025 -0.225 0 2
0 -0.025 -0.215 0 2
0 -0.025 -0.205 0 2
0 -0.025 -0.195 0 2
0 -0.025 -0.185 0 2
0 -0.025 -0.175 0 2
0 -0.025 -0.165 0 2
0 -0.025 -0.155 0 2
0 -0.025 -0.145 0 2
0 -0.025 -0.135 0 2
0 -0.025 -0.125 0 2
0 -0.025 -0.115 0 2
0 -0.025 -0.105 0 2
0 -0.025 -0.095 0 2
0 -0.025 -0.085 0 2
0 -0.025 -0.075 0 2
0 -0.025 -0.065 0 2
0 -0.025 -0.055 0 1
0 -0.025 -0.045 0 1
0 -0.025 -0.035 0 1
0 -0.025 -0.025 0 1
0 -0.025 -0.015 0 1
0 -0.025 -0.005 0 1
0 -0.025 0.005 0 1
0 -0.025 0.015 0 1
0 -0.025 0.025 0 1
0 -0.025 0.035 0 1
0 -0.025 0.045 0 1
0 -0.025 0.055 0 1
0 -0.025 0.065 0 2
0 -0.025 0.075 0 2
0 -0.025 0.085 0 2
0 -0.025 0.095 0 2
0 -0.025 0.105 0 2
0 -0.025 0.115 0 2
0 -0.025 0.125 0 2
0 -0.025 0.135 0 2
0 -0.025 0.145 0 2
0 -0.025 0.155 0 2
0 -0.025 0.165 0 2
0 -0.025 0.175 0 2
0 -0.025 0.185 0 2
0 -0.025 0.195 0 1
0 -0.025 0.205 0 1
0 -0.025 0.215 0 1
0 -0.025 0.225 0 2
0 -0.025 0.235 0 2
0 -0.025 0.245 0 2
0 -0.025 0.255 0 2
0 -0.025 0.265 0 2
0 -0.025 0.275 0 2
0 -0.025 0.285 0 2
0 -0.025 0.295 0 2
0 -0.025 0.305 0 2
0 -0.025 0.315 0 2
0 -0.025 0.325 0 2
0 -0.025 0.335 0 2
0 -0.025 0.345 0 2
0 -0.025 0.355 0 2
0 -0.025 0.365 0 2
0 -0.025 0.375 0 1
0 -0.025 0.385 0 1
0 -0.025 0.395 0 1
0 -0.025 0.405 0 2
0 -0.025 0.415 0 2
0 -0.025 0.425 0 2
0 -0.025 0.435 0 2
0 -0.025 0.445 0 2
0 -0.025 0.455 0 2
0 -0.025 0.465 0 2
0 -0.015 -0.455 0 2
0 -0.015 -0.445 0 2
0 -0.015 -0.435 0 2
0 -0.015 -0.425 0 2
0 -0.015 -0.415 0 2
0 -0.015 -0.405 0 2
0 -0.015 -0.395 0 2
0 -0.015 -0.385 0 2
0 -0.015 -0.375 0 2
0 -0.015 -0.365 0 2
0 -0.015 -0.355 0 2
0 -0.015 -0.345 0 2
0 -0.015 -0.335 0 2
0 -0.015 -0.325 0 2
0 -0.015 -0.315 0 2
0 -0.015 -0.305 0 2
0 -0.015 -0.295 0 2
0 -0.015 -0.285 0 2
0 -0.015 -0.275 0 2
0 -0.015 -0.265 0 2
0 -0.015 -0.255 0 2
0 -0.015 -0.245 0 2
0 -0.015 -0.235 0 2
0 -0.015 -0.225 0 2
0 -0.015 -0.215 0 2
0 -0.015 -0.205 0 2
0 -0.015 -0.195 0 2
0 -0.015 -0.185 0 2
0 -0.015 -0.175 0 2
0 -0.015 -0.165 0 2
0 -0.015 -0.155 0 2
0 -0.015 -0.145 0 2
0 -0.015 -0.135 0 2
0 -0.015 -0.125 0 2
0 -0.015 -0.115 0 2
0 -0.015 -0.105 0 2
0 -0.015 -0.095 0 2
0 -0.015 -0.085 0 2
0 -0.015 -0.075 0 2
0 -0.015 -0.065 0 2
0 -0.015 -0.055 0 2
0 -0.015 -0.045 0 1
0 -0.015 -0.035 0 1
0 -0.015 -0.025 0 1
0 -0.015 -0.015 0 2
0 -0.015 -0.005 0 2
0 -0.015 0.005 0 1
0 -0.015 0.015 0 1
0 -0.015 0.025 0 1
0 -0.015 0.035 0 1
0 -0.015 0.045 0 1
0 -0.015 0.055 0 1
0 -0.015 0.065 0 2
0 -0.015 0.075 0 2
0 -0.015 0.085 0 2
0 -0.015 0.095 0 2
0 -0.015 0.105 0 2
0 -0.015 0.115 0 2
0 -0.015 0.125 0 2
0 -0.015 0.135 0 2
0 -0.015 0.145 0 2
0 -0.015 0.155 0 2
0 -0.015 0.165 0 2
0 -0.015 0.175 0 2
0 -0.015 0.185 0 2
0 -0.015 0.195 0 2
0 -0.015 0.205 0 2
0 -0.015 0.215 0 2
0 -0.015 0.225 0 2
0 -0.015 0.235 0 2
0 -0.015 0.245 0 2
0 -0.015 0.255 0 2
0 -0.015 0.265 0 2
0 -0.015 0.275 0 2
0 -0.015 0.285 0 2
0 -0.015 0.295 0 2
0 -0.015 0.305 0 2
0 -0.015 0.315 0 2
0 -0.015 0.325 0 2
0 -0.015 0.335 0 2
0 -0.015 0.345 0 2
0 -0.015 0.355 0 2
0 -0.015 0.365 0 1
0 -0.015 0.375 0 1
0 -0.015 0.385 0 1
0 -0.015 0.395 0 1
0 -0.015 0.405 0 1
0 -0.015 0.415 0 2
0 -0.015 0.425 0 2
0 -0.015 0.435 0 2
0 -0.015 0.445 0 2
0 -0.015 0.455 0 2
0 -0.015 0.465 0 2
0 -0.005 -0.455 0 2
0 -0.005 -0.445 0 2
0 -0.005 -0.435 0 2
0 -0.005 -0.425 0 2
0 -0.005 -0.415 0 2
0 -0.005 -0.405 0 2
0 -0.005 -0.395 0 2
0 -0.005 -0.385 0 2
0 -0.005 -0.375 0 2
0 -0.005 -0.365 0 2
0 -0.005 -0.355 0 2
0 -0.005 -0.345 0 2
0 -0.005 -0.335 0 2
0 -0.005 -0.325 0 2
0 -0.005 -0.315 0 2
0 -0.005 -0.305 0 2
0 -0.005 -0.295 0 2
0 -0.005 -0.285 0 2
0 -0.005 -0.275 0 2
0 -0.005 -0.265 0 2
0 -0.005 -0.255 0 2
0 -0.005 -0.245 0 2
0 -0.005 -0.235 0 2
0 -0.005 -0.225 0 2
0 -0.005 -0.215 0 2
0 -0.005 -0.205 0 2
0 -0.005 -0.195 0 2
0 -0.005 -0.185 0 2
0 -0.005 -0.175 0 2
0 -0.005 -0.165 0 2
0 -0.005 -0.155 0 2
0 -0.005 -0.145 0 2
0 -0.005 -0.135 0 2
0 -0.005 -0.125 0 2
0 -0.005 -0.115 0 2
0 -0.005 -0.105 0 2
0 -0.005 -0.095 0 2
0 -0.005 -0.085 0 2
0 -0.005 -0.075 0 2
0 -0.005 -0.065 0 2
0 -0.005 -0.055 0 2
0 -0.005 -0.045 0 2
0 -0.005 -0.035 0 2
0 -0.005 -0.025 0 2
0 -0.005 -0.015 0 2
0 -0.005 -0.005 0 2
0 -0.005 0.005 0 2
0 -0.005 0.015 0 1
0 -0.005 0.025 0 1
0 -0.005 0.035 0 1
0 -0.005 0.045 0 1
0 -0.005 0.055 0 2
0 -0.005 0.065 0 2
0 -0.005 0.075 0 2
0 -0.005 0.085 0 2
0 -0.005 0.095 0 2
0 -0.005 0.105 0 2
0 -0.005 0.115 0 2
0 -0.005 0.125 0 2
0 -0.005 0.135 0 2
0 -0.005 0.145 0 2
0 -0.005 0.155 0 2
0 -0.005 0.165 0 2
0 -0.005 0.175 0 2
0 -0.005 0.185 0 2
0 -0.005 0.195 0 2
0 -0.005 0.205 0 2
0 -0.005 0.215 0 2
0 -0.005 0.225 0 2
0 -0.005 0.235 0 2
0 -0.005 0.245 0 2
0 -0.005 0.255 0 2
0 -0.005 0.265 0 2
0 -0.005 0.275 0 2
0 -0.005 0.285 0 2
0 -0.005 0.295 0 2
0 -0.005 0.305 0 2
0 -0.005 0.315 0 2
0 -0.005 0.325 0 2
0 -0.005 0.335 0 2
0 -0.005 0.345 0 2
0 -0.005 0.355 0 2
0 -0.005 0.365 0 1
0 -0.005 0.375 0 1
0 -0.005 0.385 0 1
0 -0.005 0.395 0 1
0 -0.005 0.405 0 1
0 -0.005 0.415 0 1
0 -0.005 0.425 0 2
0 -0.005 0.435 0 2
0 -0.005 0.445 0 2
0 -0.005 0.455 0 2
0 -0.005 0.465 0 2
0 0.005 -0.455 0 1
0 0.005 -0.445 0 2
0 0.005 -0.435 0 2
0 0.005 -0.425 0 2
0 0.005 -0.415 0 2
0 0.005 -0.405 0 2
0 0.005 -0.395 -0.0003089323827 2
0 0.005 -0.385 -0.0004250351269 2
0 0.005 -0.375 -0.0005160288798 2
0 0.005 -0.365 -0.0005851573376 2
0 0.005 -0.355 -0.0006406660347 2
0 0.005 -0.345 -0.0006866556121 2
0 0.005 -0.335 -0.0007257084753 2
0 0.005 -0.325 -0.0007598681539 2
0 0.005 -0.315 -0.0007908839707 2
0 0.005 -0.305 -0.0008209431649 2
0 0.005 -0.295 -0.0008525546654 2
0 0.005 -0.285 -0.0008896617139 2
0 0.005 -0.275 -0.0009402666438 2
0 0.005 -0.265 -0.001005599442 2
0 0.005 -0.255 -0.00107979767 2
0 0.005 -0.245 -0.001116732234 2
0 0.005 -0.235 -0.001124315231 2
0 0.005 -0.225 -0.001097077479 2
0 0.005 -0.215 -0.001081354751 2
0 0.005 -0.205 -0.001064863225 2
0 0.005 -0.195 -0.001053542704 2
0 0.005 -0.185 -0.001044827483 2
0 0.005 -0.175 -0.001040467374 2
0 0.005 -0.165 -0.001039776841 2
0 0.005 -0.155 -0.001041787945 2
0 0.005 -0.145 -0.001045440915 2
0 0.005 -0.135 -0.001049939097 2
0 0.005 -0.125 -0.001054734377 2
0 0.005 -0.115 -0.001059454738 2
0 0.005 -0.105 -0.001063846488 2
0 0.005 -0.095 -0.001067711578 2
0 0.005 -0.085 -0.001070803269 2
0 0.005 -0.075 -0.001072817518 2
0 0.005 -0.065 -0.001068997791 2
0 0.005 -0.055 -0.001057317916 2
0 0.005 -0.045 -0.001033307795 2
0 0.005 -0.035 -0.001025697597 2
0 0.005 -0.025 -0.00103101505 2
0 0.005 -0.015 -0.001046557144 2
0 0.005 -0.005 -0.00103532424 2
0 0.005 0.005 -0.0009938876218 2
0 0.005 0.015 -0.0009183690004 2
0 0.005 0.025 -0.0008959938522 2
0 0.005 0.035 -0.0008957249822 2
0 0.005 0.045 -0.0009176840192 2
0 0.005 0.055 -0.000993093177 2
0 0.005 0.065 -0.001039425625 2
0 0.005 0.075 -0.001062335764 2
0 0.005 0.085 -0.001069168464 2
0 0.005 0.095 -0.001067340478 2
0 0.005 0.105 -0.001062434255 2
0 0.005 0.115 -0.001054877096 2
0 0.005 0.125 -0.001044668562 2
0 0.005 0.135 -0.001031586689 2
0 0.005 0.145 -0.001015722507 2
0 0.005 0.155 -0.001002216693 2
0 0.005 0.165 -0.0009948951778 2
0 0.005 0.175 -0.001004078234 2
0 0.005 0.185 -0.001031947347 1
0 0.005 0.195 -0.001027706158 1
0 0.005 0.205 -0.001021225149 1
0 0.005 0.215 -0.00102187607 1
0 0.005 0.225 -0.001032087298 1
0 0.005 0.235 -0.001035646619 2
0 0.005 0.245 -0.001040231521 2
0 0.005 0.255 -0.0009997897199 2
0 0.005 0.265 -0.0009481841565 2
0 0.005 0.275 -0.0009012831584 2
0 0.005 0.285 -0.0008634356553 2
0 0.005 0.295 -0.0008326128527 2
0 0.005 0.305 -0.000802132098 2
0 0.005 0.315 -0.0007681430123 2
0 0.005 0.325 -0.0007268217813 2
0 0.005 0.335 -0.0006726977399 2
0 0.005 0.345 -0.0005996105828 2
0 0.005 0.355 -0.0005116073613 1
0 0.005 0.365 -0.000420399988 1
0 0.005 0.375 -0.0003584095194 1
0 0.005 0.385 -0.0002898222192 1
0 0.005 0.395 -0.0002077079583 1
0 0.005 0.405 0 1
0 0.005 0.415 0 1
0 0.005 0.425 0 1
0 0.005 0.435 0 2
0 0.005 0.445 0 2
0 0.005 0.455 0 2
0 0.005 0.465 0 2
0 0.015 -0.455 0 1
0 0.015 -0.445 0 2
0 0.015 -0.435 0 2
0 0.015 -0.425 0 2
0 0.015 -0.415 0 2
0 0.015 -0.405 0 2
0 0.015 -0.395 -0.000431914296 2
0 0.015 -0.385 -0.000629784668 2
0 0.015 -0.375 -0.0007904215485 2
0 0.015 -0.365 -0.0009104915661 2
0 0.015 -0.355 -0.001006464147 2
0 0.015 -0.345 -0.001085066809 2
0 0.015 -0.335 -0.001151056467 2
0 0.015 -0.325 -0.001207967628 2
0 0.015 -0.315 -0.001258826954 2
0 0.015 -0.305 -0.001307074565 2
0 0.015 -0.295 -0.001356614258 2
0 0.015 -0.285 -0.001419424792 2
0 0.015 -0.275 -0.001502102976 2
0 0.015 -0.265 -0.001610043704 2
0 0.015 -0.255 -0.001716985058 2
0 0.015 -0.245 -0.00177127738 2
0 0.015 -0.235 -0.001799480811 2
0 0.015 -0.225 -0.001778497298 2
0 0.015 -0.215 -0.001767449257 2
0 0.015 -0.205 -0.001728870661 2
0 0.015 -0.195 -0.001700485805 2
0 0.015 -0.185 -0.001681823196 2
0 0.015 -0.175 -0.001674205207 2
0 0.015 -0.165 -0.00167294991 2
0 0.015 -0.155 -0.001676468498 2
0 0.015 -0.145 -0.001682898184 2
0 0.015 -0.135 -0.00169075608 2
0 0.015 -0.125 -0.001699005157 2
0 0.015 -0.115 -0.001707020637 2
0 0.015 -0.105 -0.00171438778 2
0 0.015 -0.095 -0.001720806941 2
0 0.015 -0.085 -0.001725874357 2
0 0.015 -0.075 -0.00172911956 2
0 0.015 -0.065 -0.001729551604 2
0 0.015 -0.055 -0.001727260596 2
0 0.015 -0.045 -0.00172230756 2
0 0.015 -0.035 -0.00171992415 2
0 0.015 -0.025 -0.001718791241 2
0 0.015 -0.015 -0.001716716724 2
0 0.015 -0.005 -0.001698291619 2
0 0.015 0.005 -0.001659814829 2
0 0.015 0.015 -0.001596899392 2
0 0.015 0.025 -0.001566829514 2
0 0.015 0.035 -0.001566569309 2
0 0.015 0.045 -0.001596351386 2
0 0.015 0.055 -0.001659540436 2
0 0.015 0.065 -0.001699588671 2
0 0.015 0.075 -0.001720376383 2
0 0.015 0.085 -0.001724956188 2
0 0.015 0.095 -0.001722438409 2
0 0.015 0.105 -0.001714697342 2
0 0.015 0.115 -0.001702400955 2
0 0.015 0.125 -0.001685431819 2
0 0.015 0.135 -0.001663135371 2
0 0.015 0.145 -0.001635077873 2
0 0.015 0.155 -0.0016032458 2
0 0.015 0.165 -0.001572490702 2
0 0.015 0.175 -0.001566030575 2
0 0.015 0.185 -0.001538123572 1
0 0.015 0.195 -0.001524125974 1
0 0.015 0.205 -0.001513828034 1
0 0.015 0.215 -0.00151328863 1
0 0.015 0.225 -0.001528486713 1
0 0.015 0.235 -0.001576889143 1
0 0.015 0.245 -0.001597697912 1
0 0.015 0.255 -0.001580201906 2
0 0.015 0.265 -0.001518300268 2
0 0.015 0.275 -0.001443231424 2
0 0.015 0.285 -0.001380857536 2
0 0.015 0.295 -0.001327753055 2
0 0.015 0.305 -0.001278973329 2
0 0.015 0.315 -0.00122320976 2
0 0.015 0.325 -0.001154347647 2
0 0.015 0.335 -0.00106199913 2
0 0.015 0.345 -0.000939821463 2
0 0.015 0.355 -0.0007739153775 1
0 0.015 0.365 -0.0006625904977 1
0 0.015 0.375 -0.000555526512 1
0 0.015 0.385 -0.0004329427086 1
0 0.015 0.395 -0.0002898132251 1
0 0.015 0.405 0 1
0 0.015 0.415 0 1
0 0.015 0.425 0 1
0 0.015 0.435 0 2
0 0.015 0.445 0 2
0 0.015 0.455 0 2
0 0.015 0.465 0 2
0 0.025 -0.455 0 1
0 0.025 -0.445 0 1
0 0.025 -0.435 0 2
0 0.025 -0.425 0 2
0 0.025 -0.415 0 2
0 0.025 -0.405 0 2
0 0.025 -0.395 -0.00054644534 2
0 0.025 -0.385 -0.000830871471 2
0 0.025 -0.375 -0.001070115831 2
0 0.025 -0.365 -0.001249734321 2
0 0.025 -0.355 -0.001393908653 2
0 0.025 -0.345 -0.001511485656 2
0 0.025 -0.335 -0.001609628731 2
0 0.025 -0.325 -0.001693512167 2
0 0.025 -0.315 -0.001767756474 2
0 0.025 -0.305 -0.001836969314 2
0 0.025 -0.295 -0.001906397726 2
0 0.025 -0.285 -0.001990927358 2
0 0.025 -0.275 -0.002095277511 2
0 0.025 -0.265 -0.002234516804 2
0 0.025 -0.255 -0.002333402772 1
0 0.025 -0.245 -0.002399190544 1
0 0.025 -0.235 -0.002449996326 1
0 0.025 -0.225 -0.002475512139 2
0 0.025 -0.215 -0.002492321432 2
0 0.025 -0.205 -0.002456523957 2
0 0.025 -0.195 -0.002415363322 2
0 0.025 -0.185 -0.002385836202 2
0 0.025 -0.175 -0.002371734513 2
0 0.025 -0.165 -0.002370333208 2
0 0.025 -0.155 -0.002376040904 2
0 0.025 -0.145 -0.002385855932 2
0 0.025 -0.135 -0.002397652137 2
0 0.025 -0.125 -0.002409874579 2
0 0.025 -0.115 -0.002421630032 2
0 0.025 -0.105 -0.002432353986 2
0 0.025 -0.095 -0.002441667125 2
0 0.025 -0.085 -0.002449135711 2
0 0.025 -0.075 -0.002454302204 2
0 0.025 -0.065 -0.002456570858 2
0 0.025 -0.055 -0.002456228833 2
0 0.025 -0.045 -0.002453934138 2
0 0.025 -0.035 -0.002452151888 2
0 0.025 -0.025 -0.002449784312 2
0 0.025 -0.015 -0.002444278464 2
0 0.025 -0.005 -0.002429540471 2
0 0.025 0.005 -0.00240547179 2
0 0.025 0.015 -0.00237555713 2
0 0.025 0.025 -0.002358732085 2
0 0.025 0.035 -0.002358559811 2
0 0.025 0.045 -0.002375230798 2
0 0.025 0.055 -0.00240541947 2
0 0.025 0.065 -0.002430441166 2
0 0.025 0.075 -0.002445967631 2
0 0.025 0.085 -0.002450615401 2
0 0.025 0.095 -0.00244668413 2
0 0.025 0.105 -0.002435655235 2
0 0.025 0.115 -0.00241818307 2
0 0.025 0.125 -0.002393883444 2
0 0.025 0.135 -0.002361648867 2
0 0.025 0.145 -0.002319968284 2
0 0.025 0.155 -0.002267863916 2
0 0.025 0.165 -0.002204181032 2
0 0.025 0.175 -0.002125410718 1
0 0.025 0.185 -0.002068562928 1
0 0.025 0.195 -0.002037110825 1
0 0.025 0.205 -0.002018801577 1
0 0.025 0.215 -0.00201736342 1
0 0.025 0.225 -0.002035723667 1
0 0.025 0.235 -0.002080868293 1
0 0.025 0.245 -0.002113926409 1
0 0.025 0.255 -0.002148052911 1
0 0.025 0.265 -0.00211222062 2
0 0.025 0.275 -0.002017904803 2
0 0.025 0.285 -0.001939969193 2
0 0.025 0.295 -0.001867603094 2
0 0.025 0.305 -0.00179777571 2
0 0.025 0.315 -0.001716623405 2
0 0.025 0.325 -0.001616458836 2
0 0.025 0.335 -0.001480955559 2
0 0.025 0.345 -0.001307624633 2
0 0.025 0.355 -0.00109969097 2
0 0.025 0.365 -0.0009209336656 1
0 0.025 0.375 -0.000761217952 1
0 0.025 0.385 -0.0005758805809 1
0 0.025 0.395 -0.0003682462599 1
0 0.025 0.405 0 1
0 0.025 0.415 0 1
0 0.025 0.425 0 1
0 0.025 0.435 0 2
0 0.025 0.445 0 2
0 0.025 0.455 0 2
0 0.025 0.465 0 2
0 0.035 -0.455 0 1
0 0.035 -0.445 0 1
0 0.035 -0.435 0 2
0 0.035 -0.425 0 2
0 0.035 -0.415 0 2
0 0.035 -0.405 0 2
0 0.035 -0.395 -0.0006286592647 2
0 0.035 -0.385 -0.0009796828236 2
0 0.035 -0.375 -0.001284523238 2
0 0.035 -0.365 -0.001519178256 2
0 0.035 -0.355 -0.001709392293 2
0 0.035 -0.345 -0.001864796436 2
0 0.035 -0.335 -0.001994278429 2
0 0.035 -0.325 -0.002104215703 2
0 0.035 -0.315 -0.002201076027 2
0 0.035 -0.305 -0.002290172903 2
0 0.035 -0.295 -0.002377014843 2
0 0.035 -0.285 -0.002474774192 2
0 0.035 -0.275 -0.002585193388 2
0 0.035 -0.265 -0.002718938607 1
0 0.035 -0.255 -0.002782233646 1
0 0.035 -0.245 -0.002849751074 1
0 0.035 -0.235 -0.002916011787 1
0 0.035 -0.225 -0.003003495312 1
0 0.035 -0.215 -0.003057504596 1
0 0.035 -0.205 -0.003070072255 2
0 0.035 -0.195 -0.003040032655 2
0 0.035 -0.185 -0.003002189505 2
0 0.035 -0.175 -0.00298271061 2
0 0.035 -0.165 -0.002978987646 2
0 0.035 -0.155 -0.00298749264 2
0 0.035 -0.145 -0.003000885911 2
0 0.035 -0.135 -0.003016518541 2
0 0.035 -0.125 -0.003032519706 2
0 0.035 -0.115 -0.003047736102 2
0 0.035 -0.105 -0.003061538585 2
0 0.035 -0.095 -0.003073539206 2
0 0.035 -0.085 -0.003083461278 2
0 0.035 -0.075 -0.003091115974 2
0 0.035 -0.065 -0.003096368291 2
0 0.035 -0.055 -0.003099414189 2
0 0.035 -0.045 -0.00310056124 2
0 0.035 -0.035 -0.003100438527 2
0 0.035 -0.025 -0.003098218745 2
0 0.035 -0.015 -0.003092345299 2
0 0.035 -0.005 -0.003080480352 2
0 0.035 0.005 -0.003063490656 2
0 0.035 0.015 -0.003044929203 2
0 0.035 0.025 -0.003033865843 2
0 0.035 0.035 -0.003033764103 2
0 0.035 0.045 -0.003044616362 2
0 0.035 0.055 -0.003062836332 2
0 0.035 0.065 -0.003079064797 2
0 0.035 0.075 -0.003088917853 2
0 0.035 0.085 -0.003090287468 2
0 0.035 0.095 -0.003083548624 2
0 0.035 0.105 -0.003069109392 2
0 0.035 0.115 -0.003046977062 2
0 0.035 0.125 -0.00301629771 2
0 0.035 0.135 -0.002975424382 2
0 0.035 0.145 -0.002921579969 2
0 0.035 0.155 -0.002849174489 2
0 0.035 0.165 -0.002754321667 2
0 0.035 0.175 -0.00263353233 2
0 0.035 0.185 -0.002550587023 1
0 0.035 0.195 -0.002506356673 1
0 0.035 0.205 -0.00248047691 1
0 0.035 0.215 -0.002470362972 1
0 0.035 0.225 -0.002475058457 1
0 0.035 0.235 -0.00249698434 1
0 0.035 0.245 -0.002525773266 1
0 0.035 0.255 -0.002559517778 1
0 0.035 0.265 -0.002569506744 1
0 0.035 0.275 -0.002492427138 2
0 0.035 0.285 -0.002412135526 2
0 0.035 0.295 -0.00232783413 2
0 0.035 0.305 -0.002239428718 2
0 0.035 0.315 -0.002135003286 2
0 0.035 0.325 -0.002006737323 2
0 0.035 0.335 -0.001841084215 2
0 0.035 0.345 -0.001632337783 2
0 0.035 0.355 -0.001389734883 2
0 0.035 0.365 -0.001135517999 1
0 0.035 0.375 -0.0009233129471 1
0 0.035 0.385 -0.0006840236766 1
0 0.035 0.395 -0.0004270985218 1
0 0.035 0.405 0 1
0 0.035 0.415 0 1
0 0.035 0.425 0 1
0 0.035 0.435 0 1
0 0.035 0.445 0 2
0 0.035 0.455 0 2
0 0.035 0.465 0 2
0 0.045 -0.455 0 1
0 0.045 -0.445 0 1
0 0.045 -0.435 0 2
0 0.045 -0.425 0 2
0 0.045 -0.415 0 2
0 0.045 -0.405 0 2
0 0.045 -0.395 -0.0006952382235 2
0 0.045 -0.385 -0.001102117067 2
0 0.045 -0.375 -0.001464612556 2
0 0.045 -0.365 -0.001750843265 2
0 0.045 -0.355 -0.001985976878 2
0 0.045 -0.345 -0.002179678317 2
0 0.045 -0.335 -0.00234145433 2
0 0.045 -0.325 -0.002477872838 2
0 0.045 -0.315 -0.002597946687 2
0 0.045 -0.305 -0.002707272326 2
0 0.045 -0.295 -0.002810172763 2
0 0.045 -0.285 -0.002915444925 2
0 0.045 -0.275 -0.003019260453 2
0 0.045 -0.265 -0.003106802102 1
0 0.045 -0.255 -0.003167093098 1
0 0.045 -0.245 -0.003234838555 1
0 0.045 -0.235 -0.003313387851 1
0 0.045 -0.225 -0.0034121834 1
0 0.045 -0.215 -0.003495382991 1
0 0.045 -0.205 -0.003576275158 1
0 0.045 -0.195 -0.003595928743 2
0 0.045 -0.185 -0.003562747267 2
0 0.045 -0.175 -0.003548380072 2
0 0.045 -0.165 -0.003548137009 2
0 0.045 -0.155 -0.00356039976 2
0 0.045 -0.145 -0.00357807019 2
0 0.045 -0.135 -0.003597791046 2
0 0.045 -0.125 -0.003617595188 2
0 0.045 -0.115 -0.003636179721 2
0 0.045 -0.105 -0.0036529421 2
0 0.045 -0.095 -0.00366755517 2
0 0.045 -0.085 -0.003679852299 2
0 0.045 -0.075 -0.003689774385 2
0 0.045 -0.065 -0.003697347974 2
0 0.045 -0.055 -0.003702751794 2
0 0.045 -0.045 -0.003706164713 2
0 0.045 -0.035 -0.003707724188 2
0 0.045 -0.025 -0.003706963053 2
0 0.045 -0.015 -0.003703182133 2
0 0.045 -0.005 -0.003695745835 2
0 0.045 0.005 -0.003685632482 2
0 0.045 0.015 -0.003675330175 2
0 0.045 0.025 -0.003669085213 2
0 0.045 0.035 -0.003669008509 2
0 0.045 0.045 -0.003674975445 2
0 0.045 0.055 -0.003684542416 2
0 0.045 0.065 -0.003692952186 2
0 0.045 0.075 -0.003696854594 2
0 0.045 0.085 -0.003694123376 2
0 0.045 0.095 -0.003683944902 2
0 0.045 0.105 -0.003665811922 2
0 0.045 0.115 -0.003639063652 2
0 0.045 0.125 -0.003602427348 2
0 0.045 0.135 -0.003553673135 2
0 0.045 0.145 -0.003489274296 2
0 0.045 0.155 -0.003399153772 2
0 0.045 0.165 -0.003277401329 2
0 0.045 0.175 -0.003132559675 2
0 0.045 0.185 -0.002993772397 1
0 0.045 0.195 -0.002941681669 1
0 0.045 0.205 -0.002911743104 1
0 0.045 0.215 -0.002895904108 1
0 0.045 0.225 -0.00289247911 1
0 0.045 0.235 -0.002900292391 1
0 0.045 0.245 -0.002915608514 1
0 0.045 0.255 -0.002935034329 1
0 0.045 0.265 -0.002946960748 1
0 0.045 0.275 -0.002921139822 2
0 0.045 0.285 -0.002844786905 2
0 0.045 0.295 -0.002750975369 2
0 0.045 0.305 -0.002643603337 2
0 0.045 0.315 -0.002517408968 2
0 0.045 0.325 -0.002362967723 2
0 0.045 0.335 -0.002173500808 2
0 0.045 0.345 -0.00193754239 2
0 0.045 0.355 -0.001662767626 2
0 0.045 0.365 -0.001339613587 1
0 0.045 0.375 -0.001071093762 1
0 0.045 0.385 -0.0007791840298 1
0 0.045 0.395 -0.0004779039246 1
0 0.045 0.405 0 1
0 0.045 0.415 0 1
0 0.045 0.425 0 1
0 0.045 0.435 0 1
0 0.045 0.445 0 2
0 0.045 0.455 0 2
0 0.045 0.465 0 2
0 0.055 -0.455 0 1
0 0.055 -0.445 0 2
0 0.055 -0.435 0 2
0 0.055 -0.425 0 2
0 0.055 -0.415 0 2
0 0.055 -0.405 0 2
0 0.055 -0.395 -0.0007436268112 2
0 0.055 -0.385 -0.001198218538 2
0 0.055 -0.375 -0.001613014287 2
0 0.055 -0.365 -0.001948228334 2
0 0.055 -0.355 -0.002226015801 2
0 0.055 -0.345 -0.00245640432 2
0 0.055 -0.335 -0.002648408993 2
0 0.055 -0.325 -0.002805371459 2
0 0.055 -0.315 -0.002946533932 2
0 0.055 -0.305 -0.00307549231 2
0 0.055 -0.295 -0.003192920014 2
0 0.055 -0.285 -0.003299889643 2
0 0.055 -0.275 -0.003392295894 2
0 0.055 -0.265 -0.00345082871 1
0 0.055 -0.255 -0.003520346591 1
0 0.055 -0.245 -0.003594836677 1
0 0.055 -0.235 -0.003677173254 1
0 0.055 -0.225 -0.003768450633 1
0 0.055 -0.215 -0.003861664806 1
0 0.055 -0.205 -0.003961730402 1
0 0.055 -0.195 -0.004047404986 1
0 0.055 -0.185 -0.004061276088 2
0 0.055 -0.175 -0.004056826429 2
0 0.055 -0.165 -0.004062193399 2
0 0.055 -0.155 -0.00407773241 2
0 0.055 -0.145 -0.004100872041 2
0 0.055 -0.135 -0.004125143168 2
0 0.055 -0.125 -0.004148760201 2
0 0.055 -0.115 -0.004170562985 2
0 0.055 -0.105 -0.004190091891 2
0 0.055 -0.095 -0.004207149054 2
0 0.055 -0.085 -0.004221700211 2
0 0.055 -0.075 -0.004233810151 2
0 0.055 -0.065 -0.004243611284 2
0 0.055 -0.055 -0.004251276073 2
0 0.055 -0.045 -0.004256926086 2
0 0.055 -0.035 -0.004260577293 2
0 0.055 -0.025 -0.004261989108 2
0 0.055 -0.015 -0.004260889349 2
0 0.055 -0.005 -0.004257248569 2
0 0.055 0.005 -0.004251902046 2
0 0.055 0.015 -0.004246473421 2
0 0.055 0.025 -0.004243137105 2
0 0.055 0.035 -0.004243057936 2
0 0.055 0.045 -0.004246012553 2
0 0.055 0.055 -0.004250333774 2
0 0.055 0.065 -0.00425320763 2
0 0.055 0.075 -0.004252146954 2
0 0.055 0.085 -0.004245246415 2
0 0.055 0.095 -0.004231281276 2
0 0.055 0.105 -0.004209264047 2
0 0.055 0.115 -0.004178082787 2
0 0.055 0.125 -0.004136125416 2
0 0.055 0.135 -0.004080773264 2
0 0.055 0.145 -0.004008216844 2
0 0.055 0.155 -0.003913154681 2
0 0.055 0.165 -0.003784103572 2
0 0.055 0.175 -0.003626669547 2
0 0.055 0.185 -0.003423412831 1
0 0.055 0.195 -0.003347430397 1
0 0.055 0.205 -0.003308482551 1
0 0.055 0.215 -0.003284665644 1
0 0.055 0.225 -0.003273186824 1
0 0.055 0.235 -0.003268394373 1
0 0.055 0.245 -0.003269526655 1
0 0.055 0.255 -0.003273663811 1
0 0.055 0.265 -0.003274193815 1
0 0.055 0.275 -0.003277420186 2
0 0.055 0.285 -0.003210446348 2
0 0.055 0.295 -0.003118336075 2
0 0.055 0.305 -0.002999474159 2
0 0.055 0.315 -0.00285356778 2
0 0.055 0.325 -0.002675532417 2
0 0.055 0.335 -0.002461220988 2
0 0.055 0.345 -0.002199098049 2
0 0.055 0.355 -0.00189554534 2
0 0.055 0.365 -0.001554653131 2
0 0.055 0.375 -0.001211279812 1
0 0.055 0.385 -0.0008677187871 1
0 0.055 0.395 -0.0005228427867 1
0 0.055 0.405 0 1
0 0.055 0.415 0 1
0 0.055 0.425 0 1
0 0.055 0.435 0 2
0 0.055 0.445 0 2
0 0.055 0.455 0 2
0 0.055 0.465 0 2
0 0.065 -0.455 0 2
0 0.065 -0.445 0 2
0 0.065 -0.435 0 2
0 0.065 -0.425 0 2
0 0.065 -0.415 0 2
0 0.065 -0.405 0 2
0 0.065 -0.395 -0.0007709174059 2
0 0.065 -0.385 -0.001264149758 2
0 0.065 -0.375 -0.001722240932 2
0 0.065 -0.365 -0.002096190658 2
0 0.065 -0.355 -0.002410591186 2
0 0.065 -0.345 -0.002680075914 2
0 0.065 -0.335 -0.002907138701 2
0 0.065 -0.325 -0.003091138507 2
0 0.065 -0.315 -0.003252461368 2
0 0.065 -0.305 -0.003400671543 2
0 0.065 -0.295 -0.003531837185 2
0 0.065 -0.285 -0.003640398973 2
0 0.065 -0.275 -0.003723953432 2
0 0.065 -0.265 -0.003762325633 1
0 0.065 -0.255 -0.003840607415 1
0 0.065 -0.245 -0.00392207434 1
0 0.065 -0.235 -0.00401049726 1
0 0.065 -0.225 -0.004102812843 1
0 0.065 -0.215 -0.004199019015 1
0 0.065 -0.205 -0.004300359054 1
0 0.065 -0.195 -0.00440006385 1
0 0.065 -0.185 -0.004484178303 2
0 0.065 -0.175 -0.004498506739 2
0 0.065 -0.165 -0.004519503023 2
0 0.065 -0.155 -0.004544295848 2
0 0.065 -0.145 -0.004574382633 2
0 0.065 -0.135 -0.004603794602 2
0 0.065 -0.125 -0.004631298639 2
0 0.065 -0.115 -0.004656210541 2
0 0.065 -0.105 -0.004678342747 2
0 0.065 -0.095 -0.004697669489 2
0 0.065 -0.085 -0.004714285662 2
0 0.065 -0.075 -0.004728369622 2
0 0.065 -0.065 -0.004740168689 2
0 0.065 -0.055 -0.00474991002 2
0 0.065 -0.045 -0.004757741515 2
0 0.065 -0.035 -0.004763685696 2
0 0.065 -0.025 -0.004767636492 2
0 0.065 -0.015 -0.004769505339 2
0 0.065 -0.005 -0.004769408804 2
0 0.065 0.005 -0.00476791664 2
0 0.065 0.015 -0.004765985189 2
0 0.065 0.025 -0.004764710909 2
0 0.065 0.035 -0.004764647235 2
0 0.065 0.045 -0.004765509887 2
0 0.065 0.055 -0.004766134357 2
0 0.065 0.065 -0.004764700992 2
0 0.065 0.075 -0.004759362225 2
0 0.065 0.085 -0.004748485621 2
0 0.065 0.095 -0.004730734846 2
0 0.065 0.105 -0.004704876888 2
0 0.065 0.115 -0.004669537978 2
0 0.065 0.125 -0.004622930259 2
0 0.065 0.135 -0.004562470615 2
0 0.065 0.145 -0.004484479789 2
0 0.065 0.155 -0.004384667172 2
0 0.065 0.165 -0.004250974861 2
0 0.065 0.175 -0.004086346604 2
0 0.065 0.185 -0.003885754669 2
0 0.065 0.195 -0.003734472483 1
0 0.065 0.205 -0.003674586416 1
0 0.065 0.215 -0.003635547858 1
0 0.065 0.225 -0.003621277987 1
0 0.065 0.235 -0.003608022689 1
0 0.065 0.245 -0.003597797533 1
0 0.065 0.255 -0.003590699019 1
0 0.065 0.265 -0.003584081146 1
0 0.065 0.275 -0.003574897354 1
0 0.065 0.285 -0.003535446385 2
0 0.065 0.295 -0.003443248039 2
0 0.065 0.305 -0.003313453231 2
0 0.065 0.315 -0.003148968533 2
0 0.065 0.325 -0.00294872723 2
0 0.065 0.335 -0.002711040894 2
0 0.065 0.345 -0.002428691362 2
0 0.065 0.355 -0.002103640517 2
0 0.065 0.365 -0.001742956923 2
0 0.065 0.375 -0.001369444679 2
0 0.065 0.385 -0.0009617676509 1
0 0.065 0.395 -0.0005765013795 1
0 0.065 0.405 0 1
0 0.065 0.415 0 1
0 0.065 0.425 0 1
0 0.065 0.435 0 2
0 0.065 0.445 0 2
0 0.065 0.455 0 2
0 0.065 0.465 0 2
0 0.075 -0.455 0 2
0 0.075 -0.445 0 2
0 0.075 -0.435 0 2
0 0.075 -0.425 0 2
0 0.075 -0.415 0 2
0 0.075 -0.405 0 2
0 0.075 -0.395 -0.0007851432911 2
0 0.075 -0.385 -0.001303509598 2
0 0.075 -0.375 -0.001791330451 2
0 0.075 -0.365 -0.002190198866 1
0 0.075 -0.355 -0.002539036918 1
0 0.075 -0.345 -0.002841972618 1
0 0.075 -0.335 -0.003100994313 1
0 0.075 -0.325 -0.003327448787 2
0 0.075 -0.315 -0.003511048288 2
0 0.075 -0.305 -0.003680894121 2
0 0.075 -0.295 -0.003828106848 2
0 0.075 -0.285 -0.003943293194 2
0 0.075 -0.275 -0.004024747098 2
0 0.075 -0.265 -0.004046817733 1
0 0.075 -0.255 -0.004134207993 1
0 0.075 -0.245 -0.004219902501 1
0 0.075 -0.235 -0.004311637599 1
0 0.075 -0.225 -0.004406262531 1
0 0.075 -0.215 -0.004504081815 1
0 0.075 -0.205 -0.004606550276 1
0 0.075 -0.195 -0.004709068302 1
0 0.075 -0.185 -0.004821389027 1
0 0.075 -0.175 -0.004874345826 2
0 0.075 -0.165 -0.004919721444 2
0 0.075 -0.155 -0.004958391515 2
0 0.075 -0.145 -0.004996897918 2
0 0.075 -0.135 -0.005031936338 2
0 0.075 -0.125 -0.005063384969 2
0 0.075 -0.115 -0.005091321446 2
0 0.075 -0.105 -0.00511594253 2
0 0.075 -0.095 -0.005137399385 2
0 0.075 -0.085 -0.005155909828 2
0 0.075 -0.075 -0.005171766733 2
0 0.075 -0.065 -0.005185387434 2
0 0.075 -0.055 -0.005197103071 2
0 0.075 -0.045 -0.00520713312 2
0 0.075 -0.035 -0.00521551212 2
0 0.075 -0.025 -0.005222161366 2
0 0.075 -0.015 -0.005226997714 2
0 0.075 -0.005 -0.005230078535 2
0 0.075 0.005 -0.005231707936 2
0 0.075 0.015 -0.005232384296 2
0 0.075 0.025 -0.005232619338 2
0 0.075 0.035 -0.005232604289 2
0 0.075 0.045 -0.005232018148 2
0 0.075 0.055 -0.005229991767 2
0 0.075 0.065 -0.005225236064 2
0 0.075 0.075 -0.005216328223 2
0 0.075 0.085 -0.005201874537 2
0 0.075 0.095 -0.005180568879 2
0 0.075 0.105 -0.005151105103 2
0 0.075 0.115 -0.005112024537 2
0 0.075 0.125 -0.005061520629 2
0 0.075 0.135 -0.004997300562 2
0 0.075 0.145 -0.004916095802 2
0 0.075 0.155 -0.004814543682 2
0 0.075 0.165 -0.004683638979 2
0 0.075 0.175 -0.004523723731 2
0 0.075 0.185 -0.004338618431 2
0 0.075 0.195 -0.004169793246 2
0 0.075 0.205 -0.00403615182 1
0 0.075 0.215 -0.003970631033 1
0 0.075 0.225 -0.003939831591 1
0 0.075 0.235 -0.003909003161 1
0 0.075 0.245 -0.003884682874 1
0 0.075 0.255 -0.003868150082 1
0 0.075 0.265 -0.003856728042 1
0 0.075 0.275 -0.003858079948 2
0 0.075 0.285 -0.003823185674 2
0 0.075 0.295 -0.003728731555 2
0 0.075 0.305 -0.003586822907 2
0 0.075 0.315 -0.003404258512 2
0 0.075 0.325 -0.003183023623 2
0 0.075 0.335 -0.002923475287 2
0 0.075 0.345 -0.002625343268 2
0 0.075 0.355 -0.002286804693 2
0 0.075 0.365 -0.00190928734 2
0 0.075 0.375 -0.001505258533 2
0 0.075 0.385 -0.001070965902 2
0 0.075 0.395 -0.0006344659573 1
0 0.075 0.405 0 1
0 0.075 0.415 0 1
0 0.075 0.425 0 2
0 0.075 0.435 0 2
0 0.075 0.445 0 2
0 0.075 0.455 0 2
0 0.075 0.465 0 2
0 0.085 -0.455 0 1
0 0.085 -0.445 0 1
0 0.085 -0.435 0 1
0 0.085 -0.425 0 1
0 0.085 -0.415 0 1
0 0.085 -0.405 0 1
0 0.085 -0.395 -0.0007797171644 1
0 0.085 -0.385 -0.001323595178 2
0 0.085 -0.375 -0.001830741454 1
0 0.085 -0.365 -0.002259748524 1
0 0.085 -0.355 -0.002630894375 1
0 0.085 -0.345 -0.002955604837 1
0 0.085 -0.335 -0.003241608552 1
0 0.085 -0.325 -0.003501058898 1
0 0.085 -0.315 -0.003727273005 2
0 0.085 -0.305 -0.003919082958 2
0 0.085 -0.295 -0.004083825669 2
0 0.085 -0.285 -0.00421112413 2
0 0.085 -0.275 -0.004297280811 2
0 0.085 -0.265 -0.004336078739 2
0 0.085 -0.255 -0.004394995154 1
0 0.085 -0.245 -0.004485447568 1
0 0.085 -0.235 -0.004581344247 1
0 0.085 -0.225 -0.004679049566 1
0 0.085 -0.215 -0.004779248072 1
0 0.085 -0.205 -0.004883864239 1
0 0.085 -0.195 -0.004990044577 1
0 0.085 -0.185 -0.005100167138 1
0 0.085 -0.175 -0.005195789217 2
0 0.085 -0.165 -0.005265705713 2
0 0.085 -0.155 -0.005321345469 2
0 0.085 -0.145 -0.005369164892 2
0 0.085 -0.135 -0.005410063195 2
0 0.085 -0.125 -0.005445390842 2
0 0.085 -0.115 -0.005476263317 2
0 0.085 -0.105 -0.005503335015 2
0 0.085 -0.095 -0.005526851332 2
0 0.085 -0.085 -0.005547115015 2
0 0.085 -0.075 -0.005564518356 2
0 0.085 -0.065 -0.005579782108 2
0 0.085 -0.055 -0.005593382341 2
0 0.085 -0.045 -0.005605645606 2
0 0.085 -0.035 -0.005616576254 2
0 0.085 -0.025 -0.005626039046 2
0 0.085 -0.015 -0.00563384213 2
0 0.085 -0.005 -0.005639889381 2
0 0.085 0.005 -0.005644235172 2
0 0.085 0.015 -0.005647054345 2
0 0.085 0.025 -0.005648516446 2
0 0.085 0.035 -0.005648601988 2
0 0.085 0.045 -0.005646975739 2
0 0.085 0.055 -0.005642951708 2
0 0.085 0.065 -0.005635554246 2
0 0.085 0.075 -0.005623652074 2
0 0.085 0.085 -0.00560605422 2
0 0.085 0.095 -0.005581548199 2
0 0.085 0.105 -0.005548859282 2
0 0.085 0.115 -0.005506566459 2
0 0.085 0.125 -0.00545297399 2
0 0.085 0.135 -0.005386073014 2
0 0.085 0.145 -0.005303191637 2
0 0.085 0.155 -0.00520176257 2
0 0.085 0.165 -0.005079216229 2
0 0.085 0.175 -0.0049333289 2
0 0.085 0.185 -0.004767737315 2
0 0.085 0.195 -0.004597795592 2
0 0.085 0.205 -0.004444876258 2
0 0.085 0.215 -0.004349319398 2
0 0.085 0.225 -0.004255858982 1
0 0.085 0.235 -0.004206424042 1
0 0.085 0.245 -0.004168045714 1
0 0.085 0.255 -0.004138791542 1
0 0.085 0.265 -0.004117669385 1
0 0.085 0.275 -0.004130205194 2
0 0.085 0.285 -0.00408180721 2
0 0.085 0.295 -0.003977978805 2
0 0.085 0.305 -0.003822673859 2
0 0.085 0.315 -0.00362221074 2
0 0.085 0.325 -0.003381062473 2
0 0.085 0.335 -0.003101101306 2
0 0.085 0.345 -0.002784475174 2
0 0.085 0.355 -0.002434142543 2
0 0.085 0.365 -0.002046949782 2
0 0.085 0.375 -0.0016253957 2
0 0.085 0.385 -0.001161754543 2
0 0.085 0.395 -0.0007014909949 2
0 0.085 0.405 0 2
0 0.085 0.415 0 2
0 0.085 0.425 0 2
0 0.085 0.435 0 2
0 0.085 0.445 0 2
0 0.085 0.455 0 2
0 0.085 0.465 0 2
0 0.095 -0.455 0 1
0 0.095 -0.445 0 1
0 0.095 -0.435 0 1
0 0.095 -0.425 0 1
0 0.095 -0.415 0 1
0 0.095 -0.405 0 1
0 0.095 -0.395 -0.0007687885517 1
0 0.095 -0.385 -0.001321742085 1
0 0.095 -0.375 -0.001858738171 1
0 0.095 -0.365 -0.00230817685 1
0 0.095 -0.355 -0.002696256216 1
0 0.095 -0.345 -0.003039338784 1
0 0.095 -0.335 -0.003346496054 1
0 0.095 -0.325 -0.003625425867 1
0 0.095 -0.315 -0.003892710572 2
0 0.095 -0.305 -0.004110795028 2
0 0.095 -0.295 -0.004298571812 2
0 0.095 -0.285 -0.004444357201 2
0 0.095 -0.275 -0.004545235626 2
0 0.095 -0.265 -0.004603407001 2
0 0.095 -0.255 -0.004633479298 1
0 0.095 -0.245 -0.00472144106 1
0 0.095 -0.235 -0.004820702998 1
0 0.095 -0.225 -0.004920823936 1
0 0.095 -0.215 -0.005023817668 1
0 0.095 -0.205 -0.005128158928 1
0 0.095 -0.195 -0.005234304918 1
0 0.095 -0.185 -0.005343019614 1
0 0.095 -0.175 -0.005468516802 2
0 0.095 -0.165 -0.00556146688 2
0 0.095 -0.155 -0.005634852256 2
0 0.095 -0.145 -0.005691645624 2
0 0.095 -0.135 -0.005738336589 2
0 0.095 -0.125 -0.005777326153 2
0 0.095 -0.115 -0.005811137366 2
0 0.095 -0.105 -0.005840861514 2
0 0.095 -0.095 -0.005866502327 2
0 0.095 -0.085 -0.005888360745 2
0 0.095 -0.075 -0.005906839281 2
0 0.095 -0.065 -0.005923373435 2
0 0.095 -0.055 -0.005938641611 2
0 0.095 -0.045 -0.005953171307 2
0 0.095 -0.035 -0.005966807226 2
0 0.095 -0.025 -0.005979243097 2
0 0.095 -0.015 -0.005990062969 2
0 0.095 -0.005 -0.005998973341 2
0 0.095 0.005 -0.006005805718 2
0 0.095 0.015 -0.006010507746 2
0 0.095 0.025 -0.006013046797 2
0 0.095 0.035 -0.006013290229 2
0 0.095 0.045 -0.006010910653 2
0 0.095 0.055 -0.006005348123 2
0 0.095 0.065 -0.005995831026 2
0 0.095 0.075 -0.005981437787 2
0 0.095 0.085 -0.00596115028 2
0 0.095 0.095 -0.005933879079 2
0 0.095 0.105 -0.005898447164 2
0 0.095 0.115 -0.005853552883 2
0 0.095 0.125 -0.005797703619 2
0 0.095 0.135 -0.005729232279 2
0 0.095 0.145 -0.005646215184 2
0 0.095 0.155 -0.005546892306 2
0 0.095 0.165 -0.005430161334 2
0 0.095 0.175 -0.005297302812 2
0 0.095 0.185 -0.005149292703 2
0 0.095 0.195 -0.004995460756 2
0 0.095 0.205 -0.00484340754 2
0 0.095 0.215 -0.004723981978 2
0 0.095 0.225 -0.004611020767 2
0 0.095 0.235 -0.004539544832 2
0 0.095 0.245 -0.004484095613 2
0 0.095 0.255 -0.004441694545 2
0 0.095 0.265 -0.00440846566 2
0 0.095 0.275 -0.004391326068 2
0 0.095 0.285 -0.004319668716 2
0 0.095 0.295 -0.004196770915 2
0 0.095 0.305 -0.004023762221 2
0 0.095 0.315 -0.003805715503 2
0 0.095 0.325 -0.003545363622 2
0 0.095 0.335 -0.003245529394 2
0 0.095 0.345 -0.00291083505 2
0 0.095 0.355 -0.002546017505 2
0 0.095 0.365 -0.00215194557 2
0 0.095 0.375 -0.001723257239 2
0 0.095 0.385 -0.001245455277 2
0 0.095 0.395 -0.0007601238964 2
0 0.095 0.405 0 2
0 0.095 0.415 0 2
0 0.095 0.425 0 2
0 0.095 0.435 0 2
0 0.095 0.445 0 2
0 0.095 0.455 0 2
0 0.095 0.465 0 2
0 0.105 -0.455 0 1
0 0.105 -0.445 0 1
0 0.105 -0.435 0 1
0 0.105 -0.425 0 1
0 0.105 -0.415 0 1
0 0.105 -0.405 0 1
0 0.105 -0.395 -0.0007652060384 1
0 0.105 -0.385 -0.001322717967 1
0 0.105 -0.375 -0.001871387356 1
0 0.105 -0.365 -0.002340659504 1
0 0.105 -0.355 -0.002749985678 1
0 0.105 -0.345 -0.003112982297 1
0 0.105 -0.335 -0.003435248156 1
0 0.105 -0.325 -0.003725408338 1
0 0.105 -0.315 -0.004003739643 1
0 0.105 -0.305 -0.004260599928 2
0 0.105 -0.295 -0.004474594307 2
0 0.105 -0.285 -0.00464334351 2
0 0.105 -0.275 -0.004765243186 2
0 0.105 -0.265 -0.004844598445 2
0 0.105 -0.255 -0.004886674308 2
0 0.105 -0.245 -0.004936570078 1
0 0.105 -0.235 -0.005029911197 1
0 0.105 -0.225 -0.005128915873 1
0 0.105 -0.215 -0.005237188429 1
0 0.105 -0.205 -0.005342971304 1
0 0.105 -0.195 -0.005450118564 1
0 0.105 -0.185 -0.005560085322 1
0 0.105 -0.175 -0.005706728354 2
0 0.105 -0.165 -0.005815334113 2
0 0.105 -0.155 -0.005901214007 2
0 0.105 -0.145 -0.005965256024 2
0 0.105 -0.135 -0.006017048436 2
0 0.105 -0.125 -0.006058758522 2
0 0.105 -0.115 -0.006095087785 2
0 0.105 -0.105 -0.006127607773 2
0 0.105 -0.095 -0.006155465298 2
0 0.105 -0.085 -0.006178970261 2
0 0.105 -0.075 -0.00619822641 2
0 0.105 -0.065 -0.006216054338 2
0 0.105 -0.055 -0.00623303621 2
0 0.105 -0.045 -0.006250013714 2
0 0.105 -0.035 -0.006266557096 2
0 0.105 -0.025 -0.006282178408 2
0 0.105 -0.015 -0.006296153982 2
0 0.105 -0.005 -0.006307942872 2
0 0.105 0.005 -0.006317165684 2
0 0.105 0.015 -0.006323619218 2
0 0.105 0.025 -0.006327163074 2
0 0.105 0.035 -0.006327620846 2
0 0.105 0.045 -0.006324696504 2
0 0.105 0.055 -0.006317932027 2
0 0.105 0.065 -0.006306705816 2
0 0.105 0.075 -0.006290259582 2
0 0.105 0.085 -0.006267728428 2
0 0.105 0.095 -0.00623816003 2
0 0.105 0.105 -0.006200514314 2
0 0.105 0.115 -0.006153656556 2
0 0.105 0.125 -0.006096343453 2
0 0.105 0.135 -0.006027268829 2
0 0.105 0.145 -0.005945162162 2
0 0.105 0.155 -0.005849041397 2
0 0.105 0.165 -0.005738563141 2
0 0.105 0.175 -0.005614979447 2
0 0.105 0.185 -0.005481422934 2
0 0.105 0.195 -0.005344704537 2
0 0.105 0.205 -0.005208511316 2
0 0.105 0.215 -0.00508220002 2
0 0.105 0.225 -0.004960011243 2
0 0.105 0.235 -0.004867563005 2
0 0.105 0.245 -0.004793404919 2
0 0.105 0.255 -0.004733142192 2
0 0.105 0.265 -0.004678026487 2
0 0.105 0.275 -0.00462226262 2
0 0.105 0.285 -0.004526010303 2
0 0.105 0.295 -0.00438379257 2
0 0.105 0.305 -0.004193648108 2
0 0.105 0.315 -0.003958209946 2
0 0.105 0.325 -0.003679310249 2
0 0.105 0.335 -0.003357888895 2
0 0.105 0.345 -0.003002481637 2
0 0.105 0.355 -0.002624073846 2
0 0.105 0.365 -0.002223215171 2
0 0.105 0.375 -0.001791826444 2
0 0.105 0.385 -0.001311240936 2
0 0.105 0.395 -0.0008157865697 2
0 0.105 0.405 0 2
0 0.105 0.415 0 2
0 0.105 0.425 0 2
0 0.105 0.435 0 2
0 0.105 0.445 0 2
0 0.105 0.455 0 2
0 0.105 0.465 0 2
0 0.115 -0.455 0 1
0 0.115 -0.445 0 1
0 0.115 -0.435 0 1
0 0.115 -0.425 0 1
0 0.115 -0.415 0 1
0 0.115 -0.405 0 1
0 0.115 -0.395 -0.0007738605042 1
0 0.115 -0.385 -0.001332704534 1
0 0.115 -0.375 -0.00188614036 1
0 0.115 -0.365 -0.002368887736 1
0 0.115 -0.355 -0.002794995297 1
0 0.115 -0.345 -0.003170680107 1
0 0.115 -0.335 -0.003505805345 1
0 0.115 -0.325 -0.003807231974 1
0 0.115 -0.315 -0.00409129063 1
0 0.115 -0.305 -0.004375224934 2
0 0.115 -0.295 -0.004613289004 2
0 0.115 -0.285 -0.004804798862 2
0 0.115 -0.275 -0.004946576195 2
0 0.115 -0.265 -0.005045818501 2
0 0.115 -0.255 -0.005109991301 2
0 0.115 -0.245 -0.005165041004 2
0 0.115 -0.235 -0.005223631711 1
0 0.115 -0.225 -0.005315434972 1
0 0.115 -0.215 -0.005420861088 1
0 0.115 -0.205 -0.005524812469 1
0 0.115 -0.195 -0.005634756456 1
0 0.115 -0.185 -0.005750045859 1
0 0.115 -0.175 -0.005913471407 2
0 0.115 -0.165 -0.00602966407 2
0 0.115 -0.155 -0.006122422449 2
0 0.115 -0.145 -0.006191883306 2
0 0.115 -0.135 -0.006249562037 2
0 0.115 -0.125 -0.006291396687 2
0 0.115 -0.115 -0.006330309423 2
0 0.115 -0.105 -0.006368784038 2
0 0.115 -0.095 -0.00640031361 2
0 0.115 -0.085 -0.00642480744 2
0 0.115 -0.075 -0.006440689572 2
0 0.115 -0.065 -0.006458075482 2
0 0.115 -0.055 -0.006476183277 2
0 0.115 -0.045 -0.006496198268 2
0 0.115 -0.035 -0.006516163009 2
0 0.115 -0.025 -0.006535373044 2
0 0.115 -0.015 -0.006552754727 2
0 0.115 -0.005 -0.006567515988 2
0 0.115 0.005 -0.006579111 2
0 0.115 0.015 -0.006587247006 2
0 0.115 0.025 -0.006591755286 2
0 0.115 0.035 -0.00659247372 2
0 0.115 0.045 -0.006589162503 2
0 0.115 0.055 -0.006581458596 2
0 0.115 0.065 -0.006568863394 2
0 0.115 0.075 -0.006550754932 2
0 0.115 0.085 -0.006526407861 2
0 0.115 0.095 -0.006495011861 2
0 0.115 0.105 -0.006455683198 2
0 0.115 0.115 -0.006407477674 2
0 0.115 0.125 -0.006349411839 2
0 0.115 0.135 -0.006280525305 2
0 0.115 0.145 -0.006199995299 2
0 0.115 0.155 -0.006107385263 2
0 0.115 0.165 -0.006002856708 2
0 0.115 0.175 -0.005887706721 2
0 0.115 0.185 -0.005764394342 2
0 0.115 0.195 -0.005637329294 2
0 0.115 0.205 -0.005510696641 2
0 0.115 0.215 -0.00539059028 2
0 0.115 0.225 -0.005277966118 2
0 0.115 0.235 -0.005179633809 2
0 0.115 0.245 -0.005091800012 2
0 0.115 0.255 -0.005010220785 2
0 0.115 0.265 -0.004926625686 2
0 0.115 0.275 -0.004831525125 2
0 0.115 0.285 -0.004706411597 2
0 0.115 0.295 -0.004542701598 2
0 0.115 0.305 -0.004335150431 2
0 0.115 0.315 -0.004082688289 2
0 0.115 0.325 -0.003785827826 2
0 0.115 0.335 -0.003444021652 2
0 0.115 0.345 -0.003068680827 2
0 0.115 0.355 -0.002675904641 2
0 0.115 0.365 -0.002267451996 2
0 0.115 0.375 -0.001827615157 2
0 0.115 0.385 -0.001337667152 2
0 0.115 0.395 -0.0008348976409 2
0 0.115 0.405 0 2
0 0.115 0.415 0 2
0 0.115 0.425 0 2
0 0.115 0.435 0 2
0 0.115 0.445 0 2
0 0.115 0.455 0 2
0 0.115 0.465 0 2
0 0.125 -0.455 0 1
0 0.125 -0.445 0 1
0 0.125 -0.435 0 1
0 0.125 -0.425 0 1
0 0.125 -0.415 0 1
0 0.125 -0.405 0 1
0 0.125 -0.395 -0.0007807532552 1
0 0.125 -0.385 -0.001346743011 1
0 0.125 -0.375 -0.001907945696 1
0 0.125 -0.365 -0.002398393228 1
0 0.125 -0.355 -0.002832353604 1
0 0.125 -0.345 -0.003215989175 1
0 0.125 -0.335 -0.003560386009 1
0 0.125 -0.325 -0.003869409327 1
0 0.125 -0.315 -0.004158183993 1
0 0.125 -0.305 -0.004459692496 2
0 0.125 -0.295 -0.004718183696 2
0 0.125 -0.285 -0.004931038037 2
0 0.125 -0.275 -0.005092815023 2
0 0.125 -0.265 -0.005213778292 2
0 0.125 -0.255 -0.005301309084 2
0 0.125 -0.245 -0.005367876892 2
0 0.125 -0.235 -0.005429506089 2
0 0.125 -0.225 -0.005512963934 2
0 0.125 -0.215 -0.005588828015 1
0 0.125 -0.205 -0.005690440467 1
0 0.125 -0.195 -0.00580209702 1
0 0.125 -0.185 -0.005943228391 2
0 0.125 -0.175 -0.00608994942 2
0 0.125 -0.165 -0.006206938979 2
0 0.125 -0.155 -0.006301471906 2
0 0.125 -0.145 -0.006371428414 2
0 0.125 -0.135 -0.006430623702 2
0 0.125 -0.125 -0.006472333071 2
0 0.125 -0.115 -0.006511466944 2
0 0.125 -0.105 -0.006550318555 2
0 0.125 -0.095 -0.00658237999 2
0 0.125 -0.085 -0.006610257957 2
0 0.125 -0.075 -0.006630059695 2
0 0.125 -0.065 -0.006651255505 2
0 0.125 -0.055 -0.006670455661 2
0 0.125 -0.045 -0.00669265804 2
0 0.125 -0.035 -0.006716082837 2
0 0.125 -0.025 -0.006739543933 2
0 0.125 -0.015 -0.006760726907 2
0 0.125 -0.005 -0.006778613055 2
0 0.125 0.005 -0.006792585999 2
0 0.125 0.015 -0.006802352552 2
0 0.125 0.025 -0.006807786618 2
0 0.125 0.035 -0.006808795028 2
0 0.125 0.045 -0.006805218702 2
0 0.125 0.055 -0.006796789546 2
0 0.125 0.065 -0.006783116612 2
0 0.125 0.075 -0.006763696388 2
0 0.125 0.085 -0.006737931477 2
0 0.125 0.095 -0.006705151625 2
0 0.125 0.105 -0.006664633969 2
0 0.125 0.115 -0.006615627943 2
0 0.125 0.125 -0.006557392957 2
0 0.125 0.135 -0.006489266426 2
0 0.125 0.145 -0.006410766825 2
0 0.125 0.155 -0.006321768388 2
0 0.125 0.165 -0.006222690807 2
0 0.125 0.175 -0.006114774707 2
0 0.125 0.185 -0.006000027253 2
0 0.125 0.195 -0.005881406164 2
0 0.125 0.205 -0.005761932562 2
0 0.125 0.215 -0.005645239302 2
0 0.125 0.225 -0.005533094777 2
0 0.125 0.235 -0.005428186138 2
0 0.125 0.245 -0.005328381883 2
0 0.125 0.255 -0.005229610372 2
0 0.125 0.265 -0.005124586608 2
0 0.125 0.275 -0.00500440191 2
0 0.125 0.285 -0.004857016118 2
0 0.125 0.295 -0.004674184043 2
0 0.125 0.305 -0.004449809572 2
0 0.125 0.315 -0.004181144166 2
0 0.125 0.325 -0.003864549652 2
0 0.125 0.335 -0.003503601423 2
0 0.125 0.345 -0.003113740015 2
0 0.125 0.355 -0.00269996905 1
0 0.125 0.365 -0.002283583064 1
0 0.125 0.375 -0.001832675451 1
0 0.125 0.385 -0.001329396979 1
0 0.125 0.395 -0.000818982841 1
0 0.125 0.405 0 2
0 0.125 0.415 0 2
0 0.125 0.425 0 2
0 0.125 0.435 0 2
0 0.125 0.445 0 2
0 0.125 0.455 0 2
0 0.125 0.465 0 2
0 0.135 -0.455 0 1
0 0.135 -0.445 0 1
0 0.135 -0.435 0 1
0 0.135 -0.425 0 1
0 0.135 -0.415 0 1
0 0.135 -0.405 0 1
0 0.135 -0.395 -0.0007922097703 1
0 0.135 -0.385 -0.001368043056 1
0 0.135 -0.375 -0.00193793353 1
0 0.135 -0.365 -0.002431004252 1
0 0.135 -0.355 -0.002863693179 1
0 0.135 -0.345 -0.003248592691 1
0 0.135 -0.335 -0.003598694021 1
0 0.135 -0.325 -0.003914107943 1
0 0.135 -0.315 -0.00420990775 1
0 0.135 -0.305 -0.004523000982 2
0 0.135 -0.295 -0.004795649915 2
0 0.135 -0.285 -0.005024056717 2
0 0.135 -0.275 -0.005201661861 2
0 0.135 -0.265 -0.005340835942 2
0 0.135 -0.255 -0.005448314198 2
0 0.135 -0.245 -0.005533890892 2
0 0.135 -0.235 -0.005606400962 2
0 0.135 -0.225 -0.00568600914 2
0 0.135 -0.215 -0.005763315927 2
0 0.135 -0.205 -0.005861049647 2
0 0.135 -0.195 -0.005971934517 2
0 0.135 -0.185 -0.00610326255 2
0 0.135 -0.175 -0.006233519958 2
0 0.135 -0.165 -0.006342490475 2
0 0.135 -0.155 -0.006430392506 2
0 0.135 -0.145 -0.006496247693 2
0 0.135 -0.135 -0.006544393561 1
0 0.135 -0.125 -0.006595025753 2
0 0.135 -0.115 -0.006634042999 2
0 0.135 -0.105 -0.006663362711 1
0 0.135 -0.095 -0.006695880083 1
0 0.135 -0.085 -0.006726264696 1
0 0.135 -0.075 -0.006760242293 2
0 0.135 -0.065 -0.006787260569 2
0 0.135 -0.055 -0.006812279685 2
0 0.135 -0.045 -0.006839122351 2
0 0.135 -0.035 -0.006867606259 2
0 0.135 -0.025 -0.006895611982 2
0 0.135 -0.015 -0.006921083851 2
0 0.135 -0.005 -0.00694227943 2
0 0.135 0.005 -0.00695862094 2
0 0.135 0.015 -0.006969944486 2
0 0.135 0.025 -0.006976246047 2
0 0.135 0.035 -0.006977553867 2
0 0.135 0.045 -0.006973809778 2
0 0.135 0.055 -0.006964839417 2
0 0.135 0.065 -0.00695034636 2
0 0.135 0.075 -0.00692992986 2
0 0.135 0.085 -0.006903108021 2
0 0.135 0.095 -0.00686934314 2
0 0.135 0.105 -0.00682806756 2
0 0.135 0.115 -0.006778714015 2
0 0.135 0.125 -0.006720756343 2
0 0.135 0.135 -0.006653771463 2
0 0.135 0.145 -0.006577523617 2
0 0.135 0.155 -0.006492083198 2
0 0.135 0.165 -0.006397941725 2
0 0.135 0.175 -0.00629614497 2
0 0.135 0.185 -0.006188276425 2
0 0.135 0.195 -0.006076452273 2
0 0.135 0.205 -0.005962867348 2
0 0.135 0.215 -0.005849724533 2
0 0.135 0.225 -0.005738202248 2
0 0.135 0.235 -0.005628859149 2
0 0.135 0.245 -0.005519693291 2
0 0.135 0.255 -0.005406805365 2
0 0.135 0.265 -0.005284083012 2
0 0.135 0.275 -0.005144017904 2
0 0.135 0.285 -0.004977813982 2
0 0.135 0.295 -0.004778020506 2
0 0.135 0.305 -0.004538210176 2
0 0.135 0.315 -0.004254300144 2
0 0.135 0.325 -0.003918959072 2
0 0.135 0.335 -0.003537841107 2
0 0.135 0.345 -0.003130164298 2
0 0.135 0.355 -0.002708324042 1
0 0.135 0.365 -0.002286624179 1
0 0.135 0.375 -0.001828674937 1
0 0.135 0.385 -0.001319073294 1
0 0.135 0.395 -0.0008070638254 1
0 0.135 0.405 0 2
0 0.135 0.415 0 2
0 0.135 0.425 0 2
0 0.135 0.435 0 2
0 0.135 0.445 0 2
0 0.135 0.455 0 2
0 0.135 0.465 0 2
0 0.145 -0.455 0 2
0 0.145 -0.445 0 2
0 0.145 -0.435 0 1
0 0.145 -0.425 0 1
0 0.145 -0.415 0 1
0 0.145 -0.405 0 1
0 0.145 -0.395 -0.000810218374 1
0 0.145 -0.385 -0.00139010819 1
0 0.145 -0.375 -0.00196374536 1
0 0.145 -0.365 -0.002455397576 1
0 0.145 -0.355 -0.002883870098 1
0 0.145 -0.345 -0.00326824628 1
0 0.145 -0.335 -0.003622254531 1
0 0.145 -0.325 -0.003942958535 1
0 0.145 -0.315 -0.004244858496 1
0 0.145 -0.305 -0.004565154229 2
0 0.145 -0.295 -0.00484688806 2
0 0.145 -0.285 -0.005086021268 2
0 0.145 -0.275 -0.005276034451 2
0 0.145 -0.265 -0.005429206958 2
0 0.145 -0.255 -0.00555281183 2
0 0.145 -0.245 -0.005655645451 2
0 0.145 -0.235 -0.005744706249 2
0 0.145 -0.225 -0.005829055823 2
0 0.145 -0.215 -0.005909711211 2
0 0.145 -0.205 -0.00600419764 2
0 0.145 -0.195 -0.006111135831 2
0 0.145 -0.185 -0.006230356861 2
0 0.145 -0.175 -0.006343119479 2
0 0.145 -0.165 -0.006438443643 2
0 0.145 -0.155 -0.006504417183 1
0 0.145 -0.145 -0.00656401136 1
0 0.145 -0.135 -0.006611083755 1
0 0.145 -0.125 -0.006658367842 1
0 0.145 -0.115 -0.006696360701 1
0 0.145 -0.105 -0.006727197153 1
0 0.145 -0.095 -0.006760088345 1
0 0.145 -0.085 -0.006792581488 1
0 0.145 -0.075 -0.006828838149 1
0 0.145 -0.065 -0.006860823708 1
0 0.145 -0.055 -0.006900480591 2
0 0.145 -0.045 -0.006934721371 2
0 0.145 -0.035 -0.006970785866 2
0 0.145 -0.025 -0.00700493497 2
0 0.145 -0.015 -0.00703497963 2
0 0.145 -0.005 -0.007059660194 2
0 0.145 0.005 -0.007078310822 2
0 0.145 0.015 -0.007091069639 2
0 0.145 0.025 -0.007098149149 2
0 0.145 0.035 -0.007099750568 2
0 0.145 0.045 -0.0070959254 2
0 0.145 0.055 -0.007086583324 2
0 0.145 0.065 -0.007071505737 2
0 0.145 0.075 -0.007050377296 2
0 0.145 0.085 -0.007022817117 2
0 0.145 0.095 -0.006988408581 2
0 0.145 0.105 -0.006946727779 2
0 0.145 0.115 -0.006897373904 2
0 0.145 0.125 -0.006840005836 2
0 0.145 0.135 -0.006774390692 2
0 0.145 0.145 -0.006700464799 2
0 0.145 0.155 -0.006618408544 2
0 0.145 0.165 -0.006528711153 2
0 0.145 0.175 -0.006432222687 2
0 0.145 0.185 -0.00633012095 2
0 0.145 0.195 -0.006223842973 2
0 0.145 0.205 -0.006114817001 2
0 0.145 0.215 -0.00600426384 2
0 0.145 0.225 -0.005892657307 2
0 0.145 0.235 -0.005779588655 2
0 0.145 0.245 -0.005662988203 2
0 0.145 0.255 -0.005539221765 2
0 0.145 0.265 -0.005403039235 2
0 0.145 0.275 -0.005248051465 2
0 0.145 0.285 -0.005067083624 2
0 0.145 0.295 -0.004853319639 2
0 0.145 0.305 -0.004600171494 2
0 0.145 0.315 -0.004302410796 2
0 0.145 0.325 -0.003950726132 2
0 0.145 0.335 -0.003551289391 2
0 0.145 0.345 -0.003113674878 1
0 0.145 0.355 -0.002700465303 1
0 0.145 0.365 -0.002277004542 1
0 0.145 0.375 -0.001817425592 1
0 0.145 0.385 -0.00130874268 1
0 0.145 0.395 -0.0008017439312 1
0 0.145 0.405 0 1
0 0.145 0.415 0 2
0 0.145 0.425 0 2
0 0.145 0.435 0 2
0 0.145 0.445 0 2
0 0.145 0.455 0 2
0 0.145 0.465 0 2
0 0.155 -0.455 0 2
0 0.155 -0.445 0 2
0 0.155 -0.435 0 2
0 0.155 -0.425 0 2
0 0.155 -0.415 0 2
0 0.155 -0.405 0 2
0 0.155 -0.395 -0.0008361993135 2
0 0.155 -0.385 -0.00141115405 2
0 0.155 -0.375 -0.001980076845 2
0 0.155 -0.365 -0.002465652146 1
0 0.155 -0.355 -0.002894389144 1
0 0.155 -0.345 -0.003277809143 1
0 0.155 -0.335 -0.003630926693 1
0 0.155 -0.325 -0.003955735795 1
0 0.155 -0.315 -0.004264241313 1
0 0.155 -0.305 -0.004588832669 2
0 0.155 -0.295 -0.00487405905 2
0 0.155 -0.285 -0.005117773207 2
0 0.155 -0.275 -0.005316662617 2
0 0.155 -0.265 -0.00548081087 2
0 0.155 -0.255 -0.005616644892 2
0 0.155 -0.245 -0.00573143449 2
0 0.155 -0.235 -0.005831902513 2
0 0.155 -0.225 -0.005925402862 2
0 0.155 -0.215 -0.006016381123 2
0 0.155 -0.205 -0.006111869253 2
0 0.155 -0.195 -0.006212242502 2
0 0.155 -0.185 -0.006315419671 2
0 0.155 -0.175 -0.006412347194 2
0 0.155 -0.165 -0.006494065184 2
0 0.155 -0.155 -0.006543221802 1
0 0.155 -0.145 -0.006595800264 1
0 0.155 -0.135 -0.006641177625 1
0 0.155 -0.125 -0.006684529551 1
0 0.155 -0.115 -0.006721730492 1
0 0.155 -0.105 -0.006754394137 1
0 0.155 -0.095 -0.006787613873 1
0 0.155 -0.085 -0.006821423468 1
0 0.155 -0.075 -0.006858031682 1
0 0.155 -0.065 -0.006893417454 1
0 0.155 -0.055 -0.006931850363 1
0 0.155 -0.045 -0.006980049548 2
0 0.155 -0.035 -0.00702620865 2
0 0.155 -0.025 -0.007068329185 2
0 0.155 -0.015 -0.007103741489 2
0 0.155 -0.005 -0.007131990741 2
0 0.155 0.005 -0.007152777597 2
0 0.155 0.015 -0.007166776178 2
0 0.155 0.025 -0.00717452131 2
0 0.155 0.035 -0.007176411957 2
0 0.155 0.045 -0.007172600379 2
0 0.155 0.055 -0.00716305741 2
0 0.155 0.065 -0.007147619257 2
0 0.155 0.075 -0.007126035705 2
0 0.155 0.085 -0.007098010722 2
0 0.155 0.095 -0.007063235566 2
0 0.155 0.105 -0.007021416969 2
0 0.155 0.115 -0.006972303403 2
0 0.155 0.125 -0.006915712915 2
0 0.155 0.135 -0.00685156571 2
0 0.155 0.145 -0.006779921023 2
0 0.155 0.155 -0.006701016422 2
0 0.155 0.165 -0.006615296049 2
0 0.155 0.175 -0.006523419634 2
0 0.155 0.185 -0.006426218056 2
0 0.155 0.195 -0.006324604891 2
0 0.155 0.205 -0.00621938768 2
0 0.155 0.215 -0.00611106774 2
0 0.155 0.225 -0.005999514037 2
0 0.155 0.235 -0.005883753552 2
0 0.155 0.245 -0.005761613795 2
0 0.155 0.255 -0.005629693524 2
0 0.155 0.265 -0.005483384293 2
0 0.155 0.275 -0.005317142202 2
0 0.155 0.285 -0.005124762252 2
0 0.155 0.295 -0.004899889599 2
0 0.155 0.305 -0.004635824203 2
0 0.155 0.315 -0.00432656486 2
0 0.155 0.325 -0.003959857119 2
0 0.155 0.335 -0.00354699913 2
0 0.155 0.345 -0.003102701097 1
0 0.155 0.355 -0.002691551349 1
0 0.155 0.365 -0.002265828421 1
0 0.155 0.375 -0.001803763069 1
0 0.155 0.385 -0.001291935048 1
0 0.155 0.395 -0.0007849949563 1
0 0.155 0.405 0 1
0 0.155 0.415 0 2
0 0.155 0.425 0 2
0 0.155 0.435 0 2
0 0.155 0.445 0 2
0 0.155 0.455 0 2
0 0.155 0.465 0 2
0 0.165 -0.455 0 2
0 0.165 -0.445 0 2
0 0.165 -0.435 0 2
0 0.165 -0.425 0 2
0 0.165 -0.415 0 2
0 0.165 -0.405 0 2
0 0.165 -0.395 -0.0008483850807 2
0 0.165 -0.385 -0.001421866929 2
0 0.165 -0.375 -0.001985280591 2
0 0.165 -0.365 -0.002466213947 1
0 0.165 -0.355 -0.002892342655 1
0 0.165 -0.345 -0.003275925076 1
0 0.165 -0.335 -0.003631225622 1
0 0.165 -0.325 -0.003959029698 1
0 0.165 -0.315 -0.004271874356 1
0 0.165 -0.305 -0.004592143174 2
0 0.165 -0.295 -0.004874936981 2
0 0.165 -0.285 -0.005120022221 2
0 0.165 -0.275 -0.005324810461 2
0 0.165 -0.265 -0.005497046668 2
0 0.165 -0.255 -0.005642169631 2
0 0.165 -0.245 -0.005766296621 2
0 0.165 -0.235 -0.005875247559 2
0 0.165 -0.225 -0.005974928538 2
0 0.165 -0.215 -0.00606995584 2
0 0.165 -0.205 -0.006164832058 2
0 0.165 -0.195 -0.006260422505 2
0 0.165 -0.185 -0.00635491207 2
0 0.165 -0.175 -0.006441543759 2
0 0.165 -0.165 -0.006513167587 2
0 0.165 -0.155 -0.006553028093 1
0 0.165 -0.145 -0.006599979324 1
0 0.165 -0.135 -0.006642913447 1
0 0.165 -0.125 -0.006683476842 1
0 0.165 -0.115 -0.006720601617 1
0 0.165 -0.105 -0.006755160654 1
0 0.165 -0.095 -0.00678899884 1
0 0.165 -0.085 -0.006822726935 1
0 0.165 -0.075 -0.006857702051 1
0 0.165 -0.065 -0.006893465958 1
0 0.165 -0.055 -0.006931511267 1
0 0.165 -0.045 -0.006973764408 1
0 0.165 -0.035 -0.007034998284 2
0 0.165 -0.025 -0.007086748277 2
0 0.165 -0.015 -0.007128734357 2
0 0.165 -0.005 -0.007160615978 2
0 0.165 0.005 -0.00718315352 2
0 0.165 0.015 -0.007198102899 2
0 0.165 0.025 -0.007206402352 2
0 0.165 0.035 -0.007208606145 2
0 0.165 0.045 -0.007204932381 2
0 0.165 0.055 -0.007195375577 2
0 0.165 0.065 -0.007179797485 2
0 0.165 0.075 -0.007157990628 2
0 0.165 0.085 -0.007129727411 2
0 0.165 0.095 -0.007094794421 2
0 0.165 0.105 -0.007053017671 2
0 0.165 0.115 -0.007004281658 2
0 0.165 0.125 -0.006948545541 2
0 0.165 0.135 -0.006885858577 2
0 0.165 0.145 -0.006816374582 2
0 0.165 0.155 -0.00674036321 2
0 0.165 0.165 -0.00665821025 2
0 0.165 0.175 -0.006570400003 2
0 0.165 0.185 -0.006477463504 2
0 0.165 0.195 -0.006379891996 2
0 0.165 0.205 -0.006277996104 2
0 0.165 0.215 -0.006171742068 2
0 0.165 0.225 -0.006060539221 2
0 0.165 0.235 -0.005943066872 2
0 0.165 0.245 -0.005817086174 2
0 0.165 0.255 -0.005679395392 2
0 0.165 0.265 -0.005525856982 2
0 0.165 0.275 -0.005351543189 2
0 0.165 0.285 -0.005150894318 2
0 0.165 0.295 -0.004917922855 2
0 0.165 0.305 -0.00464586068 2
0 0.165 0.315 -0.00432846093 2
0 0.165 0.325 -0.003950541372 2
0 0.165 0.335 -0.003529793119 2
0 0.165 0.345 -0.003085330315 1
0 0.165 0.355 -0.002677713403 1
0 0.165 0.365 -0.002251653454 1
0 0.165 0.375 -0.001787457213 1
0 0.165 0.385 -0.001272569209 1
0 0.165 0.395 -0.0007671623799 1
0 0.165 0.405 0 1
0 0.165 0.415 0 2
0 0.165 0.425 0 2
0 0.165 0.435 0 2
0 0.165 0.445 0 2
0 0.165 0.455 0 2
0 0.165 0.465 0 2
0 0.175 -0.455 0 2
0 0.175 -0.445 0 2
0 0.175 -0.435 0 2
0 0.175 -0.425 0 2
0 0.175 -0.415 0 2
0 0.175 -0.405 0 2
0 0.175 -0.395 -0.0008486316359 2
0 0.175 -0.385 -0.001422555006 2
0 0.175 -0.375 -0.001982638817 2
0 0.175 -0.365 -0.002462642477 2
0 0.175 -0.355 -0.002879315822 1
0 0.175 -0.345 -0.003261883921 1
0 0.175 -0.335 -0.00361896384 1
0 0.175 -0.325 -0.003947816935 1
0 0.175 -0.315 -0.004268178414 2
0 0.175 -0.305 -0.004570727978 2
0 0.175 -0.295 -0.004849357044 2
0 0.175 -0.285 -0.005094105541 2
0 0.175 -0.275 -0.005302193268 2
0 0.175 -0.265 -0.005479747386 2
0 0.175 -0.255 -0.005631174991 2
0 0.175 -0.245 -0.005761708498 2
0 0.175 -0.235 -0.005876442426 2
0 0.175 -0.225 -0.005980351406 2
0 0.175 -0.215 -0.006077572048 2
0 0.175 -0.205 -0.006171406649 2
0 0.175 -0.195 -0.006262932876 2
0 0.175 -0.185 -0.006351161099 2
0 0.175 -0.175 -0.006431838058 2
0 0.175 -0.165 -0.006499845 2
0 0.175 -0.155 -0.00653928245 1
0 0.175 -0.145 -0.006580882593 1
0 0.175 -0.135 -0.006620368609 1
0 0.175 -0.125 -0.006658530637 1
0 0.175 -0.115 -0.006694836788 1
0 0.175 -0.105 -0.006729520602 1
0 0.175 -0.095 -0.006763403674 1
0 0.175 -0.085 -0.006797123485 1
0 0.175 -0.075 -0.006831312028 1
0 0.175 -0.065 -0.006866349679 1
0 0.175 -0.055 -0.006903413204 1
0 0.175 -0.045 -0.006943629403 1
0 0.175 -0.035 -0.007002225679 2
0 0.175 -0.025 -0.007064365638 2
0 0.175 -0.015 -0.007112274473 2
0 0.175 -0.005 -0.007146790653 2
0 0.175 0.005 -0.00717050147 2
0 0.175 0.015 -0.007186088129 2
0 0.175 0.025 -0.007194873005 2
0 0.175 0.035 -0.007197473885 2
0 0.175 0.045 -0.007194110789 2
0 0.175 0.055 -0.007184753698 2
0 0.175 0.065 -0.007169256993 2
0 0.175 0.075 -0.007147433359 2
0 0.175 0.085 -0.007119108667 2
0 0.175 0.095 -0.007084155027 2
0 0.175 0.105 -0.007042510624 2
0 0.175 0.115 -0.006994189228 2
0 0.175 0.125 -0.006939282833 2
0 0.175 0.135 -0.006877959484 2
0 0.175 0.145 -0.006810456735 2
0 0.175 0.155 -0.006737069704 2
0 0.175 0.165 -0.00665812987 2
0 0.175 0.175 -0.006573970611 2
0 0.175 0.185 -0.006484872118 2
0 0.175 0.195 -0.006390984227 2
0 0.175 0.205 -0.006292220969 2
0 0.175 0.215 -0.006188139299 2
0 0.175 0.225 -0.006077800156 2
0 0.175 0.235 -0.005959647753 2
0 0.175 0.245 -0.005831403849 2
0 0.175 0.255 -0.005690032414 2
0 0.175 0.265 -0.005531757883 2
0 0.175 0.275 -0.005352134515 2
0 0.175 0.285 -0.005146119772 2
0 0.175 0.295 -0.004908120016 2
0 0.175 0.305 -0.004631555648 2
0 0.175 0.315 -0.004310259319 2
0 0.175 0.325 -0.003929109036 2
0 0.175 0.335 -0.003506731145 2
0 0.175 0.345 -0.00306318853 1
0 0.175 0.355 -0.002657188481 1
0 0.175 0.365 -0.002232645953 1
0 0.175 0.375 -0.001770010969 1
0 0.175 0.385 -0.00125778584 1
0 0.175 0.395 -0.0007565807542 1
0 0.175 0.405 0 1
0 0.175 0.415 0 2
0 0.175 0.425 0 2
0 0.175 0.435 0 2
0 0.175 0.445 0 2
0 0.175 0.455 0 2
0 0.175 0.465 0 2
0 0.185 -0.455 0 2
0 0.185 -0.445 0 2
0 0.185 -0.435 0 2
0 0.185 -0.425 0 2
0 0.185 -0.415 0 2
0 0.185 -0.405 0 2
0 0.185 -0.395 -0.0008341398748 2
0 0.185 -0.385 -0.00139638387 2
0 0.185 -0.375 -0.001949138381 2
0 0.185 -0.365 -0.002431186908 2
0 0.185 -0.355 -0.002855973578 2
0 0.185 -0.345 -0.003237969956 2
0 0.185 -0.335 -0.0035917863 2
0 0.185 -0.325 -0.003919923191 2
0 0.185 -0.315 -0.004231028141 2
0 0.185 -0.305 -0.004527631488 2
0 0.185 -0.295 -0.00480057533 2
0 0.185 -0.285 -0.005042091197 2
0 0.185 -0.275 -0.0052509941 2
0 0.185 -0.265 -0.00543111538 2
0 0.185 -0.255 -0.005586013986 2
0 0.185 -0.245 -0.005720121985 2
0 0.185 -0.235 -0.005837857813 2
0 0.185 -0.225 -0.005943536661 2
0 0.185 -0.215 -0.006040888464 2
0 0.185 -0.205 -0.006132824602 2
0 0.185 -0.195 -0.006220730437 2
0 0.185 -0.185 -0.006304595579 2
0 0.185 -0.175 -0.00638226875 2
0 0.185 -0.165 -0.006450993411 2
0 0.185 -0.155 -0.00649861205 1
0 0.185 -0.145 -0.006535526542 1
0 0.185 -0.135 -0.006572679784 1
0 0.185 -0.125 -0.006609061437 1
0 0.185 -0.115 -0.006644390675 1
0 0.185 -0.105 -0.006678666779 1
0 0.185 -0.095 -0.006712176638 1
0 0.185 -0.085 -0.006745533687 1
0 0.185 -0.075 -0.006778891534 1
0 0.185 -0.065 -0.006812706895 1
0 0.185 -0.055 -0.006848502143 1
0 0.185 -0.045 -0.006887058732 1
0 0.185 -0.035 -0.006931132794 1
0 0.185 -0.025 -0.007006218452 2
0 0.185 -0.015 -0.007056196962 2
0 0.185 -0.005 -0.007091773978 2
0 0.185 0.005 -0.007115875853 2
0 0.185 0.015 -0.007131835107 2
0 0.185 0.025 -0.007141117999 2
0 0.185 0.035 -0.007144279524 2
0 0.185 0.045 -0.007141455351 2
0 0.185 0.055 -0.00713253889 2
0 0.185 0.065 -0.007117343227 2
0 0.185 0.075 -0.007095679801 2
0 0.185 0.085 -0.007067415469 2
0 0.185 0.095 -0.007032502096 2
0 0.185 0.105 -0.006990988797 2
0 0.185 0.115 -0.006943019912 2
0 0.185 0.125 -0.006888822685 2
0 0.185 0.135 -0.006828687065 2
0 0.185 0.145 -0.006762939013 2
0 0.185 0.155 -0.006691907811 2
0 0.185 0.165 -0.006615886736 2
0 0.185 0.175 -0.006535086481 2
0 0.185 0.185 -0.006449579445 2
0 0.185 0.195 -0.006359235045 2
0 0.185 0.205 -0.006263644553 2
0 0.185 0.215 -0.006162040464 2
0 0.185 0.225 -0.006053212135 2
0 0.185 0.235 -0.005935432579 2
0 0.185 0.245 -0.005806401245 2
0 0.185 0.255 -0.0056632226 2
0 0.185 0.265 -0.005502417374 2
0 0.185 0.275 -0.005319952011 2
0 0.185 0.285 -0.005111267694 2
0 0.185 0.295 -0.004871256733 2
0 0.185 0.305 -0.004593930503 2
0 0.185 0.315 -0.004273371942 2
0 0.185 0.325 -0.003895119269 2
0 0.185 0.335 -0.003476100261 2
0 0.185 0.345 -0.003036284884 1
0 0.185 0.355 -0.00263222209 1
0 0.185 0.365 -0.002210845785 1
0 0.185 0.375 -0.001752248549 1
0 0.185 0.385 -0.001245072391 1
0 0.185 0.395 -0.0007480631826 1
0 0.185 0.405 0 1
0 0.185 0.415 0 2
0 0.185 0.425 0 2
0 0.185 0.435 0 2
0 0.185 0.445 0 2
0 0.185 0.455 0 2
0 0.185 0.465 0 2
0 0.195 -0.455 0 2
0 0.195 -0.445 0 2
0 0.195 -0.435 0 2
0 0.195 -0.425 0 2
0 0.195 -0.415 0 2
0 0.195 -0.405 0 2
0 0.195 -0.395 -0.0008061351044 2
0 0.195 -0.385 -0.001347277077 2
0 0.195 -0.375 -0.001886753051 2
0 0.195 -0.365 -0.002368742769 2
0 0.195 -0.355 -0.002800282995 2
0 0.195 -0.345 -0.003186191606 2
0 0.195 -0.335 -0.003538247139 2
0 0.195 -0.325 -0.003866027251 2
0 0.195 -0.315 -0.004174533516 2
0 0.195 -0.305 -0.004464828775 2
0 0.195 -0.295 -0.00473021843 2
0 0.195 -0.285 -0.004966242166 2
0 0.195 -0.275 -0.005173358189 2
0 0.195 -0.265 -0.005353254224 2
0 0.195 -0.255 -0.005508848001 2
0 0.195 -0.245 -0.005643822634 2
0 0.195 -0.235 -0.005762012161 2
0 0.195 -0.225 -0.00586724996 2
0 0.195 -0.215 -0.00596301267 2
0 0.195 -0.205 -0.006052164762 2
0 0.195 -0.195 -0.006136523424 2
0 0.195 -0.185 -0.00621696217 2
0 0.195 -0.175 -0.006293264293 2
0 0.195 -0.165 -0.006365125169 2
0 0.195 -0.155 -0.006429644418 2
0 0.195 -0.145 -0.006466613697 1
0 0.195 -0.135 -0.006501919804 1
0 0.195 -0.125 -0.006536116734 1
0 0.195 -0.115 -0.006570241587 1
0 0.195 -0.105 -0.006603861646 1
0 0.195 -0.095 -0.00663656575 1
0 0.195 -0.085 -0.006669472923 1
0 0.195 -0.075 -0.006701633897 1
0 0.195 -0.065 -0.006733513241 1
0 0.195 -0.055 -0.006767097024 1
0 0.195 -0.045 -0.006803815065 1
0 0.195 -0.035 -0.006846034231 1
0 0.195 -0.025 -0.006915270018 2
0 0.195 -0.015 -0.006962377032 2
0 0.195 -0.005 -0.006996996532 2
0 0.195 0.005 -0.007020508598 2
0 0.195 0.015 -0.007036627487 2
0 0.195 0.025 -0.007046508247 2
0 0.195 0.035 -0.007050465104 2
0 0.195 0.045 -0.00704845215 2
0 0.195 0.055 -0.007040234654 2
0 0.195 0.065 -0.007025549435 2
0 0.195 0.075 -0.007004185697 2
0 0.195 0.085 -0.006976041065 2
0 0.195 0.095 -0.006941145886 2
0 0.195 0.105 -0.006899665638 2
0 0.195 0.115 -0.006851885365 2
0 0.195 0.125 -0.006798180968 2
0 0.195 0.135 -0.006738980301 2
0 0.195 0.145 -0.006674716281 2
0 0.195 0.155 -0.006605774049 2
0 0.195 0.165 -0.006532434307 2
0 0.195 0.175 -0.006454815892 2
0 0.195 0.185 -0.006372820009 2
0 0.195 0.195 -0.00628607891 2
0 0.195 0.205 -0.006193908975 2
0 0.195 0.215 -0.006095268799 2
0 0.195 0.225 -0.005988720689 2
0 0.195 0.235 -0.005872398997 2
0 0.195 0.245 -0.005743987455 2
0 0.195 0.255 -0.005600712149 2
0 0.195 0.265 -0.005439350764 2
0 0.195 0.275 -0.005256246372 2
0 0.195 0.285 -0.005047322205 2
0 0.195 0.295 -0.004808051435 2
0 0.195 0.305 -0.004533294191 2
0 0.195 0.315 -0.00421766289 2
0 0.195 0.325 -0.003850949654 2
0 0.195 0.335 -0.003441368049 2
0 0.195 0.345 -0.00300688488 1
0 0.195 0.355 -0.002602527437 1
0 0.195 0.365 -0.002186134458 1
0 0.195 0.375 -0.001734507694 1
0 0.195 0.385 -0.00123873508 1
0 0.195 0.395 -0.0007477508963 1
0 0.195 0.405 0 1
0 0.195 0.415 0 2
0 0.195 0.425 0 2
0 0.195 0.435 0 2
0 0.195 0.445 0 2
0 0.195 0.455 0 2
0 0.195 0.465 0 2
0 0.205 -0.455 0 2
0 0.205 -0.445 0 2
0 0.205 -0.435 0 2
0 0.205 -0.425 0 2
0 0.205 -0.415 0 2
0 0.205 -0.405 0 2
0 0.205 -0.395 -0.0007531528083 2
0 0.205 -0.385 -0.001272243333 2
0 0.205 -0.375 -0.001800407423 2
0 0.205 -0.365 -0.002280745149 2
0 0.205 -0.355 -0.002715273874 2
0 0.205 -0.345 -0.00310805489 2
0 0.205 -0.335 -0.00346581899 2
0 0.205 -0.325 -0.00379480684 2
0 0.205 -0.315 -0.004099549022 2
0 0.205 -0.305 -0.004381219752 2
0 0.205 -0.295 -0.004637972442 2
0 0.205 -0.285 -0.004867933016 2
0 0.205 -0.275 -0.005070845263 2
0 0.205 -0.265 -0.005247989684 2
0 0.205 -0.255 -0.005401724124 2
0 0.205 -0.245 -0.005535049525 2
0 0.205 -0.235 -0.005651299343 2
0 0.205 -0.225 -0.005753964121 2
0 0.205 -0.215 -0.00584644077 2
0 0.205 -0.205 -0.005931779023 2
0 0.205 -0.195 -0.006012351835 2
0 0.205 -0.185 -0.006089745721 2
0 0.205 -0.175 -0.006165282175 2
0 0.205 -0.165 -0.006239544412 2
0 0.205 -0.155 -0.006311904186 2
0 0.205 -0.145 -0.006370044683 1
0 0.205 -0.135 -0.006407654267 1
0 0.205 -0.125 -0.006439214502 1
0 0.205 -0.115 -0.006472121607 1
0 0.205 -0.105 -0.006504555684 1
0 0.205 -0.095 -0.006535885741 1
0 0.205 -0.085 -0.006569034757 1
0 0.205 -0.075 -0.006600098638 1
0 0.205 -0.065 -0.00662929284 1
0 0.205 -0.055 -0.006661023974 1
0 0.205 -0.045 -0.0066963658 1
0 0.205 -0.035 -0.006736670954 1
0 0.205 -0.025 -0.00679403187 2
0 0.205 -0.015 -0.006833225435 2
0 0.205 -0.005 -0.006863761583 2
0 0.205 0.005 -0.006885846874 2
0 0.205 0.015 -0.006902015941 2
0 0.205 0.025 -0.006912652133 2
0 0.205 0.035 -0.006917676749 2
0 0.205 0.045 -0.006916768685 2
0 0.205 0.055 -0.006909511411 2
0 0.205 0.065 -0.006895525607 2
0 0.205 0.075 -0.006874554559 2
0 0.205 0.085 -0.006846517686 2
0 0.205 0.095 -0.006811527174 2
0 0.205 0.105 -0.006769877505 2
0 0.205 0.115 -0.006722013739 2
0 0.205 0.125 -0.006668484824 2
0 0.205 0.135 -0.006609885076 2
0 0.205 0.145 -0.006546786232 2
0 0.205 0.155 -0.006479663253 2
0 0.205 0.165 -0.006408818377 2
0 0.205 0.175 -0.006334310967 2
0 0.205 0.185 -0.006255899977 2
0 0.205 0.195 -0.006173006027 2
0 0.205 0.205 -0.006084693186 2
0 0.205 0.215 -0.005989667017 2
0 0.205 0.225 -0.005886280051 2
0 0.205 0.235 -0.005772539047 2
0 0.205 0.245 -0.005646110861 2
0 0.205 0.255 -0.005504328808 2
0 0.205 0.265 -0.005344202283 2
0 0.205 0.275 -0.005162426697 2
0 0.205 0.285 -0.004955396337 2
0 0.205 0.295 -0.00471920514 2
0 0.205 0.305 -0.004449579106 2
0 0.205 0.315 -0.004142112046 2
0 0.205 0.325 -0.003790490921 2
0 0.205 0.335 -0.003395530501 2
0 0.205 0.345 -0.002972722525 1
0 0.205 0.355 -0.002569538433 1
0 0.205 0.365 -0.002160073827 1
0 0.205 0.375 -0.001715687208 1
0 0.205 0.385 -0.001231261285 1
0 0.205 0.395 -0.0007475789581 1
0 0.205 0.405 0 1
0 0.205 0.415 0 2
0 0.205 0.425 0 2
0 0.205 0.435 0 2
0 0.205 0.445 0 2
0 0.205 0.455 0 2
0 0.205 0.465 0 2
0 0.215 -0.455 0 2
0 0.215 -0.445 0 2
0 0.215 -0.435 0 2
0 0.215 -0.425 0 2
0 0.215 -0.415 0 2
0 0.215 -0.405 0 2
0 0.215 -0.395 -0.0006955731408 2
0 0.215 -0.385 -0.001185805099 2
0 0.215 -0.375 -0.001699587064 2
0 0.215 -0.365 -0.002179762853 2
0 0.215 -0.355 -0.002620576438 2
0 0.215 -0.345 -0.003015890795 2
0 0.215 -0.335 -0.003375002288 2
0 0.215 -0.325 -0.003702356923 2
0 0.215 -0.315 -0.004002140006 2
0 0.215 -0.305 -0.004276316298 2
0 0.215 -0.295 -0.004524877502 2
0 0.215 -0.285 -0.00474747924 2
0 0.215 -0.275 -0.004944392961 2
0 0.215 -0.265 -0.005116753429 2
0 0.215 -0.255 -0.005266446451 2
0 0.215 -0.245 -0.005395916063 2
0 0.215 -0.235 -0.005508058091 2
0 0.215 -0.225 -0.005606118888 2
0 0.215 -0.215 -0.005693576866 2
0 0.215 -0.205 -0.005773880408 2
0 0.215 -0.195 -0.00585011769 2
0 0.215 -0.185 -0.005924533802 2
0 0.215 -0.175 -0.005998599375 2
0 0.215 -0.165 -0.006073712441 2
0 0.215 -0.155 -0.00615048692 2
0 0.215 -0.145 -0.006229506613 2
0 0.215 -0.135 -0.006284572566 1
0 0.215 -0.125 -0.006320676344 1
0 0.215 -0.115 -0.006355896503 1
0 0.215 -0.105 -0.006386660554 1
0 0.215 -0.095 -0.006412512372 1
0 0.215 -0.085 -0.006449204826 1
0 0.215 -0.075 -0.00647892578 1
0 0.215 -0.065 -0.006500454439 1
0 0.215 -0.055 -0.00652891808 1
0 0.215 -0.045 -0.006563147863 1
0 0.215 -0.035 -0.006603275423 1
0 0.215 -0.025 -0.00664211775 2
0 0.215 -0.015 -0.006669324491 2
0 0.215 -0.005 -0.006693265557 2
0 0.215 0.005 -0.006713586933 2
0 0.215 0.015 -0.006729816836 2
0 0.215 0.025 -0.006741379332 2
0 0.215 0.035 -0.006747743386 2
0 0.215 0.045 -0.00674823785 2
0 0.215 0.055 -0.006742197514 2
0 0.215 0.065 -0.006729074617 2
0 0.215 0.075 -0.006708536264 2
0 0.215 0.085 -0.00668051565 2
0 0.215 0.095 -0.006645215639 2
0 0.215 0.105 -0.006603080327 2
0 0.215 0.115 -0.006554743372 2
0 0.215 0.125 -0.006500961781 2
0 0.215 0.135 -0.006442537162 2
0 0.215 0.145 -0.006380225461 2
0 0.215 0.155 -0.006314638625 2
0 0.215 0.165 -0.006246144242 2
0 0.215 0.175 -0.006174777165 2
0 0.215 0.185 -0.006100175137 2
0 0.215 0.195 -0.006021553921 2
0 0.215 0.205 -0.005937721147 2
0 0.215 0.215 -0.005847121096 2
0 0.215 0.225 -0.005747888867 2
0 0.215 0.235 -0.005637898174 2
0 0.215 0.245 -0.005514793005 2
0 0.215 0.255 -0.005376004398 2
0 0.215 0.265 -0.005218758374 2
0 0.215 0.275 -0.005040083117 2
0 0.215 0.285 -0.004836818511 2
0 0.215 0.295 -0.004605657663 2
0 0.215 0.305 -0.004343117486 2
0 0.215 0.315 -0.004046001719 2
0 0.215 0.325 -0.003709806275 2
0 0.215 0.335 -0.003335238234 2
0 0.215 0.345 -0.002942193829 2
0 0.215 0.355 -0.002539337711 1
0 0.215 0.365 -0.002136234057 1
0 0.215 0.375 -0.00169902934 1
0 0.215 0.385 -0.001219645367 1
0 0.215 0.395 -0.0007385825333 1
0 0.215 0.405 0 2
0 0.215 0.415 0 2
0 0.215 0.425 0 2
0 0.215 0.435 0 2
0 0.215 0.445 0 2
0 0.215 0.455 0 2
0 0.215 0.465 0 2
0 0.225 -0.455 0 2
0 0.225 -0.445 0 2
0 0.225 -0.435 0 2
0 0.225 -0.425 0 1
0 0.225 -0.415 0 1
0 0.225 -0.405 0 1
0 0.225 -0.395 -0.0006340034636 1
0 0.225 -0.385 -0.001102143668 2
0 0.225 -0.375 -0.001597866959 2
0 0.225 -0.365 -0.002071113944 2
0 0.225 -0.355 -0.002513549803 2
0 0.225 -0.345 -0.002908947191 2
0 0.225 -0.335 -0.003266919382 2
0 0.225 -0.325 -0.003590895812 2
0 0.225 -0.315 -0.00388452056 2
0 0.225 -0.305 -0.00415065667 2
0 0.225 -0.295 -0.004390557096 2
0 0.225 -0.285 -0.004604970637 2
0 0.225 -0.275 -0.004794646413 2
0 0.225 -0.265 -0.004960681077 2
0 0.225 -0.255 -0.005104600415 2
0 0.225 -0.245 -0.005228370827 2
0 0.225 -0.235 -0.005334459413 2
0 0.225 -0.225 -0.005425902537 2
0 0.225 -0.215 -0.005506410313 2
0 0.225 -0.205 -0.005580094827 2
0 0.225 -0.195 -0.005651082173 2
0 0.225 -0.185 -0.005722387157 2
0 0.225 -0.175 -0.005795698731 2
0 0.225 -0.165 -0.005872546497 2
0 0.225 -0.155 -0.005952721895 2
0 0.225 -0.145 -0.006035609025 2
0 0.225 -0.135 -0.00611123018 2
0 0.225 -0.125 -0.006165160156 1
0 0.225 -0.115 -0.006205526341 1
0 0.225 -0.105 -0.006237318004 1
0 0.225 -0.095 -0.006257691668 1
0 0.225 -0.085 -0.006298312949 1
0 0.225 -0.075 -0.006328700996 1
0 0.225 -0.065 -0.00634754427 1
0 0.225 -0.055 -0.006377370391 1
0 0.225 -0.045 -0.006408747785 1
0 0.225 -0.035 -0.006443652492 1
0 0.225 -0.025 -0.006453470772 2
0 0.225 -0.015 -0.006468577247 2
0 0.225 -0.005 -0.006487166923 2
0 0.225 0.005 -0.006505732392 2
0 0.225 0.015 -0.00652199678 2
0 0.225 0.025 -0.006534616923 2
0 0.225 0.035 -0.006542585196 2
0 0.225 0.045 -0.006544802177 2
0 0.225 0.055 -0.006540249361 2
0 0.225 0.065 -0.006528136854 2
0 0.225 0.075 -0.006508017744 2
0 0.225 0.085 -0.006479835723 2
0 0.225 0.095 -0.006443902236 2
0 0.225 0.105 -0.006400841369 2
0 0.225 0.115 -0.006351512946 2
0 0.225 0.125 -0.006296926486 2
0 0.225 0.135 -0.006238143386 2
0 0.225 0.145 -0.006176163606 2
0 0.225 0.155 -0.006111799375 2
0 0.225 0.165 -0.006045540885 2
0 0.225 0.175 -0.005977439473 2
0 0.225 0.185 -0.005907025078 2
0 0.225 0.195 -0.005833293773 2
0 0.225 0.205 -0.005754760891 2
0 0.225 0.215 -0.005669568718 2
0 0.225 0.225 -0.005575602094 2
0 0.225 0.235 -0.005470583066 2
0 0.225 0.245 -0.005352126122 2
0 0.225 0.255 -0.005217759108 2
0 0.225 0.265 -0.005064922321 2
0 0.225 0.275 -0.004890966232 2
0 0.225 0.285 -0.004693152139 2
0 0.225 0.295 -0.004468720633 2
0 0.225 0.305 -0.004214866179 2
0 0.225 0.315 -0.003929364962 2
0 0.225 0.325 -0.00360963738 2
0 0.225 0.335 -0.003257194701 2
0 0.225 0.345 -0.00288356815 2
0 0.225 0.355 -0.002495536475 1
0 0.225 0.365 -0.002101524814 1
0 0.225 0.375 -0.001677267 1
0 0.225 0.385 -0.001207604702 1
0 0.225 0.395 -0.0007354351948 1
0 0.225 0.405 0 2
0 0.225 0.415 0 2
0 0.225 0.425 0 2
0 0.225 0.435 0 2
0 0.225 0.445 0 2
0 0.225 0.455 0 2
0 0.225 0.465 0 2
0 0.235 -0.455 0 2
0 0.235 -0.445 0 2
0 0.235 -0.435 0 1
0 0.235 -0.425 0 1
0 0.235 -0.415 0 1
0 0.235 -0.405 0 1
0 0.235 -0.395 -0.0005840069091 1
0 0.235 -0.385 -0.001010480488 1
0 0.235 -0.375 -0.001493870988 2
0 0.235 -0.365 -0.001954084723 2
0 0.235 -0.355 -0.002392766858 2
0 0.235 -0.345 -0.002790104958 2
0 0.235 -0.335 -0.003143423968 2
0 0.235 -0.325 -0.003461394027 2
0 0.235 -0.315 -0.003747222267 2
0 0.235 -0.305 -0.004004473852 2
0 0.235 -0.295 -0.004235138622 2
0 0.235 -0.285 -0.004440660288 2
0 0.235 -0.275 -0.004622156586 2
0 0.235 -0.265 -0.004780734751 2
0 0.235 -0.255 -0.004917627046 2
0 0.235 -0.245 -0.005034304528 2
0 0.235 -0.235 -0.005132730325 2
0 0.235 -0.225 -0.00521563051 2
0 0.235 -0.215 -0.005287036848 2
0 0.235 -0.205 -0.005352023531 2
0 0.235 -0.195 -0.005416466726 2
0 0.235 -0.185 -0.005484367836 2
0 0.235 -0.175 -0.00555759056 2
0 0.235 -0.165 -0.005635808332 2
0 0.235 -0.155 -0.005717513049 2
0 0.235 -0.145 -0.005800398457 2
0 0.235 -0.135 -0.005880962699 2
0 0.235 -0.125 -0.005952241693 2
0 0.235 -0.115 -0.005997843456 2
0 0.235 -0.105 -0.006031074146 2
0 0.235 -0.095 -0.006061259237 1
0 0.235 -0.085 -0.006086447124 2
0 0.235 -0.075 -0.006116401892 2
0 0.235 -0.065 -0.006151693606 1
0 0.235 -0.055 -0.006185378343 1
0 0.235 -0.045 -0.00621490065 1
0 0.235 -0.035 -0.00623117752 2
0 0.235 -0.025 -0.006225612484 2
0 0.235 -0.015 -0.006233493175 2
0 0.235 -0.005 -0.006247706621 2
0 0.235 0.005 -0.006264394982 2
0 0.235 0.015 -0.006280455537 2
0 0.235 0.025 -0.006294220971 2
0 0.235 0.035 -0.006304110503 2
0 0.235 0.045 -0.00630845701 2
0 0.235 0.055 -0.006305719501 2
0 0.235 0.065 -0.006294769077 2
0 0.235 0.075 -0.006275005039 2
0 0.235 0.085 -0.00624639241 2
0 0.235 0.095 -0.006209384082 2
0 0.235 0.105 -0.006164826386 2
0 0.235 0.115 -0.006113850459 2
0 0.235 0.125 -0.006057769421 2
0 0.235 0.135 -0.00599796692 2
0 0.235 0.145 -0.005935762152 2
0 0.235 0.155 -0.005872252294 2
0 0.235 0.165 -0.005808128056 2
0 0.235 0.175 -0.005743512158 2
0 0.235 0.185 -0.005677833601 2
0 0.235 0.195 -0.00560982678 2
0 0.235 0.205 -0.00553763586 2
0 0.235 0.215 -0.005459019203 2
0 0.235 0.225 -0.005371550573 2
0 0.235 0.235 -0.005272772096 2
0 0.235 0.245 -0.00516026789 2
0 0.235 0.255 -0.005031676806 2
0 0.235 0.265 -0.004884669215 2
0 0.235 0.275 -0.004716923323 2
0 0.235 0.285 -0.004526111137 2
0 0.235 0.295 -0.004309967049 2
0 0.235 0.305 -0.004066293233 2
0 0.235 0.315 -0.003793481317 2
0 0.235 0.325 -0.00349080386 2
0 0.235 0.335 -0.003158164916 2
0 0.235 0.345 -0.002801258137 2
0 0.235 0.355 -0.002433540971 2
0 0.235 0.365 -0.002051178237 2
0 0.235 0.375 -0.001643396988 2
0 0.235 0.385 -0.001191012772 2
0 0.235 0.395 -0.0007333072371 2
0 0.235 0.405 0 2
0 0.235 0.415 0 2
0 0.235 0.425 0 2
0 0.235 0.435 0 2
0 0.235 0.445 0 2
0 0.235 0.455 0 2
0 0.235 0.465 0 2
0 0.245 -0.455 0 2
0 0.245 -0.445 0 2
0 0.245 -0.435 0 1
0 0.245 -0.425 0 1
0 0.245 -0.415 0 1
0 0.245 -0.405 0 1
0 0.245 -0.395 -0.000541187077 1
0 0.245 -0.385 -0.0009386481268 1
0 0.245 -0.375 -0.001386249428 2
0 0.245 -0.365 -0.001834444114 2
0 0.245 -0.355 -0.002265783404 2
0 0.245 -0.345 -0.002660401571 2
0 0.245 -0.335 -0.003005954275 2
0 0.245 -0.325 -0.003315215026 2
0 0.245 -0.315 -0.003591380038 2
0 0.245 -0.305 -0.003838492531 2
0 0.245 -0.295 -0.004059027408 2
0 0.245 -0.285 -0.00425487864 2
0 0.245 -0.275 -0.004427421393 2
0 0.245 -0.265 -0.004577753687 2
0 0.245 -0.255 -0.004706815689 2
0 0.245 -0.245 -0.004815473516 2
0 0.245 -0.235 -0.004904931007 2
0 0.245 -0.225 -0.004977183009 2
0 0.245 -0.215 -0.005036547037 2
0 0.245 -0.205 -0.005089379321 2
0 0.245 -0.195 -0.005145153154 2
0 0.245 -0.185 -0.005209160733 2
0 0.245 -0.175 -0.005283449819 2
0 0.245 -0.165 -0.005366379849 2
0 0.245 -0.155 -0.005451670991 2
0 0.245 -0.145 -0.005535141985 2
0 0.245 -0.135 -0.005612169665 2
0 0.245 -0.125 -0.005681118769 2
0 0.245 -0.115 -0.005728040095 2
0 0.245 -0.105 -0.005762885022 2
0 0.245 -0.095 -0.005798659667 2
0 0.245 -0.085 -0.005811838726 2
0 0.245 -0.075 -0.005841259351 2
0 0.245 -0.065 -0.005890028646 2
0 0.245 -0.055 -0.00592825501 2
0 0.245 -0.045 -0.005958418266 2
0 0.245 -0.035 -0.005962765481 2
0 0.245 -0.025 -0.005960979904 2
0 0.245 -0.015 -0.005966038669 2
0 0.245 -0.005 -0.00597640045 2
0 0.245 0.005 -0.005990770837 2
0 0.245 0.015 -0.006006387527 2
0 0.245 0.025 -0.006021614538 2
0 0.245 0.035 -0.006034031607 2
0 0.245 0.045 -0.006041177786 2
0 0.245 0.055 -0.006040736064 2
0 0.245 0.065 -0.006031137845 2
0 0.245 0.075 -0.006011611148 2
0 0.245 0.085 -0.005982194791 2
0 0.245 0.095 -0.005943544142 2
0 0.245 0.105 -0.005896783596 2
0 0.245 0.115 -0.005843362389 2
0 0.245 0.125 -0.005784947455 2
0 0.245 0.135 -0.005723312842 2
0 0.245 0.145 -0.005660188167 2
0 0.245 0.155 -0.005597070886 2
0 0.245 0.165 -0.005534963356 2
0 0.245 0.175 -0.005474145935 2
0 0.245 0.185 -0.005413949884 2
0 0.245 0.195 -0.005352769361 2
0 0.245 0.205 -0.005288232273 2
0 0.245 0.215 -0.00521757263 2
0 0.245 0.225 -0.00513795838 2
0 0.245 0.235 -0.00504671971 2
0 0.245 0.245 -0.004941425899 2
0 0.245 0.255 -0.00481986599 2
0 0.245 0.265 -0.004679980551 2
0 0.245 0.275 -0.004519800464 2
0 0.245 0.285 -0.004337411723 2
0 0.245 0.295 -0.004131001768 2
0 0.245 0.305 -0.003898925787 2
0 0.245 0.315 -0.003639979393 2
0 0.245 0.325 -0.003353802271 2
0 0.245 0.335 -0.003040612409 2
0 0.245 0.345 -0.002704310826 2
0 0.245 0.355 -0.002352937068 2
0 0.245 0.365 -0.00198377625 2
0 0.245 0.375 -0.001590344893 2
0 0.245 0.385 -0.001152770075 2
0 0.245 0.395 -0.0007056422977 2
0 0.245 0.405 0 2
0 0.245 0.415 0 2
0 0.245 0.425 0 2
0 0.245 0.435 0 2
0 0.245 0.445 0 2
0 0.245 0.455 0 2
0 0.245 0.465 0 2
0 0.255 -0.455 0 2
0 0.255 -0.445 0 2
0 0.255 -0.435 0 1
0 0.255 -0.425 0 1
0 0.255 -0.415 0 1
0 0.255 -0.405 0 1
0 0.255 -0.395 -0.0005085734814 1
0 0.255 -0.385 -0.0008766448961 1
0 0.255 -0.375 -0.001275702567 1
0 0.255 -0.365 -0.001717002486 2
0 0.255 -0.355 -0.002136107308 2
0 0.255 -0.345 -0.002520883831 2
0 0.255 -0.335 -0.002855563057 2
0 0.255 -0.325 -0.003153352849 2
0 0.255 -0.315 -0.003417846801 2
0 0.255 -0.305 -0.003653359691 2
0 0.255 -0.295 -0.003862692485 2
0 0.255 -0.285 -0.004048027261 2
0 0.255 -0.275 -0.004210917709 2
0 0.255 -0.265 -0.004352446651 2
0 0.255 -0.255 -0.004473268012 2
0 0.255 -0.245 -0.004573604853 2
0 0.255 -0.235 -0.004653678841 2
0 0.255 -0.225 -0.004714116077 2
0 0.255 -0.215 -0.004759146249 2
0 0.255 -0.205 -0.004795972891 2
0 0.255 -0.195 -0.004841128643 2
0 0.255 -0.185 -0.004900491251 2
0 0.255 -0.175 -0.004976328128 2
0 0.255 -0.165 -0.005066358597 2
0 0.255 -0.155 -0.005158259705 2
0 0.255 -0.145 -0.005243301689 2
0 0.255 -0.135 -0.005314489576 2
0 0.255 -0.125 -0.005370120152 2
0 0.255 -0.115 -0.005408621659 2
0 0.255 -0.105 -0.005437043954 2
0 0.255 -0.095 -0.005454390851 2
0 0.255 -0.085 -0.005466821532 2
0 0.255 -0.075 -0.005495295917 2
0 0.255 -0.065 -0.005543295319 2
0 0.255 -0.055 -0.005588932957 2
0 0.255 -0.045 -0.005635087129 2
0 0.255 -0.035 -0.005653215268 2
0 0.255 -0.025 -0.005660936481 2
0 0.255 -0.015 -0.00566613417 2
0 0.255 -0.005 -0.005673843953 2
0 0.255 0.005 -0.00568535805 2
0 0.255 0.015 -0.00570058936 2
0 0.255 0.025 -0.005718043054 2
0 0.255 0.035 -0.005733999496 2
0 0.255 0.045 -0.005744968568 2
0 0.255 0.055 -0.005747487705 2
0 0.255 0.065 -0.005739477322 2
0 0.255 0.075 -0.00572000752 2
0 0.255 0.085 -0.005689302272 2
0 0.255 0.095 -0.005648315597 2
0 0.255 0.105 -0.005598520419 2
0 0.255 0.115 -0.005541725358 2
0 0.255 0.125 -0.005479989443 2
0 0.255 0.135 -0.005415543436 2
0 0.255 0.145 -0.005350630499 2
0 0.255 0.155 -0.005287305212 2
0 0.255 0.165 -0.00522704044 2
0 0.255 0.175 -0.00517042817 2
0 0.255 0.185 -0.00511670637 2
0 0.255 0.195 -0.005063799817 2
0 0.255 0.205 -0.005008563241 2
0 0.255 0.215 -0.004947480504 2
0 0.255 0.225 -0.004877181869 2
0 0.255 0.235 -0.0047947661 2
0 0.255 0.245 -0.004697838662 2
0 0.255 0.255 -0.004584415851 2
0 0.255 0.265 -0.004452777068 2
0 0.255 0.275 -0.00430134809 2
0 0.255 0.285 -0.004128638895 2
0 0.255 0.295 -0.003933261964 2
0 0.255 0.305 -0.003714022376 2
0 0.255 0.315 -0.003470049347 2
0 0.255 0.325 -0.003201128591 2
0 0.255 0.335 -0.002908075241 2
0 0.255 0.345 -0.002593005803 2
0 0.255 0.355 -0.002258503689 2
0 0.255 0.365 -0.001902779481 2
0 0.255 0.375 -0.001522645944 2
0 0.255 0.385 -0.001098629408 2
0 0.255 0.395 -0.0006632413138 2
0 0.255 0.405 0 2
0 0.255 0.415 0 2
0 0.255 0.425 0 2
0 0.255 0.435 0 2
0 0.255 0.445 0 2
0 0.255 0.455 0 2
0 0.255 0.465 0 2
0 0.265 -0.455 0 2
0 0.265 -0.445 0 2
0 0.265 -0.435 0 1
0 0.265 -0.425 0 1
0 0.265 -0.415 0 1
0 0.265 -0.405 0 1
0 0.265 -0.395 -0.0004778344766 1
0 0.265 -0.385 -0.0008210283275 1
0 0.265 -0.375 -0.001189906366 1
0 0.265 -0.365 -0.0016007933 2
0 0.265 -0.355 -0.002002393225 2
0 0.265 -0.345 -0.002372811059 2
0 0.265 -0.335 -0.002693135241 2
0 0.265 -0.325 -0.002976728075 2
0 0.265 -0.315 -0.003227483233 2
0 0.265 -0.305 -0.003449802078 2
0 0.265 -0.295 -0.003646702751 2
0 0.265 -0.285 -0.003820559082 2
0 0.265 -0.275 -0.003973071486 2
0 0.265 -0.265 -0.004105341063 2
0 0.265 -0.255 -0.004217726734 2
0 0.265 -0.245 -0.004309892472 2
0 0.265 -0.235 -0.004380971909 2
0 0.265 -0.225 -0.004427740936 2
0 0.265 -0.215 -0.004452246354 2
0 0.265 -0.205 -0.004459209681 2
0 0.265 -0.195 -0.004488561859 2
0 0.265 -0.185 -0.004542778337 2
0 0.265 -0.175 -0.004624082776 2
0 0.265 -0.165 -0.00473336572 2
0 0.265 -0.155 -0.004838513811 2
0 0.265 -0.145 -0.004929030499 2
0 0.265 -0.135 -0.004995683897 2
0 0.265 -0.125 -0.005039263224 2
0 0.265 -0.115 -0.00506131344 2
0 0.265 -0.105 -0.005087308026 2
0 0.265 -0.095 -0.005098163484 2
0 0.265 -0.085 -0.00512423986 2
0 0.265 -0.075 -0.005152525416 2
0 0.265 -0.065 -0.005182728121 2
0 0.265 -0.055 -0.005216089309 2
0 0.265 -0.045 -0.005270400271 2
0 0.265 -0.035 -0.00531248332 2
0 0.265 -0.025 -0.005329171044 2
0 0.265 -0.015 -0.005334211033 2
0 0.265 -0.005 -0.005337183205 2
0 0.265 0.005 -0.005345932631 2
0 0.265 0.015 -0.005361859221 2
0 0.265 0.025 -0.005383762185 2
0 0.265 0.035 -0.005405345533 2
0 0.265 0.045 -0.005421983662 2
0 0.265 0.055 -0.005428414632 2
0 0.265 0.065 -0.005422198572 2
0 0.265 0.075 -0.005402427672 2
0 0.265 0.085 -0.005369779773 2
0 0.265 0.095 -0.005325638022 2
0 0.265 0.105 -0.005271883957 2
0 0.265 0.115 -0.005210691185 2
0 0.265 0.125 -0.005144508679 2
0 0.265 0.135 -0.005076073118 2
0 0.265 0.145 -0.00500824599 2
0 0.265 0.155 -0.004943863477 2
0 0.265 0.165 -0.004885096261 2
0 0.265 0.175 -0.004833165845 2
0 0.265 0.185 -0.004787232707 2
0 0.265 0.195 -0.004744557342 2
0 0.265 0.205 -0.004700745947 2
0 0.265 0.215 -0.004651165594 2
0 0.265 0.225 -0.004591731632 2
0 0.265 0.235 -0.004519337664 2
0 0.265 0.245 -0.004431749634 2
0 0.265 0.255 -0.00432735056 2
0 0.265 0.265 -0.004204861895 2
0 0.265 0.275 -0.004063157882 2
0 0.265 0.285 -0.003901178929 2
0 0.265 0.295 -0.003717933322 2
0 0.265 0.305 -0.003512574364 2
0 0.265 0.315 -0.003284516204 2
0 0.265 0.325 -0.003033629106 2
0 0.265 0.335 -0.002760388747 2
0 0.265 0.345 -0.002465706549 2
0 0.265 0.355 -0.002150256257 2
0 0.265 0.365 -0.001811763094 2
0 0.265 0.375 -0.001447706362 2
0 0.265 0.385 -0.001040681146 2
0 0.265 0.395 -0.0006238611933 2
0 0.265 0.405 0 2
0 0.265 0.415 0 2
0 0.265 0.425 0 2
0 0.265 0.435 0 2
0 0.265 0.445 0 2
0 0.265 0.455 0 2
0 0.265 0.465 0 2
0 0.275 -0.455 0 2
0 0.275 -0.445 0 2
0 0.275 -0.435 0 1
0 0.275 -0.425 0 1
0 0.275 -0.415 0 1
0 0.275 -0.405 0 1
0 0.275 -0.395 -0.000449804676 1
0 0.275 -0.385 -0.0007695211612 1
0 0.275 -0.375 -0.001109144976 1
0 0.275 -0.365 -0.001487524702 2
0 0.275 -0.355 -0.001866073705 2
0 0.275 -0.345 -0.002217372412 2
0 0.275 -0.335 -0.002519678851 2
0 0.275 -0.325 -0.002786330087 2
0 0.275 -0.315 -0.003021191624 2
0 0.275 -0.305 -0.003228616817 2
0 0.275 -0.295 -0.003411720697 2
0 0.275 -0.285 -0.003572994472 2
0 0.275 -0.275 -0.003714287072 2
0 0.275 -0.265 -0.003836789105 2
0 0.275 -0.255 -0.003940674517 2
0 0.275 -0.245 -0.004025177347 2
0 0.275 -0.235 -0.004088041579 2
0 0.275 -0.225 -0.004124658921 2
0 0.275 -0.215 -0.004134902596 2
0 0.275 -0.205 -0.004116371718 2
0 0.275 -0.195 -0.004139315932 2
0 0.275 -0.185 -0.004188334359 2
0 0.275 -0.175 -0.004263733614 2
0 0.275 -0.165 -0.004378987484 2
0 0.275 -0.155 -0.004495962348 2
0 0.275 -0.145 -0.004591781719 2
0 0.275 -0.135 -0.00465521471 2
0 0.275 -0.125 -0.004687661656 2
0 0.275 -0.115 -0.004706088043 2
0 0.275 -0.105 -0.004745615565 2
0 0.275 -0.095 -0.004768136696 1
0 0.275 -0.085 -0.004803573408 1
0 0.275 -0.075 -0.004831673231 1
0 0.275 -0.065 -0.004852914054 1
0 0.275 -0.055 -0.004871989934 1
0 0.275 -0.045 -0.004913204128 2
0 0.275 -0.035 -0.004962695607 2
0 0.275 -0.025 -0.004975198272 2
0 0.275 -0.015 -0.004974233846 2
0 0.275 -0.005 -0.004971536676 2
0 0.275 0.005 -0.004976756226 2
0 0.275 0.015 -0.004993020479 2
0 0.275 0.025 -0.005021061855 2
0 0.275 0.035 -0.005049671637 2
0 0.275 0.045 -0.005074118798 2
0 0.275 0.055 -0.005085647165 2
0 0.275 0.065 -0.005081544312 2
0 0.275 0.075 -0.005060999256 2
0 0.275 0.085 -0.005025590424 2
0 0.275 0.095 -0.004977381641 2
0 0.275 0.105 -0.00491871319 2
0 0.275 0.115 -0.004852060317 2
0 0.275 0.125 -0.004780215247 2
0 0.275 0.135 -0.004706471443 2
0 0.275 0.145 -0.004634391653 2
0 0.275 0.155 -0.004567884193 2
0 0.275 0.165 -0.004510035751 2
0 0.275 0.175 -0.004463352864 2
0 0.275 0.185 -0.004426929263 2
0 0.275 0.195 -0.004397110595 2
0 0.275 0.205 -0.004367374284 2
0 0.275 0.215 -0.004331438209 2
0 0.275 0.225 -0.004284344072 2
0 0.275 0.235 -0.004222929593 2
0 0.275 0.245 -0.004145355935 2
0 0.275 0.255 -0.004050573906 2
0 0.275 0.265 -0.003937874865 2
0 0.275 0.275 -0.003806632965 2
0 0.275 0.285 -0.003656211643 2
0 0.275 0.295 -0.003485968031 2
0 0.275 0.305 -0.003295323148 2
0 0.275 0.315 -0.003083859496 2
0 0.275 0.325 -0.002851407362 2
0 0.275 0.335 -0.002598040544 2
0 0.275 0.345 -0.002323794151 2
0 0.275 0.355 -0.002028243007 2
0 0.275 0.365 -0.00170876607 2
0 0.275 0.375 -0.001363375383 2
0 0.275 0.385 -0.0009769907112 2
0 0.275 0.395 -0.000582784375 2
0 0.275 0.405 0 2
0 0.275 0.415 0 2
0 0.275 0.425 0 2
0 0.275 0.435 0 2
0 0.275 0.445 0 2
0 0.275 0.455 0 2
0 0.275 0.465 0 2
0 0.285 -0.455 0 2
0 0.285 -0.445 0 2
0 0.285 -0.435 0 1
0 0.285 -0.425 0 1
0 0.285 -0.415 0 1
0 0.285 -0.405 0 1
0 0.285 -0.395 -0.0004185863306 1
0 0.285 -0.385 -0.0007151459399 1
0 0.285 -0.375 -0.001029445333 1
0 0.285 -0.365 -0.001378777453 2
0 0.285 -0.355 -0.001729880591 2
0 0.285 -0.345 -0.002055888891 2
0 0.285 -0.335 -0.002336382816 2
0 0.285 -0.325 -0.002583182558 2
0 0.285 -0.315 -0.002799953788 2
0 0.285 -0.305 -0.002990730807 2
0 0.285 -0.295 -0.003158569661 2
0 0.285 -0.285 -0.003306002193 2
0 0.285 -0.275 -0.003435043739 2
0 0.285 -0.265 -0.003547082481 2
0 0.285 -0.255 -0.003642398046 2
0 0.285 -0.245 -0.003719976798 2
0 0.285 -0.235 -0.003773865853 2
0 0.285 -0.225 -0.003800296398 2
0 0.285 -0.215 -0.003797293515 2
0 0.285 -0.205 -0.003773742507 1
0 0.285 -0.195 -0.003802512344 1
0 0.285 -0.185 -0.003852426047 1
0 0.285 -0.175 -0.003917721192 1
0 0.285 -0.165 -0.004019900887 2
0 0.285 -0.155 -0.004133679566 2
0 0.285 -0.145 -0.004234681678 2
0 0.285 -0.135 -0.004295218097 2
0 0.285 -0.125 -0.004332491172 2
0 0.285 -0.115 -0.004367817604 1
0 0.285 -0.105 -0.004426581701 1
0 0.285 -0.095 -0.004491051484 1
0 0.285 -0.085 -0.004532504094 1
0 0.285 -0.075 -0.004559843901 1
0 0.285 -0.065 -0.004574622637 1
0 0.285 -0.055 -0.004578085998 1
0 0.285 -0.045 -0.004562354758 1
0 0.285 -0.035 -0.004590513089 2
0 0.285 -0.025 -0.004582501465 2
0 0.285 -0.015 -0.004570239255 2
0 0.285 -0.005 -0.004560477175 2
0 0.285 0.005 -0.004562133594 2
0 0.285 0.015 -0.00458196948 2
0 0.285 0.025 -0.004628782509 2
0 0.285 0.035 -0.004669749754 2
0 0.285 0.045 -0.004705906422 2
0 0.285 0.055 -0.004722785759 2
0 0.285 0.065 -0.004720148778 2
0 0.285 0.075 -0.004697668988 2
0 0.285 0.085 -0.004658440893 2
0 0.285 0.095 -0.004605288415 2
0 0.285 0.105 -0.004540864569 2
0 0.285 0.115 -0.004467798311 2
0 0.285 0.125 -0.004389073358 2
0 0.285 0.135 -0.004308511517 2
0 0.285 0.145 -0.004230278642 2
0 0.285 0.155 -0.004159814592 2
0 0.285 0.165 -0.004101217156 2
0 0.285 0.175 -0.004060142516 2
0 0.285 0.185 -0.00403559358 2
0 0.285 0.195 -0.004022810799 2
0 0.285 0.205 -0.00401102934 2
0 0.285 0.215 -0.003991400309 2
0 0.285 0.225 -0.003957982181 2
0 0.285 0.235 -0.003908070812 2
0 0.285 0.245 -0.003840734761 2
0 0.285 0.255 -0.00375580294 2
0 0.285 0.265 -0.00365325582 2
0 0.285 0.275 -0.003532987417 2
0 0.285 0.285 -0.003394751484 2
0 0.285 0.295 -0.003238187914 2
0 0.285 0.305 -0.003062903648 2
0 0.285 0.315 -0.002868544686 2
0 0.285 0.325 -0.002654827809 2
0 0.285 0.335 -0.002421488249 2
0 0.285 0.345 -0.002168014583 2
0 0.285 0.355 -0.001893428493 2
0 0.285 0.365 -0.001595060897 2
0 0.285 0.375 -0.001271404757 2
0 0.285 0.385 -0.0009093553711 2
0 0.285 0.395 -0.0005409562233 2
0 0.285 0.405 0 2
0 0.285 0.415 0 2
0 0.285 0.425 0 2
0 0.285 0.435 0 2
0 0.285 0.445 0 2
0 0.285 0.455 0 2
0 0.285 0.465 0 2
0 0.295 -0.455 0 2
0 0.295 -0.445 0 2
0 0.295 -0.435 0 1
0 0.295 -0.425 0 1
0 0.295 -0.415 0 1
0 0.295 -0.405 0 1
0 0.295 -0.395 -0.0003872365782 1
0 0.295 -0.385 -0.000662016347 1
0 0.295 -0.375 -0.0009530067166 1
0 0.295 -0.365 -0.001272890662 2
0 0.295 -0.355 -0.001593166547 2
0 0.295 -0.345 -0.001889001132 2
0 0.295 -0.335 -0.002144015312 2
0 0.295 -0.325 -0.002368162782 2
0 0.295 -0.315 -0.002564786141 2
0 0.295 -0.305 -0.002737225901 2
0 0.295 -0.295 -0.002888306715 2
0 0.295 -0.285 -0.00302052561 2
0 0.295 -0.275 -0.003136083679 2
0 0.295 -0.265 -0.003236713378 2
0 0.295 -0.255 -0.003323196718 2
0 0.295 -0.245 -0.003394702038 2
0 0.295 -0.235 -0.003444482042 2
0 0.295 -0.225 -0.003468538422 2
0 0.295 -0.215 -0.003456887166 2
0 0.295 -0.205 -0.003475025448 1
0 0.295 -0.195 -0.00351390929 1
0 0.295 -0.185 -0.003564971136 1
0 0.295 -0.175 -0.003622850578 1
0 0.295 -0.165 -0.00367654498 1
0 0.295 -0.155 -0.003772981787 2
0 0.295 -0.145 -0.003873864766 2
0 0.295 -0.135 -0.00393738556 2
0 0.295 -0.125 -0.003996448847 1
0 0.295 -0.115 -0.004085549403 1
0 0.295 -0.105 -0.004159446884 1
0 0.295 -0.095 -0.004228788852 1
0 0.295 -0.085 -0.004275420795 1
0 0.295 -0.075 -0.004302994344 1
0 0.295 -0.065 -0.0043115265 1
0 0.295 -0.055 -0.004301772082 1
0 0.295 -0.045 -0.004268020749 1
0 0.295 -0.035 -0.004236862752 2
0 0.295 -0.025 -0.004206813322 2
0 0.295 -0.015 -0.004184192375 2
0 0.295 -0.005 -0.004167484842 2
0 0.295 0.005 -0.004159762286 2
0 0.295 0.015 -0.004166990144 2
0 0.295 0.025 -0.004212711975 2
0 0.295 0.035 -0.004255390522 2
0 0.295 0.045 -0.004313376547 2
0 0.295 0.055 -0.004341100784 2
0 0.295 0.065 -0.004340109111 2
0 0.295 0.075 -0.004313800509 2
0 0.295 0.085 -0.004269645203 2
0 0.295 0.095 -0.004210947869 2
0 0.295 0.105 -0.004140187294 2
0 0.295 0.115 -0.004059781783 2
0 0.295 0.125 -0.003972725442 2
0 0.295 0.135 -0.003883740959 2
0 0.295 0.145 -0.003797806064 2
0 0.295 0.155 -0.003722795741 2
0 0.295 0.165 -0.003662205916 2
0 0.295 0.175 -0.003627778578 2
0 0.295 0.185 -0.003617578888 2
0 0.295 0.195 -0.003626417849 2
0 0.295 0.205 -0.003636216376 2
0 0.295 0.215 -0.003634762719 2
0 0.295 0.225 -0.003615595058 2
0 0.295 0.235 -0.003577057172 2
0 0.295 0.245 -0.003519701856 2
0 0.295 0.255 -0.003444487418 2
0 0.295 0.265 -0.00335221774 2
0 0.295 0.275 -0.003243264246 2
0 0.295 0.285 -0.00311770066 2
0 0.295 0.295 -0.002975368335 2
0 0.295 0.305 -0.002815981797 2
0 0.295 0.315 -0.002639191811 2
0 0.295 0.325 -0.002444596087 2
0 0.295 0.335 -0.002231683131 2
0 0.295 0.345 -0.001999624002 2
0 0.295 0.355 -0.001747193721 2
0 0.295 0.365 -0.001471845569 2
0 0.295 0.375 -0.001172463527 2
0 0.295 0.385 -0.0008376119151 2
0 0.295 0.395 -0.0004974841323 2
0 0.295 0.405 0 2
0 0.295 0.415 0 2
0 0.295 0.425 0 2
0 0.295 0.435 0 2
0 0.295 0.445 0 2
0 0.295 0.455 0 2
0 0.295 0.465 0 2
0 0.305 -0.455 0 2
0 0.305 -0.445 0 2
0 0.305 -0.435 0 2
0 0.305 -0.425 0 1
0 0.305 -0.415 0 1
0 0.305 -0.405 0 1
0 0.305 -0.395 -0.0003562046209 1
0 0.305 -0.385 -0.0006096768749 1
0 0.305 -0.375 -0.0008808472793 1
0 0.305 -0.365 -0.001171083496 2
0 0.305 -0.355 -0.0014571278 2
0 0.305 -0.345 -0.001715699716 2
0 0.305 -0.335 -0.001942512869 2
0 0.305 -0.325 -0.002141914358 2
0 0.305 -0.315 -0.002316732198 2
0 0.305 -0.305 -0.002469376335 2
0 0.305 -0.295 -0.002602284142 2
0 0.305 -0.285 -0.002717860747 2
0 0.305 -0.275 -0.002818516091 2
0 0.305 -0.265 -0.002906526702 2
0 0.305 -0.255 -0.002983509947 2
0 0.305 -0.245 -0.003049739528 2
0 0.305 -0.235 -0.003100256962 2
0 0.305 -0.225 -0.003133316084 2
0 0.305 -0.215 -0.003129515093 1
0 0.305 -0.205 -0.003184959917 1
0 0.305 -0.195 -0.003234979359 1
0 0.305 -0.185 -0.003288113848 1
0 0.305 -0.175 -0.003340402023 1
0 0.305 -0.165 -0.003386503164 1
0 0.305 -0.155 -0.003435984764 1
0 0.305 -0.145 -0.003530274256 2
0 0.305 -0.135 -0.003606049751 1
0 0.305 -0.125 -0.003716127173 1
0 0.305 -0.115 -0.003815434423 1
0 0.305 -0.105 -0.003894337583 1
0 0.305 -0.095 -0.003957542168 1
0 0.305 -0.085 -0.004000957451 1
0 0.305 -0.075 -0.004025184134 1
0 0.305 -0.065 -0.004029592986 1
0 0.305 -0.055 -0.004013922644 1
0 0.305 -0.045 -0.00397515922 1
0 0.305 -0.035 -0.003905406449 1
0 0.305 -0.025 -0.003857861367 1
0 0.305 -0.015 -0.003824305856 1
0 0.305 -0.005 -0.003801069529 1
0 0.305 0.005 -0.003785129457 1
0 0.305 0.015 -0.00377825823 1
0 0.305 0.025 -0.003807546281 2
0 0.305 0.035 -0.003840846438 2
0 0.305 0.045 -0.003917756067 2
0 0.305 0.055 -0.00394649444 2
0 0.305 0.065 -0.003941609124 2
0 0.305 0.075 -0.003909869441 2
0 0.305 0.085 -0.003860240849 2
0 0.305 0.095 -0.003795915234 2
0 0.305 0.105 -0.003718648624 2
0 0.305 0.115 -0.003630322044 2
0 0.305 0.125 -0.003533976522 2
0 0.305 0.135 -0.003435874471 2
0 0.305 0.145 -0.003339918287 2
0 0.305 0.155 -0.003256221864 2
0 0.305 0.165 -0.003180141383 2
0 0.305 0.175 -0.003149866677 2
0 0.305 0.185 -0.003159140348 2
0 0.305 0.195 -0.003206361932 2
0 0.305 0.205 -0.003247051872 2
0 0.305 0.215 -0.003266306986 2
0 0.305 0.225 -0.003260271438 2
0 0.305 0.235 -0.003231826105 2
0 0.305 0.245 -0.003183633547 2
0 0.305 0.255 -0.003117748816 2
0 0.305 0.265 -0.003035750799 2
0 0.305 0.275 -0.002938376586 2
0 0.305 0.285 -0.00282591126 2
0 0.305 0.295 -0.002698309567 2
0 0.305 0.305 -0.002555327873 2
0 0.305 0.315 -0.002396589477 2
0 0.305 0.325 -0.002221593557 2
0 0.305 0.335 -0.002029673725 2
0 0.305 0.345 -0.001819847543 2
0 0.305 0.355 -0.001590825527 2
0 0.305 0.365 -0.00134027201 2
0 0.305 0.375 -0.001067363296 2
0 0.305 0.385 -0.0007620811656 2
0 0.305 0.395 -0.0004522626263 2
0 0.305 0.405 0 2
0 0.305 0.415 0 2
0 0.305 0.425 0 2
0 0.305 0.435 0 2
0 0.305 0.445 0 2
0 0.305 0.455 0 2
0 0.305 0.465 0 2
0 0.315 -0.455 0 2
0 0.315 -0.445 0 2
0 0.315 -0.435 0 2
0 0.315 -0.425 0 1
0 0.315 -0.415 0 1
0 0.315 -0.405 0 1
0 0.315 -0.395 -0.0003327483894 1
0 0.315 -0.385 -0.0005653312525 1
0 0.315 -0.375 -0.0008143049621 1
0 0.315 -0.365 -0.001067228499 2
0 0.315 -0.355 -0.001313674386 2
0 0.315 -0.345 -0.00153412358 2
0 0.315 -0.335 -0.001731363719 2
0 0.315 -0.325 -0.001904979486 2
0 0.315 -0.315 -0.002056925968 2
0 0.315 -0.305 -0.00218867397 2
0 0.315 -0.295 -0.002302181881 2
0 0.315 -0.285 -0.002399763728 2
0 0.315 -0.275 -0.002484081804 2
0 0.315 -0.265 -0.002558221918 2
0 0.315 -0.255 -0.00262476721 2
0 0.315 -0.245 -0.002686162542 2
0 0.315 -0.235 -0.002742882864 2
0 0.315 -0.225 -0.002794199937 2
0 0.315 -0.215 -0.002835115808 1
0 0.315 -0.205 -0.002879638074 1
0 0.315 -0.195 -0.002931328976 1
0 0.315 -0.185 -0.002988441177 1
0 0.315 -0.175 -0.003046318453 1
0 0.315 -0.165 -0.003099953073 1
0 0.315 -0.155 -0.003150938975 1
0 0.315 -0.145 -0.003215753487 1
0 0.315 -0.135 -0.003325773115 1
0 0.315 -0.125 -0.003438441936 1
0 0.315 -0.115 -0.003535170893 1
0 0.315 -0.105 -0.003614413106 1
0 0.315 -0.095 -0.003676639842 1
0 0.315 -0.085 -0.003719960103 1
0 0.315 -0.075 -0.003740993616 1
0 0.315 -0.065 -0.003739063284 1
0 0.315 -0.055 -0.003715881574 1
0 0.315 -0.045 -0.003672157175 1
0 0.315 -0.035 -0.003609455486 1
0 0.315 -0.025 -0.00355845082 1
0 0.315 -0.015 -0.003519552367 1
0 0.315 -0.005 -0.003490769452 1
0 0.315 0.005 -0.003467859041 1
0 0.315 0.015 -0.003448588654 1
0 0.315 0.025 -0.00342686266 1
0 0.315 0.035 -0.00344251056 1
0 0.315 0.045 -0.00351958504 2
0 0.315 0.055 -0.003537692265 2
0 0.315 0.065 -0.003524413581 2
0 0.315 0.075 -0.003486202292 2
0 0.315 0.085 -0.00343130582 2
0 0.315 0.095 -0.003361828622 2
0 0.315 0.105 -0.003278368802 2
0 0.315 0.115 -0.00318217871 2
0 0.315 0.125 -0.003073676316 2
0 0.315 0.135 -0.002959427408 2
0 0.315 0.145 -0.002846722838 2
0 0.315 0.155 -0.002769910784 2
0 0.315 0.165 -0.002701930893 2
0 0.315 0.175 -0.002687414727 2
0 0.315 0.185 -0.002707839129 2
0 0.315 0.195 -0.002777201253 2
0 0.315 0.205 -0.00284767608 2
0 0.315 0.215 -0.002886444438 2
0 0.315 0.225 -0.002893990973 2
0 0.315 0.235 -0.002873551944 2
0 0.315 0.245 -0.002833368438 2
0 0.315 0.255 -0.002776394024 2
0 0.315 0.265 -0.002704683945 2
0 0.315 0.275 -0.002619180731 2
0 0.315 0.285 -0.002520254634 2
0 0.315 0.295 -0.002407891425 2
0 0.315 0.305 -0.002281840606 2
0 0.315 0.315 -0.002141685673 2
0 0.315 0.325 -0.001986857388 2
0 0.315 0.335 -0.001816609761 2
0 0.315 0.345 -0.001629914912 2
0 0.315 0.355 -0.001425518936 2
0 0.315 0.365 -0.001201331206 2
0 0.315 0.375 -0.0009567367366 2
0 0.315 0.385 -0.0006829791134 2
0 0.315 0.395 -0.0004052075124 2
0 0.315 0.405 0 2
0 0.315 0.415 0 2
0 0.315 0.425 0 2
0 0.315 0.435 0 2
0 0.315 0.445 0 2
0 0.315 0.455 0 2
0 0.315 0.465 0 2
0 0.325 -0.455 0 2
0 0.325 -0.445 0 2
0 0.325 -0.435 0 2
0 0.325 -0.425 0 2
0 0.325 -0.415 0 1
0 0.325 -0.405 0 1
0 0.325 -0.395 -0.000308473644 1
0 0.325 -0.385 -0.0005178378145 1
0 0.325 -0.375 -0.0007379521731 2
0 0.325 -0.365 -0.0009508920127 2
0 0.325 -0.355 -0.00115704389 2
0 0.325 -0.345 -0.001342617419 2
0 0.325 -0.335 -0.001510344578 2
0 0.325 -0.325 -0.001658089302 2
0 0.325 -0.315 -0.001786732285 2
0 0.325 -0.305 -0.001896930031 2
0 0.325 -0.295 -0.001990066518 2
0 0.325 -0.285 -0.002068329073 2
0 0.325 -0.275 -0.002134585168 2
0 0.325 -0.265 -0.002193147721 2
0 0.325 -0.255 -0.002247683805 2
0 0.325 -0.245 -0.002304151999 2
0 0.325 -0.235 -0.002368176561 2
0 0.325 -0.225 -0.002439709653 2
0 0.325 -0.215 -0.002528947398 1
0 0.325 -0.205 -0.002561368575 1
0 0.325 -0.195 -0.002617007845 1
0 0.325 -0.185 -0.002679411855 1
0 0.325 -0.175 -0.002745109521 1
0 0.325 -0.165 -0.002807909474 1
0 0.325 -0.155 -0.002872554739 1
0 0.325 -0.145 -0.002946631492 1
0 0.325 -0.135 -0.003050816529 1
0 0.325 -0.125 -0.003155575345 1
0 0.325 -0.115 -0.003248768647 1
0 0.325 -0.105 -0.003326127708 1
0 0.325 -0.095 -0.003387409464 1
0 0.325 -0.085 -0.003430958668 1
0 0.325 -0.075 -0.00344835607 1
0 0.325 -0.065 -0.003438881424 1
0 0.325 -0.055 -0.003410861282 1
0 0.325 -0.045 -0.003368310293 1
0 0.325 -0.035 -0.003318263121 1
0 0.325 -0.025 -0.003271939183 1
0 0.325 -0.015 -0.00323221555 1
0 0.325 -0.005 -0.003199097049 1
0 0.325 0.005 -0.003168898173 1
0 0.325 0.015 -0.003138165078 1
0 0.325 0.025 -0.003105836484 1
0 0.325 0.035 -0.003096014593 1
0 0.325 0.045 -0.00312162405 2
0 0.325 0.055 -0.003116636555 2
0 0.325 0.065 -0.003089832255 2
0 0.325 0.075 -0.003044233409 2
0 0.325 0.085 -0.002984826423 2
0 0.325 0.095 -0.002911461464 2
0 0.325 0.105 -0.002822801998 2
0 0.325 0.115 -0.002716423495 2
0 0.325 0.125 -0.002594237764 2
0 0.325 0.135 -0.002466965183 2
0 0.325 0.145 -0.002356203482 2
0 0.325 0.155 -0.002305366102 2
0 0.325 0.165 -0.002264544213 1
0 0.325 0.175 -0.002266071838 1
0 0.325 0.185 -0.002290346696 1
0 0.325 0.195 -0.002359641303 2
0 0.325 0.205 -0.002453177679 2
0 0.325 0.215 -0.002501808287 2
0 0.325 0.225 -0.002516919921 2
0 0.325 0.235 -0.002502534672 2
0 0.325 0.245 -0.002469380063 2
0 0.325 0.255 -0.002421081226 2
0 0.325 0.265 -0.002359825651 2
0 0.325 0.275 -0.002286585028 2
0 0.325 0.285 -0.002201698994 2
0 0.325 0.295 -0.002105119045 2
0 0.325 0.305 -0.001996557323 2
0 0.325 0.315 -0.001875558801 2
0 0.325 0.325 -0.001741517942 2
0 0.325 0.335 -0.001593667786 2
0 0.325 0.345 -0.001431006251 2
0 0.325 0.355 -0.001252371202 2
0 0.325 0.365 -0.001055927126 2
0 0.325 0.375 -0.0008412039084 2
0 0.325 0.385 -0.0006006159664 2
0 0.325 0.395 -0.0003563943719 2
0 0.325 0.405 0 2
0 0.325 0.415 0 2
0 0.325 0.425 0 2
0 0.325 0.435 0 2
0 0.325 0.445 0 2
0 0.325 0.455 0 2
0 0.325 0.465 0 2
0 0.335 -0.455 0 2
0 0.335 -0.445 0 2
0 0.335 -0.435 0 2
0 0.335 -0.425 0 2
0 0.335 -0.415 0 2
0 0.335 -0.405 0 2
0 0.335 -0.395 -0.0002692819662 2
0 0.335 -0.385 -0.0004516160549 2
0 0.335 -0.375 -0.000639798961 2
0 0.335 -0.365 -0.0008182352656 2
0 0.335 -0.355 -0.000986801837 2
0 0.335 -0.345 -0.001140821686 2
0 0.335 -0.335 -0.001280017601 2
0 0.335 -0.325 -0.001402403917 2
0 0.335 -0.315 -0.001507806787 2
0 0.335 -0.305 -0.001596070717 2
0 0.335 -0.295 -0.001667899002 2
0 0.335 -0.285 -0.00172557708 2
0 0.335 -0.275 -0.001772402289 2
0 0.335 -0.265 -0.001814825797 2
0 0.335 -0.255 -0.001856694339 2
0 0.335 -0.245 -0.001909150758 2
0 0.335 -0.235 -0.00197602751 2
0 0.335 -0.225 -0.002057371883 2
0 0.335 -0.215 -0.002155640243 2
0 0.335 -0.205 -0.002216513188 1
0 0.335 -0.195 -0.002290078394 1
0 0.335 -0.185 -0.002364595666 1
0 0.335 -0.175 -0.002437751751 1
0 0.335 -0.165 -0.002509332002 1
0 0.335 -0.155 -0.002584106791 1
0 0.335 -0.145 -0.00266795958 1
0 0.335 -0.135 -0.002766041853 1
0 0.335 -0.125 -0.002865961824 1
0 0.335 -0.115 -0.002953749214 1
0 0.335 -0.105 -0.00302751307 1
0 0.335 -0.095 -0.003089778597 1
0 0.335 -0.085 -0.003142961553 1
0 0.335 -0.075 -0.003157597879 1
0 0.335 -0.065 -0.003132358871 1
0 0.335 -0.055 -0.003097069003 1
0 0.335 -0.045 -0.003052718135 1
0 0.335 -0.035 -0.003007316513 1
0 0.335 -0.025 -0.002963788147 1
0 0.335 -0.015 -0.002923887145 1
0 0.335 -0.005 -0.002887302855 1
0 0.335 0.005 -0.002853102085 1
0 0.335 0.015 -0.002820275666 1
0 0.335 0.025 -0.002788605195 1
0 0.335 0.035 -0.002756184106 1
0 0.335 0.045 -0.002726139665 2
0 0.335 0.055 -0.002686058692 2
0 0.335 0.065 -0.00263981995 2
0 0.335 0.075 -0.002586482716 2
0 0.335 0.085 -0.002523520862 2
0 0.335 0.095 -0.002447595732 2
0 0.335 0.105 -0.00235195305 2
0 0.335 0.115 -0.002234801564 2
0 0.335 0.125 -0.002098678156 2
0 0.335 0.135 -0.001979124927 2
0 0.335 0.145 -0.001901427528 1
0 0.335 0.155 -0.00188305342 1
0 0.335 0.165 -0.001901114286 1
0 0.335 0.175 -0.001914601083 1
0 0.335 0.185 -0.001937977696 1
0 0.335 0.195 -0.001966083429 1
0 0.335 0.205 -0.002065243534 2
0 0.335 0.215 -0.002112411644 2
0 0.335 0.225 -0.002129259402 2
0 0.335 0.235 -0.002119015608 2
0 0.335 0.245 -0.002092241827 2
0 0.335 0.255 -0.002052622268 2
0 0.335 0.265 -0.002002157837 2
0 0.335 0.275 -0.001941673546 2
0 0.335 0.285 -0.001871384508 2
0 0.335 0.295 -0.001791161109 2
0 0.335 0.305 -0.001700663357 2
0 0.335 0.315 -0.001599407727 2
0 0.335 0.325 -0.001486783154 2
0 0.335 0.335 -0.001362046697 2
0 0.335 0.345 -0.001224269625 2
0 0.335 0.355 -0.001072413978 2
0 0.335 0.365 -0.0009049008948 2
0 0.335 0.375 -0.0007213607948 2
0 0.335 0.385 -0.0005153318645 2
0 0.335 0.395 -0.0003059604684 2
0 0.335 0.405 0 2
0 0.335 0.415 0 2
0 0.335 0.425 0 2
0 0.335 0.435 0 2
0 0.335 0.445 0 2
0 0.335 0.455 0 2
0 0.335 0.465 0 2
0 0.345 -0.455 0 2
0 0.345 -0.445 0 2
0 0.345 -0.435 0 2
0 0.345 -0.425 0 2
0 0.345 -0.415 0 2
0 0.345 -0.405 0 2
0 0.345 -0.395 -0.0002198887523 2
0 0.345 -0.385 -0.0003706681614 2
0 0.345 -0.375 -0.0005254265579 2
0 0.345 -0.365 -0.0006702651372 2
0 0.345 -0.355 -0.0008055008303 2
0 0.345 -0.345 -0.0009299746465 2
0 0.345 -0.335 -0.001041670771 2
0 0.345 -0.325 -0.001139348179 2
0 0.345 -0.315 -0.001221936073 2
0 0.345 -0.305 -0.00128834105 2
0 0.345 -0.295 -0.001338561729 2
0 0.345 -0.285 -0.001375088531 2
0 0.345 -0.275 -0.001399870048 2
0 0.345 -0.265 -0.001421931018 2
0 0.345 -0.255 -0.001439556969 2
0 0.345 -0.245 -0.00148366807 2
0 0.345 -0.235 -0.001553666113 2
0 0.345 -0.225 -0.001647952046 2
0 0.345 -0.215 -0.001748203333 2
0 0.345 -0.205 -0.001864494913 1
0 0.345 -0.195 -0.001960591041 1
0 0.345 -0.185 -0.002046151953 1
0 0.345 -0.175 -0.002126382647 1
0 0.345 -0.165 -0.002203444333 1
0 0.345 -0.155 -0.002282502465 1
0 0.345 -0.145 -0.002370115226 1
0 0.345 -0.135 -0.002471939526 1
0 0.345 -0.125 -0.002579888657 1
0 0.345 -0.115 -0.002665804505 1
0 0.345 -0.105 -0.002730862669 1
0 0.345 -0.095 -0.002781227314 1
0 0.345 -0.085 -0.002833252529 1
0 0.345 -0.075 -0.002846118715 1
0 0.345 -0.065 -0.002816189437 1
0 0.345 -0.055 -0.00278219083 1
0 0.345 -0.045 -0.002729694699 1
0 0.345 -0.035 -0.002684594294 1
0 0.345 -0.025 -0.002643627887 1
0 0.345 -0.015 -0.002604649063 1
0 0.345 -0.005 -0.002565328506 1
0 0.345 0.005 -0.002527730677 1
0 0.345 0.015 -0.002493516856 1
0 0.345 0.025 -0.002463332191 1
0 0.345 0.035 -0.002407111859 1
0 0.345 0.045 -0.002317899346 2
0 0.345 0.055 -0.00224149486 2
0 0.345 0.065 -0.002176074928 2
0 0.345 0.075 -0.002116065659 2
0 0.345 0.085 -0.002051074007 2
0 0.345 0.095 -0.001973972415 2
0 0.345 0.105 -0.0018765939 2
0 0.345 0.115 -0.001756851769 2
0 0.345 0.125 -0.001615941167 2
0 0.345 0.135 -0.001530755491 1
0 0.345 0.145 -0.0015257092 1
0 0.345 0.155 -0.001533556494 1
0 0.345 0.165 -0.001563006627 1
0 0.345 0.175 -0.00158582186 1
0 0.345 0.185 -0.001607536809 1
0 0.345 0.195 -0.001628487249 1
0 0.345 0.205 -0.00168682822 2
0 0.345 0.215 -0.001720141779 2
0 0.345 0.225 -0.001732559677 2
0 0.345 0.235 -0.00172409865 2
0 0.345 0.245 -0.001703075674 2
0 0.345 0.255 -0.001672245537 2
0 0.345 0.265 -0.001632991256 2
0 0.345 0.275 -0.001585797892 2
0 0.345 0.285 -0.001530673377 2
0 0.345 0.295 -0.00146737084 2
0 0.345 0.305 -0.001395492449 2
0 0.345 0.315 -0.001314540026 2
0 0.345 0.325 -0.001223924765 2
0 0.345 0.335 -0.00112296276 2
0 0.345 0.345 -0.001010831942 2
0 0.345 0.355 -0.0008866389863 2
0 0.345 0.365 -0.0007490616134 2
0 0.345 0.375 -0.0005978013883 2
0 0.345 0.385 -0.0004274988831 2
0 0.345 0.395 -0.0002540895 2
0 0.345 0.405 0 2
0 0.345 0.415 0 2
0 0.345 0.425 0 2
0 0.345 0.435 0 2
0 0.345 0.445 0 2
0 0.345 0.455 0 2
0 0.345 0.465 0 2
0 0.355 -0.455 0 2
0 0.355 -0.445 0 2
0 0.355 -0.435 0 2
0 0.355 -0.425 0 2
0 0.355 -0.415 0 2
0 0.355 -0.405 0 2
0 0.355 -0.395 -0.0001676744492 2
0 0.355 -0.385 -0.0002842004807 2
0 0.355 -0.375 -0.0004033209558 2
0 0.355 -0.365 -0.0005137911558 2
0 0.355 -0.355 -0.0006171967604 2
0 0.355 -0.345 -0.0007118461214 2
0 0.355 -0.335 -0.0007967532194 2
0 0.355 -0.325 -0.0008704353486 2
0 0.355 -0.315 -0.0009312456249 2
0 0.355 -0.305 -0.0009768244602 2
0 0.355 -0.295 -0.00100383337 2
0 0.355 -0.285 -0.001013145761 2
0 0.355 -0.275 -0.001010032187 2
0 0.355 -0.265 -0.001022106326 2
0 0.355 -0.255 -0.001033083023 2
0 0.355 -0.245 -0.001082525482 2
0 0.355 -0.235 -0.00115485397 2
0 0.355 -0.225 -0.001252885892 2
0 0.355 -0.215 -0.001361007917 1
0 0.355 -0.205 -0.001512902871 1
0 0.355 -0.195 -0.001626422522 1
0 0.355 -0.185 -0.001723856774 1
0 0.355 -0.175 -0.001811717117 1
0 0.355 -0.165 -0.001892760827 1
0 0.355 -0.155 -0.001973728785 1
0 0.355 -0.145 -0.002061488616 1
0 0.355 -0.135 -0.002167628171 1
0 0.355 -0.125 -0.002273472024 1
0 0.355 -0.115 -0.002345651691 1
0 0.355 -0.105 -0.002396039626 1
0 0.355 -0.095 -0.002431787794 1
0 0.355 -0.085 -0.00244036562 2
0 0.355 -0.075 -0.002451321187 2
0 0.355 -0.065 -0.002463735829 1
0 0.355 -0.055 -0.002444972874 1
0 0.355 -0.045 -0.002398133251 1
0 0.355 -0.035 -0.002362982603 1
0 0.355 -0.025 -0.002327231361 1
0 0.355 -0.015 -0.002288740984 1
0 0.355 -0.005 -0.002247097088 1
0 0.355 0.005 -0.002202499489 1
0 0.355 0.015 -0.00215579416 1
0 0.355 0.025 -0.002114261219 1
0 0.355 0.035 -0.002028907551 1
0 0.355 0.045 -0.001879528652 2
0 0.355 0.055 -0.00177831808 2
0 0.355 0.065 -0.00170060852 2
0 0.355 0.075 -0.00163641939 2
0 0.355 0.085 -0.001571709405 2
0 0.355 0.095 -0.00149322492 2
0 0.355 0.105 -0.001394336956 2
0 0.355 0.115 -0.001274817686 2
0 0.355 0.125 -0.001163939699 1
0 0.355 0.135 -0.001156313531 1
0 0.355 0.145 -0.001173935585 1
0 0.355 0.155 -0.001193651664 1
0 0.355 0.165 -0.001218773313 1
0 0.355 0.175 -0.001243548165 1
0 0.355 0.185 -0.001268172563 1
0 0.355 0.195 -0.001291600199 1
0 0.355 0.205 -0.001315203317 2
0 0.355 0.215 -0.001327099491 2
0 0.355 0.225 -0.001328098222 2
0 0.355 0.235 -0.001319377028 2
0 0.355 0.245 -0.00130354526 2
0 0.355 0.255 -0.001281630704 2
0 0.355 0.265 -0.001253995657 2
0 0.355 0.275 -0.001220595019 2
0 0.355 0.285 -0.001181154583 2
0 0.355 0.295 -0.001135280318 2
0 0.355 0.305 -0.001082514327 2
0 0.355 0.315 -0.001022357802 2
0 0.355 0.325 -0.0009542682472 2
0 0.355 0.335 -0.0008776485842 2
0 0.355 0.345 -0.0007918081626 2
0 0.355 0.355 -0.0006960128279 2
0 0.355 0.365 -0.0005891976557 2
0 0.355 0.375 -0.0004711164797 2
0 0.355 0.385 -0.0003375048444 2
0 0.355 0.395 -0.0002009885467 2
0 0.355 0.405 0 2
0 0.355 0.415 0 2
0 0.355 0.425 0 2
0 0.355 0.435 0 2
0 0.355 0.445 0 2
0 0.355 0.455 0 2
0 0.355 0.465 0 2
0 0.365 -0.455 0 2
0 0.365 -0.445 0 2
0 0.365 -0.435 0 2
0 0.365 -0.425 0 2
0 0.365 -0.415 0 2
0 0.365 -0.405 0 2
0 0.365 -0.395 -0.0001168274901 2
0 0.365 -0.385 -0.0001962892892 2
0 0.365 -0.375 -0.0002772449019 2
0 0.365 -0.365 -0.0003523164612 2
0 0.365 -0.355 -0.0004229762659 2
0 0.365 -0.345 -0.0004879762484 2
0 0.365 -0.335 -0.0005464833138 2
0 0.365 -0.325 -0.0005969363076 2
0 0.365 -0.315 -0.0006374716345 2
0 0.365 -0.305 -0.0006614999785 2
0 0.365 -0.295 -0.0006666137908 2
0 0.365 -0.285 -0.0006500329802 2
0 0.365 -0.275 -0.0006316561767 2
0 0.365 -0.265 -0.0006467255568 2
0 0.365 -0.255 -0.0006663347743 1
0 0.365 -0.245 -0.000721116679 1
0 0.365 -0.235 -0.0007960418615 1
0 0.365 -0.225 -0.0008974331634 1
0 0.365 -0.215 -0.001034458111 1
0 0.365 -0.205 -0.001172996912 1
0 0.365 -0.195 -0.001290642845 1
0 0.365 -0.185 -0.001395855873 1
0 0.365 -0.175 -0.001492520328 1
0 0.365 -0.165 -0.001576568246 1
0 0.365 -0.155 -0.001653922414 1
0 0.365 -0.145 -0.00173257249 1
0 0.365 -0.135 -0.001837303299 1
0 0.365 -0.125 -0.001895226207 2
0 0.365 -0.115 -0.001945380789 2
0 0.365 -0.105 -0.00197948779 2
0 0.365 -0.095 -0.001998319288 2
0 0.365 -0.085 -0.001986108086 2
0 0.365 -0.075 -0.001994969653 2
0 0.365 -0.065 -0.002025685385 2
0 0.365 -0.055 -0.002025742281 2
0 0.365 -0.045 -0.002027512229 1
0 0.365 -0.035 -0.00200254779 1
0 0.365 -0.025 -0.0019702265 1
0 0.365 -0.015 -0.001931674056 1
0 0.365 -0.005 -0.001887281139 1
0 0.365 0.005 -0.001836036047 1
0 0.365 0.015 -0.001774970669 1
0 0.365 0.025 -0.00167875949 2
0 0.365 0.035 -0.001571497735 2
0 0.365 0.045 -0.001412604927 2
0 0.365 0.055 -0.001299741433 2
0 0.365 0.065 -0.001215865034 2
0 0.365 0.075 -0.001150506527 2
0 0.365 0.085 -0.001088801489 2
0 0.365 0.095 -0.001016370066 2
0 0.365 0.105 -0.0009266339464 2
0 0.365 0.115 -0.000815352087 2
0 0.365 0.125 -0.0007819998334 1
0 0.365 0.135 -0.0007944340825 1
0 0.365 0.145 -0.0008168003961 1
0 0.365 0.155 -0.0008414165572 1
0 0.365 0.165 -0.000868382853 1
0 0.365 0.175 -0.000898231402 1
0 0.365 0.185 -0.0009267871506 1
0 0.365 0.195 -0.000953891219 1
0 0.365 0.205 -0.0009411982121 2
0 0.365 0.215 -0.0009287667772 2
0 0.365 0.225 -0.0009160137795 2
0 0.365 0.235 -0.0009062646176 2
0 0.365 0.245 -0.0008955275475 2
0 0.365 0.255 -0.0008827523155 2
0 0.365 0.265 -0.0008671116375 2
0 0.365 0.275 -0.0008479297637 2
0 0.365 0.285 -0.0008246015444 2
0 0.365 0.295 -0.0007965661431 2
0 0.365 0.305 -0.0007633058191 2
0 0.365 0.315 -0.0007243345002 2
0 0.365 0.325 -0.000679176974 2
0 0.365 0.335 -0.0006273460477 2
0 0.365 0.345 -0.0005683022943 2
0 0.365 0.355 -0.0005014824164 2
0 0.365 0.365 -0.0004260808278 2
0 0.365 0.375 -0.0003418915317 2
0 0.365 0.385 -0.0002457440326 2
0 0.365 0.395 -0.0001468762163 2
0 0.365 0.405 0 2
0 0.365 0.415 0 2
0 0.365 0.425 0 2
0 0.365 0.435 0 2
0 0.365 0.445 0 2
0 0.365 0.455 0 2
0 0.365 0.465 0 2
0 0.375 -0.455 0 2
0 0.375 -0.445 0 2
0 0.375 -0.435 0 2
0 0.375 -0.425 0 2
0 0.375 -0.415 0 2
0 0.375 -0.405 0 2
0 0.375 -0.395 -6.433002705e-05 2
0 0.375 -0.385 -0.0001049282969 2
0 0.375 -0.375 -0.0001467935177 2
0 0.375 -0.365 -0.000186373924 2
0 0.375 -0.355 -0.0002242793364 2
0 0.375 -0.345 -0.0002595856479 2
0 0.375 -0.335 -0.0002917484886 2
0 0.375 -0.325 -0.0003195614768 2
0 0.375 -0.315 -0.0003412866818 2
0 0.375 -0.305 -0.0003485241746 2
0 0.375 -0.295 -0.0003403541171 2
0 0.375 -0.285 -0.000304302177 2
0 0.375 -0.275 -0.000288757262 1
0 0.375 -0.265 -0.0003107297084 1
0 0.375 -0.255 -0.0003665234009 1
0 0.375 -0.245 -0.0004249547212 1
0 0.375 -0.235 -0.0005010077008 1
0 0.375 -0.225 -0.000599073322 1
0 0.375 -0.215 -0.0007212370657 1
0 0.375 -0.205 -0.0008416828269 1
0 0.375 -0.195 -0.000955337098 1
0 0.375 -0.185 -0.001066862356 1
0 0.375 -0.175 -0.001182353791 1
0 0.375 -0.165 -0.001272353048 1
0 0.375 -0.155 -0.001342151032 1
0 0.375 -0.145 -0.001397507687 1
0 0.375 -0.135 -0.001444885165 2
0 0.375 -0.125 -0.001457790382 2
0 0.375 -0.115 -0.001480495399 2
0 0.375 -0.105 -0.001496718569 2
0 0.375 -0.095 -0.001499452204 2
0 0.375 -0.085 -0.001484538182 2
0 0.375 -0.075 -0.001491788808 2
0 0.375 -0.065 -0.001523256318 2
0 0.375 -0.055 -0.001542539129 2
0 0.375 -0.045 -0.001569092795 2
0 0.375 -0.035 -0.001556341572 2
0 0.375 -0.025 -0.001528101153 2
0 0.375 -0.015 -0.001489023635 2
0 0.375 -0.005 -0.001441039721 2
0 0.375 0.005 -0.001381611098 2
0 0.375 0.015 -0.001304087225 2
0 0.375 0.025 -0.001181093251 2
0 0.375 0.035 -0.00105990578 2
0 0.375 0.045 -0.0009187784428 2
0 0.375 0.055 -0.0008076549135 2
0 0.375 0.065 -0.0007233575682 2
0 0.375 0.075 -0.0006597343135 2
0 0.375 0.085 -0.0006043489433 2
0 0.375 0.095 -0.0005447801881 2
0 0.375 0.105 -0.0004787203311 2
0 0.375 0.115 -0.000392024961 1
0 0.375 0.125 -0.0004100268797 1
0 0.375 0.135 -0.0004299224372 1
0 0.375 0.145 -0.0004565341677 1
0 0.375 0.155 -0.0004847660207 1
0 0.375 0.165 -0.0005145141936 1
0 0.375 0.175 -0.000546156591 1
0 0.375 0.185 -0.0005745416065 1
0 0.375 0.195 -0.000605985961 1
0 0.375 0.205 -0.0005510190066 2
0 0.375 0.215 -0.0005181165044 2
0 0.375 0.225 -0.0004958547688 2
0 0.375 0.235 -0.0004860399834 2
0 0.375 0.245 -0.0004809400784 2
0 0.375 0.255 -0.0004776994473 2
0 0.375 0.265 -0.0004744111415 2
0 0.375 0.275 -0.0004697928768 2
0 0.375 0.285 -0.0004628980064 2
0 0.375 0.295 -0.0004529943213 2
0 0.375 0.305 -0.0004395091223 2
0 0.375 0.315 -0.0004219837602 2
0 0.375 0.325 -0.0004000305234 2
0 0.375 0.335 -0.0003732931666 2
0 0.375 0.345 -0.0003414009963 2
0 0.375 0.355 -0.0003039720772 2
0 0.375 0.365 -0.0002604630707 2
0 0.375 0.375 -0.0002107001296 2
0 0.375 0.385 -0.0001526075287 2
0 0.375 0.395 -9.197310656e-05 2
0 0.375 0.405 0 2
0 0.375 0.415 0 2
0 0.375 0.425 0 2
0 0.375 0.435 0 2
0 0.375 0.445 0 2
0 0.375 0.455 0 2
0 0.375 0.465 0 2
0 0.385 -0.455 0 2
0 0.385 -0.445 0 2
0 0.385 -0.435 0 2
0 0.385 -0.425 0 2
0 0.385 -0.415 0 2
0 0.385 -0.405 0 2
0 0.385 -0.395 -8.011965133e-06 2
0 0.385 -0.385 -9.479694539e-06 2
0 0.385 -0.375 -1.369801384e-05 2
0 0.385 -0.365 -1.781230837e-05 2
0 0.385 -0.355 -2.286225755e-05 2
0 0.385 -0.345 -2.825061624e-05 2
0 0.385 -0.335 -3.384842882e-05 2
0 0.385 -0.325 -3.931370963e-05 2
0 0.385 -0.315 -4.367045763e-05 2
0 0.385 -0.305 -3.974447363e-05 2
0 0.385 -0.295 -2.813632637e-05 2
0 0.385 -0.285 1.101007785e-05 1
0 0.385 -0.275 -7.080960448e-06 1
0 0.385 -0.265 -3.735201204e-05 1
0 0.385 -0.255 -9.32238088e-05 1
0 0.385 -0.245 -0.0001539230802 1
0 0.385 -0.235 -0.0002256851087 1
0 0.385 -0.225 -0.0003107762564 1
0 0.385 -0.215 -0.0004095489504 1
0 0.385 -0.205 -0.0005132286361 1
0 0.385 -0.195 -0.0006170960501 1
0 0.385 -0.185 -0.0007254126009 1
0 0.385 -0.175 -0.0008517525979 1
0 0.385 -0.165 -0.0009365962628 1
0 0.385 -0.155 -0.000992366923 1
0 0.385 -0.145 -0.001018076847 1
0 0.385 -0.135 -0.0009843856403 2
0 0.385 -0.125 -0.0009643336653 2
0 0.385 -0.115 -0.0009607073773 2
0 0.385 -0.105 -0.0009642788821 2
0 0.385 -0.095 -0.0009682863252 2
0 0.385 -0.085 -0.0009684334906 2
0 0.385 -0.075 -0.0009749669357 2
0 0.385 -0.065 -0.0009925390262 2
0 0.385 -0.055 -0.001014046504 2
0 0.385 -0.045 -0.001043175369 2
0 0.385 -0.035 -0.001042206372 2
0 0.385 -0.025 -0.001019433825 2
0 0.385 -0.015 -0.0009795496172 2
0 0.385 -0.005 -0.0009273794424 2
0 0.385 0.005 -0.0008576665735 2
0 0.385 0.015 -0.0007641151567 2
0 0.385 0.025 -0.0006363136347 2
0 0.385 0.035 -0.0005140020311 2
0 0.385 0.045 -0.0003965336182 2
0 0.385 0.055 -0.0002997998298 2
0 0.385 0.065 -0.0002226219123 2
0 0.385 0.075 -0.0001641266873 2
0 0.385 0.085 -0.0001189724561 2
0 0.385 0.095 -7.877166616e-05 2
0 0.385 0.105 -4.412640265e-05 2
0 0.385 0.115 -1.138997179e-05 1
0 0.385 0.125 -3.278266385e-05 1
0 0.385 0.135 -6.043675026e-05 1
0 0.385 0.145 -9.281907174e-05 1
0 0.385 0.155 -0.000125538975 1
0 0.385 0.165 -0.0001589658917 1
0 0.385 0.175 -0.0001935828551 1
0 0.385 0.185 -0.0002219917038 1
0 0.385 0.195 -0.00021467641 2
0 0.385 0.205 -0.0001415781321 2
0 0.385 0.215 -9.394321353e-05 2
0 0.385 0.225 -6.763918625e-05 2
0 0.385 0.235 -6.010415011e-05 2
0 0.385 0.245 -6.167138486e-05 2
0 0.385 0.255 -6.852403345e-05 2
0 0.385 0.265 -7.796008718e-05 2
0 0.385 0.275 -8.819336593e-05 2
0 0.385 0.285 -9.795716162e-05 2
0 0.385 0.295 -0.0001063592116 2
0 0.385 0.305 -0.0001127851708 2
0 0.385 0.315 -0.0001168239424 2
0 0.385 0.325 -0.0001181985816 2
0 0.385 0.335 -0.0001167059911 2
0 0.385 0.345 -0.0001121616482 2
0 0.385 0.355 -0.0001043753355 2
0 0.385 0.365 -9.306935308e-05 2
0 0.385 0.375 -7.809621339e-05 2
0 0.385 0.385 -5.847491138e-05 2
0 0.385 0.395 -3.649481849e-05 2
0 0.385 0.405 0 2
0 0.385 0.415 0 2
0 0.385 0.425 0 2
0 0.385 0.435 0 2
0 0.385 0.445 0 2
0 0.385 0.455 0 2
0 0.385 0.465 0 2
0 0.395 -0.455 0 2
0 0.395 -0.445 0 2
0 0.395 -0.435 0 2
0 0.395 -0.425 0 2
0 0.395 -0.415 0 2
0 0.395 -0.405 0 2
0 0.395 -0.395 4.97816949e-05 2
0 0.395 -0.385 8.744176942e-05 2
0 0.395 -0.375 0.0001218165697 2
0 0.395 -0.365 0.0001518645917 2
0 0.395 -0.355 0.000180334569 2
0 0.395 -0.345 0.0002056080991 2
0 0.395 -0.335 0.0002271406774 2
0 0.395 -0.325 0.0002439217854 2
0 0.395 -0.315 0.000255485344 2
0 0.395 -0.305 0.0002646961657 2
0 0.395 -0.295 0.0002701328373 2
0 0.395 -0.285 0.0002761159551 1
0 0.395 -0.275 0.0002542779257 1
0 0.395 -0.265 0.0002238415324 1
0 0.395 -0.255 0.0001805156963 1
0 0.395 -0.245 0.0001277336511 1
0 0.395 -0.235 6.393844663e-05 1
0 0.395 -0.225 -1.12009378e-05 1
0 0.395 -0.215 -9.593716906e-05 1
0 0.395 -0.205 -0.0001883936638 1
0 0.395 -0.195 -0.0002813924736 1
0 0.395 -0.185 -0.000382128952 1
0 0.395 -0.175 -0.0004655151957 2
0 0.395 -0.165 -0.0005238959983 2
0 0.395 -0.155 -0.0005534098773 2
0 0.395 -0.145 -0.0005513236102 2
0 0.395 -0.135 -0.000492125055 2
0 0.395 -0.125 -0.0004624961018 2
0 0.395 -0.115 -0.0004504692704 2
0 0.395 -0.105 -0.0004487717206 2
0 0.395 -0.095 -0.0004494801205 2
0 0.395 -0.085 -0.0004510207876 2
0 0.395 -0.075 -0.0004568521886 2
0 0.395 -0.065 -0.000467611869 2
0 0.395 -0.055 -0.0004782949434 2
0 0.395 -0.045 -0.0004855254953 2
0 0.395 -0.035 -0.000476896546 2
0 0.395 -0.025 -0.0004519632856 2
0 0.395 -0.015 -0.0004108052329 2
0 0.395 -0.005 -0.0003543648862 2
0 0.395 0.005 -0.0002811596167 2
0 0.395 0.015 -0.0001907536815 2
0 0.395 0.025 -8.385407224e-05 2
0 0.395 0.035 2.487247758e-05 2
0 0.395 0.045 0.0001286667809 2
0 0.395 0.055 0.0002168830466 2
0 0.395 0.065 0.0002863802514 2
0 0.395 0.075 0.000336323069 2
0 0.395 0.085 0.0003681855853 2
0 0.395 0.095 0.0003827200659 2
0 0.395 0.105 0.0003803444213 2
0 0.395 0.115 0.000364051637 1
0 0.395 0.125 0.0003384643141 1
0 0.395 0.135 0.0003073114968 1
0 0.395 0.145 0.0002726819585 1
0 0.395 0.155 0.0002344129285 1
0 0.395 0.165 0.000198713521 1
0 0.395 0.175 0.0001619216061 1
0 0.395 0.185 0.0001457127919 1
0 0.395 0.195 0.0002191585574 2
0 0.395 0.205 0.0002940661449 2
0 0.395 0.215 0.0003436573083 2
0 0.395 0.225 0.0003675470344 2
0 0.395 0.235 0.0003701365992 2
0 0.395 0.245 0.0003605847818 2
0 0.395 0.255 0.0003429093416 2
0 0.395 0.265 0.0003203056817 2
0 0.395 0.275 0.0002949378817 2
0 0.395 0.285 0.0002683514278 2
0 0.395 0.295 0.0002415726932 2
0 0.395 0.305 0.0002152307215 2
0 0.395 0.315 0.0001896571294 2
0 0.395 0.325 0.0001649865435 2
0 0.395 0.335 0.0001412420139 2
0 0.395 0.345 0.0001184026402 2
0 0.395 0.355 9.645616311e-05 2
0 0.395 0.365 7.541130861e-05 2
0 0.395 0.375 5.539403612e-05 2
0 0.395 0.385 3.629303081e-05 2
0 0.395 0.395 1.935352996e-05 2
0 0.395 0.405 0 2
0 0.395 0.415 0 2
0 0.395 0.425 0 2
0 0.395 0.435 0 2
0 0.395 0.445 0 2
0 0.395 0.455 0 2
0 0.395 0.465 0 2
0 0.405 -0.455 0 2
0 0.405 -0.445 0 2
0 0.405 -0.435 0 1
0 0.405 -0.425 0 1
0 0.405 -0.415 0 1
0 0.405 -0.405 0 1
0 0.405 -0.395 0.0001035748521 2
0 0.405 -0.385 0.0001786007141 2
0 0.405 -0.375 0.0002533768897 2
0 0.405 -0.365 0.00031906321 2
0 0.405 -0.355 0.0003800974529 2
0 0.405 -0.345 0.0004368550292 2
0 0.405 -0.335 0.0004864143465 2
0 0.405 -0.325 0.0005262094789 2
0 0.405 -0.315 0.000554047754 2
0 0.405 -0.305 0.0005632634572 2
0 0.405 -0.295 0.0005580685455 2
0 0.405 -0.285 0.0005316885425 1
0 0.405 -0.275 0.0005166108252 1
0 0.405 -0.265 0.0004915935552 1
0 0.405 -0.255 0.0004589553443 1
0 0.405 -0.245 0.0004117081344 1
0 0.405 -0.235 0.0003567605237 1
0 0.405 -0.225 0.0002917416295 1
0 0.405 -0.215 0.0002167259697 1
0 0.405 -0.205 0.0001279921634 1
0 0.405 -0.195 5.250946262e-05 1
0 0.405 -0.185 -2.290856319e-05 1
0 0.405 -0.175 -2.606719563e-05 2
0 0.405 -0.165 -4.796324046e-05 2
0 0.405 -0.155 -5.446762149e-05 2
0 0.405 -0.145 -3.795872503e-05 2
0 0.405 -0.135 1.090125054e-05 2
0 0.405 -0.125 4.438565598e-05 2
0 0.405 -0.115 6.278814977e-05 2
0 0.405 -0.105 6.925750891e-05 2
0 0.405 -0.095 7.094491711e-05 2
0 0.405 -0.085 6.979296374e-05 2
0 0.405 -0.075 6.580284162e-05 2
0 0.405 -0.065 5.97765879e-05 2
0 0.405 -0.055 5.507702427e-05 2
0 0.405 -0.045 5.557156215e-05 2
0 0.405 -0.035 6.817370654e-05 2
0 0.405 -0.025 9.539923646e-05 2
0 0.405 -0.015 0.0001386467663 2
0 0.405 -0.005 0.0001980775107 2
0 0.405 0.005 0.0002739496588 2
0 0.405 0.015 0.0003646215411 2
0 0.405 0.025 0.0004660511064 2
0 0.405 0.035 0.0005680325658 2
0 0.405 0.045 0.0006624404933 2
0 0.405 0.055 0.0007414851435 2
0 0.405 0.065 0.000801524081 2
0 0.405 0.075 0.000840783304 2
0 0.405 0.085 0.0008582198542 2
0 0.405 0.095 0.0008474628913 2
0 0.405 0.105 0.0008096046829 2
0 0.405 0.115 0.0007442770196 1
0 0.405 0.125 0.0007135051799 1
0 0.405 0.135 0.0006775339705 1
0 0.405 0.145 0.0006372165614 1
0 0.405 0.155 0.0005868396728 1
0 0.405 0.165 0.0005565099288 1
0 0.405 0.175 0.0005355618019 1
0 0.405 0.185 0.0005866875899 2
0 0.405 0.195 0.000683614389 2
0 0.405 0.205 0.0007525493251 2
0 0.405 0.215 0.0007936881367 2
0 0.405 0.225 0.0008081218843 2
0 0.405 0.235 0.0008033335315 2
0 0.405 0.245 0.0007843074746 2
0 0.405 0.255 0.0007549298616 2
0 0.405 0.265 0.0007186015835 2
0 0.405 0.275 0.0006777748892 2
0 0.405 0.285 0.0006342329221 2
0 0.405 0.295 0.000589096241 2
0 0.405 0.305 0.0005429622277 2
0 0.405 0.315 0.0004960327044 2
0 0.405 0.325 0.0004482557871 2
0 0.405 0.335 0.0003994404489 2
0 0.405 0.345 0.0003493384403 2
0 0.405 0.355 0.0002977240273 2
0 0.405 0.365 0.0002443344942 2
0 0.405 0.375 0.0001892791524 2
0 0.405 0.385 0.0001313598937 2
0 0.405 0.395 7.538121424e-05 2
0 0.405 0.405 0 2
0 0.405 0.415 0 2
0 0.405 0.425 0 2
0 0.405 0.435 0 2
0 0.405 0.445 0 2
0 0.405 0.455 0 2
0 0.405 0.465 0 2
0 0.415 -0.455 0 2
0 0.415 -0.445 0 2
0 0.415 -0.435 0 1
0 0.415 -0.425 0 1
0 0.415 -0.415 0 1
0 0.415 -0.405 0 1
0 0.415 -0.395 0.0001520449881 1
0 0.415 -0.385 0.0002621775884 2
0 0.415 -0.375 0.0003791200961 2
0 0.415 -0.365 0.0004867360263 2
0 0.415 -0.355 0.0005850057936 2
0 0.415 -0.345 0.0006754317059 2
0 0.415 -0.335 0.0007551737241 2
0 0.415 -0.325 0.0008182358675 2
0 0.415 -0.315 0.0008611941726 2
0 0.415 -0.305 0.0008684523162 2
0 0.415 -0.295 0.0008553327341 2
0 0.415 -0.285 0.0007956886194 1
0 0.415 -0.275 0.0007790150849 1
0 0.415 -0.265 0.000754749763 1
0 0.415 -0.255 0.0007348353789 1
0 0.415 -0.245 0.0006893969673 1
0 0.415 -0.235 0.0006413114621 1
0 0.415 -0.225 0.0005876042078 1
0 0.415 -0.215 0.0005311842011 1
0 0.415 -0.205 0.0004593266828 1
0 0.415 -0.195 0.0004166985133 1
0 0.415 -0.185 0.0004198752549 2
0 0.415 -0.175 0.0004615380581 2
0 0.415 -0.165 0.0004768861918 2
0 0.415 -0.155 0.0004890957034 2
0 0.415 -0.145 0.0005061338151 2
0 0.415 -0.135 0.0005341729293 2
0 0.415 -0.125 0.0005584131003 2
0 0.415 -0.115 0.0005753691962 2
0 0.415 -0.105 0.0005844369254 2
0 0.415 -0.095 0.0005882566543 2
0 0.415 -0.085 0.0005887859908 2
0 0.415 -0.075 0.000587418707 2
0 0.415 -0.065 0.0005858087044 2
0 0.415 -0.055 0.0005867960448 2
0 0.415 -0.045 0.0005937807086 2
0 0.415 -0.035 0.0006110966927 2
0 0.415 -0.025 0.0006415550972 2
0 0.415 -0.015 0.0006870928663 2
0 0.415 -0.005 0.0007485377089 2
0 0.415 0.005 0.0008256921084 2
0 0.415 0.015 0.0009161205241 2
0 0.415 0.025 0.001014472399 2
0 0.415 0.035 0.001111800662 2
0 0.415 0.045 0.001199123815 2
0 0.415 0.055 0.001269586751 2
0 0.415 0.065 0.001319561602 2
0 0.415 0.075 0.001347168846 2
0 0.415 0.085 0.001350908988 2
0 0.415 0.095 0.001321564307 2
0 0.415 0.105 0.001255570957 2
0 0.415 0.115 0.00113191074 1
0 0.415 0.125 0.001084910225 1
0 0.415 0.135 0.001039054773 1
0 0.415 0.145 0.0010011586 1
0 0.415 0.155 0.0009554032296 1
0 0.415 0.165 0.0009456081533 1
0 0.415 0.175 0.000989731201 2
0 0.415 0.185 0.001069038335 2
0 0.415 0.195 0.001155439543 2
0 0.415 0.205 0.001215435121 2
0 0.415 0.215 0.001247148211 2
0 0.415 0.225 0.00125244941 2
0 0.415 0.235 0.001238277176 2
0 0.415 0.245 0.001208315055 2
0 0.415 0.255 0.001166182062 2
0 0.415 0.265 0.00111537407 2
0 0.415 0.275 0.001058640027 2
0 0.415 0.285 0.0009979936756 2
0 0.415 0.295 0.000934590245 2
0 0.415 0.305 0.0008689167987 2
0 0.415 0.315 0.0008009628154 2
0 0.415 0.325 0.0007304266366 2
0 0.415 0.335 0.0006568605798 2
0 0.415 0.345 0.0005797655982 2
0 0.415 0.355 0.0004986925085 2
0 0.415 0.365 0.0004131067598 2
0 0.415 0.375 0.000323106844 2
0 0.415 0.385 0.0002264168595 2
0 0.415 0.395 0.0001314140101 2
0 0.415 0.405 0 2
0 0.415 0.415 0 2
0 0.415 0.425 0 2
0 0.415 0.435 0 2
0 0.415 0.445 0 2
0 0.415 0.455 0 2
0 0.415 0.465 0 2
0 0.425 -0.455 0 1
0 0.425 -0.445 0 1
0 0.425 -0.435 0 1
0 0.425 -0.425 0 1
0 0.425 -0.415 0 1
0 0.425 -0.405 0 1
0 0.425 -0.395 0.000187873466 1
0 0.425 -0.385 0.0003324522236 1
0 0.425 -0.375 0.000483765726 2
0 0.425 -0.365 0.0006301270639 2
0 0.425 -0.355 0.0007644147226 2
0 0.425 -0.345 0.0008858741589 2
0 0.425 -0.335 0.0009936295057 2
0 0.425 -0.325 0.001083356023 2
0 0.425 -0.315 0.001152021415 2
0 0.425 -0.305 0.001174747003 2
0 0.425 -0.295 0.001171150032 2
0 0.425 -0.285 0.001111632363 2
0 0.425 -0.275 0.001061026833 1
0 0.425 -0.265 0.001032854047 1
0 0.425 -0.255 0.001025175917 1
0 0.425 -0.245 0.0009866669758 1
0 0.425 -0.235 0.0009531521818 1
0 0.425 -0.225 0.0009159197622 1
0 0.425 -0.215 0.0008791677003 1
0 0.425 -0.205 0.0008690058871 2
0 0.425 -0.195 0.0008607143225 2
0 0.425 -0.185 0.0009005317823 2
0 0.425 -0.175 0.0009494337481 2
0 0.425 -0.165 0.0009814163101 2
0 0.425 -0.155 0.001005218466 2
0 0.425 -0.145 0.001026500756 2
0 0.425 -0.135 0.001050598581 2
0 0.425 -0.125 0.001071815574 2
0 0.425 -0.115 0.001087717514 2
0 0.425 -0.105 0.001097555991 2
0 0.425 -0.095 0.001102734416 2
0 0.425 -0.085 0.001104928477 2
0 0.425 -0.075 0.001105881538 2
0 0.425 -0.065 0.001107521973 2
0 0.425 -0.055 0.001112372616 2
0 0.425 -0.045 0.001123346243 2
0 0.425 -0.035 0.00114373017 2
0 0.425 -0.025 0.001176281978 2
0 0.425 -0.015 0.001223250727 2
0 0.425 -0.005 0.001286089396 2
0 0.425 0.005 0.001365003394 2
0 0.425 0.015 0.001457681748 2
0 0.425 0.025 0.001557896208 2
0 0.425 0.035 0.001655504584 2
0 0.425 0.045 0.00173871562 2
0 0.425 0.055 0.001800889899 2
0 0.425 0.065 0.001839276696 2
0 0.425 0.075 0.00185317836 2
0 0.425 0.085 0.001843897904 2
0 0.425 0.095 0.001801815009 2
0 0.425 0.105 0.001721824808 2
0 0.425 0.115 0.001590296137 2
0 0.425 0.125 0.00148837746 1
0 0.425 0.135 0.001432958617 1
0 0.425 0.145 0.00139980627 1
0 0.425 0.155 0.001407220879 2
0 0.425 0.165 0.001422974115 2
0 0.425 0.175 0.001494921939 2
0 0.425 0.185 0.001575503463 2
0 0.425 0.195 0.001642447113 2
0 0.425 0.205 0.001685261668 2
0 0.425 0.215 0.001702681185 2
0 0.425 0.225 0.001697901371 2
0 0.425 0.235 0.001673167463 2
0 0.425 0.245 0.001631186715 2
0 0.425 0.255 0.001575163233 2
0 0.425 0.265 0.001508994255 2
0 0.425 0.275 0.001435838276 2
0 0.425 0.285 0.001357979929 2
0 0.425 0.295 0.00127651228 2
0 0.425 0.305 0.001191701171 2
0 0.425 0.315 0.001103214101 2
0 0.425 0.325 0.001010421329 2
0 0.425 0.335 0.0009125696695 2
0 0.425 0.345 0.0008088866399 2
0 0.425 0.355 0.0006986936309 2
0 0.425 0.365 0.0005811878457 2
0 0.425 0.375 0.0004564645938 2
0 0.425 0.385 0.0003211826793 2
0 0.425 0.395 0.000187294096 2
0 0.425 0.405 0 2
0 0.425 0.415 0 2
0 0.425 0.425 0 2
0 0.425 0.435 0 2
0 0.425 0.445 0 2
0 0.425 0.455 0 2
0 0.425 0.465 0 2
0 0.435 -0.455 0 1
0 0.435 -0.445 0 1
0 0.435 -0.435 0 1
0 0.435 -0.425 0 1
0 0.435 -0.415 0 1
0 0.435 -0.405 0 1
0 0.435 -0.395 0.0002195105837 1
0 0.435 -0.385 0.0003852664355 1
0 0.435 -0.375 0.000567294564 1
0 0.435 -0.365 0.0007466480513 1
0 0.435 -0.355 0.00091316348 1
0 0.435 -0.345 0.001061640443 1
0 0.435 -0.335 0.001194389489 1
0 0.435 -0.325 0.001309373756 1
0 0.435 -0.315 0.001403811446 1
0 0.435 -0.305 0.001457585401 2
0 0.435 -0.295 0.001483133279 2
0 0.435 -0.285 0.00145122242 2
0 0.435 -0.275 0.001398749346 2
0 0.435 -0.265 0.001374615668 2
0 0.435 -0.255 0.001345760873 1
0 0.435 -0.245 0.001357183529 2
0 0.435 -0.235 0.001343796048 2
0 0.435 -0.225 0.001326070529 2
0 0.435 -0.215 0.001311225202 2
0 0.435 -0.205 0.001332376058 2
0 0.435 -0.195 0.001353310123 2
0 0.435 -0.185 0.001403100915 2
0 0.435 -0.175 0.001449866626 2
0 0.435 -0.165 0.001486885312 2
0 0.435 -0.155 0.001515752838 2
0 0.435 -0.145 0.001540839253 2
0 0.435 -0.135 0.001563688983 2
0 0.435 -0.125 0.001582696294 2
0 0.435 -0.115 0.001597037427 2
0 0.435 -0.105 0.00160656726 2
0 0.435 -0.095 0.001612307266 2
0 0.435 -0.085 0.001615722885 2
0 0.435 -0.075 0.001618533657 2
0 0.435 -0.065 0.001622644639 2
0 0.435 -0.055 0.001630267194 2
0 0.435 -0.045 0.001643860346 2
0 0.435 -0.035 0.001666108829 2
0 0.435 -0.025 0.001699600025 2
0 0.435 -0.015 0.001746879422 2
0 0.435 -0.005 0.001810128429 2
0 0.435 0.005 0.001890639683 2
0 0.435 0.015 0.001986953567 2
0 0.435 0.025 0.002092368344 2
0 0.435 0.035 0.002194020412 2
0 0.435 0.045 0.002274458329 2
0 0.435 0.055 0.002328424531 2
0 0.435 0.065 0.00235496972 2
0 0.435 0.075 0.002354441662 2
0 0.435 0.085 0.002334516119 2
0 0.435 0.095 0.00228694264 2
0 0.435 0.105 0.00220713138 2
0 0.435 0.115 0.00209163258 2
0 0.435 0.125 0.001976664483 2
0 0.435 0.135 0.001914864431 2
0 0.435 0.145 0.001888076861 2
0 0.435 0.155 0.001915204396 2
0 0.435 0.165 0.00194945919 2
0 0.435 0.175 0.002018065359 2
0 0.435 0.185 0.002080451606 2
0 0.435 0.195 0.002128262862 2
0 0.435 0.205 0.002154549885 2
0 0.435 0.215 0.002160177973 2
0 0.435 0.225 0.00214468453 2
0 0.435 0.235 0.002108556626 2
0 0.435 0.245 0.002053323824 2
0 0.435 0.255 0.001981436589 2
0 0.435 0.265 0.001898332482 2
0 0.435 0.275 0.001807825548 2
0 0.435 0.285 0.001712598681 2
0 0.435 0.295 0.00161340342 2
0 0.435 0.305 0.00151004595 2
0 0.435 0.315 0.001401684139 2
0 0.435 0.325 0.001287283406 2
0 0.435 0.335 0.001165739655 2
0 0.435 0.345 0.001035989693 2
0 0.435 0.355 0.0008971258516 2
0 0.435 0.365 0.0007480869568 2
0 0.435 0.375 0.0005889752063 2
0 0.435 0.385 0.0004153997363 2
0 0.435 0.395 0.0002428774047 2
0 0.435 0.405 0 2
0 0.435 0.415 0 2
0 0.435 0.425 0 2
0 0.435 0.435 0 2
0 0.435 0.445 0 2
0 0.435 0.455 0 2
0 0.435 0.465 0 2
0 0.445 -0.455 0 1
0 0.445 -0.445 0 1
0 0.445 -0.435 0 1
0 0.445 -0.425 0 1
0 0.445 -0.415 0 1
0 0.445 -0.405 0 1
0 0.445 -0.395 0.000247211133 1
0 0.445 -0.385 0.0004343826336 1
0 0.445 -0.375 0.0006365333053 1
0 0.445 -0.365 0.0008348433888 1
0 0.445 -0.355 0.001023617747 1
0 0.445 -0.345 0.001193354164 1
0 0.445 -0.335 0.001346469758 1
0 0.445 -0.325 0.001482835758 1
0 0.445 -0.315 0.00160021314 1
0 0.445 -0.305 0.001704659068 1
0 0.445 -0.295 0.001767508142 1
0 0.445 -0.285 0.001785271138 2
0 0.445 -0.275 0.001755054138 2
0 0.445 -0.265 0.001749258059 2
0 0.445 -0.255 0.001740206531 2
0 0.445 -0.245 0.001776758687 2
0 0.445 -0.235 0.001787371506 2
0 0.445 -0.225 0.001790696831 2
0 0.445 -0.215 0.001794340311 2
0 0.445 -0.205 0.001825219335 2
0 0.445 -0.195 0.001857143922 2
0 0.445 -0.185 0.001899257698 2
0 0.445 -0.175 0.001941926574 2
0 0.445 -0.165 0.001981854431 2
0 0.445 -0.155 0.002016228429 2
0 0.445 -0.145 0.002044969056 2
0 0.445 -0.135 0.002068613494 2
0 0.445 -0.125 0.002086990857 2
0 0.445 -0.115 0.00210033174 2
0 0.445 -0.105 0.002109239185 2
0 0.445 -0.095 0.002114955917 2
0 0.445 -0.085 0.002119002245 2
0 0.445 -0.075 0.002123050506 2
0 0.445 -0.065 0.002128843018 2
0 0.445 -0.055 0.002138252692 2
0 0.445 -0.045 0.002153300922 2
0 0.445 -0.035 0.002176203928 2
0 0.445 -0.025 0.002209320002 2
0 0.445 -0.015 0.002255417429 2
0 0.445 -0.005 0.002317325026 2
0 0.445 0.005 0.002398031507 2
0 0.445 0.015 0.002500574075 2
0 0.445 0.025 0.002620824175 2
0 0.445 0.035 0.002742876127 2
0 0.445 0.045 0.002825405382 2
0 0.445 0.055 0.0028698709 2
0 0.445 0.065 0.002878720736 2
0 0.445 0.075 0.00285036788 2
0 0.445 0.085 0.002817072027 2
0 0.445 0.095 0.002770353499 2
0 0.445 0.105 0.002703088653 2
0 0.445 0.115 0.002612841773 2
0 0.445 0.125 0.002513645647 2
0 0.445 0.135 0.00245340519 2
0 0.445 0.145 0.002431427165 2
0 0.445 0.155 0.002453906941 2
0 0.445 0.165 0.002487161679 2
0 0.445 0.175 0.002534869811 2
0 0.445 0.185 0.002575840741 2
0 0.445 0.195 0.0026055058 2
0 0.445 0.205 0.002617889921 2
0 0.445 0.215 0.002611691486 2
0 0.445 0.225 0.002585894116 2
0 0.445 0.235 0.002539102733 2
0 0.445 0.245 0.002470955881 2
0 0.445 0.255 0.0023819629 2
0 0.445 0.265 0.002281027126 2
0 0.445 0.275 0.002172735288 2
0 0.445 0.285 0.002060297357 2
0 0.445 0.295 0.001943922676 2
0 0.445 0.305 0.00182279615 2
0 0.445 0.315 0.001695405978 2
0 0.445 0.325 0.001560184053 2
0 0.445 0.335 0.001415646591 2
0 0.445 0.345 0.001260441544 2
0 0.445 0.355 0.001093443798 2
0 0.445 0.365 0.0009133515841 2
0 0.445 0.375 0.0007202864881 2
0 0.445 0.385 0.00050882583 2
0 0.445 0.395 0.0002980282961 2
0 0.445 0.405 0 2
0 0.445 0.415 0 2
0 0.445 0.425 0 2
0 0.445 0.435 0 2
0 0.445 0.445 0 2
0 0.445 0.455 0 2
0 0.445 0.465 0 2
0 0.455 -0.455 0 1
0 0.455 -0.445 0 1
0 0.455 -0.435 0 1
0 0.455 -0.425 0 1
0 0.455 -0.415 0 1
0 0.455 -0.405 0 1
0 0.455 -0.395 0.0002730812464 1
0 0.455 -0.385 0.0004828272191 1
0 0.455 -0.375 0.0007059980818 1
0 0.455 -0.365 0.0009198876522 1
0 0.455 -0.355 0.001123047043 1
0 0.455 -0.345 0.001309879369 1
0 0.455 -0.335 0.001479998003 1
0 0.455 -0.325 0.001634698943 1
0 0.455 -0.315 0.001773657781 1
0 0.455 -0.305 0.001901673538 1
0 0.455 -0.295 0.002000776156 1
0 0.455 -0.285 0.002083987068 1
0 0.455 -0.275 0.002106203289 2
0 0.455 -0.265 0.002148401411 2
0 0.455 -0.255 0.002195208613 2
0 0.455 -0.245 0.002258549076 2
0 0.455 -0.235 0.002295497903 2
0 0.455 -0.225 0.00230907885 2
0 0.455 -0.215 0.002296743017 2
0 0.455 -0.205 0.002307454711 2
0 0.455 -0.195 0.002335264098 2
0 0.455 -0.185 0.002378543115 2
0 0.455 -0.175 0.002425200853 2
0 0.455 -0.165 0.002469741712 2
0 0.455 -0.155 0.002508597431 2
0 0.455 -0.145 0.002540480045 2
0 0.455 -0.135 0.00256523502 2
0 0.455 -0.125 0.002583171305 2
0 0.455 -0.115 0.002595358957 2
0 0.455 -0.105 0.002603147017 2
0 0.455 -0.095 0.002608247483 2
0 0.455 -0.085 0.00261236047 2
0 0.455 -0.075 0.002617118739 2
0 0.455 -0.065 0.002624032258 2
0 0.455 -0.055 0.002634590148 2
0 0.455 -0.045 0.00265035114 2
0 0.455 -0.035 0.002673062631 2
0 0.455 -0.025 0.002704771273 2
0 0.455 -0.015 0.002748188356 2
0 0.455 -0.005 0.002806617745 2
0 0.455 0.005 0.00288814712 2
0 0.455 0.015 0.002995945919 2
0 0.455 0.025 0.003129358591 2
0 0.455 0.035 0.003252999442 2
0 0.455 0.045 0.003321984476 2
0 0.455 0.055 0.003357402232 2
0 0.455 0.065 0.003365624507 2
0 0.455 0.075 0.003333409669 2
0 0.455 0.085 0.003305679292 2
0 0.455 0.095 0.003266213797 2
0 0.455 0.105 0.003213341037 2
0 0.455 0.115 0.003150669399 2
0 0.455 0.125 0.00308863521 2
0 0.455 0.135 0.003039774677 2
0 0.455 0.145 0.003004283175 2
0 0.455 0.155 0.002982721437 2
0 0.455 0.165 0.00299948604 2
0 0.455 0.175 0.003046707972 2
0 0.455 0.185 0.003078372278 2
0 0.455 0.195 0.003093283601 2
0 0.455 0.205 0.003090995274 2
0 0.455 0.215 0.003073150592 2
0 0.455 0.225 0.003038177639 2
0 0.455 0.235 0.002980801048 2
0 0.455 0.245 0.002897003229 2
0 0.455 0.255 0.002780252705 2
0 0.455 0.265 0.002656314677 2
0 0.455 0.275 0.00252840365 2
0 0.455 0.285 0.002399619521 2
0 0.455 0.295 0.002266956667 2
0 0.455 0.305 0.002129018751 2
0 0.455 0.315 0.001983560359 2
0 0.455 0.325 0.001828418189 2
0 0.455 0.335 0.001661656533 2
0 0.455 0.345 0.001481667506 2
0 0.455 0.355 0.001287137118 2
0 0.455 0.365 0.001076548111 2
0 0.455 0.375 0.0008500550395 2
0 0.455 0.385 0.0006012219658 2
0 0.455 0.395 0.0003526118369 2
0 0.455 0.405 0 2
0 0.455 0.415 0 2
0 0.455 0.425 0 2
0 0.455 0.435 0 2
0 0.455 0.445 0 2
0 0.455 0.455 0 2
0 0.455 0.465 0 2
0 0.465 -0.455 0 1
0 0.465 -0.445 0 1
0 0.465 -0.435 0 1
0 0.465 -0.425 0 1
0 0.465 -0.415 0 1
0 0.465 -0.405 0 1
0 0.465 -0.395 0.0002988463311 1
0 0.465 -0.385 0.0005311936122 1
0 0.465 -0.375 0.0007780296203 1
0 0.465 -0.365 0.001011224977 1
0 0.465 -0.355 0.001230937748 1
0 0.465 -0.345 0.00143322116 1
0 0.465 -0.335 0.001619299541 1
0 0.465 -0.325 0.001789921307 1
0 0.465 -0.315 0.001945520289 1
0 0.465 -0.305 0.002088947963 1
0 0.465 -0.295 0.002214610913 1
0 0.465 -0.285 0.002332426833 1
0 0.465 -0.275 0.002426812794 2
0 0.465 -0.265 0.002524383756 2
0 0.465 -0.255 0.002619585499 2
0 0.465 -0.245 0.002691935365 2
0 0.465 -0.235 0.00274140421 2
0 0.465 -0.225 0.002767924327 2
0 0.465 -0.215 0.00275042077 2
0 0.465 -0.205 0.002763082091 2
0 0.465 -0.195 0.002796417993 2
0 0.465 -0.185 0.002844985592 2
0 0.465 -0.175 0.00289736032 2
0 0.465 -0.165 0.002947249693 2
0 0.465 -0.155 0.002990802438 2
0 0.465 -0.145 0.003025852723 2
0 0.465 -0.135 0.003051774678 2
0 0.465 -0.125 0.003069015443 2
0 0.465 -0.115 0.003079660598 2
0 0.465 -0.105 0.003085751652 2
0 0.465 -0.095 0.003089654217 2
0 0.465 -0.085 0.003093330511 2
0 0.465 -0.075 0.003098404475 2
0 0.465 -0.065 0.003106103142 2
0 0.465 -0.055 0.003117474363 2
0 0.465 -0.045 0.003133567334 2
0 0.465 -0.035 0.0031556282 2
0 0.465 -0.025 0.003185316864 2
0 0.465 -0.015 0.00322506037 2
0 0.465 -0.005 0.003278476728 2
0 0.465 0.005 0.003355009439 2
0 0.465 0.015 0.003458892355 2
0 0.465 0.025 0.003598338227 2
0 0.465 0.035 0.00369632664 1
0 0.465 0.045 0.003748115242 1
0 0.465 0.055 0.003775168228 1
0 0.465 0.065 0.003784462162 1
0 0.465 0.075 0.003764968015 2
0 0.465 0.085 0.003744418124 2
0 0.465 0.095 0.003711380508 2
0 0.465 0.105 0.003668572021 2
0 0.465 0.115 0.003620906444 2
0 0.465 0.125 0.003575365611 2
0 0.465 0.135 0.003538750844 2
0 0.465 0.145 0.003511126326 2
0 0.465 0.155 0.003478691193 2
0 0.465 0.165 0.003483985271 2
0 0.465 0.175 0.003518267263 2
0 0.465 0.185 0.003528014415 2
0 0.465 0.195 0.003525582418 2
0 0.465 0.205 0.003510853727 2
0 0.465 0.215 0.003483118804 2
0 0.465 0.225 0.003440603054 2
0 0.465 0.235 0.003379702887 2
0 0.465 0.245 0.003293869788 2
0 0.465 0.255 0.003164765278 2
0 0.465 0.265 0.003021724295 2
0 0.465 0.275 0.002874991564 2
0 0.465 0.285 0.002728702103 2
0 0.465 0.295 0.002581177944 2
0 0.465 0.305 0.002427866915 2
0 0.465 0.315 0.002265479868 2
0 0.465 0.325 0.002091376529 2
0 0.465 0.335 0.001903188494 2
0 0.465 0.345 0.001699114272 2
0 0.465 0.355 0.001477697612 2
0 0.465 0.365 0.001237234885 2
0 0.465 0.375 0.0009779253994 2
0 0.465 0.385 0.0006923373715 2
0 0.465 0.395 0.0004064845558 2
0 0.465 0.405 0 2
0 0.465 0.415 0 2
0 0.465 0.425 0 2
0 0.465 0.435 0 2
0 0.465 0.445 0 2
0 0.465 0.455 0 2
0 0.465 0.465 0 2
0 0.475 -0.455 0 1
0 0.475 -0.445 0 1
0 0.475 -0.435 0 1
0 0.475 -0.425 0 1
0 0.475 -0.415 0 1
0 0.475 -0.405 0 1
0 0.475 -0.395 0.0003208984177 1
0 0.475 -0.385 0.0005745131713 1
0 0.475 -0.375 0.0008483493976 1
0 0.475 -0.365 0.001103111164 1
0 0.475 -0.355 0.001340492594 1
0 0.475 -0.345 0.001556797622 1
0 0.475 -0.335 0.001757701881 1
0 0.475 -0.325 0.001944085664 1
0 0.475 -0.315 0.002117630912 1
0 0.475 -0.305 0.00227752561 1
0 0.475 -0.295 0.002427927452 1
0 0.475 -0.285 0.002571706477 1
0 0.475 -0.275 0.002726047548 2
0 0.475 -0.265 0.00286336215 2
0 0.475 -0.255 0.002976153143 1
0 0.475 -0.245 0.003057804957 1
0 0.475 -0.235 0.003124737213 1
0 0.475 -0.225 0.003174267815 1
0 0.475 -0.215 0.003181025124 2
0 0.475 -0.205 0.003200193064 2
0 0.475 -0.195 0.003241624326 2
0 0.475 -0.185 0.003297170598 2
0 0.475 -0.175 0.003358035805 2
0 0.475 -0.165 0.003414736446 2
0 0.475 -0.155 0.003463483182 2
0 0.475 -0.145 0.003501592137 2
0 0.475 -0.135 0.003528094128 2
0 0.475 -0.125 0.003543278689 2
0 0.475 -0.115 0.003551213663 2
0 0.475 -0.105 0.00355451226 2
0 0.475 -0.095 0.003556482497 2
0 0.475 -0.085 0.003559299212 2
0 0.475 -0.075 0.003564509587 2
0 0.475 -0.065 0.0035729308 2
0 0.475 -0.055 0.00358508324 2
0 0.475 -0.045 0.00360144479 2
0 0.475 -0.035 0.003622723688 2
0 0.475 -0.025 0.003650128359 2
0 0.475 -0.015 0.003685683801 2
0 0.475 -0.005 0.003732788808 2
0 0.475 0.005 0.003799952263 2
0 0.475 0.015 0.003889543291 2
0 0.475 0.025 0.004011420548 1
0 0.475 0.035 0.004055893543 1
0 0.475 0.045 0.004090542272 1
0 0.475 0.055 0.004110333386 1
0 0.475 0.065 0.00412110689 1
0 0.475 0.075 0.004136208262 1
0 0.475 0.085 0.004122537378 1
0 0.475 0.095 0.004094649318 1
0 0.475 0.105 0.004059003764 1
0 0.475 0.115 0.004021072962 1
0 0.475 0.125 0.003985983216 1
0 0.475 0.135 0.003957928385 1
0 0.475 0.145 0.00393869898 1
0 0.475 0.155 0.003915735496 2
0 0.475 0.165 0.003911156986 2
0 0.475 0.175 0.003919220225 1
0 0.475 0.185 0.00391063007 1
0 0.475 0.195 0.003895123263 1
0 0.475 0.205 0.003870349061 1
0 0.475 0.215 0.003834264399 1
0 0.475 0.225 0.003785189924 1
0 0.475 0.235 0.003721269574 1
0 0.475 0.245 0.003639253511 1
0 0.475 0.255 0.00352183868 2
0 0.475 0.265 0.003373822552 2
0 0.475 0.275 0.003210610913 2
0 0.475 0.285 0.003048621694 2
0 0.475 0.295 0.002885469151 2
0 0.475 0.305 0.002718620639 2
0 0.475 0.315 0.002540603233 2
0 0.475 0.325 0.002348482741 2
0 0.475 0.335 0.002139650472 2
0 0.475 0.345 0.001912196027 2
0 0.475 0.355 0.001664577253 2
0 0.475 0.365 0.001394930965 2
0 0.475 0.375 0.001103507516 2
0 0.475 0.385 0.0007818940715 2
0 0.475 0.395 0.0004594851751 2
0 0.475 0.405 0 2
0 0.475 0.415 0 2
0 0.475 0.425 0 2
0 0.475 0.435 0 2
0 0.475 0.445 0 2
0 0.475 0.455 0 2
0 0.475 0.465 0 2
0 0.485 -0.455 0 1
0 0.485 -0.445 0 1
0 0.485 -0.435 0 1
0 0.485 -0.425 0 1
0 0.485 -0.415 0 1
0 0.485 -0.405 0 1
0 0.485 -0.395 0.0003498150538 1
0 0.485 -0.385 0.0006260781512 1
0 0.485 -0.375 0.0009235174427 1
0 0.485 -0.365 0.001195665763 1
0 0.485 -0.355 0.001447716413 1
0 0.485 -0.345 0.001676400899 1
0 0.485 -0.335 0.0018903166 1
0 0.485 -0.325 0.002090371112 1
0 0.485 -0.315 0.002278809949 1
0 0.485 -0.305 0.002460087602 1
0 0.485 -0.295 0.002639749354 1
0 0.485 -0.285 0.002815084051 1
0 0.485 -0.275 0.003010859233 2
0 0.485 -0.265 0.003156801624 1
0 0.485 -0.255 0.003254724735 1
0 0.485 -0.245 0.003342163476 1
0 0.485 -0.235 0.00342247673 1
0 0.485 -0.225 0.003495322981 1
0 0.485 -0.215 0.003565558038 2
0 0.485 -0.205 0.00360005582 2
0 0.485 -0.195 0.003660861889 2
0 0.485 -0.185 0.003729864006 2
0 0.485 -0.175 0.003800549797 2
0 0.485 -0.165 0.003864554634 2
0 0.485 -0.155 0.003919184368 2
0 0.485 -0.145 0.003961475527 2
0 0.485 -0.135 0.003989608111 2
0 0.485 -0.125 0.004002299803 2
0 0.485 -0.115 0.004007411995 2
0 0.485 -0.105 0.004007048836 2
0 0.485 -0.095 0.004006251144 2
0 0.485 -0.085 0.004007689744 2
0 0.485 -0.075 0.00401297285 2
0 0.485 -0.065 0.004022320466 2
0 0.485 -0.055 0.004035483591 2
0 0.485 -0.045 0.004052248022 2
0 0.485 -0.035 0.004072742984 2
0 0.485 -0.025 0.004097640194 2
0 0.485 -0.015 0.004128391959 2
0 0.485 -0.005 0.004167388206 2
0 0.485 0.005 0.004220949206 2
0 0.485 0.015 0.004285467975 2
0 0.485 0.025 0.004351187401 1
0 0.485 0.035 0.004376016093 1
0 0.485 0.045 0.004394001405 1
0 0.485 0.055 0.00440701116 1
0 0.485 0.065 0.004418590737 1
0 0.485 0.075 0.004431218126 1
0 0.485 0.085 0.004422610921 1
0 0.485 0.095 0.004399275829 1
0 0.485 0.105 0.004367903501 1
0 0.485 0.115 0.004335559252 1
0 0.485 0.125 0.004306548186 1
0 0.485 0.135 0.004284436981 1
0 0.485 0.145 0.004272298297 1
0 0.485 0.155 0.004281408984 1
0 0.485 0.165 0.004271385762 1
0 0.485 0.175 0.004238337321 1
0 0.485 0.185 0.004215354041 1
0 0.485 0.195 0.004189554972 1
0 0.485 0.205 0.004156832015 1
0 0.485 0.215 0.004113888403 1
0 0.485 0.225 0.00405922496 1
0 0.485 0.235 0.003992880139 1
0 0.485 0.245 0.00391473575 1
0 0.485 0.255 0.003829184914 1
0 0.485 0.265 0.003695911055 2
0 0.485 0.275 0.003522717655 2
0 0.485 0.285 0.003353195343 2
0 0.485 0.295 0.003179310047 2
0 0.485 0.305 0.003000740184 2
0 0.485 0.315 0.002808349561 2
0 0.485 0.325 0.002599082418 2
0 0.485 0.335 0.002370351149 2
0 0.485 0.345 0.002120231222 2
0 0.485 0.355 0.001847144656 2
0 0.485 0.365 0.001549086784 2
0 0.485 0.375 0.00122635723 2
0 0.485 0.385 0.000869574291 2
0 0.485 0.395 0.0005114273086 2
0 0.485 0.405 0 2
0 0.485 0.415 0 2
0 0.485 0.425 0 2
0 0.485 0.435 0 2
0 0.485 0.445 0 2
0 0.485 0.455 0 2
0 0.485 0.465 0 2
0 0.495 -0.455 0 2
0 0.495 -0.445 0 2
0 0.495 -0.435 0 1
0 0.495 -0.425 0 1
0 0.495 -0.415 0 1
0 0.495 -0.405 0 1
0 0.495 -0.395 0.0003936982248 1
0 0.495 -0.385 0.0007072103525 2
0 0.495 -0.375 0.001026004323 2
0 0.495 -0.365 0.0013169906 2
0 0.495 -0.355 0.00156921915 1
0 0.495 -0.345 0.001811732146 1
0 0.495 -0.335 0.002037958085 1
0 0.495 -0.325 0.002251331062 1
0 0.495 -0.315 0.002453991955 1
0 0.495 -0.305 0.002655167314 1
0 0.495 -0.295 0.002857133523 1
0 0.495 -0.285 0.003073374164 2
0 0.495 -0.275 0.003262735849 1
0 0.495 -0.265 0.003393573975 1
0 0.495 -0.255 0.003495631046 1
0 0.495 -0.245 0.00358707643 1
0 0.495 -0.235 0.003678767801 1
0 0.495 -0.225 0.003772958295 1
0 0.495 -0.215 0.003888518388 1
0 0.495 -0.205 0.003964910271 2
0 0.495 -0.195 0.004065965343 2
0 0.495 -0.185 0.004157004765 2
0 0.495 -0.175 0.004239350176 2
0 0.495 -0.165 0.004310649592 2
0 0.495 -0.155 0.004372133728 2
0 0.495 -0.145 0.004419025652 2
0 0.495 -0.135 0.004446507428 2
0 0.495 -0.125 0.004446562999 2
0 0.495 -0.115 0.004445420292 2
0 0.495 -0.105 0.004439587022 2
0 0.495 -0.095 0.004435713625 2
0 0.495 -0.085 0.004435756942 2
0 0.495 -0.075 0.004441417095 2
0 0.495 -0.065 0.004452158182 2
0 0.495 -0.055 0.004466711163 2
0 0.495 -0.045 0.004484086503 2
0 0.495 -0.035 0.004503764225 2
0 0.495 -0.025 0.00452578684 2
0 0.495 -0.015 0.004550774242 2
0 0.495 -0.005 0.004579636684 2
0 0.495 0.005 0.004614004699 2
0 0.495 0.015 0.004649275256 2
0 0.495 0.025 0.004672989994 1
0 0.495 0.035 0.004688130146 1
0 0.495 0.045 0.004698165216 1
0 0.495 0.055 0.004704043264 1
0 0.495 0.065 0.004705203758 1
0 0.495 0.075 0.004701046709 1
0 0.495 0.085 0.004685667483 1
0 0.495 0.095 0.004661370079 1
0 0.495 0.105 0.004632603471 1
0 0.495 0.115 0.004604276298 1
0 0.495 0.125 0.004580012682 1
0 0.495 0.135 0.00456402464 1
0 0.495 0.145 0.004558189 1
0 0.495 0.155 0.004563032568 1
0 0.495 0.165 0.004549524178 1
0 0.495 0.175 0.004514327935 1
0 0.495 0.185 0.004480476984 1
0 0.495 0.195 0.004445654049 1
0 0.495 0.205 0.004406185792 1
0 0.495 0.215 0.004357335854 1
0 0.495 0.225 0.004297884292 1
0 0.495 0.235 0.00422992329 1
0 0.495 0.245 0.004155414697 1
0 0.495 0.255 0.004074682343 1
0 0.495 0.265 0.003973232169 1
0 0.495 0.275 0.003809228753 2
0 0.495 0.285 0.003640973267 2
0 0.495 0.295 0.003461865104 2
0 0.495 0.305 0.003273518177 2
0 0.495 0.315 0.003067908688 2
0 0.495 0.325 0.002842298495 2
0 0.495 0.335 0.002594409236 2
0 0.495 0.345 0.002322388089 2
0 0.495 0.355 0.002024652884 2
0 0.495 0.365 0.001699065321 2
0 0.495 0.375 0.001345965379 2
0 0.495 0.385 0.0009550142421 2
0 0.495 0.395 0.0005620961685 2
0 0.495 0.405 0 2
0 0.495 0.415 0 2
0 0.495 0.425 0 2
0 0.495 0.435 0 2
0 0.495 0.445 0 2
0 0.495 0.455 0 2
0 0.495 0.465 0 2
0 0.505 -0.455 0 2
0 0.505 -0.445 0 2
0 0.505 -0.435 0 2
0 0.505 -0.425 0 1
0 0.505 -0.415 0 1
0 0.505 -0.405 0 1
0 0.505 -0.395 0.0004449054356 1
0 0.505 -0.385 0.0007925280152 2
0 0.505 -0.375 0.001140895556 2
0 0.505 -0.365 0.00145956829 2
0 0.505 -0.355 0.001735272221 2
0 0.505 -0.345 0.001990731902 2
0 0.505 -0.335 0.002229069865 2
0 0.505 -0.325 0.002456466826 2
0 0.505 -0.315 0.002673647442 2
0 0.505 -0.305 0.002888893486 2
0 0.505 -0.295 0.003101770423 2
0 0.505 -0.285 0.003318103951 1
0 0.505 -0.275 0.003484591732 1
0 0.505 -0.265 0.00361612304 1
0 0.505 -0.255 0.003727843115 1
0 0.505 -0.245 0.003830264262 1
0 0.505 -0.235 0.003930981905 1
0 0.505 -0.225 0.004036221481 1
0 0.505 -0.215 0.004155023752 1
0 0.505 -0.205 0.004290264932 2
0 0.505 -0.195 0.004423475714 2
0 0.505 -0.185 0.004528885289 2
0 0.505 -0.175 0.00461752335 2
0 0.505 -0.165 0.004694928514 2
0 0.505 -0.155 0.004762594906 2
0 0.505 -0.145 0.0048189591 2
0 0.505 -0.135 0.004860055726 2
0 0.505 -0.125 0.00486725459 2
0 0.505 -0.115 0.004871525288 2
0 0.505 -0.105 0.004855000345 2
0 0.505 -0.095 0.004842534662 2
0 0.505 -0.085 0.00484020829 2
0 0.505 -0.075 0.004847369708 2
0 0.505 -0.065 0.00486044171 2
0 0.505 -0.055 0.004876889664 2
0 0.505 -0.045 0.00489504167 2
0 0.505 -0.035 0.004913797081 2
0 0.505 -0.025 0.004932550669 2
0 0.505 -0.015 0.004950866526 2
0 0.505 -0.005 0.004968129178 2
0 0.505 0.005 0.004983088385 2
0 0.505 0.015 0.004992956284 2
0 0.505 0.025 0.004988133512 1
0 0.505 0.035 0.004988865892 1
0 0.505 0.045 0.004988670935 1
0 0.505 0.055 0.004986971115 1
0 0.505 0.065 0.004980900236 1
0 0.505 0.075 0.004968696113 1
0 0.505 0.085 0.004948023022 1
0 0.505 0.095 0.00492080609 1
0 0.505 0.105 0.004892329716 1
0 0.505 0.115 0.004866876869 1
0 0.505 0.125 0.004847119338 1
0 0.505 0.135 0.004834160876 1
0 0.505 0.145 0.004825406251 1
0 0.505 0.155 0.004817682963 1
0 0.505 0.165 0.004801039018 1
0 0.505 0.175 0.004773427813 1
0 0.505 0.185 0.00474028217 1
0 0.505 0.195 0.004701600486 1
0 0.505 0.205 0.004656139807 1
0 0.505 0.215 0.004601709567 1
0 0.505 0.225 0.004537504371 1
0 0.505 0.235 0.004464386879 1
0 0.505 0.245 0.004385479737 1
0 0.505 0.255 0.004300106932 1
0 0.505 0.265 0.004202126538 1
0 0.505 0.275 0.004070588998 2
0 0.505 0.285 0.003911801715 2
0 0.505 0.295 0.003732101352 2
0 0.505 0.305 0.003535842826 2
0 0.505 0.315 0.003318064671 2
0 0.505 0.325 0.003076937862 2
0 0.505 0.335 0.002810709678 2
0 0.505 0.345 0.002517665865 2
0 0.505 0.355 0.00219623355 2
0 0.505 0.365 0.00184414217 2
0 0.505 0.375 0.001461760249 2
0 0.505 0.385 0.001037806981 2
0 0.505 0.395 0.0006112507269 2
0 0.505 0.405 0 2
0 0.505 0.415 0 2
0 0.505 0.425 0 2
0 0.505 0.435 0 2
0 0.505 0.445 0 2
0 0.505 0.455 0 2
0 0.505 0.465 0 2
0 0.515 -0.455 0 2
0 0.515 -0.445 0 2
0 0.515 -0.435 0 2
0 0.515 -0.425 0 2
0 0.515 -0.415 0 2
0 0.515 -0.405 0 2
0 0.515 -0.395 0.0005097207606 2
0 0.515 -0.385 0.000882874483 2
0 0.515 -0.375 0.001267360973 2
0 0.515 -0.365 0.001616055694 2
0 0.515 -0.355 0.001915761218 2
0 0.515 -0.345 0.00218828926 2
0 0.515 -0.335 0.002441320544 2
0 0.515 -0.325 0.002682842786 2
0 0.515 -0.315 0.002916415933 2
0 0.515 -0.305 0.003144770059 2
0 0.515 -0.295 0.003364476292 2
0 0.515 -0.285 0.003551311261 1
0 0.515 -0.275 0.003702286261 1
0 0.515 -0.265 0.003832857259 1
0 0.515 -0.255 0.00395050706 1
0 0.515 -0.245 0.004061680949 1
0 0.515 -0.235 0.00416761042 1
0 0.515 -0.225 0.004278729612 1
0 0.515 -0.215 0.004394864973 1
0 0.515 -0.205 0.004577194529 2
0 0.515 -0.195 0.004719399524 1
0 0.515 -0.185 0.004834396057 1
0 0.515 -0.175 0.004928421076 1
0 0.515 -0.165 0.005010868896 1
0 0.515 -0.155 0.00508375837 1
0 0.515 -0.145 0.005147578172 1
0 0.515 -0.135 0.005201690764 1
0 0.515 -0.125 0.005235303509 2
0 0.515 -0.115 0.005257190676 2
0 0.515 -0.105 0.005243252313 2
0 0.515 -0.095 0.005224126282 2
0 0.515 -0.085 0.005220437469 2
0 0.515 -0.075 0.005228995423 2
0 0.515 -0.065 0.005245483849 2
0 0.515 -0.055 0.00526428422 2
0 0.515 -0.045 0.005283238613 2
0 0.515 -0.035 0.005300924641 2
0 0.515 -0.025 0.005316194792 2
0 0.515 -0.015 0.005327652575 2
0 0.515 -0.005 0.005333374542 2
0 0.515 0.005 0.005329885838 2
0 0.515 0.015 0.005316670499 2
0 0.515 0.025 0.00528715915 1
0 0.515 0.035 0.005275878809 1
0 0.515 0.045 0.005266917845 1
0 0.515 0.055 0.005258131306 1
0 0.515 0.065 0.005245011474 1
0 0.515 0.075 0.005225286487 1
0 0.515 0.085 0.005197948437 1
0 0.515 0.095 0.005164931329 1
0 0.515 0.105 0.005134618934 1
0 0.515 0.115 0.005110415385 1
0 0.515 0.125 0.00509374974 1
0 0.515 0.135 0.005084132952 1
0 0.515 0.145 0.005075534672 1
0 0.515 0.155 0.005064902431 1
0 0.515 0.165 0.005046353324 1
0 0.515 0.175 0.005018735841 1
0 0.515 0.185 0.004983857323 1
0 0.515 0.195 0.004942056394 1
0 0.515 0.205 0.004892468822 1
0 0.515 0.215 0.004833448593 1
0 0.515 0.225 0.004764450211 1
0 0.515 0.235 0.004686862931 1
0 0.515 0.245 0.004603084312 1
0 0.515 0.255 0.00451394135 1
0 0.515 0.265 0.004412318323 1
0 0.515 0.275 0.004310303447 2
0 0.515 0.285 0.004164796778 2
0 0.515 0.295 0.003989244069 2
0 0.515 0.305 0.003786250071 2
0 0.515 0.315 0.003557240395 2
0 0.515 0.325 0.003301533014 2
0 0.515 0.335 0.003017945132 2
0 0.515 0.345 0.002704930211 2
0 0.515 0.355 0.002360925642 2
0 0.515 0.365 0.001983528189 2
0 0.515 0.375 0.00157312487 2
0 0.515 0.385 0.001117514887 2
0 0.515 0.395 0.0006586315156 2
0 0.515 0.405 0 2
0 0.515 0.415 0 2
0 0.515 0.425 0 2
0 0.515 0.435 0 2
0 0.515 0.445 0 2
0 0.515 0.455 0 2
0 0.515 0.465 0 2
0 0.525 -0.455 0 2
0 0.525 -0.445 0 2
0 0.525 -0.435 0 2
0 0.525 -0.425 0 2
0 0.525 -0.415 0 2
0 0.525 -0.405 0 2
0 0.525 -0.395 0.0005769587077 2
0 0.525 -0.385 0.000981088128 2
0 0.525 -0.375 0.001391156624 2
0 0.525 -0.365 0.001762657658 2
0 0.525 -0.355 0.002093810809 2
0 0.525 -0.345 0.002393934831 2
0 0.525 -0.335 0.002668633595 2
0 0.525 -0.325 0.00292433592 2
0 0.525 -0.315 0.003170601373 2
0 0.525 -0.305 0.003403084307 2
0 0.525 -0.295 0.003619784205 2
0 0.525 -0.285 0.003771936114 1
0 0.525 -0.275 0.00391320412 1
0 0.525 -0.265 0.004043165192 1
0 0.525 -0.255 0.004166614727 1
0 0.525 -0.245 0.004282715523 1
0 0.525 -0.235 0.004394101797 1
0 0.525 -0.225 0.004511764088 1
0 0.525 -0.215 0.00464640127 2
0 0.525 -0.205 0.004824260148 1
0 0.525 -0.195 0.004954285108 1
0 0.525 -0.185 0.005069855922 1
0 0.525 -0.175 0.005167320587 1
0 0.525 -0.165 0.005253796047 1
0 0.525 -0.155 0.005330872158 1
0 0.525 -0.145 0.005400581069 1
0 0.525 -0.135 0.005465359662 1
0 0.525 -0.125 0.005534832961 1
0 0.525 -0.115 0.005576288225 1
0 0.525 -0.105 0.005587883694 2
0 0.525 -0.095 0.005569187859 2
0 0.525 -0.085 0.005571193668 2
0 0.525 -0.075 0.005585330285 2
0 0.525 -0.065 0.005605912656 2
0 0.525 -0.055 0.005627172013 2
0 0.525 -0.045 0.005646766262 2
0 0.525 -0.035 0.005663226444 2
0 0.525 -0.025 0.005675063362 2
0 0.525 -0.015 0.005680277175 2
0 0.525 -0.005 0.00567589984 2
0 0.525 0.005 0.005655535255 2
0 0.525 0.015 0.005619384372 2
0 0.525 0.025 0.005560615064 1
0 0.525 0.035 0.005544263354 1
0 0.525 0.045 0.005530130084 1
0 0.525 0.055 0.005515967782 1
0 0.525 0.065 0.005497152311 1
0 0.525 0.075 0.005470959788 1
0 0.525 0.085 0.005435089159 1
0 0.525 0.095 0.005389052562 1
0 0.525 0.105 0.005353916957 1
0 0.525 0.115 0.005330434493 1
0 0.525 0.125 0.0053182972 1
0 0.525 0.135 0.005317053726 1
0 0.525 0.145 0.00530993191 1
0 0.525 0.155 0.005298018899 1
0 0.525 0.165 0.005277366373 1
0 0.525 0.175 0.005248699066 1
0 0.525 0.185 0.005212588579 1
0 0.525 0.195 0.00516923384 1
0 0.525 0.205 0.005117555957 1
0 0.525 0.215 0.005054836857 1
0 0.525 0.225 0.004979226748 1
0 0.525 0.235 0.004891554147 1
0 0.525 0.245 0.004804366704 1
0 0.525 0.255 0.004717725984 1
0 0.525 0.265 0.004620907807 1
0 0.525 0.275 0.004544523499 2
0 0.525 0.285 0.004407325414 2
0 0.525 0.295 0.00423243708 2
0 0.525 0.305 0.004023122484 2
0 0.525 0.315 0.003783736555 2
0 0.525 0.325 0.003514512807 2
0 0.525 0.335 0.003214735495 2
0 0.525 0.345 0.002882996481 2
0 0.525 0.355 0.002517733589 2
0 0.525 0.365 0.002116410397 2
0 0.525 0.375 0.001679425901 2
0 0.525 0.385 0.00119368946 2
0 0.525 0.395 0.0007039726553 2
0 0.525 0.405 0 2
0 0.525 0.415 0 2
0 0.525 0.425 0 2
0 0.525 0.435 0 2
0 0.525 0.445 0 2
0 0.525 0.455 0 2
0 0.525 0.465 0 2
0 0.535 -0.455 0 2
0 0.535 -0.445 0 2
0 0.535 -0.435 0 2
0 0.535 -0.425 0 2
0 0.535 -0.415 0 2
0 0.535 -0.405 0 2
0 0.535 -0.395 0.0006427440787 2
0 0.535 -0.385 0.001080205513 2
0 0.535 -0.375 0.001514444442 2
0 0.535 -0.365 0.00190526314 2
0 0.535 -0.355 0.002260207114 2
0 0.535 -0.345 0.002581208526 2
0 0.535 -0.335 0.002873164307 2
0 0.535 -0.325 0.003141428053 2
0 0.535 -0.315 0.003394634032 2
0 0.535 -0.305 0.003626919027 2
0 0.535 -0.295 0.003834777325 1
0 0.535 -0.285 0.003979499193 1
0 0.535 -0.275 0.004117806916 1
0 0.535 -0.265 0.00424814645 1
0 0.535 -0.255 0.004373889067 1
0 0.535 -0.245 0.004491931282 1
0 0.535 -0.235 0.004605987538 1
0 0.535 -0.225 0.00472664153 1
0 0.535 -0.215 0.004882849425 2
0 0.535 -0.205 0.005030516742 1
0 0.535 -0.195 0.005156340821 1
0 0.535 -0.185 0.005267507111 1
0 0.535 -0.175 0.005366280318 1
0 0.535 -0.165 0.00545589061 1
0 0.535 -0.155 0.005536614741 1
0 0.535 -0.145 0.0056122677 1
0 0.535 -0.135 0.00568610808 1
0 0.535 -0.125 0.005762409786 1
0 0.535 -0.115 0.005821288373 1
0 0.535 -0.105 0.005871691427 1
0 0.535 -0.095 0.005875995262 2
0 0.535 -0.085 0.005892079837 2
0 0.535 -0.075 0.00591476533 2
0 0.535 -0.065 0.005939989091 2
0 0.535 -0.055 0.00596353335 2
0 0.535 -0.045 0.005983511477 2
0 0.535 -0.035 0.005998636604 2
0 0.535 -0.025 0.006007309383 2
0 0.535 -0.015 0.006007242544 2
0 0.535 -0.005 0.005994831773 2
0 0.535 0.005 0.00596280107 2
0 0.535 0.015 0.005909099764 2
0 0.535 0.025 0.005819872279 1
0 0.535 0.035 0.005799761215 1
0 0.535 0.045 0.005778508083 1
0 0.535 0.055 0.005757643275 1
0 0.535 0.065 0.005734086637 1
0 0.535 0.075 0.005704772351 1
0 0.535 0.085 0.005665833335 1
0 0.535 0.095 0.005611288431 1
0 0.535 0.105 0.005576585694 1
0 0.535 0.115 0.005552825608 1
0 0.535 0.125 0.005536893936 1
0 0.535 0.135 0.005534267499 1
0 0.535 0.145 0.005524576844 1
0 0.535 0.155 0.005515833297 1
0 0.535 0.165 0.005495056877 1
0 0.535 0.175 0.00546505838 1
0 0.535 0.185 0.005427446266 1
0 0.535 0.195 0.005383146698 1
0 0.535 0.205 0.005329808166 1
0 0.535 0.215 0.00526494506 1
0 0.535 0.225 0.005184335251 1
0 0.535 0.235 0.005094012111 1
0 0.535 0.245 0.005009471391 1
0 0.535 0.255 0.004927465555 1
0 0.535 0.265 0.00485805872 2
0 0.535 0.275 0.004774815806 2
0 0.535 0.285 0.004638560079 2
0 0.535 0.295 0.004460782574 2
0 0.535 0.305 0.004244964137 2
0 0.535 0.315 0.003995987251 2
0 0.535 0.325 0.003714413287 2
0 0.535 0.335 0.003399775024 2
0 0.535 0.345 0.003050730188 2
0 0.535 0.355 0.002665695867 2
0 0.535 0.365 0.002241999422 2
0 0.535 0.375 0.001780046664 2
0 0.535 0.385 0.00126589375 2
0 0.535 0.395 0.0007470154048 2
0 0.535 0.405 0 2
0 0.535 0.415 0 2
0 0.535 0.425 0 2
0 0.535 0.435 0 2
0 0.535 0.445 0 2
0 0.535 0.455 0 2
0 0.535 0.465 0 2
0 0.545 -0.455 0 2
0 0.545 -0.445 0 2
0 0.545 -0.435 0 2
0 0.545 -0.425 0 2
0 0.545 -0.415 0 2
0 0.545 -0.405 0 2
0 0.545 -0.395 0.0006924005823 2
0 0.545 -0.385 0.001163011039 2
0 0.545 -0.375 0.001626542744 2
0 0.545 -0.365 0.002040683489 2
0 0.545 -0.355 0.002417558472 2
0 0.545 -0.345 0.002758055318 2
0 0.545 -0.335 0.003066205664 2
0 0.545 -0.325 0.003345787925 2
0 0.545 -0.315 0.003600938164 2
0 0.545 -0.305 0.003828648371 2
0 0.545 -0.295 0.004012922562 1
0 0.545 -0.285 0.004168715208 1
0 0.545 -0.275 0.004309531333 1
0 0.545 -0.265 0.004443016554 1
0 0.545 -0.255 0.004569925126 1
0 0.545 -0.245 0.004689115264 1
0 0.545 -0.235 0.004805637279 1
0 0.545 -0.225 0.004930296264 1
0 0.545 -0.215 0.005102567433 2
0 0.545 -0.205 0.005222799292 1
0 0.545 -0.195 0.005347417988 1
0 0.545 -0.185 0.005457084539 1
0 0.545 -0.175 0.005558771214 1
0 0.545 -0.165 0.005650109004 1
0 0.545 -0.155 0.00573373738 1
0 0.545 -0.145 0.005812047152 1
0 0.545 -0.135 0.005886751245 1
0 0.545 -0.125 0.005960186259 1
0 0.545 -0.115 0.006027677082 1
0 0.545 -0.105 0.006091922047 1
0 0.545 -0.095 0.006142544209 2
0 0.545 -0.085 0.006180796538 2
0 0.545 -0.075 0.006214739813 2
0 0.545 -0.065 0.006245184421 2
0 0.545 -0.055 0.006270881025 2
0 0.545 -0.045 0.006291111238 2
0 0.545 -0.035 0.0063049424 2
0 0.545 -0.025 0.006310880631 2
0 0.545 -0.015 0.006306590264 2
0 0.545 -0.005 0.006288495854 2
0 0.545 0.005 0.006249147258 2
0 0.545 0.015 0.00618445741 2
0 0.545 0.025 0.006091644388 2
0 0.545 0.035 0.006035343447 1
0 0.545 0.045 0.006008086052 1
0 0.545 0.055 0.005982071027 1
0 0.545 0.065 0.005954286453 1
0 0.545 0.075 0.00592227001 1
0 0.545 0.085 0.005882318765 1
0 0.545 0.095 0.00585599739 2
0 0.545 0.105 0.005830308975 2
0 0.545 0.115 0.005808802957 2
0 0.545 0.125 0.005787603946 2
0 0.545 0.135 0.005750337582 1
0 0.545 0.145 0.00573092482 1
0 0.545 0.155 0.005717399315 1
0 0.545 0.165 0.005690996125 1
0 0.545 0.175 0.005657985912 1
0 0.545 0.185 0.005619258143 1
0 0.545 0.195 0.005574447834 1
0 0.545 0.205 0.005522394472 1
0 0.545 0.215 0.005461761305 1
0 0.545 0.225 0.005385707017 1
0 0.545 0.235 0.00532766035 2
0 0.545 0.245 0.005249981743 2
0 0.545 0.255 0.005170978069 2
0 0.545 0.265 0.005097801652 2
0 0.545 0.275 0.004999446654 2
0 0.545 0.285 0.004857078157 2
0 0.545 0.295 0.004673290349 2
0 0.545 0.305 0.00445065531 2
0 0.545 0.315 0.004192781679 2
0 0.545 0.325 0.003900041027 2
0 0.545 0.335 0.003571946508 2
0 0.545 0.345 0.003207126804 2
0 0.545 0.355 0.002803940978 2
0 0.545 0.365 0.002359569227 2
0 0.545 0.375 0.001874415409 2
0 0.545 0.385 0.001333721851 2
0 0.545 0.395 0.000787520051 2
0 0.545 0.405 0 2
0 0.545 0.415 0 2
0 0.545 0.425 0 2
0 0.545 0.435 0 2
0 0.545 0.445 0 2
0 0.545 0.455 0 2
0 0.545 0.465 0 2
0 0.555 -0.455 0 2
0 0.555 -0.445 0 2
0 0.555 -0.435 0 2
0 0.555 -0.425 0 2
0 0.555 -0.415 0 2
0 0.555 -0.405 0 2
0 0.555 -0.395 0.0007367633587 2
0 0.555 -0.385 0.001237765354 2
0 0.555 -0.375 0.001729331143 2
0 0.555 -0.365 0.002166321043 2
0 0.555 -0.355 0.002563427497 2
0 0.555 -0.345 0.00292137481 2
0 0.555 -0.335 0.003243786582 2
0 0.555 -0.325 0.003533220322 2
0 0.555 -0.315 0.003790127994 2
0 0.555 -0.305 0.004013201026 2
0 0.555 -0.295 0.004178130199 1
0 0.555 -0.285 0.004343719371 1
0 0.555 -0.275 0.004488215606 1
0 0.555 -0.265 0.004624917795 1
0 0.555 -0.255 0.00475353156 1
0 0.555 -0.245 0.004874244814 1
0 0.555 -0.235 0.00499683678 1
0 0.555 -0.225 0.005151772901 2
0 0.555 -0.215 0.005309046766 2
0 0.555 -0.205 0.005404810061 1
0 0.555 -0.195 0.005522014812 1
0 0.555 -0.185 0.00562741 1
0 0.555 -0.175 0.00573234941 1
0 0.555 -0.165 0.005825851146 1
0 0.555 -0.155 0.005911445585 1
0 0.555 -0.145 0.005991871424 1
0 0.555 -0.135 0.006069418003 1
0 0.555 -0.125 0.006144157333 1
0 0.555 -0.115 0.006215375353 1
0 0.555 -0.105 0.006283729123 1
0 0.555 -0.095 0.006372391532 2
0 0.555 -0.085 0.006434785903 2
0 0.555 -0.075 0.00648264984 2
0 0.555 -0.065 0.006518580037 2
0 0.555 -0.055 0.006546526389 2
0 0.555 -0.045 0.006567143698 2
0 0.555 -0.035 0.006579964569 2
0 0.555 -0.025 0.006583768611 2
0 0.555 -0.015 0.006576385654 2
0 0.555 -0.005 0.006554788787 2
0 0.555 0.005 0.006512626075 2
0 0.555 0.015 0.006446757261 2
0 0.555 0.025 0.006357512254 2
0 0.555 0.035 0.00625890727 1
0 0.555 0.045 0.006217419567 1
0 0.555 0.055 0.006181316541 1
0 0.555 0.065 0.00615014807 1
0 0.555 0.075 0.006121781068 1
0 0.555 0.085 0.006090632065 1
0 0.555 0.095 0.006102278943 2
0 0.555 0.105 0.006088031283 2
0 0.555 0.115 0.006067927414 2
0 0.555 0.125 0.006040652187 2
0 0.555 0.135 0.005996423182 2
0 0.555 0.145 0.005964930269 2
0 0.555 0.155 0.005918240551 1
0 0.555 0.165 0.005886566508 1
0 0.555 0.175 0.005851481743 1
0 0.555 0.185 0.005812011601 1
0 0.555 0.195 0.005767155116 1
0 0.555 0.205 0.005716579468 1
0 0.555 0.215 0.005661311595 1
0 0.555 0.225 0.005619421737 2
0 0.555 0.235 0.005567940724 2
0 0.555 0.245 0.005497095136 2
0 0.555 0.255 0.005417747375 2
0 0.555 0.265 0.005331436198 2
0 0.555 0.275 0.005215225736 2
0 0.555 0.285 0.005061521165 2
0 0.555 0.295 0.004869153115 2
0 0.555 0.305 0.004639487847 2
0 0.555 0.315 0.004373302755 2
0 0.555 0.325 0.004070504548 2
0 0.555 0.335 0.003730353786 2
0 0.555 0.345 0.003351341651 2
0 0.555 0.355 0.002931712995 2
0 0.555 0.365 0.002468477983 2
0 0.555 0.375 0.001962021725 2
0 0.555 0.385 0.001396810974 2
0 0.555 0.395 0.0008252735414 2
0 0.555 0.405 0 2
0 0.555 0.415 0 2
0 0.555 0.425 0 2
0 0.555 0.435 0 2
0 0.555 0.445 0 2
0 0.555 0.455 0 2
0 0.555 0.465 0 2
0 0.565 -0.455 0 2
0 0.565 -0.445 0 2
0 0.565 -0.435 0 2
0 0.565 -0.425 0 2
0 0.565 -0.415 0 2
0 0.565 -0.405 0 2
0 0.565 -0.395 0.0007761996516 2
0 0.565 -0.385 0.001304398147 2
0 0.565 -0.375 0.001821910265 2
0 0.565 -0.365 0.002280720547 2
0 0.565 -0.355 0.002696734625 2
0 0.565 -0.345 0.00307060736 2
0 0.565 -0.335 0.003405837026 2
0 0.565 -0.325 0.003704289675 2
0 0.565 -0.315 0.003965397278 2
0 0.565 -0.305 0.004186877951 2
0 0.565 -0.295 0.004355758433 2
0 0.565 -0.285 0.004503650653 1
0 0.565 -0.275 0.00464728252 1
0 0.565 -0.265 0.004787020195 1
0 0.565 -0.255 0.004922524555 1
0 0.565 -0.245 0.00505172129 1
0 0.565 -0.235 0.005209317245 2
0 0.565 -0.225 0.005367147046 2
0 0.565 -0.215 0.005509974321 2
0 0.565 -0.205 0.005606890472 2
0 0.565 -0.195 0.005691962785 1
0 0.565 -0.185 0.005788940515 1
0 0.565 -0.175 0.005890375403 1
0 0.565 -0.165 0.005980908253 1
0 0.565 -0.155 0.006065969381 1
0 0.565 -0.145 0.006147435013 1
0 0.565 -0.135 0.006226658442 1
0 0.565 -0.125 0.006304840814 1
0 0.565 -0.115 0.006383835587 1
0 0.565 -0.105 0.006462947482 1
0 0.565 -0.095 0.00658077761 2
0 0.565 -0.085 0.006659083606 2
0 0.565 -0.075 0.006716505616 2
0 0.565 -0.065 0.00675763772 2
0 0.565 -0.055 0.006788081582 2
0 0.565 -0.045 0.006809448199 2
0 0.565 -0.035 0.006821780706 2
0 0.565 -0.025 0.006824220335 2
0 0.565 -0.015 0.006814979668 2
0 0.565 -0.005 0.006791717094 2
0 0.565 0.005 0.00675129297 2
0 0.565 0.015 0.006690073308 2
0 0.565 0.025 0.006607652312 2
0 0.565 0.035 0.006506041688 2
0 0.565 0.045 0.006424171865 1
0 0.565 0.055 0.006377541252 1
0 0.565 0.065 0.00634349142 1
0 0.565 0.075 0.00632007961 1
0 0.565 0.085 0.006325847178 2
0 0.565 0.095 0.006344269806 2
0 0.565 0.105 0.006340433409 2
0 0.565 0.115 0.006321735931 2
0 0.565 0.125 0.006288842531 2
0 0.565 0.135 0.006241560861 2
0 0.565 0.145 0.006198565736 2
0 0.565 0.155 0.006145466627 2
0 0.565 0.165 0.006107119641 2
0 0.565 0.175 0.006069558189 2
0 0.565 0.185 0.006029858825 2
0 0.565 0.195 0.005985801124 2
0 0.565 0.205 0.005938017461 2
0 0.565 0.215 0.005890431316 2
0 0.565 0.225 0.005855428735 2
0 0.565 0.235 0.005808471914 2
0 0.565 0.245 0.005739669958 2
0 0.565 0.255 0.005652047771 2
0 0.565 0.265 0.005545378851 2
0 0.565 0.275 0.005412793938 2
0 0.565 0.285 0.005247998629 2
0 0.565 0.295 0.005047757522 2
0 0.565 0.305 0.004810893747 2
0 0.565 0.315 0.004536921548 2
0 0.565 0.325 0.004225103769 2
0 0.565 0.335 0.003874267719 2
0 0.565 0.345 0.003482665475 2
0 0.565 0.355 0.003048362625 2
0 0.565 0.365 0.002568166654 2
0 0.565 0.375 0.00204241838 2
0 0.565 0.385 0.001454844128 2
0 0.565 0.395 0.0008600916327 2
0 0.565 0.405 0 2
0 0.565 0.415 0 2
0 0.565 0.425 0 2
0 0.565 0.435 0 2
0 0.565 0.445 0 2
0 0.565 0.455 0 2
0 0.565 0.465 0 2
0 0.575 -0.455 0 2
0 0.575 -0.445 0 2
0 0.575 -0.435 0 2
0 0.575 -0.425 0 2
0 0.575 -0.415 0 2
0 0.575 -0.405 0 2
0 0.575 -0.395 0.0008116690256 2
0 0.575 -0.385 0.001364122612 2
0 0.575 -0.375 0.001904943716 2
0 0.575 -0.365 0.002383498339 2
0 0.575 -0.355 0.002816469676 2
0 0.575 -0.345 0.003204454379 2
0 0.575 -0.335 0.003550984274 2
0 0.575 -0.325 0.003857791343 2
0 0.575 -0.315 0.004124567814 2
0 0.575 -0.305 0.004349475273 2
0 0.575 -0.295 0.00452832948 2
0 0.575 -0.285 0.004661168617 1
0 0.575 -0.275 0.004804236769 1
0 0.575 -0.265 0.004946347644 1
0 0.575 -0.255 0.005088519916 1
0 0.575 -0.245 0.00525054174 2
0 0.575 -0.235 0.005414043362 2
0 0.575 -0.225 0.005569730108 2
0 0.575 -0.215 0.005701874147 2
0 0.575 -0.205 0.005800037625 2
0 0.575 -0.195 0.005880431432 2
0 0.575 -0.185 0.005968556287 2
0 0.575 -0.175 0.006042706585 1
0 0.575 -0.165 0.006129724788 1
0 0.575 -0.155 0.006214150151 1
0 0.575 -0.145 0.006296398318 1
0 0.575 -0.135 0.006377266122 1
0 0.575 -0.125 0.006458419743 1
0 0.575 -0.115 0.006543782208 1
0 0.575 -0.105 0.006652189656 2
0 0.575 -0.095 0.006766222902 2
0 0.575 -0.085 0.006851785777 2
0 0.575 -0.075 0.006915323339 2
0 0.575 -0.065 0.006960759963 2
0 0.575 -0.055 0.006993826597 2
0 0.575 -0.045 0.007016374839 2
0 0.575 -0.035 0.007028859373 2
0 0.575 -0.025 0.007030785774 2
0 0.575 -0.015 0.007020898537 2
0 0.575 -0.005 0.006997497219 2
0 0.575 0.005 0.0069586816 2
0 0.575 0.015 0.00690134817 2
0 0.575 0.025 0.006825614387 2
0 0.575 0.035 0.0067347783 2
0 0.575 0.045 0.006649414702 2
0 0.575 0.055 0.006594743648 2
0 0.575 0.065 0.006558009265 2
0 0.575 0.075 0.006537909759 2
0 0.575 0.085 0.006544778185 2
0 0.575 0.095 0.006554695047 2
0 0.575 0.105 0.006550103256 2
0 0.575 0.115 0.006532371861 2
0 0.575 0.125 0.006503377996 2
0 0.575 0.135 0.006464921328 2
0 0.575 0.145 0.006421331128 2
0 0.575 0.155 0.006368917658 2
0 0.575 0.165 0.006325387217 2
0 0.575 0.175 0.006285545848 2
0 0.575 0.185 0.006246264473 2
0 0.575 0.195 0.006203685443 2
0 0.575 0.205 0.006159592475 2
0 0.575 0.215 0.006116087822 2
0 0.575 0.225 0.006076516672 2
0 0.575 0.235 0.006021158266 2
0 0.575 0.245 0.00594605069 2
0 0.575 0.255 0.00585024857 2
0 0.575 0.265 0.005733138682 2
0 0.575 0.275 0.005589797907 2
0 0.575 0.285 0.005415754079 2
0 0.575 0.295 0.005207819853 2
0 0.575 0.305 0.004964027623 2
0 0.575 0.315 0.004682951134 2
0 0.575 0.325 0.004363171267 2
0 0.575 0.335 0.004003029681 2
0 0.575 0.345 0.003600467242 2
0 0.575 0.355 0.003153313965 2
0 0.575 0.365 0.002658139967 2
0 0.575 0.375 0.002115210627 2
0 0.575 0.385 0.001507544254 2
0 0.575 0.395 0.0008918159028 2
0 0.575 0.405 0 2
0 0.575 0.415 0 2
0 0.575 0.425 0 2
0 0.575 0.435 0 2
0 0.575 0.445 0 2
0 0.575 0.455 0 2
0 0.575 0.465 0 2
0 0.585 -0.455 0 2
0 0.585 -0.445 0 2
0 0.585 -0.435 0 2
0 0.585 -0.425 0 2
0 0.585 -0.415 0 2
0 0.585 -0.405 0 2
0 0.585 -0.395 0.0008432889104 2
0 0.585 -0.385 0.001417090602 2
0 0.585 -0.375 0.001978404385 2
0 0.585 -0.365 0.002474293126 2
0 0.585 -0.355 0.002922041373 2
0 0.585 -0.345 0.003322209981 2
0 0.585 -0.335 0.003678504302 2
0 0.585 -0.325 0.003992899318 2
0 0.585 -0.315 0.004266419704 2
0 0.585 -0.305 0.004498743282 2
0 0.585 -0.295 0.00468901983 2
0 0.585 -0.285 0.004835008435 2
0 0.585 -0.275 0.004979736113 2
0 0.585 -0.265 0.005123687435 2
0 0.585 -0.255 0.005272701726 2
0 0.585 -0.245 0.005437490103 2
0 0.585 -0.235 0.005599480672 2
0 0.585 -0.225 0.005747147296 2
0 0.585 -0.215 0.00587313525 2
0 0.585 -0.205 0.005974264851 2
0 0.585 -0.195 0.006056842021 2
0 0.585 -0.185 0.006137806032 2
0 0.585 -0.175 0.006209053396 2
0 0.585 -0.165 0.006290750998 2
0 0.585 -0.155 0.006373329286 2
0 0.585 -0.145 0.006455846039 2
0 0.585 -0.135 0.006538152457 2
0 0.585 -0.125 0.006622220308 2
0 0.585 -0.115 0.006712901542 2
0 0.585 -0.105 0.006821034754 2
0 0.585 -0.095 0.006926846368 2
0 0.585 -0.085 0.007012661483 2
0 0.585 -0.075 0.007078706705 2
0 0.585 -0.065 0.007127293325 2
0 0.585 -0.055 0.007162806592 2
0 0.585 -0.045 0.007186844714 2
0 0.585 -0.035 0.007200072732 2
0 0.585 -0.025 0.0072023005 2
0 0.585 -0.015 0.007192777174 2
0 0.585 -0.005 0.007170374105 2
0 0.585 0.005 0.007133986459 2
0 0.585 0.015 0.007082903465 2
0 0.585 0.025 0.007017127003 2
0 0.585 0.035 0.006940301361 2
0 0.585 0.045 0.006861853198 2
0 0.585 0.055 0.006803474352 2
0 0.585 0.065 0.00676437743 2
0 0.585 0.075 0.006744086833 2
0 0.585 0.085 0.006742763335 2
0 0.585 0.095 0.006740411895 2
0 0.585 0.105 0.006729757478 2
0 0.585 0.115 0.006709610054 2
0 0.585 0.125 0.006681771743 2
0 0.585 0.135 0.006647596992 2
0 0.585 0.145 0.006610142645 2
0 0.585 0.155 0.006570139454 2
0 0.585 0.165 0.006532410347 2
0 0.585 0.175 0.006495411714 2
0 0.585 0.185 0.006457507004 2
0 0.585 0.195 0.006416743252 2
0 0.585 0.205 0.006372761862 2
0 0.585 0.215 0.006324984152 2
0 0.585 0.225 0.006272162203 2
0 0.585 0.235 0.006206804918 2
0 0.585 0.245 0.006124331043 2
0 0.585 0.255 0.00602159353 2
0 0.585 0.265 0.005896000145 2
0 0.585 0.275 0.005744052584 2
0 0.585 0.285 0.005562279152 2
0 0.585 0.295 0.005347663173 2
0 0.585 0.305 0.005097769254 2
0 0.585 0.315 0.004810532486 2
0 0.585 0.325 0.004483965283 2
0 0.585 0.335 0.004115966972 2
0 0.585 0.345 0.003704133734 2
0 0.585 0.355 0.003246023112 2
0 0.585 0.365 0.002737938709 2
0 0.585 0.375 0.002180037986 2
0 0.585 0.385 0.001554662638 2
0 0.585 0.395 0.0009203071323 2
0 0.585 0.405 0 2
0 0.585 0.415 0 2
0 0.585 0.425 0 2
0 0.585 0.435 0 2
0 0.585 0.445 0 2
0 0.585 0.455 0 2
0 0.585 0.465 0 2
0 0.595 -0.455 0 2
0 0.595 -0.445 0 2
0 0.595 -0.435 0 2
0 0.595 -0.425 0 2
0 0.595 -0.415 0 2
0 0.595 -0.405 0 2
0 0.595 -0.395 0.0008711217973 2
0 0.595 -0.385 0.001463392437 2
0 0.595 -0.375 0.002042295217 2
0 0.595 -0.365 0.002552907428 2
0 0.595 -0.355 0.003013063193 2
0 0.595 -0.345 0.003423350757 2
0 0.595 -0.335 0.003787761993 2
0 0.595 -0.325 0.004108706382 2
0 0.595 -0.315 0.004388124424 2
0 0.595 -0.305 0.004626870827 2
0 0.595 -0.295 0.004826401966 2
0 0.595 -0.285 0.004989887688 2
0 0.595 -0.275 0.005142290808 2
0 0.595 -0.265 0.005291472331 2
0 0.595 -0.255 0.005444088188 2
0 0.595 -0.245 0.005603787781 2
0 0.595 -0.235 0.005755557374 2
0 0.595 -0.225 0.005893865713 2
0 0.595 -0.215 0.006014537814 2
0 0.595 -0.205 0.006118479043 2
0 0.595 -0.195 0.006207778321 2
0 0.595 -0.185 0.006288263144 2
0 0.595 -0.175 0.006359688009 2
0 0.595 -0.165 0.006436689703 2
0 0.595 -0.155 0.006516811279 2
0 0.595 -0.145 0.006599165658 2
0 0.595 -0.135 0.006682431841 2
0 0.595 -0.125 0.006769043762 2
0 0.595 -0.115 0.006862042574 2
0 0.595 -0.105 0.00696441461 2
0 0.595 -0.095 0.007060180531 2
0 0.595 -0.085 0.007141526621 2
0 0.595 -0.075 0.007206700059 2
0 0.595 -0.065 0.007257176499 2
0 0.595 -0.055 0.007294618615 2
0 0.595 -0.045 0.007320205002 2
0 0.595 -0.035 0.007334595048 2
0 0.595 -0.025 0.007337807521 2
0 0.595 -0.015 0.007329468274 2
0 0.595 -0.005 0.007308975174 2
0 0.595 0.005 0.007275835549 2
0 0.595 0.015 0.007230133096 2
0 0.595 0.025 0.007173458589 2
0 0.595 0.035 0.007110052618 2
0 0.595 0.045 0.007047049602 2
0 0.595 0.055 0.006993688411 2
0 0.595 0.065 0.006952522138 2
0 0.595 0.075 0.006923773254 2
0 0.595 0.085 0.006905553293 2
0 0.595 0.095 0.006890238454 2
0 0.595 0.105 0.006872669847 2
0 0.595 0.115 0.00685064525 2
0 0.595 0.125 0.006823945695 2
0 0.595 0.135 0.006793546249 2
0 0.595 0.145 0.006761146315 2
0 0.595 0.155 0.006727820532 2
0 0.595 0.165 0.006695171442 2
0 0.595 0.175 0.006662038725 2
0 0.595 0.185 0.006626784678 2
0 0.595 0.195 0.006587637628 2
0 0.595 0.205 0.006543518616 2
0 0.595 0.215 0.006493034704 2
0 0.595 0.225 0.006434073832 2
0 0.595 0.235 0.006362029791 2
0 0.595 0.245 0.006273083643 2
0 0.595 0.255 0.006163947378 2
0 0.595 0.265 0.0060317502 2
0 0.595 0.275 0.005873362088 2
0 0.595 0.285 0.005685664952 2
0 0.595 0.295 0.005465714086 2
0 0.595 0.305 0.005210856693 2
0 0.595 0.315 0.004918635121 2
0 0.595 0.325 0.004586630163 2
0 0.595 0.335 0.00421234264 2
0 0.595 0.345 0.003793023826 2
0 0.595 0.355 0.003325941218 2
0 0.595 0.365 0.002807111671 2
0 0.595 0.375 0.002236553845 2
0 0.595 0.385 0.001595964961 2
0 0.595 0.395 0.0009454369965 2
0 0.595 0.405 0 2
0 0.595 0.415 0 2
0 0.595 0.425 0 2
0 0.595 0.435 0 2
0 0.595 0.445 0 2
0 0.595 0.455 0 2
0 0.595 0.465 0 2
0 0.605 -0.455 0 2
0 0.605 -0.445 0 2
0 0.605 -0.435 0 2
0 0.605 -0.425 0 2
0 0.605 -0.415 0 2
0 0.605 -0.405 0 2
0 0.605 -0.395 0.0008951355757 2
0 0.605 -0.385 0.0015029821 2
0 0.605 -0.375 0.002096516488 2
0 0.605 -0.365 0.002619144071 2
0 0.605 -0.355 0.003089238764 2
0 0.605 -0.345 0.003507491812 2
0 0.605 -0.335 0.003878257886 2
0 0.605 -0.325 0.004204455964 2
0 0.605 -0.315 0.0044888618 2
0 0.605 -0.305 0.004734053851 2
0 0.605 -0.295 0.004943974891 2
0 0.605 -0.285 0.005124552285 2
0 0.605 -0.275 0.005287979094 2
0 0.605 -0.265 0.005441821032 2
0 0.605 -0.255 0.005591428716 2
0 0.605 -0.245 0.005738645092 2
0 0.605 -0.235 0.00587888165 2
0 0.605 -0.225 0.006008446951 2
0 0.605 -0.215 0.006124628843 2
0 0.605 -0.205 0.006227367933 2
0 0.605 -0.195 0.006318597276 2
0 0.605 -0.185 0.006402357764 2
0 0.605 -0.175 0.006481120263 2
0 0.605 -0.165 0.006560351549 2
0 0.605 -0.155 0.006640733453 2
0 0.605 -0.145 0.006722725676 2
0 0.605 -0.135 0.006806342806 2
0 0.605 -0.125 0.006892443702 2
0 0.605 -0.115 0.006981408082 2
0 0.605 -0.105 0.007072328292 2
0 0.605 -0.095 0.007158701666 2
0 0.605 -0.085 0.007235233068 2
0 0.605 -0.075 0.00729926651 2
0 0.605 -0.065 0.007350315164 2
0 0.605 -0.055 0.007388978287 2
0 0.605 -0.045 0.007415953398 2
0 0.605 -0.035 0.007431719197 2
0 0.605 -0.025 0.007436405084 2
0 0.605 -0.015 0.00742991068 2
0 0.605 -0.005 0.007412061563 2
0 0.605 0.005 0.007382863309 2
0 0.605 0.015 0.007342898271 2
0 0.605 0.025 0.007293854243 2
0 0.605 0.035 0.00723913261 2
0 0.605 0.045 0.007183627855 2
0 0.605 0.055 0.007132945083 2
0 0.605 0.065 0.007089820004 2
0 0.605 0.075 0.007054947907 2
0 0.605 0.085 0.007027080961 2
0 0.605 0.095 0.00700263332 2
0 0.605 0.105 0.006978701622 2
0 0.605 0.115 0.006953933919 2
0 0.605 0.125 0.006927583741 2
0 0.605 0.135 0.006900569592 2
0 0.605 0.145 0.006873656207 2
0 0.605 0.155 0.006847577147 2
0 0.605 0.165 0.006821854833 2
0 0.605 0.175 0.006794391841 2
0 0.605 0.185 0.006762874527 2
0 0.605 0.195 0.006725424767 2
0 0.605 0.205 0.006680758598 2
0 0.605 0.215 0.006627435771 2
0 0.605 0.225 0.00656348121 2
0 0.605 0.235 0.00648579894 2
0 0.605 0.245 0.006391257795 2
0 0.605 0.255 0.006276794464 2
0 0.605 0.265 0.006139468387 2
0 0.605 0.275 0.00597627026 2
0 0.605 0.285 0.005784206282 2
0 0.605 0.295 0.005560354425 2
0 0.605 0.305 0.005301902161 2
0 0.605 0.315 0.005006104347 2
0 0.605 0.325 0.004670197749 2
0 0.605 0.335 0.004291335773 2
0 0.605 0.345 0.00386644151 2
0 0.605 0.355 0.00339248762 2
0 0.605 0.365 0.002865192282 2
0 0.605 0.375 0.002284406813 2
0 0.605 0.385 0.001631217788 2
0 0.605 0.395 0.0009670797751 2
0 0.605 0.405 0 2
0 0.605 0.415 0 2
0 0.605 0.425 0 2
0 0.605 0.435 0 2
0 0.605 0.445 0 2
0 0.605 0.455 0 2
0 0.605 0.465 0 2
0 0.615 -0.455 0 2
0 0.615 -0.445 0 2
0 0.615 -0.435 0 2
0 0.615 -0.425 0 2
0 0.615 -0.415 0 2
0 0.615 -0.405 0 2
0 0.615 -0.395 0.0009152819716 2
0 0.615 -0.385 0.001535777262 2
0 0.615 -0.375 0.002140930381 2
0 0.615 -0.365 0.002672784642 2
0 0.615 -0.355 0.003150253613 2
0 0.615 -0.345 0.003574204885 2
0 0.615 -0.335 0.00394938968 2
0 0.615 -0.325 0.004279252868 2
0 0.615 -0.315 0.004567323566 2
0 0.615 -0.305 0.004817191869 2
0 0.615 -0.295 0.00503344442 2
0 0.615 -0.285 0.00522198209 2
0 0.615 -0.275 0.005390986394 2
0 0.615 -0.265 0.005546881338 2
0 0.615 -0.255 0.005694163597 2
0 0.615 -0.245 0.005834641831 2
0 0.615 -0.235 0.005966883204 2
0 0.615 -0.225 0.006089237694 2
0 0.615 -0.215 0.006200532708 2
0 0.615 -0.205 0.006301084578 2
0 0.615 -0.195 0.006392416156 2
0 0.615 -0.185 0.006477229995 2
0 0.615 -0.175 0.006557997206 2
0 0.615 -0.165 0.00663798802 2
0 0.615 -0.155 0.00671853876 2
0 0.615 -0.145 0.006800400734 2
0 0.615 -0.135 0.006883729927 2
0 0.615 -0.125 0.006968652694 2
0 0.615 -0.115 0.007054599191 2
0 0.615 -0.105 0.007139917369 2
0 0.615 -0.095 0.00722065295 2
0 0.615 -0.085 0.007293238036 2
0 0.615 -0.075 0.007355358002 2
0 0.615 -0.065 0.007406098013 2
0 0.615 -0.055 0.007445392767 2
0 0.615 -0.045 0.007473499409 2
0 0.615 -0.035 0.007490690852 2
0 0.615 -0.025 0.007497135884 2
0 0.615 -0.015 0.007492914717 2
0 0.615 -0.005 0.007478123668 2
0 0.615 0.005 0.007453073453 2
0 0.615 0.015 0.007418559868 2
0 0.615 0.025 0.007376142898 2
0 0.615 0.035 0.007328348114 2
0 0.615 0.045 0.00727842449 2
0 0.615 0.055 0.007229744498 2
0 0.615 0.065 0.00718446302 2
0 0.615 0.075 0.007143628918 2
0 0.615 0.085 0.007107216824 2
0 0.615 0.095 0.007074497533 2
0 0.615 0.105 0.007044523513 2
0 0.615 0.115 0.007017364494 2
0 0.615 0.125 0.006990856028 2
0 0.615 0.135 0.006966581939 2
0 0.615 0.145 0.006944572491 2
0 0.615 0.155 0.006926209292 2
0 0.615 0.165 0.00690895266 2
0 0.615 0.175 0.00688845328 2
0 0.615 0.185 0.006861128163 2
0 0.615 0.195 0.006825476811 2
0 0.615 0.205 0.006780502689 2
0 0.615 0.215 0.006725043859 2
0 0.615 0.225 0.006657569126 2
0 0.615 0.235 0.006575761601 2
0 0.615 0.245 0.006477012004 2
0 0.615 0.255 0.006358544819 2
0 0.615 0.265 0.006217531458 2
0 0.615 0.275 0.006051065107 2
0 0.615 0.285 0.005856203373 2
0 0.615 0.295 0.005629992635 2
0 0.615 0.305 0.005369482295 2
0 0.615 0.315 0.005071701169 2
0 0.615 0.325 0.004733604347 2
0 0.615 0.335 0.004352040347 2
0 0.615 0.345 0.003923623641 2
0 0.615 0.355 0.003445033054 2
0 0.615 0.365 0.002911681497 2
0 0.615 0.375 0.002323225712 2
0 0.615 0.385 0.001660177117 2
0 0.615 0.395 0.0009851051909 2
0 0.615 0.405 0 2
0 0.615 0.415 0 2
0 0.615 0.425 0 2
0 0.615 0.435 0 2
0 0.615 0.445 0 2
0 0.615 0.455 0 2
0 0.615 0.465 0 2
0 0.625 -0.455 0 2
0 0.625 -0.445 0 2
0 0.625 -0.435 0 2
0 0.625 -0.425 0 2
0 0.625 -0.415 0 2
0 0.625 -0.405 0 2
0 0.625 -0.395 0.0009314948999 2
0 0.625 -0.385 0.00156165516 2
0 0.625 -0.375 0.002175339305 2
0 0.625 -0.365 0.00271353712 2
0 0.625 -0.355 0.003195697581 2
0 0.625 -0.345 0.00362292655 2
0 0.625 -0.335 0.00400039151 2
0 0.625 -0.325 0.004332043537 2
0 0.625 -0.315 0.004622024799 2
0 0.625 -0.305 0.004874566925 2
0 0.625 -0.295 0.005094469201 2
0 0.625 -0.285 0.005287178012 2
0 0.625 -0.275 0.005458822294 2
0 0.625 -0.265 0.005614662634 2
0 0.625 -0.255 0.005758614645 2
0 0.625 -0.245 0.005892844087 2
0 0.625 -0.235 0.006017768754 2
0 0.625 -0.225 0.006133271499 2
0 0.625 -0.215 0.006239357932 2
0 0.625 -0.205 0.006336755688 2
0 0.625 -0.195 0.006426906221 2
0 0.625 -0.185 0.006511871343 2
0 0.625 -0.175 0.006593714254 2
0 0.625 -0.165 0.006674540896 2
0 0.625 -0.155 0.006755563311 2
0 0.625 -0.145 0.006837417807 2
0 0.625 -0.135 0.006920176315 2
0 0.625 -0.125 0.007003534767 2
0 0.625 -0.115 0.007086567258 2
0 0.625 -0.105 0.007167600965 2
0 0.625 -0.095 0.007244014482 2
0 0.625 -0.085 0.007313269175 2
0 0.625 -0.075 0.007373465571 2
0 0.625 -0.065 0.007423539453 2
0 0.625 -0.055 0.007463080101 2
0 0.625 -0.045 0.007492061228 2
0 0.625 -0.035 0.007510620197 2
0 0.625 -0.025 0.007518932143 2
0 0.625 -0.015 0.007517186634 2
0 0.625 -0.005 0.007505639359 2
0 0.625 0.005 0.007484724656 2
0 0.625 0.015 0.007455202967 2
0 0.625 0.025 0.007418288143 2
0 0.625 0.035 0.007375701017 2
0 0.625 0.045 0.007329467462 2
0 0.625 0.055 0.007281641038 2
0 0.625 0.065 0.007233826531 2
0 0.625 0.075 0.007187405688 2
0 0.625 0.085 0.007143102036 2
0 0.625 0.095 0.007102459979 2
0 0.625 0.105 0.007065614189 2
0 0.625 0.115 0.007036346696 2
0 0.625 0.125 0.007009298474 2
0 0.625 0.135 0.006989370154 2
0 0.625 0.145 0.006973442379 2
0 0.625 0.155 0.006964268498 2
0 0.625 0.165 0.006957105992 2
0 0.625 0.175 0.006944392152 2
0 0.625 0.185 0.006922080171 2
0 0.625 0.195 0.006887905224 2
0 0.625 0.205 0.006842567023 2
0 0.625 0.215 0.006785353379 2
0 0.625 0.225 0.006715244703 2
0 0.625 0.235 0.006630441448 2
0 0.625 0.245 0.006528726343 2
0 0.625 0.255 0.00640758196 2
0 0.625 0.265 0.006264315856 2
0 0.625 0.275 0.006096100031 2
0 0.625 0.285 0.005900010937 2
0 0.625 0.295 0.005673048185 2
0 0.625 0.305 0.005412138636 2
0 0.625 0.315 0.005114120407 2
0 0.625 0.325 0.004775706091 2
0 0.625 0.335 0.004393470172 2
0 0.625 0.345 0.003963735653 2
0 0.625 0.355 0.003482889958 2
0 0.625 0.365 0.00294603605 2
0 0.625 0.375 0.002352608344 2
0 0.625 0.385 0.001682579477 2
0 0.625 0.395 0.0009993728072 2
0 0.625 0.405 0 2
0 0.625 0.415 0 2
0 0.625 0.425 0 2
0 0.625 0.435 0 2
0 0.625 0.445 0 2
0 0.625 0.455 0 2
0 0.625 0.465 0 2
0 0.635 -0.455 0 2
0 0.635 -0.445 0 2
0 0.635 -0.435 0 2
0 0.635 -0.425 0 2
0 0.635 -0.415 0 2
0 0.635 -0.405 0 2
0 0.635 -0.395 0.0009436918469 2
0 0.635 -0.385 0.001580453267 2
0 0.635 -0.375 0.002199477574 2
0 0.635 -0.365 0.002741010692 2
0 0.635 -0.355 0.003225025251 2
0 0.635 -0.345 0.003652916483 2
0 0.635 -0.335 0.00403027141 2
0 0.635 -0.325 0.00436148918 2
0 0.635 -0.315 0.004651156246 2
0 0.635 -0.305 0.00490384454 2
0 0.635 -0.295 0.00512436169 2
0 0.635 -0.285 0.005317728957 2
0 0.635 -0.275 0.00548905043 2
0 0.635 -0.265 0.005642841022 2
0 0.635 -0.255 0.005782676314 2
0 0.635 -0.245 0.005910992049 2
0 0.635 -0.235 0.006029178717 2
0 0.635 -0.225 0.00613814879 2
0 0.635 -0.215 0.006238771702 2
0 0.635 -0.205 0.006332221982 2
0 0.635 -0.195 0.006420015723 2
0 0.635 -0.185 0.006503919783 2
0 0.635 -0.175 0.006585632547 2
0 0.635 -0.165 0.006666649415 2
0 0.635 -0.155 0.006747884051 2
0 0.635 -0.145 0.006829719637 2
0 0.635 -0.135 0.006912015081 2
0 0.635 -0.125 0.006994188971 2
0 0.635 -0.115 0.007075163525 2
0 0.635 -0.105 0.007153379006 2
0 0.635 -0.095 0.007226848889 2
0 0.635 -0.085 0.007293635456 2
0 0.635 -0.075 0.007352184304 2
0 0.635 -0.065 0.007401487442 2
0 0.635 -0.055 0.007441033802 2
0 0.635 -0.045 0.007470672881 2
0 0.635 -0.035 0.007490470933 2
0 0.635 -0.025 0.007500610651 2
0 0.635 -0.015 0.007501347961 2
0 0.635 -0.005 0.007493017211 2
0 0.635 0.005 0.007476072415 2
0 0.635 0.015 0.007451132944 2
0 0.635 0.025 0.007419016405 2
0 0.635 0.035 0.00738071874 2
0 0.635 0.045 0.007337258962 2
0 0.635 0.055 0.00728971097 2
0 0.635 0.065 0.007239063942 2
0 0.635 0.075 0.007186275098 2
0 0.635 0.085 0.00713349739 2
0 0.635 0.095 0.007084450251 2
0 0.635 0.105 0.007042280667 2
0 0.635 0.115 0.00701450202 2
0 0.635 0.125 0.006982968767 1
0 0.635 0.135 0.00696802754 1
0 0.635 0.145 0.006957644799 1
0 0.635 0.155 0.00696376522 2
0 0.635 0.165 0.006968481807 2
0 0.635 0.175 0.006962660399 2
0 0.635 0.185 0.006944577949 2
0 0.635 0.195 0.006911232636 2
0 0.635 0.205 0.006865327299 2
0 0.635 0.215 0.00680670144 2
0 0.635 0.225 0.006734760512 2
0 0.635 0.235 0.006648052958 2
0 0.635 0.245 0.006544631062 2
0 0.635 0.255 0.006422173547 2
0 0.635 0.265 0.00627810938 2
0 0.635 0.275 0.006109677554 2
0 0.635 0.285 0.00591396612 2
0 0.635 0.295 0.005687928444 2
0 0.635 0.305 0.005428383645 2
0 0.635 0.315 0.005132004624 2
0 0.635 0.325 0.004795290012 2
0 0.635 0.335 0.0044145635 2
0 0.635 0.345 0.003985869969 2
0 0.635 0.355 0.003505306306 2
0 0.635 0.365 0.002967660078 2
0 0.635 0.375 0.002372113065 2
0 0.635 0.385 0.001698135187 2
0 0.635 0.395 0.001009727876 2
0 0.635 0.405 0 2
0 0.635 0.415 0 2
0 0.635 0.425 0 2
0 0.635 0.435 0 2
0 0.635 0.445 0 2
0 0.635 0.455 0 2
0 0.635 0.465 0 2
0 0.645 -0.455 0 2
0 0.645 -0.445 0 2
0 0.645 -0.435 0 2
0 0.645 -0.425 0 2
0 0.645 -0.415 0 2
0 0.645 -0.405 0 2
0 0.645 -0.395 0.0009517693136 2
0 0.645 -0.385 0.001591963372 2
0 0.645 -0.375 0.002213003014 2
0 0.645 -0.365 0.00275470491 2
0 0.645 -0.355 0.003237548702 2
0 0.645 -0.345 0.003663267015 2
0 0.645 -0.335 0.004037867424 2
0 0.645 -0.325 0.004366155875 2
0 0.645 -0.315 0.004653068942 2
0 0.645 -0.305 0.004903385992 2
0 0.645 -0.295 0.005121862383 2
0 0.645 -0.285 0.005313175694 2
0 0.645 -0.275 0.005481816885 2
0 0.645 -0.265 0.005631796489 2
0 0.645 -0.255 0.005766463198 2
0 0.645 -0.245 0.005888433227 2
0 0.645 -0.235 0.00599968976 2
0 0.645 -0.225 0.00610187086 2
0 0.645 -0.215 0.006196520187 2
0 0.645 -0.205 0.006285257464 2
0 0.645 -0.195 0.006369777825 2
0 0.645 -0.185 0.006451749728 2
0 0.645 -0.175 0.00653261586 2
0 0.645 -0.165 0.00661345827 2
0 0.645 -0.155 0.006694836118 2
0 0.645 -0.145 0.006776800116 2
0 0.645 -0.135 0.006858930529 2
0 0.645 -0.125 0.006940413907 2
0 0.645 -0.115 0.007020078426 2
0 0.645 -0.105 0.007096464121 2
0 0.645 -0.095 0.007167932747 2
0 0.645 -0.085 0.007232920712 2
0 0.645 -0.075 0.007290144511 2
0 0.645 -0.065 0.007338716015 2
0 0.645 -0.055 0.007378140817 2
0 0.645 -0.045 0.007408249154 2
0 0.645 -0.035 0.007429103323 2
0 0.645 -0.025 0.007440916353 2
0 0.645 -0.015 0.0074439971 2
0 0.645 -0.005 0.007438719079 2
0 0.645 0.005 0.007425506616 2
0 0.645 0.015 0.007404802173 2
0 0.645 0.025 0.007377042899 2
0 0.645 0.035 0.007342524287 2
0 0.645 0.045 0.007301412005 2
0 0.645 0.055 0.007253886856 2
0 0.645 0.065 0.007199081235 2
0 0.645 0.075 0.007139066135 2
0 0.645 0.085 0.007076879625 2
0 0.645 0.095 0.007022783785 2
0 0.645 0.105 0.00697506011 1
0 0.645 0.115 0.006952673517 1
0 0.645 0.125 0.006937814659 1
0 0.645 0.135 0.006926226082 1
0 0.645 0.145 0.006919229002 1
0 0.645 0.155 0.006918852512 1
0 0.645 0.165 0.006944243013 2
0 0.645 0.175 0.006943334881 2
0 0.645 0.185 0.006927359962 2
0 0.645 0.195 0.006894008067 2
0 0.645 0.205 0.006847280827 2
0 0.645 0.215 0.006787563367 2
0 0.645 0.225 0.00671453579 2
0 0.645 0.235 0.006626959751 2
0 0.645 0.245 0.006523053731 2
0 0.645 0.255 0.006400633383 2
0 0.645 0.265 0.006257223533 2
0 0.645 0.275 0.006090119089 2
0 0.645 0.285 0.005896418844 2
0 0.645 0.295 0.00567303782 2
0 0.645 0.305 0.005416704313 2
0 0.645 0.315 0.005123948535 2
0 0.645 0.325 0.004791078213 2
0 0.645 0.335 0.004414184371 2
0 0.645 0.345 0.00398904347 2
0 0.645 0.355 0.003511459917 2
0 0.645 0.365 0.002975897866 2
0 0.645 0.375 0.002381251687 2
0 0.645 0.385 0.001706522894 2
0 0.645 0.395 0.001015998169 2
0 0.645 0.405 0 2
0 0.645 0.415 0 2
0 0.645 0.425 0 2
0 0.645 0.435 0 2
0 0.645 0.445 0 2
0 0.645 0.455 0 2
0 0.645 0.465 0 2
0 0.655 -0.455 0 2
0 0.655 -0.445 0 2
0 0.655 -0.435 0 2
0 0.655 -0.425 0 2
0 0.655 -0.415 0 2
0 0.655 -0.405 0 2
0 0.655 -0.395 0.0009556011243 2
0 0.655 -0.385 0.001595929956 2
0 0.655 -0.375 0.00221549597 2
0 0.655 -0.365 0.002754010733 2
0 0.655 -0.355 0.00323244371 2
0 0.655 -0.345 0.00365291824 2
0 0.655 -0.335 0.004021874752 2
0 0.655 -0.325 0.004344511324 2
0 0.655 -0.315 0.004626069424 2
0 0.655 -0.305 0.004871479499 2
0 0.655 -0.295 0.005085435189 2
0 0.655 -0.285 0.005272340444 2
0 0.655 -0.275 0.005436262842 2
0 0.655 -0.265 0.005580835625 2
0 0.655 -0.255 0.005709216137 2
0 0.655 -0.245 0.005824109887 2
0 0.655 -0.235 0.005927874411 2
0 0.655 -0.225 0.006022681075 2
0 0.655 -0.215 0.006110635813 2
0 0.655 -0.205 0.006193815071 2
0 0.655 -0.195 0.006274188014 2
0 0.655 -0.185 0.006353468497 2
0 0.655 -0.175 0.006432947024 2
0 0.655 -0.165 0.006513385101 2
0 0.655 -0.155 0.006594965647 2
0 0.655 -0.145 0.006677355548 2
0 0.655 -0.135 0.006759802296 2
0 0.655 -0.125 0.006841243981 2
0 0.655 -0.115 0.006920394326 2
0 0.655 -0.105 0.006995833028 2
0 0.655 -0.095 0.007066111608 2
0 0.655 -0.085 0.007129904581 2
0 0.655 -0.075 0.007186137802 2
0 0.655 -0.065 0.007234065272 2
0 0.655 -0.055 0.007273277769 2
0 0.655 -0.045 0.007303662112 2
0 0.655 -0.035 0.007325334577 2
0 0.655 -0.025 0.007338570266 2
0 0.655 -0.015 0.007343740306 2
0 0.655 -0.005 0.007341255078 2
0 0.655 0.005 0.007331510789 2
0 0.655 0.015 0.007314798259 2
0 0.655 0.025 0.007291236396 2
0 0.655 0.035 0.007260466089 2
0 0.655 0.045 0.00722191724 2
0 0.655 0.055 0.007174569241 2
0 0.655 0.065 0.007116551478 2
0 0.655 0.075 0.007050847161 2
0 0.655 0.085 0.006979331902 2
0 0.655 0.095 0.006920261205 1
0 0.655 0.105 0.006894040626 1
0 0.655 0.115 0.006877298887 1
0 0.655 0.125 0.00686732263 1
0 0.655 0.135 0.006859505983 1
0 0.655 0.145 0.006854913777 1
0 0.655 0.155 0.00685584666 1
0 0.655 0.165 0.006884044777 2
0 0.655 0.175 0.006884964603 2
0 0.655 0.185 0.006868821748 2
0 0.655 0.195 0.006834426472 2
0 0.655 0.205 0.006786679685 2
0 0.655 0.215 0.006726280837 2
0 0.655 0.225 0.006652953889 2
0 0.655 0.235 0.006565550165 2
0 0.655 0.245 0.006462372333 2
0 0.655 0.255 0.006341326222 2
0 0.655 0.265 0.006200012153 2
0 0.655 0.275 0.006035776289 2
0 0.655 0.285 0.005845734458 2
0 0.655 0.295 0.005626777405 2
0 0.655 0.305 0.005375562498 2
0 0.655 0.315 0.005088499829 2
0 0.655 0.325 0.004761727563 2
0 0.655 0.335 0.004391119868 2
0 0.655 0.345 0.003972192005 2
0 0.655 0.355 0.00350045093 2
0 0.655 0.365 0.002970025653 2
0 0.655 0.375 0.002379482093 2
0 0.655 0.385 0.001707384282 2
0 0.655 0.395 0.001017991169 2
0 0.655 0.405 0 2
0 0.655 0.415 0 2
0 0.655 0.425 0 2
0 0.655 0.435 0 2
0 0.655 0.445 0 2
0 0.655 0.455 0 2
0 0.655 0.465 0 2
0 0.665 -0.455 0 2
0 0.665 -0.445 0 2
0 0.665 -0.435 0 2
0 0.665 -0.425 0 2
0 0.665 -0.415 0 2
0 0.665 -0.405 0 2
0 0.665 -0.395 0.0009550386646 2
0 0.665 -0.385 0.001592051218 2
0 0.665 -0.375 0.002206462189 2
0 0.665 -0.365 0.002738216762 2
0 0.665 -0.355 0.00320876114 2
0 0.665 -0.345 0.003620676204 2
0 0.665 -0.335 0.003980870031 2
0 0.665 -0.325 0.004294955273 2
0 0.665 -0.315 0.004568480698 2
0 0.665 -0.305 0.004806518033 2
0 0.665 -0.295 0.005013699805 2
0 0.665 -0.285 0.005194179969 2
0 0.665 -0.275 0.005351656795 2
0 0.665 -0.265 0.005489407024 2
0 0.665 -0.255 0.005610365322 2
0 0.665 -0.245 0.005717235217 2
0 0.665 -0.235 0.005812618192 2
0 0.665 -0.225 0.005899121336 2
0 0.665 -0.215 0.005979387853 2
0 0.665 -0.205 0.006056012873 2
0 0.665 -0.195 0.006131356618 2
0 0.665 -0.185 0.006207302611 2
0 0.665 -0.175 0.006285066642 2
0 0.665 -0.165 0.006365113968 2
0 0.665 -0.155 0.006447198026 2
0 0.665 -0.145 0.006530522983 2
0 0.665 -0.135 0.006613930072 2
0 0.665 -0.125 0.006696062565 2
0 0.665 -0.115 0.006775479635 2
0 0.665 -0.105 0.006850744856 2
0 0.665 -0.095 0.006920509465 2
0 0.665 -0.085 0.006983606064 2
0 0.665 -0.075 0.007039128452 2
0 0.665 -0.065 0.007086479072 2
0 0.665 -0.055 0.007125373303 2
0 0.665 -0.045 0.007155806644 2
0 0.665 -0.035 0.007177997631 2
0 0.665 -0.025 0.007192319773 2
0 0.665 -0.015 0.007199231422 2
0 0.665 -0.005 0.007199202017 2
0 0.665 0.005 0.00719263337 2
0 0.665 0.015 0.007179731704 2
0 0.665 0.025 0.007160400111 2
0 0.665 0.035 0.007133787905 2
0 0.665 0.045 0.007098706666 2
0 0.665 0.055 0.007050730409 2
0 0.665 0.065 0.006989798882 2
0 0.665 0.075 0.006917742113 2
0 0.665 0.085 0.006838942473 1
0 0.665 0.095 0.006807280214 1
0 0.665 0.105 0.006788587456 1
0 0.665 0.115 0.006775935495 1
0 0.665 0.125 0.006768022196 1
0 0.665 0.135 0.006763872219 1
0 0.665 0.145 0.00676249862 1
0 0.665 0.155 0.006765551092 1
0 0.665 0.165 0.006789253257 2
0 0.665 0.175 0.006786572131 2
0 0.665 0.185 0.006767100783 2
0 0.665 0.195 0.006730690543 2
0 0.665 0.205 0.006681901096 2
0 0.665 0.215 0.006621341399 2
0 0.665 0.225 0.006548551929 2
0 0.665 0.235 0.00646235945 2
0 0.665 0.245 0.006361093707 2
0 0.665 0.255 0.006242721064 2
0 0.665 0.265 0.006104907807 2
0 0.665 0.275 0.00594505464 2
0 0.665 0.285 0.005760307084 2
0 0.665 0.295 0.005547550863 2
0 0.665 0.305 0.005303395925 2
0 0.665 0.315 0.005024156931 2
0 0.665 0.325 0.00470582476 2
0 0.665 0.335 0.004344072519 2
0 0.665 0.345 0.003934160475 2
0 0.665 0.355 0.003471290537 2
0 0.665 0.365 0.002949240512 2
0 0.665 0.375 0.002366198838 2
0 0.665 0.385 0.001700317671 2
0 0.665 0.395 0.001015490868 2
0 0.665 0.405 0 2
0 0.665 0.415 0 2
0 0.665 0.425 0 2
0 0.665 0.435 0 2
0 0.665 0.445 0 2
0 0.665 0.455 0 2
0 0.665 0.465 0 2
0 0.675 -0.455 0 2
0 0.675 -0.445 0 2
0 0.675 -0.435 0 2
0 0.675 -0.425 0 2
0 0.675 -0.415 0 2
0 0.675 -0.405 0 2
0 0.675 -0.395 0.0009499120406 2
0 0.675 -0.385 0.001579980853 2
0 0.675 -0.375 0.002185336091 2
0 0.675 -0.365 0.002706514626 2
0 0.675 -0.355 0.003165432877 2
0 0.675 -0.345 0.003565213921 2
0 0.675 -0.335 0.003913295535 2
0 0.675 -0.325 0.004215766139 2
0 0.675 -0.315 0.004478526256 2
0 0.675 -0.305 0.004706809029 2
0 0.675 -0.295 0.004905183087 2
0 0.675 -0.285 0.005077528964 2
0 0.675 -0.275 0.005227138479 2
0 0.675 -0.265 0.005356865566 2
0 0.675 -0.255 0.005469329107 2
0 0.675 -0.245 0.00556712148 2
0 0.675 -0.235 0.005652992414 2
0 0.675 -0.225 0.005729947455 2
0 0.675 -0.215 0.005801219026 2
0 0.675 -0.205 0.005870056491 2
0 0.675 -0.195 0.005939389739 2
0 0.675 -0.185 0.006011414285 2
0 0.675 -0.175 0.006087331381 2
0 0.675 -0.165 0.006167275917 2
0 0.675 -0.155 0.006250451792 2
0 0.675 -0.145 0.006335467075 2
0 0.675 -0.135 0.006420652551 2
0 0.675 -0.125 0.00650429698 2
0 0.675 -0.115 0.006584767488 2
0 0.675 -0.105 0.006660572485 2
0 0.675 -0.095 0.006730410533 2
0 0.675 -0.085 0.006793223878 2
0 0.675 -0.075 0.006848247292 2
0 0.675 -0.065 0.006895034521 2
0 0.675 -0.055 0.006933453377 2
0 0.675 -0.045 0.006963649558 2
0 0.675 -0.035 0.006985987796 2
0 0.675 -0.025 0.007000979351 2
0 0.675 -0.015 0.007009203786 2
0 0.675 -0.005 0.007011224734 2
0 0.675 0.005 0.007007498916 2
0 0.675 0.015 0.006998237477 2
0 0.675 0.025 0.006983267684 2
0 0.675 0.035 0.006961507004 2
0 0.675 0.045 0.00693129378 2
0 0.675 0.055 0.006885841635 2
0 0.675 0.065 0.006826304862 2
0 0.675 0.075 0.006747770225 2
0 0.675 0.085 0.006691900312 1
0 0.675 0.095 0.006667775182 1
0 0.675 0.105 0.006653376114 1
0 0.675 0.115 0.006644130587 1
0 0.675 0.125 0.006639145131 1
0 0.675 0.135 0.006639109005 1
0 0.675 0.145 0.00664154413 1
0 0.675 0.155 0.006649327868 1
0 0.675 0.165 0.006660340216 2
0 0.675 0.175 0.006647510212 2
0 0.675 0.185 0.006620249983 2
0 0.675 0.195 0.006581174766 2
0 0.675 0.205 0.006531571728 2
0 0.675 0.215 0.006471469145 2
0 0.675 0.225 0.006400073963 2
0 0.675 0.235 0.006316101326 2
0 0.675 0.245 0.006217875246 2
0 0.675 0.255 0.006103409357 2
0 0.675 0.265 0.005970437125 2
0 0.675 0.275 0.005816424796 2
0 0.675 0.285 0.005638566305 2
0 0.675 0.295 0.005433766796 2
0 0.675 0.305 0.005198616761 2
0 0.675 0.315 0.004929364017 2
0 0.675 0.325 0.004621877735 2
0 0.675 0.335 0.004271648213 2
0 0.675 0.345 0.003873687968 2
0 0.675 0.355 0.003422884774 2
0 0.675 0.365 0.002912644798 2
0 0.675 0.375 0.002340720261 2
0 0.675 0.385 0.001684869413 2
0 0.675 0.395 0.00100825356 2
0 0.675 0.405 0 2
0 0.675 0.415 0 2
0 0.675 0.425 0 2
0 0.675 0.435 0 2
0 0.675 0.445 0 2
0 0.675 0.455 0 2
0 0.675 0.465 0 2
0 0.685 -0.455 0 2
0 0.685 -0.445 0 2
0 0.685 -0.435 0 2
0 0.685 -0.425 0 2
0 0.685 -0.415 0 2
0 0.685 -0.405 0 2
0 0.685 -0.395 0.0009400289948 2
0 0.685 -0.385 0.001559326636 2
0 0.685 -0.375 0.002151481075 2
0 0.685 -0.365 0.002658002468 2
0 0.685 -0.355 0.003101275908 2
0 0.685 -0.345 0.003485069119 2
0 0.685 -0.335 0.003817442049 2
0 0.685 -0.325 0.004105065295 2
0 0.685 -0.315 0.004354283911 2
0 0.685 -0.305 0.004570540637 2
0 0.685 -0.295 0.004758328885 2
0 0.685 -0.285 0.004921180026 2
0 0.685 -0.275 0.005061860851 2
0 0.685 -0.265 0.005182651637 2
0 0.685 -0.255 0.005285696732 2
0 0.685 -0.245 0.005373333414 2
0 0.685 -0.235 0.005448368348 2
0 0.685 -0.225 0.0055142055 2
0 0.685 -0.215 0.005574795189 2
0 0.685 -0.205 0.005634276529 2
0 0.685 -0.195 0.005696440175 2
0 0.685 -0.185 0.005763983024 2
0 0.685 -0.175 0.005838140898 2
0 0.685 -0.165 0.005918614437 2
0 0.685 -0.155 0.006003821785 2
0 0.685 -0.145 0.006091557217 2
0 0.685 -0.135 0.006179504322 2
0 0.685 -0.125 0.006265547886 2
0 0.685 -0.115 0.006347851993 2
0 0.685 -0.105 0.006424856239 2
0 0.685 -0.095 0.006495278277 2
0 0.685 -0.085 0.006558138195 2
0 0.685 -0.075 0.006612793571 2
0 0.685 -0.065 0.006658953344 2
0 0.685 -0.055 0.006696663012 2
0 0.685 -0.045 0.006726257514 2
0 0.685 -0.035 0.006748292166 2
0 0.685 -0.025 0.006763458948 2
0 0.685 -0.015 0.006772497756 2
0 0.685 -0.005 0.006776104714 2
0 0.685 0.005 0.006774840138 2
0 0.685 0.015 0.006769005899 2
0 0.685 0.025 0.00675850607 2
0 0.685 0.035 0.006742338464 2
0 0.685 0.045 0.006718749562 2
0 0.685 0.055 0.006680359172 2
0 0.685 0.065 0.006629249671 2
0 0.685 0.075 0.006543051245 1
0 0.685 0.085 0.006517640367 1
0 0.685 0.095 0.006498275969 1
0 0.685 0.105 0.006487931737 1
0 0.685 0.115 0.006482118291 1
0 0.685 0.125 0.006480387087 1
0 0.685 0.135 0.006483304941 1
0 0.685 0.145 0.006487384494 1
0 0.685 0.155 0.006500300897 1
0 0.685 0.165 0.006487765008 2
0 0.685 0.175 0.006461923065 2
0 0.685 0.185 0.00642649165 2
0 0.685 0.195 0.006384648044 2
0 0.685 0.205 0.006334674368 2
0 0.685 0.215 0.006275698688 2
0 0.685 0.225 0.006206517866 2
0 0.685 0.235 0.006125697386 2
0 0.685 0.245 0.00603154396 2
0 0.685 0.255 0.005922118405 2
0 0.685 0.265 0.005795230705 2
0 0.685 0.275 0.00564842959 2
0 0.685 0.285 0.005478981152 2
0 0.685 0.295 0.005283839284 2
0 0.685 0.305 0.005059608177 2
0 0.685 0.315 0.004802502976 2
0 0.685 0.325 0.004508302579 2
0 0.685 0.335 0.004172338192 2
0 0.685 0.345 0.003789385803 2
0 0.685 0.355 0.003354010615 2
0 0.685 0.365 0.002859223114 2
0 0.685 0.375 0.002302269255 2
0 0.685 0.385 0.001660520854 2
0 0.685 0.395 0.0009960012893 2
0 0.685 0.405 0 2
0 0.685 0.415 0 2
0 0.685 0.425 0 2
0 0.685 0.435 0 2
0 0.685 0.445 0 2
0 0.685 0.455 0 2
0 0.685 0.465 0 2
0 0.695 -0.455 0 2
0 0.695 -0.445 0 2
0 0.695 -0.435 0 2
0 0.695 -0.425 0 2
0 0.695 -0.415 0 2
0 0.695 -0.405 0 2
0 0.695 -0.395 0.0009251685312 2
0 0.695 -0.385 0.001529641539 2
0 0.695 -0.375 0.002104182234 2
0 0.695 -0.365 0.002591681991 2
0 0.695 -0.355 0.003014989544 2
0 0.695 -0.345 0.003378630334 2
0 0.695 -0.335 0.003691410097 2
0 0.695 -0.325 0.003960745912 2
0 0.695 -0.315 0.004193590196 2
0 0.695 -0.305 0.004395682236 2
0 0.695 -0.295 0.004571421221 2
0 0.695 -0.285 0.004723847804 2
0 0.695 -0.275 0.004854997962 2
0 0.695 -0.265 0.004966332736 2
0 0.695 -0.255 0.00505928464 2
0 0.695 -0.245 0.005135731055 2
0 0.695 -0.235 0.005198415365 2
0 0.695 -0.225 0.00525114832 2
0 0.695 -0.215 0.005298813639 2
0 0.695 -0.205 0.005346823687 2
0 0.695 -0.195 0.005400344749 2
0 0.695 -0.185 0.005462846158 2
0 0.695 -0.175 0.005535643394 2
0 0.695 -0.165 0.005617804125 2
0 0.695 -0.155 0.005706496156 2
0 0.695 -0.145 0.005798340799 2
0 0.695 -0.135 0.005890205992 2
0 0.695 -0.125 0.005979576899 2
0 0.695 -0.115 0.006064470249 2
0 0.695 -0.105 0.006143282102 2
0 0.695 -0.095 0.006214735813 2
0 0.695 -0.085 0.006277898338 2
0 0.695 -0.075 0.006332232556 2
0 0.695 -0.065 0.006377608924 2
0 0.695 -0.055 0.006414280104 2
0 0.695 -0.045 0.006442814063 2
0 0.695 -0.035 0.006464007171 2
0 0.695 -0.025 0.006478781815 2
0 0.695 -0.015 0.006488082666 2
0 0.695 -0.005 0.006492775195 2
0 0.695 0.005 0.006493559952 2
0 0.695 0.015 0.006490887453 2
0 0.695 0.025 0.006484865428 2
0 0.695 0.035 0.006474936898 2
0 0.695 0.045 0.006459848287 2
0 0.695 0.055 0.006433356763 2
0 0.695 0.065 0.006396478555 2
0 0.695 0.075 0.006331331312 1
0 0.695 0.085 0.006310229633 1
0 0.695 0.095 0.006296895273 1
0 0.695 0.105 0.00629127574 1
0 0.695 0.115 0.0062897918 1
0 0.695 0.125 0.006291938088 1
0 0.695 0.135 0.006298289648 1
0 0.695 0.145 0.006304411297 1
0 0.695 0.155 0.006306961454 2
0 0.695 0.165 0.006266367513 2
0 0.695 0.175 0.006226222203 2
0 0.695 0.185 0.006184228776 2
0 0.695 0.195 0.006140283647 2
0 0.695 0.205 0.006090542429 2
0 0.695 0.215 0.006033352096 2
0 0.695 0.225 0.005967118186 2
0 0.695 0.235 0.005890266866 2
0 0.695 0.245 0.005801092545 2
0 0.695 0.255 0.005697712544 2
0 0.695 0.265 0.005578027872 2
0 0.695 0.275 0.005439690636 2
0 0.695 0.285 0.005280066689 2
0 0.695 0.295 0.005096192615 2
0 0.695 0.305 0.004884725318 2
0 0.695 0.315 0.004641888858 2
0 0.695 0.325 0.004363412083 2
0 0.695 0.335 0.004044500155 2
0 0.695 0.345 0.003679712045 2
0 0.695 0.355 0.003263286381 2
0 0.695 0.365 0.002787812574 2
0 0.695 0.375 0.002249947749 2
0 0.695 0.385 0.001626670903 2
0 0.695 0.395 0.000978413237 2
0 0.695 0.405 0 2
0 0.695 0.415 0 2
0 0.695 0.425 0 2
0 0.695 0.435 0 2
0 0.695 0.445 0 2
0 0.695 0.455 0 2
0 0.695 0.465 0 2
0 0.705 -0.455 0 2
0 0.705 -0.445 0 2
0 0.705 -0.435 0 2
0 0.705 -0.425 0 2
0 0.705 -0.415 0 2
0 0.705 -0.405 0 2
0 0.705 -0.395 0.0009050588557 2
0 0.705 -0.385 0.00149039427 2
0 0.705 -0.375 0.002042622226 2
0 0.705 -0.365 0.00250645313 2
0 0.705 -0.355 0.002905171526 2
0 0.705 -0.345 0.003244161705 2
0 0.705 -0.335 0.003533121047 2
0 0.705 -0.325 0.003780454218 2
0 0.705 -0.315 0.003994001594 2
0 0.705 -0.305 0.004179947772 2
0 0.705 -0.295 0.004342575734 2
0 0.705 -0.285 0.004484193258 2
0 0.705 -0.275 0.004605795687 2
0 0.705 -0.265 0.004707667634 2
0 0.705 -0.255 0.004790215905 2
0 0.705 -0.245 0.004854600031 2
0 0.705 -0.235 0.00490334783 2
0 0.705 -0.225 0.004940653427 2
0 0.705 -0.215 0.004972600936 2
0 0.705 -0.205 0.00500639109 2
0 0.705 -0.195 0.005049455045 2
0 0.705 -0.185 0.005106343136 2
0 0.705 -0.175 0.005178496045 2
0 0.705 -0.165 0.005264095053 2
0 0.705 -0.155 0.005358203703 2
0 0.705 -0.145 0.005455760104 2
0 0.705 -0.135 0.005552696905 2
0 0.705 -0.125 0.005646245662 2
0 0.705 -0.115 0.005734427522 2
0 0.705 -0.105 0.005815623709 2
0 0.705 -0.095 0.005888527995 2
0 0.705 -0.085 0.005952197392 2
0 0.705 -0.075 0.00600617733 2
0 0.705 -0.065 0.006050511491 2
0 0.705 -0.055 0.00608570168 2
0 0.705 -0.045 0.00611260462 2
0 0.705 -0.035 0.006132320286 2
0 0.705 -0.025 0.006146062875 2
0 0.705 -0.015 0.006155036471 2
0 0.705 -0.005 0.006160312943 2
0 0.705 0.005 0.006162752886 2
0 0.705 0.015 0.006162967807 2
0 0.705 0.025 0.006161325046 2
0 0.705 0.035 0.006157942137 2
0 0.705 0.045 0.006152582776 2
0 0.705 0.055 0.006143003344 2
0 0.705 0.065 0.006127504543 2
0 0.705 0.075 0.006089791617 1
0 0.705 0.085 0.006073995568 1
0 0.705 0.095 0.006065508585 1
0 0.705 0.105 0.00606293185 1
0 0.705 0.115 0.006067065184 1
0 0.705 0.125 0.006072094303 1
0 0.705 0.135 0.006081586418 1
0 0.705 0.145 0.006082116346 1
0 0.705 0.155 0.006041886681 2
0 0.705 0.165 0.005987765497 2
0 0.705 0.175 0.005938202378 2
0 0.705 0.185 0.005892449776 2
0 0.705 0.195 0.005847527142 2
0 0.705 0.205 0.005798730613 2
0 0.705 0.215 0.005743939493 2
0 0.705 0.225 0.005681277745 2
0 0.705 0.235 0.005609079982 2
0 0.705 0.245 0.005525648605 2
0 0.705 0.255 0.00542917367 2
0 0.705 0.265 0.005317665143 2
0 0.705 0.275 0.005188901912 2
0 0.705 0.285 0.005040380071 2
0 0.705 0.295 0.004869257082 2
0 0.705 0.305 0.004672287976 2
0 0.705 0.315 0.004445756462 2
0 0.705 0.325 0.004185393665 2
0 0.705 0.335 0.003886326012 2
0 0.705 0.345 0.003542929533 2
0 0.705 0.355 0.003149123067 2
0 0.705 0.365 0.002697053066 2
0 0.705 0.375 0.002182692847 2
0 0.705 0.385 0.00158260472 2
0 0.705 0.395 0.0009551090307 2
0 0.705 0.405 0 2
0 0.705 0.415 0 2
0 0.705 0.425 0 2
0 0.705 0.435 0 2
0 0.705 0.445 0 2
0 0.705 0.455 0 2
0 0.705 0.465 0 2
0 0.715 -0.455 0 2
0 0.715 -0.445 0 2
0 0.715 -0.435 0 2
0 0.715 -0.425 0 2
0 0.715 -0.415 0 2
0 0.715 -0.405 0 2
0 0.715 -0.395 0.0008793439673 2
0 0.715 -0.385 0.001440924852 2
0 0.715 -0.375 0.001965843735 2
0 0.715 -0.365 0.002401096967 2
0 0.715 -0.355 0.002770312654 2
0 0.715 -0.345 0.003079773831 2
0 0.715 -0.335 0.003340218714 2
0 0.715 -0.325 0.003561397342 2
0 0.715 -0.315 0.003752553067 2
0 0.715 -0.305 0.003920567542 2
0 0.715 -0.295 0.004069597285 2
0 0.715 -0.285 0.004200772306 2
0 0.715 -0.275 0.004313599213 2
0 0.715 -0.265 0.00440667577 2
0 0.715 -0.255 0.004479013413 2
0 0.715 -0.245 0.004530697161 2
0 0.715 -0.235 0.00456374291 2
0 0.715 -0.225 0.00458247537 2
0 0.715 -0.215 0.004594490594 2
0 0.715 -0.205 0.004609515469 2
0 0.715 -0.195 0.004639386416 2
0 0.715 -0.185 0.00469006035 2
0 0.715 -0.175 0.004763181264 2
0 0.715 -0.165 0.004855767832 2
0 0.715 -0.155 0.004958621199 2
0 0.715 -0.145 0.005064108383 2
0 0.715 -0.135 0.005167241146 2
0 0.715 -0.125 0.005265591344 2
0 0.715 -0.115 0.005357639051 2
0 0.715 -0.105 0.005441791532 2
0 0.715 -0.095 0.005516581106 2
0 0.715 -0.085 0.005580926409 2
0 0.715 -0.075 0.005634430428 2
0 0.715 -0.065 0.00567734 2
0 0.715 -0.055 0.005710471279 2
0 0.715 -0.045 0.00573504071 2
0 0.715 -0.035 0.005752529025 2
0 0.715 -0.025 0.005764519773 2
0 0.715 -0.015 0.00577255121 2
0 0.715 -0.005 0.005777946486 2
0 0.715 0.005 0.005781733095 2
0 0.715 0.015 0.005784642807 2
0 0.715 0.025 0.005787239766 2
0 0.715 0.035 0.005790256369 2
0 0.715 0.045 0.00579463632 2
0 0.715 0.055 0.005804253332 2
0 0.715 0.065 0.005814974059 2
0 0.715 0.075 0.005814483781 1
0 0.715 0.085 0.005803054617 1
0 0.715 0.095 0.00580033669 1
0 0.715 0.105 0.0058034607 1
0 0.715 0.115 0.005819369112 1
0 0.715 0.125 0.005821428925 1
0 0.715 0.135 0.00582144092 1
0 0.715 0.145 0.005783034076 2
0 0.715 0.155 0.005709333226 2
0 0.715 0.165 0.005648252277 2
0 0.715 0.175 0.005596078719 2
0 0.715 0.185 0.005550679175 2
0 0.715 0.195 0.00550600695 2
0 0.715 0.205 0.005458926417 2
0 0.715 0.215 0.0054070967 2
0 0.715 0.225 0.005348534002 2
0 0.715 0.235 0.005281547996 2
0 0.715 0.245 0.005204482929 2
0 0.715 0.255 0.005115623116 2
0 0.715 0.265 0.005013108017 2
0 0.715 0.275 0.004894868278 2
0 0.715 0.285 0.004758562699 2
0 0.715 0.295 0.004601511358 2
0 0.715 0.305 0.004420619193 2
0 0.715 0.315 0.004212290656 2
0 0.715 0.325 0.003972326747 2
0 0.715 0.335 0.003695842499 2
0 0.715 0.345 0.003377088215 2
0 0.715 0.355 0.00300969062 2
0 0.715 0.365 0.002585344438 2
0 0.715 0.375 0.002099234986 2
0 0.715 0.385 0.001527463721 2
0 0.715 0.395 0.0009256345639 2
0 0.715 0.405 0 2
0 0.715 0.415 0 2
0 0.715 0.425 0 2
0 0.715 0.435 0 2
0 0.715 0.445 0 2
0 0.715 0.455 0 2
0 0.715 0.465 0 2
0 0.725 -0.455 0 2
0 0.725 -0.445 0 2
0 0.725 -0.435 0 2
0 0.725 -0.425 0 2
0 0.725 -0.415 0 2
0 0.725 -0.405 0 2
0 0.725 -0.395 0.0008474874564 2
0 0.725 -0.385 0.001380303756 2
0 0.725 -0.375 0.001872605032 2
0 0.725 -0.365 0.002274201532 2
0 0.725 -0.355 0.002608867593 2
0 0.725 -0.345 0.002883670118 2
0 0.725 -0.335 0.003110435787 2
0 0.725 -0.325 0.003300731395 2
0 0.725 -0.315 0.003466152835 2
0 0.725 -0.305 0.003614658017 2
0 0.725 -0.295 0.003750322376 2
0 0.725 -0.285 0.00387224355 2
0 0.725 -0.275 0.003977920885 2
0 0.725 -0.265 0.004063590881 2
0 0.725 -0.255 0.00412639815 2
0 0.725 -0.245 0.004165037357 2
0 0.725 -0.235 0.004180876839 2
0 0.725 -0.225 0.004178381503 2
0 0.725 -0.215 0.004166879866 2
0 0.725 -0.205 0.004158956453 2
0 0.725 -0.195 0.004173977017 2
0 0.725 -0.185 0.004217885368 2
0 0.725 -0.175 0.004292595316 2
0 0.725 -0.165 0.004395330139 2
0 0.725 -0.155 0.00450945817 2
0 0.725 -0.145 0.004623951124 2
0 0.725 -0.135 0.004733580394 2
0 0.725 -0.125 0.00483699328 2
0 0.725 -0.115 0.004933612234 2
0 0.725 -0.105 0.005021509001 2
0 0.725 -0.095 0.005098810218 2
0 0.725 -0.085 0.005164039445 2
0 0.725 -0.075 0.005216862791 2
0 0.725 -0.065 0.005257817997 2
0 0.725 -0.055 0.005288149409 2
0 0.725 -0.045 0.005309521012 2
0 0.725 -0.035 0.005323884848 2
0 0.725 -0.025 0.005333290385 2
0 0.725 -0.015 0.005339724746 2
0 0.725 -0.005 0.005344828737 2
0 0.725 0.005 0.005349804472 2
0 0.725 0.015 0.005355419156 2
0 0.725 0.025 0.00536225513 2
0 0.725 0.035 0.00537133067 2
0 0.725 0.045 0.005384438862 2
0 0.725 0.055 0.005409435233 2
0 0.725 0.065 0.005445499074 2
0 0.725 0.075 0.005499849975 1
0 0.725 0.085 0.00550292825 1
0 0.725 0.095 0.005510606308 1
0 0.725 0.105 0.005512503361 1
0 0.725 0.115 0.005526280099 1
0 0.725 0.125 0.005511459271 1
0 0.725 0.135 0.005469419879 2
0 0.725 0.145 0.005396501055 2
0 0.725 0.155 0.00531940597 2
0 0.725 0.165 0.005255714296 2
0 0.725 0.175 0.005203330208 2
0 0.725 0.185 0.005158631691 2
0 0.725 0.195 0.005115393236 2
0 0.725 0.205 0.005070777745 2
0 0.725 0.215 0.005022421943 2
0 0.725 0.225 0.004968410078 2
0 0.725 0.235 0.004907092094 2
0 0.725 0.245 0.0048368945 2
0 0.725 0.255 0.00475622088 2
0 0.725 0.265 0.004663362509 2
0 0.725 0.275 0.00455642743 2
0 0.725 0.285 0.004433270362 2
0 0.725 0.295 0.00429141791 2
0 0.725 0.305 0.00412798194 2
0 0.725 0.315 0.003939558999 2
0 0.725 0.325 0.003722105031 2
0 0.725 0.335 0.003470817045 2
0 0.725 0.345 0.003179911213 2
0 0.725 0.355 0.00284278634 2
0 0.725 0.365 0.002450707513 2
0 0.725 0.375 0.001997968478 2
0 0.725 0.385 0.001460146626 2
0 0.725 0.395 0.000889404275 2
0 0.725 0.405 0 2
0 0.725 0.415 0 2
0 0.725 0.425 0 2
0 0.725 0.435 0 2
0 0.725 0.445 0 2
0 0.725 0.455 0 2
0 0.725 0.465 0 2
0 0.735 -0.455 0 2
0 0.735 -0.445 0 2
0 0.735 -0.435 0 2
0 0.735 -0.425 0 2
0 0.735 -0.415 0 2
0 0.735 -0.405 0 2
0 0.735 -0.395 0.0008087271489 2
0 0.735 -0.385 0.001307266392 2
0 0.735 -0.375 0.001761349012 2
0 0.735 -0.365 0.002124208985 2
0 0.735 -0.355 0.002419306546 2
0 0.735 -0.345 0.002653936273 2
0 0.735 -0.335 0.002840778846 2
0 0.735 -0.325 0.002993930398 2
0 0.735 -0.315 0.003129620754 2
0 0.735 -0.305 0.003257432258 2
0 0.735 -0.295 0.003381652367 2
0 0.735 -0.285 0.003497124884 2
0 0.735 -0.275 0.003598793081 2
0 0.735 -0.265 0.003679321806 2
0 0.735 -0.255 0.003733692642 2
0 0.735 -0.245 0.003759195846 2
0 0.735 -0.235 0.003756967674 2
0 0.735 -0.225 0.003728772302 2
0 0.735 -0.215 0.003683930435 2
0 0.735 -0.205 0.0036345098 2
0 0.735 -0.195 0.003627903032 2
0 0.735 -0.185 0.003664227298 2
0 0.735 -0.175 0.003746209839 2
0 0.735 -0.165 0.003877433549 2
0 0.735 -0.155 0.004012803229 2
0 0.735 -0.145 0.004138438908 2
0 0.735 -0.135 0.004252672416 2
0 0.735 -0.125 0.004360340328 2
0 0.735 -0.115 0.004462422623 2
0 0.735 -0.105 0.004555214817 2
0 0.735 -0.095 0.004635812277 2
0 0.735 -0.085 0.004702026469 2
0 0.735 -0.075 0.00475375578 2
0 0.735 -0.065 0.004792016145 2
0 0.735 -0.055 0.00481863063 2
0 0.735 -0.045 0.004835773952 2
0 0.735 -0.035 0.004845949976 2
0 0.735 -0.025 0.004851781475 2
0 0.735 -0.015 0.004855895035 2
0 0.735 -0.005 0.004860347394 2
0 0.735 0.005 0.004866540583 2
0 0.735 0.015 0.004875156588 2
0 0.735 0.025 0.004886548719 2
0 0.735 0.035 0.004901510037 2
0 0.735 0.045 0.004921904095 2
0 0.735 0.055 0.004957233283 2
0 0.735 0.065 0.005009449025 2
0 0.735 0.075 0.00509093065 2
0 0.735 0.085 0.005136800914 1
0 0.735 0.095 0.005154313253 1
0 0.735 0.105 0.005152680968 1
0 0.735 0.115 0.005128164375 2
0 0.735 0.125 0.005091657429 2
0 0.735 0.135 0.005015519067 2
0 0.735 0.145 0.004935475096 2
0 0.735 0.155 0.004864797129 2
0 0.735 0.165 0.004806870353 2
0 0.735 0.175 0.004759154612 2
0 0.735 0.185 0.004716462059 2
0 0.735 0.195 0.004675662453 2
0 0.735 0.205 0.004634167621 2
0 0.735 0.215 0.004589769685 2
0 0.735 0.225 0.004540712082 2
0 0.735 0.235 0.004485445056 2
0 0.735 0.245 0.00442251715 2
0 0.735 0.255 0.004350477484 2
0 0.735 0.265 0.004267791782 2
0 0.735 0.275 0.004172770259 2
0 0.735 0.285 0.004063495458 2
0 0.735 0.295 0.003937743892 2
0 0.735 0.305 0.003792893501 2
0 0.735 0.315 0.003625811725 2
0 0.735 0.325 0.00343271103 2
0 0.735 0.335 0.003208993098 2
0 0.735 0.345 0.002948977131 2
0 0.735 0.355 0.002645955223 2
0 0.735 0.365 0.002290845951 2
0 0.735 0.375 0.001876972742 2
0 0.735 0.385 0.001379320185 2
0 0.735 0.395 0.0008457178442 2
0 0.735 0.405 0 2
0 0.735 0.415 0 2
0 0.735 0.425 0 2
0 0.735 0.435 0 2
0 0.735 0.445 0 2
0 0.735 0.455 0 2
0 0.735 0.465 0 2
0 0.745 -0.455 0 2
0 0.745 -0.445 0 2
0 0.745 -0.435 0 2
0 0.745 -0.425 0 2
0 0.745 -0.415 0 2
0 0.745 -0.405 0 2
0 0.745 -0.395 0.0007617068388 2
0 0.745 -0.385 0.001219623753 2
0 0.745 -0.375 0.001629397612 2
0 0.745 -0.365 0.001948556263 2
0 0.745 -0.355 0.002199660679 2
0 0.745 -0.345 0.002389500401 2
0 0.745 -0.335 0.002530599268 2
0 0.745 -0.325 0.002640124391 2
0 0.745 -0.315 0.002742329373 2
0 0.745 -0.305 0.002848154218 2
0 0.745 -0.295 0.002963244137 2
0 0.745 -0.285 0.003074519004 2
0 0.745 -0.275 0.003175616529 2
0 0.745 -0.265 0.003253893805 2
0 0.745 -0.255 0.0033016582 2
0 0.745 -0.245 0.003314248196 2
0 0.745 -0.235 0.003289490768 2
0 0.745 -0.225 0.003234110401 2
0 0.745 -0.215 0.003158504679 2
0 0.745 -0.205 0.003088504716 2
0 0.745 -0.195 0.003080364059 2
0 0.745 -0.185 0.003109707237 2
0 0.745 -0.175 0.003178908879 2
0 0.745 -0.165 0.003315650378 2
0 0.745 -0.155 0.003468179258 2
0 0.745 -0.145 0.003600450793 2
0 0.745 -0.135 0.003719711079 2
0 0.745 -0.125 0.00383073128 2
0 0.745 -0.115 0.003941248467 2
0 0.745 -0.105 0.004041870941 2
0 0.745 -0.095 0.004127444983 2
0 0.745 -0.085 0.004194772084 2
0 0.745 -0.075 0.004244730213 2
0 0.745 -0.065 0.004279290774 2
0 0.745 -0.055 0.004301095429 2
0 0.745 -0.045 0.004312778044 2
0 0.745 -0.035 0.004317431909 2
0 0.745 -0.025 0.004318361871 2
0 0.745 -0.015 0.004319218143 2
0 0.745 -0.005 0.004322617747 2
0 0.745 0.005 0.004330236083 2
0 0.745 0.015 0.004342488194 2
0 0.745 0.025 0.004359181292 2
0 0.745 0.035 0.004380157255 2
0 0.745 0.045 0.00440665828 2
0 0.745 0.055 0.004446611604 2
0 0.745 0.065 0.004503837603 2
0 0.745 0.075 0.004581280328 2
0 0.745 0.085 0.004653847488 2
0 0.745 0.095 0.004677540562 2
0 0.745 0.105 0.004670303627 2
0 0.745 0.115 0.004616573031 2
0 0.745 0.125 0.004563113944 2
0 0.745 0.135 0.004486548043 2
0 0.745 0.145 0.004417353943 2
0 0.745 0.155 0.004356722214 2
0 0.745 0.165 0.004306621863 2
0 0.745 0.175 0.004262856288 2
0 0.745 0.185 0.004223454745 2
0 0.745 0.195 0.004185989044 2
0 0.745 0.205 0.004148230653 2
0 0.745 0.215 0.004108283303 2
0 0.745 0.225 0.004064573787 2
0 0.745 0.235 0.004015708044 2
0 0.745 0.245 0.003960392254 2
0 0.745 0.255 0.003897346699 2
0 0.745 0.265 0.00382523273 2
0 0.745 0.275 0.003742584771 2
0 0.745 0.285 0.003647741204 2
0 0.745 0.295 0.003538767689 2
0 0.745 0.305 0.003413364686 2
0 0.745 0.315 0.00326875105 2
0 0.745 0.325 0.00310150858 2
0 0.745 0.335 0.002907393973 2
0 0.745 0.345 0.002681022419 2
0 0.745 0.355 0.002415785948 2
0 0.745 0.365 0.002102454019 2
0 0.745 0.375 0.001733376019 2
0 0.745 0.385 0.001282914655 2
0 0.745 0.395 0.0007934412553 2
0 0.745 0.405 0 2
0 0.745 0.415 0 2
0 0.745 0.425 0 2
0 0.745 0.435 0 2
0 0.745 0.445 0 2
0 0.745 0.455 0 2
0 0.745 0.465 0 2
0 0.755 -0.455 0 2
0 0.755 -0.445 0 2
0 0.755 -0.435 0 2
0 0.755 -0.425 0 2
0 0.755 -0.415 0 2
0 0.755 -0.405 0 2
0 0.755 -0.395 0.0007049385619 2
0 0.755 -0.385 0.001114909088 2
0 0.755 -0.375 0.001473910984 2
0 0.755 -0.365 0.001745147829 2
0 0.755 -0.355 0.001949571635 2
0 0.755 -0.345 0.002090568982 2
0 0.755 -0.335 0.002175653591 2
0 0.755 -0.325 0.00222242541 2
0 0.755 -0.315 0.002282757798 2
0 0.755 -0.305 0.002367704697 2
0 0.755 -0.295 0.002490550549 2
0 0.755 -0.285 0.002606051023 2
0 0.755 -0.275 0.002712977687 2
0 0.755 -0.265 0.002791715754 2
0 0.755 -0.255 0.002834935211 2
0 0.755 -0.245 0.002831171562 2
0 0.755 -0.235 0.002780760684 2
0 0.755 -0.225 0.002698723666 2
0 0.755 -0.215 0.002614070839 2
0 0.755 -0.205 0.002552384533 1
0 0.755 -0.195 0.002554208608 1
0 0.755 -0.185 0.002577150597 1
0 0.755 -0.175 0.002626836501 1
0 0.755 -0.165 0.002744551309 2
0 0.755 -0.155 0.002902910509 2
0 0.755 -0.145 0.003024809456 2
0 0.755 -0.135 0.003139365936 2
0 0.755 -0.125 0.003252580716 2
0 0.755 -0.115 0.003375771277 2
0 0.755 -0.105 0.003486489952 2
0 0.755 -0.095 0.003577436844 2
0 0.755 -0.085 0.003644717987 2
0 0.755 -0.075 0.003691532487 2
0 0.755 -0.065 0.003721176839 2
0 0.755 -0.055 0.003737101795 2
0 0.755 -0.045 0.003742115779 2
0 0.755 -0.035 0.003739832601 2
0 0.755 -0.025 0.003734231295 2
0 0.755 -0.015 0.003730778178 2
0 0.755 -0.005 0.003732714249 2
0 0.755 0.005 0.003742104998 2
0 0.755 0.015 0.003758836905 2
0 0.755 0.025 0.003781884364 2
0 0.755 0.035 0.003808833555 2
0 0.755 0.045 0.00383993828 2
0 0.755 0.055 0.003877608012 2
0 0.755 0.065 0.00392768946 2
0 0.755 0.075 0.003989375923 2
0 0.755 0.085 0.004054246291 2
0 0.755 0.095 0.004078409779 2
0 0.755 0.105 0.004065437085 2
0 0.755 0.115 0.004010802212 2
0 0.755 0.125 0.003957004597 2
0 0.755 0.135 0.003899581538 2
0 0.755 0.145 0.003846904556 2
0 0.755 0.155 0.003797756725 2
0 0.755 0.165 0.003754368223 2
0 0.755 0.175 0.003715971977 2
0 0.755 0.185 0.00368107929 2
0 0.755 0.195 0.003647815141 2
0 0.755 0.205 0.003614444936 2
0 0.755 0.215 0.003579441052 2
0 0.755 0.225 0.003541463884 2
0 0.755 0.235 0.003499319205 2
0 0.755 0.245 0.003451899994 2
0 0.755 0.255 0.00339811961 2
0 0.755 0.265 0.003336851783 2
0 0.755 0.275 0.00326687127 2
0 0.755 0.285 0.003186792409 2
0 0.755 0.295 0.003094999487 2
0 0.755 0.305 0.002989561193 2
0 0.755 0.315 0.002868118873 2
0 0.755 0.325 0.00272773305 2
0 0.755 0.335 0.00256467749 2
0 0.755 0.345 0.002374101587 2
0 0.755 0.355 0.002149796636 2
0 0.755 0.365 0.001882749387 2
0 0.755 0.375 0.001564497215 2
0 0.755 0.385 0.001168921173 2
0 0.755 0.395 0.0007315186511 2
0 0.755 0.405 0 2
0 0.755 0.415 0 2
0 0.755 0.425 0 2
0 0.755 0.435 0 2
0 0.755 0.445 0 2
0 0.755 0.455 0 2
0 0.755 0.465 0 2
0 0.765 -0.455 0 2
0 0.765 -0.445 0 2
0 0.765 -0.435 0 2
0 0.765 -0.425 0 2
0 0.765 -0.415 0 2
0 0.765 -0.405 0 2
0 0.765 -0.395 0.0006345341378 2
0 0.765 -0.385 0.0009868062207 2
0 0.765 -0.375 0.001287140899 2
0 0.765 -0.365 0.001506403442 2
0 0.765 -0.355 0.001661014732 2
0 0.765 -0.345 0.001751937659 2
0 0.765 -0.335 0.00177815152 2
0 0.765 -0.325 0.001776152917 2
0 0.765 -0.315 0.001806301126 2
0 0.765 -0.305 0.001863635713 2
0 0.765 -0.295 0.001972007879 2
0 0.765 -0.285 0.002075440383 2
0 0.765 -0.275 0.002197851737 2
0 0.765 -0.265 0.002289107023 2
0 0.765 -0.255 0.002329881576 2
0 0.765 -0.245 0.002307856393 2
0 0.765 -0.235 0.002229302637 2
0 0.765 -0.225 0.002140998224 2
0 0.765 -0.215 0.002074915929 1
0 0.765 -0.205 0.002089781059 1
0 0.765 -0.195 0.002100955562 1
0 0.765 -0.185 0.002118609824 1
0 0.765 -0.175 0.002144487182 1
0 0.765 -0.165 0.002166694872 1
0 0.765 -0.155 0.002292418849 2
0 0.765 -0.145 0.0023739981 2
0 0.765 -0.135 0.002470756391 2
0 0.765 -0.125 0.002590995919 2
0 0.765 -0.115 0.002751450209 2
0 0.765 -0.105 0.002883333519 2
0 0.765 -0.095 0.002982344543 2
0 0.765 -0.085 0.003046752125 2
0 0.765 -0.075 0.003088503387 2
0 0.765 -0.065 0.003112168971 2
0 0.765 -0.055 0.003121364017 2
0 0.765 -0.045 0.003118267626 2
0 0.765 -0.035 0.003106832279 2
0 0.765 -0.025 0.0030913417 2
0 0.765 -0.015 0.003081480084 2
0 0.765 -0.005 0.003080977929 2
0 0.765 0.005 0.003092726108 2
0 0.765 0.015 0.00311559983 2
0 0.765 0.025 0.003147684611 2
0 0.765 0.035 0.003181181533 2
0 0.765 0.045 0.00321521409 2
0 0.765 0.055 0.003250656916 2
0 0.765 0.065 0.003289674485 2
0 0.765 0.075 0.003329988721 2
0 0.765 0.085 0.003364583733 2
0 0.765 0.095 0.003378993321 2
0 0.765 0.105 0.003371679223 2
0 0.765 0.115 0.003342726546 2
0 0.765 0.125 0.003305224999 2
0 0.765 0.135 0.003262401664 2
0 0.765 0.145 0.003220370702 2
0 0.765 0.155 0.003180936943 2
0 0.765 0.165 0.003145436388 2
0 0.765 0.175 0.003113408133 2
0 0.765 0.185 0.003083911658 2
0 0.765 0.195 0.003055650968 2
0 0.765 0.205 0.00302736619 2
0 0.765 0.215 0.002997865651 2
0 0.765 0.225 0.002966080328 2
0 0.765 0.235 0.002931045708 2
0 0.765 0.245 0.002891864337 2
0 0.765 0.255 0.002847659601 2
0 0.765 0.265 0.002797529404 2
0 0.765 0.275 0.00274049867 2
0 0.765 0.285 0.002675469144 2
0 0.765 0.295 0.002601161503 2
0 0.765 0.305 0.00251604328 2
0 0.765 0.315 0.002418231686 2
0 0.765 0.325 0.002305357819 2
0 0.765 0.335 0.002174366416 2
0 0.765 0.345 0.002021199478 2
0 0.765 0.355 0.0018404326 2
0 0.765 0.365 0.00162393591 2
0 0.765 0.375 0.00136296836 2
0 0.765 0.385 0.001031572972 2
0 0.765 0.395 0.0006565138831 2
0 0.765 0.405 0 2
0 0.765 0.415 0 2
0 0.765 0.425 0 2
0 0.765 0.435 0 2
0 0.765 0.445 0 2
0 0.765 0.455 0 2
0 0.765 0.465 0 2
0 0.775 -0.455 0 2
0 0.775 -0.445 0 2
0 0.775 -0.435 0 2
0 0.775 -0.425 0 2
0 0.775 -0.415 0 2
0 0.775 -0.405 0 2
0 0.775 -0.395 0.0005500342455 2
0 0.775 -0.385 0.0008347652689 2
0 0.775 -0.375 0.001069423765 2
0 0.775 -0.365 0.001234490933 2
0 0.775 -0.355 0.001342935882 2
0 0.775 -0.345 0.001393184048 2
0 0.775 -0.335 0.001365966178 2
0 0.775 -0.325 0.00133490461 1
0 0.775 -0.315 0.001346993066 1
0 0.775 -0.305 0.001381067787 1
0 0.775 -0.295 0.001465216443 2
0 0.775 -0.285 0.001538270251 2
0 0.775 -0.275 0.001658774992 2
0 0.775 -0.265 0.001761227864 2
0 0.775 -0.255 0.001807072776 2
0 0.775 -0.245 0.001780398167 2
0 0.775 -0.235 0.001679766694 2
0 0.775 -0.225 0.001607431711 1
0 0.775 -0.215 0.001620957503 1
0 0.775 -0.205 0.001649111452 1
0 0.775 -0.195 0.001668853027 1
0 0.775 -0.185 0.001682147019 1
0 0.775 -0.175 0.001687852509 1
0 0.775 -0.165 0.001681195424 1
0 0.775 -0.155 0.001710586146 2
0 0.775 -0.145 0.001751126845 2
0 0.775 -0.135 0.001823063595 2
0 0.775 -0.125 0.001932563117 2
0 0.775 -0.115 0.002121895086 2
0 0.775 -0.105 0.00226046426 2
0 0.775 -0.095 0.002358090659 2
0 0.775 -0.085 0.002416283524 2
0 0.775 -0.075 0.002450658437 2
0 0.775 -0.065 0.002467347818 2
0 0.775 -0.055 0.002469673578 2
0 0.775 -0.045 0.002458202707 2
0 0.775 -0.035 0.002437355839 2
0 0.775 -0.025 0.002409583148 2
0 0.775 -0.015 0.002393432546 2
0 0.775 -0.005 0.00239062724 2
0 0.775 0.005 0.002404902816 2
0 0.775 0.015 0.002434142059 2
0 0.775 0.025 0.002477909425 2
0 0.775 0.035 0.002517063794 2
0 0.775 0.045 0.002551351257 2
0 0.775 0.055 0.002581211856 2
0 0.775 0.065 0.002610249823 2
0 0.775 0.075 0.002637539867 2
0 0.775 0.085 0.002659196426 2
0 0.775 0.095 0.002668042942 2
0 0.775 0.105 0.002662343509 2
0 0.775 0.115 0.002642817366 2
0 0.775 0.125 0.002615865936 2
0 0.775 0.135 0.002585018814 2
0 0.775 0.145 0.002554055895 2
0 0.775 0.155 0.002524513828 2
0 0.775 0.165 0.002497248339 2
0 0.775 0.175 0.002472132132 2
0 0.775 0.185 0.002448663941 2
0 0.775 0.195 0.002426030386 2
0 0.775 0.205 0.002403352641 2
0 0.775 0.215 0.002379772795 2
0 0.775 0.225 0.002354502035 2
0 0.775 0.235 0.002326816441 2
0 0.775 0.245 0.002296037677 2
0 0.775 0.255 0.002261503794 2
0 0.775 0.265 0.002222536816 2
0 0.775 0.275 0.002178408346 2
0 0.775 0.285 0.002128302423 2
0 0.775 0.295 0.002071272132 2
0 0.775 0.305 0.002006185214 2
0 0.775 0.315 0.001931648861 2
0 0.775 0.325 0.001845904521 2
0 0.775 0.335 0.001746658372 2
0 0.775 0.345 0.001630830392 2
0 0.775 0.355 0.001494131683 2
0 0.775 0.365 0.001330052539 2
0 0.775 0.375 0.00113042477 2
0 0.775 0.385 0.0008711040148 2
0 0.775 0.395 0.0005683995058 2
0 0.775 0.405 0 2
0 0.775 0.415 0 2
0 0.775 0.425 0 2
0 0.775 0.435 0 2
0 0.775 0.445 0 2
0 0.775 0.455 0 2
0 0.775 0.465 0 2
0 0.785 -0.455 0 2
0 0.785 -0.445 0 2
0 0.785 -0.435 0 2
0 0.785 -0.425 0 2
0 0.785 -0.415 0 2
0 0.785 -0.405 0 2
0 0.785 -0.395 0.0004332079031 2
0 0.785 -0.385 0.0006306114928 2
0 0.785 -0.375 0.0007871801766 2
0 0.785 -0.365 0.0008954091814 2
0 0.785 -0.355 0.0009615463779 2
0 0.785 -0.345 0.0009833167921 2
0 0.785 -0.335 0.0009188932223 1
0 0.785 -0.325 0.0009224008208 1
0 0.785 -0.315 0.000924924185 1
0 0.785 -0.305 0.0009410394125 1
0 0.785 -0.295 0.0009500716225 1
0 0.785 -0.285 0.0009907957344 1
0 0.785 -0.275 0.001088065441 2
0 0.785 -0.265 0.001179008534 2
0 0.785 -0.255 0.001228785419 2
0 0.785 -0.245 0.001197922141 2
0 0.785 -0.235 0.001105804435 1
0 0.785 -0.225 0.001110705051 1
0 0.785 -0.215 0.00113305869 1
0 0.785 -0.205 0.001153377753 1
0 0.785 -0.195 0.001167612409 1
0 0.785 -0.185 0.001177028608 1
0 0.785 -0.175 0.001177923176 1
0 0.785 -0.165 0.001166107209 1
0 0.785 -0.155 0.001125435128 1
0 0.785 -0.145 0.001133001626 1
0 0.785 -0.135 0.001171940143 1
0 0.785 -0.125 0.001249829172 1
0 0.785 -0.115 0.001428333564 2
0 0.785 -0.105 0.001562824332 2
0 0.785 -0.095 0.001651470499 2
0 0.785 -0.085 0.001702022099 2
0 0.785 -0.075 0.001726241331 2
0 0.785 -0.065 0.001736685956 2
0 0.785 -0.055 0.001735687782 2
0 0.785 -0.045 0.001715976357 2
0 0.785 -0.035 0.00168005837 2
0 0.785 -0.025 0.001618882101 2
0 0.785 -0.015 0.001589577944 2
0 0.785 -0.005 0.001581050361 2
0 0.785 0.005 0.001598729189 2
0 0.785 0.015 0.001638867572 2
0 0.785 0.025 0.001714585703 2
0 0.785 0.035 0.001764257621 2
0 0.785 0.045 0.00179765766 2
0 0.785 0.055 0.001818148573 2
0 0.785 0.065 0.001836293209 2
0 0.785 0.075 0.001852073714 2
0 0.785 0.085 0.00186374151 2
0 0.785 0.095 0.001868229191 2
0 0.785 0.105 0.001864460445 2
0 0.785 0.115 0.0018529009 2
0 0.785 0.125 0.001836287308 2
0 0.785 0.135 0.001816821314 2
0 0.785 0.145 0.001796652759 2
0 0.785 0.155 0.001776966176 2
0 0.785 0.165 0.001758407629 2
0 0.785 0.175 0.001741022921 2
0 0.785 0.185 0.001724547945 2
0 0.785 0.195 0.001708514804 2
0 0.785 0.205 0.001692392768 2
0 0.785 0.215 0.001675644592 2
0 0.785 0.225 0.001657762346 2
0 0.785 0.235 0.001638271288 2
0 0.785 0.245 0.001616722288 2
0 0.785 0.255 0.001592675643 2
0 0.785 0.265 0.001565681826 2
0 0.785 0.275 0.001535260248 2
0 0.785 0.285 0.001500875836 2
0 0.785 0.295 0.001461911389 2
0 0.785 0.305 0.001417633035 2
0 0.785 0.315 0.001367141426 2
0 0.785 0.325 0.001309305324 2
0 0.785 0.335 0.001242643976 2
0 0.785 0.345 0.001165175684 2
0 0.785 0.355 0.001074050665 2
0 0.785 0.365 0.0009650280713 2
0 0.785 0.375 0.0008318401272 2
0 0.785 0.385 0.0006581806325 2
0 0.785 0.395 0.0004482066232 2
0 0.785 0.405 0 2
0 0.785 0.415 0 2
0 0.785 0.425 0 2
0 0.785 0.435 0 2
0 0.785 0.445 0 2
0 0.785 0.455 0 2
0 0.785 0.465 0 2
0 0.795 -0.455 0 2
0 0.795 -0.445 0 2
0 0.795 -0.435 0 2
0 0.795 -0.425 0 2
0 0.795 -0.415 0 2
0 0.795 -0.405 0 2
0 0.795 -0.395 0.0003083864625 2
0 0.795 -0.385 0.0004235383055 2
0 0.795 -0.375 0.0005112495084 2
0 0.795 -0.365 0.0005719808401 2
0 0.795 -0.355 0.000607837782 2
0 0.795 -0.345 0.0006184506474 2
0 0.795 -0.335 0.000573897784 1
0 0.795 -0.325 0.0005757992111 1
0 0.795 -0.315 0.0005760556838 1
0 0.795 -0.305 0.0005802194981 1
0 0.795 -0.295 0.0005766324986 1
0 0.795 -0.285 0.000591000027 1
0 0.795 -0.275 0.0006083394887 1
0 0.795 -0.265 0.0006825805399 2
0 0.795 -0.255 0.0007405822944 2
0 0.795 -0.245 0.0007034938593 2
0 0.795 -0.235 0.0006751484916 1
0 0.795 -0.225 0.0006849111389 1
0 0.795 -0.215 0.0006987303975 1
0 0.795 -0.205 0.0007107454144 1
0 0.795 -0.195 0.0007187192123 1
0 0.795 -0.185 0.0007240405768 1
0 0.795 -0.175 0.0007214954147 1
0 0.795 -0.165 0.000709327386 1
0 0.795 -0.155 0.0006835417586 1
0 0.795 -0.145 0.0006822512427 1
0 0.795 -0.135 0.0007008757817 1
0 0.795 -0.125 0.0007444104132 1
0 0.795 -0.115 0.0008313841989 2
0 0.795 -0.105 0.0009528016376 2
0 0.795 -0.095 0.001018632345 2
0 0.795 -0.085 0.001054930408 2
0 0.795 -0.075 0.001070202514 2
0 0.795 -0.065 0.001072681075 2
0 0.795 -0.055 0.001061755224 2
0 0.795 -0.045 0.001028871628 2
0 0.795 -0.035 0.0009958500391 2
0 0.795 -0.025 0.0009274187245 2
0 0.795 -0.015 0.000909021779 2
0 0.795 -0.005 0.0009042683513 2
0 0.795 0.005 0.0009178910665 2
0 0.795 0.015 0.0009516718325 2
0 0.795 0.025 0.001047510813 2
0 0.795 0.035 0.001090484089 2
0 0.795 0.045 0.001115260528 2
0 0.795 0.055 0.001127021577 2
0 0.795 0.065 0.001136635 2
0 0.795 0.075 0.001144539815 2
0 0.795 0.085 0.001150018883 2
0 0.795 0.095 0.001151845873 2
0 0.795 0.105 0.001149507349 2
0 0.795 0.115 0.001143230762 2
0 0.795 0.125 0.001134151329 2
0 0.795 0.135 0.001123379592 2
0 0.795 0.145 0.001111981798 2
0 0.795 0.155 0.001100621978 2
0 0.795 0.165 0.001089668716 2
0 0.795 0.175 0.001079192153 2
0 0.795 0.185 0.001069088526 2
0 0.795 0.195 0.001059138383 2
0 0.795 0.205 0.00104907345 2
0 0.795 0.215 0.001038609292 2
0 0.795 0.225 0.001027467533 2
0 0.795 0.235 0.001015381643 2
0 0.795 0.245 0.001002095194 2
0 0.795 0.255 0.0009873548795 2
0 0.795 0.265 0.0009709012499 2
0 0.795 0.275 0.0009524578429 2
0 0.795 0.285 0.0009317188593 2
0 0.795 0.295 0.0009083343763 2
0 0.795 0.305 0.0008818920464 2
0 0.795 0.315 0.000851890692 2
0 0.795 0.325 0.000817706474 2
0 0.795 0.335 0.0007785260371 2
0 0.795 0.345 0.0007332795106 2
0 0.795 0.355 0.0006803956071 2
0 0.795 0.365 0.0006176499895 2
0 0.795 0.375 0.0005412186225 2
0 0.795 0.385 0.0004430706027 2
0 0.795 0.395 0.0003200956251 2
0 0.795 0.405 0 2
0 0.795 0.415 0 2
0 0.795 0.425 0 2
0 0.795 0.435 0 2
0 0.795 0.445 0 2
0 0.795 0.455 0 2
0 0.795 0.465 0 2
0 0.805 -0.455 0 2
0 0.805 -0.445 0 2
0 0.805 -0.435 0 2
0 0.805 -0.425 0 2
0 0.805 -0.415 0 2
0 0.805 -0.405 0 2
0 0.805 -0.395 0 2
0 0.805 -0.385 0 2
0 0.805 -0.375 0 2
0 0.805 -0.365 0 2
0 0.805 -0.355 0 2
0 0.805 -0.345 0 2
0 0.805 -0.335 0 1
0 0.805 -0.325 0 1
0 0.805 -0.315 0 1
0 0.805 -0.305 0 1
0 0.805 -0.295 0 1
0 0.805 -0.285 0 1
0 0.805 -0.275 0 1
0 0.805 -0.265 0 1
0 0.805 -0.255 0 2
0 0.805 -0.245 0 1
0 0.805 -0.235 0 1
0 0.805 -0.225 0 1
0 0.805 -0.215 0 1
0 0.805 -0.205 0 1
0 0.805 -0.195 0 1
0 0.805 -0.185 0 1
0 0.805 -0.175 0 1
0 0.805 -0.165 0 1
0 0.805 -0.155 0 1
0 0.805 -0.145 0 1
0 0.805 -0.135 0 1
0 0.805 -0.125 0 1
0 0.805 -0.115 0 1
0 0.805 -0.105 0 2
0 0.805 -0.095 0 2
0 0.805 -0.085 0 2
0 0.805 -0.075 0 2
0 0.805 -0.065 0 2
0 0.805 -0.055 0 2
0 0.805 -0.045 0 2
0 0.805 -0.035 0 2
0 0.805 -0.025 0 1
0 0.805 -0.015 0 1
0 0.805 -0.005 0 1
0 0.805 0.005 0 1
0 0.805 0.015 0 1
0 0.805 0.025 0 2
0 0.805 0.035 0 2
0 0.805 0.045 0 2
0 0.805 0.055 0 2
0 0.805 0.065 0 2
0 0.805 0.075 0 2
0 0.805 0.085 0 2
0 0.805 0.095 0 2
0 0.805 0.105 0 2
0 0.805 0.115 0 2
0 0.805 0.125 0 2
0 0.805 0.135 0 2
0 0.805 0.145 0 2
0 0.805 0.155 0 2
0 0.805 0.165 0 2
0 0.805 0.175 0 2
0 0.805 0.185 0 2
0 0.805 0.195 0 2
0 0.805 0.205 0 2
0 0.805 0.215 0 2
0 0.805 0.225 0 2
0 0.805 0.235 0 2
0 0.805 0.245 0 2
0 0.805 0.255 0 2
0 0.805 0.265 0 2
0 0.805 0.275 0 2
0 0.805 0.285 0 2
0 0.805 0.295 0 2
0 0.805 0.305 0 2
0 0.805 0.315 0 2
0 0.805 0.325 0 2
0 0.805 0.335 0 2
0 0.805 0.345 0 2
0 0.805 0.355 0 2
0 0.805 0.365 0 2
0 0.805 0.375 0 2
0 0.805 0.385 0 2
0 0.805 0.395 0 2
0 0.805 0.405 0 2
0 0.805 0.415 0 2
0 0.805 0.425 0 2
0 0.805 0.435 0 2
0 0.805 0.445 0 2
0 0.805 0.455 0 2
0 0.805 0.465 0 2
0 0.815 -0.455 0 2
0 0.815 -0.445 0 2
0 0.815 -0.435 0 2
0 0.815 -0.425 0 2
0 0.815 -0.415 0 2
0 0.815 -0.405 0 2
0 0.815 -0.395 0 2
0 0.815 -0.385 0 2
0 0.815 -0.375 0 2
0 0.815 -0.365 0 2
0 0.815 -0.355 0 2
0 0.815 -0.345 0 2
0 0.815 -0.335 0 1
0 0.815 -0.325 0 1
0 0.815 -0.315 0 1
0 0.815 -0.305 0 1
0 0.815 -0.295 0 1
0 0.815 -0.285 0 1
0 0.815 -0.275 0 1
0 0.815 -0.265 0 1
0 0.815 -0.255 0 2
0 0.815 -0.245 0 1
0 0.815 -0.235 0 1
0 0.815 -0.225 0 1
0 0.815 -0.215 0 1
0 0.815 -0.205 0 1
0 0.815 -0.195 0 1
0 0.815 -0.185 0 1
0 0.815 -0.175 0 1
0 0.815 -0.165 0 1
0 0.815 -0.155 0 1
0 0.815 -0.145 0 1
0 0.815 -0.135 0 1
0 0.815 -0.125 0 1
0 0.815 -0.115 0 1
0 0.815 -0.105 0 2
0 0.815 -0.095 0 2
0 0.815 -0.085 0 2
0 0.815 -0.075 0 2
0 0.815 -0.065 0 2
0 0.815 -0.055 0 2
0 0.815 -0.045 0 1
0 0.815 -0.035 0 1
0 0.815 -0.025 0 1
0 0.815 -0.015 0 1
0 0.815 -0.005 0 1
0 0.815 0.005 0 1
0 0.815 0.015 0 1
0 0.815 0.025 0 2
0 0.815 0.035 0 2
0 0.815 0.045 0 2
0 0.815 0.055 0 2
0 0.815 0.065 0 2
0 0.815 0.075 0 2
0 0.815 0.085 0 2
0 0.815 0.095 0 2
0 0.815 0.105 0 2
0 0.815 0.115 0 2
0 0.815 0.125 0 2
0 0.815 0.135 0 2
0 0.815 0.145 0 2
0 0.815 0.155 0 2
0 0.815 0.165 0 2
0 0.815 0.175 0 2
0 0.815 0.185 0 2
0 0.815 0.195 0 2
0 0.815 0.205 0 2
0 0.815 0.215 0 2
0 0.815 0.225 0 2
0 0.815 0.235 0 2
0 0.815 0.245 0 2
0 0.815 0.255 0 2
0 0.815 0.265 0 2
0 0.815 0.275 0 2
0 0.815 0.285 0 2
0 0.815 0.295 0 2
0 0.815 0.305 0 2
0 0.815 0.315 0 2
0 0.815 0.325 0 2
0 0.815 0.335 0 2
0 0.815 0.345 0 2
0 0.815 0.355 0 2
0 0.815 0.365 0 2
0 0.815 0.375 0 2
0 0.815 0.385 0 2
0 0.815 0.395 0 2
0 0.815 0.405 0 2
0 0.815 0.415 0 2
0 0.815 0.425 0 2
0 0.815 0.435 0 2
0 0.815 0.445 0 2
0 0.815 0.455 0 2
0 0.815 0.465 0 2
0 0.825 -0.455 0 2
0 0.825 -0.445 0 2
0 0.825 -0.435 0 2
0 0.825 -0.425 0 2
0 0.825 -0.415 0 2
0 0.825 -0.405 0 2
0 0.825 -0.395 0 2
0 0.825 -0.385 0 2
0 0.825 -0.375 0 2
0 0.825 -0.365 0 2
0 0.825 -0.355 0 2
0 0.825 -0.345 0 2
0 0.825 -0.335 0 1
0 0.825 -0.325 0 1
0 0.825 -0.315 0 1
0 0.825 -0.305 0 1
0 0.825 -0.295 0 1
0 0.825 -0.285 0 1
0 0.825 -0.275 0 1
0 0.825 -0.265 0 1
0 0.825 -0.255 0 1
0 0.825 -0.245 0 1
0 0.825 -0.235 0 1
0 0.825 -0.225 0 1
0 0.825 -0.215 0 1
0 0.825 -0.205 0 1
0 0.825 -0.195 0 1
0 0.825 -0.185 0 1
0 0.825 -0.175 0 1
0 0.825 -0.165 0 1
0 0.825 -0.155 0 1
0 0.825 -0.145 0 1
0 0.825 -0.135 0 1
0 0.825 -0.125 0 1
0 0.825 -0.115 0 1
0 0.825 -0.105 0 2
0 0.825 -0.095 0 2
0 0.825 -0.085 0 2
0 0.825 -0.075 0 2
0 0.825 -0.065 0 2
0 0.825 -0.055 0 1
0 0.825 -0.045 0 1
0 0.825 -0.035 0 1
0 0.825 -0.025 0 1
0 0.825 -0.015 0 1
0 0.825 -0.005 0 1
0 0.825 0.005 0 1
0 0.825 0.015 0 1
0 0.825 0.025 0 1
0 0.825 0.035 0 2
0 0.825 0.045 0 2
0 0.825 0.055 0 2
0 0.825 0.065 0 2
0 0.825 0.075 0 2
0 0.825 0.085 0 2
0 0.825 0.095 0 2
0 0.825 0.105 0 2
0 0.825 0.115 0 2
0 0.825 0.125 0 2
0 0.825 0.135 0 2
0 0.825 0.145 0 2
0 0.825 0.155 0 2
0 0.825 0.165 0 2
0 0.825 0.175 0 2
0 0.825 0.185 0 2
0 0.825 0.195 0 2
0 0.825 0.205 0 2
0 0.825 0.215 0 2
0 0.825 0.225 0 2
0 0.825 0.235 0 2
0 0.825 0.245 0 2
0 0.825 0.255 0 2
0 0.825 0.265 0 2
0 0.825 0.275 0 2
0 0.825 0.285 0 2
0 0.825 0.295 0 2
0 0.825 0.305 0 2
0 0.825 0.315 0 2
0 0.825 0.325 0 2
0 0.825 0.335 0 2
0 0.825 0.345 0 2
0 0.825 0.355 0 2
0 0.825 0.365 0 2
0 0.825 0.375 0 2
0 0.825 0.385 0 2
0 0.825 0.395 0 2
0 0.825 0.405 0 2
0 0.825 0.415 0 2
0 0.825 0.425 0 2
0 0.825 0.435 0 2
0 0.825 0.445 0 2
0 0.825 0.455 0 2
0 0.825 0.465 0 2
0 0.835 -0.455 0 2
0 0.835 -0.445 0 2
0 0.835 -0.435 0 2
0 0.835 -0.425 0 2
0 0.835 -0.415 0 2
0 0.835 -0.405 0 2
0 0.835 -0.395 0 2
0 0.835 -0.385 0 2
0 0.835 -0.375 0 2
0 0.835 -0.365 0 2
0 0.835 -0.355 0 2
0 0.835 -0.345 0 2
0 0.835 -0.335 0 2
0 0.835 -0.325 0 1
0 0.835 -0.315 0 1
0 0.835 -0.305 0 1
0 0.835 -0.295 0 1
0 0.835 -0.285 0 1
0 0.835 -0.275 0 1
0 0.835 -0.265 0 1
0 0.835 -0.255 0 1
0 0.835 -0.245 0 1
0 0.835 -0.235 0 1
0 0.835 -0.225 0 1
0 0.835 -0.215 0 1
0 0.835 -0.205 0 1
0 0.835 -0.195 0 1
0 0.835 -0.185 0 1
0 0.835 -0.175 0 1
0 0.835 -0.165 0 1
0 0.835 -0.155 0 1
0 0.835 -0.145 0 1
0 0.835 -0.135 0 1
0 0.835 -0.125 0 1
0 0.835 -0.115 0 2
0 0.835 -0.105 0 2
0 0.835 -0.095 0 2
0 0.835 -0.085 0 2
0 0.835 -0.075 0 2
0 0.835 -0.065 0 2
0 0.835 -0.055 0 1
0 0.835 -0.045 0 1
0 0.835 -0.035 0 1
0 0.835 -0.025 0 1
0 0.835 -0.015 0 1
0 0.835 -0.005 0 1
0 0.835 0.005 0 1
0 0.835 0.015 0 1
0 0.835 0.025 0 2
0 0.835 0.035 0 2
0 0.835 0.045 0 2
0 0.835 0.055 0 2
0 0.835 0.065 0 2
0 0.835 0.075 0 2
0 0.835 0.085 0 2
0 0.835 0.095 0 2
0 0.835 0.105 0 2
0 0.835 0.115 0 2
0 0.835 0.125 0 2
0 0.835 0.135 0 2
0 0.835 0.145 0 2
0 0.835 0.155 0 2
0 0.835 0.165 0 2
0 0.835 0.175 0 2
0 0.835 0.185 0 2
0 0.835 0.195 0 2
0 0.835 0.205 0 2
0 0.835 0.215 0 2
0 0.835 0.225 0 2
0 0.835 0.235 0 2
0 0.835 0.245 0 2
0 0.835 0.255 0 2
0 0.835 0.265 0 2
0 0.835 0.275 0 2
0 0.835 0.285 0 2
0 0.835 0.295 0 2
0 0.835 0.305 0 2
0 0.835 0.315 0 2
0 0.835 0.325 0 2
0 0.835 0.335 0 2
0 0.835 0.345 0 2
0 0.835 0.355 0 2
0 0.835 0.365 0 2
0 0.835 0.375 0 2
0 0.835 0.385 0 2
0 0.835 0.395 0 2
0 0.835 0.405 0 2
0 0.835 0.415 0 2
0 0.835 0.425 0 2
0 0.835 0.435 0 2
0 0.835 0.445 0 2
0 0.835 0.455 0 2
0 0.835 0.465 0 2
0 0.845 -0.455 0 2
0 0.845 -0.445 0 2
0 0.845 -0.435 0 2
0 0.845 -0.425 0 2
0 0.845 -0.415 0 2
0 0.845 -0.405 0 2
0 0.845 -0.395 0 2
0 0.845 -0.385 0 2
0 0.845 -0.375 0 2
0 0.845 -0.365 0 2
0 0.845 -0.355 0 2
0 0.845 -0.345 0 2
0 0.845 -0.335 0 2
0 0.845 -0.325 0 1
0 0.845 -0.315 0 1
0 0.845 -0.305 0 1
0 0.845 -0.295 0 1
0 0.845 -0.285 0 1
0 0.845 -0.275 0 1
0 0.845 -0.265 0 1
0 0.845 -0.255 0 1
0 0.845 -0.245 0 1
0 0.845 -0.235 0 1
0 0.845 -0.225 0 1
0 0.845 -0.215 0 1
0 0.845 -0.205 0 1
0 0.845 -0.195 0 1
0 0.845 -0.185 0 1
0 0.845 -0.175 0 1
0 0.845 -0.165 0 1
0 0.845 -0.155 0 1
0 0.845 -0.145 0 1
0 0.845 -0.135 0 1
0 0.845 -0.125 0 1
0 0.845 -0.115 0 2
0 0.845 -0.105 0 2
0 0.845 -0.095 0 2
0 0.845 -0.085 0 2
0 0.845 -0.075 0 2
0 0.845 -0.065 0 1
0 0.845 -0.055 0 1
0 0.845 -0.045 0 1
0 0.845 -0.035 0 1
0 0.845 -0.025 0 1
0 0.845 -0.015 0 1
0 0.845 -0.005 0 1
0 0.845 0.005 0 1
0 0.845 0.015 0 1
0 0.845 0.025 0 2
0 0.845 0.035 0 2
0 0.845 0.045 0 2
0 0.845 0.055 0 2
0 0.845 0.065 0 2
0 0.845 0.075 0 2
0 0.845 0.085 0 2
0 0.845 0.095 0 2
0 0.845 0.105 0 2
0 0.845 0.115 0 2
0 0.845 0.125 0 2
0 0.845 0.135 0 2
0 0.845 0.145 0 2
0 0.845 0.155 0 2
0 0.845 0.165 0 2
0 0.845 0.175 0 2
0 0.845 0.185 0 2
0 0.845 0.195 0 2
0 0.845 0.205 0 2
0 0.845 0.215 0 2
0 0.845 0.225 0 2
0 0.845 0.235 0 2
0 0.845 0.245 0 2
0 0.845 0.255 0 2
0 0.845 0.265 0 2
0 0.845 0.275 0 2
0 0.845 0.285 0 2
0 0.845 0.295 0 2
0 0.845 0.305 0 2
0 0.845 0.315 0 2
0 0.845 0.325 0 2
0 0.845 0.335 0 2
0 0.845 0.345 0 2
0 0.845 0.355 0 2
0 0.845 0.365 0 2
0 0.845 0.375 0 2
0 0.845 0.385 0 2
0 0.845 0.395 0 2
0 0.845 0.405 0 2
0 0.845 0.415 0 2
0 0.845 0.425 0 2
0 0.845 0.435 0 2
0 0.845 0.445 0 2
0 0.845 0.455 0 2
0 0.845 0.465 0 2
0 0.855 -0.455 0 2
0 0.855 -0.445 0 2
0 0.855 -0.435 0 2
0 0.855 -0.425 0 2
0 0.855 -0.415 0 2
0 0.855 -0.405 0 2
0 0.855 -0.395 0 2
0 0.855 -0.385 0 2
0 0.855 -0.375 0 2
0 0.855 -0.365 0 2
0 0.855 -0.355 0 2
0 0.855 -0.345 0 2
0 0.855 -0.335 0 2
0 0.855 -0.325 0 2
0 0.855 -0.315 0 1
0 0.855 -0.305 0 1
0 0.855 -0.295 0 1
0 0.855 -0.285 0 1
0 0.855 -0.275 0 1
0 0.855 -0.265 0 1
0 0.855 -0.255 0 1
0 0.855 -0.245 0 2
0 0.855 -0.235 0 1
0 0.855 -0.225 0 1
0 0.855 -0.215 0 1
0 0.855 -0.205 0 1
0 0.855 -0.195 0 1
0 0.855 -0.185 0 1
0 0.855 -0.175 0 1
0 0.855 -0.165 0 1
0 0.855 -0.155 0 1
0 0.855 -0.145 0 1
0 0.855 -0.135 0 1
0 0.855 -0.125 0 1
0 0.855 -0.115 0 2
0 0.855 -0.105 0 2
0 0.855 -0.095 0 2
0 0.855 -0.085 0 2
0 0.855 -0.075 0 2
0 0.855 -0.065 0 1
0 0.855 -0.055 0 1
0 0.855 -0.045 0 1
0 0.855 -0.035 0 1
0 0.855 -0.025 0 1
0 0.855 -0.015 0 1
0 0.855 -0.005 0 1
0 0.855 0.005 0 1
0 0.855 0.015 0 1
0 0.855 0.025 0 2
0 0.855 0.035 0 2
0 0.855 0.045 0 2
0 0.855 0.055 0 2
0 0.855 0.065 0 2
0 0.855 0.075 0 2
0 0.855 0.085 0 2
0 0.855 0.095 0 2
0 0.855 0.105 0 2
0 0.855 0.115 0 2
0 0.855 0.125 0 2
0 0.855 0.135 0 2
0 0.855 0.145 0 2
0 0.855 0.155 0 2
0 0.855 0.165 0 2
0 0.855 0.175 0 2
0 0.855 0.185 0 2
0 0.855 0.195 0 2
0 0.855 0.205 0 2
0 0.855 0.215 0 2
0 0.855 0.225 0 2
0 0.855 0.235 0 2
0 0.855 0.245 0 2
0 0.855 0.255 0 2
0 0.855 0.265 0 2
0 0.855 0.275 0 2
0 0.855 0.285 0 2
0 0.855 0.295 0 2
0 0.855 0.305 0 2
0 0.855 0.315 0 2
0 0.855 0.325 0 2
0 0.855 0.335 0 2
0 0.855 0.345 0 2
0 0.855 0.355 0 2
0 0.855 0.365 0 2
0 0.855 0.375 0 2
0 0.855 0.385 0 2
0 0.855 0.395 0 2
0 0.855 0.405 0 2
0 0.855 0.415 0 2
0 0.855 0.425 0 2
0 0.855 0.435 0 2
0 0.855 0.445 0 2
0 0.855 0.455 0 2
0 0.855 0.465 0 2
0 0.865 -0.455 0 2
0 0.865 -0.445 0 2
0 0.865 -0.435 0 2
0 0.865 -0.425 0 2
0 0.865 -0.415 0 2
0 0.865 -0.405 0 2
0 0.865 -0.395 0 2
0 0.865 -0.385 0 2
0 0.865 -0.375 0 2
0 0.865 -0.365 0 2
0 0.865 -0.355 0 2
0 0.865 -0.345 0 2
0 0.865 -0.335 0 2
0 0.865 -0.325 0 2
0 0.865 -0.315 0 2
0 0.865 -0.305 0 1
0 0.865 -0.295 0 1
0 0.865 -0.285 0 1
0 0.865 -0.275 0 1
0 0.865 -0.265 0 1
0 0.865 -0.255 0 1
0 0.865 -0.245 0 2
0 0.865 -0.235 0 2
0 0.865 -0.225 0 2
0 0.865 -0.215 0 2
0 0.865 -0.205 0 2
0 0.865 -0.195 0 1
0 0.865 -0.185 0 1
0 0.865 -0.175 0 1
0 0.865 -0.165 0 1
0 0.865 -0.155 0 1
0 0.865 -0.145 0 1
0 0.865 -0.135 0 1
0 0.865 -0.125 0 2
0 0.865 -0.115 0 2
0 0.865 -0.105 0 2
0 0.865 -0.095 0 2
0 0.865 -0.085 0 2
0 0.865 -0.075 0 1
0 0.865 -0.065 0 1
0 0.865 -0.055 0 1
0 0.865 -0.045 0 1
0 0.865 -0.035 0 1
0 0.865 -0.025 0 1
0 0.865 -0.015 0 1
0 0.865 -0.005 0 1
0 0.865 0.005 0 1
0 0.865 0.015 0 1
0 0.865 0.025 0 2
0 0.865 0.035 0 2
0 0.865 0.045 0 2
0 0.865 0.055 0 2
0 0.865 0.065 0 2
0 0.865 0.075 0 2
0 0.865 0.085 0 2
0 0.865 0.095 0 2
0 0.865 0.105 0 2
0 0.865 0.115 0 2
0 0.865 0.125 0 2
0 0.865 0.135 0 2
0 0.865 0.145 0 2
0 0.865 0.155 0 2
0 0.865 0.165 0 2
0 0.865 0.175 0 2
0 0.865 0.185 0 2
0 0.865 0.195 0 2
0 0.865 0.205 0 2
0 0.865 0.215 0 2
0 0.865 0.225 0 2
0 0.865 0.235 0 2
0 0.865 0.245 0 2
0 0.865 0.255 0 2
0 0.865 0.265 0 2
0 0.865 0.275 0 2
0 0.865 0.285 0 2
0 0.865 0.295 0 2
0 0.865 0.305 0 2
0 0.865 0.315 0 2
0 0.865 0.325 0 2
0 0.865 0.335 0 2
0 0.865 0.345 0 2
0 0.865 0.355 0 2
0 0.865 0.365 0 2
0 0.865 0.375 0 2
0 0.865 0.385 0 2
0 0.865 0.395 0 2
0 0.865 0.405 0 2
0 0.865 0.415 0 2
0 0.865 0.425 0 2
0 0.865 0.435 0 2
0 0.865 0.445 0 2
0 0.865 0.455 0 2
0 0.865 0.465 0 2
