t x y content type
0 -0.055 -0.455 0 2
0 -0.055 -0.445 0 2
0 -0.055 -0.435 0 2
0 -0.055 -0.425 0 2
0 -0.055 -0.415 0 2
0 -0.055 -0.405 0 2
0 -0.055 -0.395 0 2
0 -0.055 -0.385 0 2
0 -0.055 -0.375 0 2
0 -0.055 -0.365 0 2
0 -0.055 -0.355 0 2
0 -0.055 -0.345 0 2
0 -0.055 -0.335 0 1
0 -0.055 -0.325 0 1
0 -0.055 -0.315 0 1
0 -0.055 -0.305 0 1
0 -0.055 -0.295 0 1
0 -0.055 -0.285 0 1
0 -0.055 -0.275 0 1
0 -0.055 -0.265 0 2
0 -0.055 -0.255 0 2
0 -0.055 -0.245 0 2
0 -0.055 -0.235 0 2
0 -0.055 -0.225 0 2
0 -0.055 -0.215 0 2
0 -0.055 -0.205 0 2
0 -0.055 -0.195 0 2
0 -0.055 -0.185 0 2
0 -0.055 -0.175 0 2
0 -0.055 -0.165 0 2
0 -0.055 -0.155 0 2
0 -0.055 -0.145 0 2
0 -0.055 -0.135 0 2
0 -0.055 -0.125 0 2
0 -0.055 -0.115 0 2
0 -0.055 -0.105 0 2
0 -0.055 -0.095 0 2
0 -0.055 -0.085 0 2
0 -0.055 -0.075 0 2
0 -0.055 -0.065 0 2
0 -0.055 -0.055 0 1
0 -0.055 -0.045 0 1
0 -0.055 -0.035 0 1
0 -0.055 -0.025 0 1
0 -0.055 -0.015 0 1
0 -0.055 -0.005 0 1
0 -0.055 0.005 0 1
0 -0.055 0.015 0 1
0 -0.055 0.025 0 1
0 -0.055 0.035 0 1
0 -0.055 0.045 0 1
0 -0.055 0.055 0 1
0 -0.055 0.065 0 1
0 -0.055 0.075 0 2
0 -0.055 0.085 0 2
0 -0.055 0.095 0 2
0 -0.055 0.105 0 2
0 -0.055 0.115 0 2
0 -0.055 0.125 0 2
0 -0.055 0.135 0 2
0 -0.055 0.145 0 1
0 -0.055 0.155 0 1
0 -0.055 0.165 0 1
0 -0.055 0.175 0 1
0 -0.055 0.185 0 1
0 -0.055 0.195 0 1
0 -0.055 0.205 0 1
0 -0.055 0.215 0 1
0 -0.055 0.225 0 1
0 -0.055 0.235 0 1
0 -0.055 0.245 0 2
0 -0.055 0.255 0 2
0 -0.055 0.265 0 2
0 -0.055 0.275 0 2
0 -0.055 0.285 0 1
0 -0.055 0.295 0 1
0 -0.055 0.305 0 1
0 -0.055 0.315 0 1
0 -0.055 0.325 0 1
0 -0.055 0.335 0 1
0 -0.055 0.345 0 1
0 -0.055 0.355 0 1
0 -0.055 0.365 0 1
0 -0.055 0.375 0 2
0 -0.055 0.385 0 2
0 -0.055 0.395 0 2
0 -0.055 0.405 0 2
0 -0.055 0.415 0 2
0 -0.055 0.425 0 2
0 -0.055 0.435 0 2
0 -0.055 0.445 0 2
0 -0.055 0.455 0 2
0 -0.055 0.465 0 1
0 -0.045 -0.455 0 2
0 -0.045 -0.445 0 2
0 -0.045 -0.435 0 2
0 -0.045 -0.425 0 2
0 -0.045 -0.415 0 2
0 -0.045 -0.405 0 2
0 -0.045 -0.395 0 2
0 -0.045 -0.385 0 2
0 -0.045 -0.375 0 2
0 -0.045 -0.365 0 2
0 -0.045 -0.355 0 2
0 -0.045 -0.345 0 2
0 -0.045 -0.335 0 2
0 -0.045 -0.325 0 2
0 -0.045 -0.315 0 2
0 -0.045 -0.305 0 1
0 -0.045 -0.295 0 1
0 -0.045 -0.285 0 2
0 -0.045 -0.275 0 2
0 -0.045 -0.265 0 2
0 -0.045 -0.255 0 2
0 -0.045 -0.245 0 2
0 -0.045 -0.235 0 2
0 -0.045 -0.225 0 2
0 -0.045 -0.215 0 2
0 -0.045 -0.205 0 2
0 -0.045 -0.195 0 2
0 -0.045 -0.185 0 2
0 -0.045 -0.175 0 2
0 -0.045 -0.165 0 2
0 -0.045 -0.155 0 2
0 -0.045 -0.145 0 2
0 -0.045 -0.135 0 2
0 -0.045 -0.125 0 2
0 -0.045 -0.115 0 2
0 -0.045 -0.105 0 2
0 -0.045 -0.095 0 2
0 -0.045 -0.085 0 2
0 -0.045 -0.075 0 2
0 -0.045 -0.065 0 2
0 -0.045 -0.055 0 1
0 -0.045 -0.045 0 1
0 -0.045 -0.035 0 1
0 -0.045 -0.025 0 1
0 -0.045 -0.015 0 1
0 -0.045 -0.005 0 1
0 -0.045 0.005 0 1
0 -0.045 0.015 0 1
0 -0.045 0.025 0 1
0 -0.045 0.035 0 1
0 -0.045 0.045 0 1
0 -0.045 0.055 0 1
0 -0.045 0.065 0 1
0 -0.045 0.075 0 2
0 -0.045 0.085 0 2
0 -0.045 0.095 0 2
0 -0.045 0.105 0 2
0 -0.045 0.115 0 2
0 -0.045 0.125 0 2
0 -0.045 0.135 0 2
0 -0.045 0.145 0 2
0 -0.045 0.155 0 1
0 -0.045 0.165 0 1
0 -0.045 0.175 0 1
0 -0.045 0.185 0 1
0 -0.045 0.195 0 1
0 -0.045 0.205 0 1
0 -0.045 0.215 0 1
0 -0.045 0.225 0 1
0 -0.045 0.235 0 1
0 -0.045 0.245 0 2
0 -0.045 0.255 0 2
0 -0.045 0.265 0 2
0 -0.045 0.275 0 2
0 -0.045 0.285 0 2
0 -0.045 0.295 0 1
0 -0.045 0.305 0 1
0 -0.045 0.315 0 1
0 -0.045 0.325 0 1
0 -0.045 0.335 0 1
0 -0.045 0.345 0 1
0 -0.045 0.355 0 1
0 -0.045 0.365 0 1
0 -0.045 0.375 0 2
0 -0.045 0.385 0 2
0 -0.045 0.395 0 2
0 -0.045 0.405 0 2
0 -0.045 0.415 0 2
0 -0.045 0.425 0 2
0 -0.045 0.435 0 2
0 -0.045 0.445 0 2
0 -0.045 0.455 0 2
0 -0.045 0.465 0 2
0 -0.035 -0.455 0 2
0 -0.035 -0.445 0 2
0 -0.035 -0.435 0 2
0 -0.035 -0.425 0 2
0 -0.035 -0.415 0 2
0 -0.035 -0.405 0 2
0 -0.035 -0.395 0 2
0 -0.035 -0.385 0 2
0 -0.035 -0.375 0 2
0 -0.035 -0.365 0 2
0 -0.035 -0.355 0 2
0 -0.035 -0.345 0 2
0 -0.035 -0.335 0 2
0 -0.035 -0.325 0 2
0 -0.035 -0.315 0 2
0 -0.035 -0.305 0 2
0 -0.035 -0.295 0 2
0 -0.035 -0.285 0 2
0 -0.035 -0.275 0 2
0 -0.035 -0.265 0 2
0 -0.035 -0.255 0 2
0 -0.035 -0.245 0 2
0 -0.035 -0.235 0 2
0 -0.035 -0.225 0 2
0 -0.035 -0.215 0 2
0 -0.035 -0.205 0 2
0 -0.035 -0.195 0 2
0 -0.035 -0.185 0 2
0 -0.035 -0.175 0 2
0 -0.035 -0.165 0 2
0 -0.035 -0.155 0 2
0 -0.035 -0.145 0 2
0 -0.035 -0.135 0 2
0 -0.035 -0.125 0 2
0 -0.035 -0.115 0 2
0 -0.035 -0.105 0 2
0 -0.035 -0.095 0 2
0 -0.035 -0.085 0 2
0 -0.035 -0.075 0 2
0 -0.035 -0.065 0 2
0 -0.035 -0.055 0 1
0 -0.035 -0.045 0 1
0 -0.035 -0.035 0 1
0 -0.035 -0.025 0 1
0 -0.035 -0.015 0 1
0 -0.035 -0.005 0 1
0 -0.035 0.005 0 1
0 -0.035 0.015 0 1
0 -0.035 0.025 0 1
0 -0.035 0.035 0 1
0 -0.035 0.045 0 1
0 -0.035 0.055 0 1
0 -0.035 0.065 0 1
0 -0.035 0.075 0 2
0 -0.035 0.085 0 2
0 -0.035 0.095 0 2
0 -0.035 0.105 0 2
0 -0.035 0.115 0 2
0 -0.035 0.125 0 2
0 -0.035 0.135 0 2
0 -0.035 0.145 0 2
0 -0.035 0.155 0 2
0 -0.035 0.165 0 1
0 -0.035 0.175 0 1
0 -0.035 0.185 0 1
0 -0.035 0.195 0 1
0 -0.035 0.205 0 1
0 -0.035 0.215 0 1
0 -0.035 0.225 0 1
0 -0.035 0.235 0 1
0 -0.035 0.245 0 2
0 -0.035 0.255 0 2
0 -0.035 0.265 0 2
0 -0.035 0.275 0 2
0 -0.035 0.285 0 2
0 -0.035 0.295 0 2
0 -0.035 0.305 0 2
0 -0.035 0.315 0 1
0 -0.035 0.325 0 1
0 -0.035 0.335 0 1
0 -0.035 0.345 0 1
0 -0.035 0.355 0 1
0 -0.035 0.365 0 2
0 -0.035 0.375 0 2
0 -0.035 0.385 0 2
0 -0.035 0.395 0 2
0 -0.035 0.405 0 2
0 -0.035 0.415 0 2
0 -0.035 0.425 0 2
0 -0.035 0.435 0 2
0 -0.035 0.445 0 2
0 -0.035 0.455 0 2
0 -0.035 0.465 0 2
0 -0.025 -0.455 0 2
0 -0.025 -0.445 0 2
0 -0.025 -0.435 0 2
0 -0.025 -0.425 0 2
0 -0.025 -0.415 0 2
0 -0.025 -0.405 0 2
0 -0.025 -0.395 0 2
0 -0.025 -0.385 0 2
0 -0.025 -0.375 0 2
0 -0.025 -0.365 0 2
0 -0.025 -0.355 0 2
0 -0.025 -0.345 0 2
0 -0.025 -0.335 0 2
0 -0.025 -0.325 0 2
0 -0.025 -0.315 0 2
0 -0.025 -0.305 0 2
0 -0.025 -0.295 0 2
0 -0.025 -0.285 0 2
0 -0.025 -0.275 0 2
0 -0.025 -0.265 0 2
0 -0.025 -0.255 0 2
0 -0.025 -0.245 0 2
0 -0.025 -0.235 0 2
0 -0.025 -0.225 0 2
0 -0.025 -0.215 0 2
0 -0.025 -0.205 0 2
0 -0.025 -0.195 0 2
0 -0.025 -0.185 0 2
0 -0.025 -0.175 0 2
0 -0.025 -0.165 0 2
0 -0.025 -0.155 0 2
0 -0.025 -0.145 0 2
0 -0.025 -0.135 0 2
0 -0.025 -0.125 0 2
0 -0.025 -0.115 0 2
0 -0.025 -0.105 0 2
0 -0.025 -0.095 0 2
0 -0.025 -0.085 0 2
0 -0.025 -0.075 0 2
0 -0.025 -0.065 0 2
0 -0.025 -0.055 0 1
0 -0.025 -0.045 0 1
0 -0.025 -0.035 0 1
0 -0.025 -0.025 0 1
0 -0.025 -0.015 0 1
0 -0.025 -0.005 0 1
0 -0.025 0.005 0 1
0 -0.025 0.015 0 1
0 -0.025 0.025 0 1
0 -0.025 0.035 0 1
0 -0.025 0.045 0 1
0 -0.025 0.055 0 1
0 -0.025 0.065 0 2
0 -0.025 0.075 0 2
0 -0.025 0.085 0 2
0 -0.025 0.095 0 2
0 -0.025 0.105 0 2
0 -0.025 0.115 0 2
0 -0.025 0.125 0 2
0 -0.025 0.135 0 2
0 -0.025 0.145 0 2
0 -0.025 0.155 0 2
0 -0.025 0.165 0 2
0 -0.025 0.175 0 2
0 -0.025 0.185 0 2
0 -0.025 0.195 0 1
0 -0.025 0.205 0 1
0 -0.025 0.215 0 1
0 -0.025 0.225 0 2
0 -0.025 0.235 0 2
0 -0.025 0.245 0 2
0 -0.025 0.255 0 2
0 -0.025 0.265 0 2
0 -0.025 0.275 0 2
0 -0.025 0.285 0 2
0 -0.025 0.295 0 2
0 -0.025 0.305 0 2
0 -0.025 0.315 0 2
0 -0.025 0.325 0 2
0 -0.025 0.335 0 2
0 -0.025 0.345 0 2
0 -0.025 0.355 0 2
0 -0.025 0.365 0 2
0 -0.025 0.375 0 1
0 -0.025 0.385 0 1
0 -0.025 0.395 0 1
0 -0.025 0.405 0 2
0 -0.025 0.415 0 2
0 -0.025 0.425 0 2
0 -0.025 0.435 0 2
0 -0.025 0.445 0 2
0 -0.025 0.455 0 2
0 -0.025 0.465 0 2
0 -0.015 -0.455 0 2
0 -0.015 -0.445 0 2
0 -0.015 -0.435 0 2
0 -0.015 -0.425 0 2
0 -0.015 -0.415 0 2
0 -0.015 -0.405 0 2
0 -0.015 -0.395 0 2
0 -0.015 -0.385 0 2
0 -0.015 -0.375 0 2
0 -0.015 -0.365 0 2
0 -0.015 -0.355 0 2
0 -0.015 -0.345 0 2
0 -0.015 -0.335 0 2
0 -0.015 -0.325 0 2
0 -0.015 -0.315 0 2
0 -0.015 -0.305 0 2
0 -0.015 -0.295 0 2
0 -0.015 -0.285 0 2
0 -0.015 -0.275 0 2
0 -0.015 -0.265 0 2
0 -0.015 -0.255 0 2
0 -0.015 -0.245 0 2
0 -0.015 -0.235 0 2
0 -0.015 -0.225 0 2
0 -0.015 -0.215 0 2
0 -0.015 -0.205 0 2
0 -0.015 -0.195 0 2
0 -0.015 -0.185 0 2
0 -0.015 -0.175 0 2
0 -0.015 -0.165 0 2
0 -0.015 -0.155 0 2
0 -0.015 -0.145 0 2
0 -0.015 -0.135 0 2
0 -0.015 -0.125 0 2
0 -0.015 -0.115 0 2
0 -0.015 -0.105 0 2
0 -0.015 -0.095 0 2
0 -0.015 -0.085 0 2
0 -0.015 -0.075 0 2
0 -0.015 -0.065 0 2
0 -0.015 -0.055 0 2
0 -0.015 -0.045 0 1
0 -0.015 -0.035 0 1
0 -0.015 -0.025 0 1
0 -0.015 -0.015 0 2
0 -0.015 -0.005 0 2
0 -0.015 0.005 0 1
0 -0.015 0.015 0 1
0 -0.015 0.025 0 1
0 -0.015 0.035 0 1
0 -0.015 0.045 0 1
0 -0.015 0.055 0 1
0 -0.015 0.065 0 2
0 -0.015 0.075 0 2
0 -0.015 0.085 0 2
0 -0.015 0.095 0 2
0 -0.015 0.105 0 2
0 -0.015 0.115 0 2
0 -0.015 0.125 0 2
0 -0.015 0.135 0 2
0 -0.015 0.145 0 2
0 -0.015 0.155 0 2
0 -0.015 0.165 0 2
0 -0.015 0.175 0 2
0 -0.015 0.185 0 2
0 -0.015 0.195 0 2
0 -0.015 0.205 0 2
0 -0.015 0.215 0 2
0 -0.015 0.225 0 2
0 -0.015 0.235 0 2
0 -0.015 0.245 0 2
0 -0.015 0.255 0 2
0 -0.015 0.265 0 2
0 -0.015 0.275 0 2
0 -0.015 0.285 0 2
0 -0.015 0.295 0 2
0 -0.015 0.305 0 2
0 -0.015 0.315 0 2
0 -0.015 0.325 0 2
0 -0.015 0.335 0 2
0 -0.015 0.345 0 2
0 -0.015 0.355 0 2
0 -0.015 0.365 0 1
0 -0.015 0.375 0 1
0 -0.015 0.385 0 1
0 -0.015 0.395 0 1
0 -0.015 0.405 0 1
0 -0.015 0.415 0 2
0 -0.015 0.425 0 2
0 -0.015 0.435 0 2
0 -0.015 0.445 0 2
0 -0.015 0.455 0 2
0 -0.015 0.465 0 2
0 -0.005 -0.455 0 2
0 -0.005 -0.445 0 2
0 -0.005 -0.435 0 2
0 -0.005 -0.425 0 2
0 -0.005 -0.415 0 2
0 -0.005 -0.405 0 2
0 -0.005 -0.395 0 2
0 -0.005 -0.385 0 2
0 -0.005 -0.375 0 2
0 -0.005 -0.365 0 2
0 -0.005 -0.355 0 2
0 -0.005 -0.345 0 2
0 -0.005 -0.335 0 2
0 -0.005 -0.325 0 2
0 -0.005 -0.315 0 2
0 -0.005 -0.305 0 2
0 -0.005 -0.295 0 2
0 -0.005 -0.285 0 2
0 -0.005 -0.275 0 2
0 -0.005 -0.265 0 2
0 -0.005 -0.255 0 2
0 -0.005 -0.245 0 2
0 -0.005 -0.235 0 2
0 -0.005 -0.225 0 2
0 -0.005 -0.215 0 2
0 -0.005 -0.205 0 2
0 -0.005 -0.195 0 2
0 -0.005 -0.185 0 2
0 -0.005 -0.175 0 2
0 -0.005 -0.165 0 2
0 -0.005 -0.155 0 2
0 -0.005 -0.145 0 2
0 -0.005 -0.135 0 2
0 -0.005 -0.125 0 2
0 -0.005 -0.115 0 2
0 -0.005 -0.105 0 2
0 -0.005 -0.095 0 2
0 -0.005 -0.085 0 2
0 -0.005 -0.075 0 2
0 -0.005 -0.065 0 2
0 -0.005 -0.055 0 2
0 -0.005 -0.045 0 2
0 -0.005 -0.035 0 2
0 -0.005 -0.025 0 2
0 -0.005 -0.015 0 2
0 -0.005 -0.005 0 2
0 -0.005 0.005 0 2
0 -0.005 0.015 0 1
0 -0.005 0.025 0 1
0 -0.005 0.035 0 1
0 -0.005 0.045 0 1
0 -0.005 0.055 0 2
0 -0.005 0.065 0 2
0 -0.005 0.075 0 2
0 -0.005 0.085 0 2
0 -0.005 0.095 0 2
0 -0.005 0.105 0 2
0 -0.005 0.115 0 2
0 -0.005 0.125 0 2
0 -0.005 0.135 0 2
0 -0.005 0.145 0 2
0 -0.005 0.155 0 2
0 -0.005 0.165 0 2
0 -0.005 0.175 0 2
0 -0.005 0.185 0 2
0 -0.005 0.195 0 2
0 -0.005 0.205 0 2
0 -0.005 0.215 0 2
0 -0.005 0.225 0 2
0 -0.005 0.235 0 2
0 -0.005 0.245 0 2
0 -0.005 0.255 0 2
0 -0.005 0.265 0 2
0 -0.005 0.275 0 2
0 -0.005 0.285 0 2
0 -0.005 0.295 0 2
0 -0.005 0.305 0 2
0 -0.005 0.315 0 2
0 -0.005 0.325 0 2
0 -0.005 0.335 0 2
0 -0.005 0.345 0 2
0 -0.005 0.355 0 2
0 -0.005 0.365 0 1
0 -0.005 0.375 0 1
0 -0.005 0.385 0 1
0 -0.005 0.395 0 1
0 -0.005 0.405 0 1
0 -0.005 0.415 0 1
0 -0.005 0.425 0 2
0 -0.005 0.435 0 2
0 -0.005 0.445 0 2
0 -0.005 0.455 0 2
0 -0.005 0.465 0 2
0 0.005 -0.455 0 1
0 0.005 -0.445 0 2
0 0.005 -0.435 0 2
0 0.005 -0.425 0 2
0 0.005 -0.415 0 2
0 0.005 -0.405 0 2
0 0.005 -0.395 -0.0002328683768 2
0 0.005 -0.385 -0.0003021913675 2
0 0.005 -0.375 -0.0003495164667 2
0 0.005 -0.365 -0.0003727433796 2
0 0.005 -0.355 -0.0003861581339 2
0 0.005 -0.345 -0.000393303023 2
0 0.005 -0.335 -0.0003978985279 2
0 0.005 -0.325 -0.0004021662012 2
0 0.005 -0.315 -0.0004079509792 2
0 0.005 -0.305 -0.0004168944752 2
0 0.005 -0.295 -0.0004294817006 2
0 0.005 -0.285 -0.0004432720212 2
0 0.005 -0.275 -0.0004587818981 2
0 0.005 -0.265 -0.0004597032004 2
0 0.005 -0.255 -0.0004327567993 2
0 0.005 -0.245 -0.0003779244443 2
0 0.005 -0.235 -0.0003199329572 2
0 0.005 -0.225 -0.0002776356777 2
0 0.005 -0.215 -0.0002502158676 2
0 0.005 -0.205 -0.0002295289881 2
0 0.005 -0.195 -0.0002130709408 2
0 0.005 -0.185 -0.0002033438679 2
0 0.005 -0.175 -0.0001971763822 2
0 0.005 -0.165 -0.0001920062048 2
0 0.005 -0.155 -0.0001861628451 2
0 0.005 -0.145 -0.0001789831311 2
0 0.005 -0.135 -0.0001702777855 2
0 0.005 -0.125 -0.0001601677155 2
0 0.005 -0.115 -0.0001489552586 2
0 0.005 -0.105 -0.0001370266689 2
0 0.005 -0.095 -0.0001247901825 2
0 0.005 -0.085 -0.0001128534466 2
0 0.005 -0.075 -0.0001017550854 2
0 0.005 -0.065 -9.519135737e-05 2
0 0.005 -0.055 -8.879675478e-05 2
0 0.005 -0.045 -7.488539638e-05 2
0 0.005 -0.035 -5.049995521e-05 2
0 0.005 -0.025 -2.761285233e-05 2
0 0.005 -0.015 -2.15215659e-05 2
0 0.005 -0.005 -2.797015195e-05 2
0 0.005 0.005 -2.891098908e-05 2
0 0.005 0.015 -1.083503452e-05 2
0 0.005 0.025 1.343918016e-05 2
0 0.005 0.035 3.691833236e-05 2
0 0.005 0.045 6.342828665e-05 2
0 0.005 0.055 8.522720013e-05 2
0 0.005 0.065 9.363940429e-05 2
0 0.005 0.075 9.713868927e-05 2
0 0.005 0.085 0.0001047114119 2
0 0.005 0.095 0.0001173387195 2
0 0.005 0.105 0.00013153938 2
0 0.005 0.115 0.0001465451374 2
0 0.005 0.125 0.0001614498814 2
0 0.005 0.135 0.0001749034684 2
0 0.005 0.145 0.0001848912286 2
0 0.005 0.155 0.0001866631917 2
0 0.005 0.165 0.0001833232191 2
0 0.005 0.175 0.0001851703236 2
0 0.005 0.185 0.0001968375308 1
0 0.005 0.195 0.0002159048089 1
0 0.005 0.205 0.0002284883551 1
0 0.005 0.215 0.0002365503308 1
0 0.005 0.225 0.0002454487905 1
0 0.005 0.235 0.0002624989861 2
0 0.005 0.245 0.0002991002768 2
0 0.005 0.255 0.0003398603182 2
0 0.005 0.265 0.0003613900087 2
0 0.005 0.275 0.0003635367657 2
0 0.005 0.285 0.0003594546152 2
0 0.005 0.295 0.0003573253433 2
0 0.005 0.305 0.0003552014499 2
0 0.005 0.315 0.0003540439352 2
0 0.005 0.325 0.0003519919835 2
0 0.005 0.335 0.0003448745308 2
0 0.005 0.345 0.0003188383395 2
0 0.005 0.355 0.0002811477855 1
0 0.005 0.365 0.0002624407281 1
0 0.005 0.375 0.0002478862887 1
0 0.005 0.385 0.0002141676866 1
0 0.005 0.395 0.0001648258274 1
0 0.005 0.405 0 1
0 0.005 0.415 0 1
0 0.005 0.425 0 1
0 0.005 0.435 0 2
0 0.005 0.445 0 2
0 0.005 0.455 0 2
0 0.005 0.465 0 2
0 0.015 -0.455 0 1
0 0.015 -0.445 0 2
0 0.015 -0.435 0 2
0 0.015 -0.425 0 2
0 0.015 -0.415 0 2
0 0.015 -0.405 0 2
0 0.015 -0.395 -0.0002992108026 2
0 0.015 -0.385 -0.0004171845681 2
0 0.015 -0.375 -0.0005122608408 2
0 0.015 -0.365 -0.000565689092 2
0 0.015 -0.355 -0.0006004077249 2
0 0.015 -0.345 -0.0006215228859 2
0 0.015 -0.335 -0.000635385337 2
0 0.015 -0.325 -0.0006457211111 2
0 0.015 -0.315 -0.0006554782046 2
0 0.015 -0.305 -0.000667348088 2
0 0.015 -0.295 -0.0006819943115 2
0 0.015 -0.285 -0.0007026148123 2
0 0.015 -0.275 -0.0007195574284 2
0 0.015 -0.265 -0.0007133840625 2
0 0.015 -0.255 -0.00068013406 2
0 0.015 -0.245 -0.0006328126118 2
0 0.015 -0.235 -0.0005824197423 2
0 0.015 -0.225 -0.0005242360105 2
0 0.015 -0.215 -0.0004653287818 2
0 0.015 -0.205 -0.000416835676 2
0 0.015 -0.195 -0.0003873838102 2
0 0.015 -0.185 -0.0003684188987 2
0 0.015 -0.175 -0.0003526384965 2
0 0.015 -0.165 -0.0003395010445 2
0 0.015 -0.155 -0.0003261982504 2
0 0.015 -0.145 -0.0003114150924 2
0 0.015 -0.135 -0.0002947609038 2
0 0.015 -0.125 -0.0002763709357 2
0 0.015 -0.115 -0.000256606293 2
0 0.015 -0.105 -0.0002359683758 2
0 0.015 -0.095 -0.0002149738392 2
0 0.015 -0.085 -0.0001942395677 2
0 0.015 -0.075 -0.0001740811241 2
0 0.015 -0.065 -0.0001542611208 2
0 0.015 -0.055 -0.0001339737348 2
0 0.015 -0.045 -0.0001127757393 2
0 0.015 -0.035 -9.157916496e-05 2
0 0.015 -0.025 -7.275700535e-05 2
0 0.015 -0.015 -5.796452757e-05 2
0 0.015 -0.005 -5.247841881e-05 2
0 0.015 0.005 -4.569545496e-05 2
0 0.015 0.015 -2.164242978e-05 2
0 0.015 0.025 1.948656773e-05 2
0 0.015 0.035 6.964340729e-05 2
0 0.015 0.045 0.0001126570705 2
0 0.015 0.055 0.0001400085557 2
0 0.015 0.065 0.0001511438234 2
0 0.015 0.075 0.0001606099051 2
0 0.015 0.085 0.000177520207 2
0 0.015 0.095 0.0001971534926 2
0 0.015 0.105 0.0002191941919 2
0 0.015 0.115 0.0002425430461 2
0 0.015 0.125 0.0002661638198 2
0 0.015 0.135 0.0002888280961 2
0 0.015 0.145 0.0003085249177 2
0 0.015 0.155 0.0003225142956 2
0 0.015 0.165 0.0003238852797 2
0 0.015 0.175 0.0003236963283 2
0 0.015 0.185 0.0003309237997 1
0 0.015 0.195 0.0003536202076 1
0 0.015 0.205 0.0003760788749 1
0 0.015 0.215 0.0004001585876 1
0 0.015 0.225 0.0004254808984 1
0 0.015 0.235 0.0004461761548 1
0 0.015 0.245 0.0004677507108 1
0 0.015 0.255 0.0005035462671 2
0 0.015 0.265 0.0005476110787 2
0 0.015 0.275 0.0005718389459 2
0 0.015 0.285 0.0005723328967 2
0 0.015 0.295 0.0005663868475 2
0 0.015 0.305 0.0005621318838 2
0 0.015 0.315 0.0005551632141 2
0 0.015 0.325 0.0005433334018 2
0 0.015 0.335 0.0005174545918 2
0 0.015 0.345 0.0004766592995 2
0 0.015 0.355 0.0004275072088 1
0 0.015 0.365 0.0003893538066 1
0 0.015 0.375 0.0003538321193 1
0 0.015 0.385 0.0002923823784 1
0 0.015 0.395 0.0002086533906 1
0 0.015 0.405 0 1
0 0.015 0.415 0 1
0 0.015 0.425 0 1
0 0.015 0.435 0 2
0 0.015 0.445 0 2
0 0.015 0.455 0 2
0 0.015 0.465 0 2
0 0.025 -0.455 0 1
0 0.025 -0.445 0 1
0 0.025 -0.435 0 2
0 0.025 -0.425 0 2
0 0.025 -0.415 0 2
0 0.025 -0.405 0 2
0 0.025 -0.395 -0.0003324288902 2
0 0.025 -0.385 -0.0004871048609 2
0 0.025 -0.375 -0.0006248447546 2
0 0.025 -0.365 -0.0007103374681 2
0 0.025 -0.355 -0.0007698025112 2
0 0.025 -0.345 -0.000808181962 2
0 0.025 -0.335 -0.000833610598 2
0 0.025 -0.325 -0.000850870027 2
0 0.025 -0.315 -0.0008636189388 2
0 0.025 -0.305 -0.0008748871657 2
0 0.025 -0.295 -0.0008850081137 2
0 0.025 -0.285 -0.0009006665646 2
0 0.025 -0.275 -0.0009048099059 2
0 0.025 -0.265 -0.0008854874995 2
0 0.025 -0.255 -0.00086402781 1
0 0.025 -0.245 -0.0008460171044 1
0 0.025 -0.235 -0.000824813872 1
0 0.025 -0.225 -0.0007775840785 2
0 0.025 -0.215 -0.0007071988599 2
0 0.025 -0.205 -0.0006331845855 2
0 0.025 -0.195 -0.0005788544644 2
0 0.025 -0.185 -0.0005422658105 2
0 0.025 -0.175 -0.0005162700033 2
0 0.025 -0.165 -0.0004923984233 2
0 0.025 -0.155 -0.0004695270053 2
0 0.025 -0.145 -0.0004455535356 2
0 0.025 -0.135 -0.0004198009586 2
0 0.025 -0.125 -0.000392396838 2
0 0.025 -0.115 -0.0003636775714 2
0 0.025 -0.105 -0.0003341715736 2
0 0.025 -0.095 -0.0003044376202 2
0 0.025 -0.085 -0.0002750666287 2
0 0.025 -0.075 -0.000246398796 2
0 0.025 -0.065 -0.0002183820511 2
0 0.025 -0.055 -0.000190249548 2
0 0.025 -0.045 -0.000161485957 2
0 0.025 -0.035 -0.0001327841149 2
0 0.025 -0.025 -0.0001064088195 2
0 0.025 -0.015 -8.362541865e-05 2
0 0.025 -0.005 -6.257155455e-05 2
0 0.025 0.005 -3.779236579e-05 2
0 0.025 0.015 -4.068794649e-06 2
0 0.025 0.025 3.853391255e-05 2
0 0.025 0.035 8.533799582e-05 2
0 0.025 0.045 0.0001294349564 2
0 0.025 0.055 0.0001660459825 2
0 0.025 0.065 0.0001945525018 2
0 0.025 0.075 0.0002188843232 2
0 0.025 0.085 0.0002433955369 2
0 0.025 0.095 0.0002699336443 2
0 0.025 0.105 0.0002986778026 2
0 0.025 0.115 0.0003287683117 2
0 0.025 0.125 0.0003592950771 2
0 0.025 0.135 0.0003892532508 2
0 0.025 0.145 0.0004167982087 2
0 0.025 0.155 0.0004399434759 2
0 0.025 0.165 0.0004430161963 2
0 0.025 0.175 0.0004281545218 1
0 0.025 0.185 0.0004389258145 1
0 0.025 0.195 0.000475925063 1
0 0.025 0.205 0.0005175037741 1
0 0.025 0.215 0.0005578183204 1
0 0.025 0.225 0.0005974836109 1
0 0.025 0.235 0.0006293450431 1
0 0.025 0.245 0.0006513815781 1
0 0.025 0.255 0.0006731980449 1
0 0.025 0.265 0.0007015885623 2
0 0.025 0.275 0.0007332227386 2
0 0.025 0.285 0.0007427479408 2
0 0.025 0.295 0.0007379540541 2
0 0.025 0.305 0.0007325161006 2
0 0.025 0.315 0.0007184221339 2
0 0.025 0.325 0.0006941919062 2
0 0.025 0.335 0.0006488360618 2
0 0.025 0.345 0.0005961615146 2
0 0.025 0.355 0.0005470779896 2
0 0.025 0.365 0.0004874193702 1
0 0.025 0.375 0.0004282156292 1
0 0.025 0.385 0.0003379624514 1
0 0.025 0.395 0.0002295807774 1
0 0.025 0.405 0 1
0 0.025 0.415 0 1
0 0.025 0.425 0 1
0 0.025 0.435 0 2
0 0.025 0.445 0 2
0 0.025 0.455 0 2
0 0.025 0.465 0 2
0 0.035 -0.455 0 1
0 0.035 -0.445 0 1
0 0.035 -0.435 0 2
0 0.035 -0.425 0 2
0 0.035 -0.415 0 2
0 0.035 -0.405 0 2
0 0.035 -0.395 -0.0003541532715 2
0 0.035 -0.385 -0.0005319493565 2
0 0.035 -0.375 -0.0006981487451 2
0 0.035 -0.365 -0.0008094026521 2
0 0.035 -0.355 -0.0008901867402 2
0 0.035 -0.345 -0.0009440350786 2
0 0.035 -0.335 -0.0009798527275 2
0 0.035 -0.325 -0.001003028278 2
0 0.035 -0.315 -0.001017647879 2
0 0.035 -0.305 -0.001026497992 2
0 0.035 -0.295 -0.001029878278 2
0 0.035 -0.285 -0.001034439828 2
0 0.035 -0.275 -0.001030845318 2
0 0.035 -0.265 -0.001021767586 1
0 0.035 -0.255 -0.001002763284 1
0 0.035 -0.245 -0.0009805948448 1
0 0.035 -0.235 -0.000954171458 1
0 0.035 -0.225 -0.0009280780056 1
0 0.035 -0.215 -0.0008951785215 1
0 0.035 -0.205 -0.0008363411853 2
0 0.035 -0.195 -0.0007645509211 2
0 0.035 -0.185 -0.0007055234394 2
0 0.035 -0.175 -0.0006661649388 2
0 0.035 -0.165 -0.0006343561406 2
0 0.035 -0.155 -0.0006018185469 2
0 0.035 -0.145 -0.000568683175 2
0 0.035 -0.135 -0.0005339772288 2
0 0.035 -0.125 -0.0004978199892 2
0 0.035 -0.115 -0.0004605861552 2
0 0.035 -0.105 -0.0004227752005 2
0 0.035 -0.095 -0.0003849045327 2
0 0.035 -0.085 -0.0003474065989 2
0 0.035 -0.075 -0.0003105317978 2
0 0.035 -0.065 -0.0002743333132 2
0 0.035 -0.055 -0.0002386893951 2
0 0.035 -0.045 -0.0002036105541 2
0 0.035 -0.035 -0.0001694361889 2
0 0.035 -0.025 -0.0001368476994 2
0 0.035 -0.015 -0.000105773861 2
0 0.035 -0.005 -7.459596556e-05 2
0 0.035 0.005 -3.988715652e-05 2
0 0.035 0.015 1.383762725e-06 2
0 0.035 0.025 4.905534055e-05 2
0 0.035 0.035 9.976783952e-05 2
0 0.035 0.045 0.0001484598216 2
0 0.035 0.055 0.0001915832159 2
0 0.035 0.065 0.0002285775504 2
0 0.035 0.075 0.0002618693483 2
0 0.035 0.085 0.0002943661539 2
0 0.035 0.095 0.0003275692539 2
0 0.035 0.105 0.0003618840996 2
0 0.035 0.115 0.0003969097082 2
0 0.035 0.125 0.0004319891993 2
0 0.035 0.135 0.0004660406541 2
0 0.035 0.145 0.0004974335754 2
0 0.035 0.155 0.0005209833999 2
0 0.035 0.165 0.0005338471226 2
0 0.035 0.175 0.000547149109 2
0 0.035 0.185 0.0005644111897 1
0 0.035 0.195 0.0006042888041 1
0 0.035 0.205 0.0006471719116 1
0 0.035 0.215 0.0006878265786 1
0 0.035 0.225 0.0007286151853 1
0 0.035 0.235 0.0007698375684 1
0 0.035 0.245 0.000807289483 1
0 0.035 0.255 0.0008350048158 1
0 0.035 0.265 0.0008526477059 1
0 0.035 0.275 0.0008617505853 2
0 0.035 0.285 0.0008696266685 2
0 0.035 0.295 0.0008673739144 2
0 0.035 0.305 0.0008602265011 2
0 0.035 0.315 0.000840008353 2
0 0.035 0.325 0.0008057195977 2
0 0.035 0.335 0.0007530060507 2
0 0.035 0.345 0.0006858773411 2
0 0.035 0.355 0.0006186780181 2
0 0.035 0.365 0.0005417231968 1
0 0.035 0.375 0.0004633841716 1
0 0.035 0.385 0.0003557767735 1
0 0.035 0.395 0.0002384334913 1
0 0.035 0.405 0 1
0 0.035 0.415 0 1
0 0.035 0.425 0 1
0 0.035 0.435 0 1
0 0.035 0.445 0 2
0 0.035 0.455 0 2
0 0.035 0.465 0 2
0 0.045 -0.455 0 1
0 0.045 -0.445 0 1
0 0.045 -0.435 0 2
0 0.045 -0.425 0 2
0 0.045 -0.415 0 2
0 0.045 -0.405 0 2
0 0.045 -0.395 -0.0003674753992 2
0 0.045 -0.385 -0.0005621092935 2
0 0.045 -0.375 -0.0007500690797 2
0 0.045 -0.365 -0.0008817223057 2
0 0.045 -0.355 -0.0009796683409 2
0 0.045 -0.345 -0.001046069483 2
0 0.045 -0.335 -0.001089948557 2
0 0.045 -0.325 -0.001117273056 2
0 0.045 -0.315 -0.001133022416 2
0 0.045 -0.305 -0.001139958782 2
0 0.045 -0.295 -0.00113912957 2
0 0.045 -0.285 -0.001138186252 2
0 0.045 -0.275 -0.001136739747 2
0 0.045 -0.265 -0.001133422509 1
0 0.045 -0.255 -0.001109655065 1
0 0.045 -0.245 -0.001075530112 1
0 0.045 -0.235 -0.001039342924 1
0 0.045 -0.225 -0.001012397335 1
0 0.045 -0.215 -0.0009912693905 1
0 0.045 -0.205 -0.0009588581618 1
0 0.045 -0.195 -0.0009096493288 2
0 0.045 -0.185 -0.0008525905656 2
0 0.045 -0.175 -0.0008045480267 2
0 0.045 -0.165 -0.0007633488531 2
0 0.045 -0.155 -0.000721807379 2
0 0.045 -0.145 -0.0006801469855 2
0 0.045 -0.135 -0.0006372086619 2
0 0.045 -0.125 -0.0005929796273 2
0 0.045 -0.115 -0.0005479518793 2
0 0.045 -0.105 -0.0005025929828 2
0 0.045 -0.095 -0.0004573797843 2
0 0.045 -0.085 -0.0004127104116 2
0 0.045 -0.075 -0.0003688474941 2
0 0.045 -0.065 -0.000325893259 2
0 0.045 -0.055 -0.0002838177419 2
0 0.045 -0.045 -0.0002426105603 2
0 0.045 -0.035 -0.0002023325057 2
0 0.045 -0.025 -0.0001629643005 2
0 0.045 -0.015 -0.0001239574316 2
0 0.045 -0.005 -8.399545786e-05 2
0 0.045 0.005 -4.11948587e-05 2
0 0.045 0.015 5.801450254e-06 2
0 0.045 0.025 5.664095373e-05 2
0 0.045 0.035 0.0001092702205 2
0 0.045 0.045 0.0001608153127 2
0 0.045 0.055 0.0002090415319 2
0 0.045 0.065 0.0002532485376 2
0 0.045 0.075 0.0002943236309 2
0 0.045 0.085 0.0003337282497 2
0 0.045 0.095 0.0003725530813 2
0 0.045 0.105 0.0004113030923 2
0 0.045 0.115 0.0004498840185 2
0 0.045 0.125 0.000487800085 2
0 0.045 0.135 0.0005240183539 2
0 0.045 0.145 0.0005575090496 2
0 0.045 0.155 0.0005835283672 2
0 0.045 0.165 0.000609670717 2
0 0.045 0.175 0.0006413646194 2
0 0.045 0.185 0.0006718039861 1
0 0.045 0.195 0.0007133030048 1
0 0.045 0.205 0.0007571064951 1
0 0.045 0.215 0.0008042166034 1
0 0.045 0.225 0.0008482560699 1
0 0.045 0.235 0.0008891552248 1
0 0.045 0.245 0.0009270389045 1
0 0.045 0.255 0.000956852572 1
0 0.045 0.265 0.0009777281254 1
0 0.045 0.275 0.0009828212937 2
0 0.045 0.285 0.0009860542138 2
0 0.045 0.295 0.0009801331721 2
0 0.045 0.305 0.0009634688952 2
0 0.045 0.315 0.0009364646942 2
0 0.045 0.325 0.0008930110807 2
0 0.045 0.335 0.0008335696734 2
0 0.045 0.345 0.0007478074511 2
0 0.045 0.355 0.0006573586391 2
0 0.045 0.365 0.00056447632 1
0 0.045 0.375 0.0004711774705 1
0 0.045 0.385 0.0003514163996 1
0 0.045 0.395 0.0002329981078 1
0 0.045 0.405 0 1
0 0.045 0.415 0 1
0 0.045 0.425 0 1
0 0.045 0.435 0 1
0 0.045 0.445 0 2
0 0.045 0.455 0 2
0 0.045 0.465 0 2
0 0.055 -0.455 0 1
0 0.055 -0.445 0 2
0 0.055 -0.435 0 2
0 0.055 -0.425 0 2
0 0.055 -0.415 0 2
0 0.055 -0.405 0 2
0 0.055 -0.395 -0.0003786201293 2
0 0.055 -0.385 -0.0005938286677 2
0 0.055 -0.375 -0.0008033111617 2
0 0.055 -0.365 -0.000950528687 2
0 0.055 -0.355 -0.001060201805 2
0 0.055 -0.345 -0.001129788501 2
0 0.055 -0.335 -0.001172430624 2
0 0.055 -0.325 -0.001200069166 2
0 0.055 -0.315 -0.001217412379 2
0 0.055 -0.305 -0.001224546743 2
0 0.055 -0.295 -0.001222910714 2
0 0.055 -0.285 -0.001222831549 2
0 0.055 -0.275 -0.001222543351 2
0 0.055 -0.265 -0.001215122266 1
0 0.055 -0.255 -0.001185009647 1
0 0.055 -0.245 -0.001150905396 1
0 0.055 -0.235 -0.0011185954 1
0 0.055 -0.225 -0.00108556165 1
0 0.055 -0.215 -0.00105396085 1
0 0.055 -0.205 -0.001024754113 1
0 0.055 -0.195 -0.0009939358356 1
0 0.055 -0.185 -0.0009599973004 2
0 0.055 -0.175 -0.0009131376358 2
0 0.055 -0.165 -0.0008674133729 2
0 0.055 -0.155 -0.0008236819996 2
0 0.055 -0.145 -0.0007760450253 2
0 0.055 -0.135 -0.0007266119193 2
0 0.055 -0.125 -0.0006757235621 2
0 0.055 -0.115 -0.0006241567624 2
0 0.055 -0.105 -0.0005724009251 2
0 0.055 -0.095 -0.0005209097536 2
0 0.055 -0.085 -0.0004700733833 2
0 0.055 -0.075 -0.0004201916637 2
0 0.055 -0.065 -0.0003714281532 2
0 0.055 -0.055 -0.0003237989142 2
0 0.055 -0.045 -0.0002772164451 2
0 0.055 -0.035 -0.0002315003195 2
0 0.055 -0.025 -0.000186306673 2
0 0.055 -0.015 -0.0001409686793 2
0 0.055 -0.005 -9.447517134e-05 2
0 0.055 0.005 -4.571172173e-05 2
0 0.055 0.015 5.95681217e-06 2
0 0.055 0.025 6.014328883e-05 2
0 0.055 0.035 0.0001154582586 2
0 0.055 0.045 0.0001700313657 2
0 0.055 0.055 0.0002223232876 2
0 0.055 0.065 0.0002716614794 2
0 0.055 0.075 0.0003182962908 2
0 0.055 0.085 0.0003629343304 2
0 0.055 0.095 0.0004062167038 2
0 0.055 0.105 0.000448472535 2
0 0.055 0.115 0.0004896511729 2
0 0.055 0.125 0.0005294268692 2
0 0.055 0.135 0.0005672655514 2
0 0.055 0.145 0.0006029103084 2
0 0.055 0.155 0.0006385386831 2
0 0.055 0.165 0.000670479933 2
0 0.055 0.175 0.0007101043446 2
0 0.055 0.185 0.0007529696433 1
0 0.055 0.195 0.000799994302 1
0 0.055 0.205 0.0008489710014 1
0 0.055 0.215 0.0009006093174 1
0 0.055 0.225 0.000949462377 1
0 0.055 0.235 0.000992389306 1
0 0.055 0.245 0.00102948055 1
0 0.055 0.255 0.001062897084 1
0 0.055 0.265 0.001088520599 1
0 0.055 0.275 0.001091520367 2
0 0.055 0.285 0.001085257656 2
0 0.055 0.295 0.001070493194 2
0 0.055 0.305 0.001049386385 2
0 0.055 0.315 0.001016528465 2
0 0.055 0.325 0.0009649832206 2
0 0.055 0.335 0.0008940201754 2
0 0.055 0.345 0.000795493284 2
0 0.055 0.355 0.0006868624876 2
0 0.055 0.365 0.0005812186884 2
0 0.055 0.375 0.0004664906183 1
0 0.055 0.385 0.000338322467 1
0 0.055 0.395 0.0002190770374 1
0 0.055 0.405 0 1
0 0.055 0.415 0 1
0 0.055 0.425 0 1
0 0.055 0.435 0 2
0 0.055 0.445 0 2
0 0.055 0.455 0 2
0 0.055 0.465 0 2
0 0.065 -0.455 0 2
0 0.065 -0.445 0 2
0 0.065 -0.435 0 2
0 0.065 -0.425 0 2
0 0.065 -0.415 0 2
0 0.065 -0.405 0 2
0 0.065 -0.395 -0.0003992801973 2
0 0.065 -0.385 -0.0006305090256 2
0 0.065 -0.375 -0.0008475033999 2
0 0.065 -0.365 -0.001000228436 2
0 0.065 -0.355 -0.001118457712 2
0 0.065 -0.345 -0.001193444668 2
0 0.065 -0.335 -0.001236367219 2
0 0.065 -0.325 -0.001261787556 2
0 0.065 -0.315 -0.001276947312 2
0 0.065 -0.305 -0.001283949673 2
0 0.065 -0.295 -0.001283526441 2
0 0.065 -0.285 -0.001280865047 2
0 0.065 -0.275 -0.001280404926 2
0 0.065 -0.265 -0.001274970349 1
0 0.065 -0.255 -0.001246850063 1
0 0.065 -0.245 -0.001210220335 1
0 0.065 -0.235 -0.00117416311 1
0 0.065 -0.225 -0.001140205072 1
0 0.065 -0.215 -0.00110724118 1
0 0.065 -0.205 -0.001078606892 1
0 0.065 -0.195 -0.001047605378 1
0 0.065 -0.185 -0.001019971936 2
0 0.065 -0.175 -0.0009869900657 2
0 0.065 -0.165 -0.0009492068957 2
0 0.065 -0.155 -0.0009050584757 2
0 0.065 -0.145 -0.0008540847106 2
0 0.065 -0.135 -0.0008002092717 2
0 0.065 -0.125 -0.0007446061606 2
0 0.065 -0.115 -0.000688239596 2
0 0.065 -0.105 -0.0006316312213 2
0 0.065 -0.095 -0.000575227631 2
0 0.065 -0.085 -0.0005194673669 2
0 0.065 -0.075 -0.0004647338807 2
0 0.065 -0.065 -0.0004112546499 2
0 0.065 -0.055 -0.0003590478384 2
0 0.065 -0.045 -0.0003079372312 2
0 0.065 -0.035 -0.0002575852971 2
0 0.065 -0.025 -0.0002074992098 2
0 0.065 -0.015 -0.0001570270572 2
0 0.065 -0.005 -0.0001054218586 2
0 0.065 0.005 -5.203148399e-05 2
0 0.065 0.015 3.400890574e-06 2
0 0.065 0.025 6.049984964e-05 2
0 0.065 0.035 0.0001182973539 2
0 0.065 0.045 0.0001755373274 2
0 0.065 0.055 0.00023111659 2
0 0.065 0.065 0.0002843992775 2
0 0.065 0.075 0.0003352771796 2
0 0.065 0.085 0.000383966898 2
0 0.065 0.095 0.0004307349777 2
0 0.065 0.105 0.0004757131336 2
0 0.065 0.115 0.0005188251836 2
0 0.065 0.125 0.0005598103261 2
0 0.065 0.135 0.0005984385306 2
0 0.065 0.145 0.0006343213334 2
0 0.065 0.155 0.0006695952613 2
0 0.065 0.165 0.0007002552126 2
0 0.065 0.175 0.0007454331577 2
0 0.065 0.185 0.0008178391306 2
0 0.065 0.195 0.0008858619931 1
0 0.065 0.205 0.000938303869 1
0 0.065 0.215 0.0009834911327 1
0 0.065 0.225 0.00103047299 1
0 0.065 0.235 0.001077506012 1
0 0.065 0.245 0.001119083809 1
0 0.065 0.255 0.001155930343 1
0 0.065 0.265 0.001183893282 1
0 0.065 0.275 0.001188728653 1
0 0.065 0.285 0.001169841021 2
0 0.065 0.295 0.001149737364 2
0 0.065 0.305 0.001126541018 2
0 0.065 0.315 0.001088293175 2
0 0.065 0.325 0.00103034335 2
0 0.065 0.335 0.0009512266598 2
0 0.065 0.345 0.0008479727273 2
0 0.065 0.355 0.0007271716538 2
0 0.065 0.365 0.0005995814558 2
0 0.065 0.375 0.0004730664024 2
0 0.065 0.385 0.0003237493307 1
0 0.065 0.395 0.000200278012 1
0 0.065 0.405 0 1
0 0.065 0.415 0 1
0 0.065 0.425 0 1
0 0.065 0.435 0 2
0 0.065 0.445 0 2
0 0.065 0.455 0 2
0 0.065 0.465 0 2
0 0.075 -0.455 0 2
0 0.075 -0.445 0 2
0 0.075 -0.435 0 2
0 0.075 -0.425 0 2
0 0.075 -0.415 0 2
0 0.075 -0.405 0 2
0 0.075 -0.395 -0.0004141516641 2
0 0.075 -0.385 -0.0006475346715 2
0 0.075 -0.375 -0.0008638074033 2
0 0.075 -0.365 -0.001022703033 1
0 0.075 -0.355 -0.001130221722 1
0 0.075 -0.345 -0.001203959001 1
0 0.075 -0.335 -0.001251469543 1
0 0.075 -0.325 -0.001283653448 2
0 0.075 -0.315 -0.001306518801 2
0 0.075 -0.305 -0.00131961178 2
0 0.075 -0.295 -0.001322670324 2
0 0.075 -0.285 -0.001320845338 2
0 0.075 -0.275 -0.001318858472 2
0 0.075 -0.265 -0.00131114474 1
0 0.075 -0.255 -0.001282061424 1
0 0.075 -0.245 -0.001245107772 1
0 0.075 -0.235 -0.001210851422 1
0 0.075 -0.225 -0.001176629337 1
0 0.075 -0.215 -0.001143287568 1
0 0.075 -0.205 -0.001110704246 1
0 0.075 -0.195 -0.001075487508 1
0 0.075 -0.185 -0.001046534549 1
0 0.075 -0.175 -0.001033149014 2
0 0.075 -0.165 -0.001007281211 2
0 0.075 -0.155 -0.0009638189135 2
0 0.075 -0.145 -0.0009122610579 2
0 0.075 -0.135 -0.000856517434 2
0 0.075 -0.125 -0.0007986456904 2
0 0.075 -0.115 -0.0007396565746 2
0 0.075 -0.105 -0.0006800557039 2
0 0.075 -0.095 -0.0006202815144 2
0 0.075 -0.085 -0.0005609104113 2
0 0.075 -0.075 -0.0005025161774 2
0 0.075 -0.065 -0.0004454510676 2
0 0.075 -0.055 -0.0003897400206 2
0 0.075 -0.045 -0.0003351186051 2
0 0.075 -0.035 -0.0002811375711 2
0 0.075 -0.025 -0.0002272306297 2
0 0.075 -0.015 -0.0001727920146 2
0 0.075 -0.005 -0.0001172565389 2
0 0.075 0.005 -6.023510091e-05 2
0 0.075 0.015 -1.667822675e-06 2
0 0.075 0.025 5.807834003e-05 2
0 0.075 0.035 0.0001182606996 2
0 0.075 0.045 0.0001779502083 2
0 0.075 0.055 0.0002362856399 2
0 0.075 0.065 0.000292664388 2
0 0.075 0.075 0.0003467967603 2
0 0.075 0.085 0.000398618508 2
0 0.075 0.095 0.0004481461703 2
0 0.075 0.105 0.0004953578822 2
0 0.075 0.115 0.0005401488305 2
0 0.075 0.125 0.0005823211079 2
0 0.075 0.135 0.0006218751381 2
0 0.075 0.145 0.0006585174664 2
0 0.075 0.155 0.0006938504114 2
0 0.075 0.165 0.0007272004057 2
0 0.075 0.175 0.0007698785168 2
0 0.075 0.185 0.0008404406029 2
0 0.075 0.195 0.0009302298795 2
0 0.075 0.205 0.001007705797 1
0 0.075 0.215 0.001061842737 1
0 0.075 0.225 0.001108625177 1
0 0.075 0.235 0.001153362931 1
0 0.075 0.245 0.001190903662 1
0 0.075 0.255 0.001221327776 1
0 0.075 0.265 0.00124556301 1
0 0.075 0.275 0.001254419343 2
0 0.075 0.285 0.001247916352 2
0 0.075 0.295 0.001228277692 2
0 0.075 0.305 0.0012000265 2
0 0.075 0.315 0.00115604519 2
0 0.075 0.325 0.001093007201 2
0 0.075 0.335 0.001009277158 2
0 0.075 0.345 0.0009059782982 2
0 0.075 0.355 0.000781595585 2
0 0.075 0.365 0.0006396466511 2
0 0.075 0.375 0.0004937205176 2
0 0.075 0.385 0.0003376059209 2
0 0.075 0.395 0.0001921173006 1
0 0.075 0.405 0 1
0 0.075 0.415 0 1
0 0.075 0.425 0 2
0 0.075 0.435 0 2
0 0.075 0.445 0 2
0 0.075 0.455 0 2
0 0.075 0.465 0 2
0 0.085 -0.455 0 1
0 0.085 -0.445 0 1
0 0.085 -0.435 0 1
0 0.085 -0.425 0 1
0 0.085 -0.415 0 1
0 0.085 -0.405 0 1
0 0.085 -0.395 -0.0003813730178 1
0 0.085 -0.385 -0.0005967866667 2
0 0.085 -0.375 -0.0008149411373 1
0 0.085 -0.365 -0.0009612623803 1
0 0.085 -0.355 -0.001066006235 1
0 0.085 -0.345 -0.001147083149 1
0 0.085 -0.335 -0.001208369919 1
0 0.085 -0.325 -0.001251961702 1
0 0.085 -0.315 -0.001293169769 2
0 0.085 -0.305 -0.001322253587 2
0 0.085 -0.295 -0.001337176082 2
0 0.085 -0.285 -0.001343116616 2
0 0.085 -0.275 -0.001338870087 2
0 0.085 -0.265 -0.001320407377 2
0 0.085 -0.255 -0.001292784001 1
0 0.085 -0.245 -0.001260144563 1
0 0.085 -0.235 -0.001229691118 1
0 0.085 -0.225 -0.00119623243 1
0 0.085 -0.215 -0.001163119458 1
0 0.085 -0.205 -0.001128991958 1
0 0.085 -0.195 -0.001095211304 1
0 0.085 -0.185 -0.001067776508 1
0 0.085 -0.175 -0.001056143188 2
0 0.085 -0.165 -0.001036054307 2
0 0.085 -0.155 -0.0009984780392 2
0 0.085 -0.145 -0.0009494723432 2
0 0.085 -0.135 -0.0008949467287 2
0 0.085 -0.125 -0.0008375678243 2
0 0.085 -0.115 -0.0007784675428 2
0 0.085 -0.105 -0.0007180180822 2
0 0.085 -0.095 -0.0006565912846 2
0 0.085 -0.085 -0.0005950150803 2
0 0.085 -0.075 -0.00053419979 2
0 0.085 -0.065 -0.0004746983548 2
0 0.085 -0.055 -0.0004165557703 2
0 0.085 -0.045 -0.0003594245885 2
0 0.085 -0.035 -0.0003027766005 2
0 0.085 -0.025 -0.0002459947475 2
0 0.085 -0.015 -0.0001885197709 2
0 0.085 -0.005 -0.0001299168161 2
0 0.085 0.005 -6.997079295e-05 2
0 0.085 0.015 -8.748710055e-06 2
0 0.085 0.025 5.337357819e-05 2
0 0.085 0.035 0.000115768372 2
0 0.085 0.045 0.0001776814952 2
0 0.085 0.055 0.000238387422 2
0 0.085 0.065 0.0002973092516 2
0 0.085 0.075 0.0003540640479 2
0 0.085 0.085 0.0004084299566 2
0 0.085 0.095 0.0004602750443 2
0 0.085 0.105 0.0005094901174 2
0 0.085 0.115 0.0005559745289 2
0 0.085 0.125 0.0005996302959 2
0 0.085 0.135 0.0006405902108 2
0 0.085 0.145 0.0006790878162 2
0 0.085 0.155 0.0007165994445 2
0 0.085 0.165 0.0007566572062 2
0 0.085 0.175 0.0008001173072 2
0 0.085 0.185 0.0008557500247 2
0 0.085 0.195 0.0009319052785 2
0 0.085 0.205 0.001026073828 2
0 0.085 0.215 0.001111364101 2
0 0.085 0.225 0.001171468991 1
0 0.085 0.235 0.001215355447 1
0 0.085 0.245 0.001251920057 1
0 0.085 0.255 0.001284489781 1
0 0.085 0.265 0.001312856694 1
0 0.085 0.275 0.001329138012 2
0 0.085 0.285 0.001325800402 2
0 0.085 0.295 0.001303982816 2
0 0.085 0.305 0.001268271093 2
0 0.085 0.315 0.001218807734 2
0 0.085 0.325 0.001152040539 2
0 0.085 0.335 0.001065908186 2
0 0.085 0.345 0.0009601672576 2
0 0.085 0.355 0.0008377460739 2
0 0.085 0.365 0.0006956654754 2
0 0.085 0.375 0.0005411296229 2
0 0.085 0.385 0.0003781601879 2
0 0.085 0.395 0.0002387405243 2
0 0.085 0.405 0 2
0 0.085 0.415 0 2
0 0.085 0.425 0 2
0 0.085 0.435 0 2
0 0.085 0.445 0 2
0 0.085 0.455 0 2
0 0.085 0.465 0 2
0 0.095 -0.455 0 1
0 0.095 -0.445 0 1
0 0.095 -0.435 0 1
0 0.095 -0.425 0 1
0 0.095 -0.415 0 1
0 0.095 -0.405 0 1
0 0.095 -0.395 -0.0003292137943 1
0 0.095 -0.385 -0.0005148697357 1
0 0.095 -0.375 -0.000711655639 1
0 0.095 -0.365 -0.000862025688 1
0 0.095 -0.355 -0.0009727039334 1
0 0.095 -0.345 -0.001061945015 1
0 0.095 -0.335 -0.001134470582 1
0 0.095 -0.325 -0.001188706856 1
0 0.095 -0.315 -0.001244122088 2
0 0.095 -0.305 -0.001294068506 2
0 0.095 -0.295 -0.001327874362 2
0 0.095 -0.285 -0.00134313429 2
0 0.095 -0.275 -0.001341732879 2
0 0.095 -0.265 -0.001322195494 2
0 0.095 -0.255 -0.001294457785 1
0 0.095 -0.245 -0.001263062759 1
0 0.095 -0.235 -0.001232436761 1
0 0.095 -0.225 -0.001200713521 1
0 0.095 -0.215 -0.001168719441 1
0 0.095 -0.205 -0.001137780091 1
0 0.095 -0.195 -0.001106376111 1
0 0.095 -0.185 -0.001076096376 1
0 0.095 -0.175 -0.001060076169 2
0 0.095 -0.165 -0.001041759166 2
0 0.095 -0.155 -0.001011692046 2
0 0.095 -0.145 -0.0009673089997 2
0 0.095 -0.135 -0.0009166302646 2
0 0.095 -0.125 -0.0008624575617 2
0 0.095 -0.115 -0.0008059448168 2
0 0.095 -0.105 -0.0007468660088 2
0 0.095 -0.095 -0.0006852108979 2
0 0.095 -0.085 -0.0006224635758 2
0 0.095 -0.075 -0.0005603374343 2
0 0.095 -0.065 -0.000499671054 2
0 0.095 -0.055 -0.0004403342354 2
0 0.095 -0.045 -0.0003817114505 2
0 0.095 -0.035 -0.0003232446903 2
0 0.095 -0.025 -0.0002643323914 2
0 0.095 -0.015 -0.0002045098855 2
0 0.095 -0.005 -0.0001434402182 2
0 0.095 0.005 -8.103928848e-05 2
0 0.095 0.015 -1.747868349e-05 2
0 0.095 0.025 4.683164826e-05 2
0 0.095 0.035 0.0001113072034 2
0 0.095 0.045 0.0001752792588 2
0 0.095 0.055 0.0002380961097 2
0 0.095 0.065 0.0002992022281 2
0 0.095 0.075 0.0003581752219 2
0 0.095 0.085 0.0004147189717 2
0 0.095 0.095 0.0004686339316 2
0 0.095 0.105 0.0005197872158 2
0 0.095 0.115 0.0005681206603 2
0 0.095 0.125 0.000613670093 2
0 0.095 0.135 0.0006567253033 2
0 0.095 0.145 0.000697931211 2
0 0.095 0.155 0.0007386703858 2
0 0.095 0.165 0.0007814718592 2
0 0.095 0.175 0.0008303659582 2
0 0.095 0.185 0.0008845442742 2
0 0.095 0.195 0.0009506981607 2
0 0.095 0.205 0.001030294496 2
0 0.095 0.215 0.001112958657 2
0 0.095 0.225 0.001189823124 2
0 0.095 0.235 0.001254939326 2
0 0.095 0.245 0.001308503845 2
0 0.095 0.255 0.001357336396 2
0 0.095 0.265 0.00139442711 2
0 0.095 0.275 0.001406212167 2
0 0.095 0.285 0.001392193254 2
0 0.095 0.295 0.00136380143 2
0 0.095 0.305 0.001324202523 2
0 0.095 0.315 0.00127130118 2
0 0.095 0.325 0.001203064115 2
0 0.095 0.335 0.001116889812 2
0 0.095 0.345 0.001011654628 2
0 0.095 0.355 0.000889325268 2
0 0.095 0.365 0.00075173478 2
0 0.095 0.375 0.0005994552175 2
0 0.095 0.385 0.0004289848202 2
0 0.095 0.395 0.0002770295921 2
0 0.095 0.405 0 2
0 0.095 0.415 0 2
0 0.095 0.425 0 2
0 0.095 0.435 0 2
0 0.095 0.445 0 2
0 0.095 0.455 0 2
0 0.095 0.465 0 2
0 0.105 -0.455 0 1
0 0.105 -0.445 0 1
0 0.105 -0.435 0 1
0 0.105 -0.425 0 1
0 0.105 -0.415 0 1
0 0.105 -0.405 0 1
0 0.105 -0.395 -0.0002708656352 1
0 0.105 -0.385 -0.0004343144195 1
0 0.105 -0.375 -0.0006142614611 1
0 0.105 -0.365 -0.0007598201951 1
0 0.105 -0.355 -0.0008776334867 1
0 0.105 -0.345 -0.0009756892755 1
0 0.105 -0.335 -0.001056675195 1
0 0.105 -0.325 -0.001117222988 1
0 0.105 -0.315 -0.001172562275 1
0 0.105 -0.305 -0.001239726779 2
0 0.105 -0.295 -0.001293108632 2
0 0.105 -0.285 -0.001321803878 2
0 0.105 -0.275 -0.00133204692 2
0 0.105 -0.265 -0.001321846965 2
0 0.105 -0.255 -0.001289569162 2
0 0.105 -0.245 -0.001249212226 1
0 0.105 -0.235 -0.001216390397 1
0 0.105 -0.225 -0.001190561806 1
0 0.105 -0.215 -0.001162153907 1
0 0.105 -0.205 -0.001129213069 1
0 0.105 -0.195 -0.001098043147 1
0 0.105 -0.185 -0.001070927016 1
0 0.105 -0.175 -0.001055075256 2
0 0.105 -0.165 -0.001036029063 2
0 0.105 -0.155 -0.001008309076 2
0 0.105 -0.145 -0.0009687285617 2
0 0.105 -0.135 -0.0009232633948 2
0 0.105 -0.125 -0.0008741862425 2
0 0.105 -0.115 -0.0008225418218 2
0 0.105 -0.105 -0.0007673607182 2
0 0.105 -0.095 -0.0007079318453 2
0 0.105 -0.085 -0.0006460524963 2
0 0.105 -0.075 -0.0005839380056 2
0 0.105 -0.065 -0.0005227716656 2
0 0.105 -0.055 -0.0004626265186 2
0 0.105 -0.045 -0.0004029676563 2
0 0.105 -0.035 -0.0003432507196 2
0 0.105 -0.025 -0.0002827360556 2
0 0.105 -0.015 -0.0002209926748 2
0 0.105 -0.005 -0.0001577883573 2
0 0.105 0.005 -9.31862164e-05 2
0 0.105 0.015 -2.745933847e-05 2
0 0.105 0.025 3.892828676e-05 2
0 0.105 0.035 0.000105393496 2
0 0.105 0.045 0.0001713055112 2
0 0.105 0.055 0.0002360556549 2
0 0.105 0.065 0.0002991111046 2
0 0.105 0.075 0.000360044474 2
0 0.105 0.085 0.0004185392414 2
0 0.105 0.095 0.0004743833062 2
0 0.105 0.105 0.0005274639102 2
0 0.105 0.115 0.0005777882069 2
0 0.105 0.125 0.0006255247272 2
0 0.105 0.135 0.0006711126378 2
0 0.105 0.145 0.0007154122783 2
0 0.105 0.155 0.0007598048689 2
0 0.105 0.165 0.0008061733139 2
0 0.105 0.175 0.0008573029836 2
0 0.105 0.185 0.0009158315727 2
0 0.105 0.195 0.0009830717191 2
0 0.105 0.205 0.001052941686 2
0 0.105 0.215 0.001125924384 2
0 0.105 0.225 0.00120382262 2
0 0.105 0.235 0.001280661963 2
0 0.105 0.245 0.001346952837 2
0 0.105 0.255 0.001401409238 2
0 0.105 0.265 0.001438687728 2
0 0.105 0.275 0.001449234551 2
0 0.105 0.285 0.001434147958 2
0 0.105 0.295 0.001403053236 2
0 0.105 0.305 0.001361056322 2
0 0.105 0.315 0.001307096097 2
0 0.105 0.325 0.001239597512 2
0 0.105 0.335 0.001157923754 2
0 0.105 0.345 0.001058442224 2
0 0.105 0.355 0.000942362269 2
0 0.105 0.365 0.0008130094286 2
0 0.105 0.375 0.0006730108381 2
0 0.105 0.385 0.0004937406244 2
0 0.105 0.395 0.0003214557866 2
0 0.105 0.405 0 2
0 0.105 0.415 0 2
0 0.105 0.425 0 2
0 0.105 0.435 0 2
0 0.105 0.445 0 2
0 0.105 0.455 0 2
0 0.105 0.465 0 2
0 0.115 -0.455 0 1
0 0.115 -0.445 0 1
0 0.115 -0.435 0 1
0 0.115 -0.425 0 1
0 0.115 -0.415 0 1
0 0.115 -0.405 0 1
0 0.115 -0.395 -0.0002364595063 1
0 0.115 -0.385 -0.0003810940893 1
0 0.115 -0.375 -0.0005374224768 1
0 0.115 -0.365 -0.000669861243 1
0 0.115 -0.355 -0.0007883851013 1
0 0.115 -0.345 -0.0008880145232 1
0 0.115 -0.335 -0.00097248203 1
0 0.115 -0.325 -0.001038434208 1
0 0.115 -0.315 -0.001101086952 1
0 0.115 -0.305 -0.001174717532 2
0 0.115 -0.295 -0.001239689566 2
0 0.115 -0.285 -0.001286073892 2
0 0.115 -0.275 -0.00131004863 2
0 0.115 -0.265 -0.001312998125 2
0 0.115 -0.255 -0.001289344751 2
0 0.115 -0.245 -0.001245120983 2
0 0.115 -0.235 -0.001198335705 1
0 0.115 -0.225 -0.001165266488 1
0 0.115 -0.215 -0.001136190134 1
0 0.115 -0.205 -0.001107356818 1
0 0.115 -0.195 -0.001081204021 1
0 0.115 -0.185 -0.001054888117 1
0 0.115 -0.175 -0.001033052435 2
0 0.115 -0.165 -0.001012747718 2
0 0.115 -0.155 -0.0009932381637 2
0 0.115 -0.145 -0.0009599359043 2
0 0.115 -0.135 -0.000917607343 2
0 0.115 -0.125 -0.0008750773026 2
0 0.115 -0.115 -0.0008341020597 2
0 0.115 -0.105 -0.0007865362125 2
0 0.115 -0.095 -0.0007270691393 2
0 0.115 -0.085 -0.0006637455996 2
0 0.115 -0.075 -0.0006031815279 2
0 0.115 -0.065 -0.0005449673695 2
0 0.115 -0.055 -0.0004858093872 2
0 0.115 -0.045 -0.0004248805435 2
0 0.115 -0.035 -0.0003637554482 2
0 0.115 -0.025 -0.0003016875565 2
0 0.115 -0.015 -0.0002381103346 2
0 0.115 -0.005 -0.0001728490821 2
0 0.115 0.005 -0.000106096443 2
0 0.115 0.015 -3.824477754e-05 2
0 0.115 0.025 3.018146842e-05 2
0 0.115 0.035 9.858304014e-05 2
0 0.115 0.045 0.0001663474276 2
0 0.115 0.055 0.0002328982855 2
0 0.115 0.065 0.0002977315135 2
0 0.115 0.075 0.0003604381675 2
0 0.115 0.085 0.0004207150418 2
0 0.115 0.095 0.0004783704702 2
0 0.115 0.105 0.0005333336145 2
0 0.115 0.115 0.0005856804203 2
0 0.115 0.125 0.0006356788463 2
0 0.115 0.135 0.0006838618191 2
0 0.115 0.145 0.0007311050002 2
0 0.115 0.155 0.0007787326286 2
0 0.115 0.165 0.0008283444207 2
0 0.115 0.175 0.0008818580759 2
0 0.115 0.185 0.0009407953169 2
0 0.115 0.195 0.001006229245 2
0 0.115 0.205 0.001077558377 2
0 0.115 0.215 0.001152857051 2
0 0.115 0.225 0.001228760239 2
0 0.115 0.235 0.001300925361 2
0 0.115 0.245 0.001364180863 2
0 0.115 0.255 0.001413567862 2
0 0.115 0.265 0.001444639647 2
0 0.115 0.275 0.001454167045 2
0 0.115 0.285 0.00144279081 2
0 0.115 0.295 0.001414416114 2
0 0.115 0.305 0.001372938404 2
0 0.115 0.315 0.001319396072 2
0 0.115 0.325 0.001252853122 2
0 0.115 0.335 0.001175787496 2
0 0.115 0.345 0.001083316727 2
0 0.115 0.355 0.0009742349437 2
0 0.115 0.365 0.0008559305066 2
0 0.115 0.375 0.0007253638662 2
0 0.115 0.385 0.0005367771022 2
0 0.115 0.395 0.000348619599 2
0 0.115 0.405 0 2
0 0.115 0.415 0 2
0 0.115 0.425 0 2
0 0.115 0.435 0 2
0 0.115 0.445 0 2
0 0.115 0.455 0 2
0 0.115 0.465 0 2
0 0.125 -0.455 0 1
0 0.125 -0.445 0 1
0 0.125 -0.435 0 1
0 0.125 -0.425 0 1
0 0.125 -0.415 0 1
0 0.125 -0.405 0 1
0 0.125 -0.395 -0.0002081305848 1
0 0.125 -0.385 -0.0003345231228 1
0 0.125 -0.375 -0.0004711657815 1
0 0.125 -0.365 -0.0005913527952 1
0 0.125 -0.355 -0.0007035832678 1
0 0.125 -0.345 -0.0008032750446 1
0 0.125 -0.335 -0.0008909027942 1
0 0.125 -0.325 -0.0009617074204 1
0 0.125 -0.315 -0.001028050986 1
0 0.125 -0.305 -0.001104126183 2
0 0.125 -0.295 -0.001176180315 2
0 0.125 -0.285 -0.001237192231 2
0 0.125 -0.275 -0.001272554511 2
0 0.125 -0.265 -0.001289239693 2
0 0.125 -0.255 -0.001284335247 2
0 0.125 -0.245 -0.001257247753 2
0 0.125 -0.235 -0.001209221914 2
0 0.125 -0.225 -0.001156610674 2
0 0.125 -0.215 -0.00111309266 1
0 0.125 -0.205 -0.0010845283 1
0 0.125 -0.195 -0.001057468834 1
0 0.125 -0.185 -0.001026440032 2
0 0.125 -0.175 -0.000998948827 2
0 0.125 -0.165 -0.0009838048193 2
0 0.125 -0.155 -0.0009677303794 2
0 0.125 -0.145 -0.0009383640377 2
0 0.125 -0.135 -0.0009029140188 2
0 0.125 -0.125 -0.0008665592778 2
0 0.125 -0.115 -0.0008299654996 2
0 0.125 -0.105 -0.0007880878063 2
0 0.125 -0.095 -0.0007424141888 2
0 0.125 -0.085 -0.000692462848 2
0 0.125 -0.075 -0.0006355782463 2
0 0.125 -0.065 -0.0005731420613 2
0 0.125 -0.055 -0.0005089202809 2
0 0.125 -0.045 -0.0004473741737 2
0 0.125 -0.035 -0.0003854461901 2
0 0.125 -0.025 -0.000321378578 2
0 0.125 -0.015 -0.0002557082536 2
0 0.125 -0.005 -0.0001882619752 2
0 0.125 0.005 -0.0001192853527 2
0 0.125 0.015 -4.927093824e-05 2
0 0.125 0.025 2.118724794e-05 2
0 0.125 0.035 9.147690238e-05 2
0 0.125 0.045 0.0001610039801 2
0 0.125 0.055 0.0002292266349 2
0 0.125 0.065 0.0002956782636 2
0 0.125 0.075 0.0003599839372 2
0 0.125 0.085 0.000421872275 2
0 0.125 0.095 0.0004811868826 2
0 0.125 0.105 0.0005379021166 2
0 0.125 0.115 0.0005921490694 2
0 0.125 0.125 0.000644252853 2
0 0.125 0.135 0.000694779792 2
0 0.125 0.145 0.0007445688388 2
0 0.125 0.155 0.000794757208 2
0 0.125 0.165 0.0008466997808 2
0 0.125 0.175 0.0009018170481 2
0 0.125 0.185 0.0009610918509 2
0 0.125 0.195 0.00102495382 2
0 0.125 0.205 0.001092843108 2
0 0.125 0.215 0.001163394023 2
0 0.125 0.225 0.00123400142 2
0 0.125 0.235 0.001300733271 2
0 0.125 0.245 0.00135869972 2
0 0.125 0.255 0.001403200447 2
0 0.125 0.265 0.001430446557 2
0 0.125 0.275 0.0014382321 2
0 0.125 0.285 0.001427073239 2
0 0.125 0.295 0.001399443422 2
0 0.125 0.305 0.00135815357 2
0 0.125 0.315 0.001303800689 2
0 0.125 0.325 0.001237098446 2
0 0.125 0.335 0.001153152621 2
0 0.125 0.345 0.001053815713 2
0 0.125 0.355 0.0009481586088 1
0 0.125 0.365 0.0008434533248 1
0 0.125 0.375 0.0007222546816 1
0 0.125 0.385 0.0005547353746 1
0 0.125 0.395 0.0003770247493 1
0 0.125 0.405 0 2
0 0.125 0.415 0 2
0 0.125 0.425 0 2
0 0.125 0.435 0 2
0 0.125 0.445 0 2
0 0.125 0.455 0 2
0 0.125 0.465 0 2
0 0.135 -0.455 0 1
0 0.135 -0.445 0 1
0 0.135 -0.435 0 1
0 0.135 -0.425 0 1
0 0.135 -0.415 0 1
0 0.135 -0.405 0 1
0 0.135 -0.395 -0.0001563696827 1
0 0.135 -0.385 -0.0002689278467 1
0 0.135 -0.375 -0.0003946997271 1
0 0.135 -0.365 -0.0005087763142 1
0 0.135 -0.355 -0.0006205280721 1
0 0.135 -0.345 -0.0007235728693 1
0 0.135 -0.335 -0.0008141182038 1
0 0.135 -0.325 -0.0008880773759 1
0 0.135 -0.315 -0.0009570928353 1
0 0.135 -0.305 -0.001035863048 2
0 0.135 -0.295 -0.001112401523 2
0 0.135 -0.285 -0.001180951334 2
0 0.135 -0.275 -0.001226256122 2
0 0.135 -0.265 -0.001253362301 2
0 0.135 -0.255 -0.001261497161 2
0 0.135 -0.245 -0.001250370447 2
0 0.135 -0.235 -0.001218551483 2
0 0.135 -0.225 -0.001174111563 2
0 0.135 -0.215 -0.001125451995 2
0 0.135 -0.205 -0.00107800818 2
0 0.135 -0.195 -0.001030374597 2
0 0.135 -0.185 -0.0009885599595 2
0 0.135 -0.175 -0.0009647825343 2
0 0.135 -0.165 -0.0009513778764 2
0 0.135 -0.155 -0.0009309774932 2
0 0.135 -0.145 -0.0009055907385 2
0 0.135 -0.135 -0.0008819056748 1
0 0.135 -0.125 -0.000851139885 2
0 0.135 -0.115 -0.0008145923719 2
0 0.135 -0.105 -0.0007781042721 1
0 0.135 -0.095 -0.0007481722554 1
0 0.135 -0.085 -0.0007155638791 1
0 0.135 -0.075 -0.0006692561159 2
0 0.135 -0.065 -0.0006085149119 2
0 0.135 -0.055 -0.0005400647337 2
0 0.135 -0.045 -0.0004736303753 2
0 0.135 -0.035 -0.0004077615911 2
0 0.135 -0.025 -0.000341686632 2
0 0.135 -0.015 -0.0002733658795 2
0 0.135 -0.005 -0.0002034120771 2
0 0.135 0.005 -0.0001320496969 2
0 0.135 0.015 -5.982523474e-05 2
0 0.135 0.025 1.263319637e-05 2
0 0.135 0.035 8.472174177e-05 2
0 0.135 0.045 0.0001558800194 2
0 0.135 0.055 0.0002256104825 2
0 0.135 0.065 0.0002934928571 2
0 0.135 0.075 0.000359194976 2
0 0.135 0.085 0.0004224840737 2
0 0.135 0.095 0.0004832403272 2
0 0.135 0.105 0.0005414741142 2
0 0.135 0.115 0.0005973486714 2
0 0.135 0.125 0.000651205814 2
0 0.135 0.135 0.0007035918609 2
0 0.135 0.145 0.000755263875 2
0 0.135 0.155 0.0008071701135 2
0 0.135 0.165 0.0008603559734 2
0 0.135 0.175 0.0009158270454 2
0 0.135 0.185 0.0009742940443 2
0 0.135 0.195 0.001035946397 2
0 0.135 0.205 0.001100142827 2
0 0.135 0.215 0.00116536311 2
0 0.135 0.225 0.001229093815 2
0 0.135 0.235 0.00128789983 2
0 0.135 0.245 0.001337838469 2
0 0.135 0.255 0.001375168027 2
0 0.135 0.265 0.001396932245 2
0 0.135 0.275 0.001401468605 2
0 0.135 0.285 0.001388831596 2
0 0.135 0.295 0.001360219441 2
0 0.135 0.305 0.001317306161 2
0 0.135 0.315 0.001259856029 2
0 0.135 0.325 0.001190331454 2
0 0.135 0.335 0.001094460932 2
0 0.135 0.345 0.0009829715435 2
0 0.135 0.355 0.0008745135178 1
0 0.135 0.365 0.0007690712705 1
0 0.135 0.375 0.0006444516042 1
0 0.135 0.385 0.000499269758 1
0 0.135 0.395 0.0003437778305 1
0 0.135 0.405 0 2
0 0.135 0.415 0 2
0 0.135 0.425 0 2
0 0.135 0.435 0 2
0 0.135 0.445 0 2
0 0.135 0.455 0 2
0 0.135 0.465 0 2
0 0.145 -0.455 0 2
0 0.145 -0.445 0 2
0 0.145 -0.435 0 1
0 0.145 -0.425 0 1
0 0.145 -0.415 0 1
0 0.145 -0.405 0 1
0 0.145 -0.395 -9.593163117e-05 1
0 0.145 -0.385 -0.0001993959004 1
0 0.145 -0.375 -0.0003215057545 1
0 0.145 -0.365 -0.0004334671918 1
0 0.145 -0.355 -0.0005477758771 1
0 0.145 -0.345 -0.0006531395628 1
0 0.145 -0.335 -0.0007438138026 1
0 0.145 -0.325 -0.0008185628323 1
0 0.145 -0.315 -0.0008882738411 1
0 0.145 -0.305 -0.0009677410998 2
0 0.145 -0.295 -0.001046548413 2
0 0.145 -0.285 -0.001120216187 2
0 0.145 -0.275 -0.001173067177 2
0 0.145 -0.265 -0.001209084638 2
0 0.145 -0.255 -0.001225878008 2
0 0.145 -0.245 -0.001223914914 2
0 0.145 -0.235 -0.0012059859 2
0 0.145 -0.225 -0.001174779096 2
0 0.145 -0.215 -0.001130018173 2
0 0.145 -0.205 -0.001073929423 2
0 0.145 -0.195 -0.00101630643 2
0 0.145 -0.185 -0.0009701859232 2
0 0.145 -0.175 -0.0009400310338 2
0 0.145 -0.165 -0.0009179446323 2
0 0.145 -0.155 -0.0008959559809 1
0 0.145 -0.145 -0.000876634774 1
0 0.145 -0.135 -0.0008554282077 1
0 0.145 -0.125 -0.0008285526699 1
0 0.145 -0.115 -0.0008016985114 1
0 0.145 -0.105 -0.0007720083389 1
0 0.145 -0.095 -0.0007391821023 1
0 0.145 -0.085 -0.0007040864982 1
0 0.145 -0.075 -0.0006682401012 1
0 0.145 -0.065 -0.0006279424587 1
0 0.145 -0.055 -0.0005712126314 2
0 0.145 -0.045 -0.0005021947626 2
0 0.145 -0.035 -0.0004301606572 2
0 0.145 -0.025 -0.0003602545621 2
0 0.145 -0.015 -0.0002897172678 2
0 0.145 -0.005 -0.0002171172784 2
0 0.145 0.005 -0.0001433577992 2
0 0.145 0.015 -6.901669673e-05 2
0 0.145 0.025 5.296123622e-06 2
0 0.145 0.035 7.899554145e-05 2
0 0.145 0.045 0.0001515699158 2
0 0.145 0.055 0.0002225762029 2
0 0.145 0.065 0.0002916451987 2
0 0.145 0.075 0.0003584888597 2
0 0.145 0.085 0.0004229101914 2
0 0.145 0.095 0.0004848175466 2
0 0.145 0.105 0.0005442411107 2
0 0.145 0.115 0.0006013511196 2
0 0.145 0.125 0.0006564737714 2
0 0.145 0.135 0.0007100999797 2
0 0.145 0.145 0.0007628751172 2
0 0.145 0.155 0.0008155603002 2
0 0.145 0.165 0.0008689423647 2
0 0.145 0.175 0.0009237043256 2
0 0.145 0.185 0.0009802412473 2
0 0.145 0.195 0.001038485537 2
0 0.145 0.205 0.001097717117 2
0 0.145 0.215 0.001156478433 2
0 0.145 0.225 0.001212534151 2
0 0.145 0.235 0.001262992396 2
0 0.145 0.245 0.00130463025 2
0 0.145 0.255 0.001334388035 2
0 0.145 0.265 0.001349840907 2
0 0.145 0.275 0.001349544542 2
0 0.145 0.285 0.001333172184 2
0 0.145 0.295 0.001301087028 2
0 0.145 0.305 0.001253858216 2
0 0.145 0.315 0.0011904397 2
0 0.145 0.325 0.001110034432 2
0 0.145 0.335 0.001002895839 2
0 0.145 0.345 0.0008852313446 1
0 0.145 0.355 0.0007864679378 1
0 0.145 0.365 0.0006821204696 1
0 0.145 0.375 0.0005566925165 1
0 0.145 0.385 0.0004199861573 1
0 0.145 0.395 0.0002782053895 1
0 0.145 0.405 0 1
0 0.145 0.415 0 2
0 0.145 0.425 0 2
0 0.145 0.435 0 2
0 0.145 0.445 0 2
0 0.145 0.455 0 2
0 0.145 0.465 0 2
0 0.155 -0.455 0 2
0 0.155 -0.445 0 2
0 0.155 -0.435 0 2
0 0.155 -0.425 0 2
0 0.155 -0.415 0 2
0 0.155 -0.405 0 2
0 0.155 -0.395 -9.203111625e-05 2
0 0.155 -0.385 -0.0001831447701 2
0 0.155 -0.375 -0.0002995501566 2
0 0.155 -0.365 -0.0004011630092 1
0 0.155 -0.355 -0.0004996801609 1
0 0.155 -0.345 -0.0005929923751 1
0 0.155 -0.335 -0.0006774793168 1
0 0.155 -0.325 -0.0007505567828 1
0 0.155 -0.315 -0.0008213963285 1
0 0.155 -0.305 -0.0008999567921 2
0 0.155 -0.295 -0.0009799890688 2
0 0.155 -0.285 -0.001059379992 2
0 0.155 -0.275 -0.001117968592 2
0 0.155 -0.265 -0.001160270835 2
0 0.155 -0.255 -0.001183911977 2
0 0.155 -0.245 -0.001189640055 2
0 0.155 -0.235 -0.001178371405 2
0 0.155 -0.225 -0.001151757084 2
0 0.155 -0.215 -0.001112227113 2
0 0.155 -0.205 -0.001063701319 2
0 0.155 -0.195 -0.001012105127 2
0 0.155 -0.185 -0.0009640288265 2
0 0.155 -0.175 -0.0009240995113 2
0 0.155 -0.165 -0.0008941195896 2
0 0.155 -0.155 -0.0008714516526 1
0 0.155 -0.145 -0.0008505560008 1
0 0.155 -0.135 -0.0008287330379 1
0 0.155 -0.125 -0.0008049723912 1
0 0.155 -0.115 -0.0007819544737 1
0 0.155 -0.105 -0.0007554528707 1
0 0.155 -0.095 -0.0007212040719 1
0 0.155 -0.085 -0.0006841593197 1
0 0.155 -0.075 -0.0006487898877 1
0 0.155 -0.065 -0.0006138363092 1
0 0.155 -0.055 -0.0005728663585 1
0 0.155 -0.045 -0.0005171700026 2
0 0.155 -0.035 -0.0004491249019 2
0 0.155 -0.025 -0.0003768654907 2
0 0.155 -0.015 -0.0003030066614 2
0 0.155 -0.005 -0.0002279516959 2
0 0.155 0.005 -0.0001520142237 2
0 0.155 0.015 -7.585416728e-05 2
0 0.155 0.025 -1.45046654e-08 2
0 0.155 0.035 7.496377308e-05 2
0 0.155 0.045 0.0001486255562 2
0 0.155 0.055 0.000220588027 2
0 0.155 0.065 0.0002905301114 2
0 0.155 0.075 0.0003582008299 2
0 0.155 0.085 0.0004234277339 2
0 0.155 0.095 0.0004861320957 2
0 0.155 0.105 0.0005463442131 2
0 0.155 0.115 0.0006042176607 2
0 0.155 0.125 0.00066003779 2
0 0.155 0.135 0.0007142194821 2
0 0.155 0.145 0.0007672859014 2
0 0.155 0.155 0.0008198219203 2
0 0.155 0.165 0.0008723934007 2
0 0.155 0.175 0.0009254357594 2
0 0.155 0.185 0.0009791123081 2
0 0.155 0.195 0.001033174416 2
0 0.155 0.205 0.001086834608 2
0 0.155 0.215 0.001138705904 2
0 0.155 0.225 0.0011868125 2
0 0.155 0.235 0.00122871955 2
0 0.155 0.245 0.00126178935 2
0 0.155 0.255 0.001283526948 2
0 0.155 0.265 0.001291907436 2
0 0.155 0.275 0.001285600945 2
0 0.155 0.285 0.0012639928 2
0 0.155 0.295 0.001226930887 2
0 0.155 0.305 0.00117410483 2
0 0.155 0.315 0.001104688944 2
0 0.155 0.325 0.001013619443 2
0 0.155 0.335 0.0009070123584 2
0 0.155 0.345 0.0007960152481 1
0 0.155 0.355 0.0007001173381 1
0 0.155 0.365 0.0006024681527 1
0 0.155 0.375 0.0004876673727 1
0 0.155 0.385 0.0003550049864 1
0 0.155 0.395 0.0002302280419 1
0 0.155 0.405 0 1
0 0.155 0.415 0 2
0 0.155 0.425 0 2
0 0.155 0.435 0 2
0 0.155 0.445 0 2
0 0.155 0.455 0 2
0 0.155 0.465 0 2
0 0.165 -0.455 0 2
0 0.165 -0.445 0 2
0 0.165 -0.435 0 2
0 0.165 -0.425 0 2
0 0.165 -0.415 0 2
0 0.165 -0.405 0 2
0 0.165 -0.395 -0.0001149938532 2
0 0.165 -0.385 -0.0001927361781 2
0 0.165 -0.375 -0.0002931471476 2
0 0.165 -0.365 -0.0003831191026 1
0 0.165 -0.355 -0.0004595453031 1
0 0.165 -0.345 -0.0005340603928 1
0 0.165 -0.335 -0.0006105322901 1
0 0.165 -0.325 -0.0006834287097 1
0 0.165 -0.315 -0.0007566440013 1
0 0.165 -0.305 -0.0008356318885 2
0 0.165 -0.295 -0.000919664531 2
0 0.165 -0.285 -0.001004060781 2
0 0.165 -0.275 -0.001066052495 2
0 0.165 -0.265 -0.001111845477 2
0 0.165 -0.255 -0.001139458184 2
0 0.165 -0.245 -0.001149975898 2
0 0.165 -0.235 -0.001144204913 2
0 0.165 -0.225 -0.001123520394 2
0 0.165 -0.215 -0.001089989005 2
0 0.165 -0.205 -0.001047056937 2
0 0.165 -0.195 -0.0009996811829 2
0 0.165 -0.185 -0.0009535751509 2
0 0.165 -0.175 -0.0009131300293 2
0 0.165 -0.165 -0.0008818065009 2
0 0.165 -0.155 -0.0008556743481 1
0 0.165 -0.145 -0.0008301856624 1
0 0.165 -0.135 -0.0008068809532 1
0 0.165 -0.125 -0.0007836724674 1
0 0.165 -0.115 -0.0007591396302 1
0 0.165 -0.105 -0.0007316886362 1
0 0.165 -0.095 -0.0007004307947 1
0 0.165 -0.085 -0.0006663599888 1
0 0.165 -0.075 -0.000630095041 1
0 0.165 -0.065 -0.0005923337928 1
0 0.165 -0.055 -0.0005539797348 1
0 0.165 -0.045 -0.0005110153848 1
0 0.165 -0.035 -0.0004554694407 2
0 0.165 -0.025 -0.0003858150076 2
0 0.165 -0.015 -0.0003098791566 2
0 0.165 -0.005 -0.0002339778319 2
0 0.165 0.005 -0.0001567019038 2
0 0.165 0.015 -7.934213975e-05 2
0 0.165 0.025 -2.542938829e-06 2
0 0.165 0.035 7.321193925e-05 2
0 0.165 0.045 0.000147509312 2
0 0.165 0.055 0.0002200198207 2
0 0.165 0.065 0.0002904564452 2
0 0.165 0.075 0.0003585887836 2
0 0.165 0.085 0.0004242502502 2
0 0.165 0.095 0.0004873549026 2
0 0.165 0.105 0.0005479121052 2
0 0.165 0.115 0.0006060381547 2
0 0.165 0.125 0.000661959891 2
0 0.165 0.135 0.0007160060608 2
0 0.165 0.145 0.0007685808752 2
0 0.165 0.155 0.0008201156838 2
0 0.165 0.165 0.0008709955732 2
0 0.165 0.175 0.0009214646073 2
0 0.165 0.185 0.0009715158395 2
0 0.165 0.195 0.001020785316 2
0 0.165 0.205 0.001068466425 2
0 0.165 0.215 0.001113274913 2
0 0.165 0.225 0.001153478745 2
0 0.165 0.235 0.001187013497 2
0 0.165 0.245 0.001211678908 2
0 0.165 0.255 0.001225386879 2
0 0.165 0.265 0.001226388727 2
0 0.165 0.275 0.001213441258 2
0 0.165 0.285 0.001185778824 2
0 0.165 0.295 0.001143080438 2
0 0.165 0.305 0.001084624858 2
0 0.165 0.315 0.001010611253 2
0 0.165 0.325 0.0009139298965 2
0 0.165 0.335 0.0008117186194 2
0 0.165 0.345 0.0007089586314 1
0 0.165 0.355 0.0006184409346 1
0 0.165 0.365 0.0005272193808 1
0 0.165 0.375 0.0004241559599 1
0 0.165 0.385 0.0003003813997 1
0 0.165 0.395 0.0001931448121 1
0 0.165 0.405 0 1
0 0.165 0.415 0 2
0 0.165 0.425 0 2
0 0.165 0.435 0 2
0 0.165 0.445 0 2
0 0.165 0.455 0 2
0 0.165 0.465 0 2
0 0.175 -0.455 0 2
0 0.175 -0.445 0 2
0 0.175 -0.435 0 2
0 0.175 -0.425 0 2
0 0.175 -0.415 0 2
0 0.175 -0.405 0 2
0 0.175 -0.395 -0.0001357467433 2
0 0.175 -0.385 -0.0002092510403 2
0 0.175 -0.375 -0.0002974915583 2
0 0.175 -0.365 -0.0003805889348 2
0 0.175 -0.355 -0.0004429682478 1
0 0.175 -0.345 -0.000498663295 1
0 0.175 -0.335 -0.0005641132447 1
0 0.175 -0.325 -0.0006364826992 1
0 0.175 -0.315 -0.0007196155258 2
0 0.175 -0.305 -0.0007973513811 2
0 0.175 -0.295 -0.000881636484 2
0 0.175 -0.285 -0.0009615878891 2
0 0.175 -0.275 -0.001022298497 2
0 0.175 -0.265 -0.001067904969 2
0 0.175 -0.255 -0.001096794851 2
0 0.175 -0.245 -0.001109854559 2
0 0.175 -0.235 -0.001107755573 2
0 0.175 -0.225 -0.001091901421 2
0 0.175 -0.215 -0.001064345992 2
0 0.175 -0.205 -0.0010280844 2
0 0.175 -0.195 -0.0009867548019 2
0 0.175 -0.185 -0.0009446922333 2
0 0.175 -0.175 -0.0009044532463 2
0 0.175 -0.165 -0.0008720367016 2
0 0.175 -0.155 -0.0008439233015 1
0 0.175 -0.145 -0.0008165596677 1
0 0.175 -0.135 -0.0007907141156 1
0 0.175 -0.125 -0.0007654728132 1
0 0.175 -0.115 -0.0007393053916 1
0 0.175 -0.105 -0.0007109811956 1
0 0.175 -0.095 -0.0006795389894 1
0 0.175 -0.085 -0.0006454728395 1
0 0.175 -0.075 -0.0006096184438 1
0 0.175 -0.065 -0.0005721009509 1
0 0.175 -0.055 -0.0005346385877 1
0 0.175 -0.045 -0.0004939475446 1
0 0.175 -0.035 -0.000443948464 2
0 0.175 -0.025 -0.0003822904911 2
0 0.175 -0.015 -0.0003101370084 2
0 0.175 -0.005 -0.0002338882565 2
0 0.175 0.005 -0.0001564293908 2
0 0.175 0.015 -7.871576966e-05 2
0 0.175 0.025 -1.727583343e-06 2
0 0.175 0.035 7.415490123e-05 2
0 0.175 0.045 0.0001485366716 2
0 0.175 0.055 0.0002211217258 2
0 0.175 0.065 0.0002916319905 2
0 0.175 0.075 0.0003598323665 2
0 0.175 0.085 0.0004255374371 2
0 0.175 0.095 0.0004886306972 2
0 0.175 0.105 0.0005490794395 2
0 0.175 0.115 0.0006069452803 2
0 0.175 0.125 0.0006623852602 2
0 0.175 0.135 0.0007156401653 2
0 0.175 0.145 0.0007670063532 2
0 0.175 0.155 0.0008167888734 2
0 0.175 0.165 0.0008652354893 2
0 0.175 0.175 0.0009124557253 2
0 0.175 0.185 0.0009583326475 2
0 0.175 0.195 0.001002441717 2
0 0.175 0.205 0.001043991967 2
0 0.175 0.215 0.001081808704 2
0 0.175 0.225 0.001114369487 2
0 0.175 0.235 0.001139901711 2
0 0.175 0.245 0.001156533076 2
0 0.175 0.255 0.001162474489 2
0 0.175 0.265 0.001156182544 2
0 0.175 0.275 0.001136505308 2
0 0.175 0.285 0.001102644019 2
0 0.175 0.295 0.001054374888 2
0 0.175 0.305 0.0009910842194 2
0 0.175 0.315 0.0009144572719 2
0 0.175 0.325 0.0008195525014 2
0 0.175 0.335 0.0007228003434 2
0 0.175 0.345 0.000627306516 1
0 0.175 0.355 0.0005439570224 1
0 0.175 0.365 0.0004600099016 1
0 0.175 0.375 0.0003670830615 1
0 0.175 0.385 0.0002598160252 1
0 0.175 0.395 0.000168053377 1
0 0.175 0.405 0 1
0 0.175 0.415 0 2
0 0.175 0.425 0 2
0 0.175 0.435 0 2
0 0.175 0.445 0 2
0 0.175 0.455 0 2
0 0.175 0.465 0 2
0 0.185 -0.455 0 2
0 0.185 -0.445 0 2
0 0.185 -0.435 0 2
0 0.185 -0.425 0 2
0 0.185 -0.415 0 2
0 0.185 -0.405 0 2
0 0.185 -0.395 -0.000135896719 2
0 0.185 -0.385 -0.000219621334 2
0 0.185 -0.375 -0.0003118929009 2
0 0.185 -0.365 -0.0003945506669 2
0 0.185 -0.355 -0.000469426158 2
0 0.185 -0.345 -0.0005298021711 2
0 0.185 -0.335 -0.0005920442684 2
0 0.185 -0.325 -0.0006596687951 2
0 0.185 -0.315 -0.0007243480806 2
0 0.185 -0.305 -0.0007934643865 2
0 0.185 -0.295 -0.0008673246104 2
0 0.185 -0.285 -0.0009339521491 2
0 0.185 -0.275 -0.0009883888965 2
0 0.185 -0.265 -0.001030214879 2
0 0.185 -0.255 -0.00105793018 2
0 0.185 -0.245 -0.001071840886 2
0 0.185 -0.235 -0.001072405805 2
0 0.185 -0.225 -0.00106080769 2
0 0.185 -0.215 -0.001038803958 2
0 0.185 -0.205 -0.001008836823 2
0 0.185 -0.195 -0.0009736599923 2
0 0.185 -0.185 -0.0009365211955 2
0 0.185 -0.175 -0.0008984845124 2
0 0.185 -0.165 -0.000865377807 2
0 0.185 -0.155 -0.0008346012019 1
0 0.185 -0.145 -0.000804135229 1
0 0.185 -0.135 -0.0007755843764 1
0 0.185 -0.125 -0.0007490251606 1
0 0.185 -0.115 -0.0007208128777 1
0 0.185 -0.105 -0.0006911136827 1
0 0.185 -0.095 -0.0006590479692 1
0 0.185 -0.085 -0.0006246895405 1
0 0.185 -0.075 -0.0005883839106 1
0 0.185 -0.065 -0.0005504936063 1
0 0.185 -0.055 -0.000511354331 1
0 0.185 -0.045 -0.0004704687799 1
0 0.185 -0.035 -0.0004258049755 1
0 0.185 -0.025 -0.0003719239891 2
0 0.185 -0.015 -0.0003042994341 2
0 0.185 -0.005 -0.0002273159807 2
0 0.185 0.005 -0.0001507099747 2
0 0.185 0.015 -7.36261407e-05 2
0 0.185 0.025 2.66897779e-06 2
0 0.185 0.035 7.795189452e-05 2
0 0.185 0.045 0.000151824139 2
0 0.185 0.055 0.0002239909318 2
0 0.185 0.065 0.0002941500657 2
0 0.185 0.075 0.000362030389 2
0 0.185 0.085 0.0004273993426 2
0 0.185 0.095 0.0004900851218 2
0 0.185 0.105 0.0005499927407 2
0 0.185 0.115 0.000607114875 2
0 0.185 0.125 0.0006615324586 2
0 0.185 0.135 0.0007134023936 2
0 0.185 0.145 0.0007629297596 2
0 0.185 0.155 0.0008103235064 2
0 0.185 0.165 0.0008557366861 2
0 0.185 0.175 0.0008991957575 2
0 0.185 0.185 0.0009405268834 2
0 0.185 0.195 0.000979291098 2
0 0.185 0.205 0.001014741332 2
0 0.185 0.215 0.001045814563 2
0 0.185 0.225 0.001071167077 2
0 0.185 0.235 0.001089255514 2
0 0.185 0.245 0.00109845396 2
0 0.185 0.255 0.001097194516 2
0 0.185 0.265 0.001084089539 2
0 0.185 0.275 0.001058073178 2
0 0.185 0.285 0.00101836459 2
0 0.185 0.295 0.0009648965187 2
0 0.185 0.305 0.0008972703117 2
0 0.185 0.315 0.0008184912798 2
0 0.185 0.325 0.000725723367 2
0 0.185 0.335 0.0006347342613 2
0 0.185 0.345 0.0005467417428 1
0 0.185 0.355 0.0004707977441 1
0 0.185 0.365 0.0003943818312 1
0 0.185 0.375 0.0003116366926 1
0 0.185 0.385 0.0002205567695 1
0 0.185 0.395 0.0001439670042 1
0 0.185 0.405 0 1
0 0.185 0.415 0 2
0 0.185 0.425 0 2
0 0.185 0.435 0 2
0 0.185 0.445 0 2
0 0.185 0.455 0 2
0 0.185 0.465 0 2
0 0.195 -0.455 0 2
0 0.195 -0.445 0 2
0 0.195 -0.435 0 2
0 0.195 -0.425 0 2
0 0.195 -0.415 0 2
0 0.195 -0.405 0 2
0 0.195 -0.395 -0.0001390129849 2
0 0.195 -0.385 -0.000236454612 2
0 0.195 -0.375 -0.0003432317019 2
0 0.195 -0.365 -0.0004361995988 2
0 0.195 -0.355 -0.0005199190073 2
0 0.195 -0.345 -0.0005873246083 2
0 0.195 -0.335 -0.000645790528 2
0 0.195 -0.325 -0.0007012745188 2
0 0.195 -0.315 -0.0007534108198 2
0 0.195 -0.305 -0.0008086809635 2
0 0.195 -0.295 -0.000865776841 2
0 0.195 -0.285 -0.0009169727819 2
0 0.195 -0.275 -0.0009623453501 2
0 0.195 -0.265 -0.0009983098507 2
0 0.195 -0.255 -0.001023270247 2
0 0.195 -0.245 -0.001036811726 2
0 0.195 -0.235 -0.001039108776 2
0 0.195 -0.225 -0.001031055292 2
0 0.195 -0.215 -0.001014075888 2
0 0.195 -0.205 -0.0009900844601 2
0 0.195 -0.195 -0.0009611404501 2
0 0.195 -0.185 -0.0009294767255 2
0 0.195 -0.175 -0.0008960631888 2
0 0.195 -0.165 -0.0008626598657 2
0 0.195 -0.155 -0.0008283798969 2
0 0.195 -0.145 -0.0007924925558 1
0 0.195 -0.135 -0.0007617690308 1
0 0.195 -0.125 -0.0007339250061 1
0 0.195 -0.115 -0.0007040883813 1
0 0.195 -0.105 -0.000672621084 1
0 0.195 -0.095 -0.0006393100527 1
0 0.195 -0.085 -0.0006040772024 1
0 0.195 -0.075 -0.0005670452678 1
0 0.195 -0.065 -0.0005285585032 1
0 0.195 -0.055 -0.0004884288723 1
0 0.195 -0.045 -0.0004486161276 1
0 0.195 -0.035 -0.0004051770362 1
0 0.195 -0.025 -0.0003525397286 2
0 0.195 -0.015 -0.0002883452053 2
0 0.195 -0.005 -0.0002136542111 2
0 0.195 0.005 -0.0001394018898 2
0 0.195 0.015 -6.419262278e-05 2
0 0.195 0.025 1.04912431e-05 2
0 0.195 0.035 8.445895422e-05 2
0 0.195 0.045 0.0001572615632 2
0 0.195 0.055 0.000228558163 2
0 0.195 0.065 0.0002979850986 2
0 0.195 0.075 0.0003652017628 2
0 0.195 0.085 0.0004298995858 2
0 0.195 0.095 0.0004918273257 2
0 0.195 0.105 0.0005508093538 2
0 0.195 0.115 0.0006067581339 2
0 0.195 0.125 0.0006596759762 2
0 0.195 0.135 0.0007096438938 2
0 0.195 0.145 0.0007567955411 2
0 0.195 0.155 0.0008012757059 2
0 0.195 0.165 0.0008431849186 2
0 0.195 0.175 0.0008825148193 2
0 0.195 0.185 0.0009190821857 2
0 0.195 0.195 0.000952472464 2
0 0.195 0.205 0.0009820043885 2
0 0.195 0.215 0.001006725922 2
0 0.195 0.225 0.001025446669 2
0 0.195 0.235 0.001036806477 2
0 0.195 0.245 0.001039370222 2
0 0.195 0.255 0.001031741045 2
0 0.195 0.265 0.00101265661 2
0 0.195 0.275 0.0009811240686 2
0 0.195 0.285 0.0009363800485 2
0 0.195 0.295 0.0008784105905 2
0 0.195 0.305 0.0008068062096 2
0 0.195 0.315 0.0007252239609 2
0 0.195 0.325 0.0006297047455 2
0 0.195 0.335 0.0005431601668 2
0 0.195 0.345 0.0004630096491 1
0 0.195 0.355 0.0003918951561 1
0 0.195 0.365 0.0003219814244 1
0 0.195 0.375 0.0002533049682 1
0 0.195 0.385 0.0001723368316 1
0 0.195 0.395 0.000111416935 1
0 0.195 0.405 0 1
0 0.195 0.415 0 2
0 0.195 0.425 0 2
0 0.195 0.435 0 2
0 0.195 0.445 0 2
0 0.195 0.455 0 2
0 0.195 0.465 0 2
0 0.205 -0.455 0 2
0 0.205 -0.445 0 2
0 0.205 -0.435 0 2
0 0.205 -0.425 0 2
0 0.205 -0.415 0 2
0 0.205 -0.405 0 2
0 0.205 -0.395 -0.0001538697089 2
0 0.205 -0.385 -0.0002615531996 2
0 0.205 -0.375 -0.0003766034796 2
0 0.205 -0.365 -0.000472203087 2
0 0.205 -0.355 -0.0005587986074 2
0 0.205 -0.345 -0.0006295063436 2
0 0.205 -0.335 -0.000687353614 2
0 0.205 -0.325 -0.0007355508841 2
0 0.205 -0.315 -0.0007787366706 2
0 0.205 -0.305 -0.0008204362257 2
0 0.205 -0.295 -0.0008621947297 2
0 0.205 -0.285 -0.0009030445984 2
0 0.205 -0.275 -0.0009399415039 2
0 0.205 -0.265 -0.0009700921162 2
0 0.205 -0.255 -0.000991908047 2
0 0.205 -0.245 -0.001004578022 2
0 0.205 -0.235 -0.001008057944 2
0 0.205 -0.225 -0.001002975822 2
0 0.205 -0.215 -0.0009904462619 2
0 0.205 -0.205 -0.0009719121868 2
0 0.205 -0.195 -0.0009488334205 2
0 0.205 -0.185 -0.000922480526 2
0 0.205 -0.175 -0.0008935471242 2
0 0.205 -0.165 -0.0008603952109 2
0 0.205 -0.155 -0.0008245435174 2
0 0.205 -0.145 -0.0007865567178 1
0 0.205 -0.135 -0.0007519876659 1
0 0.205 -0.125 -0.0007200971983 1
0 0.205 -0.115 -0.0006884571633 1
0 0.205 -0.105 -0.0006554340409 1
0 0.205 -0.095 -0.0006204841439 1
0 0.205 -0.085 -0.0005839637891 1
0 0.205 -0.075 -0.0005459076199 1
0 0.205 -0.065 -0.0005067510128 1
0 0.205 -0.055 -0.0004662655723 1
0 0.205 -0.045 -0.0004268041574 1
0 0.205 -0.035 -0.0003829097432 1
0 0.205 -0.025 -0.0003292913926 2
0 0.205 -0.015 -0.000266610412 2
0 0.205 -0.005 -0.000194921337 2
0 0.205 0.005 -0.0001237632324 2
0 0.205 0.015 -5.129535431e-05 2
0 0.205 0.025 2.110467848e-05 2
0 0.205 0.035 9.321098081e-05 2
0 0.205 0.045 0.0001645143495 2
0 0.205 0.055 0.0002345957119 2
0 0.205 0.065 0.0003030016538 2
0 0.205 0.075 0.0003692935092 2
0 0.205 0.085 0.0004330609398 2
0 0.205 0.095 0.0004939517242 2
0 0.205 0.105 0.0005516939092 2
0 0.205 0.115 0.0006061113028 2
0 0.205 0.125 0.0006571278693 2
0 0.205 0.135 0.0007047591795 2
0 0.205 0.145 0.000749089098 2
0 0.205 0.155 0.0007902309466 2
0 0.205 0.165 0.0008282744297 2
0 0.205 0.175 0.0008632226707 2
0 0.205 0.185 0.0008949274086 2
0 0.205 0.195 0.000923033468 2
0 0.205 0.205 0.0009469443405 2
0 0.205 0.215 0.0009658183318 2
0 0.205 0.225 0.0009785987818 2
0 0.205 0.235 0.0009840759111 2
0 0.205 0.245 0.0009809693767 2
0 0.205 0.255 0.0009680253576 2
0 0.205 0.265 0.0009440965805 2
0 0.205 0.275 0.0009082635404 2
0 0.205 0.285 0.0008597882681 2
0 0.205 0.295 0.0007986076217 2
0 0.205 0.305 0.0007241535963 2
0 0.205 0.315 0.0006398841512 2
0 0.205 0.325 0.0005395663295 2
0 0.205 0.335 0.000453514591 2
0 0.205 0.345 0.0003793758261 1
0 0.205 0.355 0.0003099521551 1
0 0.205 0.365 0.0002463863168 1
0 0.205 0.375 0.0001932443845 1
0 0.205 0.385 0.0001205113196 1
0 0.205 0.395 7.323738611e-05 1
0 0.205 0.405 0 1
0 0.205 0.415 0 2
0 0.205 0.425 0 2
0 0.205 0.435 0 2
0 0.205 0.445 0 2
0 0.205 0.455 0 2
0 0.205 0.465 0 2
0 0.215 -0.455 0 2
0 0.215 -0.445 0 2
0 0.215 -0.435 0 2
0 0.215 -0.425 0 2
0 0.215 -0.415 0 2
0 0.215 -0.405 0 2
0 0.215 -0.395 -0.0001685653383 2
0 0.215 -0.385 -0.0002788182922 2
0 0.215 -0.375 -0.0003950922803 2
0 0.215 -0.365 -0.0004876661868 2
0 0.215 -0.355 -0.0005688844099 2
0 0.215 -0.345 -0.0006380361355 2
0 0.215 -0.335 -0.0006941245628 2
0 0.215 -0.325 -0.0007402900319 2
0 0.215 -0.315 -0.0007801676955 2
0 0.215 -0.305 -0.0008170843744 2
0 0.215 -0.295 -0.0008527226355 2
0 0.215 -0.285 -0.0008867600656 2
0 0.215 -0.275 -0.0009175481994 2
0 0.215 -0.265 -0.000943249144 2
0 0.215 -0.255 -0.0009624698605 2
0 0.215 -0.245 -0.0009743709673 2
0 0.215 -0.235 -0.0009788254377 2
0 0.215 -0.225 -0.0009763089398 2
0 0.215 -0.215 -0.000967727189 2
0 0.215 -0.205 -0.0009541643382 2
0 0.215 -0.195 -0.0009365784063 2
0 0.215 -0.185 -0.0009154608401 2
0 0.215 -0.175 -0.0008910117358 2
0 0.215 -0.165 -0.0008610192358 2
0 0.215 -0.155 -0.0008263141898 2
0 0.215 -0.145 -0.0007873167125 2
0 0.215 -0.135 -0.0007450905805 1
0 0.215 -0.125 -0.0007082523132 1
0 0.215 -0.115 -0.0006736573445 1
0 0.215 -0.105 -0.0006384165155 1
0 0.215 -0.095 -0.0006015133455 1
0 0.215 -0.085 -0.0005637354561 1
0 0.215 -0.075 -0.000524552971 1
0 0.215 -0.065 -0.0004837926398 1
0 0.215 -0.055 -0.0004434699191 1
0 0.215 -0.045 -0.0004043915973 1
0 0.215 -0.035 -0.0003599104332 1
0 0.215 -0.025 -0.0003047408992 2
0 0.215 -0.015 -0.000242138817 2
0 0.215 -0.005 -0.0001735243366 2
0 0.215 0.005 -0.0001056007411 2
0 0.215 0.015 -3.623421128e-05 2
0 0.215 0.025 3.356224294e-05 2
0 0.215 0.035 0.0001035161117 2
0 0.215 0.045 0.0001730822458 2
0 0.215 0.055 0.0002417562084 2
0 0.215 0.065 0.0003089805543 2
0 0.215 0.075 0.0003741977599 2
0 0.215 0.085 0.0004368747939 2
0 0.215 0.095 0.0004965405431 2
0 0.215 0.105 0.0005528141615 2
0 0.215 0.115 0.0006054248903 2
0 0.215 0.125 0.00065422043 2
0 0.215 0.135 0.0006991623854 2
0 0.215 0.145 0.0007403069681 2
0 0.215 0.155 0.0007777690266 2
0 0.215 0.165 0.000811669467 2
0 0.215 0.175 0.0008420694244 2
0 0.215 0.185 0.0008688996566 2
0 0.215 0.195 0.0008918981594 2
0 0.215 0.205 0.0009105705355 2
0 0.215 0.215 0.0009241842378 2
0 0.215 0.225 0.0009317994641 2
0 0.215 0.235 0.0009323316234 2
0 0.215 0.245 0.0009246319509 2
0 0.215 0.255 0.0009075786866 2
0 0.215 0.265 0.0008801506206 2
0 0.215 0.275 0.0008415337851 2
0 0.215 0.285 0.0007910841447 2
0 0.215 0.295 0.0007287299181 2
0 0.215 0.305 0.0006540150826 2
0 0.215 0.315 0.000569646004 2
0 0.215 0.325 0.0004716411019 2
0 0.215 0.335 0.0003812137822 2
0 0.215 0.345 0.000304874956 2
0 0.215 0.355 0.0002258143156 1
0 0.215 0.365 0.0001636022945 1
0 0.215 0.375 0.0001165437379 1
0 0.215 0.385 6.317849557e-05 1
0 0.215 0.395 3.508393213e-05 1
0 0.215 0.405 0 2
0 0.215 0.415 0 2
0 0.215 0.425 0 2
0 0.215 0.435 0 2
0 0.215 0.445 0 2
0 0.215 0.455 0 2
0 0.215 0.465 0 2
0 0.225 -0.455 0 2
0 0.225 -0.445 0 2
0 0.225 -0.435 0 2
0 0.225 -0.425 0 1
0 0.225 -0.415 0 1
0 0.225 -0.405 0 1
0 0.225 -0.395 -0.0001534565429 1
0 0.225 -0.385 -0.0002533255092 2
0 0.225 -0.375 -0.0003781048115 2
0 0.225 -0.365 -0.0004764745711 2
0 0.225 -0.355 -0.0005547767543 2
0 0.225 -0.345 -0.0006242451338 2
0 0.225 -0.335 -0.000680159103 2
0 0.225 -0.325 -0.0007264237489 2
0 0.225 -0.315 -0.0007661415625 2
0 0.225 -0.305 -0.0008017073475 2
0 0.225 -0.295 -0.0008347000928 2
0 0.225 -0.285 -0.0008653191252 2
0 0.225 -0.275 -0.0008928099951 2
0 0.225 -0.265 -0.0009159786198 2
0 0.225 -0.255 -0.000933727707 2
0 0.225 -0.245 -0.0009453939834 2
0 0.225 -0.235 -0.0009508931964 2
0 0.225 -0.225 -0.0009506921123 2
0 0.225 -0.215 -0.0009456469828 2
0 0.225 -0.205 -0.0009366542293 2
0 0.225 -0.195 -0.0009242729907 2
0 0.225 -0.185 -0.0009083654173 2
0 0.225 -0.175 -0.0008883423674 2
0 0.225 -0.165 -0.0008626407035 2
0 0.225 -0.155 -0.0008303509234 2
0 0.225 -0.145 -0.0007916009432 2
0 0.225 -0.135 -0.0007484305573 2
0 0.225 -0.125 -0.0007028735126 1
0 0.225 -0.115 -0.0006630751496 1
0 0.225 -0.105 -0.0006246148897 1
0 0.225 -0.095 -0.0005850354366 1
0 0.225 -0.085 -0.0005451520173 1
0 0.225 -0.075 -0.0005044297481 1
0 0.225 -0.065 -0.0004619320917 1
0 0.225 -0.055 -0.0004210076155 1
0 0.225 -0.045 -0.0003808186786 1
0 0.225 -0.035 -0.0003349639345 1
0 0.225 -0.025 -0.0002786142035 2
0 0.225 -0.015 -0.000216783299 2
0 0.225 -0.005 -0.0001517401994 2
0 0.225 0.005 -8.681039427e-05 2
0 0.225 0.015 -2.04137098e-05 2
0 0.225 0.025 4.680897479e-05 2
0 0.225 0.035 0.0001145848166 2
0 0.225 0.045 0.0001823819528 2
0 0.225 0.055 0.0002496268899 2
0 0.225 0.065 0.0003156549907 2
0 0.225 0.075 0.0003797747195 2
0 0.225 0.085 0.0004413134263 2
0 0.225 0.095 0.0004996669423 2
0 0.225 0.105 0.0005543364478 2
0 0.225 0.115 0.0006049530103 2
0 0.225 0.125 0.0006512908649 2
0 0.225 0.135 0.0006932684084 2
0 0.225 0.145 0.0007309351472 2
0 0.225 0.155 0.0007644399572 2
0 0.225 0.165 0.0007939781694 2
0 0.225 0.175 0.0008197183048 2
0 0.225 0.185 0.0008417174243 2
0 0.225 0.195 0.0008598421338 2
0 0.225 0.205 0.0008737163961 2
0 0.225 0.215 0.0008827125224 2
0 0.225 0.225 0.0008859879301 2
0 0.225 0.235 0.0008825580379 2
0 0.225 0.245 0.0008713862316 2
0 0.225 0.255 0.0008514792325 2
0 0.225 0.265 0.0008219633805 2
0 0.225 0.275 0.0007821806439 2
0 0.225 0.285 0.0007316788105 2
0 0.225 0.295 0.000670493802 2
0 0.225 0.305 0.0005986094545 2
0 0.225 0.315 0.0005177516465 2
0 0.225 0.325 0.000428525488 2
0 0.225 0.335 0.0003332163339 2
0 0.225 0.345 0.0002476256178 2
0 0.225 0.355 0.0001670706424 1
0 0.225 0.365 0.0001010584707 1
0 0.225 0.375 4.906850396e-05 1
0 0.225 0.385 1.847993119e-05 1
0 0.225 0.395 7.540846546e-06 1
0 0.225 0.405 0 2
0 0.225 0.415 0 2
0 0.225 0.425 0 2
0 0.225 0.435 0 2
0 0.225 0.445 0 2
0 0.225 0.455 0 2
0 0.225 0.465 0 2
0 0.235 -0.455 0 2
0 0.235 -0.445 0 2
0 0.235 -0.435 0 1
0 0.235 -0.425 0 1
0 0.235 -0.415 0 1
0 0.235 -0.405 0 1
0 0.235 -0.395 -0.0001286479725 1
0 0.235 -0.385 -0.0002083813706 1
0 0.235 -0.375 -0.0003261135628 2
0 0.235 -0.365 -0.0004370740291 2
0 0.235 -0.355 -0.0005242033185 2
0 0.235 -0.345 -0.0005915494222 2
0 0.235 -0.335 -0.0006487336838 2
0 0.235 -0.325 -0.0006963597225 2
0 0.235 -0.315 -0.0007377826855 2
0 0.235 -0.305 -0.0007744902227 2
0 0.235 -0.295 -0.0008077849433 2
0 0.235 -0.285 -0.0008379839843 2
0 0.235 -0.275 -0.0008647430666 2
0 0.235 -0.265 -0.0008873178507 2
0 0.235 -0.255 -0.0009049504843 2
0 0.235 -0.245 -0.0009171636123 2
0 0.235 -0.235 -0.0009239831834 2
0 0.235 -0.225 -0.0009259831966 2
0 0.235 -0.215 -0.0009241616457 2
0 0.235 -0.205 -0.0009194548958 2
0 0.235 -0.195 -0.000912157715 2
0 0.235 -0.185 -0.0009016008288 2
0 0.235 -0.175 -0.0008864313835 2
0 0.235 -0.165 -0.0008652359948 2
0 0.235 -0.155 -0.0008360456429 2
0 0.235 -0.145 -0.0007989201412 2
0 0.235 -0.135 -0.0007573372248 2
0 0.235 -0.125 -0.0007129481211 2
0 0.235 -0.115 -0.0006656862287 2
0 0.235 -0.105 -0.0006207088373 2
0 0.235 -0.095 -0.0005771761777 1
0 0.235 -0.085 -0.0005353078998 2
0 0.235 -0.075 -0.0004902857488 2
0 0.235 -0.065 -0.0004439275338 1
0 0.235 -0.055 -0.0004032280897 1
0 0.235 -0.045 -0.0003618683988 1
0 0.235 -0.035 -0.0003107967232 2
0 0.235 -0.025 -0.0002535271579 2
0 0.235 -0.015 -0.000193135645 2
0 0.235 -0.005 -0.0001314229482 2
0 0.235 0.005 -6.886071224e-05 2
0 0.235 0.015 -4.977518344e-06 2
0 0.235 0.025 5.9928567e-05 2
0 0.235 0.035 0.0001256884325 2
0 0.235 0.045 0.0001918501557 2
0 0.235 0.055 0.0002577967344 2
0 0.235 0.065 0.0003227532767 2
0 0.235 0.075 0.0003858775544 2
0 0.235 0.085 0.0004463411409 2
0 0.235 0.095 0.0005033952863 2
0 0.235 0.105 0.000556417697 2
0 0.235 0.115 0.0006049397888 2
0 0.235 0.125 0.0006486647468 2
0 0.235 0.135 0.0006874755638 2
0 0.235 0.145 0.0007214322589 2
0 0.235 0.155 0.0007507480295 2
0 0.235 0.165 0.0007757375197 2
0 0.235 0.175 0.0007967319428 2
0 0.235 0.185 0.0008139696857 2
0 0.235 0.195 0.000827486354 2
0 0.235 0.205 0.0008370390093 2
0 0.235 0.215 0.0008420928654 2
0 0.235 0.225 0.0008418726334 2
0 0.235 0.235 0.0008354598432 2
0 0.235 0.245 0.000821905071 2
0 0.235 0.255 0.0008003367435 2
0 0.235 0.265 0.0007700462365 2
0 0.235 0.275 0.0007305770008 2
0 0.235 0.285 0.0006817525666 2
0 0.235 0.295 0.0006238482535 2
0 0.235 0.305 0.0005575117674 2
0 0.235 0.315 0.0004840126305 2
0 0.235 0.325 0.0004072592191 2
0 0.235 0.335 0.0003211863292 2
0 0.235 0.345 0.0002439772732 2
0 0.235 0.355 0.0001804742199 2
0 0.235 0.365 0.0001186885158 2
0 0.235 0.375 6.491341607e-05 2
0 0.235 0.385 3.976842461e-05 2
0 0.235 0.395 2.369037742e-05 2
0 0.235 0.405 0 2
0 0.235 0.415 0 2
0 0.235 0.425 0 2
0 0.235 0.435 0 2
0 0.235 0.445 0 2
0 0.235 0.455 0 2
0 0.235 0.465 0 2
0 0.245 -0.455 0 2
0 0.245 -0.445 0 2
0 0.245 -0.435 0 1
0 0.245 -0.425 0 1
0 0.245 -0.415 0 1
0 0.245 -0.405 0 1
0 0.245 -0.395 -0.0001042143907 1
0 0.245 -0.385 -0.0001706731553 1
0 0.245 -0.375 -0.0002708387197 2
0 0.245 -0.365 -0.0003830598928 2
0 0.245 -0.355 -0.0004775667316 2
0 0.245 -0.345 -0.0005429520219 2
0 0.245 -0.335 -0.0006028839686 2
0 0.245 -0.325 -0.0006534693585 2
0 0.245 -0.315 -0.0006981452767 2
0 0.245 -0.305 -0.0007377561303 2
0 0.245 -0.295 -0.0007733525939 2
0 0.245 -0.285 -0.0008052482194 2
0 0.245 -0.275 -0.0008333090555 2
0 0.245 -0.265 -0.0008570586964 2
0 0.245 -0.255 -0.0008759484715 2
0 0.245 -0.245 -0.000889603115 2
0 0.245 -0.235 -0.0008981097562 2
0 0.245 -0.225 -0.000902172009 2
0 0.245 -0.215 -0.0009032220503 2
0 0.245 -0.205 -0.0009026295052 2
0 0.245 -0.195 -0.0009005895542 2
0 0.245 -0.185 -0.000895793041 2
0 0.245 -0.175 -0.000885846643 2
0 0.245 -0.165 -0.0008684423309 2
0 0.245 -0.155 -0.0008423747664 2
0 0.245 -0.145 -0.0008068074794 2
0 0.245 -0.135 -0.0007649739303 2
0 0.245 -0.125 -0.0007198708185 2
0 0.245 -0.115 -0.0006716977847 2
0 0.245 -0.105 -0.0006253375599 2
0 0.245 -0.095 -0.0005800098259 2
0 0.245 -0.085 -0.0005330383201 2
0 0.245 -0.075 -0.0004870741566 2
0 0.245 -0.065 -0.0004412805567 2
0 0.245 -0.055 -0.0003954580425 2
0 0.245 -0.045 -0.0003468949474 2
0 0.245 -0.035 -0.0002932041503 2
0 0.245 -0.025 -0.0002354013726 2
0 0.245 -0.015 -0.0001748074634 2
0 0.245 -0.005 -0.0001137674564 2
0 0.245 0.005 -5.256918986e-05 2
0 0.245 0.015 9.336564228e-06 2
0 0.245 0.025 7.222562981e-05 2
0 0.245 0.035 0.0001362091379 2
0 0.245 0.045 0.0002009836922 2
0 0.245 0.055 0.0002658948824 2
0 0.245 0.065 0.0003300335644 2
0 0.245 0.075 0.0003923765964 2
0 0.245 0.085 0.0004519238418 2
0 0.245 0.095 0.0005077767514 2
0 0.245 0.105 0.0005591915331 2
0 0.245 0.115 0.0006056013215 2
0 0.245 0.125 0.0006466388345 2
0 0.245 0.135 0.0006821526428 2
0 0.245 0.145 0.0007122218906 2
0 0.245 0.155 0.000737147987 2
0 0.245 0.165 0.0007574107525 2
0 0.245 0.175 0.000773569497 2
0 0.245 0.185 0.000786114123 2
0 0.245 0.195 0.0007953003948 2
0 0.245 0.205 0.0008010311608 2
0 0.245 0.215 0.0008028379336 2
0 0.245 0.225 0.0007999623188 2
0 0.245 0.235 0.0007914999788 2
0 0.245 0.245 0.0007765505028 2
0 0.245 0.255 0.0007543463229 2
0 0.245 0.265 0.0007243450943 2
0 0.245 0.275 0.0006863079644 2
0 0.245 0.285 0.0006403508884 2
0 0.245 0.295 0.0005870253732 2
0 0.245 0.305 0.0005274801498 2
0 0.245 0.315 0.0004630259175 2
0 0.245 0.325 0.0003969648731 2
0 0.245 0.335 0.0003293581411 2
0 0.245 0.345 0.0002691138077 2
0 0.245 0.355 0.0002169066003 2
0 0.245 0.365 0.0001669682324 2
0 0.245 0.375 0.0001199038872 2
0 0.245 0.385 8.201283327e-05 2
0 0.245 0.395 4.89631101e-05 2
0 0.245 0.405 0 2
0 0.245 0.415 0 2
0 0.245 0.425 0 2
0 0.245 0.435 0 2
0 0.245 0.445 0 2
0 0.245 0.455 0 2
0 0.245 0.465 0 2
0 0.255 -0.455 0 2
0 0.255 -0.445 0 2
0 0.255 -0.435 0 1
0 0.255 -0.425 0 1
0 0.255 -0.415 0 1
0 0.255 -0.405 0 1
0 0.255 -0.395 -8.963700675e-05 1
0 0.255 -0.385 -0.0001464259762 1
0 0.255 -0.375 -0.0002189554384 1
0 0.255 -0.365 -0.000315966215 2
0 0.255 -0.355 -0.0004109967916 2
0 0.255 -0.345 -0.0004819859665 2
0 0.255 -0.335 -0.0005461202655 2
0 0.255 -0.325 -0.0006010980511 2
0 0.255 -0.315 -0.0006500816589 2
0 0.255 -0.305 -0.0006937687597 2
0 0.255 -0.295 -0.0007330291056 2
0 0.255 -0.285 -0.0007681498893 2
0 0.255 -0.275 -0.0007990907969 2
0 0.255 -0.265 -0.0008255174173 2
0 0.255 -0.255 -0.0008469828575 2
0 0.255 -0.245 -0.0008631319164 2
0 0.255 -0.235 -0.0008740047787 2
0 0.255 -0.225 -0.0008803360707 2
0 0.255 -0.215 -0.0008841954142 2
0 0.255 -0.205 -0.0008876088698 2
0 0.255 -0.195 -0.0008906333516 2
0 0.255 -0.185 -0.0008912590757 2
0 0.255 -0.175 -0.0008861136462 2
0 0.255 -0.165 -0.0008720512399 2
0 0.255 -0.155 -0.0008475515888 2
0 0.255 -0.145 -0.0008135150475 2
0 0.255 -0.135 -0.0007720646363 2
0 0.255 -0.125 -0.0007263552118 2
0 0.255 -0.115 -0.0006766294947 2
0 0.255 -0.105 -0.000627992799 2
0 0.255 -0.095 -0.0005818015086 2
0 0.255 -0.085 -0.0005356202805 2
0 0.255 -0.075 -0.0004888035524 2
0 0.255 -0.065 -0.0004416176655 2
0 0.255 -0.055 -0.0003955152555 2
0 0.255 -0.045 -0.0003440105078 2
0 0.255 -0.035 -0.0002845391569 2
0 0.255 -0.025 -0.0002210222282 2
0 0.255 -0.015 -0.0001585733262 2
0 0.255 -0.005 -9.757754407e-05 2
0 0.255 0.005 -3.747679731e-05 2
0 0.255 0.015 2.253808945e-05 2
0 0.255 0.025 8.347582895e-05 2
0 0.255 0.035 0.0001458283379 2
0 0.255 0.045 0.0002094625615 2
0 0.255 0.055 0.0002736543231 2
0 0.255 0.065 0.0003373081747 2
0 0.255 0.075 0.0003991626178 2
0 0.255 0.085 0.000458020475 2
0 0.255 0.095 0.0005128304204 2
0 0.255 0.105 0.0005627399736 2
0 0.255 0.115 0.0006070909407 2
0 0.255 0.125 0.0006454445979 2
0 0.255 0.135 0.0006776059162 2
0 0.255 0.145 0.0007036683713 2
0 0.255 0.155 0.0007240325316 2
0 0.255 0.165 0.0007393863155 2
0 0.255 0.175 0.0007505955203 2
0 0.255 0.185 0.0007584964189 2
0 0.255 0.195 0.0007636350613 2
0 0.255 0.205 0.0007660687294 2
0 0.255 0.215 0.0007653433818 2
0 0.255 0.225 0.0007606345726 2
0 0.255 0.235 0.0007509758047 2
0 0.255 0.245 0.0007354633017 2
0 0.255 0.255 0.0007134063488 2
0 0.255 0.265 0.0006844153277 2
0 0.255 0.275 0.0006484575808 2
0 0.255 0.285 0.0006059044778 2
0 0.255 0.295 0.0005575561376 2
0 0.255 0.305 0.0005048229366 2
0 0.255 0.315 0.000449377087 2
0 0.255 0.325 0.0003940542488 2
0 0.255 0.335 0.0003423013957 2
0 0.255 0.345 0.0002955564846 2
0 0.255 0.355 0.0002525144378 2
0 0.255 0.365 0.0002105992267 2
0 0.255 0.375 0.0001677778022 2
0 0.255 0.385 0.0001176592862 2
0 0.255 0.395 7.102409247e-05 2
0 0.255 0.405 0 2
0 0.255 0.415 0 2
0 0.255 0.425 0 2
0 0.255 0.435 0 2
0 0.255 0.445 0 2
0 0.255 0.455 0 2
0 0.255 0.465 0 2
0 0.265 -0.455 0 2
0 0.265 -0.445 0 2
0 0.265 -0.435 0 1
0 0.265 -0.425 0 1
0 0.265 -0.415 0 1
0 0.265 -0.405 0 1
0 0.265 -0.395 -7.024333653e-05 1
0 0.265 -0.385 -0.0001154426816 1
0 0.265 -0.375 -0.0001773860235 1
0 0.265 -0.365 -0.0002565448008 2
0 0.265 -0.355 -0.0003406285198 2
0 0.265 -0.345 -0.0004168539588 2
0 0.265 -0.335 -0.0004839601471 2
0 0.265 -0.325 -0.0005433375122 2
0 0.265 -0.315 -0.0005968508266 2
0 0.265 -0.305 -0.0006451178469 2
0 0.265 -0.295 -0.0006887663903 2
0 0.265 -0.285 -0.0007280412227 2
0 0.265 -0.275 -0.0007629400612 2
0 0.265 -0.265 -0.0007932037729 2
0 0.265 -0.255 -0.0008184010285 2
0 0.265 -0.245 -0.0008381302236 2
0 0.265 -0.235 -0.0008522585464 2
0 0.265 -0.225 -0.0008610519168 2
0 0.265 -0.215 -0.0008669087488 2
0 0.265 -0.205 -0.0008746636369 2
0 0.265 -0.195 -0.0008847893766 2
0 0.265 -0.185 -0.0008926037859 2
0 0.265 -0.175 -0.0008921056713 2
0 0.265 -0.165 -0.0008799506149 2
0 0.265 -0.155 -0.0008532595353 2
0 0.265 -0.145 -0.0008158667943 2
0 0.265 -0.135 -0.0007725831337 2
0 0.265 -0.125 -0.0007258766007 2
0 0.265 -0.115 -0.0006792640709 2
0 0.265 -0.105 -0.000633848848 2
0 0.265 -0.095 -0.0005878650006 2
0 0.265 -0.085 -0.0005394644168 2
0 0.265 -0.075 -0.0004898265793 2
0 0.265 -0.065 -0.0004385057861 2
0 0.265 -0.055 -0.0003875518585 2
0 0.265 -0.045 -0.0003335045797 2
0 0.265 -0.035 -0.0002724726752 2
0 0.265 -0.025 -0.0002062053065 2
0 0.265 -0.015 -0.0001418492515 2
0 0.265 -0.005 -8.147881046e-05 2
0 0.265 0.005 -2.321362749e-05 2
0 0.265 0.015 3.437993285e-05 2
0 0.265 0.025 9.315058855e-05 2
0 0.265 0.035 0.000154036672 2
0 0.265 0.045 0.000216958577 2
0 0.265 0.055 0.0002809227944 2
0 0.265 0.065 0.0003445193451 2
0 0.265 0.075 0.0004061883882 2
0 0.265 0.085 0.0004645821063 2
0 0.265 0.095 0.0005185110643 2
0 0.265 0.105 0.000567044872 2
0 0.265 0.115 0.0006094505552 2
0 0.265 0.125 0.0006452171914 2
0 0.265 0.135 0.0006740784303 2
0 0.265 0.145 0.0006961087588 2
0 0.265 0.155 0.0007117834658 2
0 0.265 0.165 0.0007220249676 2
0 0.265 0.175 0.0007281042858 2
0 0.265 0.185 0.0007313522248 2
0 0.265 0.195 0.0007327217156 2
0 0.265 0.205 0.0007324293848 2
0 0.265 0.215 0.0007299361286 2
0 0.265 0.225 0.0007242090851 2
0 0.265 0.235 0.0007141098271 2
0 0.265 0.245 0.0006986710849 2
0 0.265 0.255 0.0006772574336 2
0 0.265 0.265 0.0006496182994 2
0 0.265 0.275 0.0006159003237 2
0 0.265 0.285 0.0005766574898 2
0 0.265 0.295 0.0005328361111 2
0 0.265 0.305 0.0004858382261 2
0 0.265 0.315 0.0004373918637 2
0 0.265 0.325 0.0003895806217 2
0 0.265 0.335 0.0003443116912 2
0 0.265 0.345 0.0003021316291 2
0 0.265 0.355 0.0002616876016 2
0 0.265 0.365 0.0002199061206 2
0 0.265 0.375 0.0001753129245 2
0 0.265 0.385 0.0001223838678 2
0 0.265 0.395 7.373468525e-05 2
0 0.265 0.405 0 2
0 0.265 0.415 0 2
0 0.265 0.425 0 2
0 0.265 0.435 0 2
0 0.265 0.445 0 2
0 0.265 0.455 0 2
0 0.265 0.465 0 2
0 0.275 -0.455 0 2
0 0.275 -0.445 0 2
0 0.275 -0.435 0 1
0 0.275 -0.425 0 1
0 0.275 -0.415 0 1
0 0.275 -0.405 0 1
0 0.275 -0.395 -5.26080458e-05 1
0 0.275 -0.385 -8.974673991e-05 1
0 0.275 -0.375 -0.0001424641441 1
0 0.275 -0.365 -0.0002066824161 2
0 0.275 -0.355 -0.0002780579694 2
0 0.275 -0.345 -0.0003535883719 2
0 0.275 -0.335 -0.0004213698704 2
0 0.275 -0.325 -0.0004840595488 2
0 0.275 -0.315 -0.0005416099134 2
0 0.275 -0.305 -0.0005943336321 2
0 0.275 -0.295 -0.0006424978393 2
0 0.275 -0.285 -0.0006862817307 2
0 0.275 -0.275 -0.0007257027867 2
0 0.275 -0.265 -0.0007605623542 2
0 0.275 -0.255 -0.000790431224 2
0 0.275 -0.245 -0.0008148710144 2
0 0.275 -0.235 -0.0008336325736 2
0 0.275 -0.225 -0.0008475319785 2
0 0.275 -0.215 -0.0008574574897 2
0 0.275 -0.205 -0.0008690555172 2
0 0.275 -0.195 -0.0008823547175 2
0 0.275 -0.185 -0.0008900125541 2
0 0.275 -0.175 -0.0008885400029 2
0 0.275 -0.165 -0.0008783591477 2
0 0.275 -0.155 -0.0008535140993 2
0 0.275 -0.145 -0.0008142357667 2
0 0.275 -0.135 -0.0007685740279 2
0 0.275 -0.125 -0.0007239036044 2
0 0.275 -0.115 -0.0006796370452 2
0 0.275 -0.105 -0.0006340423597 2
0 0.275 -0.095 -0.000583871843 1
0 0.275 -0.085 -0.0005319400567 1
0 0.275 -0.075 -0.0004787808721 1
0 0.275 -0.065 -0.0004250109654 1
0 0.275 -0.055 -0.0003736133933 1
0 0.275 -0.045 -0.0003164241714 2
0 0.275 -0.035 -0.0002548436157 2
0 0.275 -0.025 -0.0001876476859 2
0 0.275 -0.015 -0.0001224956745 2
0 0.275 -0.005 -6.398710771e-05 2
0 0.275 0.005 -8.247434641e-06 2
0 0.275 0.015 4.643074058e-05 2
0 0.275 0.025 0.0001024890319 2
0 0.275 0.035 0.0001614630019 2
0 0.275 0.045 0.0002235462322 2
0 0.275 0.055 0.0002875541088 2
0 0.275 0.065 0.0003515432542 2
0 0.275 0.075 0.0004133678044 2
0 0.275 0.085 0.0004714938697 2
0 0.275 0.095 0.0005246465592 2
0 0.275 0.105 0.000571924201 2
0 0.275 0.115 0.0006125344618 2
0 0.275 0.125 0.0006458798124 2
0 0.275 0.135 0.0006715773501 2
0 0.275 0.145 0.0006896479725 2
0 0.275 0.155 0.0007005979696 2
0 0.275 0.165 0.0007055805735 2
0 0.275 0.175 0.0007063635505 2
0 0.275 0.185 0.0007049601265 2
0 0.275 0.195 0.0007028925159 2
0 0.275 0.205 0.0007005238554 2
0 0.275 0.215 0.0006970706769 2
0 0.275 0.225 0.0006910925912 2
0 0.275 0.235 0.0006811582349 2
0 0.275 0.245 0.0006661892737 2
0 0.275 0.255 0.0006456046856 2
0 0.275 0.265 0.0006192961091 2
0 0.275 0.275 0.000587569401 2
0 0.275 0.285 0.0005510983479 2
0 0.275 0.295 0.0005108780118 2
0 0.275 0.305 0.0004681958989 2
0 0.275 0.315 0.0004245351013 2
0 0.275 0.325 0.0003813234551 2
0 0.275 0.335 0.0003395087816 2
0 0.275 0.345 0.0002990036525 2
0 0.275 0.355 0.0002586679238 2
0 0.275 0.365 0.000216035303 2
0 0.275 0.375 0.0001705657035 2
0 0.275 0.385 0.0001178134874 2
0 0.275 0.395 7.06545758e-05 2
0 0.275 0.405 0 2
0 0.275 0.415 0 2
0 0.275 0.425 0 2
0 0.275 0.435 0 2
0 0.275 0.445 0 2
0 0.275 0.455 0 2
0 0.275 0.465 0 2
0 0.285 -0.455 0 2
0 0.285 -0.445 0 2
0 0.285 -0.435 0 1
0 0.285 -0.425 0 1
0 0.285 -0.415 0 1
0 0.285 -0.405 0 1
0 0.285 -0.395 -4.163769725e-05 1
0 0.285 -0.385 -7.183912966e-05 1
0 0.285 -0.375 -0.0001141064883 1
0 0.285 -0.365 -0.0001664251884 2
0 0.285 -0.355 -0.0002267400043 2
0 0.285 -0.345 -0.0002951983551 2
0 0.285 -0.335 -0.0003617353202 2
0 0.285 -0.325 -0.0004264153292 2
0 0.285 -0.315 -0.0004871633125 2
0 0.285 -0.305 -0.0005437505919 2
0 0.285 -0.295 -0.0005960285485 2
0 0.285 -0.285 -0.0006441110418 2
0 0.285 -0.275 -0.0006880473384 2
0 0.285 -0.265 -0.0007277092083 2
0 0.285 -0.255 -0.0007626788286 2
0 0.285 -0.245 -0.000792345774 2
0 0.285 -0.235 -0.000815772921 2
0 0.285 -0.225 -0.0008351915776 2
0 0.285 -0.215 -0.0008522951062 2
0 0.285 -0.205 -0.0008664308395 1
0 0.285 -0.195 -0.0008761625055 1
0 0.285 -0.185 -0.0008769137997 1
0 0.285 -0.175 -0.0008704954924 1
0 0.285 -0.165 -0.0008584183558 2
0 0.285 -0.155 -0.0008389178071 2
0 0.285 -0.145 -0.0008050536309 2
0 0.285 -0.135 -0.0007609673894 2
0 0.285 -0.125 -0.0007165585765 2
0 0.285 -0.115 -0.0006696587244 1
0 0.285 -0.105 -0.0006210027915 1
0 0.285 -0.095 -0.0005687692221 1
0 0.285 -0.085 -0.0005133791324 1
0 0.285 -0.075 -0.000457391957 1
0 0.285 -0.065 -0.0004015070339 1
0 0.285 -0.055 -0.0003475074244 1
0 0.285 -0.045 -0.0002918042392 1
0 0.285 -0.035 -0.0002284320189 2
0 0.285 -0.025 -0.0001636539063 2
0 0.285 -0.015 -0.0001014139287 2
0 0.285 -0.005 -4.566497268e-05 2
0 0.285 0.005 5.108710873e-06 2
0 0.285 0.015 5.432243751e-05 2
0 0.285 0.025 0.0001072602094 2
0 0.285 0.035 0.000166499932 2
0 0.285 0.045 0.0002300294219 2
0 0.285 0.055 0.0002942671308 2
0 0.285 0.065 0.0003587565674 2
0 0.285 0.075 0.0004207484951 2
0 0.285 0.085 0.0004785441073 2
0 0.285 0.095 0.0005308481699 2
0 0.285 0.105 0.0005769010282 2
0 0.285 0.115 0.0006158427652 2
0 0.285 0.125 0.0006470486007 2
0 0.285 0.135 0.0006700116933 2
0 0.285 0.145 0.000684627078 2
0 0.285 0.155 0.0006911444552 2
0 0.285 0.165 0.0006907326752 2
0 0.285 0.175 0.0006857387735 2
0 0.285 0.185 0.0006793580423 2
0 0.285 0.195 0.0006741624796 2
0 0.285 0.205 0.0006706168191 2
0 0.285 0.215 0.0006672747306 2
0 0.285 0.225 0.000661839129 2
0 0.285 0.235 0.0006524841654 2
0 0.285 0.245 0.0006380770999 2
0 0.285 0.255 0.000618179011 2
0 0.285 0.265 0.000592857507 2
0 0.285 0.275 0.0005625715299 2
0 0.285 0.285 0.0005280725449 2
0 0.285 0.295 0.000490331047 2
0 0.285 0.305 0.0004504637282 2
0 0.285 0.315 0.0004096085412 2
0 0.285 0.325 0.000368716587 2
0 0.285 0.335 0.0003282923625 2
0 0.285 0.345 0.0002880749812 2
0 0.285 0.355 0.0002472517337 2
0 0.285 0.365 0.0002041383564 2
0 0.285 0.375 0.0001590015718 2
0 0.285 0.385 0.0001083123736 2
0 0.285 0.395 6.43298295e-05 2
0 0.285 0.405 0 2
0 0.285 0.415 0 2
0 0.285 0.425 0 2
0 0.285 0.435 0 2
0 0.285 0.445 0 2
0 0.285 0.455 0 2
0 0.285 0.465 0 2
0 0.295 -0.455 0 2
0 0.295 -0.445 0 2
0 0.295 -0.435 0 1
0 0.295 -0.425 0 1
0 0.295 -0.415 0 1
0 0.295 -0.405 0 1
0 0.295 -0.395 -3.082514543e-05 1
0 0.295 -0.385 -5.394644327e-05 1
0 0.295 -0.375 -8.58337113e-05 1
0 0.295 -0.365 -0.0001272999401 2
0 0.295 -0.355 -0.0001782387158 2
0 0.295 -0.345 -0.0002410910527 2
0 0.295 -0.335 -0.0003066217413 2
0 0.295 -0.325 -0.0003727309863 2
0 0.295 -0.315 -0.0004358664641 2
0 0.295 -0.305 -0.0004954282956 2
0 0.295 -0.295 -0.0005509810604 2
0 0.295 -0.285 -0.0006026294578 2
0 0.295 -0.275 -0.0006504890701 2
0 0.295 -0.265 -0.0006945226428 2
0 0.295 -0.255 -0.0007343775216 2
0 0.295 -0.245 -0.0007690765856 2
0 0.295 -0.235 -0.0007973591069 2
0 0.295 -0.225 -0.0008174406195 2
0 0.295 -0.215 -0.0008344389681 2
0 0.295 -0.205 -0.0008475601578 1
0 0.295 -0.195 -0.0008548080487 1
0 0.295 -0.185 -0.0008536643434 1
0 0.295 -0.175 -0.0008475159644 1
0 0.295 -0.165 -0.0008341949164 1
0 0.295 -0.155 -0.000813407198 2
0 0.295 -0.145 -0.0007845057055 2
0 0.295 -0.135 -0.000743323529 2
0 0.295 -0.125 -0.0006957658148 1
0 0.295 -0.115 -0.0006480892792 1
0 0.295 -0.105 -0.0005955562737 1
0 0.295 -0.095 -0.0005417574807 1
0 0.295 -0.085 -0.0004872260052 1
0 0.295 -0.075 -0.0004321459949 1
0 0.295 -0.065 -0.0003771379661 1
0 0.295 -0.055 -0.0003240365006 1
0 0.295 -0.045 -0.0002684428833 1
0 0.295 -0.035 -0.0002053954119 2
0 0.295 -0.025 -0.0001426401193 2
0 0.295 -0.015 -8.238489096e-05 2
0 0.295 -0.005 -2.721464659e-05 2
0 0.295 0.005 2.381502286e-05 2
0 0.295 0.015 7.264873509e-05 2
0 0.295 0.025 0.0001206402984 2
0 0.295 0.035 0.0001731527268 2
0 0.295 0.045 0.0002334324928 2
0 0.295 0.055 0.0002993268922 2
0 0.295 0.065 0.0003662243117 2
0 0.295 0.075 0.0004280952074 2
0 0.295 0.085 0.0004851882173 2
0 0.295 0.095 0.0005363631479 2
0 0.295 0.105 0.0005811762119 2
0 0.295 0.115 0.0006186691235 2
0 0.295 0.125 0.0006480483825 2
0 0.295 0.135 0.0006684391024 2
0 0.295 0.145 0.0006796269404 2
0 0.295 0.155 0.0006819225518 2
0 0.295 0.165 0.0006767074334 2
0 0.295 0.175 0.0006667457719 2
0 0.295 0.185 0.000656097325 2
0 0.295 0.195 0.0006484081928 2
0 0.295 0.205 0.000644344325 2
0 0.295 0.215 0.0006417603063 2
0 0.295 0.225 0.0006372734328 2
0 0.295 0.235 0.0006285244089 2
0 0.295 0.245 0.0006144022767 2
0 0.295 0.255 0.000594712492 2
0 0.295 0.265 0.0005697758659 2
0 0.295 0.275 0.0005402010312 2
0 0.295 0.285 0.000506790613 2
0 0.295 0.295 0.0004704552327 2
0 0.295 0.305 0.0004321415157 2
0 0.295 0.315 0.0003927242275 2
0 0.295 0.325 0.0003528571316 2
0 0.295 0.335 0.0003128409938 2
0 0.295 0.345 0.0002724630633 2
0 0.295 0.355 0.0002312889972 2
0 0.295 0.365 0.00018831007 2
0 0.295 0.375 0.0001443869318 2
0 0.295 0.385 9.677499183e-05 2
0 0.295 0.395 5.673130878e-05 2
0 0.295 0.405 0 2
0 0.295 0.415 0 2
0 0.295 0.425 0 2
0 0.295 0.435 0 2
0 0.295 0.445 0 2
0 0.295 0.455 0 2
0 0.295 0.465 0 2
0 0.305 -0.455 0 2
0 0.305 -0.445 0 2
0 0.305 -0.435 0 2
0 0.305 -0.425 0 1
0 0.305 -0.415 0 1
0 0.305 -0.405 0 1
0 0.305 -0.395 -1.393558863e-05 1
0 0.305 -0.385 -2.941847255e-05 1
0 0.305 -0.375 -5.242604821e-05 1
0 0.305 -0.365 -8.311416883e-05 2
0 0.305 -0.355 -0.000127285793 2
0 0.305 -0.345 -0.0001918071951 2
0 0.305 -0.335 -0.0002578125437 2
0 0.305 -0.325 -0.0003251811382 2
0 0.305 -0.315 -0.0003898254619 2
0 0.305 -0.305 -0.0004512081863 2
0 0.305 -0.295 -0.0005088308179 2
0 0.305 -0.285 -0.0005628612354 2
0 0.305 -0.275 -0.0006135063415 2
0 0.305 -0.265 -0.0006608215862 2
0 0.305 -0.255 -0.0007044932118 2
0 0.305 -0.245 -0.0007431569154 2
0 0.305 -0.235 -0.0007752745976 2
0 0.305 -0.225 -0.0007930178035 2
0 0.305 -0.215 -0.000800146651 1
0 0.305 -0.205 -0.0008125657222 1
0 0.305 -0.195 -0.0008222438179 1
0 0.305 -0.185 -0.0008251256492 1
0 0.305 -0.175 -0.0008223189042 1
0 0.305 -0.165 -0.0008100374248 1
0 0.305 -0.155 -0.000786644036 1
0 0.305 -0.145 -0.0007527005177 2
0 0.305 -0.135 -0.0007100016072 1
0 0.305 -0.125 -0.0006643572185 1
0 0.305 -0.115 -0.0006173979212 1
0 0.305 -0.105 -0.000567697802 1
0 0.305 -0.095 -0.0005156410675 1
0 0.305 -0.085 -0.0004612828906 1
0 0.305 -0.075 -0.0004061264927 1
0 0.305 -0.065 -0.0003508034532 1
0 0.305 -0.055 -0.0002978715246 1
0 0.305 -0.045 -0.0002440846647 1
0 0.305 -0.035 -0.0001875290712 1
0 0.305 -0.025 -0.0001276437299 1
0 0.305 -0.015 -6.773950571e-05 1
0 0.305 -0.005 -1.255413795e-05 1
0 0.305 0.005 3.892512108e-05 1
0 0.305 0.015 8.819575547e-05 1
0 0.305 0.025 0.0001358560637 2
0 0.305 0.035 0.0001846799689 2
0 0.305 0.045 0.0002417453635 2
0 0.305 0.055 0.0003076026885 2
0 0.305 0.065 0.0003748209226 2
0 0.305 0.075 0.0004350262937 2
0 0.305 0.085 0.0004904396939 2
0 0.305 0.095 0.0005400105943 2
0 0.305 0.105 0.0005834656421 2
0 0.305 0.115 0.0006194747882 2
0 0.305 0.125 0.0006467541698 2
0 0.305 0.135 0.0006643427451 2
0 0.305 0.145 0.0006754184701 2
0 0.305 0.155 0.0006778759423 2
0 0.305 0.165 0.0006694323595 2
0 0.305 0.175 0.000651328381 2
0 0.305 0.185 0.0006332675658 2
0 0.305 0.195 0.000623931476 2
0 0.305 0.205 0.0006222817423 2
0 0.305 0.215 0.0006222162197 2
0 0.305 0.225 0.0006184458583 2
0 0.305 0.235 0.0006096769734 2
0 0.305 0.245 0.0005950925058 2
0 0.305 0.255 0.000574831016 2
0 0.305 0.265 0.0005495114118 2
0 0.305 0.275 0.000519862787 2
0 0.305 0.285 0.0004867054278 2
0 0.305 0.295 0.000450871561 2
0 0.305 0.305 0.0004131589723 2
0 0.305 0.315 0.000374258674 2
0 0.305 0.325 0.00033466541 2
0 0.305 0.335 0.0002946283593 2
0 0.305 0.345 0.0002540770999 2
0 0.305 0.355 0.000212921453 2
0 0.305 0.365 0.0001706802203 2
0 0.305 0.375 0.0001285899754 2
0 0.305 0.385 8.45442254e-05 2
0 0.305 0.395 4.869012934e-05 2
0 0.305 0.405 0 2
0 0.305 0.415 0 2
0 0.305 0.425 0 2
0 0.305 0.435 0 2
0 0.305 0.445 0 2
0 0.305 0.455 0 2
0 0.305 0.465 0 2
0 0.315 -0.455 0 2
0 0.315 -0.445 0 2
0 0.315 -0.435 0 2
0 0.315 -0.425 0 1
0 0.315 -0.415 0 1
0 0.315 -0.405 0 1
0 0.315 -0.395 1.71274591e-05 1
0 0.315 -0.385 1.073563923e-05 1
0 0.315 -0.375 -7.287861165e-06 1
0 0.315 -0.365 -3.543178543e-05 2
0 0.315 -0.355 -8.238887889e-05 2
0 0.315 -0.345 -0.000151576577 2
0 0.315 -0.335 -0.0002183525151 2
0 0.315 -0.325 -0.0002860496324 2
0 0.315 -0.315 -0.0003509351581 2
0 0.315 -0.305 -0.0004127161599 2
0 0.315 -0.295 -0.0004709674495 2
0 0.315 -0.285 -0.0005259562075 2
0 0.315 -0.275 -0.0005779638753 2
0 0.315 -0.265 -0.0006270784951 2
0 0.315 -0.255 -0.0006727783802 2
0 0.315 -0.245 -0.0007134581825 2
0 0.315 -0.235 -0.0007462176025 2
0 0.315 -0.225 -0.0007643804239 2
0 0.315 -0.215 -0.0007696563469 1
0 0.315 -0.205 -0.0007789365708 1
0 0.315 -0.195 -0.000788940528 1
0 0.315 -0.185 -0.0007937179201 1
0 0.315 -0.175 -0.0007896037131 1
0 0.315 -0.165 -0.0007773745525 1
0 0.315 -0.155 -0.0007517220596 1
0 0.315 -0.145 -0.0007137575601 1
0 0.315 -0.135 -0.000672123831 1
0 0.315 -0.125 -0.0006291596396 1
0 0.315 -0.115 -0.0005843788751 1
0 0.315 -0.105 -0.0005366831843 1
0 0.315 -0.095 -0.000485828681 1
0 0.315 -0.085 -0.0004327098763 1
0 0.315 -0.075 -0.0003785793243 1
0 0.315 -0.065 -0.0003247221637 1
0 0.315 -0.055 -0.000273035416 1
0 0.315 -0.045 -0.0002214646893 1
0 0.315 -0.035 -0.0001675944696 1
0 0.315 -0.025 -0.0001110522893 1
0 0.315 -0.015 -5.44847845e-05 1
0 0.315 -0.005 -7.081243385e-07 1
0 0.315 0.005 4.977215062e-05 1
0 0.315 0.015 9.850605585e-05 1
0 0.315 0.025 0.0001430172652 1
0 0.315 0.035 0.0001901279402 1
0 0.315 0.045 0.000250535676 2
0 0.315 0.055 0.0003161838802 2
0 0.315 0.065 0.0003823239524 2
0 0.315 0.075 0.0004396847443 2
0 0.315 0.085 0.0004926695165 2
0 0.315 0.095 0.0005402933475 2
0 0.315 0.105 0.0005821059159 2
0 0.315 0.115 0.0006161778051 2
0 0.315 0.125 0.0006437057124 2
0 0.315 0.135 0.0006600305992 2
0 0.315 0.145 0.000664215592 2
0 0.315 0.155 0.0006597443018 2
0 0.315 0.165 0.0006505186904 2
0 0.315 0.175 0.0006391096801 2
0 0.315 0.185 0.0006247887003 2
0 0.315 0.195 0.0006133867247 2
0 0.315 0.205 0.0006094288132 2
0 0.315 0.215 0.0006092705342 2
0 0.315 0.225 0.0006059086776 2
0 0.315 0.235 0.0005957813688 2
0 0.315 0.245 0.0005796302866 2
0 0.315 0.255 0.0005578828364 2
0 0.315 0.265 0.0005314054593 2
0 0.315 0.275 0.000500980995 2
0 0.315 0.285 0.000467400443 2
0 0.315 0.295 0.0004314028523 2
0 0.315 0.305 0.0003936602213 2
0 0.315 0.315 0.0003547391155 2
0 0.315 0.325 0.0003150577103 2
0 0.315 0.335 0.0002748862113 2
0 0.315 0.345 0.0002343163531 2
0 0.315 0.355 0.0001935400976 2
0 0.315 0.365 0.0001524761942 2
0 0.315 0.375 0.000112587155 2
0 0.315 0.385 7.230429156e-05 2
0 0.315 0.395 4.066165468e-05 2
0 0.315 0.405 0 2
0 0.315 0.415 0 2
0 0.315 0.425 0 2
0 0.315 0.435 0 2
0 0.315 0.445 0 2
0 0.315 0.455 0 2
0 0.315 0.465 0 2
0 0.325 -0.455 0 2
0 0.325 -0.445 0 2
0 0.325 -0.435 0 2
0 0.325 -0.425 0 2
0 0.325 -0.415 0 1
0 0.325 -0.405 0 1
0 0.325 -0.395 4.537565233e-05 1
0 0.325 -0.385 4.355169165e-05 1
0 0.325 -0.375 2.030991922e-05 2
0 0.325 -0.365 -9.331064531e-06 2
0 0.325 -0.355 -6.032852593e-05 2
0 0.325 -0.345 -0.0001264979745 2
0 0.325 -0.335 -0.0001913875478 2
0 0.325 -0.325 -0.0002571739631 2
0 0.325 -0.315 -0.0003206109492 2
0 0.325 -0.305 -0.0003812637621 2
0 0.325 -0.295 -0.0004387024031 2
0 0.325 -0.285 -0.0004932132258 2
0 0.325 -0.275 -0.0005450516516 2
0 0.325 -0.265 -0.0005943919008 2
0 0.325 -0.255 -0.0006404192082 2
0 0.325 -0.245 -0.0006813179437 2
0 0.325 -0.235 -0.0007110816195 2
0 0.325 -0.225 -0.0007313092653 2
0 0.325 -0.215 -0.0007403221282 1
0 0.325 -0.205 -0.0007505848764 1
0 0.325 -0.195 -0.0007601167391 1
0 0.325 -0.185 -0.0007635348717 1
0 0.325 -0.175 -0.0007543352777 1
0 0.325 -0.165 -0.0007377183588 1
0 0.325 -0.155 -0.0007101771777 1
0 0.325 -0.145 -0.0006740891747 1
0 0.325 -0.135 -0.0006343185896 1
0 0.325 -0.125 -0.0005929911615 1
0 0.325 -0.115 -0.0005495390466 1
0 0.325 -0.105 -0.0005029809922 1
0 0.325 -0.095 -0.0004539556092 1
0 0.325 -0.085 -0.0004024564537 1
0 0.325 -0.075 -0.0003496198149 1
0 0.325 -0.065 -0.0002970475551 1
0 0.325 -0.055 -0.0002458413593 1
0 0.325 -0.045 -0.0001954804941 1
0 0.325 -0.035 -0.0001448341304 1
0 0.325 -0.025 -9.332718487e-05 1
0 0.325 -0.015 -4.164911929e-05 1
0 0.325 -0.005 9.105505255e-06 1
0 0.325 0.005 5.657166493e-05 1
0 0.325 0.015 0.0001029113211 1
0 0.325 0.025 0.0001462388869 1
0 0.325 0.035 0.0001939472353 1
0 0.325 0.045 0.0002565181691 2
0 0.325 0.055 0.0003212070428 2
0 0.325 0.065 0.0003856002588 2
0 0.325 0.075 0.000439619138 2
0 0.325 0.085 0.0004898309759 2
0 0.325 0.095 0.0005352048159 2
0 0.325 0.105 0.0005747405901 2
0 0.325 0.115 0.000608662405 2
0 0.325 0.125 0.0006327714324 2
0 0.325 0.135 0.0006409742688 2
0 0.325 0.145 0.0006349798187 2
0 0.325 0.155 0.0006273267198 2
0 0.325 0.165 0.0006250891547 1
0 0.325 0.175 0.0006259708314 1
0 0.325 0.185 0.0006218824329 1
0 0.325 0.195 0.0006145009747 2
0 0.325 0.205 0.0006076610721 2
0 0.325 0.215 0.0006049906801 2
0 0.325 0.225 0.000598889112 2
0 0.325 0.235 0.0005856941517 2
0 0.325 0.245 0.0005668333575 2
0 0.325 0.255 0.0005428365902 2
0 0.325 0.265 0.0005146239664 2
0 0.325 0.275 0.0004829426012 2
0 0.325 0.285 0.0004485047276 2
0 0.325 0.295 0.0004119440516 2
0 0.325 0.305 0.0003738247058 2
0 0.325 0.315 0.0003346285867 2
0 0.325 0.325 0.0002947436117 2
0 0.325 0.335 0.0002544905668 2
0 0.325 0.345 0.0002141124091 2
0 0.325 0.355 0.0001740207781 2
0 0.325 0.365 0.000134433439 2
0 0.325 0.375 9.693923961e-05 2
0 0.325 0.385 6.04365704e-05 2
0 0.325 0.395 3.289335157e-05 2
0 0.325 0.405 0 2
0 0.325 0.415 0 2
0 0.325 0.425 0 2
0 0.325 0.435 0 2
0 0.325 0.445 0 2
0 0.325 0.455 0 2
0 0.325 0.465 0 2
0 0.335 -0.455 0 2
0 0.335 -0.445 0 2
0 0.335 -0.435 0 2
0 0.335 -0.425 0 2
0 0.335 -0.415 0 2
0 0.335 -0.405 0 2
0 0.335 -0.395 3.217225225e-05 2
0 0.335 -0.385 2.889513603e-05 2
0 0.335 -0.375 1.590358435e-05 2
0 0.335 -0.365 -1.38641789e-05 2
0 0.335 -0.355 -6.111286927e-05 2
0 0.335 -0.345 -0.0001171018315 2
0 0.335 -0.335 -0.0001770026931 2
0 0.335 -0.325 -0.0002387418727 2
0 0.335 -0.315 -0.000299284559 2
0 0.335 -0.305 -0.0003575571404 2
0 0.335 -0.295 -0.0004130146411 2
0 0.335 -0.285 -0.000466153195 2
0 0.335 -0.275 -0.0005173157588 2
0 0.335 -0.265 -0.00056661087 2
0 0.335 -0.255 -0.0006126129177 2
0 0.335 -0.245 -0.0006528886302 2
0 0.335 -0.235 -0.0006798324881 2
0 0.335 -0.225 -0.0007004301961 2
0 0.335 -0.215 -0.0007206508817 2
0 0.335 -0.205 -0.0007326673076 1
0 0.335 -0.195 -0.0007382265173 1
0 0.335 -0.185 -0.0007319240108 1
0 0.335 -0.175 -0.0007170302181 1
0 0.335 -0.165 -0.0006949856857 1
0 0.335 -0.155 -0.0006666085633 1
0 0.335 -0.145 -0.0006331690988 1
0 0.335 -0.135 -0.0005956281338 1
0 0.335 -0.125 -0.0005547837609 1
0 0.335 -0.115 -0.0005114078788 1
0 0.335 -0.105 -0.0004675929592 1
0 0.335 -0.095 -0.0004226134598 1
0 0.335 -0.085 -0.0003724309708 1
0 0.335 -0.075 -0.0003185082786 1
0 0.335 -0.065 -0.0002667233805 1
0 0.335 -0.055 -0.0002201196266 1
0 0.335 -0.045 -0.0001743722963 1
0 0.335 -0.035 -0.0001268568891 1
0 0.335 -0.025 -7.843190477e-05 1
0 0.335 -0.015 -2.952906653e-05 1
0 0.335 -0.005 1.894425328e-05 1
0 0.335 0.005 6.60422576e-05 1
0 0.335 0.015 0.0001125757702 1
0 0.335 0.025 0.0001532762499 1
0 0.335 0.035 0.0001956816694 1
0 0.335 0.045 0.000255207365 2
0 0.335 0.055 0.0003186232914 2
0 0.335 0.065 0.0003817818423 2
0 0.335 0.075 0.0004329394462 2
0 0.335 0.085 0.000480748956 2
0 0.335 0.095 0.0005239028364 2
0 0.335 0.105 0.0005636415222 2
0 0.335 0.115 0.0005943660217 2
0 0.335 0.125 0.0006071582123 2
0 0.335 0.135 0.0006052147738 2
0 0.335 0.145 0.000603431867 1
0 0.335 0.155 0.0006068632282 1
0 0.335 0.165 0.0006100252417 1
0 0.335 0.175 0.0006103480833 1
0 0.335 0.185 0.0006063442165 1
0 0.335 0.195 0.0006020042515 1
0 0.335 0.205 0.0006039073743 2
0 0.335 0.215 0.0006021751957 2
0 0.335 0.225 0.0005930746748 2
0 0.335 0.235 0.0005766147174 2
0 0.335 0.245 0.0005547660915 2
0 0.335 0.255 0.0005283158253 2
0 0.335 0.265 0.0004982019265 2
0 0.335 0.275 0.0004651161519 2
0 0.335 0.285 0.0004296800248 2
0 0.335 0.295 0.0003924270211 2
0 0.335 0.305 0.0003538332376 2
0 0.335 0.315 0.0003143239205 2
0 0.335 0.325 0.0002742818303 2
0 0.335 0.335 0.0002340864651 2
0 0.335 0.345 0.0001941112557 2
0 0.335 0.355 0.0001549363002 2
0 0.335 0.365 0.0001170063381 2
0 0.335 0.375 8.19762889e-05 2
0 0.335 0.385 4.916057973e-05 2
0 0.335 0.395 2.552917488e-05 2
0 0.335 0.405 0 2
0 0.335 0.415 0 2
0 0.335 0.425 0 2
0 0.335 0.435 0 2
0 0.335 0.445 0 2
0 0.335 0.455 0 2
0 0.335 0.465 0 2
0 0.345 -0.455 0 2
0 0.345 -0.445 0 2
0 0.345 -0.435 0 2
0 0.345 -0.425 0 2
0 0.345 -0.415 0 2
0 0.345 -0.405 0 2
0 0.345 -0.395 8.342147467e-06 2
0 0.345 -0.385 3.406001124e-06 2
0 0.345 -0.375 -8.637167612e-06 2
0 0.345 -0.365 -3.352693511e-05 2
0 0.345 -0.355 -7.198026138e-05 2
0 0.345 -0.345 -0.0001182485362 2
0 0.345 -0.335 -0.0001721050586 2
0 0.345 -0.325 -0.0002290990259 2
0 0.345 -0.315 -0.0002862404644 2
0 0.345 -0.305 -0.0003416459409 2
0 0.345 -0.295 -0.0003947712406 2
0 0.345 -0.285 -0.0004466378903 2
0 0.345 -0.275 -0.0004972015595 2
0 0.345 -0.265 -0.0005449448778 2
0 0.345 -0.255 -0.0005911189217 2
0 0.345 -0.245 -0.00063438324 2
0 0.345 -0.235 -0.000666687825 2
0 0.345 -0.225 -0.0006854423247 2
0 0.345 -0.215 -0.000700172136 2
0 0.345 -0.205 -0.0007081510576 1
0 0.345 -0.195 -0.0007061944361 1
0 0.345 -0.185 -0.0006925306814 1
0 0.345 -0.175 -0.0006736214093 1
0 0.345 -0.165 -0.0006492459571 1
0 0.345 -0.155 -0.0006205920408 1
0 0.345 -0.145 -0.0005893212203 1
0 0.345 -0.135 -0.0005546051832 1
0 0.345 -0.125 -0.0005144404202 1
0 0.345 -0.115 -0.0004691354909 1
0 0.345 -0.105 -0.0004238477611 1
0 0.345 -0.095 -0.0003815377124 1
0 0.345 -0.085 -0.0003376724955 1
0 0.345 -0.075 -0.0002914846324 1
0 0.345 -0.065 -0.0002434401674 1
0 0.345 -0.055 -0.0001972109852 1
0 0.345 -0.045 -0.0001531810701 1
0 0.345 -0.035 -0.0001098593274 1
0 0.345 -0.025 -6.563027465e-05 1
0 0.345 -0.015 -1.907137598e-05 1
0 0.345 -0.005 2.717772293e-05 1
0 0.345 0.005 7.010841433e-05 1
0 0.345 0.015 0.0001123467693 1
0 0.345 0.025 0.0001530298577 1
0 0.345 0.035 0.0001978092804 1
0 0.345 0.045 0.0002555118029 2
0 0.345 0.055 0.0003134549776 2
0 0.345 0.065 0.0003711329015 2
0 0.345 0.075 0.0004194356835 2
0 0.345 0.085 0.000464951026 2
0 0.345 0.095 0.0005054518417 2
0 0.345 0.105 0.0005438912759 2
0 0.345 0.115 0.0005699281002 2
0 0.345 0.125 0.0005776426954 2
0 0.345 0.135 0.0005815856612 1
0 0.345 0.145 0.0005873041521 1
0 0.345 0.155 0.0005939574961 1
0 0.345 0.165 0.0005960714181 1
0 0.345 0.175 0.0005931886098 1
0 0.345 0.185 0.0005865669326 1
0 0.345 0.195 0.0005831543887 1
0 0.345 0.205 0.000590516536 2
0 0.345 0.215 0.0005925394121 2
0 0.345 0.225 0.0005839999505 2
0 0.345 0.235 0.0005655539597 2
0 0.345 0.245 0.0005414370728 2
0 0.345 0.255 0.0005129616918 2
0 0.345 0.265 0.0004812396036 2
0 0.345 0.275 0.0004469546458 2
0 0.345 0.285 0.0004106671757 2
0 0.345 0.295 0.0003728347774 2
0 0.345 0.305 0.0003338707351 2
0 0.345 0.315 0.0002941670396 2
0 0.345 0.325 0.0002541169207 2
0 0.345 0.335 0.0002141591981 2
0 0.345 0.345 0.0001747781248 2
0 0.345 0.355 0.0001366847947 2
0 0.345 0.365 0.0001005017502 2
0 0.345 0.375 6.791608044e-05 2
0 0.345 0.385 3.861845491e-05 2
0 0.345 0.395 1.866006612e-05 2
0 0.345 0.405 0 2
0 0.345 0.415 0 2
0 0.345 0.425 0 2
0 0.345 0.435 0 2
0 0.345 0.445 0 2
0 0.345 0.455 0 2
0 0.345 0.465 0 2
0 0.355 -0.455 0 2
0 0.355 -0.445 0 2
0 0.355 -0.435 0 2
0 0.355 -0.425 0 2
0 0.355 -0.415 0 2
0 0.355 -0.405 0 2
0 0.355 -0.395 -6.051870362e-06 2
0 0.355 -0.385 -1.401990631e-05 2
0 0.355 -0.375 -2.833566024e-05 2
0 0.355 -0.365 -4.989849708e-05 2
0 0.355 -0.355 -8.153570101e-05 2
0 0.355 -0.345 -0.0001231286546 2
0 0.355 -0.335 -0.0001721928812 2
0 0.355 -0.325 -0.0002253759997 2
0 0.355 -0.315 -0.0002797537443 2
0 0.355 -0.305 -0.0003327482145 2
0 0.355 -0.295 -0.0003839141857 2
0 0.355 -0.285 -0.0004338993036 2
0 0.355 -0.275 -0.0004878786086 2
0 0.355 -0.265 -0.0005412928174 2
0 0.355 -0.255 -0.0005876516668 2
0 0.355 -0.245 -0.0006233098705 2
0 0.355 -0.235 -0.000648895755 2
0 0.355 -0.225 -0.0006583114379 2
0 0.355 -0.215 -0.0006575272784 1
0 0.355 -0.205 -0.0006573631999 1
0 0.355 -0.195 -0.000653244216 1
0 0.355 -0.185 -0.0006416266465 1
0 0.355 -0.175 -0.0006226572464 1
0 0.355 -0.165 -0.0005974972361 1
0 0.355 -0.155 -0.000569302041 1
0 0.355 -0.145 -0.0005388158624 1
0 0.355 -0.135 -0.0005038217905 1
0 0.355 -0.125 -0.0004631436958 1
0 0.355 -0.115 -0.0004193937464 1
0 0.355 -0.105 -0.0003795836655 1
0 0.355 -0.095 -0.0003432292734 1
0 0.355 -0.085 -0.0003073206777 2
0 0.355 -0.075 -0.0002703904985 2
0 0.355 -0.065 -0.0002284469405 1
0 0.355 -0.055 -0.000186515287 1
0 0.355 -0.045 -0.000144081438 1
0 0.355 -0.035 -0.000100726925 1
0 0.355 -0.025 -5.653459404e-05 1
0 0.355 -0.015 -1.086641392e-05 1
0 0.355 -0.005 3.44259329e-05 1
0 0.355 0.005 7.704598687e-05 1
0 0.355 0.015 0.000118262316 1
0 0.355 0.025 0.0001568001474 1
0 0.355 0.035 0.0001965583058 1
0 0.355 0.045 0.0002461140587 2
0 0.355 0.055 0.0002990954784 2
0 0.355 0.065 0.0003533502874 2
0 0.355 0.075 0.0004001933845 2
0 0.355 0.085 0.0004445560617 2
0 0.355 0.095 0.0004870411063 2
0 0.355 0.105 0.000523161734 2
0 0.355 0.115 0.0005443116751 2
0 0.355 0.125 0.0005586695731 1
0 0.355 0.135 0.0005680386307 1
0 0.355 0.145 0.0005745259676 1
0 0.355 0.155 0.000576606596 1
0 0.355 0.165 0.0005769000943 1
0 0.355 0.175 0.0005767492587 1
0 0.355 0.185 0.0005726938928 1
0 0.355 0.195 0.0005680813929 1
0 0.355 0.205 0.0005745672033 2
0 0.355 0.215 0.0005771881576 2
0 0.355 0.225 0.0005703711015 2
0 0.355 0.235 0.0005509455029 2
0 0.355 0.245 0.0005255626149 2
0 0.355 0.255 0.000495845739 2
0 0.355 0.265 0.0004631346207 2
0 0.355 0.275 0.0004281283963 2
0 0.355 0.285 0.0003913624621 2
0 0.355 0.295 0.0003532487516 2
0 0.355 0.305 0.0003141643155 2
0 0.355 0.315 0.0002744884239 2
0 0.355 0.325 0.0002346363726 2
0 0.355 0.335 0.0001951057866 2
0 0.355 0.345 0.0001564772767 2
0 0.355 0.355 0.0001195683044 2
0 0.355 0.365 8.514729956e-05 2
0 0.355 0.375 5.491731434e-05 2
0 0.355 0.385 2.891179952e-05 2
0 0.355 0.395 1.234884289e-05 2
0 0.355 0.405 0 2
0 0.355 0.415 0 2
0 0.355 0.425 0 2
0 0.355 0.435 0 2
0 0.355 0.445 0 2
0 0.355 0.455 0 2
0 0.355 0.465 0 2
0 0.365 -0.455 0 2
0 0.365 -0.445 0 2
0 0.365 -0.435 0 2
0 0.365 -0.425 0 2
0 0.365 -0.415 0 2
0 0.365 -0.405 0 2
0 0.365 -0.395 -6.439467516e-06 2
0 0.365 -0.385 -1.710536683e-05 2
0 0.365 -0.375 -3.480333541e-05 2
0 0.365 -0.365 -5.765409271e-05 2
0 0.365 -0.355 -8.849780422e-05 2
0 0.365 -0.345 -0.0001274434479 2
0 0.365 -0.335 -0.0001733814421 2
0 0.365 -0.325 -0.0002241215533 2
0 0.365 -0.315 -0.0002768775612 2
0 0.365 -0.305 -0.0003286840045 2
0 0.365 -0.295 -0.0003793982823 2
0 0.365 -0.285 -0.0004303205322 2
0 0.365 -0.275 -0.0004859818673 2
0 0.365 -0.265 -0.0005373225518 2
0 0.365 -0.255 -0.0005720299475 1
0 0.365 -0.245 -0.0005888602869 1
0 0.365 -0.235 -0.0005945829368 1
0 0.365 -0.225 -0.0005925859627 1
0 0.365 -0.215 -0.0005907639273 1
0 0.365 -0.205 -0.0005908025928 1
0 0.365 -0.195 -0.000589474791 1
0 0.365 -0.185 -0.000582113379 1
0 0.365 -0.175 -0.0005652249672 1
0 0.365 -0.165 -0.0005404192186 1
0 0.365 -0.155 -0.0005122396955 1
0 0.365 -0.145 -0.0004833407745 1
0 0.365 -0.135 -0.0004515543142 1
0 0.365 -0.125 -0.0004138261861 2
0 0.365 -0.115 -0.0003785387039 2
0 0.365 -0.105 -0.0003499600994 2
0 0.365 -0.095 -0.0003213660251 2
0 0.365 -0.085 -0.0002873738879 2
0 0.365 -0.075 -0.0002498046485 2
0 0.365 -0.065 -0.0002124291551 2
0 0.365 -0.055 -0.000175062997 2
0 0.365 -0.045 -0.0001335392337 1
0 0.365 -0.035 -9.089941943e-05 1
0 0.365 -0.025 -4.753521226e-05 1
0 0.365 -0.015 -3.497026266e-06 1
0 0.365 -0.005 3.999196587e-05 1
0 0.365 0.005 8.167799875e-05 1
0 0.365 0.015 0.0001215273501 1
0 0.365 0.025 0.0001584273479 2
0 0.365 0.035 0.000191812248 2
0 0.365 0.045 0.0002308686175 2
0 0.365 0.055 0.0002803950553 2
0 0.365 0.065 0.0003324474283 2
0 0.365 0.075 0.0003782477566 2
0 0.365 0.085 0.000421600485 2
0 0.365 0.095 0.0004664357154 2
0 0.365 0.105 0.00050381115 2
0 0.365 0.115 0.0005272632118 2
0 0.365 0.125 0.000545172601 1
0 0.365 0.135 0.0005534646397 1
0 0.365 0.145 0.0005586987378 1
0 0.365 0.155 0.0005611907242 1
0 0.365 0.165 0.0005625099038 1
0 0.365 0.175 0.0005598169435 1
0 0.365 0.185 0.0005551965403 1
0 0.365 0.195 0.0005531472756 1
0 0.365 0.205 0.0005612077256 2
0 0.365 0.215 0.000562168356 2
0 0.365 0.225 0.0005530597105 2
0 0.365 0.235 0.0005326930473 2
0 0.365 0.245 0.000506798067 2
0 0.365 0.255 0.000476684821 2
0 0.365 0.265 0.0004437352767 2
0 0.365 0.275 0.0004086265804 2
0 0.365 0.285 0.0003718838865 2
0 0.365 0.295 0.0003338952151 2
0 0.365 0.305 0.0002950220626 2
0 0.365 0.315 0.0002556467964 2
0 0.365 0.325 0.0002162156234 2
0 0.365 0.335 0.000177285366 2
0 0.365 0.345 0.0001395242082 2
0 0.365 0.355 0.0001038416631 2
0 0.365 0.365 7.113232647e-05 2
0 0.365 0.375 4.311060322e-05 2
0 0.365 0.385 2.012253518e-05 2
0 0.365 0.395 6.643643391e-06 2
0 0.365 0.405 0 2
0 0.365 0.415 0 2
0 0.365 0.425 0 2
0 0.365 0.435 0 2
0 0.365 0.445 0 2
0 0.365 0.455 0 2
0 0.365 0.465 0 2
0 0.375 -0.455 0 2
0 0.375 -0.445 0 2
0 0.375 -0.435 0 2
0 0.375 -0.425 0 2
0 0.375 -0.415 0 2
0 0.375 -0.405 0 2
0 0.375 -0.395 -5.420081922e-06 2
0 0.375 -0.385 -1.798119933e-05 2
0 0.375 -0.375 -3.82090969e-05 2
0 0.375 -0.365 -6.195161506e-05 2
0 0.375 -0.355 -9.201529908e-05 2
0 0.375 -0.345 -0.0001289843721 2
0 0.375 -0.335 -0.00017263082 2
0 0.375 -0.325 -0.0002215884317 2
0 0.375 -0.315 -0.000273282112 2
0 0.375 -0.305 -0.0003257115327 2
0 0.375 -0.295 -0.0003744972433 2
0 0.375 -0.285 -0.0004212938071 2
0 0.375 -0.275 -0.0004617239053 1
0 0.375 -0.265 -0.0004904137445 1
0 0.375 -0.255 -0.0005082873615 1
0 0.375 -0.245 -0.000518559824 1
0 0.375 -0.235 -0.0005186820321 1
0 0.375 -0.225 -0.0005168385291 1
0 0.375 -0.215 -0.0005180138466 1
0 0.375 -0.205 -0.0005216510871 1
0 0.375 -0.195 -0.0005242289313 1
0 0.375 -0.185 -0.0005210264483 1
0 0.375 -0.175 -0.0005068863014 1
0 0.375 -0.165 -0.00048156344 1
0 0.375 -0.155 -0.0004521499706 1
0 0.375 -0.145 -0.0004273116268 1
0 0.375 -0.135 -0.0004032147596 2
0 0.375 -0.125 -0.0003795405154 2
0 0.375 -0.115 -0.0003554271319 2
0 0.375 -0.105 -0.0003343890205 2
0 0.375 -0.095 -0.0003102891821 2
0 0.375 -0.085 -0.0002743039272 2
0 0.375 -0.075 -0.0002306131463 2
0 0.375 -0.065 -0.0001874678981 2
0 0.375 -0.055 -0.0001497158889 2
0 0.375 -0.045 -0.000113421175 2
0 0.375 -0.035 -7.510864918e-05 2
0 0.375 -0.025 -3.542615962e-05 2
0 0.375 -0.015 5.956012231e-06 2
0 0.375 -0.005 4.649262216e-05 2
0 0.375 0.005 8.384986186e-05 2
0 0.375 0.015 0.0001179956903 2
0 0.375 0.025 0.0001488362531 2
0 0.375 0.035 0.0001820220847 2
0 0.375 0.045 0.0002216721667 2
0 0.375 0.055 0.0002673362193 2
0 0.375 0.065 0.0003148577632 2
0 0.375 0.075 0.0003584121667 2
0 0.375 0.085 0.0004000370093 2
0 0.375 0.095 0.0004455235908 2
0 0.375 0.105 0.00048768189 2
0 0.375 0.115 0.0005219094686 1
0 0.375 0.125 0.0005368076046 1
0 0.375 0.135 0.0005420362027 1
0 0.375 0.145 0.0005457369193 1
0 0.375 0.155 0.0005493493614 1
0 0.375 0.165 0.0005508921822 1
0 0.375 0.175 0.0005479281813 1
0 0.375 0.185 0.000542769993 1
0 0.375 0.195 0.0005404229612 1
0 0.375 0.205 0.0005451292734 2
0 0.375 0.215 0.0005418782443 2
0 0.375 0.225 0.0005315939262 2
0 0.375 0.235 0.0005110165876 2
0 0.375 0.245 0.0004854860518 2
0 0.375 0.255 0.0004558169942 2
0 0.375 0.265 0.0004233709252 2
0 0.375 0.275 0.0003887929562 2
0 0.375 0.285 0.0003526022643 2
0 0.375 0.295 0.000315172708 2
0 0.375 0.305 0.0002768600104 2
0 0.375 0.315 0.0002380581773 2
0 0.375 0.325 0.0001992498571 2
0 0.375 0.335 0.0001610523428 2
0 0.375 0.345 0.0001242173333 2
0 0.375 0.355 8.973971778e-05 2
0 0.375 0.365 5.862878735e-05 2
0 0.375 0.375 3.261313129e-05 2
0 0.375 0.385 1.23224873e-05 2
0 0.375 0.395 1.584422161e-06 2
0 0.375 0.405 0 2
0 0.375 0.415 0 2
0 0.375 0.425 0 2
0 0.375 0.435 0 2
0 0.375 0.445 0 2
0 0.375 0.455 0 2
0 0.375 0.465 0 2
0 0.385 -0.455 0 2
0 0.385 -0.445 0 2
0 0.385 -0.435 0 2
0 0.385 -0.425 0 2
0 0.385 -0.415 0 2
0 0.385 -0.405 0 2
0 0.385 -0.395 -1.034833477e-05 2
0 0.385 -0.385 -2.303802075e-05 2
0 0.385 -0.375 -4.104537341e-05 2
0 0.385 -0.365 -6.425537425e-05 2
0 0.385 -0.355 -9.266130077e-05 2
0 0.385 -0.345 -0.000127117324 2
0 0.385 -0.335 -0.0001678825523 2
0 0.385 -0.325 -0.000214051524 2
0 0.385 -0.315 -0.0002630593347 2
0 0.385 -0.305 -0.0003131982115 2
0 0.385 -0.295 -0.0003525959587 2
0 0.385 -0.285 -0.0003796806596 1
0 0.385 -0.275 -0.0004032784004 1
0 0.385 -0.265 -0.0004209774165 1
0 0.385 -0.255 -0.0004330199761 1
0 0.385 -0.245 -0.0004428344043 1
0 0.385 -0.235 -0.0004478127697 1
0 0.385 -0.225 -0.0004503915093 1
0 0.385 -0.215 -0.0004527549699 1
0 0.385 -0.205 -0.0004550189356 1
0 0.385 -0.195 -0.0004558272026 1
0 0.385 -0.185 -0.0004535573261 1
0 0.385 -0.175 -0.0004439433373 1
0 0.385 -0.165 -0.0004245481164 1
0 0.385 -0.155 -0.0004055400524 1
0 0.385 -0.145 -0.0003952453847 1
0 0.385 -0.135 -0.0003842082187 2
0 0.385 -0.125 -0.0003691270937 2
0 0.385 -0.115 -0.0003476392865 2
0 0.385 -0.105 -0.0003223475711 2
0 0.385 -0.095 -0.0002939939168 2
0 0.385 -0.085 -0.0002598628903 2
0 0.385 -0.075 -0.0002207512028 2
0 0.385 -0.065 -0.0001760274883 2
0 0.385 -0.055 -0.0001314357371 2
0 0.385 -0.045 -9.210401424e-05 2
0 0.385 -0.035 -5.710665803e-05 2
0 0.385 -0.025 -2.159389257e-05 2
0 0.385 -0.015 1.684111619e-05 2
0 0.385 -0.005 5.412148845e-05 2
0 0.385 0.005 8.631917575e-05 2
0 0.385 0.015 0.0001156471425 2
0 0.385 0.025 0.0001477233295 2
0 0.385 0.035 0.0001856812085 2
0 0.385 0.045 0.0002263273602 2
0 0.385 0.055 0.0002655389029 2
0 0.385 0.065 0.0003053180385 2
0 0.385 0.075 0.0003449406744 2
0 0.385 0.085 0.0003840246633 2
0 0.385 0.095 0.0004295073278 2
0 0.385 0.105 0.0004741354187 2
0 0.385 0.115 0.0005113071898 1
0 0.385 0.125 0.0005262787472 1
0 0.385 0.135 0.0005318430225 1
0 0.385 0.145 0.0005361739539 1
0 0.385 0.155 0.0005401545521 1
0 0.385 0.165 0.0005410315946 1
0 0.385 0.175 0.0005404063729 1
0 0.385 0.185 0.0005384620834 1
0 0.385 0.195 0.0005383037074 2
0 0.385 0.205 0.0005283083685 2
0 0.385 0.215 0.0005186417334 2
0 0.385 0.225 0.0005076473984 2
0 0.385 0.235 0.0004874684074 2
0 0.385 0.245 0.0004628473244 2
0 0.385 0.255 0.000434212227 2
0 0.385 0.265 0.000402833853 2
0 0.385 0.275 0.0003693116354 2
0 0.385 0.285 0.0003341356012 2
0 0.385 0.295 0.000297653789 2
0 0.385 0.305 0.0002602096203 2
0 0.385 0.315 0.0002222076769 2
0 0.385 0.325 0.0001841686191 2
0 0.385 0.335 0.0001467719975 2
0 0.385 0.345 0.0001108525615 2
0 0.385 0.355 7.748924593e-05 2
0 0.385 0.365 4.779978983e-05 2
0 0.385 0.375 2.353424372e-05 2
0 0.385 0.385 5.577002289e-06 2
0 0.385 0.395 -2.794354268e-06 2
0 0.385 0.405 0 2
0 0.385 0.415 0 2
0 0.385 0.425 0 2
0 0.385 0.435 0 2
0 0.385 0.445 0 2
0 0.385 0.455 0 2
0 0.385 0.465 0 2
0 0.395 -0.455 0 2
0 0.395 -0.445 0 2
0 0.395 -0.435 0 2
0 0.395 -0.425 0 2
0 0.395 -0.415 0 2
0 0.395 -0.405 0 2
0 0.395 -0.395 -1.725579556e-05 2
0 0.395 -0.385 -3.100870636e-05 2
0 0.395 -0.375 -4.664600869e-05 2
0 0.395 -0.365 -6.566388663e-05 2
0 0.395 -0.355 -9.156290827e-05 2
0 0.395 -0.345 -0.0001224811706 2
0 0.395 -0.335 -0.0001589311196 2
0 0.395 -0.325 -0.0002001037938 2
0 0.395 -0.315 -0.0002432844958 2
0 0.395 -0.305 -0.0002841393038 2
0 0.395 -0.295 -0.0003114820063 2
0 0.395 -0.285 -0.0003261151825 1
0 0.395 -0.275 -0.0003440851133 1
0 0.395 -0.265 -0.0003594201631 1
0 0.395 -0.255 -0.0003702188916 1
0 0.395 -0.245 -0.0003783931602 1
0 0.395 -0.235 -0.0003838943024 1
0 0.395 -0.225 -0.0003877112899 1
0 0.395 -0.215 -0.0003906968665 1
0 0.395 -0.205 -0.0003929556688 1
0 0.395 -0.195 -0.0003925084125 1
0 0.395 -0.185 -0.0003884620392 1
0 0.395 -0.175 -0.0003821163539 2
0 0.395 -0.165 -0.0003782417961 2
0 0.395 -0.155 -0.0003838050994 2
0 0.395 -0.145 -0.0003893672218 2
0 0.395 -0.135 -0.0003841527685 2
0 0.395 -0.125 -0.0003662028324 2
0 0.395 -0.115 -0.0003427728162 2
0 0.395 -0.105 -0.0003177148708 2
0 0.395 -0.095 -0.0002880056675 2
0 0.395 -0.085 -0.0002532016292 2
0 0.395 -0.075 -0.0002140772422 2
0 0.395 -0.065 -0.0001725714645 2
0 0.395 -0.055 -0.00013093318 2
0 0.395 -0.045 -9.035440314e-05 2
0 0.395 -0.035 -5.078066043e-05 2
0 0.395 -0.025 -1.154485768e-05 2
0 0.395 -0.015 2.731958253e-05 2
0 0.395 -0.005 6.484665269e-05 2
0 0.395 0.005 0.0001000462892 2
0 0.395 0.015 0.0001331137254 2
0 0.395 0.025 0.000165364836 2
0 0.395 0.035 0.0001982099417 2
0 0.395 0.045 0.0002323296313 2
0 0.395 0.055 0.0002675748068 2
0 0.395 0.065 0.0003032905913 2
0 0.395 0.075 0.0003394793867 2
0 0.395 0.085 0.0003763113983 2
0 0.395 0.095 0.0004224445135 2
0 0.395 0.105 0.0004673252575 2
0 0.395 0.115 0.0005026984114 1
0 0.395 0.125 0.0005150599694 1
0 0.395 0.135 0.000521562353 1
0 0.395 0.145 0.0005291599792 1
0 0.395 0.155 0.0005324757091 1
0 0.395 0.165 0.0005331745382 1
0 0.395 0.175 0.0005343093863 1
0 0.395 0.185 0.0005327087673 1
0 0.395 0.195 0.000526253472 2
0 0.395 0.205 0.0005105790978 2
0 0.395 0.215 0.0004980605326 2
0 0.395 0.225 0.0004841720286 2
0 0.395 0.235 0.0004643709663 2
0 0.395 0.245 0.0004406347523 2
0 0.395 0.255 0.0004132514672 2
0 0.395 0.265 0.0003832426779 2
0 0.395 0.275 0.0003511236126 2
0 0.395 0.285 0.0003173001223 2
0 0.395 0.295 0.0002820576312 2
0 0.395 0.305 0.0002457033707 2
0 0.395 0.315 0.0002086426376 2
0 0.395 0.325 0.000171433144 2
0 0.395 0.335 0.0001348198341 2
0 0.395 0.345 9.972318115e-05 2
0 0.395 0.355 6.730847518e-05 2
0 0.395 0.365 3.879853176e-05 2
0 0.395 0.375 1.597422131e-05 2
0 0.395 0.385 -5.577650511e-08 2
0 0.395 0.395 -6.463609934e-06 2
0 0.395 0.405 0 2
0 0.395 0.415 0 2
0 0.395 0.425 0 2
0 0.395 0.435 0 2
0 0.395 0.445 0 2
0 0.395 0.455 0 2
0 0.395 0.465 0 2
0 0.405 -0.455 0 2
0 0.405 -0.445 0 2
0 0.405 -0.435 0 1
0 0.405 -0.425 0 1
0 0.405 -0.415 0 1
0 0.405 -0.405 0 1
0 0.405 -0.395 -1.718251079e-05 2
0 0.405 -0.385 -3.353004638e-05 2
0 0.405 -0.375 -5.299377481e-05 2
0 0.405 -0.365 -6.947469205e-05 2
0 0.405 -0.355 -9.02819515e-05 2
0 0.405 -0.345 -0.0001168656779 2
0 0.405 -0.335 -0.0001472668297 2
0 0.405 -0.325 -0.0001807266894 2
0 0.405 -0.315 -0.0002151404923 2
0 0.405 -0.305 -0.0002443571022 2
0 0.405 -0.295 -0.0002657772531 2
0 0.405 -0.285 -0.0002761585064 1
0 0.405 -0.275 -0.0002883123522 1
0 0.405 -0.265 -0.0002996812114 1
0 0.405 -0.255 -0.0003108310938 1
0 0.405 -0.245 -0.0003185069468 1
0 0.405 -0.235 -0.0003248906496 1
0 0.405 -0.225 -0.0003309512904 1
0 0.405 -0.215 -0.0003371260943 1
0 0.405 -0.205 -0.0003394364357 1
0 0.405 -0.195 -0.0003394734387 1
0 0.405 -0.185 -0.0003402036041 1
0 0.405 -0.175 -0.0003456377641 2
0 0.405 -0.165 -0.0003570261032 2
0 0.405 -0.155 -0.0003748282314 2
0 0.405 -0.145 -0.0003868183566 2
0 0.405 -0.135 -0.0003848288369 2
0 0.405 -0.125 -0.0003682155946 2
0 0.405 -0.115 -0.000343965391 2
0 0.405 -0.105 -0.0003170917892 2
0 0.405 -0.095 -0.0002861056855 2
0 0.405 -0.085 -0.0002510535222 2
0 0.405 -0.075 -0.0002123029872 2
0 0.405 -0.065 -0.000171044526 2
0 0.405 -0.055 -0.0001288679267 2
0 0.405 -0.045 -8.692552963e-05 2
0 0.405 -0.035 -4.556160047e-05 2
0 0.405 -0.025 -4.602406832e-06 2
0 0.405 -0.015 3.582027337e-05 2
0 0.405 -0.005 7.495971311e-05 2
0 0.405 0.005 0.0001119895019 2
0 0.405 0.015 0.0001467713091 2
0 0.405 0.025 0.0001798757207 2
0 0.405 0.035 0.0002120701384 2
0 0.405 0.045 0.000243948471 2
0 0.405 0.055 0.000275944485 2
0 0.405 0.065 0.0003083991577 2
0 0.405 0.075 0.0003420056724 2
0 0.405 0.085 0.0003767529297 2
0 0.405 0.095 0.0004185189714 2
0 0.405 0.105 0.0004617481479 2
0 0.405 0.115 0.000498924588 1
0 0.405 0.125 0.000513682983 1
0 0.405 0.135 0.0005175104439 1
0 0.405 0.145 0.0005216919339 1
0 0.405 0.155 0.0005277511005 1
0 0.405 0.165 0.0005346323415 1
0 0.405 0.175 0.0005352098348 1
0 0.405 0.185 0.0005257985031 2
0 0.405 0.195 0.0005051123174 2
0 0.405 0.205 0.000491295122 2
0 0.405 0.215 0.0004803831727 2
0 0.405 0.225 0.0004634673961 2
0 0.405 0.235 0.0004438616534 2
0 0.405 0.245 0.0004207086146 2
0 0.405 0.255 0.0003944869904 2
0 0.405 0.265 0.0003658985587 2
0 0.405 0.275 0.0003353372185 2
0 0.405 0.285 0.0003030524904 2
0 0.405 0.295 0.0002692103183 2
0 0.405 0.305 0.0002340453471 2
0 0.405 0.315 0.0001979495369 2
0 0.405 0.325 0.0001615175641 2
0 0.405 0.335 0.0001255660157 2
0 0.405 0.345 9.110688698e-05 2
0 0.405 0.355 5.93963461e-05 2
0 0.405 0.365 3.175972204e-05 2
0 0.405 0.375 1.001798089e-05 2
0 0.405 0.385 -4.528717082e-06 2
0 0.405 0.395 -9.401307646e-06 2
0 0.405 0.405 0 2
0 0.405 0.415 0 2
0 0.405 0.425 0 2
0 0.405 0.435 0 2
0 0.405 0.445 0 2
0 0.405 0.455 0 2
0 0.405 0.465 0 2
0 0.415 -0.455 0 2
0 0.415 -0.445 0 2
0 0.415 -0.435 0 1
0 0.415 -0.425 0 1
0 0.415 -0.415 0 1
0 0.415 -0.405 0 1
0 0.415 -0.395 -1.402473208e-05 1
0 0.415 -0.385 -3.018020224e-05 2
0 0.415 -0.375 -5.510298969e-05 2
0 0.415 -0.365 -7.567991382e-05 2
0 0.415 -0.355 -9.602870112e-05 2
0 0.415 -0.345 -0.0001186504255 2
0 0.415 -0.335 -0.0001418292633 2
0 0.415 -0.325 -0.0001655753081 2
0 0.415 -0.315 -0.0001901065969 2
0 0.415 -0.305 -0.0002072102838 2
0 0.415 -0.295 -0.0002202157667 2
0 0.415 -0.285 -0.0002275720451 1
0 0.415 -0.275 -0.0002359142888 1
0 0.415 -0.265 -0.000242257032 1
0 0.415 -0.255 -0.0002522414271 1
0 0.415 -0.245 -0.0002622292255 1
0 0.415 -0.235 -0.000269383381 1
0 0.415 -0.225 -0.0002728657802 1
0 0.415 -0.215 -0.0002808933043 1
0 0.415 -0.205 -0.000289668261 1
0 0.415 -0.195 -0.0003041585809 1
0 0.415 -0.185 -0.0003270992676 2
0 0.415 -0.175 -0.0003491865413 2
0 0.415 -0.165 -0.0003641509892 2
0 0.415 -0.155 -0.0003749529282 2
0 0.415 -0.145 -0.0003813918864 2
0 0.415 -0.135 -0.0003785549543 2
0 0.415 -0.125 -0.0003658604152 2
0 0.415 -0.115 -0.0003451615641 2
0 0.415 -0.105 -0.0003187982531 2
0 0.415 -0.095 -0.0002878317368 2
0 0.415 -0.085 -0.0002528705183 2
0 0.415 -0.075 -0.00021445314 2
0 0.415 -0.065 -0.0001735065527 2
0 0.415 -0.055 -0.0001310395641 2
0 0.415 -0.045 -8.783880968e-05 2
0 0.415 -0.035 -4.431829847e-05 2
0 0.415 -0.025 -6.830143219e-07 2
0 0.415 -0.015 4.270010503e-05 2
0 0.415 -0.005 8.510074793e-05 2
0 0.415 0.005 0.0001255531385 2
0 0.415 0.015 0.0001632184738 2
0 0.415 0.025 0.0001976773794 2
0 0.415 0.035 0.0002292339565 2
0 0.415 0.045 0.0002589773379 2
0 0.415 0.055 0.0002884565535 2
0 0.415 0.065 0.0003190630803 2
0 0.415 0.075 0.0003519825935 2
0 0.415 0.085 0.0003867314282 2
0 0.415 0.095 0.0004263660711 2
0 0.415 0.105 0.0004643503033 2
0 0.415 0.115 0.0004949437538 1
0 0.415 0.125 0.0005098381546 1
0 0.415 0.135 0.0005182710139 1
0 0.415 0.145 0.0005268882038 1
0 0.415 0.155 0.0005345521306 1
0 0.415 0.165 0.0005375570532 1
0 0.415 0.175 0.0005281957425 2
0 0.415 0.185 0.0005046641624 2
0 0.415 0.195 0.0004850527778 2
0 0.415 0.205 0.0004741448509 2
0 0.415 0.215 0.000463085011 2
0 0.415 0.225 0.0004469921191 2
0 0.415 0.235 0.000427552572 2
0 0.415 0.245 0.0004047226158 2
0 0.415 0.255 0.0003793777662 2
0 0.415 0.265 0.0003520867761 2
0 0.415 0.275 0.0003230934521 2
0 0.415 0.285 0.0002924021975 2
0 0.415 0.295 0.0002599851064 2
0 0.415 0.305 0.0002259645859 2
0 0.415 0.315 0.00019071378 2
0 0.415 0.325 0.0001548737319 2
0 0.415 0.335 0.0001193454727 2
0 0.415 0.345 8.524123929e-05 2
0 0.415 0.355 5.391311779e-05 2
0 0.415 0.365 2.678501766e-05 2
0 0.415 0.375 5.724959867e-06 2
0 0.415 0.385 -7.811697348e-06 2
0 0.415 0.395 -1.15952465e-05 2
0 0.415 0.405 0 2
0 0.415 0.415 0 2
0 0.415 0.425 0 2
0 0.415 0.435 0 2
0 0.415 0.445 0 2
0 0.415 0.455 0 2
0 0.415 0.465 0 2
0 0.425 -0.455 0 1
0 0.425 -0.445 0 1
0 0.425 -0.435 0 1
0 0.425 -0.425 0 1
0 0.425 -0.415 0 1
0 0.425 -0.405 0 1
0 0.425 -0.395 -1.33201781e-05 1
0 0.425 -0.385 -2.651648366e-05 1
0 0.425 -0.375 -5.048828317e-05 2
0 0.425 -0.365 -7.548810748e-05 2
0 0.425 -0.355 -9.79271613e-05 2
0 0.425 -0.345 -0.0001166589502 2
0 0.425 -0.335 -0.0001323979769 2
0 0.425 -0.325 -0.000144135397 2
0 0.425 -0.315 -0.000154866461 2
0 0.425 -0.305 -0.0001612766109 2
0 0.425 -0.295 -0.0001707343859 2
0 0.425 -0.285 -0.0001870504953 2
0 0.425 -0.275 -0.0001943638848 1
0 0.425 -0.265 -0.0001939380043 1
0 0.425 -0.255 -0.0001983337552 1
0 0.425 -0.245 -0.0002084831574 1
0 0.425 -0.235 -0.0002198799127 1
0 0.425 -0.225 -0.0002311987914 1
0 0.425 -0.215 -0.0002470909546 1
0 0.425 -0.205 -0.0002759050379 2
0 0.425 -0.195 -0.0003119397037 2
0 0.425 -0.185 -0.0003455241206 2
0 0.425 -0.175 -0.0003658399436 2
0 0.425 -0.165 -0.000376367987 2
0 0.425 -0.155 -0.0003820466104 2
0 0.425 -0.145 -0.0003845555165 2
0 0.425 -0.135 -0.0003800556129 2
0 0.425 -0.125 -0.0003676781456 2
0 0.425 -0.115 -0.0003480239021 2
0 0.425 -0.105 -0.0003224610543 2
0 0.425 -0.095 -0.0002919455317 2
0 0.425 -0.085 -0.0002572343946 2
0 0.425 -0.075 -0.0002189945237 2
0 0.425 -0.065 -0.0001780088621 2
0 0.425 -0.055 -0.0001350376346 2
0 0.425 -0.045 -9.067960414e-05 2
0 0.425 -0.035 -4.529659505e-05 2
0 0.425 -0.025 8.717118651e-07 2
0 0.425 -0.015 4.743924834e-05 2
0 0.425 -0.005 9.371572389e-05 2
0 0.425 0.005 0.0001384504089 2
0 0.425 0.015 0.0001799702269 2
0 0.425 0.025 0.0002166424582 2
0 0.425 0.035 0.0002480471031 2
0 0.425 0.045 0.0002757870875 2
0 0.425 0.055 0.0003028253806 2
0 0.425 0.065 0.0003321783176 2
0 0.425 0.075 0.0003659217429 2
0 0.425 0.085 0.000403449015 2
0 0.425 0.095 0.0004459578293 2
0 0.425 0.105 0.0004833103113 2
0 0.425 0.115 0.0005046912049 2
0 0.425 0.125 0.0005158535296 1
0 0.425 0.135 0.0005247656185 1
0 0.425 0.145 0.000534773324 1
0 0.425 0.155 0.0005377111075 2
0 0.425 0.165 0.0005245404906 2
0 0.425 0.175 0.0005031209086 2
0 0.425 0.185 0.0004871456912 2
0 0.425 0.195 0.0004777080947 2
0 0.425 0.205 0.0004682169788 2
0 0.425 0.215 0.0004545011251 2
0 0.425 0.225 0.0004379185849 2
0 0.425 0.235 0.0004177467109 2
0 0.425 0.245 0.0003945849498 2
0 0.425 0.255 0.0003695453881 2
0 0.425 0.265 0.0003432194347 2
0 0.425 0.275 0.0003156262507 2
0 0.425 0.285 0.0002864084456 2
0 0.425 0.295 0.0002552626886 2
0 0.425 0.305 0.0002221617464 2
0 0.425 0.315 0.0001874652243 2
0 0.425 0.325 0.0001518813485 2
0 0.425 0.335 0.0001164152627 2
0 0.425 0.345 8.228946685e-05 2
0 0.425 0.355 5.095440989e-05 2
0 0.425 0.365 2.392442287e-05 2
0 0.425 0.375 3.116749241e-06 2
0 0.425 0.385 -9.898723559e-06 2
0 0.425 0.395 -1.304636342e-05 2
0 0.425 0.405 0 2
0 0.425 0.415 0 2
0 0.425 0.425 0 2
0 0.425 0.435 0 2
0 0.425 0.445 0 2
0 0.425 0.455 0 2
0 0.425 0.465 0 2
0 0.435 -0.455 0 1
0 0.435 -0.445 0 1
0 0.435 -0.435 0 1
0 0.435 -0.425 0 1
0 0.435 -0.415 0 1
0 0.435 -0.405 0 1
0 0.435 -0.395 -9.59510264e-06 1
0 0.435 -0.385 -2.18594335e-05 1
0 0.435 -0.375 -3.896628691e-05 1
0 0.435 -0.365 -5.949421166e-05 1
0 0.435 -0.355 -7.921040563e-05 1
0 0.435 -0.345 -9.40532706e-05 1
0 0.435 -0.335 -0.000104950318 1
0 0.435 -0.325 -0.0001107932275 1
0 0.435 -0.315 -0.0001132861889 1
0 0.435 -0.305 -0.0001132403796 2
0 0.435 -0.295 -0.0001194451716 2
0 0.435 -0.285 -0.0001369956745 2
0 0.435 -0.275 -0.0001550672229 2
0 0.435 -0.265 -0.0001628861091 2
0 0.435 -0.255 -0.0001640778378 1
0 0.435 -0.245 -0.0001828629055 2
0 0.435 -0.235 -0.0002084209092 2
0 0.435 -0.225 -0.0002433112519 2
0 0.435 -0.215 -0.0002787715901 2
0 0.435 -0.205 -0.0003142730143 2
0 0.435 -0.195 -0.0003465307003 2
0 0.435 -0.185 -0.0003701070841 2
0 0.435 -0.175 -0.0003815192252 2
0 0.435 -0.165 -0.0003868138665 2
0 0.435 -0.155 -0.0003898083683 2
0 0.435 -0.145 -0.0003889609952 2
0 0.435 -0.135 -0.0003829336583 2
0 0.435 -0.125 -0.0003707060271 2
0 0.435 -0.115 -0.0003520473356 2
0 0.435 -0.105 -0.000327468434 2
0 0.435 -0.095 -0.0002976569193 2
0 0.435 -0.085 -0.0002633734436 2
0 0.435 -0.075 -0.0002253668812 2
0 0.435 -0.065 -0.0001843693743 2
0 0.435 -0.055 -0.0001410170761 2
0 0.435 -0.045 -9.57742248e-05 2
0 0.435 -0.035 -4.888301417e-05 2
0 0.435 -0.025 -4.783655064e-07 2
0 0.435 -0.015 4.924965009e-05 2
0 0.435 -0.005 9.973163964e-05 2
0 0.435 0.005 0.0001492899944 2
0 0.435 0.015 0.0001950869374 2
0 0.435 0.025 0.0002341993705 2
0 0.435 0.035 0.0002656710974 2
0 0.435 0.045 0.0002919805158 2
0 0.435 0.055 0.0003176155187 2
0 0.435 0.065 0.0003467576118 2
0 0.435 0.075 0.0003819056367 2
0 0.435 0.085 0.000422432495 2
0 0.435 0.095 0.0004672057138 2
0 0.435 0.105 0.0005082117228 2
0 0.435 0.115 0.0005336324709 2
0 0.435 0.125 0.000540180574 2
0 0.435 0.135 0.0005359079496 2
0 0.435 0.145 0.0005296955047 2
0 0.435 0.155 0.0005203669226 2
0 0.435 0.165 0.0005091461913 2
0 0.435 0.175 0.0004979128055 2
0 0.435 0.185 0.0004891663172 2
0 0.435 0.195 0.0004812904775 2
0 0.435 0.205 0.0004693770117 2
0 0.435 0.215 0.0004553385501 2
0 0.435 0.225 0.0004375351108 2
0 0.435 0.235 0.0004157783225 2
0 0.435 0.245 0.0003913317231 2
0 0.435 0.255 0.000365877119 2
0 0.435 0.265 0.0003402392011 2
0 0.435 0.275 0.0003139696846 2
0 0.435 0.285 0.0002860456429 2
0 0.435 0.295 0.0002558386281 2
0 0.435 0.305 0.0002232166291 2
0 0.435 0.315 0.0001885938906 2
0 0.435 0.325 0.0001527774867 2
0 0.435 0.335 0.0001168990912 2
0 0.435 0.345 8.229883909e-05 2
0 0.435 0.355 5.052160773e-05 2
0 0.435 0.365 2.31563831e-05 2
0 0.435 0.375 2.164605726e-06 2
0 0.435 0.385 -1.081477994e-05 2
0 0.435 0.395 -1.377177194e-05 2
0 0.435 0.405 0 2
0 0.435 0.415 0 2
0 0.435 0.425 0 2
0 0.435 0.435 0 2
0 0.435 0.445 0 2
0 0.435 0.455 0 2
0 0.435 0.465 0 2
0 0.445 -0.455 0 1
0 0.445 -0.445 0 1
0 0.445 -0.435 0 1
0 0.445 -0.425 0 1
0 0.445 -0.415 0 1
0 0.445 -0.405 0 1
0 0.445 -0.395 1.947324437e-07 1
0 0.445 -0.385 -5.855043528e-06 1
0 0.445 -0.375 -1.557129944e-05 1
0 0.445 -0.365 -2.768351265e-05 1
0 0.445 -0.355 -4.152207378e-05 1
0 0.445 -0.345 -5.367900792e-05 1
0 0.445 -0.335 -6.372697946e-05 1
0 0.445 -0.325 -7.241120538e-05 1
0 0.445 -0.315 -7.824021785e-05 1
0 0.445 -0.305 -8.06063536e-05 1
0 0.445 -0.295 -8.180169236e-05 1
0 0.445 -0.285 -9.543837877e-05 2
0 0.445 -0.275 -0.0001153707014 2
0 0.445 -0.265 -0.0001348433178 2
0 0.445 -0.255 -0.0001596184703 2
0 0.445 -0.245 -0.00019349729 2
0 0.445 -0.235 -0.0002319150133 2
0 0.445 -0.225 -0.000279334813 2
0 0.445 -0.215 -0.0003226020892 2
0 0.445 -0.205 -0.0003528614705 2
0 0.445 -0.195 -0.0003707071952 2
0 0.445 -0.185 -0.0003825018075 2
0 0.445 -0.175 -0.0003907666678 2
0 0.445 -0.165 -0.0003949828982 2
0 0.445 -0.155 -0.0003960662751 2
0 0.445 -0.145 -0.0003938601317 2
0 0.445 -0.135 -0.0003873049484 2
0 0.445 -0.125 -0.0003753217186 2
0 0.445 -0.115 -0.0003573796232 2
0 0.445 -0.105 -0.000333571808 2
0 0.445 -0.095 -0.0003043768995 2
0 0.445 -0.085 -0.0002704986533 2
0 0.445 -0.075 -0.0002327133976 2
0 0.445 -0.065 -0.0001917634594 2
0 0.445 -0.055 -0.0001482498863 2
0 0.445 -0.045 -0.0001025631001 2
0 0.445 -0.035 -5.482196999e-05 2
0 0.445 -0.025 -5.008042992e-06 2
0 0.445 -0.015 4.709665468e-05 2
0 0.445 -0.005 0.0001011409395 2
0 0.445 0.005 0.0001553355565 2
0 0.445 0.015 0.0002099218971 2
0 0.445 0.025 0.0002563598569 2
0 0.445 0.035 0.0002880558618 2
0 0.445 0.045 0.0003096000452 2
0 0.445 0.055 0.0003277913797 2
0 0.445 0.065 0.0003524508019 2
0 0.445 0.075 0.0003879500698 2
0 0.445 0.085 0.0004331839461 2
0 0.445 0.095 0.0004789858934 2
0 0.445 0.105 0.0005193311404 2
0 0.445 0.115 0.0005478163966 2
0 0.445 0.125 0.0005562301616 2
0 0.445 0.135 0.0005447493212 2
0 0.445 0.145 0.0005277666165 2
0 0.445 0.155 0.0005187556682 2
0 0.445 0.165 0.000516185769 2
0 0.445 0.175 0.0005126157633 2
0 0.445 0.185 0.0005031032087 2
0 0.445 0.195 0.0004926408775 2
0 0.445 0.205 0.0004811213068 2
0 0.445 0.215 0.0004668436997 2
0 0.445 0.225 0.0004481404347 2
0 0.445 0.235 0.0004247458462 2
0 0.445 0.245 0.0003982645671 2
0 0.445 0.255 0.0003712643069 2
0 0.445 0.265 0.0003452595788 2
0 0.445 0.275 0.0003195287138 2
0 0.445 0.285 0.0002922583089 2
0 0.445 0.295 0.0002623299923 2
0 0.445 0.305 0.0002294918753 2
0 0.445 0.315 0.0001942533454 2
0 0.445 0.325 0.0001575743722 2
0 0.445 0.335 0.0001207252402 2
0 0.445 0.345 8.515769192e-05 2
0 0.445 0.355 5.249399156e-05 2
0 0.445 0.365 2.437080607e-05 2
0 0.445 0.375 2.779837567e-06 2
0 0.445 0.385 -1.062058918e-05 2
0 0.445 0.395 -1.380660936e-05 2
0 0.445 0.405 0 2
0 0.445 0.415 0 2
0 0.445 0.425 0 2
0 0.445 0.435 0 2
0 0.445 0.445 0 2
0 0.445 0.455 0 2
0 0.445 0.465 0 2
0 0.455 -0.455 0 1
0 0.455 -0.445 0 1
0 0.455 -0.435 0 1
0 0.455 -0.425 0 1
0 0.455 -0.415 0 1
0 0.455 -0.405 0 1
0 0.455 -0.395 9.548973457e-06 1
0 0.455 -0.385 1.052204072e-05 1
0 0.455 -0.375 7.45355388e-06 1
0 0.455 -0.365 1.324826552e-06 1
0 0.455 -0.355 -7.376173247e-06 1
0 0.455 -0.345 -1.769694297e-05 1
0 0.455 -0.335 -2.830096932e-05 1
0 0.455 -0.325 -4.007610369e-05 1
0 0.455 -0.315 -5.00809325e-05 1
0 0.455 -0.305 -5.854330607e-05 1
0 0.455 -0.295 -6.64476611e-05 1
0 0.455 -0.285 -7.939801401e-05 1
0 0.455 -0.275 -9.552564738e-05 2
0 0.455 -0.265 -0.0001209177811 2
0 0.455 -0.255 -0.0001623175831 2
0 0.455 -0.245 -0.0002166863293 2
0 0.455 -0.235 -0.0002695093306 2
0 0.455 -0.225 -0.0003163186927 2
0 0.455 -0.215 -0.0003526499192 2
0 0.455 -0.205 -0.0003722918067 2
0 0.455 -0.195 -0.0003821767214 2
0 0.455 -0.185 -0.0003901273002 2
0 0.455 -0.175 -0.0003952437985 2
0 0.455 -0.165 -0.0003983575429 2
0 0.455 -0.155 -0.0003993561241 2
0 0.455 -0.145 -0.0003974595038 2
0 0.455 -0.135 -0.0003915110305 2
0 0.455 -0.125 -0.0003803453468 2
0 0.455 -0.115 -0.0003632695564 2
0 0.455 -0.105 -0.0003401772419 2
0 0.455 -0.095 -0.0003114718216 2
0 0.455 -0.085 -0.0002778806933 2
0 0.455 -0.075 -0.000240268012 2
0 0.455 -0.065 -0.0001994483464 2
0 0.455 -0.055 -0.000156054344 2
0 0.455 -0.045 -0.0001104610841 2
0 0.455 -0.035 -6.270718249e-05 2
0 0.455 -0.025 -1.265867169e-05 2
0 0.455 -0.015 4.037417992e-05 2
0 0.455 -0.005 9.613339448e-05 2
0 0.455 0.005 0.0001561224424 2
0 0.455 0.015 0.0002143315858 2
0 0.455 0.025 0.0002587519867 2
0 0.455 0.035 0.0002878207108 2
0 0.455 0.045 0.0003129338601 2
0 0.455 0.055 0.0003403128775 2
0 0.455 0.065 0.0003711421455 2
0 0.455 0.075 0.0004071616352 2
0 0.455 0.085 0.0004475277824 2
0 0.455 0.095 0.0004868462848 2
0 0.455 0.105 0.0005198637619 2
0 0.455 0.115 0.000543230219 2
0 0.455 0.125 0.0005535564055 2
0 0.455 0.135 0.0005485805421 2
0 0.455 0.145 0.0005375266035 2
0 0.455 0.155 0.0005356799681 2
0 0.455 0.165 0.0005400335355 2
0 0.455 0.175 0.0005374251152 2
0 0.455 0.185 0.0005262865626 2
0 0.455 0.195 0.0005148972173 2
0 0.455 0.205 0.0005044410015 2
0 0.455 0.215 0.0004911597531 2
0 0.455 0.225 0.0004728451165 2
0 0.455 0.235 0.0004454088093 2
0 0.455 0.245 0.0004131543653 2
0 0.455 0.255 0.0003835294763 2
0 0.455 0.265 0.0003583744101 2
0 0.455 0.275 0.0003333369909 2
0 0.455 0.285 0.0003055213316 2
0 0.455 0.295 0.0002748459206 2
0 0.455 0.305 0.0002408812426 2
0 0.455 0.315 0.000204207012 2
0 0.455 0.325 0.0001659574903 2
0 0.455 0.335 0.0001275632887 2
0 0.455 0.345 9.055935341e-05 2
0 0.455 0.355 5.661002244e-05 2
0 0.455 0.365 2.736054342e-05 2
0 0.455 0.375 4.810724581e-06 2
0 0.455 0.385 -9.413190825e-06 2
0 0.455 0.395 -1.320369431e-05 2
0 0.455 0.405 0 2
0 0.455 0.415 0 2
0 0.455 0.425 0 2
0 0.455 0.435 0 2
0 0.455 0.445 0 2
0 0.455 0.455 0 2
0 0.455 0.465 0 2
0 0.465 -0.455 0 1
0 0.465 -0.445 0 1
0 0.465 -0.435 0 1
0 0.465 -0.425 0 1
0 0.465 -0.415 0 1
0 0.465 -0.405 0 1
0 0.465 -0.395 1.61690435e-05 1
0 0.465 -0.385 2.105429091e-05 1
0 0.465 -0.375 2.232068565e-05 1
0 0.465 -0.365 1.966527126e-05 1
0 0.465 -0.355 1.344408011e-05 1
0 0.465 -0.345 4.061267552e-06 1
0 0.465 -0.335 -7.170100745e-06 1
0 0.465 -0.325 -1.885515323e-05 1
0 0.465 -0.315 -3.004403064e-05 1
0 0.465 -0.305 -4.346524982e-05 1
0 0.465 -0.295 -5.909450107e-05 1
0 0.465 -0.285 -7.850785117e-05 1
0 0.465 -0.275 -0.0001028366902 2
0 0.465 -0.265 -0.0001382954853 2
0 0.465 -0.255 -0.0001877384471 2
0 0.465 -0.245 -0.0002404683115 2
0 0.465 -0.235 -0.0002867751493 2
0 0.465 -0.225 -0.0003291041452 2
0 0.465 -0.215 -0.0003606864848 2
0 0.465 -0.205 -0.0003745041877 2
0 0.465 -0.195 -0.0003806150326 2
0 0.465 -0.185 -0.0003876644546 2
0 0.465 -0.175 -0.0003929754734 2
0 0.465 -0.165 -0.0003971653738 2
0 0.465 -0.155 -0.0003996535585 2
0 0.465 -0.145 -0.0003993110517 2
0 0.465 -0.135 -0.0003948901816 2
0 0.465 -0.125 -0.0003850912462 2
0 0.465 -0.115 -0.0003690574499 2
0 0.465 -0.105 -0.0003466138307 2
0 0.465 -0.095 -0.0003182133038 2
0 0.465 -0.085 -0.0002847011543 2
0 0.465 -0.075 -0.0002471274262 2
0 0.465 -0.065 -0.0002064597552 2
0 0.465 -0.055 -0.0001634278938 2
0 0.465 -0.045 -0.000118439829 2
0 0.465 -0.035 -7.151492753e-05 2
0 0.465 -0.025 -2.250639104e-05 2
0 0.465 -0.015 2.946296054e-05 2
0 0.465 -0.005 8.387371896e-05 2
0 0.465 0.005 0.0001447080852 2
0 0.465 0.015 0.0002008274558 2
0 0.465 0.025 0.0002410198849 2
0 0.465 0.035 0.0002745494826 1
0 0.465 0.045 0.0003052799757 1
0 0.465 0.055 0.0003402155354 1
0 0.465 0.065 0.0003765208578 1
0 0.465 0.075 0.0004138630339 2
0 0.465 0.085 0.0004490409181 2
0 0.465 0.095 0.0004827070888 2
0 0.465 0.105 0.000513162989 2
0 0.465 0.115 0.0005375152144 2
0 0.465 0.125 0.0005531193337 2
0 0.465 0.135 0.0005579053804 2
0 0.465 0.145 0.0005550023835 2
0 0.465 0.155 0.0005530141049 2
0 0.465 0.165 0.0005524896534 2
0 0.465 0.175 0.0005474045852 2
0 0.465 0.185 0.0005405829946 2
0 0.465 0.195 0.0005346272669 2
0 0.465 0.205 0.0005275178308 2
0 0.465 0.215 0.0005175380919 2
0 0.465 0.225 0.0005032420492 2
0 0.465 0.235 0.0004814847784 2
0 0.465 0.245 0.0004499606358 2
0 0.465 0.255 0.0004152003645 2
0 0.465 0.265 0.0003837893772 2
0 0.465 0.275 0.0003550645528 2
0 0.465 0.285 0.0003258282168 2
0 0.465 0.295 0.0002929492459 2
0 0.465 0.305 0.0002567065905 2
0 0.465 0.315 0.0002177009682 2
0 0.465 0.325 0.0001772086107 2
0 0.465 0.335 0.0001367869188 2
0 0.465 0.345 9.799055109e-05 2
0 0.465 0.355 6.246896541e-05 2
0 0.465 0.365 3.182813826e-05 2
0 0.465 0.375 8.049884859e-06 2
0 0.465 0.385 -7.3203189e-06 2
0 0.465 0.395 -1.203011958e-05 2
0 0.465 0.405 0 2
0 0.465 0.415 0 2
0 0.465 0.425 0 2
0 0.465 0.435 0 2
0 0.465 0.445 0 2
0 0.465 0.455 0 2
0 0.465 0.465 0 2
0 0.475 -0.455 0 1
0 0.475 -0.445 0 1
0 0.475 -0.435 0 1
0 0.475 -0.425 0 1
0 0.475 -0.415 0 1
0 0.475 -0.405 0 1
0 0.475 -0.395 2.285376729e-05 1
0 0.475 -0.385 3.121902039e-05 1
0 0.475 -0.375 3.62700493e-05 1
0 0.475 -0.365 3.691533933e-05 1
0 0.475 -0.355 3.123999658e-05 1
0 0.475 -0.345 1.958073082e-05 1
0 0.475 -0.335 4.67833065e-06 1
0 0.475 -0.325 -1.018210125e-05 1
0 0.475 -0.315 -2.567082315e-05 1
0 0.475 -0.305 -4.295797476e-05 1
0 0.475 -0.295 -6.499446869e-05 1
0 0.475 -0.285 -9.356977842e-05 1
0 0.475 -0.275 -0.0001308495857 2
0 0.475 -0.265 -0.0001791104092 2
0 0.475 -0.255 -0.0002288866207 1
0 0.475 -0.245 -0.0002631961628 1
0 0.475 -0.235 -0.0002876917612 1
0 0.475 -0.225 -0.0003134802968 1
0 0.475 -0.215 -0.0003401733804 2
0 0.475 -0.205 -0.0003608157444 2
0 0.475 -0.195 -0.0003716716974 2
0 0.475 -0.185 -0.0003784593607 2
0 0.475 -0.175 -0.0003864029617 2
0 0.475 -0.165 -0.0003930529569 2
0 0.475 -0.155 -0.0003979627332 2
0 0.475 -0.145 -0.000400018492 2
0 0.475 -0.135 -0.0003978332193 2
0 0.475 -0.125 -0.0003897001473 2
0 0.475 -0.115 -0.000374540718 2
0 0.475 -0.105 -0.0003523028537 2
0 0.475 -0.095 -0.0003237542863 2
0 0.475 -0.085 -0.0002899745919 2
0 0.475 -0.075 -0.0002522581882 2
0 0.475 -0.065 -0.0002117036683 2
0 0.475 -0.055 -0.0001691825018 2
0 0.475 -0.045 -0.000125150916 2
0 0.475 -0.035 -7.961395785e-05 2
0 0.475 -0.025 -3.241638936e-05 2
0 0.475 -0.015 1.739072134e-05 2
0 0.475 -0.005 6.921265816e-05 2
0 0.475 0.005 0.0001284263854 2
0 0.475 0.015 0.000184377346 2
0 0.475 0.025 0.0002321659032 1
0 0.475 0.035 0.0002640911473 1
0 0.475 0.045 0.0002928812529 1
0 0.475 0.055 0.0003241560556 1
0 0.475 0.065 0.0003574162675 1
0 0.475 0.075 0.0003923767074 1
0 0.475 0.085 0.0004288469361 1
0 0.475 0.095 0.0004638132617 1
0 0.475 0.105 0.0004943836493 1
0 0.475 0.115 0.0005204358698 1
0 0.475 0.125 0.0005408146429 1
0 0.475 0.135 0.0005555147757 1
0 0.475 0.145 0.0005635734059 1
0 0.475 0.155 0.0005615495867 2
0 0.475 0.165 0.0005522568728 2
0 0.475 0.175 0.0005452366637 1
0 0.475 0.185 0.0005429927762 1
0 0.475 0.195 0.0005407528442 1
0 0.475 0.205 0.0005360097836 1
0 0.475 0.215 0.0005289567266 1
0 0.475 0.225 0.0005194541404 1
0 0.475 0.235 0.0005077686736 1
0 0.475 0.245 0.0004896558492 1
0 0.475 0.255 0.0004589390106 2
0 0.475 0.265 0.0004197642607 2
0 0.475 0.275 0.0003829108375 2
0 0.475 0.285 0.0003498540854 2
0 0.475 0.295 0.0003147538593 2
0 0.475 0.305 0.0002752963779 2
0 0.475 0.315 0.000233298974 2
0 0.475 0.325 0.0001901616211 2
0 0.475 0.335 0.0001474840969 2
0 0.475 0.345 0.0001067607526 2
0 0.475 0.355 6.956292327e-05 2
0 0.475 0.365 3.741329659e-05 2
0 0.475 0.375 1.225477127e-05 2
0 0.475 0.385 -4.487415514e-06 2
0 0.475 0.395 -1.036037586e-05 2
0 0.475 0.405 0 2
0 0.475 0.415 0 2
0 0.475 0.425 0 2
0 0.475 0.435 0 2
0 0.475 0.445 0 2
0 0.475 0.455 0 2
0 0.475 0.465 0 2
0 0.485 -0.455 0 1
0 0.485 -0.445 0 1
0 0.485 -0.435 0 1
0 0.485 -0.425 0 1
0 0.485 -0.415 0 1
0 0.485 -0.405 0 1
0 0.485 -0.395 2.896698741e-05 1
0 0.485 -0.385 4.033230003e-05 1
0 0.485 -0.375 4.736755572e-05 1
0 0.485 -0.365 4.799112724e-05 1
0 0.485 -0.355 4.082187912e-05 1
0 0.485 -0.345 2.764079189e-05 1
0 0.485 -0.335 1.090643094e-05 1
0 0.485 -0.325 -7.355026317e-06 1
0 0.485 -0.315 -2.782304917e-05 1
0 0.485 -0.305 -4.977047057e-05 1
0 0.485 -0.295 -7.88327503e-05 1
0 0.485 -0.285 -0.0001186138459 1
0 0.485 -0.275 -0.0001664762787 2
0 0.485 -0.265 -0.000209176235 1
0 0.485 -0.255 -0.0002448196003 1
0 0.485 -0.245 -0.0002707339146 1
0 0.485 -0.235 -0.0002911118308 1
0 0.485 -0.225 -0.0003107642824 1
0 0.485 -0.215 -0.0003306201233 2
0 0.485 -0.205 -0.0003492760448 2
0 0.485 -0.195 -0.0003604149557 2
0 0.485 -0.185 -0.0003685687336 2
0 0.485 -0.175 -0.0003796181754 2
0 0.485 -0.165 -0.0003885087483 2
0 0.485 -0.155 -0.0003949121908 2
0 0.485 -0.145 -0.0003984072 2
0 0.485 -0.135 -0.0003979025843 2
0 0.485 -0.125 -0.0003914887935 2
0 0.485 -0.115 -0.0003776697123 2
0 0.485 -0.105 -0.0003560318691 2
0 0.485 -0.095 -0.0003272765462 2
0 0.485 -0.085 -0.0002928226021 2
0 0.485 -0.075 -0.0002545973927 2
0 0.485 -0.065 -0.0002140119942 2
0 0.485 -0.055 -0.0001720739393 2
0 0.485 -0.045 -0.0001291653948 2
0 0.485 -0.035 -8.520287457e-05 2
0 0.485 -0.025 -3.990419605e-05 2
0 0.485 -0.015 7.969488779e-06 2
0 0.485 -0.005 5.819981508e-05 2
0 0.485 0.005 0.0001179732972 2
0 0.485 0.015 0.0001772133198 2
0 0.485 0.025 0.0002295625634 1
0 0.485 0.035 0.0002587573407 1
0 0.485 0.045 0.0002815146479 1
0 0.485 0.055 0.0003060284553 1
0 0.485 0.065 0.0003338254275 1
0 0.485 0.075 0.0003667864524 1
0 0.485 0.085 0.000404302854 1
0 0.485 0.095 0.0004411097456 1
0 0.485 0.105 0.000472667276 1
0 0.485 0.115 0.0004995587687 1
0 0.485 0.125 0.0005207272999 1
0 0.485 0.135 0.0005352626657 1
0 0.485 0.145 0.0005431163276 1
0 0.485 0.155 0.0005462998431 1
0 0.485 0.165 0.0005481705384 1
0 0.485 0.175 0.0005466264739 1
0 0.485 0.185 0.0005411063545 1
0 0.485 0.195 0.0005352379462 1
0 0.485 0.205 0.000529826484 1
0 0.485 0.215 0.0005233778983 1
0 0.485 0.225 0.0005156957407 1
0 0.485 0.235 0.0005061403544 1
0 0.485 0.245 0.0004934670113 1
0 0.485 0.255 0.0004726431694 1
0 0.485 0.265 0.000445690408 2
0 0.485 0.275 0.000411258511 2
0 0.485 0.285 0.0003759758258 2
0 0.485 0.295 0.0003371898103 2
0 0.485 0.305 0.0002941057697 2
0 0.485 0.315 0.0002489866815 2
0 0.485 0.325 0.0002033188954 2
0 0.485 0.335 0.0001585678453 2
0 0.485 0.345 0.0001160941002 2
0 0.485 0.355 7.734715977e-05 2
0 0.485 0.365 4.374324397e-05 2
0 0.485 0.375 1.718133989e-05 2
0 0.485 0.385 -1.057750205e-06 2
0 0.485 0.395 -8.266411951e-06 2
0 0.485 0.405 0 2
0 0.485 0.415 0 2
0 0.485 0.425 0 2
0 0.485 0.435 0 2
0 0.485 0.445 0 2
0 0.485 0.455 0 2
0 0.485 0.465 0 2
0 0.495 -0.455 0 2
0 0.495 -0.445 0 2
0 0.495 -0.435 0 1
0 0.495 -0.425 0 1
0 0.495 -0.415 0 1
0 0.495 -0.405 0 1
0 0.495 -0.395 3.102747819e-05 1
0 0.495 -0.385 4.085578058e-05 2
0 0.495 -0.375 4.686204062e-05 2
0 0.495 -0.365 4.372463852e-05 2
0 0.495 -0.355 3.823136791e-05 1
0 0.495 -0.345 2.524273251e-05 1
0 0.495 -0.335 7.683959198e-06 1
0 0.495 -0.325 -1.504493404e-05 1
0 0.495 -0.315 -4.203515619e-05 1
0 0.495 -0.305 -7.159446942e-05 1
0 0.495 -0.295 -0.0001089313303 1
0 0.495 -0.285 -0.0001599982846 2
0 0.495 -0.275 -0.0002007767161 1
0 0.495 -0.265 -0.00023094649 1
0 0.495 -0.255 -0.000257195436 1
0 0.495 -0.245 -0.0002831467612 1
0 0.495 -0.235 -0.000308891267 1
0 0.495 -0.225 -0.0003299889436 1
0 0.495 -0.215 -0.0003412336681 1
0 0.495 -0.205 -0.0003428231313 2
0 0.495 -0.195 -0.0003489520982 2
0 0.495 -0.185 -0.0003630707227 2
0 0.495 -0.175 -0.0003787209932 2
0 0.495 -0.165 -0.0003879869453 2
0 0.495 -0.155 -0.0003935627541 2
0 0.495 -0.145 -0.0003989259182 2
0 0.495 -0.135 -0.0004019183045 2
0 0.495 -0.125 -0.0003964740979 2
0 0.495 -0.115 -0.0003798579986 2
0 0.495 -0.105 -0.0003555255873 2
0 0.495 -0.095 -0.0003269010325 2
0 0.495 -0.085 -0.0002919433419 2
0 0.495 -0.075 -0.0002530871711 2
0 0.495 -0.065 -0.0002123836592 2
0 0.495 -0.055 -0.0001710660626 2
0 0.495 -0.045 -0.0001293527422 2
0 0.495 -0.035 -8.690886129e-05 2
0 0.495 -0.025 -4.3218624e-05 2
0 0.495 -0.015 3.438186394e-06 2
0 0.495 -0.005 5.332132049e-05 2
0 0.495 0.005 0.0001159257057 2
0 0.495 0.015 0.0001762330471 2
0 0.495 0.025 0.0002255637109 1
0 0.495 0.035 0.0002498451459 1
0 0.495 0.045 0.0002707093639 1
0 0.495 0.055 0.0002971369516 1
0 0.495 0.065 0.000324862596 1
0 0.495 0.075 0.0003553524595 1
0 0.495 0.085 0.0003878950278 1
0 0.495 0.095 0.0004207815133 1
0 0.495 0.105 0.0004517130999 1
0 0.495 0.115 0.0004785552299 1
0 0.495 0.125 0.0004995646266 1
0 0.495 0.135 0.0005126313862 1
0 0.495 0.145 0.0005201210843 1
0 0.495 0.155 0.0005283760018 1
0 0.495 0.165 0.000537676888 1
0 0.495 0.175 0.0005408040926 1
0 0.495 0.185 0.0005349222935 1
0 0.495 0.195 0.0005269283017 1
0 0.495 0.205 0.000520377112 1
0 0.495 0.215 0.0005133277437 1
0 0.495 0.225 0.0005053026698 1
0 0.495 0.235 0.0004942559803 1
0 0.495 0.245 0.0004804629429 1
0 0.495 0.255 0.0004632302291 1
0 0.495 0.265 0.0004452203714 1
0 0.495 0.275 0.0004276517233 2
0 0.495 0.285 0.0003964323211 2
0 0.495 0.295 0.0003551280769 2
0 0.495 0.305 0.0003096984562 2
0 0.495 0.315 0.0002624555462 2
0 0.495 0.325 0.000215123359 2
0 0.495 0.335 0.0001689870176 2
0 0.495 0.345 0.0001252791032 2
0 0.495 0.355 8.53420434e-05 2
0 0.495 0.365 5.049981728e-05 2
0 0.495 0.375 2.262624333e-05 2
0 0.495 0.385 2.851450934e-06 2
0 0.495 0.395 -5.806117092e-06 2
0 0.495 0.405 0 2
0 0.495 0.415 0 2
0 0.495 0.425 0 2
0 0.495 0.435 0 2
0 0.495 0.445 0 2
0 0.495 0.455 0 2
0 0.495 0.465 0 2
0 0.505 -0.455 0 2
0 0.505 -0.445 0 2
0 0.505 -0.435 0 2
0 0.505 -0.425 0 1
0 0.505 -0.415 0 1
0 0.505 -0.405 0 1
0 0.505 -0.395 2.845504624e-05 1
0 0.505 -0.385 3.666567323e-05 2
0 0.505 -0.375 4.082536624e-05 2
0 0.505 -0.365 3.54053446e-05 2
0 0.505 -0.355 2.178267924e-05 2
0 0.505 -0.345 2.45017664e-06 2
0 0.505 -0.335 -2.120937632e-05 2
0 0.505 -0.325 -5.054635311e-05 2
0 0.505 -0.315 -8.505050407e-05 2
0 0.505 -0.305 -0.0001265118029 2
0 0.505 -0.295 -0.0001700400771 2
0 0.505 -0.285 -0.0002045150369 1
0 0.505 -0.275 -0.000233223274 1
0 0.505 -0.265 -0.000258889316 1
0 0.505 -0.255 -0.0002829452713 1
0 0.505 -0.245 -0.0003074941928 1
0 0.505 -0.235 -0.0003320747038 1
0 0.505 -0.225 -0.0003505132345 1
0 0.505 -0.215 -0.0003572888071 1
0 0.505 -0.205 -0.0003562227179 2
0 0.505 -0.195 -0.0003623474001 2
0 0.505 -0.185 -0.0003767464884 2
0 0.505 -0.175 -0.0003867871728 2
0 0.505 -0.165 -0.0003911567058 2
0 0.505 -0.155 -0.0003910348333 2
0 0.505 -0.145 -0.0003886925979 2
0 0.505 -0.135 -0.0003853927503 2
0 0.505 -0.125 -0.0003816600789 2
0 0.505 -0.115 -0.0003730366504 2
0 0.505 -0.105 -0.0003546315493 2
0 0.505 -0.095 -0.0003243147736 2
0 0.505 -0.085 -0.0002859088685 2
0 0.505 -0.075 -0.0002466108676 2
0 0.505 -0.065 -0.0002060760618 2
0 0.505 -0.055 -0.0001655941084 2
0 0.505 -0.045 -0.0001251824037 2
0 0.505 -0.035 -8.414601503e-05 2
0 0.505 -0.025 -4.178261689e-05 2
0 0.505 -0.015 3.892495357e-06 2
0 0.505 -0.005 5.335234087e-05 2
0 0.505 0.005 0.0001162227448 2
0 0.505 0.015 0.000176863046 2
0 0.505 0.025 0.000225645892 1
0 0.505 0.035 0.000248585254 1
0 0.505 0.045 0.0002673677006 1
0 0.505 0.055 0.0002911241096 1
0 0.505 0.065 0.0003158501649 1
0 0.505 0.075 0.0003430122722 1
0 0.505 0.085 0.0003724396693 1
0 0.505 0.095 0.0004033921409 1
0 0.505 0.105 0.0004339130729 1
0 0.505 0.115 0.0004614550134 1
0 0.505 0.125 0.0004836861392 1
0 0.505 0.135 0.0004996896329 1
0 0.505 0.145 0.0005105190934 1
0 0.505 0.155 0.0005183382387 1
0 0.505 0.165 0.0005237584344 1
0 0.505 0.175 0.0005258312794 1
0 0.505 0.185 0.0005241047411 1
0 0.505 0.195 0.0005194161158 1
0 0.505 0.205 0.0005129610646 1
0 0.505 0.215 0.0005054425471 1
0 0.505 0.225 0.0004970426979 1
0 0.505 0.235 0.0004872369055 1
0 0.505 0.245 0.0004748887154 1
0 0.505 0.255 0.0004591994447 1
0 0.505 0.265 0.0004419040606 1
0 0.505 0.275 0.0004286527795 2
0 0.505 0.285 0.000403094859 2
0 0.505 0.295 0.0003641693532 2
0 0.505 0.305 0.00031917287 2
0 0.505 0.315 0.0002719367078 2
0 0.505 0.325 0.0002244523009 2
0 0.505 0.335 0.0001780242964 2
0 0.505 0.345 0.0001338513588 2
0 0.505 0.355 9.324582994e-05 2
0 0.505 0.365 5.748878407e-05 2
0 0.505 0.375 2.846836048e-05 2
0 0.505 0.385 7.171730755e-06 2
0 0.505 0.395 -3.012644822e-06 2
0 0.505 0.405 0 2
0 0.505 0.415 0 2
0 0.505 0.425 0 2
0 0.505 0.435 0 2
0 0.505 0.445 0 2
0 0.505 0.455 0 2
0 0.505 0.465 0 2
0 0.515 -0.455 0 2
0 0.515 -0.445 0 2
0 0.515 -0.435 0 2
0 0.515 -0.425 0 2
0 0.515 -0.415 0 2
0 0.515 -0.405 0 2
0 0.515 -0.395 1.985231909e-05 2
0 0.515 -0.385 2.480259174e-05 2
0 0.515 -0.375 2.47782327e-05 2
0 0.515 -0.365 1.609488345e-05 2
0 0.515 -0.355 -2.437957128e-06 2
0 0.515 -0.345 -2.901936665e-05 2
0 0.515 -0.335 -6.036301819e-05 2
0 0.515 -0.325 -9.541475993e-05 2
0 0.515 -0.315 -0.0001327728086 2
0 0.515 -0.305 -0.0001747261728 2
0 0.515 -0.295 -0.0002138595075 2
0 0.515 -0.285 -0.0002427450431 1
0 0.515 -0.275 -0.0002675360774 1
0 0.515 -0.265 -0.0002886002802 1
0 0.515 -0.255 -0.0003110651246 1
0 0.515 -0.245 -0.0003332910384 1
0 0.515 -0.235 -0.000354650488 1
0 0.515 -0.225 -0.0003738333034 1
0 0.515 -0.215 -0.0003842347587 1
0 0.515 -0.205 -0.0003888569629 2
0 0.515 -0.195 -0.0003920113163 1
0 0.515 -0.185 -0.0003955985987 1
0 0.515 -0.175 -0.0003955519161 1
0 0.515 -0.165 -0.000393137629 1
0 0.515 -0.155 -0.0003869822417 1
0 0.515 -0.145 -0.0003771004469 1
0 0.515 -0.135 -0.000365223004 1
0 0.515 -0.125 -0.000355228374 2
0 0.515 -0.115 -0.0003494959362 2
0 0.515 -0.105 -0.0003394568929 2
0 0.515 -0.095 -0.0003143600114 2
0 0.515 -0.085 -0.000276139863 2
0 0.515 -0.075 -0.000234741753 2
0 0.515 -0.065 -0.0001951690951 2
0 0.515 -0.055 -0.0001559250521 2
0 0.515 -0.045 -0.0001169138455 2
0 0.515 -0.035 -7.710203474e-05 2
0 0.515 -0.025 -3.575354955e-05 2
0 0.515 -0.015 9.02709275e-06 2
0 0.515 -0.005 5.771082338e-05 2
0 0.515 0.005 0.0001196101725 2
0 0.515 0.015 0.0001794859912 2
0 0.515 0.025 0.000227853791 1
0 0.515 0.035 0.0002504977517 1
0 0.515 0.045 0.0002683426507 1
0 0.515 0.055 0.0002903547256 1
0 0.515 0.065 0.0003125918424 1
0 0.515 0.075 0.0003363959287 1
0 0.515 0.085 0.0003623060844 1
0 0.515 0.095 0.000390686452 1
0 0.515 0.105 0.0004200869679 1
0 0.515 0.115 0.0004476977726 1
0 0.515 0.125 0.0004706829631 1
0 0.515 0.135 0.0004878488411 1
0 0.515 0.145 0.0004997321483 1
0 0.515 0.155 0.0005080713023 1
0 0.515 0.165 0.000513741428 1
0 0.515 0.175 0.0005164513713 1
0 0.515 0.185 0.0005158869963 1
0 0.515 0.195 0.0005121961879 1
0 0.515 0.205 0.0005060865965 1
0 0.515 0.215 0.0004984043015 1
0 0.515 0.225 0.0004899321175 1
0 0.515 0.235 0.0004807907563 1
0 0.515 0.245 0.0004685079774 1
0 0.515 0.255 0.0004539150868 1
0 0.515 0.265 0.000437438703 1
0 0.515 0.275 0.0004237858224 2
0 0.515 0.285 0.0003992814396 2
0 0.515 0.295 0.000364331935 2
0 0.515 0.305 0.000322111581 2
0 0.515 0.315 0.0002770988683 2
0 0.515 0.325 0.0002310923361 2
0 0.515 0.335 0.0001855548559 2
0 0.515 0.345 0.0001417403228 2
0 0.515 0.355 0.0001010198126 2
0 0.515 0.365 6.468969657e-05 2
0 0.515 0.375 3.469756956e-05 2
0 0.515 0.385 1.189872661e-05 2
0 0.515 0.395 1.126283407e-07 2
0 0.515 0.405 0 2
0 0.515 0.415 0 2
0 0.515 0.425 0 2
0 0.515 0.435 0 2
0 0.515 0.445 0 2
0 0.515 0.455 0 2
0 0.515 0.465 0 2
0 0.525 -0.455 0 2
0 0.525 -0.445 0 2
0 0.525 -0.435 0 2
0 0.525 -0.425 0 2
0 0.525 -0.415 0 2
0 0.525 -0.405 0 2
0 0.525 -0.395 1.388571765e-05 2
0 0.525 -0.385 1.351307347e-05 2
0 0.525 -0.375 5.621118396e-06 2
0 0.525 -0.365 -1.034281763e-05 2
0 0.525 -0.355 -3.472111117e-05 2
0 0.525 -0.345 -6.584448792e-05 2
0 0.525 -0.335 -0.0001017719903 2
0 0.525 -0.325 -0.0001401843214 2
0 0.525 -0.315 -0.0001781504139 2
0 0.525 -0.305 -0.000211134724 2
0 0.525 -0.295 -0.0002418797501 2
0 0.525 -0.285 -0.0002693040976 1
0 0.525 -0.275 -0.0002957056976 1
0 0.525 -0.265 -0.0003162836266 1
0 0.525 -0.255 -0.0003376998388 1
0 0.525 -0.245 -0.0003587906572 1
0 0.525 -0.235 -0.0003779710314 1
0 0.525 -0.225 -0.0003976820188 1
0 0.525 -0.215 -0.0004097396501 2
0 0.525 -0.205 -0.0004115895055 1
0 0.525 -0.195 -0.0004084397775 1
0 0.525 -0.185 -0.0004061993026 1
0 0.525 -0.175 -0.0004020480911 1
0 0.525 -0.165 -0.000395702991 1
0 0.525 -0.155 -0.0003868408352 1
0 0.525 -0.145 -0.0003765033427 1
0 0.525 -0.135 -0.0003642573733 1
0 0.525 -0.125 -0.0003488106043 1
0 0.525 -0.115 -0.0003334973947 1
0 0.525 -0.105 -0.0003165448771 2
0 0.525 -0.095 -0.0002941989992 2
0 0.525 -0.085 -0.0002585864673 2
0 0.525 -0.075 -0.0002180400078 2
0 0.525 -0.065 -0.000180811661 2
0 0.525 -0.055 -0.0001433374218 2
0 0.525 -0.045 -0.0001056513697 2
0 0.525 -0.035 -6.669246751e-05 2
0 0.525 -0.025 -2.589974139e-05 2
0 0.525 -0.015 1.81768708e-05 2
0 0.525 -0.005 6.568215287e-05 2
0 0.525 0.005 0.0001236080487 2
0 0.525 0.015 0.0001819159741 2
0 0.525 0.025 0.0002323437925 1
0 0.525 0.035 0.0002581079247 1
0 0.525 0.045 0.0002752668412 1
0 0.525 0.055 0.0002940586095 1
0 0.525 0.065 0.0003139933705 1
0 0.525 0.075 0.000332943424 1
0 0.525 0.085 0.0003535589535 1
0 0.525 0.095 0.0003792381001 1
0 0.525 0.105 0.0004088145246 1
0 0.525 0.115 0.000438880158 1
0 0.525 0.125 0.0004633473526 1
0 0.525 0.135 0.0004802511076 1
0 0.525 0.145 0.0004904979577 1
0 0.525 0.155 0.000497712978 1
0 0.525 0.165 0.0005035882567 1
0 0.525 0.175 0.0005071470695 1
0 0.525 0.185 0.0005082484454 1
0 0.525 0.195 0.0005063938155 1
0 0.525 0.205 0.0005014997243 1
0 0.525 0.215 0.0004923487335 1
0 0.525 0.225 0.0004818633838 1
0 0.525 0.235 0.0004731467502 1
0 0.525 0.245 0.0004638229142 1
0 0.525 0.255 0.0004509469542 1
0 0.525 0.265 0.0004331702378 1
0 0.525 0.275 0.0004143598925 2
0 0.525 0.285 0.0003887719499 2
0 0.525 0.295 0.0003580974325 2
0 0.525 0.305 0.0003202959011 2
0 0.525 0.315 0.0002791118732 2
0 0.525 0.325 0.0002358305133 2
0 0.525 0.335 0.0001921083558 2
0 0.525 0.345 0.0001493058699 2
0 0.525 0.355 0.0001089087138 2
0 0.525 0.365 7.226699461e-05 2
0 0.525 0.375 4.142064952e-05 2
0 0.525 0.385 1.70950835e-05 2
0 0.525 0.395 3.601341497e-06 2
0 0.525 0.405 0 2
0 0.525 0.415 0 2
0 0.525 0.425 0 2
0 0.525 0.435 0 2
0 0.525 0.445 0 2
0 0.525 0.455 0 2
0 0.525 0.465 0 2
0 0.535 -0.455 0 2
0 0.535 -0.445 0 2
0 0.535 -0.435 0 2
0 0.535 -0.425 0 2
0 0.535 -0.415 0 2
0 0.535 -0.405 0 2
0 0.535 -0.395 8.011517501e-06 2
0 0.535 -0.385 3.094938597e-06 2
0 0.535 -0.375 -1.092114246e-05 2
0 0.535 -0.365 -3.231473345e-05 2
0 0.535 -0.355 -6.103216802e-05 2
0 0.535 -0.345 -9.558686174e-05 2
0 0.535 -0.335 -0.0001342818449 2
0 0.535 -0.325 -0.000174453744 2
0 0.535 -0.315 -0.0002134766216 2
0 0.535 -0.305 -0.0002426220486 2
0 0.535 -0.295 -0.0002613959079 1
0 0.535 -0.285 -0.0002868944795 1
0 0.535 -0.275 -0.0003137070089 1
0 0.535 -0.265 -0.000337733082 1
0 0.535 -0.255 -0.0003605052219 1
0 0.535 -0.245 -0.0003825949681 1
0 0.535 -0.235 -0.000402753484 1
0 0.535 -0.225 -0.0004187418144 1
0 0.535 -0.215 -0.0004239150408 2
0 0.535 -0.205 -0.0004192923386 1
0 0.535 -0.195 -0.0004168392443 1
0 0.535 -0.185 -0.0004142687107 1
0 0.535 -0.175 -0.0004089158165 1
0 0.535 -0.165 -0.0004008113465 1
0 0.535 -0.155 -0.0003909607045 1
0 0.535 -0.145 -0.0003811765328 1
0 0.535 -0.135 -0.0003692999786 1
0 0.535 -0.125 -0.0003528869359 1
0 0.535 -0.115 -0.0003333134809 1
0 0.535 -0.105 -0.0003099733953 1
0 0.535 -0.095 -0.0002775446536 2
0 0.535 -0.085 -0.0002404688458 2
0 0.535 -0.075 -0.0002014679802 2
0 0.535 -0.065 -0.000166319726 2
0 0.535 -0.055 -0.000130256492 2
0 0.535 -0.045 -9.323552462e-05 2
0 0.535 -0.035 -5.436453365e-05 2
0 0.535 -0.025 -1.33074587e-05 2
0 0.535 -0.015 3.095324965e-05 2
0 0.535 -0.005 7.817447805e-05 2
0 0.535 0.005 0.0001335260358 2
0 0.535 0.015 0.0001892560787 2
0 0.535 0.025 0.0002379941205 1
0 0.535 0.035 0.000264300906 1
0 0.535 0.045 0.0002817662272 1
0 0.535 0.055 0.0003009069755 1
0 0.535 0.065 0.0003219371533 1
0 0.535 0.075 0.0003404085707 1
0 0.535 0.085 0.0003589488355 1
0 0.535 0.095 0.0003811746907 1
0 0.535 0.105 0.0004062249271 1
0 0.535 0.115 0.0004294065329 1
0 0.535 0.125 0.0004476179712 1
0 0.535 0.135 0.0004645708946 1
0 0.535 0.145 0.0004790982806 1
0 0.535 0.155 0.0004890325533 1
0 0.535 0.165 0.000494848223 1
0 0.535 0.175 0.0004990101722 1
0 0.535 0.185 0.0005023498669 1
0 0.535 0.195 0.0005030081199 1
0 0.535 0.205 0.0004987605567 1
0 0.535 0.215 0.0004906815816 1
0 0.535 0.225 0.0004822404767 1
0 0.535 0.235 0.0004744536559 1
0 0.535 0.245 0.0004644497338 1
0 0.535 0.255 0.0004475339769 1
0 0.535 0.265 0.0004252571272 2
0 0.535 0.275 0.000397156416 2
0 0.535 0.285 0.0003739359868 2
0 0.535 0.295 0.0003494834474 2
0 0.535 0.305 0.000317031027 2
0 0.535 0.315 0.0002802601386 2
0 0.535 0.325 0.0002402177549 2
0 0.535 0.335 0.0001987261084 2
0 0.535 0.345 0.0001572508161 2
0 0.535 0.355 0.0001173867556 2
0 0.535 0.365 8.053683904e-05 2
0 0.535 0.375 4.884136196e-05 2
0 0.535 0.385 2.287951543e-05 2
0 0.535 0.395 7.512979547e-06 2
0 0.535 0.405 0 2
0 0.535 0.415 0 2
0 0.535 0.425 0 2
0 0.535 0.435 0 2
0 0.535 0.445 0 2
0 0.535 0.455 0 2
0 0.535 0.465 0 2
0 0.545 -0.455 0 2
0 0.545 -0.445 0 2
0 0.545 -0.435 0 2
0 0.545 -0.425 0 2
0 0.545 -0.415 0 2
0 0.545 -0.405 0 2
0 0.545 -0.395 1.082531518e-06 2
0 0.545 -0.385 -8.334159927e-06 2
0 0.545 -0.375 -2.739225059e-05 2
0 0.545 -0.365 -5.299742505e-05 2
0 0.545 -0.355 -8.485188652e-05 2
0 0.545 -0.345 -0.0001212472877 2
0 0.545 -0.335 -0.0001606449081 2
0 0.545 -0.325 -0.0002005586761 2
0 0.545 -0.315 -0.00023822538 2
0 0.545 -0.305 -0.0002655277033 2
0 0.545 -0.295 -0.0002820344903 1
0 0.545 -0.285 -0.0003039157065 1
0 0.545 -0.275 -0.0003295281643 1
0 0.545 -0.265 -0.0003558551365 1
0 0.545 -0.255 -0.0003794514681 1
0 0.545 -0.245 -0.0004012536514 1
0 0.545 -0.235 -0.0004218914195 1
0 0.545 -0.225 -0.0004341918265 1
0 0.545 -0.215 -0.0004368245453 2
0 0.545 -0.205 -0.0004308663285 1
0 0.545 -0.195 -0.0004290708076 1
0 0.545 -0.185 -0.0004268375652 1
0 0.545 -0.175 -0.0004203516499 1
0 0.545 -0.165 -0.0004105758339 1
0 0.545 -0.155 -0.0003988337354 1
0 0.545 -0.145 -0.0003850204772 1
0 0.545 -0.135 -0.0003689922615 1
0 0.545 -0.125 -0.0003518690361 1
0 0.545 -0.115 -0.0003348415657 1
0 0.545 -0.105 -0.0003118725353 1
0 0.545 -0.095 -0.0002729339937 2
0 0.545 -0.085 -0.0002313063424 2
0 0.545 -0.075 -0.000190806968 2
0 0.545 -0.065 -0.0001556229841 2
0 0.545 -0.055 -0.0001193984048 2
0 0.545 -0.045 -8.175726417e-05 2
0 0.545 -0.035 -4.189591852e-05 2
0 0.545 -0.025 3.81145878e-07 2
0 0.545 -0.015 4.575271465e-05 2
0 0.545 -0.005 9.362336267e-05 2
0 0.545 0.005 0.0001471214313 2
0 0.545 0.015 0.0001977275565 2
0 0.545 0.025 0.000236893388 2
0 0.545 0.035 0.0002695438628 1
0 0.545 0.045 0.000290892509 1
0 0.545 0.055 0.0003121733548 1
0 0.545 0.065 0.0003324137115 1
0 0.545 0.075 0.0003535267058 1
0 0.545 0.085 0.0003766045933 1
0 0.545 0.095 0.0004039095081 2
0 0.545 0.105 0.0004221897513 2
0 0.545 0.115 0.0004324728869 2
0 0.545 0.125 0.0004399284182 2
0 0.545 0.135 0.0004492272493 1
0 0.545 0.145 0.0004618564204 1
0 0.545 0.155 0.0004728136235 1
0 0.545 0.165 0.0004821013386 1
0 0.545 0.175 0.0004901635868 1
0 0.545 0.185 0.0004964491598 1
0 0.545 0.195 0.0005005651088 1
0 0.545 0.205 0.0005015093169 1
0 0.545 0.215 0.0005003954618 1
0 0.545 0.225 0.0004968252023 1
0 0.545 0.235 0.0004887487899 2
0 0.545 0.245 0.0004679868426 2
0 0.545 0.255 0.0004391704568 2
0 0.545 0.265 0.0004091994187 2
0 0.545 0.275 0.000385607646 2
0 0.545 0.285 0.0003667814942 2
0 0.545 0.295 0.0003450467778 2
0 0.545 0.305 0.0003166059983 2
0 0.545 0.315 0.000283320682 2
0 0.545 0.325 0.0002461174225 2
0 0.545 0.335 0.0002066724038 2
0 0.545 0.345 0.0001664414386 2
0 0.545 0.355 0.0001270471618 2
0 0.545 0.365 8.989960792e-05 2
0 0.545 0.375 5.722020759e-05 2
0 0.545 0.385 2.940483718e-05 2
0 0.545 0.395 1.19245479e-05 2
0 0.545 0.405 0 2
0 0.545 0.415 0 2
0 0.545 0.425 0 2
0 0.545 0.435 0 2
0 0.545 0.445 0 2
0 0.545 0.455 0 2
0 0.545 0.465 0 2
0 0.555 -0.455 0 2
0 0.555 -0.445 0 2
0 0.555 -0.435 0 2
0 0.555 -0.425 0 2
0 0.555 -0.415 0 2
0 0.555 -0.405 0 2
0 0.555 -0.395 -6.026104688e-06 2
0 0.555 -0.385 -1.953124696e-05 2
0 0.555 -0.375 -4.281976468e-05 2
0 0.555 -0.365 -7.159765407e-05 2
0 0.555 -0.355 -0.0001055119602 2
0 0.555 -0.345 -0.0001425810876 2
0 0.555 -0.335 -0.0001811500723 2
0 0.555 -0.325 -0.00021916593 2
0 0.555 -0.315 -0.0002527360637 2
0 0.555 -0.305 -0.000280850259 2
0 0.555 -0.295 -0.0003014395901 1
0 0.555 -0.285 -0.0003248830925 1
0 0.555 -0.275 -0.0003493811056 1
0 0.555 -0.265 -0.0003737883596 1
0 0.555 -0.255 -0.0003947921977 1
0 0.555 -0.245 -0.0004125390005 1
0 0.555 -0.235 -0.0004299313657 1
0 0.555 -0.225 -0.0004457963117 2
0 0.555 -0.215 -0.0004551588568 2
0 0.555 -0.205 -0.0004524704556 1
0 0.555 -0.195 -0.0004473220995 1
0 0.555 -0.185 -0.0004401556334 1
0 0.555 -0.175 -0.0004309720603 1
0 0.555 -0.165 -0.0004212196454 1
0 0.555 -0.155 -0.0004092936847 1
0 0.555 -0.145 -0.0003934860143 1
0 0.555 -0.135 -0.0003755547817 1
0 0.555 -0.125 -0.0003565162166 1
0 0.555 -0.115 -0.0003385125724 1
0 0.555 -0.105 -0.0003149327025 1
0 0.555 -0.095 -0.0002747942559 2
0 0.555 -0.085 -0.0002310205558 2
0 0.555 -0.075 -0.000188295685 2
0 0.555 -0.065 -0.0001509263048 2
0 0.555 -0.055 -0.0001126058053 2
0 0.555 -0.045 -7.286956964e-05 2
0 0.555 -0.035 -3.091989976e-05 2
0 0.555 -0.025 1.340398967e-05 2
0 0.555 -0.015 6.048680998e-05 2
0 0.555 -0.005 0.0001096698266 2
0 0.555 0.005 0.0001613856719 2
0 0.555 0.015 0.0002105590279 2
0 0.555 0.025 0.0002479406739 2
0 0.555 0.035 0.0002772387583 1
0 0.555 0.045 0.000298881043 1
0 0.555 0.055 0.0003221896638 1
0 0.555 0.065 0.0003465204146 1
0 0.555 0.075 0.0003703300932 1
0 0.555 0.085 0.0003933585139 1
0 0.555 0.095 0.0004179788479 2
0 0.555 0.105 0.0004357889918 2
0 0.555 0.115 0.0004492362659 2
0 0.555 0.125 0.0004585169958 2
0 0.555 0.135 0.0004633221034 2
0 0.555 0.145 0.0004655782767 2
0 0.555 0.155 0.0004694992894 1
0 0.555 0.165 0.0004788251817 1
0 0.555 0.175 0.0004875997178 1
0 0.555 0.185 0.0004945981838 1
0 0.555 0.195 0.0004998721183 1
0 0.555 0.205 0.0005040027638 1
0 0.555 0.215 0.0005050829976 1
0 0.555 0.225 0.0005007423378 2
0 0.555 0.235 0.0004851308493 2
0 0.555 0.245 0.0004632961478 2
0 0.555 0.255 0.0004366671351 2
0 0.555 0.265 0.0004106134698 2
0 0.555 0.275 0.0003904299131 2
0 0.555 0.285 0.0003716020317 2
0 0.555 0.295 0.0003486340735 2
0 0.555 0.305 0.0003217779287 2
0 0.555 0.315 0.0002903890148 2
0 0.555 0.325 0.000255074591 2
0 0.555 0.335 0.000217075585 2
0 0.555 0.345 0.0001776927789 2
0 0.555 0.355 0.0001384705845 2
0 0.555 0.365 0.0001007588235 2
0 0.555 0.375 6.68255079e-05 2
0 0.555 0.385 3.683096472e-05 2
0 0.555 0.395 1.691774936e-05 2
0 0.555 0.405 0 2
0 0.555 0.415 0 2
0 0.555 0.425 0 2
0 0.555 0.435 0 2
0 0.555 0.445 0 2
0 0.555 0.455 0 2
0 0.555 0.465 0 2
0 0.565 -0.455 0 2
0 0.565 -0.445 0 2
0 0.565 -0.435 0 2
0 0.565 -0.425 0 2
0 0.565 -0.415 0 2
0 0.565 -0.405 0 2
0 0.565 -0.395 -1.332547851e-05 2
0 0.565 -0.385 -3.081480877e-05 2
0 0.565 -0.375 -5.798505002e-05 2
0 0.565 -0.365 -8.936382848e-05 2
0 0.565 -0.355 -0.000124712354 2
0 0.565 -0.345 -0.0001618219892 2
0 0.565 -0.335 -0.0001989472131 2
0 0.565 -0.325 -0.0002345155892 2
0 0.565 -0.315 -0.0002649392293 2
0 0.565 -0.305 -0.0002947978016 2
0 0.565 -0.295 -0.0003262894204 2
0 0.565 -0.285 -0.0003508744146 1
0 0.565 -0.275 -0.0003717062738 1
0 0.565 -0.265 -0.0003886447897 1
0 0.565 -0.255 -0.0004049566949 1
0 0.565 -0.245 -0.0004226628549 1
0 0.565 -0.235 -0.0004463459487 2
0 0.565 -0.225 -0.0004646526501 2
0 0.565 -0.215 -0.0004719361437 2
0 0.565 -0.205 -0.0004739461945 2
0 0.565 -0.195 -0.0004696033508 1
0 0.565 -0.185 -0.0004622899641 1
0 0.565 -0.175 -0.0004503996961 1
0 0.565 -0.165 -0.000437104553 1
0 0.565 -0.155 -0.0004214462936 1
0 0.565 -0.145 -0.0004030209261 1
0 0.565 -0.135 -0.0003830903092 1
0 0.565 -0.125 -0.0003620697171 1
0 0.565 -0.115 -0.0003422448459 1
0 0.565 -0.105 -0.0003185800533 1
0 0.565 -0.095 -0.0002819611282 2
0 0.565 -0.085 -0.0002386931706 2
0 0.565 -0.075 -0.0001936354964 2
0 0.565 -0.065 -0.0001523748199 2
0 0.565 -0.055 -0.0001103679491 2
0 0.565 -0.045 -6.736900747e-05 2
0 0.565 -0.035 -2.254781497e-05 2
0 0.565 -0.025 2.42932764e-05 2
0 0.565 -0.015 7.328485315e-05 2
0 0.565 -0.005 0.000123944929 2
0 0.565 0.005 0.0001742691823 2
0 0.565 0.015 0.0002255858701 2
0 0.565 0.025 0.0002683442063 2
0 0.565 0.035 0.0002952889774 2
0 0.565 0.045 0.0003156465557 1
0 0.565 0.055 0.0003349601383 1
0 0.565 0.065 0.0003582418264 1
0 0.565 0.075 0.0003778550078 1
0 0.565 0.085 0.000397072251 2
0 0.565 0.095 0.0004157922988 2
0 0.565 0.105 0.0004412298783 2
0 0.565 0.115 0.0004677862885 2
0 0.565 0.125 0.0004860167537 2
0 0.565 0.135 0.0004964186084 2
0 0.565 0.145 0.0004999949284 2
0 0.565 0.155 0.0005008790716 2
0 0.565 0.165 0.0005027466546 2
0 0.565 0.175 0.0005054085197 2
0 0.565 0.185 0.0005093369358 2
0 0.565 0.195 0.0005115064201 2
0 0.565 0.205 0.0005103382523 2
0 0.565 0.215 0.0005023975404 2
0 0.565 0.225 0.0004898791581 2
0 0.565 0.235 0.0004784956182 2
0 0.565 0.245 0.0004664377803 2
0 0.565 0.255 0.0004489876302 2
0 0.565 0.265 0.0004269783736 2
0 0.565 0.275 0.0004050276943 2
0 0.565 0.285 0.0003831851516 2
0 0.565 0.295 0.0003597819966 2
0 0.565 0.305 0.0003330780703 2
0 0.565 0.315 0.0003023787368 2
0 0.565 0.325 0.0002679787354 2
0 0.565 0.335 0.0002306970891 2
0 0.565 0.345 0.0001916119018 2
0 0.565 0.355 0.0001521198051 2
0 0.565 0.365 0.0001134518381 2
0 0.565 0.375 7.788954509e-05 2
0 0.565 0.385 4.529989515e-05 2
0 0.565 0.395 2.256677892e-05 2
0 0.565 0.405 0 2
0 0.565 0.415 0 2
0 0.565 0.425 0 2
0 0.565 0.435 0 2
0 0.565 0.445 0 2
0 0.565 0.455 0 2
0 0.565 0.465 0 2
0 0.575 -0.455 0 2
0 0.575 -0.445 0 2
0 0.575 -0.435 0 2
0 0.575 -0.425 0 2
0 0.575 -0.415 0 2
0 0.575 -0.405 0 2
0 0.575 -0.395 -2.090628305e-05 2
0 0.575 -0.385 -4.238515232e-05 2
0 0.575 -0.375 -7.334676123e-05 2
0 0.575 -0.365 -0.0001071806814 2
0 0.575 -0.355 -0.0001438870591 2
0 0.575 -0.345 -0.0001811171936 2
0 0.575 -0.335 -0.0002172558323 2
0 0.575 -0.325 -0.0002510204492 2
0 0.575 -0.315 -0.0002805827839 2
0 0.575 -0.305 -0.0003093519325 2
0 0.575 -0.295 -0.0003399970872 2
0 0.575 -0.285 -0.0003673024024 1
0 0.575 -0.275 -0.0003908046485 1
0 0.575 -0.265 -0.0004086734223 1
0 0.575 -0.255 -0.0004286500088 1
0 0.575 -0.245 -0.0004566240602 2
0 0.575 -0.235 -0.0004816427123 2
0 0.575 -0.225 -0.0004925965555 2
0 0.575 -0.215 -0.0004895019068 2
0 0.575 -0.205 -0.0004853095979 2
0 0.575 -0.195 -0.0004856916147 2
0 0.575 -0.185 -0.0004826306481 2
0 0.575 -0.175 -0.0004693156209 1
0 0.575 -0.165 -0.0004530893763 1
0 0.575 -0.155 -0.0004347425227 1
0 0.575 -0.145 -0.0004152289937 1
0 0.575 -0.135 -0.0003948802762 1
0 0.575 -0.125 -0.000373582843 1
0 0.575 -0.115 -0.0003540717508 1
0 0.575 -0.105 -0.0003306770316 2
0 0.575 -0.095 -0.0002984021132 2
0 0.575 -0.085 -0.0002534228829 2
0 0.575 -0.075 -0.0002043986132 2
0 0.575 -0.065 -0.0001582216027 2
0 0.575 -0.055 -0.0001118336525 2
0 0.575 -0.045 -6.510056628e-05 2
0 0.575 -0.035 -1.716180797e-05 2
0 0.575 -0.025 3.225149118e-05 2
0 0.575 -0.015 8.318983739e-05 2
0 0.575 -0.005 0.000135440035 2
0 0.575 0.005 0.0001877178024 2
0 0.575 0.015 0.0002400767983 2
0 0.575 0.025 0.0002871459439 2
0 0.575 0.035 0.0003202816277 2
0 0.575 0.045 0.0003392723539 2
0 0.575 0.055 0.0003530381847 2
0 0.575 0.065 0.000367372643 2
0 0.575 0.075 0.0003799323439 2
0 0.575 0.085 0.0003944591158 2
0 0.575 0.095 0.0004181328611 2
0 0.575 0.105 0.0004487095827 2
0 0.575 0.115 0.0004769918031 2
0 0.575 0.125 0.0004984258664 2
0 0.575 0.135 0.0005166368215 2
0 0.575 0.145 0.0005296718094 2
0 0.575 0.155 0.0005346710349 2
0 0.575 0.165 0.0005332220163 2
0 0.575 0.175 0.0005310109766 2
0 0.575 0.185 0.0005311013951 2
0 0.575 0.195 0.000529162063 2
0 0.575 0.205 0.0005220209388 2
0 0.575 0.215 0.0005103597448 2
0 0.575 0.225 0.0004991591404 2
0 0.575 0.235 0.0004904854737 2
0 0.575 0.245 0.0004796601859 2
0 0.575 0.255 0.0004629452595 2
0 0.575 0.265 0.0004437598645 2
0 0.575 0.275 0.0004231493169 2
0 0.575 0.285 0.0004012568895 2
0 0.575 0.295 0.0003772264495 2
0 0.575 0.305 0.000350092414 2
0 0.575 0.315 0.0003193596343 2
0 0.575 0.325 0.000285115242 2
0 0.575 0.335 0.0002478903678 2
0 0.575 0.345 0.0002085384649 2
0 0.575 0.355 0.0001682856425 2
0 0.575 0.365 0.0001282078319 2
0 0.575 0.375 9.057913277e-05 2
0 0.575 0.385 5.491779545e-05 2
0 0.575 0.395 2.892913475e-05 2
0 0.575 0.405 0 2
0 0.575 0.415 0 2
0 0.575 0.425 0 2
0 0.575 0.435 0 2
0 0.575 0.445 0 2
0 0.575 0.455 0 2
0 0.575 0.465 0 2
0 0.585 -0.455 0 2
0 0.585 -0.445 0 2
0 0.585 -0.435 0 2
0 0.585 -0.425 0 2
0 0.585 -0.415 0 2
0 0.585 -0.405 0 2
0 0.585 -0.395 -2.892286977e-05 2
0 0.585 -0.385 -5.459370132e-05 2
0 0.585 -0.375 -8.954923166e-05 2
0 0.585 -0.365 -0.0001260521902 2
0 0.585 -0.355 -0.0001644667562 2
0 0.585 -0.345 -0.0002024009537 2
0 0.585 -0.335 -0.0002385650394 2
0 0.585 -0.325 -0.0002717686206 2
0 0.585 -0.315 -0.0003019529111 2
0 0.585 -0.305 -0.0003274336704 2
0 0.585 -0.295 -0.0003527489314 2
0 0.585 -0.285 -0.0003845131313 2
0 0.585 -0.275 -0.0004185161444 2
0 0.585 -0.265 -0.0004502836906 2
0 0.585 -0.255 -0.0004816808527 2
0 0.585 -0.245 -0.0005077123062 2
0 0.585 -0.235 -0.0005220067785 2
0 0.585 -0.225 -0.000524210973 2
0 0.585 -0.215 -0.0005161896553 2
0 0.585 -0.205 -0.0005061825173 2
0 0.585 -0.195 -0.000497526118 2
0 0.585 -0.185 -0.0004902154052 2
0 0.585 -0.175 -0.000481723773 2
0 0.585 -0.165 -0.000469135632 2
0 0.585 -0.155 -0.0004530752587 2
0 0.585 -0.145 -0.0004344953903 2
0 0.585 -0.135 -0.0004151088344 2
0 0.585 -0.125 -0.0003962624284 2
0 0.585 -0.115 -0.0003779958674 2
0 0.585 -0.105 -0.0003535743941 2
0 0.585 -0.095 -0.0003160562704 2
0 0.585 -0.085 -0.000267263905 2
0 0.585 -0.075 -0.0002156397113 2
0 0.585 -0.065 -0.0001653670967 2
0 0.585 -0.055 -0.0001152681635 2
0 0.585 -0.045 -6.522583953e-05 2
0 0.585 -0.035 -1.456270457e-05 2
0 0.585 -0.025 3.69627529e-05 2
0 0.585 -0.015 8.933006303e-05 2
0 0.585 -0.005 0.0001422563556 2
0 0.585 0.005 0.0001947957184 2
0 0.585 0.015 0.0002449087713 2
0 0.585 0.025 0.0002922304223 2
0 0.585 0.035 0.0003303387063 2
0 0.585 0.045 0.000354403719 2
0 0.585 0.055 0.0003675370464 2
0 0.585 0.065 0.0003754747952 2
0 0.585 0.075 0.0003859734412 2
0 0.585 0.085 0.0004038071832 2
0 0.585 0.095 0.0004311864158 2
0 0.585 0.105 0.0004619992737 2
0 0.585 0.115 0.000489155465 2
0 0.585 0.125 0.0005123609039 2
0 0.585 0.135 0.0005301996626 2
0 0.585 0.145 0.0005424250113 2
0 0.585 0.155 0.0005497446339 2
0 0.585 0.165 0.0005534647803 2
0 0.585 0.175 0.0005548997859 2
0 0.585 0.185 0.0005544604874 2
0 0.585 0.195 0.0005513751605 2
0 0.585 0.205 0.0005448338251 2
0 0.585 0.215 0.0005351455186 2
0 0.585 0.225 0.0005238646842 2
0 0.585 0.235 0.0005119220036 2
0 0.585 0.245 0.0004988558078 2
0 0.585 0.255 0.0004836654597 2
0 0.585 0.265 0.0004660292816 2
0 0.585 0.275 0.0004461483095 2
0 0.585 0.285 0.0004241324734 2
0 0.585 0.295 0.0003995900311 2
0 0.585 0.305 0.0003719671389 2
0 0.585 0.315 0.0003408873029 2
0 0.585 0.325 0.0003063272194 2
0 0.585 0.335 0.0002686624725 2
0 0.585 0.345 0.0002285576789 2
0 0.585 0.355 0.00018707949 2
0 0.585 0.365 0.0001451344618 2
0 0.585 0.375 0.0001049830072 2
0 0.585 0.385 6.574604664e-05 2
0 0.585 0.395 3.60404889e-05 2
0 0.585 0.405 0 2
0 0.585 0.415 0 2
0 0.585 0.425 0 2
0 0.585 0.435 0 2
0 0.585 0.445 0 2
0 0.585 0.455 0 2
0 0.585 0.465 0 2
0 0.595 -0.455 0 2
0 0.595 -0.445 0 2
0 0.595 -0.435 0 2
0 0.595 -0.425 0 2
0 0.595 -0.415 0 2
0 0.595 -0.405 0 2
0 0.595 -0.395 -3.751302213e-05 2
0 0.595 -0.385 -6.771914384e-05 2
0 0.595 -0.375 -0.0001070657727 2
0 0.595 -0.365 -0.0001466736165 2
0 0.595 -0.355 -0.0001873770155 2
0 0.595 -0.345 -0.0002268110078 2
0 0.595 -0.335 -0.0002640373319 2
0 0.595 -0.325 -0.0002980184311 2
0 0.595 -0.315 -0.00032878796 2
0 0.595 -0.305 -0.0003557667008 2
0 0.595 -0.295 -0.0003835020662 2
0 0.595 -0.285 -0.0004171249546 2
0 0.595 -0.275 -0.0004550101685 2
0 0.595 -0.265 -0.0004933219819 2
0 0.595 -0.255 -0.0005259401389 2
0 0.595 -0.245 -0.0005473018534 2
0 0.595 -0.235 -0.0005552748288 2
0 0.595 -0.225 -0.0005535116735 2
0 0.595 -0.215 -0.0005461012694 2
0 0.595 -0.205 -0.000535224907 2
0 0.595 -0.195 -0.0005207615869 2
0 0.595 -0.185 -0.0005061887968 2
0 0.595 -0.175 -0.0004944586703 2
0 0.595 -0.165 -0.0004838930351 2
0 0.595 -0.155 -0.0004706311024 2
0 0.595 -0.145 -0.0004533375139 2
0 0.595 -0.135 -0.0004346779483 2
0 0.595 -0.125 -0.0004169047378 2
0 0.595 -0.115 -0.000396277041 2
0 0.595 -0.105 -0.0003660957643 2
0 0.595 -0.095 -0.0003239534395 2
0 0.595 -0.085 -0.0002744766472 2
0 0.595 -0.075 -0.0002234900944 2
0 0.595 -0.065 -0.0001712965248 2
0 0.595 -0.055 -0.0001189943109 2
0 0.595 -0.045 -6.669926699e-05 2
0 0.595 -0.035 -1.414770988e-05 2
0 0.595 -0.025 3.874641827e-05 2
0 0.595 -0.015 9.186862052e-05 2
0 0.595 -0.005 0.0001447685928 2
0 0.595 0.005 0.000196547675 2
0 0.595 0.015 0.0002454487508 2
0 0.595 0.025 0.0002889644416 2
0 0.595 0.035 0.0003245972606 2
0 0.595 0.045 0.0003514756271 2
0 0.595 0.055 0.0003713938067 2
0 0.595 0.065 0.000387820756 2
0 0.595 0.075 0.0004045111416 2
0 0.595 0.085 0.0004245339191 2
0 0.595 0.095 0.000448845049 2
0 0.595 0.105 0.0004755949049 2
0 0.595 0.115 0.0005014868209 2
0 0.595 0.125 0.0005237471419 2
0 0.595 0.135 0.0005412159716 2
0 0.595 0.145 0.0005540987188 2
0 0.595 0.155 0.0005631725215 2
0 0.595 0.165 0.0005691851829 2
0 0.595 0.175 0.0005726187005 2
0 0.595 0.185 0.0005733901465 2
0 0.595 0.195 0.0005710701143 2
0 0.595 0.205 0.0005654242247 2
0 0.595 0.215 0.0005569859238 2
0 0.595 0.225 0.0005468257324 2
0 0.595 0.235 0.0005355775538 2
0 0.595 0.245 0.0005229996416 2
0 0.595 0.255 0.0005084439754 2
0 0.595 0.265 0.0004915860701 2
0 0.595 0.275 0.0004723179819 2
0 0.595 0.285 0.0004505109705 2
0 0.595 0.295 0.0004258151127 2
0 0.595 0.305 0.0003978422581 2
0 0.595 0.315 0.0003663180435 2
0 0.595 0.325 0.0003312062922 2
0 0.595 0.335 0.0002927794828 2
0 0.595 0.345 0.0002515533215 2
0 0.595 0.355 0.0002084567821 2
0 0.595 0.365 0.0001642261762 2
0 0.595 0.375 0.0001211132345 2
0 0.595 0.385 7.780028222e-05 2
0 0.595 0.395 4.391339216e-05 2
0 0.595 0.405 0 2
0 0.595 0.415 0 2
0 0.595 0.425 0 2
0 0.595 0.435 0 2
0 0.595 0.445 0 2
0 0.595 0.455 0 2
0 0.595 0.465 0 2
0 0.605 -0.455 0 2
0 0.605 -0.445 0 2
0 0.605 -0.435 0 2
0 0.605 -0.425 0 2
0 0.605 -0.415 0 2
0 0.605 -0.405 0 2
0 0.605 -0.395 -4.677355483e-05 2
0 0.605 -0.385 -8.19462972e-05 2
0 0.605 -0.375 -0.0001261852731 2
0 0.605 -0.365 -0.0001694219581 2
0 0.605 -0.355 -0.0002130399494 2
0 0.605 -0.345 -0.0002547483795 2
0 0.605 -0.335 -0.0002939590058 2
0 0.605 -0.325 -0.0003299993276 2
0 0.605 -0.315 -0.0003632009533 2
0 0.605 -0.305 -0.0003948364191 2
0 0.605 -0.295 -0.0004270876478 2
0 0.605 -0.285 -0.0004613817273 2
0 0.605 -0.275 -0.0004967457071 2
0 0.605 -0.265 -0.0005299907664 2
0 0.605 -0.255 -0.0005571599206 2
0 0.605 -0.245 -0.0005752467361 2
0 0.605 -0.235 -0.0005828567511 2
0 0.605 -0.225 -0.0005811390948 2
0 0.605 -0.215 -0.0005727035393 2
0 0.605 -0.205 -0.0005605000662 2
0 0.605 -0.195 -0.0005467746346 2
0 0.605 -0.185 -0.0005328069069 2
0 0.605 -0.175 -0.0005188216247 2
0 0.605 -0.165 -0.0005041586421 2
0 0.605 -0.155 -0.0004878079642 2
0 0.605 -0.145 -0.0004692953621 2
0 0.605 -0.135 -0.0004487781467 2
0 0.605 -0.125 -0.0004258681232 2
0 0.605 -0.115 -0.0003990143778 2
0 0.605 -0.105 -0.000365861236 2
0 0.605 -0.095 -0.0003252982866 2
0 0.605 -0.085 -0.0002784407732 2
0 0.605 -0.075 -0.0002277075037 2
0 0.605 -0.065 -0.0001751810548 2
0 0.605 -0.055 -0.000122039268 2
0 0.605 -0.045 -6.867753202e-05 2
0 0.605 -0.035 -1.522392192e-05 2
0 0.605 -0.025 3.819455861e-05 2
0 0.605 -0.015 9.13130347e-05 2
0 0.605 -0.005 0.0001435673496 2
0 0.605 0.005 0.0001940726563 2
0 0.605 0.015 0.0002414764341 2
0 0.605 0.025 0.000284113352 2
0 0.605 0.035 0.0003203892804 2
0 0.605 0.045 0.0003497807272 2
0 0.605 0.055 0.0003735304878 2
0 0.605 0.065 0.0003942340214 2
0 0.605 0.075 0.0004148392172 2
0 0.605 0.085 0.0004375266879 2
0 0.605 0.095 0.0004626294736 2
0 0.605 0.105 0.0004885899216 2
0 0.605 0.115 0.0005128573592 2
0 0.605 0.125 0.0005334275086 2
0 0.605 0.135 0.0005496120445 2
0 0.605 0.145 0.000562170835 2
0 0.605 0.155 0.0005723907725 2
0 0.605 0.165 0.0005808286551 2
0 0.605 0.175 0.0005871454755 2
0 0.605 0.185 0.0005904815604 2
0 0.605 0.195 0.0005903444749 2
0 0.605 0.205 0.0005867775815 2
0 0.605 0.215 0.0005803379702 2
0 0.605 0.225 0.0005717506047 2
0 0.605 0.235 0.0005614929762 2
0 0.605 0.245 0.0005495885482 2
0 0.605 0.255 0.0005357551988 2
0 0.605 0.265 0.0005196834368 2
0 0.605 0.275 0.0005010764881 2
0 0.605 0.285 0.0004796291614 2
0 0.605 0.295 0.0004549974832 2
0 0.605 0.305 0.0004268470406 2
0 0.605 0.315 0.0003949389377 2
0 0.605 0.325 0.0003592115573 2
0 0.605 0.335 0.000319856039 2
0 0.605 0.345 0.0002772661087 2
0 0.605 0.355 0.0002322519634 2
0 0.605 0.365 0.0001853836565 2
0 0.605 0.375 0.000138915154 2
0 0.605 0.385 9.105481559e-05 2
0 0.605 0.395 5.253876837e-05 2
0 0.605 0.405 0 2
0 0.605 0.415 0 2
0 0.605 0.425 0 2
0 0.605 0.435 0 2
0 0.605 0.445 0 2
0 0.605 0.455 0 2
0 0.605 0.465 0 2
0 0.615 -0.455 0 2
0 0.615 -0.445 0 2
0 0.615 -0.435 0 2
0 0.615 -0.425 0 2
0 0.615 -0.415 0 2
0 0.615 -0.405 0 2
0 0.615 -0.395 -5.674474654e-05 2
0 0.615 -0.385 -9.733917613e-05 2
0 0.615 -0.375 -0.0001469815315 2
0 0.615 -0.365 -0.0001943367134 2
0 0.615 -0.355 -0.0002413796 2
0 0.615 -0.345 -0.0002858845429 2
0 0.615 -0.335 -0.0003275350842 2
0 0.615 -0.325 -0.0003659467298 2
0 0.615 -0.315 -0.0004015426646 2
0 0.615 -0.305 -0.0004352860152 2
0 0.615 -0.295 -0.0004685272206 2
0 0.615 -0.285 -0.0005019633084 2
0 0.615 -0.275 -0.0005346495929 2
0 0.615 -0.265 -0.0005641683582 2
0 0.615 -0.255 -0.0005875323998 2
0 0.615 -0.245 -0.0006025060851 2
0 0.615 -0.235 -0.0006083078037 2
0 0.615 -0.225 -0.0006059094581 2
0 0.615 -0.215 -0.0005972289908 2
0 0.615 -0.205 -0.0005843768186 2
0 0.615 -0.195 -0.0005691772443 2
0 0.615 -0.185 -0.0005529739379 2
0 0.615 -0.175 -0.0005363580634 2
0 0.615 -0.165 -0.0005190819298 2
0 0.615 -0.155 -0.0005004270656 2
0 0.615 -0.145 -0.0004798190204 2
0 0.615 -0.135 -0.0004569430241 2
0 0.615 -0.125 -0.0004311986584 2
0 0.615 -0.115 -0.0004013891921 2
0 0.615 -0.105 -0.0003661411937 2
0 0.615 -0.095 -0.0003249554228 2
0 0.615 -0.085 -0.0002786481841 2
0 0.615 -0.075 -0.0002288181995 2
0 0.615 -0.065 -0.0001769171203 2
0 0.615 -0.055 -0.0001239761197 2
0 0.615 -0.045 -7.058696776e-05 2
0 0.615 -0.035 -1.714073339e-05 2
0 0.615 -0.025 3.604173869e-05 2
0 0.615 -0.015 8.855640048e-05 2
0 0.615 -0.005 0.0001398039668 2
0 0.615 0.005 0.0001889382658 2
0 0.615 0.015 0.0002348915247 2
0 0.615 0.025 0.0002765704099 2
0 0.615 0.035 0.0003131800345 2
0 0.615 0.045 0.0003447004246 2
0 0.615 0.055 0.0003721450317 2
0 0.615 0.065 0.0003972991375 2
0 0.615 0.075 0.0004218868707 2
0 0.615 0.085 0.0004470698903 2
0 0.615 0.095 0.0004728921724 2
0 0.615 0.105 0.0005003037328 2
0 0.615 0.115 0.0005256257433 2
0 0.615 0.125 0.0005450209474 2
0 0.615 0.135 0.0005569574541 2
0 0.615 0.145 0.000566104311 2
0 0.615 0.155 0.0005772983481 2
0 0.615 0.165 0.0005896839828 2
0 0.615 0.175 0.0006001066628 2
0 0.615 0.185 0.0006060432492 2
0 0.615 0.195 0.0006082145605 2
0 0.615 0.205 0.0006068322841 2
0 0.615 0.215 0.0006024916103 2
0 0.615 0.225 0.0005958195849 2
0 0.615 0.235 0.0005871844063 2
0 0.615 0.245 0.0005766509045 2
0 0.615 0.255 0.0005640321447 2
0 0.615 0.265 0.0005490314448 2
0 0.615 0.275 0.0005313059294 2
0 0.615 0.285 0.0005104930355 2
0 0.615 0.295 0.0004862201735 2
0 0.615 0.305 0.000458145526 2
0 0.615 0.315 0.0004260194886 2
0 0.615 0.325 0.0003897388743 2
0 0.615 0.335 0.0003494186772 2
0 0.615 0.345 0.0003053423502 2
0 0.615 0.355 0.0002582124817 2
0 0.615 0.365 0.0002084358005 2
0 0.615 0.375 0.0001582805551 2
0 0.615 0.385 0.0001054495905 2
0 0.615 0.395 6.188891051e-05 2
0 0.615 0.405 0 2
0 0.615 0.415 0 2
0 0.615 0.425 0 2
0 0.615 0.435 0 2
0 0.615 0.445 0 2
0 0.615 0.455 0 2
0 0.615 0.465 0 2
0 0.625 -0.455 0 2
0 0.625 -0.445 0 2
0 0.625 -0.435 0 2
0 0.625 -0.425 0 2
0 0.625 -0.415 0 2
0 0.625 -0.405 0 2
0 0.625 -0.395 -6.741442621e-05 2
0 0.625 -0.385 -0.0001138579626 2
0 0.625 -0.375 -0.0001693569826 2
0 0.625 -0.365 -0.0002212142353 2
0 0.625 -0.355 -0.0002720156138 2
0 0.625 -0.345 -0.0003195668962 2
0 0.625 -0.335 -0.0003637781151 2
0 0.625 -0.325 -0.000404422168 2
0 0.625 -0.315 -0.0004419119074 2
0 0.625 -0.305 -0.000476906181 2
0 0.625 -0.295 -0.0005101035083 2
0 0.625 -0.285 -0.0005416701609 2
0 0.625 -0.275 -0.0005708243157 2
0 0.625 -0.265 -0.0005959648588 2
0 0.625 -0.255 -0.0006152078691 2
0 0.625 -0.245 -0.0006271014274 2
0 0.625 -0.235 -0.0006311215213 2
0 0.625 -0.225 -0.0006278463804 2
0 0.625 -0.215 -0.0006186207911 2
0 0.625 -0.205 -0.0006050830492 2
0 0.625 -0.195 -0.0005887352802 2
0 0.625 -0.185 -0.0005706909301 2
0 0.625 -0.175 -0.0005515213503 2
0 0.625 -0.165 -0.0005312602216 2
0 0.625 -0.155 -0.0005095986389 2
0 0.625 -0.145 -0.0004861221411 2
0 0.625 -0.135 -0.0004603831065 2
0 0.625 -0.125 -0.0004317779316 2
0 0.625 -0.115 -0.0003995219812 2
0 0.625 -0.105 -0.0003628841823 2
0 0.625 -0.095 -0.0003216275849 2
0 0.625 -0.085 -0.0002762122641 2
0 0.625 -0.075 -0.0002275891302 2
0 0.625 -0.065 -0.0001767985641 2
0 0.625 -0.055 -0.0001247436774 2
0 0.625 -0.045 -7.210225062e-05 2
0 0.625 -0.035 -1.938542122e-05 2
0 0.625 -0.025 3.295514599e-05 2
0 0.625 -0.015 8.44255613e-05 2
0 0.625 -0.005 0.0001344234296 2
0 0.625 0.005 0.0001822226988 2
0 0.625 0.015 0.0002270244059 2
0 0.625 0.025 0.0002681175223 2
0 0.625 0.035 0.0003051045654 2
0 0.625 0.045 0.0003381706818 2
0 0.625 0.055 0.0003681626665 2
0 0.625 0.065 0.0003963478944 2
0 0.625 0.075 0.0004237239297 2
0 0.625 0.085 0.0004523228837 2
0 0.625 0.095 0.000479872871 2
0 0.625 0.105 0.000504950079 2
0 0.625 0.115 0.0005267450179 2
0 0.625 0.125 0.0005457038049 2
0 0.625 0.135 0.0005621564803 2
0 0.625 0.145 0.0005748960227 2
0 0.625 0.155 0.0005866141431 2
0 0.625 0.165 0.0005991807487 2
0 0.625 0.175 0.0006114284906 2
0 0.625 0.185 0.0006201554869 2
0 0.625 0.195 0.0006243503465 2
0 0.625 0.205 0.0006251214536 2
0 0.625 0.215 0.0006229781856 2
0 0.625 0.225 0.0006184596909 2
0 0.625 0.235 0.0006118157593 2
0 0.625 0.245 0.0006030787765 2
0 0.625 0.255 0.0005920769897 2
0 0.625 0.265 0.0005785140227 2
0 0.625 0.275 0.0005620198586 2
0 0.625 0.285 0.0005421897077 2
0 0.625 0.295 0.0005186146728 2
0 0.625 0.305 0.0004909211999 2
0 0.625 0.315 0.0004588209747 2
0 0.625 0.325 0.0004221504521 2
0 0.625 0.335 0.0003809413223 2
0 0.625 0.345 0.0003353666256 2
0 0.625 0.355 0.0002860249063 2
0 0.625 0.365 0.0002331585775 2
0 0.625 0.375 0.0001790601018 2
0 0.625 0.385 0.0001208972913 2
0 0.625 0.395 7.192082932e-05 2
0 0.625 0.405 0 2
0 0.625 0.415 0 2
0 0.625 0.425 0 2
0 0.625 0.435 0 2
0 0.625 0.445 0 2
0 0.625 0.455 0 2
0 0.625 0.465 0 2
0 0.635 -0.455 0 2
0 0.635 -0.445 0 2
0 0.635 -0.435 0 2
0 0.635 -0.425 0 2
0 0.635 -0.415 0 2
0 0.635 -0.405 0 2
0 0.635 -0.395 -7.872796109e-05 2
0 0.635 -0.385 -0.0001313839939 2
0 0.635 -0.375 -0.0001930925069 2
0 0.635 -0.365 -0.0002496927414 2
0 0.635 -0.355 -0.0003043874796 2
0 0.635 -0.345 -0.0003549676257 2
0 0.635 -0.335 -0.0004015183844 2
0 0.635 -0.325 -0.0004438607256 2
0 0.635 -0.315 -0.0004823514475 2
0 0.635 -0.305 -0.0005174561208 2
0 0.635 -0.295 -0.0005495980078 2
0 0.635 -0.285 -0.0005788121821 2
0 0.635 -0.275 -0.0006045492421 2
0 0.635 -0.265 -0.000625760658 2
0 0.635 -0.255 -0.0006412358685 2
0 0.635 -0.245 -0.000650046738 2
0 0.635 -0.235 -0.0006518725369 2
0 0.635 -0.225 -0.0006471127209 2
0 0.635 -0.215 -0.0006367250399 2
0 0.635 -0.205 -0.0006219429033 2
0 0.635 -0.195 -0.0006039827378 2
0 0.635 -0.185 -0.0005838283213 2
0 0.635 -0.175 -0.0005620977066 2
0 0.635 -0.165 -0.0005390193565 2
0 0.635 -0.155 -0.0005145149266 2
0 0.635 -0.145 -0.0004883187869 2
0 0.635 -0.135 -0.0004600469617 2
0 0.635 -0.125 -0.0004292054445 2
0 0.635 -0.115 -0.0003952449744 2
0 0.635 -0.105 -0.0003577195103 2
0 0.635 -0.095 -0.0003165037993 2
0 0.635 -0.085 -0.0002718923394 2
0 0.635 -0.075 -0.0002245083332 2
0 0.635 -0.065 -0.0001751033454 2
0 0.635 -0.055 -0.0001244066446 2
0 0.635 -0.045 -7.305101307e-05 2
0 0.635 -0.035 -2.158492013e-05 2
0 0.635 -0.025 2.947883524e-05 2
0 0.635 -0.015 7.960841116e-05 2
0 0.635 -0.005 0.0001282202603 2
0 0.635 0.005 0.0001746872571 2
0 0.635 0.015 0.0002183993669 2
0 0.635 0.025 0.0002588916663 2
0 0.635 0.035 0.0002959863784 2
0 0.635 0.045 0.0003299872717 2
0 0.635 0.055 0.0003615959185 2
0 0.635 0.065 0.0003916189614 2
0 0.635 0.075 0.0004216701237 2
0 0.635 0.085 0.000451180241 2
0 0.635 0.095 0.0004769665607 2
0 0.635 0.105 0.0004990510452 2
0 0.635 0.115 0.0005202242658 2
0 0.635 0.125 0.000541911407 1
0 0.635 0.135 0.0005623351448 1
0 0.635 0.145 0.0005790229982 1
0 0.635 0.155 0.0005953545171 2
0 0.635 0.165 0.0006089371577 2
0 0.635 0.175 0.0006219466732 2
0 0.635 0.185 0.0006318841748 2
0 0.635 0.195 0.0006376155854 2
0 0.635 0.205 0.0006404359883 2
0 0.635 0.215 0.0006406150477 2
0 0.635 0.225 0.0006385125577 2
0 0.635 0.235 0.0006342302072 2
0 0.635 0.245 0.0006277215161 2
0 0.635 0.255 0.0006187787209 2
0 0.635 0.265 0.0006070815055 2
0 0.635 0.275 0.0005922314098 2
0 0.635 0.285 0.0005737879583 2
0 0.635 0.295 0.0005513021883 2
0 0.635 0.305 0.0005243535349 2
0 0.635 0.315 0.0004925947526 2
0 0.635 0.325 0.0004557850563 2
0 0.635 0.335 0.0004138615793 2
0 0.635 0.345 0.0003668799799 2
0 0.635 0.355 0.0003153314401 2
0 0.635 0.365 0.000259288188 2
0 0.635 0.375 0.0002010727249 2
0 0.635 0.385 0.000137289076 2
0 0.635 0.395 8.257913288e-05 2
0 0.635 0.405 0 2
0 0.635 0.415 0 2
0 0.635 0.425 0 2
0 0.635 0.435 0 2
0 0.635 0.445 0 2
0 0.635 0.455 0 2
0 0.635 0.465 0 2
0 0.645 -0.455 0 2
0 0.645 -0.445 0 2
0 0.645 -0.435 0 2
0 0.645 -0.425 0 2
0 0.645 -0.415 0 2
0 0.645 -0.405 0 2
0 0.645 -0.395 -9.060082117e-05 2
0 0.645 -0.385 -0.0001497479075 2
0 0.645 -0.375 -0.0002178987979 2
0 0.645 -0.365 -0.0002793349004 2
0 0.645 -0.355 -0.0003378789172 2
0 0.645 -0.345 -0.0003912721855 2
0 0.645 -0.335 -0.0004397511835 2
0 0.645 -0.325 -0.0004831763246 2
0 0.645 -0.315 -0.000521893623 2
0 0.645 -0.305 -0.0005562884952 2
0 0.645 -0.295 -0.0005867002665 2
0 0.645 -0.285 -0.0006131951515 2
0 0.645 -0.275 -0.0006354688823 2
0 0.645 -0.265 -0.0006529010002 2
0 0.645 -0.255 -0.0006647611329 2
0 0.645 -0.245 -0.0006704804191 2
0 0.645 -0.235 -0.0006698692708 2
0 0.645 -0.225 -0.0006632104768 2
0 0.645 -0.215 -0.000651195562 2
0 0.645 -0.205 -0.0006347644571 2
0 0.645 -0.195 -0.0006149126582 2
0 0.645 -0.185 -0.0005925230483 2
0 0.645 -0.175 -0.0005682471645 2
0 0.645 -0.165 -0.0005424550426 2
0 0.645 -0.155 -0.0005152523914 2
0 0.645 -0.145 -0.0004865354796 2
0 0.645 -0.135 -0.0004560473549 2
0 0.645 -0.125 -0.0004234275782 2
0 0.645 -0.115 -0.0003882879011 2
0 0.645 -0.105 -0.0003503261692 2
0 0.645 -0.095 -0.0003094484574 2
0 0.645 -0.085 -0.0002658265399 2
0 0.645 -0.075 -0.0002198608841 2
0 0.645 -0.065 -0.0001720827389 2
0 0.645 -0.055 -0.0001230634781 2
0 0.645 -0.045 -7.335914475e-05 2
0 0.645 -0.035 -2.349962666e-05 2
0 0.645 -0.025 2.599601185e-05 2
0 0.645 -0.015 7.459735372e-05 2
0 0.645 -0.005 0.0001217540468 2
0 0.645 0.005 0.0001669161638 2
0 0.645 0.015 0.0002095915966 2
0 0.645 0.025 0.0002494449265 2
0 0.645 0.035 0.0002863958608 2
0 0.645 0.045 0.0003207914581 2
0 0.645 0.055 0.0003531613833 2
0 0.645 0.065 0.0003848760375 2
0 0.645 0.075 0.0004156184266 2
0 0.645 0.085 0.0004435046074 2
0 0.645 0.095 0.0004681012996 2
0 0.645 0.105 0.0004925785584 1
0 0.645 0.115 0.0005159601179 1
0 0.645 0.125 0.0005379745438 1
0 0.645 0.135 0.0005577376869 1
0 0.645 0.145 0.0005741099596 1
0 0.645 0.155 0.0005904436513 1
0 0.645 0.165 0.0006102739142 2
0 0.645 0.175 0.0006263805875 2
0 0.645 0.185 0.0006383828904 2
0 0.645 0.195 0.0006462340434 2
0 0.645 0.205 0.0006515272311 2
0 0.645 0.215 0.0006544021898 2
0 0.645 0.225 0.0006550780258 2
0 0.645 0.235 0.0006535367705 2
0 0.645 0.245 0.000649658491 2
0 0.645 0.255 0.0006431910939 2
0 0.645 0.265 0.0006337834152 2
0 0.645 0.275 0.0006210059204 2
0 0.645 0.285 0.0006043803212 2
0 0.645 0.295 0.000583410475 2
0 0.645 0.305 0.0005576163474 2
0 0.645 0.315 0.0005265760961 2
0 0.645 0.325 0.0004899557876 2
0 0.645 0.335 0.0004475838242 2
0 0.645 0.345 0.0003993861772 2
0 0.645 0.355 0.0003457371688 2
0 0.645 0.365 0.0002865277823 2
0 0.645 0.375 0.0002241109623 2
0 0.645 0.385 0.0001544981154 2
0 0.645 0.395 9.379794253e-05 2
0 0.645 0.405 0 2
0 0.645 0.415 0 2
0 0.645 0.425 0 2
0 0.645 0.435 0 2
0 0.645 0.445 0 2
0 0.645 0.455 0 2
0 0.645 0.465 0 2
0 0.655 -0.455 0 2
0 0.655 -0.445 0 2
0 0.655 -0.435 0 2
0 0.655 -0.425 0 2
0 0.655 -0.415 0 2
0 0.655 -0.405 0 2
0 0.655 -0.395 -0.0001029282779 2
0 0.655 -0.385 -0.0001687496169 2
0 0.655 -0.375 -0.0002434490363 2
0 0.655 -0.365 -0.0003096712807 2
0 0.655 -0.355 -0.0003718626709 2
0 0.655 -0.345 -0.0004276959436 2
0 0.655 -0.335 -0.0004775581823 2
0 0.655 -0.325 -0.0005213709566 2
0 0.655 -0.315 -0.0005595373586 2
0 0.655 -0.305 -0.0005924783394 2
0 0.655 -0.295 -0.00062059219 2
0 0.655 -0.285 -0.0006440782753 2
0 0.655 -0.275 -0.0006628734134 2
0 0.655 -0.265 -0.0006766778116 2
0 0.655 -0.255 -0.0006850825422 2
0 0.655 -0.245 -0.0006877450985 2
0 0.655 -0.235 -0.0006845468048 2
0 0.655 -0.225 -0.0006756820384 2
0 0.655 -0.215 -0.000661655149 2
0 0.655 -0.205 -0.0006432035051 2
0 0.655 -0.195 -0.0006211771424 2
0 0.655 -0.185 -0.000596408975 2
0 0.655 -0.175 -0.0005696013255 2
0 0.655 -0.165 -0.0005412502676 2
0 0.655 -0.155 -0.0005116177255 2
0 0.655 -0.145 -0.0004807455321 2
0 0.655 -0.135 -0.0004484975682 2
0 0.655 -0.125 -0.0004146202225 2
0 0.655 -0.115 -0.0003788215411 2
0 0.655 -0.105 -0.0003408624174 2
0 0.655 -0.095 -0.0003006391651 2
0 0.655 -0.085 -0.0002582258199 2
0 0.655 -0.075 -0.0002138640026 2
0 0.655 -0.065 -0.0001679159852 2
0 0.655 -0.055 -0.0001208127348 2
0 0.655 -0.045 -7.301593986e-05 2
0 0.655 -0.035 -2.500182906e-05 2
0 0.655 -0.025 2.274022704e-05 2
0 0.655 -0.015 6.970548984e-05 2
0 0.655 -0.005 0.0001153810073 2
0 0.655 0.005 0.0001592711887 2
0 0.655 0.015 0.0002009489857 2
0 0.655 0.025 0.0002401285685 2
0 0.655 0.035 0.0002767498185 2
0 0.655 0.045 0.0003110922344 2
0 0.655 0.055 0.0003434853217 2
0 0.655 0.065 0.0003757540866 2
0 0.655 0.075 0.0004068887358 2
0 0.655 0.085 0.0004358218198 2
0 0.655 0.095 0.0004631090406 1
0 0.655 0.105 0.0004873988771 1
0 0.655 0.115 0.0005107766181 1
0 0.655 0.125 0.000531427062 1
0 0.655 0.135 0.0005489326806 1
0 0.655 0.145 0.0005632995072 1
0 0.655 0.155 0.0005794545093 1
0 0.655 0.165 0.0006017667651 2
0 0.655 0.175 0.0006216803109 2
0 0.655 0.185 0.000637772933 2
0 0.655 0.195 0.0006488726014 2
0 0.655 0.205 0.0006574050431 2
0 0.655 0.215 0.0006634918012 2
0 0.655 0.225 0.0006673543651 2
0 0.655 0.235 0.0006689244408 2
0 0.655 0.245 0.0006680458296 2
0 0.655 0.255 0.0006644365699 2
0 0.655 0.265 0.0006577192957 2
0 0.655 0.275 0.0006474339757 2
0 0.655 0.285 0.0006330622381 2
0 0.655 0.295 0.0006140544615 2
0 0.655 0.305 0.000589860554 2
0 0.655 0.315 0.0005599700053 2
0 0.655 0.325 0.0005239396925 2
0 0.655 0.335 0.0004814726501 2
0 0.655 0.345 0.0004323484009 2
0 0.655 0.355 0.0003768090879 2
0 0.655 0.365 0.0003145478581 2
0 0.655 0.375 0.0002479419446 2
0 0.655 0.385 0.0001723805753 2
0 0.655 0.395 0.0001055015783 2
0 0.655 0.405 0 2
0 0.655 0.415 0 2
0 0.655 0.425 0 2
0 0.655 0.435 0 2
0 0.655 0.445 0 2
0 0.655 0.455 0 2
0 0.655 0.465 0 2
0 0.665 -0.455 0 2
0 0.665 -0.445 0 2
0 0.665 -0.435 0 2
0 0.665 -0.425 0 2
0 0.665 -0.415 0 2
0 0.665 -0.405 0 2
0 0.665 -0.395 -0.0001155906787 2
0 0.665 -0.385 -0.000188168444 2
0 0.665 -0.375 -0.00026939423 2
0 0.665 -0.365 -0.0003402186328 2
0 0.665 -0.355 -0.0004057181007 2
0 0.665 -0.345 -0.0004634936434 2
0 0.665 -0.335 -0.0005141005204 2
0 0.665 -0.325 -0.0005575616542 2
0 0.665 -0.315 -0.0005944088522 2
0 0.665 -0.305 -0.0006251950004 2
0 0.665 -0.295 -0.0006504768878 2
0 0.665 -0.285 -0.0006706512723 2
0 0.665 -0.275 -0.0006858932351 2
0 0.665 -0.265 -0.0006961541299 2
0 0.665 -0.255 -0.000701239562 2
0 0.665 -0.245 -0.0007009330702 2
0 0.665 -0.235 -0.0006951263067 2
0 0.665 -0.225 -0.0006839187894 2
0 0.665 -0.215 -0.0006676633764 2
0 0.665 -0.205 -0.0006469532767 2
0 0.665 -0.195 -0.0006225559322 2
0 0.665 -0.185 -0.0005953084911 2
0 0.665 -0.175 -0.0005659982868 2
0 0.665 -0.165 -0.0005352565553 2
0 0.665 -0.155 -0.000503490645 2
0 0.665 -0.145 -0.0004708670758 2
0 0.665 -0.135 -0.0004373433306 2
0 0.665 -0.125 -0.0004027334733 2
0 0.665 -0.115 -0.0003667901669 2
0 0.665 -0.105 -0.0003292867022 2
0 0.665 -0.095 -0.0002900832786 2
0 0.665 -0.085 -0.0002491640531 2
0 0.665 -0.075 -0.0002066416586 2
0 0.665 -0.065 -0.0001627380956 2
0 0.665 -0.055 -0.0001177576725 2
0 0.665 -0.045 -7.206322421e-05 2
0 0.665 -0.035 -2.606078193e-05 2
0 0.665 -0.025 1.980976195e-05 2
0 0.665 -0.015 6.508359231e-05 2
0 0.665 -0.005 0.0001092870859 2
0 0.665 0.005 0.0001519647996 2
0 0.665 0.015 0.00019272536 2
0 0.665 0.025 0.0002312940511 2
0 0.665 0.035 0.0002676133345 2
0 0.665 0.045 0.0003018890851 2
0 0.665 0.055 0.0003348121619 2
0 0.665 0.065 0.0003677678082 2
0 0.665 0.075 0.000399743389 2
0 0.665 0.085 0.0004308529307 1
0 0.665 0.095 0.0004565897569 1
0 0.665 0.105 0.0004790226419 1
0 0.665 0.115 0.0004995388952 1
0 0.665 0.125 0.000518608634 1
0 0.665 0.135 0.0005368074171 1
0 0.665 0.145 0.0005519597454 1
0 0.665 0.155 0.0005671401567 1
0 0.665 0.165 0.000588412783 2
0 0.665 0.175 0.000609981331 2
0 0.665 0.185 0.0006304518501 2
0 0.665 0.195 0.0006454057528 2
0 0.665 0.205 0.0006577238929 2
0 0.665 0.215 0.0006674166853 2
0 0.665 0.225 0.0006747781989 2
0 0.665 0.235 0.0006797409112 2
0 0.665 0.245 0.0006821484982 2
0 0.665 0.255 0.0006817087938 2
0 0.665 0.265 0.0006780275067 2
0 0.665 0.275 0.0006706171467 2
0 0.665 0.285 0.0006589178717 2
0 0.665 0.295 0.0006423210637 2
0 0.665 0.305 0.0006201970039 2
0 0.665 0.315 0.0005919331856 2
0 0.665 0.325 0.0005569607428 2
0 0.665 0.335 0.0005148382611 2
0 0.665 0.345 0.0004651776964 2
0 0.665 0.355 0.000408067619 2
0 0.665 0.365 0.0003429805447 2
0 0.665 0.375 0.0002723039522 2
0 0.665 0.385 0.0001907738897 2
0 0.665 0.395 0.00011760388 2
0 0.665 0.405 0 2
0 0.665 0.415 0 2
0 0.665 0.425 0 2
0 0.665 0.435 0 2
0 0.665 0.445 0 2
0 0.665 0.455 0 2
0 0.665 0.465 0 2
0 0.675 -0.455 0 2
0 0.675 -0.445 0 2
0 0.675 -0.435 0 2
0 0.675 -0.425 0 2
0 0.675 -0.415 0 2
0 0.675 -0.405 0 2
0 0.675 -0.395 -0.0001284532155 2
0 0.675 -0.385 -0.0002077619294 2
0 0.675 -0.375 -0.0002953595729 2
0 0.675 -0.365 -0.0003704706011 2
0 0.675 -0.355 -0.000438809806 2
0 0.675 -0.345 -0.0004979142408 2
0 0.675 -0.335 -0.0005485323103 2
0 0.675 -0.325 -0.000590834609 2
0 0.675 -0.315 -0.000625552928 2
0 0.675 -0.305 -0.0006534599901 2
0 0.675 -0.295 -0.000675355456 2
0 0.675 -0.285 -0.0006918870078 2
0 0.675 -0.275 -0.0007034705377 2
0 0.675 -0.265 -0.0007102598869 2
0 0.675 -0.255 -0.0007121936697 2
0 0.675 -0.245 -0.0007090950641 2
0 0.675 -0.235 -0.0007007987935 2
0 0.675 -0.225 -0.0006872758031 2
0 0.675 -0.215 -0.00066872882 2
0 0.675 -0.205 -0.0006456392861 2
0 0.675 -0.195 -0.0006187468286 2
0 0.675 -0.185 -0.0005889560949 2
0 0.675 -0.175 -0.0005571940185 2
0 0.675 -0.165 -0.0005242577478 2
0 0.675 -0.155 -0.0004907003102 2
0 0.675 -0.145 -0.000456785741 2
0 0.675 -0.135 -0.0004225210064 2
0 0.675 -0.125 -0.0003877375484 2
0 0.675 -0.115 -0.0003521850149 2
0 0.675 -0.105 -0.0003156127757 2
0 0.675 -0.095 -0.0002778276856 2
0 0.675 -0.085 -0.0002387271736 2
0 0.675 -0.075 -0.0001983109831 2
0 0.675 -0.065 -0.0001566781193 2
0 0.675 -0.055 -0.0001140164762 2
0 0.675 -0.045 -7.059042801e-05 2
0 0.675 -0.035 -2.672898971e-05 2
0 0.675 -0.025 1.718645948e-05 2
0 0.675 -0.015 6.073722344e-05 2
0 0.675 -0.005 0.0001034892107 2
0 0.675 0.005 0.0001450205143 2
0 0.675 0.015 0.0001849638622 2
0 0.675 0.025 0.0002230396791 2
0 0.675 0.035 0.0002591633571 2
0 0.675 0.045 0.0002934295498 2
0 0.675 0.055 0.0003266593146 2
0 0.675 0.065 0.000360109585 2
0 0.675 0.075 0.0003928630501 2
0 0.675 0.085 0.0004226858983 1
0 0.675 0.095 0.0004457477782 1
0 0.675 0.105 0.0004663506812 1
0 0.675 0.115 0.0004859692607 1
0 0.675 0.125 0.0005044222995 1
0 0.675 0.135 0.0005211942042 1
0 0.675 0.145 0.0005357766388 1
0 0.675 0.155 0.0005509779731 1
0 0.675 0.165 0.0005720068367 2
0 0.675 0.175 0.0005947925755 2
0 0.675 0.185 0.0006179909614 2
0 0.675 0.195 0.0006365908469 2
0 0.675 0.205 0.0006526724447 2
0 0.675 0.215 0.0006660335144 2
0 0.675 0.225 0.0006769788576 2
0 0.675 0.235 0.0006854485455 2
0 0.675 0.245 0.0006912977337 2
0 0.675 0.255 0.0006942342509 2
0 0.675 0.265 0.000693852713 2
0 0.675 0.275 0.0006896404229 2
0 0.675 0.285 0.0006809950501 2
0 0.675 0.295 0.0006672445835 2
0 0.675 0.305 0.000647671508 2
0 0.675 0.315 0.0006215489631 2
0 0.675 0.325 0.0005881655078 2
0 0.675 0.335 0.000546913982 2
0 0.675 0.345 0.000497213327 2
0 0.675 0.355 0.0004389705549 2
0 0.675 0.365 0.000371407516 2
0 0.675 0.375 0.0002968981976 2
0 0.675 0.385 0.000209492013 2
0 0.675 0.395 0.0001300059402 2
0 0.675 0.405 0 2
0 0.675 0.415 0 2
0 0.675 0.425 0 2
0 0.675 0.435 0 2
0 0.675 0.445 0 2
0 0.675 0.455 0 2
0 0.675 0.465 0 2
0 0.685 -0.455 0 2
0 0.685 -0.445 0 2
0 0.685 -0.435 0 2
0 0.685 -0.425 0 2
0 0.685 -0.415 0 2
0 0.685 -0.405 0 2
0 0.685 -0.395 -0.0001413602715 2
0 0.685 -0.385 -0.0002272539389 2
0 0.685 -0.375 -0.0003209244381 2
0 0.685 -0.365 -0.0003998691496 2
0 0.685 -0.355 -0.0004704499649 2
0 0.685 -0.345 -0.0005301551488 2
0 0.685 -0.335 -0.0005799513858 2
0 0.685 -0.325 -0.000620202447 2
0 0.685 -0.315 -0.0006519094334 2
0 0.685 -0.305 -0.0006761511903 2
0 0.685 -0.295 -0.0006940534391 2
0 0.685 -0.285 -0.0007065704506 2
0 0.685 -0.275 -0.000714370147 2
0 0.685 -0.265 -0.0007177741849 2
0 0.685 -0.255 -0.0007167862237 2
0 0.685 -0.245 -0.000711187489 2
0 0.685 -0.235 -0.0007006786866 2
0 0.685 -0.225 -0.0006850437697 2
0 0.685 -0.215 -0.000664304816 2
0 0.685 -0.205 -0.0006388389487 2
0 0.685 -0.195 -0.0006094062294 2
0 0.685 -0.185 -0.0005770538579 2
0 0.685 -0.175 -0.0005429252816 2
0 0.685 -0.165 -0.0005080343565 2
0 0.685 -0.155 -0.0004730866545 2
0 0.685 -0.145 -0.0004384063345 2
0 0.685 -0.135 -0.0004039892415 2
0 0.685 -0.125 -0.0003696257683 2
0 0.685 -0.115 -0.0003350198165 2
0 0.685 -0.105 -0.0002998726481 2
0 0.685 -0.095 -0.0002639290463 2
0 0.685 -0.085 -0.0002270021942 2
0 0.685 -0.075 -0.0001889874707 2
0 0.685 -0.065 -0.0001498701256 2
0 0.685 -0.055 -0.0001097281628 2
0 0.685 -0.045 -6.873007259e-05 2
0 0.685 -0.035 -2.7127615e-05 2
0 0.685 -0.025 1.47570932e-05 2
0 0.685 -0.015 5.655061312e-05 2
0 0.685 -0.005 9.785560805e-05 2
0 0.685 0.005 0.0001382811827 2
0 0.685 0.015 0.0001774876049 2
0 0.685 0.025 0.0002152022514 2
0 0.685 0.035 0.000251341883 2
0 0.685 0.045 0.0002859035072 2
0 0.685 0.055 0.0003201564875 2
0 0.685 0.065 0.0003539621065 2
0 0.685 0.075 0.000385557962 1
0 0.685 0.085 0.0004105177669 1
0 0.685 0.095 0.0004314535051 1
0 0.685 0.105 0.0004511072782 1
0 0.685 0.115 0.0004697345987 1
0 0.685 0.125 0.0004869246814 1
0 0.685 0.135 0.000502584067 1
0 0.685 0.145 0.0005168570453 1
0 0.685 0.155 0.000531810528 1
0 0.685 0.165 0.0005521281495 2
0 0.685 0.175 0.0005760698167 2
0 0.685 0.185 0.0006015308678 2
0 0.685 0.195 0.0006232267924 2
0 0.685 0.205 0.0006426022207 2
0 0.685 0.215 0.0006593381312 2
0 0.685 0.225 0.0006736812706 2
0 0.685 0.235 0.0006855665784 2
0 0.685 0.245 0.0006948507856 2
0 0.685 0.255 0.0007012399043 2
0 0.685 0.265 0.0007043173264 2
0 0.685 0.275 0.0007035454414 2
0 0.685 0.285 0.0006982787839 2
0 0.685 0.295 0.0006877792884 2
0 0.685 0.305 0.0006712357598 2
0 0.685 0.315 0.0006477966053 2
0 0.685 0.325 0.0006165917245 2
0 0.685 0.335 0.000576825511 2
0 0.685 0.345 0.0005276944018 2
0 0.685 0.355 0.0004688886623 2
0 0.685 0.365 0.0003993407773 2
0 0.685 0.375 0.0003213752397 2
0 0.685 0.385 0.0002283173283 2
0 0.685 0.395 0.000142592137 2
0 0.685 0.405 0 2
0 0.685 0.415 0 2
0 0.685 0.425 0 2
0 0.685 0.435 0 2
0 0.685 0.445 0 2
0 0.685 0.455 0 2
0 0.685 0.465 0 2
0 0.695 -0.455 0 2
0 0.695 -0.445 0 2
0 0.695 -0.435 0 2
0 0.695 -0.425 0 2
0 0.695 -0.415 0 2
0 0.695 -0.405 0 2
0 0.695 -0.395 -0.0001541239278 2
0 0.695 -0.385 -0.0002463118124 2
0 0.695 -0.375 -0.0003455864347 2
0 0.695 -0.365 -0.0004277578604 2
0 0.695 -0.355 -0.0004998441498 2
0 0.695 -0.345 -0.0005593038736 2
0 0.695 -0.335 -0.0006073386798 2
0 0.695 -0.325 -0.0006445431998 2
0 0.695 -0.315 -0.0006722554875 2
0 0.695 -0.305 -0.0006919545914 2
0 0.695 -0.295 -0.0007051876473 2
0 0.695 -0.285 -0.0007132820393 2
0 0.695 -0.275 -0.0007171763439 2
0 0.695 -0.265 -0.0007173305529 2
0 0.695 -0.255 -0.0007137492966 2
0 0.695 -0.245 -0.0007060898641 2
0 0.695 -0.235 -0.000693830309 2
0 0.695 -0.225 -0.0006764835433 2
0 0.695 -0.215 -0.0006538225505 2
0 0.695 -0.205 -0.0006260974434 2
0 0.695 -0.195 -0.0005941360017 2
0 0.695 -0.185 -0.0005592287619 2
0 0.695 -0.175 -0.0005228509565 2
0 0.695 -0.165 -0.0004863129839 2
0 0.695 -0.155 -0.0004504824485 2
0 0.695 -0.145 -0.0004156764587 2
0 0.695 -0.135 -0.0003817828441 2
0 0.695 -0.125 -0.0003484781786 2
0 0.695 -0.115 -0.00031538747 2
0 0.695 -0.105 -0.0002821608942 2
0 0.695 -0.095 -0.0002484883521 2
0 0.695 -0.085 -0.0002141050955 2
0 0.695 -0.075 -0.0001788058344 2
0 0.695 -0.065 -0.0001424649694 2
0 0.695 -0.055 -0.0001050536886 2
0 0.695 -0.045 -6.664800622e-05 2
0 0.695 -0.035 -2.742676501e-05 2
0 0.695 -0.025 1.234094992e-05 2
0 0.695 -0.015 5.231808428e-05 2
0 0.695 -0.005 9.213356264e-05 2
0 0.695 0.005 0.0001314190364 2
0 0.695 0.015 0.0001698623728 2
0 0.695 0.025 0.0002072062191 2
0 0.695 0.035 0.0002433915749 2
0 0.695 0.045 0.0002781989662 2
0 0.695 0.055 0.0003128879798 2
0 0.695 0.065 0.0003448721072 2
0 0.695 0.075 0.0003732632038 1
0 0.695 0.085 0.0003959569814 1
0 0.695 0.095 0.0004150974298 1
0 0.695 0.105 0.0004334456792 1
0 0.695 0.115 0.0004504220702 1
0 0.695 0.125 0.00046623734 1
0 0.695 0.135 0.000480645716 1
0 0.695 0.145 0.0004944336706 1
0 0.695 0.155 0.0005114408896 2
0 0.695 0.165 0.0005313715476 2
0 0.695 0.175 0.0005563322168 2
0 0.695 0.185 0.0005823129232 2
0 0.695 0.195 0.0006060164211 2
0 0.695 0.205 0.000627795344 2
0 0.695 0.215 0.0006472877352 2
0 0.695 0.225 0.0006645882428 2
0 0.695 0.235 0.0006795941863 2
0 0.695 0.245 0.0006921385751 2
0 0.695 0.255 0.0007019147723 2
0 0.695 0.265 0.0007084904537 2
0 0.695 0.275 0.0007113025568 2
0 0.695 0.285 0.0007096634399 2
0 0.695 0.295 0.0007027695481 2
0 0.695 0.305 0.0006897141825 2
0 0.695 0.315 0.0006695146111 2
0 0.695 0.325 0.0006411287911 2
0 0.695 0.335 0.0006035503212 2
0 0.695 0.345 0.0005557206058 2
0 0.695 0.355 0.0004970704097 2
0 0.695 0.365 0.0004261937667 2
0 0.695 0.375 0.0003453137761 2
0 0.695 0.385 0.0002469874913 2
0 0.695 0.395 0.0001552233274 2
0 0.695 0.405 0 2
0 0.695 0.415 0 2
0 0.695 0.425 0 2
0 0.695 0.435 0 2
0 0.695 0.445 0 2
0 0.695 0.455 0 2
0 0.695 0.465 0 2
0 0.705 -0.455 0 2
0 0.705 -0.445 0 2
0 0.705 -0.435 0 2
0 0.705 -0.425 0 2
0 0.705 -0.415 0 2
0 0.705 -0.405 0 2
0 0.705 -0.395 -0.000166508026 2
0 0.705 -0.385 -0.0002645120398 2
0 0.705 -0.375 -0.0003687046873 2
0 0.705 -0.365 -0.0004533064907 2
0 0.705 -0.355 -0.0005260055036 2
0 0.705 -0.345 -0.0005842535032 2
0 0.705 -0.335 -0.000629484908 2
0 0.705 -0.325 -0.0006625440576 2
0 0.705 -0.315 -0.0006851689977 2
0 0.705 -0.305 -0.0006993495122 2
0 0.705 -0.295 -0.0007071728147 2
0 0.705 -0.285 -0.0007104201567 2
0 0.705 -0.275 -0.0007103207504 2
0 0.705 -0.265 -0.0007074366062 2
0 0.705 -0.255 -0.0007017010019 2
0 0.705 -0.245 -0.0006925559741 2
0 0.705 -0.235 -0.0006791599626 2
0 0.705 -0.225 -0.0006606643476 2
0 0.705 -0.215 -0.0006365061911 2
0 0.705 -0.205 -0.0006067717469 2
0 0.705 -0.195 -0.0005724144598 2
0 0.705 -0.185 -0.0005350841622 2
0 0.705 -0.175 -0.0004967096063 2
0 0.705 -0.165 -0.0004589810337 2
0 0.705 -0.155 -0.0004229306399 2
0 0.705 -0.145 -0.0003887631588 2
0 0.705 -0.135 -0.0003561267201 2
0 0.705 -0.125 -0.0003245175175 2
0 0.705 -0.115 -0.0002934776855 2
0 0.705 -0.105 -0.0002626333234 2
0 0.705 -0.095 -0.0002316442337 2
0 0.705 -0.085 -0.000200175317 2
0 0.705 -0.075 -0.0001679165657 2
0 0.705 -0.065 -0.0001346258137 2
0 0.705 -0.055 -0.0001001666254 2
0 0.705 -0.045 -6.452642084e-05 2
0 0.705 -0.035 -2.781916547e-05 2
0 0.705 -0.025 9.726641985e-06 2
0 0.705 -0.015 4.779250144e-05 2
0 0.705 -0.005 8.601109529e-05 2
0 0.705 0.005 0.000124013794 2
0 0.705 0.015 0.0001614999796 2
0 0.705 0.025 0.0001982279632 2
0 0.705 0.035 0.0002341885627 2
0 0.705 0.045 0.0002689536293 2
0 0.705 0.055 0.0003033293718 2
0 0.705 0.065 0.0003331208511 2
0 0.705 0.075 0.0003581136606 1
0 0.705 0.085 0.0003784636139 1
0 0.705 0.095 0.0003957589456 1
0 0.705 0.105 0.000412426099 1
0 0.705 0.115 0.0004279150541 1
0 0.705 0.125 0.0004424418721 1
0 0.705 0.135 0.0004556433416 1
0 0.705 0.145 0.0004688199013 1
0 0.705 0.155 0.0004863939424 2
0 0.705 0.165 0.0005087442422 2
0 0.705 0.175 0.0005346241447 2
0 0.705 0.185 0.0005602707488 2
0 0.705 0.195 0.0005849191296 2
0 0.705 0.205 0.0006081477664 2
0 0.705 0.215 0.0006296230683 2
0 0.705 0.225 0.0006492754597 2
0 0.705 0.235 0.0006669457097 2
0 0.705 0.245 0.00068242369 2
0 0.705 0.255 0.0006953802538 2
0 0.705 0.265 0.0007053640085 2
0 0.705 0.275 0.0007117883069 2
0 0.705 0.285 0.000713928307 2
0 0.705 0.295 0.0007109210494 2
0 0.705 0.305 0.0007017691328 2
0 0.705 0.315 0.0006853592431 2
0 0.705 0.325 0.0006604702383 2
0 0.705 0.335 0.0006258661293 2
0 0.705 0.345 0.0005802000901 2
0 0.705 0.355 0.0005225935152 2
0 0.705 0.365 0.0004512407569 2
0 0.705 0.375 0.0003681906442 2
0 0.705 0.385 0.0002651772195 2
0 0.705 0.395 0.0001677279519 2
0 0.705 0.405 0 2
0 0.705 0.415 0 2
0 0.705 0.425 0 2
0 0.705 0.435 0 2
0 0.705 0.445 0 2
0 0.705 0.455 0 2
0 0.705 0.465 0 2
0 0.715 -0.455 0 2
0 0.715 -0.445 0 2
0 0.715 -0.435 0 2
0 0.715 -0.425 0 2
0 0.715 -0.415 0 2
0 0.715 -0.405 0 2
0 0.715 -0.395 -0.0001782034901 2
0 0.715 -0.385 -0.0002812903524 2
0 0.715 -0.375 -0.0003894228176 2
0 0.715 -0.365 -0.000475418838 2
0 0.715 -0.355 -0.0005476662167 2
0 0.715 -0.345 -0.0006036346359 2
0 0.715 -0.335 -0.0006449443376 2
0 0.715 -0.325 -0.0006726637996 2
0 0.715 -0.315 -0.0006889845316 2
0 0.715 -0.305 -0.0006965577064 2
0 0.715 -0.295 -0.000698179605 2
0 0.715 -0.285 -0.0006961870415 2
0 0.715 -0.275 -0.0006921041983 2
0 0.715 -0.265 -0.0006865198866 2
0 0.715 -0.255 -0.0006791898503 2
0 0.715 -0.245 -0.0006692687625 2
0 0.715 -0.235 -0.0006555458468 2
0 0.715 -0.225 -0.0006367430273 2
0 0.715 -0.215 -0.0006117654218 2
0 0.715 -0.205 -0.0005803759213 2
0 0.715 -0.195 -0.0005437080323 2
0 0.715 -0.185 -0.0005039718867 2
0 0.715 -0.175 -0.0004638511242 2
0 0.715 -0.165 -0.0004255982529 2
0 0.715 -0.155 -0.0003903726619 2
0 0.715 -0.145 -0.0003579694624 2
0 0.715 -0.135 -0.0003274901249 2
0 0.715 -0.125 -0.0002981809895 2
0 0.715 -0.115 -0.0002696092514 2
0 0.715 -0.105 -0.0002415174111 2
0 0.715 -0.095 -0.0002135776529 2
0 0.715 -0.085 -0.0001853785218 2
0 0.715 -0.075 -0.0001564844243 2
0 0.715 -0.065 -0.0001265193453 2
0 0.715 -0.055 -9.523589575e-05 2
0 0.715 -0.045 -6.253807638e-05 2
0 0.715 -0.035 -2.848547459e-05 2
0 0.715 -0.025 6.717656347e-06 2
0 0.715 -0.015 4.274572746e-05 2
0 0.715 -0.005 7.919870904e-05 2
0 0.715 0.005 0.0001156642327 2
0 0.715 0.015 0.000151808126 2
0 0.715 0.025 0.0001873784906 2
0 0.715 0.035 0.000222401654 2
0 0.715 0.045 0.0002564161632 2
0 0.715 0.055 0.0002900220073 2
0 0.715 0.065 0.0003178646074 2
0 0.715 0.075 0.0003393028245 1
0 0.715 0.085 0.0003571910489 1
0 0.715 0.095 0.0003735279977 1
0 0.715 0.105 0.0003891089201 1
0 0.715 0.115 0.0004024473157 1
0 0.715 0.125 0.0004142493817 1
0 0.715 0.135 0.0004262560162 1
0 0.715 0.145 0.0004424827412 2
0 0.715 0.155 0.0004625002035 2
0 0.715 0.165 0.0004855880639 2
0 0.715 0.175 0.0005101653679 2
0 0.715 0.185 0.0005348853918 2
0 0.715 0.195 0.0005594365026 2
0 0.715 0.205 0.0005832012089 2
0 0.715 0.215 0.0006058450127 2
0 0.715 0.225 0.0006271598912 2
0 0.715 0.235 0.0006469251662 2
0 0.715 0.245 0.0006648820719 2
0 0.715 0.255 0.0006806766342 2
0 0.715 0.265 0.0006938409249 2
0 0.715 0.275 0.0007037721976 2
0 0.715 0.285 0.0007097199194 2
0 0.715 0.295 0.0007107758081 2
0 0.715 0.305 0.0007058661695 2
0 0.715 0.315 0.0006937584635 2
0 0.715 0.325 0.0006730561845 2
0 0.715 0.335 0.0006422837566 2
0 0.715 0.345 0.000599777009 2
0 0.715 0.355 0.0005442933974 2
0 0.715 0.365 0.0004735533131 2
0 0.715 0.375 0.0003893308328 2
0 0.715 0.385 0.0002824651679 2
0 0.715 0.395 0.0001798835812 2
0 0.715 0.405 0 2
0 0.715 0.415 0 2
0 0.715 0.425 0 2
0 0.715 0.435 0 2
0 0.715 0.445 0 2
0 0.715 0.455 0 2
0 0.715 0.465 0 2
0 0.725 -0.455 0 2
0 0.725 -0.445 0 2
0 0.725 -0.435 0 2
0 0.725 -0.425 0 2
0 0.725 -0.415 0 2
0 0.725 -0.405 0 2
0 0.725 -0.395 -0.0001888138396 2
0 0.725 -0.385 -0.0002958940629 2
0 0.725 -0.375 -0.0004065689079 2
0 0.725 -0.365 -0.0004925667116 2
0 0.725 -0.355 -0.0005630448036 2
0 0.725 -0.345 -0.0006155435556 2
0 0.725 -0.335 -0.0006517766265 2
0 0.725 -0.325 -0.0006729497796 2
0 0.725 -0.315 -0.0006817329079 2
0 0.725 -0.305 -0.0006816246261 2
0 0.725 -0.295 -0.0006763328537 2
0 0.725 -0.285 -0.0006688398879 2
0 0.725 -0.275 -0.0006609279994 2
0 0.725 -0.265 -0.0006530934403 2
0 0.725 -0.255 -0.0006448100206 2
0 0.725 -0.245 -0.0006348056605 2
0 0.725 -0.235 -0.00062138522 2
0 0.725 -0.225 -0.0006027452713 2
0 0.725 -0.215 -0.0005772974839 2
0 0.725 -0.205 -0.0005447450426 2
0 0.725 -0.195 -0.0005066935831 2
0 0.725 -0.185 -0.0004658573661 2
0 0.725 -0.175 -0.0004252891159 2
0 0.725 -0.165 -0.0003876495629 2
0 0.725 -0.155 -0.0003542434214 2
0 0.725 -0.145 -0.00032445356 2
0 0.725 -0.135 -0.0002967368225 2
0 0.725 -0.125 -0.0002700450015 2
0 0.725 -0.115 -0.0002441252368 2
0 0.725 -0.105 -0.0002190043787 2
0 0.725 -0.095 -0.0001944362384 2
0 0.725 -0.085 -0.0001698632912 2
0 0.725 -0.075 -0.0001446624132 2
0 0.725 -0.065 -0.0001182930721 2
0 0.725 -0.055 -9.040033008e-05 2
0 0.725 -0.045 -6.081759785e-05 2
0 0.725 -0.035 -2.956176814e-05 2
0 0.725 -0.025 3.173141819e-06 2
0 0.725 -0.015 3.702628821e-05 2
0 0.725 -0.005 7.151688307e-05 2
0 0.725 0.005 0.0001061249735 2
0 0.725 0.015 0.0001404077634 2
0 0.725 0.025 0.0001740407698 2
0 0.725 0.035 0.0002070036762 2
0 0.725 0.045 0.0002389963364 2
0 0.725 0.055 0.0002706568559 2
0 0.725 0.065 0.0002977720456 2
0 0.725 0.075 0.0003179854103 1
0 0.725 0.085 0.0003340164418 1
0 0.725 0.095 0.0003477574856 1
0 0.725 0.105 0.0003604007362 1
0 0.725 0.115 0.0003715759501 1
0 0.725 0.125 0.0003827681702 1
0 0.725 0.135 0.0003983801012 2
0 0.725 0.145 0.0004173359486 2
0 0.725 0.155 0.0004380588848 2
0 0.725 0.165 0.0004593129785 2
0 0.725 0.175 0.0004816454316 2
0 0.725 0.185 0.0005049689998 2
0 0.725 0.195 0.0005286554893 2
0 0.725 0.205 0.0005522018518 2
0 0.725 0.215 0.0005752527292 2
0 0.725 0.225 0.0005975209024 2
0 0.725 0.235 0.0006187392579 2
0 0.725 0.245 0.0006386124811 2
0 0.725 0.255 0.0006567706114 2
0 0.725 0.265 0.0006727403105 2
0 0.725 0.275 0.0006859177817 2
0 0.725 0.285 0.0006955464804 2
0 0.725 0.295 0.0007006967581 2
0 0.725 0.305 0.0007002453945 2
0 0.725 0.315 0.000692867027 2
0 0.725 0.325 0.0006770106598 2
0 0.725 0.335 0.0006509679919 2
0 0.725 0.345 0.00061274128 2
0 0.725 0.355 0.0005606711839 2
0 0.725 0.365 0.0004919184393 2
0 0.725 0.375 0.0004078458078 2
0 0.725 0.385 0.000298298654 2
0 0.725 0.395 0.000191402728 2
0 0.725 0.405 0 2
0 0.725 0.415 0 2
0 0.725 0.425 0 2
0 0.725 0.435 0 2
0 0.725 0.445 0 2
0 0.725 0.455 0 2
0 0.725 0.465 0 2
0 0.735 -0.455 0 2
0 0.735 -0.445 0 2
0 0.735 -0.435 0 2
0 0.735 -0.425 0 2
0 0.735 -0.415 0 2
0 0.735 -0.405 0 2
0 0.735 -0.395 -0.0001978042265 2
0 0.735 -0.385 -0.0003072885393 2
0 0.735 -0.375 -0.0004185071157 2
0 0.735 -0.365 -0.0005026226196 2
0 0.735 -0.355 -0.0005697648766 2
0 0.735 -0.345 -0.0006176723911 2
0 0.735 -0.335 -0.0006478387764 2
0 0.735 -0.325 -0.0006612522853 2
0 0.735 -0.315 -0.0006610160161 2
0 0.735 -0.305 -0.0006519429449 2
0 0.735 -0.295 -0.0006391480264 2
0 0.735 -0.285 -0.0006263327385 2
0 0.735 -0.275 -0.0006152732733 2
0 0.735 -0.265 -0.0006060169437 2
0 0.735 -0.255 -0.0005975484005 2
0 0.735 -0.245 -0.0005879265076 2
0 0.735 -0.235 -0.0005748983184 2
0 0.735 -0.225 -0.0005576294942 2
0 0.735 -0.215 -0.0005336081524 2
0 0.735 -0.205 -0.0005004239024 2
0 0.735 -0.195 -0.0004604117455 2
0 0.735 -0.185 -0.0004180613538 2
0 0.735 -0.175 -0.0003776381728 2
0 0.735 -0.165 -0.0003424317142 2
0 0.735 -0.155 -0.000314589887 2
0 0.735 -0.145 -0.0002902375293 2
0 0.735 -0.135 -0.0002653622225 2
0 0.735 -0.125 -0.0002409762251 2
0 0.735 -0.115 -0.0002174886904 2
0 0.735 -0.105 -0.0001953737741 2
0 0.735 -0.095 -0.0001744497857 2
0 0.735 -0.085 -0.0001538307589 2
0 0.735 -0.075 -0.0001326074537 2
0 0.735 -0.065 -0.0001100499395 2
0 0.735 -0.055 -8.571979037e-05 2
0 0.735 -0.045 -5.940342996e-05 2
0 0.735 -0.035 -3.108059257e-05 2
0 0.735 -0.025 -9.345593851e-07 2
0 0.735 -0.015 3.061815981e-05 2
0 0.735 -0.005 6.296381131e-05 2
0 0.735 0.005 9.539964839e-05 2
0 0.735 0.015 0.0001272834082 2
0 0.735 0.025 0.0001581277661 2
0 0.735 0.035 0.0001877258081 2
0 0.735 0.045 0.0002158652082 2
0 0.735 0.055 0.00024238215 2
0 0.735 0.065 0.0002668474525 2
0 0.735 0.075 0.0002886400431 2
0 0.735 0.085 0.0003056737252 1
0 0.735 0.095 0.0003173704596 1
0 0.735 0.105 0.0003271852981 1
0 0.735 0.115 0.0003398504364 2
0 0.735 0.125 0.0003559223989 2
0 0.735 0.135 0.0003739723591 2
0 0.735 0.145 0.0003912676004 2
0 0.735 0.155 0.0004087725684 2
0 0.735 0.165 0.0004273962026 2
0 0.735 0.175 0.0004477432945 2
0 0.735 0.185 0.0004692566007 2
0 0.735 0.195 0.0004915766931 2
0 0.735 0.205 0.0005142941691 2
0 0.735 0.215 0.0005370618987 2
0 0.735 0.225 0.0005595753673 2
0 0.735 0.235 0.000581549242 2
0 0.735 0.245 0.0006026756709 2
0 0.735 0.255 0.0006225869555 2
0 0.735 0.265 0.0006408232795 2
0 0.735 0.275 0.0006568020148 2
0 0.735 0.285 0.0006697882698 2
0 0.735 0.295 0.0006788651724 2
0 0.735 0.305 0.0006829005514 2
0 0.735 0.315 0.0006805211822 2
0 0.735 0.325 0.0006700663618 2
0 0.735 0.335 0.0006496294393 2
0 0.735 0.345 0.000616889933 2
0 0.735 0.355 0.0005697344541 2
0 0.735 0.365 0.0005046765641 2
0 0.735 0.375 0.0004224888504 2
0 0.735 0.385 0.0003118841503 2
0 0.735 0.395 0.0002018625995 2
0 0.735 0.405 0 2
0 0.735 0.415 0 2
0 0.735 0.425 0 2
0 0.735 0.435 0 2
0 0.735 0.445 0 2
0 0.735 0.455 0 2
0 0.735 0.465 0 2
0 0.745 -0.455 0 2
0 0.745 -0.445 0 2
0 0.745 -0.435 0 2
0 0.745 -0.425 0 2
0 0.745 -0.415 0 2
0 0.745 -0.405 0 2
0 0.745 -0.395 -0.00020457494 2
0 0.745 -0.385 -0.0003142047321 2
0 0.745 -0.375 -0.000423130178 2
0 0.745 -0.365 -0.000502682858 2
0 0.745 -0.355 -0.0005642467394 2
0 0.745 -0.345 -0.000605889506 2
0 0.745 -0.335 -0.0006287266261 2
0 0.745 -0.325 -0.0006335083658 2
0 0.745 -0.315 -0.0006238918908 2
0 0.745 -0.305 -0.0006060625645 2
0 0.745 -0.295 -0.0005861870681 2
0 0.745 -0.285 -0.0005684285979 2
0 0.745 -0.275 -0.0005546924958 2
0 0.745 -0.265 -0.0005447673701 2
0 0.745 -0.255 -0.0005368774874 2
0 0.745 -0.245 -0.0005276895132 2
0 0.745 -0.235 -0.0005153359227 2
0 0.745 -0.225 -0.000496523432 2
0 0.745 -0.215 -0.0004692619978 2
0 0.745 -0.205 -0.0004348501518 2
0 0.745 -0.195 -0.0003997573802 2
0 0.745 -0.185 -0.0003684380624 2
0 0.745 -0.175 -0.0003358937101 2
0 0.745 -0.165 -0.0003037362599 2
0 0.745 -0.155 -0.0002777382006 2
0 0.745 -0.145 -0.0002565071054 2
0 0.745 -0.135 -0.0002346906522 2
0 0.745 -0.125 -0.0002110226967 2
0 0.745 -0.115 -0.0001892304167 2
0 0.745 -0.105 -0.000170268741 2
0 0.745 -0.095 -0.0001535622811 2
0 0.745 -0.085 -0.0001373902473 2
0 0.745 -0.075 -0.0001204112156 2
0 0.745 -0.065 -0.000101781483 2
0 0.745 -0.055 -8.112747894e-05 2
0 0.745 -0.045 -5.822530189e-05 2
0 0.745 -0.035 -3.299227863e-05 2
0 0.745 -0.025 -5.557235331e-06 2
0 0.745 -0.015 2.361316462e-05 2
0 0.745 -0.005 5.37173519e-05 2
0 0.745 0.005 8.378499361e-05 2
0 0.745 0.015 0.0001128850248 2
0 0.745 0.025 0.0001403076828 2
0 0.745 0.035 0.000165694825 2
0 0.745 0.045 0.0001889250367 2
0 0.745 0.055 0.0002095908075 2
0 0.745 0.065 0.0002284950201 2
0 0.745 0.075 0.0002466555748 2
0 0.745 0.085 0.0002647657166 2
0 0.745 0.095 0.0002815478576 2
0 0.745 0.105 0.0002967301104 2
0 0.745 0.115 0.0003120791772 2
0 0.745 0.125 0.000327701736 2
0 0.745 0.135 0.0003430302271 2
0 0.745 0.145 0.0003574235933 2
0 0.745 0.155 0.000372322484 2
0 0.745 0.165 0.000389089327 2
0 0.745 0.175 0.0004072386741 2
0 0.745 0.185 0.000426733538 2
0 0.745 0.195 0.0004473152181 2
0 0.745 0.205 0.0004686753428 2
0 0.745 0.215 0.0004905156498 2
0 0.745 0.225 0.0005125584815 2
0 0.745 0.235 0.0005345319978 2
0 0.745 0.245 0.0005561436912 2
0 0.745 0.255 0.0005770511155 2
0 0.745 0.265 0.0005968313699 2
0 0.745 0.275 0.0006149497873 2
0 0.745 0.285 0.0006307264945 2
0 0.745 0.295 0.00064329986 2
0 0.745 0.305 0.0006515823 2
0 0.745 0.315 0.0006542176759 2
0 0.745 0.325 0.0006495101366 2
0 0.745 0.335 0.0006354293097 2
0 0.745 0.345 0.0006093932352 2
0 0.745 0.355 0.0005688417617 2
0 0.745 0.365 0.0005095775875 2
0 0.745 0.375 0.0004315574614 2
0 0.745 0.385 0.0003221620018 2
0 0.745 0.395 0.0002107306568 2
0 0.745 0.405 0 2
0 0.745 0.415 0 2
0 0.745 0.425 0 2
0 0.745 0.435 0 2
0 0.745 0.445 0 2
0 0.745 0.455 0 2
0 0.745 0.465 0 2
0 0.755 -0.455 0 2
0 0.755 -0.445 0 2
0 0.755 -0.435 0 2
0 0.755 -0.425 0 2
0 0.755 -0.415 0 2
0 0.755 -0.405 0 2
0 0.755 -0.395 -0.0002081637891 2
0 0.755 -0.385 -0.0003148070842 2
0 0.755 -0.375 -0.0004175121683 2
0 0.755 -0.365 -0.0004887361878 2
0 0.755 -0.355 -0.0005415979186 2
0 0.755 -0.345 -0.0005760097439 2
0 0.755 -0.335 -0.0005922144247 2
0 0.755 -0.325 -0.0005878475952 2
0 0.755 -0.315 -0.0005654200921 2
0 0.755 -0.305 -0.0005359004312 2
0 0.755 -0.295 -0.0005110041635 2
0 0.755 -0.285 -0.000493315788 2
0 0.755 -0.275 -0.0004808310715 2
0 0.755 -0.265 -0.0004706280895 2
0 0.755 -0.255 -0.0004634506179 2
0 0.755 -0.245 -0.0004559702064 2
0 0.755 -0.235 -0.0004421348078 2
0 0.755 -0.225 -0.0004159939875 2
0 0.755 -0.215 -0.0003817852035 2
0 0.755 -0.205 -0.0003506755688 1
0 0.755 -0.195 -0.0003311527261 1
0 0.755 -0.185 -0.0003164330082 1
0 0.755 -0.175 -0.0002987987067 1
0 0.755 -0.165 -0.000276153137 2
0 0.755 -0.155 -0.0002499513766 2
0 0.755 -0.145 -0.0002280715384 2
0 0.755 -0.135 -0.0002060226598 2
0 0.755 -0.125 -0.0001812271258 2
0 0.755 -0.115 -0.0001604297451 2
0 0.755 -0.105 -0.0001447563844 2
0 0.755 -0.095 -0.0001325826856 2
0 0.755 -0.085 -0.0001209837961 2
0 0.755 -0.075 -0.0001081546636 2
0 0.755 -0.065 -9.328785702e-05 2
0 0.755 -0.055 -7.625996349e-05 2
0 0.755 -0.045 -5.686795774e-05 2
0 0.755 -0.035 -3.489523516e-05 2
0 0.755 -0.025 -1.032133424e-05 2
0 0.755 -0.015 1.636761422e-05 2
0 0.755 -0.005 4.413180124e-05 2
0 0.755 0.005 7.168345508e-05 2
0 0.755 0.015 9.77555397e-05 2
0 0.755 0.025 0.0001213915856 2
0 0.755 0.035 0.0001422646157 2
0 0.755 0.045 0.0001606052499 2
0 0.755 0.055 0.0001769125579 2
0 0.755 0.065 0.0001912281755 2
0 0.755 0.075 0.0002053076599 2
0 0.755 0.085 0.0002217314055 2
0 0.755 0.095 0.0002412272515 2
0 0.755 0.105 0.0002605726767 2
0 0.755 0.115 0.000276349819 2
0 0.755 0.125 0.0002892321893 2
0 0.755 0.135 0.0003015240253 2
0 0.755 0.145 0.0003149085133 2
0 0.755 0.155 0.0003287136138 2
0 0.755 0.165 0.000343458867 2
0 0.755 0.175 0.0003594491142 2
0 0.755 0.185 0.0003767617909 2
0 0.755 0.195 0.0003952619155 2
0 0.755 0.205 0.0004147564171 2
0 0.755 0.215 0.0004350276082 2
0 0.755 0.225 0.0004558509878 2
0 0.755 0.235 0.0004769948365 2
0 0.755 0.245 0.0004982062413 2
0 0.755 0.255 0.0005191900046 2
0 0.755 0.265 0.000539583122 2
0 0.755 0.275 0.000558925753 2
0 0.755 0.285 0.0005766274507 2
0 0.755 0.295 0.0005919276301 2
0 0.755 0.305 0.0006038447753 2
0 0.755 0.315 0.0006111208121 2
0 0.755 0.325 0.0006121285946 2
0 0.755 0.335 0.0006048362287 2
0 0.755 0.345 0.0005865351227 2
0 0.755 0.355 0.000554309474 2
0 0.755 0.365 0.0005032675591 2
0 0.755 0.375 0.0004323170145 2
0 0.755 0.385 0.0003272662647 2
0 0.755 0.395 0.0002169520415 2
0 0.755 0.405 0 2
0 0.755 0.415 0 2
0 0.755 0.425 0 2
0 0.755 0.435 0 2
0 0.755 0.445 0 2
0 0.755 0.455 0 2
0 0.755 0.465 0 2
0 0.765 -0.455 0 2
0 0.765 -0.445 0 2
0 0.765 -0.435 0 2
0 0.765 -0.425 0 2
0 0.765 -0.415 0 2
0 0.765 -0.405 0 2
0 0.765 -0.395 -0.0002079429222 2
0 0.765 -0.385 -0.0003073963823 2
0 0.765 -0.375 -0.0003985202968 2
0 0.765 -0.365 -0.0004563191444 2
0 0.765 -0.355 -0.0004970413566 2
0 0.765 -0.345 -0.0005196615834 2
0 0.765 -0.335 -0.0005232291419 2
0 0.765 -0.325 -0.0005081236969 2
0 0.765 -0.315 -0.0004831259011 2
0 0.765 -0.305 -0.0004569931623 2
0 0.765 -0.295 -0.0004308985479 2
0 0.765 -0.285 -0.0004079306434 2
0 0.765 -0.275 -0.0003914558547 2
0 0.765 -0.265 -0.0003836546893 2
0 0.765 -0.255 -0.0003816236558 2
0 0.765 -0.245 -0.0003747497797 2
0 0.765 -0.235 -0.0003559831266 2
0 0.765 -0.225 -0.0003266464616 2
0 0.765 -0.215 -0.0003001826901 1
0 0.765 -0.205 -0.0002838026069 1
0 0.765 -0.195 -0.000272218839 1
0 0.765 -0.185 -0.0002618410207 1
0 0.765 -0.175 -0.0002517905633 1
0 0.765 -0.165 -0.0002400624201 1
0 0.765 -0.155 -0.0002248487723 2
0 0.765 -0.145 -0.0002018387163 2
0 0.765 -0.135 -0.000173219381 2
0 0.765 -0.125 -0.0001447917039 2
0 0.765 -0.115 -0.000125200565 2
0 0.765 -0.105 -0.000116559787 2
0 0.765 -0.095 -0.0001119483303 2
0 0.765 -0.085 -0.0001046401576 2
0 0.765 -0.075 -9.538705328e-05 2
0 0.765 -0.065 -8.386143633e-05 2
0 0.765 -0.055 -7.040018848e-05 2
0 0.765 -0.045 -5.490023009e-05 2
0 0.765 -0.035 -3.670147029e-05 2
0 0.765 -0.025 -1.531230908e-05 2
0 0.765 -0.015 8.892720547e-06 2
0 0.765 -0.005 3.449752697e-05 2
0 0.765 0.005 5.973680927e-05 2
0 0.765 0.015 8.283501763e-05 2
0 0.765 0.025 0.0001024360957 2
0 0.765 0.035 0.0001184349063 2
0 0.765 0.045 0.0001318187798 2
0 0.765 0.055 0.0001439292419 2
0 0.765 0.065 0.0001558241701 2
0 0.765 0.075 0.000168623692 2
0 0.765 0.085 0.0001829212842 2
0 0.765 0.095 0.0001984747043 2
0 0.765 0.105 0.0002141248674 2
0 0.765 0.115 0.0002287717908 2
0 0.765 0.125 0.0002420307066 2
0 0.765 0.135 0.0002541874387 2
0 0.765 0.145 0.0002659032633 2
0 0.765 0.155 0.0002778073648 2
0 0.765 0.165 0.0002904560901 2
0 0.765 0.175 0.000304134599 2
0 0.765 0.185 0.0003189881724 2
0 0.765 0.195 0.0003350003186 2
0 0.765 0.205 0.0003520847561 2
0 0.765 0.215 0.0003701040759 2
0 0.765 0.225 0.000388898329 2
0 0.765 0.235 0.0004082912042 2
0 0.765 0.245 0.0004280853134 2
0 0.765 0.255 0.0004480489739 2
0 0.765 0.265 0.0004678970436 2
0 0.765 0.275 0.0004872665815 2
0 0.765 0.285 0.0005056863862 2
0 0.765 0.295 0.0005225392377 2
0 0.765 0.305 0.0005370108945 2
0 0.765 0.315 0.0005480293386 2
0 0.765 0.325 0.0005541615802 2
0 0.765 0.335 0.0005535439765 2
0 0.765 0.345 0.0005435705072 2
0 0.765 0.355 0.0005212062121 2
0 0.765 0.365 0.0004811422441 2
0 0.765 0.375 0.0004210852217 2
0 0.765 0.385 0.0003249568931 2
0 0.765 0.395 0.0002195404059 2
0 0.765 0.405 0 2
0 0.765 0.415 0 2
0 0.765 0.425 0 2
0 0.765 0.435 0 2
0 0.765 0.445 0 2
0 0.765 0.455 0 2
0 0.765 0.465 0 2
0 0.775 -0.455 0 2
0 0.775 -0.445 0 2
0 0.775 -0.435 0 2
0 0.775 -0.425 0 2
0 0.775 -0.415 0 2
0 0.775 -0.405 0 2
0 0.775 -0.395 -0.0002008565413 2
0 0.775 -0.385 -0.0002876626182 2
0 0.775 -0.375 -0.000361215404 2
0 0.775 -0.365 -0.0004005651737 2
0 0.775 -0.355 -0.0004239261433 2
0 0.775 -0.345 -0.0004311611887 2
0 0.775 -0.335 -0.0004204770868 2
0 0.775 -0.325 -0.0003979267732 1
0 0.775 -0.315 -0.0003795206439 1
0 0.775 -0.305 -0.0003660292532 1
0 0.775 -0.295 -0.000350671944 2
0 0.775 -0.285 -0.0003266584605 2
0 0.775 -0.275 -0.0003029978925 2
0 0.775 -0.265 -0.0002912600689 2
0 0.775 -0.255 -0.0002899056792 2
0 0.775 -0.245 -0.0002854264972 2
0 0.775 -0.235 -0.0002683885462 2
0 0.775 -0.225 -0.0002501578667 1
0 0.775 -0.215 -0.0002360398722 1
0 0.775 -0.205 -0.0002252769394 1
0 0.775 -0.195 -0.000214008851 1
0 0.775 -0.185 -0.0002025725143 1
0 0.775 -0.175 -0.0001931151971 1
0 0.775 -0.165 -0.0001854067923 1
0 0.775 -0.155 -0.0001785904307 2
0 0.775 -0.145 -0.0001626392376 2
0 0.775 -0.135 -0.0001393048764 2
0 0.775 -0.125 -0.0001151530933 2
0 0.775 -0.115 -9.858675193e-05 2
0 0.775 -0.105 -9.476707071e-05 2
0 0.775 -0.095 -9.402240702e-05 2
0 0.775 -0.085 -8.868368249e-05 2
0 0.775 -0.075 -8.157548299e-05 2
0 0.775 -0.065 -7.267546918e-05 2
0 0.775 -0.055 -6.233943339e-05 2
0 0.775 -0.045 -5.049889173e-05 2
0 0.775 -0.035 -3.606502232e-05 2
0 0.775 -0.025 -1.81723285e-05 2
0 0.775 -0.015 2.872176943e-06 2
0 0.775 -0.005 2.539338704e-05 2
0 0.775 0.005 4.751837276e-05 2
0 0.775 0.015 6.716037747e-05 2
0 0.775 0.025 8.243852885e-05 2
0 0.775 0.035 9.347163357e-05 2
0 0.775 0.045 0.0001021188738 2
0 0.775 0.055 0.0001104432638 2
0 0.775 0.065 0.0001193891251 2
0 0.775 0.075 0.0001296279499 2
0 0.775 0.085 0.0001413140284 2
0 0.775 0.095 0.0001541683748 2
0 0.775 0.105 0.0001672409576 2
0 0.775 0.115 0.0001795584672 2
0 0.775 0.125 0.0001907160081 2
0 0.775 0.135 0.0002009050892 2
0 0.775 0.145 0.0002106541289 2
0 0.775 0.155 0.0002204582407 2
0 0.775 0.165 0.000230750948 2
0 0.775 0.175 0.0002418185054 2
0 0.775 0.185 0.0002538518219 2
0 0.775 0.195 0.0002669203524 2
0 0.775 0.205 0.0002810107767 2
0 0.775 0.215 0.0002960550376 2
0 0.775 0.225 0.000311955195 2
0 0.775 0.235 0.0003285933836 2
0 0.775 0.245 0.0003458333064 2
0 0.775 0.255 0.0003635136552 2
0 0.775 0.265 0.0003814354209 2
0 0.775 0.275 0.0003993437799 2
0 0.775 0.285 0.0004169038953 2
0 0.775 0.295 0.0004336695418 2
0 0.775 0.305 0.0004490389596 2
0 0.775 0.315 0.0004621992881 2
0 0.775 0.325 0.0004720289245 2
0 0.775 0.335 0.0004770133238 2
0 0.775 0.345 0.0004749319705 2
0 0.775 0.355 0.000463001298 2
0 0.775 0.365 0.0004360915025 2
0 0.775 0.375 0.0003908524076 2
0 0.775 0.385 0.0003094326555 2
0 0.775 0.395 0.0002146035156 2
0 0.775 0.405 0 2
0 0.775 0.415 0 2
0 0.775 0.425 0 2
0 0.775 0.435 0 2
0 0.775 0.445 0 2
0 0.775 0.455 0 2
0 0.775 0.465 0 2
0 0.785 -0.455 0 2
0 0.785 -0.445 0 2
0 0.785 -0.435 0 2
0 0.785 -0.425 0 2
0 0.785 -0.415 0 2
0 0.785 -0.405 0 2
0 0.785 -0.395 -0.000186139414 2
0 0.785 -0.385 -0.0002510000612 2
0 0.785 -0.375 -0.0002977300317 2
0 0.785 -0.365 -0.0003156447523 2
0 0.785 -0.355 -0.0003207014237 2
0 0.785 -0.345 -0.0003174595166 2
0 0.785 -0.335 -0.0003064816718 1
0 0.785 -0.325 -0.0002872068408 1
0 0.785 -0.315 -0.0002678004116 1
0 0.785 -0.305 -0.0002541834883 1
0 0.785 -0.295 -0.0002440326359 1
0 0.785 -0.285 -0.0002347807618 1
0 0.785 -0.275 -0.0002213759128 2
0 0.785 -0.265 -0.0002051579688 2
0 0.785 -0.255 -0.00019677415 2
0 0.785 -0.245 -0.0001923688948 2
0 0.785 -0.235 -0.0001866803234 1
0 0.785 -0.225 -0.0001770603119 1
0 0.785 -0.215 -0.000167993517 1
0 0.785 -0.205 -0.000158014915 1
0 0.785 -0.195 -0.0001479674951 1
0 0.785 -0.185 -0.0001388508461 1
0 0.785 -0.175 -0.0001278427586 1
0 0.785 -0.165 -0.0001173757619 1
0 0.785 -0.155 -0.0001113658605 1
0 0.785 -0.145 -0.0001086262107 1
0 0.785 -0.135 -0.0001043029119 1
0 0.785 -0.125 -9.450995818e-05 1
0 0.785 -0.115 -8.42774357e-05 2
0 0.785 -0.105 -7.639288174e-05 2
0 0.785 -0.095 -7.364289466e-05 2
0 0.785 -0.085 -7.039625386e-05 2
0 0.785 -0.075 -6.371231268e-05 2
0 0.785 -0.065 -5.625531943e-05 2
0 0.785 -0.055 -4.841805673e-05 2
0 0.785 -0.045 -4.292653883e-05 2
0 0.785 -0.035 -3.633164967e-05 2
0 0.785 -0.025 -2.311386306e-05 2
0 0.785 -0.015 -3.725807391e-06 2
0 0.785 -0.005 1.618672509e-05 2
0 0.785 0.005 3.581286702e-05 2
0 0.785 0.015 5.394006254e-05 2
0 0.785 0.025 6.468841364e-05 2
0 0.785 0.035 6.797392416e-05 2
0 0.785 0.045 7.012437774e-05 2
0 0.785 0.055 7.528999822e-05 2
0 0.785 0.065 8.160615112e-05 2
0 0.785 0.075 8.916280941e-05 2
0 0.785 0.085 9.772302296e-05 2
0 0.785 0.095 0.0001070211095 2
0 0.785 0.105 0.0001164980725 2
0 0.785 0.115 0.0001255845409 2
0 0.785 0.125 0.0001339599655 2
0 0.785 0.135 0.0001416360746 2
0 0.785 0.145 0.0001488733335 2
0 0.785 0.155 0.0001560246291 2
0 0.785 0.165 0.0001634460431 2
0 0.785 0.175 0.0001714137678 2
0 0.785 0.185 0.0001801116937 2
0 0.785 0.195 0.0001896326863 2
0 0.785 0.205 0.000200002715 2
0 0.785 0.215 0.0002112006068 2
0 0.785 0.225 0.0002231773045 2
0 0.785 0.235 0.0002358667163 2
0 0.785 0.245 0.0002491902049 2
0 0.785 0.255 0.0002630546195 2
0 0.785 0.265 0.0002773453484 2
0 0.785 0.275 0.0002919149917 2
0 0.785 0.285 0.0003065673556 2
0 0.785 0.295 0.0003210361233 2
0 0.785 0.305 0.0003349539403 2
0 0.785 0.315 0.0003478126454 2
0 0.785 0.325 0.0003588901735 2
0 0.785 0.335 0.0003671822252 2
0 0.785 0.345 0.000371151136 2
0 0.785 0.355 0.000368763725 2
0 0.785 0.365 0.0003560654956 2
0 0.785 0.375 0.000329666328 2
0 0.785 0.385 0.0002737057276 2
0 0.785 0.395 0.0002002333142 2
0 0.785 0.405 0 2
0 0.785 0.415 0 2
0 0.785 0.425 0 2
0 0.785 0.435 0 2
0 0.785 0.445 0 2
0 0.785 0.455 0 2
0 0.785 0.465 0 2
0 0.795 -0.455 0 2
0 0.795 -0.445 0 2
0 0.795 -0.435 0 2
0 0.795 -0.425 0 2
0 0.795 -0.415 0 2
0 0.795 -0.405 0 2
0 0.795 -0.395 -0.000150121498 2
0 0.795 -0.385 -0.0001864127595 2
0 0.795 -0.375 -0.0002053830312 2
0 0.795 -0.365 -0.000207157742 2
0 0.795 -0.355 -0.0002031174424 2
0 0.795 -0.345 -0.0001984195151 2
0 0.795 -0.335 -0.0001914810024 1
0 0.795 -0.325 -0.0001747773491 1
0 0.795 -0.315 -0.0001568123788 1
0 0.795 -0.305 -0.0001445682376 1
0 0.795 -0.295 -0.0001367108466 1
0 0.795 -0.285 -0.0001326504966 1
0 0.795 -0.275 -0.0001282021299 1
0 0.795 -0.265 -0.0001223548135 2
0 0.795 -0.255 -0.0001151024206 2
0 0.795 -0.245 -0.0001133960544 2
0 0.795 -0.235 -0.000111044214 1
0 0.795 -0.225 -0.0001032704901 1
0 0.795 -0.215 -9.791917913e-05 1
0 0.795 -0.205 -9.110044093e-05 1
0 0.795 -0.195 -8.435758277e-05 1
0 0.795 -0.185 -7.706653392e-05 1
0 0.795 -0.175 -6.834953177e-05 1
0 0.795 -0.165 -6.143852087e-05 1
0 0.795 -0.155 -6.007854776e-05 1
0 0.795 -0.145 -6.329543938e-05 1
0 0.795 -0.135 -6.597188089e-05 1
0 0.795 -0.125 -6.35736828e-05 1
0 0.795 -0.115 -6.001581636e-05 2
0 0.795 -0.105 -5.336743781e-05 2
0 0.795 -0.095 -5.073218299e-05 2
0 0.795 -0.085 -4.824637141e-05 2
0 0.795 -0.075 -4.211930676e-05 2
0 0.795 -0.065 -3.80307621e-05 2
0 0.795 -0.055 -3.413187929e-05 2
0 0.795 -0.045 -2.882892102e-05 2
0 0.795 -0.035 -2.154583429e-05 2
0 0.795 -0.025 -1.155523898e-05 2
0 0.795 -0.015 -9.986654606e-07 2
0 0.795 -0.005 8.490857695e-06 2
0 0.795 0.005 1.956911897e-05 2
0 0.795 0.015 3.157209313e-05 2
0 0.795 0.025 3.811535571e-05 2
0 0.795 0.035 3.778312395e-05 2
0 0.795 0.045 3.793167253e-05 2
0 0.795 0.055 4.147084356e-05 2
0 0.795 0.065 4.556410285e-05 2
0 0.795 0.075 5.032309386e-05 2
0 0.795 0.085 5.562308355e-05 2
0 0.795 0.095 6.133016378e-05 2
0 0.795 0.105 6.71327183e-05 2
0 0.795 0.115 7.269944531e-05 2
0 0.795 0.125 7.782277179e-05 2
0 0.795 0.135 8.248611414e-05 2
0 0.795 0.145 8.68335583e-05 2
0 0.795 0.155 9.108610629e-05 2
0 0.795 0.165 9.547536152e-05 2
0 0.795 0.175 0.0001001918442 2
0 0.795 0.185 0.0001053703765 2
0 0.795 0.195 0.0001110887984 2
0 0.795 0.205 0.0001173800386 2
0 0.795 0.215 0.0001242450641 2
0 0.795 0.225 0.0001316658628 2
0 0.795 0.235 0.0001396140661 2
0 0.795 0.245 0.0001480553895 2
0 0.795 0.255 0.0001569500114 2
0 0.795 0.265 0.0001662497803 2
0 0.795 0.275 0.0001758927651 2
0 0.795 0.285 0.0001857951638 2
0 0.795 0.295 0.0001958404354 2
0 0.795 0.305 0.000205863219 2
0 0.795 0.315 0.0002156290059 2
0 0.795 0.325 0.0002247941623 2
0 0.795 0.335 0.0002328708035 2
0 0.795 0.345 0.0002390780308 2
0 0.795 0.355 0.0002423552414 2
0 0.795 0.365 0.0002404969293 2
0 0.795 0.375 0.0002312254024 2
0 0.795 0.385 0.0002046510862 2
0 0.795 0.395 0.0001615515682 2
0 0.795 0.405 0 2
0 0.795 0.415 0 2
0 0.795 0.425 0 2
0 0.795 0.435 0 2
0 0.795 0.445 0 2
0 0.795 0.455 0 2
0 0.795 0.465 0 2
0 0.805 -0.455 0 2
0 0.805 -0.445 0 2
0 0.805 -0.435 0 2
0 0.805 -0.425 0 2
0 0.805 -0.415 0 2
0 0.805 -0.405 0 2
0 0.805 -0.395 0 2
0 0.805 -0.385 0 2
0 0.805 -0.375 0 2
0 0.805 -0.365 0 2
0 0.805 -0.355 0 2
0 0.805 -0.345 0 2
0 0.805 -0.335 0 1
0 0.805 -0.325 0 1
0 0.805 -0.315 0 1
0 0.805 -0.305 0 1
0 0.805 -0.295 0 1
0 0.805 -0.285 0 1
0 0.805 -0.275 0 1
0 0.805 -0.265 0 1
0 0.805 -0.255 0 2
0 0.805 -0.245 0 1
0 0.805 -0.235 0 1
0 0.805 -0.225 0 1
0 0.805 -0.215 0 1
0 0.805 -0.205 0 1
0 0.805 -0.195 0 1
0 0.805 -0.185 0 1
0 0.805 -0.175 0 1
0 0.805 -0.165 0 1
0 0.805 -0.155 0 1
0 0.805 -0.145 0 1
0 0.805 -0.135 0 1
0 0.805 -0.125 0 1
0 0.805 -0.115 0 1
0 0.805 -0.105 0 2
0 0.805 -0.095 0 2
0 0.805 -0.085 0 2
0 0.805 -0.075 0 2
0 0.805 -0.065 0 2
0 0.805 -0.055 0 2
0 0.805 -0.045 0 2
0 0.805 -0.035 0 2
0 0.805 -0.025 0 1
0 0.805 -0.015 0 1
0 0.805 -0.005 0 1
0 0.805 0.005 0 1
0 0.805 0.015 0 1
0 0.805 0.025 0 2
0 0.805 0.035 0 2
0 0.805 0.045 0 2
0 0.805 0.055 0 2
0 0.805 0.065 0 2
0 0.805 0.075 0 2
0 0.805 0.085 0 2
0 0.805 0.095 0 2
0 0.805 0.105 0 2
0 0.805 0.115 0 2
0 0.805 0.125 0 2
0 0.805 0.135 0 2
0 0.805 0.145 0 2
0 0.805 0.155 0 2
0 0.805 0.165 0 2
0 0.805 0.175 0 2
0 0.805 0.185 0 2
0 0.805 0.195 0 2
0 0.805 0.205 0 2
0 0.805 0.215 0 2
0 0.805 0.225 0 2
0 0.805 0.235 0 2
0 0.805 0.245 0 2
0 0.805 0.255 0 2
0 0.805 0.265 0 2
0 0.805 0.275 0 2
0 0.805 0.285 0 2
0 0.805 0.295 0 2
0 0.805 0.305 0 2
0 0.805 0.315 0 2
0 0.805 0.325 0 2
0 0.805 0.335 0 2
0 0.805 0.345 0 2
0 0.805 0.355 0 2
0 0.805 0.365 0 2
0 0.805 0.375 0 2
0 0.805 0.385 0 2
0 0.805 0.395 0 2
0 0.805 0.405 0 2
0 0.805 0.415 0 2
0 0.805 0.425 0 2
0 0.805 0.435 0 2
0 0.805 0.445 0 2
0 0.805 0.455 0 2
0 0.805 0.465 0 2
0 0.815 -0.455 0 2
0 0.815 -0.445 0 2
0 0.815 -0.435 0 2
0 0.815 -0.425 0 2
0 0.815 -0.415 0 2
0 0.815 -0.405 0 2
0 0.815 -0.395 0 2
0 0.815 -0.385 0 2
0 0.815 -0.375 0 2
0 0.815 -0.365 0 2
0 0.815 -0.355 0 2
0 0.815 -0.345 0 2
0 0.815 -0.335 0 1
0 0.815 -0.325 0 1
0 0.815 -0.315 0 1
0 0.815 -0.305 0 1
0 0.815 -0.295 0 1
0 0.815 -0.285 0 1
0 0.815 -0.275 0 1
0 0.815 -0.265 0 1
0 0.815 -0.255 0 2
0 0.815 -0.245 0 1
0 0.815 -0.235 0 1
0 0.815 -0.225 0 1
0 0.815 -0.215 0 1
0 0.815 -0.205 0 1
0 0.815 -0.195 0 1
0 0.815 -0.185 0 1
0 0.815 -0.175 0 1
0 0.815 -0.165 0 1
0 0.815 -0.155 0 1
0 0.815 -0.145 0 1
0 0.815 -0.135 0 1
0 0.815 -0.125 0 1
0 0.815 -0.115 0 1
0 0.815 -0.105 0 2
0 0.815 -0.095 0 2
0 0.815 -0.085 0 2
0 0.815 -0.075 0 2
0 0.815 -0.065 0 2
0 0.815 -0.055 0 2
0 0.815 -0.045 0 1
0 0.815 -0.035 0 1
0 0.815 -0.025 0 1
0 0.815 -0.015 0 1
0 0.815 -0.005 0 1
0 0.815 0.005 0 1
0 0.815 0.015 0 1
0 0.815 0.025 0 2
0 0.815 0.035 0 2
0 0.815 0.045 0 2
0 0.815 0.055 0 2
0 0.815 0.065 0 2
0 0.815 0.075 0 2
0 0.815 0.085 0 2
0 0.815 0.095 0 2
0 0.815 0.105 0 2
0 0.815 0.115 0 2
0 0.815 0.125 0 2
0 0.815 0.135 0 2
0 0.815 0.145 0 2
0 0.815 0.155 0 2
0 0.815 0.165 0 2
0 0.815 0.175 0 2
0 0.815 0.185 0 2
0 0.815 0.195 0 2
0 0.815 0.205 0 2
0 0.815 0.215 0 2
0 0.815 0.225 0 2
0 0.815 0.235 0 2
0 0.815 0.245 0 2
0 0.815 0.255 0 2
0 0.815 0.265 0 2
0 0.815 0.275 0 2
0 0.815 0.285 0 2
0 0.815 0.295 0 2
0 0.815 0.305 0 2
0 0.815 0.315 0 2
0 0.815 0.325 0 2
0 0.815 0.335 0 2
0 0.815 0.345 0 2
0 0.815 0.355 0 2
0 0.815 0.365 0 2
0 0.815 0.375 0 2
0 0.815 0.385 0 2
0 0.815 0.395 0 2
0 0.815 0.405 0 2
0 0.815 0.415 0 2
0 0.815 0.425 0 2
0 0.815 0.435 0 2
0 0.815 0.445 0 2
0 0.815 0.455 0 2
0 0.815 0.465 0 2
0 0.825 -0.455 0 2
0 0.825 -0.445 0 2
0 0.825 -0.435 0 2
0 0.825 -0.425 0 2
0 0.825 -0.415 0 2
0 0.825 -0.405 0 2
0 0.825 -0.395 0 2
0 0.825 -0.385 0 2
0 0.825 -0.375 0 2
0 0.825 -0.365 0 2
0 0.825 -0.355 0 2
0 0.825 -0.345 0 2
0 0.825 -0.335 0 1
0 0.825 -0.325 0 1
0 0.825 -0.315 0 1
0 0.825 -0.305 0 1
0 0.825 -0.295 0 1
0 0.825 -0.285 0 1
0 0.825 -0.275 0 1
0 0.825 -0.265 0 1
0 0.825 -0.255 0 1
0 0.825 -0.245 0 1
0 0.825 -0.235 0 1
0 0.825 -0.225 0 1
0 0.825 -0.215 0 1
0 0.825 -0.205 0 1
0 0.825 -0.195 0 1
0 0.825 -0.185 0 1
0 0.825 -0.175 0 1
0 0.825 -0.165 0 1
0 0.825 -0.155 0 1
0 0.825 -0.145 0 1
0 0.825 -0.135 0 1
0 0.825 -0.125 0 1
0 0.825 -0.115 0 1
0 0.825 -0.105 0 2
0 0.825 -0.095 0 2
0 0.825 -0.085 0 2
0 0.825 -0.075 0 2
0 0.825 -0.065 0 2
0 0.825 -0.055 0 1
0 0.825 -0.045 0 1
0 0.825 -0.035 0 1
0 0.825 -0.025 0 1
0 0.825 -0.015 0 1
0 0.825 -0.005 0 1
0 0.825 0.005 0 1
0 0.825 0.015 0 1
0 0.825 0.025 0 1
0 0.825 0.035 0 2
0 0.825 0.045 0 2
0 0.825 0.055 0 2
0 0.825 0.065 0 2
0 0.825 0.075 0 2
0 0.825 0.085 0 2
0 0.825 0.095 0 2
0 0.825 0.105 0 2
0 0.825 0.115 0 2
0 0.825 0.125 0 2
0 0.825 0.135 0 2
0 0.825 0.145 0 2
0 0.825 0.155 0 2
0 0.825 0.165 0 2
0 0.825 0.175 0 2
0 0.825 0.185 0 2
0 0.825 0.195 0 2
0 0.825 0.205 0 2
0 0.825 0.215 0 2
0 0.825 0.225 0 2
0 0.825 0.235 0 2
0 0.825 0.245 0 2
0 0.825 0.255 0 2
0 0.825 0.265 0 2
0 0.825 0.275 0 2
0 0.825 0.285 0 2
0 0.825 0.295 0 2
0 0.825 0.305 0 2
0 0.825 0.315 0 2
0 0.825 0.325 0 2
0 0.825 0.335 0 2
0 0.825 0.345 0 2
0 0.825 0.355 0 2
0 0.825 0.365 0 2
0 0.825 0.375 0 2
0 0.825 0.385 0 2
0 0.825 0.395 0 2
0 0.825 0.405 0 2
0 0.825 0.415 0 2
0 0.825 0.425 0 2
0 0.825 0.435 0 2
0 0.825 0.445 0 2
0 0.825 0.455 0 2
0 0.825 0.465 0 2
0 0.835 -0.455 0 2
0 0.835 -0.445 0 2
0 0.835 -0.435 0 2
0 0.835 -0.425 0 2
0 0.835 -0.415 0 2
0 0.835 -0.405 0 2
0 0.835 -0.395 0 2
0 0.835 -0.385 0 2
0 0.835 -0.375 0 2
0 0.835 -0.365 0 2
0 0.835 -0.355 0 2
0 0.835 -0.345 0 2
0 0.835 -0.335 0 2
0 0.835 -0.325 0 1
0 0.835 -0.315 0 1
0 0.835 -0.305 0 1
0 0.835 -0.295 0 1
0 0.835 -0.285 0 1
0 0.835 -0.275 0 1
0 0.835 -0.265 0 1
0 0.835 -0.255 0 1
0 0.835 -0.245 0 1
0 0.835 -0.235 0 1
0 0.835 -0.225 0 1
0 0.835 -0.215 0 1
0 0.835 -0.205 0 1
0 0.835 -0.195 0 1
0 0.835 -0.185 0 1
0 0.835 -0.175 0 1
0 0.835 -0.165 0 1
0 0.835 -0.155 0 1
0 0.835 -0.145 0 1
0 0.835 -0.135 0 1
0 0.835 -0.125 0 1
0 0.835 -0.115 0 2
0 0.835 -0.105 0 2
0 0.835 -0.095 0 2
0 0.835 -0.085 0 2
0 0.835 -0.075 0 2
0 0.835 -0.065 0 2
0 0.835 -0.055 0 1
0 0.835 -0.045 0 1
0 0.835 -0.035 0 1
0 0.835 -0.025 0 1
0 0.835 -0.015 0 1
0 0.835 -0.005 0 1
0 0.835 0.005 0 1
0 0.835 0.015 0 1
0 0.835 0.025 0 2
0 0.835 0.035 0 2
0 0.835 0.045 0 2
0 0.835 0.055 0 2
0 0.835 0.065 0 2
0 0.835 0.075 0 2
0 0.835 0.085 0 2
0 0.835 0.095 0 2
0 0.835 0.105 0 2
0 0.835 0.115 0 2
0 0.835 0.125 0 2
0 0.835 0.135 0 2
0 0.835 0.145 0 2
0 0.835 0.155 0 2
0 0.835 0.165 0 2
0 0.835 0.175 0 2
0 0.835 0.185 0 2
0 0.835 0.195 0 2
0 0.835 0.205 0 2
0 0.835 0.215 0 2
0 0.835 0.225 0 2
0 0.835 0.235 0 2
0 0.835 0.245 0 2
0 0.835 0.255 0 2
0 0.835 0.265 0 2
0 0.835 0.275 0 2
0 0.835 0.285 0 2
0 0.835 0.295 0 2
0 0.835 0.305 0 2
0 0.835 0.315 0 2
0 0.835 0.325 0 2
0 0.835 0.335 0 2
0 0.835 0.345 0 2
0 0.835 0.355 0 2
0 0.835 0.365 0 2
0 0.835 0.375 0 2
0 0.835 0.385 0 2
0 0.835 0.395 0 2
0 0.835 0.405 0 2
0 0.835 0.415 0 2
0 0.835 0.425 0 2
0 0.835 0.435 0 2
0 0.835 0.445 0 2
0 0.835 0.455 0 2
0 0.835 0.465 0 2
0 0.845 -0.455 0 2
0 0.845 -0.445 0 2
0 0.845 -0.435 0 2
0 0.845 -0.425 0 2
0 0.845 -0.415 0 2
0 0.845 -0.405 0 2
0 0.845 -0.395 0 2
0 0.845 -0.385 0 2
0 0.845 -0.375 0 2
0 0.845 -0.365 0 2
0 0.845 -0.355 0 2
0 0.845 -0.345 0 2
0 0.845 -0.335 0 2
0 0.845 -0.325 0 1
0 0.845 -0.315 0 1
0 0.845 -0.305 0 1
0 0.845 -0.295 0 1
0 0.845 -0.285 0 1
0 0.845 -0.275 0 1
0 0.845 -0.265 0 1
0 0.845 -0.255 0 1
0 0.845 -0.245 0 1
0 0.845 -0.235 0 1
0 0.845 -0.225 0 1
0 0.845 -0.215 0 1
0 0.845 -0.205 0 1
0 0.845 -0.195 0 1
0 0.845 -0.185 0 1
0 0.845 -0.175 0 1
0 0.845 -0.165 0 1
0 0.845 -0.155 0 1
0 0.845 -0.145 0 1
0 0.845 -0.135 0 1
0 0.845 -0.125 0 1
0 0.845 -0.115 0 2
0 0.845 -0.105 0 2
0 0.845 -0.095 0 2
0 0.845 -0.085 0 2
0 0.845 -0.075 0 2
0 0.845 -0.065 0 1
0 0.845 -0.055 0 1
0 0.845 -0.045 0 1
0 0.845 -0.035 0 1
0 0.845 -0.025 0 1
0 0.845 -0.015 0 1
0 0.845 -0.005 0 1
0 0.845 0.005 0 1
0 0.845 0.015 0 1
0 0.845 0.025 0 2
0 0.845 0.035 0 2
0 0.845 0.045 0 2
0 0.845 0.055 0 2
0 0.845 0.065 0 2
0 0.845 0.075 0 2
0 0.845 0.085 0 2
0 0.845 0.095 0 2
0 0.845 0.105 0 2
0 0.845 0.115 0 2
0 0.845 0.125 0 2
0 0.845 0.135 0 2
0 0.845 0.145 0 2
0 0.845 0.155 0 2
0 0.845 0.165 0 2
0 0.845 0.175 0 2
0 0.845 0.185 0 2
0 0.845 0.195 0 2
0 0.845 0.205 0 2
0 0.845 0.215 0 2
0 0.845 0.225 0 2
0 0.845 0.235 0 2
0 0.845 0.245 0 2
0 0.845 0.255 0 2
0 0.845 0.265 0 2
0 0.845 0.275 0 2
0 0.845 0.285 0 2
0 0.845 0.295 0 2
0 0.845 0.305 0 2
0 0.845 0.315 0 2
0 0.845 0.325 0 2
0 0.845 0.335 0 2
0 0.845 0.345 0 2
0 0.845 0.355 0 2
0 0.845 0.365 0 2
0 0.845 0.375 0 2
0 0.845 0.385 0 2
0 0.845 0.395 0 2
0 0.845 0.405 0 2
0 0.845 0.415 0 2
0 0.845 0.425 0 2
0 0.845 0.435 0 2
0 0.845 0.445 0 2
0 0.845 0.455 0 2
0 0.845 0.465 0 2
0 0.855 -0.455 0 2
0 0.855 -0.445 0 2
0 0.855 -0.435 0 2
0 0.855 -0.425 0 2
0 0.855 -0.415 0 2
0 0.855 -0.405 0 2
0 0.855 -0.395 0 2
0 0.855 -0.385 0 2
0 0.855 -0.375 0 2
0 0.855 -0.365 0 2
0 0.855 -0.355 0 2
0 0.855 -0.345 0 2
0 0.855 -0.335 0 2
0 0.855 -0.325 0 2
0 0.855 -0.315 0 1
0 0.855 -0.305 0 1
0 0.855 -0.295 0 1
0 0.855 -0.285 0 1
0 0.855 -0.275 0 1
0 0.855 -0.265 0 1
0 0.855 -0.255 0 1
0 0.855 -0.245 0 2
0 0.855 -0.235 0 1
0 0.855 -0.225 0 1
0 0.855 -0.215 0 1
0 0.855 -0.205 0 1
0 0.855 -0.195 0 1
0 0.855 -0.185 0 1
0 0.855 -0.175 0 1
0 0.855 -0.165 0 1
0 0.855 -0.155 0 1
0 0.855 -0.145 0 1
0 0.855 -0.135 0 1
0 0.855 -0.125 0 1
0 0.855 -0.115 0 2
0 0.855 -0.105 0 2
0 0.855 -0.095 0 2
0 0.855 -0.085 0 2
0 0.855 -0.075 0 2
0 0.855 -0.065 0 1
0 0.855 -0.055 0 1
0 0.855 -0.045 0 1
0 0.855 -0.035 0 1
0 0.855 -0.025 0 1
0 0.855 -0.015 0 1
0 0.855 -0.005 0 1
0 0.855 0.005 0 1
0 0.855 0.015 0 1
0 0.855 0.025 0 2
0 0.855 0.035 0 2
0 0.855 0.045 0 2
0 0.855 0.055 0 2
0 0.855 0.065 0 2
0 0.855 0.075 0 2
0 0.855 0.085 0 2
0 0.855 0.095 0 2
0 0.855 0.105 0 2
0 0.855 0.115 0 2
0 0.855 0.125 0 2
0 0.855 0.135 0 2
0 0.855 0.145 0 2
0 0.855 0.155 0 2
0 0.855 0.165 0 2
0 0.855 0.175 0 2
0 0.855 0.185 0 2
0 0.855 0.195 0 2
0 0.855 0.205 0 2
0 0.855 0.215 0 2
0 0.855 0.225 0 2
0 0.855 0.235 0 2
0 0.855 0.245 0 2
0 0.855 0.255 0 2
0 0.855 0.265 0 2
0 0.855 0.275 0 2
0 0.855 0.285 0 2
0 0.855 0.295 0 2
0 0.855 0.305 0 2
0 0.855 0.315 0 2
0 0.855 0.325 0 2
0 0.855 0.335 0 2
0 0.855 0.345 0 2
0 0.855 0.355 0 2
0 0.855 0.365 0 2
0 0.855 0.375 0 2
0 0.855 0.385 0 2
0 0.855 0.395 0 2
0 0.855 0.405 0 2
0 0.855 0.415 0 2
0 0.855 0.425 0 2
0 0.855 0.435 0 2
0 0.855 0.445 0 2
0 0.855 0.455 0 2
0 0.855 0.465 0 2
0 0.865 -0.455 0 2
0 0.865 -0.445 0 2
0 0.865 -0.435 0 2
0 0.865 -0.425 0 2
0 0.865 -0.415 0 2
0 0.865 -0.405 0 2
0 0.865 -0.395 0 2
0 0.865 -0.385 0 2
0 0.865 -0.375 0 2
0 0.865 -0.365 0 2
0 0.865 -0.355 0 2
0 0.865 -0.345 0 2
0 0.865 -0.335 0 2
0 0.865 -0.325 0 2
0 0.865 -0.315 0 2
0 0.865 -0.305 0 1
0 0.865 -0.295 0 1
0 0.865 -0.285 0 1
0 0.865 -0.275 0 1
0 0.865 -0.265 0 1
0 0.865 -0.255 0 1
0 0.865 -0.245 0 2
0 0.865 -0.235 0 2
0 0.865 -0.225 0 2
0 0.865 -0.215 0 2
0 0.865 -0.205 0 2
0 0.865 -0.195 0 1
0 0.865 -0.185 0 1
0 0.865 -0.175 0 1
0 0.865 -0.165 0 1
0 0.865 -0.155 0 1
0 0.865 -0.145 0 1
0 0.865 -0.135 0 1
0 0.865 -0.125 0 2
0 0.865 -0.115 0 2
0 0.865 -0.105 0 2
0 0.865 -0.095 0 2
0 0.865 -0.085 0 2
0 0.865 -0.075 0 1
0 0.865 -0.065 0 1
0 0.865 -0.055 0 1
0 0.865 -0.045 0 1
0 0.865 -0.035 0 1
0 0.865 -0.025 0 1
0 0.865 -0.015 0 1
0 0.865 -0.005 0 1
0 0.865 0.005 0 1
0 0.865 0.015 0 1
0 0.865 0.025 0 2
0 0.865 0.035 0 2
0 0.865 0.045 0 2
0 0.865 0.055 0 2
0 0.865 0.065 0 2
0 0.865 0.075 0 2
0 0.865 0.085 0 2
0 0.865 0.095 0 2
0 0.865 0.105 0 2
0 0.865 0.115 0 2
0 0.865 0.125 0 2
0 0.865 0.135 0 2
0 0.865 0.145 0 2
0 0.865 0.155 0 2
0 0.865 0.165 0 2
0 0.865 0.175 0 2
0 0.865 0.185 0 2
0 0.865 0.195 0 2
0 0.865 0.205 0 2
0 0.865 0.215 0 2
0 0.865 0.225 0 2
0 0.865 0.235 0 2
0 0.865 0.245 0 2
0 0.865 0.255 0 2
0 0.865 0.265 0 2
0 0.865 0.275 0 2
0 0.865 0.285 0 2
0 0.865 0.295 0 2
0 0.865 0.305 0 2
0 0.865 0.315 0 2
0 0.865 0.325 0 2
0 0.865 0.335 0 2
0 0.865 0.345 0 2
0 0.865 0.355 0 2
0 0.865 0.365 0 2
0 0.865 0.375 0 2
0 0.865 0.385 0 2
0 0.865 0.395 0 2
0 0.865 0.405 0 2
0 0.865 0.415 0 2
0 0.865 0.425 0 2
0 0.865 0.435 0 2
0 0.865 0.445 0 2
0 0.865 0.455 0 2
0 0.865 0.465 0 2
