t x y content type
0 -0.055 -0.455 0 2
0 -0.055 -0.445 0 2
0 -0.055 -0.435 0 2
0 -0.055 -0.425 0 2
0 -0.055 -0.415 0 2
0 -0.055 -0.405 0 2
0 -0.055 -0.395 0 2
0 -0.055 -0.385 0 2
0 -0.055 -0.375 0 2
0 -0.055 -0.365 0 2
0 -0.055 -0.355 0 2
0 -0.055 -0.345 0 2
0 -0.055 -0.335 0 1
0 -0.055 -0.325 0 1
0 -0.055 -0.315 0 1
0 -0.055 -0.305 0 1
0 -0.055 -0.295 0 1
0 -0.055 -0.285 0 1
0 -0.055 -0.275 0 1
0 -0.055 -0.265 0 2
0 -0.055 -0.255 0 2
0 -0.055 -0.245 0 2
0 -0.055 -0.235 0 2
0 -0.055 -0.225 0 2
0 -0.055 -0.215 0 2
0 -0.055 -0.205 0 2
0 -0.055 -0.195 0 2
0 -0.055 -0.185 0 2
0 -0.055 -0.175 0 2
0 -0.055 -0.165 0 2
0 -0.055 -0.155 0 2
0 -0.055 -0.145 0 2
0 -0.055 -0.135 0 2
0 -0.055 -0.125 0 2
0 -0.055 -0.115 0 2
0 -0.055 -0.105 0 2
0 -0.055 -0.095 0 2
0 -0.055 -0.085 0 2
0 -0.055 -0.075 0 2
0 -0.055 -0.065 0 2
0 -0.055 -0.055 0 1
0 -0.055 -0.045 0 1
0 -0.055 -0.035 0 1
0 -0.055 -0.025 0 1
0 -0.055 -0.015 0 1
0 -0.055 -0.005 0 1
0 -0.055 0.005 0 1
0 -0.055 0.015 0 1
0 -0.055 0.025 0 1
0 -0.055 0.035 0 1
0 -0.055 0.045 0 1
0 -0.055 0.055 0 1
0 -0.055 0.065 0 1
0 -0.055 0.075 0 2
0 -0.055 0.085 0 2
0 -0.055 0.095 0 2
0 -0.055 0.105 0 2
0 -0.055 0.115 0 2
0 -0.055 0.125 0 2
0 -0.055 0.135 0 2
0 -0.055 0.145 0 1
0 -0.055 0.155 0 1
0 -0.055 0.165 0 1
0 -0.055 0.175 0 1
0 -0.055 0.185 0 1
0 -0.055 0.195 0 1
0 -0.055 0.205 0 1
0 -0.055 0.215 0 1
0 -0.055 0.225 0 1
0 -0.055 0.235 0 1
0 -0.055 0.245 0 2
0 -0.055 0.255 0 2
0 -0.055 0.265 0 2
0 -0.055 0.275 0 2
0 -0.055 0.285 0 1
0 -0.055 0.295 0 1
0 -0.055 0.305 0 1
0 -0.055 0.315 0 1
0 -0.055 0.325 0 1
0 -0.055 0.335 0 1
0 -0.055 0.345 0 1
0 -0.055 0.355 0 1
0 -0.055 0.365 0 1
0 -0.055 0.375 0 2
0 -0.055 0.385 0 2
0 -0.055 0.395 0 2
0 -0.055 0.405 0 2
0 -0.055 0.415 0 2
0 -0.055 0.425 0 2
0 -0.055 0.435 0 2
0 -0.055 0.445 0 2
0 -0.055 0.455 0 2
0 -0.055 0.465 0 1
0 -0.045 -0.455 0 2
0 -0.045 -0.445 0 2
0 -0.045 -0.435 0 2
0 -0.045 -0.425 0 2
0 -0.045 -0.415 0 2
0 -0.045 -0.405 0 2
0 -0.045 -0.395 0 2
0 -0.045 -0.385 0 2
0 -0.045 -0.375 0 2
0 -0.045 -0.365 0 2
0 -0.045 -0.355 0 2
0 -0.045 -0.345 0 2
0 -0.045 -0.335 0 2
0 -0.045 -0.325 0 2
0 -0.045 -0.315 0 2
0 -0.045 -0.305 0 1
0 -0.045 -0.295 0 1
0 -0.045 -0.285 0 2
0 -0.045 -0.275 0 2
0 -0.045 -0.265 0 2
0 -0.045 -0.255 0 2
0 -0.045 -0.245 0 2
0 -0.045 -0.235 0 2
0 -0.045 -0.225 0 2
0 -0.045 -0.215 0 2
0 -0.045 -0.205 0 2
0 -0.045 -0.195 0 2
0 -0.045 -0.185 0 2
0 -0.045 -0.175 0 2
0 -0.045 -0.165 0 2
0 -0.045 -0.155 0 2
0 -0.045 -0.145 0 2
0 -0.045 -0.135 0 2
0 -0.045 -0.125 0 2
0 -0.045 -0.115 0 2
0 -0.045 -0.105 0 2
0 -0.045 -0.095 0 2
0 -0.045 -0.085 0 2
0 -0.045 -0.075 0 2
0 -0.045 -0.065 0 2
0 -0.045 -0.055 0 1
0 -0.045 -0.045 0 1
0 -0.045 -0.035 0 1
0 -0.045 -0.025 0 1
0 -0.045 -0.015 0 1
0 -0.045 -0.005 0 1
0 -0.045 0.005 0 1
0 -0.045 0.015 0 1
0 -0.045 0.025 0 1
0 -0.045 0.035 0 1
0 -0.045 0.045 0 1
0 -0.045 0.055 0 1
0 -0.045 0.065 0 1
0 -0.045 0.075 0 2
0 -0.045 0.085 0 2
0 -0.045 0.095 0 2
0 -0.045 0.105 0 2
0 -0.045 0.115 0 2
0 -0.045 0.125 0 2
0 -0.045 0.135 0 2
0 -0.045 0.145 0 2
0 -0.045 0.155 0 1
0 -0.045 0.165 0 1
0 -0.045 0.175 0 1
0 -0.045 0.185 0 1
0 -0.045 0.195 0 1
0 -0.045 0.205 0 1
0 -0.045 0.215 0 1
0 -0.045 0.225 0 1
0 -0.045 0.235 0 1
0 -0.045 0.245 0 2
0 -0.045 0.255 0 2
0 -0.045 0.265 0 2
0 -0.045 0.275 0 2
0 -0.045 0.285 0 2
0 -0.045 0.295 0 1
0 -0.045 0.305 0 1
0 -0.045 0.315 0 1
0 -0.045 0.325 0 1
0 -0.045 0.335 0 1
0 -0.045 0.345 0 1
0 -0.045 0.355 0 1
0 -0.045 0.365 0 1
0 -0.045 0.375 0 2
0 -0.045 0.385 0 2
0 -0.045 0.395 0 2
0 -0.045 0.405 0 2
0 -0.045 0.415 0 2
0 -0.045 0.425 0 2
0 -0.045 0.435 0 2
0 -0.045 0.445 0 2
0 -0.045 0.455 0 2
0 -0.045 0.465 0 2
0 -0.035 -0.455 0 2
0 -0.035 -0.445 0 2
0 -0.035 -0.435 0 2
0 -0.035 -0.425 0 2
0 -0.035 -0.415 0 2
0 -0.035 -0.405 0 2
0 -0.035 -0.395 0 2
0 -0.035 -0.385 0 2
0 -0.035 -0.375 0 2
0 -0.035 -0.365 0 2
0 -0.035 -0.355 0 2
0 -0.035 -0.345 0 2
0 -0.035 -0.335 0 2
0 -0.035 -0.325 0 2
0 -0.035 -0.315 0 2
0 -0.035 -0.305 0 2
0 -0.035 -0.295 0 2
0 -0.035 -0.285 0 2
0 -0.035 -0.275 0 2
0 -0.035 -0.265 0 2
0 -0.035 -0.255 0 2
0 -0.035 -0.245 0 2
0 -0.035 -0.235 0 2
0 -0.035 -0.225 0 2
0 -0.035 -0.215 0 2
0 -0.035 -0.205 0 2
0 -0.035 -0.195 0 2
0 -0.035 -0.185 0 2
0 -0.035 -0.175 0 2
0 -0.035 -0.165 0 2
0 -0.035 -0.155 0 2
0 -0.035 -0.145 0 2
0 -0.035 -0.135 0 2
0 -0.035 -0.125 0 2
0 -0.035 -0.115 0 2
0 -0.035 -0.105 0 2
0 -0.035 -0.095 0 2
0 -0.035 -0.085 0 2
0 -0.035 -0.075 0 2
0 -0.035 -0.065 0 2
0 -0.035 -0.055 0 1
0 -0.035 -0.045 0 1
0 -0.035 -0.035 0 1
0 -0.035 -0.025 0 1
0 -0.035 -0.015 0 1
0 -0.035 -0.005 0 1
0 -0.035 0.005 0 1
0 -0.035 0.015 0 1
0 -0.035 0.025 0 1
0 -0.035 0.035 0 1
0 -0.035 0.045 0 1
0 -0.035 0.055 0 1
0 -0.035 0.065 0 1
0 -0.035 0.075 0 2
0 -0.035 0.085 0 2
0 -0.035 0.095 0 2
0 -0.035 0.105 0 2
0 -0.035 0.115 0 2
0 -0.035 0.125 0 2
0 -0.035 0.135 0 2
0 -0.035 0.145 0 2
0 -0.035 0.155 0 2
0 -0.035 0.165 0 1
0 -0.035 0.175 0 1
0 -0.035 0.185 0 1
0 -0.035 0.195 0 1
0 -0.035 0.205 0 1
0 -0.035 0.215 0 1
0 -0.035 0.225 0 1
0 -0.035 0.235 0 1
0 -0.035 0.245 0 2
0 -0.035 0.255 0 2
0 -0.035 0.265 0 2
0 -0.035 0.275 0 2
0 -0.035 0.285 0 2
0 -0.035 0.295 0 2
0 -0.035 0.305 0 2
0 -0.035 0.315 0 1
0 -0.035 0.325 0 1
0 -0.035 0.335 0 1
0 -0.035 0.345 0 1
0 -0.035 0.355 0 1
0 -0.035 0.365 0 2
0 -0.035 0.375 0 2
0 -0.035 0.385 0 2
0 -0.035 0.395 0 2
0 -0.035 0.405 0 2
0 -0.035 0.415 0 2
0 -0.035 0.425 0 2
0 -0.035 0.435 0 2
0 -0.035 0.445 0 2
0 -0.035 0.455 0 2
0 -0.035 0.465 0 2
0 -0.025 -0.455 0 2
0 -0.025 -0.445 0 2
0 -0.025 -0.435 0 2
0 -0.025 -0.425 0 2
0 -0.025 -0.415 0 2
0 -0.025 -0.405 0 2
0 -0.025 -0.395 0 2
0 -0.025 -0.385 0 2
0 -0.025 -0.375 0 2
0 -0.025 -0.365 0 2
0 -0.025 -0.355 0 2
0 -0.025 -0.345 0 2
0 -0.025 -0.335 0 2
0 -0.025 -0.325 0 2
0 -0.025 -0.315 0 2
0 -0.025 -0.305 0 2
0 -0.025 -0.295 0 2
0 -0.025 -0.285 0 2
0 -0.025 -0.275 0 2
0 -0.025 -0.265 0 2
0 -0.025 -0.255 0 2
0 -0.025 -0.245 0 2
0 -0.025 -0.235 0 2
0 -0.025 -0.225 0 2
0 -0.025 -0.215 0 2
0 -0.025 -0.205 0 2
0 -0.025 -0.195 0 2
0 -0.025 -0.185 0 2
0 -0.025 -0.175 0 2
0 -0.025 -0.165 0 2
0 -0.025 -0.155 0 2
0 -0.025 -0.145 0 2
0 -0.025 -0.135 0 2
0 -0.025 -0.125 0 2
0 -0.025 -0.115 0 2
0 -0.025 -0.105 0 2
0 -0.025 -0.095 0 2
0 -0.025 -0.085 0 2
0 -0.025 -0.075 0 2
0 -0.025 -0.065 0 2
0 -0.025 -0.055 0 1
0 -0.025 -0.045 0 1
0 -0.025 -0.035 0 1
0 -0.025 -0.025 0 1
0 -0.025 -0.015 0 1
0 -0.025 -0.005 0 1
0 -0.025 0.005 0 1
0 -0.025 0.015 0 1
0 -0.025 0.025 0 1
0 -0.025 0.035 0 1
0 -0.025 0.045 0 1
0 -0.025 0.055 0 1
0 -0.025 0.065 0 2
0 -0.025 0.075 0 2
0 -0.025 0.085 0 2
0 -0.025 0.095 0 2
0 -0.025 0.105 0 2
0 -0.025 0.115 0 2
0 -0.025 0.125 0 2
0 -0.025 0.135 0 2
0 -0.025 0.145 0 2
0 -0.025 0.155 0 2
0 -0.025 0.165 0 2
0 -0.025 0.175 0 2
0 -0.025 0.185 0 2
0 -0.025 0.195 0 1
0 -0.025 0.205 0 1
0 -0.025 0.215 0 1
0 -0.025 0.225 0 2
0 -0.025 0.235 0 2
0 -0.025 0.245 0 2
0 -0.025 0.255 0 2
0 -0.025 0.265 0 2
0 -0.025 0.275 0 2
0 -0.025 0.285 0 2
0 -0.025 0.295 0 2
0 -0.025 0.305 0 2
0 -0.025 0.315 0 2
0 -0.025 0.325 0 2
0 -0.025 0.335 0 2
0 -0.025 0.345 0 2
0 -0.025 0.355 0 2
0 -0.025 0.365 0 2
0 -0.025 0.375 0 1
0 -0.025 0.385 0 1
0 -0.025 0.395 0 1
0 -0.025 0.405 0 2
0 -0.025 0.415 0 2
0 -0.025 0.425 0 2
0 -0.025 0.435 0 2
0 -0.025 0.445 0 2
0 -0.025 0.455 0 2
0 -0.025 0.465 0 2
0 -0.015 -0.455 0 2
0 -0.015 -0.445 0 2
0 -0.015 -0.435 0 2
0 -0.015 -0.425 0 2
0 -0.015 -0.415 0 2
0 -0.015 -0.405 0 2
0 -0.015 -0.395 0 2
0 -0.015 -0.385 0 2
0 -0.015 -0.375 0 2
0 -0.015 -0.365 0 2
0 -0.015 -0.355 0 2
0 -0.015 -0.345 0 2
0 -0.015 -0.335 0 2
0 -0.015 -0.325 0 2
0 -0.015 -0.315 0 2
0 -0.015 -0.305 0 2
0 -0.015 -0.295 0 2
0 -0.015 -0.285 0 2
0 -0.015 -0.275 0 2
0 -0.015 -0.265 0 2
0 -0.015 -0.255 0 2
0 -0.015 -0.245 0 2
0 -0.015 -0.235 0 2
0 -0.015 -0.225 0 2
0 -0.015 -0.215 0 2
0 -0.015 -0.205 0 2
0 -0.015 -0.195 0 2
0 -0.015 -0.185 0 2
0 -0.015 -0.175 0 2
0 -0.015 -0.165 0 2
0 -0.015 -0.155 0 2
0 -0.015 -0.145 0 2
0 -0.015 -0.135 0 2
0 -0.015 -0.125 0 2
0 -0.015 -0.115 0 2
0 -0.015 -0.105 0 2
0 -0.015 -0.095 0 2
0 -0.015 -0.085 0 2
0 -0.015 -0.075 0 2
0 -0.015 -0.065 0 2
0 -0.015 -0.055 0 2
0 -0.015 -0.045 0 1
0 -0.015 -0.035 0 1
0 -0.015 -0.025 0 1
0 -0.015 -0.015 0 2
0 -0.015 -0.005 0 2
0 -0.015 0.005 0 1
0 -0.015 0.015 0 1
0 -0.015 0.025 0 1
0 -0.015 0.035 0 1
0 -0.015 0.045 0 1
0 -0.015 0.055 0 1
0 -0.015 0.065 0 2
0 -0.015 0.075 0 2
0 -0.015 0.085 0 2
0 -0.015 0.095 0 2
0 -0.015 0.105 0 2
0 -0.015 0.115 0 2
0 -0.015 0.125 0 2
0 -0.015 0.135 0 2
0 -0.015 0.145 0 2
0 -0.015 0.155 0 2
0 -0.015 0.165 0 2
0 -0.015 0.175 0 2
0 -0.015 0.185 0 2
0 -0.015 0.195 0 2
0 -0.015 0.205 0 2
0 -0.015 0.215 0 2
0 -0.015 0.225 0 2
0 -0.015 0.235 0 2
0 -0.015 0.245 0 2
0 -0.015 0.255 0 2
0 -0.015 0.265 0 2
0 -0.015 0.275 0 2
0 -0.015 0.285 0 2
0 -0.015 0.295 0 2
0 -0.015 0.305 0 2
0 -0.015 0.315 0 2
0 -0.015 0.325 0 2
0 -0.015 0.335 0 2
0 -0.015 0.345 0 2
0 -0.015 0.355 0 2
0 -0.015 0.365 0 1
0 -0.015 0.375 0 1
0 -0.015 0.385 0 1
0 -0.015 0.395 0 1
0 -0.015 0.405 0 1
0 -0.015 0.415 0 2
0 -0.015 0.425 0 2
0 -0.015 0.435 0 2
0 -0.015 0.445 0 2
0 -0.015 0.455 0 2
0 -0.015 0.465 0 2
0 -0.005 -0.455 0 2
0 -0.005 -0.445 0 2
0 -0.005 -0.435 0 2
0 -0.005 -0.425 0 2
0 -0.005 -0.415 0 2
0 -0.005 -0.405 0 2
0 -0.005 -0.395 0 2
0 -0.005 -0.385 0 2
0 -0.005 -0.375 0 2
0 -0.005 -0.365 0 2
0 -0.005 -0.355 0 2
0 -0.005 -0.345 0 2
0 -0.005 -0.335 0 2
0 -0.005 -0.325 0 2
0 -0.005 -0.315 0 2
0 -0.005 -0.305 0 2
0 -0.005 -0.295 0 2
0 -0.005 -0.285 0 2
0 -0.005 -0.275 0 2
0 -0.005 -0.265 0 2
0 -0.005 -0.255 0 2
0 -0.005 -0.245 0 2
0 -0.005 -0.235 0 2
0 -0.005 -0.225 0 2
0 -0.005 -0.215 0 2
0 -0.005 -0.205 0 2
0 -0.005 -0.195 0 2
0 -0.005 -0.185 0 2
0 -0.005 -0.175 0 2
0 -0.005 -0.165 0 2
0 -0.005 -0.155 0 2
0 -0.005 -0.145 0 2
0 -0.005 -0.135 0 2
0 -0.005 -0.125 0 2
0 -0.005 -0.115 0 2
0 -0.005 -0.105 0 2
0 -0.005 -0.095 0 2
0 -0.005 -0.085 0 2
0 -0.005 -0.075 0 2
0 -0.005 -0.065 0 2
0 -0.005 -0.055 0 2
0 -0.005 -0.045 0 2
0 -0.005 -0.035 0 2
0 -0.005 -0.025 0 2
0 -0.005 -0.015 0 2
0 -0.005 -0.005 0 2
0 -0.005 0.005 0 2
0 -0.005 0.015 0 1
0 -0.005 0.025 0 1
0 -0.005 0.035 0 1
0 -0.005 0.045 0 1
0 -0.005 0.055 0 2
0 -0.005 0.065 0 2
0 -0.005 0.075 0 2
0 -0.005 0.085 0 2
0 -0.005 0.095 0 2
0 -0.005 0.105 0 2
0 -0.005 0.115 0 2
0 -0.005 0.125 0 2
0 -0.005 0.135 0 2
0 -0.005 0.145 0 2
0 -0.005 0.155 0 2
0 -0.005 0.165 0 2
0 -0.005 0.175 0 2
0 -0.005 0.185 0 2
0 -0.005 0.195 0 2
0 -0.005 0.205 0 2
0 -0.005 0.215 0 2
0 -0.005 0.225 0 2
0 -0.005 0.235 0 2
0 -0.005 0.245 0 2
0 -0.005 0.255 0 2
0 -0.005 0.265 0 2
0 -0.005 0.275 0 2
0 -0.005 0.285 0 2
0 -0.005 0.295 0 2
0 -0.005 0.305 0 2
0 -0.005 0.315 0 2
0 -0.005 0.325 0 2
0 -0.005 0.335 0 2
0 -0.005 0.345 0 2
0 -0.005 0.355 0 2
0 -0.005 0.365 0 1
0 -0.005 0.375 0 1
0 -0.005 0.385 0 1
0 -0.005 0.395 0 1
0 -0.005 0.405 0 1
0 -0.005 0.415 0 1
0 -0.005 0.425 0 2
0 -0.005 0.435 0 2
0 -0.005 0.445 0 2
0 -0.005 0.455 0 2
0 -0.005 0.465 0 2
0 0.005 -0.455 0 1
0 0.005 -0.445 0 2
0 0.005 -0.435 0 2
0 0.005 -0.425 0 2
0 0.005 -0.415 0 2
0 0.005 -0.405 0 2
0 0.005 -0.395 -0.0001870195852 2
0 0.005 -0.385 -0.0002378491262 2
0 0.005 -0.375 -0.000269119274 2
0 0.005 -0.365 -0.0002809185616 2
0 0.005 -0.355 -0.0002847761792 2
0 0.005 -0.345 -0.0002837072644 2
0 0.005 -0.335 -0.0002805762125 2
0 0.005 -0.325 -0.0002770530533 2
0 0.005 -0.315 -0.0002745311765 2
0 0.005 -0.305 -0.0002743033119 2
0 0.005 -0.295 -0.0002769423181 2
0 0.005 -0.285 -0.0002810602874 2
0 0.005 -0.275 -0.000287218301 2
0 0.005 -0.265 -0.0002840041888 2
0 0.005 -0.255 -0.0002615938637 2
0 0.005 -0.245 -0.000219923803 2
0 0.005 -0.235 -0.0001769066781 2
0 0.005 -0.225 -0.0001466097212 2
0 0.005 -0.215 -0.0001281250295 2
0 0.005 -0.205 -0.0001149815357 2
0 0.005 -0.195 -0.0001045474001 2
0 0.005 -0.185 -9.881648975e-05 2
0 0.005 -0.175 -9.561181917e-05 2
0 0.005 -0.165 -9.326462277e-05 2
0 0.005 -0.155 -9.073678213e-05 2
0 0.005 -0.145 -8.769142887e-05 2
0 0.005 -0.135 -8.405476252e-05 2
0 0.005 -0.125 -7.990707658e-05 2
0 0.005 -0.115 -7.540427658e-05 2
0 0.005 -0.105 -7.072533832e-05 2
0 0.005 -0.095 -6.604472821e-05 2
0 0.005 -0.085 -6.167860452e-05 2
0 0.005 -0.075 -5.789651093e-05 2
0 0.005 -0.065 -5.731744737e-05 2
0 0.005 -0.055 -5.658805234e-05 2
0 0.005 -0.045 -5.006201039e-05 2
0 0.005 -0.035 -3.556956539e-05 2
0 0.005 -0.025 -2.182030403e-05 2
0 0.005 -0.015 -1.997019142e-05 2
0 0.005 -0.005 -2.693549268e-05 2
0 0.005 0.005 -2.961880733e-05 2
0 0.005 0.015 -1.812829058e-05 2
0 0.005 0.025 -1.833076254e-06 2
0 0.005 0.035 1.381586866e-05 2
0 0.005 0.045 3.148918934e-05 2
0 0.005 0.055 4.56930252e-05 2
0 0.005 0.065 4.987182925e-05 2
0 0.005 0.075 5.031110622e-05 2
0 0.005 0.085 5.39471545e-05 2
0 0.005 0.095 6.149163905e-05 2
0 0.005 0.105 7.028829752e-05 2
0 0.005 0.115 7.976384426e-05 2
0 0.005 0.125 8.926819427e-05 2
0 0.005 0.135 9.783906383e-05 2
0 0.005 0.145 0.0001040567122 2
0 0.005 0.155 0.0001044038505 2
0 0.005 0.165 0.0001011919633 2
0 0.005 0.175 0.0001019554971 2
0 0.005 0.185 0.000109254732 1
0 0.005 0.195 0.0001216250349 1
0 0.005 0.205 0.0001291377407 1
0 0.005 0.215 0.0001336320005 1
0 0.005 0.225 0.0001391123353 1
0 0.005 0.235 0.0001518198434 2
0 0.005 0.245 0.000179492975 2
0 0.005 0.255 0.0002107042097 2
0 0.005 0.265 0.0002283305611 2
0 0.005 0.275 0.0002325587395 2
0 0.005 0.285 0.0002329585604 2
0 0.005 0.295 0.0002356033519 2
0 0.005 0.305 0.0002390065315 2
0 0.005 0.315 0.0002436956389 2
0 0.005 0.325 0.0002480722947 2
0 0.005 0.335 0.0002489083222 2
0 0.005 0.345 0.0002345675074 2
0 0.005 0.355 0.000210045432 1
0 0.005 0.365 0.0002001497007 1
0 0.005 0.375 0.0001933376397 1
0 0.005 0.385 0.0001706776691 1
0 0.005 0.395 0.0001337745402 1
0 0.005 0.405 0 1
0 0.005 0.415 0 1
0 0.005 0.425 0 1
0 0.005 0.435 0 2
0 0.005 0.445 0 2
0 0.005 0.455 0 2
0 0.005 0.465 0 2
0 0.015 -0.455 0 1
0 0.015 -0.445 0 2
0 0.015 -0.435 0 2
0 0.015 -0.425 0 2
0 0.015 -0.415 0 2
0 0.015 -0.405 0 2
0 0.015 -0.395 -0.0002353020372 2
0 0.015 -0.385 -0.0003226276762 2
0 0.015 -0.375 -0.0003891402054 2
0 0.015 -0.365 -0.000421798967 2
0 0.015 -0.355 -0.0004391811803 2
0 0.015 -0.345 -0.0004456720937 2
0 0.015 -0.335 -0.0004462477722 2
0 0.015 -0.325 -0.0004437715744 2
0 0.015 -0.315 -0.0004405145795 2
0 0.015 -0.305 -0.000438572067 2
0 0.015 -0.295 -0.0004387676557 2
0 0.015 -0.285 -0.000443801721 2
0 0.015 -0.275 -0.0004471262184 2
0 0.015 -0.265 -0.0004355278353 2
0 0.015 -0.255 -0.0004061537055 2
0 0.015 -0.245 -0.0003685554617 2
0 0.015 -0.235 -0.0003307211042 2
0 0.015 -0.225 -0.0002892895752 2
0 0.015 -0.215 -0.0002488644502 2
0 0.015 -0.205 -0.000216551905 2
0 0.015 -0.195 -0.0001977567611 2
0 0.015 -0.185 -0.0001864191307 2
0 0.015 -0.175 -0.0001771195653 2
0 0.015 -0.165 -0.0001699612264 2
0 0.015 -0.155 -0.000163203648 2
0 0.015 -0.145 -0.0001561141542 2
0 0.015 -0.135 -0.0001485033544 2
0 0.015 -0.125 -0.0001404469929 2
0 0.015 -0.115 -0.0001321002106 2
0 0.015 -0.105 -0.0001236622748 2
0 0.015 -0.095 -0.0001153118635 2
0 0.015 -0.085 -0.0001072930939 2
0 0.015 -0.075 -9.963587962e-05 2
0 0.015 -0.065 -9.198984997e-05 2
0 0.015 -0.055 -8.363134478e-05 2
0 0.015 -0.045 -7.414354781e-05 2
0 0.015 -0.035 -6.413412625e-05 2
0 0.015 -0.025 -5.530575732e-05 2
0 0.015 -0.015 -4.887499262e-05 2
0 0.015 -0.005 -4.865841046e-05 2
0 0.015 0.005 -4.709868017e-05 2
0 0.015 0.015 -3.273080304e-05 2
0 0.015 0.025 -5.688247528e-06 2
0 0.015 0.035 2.806071239e-05 2
0 0.015 0.045 5.667589579e-05 2
0 0.015 0.055 7.395701578e-05 2
0 0.015 0.065 7.932638755e-05 2
0 0.015 0.075 8.339988447e-05 2
0 0.015 0.085 9.304900856e-05 2
0 0.015 0.095 0.000104765344 2
0 0.015 0.105 0.0001183504572 2
0 0.015 0.115 0.0001330130748 2
0 0.015 0.125 0.0001480263582 2
0 0.015 0.135 0.000162539279 2
0 0.015 0.145 0.0001751700951 2
0 0.015 0.155 0.0001838961557 2
0 0.015 0.165 0.0001839937012 2
0 0.015 0.175 0.0001832313715 2
0 0.015 0.185 0.0001873434636 1
0 0.015 0.195 0.0002027122518 1
0 0.015 0.205 0.0002178561301 1
0 0.015 0.215 0.0002339815501 1
0 0.015 0.225 0.0002513125502 1
0 0.015 0.235 0.0002657249228 1
0 0.015 0.245 0.0002812867885 1
0 0.015 0.255 0.0003086524352 2
0 0.015 0.265 0.0003433017684 2
0 0.015 0.275 0.0003649259669 2
0 0.015 0.285 0.0003706466157 2
0 0.015 0.295 0.0003727831797 2
0 0.015 0.305 0.0003770435572 2
0 0.015 0.315 0.0003799831866 2
0 0.015 0.325 0.0003796989833 2
0 0.015 0.335 0.0003691654854 2
0 0.015 0.345 0.0003465022474 2
0 0.015 0.355 0.0003161068289 1
0 0.015 0.365 0.0002935364499 1
0 0.015 0.375 0.0002722192145 1
0 0.015 0.385 0.000229097824 1
0 0.015 0.395 0.0001660809966 1
0 0.015 0.405 0 1
0 0.015 0.415 0 1
0 0.015 0.425 0 1
0 0.015 0.435 0 2
0 0.015 0.445 0 2
0 0.015 0.455 0 2
0 0.015 0.465 0 2
0 0.025 -0.455 0 1
0 0.025 -0.445 0 1
0 0.025 -0.435 0 2
0 0.025 -0.425 0 2
0 0.025 -0.415 0 2
0 0.025 -0.405 0 2
0 0.025 -0.395 -0.0002555443594 2
0 0.025 -0.385 -0.0003695681359 2
0 0.025 -0.375 -0.0004675448694 2
0 0.025 -0.365 -0.0005233158318 2
0 0.025 -0.355 -0.0005578918043 2
0 0.025 -0.345 -0.0005755552477 2
0 0.025 -0.335 -0.0005826842717 2
0 0.025 -0.325 -0.0005829697289 2
0 0.025 -0.315 -0.0005792588281 2
0 0.025 -0.305 -0.0005739027804 2
0 0.025 -0.295 -0.0005675898196 2
0 0.025 -0.285 -0.0005651746672 2
0 0.025 -0.275 -0.0005559297257 2
0 0.025 -0.265 -0.0005324211832 2
0 0.025 -0.255 -0.0005094997519 1
0 0.025 -0.245 -0.0004921618167 1
0 0.025 -0.235 -0.0004747012384 1
0 0.025 -0.225 -0.000441082718 2
0 0.025 -0.215 -0.0003923965808 2
0 0.025 -0.205 -0.0003420593123 2
0 0.025 -0.195 -0.000306043946 2
0 0.025 -0.185 -0.0002827124704 2
0 0.025 -0.175 -0.0002667711423 2
0 0.025 -0.165 -0.000252642456 2
0 0.025 -0.155 -0.0002400150357 2
0 0.025 -0.145 -0.000227632366 2
0 0.025 -0.135 -0.0002151103969 2
0 0.025 -0.125 -0.0002024925284 2
0 0.025 -0.115 -0.0001898648454 2
0 0.025 -0.105 -0.000177381778 2
0 0.025 -0.095 -0.0001651811496 2
0 0.025 -0.085 -0.0001534150935 2
0 0.025 -0.075 -0.0001420641367 2
0 0.025 -0.065 -0.0001308561437 2
0 0.025 -0.055 -0.0001190508012 2
0 0.025 -0.045 -0.0001061505788 2
0 0.025 -0.035 -9.259258905e-05 2
0 0.025 -0.025 -8.000575099e-05 2
0 0.025 -0.015 -6.934560653e-05 2
0 0.025 -0.005 -5.934332098e-05 2
0 0.025 0.005 -4.612451077e-05 2
0 0.025 0.015 -2.597742162e-05 2
0 0.025 0.025 9.752957215e-07 2
0 0.025 0.035 3.127465725e-05 2
0 0.025 0.045 5.980941658e-05 2
0 0.025 0.055 8.299311444e-05 2
0 0.025 0.065 0.0001002991482 2
0 0.025 0.075 0.0001145595672 2
0 0.025 0.085 0.0001289646873 2
0 0.025 0.095 0.0001449139011 2
0 0.025 0.105 0.0001625828728 2
0 0.025 0.115 0.0001813725814 2
0 0.025 0.125 0.0002006605414 2
0 0.025 0.135 0.0002197732708 2
0 0.025 0.145 0.0002374574422 2
0 0.025 0.155 0.0002523595011 2
0 0.025 0.165 0.000253332063 2
0 0.025 0.175 0.0002417755386 1
0 0.025 0.185 0.0002489968263 1
0 0.025 0.195 0.0002752358139 1
0 0.025 0.205 0.0003047740579 1
0 0.025 0.215 0.0003333625593 1
0 0.025 0.225 0.0003617231077 1
0 0.025 0.235 0.0003844891908 1
0 0.025 0.245 0.0004002545272 1
0 0.025 0.255 0.0004167965424 1
0 0.025 0.265 0.0004395245963 2
0 0.025 0.275 0.0004663167707 2
0 0.025 0.285 0.0004797130476 2
0 0.025 0.295 0.0004844371283 2
0 0.025 0.305 0.0004893204911 2
0 0.025 0.315 0.0004884622801 2
0 0.025 0.325 0.0004803615735 2
0 0.025 0.335 0.0004563021293 2
0 0.025 0.345 0.0004267874819 2
0 0.025 0.355 0.0003998018434 2
0 0.025 0.365 0.000363377132 1
0 0.025 0.375 0.0003248457866 1
0 0.025 0.385 0.0002599697715 1
0 0.025 0.395 0.0001789356483 1
0 0.025 0.405 0 1
0 0.025 0.415 0 1
0 0.025 0.425 0 1
0 0.025 0.435 0 2
0 0.025 0.445 0 2
0 0.025 0.455 0 2
0 0.025 0.465 0 2
0 0.035 -0.455 0 1
0 0.035 -0.445 0 1
0 0.035 -0.435 0 2
0 0.035 -0.425 0 2
0 0.035 -0.415 0 2
0 0.035 -0.405 0 2
0 0.035 -0.395 -0.0002668131466 2
0 0.035 -0.385 -0.0003964522019 2
0 0.035 -0.375 -0.0005145042624 2
0 0.035 -0.365 -0.0005889409141 2
0 0.035 -0.355 -0.0006389015433 2
0 0.035 -0.345 -0.0006674505502 2
0 0.035 -0.335 -0.0006814374148 2
0 0.035 -0.325 -0.0006849515421 2
0 0.035 -0.315 -0.0006811638875 2
0 0.035 -0.305 -0.0006722657368 2
0 0.035 -0.295 -0.0006590506117 2
0 0.035 -0.285 -0.0006460137098 2
0 0.035 -0.275 -0.0006296239762 2
0 0.035 -0.265 -0.0006127420649 1
0 0.035 -0.255 -0.0005916952257 1
0 0.035 -0.245 -0.0005701314326 1
0 0.035 -0.235 -0.000547368932 1
0 0.035 -0.225 -0.0005265970618 1
0 0.035 -0.215 -0.0005028855963 1
0 0.035 -0.205 -0.0004632269084 2
0 0.035 -0.195 -0.0004151804832 2
0 0.035 -0.185 -0.0003762025845 2
0 0.035 -0.175 -0.0003510292182 2
0 0.035 -0.165 -0.0003316168172 2
0 0.035 -0.155 -0.0003127710061 2
0 0.035 -0.145 -0.0002948682391 2
0 0.035 -0.135 -0.0002773000721 2
0 0.035 -0.125 -0.0002600612306 2
0 0.035 -0.115 -0.0002431966486 2
0 0.035 -0.105 -0.000226772241 2
0 0.035 -0.095 -0.0002108266589 2
0 0.035 -0.085 -0.0001953279945 2
0 0.035 -0.075 -0.0001801297869 2
0 0.035 -0.065 -0.0001649862767 2
0 0.035 -0.055 -0.0001495887063 2
0 0.035 -0.045 -0.0001337989955 2
0 0.035 -0.035 -0.0001177925396 2
0 0.035 -0.025 -0.0001020591325 2
0 0.035 -0.015 -8.659962714e-05 2
0 0.035 -0.005 -7.033483673e-05 2
0 0.035 0.005 -5.088959245e-05 2
0 0.035 0.015 -2.616867598e-05 2
0 0.035 0.025 3.621326119e-06 2
0 0.035 0.035 3.596192014e-05 2
0 0.035 0.045 6.708721122e-05 2
0 0.035 0.055 9.431771995e-05 2
0 0.035 0.065 0.0001171605551 2
0 0.035 0.075 0.0001373358433 2
0 0.035 0.085 0.0001569614119 2
0 0.035 0.095 0.0001771621509 2
0 0.035 0.105 0.000198271405 2
0 0.035 0.115 0.0002200360133 2
0 0.035 0.125 0.0002420260676 2
0 0.035 0.135 0.0002635211791 2
0 0.035 0.145 0.0002834123411 2
0 0.035 0.155 0.0002981785914 2
0 0.035 0.165 0.0003057405025 2
0 0.035 0.175 0.0003143872262 2
0 0.035 0.185 0.0003265891693 1
0 0.035 0.195 0.0003551331558 1
0 0.035 0.205 0.000385881926 1
0 0.035 0.215 0.0004153637589 1
0 0.035 0.225 0.0004450803313 1
0 0.035 0.235 0.0004752936264 1
0 0.035 0.245 0.000503069821 1
0 0.035 0.255 0.0005245132813 1
0 0.035 0.265 0.0005391800698 1
0 0.035 0.275 0.0005491054668 2
0 0.035 0.285 0.0005611592299 2
0 0.035 0.295 0.0005683517822 2
0 0.035 0.305 0.0005724114086 2
0 0.035 0.315 0.000567495171 2
0 0.035 0.325 0.0005524311566 2
0 0.035 0.335 0.0005236179561 2
0 0.035 0.345 0.0004845789283 2
0 0.035 0.355 0.0004452486257 2
0 0.035 0.365 0.0003970328149 1
0 0.035 0.375 0.0003451486596 1
0 0.035 0.385 0.0002683716074 1
0 0.035 0.395 0.0001821101 1
0 0.035 0.405 0 1
0 0.035 0.415 0 1
0 0.035 0.425 0 1
0 0.035 0.435 0 1
0 0.035 0.445 0 2
0 0.035 0.455 0 2
0 0.035 0.465 0 2
0 0.045 -0.455 0 1
0 0.045 -0.445 0 1
0 0.045 -0.435 0 2
0 0.045 -0.425 0 2
0 0.045 -0.415 0 2
0 0.045 -0.405 0 2
0 0.045 -0.395 -0.0002714005294 2
0 0.045 -0.385 -0.0004116742387 2
0 0.045 -0.375 -0.0005445857188 2
0 0.045 -0.365 -0.0006336906642 2
0 0.045 -0.355 -0.0006962413385 2
0 0.045 -0.345 -0.0007341059413 2
0 0.045 -0.335 -0.0007540328307 2
0 0.045 -0.325 -0.0007603918288 2
0 0.045 -0.315 -0.0007569558773 2
0 0.045 -0.305 -0.0007459514886 2
0 0.045 -0.295 -0.000728842402 2
0 0.045 -0.285 -0.0007109581452 2
0 0.045 -0.275 -0.0006954325909 2
0 0.045 -0.265 -0.0006816180397 1
0 0.045 -0.255 -0.0006564218023 1
0 0.045 -0.245 -0.000625659936 1
0 0.045 -0.235 -0.0005949032157 1
0 0.045 -0.225 -0.000572118476 1
0 0.045 -0.215 -0.0005549835084 1
0 0.045 -0.205 -0.0005324085782 1
0 0.045 -0.195 -0.0004998477834 2
0 0.045 -0.185 -0.000461853257 2
0 0.045 -0.175 -0.0004303526487 2
0 0.045 -0.165 -0.0004044667105 2
0 0.045 -0.155 -0.0003796430955 2
0 0.045 -0.145 -0.0003564902556 2
0 0.045 -0.135 -0.0003342222271 2
0 0.045 -0.125 -0.0003126756465 2
0 0.045 -0.115 -0.0002918971114 2
0 0.045 -0.105 -0.0002718613439 2
0 0.045 -0.095 -0.0002525110513 2
0 0.045 -0.085 -0.0002337222461 2
0 0.045 -0.075 -0.0002152930566 2
0 0.045 -0.065 -0.0001969599148 2
0 0.045 -0.055 -0.0001784447921 2
0 0.045 -0.045 -0.0001595784889 2
0 0.045 -0.035 -0.0001403368213 2
0 0.045 -0.025 -0.0001207194114 2
0 0.045 -0.015 -0.0001004046818 2
0 0.045 -0.005 -7.855393133e-05 2
0 0.045 0.005 -5.393260627e-05 2
0 0.045 0.015 -2.568383354e-05 2
0 0.045 0.025 5.82088584e-06 2
0 0.045 0.035 3.898523645e-05 2
0 0.045 0.045 7.162197864e-05 2
0 0.045 0.055 0.0001020149039 2
0 0.045 0.065 0.0001295799111 2
0 0.045 0.075 0.0001549184655 2
0 0.045 0.085 0.0001790847778 2
0 0.045 0.095 0.000202889883 2
0 0.045 0.105 0.0002267346671 2
0 0.045 0.115 0.000250593108 2
0 0.045 0.125 0.0002741529157 2
0 0.045 0.135 0.0002967284578 2
0 0.045 0.145 0.0003176287211 2
0 0.045 0.155 0.0003336436584 2
0 0.045 0.165 0.0003501559097 2
0 0.045 0.175 0.0003716092666 2
0 0.045 0.185 0.0003934851422 1
0 0.045 0.195 0.0004236812187 1
0 0.045 0.205 0.0004555265786 1
0 0.045 0.215 0.000489923972 1
0 0.045 0.225 0.0005225108474 1
0 0.045 0.235 0.0005530590777 1
0 0.045 0.245 0.0005816867762 1
0 0.045 0.255 0.0006048604931 1
0 0.045 0.265 0.0006224040493 1
0 0.045 0.275 0.0006300288694 2
0 0.045 0.285 0.0006380791841 2
0 0.045 0.295 0.0006420539361 2
0 0.045 0.305 0.0006392015091 2
0 0.045 0.315 0.0006290593536 2
0 0.045 0.325 0.0006070560947 2
0 0.045 0.335 0.0005734006323 2
0 0.045 0.345 0.0005205682456 2
0 0.045 0.355 0.0004641145735 2
0 0.045 0.365 0.0004049759459 1
0 0.045 0.375 0.0003431580709 1
0 0.045 0.385 0.0002589553656 1
0 0.045 0.395 0.0001737928297 1
0 0.045 0.405 0 1
0 0.045 0.415 0 1
0 0.045 0.425 0 1
0 0.045 0.435 0 1
0 0.045 0.445 0 2
0 0.045 0.455 0 2
0 0.045 0.465 0 2
0 0.055 -0.455 0 1
0 0.055 -0.445 0 2
0 0.055 -0.435 0 2
0 0.055 -0.425 0 2
0 0.055 -0.415 0 2
0 0.055 -0.405 0 2
0 0.055 -0.395 -0.0002746261876 2
0 0.055 -0.385 -0.0004281725192 2
0 0.055 -0.375 -0.0005753748576 2
0 0.055 -0.365 -0.0006752168619 2
0 0.055 -0.355 -0.0007463584502 2
0 0.055 -0.345 -0.0007872104644 2
0 0.055 -0.335 -0.0008069034999 2
0 0.055 -0.325 -0.0008139477813 2
0 0.055 -0.315 -0.0008118118084 2
0 0.055 -0.305 -0.0008009228886 2
0 0.055 -0.295 -0.0007831782673 2
0 0.055 -0.285 -0.0007656929807 2
0 0.055 -0.275 -0.0007500842065 2
0 0.055 -0.265 -0.000731883068 1
0 0.055 -0.255 -0.0007013917234 1
0 0.055 -0.245 -0.0006703611796 1
0 0.055 -0.235 -0.0006416289196 1
0 0.055 -0.225 -0.0006137611217 1
0 0.055 -0.215 -0.0005883124267 1
0 0.055 -0.205 -0.0005665635794 1
0 0.055 -0.195 -0.0005456067774 1
0 0.055 -0.185 -0.000523071664 2
0 0.055 -0.175 -0.0004920295394 2
0 0.055 -0.165 -0.000462657321 2
0 0.055 -0.155 -0.0004362653237 2
0 0.055 -0.145 -0.000409491144 2
0 0.055 -0.135 -0.000383610642 2
0 0.055 -0.125 -0.0003585996308 2
0 0.055 -0.115 -0.0003346195622 2
0 0.055 -0.105 -0.000311599553 2
0 0.055 -0.095 -0.0002894053658 2
0 0.055 -0.085 -0.0002678367689 2
0 0.055 -0.075 -0.0002466455859 2
0 0.055 -0.065 -0.0002255515431 2
0 0.055 -0.055 -0.0002042722659 2
0 0.055 -0.045 -0.0001825712565 2
0 0.055 -0.035 -0.0001602601674 2
0 0.055 -0.025 -0.0001371290906 2
0 0.055 -0.015 -0.0001128033196 2
0 0.055 -0.005 -8.669916694e-05 2
0 0.055 0.005 -5.817173032e-05 2
0 0.055 0.015 -2.691764651e-05 2
0 0.055 0.025 6.641220677e-06 2
0 0.055 0.035 4.137386077e-05 2
0 0.055 0.045 7.581653418e-05 2
0 0.055 0.055 0.0001087627883 2
0 0.055 0.065 0.0001396575115 2
0 0.055 0.075 0.0001686439184 2
0 0.055 0.085 0.0001962260137 2
0 0.055 0.095 0.0002228847497 2
0 0.055 0.105 0.0002488916686 2
0 0.055 0.115 0.000274253385 2
0 0.055 0.125 0.0002987834903 2
0 0.055 0.135 0.0003221498927 2
0 0.055 0.145 0.0003442231914 2
0 0.055 0.155 0.0003665679786 2
0 0.055 0.165 0.0003870016824 2
0 0.055 0.175 0.0004136612186 2
0 0.055 0.185 0.0004441420836 1
0 0.055 0.195 0.0004786380145 1
0 0.055 0.205 0.00051468845 1
0 0.055 0.215 0.0005524044922 1
0 0.055 0.225 0.0005885051403 1
0 0.055 0.235 0.0006208976558 1
0 0.055 0.245 0.0006494712377 1
0 0.055 0.255 0.0006754646175 1
0 0.055 0.265 0.0006966964396 1
0 0.055 0.275 0.0007035468568 2
0 0.055 0.285 0.0007046283845 2
0 0.055 0.295 0.0007014524332 2
0 0.055 0.305 0.0006946748841 2
0 0.055 0.315 0.0006794782829 2
0 0.055 0.325 0.0006508740584 2
0 0.055 0.335 0.0006081489012 2
0 0.055 0.345 0.0005451020452 2
0 0.055 0.355 0.0004747784064 2
0 0.055 0.365 0.0004071676785 2
0 0.055 0.375 0.0003313532757 1
0 0.055 0.385 0.0002428333005 1
0 0.055 0.395 0.0001588794743 1
0 0.055 0.405 0 1
0 0.055 0.415 0 1
0 0.055 0.425 0 1
0 0.055 0.435 0 2
0 0.055 0.445 0 2
0 0.055 0.455 0 2
0 0.055 0.465 0 2
0 0.065 -0.455 0 2
0 0.065 -0.445 0 2
0 0.065 -0.435 0 2
0 0.065 -0.425 0 2
0 0.065 -0.415 0 2
0 0.065 -0.405 0 2
0 0.065 -0.395 -0.0002865634942 2
0 0.065 -0.385 -0.0004499878589 2
0 0.065 -0.375 -0.0006004765635 2
0 0.065 -0.365 -0.0007030076338 2
0 0.065 -0.355 -0.0007800611138 2
0 0.065 -0.345 -0.0008249530517 2
0 0.065 -0.335 -0.0008457102808 2
0 0.065 -0.325 -0.0008522950203 2
0 0.065 -0.315 -0.0008494477807 2
0 0.065 -0.305 -0.0008389785124 2
0 0.065 -0.295 -0.0008225695774 2
0 0.065 -0.285 -0.0008038257705 2
0 0.065 -0.275 -0.0007874588256 2
0 0.065 -0.265 -0.0007693423871 1
0 0.065 -0.255 -0.0007394954607 1
0 0.065 -0.245 -0.0007061664047 1
0 0.065 -0.235 -0.0006741389378 1
0 0.065 -0.225 -0.0006450782376 1
0 0.065 -0.215 -0.0006180953785 1
0 0.065 -0.205 -0.0005954411065 1
0 0.065 -0.195 -0.0005735149845 1
0 0.065 -0.185 -0.0005548653466 2
0 0.065 -0.175 -0.0005324152643 2
0 0.065 -0.165 -0.0005074537007 2
0 0.065 -0.155 -0.0004807257892 2
0 0.065 -0.145 -0.0004520892339 2
0 0.065 -0.135 -0.0004239230399 2
0 0.065 -0.125 -0.0003966472433 2
0 0.065 -0.115 -0.0003704931719 2
0 0.065 -0.105 -0.0003453784022 2
0 0.065 -0.095 -0.0003211200999 2
0 0.065 -0.085 -0.0002974750095 2
0 0.065 -0.075 -0.0002741622736 2
0 0.065 -0.065 -0.0002508702192 2
0 0.065 -0.055 -0.0002272750362 2
0 0.065 -0.045 -0.0002030693592 2
0 0.065 -0.035 -0.0001779714241 2
0 0.065 -0.025 -0.0001517017743 2
0 0.065 -0.015 -0.0001239412065 2
0 0.065 -0.005 -9.43417424e-05 2
0 0.065 0.005 -6.263238777e-05 2
0 0.065 0.015 -2.881594454e-05 2
0 0.065 0.025 6.67091751e-06 2
0 0.065 0.035 4.298951555e-05 2
0 0.065 0.045 7.911917924e-05 2
0 0.065 0.055 0.0001141759438 2
0 0.065 0.065 0.0001476410967 2
0 0.065 0.075 0.0001794058017 2
0 0.065 0.085 0.0002096229126 2
0 0.065 0.095 0.0002385039243 2
0 0.065 0.105 0.0002661802253 2
0 0.065 0.115 0.0002926455796 2
0 0.065 0.125 0.0003177722479 2
0 0.065 0.135 0.0003414598013 2
0 0.065 0.145 0.0003635369706 2
0 0.065 0.155 0.000385572587 2
0 0.065 0.165 0.0004052429461 2
0 0.065 0.175 0.0004355823479 2
0 0.065 0.185 0.0004856409178 2
0 0.065 0.195 0.0005343938763 1
0 0.065 0.205 0.0005732930187 1
0 0.065 0.215 0.0006072713368 1
0 0.065 0.225 0.000642431159 1
0 0.065 0.235 0.0006776521566 1
0 0.065 0.245 0.000709299544 1
0 0.065 0.255 0.0007381640497 1
0 0.065 0.265 0.0007612410149 1
0 0.065 0.275 0.0007688997653 1
0 0.065 0.285 0.000761570529 2
0 0.065 0.295 0.0007539798841 2
0 0.065 0.305 0.0007444076981 2
0 0.065 0.315 0.0007243225412 2
0 0.065 0.325 0.0006902881198 2
0 0.065 0.335 0.0006409972399 2
0 0.065 0.345 0.0005740199736 2
0 0.065 0.355 0.0004942019274 2
0 0.065 0.365 0.0004098774164 2
0 0.065 0.375 0.0003265755384 2
0 0.065 0.385 0.0002248467625 1
0 0.065 0.395 0.0001397053616 1
0 0.065 0.405 0 1
0 0.065 0.415 0 1
0 0.065 0.425 0 1
0 0.065 0.435 0 2
0 0.065 0.445 0 2
0 0.065 0.455 0 2
0 0.065 0.465 0 2
0 0.075 -0.455 0 2
0 0.075 -0.445 0 2
0 0.075 -0.435 0 2
0 0.075 -0.425 0 2
0 0.075 -0.415 0 2
0 0.075 -0.405 0 2
0 0.075 -0.395 -0.000295097196 2
0 0.075 -0.385 -0.0004578366951 2
0 0.075 -0.375 -0.0006051961684 2
0 0.075 -0.365 -0.0007101778753 1
0 0.075 -0.355 -0.0007788322036 1
0 0.075 -0.345 -0.000822833917 1
0 0.075 -0.335 -0.0008481094015 1
0 0.075 -0.325 -0.0008611226503 2
0 0.075 -0.315 -0.0008650141992 2
0 0.075 -0.305 -0.0008598433677 2
0 0.075 -0.295 -0.000846855594 2
0 0.075 -0.285 -0.0008302024397 2
0 0.075 -0.275 -0.0008128126371 2
0 0.075 -0.265 -0.0007922088564 1
0 0.075 -0.255 -0.0007613554625 1
0 0.075 -0.245 -0.0007274008165 1
0 0.075 -0.235 -0.0006960642498 1
0 0.075 -0.225 -0.0006662694891 1
0 0.075 -0.215 -0.0006385375396 1
0 0.075 -0.205 -0.0006125902725 1
0 0.075 -0.195 -0.0005872802111 1
0 0.075 -0.185 -0.0005671673688 1
0 0.075 -0.175 -0.0005562422972 2
0 0.075 -0.165 -0.0005380787994 2
0 0.075 -0.155 -0.0005116574255 2
0 0.075 -0.145 -0.0004829515788 2
0 0.075 -0.135 -0.0004541143771 2
0 0.075 -0.125 -0.0004260396366 2
0 0.075 -0.115 -0.0003989655127 2
0 0.075 -0.105 -0.0003728166104 2
0 0.075 -0.095 -0.000347391132 2
0 0.075 -0.085 -0.0003224438298 2
0 0.075 -0.075 -0.000297694285 2
0 0.075 -0.065 -0.0002728130448 2
0 0.075 -0.055 -0.0002474331987 2
0 0.075 -0.045 -0.000221188535 2
0 0.075 -0.035 -0.0001937502775 2
0 0.075 -0.025 -0.0001648389313 2
0 0.075 -0.015 -0.0001342243796 2
0 0.075 -0.005 -0.000101744213 2
0 0.075 0.005 -6.736254789e-05 2
0 0.075 0.015 -3.125818176e-05 2
0 0.075 0.025 6.118113987e-06 2
0 0.075 0.035 4.408259489e-05 2
0 0.075 0.045 8.185326688e-05 2
0 0.075 0.055 0.0001187299533 2
0 0.075 0.065 0.0001542292285 2
0 0.075 0.075 0.0001881210558 2
0 0.075 0.085 0.0002203626173 2
0 0.075 0.095 0.0002509901715 2
0 0.075 0.105 0.0002800296699 2
0 0.075 0.115 0.0003074615854 2
0 0.075 0.125 0.0003332162152 2
0 0.075 0.135 0.0003573758825 2
0 0.075 0.145 0.0003798719101 2
0 0.075 0.155 0.0004019468975 2
0 0.075 0.165 0.0004234936633 2
0 0.075 0.175 0.0004522544518 2
0 0.075 0.185 0.0005006720017 2
0 0.075 0.195 0.0005631912322 2
0 0.075 0.205 0.0006188555838 1
0 0.075 0.215 0.0006592983509 1
0 0.075 0.225 0.0006948665379 1
0 0.075 0.235 0.0007288899823 1
0 0.075 0.245 0.0007581013817 1
0 0.075 0.255 0.0007828663743 1
0 0.075 0.265 0.0008033998105 1
0 0.075 0.275 0.0008142361006 2
0 0.075 0.285 0.0008146211706 2
0 0.075 0.295 0.0008059062534 2
0 0.075 0.305 0.000791270185 2
0 0.075 0.315 0.0007662197537 2
0 0.075 0.325 0.0007279656143 2
0 0.075 0.335 0.0006749994169 2
0 0.075 0.345 0.0006078754515 2
0 0.075 0.355 0.0005253350853 2
0 0.075 0.365 0.0004300118763 2
0 0.075 0.375 0.0003321666457 2
0 0.075 0.385 0.0002275679165 2
0 0.075 0.395 0.0001284441586 1
0 0.075 0.405 0 1
0 0.075 0.415 0 1
0 0.075 0.425 0 2
0 0.075 0.435 0 2
0 0.075 0.445 0 2
0 0.075 0.455 0 2
0 0.075 0.465 0 2
0 0.085 -0.455 0 1
0 0.085 -0.445 0 1
0 0.085 -0.435 0 1
0 0.085 -0.425 0 1
0 0.085 -0.415 0 1
0 0.085 -0.405 0 1
0 0.085 -0.395 -0.0002679755266 1
0 0.085 -0.385 -0.0004149206646 2
0 0.085 -0.375 -0.0005618340658 1
0 0.085 -0.365 -0.0006571695071 1
0 0.085 -0.355 -0.0007226823485 1
0 0.085 -0.345 -0.0007713650897 1
0 0.085 -0.335 -0.0008064793346 1
0 0.085 -0.325 -0.0008291514195 1
0 0.085 -0.315 -0.0008482453126 2
0 0.085 -0.305 -0.0008562385484 2
0 0.085 -0.295 -0.0008528902499 2
0 0.085 -0.285 -0.0008435713318 2
0 0.085 -0.275 -0.0008264923373 2
0 0.085 -0.265 -0.0007994144808 2
0 0.085 -0.255 -0.000767798256 1
0 0.085 -0.245 -0.0007366147432 1
0 0.085 -0.235 -0.000707949161 1
0 0.085 -0.225 -0.0006783709369 1
0 0.085 -0.215 -0.0006503636024 1
0 0.085 -0.205 -0.0006230361885 1
0 0.085 -0.195 -0.0005979959508 1
0 0.085 -0.185 -0.0005778252716 1
0 0.085 -0.175 -0.0005668514842 2
0 0.085 -0.165 -0.0005516104071 2
0 0.085 -0.155 -0.0005284551358 2
0 0.085 -0.145 -0.0005016061493 2
0 0.085 -0.135 -0.0004739407267 2
0 0.085 -0.125 -0.0004466237999 2
0 0.085 -0.115 -0.000419966565 2
0 0.085 -0.105 -0.0003939129302 2
0 0.085 -0.095 -0.000368271108 2
0 0.085 -0.085 -0.0003428398196 2
0 0.085 -0.075 -0.0003173787611 2
0 0.085 -0.065 -0.0002915560758 2
0 0.085 -0.055 -0.000264961868 2
0 0.085 -0.045 -0.000237177742 2
0 0.085 -0.035 -0.0002078529952 2
0 0.085 -0.025 -0.0001767410818 2
0 0.085 -0.015 -0.0001437161422 2
0 0.085 -0.005 -0.0001087771594 2
0 0.085 0.005 -7.206339032e-05 2
0 0.085 0.015 -3.38782681e-05 2
0 0.085 0.025 5.305080627e-06 2
0 0.085 0.035 4.488313966e-05 2
0 0.085 0.045 8.420712737e-05 2
0 0.085 0.055 0.0001226869579 2
0 0.085 0.065 0.00015987116 2
0 0.085 0.075 0.000195474189 2
0 0.085 0.085 0.0002293484764 2
0 0.085 0.095 0.0002614296634 2
0 0.085 0.105 0.0002916859894 2
0 0.085 0.115 0.0003201062648 2
0 0.085 0.125 0.0003466988374 2
0 0.085 0.135 0.0003716501411 2
0 0.085 0.145 0.0003952547408 2
0 0.085 0.155 0.0004186812626 2
0 0.085 0.165 0.0004444852667 2
0 0.085 0.175 0.0004736943153 2
0 0.085 0.185 0.0005122094674 2
0 0.085 0.195 0.000565092099 2
0 0.085 0.205 0.0006307406457 2
0 0.085 0.215 0.0006915561734 2
0 0.085 0.225 0.0007363473457 1
0 0.085 0.235 0.0007701639851 1
0 0.085 0.245 0.0007990288918 1
0 0.085 0.255 0.0008248980854 1
0 0.085 0.265 0.0008477599651 1
0 0.085 0.275 0.0008630620244 2
0 0.085 0.285 0.0008645913822 2
0 0.085 0.295 0.0008534444347 2
0 0.085 0.305 0.0008331640355 2
0 0.085 0.315 0.0008039520377 2
0 0.085 0.325 0.0007629824356 2
0 0.085 0.335 0.0007084080836 2
0 0.085 0.345 0.0006396614146 2
0 0.085 0.355 0.0005586793942 2
0 0.085 0.365 0.0004633886544 2
0 0.085 0.375 0.0003591439919 2
0 0.085 0.385 0.0002501451134 2
0 0.085 0.395 0.0001582126172 2
0 0.085 0.405 0 2
0 0.085 0.415 0 2
0 0.085 0.425 0 2
0 0.085 0.435 0 2
0 0.085 0.445 0 2
0 0.085 0.455 0 2
0 0.085 0.465 0 2
0 0.095 -0.455 0 1
0 0.095 -0.445 0 1
0 0.095 -0.435 0 1
0 0.095 -0.425 0 1
0 0.095 -0.415 0 1
0 0.095 -0.405 0 1
0 0.095 -0.395 -0.000223655 1
0 0.095 -0.385 -0.0003471494087 1
0 0.095 -0.375 -0.0004778694081 1
0 0.095 -0.365 -0.0005753800855 1
0 0.095 -0.355 -0.000644631266 1
0 0.095 -0.345 -0.0006992878596 1
0 0.095 -0.335 -0.0007426516801 1
0 0.095 -0.325 -0.0007738038599 1
0 0.095 -0.315 -0.00080444684 2
0 0.095 -0.305 -0.0008288049377 2
0 0.095 -0.295 -0.0008400609373 2
0 0.095 -0.285 -0.0008387957209 2
0 0.095 -0.275 -0.0008262396616 2
0 0.095 -0.265 -0.000800965455 2
0 0.095 -0.255 -0.0007698087354 1
0 0.095 -0.245 -0.0007394867191 1
0 0.095 -0.235 -0.0007111710118 1
0 0.095 -0.225 -0.0006827443211 1
0 0.095 -0.215 -0.0006551955982 1
0 0.095 -0.205 -0.0006292953934 1
0 0.095 -0.195 -0.0006049167124 1
0 0.095 -0.185 -0.0005821140791 1
0 0.095 -0.175 -0.0005673382145 2
0 0.095 -0.165 -0.0005524000216 2
0 0.095 -0.155 -0.000533207984 2
0 0.095 -0.145 -0.000509343294 2
0 0.095 -0.135 -0.0004842790093 2
0 0.095 -0.125 -0.0004590505202 2
0 0.095 -0.115 -0.000434031705 2
0 0.095 -0.105 -0.0004091118519 2
0 0.095 -0.095 -0.0003840843754 2
0 0.095 -0.085 -0.000358881605 2
0 0.095 -0.075 -0.0003333990881 2
0 0.095 -0.065 -0.0003073132395 2
0 0.095 -0.055 -0.0002801188261 2
0 0.095 -0.045 -0.000251303624 2
0 0.095 -0.035 -0.0002205130204 2
0 0.095 -0.025 -0.000187566326 2
0 0.095 -0.015 -0.0001524594031 2
0 0.095 -0.005 -0.0001153472455 2
0 0.095 0.005 -7.652232174e-05 2
0 0.095 0.015 -3.639607449e-05 2
0 0.095 0.025 4.523972925e-06 2
0 0.095 0.035 4.566921238e-05 2
0 0.095 0.045 8.646480092e-05 2
0 0.095 0.055 0.0001263896986 2
0 0.095 0.065 0.0001650232251 2
0 0.095 0.075 0.0002020639569 2
0 0.095 0.085 0.0002373196641 2
0 0.095 0.095 0.0002706826365 2
0 0.095 0.105 0.0003021066606 2
0 0.095 0.115 0.0003316118317 2
0 0.095 0.125 0.0003593003711 2
0 0.095 0.135 0.0003854680811 2
0 0.095 0.145 0.0004106794233 2
0 0.095 0.155 0.0004360266133 2
0 0.095 0.165 0.0004633910056 2
0 0.095 0.175 0.0004956040479 2
0 0.095 0.185 0.0005326252912 2
0 0.095 0.195 0.0005784094168 2
0 0.095 0.205 0.0006338162573 2
0 0.095 0.215 0.000691762849 2
0 0.095 0.225 0.000746285665 2
0 0.095 0.235 0.0007935184505 2
0 0.095 0.245 0.0008332375954 2
0 0.095 0.255 0.0008691516356 2
0 0.095 0.265 0.0008974151517 2
0 0.095 0.275 0.0009091479241 2
0 0.095 0.285 0.0009032985421 2
0 0.095 0.295 0.0008876466128 2
0 0.095 0.305 0.0008648979162 2
0 0.095 0.315 0.0008335032524 2
0 0.095 0.325 0.0007918824229 2
0 0.095 0.335 0.0007378016448 2
0 0.095 0.345 0.0006699103407 2
0 0.095 0.355 0.0005892822799 2
0 0.095 0.365 0.0004975578327 2
0 0.095 0.375 0.0003955343391 2
0 0.095 0.385 0.0002823117552 2
0 0.095 0.395 0.0001828053681 2
0 0.095 0.405 0 2
0 0.095 0.415 0 2
0 0.095 0.425 0 2
0 0.095 0.435 0 2
0 0.095 0.445 0 2
0 0.095 0.455 0 2
0 0.095 0.465 0 2
0 0.105 -0.455 0 1
0 0.105 -0.445 0 1
0 0.105 -0.435 0 1
0 0.105 -0.425 0 1
0 0.105 -0.415 0 1
0 0.105 -0.405 0 1
0 0.105 -0.395 -0.0001757198134 1
0 0.105 -0.385 -0.000281184725 1
0 0.105 -0.375 -0.0003979735779 1
0 0.105 -0.365 -0.0004912400758 1
0 0.105 -0.355 -0.0005651761901 1
0 0.105 -0.345 -0.0006259655339 1
0 0.105 -0.335 -0.0006754999918 1
0 0.105 -0.325 -0.0007120039432 1
0 0.105 -0.315 -0.0007443526254 1
0 0.105 -0.305 -0.0007817411398 2
0 0.105 -0.295 -0.0008076864376 2
0 0.105 -0.285 -0.00081716347 2
0 0.105 -0.275 -0.000815145571 2
0 0.105 -0.265 -0.0007994887634 2
0 0.105 -0.255 -0.00076889843 2
0 0.105 -0.245 -0.0007334326563 1
0 0.105 -0.235 -0.0007043659245 1
0 0.105 -0.225 -0.0006795761398 1
0 0.105 -0.215 -0.0006541357475 1
0 0.105 -0.205 -0.0006274304435 1
0 0.105 -0.195 -0.0006027041849 1
0 0.105 -0.185 -0.0005802748454 1
0 0.105 -0.175 -0.0005638214221 2
0 0.105 -0.165 -0.0005475424289 2
0 0.105 -0.155 -0.0005294198623 2
0 0.105 -0.145 -0.0005085291887 2
0 0.105 -0.135 -0.0004867191132 2
0 0.105 -0.125 -0.0004644015962 2
0 0.105 -0.115 -0.0004418709545 2
0 0.105 -0.105 -0.0004189546294 2
0 0.105 -0.095 -0.000395449846 2
0 0.105 -0.085 -0.0003713221309 2
0 0.105 -0.075 -0.0003465123581 2
0 0.105 -0.065 -0.000320706726 2
0 0.105 -0.055 -0.0002933551623 2
0 0.105 -0.045 -0.0002638895982 2
0 0.105 -0.035 -0.0002319447422 2
0 0.105 -0.025 -0.000197409039 2
0 0.105 -0.015 -0.0001604161994 2
0 0.105 -0.005 -0.0001212951663 2
0 0.105 0.005 -8.048736099e-05 2
0 0.105 0.015 -3.851311828e-05 2
0 0.105 0.025 4.076814664e-06 2
0 0.105 0.035 4.67265728e-05 2
0 0.105 0.045 8.890714454e-05 2
0 0.105 0.055 0.0001301477548 2
0 0.105 0.065 0.0001700607412 2
0 0.105 0.075 0.0002083531362 2
0 0.105 0.085 0.0002448250864 2
0 0.105 0.095 0.0002793623118 2
0 0.105 0.105 0.0003119315628 2
0 0.105 0.115 0.0003425950561 2
0 0.105 0.125 0.0003715406951 2
0 0.105 0.135 0.0003991580249 2
0 0.105 0.145 0.0004261401647 2
0 0.105 0.155 0.0004535496265 2
0 0.105 0.165 0.0004828033785 2
0 0.105 0.175 0.0005158632431 2
0 0.105 0.185 0.0005545587748 2
0 0.105 0.195 0.0005997773297 2
0 0.105 0.205 0.0006479338905 2
0 0.105 0.215 0.0006986049396 2
0 0.105 0.225 0.0007523780853 2
0 0.105 0.235 0.0008055217415 2
0 0.105 0.245 0.0008521091632 2
0 0.105 0.255 0.0008908587164 2
0 0.105 0.265 0.0009186240192 2
0 0.105 0.275 0.0009292411418 2
0 0.105 0.285 0.0009229990729 2
0 0.105 0.295 0.0009060298717 2
0 0.105 0.305 0.000881986141 2
0 0.105 0.315 0.0008503234869 2
0 0.105 0.325 0.0008098773148 2
0 0.105 0.335 0.0007601389345 2
0 0.105 0.345 0.0006975155387 2
0 0.105 0.355 0.0006218478863 2
0 0.105 0.365 0.0005360013548 2
0 0.105 0.375 0.0004432276072 2
0 0.105 0.385 0.0003246246807 2
0 0.105 0.395 0.0002115283932 2
0 0.105 0.405 0 2
0 0.105 0.415 0 2
0 0.105 0.425 0 2
0 0.105 0.435 0 2
0 0.105 0.445 0 2
0 0.105 0.455 0 2
0 0.105 0.465 0 2
0 0.115 -0.455 0 1
0 0.115 -0.445 0 1
0 0.115 -0.435 0 1
0 0.115 -0.425 0 1
0 0.115 -0.415 0 1
0 0.115 -0.405 0 1
0 0.115 -0.395 -0.0001468283021 1
0 0.115 -0.385 -0.0002364795269 1
0 0.115 -0.375 -0.0003338054901 1
0 0.115 -0.365 -0.0004162406466 1
0 0.115 -0.355 -0.0004899625776 1
0 0.115 -0.345 -0.0005517243483 1
0 0.115 -0.335 -0.0006039988809 1
0 0.115 -0.325 -0.0006449456412 1
0 0.115 -0.315 -0.0006831710576 1
0 0.115 -0.305 -0.000725937269 2
0 0.115 -0.295 -0.0007610453365 2
0 0.115 -0.285 -0.0007837482162 2
0 0.115 -0.275 -0.0007927045413 2
0 0.115 -0.265 -0.0007882351288 2
0 0.115 -0.255 -0.0007669123195 2
0 0.115 -0.245 -0.0007329361022 2
0 0.115 -0.235 -0.0006968796156 1
0 0.115 -0.225 -0.0006695622355 1
0 0.115 -0.215 -0.0006446345907 1
0 0.115 -0.205 -0.0006200950246 1
0 0.115 -0.195 -0.0005970926837 1
0 0.115 -0.185 -0.0005738428942 1
0 0.115 -0.175 -0.000553217913 2
0 0.115 -0.165 -0.000535392529 2
0 0.115 -0.155 -0.0005198259246 2
0 0.115 -0.145 -0.0005022526568 2
0 0.115 -0.135 -0.0004834266942 2
0 0.115 -0.125 -0.0004641879268 2
0 0.115 -0.115 -0.0004452458556 2
0 0.115 -0.105 -0.000425172905 2
0 0.115 -0.095 -0.0004031215314 2
0 0.115 -0.085 -0.0003800665892 2
0 0.115 -0.075 -0.0003566133468 2
0 0.115 -0.065 -0.0003320596919 2
0 0.115 -0.055 -0.0003050901252 2
0 0.115 -0.045 -0.000275252945 2
0 0.115 -0.035 -0.0002423338308 2
0 0.115 -0.025 -0.0002063105551 2
0 0.115 -0.015 -0.000167483852 2
0 0.115 -0.005 -0.0001264093012 2
0 0.115 0.005 -8.368330613e-05 2
0 0.115 0.015 -3.992702816e-05 2
0 0.115 0.025 4.262740619e-06 2
0 0.115 0.035 4.833724395e-05 2
0 0.115 0.045 9.180499158e-05 2
0 0.115 0.055 0.0001342397863 2
0 0.115 0.065 0.0001752910895 2
0 0.115 0.075 0.0002146891104 2
0 0.115 0.085 0.0002522471985 2
0 0.115 0.095 0.0002878640136 2
0 0.115 0.105 0.0003215301927 2
0 0.115 0.115 0.0003533474582 2
0 0.115 0.125 0.0003835611722 2
0 0.115 0.135 0.0004126107374 2
0 0.115 0.145 0.0004411816819 2
0 0.115 0.155 0.0004702678925 2
0 0.115 0.165 0.0005010569425 2
0 0.115 0.175 0.0005349168723 2
0 0.115 0.185 0.0005729296418 2
0 0.115 0.195 0.0006157839429 2
0 0.115 0.205 0.0006629972907 2
0 0.115 0.215 0.0007132114835 2
0 0.115 0.225 0.000764179535 2
0 0.115 0.235 0.0008130432009 2
0 0.115 0.245 0.0008564803136 2
0 0.115 0.255 0.0008913055202 2
0 0.115 0.265 0.0009145326514 2
0 0.115 0.275 0.0009238963905 2
0 0.115 0.285 0.0009196816214 2
0 0.115 0.295 0.000904411319 2
0 0.115 0.305 0.0008807872892 2
0 0.115 0.315 0.0008496720949 2
0 0.115 0.325 0.0008103329926 2
0 0.115 0.335 0.0007646344926 2
0 0.115 0.345 0.0007078833073 2
0 0.115 0.355 0.0006378104972 2
0 0.115 0.365 0.0005604127272 2
0 0.115 0.375 0.0004751782477 2
0 0.115 0.385 0.0003508279697 2
0 0.115 0.395 0.0002273738964 2
0 0.115 0.405 0 2
0 0.115 0.415 0 2
0 0.115 0.425 0 2
0 0.115 0.435 0 2
0 0.115 0.445 0 2
0 0.115 0.455 0 2
0 0.115 0.465 0 2
0 0.125 -0.455 0 1
0 0.125 -0.445 0 1
0 0.125 -0.435 0 1
0 0.125 -0.425 0 1
0 0.125 -0.415 0 1
0 0.125 -0.405 0 1
0 0.125 -0.395 -0.0001228369018 1
0 0.125 -0.385 -0.0001969977731 1
0 0.125 -0.375 -0.000277802652 1
0 0.125 -0.365 -0.0003499568483 1
0 0.125 -0.355 -0.0004183331083 1
0 0.125 -0.345 -0.0004798302374 1
0 0.125 -0.335 -0.0005342654344 1
0 0.125 -0.325 -0.000578938589 1
0 0.125 -0.315 -0.0006206523618 1
0 0.125 -0.305 -0.0006661779772 2
0 0.125 -0.295 -0.000707132194 2
0 0.125 -0.285 -0.0007405392661 2
0 0.125 -0.275 -0.0007585978584 2
0 0.125 -0.265 -0.0007647135878 2
0 0.125 -0.255 -0.0007572992813 2
0 0.125 -0.245 -0.0007364293697 2
0 0.125 -0.235 -0.0007034388983 2
0 0.125 -0.225 -0.0006678322254 2
0 0.125 -0.215 -0.000636345801 1
0 0.125 -0.205 -0.0006126971898 1
0 0.125 -0.195 -0.00058938334 1
0 0.125 -0.185 -0.0005630115796 2
0 0.125 -0.175 -0.0005381686725 2
0 0.125 -0.165 -0.0005208857356 2
0 0.125 -0.155 -0.0005067416167 2
0 0.125 -0.145 -0.0004916993634 2
0 0.125 -0.135 -0.0004765581838 2
0 0.125 -0.125 -0.0004602239546 2
0 0.125 -0.115 -0.0004432768408 2
0 0.125 -0.105 -0.0004253650899 2
0 0.125 -0.095 -0.0004074461969 2
0 0.125 -0.085 -0.0003884213634 2
0 0.125 -0.075 -0.0003671182978 2
0 0.125 -0.065 -0.0003429831651 2
0 0.125 -0.055 -0.0003157512181 2
0 0.125 -0.045 -0.0002856788699 2
0 0.125 -0.035 -0.0002516481114 2
0 0.125 -0.025 -0.0002141711204 2
0 0.125 -0.015 -0.0001734807383 2
0 0.125 -0.005 -0.0001304214558 2
0 0.125 0.005 -8.579605427e-05 2
0 0.125 0.015 -4.032449056e-05 2
0 0.125 0.025 5.373530951e-06 2
0 0.125 0.035 5.07627223e-05 2
0 0.125 0.045 9.539471248e-05 2
0 0.125 0.055 0.000138890652 2
0 0.125 0.065 0.0001809412742 2
0 0.125 0.075 0.0002213071819 2
0 0.125 0.085 0.0002598231866 2
0 0.125 0.095 0.0002964062801 2
0 0.125 0.105 0.0003310683555 2
0 0.125 0.115 0.0003639365392 2
0 0.125 0.125 0.0003952807522 2
0 0.125 0.135 0.0004255463598 2
0 0.125 0.145 0.0004553745172 2
0 0.125 0.155 0.0004856125279 2
0 0.125 0.165 0.0005172522442 2
0 0.125 0.175 0.000551313338 2
0 0.125 0.185 0.000588512157 2
0 0.125 0.195 0.000629148476 2
0 0.125 0.205 0.0006728251523 2
0 0.125 0.215 0.0007185902361 2
0 0.125 0.225 0.0007647240549 2
0 0.125 0.235 0.0008086980824 2
0 0.125 0.245 0.0008473954462 2
0 0.125 0.255 0.0008777883642 2
0 0.125 0.265 0.0008973642568 2
0 0.125 0.275 0.0009045902757 2
0 0.125 0.285 0.0008997190729 2
0 0.125 0.295 0.0008843699424 2
0 0.125 0.305 0.0008605513053 2
0 0.125 0.315 0.0008287843967 2
0 0.125 0.325 0.0007897595981 2
0 0.125 0.335 0.0007395070487 2
0 0.125 0.345 0.0006776397078 2
0 0.125 0.355 0.000609905229 1
0 0.125 0.365 0.0005430098013 1
0 0.125 0.375 0.0004659084854 1
0 0.125 0.385 0.0003579305836 1
0 0.125 0.395 0.0002427351079 1
0 0.125 0.405 0 2
0 0.125 0.415 0 2
0 0.125 0.425 0 2
0 0.125 0.435 0 2
0 0.125 0.445 0 2
0 0.125 0.455 0 2
0 0.125 0.465 0 2
0 0.135 -0.455 0 1
0 0.135 -0.445 0 1
0 0.135 -0.435 0 1
0 0.135 -0.425 0 1
0 0.135 -0.415 0 1
0 0.135 -0.405 0 1
0 0.135 -0.395 -8.126645188e-05 1
0 0.135 -0.385 -0.0001431558256 1
0 0.135 -0.375 -0.0002141078837 1
0 0.135 -0.365 -0.0002807863438 1
0 0.135 -0.355 -0.0003484725162 1
0 0.135 -0.345 -0.0004123351305 1
0 0.135 -0.335 -0.0004687858237 1
0 0.135 -0.325 -0.0005158415074 1
0 0.135 -0.315 -0.000559886054 1
0 0.135 -0.305 -0.0006078517415 2
0 0.135 -0.295 -0.0006527017954 2
0 0.135 -0.285 -0.0006923653413 2
0 0.135 -0.275 -0.0007184351837 2
0 0.135 -0.265 -0.0007329137242 2
0 0.135 -0.255 -0.0007352293589 2
0 0.135 -0.245 -0.0007255422083 2
0 0.135 -0.235 -0.0007039998616 2
0 0.135 -0.225 -0.0006754653676 2
0 0.135 -0.215 -0.0006442393824 2
0 0.135 -0.205 -0.0006129015432 2
0 0.135 -0.195 -0.0005808343272 2
0 0.135 -0.185 -0.0005507894963 2
0 0.135 -0.175 -0.0005270142437 2
0 0.135 -0.165 -0.0005092522566 2
0 0.135 -0.155 -0.0004941550381 2
0 0.135 -0.145 -0.0004809592093 2
0 0.135 -0.135 -0.0004685837345 1
0 0.135 -0.125 -0.0004551015461 2
0 0.135 -0.115 -0.000439107905 2
0 0.135 -0.105 -0.0004221081841 1
0 0.135 -0.095 -0.0004076046468 1
0 0.135 -0.085 -0.0003923255829 1
0 0.135 -0.075 -0.0003736684072 2
0 0.135 -0.065 -0.0003513943914 2
0 0.135 -0.055 -0.000325439372 2
0 0.135 -0.045 -0.0002954459547 2
0 0.135 -0.035 -0.0002599859004 2
0 0.135 -0.025 -0.0002205510201 2
0 0.135 -0.015 -0.0001779869108 2
0 0.135 -0.005 -0.0001329302042 2
0 0.135 0.005 -8.644974623e-05 2
0 0.135 0.015 -3.938140728e-05 2
0 0.135 0.025 7.680747634e-06 2
0 0.135 0.035 5.422641412e-05 2
0 0.135 0.045 9.986145032e-05 2
0 0.135 0.055 0.0001442610552 2
0 0.135 0.065 0.0001871587495 2
0 0.135 0.075 0.0002283457414 2
0 0.135 0.085 0.0002676766086 2
0 0.135 0.095 0.0003050815276 2
0 0.135 0.105 0.0003405820292 2
0 0.135 0.115 0.0003743105987 2
0 0.135 0.125 0.0004065312985 2
0 0.135 0.135 0.0004376585095 2
0 0.135 0.145 0.0004682603346 2
0 0.135 0.155 0.0004990409284 2
0 0.135 0.165 0.0005307717294 2
0 0.135 0.175 0.0005641893691 2
0 0.135 0.185 0.0005998189213 2
0 0.135 0.195 0.0006378190695 2
0 0.135 0.205 0.0006777880395 2
0 0.135 0.215 0.0007187430909 2
0 0.135 0.225 0.0007590704327 2
0 0.135 0.235 0.0007965789285 2
0 0.135 0.245 0.0008287463219 2
0 0.135 0.255 0.0008531510533 2
0 0.135 0.265 0.0008678444321 2
0 0.135 0.275 0.0008716994415 2
0 0.135 0.285 0.0008647356155 2
0 0.135 0.295 0.0008477865149 2
0 0.135 0.305 0.0008221399748 2
0 0.135 0.315 0.0007877468862 2
0 0.135 0.325 0.0007467254414 2
0 0.135 0.335 0.0006885149891 2
0 0.135 0.345 0.0006182250433 2
0 0.135 0.355 0.0005487602371 1
0 0.135 0.365 0.0004819899222 1
0 0.135 0.375 0.0004036411467 1
0 0.135 0.385 0.0003134591913 1
0 0.135 0.395 0.0002155668749 1
0 0.135 0.405 0 2
0 0.135 0.415 0 2
0 0.135 0.425 0 2
0 0.135 0.435 0 2
0 0.135 0.445 0 2
0 0.135 0.455 0 2
0 0.135 0.465 0 2
0 0.145 -0.455 0 2
0 0.145 -0.445 0 2
0 0.145 -0.435 0 1
0 0.145 -0.425 0 1
0 0.145 -0.415 0 1
0 0.145 -0.405 0 1
0 0.145 -0.395 -3.317087683e-05 1
0 0.145 -0.385 -8.651700699e-05 1
0 0.145 -0.375 -0.0001535789456 1
0 0.145 -0.365 -0.0002183025278 1
0 0.145 -0.355 -0.0002876494046 1
0 0.145 -0.345 -0.0003529984101 1
0 0.145 -0.335 -0.000409261707 1
0 0.145 -0.325 -0.0004567864698 1
0 0.145 -0.315 -0.0005015791638 1
0 0.145 -0.305 -0.0005505487562 2
0 0.145 -0.295 -0.0005978964057 2
0 0.145 -0.285 -0.0006422775584 2
0 0.145 -0.275 -0.0006747236616 2
0 0.145 -0.265 -0.0006964807184 2
0 0.145 -0.255 -0.0007060896306 2
0 0.145 -0.245 -0.0007040428708 2
0 0.145 -0.235 -0.0006920804949 2
0 0.145 -0.225 -0.0006722794303 2
0 0.145 -0.215 -0.0006455067142 2
0 0.145 -0.205 -0.0006134867109 2
0 0.145 -0.195 -0.0005799631107 2
0 0.145 -0.185 -0.0005500359778 2
0 0.145 -0.175 -0.0005241692805 2
0 0.145 -0.165 -0.0005029892702 2
0 0.145 -0.155 -0.000485871016 1
0 0.145 -0.145 -0.0004742274255 1
0 0.145 -0.135 -0.0004628986275 1
0 0.145 -0.125 -0.0004496974805 1
0 0.145 -0.115 -0.0004361510639 1
0 0.145 -0.105 -0.0004210379953 1
0 0.145 -0.095 -0.0004050315559 1
0 0.145 -0.085 -0.0003881007101 1
0 0.145 -0.075 -0.0003707793908 1
0 0.145 -0.065 -0.0003525111679 1
0 0.145 -0.055 -0.000329859503 2
0 0.145 -0.045 -0.0003018809957 2
0 0.145 -0.035 -0.0002667643045 2
0 0.145 -0.025 -0.0002255431872 2
0 0.145 -0.015 -0.0001805117137 2
0 0.145 -0.005 -0.0001335433928 2
0 0.145 0.005 -8.530126318e-05 2
0 0.145 0.015 -3.680490753e-05 2
0 0.145 0.025 1.140259859e-05 2
0 0.145 0.035 5.888631231e-05 2
0 0.145 0.045 0.0001053188075 2
0 0.145 0.055 0.0001504364426 2
0 0.145 0.065 0.0001940120548 2
0 0.145 0.075 0.0002358605733 2
0 0.145 0.085 0.0002758466112 2
0 0.145 0.095 0.0003139009795 2
0 0.145 0.105 0.000350038292 2
0 0.145 0.115 0.0003843753505 2
0 0.145 0.125 0.0004171463032 2
0 0.145 0.135 0.0004487107736 2
0 0.145 0.145 0.0004795467651 2
0 0.145 0.155 0.0005102216767 2
0 0.145 0.165 0.0005413274976 2
0 0.145 0.175 0.0005733877171 2
0 0.145 0.185 0.0006067297125 2
0 0.145 0.195 0.0006413655887 2
0 0.145 0.205 0.0006768712433 2
0 0.145 0.215 0.0007123376759 2
0 0.145 0.225 0.0007463540244 2
0 0.145 0.235 0.0007770864241 2
0 0.145 0.245 0.0008024782008 2
0 0.145 0.255 0.0008205576579 2
0 0.145 0.265 0.000829744127 2
0 0.145 0.275 0.0008290898941 2
0 0.145 0.285 0.0008184104965 2
0 0.145 0.295 0.0007980247148 2
0 0.145 0.305 0.0007685186092 2
0 0.145 0.315 0.00072934809 2
0 0.145 0.325 0.0006806504866 2
0 0.145 0.335 0.0006153606035 2
0 0.145 0.345 0.0005420352739 1
0 0.145 0.355 0.0004794016831 1
0 0.145 0.365 0.0004134251252 1
0 0.145 0.375 0.0003351844392 1
0 0.145 0.385 0.0002529277212 1
0 0.145 0.395 0.0001668033591 1
0 0.145 0.405 0 1
0 0.145 0.415 0 2
0 0.145 0.425 0 2
0 0.145 0.435 0 2
0 0.145 0.445 0 2
0 0.145 0.455 0 2
0 0.145 0.465 0 2
0 0.155 -0.455 0 2
0 0.155 -0.445 0 2
0 0.155 -0.435 0 2
0 0.155 -0.425 0 2
0 0.155 -0.415 0 2
0 0.155 -0.405 0 2
0 0.155 -0.395 -2.784162105e-05 2
0 0.155 -0.385 -7.11629471e-05 2
0 0.155 -0.375 -0.0001325207489 2
0 0.155 -0.365 -0.0001876858371 1
0 0.155 -0.355 -0.0002457634078 1
0 0.155 -0.345 -0.0003027126519 1
0 0.155 -0.335 -0.0003553381215 1
0 0.155 -0.325 -0.0004016851581 1
0 0.155 -0.315 -0.0004466644949 1
0 0.155 -0.305 -0.000495126937 2
0 0.155 -0.295 -0.0005444780631 2
0 0.155 -0.285 -0.0005939990807 2
0 0.155 -0.275 -0.0006313968077 2
0 0.155 -0.265 -0.0006585304938 2
0 0.155 -0.255 -0.0006740506254 2
0 0.155 -0.245 -0.0006786001367 2
0 0.155 -0.235 -0.0006730807024 2
0 0.155 -0.225 -0.0006588982463 2
0 0.155 -0.215 -0.0006377159518 2
0 0.155 -0.205 -0.0006116335456 2
0 0.155 -0.195 -0.0005830955813 2
0 0.155 -0.185 -0.0005549581358 2
0 0.155 -0.175 -0.0005272447172 2
0 0.155 -0.165 -0.00050381278 2
0 0.155 -0.155 -0.0004848090933 1
0 0.155 -0.145 -0.0004718236631 1
0 0.155 -0.135 -0.0004599799244 1
0 0.155 -0.125 -0.000446720068 1
0 0.155 -0.115 -0.0004329065659 1
0 0.155 -0.105 -0.0004176349149 1
0 0.155 -0.095 -0.0004010304587 1
0 0.155 -0.085 -0.0003833425687 1
0 0.155 -0.075 -0.0003651492534 1
0 0.155 -0.065 -0.0003463925483 1
0 0.155 -0.055 -0.0003267022766 1
0 0.155 -0.045 -0.0003016324978 2
0 0.155 -0.035 -0.0002692117887 2
0 0.155 -0.025 -0.0002274253504 2
0 0.155 -0.015 -0.0001800624739 2
0 0.155 -0.005 -0.0001316569551 2
0 0.155 0.005 -8.19871933e-05 2
0 0.155 0.015 -3.235851224e-05 2
0 0.155 0.025 1.666964831e-05 2
0 0.155 0.035 6.480492262e-05 2
0 0.155 0.045 0.000111789027 2
0 0.155 0.055 0.000157418554 2
0 0.155 0.065 0.0002014940678 2
0 0.155 0.075 0.0002438398046 2
0 0.155 0.085 0.0002843142238 2
0 0.155 0.095 0.0003228314385 2
0 0.155 0.105 0.0003593805452 2
0 0.155 0.115 0.0003940432335 2
0 0.155 0.125 0.0004270052628 2
0 0.155 0.135 0.0004585582705 2
0 0.155 0.145 0.00048908621 2
0 0.155 0.155 0.0005190321752 2
0 0.155 0.165 0.0005488404407 2
0 0.155 0.175 0.0005788768235 2
0 0.155 0.185 0.0006093298017 2
0 0.155 0.195 0.0006401144385 2
0 0.155 0.205 0.0006707884118 2
0 0.155 0.215 0.0007005134301 2
0 0.155 0.225 0.0007280635675 2
0 0.155 0.235 0.0007519074819 2
0 0.155 0.245 0.0007703696115 2
0 0.155 0.255 0.0007818509692 2
0 0.155 0.265 0.000785047948 2
0 0.155 0.275 0.0007791147016 2
0 0.155 0.285 0.0007637131826 2
0 0.155 0.295 0.0007388603943 2
0 0.155 0.305 0.000704625557 2
0 0.155 0.315 0.0006606940285 2
0 0.155 0.325 0.0006047747897 2
0 0.155 0.335 0.0005400588417 2
0 0.155 0.345 0.0004717252443 1
0 0.155 0.355 0.0004114027561 1
0 0.155 0.365 0.0003505957616 1
0 0.155 0.375 0.0002807367208 1
0 0.155 0.385 0.0002026898328 1
0 0.155 0.395 0.000129755032 1
0 0.155 0.405 0 1
0 0.155 0.415 0 2
0 0.155 0.425 0 2
0 0.155 0.435 0 2
0 0.155 0.445 0 2
0 0.155 0.455 0 2
0 0.155 0.465 0 2
0 0.165 -0.455 0 2
0 0.165 -0.445 0 2
0 0.165 -0.435 0 2
0 0.165 -0.425 0 2
0 0.165 -0.415 0 2
0 0.165 -0.405 0 2
0 0.165 -0.395 -4.213640227e-05 2
0 0.165 -0.385 -7.473770007e-05 2
0 0.165 -0.375 -0.000123970777 2
0 0.165 -0.365 -0.0001705755667 1
0 0.165 -0.355 -0.0002130569756 1
0 0.165 -0.345 -0.000256673643 1
0 0.165 -0.335 -0.000303174892 1
0 0.165 -0.325 -0.0003485773964 1
0 0.165 -0.315 -0.0003949174118 1
0 0.165 -0.305 -0.0004452584888 2
0 0.165 -0.295 -0.000498570609 2
0 0.165 -0.285 -0.0005517165947 2
0 0.165 -0.275 -0.000591958287 2
0 0.165 -0.265 -0.000622264523 2
0 0.165 -0.255 -0.0006416378957 2
0 0.165 -0.245 -0.0006508568575 2
0 0.165 -0.235 -0.0006506846311 2
0 0.165 -0.225 -0.0006422652741 2
0 0.165 -0.215 -0.0006269797608 2
0 0.165 -0.205 -0.0006066265737 2
0 0.165 -0.195 -0.0005831391515 2
0 0.165 -0.185 -0.000558645481 2
0 0.165 -0.175 -0.0005321511491 2
0 0.165 -0.165 -0.000508028723 2
0 0.165 -0.155 -0.0004866662261 1
0 0.165 -0.145 -0.0004720101676 1
0 0.165 -0.135 -0.0004591408481 1
0 0.165 -0.125 -0.0004450523698 1
0 0.165 -0.115 -0.0004302917471 1
0 0.165 -0.105 -0.0004142189619 1
0 0.165 -0.095 -0.0003967269586 1
0 0.165 -0.085 -0.0003781367084 1
0 0.165 -0.075 -0.0003590220262 1
0 0.165 -0.065 -0.0003394142887 1
0 0.165 -0.055 -0.0003191211202 1
0 0.165 -0.045 -0.000296633116 1
0 0.165 -0.035 -0.0002662237354 2
0 0.165 -0.025 -0.0002264812872 2
0 0.165 -0.015 -0.000177804073 2
0 0.165 -0.005 -0.0001270916756 2
0 0.165 0.005 -7.637646545e-05 2
0 0.165 0.015 -2.599744441e-05 2
0 0.165 0.025 2.34513449e-05 2
0 0.165 0.035 7.190858576e-05 2
0 0.165 0.045 0.0001191830929 2
0 0.165 0.055 0.000165119972 2
0 0.165 0.065 0.0002095275635 2
0 0.165 0.075 0.0002522184507 2
0 0.165 0.085 0.0002930242778 2
0 0.165 0.095 0.0003318226527 2
0 0.165 0.105 0.0003685585332 2
0 0.165 0.115 0.0004032619599 2
0 0.165 0.125 0.0004360576391 2
0 0.165 0.135 0.0004671635847 2
0 0.165 0.145 0.0004968749336 2
0 0.165 0.155 0.0005255303076 2
0 0.165 0.165 0.000553459084 2
0 0.165 0.175 0.0005809127883 2
0 0.165 0.185 0.0006079860327 2
0 0.165 0.195 0.0006345407412 2
0 0.165 0.205 0.0006601455225 2
0 0.165 0.215 0.0006840496749 2
0 0.165 0.225 0.0007052004431 2
0 0.165 0.235 0.0007223157088 2
0 0.165 0.245 0.0007340100914 2
0 0.165 0.255 0.0007389574888 2
0 0.165 0.265 0.0007360484982 2
0 0.165 0.275 0.000724514 2
0 0.165 0.285 0.0007039446338 2
0 0.165 0.295 0.0006742815577 2
0 0.165 0.305 0.0006354129673 2
0 0.165 0.315 0.0005877949454 2
0 0.165 0.325 0.0005283911334 2
0 0.165 0.335 0.0004666845399 2
0 0.165 0.345 0.0004037351432 1
0 0.165 0.355 0.0003469576524 1
0 0.165 0.365 0.0002911858015 1
0 0.165 0.375 0.00023060637 1
0 0.165 0.385 0.0001601329522 1
0 0.165 0.395 0.0001007588721 1
0 0.165 0.405 0 1
0 0.165 0.415 0 2
0 0.165 0.425 0 2
0 0.165 0.435 0 2
0 0.165 0.445 0 2
0 0.165 0.455 0 2
0 0.165 0.465 0 2
0 0.175 -0.455 0 2
0 0.175 -0.445 0 2
0 0.175 -0.435 0 2
0 0.175 -0.425 0 2
0 0.175 -0.415 0 2
0 0.175 -0.405 0 2
0 0.175 -0.395 -5.462097637e-05 2
0 0.175 -0.385 -8.308583751e-05 2
0 0.175 -0.375 -0.0001225710203 2
0 0.175 -0.365 -0.0001647543879 2
0 0.175 -0.355 -0.0001960837609 1
0 0.175 -0.345 -0.000227163674 1
0 0.175 -0.335 -0.0002658935546 1
0 0.175 -0.325 -0.000310863692 1
0 0.175 -0.315 -0.0003650195255 2
0 0.175 -0.305 -0.0004164008771 2
0 0.175 -0.295 -0.0004697916205 2
0 0.175 -0.285 -0.0005195681526 2
0 0.175 -0.275 -0.0005590713088 2
0 0.175 -0.265 -0.000589817662 2
0 0.175 -0.255 -0.000611007114 2
0 0.175 -0.245 -0.0006232036796 2
0 0.175 -0.235 -0.0006270034481 2
0 0.175 -0.225 -0.0006234064816 2
0 0.175 -0.215 -0.0006136351972 2
0 0.175 -0.205 -0.0005991646876 2
0 0.175 -0.195 -0.0005813312228 2
0 0.175 -0.185 -0.0005615022473 2
0 0.175 -0.175 -0.0005382735788 2
0 0.175 -0.165 -0.0005143073815 2
0 0.175 -0.155 -0.000490285797 1
0 0.175 -0.145 -0.0004732678964 1
0 0.175 -0.135 -0.0004591376811 1
0 0.175 -0.125 -0.0004443650631 1
0 0.175 -0.115 -0.0004283880006 1
0 0.175 -0.105 -0.0004111687103 1
0 0.175 -0.095 -0.0003926098288 1
0 0.175 -0.085 -0.0003729683184 1
0 0.175 -0.075 -0.0003525238543 1
0 0.175 -0.065 -0.00033189202 1
0 0.175 -0.055 -0.0003111520138 1
0 0.175 -0.045 -0.0002891165869 1
0 0.175 -0.035 -0.000259020333 2
0 0.175 -0.025 -0.0002209943982 2
0 0.175 -0.015 -0.0001722368763 2
0 0.175 -0.005 -0.0001194675414 2
0 0.175 0.005 -6.84316317e-05 2
0 0.175 0.015 -1.788853322e-05 2
0 0.175 0.025 3.152290613e-05 2
0 0.175 0.035 7.996768415e-05 2
0 0.175 0.045 0.0001272950058 2
0 0.175 0.055 0.0001733685266 2
0 0.175 0.065 0.0002179764664 2
0 0.175 0.075 0.0002608943578 2
0 0.175 0.085 0.0003019043111 2
0 0.175 0.095 0.0003408272235 2
0 0.175 0.105 0.0003775466324 2
0 0.175 0.115 0.0004120275975 2
0 0.175 0.125 0.0004443261061 2
0 0.175 0.135 0.0004745868996 2
0 0.175 0.145 0.0005030269987 2
0 0.175 0.155 0.0005299034604 2
0 0.175 0.165 0.000555465372 2
0 0.175 0.175 0.0005798934204 2
0 0.175 0.185 0.0006032332043 2
0 0.175 0.195 0.0006253329403 2
0 0.175 0.205 0.0006457968326 2
0 0.175 0.215 0.0006639673346 2
0 0.175 0.225 0.0006789443265 2
0 0.175 0.235 0.0006896465685 2
0 0.175 0.245 0.0006949105389 2
0 0.175 0.255 0.0006936140624 2
0 0.175 0.265 0.0006847940885 2
0 0.175 0.275 0.0006677564279 2
0 0.175 0.285 0.0006420894427 2
0 0.175 0.295 0.0006078150436 2
0 0.175 0.305 0.0005649388537 2
0 0.175 0.315 0.0005149172596 2
0 0.175 0.325 0.0004563227545 2
0 0.175 0.335 0.0003982111872 2
0 0.175 0.345 0.0003403231563 1
0 0.175 0.355 0.0002886846523 1
0 0.175 0.365 0.0002384803455 1
0 0.175 0.375 0.0001857866401 1
0 0.175 0.385 0.0001280458937 1
0 0.175 0.395 8.067947526e-05 1
0 0.175 0.405 0 1
0 0.175 0.415 0 2
0 0.175 0.425 0 2
0 0.175 0.435 0 2
0 0.175 0.445 0 2
0 0.175 0.455 0 2
0 0.175 0.465 0 2
0 0.185 -0.455 0 2
0 0.185 -0.445 0 2
0 0.185 -0.435 0 2
0 0.185 -0.425 0 2
0 0.185 -0.415 0 2
0 0.185 -0.405 0 2
0 0.185 -0.395 -5.152047334e-05 2
0 0.185 -0.385 -8.58100906e-05 2
0 0.185 -0.375 -0.00012647994 2
0 0.185 -0.365 -0.0001667519781 2
0 0.185 -0.355 -0.0002062463409 2
0 0.185 -0.345 -0.0002400874988 2
0 0.185 -0.335 -0.0002776059057 2
0 0.185 -0.325 -0.0003211998126 2
0 0.185 -0.315 -0.0003645719425 2
0 0.185 -0.305 -0.0004094300275 2
0 0.185 -0.295 -0.0004553860594 2
0 0.185 -0.285 -0.0004970840332 2
0 0.185 -0.275 -0.0005327715919 2
0 0.185 -0.265 -0.0005616377383 2
0 0.185 -0.255 -0.0005828646562 2
0 0.185 -0.245 -0.0005966152364 2
0 0.185 -0.235 -0.0006032785303 2
0 0.185 -0.225 -0.0006036279014 2
0 0.185 -0.215 -0.000598626227 2
0 0.185 -0.205 -0.0005893827885 2
0 0.185 -0.195 -0.0005767728972 2
0 0.185 -0.185 -0.0005616292904 2
0 0.185 -0.175 -0.0005423830538 2
0 0.185 -0.165 -0.0005199455617 2
0 0.185 -0.155 -0.0004948414901 1
0 0.185 -0.145 -0.0004762949156 1
0 0.185 -0.135 -0.0004608301382 1
0 0.185 -0.125 -0.0004448603093 1
0 0.185 -0.115 -0.0004272788084 1
0 0.185 -0.105 -0.0004087066019 1
0 0.185 -0.095 -0.0003889250394 1
0 0.185 -0.085 -0.000368067526 1
0 0.185 -0.075 -0.0003464470942 1
0 0.185 -0.065 -0.0003244218712 1
0 0.185 -0.055 -0.0003028207349 1
0 0.185 -0.045 -0.0002813502682 1
0 0.185 -0.035 -0.0002545072156 1
0 0.185 -0.025 -0.0002139221815 2
0 0.185 -0.015 -0.0001639156392 2
0 0.185 -0.005 -0.0001095244953 2
0 0.185 0.005 -5.875691596e-05 2
0 0.185 0.015 -8.589581833e-06 2
0 0.185 0.025 4.040812044e-05 2
0 0.185 0.035 8.8589456e-05 2
0 0.185 0.045 0.0001358128279 2
0 0.185 0.055 0.0001819245505 2
0 0.185 0.065 0.0002266646067 2
0 0.185 0.075 0.0002697466629 2
0 0.185 0.085 0.0003108816809 2
0 0.185 0.095 0.0003498151618 2
0 0.185 0.105 0.0003863541947 2
0 0.185 0.115 0.0004203886684 2
0 0.185 0.125 0.0004519021276 2
0 0.185 0.135 0.0004809706629 2
0 0.185 0.145 0.0005077477283 2
0 0.185 0.155 0.000532434003 2
0 0.185 0.165 0.00055523296 2
0 0.185 0.175 0.0005762955346 2
0 0.185 0.185 0.0005956601349 2
0 0.185 0.195 0.0006131973731 2
0 0.185 0.205 0.0006285699356 2
0 0.185 0.215 0.0006412179567 2
0 0.185 0.225 0.0006503763228 2
0 0.185 0.235 0.0006551261021 2
0 0.185 0.245 0.0006544742113 2
0 0.185 0.255 0.0006474524987 2
0 0.185 0.265 0.0006332116213 2
0 0.185 0.275 0.0006111270774 2
0 0.185 0.285 0.0005808135632 2
0 0.185 0.295 0.0005423965043 2
0 0.185 0.305 0.0004960250254 2
0 0.185 0.315 0.0004439697768 2
0 0.185 0.325 0.0003862406293 2
0 0.185 0.335 0.0003316983479 2
0 0.185 0.345 0.0002789379596 1
0 0.185 0.355 0.0002325581354 1
0 0.185 0.365 0.0001880020759 1
0 0.185 0.375 0.0001430626654 1
0 0.185 0.385 9.756048e-05 1
0 0.185 0.395 6.172023812e-05 1
0 0.185 0.405 0 1
0 0.185 0.415 0 2
0 0.185 0.425 0 2
0 0.185 0.435 0 2
0 0.185 0.445 0 2
0 0.185 0.455 0 2
0 0.185 0.465 0 2
0 0.195 -0.455 0 2
0 0.195 -0.445 0 2
0 0.195 -0.435 0 2
0 0.195 -0.425 0 2
0 0.195 -0.415 0 2
0 0.195 -0.405 0 2
0 0.195 -0.395 -5.076880886e-05 2
0 0.195 -0.385 -9.32310538e-05 2
0 0.195 -0.375 -0.00014207141 2
0 0.195 -0.365 -0.0001870225852 2
0 0.195 -0.355 -0.0002302951254 2
0 0.195 -0.345 -0.0002679056477 2
0 0.195 -0.335 -0.000303882436 2
0 0.195 -0.325 -0.0003404022908 2
0 0.195 -0.315 -0.0003753065958 2
0 0.195 -0.305 -0.0004108072151 2
0 0.195 -0.295 -0.0004468897753 2
0 0.195 -0.285 -0.0004804554049 2
0 0.195 -0.275 -0.0005110921903 2
0 0.195 -0.265 -0.0005369128438 2
0 0.195 -0.255 -0.0005570443453 2
0 0.195 -0.245 -0.0005712754366 2
0 0.195 -0.235 -0.0005797991352 2
0 0.195 -0.225 -0.0005831697522 2
0 0.195 -0.215 -0.0005820972048 2
0 0.195 -0.205 -0.0005773401044 2
0 0.195 -0.195 -0.0005693599843 2
0 0.195 -0.185 -0.0005585760039 2
0 0.195 -0.175 -0.0005436079131 2
0 0.195 -0.165 -0.0005253769656 2
0 0.195 -0.155 -0.0005048357753 2
0 0.195 -0.145 -0.0004812855358 1
0 0.195 -0.135 -0.0004630991712 1
0 0.195 -0.125 -0.0004454961193 1
0 0.195 -0.115 -0.0004269546875 1
0 0.195 -0.105 -0.0004067934182 1
0 0.195 -0.095 -0.0003856490931 1
0 0.195 -0.085 -0.0003634349575 1
0 0.195 -0.075 -0.0003404761493 1
0 0.195 -0.065 -0.0003174690102 1
0 0.195 -0.055 -0.0002948358008 1
0 0.195 -0.045 -0.000273214574 1
0 0.195 -0.035 -0.0002460814542 1
0 0.195 -0.025 -0.0002036230344 2
0 0.195 -0.015 -0.0001529298812 2
0 0.195 -0.005 -9.824325968e-05 2
0 0.195 0.005 -4.831286649e-05 2
0 0.195 0.015 1.072597395e-06 2
0 0.195 0.025 4.945869471e-05 2
0 0.195 0.035 9.727880406e-05 2
0 0.195 0.045 0.0001443657788 2
0 0.195 0.055 0.0001905172601 2
0 0.195 0.065 0.0002354037839 2
0 0.195 0.075 0.0002786573503 2
0 0.195 0.085 0.0003198995793 2
0 0.195 0.095 0.0003587845022 2
0 0.195 0.105 0.0003950302272 2
0 0.195 0.115 0.0004284439407 2
0 0.195 0.125 0.0004589358111 2
0 0.195 0.135 0.0004865205481 2
0 0.195 0.145 0.0005113048088 2
0 0.195 0.155 0.0005334595541 2
0 0.195 0.165 0.000553177902 2
0 0.195 0.175 0.0005706215703 2
0 0.195 0.185 0.0005858621325 2
0 0.195 0.195 0.0005988263594 2
0 0.195 0.205 0.0006092562216 2
0 0.195 0.215 0.0006166932343 2
0 0.195 0.225 0.0006204926763 2
0 0.195 0.235 0.0006198682065 2
0 0.195 0.245 0.0006139601935 2
0 0.195 0.255 0.0006019207533 2
0 0.195 0.265 0.0005829937822 2
0 0.195 0.275 0.0005566165558 2
0 0.195 0.285 0.0005224309866 2
0 0.195 0.295 0.0004805956716 2
0 0.195 0.305 0.0004312333919 2
0 0.195 0.315 0.0003769000742 2
0 0.195 0.325 0.000316683329 2
0 0.195 0.335 0.0002643981414 2
0 0.195 0.345 0.0002171752635 1
0 0.195 0.355 0.0001750183205 1
0 0.195 0.365 0.000135173633 1
0 0.195 0.375 9.953129817e-05 1
0 0.195 0.385 6.165531343e-05 1
0 0.195 0.395 3.743048033e-05 1
0 0.195 0.405 0 1
0 0.195 0.415 0 2
0 0.195 0.425 0 2
0 0.195 0.435 0 2
0 0.195 0.445 0 2
0 0.195 0.455 0 2
0 0.195 0.465 0 2
0 0.205 -0.455 0 2
0 0.205 -0.445 0 2
0 0.205 -0.435 0 2
0 0.205 -0.425 0 2
0 0.205 -0.415 0 2
0 0.205 -0.405 0 2
0 0.205 -0.395 -5.909986112e-05 2
0 0.205 -0.385 -0.0001075051825 2
0 0.205 -0.375 -0.000160657785 2
0 0.205 -0.365 -0.000206024833 2
0 0.205 -0.355 -0.0002497226499 2
0 0.205 -0.345 -0.0002876063569 2
0 0.205 -0.335 -0.0003211911167 2
0 0.205 -0.325 -0.0003516214723 2
0 0.205 -0.315 -0.0003804730106 2
0 0.205 -0.305 -0.0004088493814 2
0 0.205 -0.295 -0.000437271368 2
0 0.205 -0.285 -0.0004653007554 2
0 0.205 -0.275 -0.0004914349889 2
0 0.205 -0.265 -0.0005142330726 2
0 0.205 -0.255 -0.0005328582223 2
0 0.205 -0.245 -0.0005469434823 2
0 0.205 -0.235 -0.0005565783802 2
0 0.205 -0.225 -0.0005621726688 2
0 0.205 -0.215 -0.0005642438975 2
0 0.205 -0.205 -0.0005632460194 2
0 0.205 -0.195 -0.0005592756854 2
0 0.205 -0.185 -0.0005522821909 2
0 0.205 -0.175 -0.0005412970596 2
0 0.205 -0.165 -0.000526405607 2
0 0.205 -0.155 -0.0005091803935 2
0 0.205 -0.145 -0.0004862038839 1
0 0.205 -0.135 -0.0004654104076 1
0 0.205 -0.125 -0.0004456216495 1
0 0.205 -0.115 -0.0004260709737 1
0 0.205 -0.105 -0.0004053973556 1
0 0.205 -0.095 -0.0003829782644 1
0 0.205 -0.085 -0.0003595658753 1
0 0.205 -0.075 -0.0003352706955 1
0 0.205 -0.065 -0.0003109821566 1
0 0.205 -0.055 -0.0002864880967 1
0 0.205 -0.045 -0.0002641332114 1
0 0.205 -0.035 -0.0002373390666 1
0 0.205 -0.025 -0.000194175957 2
0 0.205 -0.015 -0.0001428418596 2
0 0.205 -0.005 -8.76582996e-05 2
0 0.205 0.005 -3.853872446e-05 2
0 0.205 0.015 1.009828066e-05 2
0 0.205 0.025 5.797182738e-05 2
0 0.205 0.035 0.0001055342448 2
0 0.205 0.045 0.0001525931958 2
0 0.205 0.055 0.0001988924649 2
0 0.205 0.065 0.0002440264778 2
0 0.205 0.075 0.0002875333051 2
0 0.205 0.085 0.0003289308848 2
0 0.205 0.095 0.0003677681194 2
0 0.205 0.105 0.0004036636308 2
0 0.205 0.115 0.0004363362046 2
0 0.205 0.125 0.0004656232368 2
0 0.205 0.135 0.0004914864551 2
0 0.205 0.145 0.0005140032744 2
0 0.205 0.155 0.0005333422119 2
0 0.205 0.165 0.0005497219562 2
0 0.205 0.175 0.0005633562498 2
0 0.205 0.185 0.0005743907767 2
0 0.205 0.195 0.0005828423272 2
0 0.205 0.205 0.0005885527129 2
0 0.205 0.215 0.0005911685998 2
0 0.205 0.225 0.0005901530225 2
0 0.205 0.235 0.0005848278193 2
0 0.205 0.245 0.0005744386509 2
0 0.205 0.255 0.0005582349495 2
0 0.205 0.265 0.0005355440936 2
0 0.205 0.275 0.0005058662684 2
0 0.205 0.285 0.0004688825965 2
0 0.205 0.295 0.0004247382553 2
0 0.205 0.305 0.000373478892 2
0 0.205 0.315 0.0003174196864 2
0 0.205 0.325 0.0002543175282 2
0 0.205 0.335 0.0002014743215 2
0 0.205 0.345 0.0001573557715 1
0 0.205 0.355 0.0001166876861 1
0 0.205 0.365 8.116950692e-05 1
0 0.205 0.375 5.565552465e-05 1
0 0.205 0.385 2.38724093e-05 1
0 0.205 0.395 9.719435434e-06 1
0 0.205 0.405 0 1
0 0.205 0.415 0 2
0 0.205 0.425 0 2
0 0.205 0.435 0 2
0 0.205 0.445 0 2
0 0.205 0.455 0 2
0 0.205 0.465 0 2
0 0.215 -0.455 0 2
0 0.215 -0.445 0 2
0 0.215 -0.435 0 2
0 0.215 -0.425 0 2
0 0.215 -0.415 0 2
0 0.215 -0.405 0 2
0 0.215 -0.395 -6.764095725e-05 2
0 0.215 -0.385 -0.0001173420066 2
0 0.215 -0.375 -0.0001702591574 2
0 0.215 -0.365 -0.0002121533468 2
0 0.215 -0.355 -0.0002508509664 2
0 0.215 -0.345 -0.0002866830808 2
0 0.215 -0.335 -0.0003183134983 2
0 0.215 -0.325 -0.0003468461419 2
0 0.215 -0.315 -0.0003733729032 2
0 0.215 -0.305 -0.0003989931364 2
0 0.215 -0.295 -0.0004242442933 2
0 0.215 -0.285 -0.0004488483413 2
0 0.215 -0.275 -0.0004718886111 2
0 0.215 -0.265 -0.0004923826929 2
0 0.215 -0.255 -0.0005096302241 2
0 0.215 -0.245 -0.0005233144266 2
0 0.215 -0.235 -0.0005335488046 2
0 0.215 -0.225 -0.0005407327766 2
0 0.215 -0.215 -0.0005453183667 2
0 0.215 -0.205 -0.0005475495657 2
0 0.215 -0.195 -0.0005472195807 2
0 0.215 -0.185 -0.0005437208203 2
0 0.215 -0.175 -0.0005366695037 2
0 0.215 -0.165 -0.0005237019283 2
0 0.215 -0.155 -0.0005078194807 2
0 0.215 -0.145 -0.0004913691921 2
0 0.215 -0.135 -0.0004701150177 1
0 0.215 -0.125 -0.0004497960033 1
0 0.215 -0.115 -0.0004257150633 1
0 0.215 -0.105 -0.0004024194948 1
0 0.215 -0.095 -0.0003804696281 1
0 0.215 -0.085 -0.0003564153814 1
0 0.215 -0.075 -0.0003293121246 1
0 0.215 -0.065 -0.0003027881753 1
0 0.215 -0.055 -0.0002806341311 1
0 0.215 -0.045 -0.0002594520176 1
0 0.215 -0.035 -0.0002300978513 1
0 0.215 -0.025 -0.0001837830078 2
0 0.215 -0.015 -0.000131911562 2
0 0.215 -0.005 -7.874204097e-05 2
0 0.215 0.005 -3.036285665e-05 2
0 0.215 0.015 1.779479697e-05 2
0 0.215 0.025 6.545217179e-05 2
0 0.215 0.035 0.0001129960196 2
0 0.215 0.045 0.0001602314777 2
0 0.215 0.055 0.0002068650235 2
0 0.215 0.065 0.0002524180342 2
0 0.215 0.075 0.0002963254036 2
0 0.215 0.085 0.0003379876895 2
0 0.215 0.095 0.0003768354992 2
0 0.215 0.105 0.0004123783686 2
0 0.215 0.115 0.0004442417899 2
0 0.215 0.125 0.0004721911922 2
0 0.215 0.135 0.0004961431564 2
0 0.215 0.145 0.0005161625703 2
0 0.215 0.155 0.0005324424924 2
0 0.215 0.165 0.0005452641734 2
0 0.215 0.175 0.0005549371863 2
0 0.215 0.185 0.0005617255721 2
0 0.215 0.195 0.0005657725997 2
0 0.215 0.205 0.0005670412473 2
0 0.215 0.215 0.0005652860623 2
0 0.215 0.225 0.0005600637295 2
0 0.215 0.235 0.0005507797891 2
0 0.215 0.245 0.0005367595054 2
0 0.215 0.255 0.0005173318688 2
0 0.215 0.265 0.0004919059999 2
0 0.215 0.275 0.0004600608799 2
0 0.215 0.285 0.0004215602345 2
0 0.215 0.295 0.0003765761873 2
0 0.215 0.305 0.000325271284 2
0 0.215 0.315 0.000269465613 2
0 0.215 0.325 0.000208346016 2
0 0.215 0.335 0.0001520314936 2
0 0.215 0.345 0.0001042088116 2
0 0.215 0.355 5.709844296e-05 1
0 0.215 0.365 2.371896558e-05 1
0 0.215 0.375 3.26219135e-06 1
0 0.215 0.385 -1.621950236e-05 1
0 0.215 0.395 -1.824176624e-05 1
0 0.215 0.405 0 2
0 0.215 0.415 0 2
0 0.215 0.425 0 2
0 0.215 0.435 0 2
0 0.215 0.445 0 2
0 0.215 0.455 0 2
0 0.215 0.465 0 2
0 0.225 -0.455 0 2
0 0.225 -0.445 0 2
0 0.225 -0.435 0 2
0 0.225 -0.425 0 1
0 0.225 -0.415 0 1
0 0.225 -0.405 0 1
0 0.225 -0.395 -5.876389487e-05 1
0 0.225 -0.385 -0.0001012606432 2
0 0.225 -0.375 -0.0001576331949 2
0 0.225 -0.365 -0.0002016004328 2
0 0.225 -0.355 -0.0002372477663 2
0 0.225 -0.345 -0.0002723633698 2
0 0.225 -0.335 -0.0003031537039 2
0 0.225 -0.325 -0.0003312622513 2
0 0.225 -0.315 -0.0003575653461 2
0 0.225 -0.305 -0.0003826455438 2
0 0.225 -0.295 -0.000406857935 2
0 0.225 -0.285 -0.0004300079238 2
0 0.225 -0.275 -0.0004515230931 2
0 0.225 -0.265 -0.0004707031716 2
0 0.225 -0.255 -0.0004870132871 2
0 0.225 -0.245 -0.0005002808025 2
0 0.225 -0.235 -0.0005107602802 2
0 0.225 -0.225 -0.0005190115278 2
0 0.225 -0.215 -0.0005256208926 2
0 0.225 -0.205 -0.0005307751426 2
0 0.225 -0.195 -0.0005339423737 2
0 0.225 -0.185 -0.0005338110581 2
0 0.225 -0.175 -0.0005290847511 2
0 0.225 -0.165 -0.0005177528683 2
0 0.225 -0.155 -0.000501550543 2
0 0.225 -0.145 -0.0004851527813 2
0 0.225 -0.135 -0.0004691636379 2
0 0.225 -0.125 -0.0004484923325 1
0 0.225 -0.115 -0.0004249293787 1
0 0.225 -0.105 -0.0004007808626 1
0 0.225 -0.095 -0.0003778139686 1
0 0.225 -0.085 -0.0003539025133 1
0 0.225 -0.075 -0.0003282507924 1
0 0.225 -0.065 -0.0003022256449 1
0 0.225 -0.055 -0.000277198557 1
0 0.225 -0.045 -0.0002519654423 1
0 0.225 -0.035 -0.0002204486172 1
0 0.225 -0.025 -0.000175531501 2
0 0.225 -0.015 -0.0001251663507 2
0 0.225 -0.005 -7.300861361e-05 2
0 0.225 0.005 -2.44160377e-05 2
0 0.225 0.015 2.391340221e-05 2
0 0.225 0.025 7.174347203e-05 2
0 0.225 0.035 0.0001195297964 2
0 0.225 0.045 0.0001671631332 2
0 0.225 0.055 0.0002143482388 2
0 0.225 0.065 0.0002605348625 2
0 0.225 0.075 0.0003050385184 2
0 0.225 0.085 0.0003471237404 2
0 0.225 0.095 0.0003860879513 2
0 0.225 0.105 0.0004213224869 2
0 0.225 0.115 0.0004523550643 2
0 0.225 0.125 0.0004788789743 2
0 0.225 0.135 0.0005007708368 2
0 0.225 0.145 0.0005180965468 2
0 0.225 0.155 0.0005310987495 2
0 0.225 0.165 0.0005401594196 2
0 0.225 0.175 0.0005457326252 2
0 0.225 0.185 0.000548252073 2
0 0.225 0.195 0.0005480299552 2
0 0.225 0.205 0.0005451734796 2
0 0.225 0.215 0.0005395443955 2
0 0.225 0.225 0.0005307721003 2
0 0.225 0.235 0.0005183141864 2
0 0.225 0.245 0.0005015446071 2
0 0.225 0.255 0.0004798516913 2
0 0.225 0.265 0.0004527241558 2
0 0.225 0.275 0.0004198385188 2
0 0.225 0.285 0.0003810881818 2
0 0.225 0.295 0.0003367355414 2
0 0.225 0.305 0.0002872042188 2
0 0.225 0.315 0.0002337722692 2
0 0.225 0.325 0.0001776840013 2
0 0.225 0.335 0.0001189933599 2
0 0.225 0.345 6.591635185e-05 2
0 0.225 0.355 1.719047011e-05 1
0 0.225 0.365 -1.856886531e-05 1
0 0.225 0.375 -4.172054744e-05 1
0 0.225 0.385 -4.694790727e-05 1
0 0.225 0.395 -3.744601526e-05 1
0 0.225 0.405 0 2
0 0.225 0.415 0 2
0 0.225 0.425 0 2
0 0.225 0.435 0 2
0 0.225 0.445 0 2
0 0.225 0.455 0 2
0 0.225 0.465 0 2
0 0.235 -0.455 0 2
0 0.235 -0.445 0 2
0 0.235 -0.435 0 1
0 0.235 -0.425 0 1
0 0.235 -0.415 0 1
0 0.235 -0.405 0 1
0 0.235 -0.395 -4.112821708e-05 1
0 0.235 -0.385 -7.124694588e-05 1
0 0.235 -0.375 -0.0001232577271 2
0 0.235 -0.365 -0.0001741130263 2
0 0.235 -0.355 -0.0002139295793 2
0 0.235 -0.345 -0.0002468918374 2
0 0.235 -0.335 -0.000278119838 2
0 0.235 -0.325 -0.0003069726763 2
0 0.235 -0.315 -0.0003344468213 2
0 0.235 -0.305 -0.0003605676593 2
0 0.235 -0.295 -0.0003854544777 2
0 0.235 -0.285 -0.0004088516944 2
0 0.235 -0.275 -0.0004302866022 2
0 0.235 -0.265 -0.0004491983331 2
0 0.235 -0.255 -0.0004651815421 2
0 0.235 -0.245 -0.0004781900842 2
0 0.235 -0.235 -0.0004886886105 2
0 0.235 -0.225 -0.0004975571743 2
0 0.235 -0.215 -0.00050578607 2
0 0.235 -0.205 -0.0005137595743 2
0 0.235 -0.195 -0.0005206611533 2
0 0.235 -0.185 -0.0005244758284 2
0 0.235 -0.175 -0.0005228548584 2
0 0.235 -0.165 -0.0005143217874 2
0 0.235 -0.155 -0.0004974037495 2
0 0.235 -0.145 -0.0004751617066 2
0 0.235 -0.135 -0.0004537063014 2
0 0.235 -0.125 -0.0004352602904 2
0 0.235 -0.115 -0.0004163489033 2
0 0.235 -0.105 -0.0003946704041 2
0 0.235 -0.095 -0.0003709823359 1
0 0.235 -0.085 -0.0003490510447 2
0 0.235 -0.075 -0.0003276197506 2
0 0.235 -0.065 -0.0003032010623 1
0 0.235 -0.055 -0.0002768917915 1
0 0.235 -0.045 -0.0002497800407 1
0 0.235 -0.035 -0.0002154994085 2
0 0.235 -0.025 -0.0001737779561 2
0 0.235 -0.015 -0.0001227258972 2
0 0.235 -0.005 -6.953695911e-05 2
0 0.235 0.005 -1.977462798e-05 2
0 0.235 0.015 2.908336443e-05 2
0 0.235 0.025 7.719492193e-05 2
0 0.235 0.035 0.0001252934883 2
0 0.235 0.045 0.0001734472923 2
0 0.235 0.055 0.0002213691921 2
0 0.235 0.065 0.0002684110165 2
0 0.235 0.075 0.0003137306326 2
0 0.235 0.085 0.0003564263412 2
0 0.235 0.095 0.0003956435709 2
0 0.235 0.105 0.0004306472521 2
0 0.235 0.115 0.000460863806 2
0 0.235 0.125 0.0004859126788 2
0 0.235 0.135 0.0005056307168 2
0 0.235 0.145 0.0005200918365 2
0 0.235 0.155 0.0005296083449 2
0 0.235 0.165 0.0005347015362 2
0 0.235 0.175 0.0005360262085 2
0 0.235 0.185 0.0005342494756 2
0 0.235 0.195 0.000529905795 2
0 0.235 0.205 0.000523272337 2
0 0.235 0.215 0.0005143098469 2
0 0.235 0.225 0.0005026850045 2
0 0.235 0.235 0.0004878602424 2
0 0.235 0.245 0.0004692145832 2
0 0.235 0.255 0.0004461665412 2
0 0.235 0.265 0.0004182747286 2
0 0.235 0.275 0.000385323946 2
0 0.235 0.285 0.000347368783 2
0 0.235 0.295 0.0003048225364 2
0 0.235 0.305 0.0002584431705 2
0 0.235 0.315 0.0002093401502 2
0 0.235 0.325 0.0001598644837 2
0 0.235 0.335 0.0001080369992 2
0 0.235 0.345 6.212428382e-05 2
0 0.235 0.355 2.358056955e-05 2
0 0.235 0.365 -1.119092808e-05 2
0 0.235 0.375 -3.613839798e-05 2
0 0.235 0.385 -3.66517801e-05 2
0 0.235 0.395 -2.781828706e-05 2
0 0.235 0.405 0 2
0 0.235 0.415 0 2
0 0.235 0.425 0 2
0 0.235 0.435 0 2
0 0.235 0.445 0 2
0 0.235 0.455 0 2
0 0.235 0.465 0 2
0 0.245 -0.455 0 2
0 0.245 -0.445 0 2
0 0.245 -0.435 0 1
0 0.245 -0.425 0 1
0 0.245 -0.415 0 1
0 0.245 -0.405 0 1
0 0.245 -0.395 -2.449310785e-05 1
0 0.245 -0.385 -4.650287279e-05 1
0 0.245 -0.375 -8.759684052e-05 2
0 0.245 -0.365 -0.0001380757372 2
0 0.245 -0.355 -0.0001809666284 2
0 0.245 -0.345 -0.0002125219159 2
0 0.245 -0.335 -0.0002454088711 2
0 0.245 -0.325 -0.0002762423944 2
0 0.245 -0.315 -0.0003060094225 2
0 0.245 -0.305 -0.0003343443382 2
0 0.245 -0.295 -0.0003611650842 2
0 0.245 -0.285 -0.0003861133748 2
0 0.245 -0.275 -0.0004087073492 2
0 0.245 -0.265 -0.0004283953262 2
0 0.245 -0.255 -0.0004447741865 2
0 0.245 -0.245 -0.0004577546665 2
0 0.245 -0.235 -0.0004679471186 2
0 0.245 -0.225 -0.0004766917173 2
0 0.245 -0.215 -0.0004859018303 2
0 0.245 -0.205 -0.0004967226565 2
0 0.245 -0.195 -0.0005081387658 2
0 0.245 -0.185 -0.0005171032973 2
0 0.245 -0.175 -0.000519724355 2
0 0.245 -0.165 -0.0005132212824 2
0 0.245 -0.155 -0.0004972160378 2
0 0.245 -0.145 -0.0004720963368 2
0 0.245 -0.135 -0.0004440994724 2
0 0.245 -0.125 -0.0004197039097 2
0 0.245 -0.115 -0.0003982812995 2
0 0.245 -0.105 -0.000378512014 2
0 0.245 -0.095 -0.0003594951596 2
0 0.245 -0.085 -0.000339765168 2
0 0.245 -0.075 -0.0003173816869 2
0 0.245 -0.065 -0.0002953843367 2
0 0.245 -0.055 -0.0002752918587 2
0 0.245 -0.045 -0.0002519398669 2
0 0.245 -0.035 -0.0002187403517 2
0 0.245 -0.025 -0.0001729507485 2
0 0.245 -0.015 -0.0001186709199 2
0 0.245 -0.005 -6.461475816e-05 2
0 0.245 0.005 -1.417913429e-05 2
0 0.245 0.015 3.451438279e-05 2
0 0.245 0.025 8.240459427e-05 2
0 0.245 0.035 0.0001305575075 2
0 0.245 0.045 0.0001792142483 2
0 0.245 0.055 0.0002280202755 2
0 0.245 0.065 0.0002761426216 2
0 0.245 0.075 0.000322505978 2
0 0.245 0.085 0.0003660032852 2
0 0.245 0.095 0.0004056134294 2
0 0.245 0.105 0.0004404754547 2
0 0.245 0.115 0.0004699148059 2
0 0.245 0.125 0.0004934735959 2
0 0.245 0.135 0.0005109402406 2
0 0.245 0.145 0.0005223911995 2
0 0.245 0.155 0.0005282172109 2
0 0.245 0.165 0.0005291151338 2
0 0.245 0.175 0.0005260078704 2
0 0.245 0.185 0.0005198814385 2
0 0.245 0.195 0.0005115660538 2
0 0.245 0.205 0.0005015393143 2
0 0.245 0.215 0.0004898385481 2
0 0.245 0.225 0.0004761060146 2
0 0.245 0.235 0.0004597355816 2
0 0.245 0.245 0.0004400483924 2
0 0.245 0.255 0.0004164521986 2
0 0.245 0.265 0.0003885559181 2
0 0.245 0.275 0.000356248605 2
0 0.245 0.285 0.0003197437121 2
0 0.245 0.295 0.0002796154511 2
0 0.245 0.305 0.0002368666192 2
0 0.245 0.315 0.0001926972548 2
0 0.245 0.325 0.0001492120644 2
0 0.245 0.335 0.0001074379354 2
0 0.245 0.345 7.080712899e-05 2
0 0.245 0.355 3.89300666e-05 2
0 0.245 0.365 1.103045907e-05 2
0 0.245 0.375 -9.750878425e-06 2
0 0.245 0.385 -1.657410154e-05 2
0 0.245 0.395 -1.614419437e-05 2
0 0.245 0.405 0 2
0 0.245 0.415 0 2
0 0.245 0.425 0 2
0 0.245 0.435 0 2
0 0.245 0.445 0 2
0 0.245 0.455 0 2
0 0.245 0.465 0 2
0 0.255 -0.455 0 2
0 0.255 -0.445 0 2
0 0.255 -0.435 0 1
0 0.255 -0.425 0 1
0 0.255 -0.415 0 1
0 0.255 -0.405 0 1
0 0.255 -0.395 -1.371482502e-05 1
0 0.255 -0.385 -2.977456466e-05 1
0 0.255 -0.375 -5.525135438e-05 1
0 0.255 -0.365 -9.602232507e-05 2
0 0.255 -0.355 -0.0001377783295 2
0 0.255 -0.345 -0.000172265708 2
0 0.255 -0.335 -0.0002077542481 2
0 0.255 -0.325 -0.0002415075901 2
0 0.255 -0.315 -0.0002742792053 2
0 0.255 -0.305 -0.0003055997313 2
0 0.255 -0.295 -0.0003352457969 2
0 0.255 -0.285 -0.0003627673511 2
0 0.255 -0.275 -0.0003876140516 2
0 0.255 -0.265 -0.0004091552497 2
0 0.255 -0.255 -0.0004268842136 2
0 0.255 -0.245 -0.0004404806848 2
0 0.255 -0.235 -0.0004505690568 2
0 0.255 -0.225 -0.0004589422522 2
0 0.255 -0.215 -0.0004686959012 2
0 0.255 -0.205 -0.0004820186073 2
0 0.255 -0.195 -0.0004977792292 2
0 0.255 -0.185 -0.0005118503513 2
0 0.255 -0.175 -0.0005189963965 2
0 0.255 -0.165 -0.0005152795662 2
0 0.255 -0.155 -0.000499529584 2
0 0.255 -0.145 -0.0004747081854 2
0 0.255 -0.135 -0.0004457267072 2
0 0.255 -0.125 -0.0004172397751 2
0 0.255 -0.115 -0.0003859673772 2
0 0.255 -0.105 -0.0003590198045 2
0 0.255 -0.095 -0.0003411589457 2
0 0.255 -0.085 -0.000324376678 2
0 0.255 -0.075 -0.0003022275678 2
0 0.255 -0.065 -0.0002824157989 2
0 0.255 -0.055 -0.0002719499187 2
0 0.255 -0.045 -0.000252034153 2
0 0.255 -0.035 -0.0002120602529 2
0 0.255 -0.025 -0.0001592538973 2
0 0.255 -0.015 -0.0001048779208 2
0 0.255 -0.005 -5.369213402e-05 2
0 0.255 0.005 -5.06070076e-06 2
0 0.255 0.015 4.16657957e-05 2
0 0.255 0.025 8.818547059e-05 2
0 0.255 0.035 0.0001357685741 2
0 0.255 0.045 0.0001847181371 2
0 0.255 0.055 0.0002344671118 2
0 0.255 0.065 0.0002838642851 2
0 0.255 0.075 0.0003314799923 2
0 0.255 0.085 0.0003759450493 2
0 0.255 0.095 0.0004160585893 2
0 0.255 0.105 0.0004508506477 2
0 0.255 0.115 0.0004795564456 2
0 0.255 0.125 0.0005016380839 2
0 0.255 0.135 0.0005168154405 2
0 0.255 0.145 0.0005251449078 2
0 0.255 0.155 0.0005270849333 2
0 0.255 0.165 0.0005235352515 2
0 0.255 0.175 0.0005157668511 2
0 0.255 0.185 0.0005052036411 2
0 0.255 0.195 0.0004930778581 2
0 0.255 0.205 0.0004801029914 2
0 0.255 0.215 0.0004663439666 2
0 0.255 0.225 0.0004513142409 2
0 0.255 0.235 0.0004342304751 2
0 0.255 0.245 0.0004142732107 2
0 0.255 0.255 0.0003907921774 2
0 0.255 0.265 0.0003634246775 2
0 0.255 0.275 0.000332153503 2
0 0.255 0.285 0.0002973291712 2
0 0.255 0.295 0.0002596639956 2
0 0.255 0.305 0.0002202790663 2
0 0.255 0.315 0.0001805278471 2
0 0.255 0.325 0.000142253186 2
0 0.255 0.335 0.0001074710667 2
0 0.255 0.345 7.709930766e-05 2
0 0.255 0.355 5.102416444e-05 2
0 0.255 0.365 2.943330174e-05 2
0 0.255 0.375 1.269096415e-05 2
0 0.255 0.385 4.667870746e-07 2
0 0.255 0.395 -5.507831768e-06 2
0 0.255 0.405 0 2
0 0.255 0.415 0 2
0 0.255 0.425 0 2
0 0.255 0.435 0 2
0 0.255 0.445 0 2
0 0.255 0.455 0 2
0 0.255 0.465 0 2
0 0.265 -0.455 0 2
0 0.265 -0.445 0 2
0 0.265 -0.435 0 1
0 0.265 -0.425 0 1
0 0.265 -0.415 0 1
0 0.265 -0.405 0 1
0 0.265 -0.395 -1.267303931e-06 1
0 0.265 -0.385 -1.040342481e-05 1
0 0.265 -0.375 -2.945851148e-05 1
0 0.265 -0.365 -5.98617821e-05 2
0 0.265 -0.355 -9.501401314e-05 2
0 0.265 -0.345 -0.0001316600646 2
0 0.265 -0.335 -0.0001689214612 2
0 0.265 -0.325 -0.0002054868553 2
0 0.265 -0.315 -0.0002413516956 2
0 0.265 -0.305 -0.0002759626538 2
0 0.265 -0.295 -0.0003089433477 2
0 0.265 -0.285 -0.0003397662502 2
0 0.265 -0.275 -0.0003677923625 2
0 0.265 -0.265 -0.0003922714464 2
0 0.265 -0.255 -0.000412449002 2
0 0.265 -0.245 -0.0004276612362 2
0 0.265 -0.235 -0.0004382823261 2
0 0.265 -0.225 -0.0004436901886 2
0 0.265 -0.215 -0.0004504780891 2
0 0.265 -0.205 -0.0004660797548 2
0 0.265 -0.195 -0.0004885923888 2
0 0.265 -0.185 -0.0005115269716 2
0 0.265 -0.175 -0.0005256247479 2
0 0.265 -0.165 -0.0005247569943 2
0 0.265 -0.155 -0.0005063949313 2
0 0.265 -0.145 -0.0004777419392 2
0 0.265 -0.135 -0.0004448885276 2
0 0.265 -0.125 -0.0004132707652 2
0 0.265 -0.115 -0.000387582159 2
0 0.265 -0.105 -0.0003665020386 2
0 0.265 -0.095 -0.0003454521682 2
0 0.265 -0.085 -0.0003199056865 2
0 0.265 -0.075 -0.0002920034789 2
0 0.265 -0.065 -0.0002653904681 2
0 0.265 -0.055 -0.0002446137259 2
0 0.265 -0.045 -0.0002205079594 2
0 0.265 -0.035 -0.0001829706234 2
0 0.265 -0.025 -0.0001337093052 2
0 0.265 -0.015 -8.296369472e-05 2
0 0.265 -0.005 -3.632629415e-05 2
0 0.265 0.005 7.632006218e-06 2
0 0.265 0.015 5.026701582e-05 2
0 0.265 0.025 9.409587008e-05 2
0 0.265 0.035 0.0001406254748 2
0 0.265 0.045 0.0001899491244 2
0 0.265 0.055 0.0002409140796 2
0 0.265 0.065 0.0002918341993 2
0 0.265 0.075 0.0003408233529 2
0 0.265 0.085 0.0003863124441 2
0 0.265 0.095 0.0004269376537 2
0 0.265 0.105 0.0004616647083 2
0 0.265 0.115 0.0004896654228 2
0 0.265 0.125 0.0005103238669 2
0 0.265 0.135 0.0005232524867 2
0 0.265 0.145 0.0005284325953 2
0 0.265 0.155 0.0005263319437 2
0 0.265 0.165 0.0005180497744 2
0 0.265 0.175 0.00050530094 2
0 0.265 0.185 0.000490135906 2
0 0.265 0.195 0.0004743707022 2
0 0.265 0.205 0.0004590043926 2
0 0.265 0.215 0.0004440268488 2
0 0.265 0.225 0.0004286335408 2
0 0.265 0.235 0.0004116987921 2
0 0.265 0.245 0.0003921627919 2
0 0.265 0.255 0.0003692840983 2
0 0.265 0.265 0.0003427264345 2
0 0.265 0.275 0.0003125674355 2
0 0.265 0.285 0.0002792729922 2
0 0.265 0.295 0.0002436530074 2
0 0.265 0.305 0.0002068410776 2
0 0.265 0.315 0.0001701977986 2
0 0.265 0.325 0.0001352290142 2
0 0.265 0.335 0.0001033106271 2
0 0.265 0.345 7.515737684e-05 2
0 0.265 0.355 5.077465151e-05 2
0 0.265 0.365 2.994597928e-05 2
0 0.265 0.375 1.301476947e-05 2
0 0.265 0.385 1.150145306e-07 2
0 0.265 0.395 -6.023589105e-06 2
0 0.265 0.405 0 2
0 0.265 0.415 0 2
0 0.265 0.425 0 2
0 0.265 0.435 0 2
0 0.265 0.445 0 2
0 0.265 0.455 0 2
0 0.265 0.465 0 2
0 0.275 -0.455 0 2
0 0.275 -0.445 0 2
0 0.275 -0.435 0 1
0 0.275 -0.425 0 1
0 0.275 -0.415 0 1
0 0.275 -0.405 0 1
0 0.275 -0.395 9.970312596e-06 1
0 0.275 -0.385 5.820216194e-06 1
0 0.275 -0.375 -8.27044499e-06 1
0 0.275 -0.365 -3.100488846e-05 2
0 0.275 -0.355 -5.916266459e-05 2
0 0.275 -0.345 -9.440979489e-05 2
0 0.275 -0.335 -0.0001319787148 2
0 0.275 -0.325 -0.0001705287825 2
0 0.275 -0.315 -0.0002090562433 2
0 0.275 -0.305 -0.0002468160927 2
0 0.275 -0.295 -0.0002832533887 2
0 0.275 -0.285 -0.0003177863256 2
0 0.275 -0.275 -0.0003497136136 2
0 0.275 -0.265 -0.0003781992792 2
0 0.275 -0.255 -0.0004022058417 2
0 0.275 -0.245 -0.0004209923205 2
0 0.275 -0.235 -0.0004349626439 2
0 0.275 -0.225 -0.0004423443108 2
0 0.275 -0.215 -0.0004499819417 2
0 0.275 -0.205 -0.0004670438874 2
0 0.275 -0.195 -0.0004885866909 2
0 0.275 -0.185 -0.0005061040196 2
0 0.275 -0.175 -0.0005182931534 2
0 0.275 -0.165 -0.0005220973358 2
0 0.275 -0.155 -0.000509722239 2
0 0.275 -0.145 -0.0004812895801 2
0 0.275 -0.135 -0.0004481362766 2
0 0.275 -0.125 -0.0004221131428 2
0 0.275 -0.115 -0.0004030035163 2
0 0.275 -0.105 -0.000382018529 2
0 0.275 -0.095 -0.0003505657581 1
0 0.275 -0.085 -0.0003141343721 1
0 0.275 -0.075 -0.000276342047 1
0 0.275 -0.065 -0.000239253412 1
0 0.275 -0.055 -0.000209398793 1
0 0.275 -0.045 -0.0001797275134 2
0 0.275 -0.035 -0.0001450048315 2
0 0.275 -0.025 -9.985818571e-05 2
0 0.275 -0.015 -5.37621493e-05 2
0 0.275 -0.005 -1.34220347e-05 2
0 0.275 0.005 2.473994493e-05 2
0 0.275 0.015 6.229376531e-05 2
0 0.275 0.025 0.000102156568 2
0 0.275 0.035 0.000146400678 2
0 0.275 0.045 0.0001953383513 2
0 0.275 0.055 0.0002474170152 2
0 0.275 0.065 0.0003001002104 2
0 0.275 0.075 0.0003505908197 2
0 0.275 0.085 0.0003970446308 2
0 0.275 0.095 0.0004380167175 2
0 0.275 0.105 0.0004725729982 2
0 0.275 0.115 0.000499850104 2
0 0.275 0.125 0.0005191398687 2
0 0.275 0.135 0.0005298882602 2
0 0.275 0.145 0.0005319533826 2
0 0.275 0.155 0.0005257399542 2
0 0.275 0.165 0.000512509256 2
0 0.275 0.175 0.0004944998579 2
0 0.275 0.185 0.0004746235354 2
0 0.275 0.195 0.0004555272082 2
0 0.275 0.205 0.0004385311267 2
0 0.275 0.215 0.0004233688326 2
0 0.275 0.225 0.0004086421287 2
0 0.275 0.235 0.0003926921623 2
0 0.275 0.245 0.0003741293606 2
0 0.275 0.255 0.0003521183931 2
0 0.275 0.265 0.0003263837316 2
0 0.275 0.275 0.0002971270524 2
0 0.275 0.285 0.0002649300465 2
0 0.275 0.295 0.0002306737937 2
0 0.275 0.305 0.0001954709292 2
0 0.275 0.315 0.0001605752085 2
0 0.275 0.325 0.0001272270673 2
0 0.275 0.335 9.645278368e-05 2
0 0.275 0.345 6.885876768e-05 2
0 0.275 0.355 4.467436319e-05 2
0 0.275 0.365 2.390897068e-05 2
0 0.275 0.375 7.180790864e-06 2
0 0.275 0.385 -4.806845641e-06 2
0 0.275 0.395 -9.306077035e-06 2
0 0.275 0.405 0 2
0 0.275 0.415 0 2
0 0.275 0.425 0 2
0 0.275 0.435 0 2
0 0.275 0.445 0 2
0 0.275 0.455 0 2
0 0.275 0.465 0 2
0 0.285 -0.455 0 2
0 0.285 -0.445 0 2
0 0.285 -0.435 0 1
0 0.285 -0.425 0 1
0 0.285 -0.415 0 1
0 0.285 -0.405 0 1
0 0.285 -0.395 1.685571855e-05 1
0 0.285 -0.385 1.684406565e-05 1
0 0.285 -0.375 8.477765478e-06 1
0 0.285 -0.365 -8.008224873e-06 2
0 0.285 -0.355 -3.037106405e-05 2
0 0.285 -0.345 -6.184297505e-05 2
0 0.285 -0.335 -9.867053251e-05 2
0 0.285 -0.325 -0.0001382622135 2
0 0.285 -0.315 -0.0001787472361 2
0 0.285 -0.305 -0.0002191576529 2
0 0.285 -0.295 -0.0002587904864 2
0 0.285 -0.285 -0.0002970562844 2
0 0.285 -0.275 -0.0003332508014 2
0 0.285 -0.265 -0.0003665034842 2
0 0.285 -0.255 -0.0003954755364 2
0 0.285 -0.245 -0.0004193387442 2
0 0.285 -0.235 -0.0004360932784 2
0 0.285 -0.225 -0.0004506924006 2
0 0.285 -0.215 -0.0004684892883 2
0 0.285 -0.205 -0.0004845932453 1
0 0.285 -0.195 -0.0004967323891 1
0 0.285 -0.185 -0.0004997760171 1
0 0.285 -0.175 -0.0005000319433 1
0 0.285 -0.165 -0.0005023180937 2
0 0.285 -0.155 -0.000499237998 2
0 0.285 -0.145 -0.0004820883645 2
0 0.285 -0.135 -0.0004580510882 2
0 0.285 -0.125 -0.000437098575 2
0 0.285 -0.115 -0.0004106779009 1
0 0.285 -0.105 -0.0003776947378 1
0 0.285 -0.095 -0.000340937343 1
0 0.285 -0.085 -0.0003023921659 1
0 0.285 -0.075 -0.0002627532077 1
0 0.285 -0.065 -0.0002224315155 1
0 0.285 -0.055 -0.0001849024875 1
0 0.285 -0.045 -0.0001472429924 1
0 0.285 -0.035 -0.0001038817252 2
0 0.285 -0.025 -6.220909987e-05 2
0 0.285 -0.015 -2.368150182e-05 2
0 0.285 -0.005 1.115389918e-05 2
0 0.285 0.005 4.099519382e-05 2
0 0.285 0.015 6.987536138e-05 2
0 0.285 0.025 0.0001052516935 2
0 0.285 0.035 0.0001506161095 2
0 0.285 0.045 0.0002023259653 2
0 0.285 0.055 0.0002553157157 2
0 0.285 0.065 0.0003094424813 2
0 0.285 0.075 0.0003610122026 2
0 0.285 0.085 0.0004079251748 2
0 0.285 0.095 0.0004487601624 2
0 0.285 0.105 0.0004828432787 2
0 0.285 0.115 0.000509261457 2
0 0.285 0.125 0.0005272713126 2
0 0.285 0.135 0.0005361530834 2
0 0.285 0.145 0.0005355993932 2
0 0.285 0.155 0.0005255959238 2
0 0.285 0.165 0.0005072237491 2
0 0.285 0.175 0.0004832552984 2
0 0.285 0.185 0.0004581052351 2
0 0.285 0.195 0.0004359965204 2
0 0.285 0.205 0.0004186245364 2
0 0.285 0.215 0.0004049376481 2
0 0.285 0.225 0.0003922331346 2
0 0.285 0.235 0.0003780699345 2
0 0.285 0.245 0.0003607770019 2
0 0.285 0.255 0.0003395981721 2
0 0.285 0.265 0.0003144095627 2
0 0.285 0.275 0.0002855946096 2
0 0.285 0.285 0.000253872816 2
0 0.285 0.295 0.0002201875488 2
0 0.285 0.305 0.0001856254814 2
0 0.285 0.315 0.0001513242314 2
0 0.285 0.325 0.0001183604461 2
0 0.285 0.335 8.763268683e-05 2
0 0.285 0.345 5.976772915e-05 2
0 0.285 0.355 3.52203808e-05 2
0 0.285 0.365 1.4386163e-05 2
0 0.285 0.375 -1.771956235e-06 2
0 0.285 0.385 -1.202867864e-05 2
0 0.285 0.395 -1.412373264e-05 2
0 0.285 0.405 0 2
0 0.285 0.415 0 2
0 0.285 0.425 0 2
0 0.285 0.435 0 2
0 0.285 0.445 0 2
0 0.285 0.455 0 2
0 0.285 0.465 0 2
0 0.295 -0.455 0 2
0 0.295 -0.445 0 2
0 0.295 -0.435 0 1
0 0.295 -0.425 0 1
0 0.295 -0.415 0 1
0 0.295 -0.405 0 1
0 0.295 -0.395 2.296596112e-05 1
0 0.295 -0.385 2.683876887e-05 1
0 0.295 -0.375 2.372568359e-05 1
0 0.295 -0.365 1.25765793e-05 2
0 0.295 -0.355 -5.215011637e-06 2
0 0.295 -0.345 -3.376264747e-05 2
0 0.295 -0.335 -6.969586113e-05 2
0 0.295 -0.325 -0.0001096442119 2
0 0.295 -0.315 -0.0001512887119 2
0 0.295 -0.305 -0.0001935839888 2
0 0.295 -0.295 -0.0002357888947 2
0 0.295 -0.285 -0.0002773772299 2
0 0.295 -0.275 -0.0003177187459 2
0 0.295 -0.265 -0.0003559777133 2
0 0.295 -0.255 -0.0003907147939 2
0 0.295 -0.245 -0.0004207075273 2
0 0.295 -0.235 -0.0004417263403 2
0 0.295 -0.225 -0.0004591551954 2
0 0.295 -0.215 -0.0004788540271 2
0 0.295 -0.205 -0.0004928149243 1
0 0.295 -0.195 -0.000502278208 1
0 0.295 -0.185 -0.0005040476077 1
0 0.295 -0.175 -0.000501788931 1
0 0.295 -0.165 -0.0004965537788 1
0 0.295 -0.155 -0.0004888825603 2
0 0.295 -0.145 -0.0004789510677 2
0 0.295 -0.135 -0.0004609546506 2
0 0.295 -0.125 -0.000432350687 1
0 0.295 -0.115 -0.000399258704 1
0 0.295 -0.105 -0.0003613442758 1
0 0.295 -0.095 -0.000324322075 1
0 0.295 -0.085 -0.0002882384474 1
0 0.295 -0.075 -0.000251531761 1
0 0.295 -0.065 -0.0002139199344 1
0 0.295 -0.055 -0.0001770451845 1
0 0.295 -0.045 -0.0001369556414 1
0 0.295 -0.035 -8.976599746e-05 2
0 0.295 -0.025 -4.51473182e-05 2
0 0.295 -0.015 -4.866157707e-06 2
0 0.295 -0.005 3.180966687e-05 2
0 0.295 0.005 6.493714564e-05 2
0 0.295 0.015 9.560846542e-05 2
0 0.295 0.025 0.0001248733552 2
0 0.295 0.035 0.000159909868 2
0 0.295 0.045 0.0002060236785 2
0 0.295 0.055 0.0002618551291 2
0 0.295 0.065 0.0003200146812 2
0 0.295 0.075 0.000371808775 2
0 0.295 0.085 0.0004182243141 2
0 0.295 0.095 0.0004581460231 2
0 0.295 0.105 0.0004913510407 2
0 0.295 0.115 0.0005168256101 2
0 0.295 0.125 0.0005335962332 2
0 0.295 0.135 0.0005404321912 2
0 0.295 0.145 0.0005368843832 2
0 0.295 0.155 0.0005229946834 2
0 0.295 0.165 0.0005000578232 2
0 0.295 0.175 0.0004712901977 2
0 0.295 0.185 0.0004421238807 2
0 0.295 0.195 0.000418222891 2
0 0.295 0.205 0.0004016768189 2
0 0.295 0.215 0.0003906612299 2
0 0.295 0.225 0.0003809319905 2
0 0.295 0.235 0.0003689740377 2
0 0.295 0.245 0.0003528504725 2
0 0.295 0.255 0.000332061768 2
0 0.295 0.265 0.0003068350643 2
0 0.295 0.275 0.0002777946185 2
0 0.295 0.285 0.0002458211155 2
0 0.295 0.295 0.0002119187617 2
0 0.295 0.305 0.0001771576852 2
0 0.295 0.315 0.0001426034114 2
0 0.295 0.325 0.0001092499383 2
0 0.295 0.335 7.79673135e-05 2
0 0.295 0.345 4.947887094e-05 2
0 0.295 0.355 2.447276748e-05 2
0 0.295 0.365 3.695658599e-06 2
0 0.295 0.375 -1.161963627e-05 2
0 0.295 0.385 -1.980536442e-05 2
0 0.295 0.395 -1.927850328e-05 2
0 0.295 0.405 0 2
0 0.295 0.415 0 2
0 0.295 0.425 0 2
0 0.295 0.435 0 2
0 0.295 0.445 0 2
0 0.295 0.455 0 2
0 0.295 0.465 0 2
0 0.305 -0.455 0 2
0 0.305 -0.445 0 2
0 0.305 -0.435 0 2
0 0.305 -0.425 0 1
0 0.305 -0.415 0 1
0 0.305 -0.405 0 1
0 0.305 -0.395 2.990341973e-05 1
0 0.305 -0.385 3.736189082e-05 1
0 0.305 -0.375 3.915352044e-05 1
0 0.305 -0.365 3.323976224e-05 2
0 0.305 -0.355 1.839511581e-05 2
0 0.305 -0.345 -1.026749153e-05 2
0 0.305 -0.335 -4.554764748e-05 2
0 0.305 -0.325 -8.527752106e-05 2
0 0.305 -0.315 -0.0001271956672 2
0 0.305 -0.305 -0.0001703888244 2
0 0.305 -0.295 -0.0002141998867 2
0 0.305 -0.285 -0.0002582304564 2
0 0.305 -0.275 -0.0003019784045 2
0 0.305 -0.265 -0.0003446864934 2
0 0.305 -0.255 -0.0003849923372 2
0 0.305 -0.245 -0.0004209987002 2
0 0.305 -0.235 -0.0004477127829 2
0 0.305 -0.225 -0.0004630494496 2
0 0.305 -0.215 -0.0004686462696 1
0 0.305 -0.205 -0.0004827253689 1
0 0.305 -0.195 -0.0004976874177 1
0 0.305 -0.185 -0.0005083073207 1
0 0.305 -0.175 -0.0005118636575 1
0 0.305 -0.165 -0.0005068653988 1
0 0.305 -0.155 -0.0004925350186 1
0 0.305 -0.145 -0.0004720637914 2
0 0.305 -0.135 -0.0004439300471 1
0 0.305 -0.125 -0.0004129594225 1
0 0.305 -0.115 -0.0003818297508 1
0 0.305 -0.105 -0.0003503165137 1
0 0.305 -0.095 -0.0003167011931 1
0 0.305 -0.085 -0.0002802906396 1
0 0.305 -0.075 -0.0002432509447 1
0 0.305 -0.065 -0.0002061837756 1
0 0.305 -0.055 -0.0001717416675 1
0 0.305 -0.045 -0.0001366769073 1
0 0.305 -0.035 -9.646243498e-05 1
0 0.305 -0.025 -4.901116724e-05 1
0 0.305 -0.015 -1.307277877e-06 1
0 0.305 -0.005 4.047330363e-05 1
0 0.305 0.005 7.970318542e-05 1
0 0.305 0.015 0.0001165954789 1
0 0.305 0.025 0.000148374383 2
0 0.305 0.035 0.0001785702035 2
0 0.305 0.045 0.0002195301888 2
0 0.305 0.055 0.000275082005 2
0 0.305 0.065 0.000333053229 2
0 0.305 0.075 0.0003823840459 2
0 0.305 0.085 0.0004265727021 2
0 0.305 0.095 0.0004646237089 2
0 0.305 0.105 0.0004964550047 2
0 0.305 0.115 0.000520592321 2
0 0.305 0.125 0.0005353793276 2
0 0.305 0.135 0.0005392960437 2
0 0.305 0.145 0.0005357268535 2
0 0.305 0.155 0.0005227491749 2
0 0.305 0.165 0.0004967393006 2
0 0.305 0.175 0.0004586316841 2
0 0.305 0.185 0.0004207505649 2
0 0.305 0.195 0.0003969531886 2
0 0.305 0.205 0.0003872432077 2
0 0.305 0.215 0.0003836286702 2
0 0.305 0.225 0.0003770620848 2
0 0.305 0.235 0.0003667884471 2
0 0.305 0.245 0.0003510303015 2
0 0.305 0.255 0.0003297014237 2
0 0.305 0.265 0.0003035642645 2
0 0.305 0.275 0.0002734932366 2
0 0.305 0.285 0.0002405183701 2
0 0.305 0.295 0.0002056885741 2
0 0.305 0.305 0.0001700590845 2
0 0.305 0.315 0.0001346517041 2
0 0.305 0.325 0.0001004287151 2
0 0.305 0.335 6.828308729e-05 2
0 0.305 0.345 3.905470436e-05 2
0 0.305 0.355 1.363355262e-05 2
0 0.305 0.365 -6.954200392e-06 2
0 0.305 0.375 -2.130072745e-05 2
0 0.305 0.385 -2.738357209e-05 2
0 0.305 0.395 -2.431422e-05 2
0 0.305 0.405 0 2
0 0.305 0.415 0 2
0 0.305 0.425 0 2
0 0.305 0.435 0 2
0 0.305 0.445 0 2
0 0.305 0.455 0 2
0 0.305 0.465 0 2
0 0.315 -0.455 0 2
0 0.315 -0.445 0 2
0 0.315 -0.435 0 2
0 0.315 -0.425 0 1
0 0.315 -0.415 0 1
0 0.315 -0.405 0 1
0 0.315 -0.395 4.107629062e-05 1
0 0.315 -0.385 5.293944854e-05 1
0 0.315 -0.375 5.756187568e-05 1
0 0.315 -0.365 5.189042012e-05 2
0 0.315 -0.355 3.599808222e-05 2
0 0.315 -0.345 7.225405287e-06 2
0 0.315 -0.335 -2.694764506e-05 2
0 0.315 -0.325 -6.558146057e-05 2
0 0.315 -0.315 -0.000106755764 2
0 0.315 -0.305 -0.0001497152591 2
0 0.315 -0.295 -0.0001939503721 2
0 0.315 -0.285 -0.0002392271022 2
0 0.315 -0.275 -0.0002851544405 2
0 0.315 -0.265 -0.0003310050067 2
0 0.315 -0.255 -0.0003753184905 2
0 0.315 -0.245 -0.0004156215054 2
0 0.315 -0.235 -0.000447585534 2
0 0.315 -0.225 -0.0004629936683 2
0 0.315 -0.215 -0.0004647613349 1
0 0.315 -0.205 -0.0004766722963 1
0 0.315 -0.195 -0.0004933161338 1
0 0.315 -0.185 -0.000506321139 1
0 0.315 -0.175 -0.0005105946939 1
0 0.315 -0.165 -0.0005075048586 1
0 0.315 -0.155 -0.0004917338675 1
0 0.315 -0.145 -0.0004619280364 1
0 0.315 -0.135 -0.0004281553886 1
0 0.315 -0.125 -0.0003981397383 1
0 0.315 -0.115 -0.000370094051 1
0 0.315 -0.105 -0.0003403290317 1
0 0.315 -0.095 -0.0003073327631 1
0 0.315 -0.085 -0.0002723464102 1
0 0.315 -0.075 -0.0002366141245 1
0 0.315 -0.065 -0.0002016835838 1
0 0.315 -0.055 -0.0001697763443 1
0 0.315 -0.045 -0.0001372479609 1
0 0.315 -0.035 -9.873165381e-05 1
0 0.315 -0.025 -5.323792519e-05 1
0 0.315 -0.015 -6.157117707e-06 1
0 0.315 -0.005 3.76027547e-05 1
0 0.315 0.005 7.795978563e-05 1
0 0.315 0.015 0.000116003958 1
0 0.315 0.025 0.000149929195 1
0 0.315 0.035 0.0001860139634 1
0 0.315 0.045 0.0002352267735 2
0 0.315 0.055 0.0002897096941 2
0 0.315 0.065 0.0003445232425 2
0 0.315 0.075 0.0003897250007 2
0 0.315 0.085 0.0004306533054 2
0 0.315 0.095 0.000466321808 2
0 0.315 0.105 0.0004963013072 2
0 0.315 0.115 0.0005183357921 2
0 0.315 0.125 0.0005333203724 2
0 0.315 0.135 0.0005356615055 2
0 0.315 0.145 0.0005224465153 2
0 0.315 0.155 0.0004992977894 2
0 0.315 0.165 0.0004728010407 2
0 0.315 0.175 0.000447019258 2
0 0.315 0.185 0.0004192148854 2
0 0.315 0.195 0.0003961820077 2
0 0.315 0.205 0.000385884781 2
0 0.315 0.215 0.000385281398 2
0 0.315 0.225 0.000382854094 2
0 0.315 0.235 0.000372385048 2
0 0.315 0.245 0.0003554269498 2
0 0.315 0.255 0.0003322560415 2
0 0.315 0.265 0.0003041855109 2
0 0.315 0.275 0.0002722680943 2
0 0.315 0.285 0.000237620111 2
0 0.315 0.295 0.0002012952554 2
0 0.315 0.305 0.0001643193395 2
0 0.315 0.315 0.0001276781083 2
0 0.315 0.325 9.232182761e-05 2
0 0.315 0.335 5.918104053e-05 2
0 0.315 0.345 2.920184951e-05 2
0 0.315 0.355 3.432060743e-06 2
0 0.315 0.365 -1.689290815e-05 2
0 0.315 0.375 -3.026112694e-05 2
0 0.315 0.385 -3.436371e-05 2
0 0.315 0.395 -2.896091558e-05 2
0 0.315 0.405 0 2
0 0.315 0.415 0 2
0 0.315 0.425 0 2
0 0.315 0.435 0 2
0 0.315 0.445 0 2
0 0.315 0.455 0 2
0 0.315 0.465 0 2
0 0.325 -0.455 0 2
0 0.325 -0.445 0 2
0 0.325 -0.435 0 2
0 0.325 -0.425 0 2
0 0.325 -0.415 0 1
0 0.325 -0.405 0 1
0 0.325 -0.395 5.095172034e-05 1
0 0.325 -0.385 6.480913765e-05 1
0 0.325 -0.375 6.64634644e-05 2
0 0.325 -0.365 5.979705212e-05 2
0 0.325 -0.355 4.348142077e-05 2
0 0.325 -0.345 1.778760495e-05 2
0 0.325 -0.335 -1.409974355e-05 2
0 0.325 -0.325 -5.062735204e-05 2
0 0.325 -0.315 -9.009962555e-05 2
0 0.325 -0.305 -0.0001317587918 2
0 0.325 -0.295 -0.0001751560204 2
0 0.325 -0.285 -0.0002201849587 2
0 0.325 -0.275 -0.0002665372121 2
0 0.325 -0.265 -0.0003136149714 2
0 0.325 -0.255 -0.0003596758336 2
0 0.325 -0.245 -0.0004017690575 2
0 0.325 -0.235 -0.0004340716779 2
0 0.325 -0.225 -0.0004521036165 2
0 0.325 -0.215 -0.0004586113251 1
0 0.325 -0.205 -0.0004751423034 1
0 0.325 -0.195 -0.0004929778279 1
0 0.325 -0.185 -0.0005033104676 1
0 0.325 -0.175 -0.0005033262143 1
0 0.325 -0.165 -0.0004967679245 1
0 0.325 -0.155 -0.0004792268508 1
0 0.325 -0.145 -0.0004512930288 1
0 0.325 -0.135 -0.0004194350804 1
0 0.325 -0.125 -0.0003893543878 1
0 0.325 -0.115 -0.0003609821124 1
0 0.325 -0.105 -0.0003309627323 1
0 0.325 -0.095 -0.0002995824695 1
0 0.325 -0.085 -0.0002658464634 1
0 0.325 -0.075 -0.0002308389912 1
0 0.325 -0.065 -0.0001965218395 1
0 0.325 -0.055 -0.0001638952133 1
0 0.325 -0.045 -0.0001309188587 1
0 0.325 -0.035 -9.48370716e-05 1
0 0.325 -0.025 -5.472905e-05 1
0 0.325 -0.015 -1.223121254e-05 1
0 0.325 -0.005 3.022557352e-05 1
0 0.325 0.005 6.888491249e-05 1
0 0.325 0.015 0.0001064912526 1
0 0.325 0.025 0.000142318556 1
0 0.325 0.035 0.0001830083821 1
0 0.325 0.045 0.0002392366154 2
0 0.325 0.055 0.0002948831039 2
0 0.325 0.065 0.0003482104251 2
0 0.325 0.075 0.0003898273973 2
0 0.325 0.085 0.0004277317669 2
0 0.325 0.095 0.0004610259517 2
0 0.325 0.105 0.0004886366887 2
0 0.325 0.115 0.0005105284283 2
0 0.325 0.125 0.0005209936034 2
0 0.325 0.135 0.0005131426062 2
0 0.325 0.145 0.0004879026491 2
0 0.325 0.155 0.0004619593226 2
0 0.325 0.165 0.0004462060116 1
0 0.325 0.175 0.0004408555074 1
0 0.325 0.185 0.0004325751301 1
0 0.325 0.195 0.0004202698198 2
0 0.325 0.205 0.0004067001494 2
0 0.325 0.215 0.000403062382 2
0 0.325 0.225 0.000399293301 2
0 0.325 0.235 0.000385402102 2
0 0.325 0.245 0.0003651230774 2
0 0.325 0.255 0.0003387658019 2
0 0.325 0.265 0.0003078430052 2
0 0.325 0.275 0.0002734309013 2
0 0.325 0.285 0.0002366302539 2
0 0.325 0.295 0.0001984461425 2
0 0.325 0.305 0.0001598504888 2
0 0.325 0.315 0.0001217876718 2
0 0.325 0.325 8.519753009e-05 2
0 0.325 0.335 5.104372635e-05 2
0 0.325 0.345 2.03564111e-05 2
0 0.325 0.355 -5.701453556e-06 2
0 0.325 0.365 -2.57440924e-05 2
0 0.325 0.375 -3.82034084e-05 2
0 0.325 0.385 -4.053815851e-05 2
0 0.325 0.395 -3.308133431e-05 2
0 0.325 0.405 0 2
0 0.325 0.415 0 2
0 0.325 0.425 0 2
0 0.325 0.435 0 2
0 0.325 0.445 0 2
0 0.325 0.455 0 2
0 0.325 0.465 0 2
0 0.335 -0.455 0 2
0 0.335 -0.445 0 2
0 0.335 -0.435 0 2
0 0.335 -0.425 0 2
0 0.335 -0.415 0 2
0 0.335 -0.405 0 2
0 0.335 -0.395 4.88173565e-05 2
0 0.335 -0.385 6.189453079e-05 2
0 0.335 -0.375 6.642726982e-05 2
0 0.335 -0.365 6.01722799e-05 2
0 0.335 -0.355 4.576299038e-05 2
0 0.335 -0.345 2.345647215e-05 2
0 0.335 -0.335 -5.868644888e-06 2
0 0.335 -0.325 -3.99774286e-05 2
0 0.335 -0.315 -7.718443336e-05 2
0 0.335 -0.305 -0.0001166592746 2
0 0.335 -0.295 -0.0001581465939 2
0 0.335 -0.285 -0.0002020064801 2
0 0.335 -0.275 -0.0002480714345 2
0 0.335 -0.265 -0.0002954995106 2
0 0.335 -0.255 -0.0003417826761 2
0 0.335 -0.245 -0.0003834765682 2
0 0.335 -0.235 -0.0004116389537 2
0 0.335 -0.225 -0.0004323835762 2
0 0.335 -0.215 -0.0004567706877 2
0 0.335 -0.205 -0.0004777638289 1
0 0.335 -0.195 -0.0004927602503 1
0 0.335 -0.185 -0.0004941871392 1
0 0.335 -0.175 -0.0004895336911 1
0 0.335 -0.165 -0.0004784657897 1
0 0.335 -0.155 -0.0004608426153 1
0 0.335 -0.145 -0.0004372956523 1
0 0.335 -0.135 -0.0004094946037 1
0 0.335 -0.125 -0.0003797085233 1
0 0.335 -0.115 -0.0003498432009 1
0 0.335 -0.105 -0.0003228236214 1
0 0.335 -0.095 -0.0002962160713 1
0 0.335 -0.085 -0.0002627841216 1
0 0.335 -0.075 -0.0002245583916 1
0 0.335 -0.065 -0.0001898318473 1
0 0.335 -0.055 -0.0001609975037 1
0 0.335 -0.045 -0.0001312995137 1
0 0.335 -0.035 -9.699794214e-05 1
0 0.335 -0.025 -5.896183034e-05 1
0 0.335 -0.015 -1.825486243e-05 1
0 0.335 -0.005 2.320143044e-05 1
0 0.335 0.005 6.378415997e-05 1
0 0.335 0.015 0.0001043823977 1
0 0.335 0.025 0.0001386684791 1
0 0.335 0.035 0.0001738485319 1
0 0.335 0.045 0.0002287203802 2
0 0.335 0.055 0.0002859982961 2
0 0.335 0.065 0.0003404271645 2
0 0.335 0.075 0.000380364806 2
0 0.335 0.085 0.0004167035089 2
0 0.335 0.095 0.0004484511763 2
0 0.335 0.105 0.0004770729284 2
0 0.335 0.115 0.0004957378153 2
0 0.335 0.125 0.0004937779139 2
0 0.335 0.135 0.0004755748362 2
0 0.335 0.145 0.000460047343 1
0 0.335 0.155 0.0004559146076 1
0 0.335 0.165 0.0004536062671 1
0 0.335 0.175 0.0004488038455 1
0 0.335 0.185 0.0004417267686 1
0 0.335 0.195 0.0004342314594 1
0 0.335 0.205 0.0004333616808 2
0 0.335 0.215 0.0004296434054 2
0 0.335 0.225 0.0004211553033 2
0 0.335 0.235 0.0004024448096 2
0 0.335 0.245 0.0003777025269 2
0 0.335 0.255 0.0003474639236 2
0 0.335 0.265 0.0003132379184 2
0 0.335 0.275 0.0002760481044 2
0 0.335 0.285 0.0002369147302 2
0 0.335 0.295 0.0001967608882 2
0 0.335 0.305 0.0001564881168 2
0 0.335 0.315 0.0001169934404 2
0 0.335 0.325 7.920196328e-05 2
0 0.335 0.335 4.409990249e-05 2
0 0.335 0.345 1.277846139e-05 2
0 0.335 0.355 -1.351876902e-05 2
0 0.335 0.365 -3.329954563e-05 2
0 0.335 0.375 -4.496793906e-05 2
0 0.335 0.385 -4.579461519e-05 2
0 0.335 0.395 -3.659734372e-05 2
0 0.335 0.405 0 2
0 0.335 0.415 0 2
0 0.335 0.425 0 2
0 0.335 0.435 0 2
0 0.335 0.445 0 2
0 0.335 0.455 0 2
0 0.335 0.465 0 2
0 0.345 -0.455 0 2
0 0.345 -0.445 0 2
0 0.345 -0.435 0 2
0 0.345 -0.425 0 2
0 0.345 -0.415 0 2
0 0.345 -0.405 0 2
0 0.345 -0.395 4.567460374e-05 2
0 0.345 -0.385 5.920172189e-05 2
0 0.345 -0.375 6.506642661e-05 2
0 0.345 -0.365 6.083026676e-05 2
0 0.345 -0.355 4.806425364e-05 2
0 0.345 -0.345 2.694997196e-05 2
0 0.345 -0.335 -7.358584144e-07 2
0 0.345 -0.325 -3.297391947e-05 2
0 0.345 -0.315 -6.801924988e-05 2
0 0.345 -0.305 -0.0001051138194 2
0 0.345 -0.295 -0.0001445531472 2
0 0.345 -0.285 -0.0001871514097 2
0 0.345 -0.275 -0.0002297361968 2
0 0.345 -0.265 -0.0002730305942 2
0 0.345 -0.255 -0.0003186965952 2
0 0.345 -0.245 -0.0003631105742 2
0 0.345 -0.235 -0.0003964516667 2
0 0.345 -0.225 -0.0004205451044 2
0 0.345 -0.215 -0.0004446202998 2
0 0.345 -0.205 -0.0004630683409 1
0 0.345 -0.195 -0.0004737577285 1
0 0.345 -0.185 -0.0004727103156 1
0 0.345 -0.175 -0.0004662890448 1
0 0.345 -0.165 -0.00045446311 1
0 0.345 -0.155 -0.0004381191244 1
0 0.345 -0.145 -0.0004194572576 1
0 0.345 -0.135 -0.0003969193007 1
0 0.345 -0.125 -0.000368418134 1
0 0.345 -0.115 -0.0003357646495 1
0 0.345 -0.105 -0.0003058401428 1
0 0.345 -0.095 -0.0002811276238 1
0 0.345 -0.085 -0.0002552079176 1
0 0.345 -0.075 -0.0002265758643 1
0 0.345 -0.065 -0.0001951230271 1
0 0.345 -0.055 -0.000163188628 1
0 0.345 -0.045 -0.0001321079845 1
0 0.345 -0.035 -0.0001005045903 1
0 0.345 -0.025 -6.550589803e-05 1
0 0.345 -0.015 -2.596884109e-05 1
0 0.345 -0.005 1.440355315e-05 1
0 0.345 0.005 5.142397642e-05 1
0 0.345 0.015 8.813641908e-05 1
0 0.345 0.025 0.000123881266 1
0 0.345 0.035 0.0001641409197 1
0 0.345 0.045 0.0002189228921 2
0 0.345 0.055 0.0002720868336 2
0 0.345 0.065 0.0003226795651 2
0 0.345 0.075 0.000361936807 2
0 0.345 0.085 0.0003979174719 2
0 0.345 0.095 0.0004287122177 2
0 0.345 0.105 0.000457330115 2
0 0.345 0.115 0.0004731581885 2
0 0.345 0.125 0.0004705311485 2
0 0.345 0.135 0.000465410182 1
0 0.345 0.145 0.0004655948119 1
0 0.345 0.155 0.0004698675597 1
0 0.345 0.165 0.0004689185931 1
0 0.345 0.175 0.0004608738901 1
0 0.345 0.185 0.0004498404929 1
0 0.345 0.195 0.0004431474227 1
0 0.345 0.205 0.0004501694939 2
0 0.345 0.215 0.0004510746533 2
0 0.345 0.225 0.0004411912857 2
0 0.345 0.235 0.0004188530556 2
0 0.345 0.245 0.0003900886335 2
0 0.345 0.255 0.0003562233657 2
0 0.345 0.265 0.0003188863364 2
0 0.345 0.275 0.0002790959786 2
0 0.345 0.285 0.0002377963914 2
0 0.345 0.295 0.0001958312631 2
0 0.345 0.305 0.0001540339537 2
0 0.345 0.315 0.000113256118 2
0 0.345 0.325 7.440644588e-05 2
0 0.345 0.335 3.848509524e-05 2
0 0.345 0.345 6.626364372e-06 2
0 0.345 0.355 -1.987000581e-05 2
0 0.345 0.365 -3.943590162e-05 2
0 0.345 0.375 -5.046165241e-05 2
0 0.345 0.385 -5.006789802e-05 2
0 0.345 0.395 -3.946335702e-05 2
0 0.345 0.405 0 2
0 0.345 0.415 0 2
0 0.345 0.425 0 2
0 0.345 0.435 0 2
0 0.345 0.445 0 2
0 0.345 0.455 0 2
0 0.345 0.465 0 2
0 0.355 -0.455 0 2
0 0.355 -0.445 0 2
0 0.355 -0.435 0 2
0 0.355 -0.425 0 2
0 0.355 -0.415 0 2
0 0.355 -0.405 0 2
0 0.355 -0.395 4.56390349e-05 2
0 0.355 -0.385 6.106497561e-05 2
0 0.355 -0.375 6.805116968e-05 2
0 0.355 -0.365 6.387049983e-05 2
0 0.355 -0.355 5.087588042e-05 2
0 0.355 -0.345 2.982989401e-05 2
0 0.355 -0.335 2.448709937e-06 2
0 0.355 -0.325 -2.91224164e-05 2
0 0.355 -0.315 -6.297804151e-05 2
0 0.355 -0.305 -9.829653727e-05 2
0 0.355 -0.295 -0.000133486161 2
0 0.355 -0.285 -0.0001728862657 2
0 0.355 -0.275 -0.0002194246394 2
0 0.355 -0.265 -0.0002679124467 2
0 0.355 -0.255 -0.0003125784535 2
0 0.355 -0.245 -0.0003493030238 2
0 0.355 -0.235 -0.0003791893602 2
0 0.355 -0.225 -0.0003988364001 2
0 0.355 -0.215 -0.0004074682053 1
0 0.355 -0.205 -0.0004200776411 1
0 0.355 -0.195 -0.000432907606 1
0 0.355 -0.185 -0.0004390907324 1
0 0.355 -0.175 -0.0004349218226 1
0 0.355 -0.165 -0.0004235937763 1
0 0.355 -0.155 -0.0004094645505 1
0 0.355 -0.145 -0.0003929293182 1
0 0.355 -0.135 -0.0003706388509 1
0 0.355 -0.125 -0.0003418585548 1
0 0.355 -0.115 -0.0003115186546 1
0 0.355 -0.105 -0.0002861888497 1
0 0.355 -0.095 -0.0002652043565 1
0 0.355 -0.085 -0.0002486555242 2
0 0.355 -0.075 -0.0002335753868 2
0 0.355 -0.065 -0.0002106069258 1
0 0.355 -0.055 -0.0001812056384 1
0 0.355 -0.045 -0.0001491196688 1
0 0.355 -0.035 -0.0001144023782 1
0 0.355 -0.025 -7.669170263e-05 1
0 0.355 -0.015 -3.624444318e-05 1
0 0.355 -0.005 4.81805802e-06 1
0 0.355 0.005 4.350721501e-05 1
0 0.355 0.015 8.069478279e-05 1
0 0.355 0.025 0.0001146005893 1
0 0.355 0.035 0.0001494475707 1
0 0.355 0.045 0.0001955156483 2
0 0.355 0.055 0.0002455974731 2
0 0.355 0.065 0.000295838711 2
0 0.355 0.075 0.0003370161067 2
0 0.355 0.085 0.0003750398719 2
0 0.355 0.095 0.0004111536697 2
0 0.355 0.105 0.0004406758963 2
0 0.355 0.115 0.0004561733799 2
0 0.355 0.125 0.0004676194993 1
0 0.355 0.135 0.0004739115939 1
0 0.355 0.145 0.0004777151396 1
0 0.355 0.155 0.0004774554361 1
0 0.355 0.165 0.0004750623444 1
0 0.355 0.175 0.0004718479033 1
0 0.355 0.185 0.0004637363635 1
0 0.355 0.195 0.0004551483294 1
0 0.355 0.205 0.0004617516732 2
0 0.355 0.215 0.0004644900995 2
0 0.355 0.225 0.0004558250197 2
0 0.355 0.235 0.0004313517153 2
0 0.355 0.245 0.0003997689992 2
0 0.355 0.255 0.000363204098 2
0 0.355 0.265 0.0003234868631 2
0 0.355 0.275 0.0002816814217 2
0 0.355 0.285 0.0002386934192 2
0 0.355 0.295 0.0001953131381 2
0 0.355 0.305 0.0001523234735 2
0 0.355 0.315 0.0001105413798 2
0 0.355 0.325 7.086271527e-05 2
0 0.355 0.335 3.429790682e-05 2
0 0.355 0.345 2.013253371e-06 2
0 0.355 0.355 -2.465021689e-05 2
0 0.355 0.365 -4.406827352e-05 2
0 0.355 0.375 -5.462132594e-05 2
0 0.355 0.385 -5.331407842e-05 2
0 0.355 0.395 -4.164904705e-05 2
0 0.355 0.405 0 2
0 0.355 0.415 0 2
0 0.355 0.425 0 2
0 0.355 0.435 0 2
0 0.355 0.445 0 2
0 0.355 0.455 0 2
0 0.355 0.465 0 2
0 0.365 -0.455 0 2
0 0.365 -0.445 0 2
0 0.365 -0.435 0 2
0 0.365 -0.425 0 2
0 0.365 -0.415 0 2
0 0.365 -0.405 0 2
0 0.365 -0.395 4.790147857e-05 2
0 0.365 -0.385 6.466327004e-05 2
0 0.365 -0.375 7.258750063e-05 2
0 0.365 -0.365 6.858856933e-05 2
0 0.365 -0.355 5.516235219e-05 2
0 0.365 -0.345 3.331000431e-05 2
0 0.365 -0.335 4.895319278e-06 2
0 0.365 -0.325 -2.761992309e-05 2
0 0.365 -0.315 -6.209919275e-05 2
0 0.365 -0.305 -9.517484393e-05 2
0 0.365 -0.295 -0.0001298519441 2
0 0.365 -0.285 -0.0001724411813 2
0 0.365 -0.275 -0.000224874682 2
0 0.365 -0.265 -0.000272732355 2
0 0.365 -0.255 -0.000303516934 1
0 0.365 -0.245 -0.0003241713475 1
0 0.365 -0.235 -0.0003384220169 1
0 0.365 -0.225 -0.0003474734733 1
0 0.365 -0.215 -0.0003576876098 1
0 0.365 -0.205 -0.0003735929859 1
0 0.365 -0.195 -0.000390866014 1
0 0.365 -0.185 -0.000401257163 1
0 0.365 -0.175 -0.0003995752755 1
0 0.365 -0.165 -0.0003882887068 1
0 0.365 -0.155 -0.0003739594548 1
0 0.365 -0.145 -0.0003576616684 1
0 0.365 -0.135 -0.0003366463563 1
0 0.365 -0.125 -0.0003106310987 2
0 0.365 -0.115 -0.0002911637265 2
0 0.365 -0.105 -0.0002789933162 2
0 0.365 -0.095 -0.0002675260614 2
0 0.365 -0.085 -0.0002510927957 2
0 0.365 -0.075 -0.0002295630691 2
0 0.365 -0.065 -0.0002093138317 2
0 0.365 -0.055 -0.0001885196286 2
0 0.365 -0.045 -0.000159457841 1
0 0.365 -0.035 -0.0001239508661 1
0 0.365 -0.025 -8.576375188e-05 1
0 0.365 -0.015 -4.604358922e-05 1
0 0.365 -0.005 -5.923728588e-06 1
0 0.365 0.005 3.31803327e-05 1
0 0.365 0.015 7.028135368e-05 1
0 0.365 0.025 0.0001019218543 2
0 0.365 0.035 0.0001285704439 2
0 0.365 0.045 0.000163847575 2
0 0.365 0.055 0.000213840501 2
0 0.365 0.065 0.0002662619193 2
0 0.365 0.075 0.0003105283483 2
0 0.365 0.085 0.0003515429533 2
0 0.365 0.095 0.0003939090883 2
0 0.365 0.105 0.0004304063782 2
0 0.365 0.115 0.0004545536327 2
0 0.365 0.125 0.000472783601 1
0 0.365 0.135 0.000479739294 1
0 0.365 0.145 0.0004845104508 1
0 0.365 0.155 0.0004857216771 1
0 0.365 0.165 0.0004851033764 1
0 0.365 0.175 0.0004798762634 1
0 0.365 0.185 0.000471174108 1
0 0.365 0.195 0.000465975632 1
0 0.365 0.205 0.0004757634574 2
0 0.365 0.215 0.0004776379884 2
0 0.365 0.225 0.0004650925903 2
0 0.365 0.235 0.0004387085341 2
0 0.365 0.245 0.000405392548 2
0 0.365 0.255 0.0003672910688 2
0 0.365 0.265 0.0003262145489 2
0 0.365 0.275 0.0002832368286 2
0 0.365 0.285 0.000239249705 2
0 0.365 0.295 0.0001950173009 2
0 0.365 0.305 0.0001512938564 2
0 0.365 0.315 0.0001088756928 2
0 0.365 0.325 6.865269394e-05 2
0 0.365 0.335 3.164618892e-05 2
0 0.365 0.345 -9.505258482e-07 2
0 0.365 0.355 -2.776216647e-05 2
0 0.365 0.365 -4.711998735e-05 2
0 0.365 0.375 -5.73910414e-05 2
0 0.365 0.385 -5.549571739e-05 2
0 0.365 0.395 -4.31303951e-05 2
0 0.365 0.405 0 2
0 0.365 0.415 0 2
0 0.365 0.425 0 2
0 0.365 0.435 0 2
0 0.365 0.445 0 2
0 0.365 0.455 0 2
0 0.365 0.465 0 2
0 0.375 -0.455 0 2
0 0.375 -0.445 0 2
0 0.375 -0.435 0 2
0 0.375 -0.425 0 2
0 0.375 -0.415 0 2
0 0.375 -0.405 0 2
0 0.375 -0.395 5.07894676e-05 2
0 0.375 -0.385 6.956631561e-05 2
0 0.375 -0.375 7.919902902e-05 2
0 0.375 -0.365 7.573020878e-05 2
0 0.375 -0.355 6.187629861e-05 2
0 0.375 -0.345 3.875690575e-05 2
0 0.375 -0.335 8.295909881e-06 2
0 0.375 -0.325 -2.692778189e-05 2
0 0.375 -0.315 -6.461687958e-05 2
0 0.375 -0.305 -9.967179904e-05 2
0 0.375 -0.295 -0.0001374675121 2
0 0.375 -0.285 -0.0001820198461 2
0 0.375 -0.275 -0.0002201480192 1
0 0.375 -0.265 -0.0002484145851 1
0 0.375 -0.255 -0.0002701254872 1
0 0.375 -0.245 -0.0002884932559 1
0 0.375 -0.235 -0.0002991574989 1
0 0.375 -0.225 -0.0003065151912 1
0 0.375 -0.215 -0.0003185202577 1
0 0.375 -0.205 -0.000336546627 1
0 0.375 -0.195 -0.0003565470754 1
0 0.375 -0.185 -0.0003698487952 1
0 0.375 -0.175 -0.0003699941677 1
0 0.375 -0.165 -0.000356764141 1
0 0.375 -0.155 -0.0003383064019 1
0 0.375 -0.145 -0.0003230698567 1
0 0.375 -0.135 -0.0003093244088 2
0 0.375 -0.125 -0.00029928228 2
0 0.375 -0.115 -0.000289452715 2
0 0.375 -0.105 -0.0002829955057 2
0 0.375 -0.095 -0.0002748623076 2
0 0.375 -0.085 -0.0002526379989 2
0 0.375 -0.075 -0.0002201102854 2
0 0.375 -0.065 -0.000189477378 2
0 0.375 -0.055 -0.0001661176535 2
0 0.375 -0.045 -0.0001432035888 2
0 0.375 -0.035 -0.0001158034963 2
0 0.375 -0.025 -8.443992741e-05 2
0 0.375 -0.015 -4.897999614e-05 2
0 0.375 -0.005 -1.322923875e-05 2
0 0.375 0.005 1.947691323e-05 2
0 0.375 0.015 4.859039846e-05 2
0 0.375 0.025 7.422378324e-05 2
0 0.375 0.035 0.0001039691581 2
0 0.375 0.045 0.0001434513252 2
0 0.375 0.055 0.0001921057224 2
0 0.375 0.065 0.0002432758713 2
0 0.375 0.075 0.000289218139 2
0 0.375 0.085 0.0003326787049 2
0 0.375 0.095 0.0003801503759 2
0 0.375 0.105 0.0004272632571 2
0 0.375 0.115 0.0004677730538 1
0 0.375 0.125 0.0004840401241 1
0 0.375 0.135 0.00048875893 1
0 0.375 0.145 0.0004928478754 1
0 0.375 0.155 0.0004960196591 1
0 0.375 0.165 0.0004964483582 1
0 0.375 0.175 0.0004925475393 1
0 0.375 0.185 0.0004837607114 1
0 0.375 0.195 0.0004781009152 1
0 0.375 0.205 0.0004851986131 2
0 0.375 0.215 0.0004828206847 2
0 0.375 0.225 0.0004673886483 2
0 0.375 0.235 0.0004401612472 2
0 0.375 0.245 0.0004065130082 2
0 0.375 0.255 0.0003681563541 2
0 0.375 0.265 0.0003268369586 2
0 0.375 0.275 0.0002836239391 2
0 0.375 0.285 0.0002394163452 2
0 0.375 0.295 0.0001949727631 2
0 0.375 0.305 0.0001510350089 2
0 0.375 0.315 0.00010838955 2
0 0.375 0.325 6.792647602e-05 2
0 0.375 0.335 3.068060811e-05 2
0 0.375 0.345 -2.128564994e-06 2
0 0.375 0.355 -2.909283716e-05 2
0 0.375 0.365 -4.850478846e-05 2
0 0.375 0.375 -5.870963107e-05 2
0 0.375 0.385 -5.657373438e-05 2
0 0.375 0.395 -4.388455971e-05 2
0 0.375 0.405 0 2
0 0.375 0.415 0 2
0 0.375 0.425 0 2
0 0.375 0.435 0 2
0 0.375 0.445 0 2
0 0.375 0.455 0 2
0 0.375 0.465 0 2
0 0.385 -0.455 0 2
0 0.385 -0.445 0 2
0 0.385 -0.435 0 2
0 0.385 -0.425 0 2
0 0.385 -0.415 0 2
0 0.385 -0.405 0 2
0 0.385 -0.395 5.533734693e-05 2
0 0.385 -0.385 7.650515792e-05 2
0 0.385 -0.375 8.806076781e-05 2
0 0.385 -0.365 8.591709685e-05 2
0 0.385 -0.355 7.222017542e-05 2
0 0.385 -0.345 4.803070973e-05 2
0 0.385 -0.335 1.533888456e-05 2
0 0.385 -0.325 -2.340021024e-05 2
0 0.385 -0.315 -6.543117852e-05 2
0 0.385 -0.305 -0.000105539751 2
0 0.385 -0.295 -0.0001424969812 2
0 0.385 -0.285 -0.000171547212 1
0 0.385 -0.275 -0.0001973911442 1
0 0.385 -0.265 -0.0002183272089 1
0 0.385 -0.255 -0.0002380571634 1
0 0.385 -0.245 -0.0002564859144 1
0 0.385 -0.235 -0.0002711269499 1
0 0.385 -0.225 -0.0002820030346 1
0 0.385 -0.215 -0.0002935038708 1
0 0.385 -0.205 -0.000306574855 1
0 0.385 -0.195 -0.0003216162179 1
0 0.385 -0.185 -0.0003343884402 1
0 0.385 -0.175 -0.000337859106 1
0 0.385 -0.165 -0.0003305618806 1
0 0.385 -0.155 -0.0003221069237 1
0 0.385 -0.145 -0.0003210438415 1
0 0.385 -0.135 -0.0003201074557 2
0 0.385 -0.125 -0.0003152895851 2
0 0.385 -0.115 -0.0003030472826 2
0 0.385 -0.105 -0.0002878485358 2
0 0.385 -0.095 -0.0002711885904 2
0 0.385 -0.085 -0.0002484175843 2
0 0.385 -0.075 -0.0002201451981 2
0 0.385 -0.065 -0.0001855805353 2
0 0.385 -0.055 -0.0001512011307 2
0 0.385 -0.045 -0.0001235001236 2
0 0.385 -0.035 -0.0001009752765 2
0 0.385 -0.025 -7.636016475e-05 2
0 0.385 -0.015 -4.604991982e-05 2
0 0.385 -0.005 -1.562862398e-05 2
0 0.385 0.005 9.748852223e-06 2
0 0.385 0.015 3.296501089e-05 2
0 0.385 0.025 6.16674453e-05 2
0 0.385 0.035 0.0001000032923 2
0 0.385 0.045 0.0001437138419 2
0 0.385 0.055 0.0001874088096 2
0 0.385 0.065 0.0002327724268 2
0 0.385 0.075 0.0002781237021 2
0 0.385 0.085 0.0003229616422 2
0 0.385 0.095 0.0003753317558 2
0 0.385 0.105 0.0004284266787 2
0 0.385 0.115 0.0004736940422 1
0 0.385 0.125 0.0004917505688 1
0 0.385 0.135 0.0004980822168 1
0 0.385 0.145 0.0005032478846 1
0 0.385 0.155 0.0005075174268 1
0 0.385 0.165 0.0005083281997 1
0 0.385 0.175 0.0005076740377 1
0 0.385 0.185 0.0005029557421 1
0 0.385 0.195 0.0005008033979 2
0 0.385 0.205 0.0004911038831 2
0 0.385 0.215 0.000480216502 2
0 0.385 0.225 0.0004636932368 2
0 0.385 0.235 0.0004367227291 2
0 0.385 0.245 0.0004038832007 2
0 0.385 0.255 0.0003663401037 2
0 0.385 0.265 0.000325749182 2
0 0.385 0.275 0.0002831614488 2
0 0.385 0.285 0.000239478679 2
0 0.385 0.295 0.000195453564 2
0 0.385 0.305 0.0001518155428 2
0 0.385 0.315 0.0001093420246 2
0 0.385 0.325 6.892484289e-05 2
0 0.385 0.335 3.161445313e-05 2
0 0.385 0.345 -1.341935739e-06 2
0 0.385 0.355 -2.8500704e-05 2
0 0.385 0.365 -4.811777849e-05 2
0 0.385 0.375 -5.850466749e-05 2
0 0.385 0.385 -5.650367861e-05 2
0 0.385 0.395 -4.388753207e-05 2
0 0.385 0.405 0 2
0 0.385 0.415 0 2
0 0.385 0.425 0 2
0 0.385 0.435 0 2
0 0.385 0.445 0 2
0 0.385 0.455 0 2
0 0.385 0.465 0 2
0 0.395 -0.455 0 2
0 0.395 -0.445 0 2
0 0.395 -0.435 0 2
0 0.395 -0.425 0 2
0 0.395 -0.415 0 2
0 0.395 -0.405 0 2
0 0.395 -0.395 6.195098091e-05 2
0 0.395 -0.385 8.637983386e-05 2
0 0.395 -0.375 0.0001008267224 2
0 0.395 -0.365 0.0001004060414 2
0 0.395 -0.355 8.791533223e-05 2
0 0.395 -0.345 6.348290277e-05 2
0 0.395 -0.335 2.921248087e-05 2
0 0.395 -0.325 -1.248939108e-05 2
0 0.395 -0.315 -5.789096734e-05 2
0 0.395 -0.305 -0.0001004160652 2
0 0.395 -0.295 -0.0001331983141 2
0 0.395 -0.285 -0.0001540729683 1
0 0.395 -0.275 -0.0001779109969 1
0 0.395 -0.265 -0.000200052161 1
0 0.395 -0.255 -0.0002200774603 1
0 0.395 -0.245 -0.0002361056291 1
0 0.395 -0.235 -0.0002494586776 1
0 0.395 -0.225 -0.0002609304569 1
0 0.395 -0.215 -0.0002717279415 1
0 0.395 -0.205 -0.0002832477095 1
0 0.395 -0.195 -0.0002928351985 1
0 0.395 -0.185 -0.0002986555804 1
0 0.395 -0.175 -0.0003020611301 2
0 0.395 -0.165 -0.0003108525538 2
0 0.395 -0.155 -0.0003286643113 2
0 0.395 -0.145 -0.0003454636343 2
0 0.395 -0.135 -0.0003498071617 2
0 0.395 -0.125 -0.0003373035787 2
0 0.395 -0.115 -0.0003188311515 2
0 0.395 -0.105 -0.0003015394791 2
0 0.395 -0.095 -0.0002803216721 2
0 0.395 -0.085 -0.0002542657741 2
0 0.395 -0.075 -0.0002238650429 2
0 0.395 -0.065 -0.0001912841676 2
0 0.395 -0.055 -0.0001592895187 2
0 0.395 -0.045 -0.0001291452859 2
0 0.395 -0.035 -0.0001002401458 2
0 0.395 -0.025 -7.108459522e-05 2
0 0.395 -0.015 -4.115767854e-05 2
0 0.395 -0.005 -1.131015407e-05 2
0 0.395 0.005 1.752493829e-05 2
0 0.395 0.015 4.599341608e-05 2
0 0.395 0.025 7.615132218e-05 2
0 0.395 0.035 0.0001099608539 2
0 0.395 0.045 0.0001480559966 2
0 0.395 0.055 0.0001896553512 2
0 0.395 0.065 0.0002332357844 2
0 0.395 0.075 0.000278144094 2
0 0.395 0.085 0.0003241932069 2
0 0.395 0.095 0.0003814113105 2
0 0.395 0.105 0.0004368609188 2
0 0.395 0.115 0.0004807268575 1
0 0.395 0.125 0.0004967749451 1
0 0.395 0.135 0.0005052894406 1
0 0.395 0.145 0.0005147122641 1
0 0.395 0.155 0.0005193224379 1
0 0.395 0.165 0.0005208565389 1
0 0.395 0.175 0.0005209048551 1
0 0.395 0.185 0.0005165618805 1
0 0.395 0.195 0.0005090290337 2
0 0.395 0.205 0.0004916221304 2
0 0.395 0.215 0.0004756008705 2
0 0.395 0.225 0.0004568646087 2
0 0.395 0.235 0.0004306397516 2
0 0.395 0.245 0.0003990989013 2
0 0.395 0.255 0.0003630214521 2
0 0.395 0.265 0.0003238383018 2
0 0.395 0.275 0.0002825488877 2
0 0.395 0.285 0.0002400180654 2
0 0.395 0.295 0.0001969635285 2
0 0.395 0.305 0.0001540803856 2
0 0.395 0.315 0.0001121245565 2
0 0.395 0.325 7.198513167e-05 2
0 0.395 0.335 3.472932829e-05 2
0 0.395 0.345 1.635241694e-06 2
0 0.395 0.355 -2.581290515e-05 2
0 0.395 0.365 -4.583400699e-05 2
0 0.395 0.375 -5.669194e-05 2
0 0.395 0.385 -5.523548912e-05 2
0 0.395 0.395 -4.311380025e-05 2
0 0.395 0.405 0 2
0 0.395 0.415 0 2
0 0.395 0.425 0 2
0 0.395 0.435 0 2
0 0.395 0.445 0 2
0 0.395 0.455 0 2
0 0.395 0.465 0 2
0 0.405 -0.455 0 2
0 0.405 -0.445 0 2
0 0.405 -0.435 0 1
0 0.405 -0.425 0 1
0 0.405 -0.415 0 1
0 0.405 -0.405 0 1
0 0.405 -0.395 6.459732866e-05 2
0 0.405 -0.385 9.543375316e-05 2
0 0.405 -0.375 0.0001165733072 2
0 0.405 -0.365 0.0001190127346 2
0 0.405 -0.355 0.0001084444801 2
0 0.405 -0.345 8.554979362e-05 2
0 0.405 -0.335 5.17862894e-05 2
0 0.405 -0.325 9.379766784e-06 2
0 0.405 -0.315 -3.764103754e-05 2
0 0.405 -0.305 -8.299020257e-05 2
0 0.405 -0.295 -0.0001161598929 2
0 0.405 -0.285 -0.0001366239917 1
0 0.405 -0.275 -0.0001607994027 1
0 0.405 -0.265 -0.0001832532219 1
0 0.405 -0.255 -0.0002032714296 1
0 0.405 -0.245 -0.0002202645021 1
0 0.405 -0.235 -0.0002348630446 1
0 0.405 -0.225 -0.0002492609984 1
0 0.405 -0.215 -0.0002627332157 1
0 0.405 -0.205 -0.0002717984394 1
0 0.405 -0.195 -0.0002772937432 1
0 0.405 -0.185 -0.0002839501742 1
0 0.405 -0.175 -0.0002967087284 2
0 0.405 -0.165 -0.0003170485874 2
0 0.405 -0.155 -0.0003438242899 2
0 0.405 -0.145 -0.0003657510048 2
0 0.405 -0.135 -0.0003717645797 2
0 0.405 -0.125 -0.00035997138 2
0 0.405 -0.115 -0.000339426008 2
0 0.405 -0.105 -0.0003177613934 2
0 0.405 -0.095 -0.0002927880863 2
0 0.405 -0.085 -0.0002644607557 2
0 0.405 -0.075 -0.000232881212 2
0 0.405 -0.065 -0.0001992942686 2
0 0.405 -0.055 -0.0001655276245 2
0 0.405 -0.045 -0.0001327931234 2
0 0.405 -0.035 -0.0001010994024 2
0 0.405 -0.025 -6.962492291e-05 2
0 0.405 -0.015 -3.787222763e-05 2
0 0.405 -0.005 -6.162067447e-06 2
0 0.405 0.005 2.507964753e-05 2
0 0.405 0.015 5.629747886e-05 2
0 0.405 0.025 8.869596611e-05 2
0 0.405 0.035 0.0001233759801 2
0 0.405 0.045 0.0001607633154 2
0 0.405 0.055 0.0002007458171 2
0 0.405 0.065 0.0002429950872 2
0 0.405 0.075 0.0002877857771 2
0 0.405 0.085 0.0003344854006 2
0 0.405 0.095 0.0003899785403 2
0 0.405 0.105 0.0004450948341 2
0 0.405 0.115 0.0004914961295 1
0 0.405 0.125 0.000511306609 1
0 0.405 0.135 0.0005184077482 1
0 0.405 0.145 0.0005245846369 1
0 0.405 0.155 0.0005327345555 1
0 0.405 0.165 0.000541038027 1
0 0.405 0.175 0.0005392087104 1
0 0.405 0.185 0.0005255021499 2
0 0.405 0.195 0.0005020366404 2
0 0.405 0.205 0.0004852535432 2
0 0.405 0.215 0.0004704208274 2
0 0.405 0.225 0.0004494516512 2
0 0.405 0.235 0.0004242250937 2
0 0.405 0.245 0.000394064128 2
0 0.405 0.255 0.000359712135 2
0 0.405 0.265 0.0003223043343 2
0 0.405 0.275 0.0002827618957 2
0 0.405 0.285 0.0002418520285 2
0 0.405 0.295 0.0002002023068 2
0 0.405 0.305 0.0001584309463 2
0 0.405 0.315 0.0001172484472 2
0 0.405 0.325 7.753222973e-05 2
0 0.405 0.335 4.036762462e-05 2
0 0.405 0.345 7.06891702e-06 2
0 0.405 0.355 -2.08315759e-05 2
0 0.405 0.365 -4.151398668e-05 2
0 0.405 0.375 -5.317978078e-05 2
0 0.405 0.385 -5.27162746e-05 2
0 0.405 0.395 -4.153769357e-05 2
0 0.405 0.405 0 2
0 0.405 0.415 0 2
0 0.405 0.425 0 2
0 0.405 0.435 0 2
0 0.405 0.445 0 2
0 0.405 0.455 0 2
0 0.405 0.465 0 2
0 0.415 -0.455 0 2
0 0.415 -0.445 0 2
0 0.415 -0.435 0 1
0 0.415 -0.425 0 1
0 0.415 -0.415 0 1
0 0.415 -0.405 0 1
0 0.415 -0.395 7.155481989e-05 1
0 0.415 -0.385 0.0001051649145 2
0 0.415 -0.375 0.0001371291216 2
0 0.415 -0.365 0.0001462839487 2
0 0.415 -0.355 0.0001391485406 2
0 0.415 -0.345 0.0001196470631 2
0 0.415 -0.335 8.851360393e-05 2
0 0.415 -0.325 4.473087212e-05 2
0 0.415 -0.315 -5.352080825e-06 2
0 0.415 -0.305 -5.346161471e-05 2
0 0.415 -0.295 -9.201798757e-05 2
0 0.415 -0.285 -0.0001204602117 1
0 0.415 -0.275 -0.0001465780919 1
0 0.415 -0.265 -0.0001701406639 1
0 0.415 -0.255 -0.000192799304 1
0 0.415 -0.245 -0.0002133421461 1
0 0.415 -0.235 -0.0002281462851 1
0 0.415 -0.225 -0.0002397460562 1
0 0.415 -0.215 -0.0002529292665 1
0 0.415 -0.205 -0.0002644904019 1
0 0.415 -0.195 -0.0002809900531 1
0 0.415 -0.185 -0.000307354794 2
0 0.415 -0.175 -0.000334351401 2
0 0.415 -0.165 -0.0003522526409 2
0 0.415 -0.155 -0.0003662228318 2
0 0.415 -0.145 -0.0003787707711 2
0 0.415 -0.135 -0.0003817053017 2
0 0.415 -0.125 -0.0003738140777 2
0 0.415 -0.115 -0.0003570857376 2
0 0.415 -0.105 -0.0003346694155 2
0 0.415 -0.095 -0.000308184362 2
0 0.415 -0.085 -0.0002784131019 2
0 0.415 -0.075 -0.0002458466803 2
0 0.415 -0.065 -0.000211474303 2
0 0.415 -0.055 -0.0001763605619 2
0 0.415 -0.045 -0.0001412232767 2
0 0.415 -0.035 -0.0001061830788 2
0 0.415 -0.025 -7.095312316e-05 2
0 0.415 -0.015 -3.53368024e-05 2
0 0.415 -0.005 4.948858823e-07 2
0 0.415 0.005 3.615685143e-05 2
0 0.415 0.015 7.142481343e-05 2
0 0.415 0.025 0.0001064119571 2
0 0.415 0.035 0.0001416762368 2
0 0.415 0.045 0.0001781633342 2
0 0.415 0.055 0.0002169840968 2
0 0.415 0.065 0.0002589427378 2
0 0.415 0.075 0.0003048920423 2
0 0.415 0.085 0.0003536422363 2
0 0.415 0.095 0.000409358253 2
0 0.415 0.105 0.000460697791 2
0 0.415 0.115 0.0005006941666 1
0 0.415 0.125 0.0005217756944 1
0 0.415 0.135 0.0005350658095 1
0 0.415 0.145 0.0005463570997 1
0 0.415 0.155 0.0005549727316 1
0 0.415 0.165 0.0005564774972 1
0 0.415 0.175 0.0005416113909 2
0 0.415 0.185 0.0005125524134 2
0 0.415 0.195 0.0004890908799 2
0 0.415 0.205 0.0004755278916 2
0 0.415 0.215 0.0004621325876 2
0 0.415 0.225 0.0004430728311 2
0 0.415 0.235 0.0004192485728 2
0 0.415 0.245 0.0003905161216 2
0 0.415 0.255 0.0003578866779 2
0 0.415 0.265 0.0003223929594 2
0 0.415 0.275 0.0002848764737 2
0 0.415 0.285 0.0002459290684 2
0 0.415 0.295 0.0002060057813 2
0 0.415 0.305 0.0001655885896 2
0 0.415 0.315 0.000125317582 2
0 0.415 0.325 8.605509839e-05 2
0 0.415 0.335 4.891185327e-05 2
0 0.415 0.345 1.524711827e-05 2
0 0.415 0.355 -1.334899623e-05 2
0 0.415 0.365 -3.501572168e-05 2
0 0.415 0.375 -4.787783247e-05 2
0 0.415 0.385 -4.889576656e-05 2
0 0.415 0.395 -3.913612876e-05 2
0 0.415 0.405 0 2
0 0.415 0.415 0 2
0 0.415 0.425 0 2
0 0.415 0.435 0 2
0 0.415 0.445 0 2
0 0.415 0.455 0 2
0 0.415 0.465 0 2
0 0.425 -0.455 0 1
0 0.425 -0.445 0 1
0 0.425 -0.435 0 1
0 0.425 -0.425 0 1
0 0.425 -0.415 0 1
0 0.425 -0.405 0 1
0 0.425 -0.395 7.20002865e-05 1
0 0.425 -0.385 0.0001091897413 1
0 0.425 -0.375 0.0001410594781 2
0 0.425 -0.365 0.0001585778988 2
0 0.425 -0.355 0.0001585862512 2
0 0.425 -0.345 0.0001449248576 2
0 0.425 -0.335 0.0001207163824 2
0 0.425 -0.325 8.614974421e-05 2
0 0.425 -0.315 4.434006819e-05 2
0 0.425 -0.305 -1.626705752e-06 2
0 0.425 -0.295 -4.992986194e-05 2
0 0.425 -0.285 -9.902000332e-05 2
0 0.425 -0.275 -0.0001358624108 1
0 0.425 -0.265 -0.000161850883 1
0 0.425 -0.255 -0.0001844419876 1
0 0.425 -0.245 -0.0002062977081 1
0 0.425 -0.235 -0.0002252062281 1
0 0.425 -0.225 -0.0002420811909 1
0 0.425 -0.215 -0.0002590915215 1
0 0.425 -0.205 -0.0002854356468 2
0 0.425 -0.195 -0.0003215737251 2
0 0.425 -0.185 -0.0003574080876 2
0 0.425 -0.175 -0.000378950899 2
0 0.425 -0.165 -0.0003893673843 2
0 0.425 -0.155 -0.0003963503229 2
0 0.425 -0.145 -0.0004020727642 2
0 0.425 -0.135 -0.0004010610386 2
0 0.425 -0.125 -0.0003918791447 2
0 0.425 -0.115 -0.0003750090535 2
0 0.425 -0.105 -0.0003522669013 2
0 0.425 -0.095 -0.0003250045723 2
0 0.425 -0.085 -0.000294214475 2
0 0.425 -0.075 -0.0002606418732 2
0 0.425 -0.065 -0.0002251146654 2
0 0.425 -0.055 -0.0001883792345 2
0 0.425 -0.045 -0.0001509186724 2
0 0.425 -0.035 -0.0001128269867 2
0 0.425 -0.025 -7.392805832e-05 2
0 0.425 -0.015 -3.408929766e-05 2
0 0.425 -0.005 6.585067568e-06 2
0 0.425 0.005 4.748771682e-05 2
0 0.425 0.015 8.760904008e-05 2
0 0.425 0.025 0.0001258671604 2
0 0.425 0.035 0.0001620833759 2
0 0.425 0.045 0.0001976761216 2
0 0.425 0.055 0.0002351181616 2
0 0.425 0.065 0.0002767991554 2
0 0.425 0.075 0.0003244445848 2
0 0.425 0.085 0.0003768136145 2
0 0.425 0.095 0.0004358703783 2
0 0.425 0.105 0.0004877142834 2
0 0.425 0.115 0.0005185676328 2
0 0.425 0.125 0.0005370295236 1
0 0.425 0.135 0.0005503443924 1
0 0.425 0.145 0.0005620459523 1
0 0.425 0.155 0.0005615005844 2
0 0.425 0.165 0.0005422404297 2
0 0.425 0.175 0.0005150599976 2
0 0.425 0.185 0.0004953524186 2
0 0.425 0.195 0.0004835428649 2
0 0.425 0.205 0.0004731353928 2
0 0.425 0.215 0.0004589331534 2
0 0.425 0.225 0.0004409912332 2
0 0.425 0.235 0.0004180505222 2
0 0.425 0.245 0.0003903899818 2
0 0.425 0.255 0.0003591812407 2
0 0.425 0.265 0.0003255223604 2
0 0.425 0.275 0.0002901405266 2
0 0.425 0.285 0.0002533471722 2
0 0.425 0.295 0.000215328899 2
0 0.425 0.305 0.0001763632071 2
0 0.425 0.315 0.0001369938819 2
0 0.425 0.325 9.807241845e-05 2
0 0.425 0.335 6.075211767e-05 2
0 0.425 0.345 2.645146164e-05 2
0 0.425 0.355 -3.170954873e-06 2
0 0.425 0.365 -2.621260002e-05 2
0 0.425 0.375 -4.070964918e-05 2
0 0.425 0.385 -4.373397471e-05 2
0 0.425 0.395 -3.589243979e-05 2
0 0.425 0.405 0 2
0 0.425 0.415 0 2
0 0.425 0.425 0 2
0 0.425 0.435 0 2
0 0.425 0.445 0 2
0 0.425 0.455 0 2
0 0.425 0.465 0 2
0 0.435 -0.455 0 1
0 0.435 -0.445 0 1
0 0.435 -0.435 0 1
0 0.435 -0.425 0 1
0 0.435 -0.415 0 1
0 0.435 -0.405 0 1
0 0.435 -0.395 6.343914046e-05 1
0 0.435 -0.385 9.611485818e-05 1
0 0.435 -0.375 0.0001244468968 1
0 0.435 -0.365 0.000143413479 1
0 0.435 -0.355 0.0001491448658 1
0 0.435 -0.345 0.0001411523571 1
0 0.435 -0.335 0.0001251254566 1
0 0.435 -0.325 0.0001047959577 1
0 0.435 -0.315 7.975367048e-05 1
0 0.435 -0.305 4.159035913e-05 2
0 0.435 -0.295 -3.505433196e-06 2
0 0.435 -0.285 -5.443336763e-05 2
0 0.435 -0.275 -0.0001050469355 2
0 0.435 -0.265 -0.0001462424532 2
0 0.435 -0.255 -0.000174570767 1
0 0.435 -0.245 -0.0002049110242 2
0 0.435 -0.235 -0.0002387708999 2
0 0.435 -0.225 -0.0002759841745 2
0 0.435 -0.215 -0.0003111962556 2
0 0.435 -0.205 -0.0003461968962 2
0 0.435 -0.195 -0.0003781402789 2
0 0.435 -0.185 -0.000402178603 2
0 0.435 -0.175 -0.0004143975104 2
0 0.435 -0.165 -0.0004198914418 2
0 0.435 -0.155 -0.0004242675683 2
0 0.435 -0.145 -0.0004249707607 2
0 0.435 -0.135 -0.0004206681654 2
0 0.435 -0.125 -0.0004101020497 2
0 0.435 -0.115 -0.000393004007 2
0 0.435 -0.105 -0.0003701407933 2
0 0.435 -0.095 -0.000342480794 2
0 0.435 -0.085 -0.0003110047377 2
0 0.435 -0.075 -0.0002765712106 2
0 0.435 -0.065 -0.0002399352545 2
0 0.435 -0.055 -0.000201678638 2
0 0.435 -0.045 -0.0001621253333 2
0 0.435 -0.035 -0.0001212738688 2
0 0.435 -0.025 -7.890803274e-05 2
0 0.435 -0.015 -3.477112244e-05 2
0 0.435 -0.005 1.111261283e-05 2
0 0.435 0.005 5.771678739e-05 2
0 0.435 0.015 0.0001029307833 2
0 0.435 0.025 0.0001444541114 2
0 0.435 0.035 0.0001815721958 2
0 0.435 0.045 0.0002164832778 2
0 0.435 0.055 0.0002530454454 2
0 0.435 0.065 0.0002947245317 2
0 0.435 0.075 0.000343571275 2
0 0.435 0.085 0.0003983614199 2
0 0.435 0.095 0.0004578062472 2
0 0.435 0.105 0.0005123509676 2
0 0.435 0.115 0.0005470183245 2
0 0.435 0.125 0.0005582591061 2
0 0.435 0.135 0.00055528101 2
0 0.435 0.145 0.0005479815915 2
0 0.435 0.155 0.0005348519115 2
0 0.435 0.165 0.0005187078159 2
0 0.435 0.175 0.0005036671126 2
0 0.435 0.185 0.0004935456045 2
0 0.435 0.195 0.0004854188855 2
0 0.435 0.205 0.0004744950827 2
0 0.435 0.215 0.0004615404662 2
0 0.435 0.225 0.0004442596739 2
0 0.435 0.235 0.0004216857439 2
0 0.435 0.245 0.0003944865016 2
0 0.435 0.255 0.0003642912582 2
0 0.435 0.265 0.0003324995438 2
0 0.435 0.275 0.0002995661433 2
0 0.435 0.285 0.0002652089151 2
0 0.435 0.295 0.0002291954037 2
0 0.435 0.305 0.000191595613 2
0 0.435 0.315 0.0001529371644 2
0 0.435 0.325 0.0001140777859 2
0 0.435 0.335 7.623869413e-05 2
0 0.435 0.345 4.091756498e-05 2
0 0.435 0.355 9.852269634e-06 2
0 0.435 0.365 -1.501610736e-05 2
0 0.435 0.375 -3.162810509e-05 2
0 0.435 0.385 -3.721028299e-05 2
0 0.435 0.395 -3.180082647e-05 2
0 0.435 0.405 0 2
0 0.435 0.415 0 2
0 0.435 0.425 0 2
0 0.435 0.435 0 2
0 0.435 0.445 0 2
0 0.435 0.455 0 2
0 0.435 0.465 0 2
0 0.445 -0.455 0 1
0 0.445 -0.445 0 1
0 0.445 -0.435 0 1
0 0.445 -0.425 0 1
0 0.445 -0.415 0 1
0 0.445 -0.405 0 1
0 0.445 -0.395 4.603749745e-05 1
0 0.445 -0.385 6.73060706e-05 1
0 0.445 -0.375 8.332939912e-05 1
0 0.445 -0.365 9.239943958e-05 1
0 0.445 -0.355 9.526086972e-05 1
0 0.445 -0.345 8.898278041e-05 1
0 0.445 -0.335 7.762111028e-05 1
0 0.445 -0.325 6.403200068e-05 1
0 0.445 -0.315 4.702211208e-05 1
0 0.445 -0.305 2.830731324e-05 1
0 0.445 -0.295 5.533785209e-06 1
0 0.445 -0.285 -3.121679287e-05 2
0 0.445 -0.275 -7.584304791e-05 2
0 0.445 -0.265 -0.0001218818401 2
0 0.445 -0.255 -0.000171712306 2
0 0.445 -0.245 -0.0002226520533 2
0 0.445 -0.235 -0.0002697893566 2
0 0.445 -0.225 -0.000318114579 2
0 0.445 -0.215 -0.0003626881786 2
0 0.445 -0.205 -0.0003948801117 2
0 0.445 -0.195 -0.000414738533 2
0 0.445 -0.185 -0.000428718793 2
0 0.445 -0.175 -0.0004400822559 2
0 0.445 -0.165 -0.0004464314566 2
0 0.445 -0.155 -0.0004487976179 2
0 0.445 -0.145 -0.0004472969701 2
0 0.445 -0.135 -0.0004411471474 2
0 0.445 -0.125 -0.0004293754053 2
0 0.445 -0.115 -0.0004116507225 2
0 0.445 -0.105 -0.0003883385109 2
0 0.445 -0.095 -0.0003601686781 2
0 0.445 -0.085 -0.0003280193671 2
0 0.445 -0.075 -0.0002927341141 2
0 0.445 -0.065 -0.0002550333216 2
0 0.445 -0.055 -0.0002154248589 2
0 0.445 -0.045 -0.0001741449322 2
0 0.445 -0.035 -0.0001310985641 2
0 0.445 -0.025 -8.598460927e-05 2
0 0.445 -0.015 -3.823927714e-05 2
0 0.445 -0.005 1.225128838e-05 2
0 0.445 0.005 6.431357036e-05 2
0 0.445 0.015 0.0001188492287 2
0 0.445 0.025 0.0001680885862 2
0 0.445 0.035 0.0002058426503 2
0 0.445 0.045 0.0002361508635 2
0 0.445 0.055 0.0002651946776 2
0 0.445 0.065 0.0003020356117 2
0 0.445 0.075 0.0003500810169 2
0 0.445 0.085 0.0004079587176 2
0 0.445 0.095 0.0004658418341 2
0 0.445 0.105 0.0005167868445 2
0 0.445 0.115 0.0005524625161 2
0 0.445 0.125 0.000563899604 2
0 0.445 0.135 0.0005516634757 2
0 0.445 0.145 0.0005325418801 2
0 0.445 0.155 0.0005210930425 2
0 0.445 0.165 0.0005163063803 2
0 0.445 0.175 0.000511188423 2
0 0.445 0.185 0.0005020086663 2
0 0.445 0.195 0.0004929280276 2
0 0.445 0.205 0.0004833087771 2
0 0.445 0.215 0.0004713253341 2
0 0.445 0.225 0.0004549141535 2
0 0.445 0.235 0.0004328660153 2
0 0.445 0.245 0.0004058886892 2
0 0.445 0.255 0.0003762036429 2
0 0.445 0.265 0.0003457443957 2
0 0.445 0.275 0.0003149075787 2
0 0.445 0.285 0.0002828454783 2
0 0.445 0.295 0.0002486779199 2
0 0.445 0.305 0.0002121325875 2
0 0.445 0.315 0.000173747103 2
0 0.445 0.325 0.0001344731208 2
0 0.445 0.335 9.562187117e-05 2
0 0.445 0.345 5.878656599e-05 2
0 0.445 0.355 2.578973531e-05 2
0 0.445 0.365 -1.401040735e-06 2
0 0.445 0.375 -2.063173372e-05 2
0 0.445 0.385 -2.933273745e-05 2
0 0.445 0.395 -2.687073572e-05 2
0 0.445 0.405 0 2
0 0.445 0.415 0 2
0 0.445 0.425 0 2
0 0.445 0.435 0 2
0 0.445 0.445 0 2
0 0.445 0.455 0 2
0 0.445 0.465 0 2
0 0.455 -0.455 0 1
0 0.455 -0.445 0 1
0 0.455 -0.435 0 1
0 0.455 -0.425 0 1
0 0.455 -0.415 0 1
0 0.455 -0.405 0 1
0 0.455 -0.395 2.723487483e-05 1
0 0.455 -0.385 3.708423925e-05 1
0 0.455 -0.375 4.161377999e-05 1
0 0.455 -0.365 3.948612948e-05 1
0 0.455 -0.355 3.298454733e-05 1
0 0.455 -0.345 2.358566686e-05 1
0 0.455 -0.335 1.233363013e-05 1
0 0.455 -0.325 -3.686746052e-07 1
0 0.455 -0.315 -1.477397431e-05 1
0 0.455 -0.305 -2.807797518e-05 1
0 0.455 -0.295 -4.347300581e-05 1
0 0.455 -0.285 -6.382219349e-05 1
0 0.455 -0.275 -8.800206658e-05 2
0 0.455 -0.265 -0.0001237578282 2
0 0.455 -0.255 -0.0001800781133 2
0 0.455 -0.245 -0.0002446846426 2
0 0.455 -0.235 -0.0003042847424 2
0 0.455 -0.225 -0.0003543341515 2
0 0.455 -0.215 -0.0003946783319 2
0 0.455 -0.205 -0.0004201765517 2
0 0.455 -0.195 -0.0004375337142 2
0 0.455 -0.185 -0.0004516152131 2
0 0.455 -0.175 -0.0004614066652 2
0 0.455 -0.165 -0.0004672955961 2
0 0.455 -0.155 -0.0004694965235 2
0 0.455 -0.145 -0.0004675706724 2
0 0.455 -0.135 -0.0004608112416 2
0 0.455 -0.125 -0.0004484615744 2
0 0.455 -0.115 -0.0004302449575 2
0 0.455 -0.105 -0.0004064085145 2
0 0.455 -0.095 -0.0003776062301 2
0 0.455 -0.085 -0.0003446882547 2
0 0.455 -0.075 -0.0003085153788 2
0 0.455 -0.065 -0.0002698112152 2
0 0.455 -0.055 -0.0002290653815 2
0 0.455 -0.045 -0.0001864840415 2
0 0.455 -0.035 -0.0001419228138 2
0 0.455 -0.025 -9.503741745e-05 2
0 0.455 -0.015 -4.49146538e-05 2
0 0.455 -0.005 8.545141923e-06 2
0 0.455 0.005 6.721324679e-05 2
0 0.455 0.015 0.0001259278042 2
0 0.455 0.025 0.0001737810975 2
0 0.455 0.035 0.0002094181989 2
0 0.455 0.045 0.0002429278463 2
0 0.455 0.055 0.000279864387 2
0 0.455 0.065 0.0003213088837 2
0 0.455 0.075 0.0003679208651 2
0 0.455 0.085 0.0004187643081 2
0 0.455 0.095 0.0004677609553 2
0 0.455 0.105 0.0005078596359 2
0 0.455 0.115 0.0005355615462 2
0 0.455 0.125 0.0005476989559 2
0 0.455 0.135 0.0005433701032 2
0 0.455 0.145 0.0005317698077 2
0 0.455 0.155 0.000527728673 2
0 0.455 0.165 0.000530633511 2
0 0.455 0.175 0.0005282947295 2
0 0.455 0.185 0.000517397923 2
0 0.455 0.195 0.0005063842102 2
0 0.455 0.205 0.0004973891845 2
0 0.455 0.215 0.0004864050692 2
0 0.455 0.225 0.0004712497051 2
0 0.455 0.235 0.0004484669555 2
0 0.455 0.245 0.0004194226904 2
0 0.455 0.255 0.0003901193854 2
0 0.455 0.265 0.0003641660274 2
0 0.455 0.275 0.0003380401152 2
0 0.455 0.285 0.0003075973087 2
0 0.455 0.295 0.0002746469207 2
0 0.455 0.305 0.000238584447 2
0 0.455 0.315 0.0001998293505 2
0 0.455 0.325 0.0001594631993 2
0 0.455 0.335 0.0001189726298 2
0 0.455 0.345 8.004918282e-05 2
0 0.455 0.355 4.459220453e-05 2
0 0.455 0.365 1.457045152e-05 2
0 0.455 0.375 -7.779175229e-06 2
0 0.455 0.385 -2.014575331e-05 2
0 0.455 0.395 -2.113026458e-05 2
0 0.455 0.405 0 2
0 0.455 0.415 0 2
0 0.455 0.425 0 2
0 0.455 0.435 0 2
0 0.455 0.445 0 2
0 0.455 0.455 0 2
0 0.455 0.465 0 2
0 0.465 -0.455 0 1
0 0.465 -0.445 0 1
0 0.465 -0.435 0 1
0 0.465 -0.425 0 1
0 0.465 -0.415 0 1
0 0.465 -0.405 0 1
0 0.465 -0.395 8.381886711e-06 1
0 0.465 -0.385 6.819323684e-06 1
0 0.465 -0.375 -1.334275909e-06 1
0 0.465 -0.365 -1.414104273e-05 1
0 0.465 -0.355 -2.953623428e-05 1
0 0.465 -0.345 -4.474237886e-05 1
0 0.465 -0.335 -5.853042399e-05 1
0 0.465 -0.325 -7.121373245e-05 1
0 0.465 -0.315 -8.318630928e-05 1
0 0.465 -0.305 -9.55418637e-05 1
0 0.465 -0.295 -0.0001117145265 1
0 0.465 -0.285 -0.0001291194114 1
0 0.465 -0.275 -0.0001478174626 2
0 0.465 -0.265 -0.0001791120283 2
0 0.465 -0.255 -0.0002279889697 2
0 0.465 -0.245 -0.0002791089537 2
0 0.465 -0.235 -0.0003284534465 2
0 0.465 -0.225 -0.0003757434104 2
0 0.465 -0.215 -0.0004124034245 2
0 0.465 -0.205 -0.000435090008 2
0 0.465 -0.195 -0.0004519152257 2
0 0.465 -0.185 -0.0004663197599 2
0 0.465 -0.175 -0.0004770352508 2
0 0.465 -0.165 -0.0004841111764 2
0 0.465 -0.155 -0.0004872825359 2
0 0.465 -0.145 -0.0004859215597 2
0 0.465 -0.135 -0.0004793659834 2
0 0.465 -0.125 -0.000466942216 2
0 0.465 -0.115 -0.0004483738752 2
0 0.465 -0.105 -0.000423931869 2
0 0.465 -0.095 -0.0003943254043 2
0 0.465 -0.085 -0.0003604632498 2
0 0.465 -0.075 -0.0003232901093 2
0 0.465 -0.065 -0.0002835826421 2
0 0.465 -0.055 -0.0002418587681 2
0 0.465 -0.045 -0.000198337623 2
0 0.465 -0.035 -0.0001528848222 2
0 0.465 -0.025 -0.0001052130145 2
0 0.465 -0.015 -5.43331281e-05 2
0 0.465 -0.005 -4.998848728e-07 2
0 0.465 0.005 6.034514311e-05 2
0 0.465 0.015 0.000118441291 2
0 0.465 0.025 0.0001639730056 2
0 0.465 0.035 0.0002047840903 1
0 0.465 0.045 0.0002428808344 1
0 0.465 0.055 0.0002852622015 1
0 0.465 0.065 0.0003295822567 1
0 0.465 0.075 0.0003763428539 2
0 0.465 0.085 0.000420435988 2
0 0.465 0.095 0.0004616356697 2
0 0.465 0.105 0.0004972675032 2
0 0.465 0.115 0.0005246703492 2
0 0.465 0.125 0.0005415859402 2
0 0.465 0.135 0.0005473693689 2
0 0.465 0.145 0.0005450090509 2
0 0.465 0.155 0.0005419075096 2
0 0.465 0.165 0.0005408358894 2
0 0.465 0.175 0.0005365854584 2
0 0.465 0.185 0.0005296193015 2
0 0.465 0.195 0.0005233167234 2
0 0.465 0.205 0.0005169196504 2
0 0.465 0.215 0.0005084190797 2
0 0.465 0.225 0.0004967489815 2
0 0.465 0.235 0.0004803029915 2
0 0.465 0.245 0.0004555818696 2
0 0.465 0.255 0.0004247834553 2
0 0.465 0.265 0.0003956712629 2
0 0.465 0.275 0.000369406441 2
0 0.465 0.285 0.000341242314 2
0 0.465 0.295 0.0003080355809 2
0 0.465 0.305 0.0002713501223 2
0 0.465 0.315 0.0002312719941 2
0 0.465 0.325 0.0001889471139 2
0 0.465 0.335 0.0001461030583 2
0 0.465 0.345 0.0001044949541 2
0 0.465 0.355 6.606212443e-05 2
0 0.465 0.365 3.273225255e-05 2
0 0.465 0.375 6.802287688e-06 2
0 0.465 0.385 -9.733966209e-06 2
0 0.465 0.395 -1.462750749e-05 2
0 0.465 0.405 0 2
0 0.465 0.415 0 2
0 0.465 0.425 0 2
0 0.465 0.435 0 2
0 0.465 0.445 0 2
0 0.465 0.455 0 2
0 0.465 0.465 0 2
0 0.475 -0.455 0 1
0 0.475 -0.445 0 1
0 0.475 -0.435 0 1
0 0.475 -0.425 0 1
0 0.475 -0.415 0 1
0 0.475 -0.405 0 1
0 0.475 -0.395 -1.855353838e-05 1
0 0.475 -0.385 -3.538377285e-05 1
0 0.475 -0.375 -5.709334626e-05 1
0 0.475 -0.365 -8.097823972e-05 1
0 0.475 -0.355 -0.0001042530974 1
0 0.475 -0.345 -0.000124069354 1
0 0.475 -0.335 -0.0001393641659 1
0 0.475 -0.325 -0.0001529454855 1
0 0.475 -0.315 -0.0001649213302 1
0 0.475 -0.305 -0.0001789177888 1
0 0.475 -0.295 -0.0001932368052 1
0 0.475 -0.285 -0.0002104819133 1
0 0.475 -0.275 -0.0002372435393 2
0 0.475 -0.265 -0.0002714554336 2
0 0.475 -0.255 -0.0003034279667 1
0 0.475 -0.245 -0.000330288686 1
0 0.475 -0.235 -0.0003541872038 1
0 0.475 -0.225 -0.0003828394937 1
0 0.475 -0.215 -0.0004148330798 2
0 0.475 -0.205 -0.0004427106451 2
0 0.475 -0.195 -0.0004632877196 2
0 0.475 -0.185 -0.0004779550468 2
0 0.475 -0.175 -0.0004905141745 2
0 0.475 -0.165 -0.0004990435209 2
0 0.475 -0.155 -0.0005033912461 2
0 0.475 -0.145 -0.0005030562356 2
0 0.475 -0.135 -0.0004972387854 2
0 0.475 -0.125 -0.0004849936891 2
0 0.475 -0.115 -0.0004659552944 2
0 0.475 -0.105 -0.0004405770633 2
0 0.475 -0.095 -0.0004098373798 2
0 0.475 -0.085 -0.0003747780836 2
0 0.475 -0.075 -0.000336459062 2
0 0.475 -0.065 -0.0002956867016 2
0 0.475 -0.055 -0.0002530333186 2
0 0.475 -0.045 -0.0002087422742 2
0 0.475 -0.035 -0.0001626968896 2
0 0.475 -0.025 -0.0001146715989 2
0 0.475 -0.015 -6.36924751e-05 2
0 0.475 -0.005 -1.016960107e-05 2
0 0.475 0.005 5.13377788e-05 2
0 0.475 0.015 0.0001113668899 2
0 0.475 0.025 0.000165672753 1
0 0.475 0.035 0.0002053927032 1
0 0.475 0.045 0.0002423482878 1
0 0.475 0.055 0.0002818452139 1
0 0.475 0.065 0.0003233438528 1
0 0.475 0.075 0.0003663769499 1
0 0.475 0.085 0.0004098963078 1
0 0.475 0.095 0.0004505583764 1
0 0.475 0.105 0.0004854233517 1
0 0.475 0.115 0.0005142785334 1
0 0.475 0.125 0.0005363036461 1
0 0.475 0.135 0.0005519838852 1
0 0.475 0.145 0.0005609827233 1
0 0.475 0.155 0.0005614954345 2
0 0.475 0.165 0.0005540756505 2
0 0.475 0.175 0.0005473548365 1
0 0.475 0.185 0.000545974989 1
0 0.475 0.195 0.0005445035512 1
0 0.475 0.205 0.0005406139082 1
0 0.475 0.215 0.0005345301408 1
0 0.475 0.225 0.0005264400647 1
0 0.475 0.235 0.000517069707 1
0 0.475 0.245 0.0005038249505 1
0 0.475 0.255 0.0004814227796 2
0 0.475 0.265 0.0004458389387 2
0 0.475 0.275 0.000411158699 2
0 0.475 0.285 0.0003812590073 2
0 0.475 0.295 0.0003487616259 2
0 0.475 0.305 0.0003100702433 2
0 0.475 0.315 0.0002675484907 2
0 0.475 0.325 0.000222365029 2
0 0.475 0.335 0.0001764911767 2
0 0.475 0.345 0.000131678845 2
0 0.475 0.355 8.984161504e-05 2
0 0.475 0.365 5.281212048e-05 2
0 0.475 0.375 2.291835135e-05 2
0 0.475 0.385 1.780019478e-06 2
0 0.475 0.395 -7.428856929e-06 2
0 0.475 0.405 0 2
0 0.475 0.415 0 2
0 0.475 0.425 0 2
0 0.475 0.435 0 2
0 0.475 0.445 0 2
0 0.475 0.455 0 2
0 0.475 0.465 0 2
0 0.485 -0.455 0 1
0 0.485 -0.445 0 1
0 0.485 -0.435 0 1
0 0.485 -0.425 0 1
0 0.485 -0.415 0 1
0 0.485 -0.405 0 1
0 0.485 -0.395 -4.550477402e-05 1
0 0.485 -0.385 -7.994616129e-05 1
0 0.485 -0.375 -0.0001230038607 1
0 0.485 -0.365 -0.0001640130534 1
0 0.485 -0.355 -0.0001953211118 1
0 0.485 -0.345 -0.0002179615696 1
0 0.485 -0.335 -0.0002342889036 1
0 0.485 -0.325 -0.0002490210679 1
0 0.485 -0.315 -0.0002611893844 1
0 0.485 -0.305 -0.0002723681464 1
0 0.485 -0.295 -0.0002848177164 1
0 0.485 -0.285 -0.0003068673785 1
0 0.485 -0.275 -0.0003391991221 2
0 0.485 -0.265 -0.0003600834516 1
0 0.485 -0.255 -0.0003746795086 1
0 0.485 -0.245 -0.0003906440617 1
0 0.485 -0.235 -0.0004045319657 1
0 0.485 -0.225 -0.0004220219077 1
0 0.485 -0.215 -0.0004432058298 2
0 0.485 -0.205 -0.0004630317613 2
0 0.485 -0.195 -0.0004787626735 2
0 0.485 -0.185 -0.0004929469852 2
0 0.485 -0.175 -0.0005057924713 2
0 0.485 -0.165 -0.0005143283996 2
0 0.485 -0.155 -0.0005184434931 2
0 0.485 -0.145 -0.0005181003435 2
0 0.485 -0.135 -0.0005125824289 2
0 0.485 -0.125 -0.0005006804328 2
0 0.485 -0.115 -0.000481637365 2
0 0.485 -0.105 -0.0004556845374 2
0 0.485 -0.095 -0.0004238068365 2
0 0.485 -0.085 -0.0003872730202 2
0 0.485 -0.075 -0.000347533525 2
0 0.485 -0.065 -0.0003055336048 2
0 0.485 -0.055 -0.0002618880835 2
0 0.485 -0.045 -0.0002167805505 2
0 0.485 -0.035 -0.0001700562819 2
0 0.485 -0.025 -0.0001214508903 2
0 0.485 -0.015 -6.980316694e-05 2
0 0.485 -0.005 -1.529171531e-05 2
0 0.485 0.005 4.926892971e-05 2
0 0.485 0.015 0.0001142942605 2
0 0.485 0.025 0.0001740165555 1
0 0.485 0.035 0.0002122691634 1
0 0.485 0.045 0.0002445604817 1
0 0.485 0.055 0.0002790538407 1
0 0.485 0.065 0.0003166498079 1
0 0.485 0.075 0.0003587325297 1
0 0.485 0.085 0.0004039751877 1
0 0.485 0.095 0.0004470648084 1
0 0.485 0.105 0.0004837880122 1
0 0.485 0.115 0.0005146556981 1
0 0.485 0.125 0.0005389757977 1
0 0.485 0.135 0.0005558301153 1
0 0.485 0.145 0.0005662711316 1
0 0.485 0.155 0.0005734966658 1
0 0.485 0.165 0.0005790931849 1
0 0.485 0.175 0.0005806940484 1
0 0.485 0.185 0.0005792103294 1
0 0.485 0.195 0.0005771820636 1
0 0.485 0.205 0.0005744367066 1
0 0.485 0.215 0.000569887011 1
0 0.485 0.225 0.0005633831864 1
0 0.485 0.235 0.000553660344 1
0 0.485 0.245 0.0005411936292 1
0 0.485 0.255 0.0005246320676 1
0 0.485 0.265 0.000500578809 2
0 0.485 0.275 0.0004644141651 2
0 0.485 0.285 0.0004307506067 2
0 0.485 0.295 0.0003961095981 2
0 0.485 0.305 0.0003536048893 2
0 0.485 0.315 0.0003074126328 2
0 0.485 0.325 0.0002586470552 2
0 0.485 0.335 0.000209275419 2
0 0.485 0.345 0.000160936642 2
0 0.485 0.355 0.0001154339133 2
0 0.485 0.365 7.445157782e-05 2
0 0.485 0.375 4.032308373e-05 2
0 0.485 0.385 1.424557331e-05 2
0 0.485 0.395 3.863285648e-07 2
0 0.485 0.405 0 2
0 0.485 0.415 0 2
0 0.485 0.425 0 2
0 0.485 0.435 0 2
0 0.485 0.445 0 2
0 0.485 0.455 0 2
0 0.485 0.465 0 2
0 0.495 -0.455 0 2
0 0.495 -0.445 0 2
0 0.495 -0.435 0 1
0 0.495 -0.425 0 1
0 0.495 -0.415 0 1
0 0.495 -0.405 0 1
0 0.495 -0.395 -6.062011506e-05 1
0 0.495 -0.385 -0.0001067525285 2
0 0.495 -0.375 -0.0001702554162 2
0 0.495 -0.365 -0.0002285148102 2
0 0.495 -0.355 -0.0002731198493 1
0 0.495 -0.345 -0.0003025441703 1
0 0.495 -0.335 -0.0003254704042 1
0 0.495 -0.325 -0.000344735471 1
0 0.495 -0.315 -0.0003606941493 1
0 0.495 -0.305 -0.0003706678588 1
0 0.495 -0.295 -0.0003850454762 1
0 0.495 -0.285 -0.0004153662697 2
0 0.495 -0.275 -0.0004357475646 1
0 0.495 -0.265 -0.0004411867476 1
0 0.495 -0.255 -0.0004474233253 1
0 0.495 -0.245 -0.0004602553972 1
0 0.495 -0.235 -0.0004737112095 1
0 0.495 -0.225 -0.0004879290767 1
0 0.495 -0.215 -0.0004954963593 1
0 0.495 -0.205 -0.000494124987 2
0 0.495 -0.195 -0.0004990455182 2
0 0.495 -0.185 -0.0005128848733 2
0 0.495 -0.175 -0.0005247798878 2
0 0.495 -0.165 -0.0005307358864 2
0 0.495 -0.155 -0.0005324166062 2
0 0.495 -0.145 -0.0005331681648 2
0 0.495 -0.135 -0.0005302157503 2
0 0.495 -0.125 -0.0005185013318 2
0 0.495 -0.115 -0.0004967096253 2
0 0.495 -0.105 -0.0004680890252 2
0 0.495 -0.095 -0.0004353580003 2
0 0.495 -0.085 -0.0003974695112 2
0 0.495 -0.075 -0.0003561850006 2
0 0.495 -0.065 -0.0003127905162 2
0 0.495 -0.055 -0.0002679994572 2
0 0.495 -0.045 -0.0002218870503 2
0 0.495 -0.035 -0.0001741558897 2
0 0.495 -0.025 -0.0001244187957 2
0 0.495 -0.015 -7.117089364e-05 2
0 0.495 -0.005 -1.433011974e-05 2
0 0.495 0.005 5.524543244e-05 2
0 0.495 0.015 0.0001227546928 2
0 0.495 0.025 0.0001806393999 1
0 0.495 0.035 0.0002155995852 1
0 0.495 0.045 0.0002473260809 1
0 0.495 0.055 0.0002850559006 1
0 0.495 0.065 0.0003241192794 1
0 0.495 0.075 0.0003654138602 1
0 0.495 0.085 0.0004076246092 1
0 0.495 0.095 0.0004487110781 1
0 0.495 0.105 0.000486450037 1
0 0.495 0.115 0.0005190998949 1
0 0.495 0.125 0.00054548469 1
0 0.495 0.135 0.0005638084365 1
0 0.495 0.145 0.0005771281561 1
0 0.495 0.155 0.0005918268817 1
0 0.495 0.165 0.000606813707 1
0 0.495 0.175 0.0006151656261 1
0 0.495 0.185 0.000615330504 1
0 0.495 0.195 0.0006131641625 1
0 0.495 0.205 0.000611000687 1
0 0.495 0.215 0.0006070130362 1
0 0.495 0.225 0.000600601495 1
0 0.495 0.235 0.0005895184502 1
0 0.495 0.245 0.00057439342 1
0 0.495 0.255 0.0005588901805 1
0 0.495 0.265 0.0005416144848 1
0 0.495 0.275 0.0005194321928 2
0 0.495 0.285 0.0004856924275 2
0 0.495 0.295 0.0004460792102 2
0 0.495 0.305 0.0003991140556 2
0 0.495 0.315 0.0003487409902 2
0 0.495 0.325 0.0002962476648 2
0 0.495 0.335 0.0002433360376 2
0 0.495 0.345 0.0001914622294 2
0 0.495 0.355 0.0001422644881 2
0 0.495 0.365 9.724997789e-05 2
0 0.495 0.375 5.874839389e-05 2
0 0.495 0.385 2.750142451e-05 2
0 0.495 0.395 8.734409788e-06 2
0 0.495 0.405 0 2
0 0.495 0.415 0 2
0 0.495 0.425 0 2
0 0.495 0.435 0 2
0 0.495 0.445 0 2
0 0.495 0.455 0 2
0 0.495 0.465 0 2
0 0.505 -0.455 0 2
0 0.505 -0.445 0 2
0 0.505 -0.435 0 2
0 0.505 -0.425 0 1
0 0.505 -0.415 0 1
0 0.505 -0.405 0 1
0 0.505 -0.395 -7.059272046e-05 1
0 0.505 -0.385 -0.0001219827297 2
0 0.505 -0.375 -0.0001849656936 2
0 0.505 -0.365 -0.0002398148697 2
0 0.505 -0.355 -0.0002898458922 2
0 0.505 -0.345 -0.0003364626715 2
0 0.505 -0.335 -0.0003764269908 2
0 0.505 -0.325 -0.0004078356713 2
0 0.505 -0.315 -0.0004358711809 2
0 0.505 -0.305 -0.0004592767948 2
0 0.505 -0.295 -0.0004856400145 2
0 0.505 -0.285 -0.0005081229369 1
0 0.505 -0.275 -0.0005166483078 1
0 0.505 -0.265 -0.0005195772942 1
0 0.505 -0.255 -0.0005266556947 1
0 0.505 -0.245 -0.0005360430251 1
0 0.505 -0.235 -0.0005469079288 1
0 0.505 -0.225 -0.0005545183013 1
0 0.505 -0.215 -0.0005531454775 1
0 0.505 -0.205 -0.0005475601882 2
0 0.505 -0.195 -0.0005474912307 2
0 0.505 -0.185 -0.0005529485644 2
0 0.505 -0.175 -0.0005553679018 2
0 0.505 -0.165 -0.0005538262237 2
0 0.505 -0.155 -0.0005485489407 2
0 0.505 -0.145 -0.0005415747197 2
0 0.505 -0.135 -0.0005326567163 2
0 0.505 -0.125 -0.000521986905 2
0 0.505 -0.115 -0.0005061170098 2
0 0.505 -0.105 -0.000481228355 2
0 0.505 -0.095 -0.0004463994893 2
0 0.505 -0.085 -0.0004051112746 2
0 0.505 -0.075 -0.000362257071 2
0 0.505 -0.065 -0.0003174395334 2
0 0.505 -0.055 -0.0002713746084 2
0 0.505 -0.045 -0.0002240304091 2
0 0.505 -0.035 -0.0001749184144 2
0 0.505 -0.025 -0.0001235680558 2
0 0.505 -0.015 -6.832255606e-05 2
0 0.505 -0.005 -9.110233086e-06 2
0 0.505 0.005 6.29196549e-05 2
0 0.505 0.015 0.0001321385898 2
0 0.505 0.025 0.0001904287279 1
0 0.505 0.035 0.0002252966432 1
0 0.505 0.045 0.0002563196866 1
0 0.505 0.055 0.0002929597016 1
0 0.505 0.065 0.0003308276466 1
0 0.505 0.075 0.000370791103 1
0 0.505 0.085 0.000411892069 1
0 0.505 0.095 0.0004528935493 1
0 0.505 0.105 0.000491968966 1
0 0.505 0.115 0.0005272268524 1
0 0.505 0.125 0.0005571752144 1
0 0.505 0.135 0.000581472594 1
0 0.505 0.145 0.0006011769384 1
0 0.505 0.155 0.0006178964292 1
0 0.505 0.165 0.000631741798 1
0 0.505 0.175 0.0006415964327 1
0 0.505 0.185 0.0006470111981 1
0 0.505 0.195 0.0006488389493 1
0 0.505 0.205 0.0006479586833 1
0 0.505 0.215 0.0006445037464 1
0 0.505 0.225 0.0006384054495 1
0 0.505 0.235 0.0006296589771 1
0 0.505 0.245 0.0006167325448 1
0 0.505 0.255 0.0006015975256 1
0 0.505 0.265 0.0005842007246 1
0 0.505 0.275 0.0005665169163 2
0 0.505 0.285 0.0005354539531 2
0 0.505 0.295 0.0004928972365 2
0 0.505 0.305 0.0004427761491 2
0 0.505 0.315 0.0003890516326 2
0 0.505 0.325 0.0003334883505 2
0 0.505 0.335 0.0002775229269 2
0 0.505 0.345 0.0002224578593 2
0 0.505 0.355 0.0001697794909 2
0 0.505 0.365 0.0001208279596 2
0 0.505 0.375 7.794349678e-05 2
0 0.505 0.385 4.139787019e-05 2
0 0.505 0.395 1.753815898e-05 2
0 0.505 0.405 0 2
0 0.505 0.415 0 2
0 0.505 0.425 0 2
0 0.505 0.435 0 2
0 0.505 0.445 0 2
0 0.505 0.455 0 2
0 0.505 0.465 0 2
0 0.515 -0.455 0 2
0 0.515 -0.445 0 2
0 0.515 -0.435 0 2
0 0.515 -0.425 0 2
0 0.515 -0.415 0 2
0 0.515 -0.405 0 2
0 0.515 -0.395 -7.337598532e-05 2
0 0.515 -0.385 -0.0001274269399 2
0 0.515 -0.375 -0.0001830861729 2
0 0.515 -0.365 -0.0002301153916 2
0 0.515 -0.355 -0.0002842720377 2
0 0.515 -0.345 -0.0003401784679 2
0 0.515 -0.335 -0.0003931878927 2
0 0.515 -0.325 -0.0004377574996 2
0 0.515 -0.315 -0.0004757557587 2
0 0.515 -0.305 -0.0005134979942 2
0 0.515 -0.295 -0.0005493641979 2
0 0.515 -0.285 -0.0005716533322 1
0 0.515 -0.275 -0.0005834701918 1
0 0.515 -0.265 -0.0005912060483 1
0 0.515 -0.255 -0.0006005580096 1
0 0.515 -0.245 -0.0006085235085 1
0 0.515 -0.235 -0.00061840554 1
0 0.515 -0.225 -0.000623662551 1
0 0.515 -0.215 -0.000622832271 1
0 0.515 -0.205 -0.0006218147706 2
0 0.515 -0.195 -0.0006145964827 1
0 0.515 -0.185 -0.0006049683549 1
0 0.515 -0.175 -0.0005963844468 1
0 0.515 -0.165 -0.0005859923388 1
0 0.515 -0.155 -0.0005730660334 1
0 0.515 -0.145 -0.0005574192551 1
0 0.515 -0.135 -0.000539907315 1
0 0.515 -0.125 -0.0005236970594 2
0 0.515 -0.115 -0.0005079623748 2
0 0.515 -0.105 -0.0004869244777 2
0 0.515 -0.095 -0.0004544678968 2
0 0.515 -0.085 -0.0004120561621 2
0 0.515 -0.075 -0.0003662311348 2
0 0.515 -0.065 -0.0003200828218 2
0 0.515 -0.055 -0.0002725956673 2
0 0.515 -0.045 -0.0002237384133 2
0 0.515 -0.035 -0.0001728614453 2
0 0.515 -0.025 -0.0001195097702 2
0 0.515 -0.015 -6.213988303e-05 2
0 0.515 -0.005 -8.278550623e-07 2
0 0.515 0.005 7.260945433e-05 2
0 0.515 0.015 0.0001425314365 2
0 0.515 0.025 0.0002012060792 1
0 0.515 0.035 0.0002367675899 1
0 0.515 0.045 0.0002680322076 1
0 0.515 0.055 0.0003043997963 1
0 0.515 0.065 0.0003415714794 1
0 0.515 0.075 0.0003803655005 1
0 0.515 0.085 0.0004203534814 1
0 0.515 0.095 0.0004611499416 1
0 0.515 0.105 0.0005014094199 1
0 0.515 0.115 0.0005391750796 1
0 0.515 0.125 0.0005725689235 1
0 0.515 0.135 0.0006007623772 1
0 0.515 0.145 0.0006241691102 1
0 0.515 0.155 0.0006438916667 1
0 0.515 0.165 0.0006601695807 1
0 0.515 0.175 0.0006725026163 1
0 0.515 0.185 0.0006806256957 1
0 0.515 0.195 0.0006848250861 1
0 0.515 0.205 0.0006855681519 1
0 0.515 0.215 0.0006830911593 1
0 0.515 0.225 0.0006778270322 1
0 0.515 0.235 0.0006701077123 1
0 0.515 0.245 0.0006594197791 1
0 0.515 0.255 0.0006446644156 1
0 0.515 0.265 0.0006263643876 1
0 0.515 0.275 0.0006088479526 2
0 0.515 0.285 0.0005784860639 2
0 0.515 0.295 0.000533572526 2
0 0.515 0.305 0.0004820049558 2
0 0.515 0.315 0.0004265225704 2
0 0.515 0.325 0.0003690997846 2
0 0.515 0.335 0.0003109606606 2
0 0.515 0.345 0.0002533147703 2
0 0.515 0.355 0.0001975553651 2
0 0.515 0.365 0.0001448943973 2
0 0.515 0.375 9.771499935e-05 2
0 0.515 0.385 5.581875695e-05 2
0 0.515 0.395 2.673712881e-05 2
0 0.515 0.405 0 2
0 0.515 0.415 0 2
0 0.515 0.425 0 2
0 0.515 0.435 0 2
0 0.515 0.445 0 2
0 0.515 0.455 0 2
0 0.515 0.465 0 2
0 0.525 -0.455 0 2
0 0.525 -0.445 0 2
0 0.525 -0.435 0 2
0 0.525 -0.425 0 2
0 0.525 -0.415 0 2
0 0.525 -0.405 0 2
0 0.525 -0.395 -6.421432628e-05 2
0 0.525 -0.385 -0.0001173897462 2
0 0.525 -0.375 -0.0001764964029 2
0 0.525 -0.365 -0.0002304330986 2
0 0.525 -0.355 -0.0002892588552 2
0 0.525 -0.345 -0.0003484727102 2
0 0.525 -0.335 -0.0004066628479 2
0 0.525 -0.325 -0.0004613118573 2
0 0.525 -0.315 -0.0005070554562 2
0 0.525 -0.305 -0.0005514528763 2
0 0.525 -0.295 -0.0005907907992 2
0 0.525 -0.285 -0.0006165908032 1
0 0.525 -0.275 -0.0006385920018 1
0 0.525 -0.265 -0.0006557227428 1
0 0.525 -0.255 -0.0006677200059 1
0 0.525 -0.245 -0.0006777367246 1
0 0.525 -0.235 -0.0006873550092 1
0 0.525 -0.225 -0.0006932373438 1
0 0.525 -0.215 -0.0006950108045 2
0 0.525 -0.205 -0.0006906371389 1
0 0.525 -0.195 -0.000677967568 1
0 0.525 -0.185 -0.0006629172729 1
0 0.525 -0.175 -0.000648882641 1
0 0.525 -0.165 -0.0006321365224 1
0 0.525 -0.155 -0.0006136452178 1
0 0.525 -0.145 -0.0005936269343 1
0 0.525 -0.135 -0.0005720425095 1
0 0.525 -0.125 -0.0005481619768 1
0 0.525 -0.115 -0.0005235674924 1
0 0.525 -0.105 -0.0004947097069 2
0 0.525 -0.095 -0.0004605357945 2
0 0.525 -0.085 -0.0004169445448 2
0 0.525 -0.075 -0.0003692219338 2
0 0.525 -0.065 -0.0003218774562 2
0 0.525 -0.055 -0.0002727504944 2
0 0.525 -0.045 -0.0002219785963 2
0 0.525 -0.035 -0.0001689235364 2
0 0.525 -0.025 -0.0001132525971 2
0 0.525 -0.015 -5.376509672e-05 2
0 0.525 -0.005 9.209982462e-06 2
0 0.525 0.005 8.19010298e-05 2
0 0.525 0.015 0.0001521652161 2
0 0.525 0.025 0.0002129112311 1
0 0.525 0.035 0.0002516067186 1
0 0.525 0.045 0.000283334916 1
0 0.525 0.055 0.0003179719018 1
0 0.525 0.065 0.0003543510706 1
0 0.525 0.075 0.0003909858188 1
0 0.525 0.085 0.0004290853713 1
0 0.525 0.095 0.0004701969442 1
0 0.525 0.105 0.000513414721 1
0 0.525 0.115 0.000556314825 1
0 0.525 0.125 0.0005939442983 1
0 0.525 0.135 0.000625076134 1
0 0.525 0.145 0.0006498801797 1
0 0.525 0.155 0.0006706548697 1
0 0.525 0.165 0.0006888517677 1
0 0.525 0.175 0.0007034104705 1
0 0.525 0.185 0.0007142638657 1
0 0.525 0.195 0.0007212634043 1
0 0.525 0.205 0.0007243202827 1
0 0.525 0.215 0.000722825911 1
0 0.525 0.225 0.0007179812878 1
0 0.525 0.235 0.0007116171426 1
0 0.525 0.245 0.0007042663871 1
0 0.525 0.255 0.0006906174148 1
0 0.525 0.265 0.0006696118906 1
0 0.525 0.275 0.0006465759975 2
0 0.525 0.285 0.0006126300746 2
0 0.525 0.295 0.0005668125828 2
0 0.525 0.305 0.0005157596129 2
0 0.525 0.315 0.0004604292686 2
0 0.525 0.325 0.000402549042 2
0 0.525 0.335 0.0003432584187 2
0 0.525 0.345 0.0002837435752 2
0 0.525 0.355 0.000225378885 2
0 0.525 0.365 0.0001692951673 2
0 0.525 0.375 0.0001179559087 2
0 0.525 0.385 7.069728537e-05 2
0 0.525 0.395 3.629506255e-05 2
0 0.525 0.405 0 2
0 0.525 0.415 0 2
0 0.525 0.425 0 2
0 0.525 0.435 0 2
0 0.525 0.445 0 2
0 0.525 0.455 0 2
0 0.525 0.465 0 2
0 0.535 -0.455 0 2
0 0.535 -0.445 0 2
0 0.535 -0.435 0 2
0 0.535 -0.425 0 2
0 0.535 -0.415 0 2
0 0.535 -0.405 0 2
0 0.535 -0.395 -5.7378955e-05 2
0 0.535 -0.385 -0.0001094799577 2
0 0.535 -0.375 -0.0001750342416 2
0 0.535 -0.365 -0.0002388627382 2
0 0.535 -0.355 -0.0003042031135 2
0 0.535 -0.345 -0.0003700559043 2
0 0.535 -0.335 -0.0004355299399 2
0 0.535 -0.325 -0.0004979735707 2
0 0.535 -0.315 -0.0005524371608 2
0 0.535 -0.305 -0.0005999482425 2
0 0.535 -0.295 -0.0006337019015 1
0 0.535 -0.285 -0.0006618128471 1
0 0.535 -0.275 -0.0006883768597 1
0 0.535 -0.265 -0.0007130125902 1
0 0.535 -0.255 -0.0007303538043 1
0 0.535 -0.245 -0.0007449482221 1
0 0.535 -0.235 -0.0007559664783 1
0 0.535 -0.225 -0.0007606440399 1
0 0.535 -0.215 -0.0007586680226 2
0 0.535 -0.205 -0.0007479276003 1
0 0.535 -0.195 -0.0007342061197 1
0 0.535 -0.185 -0.0007191975485 1
0 0.535 -0.175 -0.0007018119023 1
0 0.535 -0.165 -0.0006811021646 1
0 0.535 -0.155 -0.0006588568919 1
0 0.535 -0.145 -0.0006362883529 1
0 0.535 -0.135 -0.0006122758181 1
0 0.535 -0.125 -0.00058452225 1
0 0.535 -0.115 -0.0005544476494 1
0 0.535 -0.105 -0.0005196425662 1
0 0.535 -0.095 -0.0004751835373 2
0 0.535 -0.085 -0.0004260426819 2
0 0.535 -0.075 -0.0003746830577 2
0 0.535 -0.065 -0.0003249137313 2
0 0.535 -0.055 -0.0002732894729 2
0 0.535 -0.045 -0.0002199184643 2
0 0.535 -0.035 -0.0001641814424 2
0 0.535 -0.025 -0.0001058410861 2
0 0.535 -0.015 -4.398812131e-05 2
0 0.535 -0.005 2.089634681e-05 2
0 0.535 0.005 9.349185777e-05 2
0 0.535 0.015 0.0001638398795 2
0 0.535 0.025 0.0002242733467 1
0 0.535 0.035 0.0002644620864 1
0 0.535 0.045 0.000297378518 1
0 0.535 0.055 0.0003321877674 1
0 0.535 0.065 0.0003696077954 1
0 0.535 0.075 0.0004065335907 1
0 0.535 0.085 0.0004449208407 1
0 0.535 0.095 0.0004861896672 1
0 0.535 0.105 0.0005300439703 1
0 0.535 0.115 0.0005733649454 1
0 0.535 0.125 0.0006107590388 1
0 0.535 0.135 0.0006450547591 1
0 0.535 0.145 0.000674936147 1
0 0.535 0.155 0.0006992833505 1
0 0.535 0.165 0.0007189638483 1
0 0.535 0.175 0.0007349581274 1
0 0.535 0.185 0.0007484543783 1
0 0.535 0.195 0.0007582480277 1
0 0.535 0.205 0.0007634145822 1
0 0.535 0.215 0.0007645289809 1
0 0.535 0.225 0.0007626907036 1
0 0.535 0.235 0.0007580690557 1
0 0.535 0.245 0.000750031237 1
0 0.535 0.255 0.0007314332547 1
0 0.535 0.265 0.0007035439704 2
0 0.535 0.275 0.0006707129384 2
0 0.535 0.285 0.0006354428475 2
0 0.535 0.295 0.0005932145258 2
0 0.535 0.305 0.0005448091016 2
0 0.535 0.315 0.0004912955894 2
0 0.535 0.325 0.0004341391949 2
0 0.535 0.335 0.0003745715598 2
0 0.535 0.345 0.0003138129382 2
0 0.535 0.355 0.0002532715519 2
0 0.535 0.365 0.0001940284991 2
0 0.535 0.375 0.0001386550393 2
0 0.535 0.385 8.602125877e-05 2
0 0.535 0.395 4.620240655e-05 2
0 0.535 0.405 0 2
0 0.535 0.415 0 2
0 0.535 0.425 0 2
0 0.535 0.435 0 2
0 0.535 0.445 0 2
0 0.535 0.455 0 2
0 0.535 0.465 0 2
0 0.545 -0.455 0 2
0 0.545 -0.445 0 2
0 0.545 -0.435 0 2
0 0.545 -0.425 0 2
0 0.545 -0.415 0 2
0 0.545 -0.405 0 2
0 0.545 -0.395 -6.301152248e-05 2
0 0.545 -0.385 -0.0001170536374 2
0 0.545 -0.375 -0.0001857311401 2
0 0.545 -0.365 -0.0002546815884 2
0 0.545 -0.355 -0.0003260829891 2
0 0.545 -0.345 -0.0003977709262 2
0 0.545 -0.335 -0.0004691044799 2
0 0.545 -0.325 -0.0005375595605 2
0 0.545 -0.315 -0.000601536975 2
0 0.545 -0.305 -0.0006507559925 2
0 0.545 -0.295 -0.0006839191194 1
0 0.545 -0.285 -0.0007141777564 1
0 0.545 -0.275 -0.0007430084645 1
0 0.545 -0.265 -0.000769504301 1
0 0.545 -0.255 -0.0007911447138 1
0 0.545 -0.245 -0.0008088372578 1
0 0.545 -0.235 -0.0008209453958 1
0 0.545 -0.225 -0.000825623879 1
0 0.545 -0.215 -0.0008212274048 2
0 0.545 -0.205 -0.0008055590946 1
0 0.545 -0.195 -0.0007897625196 1
0 0.545 -0.185 -0.0007743202245 1
0 0.545 -0.175 -0.0007528088721 1
0 0.545 -0.165 -0.0007288650346 1
0 0.545 -0.155 -0.0007029612807 1
0 0.545 -0.145 -0.0006754765962 1
0 0.545 -0.135 -0.0006464733182 1
0 0.545 -0.125 -0.0006161553252 1
0 0.545 -0.115 -0.0005864400636 1
0 0.545 -0.105 -0.0005504311472 1
0 0.545 -0.095 -0.0004989821207 2
0 0.545 -0.085 -0.0004425935921 2
0 0.545 -0.075 -0.0003847273394 2
0 0.545 -0.065 -0.0003306353589 2
0 0.545 -0.055 -0.0002752524954 2
0 0.545 -0.045 -0.0002184983451 2
0 0.545 -0.035 -0.0001596361566 2
0 0.545 -0.025 -9.84419089e-05 2
0 0.545 -0.015 -3.42511591e-05 2
0 0.545 -0.005 3.235346695e-05 2
0 0.545 0.005 0.000103778359 2
0 0.545 0.015 0.0001722665891 2
0 0.545 0.025 0.0002283810378 2
0 0.545 0.035 0.0002760001848 1
0 0.545 0.045 0.00031200912 1
0 0.545 0.055 0.0003475919415 1
0 0.545 0.065 0.0003841478801 1
0 0.545 0.075 0.0004217224542 1
0 0.545 0.085 0.0004621070456 1
0 0.545 0.095 0.0005091564125 2
0 0.545 0.105 0.0005536652073 2
0 0.545 0.115 0.0005951933988 2
0 0.545 0.125 0.000631779486 2
0 0.545 0.135 0.000665991664 1
0 0.545 0.145 0.0006964740004 1
0 0.545 0.155 0.0007231807646 1
0 0.545 0.165 0.0007465529939 1
0 0.545 0.175 0.0007661439933 1
0 0.545 0.185 0.0007825940928 1
0 0.545 0.195 0.0007953227613 1
0 0.545 0.205 0.0008043641404 1
0 0.545 0.215 0.0008095207116 1
0 0.545 0.225 0.0008095282543 1
0 0.545 0.235 0.0008022704997 2
0 0.545 0.245 0.0007820598433 2
0 0.545 0.255 0.0007510994025 2
0 0.545 0.265 0.0007184782787 2
0 0.545 0.275 0.0006876583312 2
0 0.545 0.285 0.0006551349845 2
0 0.545 0.295 0.0006170414927 2
0 0.545 0.305 0.0005718576969 2
0 0.545 0.315 0.0005207209731 2
0 0.545 0.325 0.0004648466439 2
0 0.545 0.335 0.0004054937807 2
0 0.545 0.345 0.0003438841894 2
0 0.545 0.355 0.0002814512326 2
0 0.545 0.365 0.0002192228294 2
0 0.545 0.375 0.0001598845214 2
0 0.545 0.385 0.0001018265763 2
0 0.545 0.395 5.647338307e-05 2
0 0.545 0.405 0 2
0 0.545 0.415 0 2
0 0.545 0.425 0 2
0 0.545 0.435 0 2
0 0.545 0.445 0 2
0 0.545 0.455 0 2
0 0.545 0.465 0 2
0 0.555 -0.455 0 2
0 0.555 -0.445 0 2
0 0.555 -0.435 0 2
0 0.555 -0.425 0 2
0 0.555 -0.415 0 2
0 0.555 -0.405 0 2
0 0.555 -0.395 -7.162590726e-05 2
0 0.555 -0.385 -0.0001293124756 2
0 0.555 -0.375 -0.0002020758789 2
0 0.555 -0.365 -0.0002754979269 2
0 0.555 -0.355 -0.0003516719028 2
0 0.555 -0.345 -0.0004277747885 2
0 0.555 -0.335 -0.0005031859873 2
0 0.555 -0.325 -0.0005754004462 2
0 0.555 -0.315 -0.0006448368286 2
0 0.555 -0.305 -0.0006972967562 2
0 0.555 -0.295 -0.000734766277 1
0 0.555 -0.285 -0.0007709469696 1
0 0.555 -0.275 -0.0008015987428 1
0 0.555 -0.265 -0.0008264967367 1
0 0.555 -0.255 -0.0008488575918 1
0 0.555 -0.245 -0.0008648772297 1
0 0.555 -0.235 -0.0008760567775 1
0 0.555 -0.225 -0.000885037429 2
0 0.555 -0.215 -0.000882997819 2
0 0.555 -0.205 -0.0008658470545 1
0 0.555 -0.195 -0.0008457725971 1
0 0.555 -0.185 -0.0008254514239 1
0 0.555 -0.175 -0.0008005058625 1
0 0.555 -0.165 -0.0007741878358 1
0 0.555 -0.155 -0.000745546785 1
0 0.555 -0.145 -0.000714751559 1
0 0.555 -0.135 -0.0006825055327 1
0 0.555 -0.125 -0.0006492917874 1
0 0.555 -0.115 -0.0006166280759 1
0 0.555 -0.105 -0.0005780442965 1
0 0.555 -0.095 -0.0005240920038 2
0 0.555 -0.085 -0.0004628259768 2
0 0.555 -0.075 -0.0003981550624 2
0 0.555 -0.065 -0.0003386617117 2
0 0.555 -0.055 -0.0002786750315 2
0 0.555 -0.045 -0.000218052405 2
0 0.555 -0.035 -0.000155890873 2
0 0.555 -0.025 -9.192236289e-05 2
0 0.555 -0.015 -2.570383387e-05 2
0 0.555 -0.005 4.229706956e-05 2
0 0.555 0.005 0.000112211494 2
0 0.555 0.015 0.0001809551479 2
0 0.555 0.025 0.0002387655347 2
0 0.555 0.035 0.0002862599159 1
0 0.555 0.045 0.0003238231136 1
0 0.555 0.055 0.0003609119535 1
0 0.555 0.065 0.0003992479667 1
0 0.555 0.075 0.0004375242426 1
0 0.555 0.085 0.0004774412429 1
0 0.555 0.095 0.0005245135116 2
0 0.555 0.105 0.0005718192973 2
0 0.555 0.115 0.0006182213272 2
0 0.555 0.125 0.0006590777308 2
0 0.555 0.135 0.0006950093244 2
0 0.555 0.145 0.0007255739407 2
0 0.555 0.155 0.0007523651973 1
0 0.555 0.165 0.0007769218452 1
0 0.555 0.175 0.0007979628121 1
0 0.555 0.185 0.0008155360104 1
0 0.555 0.195 0.000828888255 1
0 0.555 0.205 0.0008381572457 1
0 0.555 0.215 0.0008411445121 1
0 0.555 0.225 0.0008360778295 2
0 0.555 0.235 0.000821056468 2
0 0.555 0.245 0.0007966095496 2
0 0.555 0.255 0.0007663650025 2
0 0.555 0.265 0.0007369444981 2
0 0.555 0.275 0.0007092108821 2
0 0.555 0.285 0.0006786314198 2
0 0.555 0.295 0.0006424287267 2
0 0.555 0.305 0.0005996266985 2
0 0.555 0.315 0.000550491365 2
0 0.555 0.325 0.0004958501629 2
0 0.555 0.335 0.0004367986708 2
0 0.555 0.345 0.0003744635102 2
0 0.555 0.355 0.0003102456867 2
0 0.555 0.365 0.0002450857889 2
0 0.555 0.375 0.000181770161 2
0 0.555 0.385 0.0001181813563 2
0 0.555 0.395 6.713865036e-05 2
0 0.555 0.405 0 2
0 0.555 0.415 0 2
0 0.555 0.425 0 2
0 0.555 0.435 0 2
0 0.555 0.445 0 2
0 0.555 0.455 0 2
0 0.555 0.465 0 2
0 0.565 -0.455 0 2
0 0.565 -0.445 0 2
0 0.565 -0.435 0 2
0 0.565 -0.425 0 2
0 0.565 -0.415 0 2
0 0.565 -0.405 0 2
0 0.565 -0.395 -8.1980923e-05 2
0 0.565 -0.385 -0.0001446808959 2
0 0.565 -0.375 -0.00022241229 2
0 0.565 -0.365 -0.0002998562818 2
0 0.565 -0.355 -0.0003795819775 2
0 0.565 -0.345 -0.0004584695776 2
0 0.565 -0.335 -0.0005357385228 2
0 0.565 -0.325 -0.0006090824971 2
0 0.565 -0.315 -0.0006781355803 2
0 0.565 -0.305 -0.0007363956275 2
0 0.565 -0.295 -0.0007860018002 2
0 0.565 -0.285 -0.000828101178 1
0 0.565 -0.275 -0.000859141588 1
0 0.565 -0.265 -0.000881370102 1
0 0.565 -0.255 -0.0009006596336 1
0 0.565 -0.245 -0.0009149952065 1
0 0.565 -0.235 -0.0009297676001 2
0 0.565 -0.225 -0.0009395383955 2
0 0.565 -0.215 -0.0009332563684 2
0 0.565 -0.205 -0.000916913272 2
0 0.565 -0.195 -0.0008962601945 1
0 0.565 -0.185 -0.0008753328648 1
0 0.565 -0.175 -0.000848898075 1
0 0.565 -0.165 -0.0008190908341 1
0 0.565 -0.155 -0.0007867911577 1
0 0.565 -0.145 -0.0007525721786 1
0 0.565 -0.135 -0.0007169129958 1
0 0.565 -0.125 -0.0006805051587 1
0 0.565 -0.115 -0.0006438105868 1
0 0.565 -0.105 -0.0006020336433 1
0 0.565 -0.095 -0.0005467403815 2
0 0.565 -0.085 -0.0004814360978 2
0 0.565 -0.075 -0.0004118597039 2
0 0.565 -0.065 -0.0003471513543 2
0 0.565 -0.055 -0.0002826383445 2
0 0.565 -0.045 -0.0002182583618 2
0 0.565 -0.035 -0.0001530533144 2
0 0.565 -0.025 -8.67332806e-05 2
0 0.565 -0.015 -1.909167194e-05 2
0 0.565 -0.005 4.955371158e-05 2
0 0.565 0.005 0.000117594351 2
0 0.565 0.015 0.0001862727779 2
0 0.565 0.025 0.0002481248514 2
0 0.565 0.035 0.000296761877 2
0 0.565 0.045 0.0003377088004 1
0 0.565 0.055 0.0003732800967 1
0 0.565 0.065 0.0004100572443 1
0 0.565 0.075 0.0004455094535 1
0 0.565 0.085 0.0004862365607 2
0 0.565 0.095 0.0005320524882 2
0 0.565 0.105 0.0005846308041 2
0 0.565 0.115 0.0006385857389 2
0 0.565 0.125 0.0006863767105 2
0 0.565 0.135 0.0007279864062 2
0 0.565 0.145 0.0007617509148 2
0 0.565 0.155 0.0007890713519 2
0 0.565 0.165 0.0008123219499 2
0 0.565 0.175 0.0008314606795 2
0 0.565 0.185 0.0008471008183 2
0 0.565 0.195 0.0008573702355 2
0 0.565 0.205 0.0008605584668 2
0 0.565 0.215 0.0008548144567 2
0 0.565 0.225 0.0008434227083 2
0 0.565 0.235 0.0008296096203 2
0 0.565 0.245 0.0008119536298 2
0 0.565 0.255 0.000789441482 2
0 0.565 0.265 0.0007635513299 2
0 0.565 0.275 0.0007362007399 2
0 0.565 0.285 0.0007060927093 2
0 0.565 0.295 0.0006710001803 2
0 0.565 0.305 0.0006296551209 2
0 0.565 0.315 0.0005818802338 2
0 0.565 0.325 0.0005281149155 2
0 0.565 0.335 0.0004691865021 2
0 0.565 0.345 0.0004060449936 2
0 0.565 0.355 0.0003399946695 2
0 0.565 0.365 0.0002718434412 2
0 0.565 0.375 0.0002044547215 2
0 0.565 0.385 0.0001351656954 2
0 0.565 0.395 7.823572004e-05 2
0 0.565 0.405 0 2
0 0.565 0.415 0 2
0 0.565 0.425 0 2
0 0.565 0.435 0 2
0 0.565 0.445 0 2
0 0.565 0.455 0 2
0 0.565 0.465 0 2
0 0.575 -0.455 0 2
0 0.575 -0.445 0 2
0 0.575 -0.435 0 2
0 0.575 -0.425 0 2
0 0.575 -0.415 0 2
0 0.575 -0.405 0 2
0 0.575 -0.395 -9.338640235e-05 2
0 0.575 -0.385 -0.0001617586975 2
0 0.575 -0.375 -0.0002448740048 2
0 0.575 -0.365 -0.0003261618136 2
0 0.575 -0.355 -0.0004087513008 2
0 0.575 -0.345 -0.0004893320177 2
0 0.575 -0.335 -0.0005670063262 2
0 0.575 -0.325 -0.0006399052896 2
0 0.575 -0.315 -0.0007067653583 2
0 0.575 -0.305 -0.0007686565773 2
0 0.575 -0.295 -0.0008226261409 2
0 0.575 -0.285 -0.0008685453674 1
0 0.575 -0.275 -0.0009048445664 1
0 0.575 -0.265 -0.0009305302655 1
0 0.575 -0.255 -0.000950139111 1
0 0.575 -0.245 -0.0009683399355 2
0 0.575 -0.235 -0.0009826317512 2
0 0.575 -0.225 -0.0009834164916 2
0 0.575 -0.215 -0.0009697850335 2
0 0.575 -0.205 -0.0009514079252 2
0 0.575 -0.195 -0.0009332084083 2
0 0.575 -0.185 -0.0009124741549 2
0 0.575 -0.175 -0.000885690053 1
0 0.575 -0.165 -0.0008553734114 1
0 0.575 -0.155 -0.0008220225227 1
0 0.575 -0.145 -0.000785595669 1
0 0.575 -0.135 -0.000747339435 1
0 0.575 -0.125 -0.0007082199615 1
0 0.575 -0.115 -0.0006681620859 1
0 0.575 -0.105 -0.000619746684 2
0 0.575 -0.095 -0.0005623293191 2
0 0.575 -0.085 -0.000493916998 2
0 0.575 -0.075 -0.0004222372095 2
0 0.575 -0.065 -0.0003537118367 2
0 0.575 -0.055 -0.000285726726 2
0 0.575 -0.045 -0.0002183429697 2
0 0.575 -0.035 -0.0001507647193 2
0 0.575 -0.025 -8.274887737e-05 2
0 0.575 -0.015 -1.424314365e-05 2
0 0.575 -0.005 5.454719485e-05 2
0 0.575 0.005 0.0001225387547 2
0 0.575 0.015 0.0001894823738 2
0 0.575 0.025 0.0002519044628 2
0 0.575 0.035 0.0003034100217 2
0 0.575 0.045 0.000344265808 2
0 0.575 0.055 0.0003806446429 2
0 0.575 0.065 0.0004162764463 2
0 0.575 0.075 0.0004524721043 2
0 0.575 0.085 0.0004930158213 2
0 0.575 0.095 0.0005417337151 2
0 0.575 0.105 0.0005967450163 2
0 0.575 0.115 0.0006514287391 2
0 0.575 0.125 0.0007020165944 2
0 0.575 0.135 0.0007491889742 2
0 0.575 0.145 0.0007896564811 2
0 0.575 0.155 0.0008207729936 2
0 0.575 0.165 0.0008430357444 2
0 0.575 0.175 0.0008594643536 2
0 0.575 0.185 0.0008719116023 2
0 0.575 0.195 0.0008783480149 2
0 0.575 0.205 0.0008767878229 2
0 0.575 0.215 0.0008691868335 2
0 0.575 0.225 0.0008595376083 2
0 0.575 0.235 0.0008486962153 2
0 0.575 0.245 0.0008339753987 2
0 0.575 0.255 0.000814523297 2
0 0.575 0.265 0.0007919203884 2
0 0.575 0.275 0.0007664627054 2
0 0.575 0.285 0.0007372604927 2
0 0.575 0.295 0.000702917607 2
0 0.575 0.305 0.0006624575069 2
0 0.575 0.315 0.0006155092048 2
0 0.575 0.325 0.0005622186245 2
0 0.575 0.335 0.0005031371585 2
0 0.575 0.345 0.0004390006744 2
0 0.575 0.355 0.0003709723734 2
0 0.575 0.365 0.000299687894 2
0 0.575 0.375 0.000228064317 2
0 0.575 0.385 0.000152852367 2
0 0.575 0.395 8.979951089e-05 2
0 0.575 0.405 0 2
0 0.575 0.415 0 2
0 0.575 0.425 0 2
0 0.575 0.435 0 2
0 0.575 0.445 0 2
0 0.575 0.455 0 2
0 0.575 0.465 0 2
0 0.585 -0.455 0 2
0 0.585 -0.445 0 2
0 0.585 -0.435 0 2
0 0.585 -0.425 0 2
0 0.585 -0.415 0 2
0 0.585 -0.405 0 2
0 0.585 -0.395 -0.0001054913959 2
0 0.585 -0.385 -0.0001799709031 2
0 0.585 -0.375 -0.0002687946505 2
0 0.585 -0.365 -0.0003539128596 2
0 0.585 -0.355 -0.0004390511821 2
0 0.585 -0.345 -0.0005207857435 2
0 0.585 -0.335 -0.000598224174 2
0 0.585 -0.325 -0.0006698429441 2
0 0.585 -0.315 -0.000734200165 2
0 0.585 -0.305 -0.0007932601247 2
0 0.585 -0.295 -0.0008432868426 2
0 0.585 -0.285 -0.0008890619442 2
0 0.585 -0.275 -0.0009330746725 2
0 0.585 -0.265 -0.0009690789871 2
0 0.585 -0.255 -0.0009960999212 2
0 0.585 -0.245 -0.00101560214 2
0 0.585 -0.235 -0.001022348012 2
0 0.585 -0.225 -0.001015746042 2
0 0.585 -0.215 -0.0009997925507 2
0 0.585 -0.205 -0.0009791880875 2
0 0.585 -0.195 -0.0009564192576 2
0 0.585 -0.185 -0.0009328864047 2
0 0.585 -0.175 -0.0009070483032 2
0 0.585 -0.165 -0.0008772095755 2
0 0.585 -0.155 -0.0008437191831 2
0 0.585 -0.145 -0.000805669876 2
0 0.585 -0.135 -0.000765070962 2
0 0.585 -0.125 -0.0007225017238 2
0 0.585 -0.115 -0.0006775514215 2
0 0.585 -0.105 -0.0006271410927 2
0 0.585 -0.095 -0.0005669439074 2
0 0.585 -0.085 -0.0004978792377 2
0 0.585 -0.075 -0.000426773123 2
0 0.585 -0.065 -0.00035650249 2
0 0.585 -0.055 -0.0002866693351 2
0 0.585 -0.045 -0.0002174637258 2
0 0.585 -0.035 -0.0001484689481 2
0 0.585 -0.025 -7.959444893e-05 2
0 0.585 -0.015 -1.094002392e-05 2
0 0.585 -0.005 5.716430297e-05 2
0 0.585 0.005 0.000123888079 2
0 0.585 0.015 0.0001876172086 2
0 0.585 0.025 0.0002480857958 2
0 0.585 0.035 0.0003012773024 2
0 0.585 0.045 0.0003452917212 2
0 0.585 0.055 0.0003830090477 2
0 0.585 0.065 0.000418138701 2
0 0.585 0.075 0.0004563326379 2
0 0.585 0.085 0.0005007885409 2
0 0.585 0.095 0.0005525441205 2
0 0.585 0.105 0.0006083625792 2
0 0.585 0.115 0.0006637066277 2
0 0.585 0.125 0.0007167835655 2
0 0.585 0.135 0.0007649485101 2
0 0.585 0.145 0.0008061184014 2
0 0.585 0.155 0.0008391386309 2
0 0.585 0.165 0.0008639827369 2
0 0.585 0.175 0.000881494451 2
0 0.585 0.185 0.000892519561 2
0 0.585 0.195 0.0008974370794 2
0 0.585 0.205 0.0008967343605 2
0 0.585 0.215 0.0008914735483 2
0 0.585 0.225 0.0008831854267 2
0 0.585 0.235 0.0008726719425 2
0 0.585 0.245 0.0008595538104 2
0 0.585 0.255 0.0008431200255 2
0 0.585 0.265 0.0008231440739 2
0 0.585 0.275 0.0007993851178 2
0 0.585 0.285 0.0007711900711 2
0 0.585 0.295 0.0007376222224 2
0 0.585 0.305 0.0006978643226 2
0 0.585 0.315 0.0006514591945 2
0 0.585 0.325 0.000598352189 2
0 0.585 0.335 0.0005388685339 2
0 0.585 0.345 0.0004735309684 2
0 0.585 0.355 0.0004033433871 2
0 0.585 0.365 0.0003287430959 2
0 0.585 0.375 0.0002526843659 2
0 0.585 0.385 0.0001712921482 2
0 0.585 0.395 0.0001018548077 2
0 0.585 0.405 0 2
0 0.585 0.415 0 2
0 0.585 0.425 0 2
0 0.585 0.435 0 2
0 0.585 0.445 0 2
0 0.585 0.455 0 2
0 0.585 0.465 0 2
0 0.595 -0.455 0 2
0 0.595 -0.445 0 2
0 0.595 -0.435 0 2
0 0.595 -0.425 0 2
0 0.595 -0.415 0 2
0 0.595 -0.405 0 2
0 0.595 -0.395 -0.0001181503845 2
0 0.595 -0.385 -0.0001990581933 2
0 0.595 -0.375 -0.0002938717306 2
0 0.595 -0.365 -0.0003829430622 2
0 0.595 -0.355 -0.0004706440074 2
0 0.595 -0.345 -0.0005535030003 2
0 0.595 -0.335 -0.0006307970015 2
0 0.595 -0.325 -0.0007012595368 2
0 0.595 -0.315 -0.0007639430159 2
0 0.595 -0.305 -0.0008192470358 2
0 0.595 -0.295 -0.0008672509845 2
0 0.595 -0.285 -0.0009121872561 2
0 0.595 -0.275 -0.0009557312775 2
0 0.595 -0.265 -0.0009942356292 2
0 0.595 -0.255 -0.00102395072 2
0 0.595 -0.245 -0.001042407422 2
0 0.595 -0.235 -0.001046845628 2
0 0.595 -0.225 -0.001039473244 2
0 0.595 -0.215 -0.001024237165 2
0 0.595 -0.205 -0.001002416711 2
0 0.595 -0.195 -0.0009760117683 2
0 0.595 -0.185 -0.0009468233018 2
0 0.595 -0.175 -0.0009164534436 2
0 0.595 -0.165 -0.0008849081134 2
0 0.595 -0.155 -0.0008502522888 2
0 0.595 -0.145 -0.0008107717658 2
0 0.595 -0.135 -0.0007683642485 2
0 0.595 -0.125 -0.0007237913529 2
0 0.595 -0.115 -0.0006760051612 2
0 0.595 -0.105 -0.0006223060407 2
0 0.595 -0.095 -0.0005608873535 2
0 0.595 -0.085 -0.0004937200781 2
0 0.595 -0.075 -0.0004249478532 2
0 0.595 -0.065 -0.0003548877704 2
0 0.595 -0.055 -0.0002847732668 2
0 0.595 -0.045 -0.000214995605 2
0 0.595 -0.035 -0.0001455864532 2
0 0.595 -0.025 -7.666548953e-05 2
0 0.595 -0.015 -8.474896569e-06 2
0 0.595 -0.005 5.850048099e-05 2
0 0.595 0.005 0.0001234936743 2
0 0.595 0.015 0.0001852328162 2
0 0.595 0.025 0.0002421977662 2
0 0.595 0.035 0.0002933062585 2
0 0.595 0.045 0.0003387413383 2
0 0.595 0.055 0.0003803832438 2
0 0.595 0.065 0.000421128263 2
0 0.595 0.075 0.0004638386595 2
0 0.595 0.085 0.0005106314558 2
0 0.595 0.095 0.0005621637494 2
0 0.595 0.105 0.0006171441017 2
0 0.595 0.115 0.0006732086822 2
0 0.595 0.125 0.0007276187754 2
0 0.595 0.135 0.0007776853744 2
0 0.595 0.145 0.0008209143895 2
0 0.595 0.155 0.0008555519124 2
0 0.595 0.165 0.0008812501707 2
0 0.595 0.175 0.0008988825164 2
0 0.595 0.185 0.000909746249 2
0 0.595 0.195 0.0009148977268 2
0 0.595 0.205 0.0009152919549 2
0 0.595 0.215 0.0009120146471 2
0 0.595 0.225 0.0009060985241 2
0 0.595 0.235 0.0008979471955 2
0 0.595 0.245 0.0008872106154 2
0 0.595 0.255 0.0008732573479 2
0 0.595 0.265 0.0008556076918 2
0 0.595 0.275 0.0008337330476 2
0 0.595 0.285 0.000806936689 2
0 0.595 0.295 0.0007744028672 2
0 0.595 0.305 0.0007354090977 2
0 0.595 0.315 0.0006894739185 2
0 0.595 0.325 0.0006364110018 2
0 0.595 0.335 0.0005763650416 2
0 0.595 0.345 0.0005096633604 2
0 0.595 0.355 0.0004371498279 2
0 0.595 0.365 0.0003590498867 2
0 0.595 0.375 0.000278346861 2
0 0.595 0.385 0.0001905051506 2
0 0.595 0.395 0.000114411415 2
0 0.595 0.405 0 2
0 0.595 0.415 0 2
0 0.595 0.425 0 2
0 0.595 0.435 0 2
0 0.595 0.445 0 2
0 0.595 0.455 0 2
0 0.595 0.465 0 2
0 0.605 -0.455 0 2
0 0.605 -0.445 0 2
0 0.605 -0.435 0 2
0 0.605 -0.425 0 2
0 0.605 -0.415 0 2
0 0.605 -0.405 0 2
0 0.605 -0.395 -0.0001312974125 2
0 0.605 -0.385 -0.0002189252215 2
0 0.605 -0.375 -0.0003200240512 2
0 0.605 -0.365 -0.0004132757424 2
0 0.605 -0.355 -0.0005037524694 2
0 0.605 -0.345 -0.0005879832992 2
0 0.605 -0.335 -0.0006655323913 2
0 0.605 -0.325 -0.0007353626467 2
0 0.605 -0.315 -0.0007970316834 2
0 0.605 -0.305 -0.0008506653174 2
0 0.605 -0.295 -0.0008980253015 2
0 0.605 -0.285 -0.0009412177774 2
0 0.605 -0.275 -0.0009807971404 2
0 0.605 -0.265 -0.001015491385 2
0 0.605 -0.255 -0.001042598617 2
0 0.605 -0.245 -0.001059437205 2
0 0.605 -0.235 -0.001064534401 2
0 0.605 -0.225 -0.00105822022 2
0 0.605 -0.215 -0.001042215604 2
0 0.605 -0.205 -0.001019053319 2
0 0.605 -0.195 -0.000990952145 2
0 0.605 -0.185 -0.0009594481727 2
0 0.605 -0.175 -0.0009253743916 2
0 0.605 -0.165 -0.0008888350572 2
0 0.605 -0.155 -0.0008495916698 2
0 0.605 -0.145 -0.0008074961035 2
0 0.605 -0.135 -0.0007626501401 2
0 0.605 -0.125 -0.000715064162 2
0 0.605 -0.115 -0.0006642961811 2
0 0.605 -0.105 -0.0006093264877 2
0 0.605 -0.095 -0.0005495727903 2
0 0.605 -0.085 -0.000485435911 2
0 0.605 -0.075 -0.0004181988763 2
0 0.605 -0.065 -0.0003493564719 2
0 0.605 -0.055 -0.0002799958575 2
0 0.605 -0.045 -0.0002106609509 2
0 0.605 -0.035 -0.0001416972474 2
0 0.605 -0.025 -7.34165038e-05 2
0 0.605 -0.015 -6.20427545e-06 2
0 0.605 -0.005 5.936887608e-05 2
0 0.605 0.005 0.0001225687149 2
0 0.605 0.015 0.0001824671851 2
0 0.605 0.025 0.0002381422393 2
0 0.605 0.035 0.0002890382552 2
0 0.605 0.045 0.0003355167426 2
0 0.605 0.055 0.0003791324061 2
0 0.605 0.065 0.0004222063467 2
0 0.605 0.075 0.0004671693582 2
0 0.605 0.085 0.0005157468012 2
0 0.605 0.095 0.0005684429991 2
0 0.605 0.105 0.0006241339958 2
0 0.605 0.115 0.0006807499936 2
0 0.605 0.125 0.0007358446312 2
0 0.605 0.135 0.00078685126 2
0 0.605 0.145 0.0008311798995 2
0 0.605 0.155 0.0008667580664 2
0 0.605 0.165 0.0008930892181 2
0 0.605 0.175 0.0009111501047 2
0 0.605 0.185 0.0009226803894 2
0 0.605 0.195 0.0009291923382 2
0 0.605 0.205 0.0009317974122 2
0 0.605 0.215 0.0009313393564 2
0 0.605 0.225 0.0009283702456 2
0 0.605 0.235 0.0009230249159 2
0 0.605 0.245 0.0009149947407 2
0 0.605 0.255 0.0009037172885 2
0 0.605 0.265 0.0008885573776 2
0 0.605 0.275 0.00086881495 2
0 0.605 0.285 0.0008437280475 2
0 0.605 0.295 0.0008125167289 2
0 0.605 0.305 0.0007744822517 2
0 0.605 0.315 0.0007291044573 2
0 0.605 0.325 0.0006760887625 2
0 0.605 0.335 0.000615429152 2
0 0.605 0.345 0.000547275733 2
0 0.605 0.355 0.0004723185682 2
0 0.605 0.365 0.0003905654746 2
0 0.605 0.375 0.0003050270759 2
0 0.605 0.385 0.0002104775507 2
0 0.605 0.395 0.0001274618936 2
0 0.605 0.405 0 2
0 0.605 0.415 0 2
0 0.605 0.425 0 2
0 0.605 0.435 0 2
0 0.605 0.445 0 2
0 0.605 0.455 0 2
0 0.605 0.465 0 2
0 0.615 -0.455 0 2
0 0.615 -0.445 0 2
0 0.615 -0.435 0 2
0 0.615 -0.425 0 2
0 0.615 -0.415 0 2
0 0.615 -0.405 0 2
0 0.615 -0.395 -0.0001448982771 2
0 0.615 -0.385 -0.0002395224151 2
0 0.615 -0.375 -0.0003472027174 2
0 0.615 -0.365 -0.0004448976664 2
0 0.615 -0.355 -0.0005384262742 2
0 0.615 -0.345 -0.0006243459 2
0 0.615 -0.335 -0.0007025568036 2
0 0.615 -0.325 -0.0007722752687 2
0 0.615 -0.315 -0.0008334850847 2
0 0.615 -0.305 -0.0008866592783 2
0 0.615 -0.295 -0.0009331100725 2
0 0.615 -0.285 -0.0009742817728 2
0 0.615 -0.275 -0.001010671639 2
0 0.615 -0.265 -0.001041380888 2
0 0.615 -0.255 -0.001064453501 2
0 0.615 -0.245 -0.001077915278 2
0 0.615 -0.235 -0.001080625925 2
0 0.615 -0.225 -0.001072784759 2
0 0.615 -0.215 -0.00105566286 2
0 0.615 -0.205 -0.001031062296 2
0 0.615 -0.195 -0.001000771919 2
0 0.615 -0.185 -0.0009663163673 2
0 0.615 -0.175 -0.0009287908391 2
0 0.615 -0.165 -0.0008887321439 2
0 0.615 -0.155 -0.0008462643137 2
0 0.615 -0.145 -0.0008013728026 2
0 0.615 -0.135 -0.00075408356 2
0 0.615 -0.125 -0.0007043311622 2
0 0.615 -0.115 -0.0006517844929 2
0 0.615 -0.105 -0.0005958810296 2
0 0.615 -0.095 -0.0005363076345 2
0 0.615 -0.085 -0.0004733345055 2
0 0.615 -0.075 -0.0004077784066 2
0 0.615 -0.065 -0.0003405985297 2
0 0.615 -0.055 -0.0002726216672 2
0 0.615 -0.045 -0.000204448026 2
0 0.615 -0.035 -0.0001365683995 2
0 0.615 -0.025 -6.942308363e-05 2
0 0.615 -0.015 -3.499322807e-06 2
0 0.615 -0.005 6.060888833e-05 2
0 0.615 0.005 0.0001222010725 2
0 0.615 0.015 0.0001805470997 2
0 0.615 0.025 0.0002350753792 2
0 0.615 0.035 0.0002856325476 2
0 0.615 0.045 0.0003327771189 2
0 0.615 0.055 0.0003778554875 2
0 0.615 0.065 0.0004227517227 2
0 0.615 0.075 0.0004694781036 2
0 0.615 0.085 0.0005195937566 2
0 0.615 0.095 0.0005735378539 2
0 0.615 0.105 0.0006297125106 2
0 0.615 0.115 0.0006858888241 2
0 0.615 0.125 0.0007407859371 2
0 0.615 0.135 0.000792327562 2
0 0.615 0.145 0.0008374251857 2
0 0.615 0.155 0.0008731926193 2
0 0.615 0.165 0.0008992333029 2
0 0.615 0.175 0.0009174800901 2
0 0.615 0.185 0.0009300878606 2
0 0.615 0.195 0.0009386364832 2
0 0.615 0.205 0.0009441334422 2
0 0.615 0.215 0.000947135419 2
0 0.615 0.225 0.0009478043825 2
0 0.615 0.235 0.0009460209127 2
0 0.615 0.245 0.0009413721529 2
0 0.615 0.255 0.0009332523397 2
0 0.615 0.265 0.0009209552623 2
0 0.615 0.275 0.0009037131416 2
0 0.615 0.285 0.0008807248029 2
0 0.615 0.295 0.0008511976907 2
0 0.615 0.305 0.0008144127757 2
0 0.615 0.315 0.0007697947831 2
0 0.615 0.325 0.0007169479308 2
0 0.615 0.335 0.0006557302129 2
0 0.615 0.345 0.0005861259991 2
0 0.615 0.355 0.0005086771434 2
0 0.615 0.365 0.0004231707885 2
0 0.615 0.375 0.0003326461982 2
0 0.615 0.385 0.000231162034 2
0 0.615 0.395 0.0001409812033 2
0 0.615 0.405 0 2
0 0.615 0.415 0 2
0 0.615 0.425 0 2
0 0.615 0.435 0 2
0 0.615 0.445 0 2
0 0.615 0.455 0 2
0 0.615 0.465 0 2
0 0.625 -0.455 0 2
0 0.625 -0.445 0 2
0 0.625 -0.435 0 2
0 0.625 -0.425 0 2
0 0.625 -0.415 0 2
0 0.625 -0.405 0 2
0 0.625 -0.395 -0.0001589138074 2
0 0.625 -0.385 -0.0002607844801 2
0 0.625 -0.375 -0.0003753114671 2
0 0.625 -0.365 -0.0004776802725 2
0 0.625 -0.355 -0.000574486265 2
0 0.625 -0.345 -0.0006623210324 2
0 0.625 -0.335 -0.0007414162519 2
0 0.625 -0.325 -0.0008112540844 2
0 0.625 -0.315 -0.0008721075505 2
0 0.625 -0.305 -0.0009245888042 2
0 0.625 -0.295 -0.0009697102353 2
0 0.625 -0.285 -0.001008423934 2
0 0.625 -0.275 -0.001041078196 2
0 0.625 -0.265 -0.001067152606 2
0 0.625 -0.255 -0.001085486155 2
0 0.625 -0.245 -0.001094830683 2
0 0.625 -0.235 -0.001094393115 2
0 0.625 -0.225 -0.001084215887 2
0 0.625 -0.215 -0.001065138779 2
0 0.625 -0.205 -0.001038516744 2
0 0.625 -0.195 -0.001005871605 2
0 0.625 -0.185 -0.0009686190606 2
0 0.625 -0.175 -0.0009278848486 2
0 0.625 -0.165 -0.000884434461 2
0 0.625 -0.155 -0.0008387120834 2
0 0.625 -0.145 -0.000790949661 2
0 0.625 -0.135 -0.0007412474182 2
0 0.625 -0.125 -0.0006895511712 2
0 0.625 -0.115 -0.000635643327 2
0 0.625 -0.105 -0.0005792207682 2
0 0.625 -0.095 -0.0005201056894 2
0 0.625 -0.085 -0.000458425846 2
0 0.625 -0.075 -0.0003946224084 2
0 0.625 -0.065 -0.0003292972552 2
0 0.625 -0.055 -0.0002630775586 2
0 0.625 -0.045 -0.0001965310882 2
0 0.625 -0.035 -0.0001301658939 2
0 0.625 -0.025 -6.447731553e-05 2
0 0.625 -0.015 8.855535265e-10 2
0 0.625 -0.005 6.267319014e-05 2
0 0.625 0.005 0.000122903542 2
0 0.625 0.015 0.0001800954074 2
0 0.625 0.025 0.0002338430771 2
0 0.625 0.035 0.0002841392383 2
0 0.625 0.045 0.000331544613 2
0 0.625 0.055 0.0003772826233 2
0 0.625 0.065 0.0004231605087 2
0 0.625 0.075 0.0004711915673 2
0 0.625 0.085 0.0005222515296 2
0 0.625 0.095 0.0005770317313 2
0 0.625 0.105 0.000635481083 2
0 0.625 0.115 0.000692603057 2
0 0.625 0.125 0.0007453933685 2
0 0.625 0.135 0.0007925515527 2
0 0.625 0.145 0.0008347603969 2
0 0.625 0.155 0.0008706327225 2
0 0.625 0.165 0.0008973999729 2
0 0.625 0.175 0.0009164454496 2
0 0.625 0.185 0.0009305781375 2
0 0.625 0.195 0.000942147478 2
0 0.625 0.205 0.0009514530474 2
0 0.625 0.215 0.0009587004756 2
0 0.625 0.225 0.000963696478 2
0 0.625 0.235 0.0009661017287 2
0 0.625 0.245 0.0009653927007 2
0 0.625 0.255 0.0009609145736 2
0 0.625 0.265 0.000951920375 2
0 0.625 0.275 0.0009376040571 2
0 0.625 0.285 0.000917131791 2
0 0.625 0.295 0.0008896818757 2
0 0.625 0.305 0.0008544928825 2
0 0.625 0.315 0.0008109193473 2
0 0.625 0.325 0.0007584597578 2
0 0.625 0.335 0.000696838297 2
0 0.625 0.345 0.0006258766241 2
0 0.625 0.355 0.0005459696724 2
0 0.625 0.365 0.0004566798458 2
0 0.625 0.375 0.0003610762776 2
0 0.625 0.385 0.0002524799953 2
0 0.625 0.395 0.0001549273756 2
0 0.625 0.405 0 2
0 0.625 0.415 0 2
0 0.625 0.425 0 2
0 0.625 0.435 0 2
0 0.625 0.445 0 2
0 0.625 0.455 0 2
0 0.625 0.465 0 2
0 0.635 -0.455 0 2
0 0.635 -0.445 0 2
0 0.635 -0.435 0 2
0 0.635 -0.425 0 2
0 0.635 -0.415 0 2
0 0.635 -0.405 0 2
0 0.635 -0.395 -0.0001732846393 2
0 0.635 -0.385 -0.0002826031885 2
0 0.635 -0.375 -0.0004041736955 2
0 0.635 -0.365 -0.0005113599357 2
0 0.635 -0.355 -0.0006115466356 2
0 0.635 -0.345 -0.0007013502445 2
0 0.635 -0.335 -0.0007813121615 2
0 0.635 -0.325 -0.0008511485909 2
0 0.635 -0.315 -0.0009113275411 2
0 0.635 -0.305 -0.0009625159777 2
0 0.635 -0.295 -0.001005603403 2
0 0.635 -0.285 -0.001041358321 2
0 0.635 -0.275 -0.001070124311 2
0 0.635 -0.265 -0.001091670389 2
0 0.635 -0.255 -0.001105321819 2
0 0.635 -0.245 -0.001110302297 2
0 0.635 -0.235 -0.001106107383 2
0 0.635 -0.225 -0.001092771312 2
0 0.635 -0.215 -0.001070908547 2
0 0.635 -0.205 -0.0010415853 2
0 0.635 -0.195 -0.001006104727 2
0 0.635 -0.185 -0.0009657963096 2
0 0.635 -0.175 -0.0009218465696 2
0 0.635 -0.165 -0.0008751951916 2
0 0.635 -0.155 -0.0008265045041 2
0 0.635 -0.145 -0.000776184849 2
0 0.635 -0.135 -0.00072443427 2
0 0.635 -0.125 -0.0006712619041 2
0 0.635 -0.115 -0.0006165271093 2
0 0.635 -0.105 -0.0005600208506 2
0 0.635 -0.095 -0.0005015963245 2
0 0.635 -0.085 -0.0004412772928 2
0 0.635 -0.075 -0.0003792846988 2
0 0.635 -0.065 -0.00031598093 2
0 0.635 -0.055 -0.0002517991994 2
0 0.635 -0.045 -0.0001871924375 2
0 0.635 -0.035 -0.0001226241325 2
0 0.635 -0.025 -5.858330172e-05 2
0 0.635 -0.015 4.396127518e-06 2
0 0.635 -0.005 6.573222761e-05 2
0 0.635 0.005 0.0001248275116 2
0 0.635 0.015 0.0001811436633 2
0 0.635 0.025 0.0002343339717 2
0 0.635 0.035 0.0002844284749 2
0 0.635 0.045 0.0003319152426 2
0 0.635 0.055 0.0003780001556 2
0 0.635 0.065 0.0004246335999 2
0 0.635 0.075 0.0004731051602 2
0 0.635 0.085 0.0005261390391 2
0 0.635 0.095 0.0005840971249 2
0 0.635 0.105 0.0006462074822 2
0 0.635 0.115 0.0007029837711 2
0 0.635 0.125 0.0007487959172 1
0 0.635 0.135 0.0007846377417 1
0 0.635 0.145 0.0008177023031 1
0 0.635 0.155 0.0008534586822 2
0 0.635 0.165 0.0008836442314 2
0 0.635 0.175 0.000905714576 2
0 0.635 0.185 0.0009231542914 2
0 0.635 0.195 0.0009390678331 2
0 0.635 0.205 0.0009532059603 2
0 0.635 0.215 0.0009654704993 2
0 0.635 0.225 0.0009754214174 2
0 0.635 0.235 0.0009825615348 2
0 0.635 0.245 0.0009862861854 2
0 0.635 0.255 0.0009859030056 2
0 0.635 0.265 0.0009806418085 2
0 0.635 0.275 0.0009696744464 2
0 0.635 0.285 0.0009521401617 2
0 0.635 0.295 0.000927179664 2
0 0.635 0.305 0.0008939740458 2
0 0.635 0.315 0.0008517934737 2
0 0.635 0.325 0.0008000211811 2
0 0.635 0.335 0.0007382417741 2
0 0.635 0.345 0.0006661095543 2
0 0.635 0.355 0.0005838679244 2
0 0.635 0.365 0.0004908471295 2
0 0.635 0.375 0.0003901446605 2
0 0.635 0.385 0.0002743238149 2
0 0.635 0.395 0.0001692423935 2
0 0.635 0.405 0 2
0 0.635 0.415 0 2
0 0.635 0.425 0 2
0 0.635 0.435 0 2
0 0.635 0.445 0 2
0 0.635 0.455 0 2
0 0.635 0.465 0 2
0 0.645 -0.455 0 2
0 0.645 -0.445 0 2
0 0.645 -0.435 0 2
0 0.645 -0.425 0 2
0 0.645 -0.415 0 2
0 0.645 -0.405 0 2
0 0.645 -0.395 -0.0001879251109 2
0 0.645 -0.385 -0.0003048206829 2
0 0.645 -0.375 -0.0004335317558 2
0 0.645 -0.365 -0.0005455559935 2
0 0.645 -0.355 -0.000649068122 2
0 0.645 -0.345 -0.0007406937908 2
0 0.645 -0.335 -0.0008212643264 2
0 0.645 -0.325 -0.000890701854 2
0 0.645 -0.315 -0.0009496606714 2
0 0.645 -0.305 -0.0009989011343 2
0 0.645 -0.295 -0.00103931453 2
0 0.645 -0.285 -0.001071650448 2
0 0.645 -0.275 -0.001096331558 2
0 0.645 -0.265 -0.001113359661 2
0 0.645 -0.255 -0.00112239723 2
0 0.645 -0.245 -0.00112298561 2
0 0.645 -0.235 -0.001114807098 2
0 0.645 -0.225 -0.001097896745 2
0 0.645 -0.215 -0.00107273161 2
0 0.645 -0.205 -0.001040198394 2
0 0.645 -0.195 -0.001001471841 2
0 0.645 -0.185 -0.0009578535538 2
0 0.645 -0.175 -0.0009106086425 2
0 0.645 -0.165 -0.0008608324783 2
0 0.645 -0.155 -0.0008093688724 2
0 0.645 -0.145 -0.0007567822318 2
0 0.645 -0.135 -0.0007033696801 2
0 0.645 -0.125 -0.000649197012 2
0 0.645 -0.115 -0.0005941589673 2
0 0.645 -0.105 -0.0005380636736 2
0 0.645 -0.095 -0.0004807322181 2
0 0.645 -0.085 -0.0004220794314 2
0 0.645 -0.075 -0.0003621499921 2
0 0.645 -0.065 -0.000301109221 2
0 0.645 -0.055 -0.0002392152241 2
0 0.645 -0.045 -0.0001767933638 2
0 0.645 -0.035 -0.0001142260667 2
0 0.645 -0.025 -5.195404947e-05 2
0 0.645 -0.015 9.520944933e-06 2
0 0.645 -0.005 6.964287653e-05 2
0 0.645 0.005 0.0001278362815 2
0 0.645 0.015 0.0001835630011 2
0 0.645 0.025 0.0002364523975 2
0 0.645 0.035 0.0002864335389 2
0 0.645 0.045 0.0003339156989 2
0 0.645 0.055 0.0003802261956 2
0 0.645 0.065 0.0004263920833 2
0 0.645 0.075 0.0004765044197 2
0 0.645 0.085 0.0005357524357 2
0 0.645 0.095 0.0005989272865 2
0 0.645 0.105 0.000654926127 1
0 0.645 0.115 0.000697412577 1
0 0.645 0.125 0.0007349309152 1
0 0.645 0.135 0.0007699473313 1
0 0.645 0.145 0.0008017817418 1
0 0.645 0.155 0.000832447699 1
0 0.645 0.165 0.0008611328436 2
0 0.645 0.175 0.0008858836474 2
0 0.645 0.185 0.0009085877128 2
0 0.645 0.195 0.0009298797309 2
0 0.645 0.205 0.0009496528571 2
0 0.645 0.215 0.0009674878147 2
0 0.645 0.225 0.0009828117142 2
0 0.645 0.235 0.0009950362926 2
0 0.645 0.245 0.001003521636 2
0 0.645 0.255 0.001007561964 2
0 0.645 0.265 0.001006379297 2
0 0.645 0.275 0.0009991312032 2
0 0.645 0.285 0.0009849292825 2
0 0.645 0.295 0.0009628677724 2
0 0.645 0.305 0.0009320568189 2
0 0.645 0.315 0.0008916676487 2
0 0.645 0.325 0.0008409546527 2
0 0.645 0.335 0.0007793505725 2
0 0.645 0.345 0.0007063305868 2
0 0.645 0.355 0.0006219753424 2
0 0.645 0.365 0.0005253706676 2
0 0.645 0.375 0.0004196360382 2
0 0.645 0.385 0.0002965579912 2
0 0.645 0.395 0.0001838526391 2
0 0.645 0.405 0 2
0 0.645 0.415 0 2
0 0.645 0.425 0 2
0 0.645 0.435 0 2
0 0.645 0.445 0 2
0 0.645 0.455 0 2
0 0.645 0.465 0 2
0 0.655 -0.455 0 2
0 0.655 -0.445 0 2
0 0.655 -0.435 0 2
0 0.655 -0.425 0 2
0 0.655 -0.415 0 2
0 0.655 -0.405 0 2
0 0.655 -0.395 -0.0002027224106 2
0 0.655 -0.385 -0.0003272314552 2
0 0.655 -0.375 -0.0004630565405 2
0 0.655 -0.365 -0.0005797954542 2
0 0.655 -0.355 -0.0006864051676 2
0 0.655 -0.345 -0.0007795062934 2
0 0.655 -0.335 -0.0008602100581 2
0 0.655 -0.325 -0.000928643528 2
0 0.655 -0.315 -0.0009856733551 2
0 0.655 -0.305 -0.001032223404 2
0 0.655 -0.295 -0.00106930696 2
0 0.655 -0.285 -0.00109778204 2
0 0.655 -0.275 -0.001118213025 2
0 0.655 -0.265 -0.001130794002 2
0 0.655 -0.255 -0.001135401074 2
0 0.655 -0.245 -0.001131748205 2
0 0.655 -0.235 -0.001119595529 2
0 0.655 -0.225 -0.001098945464 2
0 0.655 -0.215 -0.001070170916 2
0 0.655 -0.205 -0.001034051707 2
0 0.655 -0.195 -0.0009917180402 2
0 0.655 -0.185 -0.0009445203893 2
0 0.655 -0.175 -0.0008938581094 2
0 0.655 -0.165 -0.0008410077951 2
0 0.655 -0.155 -0.0007869906713 2
0 0.655 -0.145 -0.0007325029515 2
0 0.655 -0.135 -0.0006779118827 2
0 0.655 -0.125 -0.0006233020109 2
0 0.655 -0.115 -0.000568552971 2
0 0.655 -0.105 -0.0005134314712 2
0 0.655 -0.095 -0.000457682135 2
0 0.655 -0.085 -0.000401099734 2
0 0.655 -0.075 -0.0003435717159 2
0 0.655 -0.065 -0.0002850917643 2
0 0.655 -0.055 -0.0002257566687 2
0 0.655 -0.045 -0.0001657581016 2
0 0.655 -0.035 -0.0001053770174 2
0 0.655 -0.025 -4.498093122e-05 2
0 0.655 -0.015 1.498087689e-05 2
0 0.655 -0.005 7.398759683e-05 2
0 0.655 0.005 0.0001314788384 2
0 0.655 0.015 0.0001868866282 2
0 0.655 0.025 0.0002397709832 2
0 0.655 0.035 0.0002898391241 2
0 0.655 0.045 0.0003375258381 2
0 0.655 0.055 0.0003843988147 2
0 0.655 0.065 0.0004311794937 2
0 0.655 0.075 0.0004839621971 2
0 0.655 0.085 0.0005450186051 2
0 0.655 0.095 0.0006005553375 1
0 0.655 0.105 0.0006435990434 1
0 0.655 0.115 0.0006806758551 1
0 0.655 0.125 0.0007163043799 1
0 0.655 0.135 0.000751001052 1
0 0.655 0.145 0.0007826407643 1
0 0.655 0.155 0.0008118033403 1
0 0.655 0.165 0.0008374818271 2
0 0.655 0.175 0.0008625054287 2
0 0.655 0.185 0.0008893879842 2
0 0.655 0.195 0.0009160705487 2
0 0.655 0.205 0.0009416334444 2
0 0.655 0.215 0.0009651416226 2
0 0.655 0.225 0.0009859080691 2
0 0.655 0.235 0.001003290874 2
0 0.655 0.245 0.001016646757 2
0 0.655 0.255 0.001025274099 2
0 0.655 0.265 0.001028395061 2
0 0.655 0.275 0.001025153798 2
0 0.655 0.285 0.001014629091 2
0 0.655 0.295 0.0009958582431 2
0 0.655 0.305 0.0009678662722 2
0 0.655 0.315 0.0009297091764 2
0 0.655 0.325 0.0008804952386 2
0 0.655 0.335 0.0008194875073 2
0 0.655 0.345 0.0007459636701 2
0 0.655 0.355 0.0006598233212 2
0 0.655 0.365 0.0005598896392 2
0 0.655 0.375 0.0004492909653 2
0 0.655 0.385 0.0003190183029 2
0 0.655 0.395 0.0001986684342 2
0 0.655 0.405 0 2
0 0.655 0.415 0 2
0 0.655 0.425 0 2
0 0.655 0.435 0 2
0 0.655 0.445 0 2
0 0.655 0.455 0 2
0 0.655 0.465 0 2
0 0.665 -0.455 0 2
0 0.665 -0.445 0 2
0 0.665 -0.435 0 2
0 0.665 -0.425 0 2
0 0.665 -0.415 0 2
0 0.665 -0.405 0 2
0 0.665 -0.395 -0.0002175360253 2
0 0.665 -0.385 -0.0003495840418 2
0 0.665 -0.375 -0.0004923541662 2
0 0.665 -0.365 -0.0006135282477 2
0 0.665 -0.355 -0.0007228313781 2
0 0.665 -0.345 -0.0008168706937 2
0 0.665 -0.335 -0.0008970378452 2
0 0.665 -0.325 -0.0009636855729 2
0 0.665 -0.315 -0.001017943752 2
0 0.665 -0.305 -0.001060984983 2
0 0.665 -0.295 -0.001094053947 2
0 0.665 -0.285 -0.001118217127 2
0 0.665 -0.275 -0.001134229281 2
0 0.665 -0.265 -0.001142451257 2
0 0.665 -0.255 -0.001142881711 2
0 0.665 -0.245 -0.001135285233 2
0 0.665 -0.235 -0.001119386655 2
0 0.665 -0.225 -0.001095083269 2
0 0.665 -0.215 -0.001062623728 2
0 0.665 -0.205 -0.001022711759 2
0 0.665 -0.195 -0.0009765029501 2
0 0.665 -0.185 -0.0009254869796 2
0 0.665 -0.175 -0.0008712840305 2
0 0.665 -0.165 -0.0008154113306 2
0 0.665 -0.155 -0.0007590870435 2
0 0.665 -0.145 -0.0007031210408 2
0 0.665 -0.135 -0.0006479080267 2
0 0.665 -0.125 -0.0005934972558 2
0 0.665 -0.115 -0.0005396972897 2
0 0.665 -0.105 -0.000486183395 2
0 0.665 -0.095 -0.000432589232 2
0 0.665 -0.085 -0.0003785760092 2
0 0.665 -0.075 -0.0003238780665 2
0 0.665 -0.065 -0.000268328422 2
0 0.665 -0.055 -0.0002118706664 2
0 0.665 -0.045 -0.0001545628987 2
0 0.665 -0.035 -9.657744049e-05 2
0 0.665 -0.025 -3.819743164e-05 2
0 0.665 -0.015 2.019154675e-05 2
0 0.665 -0.005 7.811245341e-05 2
0 0.665 0.005 0.0001350232924 2
0 0.665 0.015 0.0001903212019 2
0 0.665 0.025 0.0002434668709 2
0 0.665 0.035 0.0002938247177 2
0 0.665 0.045 0.0003417087035 2
0 0.665 0.055 0.0003867275686 2
0 0.665 0.065 0.0004353186887 2
0 0.665 0.075 0.0004903537509 2
0 0.665 0.085 0.000542848758 1
0 0.665 0.095 0.0005863122292 1
0 0.665 0.105 0.0006243483254 1
0 0.665 0.115 0.0006615625282 1
0 0.665 0.125 0.0006964662018 1
0 0.665 0.135 0.0007287714075 1
0 0.665 0.145 0.0007587086569 1
0 0.665 0.155 0.0007875447974 1
0 0.665 0.165 0.0008121999296 2
0 0.665 0.175 0.0008376817685 2
0 0.665 0.185 0.000867577437 2
0 0.665 0.195 0.0008992231728 2
0 0.665 0.205 0.0009301488272 2
0 0.665 0.215 0.0009589394302 2
0 0.665 0.225 0.000984814866 2
0 0.665 0.235 0.00100711293 2
0 0.665 0.245 0.001025201571 2
0 0.665 0.255 0.00103838908 2
0 0.665 0.265 0.001045896385 2
0 0.665 0.275 0.001046848513 2
0 0.665 0.285 0.001040282137 2
0 0.665 0.295 0.001025165117 2
0 0.665 0.305 0.001000421988 2
0 0.665 0.315 0.000964975611 2
0 0.665 0.325 0.0009177678538 2
0 0.665 0.335 0.0008578693989 2
0 0.665 0.345 0.0007843357323 2
0 0.665 0.355 0.0006968594837 2
0 0.665 0.365 0.0005939758271 2
0 0.665 0.375 0.0004788001059 2
0 0.665 0.385 0.0003415084436 2
0 0.665 0.395 0.0002135823422 2
0 0.665 0.405 0 2
0 0.665 0.415 0 2
0 0.665 0.425 0 2
0 0.665 0.435 0 2
0 0.665 0.445 0 2
0 0.665 0.455 0 2
0 0.665 0.465 0 2
0 0.675 -0.455 0 2
0 0.675 -0.445 0 2
0 0.675 -0.435 0 2
0 0.675 -0.425 0 2
0 0.675 -0.415 0 2
0 0.675 -0.405 0 2
0 0.675 -0.395 -0.0002321945054 2
0 0.675 -0.385 -0.0003715766907 2
0 0.675 -0.375 -0.0005209617112 2
0 0.675 -0.365 -0.0006461251071 2
0 0.675 -0.355 -0.0007575398963 2
0 0.675 -0.345 -0.0008517968708 2
0 0.675 -0.335 -0.0009305734625 2
0 0.675 -0.325 -0.0009944798499 2
0 0.675 -0.315 -0.001044974287 2
0 0.675 -0.305 -0.001083575913 2
0 0.675 -0.295 -0.001111873733 2
0 0.675 -0.285 -0.001131239813 2
0 0.675 -0.275 -0.001142668459 2
0 0.675 -0.265 -0.001146671199 2
0 0.675 -0.255 -0.00114329195 2
0 0.675 -0.245 -0.001132229148 2
0 0.675 -0.235 -0.001113044711 2
0 0.675 -0.225 -0.00108542184 2
0 0.675 -0.215 -0.001049418428 2
0 0.675 -0.205 -0.001005657226 2
0 0.675 -0.195 -0.0009553814151 2
0 0.675 -0.185 -0.0009003316273 2
0 0.675 -0.175 -0.0008424742345 2
0 0.675 -0.165 -0.0007836633748 2
0 0.675 -0.155 -0.0007253513922 2
0 0.675 -0.145 -0.0006684353548 2
0 0.675 -0.135 -0.0006132705929 2
0 0.675 -0.125 -0.0005597956347 2
0 0.675 -0.115 -0.0005076849208 2
0 0.675 -0.105 -0.0004564792012 2
0 0.675 -0.095 -0.0004056770953 2
0 0.675 -0.085 -0.000354797408 2
0 0.675 -0.075 -0.000303422684 2
0 0.675 -0.065 -0.000251231115 2
0 0.675 -0.055 -0.0001980191395 2
0 0.675 -0.045 -0.000143715144 2
0 0.675 -0.035 -8.838444155e-05 2
0 0.675 -0.025 -3.222607135e-05 2
0 0.675 -0.015 2.443875957e-05 2
0 0.675 -0.005 8.118049886e-05 2
0 0.675 0.005 0.0001374850764 2
0 0.675 0.015 0.0001927384495 2
0 0.675 0.025 0.0002463170571 2
0 0.675 0.035 0.0002972941086 2
0 0.675 0.045 0.0003455547104 2
0 0.675 0.055 0.0003886204522 2
0 0.675 0.065 0.0004341336567 2
0 0.675 0.075 0.0004841819591 2
0 0.675 0.085 0.0005292564999 1
0 0.675 0.095 0.000568349993 1
0 0.675 0.105 0.0006038504476 1
0 0.675 0.115 0.0006390676044 1
0 0.675 0.125 0.0006719695272 1
0 0.675 0.135 0.0007042981479 1
0 0.675 0.145 0.0007338125673 1
0 0.675 0.155 0.0007600132658 1
0 0.675 0.165 0.000782280156 2
0 0.675 0.175 0.0008097947937 2
0 0.675 0.185 0.0008443696191 2
0 0.675 0.195 0.0008805568568 2
0 0.675 0.205 0.0009159791014 2
0 0.675 0.215 0.0009492139797 2
0 0.675 0.225 0.0009794859624 2
0 0.675 0.235 0.001006155364 2
0 0.675 0.245 0.001028601518 2
0 0.675 0.255 0.001046136278 2
0 0.675 0.265 0.001057969428 2
0 0.675 0.275 0.001063196185 2
0 0.675 0.285 0.001060799566 2
0 0.675 0.295 0.001049665043 2
0 0.675 0.305 0.00102860154 2
0 0.675 0.315 0.000996380603 2
0 0.675 0.325 0.0009517556685 2
0 0.675 0.335 0.0008935785692 2
0 0.675 0.345 0.0008206519291 2
0 0.675 0.355 0.0007324272889 2
0 0.675 0.365 0.0006271179773 2
0 0.675 0.375 0.0005077932814 2
0 0.675 0.385 0.0003637934179 2
0 0.675 0.395 0.0002284657844 2
0 0.675 0.405 0 2
0 0.675 0.415 0 2
0 0.675 0.425 0 2
0 0.675 0.435 0 2
0 0.675 0.445 0 2
0 0.675 0.455 0 2
0 0.675 0.465 0 2
0 0.685 -0.455 0 2
0 0.685 -0.445 0 2
0 0.685 -0.435 0 2
0 0.685 -0.425 0 2
0 0.685 -0.415 0 2
0 0.685 -0.405 0 2
0 0.685 -0.395 -0.0002464872583 2
0 0.685 -0.385 -0.0003928423974 2
0 0.685 -0.375 -0.0005483253619 2
0 0.685 -0.365 -0.0006768515415 2
0 0.685 -0.355 -0.0007896155039 2
0 0.685 -0.345 -0.0008831917045 2
0 0.685 -0.335 -0.0009595448657 2
0 0.685 -0.325 -0.001019575829 2
0 0.685 -0.315 -0.001065145127 2
0 0.685 -0.305 -0.001098231673 2
0 0.685 -0.295 -0.001120896875 2
0 0.685 -0.285 -0.00113492616 2
0 0.685 -0.275 -0.001141609913 2
0 0.685 -0.265 -0.001141600922 2
0 0.685 -0.255 -0.001134916181 2
0 0.685 -0.245 -0.001121068921 2
0 0.685 -0.235 -0.001099312649 2
0 0.685 -0.225 -0.001068970695 2
0 0.685 -0.215 -0.001029794796 2
0 0.685 -0.205 -0.0009822841975 2
0 0.685 -0.195 -0.0009278281245 2
0 0.685 -0.185 -0.0008685607498 2
0 0.685 -0.175 -0.0008069693979 2
0 0.685 -0.165 -0.0007453818279 2
0 0.685 -0.155 -0.0006855311602 2
0 0.685 -0.145 -0.0006283486063 2
0 0.685 -0.135 -0.0005740438187 2
0 0.685 -0.125 -0.000522344985 2
0 0.685 -0.115 -0.0004727288633 2
0 0.685 -0.105 -0.0004245741051 2
0 0.685 -0.095 -0.0003772368984 2
0 0.685 -0.085 -0.0003300940493 2
0 0.685 -0.075 -0.000282578604 2
0 0.685 -0.065 -0.0002342168293 2
0 0.685 -0.055 -0.0001846624331 2
0 0.685 -0.045 -0.0001337208554 2
0 0.685 -0.035 -8.136007441e-05 2
0 0.685 -0.025 -2.770750067e-05 2
0 0.685 -0.015 2.69662734e-05 2
0 0.685 -0.005 8.226915186e-05 2
0 0.685 0.005 0.0001377163192 2
0 0.685 0.015 0.0001927142436 2
0 0.685 0.025 0.0002466066509 2
0 0.685 0.035 0.0002983550666 2
0 0.685 0.045 0.0003472875107 2
0 0.685 0.055 0.0003907833891 2
0 0.685 0.065 0.0004302590389 2
0 0.685 0.075 0.0004661736586 1
0 0.685 0.085 0.000504744811 1
0 0.685 0.095 0.0005430675001 1
0 0.685 0.105 0.000578751172 1
0 0.685 0.115 0.0006115990191 1
0 0.685 0.125 0.0006425106564 1
0 0.685 0.135 0.0006730924469 1
0 0.685 0.145 0.0007024517284 1
0 0.685 0.155 0.0007284224349 1
0 0.685 0.165 0.0007521632568 2
0 0.685 0.175 0.0007839901025 2
0 0.685 0.185 0.0008217434022 2
0 0.685 0.195 0.0008610671915 2
0 0.685 0.205 0.0008994825929 2
0 0.685 0.215 0.0009359093422 2
0 0.685 0.225 0.0009695596015 2
0 0.685 0.235 0.0009998162011 2
0 0.685 0.245 0.001026049646 2
0 0.685 0.255 0.001047558457 2
0 0.685 0.265 0.001063526679 2
0 0.685 0.275 0.001073007822 2
0 0.685 0.285 0.00107492082 2
0 0.685 0.295 0.001068058296 2
0 0.685 0.305 0.001051101319 2
0 0.685 0.315 0.001022654196 2
0 0.685 0.325 0.0009812604835 2
0 0.685 0.335 0.0009255246092 2
0 0.685 0.345 0.0008539605271 2
0 0.685 0.355 0.0007657357784 2
0 0.685 0.365 0.0006586978129 2
0 0.685 0.375 0.0005358223034 2
0 0.685 0.385 0.000385589115 2
0 0.685 0.395 0.0002431637407 2
0 0.685 0.405 0 2
0 0.685 0.415 0 2
0 0.685 0.425 0 2
0 0.685 0.435 0 2
0 0.685 0.445 0 2
0 0.685 0.455 0 2
0 0.685 0.465 0 2
0 0.695 -0.455 0 2
0 0.695 -0.445 0 2
0 0.695 -0.435 0 2
0 0.695 -0.425 0 2
0 0.695 -0.415 0 2
0 0.695 -0.405 0 2
0 0.695 -0.395 -0.0002601494891 2
0 0.695 -0.385 -0.0004129204451 2
0 0.695 -0.375 -0.0005737582771 2
0 0.695 -0.365 -0.0007048177272 2
0 0.695 -0.355 -0.0008179831366 2
0 0.695 -0.345 -0.0009098110747 2
0 0.695 -0.335 -0.000982537303 2
0 0.695 -0.325 -0.001037374449 2
0 0.695 -0.315 -0.001076663244 2
0 0.695 -0.305 -0.001102979518 2
0 0.695 -0.295 -0.00111901602 2
0 0.695 -0.285 -0.001127102291 2
0 0.695 -0.275 -0.001128890557 2
0 0.695 -0.265 -0.001125166738 2
0 0.695 -0.255 -0.00111584962 2
0 0.695 -0.245 -0.001100147598 2
0 0.695 -0.235 -0.001076842876 2
0 0.695 -0.225 -0.001044708382 2
0 0.695 -0.215 -0.001002999263 2
0 0.695 -0.205 -0.0009519862292 2
0 0.695 -0.195 -0.0008932645903 2
0 0.695 -0.185 -0.0008295678971 2
0 0.695 -0.175 -0.0007641731723 2
0 0.695 -0.165 -0.0007000887732 2
0 0.695 -0.155 -0.0006393796256 2
0 0.695 -0.145 -0.0005828829013 2
0 0.695 -0.135 -0.0005304641543 2
0 0.695 -0.125 -0.0004814997609 2
0 0.695 -0.115 -0.0004352182478 2
0 0.695 -0.105 -0.0003908512312 2
0 0.695 -0.095 -0.0003476416715 2
0 0.695 -0.085 -0.0003048406742 2
0 0.695 -0.075 -0.0002617337869 2
0 0.695 -0.065 -0.0002176933677 2
0 0.695 -0.055 -0.0001722319395 2
0 0.695 -0.045 -0.0001250405114 2
0 0.695 -0.035 -7.600655166e-05 2
0 0.695 -0.025 -2.521096042e-05 2
0 0.695 -0.015 2.709409603e-05 2
0 0.695 -0.005 8.051963146e-05 2
0 0.695 0.005 0.0001345828598 2
0 0.695 0.015 0.0001887088766 2
0 0.695 0.025 0.0002422307275 2
0 0.695 0.035 0.0002940741523 2
0 0.695 0.045 0.000342866825 2
0 0.695 0.055 0.0003848721069 2
0 0.695 0.065 0.0004179085885 2
0 0.695 0.075 0.0004461604104 1
0 0.695 0.085 0.0004806655462 1
0 0.695 0.095 0.0005156199929 1
0 0.695 0.105 0.0005492696395 1
0 0.695 0.115 0.0005795968669 1
0 0.695 0.125 0.0006090633161 1
0 0.695 0.135 0.0006357863173 1
0 0.695 0.145 0.0006617115925 1
0 0.695 0.155 0.0006888159094 2
0 0.695 0.165 0.0007239389049 2
0 0.695 0.175 0.000761988398 2
0 0.695 0.185 0.0008000475692 2
0 0.695 0.195 0.0008405057744 2
0 0.695 0.205 0.0008801727783 2
0 0.695 0.215 0.0009183642612 2
0 0.695 0.225 0.000954232239 2
0 0.695 0.235 0.0009871573329 2
0 0.695 0.245 0.001016479938 2
0 0.695 0.255 0.001041469042 2
0 0.695 0.265 0.001061271591 2
0 0.695 0.275 0.001074892043 2
0 0.695 0.285 0.001081180487 2
0 0.695 0.295 0.001078832656 2
0 0.695 0.305 0.001066396126 2
0 0.695 0.315 0.001042297914 2
0 0.695 0.325 0.001004854282 2
0 0.695 0.335 0.0009523944668 2
0 0.695 0.345 0.0008831044708 2
0 0.695 0.355 0.0007958158962 2
0 0.695 0.365 0.0006879540506 2
0 0.695 0.375 0.0005623343412 2
0 0.695 0.385 0.0004065455604 2
0 0.695 0.395 0.0002574858665 2
0 0.695 0.405 0 2
0 0.695 0.415 0 2
0 0.695 0.425 0 2
0 0.695 0.435 0 2
0 0.695 0.445 0 2
0 0.695 0.455 0 2
0 0.695 0.465 0 2
0 0.705 -0.455 0 2
0 0.705 -0.445 0 2
0 0.705 -0.435 0 2
0 0.705 -0.425 0 2
0 0.705 -0.415 0 2
0 0.705 -0.405 0 2
0 0.705 -0.395 -0.0002728412934 2
0 0.705 -0.385 -0.0004312112346 2
0 0.705 -0.375 -0.0005963661203 2
0 0.705 -0.365 -0.0007288803252 2
0 0.705 -0.355 -0.0008412982695 2
0 0.705 -0.345 -0.0009301552612 2
0 0.705 -0.335 -0.0009979059109 2
0 0.705 -0.325 -0.001046062618 2
0 0.705 -0.315 -0.001077519202 2
0 0.705 -0.305 -0.001095619899 2
0 0.705 -0.295 -0.001103894649 2
0 0.705 -0.285 -0.001105375926 2
0 0.705 -0.275 -0.001102144834 2
0 0.705 -0.265 -0.00109509716 2
0 0.705 -0.255 -0.00108396625 2
0 0.705 -0.245 -0.001067522769 2
0 0.705 -0.235 -0.001043908877 2
0 0.705 -0.225 -0.00101115708 2
0 0.705 -0.215 -0.000967802247 2
0 0.705 -0.205 -0.0009137487049 2
0 0.705 -0.195 -0.0008508771067 2
0 0.705 -0.185 -0.0007827572287 2
0 0.705 -0.175 -0.0007137423375 2
0 0.705 -0.165 -0.0006477410971 2
0 0.705 -0.155 -0.0005871859378 2
0 0.705 -0.145 -0.0005325993943 2
0 0.705 -0.135 -0.0004832191487 2
0 0.705 -0.125 -0.0004379383523 2
0 0.705 -0.115 -0.0003957470444 2
0 0.705 -0.105 -0.000355807536 2
0 0.705 -0.095 -0.0003173178169 2
0 0.705 -0.085 -0.0002794266741 2
0 0.705 -0.075 -0.0002412630494 2
0 0.705 -0.065 -0.0002020294493 2
0 0.705 -0.055 -0.0001610927141 2
0 0.705 -0.045 -0.0001180385065 2
0 0.705 -0.035 -7.269624272e-05 2
0 0.705 -0.025 -2.513624798e-05 2
0 0.705 -0.015 2.43571047e-05 2
0 0.705 -0.005 7.533496242e-05 2
0 0.705 0.005 0.0001272514039 2
0 0.705 0.015 0.0001795007283 2
0 0.705 0.025 0.0002314104831 2
0 0.705 0.035 0.0002819539969 2
0 0.705 0.045 0.0003293776762 2
0 0.705 0.055 0.0003679043265 2
0 0.705 0.065 0.0003965488947 2
0 0.705 0.075 0.000421632644 1
0 0.705 0.085 0.0004549430299 1
0 0.705 0.095 0.0004862763427 1
0 0.705 0.105 0.0005150486743 1
0 0.705 0.115 0.0005438565545 1
0 0.705 0.125 0.0005717606153 1
0 0.705 0.135 0.0005961004925 1
0 0.705 0.145 0.0006212501595 1
0 0.705 0.155 0.0006539627916 2
0 0.705 0.165 0.0006967595006 2
0 0.705 0.175 0.000738024167 2
0 0.705 0.185 0.000776940258 2
0 0.705 0.195 0.0008170641046 2
0 0.705 0.205 0.0008566343703 2
0 0.705 0.215 0.0008952888738 2
0 0.705 0.225 0.0009322491895 2
0 0.705 0.235 0.0009668992019 2
0 0.705 0.245 0.0009985524424 2
0 0.705 0.255 0.00102644593 2
0 0.705 0.265 0.001049689442 2
0 0.705 0.275 0.001067241168 2
0 0.705 0.285 0.001077887736 2
0 0.705 0.295 0.001080234486 2
0 0.705 0.305 0.001072700698 2
0 0.705 0.315 0.001053536527 2
0 0.705 0.325 0.0010208224 2
0 0.705 0.335 0.0009725898667 2
0 0.705 0.345 0.0009066575178 2
0 0.705 0.355 0.0008214607594 2
0 0.705 0.365 0.0007139321393 2
0 0.705 0.375 0.00058663462 2
0 0.705 0.385 0.000426224139 2
0 0.705 0.395 0.0002711952217 2
0 0.705 0.405 0 2
0 0.705 0.415 0 2
0 0.705 0.425 0 2
0 0.705 0.435 0 2
0 0.705 0.445 0 2
0 0.705 0.455 0 2
0 0.705 0.465 0 2
0 0.715 -0.455 0 2
0 0.715 -0.445 0 2
0 0.715 -0.435 0 2
0 0.715 -0.425 0 2
0 0.715 -0.415 0 2
0 0.715 -0.405 0 2
0 0.715 -0.395 -0.0002841153787 2
0 0.715 -0.385 -0.0004469101028 2
0 0.715 -0.375 -0.0006149451745 2
0 0.715 -0.365 -0.0007475236748 2
0 0.715 -0.355 -0.0008578404948 2
0 0.715 -0.345 -0.0009424000179 2
0 0.715 -0.335 -0.001003742191 2
0 0.715 -0.325 -0.001043587272 2
0 0.715 -0.315 -0.001065437665 2
0 0.715 -0.305 -0.001073651173 2
0 0.715 -0.295 -0.001072896094 2
0 0.715 -0.285 -0.001067109507 2
0 0.715 -0.275 -0.001058842136 2
0 0.715 -0.265 -0.001049004165 2
0 0.715 -0.255 -0.001036995448 2
0 0.715 -0.245 -0.001021088613 2
0 0.715 -0.235 -0.0009987492581 2
0 0.715 -0.225 -0.000967140409 2
0 0.715 -0.215 -0.0009235756855 2
0 0.715 -0.205 -0.0008671158194 2
0 0.715 -0.195 -0.0007999641654 2
0 0.715 -0.185 -0.0007269728811 2
0 0.715 -0.175 -0.0006543435413 2
0 0.715 -0.165 -0.0005873943427 2
0 0.715 -0.155 -0.0005288760395 2
0 0.715 -0.145 -0.0004782889639 2
0 0.715 -0.135 -0.0004335103552 2
0 0.715 -0.125 -0.0003927950286 2
0 0.715 -0.115 -0.0003551620432 2
0 0.715 -0.105 -0.0003200553101 2
0 0.715 -0.095 -0.0002867356452 2
0 0.715 -0.085 -0.000254244206 2
0 0.715 -0.075 -0.0002215096091 2
0 0.715 -0.065 -0.000187524781 2
0 0.715 -0.055 -0.0001515007302 2
0 0.715 -0.045 -0.000112927628 2
0 0.715 -0.035 -7.160101776e-05 2
0 0.715 -0.025 -2.762031272e-05 2
0 0.715 -0.015 1.863574669e-05 2
0 0.715 -0.005 6.657114153e-05 2
0 0.715 0.005 0.0001154743752 2
0 0.715 0.015 0.0001646103918 2
0 0.715 0.025 0.000213285271 2
0 0.715 0.035 0.0002606818306 2
0 0.715 0.045 0.0003055451314 2
0 0.715 0.055 0.0003439996981 2
0 0.715 0.065 0.0003707013564 2
0 0.715 0.075 0.0003896543011 1
0 0.715 0.085 0.0004175194835 1
0 0.715 0.095 0.0004494372044 1
0 0.715 0.105 0.0004797251389 1
0 0.715 0.115 0.0005036835126 1
0 0.715 0.125 0.0005234096423 1
0 0.715 0.135 0.0005477941124 1
0 0.715 0.145 0.0005850191182 2
0 0.715 0.155 0.0006322972787 2
0 0.715 0.165 0.0006739652127 2
0 0.715 0.175 0.0007113138614 2
0 0.715 0.185 0.0007502272717 2
0 0.715 0.195 0.000788613356 2
0 0.715 0.205 0.0008269759578 2
0 0.715 0.215 0.0008649806907 2
0 0.715 0.225 0.0009020206661 2
0 0.715 0.235 0.0009374915834 2
0 0.715 0.245 0.0009706993064 2
0 0.715 0.255 0.001000861598 2
0 0.715 0.265 0.001027064955 2
0 0.715 0.275 0.001048237105 2
0 0.715 0.285 0.001063119674 2
0 0.715 0.295 0.001070247953 2
0 0.715 0.305 0.001067933093 2
0 0.715 0.315 0.001054264558 2
0 0.715 0.325 0.001027093677 2
0 0.715 0.335 0.0009841440145 2
0 0.715 0.345 0.0009228332859 2
0 0.715 0.355 0.0008411352202 2
0 0.715 0.365 0.000735403493 2
0 0.715 0.375 0.0006078224516 2
0 0.715 0.385 0.0004440547375 2
0 0.715 0.395 0.0002839839527 2
0 0.715 0.405 0 2
0 0.715 0.415 0 2
0 0.715 0.425 0 2
0 0.715 0.435 0 2
0 0.715 0.445 0 2
0 0.715 0.455 0 2
0 0.715 0.465 0 2
0 0.725 -0.455 0 2
0 0.725 -0.445 0 2
0 0.725 -0.435 0 2
0 0.725 -0.425 0 2
0 0.725 -0.415 0 2
0 0.725 -0.405 0 2
0 0.725 -0.395 -0.0002934019658 2
0 0.725 -0.385 -0.0004589475523 2
0 0.725 -0.375 -0.0006278462107 2
0 0.725 -0.365 -0.0007586174406 2
0 0.725 -0.355 -0.0008651541206 2
0 0.725 -0.345 -0.0009439598786 2
0 0.725 -0.335 -0.0009974510045 2
0 0.725 -0.325 -0.001027358675 2
0 0.725 -0.315 -0.001037796137 2
0 0.725 -0.305 -0.001034440694 2
0 0.725 -0.295 -0.001023464626 2
0 0.725 -0.285 -0.001009897011 2
0 0.725 -0.275 -0.0009967264818 2
0 0.725 -0.265 -0.0009846959675 2
0 0.725 -0.255 -0.0009727358843 2
0 0.725 -0.245 -0.000958414809 2
0 0.725 -0.235 -0.000938334003 2
0 0.725 -0.225 -0.0009085899367 2
0 0.725 -0.215 -0.0008653633816 2
0 0.725 -0.205 -0.0008074238419 2
0 0.725 -0.195 -0.0007378832884 2
0 0.725 -0.185 -0.0006626854729 2
0 0.725 -0.175 -0.0005889409137 2
0 0.725 -0.165 -0.0005230478537 2
0 0.725 -0.155 -0.0004681682997 2
0 0.725 -0.145 -0.0004228464788 2
0 0.725 -0.135 -0.0003834432618 2
0 0.725 -0.125 -0.0003474696757 2
0 0.725 -0.115 -0.000314310384 2
0 0.725 -0.105 -0.0002840667703 2
0 0.725 -0.095 -0.0002562301061 2
0 0.725 -0.085 -0.0002295851429 2
0 0.725 -0.075 -0.0002027255417 2
0 0.725 -0.065 -0.0001743643058 2
0 0.725 -0.055 -0.0001435585014 2
0 0.725 -0.045 -0.0001097256512 2
0 0.725 -0.035 -7.264946412e-05 2
0 0.725 -0.025 -3.248668551e-05 2
0 0.725 -0.015 1.023062429e-05 2
0 0.725 -0.005 5.465803366e-05 2
0 0.725 0.005 9.978295191e-05 2
0 0.725 0.015 0.0001445813606 2
0 0.725 0.025 0.0001881984513 2
0 0.725 0.035 0.0002298482852 2
0 0.725 0.045 0.0002691099848 2
0 0.725 0.055 0.0003038743349 2
0 0.725 0.065 0.0003328283006 2
0 0.725 0.075 0.000355616589 1
0 0.725 0.085 0.0003809846014 1
0 0.725 0.095 0.0004057949347 1
0 0.725 0.105 0.0004289864948 1
0 0.725 0.115 0.0004500182093 1
0 0.725 0.125 0.0004740894691 1
0 0.725 0.135 0.0005143608414 2
0 0.725 0.145 0.0005667730884 2
0 0.725 0.155 0.0006138416814 2
0 0.725 0.165 0.0006497297596 2
0 0.725 0.175 0.0006827632636 2
0 0.725 0.185 0.000717592859 2
0 0.725 0.195 0.0007529662004 2
0 0.725 0.205 0.0007891072956 2
0 0.725 0.215 0.000825545126 2
0 0.725 0.225 0.0008617825699 2
0 0.725 0.235 0.0008972304143 2
0 0.725 0.245 0.0009312108898 2
0 0.725 0.255 0.0009629472155 2
0 0.725 0.265 0.0009915291314 2
0 0.725 0.275 0.001015882605 2
0 0.725 0.285 0.001034736501 2
0 0.725 0.295 0.001046592024 2
0 0.725 0.305 0.001049690644 2
0 0.725 0.315 0.00104199847 2
0 0.725 0.325 0.001021167801 2
0 0.725 0.335 0.0009846264519 2
0 0.725 0.345 0.0009293749581 2
0 0.725 0.355 0.0008528626466 2
0 0.725 0.365 0.0007507646076 2
0 0.725 0.375 0.0006247154266 2
0 0.725 0.385 0.0004592928742 2
0 0.725 0.395 0.0002954564892 2
0 0.725 0.405 0 2
0 0.725 0.415 0 2
0 0.725 0.425 0 2
0 0.725 0.435 0 2
0 0.725 0.445 0 2
0 0.725 0.455 0 2
0 0.725 0.465 0 2
0 0.735 -0.455 0 2
0 0.735 -0.445 0 2
0 0.735 -0.435 0 2
0 0.735 -0.425 0 2
0 0.735 -0.415 0 2
0 0.735 -0.405 0 2
0 0.735 -0.395 -0.0002999477777 2
0 0.735 -0.385 -0.0004658746238 2
0 0.735 -0.375 -0.0006327855592 2
0 0.735 -0.365 -0.0007592066609 2
0 0.735 -0.355 -0.0008599918587 2
0 0.735 -0.345 -0.0009318056201 2
0 0.735 -0.335 -0.0009763527644 2
0 0.735 -0.325 -0.00099469817 2
0 0.735 -0.315 -0.0009914269539 2
0 0.735 -0.305 -0.0009743454155 2
0 0.735 -0.295 -0.0009520510183 2
0 0.735 -0.285 -0.0009308547855 2
0 0.735 -0.275 -0.0009137471411 2
0 0.735 -0.265 -0.0009006841051 2
0 0.735 -0.255 -0.0008897664973 2
0 0.735 -0.245 -0.0008774165862 2
0 0.735 -0.235 -0.0008592986715 2
0 0.735 -0.225 -0.000834294737 2
0 0.735 -0.215 -0.0007961097059 2
0 0.735 -0.205 -0.0007378432993 2
0 0.735 -0.195 -0.0006637756687 2
0 0.735 -0.185 -0.0005836629641 2
0 0.735 -0.175 -0.0005086471095 2
0 0.735 -0.165 -0.0004471607413 2
0 0.735 -0.155 -0.0004044897969 2
0 0.735 -0.145 -0.0003709173787 2
0 0.735 -0.135 -0.0003364403144 2
0 0.735 -0.125 -0.0003039219007 2
0 0.735 -0.115 -0.0002742211312 2
0 0.735 -0.105 -0.0002484365463 2
0 0.735 -0.095 -0.0002262501876 2
0 0.735 -0.085 -0.0002057946991 2
0 0.735 -0.075 -0.0001851130972 2
0 0.735 -0.065 -0.0001625776045 2
0 0.735 -0.055 -0.0001371326277 2
0 0.735 -0.045 -0.0001081637007 2
0 0.735 -0.035 -7.544627096e-05 2
0 0.735 -0.025 -3.918487511e-05 2
0 0.735 -0.015 -9.704021455e-08 2
0 0.735 -0.005 4.062963744e-05 2
0 0.735 0.005 8.154229642e-05 2
0 0.735 0.015 0.0001211619243 2
0 0.735 0.025 0.000158286317 2
0 0.735 0.035 0.0001918554443 2
0 0.735 0.045 0.000221786455 2
0 0.735 0.055 0.0002454130729 2
0 0.735 0.065 0.0002700779231 2
0 0.735 0.075 0.0003028868454 2
0 0.735 0.085 0.0003339728955 1
0 0.735 0.095 0.0003562075927 1
0 0.735 0.105 0.000375111827 1
0 0.735 0.115 0.0004060352902 2
0 0.735 0.125 0.0004535383964 2
0 0.735 0.135 0.000507042327 2
0 0.735 0.145 0.0005502064313 2
0 0.735 0.155 0.0005836998124 2
0 0.735 0.165 0.0006135056108 2
0 0.735 0.175 0.0006443750915 2
0 0.735 0.185 0.000675383985 2
0 0.735 0.195 0.0007075178849 2
0 0.735 0.205 0.0007408632934 2
0 0.735 0.215 0.0007750726849 2
0 0.735 0.225 0.0008097581281 2
0 0.735 0.235 0.0008443888774 2
0 0.735 0.245 0.0008783396366 2
0 0.735 0.255 0.0009108745055 2
0 0.735 0.265 0.0009411225701 2
0 0.735 0.275 0.0009680470376 2
0 0.735 0.285 0.0009904082884 2
0 0.735 0.295 0.001006724507 2
0 0.735 0.305 0.001015225601 2
0 0.735 0.315 0.001013817163 2
0 0.735 0.325 0.001000014496 2
0 0.735 0.335 0.0009709980186 2
0 0.735 0.345 0.0009233699301 2
0 0.735 0.355 0.0008540126585 2
0 0.735 0.365 0.0007578213044 2
0 0.735 0.375 0.0006356562917 2
0 0.735 0.385 0.0004708723135 2
0 0.735 0.395 0.0003050338249 2
0 0.735 0.405 0 2
0 0.735 0.415 0 2
0 0.735 0.425 0 2
0 0.735 0.435 0 2
0 0.735 0.445 0 2
0 0.735 0.455 0 2
0 0.735 0.465 0 2
0 0.745 -0.455 0 2
0 0.745 -0.445 0 2
0 0.745 -0.435 0 2
0 0.745 -0.425 0 2
0 0.745 -0.415 0 2
0 0.745 -0.405 0 2
0 0.745 -0.395 -0.0003029428506 2
0 0.745 -0.385 -0.0004659740951 2
0 0.745 -0.375 -0.0006268969699 2
0 0.745 -0.365 -0.0007452924279 2
0 0.745 -0.355 -0.0008373323581 2
0 0.745 -0.345 -0.0008999895758 2
0 0.745 -0.335 -0.0009339944337 2
0 0.745 -0.325 -0.0009397317931 2
0 0.745 -0.315 -0.0009224525067 2
0 0.745 -0.305 -0.0008921277797 2
0 0.745 -0.295 -0.0008591274594 2
0 0.745 -0.285 -0.0008306369738 2
0 0.745 -0.275 -0.0008099811088 2
0 0.745 -0.265 -0.0007967312422 2
0 0.745 -0.255 -0.0007876332044 2
0 0.745 -0.245 -0.0007765395032 2
0 0.745 -0.235 -0.0007605157343 2
0 0.745 -0.225 -0.0007327866776 2
0 0.745 -0.215 -0.000687855337 2
0 0.745 -0.205 -0.0006274192132 2
0 0.745 -0.195 -0.0005651220169 2
0 0.745 -0.185 -0.0005103498235 2
0 0.745 -0.175 -0.0004523844796 2
0 0.745 -0.165 -0.0003957131532 2
0 0.745 -0.155 -0.000354215724 2
0 0.745 -0.145 -0.0003250062215 2
0 0.745 -0.135 -0.0002953666617 2
0 0.745 -0.125 -0.0002621297292 2
0 0.745 -0.115 -0.0002337366189 2
0 0.745 -0.105 -0.0002122562481 2
0 0.745 -0.095 -0.0001965355366 2
0 0.745 -0.085 -0.0001829571934 2
0 0.745 -0.075 -0.000168694006 2
0 0.745 -0.065 -0.0001519279054 2
0 0.745 -0.055 -0.0001317950596 2
0 0.745 -0.045 -0.0001077132393 2
0 0.745 -0.035 -7.938456684e-05 2
0 0.745 -0.025 -4.695622293e-05 2
0 0.745 -0.015 -1.130096894e-05 2
0 0.745 -0.005 2.596306444e-05 2
0 0.745 0.005 6.280325266e-05 2
0 0.745 0.015 9.715542003e-05 2
0 0.745 0.025 0.0001274045548 2
0 0.745 0.035 0.000152417117 2
0 0.745 0.045 0.0001723422456 2
0 0.745 0.055 0.0001859112726 2
0 0.745 0.065 0.0001995314596 2
0 0.745 0.075 0.0002236336444 2
0 0.745 0.085 0.0002613867417 2
0 0.745 0.095 0.0003044378644 2
0 0.745 0.105 0.0003466255781 2
0 0.745 0.115 0.0003921023539 2
0 0.745 0.125 0.0004383238565 2
0 0.745 0.135 0.0004802019833 2
0 0.745 0.145 0.0005127531578 2
0 0.745 0.155 0.000539957931 2
0 0.745 0.165 0.000567642373 2
0 0.745 0.175 0.0005943408735 2
0 0.745 0.185 0.0006216960213 2
0 0.745 0.195 0.0006503626222 2
0 0.745 0.205 0.0006804804653 2
0 0.745 0.215 0.0007119062427 2
0 0.745 0.225 0.0007443466356 2
0 0.745 0.235 0.0007773669633 2
0 0.745 0.245 0.0008104264054 2
0 0.745 0.255 0.0008428663848 2
0 0.745 0.265 0.0008738941855 2
0 0.745 0.275 0.0009025542285 2
0 0.745 0.285 0.0009276903744 2
0 0.745 0.295 0.0009479006858 2
0 0.745 0.305 0.0009614797667 2
0 0.745 0.315 0.0009663627138 2
0 0.745 0.325 0.0009600293641 2
0 0.745 0.335 0.000939513543 2
0 0.745 0.345 0.0009011027555 2
0 0.745 0.355 0.0008411265545 2
0 0.745 0.365 0.0007536286213 2
0 0.745 0.375 0.0006384106011 2
0 0.745 0.385 0.0004773920247 2
0 0.745 0.395 0.0003120000874 2
0 0.745 0.405 0 2
0 0.745 0.415 0 2
0 0.745 0.425 0 2
0 0.745 0.435 0 2
0 0.745 0.445 0 2
0 0.745 0.455 0 2
0 0.745 0.465 0 2
0 0.755 -0.455 0 2
0 0.755 -0.445 0 2
0 0.755 -0.435 0 2
0 0.755 -0.425 0 2
0 0.755 -0.415 0 2
0 0.755 -0.405 0 2
0 0.755 -0.395 -0.0003011331874 2
0 0.755 -0.385 -0.0004568501156 2
0 0.755 -0.375 -0.0006063172579 2
0 0.755 -0.365 -0.0007114611936 2
0 0.755 -0.355 -0.0007904134621 2
0 0.755 -0.345 -0.0008429405422 2
0 0.755 -0.335 -0.0008682332212 2
0 0.755 -0.325 -0.0008609278886 2
0 0.755 -0.315 -0.000823487485 2
0 0.755 -0.305 -0.0007740861445 2
0 0.755 -0.295 -0.000733576512 2
0 0.755 -0.285 -0.0007065665757 2
0 0.755 -0.275 -0.0006892264813 2
0 0.755 -0.265 -0.0006759130415 2
0 0.755 -0.255 -0.000668195541 2
0 0.755 -0.245 -0.0006604815789 2
0 0.755 -0.235 -0.0006412767615 2
0 0.755 -0.225 -0.0005983654606 2
0 0.755 -0.215 -0.000539652905 2
0 0.755 -0.205 -0.0004892676893 1
0 0.755 -0.195 -0.000460035435 1
0 0.755 -0.185 -0.0004401567054 1
0 0.755 -0.175 -0.0004129592221 1
0 0.755 -0.165 -0.0003744378866 2
0 0.755 -0.155 -0.0003298806356 2
0 0.755 -0.145 -0.0002958407851 2
0 0.755 -0.135 -0.0002625466097 2
0 0.755 -0.125 -0.000224088651 2
0 0.755 -0.115 -0.0001950481903 2
0 0.755 -0.105 -0.0001777089568 2
0 0.755 -0.095 -0.0001686743395 2
0 0.755 -0.085 -0.000161839989 2
0 0.755 -0.075 -0.0001534398527 2
0 0.755 -0.065 -0.0001417591719 2
0 0.755 -0.055 -0.000126487204 2
0 0.755 -0.045 -0.0001071206851 2
0 0.755 -0.035 -8.312492418e-05 2
0 0.755 -0.025 -5.437749833e-05 2
0 0.755 -0.015 -2.182242215e-05 2
0 0.755 -0.005 1.241584962e-05 2
0 0.755 0.005 4.566300648e-05 2
0 0.755 0.015 7.523584633e-05 2
0 0.755 0.025 9.913957921e-05 2
0 0.755 0.035 0.0001167092384 2
0 0.755 0.045 0.0001290357185 2
0 0.755 0.055 0.0001388999845 2
0 0.755 0.065 0.0001474540446 2
0 0.755 0.075 0.000164398984 2
0 0.755 0.085 0.0001995416026 2
0 0.755 0.095 0.0002536668467 2
0 0.755 0.105 0.0003114143535 2
0 0.755 0.115 0.0003582157281 2
0 0.755 0.125 0.0003943566095 2
0 0.755 0.135 0.0004259528624 2
0 0.755 0.145 0.0004569018718 2
0 0.755 0.155 0.0004835501103 2
0 0.755 0.165 0.0005076749475 2
0 0.755 0.175 0.0005310183851 2
0 0.755 0.185 0.0005549453865 2
0 0.755 0.195 0.0005800483716 2
0 0.755 0.205 0.0006066350052 2
0 0.755 0.215 0.0006347557632 2
0 0.755 0.225 0.0006642523474 2
0 0.755 0.235 0.0006948158323 2
0 0.755 0.245 0.000726016007 2
0 0.755 0.255 0.0007573025473 2
0 0.755 0.265 0.0007879960271 2
0 0.755 0.275 0.0008172644496 2
0 0.755 0.285 0.0008440881117 2
0 0.755 0.295 0.0008672128163 2
0 0.755 0.305 0.0008850856414 2
0 0.755 0.315 0.0008957834441 2
0 0.755 0.325 0.0008968913468 2
0 0.755 0.335 0.0008854597095 2
0 0.755 0.345 0.0008576397859 2
0 0.755 0.355 0.0008093292415 2
0 0.755 0.365 0.000733750937 2
0 0.755 0.375 0.0006293528644 2
0 0.755 0.385 0.0004763600629 2
0 0.755 0.395 0.0003149270005 2
0 0.755 0.405 0 2
0 0.755 0.415 0 2
0 0.755 0.425 0 2
0 0.755 0.435 0 2
0 0.755 0.445 0 2
0 0.755 0.455 0 2
0 0.755 0.465 0 2
0 0.765 -0.455 0 2
0 0.765 -0.445 0 2
0 0.765 -0.435 0 2
0 0.765 -0.425 0 2
0 0.765 -0.415 0 2
0 0.765 -0.405 0 2
0 0.765 -0.395 -0.0002938665617 2
0 0.765 -0.385 -0.0004365822152 2
0 0.765 -0.375 -0.0005673460697 2
0 0.765 -0.365 -0.0006522187201 2
0 0.765 -0.355 -0.0007133074953 2
0 0.765 -0.345 -0.0007484780316 2
0 0.765 -0.335 -0.0007548759131 2
0 0.765 -0.325 -0.0007319566405 2
0 0.765 -0.315 -0.0006929628908 2
0 0.765 -0.305 -0.0006518294254 2
0 0.765 -0.295 -0.0006100694976 2
0 0.765 -0.285 -0.000573316209 2
0 0.765 -0.275 -0.0005482443104 2
0 0.765 -0.265 -0.0005389974715 2
0 0.765 -0.255 -0.0005406369217 2
0 0.765 -0.245 -0.0005336750577 2
0 0.765 -0.235 -0.0005046293065 2
0 0.765 -0.225 -0.0004564856245 2
0 0.765 -0.215 -0.0004164634432 1
0 0.765 -0.205 -0.0003928798297 1
0 0.765 -0.195 -0.0003778128479 1
0 0.765 -0.185 -0.0003645641519 1
0 0.765 -0.175 -0.0003516123238 1
0 0.765 -0.165 -0.0003355937776 1
0 0.765 -0.155 -0.0003127143373 2
0 0.765 -0.145 -0.0002741927948 2
0 0.765 -0.135 -0.0002236305292 2
0 0.765 -0.125 -0.0001742811033 2
0 0.765 -0.115 -0.0001447710935 2
0 0.765 -0.105 -0.0001393808175 2
0 0.765 -0.095 -0.0001433103711 2
0 0.765 -0.085 -0.0001423212818 2
0 0.765 -0.075 -0.0001382610082 2
0 0.765 -0.065 -0.0001304466223 2
0 0.765 -0.055 -0.000119532086 2
0 0.765 -0.045 -0.0001052351092 2
0 0.765 -0.035 -8.612563026e-05 2
0 0.765 -0.025 -6.112773182e-05 2
0 0.765 -0.015 -3.097392427e-05 2
0 0.765 -0.005 1.430093464e-06 2
0 0.765 0.005 3.245442616e-05 2
0 0.765 0.015 5.845092407e-05 2
0 0.765 0.025 7.672902021e-05 2
0 0.765 0.035 8.740289645e-05 2
0 0.765 0.045 9.333124564e-05 2
0 0.765 0.055 9.904574946e-05 2
0 0.765 0.065 0.000109363724 2
0 0.765 0.075 0.0001293911996 2
0 0.765 0.085 0.0001613885294 2
0 0.765 0.095 0.0002033424511 2
0 0.765 0.105 0.0002490892801 2
0 0.765 0.115 0.0002926893599 2
0 0.765 0.125 0.0003309550046 2
0 0.765 0.135 0.0003632007646 2
0 0.765 0.145 0.0003902902527 2
0 0.765 0.155 0.0004134407982 2
0 0.765 0.165 0.0004343857571 2
0 0.765 0.175 0.0004544108932 2
0 0.765 0.185 0.0004746773494 2
0 0.765 0.195 0.0004958918253 2
0 0.765 0.205 0.0005185200902 2
0 0.765 0.215 0.0005427362277 2
0 0.765 0.225 0.0005685142685 2
0 0.765 0.235 0.0005956714053 2
0 0.765 0.245 0.0006238982927 2
0 0.765 0.255 0.0006527708148 2
0 0.765 0.265 0.0006817479525 2
0 0.765 0.275 0.0007101555223 2
0 0.765 0.285 0.0007371567657 2
0 0.765 0.295 0.0007617091913 2
0 0.765 0.305 0.0007825012181 2
0 0.765 0.315 0.0007978747597 2
0 0.765 0.325 0.000805690997 2
0 0.765 0.335 0.0008032431878 2
0 0.765 0.345 0.0007868468082 2
0 0.765 0.355 0.0007522744196 2
0 0.765 0.365 0.0006922874153 2
0 0.765 0.375 0.00060377986 2
0 0.765 0.385 0.0004649250319 2
0 0.765 0.395 0.0003125578409 2
0 0.765 0.405 0 2
0 0.765 0.415 0 2
0 0.765 0.425 0 2
0 0.765 0.435 0 2
0 0.765 0.445 0 2
0 0.765 0.455 0 2
0 0.765 0.465 0 2
0 0.775 -0.455 0 2
0 0.775 -0.445 0 2
0 0.775 -0.435 0 2
0 0.775 -0.425 0 2
0 0.775 -0.415 0 2
0 0.775 -0.405 0 2
0 0.775 -0.395 -0.0002772409751 2
0 0.775 -0.385 -0.000399800067 2
0 0.775 -0.375 -0.0005040005518 2
0 0.775 -0.365 -0.0005618594166 2
0 0.775 -0.355 -0.0005975591005 2
0 0.775 -0.345 -0.0006102830008 2
0 0.775 -0.335 -0.0005960455516 2
0 0.775 -0.325 -0.0005653973884 1
0 0.775 -0.315 -0.0005391534437 1
0 0.775 -0.305 -0.0005202459826 1
0 0.775 -0.295 -0.0004953499968 2
0 0.775 -0.285 -0.0004561787065 2
0 0.775 -0.275 -0.0004174709872 2
0 0.775 -0.265 -0.0003998989305 2
0 0.775 -0.255 -0.0004017125834 2
0 0.775 -0.245 -0.0003986627331 2
0 0.775 -0.235 -0.0003738613889 2
0 0.775 -0.225 -0.0003504815864 1
0 0.775 -0.215 -0.0003316272707 1
0 0.775 -0.205 -0.0003166773811 1
0 0.775 -0.195 -0.0002991421718 1
0 0.775 -0.185 -0.0002805379209 1
0 0.775 -0.175 -0.0002659760628 1
0 0.775 -0.165 -0.0002558469567 1
0 0.775 -0.155 -0.000248467194 2
0 0.775 -0.145 -0.0002242708786 2
0 0.775 -0.135 -0.0001840012777 2
0 0.775 -0.125 -0.0001419144837 2
0 0.775 -0.115 -0.0001161242968 2
0 0.775 -0.105 -0.0001170521462 2
0 0.775 -0.095 -0.0001251571338 2
0 0.775 -0.085 -0.0001247986319 2
0 0.775 -0.075 -0.0001217910112 2
0 0.775 -0.065 -0.0001160225334 2
0 0.775 -0.055 -0.0001081492594 2
0 0.775 -0.045 -9.794223516e-05 2
0 0.775 -0.035 -8.31107196e-05 2
0 0.775 -0.025 -6.183321809e-05 2
0 0.775 -0.015 -3.473506975e-05 2
0 0.775 -0.005 -5.261457554e-06 2
0 0.775 0.005 2.27743839e-05 2
0 0.775 0.015 4.514569216e-05 2
0 0.775 0.025 5.817964624e-05 2
0 0.775 0.035 6.263133463e-05 2
0 0.775 0.045 6.321954146e-05 2
0 0.775 0.055 6.569725634e-05 2
0 0.775 0.065 7.395196731e-05 2
0 0.775 0.075 9.119378884e-05 2
0 0.775 0.085 0.0001182993778 2
0 0.775 0.095 0.0001534962842 2
0 0.775 0.105 0.0001920511195 2
0 0.775 0.115 0.0002290169436 2
0 0.775 0.125 0.0002615247757 2
0 0.775 0.135 0.000288912377 2
0 0.775 0.145 0.0003119050763 2
0 0.775 0.155 0.0003314601511 2
0 0.775 0.165 0.0003488013557 2
0 0.775 0.175 0.0003650326572 2
0 0.775 0.185 0.0003812192161 2
0 0.775 0.195 0.0003981340044 2
0 0.775 0.205 0.0004162817586 2
0 0.775 0.215 0.0004359208753 2
0 0.775 0.225 0.0004571239184 2
0 0.775 0.235 0.0004798138146 2
0 0.775 0.245 0.0005037956812 2
0 0.775 0.255 0.0005287739814 2
0 0.775 0.265 0.0005543566547 2
0 0.775 0.275 0.0005800464956 2
0 0.775 0.285 0.0006052198162 2
0 0.775 0.295 0.0006290917705 2
0 0.775 0.305 0.0006506621059 2
0 0.775 0.315 0.0006686444254 2
0 0.775 0.325 0.000681339368 2
0 0.775 0.335 0.0006865275443 2
0 0.775 0.345 0.0006810618112 2
0 0.775 0.355 0.0006610725057 2
0 0.775 0.365 0.0006196259135 2
0 0.775 0.375 0.0005522459521 2
0 0.775 0.385 0.0004352605924 2
0 0.775 0.395 0.000299619936 2
0 0.775 0.405 0 2
0 0.775 0.415 0 2
0 0.775 0.425 0 2
0 0.775 0.435 0 2
0 0.775 0.445 0 2
0 0.775 0.455 0 2
0 0.775 0.465 0 2
0 0.785 -0.455 0 2
0 0.785 -0.445 0 2
0 0.785 -0.435 0 2
0 0.785 -0.425 0 2
0 0.785 -0.415 0 2
0 0.785 -0.405 0 2
0 0.785 -0.395 -0.0002510581398 2
0 0.785 -0.385 -0.0003419592044 2
0 0.785 -0.375 -0.0004080851548 2
0 0.785 -0.365 -0.0004354304336 2
0 0.785 -0.355 -0.0004452849144 2
0 0.785 -0.345 -0.0004439953673 2
0 0.785 -0.335 -0.0004329405079 1
0 0.785 -0.325 -0.0004060075211 1
0 0.785 -0.315 -0.000377668509 1
0 0.785 -0.305 -0.000357740972 1
0 0.785 -0.295 -0.0003430945129 1
0 0.785 -0.285 -0.0003293332711 1
0 0.785 -0.275 -0.0003060466448 2
0 0.785 -0.265 -0.0002797752444 2
0 0.785 -0.255 -0.0002683592553 2
0 0.785 -0.245 -0.0002652224293 2
0 0.785 -0.235 -0.0002634118242 1
0 0.785 -0.225 -0.0002523155962 1
0 0.785 -0.215 -0.0002398721834 1
0 0.785 -0.205 -0.000223658183 1
0 0.785 -0.195 -0.0002064357423 1
0 0.785 -0.185 -0.0001908713219 1
0 0.785 -0.175 -0.0001712457095 1
0 0.785 -0.165 -0.0001531327853 1
0 0.785 -0.155 -0.0001455651115 1
0 0.785 -0.145 -0.0001466727771 1
0 0.785 -0.135 -0.0001444617912 1
0 0.785 -0.125 -0.0001296696083 1
0 0.785 -0.115 -0.0001135252062 2
0 0.785 -0.105 -0.0001029110004 2
0 0.785 -0.095 -0.0001034466848 2
0 0.785 -0.085 -0.0001038942228 2
0 0.785 -0.075 -9.825337148e-05 2
0 0.785 -0.065 -9.178459649e-05 2
0 0.785 -0.055 -8.522407158e-05 2
0 0.785 -0.045 -8.419417069e-05 2
0 0.785 -0.035 -8.140916545e-05 2
0 0.785 -0.025 -6.533517824e-05 2
0 0.785 -0.015 -3.685832446e-05 2
0 0.785 -0.005 -7.812270294e-06 2
0 0.785 0.005 1.975245096e-05 2
0 0.785 0.015 4.368839065e-05 2
0 0.785 0.025 5.199460608e-05 2
0 0.785 0.035 4.469513175e-05 2
0 0.785 0.045 3.595668417e-05 2
0 0.785 0.055 3.630473423e-05 2
0 0.785 0.065 4.273378893e-05 2
0 0.785 0.075 5.639108568e-05 2
0 0.785 0.085 7.688992613e-05 2
0 0.785 0.095 0.000102795597 2
0 0.785 0.105 0.000131216711 2
0 0.785 0.115 0.0001590487335 2
0 0.785 0.125 0.0001840751804 2
0 0.785 0.135 0.0002053431734 2
0 0.785 0.145 0.0002229490523 2
0 0.785 0.155 0.0002375642988 2
0 0.785 0.165 0.0002501798155 2
0 0.785 0.175 0.0002617810542 2
0 0.785 0.185 0.000273239577 2
0 0.785 0.195 0.0002852193947 2
0 0.785 0.205 0.0002981819465 2
0 0.785 0.215 0.0003123955141 2
0 0.785 0.225 0.0003279736951 2
0 0.785 0.235 0.0003449075631 2
0 0.785 0.245 0.0003630948147 2
0 0.785 0.255 0.0003823575369 2
0 0.785 0.265 0.0004024500734 2
0 0.785 0.275 0.0004230567911 2
0 0.785 0.285 0.000443779751 2
0 0.785 0.295 0.0004641160644 2
0 0.785 0.305 0.0004834201498 2
0 0.785 0.315 0.0005008528067 2
0 0.785 0.325 0.0005152856835 2
0 0.785 0.335 0.0005252129092 2
0 0.785 0.345 0.0005284242885 2
0 0.785 0.355 0.0005220642317 2
0 0.785 0.365 0.0005007804364 2
0 0.785 0.375 0.000460022724 2
0 0.785 0.385 0.0003790161845 2
0 0.785 0.395 0.0002740873385 2
0 0.785 0.405 0 2
0 0.785 0.415 0 2
0 0.785 0.425 0 2
0 0.785 0.435 0 2
0 0.785 0.445 0 2
0 0.785 0.455 0 2
0 0.785 0.465 0 2
0 0.795 -0.455 0 2
0 0.795 -0.445 0 2
0 0.795 -0.435 0 2
0 0.795 -0.425 0 2
0 0.795 -0.415 0 2
0 0.795 -0.405 0 2
0 0.795 -0.395 -0.000196813429 2
0 0.795 -0.385 -0.00024785493 2
0 0.795 -0.375 -0.0002754488867 2
0 0.795 -0.365 -0.0002799716457 2
0 0.795 -0.355 -0.0002773946684 2
0 0.795 -0.345 -0.0002747235782 2
0 0.795 -0.335 -0.0002699150724 1
0 0.795 -0.325 -0.0002463853665 1
0 0.795 -0.315 -0.0002191233231 1
0 0.795 -0.305 -0.000200043591 1
0 0.795 -0.295 -0.000188101261 1
0 0.795 -0.285 -0.0001824659024 1
0 0.795 -0.275 -0.0001756083686 1
0 0.795 -0.265 -0.0001654912479 2
0 0.795 -0.255 -0.0001559925777 2
0 0.795 -0.245 -0.0001571382422 2
0 0.795 -0.235 -0.00015960536 1
0 0.795 -0.225 -0.0001492686619 1
0 0.795 -0.215 -0.0001410422536 1
0 0.795 -0.205 -0.0001292360399 1
0 0.795 -0.195 -0.0001170077169 1
0 0.795 -0.185 -0.0001032986302 1
0 0.795 -0.175 -8.659481356e-05 1
0 0.795 -0.165 -7.395727847e-05 1
0 0.795 -0.155 -7.377560087e-05 1
0 0.795 -0.145 -8.422242083e-05 1
0 0.795 -0.135 -9.362463336e-05 1
0 0.795 -0.125 -9.152868631e-05 1
0 0.795 -0.115 -8.664909202e-05 2
0 0.795 -0.105 -7.718221307e-05 2
0 0.795 -0.095 -7.57275129e-05 2
0 0.795 -0.085 -7.447447503e-05 2
0 0.795 -0.075 -6.668759603e-05 2
0 0.795 -0.065 -6.348711498e-05 2
0 0.795 -0.055 -6.101180166e-05 2
0 0.795 -0.045 -5.596683587e-05 2
0 0.795 -0.035 -4.707791683e-05 2
0 0.795 -0.025 -3.295399592e-05 2
0 0.795 -0.015 -1.800080757e-05 2
0 0.795 -0.005 -5.597720586e-06 2
0 0.795 0.005 9.013048752e-06 2
0 0.795 0.015 2.491441733e-05 2
0 0.795 0.025 2.962300738e-05 2
0 0.795 0.035 1.993535468e-05 2
0 0.795 0.045 1.169882392e-05 2
0 0.795 0.055 1.280246209e-05 2
0 0.795 0.065 1.749597238e-05 2
0 0.795 0.075 2.652214198e-05 2
0 0.795 0.085 3.961049949e-05 2
0 0.795 0.095 5.591503895e-05 2
0 0.795 0.105 7.374398782e-05 2
0 0.795 0.115 9.123198314e-05 2
0 0.795 0.125 0.0001069584672 2
0 0.795 0.135 0.0001202404842 2
0 0.795 0.145 0.0001310741459 2
0 0.795 0.155 0.0001398807093 2
0 0.795 0.165 0.0001472995757 2
0 0.795 0.175 0.0001539917317 2
0 0.795 0.185 0.0001605503923 2
0 0.795 0.195 0.0001674411958 2
0 0.795 0.205 0.0001749945881 2
0 0.795 0.215 0.0001834126895 2
0 0.795 0.225 0.0001927937858 2
0 0.795 0.235 0.0002031562348 2
0 0.795 0.245 0.0002144594238 2
0 0.795 0.255 0.0002266179358 2
0 0.795 0.265 0.0002395093126 2
0 0.795 0.275 0.0002529753655 2
0 0.795 0.285 0.0002668172839 2
0 0.795 0.295 0.0002807847611 2
0 0.795 0.305 0.0002945564385 2
0 0.795 0.315 0.0003077134999 2
0 0.795 0.325 0.0003196866532 2
0 0.795 0.335 0.000329709416 2
0 0.795 0.345 0.0003366235 2
0 0.795 0.355 0.0003388979995 2
0 0.795 0.365 0.0003335140525 2
0 0.795 0.375 0.0003173745218 2
0 0.795 0.385 0.0002776260735 2
0 0.795 0.395 0.0002155191446 2
0 0.795 0.405 0 2
0 0.795 0.415 0 2
0 0.795 0.425 0 2
0 0.795 0.435 0 2
0 0.795 0.445 0 2
0 0.795 0.455 0 2
0 0.795 0.465 0 2
0 0.805 -0.455 0 2
0 0.805 -0.445 0 2
0 0.805 -0.435 0 2
0 0.805 -0.425 0 2
0 0.805 -0.415 0 2
0 0.805 -0.405 0 2
0 0.805 -0.395 0 2
0 0.805 -0.385 0 2
0 0.805 -0.375 0 2
0 0.805 -0.365 0 2
0 0.805 -0.355 0 2
0 0.805 -0.345 0 2
0 0.805 -0.335 0 1
0 0.805 -0.325 0 1
0 0.805 -0.315 0 1
0 0.805 -0.305 0 1
0 0.805 -0.295 0 1
0 0.805 -0.285 0 1
0 0.805 -0.275 0 1
0 0.805 -0.265 0 1
0 0.805 -0.255 0 2
0 0.805 -0.245 0 1
0 0.805 -0.235 0 1
0 0.805 -0.225 0 1
0 0.805 -0.215 0 1
0 0.805 -0.205 0 1
0 0.805 -0.195 0 1
0 0.805 -0.185 0 1
0 0.805 -0.175 0 1
0 0.805 -0.165 0 1
0 0.805 -0.155 0 1
0 0.805 -0.145 0 1
0 0.805 -0.135 0 1
0 0.805 -0.125 0 1
0 0.805 -0.115 0 1
0 0.805 -0.105 0 2
0 0.805 -0.095 0 2
0 0.805 -0.085 0 2
0 0.805 -0.075 0 2
0 0.805 -0.065 0 2
0 0.805 -0.055 0 2
0 0.805 -0.045 0 2
0 0.805 -0.035 0 2
0 0.805 -0.025 0 1
0 0.805 -0.015 0 1
0 0.805 -0.005 0 1
0 0.805 0.005 0 1
0 0.805 0.015 0 1
0 0.805 0.025 0 2
0 0.805 0.035 0 2
0 0.805 0.045 0 2
0 0.805 0.055 0 2
0 0.805 0.065 0 2
0 0.805 0.075 0 2
0 0.805 0.085 0 2
0 0.805 0.095 0 2
0 0.805 0.105 0 2
0 0.805 0.115 0 2
0 0.805 0.125 0 2
0 0.805 0.135 0 2
0 0.805 0.145 0 2
0 0.805 0.155 0 2
0 0.805 0.165 0 2
0 0.805 0.175 0 2
0 0.805 0.185 0 2
0 0.805 0.195 0 2
0 0.805 0.205 0 2
0 0.805 0.215 0 2
0 0.805 0.225 0 2
0 0.805 0.235 0 2
0 0.805 0.245 0 2
0 0.805 0.255 0 2
0 0.805 0.265 0 2
0 0.805 0.275 0 2
0 0.805 0.285 0 2
0 0.805 0.295 0 2
0 0.805 0.305 0 2
0 0.805 0.315 0 2
0 0.805 0.325 0 2
0 0.805 0.335 0 2
0 0.805 0.345 0 2
0 0.805 0.355 0 2
0 0.805 0.365 0 2
0 0.805 0.375 0 2
0 0.805 0.385 0 2
0 0.805 0.395 0 2
0 0.805 0.405 0 2
0 0.805 0.415 0 2
0 0.805 0.425 0 2
0 0.805 0.435 0 2
0 0.805 0.445 0 2
0 0.805 0.455 0 2
0 0.805 0.465 0 2
0 0.815 -0.455 0 2
0 0.815 -0.445 0 2
0 0.815 -0.435 0 2
0 0.815 -0.425 0 2
0 0.815 -0.415 0 2
0 0.815 -0.405 0 2
0 0.815 -0.395 0 2
0 0.815 -0.385 0 2
0 0.815 -0.375 0 2
0 0.815 -0.365 0 2
0 0.815 -0.355 0 2
0 0.815 -0.345 0 2
0 0.815 -0.335 0 1
0 0.815 -0.325 0 1
0 0.815 -0.315 0 1
0 0.815 -0.305 0 1
0 0.815 -0.295 0 1
0 0.815 -0.285 0 1
0 0.815 -0.275 0 1
0 0.815 -0.265 0 1
0 0.815 -0.255 0 2
0 0.815 -0.245 0 1
0 0.815 -0.235 0 1
0 0.815 -0.225 0 1
0 0.815 -0.215 0 1
0 0.815 -0.205 0 1
0 0.815 -0.195 0 1
0 0.815 -0.185 0 1
0 0.815 -0.175 0 1
0 0.815 -0.165 0 1
0 0.815 -0.155 0 1
0 0.815 -0.145 0 1
0 0.815 -0.135 0 1
0 0.815 -0.125 0 1
0 0.815 -0.115 0 1
0 0.815 -0.105 0 2
0 0.815 -0.095 0 2
0 0.815 -0.085 0 2
0 0.815 -0.075 0 2
0 0.815 -0.065 0 2
0 0.815 -0.055 0 2
0 0.815 -0.045 0 1
0 0.815 -0.035 0 1
0 0.815 -0.025 0 1
0 0.815 -0.015 0 1
0 0.815 -0.005 0 1
0 0.815 0.005 0 1
0 0.815 0.015 0 1
0 0.815 0.025 0 2
0 0.815 0.035 0 2
0 0.815 0.045 0 2
0 0.815 0.055 0 2
0 0.815 0.065 0 2
0 0.815 0.075 0 2
0 0.815 0.085 0 2
0 0.815 0.095 0 2
0 0.815 0.105 0 2
0 0.815 0.115 0 2
0 0.815 0.125 0 2
0 0.815 0.135 0 2
0 0.815 0.145 0 2
0 0.815 0.155 0 2
0 0.815 0.165 0 2
0 0.815 0.175 0 2
0 0.815 0.185 0 2
0 0.815 0.195 0 2
0 0.815 0.205 0 2
0 0.815 0.215 0 2
0 0.815 0.225 0 2
0 0.815 0.235 0 2
0 0.815 0.245 0 2
0 0.815 0.255 0 2
0 0.815 0.265 0 2
0 0.815 0.275 0 2
0 0.815 0.285 0 2
0 0.815 0.295 0 2
0 0.815 0.305 0 2
0 0.815 0.315 0 2
0 0.815 0.325 0 2
0 0.815 0.335 0 2
0 0.815 0.345 0 2
0 0.815 0.355 0 2
0 0.815 0.365 0 2
0 0.815 0.375 0 2
0 0.815 0.385 0 2
0 0.815 0.395 0 2
0 0.815 0.405 0 2
0 0.815 0.415 0 2
0 0.815 0.425 0 2
0 0.815 0.435 0 2
0 0.815 0.445 0 2
0 0.815 0.455 0 2
0 0.815 0.465 0 2
0 0.825 -0.455 0 2
0 0.825 -0.445 0 2
0 0.825 -0.435 0 2
0 0.825 -0.425 0 2
0 0.825 -0.415 0 2
0 0.825 -0.405 0 2
0 0.825 -0.395 0 2
0 0.825 -0.385 0 2
0 0.825 -0.375 0 2
0 0.825 -0.365 0 2
0 0.825 -0.355 0 2
0 0.825 -0.345 0 2
0 0.825 -0.335 0 1
0 0.825 -0.325 0 1
0 0.825 -0.315 0 1
0 0.825 -0.305 0 1
0 0.825 -0.295 0 1
0 0.825 -0.285 0 1
0 0.825 -0.275 0 1
0 0.825 -0.265 0 1
0 0.825 -0.255 0 1
0 0.825 -0.245 0 1
0 0.825 -0.235 0 1
0 0.825 -0.225 0 1
0 0.825 -0.215 0 1
0 0.825 -0.205 0 1
0 0.825 -0.195 0 1
0 0.825 -0.185 0 1
0 0.825 -0.175 0 1
0 0.825 -0.165 0 1
0 0.825 -0.155 0 1
0 0.825 -0.145 0 1
0 0.825 -0.135 0 1
0 0.825 -0.125 0 1
0 0.825 -0.115 0 1
0 0.825 -0.105 0 2
0 0.825 -0.095 0 2
0 0.825 -0.085 0 2
0 0.825 -0.075 0 2
0 0.825 -0.065 0 2
0 0.825 -0.055 0 1
0 0.825 -0.045 0 1
0 0.825 -0.035 0 1
0 0.825 -0.025 0 1
0 0.825 -0.015 0 1
0 0.825 -0.005 0 1
0 0.825 0.005 0 1
0 0.825 0.015 0 1
0 0.825 0.025 0 1
0 0.825 0.035 0 2
0 0.825 0.045 0 2
0 0.825 0.055 0 2
0 0.825 0.065 0 2
0 0.825 0.075 0 2
0 0.825 0.085 0 2
0 0.825 0.095 0 2
0 0.825 0.105 0 2
0 0.825 0.115 0 2
0 0.825 0.125 0 2
0 0.825 0.135 0 2
0 0.825 0.145 0 2
0 0.825 0.155 0 2
0 0.825 0.165 0 2
0 0.825 0.175 0 2
0 0.825 0.185 0 2
0 0.825 0.195 0 2
0 0.825 0.205 0 2
0 0.825 0.215 0 2
0 0.825 0.225 0 2
0 0.825 0.235 0 2
0 0.825 0.245 0 2
0 0.825 0.255 0 2
0 0.825 0.265 0 2
0 0.825 0.275 0 2
0 0.825 0.285 0 2
0 0.825 0.295 0 2
0 0.825 0.305 0 2
0 0.825 0.315 0 2
0 0.825 0.325 0 2
0 0.825 0.335 0 2
0 0.825 0.345 0 2
0 0.825 0.355 0 2
0 0.825 0.365 0 2
0 0.825 0.375 0 2
0 0.825 0.385 0 2
0 0.825 0.395 0 2
0 0.825 0.405 0 2
0 0.825 0.415 0 2
0 0.825 0.425 0 2
0 0.825 0.435 0 2
0 0.825 0.445 0 2
0 0.825 0.455 0 2
0 0.825 0.465 0 2
0 0.835 -0.455 0 2
0 0.835 -0.445 0 2
0 0.835 -0.435 0 2
0 0.835 -0.425 0 2
0 0.835 -0.415 0 2
0 0.835 -0.405 0 2
0 0.835 -0.395 0 2
0 0.835 -0.385 0 2
0 0.835 -0.375 0 2
0 0.835 -0.365 0 2
0 0.835 -0.355 0 2
0 0.835 -0.345 0 2
0 0.835 -0.335 0 2
0 0.835 -0.325 0 1
0 0.835 -0.315 0 1
0 0.835 -0.305 0 1
0 0.835 -0.295 0 1
0 0.835 -0.285 0 1
0 0.835 -0.275 0 1
0 0.835 -0.265 0 1
0 0.835 -0.255 0 1
0 0.835 -0.245 0 1
0 0.835 -0.235 0 1
0 0.835 -0.225 0 1
0 0.835 -0.215 0 1
0 0.835 -0.205 0 1
0 0.835 -0.195 0 1
0 0.835 -0.185 0 1
0 0.835 -0.175 0 1
0 0.835 -0.165 0 1
0 0.835 -0.155 0 1
0 0.835 -0.145 0 1
0 0.835 -0.135 0 1
0 0.835 -0.125 0 1
0 0.835 -0.115 0 2
0 0.835 -0.105 0 2
0 0.835 -0.095 0 2
0 0.835 -0.085 0 2
0 0.835 -0.075 0 2
0 0.835 -0.065 0 2
0 0.835 -0.055 0 1
0 0.835 -0.045 0 1
0 0.835 -0.035 0 1
0 0.835 -0.025 0 1
0 0.835 -0.015 0 1
0 0.835 -0.005 0 1
0 0.835 0.005 0 1
0 0.835 0.015 0 1
0 0.835 0.025 0 2
0 0.835 0.035 0 2
0 0.835 0.045 0 2
0 0.835 0.055 0 2
0 0.835 0.065 0 2
0 0.835 0.075 0 2
0 0.835 0.085 0 2
0 0.835 0.095 0 2
0 0.835 0.105 0 2
0 0.835 0.115 0 2
0 0.835 0.125 0 2
0 0.835 0.135 0 2
0 0.835 0.145 0 2
0 0.835 0.155 0 2
0 0.835 0.165 0 2
0 0.835 0.175 0 2
0 0.835 0.185 0 2
0 0.835 0.195 0 2
0 0.835 0.205 0 2
0 0.835 0.215 0 2
0 0.835 0.225 0 2
0 0.835 0.235 0 2
0 0.835 0.245 0 2
0 0.835 0.255 0 2
0 0.835 0.265 0 2
0 0.835 0.275 0 2
0 0.835 0.285 0 2
0 0.835 0.295 0 2
0 0.835 0.305 0 2
0 0.835 0.315 0 2
0 0.835 0.325 0 2
0 0.835 0.335 0 2
0 0.835 0.345 0 2
0 0.835 0.355 0 2
0 0.835 0.365 0 2
0 0.835 0.375 0 2
0 0.835 0.385 0 2
0 0.835 0.395 0 2
0 0.835 0.405 0 2
0 0.835 0.415 0 2
0 0.835 0.425 0 2
0 0.835 0.435 0 2
0 0.835 0.445 0 2
0 0.835 0.455 0 2
0 0.835 0.465 0 2
0 0.845 -0.455 0 2
0 0.845 -0.445 0 2
0 0.845 -0.435 0 2
0 0.845 -0.425 0 2
0 0.845 -0.415 0 2
0 0.845 -0.405 0 2
0 0.845 -0.395 0 2
0 0.845 -0.385 0 2
0 0.845 -0.375 0 2
0 0.845 -0.365 0 2
0 0.845 -0.355 0 2
0 0.845 -0.345 0 2
0 0.845 -0.335 0 2
0 0.845 -0.325 0 1
0 0.845 -0.315 0 1
0 0.845 -0.305 0 1
0 0.845 -0.295 0 1
0 0.845 -0.285 0 1
0 0.845 -0.275 0 1
0 0.845 -0.265 0 1
0 0.845 -0.255 0 1
0 0.845 -0.245 0 1
0 0.845 -0.235 0 1
0 0.845 -0.225 0 1
0 0.845 -0.215 0 1
0 0.845 -0.205 0 1
0 0.845 -0.195 0 1
0 0.845 -0.185 0 1
0 0.845 -0.175 0 1
0 0.845 -0.165 0 1
0 0.845 -0.155 0 1
0 0.845 -0.145 0 1
0 0.845 -0.135 0 1
0 0.845 -0.125 0 1
0 0.845 -0.115 0 2
0 0.845 -0.105 0 2
0 0.845 -0.095 0 2
0 0.845 -0.085 0 2
0 0.845 -0.075 0 2
0 0.845 -0.065 0 1
0 0.845 -0.055 0 1
0 0.845 -0.045 0 1
0 0.845 -0.035 0 1
0 0.845 -0.025 0 1
0 0.845 -0.015 0 1
0 0.845 -0.005 0 1
0 0.845 0.005 0 1
0 0.845 0.015 0 1
0 0.845 0.025 0 2
0 0.845 0.035 0 2
0 0.845 0.045 0 2
0 0.845 0.055 0 2
0 0.845 0.065 0 2
0 0.845 0.075 0 2
0 0.845 0.085 0 2
0 0.845 0.095 0 2
0 0.845 0.105 0 2
0 0.845 0.115 0 2
0 0.845 0.125 0 2
0 0.845 0.135 0 2
0 0.845 0.145 0 2
0 0.845 0.155 0 2
0 0.845 0.165 0 2
0 0.845 0.175 0 2
0 0.845 0.185 0 2
0 0.845 0.195 0 2
0 0.845 0.205 0 2
0 0.845 0.215 0 2
0 0.845 0.225 0 2
0 0.845 0.235 0 2
0 0.845 0.245 0 2
0 0.845 0.255 0 2
0 0.845 0.265 0 2
0 0.845 0.275 0 2
0 0.845 0.285 0 2
0 0.845 0.295 0 2
0 0.845 0.305 0 2
0 0.845 0.315 0 2
0 0.845 0.325 0 2
0 0.845 0.335 0 2
0 0.845 0.345 0 2
0 0.845 0.355 0 2
0 0.845 0.365 0 2
0 0.845 0.375 0 2
0 0.845 0.385 0 2
0 0.845 0.395 0 2
0 0.845 0.405 0 2
0 0.845 0.415 0 2
0 0.845 0.425 0 2
0 0.845 0.435 0 2
0 0.845 0.445 0 2
0 0.845 0.455 0 2
0 0.845 0.465 0 2
0 0.855 -0.455 0 2
0 0.855 -0.445 0 2
0 0.855 -0.435 0 2
0 0.855 -0.425 0 2
0 0.855 -0.415 0 2
0 0.855 -0.405 0 2
0 0.855 -0.395 0 2
0 0.855 -0.385 0 2
0 0.855 -0.375 0 2
0 0.855 -0.365 0 2
0 0.855 -0.355 0 2
0 0.855 -0.345 0 2
0 0.855 -0.335 0 2
0 0.855 -0.325 0 2
0 0.855 -0.315 0 1
0 0.855 -0.305 0 1
0 0.855 -0.295 0 1
0 0.855 -0.285 0 1
0 0.855 -0.275 0 1
0 0.855 -0.265 0 1
0 0.855 -0.255 0 1
0 0.855 -0.245 0 2
0 0.855 -0.235 0 1
0 0.855 -0.225 0 1
0 0.855 -0.215 0 1
0 0.855 -0.205 0 1
0 0.855 -0.195 0 1
0 0.855 -0.185 0 1
0 0.855 -0.175 0 1
0 0.855 -0.165 0 1
0 0.855 -0.155 0 1
0 0.855 -0.145 0 1
0 0.855 -0.135 0 1
0 0.855 -0.125 0 1
0 0.855 -0.115 0 2
0 0.855 -0.105 0 2
0 0.855 -0.095 0 2
0 0.855 -0.085 0 2
0 0.855 -0.075 0 2
0 0.855 -0.065 0 1
0 0.855 -0.055 0 1
0 0.855 -0.045 0 1
0 0.855 -0.035 0 1
0 0.855 -0.025 0 1
0 0.855 -0.015 0 1
0 0.855 -0.005 0 1
0 0.855 0.005 0 1
0 0.855 0.015 0 1
0 0.855 0.025 0 2
0 0.855 0.035 0 2
0 0.855 0.045 0 2
0 0.855 0.055 0 2
0 0.855 0.065 0 2
0 0.855 0.075 0 2
0 0.855 0.085 0 2
0 0.855 0.095 0 2
0 0.855 0.105 0 2
0 0.855 0.115 0 2
0 0.855 0.125 0 2
0 0.855 0.135 0 2
0 0.855 0.145 0 2
0 0.855 0.155 0 2
0 0.855 0.165 0 2
0 0.855 0.175 0 2
0 0.855 0.185 0 2
0 0.855 0.195 0 2
0 0.855 0.205 0 2
0 0.855 0.215 0 2
0 0.855 0.225 0 2
0 0.855 0.235 0 2
0 0.855 0.245 0 2
0 0.855 0.255 0 2
0 0.855 0.265 0 2
0 0.855 0.275 0 2
0 0.855 0.285 0 2
0 0.855 0.295 0 2
0 0.855 0.305 0 2
0 0.855 0.315 0 2
0 0.855 0.325 0 2
0 0.855 0.335 0 2
0 0.855 0.345 0 2
0 0.855 0.355 0 2
0 0.855 0.365 0 2
0 0.855 0.375 0 2
0 0.855 0.385 0 2
0 0.855 0.395 0 2
0 0.855 0.405 0 2
0 0.855 0.415 0 2
0 0.855 0.425 0 2
0 0.855 0.435 0 2
0 0.855 0.445 0 2
0 0.855 0.455 0 2
0 0.855 0.465 0 2
0 0.865 -0.455 0 2
0 0.865 -0.445 0 2
0 0.865 -0.435 0 2
0 0.865 -0.425 0 2
0 0.865 -0.415 0 2
0 0.865 -0.405 0 2
0 0.865 -0.395 0 2
0 0.865 -0.385 0 2
0 0.865 -0.375 0 2
0 0.865 -0.365 0 2
0 0.865 -0.355 0 2
0 0.865 -0.345 0 2
0 0.865 -0.335 0 2
0 0.865 -0.325 0 2
0 0.865 -0.315 0 2
0 0.865 -0.305 0 1
0 0.865 -0.295 0 1
0 0.865 -0.285 0 1
0 0.865 -0.275 0 1
0 0.865 -0.265 0 1
0 0.865 -0.255 0 1
0 0.865 -0.245 0 2
0 0.865 -0.235 0 2
0 0.865 -0.225 0 2
0 0.865 -0.215 0 2
0 0.865 -0.205 0 2
0 0.865 -0.195 0 1
0 0.865 -0.185 0 1
0 0.865 -0.175 0 1
0 0.865 -0.165 0 1
0 0.865 -0.155 0 1
0 0.865 -0.145 0 1
0 0.865 -0.135 0 1
0 0.865 -0.125 0 2
0 0.865 -0.115 0 2
0 0.865 -0.105 0 2
0 0.865 -0.095 0 2
0 0.865 -0.085 0 2
0 0.865 -0.075 0 1
0 0.865 -0.065 0 1
0 0.865 -0.055 0 1
0 0.865 -0.045 0 1
0 0.865 -0.035 0 1
0 0.865 -0.025 0 1
0 0.865 -0.015 0 1
0 0.865 -0.005 0 1
0 0.865 0.005 0 1
0 0.865 0.015 0 1
0 0.865 0.025 0 2
0 0.865 0.035 0 2
0 0.865 0.045 0 2
0 0.865 0.055 0 2
0 0.865 0.065 0 2
0 0.865 0.075 0 2
0 0.865 0.085 0 2
0 0.865 0.095 0 2
0 0.865 0.105 0 2
0 0.865 0.115 0 2
0 0.865 0.125 0 2
0 0.865 0.135 0 2
0 0.865 0.145 0 2
0 0.865 0.155 0 2
0 0.865 0.165 0 2
0 0.865 0.175 0 2
0 0.865 0.185 0 2
0 0.865 0.195 0 2
0 0.865 0.205 0 2
0 0.865 0.215 0 2
0 0.865 0.225 0 2
0 0.865 0.235 0 2
0 0.865 0.245 0 2
0 0.865 0.255 0 2
0 0.865 0.265 0 2
0 0.865 0.275 0 2
0 0.865 0.285 0 2
0 0.865 0.295 0 2
0 0.865 0.305 0 2
0 0.865 0.315 0 2
0 0.865 0.325 0 2
0 0.865 0.335 0 2
0 0.865 0.345 0 2
0 0.865 0.355 0 2
0 0.865 0.365 0 2
0 0.865 0.375 0 2
0 0.865 0.385 0 2
0 0.865 0.395 0 2
0 0.865 0.405 0 2
0 0.865 0.415 0 2
0 0.865 0.425 0 2
0 0.865 0.435 0 2
0 0.865 0.445 0 2
0 0.865 0.455 0 2
0 0.865 0.465 0 2
