t x y content type
0 -0.055 -0.455 0 2
0 -0.055 -0.445 0 2
0 -0.055 -0.435 0 2
0 -0.055 -0.425 0 2
0 -0.055 -0.415 0 2
0 -0.055 -0.405 0 2
0 -0.055 -0.395 0 2
0 -0.055 -0.385 0 2
0 -0.055 -0.375 0 2
0 -0.055 -0.365 0 2
0 -0.055 -0.355 0 2
0 -0.055 -0.345 0 2
0 -0.055 -0.335 0 1
0 -0.055 -0.325 0 1
0 -0.055 -0.315 0 1
0 -0.055 -0.305 0 1
0 -0.055 -0.295 0 1
0 -0.055 -0.285 0 1
0 -0.055 -0.275 0 1
0 -0.055 -0.265 0 2
0 -0.055 -0.255 0 2
0 -0.055 -0.245 0 2
0 -0.055 -0.235 0 2
0 -0.055 -0.225 0 2
0 -0.055 -0.215 0 2
0 -0.055 -0.205 0 2
0 -0.055 -0.195 0 2
0 -0.055 -0.185 0 2
0 -0.055 -0.175 0 2
0 -0.055 -0.165 0 2
0 -0.055 -0.155 0 2
0 -0.055 -0.145 0 2
0 -0.055 -0.135 0 2
0 -0.055 -0.125 0 2
0 -0.055 -0.115 0 2
0 -0.055 -0.105 0 2
0 -0.055 -0.095 0 2
0 -0.055 -0.085 0 2
0 -0.055 -0.075 0 2
0 -0.055 -0.065 0 2
0 -0.055 -0.055 0 1
0 -0.055 -0.045 0 1
0 -0.055 -0.035 0 1
0 -0.055 -0.025 0 1
0 -0.055 -0.015 0 1
0 -0.055 -0.005 0 1
0 -0.055 0.005 0 1
0 -0.055 0.015 0 1
0 -0.055 0.025 0 1
0 -0.055 0.035 0 1
0 -0.055 0.045 0 1
0 -0.055 0.055 0 1
0 -0.055 0.065 0 1
0 -0.055 0.075 0 2
0 -0.055 0.085 0 2
0 -0.055 0.095 0 2
0 -0.055 0.105 0 2
0 -0.055 0.115 0 2
0 -0.055 0.125 0 2
0 -0.055 0.135 0 2
0 -0.055 0.145 0 1
0 -0.055 0.155 0 1
0 -0.055 0.165 0 1
0 -0.055 0.175 0 1
0 -0.055 0.185 0 1
0 -0.055 0.195 0 1
0 -0.055 0.205 0 1
0 -0.055 0.215 0 1
0 -0.055 0.225 0 1
0 -0.055 0.235 0 1
0 -0.055 0.245 0 2
0 -0.055 0.255 0 2
0 -0.055 0.265 0 2
0 -0.055 0.275 0 2
0 -0.055 0.285 0 1
0 -0.055 0.295 0 1
0 -0.055 0.305 0 1
0 -0.055 0.315 0 1
0 -0.055 0.325 0 1
0 -0.055 0.335 0 1
0 -0.055 0.345 0 1
0 -0.055 0.355 0 1
0 -0.055 0.365 0 1
0 -0.055 0.375 0 2
0 -0.055 0.385 0 2
0 -0.055 0.395 0 2
0 -0.055 0.405 0 2
0 -0.055 0.415 0 2
0 -0.055 0.425 0 2
0 -0.055 0.435 0 2
0 -0.055 0.445 0 2
0 -0.055 0.455 0 2
0 -0.055 0.465 0 1
0 -0.045 -0.455 0 2
0 -0.045 -0.445 0 2
0 -0.045 -0.435 0 2
0 -0.045 -0.425 0 2
0 -0.045 -0.415 0 2
0 -0.045 -0.405 0 2
0 -0.045 -0.395 0 2
0 -0.045 -0.385 0 2
0 -0.045 -0.375 0 2
0 -0.045 -0.365 0 2
0 -0.045 -0.355 0 2
0 -0.045 -0.345 0 2
0 -0.045 -0.335 0 2
0 -0.045 -0.325 0 2
0 -0.045 -0.315 0 2
0 -0.045 -0.305 0 1
0 -0.045 -0.295 0 1
0 -0.045 -0.285 0 2
0 -0.045 -0.275 0 2
0 -0.045 -0.265 0 2
0 -0.045 -0.255 0 2
0 -0.045 -0.245 0 2
0 -0.045 -0.235 0 2
0 -0.045 -0.225 0 2
0 -0.045 -0.215 0 2
0 -0.045 -0.205 0 2
0 -0.045 -0.195 0 2
0 -0.045 -0.185 0 2
0 -0.045 -0.175 0 2
0 -0.045 -0.165 0 2
0 -0.045 -0.155 0 2
0 -0.045 -0.145 0 2
0 -0.045 -0.135 0 2
0 -0.045 -0.125 0 2
0 -0.045 -0.115 0 2
0 -0.045 -0.105 0 2
0 -0.045 -0.095 0 2
0 -0.045 -0.085 0 2
0 -0.045 -0.075 0 2
0 -0.045 -0.065 0 2
0 -0.045 -0.055 0 1
0 -0.045 -0.045 0 1
0 -0.045 -0.035 0 1
0 -0.045 -0.025 0 1
0 -0.045 -0.015 0 1
0 -0.045 -0.005 0 1
0 -0.045 0.005 0 1
0 -0.045 0.015 0 1
0 -0.045 0.025 0 1
0 -0.045 0.035 0 1
0 -0.045 0.045 0 1
0 -0.045 0.055 0 1
0 -0.045 0.065 0 1
0 -0.045 0.075 0 2
0 -0.045 0.085 0 2
0 -0.045 0.095 0 2
0 -0.045 0.105 0 2
0 -0.045 0.115 0 2
0 -0.045 0.125 0 2
0 -0.045 0.135 0 2
0 -0.045 0.145 0 2
0 -0.045 0.155 0 1
0 -0.045 0.165 0 1
0 -0.045 0.175 0 1
0 -0.045 0.185 0 1
0 -0.045 0.195 0 1
0 -0.045 0.205 0 1
0 -0.045 0.215 0 1
0 -0.045 0.225 0 1
0 -0.045 0.235 0 1
0 -0.045 0.245 0 2
0 -0.045 0.255 0 2
0 -0.045 0.265 0 2
0 -0.045 0.275 0 2
0 -0.045 0.285 0 2
0 -0.045 0.295 0 1
0 -0.045 0.305 0 1
0 -0.045 0.315 0 1
0 -0.045 0.325 0 1
0 -0.045 0.335 0 1
0 -0.045 0.345 0 1
0 -0.045 0.355 0 1
0 -0.045 0.365 0 1
0 -0.045 0.375 0 2
0 -0.045 0.385 0 2
0 -0.045 0.395 0 2
0 -0.045 0.405 0 2
0 -0.045 0.415 0 2
0 -0.045 0.425 0 2
0 -0.045 0.435 0 2
0 -0.045 0.445 0 2
0 -0.045 0.455 0 2
0 -0.045 0.465 0 2
0 -0.035 -0.455 0 2
0 -0.035 -0.445 0 2
0 -0.035 -0.435 0 2
0 -0.035 -0.425 0 2
0 -0.035 -0.415 0 2
0 -0.035 -0.405 0 2
0 -0.035 -0.395 0 2
0 -0.035 -0.385 0 2
0 -0.035 -0.375 0 2
0 -0.035 -0.365 0 2
0 -0.035 -0.355 0 2
0 -0.035 -0.345 0 2
0 -0.035 -0.335 0 2
0 -0.035 -0.325 0 2
0 -0.035 -0.315 0 2
0 -0.035 -0.305 0 2
0 -0.035 -0.295 0 2
0 -0.035 -0.285 0 2
0 -0.035 -0.275 0 2
0 -0.035 -0.265 0 2
0 -0.035 -0.255 0 2
0 -0.035 -0.245 0 2
0 -0.035 -0.235 0 2
0 -0.035 -0.225 0 2
0 -0.035 -0.215 0 2
0 -0.035 -0.205 0 2
0 -0.035 -0.195 0 2
0 -0.035 -0.185 0 2
0 -0.035 -0.175 0 2
0 -0.035 -0.165 0 2
0 -0.035 -0.155 0 2
0 -0.035 -0.145 0 2
0 -0.035 -0.135 0 2
0 -0.035 -0.125 0 2
0 -0.035 -0.115 0 2
0 -0.035 -0.105 0 2
0 -0.035 -0.095 0 2
0 -0.035 -0.085 0 2
0 -0.035 -0.075 0 2
0 -0.035 -0.065 0 2
0 -0.035 -0.055 0 1
0 -0.035 -0.045 0 1
0 -0.035 -0.035 0 1
0 -0.035 -0.025 0 1
0 -0.035 -0.015 0 1
0 -0.035 -0.005 0 1
0 -0.035 0.005 0 1
0 -0.035 0.015 0 1
0 -0.035 0.025 0 1
0 -0.035 0.035 0 1
0 -0.035 0.045 0 1
0 -0.035 0.055 0 1
0 -0.035 0.065 0 1
0 -0.035 0.075 0 2
0 -0.035 0.085 0 2
0 -0.035 0.095 0 2
0 -0.035 0.105 0 2
0 -0.035 0.115 0 2
0 -0.035 0.125 0 2
0 -0.035 0.135 0 2
0 -0.035 0.145 0 2
0 -0.035 0.155 0 2
0 -0.035 0.165 0 1
0 -0.035 0.175 0 1
0 -0.035 0.185 0 1
0 -0.035 0.195 0 1
0 -0.035 0.205 0 1
0 -0.035 0.215 0 1
0 -0.035 0.225 0 1
0 -0.035 0.235 0 1
0 -0.035 0.245 0 2
0 -0.035 0.255 0 2
0 -0.035 0.265 0 2
0 -0.035 0.275 0 2
0 -0.035 0.285 0 2
0 -0.035 0.295 0 2
0 -0.035 0.305 0 2
0 -0.035 0.315 0 1
0 -0.035 0.325 0 1
0 -0.035 0.335 0 1
0 -0.035 0.345 0 1
0 -0.035 0.355 0 1
0 -0.035 0.365 0 2
0 -0.035 0.375 0 2
0 -0.035 0.385 0 2
0 -0.035 0.395 0 2
0 -0.035 0.405 0 2
0 -0.035 0.415 0 2
0 -0.035 0.425 0 2
0 -0.035 0.435 0 2
0 -0.035 0.445 0 2
0 -0.035 0.455 0 2
0 -0.035 0.465 0 2
0 -0.025 -0.455 0 2
0 -0.025 -0.445 0 2
0 -0.025 -0.435 0 2
0 -0.025 -0.425 0 2
0 -0.025 -0.415 0 2
0 -0.025 -0.405 0 2
0 -0.025 -0.395 0 2
0 -0.025 -0.385 0 2
0 -0.025 -0.375 0 2
0 -0.025 -0.365 0 2
0 -0.025 -0.355 0 2
0 -0.025 -0.345 0 2
0 -0.025 -0.335 0 2
0 -0.025 -0.325 0 2
0 -0.025 -0.315 0 2
0 -0.025 -0.305 0 2
0 -0.025 -0.295 0 2
0 -0.025 -0.285 0 2
0 -0.025 -0.275 0 2
0 -0.025 -0.265 0 2
0 -0.025 -0.255 0 2
0 -0.025 -0.245 0 2
0 -0.025 -0.235 0 2
0 -0.025 -0.225 0 2
0 -0.025 -0.215 0 2
0 -0.025 -0.205 0 2
0 -0.025 -0.195 0 2
0 -0.025 -0.185 0 2
0 -0.025 -0.175 0 2
0 -0.025 -0.165 0 2
0 -0.025 -0.155 0 2
0 -0.025 -0.145 0 2
0 -0.025 -0.135 0 2
0 -0.025 -0.125 0 2
0 -0.025 -0.115 0 2
0 -0.025 -0.105 0 2
0 -0.025 -0.095 0 2
0 -0.025 -0.085 0 2
0 -0.025 -0.075 0 2
0 -0.025 -0.065 0 2
0 -0.025 -0.055 0 1
0 -0.025 -0.045 0 1
0 -0.025 -0.035 0 1
0 -0.025 -0.025 0 1
0 -0.025 -0.015 0 1
0 -0.025 -0.005 0 1
0 -0.025 0.005 0 1
0 -0.025 0.015 0 1
0 -0.025 0.025 0 1
0 -0.025 0.035 0 1
0 -0.025 0.045 0 1
0 -0.025 0.055 0 1
0 -0.025 0.065 0 2
0 -0.025 0.075 0 2
0 -0.025 0.085 0 2
0 -0.025 0.095 0 2
0 -0.025 0.105 0 2
0 -0.025 0.115 0 2
0 -0.025 0.125 0 2
0 -0.025 0.135 0 2
0 -0.025 0.145 0 2
0 -0.025 0.155 0 2
0 -0.025 0.165 0 2
0 -0.025 0.175 0 2
0 -0.025 0.185 0 2
0 -0.025 0.195 0 1
0 -0.025 0.205 0 1
0 -0.025 0.215 0 1
0 -0.025 0.225 0 2
0 -0.025 0.235 0 2
0 -0.025 0.245 0 2
0 -0.025 0.255 0 2
0 -0.025 0.265 0 2
0 -0.025 0.275 0 2
0 -0.025 0.285 0 2
0 -0.025 0.295 0 2
0 -0.025 0.305 0 2
0 -0.025 0.315 0 2
0 -0.025 0.325 0 2
0 -0.025 0.335 0 2
0 -0.025 0.345 0 2
0 -0.025 0.355 0 2
0 -0.025 0.365 0 2
0 -0.025 0.375 0 1
0 -0.025 0.385 0 1
0 -0.025 0.395 0 1
0 -0.025 0.405 0 2
0 -0.025 0.415 0 2
0 -0.025 0.425 0 2
0 -0.025 0.435 0 2
0 -0.025 0.445 0 2
0 -0.025 0.455 0 2
0 -0.025 0.465 0 2
0 -0.015 -0.455 0 2
0 -0.015 -0.445 0 2
0 -0.015 -0.435 0 2
0 -0.015 -0.425 0 2
0 -0.015 -0.415 0 2
0 -0.015 -0.405 0 2
0 -0.015 -0.395 0 2
0 -0.015 -0.385 0 2
0 -0.015 -0.375 0 2
0 -0.015 -0.365 0 2
0 -0.015 -0.355 0 2
0 -0.015 -0.345 0 2
0 -0.015 -0.335 0 2
0 -0.015 -0.325 0 2
0 -0.015 -0.315 0 2
0 -0.015 -0.305 0 2
0 -0.015 -0.295 0 2
0 -0.015 -0.285 0 2
0 -0.015 -0.275 0 2
0 -0.015 -0.265 0 2
0 -0.015 -0.255 0 2
0 -0.015 -0.245 0 2
0 -0.015 -0.235 0 2
0 -0.015 -0.225 0 2
0 -0.015 -0.215 0 2
0 -0.015 -0.205 0 2
0 -0.015 -0.195 0 2
0 -0.015 -0.185 0 2
0 -0.015 -0.175 0 2
0 -0.015 -0.165 0 2
0 -0.015 -0.155 0 2
0 -0.015 -0.145 0 2
0 -0.015 -0.135 0 2
0 -0.015 -0.125 0 2
0 -0.015 -0.115 0 2
0 -0.015 -0.105 0 2
0 -0.015 -0.095 0 2
0 -0.015 -0.085 0 2
0 -0.015 -0.075 0 2
0 -0.015 -0.065 0 2
0 -0.015 -0.055 0 2
0 -0.015 -0.045 0 1
0 -0.015 -0.035 0 1
0 -0.015 -0.025 0 1
0 -0.015 -0.015 0 2
0 -0.015 -0.005 0 2
0 -0.015 0.005 0 1
0 -0.015 0.015 0 1
0 -0.015 0.025 0 1
0 -0.015 0.035 0 1
0 -0.015 0.045 0 1
0 -0.015 0.055 0 1
0 -0.015 0.065 0 2
0 -0.015 0.075 0 2
0 -0.015 0.085 0 2
0 -0.015 0.095 0 2
0 -0.015 0.105 0 2
0 -0.015 0.115 0 2
0 -0.015 0.125 0 2
0 -0.015 0.135 0 2
0 -0.015 0.145 0 2
0 -0.015 0.155 0 2
0 -0.015 0.165 0 2
0 -0.015 0.175 0 2
0 -0.015 0.185 0 2
0 -0.015 0.195 0 2
0 -0.015 0.205 0 2
0 -0.015 0.215 0 2
0 -0.015 0.225 0 2
0 -0.015 0.235 0 2
0 -0.015 0.245 0 2
0 -0.015 0.255 0 2
0 -0.015 0.265 0 2
0 -0.015 0.275 0 2
0 -0.015 0.285 0 2
0 -0.015 0.295 0 2
0 -0.015 0.305 0 2
0 -0.015 0.315 0 2
0 -0.015 0.325 0 2
0 -0.015 0.335 0 2
0 -0.015 0.345 0 2
0 -0.015 0.355 0 2
0 -0.015 0.365 0 1
0 -0.015 0.375 0 1
0 -0.015 0.385 0 1
0 -0.015 0.395 0 1
0 -0.015 0.405 0 1
0 -0.015 0.415 0 2
0 -0.015 0.425 0 2
0 -0.015 0.435 0 2
0 -0.015 0.445 0 2
0 -0.015 0.455 0 2
0 -0.015 0.465 0 2
0 -0.005 -0.455 0 2
0 -0.005 -0.445 0 2
0 -0.005 -0.435 0 2
0 -0.005 -0.425 0 2
0 -0.005 -0.415 0 2
0 -0.005 -0.405 0 2
0 -0.005 -0.395 0 2
0 -0.005 -0.385 0 2
0 -0.005 -0.375 0 2
0 -0.005 -0.365 0 2
0 -0.005 -0.355 0 2
0 -0.005 -0.345 0 2
0 -0.005 -0.335 0 2
0 -0.005 -0.325 0 2
0 -0.005 -0.315 0 2
0 -0.005 -0.305 0 2
0 -0.005 -0.295 0 2
0 -0.005 -0.285 0 2
0 -0.005 -0.275 0 2
0 -0.005 -0.265 0 2
0 -0.005 -0.255 0 2
0 -0.005 -0.245 0 2
0 -0.005 -0.235 0 2
0 -0.005 -0.225 0 2
0 -0.005 -0.215 0 2
0 -0.005 -0.205 0 2
0 -0.005 -0.195 0 2
0 -0.005 -0.185 0 2
0 -0.005 -0.175 0 2
0 -0.005 -0.165 0 2
0 -0.005 -0.155 0 2
0 -0.005 -0.145 0 2
0 -0.005 -0.135 0 2
0 -0.005 -0.125 0 2
0 -0.005 -0.115 0 2
0 -0.005 -0.105 0 2
0 -0.005 -0.095 0 2
0 -0.005 -0.085 0 2
0 -0.005 -0.075 0 2
0 -0.005 -0.065 0 2
0 -0.005 -0.055 0 2
0 -0.005 -0.045 0 2
0 -0.005 -0.035 0 2
0 -0.005 -0.025 0 2
0 -0.005 -0.015 0 2
0 -0.005 -0.005 0 2
0 -0.005 0.005 0 2
0 -0.005 0.015 0 1
0 -0.005 0.025 0 1
0 -0.005 0.035 0 1
0 -0.005 0.045 0 1
0 -0.005 0.055 0 2
0 -0.005 0.065 0 2
0 -0.005 0.075 0 2
0 -0.005 0.085 0 2
0 -0.005 0.095 0 2
0 -0.005 0.105 0 2
0 -0.005 0.115 0 2
0 -0.005 0.125 0 2
0 -0.005 0.135 0 2
0 -0.005 0.145 0 2
0 -0.005 0.155 0 2
0 -0.005 0.165 0 2
0 -0.005 0.175 0 2
0 -0.005 0.185 0 2
0 -0.005 0.195 0 2
0 -0.005 0.205 0 2
0 -0.005 0.215 0 2
0 -0.005 0.225 0 2
0 -0.005 0.235 0 2
0 -0.005 0.245 0 2
0 -0.005 0.255 0 2
0 -0.005 0.265 0 2
0 -0.005 0.275 0 2
0 -0.005 0.285 0 2
0 -0.005 0.295 0 2
0 -0.005 0.305 0 2
0 -0.005 0.315 0 2
0 -0.005 0.325 0 2
0 -0.005 0.335 0 2
0 -0.005 0.345 0 2
0 -0.005 0.355 0 2
0 -0.005 0.365 0 1
0 -0.005 0.375 0 1
0 -0.005 0.385 0 1
0 -0.005 0.395 0 1
0 -0.005 0.405 0 1
0 -0.005 0.415 0 1
0 -0.005 0.425 0 2
0 -0.005 0.435 0 2
0 -0.005 0.445 0 2
0 -0.005 0.455 0 2
0 -0.005 0.465 0 2
0 0.005 -0.455 0 1
0 0.005 -0.445 0 2
0 0.005 -0.435 0 2
0 0.005 -0.425 0 2
0 0.005 -0.415 0 2
0 0.005 -0.405 0 2
0 0.005 -0.395 5.257388999e-05 2
0 0.005 -0.385 6.260040044e-05 2
0 0.005 -0.375 7.110447292e-05 2
0 0.005 -0.365 7.326728477e-05 2
0 0.005 -0.355 7.235579319e-05 2
0 0.005 -0.345 6.812804079e-05 2
0 0.005 -0.335 6.098611894e-05 2
0 0.005 -0.325 5.095795396e-05 2
0 0.005 -0.315 3.824148162e-05 2
0 0.005 -0.305 2.283851379e-05 2
0 0.005 -0.295 5.196711118e-06 2
0 0.005 -0.285 -1.381318737e-05 2
0 0.005 -0.275 -3.404785606e-05 2
0 0.005 -0.265 -4.828267708e-05 2
0 0.005 -0.255 -5.041134728e-05 2
0 0.005 -0.245 -3.965550639e-05 2
0 0.005 -0.235 -2.819228007e-05 2
0 0.005 -0.225 -2.60772381e-05 2
0 0.005 -0.215 -3.226091762e-05 2
0 0.005 -0.205 -4.277804399e-05 2
0 0.005 -0.195 -5.478259239e-05 2
0 0.005 -0.185 -7.037957139e-05 2
0 0.005 -0.175 -8.718203603e-05 2
0 0.005 -0.165 -0.0001039102859 2
0 0.005 -0.155 -0.0001196626052 2
0 0.005 -0.145 -0.0001341624179 2
0 0.005 -0.135 -0.0001473366285 2
0 0.005 -0.125 -0.0001592359965 2
0 0.005 -0.115 -0.0001699781262 2
0 0.005 -0.105 -0.0001796920004 2
0 0.005 -0.095 -0.0001884824212 2
0 0.005 -0.085 -0.0001964170876 2
0 0.005 -0.075 -0.0002034992841 2
0 0.005 -0.065 -0.0002097646451 2
0 0.005 -0.055 -0.0002135845027 2
0 0.005 -0.045 -0.0002127607039 2
0 0.005 -0.035 -0.0002132200349 2
0 0.005 -0.025 -0.0002163063184 2
0 0.005 -0.015 -0.0002224962115 2
0 0.005 -0.005 -0.0002225210586 2
0 0.005 0.005 -0.0002142116851 2
0 0.005 0.015 -0.000197646004 2
0 0.005 0.025 -0.0001927346206 2
0 0.005 0.035 -0.0001926623595 2
0 0.005 0.045 -0.0001974110344 2
0 0.005 0.055 -0.0002119734697 2
0 0.005 0.065 -0.0002164341642 2
0 0.005 0.075 -0.0002136798045 2
0 0.005 0.085 -0.0002080750459 2
0 0.005 0.095 -0.0002011516301 2
0 0.005 0.105 -0.0001930054833 2
0 0.005 0.115 -0.0001835903517 2
0 0.005 0.125 -0.0001726346273 2
0 0.005 0.135 -0.0001595045014 2
0 0.005 0.145 -0.0001431125152 2
0 0.005 0.155 -0.0001191362374 2
0 0.005 0.165 -8.823800231e-05 2
0 0.005 0.175 -6.193868525e-05 2
0 0.005 0.185 -4.340736163e-05 1
0 0.005 0.195 -4.768431724e-05 1
0 0.005 0.205 -5.077508982e-05 1
0 0.005 0.215 -5.19859472e-05 1
0 0.005 0.225 -5.362520487e-05 1
0 0.005 0.235 -5.79668164e-05 2
0 0.005 0.245 -6.312956387e-05 2
0 0.005 0.255 -6.462937796e-05 2
0 0.005 0.265 -5.562873969e-05 2
0 0.005 0.275 -3.785607384e-05 2
0 0.005 0.285 -1.814714251e-05 2
0 0.005 0.295 -5.067350143e-07 2
0 0.005 0.305 1.549318998e-05 2
0 0.005 0.315 2.935749413e-05 2
0 0.005 0.325 4.115966483e-05 2
0 0.005 0.335 5.218824423e-05 2
0 0.005 0.345 6.404687054e-05 2
0 0.005 0.355 6.750129391e-05 1
0 0.005 0.365 5.950032066e-05 1
0 0.005 0.375 4.904733062e-05 1
0 0.005 0.385 3.77152989e-05 1
0 0.005 0.395 2.960725061e-05 1
0 0.005 0.405 0 1
0 0.005 0.415 0 1
0 0.005 0.425 0 1
0 0.005 0.435 0 2
0 0.005 0.445 0 2
0 0.005 0.455 0 2
0 0.005 0.465 0 2
0 0.015 -0.455 0 1
0 0.015 -0.445 0 2
0 0.015 -0.435 0 2
0 0.015 -0.425 0 2
0 0.015 -0.415 0 2
0 0.015 -0.405 0 2
0 0.015 -0.395 7.00216881e-05 2
0 0.015 -0.385 9.014143339e-05 2
0 0.015 -0.375 0.0001068984481 2
0 0.015 -0.365 0.0001133760358 2
0 0.015 -0.355 0.0001146000808 2
0 0.015 -0.345 0.00011029386 2
0 0.015 -0.335 0.0001009733598 2
0 0.015 -0.325 8.666887854e-05 2
0 0.015 -0.315 6.772501231e-05 2
0 0.015 -0.305 4.418415681e-05 2
0 0.015 -0.295 1.691430981e-05 2
0 0.015 -0.285 -1.602572376e-05 2
0 0.015 -0.275 -4.841968718e-05 2
0 0.015 -0.265 -6.722596649e-05 2
0 0.015 -0.255 -6.594659153e-05 2
0 0.015 -0.245 -5.104334623e-05 2
0 0.015 -0.235 -3.779023296e-05 2
0 0.015 -0.225 -3.126113583e-05 2
0 0.015 -0.215 -3.273497943e-05 2
0 0.015 -0.205 -4.392309212e-05 2
0 0.015 -0.195 -6.405815939e-05 2
0 0.015 -0.185 -9.046995472e-05 2
0 0.015 -0.175 -0.0001169632849 2
0 0.015 -0.165 -0.0001435780731 2
0 0.015 -0.155 -0.0001684987287 2
0 0.015 -0.145 -0.0001910971601 2
0 0.015 -0.135 -0.0002113410665 2
0 0.015 -0.125 -0.000229456758 2
0 0.015 -0.115 -0.0002457053694 2
0 0.015 -0.105 -0.0002603591593 2
0 0.015 -0.095 -0.0002736314951 2
0 0.015 -0.085 -0.000285661449 2
0 0.015 -0.075 -0.0002964636823 2
0 0.015 -0.065 -0.0003059349767 2
0 0.015 -0.055 -0.0003137301593 2
0 0.015 -0.045 -0.0003195725221 2
0 0.015 -0.035 -0.0003246042699 2
0 0.015 -0.025 -0.0003289921759 2
0 0.015 -0.015 -0.0003324324912 2
0 0.015 -0.005 -0.0003316698126 2
0 0.015 0.005 -0.0003248714542 2
0 0.015 0.015 -0.0003117479752 2
0 0.015 0.025 -0.0003052727623 2
0 0.015 0.035 -0.0003053478958 2
0 0.015 0.045 -0.0003107408492 2
0 0.015 0.055 -0.0003201980699 2
0 0.015 0.065 -0.0003207455509 2
0 0.015 0.075 -0.000315185752 2
0 0.015 0.085 -0.0003068288646 2
0 0.015 0.095 -0.0002963529643 2
0 0.015 0.105 -0.0002840753994 2
0 0.015 0.115 -0.0002699537202 2
0 0.015 0.125 -0.0002535972546 2
0 0.015 0.135 -0.0002341188459 2
0 0.015 0.145 -0.0002095503836 2
0 0.015 0.155 -0.0001750455535 2
0 0.015 0.165 -0.0001265205079 2
0 0.015 0.175 -8.093353626e-05 2
0 0.015 0.185 -5.148597188e-05 1
0 0.015 0.195 -5.734208592e-05 1
0 0.015 0.205 -6.407414378e-05 1
0 0.015 0.215 -6.745802235e-05 1
0 0.015 0.225 -7.210415046e-05 1
0 0.015 0.235 -7.579136444e-05 1
0 0.015 0.245 -7.78714253e-05 1
0 0.015 0.255 -8.118225337e-05 2
0 0.015 0.265 -7.544081453e-05 2
0 0.015 0.275 -5.367478346e-05 2
0 0.015 0.285 -2.223917834e-05 2
0 0.015 0.295 8.489415147e-06 2
0 0.015 0.305 3.348068381e-05 2
0 0.015 0.315 5.514238326e-05 2
0 0.015 0.325 7.316048265e-05 2
0 0.015 0.335 9.000041725e-05 2
0 0.015 0.345 0.0001034575507 2
0 0.015 0.355 0.0001011538372 1
0 0.015 0.365 9.321872558e-05 1
0 0.015 0.375 7.728623233e-05 1
0 0.015 0.385 5.7089382e-05 1
0 0.015 0.395 4.091126162e-05 1
0 0.015 0.405 0 1
0 0.015 0.415 0 1
0 0.015 0.425 0 1
0 0.015 0.435 0 2
0 0.015 0.445 0 2
0 0.015 0.455 0 2
0 0.015 0.465 0 2
0 0.025 -0.455 0 1
0 0.025 -0.445 0 1
0 0.025 -0.435 0 2
0 0.025 -0.425 0 2
0 0.025 -0.415 0 2
0 0.025 -0.405 0 2
0 0.025 -0.395 8.794666886e-05 2
0 0.025 -0.385 0.0001192776375 2
0 0.025 -0.375 0.0001453677386 2
0 0.025 -0.365 0.000157807493 2
0 0.025 -0.355 0.0001627191023 2
0 0.025 -0.345 0.0001596759557 2
0 0.025 -0.335 0.0001491203388 2
0 0.025 -0.325 0.0001310194228 2
0 0.025 -0.315 0.0001059580896 2
0 0.025 -0.305 7.42847874e-05 2
0 0.025 -0.295 3.722230826e-05 2
0 0.025 -0.285 -9.202910993e-06 2
0 0.025 -0.275 -5.204909363e-05 2
0 0.025 -0.265 -7.33202186e-05 2
0 0.025 -0.255 -6.977390098e-05 1
0 0.025 -0.245 -5.363334614e-05 1
0 0.025 -0.235 -4.088871567e-05 1
0 0.025 -0.225 -3.534132378e-05 2
0 0.025 -0.215 -3.124035701e-05 2
0 0.025 -0.205 -3.872833603e-05 2
0 0.025 -0.195 -6.249403684e-05 2
0 0.025 -0.185 -9.899108965e-05 2
0 0.025 -0.175 -0.0001383672753 2
0 0.025 -0.165 -0.0001755520702 2
0 0.025 -0.155 -0.0002101752445 2
0 0.025 -0.145 -0.000241289914 2
0 0.025 -0.135 -0.000268821268 2
0 0.025 -0.125 -0.0002932729375 2
0 0.025 -0.115 -0.0003151053397 2
0 0.025 -0.105 -0.0003347722333 2
0 0.025 -0.095 -0.00035262756 2
0 0.025 -0.085 -0.0003688940466 2
0 0.025 -0.075 -0.0003836238501 2
0 0.025 -0.065 -0.0003966947195 2
0 0.025 -0.055 -0.0004078994648 2
0 0.025 -0.045 -0.0004171563371 2
0 0.025 -0.035 -0.0004249815608 2
0 0.025 -0.025 -0.0004313441355 2
0 0.025 -0.015 -0.0004357245856 2
0 0.025 -0.005 -0.0004366309092 2
0 0.025 0.005 -0.0004337365257 2
0 0.025 0.015 -0.0004280717445 2
0 0.025 0.025 -0.0004241119075 2
0 0.025 0.035 -0.0004226872128 2
0 0.025 0.045 -0.0004232110011 2
0 0.025 0.055 -0.0004240874698 2
0 0.025 0.065 -0.0004208515975 2
0 0.025 0.075 -0.0004131567405 2
0 0.025 0.085 -0.0004017959938 2
0 0.025 0.095 -0.0003875675254 2
0 0.025 0.105 -0.0003708698414 2
0 0.025 0.115 -0.0003516528902 2
0 0.025 0.125 -0.000329417152 2
0 0.025 0.135 -0.0003030143843 2
0 0.025 0.145 -0.0002697269452 2
0 0.025 0.155 -0.0002257686815 2
0 0.025 0.165 -0.0001607985406 2
0 0.025 0.175 -8.432505531e-05 1
0 0.025 0.185 -5.298660307e-05 1
0 0.025 0.195 -6.043377195e-05 1
0 0.025 0.205 -7.135446288e-05 1
0 0.025 0.215 -7.666580252e-05 1
0 0.025 0.225 -8.257147464e-05 1
0 0.025 0.235 -8.783700224e-05 1
0 0.025 0.245 -9.121344918e-05 1
0 0.025 0.255 -9.526176185e-05 1
0 0.025 0.265 -8.772965204e-05 2
0 0.025 0.275 -6.106485332e-05 2
0 0.025 0.285 -1.903989653e-05 2
0 0.025 0.295 2.500074353e-05 2
0 0.025 0.305 5.989691727e-05 2
0 0.025 0.315 9.00675919e-05 2
0 0.025 0.325 0.0001148106638 2
0 0.025 0.335 0.0001377223802 2
0 0.025 0.345 0.0001511791896 2
0 0.025 0.355 0.0001464362873 2
0 0.025 0.365 0.0001293311811 1
0 0.025 0.375 0.0001080375347 1
0 0.025 0.385 7.981077975e-05 1
0 0.025 0.395 5.431265569e-05 1
0 0.025 0.405 0 1
0 0.025 0.415 0 1
0 0.025 0.425 0 1
0 0.025 0.435 0 2
0 0.025 0.445 0 2
0 0.025 0.455 0 2
0 0.025 0.465 0 2
0 0.035 -0.455 0 1
0 0.035 -0.445 0 1
0 0.035 -0.435 0 2
0 0.035 -0.425 0 2
0 0.035 -0.415 0 2
0 0.035 -0.405 0 2
0 0.035 -0.395 9.895143973e-05 2
0 0.035 -0.385 0.0001383799336 2
0 0.035 -0.375 0.0001725031181 2
0 0.035 -0.365 0.0001919021413 2
0 0.035 -0.355 0.0002023819019 2
0 0.035 -0.345 0.0002029906008 2
0 0.035 -0.335 0.0001936494879 2
0 0.035 -0.325 0.0001739700437 2
0 0.035 -0.315 0.0001449400247 2
0 0.035 -0.305 0.0001075394821 2
0 0.035 -0.295 6.317374749e-05 2
0 0.035 -0.285 7.696846294e-06 2
0 0.035 -0.275 -4.384652459e-05 2
0 0.035 -0.265 -7.282542687e-05 1
0 0.035 -0.255 -6.61979365e-05 1
0 0.035 -0.245 -4.539601028e-05 1
0 0.035 -0.235 -2.784814447e-05 1
0 0.035 -0.225 -1.791229418e-05 1
0 0.035 -0.215 -1.438024945e-05 1
0 0.035 -0.205 -2.232700429e-05 2
0 0.035 -0.195 -4.241130241e-05 2
0 0.035 -0.185 -8.276472294e-05 2
0 0.035 -0.175 -0.0001325875465 2
0 0.035 -0.165 -0.0001812773513 2
0 0.035 -0.155 -0.0002234617896 2
0 0.035 -0.145 -0.0002610414376 2
0 0.035 -0.135 -0.0002938896329 2
0 0.035 -0.125 -0.0003227489187 2
0 0.035 -0.115 -0.0003484227456 2
0 0.035 -0.105 -0.0003715584385 2
0 0.035 -0.095 -0.0003926636349 2
0 0.035 -0.085 -0.0004120459217 2
0 0.035 -0.075 -0.0004298319503 2
0 0.035 -0.065 -0.0004459875621 2
0 0.035 -0.055 -0.0004603894018 2
0 0.035 -0.045 -0.0004729115823 2
0 0.035 -0.035 -0.0004835557001 2
0 0.035 -0.025 -0.0004920935346 2
0 0.035 -0.015 -0.0004980896537 2
0 0.035 -0.005 -0.0005008996269 2
0 0.035 0.005 -0.0005005713378 2
0 0.035 0.015 -0.000497992537 2
0 0.035 0.025 -0.0004952845378 2
0 0.035 0.035 -0.0004931501437 2
0 0.035 0.045 -0.000491178438 2
0 0.035 0.055 -0.0004880973481 2
0 0.035 0.065 -0.0004816982764 2
0 0.035 0.075 -0.0004714107564 2
0 0.035 0.085 -0.0004574391758 2
0 0.035 0.095 -0.0004402145896 2
0 0.035 0.105 -0.0004199756786 2
0 0.035 0.115 -0.0003966212636 2
0 0.035 0.125 -0.0003695929814 2
0 0.035 0.135 -0.00033763635 2
0 0.035 0.145 -0.0002980998107 2
0 0.035 0.155 -0.0002457703882 2
0 0.035 0.165 -0.0001717216983 2
0 0.035 0.175 -9.975687165e-05 2
0 0.035 0.185 -5.396253024e-05 1
0 0.035 0.195 -5.746707005e-05 1
0 0.035 0.205 -6.677654971e-05 1
0 0.035 0.215 -7.078534153e-05 1
0 0.035 0.225 -7.447935797e-05 1
0 0.035 0.235 -8.044058716e-05 1
0 0.035 0.245 -8.876105661e-05 1
0 0.035 0.255 -9.774228308e-05 1
0 0.035 0.265 -9.370694489e-05 1
0 0.035 0.275 -5.811858513e-05 2
0 0.035 0.285 -7.182419867e-06 2
0 0.035 0.295 4.649207859e-05 2
0 0.035 0.305 8.96641379e-05 2
0 0.035 0.315 0.0001263484539 2
0 0.035 0.325 0.0001560987839 2
0 0.035 0.335 0.0001802067984 2
0 0.035 0.345 0.0001937084617 2
0 0.035 0.355 0.0001878916075 2
0 0.035 0.365 0.0001611746125 1
0 0.035 0.375 0.0001342785267 1
0 0.035 0.385 9.975907738e-05 1
0 0.035 0.395 6.555683113e-05 1
0 0.035 0.405 0 1
0 0.035 0.415 0 1
0 0.035 0.425 0 1
0 0.035 0.435 0 1
0 0.035 0.445 0 2
0 0.035 0.455 0 2
0 0.035 0.465 0 2
0 0.045 -0.455 0 1
0 0.045 -0.445 0 1
0 0.045 -0.435 0 2
0 0.045 -0.425 0 2
0 0.045 -0.415 0 2
0 0.045 -0.405 0 2
0 0.045 -0.395 0.0001063227384 2
0 0.045 -0.385 0.0001516038525 2
0 0.045 -0.375 0.0001927523747 2
0 0.045 -0.365 0.0002196949436 2
0 0.045 -0.355 0.0002370253362 2
0 0.045 -0.345 0.0002432180757 2
0 0.045 -0.335 0.0002372619634 2
0 0.045 -0.325 0.0002177146154 2
0 0.045 -0.315 0.0001860266142 2
0 0.045 -0.305 0.0001443261378 2
0 0.045 -0.295 9.422609268e-05 2
0 0.045 -0.285 3.041428289e-05 2
0 0.045 -0.275 -3.063735103e-05 2
0 0.045 -0.265 -6.41034551e-05 1
0 0.045 -0.255 -5.4159515e-05 1
0 0.045 -0.245 -2.95542312e-05 1
0 0.045 -0.235 -9.390300977e-06 1
0 0.045 -0.225 4.41008929e-06 1
0 0.045 -0.215 1.2047889e-05 1
0 0.045 -0.205 1.441398485e-05 1
0 0.045 -0.195 -7.277524315e-06 2
0 0.045 -0.185 -5.150595926e-05 2
0 0.045 -0.175 -0.000108437563 2
0 0.045 -0.165 -0.0001664834356 2
0 0.045 -0.155 -0.0002153262443 2
0 0.045 -0.145 -0.0002579306798 2
0 0.045 -0.135 -0.0002947213466 2
0 0.045 -0.125 -0.0003266306841 2
0 0.045 -0.115 -0.0003549541512 2
0 0.045 -0.105 -0.000380550795 2
0 0.045 -0.095 -0.0004040897902 2
0 0.045 -0.085 -0.0004259711574 2
0 0.045 -0.075 -0.0004463743362 2
0 0.045 -0.065 -0.0004652816906 2
0 0.045 -0.055 -0.0004825499335 2
0 0.045 -0.045 -0.0004979673403 2
0 0.045 -0.035 -0.0005113191196 2
0 0.045 -0.025 -0.0005222954896 2
0 0.045 -0.015 -0.0005305491897 2
0 0.045 -0.005 -0.0005357741431 2
0 0.045 0.005 -0.000538067171 2
0 0.045 0.015 -0.000537966011 2
0 0.045 0.025 -0.0005364075498 2
0 0.045 0.035 -0.0005337795433 2
0 0.045 0.045 -0.0005298487897 2
0 0.045 0.055 -0.0005238667782 2
0 0.045 0.065 -0.0005147588362 2
0 0.045 0.075 -0.0005020296483 2
0 0.045 0.085 -0.0004856095135 2
0 0.045 0.095 -0.0004656344956 2
0 0.045 0.105 -0.000442179914 2
0 0.045 0.115 -0.0004150805833 2
0 0.045 0.125 -0.000383769978 2
0 0.045 0.135 -0.000347008121 2
0 0.045 0.145 -0.0003027461034 2
0 0.045 0.155 -0.0002456584022 2
0 0.045 0.165 -0.0001726211516 2
0 0.045 0.175 -0.0001007557463 2
0 0.045 0.185 -4.789998973e-05 1
0 0.045 0.195 -4.434453906e-05 1
0 0.045 0.205 -5.108668315e-05 1
0 0.045 0.215 -5.629484543e-05 1
0 0.045 0.225 -6.012958116e-05 1
0 0.045 0.235 -6.474748013e-05 1
0 0.045 0.245 -7.215704621e-05 1
0 0.045 0.255 -8.233511479e-05 1
0 0.045 0.265 -8.36258578e-05 1
0 0.045 0.275 -4.972984423e-05 2
0 0.045 0.285 7.073384747e-06 2
0 0.045 0.295 6.987105892e-05 2
0 0.045 0.305 0.0001224305991 2
0 0.045 0.315 0.0001639126323 2
0 0.045 0.325 0.0001973654763 2
0 0.045 0.335 0.000221713305 2
0 0.045 0.345 0.0002376744614 2
0 0.045 0.355 0.0002315543854 2
0 0.045 0.365 0.0001937881436 1
0 0.045 0.375 0.0001598362156 1
0 0.045 0.385 0.000120140052 1
0 0.045 0.395 7.781270755e-05 1
0 0.045 0.405 0 1
0 0.045 0.415 0 1
0 0.045 0.425 0 1
0 0.045 0.435 0 1
0 0.045 0.445 0 2
0 0.045 0.455 0 2
0 0.045 0.465 0 2
0 0.055 -0.455 0 1
0 0.055 -0.445 0 2
0 0.055 -0.435 0 2
0 0.055 -0.425 0 2
0 0.055 -0.415 0 2
0 0.055 -0.405 0 2
0 0.055 -0.395 0.0001097548442 2
0 0.055 -0.385 0.0001569619615 2
0 0.055 -0.375 0.0002027843937 2
0 0.055 -0.365 0.000237358835 2
0 0.055 -0.355 0.0002625535251 2
0 0.055 -0.345 0.0002775320488 2
0 0.055 -0.335 0.0002791935904 2
0 0.055 -0.325 0.0002615649193 2
0 0.055 -0.315 0.0002280011079 2
0 0.055 -0.305 0.0001835324811 2
0 0.055 -0.295 0.0001297906374 2
0 0.055 -0.285 5.939469836e-05 2
0 0.055 -0.275 -7.690998124e-06 2
0 0.055 -0.265 -4.28446295e-05 1
0 0.055 -0.255 -3.018868575e-05 1
0 0.055 -0.245 -6.384849212e-06 1
0 0.055 -0.235 1.150236327e-05 1
0 0.055 -0.225 2.841629042e-05 1
0 0.055 -0.215 4.375485736e-05 1
0 0.055 -0.205 5.384732504e-05 1
0 0.055 -0.195 4.856303468e-05 1
0 0.055 -0.185 -4.603253101e-07 2
0 0.055 -0.175 -6.131071058e-05 2
0 0.055 -0.165 -0.0001264357632 2
0 0.055 -0.155 -0.0001837554366 2
0 0.055 -0.145 -0.0002294305153 2
0 0.055 -0.135 -0.0002683230672 2
0 0.055 -0.125 -0.0003016568622 2
0 0.055 -0.115 -0.0003312262407 2
0 0.055 -0.105 -0.0003581176023 2
0 0.055 -0.095 -0.0003831561473 2
0 0.055 -0.085 -0.0004068330595 2
0 0.055 -0.075 -0.000429371781 2
0 0.055 -0.065 -0.0004507360585 2
0 0.055 -0.055 -0.0004707115477 2
0 0.055 -0.045 -0.0004889597584 2
0 0.055 -0.035 -0.0005051031164 2
0 0.055 -0.025 -0.0005187360117 2
0 0.055 -0.015 -0.0005294999621 2
0 0.055 -0.005 -0.0005371565169 2
0 0.055 0.005 -0.0005417341477 2
0 0.055 0.015 -0.0005435163638 2
0 0.055 0.025 -0.0005429388423 2
0 0.055 0.035 -0.0005401974763 2
0 0.055 0.045 -0.0005351495212 2
0 0.055 0.055 -0.0005273621564 2
0 0.055 0.065 -0.0005162642022 2
0 0.055 0.075 -0.0005015062729 2
0 0.055 0.085 -0.0004829609987 2
0 0.055 0.095 -0.0004606279496 2
0 0.055 0.105 -0.0004344743225 2
0 0.055 0.115 -0.0004042895208 2
0 0.055 0.125 -0.0003695734357 2
0 0.055 0.135 -0.0003292975661 2
0 0.055 0.145 -0.0002820864778 2
0 0.055 0.155 -0.0002265895405 2
0 0.055 0.165 -0.0001588519162 2
0 0.055 0.175 -9.019785719e-05 2
0 0.055 0.185 -3.331192851e-05 1
0 0.055 0.195 -2.105378388e-05 1
0 0.055 0.205 -2.51546855e-05 1
0 0.055 0.215 -3.063776623e-05 1
0 0.055 0.225 -3.571639291e-05 1
0 0.055 0.235 -4.090516186e-05 1
0 0.055 0.245 -4.713419253e-05 1
0 0.055 0.255 -5.878557695e-05 1
0 0.055 0.265 -6.403133505e-05 1
0 0.055 0.275 -3.141175881e-05 2
0 0.055 0.285 3.000802952e-05 2
0 0.055 0.295 0.0001001959164 2
0 0.055 0.305 0.0001563229867 2
0 0.055 0.315 0.0002003962871 2
0 0.055 0.325 0.0002356329438 2
0 0.055 0.335 0.0002610730996 2
0 0.055 0.345 0.0002780934344 2
0 0.055 0.355 0.0002727062706 2
0 0.055 0.365 0.0002350083163 2
0 0.055 0.375 0.0001853043716 1
0 0.055 0.385 0.0001387118928 1
0 0.055 0.395 8.998664218e-05 1
0 0.055 0.405 0 1
0 0.055 0.415 0 1
0 0.055 0.425 0 1
0 0.055 0.435 0 2
0 0.055 0.445 0 2
0 0.055 0.455 0 2
0 0.055 0.465 0 2
0 0.065 -0.455 0 2
0 0.065 -0.445 0 2
0 0.065 -0.435 0 2
0 0.065 -0.425 0 2
0 0.065 -0.415 0 2
0 0.065 -0.405 0 2
0 0.065 -0.395 0.0001055547695 2
0 0.065 -0.385 0.000154732088 2
0 0.065 -0.375 0.0002066543398 2
0 0.065 -0.365 0.00024803476 2
0 0.065 -0.355 0.0002789639787 2
0 0.065 -0.345 0.0003022280437 2
0 0.065 -0.335 0.0003149554207 2
0 0.065 -0.325 0.0003053677525 2
0 0.065 -0.315 0.0002728970192 2
0 0.065 -0.305 0.0002269413645 2
0 0.065 -0.295 0.0001710780699 2
0 0.065 -0.285 0.0001012669537 2
0 0.065 -0.275 3.04365862e-05 2
0 0.065 -0.265 -1.281489635e-05 1
0 0.065 -0.255 -2.676192723e-06 1
0 0.065 -0.245 2.251039856e-05 1
0 0.065 -0.235 4.405427615e-05 1
0 0.065 -0.225 6.210687608e-05 1
0 0.065 -0.215 7.927717744e-05 1
0 0.065 -0.205 9.456081404e-05 1
0 0.065 -0.195 0.0001005613894 1
0 0.065 -0.185 6.820293315e-05 2
0 0.065 -0.175 3.313262011e-06 2
0 0.065 -0.165 -6.709722276e-05 2
0 0.065 -0.155 -0.000129681166 2
0 0.065 -0.145 -0.000176390269 2
0 0.065 -0.135 -0.0002154120795 2
0 0.065 -0.125 -0.000248569611 2
0 0.065 -0.115 -0.0002780468686 2
0 0.065 -0.105 -0.0003051482045 2
0 0.065 -0.095 -0.000330842606 2
0 0.065 -0.085 -0.0003557125361 2
0 0.065 -0.075 -0.0003800221511 2
0 0.065 -0.065 -0.0004036698643 2
0 0.065 -0.055 -0.0004263255278 2
0 0.065 -0.045 -0.0004474743595 2
0 0.065 -0.035 -0.000466570865 2
0 0.065 -0.025 -0.0004830789537 2
0 0.065 -0.015 -0.0004965679111 2
0 0.065 -0.005 -0.0005067545234 2
0 0.065 0.005 -0.0005135641312 2
0 0.065 0.015 -0.0005170971296 2
0 0.065 0.025 -0.0005175423299 2
0 0.065 0.035 -0.0005149943412 2
0 0.065 0.045 -0.0005093792766 2
0 0.065 0.055 -0.000500469234 2
0 0.065 0.065 -0.0004879671102 2
0 0.065 0.075 -0.0004716560461 2
0 0.065 0.085 -0.0004514226392 2
0 0.065 0.095 -0.0004272147886 2
0 0.065 0.105 -0.0003989540749 2
0 0.065 0.115 -0.0003664411873 2
0 0.065 0.125 -0.0003292963957 2
0 0.065 0.135 -0.0002868833464 2
0 0.065 0.145 -0.0002384132825 2
0 0.065 0.155 -0.0001838066421 2
0 0.065 0.165 -0.000120345082 2
0 0.065 0.175 -5.806196638e-05 2
0 0.065 0.185 -1.475699395e-05 2
0 0.065 0.195 3.991613623e-06 1
0 0.065 0.205 5.541917642e-06 1
0 0.065 0.215 3.830451891e-06 1
0 0.065 0.225 4.611291068e-07 1
0 0.065 0.235 -7.053111567e-06 1
0 0.065 0.245 -1.518716003e-05 1
0 0.065 0.255 -2.735438191e-05 1
0 0.065 0.265 -3.364762557e-05 1
0 0.065 0.275 -5.992207091e-06 1
0 0.065 0.285 6.456350281e-05 2
0 0.065 0.295 0.0001355498156 2
0 0.065 0.305 0.0001904132323 2
0 0.065 0.315 0.000234659406 2
0 0.065 0.325 0.0002696937643 2
0 0.065 0.335 0.0002950413468 2
0 0.065 0.345 0.0003100931223 2
0 0.065 0.355 0.000306756066 2
0 0.065 0.365 0.000275047505 2
0 0.065 0.375 0.0002223452438 2
0 0.065 0.385 0.0001583962906 1
0 0.065 0.395 0.0001030323584 1
0 0.065 0.405 0 1
0 0.065 0.415 0 1
0 0.065 0.425 0 1
0 0.065 0.435 0 2
0 0.065 0.445 0 2
0 0.065 0.455 0 2
0 0.065 0.465 0 2
0 0.075 -0.455 0 2
0 0.075 -0.445 0 2
0 0.075 -0.435 0 2
0 0.075 -0.425 0 2
0 0.075 -0.415 0 2
0 0.075 -0.405 0 2
0 0.075 -0.395 9.880149989e-05 2
0 0.075 -0.385 0.0001542418247 2
0 0.075 -0.375 0.0002112977383 2
0 0.075 -0.365 0.0002488874337 1
0 0.075 -0.355 0.0002859836948 1
0 0.075 -0.345 0.0003181376672 1
0 0.075 -0.335 0.0003438739862 1
0 0.075 -0.325 0.0003520602799 2
0 0.075 -0.315 0.0003226370086 2
0 0.075 -0.305 0.0002756845405 2
0 0.075 -0.295 0.0002201056735 2
0 0.075 -0.285 0.0001532533758 2
0 0.075 -0.275 8.139897692e-05 2
0 0.075 -0.265 2.855863228e-05 1
0 0.075 -0.255 3.519493536e-05 1
0 0.075 -0.245 6.039237284e-05 1
0 0.075 -0.235 8.41584974e-05 1
0 0.075 -0.225 0.0001050226909 1
0 0.075 -0.215 0.0001238265177 1
0 0.075 -0.205 0.0001429925537 1
0 0.075 -0.195 0.0001577078177 1
0 0.075 -0.185 0.0001503102636 1
0 0.075 -0.175 8.013420035e-05 2
0 0.075 -0.165 9.426898778e-06 2
0 0.075 -0.155 -5.324126025e-05 2
0 0.075 -0.145 -9.856164824e-05 2
0 0.075 -0.135 -0.0001355700511 2
0 0.075 -0.125 -0.0001668863653 2
0 0.075 -0.115 -0.000194906194 2
0 0.075 -0.105 -0.0002211084942 2
0 0.075 -0.095 -0.0002466115219 2
0 0.075 -0.085 -0.0002721084251 2
0 0.075 -0.075 -0.000297940776 2
0 0.075 -0.065 -0.0003238633803 2
0 0.075 -0.055 -0.0003493724463 2
0 0.075 -0.045 -0.0003736711209 2
0 0.075 -0.035 -0.000396002153 2
0 0.075 -0.025 -0.0004156429775 2
0 0.075 -0.015 -0.0004320541123 2
0 0.075 -0.005 -0.0004448655219 2
0 0.075 0.005 -0.0004539128442 2
0 0.075 0.015 -0.0004591851988 2
0 0.075 0.025 -0.0004607604409 2
0 0.075 0.035 -0.000458698311 2
0 0.075 0.045 -0.0004529850887 2
0 0.075 0.055 -0.0004435284638 2
0 0.075 0.065 -0.0004301964658 2
0 0.075 0.075 -0.0004128807139 2
0 0.075 0.085 -0.000391514187 2
0 0.075 0.095 -0.0003660526365 2
0 0.075 0.105 -0.0003364303704 2
0 0.075 0.115 -0.0003025134913 2
0 0.075 0.125 -0.0002640773521 2
0 0.075 0.135 -0.0002208795032 2
0 0.075 0.145 -0.0001726155113 2
0 0.075 0.155 -0.0001198951106 2
0 0.075 0.165 -6.24035421e-05 2
0 0.075 0.175 -6.735693014e-06 2
0 0.075 0.185 3.342235684e-05 2
0 0.075 0.195 4.745310687e-05 2
0 0.075 0.205 4.844534274e-05 1
0 0.075 0.215 4.463306832e-05 1
0 0.075 0.225 4.104524085e-05 1
0 0.075 0.235 3.144063654e-05 1
0 0.075 0.245 2.258289383e-05 1
0 0.075 0.255 1.382925207e-05 1
0 0.075 0.265 1.160052292e-05 1
0 0.075 0.275 4.214262438e-05 2
0 0.075 0.285 0.0001049660982 2
0 0.075 0.295 0.0001718818977 2
0 0.075 0.305 0.000224373732 2
0 0.075 0.315 0.0002660626101 2
0 0.075 0.325 0.0002988688852 2
0 0.075 0.335 0.0003224886684 2
0 0.075 0.345 0.0003344067726 2
0 0.075 0.355 0.0003313905217 2
0 0.075 0.365 0.0003067524724 2
0 0.075 0.375 0.0002571569003 2
0 0.075 0.385 0.0001860615562 2
0 0.075 0.395 0.00011499131 1
0 0.075 0.405 0 1
0 0.075 0.415 0 1
0 0.075 0.425 0 2
0 0.075 0.435 0 2
0 0.075 0.445 0 2
0 0.075 0.455 0 2
0 0.075 0.465 0 2
0 0.085 -0.455 0 1
0 0.085 -0.445 0 1
0 0.085 -0.435 0 1
0 0.085 -0.425 0 1
0 0.085 -0.415 0 1
0 0.085 -0.405 0 1
0 0.085 -0.395 8.935041509e-05 1
0 0.085 -0.385 0.0001627793812 2
0 0.085 -0.375 0.0002130529356 1
0 0.085 -0.365 0.0002575843936 1
0 0.085 -0.355 0.0003018636437 1
0 0.085 -0.345 0.0003413606317 1
0 0.085 -0.335 0.0003750121657 1
0 0.085 -0.325 0.0003983618133 1
0 0.085 -0.315 0.0003827584659 2
0 0.085 -0.305 0.0003348377983 2
0 0.085 -0.295 0.0002778974078 2
0 0.085 -0.285 0.0002137205375 2
0 0.085 -0.275 0.0001454771122 2
0 0.085 -0.265 9.179715487e-05 2
0 0.085 -0.255 8.32523923e-05 1
0 0.085 -0.245 0.000105458086 1
0 0.085 -0.235 0.000131226342 1
0 0.085 -0.225 0.0001558995194 1
0 0.085 -0.215 0.0001780949455 1
0 0.085 -0.205 0.0002002850925 1
0 0.085 -0.195 0.0002206661872 1
0 0.085 -0.185 0.0002234390477 1
0 0.085 -0.175 0.0001679368455 2
0 0.085 -0.165 0.0001033399778 2
0 0.085 -0.155 4.445050449e-05 2
0 0.085 -0.145 3.668326997e-06 2
0 0.085 -0.135 -2.900356414e-05 2
0 0.085 -0.125 -5.685331641e-05 2
0 0.085 -0.115 -8.208970706e-05 2
0 0.085 -0.105 -0.0001062620302 2
0 0.085 -0.095 -0.0001307053702 2
0 0.085 -0.085 -0.0001562769535 2
0 0.085 -0.075 -0.0001835284465 2
0 0.085 -0.065 -0.0002118779715 2
0 0.085 -0.055 -0.0002406039142 2
0 0.085 -0.045 -0.000268449237 2
0 0.085 -0.035 -0.0002944209913 2
0 0.085 -0.025 -0.0003175314939 2
0 0.085 -0.015 -0.0003371145802 2
0 0.085 -0.005 -0.0003526971596 2
0 0.085 0.005 -0.0003640589934 2
0 0.085 0.015 -0.000371138099 2
0 0.085 0.025 -0.0003739827334 2
0 0.085 0.035 -0.0003726657579 2
0 0.085 0.045 -0.0003672397794 2
0 0.085 0.055 -0.0003577186128 2
0 0.085 0.065 -0.0003440895973 2
0 0.085 0.075 -0.0003263390991 2
0 0.085 0.085 -0.0003044635365 2
0 0.085 0.095 -0.0002784638811 2
0 0.085 0.105 -0.0002483291702 2
0 0.085 0.115 -0.0002140275113 2
0 0.085 0.125 -0.0001755119593 2
0 0.085 0.135 -0.0001328295214 2
0 0.085 0.145 -8.613305244e-05 2
0 0.085 0.155 -3.637427499e-05 2
0 0.085 0.165 1.422565569e-05 2
0 0.085 0.175 6.25478977e-05 2
0 0.085 0.185 0.0001013322774 2
0 0.085 0.195 0.0001199517708 2
0 0.085 0.205 0.0001169818671 2
0 0.085 0.215 0.000106847313 2
0 0.085 0.225 9.557729499e-05 1
0 0.085 0.235 8.388252676e-05 1
0 0.085 0.245 7.36633329e-05 1
0 0.085 0.255 6.540508919e-05 1
0 0.085 0.265 6.520134385e-05 1
0 0.085 0.275 9.913423114e-05 2
0 0.085 0.285 0.0001535438553 2
0 0.085 0.295 0.0002112645293 2
0 0.085 0.305 0.0002586810953 2
0 0.085 0.315 0.0002953722608 2
0 0.085 0.325 0.0003239001636 2
0 0.085 0.335 0.0003439475293 2
0 0.085 0.345 0.0003536837951 2
0 0.085 0.355 0.000348759292 2
0 0.085 0.365 0.0003252771404 2
0 0.085 0.375 0.0002804688686 2
0 0.085 0.385 0.0002071565441 2
0 0.085 0.395 0.0001280067689 2
0 0.085 0.405 0 2
0 0.085 0.415 0 2
0 0.085 0.425 0 2
0 0.085 0.435 0 2
0 0.085 0.445 0 2
0 0.085 0.455 0 2
0 0.085 0.465 0 2
0 0.095 -0.455 0 1
0 0.095 -0.445 0 1
0 0.095 -0.435 0 1
0 0.095 -0.425 0 1
0 0.095 -0.415 0 1
0 0.095 -0.405 0 1
0 0.095 -0.395 9.571122182e-05 1
0 0.095 -0.385 0.0001677358728 1
0 0.095 -0.375 0.0002258534011 1
0 0.095 -0.365 0.0002729154855 1
0 0.095 -0.355 0.0003228032806 1
0 0.095 -0.345 0.000367717776 1
0 0.095 -0.335 0.0004063939983 1
0 0.095 -0.325 0.0004409894928 1
0 0.095 -0.315 0.0004467312662 2
0 0.095 -0.305 0.0004007317021 2
0 0.095 -0.295 0.0003422444834 2
0 0.095 -0.285 0.0002838619012 2
0 0.095 -0.275 0.0002234080586 2
0 0.095 -0.265 0.000171111146 2
0 0.095 -0.255 0.0001430313683 1
0 0.095 -0.245 0.0001584520475 1
0 0.095 -0.235 0.0001859360689 1
0 0.095 -0.225 0.0002137639586 1
0 0.095 -0.215 0.0002407503135 1
0 0.095 -0.205 0.0002647657323 1
0 0.095 -0.195 0.0002899323423 1
0 0.095 -0.185 0.0003019349661 1
0 0.095 -0.175 0.0002645478174 2
0 0.095 -0.165 0.0002122305328 2
0 0.095 -0.155 0.0001625378843 2
0 0.095 -0.145 0.0001297893841 2
0 0.095 -0.135 0.0001041430774 2
0 0.095 -0.125 8.152167915e-05 2
0 0.095 -0.115 6.061859443e-05 2
0 0.095 -0.105 3.993339235e-05 2
0 0.095 -0.095 1.763599427e-05 2
0 0.095 -0.085 -7.383435534e-06 2
0 0.095 -0.075 -3.638641733e-05 2
0 0.095 -0.065 -6.785698612e-05 2
0 0.095 -0.055 -0.0001007822109 2
0 0.095 -0.045 -0.0001328874702 2
0 0.095 -0.035 -0.0001630593271 2
0 0.095 -0.025 -0.0001900065957 2
0 0.095 -0.015 -0.0002130365935 2
0 0.095 -0.005 -0.0002315531155 2
0 0.095 0.005 -0.0002453194887 2
0 0.095 0.015 -0.0002542800312 2
0 0.095 0.025 -0.0002585192652 2
0 0.095 0.035 -0.0002581655636 2
0 0.095 0.045 -0.0002533520111 2
0 0.095 0.055 -0.0002441901743 2
0 0.095 0.065 -0.0002307686039 2
0 0.095 0.075 -0.000213162311 2
0 0.095 0.085 -0.0001914413073 2
0 0.095 0.095 -0.0001656745164 2
0 0.095 0.105 -0.0001359321438 2
0 0.095 0.115 -0.000102301368 2
0 0.095 0.125 -6.491597072e-05 2
0 0.095 0.135 -2.406477827e-05 2
0 0.095 0.145 1.969953489e-05 2
0 0.095 0.155 6.522017145e-05 2
0 0.095 0.165 0.000110328479 2
0 0.095 0.175 0.0001512752674 2
0 0.095 0.185 0.0001849221055 2
0 0.095 0.195 0.000204545209 2
0 0.095 0.205 0.0002070499462 2
0 0.095 0.215 0.0001985711716 2
0 0.095 0.225 0.0001785896269 2
0 0.095 0.235 0.0001602813491 2
0 0.095 0.245 0.0001455057026 2
0 0.095 0.255 0.0001341971768 2
0 0.095 0.265 0.0001349010106 2
0 0.095 0.275 0.0001670449376 2
0 0.095 0.285 0.0002133335227 2
0 0.095 0.295 0.0002587565859 2
0 0.095 0.305 0.0002955878103 2
0 0.095 0.315 0.0003248942852 2
0 0.095 0.325 0.0003469251458 2
0 0.095 0.335 0.0003614863461 2
0 0.095 0.345 0.0003679541568 2
0 0.095 0.355 0.0003618308466 2
0 0.095 0.365 0.0003360484047 2
0 0.095 0.375 0.0002903108589 2
0 0.095 0.385 0.0002173982775 2
0 0.095 0.395 0.0001351324999 2
0 0.095 0.405 0 2
0 0.095 0.415 0 2
0 0.095 0.425 0 2
0 0.095 0.435 0 2
0 0.095 0.445 0 2
0 0.095 0.455 0 2
0 0.095 0.465 0 2
0 0.105 -0.455 0 1
0 0.105 -0.445 0 1
0 0.105 -0.435 0 1
0 0.105 -0.425 0 1
0 0.105 -0.415 0 1
0 0.105 -0.405 0 1
0 0.105 -0.395 0.0001022033322 1
0 0.105 -0.385 0.0001740893613 1
0 0.105 -0.375 0.0002388354814 1
0 0.105 -0.365 0.0002937308171 1
0 0.105 -0.355 0.0003486448035 1
0 0.105 -0.345 0.0003976125578 1
0 0.105 -0.335 0.0004402783819 1
0 0.105 -0.325 0.000481975789 1
0 0.105 -0.315 0.0005040468823 1
0 0.105 -0.305 0.000468824315 2
0 0.105 -0.295 0.0004142653492 2
0 0.105 -0.285 0.0003635091786 2
0 0.105 -0.275 0.0003115934632 2
0 0.105 -0.265 0.0002629507259 2
0 0.105 -0.255 0.0002277655138 2
0 0.105 -0.245 0.0002265124393 1
0 0.105 -0.235 0.0002507361276 1
0 0.105 -0.225 0.0002767373639 1
0 0.105 -0.215 0.0003086037463 1
0 0.105 -0.205 0.000339490505 1
0 0.105 -0.195 0.0003711490583 1
0 0.105 -0.185 0.0003872357326 1
0 0.105 -0.175 0.0003670879635 2
0 0.105 -0.165 0.0003321859066 2
0 0.105 -0.155 0.0003004812524 2
0 0.105 -0.145 0.0002788950029 2
0 0.105 -0.135 0.0002631562073 2
0 0.105 -0.125 0.0002467792223 2
0 0.105 -0.115 0.0002312450022 2
0 0.105 -0.105 0.0002155332813 2
0 0.105 -0.095 0.000196500519 2
0 0.105 -0.085 0.0001729038104 2
0 0.105 -0.075 0.0001416992921 2
0 0.105 -0.065 0.0001069013285 2
0 0.105 -0.055 6.899582709e-05 2
0 0.105 -0.045 3.194212668e-05 2
0 0.105 -0.035 -3.307102165e-06 2
0 0.105 -0.025 -3.468240948e-05 2
0 0.105 -0.015 -6.148960269e-05 2
0 0.105 -0.005 -8.306519139e-05 2
0 0.105 0.005 -9.929589166e-05 2
0 0.105 0.015 -0.0001101782673 2
0 0.105 0.025 -0.0001158906009 2
0 0.105 0.035 -0.0001166602197 2
0 0.105 0.045 -0.0001127216541 2
0 0.105 0.055 -0.0001042865391 2
0 0.105 0.065 -9.153930191e-05 2
0 0.105 0.075 -7.464114698e-05 2
0 0.105 0.085 -5.374033001e-05 2
0 0.105 0.095 -2.898401237e-05 2
0 0.105 0.105 -5.339388588e-07 2
0 0.105 0.115 3.140409772e-05 2
0 0.105 0.125 6.653442411e-05 2
0 0.105 0.135 0.0001043777269 2
0 0.105 0.145 0.0001441352951 2
0 0.105 0.155 0.0001845117402 2
0 0.105 0.165 0.000223574836 2
0 0.105 0.175 0.0002584371592 2
0 0.105 0.185 0.0002857559024 2
0 0.105 0.195 0.0003019621275 2
0 0.105 0.205 0.000307616129 2
0 0.105 0.215 0.00030208559 2
0 0.105 0.225 0.0002825775921 2
0 0.105 0.235 0.000259497335 2
0 0.105 0.245 0.0002400614524 2
0 0.105 0.255 0.0002274665833 2
0 0.105 0.265 0.0002270059624 2
0 0.105 0.275 0.0002484326915 2
0 0.105 0.285 0.0002806375028 2
0 0.105 0.295 0.0003126504043 2
0 0.105 0.305 0.0003383240786 2
0 0.105 0.315 0.0003577156212 2
0 0.105 0.325 0.0003710223872 2
0 0.105 0.335 0.0003768305056 2
0 0.105 0.345 0.0003781045813 2
0 0.105 0.355 0.0003694063471 2
0 0.105 0.365 0.0003392767672 2
0 0.105 0.375 0.0002872026824 2
0 0.105 0.385 0.0002159968891 2
0 0.105 0.395 0.00013595837 2
0 0.105 0.405 0 2
0 0.105 0.415 0 2
0 0.105 0.425 0 2
0 0.105 0.435 0 2
0 0.105 0.445 0 2
0 0.105 0.455 0 2
0 0.105 0.465 0 2
0 0.115 -0.455 0 1
0 0.115 -0.445 0 1
0 0.115 -0.435 0 1
0 0.115 -0.425 0 1
0 0.115 -0.415 0 1
0 0.115 -0.405 0 1
0 0.115 -0.395 0.000105471601 1
0 0.115 -0.385 0.0001784809433 1
0 0.115 -0.375 0.000251952308 1
0 0.115 -0.365 0.0003164690028 1
0 0.115 -0.355 0.0003762761087 1
0 0.115 -0.345 0.0004300497936 1
0 0.115 -0.335 0.0004778707659 1
0 0.115 -0.325 0.0005237041215 1
0 0.115 -0.315 0.0005529093675 1
0 0.115 -0.305 0.0005365776033 2
0 0.115 -0.295 0.0004933953882 2
0 0.115 -0.285 0.0004481835039 2
0 0.115 -0.275 0.0004047922817 2
0 0.115 -0.265 0.0003632110928 2
0 0.115 -0.255 0.0003298798783 2
0 0.115 -0.245 0.0003185447601 2
0 0.115 -0.235 0.0003297835794 1
0 0.115 -0.225 0.0003532741832 1
0 0.115 -0.215 0.0003865466086 1
0 0.115 -0.205 0.0004195542187 1
0 0.115 -0.195 0.0004558469468 1
0 0.115 -0.185 0.0004778906896 1
0 0.115 -0.175 0.0004819549276 2
0 0.115 -0.165 0.0004675567449 2
0 0.115 -0.155 0.0004564921411 2
0 0.115 -0.145 0.0004495023432 2
0 0.115 -0.135 0.0004503374113 2
0 0.115 -0.125 0.0004397140081 2
0 0.115 -0.115 0.000431445033 2
0 0.115 -0.105 0.0004266878077 2
0 0.115 -0.095 0.0004157083372 2
0 0.115 -0.085 0.0003952319657 2
0 0.115 -0.075 0.000354496225 2
0 0.115 -0.065 0.0003118361157 2
0 0.115 -0.055 0.0002652924559 2
0 0.115 -0.045 0.0002235006547 2
0 0.115 -0.035 0.0001827298705 2
0 0.115 -0.025 0.0001464593009 2
0 0.115 -0.015 0.0001155651203 2
0 0.115 -0.005 9.084670215e-05 2
0 0.115 0.005 7.221163626e-05 2
0 0.115 0.015 5.946350453e-05 2
0 0.115 0.025 5.228336639e-05 2
0 0.115 0.035 5.030833306e-05 2
0 0.115 0.045 5.317925506e-05 2
0 0.115 0.055 6.057967409e-05 2
0 0.115 0.065 7.223149571e-05 2
0 0.115 0.075 8.789070706e-05 2
0 0.115 0.085 0.0001073325924 2
0 0.115 0.095 0.0001303325116 2
0 0.115 0.105 0.000156641084 2
0 0.115 0.115 0.0001859477059 2
0 0.115 0.125 0.0002178289849 2
0 0.115 0.135 0.0002516716191 2
0 0.115 0.145 0.0002865756208 2
0 0.115 0.155 0.0003212244745 2
0 0.115 0.165 0.0003538639739 2
0 0.115 0.175 0.0003822161506 2
0 0.115 0.185 0.0004038841505 2
0 0.115 0.195 0.0004165341674 2
0 0.115 0.205 0.0004190702186 2
0 0.115 0.215 0.0004116581333 2
0 0.115 0.225 0.0003954974314 2
0 0.115 0.235 0.00037551394 2
0 0.115 0.245 0.000356395242 2
0 0.115 0.255 0.0003426212743 2
0 0.115 0.265 0.0003381975856 2
0 0.115 0.275 0.0003457165703 2
0 0.115 0.285 0.0003604652003 2
0 0.115 0.295 0.0003766132122 2
0 0.115 0.305 0.0003893935233 2
0 0.115 0.315 0.0003971971854 2
0 0.115 0.325 0.0004004513438 2
0 0.115 0.335 0.0003961777551 2
0 0.115 0.345 0.0003906381002 2
0 0.115 0.355 0.0003769529231 2
0 0.115 0.365 0.0003391251922 2
0 0.115 0.375 0.0002803624294 2
0 0.115 0.385 0.0002100092157 2
0 0.115 0.395 0.0001322921273 2
0 0.115 0.405 0 2
0 0.115 0.415 0 2
0 0.115 0.425 0 2
0 0.115 0.435 0 2
0 0.115 0.445 0 2
0 0.115 0.455 0 2
0 0.115 0.465 0 2
0 0.125 -0.455 0 1
0 0.125 -0.445 0 1
0 0.125 -0.435 0 1
0 0.125 -0.425 0 1
0 0.125 -0.415 0 1
0 0.125 -0.405 0 1
0 0.125 -0.395 0.0001090453431 1
0 0.125 -0.385 0.000185789075 1
0 0.125 -0.375 0.0002663805465 1
0 0.125 -0.365 0.0003393057561 1
0 0.125 -0.355 0.0004054646537 1
0 0.125 -0.345 0.0004634833071 1
0 0.125 -0.335 0.0005151653949 1
0 0.125 -0.325 0.0005639067387 1
0 0.125 -0.315 0.0006003394028 1
0 0.125 -0.305 0.0006022662365 2
0 0.125 -0.295 0.0005743494428 2
0 0.125 -0.285 0.0005374268784 2
0 0.125 -0.275 0.0005052906879 2
0 0.125 -0.265 0.0004741353816 2
0 0.125 -0.255 0.0004466304691 2
0 0.125 -0.245 0.0004303769162 2
0 0.125 -0.235 0.0004318841098 2
0 0.125 -0.225 0.0004535850683 2
0 0.125 -0.215 0.0004806289539 1
0 0.125 -0.205 0.0005148361708 1
0 0.125 -0.195 0.0005551566064 1
0 0.125 -0.185 0.0005896593534 2
0 0.125 -0.175 0.0006139765921 2
0 0.125 -0.165 0.0006200015953 2
0 0.125 -0.155 0.0006325696383 2
0 0.125 -0.145 0.000642006898 2
0 0.125 -0.135 0.000660367415 2
0 0.125 -0.125 0.0006528250779 2
0 0.125 -0.115 0.0006501633272 2
0 0.125 -0.105 0.0006544735135 2
0 0.125 -0.095 0.0006467063264 2
0 0.125 -0.085 0.0006315700881 2
0 0.125 -0.075 0.0005899447507 2
0 0.125 -0.065 0.0005484522695 2
0 0.125 -0.055 0.0004932554887 2
0 0.125 -0.045 0.0004418238469 2
0 0.125 -0.035 0.0003919218999 2
0 0.125 -0.025 0.0003509953009 2
0 0.125 -0.015 0.0003160063996 2
0 0.125 -0.005 0.0002881406594 2
0 0.125 0.005 0.0002672315287 2
0 0.125 0.015 0.0002528183354 2
0 0.125 0.025 0.0002442862313 2
0 0.125 0.035 0.0002411164724 2
0 0.125 0.045 0.0002428062423 2
0 0.125 0.055 0.0002489291326 2
0 0.125 0.065 0.000259118716 2
0 0.125 0.075 0.0002730557852 2
0 0.125 0.085 0.0002904482083 2
0 0.125 0.095 0.0003110043121 2
0 0.125 0.105 0.0003344022404 2
0 0.125 0.115 0.0003602508975 2
0 0.125 0.125 0.0003880411434 2
0 0.125 0.135 0.000417084613 2
0 0.125 0.145 0.0004464508567 2
0 0.125 0.155 0.0004749013986 2
0 0.125 0.165 0.0005008824602 2
0 0.125 0.175 0.0005225649397 2
0 0.125 0.185 0.0005381414912 2
0 0.125 0.195 0.0005460324466 2
0 0.125 0.205 0.0005453928716 2
0 0.125 0.215 0.0005363209249 2
0 0.125 0.225 0.0005200757185 2
0 0.125 0.235 0.0004999298474 2
0 0.125 0.245 0.0004796276284 2
0 0.125 0.255 0.0004628055604 2
0 0.125 0.265 0.0004521445799 2
0 0.125 0.275 0.0004486100229 2
0 0.125 0.285 0.0004495373073 2
0 0.125 0.295 0.0004513092937 2
0 0.125 0.305 0.0004503551067 2
0 0.125 0.315 0.0004460158686 2
0 0.125 0.325 0.0004371466878 2
0 0.125 0.335 0.0004277261834 2
0 0.125 0.345 0.0004186123543 2
0 0.125 0.355 0.0003874792483 1
0 0.125 0.365 0.0003356155157 1
0 0.125 0.375 0.0002706775457 1
0 0.125 0.385 0.0001951563779 1
0 0.125 0.395 0.0001220287534 1
0 0.125 0.405 0 2
0 0.125 0.415 0 2
0 0.125 0.425 0 2
0 0.125 0.435 0 2
0 0.125 0.445 0 2
0 0.125 0.455 0 2
0 0.125 0.465 0 2
0 0.135 -0.455 0 1
0 0.135 -0.445 0 1
0 0.135 -0.435 0 1
0 0.135 -0.425 0 1
0 0.135 -0.415 0 1
0 0.135 -0.405 0 1
0 0.135 -0.395 0.0001226708144 1
0 0.135 -0.385 0.0002003724937 1
0 0.135 -0.375 0.0002841659956 1
0 0.135 -0.365 0.0003648707191 1
0 0.135 -0.355 0.0004361044566 1
0 0.135 -0.345 0.0004960781223 1
0 0.135 -0.335 0.000551095232 1
0 0.135 -0.325 0.0006042768252 1
0 0.135 -0.315 0.0006487689631 1
0 0.135 -0.305 0.0006653447528 2
0 0.135 -0.295 0.0006534401684 2
0 0.135 -0.285 0.0006300258852 2
0 0.135 -0.275 0.0006093850676 2
0 0.135 -0.265 0.0005897818053 2
0 0.135 -0.255 0.0005723683444 2
0 0.135 -0.245 0.0005614778182 2
0 0.135 -0.235 0.000560399933 2
0 0.135 -0.225 0.0005756914644 2
0 0.135 -0.215 0.0005988883755 2
0 0.135 -0.205 0.000637523953 2
0 0.135 -0.195 0.0006824604222 2
0 0.135 -0.185 0.0007258569748 2
0 0.135 -0.175 0.0007573875038 2
0 0.135 -0.165 0.0007781736462 2
0 0.135 -0.155 0.000810222077 2
0 0.135 -0.145 0.0008318139646 2
0 0.135 -0.135 0.0008666389874 1
0 0.135 -0.125 0.0008575063426 2
0 0.135 -0.115 0.0008595101966 2
0 0.135 -0.105 0.0008774809228 1
0 0.135 -0.095 0.0008746378791 1
0 0.135 -0.085 0.0008653009292 1
0 0.135 -0.075 0.0008243752504 2
0 0.135 -0.065 0.0007924760712 2
0 0.135 -0.055 0.0007385818121 2
0 0.135 -0.045 0.0006811589554 2
0 0.135 -0.035 0.0006240246827 2
0 0.135 -0.025 0.0005751350734 2
0 0.135 -0.015 0.0005367805118 2
0 0.135 -0.005 0.0005063896586 2
0 0.135 0.005 0.0004836364869 2
0 0.135 0.015 0.0004679621815 2
0 0.135 0.025 0.0004583451971 2
0 0.135 0.035 0.0004540991977 2
0 0.135 0.045 0.000454580115 2
0 0.135 0.055 0.0004592504326 2
0 0.135 0.065 0.0004676686477 2
0 0.135 0.075 0.0004794548139 2
0 0.135 0.085 0.0004942659787 2
0 0.135 0.095 0.000511761911 2
0 0.135 0.105 0.0005315711211 2
0 0.135 0.115 0.0005532519865 2
0 0.135 0.125 0.0005762505319 2
0 0.135 0.135 0.0005998548854 2
0 0.135 0.145 0.0006231564723 2
0 0.135 0.155 0.0006450244596 2
0 0.135 0.165 0.0006641285363 2
0 0.135 0.175 0.0006790084579 2
0 0.135 0.185 0.0006882544251 2
0 0.135 0.195 0.000690725092 2
0 0.135 0.205 0.0006858660098 2
0 0.135 0.215 0.0006739250084 2
0 0.135 0.225 0.0006560773835 2
0 0.135 0.235 0.0006345959084 2
0 0.135 0.245 0.0006121568634 2
0 0.135 0.255 0.0005912848908 2
0 0.135 0.265 0.0005736885949 2
0 0.135 0.275 0.0005597814695 2
0 0.135 0.285 0.0005480524805 2
0 0.135 0.295 0.0005363663027 2
0 0.135 0.305 0.0005220852298 2
0 0.135 0.315 0.0005058521847 2
0 0.135 0.325 0.0004836792774 2
0 0.135 0.335 0.0004711766869 2
0 0.135 0.345 0.0004580911086 2
0 0.135 0.355 0.000407793356 1
0 0.135 0.365 0.0003440236385 1
0 0.135 0.375 0.0002774155593 1
0 0.135 0.385 0.0001933552792 1
0 0.135 0.395 0.0001221123994 1
0 0.135 0.405 0 2
0 0.135 0.415 0 2
0 0.135 0.425 0 2
0 0.135 0.435 0 2
0 0.135 0.445 0 2
0 0.135 0.455 0 2
0 0.135 0.465 0 2
0 0.145 -0.455 0 2
0 0.145 -0.445 0 2
0 0.145 -0.435 0 1
0 0.145 -0.425 0 1
0 0.145 -0.415 0 1
0 0.145 -0.405 0 1
0 0.145 -0.395 0.0001440588435 1
0 0.145 -0.385 0.0002212863533 1
0 0.145 -0.375 0.0003043539472 1
0 0.145 -0.365 0.0003897121815 1
0 0.145 -0.355 0.0004636357617 1
0 0.145 -0.345 0.0005248904953 1
0 0.145 -0.335 0.0005839207309 1
0 0.145 -0.325 0.0006422919604 1
0 0.145 -0.315 0.0006953952462 1
0 0.145 -0.305 0.0007275398285 2
0 0.145 -0.295 0.0007332366288 2
0 0.145 -0.285 0.0007252717499 2
0 0.145 -0.275 0.0007175854521 2
0 0.145 -0.265 0.0007091733707 2
0 0.145 -0.255 0.0007033205736 2
0 0.145 -0.245 0.0007032481922 2
0 0.145 -0.235 0.0007088486992 2
0 0.145 -0.225 0.0007231271201 2
0 0.145 -0.215 0.000745981143 2
0 0.145 -0.205 0.0007854676224 2
0 0.145 -0.195 0.0008308478569 2
0 0.145 -0.185 0.0008734831585 2
0 0.145 -0.175 0.0009074841695 2
0 0.145 -0.165 0.0009355112503 2
0 0.145 -0.155 0.0009815718132 1
0 0.145 -0.145 0.001012331147 1
0 0.145 -0.135 0.001035021493 1
0 0.145 -0.125 0.001051393781 1
0 0.145 -0.115 0.001056414211 1
0 0.145 -0.105 0.001057100843 1
0 0.145 -0.095 0.001061223581 1
0 0.145 -0.085 0.001059351886 1
0 0.145 -0.075 0.001056147073 1
0 0.145 -0.065 0.001037251297 1
0 0.145 -0.055 0.0009863120495 2
0 0.145 -0.045 0.0009323988393 2
0 0.145 -0.035 0.0008743237276 2
0 0.145 -0.025 0.0008200828954 2
0 0.145 -0.015 0.0007750306998 2
0 0.145 -0.005 0.0007432692017 2
0 0.145 0.005 0.0007193768962 2
0 0.145 0.015 0.0007029414933 2
0 0.145 0.025 0.0006926775081 2
0 0.145 0.035 0.0006875859924 2
0 0.145 0.045 0.0006869129664 2
0 0.145 0.055 0.0006900188343 2
0 0.145 0.065 0.0006964104346 2
0 0.145 0.075 0.0007056698973 2
0 0.145 0.085 0.0007174271386 2
0 0.145 0.095 0.000731317984 2
0 0.145 0.105 0.0007469485675 2
0 0.145 0.115 0.0007638581614 2
0 0.145 0.125 0.000781483893 2
0 0.145 0.135 0.0007991289058 2
0 0.145 0.145 0.000815941511 2
0 0.145 0.155 0.0008309132293 2
0 0.145 0.165 0.0008429145258 2
0 0.145 0.175 0.0008507718441 2
0 0.145 0.185 0.0008534052487 2
0 0.145 0.195 0.0008499980471 2
0 0.145 0.205 0.0008401994323 2
0 0.145 0.215 0.0008242795253 2
0 0.145 0.225 0.0008031951259 2
0 0.145 0.235 0.0007785650737 2
0 0.145 0.245 0.0007522835662 2
0 0.145 0.255 0.0007260984706 2
0 0.145 0.265 0.0007011352487 2
0 0.145 0.275 0.0006776037775 2
0 0.145 0.285 0.0006545594855 2
0 0.145 0.295 0.0006307361656 2
0 0.145 0.305 0.0006042300526 2
0 0.145 0.315 0.000576479984 2
0 0.145 0.325 0.0005432013292 2
0 0.145 0.335 0.0005221878172 2
0 0.145 0.345 0.0004938584743 1
0 0.145 0.355 0.0004308283187 1
0 0.145 0.365 0.0003575953746 1
0 0.145 0.375 0.0002868402879 1
0 0.145 0.385 0.0001986237519 1
0 0.145 0.395 0.0001268021995 1
0 0.145 0.405 0 1
0 0.145 0.415 0 2
0 0.145 0.425 0 2
0 0.145 0.435 0 2
0 0.145 0.445 0 2
0 0.145 0.455 0 2
0 0.145 0.465 0 2
0 0.155 -0.455 0 2
0 0.155 -0.445 0 2
0 0.155 -0.435 0 2
0 0.155 -0.425 0 2
0 0.155 -0.415 0 2
0 0.155 -0.405 0 2
0 0.155 -0.395 0.0001548522155 2
0 0.155 -0.385 0.0002400913164 2
0 0.155 -0.375 0.000323433075 2
0 0.155 -0.365 0.0004042482069 1
0 0.155 -0.355 0.0004809470127 1
0 0.155 -0.345 0.000548081131 1
0 0.155 -0.335 0.0006134643431 1
0 0.155 -0.325 0.0006775549332 1
0 0.155 -0.315 0.0007379297582 1
0 0.155 -0.305 0.0007889102371 2
0 0.155 -0.295 0.0008147846597 2
0 0.155 -0.285 0.0008221852732 2
0 0.155 -0.275 0.0008280465035 2
0 0.155 -0.265 0.0008318027395 2
0 0.155 -0.255 0.0008371269791 2
0 0.155 -0.245 0.000846256375 2
0 0.155 -0.235 0.0008610178253 2
0 0.155 -0.225 0.0008833734503 2
0 0.155 -0.215 0.0009131550957 2
0 0.155 -0.205 0.0009503715577 2
0 0.155 -0.195 0.0009900734472 2
0 0.155 -0.185 0.0010271955 2
0 0.155 -0.175 0.001059204788 2
0 0.155 -0.165 0.001088153291 2
0 0.155 -0.155 0.001128494434 1
0 0.155 -0.145 0.00116263466 1
0 0.155 -0.135 0.001190171108 1
0 0.155 -0.125 0.001209873357 1
0 0.155 -0.115 0.001220123593 1
0 0.155 -0.105 0.001226424397 1
0 0.155 -0.095 0.001235374145 1
0 0.155 -0.085 0.001241467419 1
0 0.155 -0.075 0.001249420732 1
0 0.155 -0.065 0.001246501567 1
0 0.155 -0.055 0.001232932517 1
0 0.155 -0.045 0.001182426666 2
0 0.155 -0.035 0.001125749609 2
0 0.155 -0.025 0.001075085461 2
0 0.155 -0.015 0.001027640668 2
0 0.155 -0.005 0.0009959238514 2
0 0.155 0.005 0.0009722506386 2
0 0.155 0.015 0.000955822038 2
0 0.155 0.025 0.0009455318482 2
0 0.155 0.035 0.0009399381765 2
0 0.155 0.045 0.0009382356552 2
0 0.155 0.055 0.0009397147253 2
0 0.155 0.065 0.000943866276 2
0 0.155 0.075 0.000950266481 2
0 0.155 0.085 0.0009585478989 2
0 0.155 0.095 0.0009683512055 2
0 0.155 0.105 0.0009792891881 2
0 0.155 0.115 0.0009909119393 2
0 0.155 0.125 0.001002677796 2
0 0.155 0.135 0.001013931837 2
0 0.155 0.145 0.001023897921 2
0 0.155 0.155 0.0010316904 2
0 0.155 0.165 0.001036354814 2
0 0.155 0.175 0.001036941038 2
0 0.155 0.185 0.001032613008 2
0 0.155 0.195 0.00102277865 2
0 0.155 0.205 0.001007223913 2
0 0.155 0.215 0.0009862088596 2
0 0.155 0.225 0.0009604868571 2
0 0.155 0.235 0.0009312278803 2
0 0.155 0.245 0.0008997684563 2
0 0.155 0.255 0.000867311441 2
0 0.155 0.265 0.0008346085511 2
0 0.155 0.275 0.0008017845041 2
0 0.155 0.285 0.0007682237204 2
0 0.155 0.295 0.0007331425075 2
0 0.155 0.305 0.0006952340436 2
0 0.155 0.315 0.0006557688755 2
0 0.155 0.325 0.0006130556219 2
0 0.155 0.335 0.0005752083794 2
0 0.155 0.345 0.000525901109 1
0 0.155 0.355 0.0004558555988 1
0 0.155 0.365 0.0003765893197 1
0 0.155 0.375 0.0002977871462 1
0 0.155 0.385 0.000207946461 1
0 0.155 0.395 0.0001303321512 1
0 0.155 0.405 0 1
0 0.155 0.415 0 2
0 0.155 0.425 0 2
0 0.155 0.435 0 2
0 0.155 0.445 0 2
0 0.155 0.455 0 2
0 0.155 0.465 0 2
0 0.165 -0.455 0 2
0 0.165 -0.445 0 2
0 0.165 -0.435 0 2
0 0.165 -0.425 0 2
0 0.165 -0.415 0 2
0 0.165 -0.405 0 2
0 0.165 -0.395 0.0001566345148 2
0 0.165 -0.385 0.0002527056036 2
0 0.165 -0.375 0.0003367321423 2
0 0.165 -0.365 0.0004087262439 1
0 0.165 -0.355 0.0004889624378 1
0 0.165 -0.345 0.0005657482288 1
0 0.165 -0.335 0.0006381943465 1
0 0.165 -0.325 0.0007095814014 1
0 0.165 -0.315 0.0007800189649 1
0 0.165 -0.305 0.0008530493631 2
0 0.165 -0.295 0.0008973794993 2
0 0.165 -0.285 0.000918780844 2
0 0.165 -0.275 0.0009385698216 2
0 0.165 -0.265 0.0009552719949 2
0 0.165 -0.255 0.0009727620399 2
0 0.165 -0.245 0.0009925648112 2
0 0.165 -0.235 0.001016159795 2
0 0.165 -0.225 0.001044651067 2
0 0.165 -0.215 0.001077905482 2
0 0.165 -0.205 0.001114980216 2
0 0.165 -0.195 0.001152430852 2
0 0.165 -0.185 0.001187028265 2
0 0.165 -0.175 0.001214556067 2
0 0.165 -0.165 0.001240696481 2
0 0.165 -0.155 0.001276158658 1
0 0.165 -0.145 0.001313074578 1
0 0.165 -0.135 0.001344764438 1
0 0.165 -0.125 0.001369900748 1
0 0.165 -0.115 0.001389408218 1
0 0.165 -0.105 0.001405613224 1
0 0.165 -0.095 0.001419962993 1
0 0.165 -0.085 0.001430832331 1
0 0.165 -0.075 0.001441525516 1
0 0.165 -0.065 0.001449013139 1
0 0.165 -0.055 0.001449472061 1
0 0.165 -0.045 0.001437404038 1
0 0.165 -0.035 0.001383075055 2
0 0.165 -0.025 0.001339208215 2
0 0.165 -0.015 0.001296415089 2
0 0.165 -0.005 0.001261659301 2
0 0.165 0.005 0.00124014134 2
0 0.165 0.015 0.001224828108 2
0 0.165 0.025 0.001215265596 2
0 0.165 0.035 0.00120959285 2
0 0.165 0.045 0.00120702323 2
0 0.165 0.055 0.001206837112 2
0 0.165 0.065 0.001208556423 2
0 0.165 0.075 0.001211791253 2
0 0.165 0.085 0.001216210858 2
0 0.165 0.095 0.001221491775 2
0 0.165 0.105 0.00122728235 2
0 0.165 0.115 0.001233170431 2
0 0.165 0.125 0.001238659293 2
0 0.165 0.135 0.001243153465 2
0 0.165 0.145 0.001245959073 2
0 0.165 0.155 0.001246303057 2
0 0.165 0.165 0.001243375877 2
0 0.165 0.175 0.001236398426 2
0 0.165 0.185 0.001224710852 2
0 0.165 0.195 0.001207870896 2
0 0.165 0.205 0.001185744563 2
0 0.165 0.215 0.001158562161 2
0 0.165 0.225 0.001126913033 2
0 0.165 0.235 0.001091664759 2
0 0.165 0.245 0.001053787734 2
0 0.165 0.255 0.00101414095 2
0 0.165 0.265 0.000973255761 2
0 0.165 0.275 0.0009312139005 2
0 0.165 0.285 0.0008875806806 2
0 0.165 0.295 0.0008417388792 2
0 0.165 0.305 0.0007927077322 2
0 0.165 0.315 0.0007408610344 2
0 0.165 0.325 0.000686198354 2
0 0.165 0.335 0.0006283361966 2
0 0.165 0.345 0.0005592574419 1
0 0.165 0.355 0.0004820432531 1
0 0.165 0.365 0.0003981280327 1
0 0.165 0.375 0.0003113475962 1
0 0.165 0.385 0.0002179175883 1
0 0.165 0.395 0.0001322040655 1
0 0.165 0.405 0 1
0 0.165 0.415 0 2
0 0.165 0.425 0 2
0 0.165 0.435 0 2
0 0.165 0.445 0 2
0 0.165 0.455 0 2
0 0.165 0.465 0 2
0 0.175 -0.455 0 2
0 0.175 -0.445 0 2
0 0.175 -0.435 0 2
0 0.175 -0.425 0 2
0 0.175 -0.415 0 2
0 0.175 -0.405 0 2
0 0.175 -0.395 0.000157102566 2
0 0.175 -0.385 0.0002587664814 2
0 0.175 -0.375 0.0003455552486 2
0 0.175 -0.365 0.0004130307015 2
0 0.175 -0.355 0.0004910127827 1
0 0.175 -0.345 0.0005764897997 1
0 0.175 -0.335 0.0006580716382 1
0 0.175 -0.325 0.0007398787545 1
0 0.175 -0.315 0.0008278496286 2
0 0.175 -0.305 0.0009158985703 2
0 0.175 -0.295 0.000974379011 2
0 0.175 -0.285 0.001011950118 2
0 0.175 -0.275 0.001046765536 2
0 0.175 -0.265 0.001077660969 2
0 0.175 -0.255 0.001108243869 2
0 0.175 -0.245 0.00113968443 2
0 0.175 -0.235 0.001173107926 2
0 0.175 -0.225 0.001208937369 2
0 0.175 -0.215 0.001246696593 2
0 0.175 -0.205 0.001285151421 2
0 0.175 -0.195 0.001321610138 2
0 0.175 -0.185 0.001354308027 2
0 0.175 -0.175 0.001377303009 2
0 0.175 -0.165 0.00140183764 2
0 0.175 -0.155 0.001430988608 1
0 0.175 -0.145 0.001473165097 1
0 0.175 -0.135 0.001509769537 1
0 0.175 -0.125 0.001543322892 1
0 0.175 -0.115 0.001569784007 1
0 0.175 -0.105 0.001593009358 1
0 0.175 -0.095 0.001613521163 1
0 0.175 -0.085 0.001631037479 1
0 0.175 -0.075 0.001645744137 1
0 0.175 -0.065 0.001658204406 1
0 0.175 -0.055 0.001668624389 1
0 0.175 -0.045 0.001665496751 1
0 0.175 -0.035 0.001641981539 2
0 0.175 -0.025 0.001602526569 2
0 0.175 -0.015 0.001572203893 2
0 0.175 -0.005 0.001538338889 2
0 0.175 0.005 0.001521121011 2
0 0.175 0.015 0.00150840388 2
0 0.175 0.025 0.001500400854 2
0 0.175 0.035 0.001495095417 2
0 0.175 0.045 0.001491812178 2
0 0.175 0.055 0.001489911084 2
0 0.175 0.065 0.001489000165 2
0 0.175 0.075 0.001488768193 2
0 0.175 0.085 0.001488957111 2
0 0.175 0.095 0.00148931068 2
0 0.175 0.105 0.001489540315 2
0 0.175 0.115 0.00148929506 2
0 0.175 0.125 0.001488141012 2
0 0.175 0.135 0.001485551863 2
0 0.175 0.145 0.001480914307 2
0 0.175 0.155 0.001473551301 2
0 0.175 0.165 0.001462765156 2
0 0.175 0.175 0.001447899148 2
0 0.175 0.185 0.001428412573 2
0 0.175 0.195 0.001403958039 2
0 0.175 0.205 0.001374445746 2
0 0.175 0.215 0.001340076016 2
0 0.175 0.225 0.001301323028 2
0 0.175 0.235 0.001258861868 2
0 0.175 0.245 0.001213438142 2
0 0.175 0.255 0.001165709483 2
0 0.175 0.265 0.001116090405 2
0 0.175 0.275 0.001064643972 2
0 0.175 0.285 0.001011036566 2
0 0.175 0.295 0.0009546075728 2
0 0.175 0.305 0.00089441972 2
0 0.175 0.315 0.0008295984749 2
0 0.175 0.325 0.0007592568433 2
0 0.175 0.335 0.0006823204007 2
0 0.175 0.345 0.0005965175116 1
0 0.175 0.355 0.0005098425786 1
0 0.175 0.365 0.0004196032719 1
0 0.175 0.375 0.0003260588605 1
0 0.175 0.385 0.0002262346155 1
0 0.175 0.395 0.0001333857713 1
0 0.175 0.405 0 1
0 0.175 0.415 0 2
0 0.175 0.425 0 2
0 0.175 0.435 0 2
0 0.175 0.445 0 2
0 0.175 0.455 0 2
0 0.175 0.465 0 2
0 0.185 -0.455 0 2
0 0.185 -0.445 0 2
0 0.185 -0.435 0 2
0 0.185 -0.425 0 2
0 0.185 -0.415 0 2
0 0.185 -0.405 0 2
0 0.185 -0.395 0.0001595502971 2
0 0.185 -0.385 0.0002561778909 2
0 0.185 -0.375 0.000344474021 2
0 0.185 -0.365 0.0004157369594 2
0 0.185 -0.355 0.000489620855 2
0 0.185 -0.345 0.0005774445341 2
0 0.185 -0.335 0.0006705150662 2
0 0.185 -0.325 0.0007683915451 2
0 0.185 -0.315 0.000873905992 2
0 0.185 -0.305 0.0009696848147 2
0 0.185 -0.295 0.001042240551 2
0 0.185 -0.285 0.001099977506 2
0 0.185 -0.275 0.001151389078 2
0 0.185 -0.265 0.001198050436 2
0 0.185 -0.255 0.001242892938 2
0 0.185 -0.245 0.001286942348 2
0 0.185 -0.235 0.001330984159 2
0 0.185 -0.225 0.001375082534 2
0 0.185 -0.215 0.001418589498 2
0 0.185 -0.205 0.001460307627 2
0 0.185 -0.195 0.001497892298 2
0 0.185 -0.185 0.001530418884 2
0 0.185 -0.175 0.001550303786 2
0 0.185 -0.165 0.00157405725 2
0 0.185 -0.155 0.001594414741 1
0 0.185 -0.145 0.001643171673 1
0 0.185 -0.135 0.001683269676 1
0 0.185 -0.125 0.001724264092 1
0 0.185 -0.115 0.001757600256 1
0 0.185 -0.105 0.001787744705 1
0 0.185 -0.095 0.001814675841 1
0 0.185 -0.085 0.001838431682 1
0 0.185 -0.075 0.001859415947 1
0 0.185 -0.065 0.001875926562 1
0 0.185 -0.055 0.001893318491 1
0 0.185 -0.045 0.001896746208 1
0 0.185 -0.035 0.001902668167 1
0 0.185 -0.025 0.001865031944 2
0 0.185 -0.015 0.001849813532 2
0 0.185 -0.005 0.001824765559 2
0 0.185 0.005 0.001813930487 2
0 0.185 0.015 0.001805380229 2
0 0.185 0.025 0.001799692512 2
0 0.185 0.035 0.001795123406 2
0 0.185 0.045 0.001791208138 2
0 0.185 0.055 0.001787487978 2
0 0.185 0.065 0.001783712119 2
0 0.185 0.075 0.001779692436 2
0 0.185 0.085 0.001775278607 2
0 0.185 0.095 0.00177031168 2
0 0.185 0.105 0.00176459145 2
0 0.185 0.115 0.00175784815 2
0 0.185 0.125 0.00174972367 2
0 0.185 0.135 0.001739764528 2
0 0.185 0.145 0.001727429967 2
0 0.185 0.155 0.001712117503 2
0 0.185 0.165 0.001693206551 2
0 0.185 0.175 0.001670117514 2
0 0.185 0.185 0.001642379869 2
0 0.185 0.195 0.001609698331 2
0 0.185 0.205 0.001572003454 2
0 0.185 0.215 0.001529472465 2
0 0.185 0.225 0.00148250941 2
0 0.185 0.235 0.001431681121 2
0 0.185 0.245 0.001377614201 2
0 0.185 0.255 0.001320869809 2
0 0.185 0.265 0.001261823586 2
0 0.185 0.275 0.001200551771 2
0 0.185 0.285 0.001136801794 2
0 0.185 0.295 0.001069808073 2
0 0.185 0.305 0.0009986278963 2
0 0.185 0.315 0.0009209860804 2
0 0.185 0.325 0.0008350269246 2
0 0.185 0.335 0.0007387171886 2
0 0.185 0.345 0.0006357127818 1
0 0.185 0.355 0.0005393278385 1
0 0.185 0.365 0.0004427127854 1
0 0.185 0.375 0.000342303741 1
0 0.185 0.385 0.0002359636585 1
0 0.185 0.395 0.0001353205315 1
0 0.185 0.405 0 1
0 0.185 0.415 0 2
0 0.185 0.425 0 2
0 0.185 0.435 0 2
0 0.185 0.445 0 2
0 0.185 0.455 0 2
0 0.185 0.465 0 2
0 0.195 -0.455 0 2
0 0.195 -0.445 0 2
0 0.195 -0.435 0 2
0 0.195 -0.425 0 2
0 0.195 -0.415 0 2
0 0.195 -0.405 0 2
0 0.195 -0.395 0.000158512233 2
0 0.195 -0.385 0.0002463524539 2
0 0.195 -0.375 0.0003312997864 2
0 0.195 -0.365 0.0004082792291 2
0 0.195 -0.355 0.0004878696013 2
0 0.195 -0.345 0.0005807323072 2
0 0.195 -0.335 0.0006844726079 2
0 0.195 -0.325 0.000795865348 2
0 0.195 -0.315 0.0009117034885 2
0 0.195 -0.305 0.001017094677 2
0 0.195 -0.295 0.001106016067 2
0 0.195 -0.285 0.001183911575 2
0 0.195 -0.275 0.001253016123 2
0 0.195 -0.265 0.001316527259 2
0 0.195 -0.255 0.001376631614 2
0 0.195 -0.245 0.001434328861 2
0 0.195 -0.235 0.001490121728 2
0 0.195 -0.225 0.00154383722 2
0 0.195 -0.215 0.00159471135 2
0 0.195 -0.205 0.001641630289 2
0 0.195 -0.195 0.001682614657 2
0 0.195 -0.185 0.001717176354 2
0 0.195 -0.175 0.001738132948 2
0 0.195 -0.165 0.001758950237 2
0 0.195 -0.155 0.001778594734 2
0 0.195 -0.145 0.001819142249 1
0 0.195 -0.135 0.001864333928 1
0 0.195 -0.125 0.001910739716 1
0 0.195 -0.115 0.001952134152 1
0 0.195 -0.105 0.001988605871 1
0 0.195 -0.095 0.002022166616 1
0 0.195 -0.085 0.002052354782 1
0 0.195 -0.075 0.002079808206 1
0 0.195 -0.065 0.002103028161 1
0 0.195 -0.055 0.002125141203 1
0 0.195 -0.045 0.002137605318 1
0 0.195 -0.035 0.002147967604 1
0 0.195 -0.025 0.00213328138 2
0 0.195 -0.015 0.002130218103 2
0 0.195 -0.005 0.002120867447 2
0 0.195 0.005 0.002118112694 2
0 0.195 0.015 0.002115021874 2
0 0.195 0.025 0.002112131994 2
0 0.195 0.035 0.002108477545 2
0 0.195 0.045 0.002103875581 2
0 0.195 0.055 0.002098135536 2
0 0.195 0.065 0.002091193077 2
0 0.195 0.075 0.002083021685 2
0 0.195 0.085 0.002073610367 2
0 0.195 0.095 0.002062925011 2
0 0.195 0.105 0.002050876622 2
0 0.195 0.115 0.002037293573 2
0 0.195 0.125 0.002021902691 2
0 0.195 0.135 0.002004322466 2
0 0.195 0.145 0.001984071904 2
0 0.195 0.155 0.001960597467 2
0 0.195 0.165 0.001933318483 2
0 0.195 0.175 0.001901687711 2
0 0.195 0.185 0.00186525969 2
0 0.195 0.195 0.001823755096 2
0 0.195 0.205 0.001777107651 2
0 0.195 0.215 0.001725481013 2
0 0.195 0.225 0.001669248234 2
0 0.195 0.235 0.001608933274 2
0 0.195 0.245 0.001545122675 2
0 0.195 0.255 0.001478358161 2
0 0.195 0.265 0.001409036175 2
0 0.195 0.275 0.001337286378 2
0 0.195 0.285 0.001262959771 2
0 0.195 0.295 0.001185261322 2
0 0.195 0.305 0.001103428723 2
0 0.195 0.315 0.001013895164 2
0 0.195 0.325 0.0009165784567 2
0 0.195 0.335 0.0007993288844 2
0 0.195 0.345 0.0006746541518 1
0 0.195 0.355 0.0005705132452 1
0 0.195 0.365 0.0004692253667 1
0 0.195 0.375 0.0003602999765 1
0 0.195 0.385 0.0002517577809 1
0 0.195 0.395 0.0001417611316 1
0 0.195 0.405 0 1
0 0.195 0.415 0 2
0 0.195 0.425 0 2
0 0.195 0.435 0 2
0 0.195 0.445 0 2
0 0.195 0.455 0 2
0 0.195 0.465 0 2
0 0.205 -0.455 0 2
0 0.205 -0.445 0 2
0 0.205 -0.435 0 2
0 0.205 -0.425 0 2
0 0.205 -0.415 0 2
0 0.205 -0.405 0 2
0 0.205 -0.395 0.0001490182829 2
0 0.205 -0.385 0.0002290567184 2
0 0.205 -0.375 0.0003107193747 2
0 0.205 -0.365 0.000397026583 2
0 0.205 -0.355 0.00048826309 2
0 0.205 -0.345 0.0005914511059 2
0 0.205 -0.335 0.0007053253804 2
0 0.205 -0.325 0.0008262946181 2
0 0.205 -0.315 0.0009492271542 2
0 0.205 -0.305 0.001065881197 2
0 0.205 -0.295 0.001171514713 2
0 0.205 -0.285 0.001266685962 2
0 0.205 -0.275 0.001353440601 2
0 0.205 -0.265 0.001434020759 2
0 0.205 -0.255 0.001509988545 2
0 0.205 -0.245 0.001582193426 2
0 0.205 -0.235 0.001650856972 2
0 0.205 -0.225 0.001715596546 2
0 0.205 -0.215 0.001775537668 2
0 0.205 -0.205 0.001829628384 2
0 0.205 -0.195 0.001876322767 2
0 0.205 -0.185 0.001915251909 2
0 0.205 -0.175 0.001942642368 2
0 0.205 -0.165 0.001962595263 2
0 0.205 -0.155 0.001983311785 2
0 0.205 -0.145 0.002005492956 1
0 0.205 -0.135 0.002054127179 1
0 0.205 -0.125 0.002104375608 1
0 0.205 -0.115 0.002152908751 1
0 0.205 -0.105 0.002196893664 1
0 0.205 -0.095 0.002236875445 1
0 0.205 -0.085 0.002272935154 1
0 0.205 -0.075 0.002306809415 1
0 0.205 -0.065 0.00233698536 1
0 0.205 -0.055 0.002362476707 1
0 0.205 -0.045 0.002382972112 1
0 0.205 -0.035 0.002398698661 1
0 0.205 -0.025 0.002407318703 2
0 0.205 -0.015 0.002418885411 2
0 0.205 -0.005 0.002428031795 2
0 0.205 0.005 0.002434044477 2
0 0.205 0.015 0.002436925447 2
0 0.205 0.025 0.002436887903 2
0 0.205 0.035 0.002434042817 2
0 0.205 0.045 0.002428512026 2
0 0.205 0.055 0.002420419726 2
0 0.205 0.065 0.002409916079 2
0 0.205 0.075 0.002397165107 2
0 0.205 0.085 0.002382321856 2
0 0.205 0.095 0.002365501616 2
0 0.205 0.105 0.002346746994 2
0 0.205 0.115 0.002325999053 2
0 0.205 0.125 0.002303075984 2
0 0.205 0.135 0.002277664238 2
0 0.205 0.145 0.002249326097 2
0 0.205 0.155 0.002217527311 2
0 0.205 0.165 0.002181686033 2
0 0.205 0.175 0.002141239737 2
0 0.205 0.185 0.0020957219 2
0 0.205 0.195 0.002044834134 2
0 0.205 0.205 0.001988498239 2
0 0.205 0.215 0.001926874265 2
0 0.205 0.225 0.00186033898 2
0 0.205 0.235 0.001789426952 2
0 0.205 0.245 0.001714745754 2
0 0.205 0.255 0.001636874761 2
0 0.205 0.265 0.001556273889 2
0 0.205 0.275 0.00147316014 2
0 0.205 0.285 0.001387510383 2
0 0.205 0.295 0.001298616406 2
0 0.205 0.305 0.001205997912 2
0 0.205 0.315 0.001105440337 2
0 0.205 0.325 0.0009998972851 2
0 0.205 0.335 0.0008648069613 2
0 0.205 0.345 0.0007163646335 1
0 0.205 0.355 0.0006041672865 1
0 0.205 0.365 0.0004961785398 1
0 0.205 0.375 0.000377655038 1
0 0.205 0.385 0.0002684675234 1
0 0.205 0.395 0.000151180675 1
0 0.205 0.405 0 1
0 0.205 0.415 0 2
0 0.205 0.425 0 2
0 0.205 0.435 0 2
0 0.205 0.445 0 2
0 0.205 0.455 0 2
0 0.205 0.465 0 2
0 0.215 -0.455 0 2
0 0.215 -0.445 0 2
0 0.215 -0.435 0 2
0 0.215 -0.425 0 2
0 0.215 -0.415 0 2
0 0.215 -0.405 0 2
0 0.215 -0.395 0.0001375971947 2
0 0.215 -0.385 0.0002141494673 2
0 0.215 -0.375 0.0002930759341 2
0 0.215 -0.365 0.000387429184 2
0 0.215 -0.355 0.0004940182633 2
0 0.215 -0.345 0.0006083028825 2
0 0.215 -0.335 0.0007325656982 2
0 0.215 -0.325 0.0008625273961 2
0 0.215 -0.315 0.0009937354763 2
0 0.215 -0.305 0.001120691693 2
0 0.215 -0.295 0.001239938875 2
0 0.215 -0.285 0.001350895616 2
0 0.215 -0.275 0.001454347261 2
0 0.215 -0.265 0.001551583345 2
0 0.215 -0.255 0.001643620982 2
0 0.215 -0.245 0.001730990125 2
0 0.215 -0.235 0.001813591098 2
0 0.215 -0.225 0.001890769158 2
0 0.215 -0.215 0.001961455098 2
0 0.215 -0.205 0.002024568917 2
0 0.215 -0.195 0.002079029837 2
0 0.215 -0.185 0.002124547253 2
0 0.215 -0.175 0.002161703096 2
0 0.215 -0.165 0.002186773016 2
0 0.215 -0.155 0.002209042899 2
0 0.215 -0.145 0.002227599235 2
0 0.215 -0.135 0.002255545286 1
0 0.215 -0.125 0.002302723567 1
0 0.215 -0.115 0.002353933854 1
0 0.215 -0.105 0.0024028436 1
0 0.215 -0.095 0.00245128228 1
0 0.215 -0.085 0.0024916794 1
0 0.215 -0.075 0.002534795934 1
0 0.215 -0.065 0.002576320182 1
0 0.215 -0.055 0.002608039439 1
0 0.215 -0.045 0.00263869848 1
0 0.215 -0.035 0.002659592551 1
0 0.215 -0.025 0.002693934999 2
0 0.215 -0.015 0.002720714459 2
0 0.215 -0.005 0.002748098648 2
0 0.215 0.005 0.002762389398 2
0 0.215 0.015 0.002770789486 2
0 0.215 0.025 0.002773182573 2
0 0.215 0.035 0.002770721065 2
0 0.215 0.045 0.002763807428 2
0 0.215 0.055 0.002752878034 2
0 0.215 0.065 0.002738307277 2
0 0.215 0.075 0.002720469231 2
0 0.215 0.085 0.002699707045 2
0 0.215 0.095 0.002676307266 2
0 0.215 0.105 0.002650462347 2
0 0.215 0.115 0.002622238903 2
0 0.215 0.125 0.002591551397 2
0 0.215 0.135 0.002558148478 2
0 0.215 0.145 0.002521616545 2
0 0.215 0.155 0.002481406617 2
0 0.215 0.165 0.002436888469 2
0 0.215 0.175 0.002387429455 2
0 0.215 0.185 0.002332489515 2
0 0.215 0.195 0.00227171241 2
0 0.215 0.205 0.002204992546 2
0 0.215 0.215 0.002132497703 2
0 0.215 0.225 0.002054643239 2
0 0.215 0.235 0.001972023607 2
0 0.215 0.245 0.001885319143 2
0 0.215 0.255 0.00179519038 2
0 0.215 0.265 0.001702187175 2
0 0.215 0.275 0.001606628789 2
0 0.215 0.285 0.001508608612 2
0 0.215 0.295 0.001407574431 2
0 0.215 0.305 0.001303194086 2
0 0.215 0.315 0.001191688403 2
0 0.215 0.325 0.001075777237 2
0 0.215 0.335 0.0009325997698 2
0 0.215 0.345 0.000771728961 2
0 0.215 0.355 0.0006396293446 1
0 0.215 0.365 0.0005202974939 1
0 0.215 0.375 0.0003964414691 1
0 0.215 0.385 0.0002808309864 1
0 0.215 0.395 0.0001599820983 1
0 0.215 0.405 0 2
0 0.215 0.415 0 2
0 0.215 0.425 0 2
0 0.215 0.435 0 2
0 0.215 0.445 0 2
0 0.215 0.455 0 2
0 0.215 0.465 0 2
0 0.225 -0.455 0 2
0 0.225 -0.445 0 2
0 0.225 -0.435 0 2
0 0.225 -0.425 0 1
0 0.225 -0.415 0 1
0 0.225 -0.405 0 1
0 0.225 -0.395 0.0001260522772 1
0 0.225 -0.385 0.0002143682263 2
0 0.225 -0.375 0.0002904521987 2
0 0.225 -0.365 0.0003858821511 2
0 0.225 -0.355 0.0005054351673 2
0 0.225 -0.345 0.0006301649167 2
0 0.225 -0.335 0.0007645493315 2
0 0.225 -0.325 0.0009037775941 2
0 0.225 -0.315 0.001043740504 2
0 0.225 -0.305 0.001180912631 2
0 0.225 -0.295 0.001312603242 2
0 0.225 -0.285 0.001437851188 2
0 0.225 -0.275 0.001556748382 2
0 0.225 -0.265 0.001669922628 2
0 0.225 -0.255 0.001777935062 2
0 0.225 -0.245 0.001880944956 2
0 0.225 -0.235 0.001978492707 2
0 0.225 -0.225 0.002069538496 2
0 0.225 -0.215 0.002152615122 2
0 0.225 -0.205 0.002226414722 2
0 0.225 -0.195 0.002290182519 2
0 0.225 -0.185 0.002344038486 2
0 0.225 -0.175 0.00238941997 2
0 0.225 -0.165 0.002424517734 2
0 0.225 -0.155 0.002452841268 2
0 0.225 -0.145 0.002477544173 2
0 0.225 -0.135 0.002503554825 2
0 0.225 -0.125 0.002530301027 1
0 0.225 -0.115 0.002579725661 1
0 0.225 -0.105 0.002629341144 1
0 0.225 -0.095 0.002685469665 1
0 0.225 -0.085 0.002726460626 1
0 0.225 -0.075 0.002773544914 1
0 0.225 -0.065 0.002820989411 1
0 0.225 -0.055 0.002855843001 1
0 0.225 -0.045 0.002898398037 1
0 0.225 -0.035 0.002930194347 1
0 0.225 -0.025 0.002998390604 2
0 0.225 -0.015 0.003040662366 2
0 0.225 -0.005 0.003082668864 2
0 0.225 0.005 0.003103663367 2
0 0.225 0.015 0.003116236611 2
0 0.225 0.025 0.00312019525 2
0 0.225 0.035 0.003117379819 2
0 0.225 0.045 0.003108410214 2
0 0.225 0.055 0.003093993187 2
0 0.225 0.065 0.003074723702 2
0 0.225 0.075 0.003051200007 2
0 0.225 0.085 0.00302397159 2
0 0.225 0.095 0.00299351545 2
0 0.225 0.105 0.002960189385 2
0 0.225 0.115 0.002924197055 2
0 0.225 0.125 0.002885553815 2
0 0.225 0.135 0.002844064927 2
0 0.225 0.145 0.002799320642 2
0 0.225 0.155 0.002750718763 2
0 0.225 0.165 0.002697524692 2
0 0.225 0.175 0.002638967988 2
0 0.225 0.185 0.002574369532 2
0 0.225 0.195 0.002503267349 2
0 0.225 0.205 0.002425511582 2
0 0.225 0.215 0.002341294286 2
0 0.225 0.225 0.002251112243 2
0 0.225 0.235 0.002155674541 2
0 0.225 0.245 0.002055786112 2
0 0.225 0.255 0.001952226274 2
0 0.225 0.265 0.001845650557 2
0 0.225 0.275 0.001736477755 2
0 0.225 0.285 0.001624881525 2
0 0.225 0.295 0.001510468925 2
0 0.225 0.305 0.001392830374 2
0 0.225 0.315 0.001269374822 2
0 0.225 0.325 0.001139249896 2
0 0.225 0.335 0.0009946316822 2
0 0.225 0.345 0.0008313729142 2
0 0.225 0.355 0.0006743930935 1
0 0.225 0.365 0.0005400543184 1
0 0.225 0.375 0.0004143183479 1
0 0.225 0.385 0.0002869716439 1
0 0.225 0.395 0.0001666471413 1
0 0.225 0.405 0 2
0 0.225 0.415 0 2
0 0.225 0.425 0 2
0 0.225 0.435 0 2
0 0.225 0.445 0 2
0 0.225 0.455 0 2
0 0.225 0.465 0 2
0 0.235 -0.455 0 2
0 0.235 -0.445 0 2
0 0.235 -0.435 0 1
0 0.235 -0.425 0 1
0 0.235 -0.415 0 1
0 0.235 -0.405 0 1
0 0.235 -0.395 0.0001215205783 1
0 0.235 -0.385 0.0002175849736 1
0 0.235 -0.375 0.0003070165012 2
0 0.235 -0.365 0.0003973238467 2
0 0.235 -0.355 0.0005195323342 2
0 0.235 -0.345 0.0006582548815 2
0 0.235 -0.335 0.0008019407035 2
0 0.235 -0.325 0.0009505408367 2
0 0.235 -0.315 0.001099426475 2
0 0.235 -0.305 0.001246461656 2
0 0.235 -0.295 0.00138953267 2
0 0.235 -0.285 0.001527733217 2
0 0.235 -0.275 0.001660854701 2
0 0.235 -0.265 0.001789139131 2
0 0.235 -0.255 0.001912815159 2
0 0.235 -0.245 0.002031767236 2
0 0.235 -0.235 0.00214517843 2
0 0.235 -0.225 0.002251526504 2
0 0.235 -0.215 0.00234861556 2
0 0.235 -0.205 0.00243458352 2
0 0.235 -0.195 0.002508633941 2
0 0.235 -0.185 0.002571726318 2
0 0.235 -0.175 0.002626236869 2
0 0.235 -0.165 0.002674737069 2
0 0.235 -0.155 0.002717389098 2
0 0.235 -0.145 0.002754977211 2
0 0.235 -0.135 0.002790268577 2
0 0.235 -0.125 0.002823141634 2
0 0.235 -0.115 0.0028737978 2
0 0.235 -0.105 0.002928099391 2
0 0.235 -0.095 0.002965084965 1
0 0.235 -0.085 0.00303616556 2
0 0.235 -0.075 0.003084139348 2
0 0.235 -0.065 0.003106884687 1
0 0.235 -0.055 0.003145195488 1
0 0.235 -0.045 0.003192638489 1
0 0.235 -0.035 0.003258800368 2
0 0.235 -0.025 0.003330579392 2
0 0.235 -0.015 0.003384707313 2
0 0.235 -0.005 0.003432885466 2
0 0.235 0.005 0.003457889186 2
0 0.235 0.015 0.003472632824 2
0 0.235 0.025 0.003476934115 2
0 0.235 0.035 0.003472768325 2
0 0.235 0.045 0.003460868178 2
0 0.235 0.055 0.003442151693 2
0 0.235 0.065 0.003417423233 2
0 0.235 0.075 0.003387521931 2
0 0.235 0.085 0.003353219584 2
0 0.235 0.095 0.003315201326 2
0 0.235 0.105 0.003274001875 2
0 0.235 0.115 0.003229971812 2
0 0.235 0.125 0.003183232794 2
0 0.235 0.135 0.003133643952 2
0 0.235 0.145 0.003080781057 2
0 0.235 0.155 0.003023946655 2
0 0.235 0.165 0.002962234398 2
0 0.235 0.175 0.002894647751 2
0 0.235 0.185 0.00282028065 2
0 0.235 0.195 0.002738501182 2
0 0.235 0.205 0.002649097412 2
0 0.235 0.215 0.002552314903 2
0 0.235 0.225 0.00244879464 2
0 0.235 0.235 0.002339432438 2
0 0.235 0.245 0.002225219604 2
0 0.235 0.255 0.002107093698 2
0 0.235 0.265 0.001985828929 2
0 0.235 0.275 0.001861934657 2
0 0.235 0.285 0.001735630264 2
0 0.235 0.295 0.00160665448 2
0 0.235 0.305 0.001474433054 2
0 0.235 0.315 0.001337535998 2
0 0.235 0.325 0.001193056588 2
0 0.235 0.335 0.001043534823 2
0 0.235 0.345 0.0008773244626 2
0 0.235 0.355 0.0007028448153 2
0 0.235 0.365 0.0005500072089 2
0 0.235 0.375 0.0004160157636 2
0 0.235 0.385 0.0002812597471 2
0 0.235 0.395 0.0001651847323 2
0 0.235 0.405 0 2
0 0.235 0.415 0 2
0 0.235 0.425 0 2
0 0.235 0.435 0 2
0 0.235 0.445 0 2
0 0.235 0.455 0 2
0 0.235 0.465 0 2
0 0.245 -0.455 0 2
0 0.245 -0.445 0 2
0 0.245 -0.435 0 1
0 0.245 -0.425 0 1
0 0.245 -0.415 0 1
0 0.245 -0.405 0 1
0 0.245 -0.395 0.0001176982558 1
0 0.245 -0.385 0.0002193474568 1
0 0.245 -0.375 0.0003257604067 2
0 0.245 -0.365 0.0004176704984 2
0 0.245 -0.355 0.0005401106595 2
0 0.245 -0.345 0.000692992897 2
0 0.245 -0.335 0.0008451774431 2
0 0.245 -0.325 0.001002575802 2
0 0.245 -0.315 0.001160052772 2
0 0.245 -0.305 0.001316424585 2
0 0.245 -0.295 0.001470004037 2
0 0.245 -0.285 0.001620043886 2
0 0.245 -0.275 0.00176625584 2
0 0.245 -0.265 0.001908730288 2
0 0.245 -0.255 0.002047557763 2
0 0.245 -0.245 0.002182607012 2
0 0.245 -0.235 0.002312871872 2
0 0.245 -0.225 0.002436403487 2
0 0.245 -0.215 0.002549658571 2
0 0.245 -0.205 0.002649544701 2
0 0.245 -0.195 0.002734358588 2
0 0.245 -0.185 0.002806350681 2
0 0.245 -0.175 0.002869673977 2
0 0.245 -0.165 0.00292853853 2
0 0.245 -0.155 0.002987529351 2
0 0.245 -0.145 0.003044513937 2
0 0.245 -0.135 0.003102096581 2
0 0.245 -0.125 0.003155479167 2
0 0.245 -0.115 0.003215987895 2
0 0.245 -0.105 0.003279542843 2
0 0.245 -0.095 0.0033298996 2
0 0.245 -0.085 0.003402698125 2
0 0.245 -0.075 0.003453391902 2
0 0.245 -0.065 0.003481769406 2
0 0.245 -0.055 0.003520370704 2
0 0.245 -0.045 0.003563388224 2
0 0.245 -0.035 0.003630739815 2
0 0.245 -0.025 0.003696556225 2
0 0.245 -0.015 0.00375368243 2
0 0.245 -0.005 0.003798259868 2
0 0.245 0.005 0.003824365664 2
0 0.245 0.015 0.003839143389 2
0 0.245 0.025 0.003842309812 2
0 0.245 0.035 0.003835561153 2
0 0.245 0.045 0.003819625654 2
0 0.245 0.055 0.003795610095 2
0 0.245 0.065 0.003764516953 2
0 0.245 0.075 0.003727457406 2
0 0.245 0.085 0.003685428662 2
0 0.245 0.095 0.003639333238 2
0 0.245 0.105 0.003589883557 2
0 0.245 0.115 0.003537585175 2
0 0.245 0.125 0.003482674448 2
0 0.245 0.135 0.003425069246 2
0 0.245 0.145 0.003364320463 2
0 0.245 0.155 0.003299592746 2
0 0.245 0.165 0.003229727634 2
0 0.245 0.175 0.003153381457 2
0 0.245 0.185 0.003069296189 2
0 0.245 0.195 0.002976576888 2
0 0.245 0.205 0.002874933163 2
0 0.245 0.215 0.002764719526 2
0 0.245 0.225 0.002646823292 2
0 0.245 0.235 0.002522431588 2
0 0.245 0.245 0.002392802628 2
0 0.245 0.255 0.002259077197 2
0 0.245 0.265 0.002122161845 2
0 0.245 0.275 0.001982649075 2
0 0.245 0.285 0.00184079061 2
0 0.245 0.295 0.001696427856 2
0 0.245 0.305 0.001548944828 2
0 0.245 0.315 0.001397527225 2
0 0.245 0.325 0.00123998047 2
0 0.245 0.335 0.001077178441 2
0 0.245 0.345 0.000902746572 2
0 0.245 0.355 0.000723975095 2
0 0.245 0.365 0.0005603886979 2
0 0.245 0.375 0.0004152139958 2
0 0.245 0.385 0.0002763336889 2
0 0.245 0.395 0.0001574919445 2
0 0.245 0.405 0 2
0 0.245 0.415 0 2
0 0.245 0.425 0 2
0 0.245 0.435 0 2
0 0.245 0.445 0 2
0 0.245 0.455 0 2
0 0.245 0.465 0 2
0 0.255 -0.455 0 2
0 0.255 -0.445 0 2
0 0.255 -0.435 0 1
0 0.255 -0.425 0 1
0 0.255 -0.415 0 1
0 0.255 -0.405 0 1
0 0.255 -0.395 0.0001168614882 1
0 0.255 -0.385 0.0002191304222 1
0 0.255 -0.375 0.0003330823536 1
0 0.255 -0.365 0.0004407497332 2
0 0.255 -0.355 0.0005709541691 2
0 0.255 -0.345 0.0007333935179 2
0 0.255 -0.335 0.0008937653559 2
0 0.255 -0.325 0.001059120755 2
0 0.255 -0.315 0.001224678825 2
0 0.255 -0.305 0.001389768368 2
0 0.255 -0.295 0.001553038896 2
0 0.255 -0.285 0.001713898275 2
0 0.255 -0.275 0.001872094915 2
0 0.255 -0.265 0.002027721039 2
0 0.255 -0.255 0.002180912002 2
0 0.255 -0.245 0.002331773925 2
0 0.255 -0.235 0.002479308507 2
0 0.255 -0.225 0.002621483687 2
0 0.255 -0.215 0.002752660883 2
0 0.255 -0.205 0.002868069837 2
0 0.255 -0.195 0.002963757564 2
0 0.255 -0.185 0.00304409726 2
0 0.255 -0.175 0.003115541199 2
0 0.255 -0.165 0.003184078549 2
0 0.255 -0.155 0.003257164195 2
0 0.255 -0.145 0.003335421924 2
0 0.255 -0.135 0.003418985814 2
0 0.255 -0.125 0.003503262249 2
0 0.255 -0.115 0.003591394339 2
0 0.255 -0.105 0.003679163106 2
0 0.255 -0.095 0.003761288479 2
0 0.255 -0.085 0.003840825565 2
0 0.255 -0.075 0.003900622452 2
0 0.255 -0.065 0.003933961081 2
0 0.255 -0.055 0.003964322626 2
0 0.255 -0.045 0.003989881402 2
0 0.255 -0.035 0.004040955392 2
0 0.255 -0.025 0.004091011898 2
0 0.255 -0.015 0.004139887142 2
0 0.255 -0.005 0.00417617779 2
0 0.255 0.005 0.004201049752 2
0 0.255 0.015 0.004214087592 2
0 0.255 0.025 0.004214656446 2
0 0.255 0.035 0.004204050821 2
0 0.255 0.045 0.004182852483 2
0 0.255 0.055 0.004152428549 2
0 0.255 0.065 0.004113945036 2
0 0.255 0.075 0.004068875408 2
0 0.255 0.085 0.004018441768 2
0 0.255 0.095 0.003963774568 2
0 0.255 0.105 0.003905742045 2
0 0.255 0.115 0.003845003665 2
0 0.255 0.125 0.003781921732 2
0 0.255 0.135 0.003716491952 2
0 0.255 0.145 0.003648248304 2
0 0.255 0.155 0.003576180961 2
0 0.255 0.165 0.003498790138 2
0 0.255 0.175 0.003414212937 2
0 0.255 0.185 0.003320655583 2
0 0.255 0.195 0.0032168157 2
0 0.255 0.205 0.003102317489 2
0 0.255 0.215 0.002977729318 2
0 0.255 0.225 0.002844355297 2
0 0.255 0.235 0.002703825581 2
0 0.255 0.245 0.0025577669 2
0 0.255 0.255 0.002407568641 2
0 0.255 0.265 0.002254278058 2
0 0.255 0.275 0.002098561258 2
0 0.255 0.285 0.001940703764 2
0 0.255 0.295 0.00178062936 2
0 0.255 0.305 0.001617833152 2
0 0.255 0.315 0.001451733079 2
0 0.255 0.325 0.001281038696 2
0 0.255 0.335 0.001105261214 2
0 0.255 0.345 0.0009242370123 2
0 0.255 0.355 0.0007436794471 2
0 0.255 0.365 0.0005731954988 2
0 0.255 0.375 0.0004176271058 2
0 0.255 0.385 0.0002735833078 2
0 0.255 0.395 0.0001489052316 2
0 0.255 0.405 0 2
0 0.255 0.415 0 2
0 0.255 0.425 0 2
0 0.255 0.435 0 2
0 0.255 0.445 0 2
0 0.255 0.455 0 2
0 0.255 0.465 0 2
0 0.265 -0.455 0 2
0 0.265 -0.445 0 2
0 0.265 -0.435 0 1
0 0.265 -0.425 0 1
0 0.265 -0.415 0 1
0 0.265 -0.405 0 1
0 0.265 -0.395 0.0001197472916 1
0 0.265 -0.385 0.0002218041417 1
0 0.265 -0.375 0.0003361641845 1
0 0.265 -0.365 0.0004605809529 2
0 0.265 -0.355 0.0006075583455 2
0 0.265 -0.345 0.0007772089511 2
0 0.265 -0.335 0.0009459689593 2
0 0.265 -0.325 0.001118696087 2
0 0.265 -0.315 0.001291921289 2
0 0.265 -0.305 0.001465187464 2
0 0.265 -0.295 0.001637450663 2
0 0.265 -0.285 0.001808223665 2
0 0.265 -0.275 0.001977325917 2
0 0.265 -0.265 0.00214492209 2
0 0.265 -0.255 0.002311443487 2
0 0.265 -0.245 0.002477304043 2
0 0.265 -0.235 0.002641639695 2
0 0.265 -0.225 0.002806224724 2
0 0.265 -0.215 0.002961531105 2
0 0.265 -0.205 0.003099546245 2
0 0.265 -0.195 0.003207076958 2
0 0.265 -0.185 0.003293140448 2
0 0.265 -0.175 0.003368184107 2
0 0.265 -0.165 0.003439022621 2
0 0.265 -0.155 0.003523873768 2
0 0.265 -0.145 0.003619360205 2
0 0.265 -0.135 0.003728468464 2
0 0.265 -0.125 0.00384052668 2
0 0.265 -0.115 0.003957196438 2
0 0.265 -0.105 0.004060360129 2
0 0.265 -0.095 0.004165762867 2
0 0.265 -0.085 0.004247734491 2
0 0.265 -0.075 0.004319392529 2
0 0.265 -0.065 0.004375378767 2
0 0.265 -0.055 0.004416885634 2
0 0.265 -0.045 0.004435599117 2
0 0.265 -0.035 0.004461428057 2
0 0.265 -0.025 0.004495907168 2
0 0.265 -0.015 0.004531793518 2
0 0.265 -0.005 0.004565335626 2
0 0.265 0.005 0.004587393212 2
0 0.265 0.015 0.004597126361 2
0 0.265 0.025 0.004593093788 2
0 0.265 0.035 0.004576813949 2
0 0.265 0.045 0.004548495768 2
0 0.265 0.055 0.00451025446 2
0 0.265 0.065 0.00446322583 2
0 0.265 0.075 0.004409355308 2
0 0.265 0.085 0.00434991873 2
0 0.265 0.095 0.004286287324 2
0 0.265 0.105 0.00421943547 2
0 0.265 0.115 0.004150172506 2
0 0.265 0.125 0.004079009718 2
0 0.265 0.135 0.004006065071 2
0 0.265 0.145 0.003930900896 2
0 0.265 0.155 0.003852312082 2
0 0.265 0.165 0.003768377081 2
0 0.265 0.175 0.003676451548 2
0 0.265 0.185 0.003573922656 2
0 0.265 0.195 0.003458827297 2
0 0.265 0.205 0.003330728147 2
0 0.265 0.215 0.003190612271 2
0 0.265 0.225 0.003040504264 2
0 0.265 0.235 0.002882698237 2
0 0.265 0.245 0.002719302833 2
0 0.265 0.255 0.002551974834 2
0 0.265 0.265 0.002381881753 2
0 0.265 0.275 0.002209737579 2
0 0.265 0.285 0.00203586331 2
0 0.265 0.295 0.001860266445 2
0 0.265 0.305 0.001682657849 2
0 0.265 0.315 0.00150267888 2
0 0.265 0.325 0.001319848511 2
0 0.265 0.335 0.001134439108 2
0 0.265 0.345 0.0009478075667 2
0 0.265 0.355 0.0007642608303 2
0 0.265 0.365 0.0005896807465 2
0 0.265 0.375 0.0004281898637 2
0 0.265 0.385 0.0002784625567 2
0 0.265 0.395 0.0001483828387 2
0 0.265 0.405 0 2
0 0.265 0.415 0 2
0 0.265 0.425 0 2
0 0.265 0.435 0 2
0 0.265 0.445 0 2
0 0.265 0.455 0 2
0 0.265 0.465 0 2
0 0.275 -0.455 0 2
0 0.275 -0.445 0 2
0 0.275 -0.435 0 1
0 0.275 -0.425 0 1
0 0.275 -0.415 0 1
0 0.275 -0.405 0 1
0 0.275 -0.395 0.0001229665837 1
0 0.275 -0.385 0.0002243990721 1
0 0.275 -0.375 0.0003393793669 1
0 0.275 -0.365 0.0004777892806 2
0 0.275 -0.355 0.0006427902267 2
0 0.275 -0.345 0.0008218926419 2
0 0.275 -0.335 0.0009994761637 2
0 0.275 -0.325 0.001179486667 2
0 0.275 -0.315 0.001360177761 2
0 0.275 -0.305 0.001541275026 2
0 0.275 -0.295 0.001722025462 2
0 0.275 -0.285 0.001901969231 2
0 0.275 -0.275 0.002080957841 2
0 0.275 -0.265 0.002259227102 2
0 0.275 -0.255 0.002437674535 2
0 0.275 -0.245 0.002616963782 2
0 0.275 -0.235 0.002796939492 2
0 0.275 -0.225 0.002980863595 2
0 0.275 -0.215 0.003155558364 2
0 0.275 -0.205 0.003312166037 2
0 0.275 -0.195 0.003427238324 2
0 0.275 -0.185 0.003524538756 2
0 0.275 -0.175 0.003610543561 2
0 0.275 -0.165 0.003687533861 2
0 0.275 -0.155 0.003781316909 2
0 0.275 -0.145 0.003897179503 2
0 0.275 -0.135 0.004028035057 2
0 0.275 -0.125 0.004160930962 2
0 0.275 -0.115 0.004288283708 2
0 0.275 -0.105 0.004393976543 2
0 0.275 -0.095 0.004506352436 1
0 0.275 -0.085 0.004594838953 1
0 0.275 -0.075 0.004675184923 1
0 0.275 -0.065 0.004747552365 1
0 0.275 -0.055 0.004800431391 1
0 0.275 -0.045 0.004830688565 2
0 0.275 -0.035 0.004851518423 2
0 0.275 -0.025 0.00489035461 2
0 0.275 -0.015 0.00492388555 2
0 0.275 -0.005 0.00495675003 2
0 0.275 0.005 0.004976637278 2
0 0.275 0.015 0.004983272631 2
0 0.275 0.025 0.004973523324 2
0 0.275 0.035 0.004950919503 2
0 0.275 0.045 0.004914122651 2
0 0.275 0.055 0.004866860858 2
0 0.275 0.065 0.004809834924 2
0 0.275 0.075 0.004746269706 2
0 0.275 0.085 0.004677343692 2
0 0.275 0.095 0.00460457826 2
0 0.275 0.105 0.004528836748 2
0 0.275 0.115 0.004451087355 2
0 0.275 0.125 0.004372038199 2
0 0.275 0.135 0.004291995927 2
0 0.275 0.145 0.004210646258 2
0 0.275 0.155 0.004126582595 2
0 0.275 0.165 0.004037457045 2
0 0.275 0.175 0.003939440707 2
0 0.275 0.185 0.003828706674 2
0 0.275 0.195 0.003702184822 2
0 0.275 0.205 0.003559497658 2
0 0.275 0.215 0.003402408904 2
0 0.275 0.225 0.003234147629 2
0 0.275 0.235 0.003057939727 2
0 0.275 0.245 0.002876471001 2
0 0.275 0.255 0.002691636299 2
0 0.275 0.265 0.002504653401 2
0 0.275 0.275 0.002316226064 2
0 0.275 0.285 0.00212668873 2
0 0.275 0.295 0.001936132125 2
0 0.275 0.305 0.001744487398 2
0 0.275 0.315 0.001551700483 2
0 0.275 0.325 0.001357907105 2
0 0.275 0.335 0.001163935776 2
0 0.275 0.345 0.0009716196166 2
0 0.275 0.355 0.0007842557712 2
0 0.275 0.365 0.0006057390114 2
0 0.275 0.375 0.0004393445464 2
0 0.275 0.385 0.0002847770313 2
0 0.275 0.395 0.0001501185806 2
0 0.275 0.405 0 2
0 0.275 0.415 0 2
0 0.275 0.425 0 2
0 0.275 0.435 0 2
0 0.275 0.445 0 2
0 0.275 0.455 0 2
0 0.275 0.465 0 2
0 0.285 -0.455 0 2
0 0.285 -0.445 0 2
0 0.285 -0.435 0 1
0 0.285 -0.425 0 1
0 0.285 -0.415 0 1
0 0.285 -0.405 0 1
0 0.285 -0.395 0.0001227025256 1
0 0.285 -0.385 0.000225723761 1
0 0.285 -0.375 0.0003456492934 1
0 0.285 -0.365 0.0004958674907 2
0 0.285 -0.355 0.0006757380752 2
0 0.285 -0.345 0.0008661112946 2
0 0.285 -0.335 0.001052469527 2
0 0.285 -0.325 0.001239724149 2
0 0.285 -0.315 0.001427813663 2
0 0.285 -0.305 0.001616632922 2
0 0.285 -0.295 0.001805632877 2
0 0.285 -0.285 0.001994257634 2
0 0.285 -0.275 0.002182276082 2
0 0.285 -0.265 0.00236993302 2
0 0.285 -0.255 0.002558541508 2
0 0.285 -0.245 0.002749066621 2
0 0.285 -0.235 0.00294660221 2
0 0.285 -0.225 0.003146602352 2
0 0.285 -0.215 0.003332425126 2
0 0.285 -0.205 0.003494234479 1
0 0.285 -0.195 0.003614365197 1
0 0.285 -0.185 0.003724464153 1
0 0.285 -0.175 0.0038283812 1
0 0.285 -0.165 0.003921075237 2
0 0.285 -0.155 0.004028796277 2
0 0.285 -0.145 0.004160296823 2
0 0.285 -0.135 0.0043036696 2
0 0.285 -0.125 0.004442420462 2
0 0.285 -0.115 0.004570915597 1
0 0.285 -0.105 0.004678896013 1
0 0.285 -0.095 0.00476930427 1
0 0.285 -0.085 0.004861457375 1
0 0.285 -0.075 0.004947936152 1
0 0.285 -0.065 0.005033932555 1
0 0.285 -0.055 0.005107458444 1
0 0.285 -0.045 0.005186723759 1
0 0.285 -0.035 0.005228844304 2
0 0.285 -0.025 0.005287924406 2
0 0.285 -0.015 0.005332865757 2
0 0.285 -0.005 0.005368602152 2
0 0.285 0.005 0.005385170546 2
0 0.285 0.015 0.005385141505 2
0 0.285 0.025 0.005359254166 2
0 0.285 0.035 0.005324268379 2
0 0.285 0.045 0.005273799145 2
0 0.285 0.055 0.005217589923 2
0 0.285 0.065 0.0051498448 2
0 0.285 0.075 0.005076455074 2
0 0.285 0.085 0.00499807499 2
0 0.285 0.095 0.004916368477 2
0 0.285 0.105 0.004831899329 2
0 0.285 0.115 0.004745841807 2
0 0.285 0.125 0.004659214745 2
0 0.285 0.135 0.004572610499 2
0 0.285 0.145 0.004486045003 2
0 0.285 0.155 0.00439790776 2
0 0.285 0.165 0.004305727836 2
0 0.285 0.175 0.004203669339 2
0 0.285 0.185 0.004086049109 2
0 0.285 0.195 0.003947584236 2
0 0.285 0.205 0.003788446846 2
0 0.285 0.215 0.003612006777 2
0 0.285 0.225 0.003423757029 2
0 0.285 0.235 0.003228082337 2
0 0.285 0.245 0.003028126896 2
0 0.285 0.255 0.002825790789 2
0 0.285 0.265 0.002622210268 2
0 0.285 0.275 0.002417995543 2
0 0.285 0.285 0.002213448817 2
0 0.285 0.295 0.002008734698 2
0 0.285 0.305 0.001803983306 2
0 0.285 0.315 0.001599447815 2
0 0.285 0.325 0.001395676222 2
0 0.285 0.335 0.001193784821 2
0 0.285 0.345 0.0009956246612 2
0 0.285 0.355 0.0008038219439 2
0 0.285 0.365 0.000621261222 2
0 0.285 0.375 0.0004505835327 2
0 0.285 0.385 0.0002919254956 2
0 0.285 0.395 0.0001532352924 2
0 0.285 0.405 0 2
0 0.285 0.415 0 2
0 0.285 0.425 0 2
0 0.285 0.435 0 2
0 0.285 0.445 0 2
0 0.285 0.455 0 2
0 0.285 0.465 0 2
0 0.295 -0.455 0 2
0 0.295 -0.445 0 2
0 0.295 -0.435 0 1
0 0.295 -0.425 0 1
0 0.295 -0.415 0 1
0 0.295 -0.405 0 1
0 0.295 -0.395 0.0001222670534 1
0 0.295 -0.385 0.0002283013136 1
0 0.295 -0.375 0.000355030765 1
0 0.295 -0.365 0.0005172923819 2
0 0.295 -0.355 0.0007103106092 2
0 0.295 -0.345 0.0009097830089 2
0 0.295 -0.335 0.001103719753 2
0 0.295 -0.325 0.001297769806 2
0 0.295 -0.315 0.001493252426 2
0 0.295 -0.305 0.001689947423 2
0 0.295 -0.295 0.001887292887 2
0 0.295 -0.285 0.002084455252 2
0 0.295 -0.275 0.002280945124 2
0 0.295 -0.265 0.002476893142 2
0 0.295 -0.255 0.002673733674 2
0 0.295 -0.245 0.002873069103 2
0 0.295 -0.235 0.003083944973 2
0 0.295 -0.225 0.003296122331 2
0 0.295 -0.215 0.00349087419 2
0 0.295 -0.205 0.003637449513 1
0 0.295 -0.195 0.00375876808 1
0 0.295 -0.185 0.003875662417 1
0 0.295 -0.175 0.003994264818 1
0 0.295 -0.165 0.004121303604 1
0 0.295 -0.155 0.004251074369 2
0 0.295 -0.145 0.004392211666 2
0 0.295 -0.135 0.004542863634 2
0 0.295 -0.125 0.004683311899 1
0 0.295 -0.115 0.004793631514 1
0 0.295 -0.105 0.004899372427 1
0 0.295 -0.095 0.004993378943 1
0 0.295 -0.085 0.005089754843 1
0 0.295 -0.075 0.005183045481 1
0 0.295 -0.065 0.005279045471 1
0 0.295 -0.055 0.005372383169 1
0 0.295 -0.045 0.005468722037 1
0 0.295 -0.035 0.0055572627 2
0 0.295 -0.025 0.00563583063 2
0 0.295 -0.015 0.005697098043 2
0 0.295 -0.005 0.005738007762 2
0 0.295 0.005 0.005758990367 2
0 0.295 0.015 0.005763646446 2
0 0.295 0.025 0.005733175134 2
0 0.295 0.035 0.005696558073 2
0 0.295 0.045 0.005632754473 2
0 0.295 0.055 0.00556183579 2
0 0.295 0.065 0.005478572772 2
0 0.295 0.075 0.005396575794 2
0 0.295 0.085 0.005309595887 2
0 0.295 0.095 0.00521955067 2
0 0.295 0.105 0.005126773207 2
0 0.295 0.115 0.005032769828 2
0 0.295 0.125 0.004939103101 2
0 0.295 0.135 0.004846713414 2
0 0.295 0.145 0.004756138362 2
0 0.295 0.155 0.004665076683 2
0 0.295 0.165 0.004571808899 2
0 0.295 0.175 0.004467242133 2
0 0.295 0.185 0.004343928483 2
0 0.295 0.195 0.004192765456 2
0 0.295 0.205 0.004015324042 2
0 0.295 0.215 0.003817221928 2
0 0.295 0.225 0.003607287282 2
0 0.295 0.235 0.00339138973 2
0 0.295 0.245 0.00317294838 2
0 0.295 0.255 0.002953621216 2
0 0.295 0.265 0.002734143365 2
0 0.295 0.275 0.002514951709 2
0 0.295 0.285 0.002296268435 2
0 0.295 0.295 0.002078314695 2
0 0.295 0.305 0.001861385698 2
0 0.295 0.315 0.001645972916 2
0 0.295 0.325 0.00143288369 2
0 0.295 0.335 0.001223373672 2
0 0.295 0.345 0.001019211009 2
0 0.295 0.355 0.0008225831074 2
0 0.295 0.365 0.0006358152861 2
0 0.295 0.375 0.0004610904273 2
0 0.295 0.385 0.0002987458897 2
0 0.295 0.395 0.0001564040844 2
0 0.295 0.405 0 2
0 0.295 0.415 0 2
0 0.295 0.425 0 2
0 0.295 0.435 0 2
0 0.295 0.445 0 2
0 0.295 0.455 0 2
0 0.295 0.465 0 2
0 0.305 -0.455 0 2
0 0.305 -0.445 0 2
0 0.305 -0.435 0 2
0 0.305 -0.425 0 1
0 0.305 -0.415 0 1
0 0.305 -0.405 0 1
0 0.305 -0.395 0.0001237669696 1
0 0.305 -0.385 0.0002323067233 1
0 0.305 -0.375 0.0003663047246 1
0 0.305 -0.365 0.0005449573237 2
0 0.305 -0.355 0.0007503808064 2
0 0.305 -0.345 0.0009516282584 2
0 0.305 -0.335 0.001151480915 2
0 0.305 -0.325 0.001351849313 2
0 0.305 -0.315 0.001554925082 2
0 0.305 -0.305 0.001759991358 2
0 0.305 -0.295 0.001966187017 2
0 0.305 -0.285 0.002172187169 2
0 0.305 -0.275 0.002377037377 2
0 0.305 -0.265 0.00258056245 2
0 0.305 -0.255 0.002784005128 2
0 0.305 -0.245 0.002989855235 2
0 0.305 -0.235 0.003208277373 2
0 0.305 -0.225 0.003428024595 2
0 0.305 -0.215 0.003630141308 1
0 0.305 -0.205 0.003764782499 1
0 0.305 -0.195 0.003884170559 1
0 0.305 -0.185 0.004004349033 1
0 0.305 -0.175 0.004133723686 1
0 0.305 -0.165 0.0042740056 1
0 0.305 -0.155 0.004431231158 1
0 0.305 -0.145 0.004585458921 2
0 0.305 -0.135 0.004744741105 1
0 0.305 -0.125 0.004873316452 1
0 0.305 -0.115 0.004987660828 1
0 0.305 -0.105 0.005097691903 1
0 0.305 -0.095 0.005205949748 1
0 0.305 -0.085 0.00531542353 1
0 0.305 -0.075 0.005421042778 1
0 0.305 -0.065 0.005523453356 1
0 0.305 -0.055 0.005625318143 1
0 0.305 -0.045 0.005724379427 1
0 0.305 -0.035 0.005834944404 1
0 0.305 -0.025 0.005926808397 1
0 0.305 -0.015 0.006002421281 1
0 0.305 -0.005 0.006049053915 1
0 0.305 0.005 0.006077734877 1
0 0.305 0.015 0.006088503116 1
0 0.305 0.025 0.00606132849 2
0 0.305 0.035 0.006031878145 2
0 0.305 0.045 0.00596362343 2
0 0.305 0.055 0.005885543564 2
0 0.305 0.065 0.00579179563 2
0 0.305 0.075 0.005703601133 2
0 0.305 0.085 0.005609738674 2
0 0.305 0.095 0.005512310515 2
0 0.305 0.105 0.005411801168 2
0 0.305 0.115 0.00531027641 2
0 0.305 0.125 0.005210173061 2
0 0.305 0.135 0.005112930532 2
0 0.305 0.145 0.005020140195 2
0 0.305 0.155 0.0049276925 2
0 0.305 0.165 0.004840670573 2
0 0.305 0.175 0.004739773414 2
0 0.305 0.185 0.004614771813 2
0 0.305 0.195 0.004443548975 2
0 0.305 0.205 0.004239408818 2
0 0.305 0.215 0.004013687563 2
0 0.305 0.225 0.003781496313 2
0 0.305 0.235 0.003545794371 2
0 0.305 0.245 0.003309639235 2
0 0.305 0.255 0.003074401305 2
0 0.305 0.265 0.002840122899 2
0 0.305 0.275 0.002607017312 2
0 0.305 0.285 0.002375209693 2
0 0.305 0.295 0.002144969831 2
0 0.305 0.305 0.001916732263 2
0 0.305 0.315 0.001691172413 2
0 0.305 0.325 0.001469267813 2
0 0.305 0.335 0.001252344553 2
0 0.305 0.345 0.0010420875 2
0 0.305 0.355 0.000840406326 2
0 0.305 0.365 0.0006493095293 2
0 0.305 0.375 0.0004706505018 2
0 0.305 0.385 0.0003048807698 2
0 0.305 0.395 0.0001592113679 2
0 0.305 0.405 0 2
0 0.305 0.415 0 2
0 0.305 0.425 0 2
0 0.305 0.435 0 2
0 0.305 0.445 0 2
0 0.305 0.455 0 2
0 0.305 0.465 0 2
0 0.315 -0.455 0 2
0 0.315 -0.445 0 2
0 0.315 -0.435 0 2
0 0.315 -0.425 0 1
0 0.315 -0.415 0 1
0 0.315 -0.405 0 1
0 0.315 -0.395 0.000130981938 1
0 0.315 -0.385 0.0002437202853 1
0 0.315 -0.375 0.0003860175996 1
0 0.315 -0.365 0.0005790385538 2
0 0.315 -0.355 0.0007885170313 2
0 0.315 -0.345 0.0009884683579 2
0 0.315 -0.335 0.001193141496 2
0 0.315 -0.325 0.001400025427 2
0 0.315 -0.315 0.001611314708 2
0 0.315 -0.305 0.001825643634 2
0 0.315 -0.295 0.002041598538 2
0 0.315 -0.285 0.002257141462 2
0 0.315 -0.275 0.002470651828 2
0 0.315 -0.265 0.002681422891 2
0 0.315 -0.255 0.002890481964 2
0 0.315 -0.245 0.003100934984 2
0 0.315 -0.235 0.003320552577 2
0 0.315 -0.225 0.003543157488 2
0 0.315 -0.215 0.003739588635 1
0 0.315 -0.205 0.003883645866 1
0 0.315 -0.195 0.004006464906 1
0 0.315 -0.185 0.004133172708 1
0 0.315 -0.175 0.004270097179 1
0 0.315 -0.165 0.004415793674 1
0 0.315 -0.155 0.004574440734 1
0 0.315 -0.145 0.00474549804 1
0 0.315 -0.135 0.004903564814 1
0 0.315 -0.125 0.005042661098 1
0 0.315 -0.115 0.005167871054 1
0 0.315 -0.105 0.005290309459 1
0 0.315 -0.095 0.005411573134 1
0 0.315 -0.085 0.005530115812 1
0 0.315 -0.075 0.005644904786 1
0 0.315 -0.065 0.005754900243 1
0 0.315 -0.055 0.005861618353 1
0 0.315 -0.045 0.005963677149 1
0 0.315 -0.035 0.006066899224 1
0 0.315 -0.025 0.006156631128 1
0 0.315 -0.015 0.006231266798 1
0 0.315 -0.005 0.006282260997 1
0 0.315 0.005 0.006318847581 1
0 0.315 0.015 0.00633753331 1
0 0.315 0.025 0.006340405726 1
0 0.315 0.035 0.006319505811 1
0 0.315 0.045 0.006256698 2
0 0.315 0.055 0.00618144775 2
0 0.315 0.065 0.006087102627 2
0 0.315 0.075 0.005995743433 2
0 0.315 0.085 0.00589704836 2
0 0.315 0.095 0.005793230775 2
0 0.315 0.105 0.005685508826 2
0 0.315 0.115 0.005576803311 2
0 0.315 0.125 0.00547161868 2
0 0.315 0.135 0.005372058352 2
0 0.315 0.145 0.005283438148 2
0 0.315 0.155 0.005190212339 2
0 0.315 0.165 0.005101648212 2
0 0.315 0.175 0.004990953574 2
0 0.315 0.185 0.004860388299 2
0 0.315 0.195 0.00467984829 2
0 0.315 0.205 0.004454427258 2
0 0.315 0.215 0.00420184329 2
0 0.315 0.225 0.003943033251 2
0 0.315 0.235 0.003689438078 2
0 0.315 0.245 0.003437305154 2
0 0.315 0.255 0.003187723446 2
0 0.315 0.265 0.002940036059 2
0 0.315 0.275 0.002694228599 2
0 0.315 0.285 0.002450357354 2
0 0.315 0.295 0.00220875326 2
0 0.315 0.305 0.001969983325 2
0 0.315 0.315 0.001734878943 2
0 0.315 0.325 0.001504548991 2
0 0.315 0.335 0.001280372881 2
0 0.315 0.345 0.001063985478 2
0 0.315 0.355 0.0008571286426 2
0 0.315 0.365 0.0006616323 2
0 0.315 0.375 0.0004791119604 2
0 0.315 0.385 0.0003101218617 2
0 0.315 0.395 0.0001614437746 2
0 0.315 0.405 0 2
0 0.315 0.415 0 2
0 0.315 0.425 0 2
0 0.315 0.435 0 2
0 0.315 0.445 0 2
0 0.315 0.455 0 2
0 0.315 0.465 0 2
0 0.325 -0.455 0 2
0 0.325 -0.445 0 2
0 0.325 -0.435 0 2
0 0.325 -0.425 0 2
0 0.325 -0.415 0 1
0 0.325 -0.405 0 1
0 0.325 -0.395 0.0001384634448 1
0 0.325 -0.385 0.0002570164806 1
0 0.325 -0.375 0.0004081625452 2
0 0.325 -0.365 0.0006072114599 2
0 0.325 -0.355 0.000813866301 2
0 0.325 -0.345 0.001016326866 2
0 0.325 -0.335 0.001226162458 2
0 0.325 -0.325 0.001440613705 2
0 0.325 -0.315 0.001661122817 2
0 0.325 -0.305 0.001885871551 2
0 0.325 -0.295 0.002112827194 2
0 0.325 -0.285 0.002339069127 2
0 0.325 -0.275 0.002562130326 2
0 0.325 -0.265 0.002780383118 2
0 0.325 -0.255 0.002994531039 2
0 0.325 -0.245 0.00320752871 2
0 0.325 -0.235 0.003426841491 2
0 0.325 -0.225 0.003648586938 2
0 0.325 -0.215 0.003838658038 1
0 0.325 -0.205 0.003992146515 1
0 0.325 -0.195 0.004118981123 1
0 0.325 -0.185 0.0042542174 1
0 0.325 -0.175 0.004399467996 1
0 0.325 -0.165 0.004552585002 1
0 0.325 -0.155 0.004713266684 1
0 0.325 -0.145 0.00488287956 1
0 0.325 -0.135 0.005045547074 1
0 0.325 -0.125 0.005198458481 1
0 0.325 -0.115 0.005338634484 1
0 0.325 -0.105 0.005475034802 1
0 0.325 -0.095 0.005606541685 1
0 0.325 -0.085 0.005734889247 1
0 0.325 -0.075 0.005858901478 1
0 0.325 -0.065 0.005976092189 1
0 0.325 -0.055 0.006085052154 1
0 0.325 -0.045 0.006186165506 1
0 0.325 -0.035 0.006279932018 1
0 0.325 -0.025 0.006362635616 1
0 0.325 -0.015 0.006432345059 1
0 0.325 -0.005 0.006485353519 1
0 0.325 0.005 0.00652572048 1
0 0.325 0.015 0.006550944908 1
0 0.325 0.025 0.00656287803 1
0 0.325 0.035 0.006554566876 1
0 0.325 0.045 0.00651786873 2
0 0.325 0.055 0.00645122692 2
0 0.325 0.065 0.006364225675 2
0 0.325 0.075 0.006272579654 2
0 0.325 0.085 0.006170699721 2
0 0.325 0.095 0.00606099339 2
0 0.325 0.105 0.005946037576 2
0 0.325 0.115 0.005830659728 2
0 0.325 0.125 0.005720284135 2
0 0.325 0.135 0.005620885741 2
0 0.325 0.145 0.005532854648 2
0 0.325 0.155 0.005432918501 2
0 0.325 0.165 0.005329009441 1
0 0.325 0.175 0.005204851528 1
0 0.325 0.185 0.005065599095 1
0 0.325 0.195 0.00488441237 2
0 0.325 0.205 0.00464410395 2
0 0.325 0.215 0.004371839144 2
0 0.325 0.225 0.0040905536 2
0 0.325 0.235 0.00382156141 2
0 0.325 0.245 0.003555785954 2
0 0.325 0.255 0.003293683959 2
0 0.325 0.265 0.003034087221 2
0 0.325 0.275 0.00277680165 2
0 0.325 0.285 0.002521880591 2
0 0.325 0.295 0.002269746848 2
0 0.325 0.305 0.002021111606 2
0 0.325 0.315 0.001776957507 2
0 0.325 0.325 0.001538516566 2
0 0.325 0.335 0.001307229528 2
0 0.325 0.345 0.001084720532 2
0 0.325 0.355 0.0008726408879 2
0 0.325 0.365 0.0006727294519 2
0 0.325 0.375 0.0004864325794 2
0 0.325 0.385 0.0003144242472 2
0 0.325 0.395 0.0001630616861 2
0 0.325 0.405 0 2
0 0.325 0.415 0 2
0 0.325 0.425 0 2
0 0.325 0.435 0 2
0 0.325 0.445 0 2
0 0.325 0.455 0 2
0 0.325 0.465 0 2
0 0.335 -0.455 0 2
0 0.335 -0.445 0 2
0 0.335 -0.435 0 2
0 0.335 -0.425 0 2
0 0.335 -0.415 0 2
0 0.335 -0.405 0 2
0 0.335 -0.395 0.0001287145522 2
0 0.335 -0.385 0.0002570927171 2
0 0.335 -0.375 0.000424998204 2
0 0.335 -0.365 0.0006207816419 2
0 0.335 -0.355 0.0008246910013 2
0 0.335 -0.345 0.001033558751 2
0 0.335 -0.335 0.001249703503 2
0 0.335 -0.325 0.001472818356 2
0 0.335 -0.315 0.001703531379 2
0 0.335 -0.305 0.001940011294 2
0 0.335 -0.295 0.00217946706 2
0 0.335 -0.285 0.002417465365 2
0 0.335 -0.275 0.002650399007 2
0 0.335 -0.265 0.002875574145 2
0 0.335 -0.255 0.00309363394 2
0 0.335 -0.245 0.003307185704 2
0 0.335 -0.235 0.003529499305 2
0 0.335 -0.225 0.003752211608 2
0 0.335 -0.215 0.003940235197 2
0 0.335 -0.205 0.004094470018 1
0 0.335 -0.195 0.004226673424 1
0 0.335 -0.185 0.004371338096 1
0 0.335 -0.175 0.004525719299 1
0 0.335 -0.165 0.004686962995 1
0 0.335 -0.155 0.004852628722 1
0 0.335 -0.145 0.005020991926 1
0 0.335 -0.135 0.005187890544 1
0 0.335 -0.125 0.00535077197 1
0 0.335 -0.115 0.005506942535 1
0 0.335 -0.105 0.005651296959 1
0 0.335 -0.095 0.005787957951 1
0 0.335 -0.085 0.005923520135 1
0 0.335 -0.075 0.006058277976 1
0 0.335 -0.065 0.006185271156 1
0 0.335 -0.055 0.006298619927 1
0 0.335 -0.045 0.006402208549 1
0 0.335 -0.035 0.006493758581 1
0 0.335 -0.025 0.006574340963 1
0 0.335 -0.015 0.006642066842 1
0 0.335 -0.005 0.006695423041 1
0 0.335 0.005 0.006734418689 1
0 0.335 0.015 0.00675920364 1
0 0.335 0.025 0.006772727598 1
0 0.335 0.035 0.006772122109 1
0 0.335 0.045 0.0067563139 2
0 0.335 0.055 0.006702230486 2
0 0.335 0.065 0.006625491378 2
0 0.335 0.075 0.006534869802 2
0 0.335 0.085 0.006430339748 2
0 0.335 0.095 0.006314413369 2
0 0.335 0.105 0.006192087148 2
0 0.335 0.115 0.006068210437 2
0 0.335 0.125 0.005953028962 2
0 0.335 0.135 0.005852165254 2
0 0.335 0.145 0.00575065279 1
0 0.335 0.155 0.005632142069 1
0 0.335 0.165 0.005498659539 1
0 0.335 0.175 0.005368885912 1
0 0.335 0.185 0.005229090726 1
0 0.335 0.195 0.005062864292 1
0 0.335 0.205 0.00480884955 2
0 0.335 0.215 0.00452195396 2
0 0.335 0.225 0.00422479523 2
0 0.335 0.235 0.003942904529 2
0 0.335 0.245 0.00366577408 2
0 0.335 0.255 0.003392905086 2
0 0.335 0.265 0.003122793179 2
0 0.335 0.275 0.002855129386 2
0 0.335 0.285 0.00259003996 2
0 0.335 0.295 0.002328077346 2
0 0.335 0.305 0.002070118312 2
0 0.335 0.315 0.001817306148 2
0 0.335 0.325 0.001571004106 2
0 0.335 0.335 0.001332732773 2
0 0.335 0.345 0.001104141952 2
0 0.335 0.355 0.0008868480379 2
0 0.335 0.365 0.0006825578774 2
0 0.335 0.375 0.0004926007123 2
0 0.335 0.385 0.0003177942764 2
0 0.335 0.395 0.0001640800176 2
0 0.335 0.405 0 2
0 0.335 0.415 0 2
0 0.335 0.425 0 2
0 0.335 0.435 0 2
0 0.335 0.445 0 2
0 0.335 0.455 0 2
0 0.335 0.465 0 2
0 0.345 -0.455 0 2
0 0.345 -0.445 0 2
0 0.345 -0.435 0 2
0 0.345 -0.425 0 2
0 0.345 -0.415 0 2
0 0.345 -0.405 0 2
0 0.345 -0.395 0.0001223217843 2
0 0.345 -0.385 0.0002576200318 2
0 0.345 -0.375 0.0004293894756 2
0 0.345 -0.365 0.0006231816482 2
0 0.345 -0.355 0.0008278017025 2
0 0.345 -0.345 0.001042288506 2
0 0.345 -0.335 0.001265089964 2
0 0.345 -0.325 0.001497013939 2
0 0.345 -0.315 0.00173833023 2
0 0.345 -0.305 0.001987437164 2
0 0.345 -0.295 0.002240431999 2
0 0.345 -0.285 0.002490323412 2
0 0.345 -0.275 0.00273516603 2
0 0.345 -0.265 0.002970342898 2
0 0.345 -0.255 0.003193336565 2
0 0.345 -0.245 0.003404585419 2
0 0.345 -0.235 0.003621626486 2
0 0.345 -0.225 0.003841304847 2
0 0.345 -0.215 0.004035723825 2
0 0.345 -0.205 0.00419122539 1
0 0.345 -0.195 0.00433322423 1
0 0.345 -0.185 0.004486249294 1
0 0.345 -0.175 0.004650436439 1
0 0.345 -0.165 0.004820537252 1
0 0.345 -0.155 0.004992426872 1
0 0.345 -0.145 0.005160975182 1
0 0.345 -0.135 0.005328201775 1
0 0.345 -0.125 0.005495786266 1
0 0.345 -0.115 0.005663738543 1
0 0.345 -0.105 0.005819312901 1
0 0.345 -0.095 0.005966001316 1
0 0.345 -0.085 0.00610798719 1
0 0.345 -0.075 0.006247943958 1
0 0.345 -0.065 0.006382174789 1
0 0.345 -0.055 0.006500131788 1
0 0.345 -0.045 0.006608887163 1
0 0.345 -0.035 0.006700236885 1
0 0.345 -0.025 0.006780393146 1
0 0.345 -0.015 0.006846508997 1
0 0.345 -0.005 0.006899678487 1
0 0.345 0.005 0.006937115699 1
0 0.345 0.015 0.006961906525 1
0 0.345 0.025 0.006976775356 1
0 0.345 0.035 0.006980898784 1
0 0.345 0.045 0.006981886023 2
0 0.345 0.055 0.006939741282 2
0 0.345 0.065 0.006873702275 2
0 0.345 0.075 0.006783626077 2
0 0.345 0.085 0.00667547667 2
0 0.345 0.095 0.006551740804 2
0 0.345 0.105 0.006418842473 2
0 0.345 0.115 0.00628134375 2
0 0.345 0.125 0.006158203909 2
0 0.345 0.135 0.00604273049 1
0 0.345 0.145 0.005917955888 1
0 0.345 0.155 0.005785487817 1
0 0.345 0.165 0.005644210623 1
0 0.345 0.175 0.005507688734 1
0 0.345 0.185 0.005369129992 1
0 0.345 0.195 0.005204904382 1
0 0.345 0.205 0.004956306102 2
0 0.345 0.215 0.004656872579 2
0 0.345 0.225 0.004346848737 2
0 0.345 0.235 0.004054863052 2
0 0.345 0.245 0.003768484867 2
0 0.345 0.255 0.003486331727 2
0 0.345 0.265 0.003206855201 2
0 0.345 0.275 0.002929703739 2
0 0.345 0.285 0.002655142471 2
0 0.345 0.295 0.00238389187 2
0 0.345 0.305 0.002117018168 2
0 0.345 0.315 0.001855841214 2
0 0.345 0.325 0.00160187045 2
0 0.345 0.335 0.001356727205 2
0 0.345 0.345 0.001122117422 2
0 0.345 0.355 0.0008996628454 2
0 0.345 0.365 0.000691079089 2
0 0.345 0.375 0.0004976167706 2
0 0.345 0.385 0.000320257933 2
0 0.345 0.395 0.0001645334651 2
0 0.345 0.405 0 2
0 0.345 0.415 0 2
0 0.345 0.425 0 2
0 0.345 0.435 0 2
0 0.345 0.445 0 2
0 0.345 0.455 0 2
0 0.345 0.465 0 2
0 0.355 -0.455 0 2
0 0.355 -0.445 0 2
0 0.355 -0.435 0 2
0 0.355 -0.425 0 2
0 0.355 -0.415 0 2
0 0.355 -0.405 0 2
0 0.355 -0.395 0.0001218050879 2
0 0.355 -0.385 0.0002604075267 2
0 0.355 -0.375 0.0004303542148 2
0 0.355 -0.365 0.0006220893876 2
0 0.355 -0.355 0.0008285018379 2
0 0.355 -0.345 0.001046442199 2
0 0.355 -0.335 0.001274808632 2
0 0.355 -0.325 0.001514335872 2
0 0.355 -0.315 0.001765409832 2
0 0.355 -0.305 0.002026977344 2
0 0.355 -0.295 0.00229676836 2
0 0.355 -0.285 0.002563140301 2
0 0.355 -0.275 0.002814872378 2
0 0.355 -0.265 0.003047186522 2
0 0.355 -0.255 0.003268436598 2
0 0.355 -0.245 0.003482201517 2
0 0.355 -0.235 0.003698935424 2
0 0.355 -0.225 0.003918857024 2
0 0.355 -0.215 0.004123131062 1
0 0.355 -0.205 0.004287319041 1
0 0.355 -0.195 0.004439383433 1
0 0.355 -0.185 0.004598808564 1
0 0.355 -0.175 0.004772985018 1
0 0.355 -0.165 0.004953624463 1
0 0.355 -0.155 0.005130813627 1
0 0.355 -0.145 0.005302403418 1
0 0.355 -0.135 0.005473890222 1
0 0.355 -0.125 0.005652755158 1
0 0.355 -0.115 0.005834498558 1
0 0.355 -0.105 0.006003447544 1
0 0.355 -0.095 0.006161613523 1
0 0.355 -0.085 0.006334050825 2
0 0.355 -0.075 0.006476250144 2
0 0.355 -0.065 0.006585344507 1
0 0.355 -0.055 0.006700817005 1
0 0.355 -0.045 0.006806056436 1
0 0.355 -0.035 0.00689358027 1
0 0.355 -0.025 0.006971613053 1
0 0.355 -0.015 0.007036671132 1
0 0.355 -0.005 0.00708950435 1
0 0.355 0.005 0.007128170183 1
0 0.355 0.015 0.00715654687 1
0 0.355 0.025 0.007177149362 1
0 0.355 0.035 0.007187557858 1
0 0.355 0.045 0.007205441997 2
0 0.355 0.055 0.007170446789 2
0 0.355 0.065 0.007111174889 2
0 0.355 0.075 0.007019710515 2
0 0.355 0.085 0.006905782789 2
0 0.355 0.095 0.006772098435 2
0 0.355 0.105 0.006623176146 2
0 0.355 0.115 0.006471768296 2
0 0.355 0.125 0.006330233408 1
0 0.355 0.135 0.00619737599 1
0 0.355 0.145 0.006065647927 1
0 0.355 0.155 0.005930285605 1
0 0.355 0.165 0.005788738369 1
0 0.355 0.175 0.005642648437 1
0 0.355 0.185 0.005497944832 1
0 0.355 0.195 0.005329895826 1
0 0.355 0.205 0.005084748648 2
0 0.355 0.215 0.004777779102 2
0 0.355 0.225 0.004458332852 2
0 0.355 0.235 0.00415896168 2
0 0.355 0.245 0.003865155405 2
0 0.355 0.255 0.003574935116 2
0 0.355 0.265 0.003286973138 2
0 0.355 0.275 0.003000995936 2
0 0.355 0.285 0.002717464392 2
0 0.355 0.295 0.002437305607 2
0 0.355 0.305 0.002161799657 2
0 0.355 0.315 0.00189246191 2
0 0.355 0.325 0.001630965266 2
0 0.355 0.335 0.001379051422 2
0 0.355 0.345 0.001138506231 2
0 0.355 0.355 0.0009109851456 2
0 0.355 0.365 0.0006982398048 2
0 0.355 0.375 0.0005014691638 2
0 0.355 0.385 0.0003218329338 2
0 0.355 0.395 0.0001644515074 2
0 0.355 0.405 0 2
0 0.355 0.415 0 2
0 0.355 0.425 0 2
0 0.355 0.435 0 2
0 0.355 0.445 0 2
0 0.355 0.455 0 2
0 0.355 0.465 0 2
0 0.365 -0.455 0 2
0 0.365 -0.445 0 2
0 0.365 -0.435 0 2
0 0.365 -0.425 0 2
0 0.365 -0.415 0 2
0 0.365 -0.405 0 2
0 0.365 -0.395 0.0001263944221 2
0 0.365 -0.385 0.0002650077514 2
0 0.365 -0.375 0.0004325905494 2
0 0.365 -0.365 0.0006225046245 2
0 0.365 -0.355 0.0008290836519 2
0 0.365 -0.345 0.001049202312 2
0 0.365 -0.335 0.001281408477 2
0 0.365 -0.325 0.001526447469 2
0 0.365 -0.315 0.001785237121 2
0 0.365 -0.305 0.002061281643 2
0 0.365 -0.295 0.00234808645 2
0 0.365 -0.285 0.002626016125 2
0 0.365 -0.275 0.002876194632 2
0 0.365 -0.265 0.003101850804 2
0 0.365 -0.255 0.003323818777 1
0 0.365 -0.245 0.003544245108 1
0 0.365 -0.235 0.003769295004 1
0 0.365 -0.225 0.003994820012 1
0 0.365 -0.215 0.004196905897 1
0 0.365 -0.205 0.004371954336 1
0 0.365 -0.195 0.004536519006 1
0 0.365 -0.185 0.004707806257 1
0 0.365 -0.175 0.004892490619 1
0 0.365 -0.165 0.005086204903 1
0 0.365 -0.155 0.005273428051 1
0 0.365 -0.145 0.005454613019 1
0 0.365 -0.135 0.0056358253 1
0 0.365 -0.125 0.005854165574 2
0 0.365 -0.115 0.00605128323 2
0 0.365 -0.105 0.00623470876 2
0 0.365 -0.095 0.006404538759 2
0 0.365 -0.085 0.006576468235 2
0 0.365 -0.075 0.006725764583 2
0 0.365 -0.065 0.006843429414 2
0 0.365 -0.055 0.006950586308 2
0 0.365 -0.045 0.007019757226 1
0 0.365 -0.035 0.007103490953 1
0 0.365 -0.025 0.007177191735 1
0 0.365 -0.015 0.00724073338 1
0 0.365 -0.005 0.007292951258 1
0 0.365 0.005 0.00733449818 1
0 0.365 0.015 0.007365748093 1
0 0.365 0.025 0.007416224664 2
0 0.365 0.035 0.00742759242 2
0 0.365 0.045 0.007434135401 2
0 0.365 0.055 0.00740000835 2
0 0.365 0.065 0.007339345264 2
0 0.365 0.075 0.007243378379 2
0 0.365 0.085 0.00712087802 2
0 0.365 0.095 0.006974128078 2
0 0.365 0.105 0.006801951053 2
0 0.365 0.115 0.006635334801 2
0 0.365 0.125 0.006477913294 1
0 0.365 0.135 0.006346454461 1
0 0.365 0.145 0.00621018396 1
0 0.365 0.155 0.006069425874 1
0 0.365 0.165 0.005922581618 1
0 0.365 0.175 0.005772588469 1
0 0.365 0.185 0.005622525748 1
0 0.365 0.195 0.005441305107 1
0 0.365 0.205 0.005189145199 2
0 0.365 0.215 0.004878481734 2
0 0.365 0.225 0.004560720712 2
0 0.365 0.235 0.004256511061 2
0 0.365 0.245 0.003956761856 2
0 0.365 0.255 0.003659473555 2
0 0.365 0.265 0.003363677647 2
0 0.365 0.275 0.003069340433 2
0 0.365 0.285 0.002777171007 2
0 0.365 0.295 0.002488343836 2
0 0.365 0.305 0.00220437998 2
0 0.365 0.315 0.001927012598 2
0 0.365 0.325 0.001658096473 2
0 0.365 0.335 0.00139951079 2
0 0.365 0.345 0.001153138416 2
0 0.365 0.355 0.0009206868769 2
0 0.365 0.365 0.0007039600755 2
0 0.365 0.375 0.0005041223839 2
0 0.365 0.385 0.0003225168215 2
0 0.365 0.395 0.0001638488499 2
0 0.365 0.405 0 2
0 0.365 0.415 0 2
0 0.365 0.425 0 2
0 0.365 0.435 0 2
0 0.365 0.445 0 2
0 0.365 0.455 0 2
0 0.365 0.465 0 2
0 0.375 -0.455 0 2
0 0.375 -0.445 0 2
0 0.375 -0.435 0 2
0 0.375 -0.425 0 2
0 0.375 -0.415 0 2
0 0.375 -0.405 0 2
0 0.375 -0.395 0.0001308706382 2
0 0.375 -0.385 0.0002686594383 2
0 0.375 -0.375 0.0004347046926 2
0 0.375 -0.365 0.0006241546303 2
0 0.375 -0.355 0.0008313776419 2
0 0.375 -0.345 0.001053058019 2
0 0.375 -0.335 0.00128757219 2
0 0.375 -0.325 0.001535891173 2
0 0.375 -0.315 0.001800135016 2
0 0.375 -0.305 0.002087806734 2
0 0.375 -0.295 0.002389505324 2
0 0.375 -0.285 0.0026760875 2
0 0.375 -0.275 0.002925591553 1
0 0.375 -0.265 0.003152166757 1
0 0.375 -0.255 0.003375095535 1
0 0.375 -0.245 0.003597381384 1
0 0.375 -0.235 0.003826034676 1
0 0.375 -0.225 0.004052685084 1
0 0.375 -0.215 0.004259506588 1
0 0.375 -0.205 0.004447634102 1
0 0.375 -0.195 0.004624153868 1
0 0.375 -0.185 0.004804823514 1
0 0.375 -0.175 0.004998033026 1
0 0.375 -0.165 0.005207829507 1
0 0.375 -0.155 0.005414058998 1
0 0.375 -0.145 0.005612972708 1
0 0.375 -0.135 0.005832456241 2
0 0.375 -0.125 0.006063492022 2
0 0.375 -0.115 0.006280610628 2
0 0.375 -0.105 0.006480956998 2
0 0.375 -0.095 0.006663985103 2
0 0.375 -0.085 0.006841699601 2
0 0.375 -0.075 0.006997471932 2
0 0.375 -0.065 0.007119861017 2
0 0.375 -0.055 0.007221577028 2
0 0.375 -0.045 0.00729432404 2
0 0.375 -0.035 0.007371920839 2
0 0.375 -0.025 0.007440105815 2
0 0.375 -0.015 0.00750164455 2
0 0.375 -0.005 0.007552296 2
0 0.375 0.005 0.007595009093 2
0 0.375 0.015 0.007627314311 2
0 0.375 0.025 0.00766481664 2
0 0.375 0.035 0.007674340121 2
0 0.375 0.045 0.007668742376 2
0 0.375 0.055 0.007627211955 2
0 0.375 0.065 0.007557468749 2
0 0.375 0.075 0.007453968203 2
0 0.375 0.085 0.007320525108 2
0 0.375 0.095 0.007157185893 2
0 0.375 0.105 0.006962009594 2
0 0.375 0.115 0.006772271429 1
0 0.375 0.125 0.006617029285 1
0 0.375 0.135 0.006487070715 1
0 0.375 0.145 0.00634647646 1
0 0.375 0.155 0.006200101781 1
0 0.375 0.165 0.006048052918 1
0 0.375 0.175 0.005893441137 1
0 0.375 0.185 0.005736836441 1
0 0.375 0.195 0.005539273944 1
0 0.375 0.205 0.005279771245 2
0 0.375 0.215 0.00496889322 2
0 0.375 0.225 0.004655187942 2
0 0.375 0.235 0.004348481213 2
0 0.375 0.245 0.004043937765 2
0 0.375 0.255 0.003740360445 2
0 0.375 0.265 0.00343722406 2
0 0.375 0.275 0.003134855456 2
0 0.375 0.285 0.002834256452 2
0 0.375 0.295 0.002536894105 2
0 0.375 0.305 0.002244565213 2
0 0.375 0.315 0.001959248728 2
0 0.375 0.325 0.001683001468 2
0 0.375 0.335 0.001417854368 2
0 0.375 0.345 0.001165797722 2
0 0.375 0.355 0.0009286004042 2
0 0.375 0.365 0.0007081251963 2
0 0.375 0.375 0.0005055105771 2
0 0.375 0.385 0.0003222817547 2
0 0.375 0.395 0.0001627218515 2
0 0.375 0.405 0 2
0 0.375 0.415 0 2
0 0.375 0.425 0 2
0 0.375 0.435 0 2
0 0.375 0.445 0 2
0 0.375 0.455 0 2
0 0.375 0.465 0 2
0 0.385 -0.455 0 2
0 0.385 -0.445 0 2
0 0.385 -0.435 0 2
0 0.385 -0.425 0 2
0 0.385 -0.415 0 2
0 0.385 -0.405 0 2
0 0.385 -0.395 0.000130464926 2
0 0.385 -0.385 0.0002684492296 2
0 0.385 -0.375 0.0004370498556 2
0 0.385 -0.365 0.0006276457281 2
0 0.385 -0.355 0.0008365865029 2
0 0.385 -0.345 0.001060052184 2
0 0.385 -0.335 0.001296129122 2
0 0.385 -0.325 0.001546016407 2
0 0.385 -0.315 0.001813521384 2
0 0.385 -0.305 0.002109310308 2
0 0.385 -0.295 0.00242395714 2
0 0.385 -0.285 0.002725562654 1
0 0.385 -0.275 0.002967183487 1
0 0.385 -0.265 0.003191668105 1
0 0.385 -0.255 0.003417395216 1
0 0.385 -0.245 0.003643086377 1
0 0.385 -0.235 0.003871163394 1
0 0.385 -0.225 0.004098426366 1
0 0.385 -0.215 0.004314840309 1
0 0.385 -0.205 0.004519618657 1
0 0.385 -0.195 0.004710832143 1
0 0.385 -0.185 0.004901675436 1
0 0.385 -0.175 0.005106831018 1
0 0.385 -0.165 0.00533538299 1
0 0.385 -0.155 0.005560016775 1
0 0.385 -0.145 0.005775638153 1
0 0.385 -0.135 0.006031396299 2
0 0.385 -0.125 0.006280518833 2
0 0.385 -0.115 0.006519180599 2
0 0.385 -0.105 0.00673420853 2
0 0.385 -0.095 0.006926067102 2
0 0.385 -0.085 0.007102962998 2
0 0.385 -0.075 0.007260626024 2
0 0.385 -0.065 0.007393260198 2
0 0.385 -0.055 0.007502785884 2
0 0.385 -0.045 0.007583830371 2
0 0.385 -0.035 0.00765762135 2
0 0.385 -0.025 0.00772249191 2
0 0.385 -0.015 0.007781734521 2
0 0.385 -0.005 0.007829518075 2
0 0.385 0.005 0.007869780576 2
0 0.385 0.015 0.007900065386 2
0 0.385 0.025 0.007924878619 2
0 0.385 0.035 0.007924268751 2
0 0.385 0.045 0.007900757281 2
0 0.385 0.055 0.007845748696 2
0 0.385 0.065 0.00776343775 2
0 0.385 0.075 0.007650406346 2
0 0.385 0.085 0.00750527471 2
0 0.385 0.095 0.007321555038 2
0 0.385 0.105 0.007110025819 2
0 0.385 0.115 0.006904781729 1
0 0.385 0.125 0.006753763008 1
0 0.385 0.135 0.006619451295 1
0 0.385 0.145 0.006474066175 1
0 0.385 0.155 0.006321951069 1
0 0.385 0.165 0.006165845644 1
0 0.385 0.175 0.006005052961 1
0 0.385 0.185 0.005834227489 1
0 0.385 0.195 0.005622554205 2
0 0.385 0.205 0.005358606432 2
0 0.385 0.215 0.005053937391 2
0 0.385 0.225 0.00474299823 2
0 0.385 0.235 0.004435282207 2
0 0.385 0.245 0.004126822552 2
0 0.385 0.255 0.003817599666 2
0 0.385 0.265 0.003507551195 2
0 0.385 0.275 0.003197409279 2
0 0.385 0.285 0.002888512483 2
0 0.385 0.295 0.002582676148 2
0 0.385 0.305 0.002282022047 2
0 0.385 0.315 0.001988811851 2
0 0.385 0.325 0.001705326783 2
0 0.385 0.335 0.00143376008 2
0 0.385 0.345 0.001176212396 2
0 0.385 0.355 0.0009345141495 2
0 0.385 0.365 0.0007105847072 2
0 0.385 0.375 0.0005055382879 2
0 0.385 0.385 0.0003210759409 2
0 0.385 0.395 0.000161049901 2
0 0.385 0.405 0 2
0 0.385 0.415 0 2
0 0.385 0.425 0 2
0 0.385 0.435 0 2
0 0.385 0.445 0 2
0 0.385 0.455 0 2
0 0.385 0.465 0 2
0 0.395 -0.455 0 2
0 0.395 -0.445 0 2
0 0.395 -0.435 0 2
0 0.395 -0.425 0 2
0 0.395 -0.415 0 2
0 0.395 -0.405 0 2
0 0.395 -0.395 0.0001303925578 2
0 0.395 -0.385 0.0002667181205 2
0 0.395 -0.375 0.0004377656859 2
0 0.395 -0.365 0.0006342393432 2
0 0.395 -0.355 0.0008460216113 2
0 0.395 -0.345 0.001071780518 2
0 0.395 -0.335 0.001309290899 2
0 0.395 -0.325 0.001559527246 2
0 0.395 -0.315 0.001827614587 2
0 0.395 -0.305 0.002130395919 2
0 0.395 -0.295 0.002454750346 2
0 0.395 -0.285 0.002758993252 1
0 0.395 -0.275 0.002995679786 1
0 0.395 -0.265 0.003217254913 1
0 0.395 -0.255 0.003447551943 1
0 0.395 -0.245 0.003681526846 1
0 0.395 -0.235 0.00391599821 1
0 0.395 -0.225 0.004147562846 1
0 0.395 -0.215 0.004372376873 1
0 0.395 -0.205 0.004586338618 1
0 0.395 -0.195 0.0047909878 1
0 0.395 -0.185 0.004999943505 1
0 0.395 -0.175 0.005243226329 2
0 0.395 -0.165 0.005490755115 2
0 0.395 -0.155 0.005729296021 2
0 0.395 -0.145 0.005962213088 2
0 0.395 -0.135 0.006224744195 2
0 0.395 -0.125 0.00648564496 2
0 0.395 -0.115 0.006733890799 2
0 0.395 -0.105 0.00695446976 2
0 0.395 -0.095 0.007156240014 2
0 0.395 -0.085 0.007339709885 2
0 0.395 -0.075 0.007503239408 2
0 0.395 -0.065 0.007644769451 2
0 0.395 -0.055 0.007764821477 2
0 0.395 -0.045 0.007863266119 2
0 0.395 -0.035 0.007946586466 2
0 0.395 -0.025 0.008015769333 2
0 0.395 -0.015 0.008072748268 2
0 0.395 -0.005 0.008116685818 2
0 0.395 0.005 0.008148107311 2
0 0.395 0.015 0.008165457273 2
0 0.395 0.025 0.00816866837 2
0 0.395 0.035 0.008151446158 2
0 0.395 0.045 0.008112458113 2
0 0.395 0.055 0.008047260749 2
0 0.395 0.065 0.007954664018 2
0 0.395 0.075 0.007831531824 2
0 0.395 0.085 0.007675690718 2
0 0.395 0.095 0.007473186754 2
0 0.395 0.105 0.007248586884 2
0 0.395 0.115 0.007032060111 1
0 0.395 0.125 0.00688241112 1
0 0.395 0.135 0.006743335528 1
0 0.395 0.145 0.006592100353 1
0 0.395 0.155 0.006435527357 1
0 0.395 0.165 0.006274810307 1
0 0.395 0.175 0.00610611242 1
0 0.395 0.185 0.005918710146 1
0 0.395 0.195 0.005697168418 2
0 0.395 0.205 0.005429041677 2
0 0.395 0.215 0.005131518547 2
0 0.395 0.225 0.004824888596 2
0 0.395 0.235 0.00451662082 2
0 0.395 0.245 0.004205024068 2
0 0.395 0.255 0.003890823645 2
0 0.395 0.265 0.003574319388 2
0 0.395 0.275 0.003256642528 2
0 0.395 0.285 0.002939532674 2
0 0.395 0.295 0.002625233367 2
0 0.395 0.305 0.002316263667 2
0 0.395 0.315 0.002015215795 2
0 0.395 0.325 0.001724618127 2
0 0.395 0.335 0.001446829963 2
0 0.395 0.345 0.001184055459 2
0 0.395 0.355 0.0009381767819 2
0 0.395 0.365 0.0007111589942 2
0 0.395 0.375 0.0005040878703 2
0 0.395 0.385 0.0003188304315 2
0 0.395 0.395 0.0001588003417 2
0 0.395 0.405 0 2
0 0.395 0.415 0 2
0 0.395 0.425 0 2
0 0.395 0.435 0 2
0 0.395 0.445 0 2
0 0.395 0.455 0 2
0 0.395 0.465 0 2
0 0.405 -0.455 0 2
0 0.405 -0.445 0 2
0 0.405 -0.435 0 1
0 0.405 -0.425 0 1
0 0.405 -0.415 0 1
0 0.405 -0.405 0 1
0 0.405 -0.395 0.000135308513 2
0 0.405 -0.385 0.0002698074654 2
0 0.405 -0.375 0.0004386746415 2
0 0.405 -0.365 0.0006406986776 2
0 0.405 -0.355 0.0008596483702 2
0 0.405 -0.345 0.001088423205 2
0 0.405 -0.335 0.001328383027 2
0 0.405 -0.325 0.001579393981 2
0 0.405 -0.315 0.001846271624 2
0 0.405 -0.305 0.002148714147 2
0 0.405 -0.295 0.002471170663 2
0 0.405 -0.285 0.002775024 1
0 0.405 -0.275 0.003016941797 1
0 0.405 -0.265 0.003244094293 1
0 0.405 -0.255 0.003478368804 1
0 0.405 -0.245 0.003717078305 1
0 0.405 -0.235 0.003957134998 1
0 0.405 -0.225 0.004191755679 1
0 0.405 -0.215 0.004419866138 1
0 0.405 -0.205 0.004644548734 1
0 0.405 -0.195 0.004868831665 1
0 0.405 -0.185 0.005099615279 1
0 0.405 -0.175 0.005374314009 2
0 0.405 -0.165 0.005641746684 2
0 0.405 -0.155 0.005899239824 2
0 0.405 -0.145 0.006148732003 2
0 0.405 -0.135 0.006412826846 2
0 0.405 -0.125 0.006676452084 2
0 0.405 -0.115 0.00692875732 2
0 0.405 -0.105 0.007157381894 2
0 0.405 -0.095 0.007367194697 2
0 0.405 -0.085 0.007557363042 2
0 0.405 -0.075 0.007727289549 2
0 0.405 -0.065 0.007875856968 2
0 0.405 -0.055 0.00800306579 2
0 0.405 -0.045 0.008109226458 2
0 0.405 -0.035 0.008197137646 2
0 0.405 -0.025 0.008268053714 2
0 0.405 -0.015 0.008323390129 2
0 0.405 -0.005 0.008363176211 2
0 0.405 0.005 0.008387557488 2
0 0.405 0.015 0.008395611666 2
0 0.405 0.025 0.008386646275 2
0 0.405 0.035 0.008357706302 2
0 0.405 0.045 0.008307000385 2
0 0.405 0.055 0.008231516217 2
0 0.405 0.065 0.008129157796 2
0 0.405 0.075 0.007996589313 2
0 0.405 0.085 0.007831747032 2
0 0.405 0.095 0.007621089461 2
0 0.405 0.105 0.007388927431 2
0 0.405 0.115 0.007156276041 1
0 0.405 0.125 0.006998349894 1
0 0.405 0.135 0.006855948352 1
0 0.405 0.145 0.006705375058 1
0 0.405 0.155 0.006539676471 1
0 0.405 0.165 0.006366645253 1
0 0.405 0.175 0.006188607566 1
0 0.405 0.185 0.005999954215 2
0 0.405 0.195 0.005769177853 2
0 0.405 0.205 0.005496010448 2
0 0.405 0.215 0.00520146117 2
0 0.405 0.225 0.004900006691 2
0 0.405 0.235 0.004591565093 2
0 0.405 0.245 0.004277786822 2
0 0.405 0.255 0.003959405345 2
0 0.405 0.265 0.003636979592 2
0 0.405 0.275 0.003312004129 2
0 0.405 0.285 0.002986723176 2
0 0.405 0.295 0.002663930247 2
0 0.405 0.305 0.002346643805 2
0 0.405 0.315 0.002037843316 2
0 0.405 0.325 0.001740322292 2
0 0.405 0.335 0.001456597564 2
0 0.405 0.345 0.001188956443 2
0 0.405 0.355 0.0009393115346 2
0 0.405 0.365 0.0007096543899 2
0 0.405 0.375 0.0005010337356 2
0 0.405 0.385 0.0003154709678 2
0 0.405 0.395 0.0001559365307 2
0 0.405 0.405 0 2
0 0.405 0.415 0 2
0 0.405 0.425 0 2
0 0.405 0.435 0 2
0 0.405 0.445 0 2
0 0.405 0.455 0 2
0 0.405 0.465 0 2
0 0.415 -0.455 0 2
0 0.415 -0.445 0 2
0 0.415 -0.435 0 1
0 0.415 -0.425 0 1
0 0.415 -0.415 0 1
0 0.415 -0.405 0 1
0 0.415 -0.395 0.0001397203198 1
0 0.415 -0.385 0.0002777000397 2
0 0.415 -0.375 0.0004486328018 2
0 0.415 -0.365 0.0006518280268 2
0 0.415 -0.355 0.0008743667455 2
0 0.415 -0.345 0.001107714677 2
0 0.415 -0.335 0.001352542053 2
0 0.415 -0.325 0.001603630557 2
0 0.415 -0.315 0.001864475193 2
0 0.415 -0.305 0.002158503953 2
0 0.415 -0.295 0.00247469657 2
0 0.415 -0.285 0.002777668472 1
0 0.415 -0.275 0.003031919908 1
0 0.415 -0.265 0.00327074754 1
0 0.415 -0.255 0.003507520584 1
0 0.415 -0.245 0.003745065839 1
0 0.415 -0.235 0.003991018725 1
0 0.415 -0.225 0.004236373309 1
0 0.415 -0.215 0.004471398374 1
0 0.415 -0.205 0.00470800582 1
0 0.415 -0.195 0.004947812867 1
0 0.415 -0.185 0.005209334441 2
0 0.415 -0.175 0.005493546307 2
0 0.415 -0.165 0.005784416541 2
0 0.415 -0.155 0.006065803079 2
0 0.415 -0.145 0.006330561973 2
0 0.415 -0.135 0.006595089056 2
0 0.415 -0.125 0.00685509822 2
0 0.415 -0.115 0.007105584796 2
0 0.415 -0.105 0.007339832192 2
0 0.415 -0.095 0.007556013975 2
0 0.415 -0.085 0.007752735187 2
0 0.415 -0.075 0.007929306406 2
0 0.415 -0.065 0.00808474981 2
0 0.415 -0.055 0.008218731355 2
0 0.415 -0.045 0.008331328743 2
0 0.415 -0.035 0.008423615425 2
0 0.415 -0.025 0.008496357581 2
0 0.415 -0.015 0.008550316498 2
0 0.415 -0.005 0.008585753477 2
0 0.415 0.005 0.008602894408 2
0 0.415 0.015 0.008601591421 2
0 0.415 0.025 0.008581621118 2
0 0.415 0.035 0.008541851673 2
0 0.415 0.045 0.008480892184 2
0 0.415 0.055 0.008396352169 2
0 0.415 0.065 0.008285652226 2
0 0.415 0.075 0.008145118633 2
0 0.415 0.085 0.007973276454 2
0 0.415 0.095 0.007758112399 2
0 0.415 0.105 0.007524684699 2
0 0.415 0.115 0.007280485497 1
0 0.415 0.125 0.007110160672 1
0 0.415 0.135 0.006956738751 1
0 0.415 0.145 0.006800625247 1
0 0.415 0.155 0.006628912123 1
0 0.415 0.165 0.006450732348 1
0 0.415 0.175 0.006276709177 2
0 0.415 0.185 0.006074838586 2
0 0.415 0.195 0.005832778456 2
0 0.415 0.205 0.00555802669 2
0 0.415 0.215 0.005266514855 2
0 0.415 0.225 0.004966849578 2
0 0.415 0.235 0.00465901938 2
0 0.415 0.245 0.004344264884 2
0 0.415 0.255 0.004022709996 2
0 0.415 0.265 0.003694959242 2
0 0.415 0.275 0.003362857651 2
0 0.415 0.285 0.003029346487 2
0 0.415 0.295 0.002697962119 2
0 0.415 0.305 0.002372359199 2
0 0.415 0.315 0.00205595463 2
0 0.415 0.325 0.001751804031 2
0 0.415 0.335 0.001462550406 2
0 0.415 0.345 0.001190526572 2
0 0.415 0.355 0.0009376416254 2
0 0.415 0.365 0.0007058869127 2
0 0.415 0.375 0.0004962629642 2
0 0.415 0.385 0.000310934176 2
0 0.415 0.395 0.0001524284529 2
0 0.415 0.405 0 2
0 0.415 0.415 0 2
0 0.415 0.425 0 2
0 0.415 0.435 0 2
0 0.415 0.445 0 2
0 0.415 0.455 0 2
0 0.415 0.465 0 2
0 0.425 -0.455 0 1
0 0.425 -0.445 0 1
0 0.425 -0.435 0 1
0 0.425 -0.425 0 1
0 0.425 -0.415 0 1
0 0.425 -0.405 0 1
0 0.425 -0.395 0.0001345410241 1
0 0.425 -0.385 0.0002811242356 1
0 0.425 -0.375 0.0004568123099 2
0 0.425 -0.365 0.0006617627515 2
0 0.425 -0.355 0.0008859867915 2
0 0.425 -0.345 0.001124719767 2
0 0.425 -0.335 0.001375473056 2
0 0.425 -0.325 0.001633449938 2
0 0.425 -0.315 0.001897714593 2
0 0.425 -0.305 0.002182997031 2
0 0.425 -0.295 0.002482776888 2
0 0.425 -0.285 0.002768988063 2
0 0.425 -0.275 0.003036323278 1
0 0.425 -0.265 0.003293486238 1
0 0.425 -0.255 0.003538916346 1
0 0.425 -0.245 0.003778287632 1
0 0.425 -0.235 0.004027754463 1
0 0.425 -0.225 0.004277644661 1
0 0.425 -0.215 0.004521378821 1
0 0.425 -0.205 0.004775307131 2
0 0.425 -0.195 0.00502923593 2
0 0.425 -0.185 0.005305458483 2
0 0.425 -0.175 0.005603954 2
0 0.425 -0.165 0.005907650148 2
0 0.425 -0.155 0.006199788716 2
0 0.425 -0.145 0.00647675086 2
0 0.425 -0.135 0.006747624503 2
0 0.425 -0.125 0.007010806183 2
0 0.425 -0.115 0.007263691088 2
0 0.425 -0.105 0.007502092037 2
0 0.425 -0.095 0.007723602703 2
0 0.425 -0.085 0.00792634441 2
0 0.425 -0.075 0.008109059696 2
0 0.425 -0.065 0.008270590534 2
0 0.425 -0.055 0.008410238781 2
0 0.425 -0.045 0.008527678856 2
0 0.425 -0.035 0.008623115671 2
0 0.425 -0.025 0.008696824451 2
0 0.425 -0.015 0.008749165681 2
0 0.425 -0.005 0.008780411952 2
0 0.425 0.005 0.008790925911 2
0 0.425 0.015 0.00878116319 2
0 0.425 0.025 0.008751689407 2
0 0.425 0.035 0.008702775334 2
0 0.425 0.045 0.00863363245 2
0 0.425 0.055 0.008542073903 2
0 0.425 0.065 0.008424939148 2
0 0.425 0.075 0.008278225634 2
0 0.425 0.085 0.00810121349 2
0 0.425 0.095 0.007884183018 2
0 0.425 0.105 0.007650361726 2
0 0.425 0.115 0.007421850374 2
0 0.425 0.125 0.00722265037 1
0 0.425 0.135 0.007058255959 1
0 0.425 0.145 0.006892194978 1
0 0.425 0.155 0.006732187955 2
0 0.425 0.165 0.006552968385 2
0 0.425 0.175 0.006362917742 2
0 0.425 0.185 0.006139841489 2
0 0.425 0.195 0.005884709732 2
0 0.425 0.205 0.005609309414 2
0 0.425 0.215 0.005321621445 2
0 0.425 0.225 0.005023661136 2
0 0.425 0.235 0.004717576154 2
0 0.425 0.245 0.004403330176 2
0 0.425 0.255 0.00407992346 2
0 0.425 0.265 0.003747516659 2
0 0.425 0.275 0.003408369921 2
0 0.425 0.285 0.003066461365 2
0 0.425 0.295 0.00272633773 2
0 0.425 0.305 0.002392458194 2
0 0.425 0.315 0.002068711152 2
0 0.425 0.325 0.001758380406 2
0 0.425 0.335 0.001464170323 2
0 0.425 0.345 0.001188399112 2
0 0.425 0.355 0.0009329270773 2
0 0.425 0.365 0.0006997139005 2
0 0.425 0.375 0.0004897010307 2
0 0.425 0.385 0.0003051868582 2
0 0.425 0.395 0.0001482650078 2
0 0.425 0.405 0 2
0 0.425 0.415 0 2
0 0.425 0.425 0 2
0 0.425 0.435 0 2
0 0.425 0.445 0 2
0 0.425 0.455 0 2
0 0.425 0.465 0 2
0 0.435 -0.455 0 1
0 0.435 -0.445 0 1
0 0.435 -0.435 0 1
0 0.435 -0.425 0 1
0 0.435 -0.415 0 1
0 0.435 -0.405 0 1
0 0.435 -0.395 0.0001320755819 1
0 0.435 -0.385 0.0002773285589 1
0 0.435 -0.375 0.0004602348532 1
0 0.435 -0.365 0.0006702914978 1
0 0.435 -0.355 0.0008983211944 1
0 0.435 -0.345 0.001141535951 1
0 0.435 -0.335 0.001397015444 1
0 0.435 -0.325 0.001660754643 1
0 0.435 -0.315 0.001931427603 1
0 0.435 -0.305 0.002213134663 2
0 0.435 -0.295 0.002498076879 2
0 0.435 -0.285 0.002775815694 2
0 0.435 -0.275 0.003049832144 2
0 0.435 -0.265 0.003318076236 2
0 0.435 -0.255 0.003572107081 1
0 0.435 -0.245 0.00381836277 2
0 0.435 -0.235 0.004065478371 2
0 0.435 -0.225 0.00431144868 2
0 0.435 -0.215 0.004558843815 2
0 0.435 -0.205 0.004821887624 2
0 0.435 -0.195 0.005101842108 2
0 0.435 -0.185 0.005401717232 2
0 0.435 -0.175 0.005711305219 2
0 0.435 -0.165 0.006020286475 2
0 0.435 -0.155 0.006316449423 2
0 0.435 -0.145 0.006602184569 2
0 0.435 -0.135 0.00687848416 2
0 0.435 -0.125 0.007145038205 2
0 0.435 -0.115 0.007400664413 2
0 0.435 -0.105 0.007642783578 2
0 0.435 -0.095 0.00786906854 2
0 0.435 -0.085 0.008077349081 2
0 0.435 -0.075 0.008265834852 2
0 0.435 -0.065 0.008433017932 2
0 0.435 -0.055 0.008577780989 2
0 0.435 -0.045 0.008699371228 2
0 0.435 -0.035 0.00879742354 2
0 0.435 -0.025 0.008871780399 2
0 0.435 -0.015 0.008922456924 2
0 0.435 -0.005 0.008949618002 2
0 0.435 0.005 0.008953738342 2
0 0.435 0.015 0.008935833894 2
0 0.435 0.025 0.008897447862 2
0 0.435 0.035 0.008840418782 2
0 0.435 0.045 0.008764536309 2
0 0.435 0.055 0.008667734637 2
0 0.435 0.065 0.008546181285 2
0 0.435 0.075 0.008395472615 2
0 0.435 0.085 0.008215282142 2
0 0.435 0.095 0.008002851382 2
0 0.435 0.105 0.007772528789 2
0 0.435 0.115 0.007546972847 2
0 0.435 0.125 0.007347546178 2
0 0.435 0.135 0.007178900152 2
0 0.435 0.145 0.007010716585 2
0 0.435 0.155 0.006837523015 2
0 0.435 0.165 0.006640012543 2
0 0.435 0.175 0.006424720682 2
0 0.435 0.185 0.006185037623 2
0 0.435 0.195 0.005924625076 2
0 0.435 0.205 0.005650408476 2
0 0.435 0.215 0.005363809778 2
0 0.435 0.225 0.005068527144 2
0 0.435 0.235 0.004766068253 2
0 0.435 0.245 0.004454625044 2
0 0.435 0.255 0.0041311106 2
0 0.435 0.265 0.003794474231 2
0 0.435 0.275 0.003447793263 2
0 0.435 0.285 0.003096949226 2
0 0.435 0.295 0.00274785957 2
0 0.435 0.305 0.002405876505 2
0 0.435 0.315 0.002075236239 2
0 0.435 0.325 0.001759386359 2
0 0.435 0.335 0.001460996411 2
0 0.435 0.345 0.001182286016 2
0 0.435 0.355 0.0009250117906 2
0 0.435 0.365 0.0006910712191 2
0 0.435 0.375 0.0004813400528 2
0 0.435 0.385 0.000298246155 2
0 0.435 0.395 0.000143466485 2
0 0.435 0.405 0 2
0 0.435 0.415 0 2
0 0.435 0.425 0 2
0 0.435 0.435 0 2
0 0.435 0.445 0 2
0 0.435 0.455 0 2
0 0.435 0.465 0 2
0 0.445 -0.455 0 1
0 0.445 -0.445 0 1
0 0.445 -0.435 0 1
0 0.445 -0.425 0 1
0 0.445 -0.415 0 1
0 0.445 -0.405 0 1
0 0.445 -0.395 0.0001331819651 1
0 0.445 -0.385 0.0002792574454 1
0 0.445 -0.375 0.0004626793685 1
0 0.445 -0.365 0.0006748004371 1
0 0.445 -0.355 0.0009066338324 1
0 0.445 -0.345 0.001152825932 1
0 0.445 -0.335 0.00141123972 1
0 0.445 -0.325 0.00167496238 1
0 0.445 -0.315 0.001944242561 1
0 0.445 -0.305 0.002223322989 1
0 0.445 -0.295 0.002503274075 1
0 0.445 -0.285 0.002778899773 2
0 0.445 -0.275 0.003068075668 2
0 0.445 -0.265 0.003352816082 2
0 0.445 -0.255 0.003607671217 2
0 0.445 -0.245 0.003846394902 2
0 0.445 -0.235 0.004089126267 2
0 0.445 -0.225 0.004334555672 2
0 0.445 -0.215 0.004588916851 2
0 0.445 -0.205 0.004871594002 2
0 0.445 -0.195 0.005177925806 2
0 0.445 -0.185 0.005493304846 2
0 0.445 -0.175 0.005805878674 2
0 0.445 -0.165 0.006115336473 2
0 0.445 -0.155 0.00641599494 2
0 0.445 -0.145 0.006706213261 2
0 0.445 -0.135 0.006986134008 2
0 0.445 -0.125 0.007255887799 2
0 0.445 -0.115 0.007514688889 2
0 0.445 -0.105 0.007760684591 2
0 0.445 -0.095 0.007991649345 2
0 0.445 -0.085 0.008205224084 2
0 0.445 -0.075 0.008399208924 2
0 0.445 -0.065 0.008571683403 2
0 0.445 -0.055 0.008721110289 2
0 0.445 -0.045 0.008846346023 2
0 0.445 -0.035 0.008946611054 2
0 0.445 -0.025 0.009021404242 2
0 0.445 -0.015 0.009070433347 2
0 0.445 -0.005 0.009093714228 2
0 0.445 0.005 0.009091765717 2
0 0.445 0.015 0.009065982697 2
0 0.445 0.025 0.009018856891 2
0 0.445 0.035 0.008955730564 2
0 0.445 0.045 0.008875921085 2
0 0.445 0.055 0.008777966319 2
0 0.445 0.065 0.008655711582 2
0 0.445 0.075 0.008502482059 2
0 0.445 0.085 0.008317985027 2
0 0.445 0.095 0.008111041664 2
0 0.445 0.105 0.007891197858 2
0 0.445 0.115 0.0076715017 2
0 0.445 0.125 0.007467415736 2
0 0.445 0.135 0.007290386287 2
0 0.445 0.145 0.007115358064 2
0 0.445 0.155 0.006921814976 2
0 0.445 0.165 0.006699660584 2
0 0.445 0.175 0.006462138795 2
0 0.445 0.185 0.006214858972 2
0 0.445 0.195 0.005952842328 2
0 0.445 0.205 0.005677165647 2
0 0.445 0.215 0.005391320943 2
0 0.445 0.225 0.005098693251 2
0 0.445 0.235 0.004801122294 2
0 0.445 0.245 0.004495094617 2
0 0.445 0.255 0.004173960392 2
0 0.445 0.265 0.0038341008 2
0 0.445 0.275 0.003479659378 2
0 0.445 0.285 0.00311946091 2
0 0.445 0.295 0.002761230125 2
0 0.445 0.305 0.002411477686 2
0 0.445 0.315 0.002074698837 2
0 0.445 0.325 0.001754273672 2
0 0.445 0.335 0.001452713475 2
0 0.445 0.345 0.001172048543 2
0 0.445 0.355 0.0009138765163 2
0 0.445 0.365 0.0006800112496 2
0 0.445 0.375 0.0004712652286 2
0 0.445 0.385 0.0002901972121 2
0 0.445 0.395 0.0001380950877 2
0 0.445 0.405 0 2
0 0.445 0.415 0 2
0 0.445 0.425 0 2
0 0.445 0.435 0 2
0 0.445 0.445 0 2
0 0.445 0.455 0 2
0 0.445 0.465 0 2
0 0.455 -0.455 0 1
0 0.455 -0.445 0 1
0 0.455 -0.435 0 1
0 0.455 -0.425 0 1
0 0.455 -0.415 0 1
0 0.455 -0.405 0 1
0 0.455 -0.395 0.0001337712005 1
0 0.455 -0.385 0.0002825016492 1
0 0.455 -0.375 0.0004670801144 1
0 0.455 -0.365 0.0006789747725 1
0 0.455 -0.355 0.0009110333702 1
0 0.455 -0.345 0.00115801474 1
0 0.455 -0.335 0.001416895933 1
0 0.455 -0.325 0.001680531847 1
0 0.455 -0.315 0.001950181538 1
0 0.455 -0.305 0.002224721369 1
0 0.455 -0.295 0.00249176657 1
0 0.455 -0.285 0.002759507227 1
0 0.455 -0.275 0.003072911722 2
0 0.455 -0.265 0.00338102525 2
0 0.455 -0.255 0.003643832147 2
0 0.455 -0.245 0.003872936331 2
0 0.455 -0.235 0.004101723932 2
0 0.455 -0.225 0.004347209838 2
0 0.455 -0.215 0.004616403622 2
0 0.455 -0.205 0.004921185477 2
0 0.455 -0.195 0.005244126288 2
0 0.455 -0.185 0.005566526964 2
0 0.455 -0.175 0.005885646617 2
0 0.455 -0.165 0.006197315325 2
0 0.455 -0.155 0.006498972962 2
0 0.455 -0.145 0.006790326643 2
0 0.455 -0.135 0.0070717029 2
0 0.455 -0.125 0.00734347748 2
0 0.455 -0.115 0.007605064781 2
0 0.455 -0.105 0.007854871736 2
0 0.455 -0.095 0.008090549241 2
0 0.455 -0.085 0.00830942382 2
0 0.455 -0.075 0.008508829345 2
0 0.455 -0.065 0.00868640475 2
0 0.455 -0.055 0.008840214738 2
0 0.455 -0.045 0.008968784271 2
0 0.455 -0.035 0.009071028281 2
0 0.455 -0.025 0.009146188122 2
0 0.455 -0.015 0.009193690854 2
0 0.455 -0.005 0.009213405473 2
0 0.455 0.005 0.009205618989 2
0 0.455 0.015 0.009171769211 2
0 0.455 0.025 0.00911668789 2
0 0.455 0.035 0.009047137939 2
0 0.455 0.045 0.008962782915 2
0 0.455 0.055 0.008860081542 2
0 0.455 0.065 0.008735952434 2
0 0.455 0.075 0.008583831766 2
0 0.455 0.085 0.008402860972 2
0 0.455 0.095 0.008202914235 2
0 0.455 0.105 0.007994905217 2
0 0.455 0.115 0.007785590049 2
0 0.455 0.125 0.007581971734 2
0 0.455 0.135 0.007389997691 2
0 0.455 0.145 0.007196186795 2
0 0.455 0.155 0.006977195782 2
0 0.455 0.165 0.006730508049 2
0 0.455 0.175 0.006477709042 2
0 0.455 0.185 0.006228323552 2
0 0.455 0.195 0.005967238922 2
0 0.455 0.205 0.005689663858 2
0 0.455 0.215 0.005403365843 2
0 0.455 0.225 0.005111819362 2
0 0.455 0.235 0.00482280083 2
0 0.455 0.245 0.004529425917 2
0 0.455 0.255 0.004213847322 2
0 0.455 0.265 0.003867297062 2
0 0.455 0.275 0.003501423067 2
0 0.455 0.285 0.003132363214 2
0 0.455 0.295 0.002765296707 2
0 0.455 0.305 0.002408360569 2
0 0.455 0.315 0.002066476197 2
0 0.455 0.325 0.001742753936 2
0 0.455 0.335 0.001439263265 2
0 0.455 0.345 0.001157773966 2
0 0.455 0.355 0.0008996887955 2
0 0.455 0.365 0.0006667338157 2
0 0.455 0.375 0.0004596733209 2
0 0.455 0.385 0.00028120398 2
0 0.455 0.395 0.0001322608371 2
0 0.455 0.405 0 2
0 0.455 0.415 0 2
0 0.455 0.425 0 2
0 0.455 0.435 0 2
0 0.455 0.445 0 2
0 0.455 0.455 0 2
0 0.455 0.465 0 2
0 0.465 -0.455 0 1
0 0.465 -0.445 0 1
0 0.465 -0.435 0 1
0 0.465 -0.425 0 1
0 0.465 -0.415 0 1
0 0.465 -0.405 0 1
0 0.465 -0.395 0.0001319251256 1
0 0.465 -0.385 0.0002800765441 1
0 0.465 -0.375 0.0004651228111 1
0 0.465 -0.365 0.0006777986143 1
0 0.465 -0.355 0.0009096912664 1
0 0.465 -0.345 0.001155744383 1
0 0.465 -0.335 0.001413817335 1
0 0.465 -0.325 0.001681511421 1
0 0.465 -0.315 0.001956156882 1
0 0.465 -0.305 0.002228463235 1
0 0.465 -0.295 0.002484830849 1
0 0.465 -0.285 0.002747793945 1
0 0.465 -0.275 0.003062368385 2
0 0.465 -0.265 0.00337801176 2
0 0.465 -0.255 0.003649042713 2
0 0.465 -0.245 0.003883970805 2
0 0.465 -0.235 0.00411313418 2
0 0.465 -0.225 0.004353365555 2
0 0.465 -0.215 0.00463368338 2
0 0.465 -0.205 0.004958638861 2
0 0.465 -0.195 0.005299343494 2
0 0.465 -0.185 0.005630163086 2
0 0.465 -0.175 0.005952215838 2
0 0.465 -0.165 0.006263591668 2
0 0.465 -0.155 0.006563801 2
0 0.465 -0.145 0.00685385896 2
0 0.465 -0.135 0.007134691362 2
0 0.465 -0.125 0.007407188985 2
0 0.465 -0.115 0.00767104644 2
0 0.465 -0.105 0.007924638467 2
0 0.465 -0.095 0.008165203834 2
0 0.465 -0.085 0.00838957812 2
0 0.465 -0.075 0.00859448507 2
0 0.465 -0.065 0.008777076622 2
0 0.465 -0.055 0.008935044083 2
0 0.465 -0.045 0.009066667241 2
0 0.465 -0.035 0.009170668937 2
0 0.465 -0.025 0.009246125601 2
0 0.465 -0.015 0.009292221393 2
0 0.465 -0.005 0.00930864614 2
0 0.465 0.005 0.009294665685 2
0 0.465 0.015 0.009252335535 2
0 0.465 0.025 0.009188500948 2
0 0.465 0.035 0.009103675479 1
0 0.465 0.045 0.009015873561 1
0 0.465 0.055 0.008909502429 1
0 0.465 0.065 0.008783141433 1
0 0.465 0.075 0.008641144231 2
0 0.465 0.085 0.008465999272 2
0 0.465 0.095 0.008273137353 2
0 0.465 0.105 0.008069953 2
0 0.465 0.115 0.0078616707 2
0 0.465 0.125 0.007652870893 2
0 0.465 0.135 0.007448038874 2
0 0.465 0.145 0.007239282631 2
0 0.465 0.155 0.007008007495 2
0 0.465 0.165 0.006750910043 2
0 0.465 0.175 0.006490153811 2
0 0.465 0.185 0.006234807458 2
0 0.465 0.195 0.005969248312 2
0 0.465 0.205 0.005689480734 2
0 0.465 0.215 0.005401644864 2
0 0.465 0.225 0.005109564353 2
0 0.465 0.235 0.004820325004 2
0 0.465 0.245 0.004534640698 2
0 0.465 0.255 0.00423164623 2
0 0.465 0.265 0.003889336981 2
0 0.465 0.275 0.003515718729 2
0 0.465 0.285 0.003133816648 2
0 0.465 0.295 0.00275874077 2
0 0.465 0.305 0.002395952232 2
0 0.465 0.315 0.002050423038 2
0 0.465 0.325 0.001724973589 2
0 0.465 0.335 0.001420956035 2
0 0.465 0.345 0.001139839121 2
0 0.465 0.355 0.0008828348257 2
0 0.465 0.365 0.0006515992876 2
0 0.465 0.375 0.0004468758762 2
0 0.465 0.385 0.0002715084228 2
0 0.465 0.395 0.0001261201293 2
0 0.465 0.405 0 2
0 0.465 0.415 0 2
0 0.465 0.425 0 2
0 0.465 0.435 0 2
0 0.465 0.445 0 2
0 0.465 0.455 0 2
0 0.465 0.465 0 2
0 0.475 -0.455 0 1
0 0.475 -0.445 0 1
0 0.475 -0.435 0 1
0 0.475 -0.425 0 1
0 0.475 -0.415 0 1
0 0.475 -0.405 0 1
0 0.475 -0.395 0.0001272523656 1
0 0.475 -0.385 0.0002725416356 1
0 0.475 -0.375 0.000460294429 1
0 0.475 -0.365 0.0006771758792 1
0 0.475 -0.355 0.000907542116 1
0 0.475 -0.345 0.001148686726 1
0 0.475 -0.335 0.001403351592 1
0 0.475 -0.325 0.001672242836 1
0 0.475 -0.315 0.00194847069 1
0 0.475 -0.305 0.002221506 1
0 0.475 -0.295 0.002480752624 1
0 0.475 -0.285 0.002745011829 1
0 0.475 -0.275 0.003047309113 2
0 0.475 -0.265 0.00335059374 2
0 0.475 -0.255 0.003624442148 1
0 0.475 -0.245 0.003871723172 1
0 0.475 -0.235 0.004113709607 1
0 0.475 -0.225 0.00435866096 1
0 0.475 -0.215 0.004651247939 2
0 0.475 -0.205 0.004985258874 2
0 0.475 -0.195 0.005339514533 2
0 0.475 -0.185 0.005681282444 2
0 0.475 -0.175 0.006002960023 2
0 0.475 -0.165 0.006311830576 2
0 0.475 -0.155 0.006608679724 2
0 0.475 -0.145 0.006895318179 2
0 0.475 -0.135 0.007173640257 2
0 0.475 -0.125 0.00744574217 2
0 0.475 -0.115 0.007711658266 2
0 0.475 -0.105 0.007969430751 2
0 0.475 -0.095 0.008215358529 2
0 0.475 -0.085 0.008445628135 2
0 0.475 -0.075 0.008656187724 2
0 0.475 -0.065 0.008843731766 2
0 0.475 -0.055 0.009005597942 2
0 0.475 -0.045 0.009139927493 2
0 0.475 -0.035 0.009245382198 2
0 0.475 -0.025 0.00932096949 2
0 0.475 -0.015 0.009365661103 2
0 0.475 -0.005 0.009378878518 2
0 0.475 0.005 0.009358622 2
0 0.475 0.015 0.009307444077 2
0 0.475 0.025 0.009220867842 1
0 0.475 0.035 0.009138270702 1
0 0.475 0.045 0.009048344684 1
0 0.475 0.055 0.008942909501 1
0 0.475 0.065 0.008819573793 1
0 0.475 0.075 0.008675388647 1
0 0.475 0.085 0.008503024014 1
0 0.475 0.095 0.008313020736 1
0 0.475 0.105 0.008112269591 1
0 0.475 0.115 0.007903070033 1
0 0.475 0.125 0.007689017142 1
0 0.475 0.135 0.007472840849 1
0 0.475 0.145 0.007249583723 1
0 0.475 0.155 0.007015754972 2
0 0.475 0.165 0.006757077529 2
0 0.475 0.175 0.006487975914 1
0 0.475 0.185 0.006226088324 1
0 0.475 0.195 0.005956367602 1
0 0.475 0.205 0.005675592259 1
0 0.475 0.215 0.005387240822 1
0 0.475 0.225 0.005095037348 1
0 0.475 0.235 0.004804325127 1
0 0.475 0.245 0.004516454373 1
0 0.475 0.255 0.004221262964 2
0 0.475 0.265 0.003892771164 2
0 0.475 0.275 0.003521555786 2
0 0.475 0.285 0.003128218413 2
0 0.475 0.295 0.002740990413 2
0 0.475 0.305 0.002374404518 2
0 0.475 0.315 0.002027167366 2
0 0.475 0.325 0.001701675885 2
0 0.475 0.335 0.001398541816 2
0 0.475 0.345 0.001118931044 2
0 0.475 0.355 0.0008639141506 2
0 0.475 0.365 0.0006351123529 2
0 0.475 0.375 0.0004332805041 2
0 0.475 0.385 0.0002614143598 2
0 0.475 0.395 0.0001198649474 2
0 0.475 0.405 0 2
0 0.475 0.415 0 2
0 0.475 0.425 0 2
0 0.475 0.435 0 2
0 0.475 0.445 0 2
0 0.475 0.455 0 2
0 0.475 0.465 0 2
0 0.485 -0.455 0 1
0 0.485 -0.445 0 1
0 0.485 -0.435 0 1
0 0.485 -0.425 0 1
0 0.485 -0.415 0 1
0 0.485 -0.405 0 1
0 0.485 -0.395 0.0001241739176 1
0 0.485 -0.385 0.0002652803192 1
0 0.485 -0.375 0.0004514116874 1
0 0.485 -0.365 0.0006669912803 1
0 0.485 -0.355 0.0008942380331 1
0 0.485 -0.345 0.001132579091 1
0 0.485 -0.335 0.0013863904 1
0 0.485 -0.325 0.001655812886 1
0 0.485 -0.315 0.001933368511 1
0 0.485 -0.305 0.002213529117 1
0 0.485 -0.295 0.002481566895 1
0 0.485 -0.285 0.002744666495 1
0 0.485 -0.275 0.003027040906 2
0 0.485 -0.265 0.003318442449 1
0 0.485 -0.255 0.003598749813 1
0 0.485 -0.245 0.003851903252 1
0 0.485 -0.235 0.004100626955 1
0 0.485 -0.225 0.004351037986 1
0 0.485 -0.215 0.004649430316 2
0 0.485 -0.205 0.004998180327 2
0 0.485 -0.195 0.00536721157 2
0 0.485 -0.185 0.00571550434 2
0 0.485 -0.175 0.006034749749 2
0 0.485 -0.165 0.006340044763 2
0 0.485 -0.155 0.006633127227 2
0 0.485 -0.145 0.00691541778 2
0 0.485 -0.135 0.007189762586 2
0 0.485 -0.125 0.007460200159 2
0 0.485 -0.115 0.007727316124 2
0 0.485 -0.105 0.007989125417 2
0 0.485 -0.095 0.008240729359 2
0 0.485 -0.085 0.008477597752 2
0 0.485 -0.075 0.008694192767 2
0 0.485 -0.065 0.008886586087 2
0 0.485 -0.055 0.009051912487 2
0 0.485 -0.045 0.009188419691 2
0 0.485 -0.035 0.009294866677 2
0 0.485 -0.025 0.009370286444 2
0 0.485 -0.015 0.009413471364 2
0 0.485 -0.005 0.009423528803 2
0 0.485 0.005 0.009396675731 2
0 0.485 0.015 0.009336161616 2
0 0.485 0.025 0.009236910392 1
0 0.485 0.035 0.009153064168 1
0 0.485 0.045 0.009062145356 1
0 0.485 0.055 0.008957671991 1
0 0.485 0.065 0.008836126186 1
0 0.485 0.075 0.008693227733 1
0 0.485 0.085 0.008524345286 1
0 0.485 0.095 0.008336306228 1
0 0.485 0.105 0.008135800458 1
0 0.485 0.115 0.007924417071 1
0 0.485 0.125 0.007705537269 1
0 0.485 0.135 0.007483807615 1
0 0.485 0.145 0.007255457604 1
0 0.485 0.155 0.007006521577 1
0 0.485 0.165 0.006736989137 1
0 0.485 0.175 0.006469088934 1
0 0.485 0.185 0.006207458084 1
0 0.485 0.195 0.00593816072 1
0 0.485 0.205 0.005657414928 1
0 0.485 0.215 0.005369868056 1
0 0.485 0.225 0.005078212572 1
0 0.485 0.235 0.004790012913 1
0 0.485 0.245 0.004503882793 1
0 0.485 0.255 0.004211231084 1
0 0.485 0.265 0.003884863307 2
0 0.485 0.275 0.003513272554 2
0 0.485 0.285 0.003111098566 2
0 0.485 0.295 0.002713918618 2
0 0.485 0.305 0.002345272448 2
0 0.485 0.315 0.001998274302 2
0 0.485 0.325 0.001674240731 2
0 0.485 0.335 0.001373178364 2
0 0.485 0.345 0.001095990599 2
0 0.485 0.355 0.0008436800256 2
0 0.485 0.365 0.0006178685171 2
0 0.485 0.375 0.0004193469905 2
0 0.485 0.385 0.0002512548467 2
0 0.485 0.395 0.000113702432 2
0 0.485 0.405 0 2
0 0.485 0.415 0 2
0 0.485 0.425 0 2
0 0.485 0.435 0 2
0 0.485 0.445 0 2
0 0.485 0.455 0 2
0 0.485 0.465 0 2
0 0.495 -0.455 0 2
0 0.495 -0.445 0 2
0 0.495 -0.435 0 1
0 0.495 -0.425 0 1
0 0.495 -0.415 0 1
0 0.495 -0.405 0 1
0 0.495 -0.395 0.0001254372218 1
0 0.495 -0.385 0.0002577774677 2
0 0.495 -0.375 0.0004374019876 2
0 0.495 -0.365 0.0006450964608 2
0 0.495 -0.355 0.0008745390373 1
0 0.495 -0.345 0.00111088825 1
0 0.495 -0.335 0.001363141703 1
0 0.495 -0.325 0.001631401087 1
0 0.495 -0.315 0.001909322953 1
0 0.495 -0.305 0.002198889343 1
0 0.495 -0.295 0.002476921055 1
0 0.495 -0.285 0.002736098132 2
0 0.495 -0.275 0.003006105749 1
0 0.495 -0.265 0.003290182663 1
0 0.495 -0.255 0.003564927196 1
0 0.495 -0.245 0.003819948449 1
0 0.495 -0.235 0.004071428451 1
0 0.495 -0.225 0.004325708638 1
0 0.495 -0.215 0.004626172705 1
0 0.495 -0.205 0.005007307626 2
0 0.495 -0.195 0.005386062557 2
0 0.495 -0.185 0.005728605072 2
0 0.495 -0.175 0.006040944185 2
0 0.495 -0.165 0.006343465638 2
0 0.495 -0.155 0.006634085747 2
0 0.495 -0.145 0.006909602112 2
0 0.495 -0.135 0.007175943103 2
0 0.495 -0.125 0.007445143835 2
0 0.495 -0.115 0.007716990538 2
0 0.495 -0.105 0.007985555607 2
0 0.495 -0.095 0.008242239722 2
0 0.495 -0.085 0.008486062266 2
0 0.495 -0.075 0.008708949115 2
0 0.495 -0.065 0.008905902971 2
0 0.495 -0.055 0.009074031714 2
0 0.495 -0.045 0.009211921791 2
0 0.495 -0.035 0.009318733506 2
0 0.495 -0.025 0.009393614569 2
0 0.495 -0.015 0.009435238837 2
0 0.495 -0.005 0.009442437423 2
0 0.495 0.005 0.009409706022 2
0 0.495 0.015 0.009342435706 2
0 0.495 0.025 0.009237604614 1
0 0.495 0.035 0.009153981682 1
0 0.495 0.045 0.009062764357 1
0 0.495 0.055 0.00895610691 1
0 0.495 0.065 0.008832878691 1
0 0.495 0.075 0.008690298687 1
0 0.495 0.085 0.008526114529 1
0 0.495 0.095 0.008342057953 1
0 0.495 0.105 0.008141365029 1
0 0.495 0.115 0.007927600537 1
0 0.495 0.125 0.007704419351 1
0 0.495 0.135 0.007477266411 1
0 0.495 0.145 0.00724248214 1
0 0.495 0.155 0.006987257308 1
0 0.495 0.165 0.006715182094 1
0 0.495 0.175 0.006444968587 1
0 0.495 0.185 0.006181849109 1
0 0.495 0.195 0.005913209536 1
0 0.495 0.205 0.00563403991 1
0 0.495 0.215 0.005348896531 1
0 0.495 0.225 0.005059408981 1
0 0.495 0.235 0.004772591211 1
0 0.495 0.245 0.004488437597 1
0 0.495 0.255 0.004201233561 1
0 0.495 0.265 0.003882081766 1
0 0.495 0.275 0.003496045474 2
0 0.495 0.285 0.003083814898 2
0 0.495 0.295 0.002680761023 2
0 0.495 0.305 0.002311378089 2
0 0.495 0.315 0.001966059579 2
0 0.495 0.325 0.001644471549 2
0 0.495 0.335 0.001346239444 2
0 0.495 0.345 0.001072059114 2
0 0.495 0.355 0.0008229209951 2
0 0.495 0.365 0.0006004648106 2
0 0.495 0.375 0.0004055215396 2
0 0.495 0.385 0.0002413462765 2
0 0.495 0.395 0.0001078270079 2
0 0.495 0.405 0 2
0 0.495 0.415 0 2
0 0.495 0.425 0 2
0 0.495 0.435 0 2
0 0.495 0.445 0 2
0 0.495 0.455 0 2
0 0.495 0.465 0 2
0 0.505 -0.455 0 2
0 0.505 -0.445 0 2
0 0.505 -0.435 0 2
0 0.505 -0.425 0 1
0 0.505 -0.415 0 1
0 0.505 -0.405 0 1
0 0.505 -0.395 0.0001229187509 1
0 0.505 -0.385 0.0002502425201 2
0 0.505 -0.375 0.0004254066042 2
0 0.505 -0.365 0.0006308330527 2
0 0.505 -0.355 0.0008518236023 2
0 0.505 -0.345 0.001082638394 2
0 0.505 -0.335 0.001330610448 2
0 0.505 -0.325 0.001597853711 2
0 0.505 -0.315 0.001877972061 2
0 0.505 -0.305 0.002170394206 2
0 0.505 -0.295 0.002454880227 2
0 0.505 -0.285 0.002727664251 1
0 0.505 -0.275 0.002987986129 1
0 0.505 -0.265 0.003250782407 1
0 0.505 -0.255 0.003513149532 1
0 0.505 -0.245 0.003773273816 1
0 0.505 -0.235 0.00403176123 1
0 0.505 -0.225 0.004300419901 1
0 0.505 -0.215 0.004617322517 1
0 0.505 -0.205 0.005002309238 2
0 0.505 -0.195 0.005375810766 2
0 0.505 -0.185 0.005711798797 2
0 0.505 -0.175 0.006024401173 2
0 0.505 -0.165 0.006325843993 2
0 0.505 -0.155 0.006615599125 2
0 0.505 -0.145 0.006890487388 2
0 0.505 -0.135 0.007154273162 2
0 0.505 -0.125 0.007418432445 2
0 0.505 -0.115 0.007682488233 2
0 0.505 -0.105 0.007951741749 2
0 0.505 -0.095 0.008218252165 2
0 0.505 -0.085 0.008472832916 2
0 0.505 -0.075 0.008701560971 2
0 0.505 -0.065 0.008902014195 2
0 0.505 -0.055 0.009071853304 2
0 0.505 -0.045 0.009210062394 2
0 0.505 -0.035 0.009316492552 2
0 0.505 -0.025 0.009390488548 2
0 0.505 -0.015 0.009430770517 2
0 0.505 -0.005 0.009435957252 2
0 0.505 0.005 0.009400192688 2
0 0.505 0.015 0.009329243015 2
0 0.505 0.025 0.009221320963 1
0 0.505 0.035 0.009136308975 1
0 0.505 0.045 0.009044569235 1
0 0.505 0.055 0.008938036953 1
0 0.505 0.065 0.008816219602 1
0 0.505 0.075 0.008676583279 1
0 0.505 0.085 0.008516459367 1
0 0.505 0.095 0.008335133326 1
0 0.505 0.105 0.008133874686 1
0 0.505 0.115 0.007916550877 1
0 0.505 0.125 0.007688087162 1
0 0.505 0.135 0.007451824793 1
0 0.505 0.145 0.007207696169 1
0 0.505 0.155 0.006952947408 1
0 0.505 0.165 0.006689142156 1
0 0.505 0.175 0.006421749816 1
0 0.505 0.185 0.006153299514 1
0 0.505 0.195 0.005881671593 1
0 0.505 0.205 0.005604886326 1
0 0.505 0.215 0.005323097396 1
0 0.505 0.225 0.005036540192 1
0 0.505 0.235 0.004746233577 1
0 0.505 0.245 0.004456623715 1
0 0.505 0.255 0.004172144594 1
0 0.505 0.265 0.003863718551 1
0 0.505 0.275 0.003476153628 2
0 0.505 0.285 0.003053072107 2
0 0.505 0.295 0.00264448088 2
0 0.505 0.305 0.002275807361 2
0 0.505 0.315 0.001932885945 2
0 0.505 0.325 0.001614111463 2
0 0.505 0.335 0.00131898205 2
0 0.505 0.345 0.001048049569 2
0 0.505 0.355 0.0008023031487 2
0 0.505 0.365 0.0005833901661 2
0 0.505 0.375 0.0003921606297 2
0 0.505 0.385 0.0002319371819 2
0 0.505 0.395 0.0001023898886 2
0 0.505 0.405 0 2
0 0.505 0.415 0 2
0 0.505 0.425 0 2
0 0.505 0.435 0 2
0 0.505 0.445 0 2
0 0.505 0.455 0 2
0 0.505 0.465 0 2
0 0.515 -0.455 0 2
0 0.515 -0.445 0 2
0 0.515 -0.435 0 2
0 0.515 -0.425 0 2
0 0.515 -0.415 0 2
0 0.515 -0.405 0 2
0 0.515 -0.395 0.0001104628452 2
0 0.515 -0.385 0.0002372835102 2
0 0.515 -0.375 0.0004072743308 2
0 0.515 -0.365 0.0006092245906 2
0 0.515 -0.355 0.0008244491662 2
0 0.515 -0.345 0.001051031219 2
0 0.515 -0.335 0.001295290679 2
0 0.515 -0.325 0.001561698678 2
0 0.515 -0.315 0.001850064494 2
0 0.515 -0.305 0.002151138168 2
0 0.515 -0.295 0.00244418794 2
0 0.515 -0.285 0.002715832176 1
0 0.515 -0.275 0.002958808919 1
0 0.515 -0.265 0.003205721804 1
0 0.515 -0.255 0.003460559376 1
0 0.515 -0.245 0.003723691228 1
0 0.515 -0.235 0.003986684786 1
0 0.515 -0.225 0.00426843662 1
0 0.515 -0.215 0.004600561484 1
0 0.515 -0.205 0.004980236106 2
0 0.515 -0.195 0.005340641744 1
0 0.515 -0.185 0.005673930739 1
0 0.515 -0.175 0.005986449442 1
0 0.515 -0.165 0.006286943121 1
0 0.515 -0.155 0.006575554048 1
0 0.515 -0.145 0.006850203715 1
0 0.515 -0.135 0.007113687674 1
0 0.515 -0.125 0.007382723455 2
0 0.515 -0.115 0.007636094072 2
0 0.515 -0.105 0.007899150004 2
0 0.515 -0.095 0.008170946449 2
0 0.515 -0.085 0.008435194069 2
0 0.515 -0.075 0.008673009634 2
0 0.515 -0.065 0.008874965759 2
0 0.515 -0.055 0.009044896616 2
0 0.515 -0.045 0.009182216347 2
0 0.515 -0.035 0.00928750493 2
0 0.515 -0.025 0.00936036076 2
0 0.515 -0.015 0.009399760919 2
0 0.515 -0.005 0.009404182358 2
0 0.515 0.005 0.009367979441 2
0 0.515 0.015 0.009295919927 2
0 0.515 0.025 0.00918738572 1
0 0.515 0.035 0.009100769719 1
0 0.515 0.045 0.009008569503 1
0 0.515 0.055 0.008902464056 1
0 0.515 0.065 0.008782647155 1
0 0.515 0.075 0.008647033256 1
0 0.515 0.085 0.008491736736 1
0 0.515 0.095 0.008313606818 1
0 0.515 0.105 0.008111584347 1
0 0.515 0.115 0.007890011051 1
0 0.515 0.125 0.007655676379 1
0 0.515 0.135 0.007413179884 1
0 0.515 0.145 0.007165209166 1
0 0.515 0.155 0.006910310261 1
0 0.515 0.165 0.006649070337 1
0 0.515 0.175 0.006383561213 1
0 0.515 0.185 0.006115163061 1
0 0.515 0.195 0.005843988181 1
0 0.515 0.205 0.005569609527 1
0 0.515 0.215 0.005291504572 1
0 0.515 0.225 0.005007379725 1
0 0.515 0.235 0.004715696135 1
0 0.515 0.245 0.004422150578 1
0 0.515 0.255 0.00413576846 1
0 0.515 0.265 0.003829070004 1
0 0.515 0.275 0.003438810761 2
0 0.515 0.285 0.003014969054 2
0 0.515 0.295 0.002607424451 2
0 0.515 0.305 0.002240689549 2
0 0.515 0.315 0.001900248678 2
0 0.515 0.325 0.001584262802 2
0 0.515 0.335 0.001292181844 2
0 0.515 0.345 0.001024510917 2
0 0.515 0.355 0.0007822163157 2
0 0.515 0.365 0.0005669231287 2
0 0.515 0.375 0.0003794623136 2
0 0.515 0.385 0.0002231630674 2
0 0.515 0.395 9.747249011e-05 2
0 0.515 0.405 0 2
0 0.515 0.415 0 2
0 0.515 0.425 0 2
0 0.515 0.435 0 2
0 0.515 0.445 0 2
0 0.515 0.455 0 2
0 0.515 0.465 0 2
0 0.525 -0.455 0 2
0 0.525 -0.445 0 2
0 0.525 -0.435 0 2
0 0.525 -0.425 0 2
0 0.525 -0.415 0 2
0 0.525 -0.405 0 2
0 0.525 -0.395 0.000105456646 2
0 0.525 -0.385 0.0002291321553 2
0 0.525 -0.375 0.0003876888231 2
0 0.525 -0.365 0.0005763563393 2
0 0.525 -0.355 0.0007832538109 2
0 0.525 -0.345 0.001008345512 2
0 0.525 -0.335 0.001253077925 2
0 0.525 -0.325 0.001519875858 2
0 0.525 -0.315 0.001817675467 2
0 0.525 -0.305 0.00213649243 2
0 0.525 -0.295 0.002436681487 2
0 0.525 -0.285 0.002699223602 1
0 0.525 -0.275 0.00292419154 1
0 0.525 -0.265 0.003158935618 1
0 0.525 -0.255 0.003410128175 1
0 0.525 -0.245 0.00367061766 1
0 0.525 -0.235 0.003936540615 1
0 0.525 -0.225 0.004229310344 1
0 0.525 -0.215 0.004585628334 2
0 0.525 -0.205 0.004959107569 1
0 0.525 -0.195 0.00531753855 1
0 0.525 -0.185 0.00563837767 1
0 0.525 -0.175 0.005945690696 1
0 0.525 -0.165 0.006244728601 1
0 0.525 -0.155 0.006531759586 1
0 0.525 -0.145 0.006803009606 1
0 0.525 -0.135 0.007061859566 1
0 0.525 -0.125 0.007315781452 1
0 0.525 -0.115 0.007565949052 1
0 0.525 -0.105 0.00783328565 2
0 0.525 -0.095 0.008109267886 2
0 0.525 -0.085 0.008378691361 2
0 0.525 -0.075 0.008622496923 2
0 0.525 -0.065 0.008823884994 2
0 0.525 -0.055 0.008992145744 2
0 0.525 -0.045 0.009127477618 2
0 0.525 -0.035 0.009231006269 2
0 0.525 -0.025 0.009302593747 2
0 0.525 -0.015 0.009341605409 2
0 0.525 -0.005 0.009346521576 2
0 0.525 0.005 0.009314524754 2
0 0.525 0.015 0.009244635429 2
0 0.525 0.025 0.009138240658 1
0 0.525 0.035 0.009047370075 1
0 0.525 0.045 0.008954619876 1
0 0.525 0.055 0.008849194755 1
0 0.525 0.065 0.008731463042 1
0 0.525 0.075 0.008602477141 1
0 0.525 0.085 0.008455702591 1
0 0.525 0.095 0.008283652273 1
0 0.525 0.105 0.008080151065 1
0 0.525 0.115 0.00785080614 1
0 0.525 0.125 0.007607904469 1
0 0.525 0.135 0.007358755664 1
0 0.525 0.145 0.007110891653 1
0 0.525 0.155 0.006858480878 1
0 0.525 0.165 0.00660000337 1
0 0.525 0.175 0.006336834557 1
0 0.525 0.185 0.006069152117 1
0 0.525 0.195 0.005798299087 1
0 0.525 0.205 0.005525529493 1
0 0.525 0.215 0.005254013886 1
0 0.525 0.225 0.004976693737 1
0 0.525 0.235 0.004684989026 1
0 0.525 0.245 0.004382184599 1
0 0.525 0.255 0.004085778503 1
0 0.525 0.265 0.003773268238 1
0 0.525 0.275 0.003382312434 2
0 0.525 0.285 0.002968835184 2
0 0.525 0.295 0.002569651807 2
0 0.525 0.305 0.00220614759 2
0 0.525 0.315 0.001868243566 2
0 0.525 0.325 0.001555000847 2
0 0.525 0.335 0.001265890213 2
0 0.525 0.345 0.001001474421 2
0 0.525 0.355 0.0007626757146 2
0 0.525 0.365 0.0005510675345 2
0 0.525 0.375 0.0003674235907 2
0 0.525 0.385 0.0002150186178 2
0 0.525 0.395 9.307013558e-05 2
0 0.525 0.405 0 2
0 0.525 0.415 0 2
0 0.525 0.425 0 2
0 0.525 0.435 0 2
0 0.525 0.445 0 2
0 0.525 0.455 0 2
0 0.525 0.465 0 2
0 0.535 -0.455 0 2
0 0.535 -0.445 0 2
0 0.535 -0.435 0 2
0 0.535 -0.425 0 2
0 0.535 -0.415 0 2
0 0.535 -0.405 0 2
0 0.535 -0.395 9.982005596e-05 2
0 0.535 -0.385 0.0002199180165 2
0 0.535 -0.375 0.0003691037365 2
0 0.535 -0.365 0.0005469061705 2
0 0.535 -0.355 0.0007468493233 2
0 0.535 -0.345 0.0009677323094 2
0 0.535 -0.335 0.001210308316 2
0 0.535 -0.325 0.001477908862 2
0 0.535 -0.315 0.001781585633 2
0 0.535 -0.305 0.002108144307 2
0 0.535 -0.295 0.002420310419 1
0 0.535 -0.285 0.002669460463 1
0 0.535 -0.275 0.002887740256 1
0 0.535 -0.265 0.003114619573 1
0 0.535 -0.255 0.003359215294 1
0 0.535 -0.245 0.003613554289 1
0 0.535 -0.235 0.003879691555 1
0 0.535 -0.225 0.004189072707 1
0 0.535 -0.215 0.00456903868 2
0 0.535 -0.205 0.004951195157 1
0 0.535 -0.195 0.005290748279 1
0 0.535 -0.185 0.005597813793 1
0 0.535 -0.175 0.005899415827 1
0 0.535 -0.165 0.006194337517 1
0 0.535 -0.155 0.006477717569 1
0 0.535 -0.145 0.006745711599 1
0 0.535 -0.135 0.007001987431 1
0 0.535 -0.125 0.007249791104 1
0 0.535 -0.115 0.007491520636 1
0 0.535 -0.105 0.007736921057 1
0 0.535 -0.095 0.008031866775 2
0 0.535 -0.085 0.008303888065 2
0 0.535 -0.075 0.008547971605 2
0 0.535 -0.065 0.008746979221 2
0 0.535 -0.055 0.00891218038 2
0 0.535 -0.045 0.009044839306 2
0 0.535 -0.035 0.009146279251 2
0 0.535 -0.025 0.009216593201 2
0 0.535 -0.015 0.009255524031 2
0 0.535 -0.005 0.009261860543 2
0 0.535 0.005 0.009235789741 2
0 0.535 0.015 0.009170668166 2
0 0.535 0.025 0.009072002047 1
0 0.535 0.035 0.008976036382 1
0 0.535 0.045 0.008883621321 1
0 0.535 0.055 0.008778514499 1
0 0.535 0.065 0.008661940668 1
0 0.535 0.075 0.008537308356 1
0 0.535 0.085 0.00839688306 1
0 0.535 0.095 0.008231115057 1
0 0.535 0.105 0.008025729653 1
0 0.535 0.115 0.007795588844 1
0 0.535 0.125 0.00755353553 1
0 0.535 0.135 0.00729940735 1
0 0.535 0.145 0.007047075805 1
0 0.535 0.155 0.0067926825 1
0 0.535 0.165 0.006539312433 1
0 0.535 0.175 0.006280378283 1
0 0.535 0.185 0.006013253233 1
0 0.535 0.195 0.005742212803 1
0 0.535 0.205 0.005474116713 1
0 0.535 0.215 0.005208694041 1
0 0.535 0.225 0.004933942375 1
0 0.535 0.235 0.004637695307 1
0 0.535 0.245 0.004325946639 1
0 0.535 0.255 0.004023018874 1
0 0.535 0.265 0.003697150146 2
0 0.535 0.275 0.003320381294 2
0 0.535 0.285 0.002918968013 2
0 0.535 0.295 0.002528807317 2
0 0.535 0.305 0.00217019942 2
0 0.535 0.315 0.00183552345 2
0 0.535 0.325 0.001525345863 2
0 0.535 0.335 0.00123941702 2
0 0.535 0.345 0.0009784421461 2
0 0.535 0.355 0.0007433138967 2
0 0.535 0.365 0.0005355466486 2
0 0.535 0.375 0.0003558360882 2
0 0.535 0.385 0.0002073546248 2
0 0.535 0.395 8.909014062e-05 2
0 0.535 0.405 0 2
0 0.535 0.415 0 2
0 0.535 0.425 0 2
0 0.535 0.435 0 2
0 0.535 0.445 0 2
0 0.535 0.455 0 2
0 0.535 0.465 0 2
0 0.545 -0.455 0 2
0 0.545 -0.445 0 2
0 0.545 -0.435 0 2
0 0.545 -0.425 0 2
0 0.545 -0.415 0 2
0 0.545 -0.405 0 2
0 0.545 -0.395 9.20816924e-05 2
0 0.545 -0.385 0.0002066649257 2
0 0.545 -0.375 0.0003484105182 2
0 0.545 -0.365 0.0005180166089 2
0 0.545 -0.355 0.0007112360019 2
0 0.545 -0.345 0.0009276251145 2
0 0.545 -0.335 0.001167583985 2
0 0.545 -0.325 0.001434725311 2
0 0.545 -0.315 0.001738632279 2
0 0.545 -0.305 0.002070369862 2
0 0.545 -0.295 0.002388293155 1
0 0.545 -0.285 0.002631544395 1
0 0.545 -0.275 0.002845995271 1
0 0.545 -0.265 0.003068054553 1
0 0.545 -0.255 0.003305031641 1
0 0.545 -0.245 0.003554820148 1
0 0.545 -0.235 0.003823768156 1
0 0.545 -0.225 0.004149778817 1
0 0.545 -0.215 0.004540539929 2
0 0.545 -0.205 0.004924673793 1
0 0.545 -0.195 0.005251224833 1
0 0.545 -0.185 0.005547119403 1
0 0.545 -0.175 0.005842383519 1
0 0.545 -0.165 0.006131889576 1
0 0.545 -0.155 0.00641095344 1
0 0.545 -0.145 0.006679781122 1
0 0.545 -0.135 0.006938030729 1
0 0.545 -0.125 0.007182458656 1
0 0.545 -0.115 0.007412325326 1
0 0.545 -0.105 0.007645597126 1
0 0.545 -0.095 0.007933634505 2
0 0.545 -0.085 0.008205912268 2
0 0.545 -0.075 0.008447178202 2
0 0.545 -0.065 0.008642271112 2
0 0.545 -0.055 0.008803756297 2
0 0.545 -0.045 0.008933602091 2
0 0.545 -0.035 0.009032971901 2
0 0.545 -0.025 0.009102124189 2
0 0.545 -0.015 0.009141092007 2
0 0.545 -0.005 0.009149229572 2
0 0.545 0.005 0.009128084223 2
0 0.545 0.015 0.009072280689 2
0 0.545 0.025 0.008992490032 2
0 0.545 0.035 0.008889489269 1
0 0.545 0.045 0.00879458887 1
0 0.545 0.055 0.008689549201 1
0 0.545 0.065 0.00857601665 1
0 0.545 0.075 0.008453344769 1
0 0.545 0.085 0.008313572354 1
0 0.545 0.095 0.008144541018 2
0 0.545 0.105 0.00793610409 2
0 0.545 0.115 0.007709313997 2
0 0.545 0.125 0.007473193001 2
0 0.545 0.135 0.007225656477 1
0 0.545 0.145 0.006976339701 1
0 0.545 0.155 0.006724129542 1
0 0.545 0.165 0.006475350666 1
0 0.545 0.175 0.006218643851 1
0 0.545 0.185 0.005952627882 1
0 0.545 0.195 0.005681963719 1
0 0.545 0.205 0.00541356339 1
0 0.545 0.215 0.005146316434 1
0 0.545 0.225 0.004868477217 1
0 0.545 0.235 0.004564590369 2
0 0.545 0.245 0.004255842461 2
0 0.545 0.255 0.003949530941 2
0 0.545 0.265 0.00361691885 2
0 0.545 0.275 0.003245835894 2
0 0.545 0.285 0.00285818008 2
0 0.545 0.295 0.002481805032 2
0 0.545 0.305 0.002129757491 2
0 0.545 0.315 0.00179978475 2
0 0.545 0.325 0.001493615646 2
0 0.545 0.335 0.001211549377 2
0 0.545 0.345 0.0009545226989 2
0 0.545 0.355 0.0007234656789 2
0 0.545 0.365 0.0005198573184 2
0 0.545 0.375 0.0003443210189 2
0 0.545 0.385 0.0001999002389 2
0 0.545 0.395 8.536463115e-05 2
0 0.545 0.405 0 2
0 0.545 0.415 0 2
0 0.545 0.425 0 2
0 0.545 0.435 0 2
0 0.545 0.445 0 2
0 0.545 0.455 0 2
0 0.545 0.465 0 2
0 0.555 -0.455 0 2
0 0.555 -0.445 0 2
0 0.555 -0.435 0 2
0 0.555 -0.425 0 2
0 0.555 -0.415 0 2
0 0.555 -0.405 0 2
0 0.555 -0.395 8.423819287e-05 2
0 0.555 -0.385 0.000192956719 2
0 0.555 -0.375 0.0003280892689 2
0 0.555 -0.365 0.0004908751427 2
0 0.555 -0.355 0.0006781788832 2
0 0.555 -0.345 0.0008900464207 2
0 0.555 -0.335 0.001126838855 2
0 0.555 -0.325 0.001391321996 2
0 0.555 -0.315 0.001692770105 2
0 0.555 -0.305 0.002023186817 2
0 0.555 -0.295 0.002343996633 1
0 0.555 -0.285 0.00258249761 1
0 0.555 -0.275 0.002795486871 1
0 0.555 -0.265 0.003014979543 1
0 0.555 -0.255 0.003246740013 1
0 0.555 -0.245 0.003499132813 1
0 0.555 -0.235 0.003778619286 1
0 0.555 -0.225 0.004111408098 2
0 0.555 -0.215 0.004486082153 2
0 0.555 -0.205 0.004867271579 1
0 0.555 -0.195 0.005195303836 1
0 0.555 -0.185 0.005493296166 1
0 0.555 -0.175 0.005781690714 1
0 0.555 -0.165 0.006060971622 1
0 0.555 -0.155 0.006333013132 1
0 0.555 -0.145 0.006600374779 1
0 0.555 -0.135 0.006856524578 1
0 0.555 -0.125 0.007099066458 1
0 0.555 -0.115 0.007323243384 1
0 0.555 -0.105 0.007551915971 1
0 0.555 -0.095 0.007824172637 2
0 0.555 -0.085 0.008087192233 2
0 0.555 -0.075 0.008318352579 2
0 0.555 -0.065 0.008508696838 2
0 0.555 -0.055 0.008666546808 2
0 0.555 -0.045 0.008793832922 2
0 0.555 -0.035 0.008891406096 2
0 0.555 -0.025 0.008959594843 2
0 0.555 -0.015 0.008998608032 2
0 0.555 -0.005 0.009008410932 2
0 0.555 0.005 0.008990551676 2
0 0.555 0.015 0.008944861873 2
0 0.555 0.025 0.008874626938 2
0 0.555 0.035 0.008786586772 1
0 0.555 0.045 0.008692847865 1
0 0.555 0.055 0.008592135378 1
0 0.555 0.065 0.008477591505 1
0 0.555 0.075 0.008350481153 1
0 0.555 0.085 0.008207262404 1
0 0.555 0.095 0.008021058255 2
0 0.555 0.105 0.007806420455 2
0 0.555 0.115 0.007575593764 2
0 0.555 0.125 0.007340196001 2
0 0.555 0.135 0.007107558183 2
0 0.555 0.145 0.006872032144 2
0 0.555 0.155 0.006633875316 1
0 0.555 0.165 0.0063897446 1
0 0.555 0.175 0.006137343055 1
0 0.555 0.185 0.005875264073 1
0 0.555 0.195 0.005607885168 1
0 0.555 0.205 0.00533984076 1
0 0.555 0.215 0.005072721491 1
0 0.555 0.225 0.004792060932 2
0 0.555 0.235 0.004486693064 2
0 0.555 0.245 0.00417246593 2
0 0.555 0.255 0.003854552327 2
0 0.555 0.265 0.00351674767 2
0 0.555 0.275 0.003154449903 2
0 0.555 0.285 0.002784522159 2
0 0.555 0.295 0.00242536015 2
0 0.555 0.305 0.00208194488 2
0 0.555 0.315 0.001758708227 2
0 0.555 0.325 0.001458010721 2
0 0.555 0.335 0.001180911509 2
0 0.555 0.345 0.0009286595906 2
0 0.555 0.355 0.0007023146686 2
0 0.555 0.365 0.0005033659112 2
0 0.555 0.375 0.0003323926975 2
0 0.555 0.385 0.000192304222 2
0 0.555 0.395 8.167460645e-05 2
0 0.555 0.405 0 2
0 0.555 0.415 0 2
0 0.555 0.425 0 2
0 0.555 0.435 0 2
0 0.555 0.445 0 2
0 0.555 0.455 0 2
0 0.555 0.465 0 2
0 0.565 -0.455 0 2
0 0.565 -0.445 0 2
0 0.565 -0.435 0 2
0 0.565 -0.425 0 2
0 0.565 -0.415 0 2
0 0.565 -0.405 0 2
0 0.565 -0.395 7.654871919e-05 2
0 0.565 -0.385 0.0001791535269 2
0 0.565 -0.375 0.0003079585632 2
0 0.565 -0.365 0.0004645932962 2
0 0.565 -0.355 0.0006464292096 2
0 0.565 -0.345 0.0008536967806 2
0 0.565 -0.335 0.001086720222 2
0 0.565 -0.325 0.001346752704 2
0 0.565 -0.315 0.001641053086 2
0 0.565 -0.305 0.001961059664 2
0 0.565 -0.295 0.002268211359 2
0 0.565 -0.285 0.002521839908 1
0 0.565 -0.275 0.002740854807 1
0 0.565 -0.265 0.002963314883 1
0 0.565 -0.255 0.003194501979 1
0 0.565 -0.245 0.00344666467 1
0 0.565 -0.235 0.003723986214 2
0 0.565 -0.225 0.004049609768 2
0 0.565 -0.215 0.004418559383 2
0 0.565 -0.205 0.004787206581 2
0 0.565 -0.195 0.005116304718 1
0 0.565 -0.185 0.005417247652 1
0 0.565 -0.175 0.005703730484 1
0 0.565 -0.165 0.005980249911 1
0 0.565 -0.155 0.006250756132 1
0 0.565 -0.145 0.006516422528 1
0 0.565 -0.135 0.006770288641 1
0 0.565 -0.125 0.007009225647 1
0 0.565 -0.115 0.007226811445 1
0 0.565 -0.105 0.007450552891 1
0 0.565 -0.095 0.007697917813 2
0 0.565 -0.085 0.007943411116 2
0 0.565 -0.075 0.00816177217 2
0 0.565 -0.065 0.008346946502 2
0 0.565 -0.055 0.008501524375 2
0 0.565 -0.045 0.008626606475 2
0 0.565 -0.035 0.008722713144 2
0 0.565 -0.025 0.008790151332 2
0 0.565 -0.015 0.00882921408 2
0 0.565 -0.005 0.008840343279 2
0 0.565 0.005 0.008824355104 2
0 0.565 0.015 0.008784871536 2
0 0.565 0.025 0.008722023579 2
0 0.565 0.035 0.008650158398 2
0 0.565 0.045 0.008562963641 1
0 0.565 0.055 0.00846741387 1
0 0.565 0.065 0.008351300659 1
0 0.565 0.075 0.008219515258 1
0 0.565 0.085 0.008064884853 2
0 0.565 0.095 0.007866100711 2
0 0.565 0.105 0.007641850324 2
0 0.565 0.115 0.007404855439 2
0 0.565 0.125 0.00717263593 2
0 0.565 0.135 0.006944287584 2
0 0.565 0.145 0.006716172714 2
0 0.565 0.155 0.006495463807 2
0 0.565 0.165 0.006264420947 2
0 0.565 0.175 0.006023075814 2
0 0.565 0.185 0.005768296802 2
0 0.565 0.195 0.005507392953 2
0 0.565 0.205 0.005246099204 2
0 0.565 0.215 0.004984934068 2
0 0.565 0.225 0.004701804296 2
0 0.565 0.235 0.004390266839 2
0 0.565 0.245 0.004063920606 2
0 0.565 0.255 0.003735739769 2
0 0.565 0.265 0.00340163037 2
0 0.565 0.275 0.003055139619 2
0 0.565 0.285 0.002703740713 2
0 0.565 0.295 0.002357884923 2
0 0.565 0.305 0.00202527234 2
0 0.565 0.315 0.001710737301 2
0 0.565 0.325 0.001417128132 2
0 0.565 0.335 0.001146307156 2
0 0.565 0.345 0.0008998620411 2
0 0.565 0.355 0.0006790500522 2
0 0.565 0.365 0.0004854160583 2
0 0.565 0.375 0.000319532702 2
0 0.565 0.385 0.0001841844343 2
0 0.565 0.395 7.777923969e-05 2
0 0.565 0.405 0 2
0 0.565 0.415 0 2
0 0.565 0.425 0 2
0 0.565 0.435 0 2
0 0.565 0.445 0 2
0 0.565 0.455 0 2
0 0.565 0.465 0 2
0 0.575 -0.455 0 2
0 0.575 -0.445 0 2
0 0.575 -0.435 0 2
0 0.575 -0.425 0 2
0 0.575 -0.415 0 2
0 0.575 -0.405 0 2
0 0.575 -0.395 6.914741741e-05 2
0 0.575 -0.385 0.0001655581856 2
0 0.575 -0.375 0.0002880680947 2
0 0.575 -0.365 0.0004386327816 2
0 0.575 -0.355 0.0006148706547 2
0 0.575 -0.345 0.0008169797653 2
0 0.575 -0.335 0.001045010003 2
0 0.575 -0.325 0.001298894399 2
0 0.575 -0.315 0.001581835318 2
0 0.575 -0.305 0.001886641501 2
0 0.575 -0.295 0.002185809586 2
0 0.575 -0.285 0.002454287266 1
0 0.575 -0.275 0.002678344985 1
0 0.575 -0.265 0.002900879286 1
0 0.575 -0.255 0.003129480661 1
0 0.575 -0.245 0.003369849147 2
0 0.575 -0.235 0.003641783867 2
0 0.575 -0.225 0.003968018704 2
0 0.575 -0.215 0.004331540557 2
0 0.575 -0.205 0.004690519066 2
0 0.575 -0.195 0.005018171756 2
0 0.575 -0.185 0.005316957901 2
0 0.575 -0.175 0.005605007762 1
0 0.575 -0.165 0.005881118686 1
0 0.575 -0.155 0.006149732222 1
0 0.575 -0.145 0.00641127479 1
0 0.575 -0.135 0.00666078414 1
0 0.575 -0.125 0.006895047091 1
0 0.575 -0.115 0.007107630879 1
0 0.575 -0.105 0.007321912208 2
0 0.575 -0.095 0.007543035184 2
0 0.575 -0.085 0.007771919757 2
0 0.575 -0.075 0.007979795268 2
0 0.575 -0.065 0.008159497801 2
0 0.575 -0.055 0.008310888666 2
0 0.575 -0.045 0.008433911527 2
0 0.575 -0.035 0.008528725055 2
0 0.575 -0.025 0.008595545303 2
0 0.575 -0.015 0.008634687201 2
0 0.575 -0.005 0.00864681624 2
0 0.575 0.005 0.008632898292 2
0 0.575 0.015 0.008596323515 2
0 0.575 0.025 0.008539256134 2
0 0.575 0.035 0.008468664852 2
0 0.575 0.045 0.008390552159 2
0 0.575 0.055 0.008295401908 2
0 0.575 0.065 0.008180860991 2
0 0.575 0.075 0.00804628792 2
0 0.575 0.085 0.007877551403 2
0 0.575 0.095 0.007674758361 2
0 0.575 0.105 0.007449573466 2
0 0.575 0.115 0.007218825435 2
0 0.575 0.125 0.006991779187 2
0 0.575 0.135 0.006763787429 2
0 0.575 0.145 0.006537914542 2
0 0.575 0.155 0.006321899543 2
0 0.575 0.165 0.006103112944 2
0 0.575 0.175 0.005873652737 2
0 0.575 0.185 0.005628372148 2
0 0.575 0.195 0.005375720577 2
0 0.575 0.205 0.005121078 2
0 0.575 0.215 0.004858535447 2
0 0.575 0.225 0.004571549039 2
0 0.575 0.235 0.00426166066 2
0 0.575 0.245 0.00394044225 2
0 0.575 0.255 0.003617398452 2
0 0.575 0.265 0.003287053897 2
0 0.575 0.275 0.002950555239 2
0 0.575 0.285 0.002612762275 2
0 0.575 0.295 0.002280471176 2
0 0.575 0.305 0.001959773891 2
0 0.575 0.315 0.001655266215 2
0 0.575 0.325 0.00137018312 2
0 0.575 0.335 0.001106918001 2
0 0.575 0.345 0.000867363034 2
0 0.575 0.355 0.000652988072 2
0 0.575 0.365 0.0004654198973 2
0 0.575 0.375 0.0003052568112 2
0 0.575 0.385 0.0001751743601 2
0 0.575 0.395 7.344401181e-05 2
0 0.575 0.405 0 2
0 0.575 0.415 0 2
0 0.575 0.425 0 2
0 0.575 0.435 0 2
0 0.575 0.445 0 2
0 0.575 0.455 0 2
0 0.575 0.465 0 2
0 0.585 -0.455 0 2
0 0.585 -0.445 0 2
0 0.585 -0.435 0 2
0 0.585 -0.425 0 2
0 0.585 -0.415 0 2
0 0.585 -0.405 0 2
0 0.585 -0.395 6.183032619e-05 2
0 0.585 -0.385 0.0001518363059 2
0 0.585 -0.375 0.0002677855655 2
0 0.585 -0.365 0.0004119144824 2
0 0.585 -0.355 0.0005819302209 2
0 0.585 -0.345 0.0007778638594 2
0 0.585 -0.335 0.0009992008234 2
0 0.585 -0.325 0.001245073113 2
0 0.585 -0.315 0.001513141403 2
0 0.585 -0.305 0.001802820387 2
0 0.585 -0.295 0.002095628073 2
0 0.585 -0.285 0.002366047019 2
0 0.585 -0.275 0.002595089798 2
0 0.585 -0.265 0.002812479182 2
0 0.585 -0.255 0.003033475588 2
0 0.585 -0.245 0.003270367918 2
0 0.585 -0.235 0.003550624353 2
0 0.585 -0.225 0.003871271998 2
0 0.585 -0.215 0.004216215008 2
0 0.585 -0.205 0.004560382596 2
0 0.585 -0.195 0.004891220119 2
0 0.585 -0.185 0.005196669537 2
0 0.585 -0.175 0.005484558266 2
0 0.585 -0.165 0.005752870485 2
0 0.585 -0.155 0.006013866398 2
0 0.585 -0.145 0.006268822468 2
0 0.585 -0.135 0.006511891037 2
0 0.585 -0.125 0.006737576544 2
0 0.585 -0.115 0.006945645957 2
0 0.585 -0.105 0.007148320776 2
0 0.585 -0.095 0.007362726062 2
0 0.585 -0.085 0.007577827027 2
0 0.585 -0.075 0.007775781426 2
0 0.585 -0.065 0.007949730294 2
0 0.585 -0.055 0.008097536986 2
0 0.585 -0.045 0.008218250416 2
0 0.585 -0.035 0.008311664861 2
0 0.585 -0.025 0.008377842402 2
0 0.585 -0.015 0.008417059896 2
0 0.585 -0.005 0.008429989801 2
0 0.585 0.005 0.008417683672 2
0 0.585 0.015 0.008381998622 2
0 0.585 0.025 0.008326677768 2
0 0.585 0.035 0.008254709065 2
0 0.585 0.045 0.008173266346 2
0 0.585 0.055 0.008075875866 2
0 0.585 0.065 0.007960106691 2
0 0.585 0.075 0.007819074992 2
0 0.585 0.085 0.007644933493 2
0 0.585 0.095 0.007444080896 2
0 0.585 0.105 0.0072262152 2
0 0.585 0.115 0.007005738991 2
0 0.585 0.125 0.006784735406 2
0 0.585 0.135 0.00656660819 2
0 0.585 0.145 0.006351592219 2
0 0.585 0.155 0.006138666861 2
0 0.585 0.165 0.005921504815 2
0 0.585 0.175 0.00569596754 2
0 0.585 0.185 0.005459677789 2
0 0.585 0.195 0.005214248318 2
0 0.585 0.205 0.004960327307 2
0 0.585 0.215 0.004695355836 2
0 0.585 0.225 0.004414032635 2
0 0.585 0.235 0.004116038193 2
0 0.585 0.245 0.003805455802 2
0 0.585 0.255 0.003487592292 2
0 0.585 0.265 0.003164589696 2
0 0.585 0.275 0.002838810147 2
0 0.585 0.285 0.002513870576 2
0 0.585 0.295 0.002194658395 2
0 0.585 0.305 0.001886095328 2
0 0.585 0.315 0.001592407045 2
0 0.585 0.325 0.001316950871 2
0 0.585 0.335 0.001062335418 2
0 0.585 0.345 0.000830680667 2
0 0.585 0.355 0.0006236374792 2
0 0.585 0.365 0.0004429167555 2
0 0.585 0.375 0.0002891629847 2
0 0.585 0.385 0.0001649586005 2
0 0.585 0.395 6.846282041e-05 2
0 0.585 0.405 0 2
0 0.585 0.415 0 2
0 0.585 0.425 0 2
0 0.585 0.435 0 2
0 0.585 0.445 0 2
0 0.585 0.455 0 2
0 0.585 0.465 0 2
0 0.595 -0.455 0 2
0 0.595 -0.445 0 2
0 0.595 -0.435 0 2
0 0.595 -0.425 0 2
0 0.595 -0.415 0 2
0 0.595 -0.405 0 2
0 0.595 -0.395 5.430108921e-05 2
0 0.595 -0.385 0.0001375243533 2
0 0.595 -0.375 0.0002464142929 2
0 0.595 -0.365 0.0003834355644 2
0 0.595 -0.355 0.0005462802666 2
0 0.595 -0.345 0.000734737911 2
0 0.595 -0.335 0.0009476283864 2
0 0.595 -0.325 0.001183539835 2
0 0.595 -0.315 0.001439180285 2
0 0.595 -0.305 0.001712743738 2
0 0.595 -0.295 0.001989788086 2
0 0.595 -0.285 0.002251400684 2
0 0.595 -0.275 0.00248495977 2
0 0.595 -0.265 0.002703643086 2
0 0.595 -0.255 0.002927250663 2
0 0.595 -0.245 0.003170968875 2
0 0.595 -0.235 0.00345176191 2
0 0.595 -0.225 0.003760776381 2
0 0.595 -0.215 0.004082983054 2
0 0.595 -0.205 0.004407272032 2
0 0.595 -0.195 0.004729138759 2
0 0.595 -0.185 0.005036648991 2
0 0.595 -0.175 0.005323902003 2
0 0.595 -0.165 0.005587489866 2
0 0.595 -0.155 0.005840870124 2
0 0.595 -0.145 0.006088010548 2
0 0.595 -0.135 0.006323943034 2
0 0.595 -0.125 0.006542218469 2
0 0.595 -0.115 0.006748456014 2
0 0.595 -0.105 0.00695153096 2
0 0.595 -0.095 0.007160937534 2
0 0.595 -0.085 0.007364898534 2
0 0.595 -0.075 0.007553321036 2
0 0.595 -0.065 0.007720873627 2
0 0.595 -0.055 0.007864299524 2
0 0.595 -0.045 0.007982124844 2
0 0.595 -0.035 0.008073779402 2
0 0.595 -0.025 0.008139125074 2
0 0.595 -0.015 0.008178351841 2
0 0.595 -0.005 0.008192017856 2
0 0.595 0.005 0.008181100934 2
0 0.595 0.015 0.008147091266 2
0 0.595 0.025 0.008092160103 2
0 0.595 0.035 0.008018703486 2
0 0.595 0.045 0.007929447494 2
0 0.595 0.055 0.007823367851 2
0 0.595 0.065 0.007698665537 2
0 0.595 0.075 0.007552146236 2
0 0.595 0.085 0.007380957206 2
0 0.595 0.095 0.007188004478 2
0 0.595 0.105 0.006979594709 2
0 0.595 0.115 0.006766000272 2
0 0.595 0.125 0.006553486903 2
0 0.595 0.135 0.006346543091 2
0 0.595 0.145 0.006143404344 2
0 0.595 0.155 0.005940699171 2
0 0.595 0.165 0.005731884756 2
0 0.595 0.175 0.005513312038 2
0 0.595 0.185 0.005283395457 2
0 0.595 0.195 0.005042720631 2
0 0.595 0.205 0.004791431097 2
0 0.595 0.215 0.004528210409 2
0 0.595 0.225 0.004250922331 2
0 0.595 0.235 0.003959909776 2
0 0.595 0.245 0.003657964342 2
0 0.595 0.255 0.003348900365 2
0 0.595 0.265 0.003035533135 2
0 0.595 0.275 0.002720762386 2
0 0.595 0.285 0.002408010582 2
0 0.595 0.295 0.002101380241 2
0 0.595 0.305 0.001805001995 2
0 0.595 0.315 0.001522659913 2
0 0.595 0.325 0.001257596166 2
0 0.595 0.335 0.001012493497 2
0 0.595 0.345 0.0007896062095 2
0 0.595 0.355 0.0005907142007 2
0 0.595 0.365 0.0004175977847 2
0 0.595 0.375 0.0002709569033 2
0 0.595 0.385 0.0001532939671 2
0 0.595 0.395 6.267174134e-05 2
0 0.595 0.405 0 2
0 0.595 0.415 0 2
0 0.595 0.425 0 2
0 0.595 0.435 0 2
0 0.595 0.445 0 2
0 0.595 0.455 0 2
0 0.595 0.465 0 2
0 0.605 -0.455 0 2
0 0.605 -0.445 0 2
0 0.605 -0.435 0 2
0 0.605 -0.425 0 2
0 0.605 -0.415 0 2
0 0.605 -0.405 0 2
0 0.605 -0.395 4.623381492e-05 2
0 0.605 -0.385 0.0001221297266 2
0 0.605 -0.375 0.0002232979854 2
0 0.605 -0.365 0.0003523828543 2
0 0.605 -0.355 0.000507003245 2
0 0.605 -0.345 0.000686670228 2
0 0.605 -0.335 0.0008896663542 2
0 0.605 -0.325 0.001114048347 2
0 0.605 -0.315 0.001356203937 2
0 0.605 -0.305 0.001610593936 2
0 0.605 -0.295 0.001867348163 2
0 0.605 -0.285 0.002116461067 2
0 0.605 -0.275 0.002352686998 2
0 0.605 -0.265 0.002582247707 2
0 0.605 -0.255 0.002816457336 2
0 0.605 -0.245 0.003065926031 2
0 0.605 -0.235 0.003338582322 2
0 0.605 -0.225 0.003632174259 2
0 0.605 -0.215 0.003938793538 2
0 0.605 -0.205 0.004248516429 2
0 0.605 -0.195 0.004553313769 2
0 0.605 -0.185 0.004845886977 2
0 0.605 -0.175 0.005123359455 2
0 0.605 -0.165 0.005385257169 2
0 0.605 -0.155 0.005635487065 2
0 0.605 -0.145 0.005875798621 2
0 0.605 -0.135 0.006105652579 2
0 0.605 -0.125 0.006324454387 2
0 0.605 -0.115 0.006534703023 2
0 0.605 -0.105 0.006739733941 2
0 0.605 -0.095 0.006941468905 2
0 0.605 -0.085 0.007135182297 2
0 0.605 -0.075 0.007314711379 2
0 0.605 -0.065 0.007475159569 2
0 0.605 -0.055 0.007613383441 2
0 0.605 -0.045 0.007727641543 2
0 0.605 -0.035 0.007817043668 2
0 0.605 -0.025 0.00788124577 2
0 0.605 -0.015 0.007920297472 2
0 0.605 -0.005 0.007934589396 2
0 0.605 0.005 0.007924891206 2
0 0.605 0.015 0.007892331532 2
0 0.605 0.025 0.007838448369 2
0 0.605 0.035 0.007764780068 2
0 0.605 0.045 0.007672705828 2
0 0.605 0.055 0.007561902372 2
0 0.605 0.065 0.007431110206 2
0 0.605 0.075 0.007278870214 2
0 0.605 0.085 0.007104618918 2
0 0.605 0.095 0.006912463647 2
0 0.605 0.105 0.006707844905 2
0 0.605 0.115 0.00650119041 2
0 0.605 0.125 0.006297706948 2
0 0.605 0.135 0.006104485243 2
0 0.605 0.145 0.005916496046 2
0 0.605 0.155 0.005728084429 2
0 0.605 0.165 0.005529664259 2
0 0.605 0.175 0.005318304939 2
0 0.605 0.185 0.005093896819 2
0 0.605 0.195 0.004857376823 2
0 0.605 0.205 0.004609322197 2
0 0.605 0.215 0.004349523872 2
0 0.605 0.225 0.004077596809 2
0 0.605 0.235 0.003794269083 2
0 0.605 0.245 0.003501590543 2
0 0.605 0.255 0.003202408938 2
0 0.605 0.265 0.002899607701 2
0 0.605 0.275 0.002596260015 2
0 0.605 0.285 0.002295699239 2
0 0.605 0.295 0.002001526051 2
0 0.605 0.305 0.001717371078 2
0 0.605 0.315 0.001446672217 2
0 0.605 0.325 0.001192516576 2
0 0.605 0.335 0.0009575740876 2
0 0.605 0.345 0.0007441558821 2
0 0.605 0.355 0.0005541231742 2
0 0.605 0.365 0.0003893044853 2
0 0.605 0.375 0.0002504580432 2
0 0.605 0.385 0.0001400170022 2
0 0.605 0.395 5.595454687e-05 2
0 0.605 0.405 0 2
0 0.605 0.415 0 2
0 0.605 0.425 0 2
0 0.605 0.435 0 2
0 0.605 0.445 0 2
0 0.605 0.455 0 2
0 0.605 0.465 0 2
0 0.615 -0.455 0 2
0 0.615 -0.445 0 2
0 0.615 -0.435 0 2
0 0.615 -0.425 0 2
0 0.615 -0.415 0 2
0 0.615 -0.405 0 2
0 0.615 -0.395 3.735992157e-05 2
0 0.615 -0.385 0.0001052686241 2
0 0.615 -0.375 0.0001979808222 2
0 0.615 -0.365 0.0003182851025 2
0 0.615 -0.355 0.0004637078915 2
0 0.615 -0.345 0.0006334821951 2
0 0.615 -0.335 0.0008255537934 2
0 0.615 -0.325 0.001037481892 2
0 0.615 -0.315 0.001265485518 2
0 0.615 -0.305 0.001504372702 2
0 0.615 -0.295 0.00174712739 2
0 0.615 -0.285 0.001987314364 2
0 0.615 -0.275 0.002222069084 2
0 0.615 -0.265 0.002454804418 2
0 0.615 -0.255 0.002692601876 2
0 0.615 -0.245 0.002942428633 2
0 0.615 -0.235 0.003208671308 2
0 0.615 -0.225 0.003489954897 2
0 0.615 -0.215 0.003781187094 2
0 0.615 -0.205 0.004075613847 2
0 0.615 -0.195 0.004366897543 2
0 0.615 -0.185 0.00464935344 2
0 0.615 -0.175 0.004919788775 2
0 0.615 -0.165 0.005177261878 2
0 0.615 -0.155 0.005423315061 2
0 0.615 -0.145 0.005659080846 2
0 0.615 -0.135 0.005884913212 2
0 0.615 -0.125 0.006101115266 2
0 0.615 -0.115 0.006309159184 2
0 0.615 -0.105 0.00651045747 2
0 0.615 -0.095 0.006705067541 2
0 0.615 -0.085 0.006889877863 2
0 0.615 -0.075 0.007060716378 2
0 0.615 -0.065 0.007213777704 2
0 0.615 -0.055 0.007346268809 2
0 0.615 -0.045 0.007456376753 2
0 0.615 -0.035 0.007543036337 2
0 0.615 -0.025 0.007605735958 2
0 0.615 -0.015 0.00764436874 2
0 0.615 -0.005 0.007659150915 2
0 0.615 0.005 0.007650583402 2
0 0.615 0.015 0.007619402288 2
0 0.615 0.025 0.007566506282 2
0 0.615 0.035 0.007492719201 2
0 0.615 0.045 0.007398564616 2
0 0.615 0.055 0.007283745696 2
0 0.615 0.065 0.00714747441 2
0 0.615 0.075 0.006989823252 2
0 0.615 0.085 0.006811971783 2
0 0.615 0.095 0.006620171168 2
0 0.615 0.105 0.006413493293 2
0 0.615 0.115 0.006206546964 2
0 0.615 0.125 0.006002723402 2
0 0.615 0.135 0.005826795623 2
0 0.615 0.145 0.005662409298 2
0 0.615 0.155 0.005499793881 2
0 0.615 0.165 0.005316169508 2
0 0.615 0.175 0.00511318367 2
0 0.615 0.185 0.00489459988 2
0 0.615 0.195 0.004662657226 2
0 0.615 0.205 0.004418823107 2
0 0.615 0.215 0.004163687742 2
0 0.615 0.225 0.003897780804 2
0 0.615 0.235 0.003622137662 2
0 0.615 0.245 0.00333858675 2
0 0.615 0.255 0.003049553453 2
0 0.615 0.265 0.002757744056 2
0 0.615 0.275 0.00246609337 2
0 0.615 0.285 0.002177731074 2
0 0.615 0.295 0.001895940555 2
0 0.615 0.305 0.001624021108 2
0 0.615 0.315 0.001365144163 2
0 0.615 0.325 0.001122239965 2
0 0.615 0.335 0.000897923571 2
0 0.615 0.345 0.0006945158866 2
0 0.615 0.355 0.0005139260893 2
0 0.615 0.365 0.0003580121506 2
0 0.615 0.375 0.0002275924801 2
0 0.615 0.385 0.0001250413053 2
0 0.615 0.395 4.824171623e-05 2
0 0.615 0.405 0 2
0 0.615 0.415 0 2
0 0.615 0.425 0 2
0 0.615 0.435 0 2
0 0.615 0.445 0 2
0 0.615 0.455 0 2
0 0.615 0.465 0 2
0 0.625 -0.455 0 2
0 0.625 -0.445 0 2
0 0.625 -0.435 0 2
0 0.625 -0.425 0 2
0 0.625 -0.415 0 2
0 0.625 -0.405 0 2
0 0.625 -0.395 2.750009251e-05 2
0 0.625 -0.385 8.67097902e-05 2
0 0.625 -0.375 0.0001702417948 2
0 0.625 -0.365 0.0002810118702 2
0 0.625 -0.355 0.0004164599794 2
0 0.625 -0.345 0.0005755783851 2
0 0.625 -0.335 0.0007560945246 2
0 0.625 -0.325 0.0009553038164 2
0 0.625 -0.315 0.001169520697 2
0 0.625 -0.305 0.001394262986 2
0 0.625 -0.295 0.001624524359 2
0 0.625 -0.285 0.001856181536 2
0 0.625 -0.275 0.002087531998 2
0 0.625 -0.265 0.002320264822 2
0 0.625 -0.255 0.002558254029 2
0 0.625 -0.245 0.002805513092 2
0 0.625 -0.235 0.00306442947 2
0 0.625 -0.225 0.003334246263 2
0 0.625 -0.215 0.003611622526 2
0 0.625 -0.205 0.003891754902 2
0 0.625 -0.195 0.004169736108 2
0 0.625 -0.185 0.004441272115 2
0 0.625 -0.175 0.00470359371 2
0 0.625 -0.165 0.004955456366 2
0 0.625 -0.155 0.005197013339 2
0 0.625 -0.145 0.005428702947 2
0 0.625 -0.135 0.00565090229 2
0 0.625 -0.125 0.005863998824 2
0 0.625 -0.115 0.006068611668 2
0 0.625 -0.105 0.00626503219 2
0 0.625 -0.095 0.006452603398 2
0 0.625 -0.085 0.006629137386 2
0 0.625 -0.075 0.006791707831 2
0 0.625 -0.065 0.006937420308 2
0 0.625 -0.055 0.007063903996 2
0 0.625 -0.045 0.007169449634 2
0 0.625 -0.035 0.007252954878 2
0 0.625 -0.025 0.007313804009 2
0 0.625 -0.015 0.007351754285 2
0 0.625 -0.005 0.00736684523 2
0 0.625 0.005 0.0073593254 2
0 0.625 0.015 0.007329563881 2
0 0.625 0.025 0.007277927774 2
0 0.625 0.035 0.007204644247 2
0 0.625 0.045 0.007109521007 2
0 0.625 0.055 0.006991999871 2
0 0.625 0.065 0.006851622514 2
0 0.625 0.075 0.00668966259 2
0 0.625 0.085 0.006503342685 2
0 0.625 0.095 0.006303952734 2
0 0.625 0.105 0.006094697717 2
0 0.625 0.115 0.005900583888 2
0 0.625 0.125 0.005707674289 2
0 0.625 0.135 0.005546654413 2
0 0.625 0.145 0.005398251593 2
0 0.625 0.155 0.005257247633 2
0 0.625 0.165 0.00509251583 2
0 0.625 0.175 0.004898919143 2
0 0.625 0.185 0.004686573229 2
0 0.625 0.195 0.004459537858 2
0 0.625 0.205 0.004220700491 2
0 0.625 0.215 0.003971124902 2
0 0.625 0.225 0.003711937907 2
0 0.625 0.235 0.003444372917 2
0 0.625 0.245 0.003170175448 2
0 0.625 0.255 0.002891518925 2
0 0.625 0.265 0.002610897442 2
0 0.625 0.275 0.002331047429 2
0 0.625 0.285 0.002054885508 2
0 0.625 0.295 0.001785441874 2
0 0.625 0.305 0.001525762626 2
0 0.625 0.315 0.001278808277 2
0 0.625 0.325 0.001047369902 2
0 0.625 0.335 0.0008339966322 2
0 0.625 0.345 0.000640996733 2
0 0.625 0.355 0.0004703083848 2
0 0.625 0.365 0.0003238079345 2
0 0.625 0.375 0.0002023789939 2
0 0.625 0.385 0.0001083488703 2
0 0.625 0.395 3.950534722e-05 2
0 0.625 0.405 0 2
0 0.625 0.415 0 2
0 0.625 0.425 0 2
0 0.625 0.435 0 2
0 0.625 0.445 0 2
0 0.625 0.455 0 2
0 0.625 0.465 0 2
0 0.635 -0.455 0 2
0 0.635 -0.445 0 2
0 0.635 -0.435 0 2
0 0.635 -0.425 0 2
0 0.635 -0.415 0 2
0 0.635 -0.405 0 2
0 0.635 -0.395 1.657338225e-05 2
0 0.635 -0.385 6.638146377e-05 2
0 0.635 -0.375 0.0001400819008 2
0 0.635 -0.365 0.000240716145 2
0 0.635 -0.355 0.0003656528692 2
0 0.635 -0.345 0.0005136960922 2
0 0.635 -0.335 0.0006824592381 2
0 0.635 -0.325 0.0008692126835 2
0 0.635 -0.315 0.001070557497 2
0 0.635 -0.305 0.001282701989 2
0 0.635 -0.295 0.001501834278 2
0 0.635 -0.285 0.001724969386 2
0 0.635 -0.275 0.001950763543 2
0 0.635 -0.265 0.002179882657 2
0 0.635 -0.255 0.002414350619 2
0 0.635 -0.245 0.002656351287 2
0 0.635 -0.235 0.002907085851 2
0 0.635 -0.225 0.003165940507 2
0 0.635 -0.215 0.003430612639 2
0 0.635 -0.205 0.003697695506 2
0 0.635 -0.195 0.003963492886 2
0 0.635 -0.185 0.004224635622 2
0 0.635 -0.175 0.004478646222 2
0 0.635 -0.165 0.004724057931 2
0 0.635 -0.155 0.004960324697 2
0 0.635 -0.145 0.005187337968 2
0 0.635 -0.135 0.005405160836 2
0 0.635 -0.125 0.005613906249 2
0 0.635 -0.115 0.005813672564 2
0 0.635 -0.105 0.006004224952 2
0 0.635 -0.095 0.006184689435 2
0 0.635 -0.085 0.006353364031 2
0 0.635 -0.075 0.006508069732 2
0 0.635 -0.065 0.006646577726 2
0 0.635 -0.055 0.006766946363 2
0 0.635 -0.045 0.006867672626 2
0 0.635 -0.035 0.006947708888 2
0 0.635 -0.025 0.007006405183 2
0 0.635 -0.015 0.007043427222 2
0 0.635 -0.005 0.007058665451 2
0 0.635 0.005 0.007052145635 2
0 0.635 0.015 0.007023908392 2
0 0.635 0.025 0.006973885555 2
0 0.635 0.035 0.006901813572 2
0 0.635 0.045 0.006806803237 2
0 0.635 0.055 0.006688126324 2
0 0.635 0.065 0.006545280526 2
0 0.635 0.075 0.006375353501 2
0 0.635 0.085 0.006182622307 2
0 0.635 0.095 0.005980968436 2
0 0.635 0.105 0.005781814483 2
0 0.635 0.115 0.005609252177 2
0 0.635 0.125 0.005428942693 1
0 0.635 0.135 0.005279829109 1
0 0.635 0.145 0.005143869646 1
0 0.635 0.155 0.00501629046 2
0 0.635 0.165 0.004868205851 2
0 0.635 0.175 0.004679620051 2
0 0.635 0.185 0.004472578191 2
0 0.635 0.195 0.004250284317 2
0 0.635 0.205 0.004016838426 2
0 0.635 0.215 0.003773378565 2
0 0.635 0.225 0.003521394768 2
0 0.635 0.235 0.003262218394 2
0 0.635 0.245 0.002997547222 2
0 0.635 0.255 0.002729384696 2
0 0.635 0.265 0.002460028485 2
0 0.635 0.275 0.002192006814 2
0 0.635 0.285 0.001928020468 2
0 0.635 0.295 0.001670876776 2
0 0.635 0.305 0.001423412974 2
0 0.635 0.315 0.00118841686 2
0 0.635 0.325 0.0009685588399 2
0 0.635 0.335 0.0007663240299 2
0 0.635 0.345 0.0005840013934 2
0 0.635 0.355 0.0004235524411 2
0 0.635 0.365 0.0002868701257 2
0 0.635 0.375 0.0001749137749 2
0 0.635 0.385 8.997924501e-05 2
0 0.635 0.395 2.975229893e-05 2
0 0.635 0.405 0 2
0 0.635 0.415 0 2
0 0.635 0.425 0 2
0 0.635 0.435 0 2
0 0.635 0.445 0 2
0 0.635 0.455 0 2
0 0.635 0.465 0 2
0 0.645 -0.455 0 2
0 0.645 -0.445 0 2
0 0.645 -0.435 0 2
0 0.645 -0.425 0 2
0 0.645 -0.415 0 2
0 0.645 -0.405 0 2
0 0.645 -0.395 4.585744867e-06 2
0 0.645 -0.385 4.434802721e-05 2
0 0.645 -0.375 0.0001076778448 2
0 0.645 -0.365 0.0001977488837 2
0 0.645 -0.355 0.0003118709338 2
0 0.645 -0.345 0.0004487020809 2
0 0.645 -0.335 0.0006058154812 2
0 0.645 -0.325 0.0007805313697 2
0 0.645 -0.315 0.0009697243847 2
0 0.645 -0.305 0.00117011864 2
0 0.645 -0.295 0.001378613067 2
0 0.645 -0.285 0.001592801921 2
0 0.645 -0.275 0.00181141098 2
0 0.645 -0.265 0.002034431934 2
0 0.645 -0.255 0.002262740983 2
0 0.645 -0.245 0.002497392642 2
0 0.645 -0.235 0.002738898867 2
0 0.645 -0.225 0.002986715322 2
0 0.645 -0.215 0.003239201608 2
0 0.645 -0.205 0.003493905125 2
0 0.645 -0.195 0.003748032303 2
0 0.645 -0.185 0.003998888127 2
0 0.645 -0.175 0.004244253629 2
0 0.645 -0.165 0.004482539416 2
0 0.645 -0.155 0.004712773901 2
0 0.645 -0.145 0.004934399466 2
0 0.645 -0.135 0.005147094359 2
0 0.645 -0.125 0.005350626283 2
0 0.645 -0.115 0.005544722416 2
0 0.645 -0.105 0.005728869393 2
0 0.645 -0.095 0.005902149405 2
0 0.645 -0.085 0.006063178645 2
0 0.645 -0.075 0.006210279358 2
0 0.645 -0.065 0.006341723474 2
0 0.645 -0.055 0.006455950963 2
0 0.645 -0.045 0.006551695897 2
0 0.645 -0.035 0.006628025843 2
0 0.645 -0.025 0.006684317571 2
0 0.645 -0.015 0.006720197648 2
0 0.645 -0.005 0.006735455858 2
0 0.645 0.005 0.006729953101 2
0 0.645 0.015 0.006703466425 2
0 0.645 0.025 0.006655605743 2
0 0.645 0.035 0.006585548114 2
0 0.645 0.045 0.006491921092 2
0 0.645 0.055 0.00637395096 2
0 0.645 0.065 0.006225182623 2
0 0.645 0.075 0.006050112207 2
0 0.645 0.085 0.005857841957 2
0 0.645 0.095 0.005667145294 2
0 0.645 0.105 0.00548297523 1
0 0.645 0.115 0.005330757381 1
0 0.645 0.125 0.005195964724 1
0 0.645 0.135 0.005060043503 1
0 0.645 0.145 0.004933526983 1
0 0.645 0.155 0.004790296176 1
0 0.645 0.165 0.004649575316 2
0 0.645 0.175 0.004460043903 2
0 0.645 0.185 0.004255414173 2
0 0.645 0.195 0.004036911406 2
0 0.645 0.205 0.003808666231 2
0 0.645 0.215 0.003571542929 2
0 0.645 0.225 0.003327069844 2
0 0.645 0.235 0.003076551459 2
0 0.645 0.245 0.002821596402 2
0 0.645 0.255 0.002564050494 2
0 0.645 0.265 0.002306022696 2
0 0.645 0.275 0.002049838457 2
0 0.645 0.285 0.001797993103 2
0 0.645 0.295 0.001553093944 2
0 0.645 0.305 0.001317797478 2
0 0.645 0.315 0.001094744195 2
0 0.645 0.325 0.0008865007893 2
0 0.645 0.335 0.0006954971343 2
0 0.645 0.345 0.0005240067851 2
0 0.645 0.355 0.0003740195588 2
0 0.645 0.365 0.0002474522962 2
0 0.645 0.375 0.0001453573276 2
0 0.645 0.385 7.001938524e-05 2
0 0.645 0.395 1.90174123e-05 2
0 0.645 0.405 0 2
0 0.645 0.415 0 2
0 0.645 0.425 0 2
0 0.645 0.435 0 2
0 0.645 0.445 0 2
0 0.645 0.455 0 2
0 0.645 0.465 0 2
0 0.655 -0.455 0 2
0 0.655 -0.445 0 2
0 0.655 -0.435 0 2
0 0.655 -0.425 0 2
0 0.655 -0.415 0 2
0 0.655 -0.405 0 2
0 0.655 -0.395 -8.388101107e-06 2
0 0.655 -0.385 2.077901627e-05 2
0 0.655 -0.375 7.333343028e-05 2
0 0.655 -0.365 0.0001525867252 2
0 0.655 -0.355 0.0002557946305 2
0 0.655 -0.345 0.0003814901053 2
0 0.655 -0.335 0.0005272386609 2
0 0.655 -0.325 0.0006904178318 2
0 0.655 -0.315 0.00086810088 2
0 0.655 -0.305 0.001057329218 2
0 0.655 -0.295 0.00125537343 2
0 0.655 -0.285 0.0014600759 2
0 0.655 -0.275 0.001670106618 2
0 0.655 -0.265 0.001885017361 2
0 0.655 -0.255 0.002105008015 2
0 0.655 -0.245 0.002330492899 2
0 0.655 -0.235 0.002561632872 2
0 0.655 -0.225 0.002797980665 2
0 0.655 -0.215 0.003038371532 2
0 0.655 -0.205 0.003281024921 2
0 0.655 -0.195 0.00352379337 2
0 0.655 -0.185 0.003764447717 2
0 0.655 -0.175 0.004000945998 2
0 0.655 -0.165 0.004231599044 2
0 0.655 -0.155 0.004455128672 2
0 0.655 -0.145 0.004670610668 2
0 0.655 -0.135 0.004877375426 2
0 0.655 -0.125 0.005074887282 2
0 0.655 -0.115 0.005262617284 2
0 0.655 -0.105 0.005439903062 2
0 0.655 -0.095 0.005605848367 2
0 0.655 -0.085 0.005759298394 2
0 0.655 -0.075 0.005898930729 2
0 0.655 -0.065 0.006023397765 2
0 0.655 -0.055 0.00613146573 2
0 0.655 -0.045 0.006222107398 2
0 0.655 -0.035 0.006294540161 2
0 0.655 -0.025 0.006348215016 2
0 0.655 -0.015 0.006382771292 2
0 0.655 -0.005 0.006397956179 2
0 0.655 0.005 0.006393537254 2
0 0.655 0.015 0.006369115522 2
0 0.655 0.025 0.006324102074 2
0 0.655 0.035 0.006257069575 2
0 0.655 0.045 0.006166576255 2
0 0.655 0.055 0.006051077107 2
0 0.655 0.065 0.005901857054 2
0 0.655 0.075 0.005731651335 2
0 0.655 0.085 0.00554296168 2
0 0.655 0.095 0.005366312289 1
0 0.655 0.105 0.005231334877 1
0 0.655 0.115 0.005101416695 1
0 0.655 0.125 0.004981155358 1
0 0.655 0.135 0.004855805745 1
0 0.655 0.145 0.004733348887 1
0 0.655 0.155 0.0045940449 1
0 0.655 0.165 0.004438889241 2
0 0.655 0.175 0.004244305393 2
0 0.655 0.185 0.00403684994 2
0 0.655 0.195 0.003820968298 2
0 0.655 0.205 0.003597368721 2
0 0.655 0.215 0.003366590395 2
0 0.655 0.225 0.003129812492 2
0 0.655 0.235 0.002888179202 2
0 0.655 0.245 0.002643131411 2
0 0.655 0.255 0.002396337657 2
0 0.655 0.265 0.002149714259 2
0 0.655 0.275 0.001905388365 2
0 0.655 0.285 0.001665659607 2
0 0.655 0.295 0.0014329513 2
0 0.655 0.305 0.001209758339 2
0 0.655 0.315 0.0009985925474 2
0 0.655 0.325 0.0008019321741 2
0 0.655 0.335 0.0006221638833 2
0 0.655 0.345 0.0004615563826 2
0 0.655 0.355 0.0003221409674 2
0 0.655 0.365 0.0002058739971 2
0 0.655 0.375 0.0001139256947 2
0 0.655 0.385 4.859609565e-05 2
0 0.655 0.395 7.358071054e-06 2
0 0.655 0.405 0 2
0 0.655 0.415 0 2
0 0.655 0.425 0 2
0 0.655 0.435 0 2
0 0.655 0.445 0 2
0 0.655 0.455 0 2
0 0.655 0.465 0 2
0 0.665 -0.455 0 2
0 0.665 -0.445 0 2
0 0.665 -0.435 0 2
0 0.665 -0.425 0 2
0 0.665 -0.415 0 2
0 0.665 -0.405 0 2
0 0.665 -0.395 -2.222170063e-05 2
0 0.665 -0.385 -4.077710649e-06 2
0 0.665 -0.375 3.744234219e-05 2
0 0.665 -0.365 0.0001057846378 2
0 0.665 -0.355 0.0001981454631 2
0 0.665 -0.345 0.0003129313815 2
0 0.665 -0.335 0.0004476981609 2
0 0.665 -0.325 0.0005998454794 2
0 0.665 -0.315 0.0007665492852 2
0 0.665 -0.305 0.0009449990747 2
0 0.665 -0.295 0.001132613788 2
0 0.665 -0.285 0.001327294037 2
0 0.665 -0.275 0.001527600796 2
0 0.665 -0.265 0.001732794338 2
0 0.665 -0.255 0.001942692932 2
0 0.665 -0.245 0.002157394229 2
0 0.665 -0.235 0.002376950612 2
0 0.665 -0.225 0.002601089462 2
0 0.665 -0.215 0.002829057271 2
0 0.665 -0.205 0.003059593874 2
0 0.665 -0.195 0.003291026499 2
0 0.665 -0.185 0.003521435798 2
0 0.665 -0.175 0.003748862566 2
0 0.665 -0.165 0.003971490911 2
0 0.665 -0.155 0.004187771671 2
0 0.665 -0.145 0.004396466266 2
0 0.665 -0.135 0.004596612098 2
0 0.665 -0.125 0.004787433948 2
0 0.665 -0.115 0.004968230611 2
0 0.665 -0.105 0.005138263946 2
0 0.665 -0.095 0.005296685288 2
0 0.665 -0.085 0.005442518762 2
0 0.665 -0.075 0.005574710614 2
0 0.665 -0.065 0.005692213466 2
0 0.665 -0.055 0.005794073206 2
0 0.665 -0.045 0.005879491451 2
0 0.665 -0.035 0.005947853475 2
0 0.665 -0.025 0.005998720059 2
0 0.665 -0.015 0.006031790451 2
0 0.665 -0.005 0.006046829343 2
0 0.665 0.005 0.006043588369 2
0 0.665 0.015 0.006021600329 2
0 0.665 0.025 0.00598020434 2
0 0.665 0.035 0.005917517392 2
0 0.665 0.045 0.005832422215 2
0 0.665 0.055 0.005716554345 2
0 0.665 0.065 0.005573375602 2
0 0.665 0.075 0.005411724454 2
0 0.665 0.085 0.005234409964 1
0 0.665 0.095 0.00510932288 1
0 0.665 0.105 0.004994617332 1
0 0.665 0.115 0.004880246569 1
0 0.665 0.125 0.004763713891 1
0 0.665 0.135 0.004642027253 1
0 0.665 0.145 0.004521021371 1
0 0.665 0.155 0.004389486954 1
0 0.665 0.165 0.004226689363 2
0 0.665 0.175 0.004029116941 2
0 0.665 0.185 0.003816493407 2
0 0.665 0.195 0.003602697599 2
0 0.665 0.205 0.003383398991 2
0 0.665 0.215 0.003159053465 2
0 0.665 0.225 0.002930196003 2
0 0.665 0.235 0.002697719886 2
0 0.665 0.245 0.002462824396 2
0 0.665 0.255 0.002226973186 2
0 0.665 0.265 0.001991880039 2
0 0.665 0.275 0.001759475273 2
0 0.665 0.285 0.001531870355 2
0 0.665 0.295 0.001311316454 2
0 0.665 0.305 0.001100160765 2
0 0.665 0.315 0.0009008006026 2
0 0.665 0.325 0.0007156392065 2
0 0.665 0.335 0.0005470334664 2
0 0.665 0.345 0.0003972621029 2
0 0.665 0.355 0.0002684174536 2
0 0.665 0.365 0.0001625186874 2
0 0.665 0.375 8.088719369e-05 2
0 0.665 0.385 2.587221253e-05 2
0 0.665 0.395 -5.149116634e-06 2
0 0.665 0.405 0 2
0 0.665 0.415 0 2
0 0.665 0.425 0 2
0 0.665 0.435 0 2
0 0.665 0.445 0 2
0 0.665 0.455 0 2
0 0.665 0.465 0 2
0 0.675 -0.455 0 2
0 0.675 -0.445 0 2
0 0.675 -0.435 0 2
0 0.675 -0.425 0 2
0 0.675 -0.415 0 2
0 0.675 -0.405 0 2
0 0.675 -0.395 -3.674705501e-05 2
0 0.675 -0.385 -2.991061358e-05 2
0 0.675 -0.375 4.703961635e-07 2
0 0.675 -0.365 5.795780745e-05 2
0 0.675 -0.355 0.0001396744559 2
0 0.675 -0.345 0.000243886176 2
0 0.675 -0.335 0.0003681225587 2
0 0.675 -0.325 0.0005097577725 2
0 0.675 -0.315 0.0006659760033 2
0 0.675 -0.305 0.0008339719707 2
0 0.675 -0.295 0.001011148192 2
0 0.675 -0.285 0.001195334702 2
0 0.675 -0.275 0.001384951129 2
0 0.675 -0.265 0.001579061084 2
0 0.675 -0.255 0.001777294888 2
0 0.675 -0.245 0.001979660617 2
0 0.675 -0.235 0.00218629603 2
0 0.675 -0.225 0.002397212653 2
0 0.675 -0.215 0.00261208979 2
0 0.675 -0.205 0.002830134283 2
0 0.675 -0.195 0.003050048836 2
0 0.675 -0.185 0.003270099941 2
0 0.675 -0.175 0.003488300378 2
0 0.675 -0.165 0.003702633807 2
0 0.675 -0.155 0.003911254814 2
0 0.675 -0.145 0.004112633122 2
0 0.675 -0.135 0.004305568896 2
0 0.675 -0.125 0.004489119463 2
0 0.675 -0.115 0.004662483403 2
0 0.675 -0.105 0.004824896518 2
0 0.675 -0.095 0.004975569247 2
0 0.675 -0.085 0.005113672141 2
0 0.675 -0.075 0.00523836442 2
0 0.675 -0.065 0.00534884438 2
0 0.675 -0.055 0.005444401823 2
0 0.675 -0.045 0.005524455713 2
0 0.675 -0.035 0.005588569461 2
0 0.675 -0.025 0.005636440516 2
0 0.675 -0.015 0.005667868033 2
0 0.675 -0.005 0.005682689454 2
0 0.675 0.005 0.005680714706 2
0 0.675 0.015 0.005661529641 2
0 0.675 0.025 0.005624546486 2
0 0.675 0.035 0.005567788453 2
0 0.675 0.045 0.005490522667 2
0 0.675 0.055 0.005379871057 2
0 0.675 0.065 0.005251522851 2
0 0.675 0.075 0.005098008538 2
0 0.675 0.085 0.004967241744 1
0 0.675 0.095 0.00485825215 1
0 0.675 0.105 0.004755627232 1
0 0.675 0.115 0.00464822082 1
0 0.675 0.125 0.00453634898 1
0 0.675 0.135 0.004424259423 1
0 0.675 0.145 0.004307497529 1
0 0.675 0.155 0.004180930843 1
0 0.675 0.165 0.004006784889 2
0 0.675 0.175 0.003807041563 2
0 0.675 0.185 0.003592447992 2
0 0.675 0.195 0.003381166165 2
0 0.675 0.205 0.003166528138 2
0 0.675 0.215 0.002949047777 2
0 0.675 0.225 0.002728543311 2
0 0.675 0.235 0.002505634496 2
0 0.675 0.245 0.002281244594 2
0 0.675 0.255 0.002056616963 2
0 0.675 0.265 0.001833257358 2
0 0.675 0.275 0.001612901369 2
0 0.675 0.285 0.001397478515 2
0 0.675 0.295 0.001189076514 2
0 0.675 0.305 0.0009899046946 2
0 0.675 0.315 0.0008022562548 2
0 0.675 0.325 0.0006284705288 2
0 0.675 0.335 0.000470887903 2
0 0.675 0.345 0.0003318142405 2
0 0.675 0.355 0.0002134272657 2
0 0.675 0.365 0.0001178392699 2
0 0.675 0.375 4.656542741e-05 2
0 0.675 0.385 2.047272212e-06 2
0 0.675 0.395 -1.840904493e-05 2
0 0.675 0.405 0 2
0 0.675 0.415 0 2
0 0.675 0.425 0 2
0 0.675 0.435 0 2
0 0.675 0.445 0 2
0 0.675 0.455 0 2
0 0.675 0.465 0 2
0 0.685 -0.455 0 2
0 0.685 -0.445 0 2
0 0.685 -0.435 0 2
0 0.685 -0.425 0 2
0 0.685 -0.415 0 2
0 0.685 -0.405 0 2
0 0.685 -0.395 -5.175542859e-05 2
0 0.685 -0.385 -5.634371113e-05 2
0 0.685 -0.375 -3.704093076e-05 2
0 0.685 -0.365 9.789152928e-06 2
0 0.685 -0.355 8.117660278e-05 2
0 0.685 -0.345 0.0001752286401 2
0 0.685 -0.335 0.0002894342936 2
0 0.685 -0.325 0.0004211005989 2
0 0.685 -0.315 0.0005673371437 2
0 0.685 -0.305 0.0007252195538 2
0 0.685 -0.295 0.0008919953763 2
0 0.685 -0.285 0.00106531596 2
0 0.685 -0.275 0.001243423886 2
0 0.685 -0.265 0.001425240317 2
0 0.685 -0.255 0.001610336683 2
0 0.685 -0.245 0.001798798172 2
0 0.685 -0.235 0.001991015019 2
0 0.685 -0.225 0.00218741795 2
0 0.685 -0.215 0.002388213102 2
0 0.685 -0.205 0.002593106738 2
0 0.685 -0.195 0.002801147 2
0 0.685 -0.185 0.003010683453 2
0 0.685 -0.175 0.00321956776 2
0 0.685 -0.165 0.003425461703 2
0 0.685 -0.155 0.003626139103 2
0 0.685 -0.145 0.003819776148 2
0 0.685 -0.135 0.004004994087 2
0 0.685 -0.125 0.004180763966 2
0 0.685 -0.115 0.004346251948 2
0 0.685 -0.105 0.004500703271 2
0 0.685 -0.095 0.004643389102 2
0 0.685 -0.085 0.004773600268 2
0 0.685 -0.075 0.00489067045 2
0 0.685 -0.065 0.00499400703 2
0 0.685 -0.055 0.005083119532 2
0 0.685 -0.045 0.005157636382 2
0 0.685 -0.035 0.00521730722 2
0 0.685 -0.025 0.00526198763 2
0 0.685 -0.015 0.005291609288 2
0 0.685 -0.005 0.005306127962 2
0 0.685 0.005 0.005305473709 2
0 0.685 0.015 0.005289397786 2
0 0.685 0.025 0.005257529375 2
0 0.685 0.035 0.005208269736 2
0 0.685 0.045 0.005141255651 2
0 0.685 0.055 0.005044497007 2
0 0.685 0.065 0.004937032668 2
0 0.685 0.075 0.004794390128 1
0 0.685 0.085 0.004703114084 1
0 0.685 0.095 0.004604534165 1
0 0.685 0.105 0.004510689145 1
0 0.685 0.115 0.004408928274 1
0 0.685 0.125 0.004303947395 1
0 0.685 0.135 0.004198672937 1
0 0.685 0.145 0.004083864522 1
0 0.685 0.155 0.00396311871 1
0 0.685 0.165 0.00377507266 2
0 0.685 0.175 0.003575681936 2
0 0.685 0.185 0.00336191619 2
0 0.685 0.195 0.003154788956 2
0 0.685 0.205 0.002946090258 2
0 0.685 0.215 0.002736381835 2
0 0.685 0.225 0.002524977168 2
0 0.685 0.235 0.002312254507 2
0 0.685 0.245 0.00209887816 2
0 0.685 0.255 0.001885877933 2
0 0.685 0.265 0.001674557318 2
0 0.685 0.275 0.001466463431 2
0 0.685 0.285 0.001263350488 2
0 0.685 0.295 0.001067149387 2
0 0.685 0.305 0.0008799379681 2
0 0.685 0.315 0.0007039117864 2
0 0.685 0.325 0.0005413539738 2
0 0.685 0.335 0.0003945996309 2
0 0.685 0.345 0.0002659989488 2
0 0.685 0.355 0.0001578423647 2
0 0.685 0.365 7.237183343e-05 2
0 0.685 0.375 1.134941476e-05 2
0 0.685 0.385 -2.263660647e-05 2
0 0.685 0.395 -3.230583676e-05 2
0 0.685 0.405 0 2
0 0.685 0.415 0 2
0 0.685 0.425 0 2
0 0.685 0.435 0 2
0 0.685 0.445 0 2
0 0.685 0.455 0 2
0 0.685 0.465 0 2
0 0.695 -0.455 0 2
0 0.695 -0.445 0 2
0 0.695 -0.435 0 2
0 0.695 -0.425 0 2
0 0.695 -0.415 0 2
0 0.695 -0.405 0 2
0 0.695 -0.395 -6.698844898e-05 2
0 0.695 -0.385 -8.292016878e-05 2
0 0.695 -0.375 -7.445059194e-05 2
0 0.695 -0.365 -3.79411592e-05 2
0 0.695 -0.355 2.352367209e-05 2
0 0.695 -0.345 0.0001078817676 2
0 0.695 -0.335 0.0002125875049 2
0 0.695 -0.325 0.0003348625921 2
0 0.695 -0.315 0.000471676311 2
0 0.695 -0.305 0.0006198660152 2
0 0.695 -0.295 0.000776383949 2
0 0.695 -0.285 0.0009385878437 2
0 0.695 -0.275 0.0011044934 2
0 0.695 -0.265 0.001272902685 2
0 0.695 -0.255 0.001443412012 2
0 0.695 -0.245 0.001616304648 2
0 0.695 -0.235 0.001792371409 2
0 0.695 -0.225 0.001972621625 2
0 0.695 -0.215 0.002157967591 2
0 0.695 -0.205 0.002348746418 2
0 0.695 -0.195 0.002544408657 2
0 0.695 -0.185 0.002743288472 2
0 0.695 -0.175 0.002942899183 2
0 0.695 -0.165 0.00314039376 2
0 0.695 -0.155 0.003332988034 2
0 0.695 -0.145 0.003518545806 2
0 0.695 -0.135 0.003695592188 2
0 0.695 -0.125 0.003863122116 2
0 0.695 -0.115 0.004020342499 2
0 0.695 -0.105 0.004166528907 2
0 0.695 -0.095 0.004301000061 2
0 0.695 -0.085 0.004423137971 2
0 0.695 -0.075 0.00453242151 2
0 0.695 -0.065 0.004628444222 2
0 0.695 -0.055 0.004710922713 2
0 0.695 -0.045 0.004779693385 2
0 0.695 -0.035 0.004834701894 2
0 0.695 -0.025 0.004875981318 2
0 0.695 -0.015 0.004903622702 2
0 0.695 -0.005 0.004917733904 2
0 0.695 0.005 0.004918407251 2
0 0.695 0.015 0.004905638156 2
0 0.695 0.025 0.0048793749 2
0 0.695 0.035 0.004838894353 2
0 0.695 0.045 0.004784263793 2
0 0.695 0.055 0.004708588665 2
0 0.695 0.065 0.004622746434 2
0 0.695 0.075 0.0045159704 1
0 0.695 0.085 0.004432712215 1
0 0.695 0.095 0.004345266021 1
0 0.695 0.105 0.004258155175 1
0 0.695 0.115 0.004164301651 1
0 0.695 0.125 0.004067581954 1
0 0.695 0.135 0.003967717414 1
0 0.695 0.145 0.00385633571 1
0 0.695 0.155 0.003718560782 2
0 0.695 0.165 0.003530420368 2
0 0.695 0.175 0.003330737905 2
0 0.695 0.185 0.003122589393 2
0 0.695 0.195 0.002922115921 2
0 0.695 0.205 0.002721354099 2
0 0.695 0.215 0.002520779581 2
0 0.695 0.225 0.002319546061 2
0 0.695 0.235 0.002117856217 2
0 0.695 0.245 0.001916174329 2
0 0.695 0.255 0.001715344265 2
0 0.695 0.265 0.001516485349 2
0 0.695 0.275 0.001320967834 2
0 0.695 0.285 0.001130378487 2
0 0.695 0.295 0.0009464963452 2
0 0.695 0.305 0.0007712705542 2
0 0.695 0.315 0.0006068007699 2
0 0.695 0.325 0.0004553165199 2
0 0.695 0.335 0.0003191542955 2
0 0.695 0.345 0.0002007229398 2
0 0.695 0.355 0.0001024533529 2
0 0.695 0.365 2.675848102e-05 2
0 0.695 0.375 -2.428805731e-05 2
0 0.695 0.385 -4.788274285e-05 2
0 0.695 0.395 -4.669712564e-05 2
0 0.695 0.405 0 2
0 0.695 0.415 0 2
0 0.695 0.425 0 2
0 0.695 0.435 0 2
0 0.695 0.445 0 2
0 0.695 0.455 0 2
0 0.695 0.465 0 2
0 0.705 -0.455 0 2
0 0.705 -0.445 0 2
0 0.705 -0.435 0 2
0 0.705 -0.425 0 2
0 0.705 -0.415 0 2
0 0.705 -0.405 0 2
0 0.705 -0.395 -8.212063694e-05 2
0 0.705 -0.385 -0.0001090702086 2
0 0.705 -0.375 -0.0001109709522 2
0 0.705 -0.365 -8.429828336e-05 2
0 0.705 -0.355 -3.227709711e-05 2
0 0.705 -0.345 4.286609436e-05 2
0 0.705 -0.335 0.0001385985252 2
0 0.705 -0.325 0.0002520846455 2
0 0.705 -0.315 0.0003801141512 2
0 0.705 -0.305 0.0005191575029 2
0 0.705 -0.295 0.000665704135 2
0 0.705 -0.285 0.0008166772216 2
0 0.705 -0.275 0.0009697989647 2
0 0.705 -0.265 0.001123756548 2
0 0.705 -0.255 0.001278229573 2
0 0.705 -0.245 0.001433796229 2
0 0.705 -0.235 0.001591783074 2
0 0.705 -0.225 0.00175393453 2
0 0.705 -0.215 0.001922119857 2
0 0.705 -0.205 0.002097516814 2
0 0.705 -0.195 0.002280150287 2
0 0.705 -0.185 0.002468221856 2
0 0.705 -0.175 0.002658694628 2
0 0.705 -0.165 0.002847983952 2
0 0.705 -0.155 0.003032414998 2
0 0.705 -0.145 0.003209534397 2
0 0.705 -0.135 0.003377932029 2
0 0.705 -0.125 0.00353679051 2
0 0.705 -0.115 0.003685426494 2
0 0.705 -0.105 0.00382312326 2
0 0.705 -0.095 0.003949201755 2
0 0.705 -0.085 0.004063094408 2
0 0.705 -0.075 0.00416440438 2
0 0.705 -0.065 0.004252902858 2
0 0.705 -0.055 0.004328514078 2
0 0.705 -0.045 0.004391289181 2
0 0.705 -0.035 0.004441384173 2
0 0.705 -0.025 0.004479030341 2
0 0.705 -0.015 0.004504502995 2
0 0.705 -0.005 0.004518085545 2
0 0.705 0.005 0.004520052168 2
0 0.705 0.015 0.004510669981 2
0 0.705 0.025 0.004490237371 2
0 0.705 0.035 0.004459152912 2
0 0.705 0.045 0.004417947195 2
0 0.705 0.055 0.004367287539 2
0 0.705 0.065 0.004307241033 2
0 0.705 0.075 0.004235788086 1
0 0.705 0.085 0.004161167447 1
0 0.705 0.095 0.004082756131 1
0 0.705 0.105 0.004000067367 1
0 0.705 0.115 0.003915671431 1
0 0.705 0.125 0.003825629404 1
0 0.705 0.135 0.003729804774 1
0 0.705 0.145 0.003618002443 1
0 0.705 0.155 0.003450201516 2
0 0.705 0.165 0.003265214529 2
0 0.705 0.175 0.003069583356 2
0 0.705 0.185 0.002873458456 2
0 0.705 0.195 0.002682368942 2
0 0.705 0.205 0.002491848339 2
0 0.705 0.215 0.002302090618 2
0 0.705 0.225 0.002112349825 2
0 0.705 0.235 0.001922735557 2
0 0.705 0.245 0.001733589826 2
0 0.705 0.255 0.001545610065 2
0 0.705 0.265 0.001359757705 2
0 0.705 0.275 0.001177241522 2
0 0.705 0.285 0.0009994893037 2
0 0.705 0.295 0.0008281311724 2
0 0.705 0.305 0.0006649862025 2
0 0.705 0.315 0.0005120539292 2
0 0.705 0.325 0.0003715055562 2
0 0.705 0.335 0.0002456778256 2
0 0.705 0.345 0.0001370456045 2
0 0.705 0.355 4.820442326e-05 2
0 0.705 0.365 -1.821855273e-05 2
0 0.705 0.375 -5.976138317e-05 2
0 0.705 0.385 -7.331982347e-05 2
0 0.705 0.395 -6.14037905e-05 2
0 0.705 0.405 0 2
0 0.705 0.415 0 2
0 0.705 0.425 0 2
0 0.705 0.435 0 2
0 0.705 0.445 0 2
0 0.705 0.455 0 2
0 0.705 0.465 0 2
0 0.715 -0.455 0 2
0 0.715 -0.445 0 2
0 0.715 -0.435 0 2
0 0.715 -0.425 0 2
0 0.715 -0.415 0 2
0 0.715 -0.405 0 2
0 0.715 -0.395 -9.673761145e-05 2
0 0.715 -0.385 -0.0001340678479 2
0 0.715 -0.375 -0.0001456034645 2
0 0.715 -0.365 -0.0001281190688 2
0 0.715 -0.355 -8.502034928e-05 2
0 0.715 -0.345 -1.866840309e-05 2
0 0.715 -0.335 6.85421451e-05 2
0 0.715 -0.325 0.0001738344282 2
0 0.715 -0.315 0.0002938237038 2
0 0.715 -0.305 0.0004244458111 2
0 0.715 -0.295 0.000561492212 2
0 0.715 -0.285 0.0007012596314 2
0 0.715 -0.275 0.0008411051237 2
0 0.715 -0.265 0.0009796204263 2
0 0.715 -0.255 0.001116637681 2
0 0.715 -0.245 0.001253033843 2
0 0.715 -0.235 0.001390678598 2
0 0.715 -0.225 0.001532087194 2
0 0.715 -0.215 0.0016805348 2
0 0.715 -0.205 0.001838492634 2
0 0.715 -0.195 0.002007176517 2
0 0.715 -0.185 0.002184461718 2
0 0.715 -0.175 0.002366392634 2
0 0.715 -0.165 0.002548325845 2
0 0.715 -0.155 0.002724821811 2
0 0.715 -0.145 0.002893178844 2
0 0.715 -0.135 0.003052406795 2
0 0.715 -0.125 0.003202197712 2
0 0.715 -0.115 0.003342058646 2
0 0.715 -0.105 0.003471176071 2
0 0.715 -0.095 0.003588772942 2
0 0.715 -0.085 0.003694276687 2
0 0.715 -0.075 0.003787411565 2
0 0.715 -0.065 0.003868138534 2
0 0.715 -0.055 0.00393660471 2
0 0.715 -0.045 0.003993089657 2
0 0.715 -0.035 0.004037979148 2
0 0.715 -0.025 0.004071727699 2
0 0.715 -0.015 0.004094824098 2
0 0.715 -0.005 0.004107745398 2
0 0.715 0.005 0.004110948205 2
0 0.715 0.015 0.004104942869 2
0 0.715 0.025 0.004090321785 2
0 0.715 0.035 0.004068496413 2
0 0.715 0.045 0.004040438779 2
0 0.715 0.055 0.004014366986 2
0 0.715 0.065 0.00398088685 2
0 0.715 0.075 0.003947175463 1
0 0.715 0.085 0.003881224815 1
0 0.715 0.095 0.003813179766 1
0 0.715 0.105 0.003737551664 1
0 0.715 0.115 0.003666567173 1
0 0.715 0.125 0.003578599894 1
0 0.715 0.135 0.003479273817 1
0 0.715 0.145 0.00333380985 2
0 0.715 0.155 0.003158412322 2
0 0.715 0.165 0.002978623913 2
0 0.715 0.175 0.002794229103 2
0 0.715 0.185 0.002614486081 2
0 0.715 0.195 0.002435551875 2
0 0.715 0.205 0.0022575927 2
0 0.715 0.215 0.002080443065 2
0 0.715 0.225 0.001903642603 2
0 0.715 0.235 0.001727275924 2
0 0.715 0.245 0.001551632261 2
0 0.715 0.255 0.001377302639 2
0 0.715 0.265 0.00120511824 2
0 0.715 0.275 0.001036142347 2
0 0.715 0.285 0.0008716513268 2
0 0.715 0.295 0.0007131265824 2
0 0.715 0.305 0.0005622508761 2
0 0.715 0.315 0.0004209121717 2
0 0.715 0.325 0.0002912089061 2
0 0.715 0.335 0.0001754651639 2
0 0.715 0.345 7.621667387e-05 2
0 0.715 0.355 -3.762127985e-06 2
0 0.715 0.365 -6.159041316e-05 2
0 0.715 0.375 -9.4330331e-05 2
0 0.715 0.385 -9.847184601e-05 2
0 0.715 0.395 -7.619416066e-05 2
0 0.715 0.405 0 2
0 0.715 0.415 0 2
0 0.715 0.425 0 2
0 0.715 0.435 0 2
0 0.715 0.445 0 2
0 0.715 0.455 0 2
0 0.715 0.465 0 2
0 0.725 -0.455 0 2
0 0.725 -0.445 0 2
0 0.725 -0.435 0 2
0 0.725 -0.425 0 2
0 0.725 -0.415 0 2
0 0.725 -0.405 0 2
0 0.725 -0.395 -0.0001103147674 2
0 0.725 -0.385 -0.0001569803045 2
0 0.725 -0.375 -0.0001770490408 2
0 0.725 -0.365 -0.0001678787176 2
0 0.725 -0.355 -0.0001331334453 2
0 0.725 -0.345 -7.526854773e-05 2
0 0.725 -0.335 3.686866752e-06 2
0 0.725 -0.325 0.0001012704394 2
0 0.725 -0.315 0.0002140150955 2
0 0.725 -0.305 0.000337088683 2
0 0.725 -0.295 0.0004652569321 2
0 0.725 -0.285 0.0005939425165 2
0 0.725 -0.275 0.0007201043291 2
0 0.725 -0.265 0.0008422974788 2
0 0.725 -0.255 0.0009604787919 2
0 0.725 -0.245 0.001075914469 2
0 0.725 -0.235 0.001191151292 2
0 0.725 -0.225 0.001309577828 2
0 0.725 -0.215 0.001436269558 2
0 0.725 -0.205 0.001574947859 2
0 0.725 -0.195 0.001728700404 2
0 0.725 -0.185 0.001894438099 2
0 0.725 -0.175 0.002067437054 2
0 0.725 -0.165 0.002242460403 2
0 0.725 -0.155 0.002410745496 2
0 0.725 -0.145 0.002569466872 2
0 0.725 -0.135 0.002718814143 2
0 0.725 -0.125 0.002859277866 2
0 0.725 -0.115 0.002990507924 2
0 0.725 -0.105 0.003111231421 2
0 0.725 -0.095 0.003220417337 2
0 0.725 -0.085 0.003317437658 2
0 0.725 -0.075 0.003402183318 2
0 0.725 -0.065 0.003474851875 2
0 0.725 -0.055 0.00353584567 2
0 0.725 -0.045 0.003585688178 2
0 0.725 -0.035 0.003625018463 2
0 0.725 -0.025 0.003654546774 2
0 0.725 -0.015 0.003675020501 2
0 0.725 -0.005 0.003687130767 2
0 0.725 0.005 0.003691507349 2
0 0.725 0.015 0.003688828832 2
0 0.725 0.025 0.003679853039 2
0 0.725 0.035 0.003666589048 2
0 0.725 0.045 0.003650353997 2
0 0.725 0.055 0.003644231227 2
0 0.725 0.065 0.003635237115 2
0 0.725 0.075 0.003647878503 1
0 0.725 0.085 0.003598374256 1
0 0.725 0.095 0.003544109562 1
0 0.725 0.105 0.003471697407 1
0 0.725 0.115 0.00340175243 1
0 0.725 0.125 0.003305394573 1
0 0.725 0.135 0.003171729517 2
0 0.725 0.145 0.003016859556 2
0 0.725 0.155 0.002849442255 2
0 0.725 0.165 0.002680053177 2
0 0.725 0.175 0.002511543856 2
0 0.725 0.185 0.002346727487 2
0 0.725 0.195 0.002182472 2
0 0.725 0.205 0.002019079454 2
0 0.725 0.215 0.001856251853 2
0 0.725 0.225 0.001693843495 2
0 0.725 0.235 0.00153195229 2
0 0.725 0.245 0.001370857279 2
0 0.725 0.255 0.001211074116 2
0 0.725 0.265 0.001053326478 2
0 0.725 0.275 0.0008985455324 2
0 0.725 0.285 0.0007478613816 2
0 0.725 0.295 0.0006026036086 2
0 0.725 0.305 0.0004643072959 2
0 0.725 0.315 0.0003347294511 2
0 0.725 0.325 0.0002158695424 2
0 0.725 0.335 0.000110010029 2
0 0.725 0.345 1.972245416e-05 2
0 0.725 0.355 -5.204521031e-05 2
0 0.725 0.365 -0.0001021334453 2
0 0.725 0.375 -0.0001270352471 2
0 0.725 0.385 -0.0001227095894 2
0 0.725 0.395 -9.075765701e-05 2
0 0.725 0.405 0 2
0 0.725 0.415 0 2
0 0.725 0.425 0 2
0 0.725 0.435 0 2
0 0.725 0.445 0 2
0 0.725 0.455 0 2
0 0.725 0.465 0 2
0 0.735 -0.455 0 2
0 0.735 -0.445 0 2
0 0.735 -0.435 0 2
0 0.735 -0.425 0 2
0 0.735 -0.415 0 2
0 0.735 -0.405 0 2
0 0.735 -0.395 -0.0001222128937 2
0 0.735 -0.385 -0.0001766300563 2
0 0.735 -0.375 -0.0002036164482 2
0 0.735 -0.365 -0.000201566603 2
0 0.735 -0.355 -0.0001746051857 2
0 0.735 -0.345 -0.000125279224 2
0 0.735 -0.335 -5.478835567e-05 2
0 0.735 -0.325 3.533648766e-05 2
0 0.735 -0.315 0.0001418521947 2
0 0.735 -0.305 0.0002586328153 2
0 0.735 -0.295 0.0003787618764 2
0 0.735 -0.285 0.0004964148822 2
0 0.735 -0.275 0.0006083770041 2
0 0.735 -0.265 0.0007133400401 2
0 0.735 -0.255 0.0008113724359 2
0 0.735 -0.245 0.0009045383025 2
0 0.735 -0.235 0.0009963902324 2
0 0.735 -0.225 0.001087481593 2
0 0.735 -0.215 0.001185653078 2
0 0.735 -0.205 0.001296524277 2
0 0.735 -0.195 0.00143205479 2
0 0.735 -0.185 0.001586274425 2
0 0.735 -0.175 0.001753143686 2
0 0.735 -0.165 0.001928862894 2
0 0.735 -0.155 0.002090619243 2
0 0.735 -0.145 0.002238683288 2
0 0.735 -0.135 0.002377051331 2
0 0.735 -0.125 0.002508074169 2
0 0.735 -0.115 0.002631281301 2
0 0.735 -0.105 0.002744110468 2
0 0.735 -0.095 0.002845058287 2
0 0.735 -0.085 0.002933471782 2
0 0.735 -0.075 0.00300955893 2
0 0.735 -0.065 0.0030738353 2
0 0.735 -0.055 0.003126988118 2
0 0.735 -0.045 0.003169778736 2
0 0.735 -0.035 0.003203119634 2
0 0.735 -0.025 0.003228016558 2
0 0.735 -0.015 0.00324555716 2
0 0.735 -0.005 0.00325667407 2
0 0.735 0.005 0.003262160965 2
0 0.735 0.015 0.003262753219 2
0 0.735 0.025 0.003259195637 2
0 0.735 0.035 0.00325347191 2
0 0.735 0.045 0.003246901482 2
0 0.735 0.055 0.003253276373 2
0 0.735 0.065 0.003262455729 2
0 0.735 0.075 0.003285575948 2
0 0.735 0.085 0.00328191783 1
0 0.735 0.095 0.003238488689 1
0 0.735 0.105 0.003170474552 1
0 0.735 0.115 0.003065985278 2
0 0.735 0.125 0.002959978948 2
0 0.735 0.135 0.00281870404 2
0 0.735 0.145 0.002669661163 2
0 0.735 0.155 0.002518405973 2
0 0.735 0.165 0.002368391535 2
0 0.735 0.175 0.002220128359 2
0 0.735 0.185 0.002072090463 2
0 0.735 0.195 0.001924414185 2
0 0.735 0.205 0.001777188057 2
0 0.735 0.215 0.001630226499 2
0 0.735 0.225 0.001483580699 2
0 0.735 0.235 0.001337382839 2
0 0.735 0.245 0.001191916912 2
0 0.735 0.255 0.001047641564 2
0 0.735 0.265 0.0009051877475 2
0 0.735 0.275 0.0007653635995 2
0 0.735 0.285 0.0006291551568 2
0 0.735 0.295 0.0004977341675 2
0 0.735 0.305 0.0003724724165 2
0 0.735 0.315 0.0002549694241 2
0 0.735 0.325 0.0001470873851 2
0 0.735 0.335 5.101914251e-05 2
0 0.735 0.345 -3.068053178e-05 2
0 0.735 0.355 -9.492825356e-05 2
0 0.735 0.365 -0.0001382936849 2
0 0.735 0.375 -0.0001566159473 2
0 0.735 0.385 -0.0001451851957 2
0 0.735 0.395 -0.0001046681007 2
0 0.735 0.405 0 2
0 0.735 0.415 0 2
0 0.735 0.425 0 2
0 0.735 0.435 0 2
0 0.735 0.445 0 2
0 0.735 0.455 0 2
0 0.735 0.465 0 2
0 0.745 -0.455 0 2
0 0.745 -0.445 0 2
0 0.745 -0.435 0 2
0 0.745 -0.425 0 2
0 0.745 -0.415 0 2
0 0.745 -0.405 0 2
0 0.745 -0.395 -0.0001316722415 2
0 0.745 -0.385 -0.000191540458 2
0 0.745 -0.375 -0.0002231402687 2
0 0.745 -0.365 -0.000226539828 2
0 0.745 -0.355 -0.00020657473 2
0 0.745 -0.345 -0.0001658749654 2
0 0.745 -0.335 -0.0001043020439 2
0 0.745 -0.325 -2.18373795e-05 2
0 0.745 -0.315 7.886322734e-05 2
0 0.745 -0.305 0.0001898207767 2
0 0.745 -0.295 0.0003022510963 2
0 0.745 -0.285 0.0004088919771 2
0 0.745 -0.275 0.0005065392638 2
0 0.745 -0.265 0.0005937355775 2
0 0.745 -0.255 0.0006706541468 2
0 0.745 -0.245 0.0007409982801 2
0 0.745 -0.235 0.0008056914807 2
0 0.745 -0.225 0.0008707264828 2
0 0.745 -0.215 0.0009463749995 2
0 0.745 -0.205 0.001040160745 2
0 0.745 -0.195 0.001161427439 2
0 0.745 -0.185 0.00129441277 2
0 0.745 -0.175 0.001442282992 2
0 0.745 -0.165 0.001608154395 2
0 0.745 -0.155 0.001762696573 2
0 0.745 -0.145 0.001897012551 2
0 0.745 -0.135 0.002024154256 2
0 0.745 -0.125 0.002146735862 2
0 0.745 -0.115 0.002263973 2
0 0.745 -0.105 0.002370135049 2
0 0.745 -0.095 0.002463252353 2
0 0.745 -0.085 0.002542895498 2
0 0.745 -0.075 0.00260998756 2
0 0.745 -0.065 0.002665493554 2
0 0.745 -0.055 0.002710392789 2
0 0.745 -0.045 0.00274562174 2
0 0.745 -0.035 0.002772384262 2
0 0.745 -0.025 0.0027920319 2
0 0.745 -0.015 0.002806175665 2
0 0.745 -0.005 0.002816028083 2
0 0.745 0.005 0.002822557276 2
0 0.745 0.015 0.002826410112 2
0 0.745 0.025 0.002828106393 2
0 0.745 0.035 0.002828927918 2
0 0.745 0.045 0.002829894677 2
0 0.745 0.055 0.002840063648 2
0 0.745 0.065 0.00285753862 2
0 0.745 0.075 0.002879454963 2
0 0.745 0.085 0.002887761653 2
0 0.745 0.095 0.002849503201 2
0 0.745 0.105 0.002783700278 2
0 0.745 0.115 0.00267628825 2
0 0.745 0.125 0.00256811101 2
0 0.745 0.135 0.002438426373 2
0 0.745 0.145 0.002310151086 2
0 0.745 0.155 0.002180268934 2
0 0.745 0.165 0.00205162467 2
0 0.745 0.175 0.001922034401 2
0 0.745 0.185 0.001792293448 2
0 0.745 0.195 0.001662517272 2
0 0.745 0.205 0.001532755227 2
0 0.745 0.215 0.001403012884 2
0 0.745 0.225 0.001273400665 2
0 0.745 0.235 0.001144086759 2
0 0.745 0.245 0.001015354025 2
0 0.745 0.255 0.0008876107727 2
0 0.745 0.265 0.0007614020879 2
0 0.745 0.275 0.0006374178524 2
0 0.745 0.285 0.0005164998116 2
0 0.745 0.295 0.0003996542697 2
0 0.745 0.305 0.0002880719619 2
0 0.745 0.315 0.0001831638405 2
0 0.745 0.325 8.660662919e-05 2
0 0.745 0.335 4.36394561e-07 2
0 0.745 0.345 -7.289631536e-05 2
0 0.745 0.355 -0.0001302618401 2
0 0.745 0.365 -0.0001680320569 2
0 0.745 0.375 -0.0001813459522 2
0 0.745 0.385 -0.0001646977772 2
0 0.745 0.395 -0.0001173073895 2
0 0.745 0.405 0 2
0 0.745 0.415 0 2
0 0.745 0.425 0 2
0 0.745 0.435 0 2
0 0.745 0.445 0 2
0 0.745 0.455 0 2
0 0.745 0.465 0 2
0 0.755 -0.455 0 2
0 0.755 -0.445 0 2
0 0.755 -0.435 0 2
0 0.755 -0.425 0 2
0 0.755 -0.415 0 2
0 0.755 -0.405 0 2
0 0.755 -0.395 -0.0001378560372 2
0 0.755 -0.385 -0.0002000224021 2
0 0.755 -0.375 -0.0002330818908 2
0 0.755 -0.365 -0.0002395270603 2
0 0.755 -0.355 -0.0002252009247 2
0 0.755 -0.345 -0.0001940711925 2
0 0.755 -0.335 -0.0001443243983 2
0 0.755 -0.325 -7.142214927e-05 2
0 0.755 -0.315 2.609732374e-05 2
0 0.755 -0.305 0.0001345068071 2
0 0.755 -0.295 0.0002392210639 2
0 0.755 -0.285 0.0003318242804 2
0 0.755 -0.275 0.000413455432 2
0 0.755 -0.265 0.0004839077672 2
0 0.755 -0.255 0.0005399241681 2
0 0.755 -0.245 0.0005833181078 2
0 0.755 -0.235 0.00062178959 2
0 0.755 -0.225 0.0006693849882 2
0 0.755 -0.215 0.0007368510189 2
0 0.755 -0.205 0.00082284367 1
0 0.755 -0.195 0.0009262876175 1
0 0.755 -0.185 0.001034098451 1
0 0.755 -0.175 0.001156648476 1
0 0.755 -0.165 0.001294862861 2
0 0.755 -0.155 0.001437514551 2
0 0.755 -0.145 0.001550222349 2
0 0.755 -0.135 0.001662749372 2
0 0.755 -0.125 0.00177788416 2
0 0.755 -0.115 0.001891783013 2
0 0.755 -0.105 0.001991947335 2
0 0.755 -0.095 0.002076966232 2
0 0.755 -0.085 0.002147236969 2
0 0.755 -0.075 0.002204864235 2
0 0.755 -0.065 0.002251263631 2
0 0.755 -0.055 0.002287579731 2
0 0.755 -0.045 0.002314751472 2
0 0.755 -0.035 0.002334281906 2
0 0.755 -0.025 0.002347874787 2
0 0.755 -0.015 0.002358066066 2
0 0.755 -0.005 0.002366324018 2
0 0.755 0.005 0.002373826125 2
0 0.755 0.015 0.002380958904 2
0 0.755 0.025 0.0023878644 2
0 0.755 0.035 0.002394244228 2
0 0.755 0.045 0.002400579662 2
0 0.755 0.055 0.002408208936 2
0 0.755 0.065 0.002421628532 2
0 0.755 0.075 0.002434860043 2
0 0.755 0.085 0.002440793117 2
0 0.755 0.095 0.002407024086 2
0 0.755 0.105 0.002343652961 2
0 0.755 0.115 0.002248374169 2
0 0.755 0.125 0.002152730131 2
0 0.755 0.135 0.00204982165 2
0 0.755 0.145 0.001945734624 2
0 0.755 0.155 0.001838255163 2
0 0.755 0.165 0.001729445922 2
0 0.755 0.175 0.001619636219 2
0 0.755 0.185 0.00150926413 2
0 0.755 0.195 0.001398418827 2
0 0.755 0.205 0.001287236103 2
0 0.755 0.215 0.001175842465 2
0 0.755 0.225 0.001064382626 2
0 0.755 0.235 0.0009530465048 2
0 0.755 0.245 0.0008421020322 2
0 0.755 0.255 0.0007319065436 2
0 0.755 0.265 0.0006229209516 2
0 0.755 0.275 0.000515719105 2
0 0.755 0.285 0.0004109978133 2
0 0.755 0.295 0.0003095915463 2
0 0.755 0.305 0.0002124942418 2
0 0.755 0.315 0.0001208984429 2
0 0.755 0.325 3.624483363e-05 2
0 0.755 0.335 -3.966585457e-05 2
0 0.755 0.345 -0.0001046053436 2
0 0.755 0.355 -0.0001555449015 2
0 0.755 0.365 -0.0001888319803 2
0 0.755 0.375 -0.0001989556395 2
0 0.755 0.385 -0.000179579694 2
0 0.755 0.395 -0.0001277791459 2
0 0.755 0.405 0 2
0 0.755 0.415 0 2
0 0.755 0.425 0 2
0 0.755 0.435 0 2
0 0.755 0.445 0 2
0 0.755 0.455 0 2
0 0.755 0.465 0 2
0 0.765 -0.455 0 2
0 0.765 -0.445 0 2
0 0.765 -0.435 0 2
0 0.765 -0.425 0 2
0 0.765 -0.415 0 2
0 0.765 -0.405 0 2
0 0.765 -0.395 -0.0001396714209 2
0 0.765 -0.385 -0.0001998198372 2
0 0.765 -0.375 -0.0002300741087 2
0 0.765 -0.365 -0.0002363230109 2
0 0.765 -0.355 -0.0002271237379 2
0 0.765 -0.345 -0.0002056488503 2
0 0.765 -0.335 -0.000164437934 2
0 0.765 -0.325 -9.720934223e-05 2
0 0.765 -0.315 -8.557975659e-06 2
0 0.765 -0.305 8.366834073e-05 2
0 0.765 -0.295 0.0001756798606 2
0 0.765 -0.285 0.0002582487236 2
0 0.765 -0.275 0.000330755646 2
0 0.765 -0.265 0.0003841290772 2
0 0.765 -0.255 0.0004138543565 2
0 0.765 -0.245 0.0004316410616 2
0 0.765 -0.235 0.0004521510874 2
0 0.765 -0.225 0.0004934329721 2
0 0.765 -0.215 0.0005558918295 1
0 0.765 -0.205 0.0006461236832 1
0 0.765 -0.195 0.0007356042087 1
0 0.765 -0.185 0.0008252039321 1
0 0.765 -0.175 0.0009184922602 1
0 0.765 -0.165 0.0009988334819 1
0 0.765 -0.155 0.001098970401 2
0 0.765 -0.145 0.001177980987 2
0 0.765 -0.135 0.001274622065 2
0 0.765 -0.125 0.001387535399 2
0 0.765 -0.115 0.001510521467 2
0 0.765 -0.105 0.001607656045 2
0 0.765 -0.095 0.001684496277 2
0 0.765 -0.085 0.001744542562 2
0 0.765 -0.075 0.001792268931 2
0 0.765 -0.065 0.00182936281 2
0 0.765 -0.055 0.001856816769 2
0 0.765 -0.045 0.00187509401 2
0 0.765 -0.035 0.001886104244 2
0 0.765 -0.025 0.001891780203 2
0 0.765 -0.015 0.001896837428 2
0 0.765 -0.005 0.001902802464 2
0 0.765 0.005 0.001911280558 2
0 0.765 0.015 0.001922133445 2
0 0.765 0.025 0.001935229082 2
0 0.765 0.035 0.001947039866 2
0 0.765 0.045 0.001957126145 2
0 0.765 0.055 0.001965154127 2
0 0.765 0.065 0.001971099499 2
0 0.765 0.075 0.001971205459 2
0 0.765 0.085 0.001960642868 2
0 0.765 0.095 0.00193024777 2
0 0.765 0.105 0.001881764688 2
0 0.765 0.115 0.001815893954 2
0 0.765 0.125 0.001742130162 2
0 0.765 0.135 0.001661318637 2
0 0.765 0.145 0.001577239843 2
0 0.765 0.155 0.001490502055 2
0 0.765 0.165 0.001402291169 2
0 0.765 0.175 0.001312859102 2
0 0.765 0.185 0.001222556865 2
0 0.765 0.195 0.001131541263 2
0 0.765 0.205 0.001039999971 2
0 0.765 0.215 0.0009480770565 2
0 0.765 0.225 0.0008559311393 2
0 0.765 0.235 0.0007637508259 2
0 0.765 0.245 0.0006717747832 2
0 0.765 0.255 0.0005803041261 2
0 0.765 0.265 0.0004897141473 2
0 0.765 0.275 0.0004004633541 2
0 0.765 0.285 0.000313103476 2
0 0.765 0.295 0.000228293427 2
0 0.765 0.305 0.0001468193507 2
0 0.765 0.315 6.963168547e-05 2
0 0.765 0.325 -2.109728553e-06 2
0 0.765 0.335 -6.691835788e-05 2
0 0.765 0.345 -0.0001229231665 2
0 0.765 0.355 -0.0001674002436 2
0 0.765 0.365 -0.0001970242546 2
0 0.765 0.375 -0.0002059075353 2
0 0.765 0.385 -0.0001871151463 2
0 0.765 0.395 -0.000134592606 2
0 0.765 0.405 0 2
0 0.765 0.415 0 2
0 0.765 0.425 0 2
0 0.765 0.435 0 2
0 0.765 0.445 0 2
0 0.765 0.455 0 2
0 0.765 0.465 0 2
0 0.775 -0.455 0 2
0 0.775 -0.445 0 2
0 0.775 -0.435 0 2
0 0.775 -0.425 0 2
0 0.775 -0.415 0 2
0 0.775 -0.405 0 2
0 0.775 -0.395 -0.0001357506243 2
0 0.775 -0.385 -0.0001888603317 2
0 0.775 -0.375 -0.0002119661008 2
0 0.775 -0.365 -0.000215162454 2
0 0.775 -0.355 -0.0002092521097 2
0 0.775 -0.345 -0.0001962423757 2
0 0.775 -0.335 -0.0001602511481 2
0 0.775 -0.325 -9.948054416e-05 1
0 0.775 -0.315 -2.468162095e-05 1
0 0.775 -0.305 4.396538315e-05 1
0 0.775 -0.295 0.0001126053104 2
0 0.775 -0.285 0.0001816821448 2
0 0.775 -0.275 0.0002487719188 2
0 0.775 -0.265 0.0002923432935 2
0 0.775 -0.255 0.000301925362 2
0 0.775 -0.245 0.0002987307034 2
0 0.775 -0.235 0.0003055852574 2
0 0.775 -0.225 0.0003412557537 1
0 0.775 -0.215 0.0004110891485 1
0 0.775 -0.205 0.0004896071892 1
0 0.775 -0.195 0.0005669182536 1
0 0.775 -0.185 0.0006393905431 1
0 0.775 -0.175 0.0007069466085 1
0 0.775 -0.165 0.0007593137924 1
0 0.775 -0.155 0.0007971085301 2
0 0.775 -0.145 0.0008411505804 2
0 0.775 -0.135 0.0009138103433 2
0 0.775 -0.125 0.001014152963 2
0 0.775 -0.115 0.001140811584 2
0 0.775 -0.105 0.001228375687 2
0 0.775 -0.095 0.001293477644 2
0 0.775 -0.085 0.001342648213 2
0 0.775 -0.075 0.001380172308 2
0 0.775 -0.065 0.001407878077 2
0 0.775 -0.055 0.001426660496 2
0 0.775 -0.045 0.001435940967 2
0 0.775 -0.035 0.001438287922 2
0 0.775 -0.025 0.001434738106 2
0 0.775 -0.015 0.001434680784 2
0 0.775 -0.005 0.001438250347 2
0 0.775 0.005 0.001447541743 2
0 0.775 0.015 0.001461845134 2
0 0.775 0.025 0.001482234008 2
0 0.775 0.035 0.001498912512 2
0 0.775 0.045 0.001511269225 2
0 0.775 0.055 0.001518023607 2
0 0.775 0.065 0.00152046819 2
0 0.775 0.075 0.001516756056 2
0 0.775 0.085 0.001504318752 2
0 0.775 0.095 0.001479003283 2
0 0.775 0.105 0.001441234716 2
0 0.775 0.115 0.001392150852 2
0 0.775 0.125 0.00133627694 2
0 0.775 0.135 0.001275304815 2
0 0.775 0.145 0.001211384736 2
0 0.775 0.155 0.001145198852 2
0 0.775 0.165 0.001077444823 2
0 0.775 0.175 0.001008419704 2
0 0.775 0.185 0.0009384342537 2
0 0.775 0.195 0.0008676735317 2
0 0.775 0.205 0.0007963018596 2
0 0.775 0.215 0.0007244616733 2
0 0.775 0.225 0.0006523042 2
0 0.775 0.235 0.0005799976675 2
0 0.775 0.245 0.0005077412757 2
0 0.775 0.255 0.0004357750704 2
0 0.775 0.265 0.0003643885824 2
0 0.775 0.275 0.0002939282599 2
0 0.775 0.285 0.0002248056047 2
0 0.775 0.295 0.0001575084853 2
0 0.775 0.305 9.261674033e-05 2
0 0.775 0.315 3.083275537e-05 2
0 0.775 0.325 -2.698497458e-05 2
0 0.775 0.335 -7.971388617e-05 2
0 0.775 0.345 -0.0001259415929 2
0 0.775 0.355 -0.0001634479463 2
0 0.775 0.365 -0.0001896329256 2
0 0.775 0.375 -0.000198723227 2
0 0.775 0.385 -0.0001840249537 2
0 0.775 0.395 -0.0001355468781 2
0 0.775 0.405 0 2
0 0.775 0.415 0 2
0 0.775 0.425 0 2
0 0.775 0.435 0 2
0 0.775 0.445 0 2
0 0.775 0.455 0 2
0 0.775 0.465 0 2
0 0.785 -0.455 0 2
0 0.785 -0.445 0 2
0 0.785 -0.435 0 2
0 0.785 -0.425 0 2
0 0.785 -0.415 0 2
0 0.785 -0.405 0 2
0 0.785 -0.395 -0.000121825553 2
0 0.785 -0.385 -0.0001598041694 2
0 0.785 -0.375 -0.0001708697669 2
0 0.785 -0.365 -0.0001695501085 2
0 0.785 -0.355 -0.0001652893825 2
0 0.785 -0.345 -0.0001596398163 2
0 0.785 -0.335 -0.0001367831758 1
0 0.785 -0.325 -8.566627359e-05 1
0 0.785 -0.315 -2.493895966e-05 1
0 0.785 -0.305 2.572817741e-05 1
0 0.785 -0.295 6.682099528e-05 1
0 0.785 -0.285 0.0001069119466 1
0 0.785 -0.275 0.000155579743 2
0 0.785 -0.265 0.0001910561252 2
0 0.785 -0.255 0.0001942797882 2
0 0.785 -0.245 0.0001808593992 2
0 0.785 -0.235 0.0001754860343 1
0 0.785 -0.225 0.0002191457334 1
0 0.785 -0.215 0.0002755823768 1
0 0.785 -0.205 0.0003340215543 1
0 0.785 -0.195 0.0003874684797 1
0 0.785 -0.185 0.0004352910038 1
0 0.785 -0.175 0.0004825715606 1
0 0.785 -0.165 0.0005203079999 1
0 0.785 -0.155 0.0005242680023 1
0 0.785 -0.145 0.0005370252963 1
0 0.785 -0.135 0.0005728919469 1
0 0.785 -0.125 0.0006463365729 1
0 0.785 -0.115 0.000750441573 2
0 0.785 -0.105 0.0008306150555 2
0 0.785 -0.095 0.0008821134834 2
0 0.785 -0.085 0.00091850788 2
0 0.785 -0.075 0.000945332421 2
0 0.785 -0.065 0.000964317679 2
0 0.785 -0.055 0.000976274077 2
0 0.785 -0.045 0.000975025763 2
0 0.785 -0.035 0.0009638733191 2
0 0.785 -0.025 0.0009385422154 2
0 0.785 -0.015 0.0009293316181 2
0 0.785 -0.005 0.0009282407967 2
0 0.785 0.005 0.0009386535367 2
0 0.785 0.015 0.0009584110549 2
0 0.785 0.025 0.0009977034047 2
0 0.785 0.035 0.001023581303 2
0 0.785 0.045 0.001039370271 2
0 0.785 0.055 0.001043268583 2
0 0.785 0.065 0.001042845832 2
0 0.785 0.075 0.001037587202 2
0 0.785 0.085 0.001026486151 2
0 0.785 0.095 0.00100794771 2
0 0.785 0.105 0.00098201446 2
0 0.785 0.115 0.000949400485 2
0 0.785 0.125 0.0009120468931 2
0 0.785 0.135 0.0008711326095 2
0 0.785 0.145 0.0008278421325 2
0 0.785 0.155 0.0007827779928 2
0 0.785 0.165 0.0007364210369 2
0 0.785 0.175 0.0006890266486 2
0 0.785 0.185 0.0006408013227 2
0 0.785 0.195 0.0005918875835 2
0 0.785 0.205 0.0005424152986 2
0 0.785 0.215 0.0004925014396 2
0 0.785 0.225 0.0004422660826 2
0 0.785 0.235 0.000391838108 2
0 0.785 0.245 0.0003413639222 2
0 0.785 0.255 0.0002910133659 2
0 0.785 0.265 0.0002409852372 2
0 0.785 0.275 0.0001915122841 2
0 0.785 0.285 0.0001428665619 2
0 0.785 0.295 9.536701673e-05 2
0 0.785 0.305 4.938917062e-05 2
0 0.785 0.315 5.386373202e-06 2
0 0.785 0.325 -3.609259757e-05 2
0 0.785 0.335 -7.431815809e-05 2
0 0.785 0.345 -0.0001084017627 2
0 0.785 0.355 -0.0001368056643 2
0 0.785 0.365 -0.0001579997787 2
0 0.785 0.375 -0.0001671479353 2
0 0.785 0.385 -0.0001610399727 2
0 0.785 0.395 -0.0001251296189 2
0 0.785 0.405 0 2
0 0.785 0.415 0 2
0 0.785 0.425 0 2
0 0.785 0.435 0 2
0 0.785 0.445 0 2
0 0.785 0.455 0 2
0 0.785 0.465 0 2
0 0.795 -0.455 0 2
0 0.795 -0.445 0 2
0 0.795 -0.435 0 2
0 0.795 -0.425 0 2
0 0.795 -0.415 0 2
0 0.795 -0.405 0 2
0 0.795 -0.395 -9.527126387e-05 2
0 0.795 -0.385 -0.0001166701156 2
0 0.795 -0.375 -0.0001180851419 2
0 0.795 -0.365 -0.0001140580393 2
0 0.795 -0.355 -0.0001122773801 2
0 0.795 -0.345 -0.000113063126 2
0 0.795 -0.335 -0.000100401092 1
0 0.795 -0.325 -6.224778871e-05 1
0 0.795 -0.315 -1.839763221e-05 1
0 0.795 -0.305 1.512400136e-05 1
0 0.795 -0.295 4.054288986e-05 1
0 0.795 -0.285 6.245158448e-05 1
0 0.795 -0.275 8.667446971e-05 1
0 0.795 -0.265 0.0001049717348 2
0 0.795 -0.255 0.0001054890231 2
0 0.795 -0.245 8.862762719e-05 2
0 0.795 -0.235 9.191583256e-05 1
0 0.795 -0.225 0.0001272922802 1
0 0.795 -0.215 0.0001644954621 1
0 0.795 -0.205 0.0001997726078 1
0 0.795 -0.195 0.0002305974434 1
0 0.795 -0.185 0.0002599209235 1
0 0.795 -0.175 0.0002878672628 1
0 0.795 -0.165 0.0003082943976 1
0 0.795 -0.155 0.0003101849812 1
0 0.795 -0.145 0.0003141911501 1
0 0.795 -0.135 0.0003315165837 1
0 0.795 -0.125 0.0003756001677 1
0 0.795 -0.115 0.0004235754535 2
0 0.795 -0.105 0.000491082013 2
0 0.795 -0.095 0.0005235608567 2
0 0.795 -0.085 0.0005466368882 2
0 0.795 -0.075 0.000564099236 2
0 0.795 -0.065 0.0005730222243 2
0 0.795 -0.055 0.0005740233324 2
0 0.795 -0.045 0.0005621609627 2
0 0.795 -0.035 0.0005499002348 2
0 0.795 -0.025 0.0005178801808 2
0 0.795 -0.015 0.0005121335859 2
0 0.795 -0.005 0.0005117351356 2
0 0.795 0.005 0.0005194171441 2
0 0.795 0.015 0.0005356182091 2
0 0.795 0.025 0.0005866937257 2
0 0.795 0.035 0.0006108338021 2
0 0.795 0.045 0.0006241159635 2
0 0.795 0.055 0.0006256622465 2
0 0.795 0.065 0.0006241094904 2
0 0.795 0.075 0.0006195866988 2
0 0.795 0.085 0.0006117185836 2
0 0.795 0.095 0.0005999399042 2
0 0.795 0.105 0.0005842588559 2
0 0.795 0.115 0.0005650366889 2
0 0.795 0.125 0.0005430886277 2
0 0.795 0.135 0.000519040659 2
0 0.795 0.145 0.0004934795213 2
0 0.795 0.155 0.000466758037 2
0 0.795 0.165 0.000439140186 2
0 0.795 0.175 0.0004107858503 2
0 0.795 0.185 0.00038182319 2
0 0.795 0.195 0.0003523501692 2
0 0.795 0.205 0.0003224553659 2
0 0.795 0.215 0.0002922198739 2
0 0.795 0.225 0.0002617252823 2
0 0.795 0.235 0.0002310571847 2
0 0.795 0.245 0.0002003094033 2
0 0.795 0.255 0.0001695870779 2
0 0.795 0.265 0.000139009668 2
0 0.795 0.275 0.0001087137408 2
0 0.795 0.285 7.885590936e-05 2
0 0.795 0.295 4.961711521e-05 2
0 0.795 0.305 2.1207419e-05 2
0 0.795 0.315 -6.121422774e-06 2
0 0.795 0.325 -3.207068132e-05 2
0 0.795 0.335 -5.623691566e-05 2
0 0.795 0.345 -7.816139563e-05 2
0 0.795 0.355 -9.694819995e-05 2
0 0.795 0.365 -0.0001119641678 2
0 0.795 0.375 -0.0001198880397 2
0 0.795 0.385 -0.0001207223377 2
0 0.795 0.395 -9.977504966e-05 2
0 0.795 0.405 0 2
0 0.795 0.415 0 2
0 0.795 0.425 0 2
0 0.795 0.435 0 2
0 0.795 0.445 0 2
0 0.795 0.455 0 2
0 0.795 0.465 0 2
0 0.805 -0.455 0 2
0 0.805 -0.445 0 2
0 0.805 -0.435 0 2
0 0.805 -0.425 0 2
0 0.805 -0.415 0 2
0 0.805 -0.405 0 2
0 0.805 -0.395 0 2
0 0.805 -0.385 0 2
0 0.805 -0.375 0 2
0 0.805 -0.365 0 2
0 0.805 -0.355 0 2
0 0.805 -0.345 0 2
0 0.805 -0.335 0 1
0 0.805 -0.325 0 1
0 0.805 -0.315 0 1
0 0.805 -0.305 0 1
0 0.805 -0.295 0 1
0 0.805 -0.285 0 1
0 0.805 -0.275 0 1
0 0.805 -0.265 0 1
0 0.805 -0.255 0 2
0 0.805 -0.245 0 1
0 0.805 -0.235 0 1
0 0.805 -0.225 0 1
0 0.805 -0.215 0 1
0 0.805 -0.205 0 1
0 0.805 -0.195 0 1
0 0.805 -0.185 0 1
0 0.805 -0.175 0 1
0 0.805 -0.165 0 1
0 0.805 -0.155 0 1
0 0.805 -0.145 0 1
0 0.805 -0.135 0 1
0 0.805 -0.125 0 1
0 0.805 -0.115 0 1
0 0.805 -0.105 0 2
0 0.805 -0.095 0 2
0 0.805 -0.085 0 2
0 0.805 -0.075 0 2
0 0.805 -0.065 0 2
0 0.805 -0.055 0 2
0 0.805 -0.045 0 2
0 0.805 -0.035 0 2
0 0.805 -0.025 0 1
0 0.805 -0.015 0 1
0 0.805 -0.005 0 1
0 0.805 0.005 0 1
0 0.805 0.015 0 1
0 0.805 0.025 0 2
0 0.805 0.035 0 2
0 0.805 0.045 0 2
0 0.805 0.055 0 2
0 0.805 0.065 0 2
0 0.805 0.075 0 2
0 0.805 0.085 0 2
0 0.805 0.095 0 2
0 0.805 0.105 0 2
0 0.805 0.115 0 2
0 0.805 0.125 0 2
0 0.805 0.135 0 2
0 0.805 0.145 0 2
0 0.805 0.155 0 2
0 0.805 0.165 0 2
0 0.805 0.175 0 2
0 0.805 0.185 0 2
0 0.805 0.195 0 2
0 0.805 0.205 0 2
0 0.805 0.215 0 2
0 0.805 0.225 0 2
0 0.805 0.235 0 2
0 0.805 0.245 0 2
0 0.805 0.255 0 2
0 0.805 0.265 0 2
0 0.805 0.275 0 2
0 0.805 0.285 0 2
0 0.805 0.295 0 2
0 0.805 0.305 0 2
0 0.805 0.315 0 2
0 0.805 0.325 0 2
0 0.805 0.335 0 2
0 0.805 0.345 0 2
0 0.805 0.355 0 2
0 0.805 0.365 0 2
0 0.805 0.375 0 2
0 0.805 0.385 0 2
0 0.805 0.395 0 2
0 0.805 0.405 0 2
0 0.805 0.415 0 2
0 0.805 0.425 0 2
0 0.805 0.435 0 2
0 0.805 0.445 0 2
0 0.805 0.455 0 2
0 0.805 0.465 0 2
0 0.815 -0.455 0 2
0 0.815 -0.445 0 2
0 0.815 -0.435 0 2
0 0.815 -0.425 0 2
0 0.815 -0.415 0 2
0 0.815 -0.405 0 2
0 0.815 -0.395 0 2
0 0.815 -0.385 0 2
0 0.815 -0.375 0 2
0 0.815 -0.365 0 2
0 0.815 -0.355 0 2
0 0.815 -0.345 0 2
0 0.815 -0.335 0 1
0 0.815 -0.325 0 1
0 0.815 -0.315 0 1
0 0.815 -0.305 0 1
0 0.815 -0.295 0 1
0 0.815 -0.285 0 1
0 0.815 -0.275 0 1
0 0.815 -0.265 0 1
0 0.815 -0.255 0 2
0 0.815 -0.245 0 1
0 0.815 -0.235 0 1
0 0.815 -0.225 0 1
0 0.815 -0.215 0 1
0 0.815 -0.205 0 1
0 0.815 -0.195 0 1
0 0.815 -0.185 0 1
0 0.815 -0.175 0 1
0 0.815 -0.165 0 1
0 0.815 -0.155 0 1
0 0.815 -0.145 0 1
0 0.815 -0.135 0 1
0 0.815 -0.125 0 1
0 0.815 -0.115 0 1
0 0.815 -0.105 0 2
0 0.815 -0.095 0 2
0 0.815 -0.085 0 2
0 0.815 -0.075 0 2
0 0.815 -0.065 0 2
0 0.815 -0.055 0 2
0 0.815 -0.045 0 1
0 0.815 -0.035 0 1
0 0.815 -0.025 0 1
0 0.815 -0.015 0 1
0 0.815 -0.005 0 1
0 0.815 0.005 0 1
0 0.815 0.015 0 1
0 0.815 0.025 0 2
0 0.815 0.035 0 2
0 0.815 0.045 0 2
0 0.815 0.055 0 2
0 0.815 0.065 0 2
0 0.815 0.075 0 2
0 0.815 0.085 0 2
0 0.815 0.095 0 2
0 0.815 0.105 0 2
0 0.815 0.115 0 2
0 0.815 0.125 0 2
0 0.815 0.135 0 2
0 0.815 0.145 0 2
0 0.815 0.155 0 2
0 0.815 0.165 0 2
0 0.815 0.175 0 2
0 0.815 0.185 0 2
0 0.815 0.195 0 2
0 0.815 0.205 0 2
0 0.815 0.215 0 2
0 0.815 0.225 0 2
0 0.815 0.235 0 2
0 0.815 0.245 0 2
0 0.815 0.255 0 2
0 0.815 0.265 0 2
0 0.815 0.275 0 2
0 0.815 0.285 0 2
0 0.815 0.295 0 2
0 0.815 0.305 0 2
0 0.815 0.315 0 2
0 0.815 0.325 0 2
0 0.815 0.335 0 2
0 0.815 0.345 0 2
0 0.815 0.355 0 2
0 0.815 0.365 0 2
0 0.815 0.375 0 2
0 0.815 0.385 0 2
0 0.815 0.395 0 2
0 0.815 0.405 0 2
0 0.815 0.415 0 2
0 0.815 0.425 0 2
0 0.815 0.435 0 2
0 0.815 0.445 0 2
0 0.815 0.455 0 2
0 0.815 0.465 0 2
0 0.825 -0.455 0 2
0 0.825 -0.445 0 2
0 0.825 -0.435 0 2
0 0.825 -0.425 0 2
0 0.825 -0.415 0 2
0 0.825 -0.405 0 2
0 0.825 -0.395 0 2
0 0.825 -0.385 0 2
0 0.825 -0.375 0 2
0 0.825 -0.365 0 2
0 0.825 -0.355 0 2
0 0.825 -0.345 0 2
0 0.825 -0.335 0 1
0 0.825 -0.325 0 1
0 0.825 -0.315 0 1
0 0.825 -0.305 0 1
0 0.825 -0.295 0 1
0 0.825 -0.285 0 1
0 0.825 -0.275 0 1
0 0.825 -0.265 0 1
0 0.825 -0.255 0 1
0 0.825 -0.245 0 1
0 0.825 -0.235 0 1
0 0.825 -0.225 0 1
0 0.825 -0.215 0 1
0 0.825 -0.205 0 1
0 0.825 -0.195 0 1
0 0.825 -0.185 0 1
0 0.825 -0.175 0 1
0 0.825 -0.165 0 1
0 0.825 -0.155 0 1
0 0.825 -0.145 0 1
0 0.825 -0.135 0 1
0 0.825 -0.125 0 1
0 0.825 -0.115 0 1
0 0.825 -0.105 0 2
0 0.825 -0.095 0 2
0 0.825 -0.085 0 2
0 0.825 -0.075 0 2
0 0.825 -0.065 0 2
0 0.825 -0.055 0 1
0 0.825 -0.045 0 1
0 0.825 -0.035 0 1
0 0.825 -0.025 0 1
0 0.825 -0.015 0 1
0 0.825 -0.005 0 1
0 0.825 0.005 0 1
0 0.825 0.015 0 1
0 0.825 0.025 0 1
0 0.825 0.035 0 2
0 0.825 0.045 0 2
0 0.825 0.055 0 2
0 0.825 0.065 0 2
0 0.825 0.075 0 2
0 0.825 0.085 0 2
0 0.825 0.095 0 2
0 0.825 0.105 0 2
0 0.825 0.115 0 2
0 0.825 0.125 0 2
0 0.825 0.135 0 2
0 0.825 0.145 0 2
0 0.825 0.155 0 2
0 0.825 0.165 0 2
0 0.825 0.175 0 2
0 0.825 0.185 0 2
0 0.825 0.195 0 2
0 0.825 0.205 0 2
0 0.825 0.215 0 2
0 0.825 0.225 0 2
0 0.825 0.235 0 2
0 0.825 0.245 0 2
0 0.825 0.255 0 2
0 0.825 0.265 0 2
0 0.825 0.275 0 2
0 0.825 0.285 0 2
0 0.825 0.295 0 2
0 0.825 0.305 0 2
0 0.825 0.315 0 2
0 0.825 0.325 0 2
0 0.825 0.335 0 2
0 0.825 0.345 0 2
0 0.825 0.355 0 2
0 0.825 0.365 0 2
0 0.825 0.375 0 2
0 0.825 0.385 0 2
0 0.825 0.395 0 2
0 0.825 0.405 0 2
0 0.825 0.415 0 2
0 0.825 0.425 0 2
0 0.825 0.435 0 2
0 0.825 0.445 0 2
0 0.825 0.455 0 2
0 0.825 0.465 0 2
0 0.835 -0.455 0 2
0 0.835 -0.445 0 2
0 0.835 -0.435 0 2
0 0.835 -0.425 0 2
0 0.835 -0.415 0 2
0 0.835 -0.405 0 2
0 0.835 -0.395 0 2
0 0.835 -0.385 0 2
0 0.835 -0.375 0 2
0 0.835 -0.365 0 2
0 0.835 -0.355 0 2
0 0.835 -0.345 0 2
0 0.835 -0.335 0 2
0 0.835 -0.325 0 1
0 0.835 -0.315 0 1
0 0.835 -0.305 0 1
0 0.835 -0.295 0 1
0 0.835 -0.285 0 1
0 0.835 -0.275 0 1
0 0.835 -0.265 0 1
0 0.835 -0.255 0 1
0 0.835 -0.245 0 1
0 0.835 -0.235 0 1
0 0.835 -0.225 0 1
0 0.835 -0.215 0 1
0 0.835 -0.205 0 1
0 0.835 -0.195 0 1
0 0.835 -0.185 0 1
0 0.835 -0.175 0 1
0 0.835 -0.165 0 1
0 0.835 -0.155 0 1
0 0.835 -0.145 0 1
0 0.835 -0.135 0 1
0 0.835 -0.125 0 1
0 0.835 -0.115 0 2
0 0.835 -0.105 0 2
0 0.835 -0.095 0 2
0 0.835 -0.085 0 2
0 0.835 -0.075 0 2
0 0.835 -0.065 0 2
0 0.835 -0.055 0 1
0 0.835 -0.045 0 1
0 0.835 -0.035 0 1
0 0.835 -0.025 0 1
0 0.835 -0.015 0 1
0 0.835 -0.005 0 1
0 0.835 0.005 0 1
0 0.835 0.015 0 1
0 0.835 0.025 0 2
0 0.835 0.035 0 2
0 0.835 0.045 0 2
0 0.835 0.055 0 2
0 0.835 0.065 0 2
0 0.835 0.075 0 2
0 0.835 0.085 0 2
0 0.835 0.095 0 2
0 0.835 0.105 0 2
0 0.835 0.115 0 2
0 0.835 0.125 0 2
0 0.835 0.135 0 2
0 0.835 0.145 0 2
0 0.835 0.155 0 2
0 0.835 0.165 0 2
0 0.835 0.175 0 2
0 0.835 0.185 0 2
0 0.835 0.195 0 2
0 0.835 0.205 0 2
0 0.835 0.215 0 2
0 0.835 0.225 0 2
0 0.835 0.235 0 2
0 0.835 0.245 0 2
0 0.835 0.255 0 2
0 0.835 0.265 0 2
0 0.835 0.275 0 2
0 0.835 0.285 0 2
0 0.835 0.295 0 2
0 0.835 0.305 0 2
0 0.835 0.315 0 2
0 0.835 0.325 0 2
0 0.835 0.335 0 2
0 0.835 0.345 0 2
0 0.835 0.355 0 2
0 0.835 0.365 0 2
0 0.835 0.375 0 2
0 0.835 0.385 0 2
0 0.835 0.395 0 2
0 0.835 0.405 0 2
0 0.835 0.415 0 2
0 0.835 0.425 0 2
0 0.835 0.435 0 2
0 0.835 0.445 0 2
0 0.835 0.455 0 2
0 0.835 0.465 0 2
0 0.845 -0.455 0 2
0 0.845 -0.445 0 2
0 0.845 -0.435 0 2
0 0.845 -0.425 0 2
0 0.845 -0.415 0 2
0 0.845 -0.405 0 2
0 0.845 -0.395 0 2
0 0.845 -0.385 0 2
0 0.845 -0.375 0 2
0 0.845 -0.365 0 2
0 0.845 -0.355 0 2
0 0.845 -0.345 0 2
0 0.845 -0.335 0 2
0 0.845 -0.325 0 1
0 0.845 -0.315 0 1
0 0.845 -0.305 0 1
0 0.845 -0.295 0 1
0 0.845 -0.285 0 1
0 0.845 -0.275 0 1
0 0.845 -0.265 0 1
0 0.845 -0.255 0 1
0 0.845 -0.245 0 1
0 0.845 -0.235 0 1
0 0.845 -0.225 0 1
0 0.845 -0.215 0 1
0 0.845 -0.205 0 1
0 0.845 -0.195 0 1
0 0.845 -0.185 0 1
0 0.845 -0.175 0 1
0 0.845 -0.165 0 1
0 0.845 -0.155 0 1
0 0.845 -0.145 0 1
0 0.845 -0.135 0 1
0 0.845 -0.125 0 1
0 0.845 -0.115 0 2
0 0.845 -0.105 0 2
0 0.845 -0.095 0 2
0 0.845 -0.085 0 2
0 0.845 -0.075 0 2
0 0.845 -0.065 0 1
0 0.845 -0.055 0 1
0 0.845 -0.045 0 1
0 0.845 -0.035 0 1
0 0.845 -0.025 0 1
0 0.845 -0.015 0 1
0 0.845 -0.005 0 1
0 0.845 0.005 0 1
0 0.845 0.015 0 1
0 0.845 0.025 0 2
0 0.845 0.035 0 2
0 0.845 0.045 0 2
0 0.845 0.055 0 2
0 0.845 0.065 0 2
0 0.845 0.075 0 2
0 0.845 0.085 0 2
0 0.845 0.095 0 2
0 0.845 0.105 0 2
0 0.845 0.115 0 2
0 0.845 0.125 0 2
0 0.845 0.135 0 2
0 0.845 0.145 0 2
0 0.845 0.155 0 2
0 0.845 0.165 0 2
0 0.845 0.175 0 2
0 0.845 0.185 0 2
0 0.845 0.195 0 2
0 0.845 0.205 0 2
0 0.845 0.215 0 2
0 0.845 0.225 0 2
0 0.845 0.235 0 2
0 0.845 0.245 0 2
0 0.845 0.255 0 2
0 0.845 0.265 0 2
0 0.845 0.275 0 2
0 0.845 0.285 0 2
0 0.845 0.295 0 2
0 0.845 0.305 0 2
0 0.845 0.315 0 2
0 0.845 0.325 0 2
0 0.845 0.335 0 2
0 0.845 0.345 0 2
0 0.845 0.355 0 2
0 0.845 0.365 0 2
0 0.845 0.375 0 2
0 0.845 0.385 0 2
0 0.845 0.395 0 2
0 0.845 0.405 0 2
0 0.845 0.415 0 2
0 0.845 0.425 0 2
0 0.845 0.435 0 2
0 0.845 0.445 0 2
0 0.845 0.455 0 2
0 0.845 0.465 0 2
0 0.855 -0.455 0 2
0 0.855 -0.445 0 2
0 0.855 -0.435 0 2
0 0.855 -0.425 0 2
0 0.855 -0.415 0 2
0 0.855 -0.405 0 2
0 0.855 -0.395 0 2
0 0.855 -0.385 0 2
0 0.855 -0.375 0 2
0 0.855 -0.365 0 2
0 0.855 -0.355 0 2
0 0.855 -0.345 0 2
0 0.855 -0.335 0 2
0 0.855 -0.325 0 2
0 0.855 -0.315 0 1
0 0.855 -0.305 0 1
0 0.855 -0.295 0 1
0 0.855 -0.285 0 1
0 0.855 -0.275 0 1
0 0.855 -0.265 0 1
0 0.855 -0.255 0 1
0 0.855 -0.245 0 2
0 0.855 -0.235 0 1
0 0.855 -0.225 0 1
0 0.855 -0.215 0 1
0 0.855 -0.205 0 1
0 0.855 -0.195 0 1
0 0.855 -0.185 0 1
0 0.855 -0.175 0 1
0 0.855 -0.165 0 1
0 0.855 -0.155 0 1
0 0.855 -0.145 0 1
0 0.855 -0.135 0 1
0 0.855 -0.125 0 1
0 0.855 -0.115 0 2
0 0.855 -0.105 0 2
0 0.855 -0.095 0 2
0 0.855 -0.085 0 2
0 0.855 -0.075 0 2
0 0.855 -0.065 0 1
0 0.855 -0.055 0 1
0 0.855 -0.045 0 1
0 0.855 -0.035 0 1
0 0.855 -0.025 0 1
0 0.855 -0.015 0 1
0 0.855 -0.005 0 1
0 0.855 0.005 0 1
0 0.855 0.015 0 1
0 0.855 0.025 0 2
0 0.855 0.035 0 2
0 0.855 0.045 0 2
0 0.855 0.055 0 2
0 0.855 0.065 0 2
0 0.855 0.075 0 2
0 0.855 0.085 0 2
0 0.855 0.095 0 2
0 0.855 0.105 0 2
0 0.855 0.115 0 2
0 0.855 0.125 0 2
0 0.855 0.135 0 2
0 0.855 0.145 0 2
0 0.855 0.155 0 2
0 0.855 0.165 0 2
0 0.855 0.175 0 2
0 0.855 0.185 0 2
0 0.855 0.195 0 2
0 0.855 0.205 0 2
0 0.855 0.215 0 2
0 0.855 0.225 0 2
0 0.855 0.235 0 2
0 0.855 0.245 0 2
0 0.855 0.255 0 2
0 0.855 0.265 0 2
0 0.855 0.275 0 2
0 0.855 0.285 0 2
0 0.855 0.295 0 2
0 0.855 0.305 0 2
0 0.855 0.315 0 2
0 0.855 0.325 0 2
0 0.855 0.335 0 2
0 0.855 0.345 0 2
0 0.855 0.355 0 2
0 0.855 0.365 0 2
0 0.855 0.375 0 2
0 0.855 0.385 0 2
0 0.855 0.395 0 2
0 0.855 0.405 0 2
0 0.855 0.415 0 2
0 0.855 0.425 0 2
0 0.855 0.435 0 2
0 0.855 0.445 0 2
0 0.855 0.455 0 2
0 0.855 0.465 0 2
0 0.865 -0.455 0 2
0 0.865 -0.445 0 2
0 0.865 -0.435 0 2
0 0.865 -0.425 0 2
0 0.865 -0.415 0 2
0 0.865 -0.405 0 2
0 0.865 -0.395 0 2
0 0.865 -0.385 0 2
0 0.865 -0.375 0 2
0 0.865 -0.365 0 2
0 0.865 -0.355 0 2
0 0.865 -0.345 0 2
0 0.865 -0.335 0 2
0 0.865 -0.325 0 2
0 0.865 -0.315 0 2
0 0.865 -0.305 0 1
0 0.865 -0.295 0 1
0 0.865 -0.285 0 1
0 0.865 -0.275 0 1
0 0.865 -0.265 0 1
0 0.865 -0.255 0 1
0 0.865 -0.245 0 2
0 0.865 -0.235 0 2
0 0.865 -0.225 0 2
0 0.865 -0.215 0 2
0 0.865 -0.205 0 2
0 0.865 -0.195 0 1
0 0.865 -0.185 0 1
0 0.865 -0.175 0 1
0 0.865 -0.165 0 1
0 0.865 -0.155 0 1
0 0.865 -0.145 0 1
0 0.865 -0.135 0 1
0 0.865 -0.125 0 2
0 0.865 -0.115 0 2
0 0.865 -0.105 0 2
0 0.865 -0.095 0 2
0 0.865 -0.085 0 2
0 0.865 -0.075 0 1
0 0.865 -0.065 0 1
0 0.865 -0.055 0 1
0 0.865 -0.045 0 1
0 0.865 -0.035 0 1
0 0.865 -0.025 0 1
0 0.865 -0.015 0 1
0 0.865 -0.005 0 1
0 0.865 0.005 0 1
0 0.865 0.015 0 1
0 0.865 0.025 0 2
0 0.865 0.035 0 2
0 0.865 0.045 0 2
0 0.865 0.055 0 2
0 0.865 0.065 0 2
0 0.865 0.075 0 2
0 0.865 0.085 0 2
0 0.865 0.095 0 2
0 0.865 0.105 0 2
0 0.865 0.115 0 2
0 0.865 0.125 0 2
0 0.865 0.135 0 2
0 0.865 0.145 0 2
0 0.865 0.155 0 2
0 0.865 0.165 0 2
0 0.865 0.175 0 2
0 0.865 0.185 0 2
0 0.865 0.195 0 2
0 0.865 0.205 0 2
0 0.865 0.215 0 2
0 0.865 0.225 0 2
0 0.865 0.235 0 2
0 0.865 0.245 0 2
0 0.865 0.255 0 2
0 0.865 0.265 0 2
0 0.865 0.275 0 2
0 0.865 0.285 0 2
0 0.865 0.295 0 2
0 0.865 0.305 0 2
0 0.865 0.315 0 2
0 0.865 0.325 0 2
0 0.865 0.335 0 2
0 0.865 0.345 0 2
0 0.865 0.355 0 2
0 0.865 0.365 0 2
0 0.865 0.375 0 2
0 0.865 0.385 0 2
0 0.865 0.395 0 2
0 0.865 0.405 0 2
0 0.865 0.415 0 2
0 0.865 0.425 0 2
0 0.865 0.435 0 2
0 0.865 0.445 0 2
0 0.865 0.455 0 2
0 0.865 0.465 0 2
