t x y content type
0 -0.055 -0.455 0 2
0 -0.055 -0.445 0 2
0 -0.055 -0.435 0 2
0 -0.055 -0.425 0 2
0 -0.055 -0.415 0 2
0 -0.055 -0.405 0 2
0 -0.055 -0.395 0 2
0 -0.055 -0.385 0 2
0 -0.055 -0.375 0 2
0 -0.055 -0.365 0 2
0 -0.055 -0.355 0 2
0 -0.055 -0.345 0 2
0 -0.055 -0.335 0 1
0 -0.055 -0.325 0 1
0 -0.055 -0.315 0 1
0 -0.055 -0.305 0 1
0 -0.055 -0.295 0 1
0 -0.055 -0.285 0 1
0 -0.055 -0.275 0 1
0 -0.055 -0.265 0 2
0 -0.055 -0.255 0 2
0 -0.055 -0.245 0 2
0 -0.055 -0.235 0 2
0 -0.055 -0.225 0 2
0 -0.055 -0.215 0 2
0 -0.055 -0.205 0 2
0 -0.055 -0.195 0 2
0 -0.055 -0.185 0 2
0 -0.055 -0.175 0 2
0 -0.055 -0.165 0 2
0 -0.055 -0.155 0 2
0 -0.055 -0.145 0 2
0 -0.055 -0.135 0 2
0 -0.055 -0.125 0 2
0 -0.055 -0.115 0 2
0 -0.055 -0.105 0 2
0 -0.055 -0.095 0 2
0 -0.055 -0.085 0 2
0 -0.055 -0.075 0 2
0 -0.055 -0.065 0 2
0 -0.055 -0.055 0 1
0 -0.055 -0.045 0 1
0 -0.055 -0.035 0 1
0 -0.055 -0.025 0 1
0 -0.055 -0.015 0 1
0 -0.055 -0.005 0 1
0 -0.055 0.005 0 1
0 -0.055 0.015 0 1
0 -0.055 0.025 0 1
0 -0.055 0.035 0 1
0 -0.055 0.045 0 1
0 -0.055 0.055 0 1
0 -0.055 0.065 0 1
0 -0.055 0.075 0 2
0 -0.055 0.085 0 2
0 -0.055 0.095 0 2
0 -0.055 0.105 0 2
0 -0.055 0.115 0 2
0 -0.055 0.125 0 2
0 -0.055 0.135 0 2
0 -0.055 0.145 0 1
0 -0.055 0.155 0 1
0 -0.055 0.165 0 1
0 -0.055 0.175 0 1
0 -0.055 0.185 0 1
0 -0.055 0.195 0 1
0 -0.055 0.205 0 1
0 -0.055 0.215 0 1
0 -0.055 0.225 0 1
0 -0.055 0.235 0 1
0 -0.055 0.245 0 2
0 -0.055 0.255 0 2
0 -0.055 0.265 0 2
0 -0.055 0.275 0 2
0 -0.055 0.285 0 1
0 -0.055 0.295 0 1
0 -0.055 0.305 0 1
0 -0.055 0.315 0 1
0 -0.055 0.325 0 1
0 -0.055 0.335 0 1
0 -0.055 0.345 0 1
0 -0.055 0.355 0 1
0 -0.055 0.365 0 1
0 -0.055 0.375 0 2
0 -0.055 0.385 0 2
0 -0.055 0.395 0 2
0 -0.055 0.405 0 2
0 -0.055 0.415 0 2
0 -0.055 0.425 0 2
0 -0.055 0.435 0 2
0 -0.055 0.445 0 2
0 -0.055 0.455 0 2
0 -0.055 0.465 0 1
0 -0.045 -0.455 0 2
0 -0.045 -0.445 0 2
0 -0.045 -0.435 0 2
0 -0.045 -0.425 0 2
0 -0.045 -0.415 0 2
0 -0.045 -0.405 0 2
0 -0.045 -0.395 0 2
0 -0.045 -0.385 0 2
0 -0.045 -0.375 0 2
0 -0.045 -0.365 0 2
0 -0.045 -0.355 0 2
0 -0.045 -0.345 0 2
0 -0.045 -0.335 0 2
0 -0.045 -0.325 0 2
0 -0.045 -0.315 0 2
0 -0.045 -0.305 0 1
0 -0.045 -0.295 0 1
0 -0.045 -0.285 0 2
0 -0.045 -0.275 0 2
0 -0.045 -0.265 0 2
0 -0.045 -0.255 0 2
0 -0.045 -0.245 0 2
0 -0.045 -0.235 0 2
0 -0.045 -0.225 0 2
0 -0.045 -0.215 0 2
0 -0.045 -0.205 0 2
0 -0.045 -0.195 0 2
0 -0.045 -0.185 0 2
0 -0.045 -0.175 0 2
0 -0.045 -0.165 0 2
0 -0.045 -0.155 0 2
0 -0.045 -0.145 0 2
0 -0.045 -0.135 0 2
0 -0.045 -0.125 0 2
0 -0.045 -0.115 0 2
0 -0.045 -0.105 0 2
0 -0.045 -0.095 0 2
0 -0.045 -0.085 0 2
0 -0.045 -0.075 0 2
0 -0.045 -0.065 0 2
0 -0.045 -0.055 0 1
0 -0.045 -0.045 0 1
0 -0.045 -0.035 0 1
0 -0.045 -0.025 0 1
0 -0.045 -0.015 0 1
0 -0.045 -0.005 0 1
0 -0.045 0.005 0 1
0 -0.045 0.015 0 1
0 -0.045 0.025 0 1
0 -0.045 0.035 0 1
0 -0.045 0.045 0 1
0 -0.045 0.055 0 1
0 -0.045 0.065 0 1
0 -0.045 0.075 0 2
0 -0.045 0.085 0 2
0 -0.045 0.095 0 2
0 -0.045 0.105 0 2
0 -0.045 0.115 0 2
0 -0.045 0.125 0 2
0 -0.045 0.135 0 2
0 -0.045 0.145 0 2
0 -0.045 0.155 0 1
0 -0.045 0.165 0 1
0 -0.045 0.175 0 1
0 -0.045 0.185 0 1
0 -0.045 0.195 0 1
0 -0.045 0.205 0 1
0 -0.045 0.215 0 1
0 -0.045 0.225 0 1
0 -0.045 0.235 0 1
0 -0.045 0.245 0 2
0 -0.045 0.255 0 2
0 -0.045 0.265 0 2
0 -0.045 0.275 0 2
0 -0.045 0.285 0 2
0 -0.045 0.295 0 1
0 -0.045 0.305 0 1
0 -0.045 0.315 0 1
0 -0.045 0.325 0 1
0 -0.045 0.335 0 1
0 -0.045 0.345 0 1
0 -0.045 0.355 0 1
0 -0.045 0.365 0 1
0 -0.045 0.375 0 2
0 -0.045 0.385 0 2
0 -0.045 0.395 0 2
0 -0.045 0.405 0 2
0 -0.045 0.415 0 2
0 -0.045 0.425 0 2
0 -0.045 0.435 0 2
0 -0.045 0.445 0 2
0 -0.045 0.455 0 2
0 -0.045 0.465 0 2
0 -0.035 -0.455 0 2
0 -0.035 -0.445 0 2
0 -0.035 -0.435 0 2
0 -0.035 -0.425 0 2
0 -0.035 -0.415 0 2
0 -0.035 -0.405 0 2
0 -0.035 -0.395 0 2
0 -0.035 -0.385 0 2
0 -0.035 -0.375 0 2
0 -0.035 -0.365 0 2
0 -0.035 -0.355 0 2
0 -0.035 -0.345 0 2
0 -0.035 -0.335 0 2
0 -0.035 -0.325 0 2
0 -0.035 -0.315 0 2
0 -0.035 -0.305 0 2
0 -0.035 -0.295 0 2
0 -0.035 -0.285 0 2
0 -0.035 -0.275 0 2
0 -0.035 -0.265 0 2
0 -0.035 -0.255 0 2
0 -0.035 -0.245 0 2
0 -0.035 -0.235 0 2
0 -0.035 -0.225 0 2
0 -0.035 -0.215 0 2
0 -0.035 -0.205 0 2
0 -0.035 -0.195 0 2
0 -0.035 -0.185 0 2
0 -0.035 -0.175 0 2
0 -0.035 -0.165 0 2
0 -0.035 -0.155 0 2
0 -0.035 -0.145 0 2
0 -0.035 -0.135 0 2
0 -0.035 -0.125 0 2
0 -0.035 -0.115 0 2
0 -0.035 -0.105 0 2
0 -0.035 -0.095 0 2
0 -0.035 -0.085 0 2
0 -0.035 -0.075 0 2
0 -0.035 -0.065 0 2
0 -0.035 -0.055 0 1
0 -0.035 -0.045 0 1
0 -0.035 -0.035 0 1
0 -0.035 -0.025 0 1
0 -0.035 -0.015 0 1
0 -0.035 -0.005 0 1
0 -0.035 0.005 0 1
0 -0.035 0.015 0 1
0 -0.035 0.025 0 1
0 -0.035 0.035 0 1
0 -0.035 0.045 0 1
0 -0.035 0.055 0 1
0 -0.035 0.065 0 1
0 -0.035 0.075 0 2
0 -0.035 0.085 0 2
0 -0.035 0.095 0 2
0 -0.035 0.105 0 2
0 -0.035 0.115 0 2
0 -0.035 0.125 0 2
0 -0.035 0.135 0 2
0 -0.035 0.145 0 2
0 -0.035 0.155 0 2
0 -0.035 0.165 0 1
0 -0.035 0.175 0 1
0 -0.035 0.185 0 1
0 -0.035 0.195 0 1
0 -0.035 0.205 0 1
0 -0.035 0.215 0 1
0 -0.035 0.225 0 1
0 -0.035 0.235 0 1
0 -0.035 0.245 0 2
0 -0.035 0.255 0 2
0 -0.035 0.265 0 2
0 -0.035 0.275 0 2
0 -0.035 0.285 0 2
0 -0.035 0.295 0 2
0 -0.035 0.305 0 2
0 -0.035 0.315 0 1
0 -0.035 0.325 0 1
0 -0.035 0.335 0 1
0 -0.035 0.345 0 1
0 -0.035 0.355 0 1
0 -0.035 0.365 0 2
0 -0.035 0.375 0 2
0 -0.035 0.385 0 2
0 -0.035 0.395 0 2
0 -0.035 0.405 0 2
0 -0.035 0.415 0 2
0 -0.035 0.425 0 2
0 -0.035 0.435 0 2
0 -0.035 0.445 0 2
0 -0.035 0.455 0 2
0 -0.035 0.465 0 2
0 -0.025 -0.455 0 2
0 -0.025 -0.445 0 2
0 -0.025 -0.435 0 2
0 -0.025 -0.425 0 2
0 -0.025 -0.415 0 2
0 -0.025 -0.405 0 2
0 -0.025 -0.395 0 2
0 -0.025 -0.385 0 2
0 -0.025 -0.375 0 2
0 -0.025 -0.365 0 2
0 -0.025 -0.355 0 2
0 -0.025 -0.345 0 2
0 -0.025 -0.335 0 2
0 -0.025 -0.325 0 2
0 -0.025 -0.315 0 2
0 -0.025 -0.305 0 2
0 -0.025 -0.295 0 2
0 -0.025 -0.285 0 2
0 -0.025 -0.275 0 2
0 -0.025 -0.265 0 2
0 -0.025 -0.255 0 2
0 -0.025 -0.245 0 2
0 -0.025 -0.235 0 2
0 -0.025 -0.225 0 2
0 -0.025 -0.215 0 2
0 -0.025 -0.205 0 2
0 -0.025 -0.195 0 2
0 -0.025 -0.185 0 2
0 -0.025 -0.175 0 2
0 -0.025 -0.165 0 2
0 -0.025 -0.155 0 2
0 -0.025 -0.145 0 2
0 -0.025 -0.135 0 2
0 -0.025 -0.125 0 2
0 -0.025 -0.115 0 2
0 -0.025 -0.105 0 2
0 -0.025 -0.095 0 2
0 -0.025 -0.085 0 2
0 -0.025 -0.075 0 2
0 -0.025 -0.065 0 2
0 -0.025 -0.055 0 1
0 -0.025 -0.045 0 1
0 -0.025 -0.035 0 1
0 -0.025 -0.025 0 1
0 -0.025 -0.015 0 1
0 -0.025 -0.005 0 1
0 -0.025 0.005 0 1
0 -0.025 0.015 0 1
0 -0.025 0.025 0 1
0 -0.025 0.035 0 1
0 -0.025 0.045 0 1
0 -0.025 0.055 0 1
0 -0.025 0.065 0 2
0 -0.025 0.075 0 2
0 -0.025 0.085 0 2
0 -0.025 0.095 0 2
0 -0.025 0.105 0 2
0 -0.025 0.115 0 2
0 -0.025 0.125 0 2
0 -0.025 0.135 0 2
0 -0.025 0.145 0 2
0 -0.025 0.155 0 2
0 -0.025 0.165 0 2
0 -0.025 0.175 0 2
0 -0.025 0.185 0 2
0 -0.025 0.195 0 1
0 -0.025 0.205 0 1
0 -0.025 0.215 0 1
0 -0.025 0.225 0 2
0 -0.025 0.235 0 2
0 -0.025 0.245 0 2
0 -0.025 0.255 0 2
0 -0.025 0.265 0 2
0 -0.025 0.275 0 2
0 -0.025 0.285 0 2
0 -0.025 0.295 0 2
0 -0.025 0.305 0 2
0 -0.025 0.315 0 2
0 -0.025 0.325 0 2
0 -0.025 0.335 0 2
0 -0.025 0.345 0 2
0 -0.025 0.355 0 2
0 -0.025 0.365 0 2
0 -0.025 0.375 0 1
0 -0.025 0.385 0 1
0 -0.025 0.395 0 1
0 -0.025 0.405 0 2
0 -0.025 0.415 0 2
0 -0.025 0.425 0 2
0 -0.025 0.435 0 2
0 -0.025 0.445 0 2
0 -0.025 0.455 0 2
0 -0.025 0.465 0 2
0 -0.015 -0.455 0 2
0 -0.015 -0.445 0 2
0 -0.015 -0.435 0 2
0 -0.015 -0.425 0 2
0 -0.015 -0.415 -0.0005459373012 2
0 -0.015 -0.405 -0.001413993952 2
0 -0.015 -0.395 -0.002731626698 2
0 -0.015 -0.385 -0.00372030845 2
0 -0.015 -0.375 -0.004466270417 2
0 -0.015 -0.365 -0.004885314688 2
0 -0.015 -0.355 -0.005170357072 2
0 -0.015 -0.345 -0.005347837023 2
0 -0.015 -0.335 -0.005444769609 2
0 -0.015 -0.325 -0.005474464 2
0 -0.015 -0.315 -0.005445758617 2
0 -0.015 -0.305 -0.005365426004 2
0 -0.015 -0.295 -0.005240720242 2
0 -0.015 -0.285 -0.005086368877 2
0 -0.015 -0.275 -0.004923640716 2
0 -0.015 -0.265 -0.004770070462 2
0 -0.015 -0.255 -0.00463559703 2
0 -0.015 -0.245 -0.004509182996 2
0 -0.015 -0.235 -0.004381637557 2
0 -0.015 -0.225 -0.004239111379 2
0 -0.015 -0.215 -0.004086343205 2
0 -0.015 -0.205 -0.003930323311 2
0 -0.015 -0.195 -0.003783831982 2
0 -0.015 -0.185 -0.00364556717 2
0 -0.015 -0.175 -0.003511671112 2
0 -0.015 -0.165 -0.003375244624 2
0 -0.015 -0.155 -0.00323727932 2
0 -0.015 -0.145 -0.003100302233 2
0 -0.015 -0.135 -0.002968029519 2
0 -0.015 -0.125 -0.002844418649 2
0 -0.015 -0.115 -0.002733273648 2
0 -0.015 -0.105 -0.002637690486 2
0 -0.015 -0.095 -0.002559690256 2
0 -0.015 -0.085 -0.002499489157 2
0 -0.015 -0.075 -0.002453270021 2
0 -0.015 -0.065 -0.002411474552 2
0 -0.015 -0.055 -0.002373088806 2
0 -0.015 -0.045 -0.002344933293 1
0 -0.015 -0.035 -0.00234946561 1
0 -0.015 -0.025 -0.002385593015 1
0 -0.015 -0.015 -0.002432349651 2
0 -0.015 -0.005 -0.002441553182 2
0 -0.015 0.005 -0.002409950137 1
0 -0.015 0.015 -0.002358290377 1
0 -0.015 0.025 -0.002345110542 1
0 -0.015 0.035 -0.002401569233 1
0 -0.015 0.045 -0.002534212576 1
0 -0.015 0.055 -0.002724249987 1
0 -0.015 0.065 -0.002918808473 2
0 -0.015 0.075 -0.003087199825 2
0 -0.015 0.085 -0.003212161794 2
0 -0.015 0.095 -0.003314190894 2
0 -0.015 0.105 -0.003410939368 2
0 -0.015 0.115 -0.003509297127 2
0 -0.015 0.125 -0.003610743301 2
0 -0.015 0.135 -0.003717712826 2
0 -0.015 0.145 -0.003829342527 2
0 -0.015 0.155 -0.003937435683 2
0 -0.015 0.165 -0.00401223389 2
0 -0.015 0.175 -0.004049109965 2
0 -0.015 0.185 -0.004041384243 2
0 -0.015 0.195 -0.004042552177 2
0 -0.015 0.205 -0.004070456395 2
0 -0.015 0.215 -0.004166109354 2
0 -0.015 0.225 -0.004304656986 2
0 -0.015 0.235 -0.004480726511 2
0 -0.015 0.245 -0.004649473234 2
0 -0.015 0.255 -0.004811983834 2
0 -0.015 0.265 -0.004962301049 2
0 -0.015 0.275 -0.005116934276 2
0 -0.015 0.285 -0.00526743649 2
0 -0.015 0.295 -0.005395857512 2
0 -0.015 0.305 -0.005480419844 2
0 -0.015 0.315 -0.0055021317 2
0 -0.015 0.325 -0.005446170569 2
0 -0.015 0.335 -0.005275092888 2
0 -0.015 0.345 -0.004943533613 2
0 -0.015 0.355 -0.004453713949 2
0 -0.015 0.365 -0.003874771187 1
0 -0.015 0.375 -0.003301866187 1
0 -0.015 0.385 -0.002646413197 1
0 -0.015 0.395 -0.001915092423 1
0 -0.015 0.405 -0.0009912628784 1
0 -0.015 0.415 -0.0003816195142 2
0 -0.015 0.425 0 2
0 -0.015 0.435 0 2
0 -0.015 0.445 0 2
0 -0.015 0.455 0 2
0 -0.015 0.465 0 2
0 -0.005 -0.455 0 2
0 -0.005 -0.445 0 2
0 -0.005 -0.435 0 2
0 -0.005 -0.425 0 2
0 -0.005 -0.415 -0.001205034212 2
0 -0.005 -0.405 -0.003001042071 2
0 -0.005 -0.395 -0.00625815089 2
0 -0.005 -0.385 -0.008501740802 2
0 -0.005 -0.375 -0.01022300609 2
0 -0.005 -0.365 -0.01124154394 2
0 -0.005 -0.355 -0.01192961381 2
0 -0.005 -0.345 -0.01235608821 2
0 -0.005 -0.335 -0.01258703812 2
0 -0.005 -0.325 -0.01265353128 2
0 -0.005 -0.315 -0.01257516404 2
0 -0.005 -0.305 -0.01236314468 2
0 -0.005 -0.295 -0.01203256188 2
0 -0.005 -0.285 -0.01162092829 2
0 -0.005 -0.275 -0.0111817065 2
0 -0.005 -0.265 -0.01076417266 2
0 -0.005 -0.255 -0.010397506 2
0 -0.005 -0.245 -0.01005563391 2
0 -0.005 -0.235 -0.009722781972 2
0 -0.005 -0.225 -0.00937155923 2
0 -0.005 -0.215 -0.009010260372 2
0 -0.005 -0.205 -0.008646850297 2
0 -0.005 -0.195 -0.008294697676 2
0 -0.005 -0.185 -0.007950309258 2
0 -0.005 -0.175 -0.007610683695 2
0 -0.005 -0.165 -0.007264170621 2
0 -0.005 -0.155 -0.006913677729 2
0 -0.005 -0.145 -0.006563387962 2
0 -0.005 -0.135 -0.006224113352 2
0 -0.005 -0.125 -0.005906982742 2
0 -0.005 -0.115 -0.005622279321 2
0 -0.005 -0.105 -0.005378178321 2
0 -0.005 -0.095 -0.005179793109 2
0 -0.005 -0.085 -0.005028923561 2
0 -0.005 -0.075 -0.004920627237 2
0 -0.005 -0.065 -0.004840978894 2
0 -0.005 -0.055 -0.004786913984 2
0 -0.005 -0.045 -0.004761785467 2
0 -0.005 -0.035 -0.004796262778 2
0 -0.005 -0.025 -0.004882320074 2
0 -0.005 -0.015 -0.004989150732 2
0 -0.005 -0.005 -0.005039201748 2
0 -0.005 0.005 -0.005024262333 2
0 -0.005 0.015 -0.004968054576 1
0 -0.005 0.025 -0.004992091452 1
0 -0.005 0.035 -0.005140423361 1
0 -0.005 0.045 -0.005426669291 1
0 -0.005 0.055 -0.005829824 2
0 -0.005 0.065 -0.00623024032 2
0 -0.005 0.075 -0.006582475727 2
0 -0.005 0.085 -0.006862699102 2
0 -0.005 0.095 -0.007108471398 2
0 -0.005 0.105 -0.007350420451 2
0 -0.005 0.115 -0.007598387822 2
0 -0.005 0.125 -0.007854012742 2
0 -0.005 0.135 -0.008120683208 2
0 -0.005 0.145 -0.00839179084 2
0 -0.005 0.155 -0.008644656544 2
0 -0.005 0.165 -0.008804194337 2
0 -0.005 0.175 -0.008861465387 2
0 -0.005 0.185 -0.008778133075 2
0 -0.005 0.195 -0.008749635509 2
0 -0.005 0.205 -0.00880112131 2
0 -0.005 0.215 -0.009027075576 2
0 -0.005 0.225 -0.009366011188 2
0 -0.005 0.235 -0.009842021669 2
0 -0.005 0.245 -0.01031650265 2
0 -0.005 0.255 -0.01080038792 2
0 -0.005 0.265 -0.01124144796 2
0 -0.005 0.275 -0.01168052362 2
0 -0.005 0.285 -0.01208289981 2
0 -0.005 0.295 -0.0124286627 2
0 -0.005 0.305 -0.01266411706 2
0 -0.005 0.315 -0.01273999423 2
0 -0.005 0.325 -0.01261760838 2
0 -0.005 0.335 -0.01219085526 2
0 -0.005 0.345 -0.01140942611 2
0 -0.005 0.355 -0.01024232439 2
0 -0.005 0.365 -0.008925119909 1
0 -0.005 0.375 -0.00760566555 1
0 -0.005 0.385 -0.006116195512 1
0 -0.005 0.395 -0.004428414637 1
0 -0.005 0.405 -0.002132892616 1
0 -0.005 0.415 -0.0008518952806 1
0 -0.005 0.425 0 2
0 -0.005 0.435 0 2
0 -0.005 0.445 0 2
0 -0.005 0.455 0 2
0 -0.005 0.465 0 2
0 0.005 -0.455 0 1
0 0.005 -0.445 0 2
0 0.005 -0.435 0 2
0 0.005 -0.425 0 2
0 0.005 -0.415 -0.001717594058 2
0 0.005 -0.405 -0.004337559404 2
0 0.005 -0.395 -0.008588940688 2
0 0.005 -0.385 -0.01130481992 2
0 0.005 -0.375 -0.01341733689 2
0 0.005 -0.365 -0.01482381608 2
0 0.005 -0.355 -0.0157947481 2
0 0.005 -0.345 -0.01640509913 2
0 0.005 -0.335 -0.01673580087 2
0 0.005 -0.325 -0.01682560398 2
0 0.005 -0.315 -0.016701694 2
0 0.005 -0.305 -0.01637370542 2
0 0.005 -0.295 -0.01586966092 2
0 0.005 -0.285 -0.01524615482 2
0 0.005 -0.275 -0.01455495593 2
0 0.005 -0.265 -0.01387295327 2
0 0.005 -0.255 -0.01321748788 2
0 0.005 -0.245 -0.01265990974 2
0 0.005 -0.235 -0.01218252881 2
0 0.005 -0.225 -0.01178297793 2
0 0.005 -0.215 -0.01135291841 2
0 0.005 -0.205 -0.01089341339 2
0 0.005 -0.195 -0.01039341567 2
0 0.005 -0.185 -0.009887645493 2
0 0.005 -0.175 -0.009374621663 2
0 0.005 -0.165 -0.008847903247 2
0 0.005 -0.155 -0.008318372576 2
0 0.005 -0.145 -0.00779272401 2
0 0.005 -0.135 -0.007284919998 2
0 0.005 -0.125 -0.006810865196 2
0 0.005 -0.115 -0.006384999014 2
0 0.005 -0.105 -0.006018947925 2
0 0.005 -0.095 -0.005720235025 2
0 0.005 -0.085 -0.005493847216 2
0 0.005 -0.075 -0.005336112669 2
0 0.005 -0.065 -0.005231781632 2
0 0.005 -0.055 -0.005167826268 2
0 0.005 -0.045 -0.00514968146 2
0 0.005 -0.035 -0.005203804014 2
0 0.005 -0.025 -0.005332586757 2
0 0.005 -0.015 -0.005493172653 2
0 0.005 -0.005 -0.005608205144 2
0 0.005 0.005 -0.005658793922 2
0 0.005 0.015 -0.005690893227 2
0 0.005 0.025 -0.005809079718 2
0 0.005 0.035 -0.006058027838 2
0 0.005 0.045 -0.00644428991 2
0 0.005 0.055 -0.006936643884 2
0 0.005 0.065 -0.007434474569 2
0 0.005 0.075 -0.007876443146 2
0 0.005 0.085 -0.008248422393 2
0 0.005 0.095 -0.008599682809 2
0 0.005 0.105 -0.008961030112 2
0 0.005 0.115 -0.009336957083 2
0 0.005 0.125 -0.009726340323 2
0 0.005 0.135 -0.0101312242 2
0 0.005 0.145 -0.01054007348 2
0 0.005 0.155 -0.0108827674 2
0 0.005 0.165 -0.01107765025 2
0 0.005 0.175 -0.01109940182 2
0 0.005 0.185 -0.0109632151 1
0 0.005 0.195 -0.01092162175 1
0 0.005 0.205 -0.01101163205 1
0 0.005 0.215 -0.01130642474 1
0 0.005 0.225 -0.0117452199 1
0 0.005 0.235 -0.01236093826 2
0 0.005 0.245 -0.0130780611 2
0 0.005 0.255 -0.01390045144 2
0 0.005 0.265 -0.01467527721 2
0 0.005 0.275 -0.01540219179 2
0 0.005 0.285 -0.01603868996 2
0 0.005 0.295 -0.01655618878 2
0 0.005 0.305 -0.01691136412 2
0 0.005 0.315 -0.01703654992 2
0 0.005 0.325 -0.01687568034 2
0 0.005 0.335 -0.01632390794 2
0 0.005 0.345 -0.01530312336 2
0 0.005 0.355 -0.01372558584 1
0 0.005 0.365 -0.01197735594 1
0 0.005 0.375 -0.01018951542 1
0 0.005 0.385 -0.00832664921 1
0 0.005 0.395 -0.006236595039 1
0 0.005 0.405 -0.003173455736 1
0 0.005 0.415 -0.001245977874 1
0 0.005 0.425 0 1
0 0.005 0.435 0 2
0 0.005 0.445 0 2
0 0.005 0.455 0 2
0 0.005 0.465 0 2
0 0.015 -0.455 0 1
0 0.015 -0.445 0 2
0 0.015 -0.435 0 2
0 0.015 -0.425 0 2
0 0.015 -0.415 -0.001610720857 2
0 0.015 -0.405 -0.004062880951 2
0 0.015 -0.395 -0.007624856763 2
0 0.015 -0.385 -0.0100843116 2
0 0.015 -0.375 -0.01191361282 2
0 0.015 -0.365 -0.01325856124 2
0 0.015 -0.355 -0.01420142597 2
0 0.015 -0.345 -0.0148013925 2
0 0.015 -0.335 -0.01512242728 2
0 0.015 -0.325 -0.01519404855 2
0 0.015 -0.315 -0.01503786159 2
0 0.015 -0.305 -0.01464599816 2
0 0.015 -0.295 -0.01405573947 2
0 0.015 -0.285 -0.01329958184 2
0 0.015 -0.275 -0.01245473346 2
0 0.015 -0.265 -0.0115867915 2
0 0.015 -0.255 -0.01073848376 2
0 0.015 -0.245 -0.01006055494 2
0 0.015 -0.235 -0.009507862557 2
0 0.015 -0.225 -0.00912113851 2
0 0.015 -0.215 -0.008706050586 2
0 0.015 -0.205 -0.008315507007 2
0 0.015 -0.195 -0.007852578417 2
0 0.015 -0.185 -0.00734616392 2
0 0.015 -0.175 -0.006780327882 2
0 0.015 -0.165 -0.006186374918 2
0 0.015 -0.155 -0.005581248055 2
0 0.015 -0.145 -0.004979683764 2
0 0.015 -0.135 -0.004398570759 2
0 0.015 -0.125 -0.003856817221 2
0 0.015 -0.115 -0.003371028096 2
0 0.015 -0.105 -0.00295417283 2
0 0.015 -0.095 -0.002614581778 2
0 0.015 -0.085 -0.002357730174 2
0 0.015 -0.075 -0.002180907487 2
0 0.015 -0.065 -0.002079722682 2
0 0.015 -0.055 -0.00204317042 2
0 0.015 -0.045 -0.002070944458 2
0 0.015 -0.035 -0.00215328823 2
0 0.015 -0.025 -0.002290492388 2
0 0.015 -0.015 -0.002457778938 2
0 0.015 -0.005 -0.002636985316 2
0 0.015 0.005 -0.002804767323 2
0 0.015 0.015 -0.002995324379 2
0 0.015 0.025 -0.00321768055 2
0 0.015 0.035 -0.003516478603 2
0 0.015 0.045 -0.003893693331 2
0 0.015 0.055 -0.004299820423 2
0 0.015 0.065 -0.004718062235 2
0 0.015 0.075 -0.005110073897 2
0 0.015 0.085 -0.005486555188 2
0 0.015 0.095 -0.005871938456 2
0 0.015 0.105 -0.006278250837 2
0 0.015 0.115 -0.006704054439 2
0 0.015 0.125 -0.007147303785 2
0 0.015 0.135 -0.00760672029 2
0 0.015 0.145 -0.008069017298 2
0 0.015 0.155 -0.008455366992 2
0 0.015 0.165 -0.008695519631 2
0 0.015 0.175 -0.008720884146 2
0 0.015 0.185 -0.008658741292 1
0 0.015 0.195 -0.008654202915 1
0 0.015 0.205 -0.008795371865 1
0 0.015 0.215 -0.00911193434 1
0 0.015 0.225 -0.009558764816 1
0 0.015 0.235 -0.01011389594 1
0 0.015 0.245 -0.01081854183 1
0 0.015 0.255 -0.0116806598 2
0 0.015 0.265 -0.01262114167 2
0 0.015 0.275 -0.01352693627 2
0 0.015 0.285 -0.01431087697 2
0 0.015 0.295 -0.01494588555 2
0 0.015 0.305 -0.01537915616 2
0 0.015 0.315 -0.01557543363 2
0 0.015 0.325 -0.0154711718 2
0 0.015 0.335 -0.01501328413 2
0 0.015 0.345 -0.01409126924 2
0 0.015 0.355 -0.01274215139 1
0 0.015 0.365 -0.01111449839 1
0 0.015 0.375 -0.009434842048 1
0 0.015 0.385 -0.007742397449 1
0 0.015 0.395 -0.005775845596 1
0 0.015 0.405 -0.003092072001 1
0 0.015 0.415 -0.001215828006 1
0 0.015 0.425 0 1
0 0.015 0.435 0 2
0 0.015 0.445 0 2
0 0.015 0.455 0 2
0 0.015 0.465 0 2
0 0.025 -0.455 0 1
0 0.025 -0.445 0 1
0 0.025 -0.435 0 2
0 0.025 -0.425 0 2
0 0.025 -0.415 -0.001028407257 2
0 0.025 -0.405 -0.002497126524 2
0 0.025 -0.395 -0.004472532034 2
0 0.025 -0.385 -0.00576085805 2
0 0.025 -0.375 -0.006677081908 2
0 0.025 -0.365 -0.007531803332 2
0 0.025 -0.355 -0.008160607671 2
0 0.025 -0.345 -0.008573446752 2
0 0.025 -0.335 -0.008788257209 2
0 0.025 -0.325 -0.008810228118 2
0 0.025 -0.315 -0.008645390692 2
0 0.025 -0.305 -0.00826122805 2
0 0.025 -0.295 -0.007700574896 2
0 0.025 -0.285 -0.006972384829 2
0 0.025 -0.275 -0.006187034306 2
0 0.025 -0.265 -0.005302576232 2
0 0.025 -0.255 -0.004539856115 1
0 0.025 -0.245 -0.003905999156 1
0 0.025 -0.235 -0.003419137766 1
0 0.025 -0.225 -0.003011151687 2
0 0.025 -0.215 -0.002611518822 2
0 0.025 -0.205 -0.002278728913 2
0 0.025 -0.195 -0.00191694501 2
0 0.025 -0.185 -0.001507244033 2
0 0.025 -0.175 -0.001008413365 2
0 0.025 -0.165 -0.0004511247749 2
0 0.025 -0.155 0.0001322135811 2
0 0.025 -0.145 0.0007122631647 2
0 0.025 -0.135 0.001269572095 2
0 0.025 -0.125 0.001786895439 2
0 0.025 -0.115 0.002248500142 2
0 0.025 -0.105 0.002642939159 2
0 0.025 -0.095 0.002962812668 2
0 0.025 -0.085 0.003202825479 2
0 0.025 -0.075 0.003363343795 2
0 0.025 -0.065 0.003446619277 2
0 0.025 -0.055 0.003464396241 2
0 0.025 -0.045 0.003423483353 2
0 0.025 -0.035 0.003337104583 2
0 0.025 -0.025 0.003204629952 2
0 0.025 -0.015 0.003036203527 2
0 0.025 -0.005 0.00282388136 2
0 0.025 0.005 0.002583053384 2
0 0.025 0.015 0.002299251345 2
0 0.025 0.025 0.002006485708 2
0 0.025 0.035 0.001710600729 2
0 0.025 0.045 0.00142083015 2
0 0.025 0.055 0.001149804492 2
0 0.025 0.065 0.0008682918562 2
0 0.025 0.075 0.0005794644377 2
0 0.025 0.085 0.000263282103 2
0 0.025 0.095 -8.10993038e-05 2
0 0.025 0.105 -0.0004567011206 2
0 0.025 0.115 -0.0008562866358 2
0 0.025 0.125 -0.001276758736 2
0 0.025 0.135 -0.001715548227 2
0 0.025 0.145 -0.002166980971 2
0 0.025 0.155 -0.002590174721 2
0 0.025 0.165 -0.002925512806 2
0 0.025 0.175 -0.003138451926 1
0 0.025 0.185 -0.003271612356 1
0 0.025 0.195 -0.003441944767 1
0 0.025 0.205 -0.003678673381 1
0 0.025 0.215 -0.003968488747 1
0 0.025 0.225 -0.004308133255 1
0 0.025 0.235 -0.004663315729 1
0 0.025 0.245 -0.005138503435 1
0 0.025 0.255 -0.005760177977 1
0 0.025 0.265 -0.006528520986 2
0 0.025 0.275 -0.007383999327 2
0 0.025 0.285 -0.008092235473 2
0 0.025 0.295 -0.008703861039 2
0 0.025 0.305 -0.009143990577 2
0 0.025 0.315 -0.009411609069 2
0 0.025 0.325 -0.009456814707 2
0 0.025 0.335 -0.009292940419 2
0 0.025 0.345 -0.008783598322 2
0 0.025 0.355 -0.008091665458 2
0 0.025 0.365 -0.007026902973 1
0 0.025 0.375 -0.005967608578 1
0 0.025 0.385 -0.004961643952 1
0 0.025 0.395 -0.003775311751 1
0 0.025 0.405 -0.002101266808 1
0 0.025 0.415 -0.0008521695438 1
0 0.025 0.425 0 1
0 0.025 0.435 0 2
0 0.025 0.445 0 2
0 0.025 0.455 0 2
0 0.025 0.465 0 2
0 0.035 -0.455 0 1
0 0.035 -0.445 0 1
0 0.035 -0.435 0 2
0 0.035 -0.425 0 2
0 0.035 -0.415 -0.0004546509225 2
0 0.035 -0.405 -0.001086267343 2
0 0.035 -0.395 -0.001992802779 2
0 0.035 -0.385 -0.00261109539 2
0 0.035 -0.375 -0.003116789105 2
0 0.035 -0.365 -0.003584998259 2
0 0.035 -0.355 -0.003951603938 2
0 0.035 -0.345 -0.004201605349 2
0 0.035 -0.335 -0.004326278161 2
0 0.035 -0.325 -0.004311019469 2
0 0.035 -0.315 -0.00414304349 2
0 0.035 -0.305 -0.003767094515 2
0 0.035 -0.295 -0.003233577737 2
0 0.035 -0.285 -0.002569809881 2
0 0.035 -0.275 -0.00192299471 2
0 0.035 -0.265 -0.001180456658 1
0 0.035 -0.255 -0.0005975642902 1
0 0.035 -0.245 9.281694341e-06 1
0 0.035 -0.235 0.0005325568166 1
0 0.035 -0.225 0.00110287178 1
0 0.035 -0.215 0.001625286318 1
0 0.035 -0.205 0.002152201455 2
0 0.035 -0.195 0.002629298664 2
0 0.035 -0.185 0.003097063945 2
0 0.035 -0.175 0.00362409972 2
0 0.035 -0.165 0.00418616541 2
0 0.035 -0.155 0.004798124011 2
0 0.035 -0.145 0.005413464314 2
0 0.035 -0.135 0.00600225604 2
0 0.035 -0.125 0.006546550926 2
0 0.035 -0.115 0.007027129814 2
0 0.035 -0.105 0.007433066333 2
0 0.035 -0.095 0.007757710392 2
0 0.035 -0.085 0.00799912651 2
0 0.035 -0.075 0.008159506625 2
0 0.035 -0.065 0.008243650378 2
0 0.035 -0.055 0.008259461548 2
0 0.035 -0.045 0.00821455062 2
0 0.035 -0.035 0.008118874258 2
0 0.035 -0.025 0.00797742152 2
0 0.035 -0.015 0.007797015467 2
0 0.035 -0.005 0.007578072119 2
0 0.035 0.005 0.007330976023 2
0 0.035 0.015 0.007057367618 2
0 0.035 0.025 0.006773531384 2
0 0.035 0.035 0.00648580986 2
0 0.035 0.045 0.006200095808 2
0 0.035 0.055 0.005920340814 2
0 0.035 0.065 0.005633426791 2
0 0.035 0.075 0.00533476267 2
0 0.035 0.085 0.0050114672 2
0 0.035 0.095 0.004662496999 2
0 0.035 0.105 0.004286563214 2
0 0.035 0.115 0.003886924509 2
0 0.035 0.125 0.003462727377 2
0 0.035 0.135 0.003014612262 2
0 0.035 0.145 0.002536134979 2
0 0.035 0.155 0.002011935362 2
0 0.035 0.165 0.001473575574 2
0 0.035 0.175 0.0009046297071 2
0 0.035 0.185 0.0004140157182 1
0 0.035 0.195 -4.414184264e-05 1
0 0.035 0.205 -0.0004514493916 1
0 0.035 0.215 -0.0008011632872 1
0 0.035 0.225 -0.001135567551 1
0 0.035 0.235 -0.001422580008 1
0 0.035 0.245 -0.001724007225 1
0 0.035 0.255 -0.002110253514 1
0 0.035 0.265 -0.002581353718 1
0 0.035 0.275 -0.003231136505 2
0 0.035 0.285 -0.003804770015 2
0 0.035 0.295 -0.00436251521 2
0 0.035 0.305 -0.004816468683 2
0 0.035 0.315 -0.005154928255 2
0 0.035 0.325 -0.005332390975 2
0 0.035 0.335 -0.005393894463 2
0 0.035 0.345 -0.005248770832 2
0 0.035 0.355 -0.004968973541 2
0 0.035 0.365 -0.004372472934 1
0 0.035 0.375 -0.003672891058 1
0 0.035 0.385 -0.002930308687 1
0 0.035 0.395 -0.002134032938 1
0 0.035 0.405 -0.001138929831 1
0 0.035 0.415 -0.0004609660371 1
0 0.035 0.425 0 1
0 0.035 0.435 0 1
0 0.035 0.445 0 2
0 0.035 0.455 0 2
0 0.035 0.465 0 2
0 0.045 -0.455 0 1
0 0.045 -0.445 0 1
0 0.045 -0.435 0 2
0 0.045 -0.425 0 2
0 0.045 -0.415 0.0001576127274 2
0 0.045 -0.405 0.0004445469844 2
0 0.045 -0.395 0.0006727353906 2
0 0.045 -0.385 0.0007676733347 2
0 0.045 -0.375 0.0006734622204 2
0 0.045 -0.365 0.0005923491739 2
0 0.045 -0.355 0.0004883521819 2
0 0.045 -0.345 0.0004128476922 2
0 0.045 -0.335 0.0003878000853 2
0 0.045 -0.325 0.000439254514 2
0 0.045 -0.315 0.0005998609987 2
0 0.045 -0.305 0.0009255748073 2
0 0.045 -0.295 0.001361933475 2
0 0.045 -0.285 0.001847618273 2
0 0.045 -0.275 0.002247292637 2
0 0.045 -0.265 0.002636304045 1
0 0.045 -0.255 0.003004742358 1
0 0.045 -0.245 0.00352189153 1
0 0.045 -0.235 0.004110429848 1
0 0.045 -0.225 0.004789658937 1
0 0.045 -0.215 0.005460005473 1
0 0.045 -0.205 0.006220163091 1
0 0.045 -0.195 0.00699259132 2
0 0.045 -0.185 0.007687674573 2
0 0.045 -0.175 0.00836145987 2
0 0.045 -0.165 0.009014119747 2
0 0.045 -0.155 0.009675670034 2
0 0.045 -0.145 0.01034515464 2
0 0.045 -0.135 0.01097704877 2
0 0.045 -0.125 0.01155389337 2
0 0.045 -0.115 0.01205450187 2
0 0.045 -0.105 0.01246950665 2
0 0.045 -0.095 0.01279393571 2
0 0.045 -0.085 0.01302784908 2
0 0.045 -0.075 0.01317510796 2
0 0.045 -0.065 0.01324285423 2
0 0.045 -0.055 0.01324055337 2
0 0.045 -0.045 0.01317819033 2
0 0.045 -0.035 0.01306597229 2
0 0.045 -0.025 0.01291204726 2
0 0.045 -0.015 0.01272434339 2
0 0.045 -0.005 0.01250804045 2
0 0.045 0.005 0.0122699465 2
0 0.045 0.015 0.01201397338 2
0 0.045 0.025 0.01174745876 2
0 0.045 0.035 0.01147395498 2
0 0.045 0.045 0.01119589826 2
0 0.045 0.055 0.01091379017 2
0 0.045 0.065 0.01062246304 2
0 0.045 0.075 0.01031873767 2
0 0.045 0.085 0.009996749713 2
0 0.045 0.095 0.00965370544 2
0 0.045 0.105 0.00928694451 2
0 0.045 0.115 0.008895242501 2
0 0.045 0.125 0.008476536749 2
0 0.045 0.135 0.008028868949 2
0 0.045 0.145 0.007536362862 2
0 0.045 0.155 0.006943392356 2
0 0.045 0.165 0.006202058153 2
0 0.045 0.175 0.005337788724 2
0 0.045 0.185 0.004398511364 1
0 0.045 0.195 0.003615472589 1
0 0.045 0.205 0.002986745264 1
0 0.045 0.215 0.002528595323 1
0 0.045 0.225 0.002167774462 1
0 0.045 0.235 0.001861605824 1
0 0.045 0.245 0.001613841635 1
0 0.045 0.255 0.001407694981 1
0 0.045 0.265 0.001210114899 1
0 0.045 0.275 0.000944366556 2
0 0.045 0.285 0.0005853180893 2
0 0.045 0.295 0.0001792331086 2
0 0.045 0.305 -0.0002422246722 2
0 0.045 0.315 -0.0006147696768 2
0 0.045 0.325 -0.0009049118404 2
0 0.045 0.335 -0.001135678376 2
0 0.045 0.345 -0.001311006467 2
0 0.045 0.355 -0.001402416723 2
0 0.045 0.365 -0.001396596847 1
0 0.045 0.375 -0.001130225918 1
0 0.045 0.385 -0.0007051682329 1
0 0.045 0.395 -0.0003346256469 1
0 0.045 0.405 -4.478686711e-05 1
0 0.045 0.415 -1.943650837e-05 1
0 0.045 0.425 0 1
0 0.045 0.435 0 1
0 0.045 0.445 0 2
0 0.045 0.455 0 2
0 0.045 0.465 0 2
0 0.055 -0.455 0 1
0 0.055 -0.445 0 2
0 0.055 -0.435 0 2
0 0.055 -0.425 0 2
0 0.055 -0.415 0.0007160243556 2
0 0.055 -0.405 0.001848039997 2
0 0.055 -0.395 0.003135942336 2
0 0.055 -0.385 0.003869341427 2
0 0.055 -0.375 0.004106977906 2
0 0.055 -0.365 0.004323668188 2
0 0.055 -0.355 0.004404933517 2
0 0.055 -0.345 0.004475925108 2
0 0.055 -0.335 0.00456059795 2
0 0.055 -0.325 0.004667702538 2
0 0.055 -0.315 0.004839867561 2
0 0.055 -0.305 0.005112662032 2
0 0.055 -0.295 0.005446564608 2
0 0.055 -0.285 0.005718150523 2
0 0.055 -0.275 0.005849613118 2
0 0.055 -0.265 0.005877617922 1
0 0.055 -0.255 0.006094635644 1
0 0.055 -0.245 0.006546945087 1
0 0.055 -0.235 0.007208931128 1
0 0.055 -0.225 0.007916173743 1
0 0.055 -0.215 0.008644221885 1
0 0.055 -0.205 0.009532357777 1
0 0.055 -0.195 0.01058728063 1
0 0.055 -0.185 0.01171986156 2
0 0.055 -0.175 0.01265925423 2
0 0.055 -0.165 0.01355407554 2
0 0.055 -0.155 0.01431897265 2
0 0.055 -0.145 0.01508524848 2
0 0.055 -0.135 0.01579073193 2
0 0.055 -0.125 0.01641992698 2
0 0.055 -0.115 0.01695349103 2
0 0.055 -0.105 0.0173847207 2
0 0.055 -0.095 0.01771113468 2
0 0.055 -0.085 0.01793566584 2
0 0.055 -0.075 0.01806454502 2
0 0.055 -0.065 0.01810817555 2
0 0.055 -0.055 0.01807850547 2
0 0.055 -0.045 0.01798885017 2
0 0.055 -0.035 0.0178515692 2
0 0.055 -0.025 0.01767735854 2
0 0.055 -0.015 0.01747499574 2
0 0.055 -0.005 0.0172510372 2
0 0.055 0.005 0.01701121609 2
0 0.055 0.015 0.01675939527 2
0 0.055 0.025 0.01649940741 2
0 0.055 0.035 0.01623306908 2
0 0.055 0.045 0.01596094488 2
0 0.055 0.055 0.01568221998 2
0 0.055 0.065 0.01539372926 2
0 0.055 0.075 0.01509234833 2
0 0.055 0.085 0.01477399569 2
0 0.055 0.095 0.01443569525 2
0 0.055 0.105 0.01407479257 2
0 0.055 0.115 0.01368919865 2
0 0.055 0.125 0.01327589297 2
0 0.055 0.135 0.01283045356 2
0 0.055 0.145 0.0123390186 2
0 0.055 0.155 0.01175525543 2
0 0.055 0.165 0.01094222598 2
0 0.055 0.175 0.009911063088 2
0 0.055 0.185 0.008632281097 1
0 0.055 0.195 0.007481073345 1
0 0.055 0.205 0.006529637545 1
0 0.055 0.215 0.005825614692 1
0 0.055 0.225 0.005336417883 1
0 0.055 0.235 0.00493543899 1
0 0.055 0.245 0.004623009962 1
0 0.055 0.255 0.004450612602 1
0 0.055 0.265 0.004414673625 1
0 0.055 0.275 0.00449503351 2
0 0.055 0.285 0.004413780294 2
0 0.055 0.295 0.004238327703 2
0 0.055 0.305 0.003919358791 2
0 0.055 0.315 0.003549320388 2
0 0.055 0.325 0.003186655866 2
0 0.055 0.335 0.00282481895 2
0 0.055 0.345 0.002426072096 2
0 0.055 0.355 0.002048096335 2
0 0.055 0.365 0.001629288564 2
0 0.055 0.375 0.001404026885 1
0 0.055 0.385 0.001531955195 1
0 0.055 0.395 0.001449777566 1
0 0.055 0.405 0.001056351457 1
0 0.055 0.415 0.0004317839378 1
0 0.055 0.425 0 1
0 0.055 0.435 0 2
0 0.055 0.445 0 2
0 0.055 0.455 0 2
0 0.055 0.465 0 2
0 0.065 -0.455 0 2
0 0.065 -0.445 0 2
0 0.065 -0.435 0 2
0 0.065 -0.425 0 2
0 0.065 -0.415 0.001201557412 2
0 0.065 -0.405 0.003074053502 2
0 0.065 -0.395 0.005338745269 2
0 0.065 -0.385 0.006619738602 2
0 0.065 -0.375 0.007101117762 2
0 0.065 -0.365 0.007441264038 2
0 0.065 -0.355 0.007601589413 2
0 0.065 -0.345 0.007804627215 2
0 0.065 -0.335 0.008077552139 2
0 0.065 -0.325 0.008392683704 2
0 0.065 -0.315 0.008708028921 2
0 0.065 -0.305 0.009031443139 2
0 0.065 -0.295 0.00929213991 2
0 0.065 -0.285 0.009389379409 2
0 0.065 -0.275 0.009309358558 2
0 0.065 -0.265 0.009036676092 1
0 0.065 -0.255 0.009099807795 1
0 0.065 -0.245 0.009457919893 1
0 0.065 -0.235 0.01015804433 1
0 0.065 -0.225 0.01090526125 1
0 0.065 -0.215 0.01165474648 1
0 0.065 -0.205 0.01258214973 1
0 0.065 -0.195 0.01372771161 1
0 0.065 -0.185 0.01528946547 2
0 0.065 -0.175 0.01662016826 2
0 0.065 -0.165 0.01788758349 2
0 0.065 -0.155 0.01885813149 2
0 0.065 -0.145 0.01976001545 2
0 0.065 -0.135 0.02056306358 2
0 0.065 -0.125 0.02125562392 2
0 0.065 -0.115 0.02182754186 2
0 0.065 -0.105 0.02227596097 2
0 0.065 -0.095 0.02260091406 2
0 0.065 -0.085 0.02280875697 2
0 0.065 -0.075 0.02290797564 2
0 0.065 -0.065 0.02291427173 2
0 0.065 -0.055 0.02284327768 2
0 0.065 -0.045 0.0227135895 2
0 0.065 -0.035 0.02254060421 2
0 0.065 -0.025 0.02233795454 2
0 0.065 -0.015 0.02211539972 2
0 0.065 -0.005 0.02187995166 2
0 0.065 0.005 0.02163610988 2
0 0.065 0.015 0.02138640292 2
0 0.065 0.025 0.02113216774 2
0 0.065 0.035 0.0208733885 2
0 0.065 0.045 0.02060905895 2
0 0.065 0.055 0.02033732892 2
0 0.065 0.065 0.02005538493 2
0 0.065 0.075 0.01976028801 2
0 0.065 0.085 0.01944884765 2
0 0.065 0.095 0.01911829845 2
0 0.065 0.105 0.01876611127 2
0 0.065 0.115 0.01838992337 2
0 0.065 0.125 0.01798710945 2
0 0.065 0.135 0.01755287934 2
0 0.065 0.145 0.01708529867 2
0 0.065 0.155 0.01654412882 2
0 0.065 0.165 0.01578988785 2
0 0.065 0.175 0.01475314111 2
0 0.065 0.185 0.01340768151 2
0 0.065 0.195 0.01197788186 1
0 0.065 0.205 0.01067744477 1
0 0.065 0.215 0.009614539552 1
0 0.065 0.225 0.008823231673 1
0 0.065 0.235 0.008209292851 1
0 0.065 0.245 0.007760038132 1
0 0.065 0.255 0.007561841867 1
0 0.065 0.265 0.00763811666 1
0 0.065 0.275 0.007938832346 1
0 0.065 0.285 0.008185031895 2
0 0.065 0.295 0.008189374472 2
0 0.065 0.305 0.007959087719 2
0 0.065 0.315 0.007598956356 2
0 0.065 0.325 0.007182821122 2
0 0.065 0.335 0.006721831033 2
0 0.065 0.345 0.006181799737 2
0 0.065 0.355 0.005584558234 2
0 0.065 0.365 0.00493252666 2
0 0.065 0.375 0.004268662912 2
0 0.065 0.385 0.004062407949 1
0 0.065 0.395 0.003444301579 1
0 0.065 0.405 0.002270638085 1
0 0.065 0.415 0.0009168925246 1
0 0.065 0.425 0 1
0 0.065 0.435 0 2
0 0.065 0.445 0 2
0 0.065 0.455 0 2
0 0.065 0.465 0 2
0 0.075 -0.455 0 2
0 0.075 -0.445 0 2
0 0.075 -0.435 0 2
0 0.075 -0.425 0 2
0 0.075 -0.415 0.001591442822 2
0 0.075 -0.405 0.004087014691 2
0 0.075 -0.395 0.007100356945 2
0 0.075 -0.385 0.00875992263 2
0 0.075 -0.375 0.009338538983 2
0 0.075 -0.365 0.009631748421 1
0 0.075 -0.355 0.009788276594 1
0 0.075 -0.345 0.01009976075 1
0 0.075 -0.335 0.01062615097 1
0 0.075 -0.325 0.01135188703 2
0 0.075 -0.315 0.01200534001 2
0 0.075 -0.305 0.01254837893 2
0 0.075 -0.295 0.01288231802 2
0 0.075 -0.285 0.01294385377 2
0 0.075 -0.275 0.01275782177 2
0 0.075 -0.265 0.01226004662 1
0 0.075 -0.255 0.01210092192 1
0 0.075 -0.245 0.01231580601 1
0 0.075 -0.235 0.01295932251 1
0 0.075 -0.225 0.01373382289 1
0 0.075 -0.215 0.01449511225 1
0 0.075 -0.205 0.01540493934 1
0 0.075 -0.195 0.01665087002 1
0 0.075 -0.185 0.01844017706 1
0 0.075 -0.175 0.02029791616 2
0 0.075 -0.165 0.02198605839 2
0 0.075 -0.155 0.02327262272 2
0 0.075 -0.145 0.02434439263 2
0 0.075 -0.135 0.02526327445 2
0 0.075 -0.125 0.02602794152 2
0 0.075 -0.115 0.02664399141 2
0 0.075 -0.105 0.02711092374 2
0 0.075 -0.095 0.02742914541 2
0 0.075 -0.085 0.02760999383 2
0 0.075 -0.075 0.02766216992 2
0 0.075 -0.065 0.02761125647 2
0 0.075 -0.055 0.02747733921 2
0 0.075 -0.045 0.02728936734 2
0 0.075 -0.035 0.02706645085 2
0 0.075 -0.025 0.02682572258 2
0 0.075 -0.015 0.02657648975 2
0 0.075 -0.005 0.02632517842 2
0 0.075 0.005 0.02607447497 2
0 0.075 0.015 0.02582512748 2
0 0.075 0.025 0.02557615816 2
0 0.075 0.035 0.0253255928 2
0 0.075 0.045 0.02507083643 2
0 0.075 0.055 0.02480897527 2
0 0.075 0.065 0.0245368506 2
0 0.075 0.075 0.0242513943 2
0 0.075 0.085 0.02394966272 2
0 0.075 0.095 0.02362907268 2
0 0.075 0.105 0.02328739367 2
0 0.075 0.115 0.0229225745 2
0 0.075 0.125 0.02253322504 2
0 0.075 0.135 0.02211536449 2
0 0.075 0.145 0.0216768951 2
0 0.075 0.155 0.02119703696 2
0 0.075 0.165 0.02059735405 2
0 0.075 0.175 0.01974432279 2
0 0.075 0.185 0.01857793259 2
0 0.075 0.195 0.01715396479 2
0 0.075 0.205 0.01564302032 1
0 0.075 0.215 0.01428303541 1
0 0.075 0.225 0.01309247676 1
0 0.075 0.235 0.01218832385 1
0 0.075 0.245 0.01152539909 1
0 0.075 0.255 0.0112435621 1
0 0.075 0.265 0.01132496968 1
0 0.075 0.275 0.0117023804 2
0 0.075 0.285 0.0120481819 2
0 0.075 0.295 0.01209632013 2
0 0.075 0.305 0.01186983449 2
0 0.075 0.315 0.01148256864 2
0 0.075 0.325 0.01100511652 2
0 0.075 0.335 0.01045835036 2
0 0.075 0.345 0.009838040246 2
0 0.075 0.355 0.009125385271 2
0 0.075 0.365 0.008343228771 2
0 0.075 0.375 0.007421827218 2
0 0.075 0.385 0.006947852836 2
0 0.075 0.395 0.005712994287 1
0 0.075 0.405 0.003621028423 1
0 0.075 0.415 0.001446485086 1
0 0.075 0.425 0 2
0 0.075 0.435 0 2
0 0.075 0.445 0 2
0 0.075 0.455 0 2
0 0.075 0.465 0 2
0 0.085 -0.455 0 1
0 0.085 -0.445 0 1
0 0.085 -0.435 0 1
0 0.085 -0.425 0 1
0 0.085 -0.415 0.001898755446 1
0 0.085 -0.405 0.004892409989 1
0 0.085 -0.395 0.008370986039 1
0 0.085 -0.385 0.01032116673 2
0 0.085 -0.375 0.01081972082 1
0 0.085 -0.365 0.01115936733 1
0 0.085 -0.355 0.01138972498 1
0 0.085 -0.345 0.01180704031 1
0 0.085 -0.335 0.01254231236 1
0 0.085 -0.325 0.01360197714 1
0 0.085 -0.315 0.01477107054 2
0 0.085 -0.305 0.01567199477 2
0 0.085 -0.295 0.01628173334 2
0 0.085 -0.285 0.01646130695 2
0 0.085 -0.275 0.01630517618 2
0 0.085 -0.265 0.0157764636 2
0 0.085 -0.255 0.0152964504 1
0 0.085 -0.245 0.01523094003 1
0 0.085 -0.235 0.01567076235 1
0 0.085 -0.225 0.01639276887 1
0 0.085 -0.215 0.01719615154 1
0 0.085 -0.205 0.0180967336 1
0 0.085 -0.195 0.01952202961 1
0 0.085 -0.185 0.02147995635 1
0 0.085 -0.175 0.02389642825 2
0 0.085 -0.165 0.02599628578 2
0 0.085 -0.155 0.02764563454 2
0 0.085 -0.145 0.02887525381 2
0 0.085 -0.135 0.02989737478 2
0 0.085 -0.125 0.03072071313 2
0 0.085 -0.115 0.03137459433 2
0 0.085 -0.105 0.03185876459 2
0 0.085 -0.095 0.03216502644 2
0 0.085 -0.085 0.03231101027 2
0 0.085 -0.075 0.03229717896 2
0 0.085 -0.065 0.03217181269 2
0 0.085 -0.055 0.03195485768 2
0 0.085 -0.045 0.03169257197 2
0 0.085 -0.035 0.03140491509 2
0 0.085 -0.025 0.03111560845 2
0 0.085 -0.015 0.03083320589 2
0 0.085 -0.005 0.03056350214 2
0 0.085 0.005 0.0303059068 2
0 0.085 0.015 0.0300583149 2
0 0.085 0.025 0.02981683964 2
0 0.085 0.035 0.02957726239 2
0 0.085 0.045 0.02933519271 2
0 0.085 0.055 0.0290865122 2
0 0.085 0.065 0.0288274401 2
0 0.085 0.075 0.028554648 2
0 0.085 0.085 0.02826525675 2
0 0.085 0.095 0.02795687918 2
0 0.085 0.105 0.02762765919 2
0 0.085 0.115 0.027276095 2
0 0.085 0.125 0.02690197914 2
0 0.085 0.135 0.02650409564 2
0 0.085 0.145 0.02609156858 2
0 0.085 0.155 0.02566235722 2
0 0.085 0.165 0.02520041314 2
0 0.085 0.175 0.02460648751 2
0 0.085 0.185 0.02376429995 2
0 0.085 0.195 0.0226425462 2
0 0.085 0.205 0.02124922797 2
0 0.085 0.215 0.01984622264 2
0 0.085 0.225 0.01843389658 1
0 0.085 0.235 0.01729214001 1
0 0.085 0.245 0.01638772558 1
0 0.085 0.255 0.01590860121 1
0 0.085 0.265 0.01578732953 1
0 0.085 0.275 0.01601283271 2
0 0.085 0.285 0.01612607923 2
0 0.085 0.295 0.01603860312 2
0 0.085 0.305 0.01570625908 2
0 0.085 0.315 0.01523915093 2
0 0.085 0.325 0.01469394125 2
0 0.085 0.335 0.01409119955 2
0 0.085 0.345 0.01341458826 2
0 0.085 0.355 0.01265338274 2
0 0.085 0.365 0.01180004404 2
0 0.085 0.375 0.01071534826 2
0 0.085 0.385 0.01007366309 2
0 0.085 0.395 0.008250254271 2
0 0.085 0.405 0.005115558839 2
0 0.085 0.415 0.002031017639 2
0 0.085 0.425 0 2
0 0.085 0.435 0 2
0 0.085 0.445 0 2
0 0.085 0.455 0 2
0 0.085 0.465 0 2
0 0.095 -0.455 0 1
0 0.095 -0.445 0 1
0 0.095 -0.435 0 1
0 0.095 -0.425 0 1
0 0.095 -0.415 0.00219874029 1
0 0.095 -0.405 0.005656478454 1
0 0.095 -0.395 0.009397365425 1
0 0.095 -0.385 0.01148745057 1
0 0.095 -0.375 0.01191095945 1
0 0.095 -0.365 0.01246409241 1
0 0.095 -0.355 0.01283396718 1
0 0.095 -0.345 0.0133668274 1
0 0.095 -0.335 0.01423407018 1
0 0.095 -0.325 0.01545573661 1
0 0.095 -0.315 0.01709728981 2
0 0.095 -0.305 0.01842700782 2
0 0.095 -0.295 0.01945498705 2
0 0.095 -0.285 0.01992497354 2
0 0.095 -0.275 0.019976176 2
0 0.095 -0.265 0.01961373405 2
0 0.095 -0.255 0.01893526078 1
0 0.095 -0.245 0.01848452229 1
0 0.095 -0.235 0.01852968591 1
0 0.095 -0.225 0.01899855853 1
0 0.095 -0.215 0.01975930569 1
0 0.095 -0.205 0.02066087587 1
0 0.095 -0.195 0.02228861873 1
0 0.095 -0.185 0.02454035544 1
0 0.095 -0.175 0.02751452835 2
0 0.095 -0.165 0.03005073454 2
0 0.095 -0.155 0.03204606127 2
0 0.095 -0.145 0.03339337319 2
0 0.095 -0.135 0.03451325858 2
0 0.095 -0.125 0.03540967384 2
0 0.095 -0.115 0.03613858007 2
0 0.095 -0.105 0.03666452954 2
0 0.095 -0.095 0.03694821042 2
0 0.095 -0.085 0.03703800479 2
0 0.095 -0.075 0.03688637236 2
0 0.095 -0.065 0.03661576053 2
0 0.095 -0.055 0.03624134335 2
0 0.095 -0.045 0.03586886138 2
0 0.095 -0.035 0.03550044472 2
0 0.095 -0.025 0.03515995465 2
0 0.095 -0.015 0.03484255159 2
0 0.095 -0.005 0.03455503854 2
0 0.095 0.005 0.03429342335 2
0 0.095 0.015 0.03405182197 2
0 0.095 0.025 0.03382243648 2
0 0.095 0.035 0.03359829539 2
0 0.095 0.045 0.03337307405 2
0 0.095 0.055 0.03314137349 2
0 0.095 0.065 0.03289871199 2
0 0.095 0.075 0.03264147786 2
0 0.095 0.085 0.03236680952 2
0 0.095 0.095 0.03207252371 2
0 0.095 0.105 0.03175713434 2
0 0.095 0.115 0.03141971655 2
0 0.095 0.125 0.03106077016 2
0 0.095 0.135 0.03068113578 2
0 0.095 0.145 0.030287149 2
0 0.095 0.155 0.02988620854 2
0 0.095 0.165 0.02948136264 2
0 0.095 0.175 0.02904088675 2
0 0.095 0.185 0.02848916765 2
0 0.095 0.195 0.02775990709 2
0 0.095 0.205 0.02678039299 2
0 0.095 0.215 0.02561176446 2
0 0.095 0.225 0.02435222561 2
0 0.095 0.235 0.02320211458 2
0 0.095 0.245 0.02218556215 2
0 0.095 0.255 0.02145935152 2
0 0.095 0.265 0.02097759146 2
0 0.095 0.275 0.02071142889 2
0 0.095 0.285 0.02037824112 2
0 0.095 0.295 0.01995533183 2
0 0.095 0.305 0.01941254265 2
0 0.095 0.315 0.01882072134 2
0 0.095 0.325 0.01817625164 2
0 0.095 0.335 0.01749832334 2
0 0.095 0.345 0.01674574984 2
0 0.095 0.355 0.01592055103 2
0 0.095 0.365 0.01499067745 2
0 0.095 0.375 0.01379444787 2
0 0.095 0.385 0.01301513967 2
0 0.095 0.395 0.01069239927 2
0 0.095 0.405 0.00654580119 2
0 0.095 0.415 0.002605770344 2
0 0.095 0.425 0 2
0 0.095 0.435 0 2
0 0.095 0.445 0 2
0 0.095 0.455 0 2
0 0.095 0.465 0 2
0 0.105 -0.455 0 1
0 0.105 -0.445 0 1
0 0.105 -0.435 0 1
0 0.105 -0.425 0 1
0 0.105 -0.415 0.00249900649 1
0 0.105 -0.405 0.006376485702 1
0 0.105 -0.395 0.01040303936 1
0 0.105 -0.385 0.01259010741 1
0 0.105 -0.375 0.01306338887 1
0 0.105 -0.365 0.01387575716 1
0 0.105 -0.355 0.01448045357 1
0 0.105 -0.345 0.01513819629 1
0 0.105 -0.335 0.01598187057 1
0 0.105 -0.325 0.01724316924 1
0 0.105 -0.315 0.01908506364 1
0 0.105 -0.305 0.02093648549 2
0 0.105 -0.295 0.02243050319 2
0 0.105 -0.285 0.02331585249 2
0 0.105 -0.275 0.02373077792 2
0 0.105 -0.265 0.02369857514 2
0 0.105 -0.255 0.02322507589 2
0 0.105 -0.245 0.02260994896 1
0 0.105 -0.235 0.02221168043 1
0 0.105 -0.225 0.02224849715 1
0 0.105 -0.215 0.02269316751 1
0 0.105 -0.205 0.02359186598 1
0 0.105 -0.195 0.0254602764 1
0 0.105 -0.185 0.02813611348 1
0 0.105 -0.175 0.03153866435 2
0 0.105 -0.165 0.03433601437 2
0 0.105 -0.155 0.03649445736 2
0 0.105 -0.145 0.03785764391 2
0 0.105 -0.135 0.03900196853 2
0 0.105 -0.125 0.0398203752 2
0 0.105 -0.115 0.04052300235 2
0 0.105 -0.105 0.04106467056 2
0 0.105 -0.095 0.04133006346 2
0 0.105 -0.085 0.04142437412 2
0 0.105 -0.075 0.04116549896 2
0 0.105 -0.065 0.04082093487 2
0 0.105 -0.055 0.04030954056 2
0 0.105 -0.045 0.03982065707 2
0 0.105 -0.035 0.0393340853 2
0 0.105 -0.025 0.03891987846 2
0 0.105 -0.015 0.03856374828 2
0 0.105 -0.005 0.03826577957 2
0 0.105 0.005 0.03800700901 2
0 0.105 0.015 0.03777862872 2
0 0.105 0.025 0.0375684803 2
0 0.105 0.035 0.03736616969 2
0 0.105 0.045 0.03716316443 2
0 0.105 0.055 0.03695287503 2
0 0.105 0.065 0.03673020265 2
0 0.105 0.075 0.03649136083 2
0 0.105 0.085 0.03623358228 2
0 0.105 0.095 0.03595493754 2
0 0.105 0.105 0.0356542783 2
0 0.105 0.115 0.03533113665 2
0 0.105 0.125 0.03498618029 2
0 0.105 0.135 0.03462099392 2
0 0.105 0.145 0.03423798511 2
0 0.105 0.155 0.03384338278 2
0 0.105 0.165 0.03344964956 2
0 0.105 0.175 0.03304535385 2
0 0.105 0.185 0.03262536657 2
0 0.105 0.195 0.03213330884 2
0 0.105 0.205 0.0315208395 2
0 0.105 0.215 0.03069230476 2
0 0.105 0.225 0.02975612681 2
0 0.105 0.235 0.02872255241 2
0 0.105 0.245 0.02770766936 2
0 0.105 0.255 0.02675338174 2
0 0.105 0.265 0.02590953223 2
0 0.105 0.275 0.02513842234 2
0 0.105 0.285 0.02442283192 2
0 0.105 0.295 0.02369005939 2
0 0.105 0.305 0.0229480376 2
0 0.105 0.315 0.02220304625 2
0 0.105 0.325 0.02143011147 2
0 0.105 0.335 0.02061618056 2
0 0.105 0.345 0.01968240963 2
0 0.105 0.355 0.01867797394 2
0 0.105 0.365 0.01756581433 2
0 0.105 0.375 0.01623489628 2
0 0.105 0.385 0.01541495373 2
0 0.105 0.395 0.01278658089 2
0 0.105 0.405 0.007838001251 2
0 0.105 0.415 0.003155083808 2
0 0.105 0.425 0 2
0 0.105 0.435 0 2
0 0.105 0.445 0 2
0 0.105 0.455 0 2
0 0.105 0.465 0 2
0 0.115 -0.455 0 1
0 0.115 -0.445 0 1
0 0.115 -0.435 0 1
0 0.115 -0.425 0 1
0 0.115 -0.415 0.002808244675 1
0 0.115 -0.405 0.007088283818 1
0 0.115 -0.395 0.01145023837 1
0 0.115 -0.385 0.01376318659 1
0 0.115 -0.375 0.01427309098 1
0 0.115 -0.365 0.01528160363 1
0 0.115 -0.355 0.01607469184 1
0 0.115 -0.345 0.01687119723 1
0 0.115 -0.335 0.01774649723 1
0 0.115 -0.325 0.01912503238 1
0 0.115 -0.315 0.02108144907 1
0 0.115 -0.305 0.02339741738 2
0 0.115 -0.295 0.02530663599 2
0 0.115 -0.285 0.02660757681 2
0 0.115 -0.275 0.02740084772 2
0 0.115 -0.265 0.02779958309 2
0 0.115 -0.255 0.02781737385 2
0 0.115 -0.245 0.02750949634 2
0 0.115 -0.235 0.02703771428 1
0 0.115 -0.225 0.02683627335 1
0 0.115 -0.215 0.02691722418 1
0 0.115 -0.205 0.02778460635 1
0 0.115 -0.195 0.02965870033 1
0 0.115 -0.185 0.03251810367 1
0 0.115 -0.175 0.03579976596 2
0 0.115 -0.165 0.03845587556 2
0 0.115 -0.155 0.04038871329 2
0 0.115 -0.145 0.04142812126 2
0 0.115 -0.135 0.04237102637 2
0 0.115 -0.125 0.04296811254 2
0 0.115 -0.115 0.04347983767 2
0 0.115 -0.105 0.04385585575 2
0 0.115 -0.095 0.0440680191 2
0 0.115 -0.085 0.04436971881 2
0 0.115 -0.075 0.04437298861 2
0 0.115 -0.065 0.04428454628 2
0 0.115 -0.055 0.04383889116 2
0 0.115 -0.045 0.04335078831 2
0 0.115 -0.035 0.04281088624 2
0 0.115 -0.025 0.04233973452 2
0 0.115 -0.015 0.04195127084 2
0 0.115 -0.005 0.04165230388 2
0 0.115 0.005 0.04141326189 2
0 0.115 0.015 0.04121118578 2
0 0.115 0.025 0.04103081157 2
0 0.115 0.035 0.04085881438 2
0 0.115 0.045 0.04068451128 2
0 0.115 0.055 0.04050055219 2
0 0.115 0.065 0.04030154201 2
0 0.115 0.075 0.04008377323 2
0 0.115 0.085 0.0398447639 2
0 0.115 0.095 0.03958294334 2
0 0.115 0.105 0.03929750318 2
0 0.115 0.115 0.03898828489 2
0 0.115 0.125 0.03865589694 2
0 0.115 0.135 0.03830171781 2
0 0.115 0.145 0.03792820981 2
0 0.115 0.155 0.03753627853 2
0 0.115 0.165 0.03713448723 2
0 0.115 0.175 0.03672004913 2
0 0.115 0.185 0.03630227304 2
0 0.115 0.195 0.03584400199 2
0 0.115 0.205 0.03534202297 2
0 0.115 0.215 0.03472535178 2
0 0.115 0.225 0.03402709897 2
0 0.115 0.235 0.03316027013 2
0 0.115 0.245 0.03220371277 2
0 0.115 0.255 0.03115642672 2
0 0.115 0.265 0.03011001876 2
0 0.115 0.275 0.02906714381 2
0 0.115 0.285 0.02809675772 2
0 0.115 0.295 0.02714866272 2
0 0.115 0.305 0.02623079727 2
0 0.115 0.315 0.0253093038 2
0 0.115 0.325 0.02435226836 2
0 0.115 0.335 0.02323831416 2
0 0.115 0.345 0.02192793704 2
0 0.115 0.355 0.02048035604 2
0 0.115 0.365 0.01906701076 2
0 0.115 0.375 0.01755769512 2
0 0.115 0.385 0.01687097523 2
0 0.115 0.395 0.01418428906 2
0 0.115 0.405 0.0087814397 2
0 0.115 0.415 0.003580717835 2
0 0.115 0.425 0 2
0 0.115 0.435 0 2
0 0.115 0.445 0 2
0 0.115 0.455 0 2
0 0.115 0.465 0 2
0 0.125 -0.455 0 1
0 0.125 -0.445 0 1
0 0.125 -0.435 0 1
0 0.125 -0.425 0 1
0 0.125 -0.415 0.003096512567 1
0 0.125 -0.405 0.007804978958 1
0 0.125 -0.395 0.01253007325 1
0 0.125 -0.385 0.01500934995 1
0 0.125 -0.375 0.01550350242 1
0 0.125 -0.365 0.01663389087 1
0 0.125 -0.355 0.01754023555 1
0 0.125 -0.345 0.01847379025 1
0 0.125 -0.335 0.01943529459 1
0 0.125 -0.325 0.02096307986 1
0 0.125 -0.315 0.02314679344 1
0 0.125 -0.305 0.0258458981 2
0 0.125 -0.295 0.02813899106 2
0 0.125 -0.285 0.0297736742 2
0 0.125 -0.275 0.03087229263 2
0 0.125 -0.265 0.03171162907 2
0 0.125 -0.255 0.0323151734 2
0 0.125 -0.245 0.03262046593 2
0 0.125 -0.235 0.03257889801 2
0 0.125 -0.225 0.03254282498 2
0 0.125 -0.215 0.03259905221 1
0 0.125 -0.205 0.03342244388 1
0 0.125 -0.195 0.03503123967 1
0 0.125 -0.185 0.03751510145 2
0 0.125 -0.175 0.03996110054 2
0 0.125 -0.165 0.04177419213 2
0 0.125 -0.155 0.0428024781 2
0 0.125 -0.145 0.04311828669 2
0 0.125 -0.135 0.04348379946 2
0 0.125 -0.125 0.04374010182 2
0 0.125 -0.115 0.04386271916 2
0 0.125 -0.105 0.04389906226 2
0 0.125 -0.095 0.04408699136 2
0 0.125 -0.085 0.0446878032 2
0 0.125 -0.075 0.04544319959 2
0 0.125 -0.065 0.04610743926 2
0 0.125 -0.055 0.04630954417 2
0 0.125 -0.045 0.04617585281 2
0 0.125 -0.035 0.04579982483 2
0 0.125 -0.025 0.04536801211 2
0 0.125 -0.015 0.0449829309 2
0 0.125 -0.005 0.04469466023 2
0 0.125 0.005 0.04448614547 2
0 0.125 0.015 0.04432800459 2
0 0.125 0.025 0.04419018859 2
0 0.125 0.035 0.04405826943 2
0 0.125 0.045 0.04391989105 2
0 0.125 0.055 0.04376732355 2
0 0.125 0.065 0.04359547543 2
0 0.125 0.075 0.04340112206 2
0 0.125 0.085 0.04318237003 2
0 0.125 0.095 0.04293817807 2
0 0.125 0.105 0.04266813773 2
0 0.125 0.115 0.04237231889 2
0 0.125 0.125 0.04205122796 2
0 0.125 0.135 0.04170568921 2
0 0.125 0.145 0.04133720656 2
0 0.125 0.155 0.04094651325 2
0 0.125 0.165 0.04053425619 2
0 0.125 0.175 0.04009635166 2
0 0.125 0.185 0.03963833258 2
0 0.125 0.195 0.03914916573 2
0 0.125 0.205 0.03862448859 2
0 0.125 0.215 0.03802134635 2
0 0.125 0.225 0.03733701925 2
0 0.125 0.235 0.03652783499 2
0 0.125 0.245 0.03561617214 2
0 0.125 0.255 0.0346032652 2
0 0.125 0.265 0.03354622991 2
0 0.125 0.275 0.03246331963 2
0 0.125 0.285 0.03139216134 2
0 0.125 0.295 0.03031482961 2
0 0.125 0.305 0.02923986703 2
0 0.125 0.315 0.02812830806 2
0 0.125 0.325 0.02692001506 2
0 0.125 0.335 0.02531287841 2
0 0.125 0.345 0.0234350841 2
0 0.125 0.355 0.02127985942 1
0 0.125 0.365 0.01952069302 1
0 0.125 0.375 0.01785138234 1
0 0.125 0.385 0.01741337885 1
0 0.125 0.395 0.01489734928 1
0 0.125 0.405 0.009397874211 2
0 0.125 0.415 0.003872162777 2
0 0.125 0.425 0 2
0 0.125 0.435 0 2
0 0.125 0.445 0 2
0 0.125 0.455 0 2
0 0.125 0.465 0 2
0 0.135 -0.455 0 1
0 0.135 -0.445 0 1
0 0.135 -0.435 0 1
0 0.135 -0.425 0 1
0 0.135 -0.415 0.003420239029 1
0 0.135 -0.405 0.008616963694 1
0 0.135 -0.395 0.01379472399 1
0 0.135 -0.385 0.01646267681 1
0 0.135 -0.375 0.01688141653 1
0 0.135 -0.365 0.01799832785 1
0 0.135 -0.355 0.01890323422 1
0 0.135 -0.345 0.01991280744 1
0 0.135 -0.335 0.02101751907 1
0 0.135 -0.325 0.02276489829 1
0 0.135 -0.315 0.02524865098 1
0 0.135 -0.305 0.02829222008 2
0 0.135 -0.295 0.03089882363 2
0 0.135 -0.285 0.03278049447 2
0 0.135 -0.275 0.03408243644 2
0 0.135 -0.265 0.0351803645 2
0 0.135 -0.255 0.03620389662 2
0 0.135 -0.245 0.03707800935 2
0 0.135 -0.235 0.0377546795 2
0 0.135 -0.225 0.03824322161 2
0 0.135 -0.215 0.03870825085 2
0 0.135 -0.205 0.03947919086 2
0 0.135 -0.195 0.04066848263 2
0 0.135 -0.185 0.04220728877 2
0 0.135 -0.175 0.04330206943 2
0 0.135 -0.165 0.0435623942 2
0 0.135 -0.155 0.04310948256 2
0 0.135 -0.145 0.04245230189 2
0 0.135 -0.135 0.04190138473 1
0 0.135 -0.125 0.04185059236 2
0 0.135 -0.115 0.04163594013 2
0 0.135 -0.105 0.04136771528 1
0 0.135 -0.095 0.04160182983 1
0 0.135 -0.085 0.04239590019 1
0 0.135 -0.075 0.04400376646 2
0 0.135 -0.065 0.04557438706 2
0 0.135 -0.055 0.04695731713 2
0 0.135 -0.045 0.04772226445 2
0 0.135 -0.035 0.04794381644 2
0 0.135 -0.025 0.04780459061 2
0 0.135 -0.015 0.04754233044 2
0 0.135 -0.005 0.04733889848 2
0 0.135 0.005 0.04719853728 2
0 0.135 0.015 0.04711008464 2
0 0.135 0.025 0.04703151884 2
0 0.135 0.035 0.04695053235 2
0 0.135 0.045 0.04685550232 2
0 0.135 0.055 0.04673900767 2
0 0.135 0.065 0.04659722628 2
0 0.135 0.075 0.0464280033 2
0 0.135 0.085 0.04623043724 2
0 0.135 0.095 0.04600424538 2
0 0.135 0.105 0.04574953402 2
0 0.135 0.115 0.0454666172 2
0 0.135 0.125 0.04515595995 2
0 0.135 0.135 0.04481798496 2
0 0.135 0.145 0.04445316977 2
0 0.135 0.155 0.04406135714 2
0 0.135 0.165 0.04364224597 2
0 0.135 0.175 0.04319277222 2
0 0.135 0.185 0.04270875697 2
0 0.135 0.195 0.04217978526 2
0 0.135 0.205 0.04159795372 2
0 0.135 0.215 0.04094585967 2
0 0.135 0.225 0.04021803515 2
0 0.135 0.235 0.0394018919 2
0 0.135 0.245 0.03850622014 2
0 0.135 0.255 0.03753633283 2
0 0.135 0.265 0.03651127265 2
0 0.135 0.275 0.03543777811 2
0 0.135 0.285 0.03432738453 2
0 0.135 0.295 0.03316693225 2
0 0.135 0.305 0.03195904991 2
0 0.135 0.315 0.03064984211 2
0 0.135 0.325 0.02910736024 2
0 0.135 0.335 0.02695372845 2
0 0.135 0.345 0.02446512924 2
0 0.135 0.355 0.02173651667 1
0 0.135 0.365 0.01974194239 1
0 0.135 0.375 0.01800947876 1
0 0.135 0.385 0.01771423353 1
0 0.135 0.395 0.01526872122 1
0 0.135 0.405 0.009741249696 2
0 0.135 0.415 0.004036514628 2
0 0.135 0.425 0 2
0 0.135 0.435 0 2
0 0.135 0.445 0 2
0 0.135 0.455 0 2
0 0.135 0.465 0 2
0 0.145 -0.455 0 2
0 0.145 -0.445 0 2
0 0.145 -0.435 0 1
0 0.145 -0.425 0 1
0 0.145 -0.415 0.00381895023 1
0 0.145 -0.405 0.009606297383 1
0 0.145 -0.395 0.01543844035 1
0 0.145 -0.385 0.01831321196 1
0 0.145 -0.375 0.01856550831 1
0 0.145 -0.365 0.01943428218 1
0 0.145 -0.355 0.02017525824 1
0 0.145 -0.345 0.02115838505 1
0 0.145 -0.335 0.02241127556 1
0 0.145 -0.325 0.02443138954 1
0 0.145 -0.315 0.02723205099 1
0 0.145 -0.305 0.03067546815 2
0 0.145 -0.295 0.03355455292 2
0 0.145 -0.285 0.03562534654 2
0 0.145 -0.275 0.03702366066 2
0 0.145 -0.265 0.03820539792 2
0 0.145 -0.255 0.03939121543 2
0 0.145 -0.245 0.04053097584 2
0 0.145 -0.235 0.04166233683 2
0 0.145 -0.225 0.0426059074 2
0 0.145 -0.215 0.0434866403 2
0 0.145 -0.205 0.04421703879 2
0 0.145 -0.195 0.0449970311 2
0 0.145 -0.185 0.04551100248 2
0 0.145 -0.175 0.04526469949 2
0 0.145 -0.165 0.04403190686 2
0 0.145 -0.155 0.04204627685 1
0 0.145 -0.145 0.04038233539 1
0 0.145 -0.135 0.0392151073 1
0 0.145 -0.125 0.03899062576 1
0 0.145 -0.115 0.03875389299 1
0 0.145 -0.105 0.03849727654 1
0 0.145 -0.095 0.03872908253 1
0 0.145 -0.085 0.03957909094 1
0 0.145 -0.075 0.04142965015 1
0 0.145 -0.065 0.04349730224 1
0 0.145 -0.055 0.0458675854 2
0 0.145 -0.045 0.04777854081 2
0 0.145 -0.035 0.04900281957 2
0 0.145 -0.025 0.04958856122 2
0 0.145 -0.015 0.0496538375 2
0 0.145 -0.005 0.04960015867 2
0 0.145 0.005 0.0495553619 2
0 0.145 0.015 0.04954874798 2
0 0.145 0.025 0.04954711273 2
0 0.145 0.035 0.04952728976 2
0 0.145 0.045 0.04948189177 2
0 0.145 0.055 0.04940488641 2
0 0.145 0.065 0.04929488344 2
0 0.145 0.075 0.04915150482 2
0 0.145 0.085 0.04897528253 2
0 0.145 0.095 0.0487669382 2
0 0.145 0.105 0.04852722118 2
0 0.145 0.115 0.04825675219 2
0 0.145 0.125 0.04795597847 2
0 0.145 0.135 0.04762506235 2
0 0.145 0.145 0.04726381581 2
0 0.145 0.155 0.04687133251 2
0 0.145 0.165 0.04644612941 2
0 0.145 0.175 0.04598523338 2
0 0.145 0.185 0.04548466077 2
0 0.145 0.195 0.0449372895 2
0 0.145 0.205 0.04433580209 2
0 0.145 0.215 0.04366976867 2
0 0.145 0.225 0.04293327381 2
0 0.145 0.235 0.0421197344 2
0 0.145 0.245 0.04123090654 2
0 0.145 0.255 0.04026876829 2
0 0.145 0.265 0.03924027154 2
0 0.145 0.275 0.03814641712 2
0 0.145 0.285 0.03698863234 2
0 0.145 0.295 0.03574942153 2
0 0.145 0.305 0.03442600501 2
0 0.145 0.315 0.03293318869 2
0 0.145 0.325 0.03102321831 2
0 0.145 0.335 0.02838681263 2
0 0.145 0.345 0.02527621077 1
0 0.145 0.355 0.02231195377 1
0 0.145 0.365 0.02022117435 1
0 0.145 0.375 0.01853145247 1
0 0.145 0.385 0.01821272325 1
0 0.145 0.395 0.01563933005 1
0 0.145 0.405 0.009949572277 1
0 0.145 0.415 0.004128221848 2
0 0.145 0.425 0 2
0 0.145 0.435 0 2
0 0.145 0.445 0 2
0 0.145 0.455 0 2
0 0.145 0.465 0 2
0 0.155 -0.455 0 2
0 0.155 -0.445 0 2
0 0.155 -0.435 0 2
0 0.155 -0.425 0 2
0 0.155 -0.415 0.004279373787 2
0 0.155 -0.405 0.01074585998 2
0 0.155 -0.395 0.01740244659 2
0 0.155 -0.385 0.02059572488 2
0 0.155 -0.375 0.0207430253 2
0 0.155 -0.365 0.02123813833 1
0 0.155 -0.355 0.02164135307 1
0 0.155 -0.345 0.02250054062 1
0 0.155 -0.335 0.02397631634 1
0 0.155 -0.325 0.02636607594 1
0 0.155 -0.315 0.02952477983 1
0 0.155 -0.305 0.03322204241 2
0 0.155 -0.295 0.03620076333 2
0 0.155 -0.285 0.03830756656 2
0 0.155 -0.275 0.03970756041 2
0 0.155 -0.265 0.04087806842 2
0 0.155 -0.255 0.04205751844 2
0 0.155 -0.245 0.04320290762 2
0 0.155 -0.235 0.04437070409 2
0 0.155 -0.225 0.04544182699 2
0 0.155 -0.215 0.04644344559 2
0 0.155 -0.205 0.04711664115 2
0 0.155 -0.195 0.04751634114 2
0 0.155 -0.185 0.0473521337 2
0 0.155 -0.175 0.04624191019 2
0 0.155 -0.165 0.04411236547 2
0 0.155 -0.155 0.0411569712 1
0 0.155 -0.145 0.03891679334 1
0 0.155 -0.135 0.03764418424 1
0 0.155 -0.125 0.03730028477 1
0 0.155 -0.115 0.03720622435 1
0 0.155 -0.105 0.03724432549 1
0 0.155 -0.095 0.03747731114 1
0 0.155 -0.085 0.0381524828 1
0 0.155 -0.075 0.03945099394 1
0 0.155 -0.065 0.04137809295 1
0 0.155 -0.055 0.04399361909 1
0 0.155 -0.045 0.04680206935 2
0 0.155 -0.035 0.049077828 2
0 0.155 -0.025 0.05053593845 2
0 0.155 -0.015 0.05121227969 2
0 0.155 -0.005 0.05141547022 2
0 0.155 0.005 0.05154026217 2
0 0.155 0.015 0.05164237803 2
0 0.155 0.025 0.05173576554 2
0 0.155 0.035 0.05178581828 2
0 0.155 0.045 0.05179386124 2
0 0.155 0.055 0.05175751984 2
0 0.155 0.065 0.05167916841 2
0 0.155 0.075 0.05156095937 2
0 0.155 0.085 0.05140525567 2
0 0.155 0.095 0.05121398398 2
0 0.155 0.105 0.05098862956 2
0 0.155 0.115 0.05073017008 2
0 0.155 0.125 0.05043909006 2
0 0.155 0.135 0.05011534989 2
0 0.155 0.145 0.04975837028 2
0 0.155 0.155 0.04936687097 2
0 0.155 0.165 0.04893879654 2
0 0.155 0.175 0.04847094628 2
0 0.155 0.185 0.04795918103 2
0 0.155 0.195 0.04739795684 2
0 0.155 0.205 0.04678148649 2
0 0.155 0.215 0.04610326482 2
0 0.155 0.225 0.04535863317 2
0 0.155 0.235 0.04454348971 2
0 0.155 0.245 0.04365684136 2
0 0.155 0.255 0.04269779924 2
0 0.155 0.265 0.04166649981 2
0 0.155 0.275 0.0405583271 2
0 0.155 0.285 0.0393683971 2
0 0.155 0.295 0.03807193917 2
0 0.155 0.305 0.0366686273 2
0 0.155 0.315 0.03503633015 2
0 0.155 0.325 0.03281108187 2
0 0.155 0.335 0.02982847147 2
0 0.155 0.345 0.02632556534 1
0 0.155 0.355 0.02334179776 1
0 0.155 0.365 0.02122420587 1
0 0.155 0.375 0.01954267253 1
0 0.155 0.385 0.01904696367 1
0 0.155 0.395 0.01622419911 1
0 0.155 0.405 0.01024254283 1
0 0.155 0.415 0.004233051836 2
0 0.155 0.425 0 2
0 0.155 0.435 0 2
0 0.155 0.445 0 2
0 0.155 0.455 0 2
0 0.155 0.465 0 2
0 0.165 -0.455 0 2
0 0.165 -0.445 0 2
0 0.165 -0.435 0 2
0 0.165 -0.425 0 2
0 0.165 -0.415 0.004702161865 2
0 0.165 -0.405 0.01179478259 2
0 0.165 -0.395 0.01922204428 2
0 0.165 -0.385 0.02283392117 2
0 0.165 -0.375 0.02307994873 2
0 0.165 -0.365 0.02359150595 1
0 0.165 -0.355 0.02390282224 1
0 0.165 -0.345 0.02484894534 1
0 0.165 -0.335 0.02660786823 1
0 0.165 -0.325 0.0292314288 1
0 0.165 -0.315 0.03259690667 1
0 0.165 -0.305 0.03609265986 2
0 0.165 -0.295 0.03890813286 2
0 0.165 -0.285 0.04082592852 2
0 0.165 -0.275 0.0421172371 2
0 0.165 -0.265 0.04320929077 2
0 0.165 -0.255 0.0443117282 2
0 0.165 -0.245 0.04537455372 2
0 0.165 -0.235 0.04642038647 2
0 0.165 -0.225 0.04736600401 2
0 0.165 -0.215 0.04817118598 2
0 0.165 -0.205 0.0486769842 2
0 0.165 -0.195 0.04883957698 2
0 0.165 -0.185 0.04845777037 2
0 0.165 -0.175 0.04701778275 2
0 0.165 -0.165 0.04454132725 2
0 0.165 -0.155 0.04127961571 1
0 0.165 -0.145 0.03897395593 1
0 0.165 -0.135 0.03774036947 1
0 0.165 -0.125 0.03752362264 1
0 0.165 -0.115 0.03759238317 1
0 0.165 -0.105 0.03782770676 1
0 0.165 -0.095 0.03811476251 1
0 0.165 -0.085 0.03853492691 1
0 0.165 -0.075 0.0391399775 1
0 0.165 -0.065 0.04037444843 1
0 0.165 -0.055 0.04247660335 1
0 0.165 -0.045 0.04540178564 1
0 0.165 -0.035 0.04858057351 2
0 0.165 -0.025 0.05076314347 2
0 0.165 -0.015 0.05221987369 2
0 0.165 -0.005 0.05281344094 2
0 0.165 0.005 0.05317168104 2
0 0.165 0.015 0.05340866401 2
0 0.165 0.025 0.05360705548 2
0 0.165 0.035 0.05372986146 2
0 0.165 0.045 0.05379039793 2
0 0.165 0.055 0.05379242061 2
0 0.165 0.065 0.05374309889 2
0 0.165 0.075 0.05364765619 2
0 0.165 0.085 0.05351050165 2
0 0.165 0.095 0.05333483912 2
0 0.165 0.105 0.05312289276 2
0 0.165 0.115 0.05287598101 2
0 0.165 0.125 0.05259463109 2
0 0.165 0.135 0.05227864023 2
0 0.165 0.145 0.05192712344 2
0 0.165 0.155 0.05153849459 2
0 0.165 0.165 0.0511104729 2
0 0.165 0.175 0.05063998522 2
0 0.165 0.185 0.05012327672 2
0 0.165 0.195 0.04955586633 2
0 0.165 0.205 0.04893307872 2
0 0.165 0.215 0.04825010987 2
0 0.165 0.225 0.047502981 2
0 0.165 0.235 0.04668819371 2
0 0.165 0.245 0.0458033749 2
0 0.165 0.255 0.04484575243 2
0 0.165 0.265 0.04381225622 2
0 0.165 0.275 0.04269497276 2
0 0.165 0.285 0.04148659391 2
0 0.165 0.295 0.04015611258 2
0 0.165 0.305 0.03871592278 2
0 0.165 0.315 0.03700106025 2
0 0.165 0.325 0.03458538693 2
0 0.165 0.335 0.03133609775 2
0 0.165 0.345 0.0275816475 1
0 0.165 0.355 0.0244710588 1
0 0.165 0.365 0.02230325137 1
0 0.165 0.375 0.02055823674 1
0 0.165 0.385 0.01989996921 1
0 0.165 0.395 0.01683128308 1
0 0.165 0.405 0.01055241923 1
0 0.165 0.415 0.004347366002 2
0 0.165 0.425 0 2
0 0.165 0.435 0 2
0 0.165 0.445 0 2
0 0.165 0.455 0 2
0 0.165 0.465 0 2
0 0.175 -0.455 0 2
0 0.175 -0.445 0 2
0 0.175 -0.435 0 2
0 0.175 -0.425 0 2
0 0.175 -0.415 0.005031859249 2
0 0.175 -0.405 0.01262290975 2
0 0.175 -0.395 0.0206256858 2
0 0.175 -0.385 0.0247101944 2
0 0.175 -0.375 0.02533263222 2
0 0.175 -0.365 0.02639391552 2
0 0.175 -0.355 0.02707271597 1
0 0.175 -0.345 0.02838708331 1
0 0.175 -0.335 0.03045841927 1
0 0.175 -0.325 0.03316404524 1
0 0.175 -0.315 0.03635582237 2
0 0.175 -0.305 0.03922638433 2
0 0.175 -0.295 0.04156375844 2
0 0.175 -0.285 0.04308953102 2
0 0.175 -0.275 0.04420253196 2
0 0.175 -0.265 0.04520506131 2
0 0.175 -0.255 0.04623497395 2
0 0.175 -0.245 0.04721092913 2
0 0.175 -0.235 0.04812341795 2
0 0.175 -0.225 0.04891614759 2
0 0.175 -0.215 0.04954246348 2
0 0.175 -0.205 0.04991021565 2
0 0.175 -0.195 0.04993925249 2
0 0.175 -0.185 0.04949277162 2
0 0.175 -0.175 0.04811479615 2
0 0.175 -0.165 0.04577603647 2
0 0.175 -0.155 0.04261940875 1
0 0.175 -0.145 0.04036426358 1
0 0.175 -0.135 0.03909038034 1
0 0.175 -0.125 0.03889434378 1
0 0.175 -0.115 0.03899269569 1
0 0.175 -0.105 0.03917296246 1
0 0.175 -0.095 0.03940302488 1
0 0.175 -0.085 0.03969454011 1
0 0.175 -0.075 0.04002909813 1
0 0.175 -0.065 0.04066455213 1
0 0.175 -0.055 0.04207717417 1
0 0.175 -0.045 0.04439538068 1
0 0.175 -0.035 0.04782658161 2
0 0.175 -0.025 0.05061772437 2
0 0.175 -0.015 0.05278007558 2
0 0.175 -0.005 0.05385974154 2
0 0.175 0.005 0.05448091821 2
0 0.175 0.015 0.05487636997 2
0 0.175 0.025 0.05517781602 2
0 0.175 0.035 0.05536753727 2
0 0.175 0.045 0.05547329556 2
0 0.175 0.055 0.05550708495 2
0 0.175 0.065 0.0554812971 2
0 0.175 0.075 0.05540433847 2
0 0.175 0.085 0.05528258567 2
0 0.175 0.095 0.05512039862 2
0 0.175 0.105 0.05492061549 2
0 0.175 0.115 0.05468478832 2
0 0.175 0.125 0.05441341276 2
0 0.175 0.135 0.05410608668 2
0 0.175 0.145 0.05376163762 2
0 0.175 0.155 0.05337820497 2
0 0.175 0.165 0.05295332144 2
0 0.175 0.175 0.05248396295 2
0 0.175 0.185 0.0519666768 2
0 0.175 0.195 0.05139767676 2
0 0.175 0.205 0.05077312285 2
0 0.175 0.215 0.05008924224 2
0 0.175 0.225 0.04934266825 2
0 0.175 0.235 0.04853026737 2
0 0.175 0.245 0.04764919759 2
0 0.175 0.255 0.04669585056 2
0 0.175 0.265 0.04566595777 2
0 0.175 0.275 0.04455014482 2
0 0.175 0.285 0.0433412316 2
0 0.175 0.295 0.04200298684 2
0 0.175 0.305 0.04056009343 2
0 0.175 0.315 0.03880037909 2
0 0.175 0.325 0.03628345094 2
0 0.175 0.335 0.03284484449 2
0 0.175 0.345 0.02886680316 1
0 0.175 0.355 0.02553377808 1
0 0.175 0.365 0.02322056107 1
0 0.175 0.375 0.02135322633 1
0 0.175 0.385 0.02060226203 1
0 0.175 0.395 0.01737952895 1
0 0.175 0.405 0.01085798308 1
0 0.175 0.415 0.004470619691 2
0 0.175 0.425 0 2
0 0.175 0.435 0 2
0 0.175 0.445 0 2
0 0.175 0.455 0 2
0 0.175 0.465 0 2
0 0.185 -0.455 0 2
0 0.185 -0.445 0 2
0 0.185 -0.435 0 2
0 0.185 -0.425 0 2
0 0.185 -0.415 0.00526186004 2
0 0.185 -0.405 0.0132042265 2
0 0.185 -0.395 0.02158396019 2
0 0.185 -0.385 0.02605478843 2
0 0.185 -0.375 0.0271877955 2
0 0.185 -0.365 0.02907085869 2
0 0.185 -0.355 0.03060069302 2
0 0.185 -0.345 0.03252795235 2
0 0.185 -0.335 0.03481005828 2
0 0.185 -0.325 0.03733921211 2
0 0.185 -0.315 0.03992938168 2
0 0.185 -0.305 0.04208139995 2
0 0.185 -0.295 0.0437791763 2
0 0.185 -0.285 0.04492035318 2
0 0.185 -0.275 0.04589448914 2
0 0.185 -0.265 0.04683684022 2
0 0.185 -0.255 0.04780908547 2
0 0.185 -0.245 0.04872863445 2
0 0.185 -0.235 0.04957482377 2
0 0.185 -0.225 0.0502999633 2
0 0.185 -0.215 0.05085958253 2
0 0.185 -0.205 0.05118729228 2
0 0.185 -0.195 0.05121664543 2
0 0.185 -0.185 0.05083307832 2
0 0.185 -0.175 0.04972150094 2
0 0.185 -0.165 0.04758696173 2
0 0.185 -0.155 0.04467396505 1
0 0.185 -0.145 0.04209808498 1
0 0.185 -0.135 0.04066613205 1
0 0.185 -0.125 0.04021767984 1
0 0.185 -0.115 0.04025362008 1
0 0.185 -0.105 0.04036493436 1
0 0.185 -0.095 0.04054943923 1
0 0.185 -0.085 0.04077123774 1
0 0.185 -0.075 0.0410376141 1
0 0.185 -0.065 0.04138465651 1
0 0.185 -0.055 0.04224076357 1
0 0.185 -0.045 0.0440833884 1
0 0.185 -0.035 0.04713453927 1
0 0.185 -0.025 0.05047279341 2
0 0.185 -0.015 0.05309832086 2
0 0.185 -0.005 0.05466985309 2
0 0.185 0.005 0.05554382377 2
0 0.185 0.015 0.05608876931 2
0 0.185 0.025 0.05647078773 2
0 0.185 0.035 0.05670923343 2
0 0.185 0.045 0.05684544999 2
0 0.185 0.055 0.05689977412 2
0 0.185 0.065 0.05688914838 2
0 0.185 0.075 0.05682462073 2
0 0.185 0.085 0.05671408126 2
0 0.185 0.095 0.05656269828 2
0 0.185 0.105 0.05637365377 2
0 0.185 0.115 0.05614852401 2
0 0.185 0.125 0.0558876124 2
0 0.185 0.135 0.05559019499 2
0 0.185 0.145 0.05525472768 2
0 0.185 0.155 0.0548790161 2
0 0.185 0.165 0.05446037205 2
0 0.185 0.175 0.05399574799 2
0 0.185 0.185 0.05348188884 2
0 0.185 0.195 0.05291545979 2
0 0.185 0.205 0.05229321345 2
0 0.185 0.215 0.05161206988 2
0 0.185 0.225 0.05086921727 2
0 0.185 0.235 0.0500619518 2
0 0.185 0.245 0.04918758812 2
0 0.185 0.255 0.04824260322 2
0 0.185 0.265 0.04722301145 2
0 0.185 0.275 0.04611986782 2
0 0.185 0.285 0.04492862656 2
0 0.185 0.295 0.04361149252 2
0 0.185 0.305 0.04220728612 2
0 0.185 0.315 0.04046559477 2
0 0.185 0.325 0.03789090125 2
0 0.185 0.335 0.03432041219 2
0 0.185 0.345 0.03008805959 1
0 0.185 0.355 0.02654277341 1
0 0.185 0.365 0.02403328289 1
0 0.185 0.375 0.02203802021 1
0 0.185 0.385 0.02118233104 1
0 0.185 0.395 0.01784039627 1
0 0.185 0.405 0.01110931721 1
0 0.185 0.415 0.004570553126 2
0 0.185 0.425 0 2
0 0.185 0.435 0 2
0 0.185 0.445 0 2
0 0.185 0.455 0 2
0 0.185 0.465 0 2
0 0.195 -0.455 0 2
0 0.195 -0.445 0 2
0 0.195 -0.435 0 2
0 0.195 -0.425 0 2
0 0.195 -0.415 0.005425027459 2
0 0.195 -0.405 0.01360404127 2
0 0.195 -0.395 0.02223641072 2
0 0.195 -0.385 0.026947816 2
0 0.195 -0.375 0.0284793233 2
0 0.195 -0.365 0.0309818318 2
0 0.195 -0.355 0.03320074367 2
0 0.195 -0.345 0.0355895495 2
0 0.195 -0.335 0.03798683976 2
0 0.195 -0.325 0.04031957815 2
0 0.195 -0.315 0.04235921263 2
0 0.195 -0.305 0.04398558381 2
0 0.195 -0.295 0.045241069 2
0 0.195 -0.285 0.04622454433 2
0 0.195 -0.275 0.04715781856 2
0 0.195 -0.265 0.04809547854 2
0 0.195 -0.255 0.04903908986 2
0 0.195 -0.245 0.04992931265 2
0 0.195 -0.235 0.05074292614 2
0 0.195 -0.225 0.05144193321 2
0 0.195 -0.215 0.05199074049 2
0 0.195 -0.205 0.05234246611 2
0 0.195 -0.195 0.05246675667 2
0 0.195 -0.185 0.05227612663 2
0 0.195 -0.175 0.05157981089 2
0 0.195 -0.165 0.04982850974 2
0 0.195 -0.155 0.04736683482 2
0 0.195 -0.145 0.0443362601 1
0 0.195 -0.135 0.0423873883 1
0 0.195 -0.125 0.04135798558 1
0 0.195 -0.115 0.04110327501 1
0 0.195 -0.105 0.04110958252 1
0 0.195 -0.095 0.04125909629 1
0 0.195 -0.085 0.04147018281 1
0 0.195 -0.075 0.04175611921 1
0 0.195 -0.065 0.04209178582 1
0 0.195 -0.055 0.0426516382 1
0 0.195 -0.045 0.04432498791 1
0 0.195 -0.035 0.04698712926 1
0 0.195 -0.025 0.05066510608 2
0 0.195 -0.015 0.05352939476 2
0 0.195 -0.005 0.05544404246 2
0 0.195 0.005 0.05645573441 2
0 0.195 0.015 0.05708802808 2
0 0.195 0.025 0.05750642828 2
0 0.195 0.035 0.05776310318 2
0 0.195 0.045 0.05790825317 2
0 0.195 0.055 0.05796796619 2
0 0.195 0.065 0.05796184039 2
0 0.195 0.075 0.05790236638 2
0 0.195 0.085 0.0577981505 2
0 0.195 0.095 0.05765462482 2
0 0.195 0.105 0.05747491913 2
0 0.195 0.115 0.0572603327 2
0 0.195 0.125 0.05701073713 2
0 0.195 0.135 0.05672488921 2
0 0.195 0.145 0.05640070615 2
0 0.195 0.155 0.05603550874 2
0 0.195 0.165 0.05562624932 2
0 0.195 0.175 0.05516971177 2
0 0.195 0.185 0.05466269738 2
0 0.195 0.195 0.05410216356 2
0 0.195 0.205 0.0534853371 2
0 0.195 0.215 0.05280974192 2
0 0.195 0.225 0.0520731913 2
0 0.195 0.235 0.0512736134 2
0 0.195 0.245 0.05040895302 2
0 0.195 0.255 0.04947647266 2
0 0.195 0.265 0.04847344706 2
0 0.195 0.275 0.04739285727 2
0 0.195 0.285 0.046234351 2
0 0.195 0.295 0.04496366602 2
0 0.195 0.305 0.04362979499 2
0 0.195 0.315 0.04195872582 2
0 0.195 0.325 0.03943921179 2
0 0.195 0.335 0.035878118 2
0 0.195 0.345 0.03150675232 1
0 0.195 0.355 0.02767070553 1
0 0.195 0.365 0.02479426973 1
0 0.195 0.375 0.02247465687 1
0 0.195 0.385 0.02148210199 1
0 0.195 0.395 0.01806704089 1
0 0.195 0.405 0.01123580932 1
0 0.195 0.415 0.004626905247 2
0 0.195 0.425 0 2
0 0.195 0.435 0 2
0 0.195 0.445 0 2
0 0.195 0.455 0 2
0 0.195 0.465 0 2
0 0.205 -0.455 0 2
0 0.205 -0.445 0 2
0 0.205 -0.435 0 2
0 0.205 -0.425 0 2
0 0.205 -0.415 0.005468676799 2
0 0.205 -0.405 0.01373414337 2
0 0.205 -0.395 0.02251032145 2
0 0.205 -0.385 0.02739039855 2
0 0.205 -0.375 0.02915209297 2
0 0.205 -0.365 0.03196249483 2
0 0.205 -0.355 0.0344915684 2
0 0.205 -0.345 0.03708656441 2
0 0.205 -0.335 0.03948597444 2
0 0.205 -0.325 0.04162491281 2
0 0.205 -0.315 0.04338255799 2
0 0.205 -0.305 0.04481758091 2
0 0.205 -0.295 0.04599505007 2
0 0.205 -0.285 0.04702813657 2
0 0.205 -0.275 0.0480084966 2
0 0.205 -0.265 0.04898002648 2
0 0.205 -0.255 0.04992560928 2
0 0.205 -0.245 0.05081722269 2
0 0.205 -0.235 0.05163413468 2
0 0.205 -0.225 0.05234761255 2
0 0.205 -0.215 0.05293112833 2
0 0.205 -0.205 0.05335409954 2
0 0.205 -0.195 0.05361444116 2
0 0.205 -0.185 0.05365581497 2
0 0.205 -0.175 0.05339573832 2
0 0.205 -0.165 0.05228200859 2
0 0.205 -0.155 0.05040398847 2
0 0.205 -0.145 0.04749539493 1
0 0.205 -0.135 0.04487768345 1
0 0.205 -0.125 0.04309481076 1
0 0.205 -0.115 0.04226569241 1
0 0.205 -0.105 0.04196919019 1
0 0.205 -0.095 0.04203806723 1
0 0.205 -0.085 0.04212804463 1
0 0.205 -0.075 0.04236601169 1
0 0.205 -0.065 0.04270390687 1
0 0.205 -0.055 0.04313356067 1
0 0.205 -0.045 0.04475289308 1
0 0.205 -0.035 0.04737346346 1
0 0.205 -0.025 0.05124060463 2
0 0.205 -0.015 0.05425950546 2
0 0.205 -0.005 0.05629556243 2
0 0.205 0.005 0.05729083645 2
0 0.205 0.015 0.05790245282 2
0 0.205 0.025 0.05829577746 2
0 0.205 0.035 0.05853116926 2
0 0.205 0.045 0.0586594665 2
0 0.205 0.055 0.05870712967 2
0 0.205 0.065 0.0586935978 2
0 0.205 0.075 0.05863117656 2
0 0.205 0.085 0.0585281869 2
0 0.205 0.095 0.05838966559 2
0 0.205 0.105 0.05821821185 2
0 0.205 0.115 0.05801448051 2
0 0.205 0.125 0.0577776081 2
0 0.205 0.135 0.05750556768 2
0 0.205 0.145 0.05719549738 2
0 0.205 0.155 0.05684400727 2
0 0.205 0.165 0.05644748449 2
0 0.205 0.175 0.05600235707 2
0 0.205 0.185 0.05550533256 2
0 0.205 0.195 0.05495354653 2
0 0.205 0.205 0.05434465295 2
0 0.205 0.215 0.05367679698 2
0 0.205 0.225 0.0529485396 2
0 0.205 0.235 0.05215865417 2
0 0.205 0.245 0.05130604761 2
0 0.205 0.255 0.05038921921 2
0 0.205 0.265 0.04940723533 2
0 0.205 0.275 0.04835603441 2
0 0.205 0.285 0.04724022021 2
0 0.205 0.295 0.04603459974 2
0 0.205 0.305 0.04480658488 2
0 0.205 0.315 0.04329830718 2
0 0.205 0.325 0.04103460282 2
0 0.205 0.335 0.03764946623 2
0 0.205 0.345 0.03341054166 1
0 0.205 0.355 0.02914475244 1
0 0.205 0.365 0.02580923788 1
0 0.205 0.375 0.02298373515 1
0 0.205 0.385 0.02178323498 1
0 0.205 0.395 0.01823664566 1
0 0.205 0.405 0.01133447434 1
0 0.205 0.415 0.004669261264 2
0 0.205 0.425 0 2
0 0.205 0.435 0 2
0 0.205 0.445 0 2
0 0.205 0.455 0 2
0 0.205 0.465 0 2
0 0.215 -0.455 0 2
0 0.215 -0.445 0 2
0 0.215 -0.435 0 2
0 0.215 -0.425 0 2
0 0.215 -0.415 0.005364318662 2
0 0.215 -0.405 0.01349815574 2
0 0.215 -0.395 0.02218338887 2
0 0.215 -0.385 0.02718215531 2
0 0.215 -0.375 0.02918871802 2
0 0.215 -0.365 0.03221827458 2
0 0.215 -0.355 0.03479720087 2
0 0.215 -0.345 0.03735315383 2
0 0.215 -0.335 0.03968703795 2
0 0.215 -0.325 0.04176100305 2
0 0.215 -0.315 0.04351448098 2
0 0.215 -0.305 0.04499715454 2
0 0.215 -0.295 0.04626519501 2
0 0.215 -0.285 0.0474080423 2
0 0.215 -0.275 0.04847592364 2
0 0.215 -0.265 0.04949715687 2
0 0.215 -0.255 0.05046737236 2
0 0.215 -0.245 0.05138297426 2
0 0.215 -0.235 0.05222896616 2
0 0.215 -0.225 0.05298513907 2
0 0.215 -0.215 0.05363120834 2
0 0.215 -0.205 0.05414840977 2
0 0.215 -0.195 0.05454394996 2
0 0.215 -0.185 0.05480993682 2
0 0.215 -0.175 0.05492857794 2
0 0.215 -0.165 0.05456514521 2
0 0.215 -0.155 0.05342155883 2
0 0.215 -0.145 0.05139723655 2
0 0.215 -0.135 0.04887537967 1
0 0.215 -0.125 0.04670187159 1
0 0.215 -0.115 0.0453306992 1
0 0.215 -0.105 0.04461395098 1
0 0.215 -0.095 0.04443273059 1
0 0.215 -0.085 0.04438121757 1
0 0.215 -0.075 0.04434942222 1
0 0.215 -0.065 0.04431523649 1
0 0.215 -0.055 0.04456316544 1
0 0.215 -0.045 0.04613767231 1
0 0.215 -0.035 0.04891095671 1
0 0.215 -0.025 0.05264701466 2
0 0.215 -0.015 0.05546165949 2
0 0.215 -0.005 0.05722324245 2
0 0.215 0.005 0.05804770996 2
0 0.215 0.015 0.05852518956 2
0 0.215 0.025 0.05883071903 2
0 0.215 0.035 0.05900523437 2
0 0.215 0.045 0.05909124923 2
0 0.215 0.055 0.05910969511 2
0 0.215 0.065 0.05907709083 2
0 0.215 0.075 0.059004024 2
0 0.215 0.085 0.05889757193 2
0 0.215 0.095 0.05876173864 2
0 0.215 0.105 0.05859810285 2
0 0.215 0.115 0.05840628511 2
0 0.215 0.125 0.05818434672 2
0 0.215 0.135 0.05792916105 2
0 0.215 0.145 0.05763677977 2
0 0.215 0.155 0.05730279383 2
0 0.215 0.165 0.05692274111 2
0 0.215 0.175 0.05649244444 2
0 0.215 0.185 0.05600834967 2
0 0.215 0.195 0.05546768513 2
0 0.215 0.205 0.05486855653 2
0 0.215 0.215 0.05420983713 2
0 0.215 0.225 0.05349101795 2
0 0.215 0.235 0.05271192768 2
0 0.215 0.245 0.05187264054 2
0 0.215 0.255 0.05097306592 2
0 0.215 0.265 0.0500140803 2
0 0.215 0.275 0.04899472329 2
0 0.215 0.285 0.0479236573 2
0 0.215 0.295 0.04678691233 2
0 0.215 0.305 0.04566759921 2
0 0.215 0.315 0.04437403542 2
0 0.215 0.325 0.04252457773 2
0 0.215 0.335 0.03955546096 2
0 0.215 0.345 0.03579255628 2
0 0.215 0.355 0.03137038091 1
0 0.215 0.365 0.02770542333 1
0 0.215 0.375 0.02433123185 1
0 0.215 0.385 0.02272542131 1
0 0.215 0.395 0.01886921315 1
0 0.215 0.405 0.01167357999 2
0 0.215 0.415 0.00479269798 2
0 0.215 0.425 0 2
0 0.215 0.435 0 2
0 0.215 0.445 0 2
0 0.215 0.455 0 2
0 0.215 0.465 0 2
0 0.225 -0.455 0 2
0 0.225 -0.445 0 2
0 0.225 -0.435 0 2
0 0.225 -0.425 0 1
0 0.225 -0.415 0.005100986319 1
0 0.225 -0.405 0.01281912279 1
0 0.225 -0.395 0.02120319109 1
0 0.225 -0.385 0.02639271329 2
0 0.225 -0.375 0.02878192031 2
0 0.225 -0.365 0.03202024768 2
0 0.225 -0.355 0.03464689654 2
0 0.225 -0.345 0.03714620275 2
0 0.225 -0.335 0.03942906376 2
0 0.225 -0.325 0.04148862182 2
0 0.225 -0.315 0.04328384562 2
0 0.225 -0.305 0.04485578435 2
0 0.225 -0.295 0.04623436702 2
0 0.225 -0.285 0.04746934794 2
0 0.225 -0.275 0.04860062371 2
0 0.225 -0.265 0.0496605849 2
0 0.225 -0.255 0.05066662298 2
0 0.225 -0.245 0.05162355413 2
0 0.225 -0.235 0.05252274766 2
0 0.225 -0.225 0.05334940456 2
0 0.225 -0.215 0.0540817339 2
0 0.225 -0.205 0.05470600667 2
0 0.225 -0.195 0.05522299758 2
0 0.225 -0.185 0.05566322752 2
0 0.225 -0.175 0.05603763752 2
0 0.225 -0.165 0.05627385069 2
0 0.225 -0.155 0.0560174185 2
0 0.225 -0.145 0.05514781767 2
0 0.225 -0.135 0.05365536791 2
0 0.225 -0.125 0.05197966715 1
0 0.225 -0.115 0.05066498473 1
0 0.225 -0.105 0.0498762102 1
0 0.225 -0.095 0.04934426412 1
0 0.225 -0.085 0.04933157107 1
0 0.225 -0.075 0.04899238727 1
0 0.225 -0.065 0.0483964774 1
0 0.225 -0.055 0.04837917721 1
0 0.225 -0.045 0.04950171127 1
0 0.225 -0.035 0.05204398154 1
0 0.225 -0.025 0.05488028689 2
0 0.225 -0.015 0.05704530148 2
0 0.225 -0.005 0.05819068759 2
0 0.225 0.005 0.05867254363 2
0 0.225 0.015 0.05891992202 2
0 0.225 0.025 0.05908754668 2
0 0.225 0.035 0.05916927612 2
0 0.225 0.045 0.05919142469 2
0 0.225 0.055 0.05916557825 2
0 0.225 0.065 0.05910349435 2
0 0.225 0.075 0.05901310494 2
0 0.225 0.085 0.0588994821 2
0 0.225 0.095 0.05876503859 2
0 0.225 0.105 0.05860983777 2
0 0.225 0.115 0.05843208163 2
0 0.225 0.125 0.0582284135 2
0 0.225 0.135 0.05799426489 2
0 0.225 0.145 0.05772423417 2
0 0.225 0.155 0.05741247884 2
0 0.225 0.165 0.05705329867 2
0 0.225 0.175 0.05664155515 2
0 0.225 0.185 0.05617322794 2
0 0.225 0.195 0.05564556261 2
0 0.225 0.205 0.05505723105 2
0 0.225 0.215 0.05440805082 2
0 0.225 0.225 0.05369872997 2
0 0.225 0.235 0.05293039689 2
0 0.225 0.245 0.05210442252 2
0 0.225 0.255 0.05122206856 2
0 0.225 0.265 0.05028562634 2
0 0.225 0.275 0.04929660138 2
0 0.225 0.285 0.04826574227 2
0 0.225 0.295 0.04718987636 2
0 0.225 0.305 0.0461459292 2
0 0.225 0.315 0.04503730142 2
0 0.225 0.325 0.04361683373 2
0 0.225 0.335 0.0412593136 2
0 0.225 0.345 0.03806976909 2
0 0.225 0.355 0.03406035718 1
0 0.225 0.365 0.03036767829 1
0 0.225 0.375 0.02666081451 1
0 0.225 0.385 0.02452033992 1
0 0.225 0.395 0.02008720721 1
0 0.225 0.405 0.01224665095 2
0 0.225 0.415 0.004997014452 2
0 0.225 0.425 0 2
0 0.225 0.435 0 2
0 0.225 0.445 0 2
0 0.225 0.455 0 2
0 0.225 0.465 0 2
0 0.235 -0.455 0 2
0 0.235 -0.445 0 2
0 0.235 -0.435 0 1
0 0.235 -0.425 0 1
0 0.235 -0.415 0.004848419794 1
0 0.235 -0.405 0.01212264486 1
0 0.235 -0.395 0.01999775035 1
0 0.235 -0.385 0.02510270063 1
0 0.235 -0.375 0.02789568512 2
0 0.235 -0.365 0.03152004633 2
0 0.235 -0.355 0.03436914452 2
0 0.235 -0.345 0.0368848755 2
0 0.235 -0.335 0.03914537326 2
0 0.235 -0.325 0.04119541067 2
0 0.235 -0.315 0.04298540503 2
0 0.235 -0.305 0.04456726569 2
0 0.235 -0.295 0.04596888014 2
0 0.235 -0.285 0.0472315792 2
0 0.235 -0.275 0.04839056428 2
0 0.235 -0.265 0.04947795324 2
0 0.235 -0.255 0.05051554221 2
0 0.235 -0.245 0.05151687908 2
0 0.235 -0.235 0.05247752405 2
0 0.235 -0.225 0.05338761722 2
0 0.235 -0.215 0.05421416983 2
0 0.235 -0.205 0.05494427747 2
0 0.235 -0.195 0.05555467758 2
0 0.235 -0.185 0.05608942748 2
0 0.235 -0.175 0.05659782333 2
0 0.235 -0.165 0.05714649643 2
0 0.235 -0.155 0.05764371677 2
0 0.235 -0.145 0.05791062818 2
0 0.235 -0.135 0.05783382208 2
0 0.235 -0.125 0.05748910368 2
0 0.235 -0.115 0.05704997505 2
0 0.235 -0.105 0.05686085946 2
0 0.235 -0.095 0.0566047598 1
0 0.235 -0.085 0.05664711802 2
0 0.235 -0.075 0.05614761545 2
0 0.235 -0.065 0.05519571471 1
0 0.235 -0.055 0.05470543985 1
0 0.235 -0.045 0.05489599003 1
0 0.235 -0.035 0.05633980173 2
0 0.235 -0.025 0.05761011294 2
0 0.235 -0.015 0.05867430698 2
0 0.235 -0.005 0.05897835702 2
0 0.235 0.005 0.05902471473 2
0 0.235 0.015 0.05901421011 2
0 0.235 0.025 0.05902395651 2
0 0.235 0.035 0.05899743808 2
0 0.235 0.045 0.0589423218 2
0 0.235 0.055 0.05886176215 2
0 0.235 0.065 0.05876253848 2
0 0.235 0.075 0.0586500904 2
0 0.235 0.085 0.05852710571 2
0 0.235 0.095 0.05839414207 2
0 0.235 0.105 0.05824933388 2
0 0.235 0.115 0.05808913672 2
0 0.235 0.125 0.05790846212 2
0 0.235 0.135 0.05770096148 2
0 0.235 0.145 0.05745937918 2
0 0.235 0.155 0.05717587644 2
0 0.235 0.165 0.05684297873 2
0 0.235 0.175 0.05645402255 2
0 0.235 0.185 0.05600425709 2
0 0.235 0.195 0.05549085281 2
0 0.235 0.205 0.05491332331 2
0 0.235 0.215 0.05427282147 2
0 0.235 0.225 0.053571761 2
0 0.235 0.235 0.05281291054 2
0 0.235 0.245 0.05199904795 2
0 0.235 0.255 0.05113254497 2
0 0.235 0.265 0.0502163736 2
0 0.235 0.275 0.04925318027 2
0 0.235 0.285 0.04825260442 2
0 0.235 0.295 0.04721816656 2
0 0.235 0.305 0.04619639958 2
0 0.235 0.315 0.04518903864 2
0 0.235 0.325 0.04403570059 2
0 0.235 0.335 0.04229008581 2
0 0.235 0.345 0.03977423572 2
0 0.235 0.355 0.03661290225 2
0 0.235 0.365 0.033225464 2
0 0.235 0.375 0.02949100574 2
0 0.235 0.385 0.02686284568 2
0 0.235 0.395 0.02170391577 2
0 0.235 0.405 0.01304642625 2
0 0.235 0.415 0.005258601876 2
0 0.235 0.425 0 2
0 0.235 0.435 0 2
0 0.235 0.445 0 2
0 0.235 0.455 0 2
0 0.235 0.465 0 2
0 0.245 -0.455 0 2
0 0.245 -0.445 0 2
0 0.245 -0.435 0 1
0 0.245 -0.425 0 1
0 0.245 -0.415 0.004638972469 1
0 0.245 -0.405 0.01152374446 1
0 0.245 -0.395 0.01898002042 1
0 0.245 -0.385 0.0239086115 1
0 0.245 -0.375 0.02685315476 2
0 0.245 -0.365 0.03081787474 2
0 0.245 -0.355 0.03389623619 2
0 0.245 -0.345 0.03647207296 2
0 0.245 -0.335 0.03870768993 2
0 0.245 -0.325 0.0407296778 2
0 0.245 -0.315 0.04248926015 2
0 0.245 -0.305 0.04405084864 2
0 0.245 -0.295 0.04544270732 2
0 0.245 -0.285 0.0467015307 2
0 0.245 -0.275 0.04786006076 2
0 0.245 -0.265 0.04895237985 2
0 0.245 -0.255 0.05000524834 2
0 0.245 -0.245 0.05105978518 2
0 0.245 -0.235 0.05212113724 2
0 0.245 -0.225 0.05319176052 2
0 0.245 -0.215 0.05418970384 2
0 0.245 -0.205 0.05508657677 2
0 0.245 -0.195 0.0557903021 2
0 0.245 -0.185 0.05634634626 2
0 0.245 -0.175 0.0568340542 2
0 0.245 -0.165 0.05736611455 2
0 0.245 -0.155 0.05807824575 2
0 0.245 -0.145 0.0589507923 2
0 0.245 -0.135 0.05990249389 2
0 0.245 -0.125 0.06084709952 2
0 0.245 -0.115 0.06155994584 2
0 0.245 -0.105 0.06206498901 2
0 0.245 -0.095 0.06252976574 2
0 0.245 -0.085 0.06265546821 2
0 0.245 -0.075 0.06240922143 2
0 0.245 -0.065 0.06161486808 2
0 0.245 -0.055 0.06076838695 2
0 0.245 -0.045 0.0601697422 2
0 0.245 -0.035 0.06014386535 2
0 0.245 -0.025 0.05993304357 2
0 0.245 -0.015 0.05973745577 2
0 0.245 -0.005 0.05929482391 2
0 0.245 0.005 0.05897900007 2
0 0.245 0.015 0.05875767972 2
0 0.245 0.025 0.05861399799 2
0 0.245 0.035 0.0584734938 2
0 0.245 0.045 0.05832993766 2
0 0.245 0.055 0.05818524594 2
0 0.245 0.065 0.05804232271 2
0 0.245 0.075 0.05790520834 2
0 0.245 0.085 0.05777299184 2
0 0.245 0.095 0.05764375886 2
0 0.245 0.105 0.05751310379 2
0 0.245 0.115 0.05737566602 2
0 0.245 0.125 0.057224541 2
0 0.245 0.135 0.0570513572 2
0 0.245 0.145 0.05684660129 2
0 0.245 0.155 0.05659955221 2
0 0.245 0.165 0.05630016744 2
0 0.245 0.175 0.05593920883 2
0 0.245 0.185 0.05551084139 2
0 0.245 0.195 0.05501194887 2
0 0.245 0.205 0.05444350604 2
0 0.245 0.215 0.05380872098 2
0 0.245 0.225 0.05311268368 2
0 0.245 0.235 0.05236042364 2
0 0.245 0.245 0.05155635067 2
0 0.245 0.255 0.05070358559 2
0 0.245 0.265 0.04980487657 2
0 0.245 0.275 0.0488625027 2
0 0.245 0.285 0.04788249875 2
0 0.245 0.295 0.04687093571 2
0 0.245 0.305 0.04584134618 2
0 0.245 0.315 0.0448444959 2
0 0.245 0.325 0.04375395958 2
0 0.245 0.335 0.04236170119 2
0 0.245 0.345 0.04041185636 2
0 0.245 0.355 0.03793761682 2
0 0.245 0.365 0.03494181564 2
0 0.245 0.375 0.03136266301 2
0 0.245 0.385 0.02856239912 2
0 0.245 0.395 0.02295784616 2
0 0.245 0.405 0.01375408329 2
0 0.245 0.415 0.005481988455 2
0 0.245 0.425 0 2
0 0.245 0.435 0 2
0 0.245 0.445 0 2
0 0.245 0.455 0 2
0 0.245 0.465 0 2
0 0.255 -0.455 0 2
0 0.255 -0.445 0 2
0 0.255 -0.435 0 1
0 0.255 -0.425 0 1
0 0.255 -0.415 0.004511117207 1
0 0.255 -0.405 0.01115616063 1
0 0.255 -0.395 0.01825409465 1
0 0.255 -0.385 0.02289410516 1
0 0.255 -0.375 0.0257790354 1
0 0.255 -0.365 0.03002731152 2
0 0.255 -0.355 0.03334036619 2
0 0.255 -0.345 0.03601590782 2
0 0.255 -0.335 0.03818501862 2
0 0.255 -0.325 0.04012884533 2
0 0.255 -0.315 0.04182121804 2
0 0.255 -0.305 0.04332479271 2
0 0.255 -0.295 0.04466913719 2
0 0.255 -0.285 0.04588765237 2
0 0.255 -0.275 0.04701225132 2
0 0.255 -0.265 0.04807738243 2
0 0.255 -0.255 0.04911102206 2
0 0.255 -0.245 0.05018334466 2
0 0.255 -0.235 0.05129111578 2
0 0.255 -0.225 0.05245115321 2
0 0.255 -0.215 0.053520336 2
0 0.255 -0.205 0.05451791251 2
0 0.255 -0.195 0.05523516936 2
0 0.255 -0.185 0.05577235305 2
0 0.255 -0.175 0.05617792598 2
0 0.255 -0.165 0.0565883768 2
0 0.255 -0.155 0.05726929598 2
0 0.255 -0.145 0.05824801715 2
0 0.255 -0.135 0.05950557155 2
0 0.255 -0.125 0.06090425757 2
0 0.255 -0.115 0.06216443302 2
0 0.255 -0.105 0.06280935663 2
0 0.255 -0.095 0.06337959748 2
0 0.255 -0.085 0.06338872133 2
0 0.255 -0.075 0.06335691114 2
0 0.255 -0.065 0.0630454544 2
0 0.255 -0.055 0.06250452379 2
0 0.255 -0.045 0.06194621086 2
0 0.255 -0.035 0.0612083376 2
0 0.255 -0.025 0.06037382395 2
0 0.255 -0.015 0.05952906339 2
0 0.255 -0.005 0.05884203422 2
0 0.255 0.005 0.05837688907 2
0 0.255 0.015 0.05805476282 2
0 0.255 0.025 0.05779657614 2
0 0.255 0.035 0.05755956316 2
0 0.255 0.045 0.05733029152 2
0 0.255 0.055 0.05712197229 2
0 0.255 0.065 0.05693320309 2
0 0.255 0.075 0.05677105732 2
0 0.255 0.085 0.05663111378 2
0 0.255 0.095 0.05650959313 2
0 0.255 0.105 0.05639857787 2
0 0.255 0.115 0.0562906287 2
0 0.255 0.125 0.05617707218 2
0 0.255 0.135 0.05604754321 2
0 0.255 0.145 0.05589021265 2
0 0.255 0.155 0.05569016889 2
0 0.255 0.165 0.05543384259 2
0 0.255 0.175 0.0551072847 2
0 0.255 0.185 0.05470322477 2
0 0.255 0.195 0.05421769162 2
0 0.255 0.205 0.05365458363 2
0 0.255 0.215 0.05302032638 2
0 0.255 0.225 0.05232434653 2
0 0.255 0.235 0.05157471495 2
0 0.255 0.245 0.05077774296 2
0 0.255 0.255 0.04993681315 2
0 0.255 0.265 0.04905349832 2
0 0.255 0.275 0.04812813934 2
0 0.255 0.285 0.04716150854 2
0 0.255 0.295 0.0461567306 2
0 0.255 0.305 0.04510393366 2
0 0.255 0.315 0.04403980165 2
0 0.255 0.325 0.04288737921 2
0 0.255 0.335 0.04156155436 2
0 0.255 0.345 0.0398699996 2
0 0.255 0.355 0.03773307339 2
0 0.255 0.365 0.0351114933 2
0 0.255 0.375 0.03181628194 2
0 0.255 0.385 0.02923398868 2
0 0.255 0.395 0.02359132918 2
0 0.255 0.405 0.01416973402 2
0 0.255 0.415 0.005624762592 2
0 0.255 0.425 0 2
0 0.255 0.435 0 2
0 0.255 0.445 0 2
0 0.255 0.455 0 2
0 0.255 0.465 0 2
0 0.265 -0.455 0 2
0 0.265 -0.445 0 2
0 0.265 -0.435 0 1
0 0.265 -0.425 0 1
0 0.265 -0.415 0.00435777126 1
0 0.265 -0.405 0.01077725805 1
0 0.265 -0.395 0.01763260356 1
0 0.265 -0.385 0.0221495234 1
0 0.265 -0.375 0.02501278777 1
0 0.265 -0.365 0.02930812258 2
0 0.265 -0.355 0.03275167524 2
0 0.265 -0.345 0.03549904146 2
0 0.265 -0.335 0.03756511278 2
0 0.265 -0.325 0.03937516189 2
0 0.265 -0.315 0.04096560157 2
0 0.265 -0.305 0.04237810445 2
0 0.265 -0.295 0.04364423794 2
0 0.265 -0.285 0.04479173961 2
0 0.265 -0.275 0.04585090706 2
0 0.265 -0.265 0.04685248062 2
0 0.265 -0.255 0.04784041947 2
0 0.265 -0.245 0.04888816255 2
0 0.265 -0.235 0.04996476178 2
0 0.265 -0.225 0.05097853637 2
0 0.265 -0.215 0.05173950995 2
0 0.265 -0.205 0.05238772972 2
0 0.265 -0.195 0.05280136721 2
0 0.265 -0.185 0.05327085396 2
0 0.265 -0.175 0.05381817954 2
0 0.265 -0.165 0.05444988498 2
0 0.265 -0.155 0.05524636522 2
0 0.265 -0.145 0.05617390599 2
0 0.265 -0.135 0.05714692165 2
0 0.265 -0.125 0.0580201171 2
0 0.265 -0.115 0.05856672232 2
0 0.265 -0.105 0.05853637106 2
0 0.265 -0.095 0.05834703279 2
0 0.265 -0.085 0.05802653345 2
0 0.265 -0.075 0.05796843834 2
0 0.265 -0.065 0.05824027626 2
0 0.265 -0.055 0.05857075232 2
0 0.265 -0.045 0.05909634427 2
0 0.265 -0.035 0.05909260913 2
0 0.265 -0.025 0.0589277749 2
0 0.265 -0.015 0.05839655258 2
0 0.265 -0.005 0.05791080447 2
0 0.265 0.005 0.05746161989 2
0 0.265 0.015 0.05707491363 2
0 0.265 0.025 0.05666952237 2
0 0.265 0.035 0.05629717656 2
0 0.265 0.045 0.05593469678 2
0 0.265 0.055 0.05564553523 2
0 0.265 0.065 0.05540922131 2
0 0.265 0.075 0.05523289395 2
0 0.265 0.085 0.05509372871 2
0 0.265 0.095 0.05498777015 2
0 0.265 0.105 0.0549037373 2
0 0.265 0.115 0.0548332691 2
0 0.265 0.125 0.054767598 2
0 0.265 0.135 0.05469522549 2
0 0.265 0.145 0.05460261644 2
0 0.265 0.155 0.05446722905 2
0 0.265 0.165 0.0542705285 2
0 0.265 0.175 0.05398843434 2
0 0.265 0.185 0.05361230476 2
0 0.265 0.195 0.05313494789 2
0 0.265 0.205 0.05256688715 2
0 0.265 0.215 0.0519201019 2
0 0.265 0.225 0.05121301333 2
0 0.265 0.235 0.05045862181 2
0 0.265 0.245 0.04966555192 2
0 0.265 0.255 0.04883586706 2
0 0.265 0.265 0.04796828498 2
0 0.265 0.275 0.04705964074 2
0 0.265 0.285 0.04610558569 2
0 0.265 0.295 0.04510343461 2
0 0.265 0.305 0.04404126169 2
0 0.265 0.315 0.04291998732 2
0 0.265 0.325 0.04169247979 2
0 0.265 0.335 0.04029581563 2
0 0.265 0.345 0.03861906194 2
0 0.265 0.355 0.03657587228 2
0 0.265 0.365 0.03422549299 2
0 0.265 0.375 0.03124707668 2
0 0.265 0.385 0.02904284726 2
0 0.265 0.395 0.02363610859 2
0 0.265 0.405 0.01427149469 2
0 0.265 0.415 0.005677433931 2
0 0.265 0.425 0 2
0 0.265 0.435 0 2
0 0.265 0.445 0 2
0 0.265 0.455 0 2
0 0.265 0.465 0 2
0 0.275 -0.455 0 2
0 0.275 -0.445 0 2
0 0.275 -0.435 0 1
0 0.275 -0.425 0 1
0 0.275 -0.415 0.004172531215 1
0 0.275 -0.405 0.01034171185 1
0 0.275 -0.395 0.01700220841 1
0 0.275 -0.385 0.02143878231 1
0 0.275 -0.375 0.02437659267 1
0 0.275 -0.365 0.02870705967 2
0 0.275 -0.355 0.03222656935 2
0 0.275 -0.345 0.03492925076 2
0 0.275 -0.335 0.03684827972 2
0 0.275 -0.325 0.0384679694 2
0 0.275 -0.315 0.03992072032 2
0 0.275 -0.305 0.04121120527 2
0 0.275 -0.295 0.04237206344 2
0 0.275 -0.285 0.04342100798 2
0 0.275 -0.275 0.04438333391 2
0 0.275 -0.265 0.045279739 2
0 0.275 -0.255 0.046171652 2
0 0.275 -0.245 0.04708059766 2
0 0.275 -0.235 0.04794904671 2
0 0.275 -0.225 0.04843022796 2
0 0.275 -0.215 0.04843748634 2
0 0.275 -0.205 0.04810329174 2
0 0.275 -0.195 0.04789809033 2
0 0.275 -0.185 0.04817224756 2
0 0.275 -0.175 0.04902313369 2
0 0.275 -0.165 0.05030768323 2
0 0.275 -0.155 0.05157376019 2
0 0.275 -0.145 0.05251749542 2
0 0.275 -0.135 0.05287675671 2
0 0.275 -0.125 0.05266336422 2
0 0.275 -0.115 0.05183368906 2
0 0.275 -0.105 0.05081229372 2
0 0.275 -0.095 0.04965464123 1
0 0.275 -0.085 0.04904775396 1
0 0.275 -0.075 0.04892661787 1
0 0.275 -0.065 0.04957183268 1
0 0.275 -0.055 0.05078974996 1
0 0.275 -0.045 0.05275360642 2
0 0.275 -0.035 0.0543689327 2
0 0.275 -0.025 0.05550231285 2
0 0.275 -0.015 0.05583979438 2
0 0.275 -0.005 0.05582034918 2
0 0.275 0.005 0.05562265767 2
0 0.275 0.015 0.05536890991 2
0 0.275 0.025 0.0549534856 2
0 0.275 0.035 0.05457348435 2
0 0.275 0.045 0.05413470685 2
0 0.275 0.055 0.05378756196 2
0 0.275 0.065 0.0534878704 2
0 0.275 0.075 0.05329055953 2
0 0.275 0.085 0.05315683091 2
0 0.275 0.095 0.05307840241 2
0 0.275 0.105 0.05303022457 2
0 0.275 0.115 0.05300512835 2
0 0.275 0.125 0.05299621477 2
0 0.275 0.135 0.05299095121 2
0 0.275 0.145 0.05297787593 2
0 0.275 0.155 0.05292295068 2
0 0.275 0.165 0.0528051435 2
0 0.275 0.175 0.05257783026 2
0 0.275 0.185 0.05223346917 2
0 0.275 0.195 0.05175620771 2
0 0.275 0.205 0.05117308413 2
0 0.275 0.215 0.05050267594 2
0 0.275 0.225 0.0497765774 2
0 0.275 0.235 0.04901264077 2
0 0.275 0.245 0.0482223523 2
0 0.275 0.255 0.04740594093 2
0 0.275 0.265 0.04655780068 2
0 0.275 0.275 0.04566974314 2
0 0.275 0.285 0.04473255057 2
0 0.275 0.295 0.04373716515 2
0 0.275 0.305 0.04266879467 2
0 0.275 0.315 0.04150530574 2
0 0.275 0.325 0.04020931195 2
0 0.275 0.335 0.03873602745 2
0 0.275 0.345 0.03704401193 2
0 0.275 0.355 0.03506644243 2
0 0.275 0.365 0.0329194452 2
0 0.275 0.375 0.0302299875 2
0 0.275 0.385 0.02835169374 2
0 0.275 0.395 0.02323341657 2
0 0.275 0.405 0.01408928632 2
0 0.275 0.415 0.005620608551 2
0 0.275 0.425 0 2
0 0.275 0.435 0 2
0 0.275 0.445 0 2
0 0.275 0.455 0 2
0 0.275 0.465 0 2
0 0.285 -0.455 0 2
0 0.285 -0.445 0 2
0 0.285 -0.435 0 1
0 0.285 -0.425 0 1
0 0.285 -0.415 0.003933429792 1
0 0.285 -0.405 0.009792126056 1
0 0.285 -0.395 0.01624810321 1
0 0.285 -0.385 0.02068811722 1
0 0.285 -0.375 0.02381364347 1
0 0.285 -0.365 0.02819787801 2
0 0.285 -0.355 0.03170439366 2
0 0.285 -0.345 0.03426664332 2
0 0.285 -0.335 0.03599663691 2
0 0.285 -0.325 0.03738612774 2
0 0.285 -0.315 0.03867427654 2
0 0.285 -0.305 0.03982033934 2
0 0.285 -0.295 0.04085686789 2
0 0.285 -0.285 0.04178753528 2
0 0.285 -0.275 0.04262822372 2
0 0.285 -0.265 0.04338517371 2
0 0.285 -0.255 0.04412809289 2
0 0.285 -0.245 0.04479135961 2
0 0.285 -0.235 0.04520983415 2
0 0.285 -0.225 0.04484031957 2
0 0.285 -0.215 0.04387619738 2
0 0.285 -0.205 0.04229782883 1
0 0.285 -0.195 0.04138888098 1
0 0.285 -0.185 0.04134739471 1
0 0.285 -0.175 0.04239285322 1
0 0.285 -0.165 0.04426714394 2
0 0.285 -0.155 0.04608869204 2
0 0.285 -0.145 0.04707993735 2
0 0.285 -0.135 0.04693848037 2
0 0.285 -0.125 0.0458282714 2
0 0.285 -0.115 0.04416992634 1
0 0.285 -0.105 0.0427562137 1
0 0.285 -0.095 0.04150293613 1
0 0.285 -0.085 0.04097275728 1
0 0.285 -0.075 0.04096205787 1
0 0.285 -0.065 0.04169025882 1
0 0.285 -0.055 0.04327270988 1
0 0.285 -0.045 0.04568040823 1
0 0.285 -0.035 0.04831282629 2
0 0.285 -0.025 0.05017120364 2
0 0.285 -0.015 0.05121431399 2
0 0.285 -0.005 0.05162255871 2
0 0.285 0.005 0.0518000028 2
0 0.285 0.015 0.05196495977 2
0 0.285 0.025 0.05196070295 2
0 0.285 0.035 0.05193009207 2
0 0.285 0.045 0.05162976338 2
0 0.285 0.055 0.0513599447 2
0 0.285 0.065 0.05108329837 2
0 0.285 0.075 0.05092046284 2
0 0.285 0.085 0.05082056965 2
0 0.285 0.095 0.05078546706 2
0 0.285 0.105 0.05077933594 2
0 0.285 0.115 0.05079995268 2
0 0.285 0.125 0.05085357165 2
0 0.285 0.135 0.05093566696 2
0 0.285 0.145 0.05105547292 2
0 0.285 0.155 0.05114276838 2
0 0.285 0.165 0.05117807694 2
0 0.285 0.175 0.05104145825 2
0 0.285 0.185 0.05074318352 2
0 0.285 0.195 0.05022331902 2
0 0.285 0.205 0.04956230336 2
0 0.285 0.215 0.04879787704 2
0 0.285 0.225 0.04801392425 2
0 0.285 0.235 0.04722923135 2
0 0.285 0.245 0.04644846674 2
0 0.285 0.255 0.04565327084 2
0 0.285 0.265 0.04483291595 2
0 0.285 0.275 0.04397407536 2
0 0.285 0.285 0.04306315568 2
0 0.285 0.295 0.04208711521 2
0 0.285 0.305 0.04102962346 2
0 0.285 0.315 0.03986985902 2
0 0.285 0.325 0.03858078722 2
0 0.285 0.335 0.03712845371 2
0 0.285 0.345 0.03549460808 2
0 0.285 0.355 0.03362097933 2
0 0.285 0.365 0.03163141471 2
0 0.285 0.375 0.02913860924 2
0 0.285 0.385 0.02744366301 2
0 0.285 0.395 0.0225602016 2
0 0.285 0.405 0.01370861849 2
0 0.285 0.415 0.005475989702 2
0 0.285 0.425 0 2
0 0.285 0.435 0 2
0 0.285 0.445 0 2
0 0.285 0.455 0 2
0 0.285 0.465 0 2
0 0.295 -0.455 0 2
0 0.295 -0.445 0 2
0 0.295 -0.435 0 1
0 0.295 -0.425 0 1
0 0.295 -0.415 0.003616769009 1
0 0.295 -0.405 0.009114659297 1
0 0.295 -0.395 0.01539445318 1
0 0.295 -0.385 0.01994786402 1
0 0.295 -0.375 0.02335646724 1
0 0.295 -0.365 0.02778579647 2
0 0.295 -0.355 0.03118329881 2
0 0.295 -0.345 0.03351537745 2
0 0.295 -0.335 0.03497981602 2
0 0.295 -0.325 0.03610767945 2
0 0.295 -0.315 0.03721204998 2
0 0.295 -0.305 0.03820237682 2
0 0.295 -0.295 0.03910535099 2
0 0.295 -0.285 0.03990755118 2
0 0.295 -0.275 0.04061162527 2
0 0.295 -0.265 0.04120693028 2
0 0.295 -0.255 0.04173587649 2
0 0.295 -0.245 0.0420753504 2
0 0.295 -0.235 0.04191458497 2
0 0.295 -0.225 0.04081404291 2
0 0.295 -0.215 0.03903724437 2
0 0.295 -0.205 0.03684203112 1
0 0.295 -0.195 0.03551924826 1
0 0.295 -0.185 0.03522348145 1
0 0.295 -0.175 0.03611669223 1
0 0.295 -0.165 0.03781139031 1
0 0.295 -0.155 0.03956589513 2
0 0.295 -0.145 0.04043202467 2
0 0.295 -0.135 0.04008288491 2
0 0.295 -0.125 0.03877711749 1
0 0.295 -0.115 0.03730308006 1
0 0.295 -0.105 0.03625379424 1
0 0.295 -0.095 0.03573713251 1
0 0.295 -0.085 0.03564179168 1
0 0.295 -0.075 0.03588161371 1
0 0.295 -0.065 0.03647955246 1
0 0.295 -0.055 0.03775793945 1
0 0.295 -0.045 0.03950735397 1
0 0.295 -0.035 0.04180727939 2
0 0.295 -0.025 0.04342637893 2
0 0.295 -0.015 0.04448999641 2
0 0.295 -0.005 0.04503520552 2
0 0.295 0.005 0.04558200388 2
0 0.295 0.015 0.04626383373 2
0 0.295 0.025 0.04702922405 2
0 0.295 0.035 0.04773020631 2
0 0.295 0.045 0.0480656466 2
0 0.295 0.055 0.04823299755 2
0 0.295 0.065 0.04818737145 2
0 0.295 0.075 0.04813666357 2
0 0.295 0.085 0.04810629776 2
0 0.295 0.095 0.048124051 2
0 0.295 0.105 0.04816238597 2
0 0.295 0.115 0.04823496988 2
0 0.295 0.125 0.04836318749 2
0 0.295 0.135 0.04852414005 2
0 0.295 0.145 0.04875178919 2
0 0.295 0.155 0.04892842546 2
0 0.295 0.165 0.04909895119 2
0 0.295 0.175 0.04902658699 2
0 0.295 0.185 0.04878315759 2
0 0.295 0.195 0.0482445389 2
0 0.295 0.205 0.04755831691 2
0 0.295 0.215 0.04674590138 2
0 0.295 0.225 0.04591421209 2
0 0.295 0.235 0.04510987004 2
0 0.295 0.245 0.04434370258 2
0 0.295 0.255 0.04358623688 2
0 0.295 0.265 0.04280698515 2
0 0.295 0.275 0.04198975481 2
0 0.295 0.285 0.04111735773 2
0 0.295 0.295 0.04017527138 2
0 0.295 0.305 0.03914724153 2
0 0.295 0.315 0.03801469683 2
0 0.295 0.325 0.03675800827 2
0 0.295 0.335 0.03535233867 2
0 0.295 0.345 0.03379168926 2
0 0.295 0.355 0.03202463463 2
0 0.295 0.365 0.03017324465 2
0 0.295 0.375 0.02785227073 2
0 0.295 0.385 0.02630201087 2
0 0.295 0.395 0.02166437914 2
0 0.295 0.405 0.01318067236 2
0 0.295 0.415 0.005269470886 2
0 0.295 0.425 0 2
0 0.295 0.435 0 2
0 0.295 0.445 0 2
0 0.295 0.455 0 2
0 0.295 0.465 0 2
0 0.305 -0.455 0 2
0 0.305 -0.445 0 2
0 0.305 -0.435 0 2
0 0.305 -0.425 0 1
0 0.305 -0.415 0.003220722056 1
0 0.305 -0.405 0.008307010043 1
0 0.305 -0.395 0.01460755943 1
0 0.305 -0.385 0.01944431931 1
0 0.305 -0.375 0.02324339169 1
0 0.305 -0.365 0.02747481455 2
0 0.305 -0.355 0.03057633453 2
0 0.305 -0.345 0.03256759684 2
0 0.305 -0.335 0.03372681591 2
0 0.305 -0.325 0.03459480776 2
0 0.305 -0.315 0.03551372446 2
0 0.305 -0.305 0.03635364384 2
0 0.305 -0.295 0.0371285824 2
0 0.305 -0.285 0.03780731565 2
0 0.305 -0.275 0.0383778075 2
0 0.305 -0.265 0.03881256804 2
0 0.305 -0.255 0.03910442995 2
0 0.305 -0.245 0.03912099024 2
0 0.305 -0.235 0.03844583852 2
0 0.305 -0.225 0.03694961459 2
0 0.305 -0.215 0.03462623673 1
0 0.305 -0.205 0.03259584043 1
0 0.305 -0.195 0.03126711896 1
0 0.305 -0.185 0.03093837755 1
0 0.305 -0.175 0.03138104316 1
0 0.305 -0.165 0.03228854506 1
0 0.305 -0.155 0.03333956401 1
0 0.305 -0.145 0.0339787634 2
0 0.305 -0.135 0.03363531515 1
0 0.305 -0.125 0.03284587461 1
0 0.305 -0.115 0.03223896892 1
0 0.305 -0.105 0.03200373142 1
0 0.305 -0.095 0.0322341516 1
0 0.305 -0.085 0.03256113248 1
0 0.305 -0.075 0.03296041463 1
0 0.305 -0.065 0.03331110586 1
0 0.305 -0.055 0.03387209477 1
0 0.305 -0.045 0.03458808589 1
0 0.305 -0.035 0.03557055249 1
0 0.305 -0.025 0.03634935873 1
0 0.305 -0.015 0.03690763337 1
0 0.305 -0.005 0.03733064986 1
0 0.305 0.005 0.03804580365 1
0 0.305 0.015 0.03906436885 1
0 0.305 0.025 0.04057882203 2
0 0.305 0.035 0.04210770557 2
0 0.305 0.045 0.04347962292 2
0 0.305 0.055 0.04439615658 2
0 0.305 0.065 0.04482459195 2
0 0.305 0.075 0.04497699746 2
0 0.305 0.085 0.04504980181 2
0 0.305 0.095 0.04511989179 2
0 0.305 0.105 0.04518866698 2
0 0.305 0.115 0.04528488333 2
0 0.305 0.125 0.04542679854 2
0 0.305 0.135 0.04557425251 2
0 0.305 0.145 0.04573205728 2
0 0.305 0.155 0.04571731494 2
0 0.305 0.165 0.0456792869 2
0 0.305 0.175 0.0455418405 2
0 0.305 0.185 0.04545917947 2
0 0.305 0.195 0.04525873846 2
0 0.305 0.205 0.04483162803 2
0 0.305 0.215 0.04418439829 2
0 0.305 0.225 0.04339565572 2
0 0.305 0.235 0.04263375614 2
0 0.305 0.245 0.0419115119 2
0 0.305 0.255 0.04121698598 2
0 0.305 0.265 0.04049675525 2
0 0.305 0.275 0.03973593951 2
0 0.305 0.285 0.03891606017 2
0 0.305 0.295 0.03802349885 2
0 0.305 0.305 0.03704386183 2
0 0.305 0.315 0.03596180322 2
0 0.305 0.325 0.03476279865 2
0 0.305 0.335 0.0334277871 2
0 0.305 0.345 0.03195610723 2
0 0.305 0.355 0.03030055517 2
0 0.305 0.365 0.02857724425 2
0 0.305 0.375 0.02641282425 2
0 0.305 0.385 0.02498204841 2
0 0.305 0.395 0.02060059712 2
0 0.305 0.405 0.01254258598 2
0 0.305 0.415 0.005016584777 2
0 0.305 0.425 0 2
0 0.305 0.435 0 2
0 0.305 0.445 0 2
0 0.305 0.455 0 2
0 0.305 0.465 0 2
0 0.315 -0.455 0 2
0 0.315 -0.445 0 2
0 0.315 -0.435 0 2
0 0.315 -0.425 0 1
0 0.315 -0.415 0.00288472769 1
0 0.315 -0.405 0.007616296701 1
0 0.315 -0.395 0.01410041339 1
0 0.315 -0.385 0.01923595312 1
0 0.315 -0.375 0.02339542035 1
0 0.315 -0.365 0.02713348621 2
0 0.315 -0.355 0.02981199734 2
0 0.315 -0.345 0.03136083335 2
0 0.315 -0.335 0.03217863287 2
0 0.315 -0.325 0.03280828683 2
0 0.315 -0.315 0.0335626881 2
0 0.315 -0.305 0.03427402669 2
0 0.315 -0.295 0.03493775763 2
0 0.315 -0.285 0.03550517258 2
0 0.315 -0.275 0.03595247319 2
0 0.315 -0.265 0.036238226 2
0 0.315 -0.255 0.03633419459 2
0 0.315 -0.245 0.0361458768 2
0 0.315 -0.235 0.03529864424 2
0 0.315 -0.225 0.03379258981 2
0 0.315 -0.215 0.03148399794 1
0 0.315 -0.205 0.02985680866 1
0 0.315 -0.195 0.02873314468 1
0 0.315 -0.185 0.02841390591 1
0 0.315 -0.175 0.02835130806 1
0 0.315 -0.165 0.02846786856 1
0 0.315 -0.155 0.02866104113 1
0 0.315 -0.145 0.02890491313 1
0 0.315 -0.135 0.02881023879 1
0 0.315 -0.125 0.02877776786 1
0 0.315 -0.115 0.02890868001 1
0 0.315 -0.105 0.02923667379 1
0 0.315 -0.095 0.02969686013 1
0 0.315 -0.085 0.03009628303 1
0 0.315 -0.075 0.03046633682 1
0 0.315 -0.065 0.03072616711 1
0 0.315 -0.055 0.03087721645 1
0 0.315 -0.045 0.03099269126 1
0 0.315 -0.035 0.03097220505 1
0 0.315 -0.025 0.03100557599 1
0 0.315 -0.015 0.0310298856 1
0 0.315 -0.005 0.0312054963 1
0 0.315 0.005 0.03171529974 1
0 0.315 0.015 0.03263343466 1
0 0.315 0.025 0.03430902222 1
0 0.315 0.035 0.03633343281 1
0 0.315 0.045 0.03860000793 2
0 0.315 0.055 0.04020272124 2
0 0.315 0.065 0.04115843553 2
0 0.315 0.075 0.04154534987 2
0 0.315 0.085 0.04172060815 2
0 0.315 0.095 0.04181991934 2
0 0.315 0.105 0.0418795871 2
0 0.315 0.115 0.0419258641 2
0 0.315 0.125 0.04190914477 2
0 0.315 0.135 0.04176424488 2
0 0.315 0.145 0.04141400533 2
0 0.315 0.155 0.04088761469 2
0 0.315 0.165 0.04036158515 2
0 0.315 0.175 0.04017424684 2
0 0.315 0.185 0.04032932515 2
0 0.315 0.195 0.04082258562 2
0 0.315 0.205 0.04103490244 2
0 0.315 0.215 0.04093987919 2
0 0.315 0.225 0.04042252506 2
0 0.315 0.235 0.03980181764 2
0 0.315 0.245 0.03916987616 2
0 0.315 0.255 0.03856596708 2
0 0.315 0.265 0.03792377307 2
0 0.315 0.275 0.0372340909 2
0 0.315 0.285 0.0364801556 2
0 0.315 0.295 0.0356508528 2
0 0.315 0.305 0.03473438647 2
0 0.315 0.315 0.03371861235 2
0 0.315 0.325 0.03259282137 2
0 0.315 0.335 0.03134204603 2
0 0.315 0.345 0.02996837364 2
0 0.315 0.355 0.02842820412 2
0 0.315 0.365 0.02683039063 2
0 0.315 0.375 0.02481951424 2
0 0.315 0.385 0.02349899594 2
0 0.315 0.395 0.01939165552 2
0 0.315 0.405 0.01181206136 2
0 0.315 0.415 0.004725688332 2
0 0.315 0.425 0 2
0 0.315 0.435 0 2
0 0.315 0.445 0 2
0 0.315 0.455 0 2
0 0.315 0.465 0 2
0 0.325 -0.455 0 2
0 0.325 -0.445 0 2
0 0.325 -0.435 0 2
0 0.325 -0.425 0 2
0 0.325 -0.415 0.002720596018 1
0 0.325 -0.405 0.007254784568 1
0 0.325 -0.395 0.01396980868 1
0 0.325 -0.385 0.01931757673 1
0 0.325 -0.375 0.02346690125 2
0 0.325 -0.365 0.02657860521 2
0 0.325 -0.355 0.02866685832 2
0 0.325 -0.345 0.02971115106 2
0 0.325 -0.335 0.03024143066 2
0 0.325 -0.325 0.03070947254 2
0 0.325 -0.315 0.03134184199 2
0 0.325 -0.305 0.03195623023 2
0 0.325 -0.295 0.03254650656 2
0 0.325 -0.285 0.03305017053 2
0 0.325 -0.275 0.03343314024 2
0 0.325 -0.265 0.03362492458 2
0 0.325 -0.255 0.03360280747 2
0 0.325 -0.245 0.03330415969 2
0 0.325 -0.235 0.03256077144 2
0 0.325 -0.225 0.03119781598 2
0 0.325 -0.215 0.02930650154 1
0 0.325 -0.205 0.02770074967 1
0 0.325 -0.195 0.02671345238 1
0 0.325 -0.185 0.02634270046 1
0 0.325 -0.175 0.02609210725 1
0 0.325 -0.165 0.02586111131 1
0 0.325 -0.155 0.02566699926 1
0 0.325 -0.145 0.02558560628 1
0 0.325 -0.135 0.02569045268 1
0 0.325 -0.125 0.02595725167 1
0 0.325 -0.115 0.02634522794 1
0 0.325 -0.105 0.02678372362 1
0 0.325 -0.095 0.02719989973 1
0 0.325 -0.085 0.02753170939 1
0 0.325 -0.075 0.02784250826 1
0 0.325 -0.065 0.02810361478 1
0 0.325 -0.055 0.02816605844 1
0 0.325 -0.045 0.02811213634 1
0 0.325 -0.035 0.02783590444 1
0 0.325 -0.025 0.02760965811 1
0 0.325 -0.015 0.02741555113 1
0 0.325 -0.005 0.02740365117 1
0 0.325 0.005 0.02761242316 1
0 0.325 0.015 0.02820038842 1
0 0.325 0.025 0.02955031532 1
0 0.325 0.035 0.03163316619 1
0 0.325 0.045 0.03426957941 2
0 0.325 0.055 0.03623597477 2
0 0.325 0.065 0.03747057992 2
0 0.325 0.075 0.03797446602 2
0 0.325 0.085 0.0381830692 2
0 0.325 0.095 0.03824342722 2
0 0.325 0.105 0.03820979168 2
0 0.325 0.115 0.03802778112 2
0 0.325 0.125 0.03758516913 2
0 0.325 0.135 0.03683165288 2
0 0.325 0.145 0.03571445732 2
0 0.325 0.155 0.03464748459 2
0 0.325 0.165 0.0337121402 1
0 0.325 0.175 0.03357396694 1
0 0.325 0.185 0.03408331909 1
0 0.325 0.195 0.03531892824 2
0 0.325 0.205 0.03639136053 2
0 0.325 0.215 0.03703990339 2
0 0.325 0.225 0.03701651687 2
0 0.325 0.235 0.03663561853 2
0 0.325 0.245 0.03615028789 2
0 0.325 0.255 0.03566180935 2
0 0.325 0.265 0.03511434021 2
0 0.325 0.275 0.03450826373 2
0 0.325 0.285 0.03383166921 2
0 0.325 0.295 0.0330771209 2
0 0.325 0.305 0.03223591482 2
0 0.325 0.315 0.03129893243 2
0 0.325 0.325 0.03025841172 2
0 0.325 0.335 0.02910238619 2
0 0.325 0.345 0.02783434162 2
0 0.325 0.355 0.02641411703 2
0 0.325 0.365 0.02494271575 2
0 0.325 0.375 0.02308697284 2
0 0.325 0.385 0.02187321278 2
0 0.325 0.395 0.01805841223 2
0 0.325 0.405 0.01100317677 2
0 0.325 0.415 0.00440285509 2
0 0.325 0.425 0 2
0 0.325 0.435 0 2
0 0.325 0.445 0 2
0 0.325 0.455 0 2
0 0.325 0.465 0 2
0 0.335 -0.455 0 2
0 0.335 -0.445 0 2
0 0.335 -0.435 0 2
0 0.335 -0.425 0 2
0 0.335 -0.415 0.002822564723 2
0 0.335 -0.405 0.007514444682 2
0 0.335 -0.395 0.01421338827 2
0 0.335 -0.385 0.01922869249 2
0 0.335 -0.375 0.02277843841 2
0 0.335 -0.365 0.0253530302 2
0 0.335 -0.355 0.02683153399 2
0 0.335 -0.345 0.02748702754 2
0 0.335 -0.335 0.02786672858 2
0 0.335 -0.325 0.0282754328 2
0 0.335 -0.315 0.02885040859 2
0 0.335 -0.305 0.02943340973 2
0 0.335 -0.295 0.03000400514 2
0 0.335 -0.285 0.03045176829 2
0 0.335 -0.275 0.0307324745 2
0 0.335 -0.265 0.03076876018 2
0 0.335 -0.255 0.03059942073 2
0 0.335 -0.245 0.03018864246 2
0 0.335 -0.235 0.02955172099 2
0 0.335 -0.225 0.02835288604 2
0 0.335 -0.215 0.02696832413 2
0 0.335 -0.205 0.02541321559 1
0 0.335 -0.195 0.02453667887 1
0 0.335 -0.185 0.02408541497 1
0 0.335 -0.175 0.0238788758 1
0 0.335 -0.165 0.02367041316 1
0 0.335 -0.155 0.02352797197 1
0 0.335 -0.145 0.02343992098 1
0 0.335 -0.135 0.02358937678 1
0 0.335 -0.125 0.02385019099 1
0 0.335 -0.115 0.02427350407 1
0 0.335 -0.105 0.02478295969 1
0 0.335 -0.095 0.02534164069 1
0 0.335 -0.085 0.02578958299 1
0 0.335 -0.075 0.02603863544 1
0 0.335 -0.065 0.02609387136 1
0 0.335 -0.055 0.02598083735 1
0 0.335 -0.045 0.02585514488 1
0 0.335 -0.035 0.02563746028 1
0 0.335 -0.025 0.02543476249 1
0 0.335 -0.015 0.0252469791 1
0 0.335 -0.005 0.02517730147 1
0 0.335 0.005 0.02520030582 1
0 0.335 0.015 0.02548562842 1
0 0.335 0.025 0.0264684362 1
0 0.335 0.035 0.02830906304 1
0 0.335 0.045 0.0307865393 2
0 0.335 0.055 0.03272490216 2
0 0.335 0.065 0.03391829399 2
0 0.335 0.075 0.03437598798 2
0 0.335 0.085 0.03452153183 2
0 0.335 0.095 0.0344748641 2
0 0.335 0.105 0.03421473596 2
0 0.335 0.115 0.03359101169 2
0 0.335 0.125 0.03255230799 2
0 0.335 0.135 0.03116734489 2
0 0.335 0.145 0.0296443288 1
0 0.335 0.155 0.02845784284 1
0 0.335 0.165 0.02760223528 1
0 0.335 0.175 0.02754934392 1
0 0.335 0.185 0.02836419325 1
0 0.335 0.195 0.02995035558 1
0 0.335 0.205 0.03171981562 2
0 0.335 0.215 0.03288182663 2
0 0.335 0.225 0.03332097717 2
0 0.335 0.235 0.0332116691 2
0 0.335 0.245 0.03290391309 2
0 0.335 0.255 0.03254232212 2
0 0.335 0.265 0.03209919811 2
0 0.335 0.275 0.03158477062 2
0 0.335 0.285 0.03099365133 2
0 0.335 0.295 0.03032238247 2
0 0.335 0.305 0.02956541183 2
0 0.335 0.315 0.02871636159 2
0 0.335 0.325 0.02776986371 2
0 0.335 0.335 0.02671636925 2
0 0.335 0.345 0.02556014505 2
0 0.335 0.355 0.02426460587 2
0 0.335 0.365 0.0229225287 2
0 0.335 0.375 0.02122623318 2
0 0.335 0.385 0.02011932507 2
0 0.335 0.395 0.01661554516 2
0 0.335 0.405 0.01012581518 2
0 0.335 0.415 0.004052334704 2
0 0.335 0.425 0 2
0 0.335 0.435 0 2
0 0.335 0.445 0 2
0 0.335 0.455 0 2
0 0.335 0.465 0 2
0 0.345 -0.455 0 2
0 0.345 -0.445 0 2
0 0.345 -0.435 0 2
0 0.345 -0.425 0 2
0 0.345 -0.415 0.002981269535 2
0 0.345 -0.405 0.007811189837 2
0 0.345 -0.395 0.01412662566 2
0 0.345 -0.385 0.01852019236 2
0 0.345 -0.375 0.02118278546 2
0 0.345 -0.365 0.02316195306 2
0 0.345 -0.355 0.02418598762 2
0 0.345 -0.345 0.02470417085 2
0 0.345 -0.335 0.0250668481 2
0 0.345 -0.325 0.02551451258 2
0 0.345 -0.315 0.02609628696 2
0 0.345 -0.305 0.02668296479 2
0 0.345 -0.295 0.02720970061 2
0 0.345 -0.285 0.02753742169 2
0 0.345 -0.275 0.02756385167 2
0 0.345 -0.265 0.02723792292 2
0 0.345 -0.255 0.02672096554 2
0 0.345 -0.245 0.02610018731 2
0 0.345 -0.235 0.02544497574 2
0 0.345 -0.225 0.02452408361 2
0 0.345 -0.215 0.02355367136 2
0 0.345 -0.205 0.02248800455 1
0 0.345 -0.195 0.0218957206 1
0 0.345 -0.185 0.02162392824 1
0 0.345 -0.175 0.02160384804 1
0 0.345 -0.165 0.02160030934 1
0 0.345 -0.155 0.02163738124 1
0 0.345 -0.145 0.02181740155 1
0 0.345 -0.135 0.02218094289 1
0 0.345 -0.125 0.02273396089 1
0 0.345 -0.115 0.02335398307 1
0 0.345 -0.105 0.02407277192 1
0 0.345 -0.095 0.02477318998 1
0 0.345 -0.085 0.02541726201 1
0 0.345 -0.075 0.0256077274 1
0 0.345 -0.065 0.02528024922 1
0 0.345 -0.055 0.02483283459 1
0 0.345 -0.045 0.02434452329 1
0 0.345 -0.035 0.02397369544 1
0 0.345 -0.025 0.0237086246 1
0 0.345 -0.015 0.02354696691 1
0 0.345 -0.005 0.02346594471 1
0 0.345 0.005 0.02353598002 1
0 0.345 0.015 0.02387534201 1
0 0.345 0.025 0.02482139933 1
0 0.345 0.035 0.0263478583 1
0 0.345 0.045 0.02826096061 2
0 0.345 0.055 0.02969179793 2
0 0.345 0.065 0.03051968541 2
0 0.345 0.075 0.03078747702 2
0 0.345 0.085 0.03077069991 2
0 0.345 0.095 0.03054659448 2
0 0.345 0.105 0.02996465782 2
0 0.345 0.115 0.02892605456 2
0 0.345 0.125 0.02740504958 2
0 0.345 0.135 0.02575383064 1
0 0.345 0.145 0.02438330763 1
0 0.345 0.155 0.02351165856 1
0 0.345 0.165 0.02311938096 1
0 0.345 0.175 0.023175405 1
0 0.345 0.185 0.02405797428 1
0 0.345 0.195 0.02553568574 1
0 0.345 0.205 0.0275024679 2
0 0.345 0.215 0.02884260702 2
0 0.345 0.225 0.02953384824 2
0 0.345 0.235 0.02962709916 2
0 0.345 0.245 0.02948798055 2
0 0.345 0.255 0.02924878656 2
0 0.345 0.265 0.02891098727 2
0 0.345 0.275 0.02849112036 2
0 0.345 0.285 0.02799005567 2
0 0.345 0.295 0.02740772543 2
0 0.345 0.305 0.02674136059 2
0 0.345 0.315 0.02598691996 2
0 0.345 0.325 0.02514099535 2
0 0.345 0.335 0.02419609449 2
0 0.345 0.345 0.02315693988 2
0 0.345 0.355 0.02199073623 2
0 0.345 0.365 0.02078170916 2
0 0.345 0.375 0.01925019489 2
0 0.345 0.385 0.01825189339 2
0 0.345 0.395 0.01507648822 2
0 0.345 0.405 0.009188733305 2
0 0.345 0.415 0.003677757668 2
0 0.345 0.425 0 2
0 0.345 0.435 0 2
0 0.345 0.445 0 2
0 0.345 0.455 0 2
0 0.345 0.465 0 2
0 0.355 -0.455 0 2
0 0.355 -0.445 0 2
0 0.355 -0.435 0 2
0 0.355 -0.425 0 2
0 0.355 -0.415 0.003034009961 2
0 0.355 -0.405 0.007794657593 2
0 0.355 -0.395 0.01343206235 2
0 0.355 -0.385 0.01697302157 2
0 0.355 -0.375 0.01865951822 2
0 0.355 -0.365 0.02014397913 2
0 0.355 -0.355 0.02096353057 2
0 0.355 -0.345 0.02150251658 2
0 0.355 -0.335 0.02192164167 2
0 0.355 -0.325 0.0224323634 2
0 0.355 -0.315 0.02302349589 2
0 0.355 -0.305 0.02359084967 2
0 0.355 -0.295 0.0239400126 2
0 0.355 -0.285 0.02393599057 2
0 0.355 -0.275 0.02348833183 2
0 0.355 -0.265 0.02273489309 2
0 0.355 -0.255 0.02182480882 2
0 0.355 -0.245 0.02102722306 2
0 0.355 -0.235 0.02035562727 2
0 0.355 -0.225 0.01980257476 2
0 0.355 -0.215 0.01925776472 1
0 0.355 -0.205 0.01890481478 1
0 0.355 -0.195 0.01876283857 1
0 0.355 -0.185 0.01888860059 1
0 0.355 -0.175 0.01912531958 1
0 0.355 -0.165 0.01938496995 1
0 0.355 -0.155 0.01975794571 1
0 0.355 -0.145 0.02042543818 1
0 0.355 -0.135 0.02131525998 1
0 0.355 -0.125 0.02246825882 1
0 0.355 -0.115 0.02346135977 1
0 0.355 -0.105 0.02442993597 1
0 0.355 -0.095 0.02523937116 1
0 0.355 -0.085 0.02586962925 2
0 0.355 -0.075 0.02598894739 2
0 0.355 -0.065 0.02549092674 1
0 0.355 -0.055 0.02478011709 1
0 0.355 -0.045 0.02386484115 1
0 0.355 -0.035 0.02328084138 1
0 0.355 -0.025 0.02287813933 1
0 0.355 -0.015 0.02267973736 1
0 0.355 -0.005 0.02259861012 1
0 0.355 0.005 0.02273692312 1
0 0.355 0.015 0.02311187788 1
0 0.355 0.025 0.02397412887 1
0 0.355 0.035 0.02503518582 1
0 0.355 0.045 0.02613140508 2
0 0.355 0.055 0.02690668283 2
0 0.355 0.065 0.02722343988 2
0 0.355 0.075 0.0272098212 2
0 0.355 0.085 0.02698372304 2
0 0.355 0.095 0.02653018413 2
0 0.355 0.105 0.02563212686 2
0 0.355 0.115 0.02432202768 2
0 0.355 0.125 0.02263143541 1
0 0.355 0.135 0.02124459004 1
0 0.355 0.145 0.02042101869 1
0 0.355 0.155 0.02008469604 1
0 0.355 0.165 0.0200884811 1
0 0.355 0.175 0.02020615812 1
0 0.355 0.185 0.02092437799 1
0 0.355 0.195 0.02210368899 1
0 0.355 0.205 0.0238117584 2
0 0.355 0.215 0.02505616661 2
0 0.355 0.225 0.02577318664 2
0 0.355 0.235 0.02596701982 2
0 0.355 0.245 0.02595624875 2
0 0.355 0.255 0.0258212265 2
0 0.355 0.265 0.02558172152 2
0 0.355 0.275 0.02525472641 2
0 0.355 0.285 0.02484507631 2
0 0.355 0.295 0.02435477499 2
0 0.355 0.305 0.02378309858 2
0 0.355 0.315 0.02312784145 2
0 0.355 0.325 0.02238718489 2
0 0.355 0.335 0.0215554618 2
0 0.355 0.345 0.02063767468 2
0 0.355 0.355 0.01960504512 2
0 0.355 0.365 0.01853294743 2
0 0.355 0.375 0.01717175491 2
0 0.355 0.385 0.01628466201 2
0 0.355 0.395 0.01345348517 2
0 0.355 0.405 0.008199818678 2
0 0.355 0.415 0.003282339008 2
0 0.355 0.425 0 2
0 0.355 0.435 0 2
0 0.355 0.445 0 2
0 0.355 0.455 0 2
0 0.355 0.465 0 2
0 0.365 -0.455 0 2
0 0.365 -0.445 0 2
0 0.365 -0.435 0 2
0 0.365 -0.425 0 2
0 0.365 -0.415 0.002874713577 2
0 0.365 -0.405 0.007261550536 2
0 0.365 -0.395 0.01198848104 2
0 0.365 -0.385 0.01469830016 2
0 0.365 -0.375 0.01562485508 2
0 0.365 -0.365 0.01679799923 2
0 0.365 -0.355 0.01750910835 2
0 0.365 -0.345 0.01806207997 2
0 0.365 -0.335 0.01851403377 2
0 0.365 -0.325 0.01903955035 2
0 0.365 -0.315 0.019584118 2
0 0.365 -0.305 0.01999679826 2
0 0.365 -0.295 0.02000044308 2
0 0.365 -0.285 0.0195543229 2
0 0.365 -0.275 0.01867573781 2
0 0.365 -0.265 0.01768229466 2
0 0.365 -0.255 0.01657848711 1
0 0.365 -0.245 0.01574685102 1
0 0.365 -0.235 0.01524472851 1
0 0.365 -0.225 0.01508800124 1
0 0.365 -0.215 0.01507845892 1
0 0.365 -0.205 0.01535700996 1
0 0.365 -0.195 0.01571304115 1
0 0.365 -0.185 0.01621689216 1
0 0.365 -0.175 0.0166882902 1
0 0.365 -0.165 0.01722050139 1
0 0.365 -0.155 0.01802724532 1
0 0.365 -0.145 0.01923620699 1
0 0.365 -0.135 0.02084736606 1
0 0.365 -0.125 0.02244461755 2
0 0.365 -0.115 0.02373936149 2
0 0.365 -0.105 0.02472271814 2
0 0.365 -0.095 0.02548190254 2
0 0.365 -0.085 0.02592348681 2
0 0.365 -0.075 0.02598973219 2
0 0.365 -0.065 0.02557963476 2
0 0.365 -0.055 0.02485625282 2
0 0.365 -0.045 0.02399535558 1
0 0.365 -0.035 0.02336856386 1
0 0.365 -0.025 0.0229037919 1
0 0.365 -0.015 0.02264978366 1
0 0.365 -0.005 0.0225329179 1
0 0.365 0.005 0.0226133685 1
0 0.365 0.015 0.02285994525 1
0 0.365 0.025 0.0233052853 2
0 0.365 0.035 0.02375555254 2
0 0.365 0.045 0.02396656057 2
0 0.365 0.055 0.02406624074 2
0 0.365 0.065 0.02387688865 2
0 0.365 0.075 0.02358814318 2
0 0.365 0.085 0.02317927297 2
0 0.365 0.095 0.02253728074 2
0 0.365 0.105 0.02148178459 2
0 0.365 0.115 0.02005572372 2
0 0.365 0.125 0.01864783388 1
0 0.365 0.135 0.01777382564 1
0 0.365 0.145 0.01744765354 1
0 0.365 0.155 0.01744957099 1
0 0.365 0.165 0.01754518869 1
0 0.365 0.175 0.01769992582 1
0 0.365 0.185 0.01827081963 1
0 0.365 0.195 0.01924605017 1
0 0.365 0.205 0.02053347498 2
0 0.365 0.215 0.02150068252 2
0 0.365 0.225 0.02205250093 2
0 0.365 0.235 0.02227470607 2
0 0.365 0.245 0.02234538751 2
0 0.365 0.255 0.02229220018 2
0 0.365 0.265 0.0221400584 2
0 0.365 0.275 0.02190163071 2
0 0.365 0.285 0.02158259604 2
0 0.365 0.295 0.02118549932 2
0 0.365 0.305 0.02071078045 2
0 0.365 0.315 0.0201575629 2
0 0.365 0.325 0.01952531325 2
0 0.365 0.335 0.01881004626 2
0 0.365 0.345 0.01801695445 2
0 0.365 0.355 0.01712149121 2
0 0.365 0.365 0.01618991405 2
0 0.365 0.375 0.01500425379 2
0 0.365 0.385 0.01423127303 2
0 0.365 0.395 0.01175836961 2
0 0.365 0.405 0.007166608502 2
0 0.365 0.415 0.002869111851 2
0 0.365 0.425 0 2
0 0.365 0.435 0 2
0 0.365 0.445 0 2
0 0.365 0.455 0 2
0 0.365 0.465 0 2
0 0.375 -0.455 0 2
0 0.375 -0.445 0 2
0 0.375 -0.435 0 2
0 0.375 -0.425 0 2
0 0.375 -0.415 0.002640262846 2
0 0.375 -0.405 0.006565571944 2
0 0.375 -0.395 0.01030546144 2
0 0.375 -0.385 0.01223514677 2
0 0.375 -0.375 0.01251418279 2
0 0.375 -0.365 0.01342981405 2
0 0.375 -0.355 0.01405091171 2
0 0.375 -0.345 0.01454630747 2
0 0.375 -0.335 0.01491382458 2
0 0.375 -0.325 0.01534074095 2
0 0.375 -0.315 0.01574565737 2
0 0.375 -0.305 0.01588532182 2
0 0.375 -0.295 0.01556416694 2
0 0.375 -0.285 0.01481604409 2
0 0.375 -0.275 0.01380615248 1
0 0.375 -0.265 0.01280286745 1
0 0.375 -0.255 0.0119076935 1
0 0.375 -0.245 0.01136693038 1
0 0.375 -0.235 0.01122057475 1
0 0.375 -0.225 0.01140503433 1
0 0.375 -0.215 0.01180847015 1
0 0.375 -0.205 0.01239219956 1
0 0.375 -0.195 0.01310838642 1
0 0.375 -0.185 0.01393576227 1
0 0.375 -0.175 0.014773468 1
0 0.375 -0.165 0.01565301469 1
0 0.375 -0.155 0.01680061669 1
0 0.375 -0.145 0.01820698154 1
0 0.375 -0.135 0.02003448618 2
0 0.375 -0.125 0.02153266871 2
0 0.375 -0.115 0.02278274858 2
0 0.375 -0.105 0.02352215302 2
0 0.375 -0.095 0.02401697128 2
0 0.375 -0.085 0.02424909927 2
0 0.375 -0.075 0.02433340898 2
0 0.375 -0.065 0.02424224999 2
0 0.375 -0.055 0.02389118893 2
0 0.375 -0.045 0.02351831149 2
0 0.375 -0.035 0.02309374902 2
0 0.375 -0.025 0.02277550621 2
0 0.375 -0.015 0.02252180769 2
0 0.375 -0.005 0.02231106063 2
0 0.375 0.005 0.02214493723 2
0 0.375 0.015 0.022059698 2
0 0.375 0.025 0.02187534021 2
0 0.375 0.035 0.02170265641 2
0 0.375 0.045 0.02125256209 2
0 0.375 0.055 0.02083500709 2
0 0.375 0.065 0.02033056979 2
0 0.375 0.075 0.01987750317 2
0 0.375 0.085 0.019373521 2
0 0.375 0.095 0.01864046086 2
0 0.375 0.105 0.01760842113 2
0 0.375 0.115 0.01625029522 1
0 0.375 0.125 0.01528457335 1
0 0.375 0.135 0.01477129022 1
0 0.375 0.145 0.01473275973 1
0 0.375 0.155 0.01484607429 1
0 0.375 0.165 0.01493622084 1
0 0.375 0.175 0.01512788511 1
0 0.375 0.185 0.01557359376 1
0 0.375 0.195 0.01646253703 1
0 0.375 0.205 0.01732652282 2
0 0.375 0.215 0.0180219768 2
0 0.375 0.225 0.01836219565 2
0 0.375 0.235 0.01856676953 2
0 0.375 0.245 0.01867640686 2
0 0.375 0.255 0.01868589927 2
0 0.375 0.265 0.0186105603 2
0 0.375 0.275 0.01845600516 2
0 0.375 0.285 0.01822589895 2
0 0.375 0.295 0.01792199508 2
0 0.375 0.305 0.01754511905 2
0 0.375 0.315 0.0170953395 2
0 0.375 0.325 0.01657322476 2
0 0.375 0.335 0.01597642774 2
0 0.375 0.345 0.01531031619 2
0 0.375 0.355 0.01455477877 2
0 0.375 0.365 0.01376673902 2
0 0.375 0.375 0.01276117082 2
0 0.375 0.385 0.01210518277 2
0 0.375 0.395 0.01000263236 2
0 0.375 0.405 0.006096362113 2
0 0.375 0.415 0.002440979089 2
0 0.375 0.425 0 2
0 0.375 0.435 0 2
0 0.375 0.445 0 2
0 0.375 0.455 0 2
0 0.375 0.465 0 2
0 0.385 -0.455 0 2
0 0.385 -0.445 0 2
0 0.385 -0.435 0 2
0 0.385 -0.425 0 2
0 0.385 -0.415 0.002493760827 2
0 0.385 -0.405 0.006106416626 2
0 0.385 -0.395 0.009016587778 2
0 0.385 -0.385 0.01009628949 2
0 0.385 -0.375 0.00965811192 2
0 0.385 -0.365 0.01021320267 2
0 0.385 -0.355 0.01063544854 2
0 0.385 -0.345 0.0109871553 2
0 0.385 -0.335 0.01118202962 2
0 0.385 -0.325 0.0113874547 2
0 0.385 -0.315 0.01154595811 2
0 0.385 -0.305 0.01143630406 2
0 0.385 -0.295 0.01100658391 2
0 0.385 -0.285 0.01023525236 1
0 0.385 -0.275 0.009466767591 1
0 0.385 -0.265 0.008778960601 1
0 0.385 -0.255 0.008347484739 1
0 0.385 -0.245 0.008201598465 1
0 0.385 -0.235 0.008366157459 1
0 0.385 -0.225 0.008750355546 1
0 0.385 -0.215 0.009332711619 1
0 0.385 -0.205 0.01002896128 1
0 0.385 -0.195 0.01095491817 1
0 0.385 -0.185 0.01201576546 1
0 0.385 -0.175 0.01327434796 1
0 0.385 -0.165 0.01441760682 1
0 0.385 -0.155 0.01564643972 1
0 0.385 -0.145 0.01689122557 1
0 0.385 -0.135 0.01823860736 2
0 0.385 -0.125 0.01929517699 2
0 0.385 -0.115 0.02011017095 2
0 0.385 -0.105 0.02053334428 2
0 0.385 -0.095 0.02081022446 2
0 0.385 -0.085 0.02094368175 2
0 0.385 -0.075 0.02105376379 2
0 0.385 -0.065 0.0211857099 2
0 0.385 -0.055 0.02119676583 2
0 0.385 -0.045 0.02123461306 2
0 0.385 -0.035 0.02111088901 2
0 0.385 -0.025 0.0209700202 2
0 0.385 -0.015 0.0207281327 2
0 0.385 -0.005 0.02043424303 2
0 0.385 0.005 0.02003455589 2
0 0.385 0.015 0.01960957013 2
0 0.385 0.025 0.01900572886 2
0 0.385 0.035 0.01842381364 2
0 0.385 0.045 0.01770439837 2
0 0.385 0.055 0.01709581504 2
0 0.385 0.065 0.01652061472 2
0 0.385 0.075 0.01604621163 2
0 0.385 0.085 0.01557448263 2
0 0.385 0.095 0.01489956356 2
0 0.385 0.105 0.01401396491 2
0 0.385 0.115 0.01290478357 1
0 0.385 0.125 0.01224577599 1
0 0.385 0.135 0.01192738217 1
0 0.385 0.145 0.01200635804 1
0 0.385 0.155 0.01212552194 1
0 0.385 0.165 0.01223243673 1
0 0.385 0.175 0.01246809245 1
0 0.385 0.185 0.01286937862 1
0 0.385 0.195 0.01360068019 2
0 0.385 0.205 0.01406607129 2
0 0.385 0.215 0.01447388841 2
0 0.385 0.225 0.01464777572 2
0 0.385 0.235 0.01482420947 2
0 0.385 0.245 0.01495530488 2
0 0.385 0.255 0.01501833742 2
0 0.385 0.265 0.01501392249 2
0 0.385 0.275 0.01494038243 2
0 0.385 0.285 0.01479784137 2
0 0.385 0.295 0.0145865608 2
0 0.385 0.305 0.01430734261 2
0 0.385 0.315 0.01396108368 2
0 0.385 0.325 0.01354946508 2
0 0.385 0.335 0.01307186373 2
0 0.385 0.345 0.01253388816 2
0 0.385 0.355 0.01192005868 2
0 0.385 0.365 0.01127780057 2
0 0.385 0.375 0.01045602172 2
0 0.385 0.385 0.009919648885 2
0 0.385 0.395 0.008197467485 2
0 0.385 0.405 0.004996095544 2
0 0.385 0.415 0.002000737818 2
0 0.385 0.425 0 2
0 0.385 0.435 0 2
0 0.385 0.445 0 2
0 0.385 0.455 0 2
0 0.385 0.465 0 2
0 0.395 -0.455 0 2
0 0.395 -0.445 0 2
0 0.395 -0.435 0 2
0 0.395 -0.425 0 2
0 0.395 -0.415 0.002398963173 2
0 0.395 -0.405 0.005821837708 2
0 0.395 -0.395 0.008186560948 2
0 0.395 -0.385 0.008491633637 2
0 0.395 -0.375 0.007247124807 2
0 0.395 -0.365 0.007294341595 2
0 0.395 -0.355 0.00734074374 2
0 0.395 -0.345 0.007405739227 2
0 0.395 -0.335 0.007316508251 2
0 0.395 -0.325 0.007167401882 2
0 0.395 -0.315 0.007003374058 2
0 0.395 -0.305 0.006743051453 2
0 0.395 -0.295 0.006433968125 2
0 0.395 -0.285 0.006016866485 1
0 0.395 -0.275 0.005743140114 1
0 0.395 -0.265 0.005552446659 1
0 0.395 -0.255 0.005593348891 1
0 0.395 -0.245 0.005805206639 1
0 0.395 -0.235 0.006182190605 1
0 0.395 -0.225 0.006662621156 1
0 0.395 -0.215 0.007270344132 1
0 0.395 -0.205 0.008046093311 1
0 0.395 -0.195 0.009101735099 1
0 0.395 -0.185 0.01034831095 1
0 0.395 -0.175 0.01178216595 2
0 0.395 -0.165 0.01298258707 2
0 0.395 -0.155 0.01400023718 2
0 0.395 -0.145 0.0148625929 2
0 0.395 -0.135 0.01550494303 2
0 0.395 -0.125 0.01602636854 2
0 0.395 -0.115 0.01633567519 2
0 0.395 -0.105 0.01649615728 2
0 0.395 -0.095 0.01661994978 2
0 0.395 -0.085 0.01672970365 2
0 0.395 -0.075 0.01685723699 2
0 0.395 -0.065 0.01702880284 2
0 0.395 -0.055 0.01717832475 2
0 0.395 -0.045 0.01734581388 2
0 0.395 -0.035 0.01736845172 2
0 0.395 -0.025 0.01729303759 2
0 0.395 -0.015 0.01706460324 2
0 0.395 -0.005 0.01672331259 2
0 0.395 0.005 0.01623661254 2
0 0.395 0.015 0.01566512554 2
0 0.395 0.025 0.01496001682 2
0 0.395 0.035 0.0142732486 2
0 0.395 0.045 0.01357107851 2
0 0.395 0.055 0.01297679443 2
0 0.395 0.065 0.01246275379 2
0 0.395 0.075 0.01207447359 2
0 0.395 0.085 0.01172802852 2
0 0.395 0.095 0.01125042393 2
0 0.395 0.105 0.01059331131 2
0 0.395 0.115 0.009801207482 1
0 0.395 0.125 0.009316876696 1
0 0.395 0.135 0.009121037405 1
0 0.395 0.145 0.009199587293 1
0 0.395 0.155 0.009308620706 1
0 0.395 0.165 0.009424135433 1
0 0.395 0.175 0.00965826399 1
0 0.395 0.185 0.01002079287 1
0 0.395 0.195 0.01039822562 2
0 0.395 0.205 0.01058281887 2
0 0.395 0.215 0.01074670502 2
0 0.395 0.225 0.01085567705 2
0 0.395 0.235 0.01102600442 2
0 0.395 0.245 0.01118369714 2
0 0.395 0.255 0.01130190957 2
0 0.395 0.265 0.01136894104 2
0 0.395 0.275 0.01137671575 2
0 0.395 0.285 0.01132147349 2
0 0.395 0.295 0.01120201543 2
0 0.395 0.305 0.01101925955 2
0 0.395 0.315 0.01077522791 2
0 0.395 0.325 0.01047300747 2
0 0.395 0.335 0.01011394475 2
0 0.395 0.345 0.009704031828 2
0 0.395 0.355 0.009232602159 2
0 0.395 0.365 0.008737461597 2
0 0.395 0.375 0.008102171358 2
0 0.395 0.385 0.007687600107 2
0 0.395 0.395 0.006353697013 2
0 0.395 0.405 0.003872535817 2
0 0.395 0.415 0.001551068427 2
0 0.395 0.425 0 2
0 0.395 0.435 0 2
0 0.395 0.445 0 2
0 0.395 0.455 0 2
0 0.395 0.465 0 2
0 0.405 -0.455 0 2
0 0.405 -0.445 0 2
0 0.405 -0.435 0 1
0 0.405 -0.425 0 1
0 0.405 -0.415 0.002261101308 1
0 0.405 -0.405 0.005437079266 1
0 0.405 -0.395 0.00737981624 2
0 0.405 -0.385 0.007326752131 2
0 0.405 -0.375 0.005449620178 2
0 0.405 -0.365 0.004817912817 2
0 0.405 -0.355 0.004321229381 2
0 0.405 -0.345 0.003977024676 2
0 0.405 -0.335 0.003551490659 2
0 0.405 -0.325 0.003014804178 2
0 0.405 -0.315 0.002497452951 2
0 0.405 -0.305 0.002144705605 2
0 0.405 -0.295 0.001993628256 2
0 0.405 -0.285 0.002043438288 1
0 0.405 -0.275 0.002312590366 1
0 0.405 -0.265 0.002738018381 1
0 0.405 -0.255 0.003207136163 1
0 0.405 -0.245 0.003659944128 1
0 0.405 -0.235 0.004123825722 1
0 0.405 -0.225 0.00469065703 1
0 0.405 -0.215 0.005362710201 1
0 0.405 -0.205 0.006228780414 1
0 0.405 -0.195 0.007214322162 1
0 0.405 -0.185 0.00840192163 1
0 0.405 -0.175 0.009524770611 2
0 0.405 -0.165 0.0105332642 2
0 0.405 -0.155 0.01121875026 2
0 0.405 -0.145 0.01167830665 2
0 0.405 -0.135 0.01185015683 2
0 0.405 -0.125 0.01197536191 2
0 0.405 -0.115 0.0119969006 2
0 0.405 -0.105 0.01203235907 2
0 0.405 -0.095 0.0120935221 2
0 0.405 -0.085 0.01219545738 2
0 0.405 -0.075 0.012321019 2
0 0.405 -0.065 0.01247110792 2
0 0.405 -0.055 0.0126050635 2
0 0.405 -0.045 0.01271810737 2
0 0.405 -0.035 0.01273708928 2
0 0.405 -0.025 0.01265696152 2
0 0.405 -0.015 0.01243138348 2
0 0.405 -0.005 0.01207040219 2
0 0.405 0.005 0.0115716612 2
0 0.405 0.015 0.01098703287 2
0 0.405 0.025 0.01033105292 2
0 0.405 0.035 0.009688067318 2
0 0.405 0.045 0.009080301126 2
0 0.405 0.055 0.008578103657 2
0 0.405 0.065 0.008179775962 2
0 0.405 0.075 0.007927374281 2
0 0.405 0.085 0.007744407058 2
0 0.405 0.095 0.00753596341 2
0 0.405 0.105 0.007178984255 2
0 0.405 0.115 0.00676477352 1
0 0.405 0.125 0.006414405155 1
0 0.405 0.135 0.006290948515 1
0 0.405 0.145 0.006313776561 1
0 0.405 0.155 0.00643003304 1
0 0.405 0.165 0.006512119663 1
0 0.405 0.175 0.006653922586 1
0 0.405 0.185 0.006766693838 2
0 0.405 0.195 0.006777481423 2
0 0.405 0.205 0.006786788834 2
0 0.405 0.215 0.006831669573 2
0 0.405 0.225 0.006965540273 2
0 0.405 0.235 0.007162504715 2
0 0.405 0.245 0.007366143655 2
0 0.405 0.255 0.00755087657 2
0 0.405 0.265 0.007695997911 2
0 0.405 0.275 0.007788482179 2
0 0.405 0.285 0.007821193718 2
0 0.405 0.295 0.007792227183 2
0 0.405 0.305 0.007703387646 2
0 0.405 0.315 0.00755860477 2
0 0.405 0.325 0.007362989007 2
0 0.405 0.335 0.007120271192 2
0 0.405 0.345 0.006837021778 2
0 0.405 0.355 0.006507521103 2
0 0.405 0.365 0.006159845452 2
0 0.405 0.375 0.005712667933 2
0 0.405 0.385 0.005421503638 2
0 0.405 0.395 0.004481678099 2
0 0.405 0.405 0.002732059726 2
0 0.405 0.415 0.001094515233 2
0 0.405 0.425 0 2
0 0.405 0.435 0 2
0 0.405 0.445 0 2
0 0.405 0.455 0 2
0 0.405 0.465 0 2
0 0.415 -0.455 0 2
0 0.415 -0.445 0 2
0 0.415 -0.435 0 1
0 0.415 -0.425 0 1
0 0.415 -0.415 0.002066866967 1
0 0.415 -0.405 0.004933009651 1
0 0.415 -0.395 0.006436375063 1
0 0.415 -0.385 0.006103774366 2
0 0.415 -0.375 0.003942818375 2
0 0.415 -0.365 0.002704008547 2
0 0.415 -0.355 0.001596056722 2
0 0.415 -0.345 0.0007964539827 2
0 0.415 -0.335 2.805048446e-05 2
0 0.415 -0.325 -0.0008113319617 2
0 0.415 -0.315 -0.00160827459 2
0 0.415 -0.305 -0.002066475462 2
0 0.415 -0.295 -0.002133178265 2
0 0.415 -0.285 -0.001648897855 1
0 0.415 -0.275 -0.0009552849243 1
0 0.415 -0.265 -3.793835094e-05 1
0 0.415 -0.255 0.0007902042257 1
0 0.415 -0.245 0.001493107331 1
0 0.415 -0.235 0.00202339646 1
0 0.415 -0.225 0.002611296112 1
0 0.415 -0.215 0.003290296803 1
0 0.415 -0.205 0.004136847262 1
0 0.415 -0.195 0.004908239048 1
0 0.415 -0.185 0.005739549194 2
0 0.415 -0.175 0.006377413124 2
0 0.415 -0.165 0.006984780745 2
0 0.415 -0.155 0.00732388896 2
0 0.415 -0.145 0.007526848631 2
0 0.415 -0.135 0.007555301406 2
0 0.415 -0.125 0.007560519516 2
0 0.415 -0.115 0.007526564373 2
0 0.415 -0.105 0.007534048795 2
0 0.415 -0.095 0.007577891275 2
0 0.415 -0.085 0.007658964305 2
0 0.415 -0.075 0.007747859323 2
0 0.415 -0.065 0.007835849457 2
0 0.415 -0.055 0.007899154312 2
0 0.415 -0.045 0.00792306961 2
0 0.415 -0.035 0.007873016911 2
0 0.415 -0.025 0.007734033716 2
0 0.415 -0.015 0.007485084996 2
0 0.415 -0.005 0.0071268644 2
0 0.415 0.005 0.006664060273 2
0 0.415 0.015 0.006125994786 2
0 0.415 0.025 0.005544173898 2
0 0.415 0.035 0.004974078953 2
0 0.415 0.045 0.004456201734 2
0 0.415 0.055 0.004038257396 2
0 0.415 0.065 0.003734339848 2
0 0.415 0.075 0.003599089915 2
0 0.415 0.085 0.00357012651 2
0 0.415 0.095 0.003603599537 2
0 0.415 0.105 0.003535688346 2
0 0.415 0.115 0.00352084487 1
0 0.415 0.125 0.003361861055 1
0 0.415 0.135 0.003326173416 1
0 0.415 0.145 0.003266159465 1
0 0.415 0.155 0.00327867522 1
0 0.415 0.165 0.00320564444 1
0 0.415 0.175 0.003113378179 2
0 0.415 0.185 0.002939266372 2
0 0.415 0.195 0.002773679635 2
0 0.415 0.205 0.002716820442 2
0 0.415 0.215 0.002777291563 2
0 0.415 0.225 0.002969299917 2
0 0.415 0.235 0.00322856353 2
0 0.415 0.245 0.003507779965 2
0 0.415 0.255 0.003780558261 2
0 0.415 0.265 0.004017731908 2
0 0.415 0.275 0.004202161799 2
0 0.415 0.285 0.004324096928 2
0 0.415 0.295 0.004382824405 2
0 0.415 0.305 0.004383018763 2
0 0.415 0.315 0.004332171465 2
0 0.415 0.325 0.004238341778 2
0 0.415 0.335 0.004108070946 2
0 0.415 0.345 0.003948699746 2
0 0.415 0.355 0.00375948586 2
0 0.415 0.365 0.003558620421 2
0 0.415 0.375 0.003300085703 2
0 0.415 0.385 0.003133236439 2
0 0.415 0.395 0.002591209007 2
0 0.415 0.405 0.001580630593 2
0 0.415 0.415 0.0006334656062 2
0 0.415 0.425 0 2
0 0.415 0.435 0 2
0 0.415 0.445 0 2
0 0.415 0.455 0 2
0 0.415 0.465 0 2
0 0.425 -0.455 0 1
0 0.425 -0.445 0 1
0 0.425 -0.435 0 1
0 0.425 -0.425 0 1
0 0.425 -0.415 0.001760377123 1
0 0.425 -0.405 0.00416897903 1
0 0.425 -0.395 0.005354485365 1
0 0.425 -0.385 0.004710086437 1
0 0.425 -0.375 0.002476954577 2
0 0.425 -0.365 0.001013428851 2
0 0.425 -0.355 -0.0004786836882 2
0 0.425 -0.345 -0.001653612771 2
0 0.425 -0.335 -0.002666062003 2
0 0.425 -0.325 -0.003709819573 2
0 0.425 -0.315 -0.004753977828 2
0 0.425 -0.305 -0.00543477293 2
0 0.425 -0.295 -0.005630895476 2
0 0.425 -0.285 -0.005083876391 2
0 0.425 -0.275 -0.004163050349 1
0 0.425 -0.265 -0.003002270301 1
0 0.425 -0.255 -0.001953807795 1
0 0.425 -0.245 -0.001086244127 1
0 0.425 -0.235 -0.000505209418 1
0 0.425 -0.225 4.078598233e-05 1
0 0.425 -0.215 0.0006659820581 1
0 0.425 -0.205 0.001300081156 2
0 0.425 -0.195 0.001841707647 2
0 0.425 -0.185 0.002278259238 2
0 0.425 -0.175 0.002584037221 2
0 0.425 -0.165 0.002813077729 2
0 0.425 -0.155 0.002902039116 2
0 0.425 -0.145 0.00295274513 2
0 0.425 -0.135 0.002945000119 2
0 0.425 -0.125 0.002939568379 2
0 0.425 -0.115 0.002924303275 2
0 0.425 -0.105 0.002939811863 2
0 0.425 -0.095 0.002984109509 2
0 0.425 -0.085 0.00305383098 2
0 0.425 -0.075 0.003129131881 2
0 0.425 -0.065 0.003196812016 2
0 0.425 -0.055 0.003237013266 2
0 0.425 -0.045 0.003233130328 2
0 0.425 -0.035 0.003161787757 2
0 0.425 -0.025 0.003005735475 2
0 0.425 -0.015 0.002747153384 2
0 0.425 -0.005 0.002376987881 2
0 0.425 0.005 0.001897062484 2
0 0.425 0.015 0.001331015054 2
0 0.425 0.025 0.000725694 2
0 0.425 0.035 0.000140381361 2
0 0.425 0.045 -0.0003557113506 2
0 0.425 0.055 -0.0007135793488 2
0 0.425 0.065 -0.0009213832083 2
0 0.425 0.075 -0.0009379694937 2
0 0.425 0.085 -0.000838952189 2
0 0.425 0.095 -0.0006338639819 2
0 0.425 0.105 -0.0004777054838 2
0 0.425 0.115 -0.0002580366487 2
0 0.425 0.125 -0.0002052360083 1
0 0.425 0.135 -0.0002031799342 1
0 0.425 0.145 -0.000326184473 1
0 0.425 0.155 -0.0005081857355 2
0 0.425 0.165 -0.0007399080297 2
0 0.425 0.175 -0.001058423241 2
0 0.425 0.185 -0.00134311571 2
0 0.425 0.195 -0.001523999963 2
0 0.425 0.205 -0.001527691971 2
0 0.425 0.215 -0.001371036366 2
0 0.425 0.225 -0.001096315116 2
0 0.425 0.235 -0.0007455457691 2
0 0.425 0.245 -0.000361372422 2
0 0.425 0.255 2.340850014e-05 2
0 0.425 0.265 0.0003677159239 2
0 0.425 0.275 0.000650793891 2
0 0.425 0.285 0.0008609405804 2
0 0.425 0.295 0.001001335975 2
0 0.425 0.305 0.001082035451 2
0 0.425 0.315 0.001116532101 2
0 0.425 0.325 0.001117206365 2
0 0.425 0.335 0.001093705843 2
0 0.425 0.345 0.001054093995 2
0 0.425 0.355 0.001002452554 2
0 0.425 0.365 0.0009468162802 2
0 0.425 0.375 0.0008764067714 2
0 0.425 0.385 0.0008339974126 2
0 0.425 0.395 0.0006914689469 2
0 0.425 0.405 0.0004237566724 2
0 0.425 0.415 0.000170137234 2
0 0.425 0.425 0 2
0 0.425 0.435 0 2
0 0.425 0.445 0 2
0 0.425 0.455 0 2
0 0.425 0.465 0 2
0 0.435 -0.455 0 1
0 0.435 -0.445 0 1
0 0.435 -0.435 0 1
0 0.435 -0.425 0 1
0 0.435 -0.415 0.001300311722 1
0 0.435 -0.405 0.003046530398 1
0 0.435 -0.395 0.003872399288 1
0 0.435 -0.385 0.003169317118 1
0 0.435 -0.375 0.001123479039 1
0 0.435 -0.365 -0.0003732802008 1
0 0.435 -0.355 -0.001924890877 1
0 0.435 -0.345 -0.003223291452 1
0 0.435 -0.335 -0.004286934418 1
0 0.435 -0.325 -0.005400212792 1
0 0.435 -0.315 -0.006638009197 1
0 0.435 -0.305 -0.007697806244 2
0 0.435 -0.295 -0.008142319751 2
0 0.435 -0.285 -0.007909285471 2
0 0.435 -0.275 -0.007137773982 2
0 0.435 -0.265 -0.006197389103 2
0 0.435 -0.255 -0.005186717265 1
0 0.435 -0.245 -0.004441248987 2
0 0.435 -0.235 -0.003921020018 2
0 0.435 -0.225 -0.003507666144 2
0 0.435 -0.215 -0.002999879601 2
0 0.435 -0.205 -0.002560732706 2
0 0.435 -0.195 -0.002133607243 2
0 0.435 -0.185 -0.001888231511 2
0 0.435 -0.175 -0.001765399406 2
0 0.435 -0.165 -0.001740407845 2
0 0.435 -0.155 -0.001759336836 2
0 0.435 -0.145 -0.001778164181 2
0 0.435 -0.135 -0.001784146601 2
0 0.435 -0.125 -0.001765178255 2
0 0.435 -0.115 -0.001737271639 2
0 0.435 -0.105 -0.001690164795 2
0 0.435 -0.095 -0.001627818742 2
0 0.435 -0.085 -0.001554582407 2
0 0.435 -0.075 -0.001482362199 2
0 0.435 -0.065 -0.001424172055 2
0 0.435 -0.055 -0.00139590621 2
0 0.435 -0.045 -0.001412495627 2
0 0.435 -0.035 -0.001492622838 2
0 0.435 -0.025 -0.001652729497 2
0 0.435 -0.015 -0.001915815487 2
0 0.435 -0.005 -0.002298039375 2
0 0.435 0.005 -0.002803785981 2
0 0.435 0.015 -0.003403075534 2
0 0.435 0.025 -0.004042480188 2
0 0.435 0.035 -0.004658074918 2
0 0.435 0.045 -0.005150424222 2
0 0.435 0.055 -0.005477467957 2
0 0.435 0.065 -0.005641129688 2
0 0.435 0.075 -0.005603477694 2
0 0.435 0.085 -0.005477960782 2
0 0.435 0.095 -0.005245744976 2
0 0.435 0.105 -0.00502171853 2
0 0.435 0.115 -0.004794854423 2
0 0.435 0.125 -0.004619502844 2
0 0.435 0.135 -0.00458991724 2
0 0.435 0.145 -0.004708231576 2
0 0.435 0.155 -0.005023754195 2
0 0.435 0.165 -0.00535375611 2
0 0.435 0.175 -0.005718138813 2
0 0.435 0.185 -0.005951489593 2
0 0.435 0.195 -0.006047933161 2
0 0.435 0.205 -0.005957247948 2
0 0.435 0.215 -0.005706028416 2
0 0.435 0.225 -0.005316975709 2
0 0.435 0.235 -0.004814083564 2
0 0.435 0.245 -0.004258562696 2
0 0.435 0.255 -0.003699540654 2
0 0.435 0.265 -0.003212810898 2
0 0.435 0.275 -0.002819192716 2
0 0.435 0.285 -0.002530421592 2
0 0.435 0.295 -0.002324247203 2
0 0.435 0.305 -0.002176348957 2
0 0.435 0.315 -0.002068949077 2
0 0.435 0.325 -0.001983843527 2
0 0.435 0.335 -0.001907959411 2
0 0.435 0.345 -0.001832983251 2
0 0.435 0.355 -0.001750575387 2
0 0.435 0.365 -0.001663302227 2
0 0.435 0.375 -0.001547034221 2
0 0.435 0.385 -0.001465711698 2
0 0.435 0.395 -0.001208982385 2
0 0.435 0.405 -0.0007335100297 2
0 0.435 0.415 -0.0002934192293 2
0 0.435 0.425 0 2
0 0.435 0.435 0 2
0 0.435 0.445 0 2
0 0.435 0.455 0 2
0 0.435 0.465 0 2
0 0.445 -0.455 0 1
0 0.445 -0.445 0 1
0 0.445 -0.435 0 1
0 0.445 -0.425 0 1
0 0.445 -0.415 0.0005551939553 1
0 0.445 -0.405 0.001292995514 1
0 0.445 -0.395 0.001459666014 1
0 0.445 -0.385 0.000869779921 1
0 0.445 -0.375 -0.0005222916479 1
0 0.445 -0.365 -0.001782480524 1
0 0.445 -0.355 -0.003069330714 1
0 0.445 -0.345 -0.004187694924 1
0 0.445 -0.335 -0.00512397805 1
0 0.445 -0.325 -0.006107473735 1
0 0.445 -0.315 -0.007253024252 1
0 0.445 -0.305 -0.008507950937 1
0 0.445 -0.295 -0.009342321906 1
0 0.445 -0.285 -0.009786678658 2
0 0.445 -0.275 -0.009546688338 2
0 0.445 -0.265 -0.009190705212 2
0 0.445 -0.255 -0.008666379334 2
0 0.445 -0.245 -0.008325844215 2
0 0.445 -0.235 -0.00797685387 2
0 0.445 -0.225 -0.007708660651 2
0 0.445 -0.215 -0.007306946411 2
0 0.445 -0.205 -0.006942186101 2
0 0.445 -0.195 -0.006577832251 2
0 0.445 -0.185 -0.006376049999 2
0 0.445 -0.175 -0.006299115861 2
0 0.445 -0.165 -0.006331215343 2
0 0.445 -0.155 -0.006386922175 2
0 0.445 -0.145 -0.006432507296 2
0 0.445 -0.135 -0.006445957694 2
0 0.445 -0.125 -0.006426006311 2
0 0.445 -0.115 -0.006380860504 2
0 0.445 -0.105 -0.006311850922 2
0 0.445 -0.095 -0.006227961637 2
0 0.445 -0.085 -0.006137828534 2
0 0.445 -0.075 -0.006053853151 2
0 0.445 -0.065 -0.005988097637 2
0 0.445 -0.055 -0.005953635208 2
0 0.445 -0.045 -0.005962775013 2
0 0.445 -0.035 -0.006031201459 2
0 0.445 -0.025 -0.006172986428 2
0 0.445 -0.015 -0.006420889617 2
0 0.445 -0.005 -0.006788107483 2
0 0.445 0.005 -0.007291932454 2
0 0.445 0.015 -0.007878652867 2
0 0.445 0.025 -0.008507388268 2
0 0.445 0.035 -0.009092979344 2
0 0.445 0.045 -0.009545742921 2
0 0.445 0.055 -0.00983687166 2
0 0.445 0.065 -0.01000036029 2
0 0.445 0.075 -0.009978391835 2
0 0.445 0.085 -0.009913218087 2
0 0.445 0.095 -0.009755757732 2
0 0.445 0.105 -0.009597933758 2
0 0.445 0.115 -0.009451880449 2
0 0.445 0.125 -0.009340779273 2
0 0.445 0.135 -0.009349926837 2
0 0.445 0.145 -0.009492634273 2
0 0.445 0.155 -0.009760751827 2
0 0.445 0.165 -0.01004117388 2
0 0.445 0.175 -0.01028719458 2
0 0.445 0.185 -0.01038135506 2
0 0.445 0.195 -0.01036438953 2
0 0.445 0.205 -0.01019534439 2
0 0.445 0.215 -0.009870024301 2
0 0.445 0.225 -0.009393666106 2
0 0.445 0.235 -0.008761237832 2
0 0.445 0.245 -0.008044085157 2
0 0.445 0.255 -0.00729714183 2
0 0.445 0.265 -0.006663683645 2
0 0.445 0.275 -0.006161170081 2
0 0.445 0.285 -0.005809056835 2
0 0.445 0.295 -0.005563188238 2
0 0.445 0.305 -0.005372043996 2
0 0.445 0.315 -0.005208086971 2
0 0.445 0.325 -0.005050999137 2
0 0.445 0.335 -0.004884264492 2
0 0.445 0.345 -0.004700299962 2
0 0.445 0.355 -0.00448769711 2
0 0.445 0.365 -0.004260264184 2
0 0.445 0.375 -0.003959512381 2
0 0.445 0.385 -0.003756007685 2
0 0.445 0.395 -0.003102120945 2
0 0.445 0.405 -0.001886516091 2
0 0.445 0.415 -0.0007552956232 2
0 0.445 0.425 0 2
0 0.445 0.435 0 2
0 0.445 0.445 0 2
0 0.445 0.455 0 2
0 0.445 0.465 0 2
0 0.455 -0.455 0 1
0 0.455 -0.445 0 1
0 0.455 -0.435 0 1
0 0.455 -0.425 0 1
0 0.455 -0.415 -0.000439801171 1
0 0.455 -0.405 -0.001078845281 1
0 0.455 -0.395 -0.001869820347 1
0 0.455 -0.385 -0.002358494941 1
0 0.455 -0.375 -0.002767084883 1
0 0.455 -0.365 -0.003402652153 1
0 0.455 -0.355 -0.004149907103 1
0 0.455 -0.345 -0.004916018678 1
0 0.455 -0.335 -0.005657779619 1
0 0.455 -0.325 -0.006437810973 1
0 0.455 -0.315 -0.007369841071 1
0 0.455 -0.305 -0.008475896917 1
0 0.455 -0.295 -0.009533787228 1
0 0.455 -0.285 -0.01055925961 1
0 0.455 -0.275 -0.01117601849 2
0 0.455 -0.265 -0.01162621882 2
0 0.455 -0.255 -0.01182418545 2
0 0.455 -0.245 -0.01191585659 2
0 0.455 -0.235 -0.01189992956 2
0 0.455 -0.225 -0.01185660445 2
0 0.455 -0.215 -0.01159359666 2
0 0.455 -0.205 -0.01135102469 2
0 0.455 -0.195 -0.0110766267 2
0 0.455 -0.185 -0.01091825358 2
0 0.455 -0.175 -0.01088047318 2
0 0.455 -0.165 -0.0109485296 2
0 0.455 -0.155 -0.01103202242 2
0 0.455 -0.145 -0.01109180037 2
0 0.455 -0.135 -0.01110806696 2
0 0.455 -0.125 -0.01107555622 2
0 0.455 -0.115 -0.01100284513 2
0 0.455 -0.105 -0.01089837346 2
0 0.455 -0.095 -0.01077939228 2
0 0.455 -0.085 -0.01065886 2
0 0.455 -0.075 -0.0105509595 2
0 0.455 -0.065 -0.01046600638 2
0 0.455 -0.055 -0.01041383434 2
0 0.455 -0.045 -0.01040255065 2
0 0.455 -0.035 -0.01044379406 2
0 0.455 -0.025 -0.01054649884 2
0 0.455 -0.015 -0.01074952767 2
0 0.455 -0.005 -0.01104864982 2
0 0.455 0.005 -0.01147567094 2
0 0.455 0.015 -0.01186300699 2
0 0.455 0.025 -0.01228553553 2
0 0.455 0.035 -0.01257533139 2
0 0.455 0.045 -0.01283905195 2
0 0.455 0.055 -0.0130599307 2
0 0.455 0.065 -0.01330924454 2
0 0.455 0.075 -0.01347646954 2
0 0.455 0.085 -0.01359410649 2
0 0.455 0.095 -0.01359154536 2
0 0.455 0.105 -0.01353933261 2
0 0.455 0.115 -0.01349057697 2
0 0.455 0.125 -0.01349428781 2
0 0.455 0.135 -0.01355884274 2
0 0.455 0.145 -0.01372318874 2
0 0.455 0.155 -0.0138733056 2
0 0.455 0.165 -0.01400836533 2
0 0.455 0.175 -0.01410702808 2
0 0.455 0.185 -0.01409013904 2
0 0.455 0.195 -0.01399979199 2
0 0.455 0.205 -0.01377289845 2
0 0.455 0.215 -0.01341622735 2
0 0.455 0.225 -0.01291759527 2
0 0.455 0.235 -0.0122568156 2
0 0.455 0.245 -0.01151135503 2
0 0.455 0.255 -0.01067116839 2
0 0.455 0.265 -0.00992821042 2
0 0.455 0.275 -0.009336934532 2
0 0.455 0.285 -0.008949285782 2
0 0.455 0.295 -0.008689720141 2
0 0.455 0.305 -0.008487294167 2
0 0.455 0.315 -0.00829063628 2
0 0.455 0.325 -0.008074615668 2
0 0.455 0.335 -0.00782531119 2
0 0.455 0.345 -0.007537379421 2
0 0.455 0.355 -0.00719809015 2
0 0.455 0.365 -0.00683327707 2
0 0.455 0.375 -0.006350756966 2
0 0.455 0.385 -0.006027430041 2
0 0.455 0.395 -0.004980275103 2
0 0.455 0.405 -0.003030877747 2
0 0.455 0.415 -0.001213675969 2
0 0.455 0.425 0 2
0 0.455 0.435 0 2
0 0.455 0.445 0 2
0 0.455 0.455 0 2
0 0.455 0.465 0 2
0 0.465 -0.455 0 1
0 0.465 -0.445 0 1
0 0.465 -0.435 0 1
0 0.465 -0.425 0 1
0 0.465 -0.415 -0.001516635255 1
0 0.465 -0.405 -0.003681956481 1
0 0.465 -0.395 -0.00566115321 1
0 0.465 -0.385 -0.006288172232 1
0 0.465 -0.375 -0.005759742442 1
0 0.465 -0.365 -0.005610940984 1
0 0.465 -0.355 -0.005622335823 1
0 0.465 -0.345 -0.005900955412 1
0 0.465 -0.335 -0.006368064171 1
0 0.465 -0.325 -0.006857206604 1
0 0.465 -0.315 -0.007440748523 1
0 0.465 -0.305 -0.008202927792 1
0 0.465 -0.295 -0.009299472014 1
0 0.465 -0.285 -0.01062610991 1
0 0.465 -0.275 -0.01202987724 2
0 0.465 -0.265 -0.01312631685 2
0 0.465 -0.255 -0.01382035755 2
0 0.465 -0.245 -0.01423473407 2
0 0.465 -0.235 -0.01455877553 2
0 0.465 -0.225 -0.01488824152 2
0 0.465 -0.215 -0.01508954642 2
0 0.465 -0.205 -0.01524125263 2
0 0.465 -0.195 -0.01525487114 2
0 0.465 -0.185 -0.01523105853 2
0 0.465 -0.175 -0.01529179511 2
0 0.465 -0.165 -0.01542539998 2
0 0.465 -0.155 -0.01557384883 2
0 0.465 -0.145 -0.01567307991 2
0 0.465 -0.135 -0.01570715122 2
0 0.465 -0.125 -0.0156616868 2
0 0.465 -0.115 -0.01555936981 2
0 0.465 -0.105 -0.01541094737 2
0 0.465 -0.095 -0.01524700017 2
0 0.465 -0.085 -0.01508370622 2
0 0.465 -0.075 -0.01494041277 2
0 0.465 -0.065 -0.01482639701 2
0 0.465 -0.055 -0.01474822145 2
0 0.465 -0.045 -0.01470764042 2
0 0.465 -0.035 -0.01470963855 2
0 0.465 -0.025 -0.01475449234 2
0 0.465 -0.015 -0.01487652396 2
0 0.465 -0.005 -0.01504250228 2
0 0.465 0.005 -0.01523019947 2
0 0.465 0.015 -0.01518917527 2
0 0.465 0.025 -0.01516842614 2
0 0.465 0.035 -0.01490568143 1
0 0.465 0.045 -0.01487329587 1
0 0.465 0.055 -0.0149655557 1
0 0.465 0.065 -0.01521673299 1
0 0.465 0.075 -0.01558564496 2
0 0.465 0.085 -0.01582286543 2
0 0.465 0.095 -0.01595470089 2
0 0.465 0.105 -0.01597026125 2
0 0.465 0.115 -0.0159741867 2
0 0.465 0.125 -0.01602357461 2
0 0.465 0.135 -0.01617483091 2
0 0.465 0.145 -0.01643819565 2
0 0.465 0.155 -0.01662639597 2
0 0.465 0.165 -0.01667284807 2
0 0.465 0.175 -0.01658303124 2
0 0.465 0.185 -0.01637989425 2
0 0.465 0.195 -0.01616523993 2
0 0.465 0.205 -0.01590794817 2
0 0.465 0.215 -0.015573872 2
0 0.465 0.225 -0.01514225583 2
0 0.465 0.235 -0.01462205918 2
0 0.465 0.245 -0.01407477981 2
0 0.465 0.255 -0.01346529468 2
0 0.465 0.265 -0.01285025612 2
0 0.465 0.275 -0.0123047578 2
0 0.465 0.285 -0.01193356116 2
0 0.465 0.295 -0.01169674358 2
0 0.465 0.305 -0.01151817734 2
0 0.465 0.315 -0.0113147506 2
0 0.465 0.325 -0.0110503457 2
0 0.465 0.335 -0.01072411846 2
0 0.465 0.345 -0.01033531834 2
0 0.465 0.355 -0.009871730932 2
0 0.465 0.365 -0.009371934532 2
0 0.465 0.375 -0.008710669345 2
0 0.465 0.385 -0.008270626774 2
0 0.465 0.395 -0.006835844245 2
0 0.465 0.405 -0.004162279406 2
0 0.465 0.415 -0.001666760812 2
0 0.465 0.425 0 2
0 0.465 0.435 0 2
0 0.465 0.445 0 2
0 0.465 0.455 0 2
0 0.465 0.465 0 2
0 0.475 -0.455 0 1
0 0.475 -0.445 0 1
0 0.475 -0.435 0 1
0 0.475 -0.425 0 1
0 0.475 -0.415 -0.00248206828 1
0 0.475 -0.405 -0.006031616056 1
0 0.475 -0.395 -0.009031912791 1
0 0.475 -0.385 -0.00984387485 1
0 0.475 -0.375 -0.008704722834 1
0 0.475 -0.365 -0.008124973795 1
0 0.475 -0.355 -0.00751177334 1
0 0.475 -0.345 -0.007243487031 1
0 0.475 -0.335 -0.00735123515 1
0 0.475 -0.325 -0.00763080645 1
0 0.475 -0.315 -0.007979565915 1
0 0.475 -0.305 -0.008426959002 1
0 0.475 -0.295 -0.009407128051 1
0 0.475 -0.285 -0.01081303347 1
0 0.475 -0.275 -0.01251675077 2
0 0.475 -0.265 -0.01378060224 2
0 0.475 -0.255 -0.01458575381 1
0 0.475 -0.245 -0.01524312052 1
0 0.475 -0.235 -0.01595073954 1
0 0.475 -0.225 -0.01674628943 1
0 0.475 -0.215 -0.01771643079 2
0 0.475 -0.205 -0.0184343909 2
0 0.475 -0.195 -0.01901827945 2
0 0.475 -0.185 -0.01933104992 2
0 0.475 -0.175 -0.01964505355 2
0 0.475 -0.165 -0.01994056694 2
0 0.475 -0.155 -0.02020437747 2
0 0.475 -0.145 -0.02034251211 2
0 0.475 -0.135 -0.02037097527 2
0 0.475 -0.125 -0.0202608703 2
0 0.475 -0.115 -0.02007818778 2
0 0.475 -0.105 -0.01983033343 2
0 0.475 -0.095 -0.01958898279 2
0 0.475 -0.085 -0.01936655432 2
0 0.475 -0.075 -0.01918426279 2
0 0.475 -0.065 -0.01903841064 2
0 0.475 -0.055 -0.01893250722 2
0 0.475 -0.045 -0.01886085984 2
0 0.475 -0.035 -0.0188190265 2
0 0.475 -0.025 -0.01879567111 2
0 0.475 -0.015 -0.01880923389 2
0 0.475 -0.005 -0.01879426344 2
0 0.475 0.005 -0.01864459426 2
0 0.475 0.015 -0.01813547026 2
0 0.475 0.025 -0.01749535443 1
0 0.475 0.035 -0.01674297497 1
0 0.475 0.045 -0.01637925433 1
0 0.475 0.055 -0.01630349045 1
0 0.475 0.065 -0.01643535146 1
0 0.475 0.075 -0.01673994763 1
0 0.475 0.085 -0.01689762288 1
0 0.475 0.095 -0.01698119112 1
0 0.475 0.105 -0.01696845813 1
0 0.475 0.115 -0.01697527256 1
0 0.475 0.125 -0.0170461021 1
0 0.475 0.135 -0.01725800755 1
0 0.475 0.145 -0.0175457574 1
0 0.475 0.155 -0.01783827433 2
0 0.475 0.165 -0.0178629082 2
0 0.475 0.175 -0.01758951523 1
0 0.475 0.185 -0.01725384991 1
0 0.475 0.195 -0.01692725851 1
0 0.475 0.205 -0.01666623377 1
0 0.475 0.215 -0.01639186647 1
0 0.475 0.225 -0.01609515215 1
0 0.475 0.235 -0.01578158735 1
0 0.475 0.245 -0.01550405005 1
0 0.475 0.255 -0.01537282722 2
0 0.475 0.265 -0.0152170706 2
0 0.475 0.275 -0.01498002064 2
0 0.475 0.285 -0.01478802869 2
0 0.475 0.295 -0.01461012046 2
0 0.475 0.305 -0.01448236227 2
0 0.475 0.315 -0.01428778609 2
0 0.475 0.325 -0.01397868673 2
0 0.475 0.335 -0.01357583289 2
0 0.475 0.345 -0.01308605651 2
0 0.475 0.355 -0.01249880846 2
0 0.475 0.365 -0.01186574695 2
0 0.475 0.375 -0.01102893334 2
0 0.475 0.385 -0.01047594818 2
0 0.475 0.395 -0.008660943658 2
0 0.475 0.405 -0.005276215268 2
0 0.475 0.415 -0.00211267271 2
0 0.475 0.425 0 2
0 0.475 0.435 0 2
0 0.475 0.445 0 2
0 0.475 0.455 0 2
0 0.475 0.465 0 2
0 0.485 -0.455 0 1
0 0.485 -0.445 0 1
0 0.485 -0.435 0 1
0 0.485 -0.425 0 1
0 0.485 -0.415 -0.003293519791 1
0 0.485 -0.405 -0.008043230059 1
0 0.485 -0.395 -0.01185132012 1
0 0.485 -0.385 -0.01289672601 1
0 0.485 -0.375 -0.01145234089 1
0 0.485 -0.365 -0.01077105809 1
0 0.485 -0.355 -0.009805684038 1
0 0.485 -0.345 -0.009224217577 1
0 0.485 -0.335 -0.009070213722 1
0 0.485 -0.325 -0.009151039298 1
0 0.485 -0.315 -0.009291872138 1
0 0.485 -0.305 -0.009615786836 1
0 0.485 -0.295 -0.01046293791 1
0 0.485 -0.285 -0.01176562975 1
0 0.485 -0.275 -0.01325525286 2
0 0.485 -0.265 -0.01431935258 1
0 0.485 -0.255 -0.0151027202 1
0 0.485 -0.245 -0.01582962366 1
0 0.485 -0.235 -0.0167319254 1
0 0.485 -0.225 -0.01785264583 1
0 0.485 -0.215 -0.0194626028 2
0 0.485 -0.205 -0.02076333026 2
0 0.485 -0.195 -0.022002824 2
0 0.485 -0.185 -0.02279413491 2
0 0.485 -0.175 -0.0234227897 2
0 0.485 -0.165 -0.02392877742 2
0 0.485 -0.155 -0.02435857324 2
0 0.485 -0.145 -0.02461810363 2
0 0.485 -0.135 -0.02474617373 2
0 0.485 -0.125 -0.02464049533 2
0 0.485 -0.115 -0.02444762094 2
0 0.485 -0.105 -0.02412149318 2
0 0.485 -0.095 -0.02379568016 2
0 0.485 -0.085 -0.02348277524 2
0 0.485 -0.075 -0.02324222963 2
0 0.485 -0.065 -0.02306435973 2
0 0.485 -0.055 -0.02294116828 2
0 0.485 -0.045 -0.02284726861 2
0 0.485 -0.035 -0.02276689484 2
0 0.485 -0.025 -0.02267652305 2
0 0.485 -0.015 -0.02257866656 2
0 0.485 -0.005 -0.02239144705 2
0 0.485 0.005 -0.02191999695 2
0 0.485 0.015 -0.02100858974 2
0 0.485 0.025 -0.01979325136 1
0 0.485 0.035 -0.01878668175 1
0 0.485 0.045 -0.01818218086 1
0 0.485 0.055 -0.01796510284 1
0 0.485 0.065 -0.01790581644 1
0 0.485 0.075 -0.01790101842 1
0 0.485 0.085 -0.01786967016 1
0 0.485 0.095 -0.01780507667 1
0 0.485 0.105 -0.01771986658 1
0 0.485 0.115 -0.01768743505 1
0 0.485 0.125 -0.01772155157 1
0 0.485 0.135 -0.01788270715 1
0 0.485 0.145 -0.01811154088 1
0 0.485 0.155 -0.01838654817 1
0 0.485 0.165 -0.01837669456 1
0 0.485 0.175 -0.01805671968 1
0 0.485 0.185 -0.01772241437 1
0 0.485 0.195 -0.01742195513 1
0 0.485 0.205 -0.01720922334 1
0 0.485 0.215 -0.01699090539 1
0 0.485 0.225 -0.01677983245 1
0 0.485 0.235 -0.01659061748 1
0 0.485 0.245 -0.01650941177 1
0 0.485 0.255 -0.01672524081 1
0 0.485 0.265 -0.01712724203 2
0 0.485 0.275 -0.01735940467 2
0 0.485 0.285 -0.01751047854 2
0 0.485 0.295 -0.01748173978 2
0 0.485 0.305 -0.0174176415 2
0 0.485 0.315 -0.01722507795 2
0 0.485 0.325 -0.0168626483 2
0 0.485 0.335 -0.01637588675 2
0 0.485 0.345 -0.01578111322 2
0 0.485 0.355 -0.01506888568 2
0 0.485 0.365 -0.01430355509 2
0 0.485 0.375 -0.01329457356 2
0 0.485 0.385 -0.01263300664 2
0 0.485 0.395 -0.01044702587 2
0 0.485 0.405 -0.006367709279 2
0 0.485 0.415 -0.00254935603 2
0 0.485 0.425 0 2
0 0.485 0.435 0 2
0 0.485 0.445 0 2
0 0.485 0.455 0 2
0 0.485 0.465 0 2
0 0.495 -0.455 0 2
0 0.495 -0.445 0 2
0 0.495 -0.435 0 1
0 0.495 -0.425 0 1
0 0.495 -0.415 -0.003939364744 1
0 0.495 -0.405 -0.009675867743 1
0 0.495 -0.395 -0.01429618293 1
0 0.495 -0.385 -0.01581202978 2
0 0.495 -0.375 -0.01433803046 2
0 0.495 -0.365 -0.01382952161 2
0 0.495 -0.355 -0.012821652 1
0 0.495 -0.345 -0.01218450942 1
0 0.495 -0.335 -0.01187810886 1
0 0.495 -0.325 -0.01177377479 1
0 0.495 -0.315 -0.01174543388 1
0 0.495 -0.305 -0.01198145952 1
0 0.495 -0.295 -0.01257713315 1
0 0.495 -0.285 -0.01356246629 2
0 0.495 -0.275 -0.01450947752 1
0 0.495 -0.265 -0.01532336046 1
0 0.495 -0.255 -0.01608788185 1
0 0.495 -0.245 -0.01674234343 1
0 0.495 -0.235 -0.01754885566 1
0 0.495 -0.225 -0.01875253597 1
0 0.495 -0.215 -0.0204846241 1
0 0.495 -0.205 -0.02232965203 2
0 0.495 -0.195 -0.02395140543 2
0 0.495 -0.185 -0.02510963762 2
0 0.495 -0.175 -0.02597230868 2
0 0.495 -0.165 -0.02667060634 2
0 0.495 -0.155 -0.02726384257 2
0 0.495 -0.145 -0.02771991735 2
0 0.495 -0.135 -0.0281193718 2
0 0.495 -0.125 -0.0282640228 2
0 0.495 -0.115 -0.0282946167 2
0 0.495 -0.105 -0.02803456392 2
0 0.495 -0.095 -0.02770797243 2
0 0.495 -0.085 -0.02735823459 2
0 0.495 -0.075 -0.02707394462 2
0 0.495 -0.065 -0.02687597586 2
0 0.495 -0.055 -0.02675063534 2
0 0.495 -0.045 -0.02665673193 2
0 0.495 -0.035 -0.02655466928 2
0 0.495 -0.025 -0.02641169116 2
0 0.495 -0.015 -0.02621980737 2
0 0.495 -0.005 -0.02589326385 2
0 0.495 0.005 -0.02517675736 2
0 0.495 0.015 -0.02397710001 2
0 0.495 0.025 -0.02246481252 1
0 0.495 0.035 -0.02132689008 1
0 0.495 0.045 -0.02063900644 1
0 0.495 0.055 -0.0203261927 1
0 0.495 0.065 -0.02003500929 1
0 0.495 0.075 -0.01971291052 1
0 0.495 0.085 -0.01942247195 1
0 0.495 0.095 -0.01916270235 1
0 0.495 0.105 -0.01898473989 1
0 0.495 0.115 -0.01888952549 1
0 0.495 0.125 -0.01887210729 1
0 0.495 0.135 -0.01894659178 1
0 0.495 0.145 -0.01907849118 1
0 0.495 0.155 -0.01918655851 1
0 0.495 0.165 -0.01915358944 1
0 0.495 0.175 -0.01897012732 1
0 0.495 0.185 -0.01871601398 1
0 0.495 0.195 -0.01848875374 1
0 0.495 0.205 -0.0183025183 1
0 0.495 0.215 -0.0181057946 1
0 0.495 0.225 -0.01791290905 1
0 0.495 0.235 -0.01773080595 1
0 0.495 0.245 -0.01768215278 1
0 0.495 0.255 -0.01802299463 1
0 0.495 0.265 -0.01882111101 1
0 0.495 0.275 -0.01964985832 2
0 0.495 0.285 -0.02020514796 2
0 0.495 0.295 -0.02039978568 2
0 0.495 0.305 -0.02037186893 2
0 0.495 0.315 -0.0201413313 2
0 0.495 0.325 -0.01970275229 2
0 0.495 0.335 -0.01911727669 2
0 0.495 0.345 -0.01840999089 2
0 0.495 0.355 -0.01756996354 2
0 0.495 0.365 -0.01667294156 2
0 0.495 0.375 -0.01549554742 2
0 0.495 0.385 -0.01473028555 2
0 0.495 0.395 -0.01218454877 2
0 0.495 0.405 -0.007431065104 2
0 0.495 0.415 -0.002974489417 2
0 0.495 0.425 0 2
0 0.495 0.435 0 2
0 0.495 0.445 0 2
0 0.495 0.455 0 2
0 0.495 0.465 0 2
0 0.505 -0.455 0 2
0 0.505 -0.445 0 2
0 0.505 -0.435 0 2
0 0.505 -0.425 0 1
0 0.505 -0.415 -0.00441060289 1
0 0.505 -0.405 -0.01092775711 1
0 0.505 -0.395 -0.01638372574 1
0 0.505 -0.385 -0.01841887362 2
0 0.505 -0.375 -0.01703372262 2
0 0.505 -0.365 -0.01686379529 2
0 0.505 -0.355 -0.01629855066 2
0 0.505 -0.345 -0.01603300558 2
0 0.505 -0.335 -0.01578674825 2
0 0.505 -0.325 -0.01557721149 2
0 0.505 -0.315 -0.01542448476 2
0 0.505 -0.305 -0.01547548501 2
0 0.505 -0.295 -0.01572880658 2
0 0.505 -0.285 -0.01606352725 1
0 0.505 -0.275 -0.01643549358 1
0 0.505 -0.265 -0.01707736313 1
0 0.505 -0.255 -0.01780772834 1
0 0.505 -0.245 -0.0183825303 1
0 0.505 -0.235 -0.01891950128 1
0 0.505 -0.225 -0.01994517259 1
0 0.505 -0.215 -0.02126048545 1
0 0.505 -0.205 -0.02316331066 2
0 0.505 -0.195 -0.02454636886 2
0 0.505 -0.185 -0.02568953484 2
0 0.505 -0.175 -0.02652830534 2
0 0.505 -0.165 -0.02730458441 2
0 0.505 -0.155 -0.02800711148 2
0 0.505 -0.145 -0.02875192163 2
0 0.505 -0.135 -0.02957873718 2
0 0.505 -0.125 -0.03031980986 2
0 0.505 -0.115 -0.03089658822 2
0 0.505 -0.105 -0.03109779533 2
0 0.505 -0.095 -0.03100961779 2
0 0.505 -0.085 -0.03080747055 2
0 0.505 -0.075 -0.03057312872 2
0 0.505 -0.065 -0.03042753978 2
0 0.505 -0.055 -0.03034265778 2
0 0.505 -0.045 -0.03028411629 2
0 0.505 -0.035 -0.03018786184 2
0 0.505 -0.025 -0.03001732839 2
0 0.505 -0.015 -0.02975080775 2
0 0.505 -0.005 -0.02930509184 2
0 0.505 0.005 -0.02841610893 2
0 0.505 0.015 -0.02700601478 2
0 0.505 0.025 -0.02528135412 1
0 0.505 0.035 -0.0239918424 1
0 0.505 0.045 -0.02321649605 1
0 0.505 0.055 -0.02286171387 1
0 0.505 0.065 -0.0224839234 1
0 0.505 0.075 -0.02203208179 1
0 0.505 0.085 -0.02157326645 1
0 0.505 0.095 -0.02114074938 1
0 0.505 0.105 -0.02084333814 1
0 0.505 0.115 -0.02069162503 1
0 0.505 0.125 -0.02067255082 1
0 0.505 0.135 -0.02072647895 1
0 0.505 0.145 -0.02077238355 1
0 0.505 0.155 -0.02077618978 1
0 0.505 0.165 -0.02072822617 1
0 0.505 0.175 -0.02065975648 1
0 0.505 0.185 -0.02054024033 1
0 0.505 0.195 -0.02038170081 1
0 0.505 0.205 -0.0201627704 1
0 0.505 0.215 -0.01990751951 1
0 0.505 0.225 -0.01965651355 1
0 0.505 0.235 -0.01942851048 1
0 0.505 0.245 -0.01935183109 1
0 0.505 0.255 -0.01981058186 1
0 0.505 0.265 -0.02077123191 1
0 0.505 0.275 -0.02216461924 2
0 0.505 0.285 -0.02307833635 2
0 0.505 0.295 -0.02347039049 2
0 0.505 0.305 -0.02338352268 2
0 0.505 0.315 -0.02303929046 2
0 0.505 0.325 -0.02249112593 2
0 0.505 0.335 -0.0217876737 2
0 0.505 0.345 -0.0209586996 2
0 0.505 0.355 -0.01998770297 2
0 0.505 0.365 -0.01895979171 2
0 0.505 0.375 -0.01761847047 2
0 0.505 0.385 -0.01675488908 2
0 0.505 0.395 -0.01386276689 2
0 0.505 0.405 -0.008459703958 2
0 0.505 0.415 -0.003385430867 2
0 0.505 0.425 0 2
0 0.505 0.435 0 2
0 0.505 0.445 0 2
0 0.505 0.455 0 2
0 0.505 0.465 0 2
0 0.515 -0.455 0 2
0 0.515 -0.445 0 2
0 0.515 -0.435 0 2
0 0.515 -0.425 0 2
0 0.515 -0.415 -0.004679929633 2
0 0.515 -0.405 -0.01169733928 2
0 0.515 -0.395 -0.0178205111 2
0 0.515 -0.385 -0.02032849523 2
0 0.515 -0.375 -0.01941199694 2
0 0.515 -0.365 -0.0198251925 2
0 0.515 -0.355 -0.01982887935 2
0 0.515 -0.345 -0.01989545855 2
0 0.515 -0.335 -0.01977595917 2
0 0.515 -0.325 -0.01959759014 2
0 0.515 -0.315 -0.01944879957 2
0 0.515 -0.305 -0.01922853564 2
0 0.515 -0.295 -0.0190415735 2
0 0.515 -0.285 -0.01870754051 1
0 0.515 -0.275 -0.01882995738 1
0 0.515 -0.265 -0.01926075304 1
0 0.515 -0.255 -0.01982662521 1
0 0.515 -0.245 -0.02021759426 1
0 0.515 -0.235 -0.020515268 1
0 0.515 -0.225 -0.02123770905 1
0 0.515 -0.215 -0.02207512046 1
0 0.515 -0.205 -0.02339937993 2
0 0.515 -0.195 -0.02410120419 1
0 0.515 -0.185 -0.0248726111 1
0 0.515 -0.175 -0.02551562942 1
0 0.515 -0.165 -0.02623024567 1
0 0.515 -0.155 -0.0269572122 1
0 0.515 -0.145 -0.02791567931 1
0 0.515 -0.135 -0.02906663754 1
0 0.515 -0.125 -0.03050922169 2
0 0.515 -0.115 -0.03172621359 2
0 0.515 -0.105 -0.03279986406 2
0 0.515 -0.095 -0.03333658358 2
0 0.515 -0.085 -0.0336626999 2
0 0.515 -0.075 -0.03367451987 2
0 0.515 -0.065 -0.03369492182 2
0 0.515 -0.055 -0.0337142205 2
0 0.515 -0.045 -0.03373250428 2
0 0.515 -0.035 -0.03367585988 2
0 0.515 -0.025 -0.03351129049 2
0 0.515 -0.015 -0.03320757835 2
0 0.515 -0.005 -0.03268466753 2
0 0.515 0.005 -0.03162507431 2
0 0.515 0.015 -0.03001075903 2
0 0.515 0.025 -0.02798941724 1
0 0.515 0.035 -0.02657412907 1
0 0.515 0.045 -0.02570452738 1
0 0.515 0.055 -0.02535320238 1
0 0.515 0.065 -0.02495268293 1
0 0.515 0.075 -0.02443715177 1
0 0.515 0.085 -0.02389198258 1
0 0.515 0.095 -0.0233162036 1
0 0.515 0.105 -0.02292071467 1
0 0.515 0.115 -0.02269951132 1
0 0.515 0.125 -0.02266020887 1
0 0.515 0.135 -0.02277478398 1
0 0.515 0.145 -0.02285171217 1
0 0.515 0.155 -0.02291875217 1
0 0.515 0.165 -0.02288988822 1
0 0.515 0.175 -0.02282197865 1
0 0.515 0.185 -0.02268178768 1
0 0.515 0.195 -0.02247627751 1
0 0.515 0.205 -0.02219094572 1
0 0.515 0.215 -0.02186464817 1
0 0.515 0.225 -0.02156203945 1
0 0.515 0.235 -0.02136790004 1
0 0.515 0.245 -0.02149745542 1
0 0.515 0.255 -0.02229526483 1
0 0.515 0.265 -0.02357010317 1
0 0.515 0.275 -0.02527191734 2
0 0.515 0.285 -0.0263038202 2
0 0.515 0.295 -0.0266919689 2
0 0.515 0.305 -0.02643559853 2
0 0.515 0.315 -0.0258996045 2
0 0.515 0.325 -0.02520706926 2
0 0.515 0.335 -0.02436753797 2
0 0.515 0.345 -0.02340895483 2
0 0.515 0.355 -0.02230507666 2
0 0.515 0.365 -0.0211481488 2
0 0.515 0.375 -0.01964856099 2
0 0.515 0.385 -0.01869250805 2
0 0.515 0.395 -0.0154697078 2
0 0.515 0.405 -0.009446138546 2
0 0.515 0.415 -0.003779211534 2
0 0.515 0.425 0 2
0 0.515 0.435 0 2
0 0.515 0.445 0 2
0 0.515 0.455 0 2
0 0.515 0.465 0 2
0 0.525 -0.455 0 2
0 0.525 -0.445 0 2
0 0.525 -0.435 0 2
0 0.525 -0.425 0 2
0 0.525 -0.415 -0.004794617251 2
0 0.525 -0.405 -0.011998837 2
0 0.525 -0.395 -0.01858181153 2
0 0.525 -0.385 -0.02155075393 2
0 0.525 -0.375 -0.02129684132 2
0 0.525 -0.365 -0.02228071158 2
0 0.525 -0.355 -0.02279171073 2
0 0.525 -0.345 -0.02318787184 2
0 0.525 -0.335 -0.02325935116 2
0 0.525 -0.325 -0.02319766441 2
0 0.525 -0.315 -0.0230513751 2
0 0.525 -0.305 -0.02254868487 2
0 0.525 -0.295 -0.02188334363 2
0 0.525 -0.285 -0.02116711051 1
0 0.525 -0.275 -0.02110414023 1
0 0.525 -0.265 -0.02139756105 1
0 0.525 -0.255 -0.02179770562 1
0 0.525 -0.245 -0.0220033927 1
0 0.525 -0.235 -0.02227681535 1
0 0.525 -0.225 -0.02272843254 1
0 0.525 -0.215 -0.02332109357 2
0 0.525 -0.205 -0.02374434145 1
0 0.525 -0.195 -0.02389468378 1
0 0.525 -0.185 -0.02418701703 1
0 0.525 -0.175 -0.02470025103 1
0 0.525 -0.165 -0.02533113881 1
0 0.525 -0.155 -0.02597864329 1
0 0.525 -0.145 -0.02685631287 1
0 0.525 -0.135 -0.02798661244 1
0 0.525 -0.125 -0.02963286977 1
0 0.525 -0.115 -0.0312899546 1
0 0.525 -0.105 -0.03325256919 2
0 0.525 -0.095 -0.03467086786 2
0 0.525 -0.085 -0.03583517595 2
0 0.525 -0.075 -0.03637947654 2
0 0.525 -0.065 -0.0366875613 2
0 0.525 -0.055 -0.0368808792 2
0 0.525 -0.045 -0.03701195783 2
0 0.525 -0.035 -0.0370264297 2
0 0.525 -0.025 -0.03690339973 2
0 0.525 -0.015 -0.03661060134 2
0 0.525 -0.005 -0.0360566702 2
0 0.525 0.005 -0.03490593082 2
0 0.525 0.015 -0.03315948276 2
0 0.525 0.025 -0.03086715174 1
0 0.525 0.035 -0.02925468713 1
0 0.525 0.045 -0.02820993528 1
0 0.525 0.055 -0.0277908415 1
0 0.525 0.065 -0.02741105469 1
0 0.525 0.075 -0.02699787488 1
0 0.525 0.085 -0.02663479975 1
0 0.525 0.095 -0.02625498678 1
0 0.525 0.105 -0.02601275324 1
0 0.525 0.115 -0.02575770409 1
0 0.525 0.125 -0.02551431611 1
0 0.525 0.135 -0.02534849133 1
0 0.525 0.145 -0.0251720791 1
0 0.525 0.155 -0.02509627623 1
0 0.525 0.165 -0.02495926152 1
0 0.525 0.175 -0.02480967322 1
0 0.525 0.185 -0.02459731919 1
0 0.525 0.195 -0.02435815511 1
0 0.525 0.205 -0.02408685839 1
0 0.525 0.215 -0.02392508893 1
0 0.525 0.225 -0.02389350211 1
0 0.525 0.235 -0.02412711951 1
0 0.525 0.245 -0.02475595432 1
0 0.525 0.255 -0.0259036472 1
0 0.525 0.265 -0.0274751963 1
0 0.525 0.275 -0.02904129903 2
0 0.525 0.285 -0.02989790263 2
0 0.525 0.295 -0.02998137025 2
0 0.525 0.305 -0.02944988037 2
0 0.525 0.315 -0.02867576069 2
0 0.525 0.325 -0.02781623977 2
0 0.525 0.335 -0.02683022455 2
0 0.525 0.345 -0.02573842572 2
0 0.525 0.355 -0.02450261773 2
0 0.525 0.365 -0.02322044206 2
0 0.525 0.375 -0.02156984626 2
0 0.525 0.385 -0.02052763671 2
0 0.525 0.395 -0.01699236156 2
0 0.525 0.405 -0.01038210551 2
0 0.525 0.415 -0.004152585433 2
0 0.525 0.425 0 2
0 0.525 0.435 0 2
0 0.525 0.445 0 2
0 0.525 0.455 0 2
0 0.525 0.465 0 2
0 0.535 -0.455 0 2
0 0.535 -0.445 0 2
0 0.535 -0.435 0 2
0 0.535 -0.425 0 2
0 0.535 -0.415 -0.004898679319 2
0 0.535 -0.405 -0.0122461895 2
0 0.535 -0.395 -0.01932357882 2
0 0.535 -0.385 -0.02274654772 2
0 0.535 -0.375 -0.02299013307 2
0 0.535 -0.365 -0.02428972472 2
0 0.535 -0.355 -0.02509335136 2
0 0.535 -0.345 -0.02575648572 2
0 0.535 -0.335 -0.02608011575 2
0 0.535 -0.325 -0.02621245526 2
0 0.535 -0.315 -0.02601013249 2
0 0.535 -0.305 -0.02533282233 2
0 0.535 -0.295 -0.0241768205 1
0 0.535 -0.285 -0.0233639726 1
0 0.535 -0.275 -0.02312548729 1
0 0.535 -0.265 -0.02342022863 1
0 0.535 -0.255 -0.02371179417 1
0 0.535 -0.245 -0.0238827371 1
0 0.535 -0.235 -0.02427765123 1
0 0.535 -0.225 -0.0246569747 1
0 0.535 -0.215 -0.02515026947 2
0 0.535 -0.205 -0.02476557167 1
0 0.535 -0.195 -0.02459480073 1
0 0.535 -0.185 -0.02452315291 1
0 0.535 -0.175 -0.02499580656 1
0 0.535 -0.165 -0.02555723368 1
0 0.535 -0.155 -0.02615598963 1
0 0.535 -0.145 -0.02685252478 1
0 0.535 -0.135 -0.02773939206 1
0 0.535 -0.125 -0.02899896483 1
0 0.535 -0.115 -0.03080611755 1
0 0.535 -0.105 -0.03324625591 1
0 0.535 -0.095 -0.03566190914 2
0 0.535 -0.085 -0.03759969191 2
0 0.535 -0.075 -0.03879452764 2
0 0.535 -0.065 -0.03946415989 2
0 0.535 -0.055 -0.03987825895 2
0 0.535 -0.045 -0.04013722493 2
0 0.535 -0.035 -0.0402428111 2
0 0.535 -0.025 -0.04019330223 2
0 0.535 -0.015 -0.03997425911 2
0 0.535 -0.005 -0.03948415924 2
0 0.535 0.005 -0.03843743852 2
0 0.535 0.015 -0.03664724742 2
0 0.535 0.025 -0.0342352872 1
0 0.535 0.035 -0.03210768897 1
0 0.535 0.045 -0.03076351762 1
0 0.535 0.055 -0.03011837702 1
0 0.535 0.065 -0.02983214198 1
0 0.535 0.075 -0.02984075136 1
0 0.535 0.085 -0.03009801757 1
0 0.535 0.095 -0.03062587122 1
0 0.535 0.105 -0.03095795163 1
0 0.535 0.115 -0.03088349375 1
0 0.535 0.125 -0.03040186372 1
0 0.535 0.135 -0.0295665488 1
0 0.535 0.145 -0.02875517376 1
0 0.535 0.155 -0.02805636205 1
0 0.535 0.165 -0.02752034385 1
0 0.535 0.175 -0.02713439934 1
0 0.535 0.185 -0.02684305844 1
0 0.535 0.195 -0.02662367305 1
0 0.535 0.205 -0.02657197077 1
0 0.535 0.215 -0.02689369012 1
0 0.535 0.225 -0.02751998476 1
0 0.535 0.235 -0.02852957523 1
0 0.535 0.245 -0.02966368284 1
0 0.535 0.255 -0.03091339823 1
0 0.535 0.265 -0.03230975362 2
0 0.535 0.275 -0.0332538225 2
0 0.535 0.285 -0.03360703912 2
0 0.535 0.295 -0.03318194114 2
0 0.535 0.305 -0.0323178439 2
0 0.535 0.315 -0.03130650122 2
0 0.535 0.325 -0.03027630753 2
0 0.535 0.335 -0.02914461248 2
0 0.535 0.345 -0.02792218849 2
0 0.535 0.355 -0.02655929544 2
0 0.535 0.365 -0.02515808233 2
0 0.535 0.375 -0.0233656161 2
0 0.535 0.385 -0.02224402126 2
0 0.535 0.395 -0.01841706534 2
0 0.535 0.405 -0.01125884326 2
0 0.535 0.415 -0.004502130151 2
0 0.535 0.425 0 2
0 0.535 0.435 0 2
0 0.535 0.445 0 2
0 0.535 0.455 0 2
0 0.535 0.465 0 2
0 0.545 -0.455 0 2
0 0.545 -0.445 0 2
0 0.545 -0.435 0 2
0 0.545 -0.425 0 2
0 0.545 -0.415 -0.005076338545 2
0 0.545 -0.405 -0.0127080037 2
0 0.545 -0.395 -0.02034364184 2
0 0.545 -0.385 -0.02413528077 2
0 0.545 -0.375 -0.02464962985 2
0 0.545 -0.365 -0.02609305188 2
0 0.545 -0.355 -0.02706407769 2
0 0.545 -0.345 -0.02795975736 2
0 0.545 -0.335 -0.02861309635 2
0 0.545 -0.325 -0.02903577481 2
0 0.545 -0.315 -0.02886049511 2
0 0.545 -0.305 -0.0280822436 2
0 0.545 -0.295 -0.02656930686 1
0 0.545 -0.285 -0.02559941242 1
0 0.545 -0.275 -0.02507758857 1
0 0.545 -0.265 -0.02523984604 1
0 0.545 -0.255 -0.02557784506 1
0 0.545 -0.245 -0.02603279003 1
0 0.545 -0.235 -0.02685299313 1
0 0.545 -0.225 -0.02762001322 1
0 0.545 -0.215 -0.02804065139 2
0 0.545 -0.205 -0.02727511698 1
0 0.545 -0.195 -0.02670114171 1
0 0.545 -0.185 -0.02629156667 1
0 0.545 -0.175 -0.02657303967 1
0 0.545 -0.165 -0.02697338969 1
0 0.545 -0.155 -0.02746755285 1
0 0.545 -0.145 -0.0279464524 1
0 0.545 -0.135 -0.02854318271 1
0 0.545 -0.125 -0.02937274643 1
0 0.545 -0.115 -0.03114953751 1
0 0.545 -0.105 -0.03366367592 1
0 0.545 -0.095 -0.03693463303 2
0 0.545 -0.085 -0.03946281056 2
0 0.545 -0.075 -0.04120430803 2
0 0.545 -0.065 -0.04215058663 2
0 0.545 -0.055 -0.04274880195 2
0 0.545 -0.045 -0.04311970118 2
0 0.545 -0.035 -0.04331751696 2
0 0.545 -0.025 -0.04336083897 2
0 0.545 -0.015 -0.04326896369 2
0 0.545 -0.005 -0.04295894628 2
0 0.545 0.005 -0.04222172153 2
0 0.545 0.015 -0.04063090746 2
0 0.545 0.025 -0.03842954323 2
0 0.545 0.035 -0.03577865466 1
0 0.545 0.045 -0.03398238416 1
0 0.545 0.055 -0.03293570192 1
0 0.545 0.065 -0.03281531293 1
0 0.545 0.075 -0.03357490974 1
0 0.545 0.085 -0.03487954873 1
0 0.545 0.095 -0.03666399642 2
0 0.545 0.105 -0.03772401636 2
0 0.545 0.115 -0.03794399035 2
0 0.545 0.125 -0.03732215358 2
0 0.545 0.135 -0.03594008779 1
0 0.545 0.145 -0.03449194214 1
0 0.545 0.155 -0.03297289668 1
0 0.545 0.165 -0.03194237275 1
0 0.545 0.175 -0.03122828045 1
0 0.545 0.185 -0.03082200988 1
0 0.545 0.195 -0.03062475751 1
0 0.545 0.205 -0.03083788144 1
0 0.545 0.215 -0.03161736438 1
0 0.545 0.225 -0.03294252349 1
0 0.545 0.235 -0.03445164492 2
0 0.545 0.245 -0.03570378463 2
0 0.545 0.255 -0.03663300634 2
0 0.545 0.265 -0.03730172564 2
0 0.545 0.275 -0.03739863001 2
0 0.545 0.285 -0.03700043205 2
0 0.545 0.295 -0.03605156893 2
0 0.545 0.305 -0.03491727803 2
0 0.545 0.315 -0.03372723054 2
0 0.545 0.325 -0.03254333852 2
0 0.545 0.335 -0.03127855362 2
0 0.545 0.345 -0.02993472804 2
0 0.545 0.355 -0.02845374096 2
0 0.545 0.365 -0.0269422888 2
0 0.545 0.375 -0.02501904232 2
0 0.545 0.385 -0.02382526602 2
0 0.545 0.395 -0.01973002102 2
0 0.545 0.405 -0.01206746747 2
0 0.545 0.415 -0.004824382183 2
0 0.545 0.425 0 2
0 0.545 0.435 0 2
0 0.545 0.445 0 2
0 0.545 0.455 0 2
0 0.545 0.465 0 2
0 0.555 -0.455 0 2
0 0.555 -0.445 0 2
0 0.555 -0.435 0 2
0 0.555 -0.425 0 2
0 0.555 -0.415 -0.005295596786 2
0 0.555 -0.405 -0.01326133617 2
0 0.555 -0.395 -0.02139600672 2
0 0.555 -0.385 -0.02552830925 2
0 0.555 -0.375 -0.02627699595 2
0 0.555 -0.365 -0.0278929758 2
0 0.555 -0.355 -0.02903961177 2
0 0.555 -0.345 -0.03015563451 2
0 0.555 -0.335 -0.03113432117 2
0 0.555 -0.325 -0.03188272872 2
0 0.555 -0.315 -0.03195085782 2
0 0.555 -0.305 -0.0312108171 2
0 0.555 -0.295 -0.02967442868 1
0 0.555 -0.285 -0.02826282406 1
0 0.555 -0.275 -0.02740748695 1
0 0.555 -0.265 -0.02737397052 1
0 0.555 -0.255 -0.0280100116 1
0 0.555 -0.245 -0.02912863621 1
0 0.555 -0.235 -0.03066683116 1
0 0.555 -0.225 -0.03198188741 2
0 0.555 -0.215 -0.03231534674 2
0 0.555 -0.205 -0.0315866408 1
0 0.555 -0.195 -0.03047172479 1
0 0.555 -0.185 -0.02961351085 1
0 0.555 -0.175 -0.02926849605 1
0 0.555 -0.165 -0.02924825624 1
0 0.555 -0.155 -0.0294713722 1
0 0.555 -0.145 -0.02984431457 1
0 0.555 -0.135 -0.030368839 1
0 0.555 -0.125 -0.03116521802 1
0 0.555 -0.115 -0.03299036189 1
0 0.555 -0.105 -0.0356228722 1
0 0.555 -0.095 -0.03915206677 2
0 0.555 -0.085 -0.04187095871 2
0 0.555 -0.075 -0.04378164027 2
0 0.555 -0.065 -0.04483367975 2
0 0.555 -0.055 -0.04551728226 2
0 0.555 -0.045 -0.04595663749 2
0 0.555 -0.035 -0.04622891099 2
0 0.555 -0.025 -0.04636655448 2
0 0.555 -0.015 -0.04641138203 2
0 0.555 -0.005 -0.04631523497 2
0 0.555 0.005 -0.04596926898 2
0 0.555 0.015 -0.04489182704 2
0 0.555 0.025 -0.04316568906 2
0 0.555 0.035 -0.04069673696 1
0 0.555 0.045 -0.03866431838 1
0 0.555 0.055 -0.03751541736 1
0 0.555 0.065 -0.03757121203 1
0 0.555 0.075 -0.03878921099 1
0 0.555 0.085 -0.04087977158 1
0 0.555 0.095 -0.0431950003 2
0 0.555 0.105 -0.04472041479 2
0 0.555 0.115 -0.04521725748 2
0 0.555 0.125 -0.04469086254 2
0 0.555 0.135 -0.04335916025 2
0 0.555 0.145 -0.04173318469 2
0 0.555 0.155 -0.0399413459 1
0 0.555 0.165 -0.03862897667 1
0 0.555 0.175 -0.03765054988 1
0 0.555 0.185 -0.03709770832 1
0 0.555 0.195 -0.03686659476 1
0 0.555 0.205 -0.03713502564 1
0 0.555 0.215 -0.03792130124 1
0 0.555 0.225 -0.03926311759 2
0 0.555 0.235 -0.04050041533 2
0 0.555 0.245 -0.04135864192 2
0 0.555 0.255 -0.04163178829 2
0 0.555 0.265 -0.04139780953 2
0 0.555 0.275 -0.0407424605 2
0 0.555 0.285 -0.03974385689 2
0 0.555 0.295 -0.03849034662 2
0 0.555 0.305 -0.0371909178 2
0 0.555 0.315 -0.03588751095 2
0 0.555 0.325 -0.03458033242 2
0 0.555 0.335 -0.03320303132 2
0 0.555 0.345 -0.03175220807 2
0 0.555 0.355 -0.03016560224 2
0 0.555 0.365 -0.0285549972 2
0 0.555 0.375 -0.02651385793 2
0 0.555 0.385 -0.0252554937 2
0 0.555 0.395 -0.02091785698 2
0 0.555 0.405 -0.01279937573 2
0 0.555 0.415 -0.005115983377 2
0 0.555 0.425 0 2
0 0.555 0.435 0 2
0 0.555 0.445 0 2
0 0.555 0.455 0 2
0 0.555 0.465 0 2
0 0.565 -0.455 0 2
0 0.565 -0.445 0 2
0 0.565 -0.435 0 2
0 0.565 -0.425 0 2
0 0.565 -0.415 -0.005511618928 2
0 0.565 -0.405 -0.01379881581 2
0 0.565 -0.395 -0.02233402279 2
0 0.565 -0.385 -0.02672517632 2
0 0.565 -0.375 -0.02764469027 2
0 0.565 -0.365 -0.02945437371 2
0 0.565 -0.355 -0.03079779887 2
0 0.565 -0.345 -0.03213613714 2
0 0.565 -0.335 -0.03341579062 2
0 0.565 -0.325 -0.03453863954 2
0 0.565 -0.315 -0.03513109424 2
0 0.565 -0.305 -0.03477178156 2
0 0.565 -0.295 -0.03366979293 2
0 0.565 -0.285 -0.03205805135 1
0 0.565 -0.275 -0.03109898097 1
0 0.565 -0.265 -0.03097767134 1
0 0.565 -0.255 -0.03187677623 1
0 0.565 -0.245 -0.03359355503 1
0 0.565 -0.235 -0.03560209338 2
0 0.565 -0.225 -0.03719041258 2
0 0.565 -0.215 -0.03756558419 2
0 0.565 -0.205 -0.03711980562 2
0 0.565 -0.195 -0.03585573977 1
0 0.565 -0.185 -0.03477189466 1
0 0.565 -0.175 -0.03376002737 1
0 0.565 -0.165 -0.03331674697 1
0 0.565 -0.155 -0.03325190048 1
0 0.565 -0.145 -0.03355229615 1
0 0.565 -0.135 -0.03406704521 1
0 0.565 -0.125 -0.03500395922 1
0 0.565 -0.115 -0.03680534153 1
0 0.565 -0.105 -0.03949994009 1
0 0.565 -0.095 -0.04254856122 2
0 0.565 -0.085 -0.04495842358 2
0 0.565 -0.075 -0.04656895409 2
0 0.565 -0.065 -0.04752516551 2
0 0.565 -0.055 -0.04817305476 2
0 0.565 -0.045 -0.04862504743 2
0 0.565 -0.035 -0.04894139993 2
0 0.565 -0.025 -0.04915753836 2
0 0.565 -0.015 -0.04931789469 2
0 0.565 -0.005 -0.04942932284 2
0 0.565 0.005 -0.04946167228 2
0 0.565 0.015 -0.04909470265 2
0 0.565 0.025 -0.04809376475 2
0 0.565 0.035 -0.04659758057 2
0 0.565 0.045 -0.04499865765 1
0 0.565 0.055 -0.04420822936 1
0 0.565 0.065 -0.0444118688 1
0 0.565 0.075 -0.04556750991 1
0 0.565 0.085 -0.04755990815 2
0 0.565 0.095 -0.04935584334 2
0 0.565 0.105 -0.05066300915 2
0 0.565 0.115 -0.05107556032 2
0 0.565 0.125 -0.05078052308 2
0 0.565 0.135 -0.0500420223 2
0 0.565 0.145 -0.04888133459 2
0 0.565 0.155 -0.04758394367 2
0 0.565 0.165 -0.04641612161 2
0 0.565 0.175 -0.04551269419 2
0 0.565 0.185 -0.04488903956 2
0 0.565 0.195 -0.04448499814 2
0 0.565 0.205 -0.04439541485 2
0 0.565 0.215 -0.0446290011 2
0 0.565 0.225 -0.04515959258 2
0 0.565 0.235 -0.04551718523 2
0 0.565 0.245 -0.04551749648 2
0 0.565 0.255 -0.04501436847 2
0 0.565 0.265 -0.04414600561 2
0 0.565 0.275 -0.04306795479 2
0 0.565 0.285 -0.0418253568 2
0 0.565 0.295 -0.04048973538 2
0 0.565 0.305 -0.03912662424 2
0 0.565 0.315 -0.037759341 2
0 0.565 0.325 -0.03636147112 2
0 0.565 0.335 -0.0348947124 2
0 0.565 0.345 -0.03335411751 2
0 0.565 0.355 -0.03167663576 2
0 0.565 0.365 -0.02997964538 2
0 0.565 0.375 -0.02783497102 2
0 0.565 0.385 -0.0265199475 2
0 0.565 0.395 -0.0219681409 2
0 0.565 0.405 -0.01344661099 2
0 0.565 0.415 -0.005373814238 2
0 0.565 0.425 0 2
0 0.565 0.435 0 2
0 0.565 0.445 0 2
0 0.565 0.455 0 2
0 0.565 0.465 0 2
0 0.575 -0.455 0 2
0 0.575 -0.445 0 2
0 0.575 -0.435 0 2
0 0.575 -0.425 0 2
0 0.575 -0.415 -0.005708704335 2
0 0.575 -0.405 -0.01429395648 2
0 0.575 -0.395 -0.0231787537 2
0 0.575 -0.385 -0.02779274916 2
0 0.575 -0.375 -0.02884735572 2
0 0.575 -0.365 -0.0308261515 2
0 0.575 -0.355 -0.03234066576 2
0 0.575 -0.345 -0.03387362322 2
0 0.575 -0.335 -0.03538253921 2
0 0.575 -0.325 -0.0368360247 2
0 0.575 -0.315 -0.03799538527 2
0 0.575 -0.305 -0.03830526828 2
0 0.575 -0.295 -0.03787657551 2
0 0.575 -0.285 -0.03676649319 1
0 0.575 -0.275 -0.03611374987 1
0 0.575 -0.265 -0.03615103509 1
0 0.575 -0.255 -0.03709767909 1
0 0.575 -0.245 -0.03886273558 2
0 0.575 -0.235 -0.04069997721 2
0 0.575 -0.225 -0.04220399798 2
0 0.575 -0.215 -0.04282964526 2
0 0.575 -0.205 -0.0428591183 2
0 0.575 -0.195 -0.04213555538 2
0 0.575 -0.185 -0.04130398745 2
0 0.575 -0.175 -0.04025118673 1
0 0.575 -0.165 -0.03966021184 1
0 0.575 -0.155 -0.03942535743 1
0 0.575 -0.145 -0.03963622744 1
0 0.575 -0.135 -0.04011404991 1
0 0.575 -0.125 -0.0410425495 1
0 0.575 -0.115 -0.0425021152 1
0 0.575 -0.105 -0.04469282048 2
0 0.575 -0.095 -0.04673008995 2
0 0.575 -0.085 -0.04843725219 2
0 0.575 -0.075 -0.04946821467 2
0 0.575 -0.065 -0.05015046122 2
0 0.575 -0.055 -0.05066668767 2
0 0.575 -0.045 -0.05108239404 2
0 0.575 -0.035 -0.05141011641 2
0 0.575 -0.025 -0.05167890802 2
0 0.575 -0.015 -0.05192316015 2
0 0.575 -0.005 -0.05218907586 2
0 0.575 0.005 -0.05247983539 2
0 0.575 0.015 -0.05272804386 2
0 0.575 0.025 -0.05265199561 2
0 0.575 0.035 -0.0523864991 2
0 0.575 0.045 -0.05189366608 2
0 0.575 0.055 -0.05173888881 2
0 0.575 0.065 -0.05204165512 2
0 0.575 0.075 -0.05277627514 2
0 0.575 0.085 -0.05383279851 2
0 0.575 0.095 -0.05458289183 2
0 0.575 0.105 -0.05508488634 2
0 0.575 0.115 -0.05514809073 2
0 0.575 0.125 -0.0550175938 2
0 0.575 0.135 -0.05477677894 2
0 0.575 0.145 -0.05420577599 2
0 0.575 0.155 -0.05353929168 2
0 0.575 0.165 -0.05270249608 2
0 0.575 0.175 -0.05196160765 2
0 0.575 0.185 -0.05127022624 2
0 0.575 0.195 -0.05066477211 2
0 0.575 0.205 -0.05014086762 2
0 0.575 0.215 -0.04973521611 2
0 0.575 0.225 -0.04930098794 2
0 0.575 0.235 -0.04874293868 2
0 0.575 0.245 -0.04796503139 2
0 0.575 0.255 -0.04699215693 2
0 0.575 0.265 -0.04589275344 2
0 0.575 0.275 -0.04470412222 2
0 0.575 0.285 -0.0434295446 2
0 0.575 0.295 -0.04210041088 2
0 0.575 0.305 -0.04073356739 2
0 0.575 0.315 -0.03933039403 2
0 0.575 0.325 -0.03787083139 2
0 0.575 0.335 -0.03633640373 2
0 0.575 0.345 -0.03472393854 2
0 0.575 0.355 -0.03297132444 2
0 0.575 0.365 -0.03120170212 2
0 0.575 0.375 -0.02896891965 2
0 0.575 0.385 -0.02760544809 2
0 0.575 0.395 -0.02286977112 2
0 0.575 0.405 -0.01400213119 2
0 0.575 0.415 -0.005595095349 2
0 0.575 0.425 0 2
0 0.575 0.435 0 2
0 0.575 0.445 0 2
0 0.575 0.455 0 2
0 0.575 0.465 0 2
0 0.585 -0.455 0 2
0 0.585 -0.445 0 2
0 0.585 -0.435 0 2
0 0.585 -0.425 0 2
0 0.585 -0.415 -0.005876764651 2
0 0.585 -0.405 -0.01471767837 2
0 0.585 -0.395 -0.0238924885 2
0 0.585 -0.385 -0.0286883561 2
0 0.585 -0.375 -0.02984591667 2
0 0.585 -0.365 -0.03196298903 2
0 0.585 -0.355 -0.03361499349 2
0 0.585 -0.345 -0.0353012139 2
0 0.585 -0.335 -0.03694616699 2
0 0.585 -0.325 -0.03861943521 2
0 0.585 -0.315 -0.04018619054 2
0 0.585 -0.305 -0.04125659864 2
0 0.585 -0.295 -0.04169743258 2
0 0.585 -0.285 -0.04167823403 2
0 0.585 -0.275 -0.04164561457 2
0 0.585 -0.265 -0.0419486031 2
0 0.585 -0.255 -0.04269856901 2
0 0.585 -0.245 -0.04384038971 2
0 0.585 -0.235 -0.04499185312 2
0 0.585 -0.225 -0.04607254223 2
0 0.585 -0.215 -0.04689398537 2
0 0.585 -0.205 -0.04750040797 2
0 0.585 -0.195 -0.04771628327 2
0 0.585 -0.185 -0.04755755261 2
0 0.585 -0.175 -0.04721751996 2
0 0.585 -0.165 -0.04699223547 2
0 0.585 -0.155 -0.04699801365 2
0 0.585 -0.145 -0.04723986871 2
0 0.585 -0.135 -0.04759606139 2
0 0.585 -0.125 -0.04818339419 2
0 0.585 -0.115 -0.04899429348 2
0 0.585 -0.105 -0.05010287885 2
0 0.585 -0.095 -0.05097116405 2
0 0.585 -0.085 -0.05172118105 2
0 0.585 -0.075 -0.05215174009 2
0 0.585 -0.065 -0.0525506488 2
0 0.585 -0.055 -0.05292062251 2
0 0.585 -0.045 -0.05327273547 2
0 0.585 -0.035 -0.05358572598 2
0 0.585 -0.025 -0.05387735297 2
0 0.585 -0.015 -0.0541674324 2
0 0.585 -0.005 -0.05450765099 2
0 0.585 0.005 -0.05493529218 2
0 0.585 0.015 -0.05549346365 2
0 0.585 0.025 -0.05606572496 2
0 0.585 0.035 -0.05661336263 2
0 0.585 0.045 -0.05707847802 2
0 0.585 0.055 -0.05746035478 2
0 0.585 0.065 -0.05782961434 2
0 0.585 0.075 -0.05816028226 2
0 0.585 0.085 -0.05834202112 2
0 0.585 0.095 -0.05834409861 2
0 0.585 0.105 -0.05824127681 2
0 0.585 0.115 -0.05806223249 2
0 0.585 0.125 -0.05790776882 2
0 0.585 0.135 -0.05774715246 2
0 0.585 0.145 -0.05743566273 2
0 0.585 0.155 -0.05703685265 2
0 0.585 0.165 -0.05640703985 2
0 0.585 0.175 -0.05570787676 2
0 0.585 0.185 -0.0549327962 2
0 0.585 0.195 -0.05415999472 2
0 0.585 0.205 -0.05333691505 2
0 0.585 0.215 -0.05248993356 2
0 0.585 0.225 -0.05151588016 2
0 0.585 0.235 -0.05050118879 2
0 0.585 0.245 -0.04940789298 2
0 0.585 0.255 -0.04828529121 2
0 0.585 0.265 -0.04713192227 2
0 0.585 0.275 -0.04595085907 2
0 0.585 0.285 -0.04471076888 2
0 0.585 0.295 -0.04340405088 2
0 0.585 0.305 -0.04203394321 2
0 0.585 0.315 -0.04060087388 2
0 0.585 0.325 -0.0391006287 2
0 0.585 0.335 -0.03751663706 2
0 0.585 0.345 -0.0358491337 2
0 0.585 0.355 -0.03403705987 2
0 0.585 0.365 -0.03220891075 2
0 0.585 0.375 -0.02990412743 2
0 0.585 0.385 -0.02850066204 2
0 0.585 0.395 -0.0236132093 2
0 0.585 0.405 -0.01445996062 2
0 0.585 0.415 -0.005777447329 2
0 0.585 0.425 0 2
0 0.585 0.435 0 2
0 0.585 0.445 0 2
0 0.585 0.455 0 2
0 0.585 0.465 0 2
0 0.595 -0.455 0 2
0 0.595 -0.445 0 2
0 0.595 -0.435 0 2
0 0.595 -0.425 0 2
0 0.595 -0.415 -0.00600994189 2
0 0.595 -0.405 -0.01505411346 2
0 0.595 -0.395 -0.02445687207 2
0 0.595 -0.385 -0.02939496833 2
0 0.595 -0.375 -0.03063026802 2
0 0.595 -0.365 -0.03285311382 2
0 0.595 -0.355 -0.03460598841 2
0 0.595 -0.345 -0.03639966834 2
0 0.595 -0.335 -0.03812309751 2
0 0.595 -0.325 -0.0399014517 2
0 0.595 -0.315 -0.04163781942 2
0 0.595 -0.305 -0.04319407702 2
0 0.595 -0.295 -0.04435748395 2
0 0.595 -0.285 -0.0452372551 2
0 0.595 -0.275 -0.04577767986 2
0 0.595 -0.265 -0.04626908392 2
0 0.595 -0.255 -0.04676172779 2
0 0.595 -0.245 -0.04728008491 2
0 0.595 -0.235 -0.04791420031 2
0 0.595 -0.225 -0.04865377393 2
0 0.595 -0.215 -0.04952438626 2
0 0.595 -0.205 -0.05045174725 2
0 0.595 -0.195 -0.05133047677 2
0 0.595 -0.185 -0.05189793273 2
0 0.595 -0.175 -0.05236209547 2
0 0.595 -0.165 -0.05264652752 2
0 0.595 -0.155 -0.05298224688 2
0 0.595 -0.145 -0.05328819183 2
0 0.595 -0.135 -0.05354992183 2
0 0.595 -0.125 -0.05377380671 2
0 0.595 -0.115 -0.0539978324 2
0 0.595 -0.105 -0.0541578296 2
0 0.595 -0.095 -0.05423989061 2
0 0.595 -0.085 -0.05431727562 2
0 0.595 -0.075 -0.05440218826 2
0 0.595 -0.065 -0.05460126319 2
0 0.595 -0.055 -0.05485567917 2
0 0.595 -0.045 -0.05514033716 2
0 0.595 -0.035 -0.05542398285 2
0 0.595 -0.025 -0.05571375807 2
0 0.595 -0.015 -0.05602428406 2
0 0.595 -0.005 -0.0563922621 2
0 0.595 0.005 -0.05686332403 2
0 0.595 0.015 -0.05746855215 2
0 0.595 0.025 -0.05820424825 2
0 0.595 0.035 -0.05899785463 2
0 0.595 0.045 -0.05981443797 2
0 0.595 0.055 -0.06044764556 2
0 0.595 0.065 -0.06085957125 2
0 0.595 0.075 -0.06102424436 2
0 0.595 0.085 -0.06096081499 2
0 0.595 0.095 -0.06084793495 2
0 0.595 0.105 -0.06074411098 2
0 0.595 0.115 -0.06061977727 2
0 0.595 0.125 -0.06047911045 2
0 0.595 0.135 -0.06017370252 2
0 0.595 0.145 -0.05968506821 2
0 0.595 0.155 -0.05897882105 2
0 0.595 0.165 -0.05813184815 2
0 0.595 0.175 -0.05723201608 2
0 0.595 0.185 -0.05632630848 2
0 0.595 0.195 -0.05543472571 2
0 0.595 0.205 -0.05451783042 2
0 0.595 0.215 -0.05357691798 2
0 0.595 0.225 -0.05256335815 2
0 0.595 0.235 -0.0515118968 2
0 0.595 0.245 -0.050409822 2
0 0.595 0.255 -0.04929243733 2
0 0.595 0.265 -0.04814561572 2
0 0.595 0.275 -0.04696013166 2
0 0.595 0.285 -0.04571278029 2
0 0.595 0.295 -0.04440165758 2
0 0.595 0.305 -0.04302324464 2
0 0.595 0.315 -0.04157330617 2
0 0.595 0.325 -0.04004642657 2
0 0.595 0.335 -0.03842771836 2
0 0.595 0.345 -0.03672036567 2
0 0.595 0.355 -0.03486388504 2
0 0.595 0.365 -0.03299124943 2
0 0.595 0.375 -0.03063095582 2
0 0.595 0.385 -0.02919617897 2
0 0.595 0.395 -0.0241905529 2
0 0.595 0.405 -0.01481522614 2
0 0.595 0.415 -0.005918909299 2
0 0.595 0.425 0 2
0 0.595 0.435 0 2
0 0.595 0.445 0 2
0 0.595 0.455 0 2
0 0.595 0.465 0 2
0 0.605 -0.455 0 2
0 0.605 -0.445 0 2
0 0.605 -0.435 0 2
0 0.605 -0.425 0 2
0 0.605 -0.415 -0.006102814175 2
0 0.605 -0.405 -0.01528890689 2
0 0.605 -0.395 -0.02485231893 2
0 0.605 -0.385 -0.02989164057 2
0 0.605 -0.375 -0.03118330247 2
0 0.605 -0.365 -0.03348019114 2
0 0.605 -0.355 -0.0352996989 2
0 0.605 -0.345 -0.03715632492 2
0 0.605 -0.335 -0.03891440367 2
0 0.605 -0.325 -0.04069104409 2
0 0.605 -0.315 -0.04243589615 2
0 0.605 -0.305 -0.04413281326 2
0 0.605 -0.295 -0.04562115977 2
0 0.605 -0.285 -0.04688825345 2
0 0.605 -0.275 -0.04778003253 2
0 0.605 -0.265 -0.04840722206 2
0 0.605 -0.255 -0.04883928043 2
0 0.605 -0.245 -0.04918679958 2
0 0.605 -0.235 -0.04967174949 2
0 0.605 -0.225 -0.0502979834 2
0 0.605 -0.215 -0.05113307625 2
0 0.605 -0.205 -0.05208279392 2
0 0.605 -0.195 -0.05311218862 2
0 0.605 -0.185 -0.05404291947 2
0 0.605 -0.175 -0.05492996086 2
0 0.605 -0.165 -0.05558301993 2
0 0.605 -0.155 -0.05612201772 2
0 0.605 -0.145 -0.05648291795 2
0 0.605 -0.135 -0.05670898421 2
0 0.605 -0.125 -0.05675332577 2
0 0.605 -0.115 -0.0566770375 2
0 0.605 -0.105 -0.05645749437 2
0 0.605 -0.095 -0.05627157553 2
0 0.605 -0.085 -0.05614183189 2
0 0.605 -0.075 -0.05612728385 2
0 0.605 -0.065 -0.05622919604 2
0 0.605 -0.055 -0.05641179221 2
0 0.605 -0.045 -0.05663973583 2
0 0.605 -0.035 -0.05688866239 2
0 0.605 -0.025 -0.05715817803 2
0 0.605 -0.015 -0.05745712494 2
0 0.605 -0.005 -0.05780265452 2
0 0.605 0.005 -0.05822576165 2
0 0.605 0.015 -0.05874707654 2
0 0.605 0.025 -0.05937629905 2
0 0.605 0.035 -0.06005732189 2
0 0.605 0.045 -0.06074555686 2
0 0.605 0.055 -0.06132295152 2
0 0.605 0.065 -0.06176351061 2
0 0.605 0.075 -0.06205442402 2
0 0.605 0.085 -0.06224794511 2
0 0.605 0.095 -0.06237439713 2
0 0.605 0.105 -0.06251217965 2
0 0.605 0.115 -0.06249345355 2
0 0.605 0.125 -0.06239358878 2
0 0.605 0.135 -0.06186638898 2
0 0.605 0.145 -0.06109152905 2
0 0.605 0.155 -0.05998029428 2
0 0.605 0.165 -0.05881861322 2
0 0.605 0.175 -0.05766268849 2
0 0.605 0.185 -0.05660640551 2
0 0.605 0.195 -0.05566172928 2
0 0.605 0.205 -0.05477560721 2
0 0.605 0.215 -0.05389894925 2
0 0.605 0.225 -0.05298236252 2
0 0.605 0.235 -0.05202209962 2
0 0.605 0.245 -0.05100585856 2
0 0.605 0.255 -0.04993854945 2
0 0.605 0.265 -0.04881617483 2
0 0.605 0.275 -0.04763760042 2
0 0.605 0.285 -0.04639696145 2
0 0.605 0.295 -0.04508900521 2
0 0.605 0.305 -0.04370814818 2
0 0.605 0.315 -0.04224864437 2
0 0.605 0.325 -0.04070530725 2
0 0.605 0.335 -0.03906437204 2
0 0.605 0.345 -0.03733071176 2
0 0.605 0.355 -0.03544407903 2
0 0.605 0.365 -0.03354072375 2
0 0.605 0.375 -0.03114160424 2
0 0.605 0.385 -0.02968443408 2
0 0.605 0.395 -0.0245954753 2
0 0.605 0.405 -0.01506410192 2
0 0.605 0.415 -0.00601792301 2
0 0.605 0.425 0 2
0 0.605 0.435 0 2
0 0.605 0.445 0 2
0 0.605 0.455 0 2
0 0.605 0.465 0 2
0 0.615 -0.455 0 2
0 0.615 -0.445 0 2
0 0.615 -0.435 0 2
0 0.615 -0.425 0 2
0 0.615 -0.415 -0.006151760085 2
0 0.615 -0.405 -0.01541287646 2
0 0.615 -0.395 -0.02506597541 2
0 0.615 -0.385 -0.03016510873 2
0 0.615 -0.375 -0.03149526551 2
0 0.615 -0.365 -0.0338374043 2
0 0.615 -0.355 -0.03569555746 2
0 0.615 -0.345 -0.03758190974 2
0 0.615 -0.335 -0.03935781635 2
0 0.615 -0.325 -0.04110653327 2
0 0.615 -0.315 -0.04280074227 2
0 0.615 -0.305 -0.04442909108 2
0 0.615 -0.295 -0.04589918225 2
0 0.615 -0.285 -0.04717081849 2
0 0.615 -0.275 -0.04817084767 2
0 0.615 -0.265 -0.04893784353 2
0 0.615 -0.255 -0.04954349127 2
0 0.615 -0.245 -0.05007345251 2
0 0.615 -0.235 -0.05065108729 2
0 0.615 -0.225 -0.05130535813 2
0 0.615 -0.215 -0.05208918881 2
0 0.615 -0.205 -0.05296702918 2
0 0.615 -0.195 -0.05391722318 2
0 0.615 -0.185 -0.0548353523 2
0 0.615 -0.175 -0.05570455469 2
0 0.615 -0.165 -0.05642588577 2
0 0.615 -0.155 -0.05701430318 2
0 0.615 -0.145 -0.05741624891 2
0 0.615 -0.135 -0.05765118941 2
0 0.615 -0.125 -0.05771215859 2
0 0.615 -0.115 -0.05766455813 2
0 0.615 -0.105 -0.05752733018 2
0 0.615 -0.095 -0.05740021308 2
0 0.615 -0.085 -0.05731361511 2
0 0.615 -0.075 -0.05731787234 2
0 0.615 -0.065 -0.05740414925 2
0 0.615 -0.055 -0.05755319905 2
0 0.615 -0.045 -0.05774091727 2
0 0.615 -0.035 -0.05795605616 2
0 0.615 -0.025 -0.05819504208 2
0 0.615 -0.015 -0.05846179511 2
0 0.615 -0.005 -0.05876564988 2
0 0.615 0.005 -0.05911651416 2
0 0.615 0.015 -0.0595174935 2
0 0.615 0.025 -0.05996571746 2
0 0.615 0.035 -0.06044062224 2
0 0.615 0.045 -0.06092286641 2
0 0.615 0.055 -0.06138765703 2
0 0.615 0.065 -0.06184875589 2
0 0.615 0.075 -0.06228870861 2
0 0.615 0.085 -0.06270777409 2
0 0.615 0.095 -0.06299640605 2
0 0.615 0.105 -0.06315638193 2
0 0.615 0.115 -0.06283970738 2
0 0.615 0.125 -0.06234840779 2
0 0.615 0.135 -0.06151363649 2
0 0.615 0.145 -0.06070911575 2
0 0.615 0.155 -0.05975029416 2
0 0.615 0.165 -0.05868826559 2
0 0.615 0.175 -0.05761500537 2
0 0.615 0.185 -0.05657090052 2
0 0.615 0.195 -0.05567468073 2
0 0.615 0.205 -0.05484405125 2
0 0.615 0.215 -0.05403150785 2
0 0.615 0.225 -0.05317608376 2
0 0.615 0.235 -0.05226722322 2
0 0.615 0.245 -0.05129508405 2
0 0.615 0.255 -0.05026084157 2
0 0.615 0.265 -0.04916314283 2
0 0.615 0.275 -0.04800098759 2
0 0.615 0.285 -0.0467705481 2
0 0.615 0.295 -0.04546774772 2
0 0.615 0.305 -0.04408794338 2
0 0.615 0.315 -0.04262527875 2
0 0.615 0.325 -0.0410746152 2
0 0.615 0.335 -0.03942258159 2
0 0.615 0.345 -0.03767492287 2
0 0.615 0.355 -0.03577168594 2
0 0.615 0.365 -0.03385106988 2
0 0.615 0.375 -0.03142991185 2
0 0.615 0.385 -0.02995952539 2
0 0.615 0.395 -0.02482307431 2
0 0.615 0.405 -0.0152036938 2
0 0.615 0.415 -0.006073293275 2
0 0.615 0.425 0 2
0 0.615 0.435 0 2
0 0.615 0.445 0 2
0 0.615 0.455 0 2
0 0.615 0.465 0 2
0 0.625 -0.455 0 2
0 0.625 -0.445 0 2
0 0.625 -0.435 0 2
0 0.625 -0.425 0 2
0 0.625 -0.415 -0.006154350567 2
0 0.625 -0.405 -0.01542011249 2
0 0.625 -0.395 -0.025089114 2
0 0.625 -0.385 -0.03020640206 2
0 0.625 -0.375 -0.03155964545 2
0 0.625 -0.365 -0.03392127061 2
0 0.625 -0.355 -0.03579471569 2
0 0.625 -0.345 -0.03768549244 2
0 0.625 -0.335 -0.03945161601 2
0 0.625 -0.325 -0.04115154551 2
0 0.625 -0.315 -0.04276015929 2
0 0.625 -0.305 -0.04426903403 2
0 0.625 -0.295 -0.04564229937 2
0 0.625 -0.285 -0.04686534207 2
0 0.625 -0.275 -0.04791888752 2
0 0.625 -0.265 -0.04882327115 2
0 0.625 -0.255 -0.04961569131 2
0 0.625 -0.245 -0.0503431487 2
0 0.625 -0.235 -0.05106464575 2
0 0.625 -0.225 -0.05180947183 2
0 0.625 -0.215 -0.05259681015 2
0 0.625 -0.205 -0.0534127432 2
0 0.625 -0.195 -0.05424016771 2
0 0.625 -0.185 -0.05503479445 2
0 0.625 -0.175 -0.05577391429 2
0 0.625 -0.165 -0.05641357283 2
0 0.625 -0.155 -0.05694588262 2
0 0.625 -0.145 -0.05735387741 2
0 0.625 -0.135 -0.05764461379 2
0 0.625 -0.125 -0.05782282235 2
0 0.625 -0.115 -0.0579170604 2
0 0.625 -0.105 -0.05794973409 2
0 0.625 -0.095 -0.05796554233 2
0 0.625 -0.085 -0.05798892125 2
0 0.625 -0.075 -0.05804409618 2
0 0.625 -0.065 -0.05813770244 2
0 0.625 -0.055 -0.05826879177 2
0 0.625 -0.045 -0.05843008454 2
0 0.625 -0.035 -0.0586143437 2
0 0.625 -0.025 -0.05881766984 2
0 0.625 -0.015 -0.05904039944 2
0 0.625 -0.005 -0.05928574034 2
0 0.625 0.005 -0.05955766215 2
0 0.625 0.015 -0.05985699736 2
0 0.625 0.025 -0.06018266847 2
0 0.625 0.035 -0.06052595988 2
0 0.625 0.045 -0.06089479938 2
0 0.625 0.055 -0.06129663634 2
0 0.625 0.065 -0.06173888468 2
0 0.625 0.075 -0.06215315151 2
0 0.625 0.085 -0.06240199512 2
0 0.625 0.095 -0.06228007518 2
0 0.625 0.105 -0.06165939449 2
0 0.625 0.115 -0.06046815727 2
0 0.625 0.125 -0.05910434252 2
0 0.625 0.135 -0.05801599549 2
0 0.625 0.145 -0.05740573858 2
0 0.625 0.155 -0.05731607147 2
0 0.625 0.165 -0.05699948895 2
0 0.625 0.175 -0.05660132759 2
0 0.625 0.185 -0.05587355452 2
0 0.625 0.195 -0.05517682878 2
0 0.625 0.205 -0.05448145249 2
0 0.625 0.215 -0.05377765485 2
0 0.625 0.225 -0.05300704064 2
0 0.625 0.235 -0.05216473812 2
0 0.625 0.245 -0.05124568084 2
0 0.625 0.255 -0.05025167997 2
0 0.625 0.265 -0.04918364931 2
0 0.625 0.275 -0.04804226625 2
0 0.625 0.285 -0.04682641862 2
0 0.625 0.295 -0.04553373685 2
0 0.625 0.305 -0.04416066056 2
0 0.625 0.315 -0.0427017084 2
0 0.625 0.325 -0.04115216849 2
0 0.625 0.335 -0.03949914789 2
0 0.625 0.345 -0.03774897678 2
0 0.625 0.355 -0.03584213262 2
0 0.625 0.365 -0.03391745595 2
0 0.625 0.375 -0.0314911196 2
0 0.625 0.385 -0.03001697799 2
0 0.625 0.395 -0.02486967149 2
0 0.625 0.405 -0.01523189428 2
0 0.625 0.415 -0.00608413556 2
0 0.625 0.425 0 2
0 0.625 0.435 0 2
0 0.625 0.445 0 2
0 0.625 0.455 0 2
0 0.625 0.465 0 2
0 0.635 -0.455 0 2
0 0.635 -0.445 0 2
0 0.635 -0.435 0 2
0 0.635 -0.425 0 2
0 0.635 -0.415 -0.00610923202 2
0 0.635 -0.405 -0.01530754013 2
0 0.635 -0.395 -0.02491696878 2
0 0.635 -0.385 -0.03001089528 2
0 0.635 -0.375 -0.0313736695 2
0 0.635 -0.365 -0.03373214947 2
0 0.635 -0.355 -0.03560223806 2
0 0.635 -0.345 -0.03748091439 2
0 0.635 -0.335 -0.03922493568 2
0 0.635 -0.325 -0.04089044754 2
0 0.635 -0.315 -0.04245809444 2
0 0.635 -0.305 -0.04392488263 2
0 0.635 -0.295 -0.04527363996 2
0 0.635 -0.285 -0.04649690334 2
0 0.635 -0.275 -0.04759051917 2
0 0.635 -0.265 -0.04856816761 2
0 0.635 -0.255 -0.04945395294 2
0 0.635 -0.245 -0.05027801061 2
0 0.635 -0.235 -0.05107401266 2
0 0.635 -0.225 -0.05186366176 2
0 0.635 -0.215 -0.05266029912 2
0 0.635 -0.205 -0.05345924051 2
0 0.635 -0.195 -0.05424787261 2
0 0.635 -0.185 -0.0550008114 2
0 0.635 -0.175 -0.05569836903 2
0 0.635 -0.165 -0.05631558109 2
0 0.635 -0.155 -0.05684084811 2
0 0.635 -0.145 -0.05726348065 2
0 0.635 -0.135 -0.05758634361 2
0 0.635 -0.125 -0.05781746135 2
0 0.635 -0.115 -0.05797688809 2
0 0.635 -0.105 -0.05808433832 2
0 0.635 -0.095 -0.05816643059 2
0 0.635 -0.085 -0.05824246054 2
0 0.635 -0.075 -0.05832952245 2
0 0.635 -0.065 -0.05843533818 2
0 0.635 -0.055 -0.05856165182 2
0 0.635 -0.045 -0.05870533098 2
0 0.635 -0.035 -0.05886227164 2
0 0.635 -0.025 -0.05902908913 2
0 0.635 -0.015 -0.05920382011 2
0 0.635 -0.005 -0.05938551878 2
0 0.635 0.005 -0.05957338091 2
0 0.635 0.015 -0.05976670666 2
0 0.635 0.025 -0.05996564833 2
0 0.635 0.035 -0.06016688736 2
0 0.635 0.045 -0.06040023447 2
0 0.635 0.055 -0.06066498749 2
0 0.635 0.065 -0.06094345612 2
0 0.635 0.075 -0.06100276257 2
0 0.635 0.085 -0.06054150672 2
0 0.635 0.095 -0.05936417135 2
0 0.635 0.105 -0.05740311808 2
0 0.635 0.115 -0.05525711287 2
0 0.635 0.125 -0.05306641299 1
0 0.635 0.135 -0.05196495815 1
0 0.635 0.145 -0.05183068382 1
0 0.635 0.155 -0.05297627688 2
0 0.635 0.165 -0.05396638262 2
0 0.635 0.175 -0.05468542527 2
0 0.635 0.185 -0.05464022515 2
0 0.635 0.195 -0.05428447773 2
0 0.635 0.205 -0.05379061386 2
0 0.635 0.215 -0.05321542698 2
0 0.635 0.225 -0.05253324304 2
0 0.635 0.235 -0.05175437605 2
0 0.635 0.245 -0.05088286459 2
0 0.635 0.255 -0.04992496926 2
0 0.635 0.265 -0.04888476656 2
0 0.635 0.275 -0.04776492579 2
0 0.635 0.285 -0.04656609562 2
0 0.635 0.295 -0.04528716747 2
0 0.635 0.305 -0.04392558954 2
0 0.635 0.315 -0.04247659924 2
0 0.635 0.325 -0.04093604321 2
0 0.635 0.335 -0.03929154207 2
0 0.635 0.345 -0.03754978783 2
0 0.635 0.355 -0.03565193111 2
0 0.635 0.365 -0.03373621045 2
0 0.635 0.375 -0.03132162793 2
0 0.635 0.385 -0.02985349383 2
0 0.635 0.395 -0.02473259589 2
0 0.635 0.405 -0.01514723136 2
0 0.635 0.415 -0.006049819532 2
0 0.635 0.425 0 2
0 0.635 0.435 0 2
0 0.635 0.445 0 2
0 0.635 0.455 0 2
0 0.635 0.465 0 2
0 0.645 -0.455 0 2
0 0.645 -0.445 0 2
0 0.645 -0.435 0 2
0 0.645 -0.425 0 2
0 0.645 -0.415 -0.006015786565 2
0 0.645 -0.405 -0.01507393597 2
0 0.645 -0.395 -0.02454743553 2
0 0.645 -0.385 -0.0295767518 2
0 0.645 -0.375 -0.03093662821 2
0 0.645 -0.365 -0.03327153867 2
0 0.645 -0.355 -0.03512237407 2
0 0.645 -0.345 -0.03697557399 2
0 0.645 -0.335 -0.03868915515 2
0 0.645 -0.325 -0.04031784062 2
0 0.645 -0.315 -0.04184641884 2
0 0.645 -0.305 -0.04327764442 2
0 0.645 -0.295 -0.04460518058 2
0 0.645 -0.285 -0.04582814844 2
0 0.645 -0.275 -0.04694848925 2
0 0.645 -0.265 -0.04797635006 2
0 0.645 -0.255 -0.04892747545 2
0 0.645 -0.245 -0.04982084945 2
0 0.645 -0.235 -0.05067587552 2
0 0.645 -0.225 -0.05150602283 2
0 0.645 -0.215 -0.05231851668 2
0 0.645 -0.205 -0.05311115027 2
0 0.645 -0.195 -0.05387577356 2
0 0.645 -0.185 -0.05459801893 2
0 0.645 -0.175 -0.05526413622 2
0 0.645 -0.165 -0.0558596017 2
0 0.645 -0.155 -0.05637601186 2
0 0.645 -0.145 -0.0568083951 2
0 0.645 -0.135 -0.05715915805 2
0 0.645 -0.125 -0.05743532624 2
0 0.645 -0.115 -0.05764996951 2
0 0.645 -0.105 -0.0578176994 2
0 0.645 -0.095 -0.05795550496 2
0 0.645 -0.085 -0.05807746551 2
0 0.645 -0.075 -0.05819528614 2
0 0.645 -0.065 -0.05831577775 2
0 0.645 -0.055 -0.05844176774 2
0 0.645 -0.045 -0.05857260696 2
0 0.645 -0.035 -0.05870572541 2
0 0.645 -0.025 -0.05883766402 2
0 0.645 -0.015 -0.05896470046 2
0 0.645 -0.005 -0.05908319899 2
0 0.645 0.005 -0.05918912573 2
0 0.645 0.015 -0.05928056803 2
0 0.645 0.025 -0.05935510276 2
0 0.645 0.035 -0.05942332522 2
0 0.645 0.045 -0.05951013056 2
0 0.645 0.055 -0.05957254809 2
0 0.645 0.065 -0.05944171097 2
0 0.645 0.075 -0.05865358295 2
0 0.645 0.085 -0.05705055073 2
0 0.645 0.095 -0.05461234874 2
0 0.645 0.105 -0.05165679471 1
0 0.645 0.115 -0.04909406282 1
0 0.645 0.125 -0.04687875427 1
0 0.645 0.135 -0.04599067766 1
0 0.645 0.145 -0.04649959978 1
0 0.645 0.155 -0.04846509514 1
0 0.645 0.165 -0.05075190284 2
0 0.645 0.175 -0.05238192831 2
0 0.645 0.185 -0.05305891586 2
0 0.645 0.195 -0.05307905597 2
0 0.645 0.205 -0.05280600313 2
0 0.645 0.215 -0.05235782743 2
0 0.645 0.225 -0.05175928823 2
0 0.645 0.235 -0.05103823907 2
0 0.645 0.245 -0.05020917912 2
0 0.645 0.255 -0.04928375833 2
0 0.645 0.265 -0.04826936846 2
0 0.645 0.275 -0.04717078023 2
0 0.645 0.285 -0.0459902544 2
0 0.645 0.295 -0.04472790423 2
0 0.645 0.305 -0.04338215045 2
0 0.645 0.315 -0.04194898148 2
0 0.645 0.325 -0.04042482446 2
0 0.645 0.335 -0.03879787232 2
0 0.645 0.345 -0.03707503673 2
0 0.645 0.355 -0.03519846164 2
0 0.645 0.365 -0.03330459104 2
0 0.645 0.375 -0.03091877055 2
0 0.645 0.385 -0.029466712 2
0 0.645 0.395 -0.02440997483 2
0 0.645 0.405 -0.01494872636 2
0 0.645 0.415 -0.005969914529 2
0 0.645 0.425 0 2
0 0.645 0.435 0 2
0 0.645 0.445 0 2
0 0.645 0.455 0 2
0 0.645 0.465 0 2
0 0.655 -0.455 0 2
0 0.655 -0.445 0 2
0 0.655 -0.435 0 2
0 0.655 -0.425 0 2
0 0.655 -0.415 -0.00587388308 2
0 0.655 -0.405 -0.01471924271 2
0 0.655 -0.395 -0.02398017988 2
0 0.655 -0.385 -0.02890396937 2
0 0.655 -0.375 -0.03024918806 2
0 0.655 -0.365 -0.03254164381 2
0 0.655 -0.355 -0.03435958149 2
0 0.655 -0.345 -0.03617652304 2
0 0.655 -0.335 -0.03785438406 2
0 0.655 -0.325 -0.03944741827 2
0 0.655 -0.315 -0.04094348328 2
0 0.655 -0.305 -0.0423487202 2
0 0.655 -0.295 -0.04366170086 2
0 0.655 -0.285 -0.04488471633 2
0 0.655 -0.275 -0.04602176875 2
0 0.655 -0.265 -0.04708100204 2
0 0.655 -0.255 -0.04807342502 2
0 0.655 -0.245 -0.04901145556 2
0 0.655 -0.235 -0.04990693804 2
0 0.655 -0.225 -0.05076816165 2
0 0.655 -0.215 -0.05159890603 2
0 0.655 -0.205 -0.05239725051 2
0 0.655 -0.195 -0.0531570274 2
0 0.655 -0.185 -0.05386870473 2
0 0.655 -0.175 -0.0545226311 2
0 0.655 -0.165 -0.05510980092 2
0 0.655 -0.155 -0.05562483226 2
0 0.655 -0.145 -0.0560657272 2
0 0.655 -0.135 -0.05643526178 2
0 0.655 -0.125 -0.05673986034 2
0 0.655 -0.115 -0.05698944585 2
0 0.655 -0.105 -0.05719525737 2
0 0.655 -0.095 -0.0573692729 2
0 0.655 -0.085 -0.05752191634 2
0 0.655 -0.075 -0.05766164686 2
0 0.655 -0.065 -0.05779381091 2
0 0.655 -0.055 -0.0579207661 2
0 0.655 -0.045 -0.05804207004 2
0 0.655 -0.035 -0.05815515866 2
0 0.655 -0.025 -0.05825589116 2
0 0.655 -0.015 -0.05833884166 2
0 0.655 -0.005 -0.05839776053 2
0 0.655 0.005 -0.05842498135 2
0 0.655 0.015 -0.05841547122 2
0 0.655 0.025 -0.0583595201 2
0 0.655 0.035 -0.05827916341 2
0 0.655 0.045 -0.05815256703 2
0 0.655 0.055 -0.0579035596 2
0 0.655 0.065 -0.05708257065 2
0 0.655 0.075 -0.05534735507 2
0 0.655 0.085 -0.05264223635 2
0 0.655 0.095 -0.0493522142 1
0 0.655 0.105 -0.04630766348 1
0 0.655 0.115 -0.04406878128 1
0 0.655 0.125 -0.04265677084 1
0 0.655 0.135 -0.0421151683 1
0 0.655 0.145 -0.04302614837 1
0 0.655 0.155 -0.04511736398 1
0 0.655 0.165 -0.04813051697 2
0 0.655 0.175 -0.05027113584 2
0 0.655 0.185 -0.05143836922 2
0 0.655 0.195 -0.05170970568 2
0 0.655 0.205 -0.05160131732 2
0 0.655 0.215 -0.05124854985 2
0 0.655 0.225 -0.0507120728 2
0 0.655 0.235 -0.05003364787 2
0 0.655 0.245 -0.04923616512 2
0 0.655 0.255 -0.04833578401 2
0 0.655 0.265 -0.04734259978 2
0 0.655 0.275 -0.046263121 2
0 0.655 0.285 -0.04510087367 2
0 0.655 0.295 -0.04385695539 2
0 0.655 0.305 -0.04253060119 2
0 0.655 0.315 -0.04111849899 2
0 0.655 0.325 -0.03961763401 2
0 0.655 0.335 -0.03801681243 2
0 0.655 0.345 -0.03632303767 2
0 0.655 0.355 -0.03447979715 2
0 0.655 0.365 -0.03262058416 2
0 0.655 0.375 -0.03028060929 2
0 0.655 0.385 -0.0288549908 2
0 0.655 0.395 -0.02390054344 2
0 0.655 0.405 -0.01463576828 2
0 0.655 0.415 -0.005844140257 2
0 0.655 0.425 0 2
0 0.655 0.435 0 2
0 0.655 0.445 0 2
0 0.655 0.455 0 2
0 0.655 0.465 0 2
0 0.665 -0.455 0 2
0 0.665 -0.445 0 2
0 0.665 -0.435 0 2
0 0.665 -0.425 0 2
0 0.665 -0.415 -0.005683669126 2
0 0.665 -0.405 -0.01424401838 2
0 0.665 -0.395 -0.02321585206 2
0 0.665 -0.385 -0.02799348668 2
0 0.665 -0.375 -0.02931255056 2
0 0.665 -0.365 -0.03154442936 2
0 0.665 -0.355 -0.03331669834 2
0 0.665 -0.345 -0.03508681017 2
0 0.665 -0.335 -0.03672206837 2
0 0.665 -0.325 -0.03827587008 2
0 0.665 -0.315 -0.03973830507 2
0 0.665 -0.305 -0.04111750897 2
0 0.665 -0.295 -0.04241462793 2
0 0.665 -0.285 -0.04363358536 2
0 0.665 -0.275 -0.04477904161 2
0 0.665 -0.265 -0.04585782543 2
0 0.665 -0.255 -0.04687806362 2
0 0.665 -0.245 -0.0478481763 2
0 0.665 -0.235 -0.04877540648 2
0 0.665 -0.225 -0.04966421203 2
0 0.665 -0.215 -0.05051548706 2
0 0.665 -0.205 -0.05132632668 2
0 0.665 -0.195 -0.05209092359 2
0 0.665 -0.185 -0.05280184728 2
0 0.665 -0.175 -0.05345199938 2
0 0.665 -0.165 -0.05403577444 2
0 0.665 -0.155 -0.05455059267 2
0 0.665 -0.145 -0.05499693602 2
0 0.665 -0.135 -0.05537865093 2
0 0.665 -0.125 -0.0557020881 2
0 0.665 -0.115 -0.055975513 2
0 0.665 -0.105 -0.05620783479 2
0 0.665 -0.095 -0.05640791097 2
0 0.665 -0.085 -0.05658342003 2
0 0.665 -0.075 -0.05674038995 2
0 0.665 -0.065 -0.05688260847 2
0 0.665 -0.055 -0.05701151358 2
0 0.665 -0.045 -0.0571261854 2
0 0.665 -0.035 -0.05722352865 2
0 0.665 -0.025 -0.05729844166 2
0 0.665 -0.015 -0.05734377369 2
0 0.665 -0.005 -0.05735060504 2
0 0.665 0.005 -0.05730717954 2
0 0.665 0.015 -0.05720316437 2
0 0.665 0.025 -0.05701844 2
0 0.665 0.035 -0.05677588117 2
0 0.665 0.045 -0.05638643505 2
0 0.665 0.055 -0.05569901906 2
0 0.665 0.065 -0.05407652777 2
0 0.665 0.075 -0.05163275275 2
0 0.665 0.085 -0.04813169605 1
0 0.665 0.095 -0.04490802659 1
0 0.665 0.105 -0.04259051586 1
0 0.665 0.115 -0.04123131634 1
0 0.665 0.125 -0.04067006477 1
0 0.665 0.135 -0.04045287209 1
0 0.665 0.145 -0.0414342586 1
0 0.665 0.155 -0.0433359287 1
0 0.665 0.165 -0.04637073813 2
0 0.665 0.175 -0.04860422901 2
0 0.665 0.185 -0.04992977726 2
0 0.665 0.195 -0.05027935149 2
0 0.665 0.205 -0.05022874812 2
0 0.665 0.215 -0.04991707467 2
0 0.665 0.225 -0.04940870303 2
0 0.665 0.235 -0.04875138268 2
0 0.665 0.245 -0.04797117917 2
0 0.665 0.255 -0.04708640068 2
0 0.665 0.265 -0.0461084868 2
0 0.665 0.275 -0.0450449295 2
0 0.665 0.285 -0.0439000482 2
0 0.665 0.295 -0.04267564496 2
0 0.665 0.305 -0.04137160428 2
0 0.665 0.315 -0.03998524124 2
0 0.665 0.325 -0.03851406091 2
0 0.665 0.335 -0.03694752294 2
0 0.665 0.345 -0.03529261461 2
0 0.665 0.355 -0.03349454148 2
0 0.665 0.365 -0.03168272127 2
0 0.665 0.375 -0.02940574422 2
0 0.665 0.385 -0.02801721101 2
0 0.665 0.395 -0.02320347485 2
0 0.665 0.405 -0.01420800587 2
0 0.665 0.415 -0.005672323584 2
0 0.665 0.425 0 2
0 0.665 0.435 0 2
0 0.665 0.445 0 2
0 0.665 0.455 0 2
0 0.665 0.465 0 2
0 0.675 -0.455 0 2
0 0.675 -0.445 0 2
0 0.675 -0.435 0 2
0 0.675 -0.425 0 2
0 0.675 -0.415 -0.005445442275 2
0 0.675 -0.405 -0.01364911336 2
0 0.675 -0.395 -0.02225561216 2
0 0.675 -0.385 -0.02684668486 2
0 0.675 -0.375 -0.02812810247 2
0 0.675 -0.365 -0.03028159503 2
0 0.675 -0.355 -0.03199572329 2
0 0.675 -0.345 -0.03370856675 2
0 0.675 -0.335 -0.03529409373 2
0 0.675 -0.325 -0.03680421451 2
0 0.675 -0.315 -0.03823051616 2
0 0.675 -0.305 -0.03958188413 2
0 0.675 -0.295 -0.04086051415 2
0 0.675 -0.285 -0.04207088641 2
0 0.675 -0.275 -0.04321772208 2
0 0.675 -0.265 -0.04430706933 2
0 0.675 -0.255 -0.04534551397 2
0 0.675 -0.245 -0.04633931755 2
0 0.675 -0.235 -0.04729304858 2
0 0.675 -0.225 -0.04820846238 2
0 0.675 -0.215 -0.04908377713 2
0 0.675 -0.205 -0.04991411372 2
0 0.675 -0.195 -0.05069231024 2
0 0.675 -0.185 -0.05141088719 2
0 0.675 -0.175 -0.0520636706 2
0 0.675 -0.165 -0.05264705715 2
0 0.675 -0.155 -0.05316101212 2
0 0.675 -0.145 -0.05360852099 2
0 0.675 -0.135 -0.05399529235 2
0 0.675 -0.125 -0.0543284632 2
0 0.675 -0.115 -0.05461583645 2
0 0.675 -0.105 -0.05486493536 2
0 0.675 -0.095 -0.05508257819 2
0 0.675 -0.085 -0.05527437633 2
0 0.675 -0.075 -0.0554444762 2
0 0.675 -0.065 -0.05559524134 2
0 0.675 -0.055 -0.05572707552 2
0 0.675 -0.045 -0.05583829127 2
0 0.675 -0.035 -0.05592502475 2
0 0.675 -0.025 -0.05598113917 2
0 0.675 -0.015 -0.05599786962 2
0 0.675 -0.005 -0.05596373129 2
0 0.675 0.005 -0.05586278515 2
0 0.675 0.015 -0.05567775645 2
0 0.675 0.025 -0.05537639748 2
0 0.675 0.035 -0.05496125604 2
0 0.675 0.045 -0.05430127809 2
0 0.675 0.055 -0.05313094029 2
0 0.675 0.065 -0.05087950569 2
0 0.675 0.075 -0.04793322498 2
0 0.675 0.085 -0.04441047453 1
0 0.675 0.095 -0.0419823167 1
0 0.675 0.105 -0.04051922982 1
0 0.675 0.115 -0.03986925318 1
0 0.675 0.125 -0.03961249849 1
0 0.675 0.135 -0.03963255005 1
0 0.675 0.145 -0.04068634615 1
0 0.675 0.155 -0.04260830424 1
0 0.675 0.165 -0.04539540681 2
0 0.675 0.175 -0.04741020211 2
0 0.675 0.185 -0.04853350992 2
0 0.675 0.195 -0.04881507263 2
0 0.675 0.205 -0.04871147982 2
0 0.675 0.215 -0.04837936519 2
0 0.675 0.225 -0.04786029354 2
0 0.675 0.235 -0.04719954202 2
0 0.675 0.245 -0.04642039595 2
0 0.675 0.255 -0.04554047645 2
0 0.675 0.265 -0.0445709288 2
0 0.675 0.275 -0.0435193018 2
0 0.675 0.285 -0.04239016005 2
0 0.675 0.295 -0.04118569311 2
0 0.675 0.305 -0.03990625998 2
0 0.675 0.315 -0.0385497312 2
0 0.675 0.325 -0.03711410568 2
0 0.675 0.335 -0.0355895563 2
0 0.675 0.345 -0.03398297233 2
0 0.675 0.355 -0.03224167421 2
0 0.675 0.365 -0.03048990728 2
0 0.675 0.375 -0.02829313918 2
0 0.675 0.385 -0.026952603 2
0 0.675 0.395 -0.0223182343 2
0 0.675 0.405 -0.01366525924 2
0 0.675 0.415 -0.005454362359 2
0 0.675 0.425 0 2
0 0.675 0.435 0 2
0 0.675 0.445 0 2
0 0.675 0.455 0 2
0 0.675 0.465 0 2
0 0.685 -0.455 0 2
0 0.685 -0.445 0 2
0 0.685 -0.435 0 2
0 0.685 -0.425 0 2
0 0.685 -0.415 -0.00515958516 2
0 0.685 -0.405 -0.01293551698 2
0 0.685 -0.395 -0.02110087058 2
0 0.685 -0.385 -0.02546508845 2
0 0.685 -0.375 -0.02669712347 2
0 0.685 -0.365 -0.02875431166 2
0 0.685 -0.355 -0.03039762569 2
0 0.685 -0.345 -0.03204239251 2
0 0.685 -0.335 -0.03357036251 2
0 0.685 -0.325 -0.03503124104 2
0 0.685 -0.315 -0.03641749446 2
0 0.685 -0.305 -0.03773776006 2
0 0.685 -0.295 -0.03899423112 2
0 0.685 -0.285 -0.04019119708 2
0 0.685 -0.275 -0.04133314824 2
0 0.685 -0.265 -0.04242581923 2
0 0.685 -0.255 -0.04347532163 2
0 0.685 -0.245 -0.04448723662 2
0 0.685 -0.235 -0.04546487576 2
0 0.685 -0.225 -0.04640819006 2
0 0.685 -0.215 -0.04731253725 2
0 0.685 -0.205 -0.04817003739 2
0 0.685 -0.195 -0.04897006923 2
0 0.685 -0.185 -0.04970309818 2
0 0.685 -0.175 -0.0503623707 2
0 0.685 -0.165 -0.05094549282 2
0 0.685 -0.155 -0.05145547479 2
0 0.685 -0.145 -0.05189846588 2
0 0.685 -0.135 -0.05228316426 2
0 0.685 -0.125 -0.05261831815 2
0 0.685 -0.115 -0.05291204391 2
0 0.685 -0.105 -0.05317098836 2
0 0.685 -0.095 -0.05340043048 2
0 0.685 -0.085 -0.05360427502 2
0 0.685 -0.075 -0.05378509356 2
0 0.685 -0.065 -0.05394400399 2
0 0.685 -0.055 -0.05408046254 2
0 0.685 -0.045 -0.05419204597 2
0 0.685 -0.035 -0.05427420555 2
0 0.685 -0.025 -0.054319997 2
0 0.685 -0.015 -0.05431947785 2
0 0.685 -0.005 -0.05425923142 2
0 0.685 0.005 -0.0541199969 2
0 0.685 0.015 -0.05387794677 2
0 0.685 0.025 -0.05349046297 2
0 0.685 0.035 -0.05292477804 2
0 0.685 0.045 -0.05202776643 2
0 0.685 0.055 -0.05043022154 2
0 0.685 0.065 -0.04786397007 2
0 0.685 0.075 -0.04457939447 1
0 0.685 0.085 -0.04165310796 1
0 0.685 0.095 -0.03984340849 1
0 0.685 0.105 -0.03901280143 1
0 0.685 0.115 -0.03868624605 1
0 0.685 0.125 -0.03851847903 1
0 0.685 0.135 -0.03885759276 1
0 0.685 0.145 -0.04006682585 1
0 0.685 0.155 -0.04232968887 1
0 0.685 0.165 -0.04473582094 2
0 0.685 0.175 -0.04647159625 2
0 0.685 0.185 -0.04720857205 2
0 0.685 0.195 -0.04728745327 2
0 0.685 0.205 -0.04703996669 2
0 0.685 0.215 -0.04663291117 2
0 0.685 0.225 -0.04606789173 2
0 0.685 0.235 -0.04538053619 2
0 0.685 0.245 -0.04458683648 2
0 0.685 0.255 -0.04370121418 2
0 0.685 0.265 -0.04273305519 2
0 0.685 0.275 -0.04168910733 2
0 0.685 0.285 -0.04057368025 2
0 0.685 0.295 -0.03938907361 2
0 0.685 0.305 -0.03813598621 2
0 0.685 0.315 -0.03681281194 2
0 0.685 0.325 -0.03541805847 2
0 0.685 0.335 -0.03394271255 2
0 0.685 0.345 -0.03239352467 2
0 0.685 0.355 -0.0307203571 2
0 0.685 0.365 -0.02904121779 2
0 0.685 0.375 -0.02694192523 2
0 0.685 0.385 -0.02566056807 2
0 0.685 0.395 -0.02124443637 2
0 0.685 0.405 -0.01300743971 2
0 0.685 0.415 -0.005190192199 2
0 0.685 0.425 0 2
0 0.685 0.435 0 2
0 0.685 0.445 0 2
0 0.685 0.455 0 2
0 0.685 0.465 0 2
0 0.695 -0.455 0 2
0 0.695 -0.445 0 2
0 0.695 -0.435 0 2
0 0.695 -0.425 0 2
0 0.695 -0.415 -0.004826571891 2
0 0.695 -0.405 -0.01210439233 2
0 0.695 -0.395 -0.01975329749 2
0 0.695 -0.385 -0.02385036522 2
0 0.695 -0.375 -0.02502078122 2
0 0.695 -0.365 -0.02696332753 2
0 0.695 -0.355 -0.02852274671 2
0 0.695 -0.345 -0.0300883743 2
0 0.695 -0.335 -0.03155086154 2
0 0.695 -0.325 -0.0329569841 2
0 0.695 -0.315 -0.03429941724 2
0 0.695 -0.305 -0.03558550956 2
0 0.695 -0.295 -0.0368163738 2
0 0.695 -0.285 -0.03799535292 2
0 0.695 -0.275 -0.0391264088 2
0 0.695 -0.265 -0.04021549442 2
0 0.695 -0.255 -0.04126956749 2
0 0.695 -0.245 -0.04229567179 2
0 0.695 -0.235 -0.04329778948 2
0 0.695 -0.225 -0.04427535187 2
0 0.695 -0.215 -0.04521980123 2
0 0.695 -0.205 -0.04611838203 2
0 0.695 -0.195 -0.0469527852 2
0 0.695 -0.185 -0.04770846135 2
0 0.695 -0.175 -0.04837598599 2
0 0.695 -0.165 -0.04895365091 2
0 0.695 -0.155 -0.04944998619 2
0 0.695 -0.145 -0.04987657688 2
0 0.695 -0.135 -0.05024809943 2
0 0.695 -0.125 -0.05057612393 2
0 0.695 -0.115 -0.0508693476 2
0 0.695 -0.105 -0.05113296757 2
0 0.695 -0.095 -0.05137030369 2
0 0.695 -0.085 -0.05158349193 2
0 0.695 -0.075 -0.05177377292 2
0 0.695 -0.065 -0.05194126084 2
0 0.695 -0.055 -0.05208466239 2
0 0.695 -0.045 -0.05220101218 2
0 0.695 -0.035 -0.05228532822 2
0 0.695 -0.025 -0.05233028763 2
0 0.695 -0.015 -0.05232549844 2
0 0.695 -0.005 -0.0522568025 2
0 0.695 0.005 -0.05210353537 2
0 0.695 0.015 -0.0518381578 2
0 0.695 0.025 -0.05141291519 2
0 0.695 0.035 -0.05076929572 2
0 0.695 0.045 -0.04976913399 2
0 0.695 0.055 -0.04794196944 2
0 0.695 0.065 -0.04530600142 2
0 0.695 0.075 -0.04194183368 1
0 0.695 0.085 -0.03955676413 1
0 0.695 0.095 -0.03804048336 1
0 0.695 0.105 -0.0375631518 1
0 0.695 0.115 -0.03732971393 1
0 0.695 0.125 -0.03744606654 1
0 0.695 0.135 -0.03829746291 1
0 0.695 0.145 -0.03992540668 1
0 0.695 0.155 -0.04248508449 2
0 0.695 0.165 -0.04433838449 2
0 0.695 0.175 -0.04559459329 2
0 0.695 0.185 -0.04582162031 2
0 0.695 0.195 -0.04560821947 2
0 0.695 0.205 -0.04517612419 2
0 0.695 0.215 -0.04465947213 2
0 0.695 0.225 -0.04402407303 2
0 0.695 0.235 -0.04329219389 2
0 0.695 0.245 -0.04247111865 2
0 0.695 0.255 -0.04157066064 2
0 0.695 0.265 -0.04059756682 2
0 0.695 0.275 -0.03955721123 2
0 0.695 0.285 -0.0384533106 2
0 0.695 0.295 -0.03728810015 2
0 0.695 0.305 -0.03606256182 2
0 0.695 0.315 -0.03477564884 2
0 0.695 0.325 -0.03342645864 2
0 0.695 0.335 -0.03200695652 2
0 0.695 0.345 -0.03052377497 2
0 0.695 0.355 -0.02892978895 2
0 0.695 0.365 -0.02733574473 2
0 0.695 0.375 -0.02535125362 2
0 0.695 0.385 -0.02414055501 2
0 0.695 0.395 -0.01998175169 2
0 0.695 0.405 -0.01223450516 2
0 0.695 0.415 -0.004879766268 2
0 0.695 0.425 0 2
0 0.695 0.435 0 2
0 0.695 0.445 0 2
0 0.695 0.455 0 2
0 0.695 0.465 0 2
0 0.705 -0.455 0 2
0 0.705 -0.445 0 2
0 0.705 -0.435 0 2
0 0.705 -0.425 0 2
0 0.705 -0.415 -0.004446999742 2
0 0.705 -0.405 -0.01115717438 2
0 0.705 -0.395 -0.01821487833 2
0 0.705 -0.385 -0.02200431104 2
0 0.705 -0.375 -0.02309994263 2
0 0.705 -0.365 -0.02490861165 2
0 0.705 -0.355 -0.02637016711 2
0 0.705 -0.345 -0.02784505378 2
0 0.705 -0.335 -0.02923409697 2
0 0.705 -0.325 -0.03058053194 2
0 0.705 -0.315 -0.03187640784 2
0 0.705 -0.305 -0.03312650488 2
0 0.705 -0.295 -0.03432938339 2
0 0.705 -0.285 -0.03548645813 2
0 0.705 -0.275 -0.0366006402 2
0 0.705 -0.265 -0.03767854219 2
0 0.705 -0.255 -0.03872911633 2
0 0.705 -0.245 -0.03976271623 2
0 0.705 -0.235 -0.04078576666 2
0 0.705 -0.225 -0.04179981814 2
0 0.705 -0.215 -0.0427923243 2
0 0.705 -0.205 -0.04374597427 2
0 0.705 -0.195 -0.04462818758 2
0 0.705 -0.185 -0.04541603769 2
0 0.705 -0.175 -0.0460946184 2
0 0.705 -0.165 -0.04666222871 2
0 0.705 -0.155 -0.04713801736 2
0 0.705 -0.145 -0.04754000168 2
0 0.705 -0.135 -0.04789127565 2
0 0.705 -0.125 -0.04820615651 2
0 0.705 -0.115 -0.04849415518 2
0 0.705 -0.105 -0.04875911248 2
0 0.705 -0.095 -0.04900200277 2
0 0.705 -0.085 -0.04922308303 2
0 0.705 -0.075 -0.04942244285 2
0 0.705 -0.065 -0.04959960128 2
0 0.705 -0.055 -0.04975277108 2
0 0.705 -0.045 -0.04987869088 2
0 0.705 -0.035 -0.0499722413 2
0 0.705 -0.025 -0.05002623814 2
0 0.705 -0.015 -0.05003072774 2
0 0.705 -0.005 -0.04997236777 2
0 0.705 0.005 -0.0498317309 2
0 0.705 0.015 -0.04958260537 2
0 0.705 0.025 -0.04917955922 2
0 0.705 0.035 -0.04856295731 2
0 0.705 0.045 -0.04760825583 2
0 0.705 0.055 -0.0457828843 2
0 0.705 0.065 -0.04316950509 2
0 0.705 0.075 -0.03987857617 1
0 0.705 0.085 -0.03767804402 1
0 0.705 0.095 -0.03634038467 1
0 0.705 0.105 -0.03607214195 1
0 0.705 0.115 -0.03609436883 1
0 0.705 0.125 -0.03677358776 1
0 0.705 0.135 -0.03823252563 1
0 0.705 0.145 -0.04036851743 1
0 0.705 0.155 -0.04261880045 2
0 0.705 0.165 -0.04388685439 2
0 0.705 0.175 -0.04444663325 2
0 0.705 0.185 -0.04417879239 2
0 0.705 0.195 -0.04368227826 2
0 0.705 0.205 -0.04307341678 2
0 0.705 0.215 -0.04243447204 2
0 0.705 0.225 -0.04171689628 2
0 0.705 0.235 -0.04092960856 2
0 0.705 0.245 -0.04007236421 2
0 0.705 0.255 -0.03915018748 2
0 0.705 0.265 -0.0381670043 2
0 0.705 0.275 -0.03712661732 2
0 0.705 0.285 -0.03603203488 2
0 0.705 0.295 -0.03488539631 2
0 0.705 0.305 -0.03368801713 2
0 0.705 0.315 -0.03243953936 2
0 0.705 0.325 -0.03113982381 2
0 0.705 0.335 -0.02978207184 2
0 0.705 0.345 -0.02837291118 2
0 0.705 0.355 -0.0268687688 2
0 0.705 0.365 -0.02537216582 2
0 0.705 0.375 -0.02351990734 2
0 0.705 0.385 -0.02239175618 2
0 0.705 0.395 -0.01852969273 2
0 0.705 0.405 -0.01134635791 2
0 0.705 0.415 -0.00452301389 2
0 0.705 0.425 0 2
0 0.705 0.435 0 2
0 0.705 0.445 0 2
0 0.705 0.455 0 2
0 0.705 0.465 0 2
0 0.715 -0.455 0 2
0 0.715 -0.445 0 2
0 0.715 -0.435 0 2
0 0.715 -0.425 0 2
0 0.715 -0.415 -0.004021744134 2
0 0.715 -0.405 -0.01009602654 2
0 0.715 -0.395 -0.01648856186 2
0 0.715 -0.385 -0.01992960452 2
0 0.715 -0.375 -0.02093578658 2
0 0.715 -0.365 -0.02258985677 2
0 0.715 -0.355 -0.02393822493 2
0 0.715 -0.345 -0.02531035877 2
0 0.715 -0.335 -0.02661887919 2
0 0.715 -0.325 -0.02790305782 2
0 0.715 -0.315 -0.02915287682 2
0 0.715 -0.305 -0.03036856575 2
0 0.715 -0.295 -0.03154339179 2
0 0.715 -0.285 -0.03267536795 2
0 0.715 -0.275 -0.03376537729 2
0 0.715 -0.265 -0.03482154026 2
0 0.715 -0.255 -0.03585587072 2
0 0.715 -0.245 -0.03688738672 2
0 0.715 -0.235 -0.03793385829 2
0 0.715 -0.225 -0.03901193725 2
0 0.715 -0.215 -0.04009863325 2
0 0.715 -0.205 -0.04117176804 2
0 0.715 -0.195 -0.04215389872 2
0 0.715 -0.185 -0.04299900248 2
0 0.715 -0.175 -0.04367754896 2
0 0.715 -0.165 -0.04418697539 2
0 0.715 -0.155 -0.04458533009 2
0 0.715 -0.145 -0.04491125414 2
0 0.715 -0.135 -0.04521403871 2
0 0.715 -0.125 -0.04550638132 2
0 0.715 -0.115 -0.04579019128 2
0 0.715 -0.105 -0.04605680682 2
0 0.715 -0.095 -0.04630495818 2
0 0.715 -0.085 -0.0465338712 2
0 0.715 -0.075 -0.0467428171 2
0 0.715 -0.065 -0.0469313573 2
0 0.715 -0.055 -0.04709748869 2
0 0.715 -0.045 -0.04723791412 2
0 0.715 -0.035 -0.04734763414 2
0 0.715 -0.025 -0.04742008703 2
0 0.715 -0.015 -0.04744657442 2
0 0.715 -0.005 -0.04741608292 2
0 0.715 0.005 -0.04731296863 2
0 0.715 0.015 -0.04711764739 2
0 0.715 0.025 -0.04679411484 2
0 0.715 0.035 -0.04630487587 2
0 0.715 0.045 -0.045522594 2
0 0.715 0.055 -0.0440165719 2
0 0.715 0.065 -0.04169681376 2
0 0.715 0.075 -0.0387096527 1
0 0.715 0.085 -0.03649181378 1
0 0.715 0.095 -0.03529905394 1
0 0.715 0.105 -0.03527096488 1
0 0.715 0.115 -0.03595291527 1
0 0.715 0.125 -0.0372466394 1
0 0.715 0.135 -0.03911987926 1
0 0.715 0.145 -0.04107546451 2
0 0.715 0.155 -0.04244680976 2
0 0.715 0.165 -0.0430242483 2
0 0.715 0.175 -0.04283379227 2
0 0.715 0.185 -0.04217783572 2
0 0.715 0.195 -0.0414413795 2
0 0.715 0.205 -0.04069000179 2
0 0.715 0.215 -0.03993446032 2
0 0.715 0.225 -0.03913419786 2
0 0.715 0.235 -0.03828763061 2
0 0.715 0.245 -0.03738973193 2
0 0.715 0.255 -0.03644152156 2
0 0.715 0.265 -0.03544451586 2
0 0.715 0.275 -0.03440110196 2
0 0.715 0.285 -0.03331368506 2
0 0.715 0.295 -0.03218442462 2
0 0.715 0.305 -0.03101513437 2
0 0.715 0.315 -0.02980637976 2
0 0.715 0.325 -0.0285590712 2
0 0.715 0.335 -0.02726802505 2
0 0.715 0.345 -0.02594010908 2
0 0.715 0.355 -0.02453594477 2
0 0.715 0.365 -0.02314896094 2
0 0.715 0.375 -0.02144650231 2
0 0.715 0.385 -0.02041332123 2
0 0.715 0.395 -0.01688780064 2
0 0.715 0.405 -0.0103429861 2
0 0.715 0.415 -0.004119888215 2
0 0.715 0.425 0 2
0 0.715 0.435 0 2
0 0.715 0.445 0 2
0 0.715 0.455 0 2
0 0.715 0.465 0 2
0 0.725 -0.455 0 2
0 0.725 -0.445 0 2
0 0.725 -0.435 0 2
0 0.725 -0.425 0 2
0 0.725 -0.415 -0.003551860829 2
0 0.725 -0.405 -0.008923652566 2
0 0.725 -0.395 -0.01457763549 2
0 0.725 -0.385 -0.01762880329 2
0 0.725 -0.375 -0.01852833624 2
0 0.725 -0.365 -0.02000464397 2
0 0.725 -0.355 -0.02122154682 2
0 0.725 -0.345 -0.02247620719 2
0 0.725 -0.335 -0.02369553239 2
0 0.725 -0.325 -0.02491590455 2
0 0.725 -0.315 -0.02612348973 2
0 0.725 -0.305 -0.02731114173 2
0 0.725 -0.295 -0.02846204393 2
0 0.725 -0.285 -0.02956931266 2
0 0.725 -0.275 -0.03062967167 2
0 0.725 -0.265 -0.03165285928 2
0 0.725 -0.255 -0.03265493554 2
0 0.725 -0.245 -0.03366269791 2
0 0.725 -0.235 -0.03470593157 2
0 0.725 -0.225 -0.03580828622 2
0 0.725 -0.215 -0.03694203213 2
0 0.725 -0.205 -0.03810393524 2
0 0.725 -0.195 -0.03916487493 2
0 0.725 -0.185 -0.04007458621 2
0 0.725 -0.175 -0.04079147958 2
0 0.725 -0.165 -0.04128908959 2
0 0.725 -0.155 -0.041664791 2
0 0.725 -0.145 -0.04195652559 2
0 0.725 -0.135 -0.04222348117 2
0 0.725 -0.125 -0.04249495153 2
0 0.725 -0.115 -0.04277317083 2
0 0.725 -0.105 -0.04304379276 2
0 0.725 -0.095 -0.04329565714 2
0 0.725 -0.085 -0.04353084094 2
0 0.725 -0.075 -0.04374898886 2
0 0.725 -0.065 -0.04395052122 2
0 0.725 -0.055 -0.04413299513 2
0 0.725 -0.045 -0.04429293599 2
0 0.725 -0.035 -0.04442537921 2
0 0.725 -0.025 -0.04452471173 2
0 0.725 -0.015 -0.04458396413 2
0 0.725 -0.005 -0.04459553384 2
0 0.725 0.005 -0.04454934986 2
0 0.725 0.015 -0.04443623502 2
0 0.725 0.025 -0.04423523616 2
0 0.725 0.035 -0.04395031242 2
0 0.725 0.045 -0.04346903218 2
0 0.725 0.055 -0.04251116614 2
0 0.725 0.065 -0.04078781003 2
0 0.725 0.075 -0.03863979288 1
0 0.725 0.085 -0.03666126418 1
0 0.725 0.095 -0.03585015388 1
0 0.725 0.105 -0.03604600038 1
0 0.725 0.115 -0.03725433138 1
0 0.725 0.125 -0.03863802329 1
0 0.725 0.135 -0.04022881588 2
0 0.725 0.145 -0.04131667634 2
0 0.725 0.155 -0.04170538224 2
0 0.725 0.165 -0.04145089197 2
0 0.725 0.175 -0.04067504502 2
0 0.725 0.185 -0.039767938 2
0 0.725 0.195 -0.03886436138 2
0 0.725 0.205 -0.03800185985 2
0 0.725 0.215 -0.037144457 2
0 0.725 0.225 -0.03626785795 2
0 0.725 0.235 -0.03536335329 2
0 0.725 0.245 -0.03442379022 2
0 0.725 0.255 -0.03344739677 2
0 0.725 0.265 -0.03243400464 2
0 0.725 0.275 -0.03138497576 2
0 0.725 0.285 -0.03030237942 2
0 0.725 0.295 -0.02918862973 2
0 0.725 0.305 -0.02804630434 2
0 0.725 0.315 -0.02687723253 2
0 0.725 0.325 -0.02568379494 2
0 0.725 0.335 -0.02446297101 2
0 0.725 0.345 -0.0232223274 2
0 0.725 0.355 -0.02192750972 2
0 0.725 0.365 -0.02066217798 2
0 0.725 0.375 -0.01912748728 2
0 0.725 0.385 -0.01820279787 2
0 0.725 0.395 -0.01505455738 2
0 0.725 0.405 -0.009223917629 2
0 0.725 0.415 -0.003670161567 2
0 0.725 0.425 0 2
0 0.725 0.435 0 2
0 0.725 0.445 0 2
0 0.725 0.455 0 2
0 0.725 0.465 0 2
0 0.735 -0.455 0 2
0 0.735 -0.445 0 2
0 0.735 -0.435 0 2
0 0.735 -0.425 0 2
0 0.735 -0.415 -0.003039290399 2
0 0.735 -0.405 -0.007645347111 2
0 0.735 -0.395 -0.01248908952 2
0 0.735 -0.385 -0.01510922458 2
0 0.735 -0.375 -0.01588292684 2
0 0.735 -0.365 -0.01715489199 2
0 0.735 -0.355 -0.01821611666 2
0 0.735 -0.345 -0.0193351332 2
0 0.735 -0.335 -0.02046020662 2
0 0.735 -0.325 -0.02162939352 2
0 0.735 -0.315 -0.02281731156 2
0 0.735 -0.305 -0.02400217421 2
0 0.735 -0.295 -0.02514007857 2
0 0.735 -0.285 -0.02621665519 2
0 0.735 -0.275 -0.02722408299 2
0 0.735 -0.265 -0.0281894667 2
0 0.735 -0.255 -0.02913295775 2
0 0.735 -0.245 -0.03008561221 2
0 0.735 -0.235 -0.03107110311 2
0 0.735 -0.225 -0.03206966336 2
0 0.735 -0.215 -0.03305360391 2
0 0.735 -0.205 -0.03401644128 2
0 0.735 -0.195 -0.03494308576 2
0 0.735 -0.185 -0.03587700383 2
0 0.735 -0.175 -0.03677563869 2
0 0.735 -0.165 -0.03754489528 2
0 0.735 -0.155 -0.03812316291 2
0 0.735 -0.145 -0.03854671436 2
0 0.735 -0.135 -0.0388488226 2
0 0.735 -0.125 -0.03914529254 2
0 0.735 -0.115 -0.03943468564 2
0 0.735 -0.105 -0.0397190122 2
0 0.735 -0.095 -0.03997769922 2
0 0.735 -0.085 -0.04022119608 2
0 0.735 -0.075 -0.04045037614 2
0 0.735 -0.065 -0.04066761605 2
0 0.735 -0.055 -0.04087000892 2
0 0.735 -0.045 -0.04105403259 2
0 0.735 -0.035 -0.04121455806 2
0 0.735 -0.025 -0.04134722263 2
0 0.735 -0.015 -0.04144672706 2
0 0.735 -0.005 -0.04150930427 2
0 0.735 0.005 -0.04153080836 2
0 0.735 0.015 -0.04151327285 2
0 0.735 0.025 -0.04145247667 2
0 0.735 0.035 -0.04139337648 2
0 0.735 0.045 -0.04127658208 2
0 0.735 0.055 -0.04098409525 2
0 0.735 0.065 -0.04010572592 2
0 0.735 0.075 -0.0391053336 2
0 0.735 0.085 -0.03789619196 1
0 0.735 0.095 -0.03760937084 1
0 0.735 0.105 -0.03792370628 1
0 0.735 0.115 -0.03895543828 2
0 0.735 0.125 -0.03986476981 2
0 0.735 0.135 -0.04052208575 2
0 0.735 0.145 -0.04055059684 2
0 0.735 0.155 -0.04000864805 2
0 0.735 0.165 -0.03907462364 2
0 0.735 0.175 -0.03798845893 2
0 0.735 0.185 -0.03693813588 2
0 0.735 0.195 -0.03594237331 2
0 0.735 0.205 -0.03499590921 2
0 0.735 0.215 -0.03405699383 2
0 0.735 0.225 -0.03311464161 2
0 0.735 0.235 -0.03215738657 2
0 0.735 0.245 -0.0311780444 2
0 0.735 0.255 -0.03017337875 2
0 0.735 0.265 -0.02914233751 2
0 0.735 0.275 -0.02808574706 2
0 0.735 0.285 -0.02700568379 2
0 0.735 0.295 -0.02590511142 2
0 0.735 0.305 -0.0247876945 2
0 0.735 0.315 -0.02365693794 2
0 0.735 0.325 -0.02251723218 2
0 0.735 0.335 -0.02136844362 2
0 0.735 0.345 -0.02021956195 2
0 0.735 0.355 -0.01904233359 2
0 0.735 0.365 -0.01791029055 2
0 0.735 0.375 -0.01656156236 2
0 0.735 0.385 -0.01576000132 2
0 0.735 0.395 -0.01303037218 2
0 0.735 0.405 -0.007990036467 2
0 0.735 0.415 -0.003174085053 2
0 0.735 0.425 0 2
0 0.735 0.435 0 2
0 0.735 0.445 0 2
0 0.735 0.455 0 2
0 0.735 0.465 0 2
0 0.745 -0.455 0 2
0 0.745 -0.445 0 2
0 0.745 -0.435 0 2
0 0.745 -0.425 0 2
0 0.745 -0.415 -0.002484774267 2
0 0.745 -0.405 -0.006263456435 2
0 0.745 -0.395 -0.01022343133 2
0 0.745 -0.385 -0.01236947387 2
0 0.745 -0.375 -0.01299200003 2
0 0.745 -0.365 -0.0140287334 2
0 0.745 -0.355 -0.01490505272 2
0 0.745 -0.345 -0.01585994814 2
0 0.745 -0.335 -0.01686425633 2
0 0.745 -0.325 -0.01796749335 2
0 0.745 -0.315 -0.01914047177 2
0 0.745 -0.305 -0.02034668748 2
0 0.745 -0.295 -0.02150441804 2
0 0.745 -0.285 -0.02258459939 2
0 0.745 -0.275 -0.02355932325 2
0 0.745 -0.265 -0.02446204109 2
0 0.745 -0.255 -0.02531783694 2
0 0.745 -0.245 -0.02616473906 2
0 0.745 -0.235 -0.0269725045 2
0 0.745 -0.225 -0.02765834668 2
0 0.745 -0.215 -0.02821560127 2
0 0.745 -0.205 -0.02868350702 2
0 0.745 -0.195 -0.02933152523 2
0 0.745 -0.185 -0.03024914536 2
0 0.745 -0.175 -0.03139306055 2
0 0.745 -0.165 -0.03270512411 2
0 0.745 -0.155 -0.03380275849 2
0 0.745 -0.145 -0.03466998372 2
0 0.745 -0.135 -0.03519523682 2
0 0.745 -0.125 -0.03558032964 2
0 0.745 -0.115 -0.03587992411 2
0 0.745 -0.105 -0.03615520797 2
0 0.745 -0.095 -0.03639337563 2
0 0.745 -0.085 -0.03663071637 2
0 0.745 -0.075 -0.03686733066 2
0 0.745 -0.065 -0.03710456423 2
0 0.745 -0.055 -0.03733153844 2
0 0.745 -0.045 -0.03754525028 2
0 0.745 -0.035 -0.03773983172 2
0 0.745 -0.025 -0.03791231125 2
0 0.745 -0.015 -0.03805769219 2
0 0.745 -0.005 -0.03817570783 2
0 0.745 0.005 -0.03826649814 2
0 0.745 0.015 -0.03834192106 2
0 0.745 0.025 -0.03841186778 2
0 0.745 0.035 -0.03854325382 2
0 0.745 0.045 -0.03873274311 2
0 0.745 0.055 -0.03901106901 2
0 0.745 0.065 -0.03905998428 2
0 0.745 0.075 -0.03907531177 2
0 0.745 0.085 -0.03887421391 2
0 0.745 0.095 -0.03893752677 2
0 0.745 0.105 -0.03921731695 2
0 0.745 0.115 -0.03952426999 2
0 0.745 0.125 -0.03963191527 2
0 0.745 0.135 -0.03921773953 2
0 0.745 0.145 -0.03841293592 2
0 0.745 0.155 -0.03731041069 2
0 0.745 0.165 -0.03610207924 2
0 0.745 0.175 -0.0348983796 2
0 0.745 0.185 -0.03376753785 2
0 0.745 0.195 -0.03270334707 2
0 0.745 0.205 -0.03168247316 2
0 0.745 0.215 -0.0306787186 2
0 0.745 0.225 -0.02968007927 2
0 0.745 0.235 -0.02867555042 2
0 0.745 0.245 -0.02765861738 2
0 0.745 0.255 -0.0266255767 2
0 0.745 0.265 -0.02557511492 2
0 0.745 0.275 -0.02450796494 2
0 0.745 0.285 -0.02342653752 2
0 0.745 0.295 -0.02233464254 2
0 0.745 0.305 -0.02123737151 2
0 0.745 0.315 -0.02014036427 2
0 0.745 0.325 -0.0190506875 2
0 0.745 0.335 -0.01797205203 2
0 0.745 0.345 -0.01691614365 2
0 0.745 0.355 -0.01586255132 2
0 0.745 0.365 -0.01487526799 2
0 0.745 0.375 -0.01373249966 2
0 0.745 0.385 -0.01307316344 2
0 0.745 0.395 -0.01080763324 2
0 0.745 0.405 -0.006638263588 2
0 0.745 0.415 -0.002630438413 2
0 0.745 0.425 0 2
0 0.745 0.435 0 2
0 0.745 0.445 0 2
0 0.745 0.455 0 2
0 0.745 0.465 0 2
0 0.755 -0.455 0 2
0 0.755 -0.445 0 2
0 0.755 -0.435 0 2
0 0.755 -0.425 0 2
0 0.755 -0.415 -0.00189419347 2
0 0.755 -0.405 -0.004794848886 2
0 0.755 -0.395 -0.007804795843 2
0 0.755 -0.385 -0.009439808562 2
0 0.755 -0.375 -0.009888979894 2
0 0.755 -0.365 -0.01067132632 2
0 0.755 -0.355 -0.01134412624 2
0 0.755 -0.345 -0.01209153052 2
0 0.755 -0.335 -0.01289901414 2
0 0.755 -0.325 -0.01381626076 2
0 0.755 -0.315 -0.01490074968 2
0 0.755 -0.305 -0.01612366128 2
0 0.755 -0.295 -0.01740726315 2
0 0.755 -0.285 -0.01858936974 2
0 0.755 -0.275 -0.01959936046 2
0 0.755 -0.265 -0.02045679235 2
0 0.755 -0.255 -0.02122382308 2
0 0.755 -0.245 -0.02189614635 2
0 0.755 -0.235 -0.02239968194 2
0 0.755 -0.225 -0.0226304717 2
0 0.755 -0.215 -0.02265463665 2
0 0.755 -0.205 -0.02266595921 1
0 0.755 -0.195 -0.02305034344 1
0 0.755 -0.185 -0.02389496149 1
0 0.755 -0.175 -0.02522697399 1
0 0.755 -0.165 -0.02699740436 2
0 0.755 -0.155 -0.02870975563 2
0 0.755 -0.145 -0.03010496336 2
0 0.755 -0.135 -0.03099708921 2
0 0.755 -0.125 -0.03155684012 2
0 0.755 -0.115 -0.03192286261 2
0 0.755 -0.105 -0.03223481469 2
0 0.755 -0.095 -0.03248459304 2
0 0.755 -0.085 -0.0327363432 2
0 0.755 -0.075 -0.03299050744 2
0 0.755 -0.065 -0.03325406495 2
0 0.755 -0.055 -0.03350814472 2
0 0.755 -0.045 -0.03375273957 2
0 0.755 -0.035 -0.0339814788 2
0 0.755 -0.025 -0.03419450591 2
0 0.755 -0.015 -0.03438433209 2
0 0.755 -0.005 -0.03455494245 2
0 0.755 0.005 -0.03470745696 2
0 0.755 0.015 -0.0348617278 2
0 0.755 0.025 -0.03503412902 2
0 0.755 0.035 -0.03529088688 2
0 0.755 0.045 -0.03566284143 2
0 0.755 0.055 -0.03620063268 2
0 0.755 0.065 -0.03678766984 2
0 0.755 0.075 -0.03736428589 2
0 0.755 0.085 -0.03782355817 2
0 0.755 0.095 -0.03804223438 2
0 0.755 0.105 -0.03813554575 2
0 0.755 0.115 -0.03779990201 2
0 0.755 0.125 -0.03723881826 2
0 0.755 0.135 -0.03623783767 2
0 0.755 0.145 -0.03509932771 2
0 0.755 0.155 -0.03383756412 2
0 0.755 0.165 -0.03258722012 2
0 0.755 0.175 -0.03137771753 2
0 0.755 0.185 -0.03023342829 2
0 0.755 0.195 -0.02913405837 2
0 0.755 0.205 -0.02806385791 2
0 0.755 0.215 -0.02701248815 2
0 0.755 0.225 -0.02596966119 2
0 0.755 0.235 -0.02492671498 2
0 0.755 0.245 -0.02387802886 2
0 0.755 0.255 -0.02282012075 2
0 0.755 0.265 -0.02175181668 2
0 0.755 0.275 -0.02067406843 2
0 0.755 0.285 -0.01958984611 2
0 0.755 0.295 -0.0185040053 2
0 0.755 0.305 -0.01742329882 2
0 0.755 0.315 -0.01635584748 2
0 0.755 0.325 -0.01531197348 2
0 0.755 0.335 -0.01430015142 2
0 0.755 0.345 -0.01333634796 2
0 0.755 0.355 -0.01241002697 2
0 0.755 0.365 -0.01157714276 2
0 0.755 0.375 -0.0106587713 2
0 0.755 0.385 -0.01016097337 2
0 0.755 0.395 -0.008402161648 2
0 0.755 0.405 -0.005179863258 2
0 0.755 0.415 -0.002043188863 2
0 0.755 0.425 0 2
0 0.755 0.435 0 2
0 0.755 0.445 0 2
0 0.755 0.455 0 2
0 0.755 0.465 0 2
0 0.765 -0.455 0 2
0 0.765 -0.445 0 2
0 0.765 -0.435 0 2
0 0.765 -0.425 0 2
0 0.765 -0.415 -0.001258059303 2
0 0.765 -0.405 -0.003214673119 2
0 0.765 -0.395 -0.005177893856 2
0 0.765 -0.385 -0.006239560997 2
0 0.765 -0.375 -0.006476038099 2
0 0.765 -0.365 -0.006996336296 2
0 0.765 -0.355 -0.007457171023 2
0 0.765 -0.345 -0.008001349678 2
0 0.765 -0.335 -0.00858328649 2
0 0.765 -0.325 -0.009300266732 2
0 0.765 -0.315 -0.01026021565 2
0 0.765 -0.305 -0.01142956419 2
0 0.765 -0.295 -0.0127758766 2
0 0.765 -0.285 -0.01404189622 2
0 0.765 -0.275 -0.01518583984 2
0 0.765 -0.265 -0.01611627262 2
0 0.765 -0.255 -0.01684951016 2
0 0.765 -0.245 -0.01734368891 2
0 0.765 -0.235 -0.01757623746 2
0 0.765 -0.225 -0.01752413399 2
0 0.765 -0.215 -0.01735899988 1
0 0.765 -0.205 -0.01733441852 1
0 0.765 -0.195 -0.01762465255 1
0 0.765 -0.185 -0.01834245703 1
0 0.765 -0.175 -0.01960578271 1
0 0.765 -0.165 -0.02130967534 1
0 0.765 -0.155 -0.02322877456 2
0 0.765 -0.145 -0.02478802714 2
0 0.765 -0.135 -0.02596752323 2
0 0.765 -0.125 -0.02681578899 2
0 0.765 -0.115 -0.02745649473 2
0 0.765 -0.105 -0.02796628801 2
0 0.765 -0.095 -0.02832991835 2
0 0.765 -0.085 -0.02862342037 2
0 0.765 -0.075 -0.02890712527 2
0 0.765 -0.065 -0.02920146916 2
0 0.765 -0.055 -0.02949047021 2
0 0.765 -0.045 -0.02977954827 2
0 0.765 -0.035 -0.03005757307 2
0 0.765 -0.025 -0.030333189 2
0 0.765 -0.015 -0.03058251693 2
0 0.765 -0.005 -0.03081369005 2
0 0.765 0.005 -0.03101323995 2
0 0.765 0.015 -0.03121656365 2
0 0.765 0.025 -0.03143882198 2
0 0.765 0.035 -0.03174884919 2
0 0.765 0.045 -0.03217859046 2
0 0.765 0.055 -0.03276114318 2
0 0.765 0.065 -0.03345165186 2
0 0.765 0.075 -0.03413532851 2
0 0.765 0.085 -0.03472545836 2
0 0.765 0.095 -0.03496026476 2
0 0.765 0.105 -0.03487890032 2
0 0.765 0.115 -0.0343096332 2
0 0.765 0.125 -0.03350668943 2
0 0.765 0.135 -0.03242546211 2
0 0.765 0.145 -0.0312628445 2
0 0.765 0.155 -0.03002784234 2
0 0.765 0.165 -0.02880943947 2
0 0.765 0.175 -0.02761040675 2
0 0.765 0.185 -0.02644608017 2
0 0.765 0.195 -0.02530763715 2
0 0.765 0.205 -0.02419401278 2
0 0.765 0.215 -0.02309782812 2
0 0.765 0.225 -0.02201165237 2
0 0.765 0.235 -0.02092888211 2
0 0.765 0.245 -0.0198445746 2
0 0.765 0.255 -0.01875562295 2
0 0.765 0.265 -0.01766108042 2
0 0.765 0.275 -0.01656223417 2
0 0.765 0.285 -0.01546271971 2
0 0.765 0.295 -0.01436856931 2
0 0.765 0.305 -0.01328839898 2
0 0.765 0.315 -0.01223316458 2
0 0.765 0.325 -0.0112171101 2
0 0.765 0.335 -0.01025464973 2
0 0.765 0.345 -0.009368433403 2
0 0.765 0.355 -0.008561166904 2
0 0.765 0.365 -0.007889770977 2
0 0.765 0.375 -0.007223562224 2
0 0.765 0.385 -0.006933933025 2
0 0.765 0.395 -0.005753423001 2
0 0.765 0.405 -0.003586277674 2
0 0.765 0.415 -0.001401701873 2
0 0.765 0.425 0 2
0 0.765 0.435 0 2
0 0.765 0.445 0 2
0 0.765 0.455 0 2
0 0.765 0.465 0 2
0 0.775 -0.455 0 2
0 0.775 -0.445 0 2
0 0.775 -0.435 0 2
0 0.775 -0.425 0 2
0 0.775 -0.415 -0.0006157472517 2
0 0.775 -0.405 -0.001635567599 2
0 0.775 -0.395 -0.002526501917 2
0 0.775 -0.385 -0.003011018809 2
0 0.775 -0.375 -0.003033577692 2
0 0.775 -0.365 -0.003319030727 2
0 0.775 -0.355 -0.003625756411 2
0 0.775 -0.345 -0.004053680468 2
0 0.775 -0.335 -0.004441987745 2
0 0.775 -0.325 -0.005033045281 1
0 0.775 -0.315 -0.005834736327 1
0 0.775 -0.305 -0.006898779875 1
0 0.775 -0.295 -0.008122676517 2
0 0.775 -0.285 -0.009325641556 2
0 0.775 -0.275 -0.01051605946 2
0 0.775 -0.265 -0.01154531373 2
0 0.775 -0.255 -0.01231325211 2
0 0.775 -0.245 -0.01277522635 2
0 0.775 -0.235 -0.01288086391 2
0 0.775 -0.225 -0.0128584968 1
0 0.775 -0.215 -0.01288125509 1
0 0.775 -0.205 -0.01311763218 1
0 0.775 -0.195 -0.01348628215 1
0 0.775 -0.185 -0.01405464647 1
0 0.775 -0.175 -0.01498195935 1
0 0.775 -0.165 -0.01619092457 1
0 0.775 -0.155 -0.01770205188 2
0 0.775 -0.145 -0.01901946725 2
0 0.775 -0.135 -0.0202320282 2
0 0.775 -0.125 -0.0213019973 2
0 0.775 -0.115 -0.02234592007 2
0 0.775 -0.105 -0.02314702027 2
0 0.775 -0.095 -0.02372506981 2
0 0.775 -0.085 -0.02410727617 2
0 0.775 -0.075 -0.02444468533 2
0 0.775 -0.065 -0.02477087561 2
0 0.775 -0.055 -0.02508170723 2
0 0.775 -0.045 -0.02538855229 2
0 0.775 -0.035 -0.02567330153 2
0 0.775 -0.025 -0.02597079666 2
0 0.775 -0.015 -0.02623109098 2
0 0.775 -0.005 -0.02648919497 2
0 0.775 0.005 -0.02671821448 2
0 0.775 0.015 -0.02697171221 2
0 0.775 0.025 -0.02723316345 2
0 0.775 0.035 -0.02758366955 2
0 0.775 0.045 -0.02801574332 2
0 0.775 0.055 -0.02855731099 2
0 0.775 0.065 -0.02916775764 2
0 0.775 0.075 -0.02974400487 2
0 0.775 0.085 -0.03018756483 2
0 0.775 0.095 -0.03034285643 2
0 0.775 0.105 -0.03020289213 2
0 0.775 0.115 -0.02969750278 2
0 0.775 0.125 -0.02894240414 2
0 0.775 0.135 -0.02796857988 2
0 0.775 0.145 -0.0268982312 2
0 0.775 0.155 -0.02575959439 2
0 0.775 0.165 -0.02459785708 2
0 0.775 0.175 -0.02342577674 2
0 0.775 0.185 -0.02226455181 2
0 0.775 0.195 -0.02112072612 2
0 0.775 0.205 -0.01999545114 2
0 0.775 0.215 -0.01888500293 2
0 0.775 0.225 -0.01778464548 2
0 0.775 0.235 -0.01668931565 2
0 0.775 0.245 -0.01559476118 2
0 0.775 0.255 -0.01449823845 2
0 0.775 0.265 -0.01339900763 2
0 0.775 0.275 -0.01229863986 2
0 0.775 0.285 -0.01120129846 2
0 0.775 0.295 -0.01011395915 2
0 0.775 0.305 -0.009046769993 2
0 0.775 0.315 -0.008013114326 2
0 0.775 0.325 -0.007030749352 2
0 0.775 0.335 -0.006119728772 2
0 0.775 0.345 -0.005309764276 2
0 0.775 0.355 -0.004617588572 2
0 0.775 0.365 -0.004108809417 2
0 0.775 0.375 -0.003699838277 2
0 0.775 0.385 -0.003632298124 2
0 0.775 0.395 -0.003043919152 2
0 0.775 0.405 -0.0019688649 2
0 0.775 0.415 -0.0007450571502 2
0 0.775 0.425 0 2
0 0.775 0.435 0 2
0 0.775 0.445 0 2
0 0.775 0.455 0 2
0 0.775 0.465 0 2
0 0.785 -0.455 0 2
0 0.785 -0.445 0 2
0 0.785 -0.435 0 2
0 0.785 -0.425 0 2
0 0.785 -0.415 9.336378127e-05 2
0 0.785 -0.405 0.0001808197475 2
0 0.785 -0.395 0.0007554853216 2
0 0.785 -0.385 0.001149926341 2
0 0.785 -0.375 0.001569744881 2
0 0.785 -0.365 0.001444022316 2
0 0.785 -0.355 0.001070400298 2
0 0.785 -0.345 0.000460441086 2
0 0.785 -0.335 -0.0001544670065 1
0 0.785 -0.325 -0.0009036228837 1
0 0.785 -0.315 -0.001682496988 1
0 0.785 -0.305 -0.002589809926 1
0 0.785 -0.295 -0.003552474479 1
0 0.785 -0.285 -0.004578858826 1
0 0.785 -0.275 -0.005617076018 2
0 0.785 -0.265 -0.0066635317 2
0 0.785 -0.255 -0.007551484095 2
0 0.785 -0.245 -0.008242735607 2
0 0.785 -0.235 -0.008635538501 1
0 0.785 -0.225 -0.00903964187 1
0 0.785 -0.215 -0.009509344992 1
0 0.785 -0.205 -0.01006640745 1
0 0.785 -0.195 -0.0105667981 1
0 0.785 -0.185 -0.01100505904 1
0 0.785 -0.175 -0.01150199829 1
0 0.785 -0.165 -0.01211767258 1
0 0.785 -0.155 -0.01289648675 1
0 0.785 -0.145 -0.01376708283 1
0 0.785 -0.135 -0.01477097451 1
0 0.785 -0.125 -0.01589190181 1
0 0.785 -0.115 -0.01720351077 2
0 0.785 -0.105 -0.01830919731 2
0 0.785 -0.095 -0.01920476667 2
0 0.785 -0.085 -0.01981064497 2
0 0.785 -0.075 -0.02025801167 2
0 0.785 -0.065 -0.02061902868 2
0 0.785 -0.055 -0.02091636387 2
0 0.785 -0.045 -0.02114482229 2
0 0.785 -0.035 -0.02128501944 2
0 0.785 -0.025 -0.02140985741 2
0 0.785 -0.015 -0.02154585344 2
0 0.785 -0.005 -0.02176865662 2
0 0.785 0.005 -0.02208455821 2
0 0.785 0.015 -0.02252604112 2
0 0.785 0.025 -0.02303698206 2
0 0.785 0.035 -0.02361710258 2
0 0.785 0.045 -0.02419572221 2
0 0.785 0.055 -0.02478451276 2
0 0.785 0.065 -0.02537055045 2
0 0.785 0.075 -0.02589342101 2
0 0.785 0.085 -0.02626821205 2
0 0.785 0.095 -0.02640411269 2
0 0.785 0.105 -0.02626291564 2
0 0.785 0.115 -0.02581642444 2
0 0.785 0.125 -0.02510959444 2
0 0.785 0.135 -0.02418095742 2
0 0.785 0.145 -0.02310313538 2
0 0.785 0.155 -0.02192650507 2
0 0.785 0.165 -0.02070202292 2
0 0.785 0.175 -0.01946068242 2
0 0.785 0.185 -0.01822437391 2
0 0.785 0.195 -0.01700268867 2
0 0.785 0.205 -0.01579888025 2
0 0.785 0.215 -0.01461085701 2
0 0.785 0.225 -0.01343415688 2
0 0.785 0.235 -0.01226337144 2
0 0.785 0.245 -0.01109369213 2
0 0.785 0.255 -0.0099218242 2
0 0.785 0.265 -0.008746663843 2
0 0.785 0.275 -0.007569770731 2
0 0.785 0.285 -0.006395773449 2
0 0.785 0.295 -0.005232746059 2
0 0.785 0.305 -0.004092752435 2
0 0.785 0.315 -0.002992277706 2
0 0.785 0.325 -0.001953695603 2
0 0.785 0.335 -0.001004540628 2
0 0.785 0.345 -0.0001848525818 2
0 0.785 0.355 0.0004686841065 2
0 0.785 0.365 0.0008662937848 2
0 0.785 0.375 0.001027021803 2
0 0.785 0.385 0.0006277756659 2
0 0.785 0.395 0.0003201940629 2
0 0.785 0.405 -9.318051675e-05 2
0 0.785 0.415 -1.319817529e-05 2
0 0.785 0.425 0 2
0 0.785 0.435 0 2
0 0.785 0.445 0 2
0 0.785 0.455 0 2
0 0.785 0.465 0 2
0 0.795 -0.455 0 2
0 0.795 -0.445 0 2
0 0.795 -0.435 0 2
0 0.795 -0.425 0 2
0 0.795 -0.415 0.0005102016121 2
0 0.795 -0.405 0.001219917247 2
0 0.795 -0.395 0.002781912006 2
0 0.795 -0.385 0.003601302139 2
0 0.795 -0.375 0.004238335328 2
0 0.795 -0.365 0.004203918728 2
0 0.795 -0.355 0.003792248509 2
0 0.795 -0.345 0.003098098118 2
0 0.795 -0.335 0.002255421513 1
0 0.795 -0.325 0.001505005339 1
0 0.795 -0.315 0.0008270879985 1
0 0.795 -0.305 0.0001721170152 1
0 0.795 -0.295 -0.0004690252335 1
0 0.795 -0.285 -0.001171171739 1
0 0.795 -0.275 -0.001873110832 1
0 0.795 -0.265 -0.002678889498 2
0 0.795 -0.255 -0.003510020707 2
0 0.795 -0.245 -0.004282821134 2
0 0.795 -0.235 -0.004973484682 1
0 0.795 -0.225 -0.005613748913 1
0 0.795 -0.215 -0.006250265824 1
0 0.795 -0.205 -0.006834112911 1
0 0.795 -0.195 -0.007285398787 1
0 0.795 -0.185 -0.007608888044 1
0 0.795 -0.175 -0.007839278667 1
0 0.795 -0.165 -0.008078065454 1
0 0.795 -0.155 -0.008338065347 1
0 0.795 -0.145 -0.008780048119 1
0 0.795 -0.135 -0.009421596286 1
0 0.795 -0.125 -0.01031457996 1
0 0.795 -0.115 -0.01139258398 2
0 0.795 -0.105 -0.01247278097 2
0 0.795 -0.095 -0.01338066253 2
0 0.795 -0.085 -0.01403664594 2
0 0.795 -0.075 -0.0144850093 2
0 0.795 -0.065 -0.0148014661 2
0 0.795 -0.055 -0.01500791244 2
0 0.795 -0.045 -0.01508656038 2
0 0.795 -0.035 -0.01507143554 2
0 0.795 -0.025 -0.01501134817 2
0 0.795 -0.015 -0.0150327633 2
0 0.795 -0.005 -0.01518059287 2
0 0.795 0.005 -0.01551382165 2
0 0.795 0.015 -0.01602993766 2
0 0.795 0.025 -0.01670377255 2
0 0.795 0.035 -0.01737976404 2
0 0.795 0.045 -0.01799784682 2
0 0.795 0.055 -0.01854933414 2
0 0.795 0.065 -0.01906690658 2
0 0.795 0.075 -0.01951373437 2
0 0.795 0.085 -0.0198244713 2
0 0.795 0.095 -0.01993584686 2
0 0.795 0.105 -0.01981176883 2
0 0.795 0.115 -0.0194361744 2
0 0.795 0.125 -0.01883332198 2
0 0.795 0.135 -0.01803938654 2
0 0.795 0.145 -0.01710829902 2
0 0.795 0.155 -0.01608671028 2
0 0.795 0.165 -0.01501665649 2
0 0.795 0.175 -0.01392709813 2
0 0.795 0.185 -0.01283796777 2
0 0.795 0.195 -0.01175965069 2
0 0.795 0.205 -0.01069606127 2
0 0.795 0.215 -0.009646134158 2
0 0.795 0.225 -0.008606198464 2
0 0.795 0.235 -0.007571594935 2
0 0.795 0.245 -0.006538036328 2
0 0.795 0.255 -0.005502513366 2
0 0.795 0.265 -0.004463967095 2
0 0.795 0.275 -0.003423770228 2
0 0.795 0.285 -0.002386140603 2
0 0.795 0.295 -0.001358546171 2
0 0.795 0.305 -0.000352268642 2
0 0.795 0.315 0.0006170315148 2
0 0.795 0.325 0.001527879603 2
0 0.795 0.335 0.002352886417 2
0 0.795 0.345 0.003052403479 2
0 0.795 0.355 0.003584508963 2
0 0.795 0.365 0.003858225231 2
0 0.795 0.375 0.003856267926 2
0 0.795 0.385 0.003216535548 2
0 0.795 0.395 0.002458782504 2
0 0.795 0.405 0.001024768551 2
0 0.795 0.415 0.0004338024356 2
0 0.795 0.425 0 2
0 0.795 0.435 0 2
0 0.795 0.445 0 2
0 0.795 0.455 0 2
0 0.795 0.465 0 2
0 0.805 -0.455 0 2
0 0.805 -0.445 0 2
0 0.805 -0.435 0 2
0 0.805 -0.425 0 2
0 0.805 -0.415 0.0005062077669 2
0 0.805 -0.405 0.001227879065 2
0 0.805 -0.395 0.00274831055 2
0 0.805 -0.385 0.003622850344 2
0 0.805 -0.375 0.004213900406 2
0 0.805 -0.365 0.004200986347 2
0 0.805 -0.355 0.003835226569 2
0 0.805 -0.345 0.003242342731 2
0 0.805 -0.335 0.002497682597 1
0 0.805 -0.325 0.001934223629 1
0 0.805 -0.315 0.001475882038 1
0 0.805 -0.305 0.001104666547 1
0 0.805 -0.295 0.00074577255 1
0 0.805 -0.285 0.0003811289683 1
0 0.805 -0.275 2.19248214e-05 1
0 0.805 -0.265 -0.0003873406954 1
0 0.805 -0.255 -0.0009389976135 2
0 0.805 -0.245 -0.001540635358 1
0 0.805 -0.235 -0.002199259255 1
0 0.805 -0.225 -0.00273549246 1
0 0.805 -0.215 -0.003219119652 1
0 0.805 -0.205 -0.003614015603 1
0 0.805 -0.195 -0.003908274381 1
0 0.805 -0.185 -0.004103072884 1
0 0.805 -0.175 -0.00419174546 1
0 0.805 -0.165 -0.004244521977 1
0 0.805 -0.155 -0.004297652031 1
0 0.805 -0.145 -0.004483702095 1
0 0.805 -0.135 -0.004791587953 1
0 0.805 -0.125 -0.005278874555 1
0 0.805 -0.115 -0.005854248845 1
0 0.805 -0.105 -0.006569782738 2
0 0.805 -0.095 -0.007198001227 2
0 0.805 -0.085 -0.007698231175 2
0 0.805 -0.075 -0.008023563856 2
0 0.805 -0.065 -0.008224757185 2
0 0.805 -0.055 -0.008326641066 2
0 0.805 -0.045 -0.00830214483 2
0 0.805 -0.035 -0.008198101675 2
0 0.805 -0.025 -0.008036870405 1
0 0.805 -0.015 -0.007971284159 1
0 0.805 -0.005 -0.008025833697 1
0 0.805 0.005 -0.008277018121 1
0 0.805 0.015 -0.00869320136 1
0 0.805 0.025 -0.009268083635 2
0 0.805 0.035 -0.009814732255 2
0 0.805 0.045 -0.01030450874 2
0 0.805 0.055 -0.01070969999 2
0 0.805 0.065 -0.01107619427 2
0 0.805 0.075 -0.01139097527 2
0 0.805 0.085 -0.01161385628 2
0 0.805 0.095 -0.01170225857 2
0 0.805 0.105 -0.01162892293 2
0 0.805 0.115 -0.01138505289 2
0 0.805 0.125 -0.01098557471 2
0 0.805 0.135 -0.0104572865 2
0 0.805 0.145 -0.009835630178 2
0 0.805 0.155 -0.009153597705 2
0 0.805 0.165 -0.008439931272 2
0 0.805 0.175 -0.007715304872 2
0 0.805 0.185 -0.006993283495 2
0 0.805 0.195 -0.00628069894 2
0 0.805 0.205 -0.005579575694 2
0 0.805 0.215 -0.004888600913 2
0 0.805 0.225 -0.00420470685 2
0 0.805 0.235 -0.003524220895 2
0 0.805 0.245 -0.002843791989 2
0 0.805 0.255 -0.002161016542 2
0 0.805 0.265 -0.001474880417 2
0 0.805 0.275 -0.0007860697005 2
0 0.805 0.285 -9.723868382e-05 2
0 0.805 0.295 0.0005867152225 2
0 0.805 0.305 0.001258260124 2
0 0.805 0.315 0.001906784712 2
0 0.805 0.325 0.002517585913 2
0 0.805 0.335 0.003071444925 2
0 0.805 0.345 0.003540414086 2
0 0.805 0.355 0.003892279277 2
0 0.805 0.365 0.004060774903 2
0 0.805 0.375 0.00401463405 2
0 0.805 0.385 0.003414067377 2
0 0.805 0.395 0.002577378013 2
0 0.805 0.405 0.001130140496 2
0 0.805 0.415 0.0004660919573 2
0 0.805 0.425 0 2
0 0.805 0.435 0 2
0 0.805 0.445 0 2
0 0.805 0.455 0 2
0 0.805 0.465 0 2
0 0.815 -0.455 0 2
0 0.815 -0.445 0 2
0 0.815 -0.435 0 2
0 0.815 -0.425 0 2
0 0.815 -0.415 0.0002674014821 2
0 0.815 -0.405 0.0006778056626 2
0 0.815 -0.395 0.001331578134 2
0 0.815 -0.385 0.001765122962 2
0 0.815 -0.375 0.002040771697 2
0 0.815 -0.365 0.002038850034 2
0 0.815 -0.355 0.001875978678 2
0 0.815 -0.345 0.001610113527 2
0 0.815 -0.335 0.001290836572 1
0 0.815 -0.325 0.001042002857 1
0 0.815 -0.315 0.0008547050949 1
0 0.815 -0.305 0.0007256921533 1
0 0.815 -0.295 0.0005973805014 1
0 0.815 -0.285 0.0004767421154 1
0 0.815 -0.275 0.0003547727096 1
0 0.815 -0.265 0.0002162810058 1
0 0.815 -0.255 -2.128376152e-06 2
0 0.815 -0.245 -0.0002611653489 1
0 0.815 -0.235 -0.0005577940445 1
0 0.815 -0.225 -0.0007996934441 1
0 0.815 -0.215 -0.001005029603 1
0 0.815 -0.205 -0.001155673904 1
0 0.815 -0.195 -0.001265904308 1
0 0.815 -0.185 -0.001337162965 1
0 0.815 -0.175 -0.001367614207 1
0 0.815 -0.165 -0.00138300811 1
0 0.815 -0.155 -0.001401144972 1
0 0.815 -0.145 -0.001458819144 1
0 0.815 -0.135 -0.001543997655 1
0 0.815 -0.125 -0.001693318736 1
0 0.815 -0.115 -0.001879457248 1
0 0.815 -0.105 -0.002135062314 2
0 0.815 -0.095 -0.002378058378 2
0 0.815 -0.085 -0.002590919143 2
0 0.815 -0.075 -0.002725140765 2
0 0.815 -0.065 -0.002797155995 2
0 0.815 -0.055 -0.002818513066 2
0 0.815 -0.045 -0.002780354527 1
0 0.815 -0.035 -0.002713073118 1
0 0.815 -0.025 -0.002634590283 1
0 0.815 -0.015 -0.002600965493 1
0 0.815 -0.005 -0.002620888626 1
0 0.815 0.005 -0.002735446085 1
0 0.815 0.015 -0.002926773607 1
0 0.815 0.025 -0.00318505404 2
0 0.815 0.035 -0.003431324228 2
0 0.815 0.045 -0.003643180127 2
0 0.815 0.055 -0.003804817268 2
0 0.815 0.065 -0.003944361303 2
0 0.815 0.075 -0.004060388678 2
0 0.815 0.085 -0.004140158908 2
0 0.815 0.095 -0.004169309046 2
0 0.815 0.105 -0.004138103883 2
0 0.815 0.115 -0.004043386667 2
0 0.815 0.125 -0.003889707381 2
0 0.815 0.135 -0.003686528458 2
0 0.815 0.145 -0.003446402998 2
0 0.815 0.155 -0.003181634121 2
0 0.815 0.165 -0.002903042912 2
0 0.815 0.175 -0.002618715503 2
0 0.815 0.185 -0.002334091132 2
0 0.815 0.195 -0.00205213893 2
0 0.815 0.205 -0.001773972108 2
0 0.815 0.215 -0.001499388179 2
0 0.815 0.225 -0.001227439826 2
0 0.815 0.235 -0.0009568865994 2
0 0.815 0.245 -0.0006865622717 2
0 0.815 0.255 -0.0004156344069 2
0 0.815 0.265 -0.0001437911627 2
0 0.815 0.275 0.0001286219109 2
0 0.815 0.285 0.0004004832413 2
0 0.815 0.295 0.0006697744968 2
0 0.815 0.305 0.000933415461 2
0 0.815 0.315 0.001187072917 2
0 0.815 0.325 0.001424753773 2
0 0.815 0.335 0.001638591867 2
0 0.815 0.345 0.001817221983 2
0 0.815 0.355 0.001947288026 2
0 0.815 0.365 0.002002292964 2
0 0.815 0.375 0.001968475587 2
0 0.815 0.385 0.001685381824 2
0 0.815 0.395 0.00126605806 2
0 0.815 0.405 0.0006397138197 2
0 0.815 0.415 0.0002523215359 2
0 0.815 0.425 0 2
0 0.815 0.435 0 2
0 0.815 0.445 0 2
0 0.815 0.455 0 2
0 0.815 0.465 0 2
0 0.825 -0.455 0 2
0 0.825 -0.445 0 2
0 0.825 -0.435 0 2
0 0.825 -0.425 0 2
0 0.825 -0.415 0 2
0 0.825 -0.405 0 2
0 0.825 -0.395 0 2
0 0.825 -0.385 0 2
0 0.825 -0.375 0 2
0 0.825 -0.365 0 2
0 0.825 -0.355 0 2
0 0.825 -0.345 0 2
0 0.825 -0.335 0 1
0 0.825 -0.325 0 1
0 0.825 -0.315 0 1
0 0.825 -0.305 0 1
0 0.825 -0.295 0 1
0 0.825 -0.285 0 1
0 0.825 -0.275 0 1
0 0.825 -0.265 0 1
0 0.825 -0.255 0 1
0 0.825 -0.245 0 1
0 0.825 -0.235 0 1
0 0.825 -0.225 0 1
0 0.825 -0.215 0 1
0 0.825 -0.205 0 1
0 0.825 -0.195 0 1
0 0.825 -0.185 0 1
0 0.825 -0.175 0 1
0 0.825 -0.165 0 1
0 0.825 -0.155 0 1
0 0.825 -0.145 0 1
0 0.825 -0.135 0 1
0 0.825 -0.125 0 1
0 0.825 -0.115 0 1
0 0.825 -0.105 0 2
0 0.825 -0.095 0 2
0 0.825 -0.085 0 2
0 0.825 -0.075 0 2
0 0.825 -0.065 0 2
0 0.825 -0.055 0 1
0 0.825 -0.045 0 1
0 0.825 -0.035 0 1
0 0.825 -0.025 0 1
0 0.825 -0.015 0 1
0 0.825 -0.005 0 1
0 0.825 0.005 0 1
0 0.825 0.015 0 1
0 0.825 0.025 0 1
0 0.825 0.035 0 2
0 0.825 0.045 0 2
0 0.825 0.055 0 2
0 0.825 0.065 0 2
0 0.825 0.075 0 2
0 0.825 0.085 0 2
0 0.825 0.095 0 2
0 0.825 0.105 0 2
0 0.825 0.115 0 2
0 0.825 0.125 0 2
0 0.825 0.135 0 2
0 0.825 0.145 0 2
0 0.825 0.155 0 2
0 0.825 0.165 0 2
0 0.825 0.175 0 2
0 0.825 0.185 0 2
0 0.825 0.195 0 2
0 0.825 0.205 0 2
0 0.825 0.215 0 2
0 0.825 0.225 0 2
0 0.825 0.235 0 2
0 0.825 0.245 0 2
0 0.825 0.255 0 2
0 0.825 0.265 0 2
0 0.825 0.275 0 2
0 0.825 0.285 0 2
0 0.825 0.295 0 2
0 0.825 0.305 0 2
0 0.825 0.315 0 2
0 0.825 0.325 0 2
0 0.825 0.335 0 2
0 0.825 0.345 0 2
0 0.825 0.355 0 2
0 0.825 0.365 0 2
0 0.825 0.375 0 2
0 0.825 0.385 0 2
0 0.825 0.395 0 2
0 0.825 0.405 0 2
0 0.825 0.415 0 2
0 0.825 0.425 0 2
0 0.825 0.435 0 2
0 0.825 0.445 0 2
0 0.825 0.455 0 2
0 0.825 0.465 0 2
0 0.835 -0.455 0 2
0 0.835 -0.445 0 2
0 0.835 -0.435 0 2
0 0.835 -0.425 0 2
0 0.835 -0.415 0 2
0 0.835 -0.405 0 2
0 0.835 -0.395 0 2
0 0.835 -0.385 0 2
0 0.835 -0.375 0 2
0 0.835 -0.365 0 2
0 0.835 -0.355 0 2
0 0.835 -0.345 0 2
0 0.835 -0.335 0 2
0 0.835 -0.325 0 1
0 0.835 -0.315 0 1
0 0.835 -0.305 0 1
0 0.835 -0.295 0 1
0 0.835 -0.285 0 1
0 0.835 -0.275 0 1
0 0.835 -0.265 0 1
0 0.835 -0.255 0 1
0 0.835 -0.245 0 1
0 0.835 -0.235 0 1
0 0.835 -0.225 0 1
0 0.835 -0.215 0 1
0 0.835 -0.205 0 1
0 0.835 -0.195 0 1
0 0.835 -0.185 0 1
0 0.835 -0.175 0 1
0 0.835 -0.165 0 1
0 0.835 -0.155 0 1
0 0.835 -0.145 0 1
0 0.835 -0.135 0 1
0 0.835 -0.125 0 1
0 0.835 -0.115 0 2
0 0.835 -0.105 0 2
0 0.835 -0.095 0 2
0 0.835 -0.085 0 2
0 0.835 -0.075 0 2
0 0.835 -0.065 0 2
0 0.835 -0.055 0 1
0 0.835 -0.045 0 1
0 0.835 -0.035 0 1
0 0.835 -0.025 0 1
0 0.835 -0.015 0 1
0 0.835 -0.005 0 1
0 0.835 0.005 0 1
0 0.835 0.015 0 1
0 0.835 0.025 0 2
0 0.835 0.035 0 2
0 0.835 0.045 0 2
0 0.835 0.055 0 2
0 0.835 0.065 0 2
0 0.835 0.075 0 2
0 0.835 0.085 0 2
0 0.835 0.095 0 2
0 0.835 0.105 0 2
0 0.835 0.115 0 2
0 0.835 0.125 0 2
0 0.835 0.135 0 2
0 0.835 0.145 0 2
0 0.835 0.155 0 2
0 0.835 0.165 0 2
0 0.835 0.175 0 2
0 0.835 0.185 0 2
0 0.835 0.195 0 2
0 0.835 0.205 0 2
0 0.835 0.215 0 2
0 0.835 0.225 0 2
0 0.835 0.235 0 2
0 0.835 0.245 0 2
0 0.835 0.255 0 2
0 0.835 0.265 0 2
0 0.835 0.275 0 2
0 0.835 0.285 0 2
0 0.835 0.295 0 2
0 0.835 0.305 0 2
0 0.835 0.315 0 2
0 0.835 0.325 0 2
0 0.835 0.335 0 2
0 0.835 0.345 0 2
0 0.835 0.355 0 2
0 0.835 0.365 0 2
0 0.835 0.375 0 2
0 0.835 0.385 0 2
0 0.835 0.395 0 2
0 0.835 0.405 0 2
0 0.835 0.415 0 2
0 0.835 0.425 0 2
0 0.835 0.435 0 2
0 0.835 0.445 0 2
0 0.835 0.455 0 2
0 0.835 0.465 0 2
0 0.845 -0.455 0 2
0 0.845 -0.445 0 2
0 0.845 -0.435 0 2
0 0.845 -0.425 0 2
0 0.845 -0.415 0 2
0 0.845 -0.405 0 2
0 0.845 -0.395 0 2
0 0.845 -0.385 0 2
0 0.845 -0.375 0 2
0 0.845 -0.365 0 2
0 0.845 -0.355 0 2
0 0.845 -0.345 0 2
0 0.845 -0.335 0 2
0 0.845 -0.325 0 1
0 0.845 -0.315 0 1
0 0.845 -0.305 0 1
0 0.845 -0.295 0 1
0 0.845 -0.285 0 1
0 0.845 -0.275 0 1
0 0.845 -0.265 0 1
0 0.845 -0.255 0 1
0 0.845 -0.245 0 1
0 0.845 -0.235 0 1
0 0.845 -0.225 0 1
0 0.845 -0.215 0 1
0 0.845 -0.205 0 1
0 0.845 -0.195 0 1
0 0.845 -0.185 0 1
0 0.845 -0.175 0 1
0 0.845 -0.165 0 1
0 0.845 -0.155 0 1
0 0.845 -0.145 0 1
0 0.845 -0.135 0 1
0 0.845 -0.125 0 1
0 0.845 -0.115 0 2
0 0.845 -0.105 0 2
0 0.845 -0.095 0 2
0 0.845 -0.085 0 2
0 0.845 -0.075 0 2
0 0.845 -0.065 0 1
0 0.845 -0.055 0 1
0 0.845 -0.045 0 1
0 0.845 -0.035 0 1
0 0.845 -0.025 0 1
0 0.845 -0.015 0 1
0 0.845 -0.005 0 1
0 0.845 0.005 0 1
0 0.845 0.015 0 1
0 0.845 0.025 0 2
0 0.845 0.035 0 2
0 0.845 0.045 0 2
0 0.845 0.055 0 2
0 0.845 0.065 0 2
0 0.845 0.075 0 2
0 0.845 0.085 0 2
0 0.845 0.095 0 2
0 0.845 0.105 0 2
0 0.845 0.115 0 2
0 0.845 0.125 0 2
0 0.845 0.135 0 2
0 0.845 0.145 0 2
0 0.845 0.155 0 2
0 0.845 0.165 0 2
0 0.845 0.175 0 2
0 0.845 0.185 0 2
0 0.845 0.195 0 2
0 0.845 0.205 0 2
0 0.845 0.215 0 2
0 0.845 0.225 0 2
0 0.845 0.235 0 2
0 0.845 0.245 0 2
0 0.845 0.255 0 2
0 0.845 0.265 0 2
0 0.845 0.275 0 2
0 0.845 0.285 0 2
0 0.845 0.295 0 2
0 0.845 0.305 0 2
0 0.845 0.315 0 2
0 0.845 0.325 0 2
0 0.845 0.335 0 2
0 0.845 0.345 0 2
0 0.845 0.355 0 2
0 0.845 0.365 0 2
0 0.845 0.375 0 2
0 0.845 0.385 0 2
0 0.845 0.395 0 2
0 0.845 0.405 0 2
0 0.845 0.415 0 2
0 0.845 0.425 0 2
0 0.845 0.435 0 2
0 0.845 0.445 0 2
0 0.845 0.455 0 2
0 0.845 0.465 0 2
0 0.855 -0.455 0 2
0 0.855 -0.445 0 2
0 0.855 -0.435 0 2
0 0.855 -0.425 0 2
0 0.855 -0.415 0 2
0 0.855 -0.405 0 2
0 0.855 -0.395 0 2
0 0.855 -0.385 0 2
0 0.855 -0.375 0 2
0 0.855 -0.365 0 2
0 0.855 -0.355 0 2
0 0.855 -0.345 0 2
0 0.855 -0.335 0 2
0 0.855 -0.325 0 2
0 0.855 -0.315 0 1
0 0.855 -0.305 0 1
0 0.855 -0.295 0 1
0 0.855 -0.285 0 1
0 0.855 -0.275 0 1
0 0.855 -0.265 0 1
0 0.855 -0.255 0 1
0 0.855 -0.245 0 2
0 0.855 -0.235 0 1
0 0.855 -0.225 0 1
0 0.855 -0.215 0 1
0 0.855 -0.205 0 1
0 0.855 -0.195 0 1
0 0.855 -0.185 0 1
0 0.855 -0.175 0 1
0 0.855 -0.165 0 1
0 0.855 -0.155 0 1
0 0.855 -0.145 0 1
0 0.855 -0.135 0 1
0 0.855 -0.125 0 1
0 0.855 -0.115 0 2
0 0.855 -0.105 0 2
0 0.855 -0.095 0 2
0 0.855 -0.085 0 2
0 0.855 -0.075 0 2
0 0.855 -0.065 0 1
0 0.855 -0.055 0 1
0 0.855 -0.045 0 1
0 0.855 -0.035 0 1
0 0.855 -0.025 0 1
0 0.855 -0.015 0 1
0 0.855 -0.005 0 1
0 0.855 0.005 0 1
0 0.855 0.015 0 1
0 0.855 0.025 0 2
0 0.855 0.035 0 2
0 0.855 0.045 0 2
0 0.855 0.055 0 2
0 0.855 0.065 0 2
0 0.855 0.075 0 2
0 0.855 0.085 0 2
0 0.855 0.095 0 2
0 0.855 0.105 0 2
0 0.855 0.115 0 2
0 0.855 0.125 0 2
0 0.855 0.135 0 2
0 0.855 0.145 0 2
0 0.855 0.155 0 2
0 0.855 0.165 0 2
0 0.855 0.175 0 2
0 0.855 0.185 0 2
0 0.855 0.195 0 2
0 0.855 0.205 0 2
0 0.855 0.215 0 2
0 0.855 0.225 0 2
0 0.855 0.235 0 2
0 0.855 0.245 0 2
0 0.855 0.255 0 2
0 0.855 0.265 0 2
0 0.855 0.275 0 2
0 0.855 0.285 0 2
0 0.855 0.295 0 2
0 0.855 0.305 0 2
0 0.855 0.315 0 2
0 0.855 0.325 0 2
0 0.855 0.335 0 2
0 0.855 0.345 0 2
0 0.855 0.355 0 2
0 0.855 0.365 0 2
0 0.855 0.375 0 2
0 0.855 0.385 0 2
0 0.855 0.395 0 2
0 0.855 0.405 0 2
0 0.855 0.415 0 2
0 0.855 0.425 0 2
0 0.855 0.435 0 2
0 0.855 0.445 0 2
0 0.855 0.455 0 2
0 0.855 0.465 0 2
0 0.865 -0.455 0 2
0 0.865 -0.445 0 2
0 0.865 -0.435 0 2
0 0.865 -0.425 0 2
0 0.865 -0.415 0 2
0 0.865 -0.405 0 2
0 0.865 -0.395 0 2
0 0.865 -0.385 0 2
0 0.865 -0.375 0 2
0 0.865 -0.365 0 2
0 0.865 -0.355 0 2
0 0.865 -0.345 0 2
0 0.865 -0.335 0 2
0 0.865 -0.325 0 2
0 0.865 -0.315 0 2
0 0.865 -0.305 0 1
0 0.865 -0.295 0 1
0 0.865 -0.285 0 1
0 0.865 -0.275 0 1
0 0.865 -0.265 0 1
0 0.865 -0.255 0 1
0 0.865 -0.245 0 2
0 0.865 -0.235 0 2
0 0.865 -0.225 0 2
0 0.865 -0.215 0 2
0 0.865 -0.205 0 2
0 0.865 -0.195 0 1
0 0.865 -0.185 0 1
0 0.865 -0.175 0 1
0 0.865 -0.165 0 1
0 0.865 -0.155 0 1
0 0.865 -0.145 0 1
0 0.865 -0.135 0 1
0 0.865 -0.125 0 2
0 0.865 -0.115 0 2
0 0.865 -0.105 0 2
0 0.865 -0.095 0 2
0 0.865 -0.085 0 2
0 0.865 -0.075 0 1
0 0.865 -0.065 0 1
0 0.865 -0.055 0 1
0 0.865 -0.045 0 1
0 0.865 -0.035 0 1
0 0.865 -0.025 0 1
0 0.865 -0.015 0 1
0 0.865 -0.005 0 1
0 0.865 0.005 0 1
0 0.865 0.015 0 1
0 0.865 0.025 0 2
0 0.865 0.035 0 2
0 0.865 0.045 0 2
0 0.865 0.055 0 2
0 0.865 0.065 0 2
0 0.865 0.075 0 2
0 0.865 0.085 0 2
0 0.865 0.095 0 2
0 0.865 0.105 0 2
0 0.865 0.115 0 2
0 0.865 0.125 0 2
0 0.865 0.135 0 2
0 0.865 0.145 0 2
0 0.865 0.155 0 2
0 0.865 0.165 0 2
0 0.865 0.175 0 2
0 0.865 0.185 0 2
0 0.865 0.195 0 2
0 0.865 0.205 0 2
0 0.865 0.215 0 2
0 0.865 0.225 0 2
0 0.865 0.235 0 2
0 0.865 0.245 0 2
0 0.865 0.255 0 2
0 0.865 0.265 0 2
0 0.865 0.275 0 2
0 0.865 0.285 0 2
0 0.865 0.295 0 2
0 0.865 0.305 0 2
0 0.865 0.315 0 2
0 0.865 0.325 0 2
0 0.865 0.335 0 2
0 0.865 0.345 0 2
0 0.865 0.355 0 2
0 0.865 0.365 0 2
0 0.865 0.375 0 2
0 0.865 0.385 0 2
0 0.865 0.395 0 2
0 0.865 0.405 0 2
0 0.865 0.415 0 2
0 0.865 0.425 0 2
0 0.865 0.435 0 2
0 0.865 0.445 0 2
0 0.865 0.455 0 2
0 0.865 0.465 0 2
