t x y content type
0 -0.055 -0.455 0 2
0 -0.055 -0.445 0 2
0 -0.055 -0.435 0 2
0 -0.055 -0.425 0 2
0 -0.055 -0.415 0 2
0 -0.055 -0.405 0 2
0 -0.055 -0.395 0 2
0 -0.055 -0.385 0 2
0 -0.055 -0.375 0 2
0 -0.055 -0.365 0 2
0 -0.055 -0.355 0 2
0 -0.055 -0.345 0 2
0 -0.055 -0.335 0 1
0 -0.055 -0.325 0 1
0 -0.055 -0.315 0 1
0 -0.055 -0.305 0 1
0 -0.055 -0.295 0 1
0 -0.055 -0.285 0 1
0 -0.055 -0.275 0 1
0 -0.055 -0.265 0 2
0 -0.055 -0.255 0 2
0 -0.055 -0.245 0 2
0 -0.055 -0.235 0 2
0 -0.055 -0.225 0 2
0 -0.055 -0.215 0 2
0 -0.055 -0.205 0 2
0 -0.055 -0.195 0 2
0 -0.055 -0.185 0 2
0 -0.055 -0.175 0 2
0 -0.055 -0.165 0 2
0 -0.055 -0.155 0 2
0 -0.055 -0.145 0 2
0 -0.055 -0.135 0 2
0 -0.055 -0.125 0 2
0 -0.055 -0.115 0 2
0 -0.055 -0.105 0 2
0 -0.055 -0.095 0 2
0 -0.055 -0.085 0 2
0 -0.055 -0.075 0 2
0 -0.055 -0.065 0 2
0 -0.055 -0.055 0 1
0 -0.055 -0.045 0 1
0 -0.055 -0.035 0 1
0 -0.055 -0.025 0 1
0 -0.055 -0.015 0 1
0 -0.055 -0.005 0 1
0 -0.055 0.005 0 1
0 -0.055 0.015 0 1
0 -0.055 0.025 0 1
0 -0.055 0.035 0 1
0 -0.055 0.045 0 1
0 -0.055 0.055 0 1
0 -0.055 0.065 0 1
0 -0.055 0.075 0 2
0 -0.055 0.085 0 2
0 -0.055 0.095 0 2
0 -0.055 0.105 0 2
0 -0.055 0.115 0 2
0 -0.055 0.125 0 2
0 -0.055 0.135 0 2
0 -0.055 0.145 0 1
0 -0.055 0.155 0 1
0 -0.055 0.165 0 1
0 -0.055 0.175 0 1
0 -0.055 0.185 0 1
0 -0.055 0.195 0 1
0 -0.055 0.205 0 1
0 -0.055 0.215 0 1
0 -0.055 0.225 0 1
0 -0.055 0.235 0 1
0 -0.055 0.245 0 2
0 -0.055 0.255 0 2
0 -0.055 0.265 0 2
0 -0.055 0.275 0 2
0 -0.055 0.285 0 1
0 -0.055 0.295 0 1
0 -0.055 0.305 0 1
0 -0.055 0.315 0 1
0 -0.055 0.325 0 1
0 -0.055 0.335 0 1
0 -0.055 0.345 0 1
0 -0.055 0.355 0 1
0 -0.055 0.365 0 1
0 -0.055 0.375 0 2
0 -0.055 0.385 0 2
0 -0.055 0.395 0 2
0 -0.055 0.405 0 2
0 -0.055 0.415 0 2
0 -0.055 0.425 0 2
0 -0.055 0.435 0 2
0 -0.055 0.445 0 2
0 -0.055 0.455 0 2
0 -0.055 0.465 0 1
0 -0.045 -0.455 0 2
0 -0.045 -0.445 0 2
0 -0.045 -0.435 0 2
0 -0.045 -0.425 0 2
0 -0.045 -0.415 0 2
0 -0.045 -0.405 0 2
0 -0.045 -0.395 0 2
0 -0.045 -0.385 0 2
0 -0.045 -0.375 0 2
0 -0.045 -0.365 0 2
0 -0.045 -0.355 0 2
0 -0.045 -0.345 0 2
0 -0.045 -0.335 0 2
0 -0.045 -0.325 0 2
0 -0.045 -0.315 0 2
0 -0.045 -0.305 0 1
0 -0.045 -0.295 0 1
0 -0.045 -0.285 0 2
0 -0.045 -0.275 0 2
0 -0.045 -0.265 0 2
0 -0.045 -0.255 0 2
0 -0.045 -0.245 0 2
0 -0.045 -0.235 0 2
0 -0.045 -0.225 0 2
0 -0.045 -0.215 0 2
0 -0.045 -0.205 0 2
0 -0.045 -0.195 0 2
0 -0.045 -0.185 0 2
0 -0.045 -0.175 0 2
0 -0.045 -0.165 0 2
0 -0.045 -0.155 0 2
0 -0.045 -0.145 0 2
0 -0.045 -0.135 0 2
0 -0.045 -0.125 0 2
0 -0.045 -0.115 0 2
0 -0.045 -0.105 0 2
0 -0.045 -0.095 0 2
0 -0.045 -0.085 0 2
0 -0.045 -0.075 0 2
0 -0.045 -0.065 0 2
0 -0.045 -0.055 0 1
0 -0.045 -0.045 0 1
0 -0.045 -0.035 0 1
0 -0.045 -0.025 0 1
0 -0.045 -0.015 0 1
0 -0.045 -0.005 0 1
0 -0.045 0.005 0 1
0 -0.045 0.015 0 1
0 -0.045 0.025 0 1
0 -0.045 0.035 0 1
0 -0.045 0.045 0 1
0 -0.045 0.055 0 1
0 -0.045 0.065 0 1
0 -0.045 0.075 0 2
0 -0.045 0.085 0 2
0 -0.045 0.095 0 2
0 -0.045 0.105 0 2
0 -0.045 0.115 0 2
0 -0.045 0.125 0 2
0 -0.045 0.135 0 2
0 -0.045 0.145 0 2
0 -0.045 0.155 0 1
0 -0.045 0.165 0 1
0 -0.045 0.175 0 1
0 -0.045 0.185 0 1
0 -0.045 0.195 0 1
0 -0.045 0.205 0 1
0 -0.045 0.215 0 1
0 -0.045 0.225 0 1
0 -0.045 0.235 0 1
0 -0.045 0.245 0 2
0 -0.045 0.255 0 2
0 -0.045 0.265 0 2
0 -0.045 0.275 0 2
0 -0.045 0.285 0 2
0 -0.045 0.295 0 1
0 -0.045 0.305 0 1
0 -0.045 0.315 0 1
0 -0.045 0.325 0 1
0 -0.045 0.335 0 1
0 -0.045 0.345 0 1
0 -0.045 0.355 0 1
0 -0.045 0.365 0 1
0 -0.045 0.375 0 2
0 -0.045 0.385 0 2
0 -0.045 0.395 0 2
0 -0.045 0.405 0 2
0 -0.045 0.415 0 2
0 -0.045 0.425 0 2
0 -0.045 0.435 0 2
0 -0.045 0.445 0 2
0 -0.045 0.455 0 2
0 -0.045 0.465 0 2
0 -0.035 -0.455 0 2
0 -0.035 -0.445 0 2
0 -0.035 -0.435 0 2
0 -0.035 -0.425 0 2
0 -0.035 -0.415 0 2
0 -0.035 -0.405 0 2
0 -0.035 -0.395 0 2
0 -0.035 -0.385 0 2
0 -0.035 -0.375 0 2
0 -0.035 -0.365 0 2
0 -0.035 -0.355 0 2
0 -0.035 -0.345 0 2
0 -0.035 -0.335 0 2
0 -0.035 -0.325 0 2
0 -0.035 -0.315 0 2
0 -0.035 -0.305 0 2
0 -0.035 -0.295 0 2
0 -0.035 -0.285 0 2
0 -0.035 -0.275 0 2
0 -0.035 -0.265 0 2
0 -0.035 -0.255 0 2
0 -0.035 -0.245 0 2
0 -0.035 -0.235 0 2
0 -0.035 -0.225 0 2
0 -0.035 -0.215 0 2
0 -0.035 -0.205 0 2
0 -0.035 -0.195 0 2
0 -0.035 -0.185 0 2
0 -0.035 -0.175 0 2
0 -0.035 -0.165 0 2
0 -0.035 -0.155 0 2
0 -0.035 -0.145 0 2
0 -0.035 -0.135 0 2
0 -0.035 -0.125 0 2
0 -0.035 -0.115 0 2
0 -0.035 -0.105 0 2
0 -0.035 -0.095 0 2
0 -0.035 -0.085 0 2
0 -0.035 -0.075 0 2
0 -0.035 -0.065 0 2
0 -0.035 -0.055 0 1
0 -0.035 -0.045 0 1
0 -0.035 -0.035 0 1
0 -0.035 -0.025 0 1
0 -0.035 -0.015 0 1
0 -0.035 -0.005 0 1
0 -0.035 0.005 0 1
0 -0.035 0.015 0 1
0 -0.035 0.025 0 1
0 -0.035 0.035 0 1
0 -0.035 0.045 0 1
0 -0.035 0.055 0 1
0 -0.035 0.065 0 1
0 -0.035 0.075 0 2
0 -0.035 0.085 0 2
0 -0.035 0.095 0 2
0 -0.035 0.105 0 2
0 -0.035 0.115 0 2
0 -0.035 0.125 0 2
0 -0.035 0.135 0 2
0 -0.035 0.145 0 2
0 -0.035 0.155 0 2
0 -0.035 0.165 0 1
0 -0.035 0.175 0 1
0 -0.035 0.185 0 1
0 -0.035 0.195 0 1
0 -0.035 0.205 0 1
0 -0.035 0.215 0 1
0 -0.035 0.225 0 1
0 -0.035 0.235 0 1
0 -0.035 0.245 0 2
0 -0.035 0.255 0 2
0 -0.035 0.265 0 2
0 -0.035 0.275 0 2
0 -0.035 0.285 0 2
0 -0.035 0.295 0 2
0 -0.035 0.305 0 2
0 -0.035 0.315 0 1
0 -0.035 0.325 0 1
0 -0.035 0.335 0 1
0 -0.035 0.345 0 1
0 -0.035 0.355 0 1
0 -0.035 0.365 0 2
0 -0.035 0.375 0 2
0 -0.035 0.385 0 2
0 -0.035 0.395 0 2
0 -0.035 0.405 0 2
0 -0.035 0.415 0 2
0 -0.035 0.425 0 2
0 -0.035 0.435 0 2
0 -0.035 0.445 0 2
0 -0.035 0.455 0 2
0 -0.035 0.465 0 2
0 -0.025 -0.455 0 2
0 -0.025 -0.445 0 2
0 -0.025 -0.435 0 2
0 -0.025 -0.425 0 2
0 -0.025 -0.415 0 2
0 -0.025 -0.405 0 2
0 -0.025 -0.395 0 2
0 -0.025 -0.385 0 2
0 -0.025 -0.375 0 2
0 -0.025 -0.365 0 2
0 -0.025 -0.355 0 2
0 -0.025 -0.345 0 2
0 -0.025 -0.335 0 2
0 -0.025 -0.325 0 2
0 -0.025 -0.315 0 2
0 -0.025 -0.305 0 2
0 -0.025 -0.295 0 2
0 -0.025 -0.285 0 2
0 -0.025 -0.275 0 2
0 -0.025 -0.265 0 2
0 -0.025 -0.255 0 2
0 -0.025 -0.245 0 2
0 -0.025 -0.235 0 2
0 -0.025 -0.225 0 2
0 -0.025 -0.215 0 2
0 -0.025 -0.205 0 2
0 -0.025 -0.195 0 2
0 -0.025 -0.185 0 2
0 -0.025 -0.175 0 2
0 -0.025 -0.165 0 2
0 -0.025 -0.155 0 2
0 -0.025 -0.145 0 2
0 -0.025 -0.135 0 2
0 -0.025 -0.125 0 2
0 -0.025 -0.115 0 2
0 -0.025 -0.105 0 2
0 -0.025 -0.095 0 2
0 -0.025 -0.085 0 2
0 -0.025 -0.075 0 2
0 -0.025 -0.065 0 2
0 -0.025 -0.055 0 1
0 -0.025 -0.045 0 1
0 -0.025 -0.035 0 1
0 -0.025 -0.025 0 1
0 -0.025 -0.015 0 1
0 -0.025 -0.005 0 1
0 -0.025 0.005 0 1
0 -0.025 0.015 0 1
0 -0.025 0.025 0 1
0 -0.025 0.035 0 1
0 -0.025 0.045 0 1
0 -0.025 0.055 0 1
0 -0.025 0.065 0 2
0 -0.025 0.075 0 2
0 -0.025 0.085 0 2
0 -0.025 0.095 0 2
0 -0.025 0.105 0 2
0 -0.025 0.115 0 2
0 -0.025 0.125 0 2
0 -0.025 0.135 0 2
0 -0.025 0.145 0 2
0 -0.025 0.155 0 2
0 -0.025 0.165 0 2
0 -0.025 0.175 0 2
0 -0.025 0.185 0 2
0 -0.025 0.195 0 1
0 -0.025 0.205 0 1
0 -0.025 0.215 0 1
0 -0.025 0.225 0 2
0 -0.025 0.235 0 2
0 -0.025 0.245 0 2
0 -0.025 0.255 0 2
0 -0.025 0.265 0 2
0 -0.025 0.275 0 2
0 -0.025 0.285 0 2
0 -0.025 0.295 0 2
0 -0.025 0.305 0 2
0 -0.025 0.315 0 2
0 -0.025 0.325 0 2
0 -0.025 0.335 0 2
0 -0.025 0.345 0 2
0 -0.025 0.355 0 2
0 -0.025 0.365 0 2
0 -0.025 0.375 0 1
0 -0.025 0.385 0 1
0 -0.025 0.395 0 1
0 -0.025 0.405 0 2
0 -0.025 0.415 0 2
0 -0.025 0.425 0 2
0 -0.025 0.435 0 2
0 -0.025 0.445 0 2
0 -0.025 0.455 0 2
0 -0.025 0.465 0 2
0 -0.015 -0.455 0 2
0 -0.015 -0.445 0 2
0 -0.015 -0.435 0 2
0 -0.015 -0.425 0 2
0 -0.015 -0.415 0 2
0 -0.015 -0.405 0 2
0 -0.015 -0.395 0 2
0 -0.015 -0.385 0 2
0 -0.015 -0.375 0 2
0 -0.015 -0.365 0 2
0 -0.015 -0.355 0 2
0 -0.015 -0.345 0 2
0 -0.015 -0.335 0 2
0 -0.015 -0.325 0 2
0 -0.015 -0.315 0 2
0 -0.015 -0.305 0 2
0 -0.015 -0.295 0 2
0 -0.015 -0.285 0 2
0 -0.015 -0.275 0 2
0 -0.015 -0.265 0 2
0 -0.015 -0.255 0 2
0 -0.015 -0.245 0 2
0 -0.015 -0.235 0 2
0 -0.015 -0.225 0 2
0 -0.015 -0.215 0 2
0 -0.015 -0.205 0 2
0 -0.015 -0.195 0 2
0 -0.015 -0.185 0 2
0 -0.015 -0.175 0 2
0 -0.015 -0.165 0 2
0 -0.015 -0.155 0 2
0 -0.015 -0.145 0 2
0 -0.015 -0.135 0 2
0 -0.015 -0.125 0 2
0 -0.015 -0.115 0 2
0 -0.015 -0.105 0 2
0 -0.015 -0.095 0 2
0 -0.015 -0.085 0 2
0 -0.015 -0.075 0 2
0 -0.015 -0.065 0 2
0 -0.015 -0.055 0 2
0 -0.015 -0.045 0 1
0 -0.015 -0.035 0 1
0 -0.015 -0.025 0 1
0 -0.015 -0.015 0 2
0 -0.015 -0.005 0 2
0 -0.015 0.005 0 1
0 -0.015 0.015 0 1
0 -0.015 0.025 0 1
0 -0.015 0.035 0 1
0 -0.015 0.045 0 1
0 -0.015 0.055 0 1
0 -0.015 0.065 0 2
0 -0.015 0.075 0 2
0 -0.015 0.085 0 2
0 -0.015 0.095 0 2
0 -0.015 0.105 0 2
0 -0.015 0.115 0 2
0 -0.015 0.125 0 2
0 -0.015 0.135 0 2
0 -0.015 0.145 0 2
0 -0.015 0.155 0 2
0 -0.015 0.165 0 2
0 -0.015 0.175 0 2
0 -0.015 0.185 0 2
0 -0.015 0.195 0 2
0 -0.015 0.205 0 2
0 -0.015 0.215 0 2
0 -0.015 0.225 0 2
0 -0.015 0.235 0 2
0 -0.015 0.245 0 2
0 -0.015 0.255 0 2
0 -0.015 0.265 0 2
0 -0.015 0.275 0 2
0 -0.015 0.285 0 2
0 -0.015 0.295 0 2
0 -0.015 0.305 0 2
0 -0.015 0.315 0 2
0 -0.015 0.325 0 2
0 -0.015 0.335 0 2
0 -0.015 0.345 0 2
0 -0.015 0.355 0 2
0 -0.015 0.365 0 1
0 -0.015 0.375 0 1
0 -0.015 0.385 0 1
0 -0.015 0.395 0 1
0 -0.015 0.405 0 1
0 -0.015 0.415 0 2
0 -0.015 0.425 0 2
0 -0.015 0.435 0 2
0 -0.015 0.445 0 2
0 -0.015 0.455 0 2
0 -0.015 0.465 0 2
0 -0.005 -0.455 0 2
0 -0.005 -0.445 0 2
0 -0.005 -0.435 0 2
0 -0.005 -0.425 0 2
0 -0.005 -0.415 0 2
0 -0.005 -0.405 0 2
0 -0.005 -0.395 0 2
0 -0.005 -0.385 0 2
0 -0.005 -0.375 0 2
0 -0.005 -0.365 0 2
0 -0.005 -0.355 0 2
0 -0.005 -0.345 0 2
0 -0.005 -0.335 0 2
0 -0.005 -0.325 0 2
0 -0.005 -0.315 0 2
0 -0.005 -0.305 0 2
0 -0.005 -0.295 0 2
0 -0.005 -0.285 0 2
0 -0.005 -0.275 0 2
0 -0.005 -0.265 0 2
0 -0.005 -0.255 0 2
0 -0.005 -0.245 0 2
0 -0.005 -0.235 0 2
0 -0.005 -0.225 0 2
0 -0.005 -0.215 0 2
0 -0.005 -0.205 0 2
0 -0.005 -0.195 0 2
0 -0.005 -0.185 0 2
0 -0.005 -0.175 0 2
0 -0.005 -0.165 0 2
0 -0.005 -0.155 0 2
0 -0.005 -0.145 0 2
0 -0.005 -0.135 0 2
0 -0.005 -0.125 0 2
0 -0.005 -0.115 0 2
0 -0.005 -0.105 0 2
0 -0.005 -0.095 0 2
0 -0.005 -0.085 0 2
0 -0.005 -0.075 0 2
0 -0.005 -0.065 0 2
0 -0.005 -0.055 0 2
0 -0.005 -0.045 0 2
0 -0.005 -0.035 0 2
0 -0.005 -0.025 0 2
0 -0.005 -0.015 0 2
0 -0.005 -0.005 0 2
0 -0.005 0.005 0 2
0 -0.005 0.015 0 1
0 -0.005 0.025 0 1
0 -0.005 0.035 0 1
0 -0.005 0.045 0 1
0 -0.005 0.055 0 2
0 -0.005 0.065 0 2
0 -0.005 0.075 0 2
0 -0.005 0.085 0 2
0 -0.005 0.095 0 2
0 -0.005 0.105 0 2
0 -0.005 0.115 0 2
0 -0.005 0.125 0 2
0 -0.005 0.135 0 2
0 -0.005 0.145 0 2
0 -0.005 0.155 0 2
0 -0.005 0.165 0 2
0 -0.005 0.175 0 2
0 -0.005 0.185 0 2
0 -0.005 0.195 0 2
0 -0.005 0.205 0 2
0 -0.005 0.215 0 2
0 -0.005 0.225 0 2
0 -0.005 0.235 0 2
0 -0.005 0.245 0 2
0 -0.005 0.255 0 2
0 -0.005 0.265 0 2
0 -0.005 0.275 0 2
0 -0.005 0.285 0 2
0 -0.005 0.295 0 2
0 -0.005 0.305 0 2
0 -0.005 0.315 0 2
0 -0.005 0.325 0 2
0 -0.005 0.335 0 2
0 -0.005 0.345 0 2
0 -0.005 0.355 0 2
0 -0.005 0.365 0 1
0 -0.005 0.375 0 1
0 -0.005 0.385 0 1
0 -0.005 0.395 0 1
0 -0.005 0.405 0 1
0 -0.005 0.415 0 1
0 -0.005 0.425 0 2
0 -0.005 0.435 0 2
0 -0.005 0.445 0 2
0 -0.005 0.455 0 2
0 -0.005 0.465 0 2
0 0.005 -0.455 0 1
0 0.005 -0.445 0 2
0 0.005 -0.435 0 2
0 0.005 -0.425 0 2
0 0.005 -0.415 0 2
0 0.005 -0.405 0 2
0 0.005 -0.395 -5.106169619e-05 2
0 0.005 -0.385 -3.412042941e-05 2
0 0.005 -0.375 -3.847301301e-07 2
0 0.005 -0.365 4.972968936e-05 2
0 0.005 -0.355 0.0001098383266 2
0 0.005 -0.345 0.0001769573358 2
0 0.005 -0.335 0.0002483870652 2
0 0.005 -0.325 0.0003221407262 2
0 0.005 -0.315 0.0003965711998 2
0 0.005 -0.305 0.0004706356022 2
0 0.005 -0.295 0.0005437193563 2
0 0.005 -0.285 0.0006166024157 2
0 0.005 -0.275 0.0006930142918 2
0 0.005 -0.265 0.0007733814507 2
0 0.005 -0.255 0.0008524811187 2
0 0.005 -0.245 0.0008929775746 2
0 0.005 -0.235 0.0008984192986 2
0 0.005 -0.225 0.0008626445161 2
0 0.005 -0.215 0.0008229871961 2
0 0.005 -0.205 0.0007709159202 2
0 0.005 -0.195 0.0007111387102 2
0 0.005 -0.185 0.0006411766937 2
0 0.005 -0.175 0.0005633823288 2
0 0.005 -0.165 0.0004785204971 2
0 0.005 -0.155 0.0003873867135 2
0 0.005 -0.145 0.0002908694337 2
0 0.005 -0.135 0.0001901674065 2
0 0.005 -0.125 8.672703877e-05 2
0 0.005 -0.115 -1.785812201e-05 2
0 0.005 -0.105 -0.0001218981212 2
0 0.005 -0.095 -0.0002236413586 2
0 0.005 -0.085 -0.0003212943095 2
0 0.005 -0.075 -0.0004130045773 2
0 0.005 -0.065 -0.0004963671284 2
0 0.005 -0.055 -0.0005659713108 2
0 0.005 -0.045 -0.0006146632996 2
0 0.005 -0.035 -0.0006583292017 2
0 0.005 -0.025 -0.0006994137185 2
0 0.005 -0.015 -0.0007380831208 2
0 0.005 -0.005 -0.0007450779188 2
0 0.005 0.005 -0.0007149703017 2
0 0.005 0.015 -0.0006481903849 2
0 0.005 0.025 -0.0006101487145 2
0 0.005 0.035 -0.0005776279305 2
0 0.005 0.045 -0.0005492288579 2
0 0.005 0.055 -0.0005364691552 2
0 0.005 0.065 -0.000486462248 2
0 0.005 0.075 -0.0004099833041 2
0 0.005 0.085 -0.0003195204499 2
0 0.005 0.095 -0.0002217949159 2
0 0.005 0.105 -0.0001197735536 2
0 0.005 0.115 -1.593784299e-05 2
0 0.005 0.125 8.741292921e-05 2
0 0.005 0.135 0.0001882084127 2
0 0.005 0.145 0.0002849621754 2
0 0.005 0.155 0.0003811860043 2
0 0.005 0.165 0.000477632873 2
0 0.005 0.175 0.0005724422247 2
0 0.005 0.185 0.000660943217 1
0 0.005 0.195 0.0007126200958 1
0 0.005 0.205 0.00075472002 1
0 0.005 0.215 0.0007935960077 1
0 0.005 0.225 0.000829669798 1
0 0.005 0.235 0.00085224218 2
0 0.005 0.245 0.0008605933896 2
0 0.005 0.255 0.0008192534271 2
0 0.005 0.265 0.0007582363669 2
0 0.005 0.275 0.0006917117429 2
0 0.005 0.285 0.0006237724164 2
0 0.005 0.295 0.0005546817088 2
0 0.005 0.305 0.0004818428019 2
0 0.005 0.315 0.000405179378 2
0 0.005 0.325 0.0003254396715 2
0 0.005 0.335 0.0002431330392 2
0 0.005 0.345 0.0001590507639 2
0 0.005 0.355 8.659819263e-05 1
0 0.005 0.365 3.348266078e-05 1
0 0.005 0.375 6.478867804e-07 1
0 0.005 0.385 -1.991183586e-05 1
0 0.005 0.395 -3.065070804e-05 1
0 0.005 0.405 0 1
0 0.005 0.415 0 1
0 0.005 0.425 0 1
0 0.005 0.435 0 2
0 0.005 0.445 0 2
0 0.005 0.455 0 2
0 0.005 0.465 0 2
0 0.015 -0.455 0 1
0 0.015 -0.445 0 2
0 0.015 -0.435 0 2
0 0.015 -0.425 0 2
0 0.015 -0.415 0 2
0 0.015 -0.405 0 2
0 0.015 -0.395 -7.006811271e-05 2
0 0.015 -0.385 -4.730395086e-05 2
0 0.015 -0.375 4.880590679e-06 2
0 0.015 -0.365 8.414284787e-05 2
0 0.015 -0.355 0.0001800978916 2
0 0.015 -0.345 0.0002874695738 2
0 0.015 -0.335 0.0004019051208 2
0 0.015 -0.325 0.0005202059485 2
0 0.015 -0.315 0.000639763032 2
0 0.015 -0.305 0.0007586701961 2
0 0.015 -0.295 0.0008756487949 2
0 0.015 -0.285 0.000995683699 2
0 0.015 -0.275 0.001120301142 2
0 0.015 -0.265 0.001252370878 2
0 0.015 -0.255 0.001368727796 2
0 0.015 -0.245 0.001426409224 2
0 0.015 -0.235 0.001444698431 2
0 0.015 -0.225 0.001405602759 2
0 0.015 -0.215 0.001355247836 2
0 0.015 -0.205 0.00126357083 2
0 0.015 -0.195 0.001158549535 2
0 0.015 -0.185 0.001041169869 2
0 0.015 -0.175 0.0009142666802 2
0 0.015 -0.165 0.0007757467058 2
0 0.015 -0.155 0.0006271045592 2
0 0.015 -0.145 0.0004698839734 2
0 0.015 -0.135 0.000305980062 2
0 0.015 -0.125 0.000137659569 2
0 0.015 -0.115 -3.249532239e-05 2
0 0.015 -0.105 -0.0002017575151 2
0 0.015 -0.095 -0.0003673047596 2
0 0.015 -0.085 -0.0005262494501 2
0 0.015 -0.075 -0.0006755952191 2
0 0.015 -0.065 -0.0008122041444 2
0 0.015 -0.055 -0.0009328250783 2
0 0.015 -0.045 -0.001034571136 2
0 0.015 -0.035 -0.001118715624 2
0 0.015 -0.025 -0.001183868884 2
0 0.015 -0.015 -0.001227722152 2
0 0.015 -0.005 -0.001238111315 2
0 0.015 0.005 -0.001210427443 2
0 0.015 0.015 -0.001143582647 2
0 0.015 0.025 -0.001082293084 2
0 0.015 0.035 -0.001024455196 2
0 0.015 0.045 -0.0009663978753 2
0 0.015 0.055 -0.0009039809831 2
0 0.015 0.065 -0.0008025429597 2
0 0.015 0.075 -0.0006723403584 2
0 0.015 0.085 -0.0005238503188 2
0 0.015 0.095 -0.0003638268332 2
0 0.015 0.105 -0.0001968538152 2
0 0.015 0.115 -2.703331559e-05 2
0 0.015 0.125 0.0001417626084 2
0 0.015 0.135 0.0003058793149 2
0 0.015 0.145 0.0004625937916 2
0 0.015 0.155 0.0006122185652 2
0 0.015 0.165 0.0007579736564 2
0 0.015 0.175 0.0008991218518 2
0 0.015 0.185 0.0009944780258 1
0 0.015 0.195 0.00106849606 1
0 0.015 0.205 0.001130959034 1
0 0.015 0.215 0.001187622688 1
0 0.015 0.225 0.001241256477 1
0 0.015 0.235 0.001308666915 1
0 0.015 0.245 0.001335695837 1
0 0.015 0.255 0.001313211829 2
0 0.015 0.265 0.001232254001 2
0 0.015 0.275 0.001123561375 2
0 0.015 0.285 0.001011805497 2
0 0.015 0.295 0.0008967874791 2
0 0.015 0.305 0.0007789486 2
0 0.015 0.315 0.0006542961558 2
0 0.015 0.325 0.0005243642782 2
0 0.015 0.335 0.0003895284361 2
0 0.015 0.345 0.0002551936127 2
0 0.015 0.355 0.0001358987599 1
0 0.015 0.365 5.612152905e-05 1
0 0.015 0.375 1.154397135e-06 1
0 0.015 0.385 -3.131707754e-05 1
0 0.015 0.395 -4.509997589e-05 1
0 0.015 0.405 0 1
0 0.015 0.415 0 1
0 0.015 0.425 0 1
0 0.015 0.435 0 2
0 0.015 0.445 0 2
0 0.015 0.455 0 2
0 0.015 0.465 0 2
0 0.025 -0.455 0 1
0 0.025 -0.445 0 1
0 0.025 -0.435 0 2
0 0.025 -0.425 0 2
0 0.025 -0.415 0 2
0 0.025 -0.405 0 2
0 0.025 -0.395 -8.567810352e-05 2
0 0.025 -0.385 -5.621981783e-05 2
0 0.025 -0.375 1.620622987e-05 2
0 0.025 -0.365 0.0001269119598 2
0 0.025 -0.355 0.0002616063111 2
0 0.025 -0.345 0.0004125138451 2
0 0.025 -0.335 0.0005736051279 2
0 0.025 -0.325 0.0007405066801 2
0 0.025 -0.315 0.0009097453828 2
0 0.025 -0.305 0.001078266836 2
0 0.025 -0.295 0.001243773075 2
0 0.025 -0.285 0.001411269803 2
0 0.025 -0.275 0.001579501194 2
0 0.025 -0.265 0.00175649661 2
0 0.025 -0.255 0.001874249542 1
0 0.025 -0.245 0.00194180301 1
0 0.025 -0.235 0.001973274626 1
0 0.025 -0.225 0.001963172684 2
0 0.025 -0.215 0.001918207132 2
0 0.025 -0.205 0.001805026644 2
0 0.025 -0.195 0.001657196956 2
0 0.025 -0.185 0.001488054507 2
0 0.025 -0.175 0.001303513028 2
0 0.025 -0.165 0.001105254619 2
0 0.025 -0.155 0.0008925516114 2
0 0.025 -0.145 0.0006675724738 2
0 0.025 -0.135 0.0004331768158 2
0 0.025 -0.125 0.0001925625151 2
0 0.025 -0.115 -5.060105847e-05 2
0 0.025 -0.105 -0.0002924490979 2
0 0.025 -0.095 -0.0005290007253 2
0 0.025 -0.085 -0.0007561951053 2
0 0.025 -0.075 -0.0009698721854 2
0 0.025 -0.065 -0.001165775754 2
0 0.025 -0.055 -0.001339937245 2
0 0.025 -0.045 -0.001489068648 2
0 0.025 -0.035 -0.001611858025 2
0 0.025 -0.025 -0.001705690682 2
0 0.025 -0.015 -0.001767112184 2
0 0.025 -0.005 -0.001790284799 2
0 0.025 0.005 -0.001774204337 2
0 0.025 0.015 -0.001722189201 2
0 0.025 0.025 -0.001649367012 2
0 0.025 0.035 -0.001558662305 2
0 0.025 0.045 -0.001449587504 2
0 0.025 0.055 -0.001319117612 2
0 0.025 0.065 -0.001157435912 2
0 0.025 0.075 -0.0009669160131 2
0 0.025 0.085 -0.000753267672 2
0 0.025 0.095 -0.0005233783844 2
0 0.025 0.105 -0.000283539154 2
0 0.025 0.115 -3.958381663e-05 2
0 0.025 0.125 0.0002028848166 2
0 0.025 0.135 0.0004385082259 2
0 0.025 0.145 0.0006627336173 2
0 0.025 0.155 0.0008722179491 2
0 0.025 0.165 0.001067096118 2
0 0.025 0.175 0.001227324958 1
0 0.025 0.185 0.001347386127 1
0 0.025 0.195 0.001440900457 1
0 0.025 0.205 0.001521444495 1
0 0.025 0.215 0.001597594248 1
0 0.025 0.225 0.001668514686 1
0 0.025 0.235 0.001741104607 1
0 0.025 0.245 0.001781290189 1
0 0.025 0.255 0.001800443421 1
0 0.025 0.265 0.001733849046 2
0 0.025 0.275 0.001589270924 2
0 0.025 0.285 0.001438207162 2
0 0.025 0.295 0.001276773332 2
0 0.025 0.305 0.001108791092 2
0 0.025 0.315 0.0009306093756 2
0 0.025 0.325 0.0007451126084 2
0 0.025 0.335 0.0005523429774 2
0 0.025 0.345 0.0003642025223 2
0 0.025 0.355 0.0001996705799 2
0 0.025 0.365 8.492730295e-05 1
0 0.025 0.375 4.852867065e-06 1
0 0.025 0.385 -4.212883108e-05 1
0 0.025 0.395 -5.912555229e-05 1
0 0.025 0.405 0 1
0 0.025 0.415 0 1
0 0.025 0.425 0 1
0 0.025 0.435 0 2
0 0.025 0.445 0 2
0 0.025 0.455 0 2
0 0.025 0.465 0 2
0 0.035 -0.455 0 1
0 0.035 -0.445 0 1
0 0.035 -0.435 0 2
0 0.035 -0.425 0 2
0 0.035 -0.415 0 2
0 0.035 -0.405 0 2
0 0.035 -0.395 -9.104063696e-05 2
0 0.035 -0.385 -5.298248183e-05 2
0 0.035 -0.375 3.81955146e-05 2
0 0.035 -0.365 0.0001757988455 2
0 0.035 -0.355 0.0003429066917 2
0 0.035 -0.345 0.0005298105792 2
0 0.035 -0.335 0.0007294803381 2
0 0.035 -0.325 0.0009369718724 2
0 0.035 -0.315 0.001148683554 2
0 0.035 -0.305 0.001360285751 2
0 0.035 -0.295 0.001567534976 2
0 0.035 -0.285 0.001772469797 2
0 0.035 -0.275 0.001968604738 2
0 0.035 -0.265 0.002155362895 1
0 0.035 -0.255 0.002250590558 1
0 0.035 -0.245 0.002320411529 1
0 0.035 -0.235 0.002361813292 1
0 0.035 -0.225 0.002389309675 1
0 0.035 -0.215 0.002355857916 1
0 0.035 -0.205 0.002260921949 2
0 0.035 -0.195 0.002094938271 2
0 0.035 -0.185 0.001883187251 2
0 0.035 -0.175 0.001647888357 2
0 0.035 -0.165 0.001393627998 2
0 0.035 -0.155 0.001124215718 2
0 0.035 -0.145 0.0008392040179 2
0 0.035 -0.135 0.0005424358133 2
0 0.035 -0.125 0.0002380711982 2
0 0.035 -0.115 -6.938037376e-05 2
0 0.035 -0.105 -0.0003750845782 2
0 0.035 -0.095 -0.0006741013348 2
0 0.035 -0.085 -0.0009614222023 2
0 0.035 -0.075 -0.001232043517 2
0 0.035 -0.065 -0.001481030826 2
0 0.035 -0.055 -0.001703720905 2
0 0.035 -0.045 -0.001895894153 2
0 0.035 -0.035 -0.002054136129 2
0 0.035 -0.025 -0.002174819086 2
0 0.035 -0.015 -0.002254367902 2
0 0.035 -0.005 -0.002289297847 2
0 0.035 0.005 -0.002279270242 2
0 0.035 0.015 -0.002227107043 2
0 0.035 0.025 -0.002140308211 2
0 0.035 0.035 -0.002022184613 2
0 0.035 0.045 -0.001873523444 2
0 0.035 0.055 -0.00169325208 2
0 0.035 0.065 -0.001478603204 2
0 0.035 0.075 -0.001232129414 2
0 0.035 0.085 -0.0009591562503 2
0 0.035 0.095 -0.0006666002915 2
0 0.035 0.105 -0.0003616088789 2
0 0.035 0.115 -5.132067404e-05 2
0 0.035 0.125 0.000257174981 2
0 0.035 0.135 0.0005569250268 2
0 0.035 0.145 0.0008410988925 2
0 0.035 0.155 0.001103887228 2
0 0.035 0.165 0.001337979578 2
0 0.035 0.175 0.001517938302 2
0 0.035 0.185 0.001662821437 1
0 0.035 0.195 0.001781717946 1
0 0.035 0.205 0.001883087889 1
0 0.035 0.215 0.001972655069 1
0 0.035 0.225 0.002046294642 1
0 0.035 0.235 0.002106033326 1
0 0.035 0.245 0.002143809963 1
0 0.035 0.255 0.002160369924 1
0 0.035 0.265 0.002127220195 1
0 0.035 0.275 0.001983414959 2
0 0.035 0.285 0.001808291867 2
0 0.035 0.295 0.001610745755 2
0 0.035 0.305 0.001399903744 2
0 0.035 0.315 0.001175534648 2
0 0.035 0.325 0.0009423065809 2
0 0.035 0.335 0.0007040825991 2
0 0.035 0.345 0.0004722932932 2
0 0.035 0.355 0.000267687764 2
0 0.035 0.365 0.0001147437724 1
0 0.035 0.375 1.19667413e-05 1
0 0.035 0.385 -4.776071834e-05 1
0 0.035 0.395 -6.781902338e-05 1
0 0.035 0.405 0 1
0 0.035 0.415 0 1
0 0.035 0.425 0 1
0 0.035 0.435 0 1
0 0.035 0.445 0 2
0 0.035 0.455 0 2
0 0.035 0.465 0 2
0 0.045 -0.455 0 1
0 0.045 -0.445 0 1
0 0.045 -0.435 0 2
0 0.045 -0.425 0 2
0 0.045 -0.415 0 2
0 0.045 -0.405 0 2
0 0.045 -0.395 -8.962231314e-05 2
0 0.045 -0.385 -4.090245044e-05 2
0 0.045 -0.375 6.930823305e-05 2
0 0.045 -0.365 0.0002323213017 2
0 0.045 -0.355 0.0004289305355 2
0 0.045 -0.345 0.0006479794091 2
0 0.045 -0.335 0.0008817572712 2
0 0.045 -0.325 0.001125033538 2
0 0.045 -0.315 0.001375276029 2
0 0.045 -0.305 0.001626730331 2
0 0.045 -0.295 0.001871767141 2
0 0.045 -0.285 0.002107927331 2
0 0.045 -0.275 0.002319147309 2
0 0.045 -0.265 0.002480141526 1
0 0.045 -0.255 0.002578172859 1
0 0.045 -0.245 0.002649122026 1
0 0.045 -0.235 0.002696553731 1
0 0.045 -0.225 0.002723759599 1
0 0.045 -0.215 0.002699460531 1
0 0.045 -0.205 0.002636405054 1
0 0.045 -0.195 0.002484172583 2
0 0.045 -0.185 0.002242130933 2
0 0.045 -0.175 0.001966196084 2
0 0.045 -0.165 0.00166245989 2
0 0.045 -0.155 0.001339296239 2
0 0.045 -0.145 0.0009977672343 2
0 0.045 -0.135 0.0006423453075 2
0 0.045 -0.125 0.0002782182797 2
0 0.045 -0.115 -8.940108771e-05 2
0 0.045 -0.105 -0.0004548090083 2
0 0.045 -0.095 -0.0008122269193 2
0 0.045 -0.085 -0.001155836413 2
0 0.045 -0.075 -0.001479860154 2
0 0.045 -0.065 -0.00177861612 2
0 0.045 -0.055 -0.002046649044 2
0 0.045 -0.045 -0.002278847546 2
0 0.045 -0.035 -0.002470619158 2
0 0.045 -0.025 -0.00261768759 2
0 0.045 -0.015 -0.002716391484 2
0 0.045 -0.005 -0.00276400675 2
0 0.045 0.005 -0.002759976882 2
0 0.045 0.015 -0.002705929945 2
0 0.045 0.025 -0.002605636893 2
0 0.045 0.035 -0.002461910122 2
0 0.045 0.045 -0.002276614658 2
0 0.045 0.055 -0.002050974051 2
0 0.045 0.065 -0.001786218524 2
0 0.045 0.075 -0.001486053633 2
0 0.045 0.085 -0.001156183733 2
0 0.045 0.095 -0.0008037909057 2
0 0.045 0.105 -0.0004367731849 2
0 0.045 0.115 -6.338776681e-05 2
0 0.045 0.125 0.0003079283608 2
0 0.045 0.135 0.0006686655111 2
0 0.045 0.145 0.001009868819 2
0 0.045 0.155 0.001321846252 2
0 0.045 0.165 0.001591175596 2
0 0.045 0.175 0.001801193368 2
0 0.045 0.185 0.001951472688 1
0 0.045 0.195 0.00209909286 1
0 0.045 0.205 0.002223860673 1
0 0.045 0.215 0.002326974734 1
0 0.045 0.225 0.002407271604 1
0 0.045 0.235 0.002462970188 1
0 0.045 0.245 0.002491594713 1
0 0.045 0.255 0.002492465564 1
0 0.045 0.265 0.002455307233 1
0 0.045 0.275 0.002345695702 2
0 0.045 0.285 0.002155588742 2
0 0.045 0.295 0.001926005646 2
0 0.045 0.305 0.001674731714 2
0 0.045 0.315 0.001408810294 2
0 0.045 0.325 0.001132376852 2
0 0.045 0.335 0.000854507583 2
0 0.045 0.345 0.0005837459892 2
0 0.045 0.355 0.0003417283205 2
0 0.045 0.365 0.0001501410737 1
0 0.045 0.375 2.361326117e-05 1
0 0.045 0.385 -4.922190325e-05 1
0 0.045 0.395 -7.317983413e-05 1
0 0.045 0.405 0 1
0 0.045 0.415 0 1
0 0.045 0.425 0 1
0 0.045 0.435 0 1
0 0.045 0.445 0 2
0 0.045 0.455 0 2
0 0.045 0.465 0 2
0 0.055 -0.455 0 1
0 0.055 -0.445 0 2
0 0.055 -0.435 0 2
0 0.055 -0.425 0 2
0 0.055 -0.415 0 2
0 0.055 -0.405 0 2
0 0.055 -0.395 -8.27201997e-05 2
0 0.055 -0.385 -2.074083715e-05 2
0 0.055 -0.375 0.0001107948973 2
0 0.055 -0.365 0.0002999542143 2
0 0.055 -0.355 0.0005234675279 2
0 0.055 -0.345 0.0007689948961 2
0 0.055 -0.335 0.00102925346 2
0 0.055 -0.325 0.001298732305 2
0 0.055 -0.315 0.001581989331 2
0 0.055 -0.305 0.001869442406 2
0 0.055 -0.295 0.00214708603 2
0 0.055 -0.285 0.002406302323 2
0 0.055 -0.275 0.00262542378 2
0 0.055 -0.265 0.002773079545 1
0 0.055 -0.255 0.002883756433 1
0 0.055 -0.245 0.002960275355 1
0 0.055 -0.235 0.003004593072 1
0 0.055 -0.225 0.003015512226 1
0 0.055 -0.215 0.00298675057 1
0 0.055 -0.205 0.00292137966 1
0 0.055 -0.195 0.002796172044 1
0 0.055 -0.185 0.002560066688 2
0 0.055 -0.175 0.002252869721 2
0 0.055 -0.165 0.001904614687 2
0 0.055 -0.155 0.001529806505 2
0 0.055 -0.145 0.001137413437 2
0 0.055 -0.135 0.0007292047504 2
0 0.055 -0.125 0.000311318961 2
0 0.055 -0.115 -0.0001103313835 2
0 0.055 -0.105 -0.0005292910864 2
0 0.055 -0.095 -0.0009390793686 2
0 0.055 -0.085 -0.001333247961 2
0 0.055 -0.075 -0.001705419647 2
0 0.055 -0.065 -0.002049281157 2
0 0.055 -0.055 -0.002358639948 2
0 0.055 -0.045 -0.002627548685 2
0 0.055 -0.035 -0.002850500086 2
0 0.055 -0.025 -0.003022551589 2
0 0.055 -0.015 -0.003139652362 2
0 0.055 -0.005 -0.003198988726 2
0 0.055 0.005 -0.003199535727 2
0 0.055 0.015 -0.003142041845 2
0 0.055 0.025 -0.003028766399 2
0 0.055 0.035 -0.002862241036 2
0 0.055 0.045 -0.002645043242 2
0 0.055 0.055 -0.002379926914 2
0 0.055 0.065 -0.002070271002 2
0 0.055 0.075 -0.001721046652 2
0 0.055 0.085 -0.001338782703 2
0 0.055 0.095 -0.0009313131038 2
0 0.055 0.105 -0.0005073313161 2
0 0.055 0.115 -7.608058428e-05 2
0 0.055 0.125 0.0003528231495 2
0 0.055 0.135 0.0007694428644 2
0 0.055 0.145 0.001163227013 2
0 0.055 0.155 0.001522285631 2
0 0.055 0.165 0.001833766708 2
0 0.055 0.175 0.002079446929 2
0 0.055 0.185 0.002229632873 1
0 0.055 0.195 0.002394708357 1
0 0.055 0.205 0.002538566625 1
0 0.055 0.215 0.002653217673 1
0 0.055 0.225 0.002739013767 1
0 0.055 0.235 0.002791620556 1
0 0.055 0.245 0.002810715211 1
0 0.055 0.255 0.002796387437 1
0 0.055 0.265 0.002744330861 1
0 0.055 0.275 0.002651281254 2
0 0.055 0.285 0.002454019054 2
0 0.055 0.295 0.002206143756 2
0 0.055 0.305 0.001925886128 2
0 0.055 0.315 0.001624194227 2
0 0.055 0.325 0.001310238876 2
0 0.055 0.335 0.0009958239198 2
0 0.055 0.345 0.0006905207716 2
0 0.055 0.355 0.0004163127713 2
0 0.055 0.365 0.0001939600989 2
0 0.055 0.375 4.209029036e-05 1
0 0.055 0.385 -4.516768403e-05 1
0 0.055 0.395 -7.487336467e-05 1
0 0.055 0.405 0 1
0 0.055 0.415 0 1
0 0.055 0.425 0 1
0 0.055 0.435 0 2
0 0.055 0.445 0 2
0 0.055 0.455 0 2
0 0.055 0.465 0 2
0 0.065 -0.455 0 2
0 0.065 -0.445 0 2
0 0.065 -0.435 0 2
0 0.065 -0.425 0 2
0 0.065 -0.415 0 2
0 0.065 -0.405 0 2
0 0.065 -0.395 -6.933021402e-05 2
0 0.065 -0.385 4.090259809e-06 2
0 0.065 -0.375 0.0001535683885 2
0 0.065 -0.365 0.0003636082836 2
0 0.065 -0.355 0.0006092582225 2
0 0.065 -0.345 0.0008820436217 2
0 0.065 -0.335 0.001168974974 2
0 0.065 -0.325 0.001462301436 2
0 0.065 -0.315 0.001771215869 2
0 0.065 -0.305 0.002090035491 2
0 0.065 -0.295 0.002397374171 2
0 0.065 -0.285 0.002674478068 2
0 0.065 -0.275 0.002901119505 2
0 0.065 -0.265 0.003042448131 1
0 0.065 -0.255 0.003165479203 1
0 0.065 -0.245 0.00324693506 1
0 0.065 -0.235 0.003290553549 1
0 0.065 -0.225 0.003291989808 1
0 0.065 -0.215 0.003250708358 1
0 0.065 -0.205 0.003167566387 1
0 0.065 -0.195 0.003035316999 1
0 0.065 -0.185 0.002827089111 2
0 0.065 -0.175 0.002499099325 2
0 0.065 -0.165 0.002114857202 2
0 0.065 -0.155 0.001696305211 2
0 0.065 -0.145 0.001258620944 2
0 0.065 -0.135 0.0008033787757 2
0 0.065 -0.125 0.000337509582 2
0 0.065 -0.115 -0.0001323171601 2
0 0.065 -0.105 -0.0005989565911 2
0 0.065 -0.095 -0.001055322916 2
0 0.065 -0.085 -0.001494519839 2
0 0.065 -0.075 -0.001909762261 2
0 0.065 -0.065 -0.002294252783 2
0 0.065 -0.055 -0.002641148467 2
0 0.065 -0.045 -0.002943719929 2
0 0.065 -0.035 -0.003195625165 2
0 0.065 -0.025 -0.003391203694 2
0 0.065 -0.015 -0.003525841124 2
0 0.065 -0.005 -0.003596290359 2
0 0.065 0.005 -0.003600970451 2
0 0.065 0.015 -0.003539960196 2
0 0.065 0.025 -0.003414789804 2
0 0.065 0.035 -0.003227898332 2
0 0.065 0.045 -0.00298242895 2
0 0.065 0.055 -0.00268224989 2
0 0.065 0.065 -0.002332170568 2
0 0.065 0.075 -0.001938310882 2
0 0.065 0.085 -0.001508114646 2
0 0.065 0.095 -0.001050197183 2
0 0.065 0.105 -0.0005740683995 2
0 0.065 0.115 -8.989002159e-05 2
0 0.065 0.125 0.0003916900969 2
0 0.065 0.135 0.0008595536462 2
0 0.065 0.145 0.001302039661 2
0 0.065 0.155 0.001706218255 2
0 0.065 0.165 0.002058175059 2
0 0.065 0.175 0.00233876743 2
0 0.065 0.185 0.002526132535 2
0 0.065 0.195 0.002672067104 1
0 0.065 0.205 0.002826640159 1
0 0.065 0.215 0.00294877022 1
0 0.065 0.225 0.003044877259 1
0 0.065 0.235 0.003097325126 1
0 0.065 0.245 0.003109246308 1
0 0.065 0.255 0.003084650701 1
0 0.065 0.265 0.003022235252 1
0 0.065 0.275 0.00291151858 1
0 0.065 0.285 0.002723571885 2
0 0.065 0.295 0.002461137696 2
0 0.065 0.305 0.002156374086 2
0 0.065 0.315 0.001823475165 2
0 0.065 0.325 0.001476422272 2
0 0.065 0.335 0.001129690224 2
0 0.065 0.345 0.0007959646777 2
0 0.065 0.355 0.0004945137606 2
0 0.065 0.365 0.0002459785624 2
0 0.065 0.375 6.591498579e-05 2
0 0.065 0.385 -3.569961638e-05 1
0 0.065 0.395 -7.390955603e-05 1
0 0.065 0.405 0 1
0 0.065 0.415 0 1
0 0.065 0.425 0 1
0 0.065 0.435 0 2
0 0.065 0.445 0 2
0 0.065 0.455 0 2
0 0.065 0.465 0 2
0 0.075 -0.455 0 2
0 0.075 -0.445 0 2
0 0.075 -0.435 0 2
0 0.075 -0.425 0 2
0 0.075 -0.415 0 2
0 0.075 -0.405 0 2
0 0.075 -0.395 -5.374808395e-05 2
0 0.075 -0.385 2.870888078e-05 2
0 0.075 -0.375 0.0001919081025 2
0 0.075 -0.365 0.0004205447173 1
0 0.075 -0.355 0.0006848185321 1
0 0.075 -0.345 0.0009801500674 1
0 0.075 -0.335 0.001290153741 1
0 0.075 -0.325 0.001610718329 2
0 0.075 -0.315 0.001941209739 2
0 0.075 -0.305 0.002288394659 2
0 0.075 -0.295 0.002623399271 2
0 0.075 -0.285 0.002919220696 2
0 0.075 -0.275 0.003156205272 2
0 0.075 -0.265 0.0032929258 1
0 0.075 -0.255 0.003428579444 1
0 0.075 -0.245 0.003511900719 1
0 0.075 -0.235 0.00355210974 1
0 0.075 -0.225 0.00354556338 1
0 0.075 -0.215 0.003490902128 1
0 0.075 -0.205 0.003390312918 1
0 0.075 -0.195 0.003241755576 1
0 0.075 -0.185 0.00303435241 1
0 0.075 -0.175 0.002701744231 2
0 0.075 -0.165 0.002291711445 2
0 0.075 -0.155 0.001837254405 2
0 0.075 -0.145 0.001360310775 2
0 0.075 -0.135 0.0008641076395 2
0 0.075 -0.125 0.0003563498785 2
0 0.075 -0.115 -0.000155524693 2
0 0.075 -0.105 -0.000663664982 2
0 0.075 -0.095 -0.001160425983 2
0 0.075 -0.085 -0.001638712831 2
0 0.075 -0.075 -0.002091621287 2
0 0.075 -0.065 -0.002512084024 2
0 0.075 -0.055 -0.002892680802 2
0 0.075 -0.045 -0.003225888735 2
0 0.075 -0.035 -0.003504490461 2
0 0.075 -0.025 -0.003722002032 2
0 0.075 -0.015 -0.003873110974 2
0 0.075 -0.005 -0.003953993156 2
0 0.075 0.005 -0.003962534643 2
0 0.075 0.015 -0.003898339707 2
0 0.075 0.025 -0.003762591554 2
0 0.075 0.035 -0.003557770457 2
0 0.075 0.045 -0.003287487609 2
0 0.075 0.055 -0.002956439347 2
0 0.075 0.065 -0.002570467038 2
0 0.075 0.075 -0.002136666594 2
0 0.075 0.085 -0.001663361531 2
0 0.075 0.095 -0.001159974948 2
0 0.075 0.105 -0.0006368249543 2
0 0.075 0.115 -0.0001049232292 2
0 0.075 0.125 0.000424189424 2
0 0.075 0.135 0.0009384913429 2
0 0.075 0.145 0.001425541394 2
0 0.075 0.155 0.001872046603 2
0 0.075 0.165 0.002263483169 2
0 0.075 0.175 0.002583679491 2
0 0.075 0.185 0.002817865451 2
0 0.075 0.195 0.002986089136 2
0 0.075 0.205 0.003109732699 1
0 0.075 0.215 0.003229679291 1
0 0.075 0.225 0.003325223488 1
0 0.075 0.235 0.003370341867 1
0 0.075 0.245 0.003373408814 1
0 0.075 0.255 0.00333953145 1
0 0.075 0.265 0.003267989637 1
0 0.075 0.275 0.003158384601 2
0 0.075 0.285 0.00296887521 2
0 0.075 0.295 0.002694129744 2
0 0.075 0.305 0.002366147472 2
0 0.075 0.315 0.002005670408 2
0 0.075 0.325 0.001629439707 2
0 0.075 0.335 0.001254422839 2
0 0.075 0.345 0.0008975811019 2
0 0.075 0.355 0.0005748354591 2
0 0.075 0.365 0.0003037206576 2
0 0.075 0.375 0.000100209432 2
0 0.075 0.385 -2.429610899e-05 2
0 0.075 0.395 -6.917829308e-05 1
0 0.075 0.405 0 1
0 0.075 0.415 0 1
0 0.075 0.425 0 2
0 0.075 0.435 0 2
0 0.075 0.445 0 2
0 0.075 0.455 0 2
0 0.075 0.465 0 2
0 0.085 -0.455 0 1
0 0.085 -0.445 0 1
0 0.085 -0.435 0 1
0 0.085 -0.425 0 1
0 0.085 -0.415 0 1
0 0.085 -0.405 0 1
0 0.085 -0.395 -3.394741242e-05 1
0 0.085 -0.385 5.228232373e-05 2
0 0.085 -0.375 0.0002329442632 1
0 0.085 -0.365 0.0004669369081 1
0 0.085 -0.355 0.0007451762503 1
0 0.085 -0.345 0.00105535029 1
0 0.085 -0.335 0.001385621235 1
0 0.085 -0.325 0.001733983354 1
0 0.085 -0.315 0.002094401824 2
0 0.085 -0.305 0.002464658954 2
0 0.085 -0.295 0.002825034052 2
0 0.085 -0.285 0.003143259881 2
0 0.085 -0.275 0.003392831316 2
0 0.085 -0.265 0.003550501328 2
0 0.085 -0.255 0.003666344519 1
0 0.085 -0.245 0.003752766013 1
0 0.085 -0.235 0.003790520822 1
0 0.085 -0.225 0.003776467892 1
0 0.085 -0.215 0.003709983811 1
0 0.085 -0.205 0.003593011166 1
0 0.085 -0.195 0.003426404646 1
0 0.085 -0.185 0.003198170392 1
0 0.085 -0.175 0.00286745185 2
0 0.085 -0.165 0.002437530097 2
0 0.085 -0.155 0.001952457343 2
0 0.085 -0.145 0.001442495881 2
0 0.085 -0.135 0.0009114792974 2
0 0.085 -0.125 0.0003678856533 2
0 0.085 -0.115 -0.0001800771583 2
0 0.085 -0.105 -0.0007236851659 2
0 0.085 -0.095 -0.00125461219 2
0 0.085 -0.085 -0.001765921485 2
0 0.085 -0.075 -0.002251012748 2
0 0.085 -0.065 -0.002702832661 2
0 0.085 -0.055 -0.003113409846 2
0 0.085 -0.045 -0.003474361206 2
0 0.085 -0.035 -0.003777511392 2
0 0.085 -0.025 -0.004015431746 2
0 0.085 -0.015 -0.004182012633 2
0 0.085 -0.005 -0.004272787454 2
0 0.085 0.005 -0.004285149308 2
0 0.085 0.015 -0.004218358095 2
0 0.085 0.025 -0.004073438881 2
0 0.085 0.035 -0.003852991754 2
0 0.085 0.045 -0.003561040423 2
0 0.085 0.055 -0.003202939534 2
0 0.085 0.065 -0.002785337555 2
0 0.085 0.075 -0.002316157804 2
0 0.085 0.085 -0.001804522829 2
0 0.085 0.095 -0.001260620928 2
0 0.085 0.105 -0.0006955259594 2
0 0.085 0.115 -0.0001210110128 2
0 0.085 0.125 0.0004506252848 2
0 0.085 0.135 0.001006667053 2
0 0.085 0.145 0.001534085183 2
0 0.085 0.155 0.002019504311 2
0 0.085 0.165 0.002449405405 2
0 0.085 0.175 0.002810989833 2
0 0.085 0.185 0.003093249917 2
0 0.085 0.195 0.003295745202 2
0 0.085 0.205 0.003433627404 2
0 0.085 0.215 0.00354930463 2
0 0.085 0.225 0.003603995944 1
0 0.085 0.235 0.003641972996 1
0 0.085 0.245 0.003636980283 1
0 0.085 0.255 0.003591595221 1
0 0.085 0.265 0.003507631195 1
0 0.085 0.275 0.003403033921 2
0 0.085 0.285 0.00319576209 2
0 0.085 0.295 0.002905523791 2
0 0.085 0.305 0.00255627013 2
0 0.085 0.315 0.002170784155 2
0 0.085 0.325 0.001768559962 2
0 0.085 0.335 0.001368656791 2
0 0.085 0.345 0.0009901506767 2
0 0.085 0.355 0.0006508537561 2
0 0.085 0.365 0.0003638692771 2
0 0.085 0.375 0.0001422132405 2
0 0.085 0.385 -8.238754465e-07 2
0 0.085 0.395 -6.530596246e-05 2
0 0.085 0.405 0 2
0 0.085 0.415 0 2
0 0.085 0.425 0 2
0 0.085 0.435 0 2
0 0.085 0.445 0 2
0 0.085 0.455 0 2
0 0.085 0.465 0 2
0 0.095 -0.455 0 1
0 0.095 -0.445 0 1
0 0.095 -0.435 0 1
0 0.095 -0.425 0 1
0 0.095 -0.415 0 1
0 0.095 -0.405 0 1
0 0.095 -0.395 -2.199010822e-05 1
0 0.095 -0.385 8.13808548e-05 1
0 0.095 -0.375 0.0002652589208 1
0 0.095 -0.365 0.0005096789751 1
0 0.095 -0.355 0.0007987334127 1
0 0.095 -0.345 0.001121362211 1
0 0.095 -0.335 0.001467377673 1
0 0.095 -0.325 0.001830270694 1
0 0.095 -0.315 0.002221225903 2
0 0.095 -0.305 0.002615220956 2
0 0.095 -0.295 0.003003858247 2
0 0.095 -0.285 0.003346267192 2
0 0.095 -0.275 0.003614450023 2
0 0.095 -0.265 0.003794776506 2
0 0.095 -0.255 0.003888546721 1
0 0.095 -0.245 0.00397208324 1
0 0.095 -0.235 0.004007025348 1
0 0.095 -0.225 0.003985137348 1
0 0.095 -0.215 0.003907725996 1
0 0.095 -0.205 0.00377273948 1
0 0.095 -0.195 0.003585785603 1
0 0.095 -0.185 0.003336589344 1
0 0.095 -0.175 0.003000174192 2
0 0.095 -0.165 0.002553163516 2
0 0.095 -0.155 0.002042687594 2
0 0.095 -0.145 0.001505475982 2
0 0.095 -0.135 0.0009457965531 2
0 0.095 -0.125 0.0003721786654 2
0 0.095 -0.115 -0.0002064622544 2
0 0.095 -0.105 -0.0007798898068 2
0 0.095 -0.095 -0.001338451133 2
0 0.095 -0.085 -0.001876184846 2
0 0.095 -0.075 -0.002387684229 2
0 0.095 -0.065 -0.002866401816 2
0 0.095 -0.055 -0.003303556828 2
0 0.095 -0.045 -0.003689590841 2
0 0.095 -0.035 -0.004015275988 2
0 0.095 -0.025 -0.004272137829 2
0 0.095 -0.015 -0.004453237057 2
0 0.095 -0.005 -0.004553420813 2
0 0.095 0.005 -0.004569635455 2
0 0.095 0.015 -0.004500899296 2
0 0.095 0.025 -0.004348196211 2
0 0.095 0.035 -0.004114297935 2
0 0.095 0.045 -0.003803605863 2
0 0.095 0.055 -0.003422022608 2
0 0.095 0.065 -0.002976854686 2
0 0.095 0.075 -0.002476723908 2
0 0.095 0.085 -0.001931452807 2
0 0.095 0.095 -0.001351916063 2
0 0.095 0.105 -0.0007498612369 2
0 0.095 0.115 -0.0001377182598 2
0 0.095 0.125 0.0004715927459 2
0 0.095 0.135 0.001064833079 2
0 0.095 0.145 0.001628622126 2
0 0.095 0.155 0.002149658345 2
0 0.095 0.165 0.002615159118 2
0 0.095 0.175 0.003013983136 2
0 0.095 0.185 0.003337340998 2
0 0.095 0.195 0.003581857405 2
0 0.095 0.205 0.003749574771 2
0 0.095 0.215 0.003868399207 2
0 0.095 0.225 0.003922956545 2
0 0.095 0.235 0.003951370801 2
0 0.095 0.245 0.003936251966 2
0 0.095 0.255 0.003880399783 2
0 0.095 0.265 0.003782189019 2
0 0.095 0.275 0.003645805862 2
0 0.095 0.285 0.003411197499 2
0 0.095 0.295 0.003098279126 2
0 0.095 0.305 0.002727608998 2
0 0.095 0.315 0.002319238275 2
0 0.095 0.325 0.001893474618 2
0 0.095 0.335 0.001471017672 2
0 0.095 0.345 0.001073644787 2
0 0.095 0.355 0.0007203385922 2
0 0.095 0.365 0.0004226000036 2
0 0.095 0.375 0.0001882573752 2
0 0.095 0.385 2.92927093e-05 2
0 0.095 0.395 -5.161243265e-05 2
0 0.095 0.405 0 2
0 0.095 0.415 0 2
0 0.095 0.425 0 2
0 0.095 0.435 0 2
0 0.095 0.445 0 2
0 0.095 0.455 0 2
0 0.095 0.465 0 2
0 0.105 -0.455 0 1
0 0.105 -0.445 0 1
0 0.105 -0.435 0 1
0 0.105 -0.425 0 1
0 0.105 -0.415 0 1
0 0.105 -0.405 0 1
0 0.105 -0.395 -9.31976935e-06 1
0 0.105 -0.385 0.0001020028132 1
0 0.105 -0.375 0.0002935198158 1
0 0.105 -0.365 0.0005488238068 1
0 0.105 -0.355 0.0008509512839 1
0 0.105 -0.345 0.00118894965 1
0 0.105 -0.335 0.001547829043 1
0 0.105 -0.325 0.00191888565 1
0 0.105 -0.315 0.002318626204 1
0 0.105 -0.305 0.002743939076 2
0 0.105 -0.295 0.003161637086 2
0 0.105 -0.285 0.003528844184 2
0 0.105 -0.275 0.003819780257 2
0 0.105 -0.265 0.004023044929 2
0 0.105 -0.255 0.004129752956 2
0 0.105 -0.245 0.004176810494 1
0 0.105 -0.235 0.004201522551 1
0 0.105 -0.225 0.004169480309 1
0 0.105 -0.215 0.004083420671 1
0 0.105 -0.205 0.003935067923 1
0 0.105 -0.195 0.003730678132 1
0 0.105 -0.185 0.003457872566 1
0 0.105 -0.175 0.003104873865 2
0 0.105 -0.165 0.002639204257 2
0 0.105 -0.155 0.002110157527 2
0 0.105 -0.145 0.001550680088 2
0 0.105 -0.135 0.0009687016441 2
0 0.105 -0.125 0.00037098834 2
0 0.105 -0.115 -0.0002335099838 2
0 0.105 -0.105 -0.0008321274652 2
0 0.105 -0.095 -0.001412513356 2
0 0.105 -0.085 -0.001970711647 2
0 0.105 -0.075 -0.00250315077 2
0 0.105 -0.065 -0.003004215009 2
0 0.105 -0.055 -0.003464229443 2
0 0.105 -0.045 -0.003872551741 2
0 0.105 -0.035 -0.004218892519 2
0 0.105 -0.025 -0.00449338704 2
0 0.105 -0.015 -0.004688115181 2
0 0.105 -0.005 -0.004797234728 2
0 0.105 0.005 -0.004817332769 2
0 0.105 0.015 -0.004747272847 2
0 0.105 0.025 -0.004588083594 2
0 0.105 0.035 -0.00434274909 2
0 0.105 0.045 -0.004016025753 2
0 0.105 0.055 -0.003614286169 2
0 0.105 0.065 -0.003145384563 2
0 0.105 0.075 -0.002618528396 2
0 0.105 0.085 -0.002044136086 2
0 0.105 0.095 -0.00143367195 2
0 0.105 0.105 -0.0007994575346 2
0 0.105 0.115 -0.000154467029 2
0 0.105 0.125 0.0004878892026 2
0 0.105 0.135 0.001113990915 2
0 0.105 0.145 0.001710268422 2
0 0.105 0.155 0.002263549315 2
0 0.105 0.165 0.002761553276 2
0 0.105 0.175 0.003193724158 2
0 0.105 0.185 0.003552395846 2
0 0.105 0.195 0.003834857276 2
0 0.105 0.205 0.004040782406 2
0 0.105 0.215 0.004176940788 2
0 0.105 0.225 0.004241089916 2
0 0.105 0.235 0.004262197233 2
0 0.105 0.245 0.004236391056 2
0 0.105 0.255 0.004165371993 2
0 0.105 0.265 0.00404375571 2
0 0.105 0.275 0.003867759934 2
0 0.105 0.285 0.003607465245 2
0 0.105 0.295 0.003273322585 2
0 0.105 0.305 0.002881992638 2
0 0.105 0.315 0.00245240021 2
0 0.105 0.325 0.002005044587 2
0 0.105 0.335 0.00155970356 2
0 0.105 0.345 0.001144081555 2
0 0.105 0.355 0.0007829595835 2
0 0.105 0.365 0.0004808922074 2
0 0.105 0.375 0.0002391603072 2
0 0.105 0.385 6.653001735e-05 2
0 0.105 0.395 -3.119668442e-05 2
0 0.105 0.405 0 2
0 0.105 0.415 0 2
0 0.105 0.425 0 2
0 0.105 0.435 0 2
0 0.105 0.445 0 2
0 0.105 0.455 0 2
0 0.105 0.465 0 2
0 0.115 -0.455 0 1
0 0.115 -0.445 0 1
0 0.115 -0.435 0 1
0 0.115 -0.425 0 1
0 0.115 -0.415 0 1
0 0.115 -0.405 0 1
0 0.115 -0.395 1.740851051e-06 1
0 0.115 -0.385 0.0001211349313 1
0 0.115 -0.375 0.000321750734 1
0 0.115 -0.365 0.000588284408 1
0 0.115 -0.355 0.0009029904195 1
0 0.115 -0.345 0.00125220413 1
0 0.115 -0.335 0.001623543897 1
0 0.115 -0.325 0.002004670249 1
0 0.115 -0.315 0.002407420945 1
0 0.115 -0.305 0.00285479683 2
0 0.115 -0.295 0.003297354089 2
0 0.115 -0.285 0.003689701133 2
0 0.115 -0.275 0.004000234147 2
0 0.115 -0.265 0.004222582374 2
0 0.115 -0.255 0.004350353901 2
0 0.115 -0.245 0.004401508005 2
0 0.115 -0.235 0.004387806147 1
0 0.115 -0.225 0.004341307195 1
0 0.115 -0.215 0.004241446067 1
0 0.115 -0.205 0.004076873574 1
0 0.115 -0.195 0.003854700734 1
0 0.115 -0.185 0.003560147626 1
0 0.115 -0.175 0.003190178435 2
0 0.115 -0.165 0.002706165086 2
0 0.115 -0.155 0.002155949586 2
0 0.115 -0.145 0.00157755206 2
0 0.115 -0.135 0.0009830994458 2
0 0.115 -0.125 0.0003674771471 2
0 0.115 -0.115 -0.0002640363892 2
0 0.115 -0.105 -0.0008884259813 2
0 0.115 -0.095 -0.001480092212 2
0 0.115 -0.085 -0.002047936021 2
0 0.115 -0.075 -0.002595568708 2
0 0.115 -0.065 -0.003117106776 2
0 0.115 -0.055 -0.003597723553 2
0 0.115 -0.045 -0.004024931857 2
0 0.115 -0.035 -0.004389865804 2
0 0.115 -0.025 -0.004680686824 2
0 0.115 -0.015 -0.004888174575 2
0 0.115 -0.005 -0.005005734015 2
0 0.115 0.005 -0.005029668444 2
0 0.115 0.015 -0.004958810209 2
0 0.115 0.025 -0.004794306027 2
0 0.115 0.035 -0.004539386256 2
0 0.115 0.045 -0.004199144337 2
0 0.115 0.055 -0.003780359144 2
0 0.115 0.065 -0.003291339884 2
0 0.115 0.075 -0.002741775906 2
0 0.115 0.085 -0.002142576617 2
0 0.115 0.095 -0.001505692125 2
0 0.115 0.105 -0.0008439117307 2
0 0.115 0.115 -0.0001706418795 2
0 0.115 0.125 0.0005003362079 2
0 0.115 0.135 0.001155134554 2
0 0.115 0.145 0.001780069705 2
0 0.115 0.155 0.002362058348 2
0 0.115 0.165 0.002889116116 2
0 0.115 0.175 0.003351049953 2
0 0.115 0.185 0.003740175407 2
0 0.115 0.195 0.004052459939 2
0 0.115 0.205 0.004287016735 2
0 0.115 0.215 0.004447742794 2
0 0.115 0.225 0.004537297455 2
0 0.115 0.235 0.004565770371 2
0 0.115 0.245 0.004534585682 2
0 0.115 0.255 0.004444774331 2
0 0.115 0.265 0.004293392504 2
0 0.115 0.275 0.004077325691 2
0 0.115 0.285 0.003788500821 2
0 0.115 0.295 0.003432606227 2
0 0.115 0.305 0.003021476473 2
0 0.115 0.315 0.002572150538 2
0 0.115 0.325 0.002104651585 2
0 0.115 0.335 0.001638530589 2
0 0.115 0.345 0.001206473583 2
0 0.115 0.355 0.0008394263517 2
0 0.115 0.365 0.0005334471825 2
0 0.115 0.375 0.0002839548386 2
0 0.115 0.385 9.956460131e-05 2
0 0.115 0.395 -1.122864227e-05 2
0 0.115 0.405 0 2
0 0.115 0.415 0 2
0 0.115 0.425 0 2
0 0.115 0.435 0 2
0 0.115 0.445 0 2
0 0.115 0.455 0 2
0 0.115 0.465 0 2
0 0.125 -0.455 0 1
0 0.125 -0.445 0 1
0 0.125 -0.435 0 1
0 0.125 -0.425 0 1
0 0.125 -0.415 0 1
0 0.125 -0.405 0 1
0 0.125 -0.395 1.060532891e-05 1
0 0.125 -0.385 0.0001389369001 1
0 0.125 -0.375 0.0003505034464 1
0 0.125 -0.365 0.0006285488876 1
0 0.125 -0.355 0.0009538527954 1
0 0.125 -0.345 0.001312680773 1
0 0.125 -0.335 0.001695161003 1
0 0.125 -0.325 0.002084102082 1
0 0.125 -0.315 0.002489288881 1
0 0.125 -0.305 0.002951225466 2
0 0.125 -0.295 0.003414087367 2
0 0.125 -0.285 0.003829542781 2
0 0.125 -0.275 0.004158138838 2
0 0.125 -0.265 0.004400069708 2
0 0.125 -0.255 0.004549572778 2
0 0.125 -0.245 0.004610554679 2
0 0.125 -0.235 0.004595769905 2
0 0.125 -0.225 0.004533062492 2
0 0.125 -0.215 0.00439340206 1
0 0.125 -0.205 0.004212351212 1
0 0.125 -0.195 0.00397095239 1
0 0.125 -0.185 0.003668682844 2
0 0.125 -0.175 0.003263101976 2
0 0.125 -0.165 0.002754155138 2
0 0.125 -0.155 0.002185523558 2
0 0.125 -0.145 0.001595341529 2
0 0.125 -0.135 0.0009901248376 2
0 0.125 -0.125 0.0003609524118 2
0 0.125 -0.115 -0.000287097026 2
0 0.125 -0.105 -0.0009273378792 2
0 0.125 -0.095 -0.00153620845 2
0 0.125 -0.085 -0.002120912476 2
0 0.125 -0.075 -0.002679855807 2
0 0.125 -0.065 -0.00321085836 2
0 0.125 -0.055 -0.003702653401 2
0 0.125 -0.045 -0.004147244753 2
0 0.125 -0.035 -0.004530033255 2
0 0.125 -0.025 -0.004835667565 2
0 0.125 -0.015 -0.005054953611 2
0 0.125 -0.005 -0.005180422604 2
0 0.125 0.005 -0.005208066016 2
0 0.125 0.015 -0.00513681669 2
0 0.125 0.025 -0.004968037859 2
0 0.125 0.035 -0.004705233431 2
0 0.125 0.045 -0.004353814228 2
0 0.125 0.055 -0.003920905795 2
0 0.125 0.065 -0.003415186449 2
0 0.125 0.075 -0.002846728825 2
0 0.125 0.085 -0.002226830501 2
0 0.125 0.095 -0.0015678238 2
0 0.125 0.105 -0.0008828616653 2
0 0.125 0.115 -0.0001856787689 2
0 0.125 0.125 0.0005096731984 2
0 0.125 0.135 0.00118912158 2
0 0.125 0.145 0.00183891046 2
0 0.125 0.155 0.002446000984 2
0 0.125 0.165 0.00299854473 2
0 0.125 0.175 0.003486466596 2
0 0.125 0.185 0.003901962311 2
0 0.125 0.195 0.004240100768 2
0 0.125 0.205 0.004498698208 2
0 0.125 0.215 0.004678850535 2
0 0.125 0.225 0.004782768292 2
0 0.125 0.235 0.004815669289 2
0 0.125 0.245 0.004779800155 2
0 0.125 0.255 0.00467645747 2
0 0.125 0.265 0.004504738566 2
0 0.125 0.275 0.004263770889 2
0 0.125 0.285 0.003952543339 2
0 0.125 0.295 0.003576934138 2
0 0.125 0.305 0.003147522419 2
0 0.125 0.315 0.002680137279 2
0 0.125 0.325 0.002190903652 2
0 0.125 0.335 0.001706732481 2
0 0.125 0.345 0.001265898403 2
0 0.125 0.355 0.0008937230918 1
0 0.125 0.365 0.0005827623467 1
0 0.125 0.375 0.0003243607181 1
0 0.125 0.385 0.0001301551885 1
0 0.125 0.395 1.049053357e-05 1
0 0.125 0.405 0 2
0 0.125 0.415 0 2
0 0.125 0.425 0 2
0 0.125 0.435 0 2
0 0.125 0.445 0 2
0 0.125 0.455 0 2
0 0.125 0.465 0 2
0 0.135 -0.455 0 1
0 0.135 -0.445 0 1
0 0.135 -0.435 0 1
0 0.135 -0.425 0 1
0 0.135 -0.415 0 1
0 0.135 -0.405 0 1
0 0.135 -0.395 1.743484697e-05 1
0 0.135 -0.385 0.0001548400149 1
0 0.135 -0.375 0.0003794852961 1
0 0.135 -0.365 0.0006707155668 1
0 0.135 -0.355 0.001003832243 1
0 0.135 -0.345 0.001368736515 1
0 0.135 -0.335 0.001759275606 1
0 0.135 -0.325 0.002155874692 1
0 0.135 -0.315 0.002568547166 1
0 0.135 -0.305 0.003042667095 2
0 0.135 -0.295 0.003519566727 2
0 0.135 -0.285 0.003949903577 2
0 0.135 -0.275 0.004292424049 2
0 0.135 -0.265 0.004549650108 2
0 0.135 -0.255 0.004716332604 2
0 0.135 -0.245 0.004793850215 2
0 0.135 -0.235 0.004785317501 2
0 0.135 -0.225 0.004711015324 2
0 0.135 -0.215 0.004563002039 2
0 0.135 -0.205 0.004364303728 2
0 0.135 -0.195 0.00410172337 2
0 0.135 -0.185 0.003766384989 2
0 0.135 -0.175 0.003326456522 2
0 0.135 -0.165 0.002791519423 2
0 0.135 -0.155 0.002205918035 2
0 0.135 -0.145 0.001607833553 2
0 0.135 -0.135 0.0009893250341 1
0 0.135 -0.125 0.000350940568 2
0 0.135 -0.115 -0.0003045860644 2
0 0.135 -0.105 -0.0009535745854 1
0 0.135 -0.095 -0.001578014882 1
0 0.135 -0.085 -0.002177985919 1
0 0.135 -0.075 -0.002752993263 2
0 0.135 -0.065 -0.003289140865 2
0 0.135 -0.055 -0.003785633851 2
0 0.135 -0.045 -0.004240970661 2
0 0.135 -0.035 -0.004639233218 2
0 0.135 -0.025 -0.004959753748 2
0 0.135 -0.015 -0.005189863291 2
0 0.135 -0.005 -0.005322597357 2
0 0.135 0.005 -0.005353742747 2
0 0.135 0.015 -0.005282421349 2
0 0.135 0.025 -0.005110308774 2
0 0.135 0.035 -0.00484120948 2
0 0.135 0.045 -0.004480826372 2
0 0.135 0.055 -0.004036569246 2
0 0.135 0.065 -0.003517401238 2
0 0.135 0.075 -0.002933683143 2
0 0.135 0.085 -0.002297002331 2
0 0.135 0.095 -0.001619975151 2
0 0.135 0.105 -0.0009160220403 2
0 0.135 0.115 -0.0001991142898 2
0 0.135 0.125 0.0005165072816 2
0 0.135 0.135 0.00121664452 2
0 0.135 0.145 0.00188748906 2
0 0.135 0.155 0.00251601263 2
0 0.135 0.165 0.003090392861 2
0 0.135 0.175 0.003600480774 2
0 0.135 0.185 0.004038211803 2
0 0.135 0.195 0.004397992579 2
0 0.135 0.205 0.004676694036 2
0 0.135 0.215 0.00487369431 2
0 0.135 0.225 0.004989913728 2
0 0.135 0.235 0.00502783032 2
0 0.135 0.245 0.00498929914 2
0 0.135 0.255 0.004875857337 2
0 0.135 0.265 0.004688445656 2
0 0.135 0.275 0.004428562055 2
0 0.135 0.285 0.004098936245 2
0 0.135 0.295 0.003706273872 2
0 0.135 0.305 0.003260686897 2
0 0.135 0.315 0.00277690497 2
0 0.135 0.325 0.002267547734 2
0 0.135 0.335 0.00176433646 2
0 0.135 0.345 0.001314072313 2
0 0.135 0.355 0.000934221288 1
0 0.135 0.365 0.000619085122 1
0 0.135 0.375 0.0003544994642 1
0 0.135 0.385 0.0001519858999 1
0 0.135 0.395 2.486207748e-05 1
0 0.135 0.405 0 2
0 0.135 0.415 0 2
0 0.135 0.425 0 2
0 0.135 0.435 0 2
0 0.135 0.445 0 2
0 0.135 0.455 0 2
0 0.135 0.465 0 2
0 0.145 -0.455 0 2
0 0.145 -0.445 0 2
0 0.145 -0.435 0 1
0 0.145 -0.425 0 1
0 0.145 -0.415 0 1
0 0.145 -0.405 0 1
0 0.145 -0.395 2.677392638e-05 1
0 0.145 -0.385 0.000171532318 1
0 0.145 -0.375 0.000406646278 1
0 0.145 -0.365 0.0007093745974 1
0 0.145 -0.355 0.001048225715 1
0 0.145 -0.345 0.001418330643 1
0 0.145 -0.335 0.001816235818 1
0 0.145 -0.325 0.002221096968 1
0 0.145 -0.315 0.002642531447 1
0 0.145 -0.305 0.003126871408 2
0 0.145 -0.295 0.003612986785 2
0 0.145 -0.285 0.004052341797 2
0 0.145 -0.275 0.004404570175 2
0 0.145 -0.265 0.004672820293 2
0 0.145 -0.255 0.004852630797 2
0 0.145 -0.245 0.004944503843 2
0 0.145 -0.235 0.00494899402 2
0 0.145 -0.225 0.004873380203 2
0 0.145 -0.215 0.004718715637 2
0 0.145 -0.205 0.004502890348 2
0 0.145 -0.195 0.00421712015 2
0 0.145 -0.185 0.003849912228 2
0 0.145 -0.175 0.003378581754 2
0 0.145 -0.165 0.002820982174 2
0 0.145 -0.155 0.002209082652 1
0 0.145 -0.145 0.001603958916 1
0 0.145 -0.135 0.000986178 1
0 0.145 -0.125 0.0003397758938 1
0 0.145 -0.115 -0.0003247302754 1
0 0.145 -0.105 -0.0009798070047 1
0 0.145 -0.095 -0.001607351759 1
0 0.145 -0.085 -0.002211350159 1
0 0.145 -0.075 -0.002794735249 1
0 0.145 -0.065 -0.003341119515 1
0 0.145 -0.055 -0.003848398633 2
0 0.145 -0.045 -0.004307634572 2
0 0.145 -0.035 -0.004717299327 2
0 0.145 -0.025 -0.005052368842 2
0 0.145 -0.015 -0.005293718424 2
0 0.145 -0.005 -0.005433159404 2
0 0.145 0.005 -0.005467595536 2
0 0.145 0.015 -0.005396504992 2
0 0.145 0.025 -0.005221960777 2
0 0.145 0.035 -0.00494810555 2
0 0.145 0.045 -0.00458090071 2
0 0.145 0.055 -0.004127969548 2
0 0.145 0.065 -0.003598475711 2
0 0.145 0.075 -0.00300297715 2
0 0.145 0.085 -0.002353259826 2
0 0.145 0.095 -0.001662135238 2
0 0.145 0.105 -0.0009432067874 2
0 0.145 0.115 -0.0002106050186 2
0 0.145 0.125 0.0005213052114 2
0 0.145 0.135 0.001238244761 2
0 0.145 0.145 0.001926366177 2
0 0.145 0.155 0.002572625279 2
0 0.145 0.165 0.003165165554 2
0 0.145 0.175 0.003693704477 2
0 0.145 0.185 0.004149862823 2
0 0.145 0.195 0.004527427937 2
0 0.145 0.205 0.004822390265 2
0 0.145 0.215 0.005032880033 2
0 0.145 0.225 0.005158666128 2
0 0.145 0.235 0.005200854269 2
0 0.145 0.245 0.005160955643 2
0 0.145 0.255 0.00504082102 2
0 0.145 0.265 0.004842612289 2
0 0.145 0.275 0.004569447108 2
0 0.145 0.285 0.004226001862 2
0 0.145 0.295 0.003819719521 2
0 0.145 0.305 0.003360566669 2
0 0.145 0.315 0.002862209753 2
0 0.145 0.325 0.002335616965 2
0 0.145 0.335 0.001814238488 2
0 0.145 0.345 0.001347554241 1
0 0.145 0.355 0.000966377784 1
0 0.145 0.365 0.0006494820858 1
0 0.145 0.375 0.0003816829268 1
0 0.145 0.385 0.0001733277114 1
0 0.145 0.395 3.960342765e-05 1
0 0.145 0.405 0 1
0 0.145 0.415 0 2
0 0.145 0.425 0 2
0 0.145 0.435 0 2
0 0.145 0.445 0 2
0 0.145 0.455 0 2
0 0.145 0.465 0 2
0 0.155 -0.455 0 2
0 0.155 -0.445 0 2
0 0.155 -0.435 0 2
0 0.155 -0.425 0 2
0 0.155 -0.415 0 2
0 0.155 -0.405 0 2
0 0.155 -0.395 3.036429921e-05 2
0 0.155 -0.385 0.0001820971792 2
0 0.155 -0.375 0.0004234849949 2
0 0.155 -0.365 0.0007388232697 1
0 0.155 -0.355 0.001086347748 1
0 0.155 -0.345 0.001462819995 1
0 0.155 -0.335 0.001863729577 1
0 0.155 -0.325 0.00227658136 1
0 0.155 -0.315 0.002709552002 1
0 0.155 -0.305 0.00320613616 2
0 0.155 -0.295 0.003695938797 2
0 0.155 -0.285 0.004136452847 2
0 0.155 -0.275 0.004494315668 2
0 0.155 -0.265 0.004770260472 2
0 0.155 -0.255 0.004959131497 2
0 0.155 -0.245 0.00505970678 2
0 0.155 -0.235 0.005072553415 2
0 0.155 -0.225 0.005001638271 2
0 0.155 -0.215 0.004849232503 2
0 0.155 -0.205 0.004619949107 2
0 0.155 -0.195 0.004309925722 2
0 0.155 -0.185 0.003912984813 2
0 0.155 -0.175 0.003414794484 2
0 0.155 -0.165 0.002835078318 2
0 0.155 -0.155 0.002206001462 1
0 0.155 -0.145 0.001597555521 1
0 0.155 -0.135 0.0009773460413 1
0 0.155 -0.125 0.0003270371689 1
0 0.155 -0.115 -0.0003384936554 1
0 0.155 -0.105 -0.0009964745502 1
0 0.155 -0.095 -0.001626667859 1
0 0.155 -0.085 -0.002234034458 1
0 0.155 -0.075 -0.002819156693 1
0 0.155 -0.065 -0.003368921845 1
0 0.155 -0.055 -0.003874482763 1
0 0.155 -0.045 -0.004344159264 2
0 0.155 -0.035 -0.004765180764 2
0 0.155 -0.025 -0.005114206565 2
0 0.155 -0.015 -0.005366430107 2
0 0.155 -0.005 -0.005512513792 2
0 0.155 0.005 -0.005550171908 2
0 0.155 0.015 -0.00547965893 2
0 0.155 0.025 -0.005303640044 2
0 0.155 0.035 -0.005026594397 2
0 0.155 0.045 -0.004654702121 2
0 0.155 0.055 -0.00419572081 2
0 0.155 0.065 -0.003658931713 2
0 0.155 0.075 -0.003055005759 2
0 0.155 0.085 -0.00239584668 2
0 0.155 0.095 -0.001694384675 2
0 0.155 0.105 -0.0009643352796 2
0 0.155 0.115 -0.0002199251308 2
0 0.155 0.125 0.0005244087175 2
0 0.155 0.135 0.001254341586 2
0 0.155 0.145 0.001956000638 2
0 0.155 0.155 0.002616315166 2
0 0.155 0.165 0.003223364656 2
0 0.155 0.175 0.00376670944 2
0 0.155 0.185 0.0042376661 2
0 0.155 0.195 0.004629505931 2
0 0.155 0.205 0.004937505164 2
0 0.155 0.215 0.005158879951 2
0 0.155 0.225 0.005292508965 2
0 0.155 0.235 0.005338666001 2
0 0.155 0.245 0.005298586241 2
0 0.155 0.255 0.005174364078 2
0 0.155 0.265 0.004968983011 2
0 0.155 0.275 0.004686657938 2
0 0.155 0.285 0.004333211666 2
0 0.155 0.295 0.003916595868 2
0 0.155 0.305 0.003446638823 2
0 0.155 0.315 0.002936197559 2
0 0.155 0.325 0.00239275697 2
0 0.155 0.335 0.0018571337 2
0 0.155 0.345 0.001382892425 1
0 0.155 0.355 0.001003163421 1
0 0.155 0.365 0.0006819464591 1
0 0.155 0.375 0.0004077390555 1
0 0.155 0.385 0.0001933919546 1
0 0.155 0.395 5.28433897e-05 1
0 0.155 0.405 0 1
0 0.155 0.415 0 2
0 0.155 0.425 0 2
0 0.155 0.435 0 2
0 0.155 0.445 0 2
0 0.155 0.455 0 2
0 0.155 0.465 0 2
0 0.165 -0.455 0 2
0 0.165 -0.445 0 2
0 0.165 -0.435 0 2
0 0.165 -0.425 0 2
0 0.165 -0.415 0 2
0 0.165 -0.405 0 2
0 0.165 -0.395 3.820024883e-05 2
0 0.165 -0.385 0.0001983016581 2
0 0.165 -0.375 0.0004443674526 2
0 0.165 -0.365 0.0007602639695 1
0 0.165 -0.355 0.001113587188 1
0 0.165 -0.345 0.001496681708 1
0 0.165 -0.335 0.001905810041 1
0 0.165 -0.325 0.002329929208 1
0 0.165 -0.315 0.002775381892 1
0 0.165 -0.305 0.003277471878 2
0 0.165 -0.295 0.003763151923 2
0 0.165 -0.285 0.004201394826 2
0 0.165 -0.275 0.004561658385 2
0 0.165 -0.265 0.004842338674 2
0 0.165 -0.255 0.005037246615 2
0 0.165 -0.245 0.005143874781 2
0 0.165 -0.235 0.005161477666 2
0 0.165 -0.225 0.00509163698 2
0 0.165 -0.215 0.004935932354 2
0 0.165 -0.205 0.00469620295 2
0 0.165 -0.195 0.004370376486 2
0 0.165 -0.185 0.003954872082 2
0 0.165 -0.175 0.003435563671 2
0 0.165 -0.165 0.002837204924 2
0 0.165 -0.155 0.002199572607 1
0 0.165 -0.145 0.001588955398 1
0 0.165 -0.135 0.000964486529 1
0 0.165 -0.125 0.0003133844051 1
0 0.165 -0.115 -0.0003465353788 1
0 0.165 -0.105 -0.001001849017 1
0 0.165 -0.095 -0.001640144132 1
0 0.165 -0.085 -0.002255010139 1
0 0.165 -0.075 -0.002838843224 1
0 0.165 -0.065 -0.003383861308 1
0 0.165 -0.055 -0.003885767027 1
0 0.165 -0.045 -0.004345359309 1
0 0.165 -0.035 -0.004780270724 2
0 0.165 -0.025 -0.005142673676 2
0 0.165 -0.015 -0.005407774978 2
0 0.165 -0.005 -0.005560924734 2
0 0.165 0.005 -0.005601815898 2
0 0.165 0.015 -0.005532280085 2
0 0.165 0.025 -0.005355873577 2
0 0.165 0.035 -0.005077300213 2
0 0.165 0.045 -0.004702900051 2
0 0.165 0.055 -0.00424047919 2
0 0.165 0.065 -0.003699357798 2
0 0.165 0.075 -0.003090246247 2
0 0.165 0.085 -0.002425098824 2
0 0.165 0.095 -0.001716902845 2
0 0.165 0.105 -0.0009794299617 2
0 0.165 0.115 -0.0002269532245 2
0 0.165 0.125 0.0005260595662 2
0 0.165 0.135 0.001265268812 2
0 0.165 0.145 0.001976794082 2
0 0.165 0.155 0.002647544465 2
0 0.165 0.165 0.003265535823 2
0 0.165 0.175 0.003820180427 2
0 0.165 0.185 0.004302524836 2
0 0.165 0.195 0.004705417422 2
0 0.165 0.205 0.005023572542 2
0 0.165 0.215 0.005253539517 2
0 0.165 0.225 0.005393555108 2
0 0.165 0.235 0.005443369231 2
0 0.165 0.245 0.005404029521 2
0 0.165 0.255 0.005277804631 2
0 0.165 0.265 0.005068208722 2
0 0.165 0.275 0.004780162342 2
0 0.165 0.285 0.004420175627 2
0 0.165 0.295 0.003996516113 2
0 0.165 0.305 0.003518776308 2
0 0.165 0.315 0.002999424425 2
0 0.165 0.325 0.002441555599 2
0 0.165 0.335 0.001895434989 2
0 0.165 0.345 0.001417245594 1
0 0.165 0.355 0.00103896504 1
0 0.165 0.365 0.000713948278 1
0 0.165 0.375 0.0004326418054 1
0 0.165 0.385 0.0002119159176 1
0 0.165 0.395 6.450507502e-05 1
0 0.165 0.405 0 1
0 0.165 0.415 0 2
0 0.165 0.425 0 2
0 0.165 0.435 0 2
0 0.165 0.445 0 2
0 0.165 0.455 0 2
0 0.165 0.465 0 2
0 0.175 -0.455 0 2
0 0.175 -0.445 0 2
0 0.175 -0.435 0 2
0 0.175 -0.425 0 2
0 0.175 -0.415 0 2
0 0.175 -0.405 0 2
0 0.175 -0.395 4.690954473e-05 2
0 0.175 -0.385 0.0002154105192 2
0 0.175 -0.375 0.000467853398 2
0 0.175 -0.365 0.0007801052974 2
0 0.175 -0.355 0.001137734565 1
0 0.175 -0.345 0.001526374184 1
0 0.175 -0.335 0.001944972741 1
0 0.175 -0.325 0.002379865027 1
0 0.175 -0.315 0.002844207126 2
0 0.175 -0.305 0.003333657693 2
0 0.175 -0.295 0.00381335603 2
0 0.175 -0.285 0.004247600596 2
0 0.175 -0.275 0.004607512526 2
0 0.175 -0.265 0.00489008004 2
0 0.175 -0.255 0.005087937565 2
0 0.175 -0.245 0.00519759293 2
0 0.175 -0.235 0.005217274416 2
0 0.175 -0.225 0.005147073516 2
0 0.175 -0.215 0.004987660813 2
0 0.175 -0.205 0.004739826896 2
0 0.175 -0.195 0.004402618158 2
0 0.175 -0.185 0.003974780784 2
0 0.175 -0.175 0.003447167604 2
0 0.175 -0.165 0.002841923081 2
0 0.175 -0.155 0.002194745406 1
0 0.175 -0.145 0.00157407195 1
0 0.175 -0.135 0.0009476433725 1
0 0.175 -0.125 0.0003009588848 1
0 0.175 -0.115 -0.0003560265839 1
0 0.175 -0.105 -0.001009380676 1
0 0.175 -0.095 -0.001648203925 1
0 0.175 -0.085 -0.002263852136 1
0 0.175 -0.075 -0.002848639266 1
0 0.175 -0.065 -0.00339275226 1
0 0.175 -0.055 -0.003891229494 1
0 0.175 -0.045 -0.00434006951 1
0 0.175 -0.035 -0.004765432641 2
0 0.175 -0.025 -0.005140771326 2
0 0.175 -0.015 -0.00541964681 2
0 0.175 -0.005 -0.005578424689 2
0 0.175 0.005 -0.005622657781 2
0 0.175 0.015 -0.005554723435 2
0 0.175 0.025 -0.005379207714 2
0 0.175 0.035 -0.005100917112 2
0 0.175 0.045 -0.004726261606 2
0 0.175 0.055 -0.004263011754 2
0 0.175 0.065 -0.003720457055 2
0 0.175 0.075 -0.00310928848 2
0 0.175 0.085 -0.002441459903 2
0 0.175 0.095 -0.001729970675 2
0 0.175 0.105 -0.0009886077806 2
0 0.175 0.115 -0.0002316536091 2
0 0.175 0.125 0.000526426451 2
0 0.175 0.135 0.001271306436 2
0 0.175 0.145 0.001989121991 2
0 0.175 0.155 0.002666782617 2
0 0.175 0.165 0.003292263056 2
0 0.175 0.175 0.003854862212 2
0 0.175 0.185 0.004345414767 2
0 0.175 0.195 0.004756443444 2
0 0.175 0.205 0.005082237374 2
0 0.175 0.215 0.005318859698 2
0 0.175 0.225 0.005464084916 2
0 0.175 0.235 0.00551730726 2
0 0.175 0.245 0.005479436461 2
0 0.175 0.255 0.005352850028 2
0 0.175 0.265 0.005141400822 2
0 0.175 0.275 0.004850468866 2
0 0.175 0.285 0.004487010822 2
0 0.175 0.295 0.004059533426 2
0 0.175 0.305 0.003577500866 2
0 0.175 0.315 0.003053132536 2
0 0.175 0.325 0.002488815462 2
0 0.175 0.335 0.001936441927 2
0 0.175 0.345 0.001452991039 1
0 0.175 0.355 0.001071551068 1
0 0.175 0.365 0.0007426373567 1
0 0.175 0.375 0.0004561620322 1
0 0.175 0.385 0.0002291229964 1
0 0.175 0.395 7.483979131e-05 1
0 0.175 0.405 0 1
0 0.175 0.415 0 2
0 0.175 0.425 0 2
0 0.175 0.435 0 2
0 0.175 0.445 0 2
0 0.175 0.455 0 2
0 0.175 0.465 0 2
0 0.185 -0.455 0 2
0 0.185 -0.445 0 2
0 0.185 -0.435 0 2
0 0.185 -0.425 0 2
0 0.185 -0.415 0 2
0 0.185 -0.405 0 2
0 0.185 -0.395 5.927209772e-05 2
0 0.185 -0.385 0.0002289869114 2
0 0.185 -0.375 0.0004834535735 2
0 0.185 -0.365 0.0008009316578 2
0 0.185 -0.355 0.001160961347 2
0 0.185 -0.345 0.001556266348 2
0 0.185 -0.335 0.001980988362 2
0 0.185 -0.325 0.00242551652 2
0 0.185 -0.315 0.002894557563 2
0 0.185 -0.305 0.003379964854 2
0 0.185 -0.295 0.00385157751 2
0 0.185 -0.285 0.0042768419 2
0 0.185 -0.275 0.004633825591 2
0 0.185 -0.265 0.00491534104 2
0 0.185 -0.255 0.005113186404 2
0 0.185 -0.245 0.005222970267 2
0 0.185 -0.235 0.005242086985 2
0 0.185 -0.225 0.0051697745 2
0 0.185 -0.215 0.005006230466 2
0 0.185 -0.205 0.004752179156 2
0 0.185 -0.195 0.004407602768 2
0 0.185 -0.185 0.003973493998 2
0 0.185 -0.175 0.003444336877 2
0 0.185 -0.165 0.002840502165 2
0 0.185 -0.155 0.002190171819 1
0 0.185 -0.145 0.001559245434 1
0 0.185 -0.135 0.0009315991519 1
0 0.185 -0.125 0.0002894332787 1
0 0.185 -0.115 -0.0003638745725 1
0 0.185 -0.105 -0.001014099456 1
0 0.185 -0.095 -0.001651257209 1
0 0.185 -0.085 -0.002265867513 1
0 0.185 -0.075 -0.002848774851 1
0 0.185 -0.065 -0.003390895347 1
0 0.185 -0.055 -0.003885211466 1
0 0.185 -0.045 -0.004324574103 1
0 0.185 -0.035 -0.004726339057 1
0 0.185 -0.025 -0.005115094379 2
0 0.185 -0.015 -0.005401901478 2
0 0.185 -0.005 -0.005565487317 2
0 0.185 0.005 -0.005613025749 2
0 0.185 0.015 -0.005547585128 2
0 0.185 0.025 -0.005374428822 2
0 0.185 0.035 -0.005098371459 2
0 0.185 0.045 -0.004725766758 2
0 0.185 0.055 -0.004264275286 2
0 0.185 0.065 -0.003723097855 2
0 0.185 0.075 -0.003112863726 2
0 0.185 0.085 -0.002445492677 2
0 0.185 0.095 -0.001733968024 2
0 0.185 0.105 -0.0009920664157 2
0 0.185 0.115 -0.0002340541836 2
0 0.185 0.125 0.0005256321215 2
0 0.185 0.135 0.001272708312 2
0 0.185 0.145 0.001993356556 2
0 0.185 0.155 0.002674520913 2
0 0.185 0.165 0.003304175541 2
0 0.185 0.175 0.00387155793 2
0 0.185 0.185 0.004367359796 2
0 0.185 0.195 0.00478387048 2
0 0.185 0.205 0.005115068246 2
0 0.185 0.215 0.005356662207 2
0 0.185 0.225 0.005506089295 2
0 0.185 0.235 0.005562485835 2
0 0.185 0.245 0.005526648122 2
0 0.185 0.255 0.005401008613 2
0 0.185 0.265 0.005189630874 2
0 0.185 0.275 0.004898202029 2
0 0.185 0.285 0.004534002676 2
0 0.185 0.295 0.004105786805 2
0 0.185 0.305 0.003623215818 2
0 0.185 0.315 0.003098241386 2
0 0.185 0.325 0.002532878684 2
0 0.185 0.335 0.00197729103 2
0 0.185 0.345 0.001488453718 1
0 0.185 0.355 0.001102257748 1
0 0.185 0.365 0.0007691527659 1
0 0.185 0.375 0.0004780572863 1
0 0.185 0.385 0.0002451689032 1
0 0.185 0.395 8.398716115e-05 1
0 0.185 0.405 0 1
0 0.185 0.415 0 2
0 0.185 0.425 0 2
0 0.185 0.435 0 2
0 0.185 0.445 0 2
0 0.185 0.455 0 2
0 0.185 0.465 0 2
0 0.195 -0.455 0 2
0 0.195 -0.445 0 2
0 0.195 -0.435 0 2
0 0.195 -0.425 0 2
0 0.195 -0.415 0 2
0 0.195 -0.405 0 2
0 0.195 -0.395 7.010569236e-05 2
0 0.195 -0.385 0.0002368590287 2
0 0.195 -0.375 0.00048846875 2
0 0.195 -0.365 0.0008092070812 2
0 0.195 -0.355 0.001177362937 2
0 0.195 -0.345 0.001581094545 2
0 0.195 -0.335 0.002011718662 2
0 0.195 -0.325 0.002465683839 2
0 0.195 -0.315 0.002939736456 2
0 0.195 -0.305 0.003419422554 2
0 0.195 -0.295 0.003878874776 2
0 0.195 -0.285 0.004291607895 2
0 0.195 -0.275 0.004642793109 2
0 0.195 -0.265 0.004920166772 2
0 0.195 -0.255 0.005115120368 2
0 0.195 -0.245 0.005222405875 2
0 0.195 -0.235 0.005238815058 2
0 0.195 -0.225 0.005163110353 2
0 0.195 -0.215 0.004995359483 2
0 0.195 -0.205 0.004736627394 2
0 0.195 -0.195 0.004387937961 2
0 0.195 -0.185 0.003952314107 2
0 0.195 -0.175 0.003426616423 2
0 0.195 -0.165 0.002831273297 2
0 0.195 -0.155 0.002196523857 2
0 0.195 -0.145 0.001548866094 1
0 0.195 -0.135 0.0009158227763 1
0 0.195 -0.125 0.0002767556193 1
0 0.195 -0.115 -0.0003696298416 1
0 0.195 -0.105 -0.001015768661 1
0 0.195 -0.095 -0.001649316238 1
0 0.195 -0.085 -0.002261197628 1
0 0.195 -0.075 -0.002840992049 1
0 0.195 -0.065 -0.003378489088 1
0 0.195 -0.055 -0.003866894365 1
0 0.195 -0.045 -0.0042996036 1
0 0.195 -0.035 -0.00469109531 1
0 0.195 -0.025 -0.005070283507 2
0 0.195 -0.015 -0.005355452554 2
0 0.195 -0.005 -0.00552374721 2
0 0.195 0.005 -0.005573991201 2
0 0.195 0.015 -0.005512028293 2
0 0.195 0.025 -0.005342799448 2
0 0.195 0.035 -0.005070982244 2
0 0.195 0.045 -0.004702714979 2
0 0.195 0.055 -0.004245484183 2
0 0.195 0.065 -0.00370835348 2
0 0.195 0.075 -0.003101862846 2
0 0.195 0.085 -0.002437880634 2
0 0.195 0.095 -0.001729362593 2
0 0.195 0.105 -0.0009900639745 2
0 0.195 0.115 -0.0002342205486 2
0 0.195 0.125 0.0005237807809 2
0 0.195 0.135 0.001269726417 2
0 0.195 0.145 0.001989882754 2
0 0.195 0.155 0.002671275423 2
0 0.195 0.165 0.003301934495 2
0 0.195 0.175 0.003871102411 2
0 0.195 0.185 0.004369404155 2
0 0.195 0.195 0.004788981721 2
0 0.195 0.205 0.005123595003 2
0 0.195 0.215 0.005368692362 2
0 0.195 0.225 0.005521453078 2
0 0.195 0.235 0.005580808189 2
0 0.195 0.245 0.005547445373 2
0 0.195 0.255 0.005423805987 2
0 0.195 0.265 0.005214074994 2
0 0.195 0.275 0.004924147369 2
0 0.195 0.285 0.004561557625 2
0 0.195 0.295 0.004135342685 2
0 0.195 0.305 0.003655570186 2
0 0.195 0.315 0.003134118116 2
0 0.195 0.325 0.002576291844 2
0 0.195 0.335 0.002021349972 2
0 0.195 0.345 0.001523051918 1
0 0.195 0.355 0.001128965036 1
0 0.195 0.365 0.0007924698371 1
0 0.195 0.375 0.0004985659933 1
0 0.195 0.385 0.0002618518921 1
0 0.195 0.395 9.326826736e-05 1
0 0.195 0.405 0 1
0 0.195 0.415 0 2
0 0.195 0.425 0 2
0 0.195 0.435 0 2
0 0.195 0.445 0 2
0 0.195 0.455 0 2
0 0.195 0.465 0 2
0 0.205 -0.455 0 2
0 0.205 -0.445 0 2
0 0.205 -0.435 0 2
0 0.205 -0.425 0 2
0 0.205 -0.415 0 2
0 0.205 -0.405 0 2
0 0.205 -0.395 7.680821254e-05 2
0 0.205 -0.385 0.0002380764115 2
0 0.205 -0.375 0.0004846279387 2
0 0.205 -0.365 0.0008061293443 2
0 0.205 -0.355 0.001180833604 2
0 0.205 -0.345 0.001596044415 2
0 0.205 -0.335 0.002039989054 2
0 0.205 -0.325 0.002503253087 2
0 0.205 -0.315 0.002976385472 2
0 0.205 -0.305 0.003445215879 2
0 0.205 -0.295 0.003890830653 2
0 0.205 -0.285 0.004293182948 2
0 0.205 -0.275 0.004635854535 2
0 0.205 -0.265 0.004906404298 2
0 0.205 -0.255 0.005095914465 2
0 0.205 -0.245 0.005198403752 2
0 0.205 -0.235 0.005210273863 2
0 0.205 -0.225 0.0051300976 2
0 0.205 -0.215 0.004958119638 2
0 0.205 -0.205 0.004695998397 2
0 0.205 -0.195 0.004345893499 2
0 0.205 -0.185 0.003912101788 2
0 0.205 -0.175 0.003396436674 2
0 0.205 -0.165 0.002812826174 2
0 0.205 -0.155 0.002188731314 2
0 0.205 -0.145 0.001540213387 1
0 0.205 -0.135 0.0009011950383 1
0 0.205 -0.125 0.000263821593 1
0 0.205 -0.115 -0.0003751402355 1
0 0.205 -0.105 -0.001013340219 1
0 0.205 -0.095 -0.001641431659 1
0 0.205 -0.085 -0.002249165849 1
0 0.205 -0.075 -0.002824860096 1
0 0.205 -0.065 -0.00335631065 1
0 0.205 -0.055 -0.003838337796 1
0 0.205 -0.045 -0.00426470571 1
0 0.205 -0.035 -0.004646218962 1
0 0.205 -0.025 -0.005009415006 2
0 0.205 -0.015 -0.005285756247 2
0 0.205 -0.005 -0.005455414988 2
0 0.205 0.005 -0.005507587894 2
0 0.205 0.015 -0.005450028993 2
0 0.205 0.025 -0.005286224168 2
0 0.205 0.035 -0.005020562692 2
0 0.205 0.045 -0.004658787331 2
0 0.205 0.055 -0.004208144894 2
0 0.205 0.065 -0.003677516474 2
0 0.205 0.075 -0.003077334964 2
0 0.205 0.085 -0.002419414283 2
0 0.205 0.095 -0.001716686942 2
0 0.205 0.105 -0.0009828900319 2
0 0.205 0.115 -0.0002322246667 2
0 0.205 0.125 0.0005209878075 2
0 0.205 0.135 0.001262634703 2
0 0.205 0.145 0.001979112377 2
0 0.205 0.155 0.002657588425 2
0 0.205 0.165 0.003286221215 2
0 0.205 0.175 0.003854338202 2
0 0.205 0.185 0.004352580021 2
0 0.205 0.195 0.004773021078 2
0 0.205 0.205 0.005109275524 2
0 0.205 0.215 0.00535659272 2
0 0.205 0.225 0.005511939214 2
0 0.205 0.235 0.005574062518 2
0 0.205 0.245 0.005543532212 2
0 0.205 0.255 0.00542275687 2
0 0.205 0.265 0.005215974648 2
0 0.205 0.275 0.004929212166 2
0 0.205 0.285 0.004570193396 2
0 0.205 0.295 0.004148236512 2
0 0.205 0.305 0.003673788089 2
0 0.205 0.315 0.003159167359 2
0 0.205 0.325 0.002612601996 2
0 0.205 0.335 0.002063660849 2
0 0.205 0.345 0.001558055038 1
0 0.205 0.355 0.001156156711 1
0 0.205 0.365 0.0008154101412 1
0 0.205 0.375 0.0005172861951 1
0 0.205 0.385 0.0002772179092 1
0 0.205 0.395 0.0001023596334 1
0 0.205 0.405 0 1
0 0.205 0.415 0 2
0 0.205 0.425 0 2
0 0.205 0.435 0 2
0 0.205 0.445 0 2
0 0.205 0.455 0 2
0 0.205 0.465 0 2
0 0.215 -0.455 0 2
0 0.215 -0.445 0 2
0 0.215 -0.435 0 2
0 0.215 -0.425 0 2
0 0.215 -0.415 0 2
0 0.215 -0.405 0 2
0 0.215 -0.395 8.248156051e-05 2
0 0.215 -0.385 0.0002373749561 2
0 0.215 -0.375 0.0004775050631 2
0 0.215 -0.365 0.000800374782 2
0 0.215 -0.355 0.001183047785 2
0 0.215 -0.345 0.001605179712 2
0 0.215 -0.335 0.002055883656 2
0 0.215 -0.325 0.00252280491 2
0 0.215 -0.315 0.002994056126 2
0 0.215 -0.305 0.003455365787 2
0 0.215 -0.295 0.003890064734 2
0 0.215 -0.285 0.0042811204 2
0 0.215 -0.275 0.004613623559 2
0 0.215 -0.265 0.004875480245 2
0 0.215 -0.255 0.005057549679 2
0 0.215 -0.245 0.005153421148 2
0 0.215 -0.235 0.005159280917 2
0 0.215 -0.225 0.0050737336 2
0 0.215 -0.215 0.004897469878 2
0 0.215 -0.205 0.004632963508 2
0 0.215 -0.195 0.004283656708 2
0 0.215 -0.185 0.003854446618 2
0 0.215 -0.175 0.003352233325 2
0 0.215 -0.165 0.002781207781 2
0 0.215 -0.155 0.002166219208 2
0 0.215 -0.145 0.001533582752 2
0 0.215 -0.135 0.0008934692617 1
0 0.215 -0.125 0.0002600970114 1
0 0.215 -0.115 -0.0003784425769 1
0 0.215 -0.105 -0.001011036041 1
0 0.215 -0.095 -0.001626692577 1
0 0.215 -0.085 -0.002228992673 1
0 0.215 -0.075 -0.002803658123 1
0 0.215 -0.065 -0.003327427947 1
0 0.215 -0.055 -0.003794947466 1
0 0.215 -0.045 -0.004213775916 1
0 0.215 -0.035 -0.004591363764 1
0 0.215 -0.025 -0.004936302701 2
0 0.215 -0.015 -0.005197212577 2
0 0.215 -0.005 -0.005362936593 2
0 0.215 0.005 -0.005416743741 2
0 0.215 0.015 -0.00536436119 2
0 0.215 0.025 -0.005207250669 2
0 0.215 0.035 -0.004949411962 2
0 0.215 0.045 -0.004596033429 2
0 0.215 0.055 -0.004154039202 2
0 0.215 0.065 -0.003632077065 2
0 0.215 0.075 -0.003040459929 2
0 0.215 0.085 -0.002390957869 2
0 0.215 0.095 -0.001696501015 2
0 0.215 0.105 -0.0009708263462 2
0 0.215 0.115 -0.0002281067029 2
0 0.215 0.125 0.0005174134154 2
0 0.215 0.135 0.001251754575 2
0 0.215 0.145 0.001961497866 2
0 0.215 0.155 0.002634028419 2
0 0.215 0.165 0.003257723794 2
0 0.215 0.175 0.00382209327 2
0 0.215 0.185 0.004317884065 2
0 0.215 0.195 0.00473717805 2
0 0.215 0.205 0.005073497436 2
0 0.215 0.215 0.005321925507 2
0 0.215 0.225 0.005479230384 2
0 0.215 0.235 0.005543973377 2
0 0.215 0.245 0.005516585445 2
0 0.215 0.255 0.005399403902 2
0 0.215 0.265 0.005196665824 2
0 0.215 0.275 0.004914465721 2
0 0.215 0.285 0.004560649636 2
0 0.215 0.295 0.004144763651 2
0 0.215 0.305 0.003677567953 2
0 0.215 0.315 0.00317214483 2
0 0.215 0.325 0.002637600739 2
0 0.215 0.335 0.002101015779 2
0 0.215 0.345 0.001604395818 2
0 0.215 0.355 0.001187778012 1
0 0.215 0.365 0.0008375739579 1
0 0.215 0.375 0.0005331210534 1
0 0.215 0.385 0.0002875907241 1
0 0.215 0.395 0.0001084930385 1
0 0.215 0.405 0 2
0 0.215 0.415 0 2
0 0.215 0.425 0 2
0 0.215 0.435 0 2
0 0.215 0.445 0 2
0 0.215 0.455 0 2
0 0.215 0.465 0 2
0 0.225 -0.455 0 2
0 0.225 -0.445 0 2
0 0.225 -0.435 0 2
0 0.225 -0.425 0 1
0 0.225 -0.415 0 1
0 0.225 -0.405 0 1
0 0.225 -0.395 9.062137295e-05 1
0 0.225 -0.385 0.0002414052263 2
0 0.225 -0.375 0.0004739446014 2
0 0.225 -0.365 0.0007943621251 2
0 0.225 -0.355 0.001182178467 2
0 0.225 -0.345 0.001608879823 2
0 0.225 -0.335 0.002063281317 2
0 0.225 -0.325 0.002530946613 2
0 0.225 -0.315 0.002998308862 2
0 0.225 -0.305 0.003451455936 2
0 0.225 -0.295 0.003875303864 2
0 0.225 -0.285 0.004254868984 2
0 0.225 -0.275 0.004576469182 2
0 0.225 -0.265 0.004828494076 2
0 0.225 -0.255 0.00500177913 2
0 0.225 -0.245 0.005089745483 2
0 0.225 -0.235 0.005088465819 2
0 0.225 -0.225 0.004996729283 2
0 0.225 -0.215 0.004815923796 2
0 0.225 -0.205 0.004549653714 2
0 0.225 -0.195 0.004202859985 2
0 0.225 -0.185 0.003780838049 2
0 0.225 -0.175 0.003290378089 2
0 0.225 -0.165 0.002736393038 2
0 0.225 -0.155 0.002134849414 2
0 0.225 -0.145 0.001510340428 2
0 0.225 -0.135 0.0008821343209 2
0 0.225 -0.125 0.0002535120914 1
0 0.225 -0.115 -0.0003779646065 1
0 0.225 -0.105 -0.001003335429 1
0 0.225 -0.095 -0.001606625759 1
0 0.225 -0.085 -0.002199059367 1
0 0.225 -0.075 -0.002766336872 1
0 0.225 -0.065 -0.003280002951 1
0 0.225 -0.055 -0.003740792863 1
0 0.225 -0.045 -0.00415522457 1
0 0.225 -0.035 -0.004525974378 1
0 0.225 -0.025 -0.00484277385 2
0 0.225 -0.015 -0.005087399493 2
0 0.225 -0.005 -0.005250092154 2
0 0.225 0.005 -0.005305393226 2
0 0.225 0.015 -0.005258447682 2
0 0.225 0.025 -0.005108906499 2
0 0.225 0.035 -0.004860184921 2
0 0.225 0.045 -0.004516776632 2
0 0.225 0.055 -0.004085153645 2
0 0.225 0.065 -0.003573663941 2
0 0.225 0.075 -0.00299249282 2
0 0.225 0.085 -0.002353394944 2
0 0.225 0.095 -0.001669339224 2
0 0.225 0.105 -0.0009540968959 2
0 0.225 0.115 -0.0002218298004 2
0 0.225 0.125 0.0005133009794 2
0 0.225 0.135 0.001237483481 2
0 0.225 0.145 0.001937548063 2
0 0.225 0.155 0.002601190892 2
0 0.225 0.165 0.003217123473 2
0 0.225 0.175 0.003775157435 2
0 0.225 0.185 0.00426625186 2
0 0.225 0.195 0.004682568743 2
0 0.225 0.205 0.005017571847 2
0 0.225 0.215 0.005266180146 2
0 0.225 0.225 0.005424946417 2
0 0.225 0.235 0.005492220875 2
0 0.225 0.245 0.005468267133 2
0 0.225 0.255 0.005355317944 2
0 0.225 0.265 0.005157569405 2
0 0.225 0.275 0.00488113466 2
0 0.225 0.285 0.004533926676 2
0 0.225 0.295 0.004125642979 2
0 0.225 0.305 0.003667283907 2
0 0.225 0.315 0.003172388004 2
0 0.225 0.325 0.0026526989 2
0 0.225 0.335 0.002131451622 2
0 0.225 0.345 0.001642207386 2
0 0.225 0.355 0.001214366728 1
0 0.225 0.365 0.0008557251403 1
0 0.225 0.375 0.0005482619621 1
0 0.225 0.385 0.0002967877793 1
0 0.225 0.395 0.0001153189276 1
0 0.225 0.405 0 2
0 0.225 0.415 0 2
0 0.225 0.425 0 2
0 0.225 0.435 0 2
0 0.225 0.445 0 2
0 0.225 0.455 0 2
0 0.225 0.465 0 2
0 0.235 -0.455 0 2
0 0.235 -0.445 0 2
0 0.235 -0.435 0 1
0 0.235 -0.425 0 1
0 0.235 -0.415 0 1
0 0.235 -0.405 0 1
0 0.235 -0.395 9.447931291e-05 1
0 0.235 -0.385 0.0002488625478 1
0 0.235 -0.375 0.0004761244403 2
0 0.235 -0.365 0.0007888221463 2
0 0.235 -0.355 0.001176311026 2
0 0.235 -0.345 0.001608440528 2
0 0.235 -0.335 0.002062779404 2
0 0.235 -0.325 0.002527941262 2
0 0.235 -0.315 0.00298935911 2
0 0.235 -0.305 0.003433595766 2
0 0.235 -0.295 0.003846546291 2
0 0.235 -0.285 0.004214511651 2
0 0.235 -0.275 0.004524798631 2
0 0.235 -0.265 0.004766357065 2
0 0.235 -0.255 0.004930164509 2
0 0.235 -0.245 0.00500953117 2
0 0.235 -0.235 0.005000397398 2
0 0.235 -0.225 0.004901749524 2
0 0.235 -0.215 0.004715857197 2
0 0.235 -0.205 0.004447957215 2
0 0.235 -0.195 0.004104969439 2
0 0.235 -0.185 0.003692683751 2
0 0.235 -0.175 0.003216524421 2
0 0.235 -0.165 0.002683022833 2
0 0.235 -0.155 0.002099264529 2
0 0.235 -0.145 0.001481689384 2
0 0.235 -0.135 0.0008546986258 2
0 0.235 -0.125 0.0002337773571 2
0 0.235 -0.115 -0.0003842360789 2
0 0.235 -0.105 -0.0009961025275 2
0 0.235 -0.095 -0.001587057241 1
0 0.235 -0.085 -0.002163561522 2
0 0.235 -0.075 -0.002712160318 2
0 0.235 -0.065 -0.003215193682 1
0 0.235 -0.055 -0.003672641353 1
0 0.235 -0.045 -0.004080263184 1
0 0.235 -0.035 -0.004439814885 2
0 0.235 -0.025 -0.004729241873 2
0 0.235 -0.015 -0.004964422746 2
0 0.235 -0.005 -0.005122210472 2
0 0.235 0.005 -0.005178092061 2
0 0.235 0.015 -0.005135973563 2
0 0.235 0.025 -0.004994350734 2
0 0.235 0.035 -0.0047556496 2
0 0.235 0.045 -0.004423450313 2
0 0.235 0.055 -0.004003563064 2
0 0.235 0.065 -0.003503951145 2
0 0.235 0.075 -0.002934682553 2
0 0.235 0.085 -0.002307554705 2
0 0.235 0.095 -0.001635644571 2
0 0.235 0.105 -0.000932810266 2
0 0.235 0.115 -0.0002132307883 2
0 0.235 0.125 0.0005090179097 2
0 0.235 0.135 0.001220325944 2
0 0.235 0.145 0.001907846447 2
0 0.235 0.155 0.002559700711 2
0 0.235 0.165 0.003165080946 2
0 0.235 0.175 0.003714257957 2
0 0.235 0.185 0.004198532938 2
0 0.235 0.195 0.004610221213 2
0 0.235 0.205 0.004942734721 2
0 0.235 0.215 0.005190789032 2
0 0.235 0.225 0.005350667019 2
0 0.235 0.235 0.005420460243 2
0 0.235 0.245 0.005400231582 2
0 0.235 0.255 0.005292085705 2
0 0.235 0.265 0.005100156045 2
0 0.235 0.275 0.004830544599 2
0 0.235 0.285 0.004491196278 2
0 0.235 0.295 0.004091879907 2
0 0.235 0.305 0.003643821304 2
0 0.235 0.315 0.003160513498 2
0 0.235 0.325 0.002657435784 2
0 0.235 0.335 0.002150152149 2
0 0.235 0.345 0.001666526276 2
0 0.235 0.355 0.001234047167 2
0 0.235 0.365 0.0008664589928 2
0 0.235 0.375 0.0005550913604 2
0 0.235 0.385 0.000299336426 2
0 0.235 0.395 0.0001164627958 2
0 0.235 0.405 0 2
0 0.235 0.415 0 2
0 0.235 0.425 0 2
0 0.235 0.435 0 2
0 0.235 0.445 0 2
0 0.235 0.455 0 2
0 0.235 0.465 0 2
0 0.245 -0.455 0 2
0 0.245 -0.445 0 2
0 0.245 -0.435 0 1
0 0.245 -0.425 0 1
0 0.245 -0.415 0 1
0 0.245 -0.405 0 1
0 0.245 -0.395 9.786349024e-05 1
0 0.245 -0.385 0.0002514715311 1
0 0.245 -0.375 0.0004769571651 2
0 0.245 -0.365 0.000783588214 2
0 0.245 -0.355 0.0011694901 2
0 0.245 -0.345 0.001604274212 2
0 0.245 -0.335 0.002055632348 2
0 0.245 -0.325 0.002515417523 2
0 0.245 -0.315 0.00296879417 2
0 0.245 -0.305 0.003402842395 2
0 0.245 -0.295 0.003804234399 2
0 0.245 -0.285 0.004160221306 2
0 0.245 -0.275 0.004458922966 2
0 0.245 -0.265 0.004689812018 2
0 0.245 -0.255 0.004844028072 2
0 0.245 -0.245 0.004914742118 2
0 0.245 -0.235 0.004897518135 2
0 0.245 -0.225 0.004791238798 2
0 0.245 -0.215 0.004598998979 2
0 0.245 -0.205 0.004328559729 2
0 0.245 -0.195 0.003990446913 2
0 0.245 -0.185 0.003591016434 2
0 0.245 -0.175 0.003133413788 2
0 0.245 -0.165 0.002620399072 2
0 0.245 -0.155 0.002057826212 2
0 0.245 -0.145 0.001454806471 2
0 0.245 -0.135 0.000833390821 2
0 0.245 -0.125 0.0002146114873 2
0 0.245 -0.115 -0.0003976536156 2
0 0.245 -0.105 -0.0009955298164 2
0 0.245 -0.095 -0.001569007481 2
0 0.245 -0.085 -0.002117844789 2
0 0.245 -0.075 -0.002649117659 2
0 0.245 -0.065 -0.003148298679 2
0 0.245 -0.055 -0.003592030297 2
0 0.245 -0.045 -0.003984973641 2
0 0.245 -0.035 -0.004323512368 2
0 0.245 -0.025 -0.004609075135 2
0 0.245 -0.015 -0.004836502846 2
0 0.245 -0.005 -0.004983832382 2
0 0.245 0.005 -0.005038468199 2
0 0.245 0.015 -0.004999983893 2
0 0.245 0.025 -0.004866341715 2
0 0.245 0.035 -0.004638387828 2
0 0.245 0.045 -0.00431842059 2
0 0.245 0.055 -0.003911304629 2
0 0.245 0.065 -0.003424545516 2
0 0.245 0.075 -0.002868166662 2
0 0.245 0.085 -0.002254118994 2
0 0.245 0.095 -0.001595692936 2
0 0.245 0.105 -0.0009069000749 2
0 0.245 0.115 -0.0002019726167 2
0 0.245 0.125 0.0005050954639 2
0 0.245 0.135 0.00120092624 2
0 0.245 0.145 0.001873072631 2
0 0.245 0.155 0.00251021567 2
0 0.245 0.165 0.003102218041 2
0 0.245 0.175 0.003640024966 2
0 0.245 0.185 0.004115454679 2
0 0.245 0.195 0.004521054259 2
0 0.245 0.205 0.004850147649 2
0 0.245 0.215 0.005097145325 2
0 0.245 0.225 0.005257954332 2
0 0.245 0.235 0.005330335985 2
0 0.245 0.245 0.005314120981 2
0 0.245 0.255 0.005211280371 2
0 0.245 0.265 0.005025886689 2
0 0.245 0.275 0.004764022898 2
0 0.245 0.285 0.004433645253 2
0 0.245 0.295 0.00404452276 2
0 0.245 0.305 0.003608061387 2
0 0.245 0.315 0.003137472214 2
0 0.245 0.325 0.002648139822 2
0 0.245 0.335 0.002155027853 2
0 0.245 0.345 0.001681886996 2
0 0.245 0.355 0.001251610652 2
0 0.245 0.365 0.0008776688156 2
0 0.245 0.375 0.0005606221356 2
0 0.245 0.385 0.0003023899852 2
0 0.245 0.395 0.0001172085786 2
0 0.245 0.405 0 2
0 0.245 0.415 0 2
0 0.245 0.425 0 2
0 0.245 0.435 0 2
0 0.245 0.445 0 2
0 0.245 0.455 0 2
0 0.245 0.465 0 2
0 0.255 -0.455 0 2
0 0.255 -0.445 0 2
0 0.255 -0.435 0 1
0 0.255 -0.425 0 1
0 0.255 -0.415 0 1
0 0.255 -0.405 0 1
0 0.255 -0.395 0.0001020816014 1
0 0.255 -0.385 0.0002534132675 1
0 0.255 -0.375 0.0004743708952 1
0 0.255 -0.365 0.0007789255036 2
0 0.255 -0.355 0.001163509227 2
0 0.255 -0.345 0.001596195162 2
0 0.255 -0.335 0.002042134268 2
0 0.255 -0.325 0.002493929997 2
0 0.255 -0.315 0.00293724165 2
0 0.255 -0.305 0.003359685977 2
0 0.255 -0.295 0.003748643923 2
0 0.255 -0.285 0.004092148585 2
0 0.255 -0.275 0.004379040992 2
0 0.255 -0.265 0.004599306823 2
0 0.255 -0.255 0.004744272815 2
0 0.255 -0.245 0.004806975376 2
0 0.255 -0.235 0.004782302187 2
0 0.255 -0.225 0.004668507468 2
0 0.255 -0.215 0.004468821969 2
0 0.255 -0.205 0.004194251867 2
0 0.255 -0.195 0.003862004547 2
0 0.255 -0.185 0.003478383126 2
0 0.255 -0.175 0.003043377955 2
0 0.255 -0.165 0.002554912308 2
0 0.255 -0.155 0.002012403275 2
0 0.255 -0.145 0.001426955811 2
0 0.255 -0.135 0.0008181278846 2
0 0.255 -0.125 0.0002060791182 2
0 0.255 -0.115 -0.000405677604 2
0 0.255 -0.105 -0.0009959283827 2
0 0.255 -0.095 -0.001547335242 2
0 0.255 -0.085 -0.002070667088 2
0 0.255 -0.075 -0.002578056004 2
0 0.255 -0.065 -0.003054990161 2
0 0.255 -0.055 -0.003478691498 2
0 0.255 -0.045 -0.003864843559 2
0 0.255 -0.035 -0.004204755192 2
0 0.255 -0.025 -0.004487400552 2
0 0.255 -0.015 -0.004702611474 2
0 0.255 -0.005 -0.004837206838 2
0 0.255 0.005 -0.004888228178 2
0 0.255 0.015 -0.004852283216 2
0 0.255 0.025 -0.004726886786 2
0 0.255 0.035 -0.004510543953 2
0 0.255 0.045 -0.004203796833 2
0 0.255 0.055 -0.003810229042 2
0 0.255 0.065 -0.003336856329 2
0 0.255 0.075 -0.002793855888 2
0 0.255 0.085 -0.002193523516 2
0 0.255 0.095 -0.001549519514 2
0 0.255 0.105 -0.0008760773078 2
0 0.255 0.115 -0.0001875147938 2
0 0.255 0.125 0.0005022515635 2
0 0.255 0.135 0.001180090912 2
0 0.255 0.145 0.00183402332 2
0 0.255 0.155 0.002453436538 2
0 0.255 0.165 0.003029106722 2
0 0.255 0.175 0.003552963809 2
0 0.255 0.185 0.004017597813 2
0 0.255 0.195 0.004415879158 2
0 0.255 0.205 0.00474092967 2
0 0.255 0.215 0.004986649351 2
0 0.255 0.225 0.005148392842 2
0 0.255 0.235 0.005223500425 2
0 0.255 0.245 0.00521155675 2
0 0.255 0.255 0.005114425378 2
0 0.255 0.265 0.004936149007 2
0 0.255 0.275 0.004682804445 2
0 0.255 0.285 0.004362344631 2
0 0.255 0.295 0.003984487013 2
0 0.255 0.305 0.0035606388 2
0 0.255 0.315 0.003103728969 2
0 0.255 0.325 0.002628566576 2
0 0.255 0.335 0.00215151861 2
0 0.255 0.345 0.00169137796 2
0 0.255 0.355 0.001265540363 2
0 0.255 0.365 0.0008870147189 2
0 0.255 0.375 0.0005639625258 2
0 0.255 0.385 0.0003025660076 2
0 0.255 0.395 0.000114524781 2
0 0.255 0.405 0 2
0 0.255 0.415 0 2
0 0.255 0.425 0 2
0 0.255 0.435 0 2
0 0.255 0.445 0 2
0 0.255 0.455 0 2
0 0.255 0.465 0 2
0 0.265 -0.455 0 2
0 0.265 -0.445 0 2
0 0.265 -0.435 0 1
0 0.265 -0.425 0 1
0 0.265 -0.415 0 1
0 0.265 -0.405 0 1
0 0.265 -0.395 0.0001070930692 1
0 0.265 -0.385 0.0002574243307 1
0 0.265 -0.375 0.0004722075671 1
0 0.265 -0.365 0.0007726688544 2
0 0.265 -0.355 0.001155348038 2
0 0.265 -0.345 0.00158391418 2
0 0.265 -0.335 0.002022172603 2
0 0.265 -0.325 0.002463733146 2
0 0.265 -0.315 0.002895108607 2
0 0.265 -0.305 0.003304487573 2
0 0.265 -0.295 0.003679969311 2
0 0.265 -0.285 0.004010316593 2
0 0.265 -0.275 0.004285089311 2
0 0.265 -0.265 0.004494833931 2
0 0.265 -0.255 0.004631170599 2
0 0.265 -0.245 0.004687027012 2
0 0.265 -0.235 0.004656441766 2
0 0.265 -0.225 0.004536309676 2
0 0.265 -0.215 0.004325660213 2
0 0.265 -0.205 0.004039835187 2
0 0.265 -0.195 0.003714857439 2
0 0.265 -0.185 0.003353662911 2
0 0.265 -0.175 0.002948959168 2
0 0.265 -0.165 0.002492273409 2
0 0.265 -0.155 0.001970117064 2
0 0.265 -0.145 0.001397586507 2
0 0.265 -0.135 0.0007967434675 2
0 0.265 -0.125 0.0001914246052 2
0 0.265 -0.115 -0.0003999517856 2
0 0.265 -0.105 -0.0009678042727 2
0 0.265 -0.095 -0.001504795659 2
0 0.265 -0.085 -0.002018317285 2
0 0.265 -0.075 -0.002506587672 2
0 0.265 -0.065 -0.002958374411 2
0 0.265 -0.055 -0.003363932242 2
0 0.265 -0.045 -0.003743659081 2
0 0.265 -0.035 -0.004084182471 2
0 0.265 -0.025 -0.00435832605 2
0 0.265 -0.015 -0.004557514831 2
0 0.265 -0.005 -0.004680472967 2
0 0.265 0.005 -0.004726207465 2
0 0.265 0.015 -0.00469291637 2
0 0.265 0.025 -0.004577208919 2
0 0.265 0.035 -0.004373962237 2
0 0.265 0.045 -0.00408149408 2
0 0.265 0.055 -0.003701905432 2
0 0.265 0.065 -0.003241889682 2
0 0.265 0.075 -0.002712249338 2
0 0.265 0.085 -0.002125830785 2
0 0.265 0.095 -0.001496858828 2
0 0.265 0.105 -0.0008398186 2
0 0.265 0.115 -0.0001691212393 2
0 0.265 0.125 0.000501392496 2
0 0.265 0.135 0.001158813941 2
0 0.265 0.145 0.00179165318 2
0 0.265 0.155 0.002390131088 2
0 0.265 0.165 0.002946236938 2
0 0.265 0.175 0.003453365428 2
0 0.265 0.185 0.003905292127 2
0 0.265 0.195 0.004295342459 2
0 0.265 0.205 0.004616164265 2
0 0.265 0.215 0.004860752581 2
0 0.265 0.225 0.005023631406 2
0 0.265 0.235 0.005101628795 2
0 0.265 0.245 0.005094122586 2
0 0.265 0.255 0.005002952631 2
0 0.265 0.265 0.004832200333 2
0 0.265 0.275 0.004587966305 2
0 0.265 0.285 0.004278184183 2
0 0.265 0.295 0.003912476335 2
0 0.265 0.305 0.003502066099 2
0 0.265 0.315 0.003059627352 2
0 0.265 0.325 0.002599367523 2
0 0.265 0.335 0.002136717253 2
0 0.265 0.345 0.001688118177 2
0 0.265 0.355 0.001269072445 2
0 0.265 0.365 0.0008924451338 2
0 0.265 0.375 0.0005686038085 2
0 0.265 0.385 0.0003055505875 2
0 0.265 0.395 0.0001157846151 2
0 0.265 0.405 0 2
0 0.265 0.415 0 2
0 0.265 0.425 0 2
0 0.265 0.435 0 2
0 0.265 0.445 0 2
0 0.265 0.455 0 2
0 0.265 0.465 0 2
0 0.275 -0.455 0 2
0 0.275 -0.445 0 2
0 0.275 -0.435 0 1
0 0.275 -0.425 0 1
0 0.275 -0.415 0 1
0 0.275 -0.405 0 1
0 0.275 -0.395 0.0001123225265 1
0 0.275 -0.385 0.0002615318703 1
0 0.275 -0.375 0.0004704443415 1
0 0.275 -0.365 0.000765542995 2
0 0.275 -0.355 0.001144275676 2
0 0.275 -0.345 0.001567174952 2
0 0.275 -0.335 0.00199555641 2
0 0.275 -0.325 0.002424889722 2
0 0.275 -0.315 0.002842559719 2
0 0.275 -0.305 0.003237409721 2
0 0.275 -0.295 0.003598259444 2
0 0.275 -0.285 0.003914586473 2
0 0.275 -0.275 0.004176711224 2
0 0.275 -0.265 0.00437583444 2
0 0.275 -0.255 0.004504120656 2
0 0.275 -0.245 0.004554295673 2
0 0.275 -0.235 0.004519533016 2
0 0.275 -0.225 0.00439642587 2
0 0.275 -0.215 0.004180252853 2
0 0.275 -0.205 0.003887813373 2
0 0.275 -0.195 0.003575940695 2
0 0.275 -0.185 0.003232960833 2
0 0.275 -0.175 0.002850026285 2
0 0.275 -0.165 0.002423173175 2
0 0.275 -0.155 0.001927772399 2
0 0.275 -0.145 0.001368626297 2
0 0.275 -0.135 0.0007768120756 2
0 0.275 -0.125 0.0001891635881 2
0 0.275 -0.115 -0.0003762176544 2
0 0.275 -0.105 -0.0009238136558 2
0 0.275 -0.095 -0.001453929258 1
0 0.275 -0.085 -0.001961786944 1
0 0.275 -0.075 -0.002439191635 1
0 0.275 -0.065 -0.002878282281 1
0 0.275 -0.055 -0.003264157489 1
0 0.275 -0.045 -0.003623836035 2
0 0.275 -0.035 -0.003955854242 2
0 0.275 -0.025 -0.004219243733 2
0 0.275 -0.015 -0.004402605415 2
0 0.275 -0.005 -0.004513470926 2
0 0.275 0.005 -0.004553002343 2
0 0.275 0.015 -0.004522262355 2
0 0.275 0.025 -0.004417794448 2
0 0.275 0.035 -0.004229270078 2
0 0.275 0.045 -0.003952641304 2
0 0.275 0.055 -0.003587505722 2
0 0.275 0.065 -0.003140208751 2
0 0.275 0.075 -0.002623309995 2
0 0.275 0.085 -0.002050623202 2
0 0.275 0.095 -0.001437135036 2
0 0.275 0.105 -0.0007974136258 2
0 0.275 0.115 -0.0001459355493 2
0 0.275 0.125 0.0005035246565 2
0 0.275 0.135 0.001138191502 2
0 0.275 0.145 0.001747029827 2
0 0.275 0.155 0.002321154493 2
0 0.275 0.165 0.002854081331 2
0 0.275 0.175 0.003341404093 2
0 0.275 0.185 0.003778756972 2
0 0.275 0.195 0.004160136904 2
0 0.275 0.205 0.004477130746 2
0 0.275 0.215 0.004721127569 2
0 0.275 0.225 0.004885458096 2
0 0.275 0.235 0.004966417252 2
0 0.275 0.245 0.00496332153 2
0 0.275 0.255 0.004878146531 2
0 0.275 0.265 0.004715115362 2
0 0.275 0.275 0.004480388559 2
0 0.275 0.285 0.004181855416 2
0 0.275 0.295 0.003828986208 2
0 0.275 0.305 0.003432725029 2
0 0.275 0.315 0.003005367846 2
0 0.275 0.325 0.002560439663 2
0 0.275 0.335 0.002112348643 2
0 0.275 0.345 0.001675909122 2
0 0.275 0.355 0.001265354107 2
0 0.275 0.365 0.0008933349483 2
0 0.275 0.375 0.0005712778559 2
0 0.275 0.385 0.0003083415719 2
0 0.275 0.395 0.0001179207162 2
0 0.275 0.405 0 2
0 0.275 0.415 0 2
0 0.275 0.425 0 2
0 0.275 0.435 0 2
0 0.275 0.445 0 2
0 0.275 0.455 0 2
0 0.275 0.465 0 2
0 0.285 -0.455 0 2
0 0.285 -0.445 0 2
0 0.285 -0.435 0 1
0 0.285 -0.425 0 1
0 0.285 -0.415 0 1
0 0.285 -0.405 0 1
0 0.285 -0.395 0.0001147582949 1
0 0.285 -0.385 0.0002632371435 1
0 0.285 -0.375 0.0004697940371 1
0 0.285 -0.365 0.0007610194016 2
0 0.285 -0.355 0.001133235584 2
0 0.285 -0.345 0.001546333354 2
0 0.285 -0.335 0.001962424663 2
0 0.285 -0.325 0.002377461964 2
0 0.285 -0.315 0.002779711057 2
0 0.285 -0.305 0.00315858799 2
0 0.285 -0.295 0.003503564915 2
0 0.285 -0.285 0.003804801259 2
0 0.285 -0.275 0.004053418092 2
0 0.285 -0.265 0.004241400865 2
0 0.285 -0.255 0.004361825676 2
0 0.285 -0.245 0.004407131522 2
0 0.285 -0.235 0.004370520167 2
0 0.285 -0.225 0.004241510155 2
0 0.285 -0.215 0.004021767306 2
0 0.285 -0.205 0.003738651409 1
0 0.285 -0.195 0.003448339607 1
0 0.285 -0.185 0.00312135181 1
0 0.285 -0.175 0.002750961076 1
0 0.285 -0.165 0.002342727179 2
0 0.285 -0.155 0.001873978946 2
0 0.285 -0.145 0.001338350715 2
0 0.285 -0.135 0.0007664742322 2
0 0.285 -0.125 0.000203153336 2
0 0.285 -0.115 -0.0003456912877 1
0 0.285 -0.105 -0.0008873976093 1
0 0.285 -0.095 -0.001414261528 1
0 0.285 -0.085 -0.001911545151 1
0 0.285 -0.075 -0.002377215489 1
0 0.285 -0.065 -0.002805450815 1
0 0.285 -0.055 -0.003179416283 1
0 0.285 -0.045 -0.003505252197 1
0 0.285 -0.035 -0.003818694223 2
0 0.285 -0.025 -0.004062279832 2
0 0.285 -0.015 -0.004231293289 2
0 0.285 -0.005 -0.004331027223 2
0 0.285 0.005 -0.004363512374 2
0 0.285 0.015 -0.00433742621 2
0 0.285 0.025 -0.004251482242 2
0 0.285 0.035 -0.004078907835 2
0 0.285 0.045 -0.003817466489 2
0 0.285 0.055 -0.003466977675 2
0 0.285 0.065 -0.00303103311 2
0 0.285 0.075 -0.002526036809 2
0 0.285 0.085 -0.001966949565 2
0 0.285 0.095 -0.001369556984 2
0 0.285 0.105 -0.0007481519387 2
0 0.285 0.115 -0.0001172194452 2
0 0.285 0.125 0.0005095753039 2
0 0.285 0.135 0.00111942942 2
0 0.285 0.145 0.00170159573 2
0 0.285 0.155 0.002247746751 2
0 0.285 0.165 0.002753017613 2
0 0.285 0.175 0.003216571257 2
0 0.285 0.185 0.003637311961 2
0 0.285 0.195 0.004010495913 2
0 0.285 0.205 0.004325178255 2
0 0.285 0.215 0.004569718617 2
0 0.285 0.225 0.004735829357 2
0 0.285 0.235 0.004819532585 2
0 0.285 0.245 0.004820487013 2
0 0.285 0.255 0.004741063022 2
0 0.285 0.265 0.004585733559 2
0 0.285 0.275 0.004360736221 2
0 0.285 0.285 0.004073871319 2
0 0.285 0.295 0.00373438351 2
0 0.285 0.305 0.0033528512 2
0 0.285 0.315 0.002941051945 2
0 0.285 0.325 0.002511776484 2
0 0.285 0.335 0.002078507568 2
0 0.285 0.345 0.001654965119 2
0 0.285 0.355 0.001254529144 2
0 0.285 0.365 0.0008895652743 2
0 0.285 0.375 0.0005718464567 2
0 0.285 0.385 0.0003109864307 2
0 0.285 0.395 0.000120926436 2
0 0.285 0.405 0 2
0 0.285 0.415 0 2
0 0.285 0.425 0 2
0 0.285 0.435 0 2
0 0.285 0.445 0 2
0 0.285 0.455 0 2
0 0.285 0.465 0 2
0 0.295 -0.455 0 2
0 0.295 -0.445 0 2
0 0.295 -0.435 0 1
0 0.295 -0.425 0 1
0 0.295 -0.415 0 1
0 0.295 -0.405 0 1
0 0.295 -0.395 0.0001162186448 1
0 0.295 -0.385 0.0002647207513 1
0 0.295 -0.375 0.00047058249 1
0 0.295 -0.365 0.00075844261 2
0 0.295 -0.355 0.001122147825 2
0 0.295 -0.345 0.001521813851 2
0 0.295 -0.335 0.001922832327 2
0 0.295 -0.325 0.002321425277 2
0 0.295 -0.315 0.002706666132 2
0 0.295 -0.305 0.003068229873 2
0 0.295 -0.295 0.003396085957 2
0 0.295 -0.285 0.003680998574 2
0 0.295 -0.275 0.003914893672 2
0 0.295 -0.265 0.004090685656 2
0 0.295 -0.255 0.004202597092 2
0 0.295 -0.245 0.004243267687 2
0 0.295 -0.235 0.004208415517 2
0 0.295 -0.225 0.004076754158 2
0 0.295 -0.215 0.003856387166 2
0 0.295 -0.205 0.003610500349 1
0 0.295 -0.195 0.003340890465 1
0 0.295 -0.185 0.003028688008 1
0 0.295 -0.175 0.002673937156 1
0 0.295 -0.165 0.002267533691 1
0 0.295 -0.155 0.001815050934 2
0 0.295 -0.145 0.001306821475 2
0 0.295 -0.135 0.0007614695186 2
0 0.295 -0.125 0.0002133950866 1
0 0.295 -0.115 -0.0003253275252 1
0 0.295 -0.105 -0.0008560422164 1
0 0.295 -0.095 -0.001371239814 1
0 0.295 -0.085 -0.001859909738 1
0 0.295 -0.075 -0.002315527397 1
0 0.295 -0.065 -0.002731808106 1
0 0.295 -0.055 -0.003096103718 1
0 0.295 -0.045 -0.003406394228 1
0 0.295 -0.035 -0.003680336824 2
0 0.295 -0.025 -0.003904716094 2
0 0.295 -0.015 -0.004067063461 2
0 0.295 -0.005 -0.004158710828 2
0 0.295 0.005 -0.004183541291 2
0 0.295 0.015 -0.004150892376 2
0 0.295 0.025 -0.004069126795 2
0 0.295 0.035 -0.003911673372 2
0 0.295 0.045 -0.003678046539 2
0 0.295 0.055 -0.003341641229 2
0 0.295 0.065 -0.002911816228 2
0 0.295 0.075 -0.002418476292 2
0 0.295 0.085 -0.001873571423 2
0 0.295 0.095 -0.001293417068 2
0 0.295 0.105 -0.0006915772364 2
0 0.295 0.115 -8.244208305e-05 2
0 0.295 0.125 0.0005202662801 2
0 0.295 0.135 0.001103193562 2
0 0.295 0.145 0.001655905014 2
0 0.295 0.155 0.002170630694 2
0 0.295 0.165 0.002643902575 2
0 0.295 0.175 0.003079929404 2
0 0.295 0.185 0.00348223069 2
0 0.295 0.195 0.003848449687 2
0 0.295 0.205 0.00416289804 2
0 0.295 0.215 0.004408959556 2
0 0.295 0.225 0.004576680902 2
0 0.295 0.235 0.004662385421 2
0 0.295 0.245 0.004666611569 2
0 0.295 0.255 0.004592422748 2
0 0.295 0.265 0.00444460954 2
0 0.295 0.275 0.004229456069 2
0 0.295 0.285 0.003954596021 2
0 0.295 0.295 0.003628962748 2
0 0.295 0.305 0.003262686963 2
0 0.295 0.315 0.002866967011 2
0 0.295 0.325 0.00245386868 2
0 0.295 0.335 0.00203604188 2
0 0.295 0.345 0.001626340326 2
0 0.295 0.355 0.001237452835 2
0 0.295 0.365 0.0008813879834 2
0 0.295 0.375 0.0005699075467 2
0 0.295 0.385 0.0003126835135 2
0 0.295 0.395 0.0001239268418 2
0 0.295 0.405 0 2
0 0.295 0.415 0 2
0 0.295 0.425 0 2
0 0.295 0.435 0 2
0 0.295 0.445 0 2
0 0.295 0.455 0 2
0 0.295 0.465 0 2
0 0.305 -0.455 0 2
0 0.305 -0.445 0 2
0 0.305 -0.435 0 2
0 0.305 -0.425 0 1
0 0.305 -0.415 0 1
0 0.305 -0.405 0 1
0 0.305 -0.395 0.0001172312591 1
0 0.305 -0.385 0.0002652871587 1
0 0.305 -0.375 0.000472320946 1
0 0.305 -0.365 0.0007598827354 2
0 0.305 -0.355 0.001113002474 2
0 0.305 -0.345 0.001492627912 2
0 0.305 -0.335 0.001876107758 2
0 0.305 -0.325 0.002256540356 2
0 0.305 -0.315 0.00262353315 2
0 0.305 -0.305 0.002966712779 2
0 0.305 -0.295 0.003276337777 2
0 0.305 -0.285 0.003543660359 2
0 0.305 -0.275 0.003761387403 2
0 0.305 -0.265 0.003923517582 2
0 0.305 -0.255 0.004025458657 2
0 0.305 -0.245 0.004061371606 2
0 0.305 -0.235 0.004028469331 2
0 0.305 -0.225 0.003905641943 2
0 0.305 -0.215 0.003694659038 1
0 0.305 -0.205 0.003485368332 1
0 0.305 -0.195 0.003235319968 1
0 0.305 -0.185 0.002939352003 1
0 0.305 -0.175 0.002600998897 1
0 0.305 -0.165 0.002211060848 1
0 0.305 -0.155 0.001765922588 1
0 0.305 -0.145 0.00127596745 2
0 0.305 -0.135 0.0007489275555 1
0 0.305 -0.125 0.000219923773 1
0 0.305 -0.115 -0.0003016300214 1
0 0.305 -0.105 -0.0008146584263 1
0 0.305 -0.095 -0.001317081922 1
0 0.305 -0.085 -0.001799009625 1
0 0.305 -0.075 -0.002247250683 1
0 0.305 -0.065 -0.002652912796 1
0 0.305 -0.055 -0.003007322446 1
0 0.305 -0.045 -0.003303279825 1
0 0.305 -0.035 -0.00354237763 1
0 0.305 -0.025 -0.003749468307 1
0 0.305 -0.015 -0.003905779963 1
0 0.305 -0.005 -0.00399129081 1
0 0.305 0.005 -0.004013071644 1
0 0.305 0.015 -0.003972632066 1
0 0.305 0.025 -0.003880311349 2
0 0.305 0.035 -0.003732565759 2
0 0.305 0.045 -0.003529505588 2
0 0.305 0.055 -0.00320289744 2
0 0.305 0.065 -0.00277846871 2
0 0.305 0.075 -0.002298156182 2
0 0.305 0.085 -0.001769486746 2
0 0.305 0.095 -0.001208496868 2
0 0.305 0.105 -0.0006278870801 2
0 0.305 0.115 -4.201189543e-05 2
0 0.305 0.125 0.0005349589572 2
0 0.305 0.135 0.001088426968 2
0 0.305 0.145 0.001611662612 2
0 0.305 0.155 0.002094461218 2
0 0.305 0.165 0.002528524182 2
0 0.305 0.175 0.002927301516 2
0 0.305 0.185 0.003306836738 2
0 0.305 0.195 0.003673092177 2
0 0.305 0.205 0.003993443127 2
0 0.305 0.215 0.004241777041 2
0 0.305 0.225 0.004409658032 2
0 0.305 0.235 0.004495799264 2
0 0.305 0.245 0.004502107334 2
0 0.305 0.255 0.00443250667 2
0 0.305 0.265 0.004291989753 2
0 0.305 0.275 0.004086796907 2
0 0.305 0.285 0.003824285704 2
0 0.305 0.295 0.003512988409 2
0 0.305 0.305 0.003162518379 2
0 0.305 0.315 0.002783457396 2
0 0.305 0.325 0.002387164906 2
0 0.305 0.335 0.001985533034 2
0 0.305 0.345 0.001590671453 2
0 0.305 0.355 0.001214645447 2
0 0.305 0.365 0.0008690391125 2
0 0.305 0.375 0.0005653814679 2
0 0.305 0.385 0.0003131384006 2
0 0.305 0.395 0.0001265758881 2
0 0.305 0.405 0 2
0 0.305 0.415 0 2
0 0.305 0.425 0 2
0 0.305 0.435 0 2
0 0.305 0.445 0 2
0 0.305 0.455 0 2
0 0.305 0.465 0 2
0 0.315 -0.455 0 2
0 0.315 -0.445 0 2
0 0.315 -0.435 0 2
0 0.315 -0.425 0 1
0 0.315 -0.415 0 1
0 0.315 -0.405 0 1
0 0.315 -0.395 0.0001211579332 1
0 0.315 -0.385 0.0002704555396 1
0 0.315 -0.375 0.0004792318666 1
0 0.315 -0.365 0.000763033907 2
0 0.315 -0.355 0.001099107541 2
0 0.315 -0.345 0.001456578954 2
0 0.315 -0.335 0.001820969959 2
0 0.315 -0.325 0.002182401633 2
0 0.315 -0.315 0.002530481406 2
0 0.315 -0.305 0.002854637351 2
0 0.315 -0.295 0.003145211854 2
0 0.315 -0.285 0.003393818418 2
0 0.315 -0.275 0.003593964098 2
0 0.315 -0.265 0.003740927844 2
0 0.315 -0.255 0.003831325242 2
0 0.315 -0.245 0.003862422996 2
0 0.315 -0.235 0.003830247774 2
0 0.315 -0.225 0.003730429366 2
0 0.315 -0.215 0.003560059675 1
0 0.315 -0.205 0.003356890239 1
0 0.315 -0.195 0.003120259587 1
0 0.315 -0.185 0.002842548063 1
0 0.315 -0.175 0.002519905822 1
0 0.315 -0.165 0.002150393162 1
0 0.315 -0.155 0.001725366368 1
0 0.315 -0.145 0.001247981444 1
0 0.315 -0.135 0.0007447199151 1
0 0.315 -0.125 0.0002378994528 1
0 0.315 -0.115 -0.000266677598 1
0 0.315 -0.105 -0.0007691854889 1
0 0.315 -0.095 -0.001263112208 1
0 0.315 -0.085 -0.001735618158 1
0 0.315 -0.075 -0.002173974135 1
0 0.315 -0.065 -0.002567129786 1
0 0.315 -0.055 -0.002907778597 1
0 0.315 -0.045 -0.003191791131 1
0 0.315 -0.035 -0.003422236419 1
0 0.315 -0.025 -0.003613396924 1
0 0.315 -0.015 -0.003756078057 1
0 0.315 -0.005 -0.003836160216 1
0 0.315 0.005 -0.003857169531 1
0 0.315 0.015 -0.003813197852 1
0 0.315 0.025 -0.003698868082 1
0 0.315 0.035 -0.003550947129 1
0 0.315 0.045 -0.003360809316 2
0 0.315 0.055 -0.003041962811 2
0 0.315 0.065 -0.002628571274 2
0 0.315 0.075 -0.002164012821 2
0 0.315 0.085 -0.001654774974 2
0 0.315 0.095 -0.00111550839 2
0 0.315 0.105 -0.000558319548 2
0 0.315 0.115 2.295903375e-06 2
0 0.315 0.125 0.0005541822043 2
0 0.315 0.135 0.001078032987 2
0 0.315 0.145 0.00156227198 2
0 0.315 0.155 0.002006986554 2
0 0.315 0.165 0.002407870822 2
0 0.315 0.175 0.002782361526 2
0 0.315 0.185 0.003137721719 2
0 0.315 0.195 0.003493217111 2
0 0.315 0.205 0.003818066632 2
0 0.315 0.215 0.004068819771 2
0 0.315 0.225 0.004234877801 2
0 0.315 0.235 0.004319544181 2
0 0.315 0.245 0.004326669269 2
0 0.315 0.255 0.00426114639 2
0 0.315 0.265 0.004127860878 2
0 0.315 0.275 0.00393287438 2
0 0.315 0.285 0.00368315265 2
0 0.315 0.295 0.003386747073 2
0 0.315 0.305 0.003052702997 2
0 0.315 0.315 0.00269096607 2
0 0.315 0.325 0.002312206161 2
0 0.315 0.335 0.001927604133 2
0 0.315 0.345 0.001548583824 2
0 0.315 0.355 0.001186606911 2
0 0.315 0.365 0.0008527771558 2
0 0.315 0.375 0.0005582545826 2
0 0.315 0.385 0.0003121423199 2
0 0.315 0.395 0.0001286159936 2
0 0.315 0.405 0 2
0 0.315 0.415 0 2
0 0.315 0.425 0 2
0 0.315 0.435 0 2
0 0.315 0.445 0 2
0 0.315 0.455 0 2
0 0.315 0.465 0 2
0 0.325 -0.455 0 2
0 0.325 -0.445 0 2
0 0.325 -0.435 0 2
0 0.325 -0.425 0 2
0 0.325 -0.415 0 1
0 0.325 -0.405 0 1
0 0.325 -0.395 0.000125807243 1
0 0.325 -0.385 0.0002764113856 1
0 0.325 -0.375 0.0004847419301 2
0 0.325 -0.365 0.00075836713 2
0 0.325 -0.355 0.001074221702 2
0 0.325 -0.345 0.001411305213 2
0 0.325 -0.335 0.001756247153 2
0 0.325 -0.325 0.002098673211 2
0 0.325 -0.315 0.002427798905 2
0 0.325 -0.305 0.002732797641 2
0 0.325 -0.295 0.003003962736 2
0 0.325 -0.285 0.003233086225 2
0 0.325 -0.275 0.003414526566 2
0 0.325 -0.265 0.003544960739 2
0 0.325 -0.255 0.003622515084 2
0 0.325 -0.245 0.00364903696 2
0 0.325 -0.235 0.003619350352 2
0 0.325 -0.225 0.003545495901 2
0 0.325 -0.215 0.003420453935 1
0 0.325 -0.205 0.003223739331 1
0 0.325 -0.195 0.003002230101 1
0 0.325 -0.185 0.002745093547 1
0 0.325 -0.175 0.002437989886 1
0 0.325 -0.165 0.002084848069 1
0 0.325 -0.155 0.001680176991 1
0 0.325 -0.145 0.001230088217 1
0 0.325 -0.135 0.0007528472474 1
0 0.325 -0.125 0.0002638925083 1
0 0.325 -0.115 -0.0002283358924 1
0 0.325 -0.105 -0.0007206719721 1
0 0.325 -0.095 -0.001203442746 1
0 0.325 -0.085 -0.001667744666 1
0 0.325 -0.075 -0.002096820165 1
0 0.325 -0.065 -0.002476929592 1
0 0.325 -0.055 -0.002804676434 1
0 0.325 -0.045 -0.003079481622 1
0 0.325 -0.035 -0.003304563165 1
0 0.325 -0.025 -0.003484135145 1
0 0.325 -0.015 -0.003614293131 1
0 0.325 -0.005 -0.003688223098 1
0 0.325 0.005 -0.003704372923 1
0 0.325 0.015 -0.003656492409 1
0 0.325 0.025 -0.003545740613 1
0 0.325 0.035 -0.003391845602 1
0 0.325 0.045 -0.003181468595 2
0 0.325 0.055 -0.002863022984 2
0 0.325 0.065 -0.002463466511 2
0 0.325 0.075 -0.002017676718 2
0 0.325 0.085 -0.001531299523 2
0 0.325 0.095 -0.001016646614 2
0 0.325 0.105 -0.0004853341713 2
0 0.325 0.115 5.065913987e-05 2
0 0.325 0.125 0.0005737979117 2
0 0.325 0.135 0.001060765073 2
0 0.325 0.145 0.001501566127 2
0 0.325 0.155 0.001912679775 2
0 0.325 0.165 0.002293420876 1
0 0.325 0.175 0.002652089031 1
0 0.325 0.185 0.002982640242 1
0 0.325 0.195 0.003315457529 2
0 0.325 0.205 0.003640643082 2
0 0.325 0.215 0.00389005122 2
0 0.325 0.225 0.004050086228 2
0 0.325 0.235 0.004132077168 2
0 0.325 0.245 0.004139415849 2
0 0.325 0.255 0.004077895376 2
0 0.325 0.265 0.003952103325 2
0 0.325 0.275 0.00376779185 2
0 0.325 0.285 0.003531452004 2
0 0.325 0.295 0.003250598662 2
0 0.325 0.305 0.00293367984 2
0 0.325 0.315 0.00258999868 2
0 0.325 0.325 0.002229551591 2
0 0.325 0.335 0.001862838484 2
0 0.325 0.345 0.001500626506 2
0 0.325 0.355 0.001153775649 2
0 0.325 0.365 0.0008328664656 2
0 0.325 0.375 0.0005486027676 2
0 0.325 0.385 0.0003096320881 2
0 0.325 0.395 0.0001299355563 2
0 0.325 0.405 0 2
0 0.325 0.415 0 2
0 0.325 0.425 0 2
0 0.325 0.435 0 2
0 0.325 0.445 0 2
0 0.325 0.455 0 2
0 0.325 0.465 0 2
0 0.335 -0.455 0 2
0 0.335 -0.445 0 2
0 0.335 -0.435 0 2
0 0.335 -0.425 0 2
0 0.335 -0.415 0 2
0 0.335 -0.405 0 2
0 0.335 -0.395 0.0001187974962 2
0 0.335 -0.385 0.0002709898839 2
0 0.335 -0.375 0.0004816292852 2
0 0.335 -0.365 0.0007417271127 2
0 0.335 -0.355 0.001037866183 2
0 0.335 -0.345 0.00135555541 2
0 0.335 -0.335 0.001681465975 2
0 0.335 -0.325 0.0020052742 2
0 0.335 -0.315 0.002315896438 2
0 0.335 -0.305 0.002602149941 2
0 0.335 -0.295 0.002853937754 2
0 0.335 -0.285 0.003062804817 2
0 0.335 -0.275 0.003224610701 2
0 0.335 -0.265 0.003338161053 2
0 0.335 -0.255 0.003403101295 2
0 0.335 -0.245 0.003426872428 2
0 0.335 -0.235 0.003406531827 2
0 0.335 -0.225 0.003348310266 2
0 0.335 -0.215 0.003250093282 2
0 0.335 -0.205 0.003082287367 1
0 0.335 -0.195 0.002886195489 1
0 0.335 -0.185 0.002646622546 1
0 0.335 -0.175 0.002356464872 1
0 0.335 -0.165 0.002018853016 1
0 0.335 -0.155 0.001635701558 1
0 0.335 -0.145 0.001213710709 1
0 0.335 -0.135 0.0007623113196 1
0 0.335 -0.125 0.0002908214397 1
0 0.335 -0.115 -0.0001900745102 1
0 0.335 -0.105 -0.0006670878142 1
0 0.335 -0.095 -0.001135473167 1
0 0.335 -0.085 -0.001596695099 1
0 0.335 -0.075 -0.002020875373 1
0 0.335 -0.065 -0.002384463177 1
0 0.335 -0.055 -0.002696293386 1
0 0.335 -0.045 -0.002959397792 1
0 0.335 -0.035 -0.003176292848 1
0 0.335 -0.025 -0.003347400799 1
0 0.335 -0.015 -0.003468693815 1
0 0.335 -0.005 -0.003535646939 1
0 0.335 0.005 -0.003545627497 1
0 0.335 0.015 -0.003497856884 1
0 0.335 0.025 -0.003396559716 1
0 0.335 0.035 -0.003236148402 1
0 0.335 0.045 -0.002999804981 2
0 0.335 0.055 -0.002674806342 2
0 0.335 0.065 -0.002287779711 2
0 0.335 0.075 -0.001862994306 2
0 0.335 0.085 -0.001402138325 2
0 0.335 0.095 -0.0009145374702 2
0 0.335 0.105 -0.000408558675 2
0 0.335 0.115 0.0001004853524 2
0 0.335 0.125 0.0005872679082 2
0 0.335 0.135 0.001030966549 2
0 0.335 0.145 0.001438384851 1
0 0.335 0.155 0.001828448815 1
0 0.335 0.165 0.002200024311 1
0 0.335 0.175 0.002540593924 1
0 0.335 0.185 0.002848571727 1
0 0.335 0.195 0.003140406147 1
0 0.335 0.205 0.003458247694 2
0 0.335 0.215 0.0036996446 2
0 0.335 0.225 0.003853000094 2
0 0.335 0.235 0.003931749871 2
0 0.335 0.245 0.003939531874 2
0 0.335 0.255 0.003882433976 2
0 0.335 0.265 0.003764746831 2
0 0.335 0.275 0.003591804633 2
0 0.335 0.285 0.003369585426 2
0 0.335 0.295 0.003105038134 2
0 0.335 0.305 0.00280600404 2
0 0.335 0.315 0.002481148064 2
0 0.335 0.325 0.002139809619 2
0 0.335 0.335 0.00179182922 2
0 0.335 0.345 0.001447333351 2
0 0.335 0.355 0.001116577092 2
0 0.335 0.365 0.0008095876049 2
0 0.335 0.375 0.0005365569517 2
0 0.335 0.385 0.000305624389 2
0 0.335 0.395 0.0001304979765 2
0 0.335 0.405 0 2
0 0.335 0.415 0 2
0 0.335 0.425 0 2
0 0.335 0.435 0 2
0 0.335 0.445 0 2
0 0.335 0.455 0 2
0 0.335 0.465 0 2
0 0.345 -0.455 0 2
0 0.345 -0.445 0 2
0 0.345 -0.435 0 2
0 0.345 -0.425 0 2
0 0.345 -0.415 0 2
0 0.345 -0.405 0 2
0 0.345 -0.395 0.0001125061916 2
0 0.345 -0.385 0.0002628092467 2
0 0.345 -0.375 0.000467465844 2
0 0.345 -0.365 0.0007139586936 2
0 0.345 -0.355 0.0009918245195 2
0 0.345 -0.345 0.001289815853 2
0 0.345 -0.335 0.001596821156 2
0 0.345 -0.325 0.001902254538 2
0 0.345 -0.315 0.002195013027 2
0 0.345 -0.305 0.002463291106 2
0 0.345 -0.295 0.002696003557 2
0 0.345 -0.285 0.002883696219 2
0 0.345 -0.275 0.003027213526 2
0 0.345 -0.265 0.003124314187 2
0 0.345 -0.255 0.003170793665 2
0 0.345 -0.245 0.003190746652 2
0 0.345 -0.235 0.003184499165 2
0 0.345 -0.225 0.003141918557 2
0 0.345 -0.215 0.003059185987 2
0 0.345 -0.205 0.002940877371 1
0 0.345 -0.195 0.002771107581 1
0 0.345 -0.185 0.002546552723 1
0 0.345 -0.175 0.002273187368 1
0 0.345 -0.165 0.001953063883 1
0 0.345 -0.155 0.001591000914 1
0 0.345 -0.145 0.001195238383 1
0 0.345 -0.135 0.0007700939814 1
0 0.345 -0.125 0.0003163136353 1
0 0.345 -0.115 -0.0001543019224 1
0 0.345 -0.105 -0.0006191933989 1
0 0.345 -0.095 -0.001070330053 1
0 0.345 -0.085 -0.001517770666 1
0 0.345 -0.075 -0.001929115502 1
0 0.345 -0.065 -0.002281777918 1
0 0.345 -0.055 -0.002586265112 1
0 0.345 -0.045 -0.00283430611 1
0 0.345 -0.035 -0.003039854618 1
0 0.345 -0.025 -0.003204166877 1
0 0.345 -0.015 -0.003318399699 1
0 0.345 -0.005 -0.00337885828 1
0 0.345 0.005 -0.00338307061 1
0 0.345 0.015 -0.003337226955 1
0 0.345 0.025 -0.003245304974 1
0 0.345 0.035 -0.003071911806 1
0 0.345 0.045 -0.002803657962 2
0 0.345 0.055 -0.002475069974 2
0 0.345 0.065 -0.002106209677 2
0 0.345 0.075 -0.001704308866 2
0 0.345 0.085 -0.001270667942 2
0 0.345 0.095 -0.0008112841733 2
0 0.345 0.105 -0.0003330646168 2
0 0.345 0.115 0.0001457905633 2
0 0.345 0.125 0.0005959713786 2
0 0.345 0.135 0.001004139516 1
0 0.345 0.145 0.00138945213 1
0 0.345 0.155 0.00175817286 1
0 0.345 0.165 0.002108645831 1
0 0.345 0.175 0.002431675565 1
0 0.345 0.185 0.002721626554 1
0 0.345 0.195 0.0029925353 1
0 0.345 0.205 0.003274084661 2
0 0.345 0.215 0.003497207895 2
0 0.345 0.225 0.00364363897 2
0 0.345 0.235 0.003718269275 2
0 0.345 0.245 0.003726990607 2
0 0.345 0.255 0.003674986138 2
0 0.345 0.265 0.003566216479 2
0 0.345 0.275 0.00340546959 2
0 0.345 0.285 0.003198190496 2
0 0.345 0.295 0.002950745522 2
0 0.345 0.305 0.002670370786 2
0 0.345 0.315 0.002365103359 2
0 0.345 0.325 0.002043642758 2
0 0.345 0.335 0.001715187945 2
0 0.345 0.345 0.001389236129 2
0 0.345 0.355 0.001075434857 2
0 0.345 0.365 0.0007832381669 2
0 0.345 0.375 0.0005222907274 2
0 0.345 0.385 0.0003001941304 2
0 0.345 0.395 0.0001303194321 2
0 0.345 0.405 0 2
0 0.345 0.415 0 2
0 0.345 0.425 0 2
0 0.345 0.435 0 2
0 0.345 0.445 0 2
0 0.345 0.455 0 2
0 0.345 0.465 0 2
0 0.355 -0.455 0 2
0 0.355 -0.445 0 2
0 0.355 -0.435 0 2
0 0.355 -0.425 0 2
0 0.355 -0.415 0 2
0 0.355 -0.405 0 2
0 0.355 -0.395 0.0001078878411 2
0 0.355 -0.385 0.0002533346733 2
0 0.355 -0.375 0.0004470213895 2
0 0.355 -0.365 0.0006775051993 2
0 0.355 -0.355 0.0009368390419 2
0 0.355 -0.345 0.001215116044 2
0 0.355 -0.335 0.001502540597 2
0 0.355 -0.325 0.001789373694 2
0 0.355 -0.315 0.002064691552 2
0 0.355 -0.305 0.002316056138 2
0 0.355 -0.295 0.002532329369 2
0 0.355 -0.285 0.002696740072 2
0 0.355 -0.275 0.002812507603 2
0 0.355 -0.265 0.002897924038 2
0 0.355 -0.255 0.002942247955 2
0 0.355 -0.245 0.002970654419 2
0 0.355 -0.235 0.002973592554 2
0 0.355 -0.225 0.002942054533 2
0 0.355 -0.215 0.002876729051 1
0 0.355 -0.205 0.002794542229 1
0 0.355 -0.195 0.002646939403 1
0 0.355 -0.185 0.002441646416 1
0 0.355 -0.175 0.002186666359 1
0 0.355 -0.165 0.00188402408 1
0 0.355 -0.155 0.001542549844 1
0 0.355 -0.145 0.001170878938 1
0 0.355 -0.135 0.0007683771283 1
0 0.355 -0.125 0.0003298341593 1
0 0.355 -0.115 -0.0001267904115 1
0 0.355 -0.105 -0.0005742251889 1
0 0.355 -0.095 -0.001005716301 1
0 0.355 -0.085 -0.00142220951 2
0 0.355 -0.075 -0.001811186634 2
0 0.355 -0.065 -0.002161343396 1
0 0.355 -0.055 -0.002462116855 1
0 0.355 -0.045 -0.002699267818 1
0 0.355 -0.035 -0.002899789581 1
0 0.355 -0.025 -0.003058865145 1
0 0.355 -0.015 -0.00316667015 1
0 0.355 -0.005 -0.003221468487 1
0 0.355 0.005 -0.003219543792 1
0 0.355 0.015 -0.003167303532 1
0 0.355 0.025 -0.003075708748 1
0 0.355 0.035 -0.002887072371 1
0 0.355 0.045 -0.002591361022 2
0 0.355 0.055 -0.002268994863 2
0 0.355 0.065 -0.00192335062 2
0 0.355 0.075 -0.001545771964 2
0 0.355 0.085 -0.001139890006 2
0 0.355 0.095 -0.0007070105958 2
0 0.355 0.105 -0.0002561182521 2
0 0.355 0.115 0.0001898889005 2
0 0.355 0.125 0.0006046119443 1
0 0.355 0.135 0.0009813867998 1
0 0.355 0.145 0.001340768684 1
0 0.355 0.155 0.001683673401 1
0 0.355 0.165 0.002010471349 1
0 0.355 0.175 0.002316652625 1
0 0.355 0.185 0.002594468268 1
0 0.355 0.195 0.002849379614 1
0 0.355 0.205 0.003093555974 2
0 0.355 0.215 0.003288877574 2
0 0.355 0.225 0.003423580991 2
0 0.355 0.235 0.003492852137 2
0 0.355 0.245 0.003502791681 2
0 0.355 0.255 0.00345649727 2
0 0.355 0.265 0.003357448604 2
0 0.355 0.275 0.003209719313 2
0 0.355 0.285 0.00301818501 2
0 0.355 0.295 0.002788610116 2
0 0.355 0.305 0.002527627161 2
0 0.355 0.315 0.002242656536 2
0 0.355 0.325 0.00194177453 2
0 0.355 0.335 0.001633554886 2
0 0.355 0.345 0.001326875992 2
0 0.355 0.355 0.001030777698 2
0 0.355 0.365 0.0007541290533 2
0 0.355 0.375 0.0005060040357 2
0 0.355 0.385 0.0002934501321 2
0 0.355 0.395 0.0001294458272 2
0 0.355 0.405 0 2
0 0.355 0.415 0 2
0 0.355 0.425 0 2
0 0.355 0.435 0 2
0 0.355 0.445 0 2
0 0.355 0.455 0 2
0 0.355 0.465 0 2
0 0.365 -0.455 0 2
0 0.365 -0.445 0 2
0 0.365 -0.435 0 2
0 0.365 -0.425 0 2
0 0.365 -0.415 0 2
0 0.365 -0.405 0 2
0 0.365 -0.395 0.000105436591 2
0 0.365 -0.385 0.0002418814305 2
0 0.365 -0.375 0.0004217735388 2
0 0.365 -0.365 0.0006350065339 2
0 0.365 -0.355 0.0008746589315 2
0 0.365 -0.345 0.001132071826 2
0 0.365 -0.335 0.001398676707 2
0 0.365 -0.325 0.001666028616 2
0 0.365 -0.315 0.001923540779 2
0 0.365 -0.305 0.002161052266 2
0 0.365 -0.295 0.002359353203 2
0 0.365 -0.285 0.002496584117 2
0 0.365 -0.275 0.00258903198 2
0 0.365 -0.265 0.002673828567 2
0 0.365 -0.255 0.002732231737 1
0 0.365 -0.245 0.002769865296 1
0 0.365 -0.235 0.002775084006 1
0 0.365 -0.225 0.00275404905 1
0 0.365 -0.215 0.002718989324 1
0 0.365 -0.205 0.00264419205 1
0 0.365 -0.195 0.002512394005 1
0 0.365 -0.185 0.002328911109 1
0 0.365 -0.175 0.002095098038 1
0 0.365 -0.165 0.001810124608 1
0 0.365 -0.155 0.001485791514 1
0 0.365 -0.145 0.001134657377 1
0 0.365 -0.135 0.0007517805935 1
0 0.365 -0.125 0.0003285506385 2
0 0.365 -0.115 -0.0001057526775 2
0 0.365 -0.105 -0.0005282524858 2
0 0.365 -0.095 -0.000933326144 2
0 0.365 -0.085 -0.001315043062 2
0 0.365 -0.075 -0.001683163598 2
0 0.365 -0.065 -0.002027933404 2
0 0.365 -0.055 -0.002317742261 2
0 0.365 -0.045 -0.002553746919 1
0 0.365 -0.035 -0.002748533489 1
0 0.365 -0.025 -0.002896882348 1
0 0.365 -0.015 -0.002996908074 1
0 0.365 -0.005 -0.003045502603 1
0 0.365 0.005 -0.003041104111 1
0 0.365 0.015 -0.002980564225 1
0 0.365 0.025 -0.002865569944 2
0 0.365 0.035 -0.002666943599 2
0 0.365 0.045 -0.002376332788 2
0 0.365 0.055 -0.002068055564 2
0 0.365 0.065 -0.001743612007 2
0 0.365 0.075 -0.001390368881 2
0 0.365 0.085 -0.001011530201 2
0 0.365 0.095 -0.0006063936515 2
0 0.365 0.105 -0.0001816776719 2
0 0.365 0.115 0.0002328538717 2
0 0.365 0.125 0.0006068842144 1
0 0.365 0.135 0.0009518880328 1
0 0.365 0.145 0.001284892006 1
0 0.365 0.155 0.001605596436 1
0 0.365 0.165 0.001912480399 1
0 0.365 0.175 0.002198236863 1
0 0.365 0.185 0.002462664103 1
0 0.365 0.195 0.002705868228 1
0 0.365 0.205 0.00291233315 2
0 0.365 0.215 0.003075204822 2
0 0.365 0.225 0.003194153674 2
0 0.365 0.235 0.003257310475 2
0 0.365 0.245 0.003268604529 2
0 0.365 0.255 0.003228503158 2
0 0.365 0.265 0.003139836485 2
0 0.365 0.275 0.003005835659 2
0 0.365 0.285 0.002830750525 2
0 0.365 0.295 0.002619716898 2
0 0.365 0.305 0.002378759468 2
0 0.365 0.315 0.002114691168 2
0 0.365 0.325 0.001834981025 2
0 0.365 0.335 0.001547593766 2
0 0.365 0.345 0.001260800095 2
0 0.365 0.355 0.0009830346383 2
0 0.365 0.365 0.0007225749004 2
0 0.365 0.375 0.0004879080332 2
0 0.365 0.385 0.0002855173637 2
0 0.365 0.395 0.0001279377672 2
0 0.365 0.405 0 2
0 0.365 0.415 0 2
0 0.365 0.425 0 2
0 0.365 0.435 0 2
0 0.365 0.445 0 2
0 0.365 0.455 0 2
0 0.365 0.465 0 2
0 0.375 -0.455 0 2
0 0.375 -0.445 0 2
0 0.375 -0.435 0 2
0 0.375 -0.425 0 2
0 0.375 -0.415 0 2
0 0.375 -0.405 0 2
0 0.375 -0.395 0.0001019465512 2
0 0.375 -0.385 0.0002272314577 2
0 0.375 -0.375 0.0003919390781 2
0 0.375 -0.365 0.0005871471121 2
0 0.375 -0.355 0.0008062622072 2
0 0.375 -0.345 0.001041542678 2
0 0.375 -0.335 0.001285647719 2
0 0.375 -0.325 0.001531729591 2
0 0.375 -0.315 0.001770138193 2
0 0.375 -0.305 0.001994784568 2
0 0.375 -0.295 0.002175916229 2
0 0.375 -0.285 0.002288273949 2
0 0.375 -0.275 0.002378575769 1
0 0.375 -0.265 0.00246998821 1
0 0.375 -0.255 0.002551231957 1
0 0.375 -0.245 0.002594066101 1
0 0.375 -0.235 0.002603189104 1
0 0.375 -0.225 0.002592020866 1
0 0.375 -0.215 0.002560954227 1
0 0.375 -0.205 0.002489765029 1
0 0.375 -0.195 0.002371199392 1
0 0.375 -0.185 0.002211124343 1
0 0.375 -0.175 0.002004481958 1
0 0.375 -0.165 0.001735644777 1
0 0.375 -0.155 0.001422086488 1
0 0.375 -0.145 0.001086004337 1
0 0.375 -0.135 0.0007193269559 2
0 0.375 -0.125 0.0003204413732 2
0 0.375 -0.115 -8.578957168e-05 2
0 0.375 -0.105 -0.0004796320172 2
0 0.375 -0.095 -0.0008550400713 2
0 0.375 -0.085 -0.001211166115 2
0 0.375 -0.075 -0.001556308344 2
0 0.375 -0.065 -0.00187910923 2
0 0.375 -0.055 -0.002158079138 2
0 0.375 -0.045 -0.002399329873 2
0 0.375 -0.035 -0.002586059604 2
0 0.375 -0.025 -0.002721725966 2
0 0.375 -0.015 -0.00281242296 2
0 0.375 -0.005 -0.002852874442 2
0 0.375 0.005 -0.002843042986 2
0 0.375 0.015 -0.002770903151 2
0 0.375 0.025 -0.002625654311 2
0 0.375 0.035 -0.002425520375 2
0 0.375 0.045 -0.002163635785 2
0 0.375 0.055 -0.001874286365 2
0 0.375 0.065 -0.001567959792 2
0 0.375 0.075 -0.001238391402 2
0 0.375 0.085 -0.0008858891413 2
0 0.375 0.095 -0.0005090861134 2
0 0.375 0.105 -0.0001137118971 2
0 0.375 0.115 0.0002696653658 1
0 0.375 0.125 0.0006038936592 1
0 0.375 0.135 0.000918870777 1
0 0.375 0.145 0.001226785506 1
0 0.375 0.155 0.001525804058 1
0 0.375 0.165 0.001811350829 1
0 0.375 0.175 0.002076106903 1
0 0.375 0.185 0.002324992967 1
0 0.375 0.195 0.002556863782 1
0 0.375 0.205 0.002719960202 2
0 0.375 0.215 0.002851632682 2
0 0.375 0.225 0.002956735454 2
0 0.375 0.235 0.003013798324 2
0 0.375 0.245 0.003026461807 2
0 0.375 0.255 0.002992893211 2
0 0.375 0.265 0.002915075822 2
0 0.375 0.275 0.002795349307 2
0 0.375 0.285 0.002637265853 2
0 0.375 0.295 0.002445299599 2
0 0.375 0.305 0.002224857841 2
0 0.375 0.315 0.001982154801 2
0 0.375 0.325 0.001724069446 2
0 0.375 0.335 0.001457975322 2
0 0.375 0.345 0.00119154827 2
0 0.375 0.355 0.0009326223299 2
0 0.375 0.365 0.0006888800105 2
0 0.375 0.375 0.0004682091015 2
0 0.375 0.385 0.0002765210653 2
0 0.375 0.395 0.0001258582919 2
0 0.375 0.405 0 2
0 0.375 0.415 0 2
0 0.375 0.425 0 2
0 0.375 0.435 0 2
0 0.375 0.445 0 2
0 0.375 0.455 0 2
0 0.375 0.465 0 2
0 0.385 -0.455 0 2
0 0.385 -0.445 0 2
0 0.385 -0.435 0 2
0 0.385 -0.425 0 2
0 0.385 -0.415 0 2
0 0.385 -0.405 0 2
0 0.385 -0.395 9.386436479e-05 2
0 0.385 -0.385 0.0002075044829 2
0 0.385 -0.375 0.0003586130613 2
0 0.385 -0.365 0.000535481752 2
0 0.385 -0.355 0.0007334800412 2
0 0.385 -0.345 0.0009454652379 2
0 0.385 -0.335 0.001165265117 2
0 0.385 -0.325 0.001387739248 2
0 0.385 -0.315 0.001605466135 2
0 0.385 -0.305 0.001814639808 2
0 0.385 -0.295 0.001985014522 2
0 0.385 -0.285 0.00209274754 1
0 0.385 -0.275 0.002204748052 1
0 0.385 -0.265 0.00230019648 1
0 0.385 -0.255 0.002379542242 1
0 0.385 -0.245 0.002427929773 1
0 0.385 -0.235 0.002444189533 1
0 0.385 -0.225 0.002436023316 1
0 0.385 -0.215 0.002401714061 1
0 0.385 -0.205 0.002333781981 1
0 0.385 -0.195 0.00222569768 1
0 0.385 -0.185 0.002083508319 1
0 0.385 -0.175 0.001901625716 1
0 0.385 -0.165 0.001646498501 1
0 0.385 -0.155 0.001348026759 1
0 0.385 -0.145 0.001029942691 1
0 0.385 -0.135 0.0006777721313 2
0 0.385 -0.125 0.0003081332319 2
0 0.385 -0.115 -6.556496413e-05 2
0 0.385 -0.105 -0.0004301485831 2
0 0.385 -0.095 -0.0007796836384 2
0 0.385 -0.085 -0.001113243837 2
0 0.385 -0.075 -0.001429893931 2
0 0.385 -0.065 -0.001723700487 2
0 0.385 -0.055 -0.001988544544 2
0 0.385 -0.045 -0.002219885065 2
0 0.385 -0.035 -0.002397926604 2
0 0.385 -0.025 -0.002523709224 2
0 0.385 -0.015 -0.002603769477 2
0 0.385 -0.005 -0.002633874666 2
0 0.385 0.005 -0.002612152195 2
0 0.385 0.015 -0.002527048979 2
0 0.385 0.025 -0.0023743213 2
0 0.385 0.035 -0.002178309053 2
0 0.385 0.045 -0.001943201973 2
0 0.385 0.055 -0.00167849673 2
0 0.385 0.065 -0.001393109506 2
0 0.385 0.075 -0.001087819627 2
0 0.385 0.085 -0.0007625713591 2
0 0.385 0.095 -0.0004138783452 2
0 0.385 0.105 -5.289374862e-05 2
0 0.385 0.115 0.000291605345 1
0 0.385 0.125 0.0005945708639 1
0 0.385 0.135 0.0008829229302 1
0 0.385 0.145 0.001167018067 1
0 0.385 0.155 0.001443529908 1
0 0.385 0.165 0.001706784993 1
0 0.385 0.175 0.001954217167 1
0 0.385 0.185 0.002187549109 1
0 0.385 0.195 0.002387675182 2
0 0.385 0.205 0.002513256127 2
0 0.385 0.215 0.002621674732 2
0 0.385 0.225 0.002712821317 2
0 0.385 0.235 0.002764515041 2
0 0.385 0.245 0.002778448945 2
0 0.385 0.255 0.002751625441 2
0 0.385 0.265 0.002684964796 2
0 0.385 0.275 0.002579903516 2
0 0.385 0.285 0.002439213203 2
0 0.385 0.295 0.002266672336 2
0 0.385 0.305 0.002067063413 2
0 0.385 0.315 0.001846016586 2
0 0.385 0.325 0.001609843885 2
0 0.385 0.335 0.001365349828 2
0 0.385 0.345 0.001119630725 2
0 0.385 0.355 0.0008799260996 2
0 0.385 0.365 0.0006533211423 2
0 0.385 0.375 0.0004470927812 2
0 0.385 0.385 0.000266572824 2
0 0.385 0.395 0.0001232629873 2
0 0.385 0.405 0 2
0 0.385 0.415 0 2
0 0.385 0.425 0 2
0 0.385 0.435 0 2
0 0.385 0.445 0 2
0 0.385 0.455 0 2
0 0.385 0.465 0 2
0 0.395 -0.455 0 2
0 0.395 -0.445 0 2
0 0.395 -0.435 0 2
0 0.395 -0.425 0 2
0 0.395 -0.415 0 2
0 0.395 -0.405 0 2
0 0.395 -0.395 8.495381295e-05 2
0 0.395 -0.385 0.0001851941997 2
0 0.395 -0.375 0.0003216909151 2
0 0.395 -0.365 0.0004825886254 2
0 0.395 -0.355 0.0006588509089 2
0 0.395 -0.345 0.0008463378415 2
0 0.395 -0.335 0.001040190248 2
0 0.395 -0.325 0.001236936022 2
0 0.395 -0.315 0.001432826021 2
0 0.395 -0.305 0.001626498113 2
0 0.395 -0.295 0.001797697942 2
0 0.395 -0.285 0.001929462859 1
0 0.395 -0.275 0.002044255229 1
0 0.395 -0.265 0.002136886843 1
0 0.395 -0.255 0.002208710811 1
0 0.395 -0.245 0.002257418067 1
0 0.395 -0.235 0.00227879699 1
0 0.395 -0.225 0.002273646773 1
0 0.395 -0.215 0.002242183232 1
0 0.395 -0.205 0.002180572667 1
0 0.395 -0.195 0.002084220277 1
0 0.395 -0.185 0.00195443431 1
0 0.395 -0.175 0.001774792832 2
0 0.395 -0.165 0.001532499378 2
0 0.395 -0.155 0.001258719129 2
0 0.395 -0.145 0.0009603579313 2
0 0.395 -0.135 0.0006312486178 2
0 0.395 -0.125 0.0002918971207 2
0 0.395 -0.115 -4.843333498e-05 2
0 0.395 -0.105 -0.0003807300003 2
0 0.395 -0.095 -0.0007024009642 2
0 0.395 -0.085 -0.001010152597 2
0 0.395 -0.075 -0.001301214826 2
0 0.395 -0.065 -0.00157079235 2
0 0.395 -0.055 -0.001812145323 2
0 0.395 -0.045 -0.002018852484 2
0 0.395 -0.035 -0.0021816805 2
0 0.395 -0.025 -0.002297431127 2
0 0.395 -0.015 -0.002365722742 2
0 0.395 -0.005 -0.002384323846 2
0 0.395 0.005 -0.002350901054 2
0 0.395 0.015 -0.002262444028 2
0 0.395 0.025 -0.002120696024 2
0 0.395 0.035 -0.001936820599 2
0 0.395 0.045 -0.001719061055 2
0 0.395 0.055 -0.001476602829 2
0 0.395 0.065 -0.001215128953 2
0 0.395 0.075 -0.0009363053696 2
0 0.395 0.085 -0.0006406464359 2
0 0.395 0.095 -0.0003229825664 2
0 0.395 0.105 8.148587964e-07 2
0 0.395 0.115 0.0003074380689 1
0 0.395 0.125 0.0005806195899 1
0 0.395 0.135 0.0008434265302 1
0 0.395 0.145 0.001104785688 1
0 0.395 0.155 0.001358174062 1
0 0.395 0.165 0.001599558906 1
0 0.395 0.175 0.001832082728 1
0 0.395 0.185 0.002042057015 1
0 0.395 0.195 0.002185927757 2
0 0.395 0.205 0.002291427628 2
0 0.395 0.215 0.002387217976 2
0 0.395 0.225 0.002463782454 2
0 0.395 0.235 0.002511052011 2
0 0.395 0.245 0.002526300259 2
0 0.395 0.255 0.002506446648 2
0 0.395 0.265 0.002451214952 2
0 0.395 0.275 0.002361122878 2
0 0.395 0.285 0.002238082917 2
0 0.395 0.295 0.002085154907 2
0 0.395 0.305 0.001906506193 2
0 0.395 0.315 0.001707214666 2
0 0.395 0.325 0.001493061474 2
0 0.395 0.335 0.001270311553 2
0 0.395 0.345 0.001045499811 2
0 0.395 0.355 0.0008252774699 2
0 0.395 0.365 0.0006161291997 2
0 0.395 0.375 0.0004247086248 2
0 0.395 0.385 0.0002557586387 2
0 0.395 0.395 0.0001201920071 2
0 0.395 0.405 0 2
0 0.395 0.415 0 2
0 0.395 0.425 0 2
0 0.395 0.435 0 2
0 0.395 0.445 0 2
0 0.395 0.455 0 2
0 0.395 0.465 0 2
0 0.405 -0.455 0 2
0 0.405 -0.445 0 2
0 0.405 -0.435 0 1
0 0.405 -0.425 0 1
0 0.405 -0.415 0 1
0 0.405 -0.405 0 1
0 0.405 -0.395 8.004525063e-05 2
0 0.405 -0.385 0.0001672229198 2
0 0.405 -0.375 0.0002853782596 2
0 0.405 -0.365 0.0004296513077 2
0 0.405 -0.355 0.0005866082395 2
0 0.405 -0.345 0.0007491466375 2
0 0.405 -0.335 0.0009164286116 2
0 0.405 -0.325 0.001086224485 2
0 0.405 -0.315 0.001259065584 2
0 0.405 -0.305 0.00143739546 2
0 0.405 -0.295 0.001615289009 2
0 0.405 -0.285 0.001773604549 1
0 0.405 -0.275 0.001883562498 1
0 0.405 -0.265 0.001969172133 1
0 0.405 -0.255 0.00203808022 1
0 0.405 -0.245 0.0020874332 1
0 0.405 -0.235 0.002111312705 1
0 0.405 -0.225 0.002107530208 1
0 0.405 -0.215 0.002082682425 1
0 0.405 -0.205 0.002033844492 1
0 0.405 -0.195 0.001946694203 1
0 0.405 -0.185 0.001819845358 1
0 0.405 -0.175 0.001623788006 2
0 0.405 -0.165 0.00139660998 2
0 0.405 -0.155 0.001150204449 2
0 0.405 -0.145 0.0008784022144 2
0 0.405 -0.135 0.000583162521 2
0 0.405 -0.125 0.0002777485649 2
0 0.405 -0.115 -2.931536872e-05 2
0 0.405 -0.105 -0.000330612066 2
0 0.405 -0.095 -0.0006232483449 2
0 0.405 -0.085 -0.0009034527658 2
0 0.405 -0.075 -0.0011676828 2
0 0.405 -0.065 -0.001411422128 2
0 0.405 -0.055 -0.001628979857 2
0 0.405 -0.045 -0.001814217478 2
0 0.405 -0.035 -0.001960207213 2
0 0.405 -0.025 -0.002062735594 2
0 0.405 -0.015 -0.002119459491 2
0 0.405 -0.005 -0.002128130479 2
0 0.405 0.005 -0.00208719423 2
0 0.405 0.015 -0.001996620872 2
0 0.405 0.025 -0.00186047224 2
0 0.405 0.035 -0.001688035856 2
0 0.405 0.045 -0.001488128893 2
0 0.405 0.055 -0.0012682078 2
0 0.405 0.065 -0.001032683084 2
0 0.405 0.075 -0.0007828142954 2
0 0.405 0.085 -0.0005192594896 2
0 0.405 0.095 -0.0002383522624 2
0 0.405 0.105 4.610246909e-05 2
0 0.405 0.115 0.0003189616479 1
0 0.405 0.125 0.0005664894895 1
0 0.405 0.135 0.0008025572765 1
0 0.405 0.145 0.001038538571 1
0 0.405 0.155 0.001272913317 1
0 0.405 0.165 0.001494036098 1
0 0.405 0.175 0.001702109342 1
0 0.405 0.185 0.001862222393 2
0 0.405 0.195 0.001963846216 2
0 0.405 0.205 0.002057904281 2
0 0.405 0.215 0.002144988903 2
0 0.405 0.225 0.002210660088 2
0 0.405 0.235 0.002254283166 2
0 0.405 0.245 0.002271258674 2
0 0.405 0.255 0.002258782637 2
0 0.405 0.265 0.002215359861 2
0 0.405 0.275 0.002140535496 2
0 0.405 0.285 0.0020353014 2
0 0.405 0.295 0.001902003055 2
0 0.405 0.305 0.001744238836 2
0 0.405 0.315 0.001566596382 2
0 0.405 0.325 0.001374381644 2
0 0.405 0.335 0.001173358189 2
0 0.405 0.345 0.0009695191279 2
0 0.405 0.355 0.0007689313204 2
0 0.405 0.365 0.0005774724572 2
0 0.405 0.375 0.0004011578138 2
0 0.405 0.385 0.0002441300174 2
0 0.405 0.395 0.0001166644376 2
0 0.405 0.405 0 2
0 0.405 0.415 0 2
0 0.405 0.425 0 2
0 0.405 0.435 0 2
0 0.405 0.445 0 2
0 0.405 0.455 0 2
0 0.405 0.465 0 2
0 0.415 -0.455 0 2
0 0.415 -0.445 0 2
0 0.415 -0.435 0 1
0 0.415 -0.425 0 1
0 0.415 -0.415 0 1
0 0.415 -0.405 0 1
0 0.415 -0.395 7.313968697e-05 1
0 0.415 -0.385 0.0001549180149 2
0 0.415 -0.375 0.0002571478917 2
0 0.415 -0.365 0.0003803103017 2
0 0.415 -0.355 0.0005149956877 2
0 0.415 -0.345 0.0006530889416 2
0 0.415 -0.335 0.0007942641669 2
0 0.415 -0.325 0.0009362225795 2
0 0.415 -0.315 0.001085007331 2
0 0.415 -0.305 0.001248910675 2
0 0.415 -0.295 0.00142501478 2
0 0.415 -0.285 0.001607533902 1
0 0.415 -0.275 0.001723690812 1
0 0.415 -0.265 0.001805701225 1
0 0.415 -0.255 0.001865508675 1
0 0.415 -0.245 0.001919478857 1
0 0.415 -0.235 0.001947591825 1
0 0.415 -0.225 0.001942928796 1
0 0.415 -0.215 0.001919365169 1
0 0.415 -0.205 0.001878835571 1
0 0.415 -0.195 0.001793766597 1
0 0.415 -0.185 0.001653003196 2
0 0.415 -0.175 0.001457957177 2
0 0.415 -0.165 0.001250203541 2
0 0.415 -0.155 0.001029647929 2
0 0.415 -0.145 0.0007886027894 2
0 0.415 -0.135 0.0005304203748 2
0 0.415 -0.125 0.0002619394441 2
0 0.415 -0.115 -9.904785956e-06 2
0 0.415 -0.105 -0.000279042896 2
0 0.415 -0.095 -0.0005411764563 2
0 0.415 -0.085 -0.0007924225935 2
0 0.415 -0.075 -0.001028964708 2
0 0.415 -0.065 -0.001246354961 2
0 0.415 -0.055 -0.001439473737 2
0 0.415 -0.045 -0.00160287909 2
0 0.415 -0.035 -0.001731041723 2
0 0.415 -0.025 -0.001819578799 2
0 0.415 -0.015 -0.001865182656 2
0 0.415 -0.005 -0.001865342171 2
0 0.415 0.005 -0.001818943276 2
0 0.415 0.015 -0.001727379194 2
0 0.415 0.025 -0.001595911737 2
0 0.415 0.035 -0.00143382472 2
0 0.415 0.045 -0.001250851879 2
0 0.415 0.055 -0.001053851987 2
0 0.415 0.065 -0.0008460942389 2
0 0.415 0.075 -0.0006275834719 2
0 0.415 0.085 -0.0003982479365 2
0 0.415 0.095 -0.0001548162276 2
0 0.415 0.105 8.869356634e-05 2
0 0.415 0.115 0.0003255475255 1
0 0.415 0.125 0.0005486510456 1
0 0.415 0.135 0.0007617497768 1
0 0.415 0.145 0.0009731706717 1
0 0.415 0.155 0.001185302514 1
0 0.415 0.165 0.001379090927 1
0 0.415 0.175 0.001539528072 2
0 0.415 0.185 0.001654031601 2
0 0.415 0.195 0.001741144614 2
0 0.415 0.205 0.001823126546 2
0 0.415 0.215 0.001896222711 2
0 0.415 0.225 0.001954055969 2
0 0.415 0.235 0.001994607513 2
0 0.415 0.245 0.002014109821 2
0 0.415 0.255 0.002009725513 2
0 0.415 0.265 0.001978731499 2
0 0.415 0.275 0.001919541901 2
0 0.415 0.285 0.001832183157 2
0 0.415 0.295 0.001718344115 2
0 0.415 0.305 0.001581165854 2
0 0.415 0.315 0.00142485193 2
0 0.415 0.325 0.001254311115 2
0 0.415 0.335 0.001074849127 2
0 0.415 0.345 0.0008919342688 2
0 0.415 0.355 0.0007110467472 2
0 0.415 0.365 0.0005374446782 2
0 0.415 0.375 0.0003764859838 2
0 0.415 0.385 0.0002316996574 2
0 0.415 0.395 0.0001126758292 2
0 0.415 0.405 0 2
0 0.415 0.415 0 2
0 0.415 0.425 0 2
0 0.415 0.435 0 2
0 0.415 0.445 0 2
0 0.415 0.455 0 2
0 0.415 0.465 0 2
0 0.425 -0.455 0 1
0 0.425 -0.445 0 1
0 0.425 -0.435 0 1
0 0.425 -0.425 0 1
0 0.425 -0.415 0 1
0 0.425 -0.405 0 1
0 0.425 -0.395 6.461352789e-05 1
0 0.425 -0.385 0.000140477313 1
0 0.425 -0.375 0.000235688023 2
0 0.425 -0.365 0.0003403111404 2
0 0.425 -0.355 0.000454296439 2
0 0.425 -0.345 0.0005724143053 2
0 0.425 -0.335 0.000692340112 2
0 0.425 -0.325 0.0008112661276 2
0 0.425 -0.315 0.0009340763773 2
0 0.425 -0.305 0.001073315021 2
0 0.425 -0.295 0.001228467653 2
0 0.425 -0.285 0.001411068675 2
0 0.425 -0.275 0.0015525742 1
0 0.425 -0.265 0.001636575708 1
0 0.425 -0.255 0.001685774503 1
0 0.425 -0.245 0.001740125781 1
0 0.425 -0.235 0.001766026361 1
0 0.425 -0.225 0.001764281467 1
0 0.425 -0.215 0.001743213136 1
0 0.425 -0.205 0.001694899566 2
0 0.425 -0.195 0.001608882204 2
0 0.425 -0.185 0.00146697581 2
0 0.425 -0.175 0.001294756187 2
0 0.425 -0.165 0.001111946727 2
0 0.425 -0.155 0.0009159723206 2
0 0.425 -0.145 0.0007051317318 2
0 0.425 -0.135 0.0004807902982 2
0 0.425 -0.125 0.0002473975438 2
0 0.425 -0.115 1.027166288e-05 2
0 0.425 -0.105 -0.0002256261809 2
0 0.425 -0.095 -0.0004561103373 2
0 0.425 -0.085 -0.0006773047606 2
0 0.425 -0.075 -0.0008853651866 2
0 0.425 -0.065 -0.001076105025 2
0 0.425 -0.055 -0.001244957016 2
0 0.425 -0.045 -0.001387131649 2
0 0.425 -0.035 -0.001497847901 2
0 0.425 -0.025 -0.001572823295 2
0 0.425 -0.015 -0.001608385984 2
0 0.425 -0.005 -0.001601639651 2
0 0.425 0.005 -0.001551059672 2
0 0.425 0.015 -0.001458046 2
0 0.425 0.025 -0.001328526909 2
0 0.425 0.035 -0.001173913915 2
0 0.425 0.045 -0.001006940222 2
0 0.425 0.055 -0.0008340573656 2
0 0.425 0.065 -0.0006566268818 2
0 0.425 0.075 -0.0004723012883 2
0 0.425 0.085 -0.0002787088058 2
0 0.425 0.095 -7.291981835e-05 2
0 0.425 0.105 0.0001323350521 2
0 0.425 0.115 0.0003309859488 2
0 0.425 0.125 0.0005272585881 1
0 0.425 0.135 0.0007170616575 1
0 0.425 0.145 0.0009028780523 1
0 0.425 0.155 0.001078507747 2
0 0.425 0.165 0.001233781476 2
0 0.425 0.175 0.001348237427 2
0 0.425 0.185 0.001437128706 2
0 0.425 0.195 0.001515177281 2
0 0.425 0.205 0.001584842241 2
0 0.425 0.215 0.001645016386 2
0 0.425 0.225 0.001695071962 2
0 0.425 0.235 0.001732808958 2
0 0.425 0.245 0.001755615576 2
0 0.425 0.255 0.001760300666 2
0 0.425 0.265 0.001742585278 2
0 0.425 0.275 0.001699431737 2
0 0.425 0.285 0.001629880018 2
0 0.425 0.295 0.001535096479 2
0 0.425 0.305 0.00141795984 2
0 0.425 0.315 0.001282440957 2
0 0.425 0.325 0.001133147621 2
0 0.425 0.335 0.0009749677138 2
0 0.425 0.345 0.0008128508316 2
0 0.425 0.355 0.0006516766712 2
0 0.425 0.365 0.0004960621231 2
0 0.425 0.375 0.0003506841094 2
0 0.425 0.385 0.0002184435572 2
0 0.425 0.395 0.0001081999296 2
0 0.425 0.405 0 2
0 0.425 0.415 0 2
0 0.425 0.425 0 2
0 0.425 0.435 0 2
0 0.425 0.445 0 2
0 0.425 0.455 0 2
0 0.425 0.465 0 2
0 0.435 -0.455 0 1
0 0.435 -0.445 0 1
0 0.435 -0.435 0 1
0 0.435 -0.425 0 1
0 0.435 -0.415 0 1
0 0.435 -0.405 0 1
0 0.435 -0.395 5.868591811e-05 1
0 0.435 -0.385 0.0001277601385 1
0 0.435 -0.375 0.0002143032419 1
0 0.435 -0.365 0.0003066492787 1
0 0.435 -0.355 0.0004049463736 1
0 0.435 -0.345 0.0005074061228 1
0 0.435 -0.335 0.0006106869178 1
0 0.435 -0.325 0.0007128623652 1
0 0.435 -0.315 0.0008148150188 1
0 0.435 -0.305 0.0009247678933 2
0 0.435 -0.295 0.001045644163 2
0 0.435 -0.285 0.001202772944 2
0 0.435 -0.275 0.001353524963 2
0 0.435 -0.265 0.001445216277 2
0 0.435 -0.255 0.001500271747 1
0 0.435 -0.245 0.001532754255 2
0 0.435 -0.235 0.001552541682 2
0 0.435 -0.225 0.001559630501 2
0 0.435 -0.215 0.001543231623 2
0 0.435 -0.205 0.001486382631 2
0 0.435 -0.195 0.001403016141 2
0 0.435 -0.185 0.001279956374 2
0 0.435 -0.175 0.001133787143 2
0 0.435 -0.165 0.0009762850662 2
0 0.435 -0.155 0.0008061474766 2
0 0.435 -0.145 0.0006247533412 2
0 0.435 -0.135 0.0004331894776 2
0 0.435 -0.125 0.0002343850113 2
0 0.435 -0.115 3.201530437e-05 2
0 0.435 -0.105 -0.0001700531182 2
0 0.435 -0.095 -0.0003680952594 2
0 0.435 -0.085 -0.0005584711556 2
0 0.435 -0.075 -0.000737520723 2
0 0.435 -0.065 -0.0009014140742 2
0 0.435 -0.055 -0.001046123034 2
0 0.435 -0.045 -0.00116748339 2
0 0.435 -0.035 -0.001261342448 2
0 0.435 -0.025 -0.001323674374 2
0 0.435 -0.015 -0.001350716652 2
0 0.435 -0.005 -0.001338967545 2
0 0.435 0.005 -0.001285710232 2
0 0.435 0.015 -0.001191143309 2
0 0.435 0.025 -0.001061081603 2
0 0.435 0.035 -0.0009113172699 2
0 0.435 0.045 -0.0007604114568 2
0 0.435 0.055 -0.0006130931753 2
0 0.435 0.065 -0.0004678024563 2
0 0.435 0.075 -0.0003195018157 2
0 0.435 0.085 -0.0001617343997 2
0 0.435 0.095 5.812195812e-06 2
0 0.435 0.105 0.0001748943654 2
0 0.435 0.115 0.0003397340038 2
0 0.435 0.125 0.0005026791519 2
0 0.435 0.135 0.0006616455129 2
0 0.435 0.145 0.000813743291 2
0 0.435 0.155 0.0009482783305 2
0 0.435 0.165 0.001066251981 2
0 0.435 0.175 0.001154513262 2
0 0.435 0.185 0.001225896814 2
0 0.435 0.195 0.001289030006 2
0 0.435 0.205 0.00134359613 2
0 0.435 0.215 0.001392019616 2
0 0.435 0.225 0.001433833871 2
0 0.435 0.235 0.001468766574 2
0 0.435 0.245 0.001495701254 2
0 0.435 0.255 0.001511184205 2
0 0.435 0.265 0.001508092252 2
0 0.435 0.275 0.001481384745 2
0 0.435 0.285 0.001429305952 2
0 0.435 0.295 0.001352847973 2
0 0.435 0.305 0.001254956948 2
0 0.435 0.315 0.001139515944 2
0 0.435 0.325 0.001010930908 2
0 0.435 0.335 0.0008736963641 2
0 0.435 0.345 0.0007322277729 2
0 0.435 0.355 0.000590772486 2
0 0.435 0.365 0.0004532738521 2
0 0.435 0.375 0.0003237002844 2
0 0.435 0.385 0.0002043112548 2
0 0.435 0.395 0.0001031955335 2
0 0.435 0.405 0 2
0 0.435 0.415 0 2
0 0.435 0.425 0 2
0 0.435 0.435 0 2
0 0.435 0.445 0 2
0 0.435 0.455 0 2
0 0.435 0.465 0 2
0 0.445 -0.455 0 1
0 0.445 -0.445 0 1
0 0.445 -0.435 0 1
0 0.445 -0.425 0 1
0 0.445 -0.415 0 1
0 0.445 -0.405 0 1
0 0.445 -0.395 5.638882266e-05 1
0 0.445 -0.385 0.0001191756297 1
0 0.445 -0.375 0.0001976753023 1
0 0.445 -0.365 0.0002818215157 1
0 0.445 -0.355 0.0003694473196 1
0 0.445 -0.345 0.0004595277318 1
0 0.445 -0.335 0.000549377883 1
0 0.445 -0.325 0.0006375167005 1
0 0.445 -0.315 0.0007219514371 1
0 0.445 -0.305 0.0008009474552 1
0 0.445 -0.295 0.0008887347447 1
0 0.445 -0.285 0.001005292549 2
0 0.445 -0.275 0.001140846933 2
0 0.445 -0.265 0.001230559988 2
0 0.445 -0.255 0.001284821094 2
0 0.445 -0.245 0.001297097679 2
0 0.445 -0.235 0.001309771544 2
0 0.445 -0.225 0.001323281376 2
0 0.445 -0.215 0.001315347523 2
0 0.445 -0.205 0.001268273228 2
0 0.445 -0.195 0.001195381388 2
0 0.445 -0.185 0.001096527267 2
0 0.445 -0.175 0.0009759570892 2
0 0.445 -0.165 0.0008425374604 2
0 0.445 -0.155 0.0006990542039 2
0 0.445 -0.145 0.0005472846939 2
0 0.445 -0.135 0.0003881841746 2
0 0.445 -0.125 0.0002235686657 2
0 0.445 -0.115 5.582060381e-05 2
0 0.445 -0.105 -0.0001121883637 2
0 0.445 -0.095 -0.0002773544663 2
0 0.445 -0.085 -0.0004364441953 2
0 0.445 -0.075 -0.0005861482628 2
0 0.445 -0.065 -0.0007230732074 2
0 0.445 -0.055 -0.0008437518038 2
0 0.445 -0.045 -0.000944646986 2
0 0.445 -0.035 -0.001022239775 2
0 0.445 -0.025 -0.001072876892 2
0 0.445 -0.015 -0.001093056515 2
0 0.445 -0.005 -0.001078500051 2
0 0.445 0.005 -0.001024934983 2
0 0.445 0.015 -0.0009309982654 2
0 0.445 0.025 -0.0007956808329 2
0 0.445 0.035 -0.0006417304252 2
0 0.445 0.045 -0.0005076636746 2
0 0.445 0.055 -0.0003899993471 2
0 0.445 0.065 -0.0002813389645 2
0 0.445 0.075 -0.0001748603155 2
0 0.445 0.085 -5.144538744e-05 2
0 0.445 0.095 8.166094224e-05 2
0 0.445 0.105 0.0002145824902 2
0 0.445 0.115 0.0003449609885 2
0 0.445 0.125 0.0004724573306 2
0 0.445 0.135 0.0005945014648 2
0 0.445 0.145 0.0007084585356 2
0 0.445 0.155 0.000809851227 2
0 0.445 0.165 0.0008979827044 2
0 0.445 0.175 0.0009658178627 2
0 0.445 0.185 0.00101875502 2
0 0.445 0.195 0.001064684592 2
0 0.445 0.205 0.001105551666 2
0 0.445 0.215 0.001142110222 2
0 0.445 0.225 0.001174940353 2
0 0.445 0.235 0.001205770883 2
0 0.445 0.245 0.001236160751 2
0 0.445 0.255 0.00126370737 2
0 0.445 0.265 0.001276326603 2
0 0.445 0.275 0.001266141733 2
0 0.445 0.285 0.001230883631 2
0 0.445 0.295 0.001171706624 2
0 0.445 0.305 0.001092033646 2
0 0.445 0.315 0.0009958505395 2
0 0.445 0.325 0.000887413991 2
0 0.445 0.335 0.0007708175822 2
0 0.445 0.345 0.0006498962084 2
0 0.445 0.355 0.0005282105157 2
0 0.445 0.365 0.0004089892681 2
0 0.445 0.375 0.0002954644216 2
0 0.445 0.385 0.0001892451203 2
0 0.445 0.395 9.761883664e-05 2
0 0.445 0.405 0 2
0 0.445 0.415 0 2
0 0.445 0.425 0 2
0 0.445 0.435 0 2
0 0.445 0.445 0 2
0 0.445 0.455 0 2
0 0.445 0.465 0 2
0 0.455 -0.455 0 1
0 0.455 -0.445 0 1
0 0.455 -0.435 0 1
0 0.455 -0.425 0 1
0 0.455 -0.415 0 1
0 0.455 -0.405 0 1
0 0.455 -0.395 5.471141443e-05 1
0 0.455 -0.385 0.0001121929381 1
0 0.455 -0.375 0.0001827405494 1
0 0.455 -0.365 0.0002592112143 1
0 0.455 -0.355 0.0003385745576 1
0 0.455 -0.345 0.0004183122447 1
0 0.455 -0.335 0.0004964425507 1
0 0.455 -0.325 0.0005710447803 1
0 0.455 -0.315 0.000639589597 1
0 0.455 -0.305 0.0007021944716 1
0 0.455 -0.295 0.0007645192353 1
0 0.455 -0.285 0.0008306236191 1
0 0.455 -0.275 0.0009319845943 2
0 0.455 -0.265 0.0009958781612 2
0 0.455 -0.255 0.001019945029 2
0 0.455 -0.245 0.001022832518 2
0 0.455 -0.235 0.001031623854 2
0 0.455 -0.225 0.001052791846 2
0 0.455 -0.215 0.001073702125 2
0 0.455 -0.205 0.001054135734 2
0 0.455 -0.195 0.0009965620908 2
0 0.455 -0.185 0.0009150612255 2
0 0.455 -0.175 0.0008163788569 2
0 0.455 -0.165 0.0007077102164 2
0 0.455 -0.155 0.0005919966472 2
0 0.455 -0.145 0.0004708114157 2
0 0.455 -0.135 0.0003447286729 2
0 0.455 -0.125 0.000214542618 2
0 0.455 -0.115 8.155714396e-05 2
0 0.455 -0.105 -5.223220398e-05 2
0 0.455 -0.095 -0.0001843169897 2
0 0.455 -0.085 -0.0003118868173 2
0 0.455 -0.075 -0.0004320363729 2
0 0.455 -0.065 -0.0005418575812 2
0 0.455 -0.055 -0.0006384740207 2
0 0.455 -0.045 -0.0007189970261 2
0 0.455 -0.035 -0.0007805791464 2
0 0.455 -0.025 -0.000820044389 2
0 0.455 -0.015 -0.0008345419328 2
0 0.455 -0.005 -0.0008188144374 2
0 0.455 0.005 -0.0007692026222 2
0 0.455 0.015 -0.0006746333123 2
0 0.455 0.025 -0.000533063302 2
0 0.455 0.035 -0.0003894405774 2
0 0.455 0.045 -0.0002840110425 2
0 0.455 0.055 -0.0001932968661 2
0 0.455 0.065 -0.000110319794 2
0 0.455 0.075 -3.339802579e-05 2
0 0.455 0.085 5.966966595e-05 2
0 0.455 0.095 0.0001577705793 2
0 0.455 0.105 0.0002523720082 2
0 0.455 0.115 0.0003442922597 2
0 0.455 0.125 0.0004327396076 2
0 0.455 0.135 0.0005156535096 2
0 0.455 0.145 0.0005954056895 2
0 0.455 0.155 0.0006768238598 2
0 0.455 0.165 0.0007417553601 2
0 0.455 0.175 0.0007792288313 2
0 0.455 0.185 0.0008098062819 2
0 0.455 0.195 0.0008399294028 2
0 0.455 0.205 0.0008676320464 2
0 0.455 0.215 0.0008922813251 2
0 0.455 0.225 0.0009147663267 2
0 0.455 0.235 0.0009381147493 2
0 0.455 0.245 0.0009716801518 2
0 0.455 0.255 0.001018334965 2
0 0.455 0.265 0.001048662808 2
0 0.455 0.275 0.001053417451 2
0 0.455 0.285 0.00103415938 2
0 0.455 0.295 0.0009911175527 2
0 0.455 0.305 0.0009285404198 2
0 0.455 0.315 0.0008508103504 2
0 0.455 0.325 0.0007620864467 2
0 0.455 0.335 0.0006659627069 2
0 0.455 0.345 0.0005656158721 2
0 0.455 0.355 0.0004638461793 2
0 0.455 0.365 0.0003631250049 2
0 0.455 0.375 0.0002659260041 2
0 0.455 0.385 0.0001732081035 2
0 0.455 0.395 9.144070273e-05 2
0 0.455 0.405 0 2
0 0.455 0.415 0 2
0 0.455 0.425 0 2
0 0.455 0.435 0 2
0 0.455 0.445 0 2
0 0.455 0.455 0 2
0 0.455 0.465 0 2
0 0.465 -0.455 0 1
0 0.465 -0.445 0 1
0 0.465 -0.435 0 1
0 0.465 -0.425 0 1
0 0.465 -0.415 0 1
0 0.465 -0.405 0 1
0 0.465 -0.395 5.237604978e-05 1
0 0.465 -0.385 0.0001034986774 1
0 0.465 -0.375 0.0001663617772 1
0 0.465 -0.365 0.0002354313295 1
0 0.465 -0.355 0.0003062837369 1
0 0.465 -0.345 0.0003758261176 1
0 0.465 -0.335 0.0004421683561 1
0 0.465 -0.325 0.000504181358 1
0 0.465 -0.315 0.0005602015437 1
0 0.465 -0.305 0.0006094722095 1
0 0.465 -0.295 0.0006504499989 1
0 0.465 -0.285 0.0006869175356 1
0 0.465 -0.275 0.0007348916898 2
0 0.465 -0.265 0.0007576623956 2
0 0.465 -0.255 0.0007578095622 2
0 0.465 -0.245 0.0007673197471 2
0 0.465 -0.235 0.0007796698026 2
0 0.465 -0.225 0.0008029149282 2
0 0.465 -0.215 0.0008448700426 2
0 0.465 -0.205 0.0008405623861 2
0 0.465 -0.195 0.0007950927684 2
0 0.465 -0.185 0.0007310043323 2
0 0.465 -0.175 0.0006537271849 2
0 0.465 -0.165 0.0005702984191 2
0 0.465 -0.155 0.0004835598466 2
0 0.465 -0.145 0.000394206233 2
0 0.465 -0.135 0.0003020846588 2
0 0.465 -0.125 0.000206886359 2
0 0.465 -0.115 0.000108882331 2
0 0.465 -0.105 9.345214174e-06 2
0 0.465 -0.095 -8.966531833e-05 2
0 0.465 -0.085 -0.0001856639845 2
0 0.465 -0.075 -0.0002761324421 2
0 0.465 -0.065 -0.0003586741348 2
0 0.465 -0.055 -0.00043103445 2
0 0.465 -0.045 -0.0004909944835 2
0 0.465 -0.035 -0.0005363820776 2
0 0.465 -0.025 -0.0005645461833 2
0 0.465 -0.015 -0.000573319758 2
0 0.465 -0.005 -0.0005566077443 2
0 0.465 0.005 -0.0005144278048 2
0 0.465 0.015 -0.0004206205803 2
0 0.465 0.025 -0.0002764737443 2
0 0.465 0.035 -0.000167339571 1
0 0.465 0.045 -9.319691338e-05 1
0 0.465 0.055 -2.511697911e-05 1
0 0.465 0.065 3.783486495e-05 1
0 0.465 0.075 9.978190378e-05 2
0 0.465 0.085 0.0001632027992 2
0 0.465 0.095 0.0002256528806 2
0 0.465 0.105 0.0002861696966 2
0 0.465 0.115 0.0003440654398 2
0 0.465 0.125 0.0003986908899 2
0 0.465 0.135 0.00044789045 2
0 0.465 0.145 0.0004940021442 2
0 0.465 0.155 0.0005472142408 2
0 0.465 0.165 0.0005877853672 2
0 0.465 0.175 0.000604326411 2
0 0.465 0.185 0.0006216768737 2
0 0.465 0.195 0.0006397616977 2
0 0.465 0.205 0.0006558868781 2
0 0.465 0.215 0.0006704313069 2
0 0.465 0.225 0.000683959427 2
0 0.465 0.235 0.0006976744005 2
0 0.465 0.245 0.0007216208883 2
0 0.465 0.255 0.0007729373504 2
0 0.465 0.265 0.0008202853668 2
0 0.465 0.275 0.0008425861629 2
0 0.465 0.285 0.0008376371851 2
0 0.465 0.295 0.0008097124978 2
0 0.465 0.305 0.0007632588275 2
0 0.465 0.315 0.0007034096688 2
0 0.465 0.325 0.0006342786518 2
0 0.465 0.335 0.0005587263055 2
0 0.465 0.345 0.0004791765529 2
0 0.465 0.355 0.0003975966905 2
0 0.465 0.365 0.0003156689575 2
0 0.465 0.375 0.0002351017345 2
0 0.465 0.385 0.0001562170583 2
0 0.465 0.395 8.466687929e-05 2
0 0.465 0.405 0 2
0 0.465 0.415 0 2
0 0.465 0.425 0 2
0 0.465 0.435 0 2
0 0.465 0.445 0 2
0 0.465 0.455 0 2
0 0.465 0.465 0 2
0 0.475 -0.455 0 1
0 0.475 -0.445 0 1
0 0.475 -0.435 0 1
0 0.475 -0.425 0 1
0 0.475 -0.415 0 1
0 0.475 -0.405 0 1
0 0.475 -0.395 5.162366438e-05 1
0 0.475 -0.385 9.611709793e-05 1
0 0.475 -0.375 0.0001520003654 1
0 0.475 -0.365 0.0002150950221 1
0 0.475 -0.355 0.0002760835249 1
0 0.475 -0.345 0.0003337673637 1
0 0.475 -0.335 0.0003872922205 1
0 0.475 -0.325 0.0004364098222 1
0 0.475 -0.315 0.0004785951277 1
0 0.475 -0.305 0.0005109633939 1
0 0.475 -0.295 0.0005346741255 1
0 0.475 -0.285 0.0005478452806 1
0 0.475 -0.275 0.0005354639315 2
0 0.475 -0.265 0.0005221339482 2
0 0.475 -0.255 0.0005308019703 1
0 0.475 -0.245 0.0005465831967 1
0 0.475 -0.235 0.000557536772 1
0 0.475 -0.225 0.0005714727056 1
0 0.475 -0.215 0.0006075161897 2
0 0.475 -0.205 0.0006196526623 2
0 0.475 -0.195 0.0005913521961 2
0 0.475 -0.185 0.0005414724529 2
0 0.475 -0.175 0.0004858868621 2
0 0.475 -0.165 0.0004287537573 2
0 0.475 -0.155 0.0003725380649 2
0 0.475 -0.145 0.0003165228242 2
0 0.475 -0.135 0.0002596061371 2
0 0.475 -0.125 0.0002001707945 2
0 0.475 -0.115 0.0001373150159 2
0 0.475 -0.105 7.183225971e-05 2
0 0.475 -0.095 5.629722556e-06 2
0 0.475 -0.085 -5.890881702e-05 2
0 0.475 -0.075 -0.000119609803 2
0 0.475 -0.065 -0.0001746379901 2
0 0.475 -0.055 -0.0002224101402 2
0 0.475 -0.045 -0.0002614083456 2
0 0.475 -0.035 -0.0002901149237 2
0 0.475 -0.025 -0.0003064217385 2
0 0.475 -0.015 -0.0003085803015 2
0 0.475 -0.005 -0.0002904975245 2
0 0.475 0.005 -0.0002526845901 2
0 0.475 0.015 -0.0001667451401 2
0 0.475 0.025 -4.175010875e-05 1
0 0.475 0.035 2.067843155e-05 1
0 0.475 0.045 7.162346821e-05 1
0 0.475 0.055 0.0001201861354 1
0 0.475 0.065 0.0001652208148 1
0 0.475 0.075 0.0002170013403 1
0 0.475 0.085 0.0002548653156 1
0 0.475 0.095 0.0002860193901 1
0 0.475 0.105 0.0003160422306 1
0 0.475 0.115 0.000343530943 1
0 0.475 0.125 0.0003683629314 1
0 0.475 0.135 0.0003895069177 1
0 0.475 0.145 0.000407209237 1
0 0.475 0.155 0.000425123925 2
0 0.475 0.165 0.0004395863657 2
0 0.475 0.175 0.0004479176959 1
0 0.475 0.185 0.0004545455478 1
0 0.475 0.195 0.0004596753315 1
0 0.475 0.205 0.0004652772445 1
0 0.475 0.215 0.0004716069408 1
0 0.475 0.225 0.0004788737829 1
0 0.475 0.235 0.0004879931215 1
0 0.475 0.245 0.0004991266642 1
0 0.475 0.255 0.0005279278918 2
0 0.475 0.265 0.0005818976173 2
0 0.475 0.275 0.0006289143209 2
0 0.475 0.285 0.0006402648626 2
0 0.475 0.295 0.0006253348241 2
0 0.475 0.305 0.0005946273236 2
0 0.475 0.315 0.0005526036919 2
0 0.475 0.325 0.0005034060643 2
0 0.475 0.335 0.0004488601831 2
0 0.475 0.345 0.0003905423016 2
0 0.475 0.355 0.0003295444974 2
0 0.475 0.365 0.0002667529909 2
0 0.475 0.375 0.0002031257813 2
0 0.475 0.385 0.0001383761602 2
0 0.475 0.395 7.735772784e-05 2
0 0.475 0.405 0 2
0 0.475 0.415 0 2
0 0.475 0.425 0 2
0 0.475 0.435 0 2
0 0.475 0.445 0 2
0 0.475 0.455 0 2
0 0.475 0.465 0 2
0 0.485 -0.455 0 1
0 0.485 -0.445 0 1
0 0.485 -0.435 0 1
0 0.485 -0.425 0 1
0 0.485 -0.415 0 1
0 0.485 -0.405 0 1
0 0.485 -0.395 5.159776222e-05 1
0 0.485 -0.385 8.98193938e-05 1
0 0.485 -0.375 0.000139246135 1
0 0.485 -0.365 0.0001949991555 1
0 0.485 -0.355 0.0002448641591 1
0 0.485 -0.345 0.0002907227529 1
0 0.485 -0.335 0.0003318811729 1
0 0.485 -0.325 0.0003680365397 1
0 0.485 -0.315 0.0003963961735 1
0 0.485 -0.305 0.0004119331355 1
0 0.485 -0.295 0.0004129297385 1
0 0.485 -0.285 0.0003903306458 1
0 0.485 -0.275 0.000329062201 2
0 0.485 -0.265 0.0003118979604 1
0 0.485 -0.255 0.0003441656107 1
0 0.485 -0.245 0.0003612754855 1
0 0.485 -0.235 0.0003752030527 1
0 0.485 -0.225 0.0003804121375 1
0 0.485 -0.215 0.0003815724999 2
0 0.485 -0.205 0.0004018578487 2
0 0.485 -0.195 0.0003854116556 2
0 0.485 -0.185 0.0003470887445 2
0 0.485 -0.175 0.0003143870364 2
0 0.485 -0.165 0.0002849890155 2
0 0.485 -0.155 0.0002602179935 2
0 0.485 -0.145 0.0002381878102 2
0 0.485 -0.135 0.0002170921874 2
0 0.485 -0.125 0.0001938604835 2
0 0.485 -0.115 0.0001660341736 2
0 0.485 -0.105 0.0001341367292 2
0 0.485 -0.095 0.000100239775 2
0 0.485 -0.085 6.694460115e-05 2
0 0.485 -0.075 3.610674037e-05 2
0 0.485 -0.065 8.893169102e-06 2
0 0.485 -0.055 -1.389185244e-05 2
0 0.485 -0.045 -3.148838051e-05 2
0 0.485 -0.035 -4.303535982e-05 2
0 0.485 -0.025 -4.705816301e-05 2
0 0.485 -0.015 -4.209630628e-05 2
0 0.485 -0.005 -2.333150259e-05 2
0 0.485 0.005 1.139832455e-05 2
0 0.485 0.015 7.584274182e-05 2
0 0.485 0.025 0.00015229769 1
0 0.485 0.035 0.0001917335775 1
0 0.485 0.045 0.000223202744 1
0 0.485 0.055 0.0002534412189 1
0 0.485 0.065 0.00028237265 1
0 0.485 0.075 0.0003128799915 1
0 0.485 0.085 0.0003302621245 1
0 0.485 0.095 0.0003379895425 1
0 0.485 0.105 0.0003421315155 1
0 0.485 0.115 0.0003434693601 1
0 0.485 0.125 0.0003424021302 1
0 0.485 0.135 0.0003383633562 1
0 0.485 0.145 0.0003299886422 1
0 0.485 0.155 0.0003126064756 1
0 0.485 0.165 0.0003053185568 1
0 0.485 0.175 0.0003116465163 1
0 0.485 0.185 0.0003069649313 1
0 0.485 0.195 0.0002994552817 1
0 0.485 0.205 0.0002958289914 1
0 0.485 0.215 0.0002955907461 1
0 0.485 0.225 0.0002988308893 1
0 0.485 0.235 0.0003063852757 1
0 0.485 0.245 0.0003125325125 1
0 0.485 0.255 0.0003085051503 1
0 0.485 0.265 0.0003461768927 2
0 0.485 0.275 0.0004134859638 2
0 0.485 0.285 0.0004397799249 2
0 0.485 0.295 0.0004356283703 2
0 0.485 0.305 0.0004211519794 2
0 0.485 0.315 0.00039776067 2
0 0.485 0.325 0.0003693223091 2
0 0.485 0.335 0.0003365155542 2
0 0.485 0.345 0.000300010484 2
0 0.485 0.355 0.0002600394947 2
0 0.485 0.365 0.0002167181624 2
0 0.485 0.375 0.000170291215 2
0 0.485 0.385 0.0001199027718 2
0 0.485 0.395 6.96429447e-05 2
0 0.485 0.405 0 2
0 0.485 0.415 0 2
0 0.485 0.425 0 2
0 0.485 0.435 0 2
0 0.485 0.445 0 2
0 0.485 0.455 0 2
0 0.485 0.465 0 2
0 0.495 -0.455 0 2
0 0.495 -0.445 0 2
0 0.495 -0.435 0 1
0 0.495 -0.425 0 1
0 0.495 -0.415 0 1
0 0.495 -0.405 0 1
0 0.495 -0.395 5.143217586e-05 1
0 0.495 -0.385 8.401472066e-05 2
0 0.495 -0.375 0.0001248514107 2
0 0.495 -0.365 0.0001659749732 2
0 0.495 -0.355 0.0002061103604 1
0 0.495 -0.345 0.0002389930108 1
0 0.495 -0.335 0.0002666664491 1
0 0.495 -0.325 0.0002878602965 1
0 0.495 -0.315 0.0002998201918 1
0 0.495 -0.305 0.0002997088192 1
0 0.495 -0.295 0.0002763162551 1
0 0.495 -0.285 0.0002072314355 2
0 0.495 -0.275 0.0001419142314 1
0 0.495 -0.265 0.0001466175157 1
0 0.495 -0.255 0.0001746736121 1
0 0.495 -0.245 0.0001931621112 1
0 0.495 -0.235 0.0002096964674 1
0 0.495 -0.225 0.0002101431263 1
0 0.495 -0.215 0.0001909945158 1
0 0.495 -0.205 0.000194029134 2
0 0.495 -0.195 0.0001694551051 2
0 0.495 -0.185 0.0001446097684 2
0 0.495 -0.175 0.0001377785148 2
0 0.495 -0.165 0.0001379110043 2
0 0.495 -0.155 0.0001451252286 2
0 0.495 -0.145 0.0001576247435 2
0 0.495 -0.135 0.0001738848104 2
0 0.495 -0.125 0.0001880071487 2
0 0.495 -0.115 0.0001941996165 2
0 0.495 -0.105 0.0001947091666 2
0 0.495 -0.095 0.0001924242513 2
0 0.495 -0.085 0.0001901705696 2
0 0.495 -0.075 0.0001894192508 2
0 0.495 -0.065 0.0001904040386 2
0 0.495 -0.055 0.0001930036566 2
0 0.495 -0.045 0.0001971269171 2
0 0.495 -0.035 0.0002029675803 2
0 0.495 -0.025 0.0002111826763 2
0 0.495 -0.015 0.0002226835424 2
0 0.495 -0.005 0.000240052285 2
0 0.495 0.005 0.0002655808965 2
0 0.495 0.015 0.0003003339237 2
0 0.495 0.025 0.0003353610519 1
0 0.495 0.035 0.000358350568 1
0 0.495 0.045 0.0003746651451 1
0 0.495 0.055 0.0003866529327 1
0 0.495 0.065 0.0003947549128 1
0 0.495 0.075 0.0003984619046 1
0 0.495 0.085 0.0003931892967 1
0 0.495 0.095 0.0003800576294 1
0 0.495 0.105 0.0003619222747 1
0 0.495 0.115 0.0003405679104 1
0 0.495 0.125 0.0003166743203 1
0 0.495 0.135 0.000289443769 1
0 0.495 0.145 0.0002578964511 1
0 0.495 0.155 0.0002217772399 1
0 0.495 0.165 0.0001966082894 1
0 0.495 0.175 0.0001853936201 1
0 0.495 0.185 0.0001702811476 1
0 0.495 0.195 0.0001538759812 1
0 0.495 0.205 0.0001422242555 1
0 0.495 0.215 0.0001362808313 1
0 0.495 0.225 0.0001359948353 1
0 0.495 0.235 0.000139203145 1
0 0.495 0.245 0.0001406230047 1
0 0.495 0.255 0.0001305122801 1
0 0.495 0.265 0.0001367216602 1
0 0.495 0.275 0.0001985042373 2
0 0.495 0.285 0.0002322496325 2
0 0.495 0.295 0.000240315032 2
0 0.495 0.305 0.0002427373981 2
0 0.495 0.315 0.0002393537491 2
0 0.495 0.325 0.0002327214385 2
0 0.495 0.335 0.0002224675611 2
0 0.495 0.345 0.0002083370308 2
0 0.495 0.355 0.0001897675866 2
0 0.495 0.365 0.0001661516666 2
0 0.495 0.375 0.0001370695221 2
0 0.495 0.385 0.0001011376495 2
0 0.495 0.395 6.172669383e-05 2
0 0.495 0.405 0 2
0 0.495 0.415 0 2
0 0.495 0.425 0 2
0 0.495 0.435 0 2
0 0.495 0.445 0 2
0 0.495 0.455 0 2
0 0.495 0.465 0 2
0 0.505 -0.455 0 2
0 0.505 -0.445 0 2
0 0.505 -0.435 0 2
0 0.505 -0.425 0 1
0 0.505 -0.415 0 1
0 0.505 -0.405 0 1
0 0.505 -0.395 4.753381041e-05 1
0 0.505 -0.385 7.81064059e-05 2
0 0.505 -0.375 0.0001084406524 2
0 0.505 -0.365 0.0001304128448 2
0 0.505 -0.355 0.0001532858029 2
0 0.505 -0.345 0.0001717443317 2
0 0.505 -0.335 0.0001844826407 2
0 0.505 -0.325 0.0001886731328 2
0 0.505 -0.315 0.0001816363469 2
0 0.505 -0.305 0.0001611379874 2
0 0.505 -0.295 0.0001121865701 2
0 0.505 -0.285 2.638564718e-05 1
0 0.505 -0.275 -1.07353589e-05 1
0 0.505 -0.265 -6.932236678e-06 1
0 0.505 -0.255 6.905546612e-06 1
0 0.505 -0.245 2.247218056e-05 1
0 0.505 -0.235 3.654994406e-05 1
0 0.505 -0.225 4.488805693e-05 1
0 0.505 -0.215 3.690055228e-05 1
0 0.505 -0.205 -4.050669227e-07 2
0 0.505 -0.195 -3.647638871e-05 2
0 0.505 -0.185 -3.808991946e-05 2
0 0.505 -0.175 -2.165718325e-05 2
0 0.505 -0.165 4.927329898e-06 2
0 0.505 -0.155 4.004457885e-05 2
0 0.505 -0.145 8.193177432e-05 2
0 0.505 -0.135 0.00012952072 2
0 0.505 -0.125 0.0001780975871 2
0 0.505 -0.115 0.0002192386378 2
0 0.505 -0.105 0.0002520469729 2
0 0.505 -0.095 0.0002800538823 2
0 0.505 -0.085 0.000309013975 2
0 0.505 -0.075 0.0003388403235 2
0 0.505 -0.065 0.0003684485552 2
0 0.505 -0.055 0.0003967271187 2
0 0.505 -0.045 0.0004226559837 2
0 0.505 -0.035 0.0004458199461 2
0 0.505 -0.025 0.0004659144723 2
0 0.505 -0.015 0.0004829180853 2
0 0.505 -0.005 0.00049685996 2
0 0.505 0.005 0.0005078247594 2
0 0.505 0.015 0.0005157076015 2
0 0.505 0.025 0.0005189823586 1
0 0.505 0.035 0.0005212865159 1
0 0.505 0.045 0.0005199400951 1
0 0.505 0.055 0.0005136353271 1
0 0.505 0.065 0.0005013437299 1
0 0.505 0.075 0.0004820116166 1
0 0.505 0.085 0.0004539211384 1
0 0.505 0.095 0.0004182624413 1
0 0.505 0.105 0.0003779806649 1
0 0.505 0.115 0.0003346551901 1
0 0.505 0.125 0.00028878216 1
0 0.505 0.135 0.0002401801915 1
0 0.505 0.145 0.000189964404 1
0 0.505 0.155 0.0001405358308 1
0 0.505 0.165 9.786286862e-05 1
0 0.505 0.175 6.364558662e-05 1
0 0.505 0.185 3.331870969e-05 1
0 0.505 0.195 7.043785615e-06 1
0 0.505 0.205 -1.292075454e-05 1
0 0.505 0.215 -2.477744623e-05 1
0 0.505 0.225 -2.871352609e-05 1
0 0.505 0.235 -2.845646791e-05 1
0 0.505 0.245 -2.850353196e-05 1
0 0.505 0.255 -3.437180156e-05 1
0 0.505 0.265 -3.434151604e-05 1
0 0.505 0.275 -6.862189297e-06 2
0 0.505 0.285 2.132006432e-05 2
0 0.505 0.295 4.207512908e-05 2
0 0.505 0.305 6.161212551e-05 2
0 0.505 0.315 7.939308782e-05 2
0 0.505 0.325 9.534175246e-05 2
0 0.505 0.335 0.0001081959934 2
0 0.505 0.345 0.0001167615205 2
0 0.505 0.355 0.0001197501286 2
0 0.505 0.365 0.0001158761709 2
0 0.505 0.375 0.0001040975106 2
0 0.505 0.385 8.253352642e-05 2
0 0.505 0.395 5.387999047e-05 2
0 0.505 0.405 0 2
0 0.505 0.415 0 2
0 0.505 0.425 0 2
0 0.505 0.435 0 2
0 0.505 0.445 0 2
0 0.505 0.455 0 2
0 0.505 0.465 0 2
0 0.515 -0.455 0 2
0 0.515 -0.445 0 2
0 0.515 -0.435 0 2
0 0.515 -0.425 0 2
0 0.515 -0.415 0 2
0 0.515 -0.405 0 2
0 0.515 -0.395 3.939345455e-05 2
0 0.515 -0.385 6.673669373e-05 2
0 0.515 -0.375 8.500289469e-05 2
0 0.515 -0.365 8.95813163e-05 2
0 0.515 -0.355 9.481352333e-05 2
0 0.515 -0.345 9.556569936e-05 2
0 0.515 -0.335 9.03055807e-05 2
0 0.515 -0.325 7.513677936e-05 2
0 0.515 -0.315 4.737595301e-05 2
0 0.515 -0.305 -4.130693868e-07 2
0 0.515 -0.295 -7.096410563e-05 2
0 0.515 -0.285 -0.0001329612897 1
0 0.515 -0.275 -0.0001570190922 1
0 0.515 -0.265 -0.0001615683664 1
0 0.515 -0.255 -0.0001571093802 1
0 0.515 -0.245 -0.0001448890968 1
0 0.515 -0.235 -0.0001347822547 1
0 0.515 -0.225 -0.0001155124647 1
0 0.515 -0.215 -0.0001120517803 1
0 0.515 -0.205 -0.0001867426061 2
0 0.515 -0.195 -0.0002169596686 1
0 0.515 -0.185 -0.0001951783327 1
0 0.515 -0.175 -0.000162694626 1
0 0.515 -0.165 -0.000114240073 1
0 0.515 -0.155 -5.563726195e-05 1
0 0.515 -0.145 1.173655772e-05 1
0 0.515 -0.135 8.494762435e-05 1
0 0.515 -0.125 0.0001613397904 2
0 0.515 -0.115 0.0002369246063 2
0 0.515 -0.105 0.0003036955589 2
0 0.515 -0.095 0.0003617458536 2
0 0.515 -0.085 0.0004216625164 2
0 0.515 -0.075 0.0004834847433 2
0 0.515 -0.065 0.0005419155834 2
0 0.515 -0.055 0.0005958645039 2
0 0.515 -0.045 0.0006433747616 2
0 0.515 -0.035 0.0006835592469 2
0 0.515 -0.025 0.0007151732347 2
0 0.515 -0.015 0.0007372412522 2
0 0.515 -0.005 0.0007472162157 2
0 0.515 0.005 0.0007431787953 2
0 0.515 0.015 0.0007243778391 2
0 0.515 0.025 0.0006972893682 1
0 0.515 0.035 0.0006803808906 1
0 0.515 0.045 0.0006621312449 1
0 0.515 0.055 0.0006374544159 1
0 0.515 0.065 0.0006048732666 1
0 0.515 0.075 0.0005633325768 1
0 0.515 0.085 0.0005122807502 1
0 0.515 0.095 0.0004535077342 1
0 0.515 0.105 0.0003916105674 1
0 0.515 0.115 0.0003277127183 1
0 0.515 0.125 0.0002616945809 1
0 0.515 0.135 0.0001933243135 1
0 0.515 0.145 0.0001246419199 1
0 0.515 0.155 5.840341379e-05 1
0 0.515 0.165 -1.380786908e-06 1
0 0.515 0.175 -5.30928099e-05 1
0 0.515 0.185 -9.818767891e-05 1
0 0.515 0.195 -0.0001363110307 1
0 0.515 0.205 -0.0001655550791 1
0 0.515 0.215 -0.0001837767079 1
0 0.515 0.225 -0.0001907032031 1
0 0.515 0.235 -0.0001908137124 1
0 0.515 0.245 -0.0001941654115 1
0 0.515 0.255 -0.0001961978804 1
0 0.515 0.265 -0.0001939952224 1
0 0.515 0.275 -0.000200555347 2
0 0.515 0.285 -0.0001866673538 2
0 0.515 0.295 -0.0001547361019 2
0 0.515 0.305 -0.0001181590989 2
0 0.515 0.315 -7.887908613e-05 2
0 0.515 0.325 -4.02369402e-05 2
0 0.515 0.335 -4.267139744e-06 2
0 0.515 0.345 2.689142247e-05 2
0 0.515 0.355 5.125633957e-05 2
0 0.515 0.365 6.688398e-05 2
0 0.515 0.375 7.212868283e-05 2
0 0.515 0.385 6.462108635e-05 2
0 0.515 0.395 4.642005228e-05 2
0 0.515 0.405 0 2
0 0.515 0.415 0 2
0 0.515 0.425 0 2
0 0.515 0.435 0 2
0 0.515 0.445 0 2
0 0.515 0.455 0 2
0 0.515 0.465 0 2
0 0.525 -0.455 0 2
0 0.525 -0.445 0 2
0 0.525 -0.435 0 2
0 0.525 -0.425 0 2
0 0.525 -0.415 0 2
0 0.525 -0.405 0 2
0 0.525 -0.395 3.215766496e-05 2
0 0.525 -0.385 5.000737074e-05 2
0 0.525 -0.375 5.678735575e-05 2
0 0.525 -0.365 4.843289441e-05 2
0 0.525 -0.355 3.427063975e-05 2
0 0.525 -0.345 1.310713885e-05 2
0 0.525 -0.335 -1.444591658e-05 2
0 0.525 -0.325 -5.119121855e-05 2
0 0.525 -0.315 -9.85906256e-05 2
0 0.525 -0.305 -0.0001682387286 2
0 0.525 -0.295 -0.0002494360995 2
0 0.525 -0.285 -0.0002832552403 1
0 0.525 -0.275 -0.0003028801313 1
0 0.525 -0.265 -0.0003170410033 1
0 0.525 -0.255 -0.0003191459321 1
0 0.525 -0.245 -0.000311242392 1
0 0.525 -0.235 -0.0003019338111 1
0 0.525 -0.225 -0.0002813707381 1
0 0.525 -0.215 -0.0002886025949 2
0 0.525 -0.205 -0.0003578404606 1
0 0.525 -0.195 -0.00036460882 1
0 0.525 -0.185 -0.0003304878776 1
0 0.525 -0.175 -0.0002854108873 1
0 0.525 -0.165 -0.0002195739444 1
0 0.525 -0.155 -0.0001412918265 1
0 0.525 -0.145 -5.1993974e-05 1
0 0.525 -0.135 4.319306336e-05 1
0 0.525 -0.125 0.000142069188 1
0 0.525 -0.115 0.0002465373526 1
0 0.525 -0.105 0.0003474847383 2
0 0.525 -0.095 0.0004365612741 2
0 0.525 -0.085 0.000528277064 2
0 0.525 -0.075 0.0006232242321 2
0 0.525 -0.065 0.0007101528272 2
0 0.525 -0.055 0.0007891847979 2
0 0.525 -0.045 0.0008576725158 2
0 0.525 -0.035 0.0009143503447 2
0 0.525 -0.025 0.0009572151741 2
0 0.525 -0.015 0.0009846664806 2
0 0.525 -0.005 0.0009918203534 2
0 0.525 0.005 0.0009773158689 2
0 0.525 0.015 0.0009290555366 2
0 0.525 0.025 0.0008645343568 1
0 0.525 0.035 0.0008343324097 1
0 0.525 0.045 0.0008026824653 1
0 0.525 0.055 0.0007584935512 1
0 0.525 0.065 0.0007060204363 1
0 0.525 0.075 0.0006441656358 1
0 0.525 0.085 0.000570395093 1
0 0.525 0.095 0.0004869158709 1
0 0.525 0.105 0.0004041926791 1
0 0.525 0.115 0.0003212072466 1
0 0.525 0.125 0.0002359859254 1
0 0.525 0.135 0.0001477747681 1
0 0.525 0.145 6.097210536e-05 1
0 0.525 0.155 -2.216320053e-05 1
0 0.525 0.165 -9.871740271e-05 1
0 0.525 0.175 -0.0001664753773 1
0 0.525 0.185 -0.0002261238103 1
0 0.525 0.195 -0.0002769609036 1
0 0.525 0.205 -0.0003169711681 1
0 0.525 0.215 -0.0003438334447 1
0 0.525 0.225 -0.0003521395161 1
0 0.525 0.235 -0.0003462578129 1
0 0.525 0.245 -0.0003515685772 1
0 0.525 0.255 -0.0003584697591 1
0 0.525 0.265 -0.0003627917353 1
0 0.525 0.275 -0.0003989463862 2
0 0.525 0.285 -0.0003895241435 2
0 0.525 0.295 -0.0003450745107 2
0 0.525 0.305 -0.0002917124259 2
0 0.525 0.315 -0.0002317520311 2
0 0.525 0.325 -0.0001711120504 2
0 0.525 0.335 -0.0001126824881 2
0 0.525 0.345 -5.953040773e-05 2
0 0.525 0.355 -1.435513846e-05 2
0 0.525 0.365 2.022743582e-05 2
0 0.525 0.375 4.195713018e-05 2
0 0.525 0.385 4.795779723e-05 2
0 0.525 0.395 3.967988585e-05 2
0 0.525 0.405 0 2
0 0.525 0.415 0 2
0 0.525 0.425 0 2
0 0.525 0.435 0 2
0 0.525 0.445 0 2
0 0.525 0.455 0 2
0 0.525 0.465 0 2
0 0.535 -0.455 0 2
0 0.535 -0.445 0 2
0 0.535 -0.435 0 2
0 0.535 -0.425 0 2
0 0.535 -0.415 0 2
0 0.535 -0.405 0 2
0 0.535 -0.395 2.680794212e-05 2
0 0.535 -0.385 3.350080503e-05 2
0 0.535 -0.375 2.821409985e-05 2
0 0.535 -0.365 7.196399188e-06 2
0 0.535 -0.355 -2.494323057e-05 2
0 0.535 -0.345 -6.65288929e-05 2
0 0.535 -0.335 -0.0001157752316 2
0 0.535 -0.325 -0.0001734902276 2
0 0.535 -0.315 -0.000238991466 2
0 0.535 -0.305 -0.000319492509 2
0 0.535 -0.295 -0.0004034410497 1
0 0.535 -0.285 -0.0004322671653 1
0 0.535 -0.275 -0.0004538030686 1
0 0.535 -0.265 -0.000473466472 1
0 0.535 -0.255 -0.0004811785501 1
0 0.535 -0.245 -0.0004777500608 1
0 0.535 -0.235 -0.0004638490374 1
0 0.535 -0.225 -0.0004466696403 1
0 0.535 -0.215 -0.0004722170464 2
0 0.535 -0.205 -0.0005066998036 1
0 0.535 -0.195 -0.0004944620305 1
0 0.535 -0.185 -0.0004515241937 1
0 0.535 -0.175 -0.0003920234421 1
0 0.535 -0.165 -0.0003119245268 1
0 0.535 -0.155 -0.0002167684244 1
0 0.535 -0.145 -0.0001094323718 1
0 0.535 -0.135 5.295868222e-06 1
0 0.535 -0.125 0.0001255919215 1
0 0.535 -0.115 0.0002519359121 1
0 0.535 -0.105 0.0003815440208 1
0 0.535 -0.095 0.0005058187114 2
0 0.535 -0.085 0.0006314917735 2
0 0.535 -0.075 0.0007580694721 2
0 0.535 -0.065 0.000872581771 2
0 0.535 -0.055 0.0009755035227 2
0 0.535 -0.045 0.001064007273 2
0 0.535 -0.035 0.001136405287 2
0 0.535 -0.025 0.00119016266 2
0 0.535 -0.015 0.001223275974 2
0 0.535 -0.005 0.00122937348 2
0 0.535 0.005 0.001209619642 2
0 0.535 0.015 0.00113692831 2
0 0.535 0.025 0.001031041293 1
0 0.535 0.035 0.0009882170455 1
0 0.535 0.045 0.0009411137302 1
0 0.535 0.055 0.0008758859284 1
0 0.535 0.065 0.0008038859386 1
0 0.535 0.075 0.000723249414 1
0 0.535 0.085 0.0006287542385 1
0 0.535 0.095 0.0005212377763 1
0 0.535 0.105 0.000417932837 1
0 0.535 0.115 0.0003156198071 1
0 0.535 0.125 0.0002114607278 1
0 0.535 0.135 0.0001044727737 1
0 0.535 0.145 -4.705605767e-07 1
0 0.535 0.155 -0.0001033094466 1
0 0.535 0.165 -0.0001961718206 1
0 0.535 0.175 -0.0002778216207 1
0 0.535 0.185 -0.0003513025983 1
0 0.535 0.195 -0.00041469019 1
0 0.535 0.205 -0.0004667716884 1
0 0.535 0.215 -0.0005022277806 1
0 0.535 0.225 -0.0005124305862 1
0 0.535 0.235 -0.0005088529446 1
0 0.535 0.245 -0.0005206606434 1
0 0.535 0.255 -0.000534473287 1
0 0.535 0.265 -0.0005630537683 2
0 0.535 0.275 -0.0005983355118 2
0 0.535 0.285 -0.000580598586 2
0 0.535 0.295 -0.0005243825451 2
0 0.535 0.305 -0.0004549354984 2
0 0.535 0.315 -0.0003759861497 2
0 0.535 0.325 -0.0002947124336 2
0 0.535 0.335 -0.0002150269569 2
0 0.535 0.345 -0.0001409041808 2
0 0.535 0.355 -7.582185113e-05 2
0 0.535 0.365 -2.310719345e-05 2
0 0.535 0.375 1.433116513e-05 2
0 0.535 0.385 3.307037909e-05 2
0 0.535 0.395 3.39742595e-05 2
0 0.535 0.405 0 2
0 0.535 0.415 0 2
0 0.535 0.425 0 2
0 0.535 0.435 0 2
0 0.535 0.445 0 2
0 0.535 0.455 0 2
0 0.535 0.465 0 2
0 0.545 -0.455 0 2
0 0.545 -0.445 0 2
0 0.545 -0.435 0 2
0 0.545 -0.425 0 2
0 0.545 -0.415 0 2
0 0.545 -0.405 0 2
0 0.545 -0.395 2.486430442e-05 2
0 0.545 -0.385 2.200344787e-05 2
0 0.545 -0.375 3.710729875e-06 2
0 0.545 -0.365 -3.232700018e-05 2
0 0.545 -0.355 -8.25511734e-05 2
0 0.545 -0.345 -0.0001445458114 2
0 0.545 -0.335 -0.0002156383258 2
0 0.545 -0.325 -0.0002937836614 2
0 0.545 -0.315 -0.0003774742916 2
0 0.545 -0.305 -0.0004605705498 2
0 0.545 -0.295 -0.0005284674559 1
0 0.545 -0.285 -0.0005734936027 1
0 0.545 -0.275 -0.0006053985208 1
0 0.545 -0.265 -0.0006291251355 1
0 0.545 -0.255 -0.0006427745621 1
0 0.545 -0.245 -0.0006426133815 1
0 0.545 -0.235 -0.0006249537021 1
0 0.545 -0.225 -0.0006197451583 1
0 0.545 -0.215 -0.0006593062605 2
0 0.545 -0.205 -0.0006515414593 1
0 0.545 -0.195 -0.0006215261563 1
0 0.545 -0.185 -0.0005711037819 1
0 0.545 -0.175 -0.0004962790245 1
0 0.545 -0.165 -0.0004019009652 1
0 0.545 -0.155 -0.0002899224263 1
0 0.545 -0.145 -0.0001645094128 1
0 0.545 -0.135 -2.941957799e-05 1
0 0.545 -0.125 0.0001120469411 1
0 0.545 -0.115 0.0002576359024 1
0 0.545 -0.105 0.0004090354888 1
0 0.545 -0.095 0.0005692637766 2
0 0.545 -0.085 0.0007311072318 2
0 0.545 -0.075 0.0008875025126 2
0 0.545 -0.065 0.001028235399 2
0 0.545 -0.055 0.001153570242 2
0 0.545 -0.045 0.001260928151 2
0 0.545 -0.035 0.001348079694 2
0 0.545 -0.025 0.001412135008 2
0 0.545 -0.015 0.001450655138 2
0 0.545 -0.005 0.00145726433 2
0 0.545 0.005 0.001432099795 2
0 0.545 0.015 0.001348484923 2
0 0.545 0.025 0.001220526983 2
0 0.545 0.035 0.001136668556 1
0 0.545 0.045 0.001072412236 1
0 0.545 0.055 0.0009902305313 1
0 0.545 0.065 0.0008997061977 1
0 0.545 0.075 0.0007993342562 1
0 0.545 0.085 0.0006841325519 1
0 0.545 0.095 0.0005594957152 2
0 0.545 0.105 0.0004348973757 2
0 0.545 0.115 0.0003084803447 2
0 0.545 0.125 0.0001812855461 2
0 0.545 0.135 5.84388188e-05 1
0 0.545 0.145 -6.285004952e-05 1
0 0.545 0.155 -0.0001830096014 1
0 0.545 0.165 -0.0002896522298 1
0 0.545 0.175 -0.0003846090192 1
0 0.545 0.185 -0.0004707902133 1
0 0.545 0.195 -0.000545307943 1
0 0.545 0.205 -0.0006088151695 1
0 0.545 0.215 -0.0006545550305 1
0 0.545 0.225 -0.0006750576283 1
0 0.545 0.235 -0.0007017119125 2
0 0.545 0.245 -0.0007201375734 2
0 0.545 0.255 -0.0007395261645 2
0 0.545 0.265 -0.0007745230889 2
0 0.545 0.275 -0.0007882194605 2
0 0.545 0.285 -0.0007555901097 2
0 0.545 0.295 -0.0006899911625 2
0 0.545 0.305 -0.0006056250992 2
0 0.545 0.315 -0.000509600113 2
0 0.545 0.325 -0.0004093213162 2
0 0.545 0.335 -0.0003098368919 2
0 0.545 0.345 -0.0002160033894 2
0 0.545 0.355 -0.000132134402 2
0 0.545 0.365 -6.230851164e-05 2
0 0.545 0.375 -1.012248523e-05 2
0 0.545 0.385 2.040370161e-05 2
0 0.545 0.395 2.956929003e-05 2
0 0.545 0.405 0 2
0 0.545 0.415 0 2
0 0.545 0.425 0 2
0 0.545 0.435 0 2
0 0.545 0.445 0 2
0 0.545 0.455 0 2
0 0.545 0.465 0 2
0 0.555 -0.455 0 2
0 0.555 -0.445 0 2
0 0.555 -0.435 0 2
0 0.555 -0.425 0 2
0 0.555 -0.415 0 2
0 0.555 -0.405 0 2
0 0.555 -0.395 2.386226592e-05 2
0 0.555 -0.385 1.300297587e-05 2
0 0.555 -0.375 -1.729100422e-05 2
0 0.555 -0.365 -6.820247253e-05 2
0 0.555 -0.355 -0.0001360613385 2
0 0.555 -0.345 -0.000217704082 2
0 0.555 -0.335 -0.0003096682734 2
0 0.555 -0.325 -0.0004071792615 2
0 0.555 -0.315 -0.0005084681508 2
0 0.555 -0.305 -0.0005939155612 2
0 0.555 -0.295 -0.0006475495663 1
0 0.555 -0.285 -0.0007086485738 1
0 0.555 -0.275 -0.0007514953585 1
0 0.555 -0.265 -0.0007805391667 1
0 0.555 -0.255 -0.0008000125853 1
0 0.555 -0.245 -0.0008011212777 1
0 0.555 -0.235 -0.0007915046871 1
0 0.555 -0.225 -0.0008225507875 2
0 0.555 -0.215 -0.0008498416181 2
0 0.555 -0.205 -0.0007989130577 1
0 0.555 -0.195 -0.0007461764993 1
0 0.555 -0.185 -0.0006807866685 1
0 0.555 -0.175 -0.0005951823677 1
0 0.555 -0.165 -0.0004876503271 1
0 0.555 -0.155 -0.000358895531 1
0 0.555 -0.145 -0.0002158319765 1
0 0.555 -0.135 -6.193579414e-05 1
0 0.555 -0.125 9.898859597e-05 1
0 0.555 -0.115 0.0002635933483 1
0 0.555 -0.105 0.0004356018126 1
0 0.555 -0.095 0.0006296605891 2
0 0.555 -0.085 0.0008267615951 2
0 0.555 -0.075 0.001010427209 2
0 0.555 -0.065 0.001175844173 2
0 0.555 -0.055 0.001322207528 2
0 0.555 -0.045 0.001447240523 2
0 0.555 -0.035 0.001548131904 2
0 0.555 -0.025 0.001621749805 2
0 0.555 -0.015 0.001665149353 2
0 0.555 -0.005 0.001673124789 2
0 0.555 0.005 0.001641849264 2
0 0.555 0.015 0.001561184153 2
0 0.555 0.025 0.00142858837 2
0 0.555 0.035 0.001289586275 1
0 0.555 0.045 0.001198596393 1
0 0.555 0.055 0.001098989947 1
0 0.555 0.065 0.0009900628612 1
0 0.555 0.075 0.0008722260721 1
0 0.555 0.085 0.0007415283758 1
0 0.555 0.095 0.0006086770605 2
0 0.555 0.105 0.0004593022478 2
0 0.555 0.115 0.0003015904237 2
0 0.555 0.125 0.000146203591 2
0 0.555 0.135 7.040819998e-07 2
0 0.555 0.145 -0.0001379351381 2
0 0.555 0.155 -0.0002664891957 1
0 0.555 0.165 -0.0003877655366 1
0 0.555 0.175 -0.0004983434443 1
0 0.555 0.185 -0.0005974560659 1
0 0.555 0.195 -0.0006830709358 1
0 0.555 0.205 -0.000754781604 1
0 0.555 0.215 -0.0008105262115 1
0 0.555 0.225 -0.0008648470053 2
0 0.555 0.235 -0.0009150414363 2
0 0.555 0.245 -0.0009403370406 2
0 0.555 0.255 -0.0009584089214 2
0 0.555 0.265 -0.0009780629348 2
0 0.555 0.275 -0.000967582076 2
0 0.555 0.285 -0.0009192441134 2
0 0.555 0.295 -0.0008424992958 2
0 0.555 0.305 -0.000744013849 2
0 0.555 0.315 -0.0006321778817 2
0 0.555 0.325 -0.0005142697552 2
0 0.555 0.335 -0.0003963516226 2
0 0.555 0.345 -0.0002840849219 2
0 0.555 0.355 -0.0001826210614 2
0 0.555 0.365 -9.680461268e-05 2
0 0.555 0.375 -3.094704823e-05 2
0 0.555 0.385 1.028664732e-05 2
0 0.555 0.395 2.666165244e-05 2
0 0.555 0.405 0 2
0 0.555 0.415 0 2
0 0.555 0.425 0 2
0 0.555 0.435 0 2
0 0.555 0.445 0 2
0 0.555 0.455 0 2
0 0.555 0.465 0 2
0 0.565 -0.455 0 2
0 0.565 -0.445 0 2
0 0.565 -0.435 0 2
0 0.565 -0.425 0 2
0 0.565 -0.415 0 2
0 0.565 -0.405 0 2
0 0.565 -0.395 2.406021571e-05 2
0 0.565 -0.385 6.756279294e-06 2
0 0.565 -0.375 -3.417990851e-05 2
0 0.565 -0.365 -9.90982187e-05 2
0 0.565 -0.355 -0.0001836256052 2
0 0.565 -0.345 -0.0002837205208 2
0 0.565 -0.335 -0.0003949456854 2
0 0.565 -0.325 -0.000510711691 2
0 0.565 -0.315 -0.0006271487125 2
0 0.565 -0.305 -0.000722665759 2
0 0.565 -0.295 -0.0007804454475 2
0 0.565 -0.285 -0.0008355324632 1
0 0.565 -0.275 -0.0008823846507 1
0 0.565 -0.265 -0.0009205817127 1
0 0.565 -0.255 -0.0009493173077 1
0 0.565 -0.245 -0.0009590495582 1
0 0.565 -0.235 -0.0009881572545 2
0 0.565 -0.225 -0.001033683373 2
0 0.565 -0.215 -0.001037825365 2
0 0.565 -0.205 -0.0009650651332 2
0 0.565 -0.195 -0.0008763247176 1
0 0.565 -0.185 -0.0007907993702 1
0 0.565 -0.175 -0.0006918835418 1
0 0.565 -0.165 -0.0005676531893 1
0 0.565 -0.155 -0.0004224349203 1
0 0.565 -0.145 -0.0002629060624 1
0 0.565 -0.135 -9.16302415e-05 1
0 0.565 -0.125 8.782440489e-05 1
0 0.565 -0.115 0.0002719300532 1
0 0.565 -0.105 0.0004664645252 1
0 0.565 -0.095 0.000691767328 2
0 0.565 -0.085 0.0009178077059 2
0 0.565 -0.075 0.001125899873 2
0 0.565 -0.065 0.001314356888 2
0 0.565 -0.055 0.001480587 2
0 0.565 -0.045 0.001622197719 2
0 0.565 -0.035 0.001735905171 2
0 0.565 -0.025 0.001818409424 2
0 0.565 -0.015 0.001866385045 2
0 0.565 -0.005 0.001875993585 2
0 0.565 0.005 0.001842491183 2
0 0.565 0.015 0.00176690976 2
0 0.565 0.025 0.001638297897 2
0 0.565 0.035 0.001473042211 2
0 0.565 0.045 0.001332874137 1
0 0.565 0.055 0.001212226436 1
0 0.565 0.065 0.001084908643 1
0 0.565 0.075 0.0009510661899 1
0 0.565 0.085 0.0008141195831 2
0 0.565 0.095 0.0006645834315 2
0 0.565 0.105 0.0004868974832 2
0 0.565 0.115 0.0002974494 2
0 0.565 0.125 0.0001138592171 2
0 0.565 0.135 -5.974940373e-05 2
0 0.565 0.145 -0.0002206683818 2
0 0.565 0.155 -0.0003626454444 2
0 0.565 0.165 -0.0004975559925 2
0 0.565 0.175 -0.0006236882097 2
0 0.565 0.185 -0.0007370836357 2
0 0.565 0.195 -0.0008356806211 2
0 0.565 0.205 -0.0009183752414 2
0 0.565 0.215 -0.0009925367513 2
0 0.565 0.225 -0.001074106535 2
0 0.565 0.235 -0.00113664749 2
0 0.565 0.245 -0.001166079633 2
0 0.565 0.255 -0.00117547933 2
0 0.565 0.265 -0.001169723672 2
0 0.565 0.275 -0.00113798484 2
0 0.565 0.285 -0.001075329054 2
0 0.565 0.295 -0.0009844832767 2
0 0.565 0.305 -0.0008716729003 2
0 0.565 0.315 -0.0007443580875 2
0 0.565 0.325 -0.0006096955404 2
0 0.565 0.335 -0.0004744149492 2
0 0.565 0.345 -0.0003448559293 2
0 0.565 0.355 -0.0002269452344 2
0 0.565 0.365 -0.0001262731392 2
0 0.565 0.375 -4.786928237e-05 2
0 0.565 0.385 2.919965108e-06 2
0 0.565 0.395 2.537042828e-05 2
0 0.565 0.405 0 2
0 0.565 0.415 0 2
0 0.565 0.425 0 2
0 0.565 0.435 0 2
0 0.565 0.445 0 2
0 0.565 0.455 0 2
0 0.565 0.465 0 2
0 0.575 -0.455 0 2
0 0.575 -0.445 0 2
0 0.575 -0.435 0 2
0 0.575 -0.425 0 2
0 0.575 -0.415 0 2
0 0.575 -0.405 0 2
0 0.575 -0.395 2.56108173e-05 2
0 0.575 -0.385 3.304044001e-06 2
0 0.575 -0.375 -4.672533909e-05 2
0 0.575 -0.365 -0.0001242018947 2
0 0.575 -0.355 -0.0002238606924 2
0 0.575 -0.345 -0.000340735469 2
0 0.575 -0.335 -0.0004692562388 2
0 0.575 -0.325 -0.0006020156259 2
0 0.575 -0.315 -0.000731592024 2
0 0.575 -0.305 -0.0008440967545 2
0 0.575 -0.295 -0.0009209671279 2
0 0.575 -0.285 -0.0009655797759 1
0 0.575 -0.275 -0.001014670669 1
0 0.575 -0.265 -0.001061436235 1
0 0.575 -0.255 -0.001099258628 1
0 0.575 -0.245 -0.001143364034 2
0 0.575 -0.235 -0.001195845253 2
0 0.575 -0.225 -0.001232011406 2
0 0.575 -0.215 -0.001216162533 2
0 0.575 -0.205 -0.001136534903 2
0 0.575 -0.195 -0.001025786693 2
0 0.575 -0.185 -0.0009152463381 2
0 0.575 -0.175 -0.0007879356315 1
0 0.575 -0.165 -0.0006461487431 1
0 0.575 -0.155 -0.0004861339459 1
0 0.575 -0.145 -0.0003099854753 1
0 0.575 -0.135 -0.0001210890682 1
0 0.575 -0.125 7.757141196e-05 1
0 0.575 -0.115 0.0002825878925 1
0 0.575 -0.105 0.0005046681045 2
0 0.575 -0.095 0.000753130632 2
0 0.575 -0.085 0.001002693292 2
0 0.575 -0.075 0.001233885598 2
0 0.575 -0.065 0.001443538751 2
0 0.575 -0.055 0.00162844744 2
0 0.575 -0.045 0.001785574517 2
0 0.575 -0.035 0.001911287644 2
0 0.575 -0.025 0.002002153049 2
0 0.575 -0.015 0.002054757114 2
0 0.575 -0.005 0.002066092452 2
0 0.575 0.005 0.002032813211 2
0 0.575 0.015 0.001954420957 2
0 0.575 0.025 0.001828235709 2
0 0.575 0.035 0.001660693812 2
0 0.575 0.045 0.001488627152 2
0 0.575 0.055 0.001339273453 2
0 0.575 0.065 0.001192295314 2
0 0.575 0.075 0.001042541611 2
0 0.575 0.085 0.0008891847496 2
0 0.575 0.095 0.00071129947 2
0 0.575 0.105 0.0005080147945 2
0 0.575 0.115 0.0002964028142 2
0 0.575 0.125 8.820354855e-05 2
0 0.575 0.135 -0.0001130782959 2
0 0.575 0.145 -0.0002993913408 2
0 0.575 0.155 -0.0004638639147 2
0 0.575 0.165 -0.0006159035936 2
0 0.575 0.175 -0.0007582307883 2
0 0.575 0.185 -0.0008877836312 2
0 0.575 0.195 -0.001001984639 2
0 0.575 0.205 -0.00110121111 2
0 0.575 0.215 -0.001193343774 2
0 0.575 0.225 -0.001282056854 2
0 0.575 0.235 -0.001343115522 2
0 0.575 0.245 -0.001371238514 2
0 0.575 0.255 -0.001374433992 2
0 0.575 0.265 -0.001352679506 2
0 0.575 0.275 -0.001302986162 2
0 0.575 0.285 -0.00122389805 2
0 0.575 0.295 -0.001117828224 2
0 0.575 0.305 -0.0009899896888 2
0 0.575 0.315 -0.0008470594531 2
0 0.575 0.325 -0.0006961074403 2
0 0.575 0.335 -0.0005442377435 2
0 0.575 0.345 -0.0003983445998 2
0 0.575 0.355 -0.0002650369563 2
0 0.575 0.365 -0.0001506060701 2
0 0.575 0.375 -6.078213634e-05 2
0 0.575 0.385 -1.615405461e-06 2
0 0.575 0.395 2.574102264e-05 2
0 0.575 0.405 0 2
0 0.575 0.415 0 2
0 0.575 0.425 0 2
0 0.575 0.435 0 2
0 0.575 0.445 0 2
0 0.575 0.455 0 2
0 0.575 0.465 0 2
0 0.585 -0.455 0 2
0 0.585 -0.445 0 2
0 0.585 -0.435 0 2
0 0.585 -0.425 0 2
0 0.585 -0.415 0 2
0 0.585 -0.405 0 2
0 0.585 -0.395 2.875408247e-05 2
0 0.585 -0.385 2.893616994e-06 2
0 0.585 -0.375 -5.461790611e-05 2
0 0.585 -0.365 -0.0001430270377 2
0 0.585 -0.355 -0.0002561114603 2
0 0.585 -0.345 -0.0003879956089 2
0 0.585 -0.335 -0.000531986132 2
0 0.585 -0.325 -0.0006803231996 2
0 0.585 -0.315 -0.0008233070528 2
0 0.585 -0.305 -0.0009542545171 2
0 0.585 -0.295 -0.001053455096 2
0 0.585 -0.285 -0.001109450935 2
0 0.585 -0.275 -0.001163329556 2
0 0.585 -0.265 -0.001216689298 2
0 0.585 -0.255 -0.00126958217 2
0 0.585 -0.245 -0.001337001838 2
0 0.585 -0.235 -0.001392381807 2
0 0.585 -0.225 -0.001410637101 2
0 0.585 -0.215 -0.001382771772 2
0 0.585 -0.205 -0.001301990639 2
0 0.585 -0.195 -0.001182919754 2
0 0.585 -0.185 -0.00104753686 2
0 0.585 -0.175 -0.0008923928251 2
0 0.585 -0.165 -0.0007302600994 2
0 0.585 -0.155 -0.0005536006646 2
0 0.585 -0.145 -0.0003590466208 2
0 0.585 -0.135 -0.0001507048909 2
0 0.585 -0.125 6.80364316e-05 2
0 0.585 -0.115 0.0002965092836 2
0 0.585 -0.105 0.0005457660231 2
0 0.585 -0.095 0.0008152289019 2
0 0.585 -0.085 0.001083533159 2
0 0.585 -0.075 0.00133507191 2
0 0.585 -0.065 0.001563897283 2
0 0.585 -0.055 0.001766024231 2
0 0.585 -0.045 0.001937524367 2
0 0.585 -0.035 0.002074477391 2
0 0.585 -0.025 0.002173304764 2
0 0.585 -0.015 0.002230680065 2
0 0.585 -0.005 0.002243944936 2
0 0.585 0.005 0.002210964388 2
0 0.585 0.015 0.002130903917 2
0 0.585 0.025 0.002006653335 2
0 0.585 0.035 0.001841999196 2
0 0.585 0.045 0.001657530978 2
0 0.585 0.055 0.001481993762 2
0 0.585 0.065 0.001311533481 2
0 0.585 0.075 0.001138622952 2
0 0.585 0.085 0.000956639471 2
0 0.585 0.095 0.0007506238817 2
0 0.585 0.105 0.0005249402579 2
0 0.585 0.115 0.000292627761 2
0 0.585 0.125 6.097754322e-05 2
0 0.585 0.135 -0.0001623059414 2
0 0.585 0.145 -0.0003715845359 2
0 0.585 0.155 -0.0005639300989 2
0 0.585 0.165 -0.0007415028608 2
0 0.585 0.175 -0.0009050299422 2
0 0.585 0.185 -0.001053355545 2
0 0.585 0.195 -0.00118530078 2
0 0.585 0.205 -0.001300833061 2
0 0.585 0.215 -0.00140092579 2
0 0.585 0.225 -0.001484083788 2
0 0.585 0.235 -0.001540980514 2
0 0.585 0.245 -0.001566558761 2
0 0.585 0.255 -0.001561238839 2
0 0.585 0.265 -0.001525728091 2
0 0.585 0.275 -0.001460033626 2
0 0.585 0.285 -0.001364873799 2
0 0.585 0.295 -0.001243136655 2
0 0.585 0.305 -0.001099737757 2
0 0.585 0.315 -0.0009410136525 2
0 0.585 0.325 -0.000774036506 2
0 0.585 0.335 -0.0006061617017 2
0 0.585 0.345 -0.0004447473882 2
0 0.585 0.355 -0.0002969967454 2
0 0.585 0.365 -0.0001698499499 2
0 0.585 0.375 -6.970787786e-05 2
0 0.585 0.385 -3.335874213e-06 2
0 0.585 0.395 2.775779741e-05 2
0 0.585 0.405 0 2
0 0.585 0.415 0 2
0 0.585 0.425 0 2
0 0.585 0.435 0 2
0 0.585 0.445 0 2
0 0.585 0.455 0 2
0 0.585 0.465 0 2
0 0.595 -0.455 0 2
0 0.595 -0.445 0 2
0 0.595 -0.435 0 2
0 0.595 -0.425 0 2
0 0.595 -0.415 0 2
0 0.595 -0.405 0 2
0 0.595 -0.395 3.360763031e-05 2
0 0.595 -0.385 5.620499813e-06 2
0 0.595 -0.375 -5.779224446e-05 2
0 0.595 -0.365 -0.0001555174297 2
0 0.595 -0.355 -0.0002803783688 2
0 0.595 -0.345 -0.0004256499039 2
0 0.595 -0.335 -0.0005837054153 2
0 0.595 -0.325 -0.000746385916 2
0 0.595 -0.315 -0.000903976845 2
0 0.595 -0.305 -0.001048468012 2
0 0.595 -0.295 -0.00116510796 2
0 0.595 -0.285 -0.001247368807 2
0 0.595 -0.275 -0.001318402061 2
0 0.595 -0.265 -0.001385047396 2
0 0.595 -0.255 -0.001452763527 2
0 0.595 -0.245 -0.001523360916 2
0 0.595 -0.235 -0.00156976996 2
0 0.595 -0.225 -0.001576771979 2
0 0.595 -0.215 -0.001540008462 2
0 0.595 -0.205 -0.001457050502 2
0 0.595 -0.195 -0.001336139274 2
0 0.595 -0.185 -0.00118453953 2
0 0.595 -0.175 -0.001008186194 2
0 0.595 -0.165 -0.0008227977895 2
0 0.595 -0.155 -0.0006246717523 2
0 0.595 -0.145 -0.0004091963919 2
0 0.595 -0.135 -0.000179031147 2
0 0.595 -0.125 6.276341678e-05 2
0 0.595 -0.115 0.0003179028955 2
0 0.595 -0.105 0.0005921381204 2
0 0.595 -0.095 0.0008790217715 2
0 0.595 -0.085 0.001162444124 2
0 0.595 -0.075 0.001430424425 2
0 0.595 -0.065 0.001676137402 2
0 0.595 -0.055 0.001893670678 2
0 0.595 -0.045 0.00207827126 2
0 0.595 -0.035 0.002225687976 2
0 0.595 -0.025 0.002332178627 2
0 0.595 -0.015 0.002394541857 2
0 0.595 -0.005 0.002410363749 2
0 0.595 0.005 0.002378291961 2
0 0.595 0.015 0.002298495843 2
0 0.595 0.025 0.002174178018 2
0 0.595 0.035 0.002012890812 2
0 0.595 0.045 0.00182875706 2
0 0.595 0.055 0.001636350694 2
0 0.595 0.065 0.001438929187 2
0 0.595 0.075 0.001234621706 2
0 0.595 0.085 0.001019214673 2
0 0.595 0.095 0.000787448178 2
0 0.595 0.105 0.0005409189132 2
0 0.595 0.115 0.0002868389827 2
0 0.595 0.125 3.322653141e-05 2
0 0.595 0.135 -0.0002123918658 2
0 0.595 0.145 -0.0004445664175 2
0 0.595 0.155 -0.0006604787915 2
0 0.595 0.165 -0.0008606457685 2
0 0.595 0.175 -0.001045146854 2
0 0.595 0.185 -0.001212490007 2
0 0.595 0.195 -0.001360965705 2
0 0.595 0.205 -0.001489214913 2
0 0.595 0.215 -0.001595950714 2
0 0.595 0.225 -0.001678444344 2
0 0.595 0.235 -0.001731198611 2
0 0.595 0.245 -0.001750717128 2
0 0.595 0.255 -0.001736306825 2
0 0.595 0.265 -0.001688448878 2
0 0.595 0.275 -0.001608216562 2
0 0.595 0.285 -0.001497614055 2
0 0.595 0.295 -0.001360204923 2
0 0.595 0.305 -0.001201078153 2
0 0.595 0.315 -0.001026570929 2
0 0.595 0.325 -0.0008438396458 2
0 0.595 0.335 -0.0006604925674 2
0 0.595 0.345 -0.0004843023327 2
0 0.595 0.355 -0.0003230045945 2
0 0.595 0.365 -0.0001841424719 2
0 0.595 0.375 -7.475483086e-05 2
0 0.595 0.385 -2.326708605e-06 2
0 0.595 0.395 3.136084849e-05 2
0 0.595 0.405 0 2
0 0.595 0.415 0 2
0 0.595 0.425 0 2
0 0.595 0.435 0 2
0 0.595 0.445 0 2
0 0.595 0.455 0 2
0 0.595 0.465 0 2
0 0.605 -0.455 0 2
0 0.605 -0.445 0 2
0 0.605 -0.435 0 2
0 0.605 -0.425 0 2
0 0.605 -0.415 0 2
0 0.605 -0.405 0 2
0 0.605 -0.395 4.017740338e-05 2
0 0.605 -0.385 1.142991783e-05 2
0 0.605 -0.375 -5.639899661e-05 2
0 0.605 -0.365 -0.0001619484666 2
0 0.605 -0.355 -0.0002971255735 2
0 0.605 -0.345 -0.0004544340294 2
0 0.605 -0.335 -0.0006255383881 2
0 0.605 -0.325 -0.0008017935899 2
0 0.605 -0.315 -0.0009737533186 2
0 0.605 -0.305 -0.001132265613 2
0 0.605 -0.295 -0.001268995334 2
0 0.605 -0.285 -0.001381347198 2
0 0.605 -0.275 -0.001477234909 2
0 0.605 -0.265 -0.001561590622 2
0 0.605 -0.255 -0.001636330979 2
0 0.605 -0.245 -0.001698284185 2
0 0.605 -0.235 -0.001734471879 2
0 0.605 -0.225 -0.001733698924 2
0 0.605 -0.215 -0.001690093293 2
0 0.605 -0.205 -0.001602468303 2
0 0.605 -0.195 -0.00147537308 2
0 0.605 -0.185 -0.001315557808 2
0 0.605 -0.175 -0.001129353897 2
0 0.605 -0.165 -0.0009242843781 2
0 0.605 -0.155 -0.0007019836985 2
0 0.605 -0.145 -0.0004627501077 2
0 0.605 -0.135 -0.0002078779955 2
0 0.605 -0.125 6.124394489e-05 2
0 0.605 -0.115 0.0003437816338 2
0 0.605 -0.105 0.0006386514971 2
0 0.605 -0.095 0.0009399098099 2
0 0.605 -0.085 0.001237145405 2
0 0.605 -0.075 0.001520049813 2
0 0.605 -0.065 0.001780335499 2
0 0.605 -0.055 0.002011374574 2
0 0.605 -0.045 0.002207752483 2
0 0.605 -0.035 0.002364826501 2
0 0.605 -0.025 0.002478686748 2
0 0.605 -0.015 0.002546214292 2
0 0.605 -0.005 0.002565266558 2
0 0.605 0.005 0.002535032626 2
0 0.605 0.015 0.002456454616 2
0 0.605 0.025 0.002333128121 2
0 0.605 0.035 0.002171851969 2
0 0.605 0.045 0.001982726354 2
0 0.605 0.055 0.001775997301 2
0 0.605 0.065 0.001556619926 2
0 0.605 0.075 0.00132573378 2
0 0.605 0.085 0.001082215733 2
0 0.605 0.095 0.0008249633073 2
0 0.605 0.105 0.0005557544 2
0 0.605 0.115 0.0002801657507 2
0 0.605 0.125 5.120910423e-06 2
0 0.605 0.135 -0.0002620553848 2
0 0.605 0.145 -0.0005157914194 2
0 0.605 0.155 -0.0007531406498 2
0 0.605 0.165 -0.0009745355474 2
0 0.605 0.175 -0.001179731304 2
0 0.605 0.185 -0.001365827562 2
0 0.605 0.195 -0.001529793834 2
0 0.605 0.205 -0.001668936021 2
0 0.605 0.215 -0.001780829322 2
0 0.605 0.225 -0.001862721467 2
0 0.605 0.235 -0.00191119582 2
0 0.605 0.245 -0.001923904135 2
0 0.605 0.255 -0.001900117079 2
0 0.605 0.265 -0.001840418361 2
0 0.605 0.275 -0.001746474055 2
0 0.605 0.285 -0.001621090865 2
0 0.605 0.295 -0.001468383358 2
0 0.605 0.305 -0.001293754278 2
0 0.605 0.315 -0.001103724619 2
0 0.605 0.325 -0.0009056475904 2
0 0.605 0.335 -0.0007074191144 2
0 0.605 0.345 -0.0005172100485 2
0 0.605 0.355 -0.0003432531817 2
0 0.605 0.365 -0.0001936601506 2
0 0.605 0.375 -7.60783648e-05 2
0 0.605 0.385 1.285267958e-06 2
0 0.605 0.395 3.646262814e-05 2
0 0.605 0.405 0 2
0 0.605 0.415 0 2
0 0.605 0.425 0 2
0 0.605 0.435 0 2
0 0.605 0.445 0 2
0 0.605 0.455 0 2
0 0.605 0.465 0 2
0 0.615 -0.455 0 2
0 0.615 -0.445 0 2
0 0.615 -0.435 0 2
0 0.615 -0.425 0 2
0 0.615 -0.415 0 2
0 0.615 -0.405 0 2
0 0.615 -0.395 4.836411353e-05 2
0 0.615 -0.385 2.012236871e-05 2
0 0.615 -0.375 -5.07679475e-05 2
0 0.615 -0.365 -0.0001628105463 2
0 0.615 -0.355 -0.0003070494937 2
0 0.615 -0.345 -0.0004753100262 2
0 0.615 -0.335 -0.0006587281076 2
0 0.615 -0.325 -0.0008482551578 2
0 0.615 -0.315 -0.001034710594 2
0 0.615 -0.305 -0.001209617059 2
0 0.615 -0.295 -0.001366220782 2
0 0.615 -0.285 -0.001501600333 2
0 0.615 -0.275 -0.00161791119 2
0 0.615 -0.265 -0.001716954529 2
0 0.615 -0.255 -0.001798436276 2
0 0.615 -0.245 -0.001858406183 2
0 0.615 -0.235 -0.00188843204 2
0 0.615 -0.225 -0.001880845332 2
0 0.615 -0.215 -0.001831152647 2
0 0.615 -0.205 -0.001738441306 2
0 0.615 -0.195 -0.001605486834 2
0 0.615 -0.185 -0.00143717156 2
0 0.615 -0.175 -0.001239087966 2
0 0.615 -0.165 -0.001017065604 2
0 0.615 -0.155 -0.0007742985381 2
0 0.615 -0.145 -0.000512798028 2
0 0.615 -0.135 -0.0002345107836 2
0 0.615 -0.125 5.849518771e-05 2
0 0.615 -0.115 0.0003638679764 2
0 0.615 -0.105 0.0006782170258 2
0 0.615 -0.095 0.000995309539 2
0 0.615 -0.085 0.001306465597 2
0 0.615 -0.075 0.001602621312 2
0 0.615 -0.065 0.00187563275 2
0 0.615 -0.055 0.002118525363 2
0 0.615 -0.045 0.0023254113 2
0 0.615 -0.035 0.002491320845 2
0 0.615 -0.025 0.002612198283 2
0 0.615 -0.015 0.002684962186 2
0 0.615 -0.005 0.002707674288 2
0 0.615 0.005 0.002679822738 2
0 0.615 0.015 0.002602693158 2
0 0.615 0.025 0.00247980093 2
0 0.615 0.035 0.002316997065 2
0 0.615 0.045 0.002121950945 2
0 0.615 0.055 0.001902361864 2
0 0.615 0.065 0.001663652292 2
0 0.615 0.075 0.001409278261 2
0 0.615 0.085 0.00114106041 2
0 0.615 0.095 0.0008610070741 2
0 0.615 0.105 0.0005694040418 2
0 0.615 0.115 0.000271886452 2
0 0.615 0.125 -2.469948648e-05 2
0 0.615 0.135 -0.0003118877364 2
0 0.615 0.145 -0.0005840939979 2
0 0.615 0.155 -0.0008388009008 2
0 0.615 0.165 -0.001079395646 2
0 0.615 0.175 -0.001305158754 2
0 0.615 0.185 -0.001508878784 2
0 0.615 0.195 -0.001687012131 2
0 0.615 0.205 -0.001835862488 2
0 0.615 0.215 -0.001952378032 2
0 0.615 0.225 -0.002034131024 2
0 0.615 0.235 -0.00207871859 2
0 0.615 0.245 -0.002084647107 2
0 0.615 0.255 -0.002051618589 2
0 0.615 0.265 -0.001980581231 2
0 0.615 0.275 -0.001873673407 2
0 0.615 0.285 -0.001734234077 2
0 0.615 0.295 -0.001566833868 2
0 0.615 0.305 -0.001377224329 2
0 0.615 0.315 -0.001172199917 2
0 0.615 0.325 -0.0009593840598 2
0 0.615 0.335 -0.0007469940649 2
0 0.615 0.345 -0.0005435987888 2
0 0.615 0.355 -0.0003579097578 2
0 0.615 0.365 -0.0001985836355 2
0 0.615 0.375 -7.385233196e-05 2
0 0.615 0.385 7.352950035e-06 2
0 0.615 0.395 4.296132916e-05 2
0 0.615 0.405 0 2
0 0.615 0.415 0 2
0 0.615 0.425 0 2
0 0.615 0.435 0 2
0 0.615 0.445 0 2
0 0.615 0.455 0 2
0 0.615 0.465 0 2
0 0.625 -0.455 0 2
0 0.625 -0.445 0 2
0 0.625 -0.435 0 2
0 0.625 -0.425 0 2
0 0.625 -0.415 0 2
0 0.625 -0.405 0 2
0 0.625 -0.395 5.799830067e-05 2
0 0.625 -0.385 3.140635096e-05 2
0 0.625 -0.375 -4.13237986e-05 2
0 0.625 -0.365 -0.0001586687319 2
0 0.625 -0.355 -0.0003108572908 2
0 0.625 -0.345 -0.0004891204063 2
0 0.625 -0.335 -0.0006841509137 2
0 0.625 -0.325 -0.0008866286159 2
0 0.625 -0.315 -0.001087521988 2
0 0.625 -0.305 -0.001278737508 2
0 0.625 -0.295 -0.001453892311 2
0 0.625 -0.285 -0.001609127293 2
0 0.625 -0.275 -0.001743160891 2
0 0.625 -0.265 -0.001855041439 2
0 0.625 -0.255 -0.001942798059 2
0 0.625 -0.245 -0.002002581944 2
0 0.625 -0.235 -0.002028725682 2
0 0.625 -0.225 -0.00201594523 2
0 0.625 -0.215 -0.001960909937 2
0 0.625 -0.205 -0.001862912306 2
0 0.625 -0.195 -0.001723895493 2
0 0.625 -0.185 -0.001547645831 2
0 0.625 -0.175 -0.001338790106 2
0 0.625 -0.165 -0.001102101963 2
0 0.625 -0.155 -0.0008413724481 2
0 0.625 -0.145 -0.0005597350479 2
0 0.625 -0.135 -0.0002601467155 2
0 0.625 -0.125 5.425997385e-05 2
0 0.625 -0.115 0.0003798162305 2
0 0.625 -0.105 0.0007118068933 2
0 0.625 -0.095 0.001043840306 2
0 0.625 -0.085 0.001368101881 2
0 0.625 -0.075 0.001676331215 2
0 0.625 -0.065 0.001960652176 2
0 0.625 -0.055 0.002213981636 2
0 0.625 -0.045 0.002430181836 2
0 0.625 -0.035 0.002604082311 2
0 0.625 -0.025 0.002731515831 2
0 0.625 -0.015 0.002809402228 2
0 0.625 -0.005 0.002835897151 2
0 0.625 0.005 0.002810601403 2
0 0.625 0.015 0.002734790972 2
0 0.625 0.025 0.002611591595 2
0 0.625 0.035 0.002445931276 2
0 0.625 0.045 0.002244000769 2
0 0.625 0.055 0.002012359139 2
0 0.625 0.065 0.00175686196 2
0 0.625 0.075 0.001482734255 2
0 0.625 0.085 0.001192254068 2
0 0.625 0.095 0.000891506733 2
0 0.625 0.105 0.0005820611969 2
0 0.625 0.115 0.0002670057304 2
0 0.625 0.125 -4.801289699e-05 2
0 0.625 0.135 -0.0003550861995 2
0 0.625 0.145 -0.0006474322888 2
0 0.625 0.155 -0.0009194810818 2
0 0.625 0.165 -0.001175450889 2
0 0.625 0.175 -0.001419087328 2
0 0.625 0.185 -0.00164087859 2
0 0.625 0.195 -0.001831601573 2
0 0.625 0.205 -0.001988910587 2
0 0.625 0.215 -0.002109302761 2
0 0.625 0.225 -0.002190818636 2
0 0.625 0.235 -0.002231711403 2
0 0.625 0.245 -0.002231146346 2
0 0.625 0.255 -0.002189314705 2
0 0.625 0.265 -0.00210758029 2
0 0.625 0.275 -0.001988500796 2
0 0.625 0.285 -0.001835842195 2
0 0.625 0.295 -0.001654566289 2
0 0.625 0.305 -0.001450765097 2
0 0.625 0.315 -0.001231537384 2
0 0.625 0.325 -0.001004812681 2
0 0.625 0.335 -0.0007791509374 2
0 0.625 0.345 -0.0005635213817 2
0 0.625 0.355 -0.0003671029836 2
0 0.625 0.365 -0.0001990811356 2
0 0.625 0.375 -6.825305595e-05 2
0 0.625 0.385 1.572194903e-05 2
0 0.625 0.395 5.074942113e-05 2
0 0.625 0.405 0 2
0 0.625 0.415 0 2
0 0.625 0.425 0 2
0 0.625 0.435 0 2
0 0.625 0.445 0 2
0 0.625 0.455 0 2
0 0.625 0.465 0 2
0 0.635 -0.455 0 2
0 0.635 -0.445 0 2
0 0.635 -0.435 0 2
0 0.635 -0.425 0 2
0 0.635 -0.415 0 2
0 0.635 -0.405 0 2
0 0.635 -0.395 6.887274941e-05 2
0 0.635 -0.385 4.494711176e-05 2
0 0.635 -0.375 -2.851745509e-05 2
0 0.635 -0.365 -0.0001500676421 2
0 0.635 -0.355 -0.0003091505337 2
0 0.635 -0.345 -0.0004964655039 2
0 0.635 -0.335 -0.0007023020846 2
0 0.635 -0.325 -0.0009171069113 2
0 0.635 -0.315 -0.001131806521 2
0 0.635 -0.305 -0.001338277728 2
0 0.635 -0.295 -0.001529841509 2
0 0.635 -0.285 -0.001701589355 2
0 0.635 -0.275 -0.001850221296 2
0 0.635 -0.265 -0.001972993502 2
0 0.635 -0.255 -0.002066888332 2
0 0.635 -0.245 -0.002128156599 2
0 0.635 -0.235 -0.002152492499 2
0 0.635 -0.225 -0.002136095615 2
0 0.635 -0.215 -0.002076603655 2
0 0.635 -0.205 -0.001973594393 2
0 0.635 -0.195 -0.001828617483 2
0 0.635 -0.185 -0.001644753503 2
0 0.635 -0.175 -0.001425974002 2
0 0.635 -0.165 -0.001176578994 2
0 0.635 -0.155 -0.0009006205997 2
0 0.635 -0.145 -0.0006019177563 2
0 0.635 -0.135 -0.0002842738591 2
0 0.635 -0.125 4.824426709e-05 2
0 0.635 -0.115 0.0003910046928 2
0 0.635 -0.105 0.0007385042938 2
0 0.635 -0.095 0.001084146069 2
0 0.635 -0.085 0.001420438021 2
0 0.635 -0.075 0.001739540381 2
0 0.635 -0.065 0.002033821581 2
0 0.635 -0.055 0.002296243833 2
0 0.635 -0.045 0.002520589172 2
0 0.635 -0.035 0.002701580913 2
0 0.635 -0.025 0.002834977179 2
0 0.635 -0.015 0.002917672372 2
0 0.635 -0.005 0.002947821276 2
0 0.635 0.005 0.00292498381 2
0 0.635 0.015 0.002850245793 2
0 0.635 0.025 0.002726275116 2
0 0.635 0.035 0.00255724843 2
0 0.635 0.045 0.002348344449 2
0 0.635 0.055 0.002105654129 2
0 0.635 0.065 0.001835467923 2
0 0.635 0.075 0.001542744771 2
0 0.635 0.085 0.001234620314 2
0 0.635 0.095 0.0009180598914 2
0 0.635 0.105 0.0005934626545 2
0 0.635 0.115 0.0002625113944 2
0 0.635 0.125 -6.745206532e-05 1
0 0.635 0.135 -0.000388605771 1
0 0.635 0.145 -0.0006974887379 1
0 0.635 0.155 -0.0009920728465 2
0 0.635 0.165 -0.001262711222 2
0 0.635 0.175 -0.001522049752 2
0 0.635 0.185 -0.001760624149 2
0 0.635 0.195 -0.001962055765 2
0 0.635 0.205 -0.002126293213 2
0 0.635 0.215 -0.002249696742 2
0 0.635 0.225 -0.002330720314 2
0 0.635 0.235 -0.002368082197 2
0 0.635 0.245 -0.002361440614 2
0 0.635 0.255 -0.002311424209 2
0 0.635 0.265 -0.002219791009 2
0 0.635 0.275 -0.002089475519 2
0 0.635 0.285 -0.001924608341 2
0 0.635 0.295 -0.001730493659 2
0 0.635 0.305 -0.001513542066 2
0 0.635 0.315 -0.001281158226 2
0 0.635 0.325 -0.001041586871 2
0 0.635 0.335 -0.0008037357423 2
0 0.635 0.345 -0.0005769709057 2
0 0.635 0.355 -0.0003709277741 2
0 0.635 0.365 -0.0001953070228 2
0 0.635 0.375 -5.945515439e-05 2
0 0.635 0.385 2.623511511e-05 2
0 0.635 0.395 5.971698544e-05 2
0 0.635 0.405 0 2
0 0.635 0.415 0 2
0 0.635 0.425 0 2
0 0.635 0.435 0 2
0 0.635 0.445 0 2
0 0.635 0.455 0 2
0 0.635 0.465 0 2
0 0.645 -0.455 0 2
0 0.645 -0.445 0 2
0 0.645 -0.435 0 2
0 0.645 -0.425 0 2
0 0.645 -0.415 0 2
0 0.645 -0.405 0 2
0 0.645 -0.395 8.076728765e-05 2
0 0.645 -0.385 6.040202239e-05 2
0 0.645 -0.375 -1.278288863e-05 2
0 0.645 -0.365 -0.0001374836537 2
0 0.645 -0.355 -0.0003023830294 2
0 0.645 -0.345 -0.0004976846962 2
0 0.645 -0.335 -0.0007132817409 2
0 0.645 -0.325 -0.0009393422948 2
0 0.645 -0.315 -0.00116659701 2
0 0.645 -0.305 -0.001386672904 2
0 0.645 -0.295 -0.001592400873 2
0 0.645 -0.285 -0.001777954112 2
0 0.645 -0.275 -0.001938702679 2
0 0.645 -0.265 -0.00207070343 2
0 0.645 -0.255 -0.002170247482 2
0 0.645 -0.245 -0.00223363541 2
0 0.645 -0.235 -0.002257318568 2
0 0.645 -0.225 -0.002238433292 2
0 0.645 -0.215 -0.002175328877 2
0 0.645 -0.205 -0.002067879386 2
0 0.645 -0.195 -0.001917500631 2
0 0.645 -0.185 -0.001726886345 2
0 0.645 -0.175 -0.001499598299 2
0 0.645 -0.165 -0.001239671786 2
0 0.645 -0.155 -0.0009512846828 2
0 0.645 -0.145 -0.0006386986286 2
0 0.645 -0.135 -0.0003063553546 2
0 0.645 -0.125 4.094927657e-05 2
0 0.645 -0.115 0.0003978742702 2
0 0.645 -0.105 0.0007583757785 2
0 0.645 -0.095 0.00111565352 2
0 0.645 -0.085 0.001462320293 2
0 0.645 -0.075 0.001790757775 2
0 0.645 -0.065 0.002093512376 2
0 0.645 -0.055 0.002363626671 2
0 0.645 -0.045 0.002594881188 2
0 0.645 -0.035 0.002781961276 2
0 0.645 -0.025 0.002920582802 2
0 0.645 -0.015 0.003007601222 2
0 0.645 -0.005 0.003041111664 2
0 0.645 0.005 0.003020545789 2
0 0.645 0.015 0.00294671312 2
0 0.645 0.025 0.002821834444 2
0 0.645 0.035 0.002649397416 2
0 0.645 0.045 0.002433938055 2
0 0.645 0.055 0.002181493272 2
0 0.645 0.065 0.001896357199 2
0 0.645 0.075 0.001588876997 2
0 0.645 0.085 0.001269433071 2
0 0.645 0.095 0.0009395652652 2
0 0.645 0.105 0.0005972413306 1
0 0.645 0.115 0.000252802642 1
0 0.645 0.125 -8.647284663e-05 1
0 0.645 0.135 -0.0004154041048 1
0 0.645 0.145 -0.0007342002638 1
0 0.645 0.155 -0.001044389489 1
0 0.645 0.165 -0.001339323384 2
0 0.645 0.175 -0.001614851598 2
0 0.645 0.185 -0.00186638889 2
0 0.645 0.195 -0.002076648769 2
0 0.645 0.205 -0.002246143859 2
0 0.645 0.215 -0.00237160865 2
0 0.645 0.225 -0.002451783422 2
0 0.645 0.235 -0.002485742251 2
0 0.645 0.245 -0.002473500501 2
0 0.645 0.255 -0.002416042474 2
0 0.645 0.265 -0.0023154622 2
0 0.645 0.275 -0.0021750174 2
0 0.645 0.285 -0.001999149743 2
0 0.645 0.295 -0.001793461518 2
0 0.645 0.305 -0.001564651617 2
0 0.645 0.315 -0.001320413144 2
0 0.645 0.325 -0.001069295068 2
0 0.645 0.335 -0.0008205426081 2
0 0.645 0.345 -0.0005839058949 2
0 0.645 0.355 -0.0003694616809 2
0 0.645 0.365 -0.0001874117247 2
0 0.645 0.375 -4.763712879e-05 2
0 0.645 0.385 3.872958547e-05 2
0 0.645 0.395 6.975030916e-05 2
0 0.645 0.405 0 2
0 0.645 0.415 0 2
0 0.645 0.425 0 2
0 0.645 0.435 0 2
0 0.645 0.445 0 2
0 0.645 0.455 0 2
0 0.645 0.465 0 2
0 0.655 -0.455 0 2
0 0.655 -0.445 0 2
0 0.655 -0.435 0 2
0 0.655 -0.425 0 2
0 0.655 -0.415 0 2
0 0.655 -0.405 0 2
0 0.655 -0.395 9.34607562e-05 2
0 0.655 -0.385 7.743504249e-05 2
0 0.655 -0.375 5.474135637e-06 2
0 0.655 -0.365 -0.0001213252945 2
0 0.655 -0.355 -0.0002908872939 2
0 0.655 -0.345 -0.0004929372308 2
0 0.655 -0.335 -0.0007169658547 2
0 0.655 -0.325 -0.0009528214464 2
0 0.655 -0.315 -0.001190947995 2
0 0.655 -0.305 -0.001422623537 2
0 0.655 -0.295 -0.001640164346 2
0 0.655 -0.285 -0.001837000801 2
0 0.655 -0.275 -0.002007596452 2
0 0.655 -0.265 -0.002147207581 2
0 0.655 -0.255 -0.002251661906 2
0 0.655 -0.245 -0.002317264741 2
0 0.655 -0.235 -0.002340899786 2
0 0.655 -0.225 -0.002320305971 2
0 0.655 -0.215 -0.002254356957 2
0 0.655 -0.205 -0.002143218108 2
0 0.655 -0.195 -0.001988325563 2
0 0.655 -0.185 -0.00179219982 2
0 0.655 -0.175 -0.001558173768 2
0 0.655 -0.165 -0.001290129603 2
0 0.655 -0.155 -0.0009923002938 2
0 0.655 -0.145 -0.0006692135219 2
0 0.655 -0.135 -0.0003257355983 2
0 0.655 -0.125 3.283186282e-05 2
0 0.655 -0.115 0.0004006532861 2
0 0.655 -0.105 0.0007713026293 2
0 0.655 -0.095 0.001137794066 2
0 0.655 -0.085 0.001492742947 2
0 0.655 -0.075 0.001828634943 2
0 0.655 -0.065 0.00213813319 2
0 0.655 -0.055 0.002414362119 2
0 0.655 -0.045 0.002651139962 2
0 0.655 -0.035 0.002843157475 2
0 0.655 -0.025 0.002986114579 2
0 0.655 -0.015 0.00307682811 2
0 0.655 -0.005 0.003113311067 2
0 0.655 0.005 0.003094836362 2
0 0.655 0.015 0.003021920228 2
0 0.655 0.025 0.002896378575 2
0 0.655 0.035 0.002720994724 2
0 0.655 0.045 0.002500009328 2
0 0.655 0.055 0.002239147042 2
0 0.655 0.065 0.00194145152 2
0 0.655 0.075 0.001623242766 2
0 0.655 0.085 0.001292871339 2
0 0.655 0.095 0.0009459867532 1
0 0.655 0.105 0.000594822235 1
0 0.655 0.115 0.0002444941815 1
0 0.655 0.125 -0.0001007537341 1
0 0.655 0.135 -0.0004369166425 1
0 0.655 0.145 -0.0007627018427 1
0 0.655 0.155 -0.001082019047 1
0 0.655 0.165 -0.001399950108 2
0 0.655 0.175 -0.001693655794 2
0 0.655 0.185 -0.001955646663 2
0 0.655 0.195 -0.00217293494 2
0 0.655 0.205 -0.002346126992 2
0 0.655 0.215 -0.002472785849 2
0 0.655 0.225 -0.002551794204 2
0 0.655 0.235 -0.002582520687 2
0 0.655 0.245 -0.002565235196 2
0 0.655 0.255 -0.002501198795 2
0 0.655 0.265 -0.002392775908 2
0 0.655 0.275 -0.002243489854 2
0 0.655 0.285 -0.002058040067 2
0 0.655 0.295 -0.001842279897 2
0 0.655 0.305 -0.001603157267 2
0 0.655 0.315 -0.001348621815 2
0 0.655 0.325 -0.001087499663 2
0 0.655 0.335 -0.0008293487105 2
0 0.655 0.345 -0.000584279483 2
0 0.655 0.355 -0.0003627879895 2
0 0.655 0.365 -0.0001755593708 2
0 0.655 0.375 -3.299436908e-05 2
0 0.655 0.385 5.30278242e-05 2
0 0.655 0.395 8.072656716e-05 2
0 0.655 0.405 0 2
0 0.655 0.415 0 2
0 0.655 0.425 0 2
0 0.655 0.435 0 2
0 0.655 0.445 0 2
0 0.655 0.455 0 2
0 0.655 0.465 0 2
0 0.665 -0.455 0 2
0 0.665 -0.445 0 2
0 0.665 -0.435 0 2
0 0.665 -0.425 0 2
0 0.665 -0.415 0 2
0 0.665 -0.405 0 2
0 0.665 -0.395 0.0001067310499 2
0 0.665 -0.385 9.571275314e-05 2
0 0.665 -0.375 2.586308338e-05 2
0 0.665 -0.365 -0.0001019620824 2
0 0.665 -0.355 -0.0002749266373 2
0 0.665 -0.345 -0.000482288174 2
0 0.665 -0.335 -0.0007131349794 2
0 0.665 -0.325 -0.0009569829911 2
0 0.665 -0.315 -0.001203966412 2
0 0.665 -0.305 -0.00144500794 2
0 0.665 -0.295 -0.001671964384 2
0 0.665 -0.285 -0.001877684444 2
0 0.665 -0.275 -0.002055988484 2
0 0.665 -0.265 -0.002201578588 2
0 0.665 -0.255 -0.002309959974 2
0 0.665 -0.245 -0.002377427003 2
0 0.665 -0.235 -0.002401140179 2
0 0.665 -0.225 -0.00237926742 2
0 0.665 -0.215 -0.002311107582 2
0 0.665 -0.205 -0.002197125271 2
0 0.665 -0.195 -0.002038876121 2
0 0.665 -0.185 -0.001838837839 2
0 0.665 -0.175 -0.00160021476 2
0 0.665 -0.165 -0.001326768223 2
0 0.665 -0.155 -0.001022709833 2
0 0.665 -0.145 -0.0006926812312 2
0 0.665 -0.135 -0.0003417864774 2
0 0.665 -0.125 2.435735453e-05 2
0 0.665 -0.115 0.0003995886948 2
0 0.665 -0.105 0.0007772159692 2
0 0.665 -0.095 0.001150101298 2
0 0.665 -0.085 0.001510826001 2
0 0.665 -0.075 0.001851921982 2
0 0.665 -0.065 0.002166130676 2
0 0.665 -0.055 0.002446652157 2
0 0.665 -0.045 0.00268736129 2
0 0.665 -0.035 0.002882982538 2
0 0.665 -0.025 0.003029224424 2
0 0.665 -0.015 0.003122879259 2
0 0.665 -0.005 0.003161884206 2
0 0.665 0.005 0.003145360882 2
0 0.665 0.015 0.003073557625 2
0 0.665 0.025 0.002947927527 2
0 0.665 0.035 0.00277056996 2
0 0.665 0.045 0.002545620943 2
0 0.665 0.055 0.002275275529 2
0 0.665 0.065 0.001970184364 2
0 0.665 0.075 0.001644329952 2
0 0.665 0.085 0.001297395304 1
0 0.665 0.095 0.0009452176441 1
0 0.665 0.105 0.0005918272318 1
0 0.665 0.115 0.000239725669 1
0 0.665 0.125 -0.0001103229743 1
0 0.665 0.135 -0.0004547714171 1
0 0.665 0.145 -0.0007873611827 1
0 0.665 0.155 -0.001112512168 1
0 0.665 0.165 -0.001445727548 2
0 0.665 0.175 -0.001754717532 2
0 0.665 0.185 -0.002025691181 2
0 0.665 0.195 -0.002248213641 2
0 0.665 0.205 -0.002423761496 2
0 0.665 0.215 -0.002550869441 2
0 0.665 0.225 -0.002628483444 2
0 0.665 0.235 -0.002656220051 2
0 0.665 0.245 -0.002634535145 2
0 0.665 0.255 -0.002564901075 2
0 0.665 0.265 -0.002449891283 2
0 0.665 0.275 -0.00229323667 2
0 0.665 0.285 -0.002099838898 2
0 0.665 0.295 -0.001875749927 2
0 0.665 0.305 -0.001628117964 2
0 0.665 0.315 -0.001365104169 2
0 0.665 0.325 -0.001095769937 2
0 0.665 0.335 -0.0008299467042 2
0 0.665 0.345 -0.0005780695166 2
0 0.665 0.355 -0.0003510224256 2
0 0.665 0.365 -0.0001599505295 2
0 0.665 0.375 -1.575754456e-05 2
0 0.665 0.385 6.89240676e-05 2
0 0.665 0.395 9.250545349e-05 2
0 0.665 0.405 0 2
0 0.665 0.415 0 2
0 0.665 0.425 0 2
0 0.665 0.435 0 2
0 0.665 0.445 0 2
0 0.665 0.455 0 2
0 0.665 0.465 0 2
0 0.675 -0.455 0 2
0 0.675 -0.445 0 2
0 0.675 -0.435 0 2
0 0.675 -0.425 0 2
0 0.675 -0.415 0 2
0 0.675 -0.405 0 2
0 0.675 -0.395 0.0001203457539 2
0 0.675 -0.385 0.0001148864649 2
0 0.675 -0.375 4.797912791e-05 2
0 0.675 -0.365 -7.976936917e-05 2
0 0.675 -0.355 -0.0002547587688 2
0 0.675 -0.345 -0.0004657921245 2
0 0.675 -0.335 -0.0007015728362 2
0 0.675 -0.325 -0.0009513078977 2
0 0.675 -0.315 -0.00120485317 2
0 0.675 -0.305 -0.001452827886 2
0 0.675 -0.295 -0.00168671961 2
0 0.675 -0.285 -0.001898934568 2
0 0.675 -0.275 -0.002082824739 2
0 0.675 -0.265 -0.002232691892 2
0 0.675 -0.255 -0.002343806393 2
0 0.675 -0.245 -0.002412452368 2
0 0.675 -0.235 -0.002436001192 2
0 0.675 -0.225 -0.002412978809 2
0 0.675 -0.215 -0.002343086046 2
0 0.675 -0.205 -0.002227126026 2
0 0.675 -0.195 -0.002066858644 2
0 0.675 -0.185 -0.001864798956 2
0 0.675 -0.175 -0.001624059872 2
0 0.675 -0.165 -0.001348252268 2
0 0.675 -0.155 -0.00104146075 2
0 0.675 -0.145 -0.0007082874619 2
0 0.675 -0.135 -0.0003539030945 2
0 0.675 -0.125 1.592243992e-05 2
0 0.675 -0.115 0.0003948372096 2
0 0.675 -0.105 0.0007759764235 2
0 0.675 -0.095 0.001152088949 2
0 0.675 -0.085 0.001515716959 2
0 0.675 -0.075 0.001859415044 2
0 0.675 -0.065 0.002175984668 2
0 0.675 -0.055 0.002458700132 2
0 0.675 -0.045 0.002701508228 2
0 0.675 -0.035 0.002899192214 2
0 0.675 -0.025 0.003047496648 2
0 0.675 -0.015 0.003143214872 2
0 0.675 -0.005 0.003184234251 2
0 0.675 0.005 0.003169556061 2
0 0.675 0.015 0.003099215933 2
0 0.675 0.025 0.002974350975 2
0 0.675 0.035 0.00279650469 2
0 0.675 0.045 0.00256950268 2
0 0.675 0.055 0.002291915028 2
0 0.675 0.065 0.001981663917 2
0 0.675 0.075 0.001646930735 2
0 0.675 0.085 0.001293591777 1
0 0.675 0.095 0.000942028444 1
0 0.675 0.105 0.000589407968 1
0 0.675 0.115 0.0002341451006 1
0 0.675 0.125 -0.0001198184336 1
0 0.675 0.135 -0.000467515584 1
0 0.675 0.145 -0.0008043097486 1
0 0.675 0.155 -0.001136379537 1
0 0.675 0.165 -0.001481496239 2
0 0.675 0.175 -0.001799971734 2
0 0.675 0.185 -0.002074455079 2
0 0.675 0.195 -0.002300075981 2
0 0.675 0.205 -0.00247670381 2
0 0.675 0.215 -0.002603555603 2
0 0.675 0.225 -0.002679610929 2
0 0.675 0.235 -0.00270466259 2
0 0.675 0.245 -0.002679304053 2
0 0.675 0.255 -0.002605164393 2
0 0.675 0.265 -0.002484970896 2
0 0.675 0.275 -0.00232260491 2
0 0.675 0.285 -0.002123112004 2
0 0.675 0.295 -0.001892683833 2
0 0.675 0.305 -0.001638610104 2
0 0.675 0.315 -0.001369205441 2
0 0.675 0.325 -0.001093709845 2
0 0.675 0.335 -0.0008221741323 2
0 0.675 0.345 -0.0005653082224 2
0 0.675 0.355 -0.0003343417134 2
0 0.675 0.365 -0.0001408483302 2
0 0.675 0.375 3.785045215e-06 2
0 0.675 0.385 8.616724572e-05 2
0 0.675 0.395 0.0001049184482 2
0 0.675 0.405 0 2
0 0.675 0.415 0 2
0 0.675 0.425 0 2
0 0.675 0.435 0 2
0 0.675 0.445 0 2
0 0.675 0.455 0 2
0 0.675 0.465 0 2
0 0.685 -0.455 0 2
0 0.685 -0.445 0 2
0 0.685 -0.435 0 2
0 0.685 -0.425 0 2
0 0.685 -0.415 0 2
0 0.685 -0.405 0 2
0 0.685 -0.395 0.0001340466361 2
0 0.685 -0.385 0.0001345655735 2
0 0.685 -0.375 7.136448158e-05 2
0 0.685 -0.365 -5.517888816e-05 2
0 0.685 -0.355 -0.000230696136 2
0 0.685 -0.345 -0.000443556134 2
0 0.685 -0.335 -0.0006821178751 2
0 0.685 -0.325 -0.0009353410929 2
0 0.685 -0.315 -0.001192883847 2
0 0.685 -0.305 -0.00144515811 2
0 0.685 -0.295 -0.001683392949 2
0 0.685 -0.285 -0.001899670777 2
0 0.685 -0.275 -0.002086991761 2
0 0.685 -0.265 -0.002239346306 2
0 0.685 -0.255 -0.002351816899 2
0 0.685 -0.245 -0.002420681307 2
0 0.685 -0.235 -0.002443506026 2
0 0.685 -0.225 -0.002419174892 2
0 0.685 -0.215 -0.002347838201 2
0 0.685 -0.205 -0.002230724485 2
0 0.685 -0.195 -0.002069901175 2
0 0.685 -0.185 -0.001867971939 2
0 0.685 -0.175 -0.001627941207 2
0 0.685 -0.165 -0.001353176796 2
0 0.685 -0.155 -0.001047480293 2
0 0.685 -0.145 -0.0007152417532 2
0 0.685 -0.135 -0.0003615353879 2
0 0.685 -0.125 7.852195299e-06 2
0 0.685 -0.115 0.0003864842191 2
0 0.685 -0.105 0.0007673940515 2
0 0.685 -0.095 0.00114325471 2
0 0.685 -0.085 0.001506579809 2
0 0.685 -0.075 0.001849944447 2
0 0.685 -0.065 0.002166208964 2
0 0.685 -0.055 0.002448730205 2
0 0.685 -0.045 0.002691546748 2
0 0.685 -0.035 0.002889529488 2
0 0.685 -0.025 0.003038492608 2
0 0.685 -0.015 0.003135265517 2
0 0.685 -0.005 0.003177723035 2
0 0.685 0.005 0.00316478727 2
0 0.685 0.015 0.003096347497 2
0 0.685 0.025 0.002973278388 2
0 0.685 0.035 0.00279676853 2
0 0.685 0.045 0.002569928843 2
0 0.685 0.055 0.002290397135 2
0 0.685 0.065 0.001976018944 2
0 0.685 0.075 0.001629044244 1
0 0.685 0.085 0.001283143457 1
0 0.685 0.095 0.0009352918059 1
0 0.685 0.105 0.0005839673907 1
0 0.685 0.115 0.0002275394721 1
0 0.685 0.125 -0.0001271413127 1
0 0.685 0.135 -0.000476621248 1
0 0.685 0.145 -0.0008161326397 1
0 0.685 0.155 -0.001153463947 1
0 0.685 0.165 -0.001504956418 2
0 0.685 0.175 -0.001826666471 2
0 0.685 0.185 -0.002100410753 2
0 0.685 0.195 -0.002326541391 2
0 0.685 0.205 -0.00250287372 2
0 0.685 0.215 -0.002628719115 2
0 0.685 0.225 -0.002703046802 2
0 0.685 0.235 -0.002725739346 2
0 0.685 0.245 -0.002697488339 2
0 0.685 0.255 -0.002620030531 2
0 0.685 0.265 -0.002496195299 2
0 0.685 0.275 -0.002329956824 2
0 0.685 0.285 -0.00212644231 2
0 0.685 0.295 -0.001891916771 2
0 0.685 0.305 -0.001633741915 2
0 0.685 0.315 -0.001360314224 2
0 0.685 0.325 -0.001080980069 2
0 0.685 0.335 -0.0008059390551 2
0 0.685 0.345 -0.0005461104025 2
0 0.685 0.355 -0.0003130128588 2
0 0.685 0.365 -0.0001186069479 2
0 0.685 0.375 2.526198058e-05 2
0 0.685 0.385 0.0001044409858 2
0 0.685 0.395 0.000117756112 2
0 0.685 0.405 0 2
0 0.685 0.415 0 2
0 0.685 0.425 0 2
0 0.685 0.435 0 2
0 0.685 0.445 0 2
0 0.685 0.455 0 2
0 0.685 0.465 0 2
0 0.695 -0.455 0 2
0 0.695 -0.445 0 2
0 0.695 -0.435 0 2
0 0.695 -0.425 0 2
0 0.695 -0.415 0 2
0 0.695 -0.405 0 2
0 0.695 -0.395 0.0001475309791 2
0 0.695 -0.385 0.0001542864765 2
0 0.695 -0.375 9.546577047e-05 2
0 0.695 -0.365 -2.872991827e-05 2
0 0.695 -0.355 -0.0002031601715 2
0 0.695 -0.345 -0.000415788019 2
0 0.695 -0.335 -0.0006546937688 2
0 0.695 -0.325 -0.0009086922347 2
0 0.695 -0.315 -0.001167375247 2
0 0.695 -0.305 -0.001421086973 2
0 0.695 -0.295 -0.001660929465 2
0 0.695 -0.285 -0.001878763416 2
0 0.695 -0.275 -0.002067310489 2
0 0.695 -0.265 -0.002220283272 2
0 0.695 -0.255 -0.002332580826 2
0 0.695 -0.245 -0.002400461994 2
0 0.695 -0.235 -0.002421694098 2
0 0.695 -0.225 -0.002395568183 2
0 0.695 -0.215 -0.002322809792 2
0 0.695 -0.205 -0.002205233013 2
0 0.695 -0.195 -0.002045384358 2
0 0.695 -0.185 -0.00184599284 2
0 0.695 -0.175 -0.001609884172 2
0 0.695 -0.165 -0.00134001373 2
0 0.695 -0.155 -0.001039657506 2
0 0.695 -0.145 -0.0007127805859 2
0 0.695 -0.135 -0.0003641977035 2
0 0.695 -0.125 3.938994205e-07 2
0 0.695 -0.115 0.0003745434949 2
0 0.695 -0.105 0.0007512287992 2
0 0.695 -0.095 0.001123076527 2
0 0.695 -0.085 0.00148258884 2
0 0.695 -0.075 0.001822372573 2
0 0.695 -0.065 0.002135359243 2
0 0.695 -0.055 0.002415007448 2
0 0.695 -0.045 0.002655476174 2
0 0.695 -0.035 0.002851761366 2
0 0.695 -0.025 0.002999789713 2
0 0.695 -0.015 0.003096471086 2
0 0.695 -0.005 0.003139710879 2
0 0.695 0.005 0.003128393641 2
0 0.695 0.015 0.003062318164 2
0 0.695 0.025 0.002942145499 2
0 0.695 0.035 0.002768960108 2
0 0.695 0.045 0.002544976701 2
0 0.695 0.055 0.002268084243 2
0 0.695 0.065 0.001952217794 2
0 0.695 0.075 0.00160571995 1
0 0.695 0.085 0.001266826009 1
0 0.695 0.095 0.000923877118 1
0 0.695 0.105 0.0005745923782 1
0 0.695 0.115 0.0002206209085 1
0 0.695 0.125 -0.0001320540844 1
0 0.695 0.135 -0.0004808494857 1
0 0.695 0.145 -0.0008225191105 1
0 0.695 0.155 -0.00116961087 2
0 0.695 0.165 -0.001514302378 2
0 0.695 0.175 -0.001831298697 2
0 0.695 0.185 -0.002101977684 2
0 0.695 0.195 -0.002325944798 2
0 0.695 0.205 -0.00250047092 2
0 0.695 0.215 -0.002624445363 2
0 0.695 0.225 -0.002696797882 2
0 0.695 0.235 -0.002717427695 2
0 0.695 0.245 -0.002687087508 2
0 0.695 0.255 -0.002607574208 2
0 0.695 0.265 -0.002481767184 2
0 0.695 0.275 -0.002313673226 2
0 0.695 0.285 -0.002108433615 2
0 0.695 0.295 -0.001872312141 2
0 0.695 0.305 -0.001612661724 2
0 0.695 0.315 -0.00133787484 2
0 0.695 0.325 -0.001057315238 2
0 0.695 0.335 -0.0007812423051 2
0 0.695 0.345 -0.0005207001882 2
0 0.695 0.355 -0.0002874230146 2
0 0.695 0.365 -9.370229113e-05 2
0 0.695 0.375 4.819020806e-05 2
0 0.695 0.385 0.0001233408055 2
0 0.695 0.395 0.000130753527 2
0 0.695 0.405 0 2
0 0.695 0.415 0 2
0 0.695 0.425 0 2
0 0.695 0.435 0 2
0 0.695 0.445 0 2
0 0.695 0.455 0 2
0 0.695 0.465 0 2
0 0.705 -0.455 0 2
0 0.705 -0.445 0 2
0 0.705 -0.435 0 2
0 0.705 -0.425 0 2
0 0.705 -0.415 0 2
0 0.705 -0.405 0 2
0 0.705 -0.395 0.0001604314829 2
0 0.705 -0.385 0.0001734790271 2
0 0.705 -0.375 0.0001195883136 2
0 0.705 -0.365 -1.123629908e-06 2
0 0.705 -0.355 -0.0001727384674 2
0 0.705 -0.345 -0.0003828467673 2
0 0.705 -0.335 -0.0006193409676 2
0 0.705 -0.325 -0.0008710380439 2
0 0.705 -0.315 -0.001127658782 2
0 0.705 -0.305 -0.001379672674 2
0 0.705 -0.295 -0.001618217593 2
0 0.705 -0.285 -0.001835017759 2
0 0.705 -0.275 -0.002022550429 2
0 0.705 -0.265 -0.002174224496 2
0 0.705 -0.255 -0.002284712976 2
0 0.705 -0.245 -0.002350217403 2
0 0.705 -0.235 -0.002368718606 2
0 0.705 -0.225 -0.002339990283 2
0 0.705 -0.215 -0.002265536259 2
0 0.705 -0.205 -0.002147997671 2
0 0.705 -0.195 -0.001990711971 2
0 0.705 -0.185 -0.001796539207 2
0 0.705 -0.175 -0.001567993342 2
0 0.705 -0.165 -0.001307363059 2
0 0.705 -0.155 -0.001017024499 2
0 0.705 -0.145 -0.0007002688624 2
0 0.705 -0.135 -0.0003615048404 2
0 0.705 -0.125 -6.280138827e-06 2
0 0.705 -0.115 0.0003589760257 2
0 0.705 -0.105 0.0007272113701 2
0 0.705 -0.095 0.00109102892 2
0 0.705 -0.085 0.001442939922 2
0 0.705 -0.075 0.001775603116 2
0 0.705 -0.065 0.002082044168 2
0 0.705 -0.055 0.002355853001 2
0 0.705 -0.045 0.002591348147 2
0 0.705 -0.035 0.002783700152 2
0 0.705 -0.025 0.002929004403 2
0 0.705 -0.015 0.003024308293 2
0 0.705 -0.005 0.003067596623 2
0 0.705 0.005 0.003057754355 2
0 0.705 0.015 0.00299452171 2
0 0.705 0.025 0.002878387063 2
0 0.705 0.035 0.002710475352 2
0 0.705 0.045 0.002492323812 2
0 0.705 0.055 0.002222283152 2
0 0.705 0.065 0.001911075703 2
0 0.705 0.075 0.001572279738 1
0 0.705 0.085 0.001242568052 1
0 0.705 0.095 0.0009070152787 1
0 0.705 0.105 0.0005619628556 1
0 0.705 0.115 0.000213663362 1
0 0.705 0.125 -0.0001347369829 1
0 0.705 0.135 -0.0004802500966 1
0 0.705 0.145 -0.0008225409488 1
0 0.705 0.155 -0.001171032907 2
0 0.705 0.165 -0.001506822841 2
0 0.705 0.175 -0.001813031713 2
0 0.705 0.185 -0.00207768214 2
0 0.705 0.195 -0.002296942858 2
0 0.705 0.205 -0.002467941058 2
0 0.705 0.215 -0.002588989456 2
0 0.705 0.225 -0.002658977802 2
0 0.705 0.235 -0.002677768821 2
0 0.705 0.245 -0.002646135835 2
0 0.705 0.255 -0.002565887207 2
0 0.705 0.265 -0.002439897209 2
0 0.705 0.275 -0.002272140852 2
0 0.705 0.285 -0.002067699812 2
0 0.705 0.295 -0.001832753493 2
0 0.705 0.305 -0.001574553715 2
0 0.705 0.315 -0.00130138834 2
0 0.705 0.325 -0.001022531516 2
0 0.705 0.335 -0.000748192584 2
0 0.705 0.345 -0.0004894337137 2
0 0.705 0.355 -0.0002581085088 2
0 0.705 0.365 -6.676458693e-05 2
0 0.705 0.375 7.194302697e-05 2
0 0.705 0.385 0.0001423477607 2
0 0.705 0.395 0.0001435733098 2
0 0.705 0.405 0 2
0 0.705 0.415 0 2
0 0.705 0.425 0 2
0 0.705 0.435 0 2
0 0.705 0.445 0 2
0 0.705 0.455 0 2
0 0.705 0.465 0 2
0 0.715 -0.455 0 2
0 0.715 -0.445 0 2
0 0.715 -0.435 0 2
0 0.715 -0.425 0 2
0 0.715 -0.415 0 2
0 0.715 -0.405 0 2
0 0.715 -0.395 0.000172297262 2
0 0.715 -0.385 0.0001914338625 2
0 0.715 -0.375 0.000142852081 2
0 0.715 -0.365 2.672799891e-05 2
0 0.715 -0.355 -0.0001402289935 2
0 0.715 -0.345 -0.0003452683763 2
0 0.715 -0.335 -0.0005762094455 2
0 0.715 -0.325 -0.0008220704352 2
0 0.715 -0.315 -0.001072991372 2
0 0.715 -0.305 -0.001319837407 2
0 0.715 -0.295 -0.001554002819 2
0 0.715 -0.285 -0.001767126216 2
0 0.715 -0.275 -0.001951431117 2
0 0.715 -0.265 -0.002099915164 2
0 0.715 -0.255 -0.002206930078 2
0 0.715 -0.245 -0.002268498174 2
0 0.715 -0.235 -0.002282767 2
0 0.715 -0.225 -0.00225001997 2
0 0.715 -0.215 -0.002172897251 2
0 0.715 -0.205 -0.002055266857 2
0 0.715 -0.195 -0.001902045674 2
0 0.715 -0.185 -0.001716148013 2
0 0.715 -0.175 -0.001499542793 2
0 0.715 -0.165 -0.001253439919 2
0 0.715 -0.155 -0.0009785552885 2
0 0.715 -0.145 -0.0006771744138 2
0 0.715 -0.135 -0.0003531925156 2
0 0.715 -0.125 -1.207823347e-05 2
0 0.715 -0.115 0.0003397087138 2
0 0.715 -0.105 0.000695070833 2
0 0.715 -0.095 0.001046611881 2
0 0.715 -0.085 0.001386879662 2
0 0.715 -0.075 0.001708612215 2
0 0.715 -0.065 0.002004960486 2
0 0.715 -0.055 0.002269683981 2
0 0.715 -0.045 0.002497310135 2
0 0.715 -0.035 0.002683248612 2
0 0.715 -0.025 0.002823838324 2
0 0.715 -0.015 0.002916342039 2
0 0.715 -0.005 0.0029588843 2
0 0.715 0.005 0.00295038766 2
0 0.715 0.015 0.002890539485 2
0 0.715 0.025 0.002779679149 2
0 0.715 0.035 0.002618953415 2
0 0.715 0.045 0.002409602487 2
0 0.715 0.055 0.002153071974 2
0 0.715 0.065 0.001854234249 2
0 0.715 0.075 0.00152858252 1
0 0.715 0.085 0.0012073229 1
0 0.715 0.095 0.0008824283608 1
0 0.715 0.105 0.000547021469 1
0 0.715 0.115 0.0002064607861 1
0 0.715 0.125 -0.0001366893615 1
0 0.715 0.135 -0.0004767968417 1
0 0.715 0.145 -0.0008174641524 2
0 0.715 0.155 -0.001155090229 2
0 0.715 0.165 -0.001478409203 2
0 0.715 0.175 -0.001771439021 2
0 0.715 0.185 -0.002026440308 2
0 0.715 0.195 -0.002238374037 2
0 0.715 0.205 -0.002403833418 2
0 0.715 0.215 -0.002520687224 2
0 0.715 0.225 -0.002587758554 2
0 0.715 0.235 -0.002604842716 2
0 0.715 0.245 -0.002572691429 2
0 0.715 0.255 -0.002493074936 2
0 0.715 0.265 -0.002368804075 2
0 0.715 0.275 -0.002203753598 2
0 0.715 0.285 -0.002002866161 2
0 0.715 0.295 -0.001772145697 2
0 0.715 0.305 -0.001518639766 2
0 0.715 0.315 -0.001250416559 2
0 0.715 0.325 -0.0009765349352 2
0 0.715 0.335 -0.0007070212412 2
0 0.715 0.345 -0.0004528218309 2
0 0.715 0.355 -0.0002257853995 2
0 0.715 0.365 -3.86142755e-05 2
0 0.715 0.375 9.571368321e-05 2
0 0.715 0.385 0.0001607981644 2
0 0.715 0.395 0.0001557862818 2
0 0.715 0.405 0 2
0 0.715 0.415 0 2
0 0.715 0.425 0 2
0 0.715 0.435 0 2
0 0.715 0.445 0 2
0 0.715 0.455 0 2
0 0.715 0.465 0 2
0 0.725 -0.455 0 2
0 0.725 -0.445 0 2
0 0.725 -0.435 0 2
0 0.725 -0.425 0 2
0 0.725 -0.415 0 2
0 0.725 -0.405 0 2
0 0.725 -0.395 0.0001825710074 2
0 0.725 -0.385 0.0002072649976 2
0 0.725 -0.375 0.0001641429695 2
0 0.725 -0.365 5.364186366e-05 2
0 0.725 -0.355 -0.0001067205734 2
0 0.725 -0.345 -0.0003038730264 2
0 0.725 -0.335 -0.0005256823798 2
0 0.725 -0.325 -0.0007616060097 2
0 0.725 -0.315 -0.001002636868 2
0 0.725 -0.305 -0.001240412322 2
0 0.725 -0.295 -0.001466914627 2
0 0.725 -0.285 -0.001673661674 2
0 0.725 -0.275 -0.001852599142 2
0 0.725 -0.265 -0.001996099016 2
0 0.725 -0.255 -0.002097984043 2
0 0.725 -0.245 -0.00215395836 2
0 0.725 -0.235 -0.002162341218 2
0 0.725 -0.225 -0.002124067018 2
0 0.725 -0.215 -0.002043314091 2
0 0.725 -0.205 -0.001925453364 2
0 0.725 -0.195 -0.00177827903 2
0 0.725 -0.185 -0.001604075307 2
0 0.725 -0.175 -0.001403947234 2
0 0.725 -0.165 -0.001177914535 2
0 0.725 -0.155 -0.0009239732096 2
0 0.725 -0.145 -0.0006432126511 2
0 0.725 -0.135 -0.0003390271054 2
0 0.725 -0.125 -1.688489816e-05 2
0 0.725 -0.115 0.0003166862691 2
0 0.725 -0.105 0.0006545618637 2
0 0.725 -0.095 0.0009893593131 2
0 0.725 -0.085 0.001313701275 2
0 0.725 -0.075 0.001620436904 2
0 0.725 -0.065 0.001902875899 2
0 0.725 -0.055 0.002154990106 2
0 0.725 -0.045 0.002371572325 2
0 0.725 -0.035 0.00254835336 2
0 0.725 -0.025 0.002682016321 2
0 0.725 -0.015 0.002770154047 2
0 0.725 -0.005 0.002811114107 2
0 0.725 0.005 0.002803902099 2
0 0.725 0.015 0.00274813625 2
0 0.725 0.025 0.002643988518 2
0 0.725 0.035 0.002492515011 2
0 0.725 0.045 0.002294982019 2
0 0.725 0.055 0.002055402727 2
0 0.725 0.065 0.001776024316 2
0 0.725 0.075 0.001473727994 1
0 0.725 0.085 0.001164740409 1
0 0.725 0.095 0.0008519108509 1
0 0.725 0.105 0.0005270952287 1
0 0.725 0.115 0.00019661941 1
0 0.725 0.125 -0.0001364751328 1
0 0.725 0.135 -0.0004683101985 2
0 0.725 0.145 -0.0007967982975 2
0 0.725 0.155 -0.00112032603 2
0 0.725 0.165 -0.00142682192 2
0 0.725 0.175 -0.001704684203 2
0 0.725 0.185 -0.00194706362 2
0 0.725 0.195 -0.002148888294 2
0 0.725 0.205 -0.002306574237 2
0 0.725 0.215 -0.00241778039 2
0 0.725 0.225 -0.002481235683 2
0 0.725 0.235 -0.002496659708 2
0 0.725 0.245 -0.002464745212 2
0 0.725 0.255 -0.002387176785 2
0 0.725 0.265 -0.002266642568 2
0 0.725 0.275 -0.002106846179 2
0 0.725 0.285 -0.001912507734 2
0 0.725 0.295 -0.001689358388 2
0 0.725 0.305 -0.001444129172 2
0 0.725 0.315 -0.001184540425 2
0 0.725 0.325 -0.0009192915768 2
0 0.725 0.335 -0.0006580679876 2
0 0.725 0.345 -0.0004115342316 2
0 0.725 0.355 -0.0001913724881 2
0 0.725 0.365 -1.030022652e-05 2
0 0.725 0.375 0.0001184699642 2
0 0.725 0.385 0.0001778427477 2
0 0.725 0.395 0.0001668442874 2
0 0.725 0.405 0 2
0 0.725 0.415 0 2
0 0.725 0.425 0 2
0 0.725 0.435 0 2
0 0.725 0.445 0 2
0 0.725 0.455 0 2
0 0.725 0.465 0 2
0 0.735 -0.455 0 2
0 0.735 -0.445 0 2
0 0.735 -0.435 0 2
0 0.735 -0.425 0 2
0 0.735 -0.415 0 2
0 0.735 -0.405 0 2
0 0.735 -0.395 0.0001905761155 2
0 0.735 -0.385 0.0002198848962 2
0 0.735 -0.375 0.0001820787758 2
0 0.735 -0.365 7.812976278e-05 2
0 0.735 -0.355 -7.360349942e-05 2
0 0.735 -0.345 -0.0002596920587 2
0 0.735 -0.335 -0.0004681454083 2
0 0.735 -0.325 -0.000689129815 2
0 0.735 -0.315 -0.0009152737904 2
0 0.735 -0.305 -0.00113953022 2
0 0.735 -0.295 -0.00135508368 2
0 0.735 -0.285 -0.001552947583 2
0 0.735 -0.275 -0.001724779981 2
0 0.735 -0.265 -0.001861755151 2
0 0.735 -0.255 -0.001956935693 2
0 0.735 -0.245 -0.002005665553 2
0 0.735 -0.235 -0.002006644188 2
0 0.735 -0.225 -0.001959677229 2
0 0.735 -0.215 -0.001871110465 2
0 0.735 -0.205 -0.001747045417 2
0 0.735 -0.195 -0.00160651244 2
0 0.735 -0.185 -0.001448716386 2
0 0.735 -0.175 -0.00127309001 2
0 0.735 -0.165 -0.00107793192 2
0 0.735 -0.155 -0.0008529108945 2
0 0.735 -0.145 -0.0005987245079 2
0 0.735 -0.135 -0.0003190170644 2
0 0.735 -0.125 -2.06149261e-05 2
0 0.735 -0.115 0.0002898961033 2
0 0.735 -0.105 0.0006055168382 2
0 0.735 -0.095 0.0009189234834 2
0 0.735 -0.085 0.001222853902 2
0 0.735 -0.075 0.001510307109 2
0 0.735 -0.065 0.001774786938 2
0 0.735 -0.055 0.002010520524 2
0 0.735 -0.045 0.002212619391 2
0 0.735 -0.035 0.002377232792 2
0 0.735 -0.025 0.00250151767 2
0 0.735 -0.015 0.002583574925 2
0 0.735 -0.005 0.002622092331 2
0 0.735 0.005 0.00261622324 2
0 0.735 0.015 0.002565481432 2
0 0.735 0.025 0.00246979525 2
0 0.735 0.035 0.002329907873 2
0 0.735 0.045 0.002147176064 2
0 0.735 0.055 0.001926272625 2
0 0.735 0.065 0.001670240833 2
0 0.735 0.075 0.001395758927 2
0 0.735 0.085 0.001106784043 1
0 0.735 0.095 0.0008094332575 1
0 0.735 0.105 0.0004996516858 1
0 0.735 0.115 0.0001833779188 2
0 0.735 0.125 -0.0001331206853 2
0 0.735 0.135 -0.0004487330334 2
0 0.735 0.145 -0.0007620705503 2
0 0.735 0.155 -0.001066550053 2
0 0.735 0.165 -0.001352319874 2
0 0.735 0.175 -0.001611562237 2
0 0.735 0.185 -0.001838099552 2
0 0.735 0.195 -0.002026934708 2
0 0.735 0.205 -0.002174532597 2
0 0.735 0.215 -0.002278515656 2
0 0.735 0.225 -0.002337555803 2
0 0.735 0.235 -0.002351306834 2
0 0.735 0.245 -0.002320376546 2
0 0.735 0.255 -0.002246322476 2
0 0.735 0.265 -0.002131653389 2
0 0.735 0.275 -0.001979831456 2
0 0.735 0.285 -0.001795269557 2
0 0.735 0.295 -0.001583325756 2
0 0.735 0.305 -0.001350296699 2
0 0.735 0.315 -0.001103417225 2
0 0.735 0.325 -0.0008508676744 2
0 0.735 0.335 -0.0006018102944 2
0 0.735 0.345 -0.0003664264403 2
0 0.735 0.355 -0.0001560237255 2
0 0.735 0.365 1.685913469e-05 2
0 0.735 0.375 0.0001389079324 2
0 0.735 0.385 0.0001924067263 2
0 0.735 0.395 0.0001760557668 2
0 0.735 0.405 0 2
0 0.735 0.415 0 2
0 0.735 0.425 0 2
0 0.735 0.435 0 2
0 0.735 0.445 0 2
0 0.735 0.455 0 2
0 0.735 0.465 0 2
0 0.745 -0.455 0 2
0 0.745 -0.445 0 2
0 0.745 -0.435 0 2
0 0.745 -0.425 0 2
0 0.745 -0.415 0 2
0 0.745 -0.405 0 2
0 0.745 -0.395 0.0001954444749 2
0 0.745 -0.385 0.0002279052152 2
0 0.745 -0.375 0.0001949250732 2
0 0.745 -0.365 9.835872401e-05 2
0 0.745 -0.355 -4.263286853e-05 2
0 0.745 -0.345 -0.0002143148277 2
0 0.745 -0.335 -0.000404874675 2
0 0.745 -0.325 -0.0006052799194 2
0 0.745 -0.315 -0.0008108105371 2
0 0.745 -0.305 -0.001016230835 2
0 0.745 -0.295 -0.001217109381 2
0 0.745 -0.285 -0.001403069527 2
0 0.745 -0.275 -0.001566111931 2
0 0.745 -0.265 -0.001695278325 2
0 0.745 -0.255 -0.001782553262 2
0 0.745 -0.245 -0.001822620808 2
0 0.745 -0.235 -0.001812433368 2
0 0.745 -0.225 -0.001755816477 2
0 0.745 -0.215 -0.001660207497 2
0 0.745 -0.205 -0.001538172088 2
0 0.745 -0.195 -0.001413599879 2
0 0.745 -0.185 -0.001275524047 2
0 0.745 -0.175 -0.001122229028 2
0 0.745 -0.165 -0.0009573496353 2
0 0.745 -0.155 -0.0007654088093 2
0 0.745 -0.145 -0.0005420966722 2
0 0.745 -0.135 -0.0002925272489 2
0 0.745 -0.125 -2.282058657e-05 2
0 0.745 -0.115 0.0002594522056 2
0 0.745 -0.105 0.0005477400019 2
0 0.745 -0.095 0.0008348748842 2
0 0.745 -0.085 0.001113682654 2
0 0.745 -0.075 0.001377332755 2
0 0.745 -0.065 0.001619550009 2
0 0.745 -0.055 0.001834854169 2
0 0.745 -0.045 0.002018702043 2
0 0.745 -0.035 0.00216777152 2
0 0.745 -0.025 0.002279854121 2
0 0.745 -0.015 0.002353873718 2
0 0.745 -0.005 0.002389024496 2
0 0.745 0.005 0.002384714029 2
0 0.745 0.015 0.002340289357 2
0 0.745 0.025 0.002255300268 2
0 0.745 0.035 0.002129798967 2
0 0.745 0.045 0.001965033895 2
0 0.745 0.055 0.001765267136 2
0 0.745 0.065 0.001535188456 2
0 0.745 0.075 0.001285133596 2
0 0.745 0.085 0.001023101263 2
0 0.745 0.095 0.000747817932 2
0 0.745 0.105 0.000461817104 2
0 0.745 0.115 0.0001677097171 2
0 0.745 0.125 -0.0001282193771 2
0 0.745 0.135 -0.0004230597275 2
0 0.745 0.145 -0.0007129976652 2
0 0.745 0.155 -0.0009921730608 2
0 0.745 0.165 -0.001253367711 2
0 0.745 0.175 -0.001490411142 2
0 0.745 0.185 -0.001697591192 2
0 0.745 0.195 -0.001870402452 2
0 0.745 0.205 -0.002005504214 2
0 0.745 0.215 -0.002100593466 2
0 0.745 0.225 -0.002154349636 2
0 0.745 0.235 -0.002166381103 2
0 0.745 0.245 -0.002137197372 2
0 0.745 0.255 -0.002068195348 2
0 0.745 0.265 -0.001961652605 2
0 0.745 0.275 -0.001820722236 2
0 0.745 0.285 -0.001649426299 2
0 0.745 0.295 -0.001452649099 2
0 0.745 0.305 -0.001236132773 2
0 0.745 0.315 -0.001006483512 2
0 0.745 0.325 -0.0007711915247 2
0 0.745 0.335 -0.0005386923808 2
0 0.745 0.345 -0.0003184441316 2
0 0.745 0.355 -0.0001211119935 2
0 0.745 0.365 4.122054127e-05 2
0 0.745 0.375 0.0001553482977 2
0 0.745 0.385 0.0002030795638 2
0 0.745 0.395 0.0001825053245 2
0 0.745 0.405 0 2
0 0.745 0.415 0 2
0 0.745 0.425 0 2
0 0.745 0.435 0 2
0 0.745 0.445 0 2
0 0.745 0.455 0 2
0 0.745 0.465 0 2
0 0.755 -0.455 0 2
0 0.755 -0.445 0 2
0 0.755 -0.435 0 2
0 0.755 -0.425 0 2
0 0.755 -0.415 0 2
0 0.755 -0.405 0 2
0 0.755 -0.395 0.0001961722285 2
0 0.755 -0.385 0.0002297176651 2
0 0.755 -0.375 0.0002006998879 2
0 0.755 -0.365 0.0001122409562 2
0 0.755 -0.355 -1.591186352e-05 2
0 0.755 -0.345 -0.0001695570835 2
0 0.755 -0.335 -0.0003363063849 2
0 0.755 -0.325 -0.0005066159582 2
0 0.755 -0.315 -0.0006829902274 2
0 0.755 -0.305 -0.0008632216332 2
0 0.755 -0.295 -0.00104970401 2
0 0.755 -0.285 -0.001222787078 2
0 0.755 -0.275 -0.001376995856 2
0 0.755 -0.265 -0.001497330577 2
0 0.755 -0.255 -0.001575915916 2
0 0.755 -0.245 -0.001603679402 2
0 0.755 -0.235 -0.001579961582 2
0 0.755 -0.225 -0.001514219665 2
0 0.755 -0.215 -0.001421189503 2
0 0.755 -0.205 -0.001310208007 1
0 0.755 -0.195 -0.001208269707 1
0 0.755 -0.185 -0.001091461788 1
0 0.755 -0.175 -0.0009602447003 1
0 0.755 -0.165 -0.0008253478361 2
0 0.755 -0.155 -0.0006674526584 2
0 0.755 -0.145 -0.0004754256253 2
0 0.755 -0.135 -0.0002594757135 2
0 0.755 -0.125 -2.345814701e-05 2
0 0.755 -0.115 0.0002254678495 2
0 0.755 -0.105 0.0004814075096 2
0 0.755 -0.095 0.0007373850183 2
0 0.755 -0.085 0.0009862796807 2
0 0.755 -0.075 0.001221517421 2
0 0.755 -0.065 0.001437100627 2
0 0.755 -0.055 0.00162786787 2
0 0.755 -0.045 0.001789580353 2
0 0.755 -0.035 0.001919542489 2
0 0.755 -0.025 0.002016303211 2
0 0.755 -0.015 0.002080180086 2
0 0.755 -0.005 0.002111019818 2
0 0.755 0.005 0.002108633458 2
0 0.755 0.015 0.002072099783 2
0 0.755 0.025 0.002000456566 2
0 0.755 0.035 0.001892408291 2
0 0.755 0.045 0.001748848922 2
0 0.755 0.055 0.001572857231 2
0 0.755 0.065 0.001370175933 2
0 0.755 0.075 0.001147614219 2
0 0.755 0.085 0.0009130533124 2
0 0.755 0.095 0.0006661502772 2
0 0.755 0.105 0.0004097146079 2
0 0.755 0.115 0.0001445050154 2
0 0.755 0.125 -0.0001230009234 2
0 0.755 0.135 -0.000388665631 2
0 0.755 0.145 -0.0006479346647 2
0 0.755 0.155 -0.0008967692226 2
0 0.755 0.165 -0.001129338975 2
0 0.755 0.175 -0.001340177999 2
0 0.755 0.185 -0.001524443368 2
0 0.755 0.195 -0.001678193953 2
0 0.755 0.205 -0.001798394726 2
0 0.755 0.215 -0.001882918011 2
0 0.755 0.225 -0.00193051393 2
0 0.755 0.235 -0.001940773859 2
0 0.755 0.245 -0.00191410728 2
0 0.755 0.255 -0.001851725672 2
0 0.755 0.265 -0.001755631124 2
0 0.755 0.275 -0.001628606464 2
0 0.755 0.285 -0.001474205372 2
0 0.755 0.295 -0.001296743765 2
0 0.755 0.305 -0.001101295195 2
0 0.755 0.315 -0.0008936993248 2
0 0.755 0.325 -0.0006805874023 2
0 0.755 0.335 -0.0004694590039 2
0 0.755 0.345 -0.0002687846504 2
0 0.755 0.355 -8.826644366e-05 2
0 0.755 0.365 6.084321233e-05 2
0 0.755 0.375 0.0001657765296 2
0 0.755 0.385 0.0002081524411 2
0 0.755 0.395 0.0001850880419 2
0 0.755 0.405 0 2
0 0.755 0.415 0 2
0 0.755 0.425 0 2
0 0.755 0.435 0 2
0 0.755 0.445 0 2
0 0.755 0.455 0 2
0 0.755 0.465 0 2
0 0.765 -0.455 0 2
0 0.765 -0.445 0 2
0 0.765 -0.435 0 2
0 0.765 -0.425 0 2
0 0.765 -0.415 0 2
0 0.765 -0.405 0 2
0 0.765 -0.395 0.0001910288656 2
0 0.765 -0.385 0.0002227216848 2
0 0.765 -0.375 0.0001964584171 2
0 0.765 -0.365 0.0001170682499 2
0 0.765 -0.355 4.649872185e-06 2
0 0.765 -0.345 -0.0001269079937 2
0 0.765 -0.335 -0.0002652315725 2
0 0.765 -0.325 -0.0004032979321 2
0 0.765 -0.315 -0.0005473003742 2
0 0.765 -0.305 -0.0006939319109 2
0 0.765 -0.295 -0.0008533068508 2
0 0.765 -0.285 -0.001002756077 2
0 0.765 -0.275 -0.001149080911 2
0 0.765 -0.265 -0.001263914485 2
0 0.765 -0.255 -0.001332625433 2
0 0.765 -0.245 -0.001345804468 2
0 0.765 -0.235 -0.001306711224 2
0 0.765 -0.225 -0.00124112309 2
0 0.765 -0.215 -0.001160740239 1
0 0.765 -0.205 -0.001101278069 1
0 0.765 -0.195 -0.001020735844 1
0 0.765 -0.185 -0.0009231771642 1
0 0.765 -0.175 -0.0008095635697 1
0 0.765 -0.165 -0.0006774190385 1
0 0.765 -0.155 -0.0005525888692 2
0 0.765 -0.145 -0.0003922367248 2
0 0.765 -0.135 -0.0002150823318 2
0 0.765 -0.125 -2.119581039e-05 2
0 0.765 -0.115 0.0001875111726 2
0 0.765 -0.105 0.000405536071 2
0 0.765 -0.095 0.0006251940642 2
0 0.765 -0.085 0.0008388535192 2
0 0.765 -0.075 0.001040593801 2
0 0.765 -0.065 0.001224781743 2
0 0.765 -0.055 0.001386512854 2
0 0.765 -0.045 0.001521565223 2
0 0.765 -0.035 0.001627953942 2
0 0.765 -0.025 0.001704927233 2
0 0.765 -0.015 0.001755706467 2
0 0.765 -0.005 0.001780872102 2
0 0.765 0.005 0.001781000805 2
0 0.765 0.015 0.001754657799 2
0 0.765 0.025 0.001700312262 2
0 0.765 0.035 0.001613577817 2
0 0.765 0.045 0.001494882942 2
0 0.765 0.055 0.001346794375 2
0 0.765 0.065 0.0011744641 2
0 0.765 0.075 0.0009836197392 2
0 0.765 0.085 0.0007797529883 2
0 0.765 0.095 0.0005656296923 2
0 0.765 0.105 0.0003438452529 2
0 0.765 0.115 0.0001164033815 2
0 0.765 0.125 -0.0001132657606 2
0 0.765 0.135 -0.0003416315921 2
0 0.765 0.145 -0.0005645742149 2
0 0.765 0.155 -0.0007778126826 2
0 0.765 0.165 -0.0009767094041 2
0 0.765 0.175 -0.001156860854 2
0 0.765 0.185 -0.001314274374 2
0 0.765 0.195 -0.001445618931 2
0 0.765 0.205 -0.001548282922 2
0 0.765 0.215 -0.001620408827 2
0 0.765 0.225 -0.001660880455 2
0 0.765 0.235 -0.001669305345 2
0 0.765 0.245 -0.001645997836 2
0 0.765 0.255 -0.00159196431 2
0 0.765 0.265 -0.001508890509 2
0 0.765 0.275 -0.001399129465 2
0 0.765 0.285 -0.001265689485 2
0 0.765 0.295 -0.001112223637 2
0 0.765 0.305 -0.0009430233077 2
0 0.765 0.315 -0.0007630247875 2
0 0.765 0.325 -0.0005778323137 2
0 0.765 0.335 -0.0003937963835 2
0 0.765 0.345 -0.0002181173219 2
0 0.765 0.355 -5.915935021e-05 2
0 0.765 0.365 7.320305744e-05 2
0 0.765 0.375 0.0001672057122 2
0 0.765 0.385 0.0002049003971 2
0 0.765 0.395 0.0001819543267 2
0 0.765 0.405 0 2
0 0.765 0.415 0 2
0 0.765 0.425 0 2
0 0.765 0.435 0 2
0 0.765 0.445 0 2
0 0.765 0.455 0 2
0 0.765 0.465 0 2
0 0.775 -0.455 0 2
0 0.775 -0.445 0 2
0 0.775 -0.435 0 2
0 0.775 -0.425 0 2
0 0.775 -0.415 0 2
0 0.775 -0.405 0 2
0 0.775 -0.395 0.0001787481897 2
0 0.775 -0.385 0.0002051659031 2
0 0.775 -0.375 0.000180426994 2
0 0.775 -0.365 0.000111326427 2
0 0.775 -0.355 1.713610265e-05 2
0 0.775 -0.345 -9.023807895e-05 2
0 0.775 -0.335 -0.0001982780319 2
0 0.775 -0.325 -0.0003038476913 1
0 0.775 -0.315 -0.0004138907682 1
0 0.775 -0.305 -0.0005243538648 1
0 0.775 -0.295 -0.0006504123785 2
0 0.775 -0.285 -0.0007655562834 2
0 0.775 -0.275 -0.0008943921156 2
0 0.775 -0.265 -0.001002268538 2
0 0.775 -0.255 -0.001063905093 2
0 0.775 -0.245 -0.001069125678 2
0 0.775 -0.235 -0.001015693229 2
0 0.775 -0.225 -0.0009575343306 1
0 0.775 -0.215 -0.0009285922252 1
0 0.775 -0.205 -0.0008892455937 1
0 0.775 -0.195 -0.0008295668168 1
0 0.775 -0.185 -0.0007511956283 1
0 0.775 -0.175 -0.0006555540774 1
0 0.775 -0.165 -0.0005442327494 1
0 0.775 -0.155 -0.0004326350803 2
0 0.775 -0.145 -0.0003052715099 2
0 0.775 -0.135 -0.0001680081947 2
0 0.775 -0.125 -1.837473509e-05 2
0 0.775 -0.115 0.0001469788908 2
0 0.775 -0.105 0.0003230423811 2
0 0.775 -0.095 0.0005017246468 2
0 0.775 -0.085 0.0006758002767 2
0 0.775 -0.075 0.0008397358481 2
0 0.775 -0.065 0.0009885066862 2
0 0.775 -0.055 0.001117679642 2
0 0.775 -0.045 0.001222750304 2
0 0.775 -0.035 0.001302651884 2
0 0.775 -0.025 0.001356254265 2
0 0.775 -0.015 0.001392452451 2
0 0.775 -0.005 0.001411305802 2
0 0.775 0.005 0.001414282043 2
0 0.775 0.015 0.001399435383 2
0 0.775 0.025 0.001365948306 2
0 0.775 0.035 0.001302798893 2
0 0.775 0.045 0.001210946591 2
0 0.775 0.055 0.001092775761 2
0 0.775 0.065 0.0009538120928 2
0 0.775 0.075 0.0007988884138 2
0 0.775 0.085 0.000632381097 2
0 0.775 0.095 0.0004570960156 2
0 0.775 0.105 0.0002754282178 2
0 0.775 0.115 8.945703643e-05 2
0 0.775 0.125 -9.80897327e-05 2
0 0.775 0.135 -0.0002842145034 2
0 0.775 0.145 -0.0004655379269 2
0 0.775 0.155 -0.0006385848029 2
0 0.775 0.165 -0.0007997540188 2
0 0.775 0.175 -0.0009456015446 2
0 0.775 0.185 -0.001072984558 2
0 0.775 0.195 -0.001179244384 2
0 0.775 0.205 -0.001262273898 2
0 0.775 0.215 -0.001320552444 2
0 0.775 0.225 -0.001353149623 2
0 0.775 0.235 -0.001359719789 2
0 0.775 0.245 -0.001340491494 2
0 0.775 0.255 -0.001296256131 2
0 0.775 0.265 -0.00122835638 2
0 0.775 0.275 -0.001138674151 2
0 0.775 0.285 -0.001029618047 2
0 0.775 0.295 -0.0009041117437 2
0 0.775 0.305 -0.0007655852924 2
0 0.775 0.315 -0.0006179772955 2
0 0.775 0.325 -0.0004657495275 2
0 0.775 0.335 -0.0003139531897 2
0 0.775 0.345 -0.0001683085973 2
0 0.775 0.355 -3.55269689e-05 2
0 0.775 0.365 7.643411115e-05 2
0 0.775 0.375 0.0001574978364 2
0 0.775 0.385 0.0001912708652 2
0 0.775 0.395 0.000171643685 2
0 0.775 0.405 0 2
0 0.775 0.415 0 2
0 0.775 0.425 0 2
0 0.775 0.435 0 2
0 0.775 0.445 0 2
0 0.775 0.455 0 2
0 0.775 0.465 0 2
0 0.785 -0.455 0 2
0 0.785 -0.445 0 2
0 0.785 -0.435 0 2
0 0.785 -0.425 0 2
0 0.785 -0.415 0 2
0 0.785 -0.405 0 2
0 0.785 -0.395 0.0001521768556 2
0 0.785 -0.385 0.0001676328816 2
0 0.785 -0.375 0.0001440182873 2
0 0.785 -0.365 8.981067802e-05 2
0 0.785 -0.355 1.932486074e-05 2
0 0.785 -0.345 -5.880540071e-05 2
0 0.785 -0.335 -0.0001316485949 1
0 0.785 -0.325 -0.0002119165384 1
0 0.785 -0.315 -0.0002892994037 1
0 0.785 -0.305 -0.0003650833794 1
0 0.785 -0.295 -0.0004321894683 1
0 0.785 -0.285 -0.000505773075 1
0 0.785 -0.275 -0.0006042936251 2
0 0.785 -0.265 -0.0006912150616 2
0 0.785 -0.255 -0.0007445698544 2
0 0.785 -0.245 -0.0007404081168 2
0 0.785 -0.235 -0.0006851778238 1
0 0.785 -0.225 -0.0006760442342 1
0 0.785 -0.215 -0.0006626247816 1
0 0.785 -0.205 -0.0006356412071 1
0 0.785 -0.195 -0.000593625291 1
0 0.785 -0.185 -0.0005380683896 1
0 0.785 -0.175 -0.000469420092 1
0 0.785 -0.165 -0.0003889983471 1
0 0.785 -0.155 -0.0002954454343 1
0 0.785 -0.145 -0.0002066368585 1
0 0.785 -0.135 -0.0001140793807 1
0 0.785 -0.125 -1.42065413e-05 1
0 0.785 -0.115 9.915897825e-05 2
0 0.785 -0.105 0.0002264945814 2
0 0.785 -0.095 0.0003561496367 2
0 0.785 -0.085 0.0004825822087 2
0 0.785 -0.075 0.0006007758637 2
0 0.785 -0.065 0.0007075587889 2
0 0.785 -0.055 0.0007995064938 2
0 0.785 -0.045 0.0008688250797 2
0 0.785 -0.035 0.0009141128786 2
0 0.785 -0.025 0.0009283801925 2
0 0.785 -0.015 0.0009430830183 2
0 0.785 -0.005 0.0009521572702 2
0 0.785 0.005 0.0009589667212 2
0 0.785 0.015 0.0009604995815 2
0 0.785 0.025 0.0009630213896 2
0 0.785 0.035 0.0009305485042 2
0 0.785 0.045 0.0008701493409 2
0 0.785 0.055 0.0007857635075 2
0 0.785 0.065 0.0006860034871 2
0 0.785 0.075 0.0005743865541 2
0 0.785 0.085 0.0004539757119 2
0 0.785 0.095 0.0003270019559 2
0 0.785 0.105 0.0001953756584 2
0 0.785 0.115 6.085225601e-05 2
0 0.785 0.125 -7.458573164e-05 2
0 0.785 0.135 -0.0002087673975 2
0 0.785 0.145 -0.0003392978413 2
0 0.785 0.155 -0.0004636795954 2
0 0.785 0.165 -0.0005793778005 2
0 0.785 0.175 -0.0006839758854 2
0 0.785 0.185 -0.0007752795048 2
0 0.785 0.195 -0.000851415287 2
0 0.785 0.205 -0.0009108839313 2
0 0.785 0.215 -0.0009525918001 2
0 0.785 0.225 -0.0009758605912 2
0 0.785 0.235 -0.0009804279291 2
0 0.785 0.245 -0.0009664424525 2
0 0.785 0.255 -0.0009344567387 2
0 0.785 0.265 -0.0008854187293 2
0 0.785 0.275 -0.000820661961 2
0 0.785 0.285 -0.0007418948025 2
0 0.785 0.295 -0.0006511898386 2
0 0.785 0.305 -0.0005509745467 2
0 0.785 0.315 -0.0004440293876 2
0 0.785 0.325 -0.0003334921468 2
0 0.785 0.335 -0.0002229027641 2
0 0.785 0.345 -0.0001162417329 2
0 0.785 0.355 -1.819611314e-05 2
0 0.785 0.365 6.577023129e-05 2
0 0.785 0.375 0.0001282596827 2
0 0.785 0.385 0.0001579437926 2
0 0.785 0.395 0.0001470487199 2
0 0.785 0.405 0 2
0 0.785 0.415 0 2
0 0.785 0.425 0 2
0 0.785 0.435 0 2
0 0.785 0.445 0 2
0 0.785 0.455 0 2
0 0.785 0.465 0 2
0 0.795 -0.455 0 2
0 0.795 -0.445 0 2
0 0.795 -0.435 0 2
0 0.795 -0.425 0 2
0 0.795 -0.415 0 2
0 0.795 -0.405 0 2
0 0.795 -0.395 0.0001164462622 2
0 0.795 -0.385 0.0001210330866 2
0 0.795 -0.375 0.0001004066564 2
0 0.795 -0.365 6.238104588e-05 2
0 0.795 -0.355 1.519415321e-05 2
0 0.795 -0.345 -3.57273783e-05 2
0 0.795 -0.335 -8.253542997e-05 1
0 0.795 -0.325 -0.000134532604 1
0 0.795 -0.315 -0.0001841155307 1
0 0.795 -0.305 -0.000230322936 1
0 0.795 -0.295 -0.0002689062165 1
0 0.795 -0.285 -0.0003098360422 1
0 0.795 -0.275 -0.0003481431778 1
0 0.795 -0.265 -0.0004135626975 2
0 0.795 -0.255 -0.0004631840578 2
0 0.795 -0.245 -0.0004479419294 2
0 0.795 -0.235 -0.0004276430882 1
0 0.795 -0.225 -0.0004256786572 1
0 0.795 -0.215 -0.0004177101001 1
0 0.795 -0.205 -0.0004007357889 1
0 0.795 -0.195 -0.0003740678759 1
0 0.795 -0.185 -0.0003393895966 1
0 0.795 -0.175 -0.0002958245677 1
0 0.795 -0.165 -0.0002445546457 1
0 0.795 -0.155 -0.0001862324588 1
0 0.795 -0.145 -0.0001301601007 1
0 0.795 -0.135 -7.266337469e-05 1
0 0.795 -0.125 -1.127563769e-05 1
0 0.795 -0.115 5.662710929e-05 2
0 0.795 -0.105 0.0001394654983 2
0 0.795 -0.095 0.0002225986356 2
0 0.795 -0.085 0.0003035387734 2
0 0.795 -0.075 0.0003788273906 2
0 0.795 -0.065 0.000444840391 2
0 0.795 -0.055 0.0004979988876 2
0 0.795 -0.045 0.0005308800385 2
0 0.795 -0.035 0.0005527364192 2
0 0.795 -0.025 0.0005431476688 2
0 0.795 -0.015 0.0005511176506 2
0 0.795 -0.005 0.000556580744 2
0 0.795 0.005 0.0005626006442 2
0 0.795 0.015 0.0005695917498 2
0 0.795 0.025 0.0006004073235 2
0 0.795 0.035 0.0005870321713 2
0 0.795 0.045 0.0005513912011 2
0 0.795 0.055 0.0004980101866 2
0 0.795 0.065 0.0004347216341 2
0 0.795 0.075 0.000363803249 2
0 0.795 0.085 0.0002870971432 2
0 0.795 0.095 0.0002060769471 2
0 0.795 0.105 0.000122043316 2
0 0.795 0.115 3.623166261e-05 2
0 0.795 0.125 -5.003893781e-05 2
0 0.795 0.135 -0.0001353535605 2
0 0.795 0.145 -0.0002181931352 2
0 0.795 0.155 -0.0002969917902 2
0 0.795 0.165 -0.0003701846047 2
0 0.795 0.175 -0.0004362842223 2
0 0.795 0.185 -0.0004939397777 2
0 0.795 0.195 -0.0005419911378 2
0 0.795 0.205 -0.0005795030259 2
0 0.795 0.215 -0.0006057867414 2
0 0.795 0.225 -0.0006204096891 2
0 0.795 0.235 -0.0006231985831 2
0 0.795 0.245 -0.00061423841 2
0 0.795 0.255 -0.0005938689883 2
0 0.795 0.265 -0.0005626797241 2
0 0.795 0.275 -0.0005215029698 2
0 0.795 0.285 -0.0004714062154 2
0 0.795 0.295 -0.0004136839194 2
0 0.795 0.305 -0.0003498494437 2
0 0.795 0.315 -0.0002816311558 2
0 0.795 0.325 -0.0002109700114 2
0 0.795 0.335 -0.0001400436388 2
0 0.795 0.345 -7.127256583e-05 2
0 0.795 0.355 -7.495548386e-06 2
0 0.795 0.365 4.808687607e-05 2
0 0.795 0.375 9.091748998e-05 2
0 0.795 0.385 0.000114971285 2
0 0.795 0.395 0.0001130041283 2
0 0.795 0.405 0 2
0 0.795 0.415 0 2
0 0.795 0.425 0 2
0 0.795 0.435 0 2
0 0.795 0.445 0 2
0 0.795 0.455 0 2
0 0.795 0.465 0 2
0 0.805 -0.455 0 2
0 0.805 -0.445 0 2
0 0.805 -0.435 0 2
0 0.805 -0.425 0 2
0 0.805 -0.415 0 2
0 0.805 -0.405 0 2
0 0.805 -0.395 0 2
0 0.805 -0.385 0 2
0 0.805 -0.375 0 2
0 0.805 -0.365 0 2
0 0.805 -0.355 0 2
0 0.805 -0.345 0 2
0 0.805 -0.335 0 1
0 0.805 -0.325 0 1
0 0.805 -0.315 0 1
0 0.805 -0.305 0 1
0 0.805 -0.295 0 1
0 0.805 -0.285 0 1
0 0.805 -0.275 0 1
0 0.805 -0.265 0 1
0 0.805 -0.255 0 2
0 0.805 -0.245 0 1
0 0.805 -0.235 0 1
0 0.805 -0.225 0 1
0 0.805 -0.215 0 1
0 0.805 -0.205 0 1
0 0.805 -0.195 0 1
0 0.805 -0.185 0 1
0 0.805 -0.175 0 1
0 0.805 -0.165 0 1
0 0.805 -0.155 0 1
0 0.805 -0.145 0 1
0 0.805 -0.135 0 1
0 0.805 -0.125 0 1
0 0.805 -0.115 0 1
0 0.805 -0.105 0 2
0 0.805 -0.095 0 2
0 0.805 -0.085 0 2
0 0.805 -0.075 0 2
0 0.805 -0.065 0 2
0 0.805 -0.055 0 2
0 0.805 -0.045 0 2
0 0.805 -0.035 0 2
0 0.805 -0.025 0 1
0 0.805 -0.015 0 1
0 0.805 -0.005 0 1
0 0.805 0.005 0 1
0 0.805 0.015 0 1
0 0.805 0.025 0 2
0 0.805 0.035 0 2
0 0.805 0.045 0 2
0 0.805 0.055 0 2
0 0.805 0.065 0 2
0 0.805 0.075 0 2
0 0.805 0.085 0 2
0 0.805 0.095 0 2
0 0.805 0.105 0 2
0 0.805 0.115 0 2
0 0.805 0.125 0 2
0 0.805 0.135 0 2
0 0.805 0.145 0 2
0 0.805 0.155 0 2
0 0.805 0.165 0 2
0 0.805 0.175 0 2
0 0.805 0.185 0 2
0 0.805 0.195 0 2
0 0.805 0.205 0 2
0 0.805 0.215 0 2
0 0.805 0.225 0 2
0 0.805 0.235 0 2
0 0.805 0.245 0 2
0 0.805 0.255 0 2
0 0.805 0.265 0 2
0 0.805 0.275 0 2
0 0.805 0.285 0 2
0 0.805 0.295 0 2
0 0.805 0.305 0 2
0 0.805 0.315 0 2
0 0.805 0.325 0 2
0 0.805 0.335 0 2
0 0.805 0.345 0 2
0 0.805 0.355 0 2
0 0.805 0.365 0 2
0 0.805 0.375 0 2
0 0.805 0.385 0 2
0 0.805 0.395 0 2
0 0.805 0.405 0 2
0 0.805 0.415 0 2
0 0.805 0.425 0 2
0 0.805 0.435 0 2
0 0.805 0.445 0 2
0 0.805 0.455 0 2
0 0.805 0.465 0 2
0 0.815 -0.455 0 2
0 0.815 -0.445 0 2
0 0.815 -0.435 0 2
0 0.815 -0.425 0 2
0 0.815 -0.415 0 2
0 0.815 -0.405 0 2
0 0.815 -0.395 0 2
0 0.815 -0.385 0 2
0 0.815 -0.375 0 2
0 0.815 -0.365 0 2
0 0.815 -0.355 0 2
0 0.815 -0.345 0 2
0 0.815 -0.335 0 1
0 0.815 -0.325 0 1
0 0.815 -0.315 0 1
0 0.815 -0.305 0 1
0 0.815 -0.295 0 1
0 0.815 -0.285 0 1
0 0.815 -0.275 0 1
0 0.815 -0.265 0 1
0 0.815 -0.255 0 2
0 0.815 -0.245 0 1
0 0.815 -0.235 0 1
0 0.815 -0.225 0 1
0 0.815 -0.215 0 1
0 0.815 -0.205 0 1
0 0.815 -0.195 0 1
0 0.815 -0.185 0 1
0 0.815 -0.175 0 1
0 0.815 -0.165 0 1
0 0.815 -0.155 0 1
0 0.815 -0.145 0 1
0 0.815 -0.135 0 1
0 0.815 -0.125 0 1
0 0.815 -0.115 0 1
0 0.815 -0.105 0 2
0 0.815 -0.095 0 2
0 0.815 -0.085 0 2
0 0.815 -0.075 0 2
0 0.815 -0.065 0 2
0 0.815 -0.055 0 2
0 0.815 -0.045 0 1
0 0.815 -0.035 0 1
0 0.815 -0.025 0 1
0 0.815 -0.015 0 1
0 0.815 -0.005 0 1
0 0.815 0.005 0 1
0 0.815 0.015 0 1
0 0.815 0.025 0 2
0 0.815 0.035 0 2
0 0.815 0.045 0 2
0 0.815 0.055 0 2
0 0.815 0.065 0 2
0 0.815 0.075 0 2
0 0.815 0.085 0 2
0 0.815 0.095 0 2
0 0.815 0.105 0 2
0 0.815 0.115 0 2
0 0.815 0.125 0 2
0 0.815 0.135 0 2
0 0.815 0.145 0 2
0 0.815 0.155 0 2
0 0.815 0.165 0 2
0 0.815 0.175 0 2
0 0.815 0.185 0 2
0 0.815 0.195 0 2
0 0.815 0.205 0 2
0 0.815 0.215 0 2
0 0.815 0.225 0 2
0 0.815 0.235 0 2
0 0.815 0.245 0 2
0 0.815 0.255 0 2
0 0.815 0.265 0 2
0 0.815 0.275 0 2
0 0.815 0.285 0 2
0 0.815 0.295 0 2
0 0.815 0.305 0 2
0 0.815 0.315 0 2
0 0.815 0.325 0 2
0 0.815 0.335 0 2
0 0.815 0.345 0 2
0 0.815 0.355 0 2
0 0.815 0.365 0 2
0 0.815 0.375 0 2
0 0.815 0.385 0 2
0 0.815 0.395 0 2
0 0.815 0.405 0 2
0 0.815 0.415 0 2
0 0.815 0.425 0 2
0 0.815 0.435 0 2
0 0.815 0.445 0 2
0 0.815 0.455 0 2
0 0.815 0.465 0 2
0 0.825 -0.455 0 2
0 0.825 -0.445 0 2
0 0.825 -0.435 0 2
0 0.825 -0.425 0 2
0 0.825 -0.415 0 2
0 0.825 -0.405 0 2
0 0.825 -0.395 0 2
0 0.825 -0.385 0 2
0 0.825 -0.375 0 2
0 0.825 -0.365 0 2
0 0.825 -0.355 0 2
0 0.825 -0.345 0 2
0 0.825 -0.335 0 1
0 0.825 -0.325 0 1
0 0.825 -0.315 0 1
0 0.825 -0.305 0 1
0 0.825 -0.295 0 1
0 0.825 -0.285 0 1
0 0.825 -0.275 0 1
0 0.825 -0.265 0 1
0 0.825 -0.255 0 1
0 0.825 -0.245 0 1
0 0.825 -0.235 0 1
0 0.825 -0.225 0 1
0 0.825 -0.215 0 1
0 0.825 -0.205 0 1
0 0.825 -0.195 0 1
0 0.825 -0.185 0 1
0 0.825 -0.175 0 1
0 0.825 -0.165 0 1
0 0.825 -0.155 0 1
0 0.825 -0.145 0 1
0 0.825 -0.135 0 1
0 0.825 -0.125 0 1
0 0.825 -0.115 0 1
0 0.825 -0.105 0 2
0 0.825 -0.095 0 2
0 0.825 -0.085 0 2
0 0.825 -0.075 0 2
0 0.825 -0.065 0 2
0 0.825 -0.055 0 1
0 0.825 -0.045 0 1
0 0.825 -0.035 0 1
0 0.825 -0.025 0 1
0 0.825 -0.015 0 1
0 0.825 -0.005 0 1
0 0.825 0.005 0 1
0 0.825 0.015 0 1
0 0.825 0.025 0 1
0 0.825 0.035 0 2
0 0.825 0.045 0 2
0 0.825 0.055 0 2
0 0.825 0.065 0 2
0 0.825 0.075 0 2
0 0.825 0.085 0 2
0 0.825 0.095 0 2
0 0.825 0.105 0 2
0 0.825 0.115 0 2
0 0.825 0.125 0 2
0 0.825 0.135 0 2
0 0.825 0.145 0 2
0 0.825 0.155 0 2
0 0.825 0.165 0 2
0 0.825 0.175 0 2
0 0.825 0.185 0 2
0 0.825 0.195 0 2
0 0.825 0.205 0 2
0 0.825 0.215 0 2
0 0.825 0.225 0 2
0 0.825 0.235 0 2
0 0.825 0.245 0 2
0 0.825 0.255 0 2
0 0.825 0.265 0 2
0 0.825 0.275 0 2
0 0.825 0.285 0 2
0 0.825 0.295 0 2
0 0.825 0.305 0 2
0 0.825 0.315 0 2
0 0.825 0.325 0 2
0 0.825 0.335 0 2
0 0.825 0.345 0 2
0 0.825 0.355 0 2
0 0.825 0.365 0 2
0 0.825 0.375 0 2
0 0.825 0.385 0 2
0 0.825 0.395 0 2
0 0.825 0.405 0 2
0 0.825 0.415 0 2
0 0.825 0.425 0 2
0 0.825 0.435 0 2
0 0.825 0.445 0 2
0 0.825 0.455 0 2
0 0.825 0.465 0 2
0 0.835 -0.455 0 2
0 0.835 -0.445 0 2
0 0.835 -0.435 0 2
0 0.835 -0.425 0 2
0 0.835 -0.415 0 2
0 0.835 -0.405 0 2
0 0.835 -0.395 0 2
0 0.835 -0.385 0 2
0 0.835 -0.375 0 2
0 0.835 -0.365 0 2
0 0.835 -0.355 0 2
0 0.835 -0.345 0 2
0 0.835 -0.335 0 2
0 0.835 -0.325 0 1
0 0.835 -0.315 0 1
0 0.835 -0.305 0 1
0 0.835 -0.295 0 1
0 0.835 -0.285 0 1
0 0.835 -0.275 0 1
0 0.835 -0.265 0 1
0 0.835 -0.255 0 1
0 0.835 -0.245 0 1
0 0.835 -0.235 0 1
0 0.835 -0.225 0 1
0 0.835 -0.215 0 1
0 0.835 -0.205 0 1
0 0.835 -0.195 0 1
0 0.835 -0.185 0 1
0 0.835 -0.175 0 1
0 0.835 -0.165 0 1
0 0.835 -0.155 0 1
0 0.835 -0.145 0 1
0 0.835 -0.135 0 1
0 0.835 -0.125 0 1
0 0.835 -0.115 0 2
0 0.835 -0.105 0 2
0 0.835 -0.095 0 2
0 0.835 -0.085 0 2
0 0.835 -0.075 0 2
0 0.835 -0.065 0 2
0 0.835 -0.055 0 1
0 0.835 -0.045 0 1
0 0.835 -0.035 0 1
0 0.835 -0.025 0 1
0 0.835 -0.015 0 1
0 0.835 -0.005 0 1
0 0.835 0.005 0 1
0 0.835 0.015 0 1
0 0.835 0.025 0 2
0 0.835 0.035 0 2
0 0.835 0.045 0 2
0 0.835 0.055 0 2
0 0.835 0.065 0 2
0 0.835 0.075 0 2
0 0.835 0.085 0 2
0 0.835 0.095 0 2
0 0.835 0.105 0 2
0 0.835 0.115 0 2
0 0.835 0.125 0 2
0 0.835 0.135 0 2
0 0.835 0.145 0 2
0 0.835 0.155 0 2
0 0.835 0.165 0 2
0 0.835 0.175 0 2
0 0.835 0.185 0 2
0 0.835 0.195 0 2
0 0.835 0.205 0 2
0 0.835 0.215 0 2
0 0.835 0.225 0 2
0 0.835 0.235 0 2
0 0.835 0.245 0 2
0 0.835 0.255 0 2
0 0.835 0.265 0 2
0 0.835 0.275 0 2
0 0.835 0.285 0 2
0 0.835 0.295 0 2
0 0.835 0.305 0 2
0 0.835 0.315 0 2
0 0.835 0.325 0 2
0 0.835 0.335 0 2
0 0.835 0.345 0 2
0 0.835 0.355 0 2
0 0.835 0.365 0 2
0 0.835 0.375 0 2
0 0.835 0.385 0 2
0 0.835 0.395 0 2
0 0.835 0.405 0 2
0 0.835 0.415 0 2
0 0.835 0.425 0 2
0 0.835 0.435 0 2
0 0.835 0.445 0 2
0 0.835 0.455 0 2
0 0.835 0.465 0 2
0 0.845 -0.455 0 2
0 0.845 -0.445 0 2
0 0.845 -0.435 0 2
0 0.845 -0.425 0 2
0 0.845 -0.415 0 2
0 0.845 -0.405 0 2
0 0.845 -0.395 0 2
0 0.845 -0.385 0 2
0 0.845 -0.375 0 2
0 0.845 -0.365 0 2
0 0.845 -0.355 0 2
0 0.845 -0.345 0 2
0 0.845 -0.335 0 2
0 0.845 -0.325 0 1
0 0.845 -0.315 0 1
0 0.845 -0.305 0 1
0 0.845 -0.295 0 1
0 0.845 -0.285 0 1
0 0.845 -0.275 0 1
0 0.845 -0.265 0 1
0 0.845 -0.255 0 1
0 0.845 -0.245 0 1
0 0.845 -0.235 0 1
0 0.845 -0.225 0 1
0 0.845 -0.215 0 1
0 0.845 -0.205 0 1
0 0.845 -0.195 0 1
0 0.845 -0.185 0 1
0 0.845 -0.175 0 1
0 0.845 -0.165 0 1
0 0.845 -0.155 0 1
0 0.845 -0.145 0 1
0 0.845 -0.135 0 1
0 0.845 -0.125 0 1
0 0.845 -0.115 0 2
0 0.845 -0.105 0 2
0 0.845 -0.095 0 2
0 0.845 -0.085 0 2
0 0.845 -0.075 0 2
0 0.845 -0.065 0 1
0 0.845 -0.055 0 1
0 0.845 -0.045 0 1
0 0.845 -0.035 0 1
0 0.845 -0.025 0 1
0 0.845 -0.015 0 1
0 0.845 -0.005 0 1
0 0.845 0.005 0 1
0 0.845 0.015 0 1
0 0.845 0.025 0 2
0 0.845 0.035 0 2
0 0.845 0.045 0 2
0 0.845 0.055 0 2
0 0.845 0.065 0 2
0 0.845 0.075 0 2
0 0.845 0.085 0 2
0 0.845 0.095 0 2
0 0.845 0.105 0 2
0 0.845 0.115 0 2
0 0.845 0.125 0 2
0 0.845 0.135 0 2
0 0.845 0.145 0 2
0 0.845 0.155 0 2
0 0.845 0.165 0 2
0 0.845 0.175 0 2
0 0.845 0.185 0 2
0 0.845 0.195 0 2
0 0.845 0.205 0 2
0 0.845 0.215 0 2
0 0.845 0.225 0 2
0 0.845 0.235 0 2
0 0.845 0.245 0 2
0 0.845 0.255 0 2
0 0.845 0.265 0 2
0 0.845 0.275 0 2
0 0.845 0.285 0 2
0 0.845 0.295 0 2
0 0.845 0.305 0 2
0 0.845 0.315 0 2
0 0.845 0.325 0 2
0 0.845 0.335 0 2
0 0.845 0.345 0 2
0 0.845 0.355 0 2
0 0.845 0.365 0 2
0 0.845 0.375 0 2
0 0.845 0.385 0 2
0 0.845 0.395 0 2
0 0.845 0.405 0 2
0 0.845 0.415 0 2
0 0.845 0.425 0 2
0 0.845 0.435 0 2
0 0.845 0.445 0 2
0 0.845 0.455 0 2
0 0.845 0.465 0 2
0 0.855 -0.455 0 2
0 0.855 -0.445 0 2
0 0.855 -0.435 0 2
0 0.855 -0.425 0 2
0 0.855 -0.415 0 2
0 0.855 -0.405 0 2
0 0.855 -0.395 0 2
0 0.855 -0.385 0 2
0 0.855 -0.375 0 2
0 0.855 -0.365 0 2
0 0.855 -0.355 0 2
0 0.855 -0.345 0 2
0 0.855 -0.335 0 2
0 0.855 -0.325 0 2
0 0.855 -0.315 0 1
0 0.855 -0.305 0 1
0 0.855 -0.295 0 1
0 0.855 -0.285 0 1
0 0.855 -0.275 0 1
0 0.855 -0.265 0 1
0 0.855 -0.255 0 1
0 0.855 -0.245 0 2
0 0.855 -0.235 0 1
0 0.855 -0.225 0 1
0 0.855 -0.215 0 1
0 0.855 -0.205 0 1
0 0.855 -0.195 0 1
0 0.855 -0.185 0 1
0 0.855 -0.175 0 1
0 0.855 -0.165 0 1
0 0.855 -0.155 0 1
0 0.855 -0.145 0 1
0 0.855 -0.135 0 1
0 0.855 -0.125 0 1
0 0.855 -0.115 0 2
0 0.855 -0.105 0 2
0 0.855 -0.095 0 2
0 0.855 -0.085 0 2
0 0.855 -0.075 0 2
0 0.855 -0.065 0 1
0 0.855 -0.055 0 1
0 0.855 -0.045 0 1
0 0.855 -0.035 0 1
0 0.855 -0.025 0 1
0 0.855 -0.015 0 1
0 0.855 -0.005 0 1
0 0.855 0.005 0 1
0 0.855 0.015 0 1
0 0.855 0.025 0 2
0 0.855 0.035 0 2
0 0.855 0.045 0 2
0 0.855 0.055 0 2
0 0.855 0.065 0 2
0 0.855 0.075 0 2
0 0.855 0.085 0 2
0 0.855 0.095 0 2
0 0.855 0.105 0 2
0 0.855 0.115 0 2
0 0.855 0.125 0 2
0 0.855 0.135 0 2
0 0.855 0.145 0 2
0 0.855 0.155 0 2
0 0.855 0.165 0 2
0 0.855 0.175 0 2
0 0.855 0.185 0 2
0 0.855 0.195 0 2
0 0.855 0.205 0 2
0 0.855 0.215 0 2
0 0.855 0.225 0 2
0 0.855 0.235 0 2
0 0.855 0.245 0 2
0 0.855 0.255 0 2
0 0.855 0.265 0 2
0 0.855 0.275 0 2
0 0.855 0.285 0 2
0 0.855 0.295 0 2
0 0.855 0.305 0 2
0 0.855 0.315 0 2
0 0.855 0.325 0 2
0 0.855 0.335 0 2
0 0.855 0.345 0 2
0 0.855 0.355 0 2
0 0.855 0.365 0 2
0 0.855 0.375 0 2
0 0.855 0.385 0 2
0 0.855 0.395 0 2
0 0.855 0.405 0 2
0 0.855 0.415 0 2
0 0.855 0.425 0 2
0 0.855 0.435 0 2
0 0.855 0.445 0 2
0 0.855 0.455 0 2
0 0.855 0.465 0 2
0 0.865 -0.455 0 2
0 0.865 -0.445 0 2
0 0.865 -0.435 0 2
0 0.865 -0.425 0 2
0 0.865 -0.415 0 2
0 0.865 -0.405 0 2
0 0.865 -0.395 0 2
0 0.865 -0.385 0 2
0 0.865 -0.375 0 2
0 0.865 -0.365 0 2
0 0.865 -0.355 0 2
0 0.865 -0.345 0 2
0 0.865 -0.335 0 2
0 0.865 -0.325 0 2
0 0.865 -0.315 0 2
0 0.865 -0.305 0 1
0 0.865 -0.295 0 1
0 0.865 -0.285 0 1
0 0.865 -0.275 0 1
0 0.865 -0.265 0 1
0 0.865 -0.255 0 1
0 0.865 -0.245 0 2
0 0.865 -0.235 0 2
0 0.865 -0.225 0 2
0 0.865 -0.215 0 2
0 0.865 -0.205 0 2
0 0.865 -0.195 0 1
0 0.865 -0.185 0 1
0 0.865 -0.175 0 1
0 0.865 -0.165 0 1
0 0.865 -0.155 0 1
0 0.865 -0.145 0 1
0 0.865 -0.135 0 1
0 0.865 -0.125 0 2
0 0.865 -0.115 0 2
0 0.865 -0.105 0 2
0 0.865 -0.095 0 2
0 0.865 -0.085 0 2
0 0.865 -0.075 0 1
0 0.865 -0.065 0 1
0 0.865 -0.055 0 1
0 0.865 -0.045 0 1
0 0.865 -0.035 0 1
0 0.865 -0.025 0 1
0 0.865 -0.015 0 1
0 0.865 -0.005 0 1
0 0.865 0.005 0 1
0 0.865 0.015 0 1
0 0.865 0.025 0 2
0 0.865 0.035 0 2
0 0.865 0.045 0 2
0 0.865 0.055 0 2
0 0.865 0.065 0 2
0 0.865 0.075 0 2
0 0.865 0.085 0 2
0 0.865 0.095 0 2
0 0.865 0.105 0 2
0 0.865 0.115 0 2
0 0.865 0.125 0 2
0 0.865 0.135 0 2
0 0.865 0.145 0 2
0 0.865 0.155 0 2
0 0.865 0.165 0 2
0 0.865 0.175 0 2
0 0.865 0.185 0 2
0 0.865 0.195 0 2
0 0.865 0.205 0 2
0 0.865 0.215 0 2
0 0.865 0.225 0 2
0 0.865 0.235 0 2
0 0.865 0.245 0 2
0 0.865 0.255 0 2
0 0.865 0.265 0 2
0 0.865 0.275 0 2
0 0.865 0.285 0 2
0 0.865 0.295 0 2
0 0.865 0.305 0 2
0 0.865 0.315 0 2
0 0.865 0.325 0 2
0 0.865 0.335 0 2
0 0.865 0.345 0 2
0 0.865 0.355 0 2
0 0.865 0.365 0 2
0 0.865 0.375 0 2
0 0.865 0.385 0 2
0 0.865 0.395 0 2
0 0.865 0.405 0 2
0 0.865 0.415 0 2
0 0.865 0.425 0 2
0 0.865 0.435 0 2
0 0.865 0.445 0 2
0 0.865 0.455 0 2
0 0.865 0.465 0 2
