t x y content type
0 -0.055 -0.455 0 2
0 -0.055 -0.445 0 2
0 -0.055 -0.435 0 2
0 -0.055 -0.425 0 2
0 -0.055 -0.415 0 2
0 -0.055 -0.405 0 2
0 -0.055 -0.395 0 2
0 -0.055 -0.385 0 2
0 -0.055 -0.375 0 2
0 -0.055 -0.365 0 2
0 -0.055 -0.355 0 2
0 -0.055 -0.345 0 2
0 -0.055 -0.335 0 1
0 -0.055 -0.325 0 1
0 -0.055 -0.315 0 1
0 -0.055 -0.305 0 1
0 -0.055 -0.295 0 1
0 -0.055 -0.285 0 1
0 -0.055 -0.275 0 1
0 -0.055 -0.265 0 2
0 -0.055 -0.255 0 2
0 -0.055 -0.245 0 2
0 -0.055 -0.235 0 2
0 -0.055 -0.225 0 2
0 -0.055 -0.215 0 2
0 -0.055 -0.205 0 2
0 -0.055 -0.195 0 2
0 -0.055 -0.185 0 2
0 -0.055 -0.175 0 2
0 -0.055 -0.165 0 2
0 -0.055 -0.155 0 2
0 -0.055 -0.145 0 2
0 -0.055 -0.135 0 2
0 -0.055 -0.125 0 2
0 -0.055 -0.115 0 2
0 -0.055 -0.105 0 2
0 -0.055 -0.095 0 2
0 -0.055 -0.085 0 2
0 -0.055 -0.075 0 2
0 -0.055 -0.065 0 2
0 -0.055 -0.055 0 1
0 -0.055 -0.045 0 1
0 -0.055 -0.035 0 1
0 -0.055 -0.025 0 1
0 -0.055 -0.015 0 1
0 -0.055 -0.005 0 1
0 -0.055 0.005 0 1
0 -0.055 0.015 0 1
0 -0.055 0.025 0 1
0 -0.055 0.035 0 1
0 -0.055 0.045 0 1
0 -0.055 0.055 0 1
0 -0.055 0.065 0 1
0 -0.055 0.075 0 2
0 -0.055 0.085 0 2
0 -0.055 0.095 0 2
0 -0.055 0.105 0 2
0 -0.055 0.115 0 2
0 -0.055 0.125 0 2
0 -0.055 0.135 0 2
0 -0.055 0.145 0 1
0 -0.055 0.155 0 1
0 -0.055 0.165 0 1
0 -0.055 0.175 0 1
0 -0.055 0.185 0 1
0 -0.055 0.195 0 1
0 -0.055 0.205 0 1
0 -0.055 0.215 0 1
0 -0.055 0.225 0 1
0 -0.055 0.235 0 1
0 -0.055 0.245 0 2
0 -0.055 0.255 0 2
0 -0.055 0.265 0 2
0 -0.055 0.275 0 2
0 -0.055 0.285 0 1
0 -0.055 0.295 0 1
0 -0.055 0.305 0 1
0 -0.055 0.315 0 1
0 -0.055 0.325 0 1
0 -0.055 0.335 0 1
0 -0.055 0.345 0 1
0 -0.055 0.355 0 1
0 -0.055 0.365 0 1
0 -0.055 0.375 0 2
0 -0.055 0.385 0 2
0 -0.055 0.395 0 2
0 -0.055 0.405 0 2
0 -0.055 0.415 0 2
0 -0.055 0.425 0 2
0 -0.055 0.435 0 2
0 -0.055 0.445 0 2
0 -0.055 0.455 0 2
0 -0.055 0.465 0 1
0 -0.045 -0.455 0 2
0 -0.045 -0.445 0 2
0 -0.045 -0.435 0 2
0 -0.045 -0.425 0 2
0 -0.045 -0.415 0 2
0 -0.045 -0.405 0 2
0 -0.045 -0.395 0 2
0 -0.045 -0.385 0 2
0 -0.045 -0.375 0 2
0 -0.045 -0.365 0 2
0 -0.045 -0.355 0 2
0 -0.045 -0.345 0 2
0 -0.045 -0.335 0 2
0 -0.045 -0.325 0 2
0 -0.045 -0.315 0 2
0 -0.045 -0.305 0 1
0 -0.045 -0.295 0 1
0 -0.045 -0.285 0 2
0 -0.045 -0.275 0 2
0 -0.045 -0.265 0 2
0 -0.045 -0.255 0 2
0 -0.045 -0.245 0 2
0 -0.045 -0.235 0 2
0 -0.045 -0.225 0 2
0 -0.045 -0.215 0 2
0 -0.045 -0.205 0 2
0 -0.045 -0.195 0 2
0 -0.045 -0.185 0 2
0 -0.045 -0.175 0 2
0 -0.045 -0.165 0 2
0 -0.045 -0.155 0 2
0 -0.045 -0.145 0 2
0 -0.045 -0.135 0 2
0 -0.045 -0.125 0 2
0 -0.045 -0.115 0 2
0 -0.045 -0.105 0 2
0 -0.045 -0.095 0 2
0 -0.045 -0.085 0 2
0 -0.045 -0.075 0 2
0 -0.045 -0.065 0 2
0 -0.045 -0.055 0 1
0 -0.045 -0.045 0 1
0 -0.045 -0.035 0 1
0 -0.045 -0.025 0 1
0 -0.045 -0.015 0 1
0 -0.045 -0.005 0 1
0 -0.045 0.005 0 1
0 -0.045 0.015 0 1
0 -0.045 0.025 0 1
0 -0.045 0.035 0 1
0 -0.045 0.045 0 1
0 -0.045 0.055 0 1
0 -0.045 0.065 0 1
0 -0.045 0.075 0 2
0 -0.045 0.085 0 2
0 -0.045 0.095 0 2
0 -0.045 0.105 0 2
0 -0.045 0.115 0 2
0 -0.045 0.125 0 2
0 -0.045 0.135 0 2
0 -0.045 0.145 0 2
0 -0.045 0.155 0 1
0 -0.045 0.165 0 1
0 -0.045 0.175 0 1
0 -0.045 0.185 0 1
0 -0.045 0.195 0 1
0 -0.045 0.205 0 1
0 -0.045 0.215 0 1
0 -0.045 0.225 0 1
0 -0.045 0.235 0 1
0 -0.045 0.245 0 2
0 -0.045 0.255 0 2
0 -0.045 0.265 0 2
0 -0.045 0.275 0 2
0 -0.045 0.285 0 2
0 -0.045 0.295 0 1
0 -0.045 0.305 0 1
0 -0.045 0.315 0 1
0 -0.045 0.325 0 1
0 -0.045 0.335 0 1
0 -0.045 0.345 0 1
0 -0.045 0.355 0 1
0 -0.045 0.365 0 1
0 -0.045 0.375 0 2
0 -0.045 0.385 0 2
0 -0.045 0.395 0 2
0 -0.045 0.405 0 2
0 -0.045 0.415 0 2
0 -0.045 0.425 0 2
0 -0.045 0.435 0 2
0 -0.045 0.445 0 2
0 -0.045 0.455 0 2
0 -0.045 0.465 0 2
0 -0.035 -0.455 0 2
0 -0.035 -0.445 0 2
0 -0.035 -0.435 0 2
0 -0.035 -0.425 0 2
0 -0.035 -0.415 0 2
0 -0.035 -0.405 0 2
0 -0.035 -0.395 0 2
0 -0.035 -0.385 0 2
0 -0.035 -0.375 0 2
0 -0.035 -0.365 0 2
0 -0.035 -0.355 0 2
0 -0.035 -0.345 0 2
0 -0.035 -0.335 0 2
0 -0.035 -0.325 0 2
0 -0.035 -0.315 0 2
0 -0.035 -0.305 0 2
0 -0.035 -0.295 0 2
0 -0.035 -0.285 0 2
0 -0.035 -0.275 0 2
0 -0.035 -0.265 0 2
0 -0.035 -0.255 0 2
0 -0.035 -0.245 0 2
0 -0.035 -0.235 0 2
0 -0.035 -0.225 0 2
0 -0.035 -0.215 0 2
0 -0.035 -0.205 0 2
0 -0.035 -0.195 0 2
0 -0.035 -0.185 0 2
0 -0.035 -0.175 0 2
0 -0.035 -0.165 0 2
0 -0.035 -0.155 0 2
0 -0.035 -0.145 0 2
0 -0.035 -0.135 0 2
0 -0.035 -0.125 0 2
0 -0.035 -0.115 0 2
0 -0.035 -0.105 0 2
0 -0.035 -0.095 0 2
0 -0.035 -0.085 0 2
0 -0.035 -0.075 0 2
0 -0.035 -0.065 0 2
0 -0.035 -0.055 0 1
0 -0.035 -0.045 0 1
0 -0.035 -0.035 0 1
0 -0.035 -0.025 0 1
0 -0.035 -0.015 0 1
0 -0.035 -0.005 0 1
0 -0.035 0.005 0 1
0 -0.035 0.015 0 1
0 -0.035 0.025 0 1
0 -0.035 0.035 0 1
0 -0.035 0.045 0 1
0 -0.035 0.055 0 1
0 -0.035 0.065 0 1
0 -0.035 0.075 0 2
0 -0.035 0.085 0 2
0 -0.035 0.095 0 2
0 -0.035 0.105 0 2
0 -0.035 0.115 0 2
0 -0.035 0.125 0 2
0 -0.035 0.135 0 2
0 -0.035 0.145 0 2
0 -0.035 0.155 0 2
0 -0.035 0.165 0 1
0 -0.035 0.175 0 1
0 -0.035 0.185 0 1
0 -0.035 0.195 0 1
0 -0.035 0.205 0 1
0 -0.035 0.215 0 1
0 -0.035 0.225 0 1
0 -0.035 0.235 0 1
0 -0.035 0.245 0 2
0 -0.035 0.255 0 2
0 -0.035 0.265 0 2
0 -0.035 0.275 0 2
0 -0.035 0.285 0 2
0 -0.035 0.295 0 2
0 -0.035 0.305 0 2
0 -0.035 0.315 0 1
0 -0.035 0.325 0 1
0 -0.035 0.335 0 1
0 -0.035 0.345 0 1
0 -0.035 0.355 0 1
0 -0.035 0.365 0 2
0 -0.035 0.375 0 2
0 -0.035 0.385 0 2
0 -0.035 0.395 0 2
0 -0.035 0.405 0 2
0 -0.035 0.415 0 2
0 -0.035 0.425 0 2
0 -0.035 0.435 0 2
0 -0.035 0.445 0 2
0 -0.035 0.455 0 2
0 -0.035 0.465 0 2
0 -0.025 -0.455 0 2
0 -0.025 -0.445 0 2
0 -0.025 -0.435 0 2
0 -0.025 -0.425 0 2
0 -0.025 -0.415 0 2
0 -0.025 -0.405 0 2
0 -0.025 -0.395 0 2
0 -0.025 -0.385 0 2
0 -0.025 -0.375 0 2
0 -0.025 -0.365 0 2
0 -0.025 -0.355 0 2
0 -0.025 -0.345 0 2
0 -0.025 -0.335 0 2
0 -0.025 -0.325 0 2
0 -0.025 -0.315 0 2
0 -0.025 -0.305 0 2
0 -0.025 -0.295 0 2
0 -0.025 -0.285 0 2
0 -0.025 -0.275 0 2
0 -0.025 -0.265 0 2
0 -0.025 -0.255 0 2
0 -0.025 -0.245 0 2
0 -0.025 -0.235 0 2
0 -0.025 -0.225 0 2
0 -0.025 -0.215 0 2
0 -0.025 -0.205 0 2
0 -0.025 -0.195 0 2
0 -0.025 -0.185 0 2
0 -0.025 -0.175 0 2
0 -0.025 -0.165 0 2
0 -0.025 -0.155 0 2
0 -0.025 -0.145 0 2
0 -0.025 -0.135 0 2
0 -0.025 -0.125 0 2
0 -0.025 -0.115 0 2
0 -0.025 -0.105 0 2
0 -0.025 -0.095 0 2
0 -0.025 -0.085 0 2
0 -0.025 -0.075 0 2
0 -0.025 -0.065 0 2
0 -0.025 -0.055 0 1
0 -0.025 -0.045 0 1
0 -0.025 -0.035 0 1
0 -0.025 -0.025 0 1
0 -0.025 -0.015 0 1
0 -0.025 -0.005 0 1
0 -0.025 0.005 0 1
0 -0.025 0.015 0 1
0 -0.025 0.025 0 1
0 -0.025 0.035 0 1
0 -0.025 0.045 0 1
0 -0.025 0.055 0 1
0 -0.025 0.065 0 2
0 -0.025 0.075 0 2
0 -0.025 0.085 0 2
0 -0.025 0.095 0 2
0 -0.025 0.105 0 2
0 -0.025 0.115 0 2
0 -0.025 0.125 0 2
0 -0.025 0.135 0 2
0 -0.025 0.145 0 2
0 -0.025 0.155 0 2
0 -0.025 0.165 0 2
0 -0.025 0.175 0 2
0 -0.025 0.185 0 2
0 -0.025 0.195 0 1
0 -0.025 0.205 0 1
0 -0.025 0.215 0 1
0 -0.025 0.225 0 2
0 -0.025 0.235 0 2
0 -0.025 0.245 0 2
0 -0.025 0.255 0 2
0 -0.025 0.265 0 2
0 -0.025 0.275 0 2
0 -0.025 0.285 0 2
0 -0.025 0.295 0 2
0 -0.025 0.305 0 2
0 -0.025 0.315 0 2
0 -0.025 0.325 0 2
0 -0.025 0.335 0 2
0 -0.025 0.345 0 2
0 -0.025 0.355 0 2
0 -0.025 0.365 0 2
0 -0.025 0.375 0 1
0 -0.025 0.385 0 1
0 -0.025 0.395 0 1
0 -0.025 0.405 0 2
0 -0.025 0.415 0 2
0 -0.025 0.425 0 2
0 -0.025 0.435 0 2
0 -0.025 0.445 0 2
0 -0.025 0.455 0 2
0 -0.025 0.465 0 2
0 -0.015 -0.455 0 2
0 -0.015 -0.445 0 2
0 -0.015 -0.435 0 2
0 -0.015 -0.425 0 2
0 -0.015 -0.415 0 2
0 -0.015 -0.405 0 2
0 -0.015 -0.395 0 2
0 -0.015 -0.385 0 2
0 -0.015 -0.375 0 2
0 -0.015 -0.365 0 2
0 -0.015 -0.355 0 2
0 -0.015 -0.345 0 2
0 -0.015 -0.335 0 2
0 -0.015 -0.325 0 2
0 -0.015 -0.315 0 2
0 -0.015 -0.305 0 2
0 -0.015 -0.295 0 2
0 -0.015 -0.285 0 2
0 -0.015 -0.275 0 2
0 -0.015 -0.265 0 2
0 -0.015 -0.255 0 2
0 -0.015 -0.245 0 2
0 -0.015 -0.235 0 2
0 -0.015 -0.225 0 2
0 -0.015 -0.215 0 2
0 -0.015 -0.205 0 2
0 -0.015 -0.195 0 2
0 -0.015 -0.185 0 2
0 -0.015 -0.175 0 2
0 -0.015 -0.165 0 2
0 -0.015 -0.155 0 2
0 -0.015 -0.145 0 2
0 -0.015 -0.135 0 2
0 -0.015 -0.125 0 2
0 -0.015 -0.115 0 2
0 -0.015 -0.105 0 2
0 -0.015 -0.095 0 2
0 -0.015 -0.085 0 2
0 -0.015 -0.075 0 2
0 -0.015 -0.065 0 2
0 -0.015 -0.055 0 2
0 -0.015 -0.045 0 1
0 -0.015 -0.035 0 1
0 -0.015 -0.025 0 1
0 -0.015 -0.015 0 2
0 -0.015 -0.005 0 2
0 -0.015 0.005 0 1
0 -0.015 0.015 0 1
0 -0.015 0.025 0 1
0 -0.015 0.035 0 1
0 -0.015 0.045 0 1
0 -0.015 0.055 0 1
0 -0.015 0.065 0 2
0 -0.015 0.075 0 2
0 -0.015 0.085 0 2
0 -0.015 0.095 0 2
0 -0.015 0.105 0 2
0 -0.015 0.115 0 2
0 -0.015 0.125 0 2
0 -0.015 0.135 0 2
0 -0.015 0.145 0 2
0 -0.015 0.155 0 2
0 -0.015 0.165 0 2
0 -0.015 0.175 0 2
0 -0.015 0.185 0 2
0 -0.015 0.195 0 2
0 -0.015 0.205 0 2
0 -0.015 0.215 0 2
0 -0.015 0.225 0 2
0 -0.015 0.235 0 2
0 -0.015 0.245 0 2
0 -0.015 0.255 0 2
0 -0.015 0.265 0 2
0 -0.015 0.275 0 2
0 -0.015 0.285 0 2
0 -0.015 0.295 0 2
0 -0.015 0.305 0 2
0 -0.015 0.315 0 2
0 -0.015 0.325 0 2
0 -0.015 0.335 0 2
0 -0.015 0.345 0 2
0 -0.015 0.355 0 2
0 -0.015 0.365 0 1
0 -0.015 0.375 0 1
0 -0.015 0.385 0 1
0 -0.015 0.395 0 1
0 -0.015 0.405 0 1
0 -0.015 0.415 0 2
0 -0.015 0.425 0 2
0 -0.015 0.435 0 2
0 -0.015 0.445 0 2
0 -0.015 0.455 0 2
0 -0.015 0.465 0 2
0 -0.005 -0.455 0 2
0 -0.005 -0.445 0 2
0 -0.005 -0.435 0 2
0 -0.005 -0.425 0 2
0 -0.005 -0.415 0 2
0 -0.005 -0.405 0 2
0 -0.005 -0.395 0 2
0 -0.005 -0.385 0 2
0 -0.005 -0.375 0 2
0 -0.005 -0.365 0 2
0 -0.005 -0.355 0 2
0 -0.005 -0.345 0 2
0 -0.005 -0.335 0 2
0 -0.005 -0.325 0 2
0 -0.005 -0.315 0 2
0 -0.005 -0.305 0 2
0 -0.005 -0.295 0 2
0 -0.005 -0.285 0 2
0 -0.005 -0.275 0 2
0 -0.005 -0.265 0 2
0 -0.005 -0.255 0 2
0 -0.005 -0.245 0 2
0 -0.005 -0.235 0 2
0 -0.005 -0.225 0 2
0 -0.005 -0.215 0 2
0 -0.005 -0.205 0 2
0 -0.005 -0.195 0 2
0 -0.005 -0.185 0 2
0 -0.005 -0.175 0 2
0 -0.005 -0.165 0 2
0 -0.005 -0.155 0 2
0 -0.005 -0.145 0 2
0 -0.005 -0.135 0 2
0 -0.005 -0.125 0 2
0 -0.005 -0.115 0 2
0 -0.005 -0.105 0 2
0 -0.005 -0.095 0 2
0 -0.005 -0.085 0 2
0 -0.005 -0.075 0 2
0 -0.005 -0.065 0 2
0 -0.005 -0.055 0 2
0 -0.005 -0.045 0 2
0 -0.005 -0.035 0 2
0 -0.005 -0.025 0 2
0 -0.005 -0.015 0 2
0 -0.005 -0.005 0 2
0 -0.005 0.005 0 2
0 -0.005 0.015 0 1
0 -0.005 0.025 0 1
0 -0.005 0.035 0 1
0 -0.005 0.045 0 1
0 -0.005 0.055 0 2
0 -0.005 0.065 0 2
0 -0.005 0.075 0 2
0 -0.005 0.085 0 2
0 -0.005 0.095 0 2
0 -0.005 0.105 0 2
0 -0.005 0.115 0 2
0 -0.005 0.125 0 2
0 -0.005 0.135 0 2
0 -0.005 0.145 0 2
0 -0.005 0.155 0 2
0 -0.005 0.165 0 2
0 -0.005 0.175 0 2
0 -0.005 0.185 0 2
0 -0.005 0.195 0 2
0 -0.005 0.205 0 2
0 -0.005 0.215 0 2
0 -0.005 0.225 0 2
0 -0.005 0.235 0 2
0 -0.005 0.245 0 2
0 -0.005 0.255 0 2
0 -0.005 0.265 0 2
0 -0.005 0.275 0 2
0 -0.005 0.285 0 2
0 -0.005 0.295 0 2
0 -0.005 0.305 0 2
0 -0.005 0.315 0 2
0 -0.005 0.325 0 2
0 -0.005 0.335 0 2
0 -0.005 0.345 0 2
0 -0.005 0.355 0 2
0 -0.005 0.365 0 1
0 -0.005 0.375 0 1
0 -0.005 0.385 0 1
0 -0.005 0.395 0 1
0 -0.005 0.405 0 1
0 -0.005 0.415 0 1
0 -0.005 0.425 0 2
0 -0.005 0.435 0 2
0 -0.005 0.445 0 2
0 -0.005 0.455 0 2
0 -0.005 0.465 0 2
0 0.005 -0.455 0 1
0 0.005 -0.445 0 2
0 0.005 -0.435 0 2
0 0.005 -0.425 0 2
0 0.005 -0.415 0 2
0 0.005 -0.405 0 2
0 0.005 -0.395 0.0001763275584 2
0 0.005 -0.385 0.0002220765929 2
0 0.005 -0.375 0.0002503083033 2
0 0.005 -0.365 0.000261062701 2
0 0.005 -0.355 0.0002659120146 2
0 0.005 -0.345 0.0002674686446 2
0 0.005 -0.335 0.0002681263246 2
0 0.005 -0.325 0.0002688259619 2
0 0.005 -0.315 0.0002701070095 2
0 0.005 -0.305 0.0002722366448 2
0 0.005 -0.295 0.0002747987701 2
0 0.005 -0.285 0.0002760878964 2
0 0.005 -0.275 0.0002764795467 2
0 0.005 -0.265 0.0002705782687 2
0 0.005 -0.255 0.0002571733382 2
0 0.005 -0.245 0.0002405391623 2
0 0.005 -0.235 0.0002286336732 2
0 0.005 -0.225 0.000222111746 2
0 0.005 -0.215 0.0002181219951 2
0 0.005 -0.205 0.000214628024 2
0 0.005 -0.195 0.0002125816982 2
0 0.005 -0.185 0.0002098683912 2
0 0.005 -0.175 0.0002055482005 2
0 0.005 -0.165 0.0001993319565 2
0 0.005 -0.155 0.0001912977492 2
0 0.005 -0.145 0.0001814678243 2
0 0.005 -0.135 0.0001699970446 2
0 0.005 -0.125 0.0001571018212 2
0 0.005 -0.115 0.0001430159857 2
0 0.005 -0.105 0.0001279769513 2
0 0.005 -0.095 0.0001122170914 2
0 0.005 -0.085 9.581566176e-05 2
0 0.005 -0.075 7.885628007e-05 2
0 0.005 -0.065 5.931227461e-05 2
0 0.005 -0.055 4.042119223e-05 2
0 0.005 -0.045 2.689680762e-05 2
0 0.005 -0.035 2.077705556e-05 2
0 0.005 -0.025 1.488813186e-05 2
0 0.005 -0.015 -2.871060163e-07 2
0 0.005 -0.005 -2.234757227e-05 2
0 0.005 0.005 -3.993550411e-05 2
0 0.005 0.015 -4.45349586e-05 2
0 0.005 0.025 -4.433632344e-05 2
0 0.005 0.035 -4.522935727e-05 2
0 0.005 0.045 -4.577729566e-05 2
0 0.005 0.055 -4.973615245e-05 2
0 0.005 0.065 -6.284396898e-05 2
0 0.005 0.075 -7.955767889e-05 2
0 0.005 0.085 -9.305781173e-05 2
0 0.005 0.095 -0.000103171564 2
0 0.005 0.105 -0.0001124301468 2
0 0.005 0.115 -0.0001214452892 2
0 0.005 0.125 -0.0001307263686 2
0 0.005 0.135 -0.0001408028652 2
0 0.005 0.145 -0.0001519356251 2
0 0.005 0.155 -0.000165426937 2
0 0.005 0.165 -0.000177837977 2
0 0.005 0.175 -0.0001831963318 2
0 0.005 0.185 -0.0001849591271 1
0 0.005 0.195 -0.0001866938047 1
0 0.005 0.205 -0.0001903935423 1
0 0.005 0.215 -0.0001936936339 1
0 0.005 0.225 -0.0001971293917 1
0 0.005 0.235 -0.0001998669925 2
0 0.005 0.245 -0.0002080121757 2
0 0.005 0.255 -0.0002208019655 2
0 0.005 0.265 -0.000230830336 2
0 0.005 0.275 -0.0002347927816 2
0 0.005 0.285 -0.000236008144 2
0 0.005 0.295 -0.0002371000398 2
0 0.005 0.305 -0.0002372519861 2
0 0.005 0.315 -0.0002374241199 2
0 0.005 0.325 -0.0002370918992 2
0 0.005 0.335 -0.0002342599833 2
0 0.005 0.345 -0.0002198175667 2
0 0.005 0.355 -0.0001973203793 1
0 0.005 0.365 -0.0001874073497 1
0 0.005 0.375 -0.0001809278501 1
0 0.005 0.385 -0.0001603714172 1
0 0.005 0.395 -0.000127106488 1
0 0.005 0.405 0 1
0 0.005 0.415 0 1
0 0.005 0.425 0 1
0 0.005 0.435 0 2
0 0.005 0.445 0 2
0 0.005 0.455 0 2
0 0.005 0.465 0 2
0 0.015 -0.455 0 1
0 0.015 -0.445 0 2
0 0.015 -0.435 0 2
0 0.015 -0.425 0 2
0 0.015 -0.415 0 2
0 0.015 -0.405 0 2
0 0.015 -0.395 0.0002368463858 2
0 0.015 -0.385 0.0003251508625 2
0 0.015 -0.375 0.0003955414376 2
0 0.015 -0.365 0.0004342917777 2
0 0.015 -0.355 0.0004605637015 2
0 0.015 -0.345 0.0004781784331 2
0 0.015 -0.335 0.0004915614245 2
0 0.015 -0.325 0.0005026466226 2
0 0.015 -0.315 0.0005126897555 2
0 0.015 -0.305 0.0005226452533 2
0 0.015 -0.295 0.0005322588033 2
0 0.015 -0.285 0.000542608115 2
0 0.015 -0.275 0.0005494338353 2
0 0.015 -0.265 0.0005458357226 2
0 0.015 -0.255 0.0005340076851 2
0 0.015 -0.245 0.0005208753597 2
0 0.015 -0.235 0.0005094744249 2
0 0.015 -0.225 0.0004977789101 2
0 0.015 -0.215 0.0004866280706 2
0 0.015 -0.205 0.0004769393667 2
0 0.015 -0.195 0.0004685191366 2
0 0.015 -0.185 0.0004582864547 2
0 0.015 -0.175 0.0004473679779 2
0 0.015 -0.165 0.0004333401451 2
0 0.015 -0.155 0.0004161910393 2
0 0.015 -0.145 0.0003959622854 2
0 0.015 -0.135 0.000372798806 2
0 0.015 -0.125 0.0003469576439 2
0 0.015 -0.115 0.0003187861561 2
0 0.015 -0.105 0.0002886611628 2
0 0.015 -0.095 0.0002569967955 2
0 0.015 -0.085 0.0002241307403 2
0 0.015 -0.075 0.0001905489155 2
0 0.015 -0.065 0.0001569931702 2
0 0.015 -0.055 0.0001244152079 2
0 0.015 -0.045 9.340920876e-05 2
0 0.015 -0.035 6.363514166e-05 2
0 0.015 -0.025 3.37655192e-05 2
0 0.015 -0.015 2.836509387e-06 2
0 0.015 -0.005 -3.245692569e-05 2
0 0.015 0.005 -6.556733473e-05 2
0 0.015 0.015 -8.697803148e-05 2
0 0.015 0.025 -9.695230514e-05 2
0 0.015 0.035 -0.0001013706864 2
0 0.015 0.045 -0.0001107864189 2
0 0.015 0.055 -0.0001297266661 2
0 0.015 0.065 -0.0001589053832 2
0 0.015 0.075 -0.0001893965899 2
0 0.015 0.085 -0.0002145970688 2
0 0.015 0.095 -0.0002378464187 2
0 0.015 0.105 -0.0002593136134 2
0 0.015 0.115 -0.0002797145452 2
0 0.015 0.125 -0.0002995700342 2
0 0.015 0.135 -0.0003193353814 2
0 0.015 0.145 -0.0003392912011 2
0 0.015 0.155 -0.0003607436613 2
0 0.015 0.165 -0.0003804504445 2
0 0.015 0.175 -0.0003926120016 2
0 0.015 0.185 -0.0004008080757 1
0 0.015 0.195 -0.0004053316061 1
0 0.015 0.205 -0.000410591892 1
0 0.015 0.215 -0.0004187755373 1
0 0.015 0.225 -0.0004274526462 1
0 0.015 0.235 -0.0004349619325 1
0 0.015 0.245 -0.0004425912087 1
0 0.015 0.255 -0.0004536979354 2
0 0.015 0.265 -0.0004680886912 2
0 0.015 0.275 -0.000475964205 2
0 0.015 0.285 -0.0004734608419 2
0 0.015 0.295 -0.0004665754369 2
0 0.015 0.305 -0.0004588132546 2
0 0.015 0.315 -0.0004482265497 2
0 0.015 0.325 -0.0004339623061 2
0 0.015 0.335 -0.0004103076796 2
0 0.015 0.345 -0.0003772707554 2
0 0.015 0.355 -0.0003387604591 1
0 0.015 0.365 -0.0003086866815 1
0 0.015 0.375 -0.0002811410618 1
0 0.015 0.385 -0.0002337326581 1
0 0.015 0.395 -0.000169069795 1
0 0.015 0.405 0 1
0 0.015 0.415 0 1
0 0.015 0.425 0 1
0 0.015 0.435 0 2
0 0.015 0.445 0 2
0 0.015 0.455 0 2
0 0.015 0.465 0 2
0 0.025 -0.455 0 1
0 0.025 -0.445 0 1
0 0.025 -0.435 0 2
0 0.025 -0.425 0 2
0 0.025 -0.415 0 2
0 0.025 -0.405 0 2
0 0.025 -0.395 0.0002800780023 2
0 0.025 -0.385 0.000408225217 2
0 0.025 -0.375 0.0005243455175 2
0 0.025 -0.365 0.0005995052257 2
0 0.025 -0.355 0.0006565688382 2
0 0.025 -0.345 0.000699159328 2
0 0.025 -0.335 0.0007332282926 2
0 0.025 -0.325 0.0007615121979 2
0 0.025 -0.315 0.0007859299386 2
0 0.025 -0.305 0.0008080408236 2
0 0.025 -0.295 0.0008277299216 2
0 0.025 -0.285 0.0008488782512 2
0 0.025 -0.275 0.0008616061269 2
0 0.025 -0.265 0.0008620082522 2
0 0.025 -0.255 0.0008609515925 1
0 0.025 -0.245 0.0008599922119 1
0 0.025 -0.235 0.0008554068462 1
0 0.025 -0.225 0.0008429710413 2
0 0.025 -0.215 0.0008273104704 2
0 0.025 -0.205 0.000812915423 2
0 0.025 -0.195 0.0007983307325 2
0 0.025 -0.185 0.0007799392185 2
0 0.025 -0.175 0.0007592029296 2
0 0.025 -0.165 0.0007357239453 2
0 0.025 -0.155 0.0007074589664 2
0 0.025 -0.145 0.0006746112275 2
0 0.025 -0.135 0.0006373561181 2
0 0.025 -0.125 0.0005959041138 2
0 0.025 -0.115 0.0005507101849 2
0 0.025 -0.105 0.0005022816079 2
0 0.025 -0.095 0.0004512014768 2
0 0.025 -0.085 0.0003980491333 2
0 0.025 -0.075 0.0003435240453 2
0 0.025 -0.065 0.0002884689653 2
0 0.025 -0.055 0.0002339971212 2
0 0.025 -0.045 0.0001808903888 2
0 0.025 -0.035 0.0001290508575 2
0 0.025 -0.025 7.729377816e-05 2
0 0.025 -0.015 2.492229344e-05 2
0 0.025 -0.005 -2.700096128e-05 2
0 0.025 0.005 -7.526823425e-05 2
0 0.025 0.015 -0.0001168599118 2
0 0.025 0.025 -0.0001520343198 2
0 0.025 0.035 -0.0001838298391 2
0 0.025 0.045 -0.0002166098944 2
0 0.025 0.055 -0.0002533896462 2
0 0.025 0.065 -0.0002945418019 2
0 0.025 0.075 -0.0003376231292 2
0 0.025 0.085 -0.0003798579025 2
0 0.025 0.095 -0.0004198521954 2
0 0.025 0.105 -0.0004572778719 2
0 0.025 0.115 -0.0004925050053 2
0 0.025 0.125 -0.0005258320187 2
0 0.025 0.135 -0.0005574579221 2
0 0.025 0.145 -0.0005876512015 2
0 0.025 0.155 -0.0006164842578 2
0 0.025 0.165 -0.0006453258159 2
0 0.025 0.175 -0.0006685435111 1
0 0.025 0.185 -0.0006803295438 1
0 0.025 0.195 -0.0006864704704 1
0 0.025 0.205 -0.0006935884909 1
0 0.025 0.215 -0.0007043960581 1
0 0.025 0.225 -0.0007159743439 1
0 0.025 0.235 -0.0007278092672 1
0 0.025 0.245 -0.000738119435 1
0 0.025 0.255 -0.0007454813844 1
0 0.025 0.265 -0.0007543570272 2
0 0.025 0.275 -0.0007618084113 2
0 0.025 0.285 -0.0007549888207 2
0 0.025 0.295 -0.0007372769235 2
0 0.025 0.305 -0.0007169465883 2
0 0.025 0.315 -0.0006891973302 2
0 0.025 0.325 -0.0006533055251 2
0 0.025 0.335 -0.0006021133279 2
0 0.025 0.345 -0.000544844632 2
0 0.025 0.355 -0.0004910529489 2
0 0.025 0.365 -0.0004302754485 1
0 0.025 0.375 -0.0003738968076 1
0 0.025 0.385 -0.0002935555387 1
0 0.025 0.395 -0.0001998076884 1
0 0.025 0.405 0 1
0 0.025 0.415 0 1
0 0.025 0.425 0 1
0 0.025 0.435 0 2
0 0.025 0.445 0 2
0 0.025 0.455 0 2
0 0.025 0.465 0 2
0 0.035 -0.455 0 1
0 0.035 -0.445 0 1
0 0.035 -0.435 0 2
0 0.035 -0.425 0 2
0 0.035 -0.415 0 2
0 0.035 -0.405 0 2
0 0.035 -0.395 0.0003212379604 2
0 0.035 -0.385 0.0004832820596 2
0 0.035 -0.375 0.0006395128915 2
0 0.035 -0.365 0.0007514008967 2
0 0.035 -0.355 0.0008418492347 2
0 0.035 -0.345 0.0009132121999 2
0 0.035 -0.335 0.0009721792818 2
0 0.035 -0.325 0.001021890637 2
0 0.035 -0.315 0.001064683244 2
0 0.035 -0.305 0.001102337155 2
0 0.035 -0.295 0.001134773705 2
0 0.035 -0.285 0.001166598513 2
0 0.035 -0.275 0.00118741363 2
0 0.035 -0.265 0.001197905003 1
0 0.035 -0.255 0.001204307618 1
0 0.035 -0.245 0.001208799727 1
0 0.035 -0.235 0.001208484513 1
0 0.035 -0.225 0.001205107418 1
0 0.035 -0.215 0.001197196481 1
0 0.035 -0.205 0.001183589141 2
0 0.035 -0.195 0.001166637601 2
0 0.035 -0.185 0.001144915929 2
0 0.035 -0.175 0.001116077309 2
0 0.035 -0.165 0.001081545376 2
0 0.035 -0.155 0.001041839327 2
0 0.035 -0.145 0.0009955797278 2
0 0.035 -0.135 0.0009431885763 2
0 0.035 -0.125 0.0008848772068 2
0 0.035 -0.115 0.000821183453 2
0 0.035 -0.105 0.0007527590821 2
0 0.035 -0.095 0.0006803723079 2
0 0.035 -0.085 0.0006049007514 2
0 0.035 -0.075 0.0005273094017 2
0 0.035 -0.065 0.0004485801462 2
0 0.035 -0.055 0.0003696283963 2
0 0.035 -0.045 0.0002910835178 2
0 0.035 -0.035 0.0002131756743 2
0 0.035 -0.025 0.0001357468472 2
0 0.035 -0.015 5.895007398e-05 2
0 0.035 -0.005 -1.624310871e-05 2
0 0.035 0.005 -8.782007383e-05 2
0 0.035 0.015 -0.0001540270824 2
0 0.035 0.025 -0.0002150331874 2
0 0.035 0.035 -0.0002729082998 2
0 0.035 0.045 -0.0003307155875 2
0 0.035 0.055 -0.0003905753056 2
0 0.035 0.065 -0.0004527581941 2
0 0.035 0.075 -0.0005156388683 2
0 0.035 0.085 -0.0005771819485 2
0 0.035 0.095 -0.0006361016796 2
0 0.035 0.105 -0.0006917674349 2
0 0.035 0.115 -0.0007440236286 2
0 0.035 0.125 -0.0007927955217 2
0 0.035 0.135 -0.0008380153027 2
0 0.035 0.145 -0.0008799013949 2
0 0.035 0.155 -0.0009177820134 2
0 0.035 0.165 -0.0009560411436 2
0 0.035 0.175 -0.0009861675802 2
0 0.035 0.185 -0.001002899893 1
0 0.035 0.195 -0.00101335378 1
0 0.035 0.205 -0.001024558807 1
0 0.035 0.215 -0.001035425537 1
0 0.035 0.225 -0.001046467669 1
0 0.035 0.235 -0.001058286176 1
0 0.035 0.245 -0.001069339881 1
0 0.035 0.255 -0.001074625463 1
0 0.035 0.265 -0.001075832609 1
0 0.035 0.275 -0.00107321893 2
0 0.035 0.285 -0.001058287399 2
0 0.035 0.295 -0.001028831931 2
0 0.035 0.305 -0.0009929562762 2
0 0.035 0.315 -0.00094515591 2
0 0.035 0.325 -0.0008850506646 2
0 0.035 0.335 -0.0008098574233 2
0 0.035 0.345 -0.0007204126133 2
0 0.035 0.355 -0.0006318647666 2
0 0.035 0.365 -0.000538255905 1
0 0.035 0.375 -0.000451036159 1
0 0.035 0.385 -0.0003414595713 1
0 0.035 0.395 -0.0002267888632 1
0 0.035 0.405 0 1
0 0.035 0.415 0 1
0 0.035 0.425 0 1
0 0.035 0.435 0 1
0 0.035 0.445 0 2
0 0.035 0.455 0 2
0 0.035 0.465 0 2
0 0.045 -0.455 0 1
0 0.045 -0.445 0 1
0 0.045 -0.435 0 2
0 0.045 -0.425 0 2
0 0.045 -0.415 0 2
0 0.045 -0.405 0 2
0 0.045 -0.395 0.000361309151 2
0 0.045 -0.385 0.0005559345296 2
0 0.045 -0.375 0.000751073771 2
0 0.045 -0.365 0.0008991112802 2
0 0.045 -0.355 0.001023143975 2
0 0.045 -0.345 0.001124343982 2
0 0.045 -0.335 0.001209863907 2
0 0.045 -0.325 0.001283257224 2
0 0.045 -0.315 0.001347307059 2
0 0.045 -0.305 0.001403701962 2
0 0.045 -0.295 0.001452470708 2
0 0.045 -0.285 0.001498074201 2
0 0.045 -0.275 0.001532502375 2
0 0.045 -0.265 0.001555103765 1
0 0.045 -0.255 0.001567302566 1
0 0.045 -0.245 0.001574644347 1
0 0.045 -0.235 0.001578671246 1
0 0.045 -0.225 0.001582189907 1
0 0.045 -0.215 0.001582358699 1
0 0.045 -0.205 0.001573858879 1
0 0.045 -0.195 0.001560042558 2
0 0.045 -0.185 0.001540088963 2
0 0.045 -0.175 0.001507445941 2
0 0.045 -0.165 0.00146338524 2
0 0.045 -0.155 0.0014132382 2
0 0.045 -0.145 0.001353600949 2
0 0.045 -0.135 0.001285521452 2
0 0.045 -0.125 0.001209521535 2
0 0.045 -0.115 0.001126196725 2
0 0.045 -0.105 0.00103636249 2
0 0.045 -0.095 0.0009409655136 2
0 0.045 -0.085 0.000841112025 2
0 0.045 -0.075 0.0007379959488 2
0 0.045 -0.065 0.0006328048674 2
0 0.045 -0.055 0.0005266065714 2
0 0.045 -0.045 0.0004202095439 2
0 0.045 -0.035 0.0003141322013 2
0 0.045 -0.025 0.0002087247262 2
0 0.045 -0.015 0.0001044916411 2
0 0.045 -0.005 2.293344061e-06 2
0 0.045 0.005 -9.670946936e-05 2
0 0.045 0.015 -0.0001916655932 2
0 0.045 0.025 -0.0002827179971 2
0 0.045 0.035 -0.0003709895126 2
0 0.045 0.045 -0.0004580457941 2
0 0.045 0.055 -0.0005450141243 2
0 0.045 0.065 -0.0006320430059 2
0 0.045 0.075 -0.0007182397064 2
0 0.045 0.085 -0.0008022662801 2
0 0.045 0.095 -0.0008829255661 2
0 0.045 0.105 -0.000959319176 2
0 0.045 0.115 -0.001030856998 2
0 0.045 0.125 -0.001097151003 2
0 0.045 0.135 -0.001157905606 2
0 0.045 0.145 -0.001213150536 2
0 0.045 0.155 -0.001262769016 2
0 0.045 0.165 -0.001308871815 2
0 0.045 0.175 -0.001346507523 2
0 0.045 0.185 -0.001369583868 1
0 0.045 0.195 -0.001383143989 1
0 0.045 0.205 -0.001395538268 1
0 0.045 0.215 -0.001407632103 1
0 0.045 0.225 -0.001417604882 1
0 0.045 0.235 -0.001425859788 1
0 0.045 0.245 -0.001432428772 1
0 0.045 0.255 -0.001434997523 1
0 0.045 0.265 -0.001430598658 1
0 0.045 0.275 -0.001416921078 2
0 0.045 0.285 -0.001390975983 2
0 0.045 0.295 -0.001347409262 2
0 0.045 0.305 -0.001289528207 2
0 0.045 0.315 -0.001219336348 2
0 0.045 0.325 -0.001133231213 2
0 0.045 0.335 -0.001031687502 2
0 0.045 0.345 -0.000904301926 2
0 0.045 0.355 -0.0007721570537 2
0 0.045 0.365 -0.000640264457 1
0 0.045 0.375 -0.0005197756693 1
0 0.045 0.385 -0.0003796043418 1
0 0.045 0.395 -0.0002467264012 1
0 0.045 0.405 0 1
0 0.045 0.415 0 1
0 0.045 0.425 0 1
0 0.045 0.435 0 1
0 0.045 0.445 0 2
0 0.045 0.455 0 2
0 0.045 0.465 0 2
0 0.055 -0.455 0 1
0 0.055 -0.445 0 2
0 0.055 -0.435 0 2
0 0.055 -0.425 0 2
0 0.055 -0.415 0 2
0 0.055 -0.405 0 2
0 0.055 -0.395 0.0004039872394 2
0 0.055 -0.385 0.0006372023286 2
0 0.055 -0.375 0.0008733560593 2
0 0.055 -0.365 0.001055197201 2
0 0.055 -0.355 0.001209328401 2
0 0.055 -0.345 0.001333564697 2
0 0.055 -0.335 0.001440779117 2
0 0.055 -0.325 0.001537511969 2
0 0.055 -0.315 0.001625507628 2
0 0.055 -0.305 0.001704718332 2
0 0.055 -0.295 0.001774330771 2
0 0.055 -0.285 0.001839985749 2
0 0.055 -0.275 0.001892691349 2
0 0.055 -0.265 0.001928455953 1
0 0.055 -0.255 0.001948320543 1
0 0.055 -0.245 0.001961312146 1
0 0.055 -0.235 0.001972622345 1
0 0.055 -0.225 0.001980640369 1
0 0.055 -0.215 0.001984975852 1
0 0.055 -0.205 0.001981387284 1
0 0.055 -0.195 0.00196966107 1
0 0.055 -0.185 0.001953326804 2
0 0.055 -0.175 0.001921975687 2
0 0.055 -0.165 0.001873066762 2
0 0.055 -0.155 0.001811726444 2
0 0.055 -0.145 0.001739201724 2
0 0.055 -0.135 0.001655469247 2
0 0.055 -0.125 0.001561594117 2
0 0.055 -0.115 0.001458159859 2
0 0.055 -0.105 0.001346142032 2
0 0.055 -0.095 0.00122666337 2
0 0.055 -0.085 0.001101080559 2
0 0.055 -0.075 0.0009708544764 2
0 0.055 -0.065 0.0008374192069 2
0 0.055 -0.055 0.0007020522942 2
0 0.055 -0.045 0.0005657871392 2
0 0.055 -0.035 0.0004294125638 2
0 0.055 -0.025 0.0002935626748 2
0 0.055 -0.015 0.0001588882307 2
0 0.055 -0.005 2.614896973e-05 2
0 0.055 0.005 -0.0001038554547 2
0 0.055 0.015 -0.0002305802435 2
0 0.055 0.025 -0.0003540296666 2
0 0.055 0.035 -0.0004747345593 2
0 0.055 0.045 -0.0005934403499 2
0 0.055 0.055 -0.0007106230609 2
0 0.055 0.065 -0.0008261671766 2
0 0.055 0.075 -0.0009393215783 2
0 0.055 0.085 -0.001048975813 2
0 0.055 0.095 -0.001153982623 2
0 0.055 0.105 -0.001253325684 2
0 0.055 0.115 -0.001346172853 2
0 0.055 0.125 -0.001431849844 2
0 0.055 0.135 -0.001509802006 2
0 0.055 0.145 -0.00157964763 2
0 0.055 0.155 -0.001641240356 2
0 0.055 0.165 -0.001694153895 2
0 0.055 0.175 -0.001738842109 2
0 0.055 0.185 -0.00177036818 1
0 0.055 0.195 -0.001787360979 1
0 0.055 0.205 -0.001798093205 1
0 0.055 0.215 -0.001810522037 1
0 0.055 0.225 -0.001819627692 1
0 0.055 0.235 -0.001824480582 1
0 0.055 0.245 -0.001824800906 1
0 0.055 0.255 -0.00182267891 1
0 0.055 0.265 -0.001812353971 1
0 0.055 0.275 -0.001786150889 2
0 0.055 0.285 -0.001743276471 2
0 0.055 0.295 -0.001680835254 2
0 0.055 0.305 -0.001601972242 2
0 0.055 0.315 -0.001508874749 2
0 0.055 0.325 -0.001396611883 2
0 0.055 0.335 -0.001264836996 2
0 0.055 0.345 -0.001105971414 2
0 0.055 0.355 -0.0009338154325 2
0 0.055 0.365 -0.0007613511005 2
0 0.055 0.375 -0.0005876228389 1
0 0.055 0.385 -0.0004153534564 1
0 0.055 0.395 -0.0002625301393 1
0 0.055 0.405 0 1
0 0.055 0.415 0 1
0 0.055 0.425 0 1
0 0.055 0.435 0 2
0 0.055 0.445 0 2
0 0.055 0.455 0 2
0 0.055 0.465 0 2
0 0.065 -0.455 0 2
0 0.065 -0.445 0 2
0 0.065 -0.435 0 2
0 0.065 -0.425 0 2
0 0.065 -0.415 0 2
0 0.065 -0.405 0 2
0 0.065 -0.395 0.000456829221 2
0 0.065 -0.385 0.0007275190247 2
0 0.065 -0.375 0.0009966713692 2
0 0.065 -0.365 0.001206599713 2
0 0.065 -0.355 0.001386629079 2
0 0.065 -0.345 0.001531973504 2
0 0.065 -0.335 0.001659384327 2
0 0.065 -0.325 0.001778535975 2
0 0.065 -0.315 0.001891735425 2
0 0.065 -0.305 0.001998040453 2
0 0.065 -0.295 0.002093540572 2
0 0.065 -0.285 0.002182016255 2
0 0.065 -0.275 0.002257376258 2
0 0.065 -0.265 0.002311702606 1
0 0.065 -0.255 0.00234405079 1
0 0.065 -0.245 0.002365250257 1
0 0.065 -0.235 0.00238409853 1
0 0.065 -0.225 0.002396998677 1
0 0.065 -0.215 0.002405041108 1
0 0.065 -0.205 0.002407654195 1
0 0.065 -0.195 0.002398924099 1
0 0.065 -0.185 0.002381685598 2
0 0.065 -0.175 0.002351766877 2
0 0.065 -0.165 0.002301292851 2
0 0.065 -0.155 0.002229393258 2
0 0.065 -0.145 0.002144972439 2
0 0.065 -0.135 0.002046231069 2
0 0.065 -0.125 0.001934849252 2
0 0.065 -0.115 0.001811399043 2
0 0.065 -0.105 0.001676978111 2
0 0.065 -0.095 0.001532863871 2
0 0.065 -0.085 0.001380684216 2
0 0.065 -0.075 0.001222224803 2
0 0.065 -0.065 0.001059234147 2
0 0.065 -0.055 0.0008932627555 2
0 0.065 -0.045 0.0007255889513 2
0 0.065 -0.035 0.0005572268403 2
0 0.065 -0.025 0.0003889907666 2
0 0.065 -0.015 0.0002216029987 2
0 0.065 -0.005 5.575721928e-05 2
0 0.065 0.005 -0.0001079041597 2
0 0.065 0.015 -0.0002689083881 2
0 0.065 0.025 -0.0004270616794 2
0 0.065 0.035 -0.0005824178058 2
0 0.065 0.045 -0.0007351028431 2
0 0.065 0.055 -0.000885062567 2
0 0.065 0.065 -0.001031883542 2
0 0.065 0.075 -0.001174761471 2
0 0.065 0.085 -0.001312627884 2
0 0.065 0.095 -0.001444324463 2
0 0.065 0.105 -0.001568728388 2
0 0.065 0.115 -0.001684815657 2
0 0.065 0.125 -0.001791668578 2
0 0.065 0.135 -0.001888477877 2
0 0.065 0.145 -0.001974446827 2
0 0.065 0.155 -0.002049031768 2
0 0.065 0.165 -0.002110612933 2
0 0.065 0.175 -0.002160894531 2
0 0.065 0.185 -0.002199943984 2
0 0.065 0.195 -0.002218545867 1
0 0.065 0.205 -0.002229459277 1
0 0.065 0.215 -0.002239084919 1
0 0.065 0.225 -0.002244658642 1
0 0.065 0.235 -0.002245754911 1
0 0.065 0.245 -0.002241652723 1
0 0.065 0.255 -0.002230674465 1
0 0.065 0.265 -0.002210137889 1
0 0.065 0.275 -0.002172495747 1
0 0.065 0.285 -0.002111545384 2
0 0.065 0.295 -0.002027731426 2
0 0.065 0.305 -0.00192865417 2
0 0.065 0.315 -0.001812242993 2
0 0.065 0.325 -0.001674514988 2
0 0.065 0.335 -0.001514536068 2
0 0.065 0.345 -0.001329437963 2
0 0.065 0.355 -0.001123669456 2
0 0.065 0.365 -0.0009047891147 2
0 0.065 0.375 -0.0006875724222 2
0 0.065 0.385 -0.0004560200132 1
0 0.065 0.395 -0.0002768393757 1
0 0.065 0.405 0 1
0 0.065 0.415 0 1
0 0.065 0.425 0 1
0 0.065 0.435 0 2
0 0.065 0.445 0 2
0 0.065 0.455 0 2
0 0.065 0.465 0 2
0 0.075 -0.455 0 2
0 0.075 -0.445 0 2
0 0.075 -0.435 0 2
0 0.075 -0.425 0 2
0 0.075 -0.415 0 2
0 0.075 -0.405 0 2
0 0.075 -0.395 0.0005057111252 2
0 0.075 -0.385 0.000806705785 2
0 0.075 -0.375 0.001109120693 2
0 0.075 -0.365 0.001348213061 1
0 0.075 -0.355 0.001532837203 1
0 0.075 -0.345 0.001688187173 1
0 0.075 -0.335 0.00182929161 1
0 0.075 -0.325 0.001981411979 2
0 0.075 -0.315 0.002132337958 2
0 0.075 -0.305 0.002275801557 2
0 0.075 -0.295 0.002404484344 2
0 0.075 -0.285 0.002519870772 2
0 0.075 -0.275 0.002622335912 2
0 0.075 -0.265 0.002698596417 1
0 0.075 -0.255 0.002745590964 1
0 0.075 -0.245 0.002778154834 1
0 0.075 -0.235 0.002806617778 1
0 0.075 -0.225 0.002826449965 1
0 0.075 -0.215 0.002838431119 1
0 0.075 -0.205 0.002844234018 1
0 0.075 -0.195 0.002837691236 1
0 0.075 -0.185 0.002819075667 1
0 0.075 -0.175 0.002791698212 2
0 0.075 -0.165 0.002739386899 2
0 0.075 -0.155 0.002659128339 2
0 0.075 -0.145 0.002563911686 2
0 0.075 -0.135 0.00245121605 2
0 0.075 -0.125 0.002323197635 2
0 0.075 -0.115 0.002180425836 2
0 0.075 -0.105 0.002024002492 2
0 0.075 -0.095 0.001855295556 2
0 0.075 -0.085 0.001676233164 2
0 0.075 -0.075 0.00148899762 2
0 0.075 -0.065 0.001295699712 2
0 0.075 -0.055 0.001098180907 2
0 0.075 -0.045 0.0008979623221 2
0 0.075 -0.035 0.0006962679028 2
0 0.075 -0.025 0.0004940582878 2
0 0.075 -0.015 0.0002921228342 2
0 0.075 -0.005 9.115175022e-05 2
0 0.075 0.005 -0.0001082301135 2
0 0.075 0.015 -0.0003054828492 2
0 0.075 0.025 -0.0005001794287 2
0 0.075 0.035 -0.0006919761901 2
0 0.075 0.045 -0.0008805183945 2
0 0.075 0.055 -0.001065311719 2
0 0.075 0.065 -0.001245629762 2
0 0.075 0.075 -0.001420497736 2
0 0.075 0.085 -0.001588758004 2
0 0.075 0.095 -0.001749170331 2
0 0.075 0.105 -0.001900498082 2
0 0.075 0.115 -0.002041563519 2
0 0.075 0.125 -0.002171262293 2
0 0.075 0.135 -0.002288580459 2
0 0.075 0.145 -0.002392491662 2
0 0.075 0.155 -0.002482165515 2
0 0.075 0.165 -0.002556444246 2
0 0.075 0.175 -0.002614666551 2
0 0.075 0.185 -0.002657927937 2
0 0.075 0.195 -0.002684905514 2
0 0.075 0.205 -0.00269160877 1
0 0.075 0.215 -0.002694328271 1
0 0.075 0.225 -0.002691880536 1
0 0.075 0.235 -0.002685656635 1
0 0.075 0.245 -0.002672784158 1
0 0.075 0.255 -0.002650817751 1
0 0.075 0.265 -0.002618927544 1
0 0.075 0.275 -0.002567805922 2
0 0.075 0.285 -0.002487589128 2
0 0.075 0.295 -0.002384894426 2
0 0.075 0.305 -0.002266154591 2
0 0.075 0.315 -0.002125854253 2
0 0.075 0.325 -0.001962934258 2
0 0.075 0.335 -0.001776555905 2
0 0.075 0.345 -0.001567454912 2
0 0.075 0.355 -0.001334207264 2
0 0.075 0.365 -0.001078799172 2
0 0.075 0.375 -0.0008161739798 2
0 0.075 0.385 -0.000542708008 2
0 0.075 0.395 -0.0003052131147 1
0 0.075 0.405 0 1
0 0.075 0.415 0 1
0 0.075 0.425 0 2
0 0.075 0.435 0 2
0 0.075 0.445 0 2
0 0.075 0.455 0 2
0 0.075 0.465 0 2
0 0.085 -0.455 0 1
0 0.085 -0.445 0 1
0 0.085 -0.435 0 1
0 0.085 -0.425 0 1
0 0.085 -0.415 0 1
0 0.085 -0.405 0 1
0 0.085 -0.395 0.0005039675918 1
0 0.085 -0.385 0.0008238206483 2
0 0.085 -0.375 0.001158053914 1
0 0.085 -0.365 0.0014133007 1
0 0.085 -0.355 0.001625859563 1
0 0.085 -0.345 0.001816860356 1
0 0.085 -0.335 0.001989645622 1
0 0.085 -0.325 0.002155784318 1
0 0.085 -0.315 0.002344996102 2
0 0.085 -0.305 0.002531065231 2
0 0.085 -0.295 0.002702175347 2
0 0.085 -0.285 0.002848755471 2
0 0.085 -0.275 0.002979353616 2
0 0.085 -0.265 0.00308447618 2
0 0.085 -0.255 0.003154033736 1
0 0.085 -0.245 0.003199555047 1
0 0.085 -0.235 0.00323607081 1
0 0.085 -0.225 0.003263436881 1
0 0.085 -0.215 0.003280550381 1
0 0.085 -0.205 0.003288011253 1
0 0.085 -0.195 0.003283698784 1
0 0.085 -0.185 0.003266865526 1
0 0.085 -0.175 0.003237223249 2
0 0.085 -0.165 0.003180752845 2
0 0.085 -0.155 0.003094898501 2
0 0.085 -0.145 0.00298985487 2
0 0.085 -0.135 0.00286443946 2
0 0.085 -0.125 0.002721058816 2
0 0.085 -0.115 0.002560306825 2
0 0.085 -0.105 0.002383030289 2
0 0.085 -0.095 0.002190503263 2
0 0.085 -0.085 0.001984945433 2
0 0.085 -0.075 0.001768987788 2
0 0.085 -0.065 0.001545127456 2
0 0.085 -0.055 0.001315514848 2
0 0.085 -0.045 0.001081947796 2
0 0.085 -0.035 0.0008458998546 2
0 0.085 -0.025 0.000608485716 2
0 0.085 -0.015 0.0003705800789 2
0 0.085 -0.005 0.0001329159487 2
0 0.085 0.005 -0.000103819706 2
0 0.085 0.015 -0.0003389405151 2
0 0.085 0.025 -0.000571756161 2
0 0.085 0.035 -0.0008015522817 2
0 0.085 0.045 -0.001027552556 2
0 0.085 0.055 -0.001248864318 2
0 0.085 0.065 -0.001464441742 2
0 0.085 0.075 -0.001673085399 2
0 0.085 0.085 -0.001873482439 2
0 0.085 0.095 -0.002064267719 2
0 0.085 0.105 -0.002244081889 2
0 0.085 0.115 -0.002411615442 2
0 0.085 0.125 -0.002565626969 2
0 0.085 0.135 -0.002704965777 2
0 0.085 0.145 -0.00282853769 2
0 0.085 0.155 -0.002935378545 2
0 0.085 0.165 -0.003024857145 2
0 0.085 0.175 -0.003095198013 2
0 0.085 0.185 -0.003145703776 2
0 0.085 0.195 -0.003178693442 2
0 0.085 0.205 -0.003194305926 2
0 0.085 0.215 -0.003191783712 2
0 0.085 0.225 -0.003171070182 1
0 0.085 0.235 -0.003151980449 1
0 0.085 0.245 -0.003125269814 1
0 0.085 0.255 -0.003092074355 1
0 0.085 0.265 -0.003046904556 1
0 0.085 0.275 -0.002979535045 2
0 0.085 0.285 -0.002880113283 2
0 0.085 0.295 -0.002755464053 2
0 0.085 0.305 -0.002611199943 2
0 0.085 0.315 -0.00244453954 2
0 0.085 0.325 -0.002255031075 2
0 0.085 0.335 -0.002041982468 2
0 0.085 0.345 -0.001805325299 2
0 0.085 0.355 -0.001547761736 2
0 0.085 0.365 -0.001266537562 2
0 0.085 0.375 -0.0009725614794 2
0 0.085 0.385 -0.0006659485923 2
0 0.085 0.395 -0.0004059312487 2
0 0.085 0.405 0 2
0 0.085 0.415 0 2
0 0.085 0.425 0 2
0 0.085 0.435 0 2
0 0.085 0.445 0 2
0 0.085 0.455 0 2
0 0.085 0.465 0 2
0 0.095 -0.455 0 1
0 0.095 -0.445 0 1
0 0.095 -0.435 0 1
0 0.095 -0.425 0 1
0 0.095 -0.415 0 1
0 0.095 -0.405 0 1
0 0.095 -0.395 0.0005063160639 1
0 0.095 -0.385 0.0008186005541 1
0 0.095 -0.375 0.001160488665 1
0 0.095 -0.365 0.00145222672 1
0 0.095 -0.355 0.001705058738 1
0 0.095 -0.345 0.00193442017 1
0 0.095 -0.335 0.002141178653 1
0 0.095 -0.325 0.002334477034 1
0 0.095 -0.315 0.002554899412 2
0 0.095 -0.305 0.002777327785 2
0 0.095 -0.295 0.002988880153 2
0 0.095 -0.285 0.003172592676 2
0 0.095 -0.275 0.003333518836 2
0 0.095 -0.265 0.003466052508 2
0 0.095 -0.255 0.003561258127 1
0 0.095 -0.245 0.003623550052 1
0 0.095 -0.235 0.003668317022 1
0 0.095 -0.225 0.003703270379 1
0 0.095 -0.215 0.003725967449 1
0 0.095 -0.205 0.003735888448 1
0 0.095 -0.195 0.003734077952 1
0 0.095 -0.185 0.003717809057 1
0 0.095 -0.175 0.003685397356 2
0 0.095 -0.165 0.003623602521 2
0 0.095 -0.155 0.003531801441 2
0 0.095 -0.145 0.003417280813 2
0 0.095 -0.135 0.003280196758 2
0 0.095 -0.125 0.003123119641 2
0 0.095 -0.115 0.0029465921 2
0 0.095 -0.105 0.002750561296 2
0 0.095 -0.095 0.002535681242 2
0 0.095 -0.085 0.002304684193 2
0 0.095 -0.075 0.002060877173 2
0 0.095 -0.065 0.001806916599 2
0 0.095 -0.055 0.001545067795 2
0 0.095 -0.045 0.001277481342 2
0 0.095 -0.035 0.001006153597 2
0 0.095 -0.025 0.0007324905141 2
0 0.095 -0.015 0.0004574325784 2
0 0.095 -0.005 0.000181778472 2
0 0.095 0.005 -9.367028157e-05 2
0 0.095 0.015 -0.0003680222901 2
0 0.095 0.025 -0.0006402964053 2
0 0.095 0.035 -0.0009094111408 2
0 0.095 0.045 -0.001174193347 2
0 0.095 0.055 -0.001433373113 2
0 0.095 0.065 -0.001685584395 2
0 0.095 0.075 -0.001929378183 2
0 0.095 0.085 -0.002163252706 2
0 0.095 0.095 -0.002385693492 2
0 0.095 0.105 -0.002595212851 2
0 0.095 0.115 -0.002790383375 2
0 0.095 0.125 -0.002969858411 2
0 0.095 0.135 -0.003132394411 2
0 0.095 0.145 -0.003276863671 2
0 0.095 0.155 -0.003402256902 2
0 0.095 0.165 -0.003507733968 2
0 0.095 0.175 -0.003592836392 2
0 0.095 0.185 -0.003655383312 2
0 0.095 0.195 -0.003697169092 2
0 0.095 0.205 -0.003717086396 2
0 0.095 0.215 -0.003717569845 2
0 0.095 0.225 -0.003702735284 2
0 0.095 0.235 -0.003673665044 2
0 0.095 0.245 -0.003630964392 2
0 0.095 0.255 -0.003579600496 2
0 0.095 0.265 -0.003506967854 2
0 0.095 0.275 -0.003406315852 2
0 0.095 0.285 -0.003280381605 2
0 0.095 0.295 -0.003129895889 2
0 0.095 0.305 -0.002956438365 2
0 0.095 0.315 -0.002760296218 2
0 0.095 0.325 -0.002541686971 2
0 0.095 0.335 -0.002300443326 2
0 0.095 0.345 -0.002035988495 2
0 0.095 0.355 -0.001750353404 2
0 0.095 0.365 -0.001445421917 2
0 0.095 0.375 -0.001127294855 2
0 0.095 0.385 -0.0007846297759 2
0 0.095 0.395 -0.0004855205374 2
0 0.095 0.405 0 2
0 0.095 0.415 0 2
0 0.095 0.425 0 2
0 0.095 0.435 0 2
0 0.095 0.445 0 2
0 0.095 0.455 0 2
0 0.095 0.465 0 2
0 0.105 -0.455 0 1
0 0.105 -0.445 0 1
0 0.105 -0.435 0 1
0 0.105 -0.425 0 1
0 0.105 -0.415 0 1
0 0.105 -0.405 0 1
0 0.105 -0.395 0.0005023278351 1
0 0.105 -0.385 0.0008228301737 1
0 0.105 -0.375 0.001183326634 1
0 0.105 -0.365 0.001502170216 1
0 0.105 -0.355 0.001794614954 1
0 0.105 -0.345 0.002062877974 1
0 0.105 -0.335 0.00230845095 1
0 0.105 -0.325 0.002529937492 1
0 0.105 -0.315 0.002751776272 1
0 0.105 -0.305 0.003007514896 2
0 0.105 -0.295 0.003259843104 2
0 0.105 -0.285 0.003489207961 2
0 0.105 -0.275 0.003680509211 2
0 0.105 -0.265 0.003840832072 2
0 0.105 -0.255 0.003966648994 2
0 0.105 -0.245 0.004048332061 1
0 0.105 -0.235 0.004102758289 1
0 0.105 -0.225 0.004144030648 1
0 0.105 -0.215 0.004171068154 1
0 0.105 -0.205 0.004182380143 1
0 0.105 -0.195 0.004182545238 1
0 0.105 -0.185 0.004166543589 1
0 0.105 -0.175 0.004130985772 2
0 0.105 -0.165 0.00406246415 2
0 0.105 -0.155 0.003964149374 2
0 0.105 -0.145 0.003840123202 2
0 0.105 -0.135 0.00369213018 2
0 0.105 -0.125 0.003522989417 2
0 0.105 -0.115 0.003333397897 2
0 0.105 -0.105 0.003122213667 2
0 0.105 -0.095 0.002888640018 2
0 0.105 -0.085 0.002635254286 2
0 0.105 -0.075 0.002365508095 2
0 0.105 -0.065 0.002082045791 2
0 0.105 -0.055 0.00178763681 2
0 0.105 -0.045 0.001485266772 2
0 0.105 -0.035 0.001177759057 2
0 0.105 -0.025 0.0008668144843 2
0 0.105 -0.015 0.0005534479652 2
0 0.105 -0.005 0.0002386154377 2
0 0.105 0.005 -7.67720313e-05 2
0 0.105 0.015 -0.0003915706043 2
0 0.105 0.025 -0.0007044790874 2
0 0.105 0.035 -0.001014038789 2
0 0.105 0.045 -0.001318686049 2
0 0.105 0.055 -0.001616784868 2
0 0.105 0.065 -0.001906653885 2
0 0.105 0.075 -0.002186589129 2
0 0.105 0.085 -0.002454889447 2
0 0.105 0.095 -0.002709883165 2
0 0.105 0.105 -0.002949954103 2
0 0.105 0.115 -0.003173565348 2
0 0.105 0.125 -0.003379278819 2
0 0.105 0.135 -0.003565774933 2
0 0.105 0.145 -0.00373187641 2
0 0.105 0.155 -0.003876558042 2
0 0.105 0.165 -0.003998912105 2
0 0.105 0.175 -0.004098416464 2
0 0.105 0.185 -0.004174645995 2
0 0.105 0.195 -0.004227234171 2
0 0.105 0.205 -0.00425397161 2
0 0.105 0.215 -0.004258481981 2
0 0.105 0.225 -0.004242976443 2
0 0.105 0.235 -0.004206600018 2
0 0.105 0.245 -0.004149310161 2
0 0.105 0.255 -0.004073514048 2
0 0.105 0.265 -0.003972000291 2
0 0.105 0.275 -0.0038414833 2
0 0.105 0.285 -0.003683688286 2
0 0.105 0.295 -0.003500728305 2
0 0.105 0.305 -0.00329399982 2
0 0.105 0.315 -0.003064013474 2
0 0.105 0.325 -0.002812037047 2
0 0.105 0.335 -0.002538639841 2
0 0.105 0.345 -0.002245627695 2
0 0.105 0.355 -0.001934267666 2
0 0.105 0.365 -0.001607585011 2
0 0.105 0.375 -0.001276071054 2
0 0.105 0.385 -0.0009023206966 2
0 0.105 0.395 -0.000563889526 2
0 0.105 0.405 0 2
0 0.105 0.415 0 2
0 0.105 0.425 0 2
0 0.105 0.435 0 2
0 0.105 0.445 0 2
0 0.105 0.455 0 2
0 0.105 0.465 0 2
0 0.115 -0.455 0 1
0 0.115 -0.445 0 1
0 0.115 -0.435 0 1
0 0.115 -0.425 0 1
0 0.115 -0.415 0 1
0 0.115 -0.405 0 1
0 0.115 -0.395 0.0005216051202 1
0 0.115 -0.385 0.0008577495403 1
0 0.115 -0.375 0.001235188045 1
0 0.115 -0.365 0.001575999265 1
0 0.115 -0.355 0.001902210524 1
0 0.115 -0.345 0.002201811328 1
0 0.115 -0.335 0.002479600179 1
0 0.115 -0.325 0.002725614981 1
0 0.115 -0.315 0.002972799862 1
0 0.115 -0.305 0.003254970167 2
0 0.115 -0.295 0.003537383666 2
0 0.115 -0.285 0.003808085665 2
0 0.115 -0.275 0.004030853225 2
0 0.115 -0.265 0.004218141557 2
0 0.115 -0.255 0.004367182377 2
0 0.115 -0.245 0.004475732754 2
0 0.115 -0.235 0.004541583579 1
0 0.115 -0.225 0.004584928213 1
0 0.115 -0.215 0.004612050789 1
0 0.115 -0.205 0.0046242893 1
0 0.115 -0.195 0.004624626573 1
0 0.115 -0.185 0.004606298771 1
0 0.115 -0.175 0.004564498922 2
0 0.115 -0.165 0.00448866437 2
0 0.115 -0.155 0.004386480603 2
0 0.115 -0.145 0.004253458813 2
0 0.115 -0.135 0.004093041678 2
0 0.115 -0.125 0.003914309449 2
0 0.115 -0.115 0.003718540996 2
0 0.115 -0.105 0.00349565156 2
0 0.115 -0.095 0.003248313896 2
0 0.115 -0.085 0.002978242985 2
0 0.115 -0.075 0.0026868722 2
0 0.115 -0.065 0.002375773697 2
0 0.115 -0.055 0.002045961131 2
0 0.115 -0.045 0.001707134633 2
0 0.115 -0.035 0.001362064824 2
0 0.115 -0.025 0.00101257689 2
0 0.115 -0.015 0.0006595648761 2
0 0.115 -0.005 0.0003042813261 2
0 0.115 0.005 -5.226191975e-05 2
0 0.115 0.015 -0.0004086620244 2
0 0.115 0.025 -0.0007632631659 2
0 0.115 0.035 -0.001114218451 2
0 0.115 0.045 -0.001459579362 2
0 0.115 0.055 -0.001797356083 2
0 0.115 0.065 -0.002125566386 2
0 0.115 0.075 -0.002442261967 2
0 0.115 0.085 -0.002745549152 2
0 0.115 0.095 -0.00303360422 2
0 0.115 0.105 -0.003304687714 2
0 0.115 0.115 -0.003557158523 2
0 0.115 0.125 -0.003789488286 2
0 0.115 0.135 -0.004000277177 2
0 0.115 0.145 -0.004188268145 2
0 0.115 0.155 -0.004352380809 2
0 0.115 0.165 -0.004491671086 2
0 0.115 0.175 -0.004605433463 2
0 0.115 0.185 -0.004693070694 2
0 0.115 0.195 -0.00475431265 2
0 0.115 0.205 -0.004789184801 2
0 0.115 0.215 -0.004797677283 2
0 0.115 0.225 -0.004779589625 2
0 0.115 0.235 -0.00473481785 2
0 0.115 0.245 -0.004662495485 2
0 0.115 0.255 -0.004561247007 2
0 0.115 0.265 -0.00443004273 2
0 0.115 0.275 -0.004268672996 2
0 0.115 0.285 -0.004078059159 2
0 0.115 0.295 -0.003860030225 2
0 0.115 0.305 -0.003616212985 2
0 0.115 0.315 -0.003347403679 2
0 0.115 0.325 -0.003056110828 2
0 0.115 0.335 -0.002740488925 2
0 0.115 0.345 -0.002413370551 2
0 0.115 0.355 -0.002075980945 2
0 0.115 0.365 -0.001733416361 2
0 0.115 0.375 -0.001393008108 2
0 0.115 0.385 -0.0009959100284 2
0 0.115 0.395 -0.0006267930253 2
0 0.115 0.405 0 2
0 0.115 0.415 0 2
0 0.115 0.425 0 2
0 0.115 0.435 0 2
0 0.115 0.445 0 2
0 0.115 0.455 0 2
0 0.115 0.465 0 2
0 0.125 -0.455 0 1
0 0.125 -0.445 0 1
0 0.125 -0.435 0 1
0 0.125 -0.425 0 1
0 0.125 -0.415 0 1
0 0.125 -0.405 0 1
0 0.125 -0.395 0.000551607514 1
0 0.125 -0.385 0.0009084879814 1
0 0.125 -0.375 0.001309635298 1
0 0.125 -0.365 0.001675402947 1
0 0.125 -0.355 0.002029037902 1
0 0.125 -0.345 0.002357228501 1
0 0.125 -0.335 0.002663154104 1
0 0.125 -0.325 0.002933129233 1
0 0.125 -0.315 0.003204924996 1
0 0.125 -0.305 0.00351356796 2
0 0.125 -0.295 0.003824845872 2
0 0.125 -0.285 0.004132222669 2
0 0.125 -0.275 0.004385666285 2
0 0.125 -0.265 0.00460091905 2
0 0.125 -0.255 0.00477327384 2
0 0.125 -0.245 0.004903328681 2
0 0.125 -0.235 0.004993539728 2
0 0.125 -0.225 0.005045598834 2
0 0.125 -0.215 0.005063393746 1
0 0.125 -0.205 0.005071862074 1
0 0.125 -0.195 0.00506623247 1
0 0.125 -0.185 0.005043164391 2
0 0.125 -0.175 0.004984610588 2
0 0.125 -0.165 0.00490110841 2
0 0.125 -0.155 0.004788165825 2
0 0.125 -0.145 0.004645327849 2
0 0.125 -0.135 0.004476977928 2
0 0.125 -0.125 0.004287336512 2
0 0.125 -0.115 0.004081923867 2
0 0.125 -0.105 0.003849777589 2
0 0.125 -0.095 0.003604216213 2
0 0.125 -0.085 0.003334619386 2
0 0.125 -0.075 0.00303061167 2
0 0.125 -0.065 0.002691065111 2
0 0.125 -0.055 0.002323307498 2
0 0.125 -0.045 0.001947443693 2
0 0.125 -0.035 0.001560915075 2
0 0.125 -0.025 0.001170871846 2
0 0.125 -0.015 0.0007765527353 2
0 0.125 -0.005 0.0003793513413 2
0 0.125 0.005 -1.964098104e-05 2
0 0.125 0.015 -0.0004187715634 2
0 0.125 0.025 -0.0008160179506 2
0 0.125 0.035 -0.001209135344 2
0 0.125 0.045 -0.001595807215 2
0 0.125 0.055 -0.001973711642 2
0 0.125 0.065 -0.002340593943 2
0 0.125 0.075 -0.002694288432 2
0 0.125 0.085 -0.003032731125 2
0 0.125 0.095 -0.003353963097 2
0 0.125 0.105 -0.003656133005 2
0 0.125 0.115 -0.003937501257 2
0 0.125 0.125 -0.004196446777 2
0 0.125 0.135 -0.00443147743 2
0 0.125 0.145 -0.004641238596 2
0 0.125 0.155 -0.004824532218 2
0 0.125 0.165 -0.004980317926 2
0 0.125 0.175 -0.005107720413 2
0 0.125 0.185 -0.005205953941 2
0 0.125 0.195 -0.005274426001 2
0 0.125 0.205 -0.005312709485 2
0 0.125 0.215 -0.005320386286 2
0 0.125 0.225 -0.005296803793 2
0 0.125 0.235 -0.005241135639 2
0 0.125 0.245 -0.005152397518 2
0 0.125 0.255 -0.005029737465 2
0 0.125 0.265 -0.004872729394 2
0 0.125 0.275 -0.004681725553 2
0 0.125 0.285 -0.004457871286 2
0 0.125 0.295 -0.004202855491 2
0 0.125 0.305 -0.003918092161 2
0 0.125 0.315 -0.003604733376 2
0 0.125 0.325 -0.003265104977 2
0 0.125 0.335 -0.002888089695 2
0 0.125 0.345 -0.002501933034 2
0 0.125 0.355 -0.002124056657 1
0 0.125 0.365 -0.001788926567 1
0 0.125 0.375 -0.001455736369 1
0 0.125 0.385 -0.001073402066 1
0 0.125 0.395 -0.0007088241408 1
0 0.125 0.405 0 2
0 0.125 0.415 0 2
0 0.125 0.425 0 2
0 0.125 0.435 0 2
0 0.125 0.445 0 2
0 0.125 0.455 0 2
0 0.125 0.465 0 2
0 0.135 -0.455 0 1
0 0.135 -0.445 0 1
0 0.135 -0.435 0 1
0 0.135 -0.425 0 1
0 0.135 -0.415 0 1
0 0.135 -0.405 0 1
0 0.135 -0.395 0.0005736798982 1
0 0.135 -0.385 0.0009635238377 1
0 0.135 -0.375 0.001399135725 1
0 0.135 -0.365 0.001795256238 1
0 0.135 -0.355 0.002178590078 1
0 0.135 -0.345 0.002533097076 1
0 0.135 -0.335 0.002863382893 1
0 0.135 -0.325 0.003155377715 1
0 0.135 -0.315 0.0034500625 1
0 0.135 -0.305 0.003785343197 2
0 0.135 -0.295 0.004125498873 2
0 0.135 -0.285 0.004463993277 2
0 0.135 -0.275 0.004746021001 2
0 0.135 -0.265 0.004987608443 2
0 0.135 -0.255 0.005183198076 2
0 0.135 -0.245 0.005334707124 2
0 0.135 -0.235 0.005442207323 2
0 0.135 -0.225 0.005508121525 2
0 0.135 -0.215 0.005539395123 2
0 0.135 -0.205 0.005542122931 2
0 0.135 -0.195 0.005516101005 2
0 0.135 -0.185 0.005462562452 2
0 0.135 -0.175 0.005386278432 2
0 0.135 -0.165 0.005286805414 2
0 0.135 -0.155 0.005149841739 2
0 0.135 -0.145 0.004992211399 2
0 0.135 -0.135 0.004824088595 1
0 0.135 -0.125 0.004627601212 2
0 0.135 -0.115 0.004396918093 2
0 0.135 -0.105 0.004149583674 1
0 0.135 -0.095 0.003926707801 1
0 0.135 -0.085 0.003685837735 1
0 0.135 -0.075 0.003385451498 2
0 0.135 -0.065 0.003026105304 2
0 0.135 -0.055 0.00262411323 2
0 0.135 -0.045 0.002208783582 2
0 0.135 -0.035 0.001776588459 2
0 0.135 -0.025 0.001342306289 2
0 0.135 -0.015 0.000904767372 2
0 0.135 -0.005 0.0004638422555 2
0 0.135 0.005 2.094076652e-05 2
0 0.135 0.015 -0.0004219857518 2
0 0.135 0.025 -0.0008626783285 2
0 0.135 0.035 -0.001298487344 2
0 0.135 0.045 -0.001726760876 2
0 0.135 0.055 -0.002144885953 2
0 0.135 0.065 -0.002550381614 2
0 0.135 0.075 -0.00294090909 2
0 0.135 0.085 -0.003314270259 2
0 0.135 0.095 -0.003668398077 2
0 0.135 0.105 -0.004001346827 2
0 0.135 0.115 -0.004311286673 2
0 0.135 0.125 -0.004596502493 2
0 0.135 0.135 -0.004855397902 2
0 0.135 0.145 -0.005086500031 2
0 0.135 0.155 -0.005288467283 2
0 0.135 0.165 -0.005460087427 2
0 0.135 0.175 -0.005600280454 2
0 0.135 0.185 -0.005708083566 2
0 0.135 0.195 -0.005782622116 2
0 0.135 0.205 -0.005823052159 2
0 0.135 0.215 -0.005828513473 2
0 0.135 0.225 -0.005798055149 2
0 0.135 0.235 -0.005730667414 2
0 0.135 0.245 -0.005625440268 2
0 0.135 0.255 -0.005481763075 2
0 0.135 0.265 -0.005299468514 2
0 0.135 0.275 -0.005079029079 2
0 0.135 0.285 -0.004821383775 2
0 0.135 0.295 -0.004528008212 2
0 0.135 0.305 -0.00419969381 2
0 0.135 0.315 -0.003838712821 2
0 0.135 0.325 -0.003444791985 2
0 0.135 0.335 -0.003016109948 2
0 0.135 0.345 -0.002588012658 2
0 0.135 0.355 -0.002181365476 1
0 0.135 0.365 -0.001829628945 1
0 0.135 0.375 -0.001475306573 1
0 0.135 0.385 -0.00108558193 1
0 0.135 0.395 -0.0007219339631 1
0 0.135 0.405 0 2
0 0.135 0.415 0 2
0 0.135 0.425 0 2
0 0.135 0.435 0 2
0 0.135 0.445 0 2
0 0.135 0.455 0 2
0 0.135 0.465 0 2
0 0.145 -0.455 0 2
0 0.145 -0.445 0 2
0 0.145 -0.435 0 1
0 0.145 -0.425 0 1
0 0.145 -0.415 0 1
0 0.145 -0.405 0 1
0 0.145 -0.395 0.0005992000124 1
0 0.145 -0.385 0.001037654992 1
0 0.145 -0.375 0.001519290828 1
0 0.145 -0.365 0.001949205277 1
0 0.145 -0.355 0.002359397394 1
0 0.145 -0.345 0.002731611073 1
0 0.145 -0.335 0.003081320747 1
0 0.145 -0.325 0.003391898368 1
0 0.145 -0.315 0.003707173267 1
0 0.145 -0.305 0.00406757042 2
0 0.145 -0.295 0.004435303155 2
0 0.145 -0.285 0.004803164214 2
0 0.145 -0.275 0.005111065646 2
0 0.145 -0.265 0.005375746761 2
0 0.145 -0.255 0.005591451004 2
0 0.145 -0.245 0.005760479615 2
0 0.145 -0.235 0.00588284332 2
0 0.145 -0.225 0.005961093468 2
0 0.145 -0.215 0.005996677316 2
0 0.145 -0.205 0.005990788858 2
0 0.145 -0.195 0.005945489246 2
0 0.145 -0.185 0.005868334805 2
0 0.145 -0.175 0.005759247818 2
0 0.145 -0.165 0.005625442093 2
0 0.145 -0.155 0.005460737704 1
0 0.145 -0.145 0.005303193145 1
0 0.145 -0.135 0.005131100647 1
0 0.145 -0.125 0.004922139977 1
0 0.145 -0.115 0.004699223057 1
0 0.145 -0.105 0.004456829079 1
0 0.145 -0.095 0.004205713549 1
0 0.145 -0.085 0.003937513736 1
0 0.145 -0.075 0.003654469863 1
0 0.145 -0.065 0.003343196864 1
0 0.145 -0.055 0.002947203718 2
0 0.145 -0.045 0.002492626956 2
0 0.145 -0.035 0.002009219161 2
0 0.145 -0.025 0.001526409028 2
0 0.145 -0.015 0.001042758012 2
0 0.145 -0.005 0.0005565045131 2
0 0.145 0.005 6.834411824e-05 2
0 0.145 0.015 -0.0004192309043 2
0 0.145 0.025 -0.0009038945202 2
0 0.145 0.035 -0.001382581037 2
0 0.145 0.045 -0.001852341979 2
0 0.145 0.055 -0.002310344661 2
0 0.145 0.065 -0.002753947961 2
0 0.145 0.075 -0.003180701002 2
0 0.145 0.085 -0.003588319039 2
0 0.145 0.095 -0.003974661548 2
0 0.145 0.105 -0.00433771062 2
0 0.145 0.115 -0.004675557261 2
0 0.145 0.125 -0.00498639367 2
0 0.145 0.135 -0.005268511726 2
0 0.145 0.145 -0.00552030459 2
0 0.145 0.155 -0.005740269851 2
0 0.145 0.165 -0.005927007897 2
0 0.145 0.175 -0.006079218327 2
0 0.145 0.185 -0.006195686664 2
0 0.145 0.195 -0.006275264629 2
0 0.145 0.205 -0.006316835791 2
0 0.145 0.215 -0.006319287369 2
0 0.145 0.225 -0.006281502373 2
0 0.145 0.235 -0.006202420003 2
0 0.145 0.245 -0.006081153168 2
0 0.145 0.255 -0.005917138475 2
0 0.145 0.265 -0.005710222084 2
0 0.145 0.275 -0.005460770084 2
0 0.145 0.285 -0.005169366307 2
0 0.145 0.295 -0.004837228082 2
0 0.145 0.305 -0.004463891132 2
0 0.145 0.315 -0.004052716444 2
0 0.145 0.325 -0.003590283247 2
0 0.145 0.335 -0.003110912291 2
0 0.145 0.345 -0.002649488234 1
0 0.145 0.355 -0.002258939936 1
0 0.145 0.365 -0.001881887115 1
0 0.145 0.375 -0.001489941501 1
0 0.145 0.385 -0.001064450822 1
0 0.145 0.395 -0.0006806437881 1
0 0.145 0.405 0 1
0 0.145 0.415 0 2
0 0.145 0.425 0 2
0 0.145 0.435 0 2
0 0.145 0.445 0 2
0 0.145 0.455 0 2
0 0.145 0.465 0 2
0 0.155 -0.455 0 2
0 0.155 -0.445 0 2
0 0.155 -0.435 0 2
0 0.155 -0.425 0 2
0 0.155 -0.415 0 2
0 0.155 -0.405 0 2
0 0.155 -0.395 0.0006810758233 2
0 0.155 -0.385 0.001170877016 2
0 0.155 -0.375 0.001718408996 2
0 0.155 -0.365 0.002180312567 1
0 0.155 -0.355 0.002583378483 1
0 0.155 -0.345 0.002950981657 1
0 0.155 -0.335 0.003309630086 1
0 0.155 -0.325 0.003638307623 1
0 0.155 -0.315 0.003975278401 1
0 0.155 -0.305 0.004360999086 2
0 0.155 -0.295 0.004757303947 2
0 0.155 -0.285 0.005151073795 2
0 0.155 -0.275 0.005480462682 2
0 0.155 -0.265 0.00576336473 2
0 0.155 -0.255 0.005994544403 2
0 0.155 -0.245 0.006176201445 2
0 0.155 -0.235 0.006308472003 2
0 0.155 -0.225 0.00639206213 2
0 0.155 -0.215 0.006427296598 2
0 0.155 -0.205 0.006415202085 2
0 0.155 -0.195 0.006357343858 2
0 0.155 -0.185 0.00625904079 2
0 0.155 -0.175 0.00611788076 2
0 0.155 -0.165 0.005956794005 2
0 0.155 -0.155 0.005776720065 1
0 0.155 -0.145 0.005604597052 1
0 0.155 -0.135 0.005420630088 1
0 0.155 -0.125 0.005205268651 1
0 0.155 -0.115 0.004975208421 1
0 0.155 -0.105 0.004724569956 1
0 0.155 -0.095 0.00445368869 1
0 0.155 -0.085 0.004164719802 1
0 0.155 -0.075 0.003865530586 1
0 0.155 -0.065 0.003552696237 1
0 0.155 -0.055 0.00320447742 1
0 0.155 -0.045 0.00276250946 2
0 0.155 -0.035 0.002253432912 2
0 0.155 -0.025 0.001722185663 2
0 0.155 -0.015 0.001186475072 2
0 0.155 -0.005 0.0006543482877 2
0 0.155 0.005 0.0001201776197 2
0 0.155 0.015 -0.000412510404 2
0 0.155 0.025 -0.0009411683766 2
0 0.155 0.035 -0.001462391549 2
0 0.155 0.045 -0.001972973017 2
0 0.155 0.055 -0.002469965504 2
0 0.155 0.065 -0.002950650552 2
0 0.155 0.075 -0.003412537047 2
0 0.155 0.085 -0.003853306471 2
0 0.155 0.095 -0.00427078198 2
0 0.155 0.105 -0.004662896774 2
0 0.155 0.115 -0.005027674682 2
0 0.155 0.125 -0.005363218095 2
0 0.155 0.135 -0.005667703455 2
0 0.155 0.145 -0.005939381312 2
0 0.155 0.155 -0.006176578977 2
0 0.155 0.165 -0.00637770233 2
0 0.155 0.175 -0.006541234877 2
0 0.155 0.185 -0.006665730783 2
0 0.155 0.195 -0.006749804953 2
0 0.155 0.205 -0.006792121324 2
0 0.155 0.215 -0.006791391014 2
0 0.155 0.225 -0.006746392681 2
0 0.155 0.235 -0.006656031575 2
0 0.155 0.245 -0.006519422605 2
0 0.155 0.255 -0.006335990628 2
0 0.155 0.265 -0.006105500489 2
0 0.155 0.275 -0.005828161464 2
0 0.155 0.285 -0.005504252052 2
0 0.155 0.295 -0.005134948562 2
0 0.155 0.305 -0.004719010033 2
0 0.155 0.315 -0.004262524504 2
0 0.155 0.325 -0.003744724106 2
0 0.155 0.335 -0.003233524919 2
0 0.155 0.345 -0.002748092016 1
0 0.155 0.355 -0.002335888199 1
0 0.155 0.365 -0.00194044206 1
0 0.155 0.375 -0.001522546667 1
0 0.155 0.385 -0.001065587732 1
0 0.155 0.395 -0.0006745657016 1
0 0.155 0.405 0 1
0 0.155 0.415 0 2
0 0.155 0.425 0 2
0 0.155 0.435 0 2
0 0.155 0.445 0 2
0 0.155 0.455 0 2
0 0.155 0.465 0 2
0 0.165 -0.455 0 2
0 0.165 -0.445 0 2
0 0.165 -0.435 0 2
0 0.165 -0.425 0 2
0 0.165 -0.415 0 2
0 0.165 -0.405 0 2
0 0.165 -0.395 0.0007597076947 2
0 0.165 -0.385 0.001286278207 2
0 0.165 -0.375 0.001875534434 2
0 0.165 -0.365 0.002372605346 1
0 0.165 -0.355 0.002789193726 1
0 0.165 -0.345 0.003166108526 1
0 0.165 -0.335 0.003536300699 1
0 0.165 -0.325 0.003891709944 1
0 0.165 -0.315 0.00425763869 1
0 0.165 -0.305 0.004673843498 2
0 0.165 -0.295 0.005099134967 2
0 0.165 -0.285 0.005508855923 2
0 0.165 -0.275 0.00585294594 2
0 0.165 -0.265 0.00614808239 2
0 0.165 -0.255 0.006389979425 2
0 0.165 -0.245 0.006580073236 2
0 0.165 -0.235 0.006717871768 2
0 0.165 -0.225 0.006803349526 2
0 0.165 -0.215 0.0068362157 2
0 0.165 -0.205 0.006817037414 2
0 0.165 -0.195 0.006746706422 2
0 0.165 -0.185 0.00663110383 2
0 0.165 -0.175 0.006467406224 2
0 0.165 -0.165 0.006287040979 2
0 0.165 -0.155 0.006091679141 1
0 0.165 -0.145 0.005902387595 1
0 0.165 -0.135 0.005705121234 1
0 0.165 -0.125 0.005480344574 1
0 0.165 -0.115 0.00523633275 1
0 0.165 -0.105 0.004970967121 1
0 0.165 -0.095 0.004684945653 1
0 0.165 -0.085 0.004380413637 1
0 0.165 -0.075 0.004060627908 1
0 0.165 -0.065 0.003725152987 1
0 0.165 -0.055 0.003376005582 1
0 0.165 -0.045 0.002980632592 1
0 0.165 -0.035 0.002484540591 2
0 0.165 -0.025 0.001919712027 2
0 0.165 -0.015 0.001329850183 2
0 0.165 -0.005 0.0007527374653 2
0 0.165 0.005 0.000172798791 2
0 0.165 0.015 -0.0004049283692 2
0 0.165 0.025 -0.0009768509983 2
0 0.165 0.035 -0.001539515432 2
0 0.165 0.045 -0.002089524756 2
0 0.165 0.055 -0.002623955727 2
0 0.165 0.065 -0.00314010433 2
0 0.165 0.075 -0.003635510769 2
0 0.165 0.085 -0.004107871573 2
0 0.165 0.095 -0.004555006008 2
0 0.165 0.105 -0.004974817749 2
0 0.165 0.115 -0.005365272914 2
0 0.165 0.125 -0.005724386197 2
0 0.165 0.135 -0.006050216049 2
0 0.165 0.145 -0.006340865946 2
0 0.165 0.155 -0.00659448976 2
0 0.165 0.165 -0.006809298587 2
0 0.165 0.175 -0.006983567346 2
0 0.165 0.185 -0.007115639472 2
0 0.165 0.195 -0.007203930935 2
0 0.165 0.205 -0.007246935961 2
0 0.165 0.215 -0.007243241218 2
0 0.165 0.225 -0.007191553907 2
0 0.165 0.235 -0.00709074998 2
0 0.165 0.245 -0.006939928974 2
0 0.165 0.255 -0.006738480332 2
0 0.165 0.265 -0.006486078436 2
0 0.165 0.275 -0.006182806294 2
0 0.165 0.285 -0.005828736336 2
0 0.165 0.295 -0.005425169026 2
0 0.165 0.305 -0.004970514377 2
0 0.165 0.315 -0.004473795605 2
0 0.165 0.325 -0.003911134747 2
0 0.165 0.335 -0.003368991395 2
0 0.165 0.345 -0.002856566663 1
0 0.165 0.355 -0.002420634566 1
0 0.165 0.365 -0.002004696344 1
0 0.165 0.375 -0.001565233754 1
0 0.165 0.385 -0.001083726944 1
0 0.165 0.395 -0.0006833777678 1
0 0.165 0.405 0 1
0 0.165 0.415 0 2
0 0.165 0.425 0 2
0 0.165 0.435 0 2
0 0.165 0.445 0 2
0 0.165 0.455 0 2
0 0.165 0.465 0 2
0 0.175 -0.455 0 2
0 0.175 -0.445 0 2
0 0.175 -0.435 0 2
0 0.175 -0.425 0 2
0 0.175 -0.415 0 2
0 0.175 -0.405 0 2
0 0.175 -0.395 0.0008147154266 2
0 0.175 -0.385 0.001353565298 2
0 0.175 -0.375 0.001965458823 2
0 0.175 -0.365 0.002510131914 2
0 0.175 -0.355 0.00298775714 1
0 0.175 -0.345 0.003385190854 1
0 0.175 -0.335 0.003766679881 1
0 0.175 -0.325 0.004154303541 1
0 0.175 -0.315 0.004596255128 2
0 0.175 -0.305 0.005038270554 2
0 0.175 -0.295 0.005473743994 2
0 0.175 -0.285 0.005875962549 2
0 0.175 -0.275 0.006225219575 2
0 0.175 -0.265 0.00652624454 2
0 0.175 -0.255 0.006774637862 2
0 0.175 -0.245 0.006970095736 2
0 0.175 -0.235 0.007111271736 2
0 0.175 -0.225 0.007197446076 2
0 0.175 -0.215 0.007227993741 2
0 0.175 -0.205 0.007203272343 2
0 0.175 -0.195 0.007123633452 2
0 0.175 -0.185 0.006994438516 2
0 0.175 -0.175 0.006811647302 2
0 0.175 -0.165 0.006612234581 2
0 0.175 -0.155 0.006401562416 1
0 0.175 -0.145 0.006198581999 1
0 0.175 -0.135 0.005985486654 1
0 0.175 -0.125 0.0057462657 1
0 0.175 -0.115 0.005486725056 1
0 0.175 -0.105 0.005205670984 1
0 0.175 -0.095 0.004903465325 1
0 0.175 -0.085 0.004582049885 1
0 0.175 -0.075 0.004243812249 1
0 0.175 -0.065 0.003889873878 1
0 0.175 -0.055 0.003530446821 1
0 0.175 -0.045 0.003137968461 1
0 0.175 -0.035 0.002648122354 2
0 0.175 -0.025 0.002081316669 2
0 0.175 -0.015 0.00146645049 2
0 0.175 -0.005 0.0008438914761 2
0 0.175 0.005 0.0002205345779 2
0 0.175 0.015 -0.0004008671283 2
0 0.175 0.025 -0.001014089869 2
0 0.175 0.035 -0.001616022152 2
0 0.175 0.045 -0.002203148719 2
0 0.175 0.055 -0.002772696227 2
0 0.175 0.065 -0.003322047734 2
0 0.175 0.075 -0.003848825382 2
0 0.175 0.085 -0.004350772427 2
0 0.175 0.095 -0.004825723419 2
0 0.175 0.105 -0.00527156239 2
0 0.175 0.115 -0.005686200842 2
0 0.175 0.125 -0.006067564218 2
0 0.175 0.135 -0.006413588952 2
0 0.175 0.145 -0.006722227162 2
0 0.175 0.155 -0.006991457357 2
0 0.175 0.165 -0.007219298948 2
0 0.175 0.175 -0.007403828931 2
0 0.175 0.185 -0.007543199364 2
0 0.175 0.195 -0.007635655573 2
0 0.175 0.205 -0.007679555889 2
0 0.175 0.215 -0.007673395497 2
0 0.175 0.225 -0.007615835617 2
0 0.175 0.235 -0.007505740142 2
0 0.175 0.245 -0.007342207868 2
0 0.175 0.255 -0.007124614441 2
0 0.175 0.265 -0.006852585472 2
0 0.175 0.275 -0.006526137166 2
0 0.175 0.285 -0.006145240633 2
0 0.175 0.295 -0.005711349936 2
0 0.175 0.305 -0.005222858644 2
0 0.175 0.315 -0.004690913079 2
0 0.175 0.325 -0.00409203073 2
0 0.175 0.335 -0.003517757391 2
0 0.175 0.345 -0.00297691312 1
0 0.175 0.355 -0.002517655129 1
0 0.175 0.365 -0.002080076231 1
0 0.175 0.375 -0.001619870955 1
0 0.175 0.385 -0.001120110946 1
0 0.175 0.395 -0.0007060037656 1
0 0.175 0.405 0 1
0 0.175 0.415 0 2
0 0.175 0.425 0 2
0 0.175 0.435 0 2
0 0.175 0.445 0 2
0 0.175 0.455 0 2
0 0.175 0.465 0 2
0 0.185 -0.455 0 2
0 0.185 -0.445 0 2
0 0.185 -0.435 0 2
0 0.185 -0.425 0 2
0 0.185 -0.415 0 2
0 0.185 -0.405 0 2
0 0.185 -0.395 0.000840443004 2
0 0.185 -0.385 0.001394178649 2
0 0.185 -0.375 0.002020644523 2
0 0.185 -0.365 0.002582649152 2
0 0.185 -0.355 0.003115261693 2
0 0.185 -0.345 0.003602722166 2
0 0.185 -0.335 0.00406271593 2
0 0.185 -0.325 0.004521623622 2
0 0.185 -0.315 0.004972462002 2
0 0.185 -0.305 0.00541457127 2
0 0.185 -0.295 0.005843734907 2
0 0.185 -0.285 0.006236931157 2
0 0.185 -0.275 0.006587473067 2
0 0.185 -0.265 0.006891400005 2
0 0.185 -0.255 0.007144054057 2
0 0.185 -0.245 0.007343388698 2
0 0.185 -0.235 0.007487326502 2
0 0.185 -0.225 0.0075745728 2
0 0.185 -0.215 0.007604211803 2
0 0.185 -0.205 0.007576334632 2
0 0.185 -0.195 0.007491088475 2
0 0.185 -0.185 0.007352611103 2
0 0.185 -0.175 0.007156631235 2
0 0.185 -0.165 0.006935208783 2
0 0.185 -0.155 0.006703576383 1
0 0.185 -0.145 0.006481398793 1
0 0.185 -0.135 0.006249867517 1
0 0.185 -0.125 0.005999370292 1
0 0.185 -0.115 0.005723881352 1
0 0.185 -0.105 0.005426608611 1
0 0.185 -0.095 0.00510777734 1
0 0.185 -0.085 0.004769208348 1
0 0.185 -0.075 0.004412501972 1
0 0.185 -0.065 0.004038255505 1
0 0.185 -0.055 0.003648616915 1
0 0.185 -0.045 0.003241865286 1
0 0.185 -0.035 0.002787242626 1
0 0.185 -0.025 0.002236909835 2
0 0.185 -0.015 0.001602343624 2
0 0.185 -0.005 0.0009226973393 2
0 0.185 0.005 0.0002574257243 2
0 0.185 0.015 -0.0004051177821 2
0 0.185 0.025 -0.001056269804 2
0 0.185 0.035 -0.001694037812 2
0 0.185 0.045 -0.0023149584 2
0 0.185 0.055 -0.002916497901 2
0 0.185 0.065 -0.003496157354 2
0 0.185 0.075 -0.004051652783 2
0 0.185 0.085 -0.004580778154 2
0 0.185 0.095 -0.005081382868 2
0 0.185 0.105 -0.005551327728 2
0 0.185 0.115 -0.005988463548 2
0 0.185 0.125 -0.006390618986 2
0 0.185 0.135 -0.006755600748 2
0 0.185 0.145 -0.007081203144 2
0 0.185 0.155 -0.007365225708 2
0 0.185 0.165 -0.007605497056 2
0 0.185 0.175 -0.007799903356 2
0 0.185 0.185 -0.007946419573 2
0 0.185 0.195 -0.008043141798 2
0 0.185 0.205 -0.008088319103 2
0 0.185 0.215 -0.008080384279 2
0 0.185 0.225 -0.008017982029 2
0 0.185 0.235 -0.007899995557 2
0 0.185 0.245 -0.007725561836 2
0 0.185 0.255 -0.007494094939 2
0 0.185 0.265 -0.007205243821 2
0 0.185 0.275 -0.006859028889 2
0 0.185 0.285 -0.006455403718 2
0 0.185 0.295 -0.00599582688 2
0 0.185 0.305 -0.005478649403 2
0 0.185 0.315 -0.004915441316 2
0 0.185 0.325 -0.004282141831 2
0 0.185 0.335 -0.003676498722 2
0 0.185 0.345 -0.003107713432 1
0 0.185 0.355 -0.002625439284 1
0 0.185 0.365 -0.002166365551 1
0 0.185 0.375 -0.001684326601 1
0 0.185 0.385 -0.001163617163 1
0 0.185 0.395 -0.0007335412319 1
0 0.185 0.405 0 1
0 0.185 0.415 0 2
0 0.185 0.425 0 2
0 0.185 0.435 0 2
0 0.185 0.445 0 2
0 0.185 0.455 0 2
0 0.185 0.465 0 2
0 0.195 -0.455 0 2
0 0.195 -0.445 0 2
0 0.195 -0.435 0 2
0 0.195 -0.425 0 2
0 0.195 -0.415 0 2
0 0.195 -0.405 0 2
0 0.195 -0.395 0.0008582621762 2
0 0.195 -0.385 0.001430146831 2
0 0.195 -0.375 0.002079364488 2
0 0.195 -0.365 0.002674155712 2
0 0.195 -0.355 0.003253999692 2
0 0.195 -0.345 0.003801491217 2
0 0.195 -0.335 0.004320335985 2
0 0.195 -0.325 0.004821545863 2
0 0.195 -0.315 0.005299458835 2
0 0.195 -0.305 0.005754427192 2
0 0.195 -0.295 0.006184045267 2
0 0.195 -0.285 0.006575961967 2
0 0.195 -0.275 0.006929005968 2
0 0.195 -0.265 0.007236178858 2
0 0.195 -0.255 0.00749298791 2
0 0.195 -0.245 0.007696258431 2
0 0.195 -0.235 0.007843467789 2
0 0.195 -0.225 0.007932956447 2
0 0.195 -0.215 0.007963698696 2
0 0.195 -0.205 0.00793569845 2
0 0.195 -0.195 0.007849439774 2
0 0.195 -0.185 0.007707977931 2
0 0.195 -0.175 0.007512663402 2
0 0.195 -0.165 0.007273239253 2
0 0.195 -0.155 0.007014451937 2
0 0.195 -0.145 0.006743668964 1
0 0.195 -0.135 0.006495719833 1
0 0.195 -0.125 0.006236739628 1
0 0.195 -0.115 0.005947214969 1
0 0.195 -0.105 0.00563379025 1
0 0.195 -0.095 0.005297738281 1
0 0.195 -0.085 0.00494161784 1
0 0.195 -0.075 0.004566939635 1
0 0.195 -0.065 0.004174882093 1
0 0.195 -0.055 0.003761873899 1
0 0.195 -0.045 0.003347476254 1
0 0.195 -0.035 0.00288667152 1
0 0.195 -0.025 0.002331518775 2
0 0.195 -0.015 0.001688176617 2
0 0.195 -0.005 0.0009719847343 2
0 0.195 0.005 0.00027363192 2
0 0.195 0.015 -0.0004231677127 2
0 0.195 0.025 -0.001106591226 2
0 0.195 0.035 -0.001775263997 2
0 0.195 0.045 -0.002425638065 2
0 0.195 0.055 -0.003055310822 2
0 0.195 0.065 -0.003661837232 2
0 0.195 0.075 -0.004242981477 2
0 0.195 0.085 -0.004796558406 2
0 0.195 0.095 -0.005320410274 2
0 0.195 0.105 -0.005812356652 2
0 0.195 0.115 -0.006270171611 2
0 0.195 0.125 -0.006691572613 2
0 0.195 0.135 -0.007074224217 2
0 0.195 0.145 -0.007415753031 2
0 0.195 0.155 -0.007713772844 2
0 0.195 0.165 -0.007965918555 2
0 0.195 0.175 -0.00816988745 2
0 0.195 0.185 -0.008323485298 2
0 0.195 0.195 -0.008424673633 2
0 0.195 0.205 -0.008471613922 2
0 0.195 0.215 -0.008462705032 2
0 0.195 0.225 -0.008396610836 2
0 0.195 0.235 -0.008272278887 2
0 0.195 0.245 -0.008088943247 2
0 0.195 0.255 -0.007846133046 2
0 0.195 0.265 -0.007543620887 2
0 0.195 0.275 -0.007181535909 2
0 0.195 0.285 -0.006759945961 2
0 0.195 0.295 -0.006280228935 2
0 0.195 0.305 -0.005740808016 2
0 0.195 0.315 -0.005151761033 2
0 0.195 0.325 -0.004488123652 2
0 0.195 0.335 -0.003847677431 2
0 0.195 0.345 -0.003249313764 1
0 0.195 0.355 -0.002741228068 1
0 0.195 0.365 -0.002257515304 1
0 0.195 0.375 -0.001758465945 1
0 0.195 0.385 -0.001215758869 1
0 0.195 0.395 -0.0007652873251 1
0 0.195 0.405 0 1
0 0.195 0.415 0 2
0 0.195 0.425 0 2
0 0.195 0.435 0 2
0 0.195 0.445 0 2
0 0.195 0.455 0 2
0 0.195 0.465 0 2
0 0.205 -0.455 0 2
0 0.205 -0.445 0 2
0 0.205 -0.435 0 2
0 0.205 -0.425 0 2
0 0.205 -0.415 0 2
0 0.205 -0.405 0 2
0 0.205 -0.395 0.0008624431865 2
0 0.205 -0.385 0.001447149059 2
0 0.205 -0.375 0.002116415798 2
0 0.205 -0.365 0.002744953393 2
0 0.205 -0.355 0.003363952299 2
0 0.205 -0.345 0.003958063078 2
0 0.205 -0.335 0.00452627766 2
0 0.205 -0.325 0.005063968261 2
0 0.205 -0.315 0.005569908854 2
0 0.205 -0.305 0.006042332373 2
0 0.205 -0.295 0.006480079485 2
0 0.205 -0.285 0.006881105846 2
0 0.205 -0.275 0.00724072895 2
0 0.205 -0.265 0.007553752747 2
0 0.205 -0.255 0.007816138094 2
0 0.205 -0.245 0.008024472913 2
0 0.205 -0.235 0.008176159044 2
0 0.205 -0.225 0.008269426593 2
0 0.205 -0.215 0.008303288403 2
0 0.205 -0.205 0.008277761291 2
0 0.205 -0.195 0.008193651913 2
0 0.205 -0.185 0.008052826383 2
0 0.205 -0.175 0.007858555396 2
0 0.205 -0.165 0.007604263832 2
0 0.205 -0.155 0.007315081312 2
0 0.205 -0.145 0.007014303343 1
0 0.205 -0.135 0.006740914631 1
0 0.205 -0.125 0.006461493523 1
0 0.205 -0.115 0.00615725578 1
0 0.205 -0.105 0.005827534615 1
0 0.205 -0.095 0.005473021377 1
0 0.205 -0.085 0.005097876815 1
0 0.205 -0.075 0.00470435063 1
0 0.205 -0.065 0.004294463142 1
0 0.205 -0.055 0.003863750213 1
0 0.205 -0.045 0.003437633545 1
0 0.205 -0.035 0.002960969675 1
0 0.205 -0.025 0.002388788735 2
0 0.205 -0.015 0.001729856352 2
0 0.205 -0.005 0.0009886715557 2
0 0.205 0.005 0.0002652172264 2
0 0.205 0.015 -0.0004575707429 2
0 0.205 0.025 -0.001166410043 2
0 0.205 0.035 -0.001860112631 2
0 0.205 0.045 -0.002534937649 2
0 0.205 0.055 -0.003188408416 2
0 0.205 0.065 -0.003818012108 2
0 0.205 0.075 -0.004421477652 2
0 0.205 0.085 -0.004996589009 2
0 0.205 0.095 -0.005541144498 2
0 0.205 0.105 -0.006052893423 2
0 0.205 0.115 -0.006529508596 2
0 0.205 0.125 -0.006968575762 2
0 0.205 0.135 -0.007367600771 2
0 0.205 0.145 -0.007724029579 2
0 0.205 0.155 -0.008035280276 2
0 0.205 0.165 -0.008298786819 2
0 0.205 0.175 -0.008512053757 2
0 0.205 0.185 -0.008672718852 2
0 0.205 0.195 -0.008778617621 2
0 0.205 0.205 -0.008827841883 2
0 0.205 0.215 -0.008818785308 2
0 0.205 0.225 -0.008750171417 2
0 0.205 0.235 -0.008621065741 2
0 0.205 0.245 -0.008430869342 2
0 0.205 0.255 -0.008179316082 2
0 0.205 0.265 -0.007866419913 2
0 0.205 0.275 -0.00749255877 2
0 0.205 0.285 -0.007058115008 2
0 0.205 0.295 -0.006564508676 2
0 0.205 0.305 -0.006010715717 2
0 0.205 0.315 -0.005404132641 2
0 0.205 0.325 -0.004722977861 2
0 0.205 0.335 -0.004043219629 2
0 0.205 0.345 -0.003407683513 1
0 0.205 0.355 -0.0028657237 1
0 0.205 0.365 -0.002353237273 1
0 0.205 0.375 -0.001844436847 1
0 0.205 0.385 -0.001285315479 1
0 0.205 0.395 -0.0008081394682 1
0 0.205 0.405 0 1
0 0.205 0.415 0 2
0 0.205 0.425 0 2
0 0.205 0.435 0 2
0 0.205 0.445 0 2
0 0.205 0.455 0 2
0 0.205 0.465 0 2
0 0.215 -0.455 0 2
0 0.215 -0.445 0 2
0 0.215 -0.435 0 2
0 0.215 -0.425 0 2
0 0.215 -0.415 0 2
0 0.215 -0.405 0 2
0 0.215 -0.395 0.0008381578358 2
0 0.215 -0.385 0.001422033039 2
0 0.215 -0.375 0.002109844451 2
0 0.215 -0.365 0.002773770866 2
0 0.215 -0.355 0.003431096348 2
0 0.215 -0.345 0.004063699862 2
0 0.215 -0.335 0.004669574059 2
0 0.215 -0.325 0.00524161681 2
0 0.215 -0.315 0.005777298074 2
0 0.215 -0.305 0.006274370112 2
0 0.215 -0.295 0.00673153375 2
0 0.215 -0.285 0.007146862416 2
0 0.215 -0.275 0.007517222812 2
0 0.215 -0.265 0.007839029941 2
0 0.215 -0.255 0.008108911547 2
0 0.215 -0.245 0.008323822067 2
0 0.215 -0.235 0.008481370311 2
0 0.215 -0.225 0.008579888471 2
0 0.215 -0.215 0.00861854187 2
0 0.215 -0.205 0.008597492277 2
0 0.215 -0.195 0.008517953664 2
0 0.215 -0.185 0.008381648568 2
0 0.215 -0.175 0.008191992426 2
0 0.215 -0.165 0.007945581705 2
0 0.215 -0.155 0.007649809299 2
0 0.215 -0.145 0.007318530997 2
0 0.215 -0.135 0.006975384671 1
0 0.215 -0.125 0.006667711789 1
0 0.215 -0.115 0.006352482338 1
0 0.215 -0.105 0.006011016866 1
0 0.215 -0.095 0.00563313319 1
0 0.215 -0.085 0.005234145093 1
0 0.215 -0.075 0.004824715358 1
0 0.215 -0.065 0.004393286387 1
0 0.215 -0.055 0.003940972496 1
0 0.215 -0.045 0.003495437022 1
0 0.215 -0.035 0.003004712165 1
0 0.215 -0.025 0.002415028778 2
0 0.215 -0.015 0.001731417464 2
0 0.215 -0.005 0.0009719020878 2
0 0.215 0.005 0.0002317737059 2
0 0.215 0.015 -0.0005077875829 2
0 0.215 0.025 -0.001234674638 2
0 0.215 0.035 -0.001947235917 2
0 0.215 0.045 -0.002641345418 2
0 0.215 0.055 -0.003314170725 2
0 0.215 0.065 -0.003962985374 2
0 0.215 0.075 -0.004585393715 2
0 0.215 0.085 -0.005179095928 2
0 0.215 0.095 -0.005741806427 2
0 0.215 0.105 -0.006271169681 2
0 0.215 0.115 -0.006764726925 2
0 0.215 0.125 -0.007219907483 2
0 0.215 0.135 -0.007634039906 2
0 0.215 0.145 -0.008004375714 2
0 0.215 0.155 -0.008328126096 2
0 0.215 0.165 -0.008602513657 2
0 0.215 0.175 -0.008824840724 2
0 0.215 0.185 -0.008992571113 2
0 0.215 0.195 -0.009103416265 2
0 0.215 0.205 -0.009155412348 2
0 0.215 0.215 -0.009146976182 2
0 0.215 0.225 -0.009076933766 2
0 0.215 0.235 -0.008944525133 2
0 0.215 0.245 -0.008749389072 2
0 0.215 0.255 -0.008491551997 2
0 0.215 0.265 -0.008171384671 2
0 0.215 0.275 -0.007789670688 2
0 0.215 0.285 -0.007347370272 2
0 0.215 0.295 -0.006846360303 2
0 0.215 0.305 -0.006287384088 2
0 0.215 0.315 -0.005676326611 2
0 0.215 0.325 -0.005009329241 2
0 0.215 0.335 -0.004308663757 2
0 0.215 0.345 -0.003632168428 2
0 0.215 0.355 -0.002991365777 1
0 0.215 0.365 -0.002451546352 1
0 0.215 0.375 -0.00193688823 1
0 0.215 0.385 -0.001380895536 1
0 0.215 0.395 -0.0008966129533 1
0 0.215 0.405 0 2
0 0.215 0.415 0 2
0 0.215 0.425 0 2
0 0.215 0.435 0 2
0 0.215 0.445 0 2
0 0.215 0.455 0 2
0 0.215 0.465 0 2
0 0.225 -0.455 0 2
0 0.225 -0.445 0 2
0 0.225 -0.435 0 2
0 0.225 -0.425 0 1
0 0.225 -0.415 0 1
0 0.225 -0.405 0 1
0 0.225 -0.395 0.0007254735644 1
0 0.225 -0.385 0.001310548327 2
0 0.225 -0.375 0.002033837959 2
0 0.225 -0.365 0.002747144876 2
0 0.225 -0.355 0.003453496914 2
0 0.225 -0.345 0.004124409075 2
0 0.225 -0.335 0.004766808572 2
0 0.225 -0.325 0.005372403399 2
0 0.225 -0.315 0.005938196676 2
0 0.225 -0.305 0.006461299601 2
0 0.225 -0.295 0.006939893966 2
0 0.225 -0.285 0.007372199084 2
0 0.225 -0.275 0.007755999543 2
0 0.225 -0.265 0.008088719613 2
0 0.225 -0.255 0.008367695411 2
0 0.225 -0.245 0.008590480315 2
0 0.225 -0.235 0.008755033427 2
0 0.225 -0.225 0.008859887503 2
0 0.225 -0.215 0.008904361894 2
0 0.225 -0.205 0.00888878564 2
0 0.225 -0.195 0.008814738229 2
0 0.225 -0.185 0.008684509569 2
0 0.225 -0.175 0.008501552933 2
0 0.225 -0.165 0.008268045575 2
0 0.225 -0.155 0.007983634564 2
0 0.225 -0.145 0.00764597388 2
0 0.225 -0.135 0.007275408481 2
0 0.225 -0.125 0.006894142352 1
0 0.225 -0.115 0.006545886092 1
0 0.225 -0.105 0.006188089829 1
0 0.225 -0.095 0.005788919034 1
0 0.225 -0.085 0.005359276683 1
0 0.225 -0.075 0.004918814016 1
0 0.225 -0.065 0.004453886766 1
0 0.225 -0.055 0.003990998659 1
0 0.225 -0.045 0.00353050303 1
0 0.225 -0.035 0.003016283147 1
0 0.225 -0.025 0.002394373024 2
0 0.225 -0.015 0.001684255009 2
0 0.225 -0.005 0.0009242055529 2
0 0.225 0.005 0.0001780322724 2
0 0.225 0.015 -0.0005692255127 2
0 0.225 0.025 -0.001307402513 2
0 0.225 0.035 -0.002033265108 2
0 0.225 0.045 -0.002741950888 2
0 0.225 0.055 -0.003430005875 2
0 0.225 0.065 -0.004094392368 2
0 0.225 0.075 -0.00473254529 2
0 0.225 0.085 -0.005342053231 2
0 0.225 0.095 -0.005920514584 2
0 0.225 0.105 -0.006465432351 2
0 0.225 0.115 -0.006974181667 2
0 0.225 0.125 -0.007444008924 2
0 0.225 0.135 -0.007872048457 2
0 0.225 0.145 -0.00825534721 2
0 0.225 0.155 -0.008590901114 2
0 0.225 0.165 -0.008875710481 2
0 0.225 0.175 -0.009106861052 2
0 0.225 0.185 -0.009281628867 2
0 0.225 0.195 -0.00939759554 2
0 0.225 0.205 -0.009452751154 2
0 0.225 0.215 -0.009445563455 2
0 0.225 0.225 -0.009375004719 2
0 0.225 0.235 -0.009240544011 2
0 0.225 0.245 -0.009042118489 2
0 0.225 0.255 -0.008780112016 2
0 0.225 0.265 -0.008455324153 2
0 0.225 0.275 -0.008069028201 2
0 0.225 0.285 -0.007622862701 2
0 0.225 0.295 -0.007119268148 2
0 0.225 0.305 -0.006560636831 2
0 0.225 0.315 -0.00595110397 2
0 0.225 0.325 -0.005295917794 2
0 0.225 0.335 -0.004581422706 2
0 0.225 0.345 -0.003871833739 2
0 0.225 0.355 -0.003191467894 1
0 0.225 0.365 -0.002601430886 1
0 0.225 0.375 -0.00204292058 1
0 0.225 0.385 -0.001458866513 1
0 0.225 0.395 -0.000938844361 1
0 0.225 0.405 0 2
0 0.225 0.415 0 2
0 0.225 0.425 0 2
0 0.225 0.435 0 2
0 0.225 0.445 0 2
0 0.225 0.455 0 2
0 0.225 0.465 0 2
0 0.235 -0.455 0 2
0 0.235 -0.445 0 2
0 0.235 -0.435 0 1
0 0.235 -0.425 0 1
0 0.235 -0.415 0 1
0 0.235 -0.405 0 1
0 0.235 -0.395 0.0007020903096 1
0 0.235 -0.385 0.001209825928 1
0 0.235 -0.375 0.001925419021 2
0 0.235 -0.365 0.002672925318 2
0 0.235 -0.355 0.003435984002 2
0 0.235 -0.345 0.004147249605 2
0 0.235 -0.335 0.004825900907 2
0 0.235 -0.325 0.005464467666 2
0 0.235 -0.315 0.006059407844 2
0 0.235 -0.305 0.006608043188 2
0 0.235 -0.295 0.007108232889 2
0 0.235 -0.285 0.007558320844 2
0 0.235 -0.275 0.007956538721 2
0 0.235 -0.265 0.00830101738 2
0 0.235 -0.255 0.008589823094 2
0 0.235 -0.245 0.008821105533 2
0 0.235 -0.235 0.008993213536 2
0 0.235 -0.225 0.009104884781 2
0 0.235 -0.215 0.009155494816 2
0 0.235 -0.205 0.009145437839 2
0 0.235 -0.195 0.00907654683 2
0 0.235 -0.185 0.008951882567 2
0 0.235 -0.175 0.008775569686 2
0 0.235 -0.165 0.008551912611 2
0 0.235 -0.155 0.008282774397 2
0 0.235 -0.145 0.007967199848 2
0 0.235 -0.135 0.007615934567 2
0 0.235 -0.125 0.007232337847 2
0 0.235 -0.115 0.0068119721 2
0 0.235 -0.105 0.006394578731 2
0 0.235 -0.095 0.005970758162 1
0 0.235 -0.085 0.00551658987 2
0 0.235 -0.075 0.005003445797 2
0 0.235 -0.065 0.004476680132 1
0 0.235 -0.055 0.004021009334 1
0 0.235 -0.045 0.003549071602 1
0 0.235 -0.035 0.002958766657 2
0 0.235 -0.025 0.002293259498 2
0 0.235 -0.015 0.001585671019 2
0 0.235 -0.005 0.000855837698 2
0 0.235 0.005 0.0001149141394 2
0 0.235 0.015 -0.0006331604143 2
0 0.235 0.025 -0.001377869474 2
0 0.235 0.035 -0.002112995816 2
0 0.235 0.045 -0.002832576864 2
0 0.235 0.055 -0.003532436975 2
0 0.235 0.065 -0.004209263691 2
0 0.235 0.075 -0.004860369855 2
0 0.235 0.085 -0.005483248136 2
0 0.235 0.095 -0.006075359809 2
0 0.235 0.105 -0.006634024938 2
0 0.235 0.115 -0.00715641227 2
0 0.235 0.125 -0.007639559072 2
0 0.235 0.135 -0.008080395751 2
0 0.235 0.145 -0.008475765252 2
0 0.235 0.155 -0.008822449464 2
0 0.235 0.165 -0.0091172195 2
0 0.235 0.175 -0.009356926577 2
0 0.235 0.185 -0.00953863587 2
0 0.235 0.195 -0.009659784038 2
0 0.235 0.205 -0.009718320452 2
0 0.235 0.215 -0.009712793216 2
0 0.235 0.225 -0.009642367785 2
0 0.235 0.235 -0.009506794072 2
0 0.235 0.245 -0.009306352917 2
0 0.235 0.255 -0.009041817608 2
0 0.235 0.265 -0.008714432548 2
0 0.235 0.275 -0.008325966699 2
0 0.235 0.285 -0.007878724827 2
0 0.235 0.295 -0.007375780228 2
0 0.235 0.305 -0.006821076259 2
0 0.235 0.315 -0.006218888994 2
0 0.235 0.325 -0.005579518404 2
0 0.235 0.335 -0.004894112622 2
0 0.235 0.345 -0.004208642913 2
0 0.235 0.355 -0.003530383744 2
0 0.235 0.365 -0.002854462563 2
0 0.235 0.375 -0.002205608495 2
0 0.235 0.385 -0.00153165178 2
0 0.235 0.395 -0.0009355216171 2
0 0.235 0.405 0 2
0 0.235 0.415 0 2
0 0.235 0.425 0 2
0 0.235 0.435 0 2
0 0.235 0.445 0 2
0 0.235 0.455 0 2
0 0.235 0.465 0 2
0 0.245 -0.455 0 2
0 0.245 -0.445 0 2
0 0.245 -0.435 0 1
0 0.245 -0.425 0 1
0 0.245 -0.415 0 1
0 0.245 -0.405 0 1
0 0.245 -0.395 0.0006894985654 1
0 0.245 -0.385 0.001174486508 1
0 0.245 -0.375 0.001869622685 2
0 0.245 -0.365 0.002610029359 2
0 0.245 -0.355 0.003394726211 2
0 0.245 -0.345 0.004145674719 2
0 0.245 -0.335 0.004857089098 2
0 0.245 -0.325 0.005526626978 2
0 0.245 -0.315 0.006148445217 2
0 0.245 -0.305 0.00672059738 2
0 0.245 -0.295 0.007240771408 2
0 0.245 -0.285 0.007707522483 2
0 0.245 -0.275 0.008119430676 2
0 0.245 -0.265 0.008475179953 2
0 0.245 -0.255 0.008773440201 2
0 0.245 -0.245 0.009012977751 2
0 0.245 -0.235 0.00919253606 2
0 0.245 -0.225 0.009310975801 2
0 0.245 -0.215 0.009367484692 2
0 0.245 -0.205 0.009362200159 2
0 0.245 -0.195 0.009296935159 2
0 0.245 -0.185 0.009175298282 2
0 0.245 -0.175 0.00900238301 2
0 0.245 -0.165 0.008783427214 2
0 0.245 -0.155 0.008522728797 2
0 0.245 -0.145 0.008220434852 2
0 0.245 -0.135 0.00787916873 2
0 0.245 -0.125 0.007496306324 2
0 0.245 -0.115 0.007069243646 2
0 0.245 -0.105 0.006630973479 2
0 0.245 -0.095 0.006167112243 2
0 0.245 -0.085 0.005667948941 2
0 0.245 -0.075 0.005160594715 2
0 0.245 -0.065 0.004622680071 2
0 0.245 -0.055 0.004068105644 2
0 0.245 -0.045 0.003481624673 2
0 0.245 -0.035 0.00285492675 2
0 0.245 -0.025 0.002201318085 2
0 0.245 -0.015 0.001513458685 2
0 0.245 -0.005 0.0007999024781 2
0 0.245 0.005 6.235835746e-05 2
0 0.245 0.015 -0.0006871866097 2
0 0.245 0.025 -0.001437498899 2
0 0.245 0.035 -0.00218006465 2
0 0.245 0.045 -0.002908190591 2
0 0.245 0.055 -0.003617331122 2
0 0.245 0.065 -0.004304165809 2
0 0.245 0.075 -0.004966046122 2
0 0.245 0.085 -0.005600408678 2
0 0.245 0.095 -0.006204545023 2
0 0.245 0.105 -0.006775531889 2
0 0.245 0.115 -0.007310280733 2
0 0.245 0.125 -0.007805597423 2
0 0.245 0.135 -0.008258215 2
0 0.245 0.145 -0.008664794799 2
0 0.245 0.155 -0.009021926218 2
0 0.245 0.165 -0.009326155853 2
0 0.245 0.175 -0.009574080946 2
0 0.245 0.185 -0.00976252032 2
0 0.245 0.195 -0.009888737481 2
0 0.245 0.205 -0.00995064327 2
0 0.245 0.215 -0.009946903306 2
0 0.245 0.225 -0.009876933943 2
0 0.245 0.235 -0.00974081967 2
0 0.245 0.245 -0.009539214694 2
0 0.245 0.255 -0.009273275579 2
0 0.245 0.265 -0.008944641489 2
0 0.245 0.275 -0.008555480745 2
0 0.245 0.285 -0.008108569939 2
0 0.245 0.295 -0.007607384732 2
0 0.245 0.305 -0.007056515965 2
0 0.245 0.315 -0.00646054563 2
0 0.245 0.325 -0.005827933872 2
0 0.245 0.335 -0.005162021562 2
0 0.245 0.345 -0.004479079506 2
0 0.245 0.355 -0.003781799658 2
0 0.245 0.365 -0.003068694849 2
0 0.245 0.375 -0.002363242233 2
0 0.245 0.385 -0.00162198579 2
0 0.245 0.395 -0.000976234162 2
0 0.245 0.405 0 2
0 0.245 0.415 0 2
0 0.245 0.425 0 2
0 0.245 0.435 0 2
0 0.245 0.445 0 2
0 0.245 0.455 0 2
0 0.245 0.465 0 2
0 0.255 -0.455 0 2
0 0.255 -0.445 0 2
0 0.255 -0.435 0 1
0 0.255 -0.425 0 1
0 0.255 -0.415 0 1
0 0.255 -0.405 0 1
0 0.255 -0.395 0.0007093142079 1
0 0.255 -0.385 0.001190850447 1
0 0.255 -0.375 0.00180461959 1
0 0.255 -0.365 0.002525496576 2
0 0.255 -0.355 0.003324316972 2
0 0.255 -0.345 0.004128012699 2
0 0.255 -0.335 0.004869696452 2
0 0.255 -0.325 0.005567053456 2
0 0.255 -0.315 0.006212061717 2
0 0.255 -0.305 0.00680430259 2
0 0.255 -0.295 0.007341463196 2
0 0.255 -0.285 0.007822380751 2
0 0.255 -0.275 0.008245913547 2
0 0.255 -0.265 0.008611165294 2
0 0.255 -0.255 0.00891727784 2
0 0.255 -0.245 0.009163639298 2
0 0.255 -0.235 0.009349342872 2
0 0.255 -0.225 0.009473329589 2
0 0.255 -0.215 0.00953463068 2
0 0.255 -0.205 0.009533107448 2
0 0.255 -0.195 0.009470246284 2
0 0.255 -0.185 0.009349582836 2
0 0.255 -0.175 0.009176485331 2
0 0.255 -0.165 0.00895681431 2
0 0.255 -0.155 0.008695507539 2
0 0.255 -0.145 0.008394273289 2
0 0.255 -0.135 0.008050057199 2
0 0.255 -0.125 0.007663149398 2
0 0.255 -0.115 0.007240229257 2
0 0.255 -0.105 0.006793711265 2
0 0.255 -0.095 0.006311626461 2
0 0.255 -0.085 0.005804713823 2
0 0.255 -0.075 0.005293115856 2
0 0.255 -0.065 0.004742581166 2
0 0.255 -0.055 0.004136756808 2
0 0.255 -0.045 0.003500864106 2
0 0.255 -0.035 0.002855199306 2
0 0.255 -0.025 0.002191508309 2
0 0.255 -0.015 0.001500082271 2
0 0.255 -0.005 0.0007795219287 2
0 0.255 0.005 3.585205148e-05 2
0 0.255 0.015 -0.0007201757746 2
0 0.255 0.025 -0.001477788513 2
0 0.255 0.035 -0.002227711029 2
0 0.255 0.045 -0.002963278752 2
0 0.255 0.055 -0.003680160065 2
0 0.255 0.065 -0.004375422589 2
0 0.255 0.075 -0.005046705327 2
0 0.255 0.085 -0.005691419684 2
0 0.255 0.095 -0.006306608519 2
0 0.255 0.105 -0.006888998961 2
0 0.255 0.115 -0.007435175998 2
0 0.255 0.125 -0.007941705259 2
0 0.255 0.135 -0.008405158717 2
0 0.255 0.145 -0.008822071969 2
0 0.255 0.155 -0.009188895032 2
0 0.255 0.165 -0.009501975868 2
0 0.255 0.175 -0.009757641023 2
0 0.255 0.185 -0.009952412402 2
0 0.255 0.195 -0.01008333664 2
0 0.255 0.205 -0.01014829144 2
0 0.255 0.215 -0.01014611798 2
0 0.255 0.225 -0.01007656505 2
0 0.255 0.235 -0.009940113489 2
0 0.255 0.245 -0.009737806601 2
0 0.255 0.255 -0.009471143636 2
0 0.255 0.265 -0.009142059165 2
0 0.255 0.275 -0.008752967785 2
0 0.255 0.285 -0.008306868508 2
0 0.255 0.295 -0.007807380336 2
0 0.255 0.305 -0.00725908243 2
0 0.255 0.315 -0.006666829618 2
0 0.255 0.325 -0.006037176804 2
0 0.255 0.335 -0.005376929845 2
0 0.255 0.345 -0.004688649812 2
0 0.255 0.355 -0.003975561369 2
0 0.255 0.365 -0.003236902349 2
0 0.255 0.375 -0.002493802262 2
0 0.255 0.385 -0.001703922899 2
0 0.255 0.395 -0.001018893635 2
0 0.255 0.405 0 2
0 0.255 0.415 0 2
0 0.255 0.425 0 2
0 0.255 0.435 0 2
0 0.255 0.445 0 2
0 0.255 0.455 0 2
0 0.255 0.465 0 2
0 0.265 -0.455 0 2
0 0.265 -0.445 0 2
0 0.265 -0.435 0 1
0 0.265 -0.425 0 1
0 0.265 -0.415 0 1
0 0.265 -0.405 0 1
0 0.265 -0.395 0.0007158886003 1
0 0.265 -0.385 0.00118735857 1
0 0.265 -0.375 0.001790989219 1
0 0.265 -0.365 0.002497922003 2
0 0.265 -0.355 0.003287452962 2
0 0.265 -0.345 0.004116672128 2
0 0.265 -0.335 0.004877135054 2
0 0.265 -0.325 0.005594538296 2
0 0.265 -0.315 0.006256826854 2
0 0.265 -0.305 0.006864235749 2
0 0.265 -0.295 0.007414176946 2
0 0.265 -0.285 0.007905640126 2
0 0.265 -0.275 0.008337642792 2
0 0.265 -0.265 0.008709552001 2
0 0.265 -0.255 0.009020880666 2
0 0.265 -0.245 0.00927149406 2
0 0.265 -0.235 0.009460808388 2
0 0.265 -0.225 0.009590478462 2
0 0.265 -0.215 0.009656585321 2
0 0.265 -0.205 0.009657368777 2
0 0.265 -0.195 0.009595402233 2
0 0.265 -0.185 0.009473539952 2
0 0.265 -0.175 0.009295718945 2
0 0.265 -0.165 0.009070566491 2
0 0.265 -0.155 0.008802709642 2
0 0.265 -0.145 0.008490579417 2
0 0.265 -0.135 0.008134403926 2
0 0.265 -0.125 0.007736464801 2
0 0.265 -0.115 0.007291612812 2
0 0.265 -0.105 0.006824279686 2
0 0.265 -0.095 0.006348055512 2
0 0.265 -0.085 0.005865851874 2
0 0.265 -0.075 0.005374050733 2
0 0.265 -0.065 0.004847213243 2
0 0.265 -0.055 0.004260186303 2
0 0.265 -0.045 0.003620919196 2
0 0.265 -0.035 0.002951786649 2
0 0.265 -0.025 0.002254120731 2
0 0.265 -0.015 0.001538300403 2
0 0.265 -0.005 0.0007987716854 2
0 0.265 0.005 4.089510923e-05 2
0 0.265 0.015 -0.0007261031547 2
0 0.265 0.025 -0.001492669214 2
0 0.265 0.035 -0.002249898005 2
0 0.265 0.045 -0.002992100131 2
0 0.265 0.055 -0.00371597879 2
0 0.265 0.065 -0.004419172798 2
0 0.265 0.075 -0.005099618029 2
0 0.265 0.085 -0.00575460598 2
0 0.265 0.095 -0.006380745082 2
0 0.265 0.105 -0.006974245364 2
0 0.265 0.115 -0.007531292792 2
0 0.265 0.125 -0.008048240411 2
0 0.265 0.135 -0.008521580426 2
0 0.265 0.145 -0.008947824353 2
0 0.265 0.155 -0.009323390161 2
0 0.265 0.165 -0.009644500949 2
0 0.265 0.175 -0.009907210426 2
0 0.265 0.185 -0.01010766236 2
0 0.265 0.195 -0.01024260519 2
0 0.265 0.205 -0.01030989371 2
0 0.265 0.215 -0.01030864821 2
0 0.265 0.225 -0.01023908622 2
0 0.265 0.235 -0.01010216846 2
0 0.265 0.245 -0.009899328941 2
0 0.265 0.255 -0.009632330166 2
0 0.265 0.265 -0.009303261381 2
0 0.265 0.275 -0.008914599467 2
0 0.265 0.285 -0.008469313717 2
0 0.265 0.295 -0.007970891117 2
0 0.265 0.305 -0.007423460548 2
0 0.265 0.315 -0.006831552443 2
0 0.265 0.325 -0.006199987249 2
0 0.265 0.335 -0.005533322594 2
0 0.265 0.345 -0.004833834841 2
0 0.265 0.355 -0.004105367221 2
0 0.265 0.365 -0.0033465427 2
0 0.265 0.375 -0.002579418249 2
0 0.265 0.385 -0.001761766306 2
0 0.265 0.395 -0.001051860316 2
0 0.265 0.405 0 2
0 0.265 0.415 0 2
0 0.265 0.425 0 2
0 0.265 0.435 0 2
0 0.265 0.445 0 2
0 0.265 0.455 0 2
0 0.265 0.465 0 2
0 0.275 -0.455 0 2
0 0.275 -0.445 0 2
0 0.275 -0.435 0 1
0 0.275 -0.425 0 1
0 0.275 -0.415 0 1
0 0.275 -0.405 0 1
0 0.275 -0.395 0.0007177968338 1
0 0.275 -0.385 0.001185386984 1
0 0.275 -0.375 0.001787199544 1
0 0.275 -0.365 0.002490315393 2
0 0.275 -0.355 0.003275257166 2
0 0.275 -0.345 0.004114722038 2
0 0.275 -0.335 0.004885296614 2
0 0.275 -0.325 0.005614770693 2
0 0.275 -0.315 0.006287723881 2
0 0.275 -0.305 0.006904557057 2
0 0.275 -0.295 0.007462301963 2
0 0.275 -0.285 0.007959952064 2
0 0.275 -0.275 0.008396538159 2
0 0.275 -0.265 0.008771484927 2
0 0.275 -0.255 0.009084517164 2
0 0.275 -0.245 0.009335405211 2
0 0.275 -0.235 0.009523345756 2
0 0.275 -0.225 0.009652180478 2
0 0.275 -0.215 0.009715947189 2
0 0.275 -0.205 0.009714454932 2
0 0.275 -0.195 0.009654636261 2
0 0.275 -0.185 0.009542443887 2
0 0.275 -0.175 0.009369419944 2
0 0.275 -0.165 0.00913756004 2
0 0.275 -0.155 0.008853168743 2
0 0.275 -0.145 0.008518182942 2
0 0.275 -0.135 0.008133599548 2
0 0.275 -0.125 0.007707725327 2
0 0.275 -0.115 0.007230734729 2
0 0.275 -0.105 0.006743569002 2
0 0.275 -0.095 0.006273499232 1
0 0.275 -0.085 0.005839764205 1
0 0.275 -0.075 0.005394952149 1
0 0.275 -0.065 0.004926731884 1
0 0.275 -0.055 0.004420852879 1
0 0.275 -0.045 0.00379733105 2
0 0.275 -0.035 0.003098296361 2
0 0.275 -0.025 0.002360564336 2
0 0.275 -0.015 0.001607013992 2
0 0.275 -0.005 0.000848029785 2
0 0.275 0.005 7.773499297e-05 2
0 0.275 0.015 -0.0006980282391 2
0 0.275 0.025 -0.001472990212 2
0 0.275 0.035 -0.002238434077 2
0 0.275 0.045 -0.002988359044 2
0 0.275 0.055 -0.003720035476 2
0 0.275 0.065 -0.004431917209 2
0 0.275 0.075 -0.005122663158 2
0 0.275 0.085 -0.005789235785 2
0 0.275 0.095 -0.006427275201 2
0 0.275 0.105 -0.007032256467 2
0 0.275 0.115 -0.007599947561 2
0 0.275 0.125 -0.008126615033 2
0 0.275 0.135 -0.008608830833 2
0 0.275 0.145 -0.00904320886 2
0 0.275 0.155 -0.009426249339 2
0 0.275 0.165 -0.009754151297 2
0 0.275 0.175 -0.01002273373 2
0 0.275 0.185 -0.01022769701 2
0 0.275 0.195 -0.0103654237 2
0 0.275 0.205 -0.01043381344 2
0 0.275 0.215 -0.01043243465 2
0 0.275 0.225 -0.01036214797 2
0 0.275 0.235 -0.01022445801 2
0 0.275 0.245 -0.01002115122 2
0 0.275 0.255 -0.00975413481 2
0 0.275 0.265 -0.009425487461 2
0 0.275 0.275 -0.009037568199 2
0 0.275 0.285 -0.008593129154 2
0 0.275 0.295 -0.008095349107 2
0 0.275 0.305 -0.007547829012 2
0 0.275 0.315 -0.006954474965 2
0 0.275 0.325 -0.006319075805 2
0 0.275 0.335 -0.005645247664 2
0 0.275 0.345 -0.004935348727 2
0 0.275 0.355 -0.004194150703 2
0 0.275 0.365 -0.003420579842 2
0 0.275 0.375 -0.002637154556 2
0 0.275 0.385 -0.001800979924 2
0 0.275 0.395 -0.001074676827 2
0 0.275 0.405 0 2
0 0.275 0.415 0 2
0 0.275 0.425 0 2
0 0.275 0.435 0 2
0 0.275 0.445 0 2
0 0.275 0.455 0 2
0 0.275 0.465 0 2
0 0.285 -0.455 0 2
0 0.285 -0.445 0 2
0 0.285 -0.435 0 1
0 0.285 -0.425 0 1
0 0.285 -0.415 0 1
0 0.285 -0.405 0 1
0 0.285 -0.395 0.0007198077886 1
0 0.285 -0.385 0.00118853077 1
0 0.285 -0.375 0.001791932876 1
0 0.285 -0.365 0.002496462201 2
0 0.285 -0.355 0.003282577487 2
0 0.285 -0.345 0.004123731935 2
0 0.285 -0.335 0.004897686202 2
0 0.285 -0.325 0.005631469353 2
0 0.285 -0.315 0.006308272511 2
0 0.285 -0.305 0.006928418418 2
0 0.285 -0.295 0.007488642272 2
0 0.285 -0.285 0.007987802911 2
0 0.285 -0.275 0.008424794878 2
0 0.285 -0.265 0.008798900277 2
0 0.285 -0.255 0.009109912597 2
0 0.285 -0.245 0.009357003728 2
0 0.285 -0.235 0.009540857673 2
0 0.285 -0.225 0.009658325174 2
0 0.285 -0.215 0.009704008421 2
0 0.285 -0.205 0.009680864819 1
0 0.285 -0.195 0.009621139321 1
0 0.285 -0.185 0.009526678006 1
0 0.285 -0.175 0.00938351545 1
0 0.285 -0.165 0.009165447472 2
0 0.285 -0.155 0.00886041133 2
0 0.285 -0.145 0.008488290186 2
0 0.285 -0.135 0.008057392386 2
0 0.285 -0.125 0.007593310048 2
0 0.285 -0.115 0.00712373838 1
0 0.285 -0.105 0.00670935361 1
0 0.285 -0.095 0.006284817492 1
0 0.285 -0.085 0.005833533988 1
0 0.285 -0.075 0.005372557606 1
0 0.285 -0.065 0.00489408419 1
0 0.285 -0.055 0.004404018009 1
0 0.285 -0.045 0.003860374618 1
0 0.285 -0.035 0.003202548182 2
0 0.285 -0.025 0.002454777591 2
0 0.285 -0.015 0.001670022503 2
0 0.285 -0.005 0.0009094289904 2
0 0.285 0.005 0.0001422552005 2
0 0.285 0.015 -0.0006352530645 2
0 0.285 0.025 -0.001413021702 2
0 0.285 0.035 -0.00218211248 2
0 0.285 0.045 -0.002943130793 2
0 0.285 0.055 -0.003686023358 2
0 0.285 0.065 -0.004410095182 2
0 0.285 0.075 -0.005114873842 2
0 0.285 0.085 -0.005796299699 2
0 0.285 0.095 -0.00644827508 2
0 0.285 0.105 -0.007065649798 2
0 0.285 0.115 -0.007643954511 2
0 0.285 0.125 -0.008179674739 2
0 0.285 0.135 -0.008669579266 2
0 0.285 0.145 -0.009110355839 2
0 0.285 0.155 -0.009498813505 2
0 0.285 0.165 -0.00983154046 2
0 0.285 0.175 -0.0101043545 2
0 0.285 0.185 -0.01031227176 2
0 0.285 0.195 -0.01045094393 2
0 0.285 0.205 -0.01051845466 2
0 0.285 0.215 -0.01051522733 2
0 0.285 0.225 -0.01044317708 2
0 0.285 0.235 -0.01030440074 2
0 0.285 0.245 -0.01010085702 2
0 0.285 0.255 -0.009834331993 2
0 0.285 0.265 -0.00950670842 2
0 0.285 0.275 -0.009120071657 2
0 0.285 0.285 -0.008676838779 2
0 0.285 0.295 -0.008179800763 2
0 0.285 0.305 -0.007632068799 2
0 0.285 0.315 -0.00703698161 2
0 0.285 0.325 -0.006397825246 2
0 0.285 0.335 -0.005718023905 2
0 0.285 0.345 -0.005000223419 2
0 0.285 0.355 -0.004249862618 2
0 0.285 0.365 -0.003466296987 2
0 0.285 0.375 -0.002672468065 2
0 0.285 0.385 -0.001824946947 2
0 0.285 0.395 -0.001088799318 2
0 0.285 0.405 0 2
0 0.285 0.415 0 2
0 0.285 0.425 0 2
0 0.285 0.435 0 2
0 0.285 0.445 0 2
0 0.285 0.455 0 2
0 0.285 0.465 0 2
0 0.295 -0.455 0 2
0 0.295 -0.445 0 2
0 0.295 -0.435 0 1
0 0.295 -0.425 0 1
0 0.295 -0.415 0 1
0 0.295 -0.405 0 1
0 0.295 -0.395 0.0007256489267 1
0 0.295 -0.385 0.001198114945 1
0 0.295 -0.375 0.001805679209 1
0 0.295 -0.365 0.002513594455 2
0 0.295 -0.355 0.003301787002 2
0 0.295 -0.345 0.004143172907 2
0 0.295 -0.335 0.00491533207 2
0 0.295 -0.325 0.00564631799 2
0 0.295 -0.315 0.00632036807 2
0 0.295 -0.305 0.006937798419 2
0 0.295 -0.295 0.007495264447 2
0 0.295 -0.285 0.007991379792 2
0 0.295 -0.275 0.008424765058 2
0 0.295 -0.265 0.008794387466 2
0 0.295 -0.255 0.009099856112 2
0 0.295 -0.245 0.009339734999 2
0 0.295 -0.235 0.009516990089 2
0 0.295 -0.225 0.009620806869 2
0 0.295 -0.215 0.009652052224 2
0 0.295 -0.205 0.009619001229 1
0 0.295 -0.195 0.009551295959 1
0 0.295 -0.185 0.009446274523 1
0 0.295 -0.175 0.009299646162 1
0 0.295 -0.165 0.009101164034 1
0 0.295 -0.155 0.008811550958 2
0 0.295 -0.145 0.008417290734 2
0 0.295 -0.135 0.007964860889 2
0 0.295 -0.125 0.007513079831 1
0 0.295 -0.115 0.007113374771 1
0 0.295 -0.105 0.006703056889 1
0 0.295 -0.095 0.006264325667 1
0 0.295 -0.085 0.005796583098 1
0 0.295 -0.075 0.005312673629 1
0 0.295 -0.065 0.004810607394 1
0 0.295 -0.055 0.00430794086 1
0 0.295 -0.045 0.00376811645 1
0 0.295 -0.035 0.003136077334 2
0 0.295 -0.025 0.002426011882 2
0 0.295 -0.015 0.001676112134 2
0 0.295 -0.005 0.0009501036029 2
0 0.295 0.005 0.0002277283613 2
0 0.295 0.015 -0.0005147279721 2
0 0.295 0.025 -0.001279984453 2
0 0.295 0.035 -0.002065758125 2
0 0.295 0.045 -0.002853231363 2
0 0.295 0.055 -0.003609096268 2
0 0.295 0.065 -0.004352753308 2
0 0.295 0.075 -0.005078360737 2
0 0.295 0.085 -0.005779697613 2
0 0.295 0.095 -0.006448231403 2
0 0.295 0.105 -0.007079034385 2
0 0.295 0.115 -0.007667765022 2
0 0.295 0.125 -0.008211601034 2
0 0.295 0.135 -0.008707973829 2
0 0.295 0.145 -0.009153657206 2
0 0.295 0.155 -0.009545357836 2
0 0.295 0.165 -0.009879612273 2
0 0.295 0.175 -0.01015240784 2
0 0.295 0.185 -0.01035907183 2
0 0.295 0.195 -0.0104952993 2
0 0.295 0.205 -0.01055970376 2
0 0.295 0.215 -0.01055339706 2
0 0.295 0.225 -0.01047910356 2
0 0.295 0.235 -0.0103394306 2
0 0.295 0.245 -0.01013634122 2
0 0.295 0.255 -0.009871270153 2
0 0.295 0.265 -0.00954567024 2
0 0.295 0.275 -0.009161254752 2
0 0.295 0.285 -0.008720064329 2
0 0.295 0.295 -0.008224519895 2
0 0.295 0.305 -0.007677354036 2
0 0.295 0.315 -0.007081562263 2
0 0.295 0.325 -0.006440212818 2
0 0.295 0.335 -0.005756765888 2
0 0.295 0.345 -0.005034201749 2
0 0.295 0.355 -0.004278475702 2
0 0.295 0.365 -0.003489307115 2
0 0.295 0.375 -0.002689959308 2
0 0.295 0.385 -0.001836736848 2
0 0.295 0.395 -0.001095797425 2
0 0.295 0.405 0 2
0 0.295 0.415 0 2
0 0.295 0.425 0 2
0 0.295 0.435 0 2
0 0.295 0.445 0 2
0 0.295 0.455 0 2
0 0.295 0.465 0 2
0 0.305 -0.455 0 2
0 0.305 -0.445 0 2
0 0.305 -0.435 0 2
0 0.305 -0.425 0 1
0 0.305 -0.415 0 1
0 0.305 -0.405 0 1
0 0.305 -0.395 0.0007328435627 1
0 0.305 -0.385 0.001215854674 1
0 0.305 -0.375 0.001832741908 1
0 0.305 -0.365 0.00254767953 2
0 0.305 -0.355 0.003341942836 2
0 0.305 -0.345 0.004175969644 2
0 0.305 -0.335 0.004939229223 2
0 0.305 -0.325 0.005659693136 2
0 0.305 -0.315 0.006324449815 2
0 0.305 -0.305 0.006933497222 2
0 0.305 -0.295 0.007483440444 2
0 0.305 -0.285 0.007972488057 2
0 0.305 -0.275 0.008398851809 2
0 0.305 -0.265 0.008761049866 2
0 0.305 -0.255 0.009058210447 2
0 0.305 -0.245 0.009288583724 2
0 0.305 -0.235 0.009456343456 2
0 0.305 -0.225 0.009547643322 2
0 0.305 -0.215 0.009563237068 1
0 0.305 -0.205 0.009532538039 1
0 0.305 -0.195 0.009454408228 1
0 0.305 -0.185 0.009331108338 1
0 0.305 -0.175 0.00916548025 1
0 0.305 -0.165 0.008957116957 1
0 0.305 -0.155 0.008680604686 1
0 0.305 -0.145 0.008322412291 2
0 0.305 -0.135 0.007905261654 1
0 0.305 -0.125 0.007505033929 1
0 0.305 -0.115 0.007101828134 1
0 0.305 -0.105 0.006667958167 1
0 0.305 -0.095 0.006209207549 1
0 0.305 -0.085 0.005726934583 1
0 0.305 -0.075 0.005222046279 1
0 0.305 -0.065 0.004692017941 1
0 0.305 -0.055 0.004141418048 1
0 0.305 -0.045 0.003550139852 1
0 0.305 -0.035 0.002930836309 1
0 0.305 -0.025 0.002289110609 1
0 0.305 -0.015 0.001617432612 1
0 0.305 -0.005 0.0009493590017 1
0 0.305 0.005 0.0003055301577 1
0 0.305 0.015 -0.0003472375651 1
0 0.305 0.025 -0.001080204683 2
0 0.305 0.035 -0.001883583009 2
0 0.305 0.045 -0.002700372839 2
0 0.305 0.055 -0.003481383476 2
0 0.305 0.065 -0.004266075399 2
0 0.305 0.075 -0.005021345682 2
0 0.305 0.085 -0.005747544695 2
0 0.305 0.095 -0.00643448646 2
0 0.305 0.105 -0.007079055325 2
0 0.305 0.115 -0.007677540159 2
0 0.305 0.125 -0.008228540977 2
0 0.305 0.135 -0.008730617759 2
0 0.305 0.145 -0.009180809161 2
0 0.305 0.155 -0.00957015703 2
0 0.305 0.165 -0.009899829598 2
0 0.305 0.175 -0.01016809332 2
0 0.305 0.185 -0.01037029716 2
0 0.305 0.195 -0.01049914751 2
0 0.305 0.205 -0.01055483112 2
0 0.305 0.215 -0.0105420332 2
0 0.305 0.225 -0.01046629796 2
0 0.305 0.235 -0.01032712187 2
0 0.305 0.245 -0.01012604087 2
0 0.305 0.255 -0.009864029302 2
0 0.305 0.265 -0.009541942039 2
0 0.305 0.275 -0.009161119208 2
0 0.305 0.285 -0.008723266071 2
0 0.305 0.295 -0.008230517485 2
0 0.305 0.305 -0.007685358691 2
0 0.305 0.315 -0.007090613463 2
0 0.305 0.325 -0.006449306055 2
0 0.305 0.335 -0.005765029473 2
0 0.305 0.345 -0.005041065081 2
0 0.305 0.355 -0.004283745248 2
0 0.305 0.365 -0.003493082439 2
0 0.305 0.375 -0.002692520486 2
0 0.305 0.385 -0.001838333533 2
0 0.305 0.395 -0.001096758117 2
0 0.305 0.405 0 2
0 0.305 0.415 0 2
0 0.305 0.425 0 2
0 0.305 0.435 0 2
0 0.305 0.445 0 2
0 0.305 0.455 0 2
0 0.305 0.465 0 2
0 0.315 -0.455 0 2
0 0.315 -0.445 0 2
0 0.315 -0.435 0 2
0 0.315 -0.425 0 1
0 0.315 -0.415 0 1
0 0.315 -0.405 0 1
0 0.315 -0.395 0.0007485308199 1
0 0.315 -0.385 0.001252763852 1
0 0.315 -0.375 0.001888227519 1
0 0.315 -0.365 0.002616436407 2
0 0.315 -0.355 0.003414055356 2
0 0.315 -0.345 0.004223099084 2
0 0.315 -0.335 0.004967657207 2
0 0.315 -0.325 0.005669639619 2
0 0.315 -0.315 0.006319133883 2
0 0.315 -0.305 0.006914991447 2
0 0.315 -0.295 0.007453523312 2
0 0.315 -0.285 0.007932358122 2
0 0.315 -0.275 0.008349209453 2
0 0.315 -0.265 0.008702073534 2
0 0.315 -0.255 0.008989443733 2
0 0.315 -0.245 0.009209470102 2
0 0.315 -0.235 0.009363723132 2
0 0.315 -0.225 0.009446962144 2
0 0.315 -0.215 0.009458617058 1
0 0.315 -0.205 0.009420860579 1
0 0.315 -0.195 0.009335194163 1
0 0.315 -0.185 0.009203375242 1
0 0.315 -0.175 0.009025900655 1
0 0.315 -0.165 0.008803637759 1
0 0.315 -0.155 0.00852648875 1
0 0.315 -0.145 0.008211159876 1
0 0.315 -0.135 0.007861121453 1
0 0.315 -0.125 0.00746973936 1
0 0.315 -0.115 0.007053314317 1
0 0.315 -0.105 0.00660581411 1
0 0.315 -0.095 0.006132630842 1
0 0.315 -0.085 0.005634824181 1
0 0.315 -0.075 0.005112651567 1
0 0.315 -0.065 0.004562718828 1
0 0.315 -0.055 0.003984095573 1
0 0.315 -0.045 0.003379831955 1
0 0.315 -0.035 0.002766608985 1
0 0.315 -0.025 0.00214938072 1
0 0.315 -0.015 0.001521039165 1
0 0.315 -0.005 0.000885798063 1
0 0.315 0.005 0.0002561809387 1
0 0.315 0.015 -0.0003879850082 1
0 0.315 0.025 -0.001019811913 1
0 0.315 0.035 -0.001697016653 1
0 0.315 0.045 -0.002489777311 2
0 0.315 0.055 -0.003319687777 2
0 0.315 0.065 -0.004170139306 2
0 0.315 0.075 -0.004959906678 2
0 0.315 0.085 -0.00571193663 2
0 0.315 0.095 -0.006416360653 2
0 0.315 0.105 -0.00707328059 2
0 0.315 0.115 -0.007680248825 2
0 0.315 0.125 -0.008238842733 2
0 0.315 0.135 -0.008743298806 2
0 0.315 0.145 -0.009200179896 2
0 0.315 0.155 -0.009588840549 2
0 0.315 0.165 -0.009901570398 2
0 0.315 0.175 -0.01014060721 2
0 0.315 0.185 -0.0103172973 2
0 0.315 0.195 -0.01043666531 2
0 0.315 0.205 -0.01049067574 2
0 0.315 0.215 -0.01047770312 2
0 0.315 0.225 -0.01040154193 2
0 0.315 0.235 -0.01026596108 2
0 0.315 0.245 -0.01006944943 2
0 0.315 0.255 -0.009812692633 2
0 0.315 0.265 -0.009496005649 2
0 0.315 0.275 -0.009120472372 2
0 0.315 0.285 -0.00868758308 2
0 0.315 0.295 -0.00819930902 2
0 0.315 0.305 -0.00765801649 2
0 0.315 0.315 -0.007066479334 2
0 0.315 0.325 -0.006427769449 2
0 0.315 0.335 -0.005745639309 2
0 0.315 0.345 -0.005023622795 2
0 0.315 0.355 -0.004268321567 2
0 0.315 0.365 -0.00347998137 2
0 0.315 0.375 -0.002682084984 2
0 0.315 0.385 -0.001831079003 2
0 0.315 0.395 -0.001092452102 2
0 0.315 0.405 0 2
0 0.315 0.415 0 2
0 0.315 0.425 0 2
0 0.315 0.435 0 2
0 0.315 0.445 0 2
0 0.315 0.455 0 2
0 0.315 0.465 0 2
0 0.325 -0.455 0 2
0 0.325 -0.445 0 2
0 0.325 -0.435 0 2
0 0.325 -0.425 0 2
0 0.325 -0.415 0 1
0 0.325 -0.405 0 1
0 0.325 -0.395 0.0007697837492 1
0 0.325 -0.385 0.001296567431 1
0 0.325 -0.375 0.002017868469 2
0 0.325 -0.365 0.002756928988 2
0 0.325 -0.355 0.003527988681 2
0 0.325 -0.345 0.004280583216 2
0 0.325 -0.335 0.00499484196 2
0 0.325 -0.325 0.005671408509 2
0 0.325 -0.315 0.006301166922 2
0 0.325 -0.305 0.006880494568 2
0 0.325 -0.295 0.007405100521 2
0 0.325 -0.285 0.007871872356 2
0 0.325 -0.275 0.008277888369 2
0 0.325 -0.265 0.008620623104 2
0 0.325 -0.255 0.008898111739 2
0 0.325 -0.245 0.009108539042 2
0 0.325 -0.235 0.009250722977 2
0 0.325 -0.225 0.009327478818 2
0 0.325 -0.215 0.009333808086 1
0 0.325 -0.205 0.009288225559 1
0 0.325 -0.195 0.00919748329 1
0 0.325 -0.185 0.009066551757 1
0 0.325 -0.175 0.008887722936 1
0 0.325 -0.165 0.008665371672 1
0 0.325 -0.155 0.008399863851 1
0 0.325 -0.145 0.008102344902 1
0 0.325 -0.135 0.007769285926 1
0 0.325 -0.125 0.007391780528 1
0 0.325 -0.115 0.006975430972 1
0 0.325 -0.105 0.006521856321 1
0 0.325 -0.095 0.0060368138 1
0 0.325 -0.085 0.005525889782 1
0 0.325 -0.075 0.004990673656 1
0 0.325 -0.065 0.004428924212 1
0 0.325 -0.055 0.003841316411 1
0 0.325 -0.045 0.003237915246 1
0 0.325 -0.035 0.002630366856 1
0 0.325 -0.025 0.00202283801 1
0 0.325 -0.015 0.001414308273 1
0 0.325 -0.005 0.0008010017365 1
0 0.325 0.005 0.0001864993267 1
0 0.325 0.015 -0.0004334838436 1
0 0.325 0.025 -0.001021473011 1
0 0.325 0.035 -0.001653539684 1
0 0.325 0.045 -0.002406551345 2
0 0.325 0.055 -0.003233327323 2
0 0.325 0.065 -0.004109543067 2
0 0.325 0.075 -0.004918455243 2
0 0.325 0.085 -0.00568711076 2
0 0.325 0.095 -0.006403261121 2
0 0.325 0.105 -0.007068447041 2
0 0.325 0.115 -0.007682918508 2
0 0.325 0.125 -0.008250263792 2
0 0.325 0.135 -0.008757257988 2
0 0.325 0.145 -0.009210585887 2
0 0.325 0.155 -0.009579825008 2
0 0.325 0.165 -0.009846788869 1
0 0.325 0.175 -0.01003043809 1
0 0.325 0.185 -0.01016611867 1
0 0.325 0.195 -0.010286835 2
0 0.325 0.205 -0.01035339235 2
0 0.325 0.215 -0.01035268201 2
0 0.325 0.225 -0.01028354845 2
0 0.325 0.235 -0.0101562819 2
0 0.325 0.245 -0.00996765964 2
0 0.325 0.255 -0.009718595132 2
0 0.325 0.265 -0.009409314785 2
0 0.325 0.275 -0.009040866388 2
0 0.325 0.285 -0.008614695377 2
0 0.325 0.295 -0.00813273813 2
0 0.325 0.305 -0.007597350152 2
0 0.325 0.315 -0.007011338083 2
0 0.325 0.325 -0.006377867834 2
0 0.325 0.335 -0.005700847008 2
0 0.325 0.345 -0.004984011921 2
0 0.325 0.355 -0.004234144914 2
0 0.325 0.365 -0.003451673329 2
0 0.325 0.375 -0.002659988082 2
0 0.325 0.385 -0.001815892739 2
0 0.325 0.395 -0.001083416298 2
0 0.325 0.405 0 2
0 0.325 0.415 0 2
0 0.325 0.425 0 2
0 0.325 0.435 0 2
0 0.325 0.445 0 2
0 0.325 0.455 0 2
0 0.325 0.465 0 2
0 0.335 -0.455 0 2
0 0.335 -0.445 0 2
0 0.335 -0.435 0 2
0 0.335 -0.425 0 2
0 0.335 -0.415 0 2
0 0.335 -0.405 0 2
0 0.335 -0.395 0.0008647060908 2
0 0.335 -0.385 0.001463453417 2
0 0.335 -0.375 0.002184108015 2
0 0.335 -0.365 0.002889596027 2
0 0.335 -0.355 0.003616178727 2
0 0.335 -0.345 0.004322786963 2
0 0.335 -0.335 0.005006213319 2
0 0.335 -0.325 0.005656641057 2
0 0.335 -0.315 0.006265632025 2
0 0.335 -0.305 0.006827403096 2
0 0.335 -0.295 0.007337100798 2
0 0.335 -0.285 0.007791013898 2
0 0.335 -0.275 0.008185700957 2
0 0.335 -0.265 0.008518274604 2
0 0.335 -0.255 0.008786475937 2
0 0.335 -0.245 0.008988580983 2
0 0.335 -0.235 0.009125506192 2
0 0.335 -0.225 0.009197304752 2
0 0.335 -0.215 0.009203612466 2
0 0.335 -0.205 0.009142094187 1
0 0.335 -0.195 0.009050618183 1
0 0.335 -0.185 0.0089240093 1
0 0.335 -0.175 0.008750553865 1
0 0.335 -0.165 0.008535086266 1
0 0.335 -0.155 0.008280957657 1
0 0.335 -0.145 0.007990752682 1
0 0.335 -0.135 0.007663431815 1
0 0.335 -0.125 0.007295876154 1
0 0.335 -0.115 0.00688488275 1
0 0.335 -0.105 0.006428847601 1
0 0.335 -0.095 0.005930474345 1
0 0.335 -0.085 0.005404054208 1
0 0.335 -0.075 0.004859011239 1
0 0.335 -0.065 0.004284838589 1
0 0.335 -0.055 0.003691630443 1
0 0.335 -0.045 0.00309355532 1
0 0.335 -0.035 0.00249460434 1
0 0.335 -0.025 0.001897880021 1
0 0.335 -0.015 0.001302794362 1
0 0.335 -0.005 0.0007056741192 1
0 0.335 0.005 0.0001085706739 1
0 0.335 0.015 -0.0004886169615 1
0 0.335 0.025 -0.001056927353 1
0 0.335 0.035 -0.00167670306 1
0 0.335 0.045 -0.002409141821 2
0 0.335 0.055 -0.003221868901 2
0 0.335 0.065 -0.004097048174 2
0 0.335 0.075 -0.004908200461 2
0 0.335 0.085 -0.005680344915 2
0 0.335 0.095 -0.006399141045 2
0 0.335 0.105 -0.007067744579 2
0 0.335 0.115 -0.007688013623 2
0 0.335 0.125 -0.008263218808 2
0 0.335 0.135 -0.008764871873 2
0 0.335 0.145 -0.009161105469 1
0 0.335 0.155 -0.009442195211 1
0 0.335 0.165 -0.009666718951 1
0 0.335 0.175 -0.009850164683 1
0 0.335 0.185 -0.009984145989 1
0 0.335 0.195 -0.01008575961 1
0 0.335 0.205 -0.01016027586 2
0 0.335 0.215 -0.01017304406 2
0 0.335 0.225 -0.01011800283 2
0 0.335 0.235 -0.01000213912 2
0 0.335 0.245 -0.00982391197 2
0 0.335 0.255 -0.00958444643 2
0 0.335 0.265 -0.009284251452 2
0 0.335 0.275 -0.008924490651 2
0 0.335 0.285 -0.008506698636 2
0 0.335 0.295 -0.008032870718 2
0 0.335 0.305 -0.007505423141 2
0 0.335 0.315 -0.006927240413 2
0 0.335 0.325 -0.006301596853 2
0 0.335 0.335 -0.005632533651 2
0 0.335 0.345 -0.004923940765 2
0 0.335 0.355 -0.004182706726 2
0 0.335 0.365 -0.003409398294 2
0 0.335 0.375 -0.002627196906 2
0 0.335 0.385 -0.001793434867 2
0 0.335 0.395 -0.001070041173 2
0 0.335 0.405 0 2
0 0.335 0.415 0 2
0 0.335 0.425 0 2
0 0.335 0.435 0 2
0 0.335 0.445 0 2
0 0.335 0.455 0 2
0 0.335 0.465 0 2
0 0.345 -0.455 0 2
0 0.345 -0.445 0 2
0 0.345 -0.435 0 2
0 0.345 -0.425 0 2
0 0.345 -0.415 0 2
0 0.345 -0.405 0 2
0 0.345 -0.395 0.000909448788 2
0 0.345 -0.385 0.001534669544 2
0 0.345 -0.375 0.002263022442 2
0 0.345 -0.365 0.002956225238 2
0 0.345 -0.355 0.003654622817 2
0 0.345 -0.345 0.004331737109 2
0 0.345 -0.335 0.004989744728 2
0 0.345 -0.325 0.00561749452 2
0 0.345 -0.315 0.006207602477 2
0 0.345 -0.305 0.006752805076 2
0 0.345 -0.295 0.007247985367 2
0 0.345 -0.285 0.007689596209 2
0 0.345 -0.275 0.008077015082 2
0 0.345 -0.265 0.008400865438 2
0 0.345 -0.255 0.008659047744 2
0 0.345 -0.245 0.008851794583 2
0 0.345 -0.235 0.008981754471 2
0 0.345 -0.225 0.009045100996 2
0 0.345 -0.215 0.009046242456 2
0 0.345 -0.205 0.008988311464 1
0 0.345 -0.195 0.008899211723 1
0 0.345 -0.185 0.008774381319 1
0 0.345 -0.175 0.00860920242 1
0 0.345 -0.165 0.008404919685 1
0 0.345 -0.155 0.008161648705 1
0 0.345 -0.145 0.007878791747 1
0 0.345 -0.135 0.007555626892 1
0 0.345 -0.125 0.007194663676 1
0 0.345 -0.115 0.006791103196 1
0 0.345 -0.105 0.006341352584 1
0 0.345 -0.095 0.005839061145 1
0 0.345 -0.085 0.005284771166 1
0 0.345 -0.075 0.004705464898 1
0 0.345 -0.065 0.004105600052 1
0 0.345 -0.055 0.003518714756 1
0 0.345 -0.045 0.002937944546 1
0 0.345 -0.035 0.002349868623 1
0 0.345 -0.025 0.001767743573 1
0 0.345 -0.015 0.001186902224 1
0 0.345 -0.005 0.0006043978007 1
0 0.345 0.005 2.093858078e-05 1
0 0.345 0.015 -0.0005697033454 1
0 0.345 0.025 -0.001133887374 1
0 0.345 0.035 -0.001742704041 1
0 0.345 0.045 -0.002469908292 2
0 0.345 0.055 -0.003274267888 2
0 0.345 0.065 -0.004133445657 2
0 0.345 0.075 -0.004930046713 2
0 0.345 0.085 -0.005690525677 2
0 0.345 0.095 -0.006400339785 2
0 0.345 0.105 -0.007069756144 2
0 0.345 0.115 -0.007685919765 2
0 0.345 0.125 -0.008231165388 2
0 0.345 0.135 -0.008665639571 1
0 0.345 0.145 -0.008981185681 1
0 0.345 0.155 -0.009233666963 1
0 0.345 0.165 -0.009448286774 1
0 0.345 0.175 -0.009630136442 1
0 0.345 0.185 -0.009766593282 1
0 0.345 0.195 -0.009868464126 1
0 0.345 0.205 -0.009940735001 2
0 0.345 0.215 -0.009957998055 2
0 0.345 0.225 -0.009915122507 2
0 0.345 0.235 -0.009810224886 2
0 0.345 0.245 -0.009642984813 2
0 0.345 0.255 -0.009413939569 2
0 0.345 0.265 -0.009123844761 2
0 0.345 0.275 -0.00877395797 2
0 0.345 0.285 -0.008365941068 2
0 0.345 0.295 -0.007901880871 2
0 0.345 0.305 -0.007384279552 2
0 0.345 0.315 -0.006816108587 2
0 0.345 0.325 -0.006200739919 2
0 0.345 0.335 -0.005542314816 2
0 0.345 0.345 -0.004844828537 2
0 0.345 0.355 -0.004115210201 2
0 0.345 0.365 -0.003354130924 2
0 0.345 0.375 -0.002584456253 2
0 0.345 0.385 -0.001764208883 2
0 0.345 0.395 -0.001052625504 2
0 0.345 0.405 0 2
0 0.345 0.415 0 2
0 0.345 0.425 0 2
0 0.345 0.435 0 2
0 0.345 0.445 0 2
0 0.345 0.455 0 2
0 0.345 0.465 0 2
0 0.355 -0.455 0 2
0 0.355 -0.445 0 2
0 0.355 -0.435 0 2
0 0.355 -0.425 0 2
0 0.355 -0.415 0 2
0 0.355 -0.405 0 2
0 0.355 -0.395 0.0009255017355 2
0 0.355 -0.385 0.001555101214 2
0 0.355 -0.375 0.002280041076 2
0 0.355 -0.365 0.002961796743 2
0 0.355 -0.355 0.003640123348 2
0 0.355 -0.345 0.004298962982 2
0 0.355 -0.335 0.004937754522 2
0 0.355 -0.325 0.005547955879 2
0 0.355 -0.315 0.006122868509 2
0 0.355 -0.305 0.006654265542 2
0 0.355 -0.295 0.007140136818 2
0 0.355 -0.285 0.007570489006 2
0 0.355 -0.275 0.007948438317 2
0 0.355 -0.265 0.008259918305 2
0 0.355 -0.255 0.008501890653 2
0 0.355 -0.245 0.008679547866 2
0 0.355 -0.235 0.008796462294 2
0 0.355 -0.225 0.008853126635 2
0 0.355 -0.215 0.008851645871 1
0 0.355 -0.205 0.008812690587 1
0 0.355 -0.195 0.008729974679 1
0 0.355 -0.185 0.008609244883 1
0 0.355 -0.175 0.008455694482 1
0 0.355 -0.165 0.008266747738 1
0 0.355 -0.155 0.008038603336 1
0 0.355 -0.145 0.007772275073 1
0 0.355 -0.135 0.007463225464 1
0 0.355 -0.125 0.007111012495 1
0 0.355 -0.115 0.006707044464 1
0 0.355 -0.105 0.006268499726 1
0 0.355 -0.095 0.005790427063 1
0 0.355 -0.085 0.005200698142 2
0 0.355 -0.075 0.004539916246 2
0 0.355 -0.065 0.003877144522 1
0 0.355 -0.055 0.003309340214 1
0 0.355 -0.045 0.002755056107 1
0 0.355 -0.035 0.002189952414 1
0 0.355 -0.025 0.00163288897 1
0 0.355 -0.015 0.001067336906 1
0 0.355 -0.005 0.000498271892 1
0 0.355 0.005 -6.785398115e-05 1
0 0.355 0.015 -0.0006524245134 1
0 0.355 0.025 -0.00123427944 1
0 0.355 0.035 -0.001863342274 1
0 0.355 0.045 -0.002604544871 2
0 0.355 0.055 -0.003391224364 2
0 0.355 0.065 -0.004209166256 2
0 0.355 0.075 -0.00497391076 2
0 0.355 0.085 -0.005707564764 2
0 0.355 0.095 -0.006397019932 2
0 0.355 0.105 -0.007056967829 2
0 0.355 0.115 -0.007643170171 2
0 0.355 0.125 -0.008115360913 1
0 0.355 0.135 -0.008468777486 1
0 0.355 0.145 -0.008754733029 1
0 0.355 0.155 -0.009002984032 1
0 0.355 0.165 -0.009213732421 1
0 0.355 0.175 -0.009388902971 1
0 0.355 0.185 -0.009524129577 1
0 0.355 0.195 -0.009627183891 1
0 0.355 0.205 -0.009699365332 2
0 0.355 0.215 -0.009717870769 2
0 0.355 0.225 -0.009682585814 2
0 0.355 0.235 -0.009586811026 2
0 0.355 0.245 -0.009429788757 2
0 0.355 0.255 -0.009211003507 2
0 0.355 0.265 -0.008931323888 2
0 0.355 0.275 -0.008592015445 2
0 0.355 0.285 -0.008194832395 2
0 0.355 0.295 -0.00774193224 2
0 0.355 0.305 -0.007235886105 2
0 0.355 0.315 -0.006679730769 2
0 0.355 0.325 -0.00607690509 2
0 0.355 0.335 -0.005431607816 2
0 0.355 0.345 -0.004747891002 2
0 0.355 0.355 -0.004032664593 2
0 0.355 0.365 -0.003286673997 2
0 0.355 0.375 -0.002532370976 2
0 0.355 0.385 -0.001728620887 2
0 0.355 0.395 -0.001031410349 2
0 0.355 0.405 0 2
0 0.355 0.415 0 2
0 0.355 0.425 0 2
0 0.355 0.435 0 2
0 0.355 0.445 0 2
0 0.355 0.455 0 2
0 0.355 0.465 0 2
0 0.365 -0.455 0 2
0 0.365 -0.445 0 2
0 0.365 -0.435 0 2
0 0.365 -0.425 0 2
0 0.365 -0.415 0 2
0 0.365 -0.405 0 2
0 0.365 -0.395 0.0009151984579 2
0 0.365 -0.385 0.001534227687 2
0 0.365 -0.375 0.002245862831 2
0 0.365 -0.365 0.002914236273 2
0 0.365 -0.355 0.003578775555 2
0 0.365 -0.345 0.004222889296 2
0 0.365 -0.335 0.004846792471 2
0 0.365 -0.325 0.005443866742 2
0 0.365 -0.315 0.006007518786 2
0 0.365 -0.305 0.00653153191 2
0 0.365 -0.295 0.007010548529 2
0 0.365 -0.285 0.0074283126 2
0 0.365 -0.275 0.007790636523 2
0 0.365 -0.265 0.008082154853 2
0 0.365 -0.255 0.00829258611 1
0 0.365 -0.245 0.008440155483 1
0 0.365 -0.235 0.008540557925 1
0 0.365 -0.225 0.008601532117 1
0 0.365 -0.215 0.008620871295 1
0 0.365 -0.205 0.008594736279 1
0 0.365 -0.195 0.008525036576 1
0 0.365 -0.185 0.008419221532 1
0 0.365 -0.175 0.008282115356 1
0 0.365 -0.165 0.008113614808 1
0 0.365 -0.155 0.007911106379 1
0 0.365 -0.145 0.007677824248 1
0 0.365 -0.135 0.007405065798 1
0 0.365 -0.125 0.007060824006 2
0 0.365 -0.115 0.006628255816 2
0 0.365 -0.105 0.006151316282 2
0 0.365 -0.095 0.005633358444 2
0 0.365 -0.085 0.005060726103 2
0 0.365 -0.075 0.004461682595 2
0 0.365 -0.065 0.003814325734 2
0 0.365 -0.055 0.003174411159 2
0 0.365 -0.045 0.002575901774 1
0 0.365 -0.035 0.002039180063 1
0 0.365 -0.025 0.001505421869 1
0 0.365 -0.015 0.0009482030207 1
0 0.365 -0.005 0.0003853512832 1
0 0.365 0.005 -0.0001642468841 1
0 0.365 0.015 -0.0007317222942 1
0 0.365 0.025 -0.00138320885 2
0 0.365 0.035 -0.002105985066 2
0 0.365 0.045 -0.002847251485 2
0 0.365 0.055 -0.003567709562 2
0 0.365 0.065 -0.004304348145 2
0 0.365 0.075 -0.005020151209 2
0 0.365 0.085 -0.005713401884 2
0 0.365 0.095 -0.006374836551 2
0 0.365 0.105 -0.006987721979 2
0 0.365 0.115 -0.007512522239 2
0 0.365 0.125 -0.007933544411 1
0 0.365 0.135 -0.008250456364 1
0 0.365 0.145 -0.008514523275 1
0 0.365 0.155 -0.008753037429 1
0 0.365 0.165 -0.008957475764 1
0 0.365 0.175 -0.009127426639 1
0 0.365 0.185 -0.009261250587 1
0 0.365 0.195 -0.009362241071 1
0 0.365 0.205 -0.009432538788 2
0 0.365 0.215 -0.00945303588 2
0 0.365 0.225 -0.009425001405 2
0 0.365 0.235 -0.009336747466 2
0 0.365 0.245 -0.009188537669 2
0 0.365 0.255 -0.008979209037 2
0 0.365 0.265 -0.008709709306 2
0 0.365 0.275 -0.008381265636 2
0 0.365 0.285 -0.007995658112 2
0 0.365 0.295 -0.007555061628 2
0 0.365 0.305 -0.007062069769 2
0 0.365 0.315 -0.006519741319 2
0 0.365 0.325 -0.0059315378 2
0 0.365 0.335 -0.005301667108 2
0 0.365 0.345 -0.004634189802 2
0 0.365 0.355 -0.003935941089 2
0 0.365 0.365 -0.003207713949 2
0 0.365 0.375 -0.0024714547 2
0 0.365 0.385 -0.001687014598 2
0 0.365 0.395 -0.001006599566 2
0 0.365 0.405 0 2
0 0.365 0.415 0 2
0 0.365 0.425 0 2
0 0.365 0.435 0 2
0 0.365 0.445 0 2
0 0.365 0.455 0 2
0 0.365 0.465 0 2
0 0.375 -0.455 0 2
0 0.375 -0.445 0 2
0 0.375 -0.435 0 2
0 0.375 -0.425 0 2
0 0.375 -0.415 0 2
0 0.375 -0.405 0 2
0 0.375 -0.395 0.0008881351891 2
0 0.375 -0.385 0.001486376688 2
0 0.375 -0.375 0.002175268968 2
0 0.375 -0.365 0.002825912462 2
0 0.375 -0.355 0.00347494797 2
0 0.375 -0.345 0.004104686297 2
0 0.375 -0.335 0.004715228891 2
0 0.375 -0.325 0.005301347584 2
0 0.375 -0.315 0.005856145142 2
0 0.375 -0.305 0.006379465166 2
0 0.375 -0.295 0.006854003444 2
0 0.375 -0.285 0.007259108873 2
0 0.375 -0.275 0.007580516756 1
0 0.375 -0.265 0.007813817393 1
0 0.375 -0.255 0.00800033149 1
0 0.375 -0.245 0.00814756096 1
0 0.375 -0.235 0.008251997282 1
0 0.375 -0.225 0.008322390669 1
0 0.375 -0.215 0.008353748471 1
0 0.375 -0.205 0.008342413078 1
0 0.375 -0.195 0.008288056744 1
0 0.375 -0.185 0.008197894085 1
0 0.375 -0.175 0.00807746172 1
0 0.375 -0.165 0.007928451369 1
0 0.375 -0.155 0.007755725561 1
0 0.375 -0.145 0.007549080982 1
0 0.375 -0.135 0.007270950519 2
0 0.375 -0.125 0.006907056902 2
0 0.375 -0.115 0.006475131989 2
0 0.375 -0.105 0.006002874775 2
0 0.375 -0.095 0.00548820024 2
0 0.375 -0.085 0.004944152464 2
0 0.375 -0.075 0.004383971317 2
0 0.375 -0.065 0.003786022078 2
0 0.375 -0.055 0.003179483969 2
0 0.375 -0.045 0.002581310513 2
0 0.375 -0.035 0.001993496796 2
0 0.375 -0.025 0.001417891397 2
0 0.375 -0.015 0.0008369564793 2
0 0.375 -0.005 0.0002483799615 2
0 0.375 0.005 -0.000349997389 2
0 0.375 0.015 -0.0009794367969 2
0 0.375 0.025 -0.001639210141 2
0 0.375 0.035 -0.00232544372 2
0 0.375 0.045 -0.003020426384 2
0 0.375 0.055 -0.003695769827 2
0 0.375 0.065 -0.004370866046 2
0 0.375 0.075 -0.005039043677 2
0 0.375 0.085 -0.005689395077 2
0 0.375 0.095 -0.006326866414 2
0 0.375 0.105 -0.006887116328 2
0 0.375 0.115 -0.007337589455 1
0 0.375 0.125 -0.007693919991 1
0 0.375 0.135 -0.007991354154 1
0 0.375 0.145 -0.008251675518 1
0 0.375 0.155 -0.008481671684 1
0 0.375 0.165 -0.008678618137 1
0 0.375 0.175 -0.008839659478 1
0 0.375 0.185 -0.008971743824 1
0 0.375 0.195 -0.009073343833 1
0 0.375 0.205 -0.009144466896 2
0 0.375 0.215 -0.009168613763 2
0 0.375 0.225 -0.009146420153 2
0 0.375 0.235 -0.009063786366 2
0 0.375 0.245 -0.008922493646 2
0 0.375 0.255 -0.008721425747 2
0 0.375 0.265 -0.008461526623 2
0 0.375 0.275 -0.008143954709 2
0 0.375 0.285 -0.00777043334 2
0 0.375 0.295 -0.007343085512 2
0 0.375 0.305 -0.006864465565 2
0 0.375 0.315 -0.006337600222 2
0 0.375 0.325 -0.00576592341 2
0 0.375 0.335 -0.005153602388 2
0 0.375 0.345 -0.004504659682 2
0 0.375 0.355 -0.003825804024 2
0 0.375 0.365 -0.003117851749 2
0 0.375 0.375 -0.002402156806 2
0 0.375 0.385 -0.001639690974 2
0 0.375 0.395 -0.000978371804 2
0 0.375 0.405 0 2
0 0.375 0.415 0 2
0 0.375 0.425 0 2
0 0.375 0.435 0 2
0 0.375 0.445 0 2
0 0.375 0.455 0 2
0 0.375 0.465 0 2
0 0.385 -0.455 0 2
0 0.385 -0.445 0 2
0 0.385 -0.435 0 2
0 0.385 -0.425 0 2
0 0.385 -0.415 0 2
0 0.385 -0.405 0 2
0 0.385 -0.395 0.0008333391517 2
0 0.385 -0.385 0.001403723689 2
0 0.385 -0.375 0.002070168212 2
0 0.385 -0.365 0.002699882928 2
0 0.385 -0.355 0.003331440629 2
0 0.385 -0.345 0.00394587656 2
0 0.385 -0.335 0.00454230561 2
0 0.385 -0.325 0.005116715254 2
0 0.385 -0.315 0.005662073839 2
0 0.385 -0.305 0.006188784357 2
0 0.385 -0.295 0.006648740687 2
0 0.385 -0.285 0.007013571738 1
0 0.385 -0.275 0.00728729896 1
0 0.385 -0.265 0.007502235776 1
0 0.385 -0.255 0.007683789395 1
0 0.385 -0.245 0.007830866035 1
0 0.385 -0.235 0.007941892772 1
0 0.385 -0.225 0.008020218844 1
0 0.385 -0.215 0.008062831145 1
0 0.385 -0.205 0.008067919639 1
0 0.385 -0.195 0.008031807121 1
0 0.385 -0.185 0.007957223495 1
0 0.385 -0.175 0.007850326478 1
0 0.385 -0.165 0.007709197481 1
0 0.385 -0.155 0.007540514778 1
0 0.385 -0.145 0.007332189116 1
0 0.385 -0.135 0.007050774651 2
0 0.385 -0.125 0.006693784495 2
0 0.385 -0.115 0.006278973189 2
0 0.385 -0.105 0.005828553626 2
0 0.385 -0.095 0.005338255926 2
0 0.385 -0.085 0.004819653966 2
0 0.385 -0.075 0.004277648861 2
0 0.385 -0.065 0.00371425981 2
0 0.385 -0.055 0.003137216482 2
0 0.385 -0.045 0.002543457348 2
0 0.385 -0.035 0.001938567448 2
0 0.385 -0.025 0.001335013964 2
0 0.385 -0.015 0.0007310229706 2
0 0.385 -0.005 0.0001187274081 2
0 0.385 0.005 -0.0005096970228 2
0 0.385 0.015 -0.001157420525 2
0 0.385 0.025 -0.001811335005 2
0 0.385 0.035 -0.002462944818 2
0 0.385 0.045 -0.003113294201 2
0 0.385 0.055 -0.003753783684 2
0 0.385 0.065 -0.004385064005 2
0 0.385 0.075 -0.0050086112 2
0 0.385 0.085 -0.005613076839 2
0 0.385 0.095 -0.006207121068 2
0 0.385 0.105 -0.006713687099 2
0 0.385 0.115 -0.007122144105 1
0 0.385 0.125 -0.007445973065 1
0 0.385 0.135 -0.007718470029 1
0 0.385 0.145 -0.007969709026 1
0 0.385 0.155 -0.008188264542 1
0 0.385 0.165 -0.008375457801 1
0 0.385 0.175 -0.008527458952 1
0 0.385 0.185 -0.008657107657 1
0 0.385 0.195 -0.008774049836 2
0 0.385 0.205 -0.008844553058 2
0 0.385 0.215 -0.008872389187 2
0 0.385 0.225 -0.008850042224 2
0 0.385 0.235 -0.008770325312 2
0 0.385 0.245 -0.008633773713 2
0 0.385 0.255 -0.008439631868 2
0 0.385 0.265 -0.008188647786 2
0 0.385 0.275 -0.007881850378 2
0 0.385 0.285 -0.00752081575 2
0 0.385 0.295 -0.007107542847 2
0 0.385 0.305 -0.0066444837 2
0 0.385 0.315 -0.006134579204 2
0 0.385 0.325 -0.005581187335 2
0 0.385 0.335 -0.004988388202 2
0 0.385 0.345 -0.004360123667 2
0 0.385 0.355 -0.003702928474 2
0 0.385 0.365 -0.003017620291 2
0 0.385 0.375 -0.002324877652 2
0 0.385 0.385 -0.00158691943 2
0 0.385 0.395 -0.0009468876408 2
0 0.385 0.405 0 2
0 0.385 0.415 0 2
0 0.385 0.425 0 2
0 0.385 0.435 0 2
0 0.385 0.445 0 2
0 0.385 0.455 0 2
0 0.385 0.465 0 2
0 0.395 -0.455 0 2
0 0.395 -0.445 0 2
0 0.395 -0.435 0 2
0 0.395 -0.425 0 2
0 0.395 -0.415 0 2
0 0.395 -0.405 0 2
0 0.395 -0.395 0.0007496484241 2
0 0.395 -0.385 0.001283701111 2
0 0.395 -0.375 0.001925969486 2
0 0.395 -0.365 0.002539742898 2
0 0.395 -0.355 0.003151979332 2
0 0.395 -0.345 0.003748799027 2
0 0.395 -0.335 0.004327979435 2
0 0.395 -0.325 0.004886308994 2
0 0.395 -0.315 0.005416500903 2
0 0.395 -0.305 0.005931519868 2
0 0.395 -0.295 0.006368903563 2
0 0.395 -0.285 0.006712815044 1
0 0.395 -0.275 0.006968757372 1
0 0.395 -0.265 0.0071708908 1
0 0.395 -0.255 0.007350655162 1
0 0.395 -0.245 0.007499365955 1
0 0.395 -0.235 0.007617195946 1
0 0.395 -0.225 0.007702781569 1
0 0.395 -0.215 0.007755700431 1
0 0.395 -0.205 0.007773321401 1
0 0.395 -0.195 0.007758550077 1
0 0.395 -0.185 0.007711050085 1
0 0.395 -0.175 0.007628631368 2
0 0.395 -0.165 0.007484477654 2
0 0.395 -0.155 0.007291623865 2
0 0.395 -0.145 0.007049729764 2
0 0.395 -0.135 0.006759153969 2
0 0.395 -0.125 0.006428363719 2
0 0.395 -0.115 0.006045639083 2
0 0.395 -0.105 0.005618398029 2
0 0.395 -0.095 0.00515337499 2
0 0.395 -0.085 0.004658815041 2
0 0.395 -0.075 0.004139558963 2
0 0.395 -0.065 0.003597903485 2
0 0.395 -0.055 0.003034148402 2
0 0.395 -0.045 0.002450741286 2
0 0.395 -0.035 0.001852810771 2
0 0.395 -0.025 0.001245580703 2
0 0.395 -0.015 0.0006318955425 2
0 0.395 -0.005 1.042307019e-05 2
0 0.395 0.005 -0.0006202364373 2
0 0.395 0.015 -0.001256997512 2
0 0.395 0.025 -0.001893649192 2
0 0.395 0.035 -0.002523228341 2
0 0.395 0.045 -0.00314149175 2
0 0.395 0.055 -0.003747700926 2
0 0.395 0.065 -0.004341110108 2
0 0.395 0.075 -0.004922388112 2
0 0.395 0.085 -0.005481860601 2
0 0.395 0.095 -0.006028731357 2
0 0.395 0.105 -0.006493818194 2
0 0.395 0.115 -0.006874244958 1
0 0.395 0.125 -0.007176631251 1
0 0.395 0.135 -0.007428250688 1
0 0.395 0.145 -0.007664965739 1
0 0.395 0.155 -0.007870704615 1
0 0.395 0.165 -0.008048547986 1
0 0.395 0.175 -0.008199743929 1
0 0.395 0.185 -0.008330769922 1
0 0.395 0.195 -0.008449618228 2
0 0.395 0.205 -0.008527999583 2
0 0.395 0.215 -0.008559898516 2
0 0.395 0.225 -0.008535256818 2
0 0.395 0.235 -0.008456523786 2
0 0.395 0.245 -0.008323104165 2
0 0.395 0.255 -0.008134838424 2
0 0.395 0.265 -0.007892255274 2
0 0.395 0.275 -0.007596217193 2
0 0.395 0.285 -0.007248086959 2
0 0.395 0.295 -0.006849682201 2
0 0.395 0.305 -0.006403302571 2
0 0.395 0.315 -0.005911760438 2
0 0.395 0.325 -0.005378298728 2
0 0.395 0.335 -0.004806871385 2
0 0.395 0.345 -0.004201302801 2
0 0.395 0.355 -0.003567910851 2
0 0.395 0.365 -0.002907494594 2
0 0.395 0.375 -0.002239977445 2
0 0.395 0.385 -0.001528944492 2
0 0.395 0.395 -0.0009122939951 2
0 0.395 0.405 0 2
0 0.395 0.415 0 2
0 0.395 0.425 0 2
0 0.395 0.435 0 2
0 0.395 0.445 0 2
0 0.395 0.455 0 2
0 0.395 0.465 0 2
0 0.405 -0.455 0 2
0 0.405 -0.445 0 2
0 0.405 -0.435 0 1
0 0.405 -0.425 0 1
0 0.405 -0.415 0 1
0 0.405 -0.405 0 1
0 0.405 -0.395 0.0006283595339 2
0 0.405 -0.385 0.00113126369 2
0 0.405 -0.375 0.001747256545 2
0 0.405 -0.365 0.002346455669 2
0 0.405 -0.355 0.002943388144 2
0 0.405 -0.345 0.003519004951 2
0 0.405 -0.335 0.004075989379 2
0 0.405 -0.325 0.004611965396 2
0 0.405 -0.315 0.005121004987 2
0 0.405 -0.305 0.005615530013 2
0 0.405 -0.295 0.006038332781 2
0 0.405 -0.285 0.006373163317 1
0 0.405 -0.275 0.006622356486 1
0 0.405 -0.265 0.006820780902 1
0 0.405 -0.255 0.007001392302 1
0 0.405 -0.245 0.007151526308 1
0 0.405 -0.235 0.007272953731 1
0 0.405 -0.225 0.007362386835 1
0 0.405 -0.215 0.007422399591 1
0 0.405 -0.205 0.007451421142 1
0 0.405 -0.195 0.007452707324 1
0 0.405 -0.185 0.00741914168 1
0 0.405 -0.175 0.007342838527 2
0 0.405 -0.165 0.007202255996 2
0 0.405 -0.155 0.007005972947 2
0 0.405 -0.145 0.006759963631 2
0 0.405 -0.135 0.006472610976 2
0 0.405 -0.125 0.006150736955 2
0 0.405 -0.115 0.005788224325 2
0 0.405 -0.105 0.005383401939 2
0 0.405 -0.095 0.00494187426 2
0 0.405 -0.085 0.004469137115 2
0 0.405 -0.075 0.003969452557 2
0 0.405 -0.065 0.003445436964 2
0 0.405 -0.055 0.002898210104 2
0 0.405 -0.045 0.002329573236 2
0 0.405 -0.035 0.001743348544 2
0 0.405 -0.025 0.001144617185 2
0 0.405 -0.015 0.0005374747274 2
0 0.405 -0.005 -7.606325608e-05 2
0 0.405 0.005 -0.0006940087729 2
0 0.405 0.015 -0.001312106805 2
0 0.405 0.025 -0.001924631121 2
0 0.405 0.035 -0.002526548972 2
0 0.405 0.045 -0.00311479952 2
0 0.405 0.055 -0.003687991756 2
0 0.405 0.065 -0.004244420686 2
0 0.405 0.075 -0.004783838445 2
0 0.405 0.085 -0.005299434403 2
0 0.405 0.095 -0.005801580627 2
0 0.405 0.105 -0.00623658038 2
0 0.405 0.115 -0.006592428548 1
0 0.405 0.125 -0.006874204952 1
0 0.405 0.135 -0.007110561431 1
0 0.405 0.145 -0.007335416634 1
0 0.405 0.155 -0.007528685903 1
0 0.405 0.165 -0.007696716677 1
0 0.405 0.175 -0.007851591017 1
0 0.405 0.185 -0.008009188033 2
0 0.405 0.195 -0.008128628153 2
0 0.405 0.205 -0.008204484144 2
0 0.405 0.215 -0.008230257068 2
0 0.405 0.225 -0.008201434212 2
0 0.405 0.235 -0.008121763819 2
0 0.405 0.245 -0.007990364561 2
0 0.405 0.255 -0.007807346734 2
0 0.405 0.265 -0.007572975892 2
0 0.405 0.275 -0.007287891868 2
0 0.405 0.285 -0.006953196037 2
0 0.405 0.295 -0.006570487367 2
0 0.405 0.305 -0.00614188464 2
0 0.405 0.315 -0.005670047523 2
0 0.405 0.325 -0.005158079403 2
0 0.405 0.335 -0.004609779409 2
0 0.405 0.345 -0.004028824357 2
0 0.405 0.355 -0.003421276824 2
0 0.405 0.365 -0.00278789901 2
0 0.405 0.375 -0.002147782385 2
0 0.405 0.385 -0.001465990401 2
0 0.405 0.395 -0.0008747272515 2
0 0.405 0.405 0 2
0 0.405 0.415 0 2
0 0.405 0.425 0 2
0 0.405 0.435 0 2
0 0.405 0.445 0 2
0 0.405 0.455 0 2
0 0.405 0.465 0 2
0 0.415 -0.455 0 2
0 0.415 -0.445 0 2
0 0.415 -0.435 0 1
0 0.415 -0.425 0 1
0 0.415 -0.415 0 1
0 0.415 -0.405 0 1
0 0.415 -0.395 0.0005343219483 1
0 0.415 -0.385 0.0009896354505 2
0 0.415 -0.375 0.001559349103 2
0 0.415 -0.365 0.002135912579 2
0 0.415 -0.355 0.002711467999 2
0 0.415 -0.345 0.003259380261 2
0 0.415 -0.335 0.003787548454 2
0 0.415 -0.325 0.004292705736 2
0 0.415 -0.315 0.004774865955 2
0 0.415 -0.305 0.005241825057 2
0 0.415 -0.295 0.005656711651 2
0 0.415 -0.285 0.005994078275 1
0 0.415 -0.275 0.006248495678 1
0 0.415 -0.265 0.006449430973 1
0 0.415 -0.255 0.006628208939 1
0 0.415 -0.245 0.006780874868 1
0 0.415 -0.235 0.006905722823 1
0 0.415 -0.225 0.007000027614 1
0 0.415 -0.215 0.007067657099 1
0 0.415 -0.205 0.007107948634 1
0 0.415 -0.195 0.007118633695 1
0 0.415 -0.185 0.007092910439 2
0 0.415 -0.175 0.007007478931 2
0 0.415 -0.165 0.006874929485 2
0 0.415 -0.155 0.006691602306 2
0 0.415 -0.145 0.006456268073 2
0 0.415 -0.135 0.006178911687 2
0 0.415 -0.125 0.005864303321 2
0 0.415 -0.115 0.005513617657 2
0 0.415 -0.105 0.005126667136 2
0 0.415 -0.095 0.004705367262 2
0 0.415 -0.085 0.004253040642 2
0 0.415 -0.075 0.003772793928 2
0 0.415 -0.065 0.003266932792 2
0 0.415 -0.055 0.002737371242 2
0 0.415 -0.045 0.0021865992 2
0 0.415 -0.035 0.001618294623 2
0 0.415 -0.025 0.001037010558 2
0 0.415 -0.015 0.0004472230116 2
0 0.415 -0.005 -0.0001471282289 2
0 0.415 0.005 -0.0007422626761 2
0 0.415 0.015 -0.001334035557 2
0 0.415 0.025 -0.00191810872 2
0 0.415 0.035 -0.002490453539 2
0 0.415 0.045 -0.003047558271 2
0 0.415 0.055 -0.003586626296 2
0 0.415 0.065 -0.004105057375 2
0 0.415 0.075 -0.004601691269 2
0 0.415 0.085 -0.005072551091 2
0 0.415 0.095 -0.005524933269 2
0 0.415 0.105 -0.005932835003 2
0 0.415 0.115 -0.006274805574 1
0 0.415 0.125 -0.006543866152 1
0 0.415 0.135 -0.006766342193 1
0 0.415 0.145 -0.006976942239 1
0 0.415 0.155 -0.007165405566 1
0 0.415 0.165 -0.007340185391 1
0 0.415 0.175 -0.007528780771 2
0 0.415 0.185 -0.007685074694 2
0 0.415 0.195 -0.007800142583 2
0 0.415 0.205 -0.007864619404 2
0 0.415 0.215 -0.00787957167 2
0 0.415 0.225 -0.007845928462 2
0 0.415 0.235 -0.007764471747 2
0 0.415 0.245 -0.007634806382 2
0 0.415 0.255 -0.007457004536 2
0 0.415 0.265 -0.007231090508 2
0 0.415 0.275 -0.006957436134 2
0 0.415 0.285 -0.006636860365 2
0 0.415 0.295 -0.006270737566 2
0 0.415 0.305 -0.005861009976 2
0 0.415 0.315 -0.00541018503 2
0 0.415 0.325 -0.004921217128 2
0 0.415 0.335 -0.004397730702 2
0 0.415 0.345 -0.003843230726 2
0 0.415 0.355 -0.003263489258 2
0 0.415 0.365 -0.002659214137 2
0 0.415 0.375 -0.002048590363 2
0 0.415 0.385 -0.001398265293 2
0 0.415 0.395 -0.0008343160171 2
0 0.415 0.405 0 2
0 0.415 0.415 0 2
0 0.415 0.425 0 2
0 0.415 0.435 0 2
0 0.415 0.445 0 2
0 0.415 0.455 0 2
0 0.415 0.465 0 2
0 0.425 -0.455 0 1
0 0.425 -0.445 0 1
0 0.425 -0.435 0 1
0 0.425 -0.425 0 1
0 0.425 -0.415 0 1
0 0.425 -0.405 0 1
0 0.425 -0.395 0.0005175118507 1
0 0.425 -0.385 0.0008947170996 1
0 0.425 -0.375 0.001411202331 2
0 0.425 -0.365 0.001944508268 2
0 0.425 -0.355 0.00248737314 2
0 0.425 -0.345 0.002998028058 2
0 0.425 -0.335 0.003488350127 2
0 0.425 -0.325 0.003950732599 2
0 0.425 -0.315 0.004393835775 2
0 0.425 -0.305 0.004817294087 2
0 0.425 -0.295 0.005217317271 2
0 0.425 -0.285 0.005574834564 2
0 0.425 -0.275 0.00585748931 1
0 0.425 -0.265 0.006064246389 1
0 0.425 -0.255 0.006240167187 1
0 0.425 -0.245 0.006396241557 1
0 0.425 -0.235 0.006525123347 1
0 0.425 -0.225 0.006628101071 1
0 0.425 -0.215 0.006704249022 1
0 0.425 -0.205 0.006764311297 2
0 0.425 -0.195 0.006774210176 2
0 0.425 -0.185 0.006733867206 2
0 0.425 -0.175 0.006649341751 2
0 0.425 -0.165 0.006521635573 2
0 0.425 -0.155 0.006345577647 2
0 0.425 -0.145 0.006121798452 2
0 0.425 -0.135 0.005857061961 2
0 0.425 -0.125 0.005555610777 2
0 0.425 -0.115 0.005219604014 2
0 0.425 -0.105 0.004849838675 2
0 0.425 -0.095 0.004447774243 2
0 0.425 -0.085 0.004015537378 2
0 0.425 -0.075 0.003555466186 2
0 0.425 -0.065 0.003069753315 2
0 0.425 -0.055 0.002560649062 2
0 0.425 -0.045 0.002030961119 2
0 0.425 -0.035 0.001484407907 2
0 0.425 -0.025 0.0009255216569 2
0 0.425 -0.015 0.0003592168311 2
0 0.425 -0.005 -0.0002096757666 2
0 0.425 0.005 -0.000776557474 2
0 0.425 0.015 -0.001337372122 2
0 0.425 0.025 -0.001888996283 2
0 0.425 0.035 -0.002428370367 2
0 0.425 0.045 -0.002951718686 2
0 0.425 0.055 -0.003455014377 2
0 0.425 0.065 -0.003934448622 2
0 0.425 0.075 -0.004387668927 2
0 0.425 0.085 -0.004812390338 2
0 0.425 0.095 -0.005207629722 2
0 0.425 0.105 -0.005577784343 2
0 0.425 0.115 -0.005918573293 2
0 0.425 0.125 -0.006200730392 1
0 0.425 0.135 -0.006415130314 1
0 0.425 0.145 -0.006612501357 1
0 0.425 0.155 -0.006831202269 2
0 0.425 0.165 -0.007038640852 2
0 0.425 0.175 -0.007218794283 2
0 0.425 0.185 -0.007354417376 2
0 0.425 0.195 -0.007450644184 2
0 0.425 0.205 -0.007500324372 2
0 0.425 0.215 -0.007505089152 2
0 0.425 0.225 -0.007466166087 2
0 0.425 0.235 -0.007383081387 2
0 0.425 0.245 -0.007255578714 2
0 0.425 0.255 -0.007083527042 2
0 0.425 0.265 -0.006866729701 2
0 0.425 0.275 -0.006605254178 2
0 0.425 0.285 -0.006299638879 2
0 0.425 0.295 -0.005951055955 2
0 0.425 0.305 -0.005561307101 2
0 0.425 0.315 -0.005132777262 2
0 0.425 0.325 -0.00466827873 2
0 0.425 0.335 -0.004171246091 2
0 0.425 0.345 -0.003644990035 2
0 0.425 0.355 -0.003094957997 2
0 0.425 0.365 -0.002521785356 2
0 0.425 0.375 -0.001942677847 2
0 0.425 0.385 -0.001325966064 2
0 0.425 0.395 -0.0007911841515 2
0 0.425 0.405 0 2
0 0.425 0.415 0 2
0 0.425 0.425 0 2
0 0.425 0.435 0 2
0 0.425 0.445 0 2
0 0.425 0.455 0 2
0 0.425 0.465 0 2
0 0.435 -0.455 0 1
0 0.435 -0.445 0 1
0 0.435 -0.435 0 1
0 0.435 -0.425 0 1
0 0.435 -0.415 0 1
0 0.435 -0.405 0 1
0 0.435 -0.395 0.0005239108576 1
0 0.435 -0.385 0.0009032919067 1
0 0.435 -0.375 0.001361679375 1
0 0.435 -0.365 0.001818879188 1
0 0.435 -0.355 0.002293942585 1
0 0.435 -0.345 0.002753780678 1
0 0.435 -0.335 0.003195380487 1
0 0.435 -0.325 0.003599842758 1
0 0.435 -0.315 0.003982236021 1
0 0.435 -0.305 0.004377053958 2
0 0.435 -0.295 0.004760774504 2
0 0.435 -0.285 0.005115019872 2
0 0.435 -0.275 0.005422698004 2
0 0.435 -0.265 0.005672454697 2
0 0.435 -0.255 0.005855882015 1
0 0.435 -0.245 0.006027448974 2
0 0.435 -0.235 0.006169910022 2
0 0.435 -0.225 0.006287928391 2
0 0.435 -0.215 0.006367001066 2
0 0.435 -0.205 0.006407298555 2
0 0.435 -0.195 0.006406838818 2
0 0.435 -0.185 0.006363438306 2
0 0.435 -0.175 0.006277386745 2
0 0.435 -0.165 0.006150029368 2
0 0.435 -0.155 0.005978000029 2
0 0.435 -0.145 0.005764987187 2
0 0.435 -0.135 0.00551347626 2
0 0.435 -0.125 0.005226539439 2
0 0.435 -0.115 0.004906390065 2
0 0.435 -0.105 0.004554381671 2
0 0.435 -0.095 0.004171858445 2
0 0.435 -0.085 0.003760394067 2
0 0.435 -0.075 0.003321832101 2
0 0.435 -0.065 0.002858230559 2
0 0.435 -0.055 0.002371975598 2
0 0.435 -0.045 0.001866041437 2
0 0.435 -0.035 0.001344185307 2
0 0.435 -0.025 0.0008109630519 2
0 0.435 -0.015 0.0002715591783 2
0 0.435 -0.005 -0.0002686785892 2
0 0.435 0.005 -0.0008044168556 2
0 0.435 0.015 -0.001331670361 2
0 0.435 0.025 -0.001848465206 2
0 0.435 0.035 -0.002352167694 2
0 0.435 0.045 -0.002838461226 2
0 0.435 0.055 -0.003302810991 2
0 0.435 0.065 -0.00374149151 2
0 0.435 0.075 -0.004152698836 2
0 0.435 0.085 -0.00453600696 2
0 0.435 0.095 -0.00489054598 2
0 0.435 0.105 -0.00522247369 2
0 0.435 0.115 -0.005534301634 2
0 0.435 0.125 -0.005825870829 2
0 0.435 0.135 -0.006084966772 2
0 0.435 0.145 -0.006315246758 2
0 0.435 0.155 -0.006526169462 2
0 0.435 0.165 -0.006714883412 2
0 0.435 0.175 -0.006873223024 2
0 0.435 0.185 -0.006989384685 2
0 0.435 0.195 -0.007068060262 2
0 0.435 0.205 -0.007105319782 2
0 0.435 0.215 -0.0071029039 2
0 0.435 0.225 -0.00706006774 2
0 0.435 0.235 -0.006976610338 2
0 0.435 0.245 -0.006852360361 2
0 0.435 0.255 -0.006687077639 2
0 0.435 0.265 -0.00648036926 2
0 0.435 0.275 -0.006231937734 2
0 0.435 0.285 -0.005942085638 2
0 0.435 0.295 -0.005611947519 2
0 0.435 0.305 -0.00524327377 2
0 0.435 0.315 -0.004838304191 2
0 0.435 0.325 -0.0043997236 2
0 0.435 0.335 -0.003930762427 2
0 0.435 0.345 -0.003434510493 2
0 0.435 0.355 -0.002916053632 2
0 0.435 0.365 -0.002375934817 2
0 0.435 0.375 -0.001830309352 2
0 0.435 0.385 -0.001249284806 2
0 0.435 0.395 -0.0007454545426 2
0 0.435 0.405 0 2
0 0.435 0.415 0 2
0 0.435 0.425 0 2
0 0.435 0.435 0 2
0 0.435 0.445 0 2
0 0.435 0.455 0 2
0 0.435 0.465 0 2
0 0.445 -0.455 0 1
0 0.445 -0.445 0 1
0 0.445 -0.435 0 1
0 0.445 -0.425 0 1
0 0.445 -0.415 0 1
0 0.445 -0.405 0 1
0 0.445 -0.395 0.0005193491313 1
0 0.445 -0.385 0.0008855833625 1
0 0.445 -0.375 0.001316629827 1
0 0.445 -0.365 0.001731894857 1
0 0.445 -0.355 0.002154909577 1
0 0.445 -0.345 0.002568045822 1
0 0.445 -0.335 0.002966799149 1
0 0.445 -0.325 0.003340097441 1
0 0.445 -0.315 0.003695395594 1
0 0.445 -0.305 0.004020807984 1
0 0.445 -0.295 0.004327428169 1
0 0.445 -0.285 0.004661595942 2
0 0.445 -0.275 0.004976407749 2
0 0.445 -0.265 0.00525086132 2
0 0.445 -0.255 0.005476677599 2
0 0.445 -0.245 0.005658555805 2
0 0.445 -0.235 0.005804045356 2
0 0.445 -0.225 0.005921039837 2
0 0.445 -0.215 0.005994743276 2
0 0.445 -0.205 0.006027188234 2
0 0.445 -0.195 0.006019832275 2
0 0.445 -0.185 0.005972413394 2
0 0.445 -0.175 0.005882598719 2
0 0.445 -0.165 0.005754469577 2
0 0.445 -0.155 0.00558859211 2
0 0.445 -0.145 0.005385872694 2
0 0.445 -0.135 0.005147917385 2
0 0.445 -0.125 0.004876836022 2
0 0.445 -0.115 0.004574329523 2
0 0.445 -0.105 0.004241675771 2
0 0.445 -0.095 0.003880059359 2
0 0.445 -0.085 0.003490804764 2
0 0.445 -0.075 0.003075514427 2
0 0.445 -0.065 0.002636128908 2
0 0.445 -0.055 0.002175019983 2
0 0.445 -0.045 0.001695141103 2
0 0.445 -0.035 0.001200122179 2
0 0.445 -0.025 0.0006943905972 2
0 0.445 -0.015 0.0001830650311 2
0 0.445 -0.005 -0.0003281793575 2
0 0.445 0.005 -0.0008329593761 2
0 0.445 0.015 -0.001327669506 2
0 0.445 0.025 -0.0018070087 2
0 0.445 0.035 -0.002272379164 2
0 0.445 0.045 -0.002718927611 2
0 0.445 0.055 -0.003137792669 2
0 0.445 0.065 -0.003533455004 2
0 0.445 0.075 -0.003904163044 2
0 0.445 0.085 -0.004250293318 2
0 0.445 0.095 -0.004577264544 2
0 0.445 0.105 -0.004886005371 2
0 0.445 0.115 -0.005180041767 2
0 0.445 0.125 -0.005463627495 2
0 0.445 0.135 -0.005731120098 2
0 0.445 0.145 -0.005968805413 2
0 0.445 0.155 -0.006171875539 2
0 0.445 0.165 -0.006341204055 2
0 0.445 0.175 -0.006479360325 2
0 0.445 0.185 -0.006581164247 2
0 0.445 0.195 -0.006647112555 2
0 0.445 0.205 -0.006676921975 2
0 0.445 0.215 -0.006670101336 2
0 0.445 0.225 -0.006625929691 2
0 0.445 0.235 -0.006544265809 2
0 0.445 0.245 -0.0064249233 2
0 0.445 0.255 -0.006267674812 2
0 0.445 0.265 -0.006072180028 2
0 0.445 0.275 -0.005837842375 2
0 0.445 0.285 -0.005564625663 2
0 0.445 0.295 -0.005253788392 2
0 0.445 0.305 -0.004907246678 2
0 0.445 0.315 -0.00452711554 2
0 0.445 0.325 -0.004115912756 2
0 0.445 0.335 -0.003676649725 2
0 0.445 0.345 -0.003212161064 2
0 0.445 0.355 -0.002727127733 2
0 0.445 0.365 -0.00222197875 2
0 0.445 0.375 -0.00171175067 2
0 0.445 0.385 -0.001168417487 2
0 0.445 0.395 -0.0006972539443 2
0 0.445 0.405 0 2
0 0.445 0.415 0 2
0 0.445 0.425 0 2
0 0.445 0.435 0 2
0 0.445 0.445 0 2
0 0.445 0.455 0 2
0 0.445 0.465 0 2
0 0.455 -0.455 0 1
0 0.455 -0.445 0 1
0 0.455 -0.435 0 1
0 0.455 -0.425 0 1
0 0.455 -0.415 0 1
0 0.455 -0.405 0 1
0 0.455 -0.395 0.0005019097781 1
0 0.455 -0.385 0.0008500771388 1
0 0.455 -0.375 0.001253876632 1
0 0.455 -0.365 0.001638224337 1
0 0.455 -0.355 0.002023355386 1
0 0.455 -0.345 0.002397062772 1
0 0.455 -0.335 0.002756990149 1
0 0.455 -0.325 0.003097435117 1
0 0.455 -0.315 0.003418770243 1
0 0.455 -0.305 0.003716117552 1
0 0.455 -0.295 0.003986426171 1
0 0.455 -0.285 0.004255289174 1
0 0.455 -0.275 0.004552716587 2
0 0.455 -0.265 0.00483449194 2
0 0.455 -0.255 0.005081008855 2
0 0.455 -0.245 0.005272315287 2
0 0.455 -0.235 0.005417165799 2
0 0.455 -0.225 0.005524367289 2
0 0.455 -0.215 0.00559043531 2
0 0.455 -0.205 0.005616003851 2
0 0.455 -0.195 0.005600643895 2
0 0.455 -0.185 0.005548012178 2
0 0.455 -0.175 0.00545917091 2
0 0.455 -0.165 0.005335408652 2
0 0.455 -0.155 0.005177349966 2
0 0.455 -0.145 0.00498601537 2
0 0.455 -0.135 0.004762662766 2
0 0.455 -0.125 0.004508731432 2
0 0.455 -0.115 0.004225432114 2
0 0.455 -0.105 0.003913774173 2
0 0.455 -0.095 0.003574728321 2
0 0.455 -0.085 0.00320943251 2
0 0.455 -0.075 0.002819332905 2
0 0.455 -0.065 0.002406264866 2
0 0.455 -0.055 0.001972500191 2
0 0.455 -0.045 0.001520824185 2
0 0.455 -0.035 0.001054527181 2
0 0.455 -0.025 0.0005776285668 2
0 0.455 -0.015 9.453694334e-05 2
0 0.455 -0.005 -0.0003889905338 2
0 0.455 0.005 -0.0008663293242 2
0 0.455 0.015 -0.001335046445 2
0 0.455 0.025 -0.001782894312 2
0 0.455 0.035 -0.002206456965 2
0 0.455 0.045 -0.002598191997 2
0 0.455 0.055 -0.002954375176 2
0 0.455 0.065 -0.003298476053 2
0 0.455 0.075 -0.003630632503 2
0 0.455 0.085 -0.003950711587 2
0 0.455 0.095 -0.004260281925 2
0 0.455 0.105 -0.004552836078 2
0 0.455 0.115 -0.004832564019 2
0 0.455 0.125 -0.00509838349 2
0 0.455 0.135 -0.005345042405 2
0 0.455 0.145 -0.005567791616 2
0 0.455 0.155 -0.005759749592 2
0 0.455 0.165 -0.005915031204 2
0 0.455 0.175 -0.006038318981 2
0 0.455 0.185 -0.006132330013 2
0 0.455 0.195 -0.006193312963 2
0 0.455 0.205 -0.006219155269 2
0 0.455 0.215 -0.006211241769 2
0 0.455 0.225 -0.006169079785 2
0 0.455 0.235 -0.006091150552 2
0 0.455 0.245 -0.005978099163 2
0 0.455 0.255 -0.005830209842 2
0 0.455 0.265 -0.005645457614 2
0 0.455 0.275 -0.00542323063 2
0 0.455 0.285 -0.005167413856 2
0 0.455 0.295 -0.004876792798 2
0 0.455 0.305 -0.004553429177 2
0 0.455 0.315 -0.004199432972 2
0 0.455 0.325 -0.003817131026 2
0 0.455 0.335 -0.003409243048 2
0 0.455 0.345 -0.002978305179 2
0 0.455 0.355 -0.00252854334 2
0 0.455 0.365 -0.002060252042 2
0 0.455 0.375 -0.001587286824 2
0 0.455 0.385 -0.001083575262 2
0 0.455 0.395 -0.0006467190033 2
0 0.455 0.405 0 2
0 0.455 0.415 0 2
0 0.455 0.425 0 2
0 0.455 0.435 0 2
0 0.455 0.445 0 2
0 0.455 0.455 0 2
0 0.455 0.465 0 2
0 0.465 -0.455 0 1
0 0.465 -0.445 0 1
0 0.465 -0.435 0 1
0 0.465 -0.425 0 1
0 0.465 -0.415 0 1
0 0.465 -0.405 0 1
0 0.465 -0.395 0.0004729942635 1
0 0.465 -0.385 0.0007988712569 1
0 0.465 -0.375 0.001176080422 1
0 0.465 -0.365 0.001533011449 1
0 0.465 -0.355 0.00188803725 1
0 0.465 -0.345 0.002228950417 1
0 0.465 -0.335 0.0025544864 1
0 0.465 -0.325 0.002862189869 1
0 0.465 -0.315 0.003150222931 1
0 0.465 -0.305 0.003419671229 1
0 0.465 -0.295 0.003659928845 1
0 0.465 -0.285 0.003901692285 1
0 0.465 -0.275 0.004174224468 2
0 0.465 -0.265 0.004438063094 2
0 0.465 -0.255 0.00467673303 2
0 0.465 -0.245 0.004857667651 2
0 0.465 -0.235 0.004988644529 2
0 0.465 -0.225 0.005081820293 2
0 0.465 -0.215 0.005141181345 2
0 0.465 -0.205 0.005162366965 2
0 0.465 -0.195 0.005145123417 2
0 0.465 -0.185 0.005094403494 2
0 0.465 -0.175 0.005009769315 2
0 0.465 -0.165 0.004892957433 2
0 0.465 -0.155 0.004745008926 2
0 0.465 -0.145 0.004566855373 2
0 0.465 -0.135 0.004359582484 2
0 0.465 -0.125 0.004124265315 2
0 0.465 -0.115 0.003861777394 2
0 0.465 -0.105 0.003572812925 2
0 0.465 -0.095 0.003258098183 2
0 0.465 -0.085 0.002918599929 2
0 0.465 -0.075 0.002555652293 2
0 0.465 -0.065 0.002171015845 2
0 0.465 -0.055 0.00176684087 2
0 0.465 -0.045 0.001345663989 2
0 0.465 -0.035 0.0009102781446 2
0 0.465 -0.025 0.0004640325351 2
0 0.465 -0.015 9.886518171e-06 2
0 0.465 -0.005 -0.0004468836108 2
0 0.465 0.005 -0.0009050113151 2
0 0.465 0.015 -0.001355665569 2
0 0.465 0.025 -0.001780043716 2
0 0.465 0.035 -0.002155775468 1
0 0.465 0.045 -0.002462320513 1
0 0.465 0.055 -0.00274138998 1
0 0.465 0.065 -0.003021161729 1
0 0.465 0.075 -0.003321673013 2
0 0.465 0.085 -0.003627739181 2
0 0.465 0.095 -0.003923412592 2
0 0.465 0.105 -0.004194343907 2
0 0.465 0.115 -0.004450018875 2
0 0.465 0.125 -0.004689720931 2
0 0.465 0.135 -0.00490831474 2
0 0.465 0.145 -0.0051080312 2
0 0.465 0.155 -0.005287037684 2
0 0.465 0.165 -0.005434383714 2
0 0.465 0.175 -0.005550715217 2
0 0.465 0.185 -0.005635932064 2
0 0.465 0.195 -0.005689825364 2
0 0.465 0.205 -0.005713100477 2
0 0.465 0.215 -0.005706926928 2
0 0.465 0.225 -0.005670904917 2
0 0.465 0.235 -0.005603474431 2
0 0.465 0.245 -0.005502325409 2
0 0.465 0.255 -0.005367828211 2
0 0.465 0.265 -0.005197211786 2
0 0.465 0.275 -0.00498892384 2
0 0.465 0.285 -0.004749768973 2
0 0.465 0.295 -0.004480697097 2
0 0.465 0.305 -0.004181761478 2
0 0.465 0.315 -0.003855343084 2
0 0.465 0.325 -0.003503624545 2
0 0.465 0.335 -0.003128896469 2
0 0.465 0.345 -0.002733352603 2
0 0.465 0.355 -0.002320718178 2
0 0.465 0.365 -0.001891140899 2
0 0.465 0.375 -0.001457244717 2
0 0.465 0.385 -0.0009949981819 2
0 0.465 0.395 -0.0005940032718 2
0 0.465 0.405 0 2
0 0.465 0.415 0 2
0 0.465 0.425 0 2
0 0.465 0.435 0 2
0 0.465 0.445 0 2
0 0.465 0.455 0 2
0 0.465 0.465 0 2
0 0.475 -0.455 0 1
0 0.475 -0.445 0 1
0 0.475 -0.435 0 1
0 0.475 -0.425 0 1
0 0.475 -0.415 0 1
0 0.475 -0.405 0 1
0 0.475 -0.395 0.000446816864 1
0 0.475 -0.385 0.0007525652013 1
0 0.475 -0.375 0.001106356896 1
0 0.475 -0.365 0.001439935095 1
0 0.475 -0.355 0.00176345426 1
0 0.475 -0.345 0.002068641749 1
0 0.475 -0.335 0.00235546563 1
0 0.475 -0.325 0.002628050668 1
0 0.475 -0.315 0.002884180538 1
0 0.475 -0.305 0.003124059573 1
0 0.475 -0.295 0.003342849585 1
0 0.475 -0.285 0.003566347846 1
0 0.475 -0.275 0.003812510898 2
0 0.475 -0.265 0.004050992491 2
0 0.475 -0.255 0.004259701935 1
0 0.475 -0.245 0.004400862735 1
0 0.475 -0.235 0.004504559006 1
0 0.475 -0.225 0.004583242136 1
0 0.475 -0.215 0.004644658564 2
0 0.475 -0.205 0.004671015877 2
0 0.475 -0.195 0.004659744244 2
0 0.475 -0.185 0.004613116989 2
0 0.475 -0.175 0.004536042802 2
0 0.475 -0.165 0.004429298013 2
0 0.475 -0.155 0.004294065452 2
0 0.475 -0.145 0.004131028464 2
0 0.475 -0.135 0.003941386844 2
0 0.475 -0.125 0.003726160918 2
0 0.475 -0.115 0.003485991102 2
0 0.475 -0.105 0.003221212431 2
0 0.475 -0.095 0.002932319272 2
0 0.475 -0.085 0.002620252897 2
0 0.475 -0.075 0.002286321054 2
0 0.475 -0.065 0.001932204231 2
0 0.475 -0.055 0.001559975617 2
0 0.475 -0.045 0.001171945991 2
0 0.475 -0.035 0.0007704119768 2
0 0.475 -0.025 0.000358037079 2
0 0.475 -0.015 -6.383189712e-05 2
0 0.475 -0.005 -0.0004902017705 2
0 0.475 0.005 -0.0009305209787 2
0 0.475 0.015 -0.00134618512 2
0 0.475 0.025 -0.001710037848 1
0 0.475 0.035 -0.00200671213 1
0 0.475 0.045 -0.002271795901 1
0 0.475 0.055 -0.002529116935 1
0 0.475 0.065 -0.002787451045 1
0 0.475 0.075 -0.003043983251 1
0 0.475 0.085 -0.003299628282 1
0 0.475 0.095 -0.003553293888 1
0 0.475 0.105 -0.003791415572 1
0 0.475 0.115 -0.004016031971 1
0 0.475 0.125 -0.004224560462 1
0 0.475 0.135 -0.004410255176 1
0 0.475 0.145 -0.004579075668 1
0 0.475 0.155 -0.004747673681 2
0 0.475 0.165 -0.004894401389 2
0 0.475 0.175 -0.005003589127 1
0 0.475 0.185 -0.005072070687 1
0 0.475 0.195 -0.005115036157 1
0 0.475 0.205 -0.005136079597 1
0 0.475 0.215 -0.005133317134 1
0 0.475 0.225 -0.005106722572 1
0 0.475 0.235 -0.005058300001 1
0 0.475 0.245 -0.004984338721 1
0 0.475 0.255 -0.00487320368 2
0 0.475 0.265 -0.004721547148 2
0 0.475 0.275 -0.004532537427 2
0 0.475 0.285 -0.004312449445 2
0 0.475 0.295 -0.004064880836 2
0 0.475 0.305 -0.00379202642 2
0 0.475 0.315 -0.003494926831 2
0 0.475 0.325 -0.003175718982 2
0 0.475 0.335 -0.002836083761 2
0 0.475 0.345 -0.002477837674 2
0 0.475 0.355 -0.002104181929 2
0 0.475 0.365 -0.001715122565 2
0 0.475 0.375 -0.001322019026 2
0 0.475 0.385 -0.0009029701914 2
0 0.475 0.395 -0.0005392845748 2
0 0.475 0.405 0 2
0 0.475 0.415 0 2
0 0.475 0.425 0 2
0 0.475 0.435 0 2
0 0.475 0.445 0 2
0 0.475 0.455 0 2
0 0.475 0.465 0 2
0 0.485 -0.455 0 1
0 0.485 -0.445 0 1
0 0.485 -0.435 0 1
0 0.485 -0.425 0 1
0 0.485 -0.415 0 1
0 0.485 -0.405 0 1
0 0.485 -0.395 0.0004146405399 1
0 0.485 -0.385 0.0007010304245 1
0 0.485 -0.375 0.00104025962 1
0 0.485 -0.365 0.001357702194 1
0 0.485 -0.355 0.001646887967 1
0 0.485 -0.345 0.001911179503 1
0 0.485 -0.335 0.002155239262 1
0 0.485 -0.325 0.002390361018 1
0 0.485 -0.315 0.002613253094 1
0 0.485 -0.305 0.002823793187 1
0 0.485 -0.295 0.003023837341 1
0 0.485 -0.285 0.003227378423 1
0 0.485 -0.275 0.003436764079 2
0 0.485 -0.265 0.00362357923 1
0 0.485 -0.255 0.003782840432 1
0 0.485 -0.245 0.003900170381 1
0 0.485 -0.235 0.003994020433 1
0 0.485 -0.225 0.004064479772 1
0 0.485 -0.215 0.004120638685 2
0 0.485 -0.205 0.004150833649 2
0 0.485 -0.195 0.004147698617 2
0 0.485 -0.185 0.004107162061 2
0 0.485 -0.175 0.004040901095 2
0 0.485 -0.165 0.003947391083 2
0 0.485 -0.155 0.003827523804 2
0 0.485 -0.145 0.00368177333 2
0 0.485 -0.135 0.003511358567 2
0 0.485 -0.125 0.003317319892 2
0 0.485 -0.115 0.003100475065 2
0 0.485 -0.105 0.002861019729 2
0 0.485 -0.095 0.002599196725 2
0 0.485 -0.085 0.002315941274 2
0 0.485 -0.075 0.002012610858 2
0 0.485 -0.065 0.001690954606 2
0 0.485 -0.055 0.00135312129 2
0 0.485 -0.045 0.001001240655 2
0 0.485 -0.035 0.000637278159 2
0 0.485 -0.025 0.0002635197712 2
0 0.485 -0.015 -0.0001193537662 2
0 0.485 -0.005 -0.0005053928122 2
0 0.485 0.005 -0.0009051721793 2
0 0.485 0.015 -0.001267199877 2
0 0.485 0.025 -0.001578574191 1
0 0.485 0.035 -0.001832265065 1
0 0.485 0.045 -0.002058653286 1
0 0.485 0.055 -0.002286916853 1
0 0.485 0.065 -0.002510401764 1
0 0.485 0.075 -0.002728471906 1
0 0.485 0.085 -0.002941481387 1
0 0.485 0.095 -0.003151776787 1
0 0.485 0.105 -0.003354113856 1
0 0.485 0.115 -0.003546834123 1
0 0.485 0.125 -0.00372749909 1
0 0.485 0.135 -0.003894303521 1
0 0.485 0.145 -0.00404742331 1
0 0.485 0.155 -0.004181941927 1
0 0.485 0.165 -0.004296051184 1
0 0.485 0.175 -0.004390037468 1
0 0.485 0.185 -0.004455031425 1
0 0.485 0.195 -0.004495578163 1
0 0.485 0.205 -0.004516715078 1
0 0.485 0.215 -0.004517851515 1
0 0.485 0.225 -0.004499512655 1
0 0.485 0.235 -0.004463601078 1
0 0.485 0.245 -0.004407696353 1
0 0.485 0.255 -0.004325684701 1
0 0.485 0.265 -0.004207894073 2
0 0.485 0.275 -0.004048729995 2
0 0.485 0.285 -0.003852575507 2
0 0.485 0.295 -0.003627965043 2
0 0.485 0.305 -0.003383816777 2
0 0.485 0.315 -0.003118434996 2
0 0.485 0.325 -0.002833994478 2
0 0.485 0.335 -0.002531534459 2
0 0.485 0.345 -0.002212515025 2
0 0.485 0.355 -0.001879640154 2
0 0.485 0.365 -0.001532806428 2
0 0.485 0.375 -0.001182097432 2
0 0.485 0.385 -0.000807833076 2
0 0.485 0.395 -0.0004827715862 2
0 0.485 0.405 0 2
0 0.485 0.415 0 2
0 0.485 0.425 0 2
0 0.485 0.435 0 2
0 0.485 0.445 0 2
0 0.485 0.455 0 2
0 0.485 0.465 0 2
0 0.495 -0.455 0 2
0 0.495 -0.445 0 2
0 0.495 -0.435 0 1
0 0.495 -0.425 0 1
0 0.495 -0.415 0 1
0 0.495 -0.405 0 1
0 0.495 -0.395 0.0003578577373 1
0 0.495 -0.385 0.0006229391755 2
0 0.495 -0.375 0.0009550485732 2
0 0.495 -0.365 0.001262805918 2
0 0.495 -0.355 0.001524895236 1
0 0.495 -0.345 0.001741960913 1
0 0.495 -0.335 0.001943251805 1
0 0.495 -0.325 0.002141624396 1
0 0.495 -0.315 0.002331756933 1
0 0.495 -0.305 0.002514009292 1
0 0.495 -0.295 0.002691722653 1
0 0.495 -0.285 0.002875451979 2
0 0.495 -0.275 0.003032959819 1
0 0.495 -0.265 0.003169224086 1
0 0.495 -0.255 0.003287130097 1
0 0.495 -0.245 0.003383994778 1
0 0.495 -0.235 0.00346751942 1
0 0.495 -0.225 0.003528768752 1
0 0.495 -0.215 0.003573358062 1
0 0.495 -0.205 0.003608680837 2
0 0.495 -0.195 0.003613746608 2
0 0.495 -0.185 0.003585174627 2
0 0.495 -0.175 0.003534487422 2
0 0.495 -0.165 0.003457214065 2
0 0.495 -0.155 0.003355230659 2
0 0.495 -0.145 0.003227403771 2
0 0.495 -0.135 0.003076178322 2
0 0.495 -0.125 0.002904084459 2
0 0.495 -0.115 0.002710076947 2
0 0.495 -0.105 0.002493738977 2
0 0.495 -0.095 0.002259635922 2
0 0.495 -0.085 0.002006322203 2
0 0.495 -0.075 0.001734942495 2
0 0.495 -0.065 0.001447489372 2
0 0.495 -0.055 0.001146460947 2
0 0.495 -0.045 0.0008338597468 2
0 0.495 -0.035 0.0005113865047 2
0 0.495 -0.025 0.0001811225193 2
0 0.495 -0.015 -0.0001563638002 2
0 0.495 -0.005 -0.0004945443384 2
0 0.495 0.005 -0.0008420833664 2
0 0.495 0.015 -0.001151577359 2
0 0.495 0.025 -0.001419295477 1
0 0.495 0.035 -0.001637082947 1
0 0.495 0.045 -0.001828341395 1
0 0.495 0.055 -0.002021766253 1
0 0.495 0.065 -0.002207923068 1
0 0.495 0.075 -0.002389230953 1
0 0.495 0.085 -0.002565378816 1
0 0.495 0.095 -0.002737402789 1
0 0.495 0.105 -0.002904861129 1
0 0.495 0.115 -0.003065498311 1
0 0.495 0.125 -0.003217071319 1
0 0.495 0.135 -0.003358514698 1
0 0.495 0.145 -0.003486360783 1
0 0.495 0.155 -0.003595558154 1
0 0.495 0.165 -0.003687768456 1
0 0.495 0.175 -0.00376542809 1
0 0.495 0.185 -0.003823458316 1
0 0.495 0.195 -0.003861792103 1
0 0.495 0.205 -0.003882971346 1
0 0.495 0.215 -0.003887482381 1
0 0.495 0.225 -0.003875883387 1
0 0.495 0.235 -0.003848927901 1
0 0.495 0.245 -0.003805271364 1
0 0.495 0.255 -0.003741842796 1
0 0.495 0.265 -0.003654559367 1
0 0.495 0.275 -0.003533091542 2
0 0.495 0.285 -0.00336809488 2
0 0.495 0.295 -0.003169635198 2
0 0.495 0.305 -0.00295755708 2
0 0.495 0.315 -0.002726829713 2
0 0.495 0.325 -0.002479595145 2
0 0.495 0.335 -0.002216409588 2
0 0.495 0.345 -0.001938461009 2
0 0.495 0.355 -0.001648032827 2
0 0.495 0.365 -0.00134496764 2
0 0.495 0.375 -0.001038079475 2
0 0.495 0.385 -0.0007099961946 2
0 0.495 0.395 -0.0004247081386 2
0 0.495 0.405 0 2
0 0.495 0.415 0 2
0 0.495 0.425 0 2
0 0.495 0.435 0 2
0 0.495 0.445 0 2
0 0.495 0.455 0 2
0 0.495 0.465 0 2
0 0.505 -0.455 0 2
0 0.505 -0.445 0 2
0 0.505 -0.435 0 2
0 0.505 -0.425 0 1
0 0.505 -0.415 0 1
0 0.505 -0.405 0 1
0 0.505 -0.395 0.0003201114871 1
0 0.505 -0.385 0.0005517430974 2
0 0.505 -0.375 0.0008292245216 2
0 0.505 -0.365 0.001080784293 2
0 0.505 -0.355 0.001306249727 2
0 0.505 -0.345 0.001512114757 2
0 0.505 -0.335 0.0016990321 2
0 0.505 -0.325 0.001874766299 2
0 0.505 -0.315 0.002041945824 2
0 0.505 -0.305 0.002208572225 2
0 0.505 -0.295 0.002364123739 2
0 0.505 -0.285 0.002492483695 1
0 0.505 -0.275 0.002600012178 1
0 0.505 -0.265 0.002696921706 1
0 0.505 -0.255 0.002783178253 1
0 0.505 -0.245 0.002860074269 1
0 0.505 -0.235 0.002926714315 1
0 0.505 -0.225 0.00297954298 1
0 0.505 -0.215 0.003020681721 1
0 0.505 -0.205 0.003047385103 2
0 0.505 -0.195 0.003053018586 2
0 0.505 -0.185 0.003039237155 2
0 0.505 -0.175 0.003002516417 2
0 0.505 -0.165 0.002942296794 2
0 0.505 -0.155 0.002860447744 2
0 0.505 -0.145 0.002756983201 2
0 0.505 -0.135 0.002631479263 2
0 0.505 -0.125 0.002484242801 2
0 0.505 -0.115 0.002313574835 2
0 0.505 -0.105 0.00212201109 2
0 0.505 -0.095 0.001915762828 2
0 0.505 -0.085 0.00169074578 2
0 0.505 -0.075 0.001452439428 2
0 0.505 -0.065 0.001200895685 2
0 0.505 -0.055 0.0009390763763 2
0 0.505 -0.045 0.0006688546886 2
0 0.505 -0.035 0.0003915405319 2
0 0.505 -0.025 0.0001089814796 2
0 0.505 -0.015 -0.0001782479187 2
0 0.505 -0.005 -0.0004641521612 2
0 0.505 0.005 -0.000756221282 2
0 0.505 0.015 -0.001015759524 2
0 0.505 0.025 -0.001240364144 1
0 0.505 0.035 -0.0014224608 1
0 0.505 0.045 -0.001581165544 1
0 0.505 0.055 -0.001739830075 1
0 0.505 0.065 -0.001891148063 1
0 0.505 0.075 -0.002037768002 1
0 0.505 0.085 -0.002179878193 1
0 0.505 0.095 -0.002318609484 1
0 0.505 0.105 -0.002453547626 1
0 0.505 0.115 -0.002583019699 1
0 0.505 0.125 -0.002705009537 1
0 0.505 0.135 -0.002817498345 1
0 0.505 0.145 -0.002918380734 1
0 0.505 0.155 -0.003006453903 1
0 0.505 0.165 -0.00308168785 1
0 0.505 0.175 -0.00314438865 1
0 0.505 0.185 -0.003194040754 1
0 0.505 0.195 -0.003229302185 1
0 0.505 0.205 -0.003249905657 1
0 0.505 0.215 -0.003256835346 1
0 0.505 0.225 -0.00325039922 1
0 0.505 0.235 -0.003230064743 1
0 0.505 0.245 -0.00319599031 1
0 0.505 0.255 -0.003148538023 1
0 0.505 0.265 -0.00308098916 1
0 0.505 0.275 -0.002985466368 2
0 0.505 0.285 -0.002854417321 2
0 0.505 0.295 -0.002690981209 2
0 0.505 0.305 -0.002515051589 2
0 0.505 0.315 -0.002322166543 2
0 0.505 0.325 -0.002114450055 2
0 0.505 0.335 -0.001892417524 2
0 0.505 0.345 -0.001657132044 2
0 0.505 0.355 -0.001410562396 2
0 0.505 0.365 -0.00115255996 2
0 0.505 0.375 -0.0008906820097 2
0 0.505 0.385 -0.0006099385161 2
0 0.505 0.395 -0.0003653737878 2
0 0.505 0.405 0 2
0 0.505 0.415 0 2
0 0.505 0.425 0 2
0 0.505 0.435 0 2
0 0.505 0.445 0 2
0 0.505 0.455 0 2
0 0.505 0.465 0 2
0 0.515 -0.455 0 2
0 0.515 -0.445 0 2
0 0.515 -0.435 0 2
0 0.515 -0.425 0 2
0 0.515 -0.415 0 2
0 0.515 -0.405 0 2
0 0.515 -0.395 0.0002905122759 2
0 0.515 -0.385 0.0004830192478 2
0 0.515 -0.375 0.0006951407435 2
0 0.515 -0.365 0.0008865997067 2
0 0.515 -0.355 0.001074039785 2
0 0.515 -0.345 0.001251196155 2
0 0.515 -0.335 0.001416200302 2
0 0.515 -0.325 0.001569312302 2
0 0.515 -0.315 0.001713094459 2
0 0.515 -0.305 0.001852539845 2
0 0.515 -0.295 0.001973215346 2
0 0.515 -0.285 0.002068314439 1
0 0.515 -0.275 0.002143241935 1
0 0.515 -0.265 0.002207634367 1
0 0.515 -0.255 0.002268407291 1
0 0.515 -0.245 0.002325192338 1
0 0.515 -0.235 0.002371195678 1
0 0.515 -0.225 0.002414381615 1
0 0.515 -0.215 0.002446629476 1
0 0.515 -0.205 0.002459175436 2
0 0.515 -0.195 0.00245885653 1
0 0.515 -0.185 0.002453345782 1
0 0.515 -0.175 0.002424918355 1
0 0.515 -0.165 0.002380122691 1
0 0.515 -0.155 0.002318988819 1
0 0.515 -0.145 0.002245886009 1
0 0.515 -0.135 0.002157182222 1
0 0.515 -0.125 0.002040688374 2
0 0.515 -0.115 0.001899631796 2
0 0.515 -0.105 0.001739323211 2
0 0.515 -0.095 0.001563811778 2
0 0.515 -0.085 0.001368457156 2
0 0.515 -0.075 0.001162628349 2
0 0.515 -0.065 0.0009491975057 2
0 0.515 -0.055 0.0007292353342 2
0 0.515 -0.045 0.0005044069335 2
0 0.515 -0.035 0.0002754016667 2
0 0.515 -0.025 4.371739309e-05 2
0 0.515 -0.015 -0.0001901505113 2
0 0.515 -0.005 -0.0004215575906 2
0 0.515 0.005 -0.0006575326499 2
0 0.515 0.015 -0.0008674560794 2
0 0.515 0.025 -0.001049377849 1
0 0.515 0.035 -0.001195827368 1
0 0.515 0.045 -0.00132204291 1
0 0.515 0.055 -0.001446449263 1
0 0.515 0.065 -0.001563517443 1
0 0.515 0.075 -0.00167614287 1
0 0.515 0.085 -0.001785082602 1
0 0.515 0.095 -0.001891460087 1
0 0.515 0.105 -0.001994856456 1
0 0.515 0.115 -0.002093782824 1
0 0.515 0.125 -0.002186653707 1
0 0.515 0.135 -0.00227218895 1
0 0.515 0.145 -0.00234911032 1
0 0.515 0.155 -0.002416886254 1
0 0.515 0.165 -0.002475715665 1
0 0.515 0.175 -0.002525625638 1
0 0.515 0.185 -0.002565943591 1
0 0.515 0.195 -0.002595578146 1
0 0.515 0.205 -0.002614263171 1
0 0.515 0.215 -0.00262255409 1
0 0.515 0.225 -0.002620405373 1
0 0.515 0.235 -0.002607355542 1
0 0.515 0.245 -0.002581211391 1
0 0.515 0.255 -0.002546839257 1
0 0.515 0.265 -0.002496874721 1
0 0.515 0.275 -0.002423562794 2
0 0.515 0.285 -0.002323067419 2
0 0.515 0.295 -0.002198592421 2
0 0.515 0.305 -0.00206102935 2
0 0.515 0.315 -0.001908039727 2
0 0.515 0.325 -0.001741399412 2
0 0.515 0.335 -0.00156183263 2
0 0.515 0.345 -0.001370351882 2
0 0.515 0.355 -0.001168674934 2
0 0.515 0.365 -0.0009566990385 2
0 0.515 0.375 -0.0007407268438 2
0 0.515 0.385 -0.0005082009129 2
0 0.515 0.395 -0.0003050798203 2
0 0.515 0.405 0 2
0 0.515 0.415 0 2
0 0.515 0.425 0 2
0 0.515 0.435 0 2
0 0.515 0.445 0 2
0 0.515 0.455 0 2
0 0.515 0.465 0 2
0 0.525 -0.455 0 2
0 0.525 -0.445 0 2
0 0.525 -0.435 0 2
0 0.525 -0.425 0 2
0 0.525 -0.415 0 2
0 0.525 -0.405 0 2
0 0.525 -0.395 0.0002252919131 2
0 0.525 -0.385 0.000377437825 2
0 0.525 -0.375 0.000542948127 2
0 0.525 -0.365 0.000691400221 2
0 0.525 -0.355 0.0008384894587 2
0 0.525 -0.345 0.0009785518014 2
0 0.525 -0.335 0.001111734409 2
0 0.525 -0.325 0.001236355197 2
0 0.525 -0.315 0.001352392289 2
0 0.525 -0.305 0.001457883569 2
0 0.525 -0.295 0.001544130385 2
0 0.525 -0.285 0.001610986267 1
0 0.525 -0.275 0.001660444739 1
0 0.525 -0.265 0.001700672369 1
0 0.525 -0.255 0.001740816721 1
0 0.525 -0.245 0.001777535493 1
0 0.525 -0.235 0.001805872582 1
0 0.525 -0.225 0.001834738713 1
0 0.525 -0.215 0.001853456975 2
0 0.525 -0.205 0.001850204374 1
0 0.525 -0.195 0.001845666133 1
0 0.525 -0.185 0.001837876117 1
0 0.525 -0.175 0.001813349747 1
0 0.525 -0.165 0.001780032506 1
0 0.525 -0.155 0.001735233311 1
0 0.525 -0.145 0.001682221833 1
0 0.525 -0.135 0.001616317467 1
0 0.525 -0.125 0.001539350857 1
0 0.525 -0.115 0.001449303982 1
0 0.525 -0.105 0.00133200647 2
0 0.525 -0.095 0.001193051232 2
0 0.525 -0.085 0.001032559008 2
0 0.525 -0.075 0.0008614325634 2
0 0.525 -0.065 0.000689830825 2
0 0.525 -0.055 0.0005150735505 2
0 0.525 -0.045 0.0003385603856 2
0 0.525 -0.035 0.0001603727724 2
0 0.525 -0.025 -1.833044776e-05 2
0 0.525 -0.015 -0.0001970889707 2
0 0.525 -0.005 -0.0003727388804 2
0 0.525 0.005 -0.0005510101026 2
0 0.525 0.015 -0.0007114739837 2
0 0.525 0.025 -0.0008512347408 1
0 0.525 0.035 -0.0009624272192 1
0 0.525 0.045 -0.001056837054 1
0 0.525 0.055 -0.00114746412 1
0 0.525 0.065 -0.001230809425 1
0 0.525 0.075 -0.001308149075 1
0 0.525 0.085 -0.001382321247 1
0 0.525 0.095 -0.001455318816 1
0 0.525 0.105 -0.001526202082 1
0 0.525 0.115 -0.001595375554 1
0 0.525 0.125 -0.001660572823 1
0 0.525 0.135 -0.001720237219 1
0 0.525 0.145 -0.001775115111 1
0 0.525 0.155 -0.001824888668 1
0 0.525 0.165 -0.001868393641 1
0 0.525 0.175 -0.001906131638 1
0 0.525 0.185 -0.001937417808 1
0 0.525 0.195 -0.001961217011 1
0 0.525 0.205 -0.001977252952 1
0 0.525 0.215 -0.00198446849 1
0 0.525 0.225 -0.001984700879 1
0 0.525 0.235 -0.001978299035 1
0 0.525 0.245 -0.001961597792 1
0 0.525 0.255 -0.001938791597 1
0 0.525 0.265 -0.001905640304 1
0 0.525 0.275 -0.001855039729 2
0 0.525 0.285 -0.001785611352 2
0 0.525 0.295 -0.001700383235 2
0 0.525 0.305 -0.001601498437 2
0 0.525 0.315 -0.001488891934 2
0 0.525 0.325 -0.001363845147 2
0 0.525 0.335 -0.001227297246 2
0 0.525 0.345 -0.00108019023 2
0 0.525 0.355 -0.0009239831623 2
0 0.525 0.365 -0.0007586133692 2
0 0.525 0.375 -0.0005891103053 2
0 0.525 0.385 -0.0004053690308 2
0 0.525 0.395 -0.0002441609933 2
0 0.525 0.405 0 2
0 0.525 0.415 0 2
0 0.525 0.425 0 2
0 0.525 0.435 0 2
0 0.525 0.445 0 2
0 0.525 0.455 0 2
0 0.525 0.465 0 2
0 0.535 -0.455 0 2
0 0.535 -0.445 0 2
0 0.535 -0.435 0 2
0 0.535 -0.425 0 2
0 0.535 -0.415 0 2
0 0.535 -0.405 0 2
0 0.535 -0.395 0.0001553388265 2
0 0.535 -0.385 0.0002643805354 2
0 0.535 -0.375 0.0003873811185 2
0 0.535 -0.365 0.0004974912747 2
0 0.535 -0.355 0.0006034065565 2
0 0.535 -0.345 0.0007036858241 2
0 0.535 -0.335 0.0007987066124 2
0 0.535 -0.325 0.0008867092718 2
0 0.535 -0.315 0.0009685430361 2
0 0.535 -0.305 0.001037814648 2
0 0.535 -0.295 0.001088565056 1
0 0.535 -0.285 0.001126686245 1
0 0.535 -0.275 0.001156031902 1
0 0.535 -0.265 0.001178912163 1
0 0.535 -0.255 0.001199926338 1
0 0.535 -0.245 0.001217350545 1
0 0.535 -0.235 0.001231549192 1
0 0.535 -0.225 0.00124366615 1
0 0.535 -0.215 0.00124554259 2
0 0.535 -0.205 0.001234736118 1
0 0.535 -0.195 0.001226646267 1
0 0.535 -0.185 0.001215958125 1
0 0.535 -0.175 0.00119690216 1
0 0.535 -0.165 0.001173443361 1
0 0.535 -0.155 0.001143101148 1
0 0.535 -0.145 0.001107002992 1
0 0.535 -0.135 0.001062168543 1
0 0.535 -0.125 0.001011148616 1
0 0.535 -0.115 0.0009525485314 1
0 0.535 -0.105 0.0008820383286 1
0 0.535 -0.095 0.0007899242592 2
0 0.535 -0.085 0.0006749926474 2
0 0.535 -0.075 0.0005461006534 2
0 0.535 -0.065 0.0004215207007 2
0 0.535 -0.055 0.0002957854292 2
0 0.535 -0.045 0.0001701049796 2
0 0.535 -0.035 4.436985419e-05 2
0 0.535 -0.025 -8.041973906e-05 2
0 0.535 -0.015 -0.0002036674967 2
0 0.535 -0.005 -0.0003232979403 2
0 0.535 0.005 -0.0004426150349 2
0 0.535 0.015 -0.0005528986843 2
0 0.535 0.025 -0.0006507767611 1
0 0.535 0.035 -0.0007271808813 1
0 0.535 0.045 -0.0007901746677 1
0 0.535 0.055 -0.0008477849152 1
0 0.535 0.065 -0.0008988233322 1
0 0.535 0.075 -0.0009417218388 1
0 0.535 0.085 -0.0009808227649 1
0 0.535 0.095 -0.001019671397 1
0 0.535 0.105 -0.001056250822 1
0 0.535 0.115 -0.001092126766 1
0 0.535 0.125 -0.001128021526 1
0 0.535 0.135 -0.001163497186 1
0 0.535 0.145 -0.001198081498 1
0 0.535 0.155 -0.001229774409 1
0 0.535 0.165 -0.001258723928 1
0 0.535 0.175 -0.001285781794 1
0 0.535 0.185 -0.001308751614 1
0 0.535 0.195 -0.001327211339 1
0 0.535 0.205 -0.001339303862 1
0 0.535 0.215 -0.001345701038 1
0 0.535 0.225 -0.001349193685 1
0 0.535 0.235 -0.001349368592 1
0 0.535 0.245 -0.001343505594 1
0 0.535 0.255 -0.001335129444 1
0 0.535 0.265 -0.00132068323 2
0 0.535 0.275 -0.001291024792 2
0 0.535 0.285 -0.001252955794 2
0 0.535 0.295 -0.001204253425 2
0 0.535 0.305 -0.001142529014 2
0 0.535 0.315 -0.001069254711 2
0 0.535 0.325 -0.0009852772534 2
0 0.535 0.335 -0.0008915328626 2
0 0.535 0.345 -0.000788784865 2
0 0.535 0.355 -0.0006781560181 2
0 0.535 0.365 -0.0005595758557 2
0 0.535 0.375 -0.0004367618356 2
0 0.535 0.385 -0.0003020504161 2
0 0.535 0.395 -0.0001829646805 2
0 0.535 0.405 0 2
0 0.535 0.415 0 2
0 0.535 0.425 0 2
0 0.535 0.435 0 2
0 0.535 0.445 0 2
0 0.535 0.455 0 2
0 0.535 0.465 0 2
0 0.545 -0.455 0 2
0 0.545 -0.445 0 2
0 0.545 -0.435 0 2
0 0.545 -0.425 0 2
0 0.545 -0.415 0 2
0 0.545 -0.405 0 2
0 0.545 -0.395 9.529220227e-05 2
0 0.545 -0.385 0.0001615952352 2
0 0.545 -0.375 0.000236494358 2
0 0.545 -0.365 0.0003033308106 2
0 0.545 -0.355 0.000366550551 2
0 0.545 -0.345 0.0004247593744 2
0 0.545 -0.335 0.0004781765491 2
0 0.545 -0.325 0.0005255268585 2
0 0.545 -0.315 0.0005669489159 2
0 0.545 -0.305 0.000598261281 2
0 0.545 -0.295 0.0006186233903 1
0 0.545 -0.285 0.0006321860855 1
0 0.545 -0.275 0.0006409506492 1
0 0.545 -0.265 0.0006467486319 1
0 0.545 -0.255 0.0006489635043 1
0 0.545 -0.245 0.0006479533482 1
0 0.545 -0.235 0.0006482030759 1
0 0.545 -0.225 0.0006416577881 1
0 0.545 -0.215 0.0006307976607 2
0 0.545 -0.205 0.0006180264178 1
0 0.545 -0.195 0.0006102040863 1
0 0.545 -0.185 0.0005997818813 1
0 0.545 -0.175 0.0005899021513 1
0 0.545 -0.165 0.0005758890116 1
0 0.545 -0.155 0.0005587036207 1
0 0.545 -0.145 0.0005373453515 1
0 0.545 -0.135 0.0005115127133 1
0 0.545 -0.125 0.0004828523631 1
0 0.545 -0.115 0.0004508216583 1
0 0.545 -0.105 0.0004119396202 1
0 0.545 -0.095 0.0003599802422 2
0 0.545 -0.085 0.0002947360783 2
0 0.545 -0.075 0.0002190752443 2
0 0.545 -0.065 0.000146335882 2
0 0.545 -0.055 7.268756054e-05 2
0 0.545 -0.045 -7.188268097e-07 2
0 0.545 -0.035 -7.357129922e-05 2
0 0.545 -0.025 -0.0001448191504 2
0 0.545 -0.015 -0.0002136124973 2
0 0.545 -0.005 -0.0002784261305 2
0 0.545 0.005 -0.0003397020683 2
0 0.545 0.015 -0.000396631132 2
0 0.545 0.025 -0.0004497679283 2
0 0.545 0.035 -0.0004953004044 1
0 0.545 0.045 -0.0005265754424 1
0 0.545 0.055 -0.0005519496308 1
0 0.545 0.065 -0.0005712488866 1
0 0.545 0.075 -0.0005843727979 1
0 0.545 0.085 -0.0005945228627 1
0 0.545 0.095 -0.0006051423289 2
0 0.545 0.105 -0.0006082945608 2
0 0.545 0.115 -0.0006080333852 2
0 0.545 0.125 -0.0006093763251 2
0 0.545 0.135 -0.0006122888435 1
0 0.545 0.145 -0.0006215682477 1
0 0.545 0.155 -0.0006320373218 1
0 0.545 0.165 -0.0006458631611 1
0 0.545 0.175 -0.0006615652546 1
0 0.545 0.185 -0.000676428486 1
0 0.545 0.195 -0.0006906918326 1
0 0.545 0.205 -0.0007020282343 1
0 0.545 0.215 -0.0007127927822 1
0 0.545 0.225 -0.0007246159974 1
0 0.545 0.235 -0.0007389692742 2
0 0.545 0.245 -0.0007486087832 2
0 0.545 0.255 -0.0007548409732 2
0 0.545 0.265 -0.0007528720181 2
0 0.545 0.275 -0.0007463533452 2
0 0.545 0.285 -0.0007354094684 2
0 0.545 0.295 -0.0007166467552 2
0 0.545 0.305 -0.0006890291542 2
0 0.545 0.315 -0.0006529765487 2
0 0.545 0.325 -0.000608796347 2
0 0.545 0.335 -0.0005570498766 2
0 0.545 0.345 -0.000498162925 2
0 0.545 0.355 -0.0004328076599 2
0 0.545 0.365 -0.0003608349378 2
0 0.545 0.375 -0.000284602259 2
0 0.545 0.385 -0.0001988514371 2
0 0.545 0.395 -0.0001218399043 2
0 0.545 0.405 0 2
0 0.545 0.415 0 2
0 0.545 0.425 0 2
0 0.545 0.435 0 2
0 0.545 0.445 0 2
0 0.545 0.455 0 2
0 0.545 0.465 0 2
0 0.555 -0.455 0 2
0 0.555 -0.445 0 2
0 0.555 -0.435 0 2
0 0.555 -0.425 0 2
0 0.555 -0.415 0 2
0 0.555 -0.405 0 2
0 0.555 -0.395 3.668667087e-05 2
0 0.555 -0.385 6.119740393e-05 2
0 0.555 -0.375 8.810431658e-05 2
0 0.555 -0.365 0.0001104611533 2
0 0.555 -0.355 0.0001295299241 2
0 0.555 -0.345 0.0001444195111 2
0 0.555 -0.335 0.0001550018609 2
0 0.555 -0.325 0.0001604140593 2
0 0.555 -0.315 0.000159775445 2
0 0.555 -0.305 0.0001531658654 2
0 0.555 -0.295 0.0001437179393 1
0 0.555 -0.285 0.000133469055 1
0 0.555 -0.275 0.0001221083667 1
0 0.555 -0.265 0.0001101969668 1
0 0.555 -0.255 9.467579132e-05 1
0 0.555 -0.245 7.863593842e-05 1
0 0.555 -0.235 6.430274603e-05 1
0 0.555 -0.225 4.072010324e-05 2
0 0.555 -0.215 1.727756902e-05 2
0 0.555 -0.205 2.498468287e-06 1
0 0.555 -0.195 -4.637603577e-06 1
0 0.555 -0.185 -1.250948774e-05 1
0 0.555 -0.175 -1.581904566e-05 1
0 0.555 -0.165 -1.857572518e-05 1
0 0.555 -0.155 -2.042506663e-05 1
0 0.555 -0.145 -2.530522236e-05 1
0 0.555 -0.135 -3.170006359e-05 1
0 0.555 -0.125 -4.01636542e-05 1
0 0.555 -0.115 -4.685569133e-05 1
0 0.555 -0.105 -5.592226809e-05 1
0 0.555 -0.095 -7.238640706e-05 2
0 0.555 -0.085 -9.101615998e-05 2
0 0.555 -0.075 -0.0001096361526 2
0 0.555 -0.065 -0.0001294026959 2
0 0.555 -0.055 -0.0001505266792 2
0 0.555 -0.045 -0.0001720542429 2
0 0.555 -0.035 -0.0001930716556 2
0 0.555 -0.025 -0.0002124943584 2
0 0.555 -0.015 -0.0002294114212 2
0 0.555 -0.005 -0.0002427841909 2
0 0.555 0.005 -0.0002524541568 2
0 0.555 0.015 -0.0002583325195 2
0 0.555 0.025 -0.0002620332332 2
0 0.555 0.035 -0.0002650844153 1
0 0.555 0.045 -0.0002635532792 1
0 0.555 0.055 -0.0002589682863 1
0 0.555 0.065 -0.0002509397035 1
0 0.555 0.075 -0.0002398885973 1
0 0.555 0.085 -0.0002255159748 1
0 0.555 0.095 -0.0002042167649 2
0 0.555 0.105 -0.0001749736187 2
0 0.555 0.115 -0.0001435098765 2
0 0.555 0.125 -0.0001138442085 2
0 0.555 0.135 -8.805890634e-05 2
0 0.555 0.145 -6.653753204e-05 2
0 0.555 0.155 -4.963731698e-05 1
0 0.555 0.165 -4.569561097e-05 1
0 0.555 0.175 -4.755801848e-05 1
0 0.555 0.185 -5.416147447e-05 1
0 0.555 0.195 -6.505610488e-05 1
0 0.555 0.205 -7.932584028e-05 1
0 0.555 0.215 -9.846584483e-05 1
0 0.555 0.225 -0.0001245896757 2
0 0.555 0.235 -0.000147486548 2
0 0.555 0.245 -0.0001720683568 2
0 0.555 0.255 -0.0001928357766 2
0 0.555 0.265 -0.000207408873 2
0 0.555 0.275 -0.0002205619269 2
0 0.555 0.285 -0.000232113418 2
0 0.555 0.295 -0.0002397457248 2
0 0.555 0.305 -0.0002435724913 2
0 0.555 0.315 -0.0002426760007 2
0 0.555 0.325 -0.0002368093661 2
0 0.555 0.335 -0.0002259627453 2
0 0.555 0.345 -0.0002101225543 2
0 0.555 0.355 -0.0001894204501 2
0 0.555 0.365 -0.0001635647636 2
0 0.555 0.375 -0.0001335125695 2
0 0.555 0.385 -9.635959569e-05 2
0 0.555 0.395 -6.112875823e-05 2
0 0.555 0.405 0 2
0 0.555 0.415 0 2
0 0.555 0.425 0 2
0 0.555 0.435 0 2
0 0.555 0.445 0 2
0 0.555 0.455 0 2
0 0.555 0.465 0 2
0 0.565 -0.455 0 2
0 0.565 -0.445 0 2
0 0.565 -0.435 0 2
0 0.565 -0.425 0 2
0 0.565 -0.415 0 2
0 0.565 -0.405 0 2
0 0.565 -0.395 -2.073683179e-05 2
0 0.565 -0.385 -3.683778586e-05 2
0 0.565 -0.375 -5.718697588e-05 2
0 0.565 -0.365 -7.959863657e-05 2
0 0.565 -0.355 -0.0001051895335 2
0 0.565 -0.345 -0.0001338272192 2
0 0.565 -0.335 -0.0001658074415 2
0 0.565 -0.325 -0.0002015241164 2
0 0.565 -0.315 -0.0002414847488 2
0 0.565 -0.305 -0.0002851130661 2
0 0.565 -0.295 -0.0003259224268 2
0 0.565 -0.285 -0.000364372859 1
0 0.565 -0.275 -0.0003962412661 1
0 0.565 -0.265 -0.0004260992228 1
0 0.565 -0.255 -0.0004563260306 1
0 0.565 -0.245 -0.0004833019369 1
0 0.565 -0.235 -0.0005121548864 2
0 0.565 -0.225 -0.0005492954594 2
0 0.565 -0.215 -0.0005786697987 2
0 0.565 -0.205 -0.0005949454423 2
0 0.565 -0.195 -0.0006074326993 1
0 0.565 -0.185 -0.0006143193034 1
0 0.565 -0.175 -0.0006144466087 1
0 0.565 -0.165 -0.0006080232186 1
0 0.565 -0.155 -0.0005973250459 1
0 0.565 -0.145 -0.0005859643734 1
0 0.565 -0.135 -0.0005722507502 1
0 0.565 -0.125 -0.0005581141191 1
0 0.565 -0.115 -0.0005387671162 1
0 0.565 -0.105 -0.0005166532772 1
0 0.565 -0.095 -0.0004930529948 2
0 0.565 -0.085 -0.0004628231085 2
0 0.565 -0.075 -0.0004282898776 2
0 0.565 -0.065 -0.0003979415289 2
0 0.565 -0.055 -0.00036909217 2
0 0.565 -0.045 -0.0003410232456 2
0 0.565 -0.035 -0.0003125564506 2
0 0.565 -0.025 -0.0002827851256 2
0 0.565 -0.015 -0.0002510010967 2
0 0.565 -0.005 -0.0002166917269 2
0 0.565 0.005 -0.0001796169138 2
0 0.565 0.015 -0.000140415393 2
0 0.565 0.025 -9.854905928e-05 2
0 0.565 0.035 -5.595964949e-05 2
0 0.565 0.045 -1.428117815e-05 1
0 0.565 0.055 2.299355961e-05 1
0 0.565 0.065 5.797698179e-05 1
0 0.565 0.075 9.514463446e-05 1
0 0.565 0.085 0.0001408111549 2
0 0.565 0.095 0.0001967769162 2
0 0.565 0.105 0.0002522993959 2
0 0.565 0.115 0.0003057204586 2
0 0.565 0.125 0.0003588302668 2
0 0.565 0.135 0.0004095207852 2
0 0.565 0.145 0.000453738908 2
0 0.565 0.155 0.0004876140723 2
0 0.565 0.165 0.0005106350201 2
0 0.565 0.175 0.0005233280857 2
0 0.565 0.185 0.0005245117042 2
0 0.565 0.195 0.0005168663394 2
0 0.565 0.205 0.0005000640391 2
0 0.565 0.215 0.000476593299 2
0 0.565 0.225 0.0004506873187 2
0 0.565 0.235 0.000420353835 2
0 0.565 0.245 0.0003862643668 2
0 0.565 0.255 0.000353836602 2
0 0.565 0.265 0.0003234191743 2
0 0.565 0.275 0.0002924599153 2
0 0.565 0.285 0.000260070286 2
0 0.565 0.295 0.0002264357993 2
0 0.565 0.305 0.0001927273185 2
0 0.565 0.315 0.0001599867471 2
0 0.565 0.325 0.0001288979322 2
0 0.565 0.335 0.0001000088951 2
0 0.565 0.345 7.378699532e-05 2
0 0.565 0.355 5.067768934e-05 2
0 0.565 0.365 3.115393208e-05 2
0 0.565 0.375 1.568003507e-05 2
0 0.565 0.385 4.865161691e-06 2
0 0.565 0.395 -1.161889553e-06 2
0 0.565 0.405 0 2
0 0.565 0.415 0 2
0 0.565 0.425 0 2
0 0.565 0.435 0 2
0 0.565 0.445 0 2
0 0.565 0.455 0 2
0 0.565 0.465 0 2
0 0.575 -0.455 0 2
0 0.575 -0.445 0 2
0 0.575 -0.435 0 2
0 0.575 -0.425 0 2
0 0.575 -0.415 0 2
0 0.575 -0.405 0 2
0 0.575 -0.395 -7.6957319e-05 2
0 0.575 -0.385 -0.0001326973413 2
0 0.575 -0.375 -0.0001993816707 2
0 0.575 -0.365 -0.0002659421066 2
0 0.575 -0.355 -0.0003356118515 2
0 0.575 -0.345 -0.0004069821289 2
0 0.575 -0.335 -0.0004802330289 2
0 0.575 -0.325 -0.0005552199312 2
0 0.575 -0.315 -0.0006315405494 2
0 0.575 -0.305 -0.0007105907056 2
0 0.575 -0.295 -0.0007843963095 2
0 0.575 -0.285 -0.0008498216024 1
0 0.575 -0.275 -0.0009035883549 1
0 0.575 -0.265 -0.0009504898587 1
0 0.575 -0.255 -0.0009926156678 1
0 0.575 -0.245 -0.001032609075 2
0 0.575 -0.235 -0.001074980786 2
0 0.575 -0.225 -0.00111555336 2
0 0.575 -0.215 -0.001148332614 2
0 0.575 -0.205 -0.001169822423 2
0 0.575 -0.195 -0.001181668158 2
0 0.575 -0.185 -0.001187339738 2
0 0.575 -0.175 -0.001188267477 1
0 0.575 -0.165 -0.00117691458 1
0 0.575 -0.155 -0.00115737766 1
0 0.575 -0.145 -0.001129534401 1
0 0.575 -0.135 -0.001094464326 1
0 0.575 -0.125 -0.001054745621 1
0 0.575 -0.115 -0.001005879251 1
0 0.575 -0.105 -0.0009440853269 2
0 0.575 -0.095 -0.0008769175203 2
0 0.575 -0.085 -0.0008032423353 2
0 0.575 -0.075 -0.0007270629864 2
0 0.575 -0.065 -0.0006527991641 2
0 0.575 -0.055 -0.000578707677 2
0 0.575 -0.045 -0.0005046312616 2
0 0.575 -0.035 -0.0004298389321 2
0 0.575 -0.025 -0.0003539264199 2
0 0.575 -0.015 -0.0002766836344 2
0 0.575 -0.005 -0.0001982396307 2
0 0.575 0.005 -0.0001189912363 2
0 0.575 0.015 -4.018752516e-05 2
0 0.575 0.025 3.892228131e-05 2
0 0.575 0.035 0.0001174945059 2
0 0.575 0.045 0.0001963279388 2
0 0.575 0.055 0.0002748345059 2
0 0.575 0.065 0.0003502251407 2
0 0.575 0.075 0.0004281770443 2
0 0.575 0.085 0.0005107435738 2
0 0.575 0.095 0.0005929752964 2
0 0.575 0.105 0.000672915046 2
0 0.575 0.115 0.0007510005877 2
0 0.575 0.125 0.0008266037721 2
0 0.575 0.135 0.0008958699248 2
0 0.575 0.145 0.000954473662 2
0 0.575 0.155 0.001001549541 2
0 0.575 0.165 0.001037458589 2
0 0.575 0.175 0.001060331398 2
0 0.575 0.185 0.001068388284 2
0 0.575 0.195 0.001065052418 2
0 0.575 0.205 0.001051158025 2
0 0.575 0.215 0.001030672388 2
0 0.575 0.225 0.001004611335 2
0 0.575 0.235 0.0009713454257 2
0 0.575 0.245 0.0009322257549 2
0 0.575 0.255 0.0008908654365 2
0 0.575 0.265 0.0008453688148 2
0 0.575 0.275 0.0007955352017 2
0 0.575 0.285 0.0007409214904 2
0 0.575 0.295 0.0006818014872 2
0 0.575 0.305 0.0006190745524 2
0 0.575 0.315 0.0005537771729 2
0 0.575 0.325 0.0004869021714 2
0 0.575 0.335 0.0004194179656 2
0 0.575 0.345 0.0003522085074 2
0 0.575 0.355 0.0002862880447 2
0 0.575 0.365 0.0002223235026 2
0 0.575 0.375 0.000162198556 2
0 0.575 0.385 0.0001042895915 2
0 0.575 0.395 5.774157982e-05 2
0 0.575 0.405 0 2
0 0.575 0.415 0 2
0 0.575 0.425 0 2
0 0.575 0.435 0 2
0 0.575 0.445 0 2
0 0.575 0.455 0 2
0 0.575 0.465 0 2
0 0.585 -0.455 0 2
0 0.585 -0.445 0 2
0 0.585 -0.435 0 2
0 0.585 -0.425 0 2
0 0.585 -0.415 0 2
0 0.585 -0.405 0 2
0 0.585 -0.395 -0.0001317751521 2
0 0.585 -0.385 -0.000226032722 2
0 0.585 -0.375 -0.0003377892802 2
0 0.585 -0.365 -0.000447356755 2
0 0.585 -0.355 -0.0005599197055 2
0 0.585 -0.345 -0.0006726401997 2
0 0.585 -0.335 -0.0007853572246 2
0 0.585 -0.325 -0.0008971844056 2
0 0.585 -0.315 -0.001006690609 2
0 0.585 -0.305 -0.001114552815 2
0 0.585 -0.295 -0.001214132403 2
0 0.585 -0.285 -0.001303007608 2
0 0.585 -0.275 -0.001382729234 2
0 0.585 -0.265 -0.00145135991 2
0 0.585 -0.255 -0.001511334468 2
0 0.585 -0.245 -0.001567099043 2
0 0.585 -0.235 -0.001617398399 2
0 0.585 -0.225 -0.001659291814 2
0 0.585 -0.215 -0.001693756178 2
0 0.585 -0.205 -0.001716931677 2
0 0.585 -0.195 -0.00172919242 2
0 0.585 -0.185 -0.001730513063 2
0 0.585 -0.175 -0.001719951265 2
0 0.585 -0.165 -0.001698547386 2
0 0.585 -0.155 -0.001666128659 2
0 0.585 -0.145 -0.001619480714 2
0 0.585 -0.135 -0.001560728795 2
0 0.585 -0.125 -0.001489215519 2
0 0.585 -0.115 -0.00140536801 2
0 0.585 -0.105 -0.001314681201 2
0 0.585 -0.095 -0.00121741471 2
0 0.585 -0.085 -0.001112453565 2
0 0.585 -0.075 -0.001003620549 2
0 0.585 -0.065 -0.0008914436044 2
0 0.585 -0.055 -0.000776868717 2
0 0.585 -0.045 -0.0006605672983 2
0 0.585 -0.035 -0.0005427072344 2
0 0.585 -0.025 -0.000423578981 2
0 0.585 -0.015 -0.0003035897349 2
0 0.585 -0.005 -0.0001834306962 2
0 0.585 0.005 -6.398658341e-05 2
0 0.585 0.015 5.363220336e-05 2
0 0.585 0.025 0.000168536342 2
0 0.585 0.035 0.0002811425507 2
0 0.585 0.045 0.0003947253955 2
0 0.585 0.055 0.0005106482115 2
0 0.585 0.065 0.0006269416222 2
0 0.585 0.075 0.0007435015808 2
0 0.585 0.085 0.0008589293722 2
0 0.585 0.095 0.0009701516646 2
0 0.585 0.105 0.001078544174 2
0 0.585 0.115 0.001184843298 2
0 0.585 0.125 0.001284394619 2
0 0.585 0.135 0.001373631485 2
0 0.585 0.145 0.001449116988 2
0 0.585 0.155 0.001508635281 2
0 0.585 0.165 0.001551656461 2
0 0.585 0.175 0.001579108408 2
0 0.585 0.185 0.001592588123 2
0 0.585 0.195 0.001593952304 2
0 0.585 0.205 0.001585213354 2
0 0.585 0.215 0.001567845589 2
0 0.585 0.225 0.001542235946 2
0 0.585 0.235 0.001508214948 2
0 0.585 0.245 0.001465411255 2
0 0.585 0.255 0.001413869194 2
0 0.585 0.265 0.001354000046 2
0 0.585 0.275 0.001285933358 2
0 0.585 0.285 0.001209637014 2
0 0.585 0.295 0.001125526393 2
0 0.585 0.305 0.001034439091 2
0 0.585 0.315 0.0009374835757 2
0 0.585 0.325 0.0008358838202 2
0 0.585 0.335 0.0007309343021 2
0 0.585 0.345 0.0006238851368 2
0 0.585 0.355 0.0005162880515 2
0 0.585 0.365 0.0004089991687 2
0 0.585 0.375 0.0003052995109 2
0 0.585 0.385 0.0002013987269 2
0 0.585 0.395 0.0001152704365 2
0 0.585 0.405 0 2
0 0.585 0.415 0 2
0 0.585 0.425 0 2
0 0.585 0.435 0 2
0 0.585 0.445 0 2
0 0.585 0.455 0 2
0 0.585 0.465 0 2
0 0.595 -0.455 0 2
0 0.595 -0.445 0 2
0 0.595 -0.435 0 2
0 0.595 -0.425 0 2
0 0.595 -0.415 0 2
0 0.595 -0.405 0 2
0 0.595 -0.395 -0.000184878145 2
0 0.595 -0.385 -0.000316363845 2
0 0.595 -0.375 -0.0004716752083 2
0 0.595 -0.365 -0.0006227777242 2
0 0.595 -0.355 -0.0007766975969 2
0 0.595 -0.345 -0.0009291391278 2
0 0.595 -0.335 -0.001079570621 2
0 0.595 -0.325 -0.001226357691 2
0 0.595 -0.315 -0.001367701932 2
0 0.595 -0.305 -0.001502353846 2
0 0.595 -0.295 -0.001626689976 2
0 0.595 -0.285 -0.001739240648 2
0 0.595 -0.275 -0.001840350249 2
0 0.595 -0.265 -0.001928830711 2
0 0.595 -0.255 -0.002007614213 2
0 0.595 -0.245 -0.002077928721 2
0 0.595 -0.235 -0.002137843547 2
0 0.595 -0.225 -0.002185405085 2
0 0.595 -0.215 -0.002219917332 2
0 0.595 -0.205 -0.002239680477 2
0 0.595 -0.195 -0.002247434083 2
0 0.595 -0.185 -0.002240155435 2
0 0.595 -0.175 -0.002216501865 2
0 0.595 -0.165 -0.002178758614 2
0 0.595 -0.155 -0.002127638074 2
0 0.595 -0.145 -0.002060713197 2
0 0.595 -0.135 -0.00197891507 2
0 0.595 -0.125 -0.001880800883 2
0 0.595 -0.115 -0.001771381406 2
0 0.595 -0.105 -0.00165571024 2
0 0.595 -0.095 -0.001532998367 2
0 0.595 -0.085 -0.001400795527 2
0 0.595 -0.075 -0.001261091321 2
0 0.595 -0.065 -0.001114421296 2
0 0.595 -0.055 -0.0009627604597 2
0 0.595 -0.045 -0.0008073990192 2
0 0.595 -0.035 -0.0006493410101 2
0 0.595 -0.025 -0.0004895440848 2
0 0.595 -0.015 -0.0003290058474 2
0 0.595 -0.005 -0.0001688707832 2
0 0.595 0.005 -1.034561543e-05 2
0 0.595 0.015 0.0001454508087 2
0 0.595 0.025 0.0002979838482 2
0 0.595 0.035 0.0004479142723 2
0 0.595 0.045 0.0005964634139 2
0 0.595 0.055 0.000744596615 2
0 0.595 0.065 0.0008928774518 2
0 0.595 0.075 0.001041013161 2
0 0.595 0.085 0.001187736746 2
0 0.595 0.095 0.001331521964 2
0 0.595 0.105 0.001470777405 2
0 0.595 0.115 0.001603934545 2
0 0.595 0.125 0.001728282402 2
0 0.595 0.135 0.001839452508 2
0 0.595 0.145 0.001932595144 2
0 0.595 0.155 0.002004827836 2
0 0.595 0.165 0.00205661295 2
0 0.595 0.175 0.002090568559 2
0 0.595 0.185 0.002109680293 2
0 0.595 0.195 0.002116125574 2
0 0.595 0.205 0.002111360377 2
0 0.595 0.215 0.002096058265 2
0 0.595 0.225 0.002070013687 2
0 0.595 0.235 0.002032578733 2
0 0.595 0.245 0.001983151361 2
0 0.595 0.255 0.001921537736 2
0 0.595 0.265 0.001847812643 2
0 0.595 0.275 0.001762105155 2
0 0.595 0.285 0.001664671998 2
0 0.595 0.295 0.001556123852 2
0 0.595 0.305 0.001437393573 2
0 0.595 0.315 0.00130970033 2
0 0.595 0.325 0.001174446727 2
0 0.595 0.335 0.001033211993 2
0 0.595 0.345 0.0008875689822 2
0 0.595 0.355 0.0007395708542 2
0 0.595 0.365 0.0005902504407 2
0 0.595 0.375 0.0004442494455 2
0 0.595 0.385 0.0002956830173 2
0 0.595 0.395 0.0001711154042 2
0 0.595 0.405 0 2
0 0.595 0.415 0 2
0 0.595 0.425 0 2
0 0.595 0.435 0 2
0 0.595 0.445 0 2
0 0.595 0.455 0 2
0 0.595 0.465 0 2
0 0.605 -0.455 0 2
0 0.605 -0.445 0 2
0 0.605 -0.435 0 2
0 0.605 -0.425 0 2
0 0.605 -0.415 0 2
0 0.605 -0.405 0 2
0 0.605 -0.395 -0.0002359281465 2
0 0.605 -0.385 -0.0004031477051 2
0 0.605 -0.375 -0.0006002464288 2
0 0.605 -0.365 -0.0007911642308 2
0 0.605 -0.355 -0.00098468875 2
0 0.605 -0.345 -0.001175111378 2
0 0.605 -0.335 -0.001361579495 2
0 0.605 -0.325 -0.001541769113 2
0 0.605 -0.315 -0.001713636442 2
0 0.605 -0.305 -0.001874870027 2
0 0.605 -0.295 -0.002023769389 2
0 0.605 -0.285 -0.002159359389 2
0 0.605 -0.275 -0.002281460423 2
0 0.605 -0.265 -0.00239052538 2
0 0.605 -0.255 -0.00248681837 2
0 0.605 -0.245 -0.002569932758 2
0 0.605 -0.235 -0.002638844376 2
0 0.605 -0.225 -0.002691811275 2
0 0.605 -0.215 -0.002727343547 2
0 0.605 -0.205 -0.002744608498 2
0 0.605 -0.195 -0.002743313641 2
0 0.605 -0.185 -0.002723693798 2
0 0.605 -0.175 -0.002686385097 2
0 0.605 -0.165 -0.002631992506 2
0 0.605 -0.155 -0.002561162875 2
0 0.605 -0.145 -0.0024741805 2
0 0.605 -0.135 -0.002371310339 2
0 0.605 -0.125 -0.002253844116 2
0 0.605 -0.115 -0.002123942316 2
0 0.605 -0.105 -0.001983499126 2
0 0.605 -0.095 -0.001833296477 2
0 0.605 -0.085 -0.001672915239 2
0 0.605 -0.075 -0.00150230666 2
0 0.605 -0.065 -0.001322821335 2
0 0.605 -0.055 -0.001136270852 2
0 0.605 -0.045 -0.0009442767374 2
0 0.605 -0.035 -0.00074838391 2
0 0.605 -0.025 -0.0005500582331 2
0 0.605 -0.015 -0.0003507666372 2
0 0.605 -0.005 -0.0001520083991 2
0 0.605 0.005 4.475938088e-05 2
0 0.605 0.015 0.0002383190385 2
0 0.605 0.025 0.0004279890641 2
0 0.605 0.035 0.0006139902536 2
0 0.605 0.045 0.0007971479588 2
0 0.605 0.055 0.0009783142819 2
0 0.605 0.065 0.001157926926 2
0 0.605 0.075 0.001335834632 2
0 0.605 0.085 0.001511217223 2
0 0.605 0.095 0.001682996476 2
0 0.605 0.105 0.001849320497 2
0 0.605 0.115 0.00200783771 2
0 0.605 0.125 0.002154994011 2
0 0.605 0.135 0.002285970936 2
0 0.605 0.145 0.002395344667 2
0 0.605 0.155 0.002479603897 2
0 0.605 0.165 0.002539869586 2
0 0.605 0.175 0.002580424314 2
0 0.605 0.185 0.002605807096 2
0 0.605 0.195 0.002618250382 2
0 0.605 0.205 0.002618255408 2
0 0.605 0.215 0.002605553417 2
0 0.605 0.225 0.002579360101 2
0 0.605 0.235 0.002538745808 2
0 0.605 0.245 0.002482940201 2
0 0.605 0.255 0.002411506917 2
0 0.605 0.265 0.002324339415 2
0 0.605 0.275 0.002221615226 2
0 0.605 0.285 0.002103786442 2
0 0.605 0.295 0.00197160634 2
0 0.605 0.305 0.001826139441 2
0 0.605 0.315 0.00166874761 2
0 0.605 0.325 0.001501019235 2
0 0.605 0.335 0.001324797566 2
0 0.605 0.345 0.001141947457 2
0 0.605 0.355 0.0009549906996 2
0 0.605 0.365 0.0007651230566 2
0 0.605 0.375 0.0005783001187 2
0 0.605 0.385 0.0003866240293 2
0 0.605 0.395 0.0002249621958 2
0 0.605 0.405 0 2
0 0.605 0.415 0 2
0 0.605 0.425 0 2
0 0.605 0.435 0 2
0 0.605 0.445 0 2
0 0.605 0.455 0 2
0 0.605 0.465 0 2
0 0.615 -0.455 0 2
0 0.615 -0.445 0 2
0 0.615 -0.435 0 2
0 0.615 -0.425 0 2
0 0.615 -0.415 0 2
0 0.615 -0.405 0 2
0 0.615 -0.395 -0.000284566694 2
0 0.615 -0.385 -0.0004858092142 2
0 0.615 -0.375 -0.0007226834736 2
0 0.615 -0.365 -0.000951479633 2
0 0.615 -0.355 -0.001182676883 2
0 0.615 -0.345 -0.001409247579 2
0 0.615 -0.335 -0.00163010688 2
0 0.615 -0.325 -0.001842417097 2
0 0.615 -0.315 -0.002044031715 2
0 0.615 -0.305 -0.002232796556 2
0 0.615 -0.295 -0.002407113175 2
0 0.615 -0.285 -0.00256600885 2
0 0.615 -0.275 -0.002709127054 2
0 0.615 -0.265 -0.002836393271 2
0 0.615 -0.255 -0.002947574689 2
0 0.615 -0.245 -0.00304193832 2
0 0.615 -0.235 -0.003118245404 2
0 0.615 -0.225 -0.003175019933 2
0 0.615 -0.215 -0.003211108011 2
0 0.615 -0.205 -0.0032258072 2
0 0.615 -0.195 -0.003218845423 2
0 0.615 -0.185 -0.003190387325 2
0 0.615 -0.175 -0.00314110115 2
0 0.615 -0.165 -0.00307196323 2
0 0.615 -0.155 -0.002983984953 2
0 0.615 -0.145 -0.002877931772 2
0 0.615 -0.135 -0.002754635775 2
0 0.615 -0.125 -0.002615465251 2
0 0.615 -0.115 -0.002462234812 2
0 0.615 -0.105 -0.00229644304 2
0 0.615 -0.095 -0.002118750789 2
0 0.615 -0.085 -0.001929225697 2
0 0.615 -0.075 -0.001728264404 2
0 0.615 -0.065 -0.001517069271 2
0 0.615 -0.055 -0.001297260136 2
0 0.615 -0.045 -0.001070594071 2
0 0.615 -0.035 -0.0008388798407 2
0 0.615 -0.025 -0.0006039133615 2
0 0.615 -0.015 -0.0003674976971 2
0 0.615 -0.005 -0.000131422169 2
0 0.615 0.005 0.0001026228585 2
0 0.615 0.015 0.0003332148214 2
0 0.615 0.025 0.0005593836391 2
0 0.615 0.035 0.0007807642531 2
0 0.615 0.045 0.0009975353249 2
0 0.615 0.055 0.001210123121 2
0 0.615 0.065 0.001418959274 2
0 0.615 0.075 0.001624545285 2
0 0.615 0.085 0.001827100554 2
0 0.615 0.095 0.002025566291 2
0 0.615 0.105 0.002213186151 2
0 0.615 0.115 0.00238820202 2
0 0.615 0.125 0.002552342471 2
0 0.615 0.135 0.002702633461 2
0 0.615 0.145 0.002828145082 2
0 0.615 0.155 0.00292270979 2
0 0.615 0.165 0.002990364795 2
0 0.615 0.175 0.003039541025 2
0 0.615 0.185 0.00307358179 2
0 0.615 0.195 0.003094306278 2
0 0.615 0.205 0.003100873296 2
0 0.615 0.215 0.003092090684 2
0 0.615 0.225 0.003066686746 2
0 0.615 0.235 0.00302351392 2
0 0.615 0.245 0.002961736001 2
0 0.615 0.255 0.002880876534 2
0 0.615 0.265 0.002780834908 2
0 0.615 0.275 0.002661851849 2
0 0.615 0.285 0.002524492717 2
0 0.615 0.295 0.002369648672 2
0 0.615 0.305 0.002198529812 2
0 0.615 0.315 0.002012656877 2
0 0.615 0.325 0.001813807064 2
0 0.615 0.335 0.001604073384 2
0 0.615 0.345 0.001385590504 2
0 0.615 0.355 0.001161319377 2
0 0.615 0.365 0.0009326061601 2
0 0.615 0.375 0.0007066658244 2
0 0.615 0.385 0.0004736808191 2
0 0.615 0.395 0.0002764846383 2
0 0.615 0.405 0 2
0 0.615 0.415 0 2
0 0.615 0.425 0 2
0 0.615 0.435 0 2
0 0.615 0.445 0 2
0 0.615 0.455 0 2
0 0.615 0.465 0 2
0 0.625 -0.455 0 2
0 0.625 -0.445 0 2
0 0.625 -0.435 0 2
0 0.625 -0.425 0 2
0 0.625 -0.415 0 2
0 0.625 -0.405 0 2
0 0.625 -0.395 -0.0003304193003 2
0 0.625 -0.385 -0.0005637377692 2
0 0.625 -0.375 -0.0008381097127 2
0 0.625 -0.365 -0.001102607433 2
0 0.625 -0.355 -0.001369321813 2
0 0.625 -0.345 -0.001630012057 2
0 0.625 -0.335 -0.001883418712 2
0 0.625 -0.325 -0.002126317117 2
0 0.625 -0.315 -0.002356455227 2
0 0.625 -0.305 -0.00257169474 2
0 0.625 -0.295 -0.002770439381 2
0 0.625 -0.285 -0.002951592845 2
0 0.625 -0.275 -0.003114481276 2
0 0.625 -0.265 -0.003258589889 2
0 0.625 -0.255 -0.003383313067 2
0 0.625 -0.245 -0.003487760786 2
0 0.625 -0.235 -0.003570756744 2
0 0.625 -0.225 -0.003631041469 2
0 0.625 -0.215 -0.003667554091 2
0 0.625 -0.205 -0.003679637433 2
0 0.625 -0.195 -0.003667141904 2
0 0.625 -0.185 -0.003630404347 2
0 0.625 -0.175 -0.003570195301 2
0 0.625 -0.165 -0.003487588661 2
0 0.625 -0.155 -0.003383758855 2
0 0.625 -0.145 -0.003259887342 2
0 0.625 -0.135 -0.003117230198 2
0 0.625 -0.125 -0.002957188965 2
0 0.625 -0.115 -0.002781232026 2
0 0.625 -0.105 -0.002590614817 2
0 0.625 -0.095 -0.002386166056 2
0 0.625 -0.085 -0.002168464767 2
0 0.625 -0.075 -0.001938247148 2
0 0.625 -0.065 -0.001696662601 2
0 0.625 -0.055 -0.001445241314 2
0 0.625 -0.045 -0.001185768176 2
0 0.625 -0.035 -0.0009201583957 2
0 0.625 -0.025 -0.0006503978715 2
0 0.625 -0.015 -0.0003785151857 2
0 0.625 -0.005 -0.0001065376077 2
0 0.625 0.005 0.0001635880474 2
0 0.625 0.015 0.0004301217584 2
0 0.625 0.025 0.0006916710787 2
0 0.625 0.035 0.000947328799 2
0 0.625 0.045 0.00119666335 2
0 0.625 0.055 0.001439741243 2
0 0.625 0.065 0.001677249592 2
0 0.625 0.075 0.00191034716 2
0 0.625 0.085 0.002136654776 2
0 0.625 0.095 0.002357144336 2
0 0.625 0.105 0.002572223763 2
0 0.625 0.115 0.00276757035 2
0 0.625 0.125 0.002937346044 2
0 0.625 0.135 0.003082255447 2
0 0.625 0.145 0.003207961138 2
0 0.625 0.155 0.003313731412 2
0 0.625 0.165 0.003395642164 2
0 0.625 0.175 0.003459355441 2
0 0.625 0.185 0.003506726404 2
0 0.625 0.195 0.003539117693 2
0 0.625 0.205 0.00355466243 2
0 0.625 0.215 0.003551397345 2
0 0.625 0.225 0.003527911584 2
0 0.625 0.235 0.003483015311 2
0 0.625 0.245 0.003415955582 2
0 0.625 0.255 0.003326343921 2
0 0.625 0.265 0.00321417667 2
0 0.625 0.275 0.003079805297 2
0 0.625 0.285 0.002923924775 2
0 0.625 0.295 0.002747566127 2
0 0.625 0.305 0.002552085848 2
0 0.625 0.315 0.002339165771 2
0 0.625 0.325 0.002110768289 2
0 0.625 0.335 0.001869222643 2
0 0.625 0.345 0.001616913932 2
0 0.625 0.355 0.001357213283 2
0 0.625 0.365 0.001091605863 2
0 0.625 0.375 0.0008285042334 2
0 0.625 0.385 0.0005562780125 2
0 0.625 0.395 0.0003253384659 2
0 0.625 0.405 0 2
0 0.625 0.415 0 2
0 0.625 0.425 0 2
0 0.625 0.435 0 2
0 0.625 0.445 0 2
0 0.625 0.455 0 2
0 0.625 0.465 0 2
0 0.635 -0.455 0 2
0 0.635 -0.445 0 2
0 0.635 -0.435 0 2
0 0.635 -0.425 0 2
0 0.635 -0.415 0 2
0 0.635 -0.405 0 2
0 0.635 -0.395 -0.0003730887738 2
0 0.635 -0.385 -0.0006362746497 2
0 0.635 -0.375 -0.0009455655849 2
0 0.635 -0.365 -0.001243304466 2
0 0.635 -0.355 -0.001543094223 2
0 0.635 -0.345 -0.001835586645 2
0 0.635 -0.335 -0.002119384843 2
0 0.635 -0.325 -0.0023909432 2
0 0.635 -0.315 -0.002647881523 2
0 0.635 -0.305 -0.002887965554 2
0 0.635 -0.295 -0.003109500677 2
0 0.635 -0.285 -0.00331120636 2
0 0.635 -0.275 -0.003492144224 2
0 0.635 -0.265 -0.003651520802 2
0 0.635 -0.255 -0.003788505112 2
0 0.635 -0.245 -0.003902110001 2
0 0.635 -0.235 -0.003991206774 2
0 0.635 -0.225 -0.004054663476 2
0 0.635 -0.215 -0.004091543531 2
0 0.635 -0.205 -0.004101276489 2
0 0.635 -0.195 -0.004083764963 2
0 0.635 -0.185 -0.004039409352 2
0 0.635 -0.175 -0.003969064482 2
0 0.635 -0.165 -0.00387392279 2
0 0.635 -0.155 -0.003755359032 2
0 0.635 -0.145 -0.003614816019 2
0 0.635 -0.135 -0.003453765747 2
0 0.635 -0.125 -0.003273687981 2
0 0.635 -0.115 -0.003075995956 2
0 0.635 -0.105 -0.002861910961 2
0 0.635 -0.095 -0.002632405057 2
0 0.635 -0.085 -0.002388320724 2
0 0.635 -0.075 -0.002130598786 2
0 0.635 -0.065 -0.001860450873 2
0 0.635 -0.055 -0.001579388599 2
0 0.635 -0.045 -0.001289176169 2
0 0.635 -0.035 -0.0009917619863 2
0 0.635 -0.025 -0.0006892259345 2
0 0.635 -0.015 -0.0003837380983 2
0 0.635 -0.005 -7.751356477e-05 2
0 0.635 0.005 0.0002272549439 2
0 0.635 0.015 0.0005284863318 2
0 0.635 0.025 0.0008243466703 2
0 0.635 0.035 0.001113415864 2
0 0.635 0.045 0.001394696773 2
0 0.635 0.055 0.00166804646 2
0 0.635 0.065 0.001934656104 2
0 0.635 0.075 0.002193446828 2
0 0.635 0.085 0.002448768079 2
0 0.635 0.095 0.002698834614 2
0 0.635 0.105 0.002941874097 2
0 0.635 0.115 0.003147354713 2
0 0.635 0.125 0.003301580962 1
0 0.635 0.135 0.00342030912 1
0 0.635 0.145 0.003529410338 1
0 0.635 0.155 0.003649250622 2
0 0.635 0.165 0.003751565008 2
0 0.635 0.175 0.003835794215 2
0 0.635 0.185 0.003903355939 2
0 0.635 0.195 0.003950553851 2
0 0.635 0.205 0.00397706613 2
0 0.635 0.215 0.003980507942 2
0 0.635 0.225 0.003959762517 2
0 0.635 0.235 0.00391379516 2
0 0.635 0.245 0.003842070709 2
0 0.635 0.255 0.003744385114 2
0 0.635 0.265 0.003620900237 2
0 0.635 0.275 0.003472116626 2
0 0.635 0.285 0.00329887092 2
0 0.635 0.295 0.003102332757 2
0 0.635 0.305 0.002883999982 2
0 0.635 0.315 0.002645708604 2
0 0.635 0.325 0.002389594471 2
0 0.635 0.335 0.002118204525 2
0 0.635 0.345 0.001834152473 2
0 0.635 0.355 0.001541188184 2
0 0.635 0.365 0.00124092419 2
0 0.635 0.375 0.0009429006469 2
0 0.635 0.385 0.0006337957703 2
0 0.635 0.395 0.0003711559704 2
0 0.635 0.405 0 2
0 0.635 0.415 0 2
0 0.635 0.425 0 2
0 0.635 0.435 0 2
0 0.635 0.445 0 2
0 0.635 0.455 0 2
0 0.635 0.465 0 2
0 0.645 -0.455 0 2
0 0.645 -0.445 0 2
0 0.645 -0.435 0 2
0 0.645 -0.425 0 2
0 0.645 -0.415 0 2
0 0.645 -0.405 0 2
0 0.645 -0.395 -0.0004121495901 2
0 0.645 -0.385 -0.0007027012345 2
0 0.645 -0.375 -0.00104398766 2
0 0.645 -0.365 -0.001372170067 2
0 0.645 -0.355 -0.001702239562 2
0 0.645 -0.345 -0.002023840617 2
0 0.645 -0.335 -0.00233545494 2
0 0.645 -0.325 -0.002633232212 2
0 0.645 -0.315 -0.002914644097 2
0 0.645 -0.305 -0.003177323434 2
0 0.645 -0.295 -0.003419451181 2
0 0.645 -0.285 -0.003639587215 2
0 0.645 -0.275 -0.003836604961 2
0 0.645 -0.265 -0.004009530129 2
0 0.645 -0.255 -0.004157401927 2
0 0.645 -0.245 -0.004279184587 2
0 0.645 -0.235 -0.004373774023 2
0 0.645 -0.225 -0.004440097777 2
0 0.645 -0.215 -0.004477274553 2
0 0.645 -0.205 -0.004484776198 2
0 0.645 -0.195 -0.004462548219 2
0 0.645 -0.185 -0.004411058329 2
0 0.645 -0.175 -0.004331263103 2
0 0.645 -0.165 -0.004224498844 2
0 0.645 -0.155 -0.004092330681 2
0 0.645 -0.145 -0.003936411161 2
0 0.645 -0.135 -0.003758381081 2
0 0.645 -0.125 -0.003559803657 2
0 0.645 -0.115 -0.003342107559 2
0 0.645 -0.105 -0.003106542675 2
0 0.645 -0.095 -0.002854189504 2
0 0.645 -0.085 -0.002586052651 2
0 0.645 -0.075 -0.002303204002 2
0 0.645 -0.065 -0.002006902854 2
0 0.645 -0.055 -0.001698646552 2
0 0.645 -0.045 -0.001380168082 2
0 0.645 -0.035 -0.001053406138 2
0 0.645 -0.025 -0.0007204696573 2
0 0.645 -0.015 -0.000383603821 2
0 0.645 -0.005 -4.515549223e-05 2
0 0.645 0.005 0.0002924757802 2
0 0.645 0.015 0.0006268912085 2
0 0.645 0.025 0.000955842878 2
0 0.645 0.035 0.001277335354 2
0 0.645 0.045 0.001590024554 2
0 0.645 0.055 0.00189380828 2
0 0.645 0.065 0.002187434209 2
0 0.645 0.075 0.002477729847 2
0 0.645 0.085 0.00277528435 2
0 0.645 0.095 0.003057440012 2
0 0.645 0.105 0.003288296562 1
0 0.645 0.115 0.003457740617 1
0 0.645 0.125 0.003603978574 1
0 0.645 0.135 0.003737765704 1
0 0.645 0.145 0.00385791465 1
0 0.645 0.155 0.003970448362 1
0 0.645 0.165 0.00407910177 2
0 0.645 0.175 0.004178231275 2
0 0.645 0.185 0.004267089596 2
0 0.645 0.195 0.00432922766 2
0 0.645 0.205 0.004366846735 2
0 0.645 0.215 0.00437704024 2
0 0.645 0.225 0.004359122821 2
0 0.645 0.235 0.004312295993 2
0 0.645 0.245 0.004236293322 2
0 0.645 0.255 0.004131130974 2
0 0.645 0.265 0.00399715756 2
0 0.645 0.275 0.003835031296 2
0 0.645 0.285 0.003645727821 2
0 0.645 0.295 0.003430545857 2
0 0.645 0.305 0.003191110862 2
0 0.645 0.315 0.002929395918 2
0 0.645 0.325 0.002647689787 2
0 0.645 0.335 0.002348731664 2
0 0.645 0.345 0.002035337069 2
0 0.645 0.355 0.001711598264 2
0 0.645 0.365 0.001379241524 2
0 0.645 0.375 0.00104885475 2
0 0.645 0.385 0.0007055612758 2
0 0.645 0.395 0.0004135414182 2
0 0.645 0.405 0 2
0 0.645 0.415 0 2
0 0.645 0.425 0 2
0 0.645 0.435 0 2
0 0.645 0.445 0 2
0 0.645 0.455 0 2
0 0.645 0.465 0 2
0 0.655 -0.455 0 2
0 0.655 -0.445 0 2
0 0.655 -0.435 0 2
0 0.655 -0.425 0 2
0 0.655 -0.415 0 2
0 0.655 -0.405 0 2
0 0.655 -0.395 -0.0004471435795 2
0 0.655 -0.385 -0.0007622313809 2
0 0.655 -0.375 -0.00113219816 2
0 0.655 -0.365 -0.001487636867 2
0 0.655 -0.355 -0.001844780259 2
0 0.655 -0.345 -0.002192366194 2
0 0.655 -0.335 -0.002528761014 2
0 0.655 -0.325 -0.002849824485 2
0 0.655 -0.315 -0.003152869453 2
0 0.655 -0.305 -0.003435385209 2
0 0.655 -0.295 -0.003695438524 2
0 0.655 -0.285 -0.003931480688 2
0 0.655 -0.275 -0.004142285036 2
0 0.655 -0.265 -0.004326795589 2
0 0.655 -0.255 -0.004484000092 2
0 0.655 -0.245 -0.004612843386 2
0 0.655 -0.235 -0.004712220741 2
0 0.655 -0.225 -0.004781056798 2
0 0.655 -0.215 -0.004818452386 2
0 0.655 -0.205 -0.00482385804 2
0 0.655 -0.195 -0.004797224403 2
0 0.655 -0.185 -0.004739081212 2
0 0.655 -0.175 -0.00465051652 2
0 0.655 -0.165 -0.004533057551 2
0 0.655 -0.155 -0.004388490476 2
0 0.655 -0.145 -0.004218676521 2
0 0.655 -0.135 -0.004025411224 2
0 0.655 -0.125 -0.003810340693 2
0 0.655 -0.115 -0.003574925066 2
0 0.655 -0.105 -0.003320440203 2
0 0.655 -0.095 -0.003048020597 2
0 0.655 -0.085 -0.002758744749 2
0 0.655 -0.075 -0.002453741575 2
0 0.655 -0.065 -0.002134283135 2
0 0.655 -0.055 -0.001801839647 2
0 0.655 -0.045 -0.001458098257 2
0 0.655 -0.035 -0.001104956903 2
0 0.655 -0.025 -0.0007445063754 2
0 0.655 -0.015 -0.0003790092073 2
0 0.655 -0.005 -1.087797835e-05 2
0 0.655 0.005 0.0003573508326 2
0 0.655 0.015 0.0007230382403 2
0 0.655 0.025 0.001083586499 2
0 0.655 0.035 0.001436401402 2
0 0.655 0.045 0.001780161541 2
0 0.655 0.055 0.002115004723 2
0 0.655 0.065 0.002441131907 2
0 0.655 0.075 0.002765851326 2
0 0.655 0.085 0.003085437417 2
0 0.655 0.095 0.003351401094 1
0 0.655 0.105 0.003550125662 1
0 0.655 0.115 0.003721356656 1
0 0.655 0.125 0.003880779448 1
0 0.655 0.135 0.00402974351 1
0 0.655 0.145 0.004161806915 1
0 0.655 0.155 0.00428137375 1
0 0.655 0.165 0.004394844508 2
0 0.655 0.175 0.004501269381 2
0 0.655 0.185 0.004602575692 2
0 0.655 0.195 0.004676290721 2
0 0.655 0.205 0.004722848729 2
0 0.655 0.215 0.004738487267 2
0 0.655 0.225 0.004722620065 2
0 0.655 0.235 0.004674620338 2
0 0.655 0.245 0.004594435853 2
0 0.655 0.255 0.004482273948 2
0 0.655 0.265 0.004338644688 2
0 0.655 0.275 0.004164341284 2
0 0.655 0.285 0.0039604551 2
0 0.655 0.295 0.003728389734 2
0 0.655 0.305 0.003469872868 2
0 0.655 0.315 0.003186987497 2
0 0.655 0.325 0.002882145946 2
0 0.655 0.335 0.002558246383 2
0 0.655 0.345 0.002218272786 2
0 0.655 0.355 0.001866616595 2
0 0.655 0.365 0.001505100595 2
0 0.655 0.375 0.001145268677 2
0 0.655 0.385 0.0007708411351 2
0 0.655 0.395 0.0004520669941 2
0 0.655 0.405 0 2
0 0.655 0.415 0 2
0 0.655 0.425 0 2
0 0.655 0.435 0 2
0 0.655 0.445 0 2
0 0.655 0.455 0 2
0 0.655 0.465 0 2
0 0.665 -0.455 0 2
0 0.665 -0.445 0 2
0 0.665 -0.435 0 2
0 0.665 -0.425 0 2
0 0.665 -0.415 0 2
0 0.665 -0.405 0 2
0 0.665 -0.395 -0.0004775777758 2
0 0.665 -0.385 -0.0008140072647 2
0 0.665 -0.375 -0.001208899439 2
0 0.665 -0.365 -0.001587966994 2
0 0.665 -0.355 -0.001968518642 2
0 0.665 -0.345 -0.002338494519 2
0 0.665 -0.335 -0.002696148373 2
0 0.665 -0.325 -0.003037067818 2
0 0.665 -0.315 -0.003358405998 2
0 0.665 -0.305 -0.003657516926 2
0 0.665 -0.295 -0.003932383542 2
0 0.665 -0.285 -0.004181411412 2
0 0.665 -0.275 -0.004403363004 2
0 0.665 -0.265 -0.004597196487 2
0 0.665 -0.255 -0.004761924714 2
0 0.665 -0.245 -0.00489650805 2
0 0.665 -0.235 -0.004999824524 2
0 0.665 -0.225 -0.005070734235 2
0 0.665 -0.215 -0.005108234341 2
0 0.665 -0.205 -0.005111671611 2
0 0.665 -0.195 -0.005080950383 2
0 0.665 -0.185 -0.005016659667 2
0 0.665 -0.175 -0.004920064246 2
0 0.665 -0.165 -0.004792952194 2
0 0.665 -0.155 -0.00463739022 2
0 0.665 -0.145 -0.004455472456 2
0 0.665 -0.135 -0.004249139189 2
0 0.665 -0.125 -0.004020092683 2
0 0.665 -0.115 -0.003769791986 2
0 0.665 -0.105 -0.003499495956 2
0 0.665 -0.095 -0.003210332579 2
0 0.665 -0.085 -0.002903384004 2
0 0.665 -0.075 -0.002579775097 2
0 0.665 -0.065 -0.002240750617 2
0 0.665 -0.055 -0.001887729356 2
0 0.665 -0.045 -0.001522333128 2
0 0.665 -0.035 -0.00114639486 2
0 0.665 -0.025 -0.0007619524203 2
0 0.665 -0.015 -0.0003712372431 2
0 0.665 -0.005 2.3339405e-05 2
0 0.665 0.005 0.0004191891015 2
0 0.665 0.015 0.000813546672 2
0 0.665 0.025 0.001203523857 2
0 0.665 0.035 0.001585944921 2
0 0.665 0.045 0.001959011753 2
0 0.665 0.055 0.002318505813 2
0 0.665 0.065 0.002680664628 2
0 0.665 0.075 0.003032012235 2
0 0.665 0.085 0.003333977414 1
0 0.665 0.095 0.003567227984 1
0 0.665 0.105 0.003766787025 1
0 0.665 0.115 0.003956609671 1
0 0.665 0.125 0.004129944555 1
0 0.665 0.135 0.004286560461 1
0 0.665 0.145 0.004424333676 1
0 0.665 0.155 0.004554259927 1
0 0.665 0.165 0.004680124937 2
0 0.665 0.175 0.004797286129 2
0 0.665 0.185 0.004907608967 2
0 0.665 0.195 0.004989777202 2
0 0.665 0.205 0.005042263175 2
0 0.665 0.215 0.005061229834 2
0 0.665 0.225 0.005046014425 2
0 0.665 0.235 0.004996129374 2
0 0.665 0.245 0.004911645446 2
0 0.665 0.255 0.004792893436 2
0 0.665 0.265 0.004640486435 2
0 0.665 0.275 0.004455304971 2
0 0.665 0.285 0.004238514863 2
0 0.665 0.295 0.003991587196 2
0 0.665 0.305 0.003716316097 2
0 0.665 0.315 0.003414858343 2
0 0.665 0.325 0.003089712281 2
0 0.665 0.335 0.002743893918 2
0 0.665 0.345 0.002380515062 2
0 0.665 0.355 0.002004214861 2
0 0.665 0.365 0.001616890279 2
0 0.665 0.375 0.001230935192 2
0 0.665 0.385 0.0008288340035 2
0 0.665 0.395 0.0004862689628 2
0 0.665 0.405 0 2
0 0.665 0.415 0 2
0 0.665 0.425 0 2
0 0.665 0.435 0 2
0 0.665 0.445 0 2
0 0.665 0.455 0 2
0 0.665 0.465 0 2
0 0.675 -0.455 0 2
0 0.675 -0.445 0 2
0 0.675 -0.435 0 2
0 0.675 -0.425 0 2
0 0.675 -0.415 0 2
0 0.675 -0.405 0 2
0 0.675 -0.395 -0.0005029241331 2
0 0.675 -0.385 -0.0008570976201 2
0 0.675 -0.375 -0.00127267073 2
0 0.675 -0.365 -0.001671249 2
0 0.675 -0.355 -0.002071037719 2
0 0.675 -0.345 -0.002459304919 2
0 0.675 -0.335 -0.00283419696 2
0 0.675 -0.325 -0.003191049887 2
0 0.675 -0.315 -0.003526857529 2
0 0.675 -0.305 -0.003838850559 2
0 0.675 -0.295 -0.004124964086 2
0 0.675 -0.285 -0.004383627223 2
0 0.675 -0.275 -0.004613686908 2
0 0.675 -0.265 -0.004814218532 2
0 0.675 -0.255 -0.004984347547 2
0 0.675 -0.245 -0.005123099957 2
0 0.675 -0.235 -0.005229334345 2
0 0.675 -0.225 -0.005301788593 2
0 0.675 -0.215 -0.005339255972 2
0 0.675 -0.205 -0.005340869705 2
0 0.675 -0.195 -0.005306413263 2
0 0.675 -0.185 -0.005236529574 2
0 0.675 -0.175 -0.005132727968 2
0 0.675 -0.165 -0.004997164518 2
0 0.675 -0.155 -0.004832278667 2
0 0.675 -0.145 -0.004640431947 2
0 0.675 -0.135 -0.004423681367 2
0 0.675 -0.125 -0.004183720774 2
0 0.675 -0.115 -0.00392193536 2
0 0.675 -0.105 -0.00363949919 2
0 0.675 -0.095 -0.003337470715 2
0 0.675 -0.085 -0.00301687736 2
0 0.675 -0.075 -0.002678790454 2
0 0.675 -0.065 -0.002324391061 2
0 0.675 -0.055 -0.001955022252 2
0 0.675 -0.045 -0.001572223724 2
0 0.675 -0.035 -0.0011777481 2
0 0.675 -0.025 -0.0007735604702 2
0 0.675 -0.015 -0.000361830244 2
0 0.675 -0.005 5.508498336e-05 2
0 0.675 0.005 0.0004746254769 2
0 0.675 0.015 0.0008940377623 2
0 0.675 0.025 0.001310244732 2
0 0.675 0.035 0.001719845398 2
0 0.675 0.045 0.002119361088 2
0 0.675 0.055 0.00250217175 2
0 0.675 0.065 0.00287750335 2
0 0.675 0.075 0.003226881593 2
0 0.675 0.085 0.003517338315 1
0 0.675 0.095 0.003747777599 1
0 0.675 0.105 0.003955213576 1
0 0.675 0.115 0.004154043819 1
0 0.675 0.125 0.004335855309 1
0 0.675 0.135 0.004505338608 1
0 0.675 0.145 0.004653168865 1
0 0.675 0.155 0.004789675603 1
0 0.675 0.165 0.004926794038 2
0 0.675 0.175 0.005058308926 2
0 0.675 0.185 0.005177481371 2
0 0.675 0.195 0.005265205001 2
0 0.675 0.205 0.005320298989 2
0 0.675 0.215 0.005340078274 2
0 0.675 0.225 0.005323820506 2
0 0.675 0.235 0.005271164853 2
0 0.675 0.245 0.005182207179 2
0 0.675 0.255 0.005057316953 2
0 0.675 0.265 0.004897136123 2
0 0.675 0.275 0.004702571607 2
0 0.675 0.285 0.004474812031 2
0 0.675 0.295 0.004215350265 2
0 0.675 0.305 0.003926004029 2
0 0.675 0.315 0.00360896116 2
0 0.675 0.325 0.003266761912 2
0 0.675 0.335 0.00290249192 2
0 0.675 0.345 0.002519342787 2
0 0.675 0.355 0.002122140608 2
0 0.675 0.365 0.001712827655 2
0 0.675 0.375 0.0013045248 2
0 0.675 0.385 0.0008786627275 2
0 0.675 0.395 0.0005156437199 2
0 0.675 0.405 0 2
0 0.675 0.415 0 2
0 0.675 0.425 0 2
0 0.675 0.435 0 2
0 0.675 0.445 0 2
0 0.675 0.455 0 2
0 0.675 0.465 0 2
0 0.685 -0.455 0 2
0 0.685 -0.445 0 2
0 0.685 -0.435 0 2
0 0.685 -0.425 0 2
0 0.685 -0.415 0 2
0 0.685 -0.405 0 2
0 0.685 -0.395 -0.0005226216301 2
0 0.685 -0.385 -0.0008904986364 2
0 0.685 -0.375 -0.001321966069 2
0 0.685 -0.365 -0.001735391292 2
0 0.685 -0.355 -0.002149690111 2
0 0.685 -0.345 -0.002551609767 2
0 0.685 -0.335 -0.002939201697 2
0 0.685 -0.325 -0.003307572213 2
0 0.685 -0.315 -0.003653548707 2
0 0.685 -0.305 -0.003974242025 2
0 0.685 -0.295 -0.004267571261 2
0 0.685 -0.285 -0.004532060347 2
0 0.685 -0.275 -0.004766743042 2
0 0.685 -0.265 -0.004970926852 2
0 0.685 -0.255 -0.005143954664 2
0 0.685 -0.245 -0.005284991117 2
0 0.685 -0.235 -0.005392896417 2
0 0.685 -0.225 -0.005466240293 2
0 0.685 -0.215 -0.005503499066 2
0 0.685 -0.205 -0.005503450695 2
0 0.685 -0.195 -0.005465655308 2
0 0.685 -0.185 -0.005390802956 2
0 0.685 -0.175 -0.0052807488 2
0 0.685 -0.165 -0.005138174163 2
0 0.685 -0.155 -0.004966015758 2
0 0.685 -0.145 -0.004766925554 2
0 0.685 -0.135 -0.004542999885 2
0 0.685 -0.125 -0.004295801875 2
0 0.685 -0.115 -0.004026530593 2
0 0.685 -0.105 -0.003736196074 2
0 0.685 -0.095 -0.003425733546 2
0 0.685 -0.085 -0.00309607509 2
0 0.685 -0.075 -0.002748204237 2
0 0.685 -0.065 -0.002383210278 2
0 0.685 -0.055 -0.002002340946 2
0 0.685 -0.045 -0.00160704357 2
0 0.685 -0.035 -0.00119898793 2
0 0.685 -0.025 -0.0007800675701 2
0 0.685 -0.015 -0.0003523882478 2
0 0.685 -0.005 8.176267354e-05 2
0 0.685 0.005 0.0005199012198 2
0 0.685 0.015 0.0009594092631 2
0 0.685 0.025 0.001397197904 2
0 0.685 0.035 0.001830332427 2
0 0.685 0.045 0.002253483245 2
0 0.685 0.055 0.00266741755 2
0 0.685 0.065 0.003046071945 2
0 0.685 0.075 0.003366842843 1
0 0.685 0.085 0.0036353668 1
0 0.685 0.095 0.003874714422 1
0 0.685 0.105 0.004099646844 1
0 0.685 0.115 0.004306217117 1
0 0.685 0.125 0.004496774433 1
0 0.685 0.135 0.004675002438 1
0 0.685 0.145 0.004834217764 1
0 0.685 0.155 0.004981299063 1
0 0.685 0.165 0.005137256495 2
0 0.685 0.175 0.005285616685 2
0 0.685 0.185 0.00540675293 2
0 0.685 0.195 0.005495852205 2
0 0.685 0.205 0.005549995128 2
0 0.685 0.215 0.005568027563 2
0 0.685 0.225 0.00554909237 2
0 0.685 0.235 0.005492879175 2
0 0.685 0.245 0.005399413978 2
0 0.685 0.255 0.005269021006 2
0 0.685 0.265 0.005102298733 2
0 0.685 0.275 0.004900119495 2
0 0.685 0.285 0.004663642131 2
0 0.685 0.295 0.004394333916 2
0 0.685 0.305 0.004093991007 2
0 0.685 0.315 0.003764786452 2
0 0.685 0.325 0.003409254165 2
0 0.685 0.335 0.003030495509 2
0 0.685 0.345 0.002631726855 2
0 0.685 0.355 0.002217890375 2
0 0.685 0.365 0.001790936724 2
0 0.685 0.375 0.001364570553 2
0 0.685 0.385 0.0009193652093 2
0 0.685 0.395 0.0005396433427 2
0 0.685 0.405 0 2
0 0.685 0.415 0 2
0 0.685 0.425 0 2
0 0.685 0.435 0 2
0 0.685 0.445 0 2
0 0.685 0.455 0 2
0 0.685 0.465 0 2
0 0.695 -0.455 0 2
0 0.695 -0.445 0 2
0 0.695 -0.435 0 2
0 0.695 -0.425 0 2
0 0.695 -0.415 0 2
0 0.695 -0.405 0 2
0 0.695 -0.395 -0.0005360819832 2
0 0.695 -0.385 -0.0009131391729 2
0 0.695 -0.375 -0.001355114665 2
0 0.695 -0.365 -0.001778112268 2
0 0.695 -0.355 -0.002201575399 2
0 0.695 -0.345 -0.002611920582 2
0 0.695 -0.335 -0.003007132528 2
0 0.695 -0.325 -0.003382109716 2
0 0.695 -0.315 -0.003733487511 2
0 0.695 -0.305 -0.004058238103 2
0 0.695 -0.295 -0.004354283121 2
0 0.695 -0.285 -0.004620312358 2
0 0.695 -0.275 -0.004855656068 2
0 0.695 -0.265 -0.005059976256 2
0 0.695 -0.255 -0.005232949954 2
0 0.695 -0.245 -0.005373981972 2
0 0.695 -0.235 -0.005481997601 2
0 0.695 -0.225 -0.00555538922 2
0 0.695 -0.215 -0.00559219899 2
0 0.695 -0.205 -0.00559065659 2
0 0.695 -0.195 -0.005549944374 2
0 0.695 -0.185 -0.005470791734 2
0 0.695 -0.175 -0.005355567338 2
0 0.695 -0.165 -0.005207730769 2
0 0.695 -0.155 -0.005030895253 2
0 0.695 -0.145 -0.004827975049 2
0 0.695 -0.135 -0.004600903412 2
0 0.695 -0.125 -0.00435088141 2
0 0.695 -0.115 -0.004078764348 2
0 0.695 -0.105 -0.00378533604 2
0 0.695 -0.095 -0.00347139682 2
0 0.695 -0.085 -0.003137776948 2
0 0.695 -0.075 -0.002785354837 2
0 0.695 -0.065 -0.002415107496 2
0 0.695 -0.055 -0.002028172477 2
0 0.695 -0.045 -0.001625902078 2
0 0.695 -0.035 -0.001209895443 2
0 0.695 -0.025 -0.0007820010244 2
0 0.695 -0.015 -0.000344298507 2
0 0.695 -0.005 0.0001009529229 2
0 0.695 0.005 0.0005513103709 2
0 0.695 0.015 0.001004275235 2
0 0.695 0.025 0.00145672726 2
0 0.695 0.035 0.001906068491 2
0 0.695 0.045 0.002344431414 2
0 0.695 0.055 0.002774399011 2
0 0.695 0.065 0.003148349294 2
0 0.695 0.075 0.003461669511 1
0 0.695 0.085 0.0037287619 1
0 0.695 0.095 0.003967149162 1
0 0.695 0.105 0.004199470616 1
0 0.695 0.115 0.004411536654 1
0 0.695 0.125 0.004610090513 1
0 0.695 0.135 0.004788932635 1
0 0.695 0.145 0.004953371076 1
0 0.695 0.155 0.005131923112 2
0 0.695 0.165 0.005313911793 2
0 0.695 0.175 0.005471293107 2
0 0.695 0.185 0.005586365452 2
0 0.695 0.195 0.005672002941 2
0 0.695 0.205 0.005722061027 2
0 0.695 0.215 0.005736230836 2
0 0.695 0.225 0.005713404535 2
0 0.695 0.235 0.005653208539 2
0 0.695 0.245 0.005555533249 2
0 0.695 0.255 0.005420594809 2
0 0.695 0.265 0.005248893583 2
0 0.695 0.275 0.005041218183 2
0 0.695 0.285 0.004798652858 2
0 0.695 0.295 0.004522596727 2
0 0.695 0.305 0.004214781828 2
0 0.695 0.315 0.003877321262 2
0 0.695 0.325 0.003512693108 2
0 0.695 0.335 0.003123956842 2
0 0.695 0.345 0.002714292455 2
0 0.695 0.355 0.002288676657 2
0 0.695 0.365 0.001849021854 2
0 0.695 0.375 0.001409448974 2
0 0.695 0.385 0.0009498830458 2
0 0.695 0.395 0.0005576702218 2
0 0.695 0.405 0 2
0 0.695 0.415 0 2
0 0.695 0.425 0 2
0 0.695 0.435 0 2
0 0.695 0.445 0 2
0 0.695 0.455 0 2
0 0.695 0.465 0 2
0 0.705 -0.455 0 2
0 0.705 -0.445 0 2
0 0.705 -0.435 0 2
0 0.705 -0.425 0 2
0 0.705 -0.415 0 2
0 0.705 -0.405 0 2
0 0.705 -0.395 -0.0005427021841 2
0 0.705 -0.385 -0.0009238981319 2
0 0.705 -0.375 -0.00137033744 2
0 0.705 -0.365 -0.001796944944 2
0 0.705 -0.355 -0.002223522422 2
0 0.705 -0.345 -0.002636402551 2
0 0.705 -0.335 -0.00303356466 2
0 0.705 -0.325 -0.003409727393 2
0 0.705 -0.315 -0.003761281689 2
0 0.705 -0.305 -0.004085006425 2
0 0.705 -0.295 -0.004378823255 2
0 0.705 -0.285 -0.004641657073 2
0 0.705 -0.275 -0.004873243302 2
0 0.705 -0.265 -0.005073708164 2
0 0.705 -0.255 -0.005243170411 2
0 0.705 -0.245 -0.005381389508 2
0 0.705 -0.235 -0.005487451125 2
0 0.705 -0.225 -0.005559619644 2
0 0.705 -0.215 -0.005595440439 2
0 0.705 -0.205 -0.005592418114 2
0 0.705 -0.195 -0.00554922172 2
0 0.705 -0.185 -0.005466649536 2
0 0.705 -0.175 -0.005347769437 2
0 0.705 -0.165 -0.005197077769 2
0 0.705 -0.155 -0.005019031835 2
0 0.705 -0.145 -0.004816664086 2
0 0.705 -0.135 -0.00459137322 2
0 0.705 -0.125 -0.004343683053 2
0 0.705 -0.115 -0.004073951356 2
0 0.705 -0.105 -0.003782726578 2
0 0.705 -0.095 -0.003470729344 2
0 0.705 -0.085 -0.003138724601 2
0 0.705 -0.075 -0.002787480141 2
0 0.705 -0.065 -0.002417836854 2
0 0.705 -0.055 -0.002030806627 2
0 0.705 -0.045 -0.001627649427 2
0 0.705 -0.035 -0.001209918762 2
0 0.705 -0.025 -0.0007794666649 2
0 0.705 -0.015 -0.0003384204193 2
0 0.705 -0.005 0.0001108914618 2
0 0.705 0.005 0.0005659616985 2
0 0.705 0.015 0.001024305018 2
0 0.705 0.025 0.001482781452 2
0 0.705 0.035 0.001939093054 2
0 0.705 0.045 0.002383988186 2
0 0.705 0.055 0.002818398771 2
0 0.705 0.065 0.003191411512 2
0 0.705 0.075 0.003507809862 1
0 0.705 0.085 0.003780407807 1
0 0.705 0.095 0.004018416887 1
0 0.705 0.105 0.00425029344 1
0 0.705 0.115 0.0044684099 1
0 0.705 0.125 0.004673279232 1
0 0.705 0.135 0.004854968049 1
0 0.705 0.145 0.005031086753 1
0 0.705 0.155 0.005234691963 2
0 0.705 0.165 0.005430356287 2
0 0.705 0.175 0.005587318842 2
0 0.705 0.185 0.005700305159 2
0 0.705 0.195 0.005780439587 2
0 0.705 0.205 0.005825020676 2
0 0.705 0.215 0.005834218014 2
0 0.705 0.225 0.005807013614 2
0 0.705 0.235 0.005742973227 2
0 0.705 0.245 0.005641860343 2
0 0.705 0.255 0.005503762168 2
0 0.705 0.265 0.005329055331 2
0 0.705 0.275 0.005118415307 2
0 0.705 0.285 0.004872820763 2
0 0.705 0.295 0.004593569747 2
0 0.705 0.305 0.004282294321 2
0 0.705 0.315 0.003941006729 2
0 0.705 0.325 0.003572081606 2
0 0.705 0.335 0.003178477687 2
0 0.705 0.345 0.002763272863 2
0 0.705 0.355 0.002331386012 2
0 0.705 0.365 0.001884633235 2
0 0.705 0.375 0.001437354857 2
0 0.705 0.385 0.0009690464217 2
0 0.705 0.395 0.0005690699687 2
0 0.705 0.405 0 2
0 0.705 0.415 0 2
0 0.705 0.425 0 2
0 0.705 0.435 0 2
0 0.705 0.445 0 2
0 0.705 0.455 0 2
0 0.705 0.465 0 2
0 0.715 -0.455 0 2
0 0.715 -0.445 0 2
0 0.715 -0.435 0 2
0 0.715 -0.425 0 2
0 0.715 -0.415 0 2
0 0.715 -0.405 0 2
0 0.715 -0.395 -0.0005418872288 2
0 0.715 -0.385 -0.0009216397127 2
0 0.715 -0.375 -0.001365782298 2
0 0.715 -0.365 -0.001789247289 2
0 0.715 -0.355 -0.002212054512 2
0 0.715 -0.345 -0.002620791436 2
0 0.715 -0.335 -0.00301356522 2
0 0.715 -0.325 -0.003384961808 2
0 0.715 -0.315 -0.003731028479 2
0 0.715 -0.305 -0.004048234473 2
0 0.715 -0.295 -0.004334478997 2
0 0.715 -0.285 -0.004589009357 2
0 0.715 -0.275 -0.004812074707 2
0 0.715 -0.265 -0.005004332666 2
0 0.715 -0.255 -0.005166377089 2
0 0.715 -0.245 -0.005298274552 2
0 0.715 -0.235 -0.005399421855 2
0 0.715 -0.225 -0.00546834085 2
0 0.715 -0.215 -0.005502112173 2
0 0.715 -0.205 -0.005497283492 2
0 0.715 -0.195 -0.005451833126 2
0 0.715 -0.185 -0.005366515878 2
0 0.715 -0.175 -0.005245600833 2
0 0.715 -0.165 -0.005095350874 2
0 0.715 -0.155 -0.004921211803 2
0 0.715 -0.145 -0.004725708296 2
0 0.715 -0.135 -0.004508717684 2
0 0.715 -0.125 -0.004269422232 2
0 0.715 -0.115 -0.004007721178 2
0 0.715 -0.105 -0.003724322083 2
0 0.715 -0.095 -0.00342003375 2
0 0.715 -0.085 -0.003095616843 2
0 0.715 -0.075 -0.002751710802 2
0 0.715 -0.065 -0.002388975249 2
0 0.715 -0.055 -0.002008275317 2
0 0.715 -0.045 -0.001610784426 2
0 0.715 -0.035 -0.001198042106 2
0 0.715 -0.025 -0.0007719634033 2
0 0.715 -0.015 -0.0003348183442 2
0 0.715 -0.005 0.0001108577937 2
0 0.715 0.005 0.0005623300808 2
0 0.715 0.015 0.001016941479 2
0 0.715 0.025 0.001471549534 2
0 0.715 0.035 0.001924238583 2
0 0.715 0.045 0.002366938588 2
0 0.715 0.055 0.002804533479 2
0 0.715 0.065 0.003181726429 2
0 0.715 0.075 0.003495978863 1
0 0.715 0.085 0.003767559543 1
0 0.715 0.095 0.004014301762 1
0 0.715 0.105 0.004253094646 1
0 0.715 0.115 0.004469801912 1
0 0.715 0.125 0.004668192414 1
0 0.715 0.135 0.004858993799 1
0 0.715 0.145 0.005080621389 2
0 0.715 0.155 0.005305246034 2
0 0.715 0.165 0.005488326396 2
0 0.715 0.175 0.005627914662 2
0 0.715 0.185 0.005735798194 2
0 0.715 0.195 0.005808350292 2
0 0.715 0.205 0.005846692668 2
0 0.715 0.215 0.005850587175 2
0 0.715 0.225 0.005819221983 2
0 0.715 0.235 0.00575208381 2
0 0.715 0.245 0.005648836592 2
0 0.715 0.255 0.005509445583 2
0 0.715 0.265 0.005334163021 2
0 0.715 0.275 0.005123541725 2
0 0.715 0.285 0.004878439152 2
0 0.715 0.295 0.004600031199 2
0 0.715 0.305 0.004289823327 2
0 0.715 0.315 0.003949693144 2
0 0.715 0.325 0.003581869263 2
0 0.715 0.335 0.003189152727 2
0 0.715 0.345 0.002774451621 2
0 0.715 0.355 0.002342524591 2
0 0.715 0.365 0.001895020617 2
0 0.715 0.375 0.001446266903 2
0 0.715 0.385 0.0009755535623 2
0 0.715 0.395 0.0005731221062 2
0 0.715 0.405 0 2
0 0.715 0.415 0 2
0 0.715 0.425 0 2
0 0.715 0.435 0 2
0 0.715 0.445 0 2
0 0.715 0.455 0 2
0 0.715 0.465 0 2
0 0.725 -0.455 0 2
0 0.725 -0.445 0 2
0 0.725 -0.435 0 2
0 0.725 -0.425 0 2
0 0.725 -0.415 0 2
0 0.725 -0.405 0 2
0 0.725 -0.395 -0.0005330821608 2
0 0.725 -0.385 -0.0009052758883 2
0 0.725 -0.375 -0.001339622428 2
0 0.725 -0.365 -0.001752330657 2
0 0.725 -0.355 -0.002163517605 2
0 0.725 -0.345 -0.002560455162 2
0 0.725 -0.335 -0.002941618872 2
0 0.725 -0.325 -0.003301589396 2
0 0.725 -0.315 -0.003635978051 2
0 0.725 -0.305 -0.003940800889 2
0 0.725 -0.295 -0.004213905893 2
0 0.725 -0.285 -0.004454940965 2
0 0.725 -0.275 -0.004664712889 2
0 0.725 -0.265 -0.004844376192 2
0 0.725 -0.255 -0.004994798808 2
0 0.725 -0.245 -0.005116163975 2
0 0.725 -0.235 -0.005208362839 2
0 0.725 -0.225 -0.005270417336 2
0 0.725 -0.215 -0.005298868193 2
0 0.725 -0.205 -0.005289987671 2
0 0.725 -0.195 -0.005242427787 2
0 0.725 -0.185 -0.00515714891 2
0 0.725 -0.175 -0.005038992483 2
0 0.725 -0.165 -0.004895376563 2
0 0.725 -0.155 -0.004731883778 2
0 0.725 -0.145 -0.004550225562 2
0 0.725 -0.135 -0.004348503311 2
0 0.725 -0.125 -0.004123931502 2
0 0.725 -0.115 -0.003875974821 2
0 0.725 -0.105 -0.003606052476 2
0 0.725 -0.095 -0.00331549472 2
0 0.725 -0.085 -0.003005020756 2
0 0.725 -0.075 -0.002675023394 2
0 0.725 -0.065 -0.002325883193 2
0 0.725 -0.055 -0.001958301432 2
0 0.725 -0.045 -0.001573388605 2
0 0.725 -0.035 -0.001172705361 2
0 0.725 -0.025 -0.0007582780692 2
0 0.725 -0.015 -0.0003326089157 2
0 0.725 -0.005 0.0001014105653 2
0 0.725 0.005 0.0005406181416 2
0 0.725 0.015 0.0009819202886 2
0 0.725 0.025 0.00142199136 2
0 0.725 0.035 0.001858812233 2
0 0.725 0.045 0.002286772578 2
0 0.725 0.055 0.002712727462 2
0 0.725 0.065 0.003098685595 2
0 0.725 0.075 0.003427405933 1
0 0.725 0.085 0.003705627893 1
0 0.725 0.095 0.003951075304 1
0 0.725 0.105 0.004182979161 1
0 0.725 0.115 0.004396262456 1
0 0.725 0.125 0.00460272544 1
0 0.725 0.135 0.004841623255 2
0 0.725 0.145 0.005082309342 2
0 0.725 0.155 0.005293764413 2
0 0.725 0.165 0.005455777118 2
0 0.725 0.175 0.00558188435 2
0 0.725 0.185 0.005678277985 2
0 0.725 0.195 0.005742361007 2
0 0.725 0.205 0.005774310582 2
0 0.725 0.215 0.005773310743 2
0 0.725 0.225 0.005738649375 2
0 0.725 0.235 0.005669738856 2
0 0.725 0.245 0.005566181431 2
0 0.725 0.255 0.005427848172 2
0 0.725 0.265 0.005254885111 2
0 0.725 0.275 0.005047729295 2
0 0.725 0.285 0.004807115034 2
0 0.725 0.295 0.004534086549 2
0 0.725 0.305 0.004230006178 2
0 0.725 0.315 0.00389659221 2
0 0.725 0.325 0.003535892827 2
0 0.725 0.335 0.003150500411 2
0 0.725 0.345 0.002743087991 2
0 0.725 0.355 0.002318144414 2
0 0.725 0.365 0.001877068017 2
0 0.725 0.375 0.001433897422 2
0 0.725 0.385 0.0009679394754 2
0 0.725 0.395 0.0005690250765 2
0 0.725 0.405 0 2
0 0.725 0.415 0 2
0 0.725 0.425 0 2
0 0.725 0.435 0 2
0 0.725 0.445 0 2
0 0.725 0.455 0 2
0 0.725 0.465 0 2
0 0.735 -0.455 0 2
0 0.735 -0.445 0 2
0 0.735 -0.435 0 2
0 0.735 -0.425 0 2
0 0.735 -0.415 0 2
0 0.735 -0.405 0 2
0 0.735 -0.395 -0.0005158092062 2
0 0.735 -0.385 -0.0008738533716 2
0 0.735 -0.375 -0.001290210242 2
0 0.735 -0.365 -0.001683602701 2
0 0.735 -0.355 -0.002074040989 2
0 0.735 -0.345 -0.002450081361 2
0 0.735 -0.335 -0.002811185881 2
0 0.735 -0.325 -0.003152240342 2
0 0.735 -0.315 -0.003468202002 2
0 0.735 -0.305 -0.003754310585 2
0 0.735 -0.295 -0.004008462625 2
0 0.735 -0.285 -0.004231051225 2
0 0.735 -0.275 -0.004423539178 2
0 0.735 -0.265 -0.004587051334 2
0 0.735 -0.255 -0.004722064409 2
0 0.735 -0.245 -0.004828654586 2
0 0.735 -0.235 -0.00490685494 2
0 0.735 -0.225 -0.00495227109 2
0 0.735 -0.215 -0.004967532286 2
0 0.735 -0.205 -0.004949105431 2
0 0.735 -0.195 -0.004892738469 2
0 0.735 -0.185 -0.00480762541 2
0 0.735 -0.175 -0.004700175406 2
0 0.735 -0.165 -0.004573592511 2
0 0.735 -0.155 -0.004438812947 2
0 0.735 -0.145 -0.00428830365 2
0 0.735 -0.135 -0.004108749348 2
0 0.735 -0.125 -0.003904331078 2
0 0.735 -0.115 -0.003675187863 2
0 0.735 -0.105 -0.003424149137 2
0 0.735 -0.095 -0.003153494939 2
0 0.735 -0.085 -0.002863595227 2
0 0.735 -0.075 -0.002554334926 2
0 0.735 -0.065 -0.002225692223 2
0 0.735 -0.055 -0.001878220218 2
0 0.735 -0.045 -0.001513022437 2
0 0.735 -0.035 -0.001131706515 2
0 0.735 -0.025 -0.0007364129099 2
0 0.735 -0.015 -0.000329920512 2
0 0.735 -0.005 8.440358709e-05 2
0 0.735 0.005 0.0005027890375 2
0 0.735 0.015 0.0009214497627 2
0 0.735 0.025 0.00133655478 2
0 0.735 0.035 0.001745089868 2
0 0.735 0.045 0.002142725322 2
0 0.735 0.055 0.002527956477 2
0 0.735 0.065 0.002898823486 2
0 0.735 0.075 0.003252024624 2
0 0.735 0.085 0.003565587889 1
0 0.735 0.095 0.003808325911 1
0 0.735 0.105 0.004027624219 1
0 0.735 0.115 0.004266932979 2
0 0.735 0.125 0.004521132721 2
0 0.735 0.135 0.004772691564 2
0 0.735 0.145 0.004986094989 2
0 0.735 0.155 0.005163503325 2
0 0.735 0.165 0.00530822922 2
0 0.735 0.175 0.005425563037 2
0 0.735 0.185 0.005512064439 2
0 0.735 0.195 0.00556861262 2
0 0.735 0.205 0.005594868791 2
0 0.735 0.215 0.005590027166 2
0 0.735 0.225 0.005553462928 2
0 0.735 0.235 0.005484591519 2
0 0.735 0.245 0.005383006626 2
0 0.735 0.255 0.005248526985 2
0 0.735 0.265 0.005081221621 2
0 0.735 0.275 0.004881429189 2
0 0.735 0.285 0.004649768617 2
0 0.735 0.295 0.004387152176 2
0 0.735 0.305 0.004094791851 2
0 0.735 0.315 0.003774231774 2
0 0.735 0.325 0.003427316132 2
0 0.735 0.335 0.003056388503 2
0 0.735 0.345 0.00266383087 2
0 0.735 0.355 0.002253752141 2
0 0.735 0.365 0.001827208108 2
0 0.735 0.375 0.001397623995 2
0 0.735 0.385 0.0009445342982 2
0 0.735 0.395 0.0005558786816 2
0 0.735 0.405 0 2
0 0.735 0.415 0 2
0 0.735 0.425 0 2
0 0.735 0.435 0 2
0 0.735 0.445 0 2
0 0.735 0.455 0 2
0 0.735 0.465 0 2
0 0.745 -0.455 0 2
0 0.745 -0.445 0 2
0 0.745 -0.435 0 2
0 0.745 -0.425 0 2
0 0.745 -0.415 0 2
0 0.745 -0.405 0 2
0 0.745 -0.395 -0.0004896627337 2
0 0.745 -0.385 -0.0008265991253 2
0 0.745 -0.375 -0.001216195809 2
0 0.745 -0.365 -0.001580952954 2
0 0.745 -0.355 -0.001940563337 2
0 0.745 -0.345 -0.002285439119 2
0 0.745 -0.335 -0.002616292139 2
0 0.745 -0.325 -0.002928591781 2
0 0.745 -0.315 -0.003217353745 2
0 0.745 -0.305 -0.003477913948 2
0 0.745 -0.295 -0.003708413535 2
0 0.745 -0.285 -0.003909300192 2
0 0.745 -0.275 -0.004081913114 2
0 0.745 -0.265 -0.004226959466 2
0 0.745 -0.255 -0.00434438728 2
0 0.745 -0.245 -0.00443367474 2
0 0.745 -0.235 -0.004489737637 2
0 0.745 -0.225 -0.00451033007 2
0 0.745 -0.215 -0.004502303459 2
0 0.745 -0.205 -0.0044654296 2
0 0.745 -0.195 -0.00440297319 2
0 0.745 -0.185 -0.004338559052 2
0 0.745 -0.175 -0.004263655932 2
0 0.745 -0.165 -0.00416421165 2
0 0.745 -0.155 -0.004055679417 2
0 0.745 -0.145 -0.003936681812 2
0 0.745 -0.135 -0.003789001308 2
0 0.745 -0.125 -0.00360660628 2
0 0.745 -0.115 -0.003399725598 2
0 0.745 -0.105 -0.003173154161 2
0 0.745 -0.095 -0.002929561908 2
0 0.745 -0.085 -0.002667751829 2
0 0.745 -0.075 -0.002386425001 2
0 0.745 -0.065 -0.002085209869 2
0 0.745 -0.055 -0.001764903415 2
0 0.745 -0.045 -0.00142672319 2
0 0.745 -0.035 -0.001072298227 2
0 0.745 -0.025 -0.0007037712699 2
0 0.745 -0.015 -0.0003241379072 2
0 0.745 -0.005 6.269835795e-05 2
0 0.745 0.005 0.0004522440334 2
0 0.745 0.015 0.0008399292611 2
0 0.745 0.025 0.001221429472 2
0 0.745 0.035 0.001593138219 2
0 0.745 0.045 0.001951764954 2
0 0.745 0.055 0.002293121562 2
0 0.745 0.065 0.002623774449 2
0 0.745 0.075 0.002945875302 2
0 0.745 0.085 0.003263533244 2
0 0.745 0.095 0.003559522187 2
0 0.745 0.105 0.003831318709 2
0 0.745 0.115 0.004088337175 2
0 0.745 0.125 0.004330778083 2
0 0.745 0.135 0.00455402217 2
0 0.745 0.145 0.004744670973 2
0 0.745 0.155 0.004904845262 2
0 0.745 0.165 0.005040242494 2
0 0.745 0.175 0.005146329739 2
0 0.745 0.185 0.005224206467 2
0 0.745 0.195 0.00527408661 2
0 0.745 0.205 0.005295620737 2
0 0.745 0.215 0.005288278538 2
0 0.745 0.225 0.005251520739 2
0 0.745 0.235 0.005184841449 2
0 0.745 0.245 0.005087871612 2
0 0.745 0.255 0.004960419124 2
0 0.745 0.265 0.004802506302 2
0 0.745 0.275 0.004614394069 2
0 0.745 0.285 0.004396598201 2
0 0.745 0.295 0.004149904276 2
0 0.745 0.305 0.003875373598 2
0 0.745 0.315 0.003574370341 2
0 0.745 0.325 0.003248523571 2
0 0.745 0.335 0.002899903932 2
0 0.745 0.345 0.002530566609 2
0 0.745 0.355 0.002144144225 2
0 0.745 0.365 0.001741262917 2
0 0.745 0.375 0.001334356409 2
0 0.745 0.385 0.0009033736255 2
0 0.745 0.395 0.0005326361014 2
0 0.745 0.405 0 2
0 0.745 0.415 0 2
0 0.745 0.425 0 2
0 0.745 0.435 0 2
0 0.745 0.445 0 2
0 0.745 0.455 0 2
0 0.745 0.465 0 2
0 0.755 -0.455 0 2
0 0.755 -0.445 0 2
0 0.755 -0.435 0 2
0 0.755 -0.425 0 2
0 0.755 -0.415 0 2
0 0.755 -0.405 0 2
0 0.755 -0.395 -0.0004542613958 2
0 0.755 -0.385 -0.0007628697269 2
0 0.755 -0.375 -0.001116666411 2
0 0.755 -0.365 -0.001443319482 2
0 0.755 -0.355 -0.00176167673 2
0 0.755 -0.345 -0.002061648895 2
0 0.755 -0.335 -0.002346339126 2
0 0.755 -0.325 -0.002615614963 2
0 0.755 -0.315 -0.002865854676 2
0 0.755 -0.305 -0.003090323487 2
0 0.755 -0.295 -0.003292978418 2
0 0.755 -0.285 -0.003475315092 2
0 0.755 -0.275 -0.003635562957 2
0 0.755 -0.265 -0.003762869013 2
0 0.755 -0.255 -0.003862794609 2
0 0.755 -0.245 -0.003930818773 2
0 0.755 -0.235 -0.003963921536 2
0 0.755 -0.225 -0.003963637917 2
0 0.755 -0.215 -0.003930895827 2
0 0.755 -0.205 -0.003861917981 1
0 0.755 -0.195 -0.003815081732 1
0 0.755 -0.185 -0.003778971979 1
0 0.755 -0.175 -0.003745505883 1
0 0.755 -0.165 -0.003699221303 2
0 0.755 -0.155 -0.003609484699 2
0 0.755 -0.145 -0.003510857512 2
0 0.755 -0.135 -0.003390527773 2
0 0.755 -0.125 -0.003229232626 2
0 0.755 -0.115 -0.00304770455 2
0 0.755 -0.105 -0.002851425386 2
0 0.755 -0.095 -0.002641793479 2
0 0.755 -0.085 -0.002415118398 2
0 0.755 -0.075 -0.002168297563 2
0 0.755 -0.065 -0.00190086681 2
0 0.755 -0.055 -0.001614462973 2
0 0.755 -0.045 -0.001310554686 2
0 0.755 -0.035 -0.0009906785641 2
0 0.755 -0.025 -0.0006567421719 2
0 0.755 -0.015 -0.0003117945159 2
0 0.755 -0.005 3.973680304e-05 2
0 0.755 0.005 0.0003926767102 2
0 0.755 0.015 0.0007417942044 2
0 0.755 0.025 0.001082527383 2
0 0.755 0.035 0.001411748015 2
0 0.755 0.045 0.00172803546 2
0 0.755 0.055 0.002031077723 2
0 0.755 0.065 0.002323547256 2
0 0.755 0.075 0.002611406856 2
0 0.755 0.085 0.002907379817 2
0 0.755 0.095 0.003209158233 2
0 0.755 0.105 0.003498655357 2
0 0.755 0.115 0.003756311371 2
0 0.755 0.125 0.003981363609 2
0 0.755 0.135 0.004181635253 2
0 0.755 0.145 0.004361649641 2
0 0.755 0.155 0.004513110919 2
0 0.755 0.165 0.004636309609 2
0 0.755 0.175 0.004732402147 2
0 0.755 0.185 0.004802347473 2
0 0.755 0.195 0.004846278227 2
0 0.755 0.205 0.004864137694 2
0 0.755 0.215 0.004855696222 2
0 0.755 0.225 0.00482059526 2
0 0.755 0.235 0.004758465641 2
0 0.755 0.245 0.004669011332 2
0 0.755 0.255 0.004552061865 2
0 0.755 0.265 0.004407617339 2
0 0.755 0.275 0.004235879015 2
0 0.755 0.285 0.004037271326 2
0 0.755 0.295 0.003812459736 2
0 0.755 0.305 0.003562357671 2
0 0.755 0.315 0.003288149463 2
0 0.755 0.325 0.002991248699 2
0 0.755 0.335 0.002673446895 2
0 0.755 0.345 0.002336466392 2
0 0.755 0.355 0.001983399115 2
0 0.755 0.365 0.001614387101 2
0 0.755 0.375 0.001240458917 2
0 0.755 0.385 0.0008421462818 2
0 0.755 0.395 0.0004980936595 2
0 0.755 0.405 0 2
0 0.755 0.415 0 2
0 0.755 0.425 0 2
0 0.755 0.435 0 2
0 0.755 0.445 0 2
0 0.755 0.455 0 2
0 0.755 0.465 0 2
0 0.765 -0.455 0 2
0 0.765 -0.445 0 2
0 0.765 -0.435 0 2
0 0.765 -0.425 0 2
0 0.765 -0.415 0 2
0 0.765 -0.405 0 2
0 0.765 -0.395 -0.000408790611 2
0 0.765 -0.385 -0.0006814020695 2
0 0.765 -0.375 -0.0009902281331 2
0 0.765 -0.365 -0.001269951596 2
0 0.765 -0.355 -0.001536134081 2
0 0.765 -0.345 -0.001782318581 2
0 0.765 -0.335 -0.002011007413 2
0 0.765 -0.325 -0.002221177689 2
0 0.765 -0.315 -0.00241047323 2
0 0.765 -0.305 -0.002587370211 2
0 0.765 -0.295 -0.002761220811 2
0 0.765 -0.285 -0.002927103804 2
0 0.765 -0.275 -0.003073651307 2
0 0.765 -0.265 -0.003190091818 2
0 0.765 -0.255 -0.003278576694 2
0 0.765 -0.245 -0.00332935935 2
0 0.765 -0.235 -0.003351848932 2
0 0.765 -0.225 -0.003346891906 2
0 0.765 -0.215 -0.003302903382 1
0 0.765 -0.205 -0.003267235541 1
0 0.765 -0.195 -0.003241518588 1
0 0.765 -0.185 -0.003210884136 1
0 0.765 -0.175 -0.00317930901 1
0 0.765 -0.165 -0.003140889344 1
0 0.765 -0.155 -0.003085644048 2
0 0.765 -0.145 -0.002994208279 2
0 0.765 -0.135 -0.002883364381 2
0 0.765 -0.125 -0.002744222402 2
0 0.765 -0.115 -0.002594847966 2
0 0.765 -0.105 -0.002446329318 2
0 0.765 -0.095 -0.002287635006 2
0 0.765 -0.085 -0.002102524034 2
0 0.765 -0.075 -0.001895721045 2
0 0.765 -0.065 -0.00166773532 2
0 0.765 -0.055 -0.001421726175 2
0 0.765 -0.045 -0.001159893823 2
0 0.765 -0.035 -0.0008831030905 2
0 0.765 -0.025 -0.0005922493602 2
0 0.765 -0.015 -0.000289978019 2
0 0.765 -0.005 1.869951319e-05 2
0 0.765 0.005 0.0003277540542 2
0 0.765 0.015 0.0006311293077 2
0 0.765 0.025 0.0009240074375 2
0 0.765 0.035 0.001204589811 2
0 0.765 0.045 0.001474063702 2
0 0.765 0.055 0.001735091555 2
0 0.765 0.065 0.001991768056 2
0 0.765 0.075 0.002250443046 2
0 0.765 0.085 0.002514532262 2
0 0.765 0.095 0.002780508674 2
0 0.765 0.105 0.003038146177 2
0 0.765 0.115 0.003277380083 2
0 0.765 0.125 0.003492448296 2
0 0.765 0.135 0.003681019358 2
0 0.765 0.145 0.003842837614 2
0 0.765 0.155 0.003978139931 2
0 0.765 0.165 0.004087962586 2
0 0.765 0.175 0.004173088186 2
0 0.765 0.185 0.004234388712 2
0 0.765 0.195 0.004272304597 2
0 0.765 0.205 0.004287103191 2
0 0.765 0.215 0.004278771127 2
0 0.765 0.225 0.004247146448 2
0 0.765 0.235 0.004192004313 2
0 0.765 0.245 0.004113134615 2
0 0.765 0.255 0.004010403728 2
0 0.765 0.265 0.003883803234 2
0 0.765 0.275 0.003733485898 2
0 0.765 0.285 0.003559792166 2
0 0.765 0.295 0.003363270952 2
0 0.765 0.305 0.003144688757 2
0 0.765 0.315 0.002905050324 2
0 0.765 0.325 0.002645558201 2
0 0.765 0.335 0.002367733188 2
0 0.765 0.345 0.002072994021 2
0 0.765 0.355 0.001763886568 2
0 0.765 0.365 0.001440139335 2
0 0.765 0.375 0.001110978866 2
0 0.765 0.385 0.0007576583573 2
0 0.765 0.395 0.0004505762103 2
0 0.765 0.405 0 2
0 0.765 0.415 0 2
0 0.765 0.425 0 2
0 0.765 0.435 0 2
0 0.765 0.445 0 2
0 0.765 0.455 0 2
0 0.765 0.465 0 2
0 0.775 -0.455 0 2
0 0.775 -0.445 0 2
0 0.775 -0.435 0 2
0 0.775 -0.425 0 2
0 0.775 -0.415 0 2
0 0.775 -0.405 0 2
0 0.775 -0.395 -0.000352149738 2
0 0.775 -0.385 -0.0005804154389 2
0 0.775 -0.375 -0.0008353175734 2
0 0.775 -0.365 -0.00106132007 2
0 0.775 -0.355 -0.001270549683 2
0 0.775 -0.345 -0.001462928743 2
0 0.775 -0.335 -0.001636685991 2
0 0.775 -0.325 -0.001766959941 1
0 0.775 -0.315 -0.001874719942 1
0 0.775 -0.305 -0.00198989147 1
0 0.775 -0.295 -0.00214529603 2
0 0.775 -0.285 -0.0022931145 2
0 0.775 -0.275 -0.002421057226 2
0 0.775 -0.265 -0.002526224284 2
0 0.775 -0.255 -0.002604773842 2
0 0.775 -0.245 -0.002655364609 2
0 0.775 -0.235 -0.002683667123 2
0 0.775 -0.225 -0.002672948154 1
0 0.775 -0.215 -0.002649941096 1
0 0.775 -0.205 -0.00263410378 1
0 0.775 -0.195 -0.002615774605 1
0 0.775 -0.185 -0.002582948064 1
0 0.775 -0.175 -0.002539474162 1
0 0.775 -0.165 -0.002494740989 1
0 0.775 -0.155 -0.002455662751 2
0 0.775 -0.145 -0.002378477501 2
0 0.775 -0.135 -0.002291763125 2
0 0.775 -0.125 -0.002193356913 2
0 0.775 -0.115 -0.002084037419 2
0 0.775 -0.105 -0.001984856192 2
0 0.775 -0.095 -0.001874679796 2
0 0.775 -0.085 -0.001730754003 2
0 0.775 -0.075 -0.001566118308 2
0 0.775 -0.065 -0.001381857907 2
0 0.775 -0.055 -0.001181567184 2
0 0.775 -0.045 -0.000968164116 2
0 0.775 -0.035 -0.0007417452061 2
0 0.775 -0.025 -0.0005023887122 2
0 0.775 -0.015 -0.0002524790211 2
0 0.775 -0.005 2.938275341e-06 2
0 0.775 0.005 0.0002581163349 2
0 0.775 0.015 0.0005069543039 2
0 0.775 0.025 0.0007444428428 2
0 0.775 0.035 0.0009700352845 2
0 0.775 0.045 0.001187357399 2
0 0.775 0.055 0.001401030117 2
0 0.775 0.065 0.001614228281 2
0 0.775 0.075 0.001830747903 2
0 0.775 0.085 0.00205238243 2
0 0.775 0.095 0.002276395524 2
0 0.775 0.105 0.002494964529 2
0 0.775 0.115 0.00269922439 2
0 0.775 0.125 0.002883210216 2
0 0.775 0.135 0.0030443588 2
0 0.775 0.145 0.003182361584 2
0 0.775 0.155 0.003297450623 2
0 0.775 0.165 0.003390363414 2
0 0.775 0.175 0.003461880914 2
0 0.775 0.185 0.003512944557 2
0 0.775 0.195 0.003544240547 2
0 0.775 0.205 0.003556185166 2
0 0.775 0.215 0.003548940171 2
0 0.775 0.225 0.003522500016 2
0 0.775 0.235 0.003476759704 2
0 0.775 0.245 0.003411587945 2
0 0.775 0.255 0.003326888348 2
0 0.775 0.265 0.003222648398 2
0 0.775 0.275 0.00309897721 2
0 0.775 0.285 0.002956133786 2
0 0.775 0.295 0.002794549334 2
0 0.775 0.305 0.00261483877 2
0 0.775 0.315 0.002417820799 2
0 0.775 0.325 0.002204484664 2
0 0.775 0.335 0.001976087098 2
0 0.775 0.345 0.001733784956 2
0 0.775 0.355 0.001479620547 2
0 0.775 0.365 0.001213113464 2
0 0.775 0.375 0.0009414102842 2
0 0.775 0.385 0.0006468366526 2
0 0.775 0.395 0.0003884946031 2
0 0.775 0.405 0 2
0 0.775 0.415 0 2
0 0.775 0.425 0 2
0 0.775 0.435 0 2
0 0.775 0.445 0 2
0 0.775 0.455 0 2
0 0.775 0.465 0 2
0 0.785 -0.455 0 2
0 0.785 -0.445 0 2
0 0.785 -0.435 0 2
0 0.785 -0.425 0 2
0 0.785 -0.415 0 2
0 0.785 -0.405 0 2
0 0.785 -0.395 -0.0002787498005 2
0 0.785 -0.385 -0.0004495057198 2
0 0.785 -0.375 -0.0006374361891 2
0 0.785 -0.365 -0.0008023296428 2
0 0.785 -0.355 -0.0009534904605 2
0 0.785 -0.345 -0.001088091676 2
0 0.785 -0.335 -0.001192054668 1
0 0.785 -0.325 -0.001269850924 1
0 0.785 -0.315 -0.001333773489 1
0 0.785 -0.305 -0.001410961695 1
0 0.785 -0.295 -0.001491985288 1
0 0.785 -0.285 -0.001580029675 1
0 0.785 -0.275 -0.001695411579 2
0 0.785 -0.265 -0.001780101766 2
0 0.785 -0.255 -0.001846420094 2
0 0.785 -0.245 -0.001903055217 2
0 0.785 -0.235 -0.001925490875 1
0 0.785 -0.225 -0.001917979617 1
0 0.785 -0.215 -0.001907473553 1
0 0.785 -0.205 -0.001900502248 1
0 0.785 -0.195 -0.001882956904 1
0 0.785 -0.185 -0.001854235459 1
0 0.785 -0.175 -0.001806301767 1
0 0.785 -0.165 -0.001754621655 1
0 0.785 -0.155 -0.001711488387 1
0 0.785 -0.145 -0.001663391293 1
0 0.785 -0.135 -0.001615162278 1
0 0.785 -0.125 -0.001573167557 1
0 0.785 -0.115 -0.001525097154 2
0 0.785 -0.105 -0.001455465895 2
0 0.785 -0.095 -0.001378776879 2
0 0.785 -0.085 -0.001283048379 2
0 0.785 -0.075 -0.001162098002 2
0 0.785 -0.065 -0.001025707105 2
0 0.785 -0.055 -0.0008771741361 2
0 0.785 -0.045 -0.0007229229751 2
0 0.785 -0.035 -0.0005627720134 2
0 0.785 -0.025 -0.0003874377272 2
0 0.785 -0.015 -0.0001975554118 2
0 0.785 -0.005 -6.311873224e-06 2
0 0.785 0.005 0.000184221511 2
0 0.785 0.015 0.0003719458545 2
0 0.785 0.025 0.000543801088 2
0 0.785 0.035 0.0007005640464 2
0 0.785 0.045 0.0008551345872 2
0 0.785 0.055 0.00101253979 2
0 0.785 0.065 0.001171692544 2
0 0.785 0.075 0.001334216553 2
0 0.785 0.085 0.001500397817 2
0 0.785 0.095 0.001667993257 2
0 0.785 0.105 0.001832002364 2
0 0.785 0.115 0.00198655317 2
0 0.785 0.125 0.002126893841 2
0 0.785 0.135 0.002250235777 2
0 0.785 0.145 0.002355547626 2
0 0.785 0.155 0.002442865813 2
0 0.785 0.165 0.002512889661 2
0 0.785 0.175 0.002566496583 2
0 0.785 0.185 0.002604542659 2
0 0.785 0.195 0.002627695547 2
0 0.785 0.205 0.002636409465 2
0 0.785 0.215 0.002630922477 2
0 0.785 0.225 0.002611309473 2
0 0.785 0.235 0.002577538917 2
0 0.785 0.245 0.002529534512 2
0 0.785 0.255 0.002467227156 2
0 0.785 0.265 0.002390597783 2
0 0.785 0.275 0.002299710929 2
0 0.785 0.285 0.002194740201 2
0 0.785 0.295 0.00207598888 2
0 0.785 0.305 0.001943902205 2
0 0.785 0.315 0.001799086856 2
0 0.785 0.325 0.00164228988 2
0 0.785 0.335 0.001474478563 2
0 0.785 0.345 0.001296561263 2
0 0.785 0.355 0.001110129874 2
0 0.785 0.365 0.0009148351654 2
0 0.785 0.375 0.0007158504213 2
0 0.785 0.385 0.0004989190712 2
0 0.785 0.395 0.0003062593386 2
0 0.785 0.405 0 2
0 0.785 0.415 0 2
0 0.785 0.425 0 2
0 0.785 0.435 0 2
0 0.785 0.445 0 2
0 0.785 0.455 0 2
0 0.785 0.465 0 2
0 0.795 -0.455 0 2
0 0.795 -0.445 0 2
0 0.795 -0.435 0 2
0 0.795 -0.425 0 2
0 0.795 -0.415 0 2
0 0.795 -0.405 0 2
0 0.795 -0.395 -0.0001922479519 2
0 0.795 -0.385 -0.0002972027114 2
0 0.795 -0.375 -0.0004111268691 2
0 0.795 -0.365 -0.0005115561593 2
0 0.795 -0.355 -0.0006035489008 2
0 0.795 -0.345 -0.0006800896743 2
0 0.795 -0.335 -0.0007307409528 1
0 0.795 -0.325 -0.0007683877514 1
0 0.795 -0.315 -0.0008010512043 1
0 0.795 -0.305 -0.0008456176765 1
0 0.795 -0.295 -0.0008854489994 1
0 0.795 -0.285 -0.0009256758168 1
0 0.795 -0.275 -0.0009839269378 1
0 0.795 -0.265 -0.001047768559 2
0 0.795 -0.255 -0.001092087532 2
0 0.795 -0.245 -0.001142620911 2
0 0.795 -0.235 -0.001148439584 1
0 0.795 -0.225 -0.001137258772 1
0 0.795 -0.215 -0.001141146035 1
0 0.795 -0.205 -0.001136402926 1
0 0.795 -0.195 -0.00112181253 1
0 0.795 -0.185 -0.001100802062 1
0 0.795 -0.175 -0.001069737851 1
0 0.795 -0.165 -0.001040419227 1
0 0.795 -0.155 -0.001018587196 1
0 0.795 -0.145 -0.0009970160636 1
0 0.795 -0.135 -0.0009669468753 1
0 0.795 -0.125 -0.0009476808831 1
0 0.795 -0.115 -0.000935974397 2
0 0.795 -0.105 -0.0008927568746 2
0 0.795 -0.095 -0.0008460532476 2
0 0.795 -0.085 -0.0007945000429 2
0 0.795 -0.075 -0.0007174530081 2
0 0.795 -0.065 -0.0006320667478 2
0 0.795 -0.055 -0.0005403384155 2
0 0.795 -0.045 -0.0004388238058 2
0 0.795 -0.035 -0.0003322268242 2
0 0.795 -0.025 -0.0002226268237 2
0 0.795 -0.015 -0.0001131438694 2
0 0.795 -0.005 -7.479796784e-06 2
0 0.795 0.005 0.0001008499604 2
0 0.795 0.015 0.0002131478062 2
0 0.795 0.025 0.0003160146875 2
0 0.795 0.035 0.000409475014 2
0 0.795 0.045 0.0005062644929 2
0 0.795 0.055 0.0006043387979 2
0 0.795 0.065 0.0007031563417 2
0 0.795 0.075 0.000804025294 2
0 0.795 0.085 0.0009072715121 2
0 0.795 0.095 0.001011575814 2
0 0.795 0.105 0.001113956342 2
0 0.795 0.115 0.001210786152 2
0 0.795 0.125 0.001298946507 2
0 0.795 0.135 0.001376459586 2
0 0.795 0.145 0.001442510203 2
0 0.795 0.155 0.001497093123 2
0 0.795 0.165 0.001540681684 2
0 0.795 0.175 0.001573911129 2
0 0.795 0.185 0.001597412504 2
0 0.795 0.195 0.001611698067 2
0 0.795 0.205 0.001617127384 2
0 0.795 0.215 0.00161390455 2
0 0.795 0.225 0.001602110693 2
0 0.795 0.235 0.001581744183 2
0 0.795 0.245 0.001552762435 2
0 0.795 0.255 0.001515118086 2
0 0.795 0.265 0.001468788953 2
0 0.795 0.275 0.001413801547 2
0 0.795 0.285 0.001350249112 2
0 0.795 0.295 0.001278306607 2
0 0.795 0.305 0.001198240694 2
0 0.795 0.315 0.001110425668 2
0 0.795 0.325 0.001015334267 2
0 0.795 0.335 0.0009135984655 2
0 0.795 0.345 0.0008058377049 2
0 0.795 0.355 0.0006931567522 2
0 0.795 0.365 0.0005754706158 2
0 0.795 0.375 0.0004561314002 2
0 0.795 0.385 0.0003262888245 2
0 0.795 0.395 0.0002091662262 2
0 0.795 0.405 0 2
0 0.795 0.415 0 2
0 0.795 0.425 0 2
0 0.795 0.435 0 2
0 0.795 0.445 0 2
0 0.795 0.455 0 2
0 0.795 0.465 0 2
0 0.805 -0.455 0 2
0 0.805 -0.445 0 2
0 0.805 -0.435 0 2
0 0.805 -0.425 0 2
0 0.805 -0.415 0 2
0 0.805 -0.405 0 2
0 0.805 -0.395 0 2
0 0.805 -0.385 0 2
0 0.805 -0.375 0 2
0 0.805 -0.365 0 2
0 0.805 -0.355 0 2
0 0.805 -0.345 0 2
0 0.805 -0.335 0 1
0 0.805 -0.325 0 1
0 0.805 -0.315 0 1
0 0.805 -0.305 0 1
0 0.805 -0.295 0 1
0 0.805 -0.285 0 1
0 0.805 -0.275 0 1
0 0.805 -0.265 0 1
0 0.805 -0.255 0 2
0 0.805 -0.245 0 1
0 0.805 -0.235 0 1
0 0.805 -0.225 0 1
0 0.805 -0.215 0 1
0 0.805 -0.205 0 1
0 0.805 -0.195 0 1
0 0.805 -0.185 0 1
0 0.805 -0.175 0 1
0 0.805 -0.165 0 1
0 0.805 -0.155 0 1
0 0.805 -0.145 0 1
0 0.805 -0.135 0 1
0 0.805 -0.125 0 1
0 0.805 -0.115 0 1
0 0.805 -0.105 0 2
0 0.805 -0.095 0 2
0 0.805 -0.085 0 2
0 0.805 -0.075 0 2
0 0.805 -0.065 0 2
0 0.805 -0.055 0 2
0 0.805 -0.045 0 2
0 0.805 -0.035 0 2
0 0.805 -0.025 0 1
0 0.805 -0.015 0 1
0 0.805 -0.005 0 1
0 0.805 0.005 0 1
0 0.805 0.015 0 1
0 0.805 0.025 0 2
0 0.805 0.035 0 2
0 0.805 0.045 0 2
0 0.805 0.055 0 2
0 0.805 0.065 0 2
0 0.805 0.075 0 2
0 0.805 0.085 0 2
0 0.805 0.095 0 2
0 0.805 0.105 0 2
0 0.805 0.115 0 2
0 0.805 0.125 0 2
0 0.805 0.135 0 2
0 0.805 0.145 0 2
0 0.805 0.155 0 2
0 0.805 0.165 0 2
0 0.805 0.175 0 2
0 0.805 0.185 0 2
0 0.805 0.195 0 2
0 0.805 0.205 0 2
0 0.805 0.215 0 2
0 0.805 0.225 0 2
0 0.805 0.235 0 2
0 0.805 0.245 0 2
0 0.805 0.255 0 2
0 0.805 0.265 0 2
0 0.805 0.275 0 2
0 0.805 0.285 0 2
0 0.805 0.295 0 2
0 0.805 0.305 0 2
0 0.805 0.315 0 2
0 0.805 0.325 0 2
0 0.805 0.335 0 2
0 0.805 0.345 0 2
0 0.805 0.355 0 2
0 0.805 0.365 0 2
0 0.805 0.375 0 2
0 0.805 0.385 0 2
0 0.805 0.395 0 2
0 0.805 0.405 0 2
0 0.805 0.415 0 2
0 0.805 0.425 0 2
0 0.805 0.435 0 2
0 0.805 0.445 0 2
0 0.805 0.455 0 2
0 0.805 0.465 0 2
0 0.815 -0.455 0 2
0 0.815 -0.445 0 2
0 0.815 -0.435 0 2
0 0.815 -0.425 0 2
0 0.815 -0.415 0 2
0 0.815 -0.405 0 2
0 0.815 -0.395 0 2
0 0.815 -0.385 0 2
0 0.815 -0.375 0 2
0 0.815 -0.365 0 2
0 0.815 -0.355 0 2
0 0.815 -0.345 0 2
0 0.815 -0.335 0 1
0 0.815 -0.325 0 1
0 0.815 -0.315 0 1
0 0.815 -0.305 0 1
0 0.815 -0.295 0 1
0 0.815 -0.285 0 1
0 0.815 -0.275 0 1
0 0.815 -0.265 0 1
0 0.815 -0.255 0 2
0 0.815 -0.245 0 1
0 0.815 -0.235 0 1
0 0.815 -0.225 0 1
0 0.815 -0.215 0 1
0 0.815 -0.205 0 1
0 0.815 -0.195 0 1
0 0.815 -0.185 0 1
0 0.815 -0.175 0 1
0 0.815 -0.165 0 1
0 0.815 -0.155 0 1
0 0.815 -0.145 0 1
0 0.815 -0.135 0 1
0 0.815 -0.125 0 1
0 0.815 -0.115 0 1
0 0.815 -0.105 0 2
0 0.815 -0.095 0 2
0 0.815 -0.085 0 2
0 0.815 -0.075 0 2
0 0.815 -0.065 0 2
0 0.815 -0.055 0 2
0 0.815 -0.045 0 1
0 0.815 -0.035 0 1
0 0.815 -0.025 0 1
0 0.815 -0.015 0 1
0 0.815 -0.005 0 1
0 0.815 0.005 0 1
0 0.815 0.015 0 1
0 0.815 0.025 0 2
0 0.815 0.035 0 2
0 0.815 0.045 0 2
0 0.815 0.055 0 2
0 0.815 0.065 0 2
0 0.815 0.075 0 2
0 0.815 0.085 0 2
0 0.815 0.095 0 2
0 0.815 0.105 0 2
0 0.815 0.115 0 2
0 0.815 0.125 0 2
0 0.815 0.135 0 2
0 0.815 0.145 0 2
0 0.815 0.155 0 2
0 0.815 0.165 0 2
0 0.815 0.175 0 2
0 0.815 0.185 0 2
0 0.815 0.195 0 2
0 0.815 0.205 0 2
0 0.815 0.215 0 2
0 0.815 0.225 0 2
0 0.815 0.235 0 2
0 0.815 0.245 0 2
0 0.815 0.255 0 2
0 0.815 0.265 0 2
0 0.815 0.275 0 2
0 0.815 0.285 0 2
0 0.815 0.295 0 2
0 0.815 0.305 0 2
0 0.815 0.315 0 2
0 0.815 0.325 0 2
0 0.815 0.335 0 2
0 0.815 0.345 0 2
0 0.815 0.355 0 2
0 0.815 0.365 0 2
0 0.815 0.375 0 2
0 0.815 0.385 0 2
0 0.815 0.395 0 2
0 0.815 0.405 0 2
0 0.815 0.415 0 2
0 0.815 0.425 0 2
0 0.815 0.435 0 2
0 0.815 0.445 0 2
0 0.815 0.455 0 2
0 0.815 0.465 0 2
0 0.825 -0.455 0 2
0 0.825 -0.445 0 2
0 0.825 -0.435 0 2
0 0.825 -0.425 0 2
0 0.825 -0.415 0 2
0 0.825 -0.405 0 2
0 0.825 -0.395 0 2
0 0.825 -0.385 0 2
0 0.825 -0.375 0 2
0 0.825 -0.365 0 2
0 0.825 -0.355 0 2
0 0.825 -0.345 0 2
0 0.825 -0.335 0 1
0 0.825 -0.325 0 1
0 0.825 -0.315 0 1
0 0.825 -0.305 0 1
0 0.825 -0.295 0 1
0 0.825 -0.285 0 1
0 0.825 -0.275 0 1
0 0.825 -0.265 0 1
0 0.825 -0.255 0 1
0 0.825 -0.245 0 1
0 0.825 -0.235 0 1
0 0.825 -0.225 0 1
0 0.825 -0.215 0 1
0 0.825 -0.205 0 1
0 0.825 -0.195 0 1
0 0.825 -0.185 0 1
0 0.825 -0.175 0 1
0 0.825 -0.165 0 1
0 0.825 -0.155 0 1
0 0.825 -0.145 0 1
0 0.825 -0.135 0 1
0 0.825 -0.125 0 1
0 0.825 -0.115 0 1
0 0.825 -0.105 0 2
0 0.825 -0.095 0 2
0 0.825 -0.085 0 2
0 0.825 -0.075 0 2
0 0.825 -0.065 0 2
0 0.825 -0.055 0 1
0 0.825 -0.045 0 1
0 0.825 -0.035 0 1
0 0.825 -0.025 0 1
0 0.825 -0.015 0 1
0 0.825 -0.005 0 1
0 0.825 0.005 0 1
0 0.825 0.015 0 1
0 0.825 0.025 0 1
0 0.825 0.035 0 2
0 0.825 0.045 0 2
0 0.825 0.055 0 2
0 0.825 0.065 0 2
0 0.825 0.075 0 2
0 0.825 0.085 0 2
0 0.825 0.095 0 2
0 0.825 0.105 0 2
0 0.825 0.115 0 2
0 0.825 0.125 0 2
0 0.825 0.135 0 2
0 0.825 0.145 0 2
0 0.825 0.155 0 2
0 0.825 0.165 0 2
0 0.825 0.175 0 2
0 0.825 0.185 0 2
0 0.825 0.195 0 2
0 0.825 0.205 0 2
0 0.825 0.215 0 2
0 0.825 0.225 0 2
0 0.825 0.235 0 2
0 0.825 0.245 0 2
0 0.825 0.255 0 2
0 0.825 0.265 0 2
0 0.825 0.275 0 2
0 0.825 0.285 0 2
0 0.825 0.295 0 2
0 0.825 0.305 0 2
0 0.825 0.315 0 2
0 0.825 0.325 0 2
0 0.825 0.335 0 2
0 0.825 0.345 0 2
0 0.825 0.355 0 2
0 0.825 0.365 0 2
0 0.825 0.375 0 2
0 0.825 0.385 0 2
0 0.825 0.395 0 2
0 0.825 0.405 0 2
0 0.825 0.415 0 2
0 0.825 0.425 0 2
0 0.825 0.435 0 2
0 0.825 0.445 0 2
0 0.825 0.455 0 2
0 0.825 0.465 0 2
0 0.835 -0.455 0 2
0 0.835 -0.445 0 2
0 0.835 -0.435 0 2
0 0.835 -0.425 0 2
0 0.835 -0.415 0 2
0 0.835 -0.405 0 2
0 0.835 -0.395 0 2
0 0.835 -0.385 0 2
0 0.835 -0.375 0 2
0 0.835 -0.365 0 2
0 0.835 -0.355 0 2
0 0.835 -0.345 0 2
0 0.835 -0.335 0 2
0 0.835 -0.325 0 1
0 0.835 -0.315 0 1
0 0.835 -0.305 0 1
0 0.835 -0.295 0 1
0 0.835 -0.285 0 1
0 0.835 -0.275 0 1
0 0.835 -0.265 0 1
0 0.835 -0.255 0 1
0 0.835 -0.245 0 1
0 0.835 -0.235 0 1
0 0.835 -0.225 0 1
0 0.835 -0.215 0 1
0 0.835 -0.205 0 1
0 0.835 -0.195 0 1
0 0.835 -0.185 0 1
0 0.835 -0.175 0 1
0 0.835 -0.165 0 1
0 0.835 -0.155 0 1
0 0.835 -0.145 0 1
0 0.835 -0.135 0 1
0 0.835 -0.125 0 1
0 0.835 -0.115 0 2
0 0.835 -0.105 0 2
0 0.835 -0.095 0 2
0 0.835 -0.085 0 2
0 0.835 -0.075 0 2
0 0.835 -0.065 0 2
0 0.835 -0.055 0 1
0 0.835 -0.045 0 1
0 0.835 -0.035 0 1
0 0.835 -0.025 0 1
0 0.835 -0.015 0 1
0 0.835 -0.005 0 1
0 0.835 0.005 0 1
0 0.835 0.015 0 1
0 0.835 0.025 0 2
0 0.835 0.035 0 2
0 0.835 0.045 0 2
0 0.835 0.055 0 2
0 0.835 0.065 0 2
0 0.835 0.075 0 2
0 0.835 0.085 0 2
0 0.835 0.095 0 2
0 0.835 0.105 0 2
0 0.835 0.115 0 2
0 0.835 0.125 0 2
0 0.835 0.135 0 2
0 0.835 0.145 0 2
0 0.835 0.155 0 2
0 0.835 0.165 0 2
0 0.835 0.175 0 2
0 0.835 0.185 0 2
0 0.835 0.195 0 2
0 0.835 0.205 0 2
0 0.835 0.215 0 2
0 0.835 0.225 0 2
0 0.835 0.235 0 2
0 0.835 0.245 0 2
0 0.835 0.255 0 2
0 0.835 0.265 0 2
0 0.835 0.275 0 2
0 0.835 0.285 0 2
0 0.835 0.295 0 2
0 0.835 0.305 0 2
0 0.835 0.315 0 2
0 0.835 0.325 0 2
0 0.835 0.335 0 2
0 0.835 0.345 0 2
0 0.835 0.355 0 2
0 0.835 0.365 0 2
0 0.835 0.375 0 2
0 0.835 0.385 0 2
0 0.835 0.395 0 2
0 0.835 0.405 0 2
0 0.835 0.415 0 2
0 0.835 0.425 0 2
0 0.835 0.435 0 2
0 0.835 0.445 0 2
0 0.835 0.455 0 2
0 0.835 0.465 0 2
0 0.845 -0.455 0 2
0 0.845 -0.445 0 2
0 0.845 -0.435 0 2
0 0.845 -0.425 0 2
0 0.845 -0.415 0 2
0 0.845 -0.405 0 2
0 0.845 -0.395 0 2
0 0.845 -0.385 0 2
0 0.845 -0.375 0 2
0 0.845 -0.365 0 2
0 0.845 -0.355 0 2
0 0.845 -0.345 0 2
0 0.845 -0.335 0 2
0 0.845 -0.325 0 1
0 0.845 -0.315 0 1
0 0.845 -0.305 0 1
0 0.845 -0.295 0 1
0 0.845 -0.285 0 1
0 0.845 -0.275 0 1
0 0.845 -0.265 0 1
0 0.845 -0.255 0 1
0 0.845 -0.245 0 1
0 0.845 -0.235 0 1
0 0.845 -0.225 0 1
0 0.845 -0.215 0 1
0 0.845 -0.205 0 1
0 0.845 -0.195 0 1
0 0.845 -0.185 0 1
0 0.845 -0.175 0 1
0 0.845 -0.165 0 1
0 0.845 -0.155 0 1
0 0.845 -0.145 0 1
0 0.845 -0.135 0 1
0 0.845 -0.125 0 1
0 0.845 -0.115 0 2
0 0.845 -0.105 0 2
0 0.845 -0.095 0 2
0 0.845 -0.085 0 2
0 0.845 -0.075 0 2
0 0.845 -0.065 0 1
0 0.845 -0.055 0 1
0 0.845 -0.045 0 1
0 0.845 -0.035 0 1
0 0.845 -0.025 0 1
0 0.845 -0.015 0 1
0 0.845 -0.005 0 1
0 0.845 0.005 0 1
0 0.845 0.015 0 1
0 0.845 0.025 0 2
0 0.845 0.035 0 2
0 0.845 0.045 0 2
0 0.845 0.055 0 2
0 0.845 0.065 0 2
0 0.845 0.075 0 2
0 0.845 0.085 0 2
0 0.845 0.095 0 2
0 0.845 0.105 0 2
0 0.845 0.115 0 2
0 0.845 0.125 0 2
0 0.845 0.135 0 2
0 0.845 0.145 0 2
0 0.845 0.155 0 2
0 0.845 0.165 0 2
0 0.845 0.175 0 2
0 0.845 0.185 0 2
0 0.845 0.195 0 2
0 0.845 0.205 0 2
0 0.845 0.215 0 2
0 0.845 0.225 0 2
0 0.845 0.235 0 2
0 0.845 0.245 0 2
0 0.845 0.255 0 2
0 0.845 0.265 0 2
0 0.845 0.275 0 2
0 0.845 0.285 0 2
0 0.845 0.295 0 2
0 0.845 0.305 0 2
0 0.845 0.315 0 2
0 0.845 0.325 0 2
0 0.845 0.335 0 2
0 0.845 0.345 0 2
0 0.845 0.355 0 2
0 0.845 0.365 0 2
0 0.845 0.375 0 2
0 0.845 0.385 0 2
0 0.845 0.395 0 2
0 0.845 0.405 0 2
0 0.845 0.415 0 2
0 0.845 0.425 0 2
0 0.845 0.435 0 2
0 0.845 0.445 0 2
0 0.845 0.455 0 2
0 0.845 0.465 0 2
0 0.855 -0.455 0 2
0 0.855 -0.445 0 2
0 0.855 -0.435 0 2
0 0.855 -0.425 0 2
0 0.855 -0.415 0 2
0 0.855 -0.405 0 2
0 0.855 -0.395 0 2
0 0.855 -0.385 0 2
0 0.855 -0.375 0 2
0 0.855 -0.365 0 2
0 0.855 -0.355 0 2
0 0.855 -0.345 0 2
0 0.855 -0.335 0 2
0 0.855 -0.325 0 2
0 0.855 -0.315 0 1
0 0.855 -0.305 0 1
0 0.855 -0.295 0 1
0 0.855 -0.285 0 1
0 0.855 -0.275 0 1
0 0.855 -0.265 0 1
0 0.855 -0.255 0 1
0 0.855 -0.245 0 2
0 0.855 -0.235 0 1
0 0.855 -0.225 0 1
0 0.855 -0.215 0 1
0 0.855 -0.205 0 1
0 0.855 -0.195 0 1
0 0.855 -0.185 0 1
0 0.855 -0.175 0 1
0 0.855 -0.165 0 1
0 0.855 -0.155 0 1
0 0.855 -0.145 0 1
0 0.855 -0.135 0 1
0 0.855 -0.125 0 1
0 0.855 -0.115 0 2
0 0.855 -0.105 0 2
0 0.855 -0.095 0 2
0 0.855 -0.085 0 2
0 0.855 -0.075 0 2
0 0.855 -0.065 0 1
0 0.855 -0.055 0 1
0 0.855 -0.045 0 1
0 0.855 -0.035 0 1
0 0.855 -0.025 0 1
0 0.855 -0.015 0 1
0 0.855 -0.005 0 1
0 0.855 0.005 0 1
0 0.855 0.015 0 1
0 0.855 0.025 0 2
0 0.855 0.035 0 2
0 0.855 0.045 0 2
0 0.855 0.055 0 2
0 0.855 0.065 0 2
0 0.855 0.075 0 2
0 0.855 0.085 0 2
0 0.855 0.095 0 2
0 0.855 0.105 0 2
0 0.855 0.115 0 2
0 0.855 0.125 0 2
0 0.855 0.135 0 2
0 0.855 0.145 0 2
0 0.855 0.155 0 2
0 0.855 0.165 0 2
0 0.855 0.175 0 2
0 0.855 0.185 0 2
0 0.855 0.195 0 2
0 0.855 0.205 0 2
0 0.855 0.215 0 2
0 0.855 0.225 0 2
0 0.855 0.235 0 2
0 0.855 0.245 0 2
0 0.855 0.255 0 2
0 0.855 0.265 0 2
0 0.855 0.275 0 2
0 0.855 0.285 0 2
0 0.855 0.295 0 2
0 0.855 0.305 0 2
0 0.855 0.315 0 2
0 0.855 0.325 0 2
0 0.855 0.335 0 2
0 0.855 0.345 0 2
0 0.855 0.355 0 2
0 0.855 0.365 0 2
0 0.855 0.375 0 2
0 0.855 0.385 0 2
0 0.855 0.395 0 2
0 0.855 0.405 0 2
0 0.855 0.415 0 2
0 0.855 0.425 0 2
0 0.855 0.435 0 2
0 0.855 0.445 0 2
0 0.855 0.455 0 2
0 0.855 0.465 0 2
0 0.865 -0.455 0 2
0 0.865 -0.445 0 2
0 0.865 -0.435 0 2
0 0.865 -0.425 0 2
0 0.865 -0.415 0 2
0 0.865 -0.405 0 2
0 0.865 -0.395 0 2
0 0.865 -0.385 0 2
0 0.865 -0.375 0 2
0 0.865 -0.365 0 2
0 0.865 -0.355 0 2
0 0.865 -0.345 0 2
0 0.865 -0.335 0 2
0 0.865 -0.325 0 2
0 0.865 -0.315 0 2
0 0.865 -0.305 0 1
0 0.865 -0.295 0 1
0 0.865 -0.285 0 1
0 0.865 -0.275 0 1
0 0.865 -0.265 0 1
0 0.865 -0.255 0 1
0 0.865 -0.245 0 2
0 0.865 -0.235 0 2
0 0.865 -0.225 0 2
0 0.865 -0.215 0 2
0 0.865 -0.205 0 2
0 0.865 -0.195 0 1
0 0.865 -0.185 0 1
0 0.865 -0.175 0 1
0 0.865 -0.165 0 1
0 0.865 -0.155 0 1
0 0.865 -0.145 0 1
0 0.865 -0.135 0 1
0 0.865 -0.125 0 2
0 0.865 -0.115 0 2
0 0.865 -0.105 0 2
0 0.865 -0.095 0 2
0 0.865 -0.085 0 2
0 0.865 -0.075 0 1
0 0.865 -0.065 0 1
0 0.865 -0.055 0 1
0 0.865 -0.045 0 1
0 0.865 -0.035 0 1
0 0.865 -0.025 0 1
0 0.865 -0.015 0 1
0 0.865 -0.005 0 1
0 0.865 0.005 0 1
0 0.865 0.015 0 1
0 0.865 0.025 0 2
0 0.865 0.035 0 2
0 0.865 0.045 0 2
0 0.865 0.055 0 2
0 0.865 0.065 0 2
0 0.865 0.075 0 2
0 0.865 0.085 0 2
0 0.865 0.095 0 2
0 0.865 0.105 0 2
0 0.865 0.115 0 2
0 0.865 0.125 0 2
0 0.865 0.135 0 2
0 0.865 0.145 0 2
0 0.865 0.155 0 2
0 0.865 0.165 0 2
0 0.865 0.175 0 2
0 0.865 0.185 0 2
0 0.865 0.195 0 2
0 0.865 0.205 0 2
0 0.865 0.215 0 2
0 0.865 0.225 0 2
0 0.865 0.235 0 2
0 0.865 0.245 0 2
0 0.865 0.255 0 2
0 0.865 0.265 0 2
0 0.865 0.275 0 2
0 0.865 0.285 0 2
0 0.865 0.295 0 2
0 0.865 0.305 0 2
0 0.865 0.315 0 2
0 0.865 0.325 0 2
0 0.865 0.335 0 2
0 0.865 0.345 0 2
0 0.865 0.355 0 2
0 0.865 0.365 0 2
0 0.865 0.375 0 2
0 0.865 0.385 0 2
0 0.865 0.395 0 2
0 0.865 0.405 0 2
0 0.865 0.415 0 2
0 0.865 0.425 0 2
0 0.865 0.435 0 2
0 0.865 0.445 0 2
0 0.865 0.455 0 2
0 0.865 0.465 0 2
