t x y content type
0 -0.055 -0.455 0 2
0 -0.055 -0.445 0 2
0 -0.055 -0.435 0 2
0 -0.055 -0.425 0 2
0 -0.055 -0.415 0 2
0 -0.055 -0.405 0 2
0 -0.055 -0.395 0 2
0 -0.055 -0.385 0 2
0 -0.055 -0.375 0 2
0 -0.055 -0.365 0 2
0 -0.055 -0.355 0 2
0 -0.055 -0.345 0 2
0 -0.055 -0.335 0 1
0 -0.055 -0.325 0 1
0 -0.055 -0.315 0 1
0 -0.055 -0.305 0 1
0 -0.055 -0.295 0 1
0 -0.055 -0.285 0 1
0 -0.055 -0.275 0 1
0 -0.055 -0.265 0 2
0 -0.055 -0.255 0 2
0 -0.055 -0.245 0 2
0 -0.055 -0.235 0 2
0 -0.055 -0.225 0 2
0 -0.055 -0.215 0 2
0 -0.055 -0.205 0 2
0 -0.055 -0.195 0 2
0 -0.055 -0.185 0 2
0 -0.055 -0.175 0 2
0 -0.055 -0.165 0 2
0 -0.055 -0.155 0 2
0 -0.055 -0.145 0 2
0 -0.055 -0.135 0 2
0 -0.055 -0.125 0 2
0 -0.055 -0.115 0 2
0 -0.055 -0.105 0 2
0 -0.055 -0.095 0 2
0 -0.055 -0.085 0 2
0 -0.055 -0.075 0 2
0 -0.055 -0.065 0 2
0 -0.055 -0.055 0 1
0 -0.055 -0.045 0 1
0 -0.055 -0.035 0 1
0 -0.055 -0.025 0 1
0 -0.055 -0.015 0 1
0 -0.055 -0.005 0 1
0 -0.055 0.005 0 1
0 -0.055 0.015 0 1
0 -0.055 0.025 0 1
0 -0.055 0.035 0 1
0 -0.055 0.045 0 1
0 -0.055 0.055 0 1
0 -0.055 0.065 0 1
0 -0.055 0.075 0 2
0 -0.055 0.085 0 2
0 -0.055 0.095 0 2
0 -0.055 0.105 0 2
0 -0.055 0.115 0 2
0 -0.055 0.125 0 2
0 -0.055 0.135 0 2
0 -0.055 0.145 0 1
0 -0.055 0.155 0 1
0 -0.055 0.165 0 1
0 -0.055 0.175 0 1
0 -0.055 0.185 0 1
0 -0.055 0.195 0 1
0 -0.055 0.205 0 1
0 -0.055 0.215 0 1
0 -0.055 0.225 0 1
0 -0.055 0.235 0 1
0 -0.055 0.245 0 2
0 -0.055 0.255 0 2
0 -0.055 0.265 0 2
0 -0.055 0.275 0 2
0 -0.055 0.285 0 1
0 -0.055 0.295 0 1
0 -0.055 0.305 0 1
0 -0.055 0.315 0 1
0 -0.055 0.325 0 1
0 -0.055 0.335 0 1
0 -0.055 0.345 0 1
0 -0.055 0.355 0 1
0 -0.055 0.365 0 1
0 -0.055 0.375 0 2
0 -0.055 0.385 0 2
0 -0.055 0.395 0 2
0 -0.055 0.405 0 2
0 -0.055 0.415 0 2
0 -0.055 0.425 0 2
0 -0.055 0.435 0 2
0 -0.055 0.445 0 2
0 -0.055 0.455 0 2
0 -0.055 0.465 0 1
0 -0.045 -0.455 0 2
0 -0.045 -0.445 0 2
0 -0.045 -0.435 0 2
0 -0.045 -0.425 0 2
0 -0.045 -0.415 0 2
0 -0.045 -0.405 0 2
0 -0.045 -0.395 0 2
0 -0.045 -0.385 0 2
0 -0.045 -0.375 0 2
0 -0.045 -0.365 0 2
0 -0.045 -0.355 0 2
0 -0.045 -0.345 0 2
0 -0.045 -0.335 0 2
0 -0.045 -0.325 0 2
0 -0.045 -0.315 0 2
0 -0.045 -0.305 0 1
0 -0.045 -0.295 0 1
0 -0.045 -0.285 0 2
0 -0.045 -0.275 0 2
0 -0.045 -0.265 0 2
0 -0.045 -0.255 0 2
0 -0.045 -0.245 0 2
0 -0.045 -0.235 0 2
0 -0.045 -0.225 0 2
0 -0.045 -0.215 0 2
0 -0.045 -0.205 0 2
0 -0.045 -0.195 0 2
0 -0.045 -0.185 0 2
0 -0.045 -0.175 0 2
0 -0.045 -0.165 0 2
0 -0.045 -0.155 0 2
0 -0.045 -0.145 0 2
0 -0.045 -0.135 0 2
0 -0.045 -0.125 0 2
0 -0.045 -0.115 0 2
0 -0.045 -0.105 0 2
0 -0.045 -0.095 0 2
0 -0.045 -0.085 0 2
0 -0.045 -0.075 0 2
0 -0.045 -0.065 0 2
0 -0.045 -0.055 0 1
0 -0.045 -0.045 0 1
0 -0.045 -0.035 0 1
0 -0.045 -0.025 0 1
0 -0.045 -0.015 0 1
0 -0.045 -0.005 0 1
0 -0.045 0.005 0 1
0 -0.045 0.015 0 1
0 -0.045 0.025 0 1
0 -0.045 0.035 0 1
0 -0.045 0.045 0 1
0 -0.045 0.055 0 1
0 -0.045 0.065 0 1
0 -0.045 0.075 0 2
0 -0.045 0.085 0 2
0 -0.045 0.095 0 2
0 -0.045 0.105 0 2
0 -0.045 0.115 0 2
0 -0.045 0.125 0 2
0 -0.045 0.135 0 2
0 -0.045 0.145 0 2
0 -0.045 0.155 0 1
0 -0.045 0.165 0 1
0 -0.045 0.175 0 1
0 -0.045 0.185 0 1
0 -0.045 0.195 0 1
0 -0.045 0.205 0 1
0 -0.045 0.215 0 1
0 -0.045 0.225 0 1
0 -0.045 0.235 0 1
0 -0.045 0.245 0 2
0 -0.045 0.255 0 2
0 -0.045 0.265 0 2
0 -0.045 0.275 0 2
0 -0.045 0.285 0 2
0 -0.045 0.295 0 1
0 -0.045 0.305 0 1
0 -0.045 0.315 0 1
0 -0.045 0.325 0 1
0 -0.045 0.335 0 1
0 -0.045 0.345 0 1
0 -0.045 0.355 0 1
0 -0.045 0.365 0 1
0 -0.045 0.375 0 2
0 -0.045 0.385 0 2
0 -0.045 0.395 0 2
0 -0.045 0.405 0 2
0 -0.045 0.415 0 2
0 -0.045 0.425 0 2
0 -0.045 0.435 0 2
0 -0.045 0.445 0 2
0 -0.045 0.455 0 2
0 -0.045 0.465 0 2
0 -0.035 -0.455 0 2
0 -0.035 -0.445 0 2
0 -0.035 -0.435 0 2
0 -0.035 -0.425 0 2
0 -0.035 -0.415 0 2
0 -0.035 -0.405 0 2
0 -0.035 -0.395 0 2
0 -0.035 -0.385 0 2
0 -0.035 -0.375 0 2
0 -0.035 -0.365 0 2
0 -0.035 -0.355 0 2
0 -0.035 -0.345 0 2
0 -0.035 -0.335 0 2
0 -0.035 -0.325 0 2
0 -0.035 -0.315 0 2
0 -0.035 -0.305 0 2
0 -0.035 -0.295 0 2
0 -0.035 -0.285 0 2
0 -0.035 -0.275 0 2
0 -0.035 -0.265 0 2
0 -0.035 -0.255 0 2
0 -0.035 -0.245 0 2
0 -0.035 -0.235 0 2
0 -0.035 -0.225 0 2
0 -0.035 -0.215 0 2
0 -0.035 -0.205 0 2
0 -0.035 -0.195 0 2
0 -0.035 -0.185 0 2
0 -0.035 -0.175 0 2
0 -0.035 -0.165 0 2
0 -0.035 -0.155 0 2
0 -0.035 -0.145 0 2
0 -0.035 -0.135 0 2
0 -0.035 -0.125 0 2
0 -0.035 -0.115 0 2
0 -0.035 -0.105 0 2
0 -0.035 -0.095 0 2
0 -0.035 -0.085 0 2
0 -0.035 -0.075 0 2
0 -0.035 -0.065 0 2
0 -0.035 -0.055 0 1
0 -0.035 -0.045 0 1
0 -0.035 -0.035 0 1
0 -0.035 -0.025 0 1
0 -0.035 -0.015 0 1
0 -0.035 -0.005 0 1
0 -0.035 0.005 0 1
0 -0.035 0.015 0 1
0 -0.035 0.025 0 1
0 -0.035 0.035 0 1
0 -0.035 0.045 0 1
0 -0.035 0.055 0 1
0 -0.035 0.065 0 1
0 -0.035 0.075 0 2
0 -0.035 0.085 0 2
0 -0.035 0.095 0 2
0 -0.035 0.105 0 2
0 -0.035 0.115 0 2
0 -0.035 0.125 0 2
0 -0.035 0.135 0 2
0 -0.035 0.145 0 2
0 -0.035 0.155 0 2
0 -0.035 0.165 0 1
0 -0.035 0.175 0 1
0 -0.035 0.185 0 1
0 -0.035 0.195 0 1
0 -0.035 0.205 0 1
0 -0.035 0.215 0 1
0 -0.035 0.225 0 1
0 -0.035 0.235 0 1
0 -0.035 0.245 0 2
0 -0.035 0.255 0 2
0 -0.035 0.265 0 2
0 -0.035 0.275 0 2
0 -0.035 0.285 0 2
0 -0.035 0.295 0 2
0 -0.035 0.305 0 2
0 -0.035 0.315 0 1
0 -0.035 0.325 0 1
0 -0.035 0.335 0 1
0 -0.035 0.345 0 1
0 -0.035 0.355 0 1
0 -0.035 0.365 0 2
0 -0.035 0.375 0 2
0 -0.035 0.385 0 2
0 -0.035 0.395 0 2
0 -0.035 0.405 0 2
0 -0.035 0.415 0 2
0 -0.035 0.425 0 2
0 -0.035 0.435 0 2
0 -0.035 0.445 0 2
0 -0.035 0.455 0 2
0 -0.035 0.465 0 2
0 -0.025 -0.455 0 2
0 -0.025 -0.445 0 2
0 -0.025 -0.435 0 2
0 -0.025 -0.425 0 2
0 -0.025 -0.415 0 2
0 -0.025 -0.405 0 2
0 -0.025 -0.395 0 2
0 -0.025 -0.385 0 2
0 -0.025 -0.375 0 2
0 -0.025 -0.365 0 2
0 -0.025 -0.355 0 2
0 -0.025 -0.345 0 2
0 -0.025 -0.335 0 2
0 -0.025 -0.325 0 2
0 -0.025 -0.315 0 2
0 -0.025 -0.305 0 2
0 -0.025 -0.295 0 2
0 -0.025 -0.285 0 2
0 -0.025 -0.275 0 2
0 -0.025 -0.265 0 2
0 -0.025 -0.255 0 2
0 -0.025 -0.245 0 2
0 -0.025 -0.235 0 2
0 -0.025 -0.225 0 2
0 -0.025 -0.215 0 2
0 -0.025 -0.205 0 2
0 -0.025 -0.195 0 2
0 -0.025 -0.185 0 2
0 -0.025 -0.175 0 2
0 -0.025 -0.165 0 2
0 -0.025 -0.155 0 2
0 -0.025 -0.145 0 2
0 -0.025 -0.135 0 2
0 -0.025 -0.125 0 2
0 -0.025 -0.115 0 2
0 -0.025 -0.105 0 2
0 -0.025 -0.095 0 2
0 -0.025 -0.085 0 2
0 -0.025 -0.075 0 2
0 -0.025 -0.065 0 2
0 -0.025 -0.055 0 1
0 -0.025 -0.045 0 1
0 -0.025 -0.035 0 1
0 -0.025 -0.025 0 1
0 -0.025 -0.015 0 1
0 -0.025 -0.005 0 1
0 -0.025 0.005 0 1
0 -0.025 0.015 0 1
0 -0.025 0.025 0 1
0 -0.025 0.035 0 1
0 -0.025 0.045 0 1
0 -0.025 0.055 0 1
0 -0.025 0.065 0 2
0 -0.025 0.075 0 2
0 -0.025 0.085 0 2
0 -0.025 0.095 0 2
0 -0.025 0.105 0 2
0 -0.025 0.115 0 2
0 -0.025 0.125 0 2
0 -0.025 0.135 0 2
0 -0.025 0.145 0 2
0 -0.025 0.155 0 2
0 -0.025 0.165 0 2
0 -0.025 0.175 0 2
0 -0.025 0.185 0 2
0 -0.025 0.195 0 1
0 -0.025 0.205 0 1
0 -0.025 0.215 0 1
0 -0.025 0.225 0 2
0 -0.025 0.235 0 2
0 -0.025 0.245 0 2
0 -0.025 0.255 0 2
0 -0.025 0.265 0 2
0 -0.025 0.275 0 2
0 -0.025 0.285 0 2
0 -0.025 0.295 0 2
0 -0.025 0.305 0 2
0 -0.025 0.315 0 2
0 -0.025 0.325 0 2
0 -0.025 0.335 0 2
0 -0.025 0.345 0 2
0 -0.025 0.355 0 2
0 -0.025 0.365 0 2
0 -0.025 0.375 0 1
0 -0.025 0.385 0 1
0 -0.025 0.395 0 1
0 -0.025 0.405 0 2
0 -0.025 0.415 0 2
0 -0.025 0.425 0 2
0 -0.025 0.435 0 2
0 -0.025 0.445 0 2
0 -0.025 0.455 0 2
0 -0.025 0.465 0 2
0 -0.015 -0.455 0 2
0 -0.015 -0.445 0 2
0 -0.015 -0.435 0 2
0 -0.015 -0.425 0 2
0 -0.015 -0.415 0 2
0 -0.015 -0.405 0 2
0 -0.015 -0.395 0 2
0 -0.015 -0.385 0 2
0 -0.015 -0.375 0 2
0 -0.015 -0.365 0 2
0 -0.015 -0.355 0 2
0 -0.015 -0.345 0 2
0 -0.015 -0.335 0 2
0 -0.015 -0.325 0 2
0 -0.015 -0.315 0 2
0 -0.015 -0.305 0 2
0 -0.015 -0.295 0 2
0 -0.015 -0.285 0 2
0 -0.015 -0.275 0 2
0 -0.015 -0.265 0 2
0 -0.015 -0.255 0 2
0 -0.015 -0.245 0 2
0 -0.015 -0.235 0 2
0 -0.015 -0.225 0 2
0 -0.015 -0.215 0 2
0 -0.015 -0.205 0 2
0 -0.015 -0.195 0 2
0 -0.015 -0.185 0 2
0 -0.015 -0.175 0 2
0 -0.015 -0.165 0 2
0 -0.015 -0.155 0 2
0 -0.015 -0.145 0 2
0 -0.015 -0.135 0 2
0 -0.015 -0.125 0 2
0 -0.015 -0.115 0 2
0 -0.015 -0.105 0 2
0 -0.015 -0.095 0 2
0 -0.015 -0.085 0 2
0 -0.015 -0.075 0 2
0 -0.015 -0.065 0 2
0 -0.015 -0.055 0 2
0 -0.015 -0.045 0 1
0 -0.015 -0.035 0 1
0 -0.015 -0.025 0 1
0 -0.015 -0.015 0 2
0 -0.015 -0.005 0 2
0 -0.015 0.005 0 1
0 -0.015 0.015 0 1
0 -0.015 0.025 0 1
0 -0.015 0.035 0 1
0 -0.015 0.045 0 1
0 -0.015 0.055 0 1
0 -0.015 0.065 0 2
0 -0.015 0.075 0 2
0 -0.015 0.085 0 2
0 -0.015 0.095 0 2
0 -0.015 0.105 0 2
0 -0.015 0.115 0 2
0 -0.015 0.125 0 2
0 -0.015 0.135 0 2
0 -0.015 0.145 0 2
0 -0.015 0.155 0 2
0 -0.015 0.165 0 2
0 -0.015 0.175 0 2
0 -0.015 0.185 0 2
0 -0.015 0.195 0 2
0 -0.015 0.205 0 2
0 -0.015 0.215 0 2
0 -0.015 0.225 0 2
0 -0.015 0.235 0 2
0 -0.015 0.245 0 2
0 -0.015 0.255 0 2
0 -0.015 0.265 0 2
0 -0.015 0.275 0 2
0 -0.015 0.285 0 2
0 -0.015 0.295 0 2
0 -0.015 0.305 0 2
0 -0.015 0.315 0 2
0 -0.015 0.325 0 2
0 -0.015 0.335 0 2
0 -0.015 0.345 0 2
0 -0.015 0.355 0 2
0 -0.015 0.365 0 1
0 -0.015 0.375 0 1
0 -0.015 0.385 0 1
0 -0.015 0.395 0 1
0 -0.015 0.405 0 1
0 -0.015 0.415 0 2
0 -0.015 0.425 0 2
0 -0.015 0.435 0 2
0 -0.015 0.445 0 2
0 -0.015 0.455 0 2
0 -0.015 0.465 0 2
0 -0.005 -0.455 0 2
0 -0.005 -0.445 0 2
0 -0.005 -0.435 0 2
0 -0.005 -0.425 0 2
0 -0.005 -0.415 0 2
0 -0.005 -0.405 0 2
0 -0.005 -0.395 0 2
0 -0.005 -0.385 0 2
0 -0.005 -0.375 0 2
0 -0.005 -0.365 0 2
0 -0.005 -0.355 0 2
0 -0.005 -0.345 0 2
0 -0.005 -0.335 0 2
0 -0.005 -0.325 0 2
0 -0.005 -0.315 0 2
0 -0.005 -0.305 0 2
0 -0.005 -0.295 0 2
0 -0.005 -0.285 0 2
0 -0.005 -0.275 0 2
0 -0.005 -0.265 0 2
0 -0.005 -0.255 0 2
0 -0.005 -0.245 0 2
0 -0.005 -0.235 0 2
0 -0.005 -0.225 0 2
0 -0.005 -0.215 0 2
0 -0.005 -0.205 0 2
0 -0.005 -0.195 0 2
0 -0.005 -0.185 0 2
0 -0.005 -0.175 0 2
0 -0.005 -0.165 0 2
0 -0.005 -0.155 0 2
0 -0.005 -0.145 0 2
0 -0.005 -0.135 0 2
0 -0.005 -0.125 0 2
0 -0.005 -0.115 0 2
0 -0.005 -0.105 0 2
0 -0.005 -0.095 0 2
0 -0.005 -0.085 0 2
0 -0.005 -0.075 0 2
0 -0.005 -0.065 0 2
0 -0.005 -0.055 0 2
0 -0.005 -0.045 0 2
0 -0.005 -0.035 0 2
0 -0.005 -0.025 0 2
0 -0.005 -0.015 0 2
0 -0.005 -0.005 0 2
0 -0.005 0.005 0 2
0 -0.005 0.015 0 1
0 -0.005 0.025 0 1
0 -0.005 0.035 0 1
0 -0.005 0.045 0 1
0 -0.005 0.055 0 2
0 -0.005 0.065 0 2
0 -0.005 0.075 0 2
0 -0.005 0.085 0 2
0 -0.005 0.095 0 2
0 -0.005 0.105 0 2
0 -0.005 0.115 0 2
0 -0.005 0.125 0 2
0 -0.005 0.135 0 2
0 -0.005 0.145 0 2
0 -0.005 0.155 0 2
0 -0.005 0.165 0 2
0 -0.005 0.175 0 2
0 -0.005 0.185 0 2
0 -0.005 0.195 0 2
0 -0.005 0.205 0 2
0 -0.005 0.215 0 2
0 -0.005 0.225 0 2
0 -0.005 0.235 0 2
0 -0.005 0.245 0 2
0 -0.005 0.255 0 2
0 -0.005 0.265 0 2
0 -0.005 0.275 0 2
0 -0.005 0.285 0 2
0 -0.005 0.295 0 2
0 -0.005 0.305 0 2
0 -0.005 0.315 0 2
0 -0.005 0.325 0 2
0 -0.005 0.335 0 2
0 -0.005 0.345 0 2
0 -0.005 0.355 0 2
0 -0.005 0.365 0 1
0 -0.005 0.375 0 1
0 -0.005 0.385 0 1
0 -0.005 0.395 0 1
0 -0.005 0.405 0 1
0 -0.005 0.415 0 1
0 -0.005 0.425 0 2
0 -0.005 0.435 0 2
0 -0.005 0.445 0 2
0 -0.005 0.455 0 2
0 -0.005 0.465 0 2
0 0.005 -0.455 0 1
0 0.005 -0.445 0 2
0 0.005 -0.435 0 2
0 0.005 -0.425 0 2
0 0.005 -0.415 0 2
0 0.005 -0.405 0 2
0 0.005 -0.395 -0.02121105381 2
0 0.005 -0.385 -0.02051115527 2
0 0.005 -0.375 -0.01954746689 2
0 0.005 -0.365 -0.01833238247 2
0 0.005 -0.355 -0.01688152898 2
0 0.005 -0.345 -0.01521356554 2
0 0.005 -0.335 -0.01334994351 2
0 0.005 -0.325 -0.01131463053 2
0 0.005 -0.315 -0.009133802376 2
0 0.005 -0.305 -0.006835506227 2
0 0.005 -0.295 -0.00444930001 2
0 0.005 -0.285 -0.002005872241 2
0 0.005 -0.275 0.0004633526464 2
0 0.005 -0.265 0.002926618449 2
0 0.005 -0.255 0.005352245601 2
0 0.005 -0.245 0.007709038601 2
0 0.005 -0.235 0.009966687208 2
0 0.005 -0.225 0.01209615626 2
0 0.005 -0.215 0.01407005908 2
0 0.005 -0.205 0.01586300971 2
0 0.005 -0.195 0.01745194936 2
0 0.005 -0.185 0.01881644301 2
0 0.005 -0.175 0.01993894217 2
0 0.005 -0.165 0.02080501062 2
0 0.005 -0.155 0.02140351002 2
0 0.005 -0.145 0.02172674318 2
0 0.005 -0.135 0.02177055308 2
0 0.005 -0.125 0.02153437628 2
0 0.005 -0.115 0.02102125021 2
0 0.005 -0.105 0.02023777407 2
0 0.005 -0.095 0.01919402399 2
0 0.005 -0.085 0.01790342344 2
0 0.005 -0.075 0.01638257057 2
0 0.005 -0.065 0.01465102476 2
0 0.005 -0.055 0.01273105506 2
0 0.005 -0.045 0.01064735384 2
0 0.005 -0.035 0.00842671914 2
0 0.005 -0.025 0.006097710104 2
0 0.005 -0.015 0.003690279647 2
0 0.005 -0.005 0.001235389246 2
0 0.005 0.005 -0.001235389246 2
0 0.005 0.015 -0.003690279647 2
0 0.005 0.025 -0.006097710104 2
0 0.005 0.035 -0.00842671914 2
0 0.005 0.045 -0.01064735384 2
0 0.005 0.055 -0.01273105506 2
0 0.005 0.065 -0.01465102476 2
0 0.005 0.075 -0.01638257057 2
0 0.005 0.085 -0.01790342344 2
0 0.005 0.095 -0.01919402399 2
0 0.005 0.105 -0.02023777407 2
0 0.005 0.115 -0.02102125021 2
0 0.005 0.125 -0.02153437628 2
0 0.005 0.135 -0.02177055308 2
0 0.005 0.145 -0.02172674318 2
0 0.005 0.155 -0.02140351002 2
0 0.005 0.165 -0.02080501062 2
0 0.005 0.175 -0.01993894217 2
0 0.005 0.185 -0.01881644301 1
0 0.005 0.195 -0.01745194936 1
0 0.005 0.205 -0.01586300971 1
0 0.005 0.215 -0.01407005908 1
0 0.005 0.225 -0.01209615626 1
0 0.005 0.235 -0.009966687208 2
0 0.005 0.245 -0.007709038601 2
0 0.005 0.255 -0.005352245601 2
0 0.005 0.265 -0.002926618449 2
0 0.005 0.275 -0.0004633526464 2
0 0.005 0.285 0.002005872241 2
0 0.005 0.295 0.00444930001 2
0 0.005 0.305 0.006835506227 2
0 0.005 0.315 0.009133802376 2
0 0.005 0.325 0.01131463053 2
0 0.005 0.335 0.01334994351 2
0 0.005 0.345 0.01521356554 2
0 0.005 0.355 0.01688152898 1
0 0.005 0.365 0.01833238247 1
0 0.005 0.375 0.01954746689 1
0 0.005 0.385 0.02051115527 1
0 0.005 0.395 0.02121105381 1
0 0.005 0.405 0 1
0 0.005 0.415 0 1
0 0.005 0.425 0 1
0 0.005 0.435 0 2
0 0.005 0.445 0 2
0 0.005 0.455 0 2
0 0.005 0.465 0 2
0 0.015 -0.455 0 1
0 0.015 -0.445 0 2
0 0.015 -0.435 0 2
0 0.015 -0.425 0 2
0 0.015 -0.415 0 2
0 0.015 -0.405 0 2
0 0.015 -0.395 -0.06359288771 2
0 0.015 -0.385 -0.06149452098 2
0 0.015 -0.375 -0.0586052856 2
0 0.015 -0.365 -0.05496233946 2
0 0.015 -0.355 -0.05061253374 2
0 0.015 -0.345 -0.04561181041 2
0 0.015 -0.335 -0.04002448278 2
0 0.015 -0.325 -0.03392240835 2
0 0.015 -0.315 -0.02738406465 2
0 0.015 -0.305 -0.02049354001 2
0 0.015 -0.295 -0.01333945208 2
0 0.015 -0.285 -0.006013808145 2
0 0.015 -0.275 0.001389178165 2
0 0.015 -0.265 0.008774298534 2
0 0.015 -0.255 0.01604657442 2
0 0.015 -0.245 0.02311247854 2
0 0.015 -0.235 0.02988113773 2
0 0.015 -0.225 0.03626550163 2
0 0.015 -0.215 0.04218346222 2
0 0.015 -0.205 0.04755890979 2
0 0.015 -0.195 0.05232271181 2
0 0.015 -0.185 0.05641360197 2
0 0.015 -0.175 0.05977896817 2
0 0.015 -0.165 0.06237552909 2
0 0.015 -0.155 0.0641698909 2
0 0.015 -0.145 0.06513897667 2
0 0.015 -0.135 0.06527032318 2
0 0.015 -0.125 0.06456224121 2
0 0.015 -0.115 0.06302383727 2
0 0.015 -0.105 0.06067489645 2
0 0.015 -0.095 0.05754562801 2
0 0.015 -0.085 0.05367627684 2
0 0.015 -0.075 0.04911660588 2
0 0.015 -0.065 0.04392525615 2
0 0.015 -0.055 0.03816899256 2
0 0.015 -0.045 0.03192184523 2
0 0.015 -0.035 0.02526415749 2
0 0.015 -0.025 0.0182815525 2
0 0.015 -0.015 0.01106383215 2
0 0.015 -0.005 0.003703822088 2
0 0.015 0.005 -0.003703822088 2
0 0.015 0.015 -0.01106383215 2
0 0.015 0.025 -0.0182815525 2
0 0.015 0.035 -0.02526415749 2
0 0.015 0.045 -0.03192184523 2
0 0.015 0.055 -0.03816899256 2
0 0.015 0.065 -0.04392525615 2
0 0.015 0.075 -0.04911660588 2
0 0.015 0.085 -0.05367627684 2
0 0.015 0.095 -0.05754562801 2
0 0.015 0.105 -0.06067489645 2
0 0.015 0.115 -0.06302383727 2
0 0.015 0.125 -0.06456224121 2
0 0.015 0.135 -0.06527032318 2
0 0.015 0.145 -0.06513897667 2
0 0.015 0.155 -0.0641698909 2
0 0.015 0.165 -0.06237552909 2
0 0.015 0.175 -0.05977896817 2
0 0.015 0.185 -0.05641360197 1
0 0.015 0.195 -0.05232271181 1
0 0.015 0.205 -0.04755890979 1
0 0.015 0.215 -0.04218346222 1
0 0.015 0.225 -0.03626550163 1
0 0.015 0.235 -0.02988113773 1
0 0.015 0.245 -0.02311247854 1
0 0.015 0.255 -0.01604657442 2
0 0.015 0.265 -0.008774298534 2
0 0.015 0.275 -0.001389178165 2
0 0.015 0.285 0.006013808145 2
0 0.015 0.295 0.01333945208 2
0 0.015 0.305 0.02049354001 2
0 0.015 0.315 0.02738406465 2
0 0.015 0.325 0.03392240835 2
0 0.015 0.335 0.04002448278 2
0 0.015 0.345 0.04561181041 2
0 0.015 0.355 0.05061253374 1
0 0.015 0.365 0.05496233946 1
0 0.015 0.375 0.0586052856 1
0 0.015 0.385 0.06149452098 1
0 0.015 0.395 0.06359288771 1
0 0.015 0.405 0 1
0 0.015 0.415 0 1
0 0.015 0.425 0 1
0 0.015 0.435 0 2
0 0.015 0.445 0 2
0 0.015 0.455 0 2
0 0.015 0.465 0 2
0 0.025 -0.455 0 1
0 0.025 -0.445 0 1
0 0.025 -0.435 0 2
0 0.025 -0.425 0 2
0 0.025 -0.415 0 2
0 0.025 -0.405 0 2
0 0.025 -0.395 -0.1058539769 2
0 0.025 -0.385 -0.1023611261 2
0 0.025 -0.375 -0.09755182961 2
0 0.025 -0.365 -0.09148793865 2
0 0.025 -0.355 -0.08424743974 2
0 0.025 -0.345 -0.07592345147 2
0 0.025 -0.335 -0.066623027 2
0 0.025 -0.325 -0.05646577719 2
0 0.025 -0.315 -0.04558233239 2
0 0.025 -0.305 -0.0341126624 2
0 0.025 -0.295 -0.02220427634 2
0 0.025 -0.285 -0.01001032554 2
0 0.025 -0.275 0.00231236603 2
0 0.025 -0.265 0.01460531873 2
0 0.025 -0.255 0.02671043537 1
0 0.025 -0.245 0.03847203448 1
0 0.025 -0.235 0.0497388525 1
0 0.025 -0.225 0.06036598916 2
0 0.025 -0.215 0.070216771 2
0 0.025 -0.205 0.07916450908 2
0 0.025 -0.195 0.08709412837 2
0 0.025 -0.185 0.09390364761 2
0 0.025 -0.175 0.09950549096 2
0 0.025 -0.165 0.1038276142 2
0 0.025 -0.155 0.1068144315 2
0 0.025 -0.145 0.1084275298 2
0 0.025 -0.135 0.1086461636 2
0 0.025 -0.125 0.1074675209 2
0 0.025 -0.115 0.1049067601 2
0 0.025 -0.105 0.1009968145 2
0 0.025 -0.095 0.0957879693 2
0 0.025 -0.085 0.0893472143 2
0 0.025 -0.075 0.08175738278 2
0 0.025 -0.065 0.07311608603 2
0 0.025 -0.055 0.06353445802 2
0 0.025 -0.045 0.05313572615 2
0 0.025 -0.035 0.04205362641 2
0 0.025 -0.025 0.03043068345 2
0 0.025 -0.015 0.0184163776 2
0 0.025 -0.005 0.006165222428 2
0 0.025 0.005 -0.006165222428 2
0 0.025 0.015 -0.0184163776 2
0 0.025 0.025 -0.03043068345 2
0 0.025 0.035 -0.04205362641 2
0 0.025 0.045 -0.05313572615 2
0 0.025 0.055 -0.06353445802 2
0 0.025 0.065 -0.07311608603 2
0 0.025 0.075 -0.08175738278 2
0 0.025 0.085 -0.0893472143 2
0 0.025 0.095 -0.0957879693 2
0 0.025 0.105 -0.1009968145 2
0 0.025 0.115 -0.1049067601 2
0 0.025 0.125 -0.1074675209 2
0 0.025 0.135 -0.1086461636 2
0 0.025 0.145 -0.1084275298 2
0 0.025 0.155 -0.1068144315 2
0 0.025 0.165 -0.1038276142 2
0 0.025 0.175 -0.09950549096 1
0 0.025 0.185 -0.09390364761 1
0 0.025 0.195 -0.08709412837 1
0 0.025 0.205 -0.07916450908 1
0 0.025 0.215 -0.070216771 1
0 0.025 0.225 -0.06036598916 1
0 0.025 0.235 -0.0497388525 1
0 0.025 0.245 -0.03847203448 1
0 0.025 0.255 -0.02671043537 1
0 0.025 0.265 -0.01460531873 2
0 0.025 0.275 -0.00231236603 2
0 0.025 0.285 0.01001032554 2
0 0.025 0.295 0.02220427634 2
0 0.025 0.305 0.0341126624 2
0 0.025 0.315 0.04558233239 2
0 0.025 0.325 0.05646577719 2
0 0.025 0.335 0.066623027 2
0 0.025 0.345 0.07592345147 2
0 0.025 0.355 0.08424743974 2
0 0.025 0.365 0.09148793865 1
0 0.025 0.375 0.09755182961 1
0 0.025 0.385 0.1023611261 1
0 0.025 0.395 0.1058539769 1
0 0.025 0.405 0 1
0 0.025 0.415 0 1
0 0.025 0.425 0 1
0 0.025 0.435 0 2
0 0.025 0.445 0 2
0 0.025 0.455 0 2
0 0.025 0.465 0 2
0 0.035 -0.455 0 1
0 0.035 -0.445 0 1
0 0.035 -0.435 0 2
0 0.035 -0.425 0 2
0 0.035 -0.415 0 2
0 0.035 -0.405 0 2
0 0.035 -0.395 -0.1479140795 2
0 0.035 -0.385 -0.1430333768 2
0 0.035 -0.375 -0.1363131505 2
0 0.035 -0.365 -0.1278398284 2
0 0.035 -0.355 -0.1177223839 2
0 0.035 -0.345 -0.1060909356 2
0 0.035 -0.335 -0.09309507309 2
0 0.035 -0.325 -0.07890193364 2
0 0.035 -0.315 -0.0636940523 2
0 0.035 -0.305 -0.04766701459 2
0 0.035 -0.295 -0.03102694101 2
0 0.035 -0.285 -0.01398783619 2
0 0.035 -0.275 0.003231163373 2
0 0.035 -0.265 0.0204086076 1
0 0.035 -0.255 0.03732358083 1
0 0.035 -0.245 0.053758543 1
0 0.035 -0.235 0.06950212739 1
0 0.035 -0.225 0.08435185891 1
0 0.035 -0.215 0.09811675817 1
0 0.035 -0.205 0.1106197976 2
0 0.035 -0.195 0.121700178 2
0 0.035 -0.185 0.131215397 2
0 0.035 -0.175 0.1390430812 2
0 0.035 -0.165 0.1450825604 2
0 0.035 -0.155 0.1492561619 2
0 0.035 -0.145 0.1515102101 2
0 0.035 -0.135 0.1518157159 2
0 0.035 -0.125 0.1501687504 2
0 0.035 -0.115 0.1465904948 2
0 0.035 -0.105 0.1411269685 2
0 0.035 -0.095 0.1338484366 2
0 0.035 -0.085 0.1248485069 2
0 0.035 -0.075 0.1142429257 2
0 0.035 -0.065 0.1021680893 2
0 0.035 -0.055 0.08877928969 2
0 0.035 -0.045 0.0742487175 2
0 0.035 -0.035 0.0587632475 2
0 0.035 -0.025 0.04252203522 2
0 0.035 -0.015 0.0257339556 2
0 0.035 -0.005 0.008614916771 2
0 0.035 0.005 -0.008614916771 2
0 0.035 0.015 -0.0257339556 2
0 0.035 0.025 -0.04252203522 2
0 0.035 0.035 -0.0587632475 2
0 0.035 0.045 -0.0742487175 2
0 0.035 0.055 -0.08877928969 2
0 0.035 0.065 -0.1021680893 2
0 0.035 0.075 -0.1142429257 2
0 0.035 0.085 -0.1248485069 2
0 0.035 0.095 -0.1338484366 2
0 0.035 0.105 -0.1411269685 2
0 0.035 0.115 -0.1465904948 2
0 0.035 0.125 -0.1501687504 2
0 0.035 0.135 -0.1518157159 2
0 0.035 0.145 -0.1515102101 2
0 0.035 0.155 -0.1492561619 2
0 0.035 0.165 -0.1450825604 2
0 0.035 0.175 -0.1390430812 2
0 0.035 0.185 -0.131215397 1
0 0.035 0.195 -0.121700178 1
0 0.035 0.205 -0.1106197976 1
0 0.035 0.215 -0.09811675817 1
0 0.035 0.225 -0.08435185891 1
0 0.035 0.235 -0.06950212739 1
0 0.035 0.245 -0.053758543 1
0 0.035 0.255 -0.03732358083 1
0 0.035 0.265 -0.0204086076 1
0 0.035 0.275 -0.003231163373 2
0 0.035 0.285 0.01398783619 2
0 0.035 0.295 0.03102694101 2
0 0.035 0.305 0.04766701459 2
0 0.035 0.315 0.0636940523 2
0 0.035 0.325 0.07890193364 2
0 0.035 0.335 0.09309507309 2
0 0.035 0.345 0.1060909356 2
0 0.035 0.355 0.1177223839 2
0 0.035 0.365 0.1278398284 1
0 0.035 0.375 0.1363131505 1
0 0.035 0.385 0.1430333768 1
0 0.035 0.395 0.1479140795 1
0 0.035 0.405 0 1
0 0.035 0.415 0 1
0 0.035 0.425 0 1
0 0.035 0.435 0 1
0 0.035 0.445 0 2
0 0.035 0.455 0 2
0 0.035 0.465 0 2
0 0.045 -0.455 0 1
0 0.045 -0.445 0 1
0 0.045 -0.435 0 2
0 0.045 -0.425 0 2
0 0.045 -0.415 0 2
0 0.045 -0.405 0 2
0 0.045 -0.395 -0.1896933356 2
0 0.045 -0.385 -0.1834340478 2
0 0.045 -0.375 -0.1748156517 2
0 0.045 -0.365 -0.1639489867 2
0 0.045 -0.355 -0.1509738069 2
0 0.045 -0.345 -0.1360569833 2
0 0.045 -0.335 -0.1193903582 2
0 0.045 -0.325 -0.1011882778 2
0 0.045 -0.315 -0.08168483539 2
0 0.045 -0.305 -0.06113086073 2
0 0.045 -0.295 -0.03979069438 2
0 0.045 -0.285 -0.01793878793 2
0 0.045 -0.275 0.004143825659 2
0 0.045 -0.265 0.02617314634 1
0 0.045 -0.255 0.04786585946 1
0 0.045 -0.245 0.0689429794 1
0 0.045 -0.235 0.08913343757 1
0 0.045 -0.225 0.1081775686 1
0 0.045 -0.215 0.1258304496 1
0 0.045 -0.205 0.1418650506 1
0 0.045 -0.195 0.1560751538 2
0 0.045 -0.185 0.1682780059 2
0 0.045 -0.175 0.1783166684 2
0 0.045 -0.165 0.1860620361 2
0 0.045 -0.155 0.1914144975 2
0 0.045 -0.145 0.1943052156 2
0 0.045 -0.135 0.1946970135 2
0 0.045 -0.125 0.1925848523 2
0 0.045 -0.115 0.1879958961 2
0 0.045 -0.105 0.1809891626 2
0 0.045 -0.095 0.1716547639 2
0 0.045 -0.085 0.1601127478 2
0 0.045 -0.075 0.146511554 2
0 0.045 -0.065 0.1310261046 2
0 0.045 -0.055 0.1138555548 2
0 0.045 -0.045 0.09522073172 2
0 0.045 -0.035 0.07536129396 2
0 0.045 -0.025 0.05453264977 2
0 0.045 -0.015 0.03300267217 2
0 0.045 -0.005 0.01104825385 2
0 0.045 0.005 -0.01104825385 2
0 0.045 0.015 -0.03300267217 2
0 0.045 0.025 -0.05453264977 2
0 0.045 0.035 -0.07536129396 2
0 0.045 0.045 -0.09522073172 2
0 0.045 0.055 -0.1138555548 2
0 0.045 0.065 -0.1310261046 2
0 0.045 0.075 -0.146511554 2
0 0.045 0.085 -0.1601127478 2
0 0.045 0.095 -0.1716547639 2
0 0.045 0.105 -0.1809891626 2
0 0.045 0.115 -0.1879958961 2
0 0.045 0.125 -0.1925848523 2
0 0.045 0.135 -0.1946970135 2
0 0.045 0.145 -0.1943052156 2
0 0.045 0.155 -0.1914144975 2
0 0.045 0.165 -0.1860620361 2
0 0.045 0.175 -0.1783166684 2
0 0.045 0.185 -0.1682780059 1
0 0.045 0.195 -0.1560751538 1
0 0.045 0.205 -0.1418650506 1
0 0.045 0.215 -0.1258304496 1
0 0.045 0.225 -0.1081775686 1
0 0.045 0.235 -0.08913343757 1
0 0.045 0.245 -0.0689429794 1
0 0.045 0.255 -0.04786585946 1
0 0.045 0.265 -0.02617314634 1
0 0.045 0.275 -0.004143825659 2
0 0.045 0.285 0.01793878793 2
0 0.045 0.295 0.03979069438 2
0 0.045 0.305 0.06113086073 2
0 0.045 0.315 0.08168483539 2
0 0.045 0.325 0.1011882778 2
0 0.045 0.335 0.1193903582 2
0 0.045 0.345 0.1360569833 2
0 0.045 0.355 0.1509738069 2
0 0.045 0.365 0.1639489867 1
0 0.045 0.375 0.1748156517 1
0 0.045 0.385 0.1834340478 1
0 0.045 0.395 0.1896933356 1
0 0.045 0.405 0 1
0 0.045 0.415 0 1
0 0.045 0.425 0 1
0 0.045 0.435 0 1
0 0.045 0.445 0 2
0 0.045 0.455 0 2
0 0.045 0.465 0 2
0 0.055 -0.455 0 1
0 0.055 -0.445 0 2
0 0.055 -0.435 0 2
0 0.055 -0.425 0 2
0 0.055 -0.415 0 2
0 0.055 -0.405 0 2
0 0.055 -0.395 -0.2311124181 2
0 0.055 -0.385 -0.22348643 2
0 0.055 -0.375 -0.2129862278 2
0 0.055 -0.365 -0.1997468528 2
0 0.055 -0.355 -0.1839385736 2
0 0.055 -0.345 -0.1657646976 2
0 0.055 -0.335 -0.1454589551 2
0 0.055 -0.325 -0.1232824944 2
0 0.055 -0.315 -0.09952052229 2
0 0.055 -0.305 -0.07447863681 2
0 0.055 -0.295 -0.04847889658 2
0 0.055 -0.285 -0.02185567903 2
0 0.055 -0.275 0.005048620002 2
0 0.055 -0.265 0.03188798975 1
0 0.055 -0.255 0.05831725449 1
0 0.055 -0.245 0.08399651276 1
0 0.055 -0.235 0.1085955088 1
0 0.055 -0.225 0.1317978799 1
0 0.055 -0.215 0.153305225 1
0 0.055 -0.205 0.1728409425 1
0 0.055 -0.195 0.1901537874 1
0 0.055 -0.185 0.2050211028 2
0 0.055 -0.175 0.2172516831 2
0 0.055 -0.165 0.2266882332 2
0 0.055 -0.155 0.2332093917 2
0 0.055 -0.145 0.2367312911 2
0 0.055 -0.135 0.2372086371 2
0 0.055 -0.125 0.2346352906 2
0 0.055 -0.115 0.2290443469 2
0 0.055 -0.105 0.2205077099 2
0 0.055 -0.095 0.2091351678 2
0 0.055 -0.085 0.1950729804 2
0 0.055 -0.075 0.1785019986 2
0 0.055 -0.065 0.1596353387 2
0 0.055 -0.055 0.1387156408 2
0 0.055 -0.045 0.116011949 2
0 0.055 -0.035 0.09181625083 2
0 0.055 -0.025 0.0664397224 2
0 0.055 -0.015 0.04020872608 2
0 0.055 -0.005 0.01346061344 2
0 0.055 0.005 -0.01346061344 2
0 0.055 0.015 -0.04020872608 2
0 0.055 0.025 -0.0664397224 2
0 0.055 0.035 -0.09181625083 2
0 0.055 0.045 -0.116011949 2
0 0.055 0.055 -0.1387156408 2
0 0.055 0.065 -0.1596353387 2
0 0.055 0.075 -0.1785019986 2
0 0.055 0.085 -0.1950729804 2
0 0.055 0.095 -0.2091351678 2
0 0.055 0.105 -0.2205077099 2
0 0.055 0.115 -0.2290443469 2
0 0.055 0.125 -0.2346352906 2
0 0.055 0.135 -0.2372086371 2
0 0.055 0.145 -0.2367312911 2
0 0.055 0.155 -0.2332093917 2
0 0.055 0.165 -0.2266882332 2
0 0.055 0.175 -0.2172516831 2
0 0.055 0.185 -0.2050211028 1
0 0.055 0.195 -0.1901537874 1
0 0.055 0.205 -0.1728409425 1
0 0.055 0.215 -0.153305225 1
0 0.055 0.225 -0.1317978799 1
0 0.055 0.235 -0.1085955088 1
0 0.055 0.245 -0.08399651276 1
0 0.055 0.255 -0.05831725449 1
0 0.055 0.265 -0.03188798975 1
0 0.055 0.275 -0.005048620002 2
0 0.055 0.285 0.02185567903 2
0 0.055 0.295 0.04847889658 2
0 0.055 0.305 0.07447863681 2
0 0.055 0.315 0.09952052229 2
0 0.055 0.325 0.1232824944 2
0 0.055 0.335 0.1454589551 2
0 0.055 0.345 0.1657646976 2
0 0.055 0.355 0.1839385736 2
0 0.055 0.365 0.1997468528 2
0 0.055 0.375 0.2129862278 1
0 0.055 0.385 0.22348643 1
0 0.055 0.395 0.2311124181 1
0 0.055 0.405 0 1
0 0.055 0.415 0 1
0 0.055 0.425 0 1
0 0.055 0.435 0 2
0 0.055 0.445 0 2
0 0.055 0.455 0 2
0 0.055 0.465 0 2
0 0.065 -0.455 0 2
0 0.065 -0.445 0 2
0 0.065 -0.435 0 2
0 0.065 -0.425 0 2
0 0.065 -0.415 0 2
0 0.065 -0.405 0 2
0 0.065 -0.395 -0.2720926842 2
0 0.065 -0.385 -0.2631144752 2
0 0.065 -0.375 -0.2507524039 2
0 0.065 -0.365 -0.2351654565 2
0 0.065 -0.355 -0.2165540936 2
0 0.065 -0.345 -0.1951576721 2
0 0.065 -0.335 -0.171251367 2
0 0.065 -0.325 -0.1451426327 2
0 0.065 -0.315 -0.1171672481 2
0 0.065 -0.305 -0.08768499921 2
0 0.065 -0.295 -0.05707505119 2
0 0.065 -0.285 -0.02573107244 2
0 0.065 -0.275 0.005943828457 2
0 0.065 -0.265 0.03754228697 1
0 0.065 -0.255 0.0686579217 1
0 0.065 -0.245 0.09889056072 1
0 0.065 -0.235 0.1278513882 1
0 0.065 -0.225 0.1551679447 1
0 0.065 -0.215 0.1804889175 1
0 0.065 -0.205 0.2034886587 1
0 0.065 -0.195 0.2238713732 1
0 0.065 -0.185 0.2413749232 2
0 0.065 -0.175 0.2557741988 2
0 0.065 -0.165 0.266884014 2
0 0.065 -0.155 0.2745614877 2
0 0.065 -0.145 0.2787078814 2
0 0.065 -0.135 0.2792698692 2
0 0.065 -0.125 0.2762402234 2
0 0.065 -0.115 0.2696579078 2
0 0.065 -0.105 0.2596075761 2
0 0.065 -0.095 0.2462184837 2
0 0.065 -0.085 0.229662825 2
0 0.065 -0.075 0.2101535189 2
0 0.065 -0.065 0.1879414708 2
0 0.065 -0.055 0.1633123453 2
0 0.065 -0.045 0.1365828926 2
0 0.065 -0.035 0.1080968748 2
0 0.065 -0.025 0.07822064495 2
0 0.065 -0.015 0.0473384351 2
0 0.065 -0.005 0.01584741517 2
0 0.065 0.005 -0.01584741517 2
0 0.065 0.015 -0.0473384351 2
0 0.065 0.025 -0.07822064495 2
0 0.065 0.035 -0.1080968748 2
0 0.065 0.045 -0.1365828926 2
0 0.065 0.055 -0.1633123453 2
0 0.065 0.065 -0.1879414708 2
0 0.065 0.075 -0.2101535189 2
0 0.065 0.085 -0.229662825 2
0 0.065 0.095 -0.2462184837 2
0 0.065 0.105 -0.2596075761 2
0 0.065 0.115 -0.2696579078 2
0 0.065 0.125 -0.2762402234 2
0 0.065 0.135 -0.2792698692 2
0 0.065 0.145 -0.2787078814 2
0 0.065 0.155 -0.2745614877 2
0 0.065 0.165 -0.266884014 2
0 0.065 0.175 -0.2557741988 2
0 0.065 0.185 -0.2413749232 2
0 0.065 0.195 -0.2238713732 1
0 0.065 0.205 -0.2034886587 1
0 0.065 0.215 -0.1804889175 1
0 0.065 0.225 -0.1551679447 1
0 0.065 0.235 -0.1278513882 1
0 0.065 0.245 -0.09889056072 1
0 0.065 0.255 -0.0686579217 1
0 0.065 0.265 -0.03754228697 1
0 0.065 0.275 -0.005943828457 1
0 0.065 0.285 0.02573107244 2
0 0.065 0.295 0.05707505119 2
0 0.065 0.305 0.08768499921 2
0 0.065 0.315 0.1171672481 2
0 0.065 0.325 0.1451426327 2
0 0.065 0.335 0.171251367 2
0 0.065 0.345 0.1951576721 2
0 0.065 0.355 0.2165540936 2
0 0.065 0.365 0.2351654565 2
0 0.065 0.375 0.2507524039 2
0 0.065 0.385 0.2631144752 1
0 0.065 0.395 0.2720926842 1
0 0.065 0.405 0 1
0 0.065 0.415 0 1
0 0.065 0.425 0 1
0 0.065 0.435 0 2
0 0.065 0.445 0 2
0 0.065 0.455 0 2
0 0.065 0.465 0 2
0 0.075 -0.455 0 2
0 0.075 -0.445 0 2
0 0.075 -0.435 0 2
0 0.075 -0.425 0 2
0 0.075 -0.415 0 2
0 0.075 -0.405 0 2
0 0.075 -0.395 -0.3125563238 2
0 0.075 -0.385 -0.3022429411 2
0 0.075 -0.375 -0.2880424728 2
0 0.075 -0.365 -0.2701375483 1
0 0.075 -0.355 -0.2487584391 1
0 0.075 -0.345 -0.2241800978 1
0 0.075 -0.335 -0.1967186214 1
0 0.075 -0.325 -0.1667271865 2
0 0.075 -0.315 -0.1345915068 2
0 0.075 -0.305 -0.1007248728 2
0 0.075 -0.295 -0.06556283657 2
0 0.075 -0.285 -0.02955760988 2
0 0.075 -0.275 0.006827751279 2
0 0.075 -0.265 0.04312530211 1
0 0.075 -0.255 0.07886822711 1
0 0.075 -0.245 0.1135968437 1
0 0.075 -0.235 0.1468645142 1
0 0.075 -0.225 0.1782433898 1
0 0.075 -0.215 0.207329913 1
0 0.075 -0.205 0.233750008 1
0 0.075 -0.195 0.2571638912 1
0 0.075 -0.185 0.2772704415 1
0 0.075 -0.175 0.2938110724 2
0 0.075 -0.165 0.3065730583 2
0 0.075 -0.155 0.3153922699 2
0 0.075 -0.145 0.320155285 2
0 0.075 -0.135 0.3208008475 2
0 0.075 -0.125 0.3173206549 2
0 0.075 -0.115 0.3097594653 2
0 0.075 -0.105 0.2982145216 2
0 0.075 -0.095 0.282834301 2
0 0.075 -0.085 0.2638166055 2
0 0.075 -0.075 0.2414060177 2
0 0.075 -0.065 0.2158907558 2
0 0.075 -0.055 0.1875989663 2
0 0.075 -0.045 0.1568945043 2
0 0.075 -0.035 0.1241722538 2
0 0.075 -0.025 0.08985304883 2
0 0.075 -0.015 0.05437826194 2
0 0.075 -0.005 0.01820412719 2
0 0.075 0.005 -0.01820412719 2
0 0.075 0.015 -0.05437826194 2
0 0.075 0.025 -0.08985304883 2
0 0.075 0.035 -0.1241722538 2
0 0.075 0.045 -0.1568945043 2
0 0.075 0.055 -0.1875989663 2
0 0.075 0.065 -0.2158907558 2
0 0.075 0.075 -0.2414060177 2
0 0.075 0.085 -0.2638166055 2
0 0.075 0.095 -0.282834301 2
0 0.075 0.105 -0.2982145216 2
0 0.075 0.115 -0.3097594653 2
0 0.075 0.125 -0.3173206549 2
0 0.075 0.135 -0.3208008475 2
0 0.075 0.145 -0.320155285 2
0 0.075 0.155 -0.3153922699 2
0 0.075 0.165 -0.3065730583 2
0 0.075 0.175 -0.2938110724 2
0 0.075 0.185 -0.2772704415 2
0 0.075 0.195 -0.2571638912 2
0 0.075 0.205 -0.233750008 1
0 0.075 0.215 -0.207329913 1
0 0.075 0.225 -0.1782433898 1
0 0.075 0.235 -0.1468645142 1
0 0.075 0.245 -0.1135968437 1
0 0.075 0.255 -0.07886822711 1
0 0.075 0.265 -0.04312530211 1
0 0.075 0.275 -0.006827751279 2
0 0.075 0.285 0.02955760988 2
0 0.075 0.295 0.06556283657 2
0 0.075 0.305 0.1007248728 2
0 0.075 0.315 0.1345915068 2
0 0.075 0.325 0.1667271865 2
0 0.075 0.335 0.1967186214 2
0 0.075 0.345 0.2241800978 2
0 0.075 0.355 0.2487584391 2
0 0.075 0.365 0.2701375483 2
0 0.075 0.375 0.2880424728 2
0 0.075 0.385 0.3022429411 2
0 0.075 0.395 0.3125563238 1
0 0.075 0.405 0 1
0 0.075 0.415 0 1
0 0.075 0.425 0 2
0 0.075 0.435 0 2
0 0.075 0.445 0 2
0 0.075 0.455 0 2
0 0.075 0.465 0 2
0 0.085 -0.455 0 1
0 0.085 -0.445 0 1
0 0.085 -0.435 0 1
0 0.085 -0.425 0 1
0 0.085 -0.415 0 1
0 0.085 -0.405 0 1
0 0.085 -0.395 -0.3524265083 1
0 0.085 -0.385 -0.340797534 2
0 0.085 -0.375 -0.3247856312 1
0 0.085 -0.365 -0.3045967259 1
0 0.085 -0.355 -0.2804904634 1
0 0.085 -0.345 -0.2527768696 1
0 0.085 -0.335 -0.2218123634 1
0 0.085 -0.325 -0.187995173 1
0 0.085 -0.315 -0.1517602146 2
0 0.085 -0.305 -0.1135734987 2
0 0.085 -0.295 -0.07392613684 2
0 0.085 -0.285 -0.03332802586 2
0 0.085 -0.275 0.00769871015 2
0 0.085 -0.265 0.0486264346 2
0 0.085 -0.255 0.08892878427 1
0 0.085 -0.245 0.1280874388 1
0 0.085 -0.235 0.1655987865 1
0 0.085 -0.225 0.2009804016 1
0 0.085 -0.215 0.2337772483 1
0 0.085 -0.205 0.2635675328 1
0 0.085 -0.195 0.2899681284 1
0 0.085 -0.185 0.3126395023 1
0 0.085 -0.175 0.3312900826 2
0 0.085 -0.165 0.3456800078 2
0 0.085 -0.155 0.3556242121 2
0 0.085 -0.145 0.3609948051 2
0 0.085 -0.135 0.3617227165 2
0 0.085 -0.125 0.357798585 2
0 0.085 -0.115 0.349272878 2
0 0.085 -0.105 0.3362552428 2
0 0.085 -0.095 0.3189130967 2
0 0.085 -0.085 0.2974694735 2
0 0.085 -0.075 0.2722001553 2
0 0.085 -0.065 0.2434301258 2
0 0.085 -0.055 0.2115293904 2
0 0.085 -0.045 0.1769082182 2
0 0.085 -0.035 0.140011865 2
0 0.085 -0.025 0.1013148474 2
0 0.085 -0.015 0.06131483999 2
0 0.085 -0.005 0.02052627476 2
0 0.085 0.005 -0.02052627476 2
0 0.085 0.015 -0.06131483999 2
0 0.085 0.025 -0.1013148474 2
0 0.085 0.035 -0.140011865 2
0 0.085 0.045 -0.1769082182 2
0 0.085 0.055 -0.2115293904 2
0 0.085 0.065 -0.2434301258 2
0 0.085 0.075 -0.2722001553 2
0 0.085 0.085 -0.2974694735 2
0 0.085 0.095 -0.3189130967 2
0 0.085 0.105 -0.3362552428 2
0 0.085 0.115 -0.349272878 2
0 0.085 0.125 -0.357798585 2
0 0.085 0.135 -0.3617227165 2
0 0.085 0.145 -0.3609948051 2
0 0.085 0.155 -0.3556242121 2
0 0.085 0.165 -0.3456800078 2
0 0.085 0.175 -0.3312900826 2
0 0.085 0.185 -0.3126395023 2
0 0.085 0.195 -0.2899681284 2
0 0.085 0.205 -0.2635675328 2
0 0.085 0.215 -0.2337772483 2
0 0.085 0.225 -0.2009804016 1
0 0.085 0.235 -0.1655987865 1
0 0.085 0.245 -0.1280874388 1
0 0.085 0.255 -0.08892878427 1
0 0.085 0.265 -0.0486264346 1
0 0.085 0.275 -0.00769871015 2
0 0.085 0.285 0.03332802586 2
0 0.085 0.295 0.07392613684 2
0 0.085 0.305 0.1135734987 2
0 0.085 0.315 0.1517602146 2
0 0.085 0.325 0.187995173 2
0 0.085 0.335 0.2218123634 2
0 0.085 0.345 0.2527768696 2
0 0.085 0.355 0.2804904634 2
0 0.085 0.365 0.3045967259 2
0 0.085 0.375 0.3247856312 2
0 0.085 0.385 0.340797534 2
0 0.085 0.395 0.3524265083 2
0 0.085 0.405 0 2
0 0.085 0.415 0 2
0 0.085 0.425 0 2
0 0.085 0.435 0 2
0 0.085 0.445 0 2
0 0.085 0.455 0 2
0 0.085 0.465 0 2
0 0.095 -0.455 0 1
0 0.095 -0.445 0 1
0 0.095 -0.435 0 1
0 0.095 -0.425 0 1
0 0.095 -0.415 0 1
0 0.095 -0.405 0 1
0 0.095 -0.395 -0.3916275354 1
0 0.095 -0.385 -0.3787050496 1
0 0.095 -0.375 -0.3609121144 1
0 0.095 -0.365 -0.3384775612 1
0 0.095 -0.355 -0.3116899163 1
0 0.095 -0.345 -0.2808936902 1
0 0.095 -0.335 -0.2464849469 1
0 0.095 -0.325 -0.2089062103 1
0 0.095 -0.315 -0.1686407731 2
0 0.095 -0.305 -0.1262064809 2
0 0.095 -0.295 -0.08214907248 2
0 0.095 -0.285 -0.03703516143 2
0 0.095 -0.275 0.008555051368 2
0 0.095 -0.265 0.05403523938 2
0 0.095 -0.255 0.09882049105 1
0 0.095 -0.245 0.1423348323 1
0 0.095 -0.235 0.1840186339 1
0 0.095 -0.225 0.223335809 1
0 0.095 -0.215 0.2597807072 1
0 0.095 -0.205 0.2928846181 1
0 0.095 -0.195 0.3222217989 1
0 0.095 -0.185 0.34741495 1
0 0.095 -0.175 0.3681400675 2
0 0.095 -0.165 0.3841306097 2
0 0.095 -0.155 0.3951809255 2
0 0.095 -0.145 0.4011488991 2
0 0.095 -0.135 0.4019577774 2
0 0.095 -0.125 0.3975971578 2
0 0.095 -0.115 0.3881231212 2
0 0.095 -0.105 0.3736575113 2
0 0.095 -0.095 0.3543863675 2
0 0.095 -0.085 0.3305575319 2
0 0.095 -0.075 0.3024774626 2
0 0.095 -0.065 0.2705072915 2
0 0.095 -0.055 0.2350581806 2
0 0.095 -0.045 0.1965860338 2
0 0.095 -0.035 0.1555856337 2
0 0.095 -0.025 0.112584278 2
0 0.095 -0.015 0.06813499866 2
0 0.095 -0.005 0.02280944879 2
0 0.095 0.005 -0.02280944879 2
0 0.095 0.015 -0.06813499866 2
0 0.095 0.025 -0.112584278 2
0 0.095 0.035 -0.1555856337 2
0 0.095 0.045 -0.1965860338 2
0 0.095 0.055 -0.2350581806 2
0 0.095 0.065 -0.2705072915 2
0 0.095 0.075 -0.3024774626 2
0 0.095 0.085 -0.3305575319 2
0 0.095 0.095 -0.3543863675 2
0 0.095 0.105 -0.3736575113 2
0 0.095 0.115 -0.3881231212 2
0 0.095 0.125 -0.3975971578 2
0 0.095 0.135 -0.4019577774 2
0 0.095 0.145 -0.4011488991 2
0 0.095 0.155 -0.3951809255 2
0 0.095 0.165 -0.3841306097 2
0 0.095 0.175 -0.3681400675 2
0 0.095 0.185 -0.34741495 2
0 0.095 0.195 -0.3222217989 2
0 0.095 0.205 -0.2928846181 2
0 0.095 0.215 -0.2597807072 2
0 0.095 0.225 -0.223335809 2
0 0.095 0.235 -0.1840186339 2
0 0.095 0.245 -0.1423348323 2
0 0.095 0.255 -0.09882049105 2
0 0.095 0.265 -0.05403523938 2
0 0.095 0.275 -0.008555051368 2
0 0.095 0.285 0.03703516143 2
0 0.095 0.295 0.08214907248 2
0 0.095 0.305 0.1262064809 2
0 0.095 0.315 0.1686407731 2
0 0.095 0.325 0.2089062103 2
0 0.095 0.335 0.2464849469 2
0 0.095 0.345 0.2808936902 2
0 0.095 0.355 0.3116899163 2
0 0.095 0.365 0.3384775612 2
0 0.095 0.375 0.3609121144 2
0 0.095 0.385 0.3787050496 2
0 0.095 0.395 0.3916275354 2
0 0.095 0.405 0 2
0 0.095 0.415 0 2
0 0.095 0.425 0 2
0 0.095 0.435 0 2
0 0.095 0.445 0 2
0 0.095 0.455 0 2
0 0.095 0.465 0 2
0 0.105 -0.455 0 1
0 0.105 -0.445 0 1
0 0.105 -0.435 0 1
0 0.105 -0.425 0 1
0 0.105 -0.415 0 1
0 0.105 -0.405 0 1
0 0.105 -0.395 -0.4300849736 1
0 0.105 -0.385 -0.4158935124 1
0 0.105 -0.375 -0.3963533285 1
0 0.105 -0.365 -0.3717157243 1
0 0.105 -0.355 -0.3422975591 1
0 0.105 -0.345 -0.3084771739 1
0 0.105 -0.335 -0.2706895259 1
0 0.105 -0.325 -0.2294205944 1
0 0.105 -0.315 -0.1852011309 1
0 0.105 -0.305 -0.138599833 2
0 0.105 -0.295 -0.09021603048 2
0 0.105 -0.285 -0.0406719778 2
0 0.105 -0.275 0.009395148985 2
0 0.105 -0.265 0.05934144666 2
0 0.105 -0.255 0.1085245659 2
0 0.105 -0.245 0.1563119726 1
0 0.105 -0.235 0.2020890825 1
0 0.105 -0.225 0.2452671655 1
0 0.105 -0.215 0.2852909168 1
0 0.105 -0.205 0.3216455991 1
0 0.105 -0.195 0.3538636621 1
0 0.105 -0.185 0.3815307559 1
0 0.105 -0.175 0.4042910595 2
0 0.105 -0.165 0.4218518572 2
0 0.105 -0.155 0.4339873031 2
0 0.105 -0.145 0.4405413258 2
0 0.105 -0.135 0.4414296352 2
0 0.105 -0.125 0.436640807 2
0 0.105 -0.115 0.4262364294 2
0 0.105 -0.105 0.4103503109 2
0 0.105 -0.095 0.3891867597 2
0 0.105 -0.085 0.3630179559 2
0 0.105 -0.075 0.3321804514 2
0 0.105 -0.065 0.297070841 2
0 0.105 -0.055 0.2581406624 2
0 0.105 -0.045 0.2158905887 2
0 0.105 -0.035 0.1708639896 2
0 0.105 -0.025 0.1236399432 2
0 0.105 -0.015 0.07482578841 2
0 0.105 -0.005 0.0250493142 2
0 0.105 0.005 -0.0250493142 2
0 0.105 0.015 -0.07482578841 2
0 0.105 0.025 -0.1236399432 2
0 0.105 0.035 -0.1708639896 2
0 0.105 0.045 -0.2158905887 2
0 0.105 0.055 -0.2581406624 2
0 0.105 0.065 -0.297070841 2
0 0.105 0.075 -0.3321804514 2
0 0.105 0.085 -0.3630179559 2
0 0.105 0.095 -0.3891867597 2
0 0.105 0.105 -0.4103503109 2
0 0.105 0.115 -0.4262364294 2
0 0.105 0.125 -0.436640807 2
0 0.105 0.135 -0.4414296352 2
0 0.105 0.145 -0.4405413258 2
0 0.105 0.155 -0.4339873031 2
0 0.105 0.165 -0.4218518572 2
0 0.105 0.175 -0.4042910595 2
0 0.105 0.185 -0.3815307559 2
0 0.105 0.195 -0.3538636621 2
0 0.105 0.205 -0.3216455991 2
0 0.105 0.215 -0.2852909168 2
0 0.105 0.225 -0.2452671655 2
0 0.105 0.235 -0.2020890825 2
0 0.105 0.245 -0.1563119726 2
0 0.105 0.255 -0.1085245659 2
0 0.105 0.265 -0.05934144666 2
0 0.105 0.275 -0.009395148985 2
0 0.105 0.285 0.0406719778 2
0 0.105 0.295 0.09021603048 2
0 0.105 0.305 0.138599833 2
0 0.105 0.315 0.1852011309 2
0 0.105 0.325 0.2294205944 2
0 0.105 0.335 0.2706895259 2
0 0.105 0.345 0.3084771739 2
0 0.105 0.355 0.3422975591 2
0 0.105 0.365 0.3717157243 2
0 0.105 0.375 0.3963533285 2
0 0.105 0.385 0.4158935124 2
0 0.105 0.395 0.4300849736 2
0 0.105 0.405 0 2
0 0.105 0.415 0 2
0 0.105 0.425 0 2
0 0.105 0.435 0 2
0 0.105 0.445 0 2
0 0.105 0.455 0 2
0 0.105 0.465 0 2
0 0.115 -0.455 0 1
0 0.115 -0.445 0 1
0 0.115 -0.435 0 1
0 0.115 -0.425 0 1
0 0.115 -0.415 0 1
0 0.115 -0.405 0 1
0 0.115 -0.395 -0.4677258032 1
0 0.115 -0.385 -0.4522923122 1
0 0.115 -0.375 -0.4310419808 1
0 0.115 -0.365 -0.4042481054 1
0 0.115 -0.355 -0.3722552765 1
0 0.115 -0.345 -0.3354749475 1
0 0.115 -0.335 -0.2943801427 1
0 0.115 -0.325 -0.2494993743 1
0 0.115 -0.315 -0.2014098446 1
0 0.115 -0.305 -0.1507300235 2
0 0.115 -0.295 -0.09811169399 2
0 0.115 -0.285 -0.0442315697 2
0 0.115 -0.275 0.0102174079 2
0 0.115 -0.265 0.06453498147 2
0 0.115 -0.255 0.1180225836 2
0 0.115 -0.245 0.1699923211 2
0 0.115 -0.235 0.2197758216 1
0 0.115 -0.225 0.2667328296 1
0 0.115 -0.215 0.3102594403 1
0 0.115 -0.205 0.3497958669 1
0 0.115 -0.195 0.3848336393 1
0 0.115 -0.185 0.4149221438 1
0 0.115 -0.175 0.4396744182 2
0 0.115 -0.165 0.4587721284 2
0 0.115 -0.155 0.4719696628 2
0 0.115 -0.145 0.4790972903 2
0 0.115 -0.135 0.4800633442 2
0 0.115 -0.125 0.4748554 2
0 0.115 -0.115 0.4635404362 2
0 0.115 -0.105 0.4462639723 2
0 0.115 -0.095 0.4232481973 2
0 0.115 -0.085 0.3947891125 2
0 0.115 -0.075 0.3612527244 2
0 0.115 -0.065 0.3230703379 2
0 0.115 -0.055 0.2807330088 2
0 0.115 -0.045 0.234785229 2
0 0.115 -0.035 0.1858179237 2
0 0.115 -0.025 0.1344608515 2
0 0.115 -0.015 0.08137450535 2
0 0.115 -0.005 0.0272416181 2
0 0.115 0.005 -0.0272416181 2
0 0.115 0.015 -0.08137450535 2
0 0.115 0.025 -0.1344608515 2
0 0.115 0.035 -0.1858179237 2
0 0.115 0.045 -0.234785229 2
0 0.115 0.055 -0.2807330088 2
0 0.115 0.065 -0.3230703379 2
0 0.115 0.075 -0.3612527244 2
0 0.115 0.085 -0.3947891125 2
0 0.115 0.095 -0.4232481973 2
0 0.115 0.105 -0.4462639723 2
0 0.115 0.115 -0.4635404362 2
0 0.115 0.125 -0.4748554 2
0 0.115 0.135 -0.4800633442 2
0 0.115 0.145 -0.4790972903 2
0 0.115 0.155 -0.4719696628 2
0 0.115 0.165 -0.4587721284 2
0 0.115 0.175 -0.4396744182 2
0 0.115 0.185 -0.4149221438 2
0 0.115 0.195 -0.3848336393 2
0 0.115 0.205 -0.3497958669 2
0 0.115 0.215 -0.3102594403 2
0 0.115 0.225 -0.2667328296 2
0 0.115 0.235 -0.2197758216 2
0 0.115 0.245 -0.1699923211 2
0 0.115 0.255 -0.1180225836 2
0 0.115 0.265 -0.06453498147 2
0 0.115 0.275 -0.0102174079 2
0 0.115 0.285 0.0442315697 2
0 0.115 0.295 0.09811169399 2
0 0.115 0.305 0.1507300235 2
0 0.115 0.315 0.2014098446 2
0 0.115 0.325 0.2494993743 2
0 0.115 0.335 0.2943801427 2
0 0.115 0.345 0.3354749475 2
0 0.115 0.355 0.3722552765 2
0 0.115 0.365 0.4042481054 2
0 0.115 0.375 0.4310419808 2
0 0.115 0.385 0.4522923122 2
0 0.115 0.395 0.4677258032 2
0 0.115 0.405 0 2
0 0.115 0.415 0 2
0 0.115 0.425 0 2
0 0.115 0.435 0 2
0 0.115 0.445 0 2
0 0.115 0.455 0 2
0 0.115 0.465 0 2
0 0.125 -0.455 0 1
0 0.125 -0.445 0 1
0 0.125 -0.435 0 1
0 0.125 -0.425 0 1
0 0.125 -0.415 0 1
0 0.125 -0.405 0 1
0 0.125 -0.395 -0.5044785551 1
0 0.125 -0.385 -0.487832338 1
0 0.125 -0.375 -0.4649122074 1
0 0.125 -0.365 -0.4360129347 1
0 0.125 -0.355 -0.4015061874 1
0 0.125 -0.345 -0.3618357499 1
0 0.125 -0.335 -0.3175118157 1
0 0.125 -0.325 -0.269104426 1
0 0.125 -0.315 -0.2172361385 1
0 0.125 -0.305 -0.1625740208 2
0 0.125 -0.295 -0.1058210714 2
0 0.125 -0.285 -0.04770717847 2
0 0.125 -0.275 0.01102026687 2
0 0.125 -0.265 0.06960598277 2
0 0.125 -0.255 0.1272965101 2
0 0.125 -0.245 0.1833499028 2
0 0.125 -0.235 0.2370452692 2
0 0.125 -0.225 0.2876920442 2
0 0.125 -0.215 0.3346388697 1
0 0.125 -0.205 0.3772819722 1
0 0.125 -0.195 0.4150729272 1
0 0.125 -0.185 0.4475257129 2
0 0.125 -0.175 0.4742229606 2
0 0.125 -0.165 0.4948213223 2
0 0.125 -0.155 0.5090558867 2
0 0.125 -0.145 0.5167435858 2
0 0.125 -0.135 0.5177855498 2
0 0.125 -0.125 0.5121683782 2
0 0.125 -0.115 0.4999643121 2
0 0.125 -0.105 0.4813303058 2
0 0.125 -0.095 0.4565060074 2
0 0.125 -0.085 0.4258106772 2
0 0.125 -0.075 0.3896390816 2
0 0.125 -0.065 0.3484564163 2
0 0.125 -0.055 0.3027923233 2
0 0.125 -0.045 0.2532340791 2
0 0.125 -0.035 0.2004190425 2
0 0.125 -0.025 0.1450264569 2
0 0.125 -0.015 0.08776871533 2
0 0.125 -0.005 0.02938219795 2
0 0.125 0.005 -0.02938219795 2
0 0.125 0.015 -0.08776871533 2
0 0.125 0.025 -0.1450264569 2
0 0.125 0.035 -0.2004190425 2
0 0.125 0.045 -0.2532340791 2
0 0.125 0.055 -0.3027923233 2
0 0.125 0.065 -0.3484564163 2
0 0.125 0.075 -0.3896390816 2
0 0.125 0.085 -0.4258106772 2
0 0.125 0.095 -0.4565060074 2
0 0.125 0.105 -0.4813303058 2
0 0.125 0.115 -0.4999643121 2
0 0.125 0.125 -0.5121683782 2
0 0.125 0.135 -0.5177855498 2
0 0.125 0.145 -0.5167435858 2
0 0.125 0.155 -0.5090558867 2
0 0.125 0.165 -0.4948213223 2
0 0.125 0.175 -0.4742229606 2
0 0.125 0.185 -0.4475257129 2
0 0.125 0.195 -0.4150729272 2
0 0.125 0.205 -0.3772819722 2
0 0.125 0.215 -0.3346388697 2
0 0.125 0.225 -0.2876920442 2
0 0.125 0.235 -0.2370452692 2
0 0.125 0.245 -0.1833499028 2
0 0.125 0.255 -0.1272965101 2
0 0.125 0.265 -0.06960598277 2
0 0.125 0.275 -0.01102026687 2
0 0.125 0.285 0.04770717847 2
0 0.125 0.295 0.1058210714 2
0 0.125 0.305 0.1625740208 2
0 0.125 0.315 0.2172361385 2
0 0.125 0.325 0.269104426 2
0 0.125 0.335 0.3175118157 2
0 0.125 0.345 0.3618357499 2
0 0.125 0.355 0.4015061874 1
0 0.125 0.365 0.4360129347 1
0 0.125 0.375 0.4649122074 1
0 0.125 0.385 0.487832338 1
0 0.125 0.395 0.5044785551 1
0 0.125 0.405 0 2
0 0.125 0.415 0 2
0 0.125 0.425 0 2
0 0.125 0.435 0 2
0 0.125 0.445 0 2
0 0.125 0.455 0 2
0 0.125 0.465 0 2
0 0.135 -0.455 0 1
0 0.135 -0.445 0 1
0 0.135 -0.435 0 1
0 0.135 -0.425 0 1
0 0.135 -0.415 0 1
0 0.135 -0.405 0 1
0 0.135 -0.395 -0.5402734461 1
0 0.135 -0.385 -0.5224461094 1
0 0.135 -0.375 -0.4978996985 1
0 0.135 -0.365 -0.4669498998 1
0 0.135 -0.355 -0.4299947526 1
0 0.135 -0.345 -0.3875095295 1
0 0.135 -0.335 -0.3400406244 1
0 0.135 -0.325 -0.2881985253 1
0 0.135 -0.315 -0.232649963 1
0 0.135 -0.305 -0.1741093365 2
0 0.135 -0.295 -0.1133295248 2
0 0.135 -0.285 -0.05109220493 2
0 0.135 -0.275 0.01180220149 2
0 0.135 -0.265 0.07454482218 2
0 0.135 -0.255 0.1363287369 2
0 0.135 -0.245 0.1963593552 2
0 0.135 -0.235 0.2538646354 2
0 0.135 -0.225 0.3081050137 2
0 0.135 -0.215 0.3583829155 2
0 0.135 -0.205 0.4040517267 2
0 0.135 -0.195 0.4445241102 2
0 0.135 -0.185 0.4792795585 2
0 0.135 -0.175 0.507871089 2
0 0.135 -0.165 0.5299309918 2
0 0.135 -0.155 0.5451755588 2
0 0.135 -0.145 0.5534087328 2
0 0.135 -0.135 0.5545246285 1
0 0.135 -0.125 0.5485088947 2
0 0.135 -0.115 0.5354388985 2
0 0.135 -0.105 0.5154827305 1
0 0.135 -0.095 0.4888970429 1
0 0.135 -0.085 0.456023749 1
0 0.135 -0.075 0.4172856255 2
0 0.135 -0.065 0.3731808756 2
0 0.135 -0.055 0.3242767216 2
0 0.135 -0.045 0.27120211 2
0 0.135 -0.035 0.2146396228 2
0 0.135 -0.025 0.1553166986 2
0 0.135 -0.015 0.09399627757 2
0 0.135 -0.005 0.03146698939 2
0 0.135 0.005 -0.03146698939 2
0 0.135 0.015 -0.09399627757 2
0 0.135 0.025 -0.1553166986 2
0 0.135 0.035 -0.2146396228 2
0 0.135 0.045 -0.27120211 2
0 0.135 0.055 -0.3242767216 2
0 0.135 0.065 -0.3731808756 2
0 0.135 0.075 -0.4172856255 2
0 0.135 0.085 -0.456023749 2
0 0.135 0.095 -0.4888970429 2
0 0.135 0.105 -0.5154827305 2
0 0.135 0.115 -0.5354388985 2
0 0.135 0.125 -0.5485088947 2
0 0.135 0.135 -0.5545246285 2
0 0.135 0.145 -0.5534087328 2
0 0.135 0.155 -0.5451755588 2
0 0.135 0.165 -0.5299309918 2
0 0.135 0.175 -0.507871089 2
0 0.135 0.185 -0.4792795585 2
0 0.135 0.195 -0.4445241102 2
0 0.135 0.205 -0.4040517267 2
0 0.135 0.215 -0.3583829155 2
0 0.135 0.225 -0.3081050137 2
0 0.135 0.235 -0.2538646354 2
0 0.135 0.245 -0.1963593552 2
0 0.135 0.255 -0.1363287369 2
0 0.135 0.265 -0.07454482218 2
0 0.135 0.275 -0.01180220149 2
0 0.135 0.285 0.05109220493 2
0 0.135 0.295 0.1133295248 2
0 0.135 0.305 0.1741093365 2
0 0.135 0.315 0.232649963 2
0 0.135 0.325 0.2881985253 2
0 0.135 0.335 0.3400406244 2
0 0.135 0.345 0.3875095295 2
0 0.135 0.355 0.4299947526 1
0 0.135 0.365 0.4669498998 1
0 0.135 0.375 0.4978996985 1
0 0.135 0.385 0.5224461094 1
0 0.135 0.395 0.5402734461 1
0 0.135 0.405 0 2
0 0.135 0.415 0 2
0 0.135 0.425 0 2
0 0.135 0.435 0 2
0 0.135 0.445 0 2
0 0.135 0.455 0 2
0 0.135 0.465 0 2
0 0.145 -0.455 0 2
0 0.145 -0.445 0 2
0 0.145 -0.435 0 1
0 0.145 -0.425 0 1
0 0.145 -0.415 0 1
0 0.145 -0.405 0 1
0 0.145 -0.395 -0.5750425121 1
0 0.145 -0.385 -0.5560679047 1
0 0.145 -0.375 -0.5299418201 1
0 0.145 -0.365 -0.4970002604 1
0 0.145 -0.355 -0.4576668806 1
0 0.145 -0.345 -0.4124475391 1
0 0.145 -0.335 -0.361923793 1
0 0.145 -0.325 -0.3067454178 1
0 0.145 -0.315 -0.2476220517 1
0 0.145 -0.305 -0.1853140682 2
0 0.145 -0.295 -0.1206227978 2
0 0.145 -0.285 -0.05438022187 2
0 0.145 -0.275 0.01256172711 2
0 0.145 -0.265 0.07934212225 2
0 0.145 -0.255 0.1451021143 2
0 0.145 -0.245 0.2089959774 2
0 0.145 -0.235 0.2702019852 2
0 0.145 -0.225 0.3279329798 2
0 0.145 -0.215 0.3814464943 2
0 0.145 -0.205 0.4300543024 2
0 0.145 -0.195 0.4731312687 2
0 0.145 -0.185 0.510123389 2
0 0.145 -0.175 0.5405549152 2
0 0.145 -0.165 0.5640344736 2
0 0.145 -0.155 0.5802600982 1
0 0.145 -0.145 0.5890231145 1
0 0.145 -0.135 0.5902108232 1
0 0.145 -0.125 0.5838079495 1
0 0.145 -0.115 0.5698968393 1
0 0.145 -0.105 0.5486564006 1
0 0.145 -0.095 0.5203598025 1
0 0.145 -0.085 0.4853709618 1
0 0.145 -0.075 0.444139863 1
0 0.145 -0.065 0.3971967708 1
0 0.145 -0.055 0.345145411 2
0 0.145 -0.045 0.2886552055 2
0 0.145 -0.035 0.2284526637 2
0 0.145 -0.025 0.1653120381 2
0 0.145 -0.015 0.1000453677 2
0 0.145 -0.005 0.03349203401 2
0 0.145 0.005 -0.03349203401 2
0 0.145 0.015 -0.1000453677 2
0 0.145 0.025 -0.1653120381 2
0 0.145 0.035 -0.2284526637 2
0 0.145 0.045 -0.2886552055 2
0 0.145 0.055 -0.345145411 2
0 0.145 0.065 -0.3971967708 2
0 0.145 0.075 -0.444139863 2
0 0.145 0.085 -0.4853709618 2
0 0.145 0.095 -0.5203598025 2
0 0.145 0.105 -0.5486564006 2
0 0.145 0.115 -0.5698968393 2
0 0.145 0.125 -0.5838079495 2
0 0.145 0.135 -0.5902108232 2
0 0.145 0.145 -0.5890231145 2
0 0.145 0.155 -0.5802600982 2
0 0.145 0.165 -0.5640344736 2
0 0.145 0.175 -0.5405549152 2
0 0.145 0.185 -0.510123389 2
0 0.145 0.195 -0.4731312687 2
0 0.145 0.205 -0.4300543024 2
0 0.145 0.215 -0.3814464943 2
0 0.145 0.225 -0.3279329798 2
0 0.145 0.235 -0.2702019852 2
0 0.145 0.245 -0.2089959774 2
0 0.145 0.255 -0.1451021143 2
0 0.145 0.265 -0.07934212225 2
0 0.145 0.275 -0.01256172711 2
0 0.145 0.285 0.05438022187 2
0 0.145 0.295 0.1206227978 2
0 0.145 0.305 0.1853140682 2
0 0.145 0.315 0.2476220517 2
0 0.145 0.325 0.3067454178 2
0 0.145 0.335 0.361923793 2
0 0.145 0.345 0.4124475391 1
0 0.145 0.355 0.4576668806 1
0 0.145 0.365 0.4970002604 1
0 0.145 0.375 0.5299418201 1
0 0.145 0.385 0.5560679047 1
0 0.145 0.395 0.5750425121 1
0 0.145 0.405 0 1
0 0.145 0.415 0 2
0 0.145 0.425 0 2
0 0.145 0.435 0 2
0 0.145 0.445 0 2
0 0.145 0.455 0 2
0 0.145 0.465 0 2
0 0.155 -0.455 0 2
0 0.155 -0.445 0 2
0 0.155 -0.435 0 2
0 0.155 -0.425 0 2
0 0.155 -0.415 0 2
0 0.155 -0.405 0 2
0 0.155 -0.395 -0.6087197365 2
0 0.155 -0.385 -0.5886338859 2
0 0.155 -0.375 -0.5609777335 2
0 0.155 -0.365 -0.5261069594 1
0 0.155 -0.355 -0.4844700297 1
0 0.155 -0.345 -0.4366024286 1
0 0.155 -0.335 -0.3831197716 1
0 0.155 -0.325 -0.3247098884 1
0 0.155 -0.315 -0.2621239767 1
0 0.155 -0.305 -0.1961669413 2
0 0.155 -0.295 -0.1276870425 2
0 0.155 -0.285 -0.05756498629 2
0 0.155 -0.275 0.01329740159 2
0 0.155 -0.265 0.08398877428 2
0 0.155 -0.255 0.1535999843 2
0 0.155 -0.245 0.2212357758 2
0 0.155 -0.235 0.2860262985 2
0 0.155 -0.225 0.3471382947 2
0 0.155 -0.215 0.4037858152 2
0 0.155 -0.205 0.4552403277 2
0 0.155 -0.195 0.500840086 2
0 0.155 -0.185 0.5399986408 2
0 0.155 -0.175 0.5722123819 2
0 0.155 -0.165 0.5970670149 2
0 0.155 -0.155 0.6142428892 1
0 0.155 -0.145 0.6235191095 1
0 0.155 -0.135 0.6247763761 1
0 0.155 -0.125 0.6179985196 1
0 0.155 -0.115 0.6032727086 1
0 0.155 -0.105 0.5807883288 1
0 0.155 -0.095 0.5508345474 1
0 0.155 -0.085 0.5137965938 1
0 0.155 -0.075 0.4701508057 1
0 0.155 -0.065 0.4204585028 1
0 0.155 -0.055 0.3653587677 1
0 0.155 -0.045 0.3055602272 2
0 0.155 -0.035 0.2418319382 2
0 0.155 -0.025 0.1749934973 2
0 0.155 -0.015 0.1059045003 2
0 0.155 -0.005 0.0354534868 2
0 0.155 0.005 -0.0354534868 2
0 0.155 0.015 -0.1059045003 2
0 0.155 0.025 -0.1749934973 2
0 0.155 0.035 -0.2418319382 2
0 0.155 0.045 -0.3055602272 2
0 0.155 0.055 -0.3653587677 2
0 0.155 0.065 -0.4204585028 2
0 0.155 0.075 -0.4701508057 2
0 0.155 0.085 -0.5137965938 2
0 0.155 0.095 -0.5508345474 2
0 0.155 0.105 -0.5807883288 2
0 0.155 0.115 -0.6032727086 2
0 0.155 0.125 -0.6179985196 2
0 0.155 0.135 -0.6247763761 2
0 0.155 0.145 -0.6235191095 2
0 0.155 0.155 -0.6142428892 2
0 0.155 0.165 -0.5970670149 2
0 0.155 0.175 -0.5722123819 2
0 0.155 0.185 -0.5399986408 2
0 0.155 0.195 -0.500840086 2
0 0.155 0.205 -0.4552403277 2
0 0.155 0.215 -0.4037858152 2
0 0.155 0.225 -0.3471382947 2
0 0.155 0.235 -0.2860262985 2
0 0.155 0.245 -0.2212357758 2
0 0.155 0.255 -0.1535999843 2
0 0.155 0.265 -0.08398877428 2
0 0.155 0.275 -0.01329740159 2
0 0.155 0.285 0.05756498629 2
0 0.155 0.295 0.1276870425 2
0 0.155 0.305 0.1961669413 2
0 0.155 0.315 0.2621239767 2
0 0.155 0.325 0.3247098884 2
0 0.155 0.335 0.3831197716 2
0 0.155 0.345 0.4366024286 1
0 0.155 0.355 0.4844700297 1
0 0.155 0.365 0.5261069594 1
0 0.155 0.375 0.5609777335 1
0 0.155 0.385 0.5886338859 1
0 0.155 0.395 0.6087197365 1
0 0.155 0.405 0 1
0 0.155 0.415 0 2
0 0.155 0.425 0 2
0 0.155 0.435 0 2
0 0.155 0.445 0 2
0 0.155 0.455 0 2
0 0.155 0.465 0 2
0 0.165 -0.455 0 2
0 0.165 -0.445 0 2
0 0.165 -0.435 0 2
0 0.165 -0.425 0 2
0 0.165 -0.415 0 2
0 0.165 -0.405 0 2
0 0.165 -0.395 -0.6412411758 2
0 0.165 -0.385 -0.6200822193 2
0 0.165 -0.375 -0.5909485102 2
0 0.165 -0.365 -0.5542147314 1
0 0.165 -0.355 -0.5103533086 1
0 0.165 -0.345 -0.4599283347 1
0 0.165 -0.335 -0.4035883151 1
0 0.165 -0.325 -0.3420578275 1
0 0.165 -0.315 -0.2761282031 1
0 0.165 -0.305 -0.2066473495 2
0 0.165 -0.295 -0.134508846 2
0 0.165 -0.285 -0.06064045124 2
0 0.165 -0.275 0.01400782811 2
0 0.165 -0.265 0.0884759556 2
0 0.165 -0.255 0.1618062116 2
0 0.165 -0.245 0.2330555106 2
0 0.165 -0.235 0.3013075296 2
0 0.165 -0.225 0.3656844931 2
0 0.165 -0.215 0.4253584621 2
0 0.165 -0.205 0.4795619815 2
0 0.165 -0.195 0.5275979509 2
0 0.165 -0.185 0.5688485893 2
0 0.165 -0.175 0.6027833807 2
0 0.165 -0.165 0.6289658963 2
0 0.165 -0.155 0.6470594083 1
0 0.165 -0.145 0.6568312196 1
0 0.165 -0.135 0.6581556569 1
0 0.165 -0.125 0.6510156869 1
0 0.165 -0.115 0.6355031352 1
0 0.165 -0.105 0.6118175058 1
0 0.165 -0.095 0.5802634147 1
0 0.165 -0.085 0.5412466726 1
0 0.165 -0.075 0.4952690662 1
0 0.165 -0.065 0.442921904 1
0 0.165 -0.055 0.3848784125 1
0 0.165 -0.045 0.3218850772 1
0 0.165 -0.035 0.2547520428 2
0 0.165 -0.025 0.1843426937 2
0 0.165 -0.015 0.1115625504 2
0 0.165 -0.005 0.03734762355 2
0 0.165 0.005 -0.03734762355 2
0 0.165 0.015 -0.1115625504 2
0 0.165 0.025 -0.1843426937 2
0 0.165 0.035 -0.2547520428 2
0 0.165 0.045 -0.3218850772 2
0 0.165 0.055 -0.3848784125 2
0 0.165 0.065 -0.442921904 2
0 0.165 0.075 -0.4952690662 2
0 0.165 0.085 -0.5412466726 2
0 0.165 0.095 -0.5802634147 2
0 0.165 0.105 -0.6118175058 2
0 0.165 0.115 -0.6355031352 2
0 0.165 0.125 -0.6510156869 2
0 0.165 0.135 -0.6581556569 2
0 0.165 0.145 -0.6568312196 2
0 0.165 0.155 -0.6470594083 2
0 0.165 0.165 -0.6289658963 2
0 0.165 0.175 -0.6027833807 2
0 0.165 0.185 -0.5688485893 2
0 0.165 0.195 -0.5275979509 2
0 0.165 0.205 -0.4795619815 2
0 0.165 0.215 -0.4253584621 2
0 0.165 0.225 -0.3656844931 2
0 0.165 0.235 -0.3013075296 2
0 0.165 0.245 -0.2330555106 2
0 0.165 0.255 -0.1618062116 2
0 0.165 0.265 -0.0884759556 2
0 0.165 0.275 -0.01400782811 2
0 0.165 0.285 0.06064045124 2
0 0.165 0.295 0.134508846 2
0 0.165 0.305 0.2066473495 2
0 0.165 0.315 0.2761282031 2
0 0.165 0.325 0.3420578275 2
0 0.165 0.335 0.4035883151 2
0 0.165 0.345 0.4599283347 1
0 0.165 0.355 0.5103533086 1
0 0.165 0.365 0.5542147314 1
0 0.165 0.375 0.5909485102 1
0 0.165 0.385 0.6200822193 1
0 0.165 0.395 0.6412411758 1
0 0.165 0.405 0 1
0 0.165 0.415 0 2
0 0.165 0.425 0 2
0 0.165 0.435 0 2
0 0.165 0.445 0 2
0 0.165 0.455 0 2
0 0.165 0.465 0 2
0 0.175 -0.455 0 2
0 0.175 -0.445 0 2
0 0.175 -0.435 0 2
0 0.175 -0.425 0 2
0 0.175 -0.415 0 2
0 0.175 -0.405 0 2
0 0.175 -0.395 -0.6725450813 2
0 0.175 -0.385 -0.6503531936 2
0 0.175 -0.375 -0.6197972445 2
0 0.175 -0.365 -0.5812702079 2
0 0.175 -0.355 -0.5352675722 1
0 0.175 -0.345 -0.4823809682 1
0 0.175 -0.335 -0.4232905596 1
0 0.175 -0.325 -0.3587562965 1
0 0.175 -0.315 -0.2896081409 2
0 0.175 -0.305 -0.2167353933 2
0 0.175 -0.295 -0.1410752555 2
0 0.175 -0.285 -0.06360077728 2
0 0.175 -0.275 0.01469165775 2
0 0.175 -0.265 0.09279514633 2
0 0.175 -0.255 0.1697052152 2
0 0.175 -0.245 0.2444327395 2
0 0.175 -0.235 0.3160166636 2
0 0.175 -0.225 0.383536361 2
0 0.175 -0.215 0.4461234746 2
0 0.175 -0.205 0.502973084 2
0 0.175 -0.195 0.5533540579 2
0 0.175 -0.185 0.5966184568 2
0 0.175 -0.175 0.6322098658 2
0 0.175 -0.165 0.6596705511 2
0 0.175 -0.155 0.6786473464 1
0 0.175 -0.145 0.6888961948 1
0 0.175 -0.135 0.690285288 1
0 0.175 -0.125 0.6827967612 1
0 0.175 -0.115 0.6665269228 1
0 0.175 -0.105 0.641685016 1
0 0.175 -0.095 0.6085905273 1
0 0.175 -0.085 0.5676690786 1
0 0.175 -0.075 0.5194469521 1
0 0.175 -0.065 0.464544323 1
0 0.175 -0.055 0.403667283 1
0 0.175 -0.045 0.3375987594 1
0 0.175 -0.035 0.2671884461 2
0 0.175 -0.025 0.1933418761 2
0 0.175 -0.015 0.1170087751 2
0 0.175 -0.005 0.03917084782 2
0 0.175 0.005 -0.03917084782 2
0 0.175 0.015 -0.1170087751 2
0 0.175 0.025 -0.1933418761 2
0 0.175 0.035 -0.2671884461 2
0 0.175 0.045 -0.3375987594 2
0 0.175 0.055 -0.403667283 2
0 0.175 0.065 -0.464544323 2
0 0.175 0.075 -0.5194469521 2
0 0.175 0.085 -0.5676690786 2
0 0.175 0.095 -0.6085905273 2
0 0.175 0.105 -0.641685016 2
0 0.175 0.115 -0.6665269228 2
0 0.175 0.125 -0.6827967612 2
0 0.175 0.135 -0.690285288 2
0 0.175 0.145 -0.6888961948 2
0 0.175 0.155 -0.6786473464 2
0 0.175 0.165 -0.6596705511 2
0 0.175 0.175 -0.6322098658 2
0 0.175 0.185 -0.5966184568 2
0 0.175 0.195 -0.5533540579 2
0 0.175 0.205 -0.502973084 2
0 0.175 0.215 -0.4461234746 2
0 0.175 0.225 -0.383536361 2
0 0.175 0.235 -0.3160166636 2
0 0.175 0.245 -0.2444327395 2
0 0.175 0.255 -0.1697052152 2
0 0.175 0.265 -0.09279514633 2
0 0.175 0.275 -0.01469165775 2
0 0.175 0.285 0.06360077728 2
0 0.175 0.295 0.1410752555 2
0 0.175 0.305 0.2167353933 2
0 0.175 0.315 0.2896081409 2
0 0.175 0.325 0.3587562965 2
0 0.175 0.335 0.4232905596 2
0 0.175 0.345 0.4823809682 1
0 0.175 0.355 0.5352675722 1
0 0.175 0.365 0.5812702079 1
0 0.175 0.375 0.6197972445 1
0 0.175 0.385 0.6503531936 1
0 0.175 0.395 0.6725450813 1
0 0.175 0.405 0 1
0 0.175 0.415 0 2
0 0.175 0.425 0 2
0 0.175 0.435 0 2
0 0.175 0.445 0 2
0 0.175 0.455 0 2
0 0.175 0.465 0 2
0 0.185 -0.455 0 2
0 0.185 -0.445 0 2
0 0.185 -0.435 0 2
0 0.185 -0.425 0 2
0 0.185 -0.415 0 2
0 0.185 -0.405 0 2
0 0.185 -0.395 -0.7025720155 2
0 0.185 -0.385 -0.6793893328 2
0 0.185 -0.375 -0.6474691607 2
0 0.185 -0.365 -0.6072220181 2
0 0.185 -0.355 -0.5591655155 2
0 0.185 -0.345 -0.5039176979 2
0 0.185 -0.335 -0.4421890962 2
0 0.185 -0.325 -0.3747735897 2
0 0.185 -0.315 -0.3025381955 2
0 0.185 -0.305 -0.2264119185 2
0 0.185 -0.295 -0.1473738034 2
0 0.185 -0.285 -0.06644034359 2
0 0.185 -0.275 0.01534759213 2
0 0.185 -0.265 0.09693814557 2
0 0.185 -0.255 0.177281997 2
0 0.185 -0.245 0.2553458605 2
0 0.185 -0.235 0.3301257722 2
0 0.185 -0.225 0.4006600029 2
0 0.185 -0.215 0.466041426 2
0 0.185 -0.205 0.5254291842 2
0 0.185 -0.195 0.5780595035 2
0 0.185 -0.185 0.623255516 2
0 0.185 -0.175 0.6604359649 2
0 0.185 -0.165 0.6891226798 2
0 0.185 -0.155 0.7089467268 1
0 0.185 -0.145 0.7196531527 1
0 0.185 -0.135 0.7211042644 1
0 0.185 -0.125 0.7132813994 1
0 0.185 -0.115 0.6962851661 1
0 0.185 -0.105 0.6703341494 1
0 0.185 -0.095 0.6357621003 1
0 0.185 -0.085 0.5930136429 1
0 0.185 -0.075 0.5426385565 1
0 0.185 -0.065 0.485284705 1
0 0.185 -0.055 0.4216897046 1
0 0.185 -0.045 0.3526714378 1
0 0.185 -0.035 0.2791175348 1
0 0.185 -0.025 0.2019739573 2
0 0.185 -0.015 0.1222328335 2
0 0.185 -0.005 0.04091969783 2
0 0.185 0.005 -0.04091969783 2
0 0.185 0.015 -0.1222328335 2
0 0.185 0.025 -0.2019739573 2
0 0.185 0.035 -0.2791175348 2
0 0.185 0.045 -0.3526714378 2
0 0.185 0.055 -0.4216897046 2
0 0.185 0.065 -0.485284705 2
0 0.185 0.075 -0.5426385565 2
0 0.185 0.085 -0.5930136429 2
0 0.185 0.095 -0.6357621003 2
0 0.185 0.105 -0.6703341494 2
0 0.185 0.115 -0.6962851661 2
0 0.185 0.125 -0.7132813994 2
0 0.185 0.135 -0.7211042644 2
0 0.185 0.145 -0.7196531527 2
0 0.185 0.155 -0.7089467268 2
0 0.185 0.165 -0.6891226798 2
0 0.185 0.175 -0.6604359649 2
0 0.185 0.185 -0.623255516 2
0 0.185 0.195 -0.5780595035 2
0 0.185 0.205 -0.5254291842 2
0 0.185 0.215 -0.466041426 2
0 0.185 0.225 -0.4006600029 2
0 0.185 0.235 -0.3301257722 2
0 0.185 0.245 -0.2553458605 2
0 0.185 0.255 -0.177281997 2
0 0.185 0.265 -0.09693814557 2
0 0.185 0.275 -0.01534759213 2
0 0.185 0.285 0.06644034359 2
0 0.185 0.295 0.1473738034 2
0 0.185 0.305 0.2264119185 2
0 0.185 0.315 0.3025381955 2
0 0.185 0.325 0.3747735897 2
0 0.185 0.335 0.4421890962 2
0 0.185 0.345 0.5039176979 1
0 0.185 0.355 0.5591655155 1
0 0.185 0.365 0.6072220181 1
0 0.185 0.375 0.6474691607 1
0 0.185 0.385 0.6793893328 1
0 0.185 0.395 0.7025720155 1
0 0.185 0.405 0 1
0 0.185 0.415 0 2
0 0.185 0.425 0 2
0 0.185 0.435 0 2
0 0.185 0.445 0 2
0 0.185 0.455 0 2
0 0.185 0.465 0 2
0 0.195 -0.455 0 2
0 0.195 -0.445 0 2
0 0.195 -0.435 0 2
0 0.195 -0.425 0 2
0 0.195 -0.415 0 2
0 0.195 -0.405 0 2
0 0.195 -0.395 -0.7312649661 2
0 0.195 -0.385 -0.7071355056 2
0 0.195 -0.375 -0.6739117178 2
0 0.195 -0.365 -0.6320208871 2
0 0.195 -0.355 -0.5820017631 2
0 0.195 -0.345 -0.5244976317 2
0 0.195 -0.335 -0.4602480419 2
0 0.195 -0.325 -0.3900792948 2
0 0.195 -0.315 -0.3148938164 2
0 0.195 -0.305 -0.2356585521 2
0 0.195 -0.295 -0.1533925306 2
0 0.195 -0.285 -0.06915375866 2
0 0.195 -0.275 0.01597438582 2
0 0.195 -0.265 0.1008970869 2
0 0.195 -0.255 0.184522171 2
0 0.195 -0.245 0.2657741525 2
0 0.195 -0.235 0.3436080662 2
0 0.195 -0.225 0.4170229058 2
0 0.195 -0.215 0.4850744978 2
0 0.195 -0.205 0.5468876444 2
0 0.195 -0.195 0.6016673792 2
0 0.195 -0.185 0.648709191 2
0 0.195 -0.175 0.6874080845 2
0 0.195 -0.165 0.7172663612 2
0 0.195 -0.155 0.7379000197 2
0 0.195 -0.145 0.7490436947 1
0 0.195 -0.135 0.7505540696 1
0 0.195 -0.125 0.7424117199 1
0 0.195 -0.115 0.7247213625 1
0 0.195 -0.105 0.6977105097 1
0 0.195 -0.095 0.6617265426 1
0 0.195 -0.085 0.6172322437 1
0 0.195 -0.075 0.5647998453 1
0 0.195 -0.065 0.5051036698 1
0 0.195 -0.055 0.4389114578 1
0 0.195 -0.045 0.3670744939 1
0 0.195 -0.035 0.2905166589 1
0 0.195 -0.025 0.2102225477 2
0 0.195 -0.015 0.1272248067 2
0 0.195 -0.005 0.04259085302 2
0 0.195 0.005 -0.04259085302 2
0 0.195 0.015 -0.1272248067 2
0 0.195 0.025 -0.2102225477 2
0 0.195 0.035 -0.2905166589 2
0 0.195 0.045 -0.3670744939 2
0 0.195 0.055 -0.4389114578 2
0 0.195 0.065 -0.5051036698 2
0 0.195 0.075 -0.5647998453 2
0 0.195 0.085 -0.6172322437 2
0 0.195 0.095 -0.6617265426 2
0 0.195 0.105 -0.6977105097 2
0 0.195 0.115 -0.7247213625 2
0 0.195 0.125 -0.7424117199 2
0 0.195 0.135 -0.7505540696 2
0 0.195 0.145 -0.7490436947 2
0 0.195 0.155 -0.7379000197 2
0 0.195 0.165 -0.7172663612 2
0 0.195 0.175 -0.6874080845 2
0 0.195 0.185 -0.648709191 2
0 0.195 0.195 -0.6016673792 2
0 0.195 0.205 -0.5468876444 2
0 0.195 0.215 -0.4850744978 2
0 0.195 0.225 -0.4170229058 2
0 0.195 0.235 -0.3436080662 2
0 0.195 0.245 -0.2657741525 2
0 0.195 0.255 -0.184522171 2
0 0.195 0.265 -0.1008970869 2
0 0.195 0.275 -0.01597438582 2
0 0.195 0.285 0.06915375866 2
0 0.195 0.295 0.1533925306 2
0 0.195 0.305 0.2356585521 2
0 0.195 0.315 0.3148938164 2
0 0.195 0.325 0.3900792948 2
0 0.195 0.335 0.4602480419 2
0 0.195 0.345 0.5244976317 1
0 0.195 0.355 0.5820017631 1
0 0.195 0.365 0.6320208871 1
0 0.195 0.375 0.6739117178 1
0 0.195 0.385 0.7071355056 1
0 0.195 0.395 0.7312649661 1
0 0.195 0.405 0 1
0 0.195 0.415 0 2
0 0.195 0.425 0 2
0 0.195 0.435 0 2
0 0.195 0.445 0 2
0 0.195 0.455 0 2
0 0.195 0.465 0 2
0 0.205 -0.455 0 2
0 0.205 -0.445 0 2
0 0.205 -0.435 0 2
0 0.205 -0.425 0 2
0 0.205 -0.415 0 2
0 0.205 -0.405 0 2
0 0.205 -0.395 -0.7585694532 2
0 0.205 -0.385 -0.7335390299 2
0 0.205 -0.375 -0.6990747088 2
0 0.205 -0.365 -0.6556197288 2
0 0.205 -0.355 -0.6037329555 2
0 0.205 -0.345 -0.5440816943 2
0 0.205 -0.335 -0.477433108 2
0 0.205 -0.325 -0.4046443506 2
0 0.205 -0.315 -0.3266515438 2
0 0.205 -0.305 -0.2444577373 2
0 0.205 -0.295 -0.1591200091 2
0 0.205 -0.285 -0.07173587048 2
0 0.205 -0.275 0.01657084871 2
0 0.205 -0.265 0.1046644535 2
0 0.205 -0.255 0.1914119899 2
0 0.205 -0.245 0.2756978153 2
0 0.205 -0.235 0.3564379466 2
0 0.205 -0.225 0.4325940012 2
0 0.205 -0.215 0.5031865516 2
0 0.205 -0.205 0.567307721 2
0 0.205 -0.195 0.6241328602 2
0 0.205 -0.185 0.6729311523 2
0 0.205 -0.175 0.7130750125 2
0 0.205 -0.165 0.7440481586 2
0 0.205 -0.155 0.7654522512 2
0 0.205 -0.145 0.7770120166 1
0 0.205 -0.135 0.7785787869 1
0 0.205 -0.125 0.7701324123 1
0 0.205 -0.115 0.7517815199 1
0 0.205 -0.105 0.7237621169 1
0 0.205 -0.095 0.686434555 1
0 0.205 -0.085 0.6402788966 1
0 0.205 -0.075 0.5858887403 1
0 0.205 -0.065 0.5239635869 1
0 0.205 -0.055 0.4552998434 1
0 0.205 -0.045 0.3807805803 1
0 0.205 -0.035 0.3013641749 1
0 0.205 -0.025 0.2180719855 2
0 0.205 -0.015 0.1319752163 2
0 0.205 -0.005 0.04418114033 2
0 0.205 0.005 -0.04418114033 2
0 0.205 0.015 -0.1319752163 2
0 0.205 0.025 -0.2180719855 2
0 0.205 0.035 -0.3013641749 2
0 0.205 0.045 -0.3807805803 2
0 0.205 0.055 -0.4552998434 2
0 0.205 0.065 -0.5239635869 2
0 0.205 0.075 -0.5858887403 2
0 0.205 0.085 -0.6402788966 2
0 0.205 0.095 -0.686434555 2
0 0.205 0.105 -0.7237621169 2
0 0.205 0.115 -0.7517815199 2
0 0.205 0.125 -0.7701324123 2
0 0.205 0.135 -0.7785787869 2
0 0.205 0.145 -0.7770120166 2
0 0.205 0.155 -0.7654522512 2
0 0.205 0.165 -0.7440481586 2
0 0.205 0.175 -0.7130750125 2
0 0.205 0.185 -0.6729311523 2
0 0.205 0.195 -0.6241328602 2
0 0.205 0.205 -0.567307721 2
0 0.205 0.215 -0.5031865516 2
0 0.205 0.225 -0.4325940012 2
0 0.205 0.235 -0.3564379466 2
0 0.205 0.245 -0.2756978153 2
0 0.205 0.255 -0.1914119899 2
0 0.205 0.265 -0.1046644535 2
0 0.205 0.275 -0.01657084871 2
0 0.205 0.285 0.07173587048 2
0 0.205 0.295 0.1591200091 2
0 0.205 0.305 0.2444577373 2
0 0.205 0.315 0.3266515438 2
0 0.205 0.325 0.4046443506 2
0 0.205 0.335 0.477433108 2
0 0.205 0.345 0.5440816943 1
0 0.205 0.355 0.6037329555 1
0 0.205 0.365 0.6556197288 1
0 0.205 0.375 0.6990747088 1
0 0.205 0.385 0.7335390299 1
0 0.205 0.395 0.7585694532 1
0 0.205 0.405 0 1
0 0.205 0.415 0 2
0 0.205 0.425 0 2
0 0.205 0.435 0 2
0 0.205 0.445 0 2
0 0.205 0.455 0 2
0 0.205 0.465 0 2
0 0.215 -0.455 0 2
0 0.215 -0.445 0 2
0 0.215 -0.435 0 2
0 0.215 -0.425 0 2
0 0.215 -0.415 0 2
0 0.215 -0.405 0 2
0 0.215 -0.395 -0.7844336335 2
0 0.215 -0.385 -0.758549773 2
0 0.215 -0.375 -0.7229103566 2
0 0.215 -0.365 -0.6779737358 2
0 0.215 -0.355 -0.6243178313 2
0 0.215 -0.345 -0.562632701 2
0 0.215 -0.335 -0.4937116648 2
0 0.215 -0.325 -0.4184411024 2
0 0.215 -0.315 -0.3377890532 2
0 0.215 -0.305 -0.2527927671 2
0 0.215 -0.295 -0.1645453641 2
0 0.215 -0.285 -0.07418177636 2
0 0.215 -0.275 0.01713584828 2
0 0.215 -0.265 0.1082330922 2
0 0.215 -0.255 0.1979383722 2
0 0.215 -0.245 0.2850980066 2
0 0.215 -0.235 0.368591053 2
0 0.215 -0.225 0.4473437241 2
0 0.215 -0.215 0.5203431977 2
0 0.215 -0.205 0.5866506422 2
0 0.215 -0.195 0.645413291 2
0 0.215 -0.185 0.6958754095 2
0 0.215 -0.175 0.7373880145 2
0 0.215 -0.165 0.7694172209 2
0 0.215 -0.155 0.7915511073 2
0 0.215 -0.145 0.8035050144 2
0 0.215 -0.135 0.8051252053 1
0 0.215 -0.125 0.7963908432 1
0 0.215 -0.115 0.7774142589 1
0 0.215 -0.105 0.7484395064 1
0 0.215 -0.095 0.7098392241 1
0 0.215 -0.085 0.6621098426 1
0 0.215 -0.075 0.6058651998 1
0 0.215 -0.065 0.5418286467 1
0 0.215 -0.055 0.4708237446 1
0 0.215 -0.045 0.393763673 1
0 0.215 -0.035 0.3116394863 1
0 0.215 -0.025 0.2255073668 2
0 0.215 -0.015 0.1364750426 2
0 0.215 -0.005 0.04568754027 2
0 0.215 0.005 -0.04568754027 2
0 0.215 0.015 -0.1364750426 2
0 0.215 0.025 -0.2255073668 2
0 0.215 0.035 -0.3116394863 2
0 0.215 0.045 -0.393763673 2
0 0.215 0.055 -0.4708237446 2
0 0.215 0.065 -0.5418286467 2
0 0.215 0.075 -0.6058651998 2
0 0.215 0.085 -0.6621098426 2
0 0.215 0.095 -0.7098392241 2
0 0.215 0.105 -0.7484395064 2
0 0.215 0.115 -0.7774142589 2
0 0.215 0.125 -0.7963908432 2
0 0.215 0.135 -0.8051252053 2
0 0.215 0.145 -0.8035050144 2
0 0.215 0.155 -0.7915511073 2
0 0.215 0.165 -0.7694172209 2
0 0.215 0.175 -0.7373880145 2
0 0.215 0.185 -0.6958754095 2
0 0.215 0.195 -0.645413291 2
0 0.215 0.205 -0.5866506422 2
0 0.215 0.215 -0.5203431977 2
0 0.215 0.225 -0.4473437241 2
0 0.215 0.235 -0.368591053 2
0 0.215 0.245 -0.2850980066 2
0 0.215 0.255 -0.1979383722 2
0 0.215 0.265 -0.1082330922 2
0 0.215 0.275 -0.01713584828 2
0 0.215 0.285 0.07418177636 2
0 0.215 0.295 0.1645453641 2
0 0.215 0.305 0.2527927671 2
0 0.215 0.315 0.3377890532 2
0 0.215 0.325 0.4184411024 2
0 0.215 0.335 0.4937116648 2
0 0.215 0.345 0.562632701 2
0 0.215 0.355 0.6243178313 1
0 0.215 0.365 0.6779737358 1
0 0.215 0.375 0.7229103566 1
0 0.215 0.385 0.758549773 1
0 0.215 0.395 0.7844336335 1
0 0.215 0.405 0 2
0 0.215 0.415 0 2
0 0.215 0.425 0 2
0 0.215 0.435 0 2
0 0.215 0.445 0 2
0 0.215 0.455 0 2
0 0.215 0.465 0 2
0 0.225 -0.455 0 2
0 0.225 -0.445 0 2
0 0.225 -0.435 0 2
0 0.225 -0.425 0 1
0 0.225 -0.415 0 1
0 0.225 -0.405 0 1
0 0.225 -0.395 -0.8088083982 1
0 0.225 -0.385 -0.7821202465 2
0 0.225 -0.375 -0.7453734039 2
0 0.225 -0.365 -0.6990404642 2
0 0.225 -0.355 -0.6437173058 2
0 0.225 -0.345 -0.5801154288 2
0 0.225 -0.335 -0.5090528041 2
0 0.225 -0.325 -0.4314433539 2
0 0.225 -0.315 -0.3482851976 2
0 0.225 -0.305 -0.2606478156 2
0 0.225 -0.295 -0.1696582945 2
0 0.225 -0.285 -0.07648683222 2
0 0.225 -0.275 0.01766831177 2
0 0.225 -0.265 0.1115962272 2
0 0.225 -0.255 0.204088926 2
0 0.225 -0.245 0.2939568782 2
0 0.225 -0.235 0.3800443102 2
0 0.225 -0.225 0.461244069 2
0 0.225 -0.215 0.5365118606 2
0 0.225 -0.205 0.6048796813 2
0 0.225 -0.195 0.6654682663 2
0 0.225 -0.185 0.7174983979 2
0 0.225 -0.175 0.7603009272 2
0 0.225 -0.165 0.7933253794 2
0 0.225 -0.155 0.8161470338 2
0 0.225 -0.145 0.8284723855 2
0 0.225 -0.135 0.8301429208 2
0 0.225 -0.125 0.8211371552 1
0 0.225 -0.115 0.80157091 1
0 0.225 -0.105 0.7716958229 1
0 0.225 -0.095 0.7318961112 1
0 0.225 -0.085 0.6826836311 1
0 0.225 -0.075 0.6246912943 1
0 0.225 -0.065 0.5586649286 1
0 0.225 -0.055 0.4854536858 1
0 0.225 -0.045 0.405999121 1
0 0.225 -0.035 0.3213230832 1
0 0.225 -0.025 0.232514574 2
0 0.225 -0.015 0.1407157417 2
0 0.225 -0.005 0.04710719261 2
0 0.225 0.005 -0.04710719261 2
0 0.225 0.015 -0.1407157417 2
0 0.225 0.025 -0.232514574 2
0 0.225 0.035 -0.3213230832 2
0 0.225 0.045 -0.405999121 2
0 0.225 0.055 -0.4854536858 2
0 0.225 0.065 -0.5586649286 2
0 0.225 0.075 -0.6246912943 2
0 0.225 0.085 -0.6826836311 2
0 0.225 0.095 -0.7318961112 2
0 0.225 0.105 -0.7716958229 2
0 0.225 0.115 -0.80157091 2
0 0.225 0.125 -0.8211371552 2
0 0.225 0.135 -0.8301429208 2
0 0.225 0.145 -0.8284723855 2
0 0.225 0.155 -0.8161470338 2
0 0.225 0.165 -0.7933253794 2
0 0.225 0.175 -0.7603009272 2
0 0.225 0.185 -0.7174983979 2
0 0.225 0.195 -0.6654682663 2
0 0.225 0.205 -0.6048796813 2
0 0.225 0.215 -0.5365118606 2
0 0.225 0.225 -0.461244069 2
0 0.225 0.235 -0.3800443102 2
0 0.225 0.245 -0.2939568782 2
0 0.225 0.255 -0.204088926 2
0 0.225 0.265 -0.1115962272 2
0 0.225 0.275 -0.01766831177 2
0 0.225 0.285 0.07648683222 2
0 0.225 0.295 0.1696582945 2
0 0.225 0.305 0.2606478156 2
0 0.225 0.315 0.3482851976 2
0 0.225 0.325 0.4314433539 2
0 0.225 0.335 0.5090528041 2
0 0.225 0.345 0.5801154288 2
0 0.225 0.355 0.6437173058 1
0 0.225 0.365 0.6990404642 1
0 0.225 0.375 0.7453734039 1
0 0.225 0.385 0.7821202465 1
0 0.225 0.395 0.8088083982 1
0 0.225 0.405 0 2
0 0.225 0.415 0 2
0 0.225 0.425 0 2
0 0.225 0.435 0 2
0 0.225 0.445 0 2
0 0.225 0.455 0 2
0 0.225 0.465 0 2
0 0.235 -0.455 0 2
0 0.235 -0.445 0 2
0 0.235 -0.435 0 1
0 0.235 -0.425 0 1
0 0.235 -0.415 0 1
0 0.235 -0.405 0 1
0 0.235 -0.395 -0.8316474666 1
0 0.235 -0.385 -0.804205697 1
0 0.235 -0.375 -0.7664212 2
0 0.235 -0.365 -0.7187799142 2
0 0.235 -0.355 -0.6618945448 2
0 0.235 -0.345 -0.596496683 2
0 0.235 -0.335 -0.5234273975 2
0 0.235 -0.325 -0.4436264177 2
0 0.235 -0.315 -0.3581200479 2
0 0.235 -0.305 -0.2680079683 2
0 0.235 -0.295 -0.1744490922 2
0 0.235 -0.285 -0.07864666142 2
0 0.235 -0.275 0.01816722818 2
0 0.235 -0.265 0.1147474727 2
0 0.235 -0.255 0.2098519731 2
0 0.235 -0.245 0.3022576096 2
0 0.235 -0.235 0.3907759718 2
0 0.235 -0.225 0.474268643 2
0 0.235 -0.215 0.5516618407 2
0 0.235 -0.205 0.6219602266 2
0 0.235 -0.195 0.6842597073 2
0 0.235 -0.185 0.7377590617 2
0 0.235 -0.175 0.7817702455 2
0 0.235 -0.165 0.8157272396 2
0 0.235 -0.155 0.83919333 2
0 0.235 -0.145 0.8518667241 2
0 0.235 -0.135 0.8535844318 2
0 0.235 -0.125 0.8443243621 2
0 0.235 -0.115 0.8242056068 2
0 0.235 -0.105 0.7934869093 2
0 0.235 -0.095 0.7525633365 1
0 0.235 -0.085 0.7019611982 2
0 0.235 -0.075 0.6423312783 2
0 0.235 -0.065 0.5744404653 1
0 0.235 -0.055 0.4991618891 1
0 0.235 -0.045 0.4174636925 1
0 0.235 -0.035 0.3303965794 2
0 0.235 -0.025 0.2390803024 2
0 0.235 -0.015 0.1446892619 2
0 0.235 -0.005 0.04843740184 2
0 0.235 0.005 -0.04843740184 2
0 0.235 0.015 -0.1446892619 2
0 0.235 0.025 -0.2390803024 2
0 0.235 0.035 -0.3303965794 2
0 0.235 0.045 -0.4174636925 2
0 0.235 0.055 -0.4991618891 2
0 0.235 0.065 -0.5744404653 2
0 0.235 0.075 -0.6423312783 2
0 0.235 0.085 -0.7019611982 2
0 0.235 0.095 -0.7525633365 2
0 0.235 0.105 -0.7934869093 2
0 0.235 0.115 -0.8242056068 2
0 0.235 0.125 -0.8443243621 2
0 0.235 0.135 -0.8535844318 2
0 0.235 0.145 -0.8518667241 2
0 0.235 0.155 -0.83919333 2
0 0.235 0.165 -0.8157272396 2
0 0.235 0.175 -0.7817702455 2
0 0.235 0.185 -0.7377590617 2
0 0.235 0.195 -0.6842597073 2
0 0.235 0.205 -0.6219602266 2
0 0.235 0.215 -0.5516618407 2
0 0.235 0.225 -0.474268643 2
0 0.235 0.235 -0.3907759718 2
0 0.235 0.245 -0.3022576096 2
0 0.235 0.255 -0.2098519731 2
0 0.235 0.265 -0.1147474727 2
0 0.235 0.275 -0.01816722818 2
0 0.235 0.285 0.07864666142 2
0 0.235 0.295 0.1744490922 2
0 0.235 0.305 0.2680079683 2
0 0.235 0.315 0.3581200479 2
0 0.235 0.325 0.4436264177 2
0 0.235 0.335 0.5234273975 2
0 0.235 0.345 0.596496683 2
0 0.235 0.355 0.6618945448 2
0 0.235 0.365 0.7187799142 2
0 0.235 0.375 0.7664212 2
0 0.235 0.385 0.804205697 2
0 0.235 0.395 0.8316474666 2
0 0.235 0.405 0 2
0 0.235 0.415 0 2
0 0.235 0.425 0 2
0 0.235 0.435 0 2
0 0.235 0.445 0 2
0 0.235 0.455 0 2
0 0.235 0.465 0 2
0 0.245 -0.455 0 2
0 0.245 -0.445 0 2
0 0.245 -0.435 0 1
0 0.245 -0.425 0 1
0 0.245 -0.415 0 1
0 0.245 -0.405 0 1
0 0.245 -0.395 -0.8529074739 1
0 0.245 -0.385 -0.8247641904 1
0 0.245 -0.375 -0.7860137809 2
0 0.245 -0.365 -0.7371546064 2
0 0.245 -0.355 -0.678815035 2
0 0.245 -0.345 -0.6117453603 2
0 0.245 -0.335 -0.5368081516 2
0 0.245 -0.325 -0.4549671615 2
0 0.245 -0.315 -0.3672749303 2
0 0.245 -0.305 -0.2748592503 2
0 0.245 -0.295 -0.1789086608 2
0 0.245 -0.285 -0.08065716306 2
0 0.245 -0.275 0.01863165021 2
0 0.245 -0.265 0.1176808456 2
0 0.245 -0.255 0.2152165713 2
0 0.245 -0.245 0.30998444 2
0 0.245 -0.235 0.4007656613 2
0 0.245 -0.225 0.4863927162 2
0 0.245 -0.215 0.5657643723 2
0 0.245 -0.205 0.6378598468 2
0 0.245 -0.195 0.7017519344 2
0 0.245 -0.185 0.7566189316 2
0 0.245 -0.175 0.8017552052 2
0 0.245 -0.165 0.8365802666 2
0 0.245 -0.155 0.8606462377 2
0 0.245 -0.145 0.8736436109 2
0 0.245 -0.135 0.8754052296 2
0 0.245 -0.125 0.865908438 2
0 0.245 -0.115 0.8452753724 2
0 0.245 -0.105 0.8137713906 2
0 0.245 -0.095 0.7718016588 2
0 0.245 -0.085 0.7199059413 2
0 0.245 -0.075 0.6587516586 2
0 0.245 -0.065 0.5891253035 2
0 0.245 -0.055 0.5119223265 2
0 0.245 -0.045 0.4281356196 2
0 0.245 -0.035 0.3388427467 2
0 0.245 -0.025 0.2451920856 2
0 0.245 -0.015 0.1483880584 2
0 0.245 -0.005 0.04967564227 2
0 0.245 0.005 -0.04967564227 2
0 0.245 0.015 -0.1483880584 2
0 0.245 0.025 -0.2451920856 2
0 0.245 0.035 -0.3388427467 2
0 0.245 0.045 -0.4281356196 2
0 0.245 0.055 -0.5119223265 2
0 0.245 0.065 -0.5891253035 2
0 0.245 0.075 -0.6587516586 2
0 0.245 0.085 -0.7199059413 2
0 0.245 0.095 -0.7718016588 2
0 0.245 0.105 -0.8137713906 2
0 0.245 0.115 -0.8452753724 2
0 0.245 0.125 -0.865908438 2
0 0.245 0.135 -0.8754052296 2
0 0.245 0.145 -0.8736436109 2
0 0.245 0.155 -0.8606462377 2
0 0.245 0.165 -0.8365802666 2
0 0.245 0.175 -0.8017552052 2
0 0.245 0.185 -0.7566189316 2
0 0.245 0.195 -0.7017519344 2
0 0.245 0.205 -0.6378598468 2
0 0.245 0.215 -0.5657643723 2
0 0.245 0.225 -0.4863927162 2
0 0.245 0.235 -0.4007656613 2
0 0.245 0.245 -0.30998444 2
0 0.245 0.255 -0.2152165713 2
0 0.245 0.265 -0.1176808456 2
0 0.245 0.275 -0.01863165021 2
0 0.245 0.285 0.08065716306 2
0 0.245 0.295 0.1789086608 2
0 0.245 0.305 0.2748592503 2
0 0.245 0.315 0.3672749303 2
0 0.245 0.325 0.4549671615 2
0 0.245 0.335 0.5368081516 2
0 0.245 0.345 0.6117453603 2
0 0.245 0.355 0.678815035 2
0 0.245 0.365 0.7371546064 2
0 0.245 0.375 0.7860137809 2
0 0.245 0.385 0.8247641904 2
0 0.245 0.395 0.8529074739 2
0 0.245 0.405 0 2
0 0.245 0.415 0 2
0 0.245 0.425 0 2
0 0.245 0.435 0 2
0 0.245 0.445 0 2
0 0.245 0.455 0 2
0 0.245 0.465 0 2
0 0.255 -0.455 0 2
0 0.255 -0.445 0 2
0 0.255 -0.435 0 1
0 0.255 -0.425 0 1
0 0.255 -0.415 0 1
0 0.255 -0.405 0 1
0 0.255 -0.395 -0.8725480533 1
0 0.255 -0.385 -0.8437566921 1
0 0.255 -0.375 -0.804113946 1
0 0.255 -0.365 -0.7541296524 2
0 0.255 -0.355 -0.6944466493 2
0 0.255 -0.345 -0.6258325077 2
0 0.255 -0.335 -0.5491696603 2
0 0.255 -0.325 -0.4654440525 2
0 0.255 -0.315 -0.3757324626 2
0 0.255 -0.305 -0.2811886531 2
0 0.255 -0.295 -0.183028533 2
0 0.255 -0.285 -0.08251451977 2
0 0.255 -0.275 0.01906069605 2
0 0.255 -0.265 0.1203907761 2
0 0.255 -0.255 0.2201725346 2
0 0.255 -0.245 0.3171226985 2
0 0.255 -0.235 0.4099944113 2
0 0.255 -0.225 0.4975932685 2
0 0.255 -0.215 0.578792679 2
0 0.255 -0.205 0.6525483534 2
0 0.255 -0.195 0.7179117348 2
0 0.255 -0.185 0.7740421981 2
0 0.255 -0.175 0.8202178606 2
0 0.255 -0.165 0.8558448664 2
0 0.255 -0.155 0.8804650238 2
0 0.255 -0.145 0.8937616979 2
0 0.255 -0.135 0.8955638828 2
0 0.255 -0.125 0.885848401 2
0 0.255 -0.115 0.8647402014 2
0 0.255 -0.105 0.8325107523 2
0 0.255 -0.095 0.78957455 2
0 0.255 -0.085 0.7364837886 2
0 0.255 -0.075 0.6739212575 2
0 0.255 -0.065 0.6026915608 2
0 0.255 -0.055 0.5237107694 2
0 0.255 -0.045 0.4379946393 2
0 0.255 -0.035 0.3466455484 2
0 0.255 -0.025 0.2508383189 2
0 0.255 -0.015 0.1518051083 2
0 0.255 -0.005 0.05081956283 2
0 0.255 0.005 -0.05081956283 2
0 0.255 0.015 -0.1518051083 2
0 0.255 0.025 -0.2508383189 2
0 0.255 0.035 -0.3466455484 2
0 0.255 0.045 -0.4379946393 2
0 0.255 0.055 -0.5237107694 2
0 0.255 0.065 -0.6026915608 2
0 0.255 0.075 -0.6739212575 2
0 0.255 0.085 -0.7364837886 2
0 0.255 0.095 -0.78957455 2
0 0.255 0.105 -0.8325107523 2
0 0.255 0.115 -0.8647402014 2
0 0.255 0.125 -0.885848401 2
0 0.255 0.135 -0.8955638828 2
0 0.255 0.145 -0.8937616979 2
0 0.255 0.155 -0.8804650238 2
0 0.255 0.165 -0.8558448664 2
0 0.255 0.175 -0.8202178606 2
0 0.255 0.185 -0.7740421981 2
0 0.255 0.195 -0.7179117348 2
0 0.255 0.205 -0.6525483534 2
0 0.255 0.215 -0.578792679 2
0 0.255 0.225 -0.4975932685 2
0 0.255 0.235 -0.4099944113 2
0 0.255 0.245 -0.3171226985 2
0 0.255 0.255 -0.2201725346 2
0 0.255 0.265 -0.1203907761 2
0 0.255 0.275 -0.01906069605 2
0 0.255 0.285 0.08251451977 2
0 0.255 0.295 0.183028533 2
0 0.255 0.305 0.2811886531 2
0 0.255 0.315 0.3757324626 2
0 0.255 0.325 0.4654440525 2
0 0.255 0.335 0.5491696603 2
0 0.255 0.345 0.6258325077 2
0 0.255 0.355 0.6944466493 2
0 0.255 0.365 0.7541296524 2
0 0.255 0.375 0.804113946 2
0 0.255 0.385 0.8437566921 2
0 0.255 0.395 0.8725480533 2
0 0.255 0.405 0 2
0 0.255 0.415 0 2
0 0.255 0.425 0 2
0 0.255 0.435 0 2
0 0.255 0.445 0 2
0 0.255 0.455 0 2
0 0.255 0.465 0 2
0 0.265 -0.455 0 2
0 0.265 -0.445 0 2
0 0.265 -0.435 0 1
0 0.265 -0.425 0 1
0 0.265 -0.415 0 1
0 0.265 -0.405 0 1
0 0.265 -0.395 -0.8905319131 1
0 0.265 -0.385 -0.8611471406 1
0 0.265 -0.375 -0.8206873282 1
0 0.265 -0.365 -0.7696728215 2
0 0.265 -0.355 -0.7087597076 2
0 0.265 -0.345 -0.6387313779 2
0 0.265 -0.335 -0.5604884526 2
0 0.265 -0.325 -0.4750371982 2
0 0.265 -0.315 -0.3834765861 2
0 0.265 -0.305 -0.2869841589 2
0 0.265 -0.295 -0.1868008862 2
0 0.265 -0.285 -0.08421520496 2
0 0.265 -0.275 0.01945355107 2
0 0.265 -0.265 0.1228721189 2
0 0.265 -0.255 0.2247104532 2
0 0.265 -0.245 0.3236588315 2
0 0.265 -0.235 0.4184446989 2
0 0.265 -0.225 0.5078490333 2
0 0.265 -0.215 0.5907220235 2
0 0.265 -0.205 0.6659978568 2
0 0.265 -0.195 0.7327084259 2
0 0.265 -0.185 0.7899957794 2
0 0.265 -0.175 0.8371231564 2
0 0.265 -0.165 0.8734844611 2
0 0.265 -0.155 0.8986120581 2
0 0.265 -0.145 0.9121827865 2
0 0.265 -0.135 0.9140221158 2
0 0.265 -0.125 0.9041063907 2
0 0.265 -0.115 0.8825631356 2
0 0.265 -0.105 0.8496694137 2
0 0.265 -0.095 0.8058482646 2
0 0.265 -0.085 0.7516632633 2
0 0.265 -0.075 0.6878112723 2
0 0.265 -0.065 0.615113479 2
0 0.265 -0.055 0.5345048352 2
0 0.265 -0.045 0.4470220323 2
0 0.265 -0.035 0.3537901692 2
0 0.265 -0.025 0.2560082819 2
0 0.265 -0.015 0.1549339237 2
0 0.265 -0.005 0.05186699155 2
0 0.265 0.005 -0.05186699155 2
0 0.265 0.015 -0.1549339237 2
0 0.265 0.025 -0.2560082819 2
0 0.265 0.035 -0.3537901692 2
0 0.265 0.045 -0.4470220323 2
0 0.265 0.055 -0.5345048352 2
0 0.265 0.065 -0.615113479 2
0 0.265 0.075 -0.6878112723 2
0 0.265 0.085 -0.7516632633 2
0 0.265 0.095 -0.8058482646 2
0 0.265 0.105 -0.8496694137 2
0 0.265 0.115 -0.8825631356 2
0 0.265 0.125 -0.9041063907 2
0 0.265 0.135 -0.9140221158 2
0 0.265 0.145 -0.9121827865 2
0 0.265 0.155 -0.8986120581 2
0 0.265 0.165 -0.8734844611 2
0 0.265 0.175 -0.8371231564 2
0 0.265 0.185 -0.7899957794 2
0 0.265 0.195 -0.7327084259 2
0 0.265 0.205 -0.6659978568 2
0 0.265 0.215 -0.5907220235 2
0 0.265 0.225 -0.5078490333 2
0 0.265 0.235 -0.4184446989 2
0 0.265 0.245 -0.3236588315 2
0 0.265 0.255 -0.2247104532 2
0 0.265 0.265 -0.1228721189 2
0 0.265 0.275 -0.01945355107 2
0 0.265 0.285 0.08421520496 2
0 0.265 0.295 0.1868008862 2
0 0.265 0.305 0.2869841589 2
0 0.265 0.315 0.3834765861 2
0 0.265 0.325 0.4750371982 2
0 0.265 0.335 0.5604884526 2
0 0.265 0.345 0.6387313779 2
0 0.265 0.355 0.7087597076 2
0 0.265 0.365 0.7696728215 2
0 0.265 0.375 0.8206873282 2
0 0.265 0.385 0.8611471406 2
0 0.265 0.395 0.8905319131 2
0 0.265 0.405 0 2
0 0.265 0.415 0 2
0 0.265 0.425 0 2
0 0.265 0.435 0 2
0 0.265 0.445 0 2
0 0.265 0.455 0 2
0 0.265 0.465 0 2
0 0.275 -0.455 0 2
0 0.275 -0.445 0 2
0 0.275 -0.435 0 1
0 0.275 -0.425 0 1
0 0.275 -0.415 0 1
0 0.275 -0.405 0 1
0 0.275 -0.395 -0.9068249069 1
0 0.275 -0.385 -0.8769025165 1
0 0.275 -0.375 -0.8357024595 1
0 0.275 -0.365 -0.7837546015 2
0 0.275 -0.355 -0.7217270335 2
0 0.275 -0.345 -0.6504174794 2
0 0.275 -0.335 -0.5707430372 2
0 0.275 -0.325 -0.4837283838 2
0 0.275 -0.315 -0.390492597 2
0 0.275 -0.305 -0.2922347637 2
0 0.275 -0.295 -0.1902185579 2
0 0.275 -0.285 -0.08575598951 2
0 0.275 -0.275 0.01980946935 2
0 0.275 -0.265 0.1251201626 2
0 0.275 -0.255 0.2288217107 2
0 0.275 -0.245 0.3295804288 2
0 0.275 -0.235 0.4261004794 2
0 0.275 -0.225 0.5171405376 2
0 0.275 -0.215 0.6015297556 2
0 0.275 -0.205 0.6781828205 2
0 0.275 -0.195 0.7461139127 2
0 0.275 -0.185 0.8044493843 2
0 0.275 -0.175 0.8524389943 2
0 0.275 -0.165 0.8894655582 2
0 0.275 -0.155 0.9150528847 2
0 0.275 -0.145 0.9288719004 2
0 0.275 -0.135 0.9307448817 2
0 0.275 -0.125 0.9206477405 2
0 0.275 -0.115 0.8987103342 2
0 0.275 -0.105 0.8652147954 2
0 0.275 -0.095 0.8205919033 1
0 0.275 -0.085 0.7654155441 1
0 0.275 -0.075 0.7003953298 1
0 0.275 -0.065 0.6263674722 1
0 0.275 -0.055 0.5442840288 1
0 0.275 -0.045 0.455200658 2
0 0.275 -0.035 0.3602630434 2
0 0.275 -0.025 0.2606921583 2
0 0.275 -0.015 0.1577685638 2
0 0.275 -0.005 0.05281593966 2
0 0.275 0.005 -0.05281593966 2
0 0.275 0.015 -0.1577685638 2
0 0.275 0.025 -0.2606921583 2
0 0.275 0.035 -0.3602630434 2
0 0.275 0.045 -0.455200658 2
0 0.275 0.055 -0.5442840288 2
0 0.275 0.065 -0.6263674722 2
0 0.275 0.075 -0.7003953298 2
0 0.275 0.085 -0.7654155441 2
0 0.275 0.095 -0.8205919033 2
0 0.275 0.105 -0.8652147954 2
0 0.275 0.115 -0.8987103342 2
0 0.275 0.125 -0.9206477405 2
0 0.275 0.135 -0.9307448817 2
0 0.275 0.145 -0.9288719004 2
0 0.275 0.155 -0.9150528847 2
0 0.275 0.165 -0.8894655582 2
0 0.275 0.175 -0.8524389943 2
0 0.275 0.185 -0.8044493843 2
0 0.275 0.195 -0.7461139127 2
0 0.275 0.205 -0.6781828205 2
0 0.275 0.215 -0.6015297556 2
0 0.275 0.225 -0.5171405376 2
0 0.275 0.235 -0.4261004794 2
0 0.275 0.245 -0.3295804288 2
0 0.275 0.255 -0.2288217107 2
0 0.275 0.265 -0.1251201626 2
0 0.275 0.275 -0.01980946935 2
0 0.275 0.285 0.08575598951 2
0 0.275 0.295 0.1902185579 2
0 0.275 0.305 0.2922347637 2
0 0.275 0.315 0.390492597 2
0 0.275 0.325 0.4837283838 2
0 0.275 0.335 0.5707430372 2
0 0.275 0.345 0.6504174794 2
0 0.275 0.355 0.7217270335 2
0 0.275 0.365 0.7837546015 2
0 0.275 0.375 0.8357024595 2
0 0.275 0.385 0.8769025165 2
0 0.275 0.395 0.9068249069 2
0 0.275 0.405 0 2
0 0.275 0.415 0 2
0 0.275 0.425 0 2
0 0.275 0.435 0 2
0 0.275 0.445 0 2
0 0.275 0.455 0 2
0 0.275 0.465 0 2
0 0.285 -0.455 0 2
0 0.285 -0.445 0 2
0 0.285 -0.435 0 1
0 0.285 -0.425 0 1
0 0.285 -0.415 0 1
0 0.285 -0.405 0 1
0 0.285 -0.395 -0.9213960991 1
0 0.285 -0.385 -0.8909929049 1
0 0.285 -0.375 -0.8491308304 1
0 0.285 -0.365 -0.7963482553 2
0 0.285 -0.355 -0.7333240058 2
0 0.285 -0.345 -0.6608686239 2
0 0.285 -0.335 -0.5799139438 2
0 0.285 -0.325 -0.4915011073 2
0 0.285 -0.315 -0.396767174 2
0 0.285 -0.305 -0.2969304981 2
0 0.285 -0.295 -0.1932750588 2
0 0.285 -0.285 -0.08713394792 2
0 0.285 -0.275 0.0201277751 2
0 0.285 -0.265 0.1271306389 2
0 0.285 -0.255 0.2324985011 2
0 0.285 -0.245 0.3348762469 2
0 0.285 -0.235 0.4329472168 2
0 0.285 -0.225 0.5254501398 2
0 0.285 -0.215 0.6111953543 2
0 0.285 -0.205 0.6890801085 1
0 0.285 -0.195 0.7581027423 1
0 0.285 -0.185 0.8173755693 1
0 0.285 -0.175 0.8661362939 1
0 0.285 -0.165 0.9037578141 2
0 0.285 -0.155 0.929756287 2
0 0.285 -0.145 0.9437973517 2
0 0.285 -0.135 0.9457004287 2
0 0.285 -0.125 0.935441043 2
0 0.285 -0.115 0.9131511385 1
0 0.285 -0.105 0.8791173812 1
0 0.285 -0.095 0.8337774723 1
0 0.285 -0.085 0.7777145193 1
0 0.285 -0.075 0.7116495365 1
0 0.285 -0.065 0.6364321724 1
0 0.285 -0.055 0.5530297824 1
0 0.285 -0.045 0.4625149877 1
0 0.285 -0.035 0.3660518809 2
0 0.285 -0.025 0.2648810546 2
0 0.285 -0.015 0.1603036464 2
0 0.285 -0.005 0.05366460537 2
0 0.285 0.005 -0.05366460537 2
0 0.285 0.015 -0.1603036464 2
0 0.285 0.025 -0.2648810546 2
0 0.285 0.035 -0.3660518809 2
0 0.285 0.045 -0.4625149877 2
0 0.285 0.055 -0.5530297824 2
0 0.285 0.065 -0.6364321724 2
0 0.285 0.075 -0.7116495365 2
0 0.285 0.085 -0.7777145193 2
0 0.285 0.095 -0.8337774723 2
0 0.285 0.105 -0.8791173812 2
0 0.285 0.115 -0.9131511385 2
0 0.285 0.125 -0.935441043 2
0 0.285 0.135 -0.9457004287 2
0 0.285 0.145 -0.9437973517 2
0 0.285 0.155 -0.929756287 2
0 0.285 0.165 -0.9037578141 2
0 0.285 0.175 -0.8661362939 2
0 0.285 0.185 -0.8173755693 2
0 0.285 0.195 -0.7581027423 2
0 0.285 0.205 -0.6890801085 2
0 0.285 0.215 -0.6111953543 2
0 0.285 0.225 -0.5254501398 2
0 0.285 0.235 -0.4329472168 2
0 0.285 0.245 -0.3348762469 2
0 0.285 0.255 -0.2324985011 2
0 0.285 0.265 -0.1271306389 2
0 0.285 0.275 -0.0201277751 2
0 0.285 0.285 0.08713394792 2
0 0.285 0.295 0.1932750588 2
0 0.285 0.305 0.2969304981 2
0 0.285 0.315 0.396767174 2
0 0.285 0.325 0.4915011073 2
0 0.285 0.335 0.5799139438 2
0 0.285 0.345 0.6608686239 2
0 0.285 0.355 0.7333240058 2
0 0.285 0.365 0.7963482553 2
0 0.285 0.375 0.8491308304 2
0 0.285 0.385 0.8909929049 2
0 0.285 0.395 0.9213960991 2
0 0.285 0.405 0 2
0 0.285 0.415 0 2
0 0.285 0.425 0 2
0 0.285 0.435 0 2
0 0.285 0.445 0 2
0 0.285 0.455 0 2
0 0.285 0.465 0 2
0 0.295 -0.455 0 2
0 0.295 -0.445 0 2
0 0.295 -0.435 0 1
0 0.295 -0.425 0 1
0 0.295 -0.415 0 1
0 0.295 -0.405 0 1
0 0.295 -0.395 -0.9342178231 1
0 0.295 -0.385 -0.903391552 1
0 0.295 -0.375 -0.8609469442 1
0 0.295 -0.365 -0.8074298711 2
0 0.295 -0.355 -0.7435286051 2
0 0.295 -0.345 -0.6700649675 2
0 0.295 -0.335 -0.5879837593 2
0 0.295 -0.325 -0.4983406104 2
0 0.295 -0.315 -0.4022884034 2
0 0.295 -0.305 -0.3010624462 2
0 0.295 -0.295 -0.1959645855 2
0 0.295 -0.285 -0.08834646383 2
0 0.295 -0.275 0.02040786396 2
0 0.295 -0.265 0.1288997303 2
0 0.295 -0.255 0.2357338432 2
0 0.295 -0.245 0.3395362306 2
0 0.295 -0.235 0.438971911 2
0 0.295 -0.225 0.532762062 2
0 0.295 -0.215 0.6197004675 2
0 0.295 -0.205 0.6986690301 1
0 0.295 -0.195 0.7686521511 1
0 0.295 -0.185 0.8287497915 1
0 0.295 -0.175 0.8781890479 1
0 0.295 -0.165 0.9163340918 1
0 0.295 -0.155 0.9426943475 2
0 0.295 -0.145 0.9569308012 2
0 0.295 -0.135 0.9588603606 2
0 0.295 -0.125 0.94845821 1
0 0.295 -0.115 0.9258581294 1
0 0.295 -0.105 0.891350774 1
0 0.295 -0.095 0.8453799358 1
0 0.295 -0.085 0.7885368366 1
0 0.295 -0.075 0.7215525239 1
0 0.295 -0.065 0.6452884696 1
0 0.295 -0.055 0.5607254902 1
0 0.295 -0.045 0.4689511333 1
0 0.295 -0.035 0.3711456904 2
0 0.295 -0.025 0.2685670174 2
0 0.295 -0.015 0.1625343582 2
0 0.295 -0.005 0.05441137732 2
0 0.295 0.005 -0.05441137732 2
0 0.295 0.015 -0.1625343582 2
0 0.295 0.025 -0.2685670174 2
0 0.295 0.035 -0.3711456904 2
0 0.295 0.045 -0.4689511333 2
0 0.295 0.055 -0.5607254902 2
0 0.295 0.065 -0.6452884696 2
0 0.295 0.075 -0.7215525239 2
0 0.295 0.085 -0.7885368366 2
0 0.295 0.095 -0.8453799358 2
0 0.295 0.105 -0.891350774 2
0 0.295 0.115 -0.9258581294 2
0 0.295 0.125 -0.94845821 2
0 0.295 0.135 -0.9588603606 2
0 0.295 0.145 -0.9569308012 2
0 0.295 0.155 -0.9426943475 2
0 0.295 0.165 -0.9163340918 2
0 0.295 0.175 -0.8781890479 2
0 0.295 0.185 -0.8287497915 2
0 0.295 0.195 -0.7686521511 2
0 0.295 0.205 -0.6986690301 2
0 0.295 0.215 -0.6197004675 2
0 0.295 0.225 -0.532762062 2
0 0.295 0.235 -0.438971911 2
0 0.295 0.245 -0.3395362306 2
0 0.295 0.255 -0.2357338432 2
0 0.295 0.265 -0.1288997303 2
0 0.295 0.275 -0.02040786396 2
0 0.295 0.285 0.08834646383 2
0 0.295 0.295 0.1959645855 2
0 0.295 0.305 0.3010624462 2
0 0.295 0.315 0.4022884034 2
0 0.295 0.325 0.4983406104 2
0 0.295 0.335 0.5879837593 2
0 0.295 0.345 0.6700649675 2
0 0.295 0.355 0.7435286051 2
0 0.295 0.365 0.8074298711 2
0 0.295 0.375 0.8609469442 2
0 0.295 0.385 0.903391552 2
0 0.295 0.395 0.9342178231 2
0 0.295 0.405 0 2
0 0.295 0.415 0 2
0 0.295 0.425 0 2
0 0.295 0.435 0 2
0 0.295 0.445 0 2
0 0.295 0.455 0 2
0 0.295 0.465 0 2
0 0.305 -0.455 0 2
0 0.305 -0.445 0 2
0 0.305 -0.435 0 2
0 0.305 -0.425 0 1
0 0.305 -0.415 0 1
0 0.305 -0.405 0 1
0 0.305 -0.395 -0.9452657341 1
0 0.305 -0.385 -0.9140749165 1
0 0.305 -0.375 -0.8711283654 1
0 0.305 -0.365 -0.816978408 2
0 0.305 -0.355 -0.7523214558 2
0 0.305 -0.345 -0.6779890489 2
0 0.305 -0.335 -0.5949371615 2
0 0.305 -0.325 -0.504233907 2
0 0.305 -0.315 -0.4070458019 2
0 0.305 -0.305 -0.3046227627 2
0 0.305 -0.295 -0.1982820315 2
0 0.305 -0.285 -0.08939123502 2
0 0.305 -0.275 0.0206492041 2
0 0.305 -0.265 0.130424078 2
0 0.305 -0.255 0.2385215941 2
0 0.305 -0.245 0.343551532 2
0 0.305 -0.235 0.4441631228 2
0 0.305 -0.225 0.5390624212 2
0 0.305 -0.215 0.6270289464 1
0 0.305 -0.205 0.7069313787 1
0 0.305 -0.195 0.7777421088 1
0 0.305 -0.185 0.8385504544 1
0 0.305 -0.175 0.8885743715 1
0 0.305 -0.165 0.9271705127 1
0 0.305 -0.155 0.9538425006 1
0 0.305 -0.145 0.9682473123 2
0 0.305 -0.135 0.9701996903 1
0 0.305 -0.125 0.9596745255 1
0 0.305 -0.115 0.9368071801 1
0 0.305 -0.105 0.9018917461 1
0 0.305 -0.095 0.8553772641 1
0 0.305 -0.085 0.7978619475 1
0 0.305 -0.075 0.730085489 1
0 0.305 -0.065 0.6529195481 1
0 0.305 -0.055 0.5673565405 1
0 0.305 -0.045 0.4744968747 1
0 0.305 -0.035 0.3755348001 1
0 0.305 -0.025 0.2717430482 1
0 0.305 -0.015 0.1644564636 1
0 0.305 -0.005 0.05505483759 1
0 0.305 0.005 -0.05505483759 1
0 0.305 0.015 -0.1644564636 1
0 0.305 0.025 -0.2717430482 2
0 0.305 0.035 -0.3755348001 2
0 0.305 0.045 -0.4744968747 2
0 0.305 0.055 -0.5673565405 2
0 0.305 0.065 -0.6529195481 2
0 0.305 0.075 -0.730085489 2
0 0.305 0.085 -0.7978619475 2
0 0.305 0.095 -0.8553772641 2
0 0.305 0.105 -0.9018917461 2
0 0.305 0.115 -0.9368071801 2
0 0.305 0.125 -0.9596745255 2
0 0.305 0.135 -0.9701996903 2
0 0.305 0.145 -0.9682473123 2
0 0.305 0.155 -0.9538425006 2
0 0.305 0.165 -0.9271705127 2
0 0.305 0.175 -0.8885743715 2
0 0.305 0.185 -0.8385504544 2
0 0.305 0.195 -0.7777421088 2
0 0.305 0.205 -0.7069313787 2
0 0.305 0.215 -0.6270289464 2
0 0.305 0.225 -0.5390624212 2
0 0.305 0.235 -0.4441631228 2
0 0.305 0.245 -0.343551532 2
0 0.305 0.255 -0.2385215941 2
0 0.305 0.265 -0.130424078 2
0 0.305 0.275 -0.0206492041 2
0 0.305 0.285 0.08939123502 2
0 0.305 0.295 0.1982820315 2
0 0.305 0.305 0.3046227627 2
0 0.305 0.315 0.4070458019 2
0 0.305 0.325 0.504233907 2
0 0.305 0.335 0.5949371615 2
0 0.305 0.345 0.6779890489 2
0 0.305 0.355 0.7523214558 2
0 0.305 0.365 0.816978408 2
0 0.305 0.375 0.8711283654 2
0 0.305 0.385 0.9140749165 2
0 0.305 0.395 0.9452657341 2
0 0.305 0.405 0 2
0 0.305 0.415 0 2
0 0.305 0.425 0 2
0 0.305 0.435 0 2
0 0.305 0.445 0 2
0 0.305 0.455 0 2
0 0.305 0.465 0 2
0 0.315 -0.455 0 2
0 0.315 -0.445 0 2
0 0.315 -0.435 0 2
0 0.315 -0.425 0 1
0 0.315 -0.415 0 1
0 0.315 -0.405 0 1
0 0.315 -0.395 -0.9545188553 1
0 0.315 -0.385 -0.9230227136 1
0 0.315 -0.375 -0.8796557626 1
0 0.315 -0.365 -0.8249757361 2
0 0.315 -0.355 -0.7596858628 2
0 0.315 -0.345 -0.6846258227 2
0 0.315 -0.335 -0.6007609478 2
0 0.315 -0.325 -0.5091698074 2
0 0.315 -0.315 -0.4110303366 2
0 0.315 -0.305 -0.3076046875 2
0 0.315 -0.295 -0.2002229964 2
0 0.315 -0.285 -0.09026627778 2
0 0.315 -0.275 0.0208513373 2
0 0.315 -0.265 0.1317007875 2
0 0.315 -0.255 0.2408564605 2
0 0.315 -0.245 0.346914527 2
0 0.315 -0.235 0.4485109957 2
0 0.315 -0.225 0.5443392548 2
0 0.315 -0.215 0.6331668764 1
0 0.315 -0.205 0.7138514663 1
0 0.315 -0.195 0.7853553564 1
0 0.315 -0.185 0.8467589494 1
0 0.315 -0.175 0.8972725461 1
0 0.315 -0.165 0.9362465014 1
0 0.315 -0.155 0.963179579 1
0 0.315 -0.145 0.9777253981 1
0 0.315 -0.135 0.9796968878 1
0 0.315 -0.125 0.9690686931 1
0 0.315 -0.115 0.9459775012 1
0 0.315 -0.105 0.9107202833 1
0 0.315 -0.095 0.8637504752 1
0 0.315 -0.085 0.8056721463 1
0 0.315 -0.075 0.7372322302 1
0 0.315 -0.065 0.6593109188 1
0 0.315 -0.055 0.5729103426 1
0 0.315 -0.045 0.4791416819 1
0 0.315 -0.035 0.3792108765 1
0 0.315 -0.025 0.2744031164 1
0 0.315 -0.015 0.1660663131 1
0 0.315 -0.005 0.05559376444 1
0 0.315 0.005 -0.05559376444 1
0 0.315 0.015 -0.1660663131 1
0 0.315 0.025 -0.2744031164 1
0 0.315 0.035 -0.3792108765 1
0 0.315 0.045 -0.4791416819 2
0 0.315 0.055 -0.5729103426 2
0 0.315 0.065 -0.6593109188 2
0 0.315 0.075 -0.7372322302 2
0 0.315 0.085 -0.8056721463 2
0 0.315 0.095 -0.8637504752 2
0 0.315 0.105 -0.9107202833 2
0 0.315 0.115 -0.9459775012 2
0 0.315 0.125 -0.9690686931 2
0 0.315 0.135 -0.9796968878 2
0 0.315 0.145 -0.9777253981 2
0 0.315 0.155 -0.963179579 2
0 0.315 0.165 -0.9362465014 2
0 0.315 0.175 -0.8972725461 2
0 0.315 0.185 -0.8467589494 2
0 0.315 0.195 -0.7853553564 2
0 0.315 0.205 -0.7138514663 2
0 0.315 0.215 -0.6331668764 2
0 0.315 0.225 -0.5443392548 2
0 0.315 0.235 -0.4485109957 2
0 0.315 0.245 -0.346914527 2
0 0.315 0.255 -0.2408564605 2
0 0.315 0.265 -0.1317007875 2
0 0.315 0.275 -0.0208513373 2
0 0.315 0.285 0.09026627778 2
0 0.315 0.295 0.2002229964 2
0 0.315 0.305 0.3076046875 2
0 0.315 0.315 0.4110303366 2
0 0.315 0.325 0.5091698074 2
0 0.315 0.335 0.6007609478 2
0 0.315 0.345 0.6846258227 2
0 0.315 0.355 0.7596858628 2
0 0.315 0.365 0.8249757361 2
0 0.315 0.375 0.8796557626 2
0 0.315 0.385 0.9230227136 2
0 0.315 0.395 0.9545188553 2
0 0.315 0.405 0 2
0 0.315 0.415 0 2
0 0.315 0.425 0 2
0 0.315 0.435 0 2
0 0.315 0.445 0 2
0 0.315 0.455 0 2
0 0.315 0.465 0 2
0 0.325 -0.455 0 2
0 0.325 -0.445 0 2
0 0.325 -0.435 0 2
0 0.325 -0.425 0 2
0 0.325 -0.415 0 1
0 0.325 -0.405 0 1
0 0.325 -0.395 -0.9619596177 1
0 0.325 -0.385 -0.930217954 1
0 0.325 -0.375 -0.8865129446 2
0 0.325 -0.365 -0.8314066708 2
0 0.325 -0.355 -0.7656078433 2
0 0.325 -0.345 -0.6899626875 2
0 0.325 -0.335 -0.6054440606 2
0 0.325 -0.325 -0.5131389396 2
0 0.325 -0.315 -0.4142344421 2
0 0.325 -0.305 -0.3100025588 2
0 0.325 -0.295 -0.2017837951 2
0 0.325 -0.285 -0.09096993064 2
0 0.325 -0.275 0.02101387977 2
0 0.325 -0.265 0.1327274349 2
0 0.325 -0.255 0.2427340092 2
0 0.325 -0.245 0.3496188304 2
0 0.325 -0.235 0.4520072741 2
0 0.325 -0.225 0.5485825434 2
0 0.325 -0.215 0.6381026031 1
0 0.325 -0.205 0.7194161538 1
0 0.325 -0.195 0.7914774382 1
0 0.325 -0.185 0.8533596908 1
0 0.325 -0.175 0.9042670562 1
0 0.325 -0.165 0.9435448252 1
0 0.325 -0.155 0.9706878543 1
0 0.325 -0.145 0.9853470624 1
0 0.325 -0.135 0.9873339205 1
0 0.325 -0.125 0.9766228759 1
0 0.325 -0.115 0.9533516812 1
0 0.325 -0.105 0.9178196226 1
0 0.325 -0.095 0.8704836707 1
0 0.325 -0.085 0.8119526036 1
0 0.325 -0.075 0.7429791777 1
0 0.325 -0.065 0.6644504463 1
0 0.325 -0.055 0.5773763515 1
0 0.325 -0.045 0.4828767358 1
0 0.325 -0.035 0.3821669396 1
0 0.325 -0.025 0.2765421715 1
0 0.325 -0.015 0.1673608501 1
0 0.325 -0.005 0.05602713461 1
0 0.325 0.005 -0.05602713461 1
0 0.325 0.015 -0.1673608501 1
0 0.325 0.025 -0.2765421715 1
0 0.325 0.035 -0.3821669396 1
0 0.325 0.045 -0.4828767358 2
0 0.325 0.055 -0.5773763515 2
0 0.325 0.065 -0.6644504463 2
0 0.325 0.075 -0.7429791777 2
0 0.325 0.085 -0.8119526036 2
0 0.325 0.095 -0.8704836707 2
0 0.325 0.105 -0.9178196226 2
0 0.325 0.115 -0.9533516812 2
0 0.325 0.125 -0.9766228759 2
0 0.325 0.135 -0.9873339205 2
0 0.325 0.145 -0.9853470624 2
0 0.325 0.155 -0.9706878543 2
0 0.325 0.165 -0.9435448252 1
0 0.325 0.175 -0.9042670562 1
0 0.325 0.185 -0.8533596908 1
0 0.325 0.195 -0.7914774382 2
0 0.325 0.205 -0.7194161538 2
0 0.325 0.215 -0.6381026031 2
0 0.325 0.225 -0.5485825434 2
0 0.325 0.235 -0.4520072741 2
0 0.325 0.245 -0.3496188304 2
0 0.325 0.255 -0.2427340092 2
0 0.325 0.265 -0.1327274349 2
0 0.325 0.275 -0.02101387977 2
0 0.325 0.285 0.09096993064 2
0 0.325 0.295 0.2017837951 2
0 0.325 0.305 0.3100025588 2
0 0.325 0.315 0.4142344421 2
0 0.325 0.325 0.5131389396 2
0 0.325 0.335 0.6054440606 2
0 0.325 0.345 0.6899626875 2
0 0.325 0.355 0.7656078433 2
0 0.325 0.365 0.8314066708 2
0 0.325 0.375 0.8865129446 2
0 0.325 0.385 0.930217954 2
0 0.325 0.395 0.9619596177 2
0 0.325 0.405 0 2
0 0.325 0.415 0 2
0 0.325 0.425 0 2
0 0.325 0.435 0 2
0 0.325 0.445 0 2
0 0.325 0.455 0 2
0 0.325 0.465 0 2
0 0.335 -0.455 0 2
0 0.335 -0.445 0 2
0 0.335 -0.435 0 2
0 0.335 -0.425 0 2
0 0.335 -0.415 0 2
0 0.335 -0.405 0 2
0 0.335 -0.395 -0.9675738933 2
0 0.335 -0.385 -0.9356469761 2
0 0.335 -0.375 -0.8916868915 2
0 0.335 -0.365 -0.8362590015 2
0 0.335 -0.355 -0.7700761529 2
0 0.335 -0.345 -0.6939895101 2
0 0.335 -0.335 -0.6089776079 2
0 0.335 -0.325 -0.5161337674 2
0 0.335 -0.315 -0.4166520345 2
0 0.335 -0.305 -0.3118118237 2
0 0.335 -0.295 -0.2029614639 2
0 0.335 -0.285 -0.09150085757 2
0 0.335 -0.275 0.02113652287 2
0 0.335 -0.265 0.1335020707 2
0 0.335 -0.255 0.2441506754 2
0 0.335 -0.245 0.3516593074 2
0 0.335 -0.235 0.4546453198 2
0 0.335 -0.225 0.5517842304 2
0 0.335 -0.215 0.6418267552 2
0 0.335 -0.205 0.7236148754 1
0 0.335 -0.195 0.7960967304 1
0 0.335 -0.185 0.8583401457 1
0 0.335 -0.175 0.9095446213 1
0 0.335 -0.165 0.9490516268 1
0 0.335 -0.155 0.9763530705 1
0 0.335 -0.145 0.991097834 1
0 0.335 -0.135 0.9930962879 1
0 0.335 -0.125 0.9823227305 1
0 0.335 -0.115 0.9589157184 1
0 0.335 -0.105 0.9231762844 1
0 0.335 -0.095 0.8755640661 1
0 0.335 -0.085 0.8166913948 1
0 0.335 -0.075 0.7473154199 1
0 0.335 -0.065 0.668328372 1
0 0.335 -0.055 0.5807460876 1
0 0.335 -0.045 0.4856949446 1
0 0.335 -0.035 0.3843973769 1
0 0.335 -0.025 0.2781561519 1
0 0.335 -0.015 0.1683376166 1
0 0.335 -0.005 0.05635412523 1
0 0.335 0.005 -0.05635412523 1
0 0.335 0.015 -0.1683376166 1
0 0.335 0.025 -0.2781561519 1
0 0.335 0.035 -0.3843973769 1
0 0.335 0.045 -0.4856949446 2
0 0.335 0.055 -0.5807460876 2
0 0.335 0.065 -0.668328372 2
0 0.335 0.075 -0.7473154199 2
0 0.335 0.085 -0.8166913948 2
0 0.335 0.095 -0.8755640661 2
0 0.335 0.105 -0.9231762844 2
0 0.335 0.115 -0.9589157184 2
0 0.335 0.125 -0.9823227305 2
0 0.335 0.135 -0.9930962879 2
0 0.335 0.145 -0.991097834 1
0 0.335 0.155 -0.9763530705 1
0 0.335 0.165 -0.9490516268 1
0 0.335 0.175 -0.9095446213 1
0 0.335 0.185 -0.8583401457 1
0 0.335 0.195 -0.7960967304 1
0 0.335 0.205 -0.7236148754 2
0 0.335 0.215 -0.6418267552 2
0 0.335 0.225 -0.5517842304 2
0 0.335 0.235 -0.4546453198 2
0 0.335 0.245 -0.3516593074 2
0 0.335 0.255 -0.2441506754 2
0 0.335 0.265 -0.1335020707 2
0 0.335 0.275 -0.02113652287 2
0 0.335 0.285 0.09150085757 2
0 0.335 0.295 0.2029614639 2
0 0.335 0.305 0.3118118237 2
0 0.335 0.315 0.4166520345 2
0 0.335 0.325 0.5161337674 2
0 0.335 0.335 0.6089776079 2
0 0.335 0.345 0.6939895101 2
0 0.335 0.355 0.7700761529 2
0 0.335 0.365 0.8362590015 2
0 0.335 0.375 0.8916868915 2
0 0.335 0.385 0.9356469761 2
0 0.335 0.395 0.9675738933 2
0 0.335 0.405 0 2
0 0.335 0.415 0 2
0 0.335 0.425 0 2
0 0.335 0.435 0 2
0 0.335 0.445 0 2
0 0.335 0.455 0 2
0 0.335 0.465 0 2
0 0.345 -0.455 0 2
0 0.345 -0.445 0 2
0 0.345 -0.435 0 2
0 0.345 -0.425 0 2
0 0.345 -0.415 0 2
0 0.345 -0.405 0 2
0 0.345 -0.395 -0.9713510223 2
0 0.345 -0.385 -0.9392994716 2
0 0.345 -0.375 -0.8951677796 2
0 0.345 -0.365 -0.8395235151 2
0 0.345 -0.355 -0.7730823078 2
0 0.345 -0.345 -0.6966986447 2
0 0.345 -0.335 -0.6113548806 2
0 0.345 -0.325 -0.5181486046 2
0 0.345 -0.315 -0.4182785237 2
0 0.345 -0.305 -0.313029047 2
0 0.345 -0.295 -0.2037537668 2
0 0.345 -0.285 -0.09185805049 2
0 0.345 -0.275 0.02121903375 2
0 0.345 -0.265 0.1340232243 2
0 0.345 -0.255 0.2451037691 2
0 0.345 -0.245 0.3530320837 2
0 0.345 -0.235 0.4564201238 2
0 0.345 -0.225 0.5539382367 2
0 0.345 -0.215 0.6443322615 2
0 0.345 -0.205 0.7264396588 1
0 0.345 -0.195 0.799204462 1
0 0.345 -0.185 0.8616908577 1
0 0.345 -0.175 0.9130952208 1
0 0.345 -0.165 0.9527564502 1
0 0.345 -0.155 0.9801644708 1
0 0.345 -0.145 0.9949667936 1
0 0.345 -0.135 0.996973049 1
0 0.345 -0.125 0.9861574347 1
0 0.345 -0.115 0.9626590484 1
0 0.345 -0.105 0.9267800979 1
0 0.345 -0.095 0.8789820153 1
0 0.345 -0.085 0.8198795221 1
0 0.345 -0.075 0.7502327235 1
0 0.345 -0.065 0.6709373329 1
0 0.345 -0.055 0.5830131525 1
0 0.345 -0.045 0.4875909574 1
0 0.345 -0.035 0.3858979532 1
0 0.345 -0.025 0.2792419931 1
0 0.345 -0.015 0.1689947581 1
0 0.345 -0.005 0.05657411546 1
0 0.345 0.005 -0.05657411546 1
0 0.345 0.015 -0.1689947581 1
0 0.345 0.025 -0.2792419931 1
0 0.345 0.035 -0.3858979532 1
0 0.345 0.045 -0.4875909574 2
0 0.345 0.055 -0.5830131525 2
0 0.345 0.065 -0.6709373329 2
0 0.345 0.075 -0.7502327235 2
0 0.345 0.085 -0.8198795221 2
0 0.345 0.095 -0.8789820153 2
0 0.345 0.105 -0.9267800979 2
0 0.345 0.115 -0.9626590484 2
0 0.345 0.125 -0.9861574347 2
0 0.345 0.135 -0.996973049 1
0 0.345 0.145 -0.9949667936 1
0 0.345 0.155 -0.9801644708 1
0 0.345 0.165 -0.9527564502 1
0 0.345 0.175 -0.9130952208 1
0 0.345 0.185 -0.8616908577 1
0 0.345 0.195 -0.799204462 1
0 0.345 0.205 -0.7264396588 2
0 0.345 0.215 -0.6443322615 2
0 0.345 0.225 -0.5539382367 2
0 0.345 0.235 -0.4564201238 2
0 0.345 0.245 -0.3530320837 2
0 0.345 0.255 -0.2451037691 2
0 0.345 0.265 -0.1340232243 2
0 0.345 0.275 -0.02121903375 2
0 0.345 0.285 0.09185805049 2
0 0.345 0.295 0.2037537668 2
0 0.345 0.305 0.313029047 2
0 0.345 0.315 0.4182785237 2
0 0.345 0.325 0.5181486046 2
0 0.345 0.335 0.6113548806 2
0 0.345 0.345 0.6966986447 2
0 0.345 0.355 0.7730823078 2
0 0.345 0.365 0.8395235151 2
0 0.345 0.375 0.8951677796 2
0 0.345 0.385 0.9392994716 2
0 0.345 0.395 0.9713510223 2
0 0.345 0.405 0 2
0 0.345 0.415 0 2
0 0.345 0.425 0 2
0 0.345 0.435 0 2
0 0.345 0.445 0 2
0 0.345 0.455 0 2
0 0.345 0.465 0 2
0 0.355 -0.455 0 2
0 0.355 -0.445 0 2
0 0.355 -0.435 0 2
0 0.355 -0.425 0 2
0 0.355 -0.415 0 2
0 0.355 -0.405 0 2
0 0.355 -0.395 -0.973283833 2
0 0.355 -0.385 -0.9411685056 2
0 0.355 -0.375 -0.8969489996 2
0 0.355 -0.365 -0.8411940132 2
0 0.355 -0.355 -0.7746206 2
0 0.355 -0.345 -0.6980849474 2
0 0.355 -0.335 -0.6125713649 2
0 0.355 -0.325 -0.5191796254 2
0 0.355 -0.315 -0.4191108214 2
0 0.355 -0.305 -0.3136519175 2
0 0.355 -0.295 -0.2041591995 2
0 0.355 -0.285 -0.09204083119 2
0 0.355 -0.275 0.02126125574 2
0 0.355 -0.265 0.1342899059 2
0 0.355 -0.255 0.2455914807 2
0 0.355 -0.245 0.3537345529 2
0 0.355 -0.235 0.4573283163 2
0 0.355 -0.225 0.5550404723 2
0 0.355 -0.215 0.6456143647 1
0 0.355 -0.205 0.7278851407 1
0 0.355 -0.195 0.8007947326 1
0 0.355 -0.185 0.8634054647 1
0 0.355 -0.175 0.9149121131 1
0 0.355 -0.165 0.9546522611 1
0 0.355 -0.155 0.9821148187 1
0 0.355 -0.145 0.9969465954 1
0 0.355 -0.135 0.9989568428 1
0 0.355 -0.125 0.9881197074 1
0 0.355 -0.115 0.9645745636 1
0 0.355 -0.105 0.9286242206 1
0 0.355 -0.095 0.8807310286 1
0 0.355 -0.085 0.8215109322 2
0 0.355 -0.075 0.7517255492 2
0 0.355 -0.065 0.6722723754 1
0 0.355 -0.055 0.5841732419 1
0 0.355 -0.045 0.4885611741 1
0 0.355 -0.035 0.3866658195 1
0 0.355 -0.025 0.2797976336 1
0 0.355 -0.015 0.1693310267 1
0 0.355 -0.005 0.05668668759 1
0 0.355 0.005 -0.05668668759 1
0 0.355 0.015 -0.1693310267 1
0 0.355 0.025 -0.2797976336 1
0 0.355 0.035 -0.3866658195 1
0 0.355 0.045 -0.4885611741 2
0 0.355 0.055 -0.5841732419 2
0 0.355 0.065 -0.6722723754 2
0 0.355 0.075 -0.7517255492 2
0 0.355 0.085 -0.8215109322 2
0 0.355 0.095 -0.8807310286 2
0 0.355 0.105 -0.9286242206 2
0 0.355 0.115 -0.9645745636 2
0 0.355 0.125 -0.9881197074 1
0 0.355 0.135 -0.9989568428 1
0 0.355 0.145 -0.9969465954 1
0 0.355 0.155 -0.9821148187 1
0 0.355 0.165 -0.9546522611 1
0 0.355 0.175 -0.9149121131 1
0 0.355 0.185 -0.8634054647 1
0 0.355 0.195 -0.8007947326 1
0 0.355 0.205 -0.7278851407 2
0 0.355 0.215 -0.6456143647 2
0 0.355 0.225 -0.5550404723 2
0 0.355 0.235 -0.4573283163 2
0 0.355 0.245 -0.3537345529 2
0 0.355 0.255 -0.2455914807 2
0 0.355 0.265 -0.1342899059 2
0 0.355 0.275 -0.02126125574 2
0 0.355 0.285 0.09204083119 2
0 0.355 0.295 0.2041591995 2
0 0.355 0.305 0.3136519175 2
0 0.355 0.315 0.4191108214 2
0 0.355 0.325 0.5191796254 2
0 0.355 0.335 0.6125713649 2
0 0.355 0.345 0.6980849474 2
0 0.355 0.355 0.7746206 2
0 0.355 0.365 0.8411940132 2
0 0.355 0.375 0.8969489996 2
0 0.355 0.385 0.9411685056 2
0 0.355 0.395 0.973283833 2
0 0.355 0.405 0 2
0 0.355 0.415 0 2
0 0.355 0.425 0 2
0 0.355 0.435 0 2
0 0.355 0.445 0 2
0 0.355 0.455 0 2
0 0.355 0.465 0 2
0 0.365 -0.455 0 2
0 0.365 -0.445 0 2
0 0.365 -0.435 0 2
0 0.365 -0.425 0 2
0 0.365 -0.415 0 2
0 0.365 -0.405 0 2
0 0.365 -0.395 -0.9733686555 2
0 0.365 -0.385 -0.9412505292 2
0 0.365 -0.375 -0.8970271694 2
0 0.365 -0.365 -0.8412673239 2
0 0.365 -0.355 -0.7746881089 2
0 0.365 -0.345 -0.6981457861 2
0 0.365 -0.335 -0.612624751 2
0 0.365 -0.325 -0.5192248724 2
0 0.365 -0.315 -0.4191473473 2
0 0.365 -0.305 -0.3136792525 2
0 0.365 -0.295 -0.2041769922 2
0 0.365 -0.285 -0.09204885262 2
0 0.365 -0.275 0.02126310868 2
0 0.365 -0.265 0.1343016094 2
0 0.365 -0.255 0.2456128842 1
0 0.365 -0.245 0.3537653812 1
0 0.365 -0.235 0.4573681729 1
0 0.365 -0.225 0.5550888446 1
0 0.365 -0.215 0.6456706305 1
0 0.365 -0.205 0.7279485765 1
0 0.365 -0.195 0.8008645225 1
0 0.365 -0.185 0.8634807112 1
0 0.365 -0.175 0.9149918484 1
0 0.365 -0.165 0.9547354598 1
0 0.365 -0.155 0.9822004108 1
0 0.365 -0.145 0.9970334801 1
0 0.365 -0.135 0.9990439027 1
0 0.365 -0.125 0.9882058229 2
0 0.365 -0.115 0.9646586271 2
0 0.365 -0.105 0.928705151 2
0 0.365 -0.095 0.880807785 2
0 0.365 -0.085 0.8215825276 2
0 0.365 -0.075 0.7517910627 2
0 0.365 -0.065 0.6723309645 2
0 0.365 -0.055 0.5842241531 2
0 0.365 -0.045 0.4886037526 1
0 0.365 -0.035 0.3866995177 1
0 0.365 -0.025 0.2798220182 1
0 0.365 -0.015 0.169345784 1
0 0.365 -0.005 0.05669162788 1
0 0.365 0.005 -0.05669162788 1
0 0.365 0.015 -0.169345784 1
0 0.365 0.025 -0.2798220182 2
0 0.365 0.035 -0.3866995177 2
0 0.365 0.045 -0.4886037526 2
0 0.365 0.055 -0.5842241531 2
0 0.365 0.065 -0.6723309645 2
0 0.365 0.075 -0.7517910627 2
0 0.365 0.085 -0.8215825276 2
0 0.365 0.095 -0.880807785 2
0 0.365 0.105 -0.928705151 2
0 0.365 0.115 -0.9646586271 2
0 0.365 0.125 -0.9882058229 1
0 0.365 0.135 -0.9990439027 1
0 0.365 0.145 -0.9970334801 1
0 0.365 0.155 -0.9822004108 1
0 0.365 0.165 -0.9547354598 1
0 0.365 0.175 -0.9149918484 1
0 0.365 0.185 -0.8634807112 1
0 0.365 0.195 -0.8008645225 1
0 0.365 0.205 -0.7279485765 2
0 0.365 0.215 -0.6456706305 2
0 0.365 0.225 -0.5550888446 2
0 0.365 0.235 -0.4573681729 2
0 0.365 0.245 -0.3537653812 2
0 0.365 0.255 -0.2456128842 2
0 0.365 0.265 -0.1343016094 2
0 0.365 0.275 -0.02126310868 2
0 0.365 0.285 0.09204885262 2
0 0.365 0.295 0.2041769922 2
0 0.365 0.305 0.3136792525 2
0 0.365 0.315 0.4191473473 2
0 0.365 0.325 0.5192248724 2
0 0.365 0.335 0.612624751 2
0 0.365 0.345 0.6981457861 2
0 0.365 0.355 0.7746881089 2
0 0.365 0.365 0.8412673239 2
0 0.365 0.375 0.8970271694 2
0 0.365 0.385 0.9412505292 2
0 0.365 0.395 0.9733686555 2
0 0.365 0.405 0 2
0 0.365 0.415 0 2
0 0.365 0.425 0 2
0 0.365 0.435 0 2
0 0.365 0.445 0 2
0 0.365 0.455 0 2
0 0.365 0.465 0 2
0 0.375 -0.455 0 2
0 0.375 -0.445 0 2
0 0.375 -0.435 0 2
0 0.375 -0.425 0 2
0 0.375 -0.415 0 2
0 0.375 -0.405 0 2
0 0.375 -0.395 -0.9716053287 2
0 0.375 -0.385 -0.9395453867 2
0 0.375 -0.375 -0.8954021407 2
0 0.375 -0.365 -0.8397433082 2
0 0.375 -0.355 -0.7732847061 2
0 0.375 -0.345 -0.6968810452 2
0 0.375 -0.335 -0.6115149375 2
0 0.375 -0.325 -0.5182842595 2
0 0.375 -0.315 -0.4183880319 2
0 0.375 -0.305 -0.3131110002 2
0 0.375 -0.295 -0.203807111 2
0 0.375 -0.285 -0.09188209956 2
0 0.375 -0.275 0.02122458904 1
0 0.375 -0.265 0.1340583125 1
0 0.375 -0.255 0.245167939 1
0 0.375 -0.245 0.35312451 1
0 0.375 -0.235 0.4565396178 1
0 0.375 -0.225 0.5540832615 1
0 0.375 -0.215 0.6445009521 1
0 0.375 -0.205 0.7266298457 1
0 0.375 -0.195 0.7994136993 1
0 0.375 -0.185 0.8619164543 1
0 0.375 -0.175 0.9133342754 1
0 0.375 -0.165 0.9530058884 1
0 0.375 -0.155 0.9804210847 1
0 0.375 -0.145 0.9952272828 1
0 0.375 -0.135 0.9972340634 2
0 0.375 -0.125 0.9864156176 2
0 0.375 -0.115 0.9629110792 2
0 0.375 -0.105 0.9270227354 2
0 0.375 -0.095 0.8792121389 2
0 0.375 -0.085 0.8200941722 2
0 0.375 -0.075 0.7504291396 2
0 0.375 -0.065 0.671112989 2
0 0.375 -0.055 0.5831657894 2
0 0.375 -0.045 0.4877186121 2
0 0.375 -0.035 0.3859989839 2
0 0.375 -0.025 0.2793151006 2
0 0.375 -0.015 0.1690390021 2
0 0.375 -0.005 0.05658892695 2
0 0.375 0.005 -0.05658892695 2
0 0.375 0.015 -0.1690390021 2
0 0.375 0.025 -0.2793151006 2
0 0.375 0.035 -0.3859989839 2
0 0.375 0.045 -0.4877186121 2
0 0.375 0.055 -0.5831657894 2
0 0.375 0.065 -0.671112989 2
0 0.375 0.075 -0.7504291396 2
0 0.375 0.085 -0.8200941722 2
0 0.375 0.095 -0.8792121389 2
0 0.375 0.105 -0.9270227354 2
0 0.375 0.115 -0.9629110792 1
0 0.375 0.125 -0.9864156176 1
0 0.375 0.135 -0.9972340634 1
0 0.375 0.145 -0.9952272828 1
0 0.375 0.155 -0.9804210847 1
0 0.375 0.165 -0.9530058884 1
0 0.375 0.175 -0.9133342754 1
0 0.375 0.185 -0.8619164543 1
0 0.375 0.195 -0.7994136993 1
0 0.375 0.205 -0.7266298457 2
0 0.375 0.215 -0.6445009521 2
0 0.375 0.225 -0.5540832615 2
0 0.375 0.235 -0.4565396178 2
0 0.375 0.245 -0.35312451 2
0 0.375 0.255 -0.245167939 2
0 0.375 0.265 -0.1340583125 2
0 0.375 0.275 -0.02122458904 2
0 0.375 0.285 0.09188209956 2
0 0.375 0.295 0.203807111 2
0 0.375 0.305 0.3131110002 2
0 0.375 0.315 0.4183880319 2
0 0.375 0.325 0.5182842595 2
0 0.375 0.335 0.6115149375 2
0 0.375 0.345 0.6968810452 2
0 0.375 0.355 0.7732847061 2
0 0.375 0.365 0.8397433082 2
0 0.375 0.375 0.8954021407 2
0 0.375 0.385 0.9395453867 2
0 0.375 0.395 0.9716053287 2
0 0.375 0.405 0 2
0 0.375 0.415 0 2
0 0.375 0.425 0 2
0 0.375 0.435 0 2
0 0.375 0.445 0 2
0 0.375 0.455 0 2
0 0.375 0.465 0 2
0 0.385 -0.455 0 2
0 0.385 -0.445 0 2
0 0.385 -0.435 0 2
0 0.385 -0.425 0 2
0 0.385 -0.415 0 2
0 0.385 -0.405 0 2
0 0.385 -0.395 -0.9679972008 2
0 0.385 -0.385 -0.9360563157 2
0 0.385 -0.375 -0.8920769989 2
0 0.385 -0.365 -0.8366248596 2
0 0.385 -0.355 -0.7704130564 2
0 0.385 -0.345 -0.6942931261 2
0 0.385 -0.335 -0.6092440318 2
0 0.385 -0.325 -0.5163595727 2
0 0.385 -0.315 -0.4168343172 2
0 0.385 -0.305 -0.3119482395 2
0 0.385 -0.295 -0.2030502583 2
0 0.385 -0.285 -0.09154088862 1
0 0.385 -0.275 0.02114576997 1
0 0.385 -0.265 0.1335604771 1
0 0.385 -0.255 0.2442574898 1
0 0.385 -0.245 0.3518131561 1
0 0.385 -0.235 0.4548442243 1
0 0.385 -0.225 0.5520256326 1
0 0.385 -0.215 0.6421075504 1
0 0.385 -0.205 0.7239314523 1
0 0.385 -0.195 0.7964450177 1
0 0.385 -0.185 0.8587156641 1
0 0.385 -0.175 0.9099425414 1
0 0.385 -0.165 0.9494668309 1
0 0.385 -0.155 0.9767802188 1
0 0.385 -0.145 0.991531433 1
0 0.385 -0.135 0.9935307613 2
0 0.385 -0.125 0.9827524905 2
0 0.385 -0.115 0.959335238 2
0 0.385 -0.105 0.9235801682 2
0 0.385 -0.095 0.8759471199 2
0 0.385 -0.085 0.8170486921 2
0 0.385 -0.075 0.7476423657 2
0 0.385 -0.065 0.6686207615 2
0 0.385 -0.055 0.5810001603 2
0 0.385 -0.045 0.4859074331 2
0 0.385 -0.035 0.3845655483 2
0 0.385 -0.025 0.2782778434 2
0 0.385 -0.015 0.1684112633 2
0 0.385 -0.005 0.0563787798 2
0 0.385 0.005 -0.0563787798 2
0 0.385 0.015 -0.1684112633 2
0 0.385 0.025 -0.2782778434 2
0 0.385 0.035 -0.3845655483 2
0 0.385 0.045 -0.4859074331 2
0 0.385 0.055 -0.5810001603 2
0 0.385 0.065 -0.6686207615 2
0 0.385 0.075 -0.7476423657 2
0 0.385 0.085 -0.8170486921 2
0 0.385 0.095 -0.8759471199 2
0 0.385 0.105 -0.9235801682 2
0 0.385 0.115 -0.959335238 1
0 0.385 0.125 -0.9827524905 1
0 0.385 0.135 -0.9935307613 1
0 0.385 0.145 -0.991531433 1
0 0.385 0.155 -0.9767802188 1
0 0.385 0.165 -0.9494668309 1
0 0.385 0.175 -0.9099425414 1
0 0.385 0.185 -0.8587156641 1
0 0.385 0.195 -0.7964450177 2
0 0.385 0.205 -0.7239314523 2
0 0.385 0.215 -0.6421075504 2
0 0.385 0.225 -0.5520256326 2
0 0.385 0.235 -0.4548442243 2
0 0.385 0.245 -0.3518131561 2
0 0.385 0.255 -0.2442574898 2
0 0.385 0.265 -0.1335604771 2
0 0.385 0.275 -0.02114576997 2
0 0.385 0.285 0.09154088862 2
0 0.385 0.295 0.2030502583 2
0 0.385 0.305 0.3119482395 2
0 0.385 0.315 0.4168343172 2
0 0.385 0.325 0.5163595727 2
0 0.385 0.335 0.6092440318 2
0 0.385 0.345 0.6942931261 2
0 0.385 0.355 0.7704130564 2
0 0.385 0.365 0.8366248596 2
0 0.385 0.375 0.8920769989 2
0 0.385 0.385 0.9360563157 2
0 0.385 0.395 0.9679972008 2
0 0.385 0.405 0 2
0 0.385 0.415 0 2
0 0.385 0.425 0 2
0 0.385 0.435 0 2
0 0.385 0.445 0 2
0 0.385 0.455 0 2
0 0.385 0.465 0 2
0 0.395 -0.455 0 2
0 0.395 -0.445 0 2
0 0.395 -0.435 0 2
0 0.395 -0.425 0 2
0 0.395 -0.415 0 2
0 0.395 -0.405 0 2
0 0.395 -0.395 -0.9625511225 2
0 0.395 -0.385 -0.930789941 2
0 0.395 -0.375 -0.8870580576 2
0 0.395 -0.365 -0.8319178992 2
0 0.395 -0.355 -0.7660786122 2
0 0.395 -0.345 -0.6903869426 2
0 0.395 -0.335 -0.6058163455 2
0 0.395 -0.325 -0.5134544665 2
0 0.395 -0.315 -0.414489153 2
0 0.395 -0.305 -0.310193178 2
0 0.395 -0.295 -0.2019078711 2
0 0.395 -0.285 -0.09102586766 1
0 0.395 -0.275 0.02102680111 1
0 0.395 -0.265 0.1328090484 1
0 0.395 -0.255 0.2428832653 1
0 0.395 -0.245 0.3498338095 1
0 0.395 -0.235 0.4522852115 1
0 0.395 -0.225 0.5489198645 1
0 0.395 -0.215 0.6384949697 1
0 0.395 -0.205 0.7198585197 1
0 0.395 -0.195 0.7919641143 1
0 0.395 -0.185 0.8538844179 1
0 0.395 -0.175 0.9048230861 2
0 0.395 -0.165 0.9441250069 2
0 0.395 -0.155 0.9712847261 2
0 0.395 -0.145 0.9859529481 2
0 0.395 -0.135 0.9879410278 2
0 0.395 -0.125 0.977223397 2
0 0.395 -0.115 0.953937893 2
0 0.395 -0.105 0.9183839859 2
0 0.395 -0.095 0.8710189273 2
0 0.395 -0.085 0.8124518698 2
0 0.395 -0.075 0.7434360324 2
0 0.395 -0.065 0.664859014 2
0 0.395 -0.055 0.5777313777 2
0 0.395 -0.045 0.4831736546 2
0 0.395 -0.035 0.3824019324 2
0 0.395 -0.025 0.276712216 2
0 0.395 -0.015 0.1674637596 2
0 0.395 -0.005 0.05606158545 2
0 0.395 0.005 -0.05606158545 2
0 0.395 0.015 -0.1674637596 2
0 0.395 0.025 -0.276712216 2
0 0.395 0.035 -0.3824019324 2
0 0.395 0.045 -0.4831736546 2
0 0.395 0.055 -0.5777313777 2
0 0.395 0.065 -0.664859014 2
0 0.395 0.075 -0.7434360324 2
0 0.395 0.085 -0.8124518698 2
0 0.395 0.095 -0.8710189273 2
0 0.395 0.105 -0.9183839859 2
0 0.395 0.115 -0.953937893 1
0 0.395 0.125 -0.977223397 1
0 0.395 0.135 -0.9879410278 1
0 0.395 0.145 -0.9859529481 1
0 0.395 0.155 -0.9712847261 1
0 0.395 0.165 -0.9441250069 1
0 0.395 0.175 -0.9048230861 1
0 0.395 0.185 -0.8538844179 1
0 0.395 0.195 -0.7919641143 2
0 0.395 0.205 -0.7198585197 2
0 0.395 0.215 -0.6384949697 2
0 0.395 0.225 -0.5489198645 2
0 0.395 0.235 -0.4522852115 2
0 0.395 0.245 -0.3498338095 2
0 0.395 0.255 -0.2428832653 2
0 0.395 0.265 -0.1328090484 2
0 0.395 0.275 -0.02102680111 2
0 0.395 0.285 0.09102586766 2
0 0.395 0.295 0.2019078711 2
0 0.395 0.305 0.310193178 2
0 0.395 0.315 0.414489153 2
0 0.395 0.325 0.5134544665 2
0 0.395 0.335 0.6058163455 2
0 0.395 0.345 0.6903869426 2
0 0.395 0.355 0.7660786122 2
0 0.395 0.365 0.8319178992 2
0 0.395 0.375 0.8870580576 2
0 0.395 0.385 0.930789941 2
0 0.395 0.395 0.9625511225 2
0 0.395 0.405 0 2
0 0.395 0.415 0 2
0 0.395 0.425 0 2
0 0.395 0.435 0 2
0 0.395 0.445 0 2
0 0.395 0.455 0 2
0 0.395 0.465 0 2
0 0.405 -0.455 0 2
0 0.405 -0.445 0 2
0 0.405 -0.435 0 1
0 0.405 -0.425 0 1
0 0.405 -0.415 0 1
0 0.405 -0.405 0 1
0 0.405 -0.395 -0.9552774344 2
0 0.405 -0.385 -0.9237562619 2
0 0.405 -0.375 -0.8803548462 2
0 0.405 -0.365 -0.8256313641 2
0 0.405 -0.355 -0.7602896034 2
0 0.405 -0.345 -0.6851699113 2
0 0.405 -0.335 -0.601238387 2
0 0.405 -0.325 -0.5095744568 2
0 0.405 -0.315 -0.4113569923 2
0 0.405 -0.305 -0.3078491483 2
0 0.405 -0.295 -0.2003821185 2
0 0.405 -0.285 -0.09033801456 1
0 0.405 -0.275 0.02086790836 1
0 0.405 -0.265 0.1318054533 1
0 0.405 -0.255 0.2410478749 1
0 0.405 -0.245 0.3471902283 1
0 0.405 -0.235 0.4488674381 1
0 0.405 -0.225 0.5447718542 1
0 0.405 -0.215 0.6336700693 1
0 0.405 -0.205 0.7144187812 1
0 0.405 -0.195 0.7859794971 1
0 0.405 -0.185 0.847431889 1
0 0.405 -0.175 0.8979856301 2
0 0.405 -0.165 0.9369905589 2
0 0.405 -0.155 0.9639450409 2
0 0.405 -0.145 0.9785024199 2
0 0.405 -0.135 0.9804754764 2
0 0.405 -0.125 0.9698388353 2
0 0.405 -0.115 0.9467292922 2
0 0.405 -0.105 0.9114440545 2
0 0.405 -0.095 0.8644369184 2
0 0.405 -0.085 0.8063124332 2
0 0.405 -0.075 0.7378181263 2
0 0.405 -0.065 0.659834889 2
0 0.405 -0.055 0.5733656482 2
0 0.405 -0.045 0.4795224673 2
0 0.405 -0.035 0.3795122445 2
0 0.405 -0.025 0.2746211911 2
0 0.405 -0.015 0.16619829 2
0 0.405 -0.005 0.05563794614 2
0 0.405 0.005 -0.05563794614 2
0 0.405 0.015 -0.16619829 2
0 0.405 0.025 -0.2746211911 2
0 0.405 0.035 -0.3795122445 2
0 0.405 0.045 -0.4795224673 2
0 0.405 0.055 -0.5733656482 2
0 0.405 0.065 -0.659834889 2
0 0.405 0.075 -0.7378181263 2
0 0.405 0.085 -0.8063124332 2
0 0.405 0.095 -0.8644369184 2
0 0.405 0.105 -0.9114440545 2
0 0.405 0.115 -0.9467292922 1
0 0.405 0.125 -0.9698388353 1
0 0.405 0.135 -0.9804754764 1
0 0.405 0.145 -0.9785024199 1
0 0.405 0.155 -0.9639450409 1
0 0.405 0.165 -0.9369905589 1
0 0.405 0.175 -0.8979856301 1
0 0.405 0.185 -0.847431889 2
0 0.405 0.195 -0.7859794971 2
0 0.405 0.205 -0.7144187812 2
0 0.405 0.215 -0.6336700693 2
0 0.405 0.225 -0.5447718542 2
0 0.405 0.235 -0.4488674381 2
0 0.405 0.245 -0.3471902283 2
0 0.405 0.255 -0.2410478749 2
0 0.405 0.265 -0.1318054533 2
0 0.405 0.275 -0.02086790836 2
0 0.405 0.285 0.09033801456 2
0 0.405 0.295 0.2003821185 2
0 0.405 0.305 0.3078491483 2
0 0.405 0.315 0.4113569923 2
0 0.405 0.325 0.5095744568 2
0 0.405 0.335 0.601238387 2
0 0.405 0.345 0.6851699113 2
0 0.405 0.355 0.7602896034 2
0 0.405 0.365 0.8256313641 2
0 0.405 0.375 0.8803548462 2
0 0.405 0.385 0.9237562619 2
0 0.405 0.395 0.9552774344 2
0 0.405 0.405 0 2
0 0.405 0.415 0 2
0 0.405 0.425 0 2
0 0.405 0.435 0 2
0 0.405 0.445 0 2
0 0.405 0.455 0 2
0 0.405 0.465 0 2
0 0.415 -0.455 0 2
0 0.415 -0.445 0 2
0 0.415 -0.435 0 1
0 0.415 -0.425 0 1
0 0.415 -0.415 0 1
0 0.415 -0.405 0 1
0 0.415 -0.395 -0.9461899471 1
0 0.415 -0.385 -0.9149686333 2
0 0.415 -0.375 -0.8719800922 2
0 0.415 -0.365 -0.8177771908 2
0 0.415 -0.355 -0.7530570217 2
0 0.415 -0.345 -0.6786519379 2
0 0.415 -0.335 -0.5955188483 2
0 0.415 -0.325 -0.5047269107 2
0 0.415 -0.315 -0.407443782 2
0 0.415 -0.305 -0.3049206009 2
0 0.415 -0.295 -0.1984758974 2
0 0.415 -0.285 -0.08947863535 1
0 0.415 -0.275 0.02066939341 1
0 0.415 -0.265 0.1305515973 1
0 0.415 -0.255 0.2387548033 1
0 0.415 -0.245 0.343887432 1
0 0.415 -0.235 0.4445973936 1
0 0.415 -0.225 0.5395894777 1
0 0.415 -0.215 0.6276420103 1
0 0.415 -0.205 0.7076225654 1
0 0.415 -0.195 0.7785025292 1
0 0.415 -0.185 0.8393703288 2
0 0.415 -0.175 0.8894431557 2
0 0.415 -0.165 0.9280770334 2
0 0.415 -0.155 0.9547750993 2
0 0.415 -0.145 0.9691939949 2
0 0.415 -0.135 0.9711482819 2
0 0.415 -0.125 0.9606128264 2
0 0.415 -0.115 0.9377231228 2
0 0.415 -0.105 0.9027735511 2
0 0.415 -0.095 0.8562135906 2
0 0.415 -0.085 0.7986420396 2
0 0.415 -0.075 0.7307993141 2
0 0.415 -0.065 0.653557926 2
0 0.415 -0.055 0.567911261 2
0 0.415 -0.045 0.4749608036 2
0 0.415 -0.035 0.3759019711 2
0 0.415 -0.025 0.272008739 2
0 0.415 -0.015 0.1646172573 2
0 0.415 -0.005 0.05510866626 2
0 0.415 0.005 -0.05510866626 2
0 0.415 0.015 -0.1646172573 2
0 0.415 0.025 -0.272008739 2
0 0.415 0.035 -0.3759019711 2
0 0.415 0.045 -0.4749608036 2
0 0.415 0.055 -0.567911261 2
0 0.415 0.065 -0.653557926 2
0 0.415 0.075 -0.7307993141 2
0 0.415 0.085 -0.7986420396 2
0 0.415 0.095 -0.8562135906 2
0 0.415 0.105 -0.9027735511 2
0 0.415 0.115 -0.9377231228 1
0 0.415 0.125 -0.9606128264 1
0 0.415 0.135 -0.9711482819 1
0 0.415 0.145 -0.9691939949 1
0 0.415 0.155 -0.9547750993 1
0 0.415 0.165 -0.9280770334 1
0 0.415 0.175 -0.8894431557 2
0 0.415 0.185 -0.8393703288 2
0 0.415 0.195 -0.7785025292 2
0 0.415 0.205 -0.7076225654 2
0 0.415 0.215 -0.6276420103 2
0 0.415 0.225 -0.5395894777 2
0 0.415 0.235 -0.4445973936 2
0 0.415 0.245 -0.343887432 2
0 0.415 0.255 -0.2387548033 2
0 0.415 0.265 -0.1305515973 2
0 0.415 0.275 -0.02066939341 2
0 0.415 0.285 0.08947863535 2
0 0.415 0.295 0.1984758974 2
0 0.415 0.305 0.3049206009 2
0 0.415 0.315 0.407443782 2
0 0.415 0.325 0.5047269107 2
0 0.415 0.335 0.5955188483 2
0 0.415 0.345 0.6786519379 2
0 0.415 0.355 0.7530570217 2
0 0.415 0.365 0.8177771908 2
0 0.415 0.375 0.8719800922 2
0 0.415 0.385 0.9149686333 2
0 0.415 0.395 0.9461899471 2
0 0.415 0.405 0 2
0 0.415 0.415 0 2
0 0.415 0.425 0 2
0 0.415 0.435 0 2
0 0.415 0.445 0 2
0 0.415 0.455 0 2
0 0.415 0.465 0 2
0 0.425 -0.455 0 1
0 0.425 -0.445 0 1
0 0.425 -0.435 0 1
0 0.425 -0.425 0 1
0 0.425 -0.415 0 1
0 0.425 -0.405 0 1
0 0.425 -0.395 -0.9353059151 1
0 0.425 -0.385 -0.9044437404 1
0 0.425 -0.375 -0.8619496969 2
0 0.425 -0.365 -0.808370292 2
0 0.425 -0.355 -0.7443945996 2
0 0.425 -0.345 -0.6708453983 2
0 0.425 -0.335 -0.5886685893 2
0 0.425 -0.325 -0.4989210323 2
0 0.425 -0.315 -0.4027569523 2
0 0.425 -0.305 -0.3014130964 2
0 0.425 -0.295 -0.1961928273 2
0 0.425 -0.285 -0.08844936176 2
0 0.425 -0.275 0.02043163318 1
0 0.425 -0.265 0.129049861 1
0 0.425 -0.255 0.2360084046 1
0 0.425 -0.245 0.3399316916 1
0 0.425 -0.235 0.4394831856 1
0 0.425 -0.225 0.5333825749 1
0 0.425 -0.215 0.6204222383 1
0 0.425 -0.205 0.6994827763 2
0 0.425 -0.195 0.7695474072 2
0 0.425 -0.185 0.829715044 2
0 0.425 -0.175 0.8792118827 2
0 0.425 -0.165 0.9174013545 2
0 0.425 -0.155 0.9437923122 2
0 0.425 -0.145 0.9580453472 2
0 0.425 -0.135 0.959977154 2
0 0.425 -0.125 0.9495628879 2
0 0.425 -0.115 0.9269364848 2
0 0.425 -0.105 0.8923889384 2
0 0.425 -0.095 0.8463645575 2
0 0.425 -0.085 0.7894552526 2
0 0.425 -0.075 0.7223929227 2
0 0.425 -0.065 0.6460400429 2
0 0.425 -0.055 0.5613785723 2
0 0.425 -0.045 0.469497325 2
0 0.425 -0.035 0.3715779671 2
0 0.425 -0.025 0.2688798199 2
0 0.425 -0.015 0.1627236634 2
0 0.425 -0.005 0.05447475075 2
0 0.425 0.005 -0.05447475075 2
0 0.425 0.015 -0.1627236634 2
0 0.425 0.025 -0.2688798199 2
0 0.425 0.035 -0.3715779671 2
0 0.425 0.045 -0.469497325 2
0 0.425 0.055 -0.5613785723 2
0 0.425 0.065 -0.6460400429 2
0 0.425 0.075 -0.7223929227 2
0 0.425 0.085 -0.7894552526 2
0 0.425 0.095 -0.8463645575 2
0 0.425 0.105 -0.8923889384 2
0 0.425 0.115 -0.9269364848 2
0 0.425 0.125 -0.9495628879 1
0 0.425 0.135 -0.959977154 1
0 0.425 0.145 -0.9580453472 1
0 0.425 0.155 -0.9437923122 2
0 0.425 0.165 -0.9174013545 2
0 0.425 0.175 -0.8792118827 2
0 0.425 0.185 -0.829715044 2
0 0.425 0.195 -0.7695474072 2
0 0.425 0.205 -0.6994827763 2
0 0.425 0.215 -0.6204222383 2
0 0.425 0.225 -0.5333825749 2
0 0.425 0.235 -0.4394831856 2
0 0.425 0.245 -0.3399316916 2
0 0.425 0.255 -0.2360084046 2
0 0.425 0.265 -0.129049861 2
0 0.425 0.275 -0.02043163318 2
0 0.425 0.285 0.08844936176 2
0 0.425 0.295 0.1961928273 2
0 0.425 0.305 0.3014130964 2
0 0.425 0.315 0.4027569523 2
0 0.425 0.325 0.4989210323 2
0 0.425 0.335 0.5886685893 2
0 0.425 0.345 0.6708453983 2
0 0.425 0.355 0.7443945996 2
0 0.425 0.365 0.808370292 2
0 0.425 0.375 0.8619496969 2
0 0.425 0.385 0.9044437404 2
0 0.425 0.395 0.9353059151 2
0 0.425 0.405 0 2
0 0.425 0.415 0 2
0 0.425 0.425 0 2
0 0.425 0.435 0 2
0 0.425 0.445 0 2
0 0.425 0.455 0 2
0 0.425 0.465 0 2
0 0.435 -0.455 0 1
0 0.435 -0.445 0 1
0 0.435 -0.435 0 1
0 0.435 -0.425 0 1
0 0.435 -0.415 0 1
0 0.435 -0.405 0 1
0 0.435 -0.395 -0.9226460042 1
0 0.435 -0.385 -0.892201567 1
0 0.435 -0.375 -0.8502827052 1
0 0.435 -0.365 -0.7974285288 1
0 0.435 -0.355 -0.7343187847 1
0 0.435 -0.345 -0.6617651147 1
0 0.435 -0.335 -0.5807006168 1
0 0.435 -0.325 -0.4921678452 1
0 0.435 -0.315 -0.3973054022 1
0 0.435 -0.305 -0.2973332944 2
0 0.435 -0.295 -0.193537243 2
0 0.435 -0.285 -0.08725214808 2
0 0.435 -0.275 0.02015507912 2
0 0.435 -0.265 0.1273030959 2
0 0.435 -0.255 0.2328138932 1
0 0.435 -0.245 0.3353305179 2
0 0.435 -0.235 0.4335345244 2
0 0.435 -0.225 0.5261629307 2
0 0.435 -0.215 0.6120244616 2
0 0.435 -0.205 0.6900148691 2
0 0.435 -0.195 0.7591311344 2
0 0.435 -0.185 0.8184843671 2
0 0.435 -0.175 0.8673112372 2
0 0.435 -0.165 0.9049837922 2
0 0.435 -0.155 0.931017533 2
0 0.435 -0.145 0.9450776449 2
0 0.435 -0.135 0.9469833035 2
0 0.435 -0.125 0.9367100006 2
0 0.435 -0.115 0.9143898591 2
0 0.435 -0.105 0.8803099338 2
0 0.435 -0.095 0.8349085198 2
0 0.435 -0.085 0.7787695155 2
0 0.435 -0.075 0.7126149133 2
0 0.435 -0.065 0.6372955143 2
0 0.435 -0.055 0.5537799861 2
0 0.435 -0.045 0.463142405 2
0 0.435 -0.035 0.3665484427 2
0 0.435 -0.025 0.2652403748 2
0 0.435 -0.015 0.1605211038 2
0 0.435 -0.005 0.05373740324 2
0 0.435 0.005 -0.05373740324 2
0 0.435 0.015 -0.1605211038 2
0 0.435 0.025 -0.2652403748 2
0 0.435 0.035 -0.3665484427 2
0 0.435 0.045 -0.463142405 2
0 0.435 0.055 -0.5537799861 2
0 0.435 0.065 -0.6372955143 2
0 0.435 0.075 -0.7126149133 2
0 0.435 0.085 -0.7787695155 2
0 0.435 0.095 -0.8349085198 2
0 0.435 0.105 -0.8803099338 2
0 0.435 0.115 -0.9143898591 2
0 0.435 0.125 -0.9367100006 2
0 0.435 0.135 -0.9469833035 2
0 0.435 0.145 -0.9450776449 2
0 0.435 0.155 -0.931017533 2
0 0.435 0.165 -0.9049837922 2
0 0.435 0.175 -0.8673112372 2
0 0.435 0.185 -0.8184843671 2
0 0.435 0.195 -0.7591311344 2
0 0.435 0.205 -0.6900148691 2
0 0.435 0.215 -0.6120244616 2
0 0.435 0.225 -0.5261629307 2
0 0.435 0.235 -0.4335345244 2
0 0.435 0.245 -0.3353305179 2
0 0.435 0.255 -0.2328138932 2
0 0.435 0.265 -0.1273030959 2
0 0.435 0.275 -0.02015507912 2
0 0.435 0.285 0.08725214808 2
0 0.435 0.295 0.193537243 2
0 0.435 0.305 0.2973332944 2
0 0.435 0.315 0.3973054022 2
0 0.435 0.325 0.4921678452 2
0 0.435 0.335 0.5807006168 2
0 0.435 0.345 0.6617651147 2
0 0.435 0.355 0.7343187847 2
0 0.435 0.365 0.7974285288 2
0 0.435 0.375 0.8502827052 2
0 0.435 0.385 0.892201567 2
0 0.435 0.395 0.9226460042 2
0 0.435 0.405 0 2
0 0.435 0.415 0 2
0 0.435 0.425 0 2
0 0.435 0.435 0 2
0 0.435 0.445 0 2
0 0.435 0.455 0 2
0 0.435 0.465 0 2
0 0.445 -0.455 0 1
0 0.445 -0.445 0 1
0 0.445 -0.435 0 1
0 0.445 -0.425 0 1
0 0.445 -0.415 0 1
0 0.445 -0.405 0 1
0 0.445 -0.395 -0.9082342519 1
0 0.445 -0.385 -0.8782653576 1
0 0.445 -0.375 -0.8370012694 1
0 0.445 -0.365 -0.7849726764 1
0 0.445 -0.355 -0.722848708 1
0 0.445 -0.345 -0.651428328 1
0 0.445 -0.335 -0.5716300595 1
0 0.445 -0.325 -0.4844801719 1
0 0.445 -0.315 -0.3910994824 1
0 0.445 -0.305 -0.2926889413 1
0 0.445 -0.295 -0.1905141867 1
0 0.445 -0.285 -0.08588926747 2
0 0.445 -0.275 0.01984025631 2
0 0.445 -0.265 0.1253146185 2
0 0.445 -0.255 0.2291773347 2
0 0.445 -0.245 0.3300926474 2
0 0.445 -0.235 0.426762705 2
0 0.445 -0.225 0.5179442534 2
0 0.445 -0.215 0.6024646251 2
0 0.445 -0.205 0.6792368206 2
0 0.445 -0.195 0.7472734882 2
0 0.445 -0.185 0.805699622 2
0 0.445 -0.175 0.8537638153 2
0 0.445 -0.165 0.8908479241 2
0 0.445 -0.155 0.9164750173 2
0 0.445 -0.145 0.9303155098 2
0 0.445 -0.135 0.932191402 2
0 0.445 -0.125 0.9220785683 2
0 0.445 -0.115 0.900107068 2
0 0.445 -0.105 0.8665594719 2
0 0.445 -0.095 0.8218672291 2
0 0.445 -0.085 0.7666051173 2
0 0.445 -0.075 0.7014838516 2
0 0.445 -0.065 0.6273409434 2
0 0.445 -0.055 0.5451299296 2
0 0.445 -0.045 0.4559081097 2
0 0.445 -0.035 0.3608229474 2
0 0.445 -0.025 0.2610973139 2
0 0.445 -0.015 0.1580137604 2
0 0.445 -0.005 0.05289802373 2
0 0.445 0.005 -0.05289802373 2
0 0.445 0.015 -0.1580137604 2
0 0.445 0.025 -0.2610973139 2
0 0.445 0.035 -0.3608229474 2
0 0.445 0.045 -0.4559081097 2
0 0.445 0.055 -0.5451299296 2
0 0.445 0.065 -0.6273409434 2
0 0.445 0.075 -0.7014838516 2
0 0.445 0.085 -0.7666051173 2
0 0.445 0.095 -0.8218672291 2
0 0.445 0.105 -0.8665594719 2
0 0.445 0.115 -0.900107068 2
0 0.445 0.125 -0.9220785683 2
0 0.445 0.135 -0.932191402 2
0 0.445 0.145 -0.9303155098 2
0 0.445 0.155 -0.9164750173 2
0 0.445 0.165 -0.8908479241 2
0 0.445 0.175 -0.8537638153 2
0 0.445 0.185 -0.805699622 2
0 0.445 0.195 -0.7472734882 2
0 0.445 0.205 -0.6792368206 2
0 0.445 0.215 -0.6024646251 2
0 0.445 0.225 -0.5179442534 2
0 0.445 0.235 -0.426762705 2
0 0.445 0.245 -0.3300926474 2
0 0.445 0.255 -0.2291773347 2
0 0.445 0.265 -0.1253146185 2
0 0.445 0.275 -0.01984025631 2
0 0.445 0.285 0.08588926747 2
0 0.445 0.295 0.1905141867 2
0 0.445 0.305 0.2926889413 2
0 0.445 0.315 0.3910994824 2
0 0.445 0.325 0.4844801719 2
0 0.445 0.335 0.5716300595 2
0 0.445 0.345 0.651428328 2
0 0.445 0.355 0.722848708 2
0 0.445 0.365 0.7849726764 2
0 0.445 0.375 0.8370012694 2
0 0.445 0.385 0.8782653576 2
0 0.445 0.395 0.9082342519 2
0 0.445 0.405 0 2
0 0.445 0.415 0 2
0 0.445 0.425 0 2
0 0.445 0.435 0 2
0 0.445 0.445 0 2
0 0.445 0.455 0 2
0 0.445 0.465 0 2
0 0.455 -0.455 0 1
0 0.455 -0.445 0 1
0 0.455 -0.435 0 1
0 0.455 -0.425 0 1
0 0.455 -0.415 0 1
0 0.455 -0.405 0 1
0 0.455 -0.395 -0.8920980221 1
0 0.455 -0.385 -0.8626615729 1
0 0.455 -0.375 -0.822130607 1
0 0.455 -0.365 -0.771026385 1
0 0.455 -0.355 -0.710006148 1
0 0.455 -0.345 -0.6398546649 1
0 0.455 -0.335 -0.5614741399 1
0 0.455 -0.325 -0.475872609 1
0 0.455 -0.315 -0.3841509764 1
0 0.455 -0.305 -0.2874888555 1
0 0.455 -0.295 -0.1871293983 1
0 0.455 -0.285 -0.08436330767 1
0 0.455 -0.275 0.01948776251 2
0 0.455 -0.265 0.1230882045 2
0 0.455 -0.255 0.2251056339 2
0 0.455 -0.245 0.3242280251 2
0 0.455 -0.235 0.4191805849 2
0 0.455 -0.225 0.5087421477 2
0 0.455 -0.215 0.5917608802 2
0 0.455 -0.205 0.6671690953 2
0 0.455 -0.195 0.733996983 2
0 0.455 -0.185 0.7913850834 2
0 0.455 -0.175 0.8385953396 2
0 0.455 -0.165 0.8750205901 2
0 0.455 -0.155 0.900192377 2
0 0.455 -0.145 0.9137869712 2
0 0.455 -0.135 0.9156295351 2
0 0.455 -0.125 0.9056963721 2
0 0.455 -0.115 0.8841152305 2
0 0.455 -0.105 0.851163661 2
0 0.455 -0.095 0.8072654471 2
0 0.455 -0.085 0.7529851549 2
0 0.455 -0.075 0.6890208723 2
0 0.455 -0.065 0.6161952311 2
0 0.455 -0.055 0.5354448271 2
0 0.455 -0.045 0.4478081751 2
0 0.455 -0.035 0.3544123523 2
0 0.455 -0.025 0.2564585037 2
0 0.455 -0.015 0.1552063939 2
0 0.455 -0.005 0.05195820598 2
0 0.455 0.005 -0.05195820598 2
0 0.455 0.015 -0.1552063939 2
0 0.455 0.025 -0.2564585037 2
0 0.455 0.035 -0.3544123523 2
0 0.455 0.045 -0.4478081751 2
0 0.455 0.055 -0.5354448271 2
0 0.455 0.065 -0.6161952311 2
0 0.455 0.075 -0.6890208723 2
0 0.455 0.085 -0.7529851549 2
0 0.455 0.095 -0.8072654471 2
0 0.455 0.105 -0.851163661 2
0 0.455 0.115 -0.8841152305 2
0 0.455 0.125 -0.9056963721 2
0 0.455 0.135 -0.9156295351 2
0 0.455 0.145 -0.9137869712 2
0 0.455 0.155 -0.900192377 2
0 0.455 0.165 -0.8750205901 2
0 0.455 0.175 -0.8385953396 2
0 0.455 0.185 -0.7913850834 2
0 0.455 0.195 -0.733996983 2
0 0.455 0.205 -0.6671690953 2
0 0.455 0.215 -0.5917608802 2
0 0.455 0.225 -0.5087421477 2
0 0.455 0.235 -0.4191805849 2
0 0.455 0.245 -0.3242280251 2
0 0.455 0.255 -0.2251056339 2
0 0.455 0.265 -0.1230882045 2
0 0.455 0.275 -0.01948776251 2
0 0.455 0.285 0.08436330767 2
0 0.455 0.295 0.1871293983 2
0 0.455 0.305 0.2874888555 2
0 0.455 0.315 0.3841509764 2
0 0.455 0.325 0.475872609 2
0 0.455 0.335 0.5614741399 2
0 0.455 0.345 0.6398546649 2
0 0.455 0.355 0.710006148 2
0 0.455 0.365 0.771026385 2
0 0.455 0.375 0.822130607 2
0 0.455 0.385 0.8626615729 2
0 0.455 0.395 0.8920980221 2
0 0.455 0.405 0 2
0 0.455 0.415 0 2
0 0.455 0.425 0 2
0 0.455 0.435 0 2
0 0.455 0.445 0 2
0 0.455 0.455 0 2
0 0.455 0.465 0 2
0 0.465 -0.455 0 1
0 0.465 -0.445 0 1
0 0.465 -0.435 0 1
0 0.465 -0.425 0 1
0 0.465 -0.415 0 1
0 0.465 -0.405 0 1
0 0.465 -0.395 -0.8742679527 1
0 0.465 -0.385 -0.8454198401 1
0 0.465 -0.375 -0.8056989533 1
0 0.465 -0.365 -0.7556161345 1
0 0.465 -0.355 -0.6958154889 1
0 0.465 -0.345 -0.6270661004 1
0 0.465 -0.335 -0.5502521411 1
0 0.465 -0.325 -0.4663614999 1
0 0.465 -0.315 -0.3764730774 1
0 0.465 -0.305 -0.2817429104 1
0 0.465 -0.295 -0.1833893047 1
0 0.465 -0.285 -0.08267716602 1
0 0.465 -0.275 0.01909826702 2
0 0.465 -0.265 0.1206280811 2
0 0.465 -0.255 0.2206065217 2
0 0.465 -0.245 0.3177477863 2
0 0.465 -0.235 0.4108025606 2
0 0.465 -0.225 0.498574086 2
0 0.465 -0.215 0.5799335504 2
0 0.465 -0.205 0.6538346063 2
0 0.465 -0.195 0.719326827 2
0 0.465 -0.185 0.7755679303 2
0 0.465 -0.175 0.8218346107 2
0 0.465 -0.165 0.8575318417 2
0 0.465 -0.155 0.8822005284 2
0 0.465 -0.145 0.8955234119 2
0 0.465 -0.135 0.8973291491 2
0 0.465 -0.125 0.887594517 2
0 0.465 -0.115 0.8664447105 2
0 0.465 -0.105 0.8341517332 2
0 0.465 -0.095 0.7911308984 2
0 0.465 -0.085 0.7379354885 2
0 0.465 -0.075 0.675249639 2
0 0.465 -0.065 0.6038795399 2
0 0.465 -0.055 0.5247430677 2
0 0.465 -0.045 0.4388579806 2
0 0.465 -0.035 0.3473288294 2
0 0.465 -0.025 0.251332752 2
0 0.465 -0.015 0.1521043348 2
0 0.465 -0.005 0.05091973443 2
0 0.465 0.005 -0.05091973443 2
0 0.465 0.015 -0.1521043348 2
0 0.465 0.025 -0.251332752 2
0 0.465 0.035 -0.3473288294 1
0 0.465 0.045 -0.4388579806 1
0 0.465 0.055 -0.5247430677 1
0 0.465 0.065 -0.6038795399 1
0 0.465 0.075 -0.675249639 2
0 0.465 0.085 -0.7379354885 2
0 0.465 0.095 -0.7911308984 2
0 0.465 0.105 -0.8341517332 2
0 0.465 0.115 -0.8664447105 2
0 0.465 0.125 -0.887594517 2
0 0.465 0.135 -0.8973291491 2
0 0.465 0.145 -0.8955234119 2
0 0.465 0.155 -0.8822005284 2
0 0.465 0.165 -0.8575318417 2
0 0.465 0.175 -0.8218346107 2
0 0.465 0.185 -0.7755679303 2
0 0.465 0.195 -0.719326827 2
0 0.465 0.205 -0.6538346063 2
0 0.465 0.215 -0.5799335504 2
0 0.465 0.225 -0.498574086 2
0 0.465 0.235 -0.4108025606 2
0 0.465 0.245 -0.3177477863 2
0 0.465 0.255 -0.2206065217 2
0 0.465 0.265 -0.1206280811 2
0 0.465 0.275 -0.01909826702 2
0 0.465 0.285 0.08267716602 2
0 0.465 0.295 0.1833893047 2
0 0.465 0.305 0.2817429104 2
0 0.465 0.315 0.3764730774 2
0 0.465 0.325 0.4663614999 2
0 0.465 0.335 0.5502521411 2
0 0.465 0.345 0.6270661004 2
0 0.465 0.355 0.6958154889 2
0 0.465 0.365 0.7556161345 2
0 0.465 0.375 0.8056989533 2
0 0.465 0.385 0.8454198401 2
0 0.465 0.395 0.8742679527 2
0 0.465 0.405 0 2
0 0.465 0.415 0 2
0 0.465 0.425 0 2
0 0.465 0.435 0 2
0 0.465 0.445 0 2
0 0.465 0.455 0 2
0 0.465 0.465 0 2
0 0.475 -0.455 0 1
0 0.475 -0.445 0 1
0 0.475 -0.435 0 1
0 0.475 -0.425 0 1
0 0.475 -0.415 0 1
0 0.475 -0.405 0 1
0 0.475 -0.395 -0.854777898 1
0 0.475 -0.385 -0.8265728964 1
0 0.475 -0.375 -0.7877375073 1
0 0.475 -0.365 -0.7387711847 1
0 0.475 -0.355 -0.6803036748 1
0 0.475 -0.345 -0.6130869164 1
0 0.475 -0.335 -0.5379853706 1
0 0.475 -0.325 -0.4559649034 1
0 0.475 -0.315 -0.3680803634 1
0 0.475 -0.305 -0.275462016 1
0 0.475 -0.295 -0.1793010071 1
0 0.475 -0.285 -0.08083404403 1
0 0.475 -0.275 0.01867250937 2
0 0.475 -0.265 0.1179389194 2
0 0.475 -0.255 0.2156885407 1
0 0.475 -0.245 0.3106642352 1
0 0.475 -0.235 0.4016445395 1
0 0.475 -0.225 0.4874593743 1
0 0.475 -0.215 0.5670050923 2
0 0.475 -0.205 0.639258672 2
0 0.475 -0.195 0.7032908747 2
0 0.475 -0.185 0.7582781951 2
0 0.475 -0.175 0.8035134525 2
0 0.475 -0.165 0.8384148851 2
0 0.475 -0.155 0.8625336329 2
0 0.475 -0.145 0.8755595093 2
0 0.475 -0.135 0.8773249912 2
0 0.475 -0.125 0.8678073732 2
0 0.475 -0.115 0.8471290594 2
0 0.475 -0.105 0.8155559893 2
0 0.475 -0.095 0.773494218 2
0 0.475 -0.085 0.7214846934 2
0 0.475 -0.075 0.6601962994 2
0 0.475 -0.065 0.5904172539 2
0 0.475 -0.055 0.5130449709 2
0 0.475 -0.045 0.42907452 2
0 0.475 -0.035 0.3395858281 2
0 0.475 -0.025 0.2457297912 2
0 0.475 -0.015 0.148713473 2
0 0.475 -0.005 0.04978458084 2
0 0.475 0.005 -0.04978458084 2
0 0.475 0.015 -0.148713473 2
0 0.475 0.025 -0.2457297912 1
0 0.475 0.035 -0.3395858281 1
0 0.475 0.045 -0.42907452 1
0 0.475 0.055 -0.5130449709 1
0 0.475 0.065 -0.5904172539 1
0 0.475 0.075 -0.6601962994 1
0 0.475 0.085 -0.7214846934 1
0 0.475 0.095 -0.773494218 1
0 0.475 0.105 -0.8155559893 1
0 0.475 0.115 -0.8471290594 1
0 0.475 0.125 -0.8678073732 1
0 0.475 0.135 -0.8773249912 1
0 0.475 0.145 -0.8755595093 1
0 0.475 0.155 -0.8625336329 2
0 0.475 0.165 -0.8384148851 2
0 0.475 0.175 -0.8035134525 1
0 0.475 0.185 -0.7582781951 1
0 0.475 0.195 -0.7032908747 1
0 0.475 0.205 -0.639258672 1
0 0.475 0.215 -0.5670050923 1
0 0.475 0.225 -0.4874593743 1
0 0.475 0.235 -0.4016445395 1
0 0.475 0.245 -0.3106642352 1
0 0.475 0.255 -0.2156885407 2
0 0.475 0.265 -0.1179389194 2
0 0.475 0.275 -0.01867250937 2
0 0.475 0.285 0.08083404403 2
0 0.475 0.295 0.1793010071 2
0 0.475 0.305 0.275462016 2
0 0.475 0.315 0.3680803634 2
0 0.475 0.325 0.4559649034 2
0 0.475 0.335 0.5379853706 2
0 0.475 0.345 0.6130869164 2
0 0.475 0.355 0.6803036748 2
0 0.475 0.365 0.7387711847 2
0 0.475 0.375 0.7877375073 2
0 0.475 0.385 0.8265728964 2
0 0.475 0.395 0.854777898 2
0 0.475 0.405 0 2
0 0.475 0.415 0 2
0 0.475 0.425 0 2
0 0.475 0.435 0 2
0 0.475 0.445 0 2
0 0.475 0.455 0 2
0 0.475 0.465 0 2
0 0.485 -0.455 0 1
0 0.485 -0.445 0 1
0 0.485 -0.435 0 1
0 0.485 -0.425 0 1
0 0.485 -0.415 0 1
0 0.485 -0.405 0 1
0 0.485 -0.395 -0.8336648641 1
0 0.485 -0.385 -0.8061565267 1
0 0.485 -0.375 -0.7682803726 1
0 0.485 -0.365 -0.7205235193 1
0 0.485 -0.355 -0.6635001583 1
0 0.485 -0.345 -0.5979436553 1
0 0.485 -0.335 -0.5246971195 1
0 0.485 -0.325 -0.4447025597 1
0 0.485 -0.315 -0.3589887699 1
0 0.485 -0.305 -0.2686580978 1
0 0.485 -0.295 -0.174872268 1
0 0.485 -0.285 -0.07883744127 1
0 0.485 -0.275 0.01821129796 2
0 0.485 -0.265 0.1150258253 1
0 0.485 -0.255 0.2103610288 1
0 0.485 -0.245 0.3029908214 1
0 0.485 -0.235 0.3917239101 1
0 0.485 -0.225 0.4754191165 1
0 0.485 -0.215 0.5530000534 2
0 0.485 -0.205 0.623468968 2
0 0.485 -0.195 0.6859195738 2
0 0.485 -0.185 0.7395487061 2
0 0.485 -0.175 0.7836666515 2
0 0.485 -0.165 0.817706018 2
0 0.485 -0.155 0.8412290321 2
0 0.485 -0.145 0.8539331691 2
0 0.485 -0.135 0.8556550436 2
0 0.485 -0.125 0.8463725109 2
0 0.485 -0.115 0.8262049519 2
0 0.485 -0.105 0.7954117375 2
0 0.485 -0.095 0.7543888929 2
0 0.485 -0.085 0.7036640047 2
0 0.485 -0.075 0.6438894355 2
0 0.485 -0.065 0.575833934 2
0 0.485 -0.055 0.5003727483 2
0 0.485 -0.045 0.4184763694 2
0 0.485 -0.035 0.3311980502 2
0 0.485 -0.025 0.2396602597 2
0 0.485 -0.015 0.1450402468 2
0 0.485 -0.005 0.04855490053 2
0 0.485 0.005 -0.04855490053 2
0 0.485 0.015 -0.1450402468 2
0 0.485 0.025 -0.2396602597 1
0 0.485 0.035 -0.3311980502 1
0 0.485 0.045 -0.4184763694 1
0 0.485 0.055 -0.5003727483 1
0 0.485 0.065 -0.575833934 1
0 0.485 0.075 -0.6438894355 1
0 0.485 0.085 -0.7036640047 1
0 0.485 0.095 -0.7543888929 1
0 0.485 0.105 -0.7954117375 1
0 0.485 0.115 -0.8262049519 1
0 0.485 0.125 -0.8463725109 1
0 0.485 0.135 -0.8556550436 1
0 0.485 0.145 -0.8539331691 1
0 0.485 0.155 -0.8412290321 1
0 0.485 0.165 -0.817706018 1
0 0.485 0.175 -0.7836666515 1
0 0.485 0.185 -0.7395487061 1
0 0.485 0.195 -0.6859195738 1
0 0.485 0.205 -0.623468968 1
0 0.485 0.215 -0.5530000534 1
0 0.485 0.225 -0.4754191165 1
0 0.485 0.235 -0.3917239101 1
0 0.485 0.245 -0.3029908214 1
0 0.485 0.255 -0.2103610288 1
0 0.485 0.265 -0.1150258253 2
0 0.485 0.275 -0.01821129796 2
0 0.485 0.285 0.07883744127 2
0 0.485 0.295 0.174872268 2
0 0.485 0.305 0.2686580978 2
0 0.485 0.315 0.3589887699 2
0 0.485 0.325 0.4447025597 2
0 0.485 0.335 0.5246971195 2
0 0.485 0.345 0.5979436553 2
0 0.485 0.355 0.6635001583 2
0 0.485 0.365 0.7205235193 2
0 0.485 0.375 0.7682803726 2
0 0.485 0.385 0.8061565267 2
0 0.485 0.395 0.8336648641 2
0 0.485 0.405 0 2
0 0.485 0.415 0 2
0 0.485 0.425 0 2
0 0.485 0.435 0 2
0 0.485 0.445 0 2
0 0.485 0.455 0 2
0 0.485 0.465 0 2
0 0.495 -0.455 0 2
0 0.495 -0.445 0 2
0 0.495 -0.435 0 1
0 0.495 -0.425 0 1
0 0.495 -0.415 0 1
0 0.495 -0.405 0 1
0 0.495 -0.395 -0.8109689386 1
0 0.495 -0.385 -0.7842094958 2
0 0.495 -0.375 -0.7473644927 2
0 0.495 -0.365 -0.7009077854 2
0 0.495 -0.355 -0.6454368443 1
0 0.495 -0.345 -0.58166507 1
0 0.495 -0.335 -0.5104126183 1
0 0.495 -0.325 -0.4325958528 1
0 0.495 -0.315 -0.3492155592 1
0 0.495 -0.305 -0.2613440746 1
0 0.495 -0.295 -0.1701114965 1
0 0.495 -0.285 -0.07669114871 2
0 0.495 -0.275 0.01771550849 1
0 0.495 -0.265 0.1118943301 1
0 0.495 -0.255 0.2046341013 1
0 0.495 -0.245 0.2947421145 1
0 0.495 -0.235 0.3810595087 1
0 0.495 -0.225 0.4624761734 1
0 0.495 -0.215 0.5379450252 1
0 0.495 -0.205 0.6064954743 2
0 0.495 -0.195 0.6672459074 2
0 0.495 -0.185 0.7194150252 2
0 0.495 -0.175 0.7623318913 2
0 0.495 -0.165 0.7954445606 2
0 0.495 -0.155 0.8183271776 2
0 0.495 -0.145 0.8306854536 2
0 0.495 -0.135 0.8323604513 2
0 0.495 -0.125 0.8233306289 2
0 0.495 -0.115 0.8037121171 2
0 0.495 -0.105 0.7737572258 2
0 0.495 -0.095 0.7338511986 2
0 0.495 -0.085 0.6845072589 2
0 0.495 -0.075 0.6263600094 2
0 0.495 -0.065 0.5601572699 2
0 0.495 -0.055 0.4867504605 2
0 0.495 -0.045 0.4070836516 2
0 0.495 -0.035 0.3221814219 2
0 0.495 -0.025 0.2331356817 2
0 0.495 -0.015 0.1410916305 2
0 0.495 -0.005 0.04723302834 2
0 0.495 0.005 -0.04723302834 2
0 0.495 0.015 -0.1410916305 2
0 0.495 0.025 -0.2331356817 1
0 0.495 0.035 -0.3221814219 1
0 0.495 0.045 -0.4070836516 1
0 0.495 0.055 -0.4867504605 1
0 0.495 0.065 -0.5601572699 1
0 0.495 0.075 -0.6263600094 1
0 0.495 0.085 -0.6845072589 1
0 0.495 0.095 -0.7338511986 1
0 0.495 0.105 -0.7737572258 1
0 0.495 0.115 -0.8037121171 1
0 0.495 0.125 -0.8233306289 1
0 0.495 0.135 -0.8323604513 1
0 0.495 0.145 -0.8306854536 1
0 0.495 0.155 -0.8183271776 1
0 0.495 0.165 -0.7954445606 1
0 0.495 0.175 -0.7623318913 1
0 0.495 0.185 -0.7194150252 1
0 0.495 0.195 -0.6672459074 1
0 0.495 0.205 -0.6064954743 1
0 0.495 0.215 -0.5379450252 1
0 0.495 0.225 -0.4624761734 1
0 0.495 0.235 -0.3810595087 1
0 0.495 0.245 -0.2947421145 1
0 0.495 0.255 -0.2046341013 1
0 0.495 0.265 -0.1118943301 1
0 0.495 0.275 -0.01771550849 2
0 0.495 0.285 0.07669114871 2
0 0.495 0.295 0.1701114965 2
0 0.495 0.305 0.2613440746 2
0 0.495 0.315 0.3492155592 2
0 0.495 0.325 0.4325958528 2
0 0.495 0.335 0.5104126183 2
0 0.495 0.345 0.58166507 2
0 0.495 0.355 0.6454368443 2
0 0.495 0.365 0.7009077854 2
0 0.495 0.375 0.7473644927 2
0 0.495 0.385 0.7842094958 2
0 0.495 0.395 0.8109689386 2
0 0.495 0.405 0 2
0 0.495 0.415 0 2
0 0.495 0.425 0 2
0 0.495 0.435 0 2
0 0.495 0.445 0 2
0 0.495 0.455 0 2
0 0.495 0.465 0 2
0 0.505 -0.455 0 2
0 0.505 -0.445 0 2
0 0.505 -0.435 0 2
0 0.505 -0.425 0 1
0 0.505 -0.415 0 1
0 0.505 -0.405 0 1
0 0.505 -0.395 -0.7867332145 1
0 0.505 -0.385 -0.760773475 2
0 0.505 -0.375 -0.725029581 2
0 0.505 -0.365 -0.6799612277 2
0 0.505 -0.355 -0.62614803 2
0 0.505 -0.345 -0.5642820686 2
0 0.505 -0.335 -0.4951589892 2
0 0.505 -0.325 -0.4196677698 2
0 0.505 -0.315 -0.3387792878 2
0 0.505 -0.305 -0.2535338335 2
0 0.505 -0.295 -0.1650277318 2
0 0.505 -0.285 -0.07439924155 1
0 0.505 -0.275 0.01718608232 1
0 0.505 -0.265 0.1085503794 1
0 0.505 -0.255 0.198518632 1
0 0.505 -0.245 0.2859337764 1
0 0.505 -0.235 0.3696715842 1
0 0.505 -0.225 0.4486551201 1
0 0.505 -0.215 0.5218685929 1
0 0.505 -0.205 0.5883704189 2
0 0.505 -0.195 0.6473053315 2
0 0.505 -0.185 0.6979153805 2
0 0.505 -0.175 0.7395496805 2
0 0.505 -0.165 0.771672781 2
0 0.505 -0.155 0.7938715533 2
0 0.505 -0.145 0.8058605035 2
0 0.505 -0.135 0.807485444 2
0 0.505 -0.125 0.798725477 2
0 0.505 -0.115 0.7796932625 2
0 0.505 -0.105 0.75063357 2
0 0.505 -0.095 0.7119201303 2
0 0.505 -0.085 0.6640508293 2
0 0.505 -0.075 0.6076413043 2
0 0.505 -0.065 0.5434170269 2
0 0.505 -0.055 0.4722039727 2
0 0.505 -0.045 0.3949179982 2
0 0.505 -0.035 0.3125530629 2
0 0.505 -0.025 0.2261684456 2
0 0.505 -0.015 0.1368751216 2
0 0.505 -0.005 0.0458214741 2
0 0.505 0.005 -0.0458214741 2
0 0.505 0.015 -0.1368751216 2
0 0.505 0.025 -0.2261684456 1
0 0.505 0.035 -0.3125530629 1
0 0.505 0.045 -0.3949179982 1
0 0.505 0.055 -0.4722039727 1
0 0.505 0.065 -0.5434170269 1
0 0.505 0.075 -0.6076413043 1
0 0.505 0.085 -0.6640508293 1
0 0.505 0.095 -0.7119201303 1
0 0.505 0.105 -0.75063357 1
0 0.505 0.115 -0.7796932625 1
0 0.505 0.125 -0.798725477 1
0 0.505 0.135 -0.807485444 1
0 0.505 0.145 -0.8058605035 1
0 0.505 0.155 -0.7938715533 1
0 0.505 0.165 -0.771672781 1
0 0.505 0.175 -0.7395496805 1
0 0.505 0.185 -0.6979153805 1
0 0.505 0.195 -0.6473053315 1
0 0.505 0.205 -0.5883704189 1
0 0.505 0.215 -0.5218685929 1
0 0.505 0.225 -0.4486551201 1
0 0.505 0.235 -0.3696715842 1
0 0.505 0.245 -0.2859337764 1
0 0.505 0.255 -0.198518632 1
0 0.505 0.265 -0.1085503794 1
0 0.505 0.275 -0.01718608232 2
0 0.505 0.285 0.07439924155 2
0 0.505 0.295 0.1650277318 2
0 0.505 0.305 0.2535338335 2
0 0.505 0.315 0.3387792878 2
0 0.505 0.325 0.4196677698 2
0 0.505 0.335 0.4951589892 2
0 0.505 0.345 0.5642820686 2
0 0.505 0.355 0.62614803 2
0 0.505 0.365 0.6799612277 2
0 0.505 0.375 0.725029581 2
0 0.505 0.385 0.760773475 2
0 0.505 0.395 0.7867332145 2
0 0.505 0.405 0 2
0 0.505 0.415 0 2
0 0.505 0.425 0 2
0 0.505 0.435 0 2
0 0.505 0.445 0 2
0 0.505 0.455 0 2
0 0.505 0.465 0 2
0 0.515 -0.455 0 2
0 0.515 -0.445 0 2
0 0.515 -0.435 0 2
0 0.515 -0.425 0 2
0 0.515 -0.415 0 2
0 0.515 -0.405 0 2
0 0.515 -0.395 -0.7610037086 2
0 0.515 -0.385 -0.7358929625 2
0 0.515 -0.375 -0.7013180451 2
0 0.515 -0.365 -0.6577236177 2
0 0.515 -0.355 -0.6056703393 2
0 0.515 -0.345 -0.5458276567 2
0 0.515 -0.335 -0.4789651946 2
0 0.515 -0.325 -0.4059428576 2
0 0.515 -0.315 -0.3276997712 2
0 0.515 -0.305 -0.2452422041 2
0 0.515 -0.295 -0.1596306265 2
0 0.515 -0.285 -0.07196607146 1
0 0.515 -0.275 0.01662402469 1
0 0.515 -0.265 0.1050003226 1
0 0.515 -0.255 0.1920262325 1
0 0.515 -0.245 0.2765825318 1
0 0.515 -0.235 0.3575817588 1
0 0.515 -0.225 0.4339821988 1
0 0.515 -0.215 0.5048012812 1
0 0.515 -0.205 0.569128216 2
0 0.515 -0.195 0.6261357075 1
0 0.515 -0.185 0.6750905937 1
0 0.515 -0.175 0.7153632759 1
0 0.515 -0.165 0.746435815 1
0 0.515 -0.155 0.7679085935 1
0 0.515 -0.145 0.7795054543 1
0 0.515 -0.135 0.7810772524 1
0 0.515 -0.125 0.7726037734 2
0 0.515 -0.115 0.7541939928 2
0 0.515 -0.105 0.7260846753 2
0 0.515 -0.095 0.6886373289 2
0 0.515 -0.085 0.6423335567 2
0 0.515 -0.075 0.5877688619 2
0 0.515 -0.065 0.5256449902 2
0 0.515 -0.055 0.4567609042 2
0 0.515 -0.045 0.3820025082 2
0 0.515 -0.035 0.3023312549 2
0 0.515 -0.025 0.2187717802 2
0 0.515 -0.015 0.1323987258 2
0 0.515 -0.005 0.04432291796 2
0 0.515 0.005 -0.04432291796 2
0 0.515 0.015 -0.1323987258 2
0 0.515 0.025 -0.2187717802 1
0 0.515 0.035 -0.3023312549 1
0 0.515 0.045 -0.3820025082 1
0 0.515 0.055 -0.4567609042 1
0 0.515 0.065 -0.5256449902 1
0 0.515 0.075 -0.5877688619 1
0 0.515 0.085 -0.6423335567 1
0 0.515 0.095 -0.6886373289 1
0 0.515 0.105 -0.7260846753 1
0 0.515 0.115 -0.7541939928 1
0 0.515 0.125 -0.7726037734 1
0 0.515 0.135 -0.7810772524 1
0 0.515 0.145 -0.7795054543 1
0 0.515 0.155 -0.7679085935 1
0 0.515 0.165 -0.746435815 1
0 0.515 0.175 -0.7153632759 1
0 0.515 0.185 -0.6750905937 1
0 0.515 0.195 -0.6261357075 1
0 0.515 0.205 -0.569128216 1
0 0.515 0.215 -0.5048012812 1
0 0.515 0.225 -0.4339821988 1
0 0.515 0.235 -0.3575817588 1
0 0.515 0.245 -0.2765825318 1
0 0.515 0.255 -0.1920262325 1
0 0.515 0.265 -0.1050003226 1
0 0.515 0.275 -0.01662402469 2
0 0.515 0.285 0.07196607146 2
0 0.515 0.295 0.1596306265 2
0 0.515 0.305 0.2452422041 2
0 0.515 0.315 0.3276997712 2
0 0.515 0.325 0.4059428576 2
0 0.515 0.335 0.4789651946 2
0 0.515 0.345 0.5458276567 2
0 0.515 0.355 0.6056703393 2
0 0.515 0.365 0.6577236177 2
0 0.515 0.375 0.7013180451 2
0 0.515 0.385 0.7358929625 2
0 0.515 0.395 0.7610037086 2
0 0.515 0.405 0 2
0 0.515 0.415 0 2
0 0.515 0.425 0 2
0 0.515 0.435 0 2
0 0.515 0.445 0 2
0 0.515 0.455 0 2
0 0.515 0.465 0 2
0 0.525 -0.455 0 2
0 0.525 -0.445 0 2
0 0.525 -0.435 0 2
0 0.525 -0.425 0 2
0 0.525 -0.415 0 2
0 0.525 -0.405 0 2
0 0.525 -0.395 -0.733829274 2
0 0.525 -0.385 -0.7096151993 2
0 0.525 -0.375 -0.6762749065 2
0 0.525 -0.365 -0.6342371783 2
0 0.525 -0.355 -0.5840426536 2
0 0.525 -0.345 -0.5263368739 2
0 0.525 -0.335 -0.4618619818 2
0 0.525 -0.325 -0.3914471757 2
0 0.525 -0.315 -0.3159980464 2
0 0.525 -0.305 -0.2364849298 2
0 0.525 -0.295 -0.1539304282 2
0 0.525 -0.285 -0.06939625835 1
0 0.525 -0.275 0.01603040278 1
0 0.525 -0.265 0.1012509001 1
0 0.525 -0.255 0.1851692301 1
0 0.525 -0.245 0.2667061358 1
0 0.525 -0.235 0.3448129877 1
0 0.525 -0.225 0.4184852692 1
0 0.525 -0.215 0.4867754959 2
0 0.525 -0.205 0.5488054011 1
0 0.525 -0.195 0.6037772305 1
0 0.525 -0.185 0.6509840026 1
0 0.525 -0.175 0.6898186006 1
0 0.525 -0.165 0.7197815805 1
0 0.525 -0.155 0.7404875945 1
0 0.525 -0.145 0.7516703468 1
0 0.525 -0.135 0.7531860181 1
0 0.525 -0.125 0.7450151157 1
0 0.525 -0.115 0.7272627241 1
0 0.525 -0.105 0.700157153 2
0 0.525 -0.095 0.6640470018 2
0 0.525 -0.085 0.619396676 2
0 0.525 -0.075 0.5667804142 2
0 0.525 -0.065 0.5068749037 2
0 0.525 -0.055 0.4404505772 2
0 0.525 -0.045 0.3683617045 2
0 0.525 -0.035 0.2915354062 2
0 0.525 -0.025 0.2109597297 2
0 0.525 -0.015 0.1276709426 2
0 0.525 -0.005 0.04274020526 2
0 0.525 0.005 -0.04274020526 2
0 0.525 0.015 -0.1276709426 2
0 0.525 0.025 -0.2109597297 1
0 0.525 0.035 -0.2915354062 1
0 0.525 0.045 -0.3683617045 1
0 0.525 0.055 -0.4404505772 1
0 0.525 0.065 -0.5068749037 1
0 0.525 0.075 -0.5667804142 1
0 0.525 0.085 -0.619396676 1
0 0.525 0.095 -0.6640470018 1
0 0.525 0.105 -0.700157153 1
0 0.525 0.115 -0.7272627241 1
0 0.525 0.125 -0.7450151157 1
0 0.525 0.135 -0.7531860181 1
0 0.525 0.145 -0.7516703468 1
0 0.525 0.155 -0.7404875945 1
0 0.525 0.165 -0.7197815805 1
0 0.525 0.175 -0.6898186006 1
0 0.525 0.185 -0.6509840026 1
0 0.525 0.195 -0.6037772305 1
0 0.525 0.205 -0.5488054011 1
0 0.525 0.215 -0.4867754959 1
0 0.525 0.225 -0.4184852692 1
0 0.525 0.235 -0.3448129877 1
0 0.525 0.245 -0.2667061358 1
0 0.525 0.255 -0.1851692301 1
0 0.525 0.265 -0.1012509001 1
0 0.525 0.275 -0.01603040278 2
0 0.525 0.285 0.06939625835 2
0 0.525 0.295 0.1539304282 2
0 0.525 0.305 0.2364849298 2
0 0.525 0.315 0.3159980464 2
0 0.525 0.325 0.3914471757 2
0 0.525 0.335 0.4618619818 2
0 0.525 0.345 0.5263368739 2
0 0.525 0.355 0.5840426536 2
0 0.525 0.365 0.6342371783 2
0 0.525 0.375 0.6762749065 2
0 0.525 0.385 0.7096151993 2
0 0.525 0.395 0.733829274 2
0 0.525 0.405 0 2
0 0.525 0.415 0 2
0 0.525 0.425 0 2
0 0.525 0.435 0 2
0 0.525 0.445 0 2
0 0.525 0.455 0 2
0 0.525 0.465 0 2
0 0.535 -0.455 0 2
0 0.535 -0.445 0 2
0 0.535 -0.435 0 2
0 0.535 -0.425 0 2
0 0.535 -0.415 0 2
0 0.535 -0.405 0 2
0 0.535 -0.395 -0.7052615069 2
0 0.535 -0.385 -0.6819900794 2
0 0.535 -0.375 -0.6499477148 2
0 0.535 -0.365 -0.6095465035 2
0 0.535 -0.355 -0.5613060375 2
0 0.535 -0.345 -0.5058467276 2
0 0.535 -0.335 -0.4438818249 2
0 0.535 -0.325 -0.3762082474 2
0 0.535 -0.315 -0.3036963314 2
0 0.535 -0.305 -0.2272786381 2
0 0.535 -0.295 -0.14793796 1
0 0.535 -0.285 -0.06669468155 1
0 0.535 -0.275 0.01540634372 1
0 0.535 -0.265 0.0973092311 1
0 0.535 -0.255 0.1779606441 1
0 0.535 -0.245 0.256323341 1
0 0.535 -0.235 0.3313895152 1
0 0.535 -0.225 0.4021937555 1
0 0.535 -0.215 0.4678254629 2
0 0.535 -0.205 0.5274405613 1
0 0.535 -0.195 0.5802723529 1
0 0.535 -0.185 0.6256413787 1
0 0.535 -0.175 0.6629641567 1
0 0.535 -0.165 0.6917606863 1
0 0.535 -0.155 0.711660621 1
0 0.535 -0.145 0.7224080318 1
0 0.535 -0.135 0.7238646985 1
0 0.535 -0.125 0.7160118871 1
0 0.535 -0.115 0.698950591 1
0 0.535 -0.105 0.6729002322 1
0 0.535 -0.095 0.638195839 2
0 0.535 -0.085 0.5952837378 2
0 0.535 -0.075 0.5447158123 2
0 0.535 -0.065 0.4871424064 2
0 0.535 -0.055 0.4233039602 2
0 0.535 -0.045 0.3540214871 2
0 0.535 -0.035 0.2801860149 2
0 0.535 -0.025 0.2027471268 2
0 0.535 -0.015 0.1227007488 2
0 0.535 -0.005 0.0410763411 2
0 0.535 0.005 -0.0410763411 2
0 0.535 0.015 -0.1227007488 2
0 0.535 0.025 -0.2027471268 1
0 0.535 0.035 -0.2801860149 1
0 0.535 0.045 -0.3540214871 1
0 0.535 0.055 -0.4233039602 1
0 0.535 0.065 -0.4871424064 1
0 0.535 0.075 -0.5447158123 1
0 0.535 0.085 -0.5952837378 1
0 0.535 0.095 -0.638195839 1
0 0.535 0.105 -0.6729002322 1
0 0.535 0.115 -0.698950591 1
0 0.535 0.125 -0.7160118871 1
0 0.535 0.135 -0.7238646985 1
0 0.535 0.145 -0.7224080318 1
0 0.535 0.155 -0.711660621 1
0 0.535 0.165 -0.6917606863 1
0 0.535 0.175 -0.6629641567 1
0 0.535 0.185 -0.6256413787 1
0 0.535 0.195 -0.5802723529 1
0 0.535 0.205 -0.5274405613 1
0 0.535 0.215 -0.4678254629 1
0 0.535 0.225 -0.4021937555 1
0 0.535 0.235 -0.3313895152 1
0 0.535 0.245 -0.256323341 1
0 0.535 0.255 -0.1779606441 1
0 0.535 0.265 -0.0973092311 2
0 0.535 0.275 -0.01540634372 2
0 0.535 0.285 0.06669468155 2
0 0.535 0.295 0.14793796 2
0 0.535 0.305 0.2272786381 2
0 0.535 0.315 0.3036963314 2
0 0.535 0.325 0.3762082474 2
0 0.535 0.335 0.4438818249 2
0 0.535 0.345 0.5058467276 2
0 0.535 0.355 0.5613060375 2
0 0.535 0.365 0.6095465035 2
0 0.535 0.375 0.6499477148 2
0 0.535 0.385 0.6819900794 2
0 0.535 0.395 0.7052615069 2
0 0.535 0.405 0 2
0 0.535 0.415 0 2
0 0.535 0.425 0 2
0 0.535 0.435 0 2
0 0.535 0.445 0 2
0 0.535 0.455 0 2
0 0.535 0.465 0 2
0 0.545 -0.455 0 2
0 0.545 -0.445 0 2
0 0.545 -0.435 0 2
0 0.545 -0.425 0 2
0 0.545 -0.415 0 2
0 0.545 -0.405 0 2
0 0.545 -0.395 -0.6753546496 2
0 0.545 -0.385 -0.653070055 2
0 0.545 -0.375 -0.6223864579 2
0 0.545 -0.365 -0.583698474 2
0 0.545 -0.355 -0.5375036615 2
0 0.545 -0.345 -0.4843961228 2
0 0.545 -0.335 -0.4250588631 2
0 0.545 -0.325 -0.360255007 2
0 0.545 -0.315 -0.2908179838 2
0 0.545 -0.305 -0.2176408091 2
0 0.545 -0.295 -0.1416645998 1
0 0.545 -0.285 -0.06386647059 1
0 0.545 -0.275 0.0147530324 1
0 0.545 -0.265 0.09318279962 1
0 0.545 -0.255 0.1704141616 1
0 0.545 -0.245 0.2454538614 1
0 0.545 -0.235 0.3173368285 1
0 0.545 -0.225 0.3851385906 1
0 0.545 -0.215 0.4479871629 2
0 0.545 -0.205 0.5050742625 1
0 0.545 -0.195 0.5556657038 1
0 0.545 -0.185 0.5991108404 1
0 0.545 -0.175 0.6348509331 1
0 0.545 -0.165 0.6624263359 1
0 0.545 -0.155 0.6814824071 1
0 0.545 -0.145 0.6917740702 1
0 0.545 -0.135 0.6931689664 1
0 0.545 -0.125 0.6856491562 1
0 0.545 -0.115 0.6693113503 1
0 0.545 -0.105 0.6443656659 1
0 0.545 -0.095 0.6111329245 2
0 0.545 -0.085 0.5700405257 2
0 0.545 -0.075 0.5216169505 2
0 0.545 -0.065 0.4664849648 2
0 0.545 -0.055 0.4053536099 2
0 0.545 -0.045 0.3390090839 2
0 0.545 -0.035 0.2683046303 2
0 0.545 -0.025 0.194149565 2
0 0.545 -0.015 0.1174975812 2
0 0.545 -0.005 0.0393344847 2
0 0.545 0.005 -0.0393344847 2
0 0.545 0.015 -0.1174975812 2
0 0.545 0.025 -0.194149565 2
0 0.545 0.035 -0.2683046303 1
0 0.545 0.045 -0.3390090839 1
0 0.545 0.055 -0.4053536099 1
0 0.545 0.065 -0.4664849648 1
0 0.545 0.075 -0.5216169505 1
0 0.545 0.085 -0.5700405257 1
0 0.545 0.095 -0.6111329245 2
0 0.545 0.105 -0.6443656659 2
0 0.545 0.115 -0.6693113503 2
0 0.545 0.125 -0.6856491562 2
0 0.545 0.135 -0.6931689664 1
0 0.545 0.145 -0.6917740702 1
0 0.545 0.155 -0.6814824071 1
0 0.545 0.165 -0.6624263359 1
0 0.545 0.175 -0.6348509331 1
0 0.545 0.185 -0.5991108404 1
0 0.545 0.195 -0.5556657038 1
0 0.545 0.205 -0.5050742625 1
0 0.545 0.215 -0.4479871629 1
0 0.545 0.225 -0.3851385906 1
0 0.545 0.235 -0.3173368285 2
0 0.545 0.245 -0.2454538614 2
0 0.545 0.255 -0.1704141616 2
0 0.545 0.265 -0.09318279962 2
0 0.545 0.275 -0.0147530324 2
0 0.545 0.285 0.06386647059 2
0 0.545 0.295 0.1416645998 2
0 0.545 0.305 0.2176408091 2
0 0.545 0.315 0.2908179838 2
0 0.545 0.325 0.360255007 2
0 0.545 0.335 0.4250588631 2
0 0.545 0.345 0.4843961228 2
0 0.545 0.355 0.5375036615 2
0 0.545 0.365 0.583698474 2
0 0.545 0.375 0.6223864579 2
0 0.545 0.385 0.653070055 2
0 0.545 0.395 0.6753546496 2
0 0.545 0.405 0 2
0 0.545 0.415 0 2
0 0.545 0.425 0 2
0 0.545 0.435 0 2
0 0.545 0.445 0 2
0 0.545 0.455 0 2
0 0.545 0.465 0 2
0 0.555 -0.455 0 2
0 0.555 -0.445 0 2
0 0.555 -0.435 0 2
0 0.555 -0.425 0 2
0 0.555 -0.415 0 2
0 0.555 -0.405 0 2
0 0.555 -0.395 -0.6441654866 2
0 0.555 -0.385 -0.622910037 2
0 0.555 -0.375 -0.5936434668 2
0 0.555 -0.365 -0.5567421676 2
0 0.555 -0.355 -0.5126807195 2
0 0.555 -0.345 -0.462025788 2
0 0.555 -0.335 -0.4054288358 2
0 0.555 -0.325 -0.3436177451 2
0 0.555 -0.315 -0.2773874558 2
0 0.555 -0.305 -0.2075897423 2
0 0.555 -0.295 -0.1351222589 1
0 0.555 -0.285 -0.06091699543 1
0 0.555 -0.275 0.01407170929 1
0 0.555 -0.265 0.08887944059 1
0 0.555 -0.255 0.1625441113 1
0 0.555 -0.245 0.234118335 1
0 0.555 -0.235 0.3026816099 1
0 0.555 -0.225 0.3673521576 2
0 0.555 -0.215 0.4272982632 2
0 0.555 -0.205 0.4817489719 1
0 0.555 -0.195 0.5300040041 1
0 0.555 -0.185 0.5714427616 1
0 0.555 -0.175 0.6055323088 1
0 0.555 -0.165 0.6318342271 1
0 0.555 -0.155 0.6500102526 1
0 0.555 -0.145 0.6598266271 1
0 0.555 -0.135 0.6611571044 1
0 0.555 -0.125 0.6539845733 1
0 0.555 -0.115 0.6384012783 1
0 0.555 -0.105 0.6146076331 1
0 0.555 -0.095 0.582909643 2
0 0.555 -0.085 0.5437149693 2
0 0.555 -0.075 0.497527687 2
0 0.555 -0.065 0.4449418013 2
0 0.555 -0.055 0.3866336087 2
0 0.555 -0.045 0.3233529992 2
0 0.555 -0.035 0.2559138119 2
0 0.555 -0.025 0.1851833686 2
0 0.555 -0.015 0.1120713193 2
0 0.555 -0.005 0.03751794334 2
0 0.555 0.005 -0.03751794334 2
0 0.555 0.015 -0.1120713193 2
0 0.555 0.025 -0.1851833686 2
0 0.555 0.035 -0.2559138119 1
0 0.555 0.045 -0.3233529992 1
0 0.555 0.055 -0.3866336087 1
0 0.555 0.065 -0.4449418013 1
0 0.555 0.075 -0.497527687 1
0 0.555 0.085 -0.5437149693 1
0 0.555 0.095 -0.582909643 2
0 0.555 0.105 -0.6146076331 2
0 0.555 0.115 -0.6384012783 2
0 0.555 0.125 -0.6539845733 2
0 0.555 0.135 -0.6611571044 2
0 0.555 0.145 -0.6598266271 2
0 0.555 0.155 -0.6500102526 1
0 0.555 0.165 -0.6318342271 1
0 0.555 0.175 -0.6055323088 1
0 0.555 0.185 -0.5714427616 1
0 0.555 0.195 -0.5300040041 1
0 0.555 0.205 -0.4817489719 1
0 0.555 0.215 -0.4272982632 1
0 0.555 0.225 -0.3673521576 2
0 0.555 0.235 -0.3026816099 2
0 0.555 0.245 -0.234118335 2
0 0.555 0.255 -0.1625441113 2
0 0.555 0.265 -0.08887944059 2
0 0.555 0.275 -0.01407170929 2
0 0.555 0.285 0.06091699543 2
0 0.555 0.295 0.1351222589 2
0 0.555 0.305 0.2075897423 2
0 0.555 0.315 0.2773874558 2
0 0.555 0.325 0.3436177451 2
0 0.555 0.335 0.4054288358 2
0 0.555 0.345 0.462025788 2
0 0.555 0.355 0.5126807195 2
0 0.555 0.365 0.5567421676 2
0 0.555 0.375 0.5936434668 2
0 0.555 0.385 0.622910037 2
0 0.555 0.395 0.6441654866 2
0 0.555 0.405 0 2
0 0.555 0.415 0 2
0 0.555 0.425 0 2
0 0.555 0.435 0 2
0 0.555 0.445 0 2
0 0.555 0.455 0 2
0 0.555 0.465 0 2
0 0.565 -0.455 0 2
0 0.565 -0.445 0 2
0 0.565 -0.435 0 2
0 0.565 -0.425 0 2
0 0.565 -0.415 0 2
0 0.565 -0.405 0 2
0 0.565 -0.395 -0.6117532372 2
0 0.565 -0.385 -0.5915672906 2
0 0.565 -0.375 -0.5637733162 2
0 0.565 -0.365 -0.5287287667 2
0 0.565 -0.355 -0.4868843431 2
0 0.565 -0.345 -0.4387781981 2
0 0.565 -0.335 -0.385029015 2
0 0.565 -0.325 -0.3263280513 2
0 0.565 -0.315 -0.2634302483 2
0 0.565 -0.305 -0.1971445219 2
0 0.565 -0.295 -0.1283233595 2
0 0.565 -0.285 -0.05785185629 1
0 0.565 -0.275 0.01336366802 1
0 0.565 -0.265 0.08440732488 1
0 0.565 -0.255 0.1543654361 1
0 0.565 -0.245 0.2223382846 1
0 0.565 -0.235 0.2874516852 2
0 0.565 -0.225 0.3488682276 2
0 0.565 -0.215 0.405798046 2
0 0.565 -0.205 0.4575089774 2
0 0.565 -0.195 0.5033359781 1
0 0.565 -0.185 0.5426896761 1
0 0.565 -0.175 0.5750639515 1
0 0.565 -0.165 0.6000424453 1
0 0.565 -0.155 0.6173039141 1
0 0.565 -0.145 0.6266263616 1
0 0.565 -0.135 0.6278898937 1
0 0.565 -0.125 0.6210782603 1
0 0.565 -0.115 0.6062790646 1
0 0.565 -0.105 0.5836826359 1
0 0.565 -0.095 0.5535795825 2
0 0.565 -0.085 0.5163570535 2
0 0.565 -0.075 0.4724937605 2
0 0.565 -0.065 0.4225538204 2
0 0.565 -0.055 0.3671795007 2
0 0.565 -0.045 0.3070829595 2
0 0.565 -0.035 0.2430370862 2
0 0.565 -0.025 0.1758655618 2
0 0.565 -0.015 0.1064322659 2
0 0.565 -0.005 0.03563016611 2
0 0.565 0.005 -0.03563016611 2
0 0.565 0.015 -0.1064322659 2
0 0.565 0.025 -0.1758655618 2
0 0.565 0.035 -0.2430370862 2
0 0.565 0.045 -0.3070829595 1
0 0.565 0.055 -0.3671795007 1
0 0.565 0.065 -0.4225538204 1
0 0.565 0.075 -0.4724937605 1
0 0.565 0.085 -0.5163570535 2
0 0.565 0.095 -0.5535795825 2
0 0.565 0.105 -0.5836826359 2
0 0.565 0.115 -0.6062790646 2
0 0.565 0.125 -0.6210782603 2
0 0.565 0.135 -0.6278898937 2
0 0.565 0.145 -0.6266263616 2
0 0.565 0.155 -0.6173039141 2
0 0.565 0.165 -0.6000424453 2
0 0.565 0.175 -0.5750639515 2
0 0.565 0.185 -0.5426896761 2
0 0.565 0.195 -0.5033359781 2
0 0.565 0.205 -0.4575089774 2
0 0.565 0.215 -0.405798046 2
0 0.565 0.225 -0.3488682276 2
0 0.565 0.235 -0.2874516852 2
0 0.565 0.245 -0.2223382846 2
0 0.565 0.255 -0.1543654361 2
0 0.565 0.265 -0.08440732488 2
0 0.565 0.275 -0.01336366802 2
0 0.565 0.285 0.05785185629 2
0 0.565 0.295 0.1283233595 2
0 0.565 0.305 0.1971445219 2
0 0.565 0.315 0.2634302483 2
0 0.565 0.325 0.3263280513 2
0 0.565 0.335 0.385029015 2
0 0.565 0.345 0.4387781981 2
0 0.565 0.355 0.4868843431 2
0 0.565 0.365 0.5287287667 2
0 0.565 0.375 0.5637733162 2
0 0.565 0.385 0.5915672906 2
0 0.565 0.395 0.6117532372 2
0 0.565 0.405 0 2
0 0.565 0.415 0 2
0 0.565 0.425 0 2
0 0.565 0.435 0 2
0 0.565 0.445 0 2
0 0.565 0.455 0 2
0 0.565 0.465 0 2
0 0.575 -0.455 0 2
0 0.575 -0.445 0 2
0 0.575 -0.435 0 2
0 0.575 -0.425 0 2
0 0.575 -0.415 0 2
0 0.575 -0.405 0 2
0 0.575 -0.395 -0.5781794431 2
0 0.575 -0.385 -0.5591013268 2
0 0.575 -0.375 -0.532832721 2
0 0.575 -0.365 -0.4997114609 2
0 0.575 -0.355 -0.4601635124 2
0 0.575 -0.345 -0.4146974936 2
0 0.575 -0.335 -0.3638981339 2
0 0.575 -0.325 -0.3084187536 2
0 0.575 -0.315 -0.2489728619 2
0 0.575 -0.305 -0.1863249803 2
0 0.575 -0.295 -0.1212808107 2
0 0.575 -0.285 -0.05467687299 1
0 0.575 -0.275 0.01263025295 1
0 0.575 -0.265 0.07977494375 1
0 0.575 -0.255 0.1458936651 1
0 0.575 -0.245 0.2101360773 2
0 0.575 -0.235 0.2716759719 2
0 0.575 -0.225 0.3297218964 2
0 0.575 -0.215 0.3835273341 2
0 0.575 -0.205 0.432400304 2
0 0.575 -0.195 0.4757122607 2
0 0.575 -0.185 0.5129061778 2
0 0.575 -0.175 0.5435037119 1
0 0.575 -0.165 0.5671113543 1
0 0.575 -0.155 0.5834254918 1
0 0.575 -0.145 0.5922363115 1
0 0.575 -0.135 0.5934304993 1
0 0.575 -0.125 0.5869926971 1
0 0.575 -0.115 0.5730057 1
0 0.575 -0.105 0.551649392 2
0 0.575 -0.095 0.5231984323 2
0 0.575 -0.085 0.488018723 2
0 0.575 -0.075 0.4465627032 2
0 0.575 -0.065 0.3993635304 2
0 0.575 -0.055 0.3470282237 2
0 0.575 -0.045 0.2902298569 2
0 0.575 -0.035 0.2296989024 2
0 0.575 -0.025 0.1662138366 2
0 0.575 -0.015 0.1005911281 2
0 0.575 -0.005 0.03367473737 2
0 0.575 0.005 -0.03367473737 2
0 0.575 0.015 -0.1005911281 2
0 0.575 0.025 -0.1662138366 2
0 0.575 0.035 -0.2296989024 2
0 0.575 0.045 -0.2902298569 2
0 0.575 0.055 -0.3470282237 2
0 0.575 0.065 -0.3993635304 2
0 0.575 0.075 -0.4465627032 2
0 0.575 0.085 -0.488018723 2
0 0.575 0.095 -0.5231984323 2
0 0.575 0.105 -0.551649392 2
0 0.575 0.115 -0.5730057 2
0 0.575 0.125 -0.5869926971 2
0 0.575 0.135 -0.5934304993 2
0 0.575 0.145 -0.5922363115 2
0 0.575 0.155 -0.5834254918 2
0 0.575 0.165 -0.5671113543 2
0 0.575 0.175 -0.5435037119 2
0 0.575 0.185 -0.5129061778 2
0 0.575 0.195 -0.4757122607 2
0 0.575 0.205 -0.432400304 2
0 0.575 0.215 -0.3835273341 2
0 0.575 0.225 -0.3297218964 2
0 0.575 0.235 -0.2716759719 2
0 0.575 0.245 -0.2101360773 2
0 0.575 0.255 -0.1458936651 2
0 0.575 0.265 -0.07977494375 2
0 0.575 0.275 -0.01263025295 2
0 0.575 0.285 0.05467687299 2
0 0.575 0.295 0.1212808107 2
0 0.575 0.305 0.1863249803 2
0 0.575 0.315 0.2489728619 2
0 0.575 0.325 0.3084187536 2
0 0.575 0.335 0.3638981339 2
0 0.575 0.345 0.4146974936 2
0 0.575 0.355 0.4601635124 2
0 0.575 0.365 0.4997114609 2
0 0.575 0.375 0.532832721 2
0 0.575 0.385 0.5591013268 2
0 0.575 0.395 0.5781794431 2
0 0.575 0.405 0 2
0 0.575 0.415 0 2
0 0.575 0.425 0 2
0 0.575 0.435 0 2
0 0.575 0.445 0 2
0 0.575 0.455 0 2
0 0.575 0.465 0 2
0 0.585 -0.455 0 2
0 0.585 -0.445 0 2
0 0.585 -0.435 0 2
0 0.585 -0.425 0 2
0 0.585 -0.415 0 2
0 0.585 -0.405 0 2
0 0.585 -0.395 -0.5435078512 2
0 0.585 -0.385 -0.5255737892 2
0 0.585 -0.375 -0.5008804286 2
0 0.585 -0.365 -0.4697453456 2
0 0.585 -0.355 -0.4325689624 2
0 0.585 -0.345 -0.389829397 2
0 0.585 -0.335 -0.3420763142 2
0 0.585 -0.325 -0.2899238568 2
0 0.585 -0.315 -0.2340427471 2
0 0.585 -0.305 -0.1751516607 2
0 0.585 -0.295 -0.1140079842 2
0 0.585 -0.285 -0.05139807391 2
0 0.585 -0.275 0.01187285664 2
0 0.585 -0.265 0.07499109277 2
0 0.585 -0.255 0.1371448836 2
0 0.585 -0.245 0.1975348816 2
0 0.585 -0.235 0.2553844234 2
0 0.585 -0.225 0.3099495175 2
0 0.585 -0.215 0.3605284133 2
0 0.585 -0.205 0.4064706259 2
0 0.585 -0.195 0.4471853015 2
0 0.585 -0.185 0.4821488171 2
0 0.585 -0.175 0.5109115139 2
0 0.585 -0.165 0.5331034807 2
0 0.585 -0.155 0.5484393109 2
0 0.585 -0.145 0.5567217737 2
0 0.585 -0.135 0.5578443499 2
0 0.585 -0.125 0.5517926022 2
0 0.585 -0.115 0.5386443611 2
0 0.585 -0.105 0.5185687233 2
0 0.585 -0.095 0.4918238777 2
0 0.585 -0.085 0.4587537842 2
0 0.585 -0.075 0.4197837507 2
0 0.585 -0.065 0.375414963 2
0 0.585 -0.055 0.3262180391 2
0 0.585 -0.045 0.2728256906 2
0 0.585 -0.035 0.215924586 2
0 0.585 -0.025 0.1562465187 2
0 0.585 -0.015 0.0945589964 2
0 0.585 -0.005 0.03165536991 2
0 0.585 0.005 -0.03165536991 2
0 0.585 0.015 -0.0945589964 2
0 0.585 0.025 -0.1562465187 2
0 0.585 0.035 -0.215924586 2
0 0.585 0.045 -0.2728256906 2
0 0.585 0.055 -0.3262180391 2
0 0.585 0.065 -0.375414963 2
0 0.585 0.075 -0.4197837507 2
0 0.585 0.085 -0.4587537842 2
0 0.585 0.095 -0.4918238777 2
0 0.585 0.105 -0.5185687233 2
0 0.585 0.115 -0.5386443611 2
0 0.585 0.125 -0.5517926022 2
0 0.585 0.135 -0.5578443499 2
0 0.585 0.145 -0.5567217737 2
0 0.585 0.155 -0.5484393109 2
0 0.585 0.165 -0.5331034807 2
0 0.585 0.175 -0.5109115139 2
0 0.585 0.185 -0.4821488171 2
0 0.585 0.195 -0.4471853015 2
0 0.585 0.205 -0.4064706259 2
0 0.585 0.215 -0.3605284133 2
0 0.585 0.225 -0.3099495175 2
0 0.585 0.235 -0.2553844234 2
0 0.585 0.245 -0.1975348816 2
0 0.585 0.255 -0.1371448836 2
0 0.585 0.265 -0.07499109277 2
0 0.585 0.275 -0.01187285664 2
0 0.585 0.285 0.05139807391 2
0 0.585 0.295 0.1140079842 2
0 0.585 0.305 0.1751516607 2
0 0.585 0.315 0.2340427471 2
0 0.585 0.325 0.2899238568 2
0 0.585 0.335 0.3420763142 2
0 0.585 0.345 0.389829397 2
0 0.585 0.355 0.4325689624 2
0 0.585 0.365 0.4697453456 2
0 0.585 0.375 0.5008804286 2
0 0.585 0.385 0.5255737892 2
0 0.585 0.395 0.5435078512 2
0 0.585 0.405 0 2
0 0.585 0.415 0 2
0 0.585 0.425 0 2
0 0.585 0.435 0 2
0 0.585 0.445 0 2
0 0.585 0.455 0 2
0 0.585 0.465 0 2
0 0.595 -0.455 0 2
0 0.595 -0.445 0 2
0 0.595 -0.435 0 2
0 0.595 -0.425 0 2
0 0.595 -0.415 0 2
0 0.595 -0.405 0 2
0 0.595 -0.395 -0.507804293 2
0 0.595 -0.385 -0.491048337 2
0 0.595 -0.375 -0.4679771072 2
0 0.595 -0.365 -0.438887318 2
0 0.595 -0.355 -0.4041530875 2
0 0.595 -0.345 -0.3642211256 2
0 0.595 -0.335 -0.3196049891 2
0 0.595 -0.325 -0.2708784773 2
0 0.595 -0.315 -0.2186682519 2
0 0.595 -0.305 -0.1636457782 2
0 0.595 -0.295 -0.1065186891 2
0 0.595 -0.285 -0.04802168455 2
0 0.595 -0.275 0.01109291717 2
0 0.595 -0.265 0.07006485512 2
0 0.595 -0.255 0.1281357031 2
0 0.595 -0.245 0.1845586236 2
0 0.595 -0.235 0.2386079728 2
0 0.595 -0.225 0.2895886329 2
0 0.595 -0.215 0.336844952 2
0 0.595 -0.205 0.379769176 2
0 0.595 -0.195 0.4178092651 2
0 0.595 -0.185 0.4504759935 2
0 0.595 -0.175 0.4773492408 2
0 0.595 -0.165 0.4980833957 2
0 0.595 -0.155 0.5124118004 2
0 0.595 -0.145 0.5201501801 2
0 0.595 -0.135 0.5211990132 2
0 0.595 -0.125 0.5155448107 2
0 0.595 -0.115 0.5032602903 2
0 0.595 -0.105 0.4845034407 2
0 0.595 -0.095 0.4595154899 2
0 0.595 -0.085 0.4286178029 2
0 0.595 -0.075 0.3922077488 2
0 0.595 -0.065 0.3507535898 2
0 0.595 -0.055 0.3047884595 2
0 0.595 -0.045 0.2549035063 2
0 0.595 -0.035 0.2017402904 2
0 0.595 -0.025 0.1459825332 2
0 0.595 -0.015 0.08834732416 2
0 0.595 -0.005 0.02957589794 2
0 0.595 0.005 -0.02957589794 2
0 0.595 0.015 -0.08834732416 2
0 0.595 0.025 -0.1459825332 2
0 0.595 0.035 -0.2017402904 2
0 0.595 0.045 -0.2549035063 2
0 0.595 0.055 -0.3047884595 2
0 0.595 0.065 -0.3507535898 2
0 0.595 0.075 -0.3922077488 2
0 0.595 0.085 -0.4286178029 2
0 0.595 0.095 -0.4595154899 2
0 0.595 0.105 -0.4845034407 2
0 0.595 0.115 -0.5032602903 2
0 0.595 0.125 -0.5155448107 2
0 0.595 0.135 -0.5211990132 2
0 0.595 0.145 -0.5201501801 2
0 0.595 0.155 -0.5124118004 2
0 0.595 0.165 -0.4980833957 2
0 0.595 0.175 -0.4773492408 2
0 0.595 0.185 -0.4504759935 2
0 0.595 0.195 -0.4178092651 2
0 0.595 0.205 -0.379769176 2
0 0.595 0.215 -0.336844952 2
0 0.595 0.225 -0.2895886329 2
0 0.595 0.235 -0.2386079728 2
0 0.595 0.245 -0.1845586236 2
0 0.595 0.255 -0.1281357031 2
0 0.595 0.265 -0.07006485512 2
0 0.595 0.275 -0.01109291717 2
0 0.595 0.285 0.04802168455 2
0 0.595 0.295 0.1065186891 2
0 0.595 0.305 0.1636457782 2
0 0.595 0.315 0.2186682519 2
0 0.595 0.325 0.2708784773 2
0 0.595 0.335 0.3196049891 2
0 0.595 0.345 0.3642211256 2
0 0.595 0.355 0.4041530875 2
0 0.595 0.365 0.438887318 2
0 0.595 0.375 0.4679771072 2
0 0.595 0.385 0.491048337 2
0 0.595 0.395 0.507804293 2
0 0.595 0.405 0 2
0 0.595 0.415 0 2
0 0.595 0.425 0 2
0 0.595 0.435 0 2
0 0.595 0.445 0 2
0 0.595 0.455 0 2
0 0.595 0.465 0 2
0 0.605 -0.455 0 2
0 0.605 -0.445 0 2
0 0.605 -0.435 0 2
0 0.605 -0.425 0 2
0 0.605 -0.415 0 2
0 0.605 -0.405 0 2
0 0.605 -0.395 -0.4711365595 2
0 0.605 -0.385 -0.4555905241 2
0 0.605 -0.375 -0.4341852308 2
0 0.605 -0.365 -0.4071959687 2
0 0.605 -0.355 -0.3749698413 2
0 0.605 -0.345 -0.3379213023 2
0 0.605 -0.335 -0.2965268255 2
0 0.605 -0.325 -0.2513187769 2
0 0.605 -0.315 -0.2028785681 2
0 0.605 -0.305 -0.151829179 2
0 0.605 -0.295 -0.09882714537 2
0 0.605 -0.285 -0.04455411573 2
0 0.605 -0.275 0.01029191541 2
0 0.605 -0.265 0.0650055843 2
0 0.605 -0.255 0.1188832295 2
0 0.605 -0.245 0.1712319414 2
0 0.605 -0.235 0.2213784738 2
0 0.605 -0.225 0.2686779022 2
0 0.605 -0.215 0.3125219183 2
0 0.605 -0.205 0.3523466529 2
0 0.605 -0.195 0.3876399282 2
0 0.605 -0.185 0.4179478445 2
0 0.605 -0.175 0.4428806177 2
0 0.605 -0.165 0.4621175925 2
0 0.605 -0.155 0.4754113661 2
0 0.605 -0.145 0.4825909699 2
0 0.605 -0.135 0.4835640684 2
0 0.605 -0.125 0.4783181468 2
0 0.605 -0.115 0.4669206719 2
0 0.605 -0.105 0.4495182243 2
0 0.605 -0.095 0.4263346133 2
0 0.605 -0.085 0.3976679988 2
0 0.605 -0.075 0.3638870563 2
0 0.605 -0.065 0.3254262356 2
0 0.605 -0.055 0.2827801737 2
0 0.605 -0.045 0.2364973329 2
0 0.605 -0.035 0.1871729476 2
0 0.605 -0.025 0.1354413687 2
0 0.605 -0.015 0.08196790558 2
0 0.605 -0.005 0.02744026979 2
0 0.605 0.005 -0.02744026979 2
0 0.605 0.015 -0.08196790558 2
0 0.605 0.025 -0.1354413687 2
0 0.605 0.035 -0.1871729476 2
0 0.605 0.045 -0.2364973329 2
0 0.605 0.055 -0.2827801737 2
0 0.605 0.065 -0.3254262356 2
0 0.605 0.075 -0.3638870563 2
0 0.605 0.085 -0.3976679988 2
0 0.605 0.095 -0.4263346133 2
0 0.605 0.105 -0.4495182243 2
0 0.605 0.115 -0.4669206719 2
0 0.605 0.125 -0.4783181468 2
0 0.605 0.135 -0.4835640684 2
0 0.605 0.145 -0.4825909699 2
0 0.605 0.155 -0.4754113661 2
0 0.605 0.165 -0.4621175925 2
0 0.605 0.175 -0.4428806177 2
0 0.605 0.185 -0.4179478445 2
0 0.605 0.195 -0.3876399282 2
0 0.605 0.205 -0.3523466529 2
0 0.605 0.215 -0.3125219183 2
0 0.605 0.225 -0.2686779022 2
0 0.605 0.235 -0.2213784738 2
0 0.605 0.245 -0.1712319414 2
0 0.605 0.255 -0.1188832295 2
0 0.605 0.265 -0.0650055843 2
0 0.605 0.275 -0.01029191541 2
0 0.605 0.285 0.04455411573 2
0 0.605 0.295 0.09882714537 2
0 0.605 0.305 0.151829179 2
0 0.605 0.315 0.2028785681 2
0 0.605 0.325 0.2513187769 2
0 0.605 0.335 0.2965268255 2
0 0.605 0.345 0.3379213023 2
0 0.605 0.355 0.3749698413 2
0 0.605 0.365 0.4071959687 2
0 0.605 0.375 0.4341852308 2
0 0.605 0.385 0.4555905241 2
0 0.605 0.395 0.4711365595 2
0 0.605 0.405 0 2
0 0.605 0.415 0 2
0 0.605 0.425 0 2
0 0.605 0.435 0 2
0 0.605 0.445 0 2
0 0.605 0.455 0 2
0 0.605 0.465 0 2
0 0.615 -0.455 0 2
0 0.615 -0.445 0 2
0 0.615 -0.435 0 2
0 0.615 -0.425 0 2
0 0.615 -0.415 0 2
0 0.615 -0.405 0 2
0 0.615 -0.395 -0.433574272 2
0 0.615 -0.385 -0.4192676749 2
0 0.615 -0.375 -0.3995689606 2
0 0.615 -0.365 -0.3747314705 2
0 0.615 -0.355 -0.3450746343 2
0 0.615 -0.345 -0.3109798628 2
0 0.615 -0.335 -0.272885642 2
0 0.615 -0.325 -0.2312818939 2
0 0.615 -0.315 -0.1867036759 2
0 0.615 -0.305 -0.1397242995 2
0 0.615 -0.295 -0.09094795713 2
0 0.615 -0.285 -0.04100195136 2
0 0.615 -0.275 0.009471372244 2
0 0.615 -0.265 0.05982288644 2
0 0.615 -0.255 0.1094050305 2
0 0.615 -0.245 0.1575801386 2
0 0.615 -0.235 0.2037286402 2
0 0.615 -0.225 0.2472570288 2
0 0.615 -0.215 0.2876054946 2
0 0.615 -0.205 0.3242551241 2
0 0.615 -0.195 0.3567345737 2
0 0.615 -0.185 0.3846261318 2
0 0.615 -0.175 0.4075710907 2
0 0.615 -0.165 0.42527436 2
0 0.615 -0.155 0.4375082613 2
0 0.615 -0.145 0.4441154571 2
0 0.615 -0.135 0.4450109734 2
0 0.615 -0.125 0.4401832932 2
0 0.615 -0.115 0.4296945044 2
0 0.615 -0.105 0.4136795011 2
0 0.615 -0.095 0.3923442491 2
0 0.615 -0.085 0.3659631367 2
0 0.615 -0.075 0.3348754461 2
0 0.615 -0.065 0.2994809899 2
0 0.615 -0.055 0.260234969 2
0 0.615 -0.045 0.2176421186 2
0 0.615 -0.035 0.1722502168 2
0 0.615 -0.025 0.1246430396 2
0 0.615 -0.015 0.07543285334 2
0 0.615 -0.005 0.02525254039 2
0 0.615 0.005 -0.02525254039 2
0 0.615 0.015 -0.07543285334 2
0 0.615 0.025 -0.1246430396 2
0 0.615 0.035 -0.1722502168 2
0 0.615 0.045 -0.2176421186 2
0 0.615 0.055 -0.260234969 2
0 0.615 0.065 -0.2994809899 2
0 0.615 0.075 -0.3348754461 2
0 0.615 0.085 -0.3659631367 2
0 0.615 0.095 -0.3923442491 2
0 0.615 0.105 -0.4136795011 2
0 0.615 0.115 -0.4296945044 2
0 0.615 0.125 -0.4401832932 2
0 0.615 0.135 -0.4450109734 2
0 0.615 0.145 -0.4441154571 2
0 0.615 0.155 -0.4375082613 2
0 0.615 0.165 -0.42527436 2
0 0.615 0.175 -0.4075710907 2
0 0.615 0.185 -0.3846261318 2
0 0.615 0.195 -0.3567345737 2
0 0.615 0.205 -0.3242551241 2
0 0.615 0.215 -0.2876054946 2
0 0.615 0.225 -0.2472570288 2
0 0.615 0.235 -0.2037286402 2
0 0.615 0.245 -0.1575801386 2
0 0.615 0.255 -0.1094050305 2
0 0.615 0.265 -0.05982288644 2
0 0.615 0.275 -0.009471372244 2
0 0.615 0.285 0.04100195136 2
0 0.615 0.295 0.09094795713 2
0 0.615 0.305 0.1397242995 2
0 0.615 0.315 0.1867036759 2
0 0.615 0.325 0.2312818939 2
0 0.615 0.335 0.272885642 2
0 0.615 0.345 0.3109798628 2
0 0.615 0.355 0.3450746343 2
0 0.615 0.365 0.3747314705 2
0 0.615 0.375 0.3995689606 2
0 0.615 0.385 0.4192676749 2
0 0.615 0.395 0.433574272 2
0 0.615 0.405 0 2
0 0.615 0.415 0 2
0 0.615 0.425 0 2
0 0.615 0.435 0 2
0 0.615 0.445 0 2
0 0.615 0.455 0 2
0 0.615 0.465 0 2
0 0.625 -0.455 0 2
0 0.625 -0.445 0 2
0 0.625 -0.435 0 2
0 0.625 -0.425 0 2
0 0.625 -0.415 0 2
0 0.625 -0.405 0 2
0 0.625 -0.395 -0.3951887509 2
0 0.625 -0.385 -0.382148756 2
0 0.625 -0.375 -0.3641940231 2
0 0.625 -0.365 -0.3415554641 2
0 0.625 -0.355 -0.3145242291 2
0 0.625 -0.345 -0.2834479614 2
0 0.625 -0.335 -0.2487263266 2
0 0.625 -0.325 -0.2108058725 2
0 0.625 -0.315 -0.1701742866 2
0 0.625 -0.305 -0.1273541235 2
0 0.625 -0.295 -0.08289608468 2
0 0.625 -0.285 -0.03737193599 2
0 0.625 -0.275 0.008632845645 2
0 0.625 -0.265 0.05452660199 2
0 0.625 -0.255 0.09971910269 2
0 0.625 -0.245 0.1436291361 2
0 0.625 -0.235 0.1856919841 2
0 0.625 -0.225 0.2253666849 2
0 0.625 -0.215 0.2621429902 2
0 0.625 -0.205 0.2955479273 2
0 0.625 -0.195 0.325151882 2
0 0.625 -0.185 0.3505741239 2
0 0.625 -0.175 0.3714877026 2
0 0.625 -0.165 0.3876236528 2
0 0.625 -0.155 0.3987744533 2
0 0.625 -0.145 0.4047966958 2
0 0.625 -0.135 0.4056129296 2
0 0.625 -0.125 0.4012126572 2
0 0.625 -0.115 0.3916524697 2
0 0.625 -0.105 0.3770553186 2
0 0.625 -0.095 0.3576089351 2
0 0.625 -0.085 0.333563415 2
0 0.625 -0.075 0.3052280031 2
0 0.625 -0.065 0.2729671153 2
0 0.625 -0.055 0.2371956524 2
0 0.625 -0.045 0.1983736641 2
0 0.625 -0.035 0.1570004319 2
0 0.625 -0.025 0.1136080489 2
0 0.625 -0.015 0.06875457564 2
0 0.625 -0.005 0.02301686363 2
0 0.625 0.005 -0.02301686363 2
0 0.625 0.015 -0.06875457564 2
0 0.625 0.025 -0.1136080489 2
0 0.625 0.035 -0.1570004319 2
0 0.625 0.045 -0.1983736641 2
0 0.625 0.055 -0.2371956524 2
0 0.625 0.065 -0.2729671153 2
0 0.625 0.075 -0.3052280031 2
0 0.625 0.085 -0.333563415 2
0 0.625 0.095 -0.3576089351 2
0 0.625 0.105 -0.3770553186 2
0 0.625 0.115 -0.3916524697 2
0 0.625 0.125 -0.4012126572 2
0 0.625 0.135 -0.4056129296 2
0 0.625 0.145 -0.4047966958 2
0 0.625 0.155 -0.3987744533 2
0 0.625 0.165 -0.3876236528 2
0 0.625 0.175 -0.3714877026 2
0 0.625 0.185 -0.3505741239 2
0 0.625 0.195 -0.325151882 2
0 0.625 0.205 -0.2955479273 2
0 0.625 0.215 -0.2621429902 2
0 0.625 0.225 -0.2253666849 2
0 0.625 0.235 -0.1856919841 2
0 0.625 0.245 -0.1436291361 2
0 0.625 0.255 -0.09971910269 2
0 0.625 0.265 -0.05452660199 2
0 0.625 0.275 -0.008632845645 2
0 0.625 0.285 0.03737193599 2
0 0.625 0.295 0.08289608468 2
0 0.625 0.305 0.1273541235 2
0 0.625 0.315 0.1701742866 2
0 0.625 0.325 0.2108058725 2
0 0.625 0.335 0.2487263266 2
0 0.625 0.345 0.2834479614 2
0 0.625 0.355 0.3145242291 2
0 0.625 0.365 0.3415554641 2
0 0.625 0.375 0.3641940231 2
0 0.625 0.385 0.382148756 2
0 0.625 0.395 0.3951887509 2
0 0.625 0.405 0 2
0 0.625 0.415 0 2
0 0.625 0.425 0 2
0 0.625 0.435 0 2
0 0.625 0.445 0 2
0 0.625 0.455 0 2
0 0.625 0.465 0 2
0 0.635 -0.455 0 2
0 0.635 -0.445 0 2
0 0.635 -0.435 0 2
0 0.635 -0.425 0 2
0 0.635 -0.415 0 2
0 0.635 -0.405 0 2
0 0.635 -0.395 -0.356052879 2
0 0.635 -0.385 -0.3443042458 2
0 0.635 -0.375 -0.328127585 2
0 0.635 -0.365 -0.3077309414 2
0 0.635 -0.355 -0.2833766322 2
0 0.635 -0.345 -0.2553778732 2
0 0.635 -0.335 -0.2240947509 2
0 0.635 -0.325 -0.189929591 2
0 0.635 -0.315 -0.153321785 2
0 0.635 -0.305 -0.1147421384 2
0 0.635 -0.295 -0.07468681623 2
0 0.635 -0.285 -0.03367096197 2
0 0.635 -0.275 0.007777927735 2
0 0.635 -0.265 0.04912678708 2
0 0.635 -0.255 0.08984383672 2
0 0.635 -0.245 0.1294054229 2
0 0.635 -0.235 0.1673027519 2
0 0.635 -0.225 0.203048434 2
0 0.635 -0.215 0.2361827511 2
0 0.635 -0.205 0.2662795694 2
0 0.635 -0.195 0.2929518198 2
0 0.635 -0.185 0.3158564758 2
0 0.635 -0.175 0.3346989654 2
0 0.635 -0.165 0.3492369589 2
0 0.635 -0.155 0.3592834863 2
0 0.635 -0.145 0.3647093412 2
0 0.635 -0.135 0.3654447427 2
0 0.635 -0.125 0.3614802329 2
0 0.635 -0.115 0.3528667987 2
0 0.635 -0.105 0.3397152157 2
0 0.635 -0.095 0.3221946237 2
0 0.635 -0.085 0.3005303516 2
0 0.635 -0.075 0.2750010192 2
0 0.635 -0.065 0.245934954 2
0 0.635 -0.055 0.213705969 2
0 0.635 -0.045 0.1787285545 2
0 0.635 -0.035 0.1414525481 2
0 0.635 -0.025 0.102357349 2
0 0.635 -0.015 0.06194575264 2
0 0.635 -0.005 0.02073748441 2
0 0.635 0.005 -0.02073748441 2
0 0.635 0.015 -0.06194575264 2
0 0.635 0.025 -0.102357349 2
0 0.635 0.035 -0.1414525481 2
0 0.635 0.045 -0.1787285545 2
0 0.635 0.055 -0.213705969 2
0 0.635 0.065 -0.245934954 2
0 0.635 0.075 -0.2750010192 2
0 0.635 0.085 -0.3005303516 2
0 0.635 0.095 -0.3221946237 2
0 0.635 0.105 -0.3397152157 2
0 0.635 0.115 -0.3528667987 2
0 0.635 0.125 -0.3614802329 1
0 0.635 0.135 -0.3654447427 1
0 0.635 0.145 -0.3647093412 1
0 0.635 0.155 -0.3592834863 2
0 0.635 0.165 -0.3492369589 2
0 0.635 0.175 -0.3346989654 2
0 0.635 0.185 -0.3158564758 2
0 0.635 0.195 -0.2929518198 2
0 0.635 0.205 -0.2662795694 2
0 0.635 0.215 -0.2361827511 2
0 0.635 0.225 -0.203048434 2
0 0.635 0.235 -0.1673027519 2
0 0.635 0.245 -0.1294054229 2
0 0.635 0.255 -0.08984383672 2
0 0.635 0.265 -0.04912678708 2
0 0.635 0.275 -0.007777927735 2
0 0.635 0.285 0.03367096197 2
0 0.635 0.295 0.07468681623 2
0 0.635 0.305 0.1147421384 2
0 0.635 0.315 0.153321785 2
0 0.635 0.325 0.189929591 2
0 0.635 0.335 0.2240947509 2
0 0.635 0.345 0.2553778732 2
0 0.635 0.355 0.2833766322 2
0 0.635 0.365 0.3077309414 2
0 0.635 0.375 0.328127585 2
0 0.635 0.385 0.3443042458 2
0 0.635 0.395 0.356052879 2
0 0.635 0.405 0 2
0 0.635 0.415 0 2
0 0.635 0.425 0 2
0 0.635 0.435 0 2
0 0.635 0.445 0 2
0 0.635 0.455 0 2
0 0.635 0.465 0 2
0 0.645 -0.455 0 2
0 0.645 -0.445 0 2
0 0.645 -0.435 0 2
0 0.645 -0.425 0 2
0 0.645 -0.415 0 2
0 0.645 -0.405 0 2
0 0.645 -0.395 -0.3162409644 2
0 0.645 -0.385 -0.305806 2
0 0.645 -0.375 -0.2914381263 2
0 0.645 -0.365 -0.2733221255 2
0 0.645 -0.355 -0.251690984 2
0 0.645 -0.345 -0.2268228954 2
0 0.645 -0.335 -0.1990376832 2
0 0.645 -0.325 -0.1686926875 2
0 0.645 -0.315 -0.1361781691 2
0 0.645 -0.305 -0.1019122907 2
0 0.645 -0.295 -0.06633573883 2
0 0.645 -0.285 -0.02990605642 2
0 0.645 -0.275 0.006908241761 2
0 0.645 -0.265 0.04363369443 2
0 0.645 -0.255 0.07979798295 2
0 0.645 -0.245 0.1149360057 2
0 0.645 -0.235 0.1485958596 2
0 0.645 -0.225 0.1803446521 2
0 0.645 -0.215 0.2097740684 2
0 0.645 -0.205 0.2365056226 2
0 0.645 -0.195 0.2601955256 2
0 0.645 -0.185 0.2805391065 2
0 0.645 -0.175 0.2972747303 2
0 0.645 -0.165 0.3101871638 2
0 0.645 -0.155 0.3191103426 2
0 0.645 -0.145 0.3239295076 2
0 0.645 -0.135 0.3245826805 2
0 0.645 -0.125 0.3210614608 2
0 0.645 -0.115 0.3134111345 2
0 0.645 -0.105 0.3017300906 2
0 0.645 -0.095 0.2861685568 2
0 0.645 -0.085 0.2669266669 2
0 0.645 -0.075 0.2442518869 2
0 0.645 -0.065 0.2184358325 2
0 0.645 -0.055 0.1898105189 2
0 0.645 -0.045 0.1587440905 2
0 0.645 -0.035 0.1256360863 2
0 0.645 -0.025 0.09091230172 2
0 0.645 -0.015 0.05501931232 2
0 0.645 -0.005 0.01841873064 2
0 0.645 0.005 -0.01841873064 2
0 0.645 0.015 -0.05501931232 2
0 0.645 0.025 -0.09091230172 2
0 0.645 0.035 -0.1256360863 2
0 0.645 0.045 -0.1587440905 2
0 0.645 0.055 -0.1898105189 2
0 0.645 0.065 -0.2184358325 2
0 0.645 0.075 -0.2442518869 2
0 0.645 0.085 -0.2669266669 2
0 0.645 0.095 -0.2861685568 2
0 0.645 0.105 -0.3017300906 1
0 0.645 0.115 -0.3134111345 1
0 0.645 0.125 -0.3210614608 1
0 0.645 0.135 -0.3245826805 1
0 0.645 0.145 -0.3239295076 1
0 0.645 0.155 -0.3191103426 1
0 0.645 0.165 -0.3101871638 2
0 0.645 0.175 -0.2972747303 2
0 0.645 0.185 -0.2805391065 2
0 0.645 0.195 -0.2601955256 2
0 0.645 0.205 -0.2365056226 2
0 0.645 0.215 -0.2097740684 2
0 0.645 0.225 -0.1803446521 2
0 0.645 0.235 -0.1485958596 2
0 0.645 0.245 -0.1149360057 2
0 0.645 0.255 -0.07979798295 2
0 0.645 0.265 -0.04363369443 2
0 0.645 0.275 -0.006908241761 2
0 0.645 0.285 0.02990605642 2
0 0.645 0.295 0.06633573883 2
0 0.645 0.305 0.1019122907 2
0 0.645 0.315 0.1361781691 2
0 0.645 0.325 0.1686926875 2
0 0.645 0.335 0.1990376832 2
0 0.645 0.345 0.2268228954 2
0 0.645 0.355 0.251690984 2
0 0.645 0.365 0.2733221255 2
0 0.645 0.375 0.2914381263 2
0 0.645 0.385 0.305806 2
0 0.645 0.395 0.3162409644 2
0 0.645 0.405 0 2
0 0.645 0.415 0 2
0 0.645 0.425 0 2
0 0.645 0.435 0 2
0 0.645 0.445 0 2
0 0.645 0.455 0 2
0 0.645 0.465 0 2
0 0.655 -0.455 0 2
0 0.655 -0.445 0 2
0 0.655 -0.435 0 2
0 0.655 -0.425 0 2
0 0.655 -0.415 0 2
0 0.655 -0.405 0 2
0 0.655 -0.395 -0.2758285985 2
0 0.655 -0.385 -0.266727116 2
0 0.655 -0.375 -0.2541953098 2
0 0.655 -0.365 -0.2383943489 2
0 0.655 -0.355 -0.2195274464 2
0 0.655 -0.345 -0.1978372456 2
0 0.655 -0.335 -0.1736026998 2
0 0.655 -0.325 -0.1471354846 2
0 0.655 -0.315 -0.1187759897 2
0 0.655 -0.305 -0.0888889406 2
0 0.655 -0.295 -0.0578587088 2
0 0.655 -0.285 -0.0260843678 2
0 0.655 -0.275 0.006025439008 2
0 0.655 -0.265 0.03805775385 2
0 0.655 -0.255 0.06960061559 2
0 0.655 -0.245 0.1002483578 2
0 0.655 -0.235 0.1296068261 2
0 0.655 -0.225 0.1572984472 2
0 0.655 -0.215 0.1829670846 2
0 0.655 -0.205 0.2062826191 2
0 0.655 -0.195 0.2269451945 2
0 0.655 -0.185 0.2446890734 2
0 0.655 -0.175 0.2592860554 2
0 0.655 -0.165 0.2705484118 2
0 0.655 -0.155 0.2783312995 2
0 0.655 -0.145 0.2825346244 2
0 0.655 -0.135 0.2831043284 2
0 0.655 -0.125 0.2800330847 2
0 0.655 -0.115 0.2733603919 2
0 0.655 -0.105 0.2631720662 2
0 0.655 -0.095 0.2495991375 2
0 0.655 -0.085 0.2328161646 2
0 0.655 -0.075 0.2130389899 2
0 0.655 -0.065 0.1905219637 2
0 0.655 -0.055 0.1655546729 2
0 0.655 -0.045 0.1384582168 2
0 0.655 -0.035 0.1095810774 2
0 0.655 -0.025 0.07929463792 2
0 0.655 -0.015 0.04798840604 2
0 0.655 -0.005 0.01606500494 2
0 0.655 0.005 -0.01606500494 2
0 0.655 0.015 -0.04798840604 2
0 0.655 0.025 -0.07929463792 2
0 0.655 0.035 -0.1095810774 2
0 0.655 0.045 -0.1384582168 2
0 0.655 0.055 -0.1655546729 2
0 0.655 0.065 -0.1905219637 2
0 0.655 0.075 -0.2130389899 2
0 0.655 0.085 -0.2328161646 2
0 0.655 0.095 -0.2495991375 1
0 0.655 0.105 -0.2631720662 1
0 0.655 0.115 -0.2733603919 1
0 0.655 0.125 -0.2800330847 1
0 0.655 0.135 -0.2831043284 1
0 0.655 0.145 -0.2825346244 1
0 0.655 0.155 -0.2783312995 1
0 0.655 0.165 -0.2705484118 2
0 0.655 0.175 -0.2592860554 2
0 0.655 0.185 -0.2446890734 2
0 0.655 0.195 -0.2269451945 2
0 0.655 0.205 -0.2062826191 2
0 0.655 0.215 -0.1829670846 2
0 0.655 0.225 -0.1572984472 2
0 0.655 0.235 -0.1296068261 2
0 0.655 0.245 -0.1002483578 2
0 0.655 0.255 -0.06960061559 2
0 0.655 0.265 -0.03805775385 2
0 0.655 0.275 -0.006025439008 2
0 0.655 0.285 0.0260843678 2
0 0.655 0.295 0.0578587088 2
0 0.655 0.305 0.0888889406 2
0 0.655 0.315 0.1187759897 2
0 0.655 0.325 0.1471354846 2
0 0.655 0.335 0.1736026998 2
0 0.655 0.345 0.1978372456 2
0 0.655 0.355 0.2195274464 2
0 0.655 0.365 0.2383943489 2
0 0.655 0.375 0.2541953098 2
0 0.655 0.385 0.266727116 2
0 0.655 0.395 0.2758285985 2
0 0.655 0.405 0 2
0 0.655 0.415 0 2
0 0.655 0.425 0 2
0 0.655 0.435 0 2
0 0.655 0.445 0 2
0 0.655 0.455 0 2
0 0.655 0.465 0 2
0 0.665 -0.455 0 2
0 0.665 -0.445 0 2
0 0.665 -0.435 0 2
0 0.665 -0.425 0 2
0 0.665 -0.415 0 2
0 0.665 -0.405 0 2
0 0.665 -0.395 -0.2348925128 2
0 0.665 -0.385 -0.2271417933 2
0 0.665 -0.375 -0.216469849 2
0 0.665 -0.365 -0.2030139295 2
0 0.665 -0.355 -0.1869470888 2
0 0.665 -0.345 -0.1684759593 2
0 0.665 -0.335 -0.1478380944 2
0 0.665 -0.325 -0.1252989135 2
0 0.665 -0.315 -0.1011482885 2
0 0.665 -0.305 -0.07569681582 2
0 0.665 -0.295 -0.0492718216 2
0 0.665 -0.285 -0.0222131524 2
0 0.665 -0.275 0.005131195667 2
0 0.665 -0.265 0.03240955246 2
0 0.665 -0.255 0.05927109653 2
0 0.665 -0.245 0.08537036697 2
0 0.665 -0.235 0.1103717063 2
0 0.665 -0.225 0.1339535774 2
0 0.665 -0.215 0.1558126985 2
0 0.665 -0.205 0.1756679438 2
0 0.665 -0.195 0.1932639592 2
0 0.665 -0.185 0.2083744456 2
0 0.665 -0.175 0.2208050703 2
0 0.665 -0.165 0.2303959655 2
0 0.665 -0.155 0.2370237846 2
0 0.665 -0.145 0.2406032885 2
0 0.665 -0.135 0.241088442 2
0 0.665 -0.125 0.2384730056 2
0 0.665 -0.115 0.232790616 2
0 0.665 -0.105 0.2241143531 2
0 0.665 -0.095 0.2125558006 2
0 0.665 -0.085 0.1982636109 2
0 0.665 -0.075 0.1814215927 2
0 0.665 -0.065 0.1622463481 2
0 0.665 -0.055 0.1409844858 2
0 0.665 -0.045 0.1179094504 2
0 0.665 -0.035 0.09331800535 2
0 0.665 -0.025 0.06752641623 2
0 0.665 -0.015 0.04086638348 2
0 0.665 -0.005 0.0136807764 2
0 0.665 0.005 -0.0136807764 2
0 0.665 0.015 -0.04086638348 2
0 0.665 0.025 -0.06752641623 2
0 0.665 0.035 -0.09331800535 2
0 0.665 0.045 -0.1179094504 2
0 0.665 0.055 -0.1409844858 2
0 0.665 0.065 -0.1622463481 2
0 0.665 0.075 -0.1814215927 2
0 0.665 0.085 -0.1982636109 1
0 0.665 0.095 -0.2125558006 1
0 0.665 0.105 -0.2241143531 1
0 0.665 0.115 -0.232790616 1
0 0.665 0.125 -0.2384730056 1
0 0.665 0.135 -0.241088442 1
0 0.665 0.145 -0.2406032885 1
0 0.665 0.155 -0.2370237846 1
0 0.665 0.165 -0.2303959655 2
0 0.665 0.175 -0.2208050703 2
0 0.665 0.185 -0.2083744456 2
0 0.665 0.195 -0.1932639592 2
0 0.665 0.205 -0.1756679438 2
0 0.665 0.215 -0.1558126985 2
0 0.665 0.225 -0.1339535774 2
0 0.665 0.235 -0.1103717063 2
0 0.665 0.245 -0.08537036697 2
0 0.665 0.255 -0.05927109653 2
0 0.665 0.265 -0.03240955246 2
0 0.665 0.275 -0.005131195667 2
0 0.665 0.285 0.0222131524 2
0 0.665 0.295 0.0492718216 2
0 0.665 0.305 0.07569681582 2
0 0.665 0.315 0.1011482885 2
0 0.665 0.325 0.1252989135 2
0 0.665 0.335 0.1478380944 2
0 0.665 0.345 0.1684759593 2
0 0.665 0.355 0.1869470888 2
0 0.665 0.365 0.2030139295 2
0 0.665 0.375 0.216469849 2
0 0.665 0.385 0.2271417933 2
0 0.665 0.395 0.2348925128 2
0 0.665 0.405 0 2
0 0.665 0.415 0 2
0 0.665 0.425 0 2
0 0.665 0.435 0 2
0 0.665 0.445 0 2
0 0.665 0.455 0 2
0 0.665 0.465 0 2
0 0.675 -0.455 0 2
0 0.675 -0.445 0 2
0 0.675 -0.435 0 2
0 0.675 -0.425 0 2
0 0.675 -0.415 0 2
0 0.675 -0.405 0 2
0 0.675 -0.395 -0.1935104332 2
0 0.675 -0.385 -0.1871251932 2
0 0.675 -0.375 -0.1783333737 2
0 0.675 -0.365 -0.1672480446 2
0 0.675 -0.355 -0.1540117721 2
0 0.675 -0.345 -0.1387947853 2
0 0.675 -0.335 -0.1217927866 2
0 0.675 -0.325 -0.1032244355 2
0 0.675 -0.315 -0.0833285357 2
0 0.675 -0.305 -0.06236096438 2
0 0.675 -0.295 -0.04059138127 2
0 0.675 -0.285 -0.01829976058 2
0 0.675 -0.275 0.004227209649 2
0 0.675 -0.265 0.02669981458 2
0 0.675 -0.255 0.04882903858 2
0 0.675 -0.245 0.07033028215 2
0 0.675 -0.235 0.09092702213 2
0 0.675 -0.225 0.110354368 2
0 0.675 -0.215 0.1283624686 2
0 0.675 -0.205 0.1447197253 2
0 0.675 -0.195 0.1592157708 2
0 0.675 -0.185 0.1716641743 2
0 0.675 -0.175 0.1819048394 2
0 0.675 -0.165 0.1898060631 2
0 0.675 -0.155 0.1952662292 2
0 0.675 -0.145 0.1982151157 2
0 0.675 -0.135 0.1986147975 2
0 0.675 -0.125 0.1964601344 2
0 0.675 -0.115 0.1917788371 2
0 0.675 -0.105 0.1846311108 2
0 0.675 -0.095 0.175108881 2
0 0.675 -0.085 0.1633346111 2
0 0.675 -0.075 0.1494597277 2
0 0.675 -0.065 0.1336626729 2
0 0.675 -0.055 0.1161466093 2
0 0.675 -0.045 0.09713680764 2
0 0.675 -0.035 0.07687774902 2
0 0.675 -0.025 0.05562998116 2
0 0.675 -0.015 0.03366676731 2
0 0.675 -0.005 0.01127057196 2
0 0.675 0.005 -0.01127057196 2
0 0.675 0.015 -0.03366676731 2
0 0.675 0.025 -0.05562998116 2
0 0.675 0.035 -0.07687774902 2
0 0.675 0.045 -0.09713680764 2
0 0.675 0.055 -0.1161466093 2
0 0.675 0.065 -0.1336626729 2
0 0.675 0.075 -0.1494597277 2
0 0.675 0.085 -0.1633346111 1
0 0.675 0.095 -0.175108881 1
0 0.675 0.105 -0.1846311108 1
0 0.675 0.115 -0.1917788371 1
0 0.675 0.125 -0.1964601344 1
0 0.675 0.135 -0.1986147975 1
0 0.675 0.145 -0.1982151157 1
0 0.675 0.155 -0.1952662292 1
0 0.675 0.165 -0.1898060631 2
0 0.675 0.175 -0.1819048394 2
0 0.675 0.185 -0.1716641743 2
0 0.675 0.195 -0.1592157708 2
0 0.675 0.205 -0.1447197253 2
0 0.675 0.215 -0.1283624686 2
0 0.675 0.225 -0.110354368 2
0 0.675 0.235 -0.09092702213 2
0 0.675 0.245 -0.07033028215 2
0 0.675 0.255 -0.04882903858 2
0 0.675 0.265 -0.02669981458 2
0 0.675 0.275 -0.004227209649 2
0 0.675 0.285 0.01829976058 2
0 0.675 0.295 0.04059138127 2
0 0.675 0.305 0.06236096438 2
0 0.675 0.315 0.0833285357 2
0 0.675 0.325 0.1032244355 2
0 0.675 0.335 0.1217927866 2
0 0.675 0.345 0.1387947853 2
0 0.675 0.355 0.1540117721 2
0 0.675 0.365 0.1672480446 2
0 0.675 0.375 0.1783333737 2
0 0.675 0.385 0.1871251932 2
0 0.675 0.395 0.1935104332 2
0 0.675 0.405 0 2
0 0.675 0.415 0 2
0 0.675 0.425 0 2
0 0.675 0.435 0 2
0 0.675 0.445 0 2
0 0.675 0.455 0 2
0 0.675 0.465 0 2
0 0.685 -0.455 0 2
0 0.685 -0.445 0 2
0 0.685 -0.435 0 2
0 0.685 -0.425 0 2
0 0.685 -0.415 0 2
0 0.685 -0.405 0 2
0 0.685 -0.395 -0.1517609326 2
0 0.685 -0.385 -0.1467532957 2
0 0.685 -0.375 -0.1398582942 2
0 0.685 -0.365 -0.1311646034 2
0 0.685 -0.355 -0.120784031 2
0 0.685 -0.345 -0.1088500796 2
0 0.685 -0.335 -0.09551622915 2
0 0.685 -0.325 -0.08095396376 2
0 0.685 -0.315 -0.06535056575 2
0 0.685 -0.305 -0.04890670728 2
0 0.685 -0.295 -0.03183386949 2
0 0.685 -0.285 -0.01435162273 2
0 0.685 -0.275 0.003315197367 2
0 0.685 -0.265 0.02093938138 2
0 0.685 -0.255 0.03829426822 2
0 0.685 -0.245 0.05515666019 2
0 0.685 -0.235 0.07130969347 2
0 0.685 -0.225 0.08654562715 2
0 0.685 -0.215 0.1006685149 2
0 0.685 -0.205 0.1134967253 2
0 0.685 -0.195 0.124865277 2
0 0.685 -0.185 0.1346279617 2
0 0.685 -0.175 0.1426592232 2
0 0.685 -0.165 0.1488557732 2
0 0.685 -0.155 0.153137919 2
0 0.685 -0.145 0.155450589 2
0 0.685 -0.135 0.1557640402 2
0 0.685 -0.125 0.1540742415 2
0 0.685 -0.115 0.150402925 2
0 0.685 -0.105 0.1447973068 2
0 0.685 -0.095 0.1373294796 2
0 0.685 -0.085 0.1280954856 2
0 0.685 -0.075 0.1172140814 2
0 0.685 -0.065 0.1048252105 2
0 0.685 -0.055 0.09108820366 2
0 0.685 -0.045 0.0761797298 2
0 0.685 -0.035 0.06029152379 2
0 0.685 -0.025 0.04362792063 2
0 0.685 -0.015 0.02640322757 2
0 0.685 -0.005 0.008838967918 2
0 0.685 0.005 -0.008838967918 2
0 0.685 0.015 -0.02640322757 2
0 0.685 0.025 -0.04362792063 2
0 0.685 0.035 -0.06029152379 2
0 0.685 0.045 -0.0761797298 2
0 0.685 0.055 -0.09108820366 2
0 0.685 0.065 -0.1048252105 2
0 0.685 0.075 -0.1172140814 1
0 0.685 0.085 -0.1280954856 1
0 0.685 0.095 -0.1373294796 1
0 0.685 0.105 -0.1447973068 1
0 0.685 0.115 -0.150402925 1
0 0.685 0.125 -0.1540742415 1
0 0.685 0.135 -0.1557640402 1
0 0.685 0.145 -0.155450589 1
0 0.685 0.155 -0.153137919 1
0 0.685 0.165 -0.1488557732 2
0 0.685 0.175 -0.1426592232 2
0 0.685 0.185 -0.1346279617 2
0 0.685 0.195 -0.124865277 2
0 0.685 0.205 -0.1134967253 2
0 0.685 0.215 -0.1006685149 2
0 0.685 0.225 -0.08654562715 2
0 0.685 0.235 -0.07130969347 2
0 0.685 0.245 -0.05515666019 2
0 0.685 0.255 -0.03829426822 2
0 0.685 0.265 -0.02093938138 2
0 0.685 0.275 -0.003315197367 2
0 0.685 0.285 0.01435162273 2
0 0.685 0.295 0.03183386949 2
0 0.685 0.305 0.04890670728 2
0 0.685 0.315 0.06535056575 2
0 0.685 0.325 0.08095396376 2
0 0.685 0.335 0.09551622915 2
0 0.685 0.345 0.1088500796 2
0 0.685 0.355 0.120784031 2
0 0.685 0.365 0.1311646034 2
0 0.685 0.375 0.1398582942 2
0 0.685 0.385 0.1467532957 2
0 0.685 0.395 0.1517609326 2
0 0.685 0.405 0 2
0 0.685 0.415 0 2
0 0.685 0.425 0 2
0 0.685 0.435 0 2
0 0.685 0.445 0 2
0 0.685 0.455 0 2
0 0.685 0.465 0 2
0 0.695 -0.455 0 2
0 0.695 -0.445 0 2
0 0.695 -0.435 0 2
0 0.695 -0.425 0 2
0 0.695 -0.415 0 2
0 0.695 -0.405 0 2
0 0.695 -0.395 -0.1097232813 2
0 0.695 -0.385 -0.1061027556 2
0 0.695 -0.375 -0.1011176638 2
0 0.695 -0.365 -0.09483211804 2
0 0.695 -0.355 -0.08732695552 2
0 0.695 -0.345 -0.07869869863 2
0 0.695 -0.335 -0.06905831362 2
0 0.695 -0.325 -0.05852978356 2
0 0.695 -0.315 -0.04724851373 2
0 0.695 -0.305 -0.0353595903 2
0 0.695 -0.295 -0.02301591429 2
0 0.695 -0.285 -0.01037623524 2
0 0.695 -0.275 0.002396890471 2
0 0.695 -0.265 0.01513919026 2
0 0.695 -0.255 0.02768678797 2
0 0.695 -0.245 0.03987831149 2
0 0.695 -0.235 0.05155696807 2
0 0.695 -0.225 0.06257256086 2
0 0.695 -0.215 0.07278342056 2
0 0.695 -0.205 0.08205822735 2
0 0.695 -0.195 0.09027769981 2
0 0.695 -0.185 0.09733612896 2
0 0.695 -0.175 0.1031427378 2
0 0.695 -0.165 0.1076228486 2
0 0.695 -0.155 0.1107188436 2
0 0.695 -0.145 0.1123909059 2
0 0.695 -0.135 0.1126175314 2
0 0.695 -0.125 0.1113958056 2
0 0.695 -0.115 0.1087414407 2
0 0.695 -0.105 0.104688574 2
0 0.695 -0.095 0.09928932868 2
0 0.695 -0.085 0.09261314331 2
0 0.695 -0.075 0.08474587895 2
0 0.695 -0.065 0.07578871492 2
0 0.695 -0.055 0.06585684749 2
0 0.695 -0.045 0.05507800841 2
0 0.695 -0.035 0.04359082216 2
0 0.695 -0.025 0.03154302313 2
0 0.695 -0.015 0.01908955563 2
0 0.695 -0.005 0.006390581203 2
0 0.695 0.005 -0.006390581203 2
0 0.695 0.015 -0.01908955563 2
0 0.695 0.025 -0.03154302313 2
0 0.695 0.035 -0.04359082216 2
0 0.695 0.045 -0.05507800841 2
0 0.695 0.055 -0.06585684749 2
0 0.695 0.065 -0.07578871492 2
0 0.695 0.075 -0.08474587895 1
0 0.695 0.085 -0.09261314331 1
0 0.695 0.095 -0.09928932868 1
0 0.695 0.105 -0.104688574 1
0 0.695 0.115 -0.1087414407 1
0 0.695 0.125 -0.1113958056 1
0 0.695 0.135 -0.1126175314 1
0 0.695 0.145 -0.1123909059 1
0 0.695 0.155 -0.1107188436 2
0 0.695 0.165 -0.1076228486 2
0 0.695 0.175 -0.1031427378 2
0 0.695 0.185 -0.09733612896 2
0 0.695 0.195 -0.09027769981 2
0 0.695 0.205 -0.08205822735 2
0 0.695 0.215 -0.07278342056 2
0 0.695 0.225 -0.06257256086 2
0 0.695 0.235 -0.05155696807 2
0 0.695 0.245 -0.03987831149 2
0 0.695 0.255 -0.02768678797 2
0 0.695 0.265 -0.01513919026 2
0 0.695 0.275 -0.002396890471 2
0 0.695 0.285 0.01037623524 2
0 0.695 0.295 0.02301591429 2
0 0.695 0.305 0.0353595903 2
0 0.695 0.315 0.04724851373 2
0 0.695 0.325 0.05852978356 2
0 0.695 0.335 0.06905831362 2
0 0.695 0.345 0.07869869863 2
0 0.695 0.355 0.08732695552 2
0 0.695 0.365 0.09483211804 2
0 0.695 0.375 0.1011176638 2
0 0.695 0.385 0.1061027556 2
0 0.695 0.395 0.1097232813 2
0 0.695 0.405 0 2
0 0.695 0.415 0 2
0 0.695 0.425 0 2
0 0.695 0.435 0 2
0 0.695 0.445 0 2
0 0.695 0.455 0 2
0 0.695 0.465 0 2
0 0.705 -0.455 0 2
0 0.705 -0.445 0 2
0 0.705 -0.435 0 2
0 0.705 -0.425 0 2
0 0.705 -0.415 0 2
0 0.705 -0.405 0 2
0 0.705 -0.395 -0.06747729679 2
0 0.705 -0.385 -0.0652507567 2
0 0.705 -0.375 -0.06218503976 2
0 0.705 -0.365 -0.05831957356 2
0 0.705 -0.355 -0.05370407106 2
0 0.705 -0.345 -0.04839789133 2
0 0.705 -0.335 -0.04246927607 2
0 0.705 -0.325 -0.035994472 2
0 0.705 -0.315 -0.02905675028 2
0 0.705 -0.305 -0.02174533554 2
0 0.705 -0.295 -0.01415425843 2
0 0.705 -0.285 -0.006381146252 2
0 0.705 -0.275 0.001474032564 2
0 0.705 -0.265 0.009310254144 2
0 0.705 -0.255 0.01702673842 2
0 0.705 -0.245 0.02452424525 2
0 0.705 -0.235 0.03170635069 2
0 0.705 -0.225 0.03848068715 2
0 0.705 -0.215 0.04476013124 2
0 0.705 -0.205 0.0504639243 2
0 0.705 -0.195 0.055518711 2
0 0.705 -0.185 0.05985948273 2
0 0.705 -0.175 0.06343041372 2
0 0.705 -0.165 0.06618557894 2
0 0.705 -0.155 0.06808954475 2
0 0.705 -0.145 0.06911782465 2
0 0.705 -0.135 0.06925719413 2
0 0.705 -0.125 0.06850586078 2
0 0.705 -0.115 0.06687348736 2
0 0.705 -0.105 0.0643810675 2
0 0.705 -0.095 0.06106065569 2
0 0.705 -0.085 0.05695495508 2
0 0.705 -0.075 0.05211676828 2
0 0.705 -0.065 0.04660831821 2
0 0.705 -0.055 0.04050044796 2
0 0.705 -0.045 0.0338717096 2
0 0.705 -0.035 0.02680735401 2
0 0.705 -0.025 0.01939823443 2
0 0.705 -0.015 0.01173963808 2
0 0.705 -0.005 0.003930060598 2
0 0.705 0.005 -0.003930060598 2
0 0.705 0.015 -0.01173963808 2
0 0.705 0.025 -0.01939823443 2
0 0.705 0.035 -0.02680735401 2
0 0.705 0.045 -0.0338717096 2
0 0.705 0.055 -0.04050044796 2
0 0.705 0.065 -0.04660831821 2
0 0.705 0.075 -0.05211676828 1
0 0.705 0.085 -0.05695495508 1
0 0.705 0.095 -0.06106065569 1
0 0.705 0.105 -0.0643810675 1
0 0.705 0.115 -0.06687348736 1
0 0.705 0.125 -0.06850586078 1
0 0.705 0.135 -0.06925719413 1
0 0.705 0.145 -0.06911782465 1
0 0.705 0.155 -0.06808954475 2
0 0.705 0.165 -0.06618557894 2
0 0.705 0.175 -0.06343041372 2
0 0.705 0.185 -0.05985948273 2
0 0.705 0.195 -0.055518711 2
0 0.705 0.205 -0.0504639243 2
0 0.705 0.215 -0.04476013124 2
0 0.705 0.225 -0.03848068715 2
0 0.705 0.235 -0.03170635069 2
0 0.705 0.245 -0.02452424525 2
0 0.705 0.255 -0.01702673842 2
0 0.705 0.265 -0.009310254144 2
0 0.705 0.275 -0.001474032564 2
0 0.705 0.285 0.006381146252 2
0 0.705 0.295 0.01415425843 2
0 0.705 0.305 0.02174533554 2
0 0.705 0.315 0.02905675028 2
0 0.705 0.325 0.035994472 2
0 0.705 0.335 0.04246927607 2
0 0.705 0.345 0.04839789133 2
0 0.705 0.355 0.05370407106 2
0 0.705 0.365 0.05831957356 2
0 0.705 0.375 0.06218503976 2
0 0.705 0.385 0.0652507567 2
0 0.705 0.395 0.06747729679 2
0 0.705 0.405 0 2
0 0.705 0.415 0 2
0 0.705 0.425 0 2
0 0.705 0.435 0 2
0 0.705 0.445 0 2
0 0.705 0.455 0 2
0 0.705 0.465 0 2
0 0.715 -0.455 0 2
0 0.715 -0.445 0 2
0 0.715 -0.435 0 2
0 0.715 -0.425 0 2
0 0.715 -0.415 0 2
0 0.715 -0.405 0 2
0 0.715 -0.395 -0.02510319217 2
0 0.715 -0.385 -0.02427486521 2
0 0.715 -0.375 -0.0231343441 2
0 0.715 -0.365 -0.02169629685 2
0 0.715 -0.355 -0.0199792179 2
0 0.715 -0.345 -0.01800519025 2
0 0.715 -0.335 -0.01579960148 2
0 0.715 -0.325 -0.01339081721 2
0 0.715 -0.315 -0.01080981635 2
0 0.715 -0.305 -0.008089792609 2
0 0.715 -0.295 -0.005265727678 2
0 0.715 -0.285 -0.002373941284 2
0 0.715 -0.275 0.0005483758905 2
0 0.715 -0.265 0.003463640513 2
0 0.715 -0.255 0.006334359953 2
0 0.715 -0.245 0.009123614466 2
0 0.715 -0.235 0.01179553201 2
0 0.715 -0.225 0.01431574959 2
0 0.715 -0.215 0.01665185521 2
0 0.715 -0.205 0.01877380466 2
0 0.715 -0.195 0.020654308 2
0 0.715 -0.185 0.02226918044 2
0 0.715 -0.175 0.02359765344 2
0 0.715 -0.165 0.02462264177 2
0 0.715 -0.155 0.02533096327 2
0 0.715 -0.145 0.02571350835 2
0 0.715 -0.135 0.02576535717 2
0 0.715 -0.125 0.02548584293 2
0 0.715 -0.115 0.0248785604 2
0 0.715 -0.105 0.02395131972 2
0 0.715 -0.095 0.02271604593 2
0 0.715 -0.085 0.02118862566 2
0 0.715 -0.075 0.01938870274 2
0 0.715 -0.065 0.01733942562 2
0 0.715 -0.055 0.01506714964 2
0 0.715 -0.045 0.01260109808 2
0 0.715 -0.035 0.009972986338 2
0 0.715 -0.025 0.007216614029 2
0 0.715 -0.015 0.0043674303 2
0 0.715 -0.005 0.00146207793 2
0 0.715 0.005 -0.00146207793 2
0 0.715 0.015 -0.0043674303 2
0 0.715 0.025 -0.007216614029 2
0 0.715 0.035 -0.009972986338 2
0 0.715 0.045 -0.01260109808 2
0 0.715 0.055 -0.01506714964 2
0 0.715 0.065 -0.01733942562 2
0 0.715 0.075 -0.01938870274 1
0 0.715 0.085 -0.02118862566 1
0 0.715 0.095 -0.02271604593 1
0 0.715 0.105 -0.02395131972 1
0 0.715 0.115 -0.0248785604 1
0 0.715 0.125 -0.02548584293 1
0 0.715 0.135 -0.02576535717 1
0 0.715 0.145 -0.02571350835 2
0 0.715 0.155 -0.02533096327 2
0 0.715 0.165 -0.02462264177 2
0 0.715 0.175 -0.02359765344 2
0 0.715 0.185 -0.02226918044 2
0 0.715 0.195 -0.020654308 2
0 0.715 0.205 -0.01877380466 2
0 0.715 0.215 -0.01665185521 2
0 0.715 0.225 -0.01431574959 2
0 0.715 0.235 -0.01179553201 2
0 0.715 0.245 -0.009123614466 2
0 0.715 0.255 -0.006334359953 2
0 0.715 0.265 -0.003463640513 2
0 0.715 0.275 -0.0005483758905 2
0 0.715 0.285 0.002373941284 2
0 0.715 0.295 0.005265727678 2
0 0.715 0.305 0.008089792609 2
0 0.715 0.315 0.01080981635 2
0 0.715 0.325 0.01339081721 2
0 0.715 0.335 0.01579960148 2
0 0.715 0.345 0.01800519025 2
0 0.715 0.355 0.0199792179 2
0 0.715 0.365 0.02169629685 2
0 0.715 0.375 0.0231343441 2
0 0.715 0.385 0.02427486521 2
0 0.715 0.395 0.02510319217 2
0 0.715 0.405 0 2
0 0.715 0.415 0 2
0 0.715 0.425 0 2
0 0.715 0.435 0 2
0 0.715 0.445 0 2
0 0.715 0.455 0 2
0 0.715 0.465 0 2
0 0.725 -0.455 0 2
0 0.725 -0.445 0 2
0 0.725 -0.435 0 2
0 0.725 -0.425 0 2
0 0.725 -0.415 0 2
0 0.725 -0.405 0 2
0 0.725 -0.395 0.01731857626 2
0 0.725 -0.385 0.01674711732 2
0 0.725 -0.375 0.01596027708 2
0 0.725 -0.365 0.01496817493 2
0 0.725 -0.355 0.01378357009 2
0 0.725 -0.345 0.01242169754 2
0 0.725 -0.335 0.01090007204 2
0 0.725 -0.325 0.00923826291 2
0 0.725 -0.315 0.00745764234 2
0 0.725 -0.305 0.005581110534 2
0 0.725 -0.295 0.003632801189 2
0 0.725 -0.285 0.001637771121 2
0 0.725 -0.275 -0.0003783219925 2
0 0.725 -0.265 -0.002389549583 2
0 0.725 -0.255 -0.004370045657 2
0 0.725 -0.245 -0.006294339455 2
0 0.725 -0.235 -0.00813768302 2
0 0.725 -0.225 -0.009876369484 2
0 0.725 -0.215 -0.01148803795 2
0 0.725 -0.205 -0.01295196107 2
0 0.725 -0.195 -0.01424931163 2
0 0.725 -0.185 -0.01536340467 2
0 0.725 -0.175 -0.01627991205 2
0 0.725 -0.165 -0.01698704676 2
0 0.725 -0.155 -0.01747571449 2
0 0.725 -0.145 -0.01773963057 2
0 0.725 -0.135 -0.01777540084 2
0 0.725 -0.125 -0.01758256526 2
0 0.725 -0.115 -0.01716360384 2
0 0.725 -0.105 -0.01652390478 2
0 0.725 -0.095 -0.01567169511 2
0 0.725 -0.085 -0.01461793492 2
0 0.725 -0.075 -0.01337617641 2
0 0.725 -0.065 -0.0119623896 2
0 0.725 -0.055 -0.0103947569 2
0 0.725 -0.045 -0.008693439328 2
0 0.725 -0.035 -0.006880317184 2
0 0.725 -0.025 -0.004978708667 2
0 0.725 -0.015 -0.00301306998 2
0 0.725 -0.005 -0.001008680807 2
0 0.725 0.005 0.001008680807 2
0 0.725 0.015 0.00301306998 2
0 0.725 0.025 0.004978708667 2
0 0.725 0.035 0.006880317184 2
0 0.725 0.045 0.008693439328 2
0 0.725 0.055 0.0103947569 2
0 0.725 0.065 0.0119623896 2
0 0.725 0.075 0.01337617641 1
0 0.725 0.085 0.01461793492 1
0 0.725 0.095 0.01567169511 1
0 0.725 0.105 0.01652390478 1
0 0.725 0.115 0.01716360384 1
0 0.725 0.125 0.01758256526 1
0 0.725 0.135 0.01777540084 2
0 0.725 0.145 0.01773963057 2
0 0.725 0.155 0.01747571449 2
0 0.725 0.165 0.01698704676 2
0 0.725 0.175 0.01627991205 2
0 0.725 0.185 0.01536340467 2
0 0.725 0.195 0.01424931163 2
0 0.725 0.205 0.01295196107 2
0 0.725 0.215 0.01148803795 2
0 0.725 0.225 0.009876369484 2
0 0.725 0.235 0.00813768302 2
0 0.725 0.245 0.006294339455 2
0 0.725 0.255 0.004370045657 2
0 0.725 0.265 0.002389549583 2
0 0.725 0.275 0.0003783219925 2
0 0.725 0.285 -0.001637771121 2
0 0.725 0.295 -0.003632801189 2
0 0.725 0.305 -0.005581110534 2
0 0.725 0.315 -0.00745764234 2
0 0.725 0.325 -0.00923826291 2
0 0.725 0.335 -0.01090007204 2
0 0.725 0.345 -0.01242169754 2
0 0.725 0.355 -0.01378357009 2
0 0.725 0.365 -0.01496817493 2
0 0.725 0.375 -0.01596027708 2
0 0.725 0.385 -0.01674711732 2
0 0.725 0.395 -0.01731857626 2
0 0.725 0.405 0 2
0 0.725 0.415 0 2
0 0.725 0.425 0 2
0 0.725 0.435 0 2
0 0.725 0.445 0 2
0 0.725 0.455 0 2
0 0.725 0.465 0 2
0 0.735 -0.455 0 2
0 0.735 -0.445 0 2
0 0.735 -0.435 0 2
0 0.735 -0.425 0 2
0 0.735 -0.415 0 2
0 0.735 -0.405 0 2
0 0.735 -0.395 0.05970746165 2
0 0.735 -0.385 0.05773730185 2
0 0.735 -0.375 0.05502459424 2
0 0.735 -0.365 0.05160422641 2
0 0.735 -0.355 0.04752018702 2
0 0.735 -0.345 0.04282500008 2
0 0.735 -0.335 0.03757904944 2
0 0.735 -0.325 0.03184980221 2
0 0.735 -0.315 0.02571094109 2
0 0.735 -0.305 0.01924141674 2
0 0.735 -0.295 0.0125244324 2
0 0.735 -0.285 0.005646373866 2
0 0.735 -0.275 -0.00130430155 2
0 0.735 -0.265 -0.008238202606 2
0 0.735 -0.255 -0.0150661538 2
0 0.735 -0.245 -0.02170034222 2
0 0.735 -0.235 -0.02805544691 2
0 0.735 -0.225 -0.03404973616 2
0 0.735 -0.215 -0.0396061186 2
0 0.735 -0.205 -0.04465313473 2
0 0.735 -0.195 -0.04912587589 2
0 0.735 -0.185 -0.05296681906 2
0 0.735 -0.175 -0.05612656663 2
0 0.735 -0.165 -0.05856448174 2
0 0.735 -0.155 -0.06024921085 2
0 0.735 -0.145 -0.06115908699 2
0 0.735 -0.135 -0.06128240844 2
0 0.735 -0.125 -0.06061758918 2
0 0.735 -0.115 -0.05917317931 2
0 0.735 -0.105 -0.0569677551 2
0 0.735 -0.095 -0.05402968007 2
0 0.735 -0.085 -0.05039674021 2
0 0.735 -0.075 -0.04611565802 2
0 0.735 -0.065 -0.04124149165 2
0 0.735 -0.055 -0.03583692676 2
0 0.735 -0.045 -0.02997147038 2
0 0.735 -0.035 -0.02372055695 2
0 0.735 -0.025 -0.01716457822 2
0 0.735 -0.015 -0.0103878493 2
0 0.735 -0.005 -0.003477524347 2
0 0.735 0.005 0.003477524347 2
0 0.735 0.015 0.0103878493 2
0 0.735 0.025 0.01716457822 2
0 0.735 0.035 0.02372055695 2
0 0.735 0.045 0.02997147038 2
0 0.735 0.055 0.03583692676 2
0 0.735 0.065 0.04124149165 2
0 0.735 0.075 0.04611565802 2
0 0.735 0.085 0.05039674021 1
0 0.735 0.095 0.05402968007 1
0 0.735 0.105 0.0569677551 1
0 0.735 0.115 0.05917317931 2
0 0.735 0.125 0.06061758918 2
0 0.735 0.135 0.06128240844 2
0 0.735 0.145 0.06115908699 2
0 0.735 0.155 0.06024921085 2
0 0.735 0.165 0.05856448174 2
0 0.735 0.175 0.05612656663 2
0 0.735 0.185 0.05296681906 2
0 0.735 0.195 0.04912587589 2
0 0.735 0.205 0.04465313473 2
0 0.735 0.215 0.0396061186 2
0 0.735 0.225 0.03404973616 2
0 0.735 0.235 0.02805544691 2
0 0.735 0.245 0.02170034222 2
0 0.735 0.255 0.0150661538 2
0 0.735 0.265 0.008238202606 2
0 0.735 0.275 0.00130430155 2
0 0.735 0.285 -0.005646373866 2
0 0.735 0.295 -0.0125244324 2
0 0.735 0.305 -0.01924141674 2
0 0.735 0.315 -0.02571094109 2
0 0.735 0.325 -0.03184980221 2
0 0.735 0.335 -0.03757904944 2
0 0.735 0.345 -0.04282500008 2
0 0.735 0.355 -0.04752018702 2
0 0.735 0.365 -0.05160422641 2
0 0.735 0.375 -0.05502459424 2
0 0.735 0.385 -0.05773730185 2
0 0.735 0.395 -0.05970746165 2
0 0.735 0.405 0 2
0 0.735 0.415 0 2
0 0.735 0.425 0 2
0 0.735 0.435 0 2
0 0.735 0.445 0 2
0 0.735 0.455 0 2
0 0.735 0.465 0 2
0 0.745 -0.455 0 2
0 0.745 -0.445 0 2
0 0.745 -0.435 0 2
0 0.745 -0.425 0 2
0 0.745 -0.415 0 2
0 0.745 -0.405 0 2
0 0.745 -0.395 0.1019829796 2
0 0.745 -0.385 0.09861785973 2
0 0.745 -0.375 0.09398443541 2
0 0.745 -0.365 0.08814229621 2
0 0.745 -0.355 0.08116657668 2
0 0.745 -0.345 0.07314699017 2
0 0.745 -0.335 0.06418667495 2
0 0.745 -0.325 0.05440086783 2
0 0.745 -0.315 0.04391542211 2
0 0.745 -0.305 0.03286518899 2
0 0.745 -0.295 0.0213922833 2
0 0.745 -0.285 0.009644255758 2
0 0.745 -0.275 -0.002227804611 2
0 0.745 -0.265 -0.01407121363 2
0 0.745 -0.255 -0.02573365561 2
0 0.745 -0.245 -0.03706514223 2
0 0.745 -0.235 -0.04791994152 2
0 0.745 -0.225 -0.0581584521 2
0 0.745 -0.215 -0.06764899854 2
0 0.745 -0.205 -0.07626952483 2
0 0.745 -0.195 -0.08390916413 2
0 0.745 -0.185 -0.09046966458 2
0 0.745 -0.175 -0.09586665289 2
0 0.745 -0.165 -0.1000307195 2
0 0.745 -0.155 -0.1029083112 2
0 0.745 -0.145 -0.1044624198 2
0 0.745 -0.135 -0.1046730582 2
0 0.745 -0.125 -0.1035375176 2
0 0.745 -0.115 -0.1010704018 2
0 0.745 -0.105 -0.09730343991 2
0 0.745 -0.095 -0.09228507809 2
0 0.745 -0.085 -0.08607985648 2
0 0.745 -0.075 -0.07876757916 2
0 0.745 -0.065 -0.07044228788 2
0 0.745 -0.055 -0.06121105253 2
0 0.745 -0.045 -0.05119259416 2
0 0.745 -0.035 -0.04051575815 2
0 0.745 -0.025 -0.02931785713 2
0 0.745 -0.015 -0.01774290506 2
0 0.745 -0.005 -0.00593976506 2
0 0.745 0.005 0.00593976506 2
0 0.745 0.015 0.01774290506 2
0 0.745 0.025 0.02931785713 2
0 0.745 0.035 0.04051575815 2
0 0.745 0.045 0.05119259416 2
0 0.745 0.055 0.06121105253 2
0 0.745 0.065 0.07044228788 2
0 0.745 0.075 0.07876757916 2
0 0.745 0.085 0.08607985648 2
0 0.745 0.095 0.09228507809 2
0 0.745 0.105 0.09730343991 2
0 0.745 0.115 0.1010704018 2
0 0.745 0.125 0.1035375176 2
0 0.745 0.135 0.1046730582 2
0 0.745 0.145 0.1044624198 2
0 0.745 0.155 0.1029083112 2
0 0.745 0.165 0.1000307195 2
0 0.745 0.175 0.09586665289 2
0 0.745 0.185 0.09046966458 2
0 0.745 0.195 0.08390916413 2
0 0.745 0.205 0.07626952483 2
0 0.745 0.215 0.06764899854 2
0 0.745 0.225 0.0581584521 2
0 0.745 0.235 0.04791994152 2
0 0.745 0.245 0.03706514223 2
0 0.745 0.255 0.02573365561 2
0 0.745 0.265 0.01407121363 2
0 0.745 0.275 0.002227804611 2
0 0.745 0.285 -0.009644255758 2
0 0.745 0.295 -0.0213922833 2
0 0.745 0.305 -0.03286518899 2
0 0.745 0.315 -0.04391542211 2
0 0.745 0.325 -0.05440086783 2
0 0.745 0.335 -0.06418667495 2
0 0.745 0.345 -0.07314699017 2
0 0.745 0.355 -0.08116657668 2
0 0.745 0.365 -0.08814229621 2
0 0.745 0.375 -0.09398443541 2
0 0.745 0.385 -0.09861785973 2
0 0.745 0.395 -0.1019829796 2
0 0.745 0.405 0 2
0 0.745 0.415 0 2
0 0.745 0.425 0 2
0 0.745 0.435 0 2
0 0.745 0.445 0 2
0 0.745 0.455 0 2
0 0.745 0.465 0 2
0 0.755 -0.455 0 2
0 0.755 -0.445 0 2
0 0.755 -0.435 0 2
0 0.755 -0.425 0 2
0 0.755 -0.415 0 2
0 0.755 -0.405 0 2
0 0.755 -0.395 0.144064861 2
0 0.755 -0.385 0.1393111704 2
0 0.755 -0.375 0.132765827 2
0 0.755 -0.365 0.1245130089 2
0 0.755 -0.355 0.1146588542 2
0 0.755 -0.345 0.103330095 2
0 0.755 -0.335 0.09067242828 2
0 0.755 -0.325 0.07684864173 2
0 0.755 -0.315 0.06203652027 2
0 0.755 -0.305 0.04642655963 2
0 0.755 -0.295 0.03021951635 2
0 0.755 -0.285 0.01362382596 2
0 0.755 -0.275 -0.003147077707 2
0 0.755 -0.265 -0.01987750744 2
0 0.755 -0.255 -0.03635229656 2
0 0.755 -0.245 -0.05235956612 2
0 0.755 -0.235 -0.06769344984 2
0 0.755 -0.225 -0.08215674174 2
0 0.755 -0.215 -0.09556343233 2
0 0.755 -0.205 -0.1077411009 1
0 0.755 -0.195 -0.1185331328 1
0 0.755 -0.185 -0.127800734 1
0 0.755 -0.175 -0.1354247157 1
0 0.755 -0.165 -0.1413070275 2
0 0.755 -0.155 -0.145372018 2
0 0.755 -0.145 -0.1475674082 2
0 0.755 -0.135 -0.1478649638 2
0 0.755 -0.125 -0.1462608578 2
0 0.755 -0.115 -0.1427757204 2
0 0.755 -0.105 -0.1374543733 2
0 0.755 -0.095 -0.1303652531 2
0 0.755 -0.085 -0.1215995317 2
0 0.755 -0.075 -0.1112699432 2
0 0.755 -0.065 -0.09950933432 2
0 0.755 -0.055 -0.08646895598 2
0 0.755 -0.045 -0.07231651781 2
0 0.755 -0.035 -0.05723403148 2
0 0.755 -0.025 -0.0414154698 2
0 0.755 -0.015 -0.02506427211 2
0 0.755 -0.005 -0.008390727855 2
0 0.755 0.005 0.008390727855 2
0 0.755 0.015 0.02506427211 2
0 0.755 0.025 0.0414154698 2
0 0.755 0.035 0.05723403148 2
0 0.755 0.045 0.07231651781 2
0 0.755 0.055 0.08646895598 2
0 0.755 0.065 0.09950933432 2
0 0.755 0.075 0.1112699432 2
0 0.755 0.085 0.1215995317 2
0 0.755 0.095 0.1303652531 2
0 0.755 0.105 0.1374543733 2
0 0.755 0.115 0.1427757204 2
0 0.755 0.125 0.1462608578 2
0 0.755 0.135 0.1478649638 2
0 0.755 0.145 0.1475674082 2
0 0.755 0.155 0.145372018 2
0 0.755 0.165 0.1413070275 2
0 0.755 0.175 0.1354247157 2
0 0.755 0.185 0.127800734 2
0 0.755 0.195 0.1185331328 2
0 0.755 0.205 0.1077411009 2
0 0.755 0.215 0.09556343233 2
0 0.755 0.225 0.08215674174 2
0 0.755 0.235 0.06769344984 2
0 0.755 0.245 0.05235956612 2
0 0.755 0.255 0.03635229656 2
0 0.755 0.265 0.01987750744 2
0 0.755 0.275 0.003147077707 2
0 0.755 0.285 -0.01362382596 2
0 0.755 0.295 -0.03021951635 2
0 0.755 0.305 -0.04642655963 2
0 0.755 0.315 -0.06203652027 2
0 0.755 0.325 -0.07684864173 2
0 0.755 0.335 -0.09067242828 2
0 0.755 0.345 -0.103330095 2
0 0.755 0.355 -0.1146588542 2
0 0.755 0.365 -0.1245130089 2
0 0.755 0.375 -0.132765827 2
0 0.755 0.385 -0.1393111704 2
0 0.755 0.395 -0.144064861 2
0 0.755 0.405 0 2
0 0.755 0.415 0 2
0 0.755 0.425 0 2
0 0.755 0.435 0 2
0 0.755 0.445 0 2
0 0.755 0.455 0 2
0 0.755 0.465 0 2
0 0.765 -0.455 0 2
0 0.765 -0.445 0 2
0 0.765 -0.435 0 2
0 0.765 -0.425 0 2
0 0.765 -0.415 0 2
0 0.765 -0.405 0 2
0 0.765 -0.395 0.1858732044 2
0 0.765 -0.385 0.179739969 2
0 0.765 -0.375 0.1712951341 2
0 0.765 -0.365 0.160647307 2
0 0.765 -0.355 0.1479334272 2
0 0.765 -0.345 0.1333170055 2
0 0.765 -0.335 0.1169860206 2
0 0.765 -0.325 0.09915050199 2
0 0.765 -0.315 0.08003982879 2
0 0.765 -0.305 0.05989977948 2
0 0.765 -0.295 0.03898937117 2
0 0.765 -0.285 0.01757752841 2
0 0.765 -0.275 -0.004060375401 2
0 0.765 -0.265 -0.02564605954 2
0 0.765 -0.255 -0.04690191488 2
0 0.765 -0.245 -0.06755457413 2
0 0.765 -0.235 -0.08733842762 2
0 0.765 -0.225 -0.1059990392 2
0 0.765 -0.215 -0.1232964185 1
0 0.765 -0.205 -0.1390081073 1
0 0.765 -0.195 -0.1529320409 1
0 0.765 -0.185 -0.1648891464 1
0 0.765 -0.175 -0.1747256457 1
0 0.765 -0.165 -0.1823150337 1
0 0.765 -0.155 -0.1875597048 2
0 0.765 -0.145 -0.1903922083 2
0 0.765 -0.135 -0.190776116 2
0 0.765 -0.125 -0.1887064904 2
0 0.765 -0.115 -0.1842099487 2
0 0.765 -0.105 -0.17734432 2
0 0.765 -0.095 -0.1681979017 2
0 0.765 -0.085 -0.1568883241 2
0 0.765 -0.075 -0.1435610373 2
0 0.765 -0.065 -0.1283874409 2
0 0.765 -0.055 -0.1115626796 2
0 0.765 -0.045 -0.09330313305 2
0 0.765 -0.035 -0.07384363373 2
0 0.765 -0.025 -0.05343444632 2
0 0.765 -0.015 -0.03233804925 2
0 0.765 -0.005 -0.01082575905 2
0 0.765 0.005 0.01082575905 2
0 0.765 0.015 0.03233804925 2
0 0.765 0.025 0.05343444632 2
0 0.765 0.035 0.07384363373 2
0 0.765 0.045 0.09330313305 2
0 0.765 0.055 0.1115626796 2
0 0.765 0.065 0.1283874409 2
0 0.765 0.075 0.1435610373 2
0 0.765 0.085 0.1568883241 2
0 0.765 0.095 0.1681979017 2
0 0.765 0.105 0.17734432 2
0 0.765 0.115 0.1842099487 2
0 0.765 0.125 0.1887064904 2
0 0.765 0.135 0.190776116 2
0 0.765 0.145 0.1903922083 2
0 0.765 0.155 0.1875597048 2
0 0.765 0.165 0.1823150337 2
0 0.765 0.175 0.1747256457 2
0 0.765 0.185 0.1648891464 2
0 0.765 0.195 0.1529320409 2
0 0.765 0.205 0.1390081073 2
0 0.765 0.215 0.1232964185 2
0 0.765 0.225 0.1059990392 2
0 0.765 0.235 0.08733842762 2
0 0.765 0.245 0.06755457413 2
0 0.765 0.255 0.04690191488 2
0 0.765 0.265 0.02564605954 2
0 0.765 0.275 0.004060375401 2
0 0.765 0.285 -0.01757752841 2
0 0.765 0.295 -0.03898937117 2
0 0.765 0.305 -0.05989977948 2
0 0.765 0.315 -0.08003982879 2
0 0.765 0.325 -0.09915050199 2
0 0.765 0.335 -0.1169860206 2
0 0.765 0.345 -0.1333170055 2
0 0.765 0.355 -0.1479334272 2
0 0.765 0.365 -0.160647307 2
0 0.765 0.375 -0.1712951341 2
0 0.765 0.385 -0.179739969 2
0 0.765 0.395 -0.1858732044 2
0 0.765 0.405 0 2
0 0.765 0.415 0 2
0 0.765 0.425 0 2
0 0.765 0.435 0 2
0 0.765 0.445 0 2
0 0.765 0.455 0 2
0 0.765 0.465 0 2
0 0.775 -0.455 0 2
0 0.775 -0.445 0 2
0 0.775 -0.435 0 2
0 0.775 -0.425 0 2
0 0.775 -0.415 0 2
0 0.775 -0.405 0 2
0 0.775 -0.395 0.2273286276 2
0 0.775 -0.385 0.2198274927 2
0 0.775 -0.375 0.2094992007 2
0 0.775 -0.365 0.1964765817 2
0 0.775 -0.355 0.180927117 2
0 0.775 -0.345 0.163050785 2
0 0.775 -0.335 0.1430774898 2
0 0.775 -0.325 0.1212641037 1
0 0.775 -0.315 0.09789116452 1
0 0.775 -0.305 0.07325926675 1
0 0.775 -0.295 0.0476851963 2
0 0.775 -0.285 0.02149785615 2
0 0.775 -0.275 -0.004965963601 2
0 0.775 -0.265 -0.03136591709 2
0 0.775 -0.255 -0.05736247984 2
0 0.775 -0.245 -0.08262131529 2
0 0.775 -0.235 -0.1068175747 2
0 0.775 -0.225 -0.1296400747 1
0 0.775 -0.215 -0.1507952999 1
0 0.775 -0.205 -0.1700111771 1
0 0.775 -0.195 -0.1870405747 1
0 0.775 -0.185 -0.2016644813 1
0 0.775 -0.175 -0.2136948215 1
0 0.775 -0.165 -0.2229768758 1
0 0.775 -0.155 -0.2293912693 2
0 0.775 -0.145 -0.2328555079 2
0 0.775 -0.135 -0.2333250388 2
0 0.775 -0.125 -0.2307938233 2
0 0.775 -0.115 -0.2252944149 2
0 0.775 -0.105 -0.2168975405 2
0 0.775 -0.095 -0.2057111905 2
0 0.775 -0.085 -0.1918792303 2
0 0.775 -0.075 -0.17557955 2
0 0.775 -0.065 -0.1570217764 2
0 0.775 -0.055 -0.1364445775 2
0 0.775 -0.045 -0.1141125923 2
0 0.775 -0.035 -0.090313028 2
0 0.775 -0.025 -0.06535196607 2
0 0.775 -0.015 -0.03955042568 2
0 0.775 -0.005 -0.01324023523 2
0 0.775 0.005 0.01324023523 2
0 0.775 0.015 0.03955042568 2
0 0.775 0.025 0.06535196607 2
0 0.775 0.035 0.090313028 2
0 0.775 0.045 0.1141125923 2
0 0.775 0.055 0.1364445775 2
0 0.775 0.065 0.1570217764 2
0 0.775 0.075 0.17557955 2
0 0.775 0.085 0.1918792303 2
0 0.775 0.095 0.2057111905 2
0 0.775 0.105 0.2168975405 2
0 0.775 0.115 0.2252944149 2
0 0.775 0.125 0.2307938233 2
0 0.775 0.135 0.2333250388 2
0 0.775 0.145 0.2328555079 2
0 0.775 0.155 0.2293912693 2
0 0.775 0.165 0.2229768758 2
0 0.775 0.175 0.2136948215 2
0 0.775 0.185 0.2016644813 2
0 0.775 0.195 0.1870405747 2
0 0.775 0.205 0.1700111771 2
0 0.775 0.215 0.1507952999 2
0 0.775 0.225 0.1296400747 2
0 0.775 0.235 0.1068175747 2
0 0.775 0.245 0.08262131529 2
0 0.775 0.255 0.05736247984 2
0 0.775 0.265 0.03136591709 2
0 0.775 0.275 0.004965963601 2
0 0.775 0.285 -0.02149785615 2
0 0.775 0.295 -0.0476851963 2
0 0.775 0.305 -0.07325926675 2
0 0.775 0.315 -0.09789116452 2
0 0.775 0.325 -0.1212641037 2
0 0.775 0.335 -0.1430774898 2
0 0.775 0.345 -0.163050785 2
0 0.775 0.355 -0.180927117 2
0 0.775 0.365 -0.1964765817 2
0 0.775 0.375 -0.2094992007 2
0 0.775 0.385 -0.2198274927 2
0 0.775 0.395 -0.2273286276 2
0 0.775 0.405 0 2
0 0.775 0.415 0 2
0 0.775 0.425 0 2
0 0.775 0.435 0 2
0 0.775 0.445 0 2
0 0.775 0.455 0 2
0 0.775 0.465 0 2
0 0.785 -0.455 0 2
0 0.785 -0.445 0 2
0 0.785 -0.435 0 2
0 0.785 -0.425 0 2
0 0.785 -0.415 0 2
0 0.785 -0.405 0 2
0 0.785 -0.395 0.2683524186 2
0 0.785 -0.385 0.2594976267 2
0 0.785 -0.375 0.2473054881 2
0 0.785 -0.365 0.2319328034 2
0 0.785 -0.355 0.2135772777 2
0 0.785 -0.345 0.1924749776 2
0 0.785 -0.335 0.1688972957 1
0 0.785 -0.325 0.1431474596 1
0 0.785 -0.315 0.1155566329 1
0 0.785 -0.305 0.08647965558 1
0 0.785 -0.295 0.05629048085 1
0 0.785 -0.285 0.02537736559 1
0 0.785 -0.275 -0.005862122854 2
0 0.785 -0.265 -0.03702621972 2
0 0.785 -0.255 -0.06771412983 2
0 0.785 -0.245 -0.09753118216 2
0 0.785 -0.235 -0.1260939056 1
0 0.785 -0.225 -0.1530349607 1
0 0.785 -0.215 -0.178007864 1
0 0.785 -0.205 -0.2006914441 1
0 0.785 -0.195 -0.2207939719 1
0 0.785 -0.185 -0.2380569129 1
0 0.785 -0.175 -0.2522582519 1
0 0.785 -0.165 -0.2632153484 1
0 0.785 -0.155 -0.2707872852 1
0 0.785 -0.145 -0.2748766814 1
0 0.785 -0.135 -0.2754309439 1
0 0.785 -0.125 -0.2724429445 1
0 0.785 -0.115 -0.2659511113 2
0 0.785 -0.105 -0.2560389345 2
0 0.785 -0.095 -0.2428338925 2
0 0.785 -0.085 -0.2265058127 2
0 0.785 -0.075 -0.2072646872 2
0 0.785 -0.065 -0.1853579724 2
0 0.785 -0.055 -0.1610674061 2
0 0.785 -0.045 -0.1347053842 2
0 0.785 -0.035 -0.1066109436 2
0 0.785 -0.025 -0.0771454011 2
0 0.785 -0.015 -0.04668770713 2
0 0.785 -0.005 -0.01562957197 2
0 0.785 0.005 0.01562957197 2
0 0.785 0.015 0.04668770713 2
0 0.785 0.025 0.0771454011 2
0 0.785 0.035 0.1066109436 2
0 0.785 0.045 0.1347053842 2
0 0.785 0.055 0.1610674061 2
0 0.785 0.065 0.1853579724 2
0 0.785 0.075 0.2072646872 2
0 0.785 0.085 0.2265058127 2
0 0.785 0.095 0.2428338925 2
0 0.785 0.105 0.2560389345 2
0 0.785 0.115 0.2659511113 2
0 0.785 0.125 0.2724429445 2
0 0.785 0.135 0.2754309439 2
0 0.785 0.145 0.2748766814 2
0 0.785 0.155 0.2707872852 2
0 0.785 0.165 0.2632153484 2
0 0.785 0.175 0.2522582519 2
0 0.785 0.185 0.2380569129 2
0 0.785 0.195 0.2207939719 2
0 0.785 0.205 0.2006914441 2
0 0.785 0.215 0.178007864 2
0 0.785 0.225 0.1530349607 2
0 0.785 0.235 0.1260939056 2
0 0.785 0.245 0.09753118216 2
0 0.785 0.255 0.06771412983 2
0 0.785 0.265 0.03702621972 2
0 0.785 0.275 0.005862122854 2
0 0.785 0.285 -0.02537736559 2
0 0.785 0.295 -0.05629048085 2
0 0.785 0.305 -0.08647965558 2
0 0.785 0.315 -0.1155566329 2
0 0.785 0.325 -0.1431474596 2
0 0.785 0.335 -0.1688972957 2
0 0.785 0.345 -0.1924749776 2
0 0.785 0.355 -0.2135772777 2
0 0.785 0.365 -0.2319328034 2
0 0.785 0.375 -0.2473054881 2
0 0.785 0.385 -0.2594976267 2
0 0.785 0.395 -0.2683524186 2
0 0.785 0.405 0 2
0 0.785 0.415 0 2
0 0.785 0.425 0 2
0 0.785 0.435 0 2
0 0.785 0.445 0 2
0 0.785 0.455 0 2
0 0.785 0.465 0 2
0 0.795 -0.455 0 2
0 0.795 -0.445 0 2
0 0.795 -0.435 0 2
0 0.795 -0.425 0 2
0 0.795 -0.415 0 2
0 0.795 -0.405 0 2
0 0.795 -0.395 0.3088666849 2
0 0.795 -0.385 0.2986750488 2
0 0.795 -0.375 0.284642213 2
0 0.795 -0.365 0.266948651 2
0 0.795 -0.355 0.2458219162 2
0 0.795 -0.345 0.2215337152 2
0 0.795 -0.335 0.1943964138 1
0 0.795 -0.325 0.1647590193 1
0 0.795 -0.315 0.1330026922 1
0 0.795 -0.305 0.09953584423 1
0 0.795 -0.295 0.06478888585 1
0 0.795 -0.285 0.02920869067 1
0 0.795 -0.275 -0.006747151608 1
0 0.795 -0.265 -0.04261622012 2
0 0.795 -0.255 -0.07793721002 2
0 0.795 -0.245 -0.1122558652 2
0 0.795 -0.235 -0.1451308202 1
0 0.795 -0.225 -0.176139277 1
0 0.795 -0.215 -0.2048824421 1
0 0.795 -0.205 -0.2309906554 1
0 0.795 -0.195 -0.2541281443 1
0 0.795 -0.185 -0.2739973424 1
0 0.795 -0.175 -0.2903427159 1
0 0.795 -0.165 -0.3029540501 1
0 0.795 -0.155 -0.3116691534 1
0 0.795 -0.145 -0.3163759425 1
0 0.795 -0.135 -0.3170138843 1
0 0.795 -0.125 -0.3135747744 1
0 0.795 -0.115 -0.3061028425 2
0 0.795 -0.105 -0.2946941836 2
0 0.795 -0.095 -0.2794955222 2
0 0.795 -0.085 -0.2607023251 2
0 0.795 -0.075 -0.238556288 2
0 0.795 -0.065 -0.2133422265 2
0 0.795 -0.055 -0.1853844136 2
0 0.795 -0.045 -0.1550424091 2
0 0.795 -0.035 -0.1227064355 2
0 0.795 -0.025 -0.08879235903 2
0 0.795 -0.015 -0.05373634196 2
0 0.795 -0.005 -0.01798923262 2
0 0.795 0.005 0.01798923262 2
0 0.795 0.015 0.05373634196 2
0 0.795 0.025 0.08879235903 2
0 0.795 0.035 0.1227064355 2
0 0.795 0.045 0.1550424091 2
0 0.795 0.055 0.1853844136 2
0 0.795 0.065 0.2133422265 2
0 0.795 0.075 0.238556288 2
0 0.795 0.085 0.2607023251 2
0 0.795 0.095 0.2794955222 2
0 0.795 0.105 0.2946941836 2
0 0.795 0.115 0.3061028425 2
0 0.795 0.125 0.3135747744 2
0 0.795 0.135 0.3170138843 2
0 0.795 0.145 0.3163759425 2
0 0.795 0.155 0.3116691534 2
0 0.795 0.165 0.3029540501 2
0 0.795 0.175 0.2903427159 2
0 0.795 0.185 0.2739973424 2
0 0.795 0.195 0.2541281443 2
0 0.795 0.205 0.2309906554 2
0 0.795 0.215 0.2048824421 2
0 0.795 0.225 0.176139277 2
0 0.795 0.235 0.1451308202 2
0 0.795 0.245 0.1122558652 2
0 0.795 0.255 0.07793721002 2
0 0.795 0.265 0.04261622012 2
0 0.795 0.275 0.006747151608 2
0 0.795 0.285 -0.02920869067 2
0 0.795 0.295 -0.06478888585 2
0 0.795 0.305 -0.09953584423 2
0 0.795 0.315 -0.1330026922 2
0 0.795 0.325 -0.1647590193 2
0 0.795 0.335 -0.1943964138 2
0 0.795 0.345 -0.2215337152 2
0 0.795 0.355 -0.2458219162 2
0 0.795 0.365 -0.266948651 2
0 0.795 0.375 -0.284642213 2
0 0.795 0.385 -0.2986750488 2
0 0.795 0.395 -0.3088666849 2
0 0.795 0.405 0 2
0 0.795 0.415 0 2
0 0.795 0.425 0 2
0 0.795 0.435 0 2
0 0.795 0.445 0 2
0 0.795 0.455 0 2
0 0.795 0.465 0 2
0 0.805 -0.455 0 2
0 0.805 -0.445 0 2
0 0.805 -0.435 0 2
0 0.805 -0.425 0 2
0 0.805 -0.415 0 2
0 0.805 -0.405 0 2
0 0.805 -0.395 0 2
0 0.805 -0.385 0 2
0 0.805 -0.375 0 2
0 0.805 -0.365 0 2
0 0.805 -0.355 0 2
0 0.805 -0.345 0 2
0 0.805 -0.335 0 1
0 0.805 -0.325 0 1
0 0.805 -0.315 0 1
0 0.805 -0.305 0 1
0 0.805 -0.295 0 1
0 0.805 -0.285 0 1
0 0.805 -0.275 0 1
0 0.805 -0.265 0 1
0 0.805 -0.255 0 2
0 0.805 -0.245 0 1
0 0.805 -0.235 0 1
0 0.805 -0.225 0 1
0 0.805 -0.215 0 1
0 0.805 -0.205 0 1
0 0.805 -0.195 0 1
0 0.805 -0.185 0 1
0 0.805 -0.175 0 1
0 0.805 -0.165 0 1
0 0.805 -0.155 0 1
0 0.805 -0.145 0 1
0 0.805 -0.135 0 1
0 0.805 -0.125 0 1
0 0.805 -0.115 0 1
0 0.805 -0.105 0 2
0 0.805 -0.095 0 2
0 0.805 -0.085 0 2
0 0.805 -0.075 0 2
0 0.805 -0.065 0 2
0 0.805 -0.055 0 2
0 0.805 -0.045 0 2
0 0.805 -0.035 0 2
0 0.805 -0.025 0 1
0 0.805 -0.015 0 1
0 0.805 -0.005 0 1
0 0.805 0.005 0 1
0 0.805 0.015 0 1
0 0.805 0.025 0 2
0 0.805 0.035 0 2
0 0.805 0.045 0 2
0 0.805 0.055 0 2
0 0.805 0.065 0 2
0 0.805 0.075 0 2
0 0.805 0.085 0 2
0 0.805 0.095 0 2
0 0.805 0.105 0 2
0 0.805 0.115 0 2
0 0.805 0.125 0 2
0 0.805 0.135 0 2
0 0.805 0.145 0 2
0 0.805 0.155 0 2
0 0.805 0.165 0 2
0 0.805 0.175 0 2
0 0.805 0.185 0 2
0 0.805 0.195 0 2
0 0.805 0.205 0 2
0 0.805 0.215 0 2
0 0.805 0.225 0 2
0 0.805 0.235 0 2
0 0.805 0.245 0 2
0 0.805 0.255 0 2
0 0.805 0.265 0 2
0 0.805 0.275 0 2
0 0.805 0.285 0 2
0 0.805 0.295 0 2
0 0.805 0.305 0 2
0 0.805 0.315 0 2
0 0.805 0.325 0 2
0 0.805 0.335 0 2
0 0.805 0.345 0 2
0 0.805 0.355 0 2
0 0.805 0.365 0 2
0 0.805 0.375 0 2
0 0.805 0.385 0 2
0 0.805 0.395 0 2
0 0.805 0.405 0 2
0 0.805 0.415 0 2
0 0.805 0.425 0 2
0 0.805 0.435 0 2
0 0.805 0.445 0 2
0 0.805 0.455 0 2
0 0.805 0.465 0 2
0 0.815 -0.455 0 2
0 0.815 -0.445 0 2
0 0.815 -0.435 0 2
0 0.815 -0.425 0 2
0 0.815 -0.415 0 2
0 0.815 -0.405 0 2
0 0.815 -0.395 0 2
0 0.815 -0.385 0 2
0 0.815 -0.375 0 2
0 0.815 -0.365 0 2
0 0.815 -0.355 0 2
0 0.815 -0.345 0 2
0 0.815 -0.335 0 1
0 0.815 -0.325 0 1
0 0.815 -0.315 0 1
0 0.815 -0.305 0 1
0 0.815 -0.295 0 1
0 0.815 -0.285 0 1
0 0.815 -0.275 0 1
0 0.815 -0.265 0 1
0 0.815 -0.255 0 2
0 0.815 -0.245 0 1
0 0.815 -0.235 0 1
0 0.815 -0.225 0 1
0 0.815 -0.215 0 1
0 0.815 -0.205 0 1
0 0.815 -0.195 0 1
0 0.815 -0.185 0 1
0 0.815 -0.175 0 1
0 0.815 -0.165 0 1
0 0.815 -0.155 0 1
0 0.815 -0.145 0 1
0 0.815 -0.135 0 1
0 0.815 -0.125 0 1
0 0.815 -0.115 0 1
0 0.815 -0.105 0 2
0 0.815 -0.095 0 2
0 0.815 -0.085 0 2
0 0.815 -0.075 0 2
0 0.815 -0.065 0 2
0 0.815 -0.055 0 2
0 0.815 -0.045 0 1
0 0.815 -0.035 0 1
0 0.815 -0.025 0 1
0 0.815 -0.015 0 1
0 0.815 -0.005 0 1
0 0.815 0.005 0 1
0 0.815 0.015 0 1
0 0.815 0.025 0 2
0 0.815 0.035 0 2
0 0.815 0.045 0 2
0 0.815 0.055 0 2
0 0.815 0.065 0 2
0 0.815 0.075 0 2
0 0.815 0.085 0 2
0 0.815 0.095 0 2
0 0.815 0.105 0 2
0 0.815 0.115 0 2
0 0.815 0.125 0 2
0 0.815 0.135 0 2
0 0.815 0.145 0 2
0 0.815 0.155 0 2
0 0.815 0.165 0 2
0 0.815 0.175 0 2
0 0.815 0.185 0 2
0 0.815 0.195 0 2
0 0.815 0.205 0 2
0 0.815 0.215 0 2
0 0.815 0.225 0 2
0 0.815 0.235 0 2
0 0.815 0.245 0 2
0 0.815 0.255 0 2
0 0.815 0.265 0 2
0 0.815 0.275 0 2
0 0.815 0.285 0 2
0 0.815 0.295 0 2
0 0.815 0.305 0 2
0 0.815 0.315 0 2
0 0.815 0.325 0 2
0 0.815 0.335 0 2
0 0.815 0.345 0 2
0 0.815 0.355 0 2
0 0.815 0.365 0 2
0 0.815 0.375 0 2
0 0.815 0.385 0 2
0 0.815 0.395 0 2
0 0.815 0.405 0 2
0 0.815 0.415 0 2
0 0.815 0.425 0 2
0 0.815 0.435 0 2
0 0.815 0.445 0 2
0 0.815 0.455 0 2
0 0.815 0.465 0 2
0 0.825 -0.455 0 2
0 0.825 -0.445 0 2
0 0.825 -0.435 0 2
0 0.825 -0.425 0 2
0 0.825 -0.415 0 2
0 0.825 -0.405 0 2
0 0.825 -0.395 0 2
0 0.825 -0.385 0 2
0 0.825 -0.375 0 2
0 0.825 -0.365 0 2
0 0.825 -0.355 0 2
0 0.825 -0.345 0 2
0 0.825 -0.335 0 1
0 0.825 -0.325 0 1
0 0.825 -0.315 0 1
0 0.825 -0.305 0 1
0 0.825 -0.295 0 1
0 0.825 -0.285 0 1
0 0.825 -0.275 0 1
0 0.825 -0.265 0 1
0 0.825 -0.255 0 1
0 0.825 -0.245 0 1
0 0.825 -0.235 0 1
0 0.825 -0.225 0 1
0 0.825 -0.215 0 1
0 0.825 -0.205 0 1
0 0.825 -0.195 0 1
0 0.825 -0.185 0 1
0 0.825 -0.175 0 1
0 0.825 -0.165 0 1
0 0.825 -0.155 0 1
0 0.825 -0.145 0 1
0 0.825 -0.135 0 1
0 0.825 -0.125 0 1
0 0.825 -0.115 0 1
0 0.825 -0.105 0 2
0 0.825 -0.095 0 2
0 0.825 -0.085 0 2
0 0.825 -0.075 0 2
0 0.825 -0.065 0 2
0 0.825 -0.055 0 1
0 0.825 -0.045 0 1
0 0.825 -0.035 0 1
0 0.825 -0.025 0 1
0 0.825 -0.015 0 1
0 0.825 -0.005 0 1
0 0.825 0.005 0 1
0 0.825 0.015 0 1
0 0.825 0.025 0 1
0 0.825 0.035 0 2
0 0.825 0.045 0 2
0 0.825 0.055 0 2
0 0.825 0.065 0 2
0 0.825 0.075 0 2
0 0.825 0.085 0 2
0 0.825 0.095 0 2
0 0.825 0.105 0 2
0 0.825 0.115 0 2
0 0.825 0.125 0 2
0 0.825 0.135 0 2
0 0.825 0.145 0 2
0 0.825 0.155 0 2
0 0.825 0.165 0 2
0 0.825 0.175 0 2
0 0.825 0.185 0 2
0 0.825 0.195 0 2
0 0.825 0.205 0 2
0 0.825 0.215 0 2
0 0.825 0.225 0 2
0 0.825 0.235 0 2
0 0.825 0.245 0 2
0 0.825 0.255 0 2
0 0.825 0.265 0 2
0 0.825 0.275 0 2
0 0.825 0.285 0 2
0 0.825 0.295 0 2
0 0.825 0.305 0 2
0 0.825 0.315 0 2
0 0.825 0.325 0 2
0 0.825 0.335 0 2
0 0.825 0.345 0 2
0 0.825 0.355 0 2
0 0.825 0.365 0 2
0 0.825 0.375 0 2
0 0.825 0.385 0 2
0 0.825 0.395 0 2
0 0.825 0.405 0 2
0 0.825 0.415 0 2
0 0.825 0.425 0 2
0 0.825 0.435 0 2
0 0.825 0.445 0 2
0 0.825 0.455 0 2
0 0.825 0.465 0 2
0 0.835 -0.455 0 2
0 0.835 -0.445 0 2
0 0.835 -0.435 0 2
0 0.835 -0.425 0 2
0 0.835 -0.415 0 2
0 0.835 -0.405 0 2
0 0.835 -0.395 0 2
0 0.835 -0.385 0 2
0 0.835 -0.375 0 2
0 0.835 -0.365 0 2
0 0.835 -0.355 0 2
0 0.835 -0.345 0 2
0 0.835 -0.335 0 2
0 0.835 -0.325 0 1
0 0.835 -0.315 0 1
0 0.835 -0.305 0 1
0 0.835 -0.295 0 1
0 0.835 -0.285 0 1
0 0.835 -0.275 0 1
0 0.835 -0.265 0 1
0 0.835 -0.255 0 1
0 0.835 -0.245 0 1
0 0.835 -0.235 0 1
0 0.835 -0.225 0 1
0 0.835 -0.215 0 1
0 0.835 -0.205 0 1
0 0.835 -0.195 0 1
0 0.835 -0.185 0 1
0 0.835 -0.175 0 1
0 0.835 -0.165 0 1
0 0.835 -0.155 0 1
0 0.835 -0.145 0 1
0 0.835 -0.135 0 1
0 0.835 -0.125 0 1
0 0.835 -0.115 0 2
0 0.835 -0.105 0 2
0 0.835 -0.095 0 2
0 0.835 -0.085 0 2
0 0.835 -0.075 0 2
0 0.835 -0.065 0 2
0 0.835 -0.055 0 1
0 0.835 -0.045 0 1
0 0.835 -0.035 0 1
0 0.835 -0.025 0 1
0 0.835 -0.015 0 1
0 0.835 -0.005 0 1
0 0.835 0.005 0 1
0 0.835 0.015 0 1
0 0.835 0.025 0 2
0 0.835 0.035 0 2
0 0.835 0.045 0 2
0 0.835 0.055 0 2
0 0.835 0.065 0 2
0 0.835 0.075 0 2
0 0.835 0.085 0 2
0 0.835 0.095 0 2
0 0.835 0.105 0 2
0 0.835 0.115 0 2
0 0.835 0.125 0 2
0 0.835 0.135 0 2
0 0.835 0.145 0 2
0 0.835 0.155 0 2
0 0.835 0.165 0 2
0 0.835 0.175 0 2
0 0.835 0.185 0 2
0 0.835 0.195 0 2
0 0.835 0.205 0 2
0 0.835 0.215 0 2
0 0.835 0.225 0 2
0 0.835 0.235 0 2
0 0.835 0.245 0 2
0 0.835 0.255 0 2
0 0.835 0.265 0 2
0 0.835 0.275 0 2
0 0.835 0.285 0 2
0 0.835 0.295 0 2
0 0.835 0.305 0 2
0 0.835 0.315 0 2
0 0.835 0.325 0 2
0 0.835 0.335 0 2
0 0.835 0.345 0 2
0 0.835 0.355 0 2
0 0.835 0.365 0 2
0 0.835 0.375 0 2
0 0.835 0.385 0 2
0 0.835 0.395 0 2
0 0.835 0.405 0 2
0 0.835 0.415 0 2
0 0.835 0.425 0 2
0 0.835 0.435 0 2
0 0.835 0.445 0 2
0 0.835 0.455 0 2
0 0.835 0.465 0 2
0 0.845 -0.455 0 2
0 0.845 -0.445 0 2
0 0.845 -0.435 0 2
0 0.845 -0.425 0 2
0 0.845 -0.415 0 2
0 0.845 -0.405 0 2
0 0.845 -0.395 0 2
0 0.845 -0.385 0 2
0 0.845 -0.375 0 2
0 0.845 -0.365 0 2
0 0.845 -0.355 0 2
0 0.845 -0.345 0 2
0 0.845 -0.335 0 2
0 0.845 -0.325 0 1
0 0.845 -0.315 0 1
0 0.845 -0.305 0 1
0 0.845 -0.295 0 1
0 0.845 -0.285 0 1
0 0.845 -0.275 0 1
0 0.845 -0.265 0 1
0 0.845 -0.255 0 1
0 0.845 -0.245 0 1
0 0.845 -0.235 0 1
0 0.845 -0.225 0 1
0 0.845 -0.215 0 1
0 0.845 -0.205 0 1
0 0.845 -0.195 0 1
0 0.845 -0.185 0 1
0 0.845 -0.175 0 1
0 0.845 -0.165 0 1
0 0.845 -0.155 0 1
0 0.845 -0.145 0 1
0 0.845 -0.135 0 1
0 0.845 -0.125 0 1
0 0.845 -0.115 0 2
0 0.845 -0.105 0 2
0 0.845 -0.095 0 2
0 0.845 -0.085 0 2
0 0.845 -0.075 0 2
0 0.845 -0.065 0 1
0 0.845 -0.055 0 1
0 0.845 -0.045 0 1
0 0.845 -0.035 0 1
0 0.845 -0.025 0 1
0 0.845 -0.015 0 1
0 0.845 -0.005 0 1
0 0.845 0.005 0 1
0 0.845 0.015 0 1
0 0.845 0.025 0 2
0 0.845 0.035 0 2
0 0.845 0.045 0 2
0 0.845 0.055 0 2
0 0.845 0.065 0 2
0 0.845 0.075 0 2
0 0.845 0.085 0 2
0 0.845 0.095 0 2
0 0.845 0.105 0 2
0 0.845 0.115 0 2
0 0.845 0.125 0 2
0 0.845 0.135 0 2
0 0.845 0.145 0 2
0 0.845 0.155 0 2
0 0.845 0.165 0 2
0 0.845 0.175 0 2
0 0.845 0.185 0 2
0 0.845 0.195 0 2
0 0.845 0.205 0 2
0 0.845 0.215 0 2
0 0.845 0.225 0 2
0 0.845 0.235 0 2
0 0.845 0.245 0 2
0 0.845 0.255 0 2
0 0.845 0.265 0 2
0 0.845 0.275 0 2
0 0.845 0.285 0 2
0 0.845 0.295 0 2
0 0.845 0.305 0 2
0 0.845 0.315 0 2
0 0.845 0.325 0 2
0 0.845 0.335 0 2
0 0.845 0.345 0 2
0 0.845 0.355 0 2
0 0.845 0.365 0 2
0 0.845 0.375 0 2
0 0.845 0.385 0 2
0 0.845 0.395 0 2
0 0.845 0.405 0 2
0 0.845 0.415 0 2
0 0.845 0.425 0 2
0 0.845 0.435 0 2
0 0.845 0.445 0 2
0 0.845 0.455 0 2
0 0.845 0.465 0 2
0 0.855 -0.455 0 2
0 0.855 -0.445 0 2
0 0.855 -0.435 0 2
0 0.855 -0.425 0 2
0 0.855 -0.415 0 2
0 0.855 -0.405 0 2
0 0.855 -0.395 0 2
0 0.855 -0.385 0 2
0 0.855 -0.375 0 2
0 0.855 -0.365 0 2
0 0.855 -0.355 0 2
0 0.855 -0.345 0 2
0 0.855 -0.335 0 2
0 0.855 -0.325 0 2
0 0.855 -0.315 0 1
0 0.855 -0.305 0 1
0 0.855 -0.295 0 1
0 0.855 -0.285 0 1
0 0.855 -0.275 0 1
0 0.855 -0.265 0 1
0 0.855 -0.255 0 1
0 0.855 -0.245 0 2
0 0.855 -0.235 0 1
0 0.855 -0.225 0 1
0 0.855 -0.215 0 1
0 0.855 -0.205 0 1
0 0.855 -0.195 0 1
0 0.855 -0.185 0 1
0 0.855 -0.175 0 1
0 0.855 -0.165 0 1
0 0.855 -0.155 0 1
0 0.855 -0.145 0 1
0 0.855 -0.135 0 1
0 0.855 -0.125 0 1
0 0.855 -0.115 0 2
0 0.855 -0.105 0 2
0 0.855 -0.095 0 2
0 0.855 -0.085 0 2
0 0.855 -0.075 0 2
0 0.855 -0.065 0 1
0 0.855 -0.055 0 1
0 0.855 -0.045 0 1
0 0.855 -0.035 0 1
0 0.855 -0.025 0 1
0 0.855 -0.015 0 1
0 0.855 -0.005 0 1
0 0.855 0.005 0 1
0 0.855 0.015 0 1
0 0.855 0.025 0 2
0 0.855 0.035 0 2
0 0.855 0.045 0 2
0 0.855 0.055 0 2
0 0.855 0.065 0 2
0 0.855 0.075 0 2
0 0.855 0.085 0 2
0 0.855 0.095 0 2
0 0.855 0.105 0 2
0 0.855 0.115 0 2
0 0.855 0.125 0 2
0 0.855 0.135 0 2
0 0.855 0.145 0 2
0 0.855 0.155 0 2
0 0.855 0.165 0 2
0 0.855 0.175 0 2
0 0.855 0.185 0 2
0 0.855 0.195 0 2
0 0.855 0.205 0 2
0 0.855 0.215 0 2
0 0.855 0.225 0 2
0 0.855 0.235 0 2
0 0.855 0.245 0 2
0 0.855 0.255 0 2
0 0.855 0.265 0 2
0 0.855 0.275 0 2
0 0.855 0.285 0 2
0 0.855 0.295 0 2
0 0.855 0.305 0 2
0 0.855 0.315 0 2
0 0.855 0.325 0 2
0 0.855 0.335 0 2
0 0.855 0.345 0 2
0 0.855 0.355 0 2
0 0.855 0.365 0 2
0 0.855 0.375 0 2
0 0.855 0.385 0 2
0 0.855 0.395 0 2
0 0.855 0.405 0 2
0 0.855 0.415 0 2
0 0.855 0.425 0 2
0 0.855 0.435 0 2
0 0.855 0.445 0 2
0 0.855 0.455 0 2
0 0.855 0.465 0 2
0 0.865 -0.455 0 2
0 0.865 -0.445 0 2
0 0.865 -0.435 0 2
0 0.865 -0.425 0 2
0 0.865 -0.415 0 2
0 0.865 -0.405 0 2
0 0.865 -0.395 0 2
0 0.865 -0.385 0 2
0 0.865 -0.375 0 2
0 0.865 -0.365 0 2
0 0.865 -0.355 0 2
0 0.865 -0.345 0 2
0 0.865 -0.335 0 2
0 0.865 -0.325 0 2
0 0.865 -0.315 0 2
0 0.865 -0.305 0 1
0 0.865 -0.295 0 1
0 0.865 -0.285 0 1
0 0.865 -0.275 0 1
0 0.865 -0.265 0 1
0 0.865 -0.255 0 1
0 0.865 -0.245 0 2
0 0.865 -0.235 0 2
0 0.865 -0.225 0 2
0 0.865 -0.215 0 2
0 0.865 -0.205 0 2
0 0.865 -0.195 0 1
0 0.865 -0.185 0 1
0 0.865 -0.175 0 1
0 0.865 -0.165 0 1
0 0.865 -0.155 0 1
0 0.865 -0.145 0 1
0 0.865 -0.135 0 1
0 0.865 -0.125 0 2
0 0.865 -0.115 0 2
0 0.865 -0.105 0 2
0 0.865 -0.095 0 2
0 0.865 -0.085 0 2
0 0.865 -0.075 0 1
0 0.865 -0.065 0 1
0 0.865 -0.055 0 1
0 0.865 -0.045 0 1
0 0.865 -0.035 0 1
0 0.865 -0.025 0 1
0 0.865 -0.015 0 1
0 0.865 -0.005 0 1
0 0.865 0.005 0 1
0 0.865 0.015 0 1
0 0.865 0.025 0 2
0 0.865 0.035 0 2
0 0.865 0.045 0 2
0 0.865 0.055 0 2
0 0.865 0.065 0 2
0 0.865 0.075 0 2
0 0.865 0.085 0 2
0 0.865 0.095 0 2
0 0.865 0.105 0 2
0 0.865 0.115 0 2
0 0.865 0.125 0 2
0 0.865 0.135 0 2
0 0.865 0.145 0 2
0 0.865 0.155 0 2
0 0.865 0.165 0 2
0 0.865 0.175 0 2
0 0.865 0.185 0 2
0 0.865 0.195 0 2
0 0.865 0.205 0 2
0 0.865 0.215 0 2
0 0.865 0.225 0 2
0 0.865 0.235 0 2
0 0.865 0.245 0 2
0 0.865 0.255 0 2
0 0.865 0.265 0 2
0 0.865 0.275 0 2
0 0.865 0.285 0 2
0 0.865 0.295 0 2
0 0.865 0.305 0 2
0 0.865 0.315 0 2
0 0.865 0.325 0 2
0 0.865 0.335 0 2
0 0.865 0.345 0 2
0 0.865 0.355 0 2
0 0.865 0.365 0 2
0 0.865 0.375 0 2
0 0.865 0.385 0 2
0 0.865 0.395 0 2
0 0.865 0.405 0 2
0 0.865 0.415 0 2
0 0.865 0.425 0 2
0 0.865 0.435 0 2
0 0.865 0.445 0 2
0 0.865 0.455 0 2
0 0.865 0.465 0 2
