t x y content type
0 -0.055 -0.455 0 2
0 -0.055 -0.445 0 2
0 -0.055 -0.435 0 2
0 -0.055 -0.425 0 2
0 -0.055 -0.415 0 2
0 -0.055 -0.405 0 2
0 -0.055 -0.395 0 2
0 -0.055 -0.385 0 2
0 -0.055 -0.375 0 2
0 -0.055 -0.365 0 2
0 -0.055 -0.355 0 2
0 -0.055 -0.345 0 2
0 -0.055 -0.335 0 1
0 -0.055 -0.325 0 1
0 -0.055 -0.315 0 1
0 -0.055 -0.305 0 1
0 -0.055 -0.295 0 1
0 -0.055 -0.285 0 1
0 -0.055 -0.275 0 1
0 -0.055 -0.265 0 2
0 -0.055 -0.255 0 2
0 -0.055 -0.245 0 2
0 -0.055 -0.235 0 2
0 -0.055 -0.225 0 2
0 -0.055 -0.215 0 2
0 -0.055 -0.205 0 2
0 -0.055 -0.195 0 2
0 -0.055 -0.185 0 2
0 -0.055 -0.175 0 2
0 -0.055 -0.165 0 2
0 -0.055 -0.155 0 2
0 -0.055 -0.145 0 2
0 -0.055 -0.135 0 2
0 -0.055 -0.125 0 2
0 -0.055 -0.115 0 2
0 -0.055 -0.105 0 2
0 -0.055 -0.095 0 2
0 -0.055 -0.085 0 2
0 -0.055 -0.075 0 2
0 -0.055 -0.065 0 2
0 -0.055 -0.055 0 1
0 -0.055 -0.045 0 1
0 -0.055 -0.035 0 1
0 -0.055 -0.025 0 1
0 -0.055 -0.015 0 1
0 -0.055 -0.005 0 1
0 -0.055 0.005 0 1
0 -0.055 0.015 0 1
0 -0.055 0.025 0 1
0 -0.055 0.035 0 1
0 -0.055 0.045 0 1
0 -0.055 0.055 0 1
0 -0.055 0.065 0 1
0 -0.055 0.075 0 2
0 -0.055 0.085 0 2
0 -0.055 0.095 0 2
0 -0.055 0.105 0 2
0 -0.055 0.115 0 2
0 -0.055 0.125 0 2
0 -0.055 0.135 0 2
0 -0.055 0.145 0 1
0 -0.055 0.155 0 1
0 -0.055 0.165 0 1
0 -0.055 0.175 0 1
0 -0.055 0.185 0 1
0 -0.055 0.195 0 1
0 -0.055 0.205 0 1
0 -0.055 0.215 0 1
0 -0.055 0.225 0 1
0 -0.055 0.235 0 1
0 -0.055 0.245 0 2
0 -0.055 0.255 0 2
0 -0.055 0.265 0 2
0 -0.055 0.275 0 2
0 -0.055 0.285 0 1
0 -0.055 0.295 0 1
0 -0.055 0.305 0 1
0 -0.055 0.315 0 1
0 -0.055 0.325 0 1
0 -0.055 0.335 0 1
0 -0.055 0.345 0 1
0 -0.055 0.355 0 1
0 -0.055 0.365 0 1
0 -0.055 0.375 0 2
0 -0.055 0.385 0 2
0 -0.055 0.395 0 2
0 -0.055 0.405 0 2
0 -0.055 0.415 0 2
0 -0.055 0.425 0 2
0 -0.055 0.435 0 2
0 -0.055 0.445 0 2
0 -0.055 0.455 0 2
0 -0.055 0.465 0 1
0 -0.045 -0.455 0 2
0 -0.045 -0.445 0 2
0 -0.045 -0.435 0 2
0 -0.045 -0.425 0 2
0 -0.045 -0.415 0 2
0 -0.045 -0.405 0 2
0 -0.045 -0.395 0 2
0 -0.045 -0.385 0 2
0 -0.045 -0.375 0 2
0 -0.045 -0.365 0 2
0 -0.045 -0.355 0 2
0 -0.045 -0.345 0 2
0 -0.045 -0.335 0 2
0 -0.045 -0.325 0 2
0 -0.045 -0.315 0 2
0 -0.045 -0.305 0 1
0 -0.045 -0.295 0 1
0 -0.045 -0.285 0 2
0 -0.045 -0.275 0 2
0 -0.045 -0.265 0 2
0 -0.045 -0.255 0 2
0 -0.045 -0.245 0 2
0 -0.045 -0.235 0 2
0 -0.045 -0.225 0 2
0 -0.045 -0.215 0 2
0 -0.045 -0.205 0 2
0 -0.045 -0.195 0 2
0 -0.045 -0.185 0 2
0 -0.045 -0.175 0 2
0 -0.045 -0.165 0 2
0 -0.045 -0.155 0 2
0 -0.045 -0.145 0 2
0 -0.045 -0.135 0 2
0 -0.045 -0.125 0 2
0 -0.045 -0.115 0 2
0 -0.045 -0.105 0 2
0 -0.045 -0.095 0 2
0 -0.045 -0.085 0 2
0 -0.045 -0.075 0 2
0 -0.045 -0.065 0 2
0 -0.045 -0.055 0 1
0 -0.045 -0.045 0 1
0 -0.045 -0.035 0 1
0 -0.045 -0.025 0 1
0 -0.045 -0.015 0 1
0 -0.045 -0.005 0 1
0 -0.045 0.005 0 1
0 -0.045 0.015 0 1
0 -0.045 0.025 0 1
0 -0.045 0.035 0 1
0 -0.045 0.045 0 1
0 -0.045 0.055 0 1
0 -0.045 0.065 0 1
0 -0.045 0.075 0 2
0 -0.045 0.085 0 2
0 -0.045 0.095 0 2
0 -0.045 0.105 0 2
0 -0.045 0.115 0 2
0 -0.045 0.125 0 2
0 -0.045 0.135 0 2
0 -0.045 0.145 0 2
0 -0.045 0.155 0 1
0 -0.045 0.165 0 1
0 -0.045 0.175 0 1
0 -0.045 0.185 0 1
0 -0.045 0.195 0 1
0 -0.045 0.205 0 1
0 -0.045 0.215 0 1
0 -0.045 0.225 0 1
0 -0.045 0.235 0 1
0 -0.045 0.245 0 2
0 -0.045 0.255 0 2
0 -0.045 0.265 0 2
0 -0.045 0.275 0 2
0 -0.045 0.285 0 2
0 -0.045 0.295 0 1
0 -0.045 0.305 0 1
0 -0.045 0.315 0 1
0 -0.045 0.325 0 1
0 -0.045 0.335 0 1
0 -0.045 0.345 0 1
0 -0.045 0.355 0 1
0 -0.045 0.365 0 1
0 -0.045 0.375 0 2
0 -0.045 0.385 0 2
0 -0.045 0.395 0 2
0 -0.045 0.405 0 2
0 -0.045 0.415 0 2
0 -0.045 0.425 0 2
0 -0.045 0.435 0 2
0 -0.045 0.445 0 2
0 -0.045 0.455 0 2
0 -0.045 0.465 0 2
0 -0.035 -0.455 0 2
0 -0.035 -0.445 0 2
0 -0.035 -0.435 0 2
0 -0.035 -0.425 0 2
0 -0.035 -0.415 0 2
0 -0.035 -0.405 0 2
0 -0.035 -0.395 0 2
0 -0.035 -0.385 0 2
0 -0.035 -0.375 0 2
0 -0.035 -0.365 0 2
0 -0.035 -0.355 0 2
0 -0.035 -0.345 0 2
0 -0.035 -0.335 0 2
0 -0.035 -0.325 0 2
0 -0.035 -0.315 0 2
0 -0.035 -0.305 0 2
0 -0.035 -0.295 0 2
0 -0.035 -0.285 0 2
0 -0.035 -0.275 0 2
0 -0.035 -0.265 0 2
0 -0.035 -0.255 0 2
0 -0.035 -0.245 0 2
0 -0.035 -0.235 0 2
0 -0.035 -0.225 0 2
0 -0.035 -0.215 0 2
0 -0.035 -0.205 0 2
0 -0.035 -0.195 0 2
0 -0.035 -0.185 0 2
0 -0.035 -0.175 0 2
0 -0.035 -0.165 0 2
0 -0.035 -0.155 0 2
0 -0.035 -0.145 0 2
0 -0.035 -0.135 0 2
0 -0.035 -0.125 0 2
0 -0.035 -0.115 0 2
0 -0.035 -0.105 0 2
0 -0.035 -0.095 0 2
0 -0.035 -0.085 0 2
0 -0.035 -0.075 0 2
0 -0.035 -0.065 0 2
0 -0.035 -0.055 0 1
0 -0.035 -0.045 0 1
0 -0.035 -0.035 0 1
0 -0.035 -0.025 0 1
0 -0.035 -0.015 0 1
0 -0.035 -0.005 0 1
0 -0.035 0.005 0 1
0 -0.035 0.015 0 1
0 -0.035 0.025 0 1
0 -0.035 0.035 0 1
0 -0.035 0.045 0 1
0 -0.035 0.055 0 1
0 -0.035 0.065 0 1
0 -0.035 0.075 0 2
0 -0.035 0.085 0 2
0 -0.035 0.095 0 2
0 -0.035 0.105 0 2
0 -0.035 0.115 0 2
0 -0.035 0.125 0 2
0 -0.035 0.135 0 2
0 -0.035 0.145 0 2
0 -0.035 0.155 0 2
0 -0.035 0.165 0 1
0 -0.035 0.175 0 1
0 -0.035 0.185 0 1
0 -0.035 0.195 0 1
0 -0.035 0.205 0 1
0 -0.035 0.215 0 1
0 -0.035 0.225 0 1
0 -0.035 0.235 0 1
0 -0.035 0.245 0 2
0 -0.035 0.255 0 2
0 -0.035 0.265 0 2
0 -0.035 0.275 0 2
0 -0.035 0.285 0 2
0 -0.035 0.295 0 2
0 -0.035 0.305 0 2
0 -0.035 0.315 0 1
0 -0.035 0.325 0 1
0 -0.035 0.335 0 1
0 -0.035 0.345 0 1
0 -0.035 0.355 0 1
0 -0.035 0.365 0 2
0 -0.035 0.375 0 2
0 -0.035 0.385 0 2
0 -0.035 0.395 0 2
0 -0.035 0.405 0 2
0 -0.035 0.415 0 2
0 -0.035 0.425 0 2
0 -0.035 0.435 0 2
0 -0.035 0.445 0 2
0 -0.035 0.455 0 2
0 -0.035 0.465 0 2
0 -0.025 -0.455 0 2
0 -0.025 -0.445 0 2
0 -0.025 -0.435 0 2
0 -0.025 -0.425 0 2
0 -0.025 -0.415 0 2
0 -0.025 -0.405 0 2
0 -0.025 -0.395 0 2
0 -0.025 -0.385 0 2
0 -0.025 -0.375 0 2
0 -0.025 -0.365 0 2
0 -0.025 -0.355 0 2
0 -0.025 -0.345 0 2
0 -0.025 -0.335 0 2
0 -0.025 -0.325 0 2
0 -0.025 -0.315 0 2
0 -0.025 -0.305 0 2
0 -0.025 -0.295 0 2
0 -0.025 -0.285 0 2
0 -0.025 -0.275 0 2
0 -0.025 -0.265 0 2
0 -0.025 -0.255 0 2
0 -0.025 -0.245 0 2
0 -0.025 -0.235 0 2
0 -0.025 -0.225 0 2
0 -0.025 -0.215 0 2
0 -0.025 -0.205 0 2
0 -0.025 -0.195 0 2
0 -0.025 -0.185 0 2
0 -0.025 -0.175 0 2
0 -0.025 -0.165 0 2
0 -0.025 -0.155 0 2
0 -0.025 -0.145 0 2
0 -0.025 -0.135 0 2
0 -0.025 -0.125 0 2
0 -0.025 -0.115 0 2
0 -0.025 -0.105 0 2
0 -0.025 -0.095 0 2
0 -0.025 -0.085 0 2
0 -0.025 -0.075 0 2
0 -0.025 -0.065 0 2
0 -0.025 -0.055 0 1
0 -0.025 -0.045 0 1
0 -0.025 -0.035 0 1
0 -0.025 -0.025 0 1
0 -0.025 -0.015 0 1
0 -0.025 -0.005 0 1
0 -0.025 0.005 0 1
0 -0.025 0.015 0 1
0 -0.025 0.025 0 1
0 -0.025 0.035 0 1
0 -0.025 0.045 0 1
0 -0.025 0.055 0 1
0 -0.025 0.065 0 2
0 -0.025 0.075 0 2
0 -0.025 0.085 0 2
0 -0.025 0.095 0 2
0 -0.025 0.105 0 2
0 -0.025 0.115 0 2
0 -0.025 0.125 0 2
0 -0.025 0.135 0 2
0 -0.025 0.145 0 2
0 -0.025 0.155 0 2
0 -0.025 0.165 0 2
0 -0.025 0.175 0 2
0 -0.025 0.185 0 2
0 -0.025 0.195 0 1
0 -0.025 0.205 0 1
0 -0.025 0.215 0 1
0 -0.025 0.225 0 2
0 -0.025 0.235 0 2
0 -0.025 0.245 0 2
0 -0.025 0.255 0 2
0 -0.025 0.265 0 2
0 -0.025 0.275 0 2
0 -0.025 0.285 0 2
0 -0.025 0.295 0 2
0 -0.025 0.305 0 2
0 -0.025 0.315 0 2
0 -0.025 0.325 0 2
0 -0.025 0.335 0 2
0 -0.025 0.345 0 2
0 -0.025 0.355 0 2
0 -0.025 0.365 0 2
0 -0.025 0.375 0 1
0 -0.025 0.385 0 1
0 -0.025 0.395 0 1
0 -0.025 0.405 0 2
0 -0.025 0.415 0 2
0 -0.025 0.425 0 2
0 -0.025 0.435 0 2
0 -0.025 0.445 0 2
0 -0.025 0.455 0 2
0 -0.025 0.465 0 2
0 -0.015 -0.455 0 2
0 -0.015 -0.445 0 2
0 -0.015 -0.435 0 2
0 -0.015 -0.425 0 2
0 -0.015 -0.415 0 2
0 -0.015 -0.405 0 2
0 -0.015 -0.395 0 2
0 -0.015 -0.385 0 2
0 -0.015 -0.375 0 2
0 -0.015 -0.365 0 2
0 -0.015 -0.355 0 2
0 -0.015 -0.345 0 2
0 -0.015 -0.335 0 2
0 -0.015 -0.325 0 2
0 -0.015 -0.315 0 2
0 -0.015 -0.305 0 2
0 -0.015 -0.295 0 2
0 -0.015 -0.285 0 2
0 -0.015 -0.275 0 2
0 -0.015 -0.265 0 2
0 -0.015 -0.255 0 2
0 -0.015 -0.245 0 2
0 -0.015 -0.235 0 2
0 -0.015 -0.225 0 2
0 -0.015 -0.215 0 2
0 -0.015 -0.205 0 2
0 -0.015 -0.195 0 2
0 -0.015 -0.185 0 2
0 -0.015 -0.175 0 2
0 -0.015 -0.165 0 2
0 -0.015 -0.155 0 2
0 -0.015 -0.145 0 2
0 -0.015 -0.135 0 2
0 -0.015 -0.125 0 2
0 -0.015 -0.115 0 2
0 -0.015 -0.105 0 2
0 -0.015 -0.095 0 2
0 -0.015 -0.085 0 2
0 -0.015 -0.075 0 2
0 -0.015 -0.065 0 2
0 -0.015 -0.055 0 2
0 -0.015 -0.045 0 1
0 -0.015 -0.035 0 1
0 -0.015 -0.025 0 1
0 -0.015 -0.015 0 2
0 -0.015 -0.005 0 2
0 -0.015 0.005 0 1
0 -0.015 0.015 0 1
0 -0.015 0.025 0 1
0 -0.015 0.035 0 1
0 -0.015 0.045 0 1
0 -0.015 0.055 0 1
0 -0.015 0.065 0 2
0 -0.015 0.075 0 2
0 -0.015 0.085 0 2
0 -0.015 0.095 0 2
0 -0.015 0.105 0 2
0 -0.015 0.115 0 2
0 -0.015 0.125 0 2
0 -0.015 0.135 0 2
0 -0.015 0.145 0 2
0 -0.015 0.155 0 2
0 -0.015 0.165 0 2
0 -0.015 0.175 0 2
0 -0.015 0.185 0 2
0 -0.015 0.195 0 2
0 -0.015 0.205 0 2
0 -0.015 0.215 0 2
0 -0.015 0.225 0 2
0 -0.015 0.235 0 2
0 -0.015 0.245 0 2
0 -0.015 0.255 0 2
0 -0.015 0.265 0 2
0 -0.015 0.275 0 2
0 -0.015 0.285 0 2
0 -0.015 0.295 0 2
0 -0.015 0.305 0 2
0 -0.015 0.315 0 2
0 -0.015 0.325 0 2
0 -0.015 0.335 0 2
0 -0.015 0.345 0 2
0 -0.015 0.355 0 2
0 -0.015 0.365 0 1
0 -0.015 0.375 0 1
0 -0.015 0.385 0 1
0 -0.015 0.395 0 1
0 -0.015 0.405 0 1
0 -0.015 0.415 0 2
0 -0.015 0.425 0 2
0 -0.015 0.435 0 2
0 -0.015 0.445 0 2
0 -0.015 0.455 0 2
0 -0.015 0.465 0 2
0 -0.005 -0.455 0 2
0 -0.005 -0.445 0 2
0 -0.005 -0.435 0 2
0 -0.005 -0.425 0 2
0 -0.005 -0.415 0 2
0 -0.005 -0.405 0 2
0 -0.005 -0.395 0 2
0 -0.005 -0.385 0 2
0 -0.005 -0.375 0 2
0 -0.005 -0.365 0 2
0 -0.005 -0.355 0 2
0 -0.005 -0.345 0 2
0 -0.005 -0.335 0 2
0 -0.005 -0.325 0 2
0 -0.005 -0.315 0 2
0 -0.005 -0.305 0 2
0 -0.005 -0.295 0 2
0 -0.005 -0.285 0 2
0 -0.005 -0.275 0 2
0 -0.005 -0.265 0 2
0 -0.005 -0.255 0 2
0 -0.005 -0.245 0 2
0 -0.005 -0.235 0 2
0 -0.005 -0.225 0 2
0 -0.005 -0.215 0 2
0 -0.005 -0.205 0 2
0 -0.005 -0.195 0 2
0 -0.005 -0.185 0 2
0 -0.005 -0.175 0 2
0 -0.005 -0.165 0 2
0 -0.005 -0.155 0 2
0 -0.005 -0.145 0 2
0 -0.005 -0.135 0 2
0 -0.005 -0.125 0 2
0 -0.005 -0.115 0 2
0 -0.005 -0.105 0 2
0 -0.005 -0.095 0 2
0 -0.005 -0.085 0 2
0 -0.005 -0.075 0 2
0 -0.005 -0.065 0 2
0 -0.005 -0.055 0 2
0 -0.005 -0.045 0 2
0 -0.005 -0.035 0 2
0 -0.005 -0.025 0 2
0 -0.005 -0.015 0 2
0 -0.005 -0.005 0 2
0 -0.005 0.005 0 2
0 -0.005 0.015 0 1
0 -0.005 0.025 0 1
0 -0.005 0.035 0 1
0 -0.005 0.045 0 1
0 -0.005 0.055 0 2
0 -0.005 0.065 0 2
0 -0.005 0.075 0 2
0 -0.005 0.085 0 2
0 -0.005 0.095 0 2
0 -0.005 0.105 0 2
0 -0.005 0.115 0 2
0 -0.005 0.125 0 2
0 -0.005 0.135 0 2
0 -0.005 0.145 0 2
0 -0.005 0.155 0 2
0 -0.005 0.165 0 2
0 -0.005 0.175 0 2
0 -0.005 0.185 0 2
0 -0.005 0.195 0 2
0 -0.005 0.205 0 2
0 -0.005 0.215 0 2
0 -0.005 0.225 0 2
0 -0.005 0.235 0 2
0 -0.005 0.245 0 2
0 -0.005 0.255 0 2
0 -0.005 0.265 0 2
0 -0.005 0.275 0 2
0 -0.005 0.285 0 2
0 -0.005 0.295 0 2
0 -0.005 0.305 0 2
0 -0.005 0.315 0 2
0 -0.005 0.325 0 2
0 -0.005 0.335 0 2
0 -0.005 0.345 0 2
0 -0.005 0.355 0 2
0 -0.005 0.365 0 1
0 -0.005 0.375 0 1
0 -0.005 0.385 0 1
0 -0.005 0.395 0 1
0 -0.005 0.405 0 1
0 -0.005 0.415 0 1
0 -0.005 0.425 0 2
0 -0.005 0.435 0 2
0 -0.005 0.445 0 2
0 -0.005 0.455 0 2
0 -0.005 0.465 0 2
0 0.005 -0.455 0 1
0 0.005 -0.445 0 2
0 0.005 -0.435 0 2
0 0.005 -0.425 0 2
0 0.005 -0.415 0 2
0 0.005 -0.405 0 2
0 0.005 -0.395 0.01759158255 2
0 0.005 -0.385 0.1360248534 2
0 0.005 -0.375 0.2525388091 2
0 0.005 -0.365 0.3654894339 2
0 0.005 -0.355 0.4732829909 2
0 0.005 -0.345 0.5743985092 2
0 0.005 -0.335 0.6674092458 2
0 0.005 -0.325 0.751002816 2
0 0.005 -0.315 0.8239997118 2
0 0.005 -0.305 0.8853699447 2
0 0.005 -0.295 0.9342475786 2
0 0.005 -0.285 0.9699429485 2
0 0.005 -0.275 0.9919523915 2
0 0.005 -0.265 0.9999653538 2
0 0.005 -0.255 0.993868772 2
0 0.005 -0.245 0.9737486694 2
0 0.005 -0.235 0.939888941 2
0 0.005 -0.225 0.8927673488 2
0 0.005 -0.215 0.83304878 2
0 0.005 -0.205 0.7615758656 2
0 0.005 -0.195 0.6793570908 2
0 0.005 -0.185 0.5875525651 2
0 0.005 -0.175 0.4874576534 2
0 0.005 -0.165 0.3804846982 2
0 0.005 -0.155 0.2681430915 2
0 0.005 -0.145 0.152017977 2
0 0.005 -0.135 0.03374788375 2
0 0.005 -0.125 -0.0849983932 2
0 0.005 -0.115 -0.20254534 2
0 0.005 -0.105 -0.3172343655 2
0 0.005 -0.095 -0.4274472036 2
0 0.005 -0.085 -0.5316287477 2
0 0.005 -0.075 -0.6283089926 2
0 0.005 -0.065 -0.7161237771 2
0 0.005 -0.055 -0.7938340316 2
0 0.005 -0.045 -0.8603432618 2
0 0.005 -0.035 -0.9147130204 2
0 0.005 -0.025 -0.9561761483 2
0 0.005 -0.015 -0.9841475993 2
0 0.005 -0.005 -0.9982326954 2
0 0.005 0.005 -0.9982326954 2
0 0.005 0.015 -0.9841475993 2
0 0.005 0.025 -0.9561761483 2
0 0.005 0.035 -0.9147130204 2
0 0.005 0.045 -0.8603432618 2
0 0.005 0.055 -0.7938340316 2
0 0.005 0.065 -0.7161237771 2
0 0.005 0.075 -0.6283089926 2
0 0.005 0.085 -0.5316287477 2
0 0.005 0.095 -0.4274472036 2
0 0.005 0.105 -0.3172343655 2
0 0.005 0.115 -0.20254534 2
0 0.005 0.125 -0.0849983932 2
0 0.005 0.135 0.03374788375 2
0 0.005 0.145 0.152017977 2
0 0.005 0.155 0.2681430915 2
0 0.005 0.165 0.3804846982 2
0 0.005 0.175 0.4874576534 2
0 0.005 0.185 0.5875525651 1
0 0.005 0.195 0.6793570908 1
0 0.005 0.205 0.7615758656 1
0 0.005 0.215 0.83304878 1
0 0.005 0.225 0.8927673488 1
0 0.005 0.235 0.939888941 2
0 0.005 0.245 0.9737486694 2
0 0.005 0.255 0.993868772 2
0 0.005 0.265 0.9999653538 2
0 0.005 0.275 0.9919523915 2
0 0.005 0.285 0.9699429485 2
0 0.005 0.295 0.9342475786 2
0 0.005 0.305 0.8853699447 2
0 0.005 0.315 0.8239997118 2
0 0.005 0.325 0.751002816 2
0 0.005 0.335 0.6674092458 2
0 0.005 0.345 0.5743985092 2
0 0.005 0.355 0.4732829909 1
0 0.005 0.365 0.3654894339 1
0 0.005 0.375 0.2525388091 1
0 0.005 0.385 0.1360248534 1
0 0.005 0.395 0.01759158255 1
0 0.005 0.405 0 1
0 0.005 0.415 0 1
0 0.005 0.425 0 1
0 0.005 0.435 0 2
0 0.005 0.445 0 2
0 0.005 0.455 0 2
0 0.005 0.465 0 2
0 0.015 -0.455 0 1
0 0.015 -0.445 0 2
0 0.015 -0.435 0 2
0 0.015 -0.425 0 2
0 0.015 -0.415 0 2
0 0.015 -0.405 0 2
0 0.015 -0.395 0.01759130166 2
0 0.015 -0.385 0.1360226815 2
0 0.015 -0.375 0.2525347768 2
0 0.015 -0.365 0.3654835982 2
0 0.015 -0.355 0.473275434 2
0 0.015 -0.345 0.5743893378 2
0 0.015 -0.335 0.6673985893 2
0 0.015 -0.325 0.7509908248 2
0 0.015 -0.315 0.8239865551 2
0 0.015 -0.305 0.885355808 2
0 0.015 -0.295 0.9342326615 2
0 0.015 -0.285 0.9699274614 2
0 0.015 -0.275 0.991936553 2
0 0.015 -0.265 0.9999493874 2
0 0.015 -0.255 0.993852903 2
0 0.015 -0.245 0.9737331215 2
0 0.015 -0.235 0.9398739338 2
0 0.015 -0.225 0.892753094 2
0 0.015 -0.215 0.8330354788 2
0 0.015 -0.205 0.7615637056 2
0 0.015 -0.195 0.6793462435 2
0 0.015 -0.185 0.5875431837 2
0 0.015 -0.175 0.4874498702 2
0 0.015 -0.165 0.3804786231 2
0 0.015 -0.155 0.2681388101 2
0 0.015 -0.145 0.1520155497 2
0 0.015 -0.135 0.0337473449 2
0 0.015 -0.125 -0.08499703604 2
0 0.015 -0.115 -0.202542106 2
0 0.015 -0.105 -0.3172293002 2
0 0.015 -0.095 -0.4274403786 2
0 0.015 -0.085 -0.5316202592 2
0 0.015 -0.075 -0.6282989605 2
0 0.015 -0.065 -0.7161123428 2
0 0.015 -0.055 -0.7938213565 2
0 0.015 -0.045 -0.8603295248 2
0 0.015 -0.035 -0.9146984152 2
0 0.015 -0.025 -0.9561608811 2
0 0.015 -0.015 -0.9841318855 2
0 0.015 -0.005 -0.9982167566 2
0 0.015 0.005 -0.9982167566 2
0 0.015 0.015 -0.9841318855 2
0 0.015 0.025 -0.9561608811 2
0 0.015 0.035 -0.9146984152 2
0 0.015 0.045 -0.8603295248 2
0 0.015 0.055 -0.7938213565 2
0 0.015 0.065 -0.7161123428 2
0 0.015 0.075 -0.6282989605 2
0 0.015 0.085 -0.5316202592 2
0 0.015 0.095 -0.4274403786 2
0 0.015 0.105 -0.3172293002 2
0 0.015 0.115 -0.202542106 2
0 0.015 0.125 -0.08499703604 2
0 0.015 0.135 0.0337473449 2
0 0.015 0.145 0.1520155497 2
0 0.015 0.155 0.2681388101 2
0 0.015 0.165 0.3804786231 2
0 0.015 0.175 0.4874498702 2
0 0.015 0.185 0.5875431837 1
0 0.015 0.195 0.6793462435 1
0 0.015 0.205 0.7615637056 1
0 0.015 0.215 0.8330354788 1
0 0.015 0.225 0.892753094 1
0 0.015 0.235 0.9398739338 1
0 0.015 0.245 0.9737331215 1
0 0.015 0.255 0.993852903 2
0 0.015 0.265 0.9999493874 2
0 0.015 0.275 0.991936553 2
0 0.015 0.285 0.9699274614 2
0 0.015 0.295 0.9342326615 2
0 0.015 0.305 0.885355808 2
0 0.015 0.315 0.8239865551 2
0 0.015 0.325 0.7509908248 2
0 0.015 0.335 0.6673985893 2
0 0.015 0.345 0.5743893378 2
0 0.015 0.355 0.473275434 1
0 0.015 0.365 0.3654835982 1
0 0.015 0.375 0.2525347768 1
0 0.015 0.385 0.1360226815 1
0 0.015 0.395 0.01759130166 1
0 0.015 0.405 0 1
0 0.015 0.415 0 1
0 0.015 0.425 0 1
0 0.015 0.435 0 2
0 0.015 0.445 0 2
0 0.015 0.455 0 2
0 0.015 0.465 0 2
0 0.025 -0.455 0 1
0 0.025 -0.445 0 1
0 0.025 -0.435 0 2
0 0.025 -0.425 0 2
0 0.025 -0.415 0 2
0 0.025 -0.405 0 2
0 0.025 -0.395 0.0175907399 2
0 0.025 -0.385 0.1360183377 2
0 0.025 -0.375 0.2525267123 2
0 0.025 -0.365 0.3654719268 2
0 0.025 -0.355 0.4732603203 2
0 0.025 -0.345 0.5743709952 2
0 0.025 -0.335 0.6673772765 2
0 0.025 -0.325 0.7509668425 2
0 0.025 -0.315 0.8239602418 2
0 0.025 -0.305 0.8853275349 2
0 0.025 -0.295 0.9342028275 2
0 0.025 -0.285 0.9698964876 2
0 0.025 -0.275 0.9919048764 2
0 0.025 -0.265 0.9999174548 2
0 0.025 -0.255 0.9938211651 1
0 0.025 -0.245 0.9737020262 1
0 0.025 -0.235 0.9398439197 1
0 0.025 -0.225 0.8927245847 2
0 0.025 -0.215 0.8330088765 2
0 0.025 -0.205 0.7615393857 2
0 0.025 -0.195 0.6793245492 2
0 0.025 -0.185 0.587524421 2
0 0.025 -0.175 0.4874343039 2
0 0.025 -0.165 0.3804664728 2
0 0.025 -0.155 0.2681302473 2
0 0.025 -0.145 0.1520106952 2
0 0.025 -0.135 0.0337462672 2
0 0.025 -0.125 -0.08499432173 2
0 0.025 -0.115 -0.202535638 2
0 0.025 -0.105 -0.3172191698 2
0 0.025 -0.095 -0.4274267286 2
0 0.025 -0.085 -0.5316032823 2
0 0.025 -0.075 -0.6282788963 2
0 0.025 -0.065 -0.7160894744 2
0 0.025 -0.055 -0.7937960065 2
0 0.025 -0.045 -0.8603020509 2
0 0.025 -0.035 -0.9146692051 2
0 0.025 -0.025 -0.9561303469 2
0 0.025 -0.015 -0.984100458 2
0 0.025 -0.005 -0.9981848794 2
0 0.025 0.005 -0.9981848794 2
0 0.025 0.015 -0.984100458 2
0 0.025 0.025 -0.9561303469 2
0 0.025 0.035 -0.9146692051 2
0 0.025 0.045 -0.8603020509 2
0 0.025 0.055 -0.7937960065 2
0 0.025 0.065 -0.7160894744 2
0 0.025 0.075 -0.6282788963 2
0 0.025 0.085 -0.5316032823 2
0 0.025 0.095 -0.4274267286 2
0 0.025 0.105 -0.3172191698 2
0 0.025 0.115 -0.202535638 2
0 0.025 0.125 -0.08499432173 2
0 0.025 0.135 0.0337462672 2
0 0.025 0.145 0.1520106952 2
0 0.025 0.155 0.2681302473 2
0 0.025 0.165 0.3804664728 2
0 0.025 0.175 0.4874343039 1
0 0.025 0.185 0.587524421 1
0 0.025 0.195 0.6793245492 1
0 0.025 0.205 0.7615393857 1
0 0.025 0.215 0.8330088765 1
0 0.025 0.225 0.8927245847 1
0 0.025 0.235 0.9398439197 1
0 0.025 0.245 0.9737020262 1
0 0.025 0.255 0.9938211651 1
0 0.025 0.265 0.9999174548 2
0 0.025 0.275 0.9919048764 2
0 0.025 0.285 0.9698964876 2
0 0.025 0.295 0.9342028275 2
0 0.025 0.305 0.8853275349 2
0 0.025 0.315 0.8239602418 2
0 0.025 0.325 0.7509668425 2
0 0.025 0.335 0.6673772765 2
0 0.025 0.345 0.5743709952 2
0 0.025 0.355 0.4732603203 2
0 0.025 0.365 0.3654719268 1
0 0.025 0.375 0.2525267123 1
0 0.025 0.385 0.1360183377 1
0 0.025 0.395 0.0175907399 1
0 0.025 0.405 0 1
0 0.025 0.415 0 1
0 0.025 0.425 0 1
0 0.025 0.435 0 2
0 0.025 0.445 0 2
0 0.025 0.455 0 2
0 0.025 0.465 0 2
0 0.035 -0.455 0 1
0 0.035 -0.445 0 1
0 0.035 -0.435 0 2
0 0.035 -0.425 0 2
0 0.035 -0.415 0 2
0 0.035 -0.405 0 2
0 0.035 -0.395 0.01758989727 2
0 0.035 -0.385 0.1360118222 2
0 0.035 -0.375 0.2525146158 2
0 0.035 -0.365 0.3654544199 2
0 0.035 -0.355 0.4732376501 2
0 0.035 -0.345 0.5743434816 2
0 0.035 -0.335 0.6673453077 2
0 0.035 -0.325 0.7509308696 2
0 0.035 -0.315 0.8239207723 2
0 0.035 -0.305 0.8852851258 2
0 0.035 -0.295 0.9341580772 2
0 0.035 -0.285 0.9698500275 2
0 0.035 -0.275 0.991857362 2
0 0.035 -0.265 0.9998695566 1
0 0.035 -0.255 0.993773559 1
0 0.035 -0.245 0.9736553838 1
0 0.035 -0.235 0.9397988992 1
0 0.035 -0.225 0.8926818213 1
0 0.035 -0.215 0.8329689736 1
0 0.035 -0.205 0.7615029063 2
0 0.035 -0.195 0.6792920081 2
0 0.035 -0.185 0.5874962773 2
0 0.035 -0.175 0.4874109547 2
0 0.035 -0.165 0.3804482476 2
0 0.035 -0.155 0.2681174033 2
0 0.035 -0.145 0.1520034136 2
0 0.035 -0.135 0.03374465068 2
0 0.035 -0.125 -0.08499025032 2
0 0.035 -0.115 -0.2025259361 2
0 0.035 -0.105 -0.3172039743 2
0 0.035 -0.095 -0.427406254 2
0 0.035 -0.085 -0.5315778174 2
0 0.035 -0.075 -0.6282488004 2
0 0.035 -0.065 -0.7160551721 2
0 0.035 -0.055 -0.7937579819 2
0 0.035 -0.045 -0.8602608406 2
0 0.035 -0.035 -0.9146253905 2
0 0.035 -0.025 -0.9560845462 2
0 0.035 -0.015 -0.9840533175 2
0 0.035 -0.005 -0.9981370642 2
0 0.035 0.005 -0.9981370642 2
0 0.035 0.015 -0.9840533175 2
0 0.035 0.025 -0.9560845462 2
0 0.035 0.035 -0.9146253905 2
0 0.035 0.045 -0.8602608406 2
0 0.035 0.055 -0.7937579819 2
0 0.035 0.065 -0.7160551721 2
0 0.035 0.075 -0.6282488004 2
0 0.035 0.085 -0.5315778174 2
0 0.035 0.095 -0.427406254 2
0 0.035 0.105 -0.3172039743 2
0 0.035 0.115 -0.2025259361 2
0 0.035 0.125 -0.08499025032 2
0 0.035 0.135 0.03374465068 2
0 0.035 0.145 0.1520034136 2
0 0.035 0.155 0.2681174033 2
0 0.035 0.165 0.3804482476 2
0 0.035 0.175 0.4874109547 2
0 0.035 0.185 0.5874962773 1
0 0.035 0.195 0.6792920081 1
0 0.035 0.205 0.7615029063 1
0 0.035 0.215 0.8329689736 1
0 0.035 0.225 0.8926818213 1
0 0.035 0.235 0.9397988992 1
0 0.035 0.245 0.9736553838 1
0 0.035 0.255 0.993773559 1
0 0.035 0.265 0.9998695566 1
0 0.035 0.275 0.991857362 2
0 0.035 0.285 0.9698500275 2
0 0.035 0.295 0.9341580772 2
0 0.035 0.305 0.8852851258 2
0 0.035 0.315 0.8239207723 2
0 0.035 0.325 0.7509308696 2
0 0.035 0.335 0.6673453077 2
0 0.035 0.345 0.5743434816 2
0 0.035 0.355 0.4732376501 2
0 0.035 0.365 0.3654544199 1
0 0.035 0.375 0.2525146158 1
0 0.035 0.385 0.1360118222 1
0 0.035 0.395 0.01758989727 1
0 0.035 0.405 0 1
0 0.035 0.415 0 1
0 0.035 0.425 0 1
0 0.035 0.435 0 1
0 0.035 0.445 0 2
0 0.035 0.455 0 2
0 0.035 0.465 0 2
0 0.045 -0.455 0 1
0 0.045 -0.445 0 1
0 0.045 -0.435 0 2
0 0.045 -0.425 0 2
0 0.045 -0.415 0 2
0 0.045 -0.405 0 2
0 0.045 -0.395 0.01758877377 2
0 0.045 -0.385 0.1360031349 2
0 0.045 -0.375 0.2524984873 2
0 0.045 -0.365 0.3654310778 2
0 0.045 -0.355 0.4732074238 2
0 0.045 -0.345 0.5743067975 2
0 0.045 -0.335 0.6673026834 2
0 0.045 -0.325 0.7508829066 2
0 0.045 -0.315 0.8238681473 2
0 0.045 -0.305 0.8852285814 2
0 0.045 -0.295 0.9340984112 2
0 0.045 -0.285 0.9697880818 2
0 0.045 -0.275 0.9917940107 2
0 0.045 -0.265 0.9998056935 1
0 0.045 -0.255 0.9937100852 1
0 0.045 -0.245 0.973593195 1
0 0.045 -0.235 0.9397388729 1
0 0.045 -0.225 0.8926248044 1
0 0.045 -0.215 0.8329157707 1
0 0.045 -0.205 0.7614542681 1
0 0.045 -0.195 0.6792486207 2
0 0.045 -0.185 0.5874587531 2
0 0.045 -0.175 0.4873798231 2
0 0.045 -0.165 0.3804239479 2
0 0.045 -0.155 0.2681002782 2
0 0.045 -0.145 0.1519937049 2
0 0.045 -0.135 0.03374249537 2
0 0.045 -0.125 -0.08498482187 2
0 0.045 -0.115 -0.2025130005 2
0 0.045 -0.105 -0.317183714 2
0 0.045 -0.095 -0.4273789549 2
0 0.045 -0.085 -0.5315438648 2
0 0.045 -0.075 -0.6282086732 2
0 0.045 -0.065 -0.7160094367 2
0 0.045 -0.055 -0.7937072835 2
0 0.045 -0.045 -0.8602058945 2
0 0.045 -0.035 -0.9145669721 2
0 0.045 -0.025 -0.9560234797 2
0 0.045 -0.015 -0.9839904646 2
0 0.045 -0.005 -0.9980733118 2
0 0.045 0.005 -0.9980733118 2
0 0.045 0.015 -0.9839904646 2
0 0.045 0.025 -0.9560234797 2
0 0.045 0.035 -0.9145669721 2
0 0.045 0.045 -0.8602058945 2
0 0.045 0.055 -0.7937072835 2
0 0.045 0.065 -0.7160094367 2
0 0.045 0.075 -0.6282086732 2
0 0.045 0.085 -0.5315438648 2
0 0.045 0.095 -0.4273789549 2
0 0.045 0.105 -0.317183714 2
0 0.045 0.115 -0.2025130005 2
0 0.045 0.125 -0.08498482187 2
0 0.045 0.135 0.03374249537 2
0 0.045 0.145 0.1519937049 2
0 0.045 0.155 0.2681002782 2
0 0.045 0.165 0.3804239479 2
0 0.045 0.175 0.4873798231 2
0 0.045 0.185 0.5874587531 1
0 0.045 0.195 0.6792486207 1
0 0.045 0.205 0.7614542681 1
0 0.045 0.215 0.8329157707 1
0 0.045 0.225 0.8926248044 1
0 0.045 0.235 0.9397388729 1
0 0.045 0.245 0.973593195 1
0 0.045 0.255 0.9937100852 1
0 0.045 0.265 0.9998056935 1
0 0.045 0.275 0.9917940107 2
0 0.045 0.285 0.9697880818 2
0 0.045 0.295 0.9340984112 2
0 0.045 0.305 0.8852285814 2
0 0.045 0.315 0.8238681473 2
0 0.045 0.325 0.7508829066 2
0 0.045 0.335 0.6673026834 2
0 0.045 0.345 0.5743067975 2
0 0.045 0.355 0.4732074238 2
0 0.045 0.365 0.3654310778 1
0 0.045 0.375 0.2524984873 1
0 0.045 0.385 0.1360031349 1
0 0.045 0.395 0.01758877377 1
0 0.045 0.405 0 1
0 0.045 0.415 0 1
0 0.045 0.425 0 1
0 0.045 0.435 0 1
0 0.045 0.445 0 2
0 0.045 0.455 0 2
0 0.045 0.465 0 2
0 0.055 -0.455 0 1
0 0.055 -0.445 0 2
0 0.055 -0.435 0 2
0 0.055 -0.425 0 2
0 0.055 -0.415 0 2
0 0.055 -0.405 0 2
0 0.055 -0.395 0.01758736944 2
0 0.055 -0.385 0.1359922761 2
0 0.055 -0.375 0.2524783272 2
0 0.055 -0.365 0.3654019009 2
0 0.055 -0.355 0.4731696417 2
0 0.055 -0.345 0.5742609434 2
0 0.055 -0.335 0.6672494043 2
0 0.055 -0.325 0.7508229543 2
0 0.055 -0.315 0.8238023677 2
0 0.055 -0.305 0.8851579026 2
0 0.055 -0.295 0.9340238305 2
0 0.055 -0.285 0.9697106515 2
0 0.055 -0.275 0.9917148234 2
0 0.055 -0.265 0.9997258666 1
0 0.055 -0.255 0.993630745 1
0 0.055 -0.245 0.973515461 1
0 0.055 -0.235 0.9396638419 1
0 0.055 -0.225 0.8925535351 1
0 0.055 -0.215 0.8328492686 1
0 0.055 -0.205 0.7613934717 1
0 0.055 -0.195 0.6791943879 1
0 0.055 -0.185 0.5874118489 2
0 0.055 -0.175 0.4873409095 2
0 0.055 -0.165 0.3803935739 2
0 0.055 -0.155 0.2680788725 2
0 0.055 -0.145 0.1519815693 2
0 0.055 -0.135 0.03373980128 2
0 0.055 -0.125 -0.08497803648 2
0 0.055 -0.115 -0.2024968314 2
0 0.055 -0.105 -0.3171583893 2
0 0.055 -0.095 -0.427344832 2
0 0.055 -0.085 -0.531501425 2
0 0.055 -0.075 -0.6281585155 2
0 0.055 -0.065 -0.7159522687 2
0 0.055 -0.055 -0.793643912 2
0 0.055 -0.045 -0.8601372136 2
0 0.055 -0.035 -0.9144939508 2
0 0.055 -0.025 -0.9559471485 2
0 0.055 -0.015 -0.9839119004 2
0 0.055 -0.005 -0.9979936232 2
0 0.055 0.005 -0.9979936232 2
0 0.055 0.015 -0.9839119004 2
0 0.055 0.025 -0.9559471485 2
0 0.055 0.035 -0.9144939508 2
0 0.055 0.045 -0.8601372136 2
0 0.055 0.055 -0.793643912 2
0 0.055 0.065 -0.7159522687 2
0 0.055 0.075 -0.6281585155 2
0 0.055 0.085 -0.531501425 2
0 0.055 0.095 -0.427344832 2
0 0.055 0.105 -0.3171583893 2
0 0.055 0.115 -0.2024968314 2
0 0.055 0.125 -0.08497803648 2
0 0.055 0.135 0.03373980128 2
0 0.055 0.145 0.1519815693 2
0 0.055 0.155 0.2680788725 2
0 0.055 0.165 0.3803935739 2
0 0.055 0.175 0.4873409095 2
0 0.055 0.185 0.5874118489 1
0 0.055 0.195 0.6791943879 1
0 0.055 0.205 0.7613934717 1
0 0.055 0.215 0.8328492686 1
0 0.055 0.225 0.8925535351 1
0 0.055 0.235 0.9396638419 1
0 0.055 0.245 0.973515461 1
0 0.055 0.255 0.993630745 1
0 0.055 0.265 0.9997258666 1
0 0.055 0.275 0.9917148234 2
0 0.055 0.285 0.9697106515 2
0 0.055 0.295 0.9340238305 2
0 0.055 0.305 0.8851579026 2
0 0.055 0.315 0.8238023677 2
0 0.055 0.325 0.7508229543 2
0 0.055 0.335 0.6672494043 2
0 0.055 0.345 0.5742609434 2
0 0.055 0.355 0.4731696417 2
0 0.055 0.365 0.3654019009 2
0 0.055 0.375 0.2524783272 1
0 0.055 0.385 0.1359922761 1
0 0.055 0.395 0.01758736944 1
0 0.055 0.405 0 1
0 0.055 0.415 0 1
0 0.055 0.425 0 1
0 0.055 0.435 0 2
0 0.055 0.445 0 2
0 0.055 0.455 0 2
0 0.055 0.465 0 2
0 0.065 -0.455 0 2
0 0.065 -0.445 0 2
0 0.065 -0.435 0 2
0 0.065 -0.425 0 2
0 0.065 -0.415 0 2
0 0.065 -0.405 0 2
0 0.065 -0.395 0.0175856843 2
0 0.065 -0.385 0.1359792459 2
0 0.065 -0.375 0.2524541358 2
0 0.065 -0.365 0.3653668896 2
0 0.065 -0.355 0.4731243046 2
0 0.065 -0.345 0.5742059202 2
0 0.065 -0.335 0.6671854713 2
0 0.065 -0.325 0.7507510136 2
0 0.065 -0.315 0.8237234344 2
0 0.065 -0.305 0.8850730906 2
0 0.065 -0.295 0.9339343363 2
0 0.065 -0.285 0.969617738 2
0 0.065 -0.275 0.9916198015 2
0 0.065 -0.265 0.9996300771 1
0 0.065 -0.255 0.9935355395 1
0 0.065 -0.245 0.9734221829 1
0 0.065 -0.235 0.9395738073 1
0 0.065 -0.225 0.8924680144 1
0 0.065 -0.215 0.8327694686 1
0 0.065 -0.205 0.7613205182 1
0 0.065 -0.195 0.6791293103 1
0 0.065 -0.185 0.5873555656 2
0 0.065 -0.175 0.4872942146 2
0 0.065 -0.165 0.3803571262 2
0 0.065 -0.155 0.2680531863 2
0 0.065 -0.145 0.1519670071 2
0 0.065 -0.135 0.03373656848 2
0 0.065 -0.125 -0.08496989424 2
0 0.065 -0.115 -0.202477429 2
0 0.065 -0.105 -0.3171280005 2
0 0.065 -0.095 -0.4273038856 2
0 0.065 -0.085 -0.5314504988 2
0 0.065 -0.075 -0.628098328 2
0 0.065 -0.065 -0.7158836692 2
0 0.065 -0.055 -0.7935678684 2
0 0.065 -0.045 -0.8600547989 2
0 0.065 -0.035 -0.9144063279 2
0 0.065 -0.025 -0.9558555536 2
0 0.065 -0.015 -0.9838176262 2
0 0.065 -0.005 -0.9978979997 2
0 0.065 0.005 -0.9978979997 2
0 0.065 0.015 -0.9838176262 2
0 0.065 0.025 -0.9558555536 2
0 0.065 0.035 -0.9144063279 2
0 0.065 0.045 -0.8600547989 2
0 0.065 0.055 -0.7935678684 2
0 0.065 0.065 -0.7158836692 2
0 0.065 0.075 -0.628098328 2
0 0.065 0.085 -0.5314504988 2
0 0.065 0.095 -0.4273038856 2
0 0.065 0.105 -0.3171280005 2
0 0.065 0.115 -0.202477429 2
0 0.065 0.125 -0.08496989424 2
0 0.065 0.135 0.03373656848 2
0 0.065 0.145 0.1519670071 2
0 0.065 0.155 0.2680531863 2
0 0.065 0.165 0.3803571262 2
0 0.065 0.175 0.4872942146 2
0 0.065 0.185 0.5873555656 2
0 0.065 0.195 0.6791293103 1
0 0.065 0.205 0.7613205182 1
0 0.065 0.215 0.8327694686 1
0 0.065 0.225 0.8924680144 1
0 0.065 0.235 0.9395738073 1
0 0.065 0.245 0.9734221829 1
0 0.065 0.255 0.9935355395 1
0 0.065 0.265 0.9996300771 1
0 0.065 0.275 0.9916198015 1
0 0.065 0.285 0.969617738 2
0 0.065 0.295 0.9339343363 2
0 0.065 0.305 0.8850730906 2
0 0.065 0.315 0.8237234344 2
0 0.065 0.325 0.7507510136 2
0 0.065 0.335 0.6671854713 2
0 0.065 0.345 0.5742059202 2
0 0.065 0.355 0.4731243046 2
0 0.065 0.365 0.3653668896 2
0 0.065 0.375 0.2524541358 2
0 0.065 0.385 0.1359792459 1
0 0.065 0.395 0.0175856843 1
0 0.065 0.405 0 1
0 0.065 0.415 0 1
0 0.065 0.425 0 1
0 0.065 0.435 0 2
0 0.065 0.445 0 2
0 0.065 0.455 0 2
0 0.065 0.465 0 2
0 0.075 -0.455 0 2
0 0.075 -0.445 0 2
0 0.075 -0.435 0 2
0 0.075 -0.425 0 2
0 0.075 -0.415 0 2
0 0.075 -0.405 0 2
0 0.075 -0.395 0.01758371836 2
0 0.075 -0.385 0.1359640445 2
0 0.075 -0.375 0.2524259135 2
0 0.075 -0.365 0.3653260446 1
0 0.075 -0.355 0.4730714132 1
0 0.075 -0.345 0.5741417286 1
0 0.075 -0.335 0.6671108854 1
0 0.075 -0.325 0.7506670857 2
0 0.075 -0.315 0.8236313488 2
0 0.075 -0.305 0.8849741465 2
0 0.075 -0.295 0.93382993 2
0 0.075 -0.285 0.9695093426 2
0 0.075 -0.275 0.9915089464 2
0 0.075 -0.265 0.9995183266 1
0 0.075 -0.255 0.9934244703 1
0 0.075 -0.245 0.9733133621 1
0 0.075 -0.235 0.9394687705 1
0 0.075 -0.225 0.8923682437 1
0 0.075 -0.215 0.8326763717 1
0 0.075 -0.205 0.7612354087 1
0 0.075 -0.195 0.6790533892 1
0 0.075 -0.185 0.587289904 1
0 0.075 -0.175 0.487239739 2
0 0.075 -0.165 0.3803146053 2
0 0.075 -0.155 0.2680232201 2
0 0.075 -0.145 0.1519500184 2
0 0.075 -0.135 0.033732797 2
0 0.075 -0.125 -0.08496039529 2
0 0.075 -0.115 -0.2024547936 2
0 0.075 -0.105 -0.3170925482 2
0 0.075 -0.095 -0.4272561165 2
0 0.075 -0.085 -0.5313910869 2
0 0.075 -0.075 -0.6280281117 2
0 0.075 -0.065 -0.7158036392 2
0 0.075 -0.055 -0.7934791539 2
0 0.075 -0.045 -0.8599586517 2
0 0.075 -0.035 -0.9143041047 2
0 0.075 -0.025 -0.9557486967 2
0 0.075 -0.015 -0.9837076433 2
0 0.075 -0.005 -0.9977864428 2
0 0.075 0.005 -0.9977864428 2
0 0.075 0.015 -0.9837076433 2
0 0.075 0.025 -0.9557486967 2
0 0.075 0.035 -0.9143041047 2
0 0.075 0.045 -0.8599586517 2
0 0.075 0.055 -0.7934791539 2
0 0.075 0.065 -0.7158036392 2
0 0.075 0.075 -0.6280281117 2
0 0.075 0.085 -0.5313910869 2
0 0.075 0.095 -0.4272561165 2
0 0.075 0.105 -0.3170925482 2
0 0.075 0.115 -0.2024547936 2
0 0.075 0.125 -0.08496039529 2
0 0.075 0.135 0.033732797 2
0 0.075 0.145 0.1519500184 2
0 0.075 0.155 0.2680232201 2
0 0.075 0.165 0.3803146053 2
0 0.075 0.175 0.487239739 2
0 0.075 0.185 0.587289904 2
0 0.075 0.195 0.6790533892 2
0 0.075 0.205 0.7612354087 1
0 0.075 0.215 0.8326763717 1
0 0.075 0.225 0.8923682437 1
0 0.075 0.235 0.9394687705 1
0 0.075 0.245 0.9733133621 1
0 0.075 0.255 0.9934244703 1
0 0.075 0.265 0.9995183266 1
0 0.075 0.275 0.9915089464 2
0 0.075 0.285 0.9695093426 2
0 0.075 0.295 0.93382993 2
0 0.075 0.305 0.8849741465 2
0 0.075 0.315 0.8236313488 2
0 0.075 0.325 0.7506670857 2
0 0.075 0.335 0.6671108854 2
0 0.075 0.345 0.5741417286 2
0 0.075 0.355 0.4730714132 2
0 0.075 0.365 0.3653260446 2
0 0.075 0.375 0.2524259135 2
0 0.075 0.385 0.1359640445 2
0 0.075 0.395 0.01758371836 1
0 0.075 0.405 0 1
0 0.075 0.415 0 1
0 0.075 0.425 0 2
0 0.075 0.435 0 2
0 0.075 0.445 0 2
0 0.075 0.455 0 2
0 0.075 0.465 0 2
0 0.085 -0.455 0 1
0 0.085 -0.445 0 1
0 0.085 -0.435 0 1
0 0.085 -0.425 0 1
0 0.085 -0.415 0 1
0 0.085 -0.405 0 1
0 0.085 -0.395 0.01758147166 1
0 0.085 -0.385 0.1359466722 2
0 0.085 -0.375 0.2523936607 1
0 0.085 -0.365 0.3652793664 1
0 0.085 -0.355 0.4730109682 1
0 0.085 -0.345 0.5740683697 1
0 0.085 -0.335 0.6670256477 1
0 0.085 -0.325 0.7505711719 1
0 0.085 -0.315 0.8235261123 2
0 0.085 -0.305 0.8848610722 2
0 0.085 -0.295 0.9337106133 2
0 0.085 -0.285 0.969385467 2
0 0.085 -0.275 0.99138226 2
0 0.085 -0.265 0.9993906167 2
0 0.085 -0.255 0.9932975391 1
0 0.085 -0.245 0.9731890006 1
0 0.085 -0.235 0.9393487333 1
0 0.085 -0.225 0.8922542246 1
0 0.085 -0.215 0.8325699795 1
0 0.085 -0.205 0.7611381446 1
0 0.085 -0.195 0.6789666256 1
0 0.085 -0.185 0.5872148652 1
0 0.085 -0.175 0.4871774837 2
0 0.085 -0.165 0.380266012 2
0 0.085 -0.155 0.2679889744 2
0 0.085 -0.145 0.1519306036 2
0 0.085 -0.135 0.03372848692 2
0 0.085 -0.125 -0.08494953979 2
0 0.085 -0.115 -0.2024289257 2
0 0.085 -0.105 -0.3170520328 2
0 0.085 -0.095 -0.4272015254 2
0 0.085 -0.085 -0.5313231904 2
0 0.085 -0.075 -0.6279478677 2
0 0.085 -0.065 -0.71571218 2
0 0.085 -0.055 -0.79337777 2
0 0.085 -0.045 -0.8598487736 2
0 0.085 -0.035 -0.9141872828 2
0 0.085 -0.025 -0.9556265794 2
0 0.085 -0.015 -0.9835819536 2
0 0.085 -0.005 -0.9976589542 2
0 0.085 0.005 -0.9976589542 2
0 0.085 0.015 -0.9835819536 2
0 0.085 0.025 -0.9556265794 2
0 0.085 0.035 -0.9141872828 2
0 0.085 0.045 -0.8598487736 2
0 0.085 0.055 -0.79337777 2
0 0.085 0.065 -0.71571218 2
0 0.085 0.075 -0.6279478677 2
0 0.085 0.085 -0.5313231904 2
0 0.085 0.095 -0.4272015254 2
0 0.085 0.105 -0.3170520328 2
0 0.085 0.115 -0.2024289257 2
0 0.085 0.125 -0.08494953979 2
0 0.085 0.135 0.03372848692 2
0 0.085 0.145 0.1519306036 2
0 0.085 0.155 0.2679889744 2
0 0.085 0.165 0.380266012 2
0 0.085 0.175 0.4871774837 2
0 0.085 0.185 0.5872148652 2
0 0.085 0.195 0.6789666256 2
0 0.085 0.205 0.7611381446 2
0 0.085 0.215 0.8325699795 2
0 0.085 0.225 0.8922542246 1
0 0.085 0.235 0.9393487333 1
0 0.085 0.245 0.9731890006 1
0 0.085 0.255 0.9932975391 1
0 0.085 0.265 0.9993906167 1
0 0.085 0.275 0.99138226 2
0 0.085 0.285 0.969385467 2
0 0.085 0.295 0.9337106133 2
0 0.085 0.305 0.8848610722 2
0 0.085 0.315 0.8235261123 2
0 0.085 0.325 0.7505711719 2
0 0.085 0.335 0.6670256477 2
0 0.085 0.345 0.5740683697 2
0 0.085 0.355 0.4730109682 2
0 0.085 0.365 0.3652793664 2
0 0.085 0.375 0.2523936607 2
0 0.085 0.385 0.1359466722 2
0 0.085 0.395 0.01758147166 2
0 0.085 0.405 0 2
0 0.085 0.415 0 2
0 0.085 0.425 0 2
0 0.085 0.435 0 2
0 0.085 0.445 0 2
0 0.085 0.455 0 2
0 0.085 0.465 0 2
0 0.095 -0.455 0 1
0 0.095 -0.445 0 1
0 0.095 -0.435 0 1
0 0.095 -0.425 0 1
0 0.095 -0.415 0 1
0 0.095 -0.405 0 1
0 0.095 -0.395 0.01757894425 1
0 0.095 -0.385 0.1359271292 1
0 0.095 -0.375 0.2523573779 1
0 0.095 -0.365 0.3652268557 1
0 0.095 -0.355 0.4729429707 1
0 0.095 -0.345 0.5739858447 1
0 0.095 -0.335 0.6669297597 1
0 0.095 -0.325 0.7504632739 1
0 0.095 -0.315 0.8234077266 2
0 0.095 -0.305 0.8847338693 2
0 0.095 -0.295 0.9335763881 2
0 0.095 -0.285 0.9692461134 2
0 0.095 -0.275 0.9912397442 2
0 0.095 -0.265 0.9992469497 2
0 0.095 -0.255 0.993154748 1
0 0.095 -0.245 0.9730491001 1
0 0.095 -0.235 0.9392136976 1
0 0.095 -0.225 0.8921259589 1
0 0.095 -0.215 0.8324502937 1
0 0.095 -0.205 0.7610287275 1
0 0.095 -0.195 0.678869021 1
0 0.095 -0.185 0.5871304503 1
0 0.095 -0.175 0.4871074497 2
0 0.095 -0.165 0.380211347 2
0 0.095 -0.155 0.2679504498 2
0 0.095 -0.145 0.1519087628 2
0 0.095 -0.135 0.03372363829 2
0 0.095 -0.125 -0.0849373279 2
0 0.095 -0.115 -0.2023998256 2
0 0.095 -0.105 -0.3170064551 2
0 0.095 -0.095 -0.4271401132 2
0 0.095 -0.085 -0.5312468102 2
0 0.095 -0.075 -0.6278575973 2
0 0.095 -0.065 -0.7156092931 2
0 0.095 -0.055 -0.7932637183 2
0 0.095 -0.045 -0.8597251663 2
0 0.095 -0.035 -0.9140558641 2
0 0.095 -0.025 -0.9554892037 2
0 0.095 -0.015 -0.9834405592 2
0 0.095 -0.005 -0.9975155361 2
0 0.095 0.005 -0.9975155361 2
0 0.095 0.015 -0.9834405592 2
0 0.095 0.025 -0.9554892037 2
0 0.095 0.035 -0.9140558641 2
0 0.095 0.045 -0.8597251663 2
0 0.095 0.055 -0.7932637183 2
0 0.095 0.065 -0.7156092931 2
0 0.095 0.075 -0.6278575973 2
0 0.095 0.085 -0.5312468102 2
0 0.095 0.095 -0.4271401132 2
0 0.095 0.105 -0.3170064551 2
0 0.095 0.115 -0.2023998256 2
0 0.095 0.125 -0.0849373279 2
0 0.095 0.135 0.03372363829 2
0 0.095 0.145 0.1519087628 2
0 0.095 0.155 0.2679504498 2
0 0.095 0.165 0.380211347 2
0 0.095 0.175 0.4871074497 2
0 0.095 0.185 0.5871304503 2
0 0.095 0.195 0.678869021 2
0 0.095 0.205 0.7610287275 2
0 0.095 0.215 0.8324502937 2
0 0.095 0.225 0.8921259589 2
0 0.095 0.235 0.9392136976 2
0 0.095 0.245 0.9730491001 2
0 0.095 0.255 0.993154748 2
0 0.095 0.265 0.9992469497 2
0 0.095 0.275 0.9912397442 2
0 0.095 0.285 0.9692461134 2
0 0.095 0.295 0.9335763881 2
0 0.095 0.305 0.8847338693 2
0 0.095 0.315 0.8234077266 2
0 0.095 0.325 0.7504632739 2
0 0.095 0.335 0.6669297597 2
0 0.095 0.345 0.5739858447 2
0 0.095 0.355 0.4729429707 2
0 0.095 0.365 0.3652268557 2
0 0.095 0.375 0.2523573779 2
0 0.095 0.385 0.1359271292 2
0 0.095 0.395 0.01757894425 2
0 0.095 0.405 0 2
0 0.095 0.415 0 2
0 0.095 0.425 0 2
0 0.095 0.435 0 2
0 0.095 0.445 0 2
0 0.095 0.455 0 2
0 0.095 0.465 0 2
0 0.105 -0.455 0 1
0 0.105 -0.445 0 1
0 0.105 -0.435 0 1
0 0.105 -0.425 0 1
0 0.105 -0.415 0 1
0 0.105 -0.405 0 1
0 0.105 -0.395 0.01757613614 1
0 0.105 -0.385 0.1359054159 1
0 0.105 -0.375 0.2523170658 1
0 0.105 -0.365 0.3651685136 1
0 0.105 -0.355 0.4728674217 1
0 0.105 -0.345 0.5738941549 1
0 0.105 -0.335 0.6668232228 1
0 0.105 -0.325 0.7503433931 1
0 0.105 -0.315 0.8232761936 1
0 0.105 -0.305 0.8845925399 2
0 0.105 -0.295 0.9334272565 2
0 0.105 -0.285 0.9690912838 2
0 0.105 -0.275 0.9910814013 2
0 0.105 -0.265 0.9990873277 2
0 0.105 -0.255 0.9929960992 2
0 0.105 -0.245 0.972893663 1
0 0.105 -0.235 0.9390636654 1
0 0.105 -0.225 0.8919834487 1
0 0.105 -0.215 0.8323173162 1
0 0.105 -0.205 0.760907159 1
0 0.105 -0.195 0.6787605769 1
0 0.105 -0.185 0.5870366608 1
0 0.105 -0.175 0.4870296381 2
0 0.105 -0.165 0.3801506112 2
0 0.105 -0.155 0.2679076467 2
0 0.105 -0.145 0.1518844966 2
0 0.105 -0.135 0.0337182512 2
0 0.105 -0.125 -0.08492375982 2
0 0.105 -0.115 -0.2023674938 2
0 0.105 -0.105 -0.3169558158 2
0 0.105 -0.095 -0.4270718808 2
0 0.105 -0.085 -0.5311619476 2
0 0.105 -0.075 -0.6277573019 2
0 0.105 -0.065 -0.71549498 2
0 0.105 -0.055 -0.7931370005 2
0 0.105 -0.045 -0.8595878319 2
0 0.105 -0.035 -0.9139098508 2
0 0.105 -0.025 -0.9553365716 2
0 0.105 -0.015 -0.9832834621 2
0 0.105 -0.005 -0.9973561907 2
0 0.105 0.005 -0.9973561907 2
0 0.105 0.015 -0.9832834621 2
0 0.105 0.025 -0.9553365716 2
0 0.105 0.035 -0.9139098508 2
0 0.105 0.045 -0.8595878319 2
0 0.105 0.055 -0.7931370005 2
0 0.105 0.065 -0.71549498 2
0 0.105 0.075 -0.6277573019 2
0 0.105 0.085 -0.5311619476 2
0 0.105 0.095 -0.4270718808 2
0 0.105 0.105 -0.3169558158 2
0 0.105 0.115 -0.2023674938 2
0 0.105 0.125 -0.08492375982 2
0 0.105 0.135 0.0337182512 2
0 0.105 0.145 0.1518844966 2
0 0.105 0.155 0.2679076467 2
0 0.105 0.165 0.3801506112 2
0 0.105 0.175 0.4870296381 2
0 0.105 0.185 0.5870366608 2
0 0.105 0.195 0.6787605769 2
0 0.105 0.205 0.760907159 2
0 0.105 0.215 0.8323173162 2
0 0.105 0.225 0.8919834487 2
0 0.105 0.235 0.9390636654 2
0 0.105 0.245 0.972893663 2
0 0.105 0.255 0.9929960992 2
0 0.105 0.265 0.9990873277 2
0 0.105 0.275 0.9910814013 2
0 0.105 0.285 0.9690912838 2
0 0.105 0.295 0.9334272565 2
0 0.105 0.305 0.8845925399 2
0 0.105 0.315 0.8232761936 2
0 0.105 0.325 0.7503433931 2
0 0.105 0.335 0.6668232228 2
0 0.105 0.345 0.5738941549 2
0 0.105 0.355 0.4728674217 2
0 0.105 0.365 0.3651685136 2
0 0.105 0.375 0.2523170658 2
0 0.105 0.385 0.1359054159 2
0 0.105 0.395 0.01757613614 2
0 0.105 0.405 0 2
0 0.105 0.415 0 2
0 0.105 0.425 0 2
0 0.105 0.435 0 2
0 0.105 0.445 0 2
0 0.105 0.455 0 2
0 0.105 0.465 0 2
0 0.115 -0.455 0 1
0 0.115 -0.445 0 1
0 0.115 -0.435 0 1
0 0.115 -0.425 0 1
0 0.115 -0.415 0 1
0 0.115 -0.405 0 1
0 0.115 -0.395 0.01757304741 1
0 0.115 -0.385 0.1358815326 1
0 0.115 -0.375 0.2522727249 1
0 0.115 -0.365 0.3651043408 1
0 0.115 -0.355 0.4727843224 1
0 0.115 -0.345 0.5737933018 1
0 0.115 -0.335 0.6667060388 1
0 0.115 -0.325 0.7502115317 1
0 0.115 -0.315 0.8231315153 1
0 0.115 -0.305 0.8844370863 2
0 0.115 -0.295 0.9332632208 2
0 0.115 -0.285 0.9689209808 2
0 0.115 -0.275 0.9909072339 2
0 0.115 -0.265 0.9989117534 2
0 0.115 -0.255 0.9928215952 2
0 0.115 -0.245 0.9727226918 2
0 0.115 -0.235 0.9388986393 1
0 0.115 -0.225 0.8918266962 1
0 0.115 -0.215 0.8321710491 1
0 0.115 -0.205 0.7607734412 1
0 0.115 -0.195 0.6786412951 1
0 0.115 -0.185 0.586933498 1
0 0.115 -0.175 0.48694405 2
0 0.115 -0.165 0.3800838055 2
0 0.115 -0.155 0.2678605661 2
0 0.115 -0.145 0.1518578052 2
0 0.115 -0.135 0.03371232573 2
0 0.115 -0.125 -0.08490883576 2
0 0.115 -0.115 -0.2023319308 2
0 0.115 -0.105 -0.3169001156 2
0 0.115 -0.095 -0.4269968295 2
0 0.115 -0.085 -0.531068604 2
0 0.115 -0.075 -0.6276469831 2
0 0.115 -0.065 -0.7153692427 2
0 0.115 -0.055 -0.7929976188 2
0 0.115 -0.045 -0.8594367724 2
0 0.115 -0.035 -0.913749245 2
0 0.115 -0.025 -0.9551686858 2
0 0.115 -0.015 -0.9831106651 2
0 0.115 -0.005 -0.9971809206 2
0 0.115 0.005 -0.9971809206 2
0 0.115 0.015 -0.9831106651 2
0 0.115 0.025 -0.9551686858 2
0 0.115 0.035 -0.913749245 2
0 0.115 0.045 -0.8594367724 2
0 0.115 0.055 -0.7929976188 2
0 0.115 0.065 -0.7153692427 2
0 0.115 0.075 -0.6276469831 2
0 0.115 0.085 -0.531068604 2
0 0.115 0.095 -0.4269968295 2
0 0.115 0.105 -0.3169001156 2
0 0.115 0.115 -0.2023319308 2
0 0.115 0.125 -0.08490883576 2
0 0.115 0.135 0.03371232573 2
0 0.115 0.145 0.1518578052 2
0 0.115 0.155 0.2678605661 2
0 0.115 0.165 0.3800838055 2
0 0.115 0.175 0.48694405 2
0 0.115 0.185 0.586933498 2
0 0.115 0.195 0.6786412951 2
0 0.115 0.205 0.7607734412 2
0 0.115 0.215 0.8321710491 2
0 0.115 0.225 0.8918266962 2
0 0.115 0.235 0.9388986393 2
0 0.115 0.245 0.9727226918 2
0 0.115 0.255 0.9928215952 2
0 0.115 0.265 0.9989117534 2
0 0.115 0.275 0.9909072339 2
0 0.115 0.285 0.9689209808 2
0 0.115 0.295 0.9332632208 2
0 0.115 0.305 0.8844370863 2
0 0.115 0.315 0.8231315153 2
0 0.115 0.325 0.7502115317 2
0 0.115 0.335 0.6667060388 2
0 0.115 0.345 0.5737933018 2
0 0.115 0.355 0.4727843224 2
0 0.115 0.365 0.3651043408 2
0 0.115 0.375 0.2522727249 2
0 0.115 0.385 0.1358815326 2
0 0.115 0.395 0.01757304741 2
0 0.115 0.405 0 2
0 0.115 0.415 0 2
0 0.115 0.425 0 2
0 0.115 0.435 0 2
0 0.115 0.445 0 2
0 0.115 0.455 0 2
0 0.115 0.465 0 2
0 0.125 -0.455 0 1
0 0.125 -0.445 0 1
0 0.125 -0.435 0 1
0 0.125 -0.425 0 1
0 0.125 -0.415 0 1
0 0.125 -0.405 0 1
0 0.125 -0.395 0.01756967808 1
0 0.125 -0.385 0.1358554797 1
0 0.125 -0.375 0.252224356 1
0 0.125 -0.365 0.3650343384 1
0 0.125 -0.355 0.4726936743 1
0 0.125 -0.345 0.5736832869 1
0 0.125 -0.335 0.6665782095 1
0 0.125 -0.325 0.7500676917 1
0 0.125 -0.315 0.8229736942 1
0 0.125 -0.305 0.8842675108 2
0 0.125 -0.295 0.9330842839 2
0 0.125 -0.285 0.968735207 2
0 0.125 -0.275 0.9907172446 2
0 0.125 -0.265 0.9987202294 2
0 0.125 -0.255 0.992631239 2
0 0.125 -0.245 0.9725361892 2
0 0.125 -0.235 0.9387186218 2
0 0.125 -0.225 0.8916557039 2
0 0.125 -0.215 0.8320114948 1
0 0.125 -0.205 0.7606275761 1
0 0.125 -0.195 0.6785111774 1
0 0.125 -0.185 0.5868209637 2
0 0.125 -0.175 0.486850687 2
0 0.125 -0.165 0.3800109311 2
0 0.125 -0.155 0.2678092085 2
0 0.125 -0.145 0.1518286891 2
0 0.125 -0.135 0.03370586198 2
0 0.125 -0.125 -0.08489255597 2
0 0.125 -0.115 -0.2022931372 2
0 0.125 -0.105 -0.3168393556 2
0 0.125 -0.095 -0.4269149602 2
0 0.125 -0.085 -0.5309667808 2
0 0.125 -0.075 -0.6275266427 2
0 0.125 -0.065 -0.7152320831 2
0 0.125 -0.055 -0.7928455753 2
0 0.125 -0.045 -0.8592719904 2
0 0.125 -0.035 -0.9135740495 2
0 0.125 -0.025 -0.9549855488 2
0 0.125 -0.015 -0.9829221707 2
0 0.125 -0.005 -0.9969897285 2
0 0.125 0.005 -0.9969897285 2
0 0.125 0.015 -0.9829221707 2
0 0.125 0.025 -0.9549855488 2
0 0.125 0.035 -0.9135740495 2
0 0.125 0.045 -0.8592719904 2
0 0.125 0.055 -0.7928455753 2
0 0.125 0.065 -0.7152320831 2
0 0.125 0.075 -0.6275266427 2
0 0.125 0.085 -0.5309667808 2
0 0.125 0.095 -0.4269149602 2
0 0.125 0.105 -0.3168393556 2
0 0.125 0.115 -0.2022931372 2
0 0.125 0.125 -0.08489255597 2
0 0.125 0.135 0.03370586198 2
0 0.125 0.145 0.1518286891 2
0 0.125 0.155 0.2678092085 2
0 0.125 0.165 0.3800109311 2
0 0.125 0.175 0.486850687 2
0 0.125 0.185 0.5868209637 2
0 0.125 0.195 0.6785111774 2
0 0.125 0.205 0.7606275761 2
0 0.125 0.215 0.8320114948 2
0 0.125 0.225 0.8916557039 2
0 0.125 0.235 0.9387186218 2
0 0.125 0.245 0.9725361892 2
0 0.125 0.255 0.992631239 2
0 0.125 0.265 0.9987202294 2
0 0.125 0.275 0.9907172446 2
0 0.125 0.285 0.968735207 2
0 0.125 0.295 0.9330842839 2
0 0.125 0.305 0.8842675108 2
0 0.125 0.315 0.8229736942 2
0 0.125 0.325 0.7500676917 2
0 0.125 0.335 0.6665782095 2
0 0.125 0.345 0.5736832869 2
0 0.125 0.355 0.4726936743 1
0 0.125 0.365 0.3650343384 1
0 0.125 0.375 0.252224356 1
0 0.125 0.385 0.1358554797 1
0 0.125 0.395 0.01756967808 1
0 0.125 0.405 0 2
0 0.125 0.415 0 2
0 0.125 0.425 0 2
0 0.125 0.435 0 2
0 0.125 0.445 0 2
0 0.125 0.455 0 2
0 0.125 0.465 0 2
0 0.135 -0.455 0 1
0 0.135 -0.445 0 1
0 0.135 -0.435 0 1
0 0.135 -0.425 0 1
0 0.135 -0.415 0 1
0 0.135 -0.405 0 1
0 0.135 -0.395 0.01756602822 1
0 0.135 -0.385 0.1358272576 1
0 0.135 -0.375 0.2521719598 1
0 0.135 -0.365 0.3649585075 1
0 0.135 -0.355 0.4725954786 1
0 0.135 -0.345 0.573564112 1
0 0.135 -0.335 0.666439737 1
0 0.135 -0.325 0.7499118754 1
0 0.135 -0.315 0.8228027327 1
0 0.135 -0.305 0.8840838163 2
0 0.135 -0.295 0.9328904484 2
0 0.135 -0.285 0.9685339655 2
0 0.135 -0.275 0.9905114367 2
0 0.135 -0.265 0.9985127589 2
0 0.135 -0.255 0.9924250334 2
0 0.135 -0.245 0.9723341581 2
0 0.135 -0.235 0.9385236159 2
0 0.135 -0.225 0.8914704746 2
0 0.135 -0.215 0.8318386558 2
0 0.135 -0.205 0.7604695662 2
0 0.135 -0.195 0.678370226 2
0 0.135 -0.185 0.5866990597 2
0 0.135 -0.175 0.4867495504 2
0 0.135 -0.165 0.379931989 2
0 0.135 -0.155 0.2677535748 2
0 0.135 -0.145 0.1517971488 2
0 0.135 -0.135 0.03369886005 1
0 0.135 -0.125 -0.0848749207 2
0 0.135 -0.115 -0.2022511135 2
0 0.135 -0.105 -0.3167735365 1
0 0.135 -0.095 -0.4268262745 1
0 0.135 -0.085 -0.5308564797 1
0 0.135 -0.075 -0.6273962826 2
0 0.135 -0.065 -0.7150835034 2
0 0.135 -0.055 -0.7926808725 2
0 0.135 -0.045 -0.8590934884 2
0 0.135 -0.035 -0.913384267 2
0 0.135 -0.025 -0.9547871636 2
0 0.135 -0.015 -0.9827179821 2
0 0.135 -0.005 -0.9967826175 2
0 0.135 0.005 -0.9967826175 2
0 0.135 0.015 -0.9827179821 2
0 0.135 0.025 -0.9547871636 2
0 0.135 0.035 -0.913384267 2
0 0.135 0.045 -0.8590934884 2
0 0.135 0.055 -0.7926808725 2
0 0.135 0.065 -0.7150835034 2
0 0.135 0.075 -0.6273962826 2
0 0.135 0.085 -0.5308564797 2
0 0.135 0.095 -0.4268262745 2
0 0.135 0.105 -0.3167735365 2
0 0.135 0.115 -0.2022511135 2
0 0.135 0.125 -0.0848749207 2
0 0.135 0.135 0.03369886005 2
0 0.135 0.145 0.1517971488 2
0 0.135 0.155 0.2677535748 2
0 0.135 0.165 0.379931989 2
0 0.135 0.175 0.4867495504 2
0 0.135 0.185 0.5866990597 2
0 0.135 0.195 0.678370226 2
0 0.135 0.205 0.7604695662 2
0 0.135 0.215 0.8318386558 2
0 0.135 0.225 0.8914704746 2
0 0.135 0.235 0.9385236159 2
0 0.135 0.245 0.9723341581 2
0 0.135 0.255 0.9924250334 2
0 0.135 0.265 0.9985127589 2
0 0.135 0.275 0.9905114367 2
0 0.135 0.285 0.9685339655 2
0 0.135 0.295 0.9328904484 2
0 0.135 0.305 0.8840838163 2
0 0.135 0.315 0.8228027327 2
0 0.135 0.325 0.7499118754 2
0 0.135 0.335 0.666439737 2
0 0.135 0.345 0.573564112 2
0 0.135 0.355 0.4725954786 1
0 0.135 0.365 0.3649585075 1
0 0.135 0.375 0.2521719598 1
0 0.135 0.385 0.1358272576 1
0 0.135 0.395 0.01756602822 1
0 0.135 0.405 0 2
0 0.135 0.415 0 2
0 0.135 0.425 0 2
0 0.135 0.435 0 2
0 0.135 0.445 0 2
0 0.135 0.455 0 2
0 0.135 0.465 0 2
0 0.145 -0.455 0 2
0 0.145 -0.445 0 2
0 0.145 -0.435 0 1
0 0.145 -0.425 0 1
0 0.145 -0.415 0 1
0 0.145 -0.405 0 1
0 0.145 -0.395 0.01756209788 1
0 0.145 -0.385 0.1357968667 1
0 0.145 -0.375 0.2521155373 1
0 0.145 -0.365 0.3648768493 1
0 0.145 -0.355 0.4724897371 1
0 0.145 -0.345 0.5734357791 1
0 0.145 -0.335 0.6662906235 1
0 0.145 -0.325 0.7497440853 1
0 0.145 -0.315 0.8226186335 1
0 0.145 -0.305 0.8838860057 2
0 0.145 -0.295 0.9326817174 2
0 0.145 -0.285 0.9683172595 2
0 0.145 -0.275 0.9902898133 2
0 0.145 -0.265 0.9982893453 2
0 0.145 -0.255 0.9922029818 2
0 0.145 -0.245 0.9721166018 2
0 0.145 -0.235 0.9383136246 2
0 0.145 -0.225 0.8912710113 2
0 0.145 -0.215 0.8316525348 2
0 0.145 -0.205 0.7602994138 2
0 0.145 -0.195 0.6782184431 2
0 0.145 -0.185 0.5865677879 2
0 0.145 -0.175 0.4866406419 2
0 0.145 -0.165 0.3798469806 2
0 0.145 -0.155 0.2676936658 1
0 0.145 -0.145 0.1517631847 1
0 0.145 -0.135 0.03369132005 1
0 0.145 -0.125 -0.08485593024 1
0 0.145 -0.115 -0.2022058606 1
0 0.145 -0.105 -0.3167026596 1
0 0.145 -0.095 -0.4267307736 1
0 0.145 -0.085 -0.5307377025 1
0 0.145 -0.075 -0.627255905 1
0 0.145 -0.065 -0.714923506 1
0 0.145 -0.055 -0.7925035129 2
0 0.145 -0.045 -0.8589012693 2
0 0.145 -0.035 -0.9131799005 2
0 0.145 -0.025 -0.9545735334 2
0 0.145 -0.015 -0.9824981024 2
0 0.145 -0.005 -0.9965595909 2
0 0.145 0.005 -0.9965595909 2
0 0.145 0.015 -0.9824981024 2
0 0.145 0.025 -0.9545735334 2
0 0.145 0.035 -0.9131799005 2
0 0.145 0.045 -0.8589012693 2
0 0.145 0.055 -0.7925035129 2
0 0.145 0.065 -0.714923506 2
0 0.145 0.075 -0.627255905 2
0 0.145 0.085 -0.5307377025 2
0 0.145 0.095 -0.4267307736 2
0 0.145 0.105 -0.3167026596 2
0 0.145 0.115 -0.2022058606 2
0 0.145 0.125 -0.08485593024 2
0 0.145 0.135 0.03369132005 2
0 0.145 0.145 0.1517631847 2
0 0.145 0.155 0.2676936658 2
0 0.145 0.165 0.3798469806 2
0 0.145 0.175 0.4866406419 2
0 0.145 0.185 0.5865677879 2
0 0.145 0.195 0.6782184431 2
0 0.145 0.205 0.7602994138 2
0 0.145 0.215 0.8316525348 2
0 0.145 0.225 0.8912710113 2
0 0.145 0.235 0.9383136246 2
0 0.145 0.245 0.9721166018 2
0 0.145 0.255 0.9922029818 2
0 0.145 0.265 0.9982893453 2
0 0.145 0.275 0.9902898133 2
0 0.145 0.285 0.9683172595 2
0 0.145 0.295 0.9326817174 2
0 0.145 0.305 0.8838860057 2
0 0.145 0.315 0.8226186335 2
0 0.145 0.325 0.7497440853 2
0 0.145 0.335 0.6662906235 2
0 0.145 0.345 0.5734357791 1
0 0.145 0.355 0.4724897371 1
0 0.145 0.365 0.3648768493 1
0 0.145 0.375 0.2521155373 1
0 0.145 0.385 0.1357968667 1
0 0.145 0.395 0.01756209788 1
0 0.145 0.405 0 1
0 0.145 0.415 0 2
0 0.145 0.425 0 2
0 0.145 0.435 0 2
0 0.145 0.445 0 2
0 0.145 0.455 0 2
0 0.145 0.465 0 2
0 0.155 -0.455 0 2
0 0.155 -0.445 0 2
0 0.155 -0.435 0 2
0 0.155 -0.425 0 2
0 0.155 -0.415 0 2
0 0.155 -0.405 0 2
0 0.155 -0.395 0.01755788713 2
0 0.155 -0.385 0.1357643076 2
0 0.155 -0.375 0.2520550892 2
0 0.155 -0.365 0.3647893652 1
0 0.155 -0.355 0.4723764513 1
0 0.155 -0.345 0.5732982902 1
0 0.155 -0.335 0.6661308713 1
0 0.155 -0.325 0.7495643241 1
0 0.155 -0.315 0.8224213996 1
0 0.155 -0.305 0.8836740822 2
0 0.155 -0.295 0.9324580944 2
0 0.155 -0.285 0.9680850924 2
0 0.155 -0.275 0.9900523779 2
0 0.155 -0.265 0.9980499919 2
0 0.155 -0.255 0.9919650878 2
0 0.155 -0.245 0.9718835237 2
0 0.155 -0.235 0.9380886512 2
0 0.155 -0.225 0.8910573171 2
0 0.155 -0.215 0.8314531349 2
0 0.155 -0.205 0.7601171218 2
0 0.155 -0.195 0.6780558311 2
0 0.155 -0.185 0.5864271503 2
0 0.155 -0.175 0.4865239633 2
0 0.155 -0.165 0.3797559071 2
0 0.155 -0.155 0.2676294827 1
0 0.155 -0.145 0.1517267974 1
0 0.155 -0.135 0.0336832421 1
0 0.155 -0.125 -0.08483558489 1
0 0.155 -0.115 -0.202157379 1
0 0.155 -0.105 -0.3166267258 1
0 0.155 -0.095 -0.4266284592 1
0 0.155 -0.085 -0.530610451 1
0 0.155 -0.075 -0.6271055119 1
0 0.155 -0.065 -0.7147520935 1
0 0.155 -0.055 -0.7923134995 1
0 0.155 -0.045 -0.8586953361 2
0 0.155 -0.035 -0.9129609533 2
0 0.155 -0.025 -0.9543446615 2
0 0.155 -0.015 -0.9822625353 2
0 0.155 -0.005 -0.9963206524 2
0 0.155 0.005 -0.9963206524 2
0 0.155 0.015 -0.9822625353 2
0 0.155 0.025 -0.9543446615 2
0 0.155 0.035 -0.9129609533 2
0 0.155 0.045 -0.8586953361 2
0 0.155 0.055 -0.7923134995 2
0 0.155 0.065 -0.7147520935 2
0 0.155 0.075 -0.6271055119 2
0 0.155 0.085 -0.530610451 2
0 0.155 0.095 -0.4266284592 2
0 0.155 0.105 -0.3166267258 2
0 0.155 0.115 -0.202157379 2
0 0.155 0.125 -0.08483558489 2
0 0.155 0.135 0.0336832421 2
0 0.155 0.145 0.1517267974 2
0 0.155 0.155 0.2676294827 2
0 0.155 0.165 0.3797559071 2
0 0.155 0.175 0.4865239633 2
0 0.155 0.185 0.5864271503 2
0 0.155 0.195 0.6780558311 2
0 0.155 0.205 0.7601171218 2
0 0.155 0.215 0.8314531349 2
0 0.155 0.225 0.8910573171 2
0 0.155 0.235 0.9380886512 2
0 0.155 0.245 0.9718835237 2
0 0.155 0.255 0.9919650878 2
0 0.155 0.265 0.9980499919 2
0 0.155 0.275 0.9900523779 2
0 0.155 0.285 0.9680850924 2
0 0.155 0.295 0.9324580944 2
0 0.155 0.305 0.8836740822 2
0 0.155 0.315 0.8224213996 2
0 0.155 0.325 0.7495643241 2
0 0.155 0.335 0.6661308713 2
0 0.155 0.345 0.5732982902 1
0 0.155 0.355 0.4723764513 1
0 0.155 0.365 0.3647893652 1
0 0.155 0.375 0.2520550892 1
0 0.155 0.385 0.1357643076 1
0 0.155 0.395 0.01755788713 1
0 0.155 0.405 0 1
0 0.155 0.415 0 2
0 0.155 0.425 0 2
0 0.155 0.435 0 2
0 0.155 0.445 0 2
0 0.155 0.455 0 2
0 0.155 0.465 0 2
0 0.165 -0.455 0 2
0 0.165 -0.445 0 2
0 0.165 -0.435 0 2
0 0.165 -0.425 0 2
0 0.165 -0.415 0 2
0 0.165 -0.405 0 2
0 0.165 -0.395 0.01755339604 2
0 0.165 -0.385 0.1357295807 2
0 0.165 -0.375 0.2519906165 2
0 0.165 -0.365 0.3646960565 1
0 0.165 -0.355 0.4722556231 1
0 0.165 -0.345 0.5731516474 1
0 0.165 -0.335 0.6659604831 1
0 0.165 -0.325 0.7493725946 1
0 0.165 -0.315 0.8222110341 1
0 0.165 -0.305 0.883448049 2
0 0.165 -0.295 0.9322195829 2
0 0.165 -0.285 0.9678374679 2
0 0.165 -0.275 0.9897991345 2
0 0.165 -0.265 0.9977947028 2
0 0.165 -0.255 0.9917113551 2
0 0.165 -0.245 0.9716349276 2
0 0.165 -0.235 0.9378486995 2
0 0.165 -0.225 0.8908293954 2
0 0.165 -0.215 0.8312404592 2
0 0.165 -0.205 0.759922693 2
0 0.165 -0.195 0.6778823926 2
0 0.165 -0.185 0.5862771494 2
0 0.165 -0.175 0.4863995163 2
0 0.165 -0.165 0.3796587702 2
0 0.165 -0.155 0.2675610263 1
0 0.165 -0.145 0.1516879876 1
0 0.165 -0.135 0.03367462633 1
0 0.165 -0.125 -0.08481388497 1
0 0.165 -0.115 -0.2021056696 1
0 0.165 -0.105 -0.3165457365 1
0 0.165 -0.095 -0.4265193328 1
0 0.165 -0.085 -0.5304747272 1
0 0.165 -0.075 -0.6269451059 1
0 0.165 -0.065 -0.7145692685 1
0 0.165 -0.055 -0.7921108353 1
0 0.165 -0.045 -0.8584756922 1
0 0.165 -0.035 -0.9127274289 2
0 0.165 -0.025 -0.9541005517 2
0 0.165 -0.015 -0.9820112844 2
0 0.165 -0.005 -0.9960658056 2
0 0.165 0.005 -0.9960658056 2
0 0.165 0.015 -0.9820112844 2
0 0.165 0.025 -0.9541005517 2
0 0.165 0.035 -0.9127274289 2
0 0.165 0.045 -0.8584756922 2
0 0.165 0.055 -0.7921108353 2
0 0.165 0.065 -0.7145692685 2
0 0.165 0.075 -0.6269451059 2
0 0.165 0.085 -0.5304747272 2
0 0.165 0.095 -0.4265193328 2
0 0.165 0.105 -0.3165457365 2
0 0.165 0.115 -0.2021056696 2
0 0.165 0.125 -0.08481388497 2
0 0.165 0.135 0.03367462633 2
0 0.165 0.145 0.1516879876 2
0 0.165 0.155 0.2675610263 2
0 0.165 0.165 0.3796587702 2
0 0.165 0.175 0.4863995163 2
0 0.165 0.185 0.5862771494 2
0 0.165 0.195 0.6778823926 2
0 0.165 0.205 0.759922693 2
0 0.165 0.215 0.8312404592 2
0 0.165 0.225 0.8908293954 2
0 0.165 0.235 0.9378486995 2
0 0.165 0.245 0.9716349276 2
0 0.165 0.255 0.9917113551 2
0 0.165 0.265 0.9977947028 2
0 0.165 0.275 0.9897991345 2
0 0.165 0.285 0.9678374679 2
0 0.165 0.295 0.9322195829 2
0 0.165 0.305 0.883448049 2
0 0.165 0.315 0.8222110341 2
0 0.165 0.325 0.7493725946 2
0 0.165 0.335 0.6659604831 2
0 0.165 0.345 0.5731516474 1
0 0.165 0.355 0.4722556231 1
0 0.165 0.365 0.3646960565 1
0 0.165 0.375 0.2519906165 1
0 0.165 0.385 0.1357295807 1
0 0.165 0.395 0.01755339604 1
0 0.165 0.405 0 1
0 0.165 0.415 0 2
0 0.165 0.425 0 2
0 0.165 0.435 0 2
0 0.165 0.445 0 2
0 0.165 0.455 0 2
0 0.165 0.465 0 2
0 0.175 -0.455 0 2
0 0.175 -0.445 0 2
0 0.175 -0.435 0 2
0 0.175 -0.425 0 2
0 0.175 -0.415 0 2
0 0.175 -0.405 0 2
0 0.175 -0.395 0.01754862467 2
0 0.175 -0.385 0.1356926866 2
0 0.175 -0.375 0.2519221203 2
0 0.175 -0.365 0.3645969247 2
0 0.175 -0.355 0.4721272544 1
0 0.175 -0.345 0.5729958531 1
0 0.175 -0.335 0.6657794615 1
0 0.175 -0.325 0.7491688998 1
0 0.175 -0.315 0.8219875404 2
0 0.175 -0.305 0.8832079099 2
0 0.175 -0.295 0.9319661867 2
0 0.175 -0.285 0.96757439 2
0 0.175 -0.275 0.989530087 2
0 0.175 -0.265 0.9975234819 2
0 0.175 -0.255 0.9914417878 2
0 0.175 -0.245 0.9713708175 2
0 0.175 -0.235 0.9375937731 2
0 0.175 -0.225 0.8905872498 2
0 0.175 -0.215 0.8310145112 2
0 0.175 -0.205 0.7597161305 2
0 0.175 -0.195 0.6776981304 2
0 0.175 -0.185 0.5861177873 2
0 0.175 -0.175 0.486267303 2
0 0.175 -0.165 0.3795555712 2
0 0.175 -0.155 0.2674882978 1
0 0.175 -0.145 0.1516467557 1
0 0.175 -0.135 0.03366547288 1
0 0.175 -0.125 -0.08479083083 1
0 0.175 -0.115 -0.2020507331 1
0 0.175 -0.105 -0.316459693 1
0 0.175 -0.095 -0.4264033961 1
0 0.175 -0.085 -0.5303305334 1
0 0.175 -0.075 -0.6267746895 1
0 0.175 -0.065 -0.7143750341 1
0 0.175 -0.055 -0.7918955235 1
0 0.175 -0.045 -0.8582423411 1
0 0.175 -0.035 -0.9124793311 2
0 0.175 -0.025 -0.9538412078 2
0 0.175 -0.015 -0.9817443537 2
0 0.175 -0.005 -0.9957950546 2
0 0.175 0.005 -0.9957950546 2
0 0.175 0.015 -0.9817443537 2
0 0.175 0.025 -0.9538412078 2
0 0.175 0.035 -0.9124793311 2
0 0.175 0.045 -0.8582423411 2
0 0.175 0.055 -0.7918955235 2
0 0.175 0.065 -0.7143750341 2
0 0.175 0.075 -0.6267746895 2
0 0.175 0.085 -0.5303305334 2
0 0.175 0.095 -0.4264033961 2
0 0.175 0.105 -0.316459693 2
0 0.175 0.115 -0.2020507331 2
0 0.175 0.125 -0.08479083083 2
0 0.175 0.135 0.03366547288 2
0 0.175 0.145 0.1516467557 2
0 0.175 0.155 0.2674882978 2
0 0.175 0.165 0.3795555712 2
0 0.175 0.175 0.486267303 2
0 0.175 0.185 0.5861177873 2
0 0.175 0.195 0.6776981304 2
0 0.175 0.205 0.7597161305 2
0 0.175 0.215 0.8310145112 2
0 0.175 0.225 0.8905872498 2
0 0.175 0.235 0.9375937731 2
0 0.175 0.245 0.9713708175 2
0 0.175 0.255 0.9914417878 2
0 0.175 0.265 0.9975234819 2
0 0.175 0.275 0.989530087 2
0 0.175 0.285 0.96757439 2
0 0.175 0.295 0.9319661867 2
0 0.175 0.305 0.8832079099 2
0 0.175 0.315 0.8219875404 2
0 0.175 0.325 0.7491688998 2
0 0.175 0.335 0.6657794615 2
0 0.175 0.345 0.5729958531 1
0 0.175 0.355 0.4721272544 1
0 0.175 0.365 0.3645969247 1
0 0.175 0.375 0.2519221203 1
0 0.175 0.385 0.1356926866 1
0 0.175 0.395 0.01754862467 1
0 0.175 0.405 0 1
0 0.175 0.415 0 2
0 0.175 0.425 0 2
0 0.175 0.435 0 2
0 0.175 0.445 0 2
0 0.175 0.455 0 2
0 0.175 0.465 0 2
0 0.185 -0.455 0 2
0 0.185 -0.445 0 2
0 0.185 -0.435 0 2
0 0.185 -0.425 0 2
0 0.185 -0.415 0 2
0 0.185 -0.405 0 2
0 0.185 -0.395 0.0175435731 2
0 0.185 -0.385 0.135653626 2
0 0.185 -0.375 0.2518496017 2
0 0.185 -0.365 0.3644919714 2
0 0.185 -0.355 0.4719913473 2
0 0.185 -0.345 0.5728309098 2
0 0.185 -0.335 0.6655878094 2
0 0.185 -0.325 0.7489532432 2
0 0.185 -0.315 0.8217509221 2
0 0.185 -0.305 0.8829536686 2
0 0.185 -0.295 0.9316979098 2
0 0.185 -0.285 0.9672958629 2
0 0.185 -0.275 0.9892452397 2
0 0.185 -0.265 0.9972363336 2
0 0.185 -0.255 0.9911563902 2
0 0.185 -0.245 0.9710911975 2
0 0.185 -0.235 0.9373238762 2
0 0.185 -0.225 0.8903308843 2
0 0.185 -0.215 0.8307752944 2
0 0.185 -0.205 0.7594974377 2
0 0.185 -0.195 0.6775030474 2
0 0.185 -0.185 0.5859490667 2
0 0.185 -0.175 0.4861273256 2
0 0.185 -0.165 0.3794463119 2
0 0.185 -0.155 0.2674112983 1
0 0.185 -0.145 0.1516031025 1
0 0.185 -0.135 0.0336557819 1
0 0.185 -0.125 -0.08476642284 1
0 0.185 -0.115 -0.2019925706 1
0 0.185 -0.105 -0.3163685965 1
0 0.185 -0.095 -0.4262806512 1
0 0.185 -0.085 -0.5301778718 1
0 0.185 -0.075 -0.6265942653 1
0 0.185 -0.065 -0.7141693932 1
0 0.185 -0.055 -0.7916675675 1
0 0.185 -0.045 -0.8579952864 1
0 0.185 -0.035 -0.9122166637 1
0 0.185 -0.025 -0.9535666339 2
0 0.185 -0.015 -0.9814617476 2
0 0.185 -0.005 -0.9955084039 2
0 0.185 0.005 -0.9955084039 2
0 0.185 0.015 -0.9814617476 2
0 0.185 0.025 -0.9535666339 2
0 0.185 0.035 -0.9122166637 2
0 0.185 0.045 -0.8579952864 2
0 0.185 0.055 -0.7916675675 2
0 0.185 0.065 -0.7141693932 2
0 0.185 0.075 -0.6265942653 2
0 0.185 0.085 -0.5301778718 2
0 0.185 0.095 -0.4262806512 2
0 0.185 0.105 -0.3163685965 2
0 0.185 0.115 -0.2019925706 2
0 0.185 0.125 -0.08476642284 2
0 0.185 0.135 0.0336557819 2
0 0.185 0.145 0.1516031025 2
0 0.185 0.155 0.2674112983 2
0 0.185 0.165 0.3794463119 2
0 0.185 0.175 0.4861273256 2
0 0.185 0.185 0.5859490667 2
0 0.185 0.195 0.6775030474 2
0 0.185 0.205 0.7594974377 2
0 0.185 0.215 0.8307752944 2
0 0.185 0.225 0.8903308843 2
0 0.185 0.235 0.9373238762 2
0 0.185 0.245 0.9710911975 2
0 0.185 0.255 0.9911563902 2
0 0.185 0.265 0.9972363336 2
0 0.185 0.275 0.9892452397 2
0 0.185 0.285 0.9672958629 2
0 0.185 0.295 0.9316979098 2
0 0.185 0.305 0.8829536686 2
0 0.185 0.315 0.8217509221 2
0 0.185 0.325 0.7489532432 2
0 0.185 0.335 0.6655878094 2
0 0.185 0.345 0.5728309098 1
0 0.185 0.355 0.4719913473 1
0 0.185 0.365 0.3644919714 1
0 0.185 0.375 0.2518496017 1
0 0.185 0.385 0.135653626 1
0 0.185 0.395 0.0175435731 1
0 0.185 0.405 0 1
0 0.185 0.415 0 2
0 0.185 0.425 0 2
0 0.185 0.435 0 2
0 0.185 0.445 0 2
0 0.185 0.455 0 2
0 0.185 0.465 0 2
0 0.195 -0.455 0 2
0 0.195 -0.445 0 2
0 0.195 -0.435 0 2
0 0.195 -0.425 0 2
0 0.195 -0.415 0 2
0 0.195 -0.405 0 2
0 0.195 -0.395 0.01753824142 2
0 0.195 -0.385 0.1356123993 2
0 0.195 -0.375 0.2517730619 2
0 0.195 -0.365 0.3643811982 2
0 0.195 -0.355 0.4718479039 2
0 0.195 -0.345 0.5726568202 2
0 0.195 -0.335 0.6653855299 2
0 0.195 -0.325 0.748725628 2
0 0.195 -0.315 0.8215011829 2
0 0.195 -0.305 0.8826853292 2
0 0.195 -0.295 0.9314147565 2
0 0.195 -0.285 0.967001891 2
0 0.195 -0.275 0.9889445971 2
0 0.195 -0.265 0.9969332625 2
0 0.195 -0.255 0.9908551668 2
0 0.195 -0.245 0.9707960722 2
0 0.195 -0.235 0.9370390132 2
0 0.195 -0.225 0.8900603029 2
0 0.195 -0.215 0.8305228126 2
0 0.195 -0.205 0.7592666181 2
0 0.195 -0.195 0.6772971467 2
0 0.195 -0.185 0.5857709903 2
0 0.195 -0.175 0.4859795861 2
0 0.195 -0.165 0.3793309939 2
0 0.195 -0.155 0.267330029 2
0 0.195 -0.145 0.1515570286 1
0 0.195 -0.135 0.03364555354 1
0 0.195 -0.125 -0.08474066139 1
0 0.195 -0.115 -0.2019311828 1
0 0.195 -0.105 -0.3162724486 1
0 0.195 -0.095 -0.4261510998 1
0 0.195 -0.085 -0.5300167449 1
0 0.195 -0.075 -0.6264038364 1
0 0.195 -0.065 -0.7139523492 1
0 0.195 -0.055 -0.791426971 1
0 0.195 -0.045 -0.8577345322 1
0 0.195 -0.035 -0.911939431 1
0 0.195 -0.025 -0.9532768345 2
0 0.195 -0.015 -0.9811634706 2
0 0.195 -0.005 -0.9952058579 2
0 0.195 0.005 -0.9952058579 2
0 0.195 0.015 -0.9811634706 2
0 0.195 0.025 -0.9532768345 2
0 0.195 0.035 -0.911939431 2
0 0.195 0.045 -0.8577345322 2
0 0.195 0.055 -0.791426971 2
0 0.195 0.065 -0.7139523492 2
0 0.195 0.075 -0.6264038364 2
0 0.195 0.085 -0.5300167449 2
0 0.195 0.095 -0.4261510998 2
0 0.195 0.105 -0.3162724486 2
0 0.195 0.115 -0.2019311828 2
0 0.195 0.125 -0.08474066139 2
0 0.195 0.135 0.03364555354 2
0 0.195 0.145 0.1515570286 2
0 0.195 0.155 0.267330029 2
0 0.195 0.165 0.3793309939 2
0 0.195 0.175 0.4859795861 2
0 0.195 0.185 0.5857709903 2
0 0.195 0.195 0.6772971467 2
0 0.195 0.205 0.7592666181 2
0 0.195 0.215 0.8305228126 2
0 0.195 0.225 0.8900603029 2
0 0.195 0.235 0.9370390132 2
0 0.195 0.245 0.9707960722 2
0 0.195 0.255 0.9908551668 2
0 0.195 0.265 0.9969332625 2
0 0.195 0.275 0.9889445971 2
0 0.195 0.285 0.967001891 2
0 0.195 0.295 0.9314147565 2
0 0.195 0.305 0.8826853292 2
0 0.195 0.315 0.8215011829 2
0 0.195 0.325 0.748725628 2
0 0.195 0.335 0.6653855299 2
0 0.195 0.345 0.5726568202 1
0 0.195 0.355 0.4718479039 1
0 0.195 0.365 0.3643811982 1
0 0.195 0.375 0.2517730619 1
0 0.195 0.385 0.1356123993 1
0 0.195 0.395 0.01753824142 1
0 0.195 0.405 0 1
0 0.195 0.415 0 2
0 0.195 0.425 0 2
0 0.195 0.435 0 2
0 0.195 0.445 0 2
0 0.195 0.455 0 2
0 0.195 0.465 0 2
0 0.205 -0.455 0 2
0 0.205 -0.445 0 2
0 0.205 -0.435 0 2
0 0.205 -0.425 0 2
0 0.205 -0.415 0 2
0 0.205 -0.405 0 2
0 0.205 -0.395 0.0175326297 2
0 0.205 -0.385 0.1355690074 2
0 0.205 -0.375 0.2516925019 2
0 0.205 -0.365 0.364264607 2
0 0.205 -0.355 0.4716969265 2
0 0.205 -0.345 0.572473587 2
0 0.205 -0.335 0.6651726263 2
0 0.205 -0.325 0.748486058 2
0 0.205 -0.315 0.8212383269 2
0 0.205 -0.305 0.882402896 2
0 0.205 -0.295 0.9311167313 2
0 0.205 -0.285 0.966692479 2
0 0.205 -0.275 0.9886281641 2
0 0.205 -0.265 0.9966142734 2
0 0.205 -0.255 0.9905381225 2
0 0.205 -0.245 0.9704854462 2
0 0.205 -0.235 0.9367391884 2
0 0.205 -0.225 0.88977551 2
0 0.205 -0.215 0.8302570699 2
0 0.205 -0.205 0.7590236752 2
0 0.205 -0.195 0.6770804317 2
0 0.205 -0.185 0.585583561 2
0 0.205 -0.175 0.485824087 2
0 0.205 -0.165 0.3792096193 2
0 0.205 -0.155 0.2672444913 2
0 0.205 -0.145 0.1515085348 1
0 0.205 -0.135 0.03363478796 1
0 0.205 -0.125 -0.08471354688 1
0 0.205 -0.115 -0.2018665708 1
0 0.205 -0.105 -0.3161712508 1
0 0.205 -0.095 -0.426014744 1
0 0.205 -0.085 -0.5298471553 1
0 0.205 -0.075 -0.6262034057 1
0 0.205 -0.065 -0.7137239056 1
0 0.205 -0.055 -0.7911737378 1
0 0.205 -0.045 -0.8574600825 1
0 0.205 -0.035 -0.9116476374 1
0 0.205 -0.025 -0.9529718141 2
0 0.205 -0.015 -0.9808495273 2
0 0.205 -0.005 -0.9948874215 2
0 0.205 0.005 -0.9948874215 2
0 0.205 0.015 -0.9808495273 2
0 0.205 0.025 -0.9529718141 2
0 0.205 0.035 -0.9116476374 2
0 0.205 0.045 -0.8574600825 2
0 0.205 0.055 -0.7911737378 2
0 0.205 0.065 -0.7137239056 2
0 0.205 0.075 -0.6262034057 2
0 0.205 0.085 -0.5298471553 2
0 0.205 0.095 -0.426014744 2
0 0.205 0.105 -0.3161712508 2
0 0.205 0.115 -0.2018665708 2
0 0.205 0.125 -0.08471354688 2
0 0.205 0.135 0.03363478796 2
0 0.205 0.145 0.1515085348 2
0 0.205 0.155 0.2672444913 2
0 0.205 0.165 0.3792096193 2
0 0.205 0.175 0.485824087 2
0 0.205 0.185 0.585583561 2
0 0.205 0.195 0.6770804317 2
0 0.205 0.205 0.7590236752 2
0 0.205 0.215 0.8302570699 2
0 0.205 0.225 0.88977551 2
0 0.205 0.235 0.9367391884 2
0 0.205 0.245 0.9704854462 2
0 0.205 0.255 0.9905381225 2
0 0.205 0.265 0.9966142734 2
0 0.205 0.275 0.9886281641 2
0 0.205 0.285 0.966692479 2
0 0.205 0.295 0.9311167313 2
0 0.205 0.305 0.882402896 2
0 0.205 0.315 0.8212383269 2
0 0.205 0.325 0.748486058 2
0 0.205 0.335 0.6651726263 2
0 0.205 0.345 0.572473587 1
0 0.205 0.355 0.4716969265 1
0 0.205 0.365 0.364264607 1
0 0.205 0.375 0.2516925019 1
0 0.205 0.385 0.1355690074 1
0 0.205 0.395 0.0175326297 1
0 0.205 0.405 0 1
0 0.205 0.415 0 2
0 0.205 0.425 0 2
0 0.205 0.435 0 2
0 0.205 0.445 0 2
0 0.205 0.455 0 2
0 0.205 0.465 0 2
0 0.215 -0.455 0 2
0 0.215 -0.445 0 2
0 0.215 -0.435 0 2
0 0.215 -0.425 0 2
0 0.215 -0.415 0 2
0 0.215 -0.405 0 2
0 0.215 -0.395 0.01752673804 2
0 0.215 -0.385 0.1355234508 2
0 0.215 -0.375 0.2516079232 2
0 0.215 -0.365 0.3641421996 2
0 0.215 -0.355 0.4715384176 2
0 0.215 -0.345 0.5722812131 2
0 0.215 -0.335 0.6649491018 2
0 0.215 -0.325 0.7482345369 2
0 0.215 -0.315 0.8209623582 2
0 0.215 -0.305 0.8821063736 2
0 0.215 -0.295 0.9308038391 2
0 0.215 -0.285 0.9663676319 2
0 0.215 -0.275 0.9882959457 2
0 0.215 -0.265 0.9962793713 2
0 0.215 -0.255 0.9902052623 2
0 0.215 -0.245 0.9701593245 2
0 0.215 -0.235 0.9364244068 2
0 0.215 -0.225 0.88947651 2
0 0.215 -0.215 0.8299780705 2
0 0.215 -0.205 0.7587686131 2
0 0.215 -0.195 0.6768529057 2
0 0.215 -0.185 0.5853867816 2
0 0.215 -0.175 0.4856608308 2
0 0.215 -0.165 0.3790821897 2
0 0.215 -0.155 0.2671546865 2
0 0.215 -0.145 0.1514576219 2
0 0.215 -0.135 0.03362348533 1
0 0.215 -0.125 -0.08468507976 1
0 0.215 -0.115 -0.2017987356 1
0 0.215 -0.105 -0.3160650047 1
0 0.215 -0.095 -0.4258715861 1
0 0.215 -0.085 -0.5296691055 1
0 0.215 -0.075 -0.6259929765 1
0 0.215 -0.065 -0.713484066 1
0 0.215 -0.055 -0.7909078719 1
0 0.215 -0.045 -0.8571719418 1
0 0.215 -0.035 -0.9113412875 1
0 0.215 -0.025 -0.9526515777 2
0 0.215 -0.015 -0.9805199229 2
0 0.215 -0.005 -0.9945530997 2
0 0.215 0.005 -0.9945530997 2
0 0.215 0.015 -0.9805199229 2
0 0.215 0.025 -0.9526515777 2
0 0.215 0.035 -0.9113412875 2
0 0.215 0.045 -0.8571719418 2
0 0.215 0.055 -0.7909078719 2
0 0.215 0.065 -0.713484066 2
0 0.215 0.075 -0.6259929765 2
0 0.215 0.085 -0.5296691055 2
0 0.215 0.095 -0.4258715861 2
0 0.215 0.105 -0.3160650047 2
0 0.215 0.115 -0.2017987356 2
0 0.215 0.125 -0.08468507976 2
0 0.215 0.135 0.03362348533 2
0 0.215 0.145 0.1514576219 2
0 0.215 0.155 0.2671546865 2
0 0.215 0.165 0.3790821897 2
0 0.215 0.175 0.4856608308 2
0 0.215 0.185 0.5853867816 2
0 0.215 0.195 0.6768529057 2
0 0.215 0.205 0.7587686131 2
0 0.215 0.215 0.8299780705 2
0 0.215 0.225 0.88947651 2
0 0.215 0.235 0.9364244068 2
0 0.215 0.245 0.9701593245 2
0 0.215 0.255 0.9902052623 2
0 0.215 0.265 0.9962793713 2
0 0.215 0.275 0.9882959457 2
0 0.215 0.285 0.9663676319 2
0 0.215 0.295 0.9308038391 2
0 0.215 0.305 0.8821063736 2
0 0.215 0.315 0.8209623582 2
0 0.215 0.325 0.7482345369 2
0 0.215 0.335 0.6649491018 2
0 0.215 0.345 0.5722812131 2
0 0.215 0.355 0.4715384176 1
0 0.215 0.365 0.3641421996 1
0 0.215 0.375 0.2516079232 1
0 0.215 0.385 0.1355234508 1
0 0.215 0.395 0.01752673804 1
0 0.215 0.405 0 2
0 0.215 0.415 0 2
0 0.215 0.425 0 2
0 0.215 0.435 0 2
0 0.215 0.445 0 2
0 0.215 0.455 0 2
0 0.215 0.465 0 2
0 0.225 -0.455 0 2
0 0.225 -0.445 0 2
0 0.225 -0.435 0 2
0 0.225 -0.425 0 1
0 0.225 -0.415 0 1
0 0.225 -0.405 0 1
0 0.225 -0.395 0.01752056653 1
0 0.225 -0.385 0.1354757303 2
0 0.225 -0.375 0.2515193271 2
0 0.225 -0.365 0.364013978 2
0 0.225 -0.355 0.4713723797 2
0 0.225 -0.345 0.5720797016 2
0 0.225 -0.335 0.6647149602 2
0 0.225 -0.325 0.7479710688 2
0 0.225 -0.315 0.8206732812 2
0 0.225 -0.305 0.8817957666 2
0 0.225 -0.295 0.9304760848 2
0 0.225 -0.285 0.9660273549 2
0 0.225 -0.275 0.9879479473 2
0 0.225 -0.265 0.9959285618 2
0 0.225 -0.255 0.9898565915 2
0 0.225 -0.245 0.9698177123 2
0 0.225 -0.235 0.9360946734 2
0 0.225 -0.225 0.8891633078 2
0 0.225 -0.215 0.8296858189 2
0 0.225 -0.205 0.7585014358 2
0 0.225 -0.195 0.6766145725 2
0 0.225 -0.185 0.5851806554 2
0 0.225 -0.175 0.4854898201 2
0 0.225 -0.165 0.3789487074 2
0 0.225 -0.155 0.2670606161 2
0 0.225 -0.145 0.1514042907 2
0 0.225 -0.135 0.03361164584 2
0 0.225 -0.125 -0.08465526048 1
0 0.225 -0.115 -0.2017276783 1
0 0.225 -0.105 -0.315953712 1
0 0.225 -0.095 -0.4257216284 1
0 0.225 -0.085 -0.5294825986 1
0 0.225 -0.075 -0.6257725521 1
0 0.225 -0.065 -0.7132328342 1
0 0.225 -0.055 -0.7906293777 1
0 0.225 -0.045 -0.8568701147 1
0 0.225 -0.035 -0.9110203863 1
0 0.225 -0.025 -0.9523161303 2
0 0.225 -0.015 -0.9801746625 2
0 0.225 -0.005 -0.994202898 2
0 0.225 0.005 -0.994202898 2
0 0.225 0.015 -0.9801746625 2
0 0.225 0.025 -0.9523161303 2
0 0.225 0.035 -0.9110203863 2
0 0.225 0.045 -0.8568701147 2
0 0.225 0.055 -0.7906293777 2
0 0.225 0.065 -0.7132328342 2
0 0.225 0.075 -0.6257725521 2
0 0.225 0.085 -0.5294825986 2
0 0.225 0.095 -0.4257216284 2
0 0.225 0.105 -0.315953712 2
0 0.225 0.115 -0.2017276783 2
0 0.225 0.125 -0.08465526048 2
0 0.225 0.135 0.03361164584 2
0 0.225 0.145 0.1514042907 2
0 0.225 0.155 0.2670606161 2
0 0.225 0.165 0.3789487074 2
0 0.225 0.175 0.4854898201 2
0 0.225 0.185 0.5851806554 2
0 0.225 0.195 0.6766145725 2
0 0.225 0.205 0.7585014358 2
0 0.225 0.215 0.8296858189 2
0 0.225 0.225 0.8891633078 2
0 0.225 0.235 0.9360946734 2
0 0.225 0.245 0.9698177123 2
0 0.225 0.255 0.9898565915 2
0 0.225 0.265 0.9959285618 2
0 0.225 0.275 0.9879479473 2
0 0.225 0.285 0.9660273549 2
0 0.225 0.295 0.9304760848 2
0 0.225 0.305 0.8817957666 2
0 0.225 0.315 0.8206732812 2
0 0.225 0.325 0.7479710688 2
0 0.225 0.335 0.6647149602 2
0 0.225 0.345 0.5720797016 2
0 0.225 0.355 0.4713723797 1
0 0.225 0.365 0.364013978 1
0 0.225 0.375 0.2515193271 1
0 0.225 0.385 0.1354757303 1
0 0.225 0.395 0.01752056653 1
0 0.225 0.405 0 2
0 0.225 0.415 0 2
0 0.225 0.425 0 2
0 0.225 0.435 0 2
0 0.225 0.445 0 2
0 0.225 0.455 0 2
0 0.225 0.465 0 2
0 0.235 -0.455 0 2
0 0.235 -0.445 0 2
0 0.235 -0.435 0 1
0 0.235 -0.425 0 1
0 0.235 -0.415 0 1
0 0.235 -0.405 0 1
0 0.235 -0.395 0.01751411527 1
0 0.235 -0.385 0.1354258467 1
0 0.235 -0.375 0.251426715 2
0 0.235 -0.365 0.3638799442 2
0 0.235 -0.355 0.4711988153 2
0 0.235 -0.345 0.5718690557 2
0 0.235 -0.335 0.664470205 2
0 0.235 -0.325 0.7476956579 2
0 0.235 -0.315 0.8203711005 2
0 0.235 -0.305 0.88147108 2
0 0.235 -0.295 0.9301334735 2
0 0.235 -0.285 0.9656716533 2
0 0.235 -0.275 0.9875841743 2
0 0.235 -0.265 0.9955618502 2
0 0.235 -0.255 0.9894921158 2
0 0.235 -0.245 0.9694606151 2
0 0.235 -0.235 0.9357499933 2
0 0.235 -0.225 0.8888359084 2
0 0.235 -0.215 0.8293803197 2
0 0.235 -0.205 0.7582221474 2
0 0.235 -0.195 0.6763654358 2
0 0.235 -0.185 0.5849651857 2
0 0.235 -0.175 0.4853110575 2
0 0.235 -0.165 0.3788091745 2
0 0.235 -0.155 0.2669622816 2
0 0.235 -0.145 0.1513485421 2
0 0.235 -0.135 0.03359926967 2
0 0.235 -0.125 -0.08462408951 2
0 0.235 -0.115 -0.2016534 2
0 0.235 -0.105 -0.3158373744 2
0 0.235 -0.095 -0.4255648731 1
0 0.235 -0.085 -0.5292876375 2
0 0.235 -0.075 -0.6255421359 2
0 0.235 -0.065 -0.7129702143 1
0 0.235 -0.055 -0.7903382595 1
0 0.235 -0.045 -0.856554606 1
0 0.235 -0.035 -0.9106849389 2
0 0.235 -0.025 -0.9519654774 2
0 0.235 -0.015 -0.9798137517 2
0 0.235 -0.005 -0.9938368219 2
0 0.235 0.005 -0.9938368219 2
0 0.235 0.015 -0.9798137517 2
0 0.235 0.025 -0.9519654774 2
0 0.235 0.035 -0.9106849389 2
0 0.235 0.045 -0.856554606 2
0 0.235 0.055 -0.7903382595 2
0 0.235 0.065 -0.7129702143 2
0 0.235 0.075 -0.6255421359 2
0 0.235 0.085 -0.5292876375 2
0 0.235 0.095 -0.4255648731 2
0 0.235 0.105 -0.3158373744 2
0 0.235 0.115 -0.2016534 2
0 0.235 0.125 -0.08462408951 2
0 0.235 0.135 0.03359926967 2
0 0.235 0.145 0.1513485421 2
0 0.235 0.155 0.2669622816 2
0 0.235 0.165 0.3788091745 2
0 0.235 0.175 0.4853110575 2
0 0.235 0.185 0.5849651857 2
0 0.235 0.195 0.6763654358 2
0 0.235 0.205 0.7582221474 2
0 0.235 0.215 0.8293803197 2
0 0.235 0.225 0.8888359084 2
0 0.235 0.235 0.9357499933 2
0 0.235 0.245 0.9694606151 2
0 0.235 0.255 0.9894921158 2
0 0.235 0.265 0.9955618502 2
0 0.235 0.275 0.9875841743 2
0 0.235 0.285 0.9656716533 2
0 0.235 0.295 0.9301334735 2
0 0.235 0.305 0.88147108 2
0 0.235 0.315 0.8203711005 2
0 0.235 0.325 0.7476956579 2
0 0.235 0.335 0.664470205 2
0 0.235 0.345 0.5718690557 2
0 0.235 0.355 0.4711988153 2
0 0.235 0.365 0.3638799442 2
0 0.235 0.375 0.251426715 2
0 0.235 0.385 0.1354258467 2
0 0.235 0.395 0.01751411527 2
0 0.235 0.405 0 2
0 0.235 0.415 0 2
0 0.235 0.425 0 2
0 0.235 0.435 0 2
0 0.235 0.445 0 2
0 0.235 0.455 0 2
0 0.235 0.465 0 2
0 0.245 -0.455 0 2
0 0.245 -0.445 0 2
0 0.245 -0.435 0 1
0 0.245 -0.425 0 1
0 0.245 -0.415 0 1
0 0.245 -0.405 0 1
0 0.245 -0.395 0.01750738436 1
0 0.245 -0.385 0.1353738008 1
0 0.245 -0.375 0.2513300884 2
0 0.245 -0.365 0.3637401003 2
0 0.245 -0.355 0.4710177274 2
0 0.245 -0.345 0.5716492789 2
0 0.245 -0.335 0.6642148403 2
0 0.245 -0.325 0.7474083085 2
0 0.245 -0.315 0.820055821 2
0 0.245 -0.305 0.8811323189 2
0 0.245 -0.295 0.9297760109 2
0 0.245 -0.285 0.9653005329 2
0 0.245 -0.275 0.9872046326 2
0 0.245 -0.265 0.9951792426 2
0 0.245 -0.255 0.9891118408 2
0 0.245 -0.245 0.9690880385 2
0 0.245 -0.235 0.9353903722 2
0 0.245 -0.225 0.888494317 2
0 0.245 -0.215 0.8290615778 2
0 0.245 -0.205 0.7579307526 2
0 0.245 -0.195 0.6761054996 2
0 0.245 -0.185 0.5847403758 2
0 0.245 -0.175 0.4851245461 2
0 0.245 -0.165 0.3786635931 2
0 0.245 -0.155 0.2668596844 2
0 0.245 -0.145 0.1512903768 2
0 0.245 -0.135 0.03358635703 2
0 0.245 -0.125 -0.08459156735 2
0 0.245 -0.115 -0.2015759019 2
0 0.245 -0.105 -0.3157159939 2
0 0.245 -0.095 -0.4254013229 2
0 0.245 -0.085 -0.5290842252 2
0 0.245 -0.075 -0.6253017318 2
0 0.245 -0.065 -0.7126962104 2
0 0.245 -0.055 -0.7900345221 2
0 0.245 -0.045 -0.8562254207 2
0 0.245 -0.035 -0.9103349506 2
0 0.245 -0.025 -0.9515996244 2
0 0.245 -0.015 -0.9794371963 2
0 0.245 -0.005 -0.9934548772 2
0 0.245 0.005 -0.9934548772 2
0 0.245 0.015 -0.9794371963 2
0 0.245 0.025 -0.9515996244 2
0 0.245 0.035 -0.9103349506 2
0 0.245 0.045 -0.8562254207 2
0 0.245 0.055 -0.7900345221 2
0 0.245 0.065 -0.7126962104 2
0 0.245 0.075 -0.6253017318 2
0 0.245 0.085 -0.5290842252 2
0 0.245 0.095 -0.4254013229 2
0 0.245 0.105 -0.3157159939 2
0 0.245 0.115 -0.2015759019 2
0 0.245 0.125 -0.08459156735 2
0 0.245 0.135 0.03358635703 2
0 0.245 0.145 0.1512903768 2
0 0.245 0.155 0.2668596844 2
0 0.245 0.165 0.3786635931 2
0 0.245 0.175 0.4851245461 2
0 0.245 0.185 0.5847403758 2
0 0.245 0.195 0.6761054996 2
0 0.245 0.205 0.7579307526 2
0 0.245 0.215 0.8290615778 2
0 0.245 0.225 0.888494317 2
0 0.245 0.235 0.9353903722 2
0 0.245 0.245 0.9690880385 2
0 0.245 0.255 0.9891118408 2
0 0.245 0.265 0.9951792426 2
0 0.245 0.275 0.9872046326 2
0 0.245 0.285 0.9653005329 2
0 0.245 0.295 0.9297760109 2
0 0.245 0.305 0.8811323189 2
0 0.245 0.315 0.820055821 2
0 0.245 0.325 0.7474083085 2
0 0.245 0.335 0.6642148403 2
0 0.245 0.345 0.5716492789 2
0 0.245 0.355 0.4710177274 2
0 0.245 0.365 0.3637401003 2
0 0.245 0.375 0.2513300884 2
0 0.245 0.385 0.1353738008 2
0 0.245 0.395 0.01750738436 2
0 0.245 0.405 0 2
0 0.245 0.415 0 2
0 0.245 0.425 0 2
0 0.245 0.435 0 2
0 0.245 0.445 0 2
0 0.245 0.455 0 2
0 0.245 0.465 0 2
0 0.255 -0.455 0 2
0 0.255 -0.445 0 2
0 0.255 -0.435 0 1
0 0.255 -0.425 0 1
0 0.255 -0.415 0 1
0 0.255 -0.405 0 1
0 0.255 -0.395 0.01750037391 1
0 0.255 -0.385 0.1353195933 1
0 0.255 -0.375 0.2512294488 1
0 0.255 -0.365 0.3635944486 2
0 0.255 -0.355 0.4708291187 2
0 0.255 -0.345 0.5714203745 2
0 0.255 -0.335 0.6639488701 2
0 0.255 -0.325 0.7471090254 2
0 0.255 -0.315 0.8197274477 2
0 0.255 -0.305 0.8807794889 2
0 0.255 -0.295 0.9294037026 2
0 0.255 -0.285 0.9649139995 2
0 0.255 -0.275 0.9868093283 2
0 0.255 -0.265 0.994780745 2
0 0.255 -0.255 0.9887157728 2
0 0.255 -0.245 0.9686999886 2
0 0.255 -0.235 0.9350158157 2
0 0.255 -0.225 0.888138539 2
0 0.255 -0.215 0.8287295984 2
0 0.255 -0.205 0.7576272559 2
0 0.255 -0.195 0.675834768 2
0 0.255 -0.185 0.5845062294 2
0 0.255 -0.175 0.4849302886 2
0 0.255 -0.165 0.3785119656 2
0 0.255 -0.155 0.2667528263 2
0 0.255 -0.145 0.1512297959 2
0 0.255 -0.135 0.03357290811 2
0 0.255 -0.125 -0.08455769452 2
0 0.255 -0.115 -0.2014951853 2
0 0.255 -0.105 -0.3155895724 2
0 0.255 -0.095 -0.4252309803 2
0 0.255 -0.085 -0.5288723651 2
0 0.255 -0.075 -0.6250513435 2
0 0.255 -0.065 -0.7124108269 2
0 0.255 -0.055 -0.7897181702 2
0 0.255 -0.045 -0.8558825641 2
0 0.255 -0.035 -0.909970427 2
0 0.255 -0.025 -0.9512185773 2
0 0.255 -0.015 -0.9790450023 2
0 0.255 -0.005 -0.9930570701 2
0 0.255 0.005 -0.9930570701 2
0 0.255 0.015 -0.9790450023 2
0 0.255 0.025 -0.9512185773 2
0 0.255 0.035 -0.909970427 2
0 0.255 0.045 -0.8558825641 2
0 0.255 0.055 -0.7897181702 2
0 0.255 0.065 -0.7124108269 2
0 0.255 0.075 -0.6250513435 2
0 0.255 0.085 -0.5288723651 2
0 0.255 0.095 -0.4252309803 2
0 0.255 0.105 -0.3155895724 2
0 0.255 0.115 -0.2014951853 2
0 0.255 0.125 -0.08455769452 2
0 0.255 0.135 0.03357290811 2
0 0.255 0.145 0.1512297959 2
0 0.255 0.155 0.2667528263 2
0 0.255 0.165 0.3785119656 2
0 0.255 0.175 0.4849302886 2
0 0.255 0.185 0.5845062294 2
0 0.255 0.195 0.675834768 2
0 0.255 0.205 0.7576272559 2
0 0.255 0.215 0.8287295984 2
0 0.255 0.225 0.888138539 2
0 0.255 0.235 0.9350158157 2
0 0.255 0.245 0.9686999886 2
0 0.255 0.255 0.9887157728 2
0 0.255 0.265 0.994780745 2
0 0.255 0.275 0.9868093283 2
0 0.255 0.285 0.9649139995 2
0 0.255 0.295 0.9294037026 2
0 0.255 0.305 0.8807794889 2
0 0.255 0.315 0.8197274477 2
0 0.255 0.325 0.7471090254 2
0 0.255 0.335 0.6639488701 2
0 0.255 0.345 0.5714203745 2
0 0.255 0.355 0.4708291187 2
0 0.255 0.365 0.3635944486 2
0 0.255 0.375 0.2512294488 2
0 0.255 0.385 0.1353195933 2
0 0.255 0.395 0.01750037391 2
0 0.255 0.405 0 2
0 0.255 0.415 0 2
0 0.255 0.425 0 2
0 0.255 0.435 0 2
0 0.255 0.445 0 2
0 0.255 0.455 0 2
0 0.255 0.465 0 2
0 0.265 -0.455 0 2
0 0.265 -0.445 0 2
0 0.265 -0.435 0 1
0 0.265 -0.425 0 1
0 0.265 -0.415 0 1
0 0.265 -0.405 0 1
0 0.265 -0.395 0.01749308404 1
0 0.265 -0.385 0.1352632252 1
0 0.265 -0.375 0.2511247979 1
0 0.265 -0.365 0.3634429914 2
0 0.265 -0.355 0.4706329923 2
0 0.265 -0.345 0.5711823463 2
0 0.265 -0.335 0.6636722987 2
0 0.265 -0.325 0.7467978131 2
0 0.265 -0.315 0.8193859859 2
0 0.265 -0.305 0.8804125955 2
0 0.265 -0.295 0.9290165545 2
0 0.265 -0.285 0.9645120595 2
0 0.265 -0.275 0.9863982676 2
0 0.265 -0.265 0.9943663638 2
0 0.265 -0.255 0.988303918 2
0 0.265 -0.245 0.9682964714 2
0 0.265 -0.235 0.9346263299 2
0 0.265 -0.225 0.8877685802 2
0 0.265 -0.215 0.8283843867 2
0 0.265 -0.205 0.7573116623 2
0 0.265 -0.195 0.6755532455 2
0 0.265 -0.185 0.5842627502 2
0 0.265 -0.175 0.4847282883 2
0 0.265 -0.165 0.3783542944 2
0 0.265 -0.155 0.266641709 2
0 0.265 -0.145 0.1511668003 2
0 0.265 -0.135 0.03355892314 2
0 0.265 -0.125 -0.08452247157 2
0 0.265 -0.115 -0.2014112514 2
0 0.265 -0.105 -0.3154581119 2
0 0.265 -0.095 -0.4250538481 2
0 0.265 -0.085 -0.5286520605 2
0 0.265 -0.075 -0.624790975 2
0 0.265 -0.065 -0.7121140684 2
0 0.265 -0.055 -0.7893892088 2
0 0.265 -0.045 -0.8555260417 2
0 0.265 -0.035 -0.909591374 2
0 0.265 -0.025 -0.9508223421 2
0 0.265 -0.015 -0.9786371759 2
0 0.265 -0.005 -0.9926434069 2
0 0.265 0.005 -0.9926434069 2
0 0.265 0.015 -0.9786371759 2
0 0.265 0.025 -0.9508223421 2
0 0.265 0.035 -0.909591374 2
0 0.265 0.045 -0.8555260417 2
0 0.265 0.055 -0.7893892088 2
0 0.265 0.065 -0.7121140684 2
0 0.265 0.075 -0.624790975 2
0 0.265 0.085 -0.5286520605 2
0 0.265 0.095 -0.4250538481 2
0 0.265 0.105 -0.3154581119 2
0 0.265 0.115 -0.2014112514 2
0 0.265 0.125 -0.08452247157 2
0 0.265 0.135 0.03355892314 2
0 0.265 0.145 0.1511668003 2
0 0.265 0.155 0.266641709 2
0 0.265 0.165 0.3783542944 2
0 0.265 0.175 0.4847282883 2
0 0.265 0.185 0.5842627502 2
0 0.265 0.195 0.6755532455 2
0 0.265 0.205 0.7573116623 2
0 0.265 0.215 0.8283843867 2
0 0.265 0.225 0.8877685802 2
0 0.265 0.235 0.9346263299 2
0 0.265 0.245 0.9682964714 2
0 0.265 0.255 0.988303918 2
0 0.265 0.265 0.9943663638 2
0 0.265 0.275 0.9863982676 2
0 0.265 0.285 0.9645120595 2
0 0.265 0.295 0.9290165545 2
0 0.265 0.305 0.8804125955 2
0 0.265 0.315 0.8193859859 2
0 0.265 0.325 0.7467978131 2
0 0.265 0.335 0.6636722987 2
0 0.265 0.345 0.5711823463 2
0 0.265 0.355 0.4706329923 2
0 0.265 0.365 0.3634429914 2
0 0.265 0.375 0.2511247979 2
0 0.265 0.385 0.1352632252 2
0 0.265 0.395 0.01749308404 2
0 0.265 0.405 0 2
0 0.265 0.415 0 2
0 0.265 0.425 0 2
0 0.265 0.435 0 2
0 0.265 0.445 0 2
0 0.265 0.455 0 2
0 0.265 0.465 0 2
0 0.275 -0.455 0 2
0 0.275 -0.445 0 2
0 0.275 -0.435 0 1
0 0.275 -0.425 0 1
0 0.275 -0.415 0 1
0 0.275 -0.405 0 1
0 0.275 -0.395 0.01748551486 1
0 0.275 -0.385 0.1352046974 1
0 0.275 -0.375 0.2510161372 1
0 0.275 -0.365 0.3632857311 2
0 0.275 -0.355 0.4704293514 2
0 0.275 -0.345 0.5709351981 2
0 0.275 -0.335 0.6633851304 2
0 0.275 -0.325 0.7464746768 2
0 0.275 -0.315 0.819031441 2
0 0.275 -0.305 0.8800316446 2
0 0.275 -0.295 0.9286145729 2
0 0.275 -0.285 0.9640947191 2
0 0.275 -0.275 0.9859714571 2
0 0.275 -0.265 0.9939361056 2
0 0.275 -0.255 0.987876283 2
0 0.275 -0.245 0.9678774936 2
0 0.275 -0.235 0.934221921 2
0 0.275 -0.225 0.8873844464 2
0 0.275 -0.215 0.8280259482 2
0 0.275 -0.205 0.7569839766 2
0 0.275 -0.195 0.6752609364 2
0 0.275 -0.185 0.5840099421 2
0 0.275 -0.175 0.4845185484 2
0 0.275 -0.165 0.3781905821 2
0 0.275 -0.155 0.2665263343 2
0 0.275 -0.145 0.1511013911 2
0 0.275 -0.135 0.03354440233 2
0 0.275 -0.125 -0.08448589904 2
0 0.275 -0.115 -0.2013241016 2
0 0.275 -0.105 -0.3153216145 2
0 0.275 -0.095 -0.424869929 1
0 0.275 -0.085 -0.528423315 1
0 0.275 -0.075 -0.6245206305 1
0 0.275 -0.065 -0.7118059396 1
0 0.275 -0.055 -0.7890476434 1
0 0.275 -0.045 -0.8551558591 2
0 0.275 -0.035 -0.9091977975 2
0 0.275 -0.025 -0.9504109252 2
0 0.275 -0.015 -0.9782137236 2
0 0.275 -0.005 -0.9922138942 2
0 0.275 0.005 -0.9922138942 2
0 0.275 0.015 -0.9782137236 2
0 0.275 0.025 -0.9504109252 2
0 0.275 0.035 -0.9091977975 2
0 0.275 0.045 -0.8551558591 2
0 0.275 0.055 -0.7890476434 2
0 0.275 0.065 -0.7118059396 2
0 0.275 0.075 -0.6245206305 2
0 0.275 0.085 -0.528423315 2
0 0.275 0.095 -0.424869929 2
0 0.275 0.105 -0.3153216145 2
0 0.275 0.115 -0.2013241016 2
0 0.275 0.125 -0.08448589904 2
0 0.275 0.135 0.03354440233 2
0 0.275 0.145 0.1511013911 2
0 0.275 0.155 0.2665263343 2
0 0.275 0.165 0.3781905821 2
0 0.275 0.175 0.4845185484 2
0 0.275 0.185 0.5840099421 2
0 0.275 0.195 0.6752609364 2
0 0.275 0.205 0.7569839766 2
0 0.275 0.215 0.8280259482 2
0 0.275 0.225 0.8873844464 2
0 0.275 0.235 0.934221921 2
0 0.275 0.245 0.9678774936 2
0 0.275 0.255 0.987876283 2
0 0.275 0.265 0.9939361056 2
0 0.275 0.275 0.9859714571 2
0 0.275 0.285 0.9640947191 2
0 0.275 0.295 0.9286145729 2
0 0.275 0.305 0.8800316446 2
0 0.275 0.315 0.819031441 2
0 0.275 0.325 0.7464746768 2
0 0.275 0.335 0.6633851304 2
0 0.275 0.345 0.5709351981 2
0 0.275 0.355 0.4704293514 2
0 0.275 0.365 0.3632857311 2
0 0.275 0.375 0.2510161372 2
0 0.275 0.385 0.1352046974 2
0 0.275 0.395 0.01748551486 2
0 0.275 0.405 0 2
0 0.275 0.415 0 2
0 0.275 0.425 0 2
0 0.275 0.435 0 2
0 0.275 0.445 0 2
0 0.275 0.455 0 2
0 0.275 0.465 0 2
0 0.285 -0.455 0 2
0 0.285 -0.445 0 2
0 0.285 -0.435 0 1
0 0.285 -0.425 0 1
0 0.285 -0.415 0 1
0 0.285 -0.405 0 1
0 0.285 -0.395 0.01747766648 1
0 0.285 -0.385 0.1351440107 1
0 0.285 -0.375 0.2509034686 1
0 0.285 -0.365 0.3631226702 2
0 0.285 -0.355 0.4702181991 2
0 0.285 -0.345 0.5706789337 2
0 0.285 -0.335 0.6630873699 2
0 0.285 -0.325 0.7461396215 2
0 0.285 -0.315 0.8186638186 2
0 0.285 -0.305 0.8796366423 2
0 0.285 -0.295 0.9281977641 2
0 0.285 -0.285 0.963661985 2
0 0.285 -0.275 0.9855289037 2
0 0.285 -0.265 0.9934899772 2
0 0.285 -0.255 0.9874328745 2
0 0.285 -0.245 0.9674430616 2
0 0.285 -0.235 0.9338025953 2
0 0.285 -0.225 0.8869861438 2
0 0.285 -0.215 0.8276542886 2
0 0.285 -0.205 0.7566442043 1
0 0.285 -0.195 0.6749578454 1
0 0.285 -0.185 0.5837478092 1
0 0.285 -0.175 0.4843010722 1
0 0.285 -0.165 0.3780208312 2
0 0.285 -0.155 0.2664067039 2
0 0.285 -0.145 0.1510335692 2
0 0.285 -0.135 0.03352934592 2
0 0.285 -0.125 -0.08444797753 2
0 0.285 -0.115 -0.2012337373 1
0 0.285 -0.105 -0.3151800823 1
0 0.285 -0.095 -0.4246792261 1
0 0.285 -0.085 -0.5281861321 1
0 0.285 -0.075 -0.6242403144 1
0 0.285 -0.065 -0.7114864454 1
0 0.285 -0.055 -0.7886934792 1
0 0.285 -0.045 -0.8547720223 1
0 0.285 -0.035 -0.908789704 2
0 0.285 -0.025 -0.9499843332 2
0 0.285 -0.015 -0.9777746522 2
0 0.285 -0.005 -0.9917685389 2
0 0.285 0.005 -0.9917685389 2
0 0.285 0.015 -0.9777746522 2
0 0.285 0.025 -0.9499843332 2
0 0.285 0.035 -0.908789704 2
0 0.285 0.045 -0.8547720223 2
0 0.285 0.055 -0.7886934792 2
0 0.285 0.065 -0.7114864454 2
0 0.285 0.075 -0.6242403144 2
0 0.285 0.085 -0.5281861321 2
0 0.285 0.095 -0.4246792261 2
0 0.285 0.105 -0.3151800823 2
0 0.285 0.115 -0.2012337373 2
0 0.285 0.125 -0.08444797753 2
0 0.285 0.135 0.03352934592 2
0 0.285 0.145 0.1510335692 2
0 0.285 0.155 0.2664067039 2
0 0.285 0.165 0.3780208312 2
0 0.285 0.175 0.4843010722 2
0 0.285 0.185 0.5837478092 2
0 0.285 0.195 0.6749578454 2
0 0.285 0.205 0.7566442043 2
0 0.285 0.215 0.8276542886 2
0 0.285 0.225 0.8869861438 2
0 0.285 0.235 0.9338025953 2
0 0.285 0.245 0.9674430616 2
0 0.285 0.255 0.9874328745 2
0 0.285 0.265 0.9934899772 2
0 0.285 0.275 0.9855289037 2
0 0.285 0.285 0.963661985 2
0 0.285 0.295 0.9281977641 2
0 0.285 0.305 0.8796366423 2
0 0.285 0.315 0.8186638186 2
0 0.285 0.325 0.7461396215 2
0 0.285 0.335 0.6630873699 2
0 0.285 0.345 0.5706789337 2
0 0.285 0.355 0.4702181991 2
0 0.285 0.365 0.3631226702 2
0 0.285 0.375 0.2509034686 2
0 0.285 0.385 0.1351440107 2
0 0.285 0.395 0.01747766648 2
0 0.285 0.405 0 2
0 0.285 0.415 0 2
0 0.285 0.425 0 2
0 0.285 0.435 0 2
0 0.285 0.445 0 2
0 0.285 0.455 0 2
0 0.285 0.465 0 2
0 0.295 -0.455 0 2
0 0.295 -0.445 0 2
0 0.295 -0.435 0 1
0 0.295 -0.425 0 1
0 0.295 -0.415 0 1
0 0.295 -0.405 0 1
0 0.295 -0.395 0.01746953904 1
0 0.295 -0.385 0.1350811663 1
0 0.295 -0.375 0.2507867938 1
0 0.295 -0.365 0.3629538114 2
0 0.295 -0.355 0.4699995389 2
0 0.295 -0.345 0.5704135574 2
0 0.295 -0.335 0.6627790219 2
0 0.295 -0.325 0.7457926527 2
0 0.295 -0.315 0.8182831246 2
0 0.295 -0.305 0.8792275948 2
0 0.295 -0.295 0.9277661348 2
0 0.295 -0.285 0.9632138642 2
0 0.295 -0.275 0.9850706144 2
0 0.295 -0.265 0.9930279859 2
0 0.295 -0.255 0.9869736998 2
0 0.295 -0.245 0.9669931825 2
0 0.295 -0.235 0.9333683597 2
0 0.295 -0.225 0.8865736787 2
0 0.295 -0.215 0.8272694139 2
0 0.295 -0.205 0.7562923506 1
0 0.295 -0.195 0.6746439774 1
0 0.295 -0.185 0.5834763555 1
0 0.295 -0.175 0.4840758632 1
0 0.295 -0.165 0.3778450445 1
0 0.295 -0.155 0.2662828198 2
0 0.295 -0.145 0.1509633358 2
0 0.295 -0.135 0.03351375415 2
0 0.295 -0.125 -0.08440870765 1
0 0.295 -0.115 -0.2011401598 1
0 0.295 -0.105 -0.3150335177 1
0 0.295 -0.095 -0.4244817424 1
0 0.295 -0.085 -0.5279405157 1
0 0.295 -0.075 -0.623950031 1
0 0.295 -0.065 -0.7111555909 1
0 0.295 -0.055 -0.7883267221 1
0 0.295 -0.045 -0.8543745373 1
0 0.295 -0.035 -0.9083670998 2
0 0.295 -0.025 -0.9495425727 2
0 0.295 -0.015 -0.9773199688 2
0 0.295 -0.005 -0.991307348 2
0 0.295 0.005 -0.991307348 2
0 0.295 0.015 -0.9773199688 2
0 0.295 0.025 -0.9495425727 2
0 0.295 0.035 -0.9083670998 2
0 0.295 0.045 -0.8543745373 2
0 0.295 0.055 -0.7883267221 2
0 0.295 0.065 -0.7111555909 2
0 0.295 0.075 -0.623950031 2
0 0.295 0.085 -0.5279405157 2
0 0.295 0.095 -0.4244817424 2
0 0.295 0.105 -0.3150335177 2
0 0.295 0.115 -0.2011401598 2
0 0.295 0.125 -0.08440870765 2
0 0.295 0.135 0.03351375415 2
0 0.295 0.145 0.1509633358 2
0 0.295 0.155 0.2662828198 2
0 0.295 0.165 0.3778450445 2
0 0.295 0.175 0.4840758632 2
0 0.295 0.185 0.5834763555 2
0 0.295 0.195 0.6746439774 2
0 0.295 0.205 0.7562923506 2
0 0.295 0.215 0.8272694139 2
0 0.295 0.225 0.8865736787 2
0 0.295 0.235 0.9333683597 2
0 0.295 0.245 0.9669931825 2
0 0.295 0.255 0.9869736998 2
0 0.295 0.265 0.9930279859 2
0 0.295 0.275 0.9850706144 2
0 0.295 0.285 0.9632138642 2
0 0.295 0.295 0.9277661348 2
0 0.295 0.305 0.8792275948 2
0 0.295 0.315 0.8182831246 2
0 0.295 0.325 0.7457926527 2
0 0.295 0.335 0.6627790219 2
0 0.295 0.345 0.5704135574 2
0 0.295 0.355 0.4699995389 2
0 0.295 0.365 0.3629538114 2
0 0.295 0.375 0.2507867938 2
0 0.295 0.385 0.1350811663 2
0 0.295 0.395 0.01746953904 2
0 0.295 0.405 0 2
0 0.295 0.415 0 2
0 0.295 0.425 0 2
0 0.295 0.435 0 2
0 0.295 0.445 0 2
0 0.295 0.455 0 2
0 0.295 0.465 0 2
0 0.305 -0.455 0 2
0 0.305 -0.445 0 2
0 0.305 -0.435 0 2
0 0.305 -0.425 0 1
0 0.305 -0.415 0 1
0 0.305 -0.405 0 1
0 0.305 -0.395 0.01746113266 1
0 0.305 -0.385 0.1350161649 1
0 0.305 -0.375 0.2506661147 1
0 0.305 -0.365 0.3627791573 2
0 0.305 -0.355 0.4697733742 2
0 0.305 -0.345 0.5701390733 2
0 0.305 -0.335 0.6624600913 2
0 0.305 -0.325 0.7454337758 2
0 0.305 -0.315 0.8178893652 2
0 0.305 -0.305 0.8788045088 2
0 0.305 -0.295 0.927319692 2
0 0.305 -0.285 0.9627503638 2
0 0.305 -0.275 0.9845965965 2
0 0.305 -0.265 0.9925501388 2
0 0.305 -0.255 0.9864987662 2
0 0.305 -0.245 0.9665278635 2
0 0.305 -0.235 0.932919221 2
0 0.305 -0.225 0.8861470577 2
0 0.305 -0.215 0.8268713303 1
0 0.305 -0.205 0.7559284213 1
0 0.305 -0.195 0.6743193374 1
0 0.305 -0.185 0.5831955856 1
0 0.305 -0.175 0.4838429249 1
0 0.305 -0.165 0.3776632247 1
0 0.305 -0.155 0.266154684 1
0 0.305 -0.145 0.1508906919 2
0 0.305 -0.135 0.03349762727 1
0 0.305 -0.125 -0.08436809001 1
0 0.305 -0.115 -0.2010433708 1
0 0.305 -0.105 -0.314881923 1
0 0.305 -0.095 -0.4242774809 1
0 0.305 -0.085 -0.5276864697 1
0 0.305 -0.075 -0.623649785 1
0 0.305 -0.065 -0.7108133814 1
0 0.305 -0.055 -0.7879473777 1
0 0.305 -0.045 -0.8539634106 1
0 0.305 -0.035 -0.9079299918 1
0 0.305 -0.025 -0.949085651 1
0 0.305 -0.015 -0.9768496805 1
0 0.305 -0.005 -0.990830329 1
0 0.305 0.005 -0.990830329 1
0 0.305 0.015 -0.9768496805 1
0 0.305 0.025 -0.949085651 2
0 0.305 0.035 -0.9079299918 2
0 0.305 0.045 -0.8539634106 2
0 0.305 0.055 -0.7879473777 2
0 0.305 0.065 -0.7108133814 2
0 0.305 0.075 -0.623649785 2
0 0.305 0.085 -0.5276864697 2
0 0.305 0.095 -0.4242774809 2
0 0.305 0.105 -0.314881923 2
0 0.305 0.115 -0.2010433708 2
0 0.305 0.125 -0.08436809001 2
0 0.305 0.135 0.03349762727 2
0 0.305 0.145 0.1508906919 2
0 0.305 0.155 0.266154684 2
0 0.305 0.165 0.3776632247 2
0 0.305 0.175 0.4838429249 2
0 0.305 0.185 0.5831955856 2
0 0.305 0.195 0.6743193374 2
0 0.305 0.205 0.7559284213 2
0 0.305 0.215 0.8268713303 2
0 0.305 0.225 0.8861470577 2
0 0.305 0.235 0.932919221 2
0 0.305 0.245 0.9665278635 2
0 0.305 0.255 0.9864987662 2
0 0.305 0.265 0.9925501388 2
0 0.305 0.275 0.9845965965 2
0 0.305 0.285 0.9627503638 2
0 0.305 0.295 0.927319692 2
0 0.305 0.305 0.8788045088 2
0 0.305 0.315 0.8178893652 2
0 0.305 0.325 0.7454337758 2
0 0.305 0.335 0.6624600913 2
0 0.305 0.345 0.5701390733 2
0 0.305 0.355 0.4697733742 2
0 0.305 0.365 0.3627791573 2
0 0.305 0.375 0.2506661147 2
0 0.305 0.385 0.1350161649 2
0 0.305 0.395 0.01746113266 2
0 0.305 0.405 0 2
0 0.305 0.415 0 2
0 0.305 0.425 0 2
0 0.305 0.435 0 2
0 0.305 0.445 0 2
0 0.305 0.455 0 2
0 0.305 0.465 0 2
0 0.315 -0.455 0 2
0 0.315 -0.445 0 2
0 0.315 -0.435 0 2
0 0.315 -0.425 0 1
0 0.315 -0.415 0 1
0 0.315 -0.405 0 1
0 0.315 -0.395 0.01745244749 1
0 0.315 -0.385 0.1349490078 1
0 0.315 -0.375 0.2505414332 1
0 0.315 -0.365 0.3625987108 2
0 0.315 -0.355 0.4695397086 2
0 0.315 -0.345 0.5698554858 2
0 0.315 -0.335 0.6621305833 2
0 0.315 -0.325 0.7450629966 2
0 0.315 -0.315 0.8174825466 2
0 0.315 -0.305 0.8783673909 2
0 0.315 -0.295 0.9268584426 2
0 0.315 -0.285 0.9622714913 2
0 0.315 -0.275 0.9841068576 2
0 0.315 -0.265 0.9920564438 2
0 0.315 -0.255 0.9860080811 2
0 0.315 -0.245 0.966047112 2
0 0.315 -0.235 0.9324551864 2
0 0.315 -0.225 0.8857062876 2
0 0.315 -0.215 0.826460044 1
0 0.315 -0.205 0.755552422 1
0 0.315 -0.195 0.6739839306 1
0 0.315 -0.185 0.5829055038 1
0 0.315 -0.175 0.4836022612 1
0 0.315 -0.165 0.3774753748 1
0 0.315 -0.155 0.2660222985 1
0 0.315 -0.145 0.1508156388 1
0 0.315 -0.135 0.03348096553 1
0 0.315 -0.125 -0.08432612528 1
0 0.315 -0.115 -0.2009433717 1
0 0.315 -0.105 -0.3147253005 1
0 0.315 -0.095 -0.424066445 1
0 0.315 -0.085 -0.5274239981 1
0 0.315 -0.075 -0.6233395812 1
0 0.315 -0.065 -0.7104598224 1
0 0.315 -0.055 -0.7875554522 1
0 0.315 -0.045 -0.8535386487 1
0 0.315 -0.035 -0.9074783869 1
0 0.315 -0.025 -0.9486135752 1
0 0.315 -0.015 -0.9763637949 1
0 0.315 -0.005 -0.9903374894 1
0 0.315 0.005 -0.9903374894 1
0 0.315 0.015 -0.9763637949 1
0 0.315 0.025 -0.9486135752 1
0 0.315 0.035 -0.9074783869 1
0 0.315 0.045 -0.8535386487 2
0 0.315 0.055 -0.7875554522 2
0 0.315 0.065 -0.7104598224 2
0 0.315 0.075 -0.6233395812 2
0 0.315 0.085 -0.5274239981 2
0 0.315 0.095 -0.424066445 2
0 0.315 0.105 -0.3147253005 2
0 0.315 0.115 -0.2009433717 2
0 0.315 0.125 -0.08432612528 2
0 0.315 0.135 0.03348096553 2
0 0.315 0.145 0.1508156388 2
0 0.315 0.155 0.2660222985 2
0 0.315 0.165 0.3774753748 2
0 0.315 0.175 0.4836022612 2
0 0.315 0.185 0.5829055038 2
0 0.315 0.195 0.6739839306 2
0 0.315 0.205 0.755552422 2
0 0.315 0.215 0.826460044 2
0 0.315 0.225 0.8857062876 2
0 0.315 0.235 0.9324551864 2
0 0.315 0.245 0.966047112 2
0 0.315 0.255 0.9860080811 2
0 0.315 0.265 0.9920564438 2
0 0.315 0.275 0.9841068576 2
0 0.315 0.285 0.9622714913 2
0 0.315 0.295 0.9268584426 2
0 0.315 0.305 0.8783673909 2
0 0.315 0.315 0.8174825466 2
0 0.315 0.325 0.7450629966 2
0 0.315 0.335 0.6621305833 2
0 0.315 0.345 0.5698554858 2
0 0.315 0.355 0.4695397086 2
0 0.315 0.365 0.3625987108 2
0 0.315 0.375 0.2505414332 2
0 0.315 0.385 0.1349490078 2
0 0.315 0.395 0.01745244749 2
0 0.315 0.405 0 2
0 0.315 0.415 0 2
0 0.315 0.425 0 2
0 0.315 0.435 0 2
0 0.315 0.445 0 2
0 0.315 0.455 0 2
0 0.315 0.465 0 2
0 0.325 -0.455 0 2
0 0.325 -0.445 0 2
0 0.325 -0.435 0 2
0 0.325 -0.425 0 2
0 0.325 -0.415 0 1
0 0.325 -0.405 0 1
0 0.325 -0.395 0.01744348365 1
0 0.325 -0.385 0.134879696 1
0 0.325 -0.375 0.2504127514 2
0 0.325 -0.365 0.3624124746 2
0 0.325 -0.355 0.469298546 2
0 0.325 -0.345 0.5695627994 2
0 0.325 -0.335 0.6617905031 2
0 0.325 -0.325 0.744680321 2
0 0.325 -0.315 0.8170626752 2
0 0.325 -0.305 0.8779162482 2
0 0.325 -0.295 0.9263823942 2
0 0.325 -0.285 0.9617772541 2
0 0.325 -0.275 0.9836014055 2
0 0.325 -0.265 0.9915469087 2
0 0.325 -0.255 0.9855016525 2
0 0.325 -0.245 0.9655509357 2
0 0.325 -0.235 0.9319762634 2
0 0.325 -0.225 0.8852513755 2
0 0.325 -0.215 0.8260355617 1
0 0.325 -0.205 0.7551643589 1
0 0.325 -0.195 0.6736377623 1
0 0.325 -0.185 0.5826061147 1
0 0.325 -0.175 0.4833538758 1
0 0.325 -0.165 0.3772814977 1
0 0.325 -0.155 0.2658856654 1
0 0.325 -0.145 0.1507381776 1
0 0.325 -0.135 0.0334637692 1
0 0.325 -0.125 -0.08428281411 1
0 0.325 -0.115 -0.2008401641 1
0 0.325 -0.105 -0.3145636529 1
0 0.325 -0.095 -0.4238486381 1
0 0.325 -0.085 -0.5271531052 1
0 0.325 -0.075 -0.6230194246 1
0 0.325 -0.065 -0.7100949196 1
0 0.325 -0.055 -0.7871509519 1
0 0.325 -0.045 -0.8531002584 1
0 0.325 -0.035 -0.9070122923 1
0 0.325 -0.025 -0.948126353 1
0 0.325 -0.015 -0.9758623197 1
0 0.325 -0.005 -0.9898288371 1
0 0.325 0.005 -0.9898288371 1
0 0.325 0.015 -0.9758623197 1
0 0.325 0.025 -0.948126353 1
0 0.325 0.035 -0.9070122923 1
0 0.325 0.045 -0.8531002584 2
0 0.325 0.055 -0.7871509519 2
0 0.325 0.065 -0.7100949196 2
0 0.325 0.075 -0.6230194246 2
0 0.325 0.085 -0.5271531052 2
0 0.325 0.095 -0.4238486381 2
0 0.325 0.105 -0.3145636529 2
0 0.325 0.115 -0.2008401641 2
0 0.325 0.125 -0.08428281411 2
0 0.325 0.135 0.0334637692 2
0 0.325 0.145 0.1507381776 2
0 0.325 0.155 0.2658856654 2
0 0.325 0.165 0.3772814977 1
0 0.325 0.175 0.4833538758 1
0 0.325 0.185 0.5826061147 1
0 0.325 0.195 0.6736377623 2
0 0.325 0.205 0.7551643589 2
0 0.325 0.215 0.8260355617 2
0 0.325 0.225 0.8852513755 2
0 0.325 0.235 0.9319762634 2
0 0.325 0.245 0.9655509357 2
0 0.325 0.255 0.9855016525 2
0 0.325 0.265 0.9915469087 2
0 0.325 0.275 0.9836014055 2
0 0.325 0.285 0.9617772541 2
0 0.325 0.295 0.9263823942 2
0 0.325 0.305 0.8779162482 2
0 0.325 0.315 0.8170626752 2
0 0.325 0.325 0.744680321 2
0 0.325 0.335 0.6617905031 2
0 0.325 0.345 0.5695627994 2
0 0.325 0.355 0.469298546 2
0 0.325 0.365 0.3624124746 2
0 0.325 0.375 0.2504127514 2
0 0.325 0.385 0.134879696 2
0 0.325 0.395 0.01744348365 2
0 0.325 0.405 0 2
0 0.325 0.415 0 2
0 0.325 0.425 0 2
0 0.325 0.435 0 2
0 0.325 0.445 0 2
0 0.325 0.455 0 2
0 0.325 0.465 0 2
0 0.335 -0.455 0 2
0 0.335 -0.445 0 2
0 0.335 -0.435 0 2
0 0.335 -0.425 0 2
0 0.335 -0.415 0 2
0 0.335 -0.405 0 2
0 0.335 -0.395 0.01743424129 2
0 0.335 -0.385 0.1348082305 2
0 0.335 -0.375 0.2502800712 2
0 0.335 -0.365 0.3622204518 2
0 0.335 -0.355 0.46904989 2
0 0.335 -0.345 0.5692610189 2
0 0.335 -0.335 0.661439856 2
0 0.335 -0.325 0.7442857552 2
0 0.335 -0.315 0.8166297578 2
0 0.335 -0.305 0.8774510878 2
0 0.335 -0.295 0.9258915542 2
0 0.335 -0.285 0.9612676603 2
0 0.335 -0.275 0.9830802482 2
0 0.335 -0.265 0.9910215416 2
0 0.335 -0.255 0.9849794884 2
0 0.335 -0.245 0.9650393424 2
0 0.335 -0.235 0.9314824596 2
0 0.335 -0.225 0.8847823287 2
0 0.335 -0.215 0.8255978901 2
0 0.335 -0.205 0.7547642381 1
0 0.335 -0.195 0.673280838 1
0 0.335 -0.185 0.5822974232 1
0 0.335 -0.175 0.4830977727 1
0 0.335 -0.165 0.3770815967 1
0 0.335 -0.155 0.265744787 1
0 0.335 -0.145 0.1506583096 1
0 0.335 -0.135 0.03344603856 1
0 0.335 -0.125 -0.0842381572 1
0 0.335 -0.115 -0.2007337498 1
0 0.335 -0.105 -0.3143969826 1
0 0.335 -0.095 -0.4236240636 1
0 0.335 -0.085 -0.5268737953 1
0 0.335 -0.075 -0.6226893203 1
0 0.335 -0.065 -0.7097186786 1
0 0.335 -0.055 -0.7867338831 1
0 0.335 -0.045 -0.8526482467 1
0 0.335 -0.035 -0.9065317155 1
0 0.335 -0.025 -0.9476239921 1
0 0.335 -0.015 -0.975345263 1
0 0.335 -0.005 -0.9893043803 1
0 0.335 0.005 -0.9893043803 1
0 0.335 0.015 -0.975345263 1
0 0.335 0.025 -0.9476239921 1
0 0.335 0.035 -0.9065317155 1
0 0.335 0.045 -0.8526482467 2
0 0.335 0.055 -0.7867338831 2
0 0.335 0.065 -0.7097186786 2
0 0.335 0.075 -0.6226893203 2
0 0.335 0.085 -0.5268737953 2
0 0.335 0.095 -0.4236240636 2
0 0.335 0.105 -0.3143969826 2
0 0.335 0.115 -0.2007337498 2
0 0.335 0.125 -0.0842381572 2
0 0.335 0.135 0.03344603856 2
0 0.335 0.145 0.1506583096 1
0 0.335 0.155 0.265744787 1
0 0.335 0.165 0.3770815967 1
0 0.335 0.175 0.4830977727 1
0 0.335 0.185 0.5822974232 1
0 0.335 0.195 0.673280838 1
0 0.335 0.205 0.7547642381 2
0 0.335 0.215 0.8255978901 2
0 0.335 0.225 0.8847823287 2
0 0.335 0.235 0.9314824596 2
0 0.335 0.245 0.9650393424 2
0 0.335 0.255 0.9849794884 2
0 0.335 0.265 0.9910215416 2
0 0.335 0.275 0.9830802482 2
0 0.335 0.285 0.9612676603 2
0 0.335 0.295 0.9258915542 2
0 0.335 0.305 0.8774510878 2
0 0.335 0.315 0.8166297578 2
0 0.335 0.325 0.7442857552 2
0 0.335 0.335 0.661439856 2
0 0.335 0.345 0.5692610189 2
0 0.335 0.355 0.46904989 2
0 0.335 0.365 0.3622204518 2
0 0.335 0.375 0.2502800712 2
0 0.335 0.385 0.1348082305 2
0 0.335 0.395 0.01743424129 2
0 0.335 0.405 0 2
0 0.335 0.415 0 2
0 0.335 0.425 0 2
0 0.335 0.435 0 2
0 0.335 0.445 0 2
0 0.335 0.455 0 2
0 0.335 0.465 0 2
0 0.345 -0.455 0 2
0 0.345 -0.445 0 2
0 0.345 -0.435 0 2
0 0.345 -0.425 0 2
0 0.345 -0.415 0 2
0 0.345 -0.405 0 2
0 0.345 -0.395 0.01742472055 2
0 0.345 -0.385 0.1347346126 2
0 0.345 -0.375 0.2501433948 2
0 0.345 -0.365 0.3620226455 2
0 0.345 -0.355 0.4687937448 2
0 0.345 -0.345 0.5689501489 2
0 0.345 -0.335 0.6610786478 2
0 0.345 -0.325 0.7438793053 2
0 0.345 -0.315 0.8161838014 2
0 0.345 -0.305 0.8769719172 2
0 0.345 -0.295 0.9253859306 2
0 0.345 -0.285 0.960742718 2
0 0.345 -0.275 0.9825433942 2
0 0.345 -0.265 0.9904803509 2
0 0.345 -0.255 0.9844415972 2
0 0.345 -0.245 0.9645123404 2
0 0.345 -0.235 0.9309737828 2
0 0.345 -0.225 0.8842991545 2
0 0.345 -0.215 0.8251470362 2
0 0.345 -0.205 0.7543520661 1
0 0.345 -0.195 0.6729131635 1
0 0.345 -0.185 0.5819794342 1
0 0.345 -0.175 0.482833956 1
0 0.345 -0.165 0.3768756747 1
0 0.345 -0.155 0.2655996654 1
0 0.345 -0.145 0.150576036 1
0 0.345 -0.135 0.03342777388 1
0 0.345 -0.125 -0.08419215526 1
0 0.345 -0.115 -0.2006241303 1
0 0.345 -0.105 -0.3142252923 1
0 0.345 -0.095 -0.4233927252 1
0 0.345 -0.085 -0.5265860727 1
0 0.345 -0.075 -0.6223492735 1
0 0.345 -0.065 -0.7093311057 1
0 0.345 -0.055 -0.7863042526 1
0 0.345 -0.045 -0.8521826208 1
0 0.345 -0.035 -0.9060366642 1
0 0.345 -0.025 -0.9471065005 1
0 0.345 -0.015 -0.974812633 1
0 0.345 -0.005 -0.9887641273 1
0 0.345 0.005 -0.9887641273 1
0 0.345 0.015 -0.974812633 1
0 0.345 0.025 -0.9471065005 1
0 0.345 0.035 -0.9060366642 1
0 0.345 0.045 -0.8521826208 2
0 0.345 0.055 -0.7863042526 2
0 0.345 0.065 -0.7093311057 2
0 0.345 0.075 -0.6223492735 2
0 0.345 0.085 -0.5265860727 2
0 0.345 0.095 -0.4233927252 2
0 0.345 0.105 -0.3142252923 2
0 0.345 0.115 -0.2006241303 2
0 0.345 0.125 -0.08419215526 2
0 0.345 0.135 0.03342777388 1
0 0.345 0.145 0.150576036 1
0 0.345 0.155 0.2655996654 1
0 0.345 0.165 0.3768756747 1
0 0.345 0.175 0.482833956 1
0 0.345 0.185 0.5819794342 1
0 0.345 0.195 0.6729131635 1
0 0.345 0.205 0.7543520661 2
0 0.345 0.215 0.8251470362 2
0 0.345 0.225 0.8842991545 2
0 0.345 0.235 0.9309737828 2
0 0.345 0.245 0.9645123404 2
0 0.345 0.255 0.9844415972 2
0 0.345 0.265 0.9904803509 2
0 0.345 0.275 0.9825433942 2
0 0.345 0.285 0.960742718 2
0 0.345 0.295 0.9253859306 2
0 0.345 0.305 0.8769719172 2
0 0.345 0.315 0.8161838014 2
0 0.345 0.325 0.7438793053 2
0 0.345 0.335 0.6610786478 2
0 0.345 0.345 0.5689501489 2
0 0.345 0.355 0.4687937448 2
0 0.345 0.365 0.3620226455 2
0 0.345 0.375 0.2501433948 2
0 0.345 0.385 0.1347346126 2
0 0.345 0.395 0.01742472055 2
0 0.345 0.405 0 2
0 0.345 0.415 0 2
0 0.345 0.425 0 2
0 0.345 0.435 0 2
0 0.345 0.445 0 2
0 0.345 0.455 0 2
0 0.345 0.465 0 2
0 0.355 -0.455 0 2
0 0.355 -0.445 0 2
0 0.355 -0.435 0 2
0 0.355 -0.425 0 2
0 0.355 -0.415 0 2
0 0.355 -0.405 0 2
0 0.355 -0.395 0.0174149216 2
0 0.355 -0.385 0.1346588433 2
0 0.355 -0.375 0.2500027244 2
0 0.355 -0.365 0.3618190587 2
0 0.355 -0.355 0.4685301143 2
0 0.355 -0.345 0.5686301946 2
0 0.355 -0.335 0.6607068842 2
0 0.355 -0.325 0.743460978 2
0 0.355 -0.315 0.815724813 2
0 0.355 -0.305 0.8764787441 2
0 0.355 -0.295 0.9248655313 2
0 0.355 -0.285 0.9602024356 2
0 0.355 -0.275 0.9819908519 2
0 0.355 -0.265 0.9899233452 2
0 0.355 -0.255 0.9838879875 2
0 0.355 -0.245 0.9639699381 2
0 0.355 -0.235 0.9304502411 2
0 0.355 -0.225 0.8838018608 2
0 0.355 -0.215 0.8246830072 1
0 0.355 -0.205 0.7539278493 1
0 0.355 -0.195 0.6725347447 1
0 0.355 -0.185 0.5816521528 1
0 0.355 -0.175 0.4825624299 1
0 0.355 -0.165 0.3766637353 1
0 0.355 -0.155 0.265450303 1
0 0.355 -0.145 0.1504913582 1
0 0.355 -0.135 0.03340897547 1
0 0.355 -0.125 -0.08414480904 1
0 0.355 -0.115 -0.2005113075 1
0 0.355 -0.105 -0.3140485849 1
0 0.355 -0.095 -0.4231546264 1
0 0.355 -0.085 -0.5262899422 2
0 0.355 -0.075 -0.6219992897 2
0 0.355 -0.065 -0.7089322068 1
0 0.355 -0.055 -0.7858620672 1
0 0.355 -0.045 -0.8517033881 1
0 0.355 -0.035 -0.9055271462 1
0 0.355 -0.025 -0.9465738865 1
0 0.355 -0.015 -0.9742644382 1
0 0.355 -0.005 -0.9882080868 1
0 0.355 0.005 -0.9882080868 1
0 0.355 0.015 -0.9742644382 1
0 0.355 0.025 -0.9465738865 1
0 0.355 0.035 -0.9055271462 1
0 0.355 0.045 -0.8517033881 2
0 0.355 0.055 -0.7858620672 2
0 0.355 0.065 -0.7089322068 2
0 0.355 0.075 -0.6219992897 2
0 0.355 0.085 -0.5262899422 2
0 0.355 0.095 -0.4231546264 2
0 0.355 0.105 -0.3140485849 2
0 0.355 0.115 -0.2005113075 2
0 0.355 0.125 -0.08414480904 1
0 0.355 0.135 0.03340897547 1
0 0.355 0.145 0.1504913582 1
0 0.355 0.155 0.265450303 1
0 0.355 0.165 0.3766637353 1
0 0.355 0.175 0.4825624299 1
0 0.355 0.185 0.5816521528 1
0 0.355 0.195 0.6725347447 1
0 0.355 0.205 0.7539278493 2
0 0.355 0.215 0.8246830072 2
0 0.355 0.225 0.8838018608 2
0 0.355 0.235 0.9304502411 2
0 0.355 0.245 0.9639699381 2
0 0.355 0.255 0.9838879875 2
0 0.355 0.265 0.9899233452 2
0 0.355 0.275 0.9819908519 2
0 0.355 0.285 0.9602024356 2
0 0.355 0.295 0.9248655313 2
0 0.355 0.305 0.8764787441 2
0 0.355 0.315 0.815724813 2
0 0.355 0.325 0.743460978 2
0 0.355 0.335 0.6607068842 2
0 0.355 0.345 0.5686301946 2
0 0.355 0.355 0.4685301143 2
0 0.355 0.365 0.3618190587 2
0 0.355 0.375 0.2500027244 2
0 0.355 0.385 0.1346588433 2
0 0.355 0.395 0.0174149216 2
0 0.355 0.405 0 2
0 0.355 0.415 0 2
0 0.355 0.425 0 2
0 0.355 0.435 0 2
0 0.355 0.445 0 2
0 0.355 0.455 0 2
0 0.355 0.465 0 2
0 0.365 -0.455 0 2
0 0.365 -0.445 0 2
0 0.365 -0.435 0 2
0 0.365 -0.425 0 2
0 0.365 -0.415 0 2
0 0.365 -0.405 0 2
0 0.365 -0.395 0.01740484459 2
0 0.365 -0.385 0.134580924 2
0 0.365 -0.375 0.2498580622 2
0 0.365 -0.365 0.3616096948 2
0 0.365 -0.355 0.4682590029 2
0 0.365 -0.345 0.568301161 2
0 0.365 -0.335 0.6603245711 2
0 0.365 -0.325 0.7430307799 2
0 0.365 -0.315 0.8152527999 2
0 0.365 -0.305 0.8759715762 2
0 0.365 -0.295 0.9243303648 2
0 0.365 -0.285 0.9596468216 2
0 0.365 -0.275 0.9814226303 2
0 0.365 -0.265 0.9893505334 2
0 0.365 -0.255 0.9833186681 1
0 0.365 -0.245 0.9634121441 1
0 0.365 -0.235 0.9299118431 1
0 0.365 -0.225 0.8832904555 1
0 0.365 -0.215 0.8242058105 1
0 0.365 -0.205 0.7534915946 1
0 0.365 -0.195 0.6721455875 1
0 0.365 -0.185 0.5813155841 1
0 0.365 -0.175 0.4822831987 1
0 0.365 -0.165 0.3764457816 1
0 0.365 -0.155 0.2652967022 1
0 0.365 -0.145 0.1504042775 1
0 0.365 -0.135 0.03338964361 1
0 0.365 -0.125 -0.08409611927 2
0 0.365 -0.115 -0.2003952832 2
0 0.365 -0.105 -0.313866863 2
0 0.365 -0.095 -0.4229097711 2
0 0.365 -0.085 -0.5259854085 2
0 0.365 -0.075 -0.6216393745 2
0 0.365 -0.065 -0.7085219885 2
0 0.365 -0.055 -0.785407334 2
0 0.365 -0.045 -0.8512105563 1
0 0.365 -0.035 -0.9050031697 1
0 0.365 -0.025 -0.9460261586 1
0 0.365 -0.015 -0.9737006874 1
0 0.365 -0.005 -0.9876362676 1
0 0.365 0.005 -0.9876362676 1
0 0.365 0.015 -0.9737006874 1
0 0.365 0.025 -0.9460261586 2
0 0.365 0.035 -0.9050031697 2
0 0.365 0.045 -0.8512105563 2
0 0.365 0.055 -0.785407334 2
0 0.365 0.065 -0.7085219885 2
0 0.365 0.075 -0.6216393745 2
0 0.365 0.085 -0.5259854085 2
0 0.365 0.095 -0.4229097711 2
0 0.365 0.105 -0.313866863 2
0 0.365 0.115 -0.2003952832 2
0 0.365 0.125 -0.08409611927 1
0 0.365 0.135 0.03338964361 1
0 0.365 0.145 0.1504042775 1
0 0.365 0.155 0.2652967022 1
0 0.365 0.165 0.3764457816 1
0 0.365 0.175 0.4822831987 1
0 0.365 0.185 0.5813155841 1
0 0.365 0.195 0.6721455875 1
0 0.365 0.205 0.7534915946 2
0 0.365 0.215 0.8242058105 2
0 0.365 0.225 0.8832904555 2
0 0.365 0.235 0.9299118431 2
0 0.365 0.245 0.9634121441 2
0 0.365 0.255 0.9833186681 2
0 0.365 0.265 0.9893505334 2
0 0.365 0.275 0.9814226303 2
0 0.365 0.285 0.9596468216 2
0 0.365 0.295 0.9243303648 2
0 0.365 0.305 0.8759715762 2
0 0.365 0.315 0.8152527999 2
0 0.365 0.325 0.7430307799 2
0 0.365 0.335 0.6603245711 2
0 0.365 0.345 0.568301161 2
0 0.365 0.355 0.4682590029 2
0 0.365 0.365 0.3616096948 2
0 0.365 0.375 0.2498580622 2
0 0.365 0.385 0.134580924 2
0 0.365 0.395 0.01740484459 2
0 0.365 0.405 0 2
0 0.365 0.415 0 2
0 0.365 0.425 0 2
0 0.365 0.435 0 2
0 0.365 0.445 0 2
0 0.365 0.455 0 2
0 0.365 0.465 0 2
0 0.375 -0.455 0 2
0 0.375 -0.445 0 2
0 0.375 -0.435 0 2
0 0.375 -0.425 0 2
0 0.375 -0.415 0 2
0 0.375 -0.405 0 2
0 0.375 -0.395 0.01739448967 2
0 0.375 -0.385 0.1345008558 2
0 0.375 -0.375 0.2497094105 2
0 0.375 -0.365 0.3613945571 2
0 0.375 -0.355 0.4679804148 2
0 0.375 -0.345 0.5679630534 2
0 0.375 -0.335 0.6599317147 2
0 0.375 -0.325 0.7425887178 2
0 0.375 -0.315 0.8147677697 2
0 0.375 -0.305 0.8754504217 2
0 0.375 -0.295 0.9237804395 2
0 0.375 -0.285 0.959075885 2
0 0.375 -0.275 0.9808387383 1
0 0.375 -0.265 0.9887619248 1
0 0.375 -0.255 0.9827336481 1
0 0.375 -0.245 0.9628389673 1
0 0.375 -0.235 0.9293585971 1
0 0.375 -0.225 0.8827649467 1
0 0.375 -0.215 0.8237154538 1
0 0.375 -0.205 0.7530433089 1
0 0.375 -0.195 0.6717456982 1
0 0.375 -0.185 0.5809697336 1
0 0.375 -0.175 0.481996267 1
0 0.375 -0.165 0.3762218173 1
0 0.375 -0.155 0.2651388653 1
0 0.375 -0.145 0.1503147953 1
0 0.375 -0.135 0.03336977863 2
0 0.375 -0.125 -0.08404608675 2
0 0.375 -0.115 -0.2002760591 2
0 0.375 -0.105 -0.3136801296 2
0 0.375 -0.095 -0.4226581633 2
0 0.375 -0.085 -0.5256724764 2
0 0.375 -0.075 -0.6212695336 2
0 0.375 -0.065 -0.7081004573 2
0 0.375 -0.055 -0.7849400603 2
0 0.375 -0.045 -0.8507041333 2
0 0.375 -0.035 -0.904464743 2
0 0.375 -0.025 -0.9454633255 2
0 0.375 -0.015 -0.9731213895 2
0 0.375 -0.005 -0.9870486788 2
0 0.375 0.005 -0.9870486788 2
0 0.375 0.015 -0.9731213895 2
0 0.375 0.025 -0.9454633255 2
0 0.375 0.035 -0.904464743 2
0 0.375 0.045 -0.8507041333 2
0 0.375 0.055 -0.7849400603 2
0 0.375 0.065 -0.7081004573 2
0 0.375 0.075 -0.6212695336 2
0 0.375 0.085 -0.5256724764 2
0 0.375 0.095 -0.4226581633 2
0 0.375 0.105 -0.3136801296 2
0 0.375 0.115 -0.2002760591 1
0 0.375 0.125 -0.08404608675 1
0 0.375 0.135 0.03336977863 1
0 0.375 0.145 0.1503147953 1
0 0.375 0.155 0.2651388653 1
0 0.375 0.165 0.3762218173 1
0 0.375 0.175 0.481996267 1
0 0.375 0.185 0.5809697336 1
0 0.375 0.195 0.6717456982 1
0 0.375 0.205 0.7530433089 2
0 0.375 0.215 0.8237154538 2
0 0.375 0.225 0.8827649467 2
0 0.375 0.235 0.9293585971 2
0 0.375 0.245 0.9628389673 2
0 0.375 0.255 0.9827336481 2
0 0.375 0.265 0.9887619248 2
0 0.375 0.275 0.9808387383 2
0 0.375 0.285 0.959075885 2
0 0.375 0.295 0.9237804395 2
0 0.375 0.305 0.8754504217 2
0 0.375 0.315 0.8147677697 2
0 0.375 0.325 0.7425887178 2
0 0.375 0.335 0.6599317147 2
0 0.375 0.345 0.5679630534 2
0 0.375 0.355 0.4679804148 2
0 0.375 0.365 0.3613945571 2
0 0.375 0.375 0.2497094105 2
0 0.375 0.385 0.1345008558 2
0 0.375 0.395 0.01739448967 2
0 0.375 0.405 0 2
0 0.375 0.415 0 2
0 0.375 0.425 0 2
0 0.375 0.435 0 2
0 0.375 0.445 0 2
0 0.375 0.455 0 2
0 0.375 0.465 0 2
0 0.385 -0.455 0 2
0 0.385 -0.445 0 2
0 0.385 -0.435 0 2
0 0.385 -0.425 0 2
0 0.385 -0.415 0 2
0 0.385 -0.405 0 2
0 0.385 -0.395 0.01738385702 2
0 0.385 -0.385 0.1344186401 2
0 0.385 -0.375 0.2495567717 2
0 0.385 -0.365 0.3611736491 2
0 0.385 -0.355 0.4676943544 2
0 0.385 -0.345 0.5676158771 2
0 0.385 -0.335 0.6595283211 2
0 0.385 -0.325 0.7421347988 2
0 0.385 -0.315 0.8142697302 2
0 0.385 -0.305 0.874915289 2
0 0.385 -0.295 0.9232157643 2
0 0.385 -0.285 0.9584896349 1
0 0.385 -0.275 0.9802391853 1
0 0.385 -0.265 0.9881575286 1
0 0.385 -0.255 0.9821329367 1
0 0.385 -0.245 0.9622504169 1
0 0.385 -0.235 0.9287905122 1
0 0.385 -0.225 0.8822253428 1
0 0.385 -0.215 0.8232119449 1
0 0.385 -0.205 0.7525829994 1
0 0.385 -0.195 0.6713350831 1
0 0.385 -0.185 0.5806146067 1
0 0.385 -0.175 0.4817016392 1
0 0.385 -0.165 0.3759918458 1
0 0.385 -0.155 0.2649767951 1
0 0.385 -0.145 0.1502229131 1
0 0.385 -0.135 0.03334938083 2
0 0.385 -0.125 -0.08399471226 2
0 0.385 -0.115 -0.2001536372 2
0 0.385 -0.105 -0.3134883878 2
0 0.385 -0.095 -0.4223998069 2
0 0.385 -0.085 -0.5253511509 2
0 0.385 -0.075 -0.6208897729 2
0 0.385 -0.065 -0.7076676198 2
0 0.385 -0.055 -0.7844602534 2
0 0.385 -0.045 -0.8501841271 2
0 0.385 -0.035 -0.9039118748 2
0 0.385 -0.025 -0.9448853963 2
0 0.385 -0.015 -0.9725265539 2
0 0.385 -0.005 -0.9864453299 2
0 0.385 0.005 -0.9864453299 2
0 0.385 0.015 -0.9725265539 2
0 0.385 0.025 -0.9448853963 2
0 0.385 0.035 -0.9039118748 2
0 0.385 0.045 -0.8501841271 2
0 0.385 0.055 -0.7844602534 2
0 0.385 0.065 -0.7076676198 2
0 0.385 0.075 -0.6208897729 2
0 0.385 0.085 -0.5253511509 2
0 0.385 0.095 -0.4223998069 2
0 0.385 0.105 -0.3134883878 2
0 0.385 0.115 -0.2001536372 1
0 0.385 0.125 -0.08399471226 1
0 0.385 0.135 0.03334938083 1
0 0.385 0.145 0.1502229131 1
0 0.385 0.155 0.2649767951 1
0 0.385 0.165 0.3759918458 1
0 0.385 0.175 0.4817016392 1
0 0.385 0.185 0.5806146067 1
0 0.385 0.195 0.6713350831 2
0 0.385 0.205 0.7525829994 2
0 0.385 0.215 0.8232119449 2
0 0.385 0.225 0.8822253428 2
0 0.385 0.235 0.9287905122 2
0 0.385 0.245 0.9622504169 2
0 0.385 0.255 0.9821329367 2
0 0.385 0.265 0.9881575286 2
0 0.385 0.275 0.9802391853 2
0 0.385 0.285 0.9584896349 2
0 0.385 0.295 0.9232157643 2
0 0.385 0.305 0.874915289 2
0 0.385 0.315 0.8142697302 2
0 0.385 0.325 0.7421347988 2
0 0.385 0.335 0.6595283211 2
0 0.385 0.345 0.5676158771 2
0 0.385 0.355 0.4676943544 2
0 0.385 0.365 0.3611736491 2
0 0.385 0.375 0.2495567717 2
0 0.385 0.385 0.1344186401 2
0 0.385 0.395 0.01738385702 2
0 0.385 0.405 0 2
0 0.385 0.415 0 2
0 0.385 0.425 0 2
0 0.385 0.435 0 2
0 0.385 0.445 0 2
0 0.385 0.455 0 2
0 0.385 0.465 0 2
0 0.395 -0.455 0 2
0 0.395 -0.445 0 2
0 0.395 -0.435 0 2
0 0.395 -0.425 0 2
0 0.395 -0.415 0 2
0 0.395 -0.405 0 2
0 0.395 -0.395 0.0173729468 2
0 0.395 -0.385 0.1343342781 2
0 0.395 -0.375 0.2494001482 2
0 0.395 -0.365 0.3609469742 2
0 0.395 -0.355 0.4674008264 2
0 0.395 -0.345 0.5672596377 2
0 0.395 -0.335 0.6591143968 2
0 0.395 -0.325 0.7416690302 2
0 0.395 -0.315 0.8137586893 2
0 0.395 -0.305 0.8743661865 2
0 0.395 -0.295 0.9226363481 2
0 0.395 -0.285 0.9578880806 1
0 0.395 -0.275 0.9796239808 1
0 0.395 -0.265 0.9875373545 1
0 0.395 -0.255 0.9815165438 1
0 0.395 -0.245 0.9616465024 1
0 0.395 -0.235 0.9282075972 1
0 0.395 -0.225 0.8816716525 1
0 0.395 -0.215 0.8226952917 1
0 0.395 -0.205 0.7521106734 1
0 0.395 -0.195 0.6709137489 1
0 0.395 -0.185 0.5802502093 1
0 0.395 -0.175 0.4813993202 2
0 0.395 -0.165 0.3757558709 2
0 0.395 -0.155 0.2648104939 2
0 0.395 -0.145 0.1501286322 2
0 0.395 -0.135 0.03332845054 2
0 0.395 -0.125 -0.08394199664 2
0 0.395 -0.115 -0.2000280195 2
0 0.395 -0.105 -0.3132916404 2
0 0.395 -0.095 -0.422134706 2
0 0.395 -0.085 -0.5250214371 2
0 0.395 -0.075 -0.6205000984 2
0 0.395 -0.065 -0.707223483 2
0 0.395 -0.055 -0.7839679211 2
0 0.395 -0.045 -0.849650546 2
0 0.395 -0.035 -0.9033445739 2
0 0.395 -0.025 -0.9442923801 2
0 0.395 -0.015 -0.9719161899 2
0 0.395 -0.005 -0.9858262304 2
0 0.395 0.005 -0.9858262304 2
0 0.395 0.015 -0.9719161899 2
0 0.395 0.025 -0.9442923801 2
0 0.395 0.035 -0.9033445739 2
0 0.395 0.045 -0.849650546 2
0 0.395 0.055 -0.7839679211 2
0 0.395 0.065 -0.707223483 2
0 0.395 0.075 -0.6205000984 2
0 0.395 0.085 -0.5250214371 2
0 0.395 0.095 -0.422134706 2
0 0.395 0.105 -0.3132916404 2
0 0.395 0.115 -0.2000280195 1
0 0.395 0.125 -0.08394199664 1
0 0.395 0.135 0.03332845054 1
0 0.395 0.145 0.1501286322 1
0 0.395 0.155 0.2648104939 1
0 0.395 0.165 0.3757558709 1
0 0.395 0.175 0.4813993202 1
0 0.395 0.185 0.5802502093 1
0 0.395 0.195 0.6709137489 2
0 0.395 0.205 0.7521106734 2
0 0.395 0.215 0.8226952917 2
0 0.395 0.225 0.8816716525 2
0 0.395 0.235 0.9282075972 2
0 0.395 0.245 0.9616465024 2
0 0.395 0.255 0.9815165438 2
0 0.395 0.265 0.9875373545 2
0 0.395 0.275 0.9796239808 2
0 0.395 0.285 0.9578880806 2
0 0.395 0.295 0.9226363481 2
0 0.395 0.305 0.8743661865 2
0 0.395 0.315 0.8137586893 2
0 0.395 0.325 0.7416690302 2
0 0.395 0.335 0.6591143968 2
0 0.395 0.345 0.5672596377 2
0 0.395 0.355 0.4674008264 2
0 0.395 0.365 0.3609469742 2
0 0.395 0.375 0.2494001482 2
0 0.395 0.385 0.1343342781 2
0 0.395 0.395 0.0173729468 2
0 0.395 0.405 0 2
0 0.395 0.415 0 2
0 0.395 0.425 0 2
0 0.395 0.435 0 2
0 0.395 0.445 0 2
0 0.395 0.455 0 2
0 0.395 0.465 0 2
0 0.405 -0.455 0 2
0 0.405 -0.445 0 2
0 0.405 -0.435 0 1
0 0.405 -0.425 0 1
0 0.405 -0.415 0 1
0 0.405 -0.405 0 1
0 0.405 -0.395 0.01736175918 2
0 0.405 -0.385 0.1342477711 2
0 0.405 -0.375 0.2492395426 2
0 0.405 -0.365 0.360714536 2
0 0.405 -0.355 0.4670998355 2
0 0.405 -0.345 0.5668943409 2
0 0.405 -0.335 0.6586899486 2
0 0.405 -0.325 0.7411914194 2
0 0.405 -0.315 0.8132346551 2
0 0.405 -0.305 0.873803123 2
0 0.405 -0.295 0.9220422002 2
0 0.405 -0.285 0.9572712318 1
0 0.405 -0.275 0.9789931348 1
0 0.405 -0.265 0.9869014125 1
0 0.405 -0.255 0.980884479 1
0 0.405 -0.245 0.9610272332 1
0 0.405 -0.235 0.9276098617 1
0 0.405 -0.225 0.8811038845 1
0 0.405 -0.215 0.8221655027 1
0 0.405 -0.205 0.7516263386 1
0 0.405 -0.195 0.6704817022 1
0 0.405 -0.185 0.579876547 1
0 0.405 -0.175 0.4810893146 2
0 0.405 -0.165 0.3755138963 2
0 0.405 -0.155 0.2646399646 2
0 0.405 -0.145 0.1500319542 2
0 0.405 -0.135 0.0333069881 2
0 0.405 -0.125 -0.08388794072 2
0 0.405 -0.115 -0.1998992079 2
0 0.405 -0.105 -0.3130898908 2
0 0.405 -0.095 -0.421862865 2
0 0.405 -0.085 -0.5246833403 2
0 0.405 -0.075 -0.6201005165 2
0 0.405 -0.065 -0.706768054 2
0 0.405 -0.055 -0.7834630712 2
0 0.405 -0.045 -0.8491033986 2
0 0.405 -0.035 -0.9027628493 2
0 0.405 -0.025 -0.9436842865 2
0 0.405 -0.015 -0.9712903074 2
0 0.405 -0.005 -0.9851913903 2
0 0.405 0.005 -0.9851913903 2
0 0.405 0.015 -0.9712903074 2
0 0.405 0.025 -0.9436842865 2
0 0.405 0.035 -0.9027628493 2
0 0.405 0.045 -0.8491033986 2
0 0.405 0.055 -0.7834630712 2
0 0.405 0.065 -0.706768054 2
0 0.405 0.075 -0.6201005165 2
0 0.405 0.085 -0.5246833403 2
0 0.405 0.095 -0.421862865 2
0 0.405 0.105 -0.3130898908 2
0 0.405 0.115 -0.1998992079 1
0 0.405 0.125 -0.08388794072 1
0 0.405 0.135 0.0333069881 1
0 0.405 0.145 0.1500319542 1
0 0.405 0.155 0.2646399646 1
0 0.405 0.165 0.3755138963 1
0 0.405 0.175 0.4810893146 1
0 0.405 0.185 0.579876547 2
0 0.405 0.195 0.6704817022 2
0 0.405 0.205 0.7516263386 2
0 0.405 0.215 0.8221655027 2
0 0.405 0.225 0.8811038845 2
0 0.405 0.235 0.9276098617 2
0 0.405 0.245 0.9610272332 2
0 0.405 0.255 0.980884479 2
0 0.405 0.265 0.9869014125 2
0 0.405 0.275 0.9789931348 2
0 0.405 0.285 0.9572712318 2
0 0.405 0.295 0.9220422002 2
0 0.405 0.305 0.873803123 2
0 0.405 0.315 0.8132346551 2
0 0.405 0.325 0.7411914194 2
0 0.405 0.335 0.6586899486 2
0 0.405 0.345 0.5668943409 2
0 0.405 0.355 0.4670998355 2
0 0.405 0.365 0.360714536 2
0 0.405 0.375 0.2492395426 2
0 0.405 0.385 0.1342477711 2
0 0.405 0.395 0.01736175918 2
0 0.405 0.405 0 2
0 0.405 0.415 0 2
0 0.405 0.425 0 2
0 0.405 0.435 0 2
0 0.405 0.445 0 2
0 0.405 0.455 0 2
0 0.405 0.465 0 2
0 0.415 -0.455 0 2
0 0.415 -0.445 0 2
0 0.415 -0.435 0 1
0 0.415 -0.425 0 1
0 0.415 -0.415 0 1
0 0.415 -0.405 0 1
0 0.415 -0.395 0.01735029436 1
0 0.415 -0.385 0.1341591207 2
0 0.415 -0.375 0.2490749574 2
0 0.415 -0.365 0.3604763384 2
0 0.415 -0.355 0.4667913863 2
0 0.415 -0.345 0.5665199925 2
0 0.415 -0.335 0.658254983 2
0 0.415 -0.325 0.7407019741 2
0 0.415 -0.315 0.812697636 2
0 0.415 -0.305 0.8732261076 2
0 0.415 -0.295 0.9214333302 2
0 0.415 -0.285 0.9566390982 1
0 0.415 -0.275 0.9783466572 1
0 0.415 -0.265 0.9862497127 1
0 0.415 -0.255 0.9802367524 1
0 0.415 -0.245 0.9603926194 1
0 0.415 -0.235 0.926997315 1
0 0.415 -0.225 0.880522048 1
0 0.415 -0.215 0.8216225861 1
0 0.415 -0.205 0.7511300025 1
0 0.415 -0.195 0.6700389499 1
0 0.415 -0.185 0.5794936258 2
0 0.415 -0.175 0.4807716276 2
0 0.415 -0.165 0.3752659259 2
0 0.415 -0.155 0.2644652097 2
0 0.415 -0.145 0.1499328807 2
0 0.415 -0.135 0.03328499385 2
0 0.415 -0.125 -0.08383254536 2
0 0.415 -0.115 -0.1997672046 2
0 0.415 -0.105 -0.312883142 2
0 0.415 -0.095 -0.4215842881 2
0 0.415 -0.085 -0.524336866 2
0 0.415 -0.075 -0.6196910335 2
0 0.415 -0.065 -0.7063013401 2
0 0.415 -0.055 -0.7829457117 2
0 0.415 -0.045 -0.8485426936 2
0 0.415 -0.035 -0.9021667103 2
0 0.415 -0.025 -0.9430611251 2
0 0.415 -0.015 -0.9706489164 2
0 0.415 -0.005 -0.9845408197 2
0 0.415 0.005 -0.9845408197 2
0 0.415 0.015 -0.9706489164 2
0 0.415 0.025 -0.9430611251 2
0 0.415 0.035 -0.9021667103 2
0 0.415 0.045 -0.8485426936 2
0 0.415 0.055 -0.7829457117 2
0 0.415 0.065 -0.7063013401 2
0 0.415 0.075 -0.6196910335 2
0 0.415 0.085 -0.524336866 2
0 0.415 0.095 -0.4215842881 2
0 0.415 0.105 -0.312883142 2
0 0.415 0.115 -0.1997672046 1
0 0.415 0.125 -0.08383254536 1
0 0.415 0.135 0.03328499385 1
0 0.415 0.145 0.1499328807 1
0 0.415 0.155 0.2644652097 1
0 0.415 0.165 0.3752659259 1
0 0.415 0.175 0.4807716276 2
0 0.415 0.185 0.5794936258 2
0 0.415 0.195 0.6700389499 2
0 0.415 0.205 0.7511300025 2
0 0.415 0.215 0.8216225861 2
0 0.415 0.225 0.880522048 2
0 0.415 0.235 0.926997315 2
0 0.415 0.245 0.9603926194 2
0 0.415 0.255 0.9802367524 2
0 0.415 0.265 0.9862497127 2
0 0.415 0.275 0.9783466572 2
0 0.415 0.285 0.9566390982 2
0 0.415 0.295 0.9214333302 2
0 0.415 0.305 0.8732261076 2
0 0.415 0.315 0.812697636 2
0 0.415 0.325 0.7407019741 2
0 0.415 0.335 0.658254983 2
0 0.415 0.345 0.5665199925 2
0 0.415 0.355 0.4667913863 2
0 0.415 0.365 0.3604763384 2
0 0.415 0.375 0.2490749574 2
0 0.415 0.385 0.1341591207 2
0 0.415 0.395 0.01735029436 2
0 0.415 0.405 0 2
0 0.415 0.415 0 2
0 0.415 0.425 0 2
0 0.415 0.435 0 2
0 0.415 0.445 0 2
0 0.415 0.455 0 2
0 0.415 0.465 0 2
0 0.425 -0.455 0 1
0 0.425 -0.445 0 1
0 0.425 -0.435 0 1
0 0.425 -0.425 0 1
0 0.425 -0.415 0 1
0 0.425 -0.405 0 1
0 0.425 -0.395 0.0173385525 1
0 0.425 -0.385 0.1340683281 1
0 0.425 -0.375 0.2489063953 2
0 0.425 -0.365 0.360232385 2
0 0.425 -0.355 0.466475484 2
0 0.425 -0.345 0.5661365985 2
0 0.425 -0.335 0.6578095071 2
0 0.425 -0.325 0.740200702 2
0 0.425 -0.315 0.8121476406 2
0 0.425 -0.305 0.8726351494 2
0 0.425 -0.295 0.9208097476 2
0 0.425 -0.285 0.95599169 2
0 0.425 -0.275 0.9776845584 1
0 0.425 -0.265 0.9855822655 1
0 0.425 -0.255 0.9795733745 1
0 0.425 -0.245 0.959742671 1
0 0.425 -0.235 0.926369967 1
0 0.425 -0.225 0.8799261523 1
0 0.425 -0.215 0.8210665507 1
0 0.425 -0.205 0.7506216732 2
0 0.425 -0.195 0.6695854992 2
0 0.425 -0.185 0.5791014519 2
0 0.425 -0.175 0.480446264 2
0 0.425 -0.165 0.3750119636 2
0 0.425 -0.155 0.2642862321 2
0 0.425 -0.145 0.1498314132 2
0 0.425 -0.135 0.03326246814 2
0 0.425 -0.125 -0.08377581145 2
0 0.425 -0.115 -0.1996320116 2
0 0.425 -0.105 -0.3126713975 2
0 0.425 -0.095 -0.4212989797 2
0 0.425 -0.085 -0.5239820195 2
0 0.425 -0.075 -0.6192716558 2
0 0.425 -0.065 -0.7058233487 2
0 0.425 -0.055 -0.782415851 2
0 0.425 -0.045 -0.84796844 2
0 0.425 -0.035 -0.9015561665 2
0 0.425 -0.025 -0.9424229058 2
0 0.425 -0.015 -0.969992027 2
0 0.425 -0.005 -0.9838745289 2
0 0.425 0.005 -0.9838745289 2
0 0.425 0.015 -0.969992027 2
0 0.425 0.025 -0.9424229058 2
0 0.425 0.035 -0.9015561665 2
0 0.425 0.045 -0.84796844 2
0 0.425 0.055 -0.782415851 2
0 0.425 0.065 -0.7058233487 2
0 0.425 0.075 -0.6192716558 2
0 0.425 0.085 -0.5239820195 2
0 0.425 0.095 -0.4212989797 2
0 0.425 0.105 -0.3126713975 2
0 0.425 0.115 -0.1996320116 2
0 0.425 0.125 -0.08377581145 1
0 0.425 0.135 0.03326246814 1
0 0.425 0.145 0.1498314132 1
0 0.425 0.155 0.2642862321 2
0 0.425 0.165 0.3750119636 2
0 0.425 0.175 0.480446264 2
0 0.425 0.185 0.5791014519 2
0 0.425 0.195 0.6695854992 2
0 0.425 0.205 0.7506216732 2
0 0.425 0.215 0.8210665507 2
0 0.425 0.225 0.8799261523 2
0 0.425 0.235 0.926369967 2
0 0.425 0.245 0.959742671 2
0 0.425 0.255 0.9795733745 2
0 0.425 0.265 0.9855822655 2
0 0.425 0.275 0.9776845584 2
0 0.425 0.285 0.95599169 2
0 0.425 0.295 0.9208097476 2
0 0.425 0.305 0.8726351494 2
0 0.425 0.315 0.8121476406 2
0 0.425 0.325 0.740200702 2
0 0.425 0.335 0.6578095071 2
0 0.425 0.345 0.5661365985 2
0 0.425 0.355 0.466475484 2
0 0.425 0.365 0.360232385 2
0 0.425 0.375 0.2489063953 2
0 0.425 0.385 0.1340683281 2
0 0.425 0.395 0.0173385525 2
0 0.425 0.405 0 2
0 0.425 0.415 0 2
0 0.425 0.425 0 2
0 0.425 0.435 0 2
0 0.425 0.445 0 2
0 0.425 0.455 0 2
0 0.425 0.465 0 2
0 0.435 -0.455 0 1
0 0.435 -0.445 0 1
0 0.435 -0.435 0 1
0 0.435 -0.425 0 1
0 0.435 -0.415 0 1
0 0.435 -0.405 0 1
0 0.435 -0.395 0.01732653379 1
0 0.435 -0.385 0.1339753949 1
0 0.435 -0.375 0.2487338588 1
0 0.435 -0.365 0.3599826798 1
0 0.435 -0.355 0.4661521334 1
0 0.435 -0.345 0.5657441651 1
0 0.435 -0.335 0.657353528 1
0 0.435 -0.325 0.7396876111 1
0 0.435 -0.315 0.8115846777 1
0 0.435 -0.305 0.8720302579 2
0 0.435 -0.295 0.9201714625 2
0 0.435 -0.285 0.9553290176 2
0 0.435 -0.275 0.9770068489 2
0 0.435 -0.265 0.9848990815 2
0 0.435 -0.255 0.9788943557 1
0 0.435 -0.245 0.9590773985 2
0 0.435 -0.235 0.9257278277 2
0 0.435 -0.225 0.8793162068 2
0 0.435 -0.215 0.8204974054 2
0 0.435 -0.205 0.7501013587 2
0 0.435 -0.195 0.6691213572 2
0 0.435 -0.185 0.5787000315 2
0 0.435 -0.175 0.4801132292 2
0 0.435 -0.165 0.3747520136 2
0 0.435 -0.155 0.2641030347 2
0 0.435 -0.145 0.1497275534 2
0 0.435 -0.135 0.03323941133 2
0 0.435 -0.125 -0.0837177399 2
0 0.435 -0.115 -0.1994936311 2
0 0.435 -0.105 -0.3124546606 2
0 0.435 -0.095 -0.4210069445 2
0 0.435 -0.085 -0.5236188067 2
0 0.435 -0.075 -0.6188423903 2
0 0.435 -0.065 -0.7053340875 2
0 0.435 -0.055 -0.7818734976 2
0 0.435 -0.045 -0.8473806469 2
0 0.435 -0.035 -0.9009312275 2
0 0.435 -0.025 -0.941769639 2
0 0.435 -0.015 -0.9693196499 2
0 0.435 -0.005 -0.9831925287 2
0 0.435 0.005 -0.9831925287 2
0 0.435 0.015 -0.9693196499 2
0 0.435 0.025 -0.941769639 2
0 0.435 0.035 -0.9009312275 2
0 0.435 0.045 -0.8473806469 2
0 0.435 0.055 -0.7818734976 2
0 0.435 0.065 -0.7053340875 2
0 0.435 0.075 -0.6188423903 2
0 0.435 0.085 -0.5236188067 2
0 0.435 0.095 -0.4210069445 2
0 0.435 0.105 -0.3124546606 2
0 0.435 0.115 -0.1994936311 2
0 0.435 0.125 -0.0837177399 2
0 0.435 0.135 0.03323941133 2
0 0.435 0.145 0.1497275534 2
0 0.435 0.155 0.2641030347 2
0 0.435 0.165 0.3747520136 2
0 0.435 0.175 0.4801132292 2
0 0.435 0.185 0.5787000315 2
0 0.435 0.195 0.6691213572 2
0 0.435 0.205 0.7501013587 2
0 0.435 0.215 0.8204974054 2
0 0.435 0.225 0.8793162068 2
0 0.435 0.235 0.9257278277 2
0 0.435 0.245 0.9590773985 2
0 0.435 0.255 0.9788943557 2
0 0.435 0.265 0.9848990815 2
0 0.435 0.275 0.9770068489 2
0 0.435 0.285 0.9553290176 2
0 0.435 0.295 0.9201714625 2
0 0.435 0.305 0.8720302579 2
0 0.435 0.315 0.8115846777 2
0 0.435 0.325 0.7396876111 2
0 0.435 0.335 0.657353528 2
0 0.435 0.345 0.5657441651 2
0 0.435 0.355 0.4661521334 2
0 0.435 0.365 0.3599826798 2
0 0.435 0.375 0.2487338588 2
0 0.435 0.385 0.1339753949 2
0 0.435 0.395 0.01732653379 2
0 0.435 0.405 0 2
0 0.435 0.415 0 2
0 0.435 0.425 0 2
0 0.435 0.435 0 2
0 0.435 0.445 0 2
0 0.435 0.455 0 2
0 0.435 0.465 0 2
0 0.445 -0.455 0 1
0 0.445 -0.445 0 1
0 0.445 -0.435 0 1
0 0.445 -0.425 0 1
0 0.445 -0.415 0 1
0 0.445 -0.405 0 1
0 0.445 -0.395 0.01731423844 1
0 0.445 -0.385 0.1338803225 1
0 0.445 -0.375 0.2485573509 1
0 0.445 -0.365 0.3597272268 1
0 0.445 -0.355 0.4658213398 1
0 0.445 -0.345 0.5653426984 1
0 0.445 -0.335 0.656887053 1
0 0.445 -0.325 0.7391627096 1
0 0.445 -0.315 0.8110087562 1
0 0.445 -0.305 0.8714114427 1
0 0.445 -0.295 0.9195184851 1
0 0.445 -0.285 0.9546510914 2
0 0.445 -0.275 0.9763135396 2
0 0.445 -0.265 0.9842001717 2
0 0.445 -0.255 0.978199707 2
0 0.445 -0.245 0.9583968124 2
0 0.445 -0.235 0.9250709073 2
0 0.445 -0.225 0.8786922213 2
0 0.445 -0.215 0.8199151593 2
0 0.445 -0.205 0.7495690674 2
0 0.445 -0.195 0.6686465315 2
0 0.445 -0.185 0.578289371 2
0 0.445 -0.175 0.4797725285 2
0 0.445 -0.165 0.3744860799 2
0 0.445 -0.155 0.2639156204 2
0 0.445 -0.145 0.1496213028 2
0 0.445 -0.135 0.03321582378 2
0 0.445 -0.125 -0.08365833163 2
0 0.445 -0.115 -0.1993520652 2
0 0.445 -0.105 -0.3122329347 2
0 0.445 -0.095 -0.4207081871 2
0 0.445 -0.085 -0.5232472333 2
0 0.445 -0.075 -0.6184032438 2
0 0.445 -0.065 -0.7048335642 2
0 0.445 -0.055 -0.7813186599 2
0 0.445 -0.045 -0.8467793237 2
0 0.445 -0.035 -0.9002919035 2
0 0.445 -0.025 -0.9411013349 2
0 0.445 -0.015 -0.9686317956 2
0 0.445 -0.005 -0.9824948299 2
0 0.445 0.005 -0.9824948299 2
0 0.445 0.015 -0.9686317956 2
0 0.445 0.025 -0.9411013349 2
0 0.445 0.035 -0.9002919035 2
0 0.445 0.045 -0.8467793237 2
0 0.445 0.055 -0.7813186599 2
0 0.445 0.065 -0.7048335642 2
0 0.445 0.075 -0.6184032438 2
0 0.445 0.085 -0.5232472333 2
0 0.445 0.095 -0.4207081871 2
0 0.445 0.105 -0.3122329347 2
0 0.445 0.115 -0.1993520652 2
0 0.445 0.125 -0.08365833163 2
0 0.445 0.135 0.03321582378 2
0 0.445 0.145 0.1496213028 2
0 0.445 0.155 0.2639156204 2
0 0.445 0.165 0.3744860799 2
0 0.445 0.175 0.4797725285 2
0 0.445 0.185 0.578289371 2
0 0.445 0.195 0.6686465315 2
0 0.445 0.205 0.7495690674 2
0 0.445 0.215 0.8199151593 2
0 0.445 0.225 0.8786922213 2
0 0.445 0.235 0.9250709073 2
0 0.445 0.245 0.9583968124 2
0 0.445 0.255 0.978199707 2
0 0.445 0.265 0.9842001717 2
0 0.445 0.275 0.9763135396 2
0 0.445 0.285 0.9546510914 2
0 0.445 0.295 0.9195184851 2
0 0.445 0.305 0.8714114427 2
0 0.445 0.315 0.8110087562 2
0 0.445 0.325 0.7391627096 2
0 0.445 0.335 0.656887053 2
0 0.445 0.345 0.5653426984 2
0 0.445 0.355 0.4658213398 2
0 0.445 0.365 0.3597272268 2
0 0.445 0.375 0.2485573509 2
0 0.445 0.385 0.1338803225 2
0 0.445 0.395 0.01731423844 2
0 0.445 0.405 0 2
0 0.445 0.415 0 2
0 0.445 0.425 0 2
0 0.445 0.435 0 2
0 0.445 0.445 0 2
0 0.445 0.455 0 2
0 0.445 0.465 0 2
0 0.455 -0.455 0 1
0 0.455 -0.445 0 1
0 0.455 -0.435 0 1
0 0.455 -0.425 0 1
0 0.455 -0.415 0 1
0 0.455 -0.405 0 1
0 0.455 -0.395 0.01730166662 1
0 0.455 -0.385 0.1337831125 1
0 0.455 -0.375 0.2483768742 1
0 0.455 -0.365 0.3594660301 1
0 0.455 -0.355 0.4654831085 1
0 0.455 -0.345 0.5649322049 1
0 0.455 -0.335 0.6564100894 1
0 0.455 -0.325 0.738626006 1
0 0.455 -0.315 0.8104198855 1
0 0.455 -0.305 0.8707787137 1
0 0.455 -0.295 0.9188508257 1
0 0.455 -0.285 0.9539579224 1
0 0.455 -0.275 0.9756046415 2
0 0.455 -0.265 0.9834855471 2
0 0.455 -0.255 0.9774894394 2
0 0.455 -0.245 0.9577009236 2
0 0.455 -0.235 0.9243992163 2
0 0.455 -0.225 0.8780542058 2
0 0.455 -0.215 0.8193198216 2
0 0.455 -0.205 0.7490248078 2
0 0.455 -0.195 0.6681610294 2
0 0.455 -0.185 0.577869477 2
0 0.455 -0.175 0.4794241672 2
0 0.455 -0.165 0.3742141668 2
0 0.455 -0.155 0.2637239921 2
0 0.455 -0.145 0.1495126633 2
0 0.455 -0.135 0.03319170588 2
0 0.455 -0.125 -0.08359758759 2
0 0.455 -0.115 -0.1992073164 2
0 0.455 -0.105 -0.3120062233 2
0 0.455 -0.095 -0.4204027123 2
0 0.455 -0.085 -0.5228673052 2
0 0.455 -0.075 -0.6179542232 2
0 0.455 -0.065 -0.7043217869 2
0 0.455 -0.055 -0.780751347 2
0 0.455 -0.045 -0.84616448 2
0 0.455 -0.035 -0.8996382045 2
0 0.455 -0.025 -0.9404180043 2
0 0.455 -0.015 -0.9679284753 2
0 0.455 -0.005 -0.9817814436 2
0 0.455 0.005 -0.9817814436 2
0 0.455 0.015 -0.9679284753 2
0 0.455 0.025 -0.9404180043 2
0 0.455 0.035 -0.8996382045 2
0 0.455 0.045 -0.84616448 2
0 0.455 0.055 -0.780751347 2
0 0.455 0.065 -0.7043217869 2
0 0.455 0.075 -0.6179542232 2
0 0.455 0.085 -0.5228673052 2
0 0.455 0.095 -0.4204027123 2
0 0.455 0.105 -0.3120062233 2
0 0.455 0.115 -0.1992073164 2
0 0.455 0.125 -0.08359758759 2
0 0.455 0.135 0.03319170588 2
0 0.455 0.145 0.1495126633 2
0 0.455 0.155 0.2637239921 2
0 0.455 0.165 0.3742141668 2
0 0.455 0.175 0.4794241672 2
0 0.455 0.185 0.577869477 2
0 0.455 0.195 0.6681610294 2
0 0.455 0.205 0.7490248078 2
0 0.455 0.215 0.8193198216 2
0 0.455 0.225 0.8780542058 2
0 0.455 0.235 0.9243992163 2
0 0.455 0.245 0.9577009236 2
0 0.455 0.255 0.9774894394 2
0 0.455 0.265 0.9834855471 2
0 0.455 0.275 0.9756046415 2
0 0.455 0.285 0.9539579224 2
0 0.455 0.295 0.9188508257 2
0 0.455 0.305 0.8707787137 2
0 0.455 0.315 0.8104198855 2
0 0.455 0.325 0.738626006 2
0 0.455 0.335 0.6564100894 2
0 0.455 0.345 0.5649322049 2
0 0.455 0.355 0.4654831085 2
0 0.455 0.365 0.3594660301 2
0 0.455 0.375 0.2483768742 2
0 0.455 0.385 0.1337831125 2
0 0.455 0.395 0.01730166662 2
0 0.455 0.405 0 2
0 0.455 0.415 0 2
0 0.455 0.425 0 2
0 0.455 0.435 0 2
0 0.455 0.445 0 2
0 0.455 0.455 0 2
0 0.455 0.465 0 2
0 0.465 -0.455 0 1
0 0.465 -0.445 0 1
0 0.465 -0.435 0 1
0 0.465 -0.425 0 1
0 0.465 -0.415 0 1
0 0.465 -0.405 0 1
0 0.465 -0.395 0.01728881856 1
0 0.465 -0.385 0.1336837663 1
0 0.465 -0.375 0.2481924317 1
0 0.465 -0.365 0.3591990937 1
0 0.465 -0.355 0.4651374448 1
0 0.465 -0.345 0.5645126912 1
0 0.465 -0.335 0.655922645 1
0 0.465 -0.325 0.7380775088 1
0 0.465 -0.315 0.8098180747 1
0 0.465 -0.305 0.870132081 1
0 0.465 -0.295 0.9181684951 1
0 0.465 -0.285 0.9532495216 1
0 0.465 -0.275 0.9748801661 2
0 0.465 -0.265 0.9827552194 2
0 0.465 -0.255 0.9767635643 2
0 0.465 -0.245 0.9569897433 2
0 0.465 -0.235 0.9237127655 2
0 0.465 -0.225 0.8774021704 2
0 0.465 -0.215 0.8187114018 2
0 0.465 -0.205 0.7484685885 2
0 0.465 -0.195 0.6676648589 2
0 0.465 -0.185 0.5774403561 2
0 0.465 -0.175 0.479068151 2
0 0.465 -0.165 0.3739362786 2
0 0.465 -0.155 0.263528153 2
0 0.465 -0.145 0.1494016365 2
0 0.465 -0.135 0.03316705801 2
0 0.465 -0.125 -0.08353550875 2
0 0.465 -0.115 -0.1990593867 2
0 0.465 -0.105 -0.3117745302 2
0 0.465 -0.095 -0.4200905249 2
0 0.465 -0.085 -0.5224790285 2
0 0.465 -0.075 -0.6174953358 2
0 0.465 -0.065 -0.7037987637 2
0 0.465 -0.055 -0.7801715679 2
0 0.465 -0.045 -0.8455361257 2
0 0.465 -0.035 -0.898970141 2
0 0.465 -0.025 -0.9397196581 2
0 0.465 -0.015 -0.9672097 2
0 0.465 -0.005 -0.9810523813 2
0 0.465 0.005 -0.9810523813 2
0 0.465 0.015 -0.9672097 2
0 0.465 0.025 -0.9397196581 2
0 0.465 0.035 -0.898970141 1
0 0.465 0.045 -0.8455361257 1
0 0.465 0.055 -0.7801715679 1
0 0.465 0.065 -0.7037987637 1
0 0.465 0.075 -0.6174953358 2
0 0.465 0.085 -0.5224790285 2
0 0.465 0.095 -0.4200905249 2
0 0.465 0.105 -0.3117745302 2
0 0.465 0.115 -0.1990593867 2
0 0.465 0.125 -0.08353550875 2
0 0.465 0.135 0.03316705801 2
0 0.465 0.145 0.1494016365 2
0 0.465 0.155 0.263528153 2
0 0.465 0.165 0.3739362786 2
0 0.465 0.175 0.479068151 2
0 0.465 0.185 0.5774403561 2
0 0.465 0.195 0.6676648589 2
0 0.465 0.205 0.7484685885 2
0 0.465 0.215 0.8187114018 2
0 0.465 0.225 0.8774021704 2
0 0.465 0.235 0.9237127655 2
0 0.465 0.245 0.9569897433 2
0 0.465 0.255 0.9767635643 2
0 0.465 0.265 0.9827552194 2
0 0.465 0.275 0.9748801661 2
0 0.465 0.285 0.9532495216 2
0 0.465 0.295 0.9181684951 2
0 0.465 0.305 0.870132081 2
0 0.465 0.315 0.8098180747 2
0 0.465 0.325 0.7380775088 2
0 0.465 0.335 0.655922645 2
0 0.465 0.345 0.5645126912 2
0 0.465 0.355 0.4651374448 2
0 0.465 0.365 0.3591990937 2
0 0.465 0.375 0.2481924317 2
0 0.465 0.385 0.1336837663 2
0 0.465 0.395 0.01728881856 2
0 0.465 0.405 0 2
0 0.465 0.415 0 2
0 0.465 0.425 0 2
0 0.465 0.435 0 2
0 0.465 0.445 0 2
0 0.465 0.455 0 2
0 0.465 0.465 0 2
0 0.475 -0.455 0 1
0 0.475 -0.445 0 1
0 0.475 -0.435 0 1
0 0.475 -0.425 0 1
0 0.475 -0.415 0 1
0 0.475 -0.405 0 1
0 0.475 -0.395 0.01727569444 1
0 0.475 -0.385 0.1335822856 1
0 0.475 -0.375 0.2480040263 1
0 0.475 -0.365 0.3589264221 1
0 0.475 -0.355 0.4647843542 1
0 0.475 -0.345 0.5640841639 1
0 0.475 -0.335 0.6554247275 1
0 0.475 -0.325 0.7375172267 1
0 0.475 -0.315 0.8092033337 1
0 0.475 -0.305 0.869471555 1
0 0.475 -0.295 0.9174715042 1
0 0.475 -0.285 0.9525259003 1
0 0.475 -0.275 0.9741401247 2
0 0.475 -0.265 0.9820092 2
0 0.475 -0.255 0.9760220932 1
0 0.475 -0.245 0.9562632827 1
0 0.475 -0.235 0.9230115659 1
0 0.475 -0.225 0.8767361256 1
0 0.475 -0.215 0.8180899098 2
0 0.475 -0.205 0.7479004185 2
0 0.475 -0.195 0.6671580277 2
0 0.475 -0.185 0.5770020153 2
0 0.475 -0.175 0.4787044856 2
0 0.475 -0.165 0.3736524198 2
0 0.475 -0.155 0.2633281061 2
0 0.475 -0.145 0.1492882242 2
0 0.475 -0.135 0.03314188056 2
0 0.475 -0.125 -0.0834720961 2
0 0.475 -0.115 -0.1989082788 2
0 0.475 -0.105 -0.3115378591 2
0 0.475 -0.095 -0.41977163 2
0 0.475 -0.085 -0.5220824094 2
0 0.475 -0.075 -0.6170265889 2
0 0.475 -0.065 -0.7032645029 2
0 0.475 -0.055 -0.7795793318 2
0 0.475 -0.045 -0.8448942707 2
0 0.475 -0.035 -0.8982877237 2
0 0.475 -0.025 -0.9390063075 2
0 0.475 -0.015 -0.9664754814 2
0 0.475 -0.005 -0.9803076546 2
0 0.475 0.005 -0.9803076546 2
0 0.475 0.015 -0.9664754814 2
0 0.475 0.025 -0.9390063075 1
0 0.475 0.035 -0.8982877237 1
0 0.475 0.045 -0.8448942707 1
0 0.475 0.055 -0.7795793318 1
0 0.475 0.065 -0.7032645029 1
0 0.475 0.075 -0.6170265889 1
0 0.475 0.085 -0.5220824094 1
0 0.475 0.095 -0.41977163 1
0 0.475 0.105 -0.3115378591 1
0 0.475 0.115 -0.1989082788 1
0 0.475 0.125 -0.0834720961 1
0 0.475 0.135 0.03314188056 1
0 0.475 0.145 0.1492882242 1
0 0.475 0.155 0.2633281061 2
0 0.475 0.165 0.3736524198 2
0 0.475 0.175 0.4787044856 1
0 0.475 0.185 0.5770020153 1
0 0.475 0.195 0.6671580277 1
0 0.475 0.205 0.7479004185 1
0 0.475 0.215 0.8180899098 1
0 0.475 0.225 0.8767361256 1
0 0.475 0.235 0.9230115659 1
0 0.475 0.245 0.9562632827 1
0 0.475 0.255 0.9760220932 2
0 0.475 0.265 0.9820092 2
0 0.475 0.275 0.9741401247 2
0 0.475 0.285 0.9525259003 2
0 0.475 0.295 0.9174715042 2
0 0.475 0.305 0.869471555 2
0 0.475 0.315 0.8092033337 2
0 0.475 0.325 0.7375172267 2
0 0.475 0.335 0.6554247275 2
0 0.475 0.345 0.5640841639 2
0 0.475 0.355 0.4647843542 2
0 0.475 0.365 0.3589264221 2
0 0.475 0.375 0.2480040263 2
0 0.475 0.385 0.1335822856 2
0 0.475 0.395 0.01727569444 2
0 0.475 0.405 0 2
0 0.475 0.415 0 2
0 0.475 0.425 0 2
0 0.475 0.435 0 2
0 0.475 0.445 0 2
0 0.475 0.455 0 2
0 0.475 0.465 0 2
0 0.485 -0.455 0 1
0 0.485 -0.445 0 1
0 0.485 -0.435 0 1
0 0.485 -0.425 0 1
0 0.485 -0.415 0 1
0 0.485 -0.405 0 1
0 0.485 -0.395 0.01726229449 1
0 0.485 -0.385 0.133478672 1
0 0.485 -0.375 0.2478116611 1
0 0.485 -0.365 0.3586480195 1
0 0.485 -0.355 0.4644238425 1
0 0.485 -0.345 0.5636466299 1
0 0.485 -0.335 0.6549163449 1
0 0.485 -0.325 0.7369451688 1
0 0.485 -0.315 0.8085756721 1
0 0.485 -0.305 0.8687971462 1
0 0.485 -0.295 0.916759864 1
0 0.485 -0.285 0.95178707 1
0 0.485 -0.275 0.9733845293 2
0 0.485 -0.265 0.9812475009 1
0 0.485 -0.255 0.9752650381 1
0 0.485 -0.245 0.9555215535 1
0 0.485 -0.235 0.9222956285 1
0 0.485 -0.225 0.8760560819 1
0 0.485 -0.215 0.8174553553 2
0 0.485 -0.205 0.7473203067 2
0 0.485 -0.195 0.6666405441 2
0 0.485 -0.185 0.5765544616 2
0 0.485 -0.175 0.4783331766 2
0 0.485 -0.165 0.3733625949 2
0 0.485 -0.155 0.2631238547 2
0 0.485 -0.145 0.1491724282 2
0 0.485 -0.135 0.03311617394 2
0 0.485 -0.125 -0.08340735066 2
0 0.485 -0.115 -0.1987539948 2
0 0.485 -0.105 -0.3112962136 2
0 0.485 -0.095 -0.4194460325 2
0 0.485 -0.085 -0.5216774542 2
0 0.485 -0.075 -0.6165479899 2
0 0.485 -0.065 -0.7027190132 2
0 0.485 -0.055 -0.7789746482 2
0 0.485 -0.045 -0.8442389253 2
0 0.485 -0.035 -0.8975909635 2
0 0.485 -0.025 -0.9382779637 2
0 0.485 -0.015 -0.9657258311 2
0 0.485 -0.005 -0.9795472753 2
0 0.485 0.005 -0.9795472753 2
0 0.485 0.015 -0.9657258311 2
0 0.485 0.025 -0.9382779637 1
0 0.485 0.035 -0.8975909635 1
0 0.485 0.045 -0.8442389253 1
0 0.485 0.055 -0.7789746482 1
0 0.485 0.065 -0.7027190132 1
0 0.485 0.075 -0.6165479899 1
0 0.485 0.085 -0.5216774542 1
0 0.485 0.095 -0.4194460325 1
0 0.485 0.105 -0.3112962136 1
0 0.485 0.115 -0.1987539948 1
0 0.485 0.125 -0.08340735066 1
0 0.485 0.135 0.03311617394 1
0 0.485 0.145 0.1491724282 1
0 0.485 0.155 0.2631238547 1
0 0.485 0.165 0.3733625949 1
0 0.485 0.175 0.4783331766 1
0 0.485 0.185 0.5765544616 1
0 0.485 0.195 0.6666405441 1
0 0.485 0.205 0.7473203067 1
0 0.485 0.215 0.8174553553 1
0 0.485 0.225 0.8760560819 1
0 0.485 0.235 0.9222956285 1
0 0.485 0.245 0.9555215535 1
0 0.485 0.255 0.9752650381 1
0 0.485 0.265 0.9812475009 2
0 0.485 0.275 0.9733845293 2
0 0.485 0.285 0.95178707 2
0 0.485 0.295 0.916759864 2
0 0.485 0.305 0.8687971462 2
0 0.485 0.315 0.8085756721 2
0 0.485 0.325 0.7369451688 2
0 0.485 0.335 0.6549163449 2
0 0.485 0.345 0.5636466299 2
0 0.485 0.355 0.4644238425 2
0 0.485 0.365 0.3586480195 2
0 0.485 0.375 0.2478116611 2
0 0.485 0.385 0.133478672 2
0 0.485 0.395 0.01726229449 2
0 0.485 0.405 0 2
0 0.485 0.415 0 2
0 0.485 0.425 0 2
0 0.485 0.435 0 2
0 0.485 0.445 0 2
0 0.485 0.455 0 2
0 0.485 0.465 0 2
0 0.495 -0.455 0 2
0 0.495 -0.445 0 2
0 0.495 -0.435 0 1
0 0.495 -0.425 0 1
0 0.495 -0.415 0 1
0 0.495 -0.405 0 1
0 0.495 -0.395 0.0172486189 1
0 0.495 -0.385 0.1333729271 2
0 0.495 -0.375 0.247615339 2
0 0.495 -0.365 0.3583638903 2
0 0.495 -0.355 0.4640559154 1
0 0.495 -0.345 0.5632000962 1
0 0.495 -0.335 0.6543975053 1
0 0.495 -0.325 0.736361344 1
0 0.495 -0.315 0.8079351 1
0 0.495 -0.305 0.8681088653 1
0 0.495 -0.295 0.9160335859 1
0 0.495 -0.285 0.9510330426 2
0 0.495 -0.275 0.9726133919 1
0 0.495 -0.265 0.9804701343 1
0 0.495 -0.255 0.9744924109 1
0 0.495 -0.245 0.9547645676 1
0 0.495 -0.235 0.9215649649 1
0 0.495 -0.225 0.8753620503 1
0 0.495 -0.215 0.8168077485 1
0 0.495 -0.205 0.7467282626 2
0 0.495 -0.195 0.6661124163 2
0 0.495 -0.185 0.576097702 2
0 0.495 -0.175 0.4779542302 2
0 0.495 -0.165 0.3730668085 2
0 0.495 -0.155 0.262915402 2
0 0.495 -0.145 0.1490542504 2
0 0.495 -0.135 0.03308993855 2
0 0.495 -0.125 -0.08334127346 2
0 0.495 -0.115 -0.1985965374 2
0 0.495 -0.105 -0.3110495976 2
0 0.495 -0.095 -0.4191137378 2
0 0.495 -0.085 -0.5212641694 2
0 0.495 -0.075 -0.6160595465 2
0 0.495 -0.065 -0.7021623032 2
0 0.495 -0.055 -0.7783575267 2
0 0.495 -0.045 -0.8435701 2
0 0.495 -0.035 -0.8968798715 2
0 0.495 -0.025 -0.9375346385 2
0 0.495 -0.015 -0.9649607611 2
0 0.495 -0.005 -0.9787712556 2
0 0.495 0.005 -0.9787712556 2
0 0.495 0.015 -0.9649607611 2
0 0.495 0.025 -0.9375346385 1
0 0.495 0.035 -0.8968798715 1
0 0.495 0.045 -0.8435701 1
0 0.495 0.055 -0.7783575267 1
0 0.495 0.065 -0.7021623032 1
0 0.495 0.075 -0.6160595465 1
0 0.495 0.085 -0.5212641694 1
0 0.495 0.095 -0.4191137378 1
0 0.495 0.105 -0.3110495976 1
0 0.495 0.115 -0.1985965374 1
0 0.495 0.125 -0.08334127346 1
0 0.495 0.135 0.03308993855 1
0 0.495 0.145 0.1490542504 1
0 0.495 0.155 0.262915402 1
0 0.495 0.165 0.3730668085 1
0 0.495 0.175 0.4779542302 1
0 0.495 0.185 0.576097702 1
0 0.495 0.195 0.6661124163 1
0 0.495 0.205 0.7467282626 1
0 0.495 0.215 0.8168077485 1
0 0.495 0.225 0.8753620503 1
0 0.495 0.235 0.9215649649 1
0 0.495 0.245 0.9547645676 1
0 0.495 0.255 0.9744924109 1
0 0.495 0.265 0.9804701343 1
0 0.495 0.275 0.9726133919 2
0 0.495 0.285 0.9510330426 2
0 0.495 0.295 0.9160335859 2
0 0.495 0.305 0.8681088653 2
0 0.495 0.315 0.8079351 2
0 0.495 0.325 0.736361344 2
0 0.495 0.335 0.6543975053 2
0 0.495 0.345 0.5632000962 2
0 0.495 0.355 0.4640559154 2
0 0.495 0.365 0.3583638903 2
0 0.495 0.375 0.247615339 2
0 0.495 0.385 0.1333729271 2
0 0.495 0.395 0.0172486189 2
0 0.495 0.405 0 2
0 0.495 0.415 0 2
0 0.495 0.425 0 2
0 0.495 0.435 0 2
0 0.495 0.445 0 2
0 0.495 0.455 0 2
0 0.495 0.465 0 2
0 0.505 -0.455 0 2
0 0.505 -0.445 0 2
0 0.505 -0.435 0 2
0 0.505 -0.425 0 1
0 0.505 -0.415 0 1
0 0.505 -0.405 0 1
0 0.505 -0.395 0.01723466791 1
0 0.505 -0.385 0.1332650527 2
0 0.505 -0.375 0.2474150633 2
0 0.505 -0.365 0.3580740392 2
0 0.505 -0.355 0.4636805787 2
0 0.505 -0.345 0.5627445699 2
0 0.505 -0.335 0.6538682169 2
0 0.505 -0.325 0.7357657618 2
0 0.505 -0.315 0.8072816277 2
0 0.505 -0.305 0.8674067233 2
0 0.505 -0.295 0.9152926816 2
0 0.505 -0.285 0.9502638301 1
0 0.505 -0.275 0.9718267248 1
0 0.505 -0.265 0.9796771125 1
0 0.505 -0.255 0.973704224 1
0 0.505 -0.245 0.953992337 1
0 0.505 -0.235 0.9208195867 1
0 0.505 -0.225 0.8746540419 1
0 0.505 -0.215 0.8161470998 1
0 0.505 -0.205 0.7461242954 2
0 0.505 -0.195 0.6655736527 2
0 0.505 -0.185 0.5756317439 2
0 0.505 -0.175 0.4775676523 2
0 0.505 -0.165 0.3727650654 2
0 0.505 -0.155 0.2627027513 2
0 0.505 -0.145 0.1489336927 2
0 0.505 -0.135 0.03306317482 2
0 0.505 -0.125 -0.08327386555 2
0 0.505 -0.115 -0.1984359089 2
0 0.505 -0.105 -0.3107980151 2
0 0.505 -0.095 -0.4187747512 2
0 0.505 -0.085 -0.5208425617 2
0 0.505 -0.075 -0.6155612666 2
0 0.505 -0.065 -0.7015943818 2
0 0.505 -0.055 -0.7777279773 2
0 0.505 -0.045 -0.8428878054 2
0 0.505 -0.035 -0.896154459 2
0 0.505 -0.025 -0.9367763438 2
0 0.505 -0.015 -0.9641802836 2
0 0.505 -0.005 -0.977979608 2
0 0.505 0.005 -0.977979608 2
0 0.505 0.015 -0.9641802836 2
0 0.505 0.025 -0.9367763438 1
0 0.505 0.035 -0.896154459 1
0 0.505 0.045 -0.8428878054 1
0 0.505 0.055 -0.7777279773 1
0 0.505 0.065 -0.7015943818 1
0 0.505 0.075 -0.6155612666 1
0 0.505 0.085 -0.5208425617 1
0 0.505 0.095 -0.4187747512 1
0 0.505 0.105 -0.3107980151 1
0 0.505 0.115 -0.1984359089 1
0 0.505 0.125 -0.08327386555 1
0 0.505 0.135 0.03306317482 1
0 0.505 0.145 0.1489336927 1
0 0.505 0.155 0.2627027513 1
0 0.505 0.165 0.3727650654 1
0 0.505 0.175 0.4775676523 1
0 0.505 0.185 0.5756317439 1
0 0.505 0.195 0.6655736527 1
0 0.505 0.205 0.7461242954 1
0 0.505 0.215 0.8161470998 1
0 0.505 0.225 0.8746540419 1
0 0.505 0.235 0.9208195867 1
0 0.505 0.245 0.953992337 1
0 0.505 0.255 0.973704224 1
0 0.505 0.265 0.9796771125 1
0 0.505 0.275 0.9718267248 2
0 0.505 0.285 0.9502638301 2
0 0.505 0.295 0.9152926816 2
0 0.505 0.305 0.8674067233 2
0 0.505 0.315 0.8072816277 2
0 0.505 0.325 0.7357657618 2
0 0.505 0.335 0.6538682169 2
0 0.505 0.345 0.5627445699 2
0 0.505 0.355 0.4636805787 2
0 0.505 0.365 0.3580740392 2
0 0.505 0.375 0.2474150633 2
0 0.505 0.385 0.1332650527 2
0 0.505 0.395 0.01723466791 2
0 0.505 0.405 0 2
0 0.505 0.415 0 2
0 0.505 0.425 0 2
0 0.505 0.435 0 2
0 0.505 0.445 0 2
0 0.505 0.455 0 2
0 0.505 0.465 0 2
0 0.515 -0.455 0 2
0 0.515 -0.445 0 2
0 0.515 -0.435 0 2
0 0.515 -0.425 0 2
0 0.515 -0.415 0 2
0 0.515 -0.405 0 2
0 0.515 -0.395 0.01722044173 2
0 0.515 -0.385 0.1331550505 2
0 0.515 -0.375 0.2472108371 2
0 0.515 -0.365 0.3577784707 2
0 0.515 -0.355 0.4632978384 2
0 0.515 -0.345 0.5622800583 2
0 0.515 -0.335 0.6533284882 2
0 0.515 -0.325 0.7351584317 2
0 0.515 -0.315 0.8066152655 2
0 0.515 -0.305 0.8666907315 2
0 0.515 -0.295 0.9145371628 2
0 0.515 -0.285 0.9494794448 1
0 0.515 -0.275 0.9710245406 1
0 0.515 -0.265 0.9788684483 1
0 0.515 -0.255 0.9729004901 1
0 0.515 -0.245 0.953204874 1
0 0.515 -0.235 0.9200595058 1
0 0.515 -0.225 0.8739320679 1
0 0.515 -0.215 0.8154734198 1
0 0.515 -0.205 0.7455084149 2
0 0.515 -0.195 0.6650242619 1
0 0.515 -0.185 0.5751565947 1
0 0.515 -0.175 0.4771734491 1
0 0.515 -0.165 0.3724573704 1
0 0.515 -0.155 0.2624859061 1
0 0.515 -0.145 0.1488107569 1
0 0.515 -0.135 0.03303588317 1
0 0.515 -0.125 -0.08320512801 2
0 0.515 -0.115 -0.1982721121 2
0 0.515 -0.105 -0.3105414702 2
0 0.515 -0.095 -0.4184290779 2
0 0.515 -0.085 -0.5204126376 2
0 0.515 -0.075 -0.615053158 2
0 0.515 -0.065 -0.7010152581 2
0 0.515 -0.055 -0.7770860098 2
0 0.515 -0.045 -0.8421920525 2
0 0.515 -0.035 -0.8954147377 2
0 0.515 -0.025 -0.9360030916 2
0 0.515 -0.015 -0.9633844111 2
0 0.515 -0.005 -0.9771723449 2
0 0.515 0.005 -0.9771723449 2
0 0.515 0.015 -0.9633844111 2
0 0.515 0.025 -0.9360030916 1
0 0.515 0.035 -0.8954147377 1
0 0.515 0.045 -0.8421920525 1
0 0.515 0.055 -0.7770860098 1
0 0.515 0.065 -0.7010152581 1
0 0.515 0.075 -0.615053158 1
0 0.515 0.085 -0.5204126376 1
0 0.515 0.095 -0.4184290779 1
0 0.515 0.105 -0.3105414702 1
0 0.515 0.115 -0.1982721121 1
0 0.515 0.125 -0.08320512801 1
0 0.515 0.135 0.03303588317 1
0 0.515 0.145 0.1488107569 1
0 0.515 0.155 0.2624859061 1
0 0.515 0.165 0.3724573704 1
0 0.515 0.175 0.4771734491 1
0 0.515 0.185 0.5751565947 1
0 0.515 0.195 0.6650242619 1
0 0.515 0.205 0.7455084149 1
0 0.515 0.215 0.8154734198 1
0 0.515 0.225 0.8739320679 1
0 0.515 0.235 0.9200595058 1
0 0.515 0.245 0.953204874 1
0 0.515 0.255 0.9729004901 1
0 0.515 0.265 0.9788684483 1
0 0.515 0.275 0.9710245406 2
0 0.515 0.285 0.9494794448 2
0 0.515 0.295 0.9145371628 2
0 0.515 0.305 0.8666907315 2
0 0.515 0.315 0.8066152655 2
0 0.515 0.325 0.7351584317 2
0 0.515 0.335 0.6533284882 2
0 0.515 0.345 0.5622800583 2
0 0.515 0.355 0.4632978384 2
0 0.515 0.365 0.3577784707 2
0 0.515 0.375 0.2472108371 2
0 0.515 0.385 0.1331550505 2
0 0.515 0.395 0.01722044173 2
0 0.515 0.405 0 2
0 0.515 0.415 0 2
0 0.515 0.425 0 2
0 0.515 0.435 0 2
0 0.515 0.445 0 2
0 0.515 0.455 0 2
0 0.515 0.465 0 2
0 0.525 -0.455 0 2
0 0.525 -0.445 0 2
0 0.525 -0.435 0 2
0 0.525 -0.425 0 2
0 0.525 -0.415 0 2
0 0.525 -0.405 0 2
0 0.525 -0.395 0.0172059406 2
0 0.525 -0.385 0.1330429222 2
0 0.525 -0.375 0.2470026638 2
0 0.525 -0.365 0.3574771896 2
0 0.525 -0.355 0.4629077007 2
0 0.525 -0.345 0.5618065688 2
0 0.525 -0.335 0.6527783279 2
0 0.525 -0.325 0.7345393633 2
0 0.525 -0.315 0.8059360242 2
0 0.525 -0.305 0.8659609013 2
0 0.525 -0.295 0.9137670417 2
0 0.525 -0.285 0.9486798992 1
0 0.525 -0.275 0.9702068521 1
0 0.525 -0.265 0.9780441545 1
0 0.525 -0.255 0.9720812218 1
0 0.525 -0.245 0.9524021912 1
0 0.525 -0.235 0.9192847344 1
0 0.525 -0.225 0.8731961398 1
0 0.525 -0.215 0.814786719 2
0 0.525 -0.205 0.7448806309 1
0 0.525 -0.195 0.6644642527 1
0 0.525 -0.185 0.574672262 1
0 0.525 -0.175 0.4767716268 1
0 0.525 -0.165 0.3721437284 1
0 0.525 -0.155 0.2622648697 1
0 0.525 -0.145 0.1486854451 1
0 0.525 -0.135 0.03300806403 1
0 0.525 -0.125 -0.08313506194 1
0 0.525 -0.115 -0.1981051495 1
0 0.525 -0.105 -0.3102799668 2
0 0.525 -0.095 -0.4180767236 2
0 0.525 -0.085 -0.5199744042 2
0 0.525 -0.075 -0.6145352288 2
0 0.525 -0.065 -0.7004249412 2
0 0.525 -0.055 -0.7764316347 2
0 0.525 -0.045 -0.8414828524 2
0 0.525 -0.035 -0.8946607193 2
0 0.525 -0.025 -0.9352148942 2
0 0.525 -0.015 -0.9625731562 2
0 0.525 -0.005 -0.9763494794 2
0 0.525 0.005 -0.9763494794 2
0 0.525 0.015 -0.9625731562 2
0 0.525 0.025 -0.9352148942 1
0 0.525 0.035 -0.8946607193 1
0 0.525 0.045 -0.8414828524 1
0 0.525 0.055 -0.7764316347 1
0 0.525 0.065 -0.7004249412 1
0 0.525 0.075 -0.6145352288 1
0 0.525 0.085 -0.5199744042 1
0 0.525 0.095 -0.4180767236 1
0 0.525 0.105 -0.3102799668 1
0 0.525 0.115 -0.1981051495 1
0 0.525 0.125 -0.08313506194 1
0 0.525 0.135 0.03300806403 1
0 0.525 0.145 0.1486854451 1
0 0.525 0.155 0.2622648697 1
0 0.525 0.165 0.3721437284 1
0 0.525 0.175 0.4767716268 1
0 0.525 0.185 0.574672262 1
0 0.525 0.195 0.6644642527 1
0 0.525 0.205 0.7448806309 1
0 0.525 0.215 0.814786719 1
0 0.525 0.225 0.8731961398 1
0 0.525 0.235 0.9192847344 1
0 0.525 0.245 0.9524021912 1
0 0.525 0.255 0.9720812218 1
0 0.525 0.265 0.9780441545 1
0 0.525 0.275 0.9702068521 2
0 0.525 0.285 0.9486798992 2
0 0.525 0.295 0.9137670417 2
0 0.525 0.305 0.8659609013 2
0 0.525 0.315 0.8059360242 2
0 0.525 0.325 0.7345393633 2
0 0.525 0.335 0.6527783279 2
0 0.525 0.345 0.5618065688 2
0 0.525 0.355 0.4629077007 2
0 0.525 0.365 0.3574771896 2
0 0.525 0.375 0.2470026638 2
0 0.525 0.385 0.1330429222 2
0 0.525 0.395 0.0172059406 2
0 0.525 0.405 0 2
0 0.525 0.415 0 2
0 0.525 0.425 0 2
0 0.525 0.435 0 2
0 0.525 0.445 0 2
0 0.525 0.455 0 2
0 0.525 0.465 0 2
0 0.535 -0.455 0 2
0 0.535 -0.445 0 2
0 0.535 -0.435 0 2
0 0.535 -0.425 0 2
0 0.535 -0.415 0 2
0 0.535 -0.405 0 2
0 0.535 -0.395 0.01719116474 2
0 0.535 -0.385 0.1329286696 2
0 0.535 -0.375 0.2467905465 2
0 0.535 -0.365 0.3571702007 2
0 0.535 -0.355 0.4625101717 2
0 0.535 -0.345 0.561324109 2
0 0.535 -0.335 0.6522177446 2
0 0.535 -0.325 0.7339085665 2
0 0.535 -0.315 0.8052439145 2
0 0.535 -0.305 0.8652172443 2
0 0.535 -0.295 0.9129823305 1
0 0.535 -0.285 0.947865206 1
0 0.535 -0.275 0.9693736724 1
0 0.535 -0.265 0.9772042444 1
0 0.535 -0.255 0.9712464324 1
0 0.535 -0.245 0.9515843015 1
0 0.535 -0.235 0.9184952848 1
0 0.535 -0.225 0.8724462695 1
0 0.535 -0.215 0.8140870087 2
0 0.535 -0.205 0.7442409535 1
0 0.535 -0.195 0.663893634 1
0 0.535 -0.185 0.5741787535 1
0 0.535 -0.175 0.476362192 1
0 0.535 -0.165 0.3718241444 1
0 0.535 -0.155 0.2620396458 1
0 0.535 -0.145 0.1485577593 1
0 0.535 -0.135 0.03297971786 1
0 0.535 -0.125 -0.08306366845 1
0 0.535 -0.115 -0.1979350237 1
0 0.535 -0.105 -0.3100135092 1
0 0.535 -0.095 -0.417717694 2
0 0.535 -0.085 -0.5195278683 2
0 0.535 -0.075 -0.6140074875 2
0 0.535 -0.065 -0.6998234408 2
0 0.535 -0.055 -0.7757648624 2
0 0.535 -0.045 -0.8407602163 2
0 0.535 -0.035 -0.893892416 2
0 0.535 -0.025 -0.9344117643 2
0 0.535 -0.015 -0.961746532 2
0 0.535 -0.005 -0.9755110246 2
0 0.535 0.005 -0.9755110246 2
0 0.535 0.015 -0.961746532 2
0 0.535 0.025 -0.9344117643 1
0 0.535 0.035 -0.893892416 1
0 0.535 0.045 -0.8407602163 1
0 0.535 0.055 -0.7757648624 1
0 0.535 0.065 -0.6998234408 1
0 0.535 0.075 -0.6140074875 1
0 0.535 0.085 -0.5195278683 1
0 0.535 0.095 -0.417717694 1
0 0.535 0.105 -0.3100135092 1
0 0.535 0.115 -0.1979350237 1
0 0.535 0.125 -0.08306366845 1
0 0.535 0.135 0.03297971786 1
0 0.535 0.145 0.1485577593 1
0 0.535 0.155 0.2620396458 1
0 0.535 0.165 0.3718241444 1
0 0.535 0.175 0.476362192 1
0 0.535 0.185 0.5741787535 1
0 0.535 0.195 0.663893634 1
0 0.535 0.205 0.7442409535 1
0 0.535 0.215 0.8140870087 1
0 0.535 0.225 0.8724462695 1
0 0.535 0.235 0.9184952848 1
0 0.535 0.245 0.9515843015 1
0 0.535 0.255 0.9712464324 1
0 0.535 0.265 0.9772042444 2
0 0.535 0.275 0.9693736724 2
0 0.535 0.285 0.947865206 2
0 0.535 0.295 0.9129823305 2
0 0.535 0.305 0.8652172443 2
0 0.535 0.315 0.8052439145 2
0 0.535 0.325 0.7339085665 2
0 0.535 0.335 0.6522177446 2
0 0.535 0.345 0.561324109 2
0 0.535 0.355 0.4625101717 2
0 0.535 0.365 0.3571702007 2
0 0.535 0.375 0.2467905465 2
0 0.535 0.385 0.1329286696 2
0 0.535 0.395 0.01719116474 2
0 0.535 0.405 0 2
0 0.535 0.415 0 2
0 0.535 0.425 0 2
0 0.535 0.435 0 2
0 0.535 0.445 0 2
0 0.535 0.455 0 2
0 0.535 0.465 0 2
0 0.545 -0.455 0 2
0 0.545 -0.445 0 2
0 0.545 -0.435 0 2
0 0.545 -0.425 0 2
0 0.545 -0.415 0 2
0 0.545 -0.405 0 2
0 0.545 -0.395 0.01717611439 2
0 0.545 -0.385 0.1328122945 2
0 0.545 -0.375 0.2465744887 2
0 0.545 -0.365 0.3568575089 2
0 0.545 -0.355 0.4621052579 2
0 0.545 -0.345 0.5608326865 2
0 0.545 -0.335 0.6516467475 2
0 0.545 -0.325 0.7332660515 2
0 0.545 -0.315 0.8045389475 2
0 0.545 -0.305 0.8644597725 2
0 0.545 -0.295 0.9121830417 1
0 0.545 -0.285 0.9470353783 1
0 0.545 -0.275 0.9685250147 1
0 0.545 -0.265 0.9763487313 1
0 0.545 -0.255 0.9703961352 1
0 0.545 -0.245 0.9507512178 1
0 0.545 -0.235 0.9176911696 1
0 0.545 -0.225 0.8716824688 1
0 0.545 -0.215 0.8133742998 2
0 0.545 -0.205 0.7435893927 1
0 0.545 -0.195 0.6633124149 1
0 0.545 -0.185 0.5736760772 1
0 0.545 -0.175 0.4759451512 1
0 0.545 -0.165 0.3714986234 1
0 0.545 -0.155 0.2618102379 1
0 0.545 -0.145 0.1484277014 1
0 0.545 -0.135 0.0329508451 1
0 0.545 -0.125 -0.08299094869 1
0 0.545 -0.115 -0.1977617375 1
0 0.545 -0.105 -0.3097421016 1
0 0.545 -0.095 -0.4173519946 2
0 0.545 -0.085 -0.5190730372 2
0 0.545 -0.075 -0.6134699422 2
0 0.545 -0.065 -0.6992107662 2
0 0.545 -0.055 -0.7750857034 2
0 0.545 -0.045 -0.8400241558 2
0 0.545 -0.035 -0.8931098399 2
0 0.545 -0.025 -0.9335937147 2
0 0.545 -0.015 -0.9609045517 2
0 0.545 -0.005 -0.9746569938 2
0 0.545 0.005 -0.9746569938 2
0 0.545 0.015 -0.9609045517 2
0 0.545 0.025 -0.9335937147 2
0 0.545 0.035 -0.8931098399 1
0 0.545 0.045 -0.8400241558 1
0 0.545 0.055 -0.7750857034 1
0 0.545 0.065 -0.6992107662 1
0 0.545 0.075 -0.6134699422 1
0 0.545 0.085 -0.5190730372 1
0 0.545 0.095 -0.4173519946 2
0 0.545 0.105 -0.3097421016 2
0 0.545 0.115 -0.1977617375 2
0 0.545 0.125 -0.08299094869 2
0 0.545 0.135 0.0329508451 1
0 0.545 0.145 0.1484277014 1
0 0.545 0.155 0.2618102379 1
0 0.545 0.165 0.3714986234 1
0 0.545 0.175 0.4759451512 1
0 0.545 0.185 0.5736760772 1
0 0.545 0.195 0.6633124149 1
0 0.545 0.205 0.7435893927 1
0 0.545 0.215 0.8133742998 1
0 0.545 0.225 0.8716824688 1
0 0.545 0.235 0.9176911696 2
0 0.545 0.245 0.9507512178 2
0 0.545 0.255 0.9703961352 2
0 0.545 0.265 0.9763487313 2
0 0.545 0.275 0.9685250147 2
0 0.545 0.285 0.9470353783 2
0 0.545 0.295 0.9121830417 2
0 0.545 0.305 0.8644597725 2
0 0.545 0.315 0.8045389475 2
0 0.545 0.325 0.7332660515 2
0 0.545 0.335 0.6516467475 2
0 0.545 0.345 0.5608326865 2
0 0.545 0.355 0.4621052579 2
0 0.545 0.365 0.3568575089 2
0 0.545 0.375 0.2465744887 2
0 0.545 0.385 0.1328122945 2
0 0.545 0.395 0.01717611439 2
0 0.545 0.405 0 2
0 0.545 0.415 0 2
0 0.545 0.425 0 2
0 0.545 0.435 0 2
0 0.545 0.445 0 2
0 0.545 0.455 0 2
0 0.545 0.465 0 2
0 0.555 -0.455 0 2
0 0.555 -0.445 0 2
0 0.555 -0.435 0 2
0 0.555 -0.425 0 2
0 0.555 -0.415 0 2
0 0.555 -0.405 0 2
0 0.555 -0.395 0.01716078979 2
0 0.555 -0.385 0.1326937988 2
0 0.555 -0.375 0.246354494 2
0 0.555 -0.365 0.3565391191 2
0 0.555 -0.355 0.4616929656 2
0 0.555 -0.345 0.5603323092 2
0 0.555 -0.335 0.6510653455 2
0 0.555 -0.325 0.7326118284 2
0 0.555 -0.315 0.8038211344 2
0 0.555 -0.305 0.8636884978 2
0 0.555 -0.295 0.9113691882 1
0 0.555 -0.285 0.9461904294 1
0 0.555 -0.275 0.9676608926 1
0 0.555 -0.265 0.9754776288 1
0 0.555 -0.255 0.9695303437 1
0 0.555 -0.245 0.9499029536 1
0 0.555 -0.235 0.9168724017 1
0 0.555 -0.225 0.8709047501 2
0 0.555 -0.215 0.8126486038 2
0 0.555 -0.205 0.7429259592 1
0 0.555 -0.195 0.6627206048 1
0 0.555 -0.185 0.573164241 1
0 0.555 -0.175 0.4755205109 1
0 0.555 -0.165 0.3711671708 1
0 0.555 -0.155 0.2615766497 1
0 0.555 -0.145 0.1482952736 1
0 0.555 -0.135 0.03292144622 1
0 0.555 -0.125 -0.08291690381 1
0 0.555 -0.115 -0.1975852936 1
0 0.555 -0.105 -0.3094657484 1
0 0.555 -0.095 -0.4169796314 2
0 0.555 -0.085 -0.5186099181 2
0 0.555 -0.075 -0.6129226018 2
0 0.555 -0.065 -0.6985869275 2
0 0.555 -0.055 -0.7743941687 2
0 0.555 -0.045 -0.8392746827 2
0 0.555 -0.035 -0.8923130035 2
0 0.555 -0.025 -0.9327607585 2
0 0.555 -0.015 -0.9600472286 2
0 0.555 -0.005 -0.9737874008 2
0 0.555 0.005 -0.9737874008 2
0 0.555 0.015 -0.9600472286 2
0 0.555 0.025 -0.9327607585 2
0 0.555 0.035 -0.8923130035 1
0 0.555 0.045 -0.8392746827 1
0 0.555 0.055 -0.7743941687 1
0 0.555 0.065 -0.6985869275 1
0 0.555 0.075 -0.6129226018 1
0 0.555 0.085 -0.5186099181 1
0 0.555 0.095 -0.4169796314 2
0 0.555 0.105 -0.3094657484 2
0 0.555 0.115 -0.1975852936 2
0 0.555 0.125 -0.08291690381 2
0 0.555 0.135 0.03292144622 2
0 0.555 0.145 0.1482952736 2
0 0.555 0.155 0.2615766497 1
0 0.555 0.165 0.3711671708 1
0 0.555 0.175 0.4755205109 1
0 0.555 0.185 0.573164241 1
0 0.555 0.195 0.6627206048 1
0 0.555 0.205 0.7429259592 1
0 0.555 0.215 0.8126486038 1
0 0.555 0.225 0.8709047501 2
0 0.555 0.235 0.9168724017 2
0 0.555 0.245 0.9499029536 2
0 0.555 0.255 0.9695303437 2
0 0.555 0.265 0.9754776288 2
0 0.555 0.275 0.9676608926 2
0 0.555 0.285 0.9461904294 2
0 0.555 0.295 0.9113691882 2
0 0.555 0.305 0.8636884978 2
0 0.555 0.315 0.8038211344 2
0 0.555 0.325 0.7326118284 2
0 0.555 0.335 0.6510653455 2
0 0.555 0.345 0.5603323092 2
0 0.555 0.355 0.4616929656 2
0 0.555 0.365 0.3565391191 2
0 0.555 0.375 0.246354494 2
0 0.555 0.385 0.1326937988 2
0 0.555 0.395 0.01716078979 2
0 0.555 0.405 0 2
0 0.555 0.415 0 2
0 0.555 0.425 0 2
0 0.555 0.435 0 2
0 0.555 0.445 0 2
0 0.555 0.455 0 2
0 0.555 0.465 0 2
0 0.565 -0.455 0 2
0 0.565 -0.445 0 2
0 0.565 -0.435 0 2
0 0.565 -0.425 0 2
0 0.565 -0.415 0 2
0 0.565 -0.405 0 2
0 0.565 -0.395 0.01714519118 2
0 0.565 -0.385 0.1325731844 2
0 0.565 -0.375 0.2461305656 2
0 0.565 -0.365 0.3562150365 2
0 0.565 -0.355 0.4612733015 2
0 0.565 -0.345 0.5598229851 2
0 0.565 -0.335 0.650473548 2
0 0.565 -0.325 0.7319459078 2
0 0.565 -0.315 0.8030904868 2
0 0.565 -0.305 0.8629034327 2
0 0.565 -0.295 0.9105407828 2
0 0.565 -0.285 0.9453303726 1
0 0.565 -0.275 0.9667813199 1
0 0.565 -0.265 0.9745909509 1
0 0.565 -0.255 0.9686490717 1
0 0.565 -0.245 0.9490395223 1
0 0.565 -0.235 0.9160389941 2
0 0.565 -0.225 0.8701131256 2
0 0.565 -0.215 0.8119099323 2
0 0.565 -0.205 0.7422506633 2
0 0.565 -0.195 0.662118213 1
0 0.565 -0.185 0.5726432531 1
0 0.565 -0.175 0.475088278 1
0 0.565 -0.165 0.3708297917 1
0 0.565 -0.155 0.261338885 1
0 0.565 -0.145 0.1481604779 1
0 0.565 -0.135 0.03289152168 1
0 0.565 -0.125 -0.08284153501 1
0 0.565 -0.115 -0.1974056949 1
0 0.565 -0.105 -0.309184454 1
0 0.565 -0.095 -0.4166006103 2
0 0.565 -0.085 -0.5181385183 2
0 0.565 -0.075 -0.6123654748 2
0 0.565 -0.065 -0.6979519344 2
0 0.565 -0.055 -0.7736902692 2
0 0.565 -0.045 -0.838511809 2
0 0.565 -0.035 -0.8915019196 2
0 0.565 -0.025 -0.9319129089 2
0 0.565 -0.015 -0.9591745765 2
0 0.565 -0.005 -0.9729022593 2
0 0.565 0.005 -0.9729022593 2
0 0.565 0.015 -0.9591745765 2
0 0.565 0.025 -0.9319129089 2
0 0.565 0.035 -0.8915019196 2
0 0.565 0.045 -0.838511809 1
0 0.565 0.055 -0.7736902692 1
0 0.565 0.065 -0.6979519344 1
0 0.565 0.075 -0.6123654748 1
0 0.565 0.085 -0.5181385183 2
0 0.565 0.095 -0.4166006103 2
0 0.565 0.105 -0.309184454 2
0 0.565 0.115 -0.1974056949 2
0 0.565 0.125 -0.08284153501 2
0 0.565 0.135 0.03289152168 2
0 0.565 0.145 0.1481604779 2
0 0.565 0.155 0.261338885 2
0 0.565 0.165 0.3708297917 2
0 0.565 0.175 0.475088278 2
0 0.565 0.185 0.5726432531 2
0 0.565 0.195 0.662118213 2
0 0.565 0.205 0.7422506633 2
0 0.565 0.215 0.8119099323 2
0 0.565 0.225 0.8701131256 2
0 0.565 0.235 0.9160389941 2
0 0.565 0.245 0.9490395223 2
0 0.565 0.255 0.9686490717 2
0 0.565 0.265 0.9745909509 2
0 0.565 0.275 0.9667813199 2
0 0.565 0.285 0.9453303726 2
0 0.565 0.295 0.9105407828 2
0 0.565 0.305 0.8629034327 2
0 0.565 0.315 0.8030904868 2
0 0.565 0.325 0.7319459078 2
0 0.565 0.335 0.650473548 2
0 0.565 0.345 0.5598229851 2
0 0.565 0.355 0.4612733015 2
0 0.565 0.365 0.3562150365 2
0 0.565 0.375 0.2461305656 2
0 0.565 0.385 0.1325731844 2
0 0.565 0.395 0.01714519118 2
0 0.565 0.405 0 2
0 0.565 0.415 0 2
0 0.565 0.425 0 2
0 0.565 0.435 0 2
0 0.565 0.445 0 2
0 0.565 0.455 0 2
0 0.565 0.465 0 2
0 0.575 -0.455 0 2
0 0.575 -0.445 0 2
0 0.575 -0.435 0 2
0 0.575 -0.425 0 2
0 0.575 -0.415 0 2
0 0.575 -0.405 0 2
0 0.575 -0.395 0.01712931882 2
0 0.575 -0.385 0.1324504532 2
0 0.575 -0.375 0.2459027073 2
0 0.575 -0.365 0.3558852662 2
0 0.575 -0.355 0.4608462723 2
0 0.575 -0.345 0.5593047223 2
0 0.575 -0.335 0.6498713644 2
0 0.575 -0.325 0.7312683002 2
0 0.575 -0.315 0.8023470163 2
0 0.575 -0.305 0.8621045896 2
0 0.575 -0.295 0.9096978389 2
0 0.575 -0.285 0.9444552219 1
0 0.575 -0.275 0.9658863106 1
0 0.575 -0.265 0.9736887118 1
0 0.575 -0.255 0.9677523334 1
0 0.575 -0.245 0.9481609377 2
0 0.575 -0.235 0.9151909601 2
0 0.575 -0.225 0.8693076081 2
0 0.575 -0.215 0.8111582971 2
0 0.575 -0.205 0.741563516 2
0 0.575 -0.195 0.6615052493 2
0 0.575 -0.185 0.5721131218 2
0 0.575 -0.175 0.4746484594 1
0 0.575 -0.165 0.3704864917 1
0 0.575 -0.155 0.2610969474 1
0 0.575 -0.145 0.1480233166 1
0 0.575 -0.135 0.03286107197 1
0 0.575 -0.125 -0.08276484348 1
0 0.575 -0.115 -0.1972229443 1
0 0.575 -0.105 -0.3088982228 2
0 0.575 -0.095 -0.4162149373 2
0 0.575 -0.085 -0.5176588454 2
0 0.575 -0.075 -0.6117985702 2
0 0.575 -0.065 -0.6973057971 2
0 0.575 -0.055 -0.7729740163 2
0 0.575 -0.045 -0.8377355468 2
0 0.575 -0.035 -0.8906766012 2
0 0.575 -0.025 -0.9310501795 2
0 0.575 -0.015 -0.9582866092 2
0 0.575 -0.005 -0.9720015835 2
0 0.575 0.005 -0.9720015835 2
0 0.575 0.015 -0.9582866092 2
0 0.575 0.025 -0.9310501795 2
0 0.575 0.035 -0.8906766012 2
0 0.575 0.045 -0.8377355468 2
0 0.575 0.055 -0.7729740163 2
0 0.575 0.065 -0.6973057971 2
0 0.575 0.075 -0.6117985702 2
0 0.575 0.085 -0.5176588454 2
0 0.575 0.095 -0.4162149373 2
0 0.575 0.105 -0.3088982228 2
0 0.575 0.115 -0.1972229443 2
0 0.575 0.125 -0.08276484348 2
0 0.575 0.135 0.03286107197 2
0 0.575 0.145 0.1480233166 2
0 0.575 0.155 0.2610969474 2
0 0.575 0.165 0.3704864917 2
0 0.575 0.175 0.4746484594 2
0 0.575 0.185 0.5721131218 2
0 0.575 0.195 0.6615052493 2
0 0.575 0.205 0.741563516 2
0 0.575 0.215 0.8111582971 2
0 0.575 0.225 0.8693076081 2
0 0.575 0.235 0.9151909601 2
0 0.575 0.245 0.9481609377 2
0 0.575 0.255 0.9677523334 2
0 0.575 0.265 0.9736887118 2
0 0.575 0.275 0.9658863106 2
0 0.575 0.285 0.9444552219 2
0 0.575 0.295 0.9096978389 2
0 0.575 0.305 0.8621045896 2
0 0.575 0.315 0.8023470163 2
0 0.575 0.325 0.7312683002 2
0 0.575 0.335 0.6498713644 2
0 0.575 0.345 0.5593047223 2
0 0.575 0.355 0.4608462723 2
0 0.575 0.365 0.3558852662 2
0 0.575 0.375 0.2459027073 2
0 0.575 0.385 0.1324504532 2
0 0.575 0.395 0.01712931882 2
0 0.575 0.405 0 2
0 0.575 0.415 0 2
0 0.575 0.425 0 2
0 0.575 0.435 0 2
0 0.575 0.445 0 2
0 0.575 0.455 0 2
0 0.575 0.465 0 2
0 0.585 -0.455 0 2
0 0.585 -0.445 0 2
0 0.585 -0.435 0 2
0 0.585 -0.425 0 2
0 0.585 -0.415 0 2
0 0.585 -0.405 0 2
0 0.585 -0.395 0.01711317295 2
0 0.585 -0.385 0.1323256072 2
0 0.585 -0.375 0.2456709227 2
0 0.585 -0.365 0.3555498135 2
0 0.585 -0.355 0.4604118848 2
0 0.585 -0.345 0.5587775292 2
0 0.585 -0.335 0.6492588044 2
0 0.585 -0.325 0.7305790165 2
0 0.585 -0.315 0.8015907347 2
0 0.585 -0.305 0.8612919814 2
0 0.585 -0.295 0.9088403699 2
0 0.585 -0.285 0.943564991 2
0 0.585 -0.275 0.9649758791 2
0 0.585 -0.265 0.9727709259 2
0 0.585 -0.255 0.966840143 2
0 0.585 -0.245 0.9472672139 2
0 0.585 -0.235 0.9143283134 2
0 0.585 -0.225 0.8684882103 2
0 0.585 -0.215 0.8103937101 2
0 0.585 -0.205 0.7408645281 2
0 0.585 -0.195 0.6608817233 2
0 0.585 -0.185 0.5715738556 2
0 0.585 -0.175 0.4742010621 2
0 0.585 -0.165 0.3701372761 2
0 0.585 -0.155 0.2608508409 2
0 0.585 -0.145 0.1478837918 2
0 0.585 -0.135 0.03283009756 2
0 0.585 -0.125 -0.08268683044 2
0 0.585 -0.115 -0.1970370446 2
0 0.585 -0.105 -0.3086070595 2
0 0.585 -0.095 -0.4158226187 2
0 0.585 -0.085 -0.5171709071 2
0 0.585 -0.075 -0.6112218971 2
0 0.585 -0.065 -0.696648526 2
0 0.585 -0.055 -0.7722454213 2
0 0.585 -0.045 -0.8369459084 2
0 0.585 -0.035 -0.8898370613 2
0 0.585 -0.025 -0.930172584 2
0 0.585 -0.015 -0.9573833411 2
0 0.585 -0.005 -0.9710853878 2
0 0.585 0.005 -0.9710853878 2
0 0.585 0.015 -0.9573833411 2
0 0.585 0.025 -0.930172584 2
0 0.585 0.035 -0.8898370613 2
0 0.585 0.045 -0.8369459084 2
0 0.585 0.055 -0.7722454213 2
0 0.585 0.065 -0.696648526 2
0 0.585 0.075 -0.6112218971 2
0 0.585 0.085 -0.5171709071 2
0 0.585 0.095 -0.4158226187 2
0 0.585 0.105 -0.3086070595 2
0 0.585 0.115 -0.1970370446 2
0 0.585 0.125 -0.08268683044 2
0 0.585 0.135 0.03283009756 2
0 0.585 0.145 0.1478837918 2
0 0.585 0.155 0.2608508409 2
0 0.585 0.165 0.3701372761 2
0 0.585 0.175 0.4742010621 2
0 0.585 0.185 0.5715738556 2
0 0.585 0.195 0.6608817233 2
0 0.585 0.205 0.7408645281 2
0 0.585 0.215 0.8103937101 2
0 0.585 0.225 0.8684882103 2
0 0.585 0.235 0.9143283134 2
0 0.585 0.245 0.9472672139 2
0 0.585 0.255 0.966840143 2
0 0.585 0.265 0.9727709259 2
0 0.585 0.275 0.9649758791 2
0 0.585 0.285 0.943564991 2
0 0.585 0.295 0.9088403699 2
0 0.585 0.305 0.8612919814 2
0 0.585 0.315 0.8015907347 2
0 0.585 0.325 0.7305790165 2
0 0.585 0.335 0.6492588044 2
0 0.585 0.345 0.5587775292 2
0 0.585 0.355 0.4604118848 2
0 0.585 0.365 0.3555498135 2
0 0.585 0.375 0.2456709227 2
0 0.585 0.385 0.1323256072 2
0 0.585 0.395 0.01711317295 2
0 0.585 0.405 0 2
0 0.585 0.415 0 2
0 0.585 0.425 0 2
0 0.585 0.435 0 2
0 0.585 0.445 0 2
0 0.585 0.455 0 2
0 0.585 0.465 0 2
0 0.595 -0.455 0 2
0 0.595 -0.445 0 2
0 0.595 -0.435 0 2
0 0.595 -0.425 0 2
0 0.595 -0.415 0 2
0 0.595 -0.405 0 2
0 0.595 -0.395 0.01709675384 2
0 0.595 -0.385 0.1321986483 2
0 0.595 -0.375 0.2454352155 2
0 0.595 -0.365 0.3552086838 2
0 0.595 -0.355 0.4599701458 2
0 0.595 -0.345 0.5582414141 2
0 0.595 -0.335 0.6486358776 2
0 0.595 -0.325 0.7298780676 2
0 0.595 -0.315 0.8008216542 2
0 0.595 -0.305 0.8604656209 2
0 0.595 -0.295 0.9079683895 2
0 0.595 -0.285 0.9426596943 2
0 0.595 -0.275 0.9640500399 2
0 0.595 -0.265 0.9718376077 2
0 0.595 -0.255 0.9659125151 2
0 0.595 -0.245 0.9463583651 2
0 0.595 -0.235 0.9134510676 2
0 0.595 -0.225 0.8676549455 2
0 0.595 -0.215 0.8096161837 2
0 0.595 -0.205 0.7401537109 2
0 0.595 -0.195 0.660247645 2
0 0.595 -0.185 0.5710254632 2
0 0.595 -0.175 0.4737460933 2
0 0.595 -0.165 0.3697821505 2
0 0.595 -0.155 0.2606005694 2
0 0.595 -0.145 0.1477419058 2
0 0.595 -0.135 0.03279859895 2
0 0.595 -0.125 -0.08260749715 2
0 0.595 -0.115 -0.1968479988 2
0 0.595 -0.105 -0.3083109686 2
0 0.595 -0.095 -0.4154236607 2
0 0.595 -0.085 -0.5166747112 2
0 0.595 -0.075 -0.6106354646 2
0 0.595 -0.065 -0.6959801315 2
0 0.595 -0.055 -0.7715044959 2
0 0.595 -0.045 -0.8361429066 2
0 0.595 -0.035 -0.8889833135 2
0 0.595 -0.025 -0.9292801366 2
0 0.595 -0.015 -0.9564647865 2
0 0.595 -0.005 -0.9701536868 2
0 0.595 0.005 -0.9701536868 2
0 0.595 0.015 -0.9564647865 2
0 0.595 0.025 -0.9292801366 2
0 0.595 0.035 -0.8889833135 2
0 0.595 0.045 -0.8361429066 2
0 0.595 0.055 -0.7715044959 2
0 0.595 0.065 -0.6959801315 2
0 0.595 0.075 -0.6106354646 2
0 0.595 0.085 -0.5166747112 2
0 0.595 0.095 -0.4154236607 2
0 0.595 0.105 -0.3083109686 2
0 0.595 0.115 -0.1968479988 2
0 0.595 0.125 -0.08260749715 2
0 0.595 0.135 0.03279859895 2
0 0.595 0.145 0.1477419058 2
0 0.595 0.155 0.2606005694 2
0 0.595 0.165 0.3697821505 2
0 0.595 0.175 0.4737460933 2
0 0.595 0.185 0.5710254632 2
0 0.595 0.195 0.660247645 2
0 0.595 0.205 0.7401537109 2
0 0.595 0.215 0.8096161837 2
0 0.595 0.225 0.8676549455 2
0 0.595 0.235 0.9134510676 2
0 0.595 0.245 0.9463583651 2
0 0.595 0.255 0.9659125151 2
0 0.595 0.265 0.9718376077 2
0 0.595 0.275 0.9640500399 2
0 0.595 0.285 0.9426596943 2
0 0.595 0.295 0.9079683895 2
0 0.595 0.305 0.8604656209 2
0 0.595 0.315 0.8008216542 2
0 0.595 0.325 0.7298780676 2
0 0.595 0.335 0.6486358776 2
0 0.595 0.345 0.5582414141 2
0 0.595 0.355 0.4599701458 2
0 0.595 0.365 0.3552086838 2
0 0.595 0.375 0.2454352155 2
0 0.595 0.385 0.1321986483 2
0 0.595 0.395 0.01709675384 2
0 0.595 0.405 0 2
0 0.595 0.415 0 2
0 0.595 0.425 0 2
0 0.595 0.435 0 2
0 0.595 0.445 0 2
0 0.595 0.455 0 2
0 0.595 0.465 0 2
0 0.605 -0.455 0 2
0 0.605 -0.445 0 2
0 0.605 -0.435 0 2
0 0.605 -0.425 0 2
0 0.605 -0.415 0 2
0 0.605 -0.405 0 2
0 0.605 -0.395 0.01708006174 2
0 0.605 -0.385 0.1320695786 2
0 0.605 -0.375 0.2451955894 2
0 0.605 -0.365 0.3548618824 2
0 0.605 -0.355 0.4595210626 2
0 0.605 -0.345 0.5576963855 2
0 0.605 -0.335 0.6480025941 2
0 0.605 -0.325 0.7291654649 2
0 0.605 -0.315 0.800039787 2
0 0.605 -0.305 0.8596255214 2
0 0.605 -0.295 0.9070819116 2
0 0.605 -0.285 0.9417393461 2
0 0.605 -0.275 0.9631088077 2
0 0.605 -0.265 0.9708887723 2
0 0.605 -0.255 0.9649694645 2
0 0.605 -0.245 0.9454344059 2
0 0.605 -0.235 0.9125592367 2
0 0.605 -0.225 0.8668078268 2
0 0.605 -0.215 0.8088257301 2
0 0.605 -0.205 0.7394310757 2
0 0.605 -0.195 0.6596030246 2
0 0.605 -0.185 0.5704679531 2
0 0.605 -0.175 0.4732835602 2
0 0.605 -0.165 0.3694211206 2
0 0.605 -0.155 0.2603461369 2
0 0.605 -0.145 0.1475976607 2
0 0.605 -0.135 0.03276657666 2
0 0.605 -0.125 -0.08252684487 2
0 0.605 -0.115 -0.1966558099 2
0 0.605 -0.105 -0.308009955 2
0 0.605 -0.095 -0.4150180695 2
0 0.605 -0.085 -0.5161702655 2
0 0.605 -0.075 -0.6100392821 2
0 0.605 -0.065 -0.6953006243 2
0 0.605 -0.055 -0.770751252 2
0 0.605 -0.045 -0.8353265542 2
0 0.605 -0.035 -0.8881153713 2
0 0.605 -0.025 -0.9283728513 2
0 0.605 -0.015 -0.95553096 2
0 0.605 -0.005 -0.9692064954 2
0 0.605 0.005 -0.9692064954 2
0 0.605 0.015 -0.95553096 2
0 0.605 0.025 -0.9283728513 2
0 0.605 0.035 -0.8881153713 2
0 0.605 0.045 -0.8353265542 2
0 0.605 0.055 -0.770751252 2
0 0.605 0.065 -0.6953006243 2
0 0.605 0.075 -0.6100392821 2
0 0.605 0.085 -0.5161702655 2
0 0.605 0.095 -0.4150180695 2
0 0.605 0.105 -0.308009955 2
0 0.605 0.115 -0.1966558099 2
0 0.605 0.125 -0.08252684487 2
0 0.605 0.135 0.03276657666 2
0 0.605 0.145 0.1475976607 2
0 0.605 0.155 0.2603461369 2
0 0.605 0.165 0.3694211206 2
0 0.605 0.175 0.4732835602 2
0 0.605 0.185 0.5704679531 2
0 0.605 0.195 0.6596030246 2
0 0.605 0.205 0.7394310757 2
0 0.605 0.215 0.8088257301 2
0 0.605 0.225 0.8668078268 2
0 0.605 0.235 0.9125592367 2
0 0.605 0.245 0.9454344059 2
0 0.605 0.255 0.9649694645 2
0 0.605 0.265 0.9708887723 2
0 0.605 0.275 0.9631088077 2
0 0.605 0.285 0.9417393461 2
0 0.605 0.295 0.9070819116 2
0 0.605 0.305 0.8596255214 2
0 0.605 0.315 0.800039787 2
0 0.605 0.325 0.7291654649 2
0 0.605 0.335 0.6480025941 2
0 0.605 0.345 0.5576963855 2
0 0.605 0.355 0.4595210626 2
0 0.605 0.365 0.3548618824 2
0 0.605 0.375 0.2451955894 2
0 0.605 0.385 0.1320695786 2
0 0.605 0.395 0.01708006174 2
0 0.605 0.405 0 2
0 0.605 0.415 0 2
0 0.605 0.425 0 2
0 0.605 0.435 0 2
0 0.605 0.445 0 2
0 0.605 0.455 0 2
0 0.605 0.465 0 2
0 0.615 -0.455 0 2
0 0.615 -0.445 0 2
0 0.615 -0.435 0 2
0 0.615 -0.425 0 2
0 0.615 -0.415 0 2
0 0.615 -0.405 0 2
0 0.615 -0.395 0.01706309693 2
0 0.615 -0.385 0.1319384002 2
0 0.615 -0.375 0.2449520483 2
0 0.615 -0.365 0.354509415 2
0 0.615 -0.355 0.4590646422 2
0 0.615 -0.345 0.5571424523 2
0 0.615 -0.335 0.647358964 2
0 0.615 -0.325 0.7284412195 2
0 0.615 -0.315 0.7992451456 2
0 0.615 -0.305 0.8587716963 2
0 0.615 -0.295 0.9061809503 2
0 0.615 -0.285 0.9408039613 2
0 0.615 -0.275 0.9621521976 2
0 0.615 -0.265 0.9699244347 2
0 0.615 -0.255 0.9640110063 2
0 0.615 -0.245 0.9444953509 2
0 0.615 -0.235 0.9116528351 2
0 0.615 -0.225 0.8659468679 2
0 0.615 -0.215 0.808022362 2
0 0.615 -0.205 0.738696634 2
0 0.615 -0.195 0.6589478723 2
0 0.615 -0.185 0.5699013345 2
0 0.615 -0.175 0.4728134701 2
0 0.615 -0.165 0.3690541922 2
0 0.615 -0.155 0.2600875475 2
0 0.615 -0.145 0.147451059 2
0 0.615 -0.135 0.03273403118 2
0 0.615 -0.125 -0.08244487488 2
0 0.615 -0.115 -0.1964604811 2
0 0.615 -0.105 -0.3077040234 2
0 0.615 -0.095 -0.4146058519 2
0 0.615 -0.085 -0.5156575782 2
0 0.615 -0.075 -0.6094333591 2
0 0.615 -0.065 -0.6946100153 2
0 0.615 -0.055 -0.7699857015 2
0 0.615 -0.045 -0.8344968641 2
0 0.615 -0.035 -0.8872332486 2
0 0.615 -0.025 -0.9274507428 2
0 0.615 -0.015 -0.9545818766 2
0 0.615 -0.005 -0.9682438288 2
0 0.615 0.005 -0.9682438288 2
0 0.615 0.015 -0.9545818766 2
0 0.615 0.025 -0.9274507428 2
0 0.615 0.035 -0.8872332486 2
0 0.615 0.045 -0.8344968641 2
0 0.615 0.055 -0.7699857015 2
0 0.615 0.065 -0.6946100153 2
0 0.615 0.075 -0.6094333591 2
0 0.615 0.085 -0.5156575782 2
0 0.615 0.095 -0.4146058519 2
0 0.615 0.105 -0.3077040234 2
0 0.615 0.115 -0.1964604811 2
0 0.615 0.125 -0.08244487488 2
0 0.615 0.135 0.03273403118 2
0 0.615 0.145 0.147451059 2
0 0.615 0.155 0.2600875475 2
0 0.615 0.165 0.3690541922 2
0 0.615 0.175 0.4728134701 2
0 0.615 0.185 0.5699013345 2
0 0.615 0.195 0.6589478723 2
0 0.615 0.205 0.738696634 2
0 0.615 0.215 0.808022362 2
0 0.615 0.225 0.8659468679 2
0 0.615 0.235 0.9116528351 2
0 0.615 0.245 0.9444953509 2
0 0.615 0.255 0.9640110063 2
0 0.615 0.265 0.9699244347 2
0 0.615 0.275 0.9621521976 2
0 0.615 0.285 0.9408039613 2
0 0.615 0.295 0.9061809503 2
0 0.615 0.305 0.8587716963 2
0 0.615 0.315 0.7992451456 2
0 0.615 0.325 0.7284412195 2
0 0.615 0.335 0.647358964 2
0 0.615 0.345 0.5571424523 2
0 0.615 0.355 0.4590646422 2
0 0.615 0.365 0.354509415 2
0 0.615 0.375 0.2449520483 2
0 0.615 0.385 0.1319384002 2
0 0.615 0.395 0.01706309693 2
0 0.615 0.405 0 2
0 0.615 0.415 0 2
0 0.615 0.425 0 2
0 0.615 0.435 0 2
0 0.615 0.445 0 2
0 0.615 0.455 0 2
0 0.615 0.465 0 2
0 0.625 -0.455 0 2
0 0.625 -0.445 0 2
0 0.625 -0.435 0 2
0 0.625 -0.425 0 2
0 0.625 -0.415 0 2
0 0.625 -0.405 0 2
0 0.625 -0.395 0.01704585967 2
0 0.625 -0.385 0.1318051151 2
0 0.625 -0.375 0.2447045961 2
0 0.625 -0.365 0.3541512872 2
0 0.625 -0.355 0.458600892 2
0 0.625 -0.345 0.5565796231 2
0 0.625 -0.335 0.6467049976 2
0 0.625 -0.325 0.7277053432 2
0 0.625 -0.315 0.7984377426 2
0 0.625 -0.305 0.8579041593 2
0 0.625 -0.295 0.9052655201 2
0 0.625 -0.285 0.9398535547 2
0 0.625 -0.275 0.9611802248 2
0 0.625 -0.265 0.9689446104 2
0 0.625 -0.255 0.9630371557 2
0 0.625 -0.245 0.9435412152 2
0 0.625 -0.235 0.9107318772 2
0 0.625 -0.225 0.8650720824 2
0 0.625 -0.215 0.8072060923 2
0 0.625 -0.205 0.7379503976 2
0 0.625 -0.195 0.6582821986 2
0 0.625 -0.185 0.5693256163 2
0 0.625 -0.175 0.4723358307 2
0 0.625 -0.165 0.3686813711 2
0 0.625 -0.155 0.2598248053 2
0 0.625 -0.145 0.1473021029 2
0 0.625 -0.135 0.03270096303 2
0 0.625 -0.125 -0.08236158851 2
0 0.625 -0.115 -0.1962620153 2
0 0.625 -0.105 -0.3073931787 2
0 0.625 -0.095 -0.4141870142 2
0 0.625 -0.085 -0.5151366573 2
0 0.625 -0.075 -0.6088177053 2
0 0.625 -0.065 -0.6939083155 2
0 0.625 -0.055 -0.7692078566 2
0 0.625 -0.045 -0.8336538496 2
0 0.625 -0.035 -0.8863369594 2
0 0.625 -0.025 -0.9265138257 2
0 0.625 -0.015 -0.9536175514 2
0 0.625 -0.005 -0.9672657022 2
0 0.625 0.005 -0.9672657022 2
0 0.625 0.015 -0.9536175514 2
0 0.625 0.025 -0.9265138257 2
0 0.625 0.035 -0.8863369594 2
0 0.625 0.045 -0.8336538496 2
0 0.625 0.055 -0.7692078566 2
0 0.625 0.065 -0.6939083155 2
0 0.625 0.075 -0.6088177053 2
0 0.625 0.085 -0.5151366573 2
0 0.625 0.095 -0.4141870142 2
0 0.625 0.105 -0.3073931787 2
0 0.625 0.115 -0.1962620153 2
0 0.625 0.125 -0.08236158851 2
0 0.625 0.135 0.03270096303 2
0 0.625 0.145 0.1473021029 2
0 0.625 0.155 0.2598248053 2
0 0.625 0.165 0.3686813711 2
0 0.625 0.175 0.4723358307 2
0 0.625 0.185 0.5693256163 2
0 0.625 0.195 0.6582821986 2
0 0.625 0.205 0.7379503976 2
0 0.625 0.215 0.8072060923 2
0 0.625 0.225 0.8650720824 2
0 0.625 0.235 0.9107318772 2
0 0.625 0.245 0.9435412152 2
0 0.625 0.255 0.9630371557 2
0 0.625 0.265 0.9689446104 2
0 0.625 0.275 0.9611802248 2
0 0.625 0.285 0.9398535547 2
0 0.625 0.295 0.9052655201 2
0 0.625 0.305 0.8579041593 2
0 0.625 0.315 0.7984377426 2
0 0.625 0.325 0.7277053432 2
0 0.625 0.335 0.6467049976 2
0 0.625 0.345 0.5565796231 2
0 0.625 0.355 0.458600892 2
0 0.625 0.365 0.3541512872 2
0 0.625 0.375 0.2447045961 2
0 0.625 0.385 0.1318051151 2
0 0.625 0.395 0.01704585967 2
0 0.625 0.405 0 2
0 0.625 0.415 0 2
0 0.625 0.425 0 2
0 0.625 0.435 0 2
0 0.625 0.445 0 2
0 0.625 0.455 0 2
0 0.625 0.465 0 2
0 0.635 -0.455 0 2
0 0.635 -0.445 0 2
0 0.635 -0.435 0 2
0 0.635 -0.425 0 2
0 0.635 -0.415 0 2
0 0.635 -0.405 0 2
0 0.635 -0.395 0.01702835024 2
0 0.635 -0.385 0.1316697255 2
0 0.635 -0.375 0.2444532367 2
0 0.635 -0.365 0.3537875046 2
0 0.635 -0.355 0.4581298193 2
0 0.635 -0.345 0.5560079071 2
0 0.635 -0.335 0.6460407052 2
0 0.635 -0.325 0.7269578477 2
0 0.635 -0.315 0.7976175911 2
0 0.635 -0.305 0.8570229241 2
0 0.635 -0.295 0.9043356355 2
0 0.635 -0.285 0.9388881415 2
0 0.635 -0.275 0.9601929049 2
0 0.635 -0.265 0.967949315 2
0 0.635 -0.255 0.9620479284 2
0 0.635 -0.245 0.942572014 2
0 0.635 -0.235 0.9097963776 2
0 0.635 -0.225 0.8641834844 2
0 0.635 -0.215 0.8063769339 2
0 0.635 -0.205 0.7371923784 2
0 0.635 -0.195 0.6576060142 2
0 0.635 -0.185 0.5687408076 2
0 0.635 -0.175 0.4718506495 2
0 0.635 -0.165 0.3683026633 2
0 0.635 -0.155 0.2595579144 2
0 0.635 -0.145 0.1471507949 2
0 0.635 -0.135 0.03266737276 2
0 0.635 -0.125 -0.08227698706 2
0 0.635 -0.115 -0.1960604159 2
0 0.635 -0.105 -0.3070774258 2
0 0.635 -0.095 -0.4137615632 2
0 0.635 -0.085 -0.5146075113 2
0 0.635 -0.075 -0.6081923306 2
0 0.635 -0.065 -0.6931955361 2
0 0.635 -0.055 -0.7684177299 2
0 0.635 -0.045 -0.8327975243 2
0 0.635 -0.035 -0.8854265182 2
0 0.635 -0.025 -0.925562115 2
0 0.635 -0.015 -0.9526379999 2
0 0.635 -0.005 -0.9662721314 2
0 0.635 0.005 -0.9662721314 2
0 0.635 0.015 -0.9526379999 2
0 0.635 0.025 -0.925562115 2
0 0.635 0.035 -0.8854265182 2
0 0.635 0.045 -0.8327975243 2
0 0.635 0.055 -0.7684177299 2
0 0.635 0.065 -0.6931955361 2
0 0.635 0.075 -0.6081923306 2
0 0.635 0.085 -0.5146075113 2
0 0.635 0.095 -0.4137615632 2
0 0.635 0.105 -0.3070774258 2
0 0.635 0.115 -0.1960604159 2
0 0.635 0.125 -0.08227698706 1
0 0.635 0.135 0.03266737276 1
0 0.635 0.145 0.1471507949 1
0 0.635 0.155 0.2595579144 2
0 0.635 0.165 0.3683026633 2
0 0.635 0.175 0.4718506495 2
0 0.635 0.185 0.5687408076 2
0 0.635 0.195 0.6576060142 2
0 0.635 0.205 0.7371923784 2
0 0.635 0.215 0.8063769339 2
0 0.635 0.225 0.8641834844 2
0 0.635 0.235 0.9097963776 2
0 0.635 0.245 0.942572014 2
0 0.635 0.255 0.9620479284 2
0 0.635 0.265 0.967949315 2
0 0.635 0.275 0.9601929049 2
0 0.635 0.285 0.9388881415 2
0 0.635 0.295 0.9043356355 2
0 0.635 0.305 0.8570229241 2
0 0.635 0.315 0.7976175911 2
0 0.635 0.325 0.7269578477 2
0 0.635 0.335 0.6460407052 2
0 0.635 0.345 0.5560079071 2
0 0.635 0.355 0.4581298193 2
0 0.635 0.365 0.3537875046 2
0 0.635 0.375 0.2444532367 2
0 0.635 0.385 0.1316697255 2
0 0.635 0.395 0.01702835024 2
0 0.635 0.405 0 2
0 0.635 0.415 0 2
0 0.635 0.425 0 2
0 0.635 0.435 0 2
0 0.635 0.445 0 2
0 0.635 0.455 0 2
0 0.635 0.465 0 2
0 0.645 -0.455 0 2
0 0.645 -0.445 0 2
0 0.645 -0.435 0 2
0 0.645 -0.425 0 2
0 0.645 -0.415 0 2
0 0.645 -0.405 0 2
0 0.645 -0.395 0.01701056893 2
0 0.645 -0.385 0.1315322336 2
0 0.645 -0.375 0.2441979741 2
0 0.645 -0.365 0.3534180731 2
0 0.645 -0.355 0.4576514316 2
0 0.645 -0.345 0.5554273134 2
0 0.645 -0.335 0.6453660975 2
0 0.645 -0.325 0.7261987448 2
0 0.645 -0.315 0.796784704 2
0 0.645 -0.305 0.8561280049 2
0 0.645 -0.295 0.9033913115 2
0 0.645 -0.285 0.9379077371 2
0 0.645 -0.275 0.9591902537 2
0 0.645 -0.265 0.9669385644 2
0 0.645 -0.255 0.9610433401 2
0 0.645 -0.245 0.9415877629 2
0 0.645 -0.235 0.9088463513 2
0 0.645 -0.225 0.863281088 2
0 0.645 -0.215 0.8055349002 2
0 0.645 -0.205 0.7364225884 2
0 0.645 -0.195 0.6569193298 2
0 0.645 -0.185 0.5681469179 2
0 0.645 -0.175 0.4713579344 2
0 0.645 -0.165 0.3679180749 2
0 0.645 -0.155 0.2592868793 2
0 0.645 -0.145 0.1469971373 2
0 0.645 -0.135 0.03263326088 2
0 0.645 -0.125 -0.08219107191 2
0 0.645 -0.115 -0.195855686 2
0 0.645 -0.105 -0.3067567699 2
0 0.645 -0.095 -0.4133295057 2
0 0.645 -0.085 -0.5140701486 2
0 0.645 -0.075 -0.6075572449 2
0 0.645 -0.065 -0.6924716885 2
0 0.645 -0.055 -0.7676153338 2
0 0.645 -0.045 -0.8319279016 2
0 0.645 -0.035 -0.8845019394 2
0 0.645 -0.025 -0.9245956259 2
0 0.645 -0.015 -0.9516432376 2
0 0.645 -0.005 -0.9652631321 2
0 0.645 0.005 -0.9652631321 2
0 0.645 0.015 -0.9516432376 2
0 0.645 0.025 -0.9245956259 2
0 0.645 0.035 -0.8845019394 2
0 0.645 0.045 -0.8319279016 2
0 0.645 0.055 -0.7676153338 2
0 0.645 0.065 -0.6924716885 2
0 0.645 0.075 -0.6075572449 2
0 0.645 0.085 -0.5140701486 2
0 0.645 0.095 -0.4133295057 2
0 0.645 0.105 -0.3067567699 1
0 0.645 0.115 -0.195855686 1
0 0.645 0.125 -0.08219107191 1
0 0.645 0.135 0.03263326088 1
0 0.645 0.145 0.1469971373 1
0 0.645 0.155 0.2592868793 1
0 0.645 0.165 0.3679180749 2
0 0.645 0.175 0.4713579344 2
0 0.645 0.185 0.5681469179 2
0 0.645 0.195 0.6569193298 2
0 0.645 0.205 0.7364225884 2
0 0.645 0.215 0.8055349002 2
0 0.645 0.225 0.863281088 2
0 0.645 0.235 0.9088463513 2
0 0.645 0.245 0.9415877629 2
0 0.645 0.255 0.9610433401 2
0 0.645 0.265 0.9669385644 2
0 0.645 0.275 0.9591902537 2
0 0.645 0.285 0.9379077371 2
0 0.645 0.295 0.9033913115 2
0 0.645 0.305 0.8561280049 2
0 0.645 0.315 0.796784704 2
0 0.645 0.325 0.7261987448 2
0 0.645 0.335 0.6453660975 2
0 0.645 0.345 0.5554273134 2
0 0.645 0.355 0.4576514316 2
0 0.645 0.365 0.3534180731 2
0 0.645 0.375 0.2441979741 2
0 0.645 0.385 0.1315322336 2
0 0.645 0.395 0.01701056893 2
0 0.645 0.405 0 2
0 0.645 0.415 0 2
0 0.645 0.425 0 2
0 0.645 0.435 0 2
0 0.645 0.445 0 2
0 0.645 0.455 0 2
0 0.645 0.465 0 2
0 0.655 -0.455 0 2
0 0.655 -0.445 0 2
0 0.655 -0.435 0 2
0 0.655 -0.425 0 2
0 0.655 -0.415 0 2
0 0.655 -0.405 0 2
0 0.655 -0.395 0.016992516 2
0 0.655 -0.385 0.1313926414 2
0 0.655 -0.375 0.2439388124 2
0 0.655 -0.365 0.3530429987 2
0 0.655 -0.355 0.4571657367 2
0 0.655 -0.345 0.5548378511 2
0 0.655 -0.335 0.6446811853 2
0 0.655 -0.325 0.7254280468 2
0 0.655 -0.315 0.7959390947 2
0 0.655 -0.305 0.8552194159 2
0 0.655 -0.295 0.902432563 2
0 0.655 -0.285 0.9369123571 2
0 0.655 -0.275 0.9581722871 2
0 0.655 -0.265 0.9659123747 2
0 0.655 -0.255 0.9600234069 2
0 0.655 -0.245 0.9405884774 2
0 0.655 -0.235 0.9078818136 2
0 0.655 -0.225 0.8623649076 2
0 0.655 -0.215 0.8046800045 2
0 0.655 -0.205 0.7356410401 2
0 0.655 -0.195 0.6562221564 2
0 0.655 -0.185 0.5675439566 2
0 0.655 -0.175 0.470857693 2
0 0.655 -0.165 0.3675276119 2
0 0.655 -0.155 0.2590117041 2
0 0.655 -0.145 0.1468411326 2
0 0.655 -0.135 0.03259862795 2
0 0.655 -0.125 -0.08210384441 2
0 0.655 -0.115 -0.1956478288 2
0 0.655 -0.105 -0.306431216 2
0 0.655 -0.095 -0.4128908486 2
0 0.655 -0.085 -0.5135245778 2
0 0.655 -0.075 -0.6069124583 2
0 0.655 -0.065 -0.6917367842 2
0 0.655 -0.055 -0.7668006813 2
0 0.655 -0.045 -0.8310449957 2
0 0.655 -0.035 -0.8835632378 2
0 0.655 -0.025 -0.9236143737 2
0 0.655 -0.015 -0.9506332805 2
0 0.655 -0.005 -0.9642387205 2
0 0.655 0.005 -0.9642387205 2
0 0.655 0.015 -0.9506332805 2
0 0.655 0.025 -0.9236143737 2
0 0.655 0.035 -0.8835632378 2
0 0.655 0.045 -0.8310449957 2
0 0.655 0.055 -0.7668006813 2
0 0.655 0.065 -0.6917367842 2
0 0.655 0.075 -0.6069124583 2
0 0.655 0.085 -0.5135245778 2
0 0.655 0.095 -0.4128908486 1
0 0.655 0.105 -0.306431216 1
0 0.655 0.115 -0.1956478288 1
0 0.655 0.125 -0.08210384441 1
0 0.655 0.135 0.03259862795 1
0 0.655 0.145 0.1468411326 1
0 0.655 0.155 0.2590117041 1
0 0.655 0.165 0.3675276119 2
0 0.655 0.175 0.470857693 2
0 0.655 0.185 0.5675439566 2
0 0.655 0.195 0.6562221564 2
0 0.655 0.205 0.7356410401 2
0 0.655 0.215 0.8046800045 2
0 0.655 0.225 0.8623649076 2
0 0.655 0.235 0.9078818136 2
0 0.655 0.245 0.9405884774 2
0 0.655 0.255 0.9600234069 2
0 0.655 0.265 0.9659123747 2
0 0.655 0.275 0.9581722871 2
0 0.655 0.285 0.9369123571 2
0 0.655 0.295 0.902432563 2
0 0.655 0.305 0.8552194159 2
0 0.655 0.315 0.7959390947 2
0 0.655 0.325 0.7254280468 2
0 0.655 0.335 0.6446811853 2
0 0.655 0.345 0.5548378511 2
0 0.655 0.355 0.4571657367 2
0 0.655 0.365 0.3530429987 2
0 0.655 0.375 0.2439388124 2
0 0.655 0.385 0.1313926414 2
0 0.655 0.395 0.016992516 2
0 0.655 0.405 0 2
0 0.655 0.415 0 2
0 0.655 0.425 0 2
0 0.655 0.435 0 2
0 0.655 0.445 0 2
0 0.655 0.455 0 2
0 0.655 0.465 0 2
0 0.665 -0.455 0 2
0 0.665 -0.445 0 2
0 0.665 -0.435 0 2
0 0.665 -0.425 0 2
0 0.665 -0.415 0 2
0 0.665 -0.405 0 2
0 0.665 -0.395 0.01697419175 2
0 0.665 -0.385 0.1312509513 2
0 0.665 -0.375 0.2436757557 2
0 0.665 -0.365 0.3526622872 2
0 0.665 -0.355 0.4566727422 2
0 0.665 -0.345 0.5542395298 2
0 0.665 -0.335 0.6439859795 2
0 0.665 -0.325 0.7246457658 2
0 0.665 -0.315 0.7950807767 2
0 0.665 -0.305 0.8542971716 2
0 0.665 -0.295 0.9014594055 2
0 0.665 -0.285 0.9359020175 2
0 0.665 -0.275 0.9571390214 2
0 0.665 -0.265 0.9648707623 2
0 0.665 -0.255 0.958988145 2
0 0.665 -0.245 0.9395741736 2
0 0.665 -0.235 0.9069027797 2
0 0.665 -0.225 0.8614349579 2
0 0.665 -0.215 0.8038122605 2
0 0.665 -0.205 0.7348477457 2
0 0.665 -0.195 0.6555145052 2
0 0.665 -0.185 0.5669319334 2
0 0.665 -0.175 0.4703499335 2
0 0.665 -0.165 0.3671312806 2
0 0.665 -0.155 0.2587323932 2
0 0.665 -0.145 0.1466827833 2
0 0.665 -0.135 0.03256347452 2
0 0.665 -0.125 -0.08201530597 2
0 0.665 -0.115 -0.1954368478 2
0 0.665 -0.105 -0.3061007693 2
0 0.665 -0.095 -0.4124455989 2
0 0.665 -0.085 -0.5129708075 2
0 0.665 -0.075 -0.6062579813 2
0 0.665 -0.065 -0.690990835 2
0 0.665 -0.055 -0.7659737853 2
0 0.665 -0.045 -0.8301488204 2
0 0.665 -0.035 -0.8826104284 2
0 0.665 -0.025 -0.9226183743 2
0 0.665 -0.015 -0.9496081447 2
0 0.665 -0.005 -0.963198913 2
0 0.665 0.005 -0.963198913 2
0 0.665 0.015 -0.9496081447 2
0 0.665 0.025 -0.9226183743 2
0 0.665 0.035 -0.8826104284 2
0 0.665 0.045 -0.8301488204 2
0 0.665 0.055 -0.7659737853 2
0 0.665 0.065 -0.690990835 2
0 0.665 0.075 -0.6062579813 2
0 0.665 0.085 -0.5129708075 1
0 0.665 0.095 -0.4124455989 1
0 0.665 0.105 -0.3061007693 1
0 0.665 0.115 -0.1954368478 1
0 0.665 0.125 -0.08201530597 1
0 0.665 0.135 0.03256347452 1
0 0.665 0.145 0.1466827833 1
0 0.665 0.155 0.2587323932 1
0 0.665 0.165 0.3671312806 2
0 0.665 0.175 0.4703499335 2
0 0.665 0.185 0.5669319334 2
0 0.665 0.195 0.6555145052 2
0 0.665 0.205 0.7348477457 2
0 0.665 0.215 0.8038122605 2
0 0.665 0.225 0.8614349579 2
0 0.665 0.235 0.9069027797 2
0 0.665 0.245 0.9395741736 2
0 0.665 0.255 0.958988145 2
0 0.665 0.265 0.9648707623 2
0 0.665 0.275 0.9571390214 2
0 0.665 0.285 0.9359020175 2
0 0.665 0.295 0.9014594055 2
0 0.665 0.305 0.8542971716 2
0 0.665 0.315 0.7950807767 2
0 0.665 0.325 0.7246457658 2
0 0.665 0.335 0.6439859795 2
0 0.665 0.345 0.5542395298 2
0 0.665 0.355 0.4566727422 2
0 0.665 0.365 0.3526622872 2
0 0.665 0.375 0.2436757557 2
0 0.665 0.385 0.1312509513 2
0 0.665 0.395 0.01697419175 2
0 0.665 0.405 0 2
0 0.665 0.415 0 2
0 0.665 0.425 0 2
0 0.665 0.435 0 2
0 0.665 0.445 0 2
0 0.665 0.455 0 2
0 0.665 0.465 0 2
0 0.675 -0.455 0 2
0 0.675 -0.445 0 2
0 0.675 -0.435 0 2
0 0.675 -0.425 0 2
0 0.675 -0.415 0 2
0 0.675 -0.405 0 2
0 0.675 -0.395 0.01695559648 2
0 0.675 -0.385 0.1311071656 2
0 0.675 -0.375 0.2434088083 2
0 0.675 -0.365 0.3522759447 2
0 0.675 -0.355 0.456172456 2
0 0.675 -0.345 0.5536323589 2
0 0.675 -0.335 0.6432804912 2
0 0.675 -0.325 0.7238519145 2
0 0.675 -0.315 0.7942097636 2
0 0.675 -0.305 0.8533612869 2
0 0.675 -0.295 0.9004718544 2
0 0.675 -0.285 0.9348767345 2
0 0.675 -0.275 0.9560904731 2
0 0.675 -0.265 0.9638137439 2
0 0.675 -0.255 0.957937571 2
0 0.675 -0.245 0.9385448677 2
0 0.675 -0.235 0.9059092654 2
0 0.675 -0.225 0.8604912536 2
0 0.675 -0.215 0.8029316821 2
0 0.675 -0.205 0.7340427181 2
0 0.675 -0.195 0.6547963873 2
0 0.675 -0.185 0.566310858 2
0 0.675 -0.175 0.4698346639 2
0 0.675 -0.165 0.3667290873 2
0 0.675 -0.155 0.2584489512 2
0 0.675 -0.145 0.1465220919 2
0 0.675 -0.135 0.03252780115 2
0 0.675 -0.125 -0.08192545799 2
0 0.675 -0.115 -0.1952227462 2
0 0.675 -0.105 -0.3057654351 2
0 0.675 -0.095 -0.4119937637 2
0 0.675 -0.085 -0.5124088467 2
0 0.675 -0.075 -0.6055938241 2
0 0.675 -0.065 -0.6902338527 2
0 0.675 -0.055 -0.7651346591 2
0 0.675 -0.045 -0.8292393902 2
0 0.675 -0.035 -0.8816435264 2
0 0.675 -0.025 -0.9216076435 2
0 0.675 -0.015 -0.9485678465 2
0 0.675 -0.005 -0.9621437261 2
0 0.675 0.005 -0.9621437261 2
0 0.675 0.015 -0.9485678465 2
0 0.675 0.025 -0.9216076435 2
0 0.675 0.035 -0.8816435264 2
0 0.675 0.045 -0.8292393902 2
0 0.675 0.055 -0.7651346591 2
0 0.675 0.065 -0.6902338527 2
0 0.675 0.075 -0.6055938241 2
0 0.675 0.085 -0.5124088467 1
0 0.675 0.095 -0.4119937637 1
0 0.675 0.105 -0.3057654351 1
0 0.675 0.115 -0.1952227462 1
0 0.675 0.125 -0.08192545799 1
0 0.675 0.135 0.03252780115 1
0 0.675 0.145 0.1465220919 1
0 0.675 0.155 0.2584489512 1
0 0.675 0.165 0.3667290873 2
0 0.675 0.175 0.4698346639 2
0 0.675 0.185 0.566310858 2
0 0.675 0.195 0.6547963873 2
0 0.675 0.205 0.7340427181 2
0 0.675 0.215 0.8029316821 2
0 0.675 0.225 0.8604912536 2
0 0.675 0.235 0.9059092654 2
0 0.675 0.245 0.9385448677 2
0 0.675 0.255 0.957937571 2
0 0.675 0.265 0.9638137439 2
0 0.675 0.275 0.9560904731 2
0 0.675 0.285 0.9348767345 2
0 0.675 0.295 0.9004718544 2
0 0.675 0.305 0.8533612869 2
0 0.675 0.315 0.7942097636 2
0 0.675 0.325 0.7238519145 2
0 0.675 0.335 0.6432804912 2
0 0.675 0.345 0.5536323589 2
0 0.675 0.355 0.456172456 2
0 0.675 0.365 0.3522759447 2
0 0.675 0.375 0.2434088083 2
0 0.675 0.385 0.1311071656 2
0 0.675 0.395 0.01695559648 2
0 0.675 0.405 0 2
0 0.675 0.415 0 2
0 0.675 0.425 0 2
0 0.675 0.435 0 2
0 0.675 0.445 0 2
0 0.675 0.455 0 2
0 0.675 0.465 0 2
0 0.685 -0.455 0 2
0 0.685 -0.445 0 2
0 0.685 -0.435 0 2
0 0.685 -0.425 0 2
0 0.685 -0.415 0 2
0 0.685 -0.405 0 2
0 0.685 -0.395 0.01693673048 2
0 0.685 -0.385 0.1309612864 2
0 0.685 -0.375 0.2431379744 2
0 0.685 -0.365 0.3518839775 2
0 0.685 -0.355 0.4556648861 2
0 0.685 -0.345 0.5530163483 2
0 0.685 -0.335 0.6425647316 2
0 0.685 -0.325 0.7230465055 2
0 0.685 -0.315 0.7933260694 2
0 0.685 -0.305 0.8524117765 2
0 0.685 -0.295 0.8994699255 2
0 0.685 -0.285 0.9338365242 2
0 0.685 -0.275 0.955026659 2
0 0.685 -0.265 0.9627413363 2
0 0.685 -0.255 0.9568717017 2
0 0.685 -0.245 0.937500576 2
0 0.685 -0.235 0.9049012864 2
0 0.685 -0.225 0.85953381 2
0 0.685 -0.215 0.8020382833 2
0 0.685 -0.205 0.7332259701 2
0 0.685 -0.195 0.6540678144 2
0 0.685 -0.185 0.5656807404 2
0 0.685 -0.175 0.4693118925 2
0 0.685 -0.165 0.3663210385 2
0 0.685 -0.155 0.2581613826 2
0 0.685 -0.145 0.1463590611 2
0 0.685 -0.135 0.03249160841 2
0 0.685 -0.125 -0.08183430191 2
0 0.685 -0.115 -0.1950055275 2
0 0.685 -0.105 -0.3054252188 2
0 0.685 -0.095 -0.4115353501 2
0 0.685 -0.085 -0.5118387042 2
0 0.685 -0.075 -0.6049199974 2
0 0.685 -0.065 -0.6894658495 2
0 0.685 -0.055 -0.7642833159 2
0 0.685 -0.045 -0.8283167196 2
0 0.685 -0.035 -0.8806625473 2
0 0.685 -0.025 -0.9205821974 2
0 0.685 -0.015 -0.9475124026 2
0 0.685 -0.005 -0.9610731766 2
0 0.685 0.005 -0.9610731766 2
0 0.685 0.015 -0.9475124026 2
0 0.685 0.025 -0.9205821974 2
0 0.685 0.035 -0.8806625473 2
0 0.685 0.045 -0.8283167196 2
0 0.685 0.055 -0.7642833159 2
0 0.685 0.065 -0.6894658495 2
0 0.685 0.075 -0.6049199974 1
0 0.685 0.085 -0.5118387042 1
0 0.685 0.095 -0.4115353501 1
0 0.685 0.105 -0.3054252188 1
0 0.685 0.115 -0.1950055275 1
0 0.685 0.125 -0.08183430191 1
0 0.685 0.135 0.03249160841 1
0 0.685 0.145 0.1463590611 1
0 0.685 0.155 0.2581613826 1
0 0.685 0.165 0.3663210385 2
0 0.685 0.175 0.4693118925 2
0 0.685 0.185 0.5656807404 2
0 0.685 0.195 0.6540678144 2
0 0.685 0.205 0.7332259701 2
0 0.685 0.215 0.8020382833 2
0 0.685 0.225 0.85953381 2
0 0.685 0.235 0.9049012864 2
0 0.685 0.245 0.937500576 2
0 0.685 0.255 0.9568717017 2
0 0.685 0.265 0.9627413363 2
0 0.685 0.275 0.955026659 2
0 0.685 0.285 0.9338365242 2
0 0.685 0.295 0.8994699255 2
0 0.685 0.305 0.8524117765 2
0 0.685 0.315 0.7933260694 2
0 0.685 0.325 0.7230465055 2
0 0.685 0.335 0.6425647316 2
0 0.685 0.345 0.5530163483 2
0 0.685 0.355 0.4556648861 2
0 0.685 0.365 0.3518839775 2
0 0.685 0.375 0.2431379744 2
0 0.685 0.385 0.1309612864 2
0 0.685 0.395 0.01693673048 2
0 0.685 0.405 0 2
0 0.685 0.415 0 2
0 0.685 0.425 0 2
0 0.685 0.435 0 2
0 0.685 0.445 0 2
0 0.685 0.455 0 2
0 0.685 0.465 0 2
0 0.695 -0.455 0 2
0 0.695 -0.445 0 2
0 0.695 -0.435 0 2
0 0.695 -0.425 0 2
0 0.695 -0.415 0 2
0 0.695 -0.405 0 2
0 0.695 -0.395 0.01691759405 2
0 0.695 -0.385 0.1308133163 2
0 0.695 -0.375 0.2428632583 2
0 0.695 -0.365 0.3514863917 2
0 0.695 -0.355 0.4551500407 2
0 0.695 -0.345 0.5523915076 2
0 0.695 -0.335 0.6418387123 2
0 0.695 -0.325 0.7222295516 2
0 0.695 -0.315 0.7924297083 2
0 0.695 -0.305 0.8514486558 2
0 0.695 -0.295 0.8984536348 2
0 0.695 -0.285 0.9327814035 2
0 0.695 -0.275 0.953947596 2
0 0.695 -0.265 0.9616535566 2
0 0.695 -0.255 0.955790554 2
0 0.695 -0.245 0.9364413153 2
0 0.695 -0.235 0.9038788589 2
0 0.695 -0.225 0.8585626422 2
0 0.695 -0.215 0.8011320784 2
0 0.695 -0.205 0.7323975147 2
0 0.695 -0.195 0.653328798 2
0 0.695 -0.185 0.5650415905 2
0 0.695 -0.175 0.4687816276 2
0 0.695 -0.165 0.3659071406 2
0 0.695 -0.155 0.2578696919 2
0 0.695 -0.145 0.1461936933 2
0 0.695 -0.135 0.03245489687 2
0 0.695 -0.125 -0.08174183918 2
0 0.695 -0.115 -0.1947851952 2
0 0.695 -0.105 -0.3050801257 2
0 0.695 -0.095 -0.4110703657 2
0 0.695 -0.085 -0.5112603893 2
0 0.695 -0.075 -0.604236512 2
0 0.695 -0.065 -0.6886868377 2
0 0.695 -0.055 -0.7634197695 2
0 0.695 -0.045 -0.8273808233 2
0 0.695 -0.035 -0.8796675066 2
0 0.695 -0.025 -0.9195420524 2
0 0.695 -0.015 -0.9464418298 2
0 0.695 -0.005 -0.9599872818 2
0 0.695 0.005 -0.9599872818 2
0 0.695 0.015 -0.9464418298 2
0 0.695 0.025 -0.9195420524 2
0 0.695 0.035 -0.8796675066 2
0 0.695 0.045 -0.8273808233 2
0 0.695 0.055 -0.7634197695 2
0 0.695 0.065 -0.6886868377 2
0 0.695 0.075 -0.604236512 1
0 0.695 0.085 -0.5112603893 1
0 0.695 0.095 -0.4110703657 1
0 0.695 0.105 -0.3050801257 1
0 0.695 0.115 -0.1947851952 1
0 0.695 0.125 -0.08174183918 1
0 0.695 0.135 0.03245489687 1
0 0.695 0.145 0.1461936933 1
0 0.695 0.155 0.2578696919 2
0 0.695 0.165 0.3659071406 2
0 0.695 0.175 0.4687816276 2
0 0.695 0.185 0.5650415905 2
0 0.695 0.195 0.653328798 2
0 0.695 0.205 0.7323975147 2
0 0.695 0.215 0.8011320784 2
0 0.695 0.225 0.8585626422 2
0 0.695 0.235 0.9038788589 2
0 0.695 0.245 0.9364413153 2
0 0.695 0.255 0.955790554 2
0 0.695 0.265 0.9616535566 2
0 0.695 0.275 0.953947596 2
0 0.695 0.285 0.9327814035 2
0 0.695 0.295 0.8984536348 2
0 0.695 0.305 0.8514486558 2
0 0.695 0.315 0.7924297083 2
0 0.695 0.325 0.7222295516 2
0 0.695 0.335 0.6418387123 2
0 0.695 0.345 0.5523915076 2
0 0.695 0.355 0.4551500407 2
0 0.695 0.365 0.3514863917 2
0 0.695 0.375 0.2428632583 2
0 0.695 0.385 0.1308133163 2
0 0.695 0.395 0.01691759405 2
0 0.695 0.405 0 2
0 0.695 0.415 0 2
0 0.695 0.425 0 2
0 0.695 0.435 0 2
0 0.695 0.445 0 2
0 0.695 0.455 0 2
0 0.695 0.465 0 2
0 0.705 -0.455 0 2
0 0.705 -0.445 0 2
0 0.705 -0.435 0 2
0 0.705 -0.425 0 2
0 0.705 -0.415 0 2
0 0.705 -0.405 0 2
0 0.705 -0.395 0.0168981875 2
0 0.705 -0.385 0.1306632574 2
0 0.705 -0.375 0.2425846644 2
0 0.705 -0.365 0.3510831938 2
0 0.705 -0.355 0.4546279279 2
0 0.705 -0.345 0.551757847 2
0 0.705 -0.335 0.6411024447 2
0 0.705 -0.325 0.7214010659 2
0 0.705 -0.315 0.7915206944 2
0 0.705 -0.305 0.8504719399 2
0 0.705 -0.295 0.8974229985 2
0 0.705 -0.285 0.9317113891 2
0 0.705 -0.275 0.9528533014 2
0 0.705 -0.265 0.9605504223 2
0 0.705 -0.255 0.9546941453 2
0 0.705 -0.245 0.9353671025 2
0 0.705 -0.235 0.9028419993 2
0 0.705 -0.225 0.8575777658 2
0 0.705 -0.215 0.8002130818 2
0 0.705 -0.205 0.7315573651 2
0 0.705 -0.195 0.6525793499 2
0 0.705 -0.185 0.5643934186 2
0 0.705 -0.175 0.4682438777 2
0 0.705 -0.165 0.3654874004 2
0 0.705 -0.155 0.2575738838 2
0 0.705 -0.145 0.1460259912 2
0 0.705 -0.135 0.03241766714 2
0 0.705 -0.125 -0.08164807129 2
0 0.705 -0.115 -0.1945617527 2
0 0.705 -0.105 -0.3047301615 2
0 0.705 -0.095 -0.4105988176 2
0 0.705 -0.085 -0.510673911 2
0 0.705 -0.075 -0.6035433787 2
0 0.705 -0.065 -0.6878968296 2
0 0.705 -0.055 -0.7625440336 2
0 0.705 -0.045 -0.8264317163 2
0 0.705 -0.035 -0.8786584203 2
0 0.705 -0.025 -0.9184872252 2
0 0.705 -0.015 -0.9453561452 2
0 0.705 -0.005 -0.9588860589 2
0 0.705 0.005 -0.9588860589 2
0 0.705 0.015 -0.9453561452 2
0 0.705 0.025 -0.9184872252 2
0 0.705 0.035 -0.8786584203 2
0 0.705 0.045 -0.8264317163 2
0 0.705 0.055 -0.7625440336 2
0 0.705 0.065 -0.6878968296 2
0 0.705 0.075 -0.6035433787 1
0 0.705 0.085 -0.510673911 1
0 0.705 0.095 -0.4105988176 1
0 0.705 0.105 -0.3047301615 1
0 0.705 0.115 -0.1945617527 1
0 0.705 0.125 -0.08164807129 1
0 0.705 0.135 0.03241766714 1
0 0.705 0.145 0.1460259912 1
0 0.705 0.155 0.2575738838 2
0 0.705 0.165 0.3654874004 2
0 0.705 0.175 0.4682438777 2
0 0.705 0.185 0.5643934186 2
0 0.705 0.195 0.6525793499 2
0 0.705 0.205 0.7315573651 2
0 0.705 0.215 0.8002130818 2
0 0.705 0.225 0.8575777658 2
0 0.705 0.235 0.9028419993 2
0 0.705 0.245 0.9353671025 2
0 0.705 0.255 0.9546941453 2
0 0.705 0.265 0.9605504223 2
0 0.705 0.275 0.9528533014 2
0 0.705 0.285 0.9317113891 2
0 0.705 0.295 0.8974229985 2
0 0.705 0.305 0.8504719399 2
0 0.705 0.315 0.7915206944 2
0 0.705 0.325 0.7214010659 2
0 0.705 0.335 0.6411024447 2
0 0.705 0.345 0.551757847 2
0 0.705 0.355 0.4546279279 2
0 0.705 0.365 0.3510831938 2
0 0.705 0.375 0.2425846644 2
0 0.705 0.385 0.1306632574 2
0 0.705 0.395 0.0168981875 2
0 0.705 0.405 0 2
0 0.705 0.415 0 2
0 0.705 0.425 0 2
0 0.705 0.435 0 2
0 0.705 0.445 0 2
0 0.705 0.455 0 2
0 0.705 0.465 0 2
0 0.715 -0.455 0 2
0 0.715 -0.445 0 2
0 0.715 -0.435 0 2
0 0.715 -0.425 0 2
0 0.715 -0.415 0 2
0 0.715 -0.405 0 2
0 0.715 -0.395 0.01687851114 2
0 0.715 -0.385 0.1305111122 2
0 0.715 -0.375 0.2423021972 2
0 0.715 -0.365 0.3506743902 2
0 0.715 -0.355 0.4540985561 2
0 0.715 -0.345 0.5511153764 2
0 0.715 -0.335 0.6403559407 2
0 0.715 -0.325 0.7205610617 2
0 0.715 -0.315 0.7905990424 2
0 0.715 -0.305 0.8494816447 2
0 0.715 -0.295 0.8963780331 2
0 0.715 -0.285 0.930626498 2
0 0.715 -0.275 0.9517437925 2
0 0.715 -0.265 0.9594319509 2
0 0.715 -0.255 0.953582493 2
0 0.715 -0.245 0.9342779548 2
0 0.715 -0.235 0.9017907239 2
0 0.715 -0.225 0.8565791964 2
0 0.715 -0.215 0.7992813083 2
0 0.715 -0.205 0.7307055347 2
0 0.715 -0.195 0.6518194821 2
0 0.715 -0.185 0.5637362351 2
0 0.715 -0.175 0.4676986514 2
0 0.715 -0.165 0.3650618244 2
0 0.715 -0.155 0.257273963 2
0 0.715 -0.145 0.1458559576 2
0 0.715 -0.135 0.03237991979 2
0 0.715 -0.125 -0.08155299972 2
0 0.715 -0.115 -0.1943352037 2
0 0.715 -0.105 -0.3043753316 2
0 0.715 -0.095 -0.4101207136 2
0 0.715 -0.085 -0.5100792789 2
0 0.715 -0.075 -0.6028406088 2
0 0.715 -0.065 -0.6870958379 2
0 0.715 -0.055 -0.7616561222 2
0 0.715 -0.045 -0.8254694136 2
0 0.715 -0.035 -0.8776353045 2
0 0.715 -0.025 -0.9174177324 2
0 0.715 -0.015 -0.9442553661 2
0 0.715 -0.005 -0.9577695255 2
0 0.715 0.005 -0.9577695255 2
0 0.715 0.015 -0.9442553661 2
0 0.715 0.025 -0.9174177324 2
0 0.715 0.035 -0.8776353045 2
0 0.715 0.045 -0.8254694136 2
0 0.715 0.055 -0.7616561222 2
0 0.715 0.065 -0.6870958379 2
0 0.715 0.075 -0.6028406088 1
0 0.715 0.085 -0.5100792789 1
0 0.715 0.095 -0.4101207136 1
0 0.715 0.105 -0.3043753316 1
0 0.715 0.115 -0.1943352037 1
0 0.715 0.125 -0.08155299972 1
0 0.715 0.135 0.03237991979 1
0 0.715 0.145 0.1458559576 2
0 0.715 0.155 0.257273963 2
0 0.715 0.165 0.3650618244 2
0 0.715 0.175 0.4676986514 2
0 0.715 0.185 0.5637362351 2
0 0.715 0.195 0.6518194821 2
0 0.715 0.205 0.7307055347 2
0 0.715 0.215 0.7992813083 2
0 0.715 0.225 0.8565791964 2
0 0.715 0.235 0.9017907239 2
0 0.715 0.245 0.9342779548 2
0 0.715 0.255 0.953582493 2
0 0.715 0.265 0.9594319509 2
0 0.715 0.275 0.9517437925 2
0 0.715 0.285 0.930626498 2
0 0.715 0.295 0.8963780331 2
0 0.715 0.305 0.8494816447 2
0 0.715 0.315 0.7905990424 2
0 0.715 0.325 0.7205610617 2
0 0.715 0.335 0.6403559407 2
0 0.715 0.345 0.5511153764 2
0 0.715 0.355 0.4540985561 2
0 0.715 0.365 0.3506743902 2
0 0.715 0.375 0.2423021972 2
0 0.715 0.385 0.1305111122 2
0 0.715 0.395 0.01687851114 2
0 0.715 0.405 0 2
0 0.715 0.415 0 2
0 0.715 0.425 0 2
0 0.715 0.435 0 2
0 0.715 0.445 0 2
0 0.715 0.455 0 2
0 0.715 0.465 0 2
0 0.725 -0.455 0 2
0 0.725 -0.445 0 2
0 0.725 -0.435 0 2
0 0.725 -0.425 0 2
0 0.725 -0.415 0 2
0 0.725 -0.405 0 2
0 0.725 -0.395 0.01685856528 2
0 0.725 -0.385 0.1303568831 2
0 0.725 -0.375 0.2420158611 2
0 0.725 -0.365 0.3502599874 2
0 0.725 -0.355 0.4535619337 2
0 0.725 -0.345 0.5504641062 2
0 0.725 -0.335 0.6395992121 2
0 0.725 -0.325 0.7197095522 2
0 0.725 -0.315 0.7896647669 2
0 0.725 -0.305 0.8484777858 2
0 0.725 -0.295 0.8953187553 2
0 0.725 -0.285 0.9295267477 2
0 0.725 -0.275 0.9506190873 2
0 0.725 -0.265 0.9582981603 2
0 0.725 -0.255 0.9524556149 2
0 0.725 -0.245 0.9331738894 2
0 0.725 -0.235 0.9007250498 2
0 0.725 -0.225 0.8555669501 2
0 0.725 -0.215 0.7983367727 2
0 0.725 -0.205 0.7298420373 2
0 0.725 -0.195 0.6510492067 2
0 0.725 -0.185 0.5630700505 2
0 0.725 -0.175 0.4671459573 2
0 0.725 -0.165 0.3646304194 2
0 0.725 -0.155 0.2569699343 2
0 0.725 -0.145 0.145683595 2
0 0.725 -0.135 0.03234165543 2
0 0.725 -0.125 -0.081456626 2
0 0.725 -0.115 -0.1941055518 2
0 0.725 -0.105 -0.3040156418 2
0 0.725 -0.095 -0.4096360612 2
0 0.725 -0.085 -0.5094765023 2
0 0.725 -0.075 -0.6021282132 2
0 0.725 -0.065 -0.6862838753 2
0 0.725 -0.055 -0.7607560494 2
0 0.725 -0.045 -0.8244939307 2
0 0.725 -0.035 -0.8765981755 2
0 0.725 -0.025 -0.9163335914 2
0 0.725 -0.015 -0.9431395101 2
0 0.725 -0.005 -0.9566376995 2
0 0.725 0.005 -0.9566376995 2
0 0.725 0.015 -0.9431395101 2
0 0.725 0.025 -0.9163335914 2
0 0.725 0.035 -0.8765981755 2
0 0.725 0.045 -0.8244939307 2
0 0.725 0.055 -0.7607560494 2
0 0.725 0.065 -0.6862838753 2
0 0.725 0.075 -0.6021282132 1
0 0.725 0.085 -0.5094765023 1
0 0.725 0.095 -0.4096360612 1
0 0.725 0.105 -0.3040156418 1
0 0.725 0.115 -0.1941055518 1
0 0.725 0.125 -0.081456626 1
0 0.725 0.135 0.03234165543 2
0 0.725 0.145 0.145683595 2
0 0.725 0.155 0.2569699343 2
0 0.725 0.165 0.3646304194 2
0 0.725 0.175 0.4671459573 2
0 0.725 0.185 0.5630700505 2
0 0.725 0.195 0.6510492067 2
0 0.725 0.205 0.7298420373 2
0 0.725 0.215 0.7983367727 2
0 0.725 0.225 0.8555669501 2
0 0.725 0.235 0.9007250498 2
0 0.725 0.245 0.9331738894 2
0 0.725 0.255 0.9524556149 2
0 0.725 0.265 0.9582981603 2
0 0.725 0.275 0.9506190873 2
0 0.725 0.285 0.9295267477 2
0 0.725 0.295 0.8953187553 2
0 0.725 0.305 0.8484777858 2
0 0.725 0.315 0.7896647669 2
0 0.725 0.325 0.7197095522 2
0 0.725 0.335 0.6395992121 2
0 0.725 0.345 0.5504641062 2
0 0.725 0.355 0.4535619337 2
0 0.725 0.365 0.3502599874 2
0 0.725 0.375 0.2420158611 2
0 0.725 0.385 0.1303568831 2
0 0.725 0.395 0.01685856528 2
0 0.725 0.405 0 2
0 0.725 0.415 0 2
0 0.725 0.425 0 2
0 0.725 0.435 0 2
0 0.725 0.445 0 2
0 0.725 0.455 0 2
0 0.725 0.465 0 2
0 0.735 -0.455 0 2
0 0.735 -0.445 0 2
0 0.735 -0.435 0 2
0 0.735 -0.425 0 2
0 0.735 -0.415 0 2
0 0.735 -0.405 0 2
0 0.735 -0.395 0.01683835024 2
0 0.735 -0.385 0.1302005727 2
0 0.735 -0.375 0.2417256608 2
0 0.735 -0.365 0.3498399919 2
0 0.735 -0.355 0.4530180693 2
0 0.735 -0.345 0.5498040468 2
0 0.735 -0.335 0.6388322711 2
0 0.735 -0.325 0.7188465512 2
0 0.735 -0.315 0.7887178828 2
0 0.735 -0.305 0.8474603793 2
0 0.735 -0.295 0.8942451819 2
0 0.735 -0.285 0.9284121557 2
0 0.735 -0.275 0.9494792035 2
0 0.735 -0.265 0.9571490686 2
0 0.735 -0.255 0.9513135289 2
0 0.735 -0.245 0.9320549241 2
0 0.735 -0.235 0.8996449938 2
0 0.735 -0.225 0.854541043 2
0 0.735 -0.215 0.7973794901 2
0 0.735 -0.205 0.7289668864 2
0 0.735 -0.195 0.6502685361 2
0 0.735 -0.185 0.5623948753 2
0 0.735 -0.175 0.4665858044 2
0 0.735 -0.165 0.3641931925 2
0 0.735 -0.155 0.2566618027 2
0 0.735 -0.145 0.1455089064 2
0 0.735 -0.135 0.03230287467 2
0 0.735 -0.125 -0.08135895167 2
0 0.735 -0.115 -0.1938728005 2
0 0.735 -0.105 -0.3036510978 2
0 0.735 -0.095 -0.4091448681 2
0 0.735 -0.085 -0.508865591 2
0 0.735 -0.075 -0.6014062036 2
0 0.735 -0.065 -0.6854609549 2
0 0.735 -0.055 -0.7598438297 2
0 0.735 -0.045 -0.8235052831 2
0 0.735 -0.035 -0.87554705 2
0 0.735 -0.025 -0.9152348192 2
0 0.735 -0.015 -0.9420085951 2
0 0.735 -0.005 -0.9554905988 2
0 0.735 0.005 -0.9554905988 2
0 0.735 0.015 -0.9420085951 2
0 0.735 0.025 -0.9152348192 2
0 0.735 0.035 -0.87554705 2
0 0.735 0.045 -0.8235052831 2
0 0.735 0.055 -0.7598438297 2
0 0.735 0.065 -0.6854609549 2
0 0.735 0.075 -0.6014062036 2
0 0.735 0.085 -0.508865591 1
0 0.735 0.095 -0.4091448681 1
0 0.735 0.105 -0.3036510978 1
0 0.735 0.115 -0.1938728005 2
0 0.735 0.125 -0.08135895167 2
0 0.735 0.135 0.03230287467 2
0 0.735 0.145 0.1455089064 2
0 0.735 0.155 0.2566618027 2
0 0.735 0.165 0.3641931925 2
0 0.735 0.175 0.4665858044 2
0 0.735 0.185 0.5623948753 2
0 0.735 0.195 0.6502685361 2
0 0.735 0.205 0.7289668864 2
0 0.735 0.215 0.7973794901 2
0 0.735 0.225 0.854541043 2
0 0.735 0.235 0.8996449938 2
0 0.735 0.245 0.9320549241 2
0 0.735 0.255 0.9513135289 2
0 0.735 0.265 0.9571490686 2
0 0.735 0.275 0.9494792035 2
0 0.735 0.285 0.9284121557 2
0 0.735 0.295 0.8942451819 2
0 0.735 0.305 0.8474603793 2
0 0.735 0.315 0.7887178828 2
0 0.735 0.325 0.7188465512 2
0 0.735 0.335 0.6388322711 2
0 0.735 0.345 0.5498040468 2
0 0.735 0.355 0.4530180693 2
0 0.735 0.365 0.3498399919 2
0 0.735 0.375 0.2417256608 2
0 0.735 0.385 0.1302005727 2
0 0.735 0.395 0.01683835024 2
0 0.735 0.405 0 2
0 0.735 0.415 0 2
0 0.735 0.425 0 2
0 0.735 0.435 0 2
0 0.735 0.445 0 2
0 0.735 0.455 0 2
0 0.735 0.465 0 2
0 0.745 -0.455 0 2
0 0.745 -0.445 0 2
0 0.745 -0.435 0 2
0 0.745 -0.425 0 2
0 0.745 -0.415 0 2
0 0.745 -0.405 0 2
0 0.745 -0.395 0.01681786634 2
0 0.745 -0.385 0.1300421833 2
0 0.745 -0.375 0.2414316009 2
0 0.745 -0.365 0.3494144106 2
0 0.745 -0.355 0.4524669715 2
0 0.745 -0.345 0.5491352086 2
0 0.745 -0.335 0.6380551299 2
0 0.745 -0.325 0.7179720724 2
0 0.745 -0.315 0.7877584054 2
0 0.745 -0.305 0.8464294414 2
0 0.745 -0.295 0.8931573302 2
0 0.745 -0.285 0.9272827398 2
0 0.745 -0.275 0.9483241595 2
0 0.745 -0.265 0.9559846941 2
0 0.745 -0.255 0.9501562534 2
0 0.745 -0.245 0.9309210768 2
0 0.745 -0.235 0.8985505732 2
0 0.745 -0.225 0.8535014915 2
0 0.745 -0.215 0.7964094758 2
0 0.745 -0.205 0.7280800962 2
0 0.745 -0.195 0.6494774826 2
0 0.745 -0.185 0.5617107204 2
0 0.745 -0.175 0.4660182015 2
0 0.745 -0.165 0.3637501505 2
0 0.745 -0.155 0.2563495729 2
0 0.745 -0.145 0.1453318944 2
0 0.745 -0.135 0.03226357813 2
0 0.745 -0.125 -0.08125997828 2
0 0.745 -0.115 -0.1936369537 2
0 0.745 -0.105 -0.3032817054 2
0 0.745 -0.095 -0.4086471423 2
0 0.745 -0.085 -0.5082465546 2
0 0.745 -0.075 -0.6006745913 2
0 0.745 -0.065 -0.6846270898 2
0 0.745 -0.055 -0.7589194776 2
0 0.745 -0.045 -0.8225034867 2
0 0.745 -0.035 -0.8744819446 2
0 0.745 -0.025 -0.9141214335 2
0 0.745 -0.015 -0.9408626391 2
0 0.745 -0.005 -0.9543282419 2
0 0.745 0.005 -0.9543282419 2
0 0.745 0.015 -0.9408626391 2
0 0.745 0.025 -0.9141214335 2
0 0.745 0.035 -0.8744819446 2
0 0.745 0.045 -0.8225034867 2
0 0.745 0.055 -0.7589194776 2
0 0.745 0.065 -0.6846270898 2
0 0.745 0.075 -0.6006745913 2
0 0.745 0.085 -0.5082465546 2
0 0.745 0.095 -0.4086471423 2
0 0.745 0.105 -0.3032817054 2
0 0.745 0.115 -0.1936369537 2
0 0.745 0.125 -0.08125997828 2
0 0.745 0.135 0.03226357813 2
0 0.745 0.145 0.1453318944 2
0 0.745 0.155 0.2563495729 2
0 0.745 0.165 0.3637501505 2
0 0.745 0.175 0.4660182015 2
0 0.745 0.185 0.5617107204 2
0 0.745 0.195 0.6494774826 2
0 0.745 0.205 0.7280800962 2
0 0.745 0.215 0.7964094758 2
0 0.745 0.225 0.8535014915 2
0 0.745 0.235 0.8985505732 2
0 0.745 0.245 0.9309210768 2
0 0.745 0.255 0.9501562534 2
0 0.745 0.265 0.9559846941 2
0 0.745 0.275 0.9483241595 2
0 0.745 0.285 0.9272827398 2
0 0.745 0.295 0.8931573302 2
0 0.745 0.305 0.8464294414 2
0 0.745 0.315 0.7877584054 2
0 0.745 0.325 0.7179720724 2
0 0.745 0.335 0.6380551299 2
0 0.745 0.345 0.5491352086 2
0 0.745 0.355 0.4524669715 2
0 0.745 0.365 0.3494144106 2
0 0.745 0.375 0.2414316009 2
0 0.745 0.385 0.1300421833 2
0 0.745 0.395 0.01681786634 2
0 0.745 0.405 0 2
0 0.745 0.415 0 2
0 0.745 0.425 0 2
0 0.745 0.435 0 2
0 0.745 0.445 0 2
0 0.745 0.455 0 2
0 0.745 0.465 0 2
0 0.755 -0.455 0 2
0 0.755 -0.445 0 2
0 0.755 -0.435 0 2
0 0.755 -0.425 0 2
0 0.755 -0.415 0 2
0 0.755 -0.405 0 2
0 0.755 -0.395 0.01679711391 2
0 0.755 -0.385 0.1298817176 2
0 0.755 -0.375 0.241133686 2
0 0.755 -0.365 0.3489832502 2
0 0.755 -0.355 0.4519086493 2
0 0.755 -0.345 0.5484576025 2
0 0.755 -0.335 0.6372678009 2
0 0.755 -0.325 0.7170861298 2
0 0.755 -0.315 0.7867863498 2
0 0.755 -0.305 0.8453849886 2
0 0.755 -0.295 0.8920552175 2
0 0.755 -0.285 0.926138518 2
0 0.755 -0.275 0.9471539736 2
0 0.755 -0.265 0.9548050555 2
0 0.755 -0.255 0.9489838068 2
0 0.755 -0.245 0.9297723654 2
0 0.755 -0.235 0.8974418055 2
0 0.755 -0.225 0.8524483122 2
0 0.755 -0.215 0.7954267452 2
0 0.755 -0.205 0.7271816808 1
0 0.755 -0.195 0.648676059 1
0 0.755 -0.185 0.5610175967 1
0 0.755 -0.175 0.4654431577 1
0 0.755 -0.165 0.3633013005 2
0 0.755 -0.155 0.25603325 2
0 0.755 -0.145 0.1451525619 2
0 0.755 -0.135 0.03222376645 2
0 0.755 -0.125 -0.08115970742 2
0 0.755 -0.115 -0.1933980152 2
0 0.755 -0.105 -0.3029074705 2
0 0.755 -0.095 -0.4081428916 2
0 0.755 -0.085 -0.507619403 2
0 0.755 -0.075 -0.599933388 2
0 0.755 -0.065 -0.6837822933 2
0 0.755 -0.055 -0.7579830079 2
0 0.755 -0.045 -0.8214885574 2
0 0.755 -0.035 -0.8734028764 2
0 0.755 -0.025 -0.9129934521 2
0 0.755 -0.015 -0.9397016603 2
0 0.755 -0.005 -0.9531506472 2
0 0.755 0.005 -0.9531506472 2
0 0.755 0.015 -0.9397016603 2
0 0.755 0.025 -0.9129934521 2
0 0.755 0.035 -0.8734028764 2
0 0.755 0.045 -0.8214885574 2
0 0.755 0.055 -0.7579830079 2
0 0.755 0.065 -0.6837822933 2
0 0.755 0.075 -0.599933388 2
0 0.755 0.085 -0.507619403 2
0 0.755 0.095 -0.4081428916 2
0 0.755 0.105 -0.3029074705 2
0 0.755 0.115 -0.1933980152 2
0 0.755 0.125 -0.08115970742 2
0 0.755 0.135 0.03222376645 2
0 0.755 0.145 0.1451525619 2
0 0.755 0.155 0.25603325 2
0 0.755 0.165 0.3633013005 2
0 0.755 0.175 0.4654431577 2
0 0.755 0.185 0.5610175967 2
0 0.755 0.195 0.648676059 2
0 0.755 0.205 0.7271816808 2
0 0.755 0.215 0.7954267452 2
0 0.755 0.225 0.8524483122 2
0 0.755 0.235 0.8974418055 2
0 0.755 0.245 0.9297723654 2
0 0.755 0.255 0.9489838068 2
0 0.755 0.265 0.9548050555 2
0 0.755 0.275 0.9471539736 2
0 0.755 0.285 0.926138518 2
0 0.755 0.295 0.8920552175 2
0 0.755 0.305 0.8453849886 2
0 0.755 0.315 0.7867863498 2
0 0.755 0.325 0.7170861298 2
0 0.755 0.335 0.6372678009 2
0 0.755 0.345 0.5484576025 2
0 0.755 0.355 0.4519086493 2
0 0.755 0.365 0.3489832502 2
0 0.755 0.375 0.241133686 2
0 0.755 0.385 0.1298817176 2
0 0.755 0.395 0.01679711391 2
0 0.755 0.405 0 2
0 0.755 0.415 0 2
0 0.755 0.425 0 2
0 0.755 0.435 0 2
0 0.755 0.445 0 2
0 0.755 0.455 0 2
0 0.755 0.465 0 2
0 0.765 -0.455 0 2
0 0.765 -0.445 0 2
0 0.765 -0.435 0 2
0 0.765 -0.425 0 2
0 0.765 -0.415 0 2
0 0.765 -0.405 0 2
0 0.765 -0.395 0.01677609328 2
0 0.765 -0.385 0.1297191781 2
0 0.765 -0.375 0.240831921 2
0 0.765 -0.365 0.3485465176 2
0 0.765 -0.355 0.4513431114 2
0 0.765 -0.345 0.5477712392 2
0 0.765 -0.335 0.6364702967 2
0 0.765 -0.325 0.7161887375 2
0 0.765 -0.315 0.7858017317 2
0 0.765 -0.305 0.8443270376 2
0 0.765 -0.295 0.8909388614 2
0 0.765 -0.285 0.9249795085 2
0 0.765 -0.275 0.9459686645 2
0 0.765 -0.265 0.9536101716 2
0 0.765 -0.255 0.9477962078 2
0 0.765 -0.245 0.9286088084 2
0 0.765 -0.235 0.8963187083 2
0 0.765 -0.225 0.8513815218 2
0 0.765 -0.215 0.7944313141 1
0 0.765 -0.205 0.7262716545 1
0 0.765 -0.195 0.6478642779 1
0 0.765 -0.185 0.5603155152 1
0 0.765 -0.175 0.4648606822 1
0 0.765 -0.165 0.3628466496 1
0 0.765 -0.155 0.255712839 2
0 0.765 -0.145 0.1449709118 2
0 0.765 -0.135 0.03218344024 2
0 0.765 -0.125 -0.08105814068 2
0 0.765 -0.115 -0.1931559886 2
0 0.765 -0.105 -0.3025283992 2
0 0.765 -0.095 -0.4076321241 2
0 0.765 -0.085 -0.5069841464 2
0 0.765 -0.075 -0.5991826057 2
0 0.765 -0.065 -0.6829265788 2
0 0.765 -0.055 -0.7570344355 2
0 0.765 -0.045 -0.8204605114 2
0 0.765 -0.035 -0.8723098626 2
0 0.765 -0.025 -0.911850893 2
0 0.765 -0.015 -0.9385256774 2
0 0.765 -0.005 -0.9519578337 2
0 0.765 0.005 -0.9519578337 2
0 0.765 0.015 -0.9385256774 2
0 0.765 0.025 -0.911850893 2
0 0.765 0.035 -0.8723098626 2
0 0.765 0.045 -0.8204605114 2
0 0.765 0.055 -0.7570344355 2
0 0.765 0.065 -0.6829265788 2
0 0.765 0.075 -0.5991826057 2
0 0.765 0.085 -0.5069841464 2
0 0.765 0.095 -0.4076321241 2
0 0.765 0.105 -0.3025283992 2
0 0.765 0.115 -0.1931559886 2
0 0.765 0.125 -0.08105814068 2
0 0.765 0.135 0.03218344024 2
0 0.765 0.145 0.1449709118 2
0 0.765 0.155 0.255712839 2
0 0.765 0.165 0.3628466496 2
0 0.765 0.175 0.4648606822 2
0 0.765 0.185 0.5603155152 2
0 0.765 0.195 0.6478642779 2
0 0.765 0.205 0.7262716545 2
0 0.765 0.215 0.7944313141 2
0 0.765 0.225 0.8513815218 2
0 0.765 0.235 0.8963187083 2
0 0.765 0.245 0.9286088084 2
0 0.765 0.255 0.9477962078 2
0 0.765 0.265 0.9536101716 2
0 0.765 0.275 0.9459686645 2
0 0.765 0.285 0.9249795085 2
0 0.765 0.295 0.8909388614 2
0 0.765 0.305 0.8443270376 2
0 0.765 0.315 0.7858017317 2
0 0.765 0.325 0.7161887375 2
0 0.765 0.335 0.6364702967 2
0 0.765 0.345 0.5477712392 2
0 0.765 0.355 0.4513431114 2
0 0.765 0.365 0.3485465176 2
0 0.765 0.375 0.240831921 2
0 0.765 0.385 0.1297191781 2
0 0.765 0.395 0.01677609328 2
0 0.765 0.405 0 2
0 0.765 0.415 0 2
0 0.765 0.425 0 2
0 0.765 0.435 0 2
0 0.765 0.445 0 2
0 0.765 0.455 0 2
0 0.765 0.465 0 2
0 0.775 -0.455 0 2
0 0.775 -0.445 0 2
0 0.775 -0.435 0 2
0 0.775 -0.425 0 2
0 0.775 -0.415 0 2
0 0.775 -0.405 0 2
0 0.775 -0.395 0.01675480479 2
0 0.775 -0.385 0.1295545673 2
0 0.775 -0.375 0.2405263106 2
0 0.775 -0.365 0.3481042198 2
0 0.775 -0.355 0.450770367 2
0 0.775 -0.345 0.5470761296 2
0 0.775 -0.335 0.63566263 2
0 0.775 -0.325 0.7152799098 1
0 0.775 -0.315 0.7848045666 1
0 0.775 -0.305 0.8432556053 1
0 0.775 -0.295 0.8898082797 2
0 0.775 -0.285 0.92380573 2
0 0.775 -0.275 0.9447682512 2
0 0.775 -0.265 0.9524000613 2
0 0.775 -0.255 0.9465934754 2
0 0.775 -0.245 0.9274304244 2
0 0.775 -0.235 0.8951812997 2
0 0.775 -0.225 0.8503011375 1
0 0.775 -0.215 0.7934231983 1
0 0.775 -0.205 0.7253500318 1
0 0.775 -0.195 0.6470421525 1
0 0.775 -0.185 0.5596044872 1
0 0.775 -0.175 0.4642707842 1
0 0.775 -0.165 0.3623862053 1
0 0.775 -0.155 0.255388345 2
0 0.775 -0.145 0.1447869469 2
0 0.775 -0.135 0.03214260017 2
0 0.775 -0.125 -0.0809552797 2
0 0.775 -0.115 -0.1929108779 2
0 0.775 -0.105 -0.3021444973 2
0 0.775 -0.095 -0.4071148479 2
0 0.775 -0.085 -0.5063407947 2
0 0.775 -0.075 -0.5984222562 2
0 0.775 -0.065 -0.6820599601 2
0 0.775 -0.055 -0.7560737755 2
0 0.775 -0.045 -0.8194193652 2
0 0.775 -0.035 -0.8712029207 2
0 0.775 -0.025 -0.9106937744 2
0 0.775 -0.015 -0.9373347091 2
0 0.775 -0.005 -0.9507498202 2
0 0.775 0.005 -0.9507498202 2
0 0.775 0.015 -0.9373347091 2
0 0.775 0.025 -0.9106937744 2
0 0.775 0.035 -0.8712029207 2
0 0.775 0.045 -0.8194193652 2
0 0.775 0.055 -0.7560737755 2
0 0.775 0.065 -0.6820599601 2
0 0.775 0.075 -0.5984222562 2
0 0.775 0.085 -0.5063407947 2
0 0.775 0.095 -0.4071148479 2
0 0.775 0.105 -0.3021444973 2
0 0.775 0.115 -0.1929108779 2
0 0.775 0.125 -0.0809552797 2
0 0.775 0.135 0.03214260017 2
0 0.775 0.145 0.1447869469 2
0 0.775 0.155 0.255388345 2
0 0.775 0.165 0.3623862053 2
0 0.775 0.175 0.4642707842 2
0 0.775 0.185 0.5596044872 2
0 0.775 0.195 0.6470421525 2
0 0.775 0.205 0.7253500318 2
0 0.775 0.215 0.7934231983 2
0 0.775 0.225 0.8503011375 2
0 0.775 0.235 0.8951812997 2
0 0.775 0.245 0.9274304244 2
0 0.775 0.255 0.9465934754 2
0 0.775 0.265 0.9524000613 2
0 0.775 0.275 0.9447682512 2
0 0.775 0.285 0.92380573 2
0 0.775 0.295 0.8898082797 2
0 0.775 0.305 0.8432556053 2
0 0.775 0.315 0.7848045666 2
0 0.775 0.325 0.7152799098 2
0 0.775 0.335 0.63566263 2
0 0.775 0.345 0.5470761296 2
0 0.775 0.355 0.450770367 2
0 0.775 0.365 0.3481042198 2
0 0.775 0.375 0.2405263106 2
0 0.775 0.385 0.1295545673 2
0 0.775 0.395 0.01675480479 2
0 0.775 0.405 0 2
0 0.775 0.415 0 2
0 0.775 0.425 0 2
0 0.775 0.435 0 2
0 0.775 0.445 0 2
0 0.775 0.455 0 2
0 0.775 0.465 0 2
0 0.785 -0.455 0 2
0 0.785 -0.445 0 2
0 0.785 -0.435 0 2
0 0.785 -0.425 0 2
0 0.785 -0.415 0 2
0 0.785 -0.405 0 2
0 0.785 -0.395 0.01673324877 2
0 0.785 -0.385 0.1293878879 2
0 0.785 -0.375 0.2402168598 2
0 0.785 -0.365 0.3476563638 2
0 0.785 -0.355 0.4501904252 2
0 0.785 -0.345 0.5463722848 2
0 0.785 -0.335 0.6348448136 1
0 0.785 -0.325 0.7143596613 1
0 0.785 -0.315 0.7837948707 1
0 0.785 -0.305 0.8421707087 1
0 0.785 -0.295 0.8886634904 1
0 0.785 -0.285 0.9226172011 1
0 0.785 -0.275 0.9435527528 2
0 0.785 -0.265 0.9511747442 2
0 0.785 -0.255 0.9453756287 2
0 0.785 -0.245 0.9262372321 2
0 0.785 -0.235 0.8940295978 1
0 0.785 -0.225 0.8492071765 1
0 0.785 -0.215 0.792402414 1
0 0.785 -0.205 0.7244168275 1
0 0.785 -0.195 0.6462096958 1
0 0.785 -0.185 0.558884524 1
0 0.785 -0.175 0.4636734733 1
0 0.785 -0.165 0.3619199747 1
0 0.785 -0.155 0.2550597733 1
0 0.785 -0.145 0.1446006702 1
0 0.785 -0.135 0.03210124688 1
0 0.785 -0.125 -0.0808511261 1
0 0.785 -0.115 -0.192662687 2
0 0.785 -0.105 -0.3017557711 2
0 0.785 -0.095 -0.4065910714 2
0 0.785 -0.085 -0.5056893583 2
0 0.785 -0.075 -0.5976523518 2
0 0.785 -0.065 -0.6811824509 2
0 0.785 -0.055 -0.7551010434 2
0 0.785 -0.045 -0.8183651353 2
0 0.785 -0.035 -0.8700820683 2
0 0.785 -0.025 -0.9095221148 2
0 0.785 -0.015 -0.9361287744 2
0 0.785 -0.005 -0.9495266262 2
0 0.785 0.005 -0.9495266262 2
0 0.785 0.015 -0.9361287744 2
0 0.785 0.025 -0.9095221148 2
0 0.785 0.035 -0.8700820683 2
0 0.785 0.045 -0.8183651353 2
0 0.785 0.055 -0.7551010434 2
0 0.785 0.065 -0.6811824509 2
0 0.785 0.075 -0.5976523518 2
0 0.785 0.085 -0.5056893583 2
0 0.785 0.095 -0.4065910714 2
0 0.785 0.105 -0.3017557711 2
0 0.785 0.115 -0.192662687 2
0 0.785 0.125 -0.0808511261 2
0 0.785 0.135 0.03210124688 2
0 0.785 0.145 0.1446006702 2
0 0.785 0.155 0.2550597733 2
0 0.785 0.165 0.3619199747 2
0 0.785 0.175 0.4636734733 2
0 0.785 0.185 0.558884524 2
0 0.785 0.195 0.6462096958 2
0 0.785 0.205 0.7244168275 2
0 0.785 0.215 0.792402414 2
0 0.785 0.225 0.8492071765 2
0 0.785 0.235 0.8940295978 2
0 0.785 0.245 0.9262372321 2
0 0.785 0.255 0.9453756287 2
0 0.785 0.265 0.9511747442 2
0 0.785 0.275 0.9435527528 2
0 0.785 0.285 0.9226172011 2
0 0.785 0.295 0.8886634904 2
0 0.785 0.305 0.8421707087 2
0 0.785 0.315 0.7837948707 2
0 0.785 0.325 0.7143596613 2
0 0.785 0.335 0.6348448136 2
0 0.785 0.345 0.5463722848 2
0 0.785 0.355 0.4501904252 2
0 0.785 0.365 0.3476563638 2
0 0.785 0.375 0.2402168598 2
0 0.785 0.385 0.1293878879 2
0 0.785 0.395 0.01673324877 2
0 0.785 0.405 0 2
0 0.785 0.415 0 2
0 0.785 0.425 0 2
0 0.785 0.435 0 2
0 0.785 0.445 0 2
0 0.785 0.455 0 2
0 0.785 0.465 0 2
0 0.795 -0.455 0 2
0 0.795 -0.445 0 2
0 0.795 -0.435 0 2
0 0.795 -0.425 0 2
0 0.795 -0.415 0 2
0 0.795 -0.405 0 2
0 0.795 -0.395 0.01671142558 2
0 0.795 -0.385 0.1292191427 2
0 0.795 -0.375 0.2399035734 2
0 0.795 -0.365 0.3472029568 2
0 0.795 -0.355 0.4496032951 2
0 0.795 -0.345 0.5456597162 2
0 0.795 -0.335 0.6340168608 1
0 0.795 -0.325 0.7134280066 1
0 0.795 -0.315 0.7827726599 1
0 0.795 -0.305 0.8410723652 1
0 0.795 -0.295 0.8875045119 1
0 0.795 -0.285 0.9214139408 1
0 0.795 -0.275 0.9423221887 1
0 0.795 -0.265 0.9499342397 2
0 0.795 -0.255 0.9441426873 2
0 0.795 -0.245 0.9250292507 2
0 0.795 -0.235 0.8928636209 1
0 0.795 -0.225 0.8480996562 1
0 0.795 -0.215 0.7913689774 1
0 0.795 -0.205 0.7234720565 1
0 0.795 -0.195 0.645366921 1
0 0.795 -0.185 0.5581556372 1
0 0.795 -0.175 0.463068759 1
0 0.795 -0.165 0.3614479654 1
0 0.795 -0.155 0.2547271291 1
0 0.795 -0.145 0.1444120847 1
0 0.795 -0.135 0.03205938103 1
0 0.795 -0.125 -0.08074568156 1
0 0.795 -0.115 -0.1924114199 2
0 0.795 -0.105 -0.3013622268 2
0 0.795 -0.095 -0.4060608028 2
0 0.795 -0.085 -0.5050298476 2
0 0.795 -0.075 -0.5968729046 2
0 0.795 -0.065 -0.6802940654 2
0 0.795 -0.055 -0.7541162545 2
0 0.795 -0.045 -0.8172978386 2
0 0.795 -0.035 -0.8689473234 2
0 0.795 -0.025 -0.9083359328 2
0 0.795 -0.015 -0.9349078925 2
0 0.795 -0.005 -0.9482882711 2
0 0.795 0.005 -0.9482882711 2
0 0.795 0.015 -0.9349078925 2
0 0.795 0.025 -0.9083359328 2
0 0.795 0.035 -0.8689473234 2
0 0.795 0.045 -0.8172978386 2
0 0.795 0.055 -0.7541162545 2
0 0.795 0.065 -0.6802940654 2
0 0.795 0.075 -0.5968729046 2
0 0.795 0.085 -0.5050298476 2
0 0.795 0.095 -0.4060608028 2
0 0.795 0.105 -0.3013622268 2
0 0.795 0.115 -0.1924114199 2
0 0.795 0.125 -0.08074568156 2
0 0.795 0.135 0.03205938103 2
0 0.795 0.145 0.1444120847 2
0 0.795 0.155 0.2547271291 2
0 0.795 0.165 0.3614479654 2
0 0.795 0.175 0.463068759 2
0 0.795 0.185 0.5581556372 2
0 0.795 0.195 0.645366921 2
0 0.795 0.205 0.7234720565 2
0 0.795 0.215 0.7913689774 2
0 0.795 0.225 0.8480996562 2
0 0.795 0.235 0.8928636209 2
0 0.795 0.245 0.9250292507 2
0 0.795 0.255 0.9441426873 2
0 0.795 0.265 0.9499342397 2
0 0.795 0.275 0.9423221887 2
0 0.795 0.285 0.9214139408 2
0 0.795 0.295 0.8875045119 2
0 0.795 0.305 0.8410723652 2
0 0.795 0.315 0.7827726599 2
0 0.795 0.325 0.7134280066 2
0 0.795 0.335 0.6340168608 2
0 0.795 0.345 0.5456597162 2
0 0.795 0.355 0.4496032951 2
0 0.795 0.365 0.3472029568 2
0 0.795 0.375 0.2399035734 2
0 0.795 0.385 0.1292191427 2
0 0.795 0.395 0.01671142558 2
0 0.795 0.405 0 2
0 0.795 0.415 0 2
0 0.795 0.425 0 2
0 0.795 0.435 0 2
0 0.795 0.445 0 2
0 0.795 0.455 0 2
0 0.795 0.465 0 2
0 0.805 -0.455 0 2
0 0.805 -0.445 0 2
0 0.805 -0.435 0 2
0 0.805 -0.425 0 2
0 0.805 -0.415 0 2
0 0.805 -0.405 0 2
0 0.805 -0.395 0 2
0 0.805 -0.385 0 2
0 0.805 -0.375 0 2
0 0.805 -0.365 0 2
0 0.805 -0.355 0 2
0 0.805 -0.345 0 2
0 0.805 -0.335 0 1
0 0.805 -0.325 0 1
0 0.805 -0.315 0 1
0 0.805 -0.305 0 1
0 0.805 -0.295 0 1
0 0.805 -0.285 0 1
0 0.805 -0.275 0 1
0 0.805 -0.265 0 1
0 0.805 -0.255 0 2
0 0.805 -0.245 0 1
0 0.805 -0.235 0 1
0 0.805 -0.225 0 1
0 0.805 -0.215 0 1
0 0.805 -0.205 0 1
0 0.805 -0.195 0 1
0 0.805 -0.185 0 1
0 0.805 -0.175 0 1
0 0.805 -0.165 0 1
0 0.805 -0.155 0 1
0 0.805 -0.145 0 1
0 0.805 -0.135 0 1
0 0.805 -0.125 0 1
0 0.805 -0.115 0 1
0 0.805 -0.105 0 2
0 0.805 -0.095 0 2
0 0.805 -0.085 0 2
0 0.805 -0.075 0 2
0 0.805 -0.065 0 2
0 0.805 -0.055 0 2
0 0.805 -0.045 0 2
0 0.805 -0.035 0 2
0 0.805 -0.025 0 1
0 0.805 -0.015 0 1
0 0.805 -0.005 0 1
0 0.805 0.005 0 1
0 0.805 0.015 0 1
0 0.805 0.025 0 2
0 0.805 0.035 0 2
0 0.805 0.045 0 2
0 0.805 0.055 0 2
0 0.805 0.065 0 2
0 0.805 0.075 0 2
0 0.805 0.085 0 2
0 0.805 0.095 0 2
0 0.805 0.105 0 2
0 0.805 0.115 0 2
0 0.805 0.125 0 2
0 0.805 0.135 0 2
0 0.805 0.145 0 2
0 0.805 0.155 0 2
0 0.805 0.165 0 2
0 0.805 0.175 0 2
0 0.805 0.185 0 2
0 0.805 0.195 0 2
0 0.805 0.205 0 2
0 0.805 0.215 0 2
0 0.805 0.225 0 2
0 0.805 0.235 0 2
0 0.805 0.245 0 2
0 0.805 0.255 0 2
0 0.805 0.265 0 2
0 0.805 0.275 0 2
0 0.805 0.285 0 2
0 0.805 0.295 0 2
0 0.805 0.305 0 2
0 0.805 0.315 0 2
0 0.805 0.325 0 2
0 0.805 0.335 0 2
0 0.805 0.345 0 2
0 0.805 0.355 0 2
0 0.805 0.365 0 2
0 0.805 0.375 0 2
0 0.805 0.385 0 2
0 0.805 0.395 0 2
0 0.805 0.405 0 2
0 0.805 0.415 0 2
0 0.805 0.425 0 2
0 0.805 0.435 0 2
0 0.805 0.445 0 2
0 0.805 0.455 0 2
0 0.805 0.465 0 2
0 0.815 -0.455 0 2
0 0.815 -0.445 0 2
0 0.815 -0.435 0 2
0 0.815 -0.425 0 2
0 0.815 -0.415 0 2
0 0.815 -0.405 0 2
0 0.815 -0.395 0 2
0 0.815 -0.385 0 2
0 0.815 -0.375 0 2
0 0.815 -0.365 0 2
0 0.815 -0.355 0 2
0 0.815 -0.345 0 2
0 0.815 -0.335 0 1
0 0.815 -0.325 0 1
0 0.815 -0.315 0 1
0 0.815 -0.305 0 1
0 0.815 -0.295 0 1
0 0.815 -0.285 0 1
0 0.815 -0.275 0 1
0 0.815 -0.265 0 1
0 0.815 -0.255 0 2
0 0.815 -0.245 0 1
0 0.815 -0.235 0 1
0 0.815 -0.225 0 1
0 0.815 -0.215 0 1
0 0.815 -0.205 0 1
0 0.815 -0.195 0 1
0 0.815 -0.185 0 1
0 0.815 -0.175 0 1
0 0.815 -0.165 0 1
0 0.815 -0.155 0 1
0 0.815 -0.145 0 1
0 0.815 -0.135 0 1
0 0.815 -0.125 0 1
0 0.815 -0.115 0 1
0 0.815 -0.105 0 2
0 0.815 -0.095 0 2
0 0.815 -0.085 0 2
0 0.815 -0.075 0 2
0 0.815 -0.065 0 2
0 0.815 -0.055 0 2
0 0.815 -0.045 0 1
0 0.815 -0.035 0 1
0 0.815 -0.025 0 1
0 0.815 -0.015 0 1
0 0.815 -0.005 0 1
0 0.815 0.005 0 1
0 0.815 0.015 0 1
0 0.815 0.025 0 2
0 0.815 0.035 0 2
0 0.815 0.045 0 2
0 0.815 0.055 0 2
0 0.815 0.065 0 2
0 0.815 0.075 0 2
0 0.815 0.085 0 2
0 0.815 0.095 0 2
0 0.815 0.105 0 2
0 0.815 0.115 0 2
0 0.815 0.125 0 2
0 0.815 0.135 0 2
0 0.815 0.145 0 2
0 0.815 0.155 0 2
0 0.815 0.165 0 2
0 0.815 0.175 0 2
0 0.815 0.185 0 2
0 0.815 0.195 0 2
0 0.815 0.205 0 2
0 0.815 0.215 0 2
0 0.815 0.225 0 2
0 0.815 0.235 0 2
0 0.815 0.245 0 2
0 0.815 0.255 0 2
0 0.815 0.265 0 2
0 0.815 0.275 0 2
0 0.815 0.285 0 2
0 0.815 0.295 0 2
0 0.815 0.305 0 2
0 0.815 0.315 0 2
0 0.815 0.325 0 2
0 0.815 0.335 0 2
0 0.815 0.345 0 2
0 0.815 0.355 0 2
0 0.815 0.365 0 2
0 0.815 0.375 0 2
0 0.815 0.385 0 2
0 0.815 0.395 0 2
0 0.815 0.405 0 2
0 0.815 0.415 0 2
0 0.815 0.425 0 2
0 0.815 0.435 0 2
0 0.815 0.445 0 2
0 0.815 0.455 0 2
0 0.815 0.465 0 2
0 0.825 -0.455 0 2
0 0.825 -0.445 0 2
0 0.825 -0.435 0 2
0 0.825 -0.425 0 2
0 0.825 -0.415 0 2
0 0.825 -0.405 0 2
0 0.825 -0.395 0 2
0 0.825 -0.385 0 2
0 0.825 -0.375 0 2
0 0.825 -0.365 0 2
0 0.825 -0.355 0 2
0 0.825 -0.345 0 2
0 0.825 -0.335 0 1
0 0.825 -0.325 0 1
0 0.825 -0.315 0 1
0 0.825 -0.305 0 1
0 0.825 -0.295 0 1
0 0.825 -0.285 0 1
0 0.825 -0.275 0 1
0 0.825 -0.265 0 1
0 0.825 -0.255 0 1
0 0.825 -0.245 0 1
0 0.825 -0.235 0 1
0 0.825 -0.225 0 1
0 0.825 -0.215 0 1
0 0.825 -0.205 0 1
0 0.825 -0.195 0 1
0 0.825 -0.185 0 1
0 0.825 -0.175 0 1
0 0.825 -0.165 0 1
0 0.825 -0.155 0 1
0 0.825 -0.145 0 1
0 0.825 -0.135 0 1
0 0.825 -0.125 0 1
0 0.825 -0.115 0 1
0 0.825 -0.105 0 2
0 0.825 -0.095 0 2
0 0.825 -0.085 0 2
0 0.825 -0.075 0 2
0 0.825 -0.065 0 2
0 0.825 -0.055 0 1
0 0.825 -0.045 0 1
0 0.825 -0.035 0 1
0 0.825 -0.025 0 1
0 0.825 -0.015 0 1
0 0.825 -0.005 0 1
0 0.825 0.005 0 1
0 0.825 0.015 0 1
0 0.825 0.025 0 1
0 0.825 0.035 0 2
0 0.825 0.045 0 2
0 0.825 0.055 0 2
0 0.825 0.065 0 2
0 0.825 0.075 0 2
0 0.825 0.085 0 2
0 0.825 0.095 0 2
0 0.825 0.105 0 2
0 0.825 0.115 0 2
0 0.825 0.125 0 2
0 0.825 0.135 0 2
0 0.825 0.145 0 2
0 0.825 0.155 0 2
0 0.825 0.165 0 2
0 0.825 0.175 0 2
0 0.825 0.185 0 2
0 0.825 0.195 0 2
0 0.825 0.205 0 2
0 0.825 0.215 0 2
0 0.825 0.225 0 2
0 0.825 0.235 0 2
0 0.825 0.245 0 2
0 0.825 0.255 0 2
0 0.825 0.265 0 2
0 0.825 0.275 0 2
0 0.825 0.285 0 2
0 0.825 0.295 0 2
0 0.825 0.305 0 2
0 0.825 0.315 0 2
0 0.825 0.325 0 2
0 0.825 0.335 0 2
0 0.825 0.345 0 2
0 0.825 0.355 0 2
0 0.825 0.365 0 2
0 0.825 0.375 0 2
0 0.825 0.385 0 2
0 0.825 0.395 0 2
0 0.825 0.405 0 2
0 0.825 0.415 0 2
0 0.825 0.425 0 2
0 0.825 0.435 0 2
0 0.825 0.445 0 2
0 0.825 0.455 0 2
0 0.825 0.465 0 2
0 0.835 -0.455 0 2
0 0.835 -0.445 0 2
0 0.835 -0.435 0 2
0 0.835 -0.425 0 2
0 0.835 -0.415 0 2
0 0.835 -0.405 0 2
0 0.835 -0.395 0 2
0 0.835 -0.385 0 2
0 0.835 -0.375 0 2
0 0.835 -0.365 0 2
0 0.835 -0.355 0 2
0 0.835 -0.345 0 2
0 0.835 -0.335 0 2
0 0.835 -0.325 0 1
0 0.835 -0.315 0 1
0 0.835 -0.305 0 1
0 0.835 -0.295 0 1
0 0.835 -0.285 0 1
0 0.835 -0.275 0 1
0 0.835 -0.265 0 1
0 0.835 -0.255 0 1
0 0.835 -0.245 0 1
0 0.835 -0.235 0 1
0 0.835 -0.225 0 1
0 0.835 -0.215 0 1
0 0.835 -0.205 0 1
0 0.835 -0.195 0 1
0 0.835 -0.185 0 1
0 0.835 -0.175 0 1
0 0.835 -0.165 0 1
0 0.835 -0.155 0 1
0 0.835 -0.145 0 1
0 0.835 -0.135 0 1
0 0.835 -0.125 0 1
0 0.835 -0.115 0 2
0 0.835 -0.105 0 2
0 0.835 -0.095 0 2
0 0.835 -0.085 0 2
0 0.835 -0.075 0 2
0 0.835 -0.065 0 2
0 0.835 -0.055 0 1
0 0.835 -0.045 0 1
0 0.835 -0.035 0 1
0 0.835 -0.025 0 1
0 0.835 -0.015 0 1
0 0.835 -0.005 0 1
0 0.835 0.005 0 1
0 0.835 0.015 0 1
0 0.835 0.025 0 2
0 0.835 0.035 0 2
0 0.835 0.045 0 2
0 0.835 0.055 0 2
0 0.835 0.065 0 2
0 0.835 0.075 0 2
0 0.835 0.085 0 2
0 0.835 0.095 0 2
0 0.835 0.105 0 2
0 0.835 0.115 0 2
0 0.835 0.125 0 2
0 0.835 0.135 0 2
0 0.835 0.145 0 2
0 0.835 0.155 0 2
0 0.835 0.165 0 2
0 0.835 0.175 0 2
0 0.835 0.185 0 2
0 0.835 0.195 0 2
0 0.835 0.205 0 2
0 0.835 0.215 0 2
0 0.835 0.225 0 2
0 0.835 0.235 0 2
0 0.835 0.245 0 2
0 0.835 0.255 0 2
0 0.835 0.265 0 2
0 0.835 0.275 0 2
0 0.835 0.285 0 2
0 0.835 0.295 0 2
0 0.835 0.305 0 2
0 0.835 0.315 0 2
0 0.835 0.325 0 2
0 0.835 0.335 0 2
0 0.835 0.345 0 2
0 0.835 0.355 0 2
0 0.835 0.365 0 2
0 0.835 0.375 0 2
0 0.835 0.385 0 2
0 0.835 0.395 0 2
0 0.835 0.405 0 2
0 0.835 0.415 0 2
0 0.835 0.425 0 2
0 0.835 0.435 0 2
0 0.835 0.445 0 2
0 0.835 0.455 0 2
0 0.835 0.465 0 2
0 0.845 -0.455 0 2
0 0.845 -0.445 0 2
0 0.845 -0.435 0 2
0 0.845 -0.425 0 2
0 0.845 -0.415 0 2
0 0.845 -0.405 0 2
0 0.845 -0.395 0 2
0 0.845 -0.385 0 2
0 0.845 -0.375 0 2
0 0.845 -0.365 0 2
0 0.845 -0.355 0 2
0 0.845 -0.345 0 2
0 0.845 -0.335 0 2
0 0.845 -0.325 0 1
0 0.845 -0.315 0 1
0 0.845 -0.305 0 1
0 0.845 -0.295 0 1
0 0.845 -0.285 0 1
0 0.845 -0.275 0 1
0 0.845 -0.265 0 1
0 0.845 -0.255 0 1
0 0.845 -0.245 0 1
0 0.845 -0.235 0 1
0 0.845 -0.225 0 1
0 0.845 -0.215 0 1
0 0.845 -0.205 0 1
0 0.845 -0.195 0 1
0 0.845 -0.185 0 1
0 0.845 -0.175 0 1
0 0.845 -0.165 0 1
0 0.845 -0.155 0 1
0 0.845 -0.145 0 1
0 0.845 -0.135 0 1
0 0.845 -0.125 0 1
0 0.845 -0.115 0 2
0 0.845 -0.105 0 2
0 0.845 -0.095 0 2
0 0.845 -0.085 0 2
0 0.845 -0.075 0 2
0 0.845 -0.065 0 1
0 0.845 -0.055 0 1
0 0.845 -0.045 0 1
0 0.845 -0.035 0 1
0 0.845 -0.025 0 1
0 0.845 -0.015 0 1
0 0.845 -0.005 0 1
0 0.845 0.005 0 1
0 0.845 0.015 0 1
0 0.845 0.025 0 2
0 0.845 0.035 0 2
0 0.845 0.045 0 2
0 0.845 0.055 0 2
0 0.845 0.065 0 2
0 0.845 0.075 0 2
0 0.845 0.085 0 2
0 0.845 0.095 0 2
0 0.845 0.105 0 2
0 0.845 0.115 0 2
0 0.845 0.125 0 2
0 0.845 0.135 0 2
0 0.845 0.145 0 2
0 0.845 0.155 0 2
0 0.845 0.165 0 2
0 0.845 0.175 0 2
0 0.845 0.185 0 2
0 0.845 0.195 0 2
0 0.845 0.205 0 2
0 0.845 0.215 0 2
0 0.845 0.225 0 2
0 0.845 0.235 0 2
0 0.845 0.245 0 2
0 0.845 0.255 0 2
0 0.845 0.265 0 2
0 0.845 0.275 0 2
0 0.845 0.285 0 2
0 0.845 0.295 0 2
0 0.845 0.305 0 2
0 0.845 0.315 0 2
0 0.845 0.325 0 2
0 0.845 0.335 0 2
0 0.845 0.345 0 2
0 0.845 0.355 0 2
0 0.845 0.365 0 2
0 0.845 0.375 0 2
0 0.845 0.385 0 2
0 0.845 0.395 0 2
0 0.845 0.405 0 2
0 0.845 0.415 0 2
0 0.845 0.425 0 2
0 0.845 0.435 0 2
0 0.845 0.445 0 2
0 0.845 0.455 0 2
0 0.845 0.465 0 2
0 0.855 -0.455 0 2
0 0.855 -0.445 0 2
0 0.855 -0.435 0 2
0 0.855 -0.425 0 2
0 0.855 -0.415 0 2
0 0.855 -0.405 0 2
0 0.855 -0.395 0 2
0 0.855 -0.385 0 2
0 0.855 -0.375 0 2
0 0.855 -0.365 0 2
0 0.855 -0.355 0 2
0 0.855 -0.345 0 2
0 0.855 -0.335 0 2
0 0.855 -0.325 0 2
0 0.855 -0.315 0 1
0 0.855 -0.305 0 1
0 0.855 -0.295 0 1
0 0.855 -0.285 0 1
0 0.855 -0.275 0 1
0 0.855 -0.265 0 1
0 0.855 -0.255 0 1
0 0.855 -0.245 0 2
0 0.855 -0.235 0 1
0 0.855 -0.225 0 1
0 0.855 -0.215 0 1
0 0.855 -0.205 0 1
0 0.855 -0.195 0 1
0 0.855 -0.185 0 1
0 0.855 -0.175 0 1
0 0.855 -0.165 0 1
0 0.855 -0.155 0 1
0 0.855 -0.145 0 1
0 0.855 -0.135 0 1
0 0.855 -0.125 0 1
0 0.855 -0.115 0 2
0 0.855 -0.105 0 2
0 0.855 -0.095 0 2
0 0.855 -0.085 0 2
0 0.855 -0.075 0 2
0 0.855 -0.065 0 1
0 0.855 -0.055 0 1
0 0.855 -0.045 0 1
0 0.855 -0.035 0 1
0 0.855 -0.025 0 1
0 0.855 -0.015 0 1
0 0.855 -0.005 0 1
0 0.855 0.005 0 1
0 0.855 0.015 0 1
0 0.855 0.025 0 2
0 0.855 0.035 0 2
0 0.855 0.045 0 2
0 0.855 0.055 0 2
0 0.855 0.065 0 2
0 0.855 0.075 0 2
0 0.855 0.085 0 2
0 0.855 0.095 0 2
0 0.855 0.105 0 2
0 0.855 0.115 0 2
0 0.855 0.125 0 2
0 0.855 0.135 0 2
0 0.855 0.145 0 2
0 0.855 0.155 0 2
0 0.855 0.165 0 2
0 0.855 0.175 0 2
0 0.855 0.185 0 2
0 0.855 0.195 0 2
0 0.855 0.205 0 2
0 0.855 0.215 0 2
0 0.855 0.225 0 2
0 0.855 0.235 0 2
0 0.855 0.245 0 2
0 0.855 0.255 0 2
0 0.855 0.265 0 2
0 0.855 0.275 0 2
0 0.855 0.285 0 2
0 0.855 0.295 0 2
0 0.855 0.305 0 2
0 0.855 0.315 0 2
0 0.855 0.325 0 2
0 0.855 0.335 0 2
0 0.855 0.345 0 2
0 0.855 0.355 0 2
0 0.855 0.365 0 2
0 0.855 0.375 0 2
0 0.855 0.385 0 2
0 0.855 0.395 0 2
0 0.855 0.405 0 2
0 0.855 0.415 0 2
0 0.855 0.425 0 2
0 0.855 0.435 0 2
0 0.855 0.445 0 2
0 0.855 0.455 0 2
0 0.855 0.465 0 2
0 0.865 -0.455 0 2
0 0.865 -0.445 0 2
0 0.865 -0.435 0 2
0 0.865 -0.425 0 2
0 0.865 -0.415 0 2
0 0.865 -0.405 0 2
0 0.865 -0.395 0 2
0 0.865 -0.385 0 2
0 0.865 -0.375 0 2
0 0.865 -0.365 0 2
0 0.865 -0.355 0 2
0 0.865 -0.345 0 2
0 0.865 -0.335 0 2
0 0.865 -0.325 0 2
0 0.865 -0.315 0 2
0 0.865 -0.305 0 1
0 0.865 -0.295 0 1
0 0.865 -0.285 0 1
0 0.865 -0.275 0 1
0 0.865 -0.265 0 1
0 0.865 -0.255 0 1
0 0.865 -0.245 0 2
0 0.865 -0.235 0 2
0 0.865 -0.225 0 2
0 0.865 -0.215 0 2
0 0.865 -0.205 0 2
0 0.865 -0.195 0 1
0 0.865 -0.185 0 1
0 0.865 -0.175 0 1
0 0.865 -0.165 0 1
0 0.865 -0.155 0 1
0 0.865 -0.145 0 1
0 0.865 -0.135 0 1
0 0.865 -0.125 0 2
0 0.865 -0.115 0 2
0 0.865 -0.105 0 2
0 0.865 -0.095 0 2
0 0.865 -0.085 0 2
0 0.865 -0.075 0 1
0 0.865 -0.065 0 1
0 0.865 -0.055 0 1
0 0.865 -0.045 0 1
0 0.865 -0.035 0 1
0 0.865 -0.025 0 1
0 0.865 -0.015 0 1
0 0.865 -0.005 0 1
0 0.865 0.005 0 1
0 0.865 0.015 0 1
0 0.865 0.025 0 2
0 0.865 0.035 0 2
0 0.865 0.045 0 2
0 0.865 0.055 0 2
0 0.865 0.065 0 2
0 0.865 0.075 0 2
0 0.865 0.085 0 2
0 0.865 0.095 0 2
0 0.865 0.105 0 2
0 0.865 0.115 0 2
0 0.865 0.125 0 2
0 0.865 0.135 0 2
0 0.865 0.145 0 2
0 0.865 0.155 0 2
0 0.865 0.165 0 2
0 0.865 0.175 0 2
0 0.865 0.185 0 2
0 0.865 0.195 0 2
0 0.865 0.205 0 2
0 0.865 0.215 0 2
0 0.865 0.225 0 2
0 0.865 0.235 0 2
0 0.865 0.245 0 2
0 0.865 0.255 0 2
0 0.865 0.265 0 2
0 0.865 0.275 0 2
0 0.865 0.285 0 2
0 0.865 0.295 0 2
0 0.865 0.305 0 2
0 0.865 0.315 0 2
0 0.865 0.325 0 2
0 0.865 0.335 0 2
0 0.865 0.345 0 2
0 0.865 0.355 0 2
0 0.865 0.365 0 2
0 0.865 0.375 0 2
0 0.865 0.385 0 2
0 0.865 0.395 0 2
0 0.865 0.405 0 2
0 0.865 0.415 0 2
0 0.865 0.425 0 2
0 0.865 0.435 0 2
0 0.865 0.445 0 2
0 0.865 0.455 0 2
0 0.865 0.465 0 2
