t x y content type
0 -0.055 -0.455 0 2
0 -0.055 -0.445 0 2
0 -0.055 -0.435 0 2
0 -0.055 -0.425 0 2
0 -0.055 -0.415 0 2
0 -0.055 -0.405 0 2
0 -0.055 -0.395 0 2
0 -0.055 -0.385 0 2
0 -0.055 -0.375 0 2
0 -0.055 -0.365 0 2
0 -0.055 -0.355 0 2
0 -0.055 -0.345 0 2
0 -0.055 -0.335 0 1
0 -0.055 -0.325 0 1
0 -0.055 -0.315 0 1
0 -0.055 -0.305 0 1
0 -0.055 -0.295 0 1
0 -0.055 -0.285 0 1
0 -0.055 -0.275 0 1
0 -0.055 -0.265 0 2
0 -0.055 -0.255 0 2
0 -0.055 -0.245 0 2
0 -0.055 -0.235 0 2
0 -0.055 -0.225 0 2
0 -0.055 -0.215 0 2
0 -0.055 -0.205 0 2
0 -0.055 -0.195 0 2
0 -0.055 -0.185 0 2
0 -0.055 -0.175 0 2
0 -0.055 -0.165 0 2
0 -0.055 -0.155 0 2
0 -0.055 -0.145 0 2
0 -0.055 -0.135 0 2
0 -0.055 -0.125 0 2
0 -0.055 -0.115 0 2
0 -0.055 -0.105 0 2
0 -0.055 -0.095 0 2
0 -0.055 -0.085 0 2
0 -0.055 -0.075 0 2
0 -0.055 -0.065 0 2
0 -0.055 -0.055 0 1
0 -0.055 -0.045 0 1
0 -0.055 -0.035 0 1
0 -0.055 -0.025 0 1
0 -0.055 -0.015 0 1
0 -0.055 -0.005 0 1
0 -0.055 0.005 0 1
0 -0.055 0.015 0 1
0 -0.055 0.025 0 1
0 -0.055 0.035 0 1
0 -0.055 0.045 0 1
0 -0.055 0.055 0 1
0 -0.055 0.065 0 1
0 -0.055 0.075 0 2
0 -0.055 0.085 0 2
0 -0.055 0.095 0 2
0 -0.055 0.105 0 2
0 -0.055 0.115 0 2
0 -0.055 0.125 0 2
0 -0.055 0.135 0 2
0 -0.055 0.145 0 1
0 -0.055 0.155 0 1
0 -0.055 0.165 0 1
0 -0.055 0.175 0 1
0 -0.055 0.185 0 1
0 -0.055 0.195 0 1
0 -0.055 0.205 0 1
0 -0.055 0.215 0 1
0 -0.055 0.225 0 1
0 -0.055 0.235 0 1
0 -0.055 0.245 0 2
0 -0.055 0.255 0 2
0 -0.055 0.265 0 2
0 -0.055 0.275 0 2
0 -0.055 0.285 0 1
0 -0.055 0.295 0 1
0 -0.055 0.305 0 1
0 -0.055 0.315 0 1
0 -0.055 0.325 0 1
0 -0.055 0.335 0 1
0 -0.055 0.345 0 1
0 -0.055 0.355 0 1
0 -0.055 0.365 0 1
0 -0.055 0.375 0 2
0 -0.055 0.385 0 2
0 -0.055 0.395 0 2
0 -0.055 0.405 0 2
0 -0.055 0.415 0 2
0 -0.055 0.425 0 2
0 -0.055 0.435 0 2
0 -0.055 0.445 0 2
0 -0.055 0.455 0 2
0 -0.055 0.465 0 1
0 -0.045 -0.455 0 2
0 -0.045 -0.445 0 2
0 -0.045 -0.435 0 2
0 -0.045 -0.425 0 2
0 -0.045 -0.415 0 2
0 -0.045 -0.405 0 2
0 -0.045 -0.395 0 2
0 -0.045 -0.385 0 2
0 -0.045 -0.375 0 2
0 -0.045 -0.365 0 2
0 -0.045 -0.355 0 2
0 -0.045 -0.345 0 2
0 -0.045 -0.335 0 2
0 -0.045 -0.325 0 2
0 -0.045 -0.315 0 2
0 -0.045 -0.305 0 1
0 -0.045 -0.295 0 1
0 -0.045 -0.285 0 2
0 -0.045 -0.275 0 2
0 -0.045 -0.265 0 2
0 -0.045 -0.255 0 2
0 -0.045 -0.245 0 2
0 -0.045 -0.235 0 2
0 -0.045 -0.225 0 2
0 -0.045 -0.215 0 2
0 -0.045 -0.205 0 2
0 -0.045 -0.195 0 2
0 -0.045 -0.185 0 2
0 -0.045 -0.175 0 2
0 -0.045 -0.165 0 2
0 -0.045 -0.155 0 2
0 -0.045 -0.145 0 2
0 -0.045 -0.135 0 2
0 -0.045 -0.125 0 2
0 -0.045 -0.115 0 2
0 -0.045 -0.105 0 2
0 -0.045 -0.095 0 2
0 -0.045 -0.085 0 2
0 -0.045 -0.075 0 2
0 -0.045 -0.065 0 2
0 -0.045 -0.055 0 1
0 -0.045 -0.045 0 1
0 -0.045 -0.035 0 1
0 -0.045 -0.025 0 1
0 -0.045 -0.015 0 1
0 -0.045 -0.005 0 1
0 -0.045 0.005 0 1
0 -0.045 0.015 0 1
0 -0.045 0.025 0 1
0 -0.045 0.035 0 1
0 -0.045 0.045 0 1
0 -0.045 0.055 0 1
0 -0.045 0.065 0 1
0 -0.045 0.075 0 2
0 -0.045 0.085 0 2
0 -0.045 0.095 0 2
0 -0.045 0.105 0 2
0 -0.045 0.115 0 2
0 -0.045 0.125 0 2
0 -0.045 0.135 0 2
0 -0.045 0.145 0 2
0 -0.045 0.155 0 1
0 -0.045 0.165 0 1
0 -0.045 0.175 0 1
0 -0.045 0.185 0 1
0 -0.045 0.195 0 1
0 -0.045 0.205 0 1
0 -0.045 0.215 0 1
0 -0.045 0.225 0 1
0 -0.045 0.235 0 1
0 -0.045 0.245 0 2
0 -0.045 0.255 0 2
0 -0.045 0.265 0 2
0 -0.045 0.275 0 2
0 -0.045 0.285 0 2
0 -0.045 0.295 0 1
0 -0.045 0.305 0 1
0 -0.045 0.315 0 1
0 -0.045 0.325 0 1
0 -0.045 0.335 0 1
0 -0.045 0.345 0 1
0 -0.045 0.355 0 1
0 -0.045 0.365 0 1
0 -0.045 0.375 0 2
0 -0.045 0.385 0 2
0 -0.045 0.395 0 2
0 -0.045 0.405 0 2
0 -0.045 0.415 0 2
0 -0.045 0.425 0 2
0 -0.045 0.435 0 2
0 -0.045 0.445 0 2
0 -0.045 0.455 0 2
0 -0.045 0.465 0 2
0 -0.035 -0.455 0 2
0 -0.035 -0.445 0 2
0 -0.035 -0.435 0 2
0 -0.035 -0.425 0 2
0 -0.035 -0.415 0 2
0 -0.035 -0.405 0 2
0 -0.035 -0.395 0 2
0 -0.035 -0.385 0 2
0 -0.035 -0.375 0 2
0 -0.035 -0.365 0 2
0 -0.035 -0.355 0 2
0 -0.035 -0.345 0 2
0 -0.035 -0.335 0 2
0 -0.035 -0.325 0 2
0 -0.035 -0.315 0 2
0 -0.035 -0.305 0 2
0 -0.035 -0.295 0 2
0 -0.035 -0.285 0 2
0 -0.035 -0.275 0 2
0 -0.035 -0.265 0 2
0 -0.035 -0.255 0 2
0 -0.035 -0.245 0 2
0 -0.035 -0.235 0 2
0 -0.035 -0.225 0 2
0 -0.035 -0.215 0 2
0 -0.035 -0.205 0 2
0 -0.035 -0.195 0 2
0 -0.035 -0.185 0 2
0 -0.035 -0.175 0 2
0 -0.035 -0.165 0 2
0 -0.035 -0.155 0 2
0 -0.035 -0.145 0 2
0 -0.035 -0.135 0 2
0 -0.035 -0.125 0 2
0 -0.035 -0.115 0 2
0 -0.035 -0.105 0 2
0 -0.035 -0.095 0 2
0 -0.035 -0.085 0 2
0 -0.035 -0.075 0 2
0 -0.035 -0.065 0 2
0 -0.035 -0.055 0 1
0 -0.035 -0.045 0 1
0 -0.035 -0.035 0 1
0 -0.035 -0.025 0 1
0 -0.035 -0.015 0 1
0 -0.035 -0.005 0 1
0 -0.035 0.005 0 1
0 -0.035 0.015 0 1
0 -0.035 0.025 0 1
0 -0.035 0.035 0 1
0 -0.035 0.045 0 1
0 -0.035 0.055 0 1
0 -0.035 0.065 0 1
0 -0.035 0.075 0 2
0 -0.035 0.085 0 2
0 -0.035 0.095 0 2
0 -0.035 0.105 0 2
0 -0.035 0.115 0 2
0 -0.035 0.125 0 2
0 -0.035 0.135 0 2
0 -0.035 0.145 0 2
0 -0.035 0.155 0 2
0 -0.035 0.165 0 1
0 -0.035 0.175 0 1
0 -0.035 0.185 0 1
0 -0.035 0.195 0 1
0 -0.035 0.205 0 1
0 -0.035 0.215 0 1
0 -0.035 0.225 0 1
0 -0.035 0.235 0 1
0 -0.035 0.245 0 2
0 -0.035 0.255 0 2
0 -0.035 0.265 0 2
0 -0.035 0.275 0 2
0 -0.035 0.285 0 2
0 -0.035 0.295 0 2
0 -0.035 0.305 0 2
0 -0.035 0.315 0 1
0 -0.035 0.325 0 1
0 -0.035 0.335 0 1
0 -0.035 0.345 0 1
0 -0.035 0.355 0 1
0 -0.035 0.365 0 2
0 -0.035 0.375 0 2
0 -0.035 0.385 0 2
0 -0.035 0.395 0 2
0 -0.035 0.405 0 2
0 -0.035 0.415 0 2
0 -0.035 0.425 0 2
0 -0.035 0.435 0 2
0 -0.035 0.445 0 2
0 -0.035 0.455 0 2
0 -0.035 0.465 0 2
0 -0.025 -0.455 0 2
0 -0.025 -0.445 0 2
0 -0.025 -0.435 0 2
0 -0.025 -0.425 0 2
0 -0.025 -0.415 0 2
0 -0.025 -0.405 0 2
0 -0.025 -0.395 0 2
0 -0.025 -0.385 0 2
0 -0.025 -0.375 0 2
0 -0.025 -0.365 0 2
0 -0.025 -0.355 0 2
0 -0.025 -0.345 0 2
0 -0.025 -0.335 0 2
0 -0.025 -0.325 0 2
0 -0.025 -0.315 0 2
0 -0.025 -0.305 0 2
0 -0.025 -0.295 0 2
0 -0.025 -0.285 0 2
0 -0.025 -0.275 0 2
0 -0.025 -0.265 0 2
0 -0.025 -0.255 0 2
0 -0.025 -0.245 0 2
0 -0.025 -0.235 0 2
0 -0.025 -0.225 0 2
0 -0.025 -0.215 0 2
0 -0.025 -0.205 0 2
0 -0.025 -0.195 0 2
0 -0.025 -0.185 0 2
0 -0.025 -0.175 0 2
0 -0.025 -0.165 0 2
0 -0.025 -0.155 0 2
0 -0.025 -0.145 0 2
0 -0.025 -0.135 0 2
0 -0.025 -0.125 0 2
0 -0.025 -0.115 0 2
0 -0.025 -0.105 0 2
0 -0.025 -0.095 0 2
0 -0.025 -0.085 0 2
0 -0.025 -0.075 0 2
0 -0.025 -0.065 0 2
0 -0.025 -0.055 0 1
0 -0.025 -0.045 0 1
0 -0.025 -0.035 0 1
0 -0.025 -0.025 0 1
0 -0.025 -0.015 0 1
0 -0.025 -0.005 0 1
0 -0.025 0.005 0 1
0 -0.025 0.015 0 1
0 -0.025 0.025 0 1
0 -0.025 0.035 0 1
0 -0.025 0.045 0 1
0 -0.025 0.055 0 1
0 -0.025 0.065 0 2
0 -0.025 0.075 0 2
0 -0.025 0.085 0 2
0 -0.025 0.095 0 2
0 -0.025 0.105 0 2
0 -0.025 0.115 0 2
0 -0.025 0.125 0 2
0 -0.025 0.135 0 2
0 -0.025 0.145 0 2
0 -0.025 0.155 0 2
0 -0.025 0.165 0 2
0 -0.025 0.175 0 2
0 -0.025 0.185 0 2
0 -0.025 0.195 0 1
0 -0.025 0.205 0 1
0 -0.025 0.215 0 1
0 -0.025 0.225 0 2
0 -0.025 0.235 0 2
0 -0.025 0.245 0 2
0 -0.025 0.255 0 2
0 -0.025 0.265 0 2
0 -0.025 0.275 0 2
0 -0.025 0.285 0 2
0 -0.025 0.295 0 2
0 -0.025 0.305 0 2
0 -0.025 0.315 0 2
0 -0.025 0.325 0 2
0 -0.025 0.335 0 2
0 -0.025 0.345 0 2
0 -0.025 0.355 0 2
0 -0.025 0.365 0 2
0 -0.025 0.375 0 1
0 -0.025 0.385 0 1
0 -0.025 0.395 0 1
0 -0.025 0.405 0 2
0 -0.025 0.415 0 2
0 -0.025 0.425 0 2
0 -0.025 0.435 0 2
0 -0.025 0.445 0 2
0 -0.025 0.455 0 2
0 -0.025 0.465 0 2
0 -0.015 -0.455 0 2
0 -0.015 -0.445 0 2
0 -0.015 -0.435 0 2
0 -0.015 -0.425 0 2
0 -0.015 -0.415 -0.001646518898 2
0 -0.015 -0.405 -0.004290957402 2
0 -0.015 -0.395 -0.008035425056 2
0 -0.015 -0.385 -0.01097435086 2
0 -0.015 -0.375 -0.0132358195 2
0 -0.015 -0.365 -0.01501799821 2
0 -0.015 -0.355 -0.01655188238 2
0 -0.015 -0.345 -0.01794188574 2
0 -0.015 -0.335 -0.01923270597 2
0 -0.015 -0.325 -0.0204834369 2
0 -0.015 -0.315 -0.02174752828 2
0 -0.015 -0.305 -0.02308214907 2
0 -0.015 -0.295 -0.02458090888 2
0 -0.015 -0.285 -0.02629341262 2
0 -0.015 -0.275 -0.02820763112 2
0 -0.015 -0.265 -0.03008482725 2
0 -0.015 -0.255 -0.03171667349 2
0 -0.015 -0.245 -0.03280862885 2
0 -0.015 -0.235 -0.03341152881 2
0 -0.015 -0.225 -0.03351903522 2
0 -0.015 -0.215 -0.03343975379 2
0 -0.015 -0.205 -0.03328462992 2
0 -0.015 -0.195 -0.03323918933 2
0 -0.015 -0.185 -0.03328798233 2
0 -0.015 -0.175 -0.03344188076 2
0 -0.015 -0.165 -0.03367679857 2
0 -0.015 -0.155 -0.0339821091 2
0 -0.015 -0.145 -0.03433349991 2
0 -0.015 -0.135 -0.03470553091 2
0 -0.015 -0.125 -0.03507549242 2
0 -0.015 -0.115 -0.03542566753 2
0 -0.015 -0.105 -0.03574313132 2
0 -0.015 -0.095 -0.03601793274 2
0 -0.015 -0.085 -0.03623413036 2
0 -0.015 -0.075 -0.03633579984 2
0 -0.015 -0.065 -0.03618715005 2
0 -0.015 -0.055 -0.03578142452 2
0 -0.015 -0.045 -0.03525319081 1
0 -0.015 -0.035 -0.03499264702 1
0 -0.015 -0.025 -0.03502763969 1
0 -0.015 -0.015 -0.03505943068 2
0 -0.015 -0.005 -0.03439974556 2
0 -0.015 0.005 -0.03307209571 1
0 -0.015 0.015 -0.03144691149 1
0 -0.015 0.025 -0.03038042567 1
0 -0.015 0.035 -0.03026541307 1
0 -0.015 0.045 -0.03109998438 1
0 -0.015 0.055 -0.03252765471 1
0 -0.015 0.065 -0.0338294768 2
0 -0.015 0.075 -0.03464968826 2
0 -0.015 0.085 -0.03483597149 2
0 -0.015 0.095 -0.0346612114 2
0 -0.015 0.105 -0.03431245719 2
0 -0.015 0.115 -0.03386099923 2
0 -0.015 0.125 -0.03332571205 2
0 -0.015 0.135 -0.03274072413 2
0 -0.015 0.145 -0.03214861465 2
0 -0.015 0.155 -0.03163257718 2
0 -0.015 0.165 -0.03133579459 2
0 -0.015 0.175 -0.03123686717 2
0 -0.015 0.185 -0.03135454343 2
0 -0.015 0.195 -0.03143698652 2
0 -0.015 0.205 -0.03150170282 2
0 -0.015 0.215 -0.03143146607 2
0 -0.015 0.225 -0.03129184949 2
0 -0.015 0.235 -0.03085887294 2
0 -0.015 0.245 -0.03016096495 2
0 -0.015 0.255 -0.02905927313 2
0 -0.015 0.265 -0.02773263212 2
0 -0.015 0.275 -0.02621311899 2
0 -0.015 0.285 -0.02469543072 2
0 -0.015 0.295 -0.02326869622 2
0 -0.015 0.305 -0.02192278749 2
0 -0.015 0.315 -0.02057142579 2
0 -0.015 0.325 -0.01911697714 2
0 -0.015 0.335 -0.01747588166 2
0 -0.015 0.345 -0.0155050723 2
0 -0.015 0.355 -0.0133274359 2
0 -0.015 0.365 -0.01117085227 1
0 -0.015 0.375 -0.009288955905 1
0 -0.015 0.385 -0.007496284738 1
0 -0.015 0.395 -0.005461855341 1
0 -0.015 0.405 -0.002918130282 1
0 -0.015 0.415 -0.001120015677 2
0 -0.015 0.425 0 2
0 -0.015 0.435 0 2
0 -0.015 0.445 0 2
0 -0.015 0.455 0 2
0 -0.015 0.465 0 2
0 -0.005 -0.455 0 2
0 -0.005 -0.445 0 2
0 -0.005 -0.435 0 2
0 -0.005 -0.425 0 2
0 -0.005 -0.415 -0.004071376389 2
0 -0.005 -0.405 -0.01019004479 2
0 -0.005 -0.395 -0.01986458985 2
0 -0.005 -0.385 -0.02700350095 2
0 -0.005 -0.375 -0.03236815022 2
0 -0.005 -0.365 -0.03682749205 2
0 -0.005 -0.355 -0.04063576517 2
0 -0.005 -0.345 -0.04408500757 2
0 -0.005 -0.335 -0.04727667756 2
0 -0.005 -0.325 -0.05035885325 2
0 -0.005 -0.315 -0.05345816242 2
0 -0.005 -0.305 -0.05676011146 2
0 -0.005 -0.295 -0.06047796535 2
0 -0.005 -0.285 -0.06471460681 2
0 -0.005 -0.275 -0.06938198374 2
0 -0.005 -0.265 -0.07399653416 2
0 -0.005 -0.255 -0.0781424826 2
0 -0.005 -0.245 -0.08097468196 2
0 -0.005 -0.235 -0.08266004045 2
0 -0.005 -0.225 -0.08301468517 2
0 -0.005 -0.215 -0.08298920526 2
0 -0.005 -0.205 -0.08263485532 2
0 -0.005 -0.195 -0.08248464303 2
0 -0.005 -0.185 -0.08251720857 2
0 -0.005 -0.175 -0.0828646591 2
0 -0.005 -0.165 -0.08346513488 2
0 -0.005 -0.155 -0.0842630259 2
0 -0.005 -0.145 -0.08517373347 2
0 -0.005 -0.135 -0.08613331846 2
0 -0.005 -0.125 -0.08708338228 2
0 -0.005 -0.115 -0.08797839569 2
0 -0.005 -0.105 -0.08878538232 2
0 -0.005 -0.095 -0.08947857042 2
0 -0.005 -0.085 -0.09003390407 2
0 -0.005 -0.075 -0.09038025122 2
0 -0.005 -0.065 -0.09034530834 2
0 -0.005 -0.055 -0.08991981678 2
0 -0.005 -0.045 -0.08923512607 2
0 -0.005 -0.035 -0.08887828944 2
0 -0.005 -0.025 -0.0888339192 2
0 -0.005 -0.015 -0.08866968632 2
0 -0.005 -0.005 -0.08723268354 2
0 -0.005 0.005 -0.08455680594 2
0 -0.005 0.015 -0.08119575256 1
0 -0.005 0.025 -0.07906139501 1
0 -0.005 0.035 -0.07876713538 1
0 -0.005 0.045 -0.08029608205 1
0 -0.005 0.055 -0.0830645367 2
0 -0.005 0.065 -0.08534083246 2
0 -0.005 0.075 -0.08660022294 2
0 -0.005 0.085 -0.0866890617 2
0 -0.005 0.095 -0.08612671083 2
0 -0.005 0.105 -0.08522843185 2
0 -0.005 0.115 -0.08409016806 2
0 -0.005 0.125 -0.08273026855 2
0 -0.005 0.135 -0.08118825643 2
0 -0.005 0.145 -0.07953124507 2
0 -0.005 0.155 -0.07793750425 2
0 -0.005 0.165 -0.07649827425 2
0 -0.005 0.175 -0.07535574112 2
0 -0.005 0.185 -0.07461187161 2
0 -0.005 0.195 -0.0739724112 2
0 -0.005 0.205 -0.0736001446 2
0 -0.005 0.215 -0.07354827833 2
0 -0.005 0.225 -0.07369081554 2
0 -0.005 0.235 -0.07352925073 2
0 -0.005 0.245 -0.07271281258 2
0 -0.005 0.255 -0.07066688088 2
0 -0.005 0.265 -0.06777318076 2
0 -0.005 0.275 -0.06435429068 2
0 -0.005 0.285 -0.06081471099 2
0 -0.005 0.295 -0.05735077393 2
0 -0.005 0.305 -0.05402680728 2
0 -0.005 0.315 -0.050697019 2
0 -0.005 0.325 -0.0471198712 2
0 -0.005 0.335 -0.04293469677 2
0 -0.005 0.345 -0.03796893131 2
0 -0.005 0.355 -0.03248932382 2
0 -0.005 0.365 -0.0272614312 1
0 -0.005 0.375 -0.02266761359 1
0 -0.005 0.385 -0.0184629083 1
0 -0.005 0.395 -0.01348296552 1
0 -0.005 0.405 -0.006921451542 1
0 -0.005 0.415 -0.002759499771 1
0 -0.005 0.425 0 2
0 -0.005 0.435 0 2
0 -0.005 0.445 0 2
0 -0.005 0.455 0 2
0 -0.005 0.465 0 2
0 0.005 -0.455 0 1
0 0.005 -0.445 0 2
0 0.005 -0.435 0 2
0 0.005 -0.425 0 2
0 0.005 -0.415 -0.00698222765 2
0 0.005 -0.405 -0.01787548126 2
0 0.005 -0.395 -0.03265303697 2
0 0.005 -0.385 -0.04235984355 2
0 0.005 -0.375 -0.04915524453 2
0 0.005 -0.365 -0.0555524896 2
0 0.005 -0.355 -0.06107564788 2
0 0.005 -0.345 -0.06617389892 2
0 0.005 -0.335 -0.07093890533 2
0 0.005 -0.325 -0.07557719606 2
0 0.005 -0.315 -0.08025056202 2
0 0.005 -0.305 -0.08524083477 2
0 0.005 -0.295 -0.09073306007 2
0 0.005 -0.285 -0.09679806931 2
0 0.005 -0.275 -0.1029818031 2
0 0.005 -0.265 -0.1087727977 2
0 0.005 -0.255 -0.1137521154 2
0 0.005 -0.245 -0.1175753805 2
0 0.005 -0.235 -0.1205957702 2
0 0.005 -0.225 -0.1222685764 2
0 0.005 -0.215 -0.1233083831 2
0 0.005 -0.205 -0.1234674191 2
0 0.005 -0.195 -0.1236441091 2
0 0.005 -0.185 -0.1239166881 2
0 0.005 -0.175 -0.1245404677 2
0 0.005 -0.165 -0.1255008662 2
0 0.005 -0.155 -0.1267365951 2
0 0.005 -0.145 -0.1281328602 2
0 0.005 -0.135 -0.1295888279 2
0 0.005 -0.125 -0.1310256785 2
0 0.005 -0.115 -0.132380602 2
0 0.005 -0.105 -0.1336079505 2
0 0.005 -0.095 -0.1346738361 2
0 0.005 -0.085 -0.1355713998 2
0 0.005 -0.075 -0.1362494769 2
0 0.005 -0.065 -0.1365420293 2
0 0.005 -0.055 -0.1363286191 2
0 0.005 -0.045 -0.1357881648 2
0 0.005 -0.035 -0.1354589241 2
0 0.005 -0.025 -0.1355333784 2
0 0.005 -0.015 -0.1354401937 2
0 0.005 -0.005 -0.1340437235 2
0 0.005 0.005 -0.1312428159 2
0 0.005 0.015 -0.1278719415 2
0 0.005 0.025 -0.1256040777 2
0 0.005 0.035 -0.1250905956 2
0 0.005 0.045 -0.1262970473 2
0 0.005 0.055 -0.1285864669 2
0 0.005 0.065 -0.1304525857 2
0 0.005 0.075 -0.1312081541 2
0 0.005 0.085 -0.1307768567 2
0 0.005 0.095 -0.1297016201 2
0 0.005 0.105 -0.1282672493 2
0 0.005 0.115 -0.1265221498 2
0 0.005 0.125 -0.1244636888 2
0 0.005 0.135 -0.1221171763 2
0 0.005 0.145 -0.1195402031 2
0 0.005 0.155 -0.1166635428 2
0 0.005 0.165 -0.1132174956 2
0 0.005 0.175 -0.1094994776 2
0 0.005 0.185 -0.1059969001 1
0 0.005 0.195 -0.1036592157 1
0 0.005 0.205 -0.1025368394 1
0 0.005 0.215 -0.1024229767 1
0 0.005 0.225 -0.1026973818 1
0 0.005 0.235 -0.103184345 2
0 0.005 0.245 -0.1029712177 2
0 0.005 0.255 -0.1017865794 2
0 0.005 0.265 -0.09925519134 2
0 0.005 0.275 -0.09544503729 2
0 0.005 0.285 -0.09084147787 2
0 0.005 0.295 -0.08592542114 2
0 0.005 0.305 -0.0810758228 2
0 0.005 0.315 -0.07616629272 2
0 0.005 0.325 -0.07095613435 2
0 0.005 0.335 -0.06487071167 2
0 0.005 0.345 -0.05765913095 2
0 0.005 0.355 -0.04932910942 1
0 0.005 0.365 -0.04154690735 1
0 0.005 0.375 -0.03465013616 1
0 0.005 0.385 -0.02907196554 1
0 0.005 0.395 -0.02220901138 1
0 0.005 0.405 -0.01216641198 1
0 0.005 0.415 -0.004730967327 1
0 0.005 0.425 0 1
0 0.005 0.435 0 2
0 0.005 0.445 0 2
0 0.005 0.455 0 2
0 0.005 0.465 0 2
0 0.015 -0.455 0 1
0 0.015 -0.445 0 2
0 0.015 -0.435 0 2
0 0.015 -0.425 0 2
0 0.015 -0.415 -0.008710535914 2
0 0.015 -0.405 -0.02215852408 2
0 0.015 -0.395 -0.0382855023 2
0 0.015 -0.385 -0.04877712883 2
0 0.015 -0.375 -0.05503023847 2
0 0.015 -0.365 -0.0617625847 2
0 0.015 -0.355 -0.06758391869 2
0 0.015 -0.345 -0.07307086105 2
0 0.015 -0.335 -0.07823545991 2
0 0.015 -0.325 -0.08328705671 2
0 0.015 -0.315 -0.08836261403 2
0 0.015 -0.305 -0.09376596927 2
0 0.015 -0.295 -0.09952751507 2
0 0.015 -0.285 -0.1055074349 2
0 0.015 -0.275 -0.1107559691 2
0 0.015 -0.265 -0.1153070046 2
0 0.015 -0.255 -0.1188188967 2
0 0.015 -0.245 -0.1224845359 2
0 0.015 -0.235 -0.1262167699 2
0 0.015 -0.225 -0.1298681015 2
0 0.015 -0.215 -0.1328791018 2
0 0.015 -0.205 -0.1348547928 2
0 0.015 -0.195 -0.1361194415 2
0 0.015 -0.185 -0.1370422067 2
0 0.015 -0.175 -0.1380177747 2
0 0.015 -0.165 -0.1392494433 2
0 0.015 -0.155 -0.1407442207 2
0 0.015 -0.145 -0.1424007254 2
0 0.015 -0.135 -0.144112755 2
0 0.015 -0.125 -0.1457824101 2
0 0.015 -0.115 -0.1473470575 2
0 0.015 -0.105 -0.1487607929 2
0 0.015 -0.095 -0.1499910217 2
0 0.015 -0.085 -0.1510371625 2
0 0.015 -0.075 -0.1518695958 2
0 0.015 -0.065 -0.152477168 2
0 0.015 -0.055 -0.1528058055 2
0 0.015 -0.045 -0.1529882358 2
0 0.015 -0.035 -0.1530007376 2
0 0.015 -0.025 -0.1530169342 2
0 0.015 -0.015 -0.1527877152 2
0 0.015 -0.005 -0.1520844019 2
0 0.015 0.005 -0.1506218287 2
0 0.015 0.015 -0.1489764539 2
0 0.015 0.025 -0.1474541946 2
0 0.015 0.035 -0.146829373 2
0 0.015 0.045 -0.147070106 2
0 0.015 0.055 -0.1474260565 2
0 0.015 0.065 -0.1476017772 2
0 0.015 0.075 -0.1470776662 2
0 0.015 0.085 -0.1459945022 2
0 0.015 0.095 -0.1445786718 2
0 0.015 0.105 -0.1428942933 2
0 0.015 0.115 -0.1409031092 2
0 0.015 0.125 -0.1385707776 2
0 0.015 0.135 -0.1358582685 2
0 0.015 0.145 -0.1327442419 2
0 0.015 0.155 -0.1288233226 2
0 0.015 0.165 -0.1236320507 2
0 0.015 0.175 -0.1171961778 2
0 0.015 0.185 -0.11098638 1
0 0.015 0.195 -0.1066805984 1
0 0.015 0.205 -0.1043959037 1
0 0.015 0.215 -0.1036437872 1
0 0.015 0.225 -0.1035764046 1
0 0.015 0.235 -0.104292873 1
0 0.015 0.245 -0.1048952671 1
0 0.015 0.255 -0.1053878764 2
0 0.015 0.265 -0.1048088651 2
0 0.015 0.275 -0.1026425037 2
0 0.015 0.285 -0.09913515055 2
0 0.015 0.295 -0.09445139272 2
0 0.015 0.305 -0.08946215809 2
0 0.015 0.315 -0.08431717342 2
0 0.015 0.325 -0.07889508737 2
0 0.015 0.335 -0.0724711786 2
0 0.015 0.345 -0.06471537813 2
0 0.015 0.355 -0.05571511299 1
0 0.015 0.365 -0.04701592919 1
0 0.015 0.375 -0.03921195086 1
0 0.015 0.385 -0.0335009224 1
0 0.015 0.395 -0.02596787757 1
0 0.015 0.405 -0.01500614558 1
0 0.015 0.415 -0.005871978694 1
0 0.015 0.425 0 1
0 0.015 0.435 0 2
0 0.015 0.445 0 2
0 0.015 0.455 0 2
0 0.015 0.465 0 2
0 0.025 -0.455 0 1
0 0.025 -0.445 0 1
0 0.025 -0.435 0 2
0 0.025 -0.425 0 2
0 0.025 -0.415 -0.009434219457 2
0 0.025 -0.405 -0.02364827301 2
0 0.025 -0.395 -0.03900581411 2
0 0.025 -0.385 -0.0479074407 2
0 0.025 -0.375 -0.05166179241 2
0 0.025 -0.365 -0.05711265891 2
0 0.025 -0.355 -0.06184474953 2
0 0.025 -0.345 -0.06650777253 2
0 0.025 -0.335 -0.07097125706 2
0 0.025 -0.325 -0.0753880561 2
0 0.025 -0.315 -0.0798107694 2
0 0.025 -0.305 -0.08444214417 2
0 0.025 -0.295 -0.08905268006 2
0 0.025 -0.285 -0.09300826523 2
0 0.025 -0.275 -0.09525693463 2
0 0.025 -0.265 -0.09641681617 2
0 0.025 -0.255 -0.09679835997 1
0 0.025 -0.245 -0.09889567107 1
0 0.025 -0.235 -0.1023407173 1
0 0.025 -0.225 -0.1076053997 2
0 0.025 -0.215 -0.1127372587 2
0 0.025 -0.205 -0.1175645826 2
0 0.025 -0.195 -0.1210449074 2
0 0.025 -0.185 -0.1234845514 2
0 0.025 -0.175 -0.1252538972 2
0 0.025 -0.165 -0.1268155252 2
0 0.025 -0.155 -0.1284842692 2
0 0.025 -0.145 -0.1302084072 2
0 0.025 -0.135 -0.1319340264 2
0 0.025 -0.125 -0.13357788 2
0 0.025 -0.115 -0.1350989155 2
0 0.025 -0.105 -0.1364675291 2
0 0.025 -0.095 -0.1376653587 2
0 0.025 -0.085 -0.1387111121 2
0 0.025 -0.075 -0.1396189951 2
0 0.025 -0.065 -0.1404264393 2
0 0.025 -0.055 -0.1410648197 2
0 0.025 -0.045 -0.1415509319 2
0 0.025 -0.035 -0.1418005777 2
0 0.025 -0.025 -0.1419793172 2
0 0.025 -0.015 -0.1420499527 2
0 0.025 -0.005 -0.1422166259 2
0 0.025 0.005 -0.1422866464 2
0 0.025 0.015 -0.1424550293 2
0 0.025 0.025 -0.1421904036 2
0 0.025 0.035 -0.1415489859 2
0 0.025 0.045 -0.1405068575 2
0 0.025 0.055 -0.1390084186 2
0 0.025 0.065 -0.1375440164 2
0 0.025 0.075 -0.1359760729 2
0 0.025 0.085 -0.1344705016 2
0 0.025 0.095 -0.1329189965 2
0 0.025 0.105 -0.1312619789 2
0 0.025 0.115 -0.1293920603 2
0 0.025 0.125 -0.1272455745 2
0 0.025 0.135 -0.1247304491 2
0 0.025 0.145 -0.1217152292 2
0 0.025 0.155 -0.1175668768 2
0 0.025 0.165 -0.1115640264 2
0 0.025 0.175 -0.1033926107 1
0 0.025 0.185 -0.09539452884 1
0 0.025 0.195 -0.08957409764 1
0 0.025 0.205 -0.08635644909 1
0 0.025 0.215 -0.08488280926 1
0 0.025 0.225 -0.08397553127 1
0 0.025 0.235 -0.08370673559 1
0 0.025 0.245 -0.08449230681 1
0 0.025 0.255 -0.08624398592 1
0 0.025 0.265 -0.08825596384 2
0 0.025 0.275 -0.08892422574 2
0 0.025 0.285 -0.0879313102 2
0 0.025 0.295 -0.08504398225 2
0 0.025 0.305 -0.0811574217 2
0 0.025 0.315 -0.0769884634 2
0 0.025 0.325 -0.07267614919 2
0 0.025 0.335 -0.06759791581 2
0 0.025 0.345 -0.06105679378 2
0 0.025 0.355 -0.0533087663 2
0 0.025 0.365 -0.04495937652 1
0 0.025 0.375 -0.03757807057 1
0 0.025 0.385 -0.03292647941 1
0 0.025 0.395 -0.02627534966 1
0 0.025 0.405 -0.0158288012 1
0 0.025 0.415 -0.006286280751 1
0 0.025 0.425 0 1
0 0.025 0.435 0 2
0 0.025 0.445 0 2
0 0.025 0.455 0 2
0 0.025 0.465 0 2
0 0.035 -0.455 0 1
0 0.035 -0.445 0 1
0 0.035 -0.435 0 2
0 0.035 -0.425 0 2
0 0.035 -0.415 -0.009889401052 2
0 0.035 -0.405 -0.02484797853 2
0 0.035 -0.395 -0.04041084081 2
0 0.035 -0.385 -0.04901689201 2
0 0.035 -0.375 -0.05181046488 2
0 0.035 -0.365 -0.05654105323 2
0 0.035 -0.355 -0.06056109714 2
0 0.035 -0.345 -0.06464425227 2
0 0.035 -0.335 -0.06860069925 2
0 0.035 -0.325 -0.07255093658 2
0 0.035 -0.315 -0.07650268018 2
0 0.035 -0.305 -0.08053176071 2
0 0.035 -0.295 -0.08424713181 2
0 0.035 -0.285 -0.0866682327 2
0 0.035 -0.275 -0.08706249638 2
0 0.035 -0.265 -0.08579890726 1
0 0.035 -0.255 -0.08467771403 1
0 0.035 -0.245 -0.08562252282 1
0 0.035 -0.235 -0.08871916207 1
0 0.035 -0.225 -0.09399581166 1
0 0.035 -0.215 -0.09988359316 1
0 0.035 -0.205 -0.10654836 2
0 0.035 -0.195 -0.1124365597 2
0 0.035 -0.185 -0.1170165736 2
0 0.035 -0.175 -0.1203341389 2
0 0.035 -0.165 -0.1226504537 2
0 0.035 -0.155 -0.124690762 2
0 0.035 -0.145 -0.1266534717 2
0 0.035 -0.135 -0.1285455101 2
0 0.035 -0.125 -0.1303137701 2
0 0.035 -0.115 -0.131916282 2
0 0.035 -0.105 -0.1333378038 2
0 0.035 -0.095 -0.1345699408 2
0 0.035 -0.085 -0.1356157524 2
0 0.035 -0.075 -0.136478067 2
0 0.035 -0.065 -0.1371714818 2
0 0.035 -0.055 -0.1376994404 2
0 0.035 -0.045 -0.1380925253 2
0 0.035 -0.035 -0.1383493293 2
0 0.035 -0.025 -0.1385573284 2
0 0.035 -0.015 -0.1387452598 2
0 0.035 -0.005 -0.1390008807 2
0 0.035 0.005 -0.1391907542 2
0 0.035 0.015 -0.1392907152 2
0 0.035 0.025 -0.1390424216 2
0 0.035 0.035 -0.1384176131 2
0 0.035 0.045 -0.1374170105 2
0 0.035 0.055 -0.1360759737 2
0 0.035 0.065 -0.1346400928 2
0 0.035 0.075 -0.1331287983 2
0 0.035 0.085 -0.1316484787 2
0 0.035 0.095 -0.1301222716 2
0 0.035 0.105 -0.128493429 2
0 0.035 0.115 -0.126679038 2
0 0.035 0.125 -0.1246299499 2
0 0.035 0.135 -0.1222764003 2
0 0.035 0.145 -0.1194891808 2
0 0.035 0.155 -0.1155891331 2
0 0.035 0.165 -0.1096260516 2
0 0.035 0.175 -0.1017866707 2
0 0.035 0.185 -0.09335049873 1
0 0.035 0.195 -0.08711139 1
0 0.035 0.205 -0.0831852053 1
0 0.035 0.215 -0.08090413445 1
0 0.035 0.225 -0.07895494918 1
0 0.035 0.235 -0.077199797 1
0 0.035 0.245 -0.07661802226 1
0 0.035 0.255 -0.07751163548 1
0 0.035 0.265 -0.07992035679 1
0 0.035 0.275 -0.08228340246 2
0 0.035 0.285 -0.08277082383 2
0 0.035 0.295 -0.08128927219 2
0 0.035 0.305 -0.07829598998 2
0 0.035 0.315 -0.07485595366 2
0 0.035 0.325 -0.07125377539 2
0 0.035 0.335 -0.06714510426 2
0 0.035 0.345 -0.06158658811 2
0 0.035 0.355 -0.05455914355 2
0 0.035 0.365 -0.04632946453 1
0 0.035 0.375 -0.03867085829 1
0 0.035 0.385 -0.03374238191 1
0 0.035 0.395 -0.02682250097 1
0 0.035 0.405 -0.01624469401 1
0 0.035 0.415 -0.006432363958 1
0 0.035 0.425 0 1
0 0.035 0.435 0 1
0 0.035 0.445 0 2
0 0.035 0.455 0 2
0 0.035 0.465 0 2
0 0.045 -0.455 0 1
0 0.045 -0.445 0 1
0 0.045 -0.435 0 2
0 0.045 -0.425 0 2
0 0.045 -0.415 -0.01012796072 2
0 0.045 -0.405 -0.02547171816 2
0 0.045 -0.395 -0.04088466287 2
0 0.045 -0.385 -0.04894230858 2
0 0.045 -0.375 -0.05065406328 2
0 0.045 -0.365 -0.05449254578 2
0 0.045 -0.355 -0.05767825807 2
0 0.045 -0.345 -0.06108962196 2
0 0.045 -0.335 -0.06447882709 2
0 0.045 -0.325 -0.06791985619 2
0 0.045 -0.315 -0.07137934567 2
0 0.045 -0.305 -0.0747806527 2
0 0.045 -0.295 -0.0776961625 2
0 0.045 -0.285 -0.07900854084 2
0 0.045 -0.275 -0.07836623042 2
0 0.045 -0.265 -0.07587272881 1
0 0.045 -0.255 -0.07455289149 1
0 0.045 -0.245 -0.07491833101 1
0 0.045 -0.235 -0.07752815912 1
0 0.045 -0.225 -0.08140562612 1
0 0.045 -0.215 -0.08658443184 1
0 0.045 -0.205 -0.09325546404 1
0 0.045 -0.195 -0.1006055668 2
0 0.045 -0.185 -0.1071672243 2
0 0.045 -0.175 -0.1120903002 2
0 0.045 -0.165 -0.1155514787 2
0 0.045 -0.155 -0.1180938651 2
0 0.045 -0.145 -0.1203812634 2
0 0.045 -0.135 -0.1224620125 2
0 0.045 -0.125 -0.1243554772 2
0 0.045 -0.115 -0.1260268532 2
0 0.045 -0.105 -0.1274804562 2
0 0.045 -0.095 -0.1287206277 2
0 0.045 -0.085 -0.1297605094 2
0 0.045 -0.075 -0.1306128211 2
0 0.045 -0.065 -0.1312941797 2
0 0.045 -0.055 -0.1318159362 2
0 0.045 -0.045 -0.1322029631 2
0 0.045 -0.035 -0.1324733918 2
0 0.045 -0.025 -0.1326628734 2
0 0.045 -0.015 -0.1327791714 2
0 0.045 -0.005 -0.1328401293 2
0 0.045 0.005 -0.1328008572 2
0 0.045 0.015 -0.1326426158 2
0 0.045 0.025 -0.1322801676 2
0 0.045 0.035 -0.1316931601 2
0 0.045 0.045 -0.1308775357 2
0 0.045 0.055 -0.1298497857 2
0 0.045 0.065 -0.1286892996 2
0 0.045 0.075 -0.1274168796 2
0 0.045 0.085 -0.12607125 2
0 0.045 0.095 -0.1246390011 2
0 0.045 0.105 -0.123103008 2
0 0.045 0.115 -0.1214288455 2
0 0.045 0.125 -0.119580247 2
0 0.045 0.135 -0.1175371103 2
0 0.045 0.145 -0.1152010149 2
0 0.045 0.155 -0.1120723994 2
0 0.045 0.165 -0.1069406651 2
0 0.045 0.175 -0.09994374239 2
0 0.045 0.185 -0.09132382257 1
0 0.045 0.195 -0.0844897681 1
0 0.045 0.205 -0.07973736513 1
0 0.045 0.215 -0.07675296487 1
0 0.045 0.225 -0.07447414265 1
0 0.045 0.235 -0.07220134979 1
0 0.045 0.245 -0.07056281062 1
0 0.045 0.255 -0.07040470899 1
0 0.045 0.265 -0.07195288742 1
0 0.045 0.275 -0.07481409017 2
0 0.045 0.285 -0.07623322135 2
0 0.045 0.295 -0.07591373772 2
0 0.045 0.305 -0.07386349674 2
0 0.045 0.315 -0.07113007578 2
0 0.045 0.325 -0.06825429759 2
0 0.045 0.335 -0.06503166582 2
0 0.045 0.345 -0.06065420137 2
0 0.045 0.355 -0.05463163802 2
0 0.045 0.365 -0.04741476754 1
0 0.045 0.375 -0.03975546994 1
0 0.045 0.385 -0.03449308304 1
0 0.045 0.395 -0.02700068667 1
0 0.045 0.405 -0.01618681215 1
0 0.045 0.415 -0.006370760538 1
0 0.045 0.425 0 1
0 0.045 0.435 0 1
0 0.045 0.445 0 2
0 0.045 0.455 0 2
0 0.045 0.465 0 2
0 0.055 -0.455 0 1
0 0.055 -0.445 0 2
0 0.055 -0.435 0 2
0 0.055 -0.425 0 2
0 0.055 -0.415 -0.01031286522 2
0 0.055 -0.405 -0.02591918814 2
0 0.055 -0.395 -0.04102226286 2
0 0.055 -0.385 -0.04836255648 2
0 0.055 -0.375 -0.04878733156 2
0 0.055 -0.365 -0.05150002885 2
0 0.055 -0.355 -0.05376146548 2
0 0.055 -0.345 -0.05664451106 2
0 0.055 -0.335 -0.05985212204 2
0 0.055 -0.325 -0.06330027042 2
0 0.055 -0.315 -0.06666429577 2
0 0.055 -0.305 -0.06981344501 2
0 0.055 -0.295 -0.0723568118 2
0 0.055 -0.285 -0.07328706007 2
0 0.055 -0.275 -0.07246380957 2
0 0.055 -0.265 -0.07008257129 1
0 0.055 -0.255 -0.06925615476 1
0 0.055 -0.245 -0.06979676696 1
0 0.055 -0.235 -0.07210027037 1
0 0.055 -0.225 -0.07466566968 1
0 0.055 -0.215 -0.07825999586 1
0 0.055 -0.205 -0.08348815037 1
0 0.055 -0.195 -0.09052396021 1
0 0.055 -0.185 -0.09839078753 2
0 0.055 -0.175 -0.1045315926 2
0 0.055 -0.165 -0.1093072047 2
0 0.055 -0.155 -0.1125281559 2
0 0.055 -0.145 -0.1152068104 2
0 0.055 -0.135 -0.1175160386 2
0 0.055 -0.125 -0.1195535426 2
0 0.055 -0.115 -0.1213039548 2
0 0.055 -0.105 -0.1227910503 2
0 0.055 -0.095 -0.1240309984 2
0 0.055 -0.085 -0.1250445473 2
0 0.055 -0.075 -0.1258517381 2
0 0.055 -0.065 -0.1264771002 2
0 0.055 -0.055 -0.1269435731 2
0 0.055 -0.045 -0.1272792253 2
0 0.055 -0.035 -0.1275074326 2
0 0.055 -0.025 -0.1276536951 2
0 0.055 -0.015 -0.1277269398 2
0 0.055 -0.005 -0.1277293112 2
0 0.055 0.005 -0.1276346354 2
0 0.055 0.015 -0.1274201 2
0 0.055 0.025 -0.1270455733 2
0 0.055 0.035 -0.1264957053 2
0 0.055 0.045 -0.1257677366 2
0 0.055 0.055 -0.1248726303 2
0 0.055 0.065 -0.1238454304 2
0 0.055 0.075 -0.1227068077 2
0 0.055 0.085 -0.1214803487 2
0 0.055 0.095 -0.120167393 2
0 0.055 0.105 -0.1187622464 2
0 0.055 0.115 -0.1172510147 2
0 0.055 0.125 -0.115621033 2
0 0.055 0.135 -0.1138838216 2
0 0.055 0.145 -0.1120173049 2
0 0.055 0.155 -0.1096702785 2
0 0.055 0.165 -0.1057776377 2
0 0.055 0.175 -0.09982680104 2
0 0.055 0.185 -0.09207538727 1
0 0.055 0.195 -0.08431239451 1
0 0.055 0.205 -0.07843145182 1
0 0.055 0.215 -0.07426005599 1
0 0.055 0.225 -0.07142048792 1
0 0.055 0.235 -0.06894502805 1
0 0.055 0.245 -0.06686163273 1
0 0.055 0.255 -0.06609955614 1
0 0.055 0.265 -0.06707733887 1
0 0.055 0.275 -0.06950491185 2
0 0.055 0.285 -0.07138718691 2
0 0.055 0.295 -0.07162220715 2
0 0.055 0.305 -0.07025014731 2
0 0.055 0.315 -0.06800233511 2
0 0.055 0.325 -0.06561152239 2
0 0.055 0.335 -0.06298068462 2
0 0.055 0.345 -0.05964500565 2
0 0.055 0.355 -0.05484103398 2
0 0.055 0.365 -0.0489914544 2
0 0.055 0.375 -0.04181753594 1
0 0.055 0.385 -0.03604370761 1
0 0.055 0.395 -0.02767575908 1
0 0.055 0.405 -0.01621749281 1
0 0.055 0.415 -0.006276981905 1
0 0.055 0.425 0 1
0 0.055 0.435 0 2
0 0.055 0.445 0 2
0 0.055 0.455 0 2
0 0.055 0.465 0 2
0 0.065 -0.455 0 2
0 0.065 -0.445 0 2
0 0.065 -0.435 0 2
0 0.065 -0.425 0 2
0 0.065 -0.415 -0.0103169976 2
0 0.065 -0.405 -0.02586360906 2
0 0.065 -0.395 -0.04027285337 2
0 0.065 -0.385 -0.04645812741 2
0 0.065 -0.375 -0.0453343742 2
0 0.065 -0.365 -0.04676982122 2
0 0.065 -0.355 -0.04809363809 2
0 0.065 -0.345 -0.05050653057 2
0 0.065 -0.335 -0.05374432819 2
0 0.065 -0.325 -0.05768713719 2
0 0.065 -0.315 -0.06150327 2
0 0.065 -0.305 -0.06493242929 2
0 0.065 -0.295 -0.0675163209 2
0 0.065 -0.285 -0.06868432925 2
0 0.065 -0.275 -0.06825752218 2
0 0.065 -0.265 -0.06646539303 1
0 0.065 -0.255 -0.06582020449 1
0 0.065 -0.245 -0.06645819196 1
0 0.065 -0.235 -0.06854634887 1
0 0.065 -0.225 -0.07076740221 1
0 0.065 -0.215 -0.07326183054 1
0 0.065 -0.205 -0.07697839455 1
0 0.065 -0.195 -0.08251187176 1
0 0.065 -0.185 -0.09022033558 2
0 0.065 -0.175 -0.09723841781 2
0 0.065 -0.165 -0.1030241624 2
0 0.065 -0.155 -0.1069703127 2
0 0.065 -0.145 -0.110026774 2
0 0.065 -0.135 -0.1125674199 2
0 0.065 -0.125 -0.1147265787 2
0 0.065 -0.115 -0.1165351977 2
0 0.065 -0.105 -0.1180357698 2
0 0.065 -0.095 -0.11925579 2
0 0.065 -0.085 -0.1202253024 2
0 0.065 -0.075 -0.1209702929 2
0 0.065 -0.065 -0.12152467 2
0 0.065 -0.055 -0.1219183174 2
0 0.065 -0.045 -0.1221849155 2
0 0.065 -0.035 -0.1223495746 2
0 0.065 -0.025 -0.1224332844 2
0 0.065 -0.015 -0.1224437653 2
0 0.065 -0.005 -0.1223808134 2
0 0.065 0.005 -0.1222306813 2
0 0.065 0.015 -0.1219779888 2
0 0.065 0.025 -0.1216022017 2
0 0.065 0.035 -0.121092163 2
0 0.065 0.045 -0.1204443684 2
0 0.065 0.055 -0.1196637903 2
0 0.065 0.065 -0.1187656462 2
0 0.065 0.075 -0.1177629064 2
0 0.065 0.085 -0.1166694847 2
0 0.065 0.095 -0.1154922625 2
0 0.065 0.105 -0.1142359189 2
0 0.065 0.115 -0.1129041825 2
0 0.065 0.125 -0.1115081458 2
0 0.065 0.135 -0.1100717681 2
0 0.065 0.145 -0.108692408 2
0 0.065 0.155 -0.1070948915 2
0 0.065 0.165 -0.1046062999 2
0 0.065 0.175 -0.100171556 2
0 0.065 0.185 -0.09433046746 2
0 0.065 0.195 -0.08706061563 1
0 0.065 0.205 -0.08024321115 1
0 0.065 0.215 -0.07462985069 1
0 0.065 0.225 -0.07029269667 1
0 0.065 0.235 -0.06694748657 1
0 0.065 0.245 -0.06432477585 1
0 0.065 0.255 -0.0631651234 1
0 0.065 0.265 -0.06381924125 1
0 0.065 0.275 -0.06585921229 1
0 0.065 0.285 -0.06778377173 2
0 0.065 0.295 -0.06803777665 2
0 0.065 0.305 -0.06687372748 2
0 0.065 0.315 -0.06487567261 2
0 0.065 0.325 -0.06272000046 2
0 0.065 0.335 -0.06045293915 2
0 0.065 0.345 -0.05794458095 2
0 0.065 0.355 -0.05444074667 2
0 0.065 0.365 -0.04990037194 2
0 0.065 0.375 -0.04374167845 2
0 0.065 0.385 -0.03796207445 1
0 0.065 0.395 -0.02888474518 1
0 0.065 0.405 -0.01660996203 1
0 0.065 0.415 -0.006373616811 1
0 0.065 0.425 0 1
0 0.065 0.435 0 2
0 0.065 0.445 0 2
0 0.065 0.455 0 2
0 0.065 0.465 0 2
0 0.075 -0.455 0 2
0 0.075 -0.445 0 2
0 0.075 -0.435 0 2
0 0.075 -0.425 0 2
0 0.075 -0.415 -0.009991571263 2
0 0.075 -0.405 -0.02496696378 2
0 0.075 -0.395 -0.03822765303 2
0 0.075 -0.385 -0.04324803573 2
0 0.075 -0.375 -0.04094468354 2
0 0.075 -0.365 -0.04127232342 1
0 0.075 -0.355 -0.04167815839 1
0 0.075 -0.345 -0.04362577217 1
0 0.075 -0.335 -0.0470436712 1
0 0.075 -0.325 -0.05163875325 2
0 0.075 -0.315 -0.056372568 2
0 0.075 -0.305 -0.06043606331 2
0 0.075 -0.295 -0.06347444504 2
0 0.075 -0.285 -0.06522071507 2
0 0.075 -0.275 -0.06529599 2
0 0.075 -0.265 -0.06417177209 1
0 0.075 -0.255 -0.06317712159 1
0 0.075 -0.245 -0.06371249198 1
0 0.075 -0.235 -0.06542205992 1
0 0.075 -0.225 -0.06758810319 1
0 0.075 -0.215 -0.06966340692 1
0 0.075 -0.205 -0.07237817265 1
0 0.075 -0.195 -0.076887399 1
0 0.075 -0.185 -0.08351814102 1
0 0.075 -0.175 -0.0911256877 2
0 0.075 -0.165 -0.09742843423 2
0 0.075 -0.155 -0.102036177 2
0 0.075 -0.145 -0.1053949146 2
0 0.075 -0.135 -0.1081162645 2
0 0.075 -0.125 -0.1103522232 2
0 0.075 -0.115 -0.1121898591 2
0 0.075 -0.105 -0.1136799473 2
0 0.075 -0.095 -0.1148529035 2
0 0.075 -0.085 -0.1157481511 2
0 0.075 -0.075 -0.1163923903 2
0 0.075 -0.065 -0.1168360464 2
0 0.075 -0.055 -0.1171157905 2
0 0.075 -0.045 -0.1172802723 2
0 0.075 -0.035 -0.117358086 2
0 0.075 -0.025 -0.1173718129 2
0 0.075 -0.015 -0.1173269762 2
0 0.075 -0.005 -0.1172219888 2
0 0.075 0.005 -0.1170459513 2
0 0.075 0.015 -0.1167860403 2
0 0.075 0.025 -0.1164277901 2
0 0.075 0.035 -0.1159615023 2
0 0.075 0.045 -0.1153827427 2
0 0.075 0.055 -0.1146929595 2
0 0.075 0.065 -0.113899563 2
0 0.075 0.075 -0.1130115936 2
0 0.075 0.085 -0.1120397644 2
0 0.075 0.095 -0.1109936498 2
0 0.075 0.105 -0.1098839227 2
0 0.075 0.115 -0.1087232763 2
0 0.075 0.125 -0.107537948 2
0 0.075 0.135 -0.1063374278 2
0 0.075 0.145 -0.1052710408 2
0 0.075 0.155 -0.1042204607 2
0 0.075 0.165 -0.1029792681 2
0 0.075 0.175 -0.100485573 2
0 0.075 0.185 -0.09664684986 2
0 0.075 0.195 -0.09119455082 2
0 0.075 0.205 -0.08478023388 1
0 0.075 0.215 -0.07875898551 1
0 0.075 0.225 -0.07305199544 1
0 0.075 0.235 -0.06880222665 1
0 0.075 0.245 -0.06553627573 1
0 0.075 0.255 -0.0638927271 1
0 0.075 0.265 -0.06381369415 1
0 0.075 0.275 -0.06507367363 2
0 0.075 0.285 -0.06594171972 2
0 0.075 0.295 -0.06561966642 2
0 0.075 0.305 -0.06409965258 2
0 0.075 0.315 -0.06200962911 2
0 0.075 0.325 -0.05983098014 2
0 0.075 0.335 -0.0576751427 2
0 0.075 0.345 -0.0555616264 2
0 0.075 0.355 -0.05304329191 2
0 0.075 0.365 -0.04976337508 2
0 0.075 0.375 -0.0448053072 2
0 0.075 0.385 -0.03975510451 2
0 0.075 0.395 -0.03062728941 1
0 0.075 0.405 -0.01753889512 1
0 0.075 0.415 -0.006748432926 1
0 0.075 0.425 0 2
0 0.075 0.435 0 2
0 0.075 0.445 0 2
0 0.075 0.455 0 2
0 0.075 0.465 0 2
0 0.085 -0.455 0 1
0 0.085 -0.445 0 1
0 0.085 -0.435 0 1
0 0.085 -0.425 0 1
0 0.085 -0.415 -0.009233159033 1
0 0.085 -0.405 -0.02296971981 1
0 0.085 -0.395 -0.03482479353 1
0 0.085 -0.385 -0.0392079999 2
0 0.085 -0.375 -0.03659133449 1
0 0.085 -0.365 -0.03657616439 1
0 0.085 -0.355 -0.0367470895 1
0 0.085 -0.345 -0.03839658734 1
0 0.085 -0.335 -0.04160263947 1
0 0.085 -0.325 -0.04614982422 1
0 0.085 -0.315 -0.05157142884 2
0 0.085 -0.305 -0.05633123531 2
0 0.085 -0.295 -0.0600851863 2
0 0.085 -0.285 -0.06257323959 2
0 0.085 -0.275 -0.06337030875 2
0 0.085 -0.265 -0.06308084761 2
0 0.085 -0.255 -0.06170156735 1
0 0.085 -0.245 -0.06163144562 1
0 0.085 -0.235 -0.06264142331 1
0 0.085 -0.225 -0.06446552033 1
0 0.085 -0.215 -0.06647575525 1
0 0.085 -0.205 -0.06869889264 1
0 0.085 -0.195 -0.0728323099 1
0 0.085 -0.185 -0.07866579213 1
0 0.085 -0.175 -0.08644346479 2
0 0.085 -0.165 -0.09291645583 2
0 0.085 -0.155 -0.09789278827 2
0 0.085 -0.145 -0.1013134816 2
0 0.085 -0.135 -0.1040642791 2
0 0.085 -0.125 -0.1062834536 2
0 0.085 -0.115 -0.1080943763 2
0 0.085 -0.105 -0.109543873 2
0 0.085 -0.095 -0.1106436109 2
0 0.085 -0.085 -0.1114413545 2
0 0.085 -0.075 -0.1119482876 2
0 0.085 -0.065 -0.1122521707 2
0 0.085 -0.055 -0.1123873342 2
0 0.085 -0.045 -0.1124280806 2
0 0.085 -0.035 -0.1124009099 2
0 0.085 -0.025 -0.1123358183 2
0 0.085 -0.015 -0.1122355845 2
0 0.085 -0.005 -0.1120976826 2
0 0.085 0.005 -0.1119092006 2
0 0.085 0.015 -0.1116567078 2
0 0.085 0.025 -0.1113263989 2
0 0.085 0.035 -0.1109082554 2
0 0.085 0.045 -0.1103964569 2
0 0.085 0.055 -0.1097900001 2
0 0.085 0.065 -0.1090924459 2
0 0.085 0.075 -0.1083102675 2
0 0.085 0.085 -0.1074525135 2
0 0.085 0.095 -0.1065298843 2
0 0.085 0.105 -0.1055564206 2
0 0.085 0.115 -0.1045494296 2
0 0.085 0.125 -0.1035417237 2
0 0.085 0.135 -0.1025588781 2
0 0.085 0.145 -0.1017250348 2
0 0.085 0.155 -0.1010461172 2
0 0.085 0.165 -0.10049202 2
0 0.085 0.175 -0.09954417365 2
0 0.085 0.185 -0.09766447252 2
0 0.085 0.195 -0.09442155849 2
0 0.085 0.205 -0.08978753582 2
0 0.085 0.215 -0.08454904735 2
0 0.085 0.225 -0.07891982378 1
0 0.085 0.235 -0.07420570411 1
0 0.085 0.245 -0.07027974292 1
0 0.085 0.255 -0.0677515002 1
0 0.085 0.265 -0.06641637639 1
0 0.085 0.275 -0.06604135374 2
0 0.085 0.285 -0.06528262016 2
0 0.085 0.295 -0.06385349155 2
0 0.085 0.305 -0.06166632174 2
0 0.085 0.315 -0.05924536686 2
0 0.085 0.325 -0.05682041605 2
0 0.085 0.335 -0.05451798048 2
0 0.085 0.345 -0.05243524528 2
0 0.085 0.355 -0.05039480466 2
0 0.085 0.365 -0.0481935186 2
0 0.085 0.375 -0.04464644911 2
0 0.085 0.385 -0.04102099653 2
0 0.085 0.395 -0.03274406502 2
0 0.085 0.405 -0.01922556489 2
0 0.085 0.415 -0.007515812655 2
0 0.085 0.425 0 2
0 0.085 0.435 0 2
0 0.085 0.445 0 2
0 0.085 0.455 0 2
0 0.085 0.465 0 2
0 0.095 -0.455 0 1
0 0.095 -0.445 0 1
0 0.095 -0.435 0 1
0 0.095 -0.425 0 1
0 0.095 -0.415 -0.008270612723 1
0 0.095 -0.405 -0.02052856419 1
0 0.095 -0.395 -0.03111844535 1
0 0.095 -0.385 -0.03518408899 1
0 0.095 -0.375 -0.03313789727 1
0 0.095 -0.365 -0.03351640432 1
0 0.095 -0.355 -0.03391841644 1
0 0.095 -0.345 -0.03544453432 1
0 0.095 -0.335 -0.03817554354 1
0 0.095 -0.325 -0.04221560896 1
0 0.095 -0.315 -0.04758228253 2
0 0.095 -0.305 -0.05289056096 2
0 0.095 -0.295 -0.05724601278 2
0 0.095 -0.285 -0.06040732242 2
0 0.095 -0.275 -0.06211028364 2
0 0.095 -0.265 -0.06263088419 2
0 0.095 -0.255 -0.0616217658 1
0 0.095 -0.245 -0.06069957751 1
0 0.095 -0.235 -0.06075236132 1
0 0.095 -0.225 -0.06179250149 1
0 0.095 -0.215 -0.06352945035 1
0 0.095 -0.205 -0.06556537618 1
0 0.095 -0.195 -0.06957539079 1
0 0.095 -0.185 -0.07529876424 1
0 0.095 -0.175 -0.08311633246 2
0 0.095 -0.165 -0.08966565886 2
0 0.095 -0.155 -0.09466856402 2
0 0.095 -0.145 -0.09791902435 2
0 0.095 -0.135 -0.1005717735 2
0 0.095 -0.125 -0.1027421907 2
0 0.095 -0.115 -0.1045560246 2
0 0.095 -0.105 -0.1059845403 2
0 0.095 -0.095 -0.106975257 2
0 0.095 -0.085 -0.1076254254 2
0 0.095 -0.075 -0.1078615607 2
0 0.095 -0.065 -0.1078982277 2
0 0.095 -0.055 -0.1077607379 2
0 0.095 -0.045 -0.1076219327 2
0 0.095 -0.035 -0.1074726487 2
0 0.095 -0.025 -0.1073368017 2
0 0.095 -0.015 -0.1071914207 2
0 0.095 -0.005 -0.1070348308 2
0 0.095 0.005 -0.1068502595 2
0 0.095 0.015 -0.1066208724 2
0 0.095 0.025 -0.1063300709 2
0 0.095 0.035 -0.1059660507 2
0 0.095 0.045 -0.1055214575 2
0 0.095 0.055 -0.1049935823 2
0 0.095 0.065 -0.1043840135 2
0 0.095 0.075 -0.1036978253 2
0 0.095 0.085 -0.1029432333 2
0 0.095 0.095 -0.1021312268 2
0 0.095 0.105 -0.1012768872 2
0 0.095 0.115 -0.1003988207 2
0 0.095 0.125 -0.09952814929 2
0 0.095 0.135 -0.09869659856 2
0 0.095 0.145 -0.0979786162 2
0 0.095 0.155 -0.09743342277 2
0 0.095 0.165 -0.09708300516 2
0 0.095 0.175 -0.09672568322 2
0 0.095 0.185 -0.09607892939 2
0 0.095 0.195 -0.0946727886 2
0 0.095 0.205 -0.09229689934 2
0 0.095 0.215 -0.08870340566 2
0 0.095 0.225 -0.08462925398 2
0 0.095 0.235 -0.08037503504 2
0 0.095 0.245 -0.07642350377 2
0 0.095 0.255 -0.07298923844 2
0 0.095 0.265 -0.07018285698 2
0 0.095 0.275 -0.06759344791 2
0 0.095 0.285 -0.06504692564 2
0 0.095 0.295 -0.06225194632 2
0 0.095 0.305 -0.05936609002 2
0 0.095 0.315 -0.05651476721 2
0 0.095 0.325 -0.0537259585 2
0 0.095 0.335 -0.05110277145 2
0 0.095 0.345 -0.048794397 2
0 0.095 0.355 -0.04685145293 2
0 0.095 0.365 -0.04529498896 2
0 0.095 0.375 -0.0430570849 2
0 0.095 0.385 -0.04140788466 2
0 0.095 0.395 -0.03437020586 2
0 0.095 0.405 -0.02078301099 2
0 0.095 0.415 -0.008293974895 2
0 0.095 0.425 0 2
0 0.095 0.435 0 2
0 0.095 0.445 0 2
0 0.095 0.455 0 2
0 0.095 0.465 0 2
0 0.105 -0.455 0 1
0 0.105 -0.445 0 1
0 0.105 -0.435 0 1
0 0.105 -0.425 0 1
0 0.105 -0.415 -0.007271952879 1
0 0.105 -0.405 -0.01806924348 1
0 0.105 -0.395 -0.0278351412 1
0 0.105 -0.385 -0.03195434763 1
0 0.105 -0.375 -0.03083806013 1
0 0.105 -0.365 -0.03181022087 1
0 0.105 -0.355 -0.03274002162 1
0 0.105 -0.345 -0.03427972842 1
0 0.105 -0.335 -0.03637658671 1
0 0.105 -0.325 -0.03973803722 1
0 0.105 -0.315 -0.04451151508 1
0 0.105 -0.305 -0.05014824538 2
0 0.105 -0.295 -0.054900081 2
0 0.105 -0.285 -0.05857494044 2
0 0.105 -0.275 -0.061120495 2
0 0.105 -0.265 -0.06248851827 2
0 0.105 -0.255 -0.06261129226 2
0 0.105 -0.245 -0.06181184597 1
0 0.105 -0.235 -0.06107231496 1
0 0.105 -0.225 -0.06112822839 1
0 0.105 -0.215 -0.06194390312 1
0 0.105 -0.205 -0.06384684539 1
0 0.105 -0.195 -0.06791433394 1
0 0.105 -0.185 -0.07395631639 1
0 0.105 -0.175 -0.08150394997 2
0 0.105 -0.165 -0.08767226358 2
0 0.105 -0.155 -0.09218495846 2
0 0.105 -0.145 -0.09500592432 2
0 0.105 -0.135 -0.09734842195 2
0 0.105 -0.125 -0.09915822789 2
0 0.105 -0.115 -0.1007608443 2
0 0.105 -0.105 -0.1020989667 2
0 0.105 -0.095 -0.1029790333 2
0 0.105 -0.085 -0.1035865964 2
0 0.105 -0.075 -0.1036229211 2
0 0.105 -0.065 -0.1035372331 2
0 0.105 -0.055 -0.103189381 2
0 0.105 -0.045 -0.1028815331 2
0 0.105 -0.035 -0.1025656717 2
0 0.105 -0.025 -0.1023361667 2
0 0.105 -0.015 -0.1021522057 2
0 0.105 -0.005 -0.1019988552 2
0 0.105 0.005 -0.1018367493 2
0 0.105 0.015 -0.1016463569 2
0 0.105 0.025 -0.1014071621 2
0 0.105 0.035 -0.1011045619 2
0 0.105 0.045 -0.1007295116 2
0 0.105 0.055 -0.10027823 2
0 0.105 0.065 -0.09975128173 2
0 0.105 0.075 -0.09915297797 2
0 0.105 0.085 -0.0984909412 2
0 0.105 0.095 -0.09777582561 2
0 0.105 0.105 -0.09702210874 2
0 0.105 0.115 -0.09624777363 2
0 0.105 0.125 -0.09547840222 2
0 0.105 0.135 -0.09474288027 2
0 0.105 0.145 -0.0940720822 2
0 0.105 0.155 -0.09350725654 2
0 0.105 0.165 -0.09310419127 2
0 0.105 0.175 -0.09278788075 2
0 0.105 0.185 -0.09248358501 2
0 0.105 0.195 -0.09185899128 2
0 0.105 0.205 -0.09083747539 2
0 0.105 0.215 -0.08879953107 2
0 0.105 0.225 -0.08628984601 2
0 0.105 0.235 -0.08294903791 2
0 0.105 0.245 -0.07937427301 2
0 0.105 0.255 -0.07544154733 2
0 0.105 0.265 -0.07161150009 2
0 0.105 0.275 -0.06763763145 2
0 0.105 0.285 -0.06400501899 2
0 0.105 0.295 -0.06040577666 2
0 0.105 0.305 -0.05704224275 2
0 0.105 0.315 -0.05378021375 2
0 0.105 0.325 -0.05062499149 2
0 0.105 0.335 -0.04762230931 2
0 0.105 0.345 -0.04490001531 2
0 0.105 0.355 -0.04261801102 2
0 0.105 0.365 -0.04115927246 2
0 0.105 0.375 -0.03968074997 2
0 0.105 0.385 -0.04010736839 2
0 0.105 0.395 -0.03473625845 2
0 0.105 0.405 -0.02189063706 2
0 0.105 0.415 -0.008893890548 2
0 0.105 0.425 0 2
0 0.105 0.435 0 2
0 0.105 0.445 0 2
0 0.105 0.455 0 2
0 0.105 0.465 0 2
0 0.115 -0.455 0 1
0 0.115 -0.445 0 1
0 0.115 -0.435 0 1
0 0.115 -0.425 0 1
0 0.115 -0.415 -0.006330763546 1
0 0.115 -0.405 -0.01592186833 1
0 0.115 -0.395 -0.02505824013 1
0 0.115 -0.385 -0.02942598415 1
0 0.115 -0.375 -0.02940608065 1
0 0.115 -0.365 -0.03091916117 1
0 0.115 -0.355 -0.03215469987 1
0 0.115 -0.345 -0.03359303666 1
0 0.115 -0.335 -0.03527621896 1
0 0.115 -0.325 -0.03824743013 1
0 0.115 -0.315 -0.04258694696 1
0 0.115 -0.305 -0.04817916677 2
0 0.115 -0.295 -0.0530866522 2
0 0.115 -0.285 -0.05703067648 2
0 0.115 -0.275 -0.06006700736 2
0 0.115 -0.265 -0.06229300131 2
0 0.115 -0.255 -0.06362995623 2
0 0.115 -0.245 -0.06397155655 2
0 0.115 -0.235 -0.06349851719 1
0 0.115 -0.225 -0.0633246955 1
0 0.115 -0.215 -0.0634026675 1
0 0.115 -0.205 -0.0651904123 1
0 0.115 -0.195 -0.06886088432 1
0 0.115 -0.185 -0.07469317472 1
0 0.115 -0.175 -0.08088874139 2
0 0.115 -0.165 -0.08595635596 2
0 0.115 -0.155 -0.08925220544 2
0 0.115 -0.145 -0.09100009429 2
0 0.115 -0.135 -0.09257750845 2
0 0.115 -0.125 -0.09378908419 2
0 0.115 -0.115 -0.09484533461 2
0 0.115 -0.105 -0.09567969146 2
0 0.115 -0.095 -0.09634325371 2
0 0.115 -0.085 -0.09727814162 2
0 0.115 -0.075 -0.09788853993 2
0 0.115 -0.065 -0.09832685603 2
0 0.115 -0.055 -0.09817473185 2
0 0.115 -0.045 -0.09791185277 2
0 0.115 -0.035 -0.09756135525 2
0 0.115 -0.025 -0.09728741138 2
0 0.115 -0.015 -0.09709145567 2
0 0.115 -0.005 -0.09696549956 2
0 0.115 0.005 -0.0968564813 2
0 0.115 0.015 -0.09672665288 2
0 0.115 0.025 -0.09655371017 2
0 0.115 0.035 -0.09632130719 2
0 0.115 0.045 -0.0960191955 2
0 0.115 0.055 -0.09564345729 2
0 0.115 0.065 -0.09519446023 2
0 0.115 0.075 -0.09467629747 2
0 0.115 0.085 -0.09409620072 2
0 0.115 0.095 -0.09346416097 2
0 0.115 0.105 -0.09279315967 2
0 0.115 0.115 -0.09209888803 2
0 0.115 0.125 -0.09140059897 2
0 0.115 0.135 -0.09071952898 2
0 0.115 0.145 -0.09007838603 2
0 0.115 0.155 -0.08948405449 2
0 0.115 0.165 -0.08896666871 2
0 0.115 0.175 -0.08849290104 2
0 0.115 0.185 -0.08806590444 2
0 0.115 0.195 -0.08748015087 2
0 0.115 0.205 -0.08671357839 2
0 0.115 0.215 -0.08538534729 2
0 0.115 0.225 -0.0836452016 2
0 0.115 0.235 -0.08103322465 2
0 0.115 0.245 -0.07786602385 2
0 0.115 0.255 -0.07406548161 2
0 0.115 0.265 -0.07006543565 2
0 0.115 0.275 -0.06587769245 2
0 0.115 0.285 -0.06195363219 2
0 0.115 0.295 -0.05816307745 2
0 0.115 0.305 -0.05457803558 2
0 0.115 0.315 -0.05105069123 2
0 0.115 0.325 -0.04757660815 2
0 0.115 0.335 -0.04413527142 2
0 0.115 0.345 -0.04091649694 2
0 0.115 0.355 -0.03801450828 2
0 0.115 0.365 -0.03630951934 2
0 0.115 0.375 -0.03515654274 2
0 0.115 0.385 -0.03719610271 2
0 0.115 0.395 -0.03333429967 2
0 0.115 0.405 -0.02193341547 2
0 0.115 0.415 -0.009037021451 2
0 0.115 0.425 0 2
0 0.115 0.435 0 2
0 0.115 0.445 0 2
0 0.115 0.455 0 2
0 0.115 0.465 0 2
0 0.125 -0.455 0 1
0 0.125 -0.445 0 1
0 0.125 -0.435 0 1
0 0.125 -0.425 0 1
0 0.125 -0.415 -0.005318335413 1
0 0.125 -0.405 -0.01374966144 1
0 0.125 -0.395 -0.02234051034 1
0 0.125 -0.385 -0.02717020947 1
0 0.125 -0.375 -0.02832203454 1
0 0.125 -0.365 -0.03019910799 1
0 0.125 -0.355 -0.03150643924 1
0 0.125 -0.345 -0.03280316165 1
0 0.125 -0.335 -0.03425904359 1
0 0.125 -0.325 -0.03701637693 1
0 0.125 -0.315 -0.04126984881 1
0 0.125 -0.305 -0.04676846379 2
0 0.125 -0.295 -0.05171148755 2
0 0.125 -0.285 -0.05563443078 2
0 0.125 -0.275 -0.0587499895 2
0 0.125 -0.265 -0.06153889966 2
0 0.125 -0.255 -0.06394168311 2
0 0.125 -0.245 -0.0656546404 2
0 0.125 -0.235 -0.0664676603 2
0 0.125 -0.225 -0.06692555865 2
0 0.125 -0.215 -0.06729108652 1
0 0.125 -0.205 -0.06899533676 1
0 0.125 -0.195 -0.07189022641 1
0 0.125 -0.185 -0.07639275958 2
0 0.125 -0.175 -0.08025952951 2
0 0.125 -0.165 -0.08310110198 2
0 0.125 -0.155 -0.08416075605 2
0 0.125 -0.145 -0.0842661052 2
0 0.125 -0.135 -0.0845008181 2
0 0.125 -0.125 -0.08498238333 2
0 0.125 -0.115 -0.08523459531 2
0 0.125 -0.105 -0.08535512837 2
0 0.125 -0.095 -0.08590403348 2
0 0.125 -0.085 -0.08723737577 2
0 0.125 -0.075 -0.08911016836 2
0 0.125 -0.065 -0.09081720924 2
0 0.125 -0.055 -0.09186263342 2
0 0.125 -0.045 -0.09228835421 2
0 0.125 -0.035 -0.09229966406 2
0 0.125 -0.025 -0.09214498817 2
0 0.125 -0.015 -0.09200721216 2
0 0.125 -0.005 -0.09193712981 2
0 0.125 0.005 -0.09190131908 2
0 0.125 0.015 -0.09185680917 2
0 0.125 0.025 -0.09176537849 2
0 0.125 0.035 -0.09161199565 2
0 0.125 0.045 -0.09138637073 2
0 0.125 0.055 -0.09108527588 2
0 0.125 0.065 -0.09070982054 2
0 0.125 0.075 -0.09026444665 2
0 0.125 0.085 -0.08975628426 2
0 0.125 0.095 -0.08919460993 2
0 0.125 0.105 -0.08859067422 2
0 0.125 0.115 -0.08795728534 2
0 0.125 0.125 -0.08730835461 2
0 0.125 0.135 -0.08665725351 2
0 0.125 0.145 -0.08601694869 2
0 0.125 0.155 -0.08539109447 2
0 0.125 0.165 -0.08477503064 2
0 0.125 0.175 -0.08413380035 2
0 0.125 0.185 -0.08346165628 2
0 0.125 0.195 -0.08268037104 2
0 0.125 0.205 -0.08175293867 2
0 0.125 0.215 -0.08046807236 2
0 0.125 0.225 -0.07880508424 2
0 0.125 0.235 -0.07654854668 2
0 0.125 0.245 -0.07377858495 2
0 0.125 0.255 -0.0704746623 2
0 0.125 0.265 -0.06688906696 2
0 0.125 0.275 -0.06312507574 2
0 0.125 0.285 -0.0594116615 2
0 0.125 0.295 -0.05574429734 2
0 0.125 0.305 -0.05210967497 2
0 0.125 0.315 -0.04847672399 2
0 0.125 0.325 -0.04479063828 2
0 0.125 0.335 -0.04085652921 2
0 0.125 0.345 -0.03690715729 2
0 0.125 0.355 -0.03330502071 1
0 0.125 0.365 -0.03128365056 1
0 0.125 0.375 -0.03027517158 1
0 0.125 0.385 -0.03335148494 1
0 0.125 0.395 -0.03095791677 1
0 0.125 0.405 -0.0211729885 2
0 0.125 0.415 -0.008808962971 2
0 0.125 0.425 0 2
0 0.125 0.435 0 2
0 0.125 0.445 0 2
0 0.125 0.455 0 2
0 0.125 0.465 0 2
0 0.135 -0.455 0 1
0 0.135 -0.445 0 1
0 0.135 -0.435 0 1
0 0.135 -0.425 0 1
0 0.135 -0.415 -0.004349897182 1
0 0.135 -0.405 -0.01158230594 1
0 0.135 -0.395 -0.01974361489 1
0 0.135 -0.385 -0.02499849518 1
0 0.135 -0.375 -0.02713530771 1
0 0.135 -0.365 -0.02920618617 1
0 0.135 -0.355 -0.03056214232 1
0 0.135 -0.345 -0.03179024037 1
0 0.135 -0.335 -0.03319084137 1
0 0.135 -0.325 -0.03592266352 1
0 0.135 -0.315 -0.04024128076 1
0 0.135 -0.305 -0.04569598807 2
0 0.135 -0.295 -0.0505654925 2
0 0.135 -0.285 -0.05431721776 2
0 0.135 -0.275 -0.05727444533 2
0 0.135 -0.265 -0.06006241927 2
0 0.135 -0.255 -0.06292809673 2
0 0.135 -0.245 -0.06555477146 2
0 0.135 -0.235 -0.06782054688 2
0 0.135 -0.225 -0.06945712273 2
0 0.135 -0.215 -0.07092779332 2
0 0.135 -0.205 -0.07254456861 2
0 0.135 -0.195 -0.07462796453 2
0 0.135 -0.185 -0.07702508452 2
0 0.135 -0.175 -0.07826210505 2
0 0.135 -0.165 -0.07805573863 2
0 0.135 -0.155 -0.07634556555 2
0 0.135 -0.145 -0.07466050608 2
0 0.135 -0.135 -0.07330556598 1
0 0.135 -0.125 -0.07309180049 2
0 0.135 -0.115 -0.0727221579 2
0 0.135 -0.105 -0.07234288911 1
0 0.135 -0.095 -0.07287183016 1
0 0.135 -0.085 -0.07441259083 1
0 0.135 -0.075 -0.07742997726 2
0 0.135 -0.065 -0.08047669238 2
0 0.135 -0.055 -0.08338514915 2
0 0.135 -0.045 -0.08528363739 2
0 0.135 -0.035 -0.0863069285 2
0 0.135 -0.025 -0.08668352421 2
0 0.135 -0.015 -0.08678278947 2
0 0.135 -0.005 -0.08687668053 2
0 0.135 0.005 -0.08696691275 2
0 0.135 0.015 -0.08703873223 2
0 0.135 0.025 -0.08704600222 2
0 0.135 0.035 -0.08697986987 2
0 0.135 0.045 -0.08683344071 2
0 0.135 0.055 -0.08660532895 2
0 0.135 0.065 -0.08629857966 2
0 0.135 0.075 -0.08591866475 2
0 0.135 0.085 -0.08547302614 2
0 0.135 0.095 -0.08497041011 2
0 0.135 0.105 -0.08442052833 2
0 0.135 0.115 -0.08383351885 2
0 0.135 0.125 -0.08321936716 2
0 0.135 0.135 -0.08258616234 2
0 0.135 0.145 -0.08193938284 2
0 0.135 0.155 -0.08127749771 2
0 0.135 0.165 -0.08059307108 2
0 0.135 0.175 -0.07986117991 2
0 0.135 0.185 -0.07904907107 2
0 0.135 0.195 -0.07809361398 2
0 0.135 0.205 -0.07694438956 2
0 0.135 0.215 -0.07550753935 2
0 0.135 0.225 -0.07374784577 2
0 0.135 0.235 -0.0715948883 2
0 0.135 0.245 -0.06908177079 2
0 0.135 0.255 -0.06623326473 2
0 0.135 0.265 -0.06315283219 2
0 0.135 0.275 -0.0599052781 2
0 0.135 0.285 -0.05658094985 2
0 0.135 0.295 -0.05319638842 2
0 0.135 0.305 -0.04968633851 2
0 0.135 0.315 -0.04610412613 2
0 0.135 0.325 -0.04233003364 2
0 0.135 0.335 -0.03809039869 2
0 0.135 0.345 -0.0335335593 2
0 0.135 0.355 -0.02972085031 1
0 0.135 0.365 -0.0275596257 1
0 0.135 0.375 -0.02660389745 1
0 0.135 0.385 -0.0296610106 1
0 0.135 0.395 -0.02786451859 1
0 0.135 0.405 -0.01931187482 2
0 0.135 0.415 -0.008109487462 2
0 0.135 0.425 0 2
0 0.135 0.435 0 2
0 0.135 0.445 0 2
0 0.135 0.455 0 2
0 0.135 0.465 0 2
0 0.145 -0.455 0 2
0 0.145 -0.445 0 2
0 0.145 -0.435 0 1
0 0.145 -0.425 0 1
0 0.145 -0.415 -0.003583308881 1
0 0.145 -0.405 -0.009711991434 1
0 0.145 -0.395 -0.0175651556 1
0 0.145 -0.385 -0.02301450467 1
0 0.145 -0.375 -0.02570283747 1
0 0.145 -0.365 -0.02768772795 1
0 0.145 -0.355 -0.0290717771 1
0 0.145 -0.345 -0.03037234773 1
0 0.145 -0.335 -0.03196496106 1
0 0.145 -0.325 -0.0348994282 1
0 0.145 -0.315 -0.0393487013 1
0 0.145 -0.305 -0.04482069709 2
0 0.145 -0.295 -0.04951168594 2
0 0.145 -0.285 -0.05296134131 2
0 0.145 -0.275 -0.05556272205 2
0 0.145 -0.265 -0.05803405308 2
0 0.145 -0.255 -0.06078156731 2
0 0.145 -0.245 -0.0635482209 2
0 0.145 -0.235 -0.06640619132 2
0 0.145 -0.225 -0.06883838513 2
0 0.145 -0.215 -0.07110760644 2
0 0.145 -0.205 -0.07273383255 2
0 0.145 -0.195 -0.07416859511 2
0 0.145 -0.185 -0.07479181859 2
0 0.145 -0.175 -0.0739099156 2
0 0.145 -0.165 -0.07134686369 2
0 0.145 -0.155 -0.06742749693 1
0 0.145 -0.145 -0.06424573698 1
0 0.145 -0.135 -0.06206178201 1
0 0.145 -0.125 -0.06148342942 1
0 0.145 -0.115 -0.06108265043 1
0 0.145 -0.105 -0.06078670382 1
0 0.145 -0.095 -0.06124342784 1
0 0.145 -0.085 -0.06274359435 1
0 0.145 -0.075 -0.06578242005 1
0 0.145 -0.065 -0.06929882553 1
0 0.145 -0.055 -0.07338004716 2
0 0.145 -0.045 -0.07689208746 2
0 0.145 -0.035 -0.07939259311 2
0 0.145 -0.025 -0.08086708857 2
0 0.145 -0.015 -0.08150070382 2
0 0.145 -0.005 -0.08184071314 2
0 0.145 0.005 -0.08208904413 2
0 0.145 0.015 -0.08228707884 2
0 0.145 0.025 -0.08240713767 2
0 0.145 0.035 -0.08243331088 2
0 0.145 0.045 -0.08236617811 2
0 0.145 0.055 -0.08220754605 2
0 0.145 0.065 -0.08196357833 2
0 0.145 0.075 -0.08164147325 2
0 0.145 0.085 -0.08124942787 2
0 0.145 0.095 -0.08079597271 2
0 0.145 0.105 -0.08028967368 2
0 0.145 0.115 -0.07973860398 2
0 0.145 0.125 -0.07914974911 2
0 0.145 0.135 -0.07852781817 2
0 0.145 0.145 -0.07787409584 2
0 0.145 0.155 -0.07718396432 2
0 0.145 0.165 -0.07644695843 2
0 0.145 0.175 -0.07564281643 2
0 0.145 0.185 -0.07474477552 2
0 0.145 0.195 -0.07371127163 2
0 0.145 0.205 -0.07250082438 2
0 0.145 0.215 -0.07105888968 2
0 0.145 0.225 -0.06935445405 2
0 0.145 0.235 -0.06735586738 2
0 0.145 0.245 -0.065075197 2
0 0.145 0.255 -0.0625340594 2
0 0.145 0.265 -0.05978747555 2
0 0.145 0.275 -0.05688083513 2
0 0.145 0.285 -0.05385844436 2
0 0.145 0.295 -0.05073531209 2
0 0.145 0.305 -0.04744560033 2
0 0.145 0.315 -0.04405576413 2
0 0.145 0.325 -0.04028537863 2
0 0.145 0.335 -0.03591452527 2
0 0.145 0.345 -0.03105826312 1
0 0.145 0.355 -0.02734718644 1
0 0.145 0.365 -0.02518849397 1
0 0.145 0.375 -0.02417994919 1
0 0.145 0.385 -0.026399131 1
0 0.145 0.395 -0.02439574431 1
0 0.145 0.405 -0.01677783489 1
0 0.145 0.415 -0.007053473764 2
0 0.145 0.425 0 2
0 0.145 0.435 0 2
0 0.145 0.445 0 2
0 0.145 0.455 0 2
0 0.145 0.465 0 2
0 0.155 -0.455 0 2
0 0.155 -0.445 0 2
0 0.155 -0.435 0 2
0 0.155 -0.425 0 2
0 0.155 -0.415 -0.003193261159 2
0 0.155 -0.405 -0.00867922343 2
0 0.155 -0.395 -0.01609786883 2
0 0.155 -0.385 -0.02135630494 2
0 0.155 -0.375 -0.02409334485 2
0 0.155 -0.365 -0.02581383278 1
0 0.155 -0.355 -0.02709674679 1
0 0.155 -0.345 -0.02863741971 1
0 0.155 -0.335 -0.03088399316 1
0 0.155 -0.325 -0.03433015635 1
0 0.155 -0.315 -0.03898615296 1
0 0.155 -0.305 -0.04420391854 2
0 0.155 -0.295 -0.04848978512 2
0 0.155 -0.285 -0.05149218887 2
0 0.155 -0.275 -0.05367268092 2
0 0.155 -0.265 -0.05573375021 2
0 0.155 -0.255 -0.05811879009 2
0 0.155 -0.245 -0.06059290606 2
0 0.155 -0.235 -0.06321038215 2
0 0.155 -0.225 -0.06564217291 2
0 0.155 -0.215 -0.06791475705 2
0 0.155 -0.205 -0.06943999812 2
0 0.155 -0.195 -0.07034160175 2
0 0.155 -0.185 -0.07010327733 2
0 0.155 -0.175 -0.06823838185 2
0 0.155 -0.165 -0.06472052415 2
0 0.155 -0.155 -0.05992822394 1
0 0.155 -0.145 -0.05623258624 1
0 0.155 -0.135 -0.05409572663 1
0 0.155 -0.125 -0.05340162084 1
0 0.155 -0.115 -0.05323656112 1
0 0.155 -0.105 -0.05337231538 1
0 0.155 -0.095 -0.05380016922 1
0 0.155 -0.085 -0.05491473865 1
0 0.155 -0.075 -0.05687329077 1
0 0.155 -0.065 -0.05982662112 1
0 0.155 -0.055 -0.0638133498 1
0 0.155 -0.045 -0.06823310227 2
0 0.155 -0.035 -0.07204279851 2
0 0.155 -0.025 -0.07463581862 2
0 0.155 -0.015 -0.07609434099 2
0 0.155 -0.005 -0.07679571061 2
0 0.155 0.005 -0.07727782622 2
0 0.155 0.015 -0.07762359709 2
0 0.155 0.025 -0.0778662335 2
0 0.155 0.035 -0.0779854668 2
0 0.155 0.045 -0.07799373211 2
0 0.155 0.055 -0.07789827558 2
0 0.155 0.065 -0.07770946886 2
0 0.155 0.075 -0.07743683356 2
0 0.155 0.085 -0.07708967406 2
0 0.155 0.095 -0.07667661013 2
0 0.155 0.105 -0.07620547078 2
0 0.155 0.115 -0.07568291446 2
0 0.155 0.125 -0.07511394094 2
0 0.155 0.135 -0.07450107336 2
0 0.155 0.145 -0.07384355765 2
0 0.155 0.155 -0.07313602984 2
0 0.155 0.165 -0.07236790312 2
0 0.155 0.175 -0.07152177769 2
0 0.155 0.185 -0.0705749128 2
0 0.155 0.195 -0.06949787424 2
0 0.155 0.205 -0.0682608694 2
0 0.155 0.215 -0.06683231144 2
0 0.155 0.225 -0.06519205884 2
0 0.155 0.235 -0.06332666704 2
0 0.155 0.245 -0.06124329476 2
0 0.155 0.255 -0.05895888816 2
0 0.155 0.265 -0.05650465484 2
0 0.155 0.275 -0.05390879895 2
0 0.155 0.285 -0.05119466304 2
0 0.155 0.295 -0.04836814149 2
0 0.155 0.305 -0.04539554251 2
0 0.155 0.315 -0.04228443693 2
0 0.155 0.325 -0.03860826688 2
0 0.155 0.335 -0.03428903455 2
0 0.155 0.345 -0.02960540515 1
0 0.155 0.355 -0.02605115322 1
0 0.155 0.365 -0.02383565849 1
0 0.155 0.375 -0.02252982294 1
0 0.155 0.385 -0.0235538086 1
0 0.155 0.395 -0.02104335157 1
0 0.155 0.405 -0.01417509851 1
0 0.155 0.415 -0.005890257785 2
0 0.155 0.425 0 2
0 0.155 0.435 0 2
0 0.155 0.445 0 2
0 0.155 0.455 0 2
0 0.155 0.465 0 2
0 0.165 -0.455 0 2
0 0.165 -0.445 0 2
0 0.165 -0.435 0 2
0 0.165 -0.425 0 2
0 0.165 -0.415 -0.003052006427 2
0 0.165 -0.405 -0.008169129171 2
0 0.165 -0.395 -0.01481210938 2
0 0.165 -0.385 -0.01957383835 2
0 0.165 -0.375 -0.02213711922 2
0 0.165 -0.365 -0.02401327823 1
0 0.165 -0.355 -0.02548706559 1
0 0.165 -0.345 -0.02760304373 1
0 0.165 -0.335 -0.0306684182 1
0 0.165 -0.325 -0.03452909524 1
0 0.165 -0.315 -0.03924623403 1
0 0.165 -0.305 -0.04375915797 2
0 0.165 -0.295 -0.0474459672 2
0 0.165 -0.285 -0.04984823344 2
0 0.165 -0.275 -0.05155734511 2
0 0.165 -0.265 -0.0532129482 2
0 0.165 -0.255 -0.05518994401 2
0 0.165 -0.245 -0.05725902808 2
0 0.165 -0.235 -0.05941091441 2
0 0.165 -0.225 -0.06142448204 2
0 0.165 -0.215 -0.06319684054 2
0 0.165 -0.205 -0.06439809719 2
0 0.165 -0.195 -0.06496955514 2
0 0.165 -0.185 -0.0645971112 2
0 0.165 -0.175 -0.06266895121 2
0 0.165 -0.165 -0.05921164179 2
0 0.165 -0.155 -0.05469350268 1
0 0.165 -0.145 -0.05137251589 1
0 0.165 -0.135 -0.04958020599 1
0 0.165 -0.125 -0.04916377611 1
0 0.165 -0.115 -0.04924071656 1
0 0.165 -0.105 -0.04961094281 1
0 0.165 -0.095 -0.05008262419 1
0 0.165 -0.085 -0.05076623694 1
0 0.165 -0.075 -0.05164421927 1
0 0.165 -0.065 -0.0533740055 1
0 0.165 -0.055 -0.05625994065 1
0 0.165 -0.045 -0.06034661809 1
0 0.165 -0.035 -0.06493323865 2
0 0.165 -0.025 -0.06829040944 2
0 0.165 -0.015 -0.07064122363 2
0 0.165 -0.005 -0.07183106598 2
0 0.165 0.005 -0.07258563256 2
0 0.165 0.015 -0.07308863644 2
0 0.165 0.025 -0.07344942142 2
0 0.165 0.035 -0.07365358413 2
0 0.165 0.045 -0.07372728382 2
0 0.165 0.055 -0.07368490798 2
0 0.165 0.065 -0.07354146175 2
0 0.165 0.075 -0.07330898542 2
0 0.165 0.085 -0.07299798763 2
0 0.165 0.095 -0.07261733652 2
0 0.165 0.105 -0.0721744232 2
0 0.165 0.115 -0.0716749884 2
0 0.165 0.125 -0.07112282085 2
0 0.165 0.135 -0.07051924038 2
0 0.165 0.145 -0.06986256018 2
0 0.165 0.155 -0.06914740818 2
0 0.165 0.165 -0.06836442522 2
0 0.165 0.175 -0.06749981013 2
0 0.165 0.185 -0.06653614784 2
0 0.165 0.195 -0.0654527775 2
0 0.165 0.205 -0.0642290394 2
0 0.165 0.215 -0.06284550378 2
0 0.165 0.225 -0.06128964389 2
0 0.165 0.235 -0.05955577287 2
0 0.165 0.245 -0.05764975627 2
0 0.165 0.255 -0.05558505713 2
0 0.165 0.265 -0.05338305482 2
0 0.165 0.275 -0.05106343971 2
0 0.165 0.285 -0.04864611186 2
0 0.165 0.295 -0.04612836449 2
0 0.165 0.305 -0.04352965182 2
0 0.165 0.315 -0.04073770236 2
0 0.165 0.325 -0.03728985658 2
0 0.165 0.335 -0.03308086075 2
0 0.165 0.345 -0.02854823692 1
0 0.165 0.355 -0.02499567779 1
0 0.165 0.365 -0.02269344663 1
0 0.165 0.375 -0.02105621366 1
0 0.165 0.385 -0.02111876031 1
0 0.165 0.395 -0.01824745113 1
0 0.165 0.405 -0.0119236436 1
0 0.165 0.415 -0.00489532519 2
0 0.165 0.425 0 2
0 0.165 0.435 0 2
0 0.165 0.445 0 2
0 0.165 0.455 0 2
0 0.165 0.465 0 2
0 0.175 -0.455 0 2
0 0.175 -0.445 0 2
0 0.175 -0.435 0 2
0 0.175 -0.425 0 2
0 0.175 -0.415 -0.002995928084 2
0 0.175 -0.405 -0.007828751314 2
0 0.175 -0.395 -0.01351478843 2
0 0.175 -0.385 -0.01751680351 2
0 0.175 -0.375 -0.01974554374 2
0 0.175 -0.365 -0.02211863495 2
0 0.175 -0.355 -0.02426805071 1
0 0.175 -0.345 -0.02720552849 1
0 0.175 -0.335 -0.03103140243 1
0 0.175 -0.325 -0.03524158743 1
0 0.175 -0.315 -0.03965145829 2
0 0.175 -0.305 -0.04325641774 2
0 0.175 -0.295 -0.04612047843 2
0 0.175 -0.285 -0.04784165373 2
0 0.175 -0.275 -0.04914483423 2
0 0.175 -0.265 -0.05050896056 2
0 0.175 -0.255 -0.05218006904 2
0 0.175 -0.245 -0.05390968003 2
0 0.175 -0.235 -0.05563842473 2
0 0.175 -0.225 -0.05721865617 2
0 0.175 -0.215 -0.05854606686 2
0 0.175 -0.205 -0.05944937692 2
0 0.175 -0.195 -0.05981446236 2
0 0.175 -0.185 -0.05949055463 2
0 0.175 -0.175 -0.05801164646 2
0 0.175 -0.165 -0.05526157285 2
0 0.175 -0.155 -0.05155658712 1
0 0.175 -0.145 -0.04877542636 1
0 0.175 -0.135 -0.04725178606 1
0 0.175 -0.125 -0.04699847767 1
0 0.175 -0.115 -0.04715088618 1
0 0.175 -0.105 -0.04742775629 1
0 0.175 -0.095 -0.04779427875 1
0 0.175 -0.085 -0.04825076658 1
0 0.175 -0.075 -0.04872910095 1
0 0.175 -0.065 -0.04955283208 1
0 0.175 -0.055 -0.05128781537 1
0 0.175 -0.045 -0.05424117774 1
0 0.175 -0.035 -0.05858128546 2
0 0.175 -0.025 -0.06241374381 2
0 0.175 -0.015 -0.06537951817 2
0 0.175 -0.005 -0.06705892448 2
0 0.175 0.005 -0.06806822885 2
0 0.175 0.015 -0.06872661642 2
0 0.175 0.025 -0.06918492357 2
0 0.175 0.035 -0.06945533617 2
0 0.175 0.045 -0.06957781154 2
0 0.175 0.055 -0.06957439548 2
0 0.175 0.065 -0.06946427594 2
0 0.175 0.075 -0.06926163742 2
0 0.175 0.085 -0.06897794248 2
0 0.175 0.095 -0.06862224703 2
0 0.175 0.105 -0.06820164288 2
0 0.175 0.115 -0.06772128035 2
0 0.175 0.125 -0.06718424977 2
0 0.175 0.135 -0.06659130411 2
0 0.175 0.145 -0.06594055563 2
0 0.175 0.155 -0.0652271609 2
0 0.175 0.165 -0.06444324588 2
0 0.175 0.175 -0.06357797383 2
0 0.175 0.185 -0.06261827496 2
0 0.175 0.195 -0.06154970953 2
0 0.175 0.205 -0.06035845661 2
0 0.175 0.215 -0.05903282614 2
0 0.175 0.225 -0.05756605082 2
0 0.175 0.235 -0.05595707655 2
0 0.175 0.245 -0.05421239221 2
0 0.175 0.255 -0.05234425447 2
0 0.175 0.265 -0.05037091985 2
0 0.175 0.275 -0.04830889427 2
0 0.175 0.285 -0.04618276354 2
0 0.175 0.295 -0.04397975297 2
0 0.175 0.305 -0.04177925671 2
0 0.175 0.315 -0.03932474026 2
0 0.175 0.325 -0.03614368767 2
0 0.175 0.335 -0.03204224067 2
0 0.175 0.345 -0.02749878862 1
0 0.175 0.355 -0.02377516617 1
0 0.175 0.365 -0.02131624497 1
0 0.175 0.375 -0.01948025556 1
0 0.175 0.385 -0.01895929262 1
0 0.175 0.395 -0.01602768751 1
0 0.175 0.405 -0.01016401098 1
0 0.175 0.415 -0.004144068631 2
0 0.175 0.425 0 2
0 0.175 0.435 0 2
0 0.175 0.445 0 2
0 0.175 0.455 0 2
0 0.175 0.465 0 2
0 0.185 -0.455 0 2
0 0.185 -0.445 0 2
0 0.185 -0.435 0 2
0 0.185 -0.425 0 2
0 0.185 -0.415 -0.002856063269 2
0 0.185 -0.405 -0.00732728836 2
0 0.185 -0.395 -0.01204155065 2
0 0.185 -0.385 -0.01521183874 2
0 0.185 -0.375 -0.01704204711 2
0 0.185 -0.365 -0.01998829607 2
0 0.185 -0.355 -0.02318223728 2
0 0.185 -0.345 -0.02698055849 2
0 0.185 -0.335 -0.03117783936 2
0 0.185 -0.325 -0.03534449291 2
0 0.185 -0.315 -0.03910180704 2
0 0.185 -0.305 -0.04200930947 2
0 0.185 -0.295 -0.04408185806 2
0 0.185 -0.285 -0.04531434224 2
0 0.185 -0.275 -0.04639943962 2
0 0.185 -0.265 -0.04761209441 2
0 0.185 -0.255 -0.04906826247 2
0 0.185 -0.245 -0.05056283405 2
0 0.185 -0.235 -0.05203133625 2
0 0.185 -0.225 -0.05336101141 2
0 0.185 -0.215 -0.05446176276 2
0 0.185 -0.205 -0.05522449329 2
0 0.185 -0.195 -0.05555510097 2
0 0.185 -0.185 -0.05537118999 2
0 0.185 -0.175 -0.05444527642 2
0 0.185 -0.165 -0.05233494541 2
0 0.185 -0.155 -0.04946761001 1
0 0.185 -0.145 -0.04677454432 1
0 0.185 -0.135 -0.04540017527 1
0 0.185 -0.125 -0.04501743088 1
0 0.185 -0.115 -0.0451363926 1
0 0.185 -0.105 -0.04532265064 1
0 0.185 -0.095 -0.04561226304 1
0 0.185 -0.085 -0.04595280889 1
0 0.185 -0.075 -0.04632326743 1
0 0.185 -0.065 -0.04675841226 1
0 0.185 -0.055 -0.04770550488 1
0 0.185 -0.045 -0.0498425141 1
0 0.185 -0.035 -0.05330385053 1
0 0.185 -0.025 -0.05736852963 2
0 0.185 -0.015 -0.06055184798 2
0 0.185 -0.005 -0.0626161093 2
0 0.185 0.005 -0.06381502074 2
0 0.185 0.015 -0.06458610573 2
0 0.185 0.025 -0.06509973273 2
0 0.185 0.035 -0.06540570306 2
0 0.185 0.045 -0.06555378747 2
0 0.185 0.055 -0.06557165053 2
0 0.185 0.065 -0.06548100809 2
0 0.185 0.075 -0.0652971292 2
0 0.185 0.085 -0.06503180567 2
0 0.185 0.095 -0.06469399335 2
0 0.185 0.105 -0.06429045477 2
0 0.185 0.115 -0.0638259147 2
0 0.185 0.125 -0.06330306728 2
0 0.185 0.135 -0.06272245248 2
0 0.185 0.145 -0.06208232426 2
0 0.185 0.155 -0.06137856607 2
0 0.185 0.165 -0.06060478986 2
0 0.185 0.175 -0.0597526301 2
0 0.185 0.185 -0.0588124283 2
0 0.185 0.195 -0.05777414005 2
0 0.185 0.205 -0.05662873381 2
0 0.185 0.215 -0.05536950234 2
0 0.185 0.225 -0.05399371285 2
0 0.185 0.235 -0.05250342643 2
0 0.185 0.245 -0.05090650077 2
0 0.185 0.255 -0.0492156373 2
0 0.185 0.265 -0.04744956552 2
0 0.185 0.275 -0.04562550907 2
0 0.185 0.285 -0.04377706522 2
0 0.185 0.295 -0.04188664175 2
0 0.185 0.305 -0.0400924512 2
0 0.185 0.315 -0.03801114554 2
0 0.185 0.325 -0.03511955522 2
0 0.185 0.335 -0.03116366865 2
0 0.185 0.345 -0.02656836016 1
0 0.185 0.355 -0.0226491309 1
0 0.185 0.365 -0.01995494707 1
0 0.185 0.375 -0.01789136496 1
0 0.185 0.385 -0.01676883702 1
0 0.185 0.395 -0.01380134427 1
0 0.185 0.405 -0.008407170908 1
0 0.185 0.415 -0.003393961001 2
0 0.185 0.425 0 2
0 0.185 0.435 0 2
0 0.185 0.445 0 2
0 0.185 0.455 0 2
0 0.185 0.465 0 2
0 0.195 -0.455 0 2
0 0.195 -0.445 0 2
0 0.195 -0.435 0 2
0 0.195 -0.425 0 2
0 0.195 -0.415 -0.002731047666 2
0 0.195 -0.405 -0.00693758878 2
0 0.195 -0.395 -0.01077187656 2
0 0.195 -0.385 -0.0131272682 2
0 0.195 -0.375 -0.01439347466 2
0 0.195 -0.365 -0.01745306883 2
0 0.195 -0.355 -0.0212029747 2
0 0.195 -0.345 -0.02552130731 2
0 0.195 -0.335 -0.02985313839 2
0 0.195 -0.325 -0.03386694393 2
0 0.195 -0.315 -0.03713006932 2
0 0.195 -0.305 -0.0395192581 2
0 0.195 -0.295 -0.04114323386 2
0 0.195 -0.285 -0.0422814931 2
0 0.195 -0.275 -0.04336242694 2
0 0.195 -0.265 -0.04456625966 2
0 0.195 -0.255 -0.04590309169 2
0 0.195 -0.245 -0.0472467251 2
0 0.195 -0.235 -0.0485417417 2
0 0.195 -0.225 -0.04970752224 2
0 0.195 -0.215 -0.05067784445 2
0 0.195 -0.205 -0.0513844382 2
0 0.195 -0.195 -0.0517797826 2
0 0.195 -0.185 -0.05182338049 2
0 0.195 -0.175 -0.05145828278 2
0 0.195 -0.165 -0.05004827567 2
0 0.195 -0.155 -0.04804871742 2
0 0.195 -0.145 -0.04532369679 1
0 0.195 -0.135 -0.04371323767 1
0 0.195 -0.125 -0.04292907574 1
0 0.195 -0.115 -0.04284879464 1
0 0.195 -0.105 -0.04297029581 1
0 0.195 -0.095 -0.04322322911 1
0 0.195 -0.085 -0.04353729814 1
0 0.195 -0.075 -0.04390380345 1
0 0.195 -0.065 -0.04428711016 1
0 0.195 -0.055 -0.04484651763 1
0 0.195 -0.045 -0.04660420183 1
0 0.195 -0.035 -0.0493807278 1
0 0.195 -0.025 -0.05337043881 2
0 0.195 -0.015 -0.05650788529 2
0 0.195 -0.005 -0.05870312882 2
0 0.195 0.005 -0.05991618408 2
0 0.195 0.015 -0.06070063195 2
0 0.195 0.025 -0.061210264 2
0 0.195 0.035 -0.06151219123 2
0 0.195 0.045 -0.06165853149 2
0 0.195 0.055 -0.06167802026 2
0 0.195 0.065 -0.06159219641 2
0 0.195 0.075 -0.06141581815 2
0 0.195 0.085 -0.0611601149 2
0 0.195 0.095 -0.06083350226 2
0 0.195 0.105 -0.06044227112 2
0 0.195 0.115 -0.0599907716 2
0 0.195 0.125 -0.05948146225 2
0 0.195 0.135 -0.05891485496 2
0 0.195 0.145 -0.05828947132 2
0 0.195 0.155 -0.05760187758 2
0 0.195 0.165 -0.05684688741 2
0 0.195 0.175 -0.05601796278 2
0 0.195 0.185 -0.0551078838 2
0 0.195 0.195 -0.05410961355 2
0 0.195 0.205 -0.05301740062 2
0 0.195 0.215 -0.05182786763 2
0 0.195 0.225 -0.05054116329 2
0 0.195 0.235 -0.04916168887 2
0 0.195 0.245 -0.0476989156 2
0 0.195 0.255 -0.04616686535 2
0 0.195 0.265 -0.04458625579 2
0 0.195 0.275 -0.04297721375 2
0 0.195 0.285 -0.04138279822 2
0 0.195 0.295 -0.03979034177 2
0 0.195 0.305 -0.03837990713 2
0 0.195 0.315 -0.03669125515 2
0 0.195 0.325 -0.03419154419 2
0 0.195 0.335 -0.03056454216 2
0 0.195 0.345 -0.02616855483 1
0 0.195 0.355 -0.02203178219 1
0 0.195 0.365 -0.01886642805 1
0 0.195 0.375 -0.01616876628 1
0 0.195 0.385 -0.0140985644 1
0 0.195 0.395 -0.01091229891 1
0 0.195 0.405 -0.006168707557 1
0 0.195 0.415 -0.00242508911 2
0 0.195 0.425 0 2
0 0.195 0.435 0 2
0 0.195 0.445 0 2
0 0.195 0.455 0 2
0 0.195 0.465 0 2
0 0.205 -0.455 0 2
0 0.205 -0.445 0 2
0 0.205 -0.435 0 2
0 0.205 -0.425 0 2
0 0.205 -0.415 -0.002690825182 2
0 0.205 -0.405 -0.006777454834 2
0 0.205 -0.395 -0.01000997634 2
0 0.205 -0.385 -0.01165954992 2
0 0.205 -0.375 -0.01219406822 2
0 0.205 -0.365 -0.01497189169 2
0 0.205 -0.355 -0.01865371046 2
0 0.205 -0.345 -0.02294397466 2
0 0.205 -0.335 -0.02712189642 2
0 0.205 -0.325 -0.03081991437 2
0 0.205 -0.315 -0.03377256211 2
0 0.205 -0.305 -0.03597515524 2
0 0.205 -0.295 -0.0376138353 2
0 0.205 -0.285 -0.03893114246 2
0 0.205 -0.275 -0.04015842554 2
0 0.205 -0.265 -0.04142888381 2
0 0.205 -0.255 -0.0427223358 2
0 0.205 -0.245 -0.04398944517 2
0 0.205 -0.235 -0.04518881699 2
0 0.205 -0.225 -0.04626665422 2
0 0.205 -0.215 -0.04717896802 2
0 0.205 -0.205 -0.04788754571 2
0 0.205 -0.195 -0.04838440268 2
0 0.205 -0.185 -0.04865425929 2
0 0.205 -0.175 -0.04873218605 2
0 0.205 -0.165 -0.04811353086 2
0 0.205 -0.155 -0.04690251535 2
0 0.205 -0.145 -0.04470427043 1
0 0.205 -0.135 -0.04270843349 1
0 0.205 -0.125 -0.04142474021 1
0 0.205 -0.115 -0.04094874562 1
0 0.205 -0.105 -0.04087458239 1
0 0.205 -0.095 -0.04107996647 1
0 0.205 -0.085 -0.04129762259 1
0 0.205 -0.075 -0.04161527179 1
0 0.205 -0.065 -0.04198348743 1
0 0.205 -0.055 -0.042405323 1
0 0.205 -0.045 -0.04397010532 1
0 0.205 -0.035 -0.04651707588 1
0 0.205 -0.025 -0.05029812552 2
0 0.205 -0.015 -0.05329125806 2
0 0.205 -0.005 -0.05534581526 2
0 0.205 0.005 -0.05640170012 2
0 0.205 0.015 -0.05707632404 2
0 0.205 0.025 -0.05751596053 2
0 0.205 0.035 -0.05777159846 2
0 0.205 0.045 -0.05788857283 2
0 0.205 0.055 -0.05789040988 2
0 0.205 0.065 -0.0577953183 2
0 0.205 0.075 -0.05761577118 2
0 0.205 0.085 -0.05736148393 2
0 0.205 0.095 -0.05703986922 2
0 0.205 0.105 -0.05665658103 2
0 0.205 0.115 -0.05621560785 2
0 0.205 0.125 -0.05571926703 2
0 0.205 0.135 -0.05516813182 2
0 0.205 0.145 -0.05456099575 2
0 0.205 0.155 -0.05389494613 2
0 0.205 0.165 -0.05316561561 2
0 0.205 0.175 -0.05236763711 2
0 0.205 0.185 -0.05149532281 2
0 0.205 0.195 -0.0505435033 2
0 0.205 0.205 -0.04950849833 2
0 0.205 0.215 -0.04838906476 2
0 0.205 0.225 -0.04718732403 2
0 0.205 0.235 -0.04590941046 2
0 0.205 0.245 -0.04456626554 2
0 0.205 0.255 -0.04317340533 2
0 0.205 0.265 -0.04175368025 2
0 0.205 0.275 -0.04033084937 2
0 0.205 0.285 -0.03895528698 2
0 0.205 0.295 -0.03762741694 2
0 0.205 0.305 -0.03656442924 2
0 0.205 0.315 -0.03532392582 2
0 0.205 0.325 -0.03335239587 2
0 0.205 0.335 -0.03019946876 2
0 0.205 0.345 -0.02632409861 1
0 0.205 0.355 -0.02188831301 1
0 0.205 0.365 -0.01811433294 1
0 0.205 0.375 -0.01453280118 1
0 0.205 0.385 -0.01121555573 1
0 0.205 0.395 -0.007590572054 1
0 0.205 0.405 -0.003663019115 1
0 0.205 0.415 -0.001323187311 2
0 0.205 0.425 0 2
0 0.205 0.435 0 2
0 0.205 0.445 0 2
0 0.205 0.455 0 2
0 0.205 0.465 0 2
0 0.215 -0.455 0 2
0 0.215 -0.445 0 2
0 0.215 -0.435 0 2
0 0.215 -0.425 0 2
0 0.215 -0.415 -0.00268607875 2
0 0.215 -0.405 -0.006604697343 2
0 0.215 -0.395 -0.009374997751 2
0 0.215 -0.385 -0.01040212685 2
0 0.215 -0.375 -0.01028814019 2
0 0.215 -0.365 -0.01263925232 2
0 0.215 -0.355 -0.01592525894 2
0 0.215 -0.345 -0.01984277681 2
0 0.215 -0.335 -0.02369677129 2
0 0.215 -0.325 -0.02709260666 2
0 0.215 -0.315 -0.02990275322 2
0 0.215 -0.305 -0.03215059245 2
0 0.215 -0.295 -0.03395785408 2
0 0.215 -0.285 -0.0355015869 2
0 0.215 -0.275 -0.03691126016 2
0 0.215 -0.265 -0.03826422284 2
0 0.215 -0.255 -0.03956233308 2
0 0.215 -0.245 -0.04080231804 2
0 0.215 -0.235 -0.04195747883 2
0 0.215 -0.225 -0.04299502061 2
0 0.215 -0.215 -0.04388820388 2
0 0.215 -0.205 -0.04462050831 2
0 0.215 -0.195 -0.04520638299 2
0 0.215 -0.185 -0.0456618151 2
0 0.215 -0.175 -0.04604081306 2
0 0.215 -0.165 -0.04614371545 2
0 0.215 -0.155 -0.04570229773 2
0 0.215 -0.145 -0.04457549791 2
0 0.215 -0.135 -0.0429459487 1
0 0.215 -0.125 -0.04154106456 1
0 0.215 -0.115 -0.04074014302 1
0 0.215 -0.105 -0.04041532903 1
0 0.215 -0.095 -0.0404581982 1
0 0.215 -0.085 -0.04059324759 1
0 0.215 -0.075 -0.0406685514 1
0 0.215 -0.065 -0.04069144009 1
0 0.215 -0.055 -0.04098096151 1
0 0.215 -0.045 -0.04242327202 1
0 0.215 -0.035 -0.04496849847 1
0 0.215 -0.025 -0.04830039704 2
0 0.215 -0.015 -0.05085543221 2
0 0.215 -0.005 -0.05243901738 2
0 0.215 0.005 -0.05321252762 2
0 0.215 0.015 -0.05367858636 2
0 0.215 0.025 -0.05399366945 2
0 0.215 0.035 -0.05416812405 2
0 0.215 0.045 -0.05423296866 2
0 0.215 0.055 -0.05420107788 2
0 0.215 0.065 -0.05408476692 2
0 0.215 0.075 -0.05389281048 2
0 0.215 0.085 -0.05363267372 2
0 0.215 0.095 -0.05331044719 2
0 0.215 0.105 -0.05293107047 2
0 0.215 0.115 -0.05249823727 2
0 0.215 0.125 -0.05201423811 2
0 0.215 0.135 -0.05147978734 2
0 0.215 0.145 -0.05089391285 2
0 0.215 0.155 -0.05025399721 2
0 0.215 0.165 -0.04955603804 2
0 0.215 0.175 -0.04879514455 2
0 0.215 0.185 -0.04796627356 2
0 0.215 0.195 -0.04706510613 2
0 0.215 0.205 -0.04608901205 2
0 0.215 0.215 -0.04503794207 2
0 0.215 0.225 -0.04391524972 2
0 0.215 0.235 -0.04272825728 2
0 0.215 0.245 -0.04148899415 2
0 0.215 0.255 -0.04021411564 2
0 0.215 0.265 -0.03892778089 2
0 0.215 0.275 -0.03765650962 2
0 0.215 0.285 -0.03645353826 2
0 0.215 0.295 -0.03533391158 2
0 0.215 0.305 -0.03452287449 2
0 0.215 0.315 -0.03369597719 2
0 0.215 0.325 -0.03235109472 2
0 0.215 0.335 -0.02983740758 2
0 0.215 0.345 -0.02655212502 2
0 0.215 0.355 -0.02211227324 1
0 0.215 0.365 -0.0178729345 1
0 0.215 0.375 -0.01347992372 1
0 0.215 0.385 -0.008876437663 1
0 0.215 0.395 -0.004784523021 1
0 0.215 0.405 -0.001512755434 2
0 0.215 0.415 -0.0003998614894 2
0 0.215 0.425 0 2
0 0.215 0.435 0 2
0 0.215 0.445 0 2
0 0.215 0.455 0 2
0 0.215 0.465 0 2
0 0.225 -0.455 0 2
0 0.225 -0.445 0 2
0 0.225 -0.435 0 2
0 0.225 -0.425 0 1
0 0.225 -0.415 -0.00256645019 1
0 0.225 -0.405 -0.006090388656 1
0 0.225 -0.395 -0.008395026788 1
0 0.225 -0.385 -0.009088568525 2
0 0.225 -0.375 -0.008775628048 2
0 0.225 -0.365 -0.01065182849 2
0 0.225 -0.355 -0.01339202567 2
0 0.225 -0.345 -0.01686601564 2
0 0.225 -0.335 -0.02037055406 2
0 0.225 -0.325 -0.02353189424 2
0 0.225 -0.315 -0.02623285307 2
0 0.225 -0.305 -0.02854247934 2
0 0.225 -0.295 -0.03050096987 2
0 0.225 -0.285 -0.03220245946 2
0 0.225 -0.275 -0.03372561506 2
0 0.225 -0.265 -0.03513372533 2
0 0.225 -0.255 -0.03645843241 2
0 0.225 -0.245 -0.03770389753 2
0 0.225 -0.235 -0.03885353444 2
0 0.225 -0.225 -0.039885566 2
0 0.225 -0.215 -0.04078067188 2
0 0.225 -0.205 -0.0415356858 2
0 0.225 -0.195 -0.04217554821 2
0 0.225 -0.185 -0.04274678241 2
0 0.225 -0.175 -0.04331248396 2
0 0.225 -0.165 -0.0438953208 2
0 0.225 -0.155 -0.04422575448 2
0 0.225 -0.145 -0.04418454119 2
0 0.225 -0.135 -0.04365305447 2
0 0.225 -0.125 -0.04288810743 1
0 0.225 -0.115 -0.04229338794 1
0 0.225 -0.105 -0.04203929911 1
0 0.225 -0.095 -0.04185662588 1
0 0.225 -0.085 -0.04208000293 1
0 0.225 -0.075 -0.04192864603 1
0 0.225 -0.065 -0.04151189552 1
0 0.225 -0.055 -0.04162871179 1
0 0.225 -0.045 -0.04263214616 1
0 0.225 -0.035 -0.04485651926 1
0 0.225 -0.025 -0.04715961777 2
0 0.225 -0.015 -0.04897052156 2
0 0.225 -0.005 -0.04986664727 2
0 0.225 0.005 -0.05024493367 2
0 0.225 0.015 -0.05044541536 2
0 0.225 0.025 -0.05060436433 2
0 0.225 0.035 -0.0506771257 2
0 0.225 0.045 -0.05067542186 2
0 0.225 0.055 -0.05059888147 2
0 0.225 0.065 -0.05045258549 2
0 0.225 0.075 -0.05024096074 2
0 0.225 0.085 -0.04996888494 2
0 0.225 0.095 -0.0496410623 2
0 0.225 0.105 -0.04926179905 2
0 0.225 0.115 -0.04883469279 2
0 0.225 0.125 -0.0483622272 2
0 0.225 0.135 -0.0478454189 2
0 0.225 0.145 -0.04728353281 2
0 0.225 0.155 -0.04667401213 2
0 0.225 0.165 -0.04601271304 2
0 0.225 0.175 -0.04529444944 2
0 0.225 0.185 -0.04451387486 2
0 0.225 0.195 -0.04366649447 2
0 0.225 0.205 -0.04274976899 2
0 0.225 0.215 -0.0417640282 2
0 0.225 0.225 -0.04071324762 2
0 0.225 0.235 -0.03960547388 2
0 0.225 0.245 -0.03845338048 2
0 0.225 0.255 -0.03727414891 2
0 0.225 0.265 -0.03609195367 2
0 0.225 0.275 -0.03493415555 2
0 0.225 0.285 -0.03385137558 2
0 0.225 0.295 -0.0328698591 2
0 0.225 0.305 -0.03217535248 2
0 0.225 0.315 -0.0316150329 2
0 0.225 0.325 -0.03081952165 2
0 0.225 0.335 -0.02900851416 2
0 0.225 0.345 -0.02614947019 2
0 0.225 0.355 -0.02217886589 1
0 0.225 0.365 -0.0177595342 1
0 0.225 0.375 -0.01288045314 1
0 0.225 0.385 -0.007356012664 1
0 0.225 0.395 -0.002997114391 1
0 0.225 0.405 -0.0001286854116 2
0 0.225 0.415 0.0001678731543 2
0 0.225 0.425 0 2
0 0.225 0.435 0 2
0 0.225 0.445 0 2
0 0.225 0.455 0 2
0 0.225 0.465 0 2
0 0.235 -0.455 0 2
0 0.235 -0.445 0 2
0 0.235 -0.435 0 1
0 0.235 -0.425 0 1
0 0.235 -0.415 -0.002281677019 1
0 0.235 -0.405 -0.005248110931 1
0 0.235 -0.395 -0.007075270099 1
0 0.235 -0.385 -0.007588231995 1
0 0.235 -0.375 -0.00729773273 2
0 0.235 -0.365 -0.008998088343 2
0 0.235 -0.355 -0.01129049625 2
0 0.235 -0.345 -0.01433591462 2
0 0.235 -0.335 -0.01756002911 2
0 0.235 -0.325 -0.02057311585 2
0 0.235 -0.315 -0.02313435309 2
0 0.235 -0.305 -0.02538129838 2
0 0.235 -0.295 -0.0273351197 2
0 0.235 -0.285 -0.0290665463 2
0 0.235 -0.275 -0.0306304728 2
0 0.235 -0.265 -0.03207556258 2
0 0.235 -0.255 -0.03342797348 2
0 0.235 -0.245 -0.03469456688 2
0 0.235 -0.235 -0.03586003884 2
0 0.235 -0.225 -0.03690459574 2
0 0.235 -0.215 -0.03780393136 2
0 0.235 -0.205 -0.03856128885 2
0 0.235 -0.195 -0.03920207903 2
0 0.235 -0.185 -0.03979732109 2
0 0.235 -0.175 -0.04043615377 2
0 0.235 -0.165 -0.04122003206 2
0 0.235 -0.155 -0.04212396008 2
0 0.235 -0.145 -0.04301995204 2
0 0.235 -0.135 -0.0437267052 2
0 0.235 -0.125 -0.04420344128 2
0 0.235 -0.115 -0.04443809224 2
0 0.235 -0.105 -0.04474558911 2
0 0.235 -0.095 -0.04486152782 1
0 0.235 -0.085 -0.04511538655 2
0 0.235 -0.075 -0.04486130495 2
0 0.235 -0.065 -0.04423780827 1
0 0.235 -0.055 -0.044008037 1
0 0.235 -0.045 -0.04426926551 1
0 0.235 -0.035 -0.0455078508 2
0 0.235 -0.025 -0.04643810839 2
0 0.235 -0.015 -0.04724086244 2
0 0.235 -0.005 -0.04737031298 2
0 0.235 0.005 -0.04733792981 2
0 0.235 0.015 -0.04729098673 2
0 0.235 0.025 -0.04729637744 2
0 0.235 0.035 -0.04726701268 2
0 0.235 0.045 -0.04719562876 2
0 0.235 0.055 -0.04707039276 2
0 0.235 0.065 -0.04688945056 2
0 0.235 0.075 -0.04665328786 2
0 0.235 0.085 -0.0463643978 2
0 0.235 0.095 -0.04602645647 2
0 0.235 0.105 -0.04564347936 2
0 0.235 0.115 -0.04521938381 2
0 0.235 0.125 -0.04475724615 2
0 0.235 0.135 -0.04425872051 2
0 0.235 0.145 -0.04372344335 2
0 0.235 0.155 -0.04314872962 2
0 0.235 0.165 -0.04252973127 2
0 0.235 0.175 -0.04186003161 2
0 0.235 0.185 -0.04113284523 2
0 0.235 0.195 -0.04034231075 2
0 0.235 0.205 -0.03948498027 2
0 0.235 0.215 -0.03856082165 2
0 0.235 0.225 -0.0375740037 2
0 0.235 0.235 -0.0365330306 2
0 0.235 0.245 -0.03545092801 2
0 0.235 0.255 -0.0343448172 2
0 0.235 0.265 -0.03323755019 2
0 0.235 0.275 -0.03215499908 2
0 0.235 0.285 -0.03113935166 2
0 0.235 0.295 -0.03022099385 2
0 0.235 0.305 -0.02950938437 2
0 0.235 0.315 -0.02902144655 2
0 0.235 0.325 -0.02846153624 2
0 0.235 0.335 -0.02718325227 2
0 0.235 0.345 -0.02479816571 2
0 0.235 0.355 -0.02150312155 2
0 0.235 0.365 -0.01723645096 2
0 0.235 0.375 -0.01232912896 2
0 0.235 0.385 -0.006604966485 2
0 0.235 0.395 -0.002309648859 2
0 0.235 0.405 0.0001802338125 2
0 0.235 0.415 0.0003271812277 2
0 0.235 0.425 0 2
0 0.235 0.435 0 2
0 0.235 0.445 0 2
0 0.235 0.455 0 2
0 0.235 0.465 0 2
0 0.245 -0.455 0 2
0 0.245 -0.445 0 2
0 0.245 -0.435 0 1
0 0.245 -0.425 0 1
0 0.245 -0.415 -0.001879350797 1
0 0.245 -0.405 -0.004260421176 1
0 0.245 -0.395 -0.005767653457 1
0 0.245 -0.385 -0.006320765191 1
0 0.245 -0.375 -0.006136544364 2
0 0.245 -0.365 -0.007792461996 2
0 0.245 -0.355 -0.009684688047 2
0 0.245 -0.345 -0.01224646298 2
0 0.245 -0.335 -0.01514163301 2
0 0.245 -0.325 -0.01796244567 2
0 0.245 -0.315 -0.02034957186 2
0 0.245 -0.305 -0.02248646419 2
0 0.245 -0.295 -0.02438033857 2
0 0.245 -0.285 -0.02608812659 2
0 0.245 -0.275 -0.02764933052 2
0 0.245 -0.265 -0.02910448824 2
0 0.245 -0.255 -0.03047576896 2
0 0.245 -0.245 -0.0317892111 2
0 0.245 -0.235 -0.03302213433 2
0 0.245 -0.225 -0.03414228209 2
0 0.245 -0.215 -0.0350820818 2
0 0.245 -0.205 -0.03582415817 2
0 0.245 -0.195 -0.03638715334 2
0 0.245 -0.185 -0.03688429491 2
0 0.245 -0.175 -0.03745970479 2
0 0.245 -0.165 -0.03824383006 2
0 0.245 -0.155 -0.03933616537 2
0 0.245 -0.145 -0.04071412439 2
0 0.245 -0.135 -0.04221745711 2
0 0.245 -0.125 -0.04371491085 2
0 0.245 -0.115 -0.04490455388 2
0 0.245 -0.105 -0.04578668515 2
0 0.245 -0.095 -0.04648608946 2
0 0.245 -0.085 -0.04677132072 2
0 0.245 -0.075 -0.04676730205 2
0 0.245 -0.065 -0.04636439801 2
0 0.245 -0.055 -0.04586229972 2
0 0.245 -0.045 -0.04553101354 2
0 0.245 -0.035 -0.04556596422 2
0 0.245 -0.025 -0.04537428891 2
0 0.245 -0.015 -0.0451558131 2
0 0.245 -0.005 -0.04469624471 2
0 0.245 0.005 -0.04436903111 2
0 0.245 0.015 -0.04414982359 2
0 0.245 0.025 -0.0440301993 2
0 0.245 0.035 -0.04391285565 2
0 0.245 0.045 -0.04377650659 2
0 0.245 0.055 -0.04360332802 2
0 0.245 0.065 -0.04338600119 2
0 0.245 0.075 -0.04312241598 2
0 0.245 0.085 -0.04281290675 2
0 0.245 0.095 -0.04246062081 2
0 0.245 0.105 -0.04206971109 2
0 0.245 0.115 -0.04164515142 2
0 0.245 0.125 -0.0411913275 2
0 0.245 0.135 -0.04071121579 2
0 0.245 0.145 -0.04020525944 2
0 0.245 0.155 -0.03967058928 2
0 0.245 0.165 -0.03910101073 2
0 0.245 0.175 -0.03848758494 2
0 0.245 0.185 -0.03782052367 2
0 0.245 0.195 -0.03709095554 2
0 0.245 0.205 -0.03629333908 2
0 0.245 0.215 -0.03542658425 2
0 0.245 0.225 -0.03449498387 2
0 0.245 0.235 -0.03350769158 2
0 0.245 0.245 -0.03247827792 2
0 0.245 0.255 -0.03142358769 2
0 0.245 0.265 -0.03036425601 2
0 0.245 0.275 -0.02932283848 2
0 0.245 0.285 -0.02832993048 2
0 0.245 0.295 -0.02741405336 2
0 0.245 0.305 -0.026610903 2
0 0.245 0.315 -0.02601285712 2
0 0.245 0.325 -0.02537607129 2
0 0.245 0.335 -0.02432886286 2
0 0.245 0.345 -0.02243716129 2
0 0.245 0.355 -0.01967524366 2
0 0.245 0.365 -0.01572938446 2
0 0.245 0.375 -0.01112621583 2
0 0.245 0.385 -0.005867575817 2
0 0.245 0.395 -0.001895123899 2
0 0.245 0.405 0.0001079231773 2
0 0.245 0.415 0.0003185270517 2
0 0.245 0.425 0 2
0 0.245 0.435 0 2
0 0.245 0.445 0 2
0 0.245 0.455 0 2
0 0.245 0.465 0 2
0 0.255 -0.455 0 2
0 0.255 -0.445 0 2
0 0.255 -0.435 0 1
0 0.255 -0.425 0 1
0 0.255 -0.415 -0.001430926124 1
0 0.255 -0.405 -0.003319185123 1
0 0.255 -0.395 -0.004648019075 1
0 0.255 -0.385 -0.00523803727 1
0 0.255 -0.375 -0.00529819185 1
0 0.255 -0.365 -0.006776555781 2
0 0.255 -0.355 -0.008437850148 2
0 0.255 -0.345 -0.010630874 2
0 0.255 -0.335 -0.01313837625 2
0 0.255 -0.325 -0.01568723479 2
0 0.255 -0.315 -0.01786037551 2
0 0.255 -0.305 -0.01983998726 2
0 0.255 -0.295 -0.02162296241 2
0 0.255 -0.285 -0.02325713742 2
0 0.255 -0.275 -0.02477412275 2
0 0.255 -0.265 -0.02620924868 2
0 0.255 -0.255 -0.02757906584 2
0 0.255 -0.245 -0.0289378215 2
0 0.255 -0.235 -0.03022994832 2
0 0.255 -0.225 -0.03139748945 2
0 0.255 -0.215 -0.03231921555 2
0 0.255 -0.205 -0.03297321348 2
0 0.255 -0.195 -0.0333716831 2
0 0.255 -0.185 -0.03370061242 2
0 0.255 -0.175 -0.03412797115 2
0 0.255 -0.165 -0.03482578216 2
0 0.255 -0.155 -0.0359465077 2
0 0.255 -0.145 -0.03742634175 2
0 0.255 -0.135 -0.03913408897 2
0 0.255 -0.125 -0.04091080238 2
0 0.255 -0.115 -0.04245696358 2
0 0.255 -0.105 -0.04341671266 2
0 0.255 -0.095 -0.04418180443 2
0 0.255 -0.085 -0.04443157733 2
0 0.255 -0.075 -0.04460315938 2
0 0.255 -0.065 -0.04457962788 2
0 0.255 -0.055 -0.04432940498 2
0 0.255 -0.045 -0.04405439884 2
0 0.255 -0.035 -0.04356925586 2
0 0.255 -0.025 -0.04294884347 2
0 0.255 -0.015 -0.0422592928 2
0 0.255 -0.005 -0.04165348971 2
0 0.255 0.005 -0.04122913671 2
0 0.255 0.015 -0.04094818566 2
0 0.255 0.025 -0.04075641456 2
0 0.255 0.035 -0.04058306813 2
0 0.255 0.045 -0.04039885655 2
0 0.255 0.055 -0.04018709567 2
0 0.255 0.065 -0.03993582645 2
0 0.255 0.075 -0.03964338674 2
0 0.255 0.085 -0.03930925181 2
0 0.255 0.095 -0.03893764889 2
0 0.255 0.105 -0.03853341763 2
0 0.255 0.115 -0.03810346362 2
0 0.255 0.125 -0.0376543991 2
0 0.255 0.135 -0.0371917074 2
0 0.255 0.145 -0.03671761417 2
0 0.255 0.155 -0.03622935912 2
0 0.255 0.165 -0.03571879928 2
0 0.255 0.175 -0.0351725696 2
0 0.255 0.185 -0.03457555338 2
0 0.255 0.195 -0.03391330031 2
0 0.255 0.205 -0.03317670017 2
0 0.255 0.215 -0.03236298098 2
0 0.255 0.225 -0.03147713321 2
0 0.255 0.235 -0.03052981259 2
0 0.255 0.245 -0.0295360346 2
0 0.255 0.255 -0.02851271708 2
0 0.255 0.265 -0.02747807108 2
0 0.255 0.275 -0.02645019723 2
0 0.255 0.285 -0.02544760912 2
0 0.255 0.295 -0.0244899653 2
0 0.255 0.305 -0.02356788458 2
0 0.255 0.315 -0.02274356482 2
0 0.255 0.325 -0.02186565337 2
0 0.255 0.335 -0.02073657965 2
0 0.255 0.345 -0.01901476252 2
0 0.255 0.355 -0.01655437151 2
0 0.255 0.365 -0.01311197639 2
0 0.255 0.375 -0.00915465331 2
0 0.255 0.385 -0.004855199206 2
0 0.255 0.395 -0.001607202499 2
0 0.255 0.405 -1.43373174e-05 2
0 0.255 0.415 0.0002461543316 2
0 0.255 0.425 0 2
0 0.255 0.435 0 2
0 0.255 0.445 0 2
0 0.255 0.455 0 2
0 0.255 0.465 0 2
0 0.265 -0.455 0 2
0 0.265 -0.445 0 2
0 0.265 -0.435 0 1
0 0.265 -0.425 0 1
0 0.265 -0.415 -0.0009213483352 1
0 0.265 -0.405 -0.002198680845 1
0 0.265 -0.395 -0.003347438695 1
0 0.265 -0.385 -0.004091221333 1
0 0.265 -0.375 -0.004603894287 1
0 0.265 -0.365 -0.005831257387 2
0 0.265 -0.355 -0.007380001639 2
0 0.265 -0.345 -0.009337361017 2
0 0.265 -0.335 -0.01146373937 2
0 0.265 -0.325 -0.01367065168 2
0 0.265 -0.315 -0.01559607485 2
0 0.265 -0.305 -0.01738184313 2
0 0.265 -0.295 -0.01901894662 2
0 0.265 -0.285 -0.02054407906 2
0 0.265 -0.275 -0.02198417253 2
0 0.265 -0.265 -0.0233689938 2
0 0.265 -0.255 -0.02473013888 2
0 0.265 -0.245 -0.02612816713 2
0 0.265 -0.235 -0.02745114899 2
0 0.265 -0.225 -0.0285181154 2
0 0.265 -0.215 -0.02916947632 2
0 0.265 -0.205 -0.0294597495 2
0 0.265 -0.195 -0.0295300938 2
0 0.265 -0.185 -0.02969437479 2
0 0.265 -0.175 -0.03012853698 2
0 0.265 -0.165 -0.0309366031 2
0 0.265 -0.155 -0.03211675988 2
0 0.265 -0.145 -0.03355561016 2
0 0.265 -0.135 -0.03503588726 2
0 0.265 -0.125 -0.03638179388 2
0 0.265 -0.115 -0.0373644843 2
0 0.265 -0.105 -0.03785960519 2
0 0.265 -0.095 -0.03813062196 2
0 0.265 -0.085 -0.03823476123 2
0 0.265 -0.075 -0.03840531827 2
0 0.265 -0.065 -0.03874134103 2
0 0.265 -0.055 -0.03906839745 2
0 0.265 -0.045 -0.03949700877 2
0 0.265 -0.035 -0.03950805688 2
0 0.265 -0.025 -0.03932571326 2
0 0.265 -0.015 -0.03886187416 2
0 0.265 -0.005 -0.03841304539 2
0 0.265 0.005 -0.0380345747 2
0 0.265 0.015 -0.03775218782 2
0 0.265 0.025 -0.03751195784 2
0 0.265 0.035 -0.03729411566 2
0 0.265 0.045 -0.03706023062 2
0 0.265 0.055 -0.0368117867 2
0 0.265 0.065 -0.03652812718 2
0 0.265 0.075 -0.03620962245 2
0 0.265 0.085 -0.03584831223 2
0 0.265 0.095 -0.03545203462 2
0 0.265 0.105 -0.03502734663 2
0 0.265 0.115 -0.03458439851 2
0 0.265 0.125 -0.03413334187 2
0 0.265 0.135 -0.03368453779 2
0 0.265 0.145 -0.03324448713 2
0 0.265 0.155 -0.03281176517 2
0 0.265 0.165 -0.03237586734 2
0 0.265 0.175 -0.03191550132 2
0 0.265 0.185 -0.03140602399 2
0 0.265 0.195 -0.03082213962 2
0 0.265 0.205 -0.03014886302 2
0 0.265 0.215 -0.02938118963 2
0 0.265 0.225 -0.02852762477 2
0 0.265 0.235 -0.02760330743 2
0 0.265 0.245 -0.02662730352 2
0 0.265 0.255 -0.02561731057 2
0 0.265 0.265 -0.0245890999 2
0 0.265 0.275 -0.0235557976 2
0 0.265 0.285 -0.02252637539 2
0 0.265 0.295 -0.02150883334 2
0 0.265 0.305 -0.02048913392 2
0 0.265 0.315 -0.01946552047 2
0 0.265 0.325 -0.01834448154 2
0 0.265 0.335 -0.01700085049 2
0 0.265 0.345 -0.01522746031 2
0 0.265 0.355 -0.0129447819 2
0 0.265 0.365 -0.01005874473 2
0 0.265 0.375 -0.006881289027 2
0 0.265 0.385 -0.003496855872 2
0 0.265 0.395 -0.001017724984 2
0 0.265 0.405 0.0001916869213 2
0 0.265 0.415 0.0002697061114 2
0 0.265 0.425 0 2
0 0.265 0.435 0 2
0 0.265 0.445 0 2
0 0.265 0.455 0 2
0 0.265 0.465 0 2
0 0.275 -0.455 0 2
0 0.275 -0.445 0 2
0 0.275 -0.435 0 1
0 0.275 -0.425 0 1
0 0.275 -0.415 -0.000376674235 1
0 0.275 -0.405 -0.0009820483232 1
0 0.275 -0.395 -0.001866530147 1
0 0.275 -0.385 -0.002727633981 1
0 0.275 -0.375 -0.00368092128 1
0 0.275 -0.365 -0.004928258099 2
0 0.275 -0.355 -0.00647223331 2
0 0.275 -0.345 -0.00822950634 2
0 0.275 -0.335 -0.01002343482 2
0 0.275 -0.325 -0.01184987519 2
0 0.275 -0.315 -0.01350464066 2
0 0.275 -0.305 -0.01506937975 2
0 0.275 -0.295 -0.01653475809 2
0 0.275 -0.285 -0.01792199626 2
0 0.275 -0.275 -0.01925355164 2
0 0.275 -0.265 -0.02055094288 2
0 0.275 -0.255 -0.02187582562 2
0 0.275 -0.245 -0.02323892669 2
0 0.275 -0.235 -0.02448483465 2
0 0.275 -0.225 -0.02525327871 2
0 0.275 -0.215 -0.02541460134 2
0 0.275 -0.205 -0.02511839174 2
0 0.275 -0.195 -0.02482111639 2
0 0.275 -0.185 -0.02481438143 2
0 0.275 -0.175 -0.02535150988 2
0 0.275 -0.165 -0.02645118458 2
0 0.275 -0.155 -0.02778831994 2
0 0.275 -0.145 -0.02909252416 2
0 0.275 -0.135 -0.03006827241 2
0 0.275 -0.125 -0.03063616532 2
0 0.275 -0.115 -0.03075185247 2
0 0.275 -0.105 -0.0306626827 2
0 0.275 -0.095 -0.03037627425 1
0 0.275 -0.085 -0.03032547918 1
0 0.275 -0.075 -0.03049595638 1
0 0.275 -0.065 -0.03105180919 1
0 0.275 -0.055 -0.03190959451 1
0 0.275 -0.045 -0.03316950607 2
0 0.275 -0.035 -0.03419809623 2
0 0.275 -0.025 -0.03479668174 2
0 0.275 -0.015 -0.03486797536 2
0 0.275 -0.005 -0.03471365312 2
0 0.275 0.005 -0.03450916434 2
0 0.275 0.015 -0.03433722451 2
0 0.275 0.025 -0.03415013403 2
0 0.275 0.035 -0.03398144691 2
0 0.275 0.045 -0.03375693513 2
0 0.275 0.055 -0.03349978821 2
0 0.275 0.065 -0.03318012767 2
0 0.275 0.075 -0.03282595508 2
0 0.275 0.085 -0.03242777041 2
0 0.275 0.095 -0.03200009595 2
0 0.275 0.105 -0.03154481349 2
0 0.275 0.115 -0.03107735762 2
0 0.275 0.125 -0.03061322986 2
0 0.275 0.135 -0.0301705983 2
0 0.275 0.145 -0.02976374118 2
0 0.275 0.155 -0.02939516799 2
0 0.275 0.165 -0.02905368334 2
0 0.275 0.175 -0.02870506594 2
0 0.275 0.185 -0.02830891224 2
0 0.275 0.195 -0.02781976512 2
0 0.275 0.205 -0.02721497426 2
0 0.275 0.215 -0.02648685561 2
0 0.275 0.225 -0.02565163029 2
0 0.275 0.235 -0.02473219191 2
0 0.275 0.245 -0.02375567246 2
0 0.275 0.255 -0.02274293328 2
0 0.275 0.265 -0.02170791598 2
0 0.275 0.275 -0.0206583283 2
0 0.275 0.285 -0.01959595263 2
0 0.275 0.295 -0.01851806171 2
0 0.275 0.305 -0.01740685038 2
0 0.275 0.315 -0.01622714598 2
0 0.275 0.325 -0.01491244837 2
0 0.275 0.335 -0.01339277512 2
0 0.275 0.345 -0.01157945276 2
0 0.275 0.355 -0.009456482878 2
0 0.275 0.365 -0.007007610776 2
0 0.275 0.375 -0.00447833423 2
0 0.275 0.385 -0.001728066028 2
0 0.275 0.395 0.0001037124934 2
0 0.275 0.405 0.0007985604785 2
0 0.275 0.415 0.000465701143 2
0 0.275 0.425 0 2
0 0.275 0.435 0 2
0 0.275 0.445 0 2
0 0.275 0.455 0 2
0 0.275 0.465 0 2
0 0.285 -0.455 0 2
0 0.285 -0.445 0 2
0 0.285 -0.435 0 1
0 0.285 -0.425 0 1
0 0.285 -0.415 0.0001966739596 1
0 0.285 -0.405 0.0003143796833 1
0 0.285 -0.395 -0.0001496253695 1
0 0.285 -0.385 -0.001117806643 1
0 0.285 -0.375 -0.002605497868 1
0 0.285 -0.365 -0.00408914049 2
0 0.285 -0.355 -0.005686771913 2
0 0.285 -0.345 -0.007247366478 2
0 0.285 -0.335 -0.00872177199 2
0 0.285 -0.325 -0.01014705391 2
0 0.285 -0.315 -0.0115253852 2
0 0.285 -0.305 -0.01285686314 2
0 0.285 -0.295 -0.01413662029 2
0 0.285 -0.285 -0.01536604524 2
0 0.285 -0.275 -0.01656070117 2
0 0.285 -0.265 -0.01773287252 2
0 0.285 -0.255 -0.01897898512 2
0 0.285 -0.245 -0.02022056391 2
0 0.285 -0.235 -0.0212191588 2
0 0.285 -0.225 -0.02157786728 2
0 0.285 -0.215 -0.02126912178 2
0 0.285 -0.205 -0.02043462029 1
0 0.285 -0.195 -0.01980832904 1
0 0.285 -0.185 -0.01962875656 1
0 0.285 -0.175 -0.0202213368 1
0 0.285 -0.165 -0.02151881491 2
0 0.285 -0.155 -0.02300305161 2
0 0.285 -0.145 -0.02411862769 2
0 0.285 -0.135 -0.02462315663 2
0 0.285 -0.125 -0.02461979737 2
0 0.285 -0.115 -0.02428931321 1
0 0.285 -0.105 -0.02398896271 1
0 0.285 -0.095 -0.02372628089 1
0 0.285 -0.085 -0.02379020056 1
0 0.285 -0.075 -0.02408032108 1
0 0.285 -0.065 -0.02469184443 1
0 0.285 -0.055 -0.02571883253 1
0 0.285 -0.045 -0.02712428169 1
0 0.285 -0.035 -0.02864902525 2
0 0.285 -0.025 -0.02961951345 2
0 0.285 -0.015 -0.03006827605 2
0 0.285 -0.005 -0.03013735693 2
0 0.285 0.005 -0.03014757589 2
0 0.285 0.015 -0.03023616199 2
0 0.285 0.025 -0.03035318322 2
0 0.285 0.035 -0.03044502726 2
0 0.285 0.045 -0.0303722425 2
0 0.285 0.055 -0.03017696884 2
0 0.285 0.065 -0.02986048412 2
0 0.285 0.075 -0.02948519468 2
0 0.285 0.085 -0.02904687741 2
0 0.285 0.095 -0.02858063899 2
0 0.285 0.105 -0.028082032 2
0 0.285 0.115 -0.02757453346 2
0 0.285 0.125 -0.0270757212 2
0 0.285 0.135 -0.02661592004 2
0 0.285 0.145 -0.02622980219 2
0 0.285 0.155 -0.02593900461 2
0 0.285 0.165 -0.02574173299 2
0 0.285 0.175 -0.02557372785 2
0 0.285 0.185 -0.02536153368 2
0 0.285 0.195 -0.02500291748 2
0 0.285 0.205 -0.02445869045 2
0 0.285 0.215 -0.02372477638 2
0 0.285 0.225 -0.02286167363 2
0 0.285 0.235 -0.02191381592 2
0 0.285 0.245 -0.02092070592 2
0 0.285 0.255 -0.01989290603 2
0 0.285 0.265 -0.0188432286 2
0 0.285 0.275 -0.01777421029 2
0 0.285 0.285 -0.01668178999 2
0 0.285 0.295 -0.01555698341 2
0 0.285 0.305 -0.01438073613 2
0 0.285 0.315 -0.01312420748 2
0 0.285 0.325 -0.01174383132 2
0 0.285 0.335 -0.01019771323 2
0 0.285 0.345 -0.008441488389 2
0 0.285 0.355 -0.006485526863 2
0 0.285 0.365 -0.004310569577 2
0 0.285 0.375 -0.002147883868 2
0 0.285 0.385 0.0003341837279 2
0 0.285 0.395 0.001702964712 2
0 0.285 0.405 0.001777034767 2
0 0.285 0.415 0.0008345641974 2
0 0.285 0.425 0 2
0 0.285 0.435 0 2
0 0.285 0.445 0 2
0 0.285 0.455 0 2
0 0.285 0.465 0 2
0 0.295 -0.455 0 2
0 0.295 -0.445 0 2
0 0.295 -0.435 0 1
0 0.295 -0.425 0 1
0 0.295 -0.415 0.0008486445177 1
0 0.295 -0.405 0.001743288643 1
0 0.295 -0.395 0.001637928497 1
0 0.295 -0.385 0.0004167768345 1
0 0.295 -0.375 -0.001758573555 1
0 0.295 -0.365 -0.003478958815 2
0 0.295 -0.355 -0.005063042294 2
0 0.295 -0.345 -0.006352018411 2
0 0.295 -0.335 -0.007465138411 2
0 0.295 -0.325 -0.008490194981 2
0 0.295 -0.315 -0.00959938311 2
0 0.295 -0.305 -0.01070338521 2
0 0.295 -0.295 -0.01179703125 2
0 0.295 -0.285 -0.01285833972 2
0 0.295 -0.275 -0.01389157769 2
0 0.295 -0.265 -0.0148989468 2
0 0.295 -0.255 -0.0159797628 2
0 0.295 -0.245 -0.01700058193 2
0 0.295 -0.235 -0.01764690666 2
0 0.295 -0.225 -0.01768163864 2
0 0.295 -0.215 -0.01711981801 2
0 0.295 -0.205 -0.01620299307 1
0 0.295 -0.195 -0.01553063032 1
0 0.295 -0.185 -0.0153344459 1
0 0.295 -0.175 -0.01587471824 1
0 0.295 -0.165 -0.01695175854 1
0 0.295 -0.155 -0.01818425819 2
0 0.295 -0.145 -0.01907359809 2
0 0.295 -0.135 -0.01932810092 2
0 0.295 -0.125 -0.01916894319 1
0 0.295 -0.115 -0.01895049357 1
0 0.295 -0.105 -0.0189096923 1
0 0.295 -0.095 -0.01914670981 1
0 0.295 -0.085 -0.01954752159 1
0 0.295 -0.075 -0.02004863535 1
0 0.295 -0.065 -0.02061751536 1
0 0.295 -0.055 -0.02143033007 1
0 0.295 -0.045 -0.02238948253 1
0 0.295 -0.035 -0.02356954984 2
0 0.295 -0.025 -0.02434116426 2
0 0.295 -0.015 -0.02474282822 2
0 0.295 -0.005 -0.02484842964 2
0 0.295 0.005 -0.02501789305 2
0 0.295 0.015 -0.02534742208 2
0 0.295 0.025 -0.02587357871 2
0 0.295 0.035 -0.02638259409 2
0 0.295 0.045 -0.02672754927 2
0 0.295 0.055 -0.02679111033 2
0 0.295 0.065 -0.02657929518 2
0 0.295 0.075 -0.02619710285 2
0 0.295 0.085 -0.02571398366 2
0 0.295 0.095 -0.02519931979 2
0 0.295 0.105 -0.02463787513 2
0 0.295 0.115 -0.02406280758 2
0 0.295 0.125 -0.02349987673 2
0 0.295 0.135 -0.02299931314 2
0 0.295 0.145 -0.02262188996 2
0 0.295 0.155 -0.02240304379 2
0 0.295 0.165 -0.02236320039 2
0 0.295 0.175 -0.02240306281 2
0 0.295 0.185 -0.02241949567 2
0 0.295 0.195 -0.02224128434 2
0 0.295 0.205 -0.0218004257 2
0 0.295 0.215 -0.0210760981 2
0 0.295 0.225 -0.02016269435 2
0 0.295 0.235 -0.0191502297 2
0 0.295 0.245 -0.01811516601 2
0 0.295 0.255 -0.0170665576 2
0 0.295 0.265 -0.01600015189 2
0 0.295 0.275 -0.01491462164 2
0 0.295 0.285 -0.0138000828 2
0 0.295 0.295 -0.01264472608 2
0 0.295 0.305 -0.01143033687 2
0 0.295 0.315 -0.01013437324 2
0 0.295 0.325 -0.008729096236 2
0 0.295 0.335 -0.007192640773 2
0 0.295 0.345 -0.005502659026 2
0 0.295 0.355 -0.003684354398 2
0 0.295 0.365 -0.001701736518 2
0 0.295 0.375 0.0002025614798 2
0 0.295 0.385 0.002544231224 2
0 0.295 0.395 0.003507181956 2
0 0.295 0.405 0.002908155454 2
0 0.295 0.415 0.001275014525 2
0 0.295 0.425 0 2
0 0.295 0.435 0 2
0 0.295 0.445 0 2
0 0.295 0.455 0 2
0 0.295 0.465 0 2
0 0.305 -0.455 0 2
0 0.305 -0.445 0 2
0 0.305 -0.435 0 2
0 0.305 -0.425 0 1
0 0.305 -0.415 0.001612922359 1
0 0.305 -0.405 0.003373193136 1
0 0.305 -0.395 0.003416265302 1
0 0.305 -0.385 0.001782707227 1
0 0.305 -0.375 -0.001200618856 1
0 0.305 -0.365 -0.002918347338 2
0 0.305 -0.355 -0.004391532422 2
0 0.305 -0.345 -0.005388931746 2
0 0.305 -0.335 -0.006135277982 2
0 0.305 -0.325 -0.006799664891 2
0 0.305 -0.315 -0.007668712716 2
0 0.305 -0.305 -0.008574469209 2
0 0.305 -0.295 -0.00950014809 2
0 0.305 -0.285 -0.01039822406 2
0 0.305 -0.275 -0.01125652792 2
0 0.305 -0.265 -0.01206613123 2
0 0.305 -0.255 -0.01289341187 2
0 0.305 -0.245 -0.01362793659 2
0 0.305 -0.235 -0.01397311701 2
0 0.305 -0.225 -0.01385319333 2
0 0.305 -0.215 -0.01323534943 1
0 0.305 -0.205 -0.01257714733 1
0 0.305 -0.195 -0.01214424612 1
0 0.305 -0.185 -0.01214340783 1
0 0.305 -0.175 -0.01259118912 1
0 0.305 -0.165 -0.0132723797 1
0 0.305 -0.155 -0.01401655856 1
0 0.305 -0.145 -0.01465815014 2
0 0.305 -0.135 -0.0148914063 1
0 0.305 -0.125 -0.01494703488 1
0 0.305 -0.115 -0.01515328092 1
0 0.305 -0.105 -0.01559351876 1
0 0.305 -0.095 -0.01629213933 1
0 0.305 -0.085 -0.01698796487 1
0 0.305 -0.075 -0.01762587209 1
0 0.305 -0.065 -0.01810449113 1
0 0.305 -0.055 -0.01853050431 1
0 0.305 -0.045 -0.0189014783 1
0 0.305 -0.035 -0.01928200834 1
0 0.305 -0.025 -0.01953900419 1
0 0.305 -0.015 -0.01962315823 1
0 0.305 -0.005 -0.01963186469 1
0 0.305 0.005 -0.01982920418 1
0 0.305 0.015 -0.02029348006 1
0 0.305 0.025 -0.0211443462 2
0 0.305 0.035 -0.02205732711 2
0 0.305 0.045 -0.0229338996 2
0 0.305 0.055 -0.02335696143 2
0 0.305 0.065 -0.02333359945 2
0 0.305 0.075 -0.02296789707 2
0 0.305 0.085 -0.02244276434 2
0 0.305 0.095 -0.02186644011 2
0 0.305 0.105 -0.02121830051 2
0 0.305 0.115 -0.02054788098 2
0 0.305 0.125 -0.01989778593 2
0 0.305 0.135 -0.01933519946 2
0 0.305 0.145 -0.01892082808 2
0 0.305 0.155 -0.01869768723 2
0 0.305 0.165 -0.01867760161 2
0 0.305 0.175 -0.01884793995 2
0 0.305 0.185 -0.01910437573 2
0 0.305 0.195 -0.0192623859 2
0 0.305 0.205 -0.01907116385 2
0 0.305 0.215 -0.0184417824 2
0 0.305 0.225 -0.01749035504 2
0 0.305 0.235 -0.01641327258 2
0 0.305 0.245 -0.01532442745 2
0 0.305 0.255 -0.01425845338 2
0 0.305 0.265 -0.01318019268 2
0 0.305 0.275 -0.01208610906 2
0 0.305 0.285 -0.01096107083 2
0 0.305 0.295 -0.009792600039 2
0 0.305 0.305 -0.008564776537 2
0 0.305 0.315 -0.007260967035 2
0 0.305 0.325 -0.005863132612 2
0 0.305 0.335 -0.004360745606 2
0 0.305 0.345 -0.002739851116 2
0 0.305 0.355 -0.001032773888 2
0 0.305 0.365 0.0008177134523 2
0 0.305 0.375 0.002541255328 2
0 0.305 0.385 0.00482461567 2
0 0.305 0.395 0.005421560025 2
0 0.305 0.405 0.004122244559 2
0 0.305 0.415 0.001755497049 2
0 0.305 0.425 0 2
0 0.305 0.435 0 2
0 0.305 0.445 0 2
0 0.305 0.455 0 2
0 0.305 0.465 0 2
0 0.315 -0.455 0 2
0 0.315 -0.445 0 2
0 0.315 -0.435 0 2
0 0.315 -0.425 0 1
0 0.315 -0.415 0.002443403901 1
0 0.315 -0.405 0.005235736857 1
0 0.315 -0.395 0.005454013488 1
0 0.315 -0.385 0.003360077155 1
0 0.315 -0.375 -0.000553686267 1
0 0.315 -0.365 -0.002159544697 2
0 0.315 -0.355 -0.003533896487 2
0 0.315 -0.345 -0.004234070301 2
0 0.315 -0.335 -0.004616036446 2
0 0.315 -0.325 -0.004996442942 2
0 0.315 -0.315 -0.005686438797 2
0 0.315 -0.305 -0.006447078641 2
0 0.315 -0.295 -0.00723946782 2
0 0.315 -0.285 -0.007990023877 2
0 0.315 -0.275 -0.008667373359 2
0 0.315 -0.265 -0.009250729393 2
0 0.315 -0.255 -0.009770621857 2
0 0.315 -0.245 -0.01020189009 2
0 0.315 -0.235 -0.01039085086 2
0 0.315 -0.225 -0.01025118201 2
0 0.315 -0.215 -0.00974999606 1
0 0.315 -0.205 -0.009389516127 1
0 0.315 -0.195 -0.009322661672 1
0 0.315 -0.185 -0.009652221559 1
0 0.315 -0.175 -0.01010364544 1
0 0.315 -0.165 -0.01052621969 1
0 0.315 -0.155 -0.01091609058 1
0 0.315 -0.145 -0.0113139292 1
0 0.315 -0.135 -0.01166532187 1
0 0.315 -0.125 -0.0120666276 1
0 0.315 -0.115 -0.0126526361 1
0 0.315 -0.105 -0.01344385507 1
0 0.315 -0.095 -0.01432444627 1
0 0.315 -0.085 -0.01510237552 1
0 0.315 -0.075 -0.01574049743 1
0 0.315 -0.065 -0.01616450364 1
0 0.315 -0.055 -0.01636644169 1
0 0.315 -0.045 -0.01641068615 1
0 0.315 -0.035 -0.01627705254 1
0 0.315 -0.025 -0.01612469262 1
0 0.315 -0.015 -0.01592439813 1
0 0.315 -0.005 -0.01580440143 1
0 0.315 0.005 -0.01585164774 1
0 0.315 0.015 -0.01616917314 1
0 0.315 0.025 -0.0169677752 1
0 0.315 0.035 -0.01807273796 1
0 0.315 0.045 -0.01934306385 2
0 0.315 0.055 -0.02005711575 2
0 0.315 0.065 -0.02019033229 2
0 0.315 0.075 -0.01983215545 2
0 0.315 0.085 -0.01925285512 2
0 0.315 0.095 -0.01859665471 2
0 0.315 0.105 -0.01784766101 2
0 0.315 0.115 -0.01707274328 2
0 0.315 0.125 -0.01630940696 2
0 0.315 0.135 -0.01563576417 2
0 0.315 0.145 -0.01508501193 2
0 0.315 0.155 -0.01477985627 2
0 0.315 0.165 -0.01471556275 2
0 0.315 0.175 -0.01499954324 2
0 0.315 0.185 -0.01543852623 2
0 0.315 0.195 -0.01592060786 2
0 0.315 0.205 -0.01605261769 2
0 0.315 0.215 -0.01565383946 2
0 0.315 0.225 -0.01476975166 2
0 0.315 0.235 -0.01366529628 2
0 0.315 0.245 -0.01253291701 2
0 0.315 0.255 -0.01146162995 2
0 0.315 0.265 -0.01038275424 2
0 0.315 0.275 -0.009291632749 2
0 0.315 0.285 -0.008169059702 2
0 0.315 0.295 -0.007002691042 2
0 0.315 0.305 -0.005778757653 2
0 0.315 0.315 -0.004485112417 2
0 0.315 0.325 -0.003109760886 2
0 0.315 0.335 -0.001648885204 2
0 0.315 0.345 -9.146863977e-05 2
0 0.315 0.355 0.001525300226 2
0 0.315 0.365 0.003279653959 2
0 0.315 0.375 0.004864884066 2
0 0.315 0.385 0.007131661938 2
0 0.315 0.395 0.007383598452 2
0 0.315 0.405 0.005372389666 2
0 0.315 0.415 0.00225380975 2
0 0.315 0.425 0 2
0 0.315 0.435 0 2
0 0.315 0.445 0 2
0 0.315 0.455 0 2
0 0.315 0.465 0 2
0 0.325 -0.455 0 2
0 0.325 -0.445 0 2
0 0.325 -0.435 0 2
0 0.325 -0.425 0 2
0 0.325 -0.415 0.003140492548 1
0 0.325 -0.405 0.006889473923 1
0 0.325 -0.395 0.007500877825 1
0 0.325 -0.385 0.005179598916 1
0 0.325 -0.375 0.0006731030362 2
0 0.325 -0.365 -0.0009616994817 2
0 0.325 -0.355 -0.002227869227 2
0 0.325 -0.345 -0.002628898357 2
0 0.325 -0.335 -0.002769242887 2
0 0.325 -0.325 -0.003014118366 2
0 0.325 -0.315 -0.003614348143 2
0 0.325 -0.305 -0.004299977397 2
0 0.325 -0.295 -0.005027955314 2
0 0.325 -0.285 -0.005694161097 2
0 0.325 -0.275 -0.006228521181 2
0 0.325 -0.265 -0.006582513004 2
0 0.325 -0.255 -0.006747413369 2
0 0.325 -0.245 -0.006803339801 2
0 0.325 -0.235 -0.006816254045 2
0 0.325 -0.225 -0.00667137349 2
0 0.325 -0.215 -0.00637412409 1
0 0.325 -0.205 -0.006278074836 1
0 0.325 -0.195 -0.006591567137 1
0 0.325 -0.185 -0.007221734952 1
0 0.325 -0.175 -0.007809103628 1
0 0.325 -0.165 -0.008251574801 1
0 0.325 -0.155 -0.008620041533 1
0 0.325 -0.145 -0.008963642619 1
0 0.325 -0.135 -0.009435954157 1
0 0.325 -0.125 -0.01005704394 1
0 0.325 -0.115 -0.01084574297 1
0 0.325 -0.105 -0.01175238363 1
0 0.325 -0.095 -0.01264466 1
0 0.325 -0.085 -0.01340766897 1
0 0.325 -0.075 -0.01399874019 1
0 0.325 -0.065 -0.01437581752 1
0 0.325 -0.055 -0.01450813894 1
0 0.325 -0.045 -0.01444972719 1
0 0.325 -0.035 -0.01420103391 1
0 0.325 -0.025 -0.01392208139 1
0 0.325 -0.015 -0.01362362955 1
0 0.325 -0.005 -0.0134128239 1
0 0.325 0.005 -0.0132866487 1
0 0.325 0.015 -0.01337812876 1
0 0.325 0.025 -0.01395244565 1
0 0.325 0.035 -0.01498546683 1
0 0.325 0.045 -0.01628031873 2
0 0.325 0.055 -0.01706009382 2
0 0.325 0.065 -0.01720381899 2
0 0.325 0.075 -0.01681341388 2
0 0.325 0.085 -0.01617098602 2
0 0.325 0.095 -0.01543647046 2
0 0.325 0.105 -0.01459597151 2
0 0.325 0.115 -0.0137025403 2
0 0.325 0.125 -0.01280778606 2
0 0.325 0.135 -0.0120135078 2
0 0.325 0.145 -0.01132733546 2
0 0.325 0.155 -0.01091474636 2
0 0.325 0.165 -0.01083326 1
0 0.325 0.175 -0.01120908816 1
0 0.325 0.185 -0.01183187108 1
0 0.325 0.195 -0.01249442671 2
0 0.325 0.205 -0.01285967486 2
0 0.325 0.215 -0.01267449892 2
0 0.325 0.225 -0.01193791993 2
0 0.325 0.235 -0.01086051428 2
0 0.325 0.245 -0.009724389092 2
0 0.325 0.255 -0.008669378312 2
0 0.325 0.265 -0.007606929528 2
0 0.325 0.275 -0.006532725766 2
0 0.325 0.285 -0.005425891433 2
0 0.325 0.295 -0.004274945299 2
0 0.325 0.305 -0.003068234794 2
0 0.325 0.315 -0.001796959407 2
0 0.325 0.325 -0.0004528630345 2
0 0.325 0.335 0.0009638970547 2
0 0.325 0.345 0.00246403777 2
0 0.325 0.355 0.004006213122 2
0 0.325 0.365 0.005688380782 2
0 0.325 0.375 0.007162418611 2
0 0.325 0.385 0.009437595054 2
0 0.325 0.395 0.009359270695 2
0 0.325 0.405 0.006634722501 2
0 0.325 0.415 0.002758933465 2
0 0.325 0.425 0 2
0 0.325 0.435 0 2
0 0.325 0.445 0 2
0 0.325 0.455 0 2
0 0.325 0.465 0 2
0 0.335 -0.455 0 2
0 0.335 -0.445 0 2
0 0.335 -0.435 0 2
0 0.335 -0.425 0 2
0 0.335 -0.415 0.003506133404 2
0 0.335 -0.405 0.007827857196 2
0 0.335 -0.395 0.009162705659 2
0 0.335 -0.385 0.007132025144 2
0 0.335 -0.375 0.002600782035 2
0 0.335 -0.365 0.0008734594052 2
0 0.335 -0.355 -0.0001950713611 2
0 0.335 -0.345 -0.000402918127 2
0 0.335 -0.335 -0.0005176004051 2
0 0.335 -0.325 -0.0008058954407 2
0 0.335 -0.315 -0.001438317579 2
0 0.335 -0.305 -0.002165709046 2
0 0.335 -0.295 -0.002918549918 2
0 0.335 -0.285 -0.003526315683 2
0 0.335 -0.275 -0.003875353632 2
0 0.335 -0.265 -0.003940187592 2
0 0.335 -0.255 -0.003704140331 2
0 0.335 -0.245 -0.003363706637 2
0 0.335 -0.235 -0.003101951612 2
0 0.335 -0.225 -0.002953430012 2
0 0.335 -0.215 -0.002957888658 2
0 0.335 -0.205 -0.003244315897 1
0 0.335 -0.195 -0.003852528642 1
0 0.335 -0.185 -0.004678165538 1
0 0.335 -0.175 -0.005455806027 1
0 0.335 -0.165 -0.006075642172 1
0 0.335 -0.155 -0.00661701457 1
0 0.335 -0.145 -0.007127078658 1
0 0.335 -0.135 -0.007761433308 1
0 0.335 -0.125 -0.008527492992 1
0 0.335 -0.115 -0.009412790058 1
0 0.335 -0.105 -0.01039389275 1
0 0.335 -0.095 -0.01136516185 1
0 0.335 -0.085 -0.0121822381 1
0 0.335 -0.075 -0.01270783703 1
0 0.335 -0.065 -0.01293109115 1
0 0.335 -0.055 -0.01295282455 1
0 0.335 -0.045 -0.01283708569 1
0 0.335 -0.035 -0.01263273499 1
0 0.335 -0.025 -0.01238967806 1
0 0.335 -0.015 -0.0121181363 1
0 0.335 -0.005 -0.0118875642 1
0 0.335 0.005 -0.01165651533 1
0 0.335 0.015 -0.0115497109 1
0 0.335 0.025 -0.01188221002 1
0 0.335 0.035 -0.01268875486 1
0 0.335 0.045 -0.01374521303 2
0 0.335 0.055 -0.01437756717 2
0 0.335 0.065 -0.01439020411 2
0 0.335 0.075 -0.01392327197 2
0 0.335 0.085 -0.01321658697 2
0 0.335 0.095 -0.0124214028 2
0 0.335 0.105 -0.01150595766 2
0 0.335 0.115 -0.01052495527 2
0 0.335 0.125 -0.009515792899 2
0 0.335 0.135 -0.008648070069 2
0 0.335 0.145 -0.00803193794 1
0 0.335 0.155 -0.007740687805 1
0 0.335 0.165 -0.007772867166 1
0 0.335 0.175 -0.008090543501 1
0 0.335 0.185 -0.00866177852 1
0 0.335 0.195 -0.009263086628 1
0 0.335 0.205 -0.009716010764 2
0 0.335 0.215 -0.009613667707 2
0 0.335 0.225 -0.008987917911 2
0 0.335 0.235 -0.007985429461 2
0 0.335 0.245 -0.006894171343 2
0 0.335 0.255 -0.005880438267 2
0 0.335 0.265 -0.004854062098 2
0 0.335 0.275 -0.003811379202 2
0 0.335 0.285 -0.002732761435 2
0 0.335 0.295 -0.001608205214 2
0 0.335 0.305 -0.0004282860069 2
0 0.335 0.315 0.000813118652 2
0 0.335 0.325 0.002121733174 2
0 0.335 0.335 0.003494739434 2
0 0.335 0.345 0.004943555939 2
0 0.335 0.355 0.006422610672 2
0 0.335 0.365 0.008048269418 2
0 0.335 0.375 0.009428268641 2
0 0.335 0.385 0.01172668224 2
0 0.335 0.395 0.0113289641 2
0 0.335 0.405 0.007895438476 2
0 0.335 0.415 0.003264428941 2
0 0.335 0.425 0 2
0 0.335 0.435 0 2
0 0.335 0.445 0 2
0 0.335 0.455 0 2
0 0.335 0.465 0 2
0 0.345 -0.455 0 2
0 0.345 -0.445 0 2
0 0.345 -0.435 0 2
0 0.345 -0.425 0 2
0 0.345 -0.415 0.003600520835 2
0 0.345 -0.405 0.008205743683 2
0 0.345 -0.395 0.01040319873 2
0 0.345 -0.385 0.009098906078 2
0 0.345 -0.375 0.005153674548 2
0 0.345 -0.365 0.003623688182 2
0 0.345 -0.355 0.002672084328 2
0 0.345 -0.345 0.002389302017 2
0 0.345 -0.335 0.002120531355 2
0 0.345 -0.325 0.001631948752 2
0 0.345 -0.315 0.0008457902049 2
0 0.345 -0.305 -1.355872308e-05 2
0 0.345 -0.295 -0.0008178853621 2
0 0.345 -0.285 -0.00135377711 2
0 0.345 -0.275 -0.001439581975 2
0 0.345 -0.265 -0.001137364407 2
0 0.345 -0.255 -0.0005381415717 2
0 0.345 -0.245 7.922094843e-05 2
0 0.345 -0.235 0.0005737348831 2
0 0.345 -0.225 0.0006933948731 2
0 0.345 -0.215 0.0003920980015 2
0 0.345 -0.205 -0.0003150779683 1
0 0.345 -0.195 -0.001188519195 1
0 0.345 -0.185 -0.00220612568 1
0 0.345 -0.175 -0.00320402307 1
0 0.345 -0.165 -0.004023185782 1
0 0.345 -0.155 -0.004751298664 1
0 0.345 -0.145 -0.005526347715 1
0 0.345 -0.135 -0.006437588278 1
0 0.345 -0.125 -0.007455573603 1
0 0.345 -0.115 -0.008466710908 1
0 0.345 -0.105 -0.009509268603 1
0 0.345 -0.095 -0.01048766253 1
0 0.345 -0.085 -0.01132714799 1
0 0.345 -0.075 -0.01180115587 1
0 0.345 -0.065 -0.01186333433 1
0 0.345 -0.055 -0.01174423379 1
0 0.345 -0.045 -0.01148004315 1
0 0.345 -0.035 -0.01125101318 1
0 0.345 -0.025 -0.011030748 1
0 0.345 -0.015 -0.01080188737 1
0 0.345 -0.005 -0.01056578471 1
0 0.345 0.005 -0.01032437676 1
0 0.345 0.015 -0.01018344427 1
0 0.345 0.025 -0.01040012182 1
0 0.345 0.035 -0.01093176386 1
0 0.345 0.045 -0.01156060512 2
0 0.345 0.055 -0.01186628566 2
0 0.345 0.065 -0.01167892901 2
0 0.345 0.075 -0.01114612514 2
0 0.345 0.085 -0.01041549051 2
0 0.345 0.095 -0.00960121902 2
0 0.345 0.105 -0.008679109188 2
0 0.345 0.115 -0.007678170369 2
0 0.345 0.125 -0.006637254991 2
0 0.345 0.135 -0.005888586589 1
0 0.345 0.145 -0.005519267937 1
0 0.345 0.155 -0.005457624661 1
0 0.345 0.165 -0.005545993653 1
0 0.345 0.175 -0.005709229128 1
0 0.345 0.185 -0.006074029568 1
0 0.345 0.195 -0.006453338095 1
0 0.345 0.205 -0.006735709738 2
0 0.345 0.215 -0.006551035921 2
0 0.345 0.225 -0.00594128159 2
0 0.345 0.235 -0.005039963433 2
0 0.345 0.245 -0.004047525117 2
0 0.345 0.255 -0.003099554499 2
0 0.345 0.265 -0.002128808562 2
0 0.345 0.275 -0.001131422338 2
0 0.345 0.285 -9.198252327e-05 2
0 0.345 0.295 0.0009974298208 2
0 0.345 0.305 0.002143747978 2
0 0.345 0.315 0.003350707081 2
0 0.345 0.325 0.004622063695 2
0 0.345 0.335 0.005952914485 2
0 0.345 0.345 0.007355667725 2
0 0.345 0.355 0.00878022713 2
0 0.345 0.365 0.01036023368 2
0 0.345 0.375 0.01165787883 2
0 0.345 0.385 0.0139889328 2
0 0.345 0.395 0.01328091124 2
0 0.345 0.405 0.009146372751 2
0 0.345 0.415 0.003766568883 2
0 0.345 0.425 0 2
0 0.345 0.435 0 2
0 0.345 0.445 0 2
0 0.345 0.455 0 2
0 0.345 0.465 0 2
0 0.355 -0.455 0 2
0 0.355 -0.445 0 2
0 0.355 -0.435 0 2
0 0.355 -0.425 0 2
0 0.355 -0.415 0.003630908973 2
0 0.355 -0.405 0.008508058725 2
0 0.355 -0.395 0.0115860374 2
0 0.355 -0.385 0.01122895679 2
0 0.355 -0.375 0.008177784378 2
0 0.355 -0.365 0.006991638684 2
0 0.355 -0.355 0.006064100658 2
0 0.355 -0.345 0.005571604936 2
0 0.355 -0.335 0.005059927382 2
0 0.355 -0.325 0.004318000746 2
0 0.355 -0.315 0.003336491927 2
0 0.355 -0.305 0.002313515142 2
0 0.355 -0.295 0.001495713262 2
0 0.355 -0.285 0.001108651492 2
0 0.355 -0.275 0.001233765245 2
0 0.355 -0.265 0.001725840296 2
0 0.355 -0.255 0.00245607724 2
0 0.355 -0.245 0.003159922903 2
0 0.355 -0.235 0.003648332473 2
0 0.355 -0.225 0.003661452127 2
0 0.355 -0.215 0.003192025517 1
0 0.355 -0.205 0.002344160474 1
0 0.355 -0.195 0.001293964598 1
0 0.355 -0.185 8.848744437e-05 1
0 0.355 -0.175 -0.001116648061 1
0 0.355 -0.165 -0.002159851907 1
0 0.355 -0.155 -0.0031477791 1
0 0.355 -0.145 -0.004210707852 1
0 0.355 -0.135 -0.005398722733 1
0 0.355 -0.125 -0.006612614403 1
0 0.355 -0.115 -0.007692953151 1
0 0.355 -0.105 -0.008722551252 1
0 0.355 -0.095 -0.009667233382 1
0 0.355 -0.085 -0.01044243085 2
0 0.355 -0.075 -0.01085869402 2
0 0.355 -0.065 -0.01084113857 1
0 0.355 -0.055 -0.01061128502 1
0 0.355 -0.045 -0.01026385761 1
0 0.355 -0.035 -0.01003303634 1
0 0.355 -0.025 -0.009815908264 1
0 0.355 -0.015 -0.009594303735 1
0 0.355 -0.005 -0.009352330141 1
0 0.355 0.005 -0.009099466323 1
0 0.355 0.015 -0.008905821949 1
0 0.355 0.025 -0.008955885555 1
0 0.355 0.035 -0.009190184818 1
0 0.355 0.045 -0.0093958887 2
0 0.355 0.055 -0.00939600426 2
0 0.355 0.065 -0.009036945613 2
0 0.355 0.075 -0.008482099794 2
0 0.355 0.085 -0.007797465469 2
0 0.355 0.095 -0.007021396896 2
0 0.355 0.105 -0.006139543684 2
0 0.355 0.115 -0.005099846717 2
0 0.355 0.125 -0.004222017338 1
0 0.355 0.135 -0.003740877657 1
0 0.355 0.145 -0.003656803274 1
0 0.355 0.155 -0.003761018267 1
0 0.355 0.165 -0.003795413465 1
0 0.355 0.175 -0.003746949693 1
0 0.355 0.185 -0.003794084831 1
0 0.355 0.195 -0.003884199861 1
0 0.355 0.205 -0.003858733591 2
0 0.355 0.215 -0.00352024499 2
0 0.355 0.225 -0.00286688132 2
0 0.355 0.235 -0.002059868188 2
0 0.355 0.245 -0.001203506771 2
0 0.355 0.255 -0.0003395615439 2
0 0.355 0.265 0.000559856279 2
0 0.355 0.275 0.001500675661 2
0 0.355 0.285 0.002492327383 2
0 0.355 0.295 0.003540260544 2
0 0.355 0.305 0.004648672253 2
0 0.355 0.315 0.005818964976 2
0 0.355 0.325 0.007053098937 2
0 0.355 0.335 0.00834423586 2
0 0.355 0.345 0.009705715792 2
0 0.355 0.355 0.0110825794 2
0 0.355 0.365 0.01262482087 2
0 0.355 0.375 0.01384850895 2
0 0.355 0.385 0.01621830678 2
0 0.355 0.395 0.01520803765 2
0 0.355 0.405 0.01038255151 2
0 0.355 0.415 0.004263116905 2
0 0.355 0.425 0 2
0 0.355 0.435 0 2
0 0.355 0.445 0 2
0 0.355 0.455 0 2
0 0.355 0.465 0 2
0 0.365 -0.455 0 2
0 0.365 -0.445 0 2
0 0.365 -0.435 0 2
0 0.365 -0.425 0 2
0 0.365 -0.415 0.003776874199 2
0 0.365 -0.405 0.009087632313 2
0 0.365 -0.395 0.01316615126 2
0 0.365 -0.385 0.01376344332 2
0 0.365 -0.375 0.01151206873 2
0 0.365 -0.365 0.01055423227 2
0 0.365 -0.355 0.009591387087 2
0 0.365 -0.345 0.008921593563 2
0 0.365 -0.335 0.008214062621 2
0 0.365 -0.325 0.007288453837 2
0 0.365 -0.315 0.006169873289 2
0 0.365 -0.305 0.005062780165 2
0 0.365 -0.295 0.004235590859 2
0 0.365 -0.285 0.00387527131 2
0 0.365 -0.275 0.003890562535 2
0 0.365 -0.265 0.00423785338 2
0 0.365 -0.255 0.004875556543 1
0 0.365 -0.245 0.005605472947 1
0 0.365 -0.235 0.005955689133 1
0 0.365 -0.225 0.005858231426 1
0 0.365 -0.215 0.005345421307 1
0 0.365 -0.205 0.004517346809 1
0 0.365 -0.195 0.003390771448 1
0 0.365 -0.185 0.002068219336 1
0 0.365 -0.175 0.0007077627274 1
0 0.365 -0.165 -0.0005371067621 1
0 0.365 -0.155 -0.001781558377 1
0 0.365 -0.145 -0.003054201468 1
0 0.365 -0.135 -0.004425455053 1
0 0.365 -0.125 -0.005642523764 2
0 0.365 -0.115 -0.006717736797 2
0 0.365 -0.105 -0.007609570584 2
0 0.365 -0.095 -0.008347428478 2
0 0.365 -0.085 -0.008911558549 2
0 0.365 -0.075 -0.009291260443 2
0 0.365 -0.065 -0.009381607937 2
0 0.365 -0.055 -0.009188611423 2
0 0.365 -0.045 -0.008896963942 1
0 0.365 -0.035 -0.008662924278 1
0 0.365 -0.025 -0.008468125601 1
0 0.365 -0.015 -0.008245778539 1
0 0.365 -0.005 -0.007960171616 1
0 0.365 0.005 -0.007640909177 1
0 0.365 0.015 -0.007407824916 1
0 0.365 0.025 -0.007278828498 2
0 0.365 0.035 -0.007212012323 2
0 0.365 0.045 -0.007033484843 2
0 0.365 0.055 -0.006785290807 2
0 0.365 0.065 -0.006368628811 2
0 0.365 0.075 -0.005888096427 2
0 0.365 0.085 -0.005325459213 2
0 0.365 0.095 -0.004657381555 2
0 0.365 0.105 -0.003884970922 2
0 0.365 0.115 -0.002880578089 2
0 0.365 0.125 -0.00228898225 1
0 0.365 0.135 -0.001975810483 1
0 0.365 0.145 -0.002038742804 1
0 0.365 0.155 -0.002142986152 1
0 0.365 0.165 -0.002072493436 1
0 0.365 0.175 -0.0018726649 1
0 0.365 0.185 -0.00165665635 1
0 0.365 0.195 -0.00144806852 1
0 0.365 0.205 -0.001052183573 2
0 0.365 0.215 -0.0005009383508 2
0 0.365 0.225 0.0002085031964 2
0 0.365 0.235 0.0009126172892 2
0 0.365 0.245 0.001614996768 2
0 0.365 0.255 0.002382090373 2
0 0.365 0.265 0.003199641131 2
0 0.365 0.275 0.004075910187 2
0 0.365 0.285 0.005013984013 2
0 0.365 0.295 0.00601665398 2
0 0.365 0.305 0.007085227724 2
0 0.365 0.315 0.008218695011 2
0 0.365 0.325 0.009417168183 2
0 0.365 0.335 0.01067179896 2
0 0.365 0.345 0.01199665057 2
0 0.365 0.355 0.0133315979 2
0 0.365 0.365 0.01484223446 2
0 0.365 0.375 0.01599844626 2
0 0.365 0.385 0.01841106748 2
0 0.365 0.395 0.01710601009 2
0 0.365 0.405 0.01160086367 2
0 0.365 0.415 0.004752710317 2
0 0.365 0.425 0 2
0 0.365 0.435 0 2
0 0.365 0.445 0 2
0 0.365 0.455 0 2
0 0.365 0.465 0 2
0 0.375 -0.455 0 2
0 0.375 -0.445 0 2
0 0.375 -0.435 0 2
0 0.375 -0.425 0 2
0 0.375 -0.415 0.00391801043 2
0 0.375 -0.405 0.009627661939 2
0 0.375 -0.395 0.01473453842 2
0 0.375 -0.385 0.01622820671 2
0 0.375 -0.375 0.01472334703 2
0 0.375 -0.365 0.01397108045 2
0 0.375 -0.355 0.01297981458 2
0 0.375 -0.345 0.01224946058 2
0 0.375 -0.335 0.01153056626 2
0 0.375 -0.325 0.01060437963 2
0 0.375 -0.315 0.009491443049 2
0 0.375 -0.305 0.008396922651 2
0 0.375 -0.295 0.007445423801 2
0 0.375 -0.285 0.006782370168 2
0 0.375 -0.275 0.006465110249 1
0 0.375 -0.265 0.006650488315 1
0 0.375 -0.255 0.007096408742 1
0 0.375 -0.245 0.00753651178 1
0 0.375 -0.235 0.007616240023 1
0 0.375 -0.225 0.007396960938 1
0 0.375 -0.215 0.006907373933 1
0 0.375 -0.205 0.006137356553 1
0 0.375 -0.195 0.005010706377 1
0 0.375 -0.185 0.003636460613 1
0 0.375 -0.175 0.002153276809 1
0 0.375 -0.165 0.0007724710549 1
0 0.375 -0.155 -0.0005872414432 1
0 0.375 -0.145 -0.001881556862 1
0 0.375 -0.135 -0.003139905827 2
0 0.375 -0.125 -0.004164603591 2
0 0.375 -0.115 -0.005077093068 2
0 0.375 -0.105 -0.005754633174 2
0 0.375 -0.095 -0.006275172635 2
0 0.375 -0.085 -0.006684657701 2
0 0.375 -0.075 -0.006972511785 2
0 0.375 -0.065 -0.007102046575 2
0 0.375 -0.055 -0.00705643858 2
0 0.375 -0.045 -0.006974434134 2
0 0.375 -0.035 -0.00681876538 2
0 0.375 -0.025 -0.006651025117 2
0 0.375 -0.015 -0.006407610985 2
0 0.375 -0.005 -0.006093156118 2
0 0.375 0.005 -0.005709121556 2
0 0.375 0.015 -0.005350029263 2
0 0.375 0.025 -0.004986260463 2
0 0.375 0.035 -0.004707087219 2
0 0.375 0.045 -0.004396892342 2
0 0.375 0.055 -0.004072691727 2
0 0.375 0.065 -0.003697909983 2
0 0.375 0.075 -0.003353461812 2
0 0.375 0.085 -0.002984127155 2
0 0.375 0.095 -0.002481795607 2
0 0.375 0.105 -0.00182252917 2
0 0.375 0.115 -0.0009608397214 1
0 0.375 0.125 -0.0005145362137 1
0 0.375 0.135 -0.0003158828624 1
0 0.375 0.145 -0.0004005675058 1
0 0.375 0.155 -0.0004422810387 1
0 0.375 0.165 -0.0002849997338 1
0 0.375 0.175 7.511695393e-05 1
0 0.375 0.185 0.0005501829276 1
0 0.375 0.195 0.001079720567 1
0 0.375 0.205 0.001764011128 2
0 0.375 0.215 0.002504903715 2
0 0.375 0.225 0.003240521473 2
0 0.375 0.235 0.003823031692 2
0 0.375 0.245 0.004380140815 2
0 0.375 0.255 0.005044544733 2
0 0.375 0.265 0.005775609039 2
0 0.375 0.275 0.006583038643 2
0 0.375 0.285 0.007464832261 2
0 0.375 0.295 0.00842117567 2
0 0.375 0.305 0.00945043664 2
0 0.375 0.315 0.01054900748 2
0 0.375 0.325 0.01171494845 2
0 0.375 0.335 0.01293719449 2
0 0.375 0.345 0.01423026349 2
0 0.375 0.355 0.0155286262 2
0 0.375 0.365 0.01701285764 2
0 0.375 0.375 0.01810694342 2
0 0.375 0.385 0.02056516319 2
0 0.375 0.395 0.01897235824 2
0 0.375 0.405 0.0127994491 2
0 0.375 0.415 0.005234553685 2
0 0.375 0.425 0 2
0 0.375 0.435 0 2
0 0.375 0.445 0 2
0 0.375 0.455 0 2
0 0.375 0.465 0 2
0 0.385 -0.455 0 2
0 0.385 -0.445 0 2
0 0.385 -0.435 0 2
0 0.385 -0.425 0 2
0 0.385 -0.415 0.003785403838 2
0 0.385 -0.405 0.009517579859 2
0 0.385 -0.395 0.01538985414 2
0 0.385 -0.385 0.01796383741 2
0 0.385 -0.375 0.0174665345 2
0 0.385 -0.365 0.01707008967 2
0 0.385 -0.355 0.01619686378 2
0 0.385 -0.345 0.01552441113 2
0 0.385 -0.335 0.01493894798 2
0 0.385 -0.325 0.01424831414 2
0 0.385 -0.315 0.0133785448 2
0 0.385 -0.305 0.01234323355 2
0 0.385 -0.295 0.01113393094 2
0 0.385 -0.285 0.009944181874 1
0 0.385 -0.275 0.009170322049 1
0 0.385 -0.265 0.008977014989 1
0 0.385 -0.255 0.009147159589 1
0 0.385 -0.245 0.009228335878 1
0 0.385 -0.235 0.009070045601 1
0 0.385 -0.225 0.008714805677 1
0 0.385 -0.215 0.008158818129 1
0 0.385 -0.205 0.00735125616 1
0 0.385 -0.195 0.006234530382 1
0 0.385 -0.185 0.004882672075 1
0 0.385 -0.175 0.003435760422 1
0 0.385 -0.165 0.00209706077 1
0 0.385 -0.155 0.0008328190985 1
0 0.385 -0.145 -0.0003405937904 1
0 0.385 -0.135 -0.001327959506 2
0 0.385 -0.125 -0.002180789771 2
0 0.385 -0.115 -0.002841286978 2
0 0.385 -0.105 -0.003308916945 2
0 0.385 -0.095 -0.003677687266 2
0 0.385 -0.085 -0.003981649113 2
0 0.385 -0.075 -0.004201383841 2
0 0.385 -0.065 -0.004350560826 2
0 0.385 -0.055 -0.004404734198 2
0 0.385 -0.045 -0.004407651668 2
0 0.385 -0.035 -0.004326645206 2
0 0.385 -0.025 -0.004187208255 2
0 0.385 -0.015 -0.00393140237 2
0 0.385 -0.005 -0.003587428784 2
0 0.385 0.005 -0.003155643243 2
0 0.385 0.015 -0.002722878007 2
0 0.385 0.025 -0.002298523018 2
0 0.385 0.035 -0.001914640883 2
0 0.385 0.045 -0.001555970976 2
0 0.385 0.055 -0.001247188453 2
0 0.385 0.065 -0.0009726502197 2
0 0.385 0.075 -0.0008035681454 2
0 0.385 0.085 -0.0006481124009 2
0 0.385 0.095 -0.000354612885 2
0 0.385 0.105 0.0001594670596 2
0 0.385 0.115 0.0007779133229 1
0 0.385 0.125 0.001208095492 1
0 0.385 0.135 0.001345440005 1
0 0.385 0.145 0.001302092743 1
0 0.385 0.155 0.001320148568 1
0 0.385 0.165 0.001638776792 1
0 0.385 0.175 0.002216053092 1
0 0.385 0.185 0.002957307342 1
0 0.385 0.195 0.003842377535 2
0 0.385 0.205 0.004737601942 2
0 0.385 0.215 0.005574385693 2
0 0.385 0.225 0.006206690753 2
0 0.385 0.235 0.006639236309 2
0 0.385 0.245 0.007067837756 2
0 0.385 0.255 0.0076276776 2
0 0.385 0.265 0.008271662206 2
0 0.385 0.275 0.009009130996 2
0 0.385 0.285 0.00983496589 2
0 0.385 0.295 0.01074679311 2
0 0.385 0.305 0.011739929 2
0 0.385 0.315 0.0128078149 2
0 0.385 0.325 0.01394610343 2
0 0.385 0.335 0.01514121541 2
0 0.385 0.345 0.01640784513 2
0 0.385 0.355 0.0176749043 2
0 0.385 0.365 0.01913745812 2
0 0.385 0.375 0.02017411261 2
0 0.385 0.385 0.02267986574 2
0 0.385 0.395 0.02080600434 2
0 0.385 0.405 0.01397739323 2
0 0.385 0.415 0.005708263975 2
0 0.385 0.425 0 2
0 0.385 0.435 0 2
0 0.385 0.445 0 2
0 0.385 0.455 0 2
0 0.385 0.465 0 2
0 0.395 -0.455 0 2
0 0.395 -0.445 0 2
0 0.395 -0.435 0 2
0 0.395 -0.425 0 2
0 0.395 -0.415 0.003407040821 2
0 0.395 -0.405 0.008797167666 2
0 0.395 -0.395 0.0149349341 2
0 0.395 -0.385 0.01856185242 2
0 0.395 -0.375 0.01939515252 2
0 0.395 -0.365 0.01962648573 2
0 0.395 -0.355 0.01913495773 2
0 0.395 -0.345 0.01874094444 2
0 0.395 -0.335 0.01849048767 2
0 0.395 -0.325 0.01832229264 2
0 0.395 -0.315 0.01796491249 2
0 0.395 -0.305 0.01708534115 2
0 0.395 -0.295 0.01558023286 2
0 0.395 -0.285 0.01367724068 1
0 0.395 -0.275 0.01228068898 1
0 0.395 -0.265 0.01151778681 1
0 0.395 -0.255 0.01124053564 1
0 0.395 -0.245 0.01089032837 1
0 0.395 -0.235 0.01040899062 1
0 0.395 -0.225 0.009809562524 1
0 0.395 -0.215 0.009114481806 1
0 0.395 -0.205 0.008225769525 1
0 0.395 -0.195 0.007215260382 1
0 0.395 -0.185 0.00606644723 1
0 0.395 -0.175 0.004935930206 2
0 0.395 -0.165 0.003780049526 2
0 0.395 -0.155 0.002713702154 2
0 0.395 -0.145 0.001726767427 2
0 0.395 -0.135 0.0009409320658 2
0 0.395 -0.125 0.0002352046634 2
0 0.395 -0.115 -0.0002600989473 2
0 0.395 -0.105 -0.0006113209189 2
0 0.395 -0.095 -0.0008892996379 2
0 0.395 -0.085 -0.001148191535 2
0 0.395 -0.075 -0.001351322507 2
0 0.395 -0.065 -0.001490160288 2
0 0.395 -0.055 -0.00156044596 2
0 0.395 -0.045 -0.001573408438 2
0 0.395 -0.035 -0.001512127151 2
0 0.395 -0.025 -0.001363025118 2
0 0.395 -0.015 -0.001099144138 2
0 0.395 -0.005 -0.0007418415943 2
0 0.395 0.005 -0.0003063661833 2
0 0.395 0.015 0.0001508019036 2
0 0.395 0.025 0.0005898456048 2
0 0.395 0.035 0.00099885183 2
0 0.395 0.045 0.00135625451 2
0 0.395 0.055 0.001633995074 2
0 0.395 0.065 0.001823820905 2
0 0.395 0.075 0.001828617908 2
0 0.395 0.085 0.001784365359 2
0 0.395 0.095 0.00182546116 2
0 0.395 0.105 0.002126865829 2
0 0.395 0.115 0.002501409516 1
0 0.395 0.125 0.002880351205 1
0 0.395 0.135 0.003005656925 1
0 0.395 0.145 0.003091936905 1
0 0.395 0.155 0.003281240115 1
0 0.395 0.165 0.003892784296 1
0 0.395 0.175 0.004751753541 1
0 0.395 0.185 0.005784743901 1
0 0.395 0.195 0.00690883523 2
0 0.395 0.205 0.007879933763 2
0 0.395 0.215 0.00863669823 2
0 0.395 0.225 0.009055930001 2
0 0.395 0.235 0.009337841774 2
0 0.395 0.245 0.009656354283 2
0 0.395 0.255 0.01011263041 2
0 0.395 0.265 0.01067085373 2
0 0.395 0.275 0.01133958443 2
0 0.395 0.285 0.01211268516 2
0 0.395 0.295 0.01298499818 2
0 0.395 0.305 0.01394830846 2
0 0.395 0.315 0.01499240611 2
0 0.395 0.325 0.01610997066 2
0 0.395 0.335 0.01728455284 2
0 0.395 0.345 0.01853079657 2
0 0.395 0.355 0.01977202038 2
0 0.395 0.365 0.02121743347 2
0 0.395 0.375 0.0222009614 2
0 0.395 0.385 0.02475565876 2
0 0.395 0.395 0.02260707552 2
0 0.395 0.405 0.0151346129 2
0 0.395 0.415 0.006173803141 2
0 0.395 0.425 0 2
0 0.395 0.435 0 2
0 0.395 0.445 0 2
0 0.395 0.455 0 2
0 0.395 0.465 0 2
0 0.405 -0.455 0 2
0 0.405 -0.445 0 2
0 0.405 -0.435 0 1
0 0.405 -0.425 0 1
0 0.405 -0.415 0.003004828435 1
0 0.405 -0.405 0.007932369136 1
0 0.405 -0.395 0.01405906348 2
0 0.405 -0.385 0.01820938822 2
0 0.405 -0.375 0.02019160621 2
0 0.405 -0.365 0.02133722932 2
0 0.405 -0.355 0.0214744928 2
0 0.405 -0.345 0.02151314187 2
0 0.405 -0.335 0.0216769014 2
0 0.405 -0.325 0.02214074381 2
0 0.405 -0.315 0.02248679465 2
0 0.405 -0.305 0.0220342152 2
0 0.405 -0.295 0.02057255094 2
0 0.405 -0.285 0.01827747539 1
0 0.405 -0.275 0.01611572613 1
0 0.405 -0.265 0.01436997502 1
0 0.405 -0.255 0.01327793116 1
0 0.405 -0.245 0.01244717849 1
0 0.405 -0.235 0.01170977183 1
0 0.405 -0.225 0.0108998681 1
0 0.405 -0.215 0.01007756171 1
0 0.405 -0.205 0.009178887944 1
0 0.405 -0.195 0.008401148811 1
0 0.405 -0.185 0.007617706689 1
0 0.405 -0.175 0.006853713699 2
0 0.405 -0.165 0.005915237378 2
0 0.405 -0.155 0.005025428989 2
0 0.405 -0.145 0.004208371586 2
0 0.405 -0.135 0.003516159339 2
0 0.405 -0.125 0.002938411519 2
0 0.405 -0.115 0.002522482868 2
0 0.405 -0.105 0.002205982213 2
0 0.405 -0.095 0.001938495025 2
0 0.405 -0.085 0.001670407319 2
0 0.405 -0.075 0.001448222069 2
0 0.405 -0.065 0.001284402252 2
0 0.405 -0.055 0.001189670401 2
0 0.405 -0.045 0.001167660137 2
0 0.405 -0.035 0.001230960271 2
0 0.405 -0.025 0.001389581795 2
0 0.405 -0.015 0.001660404511 2
0 0.405 -0.005 0.002036397196 2
0 0.405 0.005 0.002496660591 2
0 0.405 0.015 0.00299928205 2
0 0.405 0.025 0.003501160364 2
0 0.405 0.035 0.003964271343 2
0 0.405 0.045 0.004349238082 2
0 0.405 0.055 0.004615848424 2
0 0.405 0.065 0.004750185325 2
0 0.405 0.075 0.004643572968 2
0 0.405 0.085 0.004451771478 2
0 0.405 0.095 0.004295063271 2
0 0.405 0.105 0.004370361763 2
0 0.405 0.115 0.004487346436 1
0 0.405 0.125 0.004774081529 1
0 0.405 0.135 0.004974955898 1
0 0.405 0.145 0.005305719834 1
0 0.405 0.155 0.005826958983 1
0 0.405 0.165 0.006753672711 1
0 0.405 0.175 0.007877006696 1
0 0.405 0.185 0.009109146019 2
0 0.405 0.195 0.01025262763 2
0 0.405 0.205 0.01112079753 2
0 0.405 0.215 0.0116127474 2
0 0.405 0.225 0.01178220894 2
0 0.405 0.235 0.01191126902 2
0 0.405 0.245 0.01212930772 2
0 0.405 0.255 0.01248093508 2
0 0.405 0.265 0.0129544375 2
0 0.405 0.275 0.01355759281 2
0 0.405 0.285 0.01428446624 2
0 0.405 0.295 0.0151261618 2
0 0.405 0.305 0.01606974217 2
0 0.405 0.315 0.01710015979 2
0 0.405 0.325 0.01820630319 2
0 0.405 0.335 0.01936847242 2
0 0.405 0.345 0.02060116978 2
0 0.405 0.355 0.0218222817 2
0 0.405 0.365 0.02325501017 2
0 0.405 0.375 0.02418944077 2
0 0.405 0.385 0.02679420059 2
0 0.405 0.395 0.02437682048 2
0 0.405 0.405 0.0162718155 2
0 0.405 0.415 0.006631447095 2
0 0.405 0.425 0 2
0 0.405 0.435 0 2
0 0.405 0.445 0 2
0 0.405 0.455 0 2
0 0.405 0.465 0 2
0 0.415 -0.455 0 2
0 0.415 -0.445 0 2
0 0.415 -0.435 0 1
0 0.415 -0.425 0 1
0 0.415 -0.415 0.002789892637 1
0 0.415 -0.405 0.00741248975 1
0 0.415 -0.395 0.01346695478 1
0 0.415 -0.385 0.01774524358 2
0 0.415 -0.375 0.02014568783 2
0 0.415 -0.365 0.02201793622 2
0 0.415 -0.355 0.0228682088 2
0 0.415 -0.345 0.02339371514 2
0 0.415 -0.335 0.02395668916 2
0 0.415 -0.325 0.02495303577 2
0 0.415 -0.315 0.02601540791 2
0 0.415 -0.305 0.02632421285 2
0 0.415 -0.295 0.02535100707 2
0 0.415 -0.285 0.0230656792 1
0 0.415 -0.275 0.02033307984 1
0 0.415 -0.265 0.01775647885 1
0 0.415 -0.255 0.01577881692 1
0 0.415 -0.245 0.01440455972 1
0 0.415 -0.235 0.01347658966 1
0 0.415 -0.225 0.01264685393 1
0 0.415 -0.215 0.01177255306 1
0 0.415 -0.205 0.01096399648 1
0 0.415 -0.195 0.0102989378 1
0 0.415 -0.185 0.00973335483 2
0 0.415 -0.175 0.009096034083 2
0 0.415 -0.165 0.008370354647 2
0 0.415 -0.155 0.007650429263 2
0 0.415 -0.145 0.006977555561 2
0 0.415 -0.135 0.006362816208 2
0 0.415 -0.125 0.005825794583 2
0 0.415 -0.115 0.00539475491 2
0 0.415 -0.105 0.005033902427 2
0 0.415 -0.095 0.004714417632 2
0 0.415 -0.085 0.004411903379 2
0 0.415 -0.075 0.0041587361 2
0 0.415 -0.065 0.003962939917 2
0 0.415 -0.055 0.003838587485 2
0 0.415 -0.045 0.003796324872 2
0 0.415 -0.035 0.003850639492 2
0 0.415 -0.025 0.004014478544 2
0 0.415 -0.015 0.004300484491 2
0 0.415 -0.005 0.004709155865 2
0 0.415 0.005 0.005226154625 2
0 0.415 0.015 0.005816035817 2
0 0.415 0.025 0.006422712109 2
0 0.415 0.035 0.006983119939 2
0 0.415 0.045 0.007430729166 2
0 0.415 0.055 0.007715001739 2
0 0.415 0.065 0.007826260781 2
0 0.415 0.075 0.007675520665 2
0 0.415 0.085 0.007416925029 2
0 0.415 0.095 0.007183544616 2
0 0.415 0.105 0.007147145302 2
0 0.415 0.115 0.007165446598 1
0 0.415 0.125 0.007361499707 1
0 0.415 0.135 0.007707525368 1
0 0.415 0.145 0.008333719296 1
0 0.415 0.155 0.009259999491 1
0 0.415 0.165 0.01037571746 1
0 0.415 0.175 0.01164245159 2
0 0.415 0.185 0.01283736657 2
0 0.415 0.195 0.01374824254 2
0 0.415 0.205 0.01426691675 2
0 0.415 0.215 0.01441532486 2
0 0.415 0.225 0.0143882655 2
0 0.415 0.235 0.01437459446 2
0 0.415 0.245 0.01447907364 2
0 0.415 0.255 0.01471503761 2
0 0.415 0.265 0.01510005162 2
0 0.415 0.275 0.01564158591 2
0 0.415 0.285 0.01633325026 2
0 0.415 0.295 0.01715923702 2
0 0.415 0.305 0.01809868677 2
0 0.415 0.315 0.01912956126 2
0 0.415 0.325 0.02023615815 2
0 0.415 0.335 0.0213955334 2
0 0.415 0.345 0.02262219419 2
0 0.415 0.355 0.02382904452 2
0 0.415 0.365 0.02525340338 2
0 0.415 0.375 0.0261424761 2
0 0.415 0.385 0.02879829158 2
0 0.415 0.395 0.02611754664 2
0 0.415 0.405 0.01739047102 2
0 0.415 0.415 0.007081763638 2
0 0.415 0.425 0 2
0 0.415 0.435 0 2
0 0.415 0.445 0 2
0 0.415 0.455 0 2
0 0.415 0.465 0 2
0 0.425 -0.455 0 1
0 0.425 -0.445 0 1
0 0.425 -0.435 0 1
0 0.425 -0.425 0 1
0 0.425 -0.415 0.002954856719 1
0 0.425 -0.405 0.007723207924 1
0 0.425 -0.395 0.0135121359 1
0 0.425 -0.385 0.01766247806 1
0 0.425 -0.375 0.01989262637 2
0 0.425 -0.365 0.02185862217 2
0 0.425 -0.355 0.0230358054 2
0 0.425 -0.345 0.02388585764 2
0 0.425 -0.335 0.02466352394 2
0 0.425 -0.325 0.02595093259 2
0 0.425 -0.315 0.02753533337 2
0 0.425 -0.305 0.02871359485 2
0 0.425 -0.295 0.0286860928 2
0 0.425 -0.285 0.02716414006 2
0 0.425 -0.275 0.02454226216 1
0 0.425 -0.265 0.02169238361 1
0 0.425 -0.255 0.01913130103 1
0 0.425 -0.245 0.01738280801 1
0 0.425 -0.235 0.01625831995 1
0 0.425 -0.225 0.01543837921 1
0 0.425 -0.215 0.01451017497 1
0 0.425 -0.205 0.01372618595 2
0 0.425 -0.195 0.01298426198 2
0 0.425 -0.185 0.01234221991 2
0 0.425 -0.175 0.01160820055 2
0 0.425 -0.165 0.01095557007 2
0 0.425 -0.155 0.01035307148 2
0 0.425 -0.145 0.009801711127 2
0 0.425 -0.135 0.009260009815 2
0 0.425 -0.125 0.008731742985 2
0 0.425 -0.115 0.008261930502 2
0 0.425 -0.105 0.007839146891 2
0 0.425 -0.095 0.007456385038 2
0 0.425 -0.085 0.007108161212 2
0 0.425 -0.075 0.006809828679 2
0 0.425 -0.065 0.006571478681 2
0 0.425 -0.055 0.006407514996 2
0 0.425 -0.045 0.006331195695 2
0 0.425 -0.035 0.00635900091 2
0 0.425 -0.025 0.006508902715 2
0 0.425 -0.015 0.006801033861 2
0 0.425 -0.005 0.007253636567 2
0 0.425 0.005 0.007873412335 2
0 0.425 0.015 0.008633355368 2
0 0.425 0.025 0.009447962627 2
0 0.425 0.035 0.01021362654 2
0 0.425 0.045 0.01078669253 2
0 0.425 0.055 0.011099424 2
0 0.425 0.065 0.01116205194 2
0 0.425 0.075 0.01095543156 2
0 0.425 0.085 0.01068705768 2
0 0.425 0.095 0.01047836845 2
0 0.425 0.105 0.01044207403 2
0 0.425 0.115 0.01060807869 2
0 0.425 0.125 0.01090889635 1
0 0.425 0.135 0.01151615357 1
0 0.425 0.145 0.0123207792 1
0 0.425 0.155 0.01340768235 2
0 0.425 0.165 0.01453155319 2
0 0.425 0.175 0.01569753076 2
0 0.425 0.185 0.01657508404 2
0 0.425 0.195 0.01707821493 2
0 0.425 0.205 0.01718464631 2
0 0.425 0.215 0.01705072199 2
0 0.425 0.225 0.01685932744 2
0 0.425 0.235 0.01670950625 2
0 0.425 0.245 0.01667618654 2
0 0.425 0.255 0.01678327264 2
0 0.425 0.265 0.01707741294 2
0 0.425 0.275 0.01756645272 2
0 0.425 0.285 0.01824104299 2
0 0.425 0.295 0.01907372177 2
0 0.425 0.305 0.02003138778 2
0 0.425 0.315 0.02108168115 2
0 0.425 0.325 0.02220317963 2
0 0.425 0.335 0.02337042478 2
0 0.425 0.345 0.0245987757 2
0 0.425 0.355 0.0257969642 2
0 0.425 0.365 0.02721688655 2
0 0.425 0.375 0.02806391966 2
0 0.425 0.385 0.03077176808 2
0 0.425 0.395 0.02783250125 2
0 0.425 0.405 0.01849274374 2
0 0.425 0.415 0.007525577575 2
0 0.425 0.425 0 2
0 0.425 0.435 0 2
0 0.425 0.445 0 2
0 0.425 0.455 0 2
0 0.425 0.465 0 2
0 0.435 -0.455 0 1
0 0.435 -0.445 0 1
0 0.435 -0.435 0 1
0 0.435 -0.425 0 1
0 0.435 -0.415 0.003527492093 1
0 0.435 -0.405 0.009028466102 1
0 0.435 -0.395 0.01483172576 1
0 0.435 -0.385 0.01840285011 1
0 0.435 -0.375 0.01971117248 1
0 0.435 -0.365 0.02135570526 1
0 0.435 -0.355 0.02241817377 1
0 0.435 -0.345 0.02325865552 1
0 0.435 -0.335 0.02390723178 1
0 0.435 -0.325 0.02513635626 1
0 0.435 -0.315 0.02702569784 1
0 0.435 -0.305 0.02900647042 2
0 0.435 -0.295 0.02985376948 2
0 0.435 -0.285 0.02942554695 2
0 0.435 -0.275 0.02772029297 2
0 0.435 -0.265 0.02548219969 2
0 0.435 -0.255 0.02303561056 1
0 0.435 -0.245 0.02131658837 2
0 0.435 -0.235 0.02014863946 2
0 0.435 -0.225 0.01931988893 2
0 0.435 -0.215 0.01833064051 2
0 0.435 -0.205 0.01731974603 2
0 0.435 -0.195 0.01622871536 2
0 0.435 -0.185 0.01523910456 2
0 0.435 -0.175 0.01438420411 2
0 0.435 -0.165 0.01372711228 2
0 0.435 -0.155 0.01316663659 2
0 0.435 -0.145 0.01266480762 2
0 0.435 -0.135 0.01214433213 2
0 0.435 -0.125 0.01161098405 2
0 0.435 -0.115 0.01109737389 2
0 0.435 -0.105 0.010609702 2
0 0.435 -0.095 0.01015783029 2
0 0.435 -0.085 0.009747987604 2
0 0.435 -0.075 0.009390595219 2
0 0.435 -0.065 0.009097102752 2
0 0.435 -0.055 0.008880821926 2
0 0.435 -0.045 0.008755397874 2
0 0.435 -0.035 0.008738406744 2
0 0.435 -0.025 0.008852083185 2
0 0.435 -0.015 0.009133354617 2
0 0.435 -0.005 0.009621016471 2
0 0.435 0.005 0.01035221807 2
0 0.435 0.015 0.01129244461 2
0 0.435 0.025 0.01233713838 2
0 0.435 0.035 0.01334260733 2
0 0.435 0.045 0.01405749982 2
0 0.435 0.055 0.01442888437 2
0 0.435 0.065 0.01450495635 2
0 0.435 0.075 0.01431283767 2
0 0.435 0.085 0.0141621264 2
0 0.435 0.095 0.01414419422 2
0 0.435 0.105 0.0143552755 2
0 0.435 0.115 0.01483552241 2
0 0.435 0.125 0.01532626198 2
0 0.435 0.135 0.01600537842 2
0 0.435 0.145 0.01684934056 2
0 0.435 0.155 0.01786318898 2
0 0.435 0.165 0.01883633937 2
0 0.435 0.175 0.01963789939 2
0 0.435 0.185 0.02010416599 2
0 0.435 0.195 0.02025004864 2
0 0.435 0.205 0.02009891292 2
0 0.435 0.215 0.01977696007 2
0 0.435 0.225 0.01939185317 2
0 0.435 0.235 0.01900980726 2
0 0.435 0.245 0.01873528963 2
0 0.435 0.255 0.01864228784 2
0 0.435 0.265 0.01882444283 2
0 0.435 0.275 0.01927966373 2
0 0.435 0.285 0.01998172165 2
0 0.435 0.295 0.02086401162 2
0 0.435 0.305 0.02186866131 2
0 0.435 0.315 0.0229617142 2
0 0.435 0.325 0.02411476873 2
0 0.435 0.335 0.02530079934 2
0 0.435 0.345 0.02653786976 2
0 0.435 0.355 0.02773208786 2
0 0.435 0.365 0.02915071355 2
0 0.435 0.375 0.02995837558 2
0 0.435 0.385 0.03271926731 2
0 0.435 0.395 0.02952564433 2
0 0.435 0.405 0.01958134574 2
0 0.435 0.415 0.007963908258 2
0 0.435 0.425 0 2
0 0.435 0.435 0 2
0 0.435 0.445 0 2
0 0.435 0.455 0 2
0 0.435 0.465 0 2
0 0.445 -0.455 0 1
0 0.445 -0.445 0 1
0 0.445 -0.435 0 1
0 0.445 -0.425 0 1
0 0.445 -0.415 0.004568855137 1
0 0.445 -0.405 0.01141367996 1
0 0.445 -0.395 0.01780232037 1
0 0.445 -0.385 0.02079438083 1
0 0.445 -0.375 0.02073638153 1
0 0.445 -0.365 0.02173741255 1
0 0.445 -0.355 0.02222174369 1
0 0.445 -0.345 0.02263008959 1
0 0.445 -0.335 0.02289338815 1
0 0.445 -0.325 0.02360830032 1
0 0.445 -0.315 0.0249404327 1
0 0.445 -0.305 0.02686347705 1
0 0.445 -0.295 0.02845191043 1
0 0.445 -0.285 0.02936190049 2
0 0.445 -0.275 0.02892721685 2
0 0.445 -0.265 0.02778077156 2
0 0.445 -0.255 0.02625899797 2
0 0.445 -0.245 0.02498730217 2
0 0.445 -0.235 0.02393388425 2
0 0.445 -0.225 0.02307935777 2
0 0.445 -0.215 0.02197912332 2
0 0.445 -0.205 0.02071392156 2
0 0.445 -0.195 0.01938773492 2
0 0.445 -0.185 0.01821152451 2
0 0.445 -0.175 0.01730707333 2
0 0.445 -0.165 0.01663816869 2
0 0.445 -0.155 0.01606458712 2
0 0.445 -0.145 0.01554066709 2
0 0.445 -0.135 0.01500041541 2
0 0.445 -0.125 0.0144452231 2
0 0.445 -0.115 0.01388663445 2
0 0.445 -0.105 0.01333676797 2
0 0.445 -0.095 0.01281305346 2
0 0.445 -0.085 0.01232959086 2
0 0.445 -0.075 0.01190112869 2
0 0.445 -0.065 0.0115402058 2
0 0.445 -0.055 0.01125864758 2
0 0.445 -0.045 0.01106841272 2
0 0.445 -0.035 0.01098485195 2
0 0.445 -0.025 0.01103120874 2
0 0.445 -0.015 0.01125517512 2
0 0.445 -0.005 0.01170868277 2
0 0.445 0.005 0.01247709507 2
0 0.445 0.015 0.01349868802 2
0 0.445 0.025 0.01470102436 2
0 0.445 0.035 0.01581912952 2
0 0.445 0.045 0.01660008411 2
0 0.445 0.055 0.01699341545 2
0 0.445 0.065 0.01711752015 2
0 0.445 0.075 0.01703426102 2
0 0.445 0.085 0.01708323068 2
0 0.445 0.095 0.01728531464 2
0 0.445 0.105 0.01774336345 2
0 0.445 0.115 0.01843946043 2
0 0.445 0.125 0.0192073425 2
0 0.445 0.135 0.01997301204 2
0 0.445 0.145 0.02077690811 2
0 0.445 0.155 0.02148920327 2
0 0.445 0.165 0.02217500553 2
0 0.445 0.175 0.02264058507 2
0 0.445 0.185 0.02281572797 2
0 0.445 0.195 0.02276434821 2
0 0.445 0.205 0.02250538114 2
0 0.445 0.215 0.0220922207 2
0 0.445 0.225 0.02159036608 2
0 0.445 0.235 0.02102177942 2
0 0.445 0.245 0.02052665893 2
0 0.445 0.255 0.02022655823 2
0 0.445 0.265 0.02031005124 2
0 0.445 0.275 0.02075803015 2
0 0.445 0.285 0.02153576333 2
0 0.445 0.295 0.02252684075 2
0 0.445 0.305 0.02362306569 2
0 0.445 0.315 0.02478308309 2
0 0.445 0.325 0.0259838129 2
0 0.445 0.335 0.02719792115 2
0 0.445 0.345 0.0284485987 2
0 0.445 0.355 0.02964169609 2
0 0.445 0.365 0.03106083321 2
0 0.445 0.375 0.03183085798 2
0 0.445 0.385 0.03464582584 2
0 0.445 0.395 0.0312012812 2
0 0.445 0.405 0.02065928679 2
0 0.445 0.415 0.008397870687 2
0 0.445 0.425 0 2
0 0.445 0.435 0 2
0 0.445 0.445 0 2
0 0.445 0.455 0 2
0 0.445 0.465 0 2
0 0.455 -0.455 0 1
0 0.455 -0.445 0 1
0 0.455 -0.435 0 1
0 0.455 -0.425 0 1
0 0.455 -0.415 0.005943099495 1
0 0.455 -0.405 0.01470678099 1
0 0.455 -0.395 0.02227235944 1
0 0.455 -0.385 0.02491929008 1
0 0.455 -0.375 0.0232184279 1
0 0.455 -0.365 0.02313906405 1
0 0.455 -0.355 0.02270418358 1
0 0.455 -0.345 0.02244358932 1
0 0.455 -0.335 0.02221512774 1
0 0.455 -0.325 0.02228307117 1
0 0.455 -0.315 0.02284410006 1
0 0.455 -0.305 0.02400378312 1
0 0.455 -0.295 0.02553443776 1
0 0.455 -0.285 0.0271406562 1
0 0.455 -0.275 0.0280801302 2
0 0.455 -0.265 0.02816864919 2
0 0.455 -0.255 0.02765095272 2
0 0.455 -0.245 0.02691789991 2
0 0.455 -0.235 0.02627549535 2
0 0.455 -0.225 0.02567199372 2
0 0.455 -0.215 0.02469051247 2
0 0.455 -0.205 0.0235272173 2
0 0.455 -0.195 0.02224330073 2
0 0.455 -0.185 0.02108304703 2
0 0.455 -0.175 0.02018440434 2
0 0.455 -0.165 0.01953317571 2
0 0.455 -0.155 0.01897643232 2
0 0.455 -0.145 0.01844421007 2
0 0.455 -0.135 0.01788662323 2
0 0.455 -0.125 0.01729139188 2
0 0.455 -0.115 0.01666837636 2
0 0.455 -0.105 0.01603527281 2
0 0.455 -0.095 0.01542102214 2
0 0.455 -0.085 0.0148478048 2
0 0.455 -0.075 0.01433554563 2
0 0.455 -0.065 0.01389657953 2
0 0.455 -0.055 0.01353957447 2
0 0.455 -0.045 0.01327166833 2
0 0.455 -0.035 0.01310099842 2
0 0.455 -0.025 0.01304660339 2
0 0.455 -0.015 0.0131452627 2
0 0.455 -0.005 0.01346108259 2
0 0.455 0.005 0.01413026102 2
0 0.455 0.015 0.01498896818 2
0 0.455 0.025 0.01610129632 2
0 0.455 0.035 0.01693183108 2
0 0.455 0.045 0.01755104081 2
0 0.455 0.055 0.01788166638 2
0 0.455 0.065 0.01813786294 2
0 0.455 0.075 0.01838342076 2
0 0.455 0.085 0.01871869087 2
0 0.455 0.095 0.01915534215 2
0 0.455 0.105 0.0197484556 2
0 0.455 0.115 0.02049748609 2
0 0.455 0.125 0.02134185595 2
0 0.455 0.135 0.02213002461 2
0 0.455 0.145 0.0229031706 2
0 0.455 0.155 0.02341820971 2
0 0.455 0.165 0.02384427676 2
0 0.455 0.175 0.02412815887 2
0 0.455 0.185 0.02420513064 2
0 0.455 0.195 0.02412223126 2
0 0.455 0.205 0.02385072181 2
0 0.455 0.215 0.02344117261 2
0 0.455 0.225 0.02292385085 2
0 0.455 0.235 0.02232874477 2
0 0.455 0.245 0.02183353522 2
0 0.455 0.255 0.02149183263 2
0 0.455 0.265 0.0215421162 2
0 0.455 0.275 0.02202891086 2
0 0.455 0.285 0.02292591019 2
0 0.455 0.295 0.02407072022 2
0 0.455 0.305 0.02531107476 2
0 0.455 0.315 0.02657052995 2
0 0.455 0.325 0.0278297182 2
0 0.455 0.335 0.02907654355 2
0 0.455 0.345 0.03034182122 2
0 0.455 0.355 0.03153376998 2
0 0.455 0.365 0.03295334833 2
0 0.455 0.375 0.03368626799 2
0 0.455 0.385 0.03655630633 2
0 0.455 0.395 0.03286355185 2
0 0.455 0.405 0.02172951635 2
0 0.455 0.415 0.008828539407 2
0 0.455 0.425 0 2
0 0.455 0.435 0 2
0 0.455 0.445 0 2
0 0.455 0.455 0 2
0 0.455 0.465 0 2
0 0.465 -0.455 0 1
0 0.465 -0.445 0 1
0 0.465 -0.435 0 1
0 0.465 -0.425 0 1
0 0.465 -0.415 0.007387070627 1
0 0.465 -0.405 0.01824300633 1
0 0.465 -0.395 0.02737495583 1
0 0.465 -0.385 0.03020787545 1
0 0.465 -0.375 0.02713370711 1
0 0.465 -0.365 0.02584476399 1
0 0.465 -0.355 0.02419503834 1
0 0.465 -0.345 0.02306560606 1
0 0.465 -0.335 0.02225635786 1
0 0.465 -0.325 0.02159831286 1
0 0.465 -0.315 0.02119107104 1
0 0.465 -0.305 0.02126938242 1
0 0.465 -0.295 0.02234098264 1
0 0.465 -0.285 0.02401472108 1
0 0.465 -0.275 0.02578676934 2
0 0.465 -0.265 0.02668758571 2
0 0.465 -0.255 0.02677584574 2
0 0.465 -0.245 0.0265168695 2
0 0.465 -0.235 0.02636648748 2
0 0.465 -0.225 0.02630214429 2
0 0.465 -0.215 0.02600909422 2
0 0.465 -0.205 0.02544971015 2
0 0.465 -0.195 0.02457579212 2
0 0.465 -0.185 0.02361612728 2
0 0.465 -0.175 0.02285212081 2
0 0.465 -0.165 0.02228908623 2
0 0.465 -0.155 0.02181916805 2
0 0.465 -0.145 0.0213290043 2
0 0.465 -0.135 0.02077752993 2
0 0.465 -0.125 0.02013708853 2
0 0.465 -0.115 0.01943737762 2
0 0.465 -0.105 0.0187011436 2
0 0.465 -0.095 0.0179777721 2
0 0.465 -0.085 0.01729719177 2
0 0.465 -0.075 0.01668813202 2
0 0.465 -0.065 0.01616288998 2
0 0.465 -0.055 0.01572536568 2
0 0.465 -0.045 0.01537369544 2
0 0.465 -0.035 0.01510279519 2
0 0.465 -0.025 0.01492153688 2
0 0.465 -0.015 0.014829621 2
0 0.465 -0.005 0.01489925477 2
0 0.465 0.005 0.01523444077 2
0 0.465 0.015 0.01565000291 2
0 0.465 0.025 0.01639166044 2
0 0.465 0.035 0.0167430943 1
0 0.465 0.045 0.01712296725 1
0 0.465 0.055 0.01727097548 1
0 0.465 0.065 0.01744028502 1
0 0.465 0.075 0.01788806544 2
0 0.465 0.085 0.01836450653 2
0 0.465 0.095 0.01896164192 2
0 0.465 0.105 0.01957713001 2
0 0.465 0.115 0.02027301307 2
0 0.465 0.125 0.02102674617 2
0 0.465 0.135 0.02181444931 2
0 0.465 0.145 0.02263765171 2
0 0.465 0.155 0.02324527994 2
0 0.465 0.165 0.02358668397 2
0 0.465 0.175 0.0237075804 2
0 0.465 0.185 0.02367609293 2
0 0.465 0.195 0.02356457915 2
0 0.465 0.205 0.02336816073 2
0 0.465 0.215 0.0230880314 2
0 0.465 0.225 0.02272865188 2
0 0.465 0.235 0.02234706388 2
0 0.465 0.245 0.02214439141 2
0 0.465 0.255 0.02217084889 2
0 0.465 0.265 0.02248258494 2
0 0.465 0.275 0.02316959223 2
0 0.465 0.285 0.02424372778 2
0 0.465 0.295 0.02556863206 2
0 0.465 0.305 0.02698131851 2
0 0.465 0.315 0.02836099863 2
0 0.465 0.325 0.02967817751 2
0 0.465 0.335 0.03095380982 2
0 0.465 0.345 0.03222901721 2
0 0.465 0.355 0.03341604714 2
0 0.465 0.365 0.03483373019 2
0 0.465 0.375 0.03552871993 2
0 0.465 0.385 0.0384546907 2
0 0.465 0.395 0.03451581172 2
0 0.465 0.405 0.02279447975 2
0 0.465 0.415 0.009256784309 2
0 0.465 0.425 0 2
0 0.465 0.435 0 2
0 0.465 0.445 0 2
0 0.465 0.455 0 2
0 0.465 0.465 0 2
0 0.475 -0.455 0 1
0 0.475 -0.445 0 1
0 0.475 -0.435 0 1
0 0.475 -0.425 0 1
0 0.475 -0.415 0.008615129691 1
0 0.475 -0.405 0.02135099782 1
0 0.475 -0.395 0.03194258336 1
0 0.475 -0.385 0.03523536275 1
0 0.475 -0.375 0.03136658502 1
0 0.475 -0.365 0.029270261 1
0 0.475 -0.355 0.02640058546 1
0 0.475 -0.345 0.02422316449 1
0 0.475 -0.335 0.02271178434 1
0 0.475 -0.325 0.02157356316 1
0 0.475 -0.315 0.02053385522 1
0 0.475 -0.305 0.01972197152 1
0 0.475 -0.295 0.02007525424 1
0 0.475 -0.285 0.02138378789 1
0 0.475 -0.275 0.02314912391 2
0 0.475 -0.265 0.02406756603 2
0 0.475 -0.255 0.02425823719 1
0 0.475 -0.245 0.02445317378 1
0 0.475 -0.235 0.02491977283 1
0 0.475 -0.225 0.02551766696 1
0 0.475 -0.215 0.02623139058 2
0 0.475 -0.205 0.02641341697 2
0 0.475 -0.195 0.02630647687 2
0 0.475 -0.185 0.02585420379 2
0 0.475 -0.175 0.02546617429 2
0 0.475 -0.165 0.02515459373 2
0 0.475 -0.155 0.02487423869 2
0 0.475 -0.145 0.02445528643 2
0 0.475 -0.135 0.02389061062 2
0 0.475 -0.125 0.02313193198 2
0 0.475 -0.115 0.02227539002 2
0 0.475 -0.105 0.02135017874 2
0 0.475 -0.095 0.02046571575 2
0 0.475 -0.085 0.01965334619 2
0 0.475 -0.075 0.01894330887 2
0 0.475 -0.065 0.01833261961 2
0 0.475 -0.055 0.01781897326 2
0 0.475 -0.045 0.01738850853 2
0 0.475 -0.035 0.01701746457 2
0 0.475 -0.025 0.01670008349 2
0 0.475 -0.015 0.01637666182 2
0 0.475 -0.005 0.0161375314 2
0 0.475 0.005 0.01608667754 2
0 0.475 0.015 0.01617480036 2
0 0.475 0.025 0.01643925732 1
0 0.475 0.035 0.01640531055 1
0 0.475 0.045 0.01637347508 1
0 0.475 0.055 0.01626661945 1
0 0.475 0.065 0.01629208713 1
0 0.475 0.075 0.01663515925 1
0 0.475 0.085 0.01695659782 1
0 0.475 0.095 0.01737467883 1
0 0.475 0.105 0.01781533468 1
0 0.475 0.115 0.0183817326 1
0 0.475 0.125 0.01905229794 1
0 0.475 0.135 0.01981070951 1
0 0.475 0.145 0.02052915316 1
0 0.475 0.155 0.02124552524 2
0 0.475 0.165 0.02169058725 2
0 0.475 0.175 0.02177451458 1
0 0.475 0.185 0.02170701802 1
0 0.475 0.195 0.02156229345 1
0 0.475 0.205 0.02148235441 1
0 0.475 0.215 0.02140963749 1
0 0.475 0.225 0.02134172619 1
0 0.475 0.235 0.02125855882 1
0 0.475 0.245 0.02137349961 1
0 0.475 0.255 0.02201686269 2
0 0.475 0.265 0.02301333243 2
0 0.475 0.275 0.02422761714 2
0 0.475 0.285 0.02562977156 2
0 0.475 0.295 0.02713970063 2
0 0.475 0.305 0.02871262833 2
0 0.475 0.315 0.03019921565 2
0 0.475 0.325 0.03155733273 2
0 0.475 0.335 0.03284647099 2
0 0.475 0.345 0.03412037219 2
0 0.475 0.355 0.03529471234 2
0 0.475 0.365 0.03670586585 2
0 0.475 0.375 0.03736079499 2
0 0.475 0.385 0.04034332496 2
0 0.475 0.395 0.03615997839 2
0 0.475 0.405 0.02385564124 2
0 0.475 0.415 0.009683097862 2
0 0.475 0.425 0 2
0 0.475 0.435 0 2
0 0.475 0.445 0 2
0 0.475 0.455 0 2
0 0.475 0.465 0 2
0 0.485 -0.455 0 1
0 0.485 -0.445 0 1
0 0.485 -0.435 0 1
0 0.485 -0.425 0 1
0 0.485 -0.415 0.009614221434 1
0 0.485 -0.405 0.02394870403 1
0 0.485 -0.395 0.03576775299 1
0 0.485 -0.385 0.03960569771 1
0 0.485 -0.375 0.03540502324 1
0 0.485 -0.365 0.03295869136 1
0 0.485 -0.355 0.02927147523 1
0 0.485 -0.345 0.02636220316 1
0 0.485 -0.335 0.0242624879 1
0 0.485 -0.325 0.02265454382 1
0 0.485 -0.315 0.02108763083 1
0 0.485 -0.305 0.0197892993 1
0 0.485 -0.295 0.01952414615 1
0 0.485 -0.285 0.02018796092 1
0 0.485 -0.275 0.02127166588 2
0 0.485 -0.265 0.02184390025 1
0 0.485 -0.255 0.0221425507 1
0 0.485 -0.245 0.02255073656 1
0 0.485 -0.235 0.02325093551 1
0 0.485 -0.225 0.02415730506 1
0 0.485 -0.215 0.02551319904 2
0 0.485 -0.205 0.02634992965 2
0 0.485 -0.195 0.02707423612 2
0 0.485 -0.185 0.02732343866 2
0 0.485 -0.175 0.0274305461 2
0 0.485 -0.165 0.02746983877 2
0 0.485 -0.155 0.02745991302 2
0 0.485 -0.145 0.02723420503 2
0 0.485 -0.135 0.02680166002 2
0 0.485 -0.125 0.02600980294 2
0 0.485 -0.115 0.02507534281 2
0 0.485 -0.105 0.02397217784 2
0 0.485 -0.095 0.02290253054 2
0 0.485 -0.085 0.02191212452 2
0 0.485 -0.075 0.0210769987 2
0 0.485 -0.065 0.02038882413 2
0 0.485 -0.055 0.01982208246 2
0 0.485 -0.045 0.01933529166 2
0 0.485 -0.035 0.01888301113 2
0 0.485 -0.025 0.0184457682 2
0 0.485 -0.015 0.01791439926 2
0 0.485 -0.005 0.01743404845 2
0 0.485 0.005 0.01708454112 2
0 0.485 0.015 0.01694021083 2
0 0.485 0.025 0.01683512553 1
0 0.485 0.035 0.01677165233 1
0 0.485 0.045 0.01654662582 1
0 0.485 0.055 0.01624870461 1
0 0.485 0.065 0.01599223198 1
0 0.485 0.075 0.01588424533 1
0 0.485 0.085 0.0159056284 1
0 0.485 0.095 0.01605116963 1
0 0.485 0.105 0.01630459989 1
0 0.485 0.115 0.01672536686 1
0 0.485 0.125 0.0172592714 1
0 0.485 0.135 0.01787822771 1
0 0.485 0.145 0.01851827612 1
0 0.485 0.155 0.01922328796 1
0 0.485 0.165 0.01963756525 1
0 0.485 0.175 0.01971005958 1
0 0.485 0.185 0.01972333851 1
0 0.485 0.195 0.01975174598 1
0 0.485 0.205 0.01988181741 1
0 0.485 0.215 0.0200233656 1
0 0.485 0.225 0.02020483369 1
0 0.485 0.235 0.02037177186 1
0 0.485 0.245 0.02073217982 1
0 0.485 0.255 0.02175567291 1
0 0.485 0.265 0.02342216529 2
0 0.485 0.275 0.02531953763 2
0 0.485 0.285 0.02718526249 2
0 0.485 0.295 0.02890800141 2
0 0.485 0.305 0.03059268004 2
0 0.485 0.315 0.03212929986 2
0 0.485 0.325 0.03349129633 2
0 0.485 0.335 0.03476701205 2
0 0.485 0.345 0.03602242661 2
0 0.485 0.355 0.03717296296 2
0 0.485 0.365 0.03857110867 2
0 0.485 0.375 0.03918284947 2
0 0.485 0.385 0.0422222398 2
0 0.485 0.395 0.0377959497 2
0 0.485 0.405 0.02491305202 2
0 0.485 0.415 0.01010744161 2
0 0.485 0.425 0 2
0 0.485 0.435 0 2
0 0.485 0.445 0 2
0 0.485 0.455 0 2
0 0.485 0.465 0 2
0 0.495 -0.455 0 2
0 0.495 -0.445 0 2
0 0.495 -0.435 0 1
0 0.495 -0.425 0 1
0 0.495 -0.415 0.01048577844 1
0 0.495 -0.405 0.02613819889 1
0 0.495 -0.395 0.03923418549 1
0 0.495 -0.385 0.04384697464 2
0 0.495 -0.375 0.03958339176 2
0 0.495 -0.365 0.03704729725 2
0 0.495 -0.355 0.0329195378 1
0 0.495 -0.345 0.02961496753 1
0 0.495 -0.335 0.02711539776 1
0 0.495 -0.325 0.02506818893 1
0 0.495 -0.315 0.02305134527 1
0 0.495 -0.305 0.02142714999 1
0 0.495 -0.295 0.02057276849 1
0 0.495 -0.285 0.02042663618 2
0 0.495 -0.275 0.02060527323 1
0 0.495 -0.265 0.02086491829 1
0 0.495 -0.255 0.02127398956 1
0 0.495 -0.245 0.02161163306 1
0 0.495 -0.235 0.02206176945 1
0 0.495 -0.225 0.02288167821 1
0 0.495 -0.215 0.02418170555 1
0 0.495 -0.205 0.02557148271 2
0 0.495 -0.195 0.02674739591 2
0 0.495 -0.185 0.02752335135 2
0 0.495 -0.175 0.02804831395 2
0 0.495 -0.165 0.02843658126 2
0 0.495 -0.155 0.02870615528 2
0 0.495 -0.145 0.02877476753 2
0 0.495 -0.135 0.02867461563 2
0 0.495 -0.125 0.02814489564 2
0 0.495 -0.115 0.02740395736 2
0 0.495 -0.105 0.02627778546 2
0 0.495 -0.095 0.02510746678 2
0 0.495 -0.085 0.02399793609 2
0 0.495 -0.075 0.02305825032 2
0 0.495 -0.065 0.02232145672 2
0 0.495 -0.055 0.02173728557 2
0 0.495 -0.045 0.02123727309 2
0 0.495 -0.035 0.02074150426 2
0 0.495 -0.025 0.02022075156 2
0 0.495 -0.015 0.01953235293 2
0 0.495 -0.005 0.01888969934 2
0 0.495 0.005 0.01837579616 2
0 0.495 0.015 0.01815589979 2
0 0.495 0.025 0.0180565908 1
0 0.495 0.035 0.01803245281 1
0 0.495 0.045 0.01778185768 1
0 0.495 0.055 0.01736770585 1
0 0.495 0.065 0.01683886723 1
0 0.495 0.075 0.01635925619 1
0 0.495 0.085 0.0160174472 1
0 0.495 0.095 0.01583931774 1
0 0.495 0.105 0.01589100138 1
0 0.495 0.115 0.01616230231 1
0 0.495 0.125 0.01658756271 1
0 0.495 0.135 0.01708099188 1
0 0.495 0.145 0.01760105832 1
0 0.495 0.155 0.01808923552 1
0 0.495 0.165 0.01849388363 1
0 0.495 0.175 0.01878586659 1
0 0.495 0.185 0.01896570715 1
0 0.495 0.195 0.01916993383 1
0 0.495 0.205 0.01942702425 1
0 0.495 0.215 0.01970246696 1
0 0.495 0.225 0.02002055055 1
0 0.495 0.235 0.02031690902 1
0 0.495 0.245 0.02078635489 1
0 0.495 0.255 0.02196596445 1
0 0.495 0.265 0.02406453768 1
0 0.495 0.275 0.0266707486 2
0 0.495 0.285 0.02905352614 2
0 0.495 0.295 0.03102008295 2
0 0.495 0.305 0.03270146645 2
0 0.495 0.315 0.03417963805 2
0 0.495 0.325 0.03549226661 2
0 0.495 0.335 0.03671974767 2
0 0.495 0.345 0.03793592464 2
0 0.495 0.355 0.03904980916 2
0 0.495 0.365 0.04042755255 2
0 0.495 0.375 0.04099252421 2
0 0.495 0.385 0.04408868539 2
0 0.495 0.395 0.03942120982 2
0 0.495 0.405 0.02596505197 2
0 0.495 0.415 0.01052914252 2
0 0.495 0.425 0 2
0 0.495 0.435 0 2
0 0.495 0.445 0 2
0 0.495 0.455 0 2
0 0.495 0.465 0 2
0 0.505 -0.455 0 2
0 0.505 -0.445 0 2
0 0.505 -0.435 0 2
0 0.505 -0.425 0 1
0 0.505 -0.415 0.01126449032 1
0 0.505 -0.405 0.0280807298 1
0 0.505 -0.395 0.0423264414 1
0 0.505 -0.385 0.04735282023 2
0 0.505 -0.375 0.04287078038 2
0 0.505 -0.365 0.04057579497 2
0 0.505 -0.355 0.03694919176 2
0 0.505 -0.345 0.03399251752 2
0 0.505 -0.335 0.03133043348 2
0 0.505 -0.325 0.02889626161 2
0 0.505 -0.315 0.02654999389 2
0 0.505 -0.305 0.02452829907 2
0 0.505 -0.295 0.02294137272 2
0 0.505 -0.285 0.02178003686 1
0 0.505 -0.275 0.02123654617 1
0 0.505 -0.265 0.0213813764 1
0 0.505 -0.255 0.02182921431 1
0 0.505 -0.245 0.02196749303 1
0 0.505 -0.235 0.02187818298 1
0 0.505 -0.225 0.02225219463 1
0 0.505 -0.215 0.02290183395 1
0 0.505 -0.205 0.02428839254 2
0 0.505 -0.195 0.02520482261 2
0 0.505 -0.185 0.02602402824 2
0 0.505 -0.175 0.02664557031 2
0 0.505 -0.165 0.0272150725 2
0 0.505 -0.155 0.02766638165 2
0 0.505 -0.145 0.02811657688 2
0 0.505 -0.135 0.02854767153 2
0 0.505 -0.125 0.02871093397 2
0 0.505 -0.115 0.02850885858 2
0 0.505 -0.105 0.02776597868 2
0 0.505 -0.095 0.02671490159 2
0 0.505 -0.085 0.02568706252 2
0 0.505 -0.075 0.02477050769 2
0 0.505 -0.065 0.02409796598 2
0 0.505 -0.055 0.02357477996 2
0 0.505 -0.045 0.02312371162 2
0 0.505 -0.035 0.0226388426 2
0 0.505 -0.025 0.02208679463 2
0 0.505 -0.015 0.02130477057 2
0 0.505 -0.005 0.02054811159 2
0 0.505 0.005 0.01994256471 2
0 0.505 0.015 0.01967482756 2
0 0.505 0.025 0.01960648076 1
0 0.505 0.035 0.01958009573 1
0 0.505 0.045 0.01933559782 1
0 0.505 0.055 0.01890000756 1
0 0.505 0.065 0.0182676762 1
0 0.505 0.075 0.0176284797 1
0 0.505 0.085 0.01703367256 1
0 0.505 0.095 0.0165761048 1
0 0.505 0.105 0.01642208551 1
0 0.505 0.115 0.01658538922 1
0 0.505 0.125 0.01700160434 1
0 0.505 0.135 0.01752446345 1
0 0.505 0.145 0.01801557699 1
0 0.505 0.155 0.0184219936 1
0 0.505 0.165 0.01879096167 1
0 0.505 0.175 0.01918303421 1
0 0.505 0.185 0.01953996227 1
0 0.505 0.195 0.01987069242 1
0 0.505 0.205 0.02014304225 1
0 0.505 0.215 0.0204135326 1
0 0.505 0.225 0.02074552861 1
0 0.505 0.235 0.02113647794 1
0 0.505 0.245 0.02174525629 1
0 0.505 0.255 0.02314243728 1
0 0.505 0.265 0.02546738966 1
0 0.505 0.275 0.02863677536 2
0 0.505 0.285 0.03140053385 2
0 0.505 0.295 0.03352465541 2
0 0.505 0.305 0.03504932475 2
0 0.505 0.315 0.03634506653 2
0 0.505 0.325 0.03755276344 2
0 0.505 0.335 0.03869759872 2
0 0.505 0.345 0.03985441585 2
0 0.505 0.355 0.04091943293 2
0 0.505 0.365 0.04226972008 2
0 0.505 0.375 0.04278457699 2
0 0.505 0.385 0.04593699386 2
0 0.505 0.395 0.04103071902 2
0 0.505 0.405 0.02700818071 2
0 0.505 0.415 0.01094686449 2
0 0.505 0.425 0 2
0 0.505 0.435 0 2
0 0.505 0.445 0 2
0 0.505 0.455 0 2
0 0.505 0.465 0 2
0 0.515 -0.455 0 2
0 0.515 -0.445 0 2
0 0.515 -0.435 0 2
0 0.515 -0.425 0 2
0 0.515 -0.415 0.01190897257 2
0 0.515 -0.405 0.02971001333 2
0 0.515 -0.395 0.0446592476 2
0 0.515 -0.385 0.04971685349 2
0 0.515 -0.375 0.04525894728 2
0 0.515 -0.365 0.04356086951 2
0 0.515 -0.355 0.04060572655 2
0 0.515 -0.345 0.03802919096 2
0 0.515 -0.335 0.03542959434 2
0 0.515 -0.325 0.03292541104 2
0 0.515 -0.315 0.03049089549 2
0 0.515 -0.305 0.02801551575 2
0 0.515 -0.295 0.02568982255 2
0 0.515 -0.285 0.02373527706 1
0 0.515 -0.275 0.02285960201 1
0 0.515 -0.265 0.02278731807 1
0 0.515 -0.255 0.02299079282 1
0 0.515 -0.245 0.02278119632 1
0 0.515 -0.235 0.02223711542 1
0 0.515 -0.225 0.02206646775 1
0 0.515 -0.215 0.02204423536 1
0 0.515 -0.205 0.02268910601 2
0 0.515 -0.195 0.02288298406 1
0 0.515 -0.185 0.02338256532 1
0 0.515 -0.175 0.02387092576 1
0 0.515 -0.165 0.0244045657 1
0 0.515 -0.155 0.02492086646 1
0 0.515 -0.145 0.02566818671 1
0 0.515 -0.135 0.0265042622 1
0 0.515 -0.125 0.02742889279 2
0 0.515 -0.115 0.02784437664 2
0 0.515 -0.105 0.02794800612 2
0 0.515 -0.095 0.02739177882 2
0 0.515 -0.085 0.02682175426 2
0 0.515 -0.075 0.02615881393 2
0 0.515 -0.065 0.02571475922 2
0 0.515 -0.055 0.02536446743 2
0 0.515 -0.045 0.02503253438 2
0 0.515 -0.035 0.02461981042 2
0 0.515 -0.025 0.02409506926 2
0 0.515 -0.015 0.02329495418 2
0 0.515 -0.005 0.02246899121 2
0 0.515 0.005 0.02172501374 2
0 0.515 0.015 0.02133276166 2
0 0.515 0.025 0.02108504793 1
0 0.515 0.035 0.0210911642 1
0 0.515 0.045 0.0208586155 1
0 0.515 0.055 0.02048677238 1
0 0.515 0.065 0.01984940769 1
0 0.515 0.075 0.01911485013 1
0 0.515 0.085 0.0183566537 1
0 0.515 0.095 0.01763123557 1
0 0.515 0.105 0.01730057108 1
0 0.515 0.115 0.01736885264 1
0 0.515 0.125 0.01780265559 1
0 0.515 0.135 0.01848725131 1
0 0.515 0.145 0.01908863896 1
0 0.515 0.155 0.01963933695 1
0 0.515 0.165 0.02005629112 1
0 0.515 0.175 0.02043314743 1
0 0.515 0.185 0.02075252005 1
0 0.515 0.195 0.0210163291 1
0 0.515 0.205 0.02121861721 1
0 0.515 0.215 0.02143069948 1
0 0.515 0.225 0.02175000274 1
0 0.515 0.235 0.02229147477 1
0 0.515 0.245 0.02333160536 1
0 0.515 0.255 0.02526083857 1
0 0.515 0.265 0.02801837668 1
0 0.515 0.275 0.0314625208 2
0 0.515 0.285 0.03428912823 2
0 0.515 0.295 0.03631828588 2
0 0.515 0.305 0.03756217405 2
0 0.515 0.315 0.03858647066 2
0 0.515 0.325 0.03964570684 2
0 0.515 0.335 0.04068230393 2
0 0.515 0.345 0.04176456869 2
0 0.515 0.355 0.04277147512 2
0 0.515 0.365 0.04408882049 2
0 0.515 0.375 0.04455111328 2
0 0.515 0.385 0.04775882789 2
0 0.515 0.395 0.04261713335 2
0 0.515 0.405 0.02803733566 2
0 0.515 0.415 0.01135866689 2
0 0.515 0.425 0 2
0 0.515 0.435 0 2
0 0.515 0.445 0 2
0 0.515 0.455 0 2
0 0.515 0.465 0 2
0 0.525 -0.455 0 2
0 0.525 -0.445 0 2
0 0.525 -0.435 0 2
0 0.525 -0.425 0 2
0 0.525 -0.415 0.01229803124 2
0 0.525 -0.405 0.03055682214 2
0 0.525 -0.395 0.04586751346 2
0 0.525 -0.385 0.05106381564 2
0 0.525 -0.375 0.04684584492 2
0 0.525 -0.365 0.04574514645 2
0 0.525 -0.355 0.04344354521 2
0 0.525 -0.345 0.04130166496 2
0 0.525 -0.335 0.03891562158 2
0 0.525 -0.325 0.03655299971 2
0 0.525 -0.315 0.03412966093 2
0 0.525 -0.305 0.03127271247 2
0 0.525 -0.295 0.02825453366 2
0 0.525 -0.285 0.02579791983 1
0 0.525 -0.275 0.02465312561 1
0 0.525 -0.265 0.02438027839 1
0 0.525 -0.255 0.02427540314 1
0 0.525 -0.245 0.02375158655 1
0 0.525 -0.235 0.0230806302 1
0 0.525 -0.225 0.02246514135 1
0 0.525 -0.215 0.02203521251 2
0 0.525 -0.205 0.02166366318 1
0 0.525 -0.195 0.02132969722 1
0 0.525 -0.185 0.02136334414 1
0 0.525 -0.175 0.02170227544 1
0 0.525 -0.165 0.02211834823 1
0 0.525 -0.155 0.02251606986 1
0 0.525 -0.145 0.02316571045 1
0 0.525 -0.135 0.02407999855 1
0 0.525 -0.125 0.02534880386 1
0 0.525 -0.115 0.02619711154 1
0 0.525 -0.105 0.02702970523 2
0 0.525 -0.095 0.02715034573 2
0 0.525 -0.085 0.02734886631 2
0 0.525 -0.075 0.02727634372 2
0 0.525 -0.065 0.02723068405 2
0 0.525 -0.055 0.02716409123 2
0 0.525 -0.045 0.02701089254 2
0 0.525 -0.035 0.02672490034 2
0 0.525 -0.025 0.02628621331 2
0 0.525 -0.015 0.02555556408 2
0 0.525 -0.005 0.02471197561 2
0 0.525 0.005 0.02385576936 2
0 0.525 0.015 0.02329151343 2
0 0.525 0.025 0.02277821195 1
0 0.525 0.035 0.02273910696 1
0 0.525 0.045 0.02249605481 1
0 0.525 0.055 0.02218504637 1
0 0.525 0.065 0.02161221423 1
0 0.525 0.075 0.0209304205 1
0 0.525 0.085 0.02024116457 1
0 0.525 0.095 0.01954408228 1
0 0.525 0.105 0.01926581274 1
0 0.525 0.115 0.01929072892 1
0 0.525 0.125 0.01959539739 1
0 0.525 0.135 0.02012438089 1
0 0.525 0.145 0.02057145873 1
0 0.525 0.155 0.02105378492 1
0 0.525 0.165 0.02137252368 1
0 0.525 0.175 0.02165324657 1
0 0.525 0.185 0.02187838816 1
0 0.525 0.195 0.02208318859 1
0 0.525 0.205 0.02229595373 1
0 0.525 0.215 0.02269322121 1
0 0.525 0.225 0.02333765427 1
0 0.525 0.235 0.0244200642 1
0 0.525 0.245 0.02612627308 1
0 0.525 0.255 0.02856159631 1
0 0.525 0.265 0.03170952044 1
0 0.525 0.275 0.03500312643 2
0 0.525 0.285 0.03759427954 2
0 0.525 0.295 0.03921449103 2
0 0.525 0.305 0.04009586643 2
0 0.525 0.315 0.04083339476 2
0 0.525 0.325 0.0417282746 2
0 0.525 0.335 0.04264712685 2
0 0.525 0.345 0.04364789463 2
0 0.525 0.355 0.04459215209 2
0 0.525 0.365 0.04587353069 2
0 0.525 0.375 0.04628218402 2
0 0.525 0.385 0.04954378514 2
0 0.525 0.395 0.044171328 2
0 0.525 0.405 0.02904615889 2
0 0.525 0.415 0.01176214313 2
0 0.525 0.425 0 2
0 0.525 0.435 0 2
0 0.525 0.445 0 2
0 0.525 0.455 0 2
0 0.525 0.465 0 2
0 0.535 -0.455 0 2
0 0.535 -0.445 0 2
0 0.535 -0.435 0 2
0 0.535 -0.425 0 2
0 0.535 -0.415 0.01258736728 2
0 0.535 -0.405 0.03115794596 2
0 0.535 -0.395 0.04687431222 2
0 0.535 -0.385 0.0522625488 2
0 0.535 -0.375 0.04821652302 2
0 0.535 -0.365 0.04741428943 2
0 0.535 -0.355 0.04549198245 2
0 0.535 -0.345 0.04373552029 2
0 0.535 -0.335 0.04173576955 2
0 0.535 -0.325 0.03971469636 2
0 0.535 -0.315 0.0372756876 2
0 0.535 -0.305 0.03416501214 2
0 0.535 -0.295 0.03055420346 1
0 0.535 -0.285 0.0278531779 1
0 0.535 -0.275 0.02644280117 1
0 0.535 -0.265 0.0260439984 1
0 0.535 -0.255 0.025687415 1
0 0.535 -0.245 0.02501479139 1
0 0.535 -0.235 0.02438142958 1
0 0.535 -0.225 0.02357271446 1
0 0.535 -0.215 0.02295302148 2
0 0.535 -0.205 0.02173363645 1
0 0.535 -0.195 0.02111674683 1
0 0.535 -0.185 0.02081040121 1
0 0.535 -0.175 0.02105562065 1
0 0.535 -0.165 0.02134633978 1
0 0.535 -0.155 0.02167435113 1
0 0.535 -0.145 0.02211905175 1
0 0.535 -0.135 0.02279022045 1
0 0.535 -0.125 0.02369121674 1
0 0.535 -0.115 0.02474247247 1
0 0.535 -0.105 0.02594210112 1
0 0.535 -0.095 0.02686451218 2
0 0.535 -0.085 0.02767555 2
0 0.535 -0.075 0.02829839726 2
0 0.535 -0.065 0.0287642056 2
0 0.535 -0.055 0.02905549223 2
0 0.535 -0.045 0.02910918154 2
0 0.535 -0.035 0.02898324926 2
0 0.535 -0.025 0.02867797653 2
0 0.535 -0.015 0.02810463218 2
0 0.535 -0.005 0.02734926415 2
0 0.535 0.005 0.02653100229 2
0 0.535 0.015 0.02579131062 2
0 0.535 0.025 0.02511664577 1
0 0.535 0.035 0.02460485856 1
0 0.535 0.045 0.02424696074 1
0 0.535 0.055 0.0238821136 1
0 0.535 0.065 0.02349078657 1
0 0.535 0.075 0.02321161732 1
0 0.535 0.085 0.02304231523 1
0 0.535 0.095 0.0231613996 1
0 0.535 0.105 0.02336995635 1
0 0.535 0.115 0.02358339148 1
0 0.535 0.125 0.02371117664 1
0 0.535 0.135 0.02359937122 1
0 0.535 0.145 0.02346355196 1
0 0.535 0.155 0.02337706401 1
0 0.535 0.165 0.02331871322 1
0 0.535 0.175 0.02335701449 1
0 0.535 0.185 0.02348620346 1
0 0.535 0.195 0.0237119323 1
0 0.535 0.205 0.02416878763 1
0 0.535 0.215 0.025085198 1
0 0.535 0.225 0.02643868495 1
0 0.535 0.235 0.02837040156 1
0 0.535 0.245 0.03066922256 1
0 0.535 0.255 0.03331910054 1
0 0.535 0.265 0.03633516534 2
0 0.535 0.275 0.03897177405 2
0 0.535 0.285 0.04095266785 2
0 0.535 0.295 0.04197302548 2
0 0.535 0.305 0.04250145051 2
0 0.535 0.315 0.04301072805 2
0 0.535 0.325 0.04375407851 2
0 0.535 0.335 0.04456257602 2
0 0.535 0.345 0.04548385003 2
0 0.535 0.355 0.04636606656 2
0 0.535 0.365 0.04761117548 2
0 0.535 0.375 0.04796665044 2
0 0.535 0.385 0.05128025192 2
0 0.535 0.395 0.0456831305 2
0 0.535 0.405 0.03002758001 2
0 0.535 0.415 0.01215461413 2
0 0.535 0.425 0 2
0 0.535 0.435 0 2
0 0.535 0.445 0 2
0 0.535 0.455 0 2
0 0.535 0.465 0 2
0 0.545 -0.455 0 2
0 0.545 -0.445 0 2
0 0.545 -0.435 0 2
0 0.545 -0.425 0 2
0 0.545 -0.415 0.01286342982 2
0 0.545 -0.405 0.03183400248 2
0 0.545 -0.395 0.04811695655 2
0 0.545 -0.385 0.05374363989 2
0 0.545 -0.375 0.049758702 2
0 0.545 -0.365 0.04902476711 2
0 0.545 -0.355 0.0472805641 2
0 0.545 -0.345 0.04584359165 2
0 0.545 -0.335 0.04432663602 2
0 0.545 -0.325 0.0427521997 2
0 0.545 -0.315 0.04040495817 2
0 0.545 -0.305 0.03719009823 2
0 0.545 -0.295 0.03323293374 1
0 0.545 -0.285 0.03020750622 1
0 0.545 -0.275 0.02833134027 1
0 0.545 -0.265 0.02758589323 1
0 0.545 -0.255 0.02712919566 1
0 0.545 -0.245 0.02664946535 1
0 0.545 -0.235 0.02637654618 1
0 0.545 -0.225 0.02592330934 1
0 0.545 -0.215 0.0252292404 2
0 0.545 -0.205 0.02368576162 1
0 0.545 -0.195 0.02270680023 1
0 0.545 -0.185 0.02204810228 1
0 0.545 -0.175 0.02202085113 1
0 0.545 -0.165 0.02206845408 1
0 0.545 -0.155 0.02224673355 1
0 0.545 -0.145 0.0224328081 1
0 0.545 -0.135 0.02281341721 1
0 0.545 -0.125 0.02331949763 1
0 0.545 -0.115 0.02433403586 1
0 0.545 -0.105 0.02545600447 1
0 0.545 -0.095 0.02713403769 2
0 0.545 -0.085 0.0284605176 2
0 0.545 -0.075 0.02967970857 2
0 0.545 -0.065 0.03054186486 2
0 0.545 -0.055 0.03113362199 2
0 0.545 -0.045 0.03137337055 2
0 0.545 -0.035 0.03141054766 2
0 0.545 -0.025 0.03126847511 2
0 0.545 -0.015 0.03093502326 2
0 0.545 -0.005 0.03044314362 2
0 0.545 0.005 0.02987464133 2
0 0.545 0.015 0.02909653508 2
0 0.545 0.025 0.02842836158 2
0 0.545 0.035 0.02735140162 1
0 0.545 0.045 0.02679027104 1
0 0.545 0.055 0.02627585305 1
0 0.545 0.065 0.0261969678 1
0 0.545 0.075 0.02667687812 1
0 0.545 0.085 0.02744195635 1
0 0.545 0.095 0.02872989948 2
0 0.545 0.105 0.02960304216 2
0 0.545 0.115 0.03012338973 2
0 0.545 0.125 0.03017020803 2
0 0.545 0.135 0.02956168824 1
0 0.545 0.145 0.02880912032 1
0 0.545 0.155 0.02784596219 1
0 0.545 0.165 0.02725841935 1
0 0.545 0.175 0.02694939127 1
0 0.545 0.185 0.02695800355 1
0 0.545 0.195 0.02722710069 1
0 0.545 0.205 0.02798675585 1
0 0.545 0.215 0.02939087763 1
0 0.545 0.225 0.03147212191 1
0 0.545 0.235 0.03396940224 2
0 0.545 0.245 0.03646133375 2
0 0.545 0.255 0.03882255005 2
0 0.545 0.265 0.04105420682 2
0 0.545 0.275 0.04277544493 2
0 0.545 0.285 0.04391383892 2
0 0.545 0.295 0.04437496908 2
0 0.545 0.305 0.04467039436 2
0 0.545 0.315 0.04505839253 2
0 0.545 0.325 0.04568389162 2
0 0.545 0.335 0.04640206037 2
0 0.545 0.345 0.04725305647 2
0 0.545 0.355 0.04807814783 2
0 0.545 0.365 0.04928901612 2
0 0.545 0.375 0.04959313573 2
0 0.545 0.385 0.05295633886 2
0 0.545 0.395 0.04714212192 2
0 0.545 0.405 0.03097440543 2
0 0.545 0.415 0.01253333893 2
0 0.545 0.425 0 2
0 0.545 0.435 0 2
0 0.545 0.445 0 2
0 0.545 0.455 0 2
0 0.545 0.465 0 2
0 0.555 -0.455 0 2
0 0.555 -0.445 0 2
0 0.555 -0.435 0 2
0 0.555 -0.425 0 2
0 0.555 -0.415 0.01317134948 2
0 0.555 -0.405 0.03259253661 2
0 0.555 -0.395 0.04942292894 2
0 0.555 -0.385 0.05533984583 2
0 0.555 -0.375 0.05145893601 2
0 0.555 -0.365 0.05083601347 2
0 0.555 -0.355 0.04924547917 2
0 0.555 -0.345 0.04806127365 2
0 0.555 -0.335 0.04696204142 2
0 0.555 -0.325 0.04581742127 2
0 0.555 -0.315 0.04379234928 2
0 0.555 -0.305 0.04064725359 2
0 0.555 -0.295 0.03666333438 1
0 0.555 -0.285 0.03310407025 1
0 0.555 -0.275 0.03069456851 1
0 0.555 -0.265 0.02951539154 1
0 0.555 -0.255 0.02919640377 1
0 0.555 -0.245 0.02931463926 1
0 0.555 -0.235 0.02973806254 1
0 0.555 -0.225 0.0298702796 2
0 0.555 -0.215 0.02912604473 2
0 0.555 -0.205 0.0276984318 1
0 0.555 -0.195 0.02619365741 1
0 0.555 -0.185 0.02505582656 1
0 0.555 -0.175 0.02436970089 1
0 0.555 -0.165 0.02394661753 1
0 0.555 -0.155 0.02381205803 1
0 0.555 -0.145 0.02385197397 1
0 0.555 -0.135 0.02412863993 1
0 0.555 -0.125 0.02456787356 1
0 0.555 -0.115 0.02557851236 1
0 0.555 -0.105 0.02677231904 1
0 0.555 -0.095 0.02870081777 2
0 0.555 -0.085 0.03023723595 2
0 0.555 -0.075 0.03167918475 2
0 0.555 -0.065 0.0327171528 2
0 0.555 -0.055 0.03346178792 2
0 0.555 -0.045 0.03382514714 2
0 0.555 -0.035 0.03399722615 2
0 0.555 -0.025 0.03401581875 2
0 0.555 -0.015 0.03392417524 2
0 0.555 -0.005 0.03372246569 2
0 0.555 0.005 0.03350208741 2
0 0.555 0.015 0.03306476156 2
0 0.555 0.025 0.03267437828 2
0 0.555 0.035 0.03171573412 1
0 0.555 0.045 0.03094301067 1
0 0.555 0.055 0.03050550275 1
0 0.555 0.065 0.0307624622 1
0 0.555 0.075 0.03177204969 1
0 0.555 0.085 0.03338482875 1
0 0.555 0.095 0.03519889642 2
0 0.555 0.105 0.03657093829 2
0 0.555 0.115 0.03736739912 2
0 0.555 0.125 0.03740667323 2
0 0.555 0.135 0.03671668024 2
0 0.555 0.145 0.03571722826 2
0 0.555 0.155 0.03450349975 1
0 0.555 0.165 0.03365113674 1
0 0.555 0.175 0.03303685989 1
0 0.555 0.185 0.03287458868 1
0 0.555 0.195 0.03313243183 1
0 0.555 0.205 0.03397821705 1
0 0.555 0.215 0.03541272963 1
0 0.555 0.225 0.03755217822 2
0 0.555 0.235 0.03982978574 2
0 0.555 0.245 0.04194668424 2
0 0.555 0.255 0.04362508823 2
0 0.555 0.265 0.04488689409 2
0 0.555 0.275 0.04575102753 2
0 0.555 0.285 0.04621768409 2
0 0.555 0.295 0.04639153288 2
0 0.555 0.305 0.04659085456 2
0 0.555 0.315 0.04694451893 2
0 0.555 0.325 0.04749359812 2
0 0.555 0.335 0.04814624928 2
0 0.555 0.345 0.04893990783 2
0 0.555 0.355 0.04971528892 2
0 0.555 0.365 0.05089538073 2
0 0.555 0.375 0.05115088215 2
0 0.555 0.385 0.05456072346 2
0 0.555 0.395 0.04853835664 2
0 0.555 0.405 0.03187983958 2
0 0.555 0.415 0.01289570321 2
0 0.555 0.425 0 2
0 0.555 0.435 0 2
0 0.555 0.445 0 2
0 0.555 0.455 0 2
0 0.555 0.465 0 2
0 0.565 -0.455 0 2
0 0.565 -0.445 0 2
0 0.565 -0.435 0 2
0 0.565 -0.425 0 2
0 0.565 -0.415 0.01347884188 2
0 0.565 -0.405 0.03334983546 2
0 0.565 -0.395 0.05064725554 2
0 0.565 -0.385 0.05680122062 2
0 0.565 -0.375 0.05298950028 2
0 0.565 -0.365 0.05251454512 2
0 0.565 -0.355 0.05109265406 2
0 0.565 -0.345 0.05013192487 2
0 0.565 -0.335 0.04934875179 2
0 0.565 -0.325 0.04861308767 2
0 0.565 -0.315 0.04722428403 2
0 0.565 -0.305 0.04458891911 2
0 0.565 -0.295 0.04104002922 2
0 0.565 -0.285 0.03719070675 1
0 0.565 -0.275 0.03445148237 1
0 0.565 -0.265 0.03298022858 1
0 0.565 -0.255 0.03278396119 1
0 0.565 -0.245 0.033462809 1
0 0.565 -0.235 0.03439042435 2
0 0.565 -0.225 0.03487646401 2
0 0.565 -0.215 0.03424389539 2
0 0.565 -0.205 0.03314299654 2
0 0.565 -0.195 0.03150223606 1
0 0.565 -0.185 0.0301377814 1
0 0.565 -0.175 0.02874911496 1
0 0.565 -0.165 0.02785157527 1
0 0.565 -0.155 0.0273827941 1
0 0.565 -0.145 0.02730773243 1
0 0.565 -0.135 0.02751735056 1
0 0.565 -0.125 0.02803332512 1
0 0.565 -0.115 0.02899438534 1
0 0.565 -0.105 0.03034327153 1
0 0.565 -0.095 0.03186676581 2
0 0.565 -0.085 0.03319307461 2
0 0.565 -0.075 0.03438609467 2
0 0.565 -0.065 0.03533802411 2
0 0.565 -0.055 0.03605213134 2
0 0.565 -0.045 0.03645648729 2
0 0.565 -0.035 0.03671586749 2
0 0.565 -0.025 0.03687037345 2
0 0.565 -0.015 0.03698993288 2
0 0.565 -0.005 0.0370936215 2
0 0.565 0.005 0.03728026407 2
0 0.565 0.015 0.03742042617 2
0 0.565 0.025 0.03743761008 2
0 0.565 0.035 0.03730252927 2
0 0.565 0.045 0.03697426818 1
0 0.565 0.055 0.03712927933 1
0 0.565 0.065 0.03767699336 1
0 0.565 0.075 0.03863282958 1
0 0.565 0.085 0.04022930223 2
0 0.565 0.095 0.04161581253 2
0 0.565 0.105 0.04286835584 2
0 0.565 0.115 0.04353065343 2
0 0.565 0.125 0.04368457607 2
0 0.565 0.135 0.04350576442 2
0 0.565 0.145 0.04286090993 2
0 0.565 0.155 0.04202880864 2
0 0.565 0.165 0.04123931457 2
0 0.565 0.175 0.04068800985 2
0 0.565 0.185 0.04046807872 2
0 0.565 0.195 0.04057559179 2
0 0.565 0.205 0.04109786872 2
0 0.565 0.215 0.0420369206 2
0 0.565 0.225 0.04342612534 2
0 0.565 0.235 0.04484212169 2
0 0.565 0.245 0.04606750531 2
0 0.565 0.255 0.04688774258 2
0 0.565 0.265 0.0474073142 2
0 0.565 0.275 0.04774548551 2
0 0.565 0.285 0.04794453519 2
0 0.565 0.295 0.0480914797 2
0 0.565 0.305 0.04830677502 2
0 0.565 0.315 0.04867008149 2
0 0.565 0.325 0.0491763239 2
0 0.565 0.335 0.04978476691 2
0 0.565 0.345 0.05053387851 2
0 0.565 0.355 0.05126731633 2
0 0.565 0.365 0.05242041446 2
0 0.565 0.375 0.05263036187 2
0 0.565 0.385 0.05608325726 2
0 0.565 0.395 0.04986288093 2
0 0.565 0.405 0.03273784911 2
0 0.565 0.415 0.01323935412 2
0 0.565 0.425 0 2
0 0.565 0.435 0 2
0 0.565 0.445 0 2
0 0.565 0.455 0 2
0 0.565 0.465 0 2
0 0.575 -0.455 0 2
0 0.575 -0.445 0 2
0 0.575 -0.435 0 2
0 0.575 -0.425 0 2
0 0.575 -0.415 0.01377798706 2
0 0.575 -0.405 0.03409467108 2
0 0.575 -0.395 0.05183492963 2
0 0.575 -0.385 0.05821373761 2
0 0.575 -0.375 0.0544524348 2
0 0.575 -0.365 0.05410928946 2
0 0.575 -0.355 0.05282385798 2
0 0.575 -0.345 0.05203807457 2
0 0.575 -0.335 0.05144443537 2
0 0.575 -0.325 0.05103494001 2
0 0.575 -0.315 0.05030877731 2
0 0.575 -0.305 0.04846204123 2
0 0.575 -0.295 0.0456150554 2
0 0.575 -0.285 0.04222119271 1
0 0.575 -0.275 0.03965354246 1
0 0.575 -0.265 0.03819935668 1
0 0.575 -0.255 0.03794662925 1
0 0.575 -0.245 0.03863879354 2
0 0.575 -0.235 0.03942918435 2
0 0.575 -0.225 0.03995166377 2
0 0.575 -0.215 0.03973596472 2
0 0.575 -0.205 0.03916860052 2
0 0.575 -0.195 0.03799691165 2
0 0.575 -0.185 0.03680288519 2
0 0.575 -0.175 0.03538679376 1
0 0.575 -0.165 0.03437658076 1
0 0.575 -0.155 0.0336929542 1
0 0.575 -0.145 0.03346233224 1
0 0.575 -0.135 0.03356716122 1
0 0.575 -0.125 0.03399177694 1
0 0.575 -0.115 0.03453810292 1
0 0.575 -0.105 0.03549193655 2
0 0.575 -0.095 0.03621608435 2
0 0.575 -0.085 0.03705288116 2
0 0.575 -0.075 0.03771099094 2
0 0.575 -0.065 0.03832973747 2
0 0.575 -0.055 0.03885903999 2
0 0.575 -0.045 0.03922798234 2
0 0.575 -0.035 0.03952053724 2
0 0.575 -0.025 0.03976778109 2
0 0.575 -0.015 0.04003452893 2
0 0.575 -0.005 0.04037118985 2
0 0.575 0.005 0.04086212133 2
0 0.575 0.015 0.04158589302 2
0 0.575 0.025 0.04236214091 2
0 0.575 0.035 0.04327652657 2
0 0.575 0.045 0.04389529147 2
0 0.575 0.055 0.0446179647 2
0 0.575 0.065 0.04537498985 2
0 0.575 0.075 0.04615785061 2
0 0.575 0.085 0.04705093357 2
0 0.575 0.095 0.04754958031 2
0 0.575 0.105 0.04803011267 2
0 0.575 0.115 0.04825746423 2
0 0.575 0.125 0.04843341711 2
0 0.575 0.135 0.04858054479 2
0 0.575 0.145 0.04839197398 2
0 0.575 0.155 0.04811637745 2
0 0.575 0.165 0.04760665663 2
0 0.575 0.175 0.04718824206 2
0 0.575 0.185 0.04688790504 2
0 0.575 0.195 0.046797074 2
0 0.575 0.205 0.04691171826 2
0 0.575 0.215 0.04726716024 2
0 0.575 0.225 0.0477392037 2
0 0.575 0.235 0.0482242102 2
0 0.575 0.245 0.04859199853 2
0 0.575 0.255 0.04883949261 2
0 0.575 0.265 0.04903913923 2
0 0.575 0.275 0.04922356311 2
0 0.575 0.285 0.04939529332 2
0 0.575 0.295 0.04959530352 2
0 0.575 0.305 0.04987035425 2
0 0.575 0.315 0.05025076546 2
0 0.575 0.325 0.05073603439 2
0 0.575 0.335 0.05131456045 2
0 0.575 0.345 0.05202918353 2
0 0.575 0.355 0.05272711073 2
0 0.575 0.365 0.05385633332 2
0 0.575 0.375 0.05402355655 2
0 0.575 0.385 0.0575152596 2
0 0.575 0.395 0.051107986 2
0 0.575 0.405 0.03354332705 2
0 0.575 0.415 0.01356226528 2
0 0.575 0.425 0 2
0 0.575 0.435 0 2
0 0.575 0.445 0 2
0 0.575 0.455 0 2
0 0.575 0.465 0 2
0 0.585 -0.455 0 2
0 0.585 -0.445 0 2
0 0.585 -0.435 0 2
0 0.585 -0.425 0 2
0 0.585 -0.415 0.0140604114 2
0 0.585 -0.405 0.03479947986 2
0 0.585 -0.395 0.05294941162 2
0 0.585 -0.385 0.05953118014 2
0 0.585 -0.375 0.05580083389 2
0 0.585 -0.365 0.05556662654 2
0 0.585 -0.355 0.05438233702 2
0 0.585 -0.345 0.05371843029 2
0 0.585 -0.335 0.05318693984 2
0 0.585 -0.325 0.05294006797 2
0 0.585 -0.315 0.05263091605 2
0 0.585 -0.305 0.05165789285 2
0 0.585 -0.295 0.04985627316 2
0 0.585 -0.285 0.04762507601 2
0 0.585 -0.275 0.04564795463 2
0 0.585 -0.265 0.04434042186 2
0 0.585 -0.255 0.04376421597 2
0 0.585 -0.245 0.04378987897 2
0 0.585 -0.235 0.04395390354 2
0 0.585 -0.225 0.04419840573 2
0 0.585 -0.215 0.0443414532 2
0 0.585 -0.205 0.04441915097 2
0 0.585 -0.195 0.04418794501 2
0 0.585 -0.185 0.04361523255 2
0 0.585 -0.175 0.04286014561 2
0 0.585 -0.165 0.04218944787 2
0 0.585 -0.155 0.04172828023 2
0 0.585 -0.145 0.0414870586 2
0 0.585 -0.135 0.04135343154 2
0 0.585 -0.125 0.0413358492 2
0 0.585 -0.115 0.04130425435 2
0 0.585 -0.105 0.04137518702 2
0 0.585 -0.095 0.04115181167 2
0 0.585 -0.085 0.04115903835 2
0 0.585 -0.075 0.04121519768 2
0 0.585 -0.065 0.04147796825 2
0 0.585 -0.055 0.04178840043 2
0 0.585 -0.045 0.04207709785 2
0 0.585 -0.035 0.04235869105 2
0 0.585 -0.025 0.04265187355 2
0 0.585 -0.015 0.04300094913 2
0 0.585 -0.005 0.04347071383 2
0 0.585 0.005 0.04413725556 2
0 0.585 0.015 0.04513592891 2
0 0.585 0.025 0.04640232596 2
0 0.585 0.035 0.0478966279 2
0 0.585 0.045 0.04937544592 2
0 0.585 0.055 0.05060263332 2
0 0.585 0.065 0.05150011205 2
0 0.585 0.075 0.05203542947 2
0 0.585 0.085 0.05221030916 2
0 0.585 0.095 0.05217460168 2
0 0.585 0.105 0.05214453999 2
0 0.585 0.115 0.0521209302 2
0 0.585 0.125 0.05219664889 2
0 0.585 0.135 0.05228023739 2
0 0.585 0.145 0.05220298053 2
0 0.585 0.155 0.05204912497 2
0 0.585 0.165 0.05165607395 2
0 0.585 0.175 0.05123952731 2
0 0.585 0.185 0.05084245544 2
0 0.585 0.195 0.05057918564 2
0 0.585 0.205 0.05041125546 2
0 0.585 0.215 0.05035276545 2
0 0.585 0.225 0.05028118108 2
0 0.585 0.235 0.05025967809 2
0 0.585 0.245 0.05024417979 2
0 0.585 0.255 0.05028515315 2
0 0.585 0.265 0.05038759352 2
0 0.585 0.275 0.05056311546 2
0 0.585 0.285 0.05077690562 2
0 0.585 0.295 0.05102665387 2
0 0.585 0.305 0.05133167441 2
0 0.585 0.315 0.05171078568 2
0 0.585 0.325 0.05218301166 2
0 0.585 0.335 0.05273778523 2
0 0.585 0.345 0.0534237277 2
0 0.585 0.355 0.05409017066 2
0 0.585 0.365 0.05519726461 2
0 0.585 0.375 0.05532392081 2
0 0.585 0.385 0.05884949919 2
0 0.585 0.395 0.05226719411 2
0 0.585 0.405 0.03429206181 2
0 0.585 0.415 0.01386273155 2
0 0.585 0.425 0 2
0 0.585 0.435 0 2
0 0.585 0.445 0 2
0 0.585 0.455 0 2
0 0.585 0.465 0 2
0 0.595 -0.455 0 2
0 0.595 -0.445 0 2
0 0.595 -0.435 0 2
0 0.595 -0.425 0 2
0 0.595 -0.415 0.01432140038 2
0 0.595 -0.405 0.03545047053 2
0 0.595 -0.395 0.05397593066 2
0 0.595 -0.385 0.06074003033 2
0 0.595 -0.375 0.05702864006 2
0 0.595 -0.365 0.05688130134 2
0 0.595 -0.355 0.05576748208 2
0 0.595 -0.345 0.05518194422 2
0 0.595 -0.335 0.0546690919 2
0 0.595 -0.325 0.05446213471 2
0 0.595 -0.315 0.05429464394 2
0 0.595 -0.305 0.05390397282 2
0 0.595 -0.295 0.05302416656 2
0 0.595 -0.285 0.05182103327 2
0 0.595 -0.275 0.05046174911 2
0 0.595 -0.265 0.04931485862 2
0 0.595 -0.255 0.04843651259 2
0 0.595 -0.245 0.04782953941 2
0 0.595 -0.235 0.04753519483 2
0 0.595 -0.225 0.04752969352 2
0 0.595 -0.215 0.04780403154 2
0 0.595 -0.205 0.04822734839 2
0 0.595 -0.195 0.04864102238 2
0 0.595 -0.185 0.04875964789 2
0 0.595 -0.175 0.04880443408 2
0 0.595 -0.165 0.0486438381 2
0 0.595 -0.155 0.0484956724 2
0 0.595 -0.145 0.04828666787 2
0 0.595 -0.135 0.04799716709 2
0 0.595 -0.125 0.04757171352 2
0 0.595 -0.115 0.04699192912 2
0 0.595 -0.105 0.04622898616 2
0 0.595 -0.095 0.04545041295 2
0 0.595 -0.085 0.04491611394 2
0 0.595 -0.075 0.04462624029 2
0 0.595 -0.065 0.04461983957 2
0 0.595 -0.055 0.04474337931 2
0 0.595 -0.045 0.04493862722 2
0 0.595 -0.035 0.04518129278 2
0 0.595 -0.025 0.04547915694 2
0 0.595 -0.015 0.04586252486 2
0 0.595 -0.005 0.04638701132 2
0 0.595 0.005 0.04711999874 2
0 0.595 0.015 0.0481439381 2
0 0.595 0.025 0.04947446549 2
0 0.595 0.035 0.05101409358 2
0 0.595 0.045 0.05265905013 2
0 0.595 0.055 0.05403069805 2
0 0.595 0.065 0.05501639301 2
0 0.595 0.075 0.05556583223 2
0 0.595 0.085 0.05572792409 2
0 0.595 0.095 0.05581151175 2
0 0.595 0.105 0.05592804616 2
0 0.595 0.115 0.05602426511 2
0 0.595 0.125 0.05608528562 2
0 0.595 0.135 0.05589235094 2
0 0.595 0.145 0.05545708761 2
0 0.595 0.155 0.05478233036 2
0 0.595 0.165 0.05402175193 2
0 0.595 0.175 0.0533216817 2
0 0.595 0.185 0.05276118457 2
0 0.595 0.195 0.05236866028 2
0 0.595 0.205 0.05209425986 2
0 0.595 0.215 0.0519229329 2
0 0.595 0.225 0.0517866957 2
0 0.595 0.235 0.0517048547 2
0 0.595 0.245 0.05166019472 2
0 0.595 0.255 0.0516910106 2
0 0.595 0.265 0.05178767935 2
0 0.595 0.275 0.05194606499 2
0 0.595 0.285 0.05214467593 2
0 0.595 0.295 0.05239149939 2
0 0.595 0.305 0.05269634021 2
0 0.595 0.315 0.05306978637 2
0 0.595 0.325 0.05352697723 2
0 0.595 0.335 0.054058402 2
0 0.595 0.345 0.05471738592 2
0 0.595 0.355 0.05535373518 2
0 0.595 0.365 0.0564387621 2
0 0.595 0.375 0.05652608493 2
0 0.595 0.385 0.06007991666 2
0 0.595 0.395 0.05333502299 2
0 0.595 0.405 0.03498055045 2
0 0.595 0.415 0.01413930586 2
0 0.595 0.425 0 2
0 0.595 0.435 0 2
0 0.595 0.445 0 2
0 0.595 0.455 0 2
0 0.595 0.465 0 2
0 0.605 -0.455 0 2
0 0.605 -0.445 0 2
0 0.605 -0.435 0 2
0 0.605 -0.425 0 2
0 0.605 -0.415 0.01455597495 2
0 0.605 -0.405 0.0360342535 2
0 0.605 -0.395 0.05489655852 2
0 0.605 -0.385 0.06182155169 2
0 0.605 -0.375 0.05812236077 2
0 0.605 -0.365 0.05804381215 2
0 0.605 -0.355 0.05697867895 2
0 0.605 -0.345 0.05643768873 2
0 0.605 -0.335 0.05592493839 2
0 0.605 -0.325 0.05565771973 2
0 0.605 -0.315 0.05546903213 2
0 0.605 -0.305 0.05528643892 2
0 0.605 -0.295 0.0548989611 2
0 0.605 -0.285 0.05428482919 2
0 0.605 -0.275 0.05341043101 2
0 0.605 -0.265 0.05244927391 2
0 0.605 -0.255 0.05152798365 2
0 0.605 -0.245 0.05077007805 2
0 0.605 -0.235 0.05036304369 2
0 0.605 -0.225 0.05026544102 2
0 0.605 -0.215 0.05050129016 2
0 0.605 -0.205 0.05093428932 2
0 0.605 -0.195 0.05149570802 2
0 0.605 -0.185 0.05198066575 2
0 0.605 -0.175 0.05243334112 2
0 0.605 -0.165 0.05261868713 2
0 0.605 -0.155 0.05266080498 2
0 0.605 -0.145 0.05249378715 2
0 0.605 -0.135 0.05213937771 2
0 0.605 -0.125 0.05153416813 2
0 0.605 -0.115 0.05073350842 2
0 0.605 -0.105 0.04974738437 2
0 0.605 -0.095 0.04887657826 2
0 0.605 -0.085 0.04820458463 2
0 0.605 -0.075 0.04780151894 2
0 0.605 -0.065 0.04764415545 2
0 0.605 -0.055 0.0476459044 2
0 0.605 -0.045 0.04775771866 2
0 0.605 -0.035 0.04794902849 2
0 0.605 -0.025 0.04822013638 2
0 0.605 -0.015 0.04858906792 2
0 0.605 -0.005 0.0490878177 2
0 0.605 0.005 0.04976153038 2
0 0.605 0.015 0.05065254433 2
0 0.605 0.025 0.05177871611 2
0 0.605 0.035 0.05306511458 2
0 0.605 0.045 0.05442765324 2
0 0.605 0.055 0.05566649413 2
0 0.605 0.065 0.05670737944 2
0 0.605 0.075 0.05752069123 2
0 0.605 0.085 0.05817079522 2
0 0.605 0.095 0.05872228385 2
0 0.605 0.105 0.05926922248 2
0 0.605 0.115 0.05956877893 2
0 0.605 0.125 0.05968406933 2
0 0.605 0.135 0.05913697162 2
0 0.605 0.145 0.05820335144 2
0 0.605 0.155 0.0568649466 2
0 0.605 0.165 0.05559083317 2
0 0.605 0.175 0.05452149201 2
0 0.605 0.185 0.05376638486 2
0 0.605 0.195 0.05331760634 2
0 0.605 0.205 0.05307279558 2
0 0.605 0.215 0.05295953273 2
0 0.605 0.225 0.05291018859 2
0 0.605 0.235 0.05290923998 2
0 0.605 0.245 0.0529402983 2
0 0.605 0.255 0.05300853363 2
0 0.605 0.265 0.05311326988 2
0 0.605 0.275 0.05325949433 2
0 0.605 0.285 0.05344947642 2
0 0.605 0.295 0.05368803895 2
0 0.605 0.305 0.05398230471 2
0 0.605 0.315 0.05433999769 2
0 0.605 0.325 0.0547755632 2
0 0.605 0.335 0.055280375 2
0 0.605 0.345 0.05591070962 2
0 0.605 0.355 0.05651591443 2
0 0.605 0.365 0.05757720897 2
0 0.605 0.375 0.05762541026 2
0 0.605 0.385 0.06120117914 2
0 0.605 0.395 0.05430660046 2
0 0.605 0.405 0.03560571185 2
0 0.605 0.415 0.01439069651 2
0 0.605 0.425 0 2
0 0.605 0.435 0 2
0 0.605 0.445 0 2
0 0.605 0.455 0 2
0 0.605 0.465 0 2
0 0.615 -0.455 0 2
0 0.615 -0.445 0 2
0 0.615 -0.435 0 2
0 0.615 -0.425 0 2
0 0.615 -0.415 0.01476079986 2
0 0.615 -0.405 0.03654253024 2
0 0.615 -0.395 0.0556999622 2
0 0.615 -0.385 0.06276502734 2
0 0.615 -0.375 0.05907660062 2
0 0.615 -0.365 0.0590551459 2
0 0.615 -0.355 0.05802895276 2
0 0.615 -0.345 0.05751912331 2
0 0.615 -0.335 0.0570235043 2
0 0.615 -0.325 0.05671078399 2
0 0.615 -0.315 0.05647092615 2
0 0.615 -0.305 0.05626285886 2
0 0.615 -0.295 0.0559617452 2
0 0.615 -0.285 0.05552471167 2
0 0.615 -0.275 0.05492584444 2
0 0.615 -0.265 0.05424453403 2
0 0.615 -0.255 0.05359324859 2
0 0.615 -0.245 0.05306468137 2
0 0.615 -0.235 0.05276084689 2
0 0.615 -0.225 0.05267689772 2
0 0.615 -0.215 0.0528313957 2
0 0.615 -0.205 0.05316001033 2
0 0.615 -0.195 0.05361667944 2
0 0.615 -0.185 0.05407231401 2
0 0.615 -0.175 0.05448890139 2
0 0.615 -0.165 0.05474140359 2
0 0.615 -0.155 0.05483610009 2
0 0.615 -0.145 0.05471155102 2
0 0.615 -0.135 0.05437913267 2
0 0.615 -0.125 0.05382962605 2
0 0.615 -0.115 0.05314273621 2
0 0.615 -0.105 0.05236798841 2
0 0.615 -0.095 0.05166284338 2
0 0.615 -0.085 0.05109023575 2
0 0.615 -0.075 0.05071223907 2
0 0.615 -0.065 0.05051197912 2
0 0.615 -0.055 0.05045154044 2
0 0.615 -0.045 0.05049959057 2
0 0.615 -0.035 0.05063758099 2
0 0.615 -0.025 0.05086230458 2
0 0.615 -0.015 0.05118276067 2
0 0.615 -0.005 0.0516172428 2
0 0.615 0.005 0.05218617381 2
0 0.615 0.015 0.05290068217 2
0 0.615 0.025 0.05375833125 2
0 0.615 0.035 0.05472811885 2
0 0.615 0.045 0.05577078791 2
0 0.615 0.055 0.05683795781 2
0 0.615 0.065 0.05792750103 2
0 0.615 0.075 0.05902011452 2
0 0.615 0.085 0.06008917172 2
0 0.615 0.095 0.06099429093 2
0 0.615 0.105 0.06172890796 2
0 0.615 0.115 0.061786268 2
0 0.615 0.125 0.0615062696 2
0 0.615 0.135 0.06051267821 2
0 0.615 0.145 0.05933291379 2
0 0.615 0.155 0.05788063622 2
0 0.615 0.165 0.05648490423 2
0 0.615 0.175 0.05540878396 2
0 0.615 0.185 0.05465415121 2
0 0.615 0.195 0.05428589287 2
0 0.615 0.205 0.05412699889 2
0 0.615 0.215 0.054090626 2
0 0.615 0.225 0.05410383403 2
0 0.615 0.235 0.05414556498 2
0 0.615 0.245 0.05420532201 2
0 0.615 0.255 0.05428622349 2
0 0.615 0.265 0.05439228271 2
0 0.615 0.275 0.05452999898 2
0 0.615 0.285 0.05470486963 2
0 0.615 0.295 0.05492378909 2
0 0.615 0.305 0.05519539455 2
0 0.615 0.315 0.05552720889 2
0 0.615 0.325 0.05593365049 2
0 0.615 0.335 0.05640646349 2
0 0.615 0.345 0.05700396481 2
0 0.615 0.355 0.05757492924 2
0 0.615 0.365 0.05860921698 2
0 0.615 0.375 0.0586174856 2
0 0.615 0.385 0.06220815271 2
0 0.615 0.395 0.05517720067 2
0 0.615 0.405 0.03616455206 2
0 0.615 0.415 0.01461564346 2
0 0.615 0.425 0 2
0 0.615 0.435 0 2
0 0.615 0.445 0 2
0 0.615 0.455 0 2
0 0.615 0.465 0 2
0 0.625 -0.455 0 2
0 0.625 -0.445 0 2
0 0.625 -0.435 0 2
0 0.625 -0.425 0 2
0 0.625 -0.415 0.01493333135 2
0 0.625 -0.405 0.03696932444 2
0 0.625 -0.395 0.05637747459 2
0 0.625 -0.385 0.06356239636 2
0 0.625 -0.375 0.05988737005 2
0 0.625 -0.365 0.05991692237 2
0 0.625 -0.355 0.05892746317 2
0 0.625 -0.345 0.05844710477 2
0 0.625 -0.335 0.05796659255 2
0 0.625 -0.325 0.05762647211 2
0 0.625 -0.315 0.05733443903 2
0 0.625 -0.305 0.05706898374 2
0 0.625 -0.295 0.05677471779 2
0 0.625 -0.285 0.0564364835 2
0 0.625 -0.275 0.05604851745 2
0 0.625 -0.265 0.0556466834 2
0 0.625 -0.255 0.05528303197 2
0 0.625 -0.245 0.05500658821 2
0 0.625 -0.235 0.05486653059 2
0 0.625 -0.225 0.05487319612 2
0 0.625 -0.215 0.05502133494 2
0 0.625 -0.205 0.05527248913 2
0 0.625 -0.195 0.05558654082 2
0 0.625 -0.185 0.05589704317 2
0 0.625 -0.175 0.05616390071 2
0 0.625 -0.165 0.05632745397 2
0 0.625 -0.155 0.05636971544 2
0 0.625 -0.145 0.05626673962 2
0 0.625 -0.135 0.05602304064 2
0 0.625 -0.125 0.05564715533 2
0 0.625 -0.115 0.05518159768 2
0 0.625 -0.105 0.05466879428 2
0 0.625 -0.095 0.05417959411 2
0 0.625 -0.085 0.05375888073 2
0 0.625 -0.075 0.05344281199 2
0 0.625 -0.065 0.05324089701 2
0 0.625 -0.055 0.05314781959 2
0 0.625 -0.045 0.05315044294 2
0 0.625 -0.035 0.05323754224 2
0 0.625 -0.025 0.05340497455 2
0 0.625 -0.015 0.05365559536 2
0 0.625 -0.005 0.05399763118 2
0 0.625 0.005 0.05444101879 2
0 0.625 0.015 0.05499194223 2
0 0.625 0.025 0.05565167088 2
0 0.625 0.035 0.05641057164 2
0 0.625 0.045 0.05727706666 2
0 0.625 0.055 0.0582602609 2
0 0.625 0.065 0.05936285334 2
0 0.625 0.075 0.06051441763 2
0 0.625 0.085 0.06153383053 2
0 0.625 0.095 0.062143686 2
0 0.625 0.105 0.06213021739 2
0 0.625 0.115 0.06123663428 2
0 0.625 0.125 0.0599198215 2
0 0.625 0.135 0.05853040074 2
0 0.625 0.145 0.05740651295 2
0 0.625 0.155 0.05673850834 2
0 0.625 0.165 0.05594029518 2
0 0.625 0.175 0.05550615922 2
0 0.625 0.185 0.05508878175 2
0 0.625 0.195 0.05499022749 2
0 0.625 0.205 0.05502843712 2
0 0.625 0.215 0.05512685908 2
0 0.625 0.225 0.05523293149 2
0 0.625 0.235 0.05533379478 2
0 0.625 0.245 0.05542900144 2
0 0.625 0.255 0.05552498774 2
0 0.625 0.265 0.05563029063 2
0 0.625 0.275 0.05575461986 2
0 0.625 0.285 0.05590756363 2
0 0.625 0.295 0.05609875699 2
0 0.625 0.305 0.05633862897 2
0 0.625 0.315 0.05663541874 2
0 0.625 0.325 0.05700439072 2
0 0.625 0.335 0.05743807156 2
0 0.625 0.345 0.05799670272 2
0 0.625 0.355 0.05852859729 2
0 0.625 0.365 0.05953111978 2
0 0.625 0.375 0.05949764 2
0 0.625 0.385 0.06309536197 2
0 0.625 0.395 0.05594175879 2
0 0.625 0.405 0.03665382072 2
0 0.625 0.415 0.01481278785 2
0 0.625 0.425 0 2
0 0.625 0.435 0 2
0 0.625 0.445 0 2
0 0.625 0.455 0 2
0 0.625 0.465 0 2
0 0.635 -0.455 0 2
0 0.635 -0.445 0 2
0 0.635 -0.435 0 2
0 0.635 -0.425 0 2
0 0.635 -0.415 0.01507154776 2
0 0.635 -0.405 0.03731006972 2
0 0.635 -0.395 0.05692230651 2
0 0.635 -0.385 0.06420755702 2
0 0.635 -0.375 0.06055198134 2
0 0.635 -0.365 0.06063159936 2
0 0.635 -0.355 0.05968336143 2
0 0.635 -0.345 0.05924180283 2
0 0.635 -0.335 0.05879190515 2
0 0.635 -0.325 0.0584763753 2
0 0.635 -0.315 0.05821380239 2
0 0.635 -0.305 0.0579925248 2
0 0.635 -0.295 0.05777771211 2
0 0.635 -0.285 0.05755762642 2
0 0.635 -0.275 0.05733028527 2
0 0.635 -0.265 0.05711427861 2
0 0.635 -0.255 0.0569379219 2
0 0.635 -0.245 0.05682959632 2
0 0.635 -0.235 0.05681421601 2
0 0.635 -0.225 0.05689845986 2
0 0.635 -0.215 0.05707651498 2
0 0.635 -0.205 0.05732306566 2
0 0.635 -0.195 0.05760525077 2
0 0.635 -0.185 0.05787889138 2
0 0.635 -0.175 0.05810871671 2
0 0.635 -0.165 0.05825689672 2
0 0.635 -0.155 0.05830325896 2
0 0.635 -0.145 0.05823249948 2
0 0.635 -0.135 0.058047826 2
0 0.635 -0.125 0.05776304624 2
0 0.635 -0.115 0.05740961123 2
0 0.635 -0.105 0.05702178007 2
0 0.635 -0.095 0.05664274524 2
0 0.635 -0.085 0.05630567721 2
0 0.635 -0.075 0.05603709015 2
0 0.635 -0.065 0.05584883931 2
0 0.635 -0.055 0.05574232902 2
0 0.635 -0.045 0.05571228323 2
0 0.635 -0.035 0.05575247774 2
0 0.635 -0.025 0.05585875909 2
0 0.635 -0.015 0.05602996876 2
0 0.635 -0.005 0.05626761435 2
0 0.635 0.005 0.05657429813 2
0 0.635 0.015 0.05695408054 2
0 0.635 0.025 0.05741159951 2
0 0.635 0.035 0.05795063147 2
0 0.635 0.045 0.0586129492 2
0 0.635 0.055 0.05941389209 2
0 0.635 0.065 0.06034665708 2
0 0.635 0.075 0.06117497438 2
0 0.635 0.085 0.06152586075 2
0 0.635 0.095 0.06102463303 2
0 0.635 0.105 0.05946215995 2
0 0.635 0.115 0.05747011013 2
0 0.635 0.125 0.05516293965 1
0 0.635 0.135 0.05373238907 1
0 0.635 0.145 0.05296622323 1
0 0.635 0.155 0.05355162804 2
0 0.635 0.165 0.0540790446 2
0 0.635 0.175 0.05486902869 2
0 0.635 0.185 0.05524226137 2
0 0.635 0.195 0.05559197865 2
0 0.635 0.205 0.05591412544 2
0 0.635 0.215 0.05617362986 2
0 0.635 0.225 0.0563767461 2
0 0.635 0.235 0.05653031534 2
0 0.635 0.245 0.05664952707 2
0 0.635 0.255 0.05674865805 2
0 0.635 0.265 0.0568420158 2
0 0.635 0.275 0.05694303201 2
0 0.635 0.285 0.05706435084 2
0 0.635 0.295 0.0572178102 2
0 0.635 0.305 0.05741559624 2
0 0.635 0.315 0.05766727192 2
0 0.635 0.325 0.057989352 2
0 0.635 0.335 0.05837541001 2
0 0.635 0.345 0.05888756565 2
0 0.635 0.355 0.05937399673 2
0 0.635 0.365 0.06033856639 2
0 0.635 0.375 0.06026050191 2
0 0.635 0.385 0.06385647379 2
0 0.635 0.395 0.05659439664 2
0 0.635 0.405 0.03706967933 2
0 0.635 0.415 0.01498054316 2
0 0.635 0.425 0 2
0 0.635 0.435 0 2
0 0.635 0.445 0 2
0 0.635 0.455 0 2
0 0.635 0.465 0 2
0 0.645 -0.455 0 2
0 0.645 -0.445 0 2
0 0.645 -0.435 0 2
0 0.645 -0.425 0 2
0 0.645 -0.415 0.01517342228 2
0 0.645 -0.405 0.03756012447 2
0 0.645 -0.395 0.05732750846 2
0 0.645 -0.385 0.06469395549 2
0 0.645 -0.375 0.06106660777 2
0 0.645 -0.365 0.06119898863 2
0 0.645 -0.355 0.06030034917 2
0 0.645 -0.345 0.05991005136 2
0 0.645 -0.335 0.0595090554 2
0 0.645 -0.325 0.05924138611 2
0 0.645 -0.315 0.05903158493 2
0 0.645 -0.305 0.05887552716 2
0 0.645 -0.295 0.05874907418 2
0 0.645 -0.285 0.05864422926 2
0 0.645 -0.275 0.05855893574 2
0 0.645 -0.265 0.05850191121 2
0 0.645 -0.255 0.05848713977 2
0 0.645 -0.245 0.0585289226 2
0 0.645 -0.235 0.05863774199 2
0 0.645 -0.225 0.05881383225 2
0 0.645 -0.215 0.05904785016 2
0 0.645 -0.205 0.05931929444 2
0 0.645 -0.195 0.05960168398 2
0 0.645 -0.185 0.05986375741 2
0 0.645 -0.175 0.06007771263 2
0 0.645 -0.165 0.06021836357 2
0 0.645 -0.155 0.06027089924 2
0 0.645 -0.145 0.06022816135 2
0 0.645 -0.135 0.0600947431 2
0 0.645 -0.125 0.0598839149 2
0 0.645 -0.115 0.05961838036 2
0 0.645 -0.105 0.05932419046 2
0 0.645 -0.095 0.05903027032 2
0 0.645 -0.085 0.05876091324 2
0 0.645 -0.075 0.05853525983 2
0 0.645 -0.065 0.0583642603 2
0 0.645 -0.055 0.05825185947 2
0 0.645 -0.045 0.05819661739 2
0 0.645 -0.035 0.0581943556 2
0 0.645 -0.025 0.05824017213 2
0 0.645 -0.015 0.0583296092 2
0 0.645 -0.005 0.05845937521 2
0 0.645 0.005 0.05862697402 2
0 0.645 0.015 0.05883493951 2
0 0.645 0.025 0.05908639445 2
0 0.645 0.035 0.05941152398 2
0 0.645 0.045 0.05984439659 2
0 0.645 0.055 0.06037455369 2
0 0.645 0.065 0.06084578446 2
0 0.645 0.075 0.06074242802 2
0 0.645 0.085 0.05987031462 2
0 0.645 0.095 0.05794247538 2
0 0.645 0.105 0.0551599615 1
0 0.645 0.115 0.05252926045 1
0 0.645 0.125 0.04998233743 1
0 0.645 0.135 0.0487659929 1
0 0.645 0.145 0.0488143075 1
0 0.645 0.155 0.0503766439 1
0 0.645 0.165 0.0523300237 2
0 0.645 0.175 0.05412951016 2
0 0.645 0.185 0.05537402432 2
0 0.645 0.195 0.05622383646 2
0 0.645 0.205 0.05685400795 2
0 0.645 0.215 0.05726919425 2
0 0.645 0.225 0.05755767935 2
0 0.645 0.235 0.05775026987 2
0 0.645 0.245 0.05787939034 2
0 0.645 0.255 0.05796822557 2
0 0.645 0.265 0.05803686664 2
0 0.645 0.275 0.05810244947 2
0 0.645 0.285 0.05818038236 2
0 0.645 0.295 0.05828459198 2
0 0.645 0.305 0.05842897786 2
0 0.645 0.315 0.05862452998 2
0 0.645 0.325 0.05888916498 2
0 0.645 0.335 0.05921772765 2
0 0.645 0.345 0.05967425275 2
0 0.645 0.355 0.06010727181 2
0 0.645 0.365 0.06102620973 2
0 0.645 0.375 0.06089961501 2
0 0.645 0.385 0.06448381839 2
0 0.645 0.395 0.05712797067 2
0 0.645 0.405 0.0374073861 2
0 0.645 0.415 0.0151169705 2
0 0.645 0.425 0 2
0 0.645 0.435 0 2
0 0.645 0.445 0 2
0 0.645 0.455 0 2
0 0.645 0.465 0 2
0 0.655 -0.455 0 2
0 0.655 -0.445 0 2
0 0.655 -0.435 0 2
0 0.655 -0.425 0 2
0 0.655 -0.415 0.01523653779 2
0 0.655 -0.405 0.03771375541 2
0 0.655 -0.395 0.05758460055 2
0 0.655 -0.385 0.06501317673 2
0 0.655 -0.375 0.06142542158 2
0 0.655 -0.365 0.06161616077 2
0 0.655 -0.355 0.06077913355 2
0 0.655 -0.345 0.06045561398 2
0 0.655 -0.335 0.06012436421 2
0 0.655 -0.325 0.05993015529 2
0 0.655 -0.315 0.05980005331 2
0 0.655 -0.305 0.05973316935 2
0 0.655 -0.295 0.05970923615 2
0 0.655 -0.285 0.0597215236 2
0 0.655 -0.275 0.05976708014 2
0 0.655 -0.265 0.05984969122 2
0 0.655 -0.255 0.05997600561 2
0 0.655 -0.245 0.06015229533 2
0 0.655 -0.235 0.0603810903 2
0 0.655 -0.225 0.06065778225 2
0 0.655 -0.215 0.06097013075 2
0 0.655 -0.205 0.06129838248 2
0 0.655 -0.195 0.06161836118 2
0 0.655 -0.185 0.06190414989 2
0 0.655 -0.175 0.06213286306 2
0 0.655 -0.165 0.0622863669 2
0 0.655 -0.155 0.06235485571 2
0 0.655 -0.145 0.06233644228 2
0 0.655 -0.135 0.06223811599 2
0 0.655 -0.125 0.06207369632 2
0 0.655 -0.115 0.06186258456 2
0 0.655 -0.105 0.06162621239 2
0 0.655 -0.095 0.06138634216 2
0 0.655 -0.085 0.06116158814 2
0 0.655 -0.075 0.06096634888 2
0 0.655 -0.065 0.06080936418 2
0 0.655 -0.055 0.06069398894 2
0 0.655 -0.045 0.06061894569 2
0 0.655 -0.035 0.06057967566 2
0 0.655 -0.025 0.06056953423 2
0 0.655 -0.015 0.06058061837 2
0 0.655 -0.005 0.06060471094 2
0 0.655 0.005 0.06063336278 2
0 0.655 0.015 0.0606639409 2
0 0.655 0.025 0.06069160413 2
0 0.655 0.035 0.06076638328 2
0 0.655 0.045 0.06086480584 2
0 0.655 0.055 0.06097170703 2
0 0.655 0.065 0.06060027767 2
0 0.655 0.075 0.05943510419 2
0 0.655 0.085 0.05731909253 2
0 0.655 0.095 0.05429194556 1
0 0.655 0.105 0.05119398752 1
0 0.655 0.115 0.04867681016 1
0 0.655 0.125 0.04701802681 1
0 0.655 0.135 0.04625782018 1
0 0.655 0.145 0.04685910557 1
0 0.655 0.155 0.04862340945 1
0 0.655 0.165 0.05155027051 2
0 0.655 0.175 0.05401764789 2
0 0.655 0.185 0.05591964706 2
0 0.655 0.195 0.05711178401 2
0 0.655 0.205 0.05796356928 2
0 0.655 0.215 0.05848451977 2
0 0.655 0.225 0.05882085169 2
0 0.655 0.235 0.05902387967 2
0 0.655 0.245 0.05913960777 2
0 0.655 0.255 0.05919864167 2
0 0.655 0.265 0.05922565238 2
0 0.655 0.275 0.05924072522 2
0 0.655 0.285 0.05926137911 2
0 0.655 0.295 0.05930318102 2
0 0.655 0.305 0.05938145936 2
0 0.655 0.315 0.05950854633 2
0 0.655 0.325 0.0597037843 2
0 0.655 0.335 0.05996345048 2
0 0.655 0.345 0.06035353297 2
0 0.655 0.355 0.06072351159 2
0 0.655 0.365 0.06158745857 2
0 0.655 0.375 0.06140709663 2
0 0.655 0.385 0.06496793648 2
0 0.655 0.395 0.05753363275 2
0 0.655 0.405 0.03766098866 2
0 0.655 0.415 0.01521965529 2
0 0.655 0.425 0 2
0 0.655 0.435 0 2
0 0.655 0.445 0 2
0 0.655 0.455 0 2
0 0.655 0.465 0 2
0 0.665 -0.455 0 2
0 0.665 -0.445 0 2
0 0.665 -0.435 0 2
0 0.665 -0.425 0 2
0 0.665 -0.415 0.01525776228 2
0 0.665 -0.405 0.03776331267 2
0 0.665 -0.395 0.05768238873 2
0 0.665 -0.385 0.06515368204 2
0 0.665 -0.375 0.06161957625 2
0 0.665 -0.365 0.06187659566 2
0 0.665 -0.355 0.06111575271 2
0 0.665 -0.345 0.06087565662 2
0 0.665 -0.335 0.06063343079 2
0 0.665 -0.325 0.0605327984 2
0 0.665 -0.315 0.06050111801 2
0 0.665 -0.305 0.06053838121 2
0 0.665 -0.295 0.06062564881 2
0 0.665 -0.285 0.06075672191 2
0 0.665 -0.275 0.06092824769 2
0 0.665 -0.265 0.06114201365 2
0 0.665 -0.255 0.06140141733 2
0 0.665 -0.245 0.06170872827 2
0 0.665 -0.235 0.06206189486 2
0 0.665 -0.225 0.06245222093 2
0 0.665 -0.215 0.06286371954 2
0 0.665 -0.205 0.06327431386 2
0 0.665 -0.195 0.06365857091 2
0 0.665 -0.185 0.06399153356 2
0 0.665 -0.175 0.06425261321 2
0 0.665 -0.165 0.06442811064 2
0 0.665 -0.155 0.06451326237 2
0 0.665 -0.145 0.0645115682 2
0 0.665 -0.135 0.06443402016 2
0 0.665 -0.125 0.06429658197 2
0 0.665 -0.115 0.06411811269 2
0 0.665 -0.105 0.06391773469 2
0 0.665 -0.095 0.06371322804 2
0 0.665 -0.085 0.06351924923 2
0 0.665 -0.075 0.06334654796 2
0 0.665 -0.065 0.06320130326 2
0 0.665 -0.055 0.06308515611 2
0 0.665 -0.045 0.06299554159 2
0 0.665 -0.035 0.06292629973 2
0 0.665 -0.025 0.06286826791 2
0 0.665 -0.015 0.06280969997 2
0 0.665 -0.005 0.06273683954 2
0 0.665 0.005 0.06263386432 2
0 0.665 0.015 0.06248798191 2
0 0.665 0.025 0.06228067007 2
0 0.665 0.035 0.06205529041 2
0 0.665 0.045 0.06171450756 2
0 0.665 0.055 0.06121854402 2
0 0.665 0.065 0.05985826699 2
0 0.665 0.075 0.05797200593 2
0 0.665 0.085 0.05476335908 1
0 0.665 0.095 0.05160875266 1
0 0.665 0.105 0.04912708579 1
0 0.665 0.115 0.04748941705 1
0 0.665 0.125 0.04681390388 1
0 0.665 0.135 0.04647836527 1
0 0.665 0.145 0.04730590711 1
0 0.665 0.155 0.04898588104 1
0 0.665 0.165 0.05216355345 2
0 0.665 0.175 0.05487964109 2
0 0.665 0.185 0.05709029542 2
0 0.665 0.195 0.05840991512 2
0 0.665 0.205 0.05932571529 2
0 0.665 0.215 0.05986946918 2
0 0.665 0.225 0.06019688347 2
0 0.665 0.235 0.0603713134 2
0 0.665 0.245 0.06044434519 2
0 0.665 0.255 0.0604504385 2
0 0.665 0.265 0.06041651332 2
0 0.665 0.275 0.06036421184 2
0 0.665 0.285 0.06031222139 2
0 0.665 0.295 0.06027713681 2
0 0.665 0.305 0.06027532552 2
0 0.665 0.315 0.06032026783 2
0 0.665 0.325 0.06043266626 2
0 0.665 0.335 0.06061035383 2
0 0.665 0.345 0.06092131818 2
0 0.665 0.355 0.06121669601 2
0 0.665 0.365 0.0620142895 2
0 0.665 0.375 0.06177333484 2
0 0.665 0.385 0.06529714036 2
0 0.665 0.395 0.05780038894 2
0 0.665 0.405 0.03782301037 2
0 0.665 0.415 0.01528558012 2
0 0.665 0.425 0 2
0 0.665 0.435 0 2
0 0.665 0.445 0 2
0 0.665 0.455 0 2
0 0.665 0.465 0 2
0 0.675 -0.455 0 2
0 0.675 -0.445 0 2
0 0.675 -0.435 0 2
0 0.675 -0.425 0 2
0 0.675 -0.415 0.01523300671 2
0 0.675 -0.405 0.03769863268 2
0 0.675 -0.395 0.05760612018 2
0 0.675 -0.385 0.06509999884 2
0 0.675 -0.375 0.06163678665 2
0 0.675 -0.365 0.06197043535 2
0 0.675 -0.355 0.06130316805 2
0 0.675 -0.345 0.06116544794 2
0 0.675 -0.335 0.06103317086 2
0 0.675 -0.325 0.06104686803 2
0 0.675 -0.315 0.06113219426 2
0 0.675 -0.305 0.06128792581 2
0 0.675 -0.295 0.06149478004 2
0 0.675 -0.285 0.06174678872 2
0 0.675 -0.275 0.06204122583 2
0 0.675 -0.265 0.06238060043 2
0 0.675 -0.255 0.06276870108 2
0 0.675 -0.245 0.06320752685 2
0 0.675 -0.235 0.06369331744 2
0 0.675 -0.225 0.06421421318 2
0 0.675 -0.215 0.06474915237 2
0 0.675 -0.205 0.06527044899 2
0 0.675 -0.195 0.06574683139 2
0 0.675 -0.185 0.06614979034 2
0 0.675 -0.175 0.06645787047 2
0 0.675 -0.165 0.06665999578 2
0 0.675 -0.155 0.06675705632 2
0 0.675 -0.145 0.06675943326 2
0 0.675 -0.135 0.06668478271 2
0 0.675 -0.125 0.06655374663 2
0 0.675 -0.115 0.06638718372 2
0 0.675 -0.105 0.06620374634 2
0 0.675 -0.095 0.06601891068 2
0 0.675 -0.085 0.06584436109 2
0 0.675 -0.075 0.06568780786 2
0 0.675 -0.065 0.06555281824 2
0 0.675 -0.055 0.06543879749 2
0 0.675 -0.045 0.06534110997 2
0 0.675 -0.035 0.06525128729 2
0 0.675 -0.025 0.06515719576 2
0 0.675 -0.015 0.06504302153 2
0 0.675 -0.005 0.0648890668 2
0 0.675 0.005 0.06467118891 2
0 0.675 0.015 0.06436222781 2
0 0.675 0.025 0.06392617528 2
0 0.675 0.035 0.06336249392 2
0 0.675 0.045 0.06255364407 2
0 0.675 0.055 0.06137769725 2
0 0.675 0.065 0.05917694777 2
0 0.675 0.075 0.05666156092 2
0 0.675 0.085 0.05316772187 1
0 0.675 0.095 0.05084678106 1
0 0.675 0.105 0.04919579701 1
0 0.675 0.115 0.04833095056 1
0 0.675 0.125 0.04800304403 1
0 0.675 0.135 0.04796606172 1
0 0.675 0.145 0.0490126869 1
0 0.675 0.155 0.05092291081 1
0 0.675 0.165 0.0541538048 2
0 0.675 0.175 0.05684740795 2
0 0.675 0.185 0.05894394839 2
0 0.675 0.195 0.06018428792 2
0 0.675 0.205 0.0609843272 2
0 0.675 0.215 0.06145205199 2
0 0.675 0.225 0.06170448054 2
0 0.675 0.235 0.06180578016 2
0 0.675 0.245 0.06180347438 2
0 0.675 0.255 0.06173135469 2
0 0.675 0.265 0.06161573188 2
0 0.675 0.275 0.06147807149 2
0 0.675 0.285 0.06133708653 2
0 0.675 0.295 0.06120964295 2
0 0.675 0.305 0.06111264873 2
0 0.675 0.315 0.06106044935 2
0 0.675 0.325 0.06107497896 2
0 0.675 0.335 0.06115573225 2
0 0.675 0.345 0.06137275092 2
0 0.675 0.355 0.06157966697 2
0 0.675 0.365 0.06229707286 2
0 0.675 0.375 0.06198667744 2
0 0.675 0.385 0.0654570361 2
0 0.675 0.395 0.05791460785 2
0 0.675 0.405 0.0378840958 2
0 0.675 0.415 0.01531098072 2
0 0.675 0.425 0 2
0 0.675 0.435 0 2
0 0.675 0.445 0 2
0 0.675 0.455 0 2
0 0.675 0.465 0 2
0 0.685 -0.455 0 2
0 0.685 -0.445 0 2
0 0.685 -0.435 0 2
0 0.685 -0.425 0 2
0 0.685 -0.415 0.01515704466 2
0 0.685 -0.405 0.03750658203 2
0 0.685 -0.395 0.05733684665 2
0 0.685 -0.385 0.06483207192 2
0 0.685 -0.375 0.06146085593 2
0 0.685 -0.365 0.0618841407 2
0 0.685 -0.355 0.06133111539 2
0 0.685 -0.345 0.06131766135 2
0 0.685 -0.335 0.06131875051 2
0 0.685 -0.325 0.06146921717 2
0 0.685 -0.315 0.06169092159 2
0 0.685 -0.305 0.06197940162 2
0 0.685 -0.295 0.06231363206 2
0 0.685 -0.285 0.06268789497 2
0 0.685 -0.275 0.06310144065 2
0 0.685 -0.265 0.0635604833 2
0 0.685 -0.255 0.06407301342 2
0 0.685 -0.245 0.06464485341 2
0 0.685 -0.235 0.06527360926 2
0 0.685 -0.225 0.06594556677 2
0 0.685 -0.215 0.0666326836 2
0 0.685 -0.205 0.06729780141 2
0 0.685 -0.195 0.06789716617 2
0 0.685 -0.185 0.06839316875 2
0 0.685 -0.175 0.06875969708 2
0 0.685 -0.165 0.0689872318 2
0 0.685 -0.155 0.06908494691 2
0 0.685 -0.145 0.06907334223 2
0 0.685 -0.135 0.06898076705 2
0 0.685 -0.125 0.06883537615 2
0 0.685 -0.115 0.068662039 2
0 0.685 -0.105 0.06847995636 2
0 0.685 -0.095 0.06830293243 2
0 0.685 -0.085 0.06814002164 2
0 0.685 -0.075 0.06799607781 2
0 0.685 -0.065 0.06787207028 2
0 0.685 -0.055 0.0677649883 2
0 0.685 -0.045 0.06766783179 2
0 0.685 -0.035 0.06756957497 2
0 0.685 -0.025 0.06745509155 2
0 0.685 -0.015 0.0673047732 2
0 0.685 -0.005 0.06709344408 2
0 0.685 0.005 0.06678910007 2
0 0.685 0.015 0.06634875654 2
0 0.685 0.025 0.06571811446 2
0 0.685 0.035 0.06481707699 2
0 0.685 0.045 0.06353611254 2
0 0.685 0.055 0.06168505779 2
0 0.685 0.065 0.05901710934 2
0 0.685 0.075 0.05591119056 1
0 0.685 0.085 0.05297624435 1
0 0.685 0.095 0.05116047736 1
0 0.685 0.105 0.050142184 1
0 0.685 0.115 0.04965286595 1
0 0.685 0.125 0.04943678907 1
0 0.685 0.135 0.04984743528 1
0 0.685 0.145 0.05126740613 1
0 0.685 0.155 0.05394511008 1
0 0.685 0.165 0.05708950658 2
0 0.685 0.175 0.05971972174 2
0 0.685 0.185 0.0614393941 2
0 0.685 0.195 0.06239237606 2
0 0.685 0.205 0.06292741524 2
0 0.685 0.215 0.06322835882 2
0 0.685 0.225 0.06334423134 2
0 0.685 0.235 0.06332949718 2
0 0.685 0.245 0.063220084 2
0 0.685 0.255 0.06304492459 2
0 0.685 0.265 0.06282704789 2
0 0.685 0.275 0.06258603368 2
0 0.685 0.285 0.06233946407 2
0 0.685 0.295 0.06210367917 2
0 0.685 0.305 0.06189557672 2
0 0.685 0.315 0.06173002712 2
0 0.685 0.325 0.06163001599 2
0 0.685 0.335 0.0615967916 2
0 0.685 0.345 0.06170250852 2
0 0.685 0.355 0.06180428888 2
0 0.685 0.365 0.06242453928 2
0 0.685 0.375 0.06203320184 2
0 0.685 0.385 0.06543004902 2
0 0.685 0.395 0.05785949045 2
0 0.685 0.405 0.0378326108 2
0 0.685 0.415 0.0152911818 2
0 0.685 0.425 0 2
0 0.685 0.435 0 2
0 0.685 0.445 0 2
0 0.685 0.455 0 2
0 0.685 0.465 0 2
0 0.695 -0.455 0 2
0 0.695 -0.445 0 2
0 0.695 -0.435 0 2
0 0.695 -0.425 0 2
0 0.695 -0.415 0.01502336139 2
0 0.695 -0.405 0.03717064339 2
0 0.695 -0.395 0.05685087919 2
0 0.695 -0.385 0.06432471328 2
0 0.695 -0.375 0.06107138173 2
0 0.695 -0.365 0.06160058008 2
0 0.695 -0.355 0.06118694371 2
0 0.695 -0.345 0.06132445836 2
0 0.695 -0.335 0.06148744221 2
0 0.695 -0.325 0.06180195324 2
0 0.695 -0.315 0.06218314729 2
0 0.695 -0.305 0.06262072594 2
0 0.695 -0.295 0.0630898869 2
0 0.695 -0.285 0.06358529569 2
0 0.695 -0.275 0.06410974137 2
0 0.695 -0.265 0.06467717903 2
0 0.695 -0.255 0.06530523387 2
0 0.695 -0.245 0.06601058121 2
0 0.695 -0.235 0.06679765469 2
0 0.695 -0.225 0.06765391286 2
0 0.695 -0.215 0.06854009896 2
0 0.695 -0.205 0.06940286303 2
0 0.695 -0.195 0.07017211536 2
0 0.695 -0.185 0.07079170605 2
0 0.695 -0.175 0.07122435612 2
0 0.695 -0.165 0.07146137607 2
0 0.695 -0.155 0.07152860046 2
0 0.695 -0.145 0.07146500977 2
0 0.695 -0.135 0.07131948641 2
0 0.695 -0.125 0.07113213132 2
0 0.695 -0.115 0.0709326341 2
0 0.695 -0.105 0.07073886138 2
0 0.695 -0.095 0.07056107887 2
0 0.695 -0.085 0.07040498231 2
0 0.695 -0.075 0.07027267609 2
0 0.695 -0.065 0.07016270436 2
0 0.695 -0.055 0.07006963349 2
0 0.695 -0.045 0.06998404009 2
0 0.695 -0.035 0.06989231178 2
0 0.695 -0.025 0.06977663075 2
0 0.695 -0.015 0.0696144154 2
0 0.695 -0.005 0.06937665841 2
0 0.695 0.005 0.06902616589 2
0 0.695 0.015 0.06850805281 2
0 0.695 0.025 0.06775654462 2
0 0.695 0.035 0.06661942442 2
0 0.695 0.045 0.06505569561 2
0 0.695 0.055 0.06271789848 2
0 0.695 0.065 0.05977334269 2
0 0.695 0.075 0.0561809651 1
0 0.695 0.085 0.05376134544 1
0 0.695 0.095 0.05207456404 1
0 0.695 0.105 0.05143572187 1
0 0.695 0.115 0.05104649823 1
0 0.695 0.125 0.05127273599 1
0 0.695 0.135 0.05247654953 1
0 0.695 0.145 0.05469065179 1
0 0.695 0.155 0.05825694509 2
0 0.695 0.165 0.06109272738 2
0 0.695 0.175 0.06337665718 2
0 0.695 0.185 0.06444126032 2
0 0.695 0.195 0.06491786047 2
0 0.695 0.205 0.06509989275 2
0 0.695 0.215 0.0651679416 2
0 0.695 0.225 0.06510057013 2
0 0.695 0.235 0.06493459647 2
0 0.695 0.245 0.0646908609 2
0 0.695 0.255 0.06439059469 2
0 0.695 0.265 0.06405163624 2
0 0.695 0.275 0.06369031208 2
0 0.695 0.285 0.06332207338 2
0 0.695 0.295 0.06296198425 2
0 0.695 0.305 0.06262636553 2
0 0.695 0.315 0.06233022244 2
0 0.695 0.325 0.06209734778 2
0 0.695 0.335 0.06193080369 2
0 0.695 0.345 0.06190489747 2
0 0.695 0.355 0.06188141446 2
0 0.695 0.365 0.06238354225 2
0 0.695 0.375 0.06189625814 2
0 0.695 0.385 0.06519467426 2
0 0.695 0.395 0.05761427914 2
0 0.695 0.405 0.03765405856 2
0 0.695 0.415 0.015220361 2
0 0.695 0.425 0 2
0 0.695 0.435 0 2
0 0.695 0.445 0 2
0 0.695 0.455 0 2
0 0.695 0.465 0 2
0 0.705 -0.455 0 2
0 0.705 -0.445 0 2
0 0.705 -0.435 0 2
0 0.705 -0.425 0 2
0 0.705 -0.415 0.01482413458 2
0 0.705 -0.405 0.03667082468 2
0 0.705 -0.395 0.05611981815 2
0 0.705 -0.385 0.06354763163 2
0 0.705 -0.375 0.06044360194 2
0 0.705 -0.365 0.0610980913 2
0 0.705 -0.355 0.06085344972 2
0 0.705 -0.345 0.06117393506 2
0 0.705 -0.335 0.06153385133 2
0 0.705 -0.325 0.06204693399 2
0 0.705 -0.315 0.06261697419 2
0 0.705 -0.305 0.06322413809 2
0 0.705 -0.295 0.0638360068 2
0 0.705 -0.285 0.06444807911 2
0 0.705 -0.275 0.06506819622 2
0 0.705 -0.265 0.06572338933 2
0 0.705 -0.255 0.06644703266 2
0 0.705 -0.245 0.06727423152 2
0 0.705 -0.235 0.06822208057 2
0 0.705 -0.225 0.06928625518 2
0 0.705 -0.215 0.07041413912 2
0 0.705 -0.205 0.07153448301 2
0 0.705 -0.195 0.07252815671 2
0 0.705 -0.185 0.07330874817 2
0 0.705 -0.175 0.07381822231 2
0 0.705 -0.165 0.07404790925 2
0 0.705 -0.155 0.07405697463 2
0 0.705 -0.145 0.07390905084 2
0 0.705 -0.135 0.07368248819 2
0 0.705 -0.125 0.07343066163 2
0 0.705 -0.115 0.0731885454 2
0 0.705 -0.105 0.07297276817 2
0 0.705 -0.095 0.07278811457 2
0 0.705 -0.085 0.07263620994 2
0 0.705 -0.075 0.07251643224 2
0 0.705 -0.065 0.07242565575 2
0 0.705 -0.055 0.07235605248 2
0 0.705 -0.045 0.07229565949 2
0 0.705 -0.035 0.07222812249 2
0 0.705 -0.025 0.07213329934 2
0 0.705 -0.015 0.07198674795 2
0 0.705 -0.005 0.07175817348 2
0 0.705 0.005 0.07140953536 2
0 0.705 0.015 0.07088277321 2
0 0.705 0.025 0.07011093505 2
0 0.705 0.035 0.06890702662 2
0 0.705 0.045 0.06727212322 2
0 0.705 0.055 0.06467317775 2
0 0.705 0.065 0.06143369209 2
0 0.705 0.075 0.05746410685 1
0 0.705 0.085 0.0549935943 1
0 0.705 0.095 0.05333425705 1
0 0.705 0.105 0.05299785508 1
0 0.705 0.115 0.05302931989 1
0 0.705 0.125 0.054234296 1
0 0.705 0.135 0.05655596404 1
0 0.705 0.145 0.05988767367 1
0 0.705 0.155 0.06351155599 2
0 0.705 0.165 0.06582020661 2
0 0.705 0.175 0.06728862839 2
0 0.705 0.185 0.06760673147 2
0 0.705 0.195 0.06759064854 2
0 0.705 0.205 0.06741942251 2
0 0.705 0.215 0.06722428227 2
0 0.705 0.225 0.0669475747 2
0 0.705 0.235 0.06660681761 2
0 0.705 0.245 0.06620870541 2
0 0.705 0.255 0.06576581172 2
0 0.705 0.265 0.06528993679 2
0 0.705 0.275 0.06479331219 2
0 0.705 0.285 0.06428852284 2
0 0.705 0.295 0.06378871056 2
0 0.705 0.305 0.06330905445 2
0 0.705 0.315 0.06286424111 2
0 0.705 0.325 0.06247852023 2
0 0.705 0.335 0.06215674275 2
0 0.705 0.345 0.06197532526 2
0 0.705 0.355 0.06180207047 2
0 0.705 0.365 0.06215981498 2
0 0.705 0.375 0.06155674128 2
0 0.705 0.385 0.06472512785 2
0 0.705 0.395 0.05715363309 2
0 0.705 0.405 0.03733051596 2
0 0.705 0.415 0.01509130875 2
0 0.705 0.425 0 2
0 0.705 0.435 0 2
0 0.705 0.445 0 2
0 0.705 0.455 0 2
0 0.705 0.465 0 2
0 0.715 -0.455 0 2
0 0.715 -0.445 0 2
0 0.715 -0.435 0 2
0 0.715 -0.425 0 2
0 0.715 -0.415 0.01455008803 2
0 0.715 -0.405 0.03598318703 2
0 0.715 -0.395 0.0551098857 2
0 0.715 -0.385 0.0624644641 2
0 0.715 -0.375 0.05954728297 2
0 0.715 -0.365 0.06034994047 2
0 0.715 -0.355 0.0603106461 2
0 0.715 -0.345 0.06085646873 2
0 0.715 -0.335 0.06146218113 2
0 0.715 -0.325 0.0622246007 2
0 0.715 -0.315 0.06302659091 2
0 0.715 -0.305 0.06383301528 2
0 0.715 -0.295 0.06459436086 2
0 0.715 -0.285 0.06530901706 2
0 0.715 -0.275 0.06599132987 2
0 0.715 -0.265 0.06669222999 2
0 0.715 -0.255 0.06746811628 2
0 0.715 -0.245 0.06838872842 2
0 0.715 -0.235 0.06950961016 2
0 0.715 -0.225 0.07087217705 2
0 0.715 -0.215 0.07239110484 2
0 0.715 -0.205 0.07397862919 2
0 0.715 -0.195 0.07537126415 2
0 0.715 -0.185 0.07640518846 2
0 0.715 -0.175 0.07696801547 2
0 0.715 -0.165 0.07704856799 2
0 0.715 -0.155 0.07682430564 2
0 0.715 -0.145 0.07643214694 2
0 0.715 -0.135 0.07603237051 2
0 0.715 -0.125 0.07568276217 2
0 0.715 -0.115 0.07539748564 2
0 0.715 -0.105 0.07515921704 2
0 0.715 -0.095 0.07496664082 2
0 0.715 -0.085 0.07482005984 2
0 0.715 -0.075 0.07471664674 2
0 0.715 -0.065 0.07465320907 2
0 0.715 -0.055 0.07461945469 2
0 0.715 -0.045 0.07460066799 2
0 0.715 -0.035 0.07457729917 2
0 0.715 -0.025 0.07452712931 2
0 0.715 -0.015 0.07442482924 2
0 0.715 -0.005 0.07424167612 2
0 0.715 0.005 0.07394373959 2
0 0.715 0.015 0.07348138691 2
0 0.715 0.025 0.07279945698 2
0 0.715 0.035 0.07173451306 2
0 0.715 0.045 0.07026249748 2
0 0.715 0.055 0.06788479703 2
0 0.715 0.065 0.0646802929 2
0 0.715 0.075 0.06059399293 1
0 0.715 0.085 0.05774387525 1
0 0.715 0.095 0.05615447726 1
0 0.715 0.105 0.05629040003 1
0 0.715 0.115 0.05751812 1
0 0.715 0.125 0.05990695883 1
0 0.715 0.135 0.06317963724 1
0 0.715 0.145 0.06665970607 2
0 0.715 0.155 0.06932963942 2
0 0.715 0.165 0.07080798678 2
0 0.715 0.175 0.07116037492 2
0 0.715 0.185 0.07077340262 2
0 0.715 0.195 0.07028955326 2
0 0.715 0.205 0.06980538585 2
0 0.715 0.215 0.06934557748 2
0 0.715 0.225 0.06885214794 2
0 0.715 0.235 0.06832521631 2
0 0.715 0.245 0.06776079557 2
0 0.715 0.255 0.06716330123 2
0 0.715 0.265 0.06653857684 2
0 0.715 0.275 0.06589443845 2
0 0.715 0.285 0.06524015184 2
0 0.715 0.295 0.06458640639 2
0 0.715 0.305 0.06394666893 2
0 0.715 0.315 0.06333475552 2
0 0.715 0.325 0.06277484439 2
0 0.715 0.335 0.06227336983 2
0 0.715 0.345 0.06190860427 2
0 0.715 0.355 0.06155585818 2
0 0.715 0.365 0.06173627892 2
0 0.715 0.375 0.06099121888 2
0 0.715 0.385 0.06398908204 2
0 0.715 0.395 0.05644548454 2
0 0.715 0.405 0.03683912638 2
0 0.715 0.415 0.01489483834 2
0 0.715 0.425 0 2
0 0.715 0.435 0 2
0 0.715 0.445 0 2
0 0.715 0.455 0 2
0 0.715 0.465 0 2
0 0.725 -0.455 0 2
0 0.725 -0.445 0 2
0 0.725 -0.435 0 2
0 0.725 -0.425 0 2
0 0.725 -0.415 0.01419106134 2
0 0.725 -0.405 0.03508150979 2
0 0.725 -0.395 0.05378532586 2
0 0.725 -0.385 0.06103770926 2
0 0.725 -0.375 0.0583520577 2
0 0.725 -0.365 0.05932581242 2
0 0.725 -0.355 0.05952667247 2
0 0.725 -0.345 0.060338525 2
0 0.725 -0.335 0.06124175271 2
0 0.725 -0.325 0.06231664031 2
0 0.725 -0.315 0.06340791284 2
0 0.725 -0.305 0.06445758535 2
0 0.725 -0.295 0.06537904476 2
0 0.725 -0.285 0.06618379266 2
0 0.725 -0.275 0.06688881055 2
0 0.725 -0.265 0.067581343 2
0 0.725 -0.255 0.06834673814 2
0 0.725 -0.245 0.06929432548 2
0 0.725 -0.235 0.07052863264 2
0 0.725 -0.225 0.07211517599 2
0 0.725 -0.215 0.07394359243 2
0 0.725 -0.205 0.07597027852 2
0 0.725 -0.195 0.07774228882 2
0 0.725 -0.185 0.07906411534 2
0 0.725 -0.175 0.07977803105 2
0 0.725 -0.165 0.07981050356 2
0 0.725 -0.155 0.07947382941 2
0 0.725 -0.145 0.07892777437 2
0 0.725 -0.135 0.0783679095 2
0 0.725 -0.125 0.07791270889 2
0 0.725 -0.115 0.07757244304 2
0 0.725 -0.105 0.07731467312 2
0 0.725 -0.095 0.07710542251 2
0 0.725 -0.085 0.07695826134 2
0 0.725 -0.075 0.07687182279 2
0 0.725 -0.065 0.07684515632 2
0 0.725 -0.055 0.07686313419 2
0 0.725 -0.045 0.07690636051 2
0 0.725 -0.035 0.07695016606 2
0 0.725 -0.025 0.07697012136 2
0 0.725 -0.015 0.07694000102 2
0 0.725 -0.005 0.07683496985 2
0 0.725 0.005 0.07662909177 2
0 0.725 0.015 0.07629144917 2
0 0.725 0.025 0.07579045224 2
0 0.725 0.035 0.0750425474 2
0 0.725 0.045 0.07399799496 2
0 0.725 0.055 0.07231312362 2
0 0.725 0.065 0.06971506038 2
0 0.725 0.075 0.06648704878 1
0 0.725 0.085 0.06365437748 1
0 0.725 0.095 0.06259856823 1
0 0.725 0.105 0.06326718779 1
0 0.725 0.115 0.06565200011 1
0 0.725 0.125 0.06840986243 1
0 0.725 0.135 0.07157997661 2
0 0.725 0.145 0.07397175773 2
0 0.725 0.155 0.07520462429 2
0 0.725 0.165 0.07537045517 2
0 0.725 0.175 0.07468959542 2
0 0.725 0.185 0.07379823314 2
0 0.725 0.195 0.07295159081 2
0 0.725 0.205 0.07220308359 2
0 0.725 0.215 0.07149663848 2
0 0.725 0.225 0.07079307606 2
0 0.725 0.235 0.07007899767 2
0 0.725 0.245 0.0693438242 2
0 0.725 0.255 0.06858520775 2
0 0.725 0.265 0.06780372673 2
0 0.725 0.275 0.06700285907 2
0 0.725 0.285 0.06618832605 2
0 0.725 0.295 0.06536792357 2
0 0.725 0.305 0.06455279782 2
0 0.725 0.315 0.06375518509 2
0 0.725 0.325 0.06299836207 2
0 0.725 0.335 0.06228976951 2
0 0.725 0.345 0.06170878701 2
0 0.725 0.355 0.06113968776 2
0 0.725 0.365 0.06110013916 2
0 0.725 0.375 0.06017705876 2
0 0.725 0.385 0.0629503167 2
0 0.725 0.395 0.05545197208 2
0 0.725 0.405 0.03615204011 2
0 0.725 0.415 0.01461967031 2
0 0.725 0.425 0 2
0 0.725 0.435 0 2
0 0.725 0.445 0 2
0 0.725 0.455 0 2
0 0.725 0.465 0 2
0 0.735 -0.455 0 2
0 0.735 -0.445 0 2
0 0.735 -0.435 0 2
0 0.735 -0.425 0 2
0 0.735 -0.415 0.01373455951 2
0 0.735 -0.405 0.03393344615 2
0 0.735 -0.395 0.05210176546 2
0 0.735 -0.385 0.05921963652 2
0 0.735 -0.375 0.05681540358 2
0 0.735 -0.365 0.05797819431 2
0 0.735 -0.355 0.05845549008 2
0 0.735 -0.345 0.05960351926 2
0 0.735 -0.335 0.06091450409 2
0 0.735 -0.325 0.06245535081 2
0 0.735 -0.315 0.06396544956 2
0 0.735 -0.305 0.06535688886 2
0 0.735 -0.295 0.06642373266 2
0 0.735 -0.285 0.06723040663 2
0 0.735 -0.275 0.06780027164 2
0 0.735 -0.265 0.06835458967 2
0 0.735 -0.255 0.06900355073 2
0 0.735 -0.245 0.06988501556 2
0 0.735 -0.235 0.07108318879 2
0 0.735 -0.225 0.07258979985 2
0 0.735 -0.215 0.07428259781 2
0 0.735 -0.205 0.07610321096 2
0 0.735 -0.195 0.07775922944 2
0 0.735 -0.185 0.0792687878 2
0 0.735 -0.175 0.08043880676 2
0 0.735 -0.165 0.08106687133 2
0 0.735 -0.155 0.0811518698 2
0 0.735 -0.145 0.08087423706 2
0 0.735 -0.135 0.08036346467 2
0 0.735 -0.125 0.07994393452 2
0 0.735 -0.115 0.07959586942 2
0 0.735 -0.105 0.07934869789 2
0 0.735 -0.095 0.07913045392 2
0 0.735 -0.085 0.07899125021 2
0 0.735 -0.075 0.07893282777 2
0 0.735 -0.065 0.07895988172 2
0 0.735 -0.055 0.07905026078 2
0 0.735 -0.045 0.07917905429 2
0 0.735 -0.035 0.07931398184 2
0 0.735 -0.025 0.07942881367 2
0 0.735 -0.015 0.07949468424 2
0 0.735 -0.005 0.07949221125 2
0 0.735 0.005 0.07940458603 2
0 0.735 0.015 0.07922622344 2
0 0.735 0.025 0.07895618386 2
0 0.735 0.035 0.07861872113 2
0 0.735 0.045 0.07820785569 2
0 0.735 0.055 0.07757811657 2
0 0.735 0.065 0.07615714763 2
0 0.735 0.075 0.07463299269 2
0 0.735 0.085 0.07286556955 1
0 0.735 0.095 0.07275193367 1
0 0.735 0.105 0.07370914309 1
0 0.735 0.115 0.07603121582 2
0 0.735 0.125 0.07817420212 2
0 0.735 0.135 0.07999443743 2
0 0.735 0.145 0.08062926941 2
0 0.735 0.155 0.08024782308 2
0 0.735 0.165 0.07915724524 2
0 0.735 0.175 0.07782458216 2
0 0.735 0.185 0.07659859415 2
0 0.735 0.195 0.07551071063 2
0 0.735 0.205 0.07454258813 2
0 0.735 0.215 0.07362042852 2
0 0.735 0.225 0.07272292049 2
0 0.735 0.235 0.07182929335 2
0 0.735 0.245 0.07092588724 2
0 0.735 0.255 0.07000537397 2
0 0.735 0.265 0.06906402113 2
0 0.735 0.275 0.06810128674 2
0 0.735 0.285 0.06711927809 2
0 0.735 0.295 0.06612252285 2
0 0.735 0.305 0.06511919347 2
0 0.735 0.315 0.06411906075 2
0 0.735 0.325 0.0631432817 2
0 0.735 0.335 0.06219919055 2
0 0.735 0.345 0.06136569385 2
0 0.735 0.355 0.06053715734 2
0 0.735 0.365 0.06022490877 2
0 0.735 0.375 0.05907689413 2
0 0.735 0.385 0.06155489921 2
0 0.735 0.395 0.0541185119 2
0 0.735 0.405 0.0352295925 2
0 0.735 0.415 0.01424992006 2
0 0.735 0.425 0 2
0 0.735 0.435 0 2
0 0.735 0.445 0 2
0 0.735 0.455 0 2
0 0.735 0.465 0 2
0 0.745 -0.455 0 2
0 0.745 -0.445 0 2
0 0.745 -0.435 0 2
0 0.745 -0.425 0 2
0 0.745 -0.415 0.01316949305 2
0 0.745 -0.405 0.0325124108 2
0 0.745 -0.395 0.0500308515 2
0 0.745 -0.385 0.05699251732 2
0 0.745 -0.375 0.05494140364 2
0 0.745 -0.365 0.05631014517 2
0 0.745 -0.355 0.05707522653 2
0 0.745 -0.345 0.05853703402 2
0 0.745 -0.335 0.06023825816 2
0 0.745 -0.325 0.06227652149 2
0 0.745 -0.315 0.06427140613 2
0 0.745 -0.305 0.06612463078 2
0 0.745 -0.295 0.06742509752 2
0 0.745 -0.285 0.06833990641 2
0 0.745 -0.275 0.06879670391 2
0 0.745 -0.265 0.06914729119 2
0 0.745 -0.255 0.06952841078 2
0 0.745 -0.245 0.07014961748 2
0 0.745 -0.235 0.07098247736 2
0 0.745 -0.225 0.0717639969 2
0 0.745 -0.215 0.07243386231 2
0 0.745 -0.205 0.07297784061 2
0 0.745 -0.195 0.07392946764 2
0 0.745 -0.185 0.07550796964 2
0 0.745 -0.175 0.07749155295 2
0 0.745 -0.165 0.07972984799 2
0 0.745 -0.155 0.08127981533 2
0 0.745 -0.145 0.08229958907 2
0 0.745 -0.135 0.08239785986 2
0 0.745 -0.125 0.0822373176 2
0 0.745 -0.115 0.08185704269 2
0 0.745 -0.105 0.08151914297 2
0 0.745 -0.095 0.08117450508 2
0 0.745 -0.085 0.08098670886 2
0 0.745 -0.075 0.08094906918 2
0 0.745 -0.065 0.08105831629 2
0 0.745 -0.055 0.08125165617 2
0 0.745 -0.045 0.08150078522 2
0 0.745 -0.035 0.08176131857 2
0 0.745 -0.025 0.08200568862 2
0 0.745 -0.015 0.08219428411 2
0 0.745 -0.005 0.0823134422 2
0 0.745 0.005 0.08235013044 2
0 0.745 0.015 0.08232835886 2
0 0.745 0.025 0.08227618599 2
0 0.745 0.035 0.08230298533 2
0 0.745 0.045 0.08246776198 2
0 0.745 0.055 0.08288918725 2
0 0.745 0.065 0.08306798424 2
0 0.745 0.075 0.08335887704 2
0 0.745 0.085 0.08327106472 2
0 0.745 0.095 0.08380192124 2
0 0.745 0.105 0.08478618049 2
0 0.745 0.115 0.08597318889 2
0 0.745 0.125 0.08672811243 2
0 0.745 0.135 0.0865486837 2
0 0.745 0.145 0.08557821974 2
0 0.745 0.155 0.0840817507 2
0 0.745 0.165 0.08239250837 2
0 0.745 0.175 0.08077009005 2
0 0.745 0.185 0.07932854834 2
0 0.745 0.195 0.07804936007 2
0 0.745 0.205 0.07688140116 2
0 0.745 0.215 0.07577310962 2
0 0.745 0.225 0.07469916128 2
0 0.745 0.235 0.07363681118 2
0 0.745 0.245 0.0725708178 2
0 0.745 0.255 0.07149037108 2
0 0.745 0.265 0.07038824823 2
0 0.745 0.275 0.06926023879 2
0 0.745 0.285 0.06810480832 2
0 0.745 0.295 0.06692285148 2
0 0.745 0.305 0.06571883665 2
0 0.745 0.315 0.06449896167 2
0 0.745 0.325 0.06328052482 2
0 0.745 0.335 0.06206880777 2
0 0.745 0.345 0.06093878488 2
0 0.745 0.355 0.05979447724 2
0 0.745 0.365 0.05913521577 2
0 0.745 0.375 0.05768989113 2
0 0.745 0.385 0.05976624928 2
0 0.745 0.395 0.05239492855 2
0 0.745 0.405 0.03402966324 2
0 0.745 0.415 0.01376802317 2
0 0.745 0.425 0 2
0 0.745 0.435 0 2
0 0.745 0.445 0 2
0 0.745 0.455 0 2
0 0.745 0.465 0 2
0 0.755 -0.455 0 2
0 0.755 -0.445 0 2
0 0.755 -0.435 0 2
0 0.755 -0.425 0 2
0 0.755 -0.415 0.01247133688 2
0 0.755 -0.405 0.03075560993 2
0 0.755 -0.395 0.04748593557 2
0 0.755 -0.385 0.05426549621 2
0 0.755 -0.375 0.05264261326 2
0 0.755 -0.365 0.0542028777 2
0 0.755 -0.355 0.05520117446 2
0 0.755 -0.345 0.05676409571 2
0 0.755 -0.335 0.05855961119 2
0 0.755 -0.325 0.06064985076 2
0 0.755 -0.315 0.0628801861 2
0 0.755 -0.305 0.06525387647 2
0 0.755 -0.295 0.06718680331 2
0 0.755 -0.285 0.06862689487 2
0 0.755 -0.275 0.06921774262 2
0 0.755 -0.265 0.06944666922 2
0 0.755 -0.255 0.06953839166 2
0 0.755 -0.245 0.06964010656 2
0 0.755 -0.235 0.06957570653 2
0 0.755 -0.225 0.06892596311 2
0 0.755 -0.215 0.0678909719 2
0 0.755 -0.205 0.06681911473 1
0 0.755 -0.195 0.0669669693 1
0 0.755 -0.185 0.06847569843 1
0 0.755 -0.175 0.07127089638 1
0 0.755 -0.165 0.07532434165 2
0 0.755 -0.155 0.07890547234 2
0 0.755 -0.145 0.08180724845 2
0 0.755 -0.135 0.08313396296 2
0 0.755 -0.125 0.08358770061 2
0 0.755 -0.115 0.08337042767 2
0 0.755 -0.105 0.0831109797 2
0 0.755 -0.095 0.08275376778 2
0 0.755 -0.085 0.0826060033 2
0 0.755 -0.075 0.08264491337 2
0 0.755 -0.065 0.08288224001 2
0 0.755 -0.055 0.08320632689 2
0 0.755 -0.045 0.08359818961 2
0 0.755 -0.035 0.08399997249 2
0 0.755 -0.025 0.08439294832 2
0 0.755 -0.015 0.08470975521 2
0 0.755 -0.005 0.08495099829 2
0 0.755 0.005 0.08509472113 2
0 0.755 0.015 0.08520294888 2
0 0.755 0.025 0.08531538431 2
0 0.755 0.035 0.08559487037 2
0 0.755 0.045 0.0861312364 2
0 0.755 0.055 0.08710233815 2
0 0.755 0.065 0.08831295826 2
0 0.755 0.075 0.08968564276 2
0 0.755 0.085 0.09091501101 2
0 0.755 0.095 0.09177844227 2
0 0.755 0.105 0.09244499755 2
0 0.755 0.115 0.09235493068 2
0 0.755 0.125 0.09179372039 2
0 0.755 0.135 0.09036295904 2
0 0.755 0.145 0.08864633843 2
0 0.755 0.155 0.08674496391 2
0 0.755 0.165 0.08491908684 2
0 0.755 0.175 0.08322457235 2
0 0.755 0.185 0.08169936246 2
0 0.755 0.195 0.08029525273 2
0 0.755 0.205 0.07897486132 2
0 0.755 0.215 0.07771352222 2
0 0.755 0.225 0.07648711522 2
0 0.755 0.235 0.07527468265 2
0 0.755 0.245 0.07406017446 2
0 0.755 0.255 0.07283054928 2
0 0.755 0.265 0.07157577784 2
0 0.755 0.275 0.07028836967 2
0 0.755 0.285 0.06896322153 2
0 0.755 0.295 0.06759735895 2
0 0.755 0.305 0.06619092571 2
0 0.755 0.315 0.06474547361 2
0 0.755 0.325 0.06327252467 2
0 0.755 0.335 0.06177288297 2
0 0.755 0.345 0.06031235201 2
0 0.755 0.355 0.05880280296 2
0 0.755 0.365 0.05772130826 2
0 0.755 0.375 0.0559015464 2
0 0.755 0.385 0.05744825239 2
0 0.755 0.395 0.05015338553 2
0 0.755 0.405 0.03246125466 2
0 0.755 0.415 0.01313862504 2
0 0.755 0.425 0 2
0 0.755 0.435 0 2
0 0.755 0.445 0 2
0 0.755 0.455 0 2
0 0.755 0.465 0 2
0 0.765 -0.455 0 2
0 0.765 -0.445 0 2
0 0.765 -0.435 0 2
0 0.765 -0.425 0 2
0 0.765 -0.415 0.01163243074 2
0 0.765 -0.405 0.02865904 2
0 0.765 -0.395 0.04452484179 2
0 0.765 -0.385 0.05120765376 2
0 0.765 -0.375 0.05023914567 2
0 0.765 -0.365 0.05207823008 2
0 0.765 -0.355 0.05323044439 2
0 0.765 -0.345 0.05446024472 2
0 0.765 -0.335 0.0557521479 2
0 0.765 -0.325 0.05714361891 2
0 0.765 -0.315 0.05925468055 2
0 0.765 -0.305 0.06193520336 2
0 0.765 -0.295 0.06477591101 2
0 0.765 -0.285 0.06715320567 2
0 0.765 -0.275 0.06859520048 2
0 0.765 -0.265 0.06925901308 2
0 0.765 -0.255 0.06930179335 2
0 0.765 -0.245 0.0686920122 2
0 0.765 -0.235 0.06749627527 2
0 0.765 -0.225 0.06547137256 2
0 0.765 -0.215 0.06323983559 1
0 0.765 -0.205 0.06155764211 1
0 0.765 -0.195 0.06117752356 1
0 0.765 -0.185 0.06234500224 1
0 0.765 -0.175 0.06536925403 1
0 0.765 -0.165 0.06999815757 1
0 0.765 -0.155 0.07508176461 2
0 0.765 -0.145 0.07914016107 2
0 0.765 -0.135 0.08177740966 2
0 0.765 -0.125 0.08336628647 2
0 0.765 -0.115 0.0840407377 2
0 0.765 -0.105 0.08447707109 2
0 0.765 -0.095 0.08450425239 2
0 0.765 -0.085 0.08455015535 2
0 0.765 -0.075 0.08473647231 2
0 0.765 -0.065 0.08513476186 2
0 0.765 -0.055 0.08564131814 2
0 0.765 -0.045 0.08626327329 2
0 0.765 -0.035 0.08690167531 2
0 0.765 -0.025 0.08758051086 2
0 0.765 -0.015 0.08811950633 2
0 0.765 -0.005 0.08854084296 2
0 0.765 0.005 0.08873447954 2
0 0.765 0.015 0.08886318415 2
0 0.765 0.025 0.0889574466 2
0 0.765 0.035 0.08929165542 2
0 0.765 0.045 0.08992311994 2
0 0.765 0.055 0.09101050919 2
0 0.765 0.065 0.09247017946 2
0 0.765 0.075 0.09408340611 2
0 0.765 0.085 0.09564005632 2
0 0.765 0.095 0.09655016015 2
0 0.765 0.105 0.09684982898 2
0 0.765 0.115 0.09616554597 2
0 0.765 0.125 0.09501992726 2
0 0.765 0.135 0.09334133612 2
0 0.765 0.145 0.09154267165 2
0 0.765 0.155 0.08965396803 2
0 0.765 0.165 0.08785298077 2
0 0.765 0.175 0.08613746097 2
0 0.765 0.185 0.08452943933 2
0 0.765 0.195 0.08300273773 2
0 0.765 0.205 0.08154851771 2
0 0.765 0.215 0.0801464496 2
0 0.765 0.225 0.07877622354 2
0 0.765 0.235 0.07741875684 2
0 0.765 0.245 0.07605713483 2
0 0.765 0.255 0.07467649867 2
0 0.765 0.265 0.07326420631 2
0 0.765 0.275 0.07180958722 2
0 0.765 0.285 0.07030386815 2
0 0.765 0.295 0.0687398547 2
0 0.765 0.305 0.067112631 2
0 0.765 0.315 0.06541783084 2
0 0.765 0.325 0.06365884008 2
0 0.765 0.335 0.06182853245 2
0 0.765 0.345 0.05997550296 2
0 0.765 0.355 0.0580133954 2
0 0.765 0.365 0.05636155277 2
0 0.765 0.375 0.0539841152 2
0 0.765 0.385 0.05471573986 2
0 0.765 0.395 0.04740327545 2
0 0.765 0.405 0.03048510028 2
0 0.765 0.415 0.01234087622 2
0 0.765 0.425 0 2
0 0.765 0.435 0 2
0 0.765 0.445 0 2
0 0.765 0.455 0 2
0 0.765 0.465 0 2
0 0.775 -0.455 0 2
0 0.775 -0.445 0 2
0 0.775 -0.435 0 2
0 0.775 -0.425 0 2
0 0.775 -0.415 0.01055277466 2
0 0.775 -0.405 0.02593856658 2
0 0.775 -0.395 0.0406878442 2
0 0.775 -0.385 0.0472102275 2
0 0.775 -0.375 0.04702648145 2
0 0.775 -0.365 0.04912815529 2
0 0.775 -0.355 0.05024243946 2
0 0.775 -0.345 0.05077058265 2
0 0.775 -0.335 0.05093594147 2
0 0.775 -0.325 0.05109545044 1
0 0.775 -0.315 0.05272988474 1
0 0.775 -0.305 0.05540927047 1
0 0.775 -0.295 0.05894003317 2
0 0.775 -0.285 0.06202299119 2
0 0.775 -0.275 0.06464530036 2
0 0.775 -0.265 0.06632200196 2
0 0.775 -0.255 0.06671837935 2
0 0.775 -0.245 0.06572434224 2
0 0.775 -0.235 0.06361010064 2
0 0.775 -0.225 0.06089537384 1
0 0.775 -0.215 0.05868011856 1
0 0.775 -0.205 0.05756942738 1
0 0.775 -0.195 0.0572746584 1
0 0.775 -0.185 0.05800149249 1
0 0.775 -0.175 0.0603213182 1
0 0.775 -0.165 0.06383451609 1
0 0.775 -0.155 0.06859700003 2
0 0.775 -0.145 0.07248235235 2
0 0.775 -0.135 0.07585784508 2
0 0.775 -0.125 0.07871239078 2
0 0.775 -0.115 0.08116766009 2
0 0.775 -0.105 0.08298185094 2
0 0.775 -0.095 0.08400719409 2
0 0.775 -0.085 0.08452157864 2
0 0.775 -0.075 0.08502763263 2
0 0.775 -0.065 0.08564641945 2
0 0.775 -0.055 0.08631755918 2
0 0.775 -0.045 0.08708546881 2
0 0.775 -0.035 0.08778675501 2
0 0.775 -0.025 0.08860497564 2
0 0.775 -0.015 0.08915961508 2
0 0.775 -0.005 0.08964062931 2
0 0.775 0.005 0.08983786672 2
0 0.775 0.015 0.09005676448 2
0 0.775 0.025 0.09015720137 2
0 0.775 0.035 0.09060195813 2
0 0.775 0.045 0.09126550834 2
0 0.775 0.055 0.09233160716 2
0 0.775 0.065 0.09366445197 2
0 0.775 0.075 0.09505712118 2
0 0.775 0.085 0.09627410155 2
0 0.775 0.095 0.09696888966 2
0 0.775 0.105 0.09710068954 2
0 0.775 0.115 0.09650681158 2
0 0.775 0.125 0.09542739978 2
0 0.775 0.135 0.09393724732 2
0 0.775 0.145 0.09229999397 2
0 0.775 0.155 0.09057664957 2
0 0.775 0.165 0.08885496612 2
0 0.775 0.175 0.08715190155 2
0 0.775 0.185 0.08550363589 2
0 0.775 0.195 0.08391651507 2
0 0.775 0.205 0.08238613544 2
0 0.775 0.215 0.08089856734 2
0 0.775 0.225 0.07943770352 2
0 0.775 0.235 0.07798611295 2
0 0.775 0.245 0.07652667458 2
0 0.775 0.255 0.0750433534 2
0 0.775 0.265 0.07352155766 2
0 0.775 0.275 0.07194810634 2
0 0.775 0.285 0.07031115156 2
0 0.775 0.295 0.06859977183 2
0 0.775 0.305 0.06680430408 2
0 0.775 0.315 0.06491451715 2
0 0.775 0.325 0.06292507382 2
0 0.775 0.335 0.06081966086 2
0 0.775 0.345 0.05862485729 2
0 0.775 0.355 0.05625257349 2
0 0.775 0.365 0.05402828926 2
0 0.775 0.375 0.05108083129 2
0 0.775 0.385 0.05084607144 2
0 0.775 0.395 0.04360444302 2
0 0.775 0.405 0.02776541667 2
0 0.775 0.415 0.01125713316 2
0 0.775 0.425 0 2
0 0.775 0.435 0 2
0 0.775 0.445 0 2
0 0.775 0.455 0 2
0 0.775 0.465 0 2
0 0.785 -0.455 0 2
0 0.785 -0.445 0 2
0 0.785 -0.435 0 2
0 0.785 -0.425 0 2
0 0.785 -0.415 0.009096237768 2
0 0.785 -0.405 0.0225888441 2
0 0.785 -0.395 0.03684400415 2
0 0.785 -0.385 0.04420348495 2
0 0.785 -0.375 0.04612602926 2
0 0.785 -0.365 0.04899533227 2
0 0.785 -0.355 0.05041775954 2
0 0.785 -0.345 0.05066505357 2
0 0.785 -0.335 0.04985946233 1
0 0.785 -0.325 0.04906412784 1
0 0.785 -0.315 0.04964608367 1
0 0.785 -0.305 0.0515333231 1
0 0.785 -0.295 0.05462563737 1
0 0.785 -0.285 0.05784042011 1
0 0.785 -0.275 0.06131984904 2
0 0.785 -0.265 0.06410475967 2
0 0.785 -0.255 0.06552336955 2
0 0.785 -0.245 0.06521208382 2
0 0.785 -0.235 0.06315760939 1
0 0.785 -0.225 0.06110138291 1
0 0.785 -0.215 0.06005816826 1
0 0.785 -0.205 0.05993353014 1
0 0.785 -0.195 0.060024217 1
0 0.785 -0.185 0.06019426776 1
0 0.785 -0.175 0.06099631358 1
0 0.785 -0.165 0.06251698227 1
0 0.785 -0.155 0.06511122076 1
0 0.785 -0.145 0.06789168175 1
0 0.785 -0.135 0.07131943934 1
0 0.785 -0.125 0.07532602846 1
0 0.785 -0.115 0.08018254792 2
0 0.785 -0.105 0.08431398034 2
0 0.785 -0.095 0.08750227321 2
0 0.785 -0.085 0.08935503348 2
0 0.785 -0.075 0.09046675694 2
0 0.785 -0.065 0.09122682804 2
0 0.785 -0.055 0.09173576779 2
0 0.785 -0.045 0.09194025038 2
0 0.785 -0.035 0.09168508897 2
0 0.785 -0.025 0.09142221876 2
0 0.785 -0.015 0.09119746179 2
0 0.785 -0.005 0.09143832039 2
0 0.785 0.005 0.09211766106 2
0 0.785 0.015 0.09338496319 2
0 0.785 0.025 0.09481535082 2
0 0.785 0.035 0.09643618281 2
0 0.785 0.045 0.09782493542 2
0 0.785 0.055 0.0991538943 2
0 0.785 0.065 0.1004984013 2
0 0.785 0.075 0.1017821541 2
0 0.785 0.085 0.1028219538 2
0 0.785 0.095 0.1034332084 2
0 0.785 0.105 0.1035297479 2
0 0.785 0.115 0.1030471534 2
0 0.785 0.125 0.1020755615 2
0 0.785 0.135 0.1006952273 2
0 0.785 0.145 0.09905668422 2
0 0.785 0.155 0.09726287159 2
0 0.785 0.165 0.09541474852 2
0 0.785 0.175 0.0935698221 2
0 0.785 0.185 0.09176543491 2
0 0.785 0.195 0.09001354095 2
0 0.785 0.205 0.08831344254 2
0 0.785 0.215 0.08665374901 2
0 0.785 0.225 0.08501800963 2
0 0.785 0.235 0.08338697266 2
0 0.785 0.245 0.08174095119 2
0 0.785 0.255 0.08006086385 2
0 0.785 0.265 0.07832873771 2
0 0.785 0.275 0.07652770553 2
0 0.785 0.285 0.0746417637 2
0 0.785 0.295 0.07265512373 2
0 0.785 0.305 0.07055197045 2
0 0.785 0.315 0.06831430257 2
0 0.785 0.325 0.06592507237 2
0 0.785 0.335 0.06335418482 2
0 0.785 0.345 0.06059680126 2
0 0.785 0.355 0.05754909718 2
0 0.785 0.365 0.0543902679 2
0 0.785 0.375 0.05039352983 2
0 0.785 0.385 0.047806325 2
0 0.785 0.395 0.03961780613 2
0 0.785 0.405 0.0242578525 2
0 0.785 0.415 0.009731390104 2
0 0.785 0.425 0 2
0 0.785 0.435 0 2
0 0.785 0.445 0 2
0 0.785 0.455 0 2
0 0.785 0.465 0 2
0 0.795 -0.455 0 2
0 0.795 -0.445 0 2
0 0.795 -0.435 0 2
0 0.795 -0.425 0 2
0 0.795 -0.415 0.006887734555 2
0 0.795 -0.405 0.01721870242 2
0 0.795 -0.395 0.02955182145 2
0 0.795 -0.385 0.03616168755 2
0 0.795 -0.375 0.03905154308 2
0 0.795 -0.365 0.04193557365 2
0 0.795 -0.355 0.0433565567 2
0 0.795 -0.345 0.04352215069 2
0 0.795 -0.335 0.04228656704 1
0 0.795 -0.325 0.04124577501 1
0 0.795 -0.315 0.04103201822 1
0 0.795 -0.305 0.04199281842 1
0 0.795 -0.295 0.04375733808 1
0 0.795 -0.285 0.04620390953 1
0 0.795 -0.275 0.04931406665 1
0 0.795 -0.265 0.05238735985 2
0 0.795 -0.255 0.05442441123 2
0 0.795 -0.245 0.05466517647 2
0 0.795 -0.235 0.05351470261 1
0 0.795 -0.225 0.05266825137 1
0 0.795 -0.215 0.05254421266 1
0 0.795 -0.205 0.05288013393 1
0 0.795 -0.195 0.05305198803 1
0 0.795 -0.185 0.05295904224 1
0 0.795 -0.175 0.05284221366 1
0 0.795 -0.165 0.053027786 1
0 0.795 -0.155 0.05361337094 1
0 0.795 -0.145 0.05499125566 1
0 0.795 -0.135 0.05755517899 1
0 0.795 -0.125 0.06144222754 1
0 0.795 -0.115 0.0667699177 2
0 0.795 -0.105 0.07190130563 2
0 0.795 -0.095 0.07600680868 2
0 0.795 -0.085 0.07853393271 2
0 0.795 -0.075 0.07988147947 2
0 0.795 -0.065 0.08053799018 2
0 0.795 -0.055 0.08061743707 2
0 0.795 -0.045 0.07998487108 2
0 0.795 -0.035 0.07885749171 2
0 0.795 -0.025 0.07753849949 2
0 0.795 -0.015 0.07675443024 2
0 0.795 -0.005 0.07670434695 2
0 0.795 0.005 0.07770075827 2
0 0.795 0.015 0.07967134168 2
0 0.795 0.025 0.08235445337 2
0 0.795 0.035 0.0847675808 2
0 0.795 0.045 0.08661893544 2
0 0.795 0.055 0.08799640289 2
0 0.795 0.065 0.08923477867 2
0 0.795 0.075 0.09034410052 2
0 0.795 0.085 0.09120825146 2
0 0.795 0.095 0.09170943982 2
0 0.795 0.105 0.09177385319 2
0 0.795 0.115 0.09136646851 2
0 0.795 0.125 0.09053549439 2
0 0.795 0.135 0.08935481841 2
0 0.795 0.145 0.08793494 2
0 0.795 0.155 0.08636996075 2
0 0.795 0.165 0.08474229006 2
0 0.795 0.175 0.0831056138 2
0 0.795 0.185 0.08149417247 2
0 0.795 0.195 0.07992250592 2
0 0.795 0.205 0.07839212466 2
0 0.795 0.215 0.076894457 2
0 0.795 0.225 0.0754153256 2
0 0.795 0.235 0.07393766851 2
0 0.795 0.245 0.07244360137 2
0 0.795 0.255 0.07091547908 2
0 0.795 0.265 0.06933640767 2
0 0.795 0.275 0.06769025114 2
0 0.795 0.285 0.06596134994 2
0 0.795 0.295 0.06413384979 2
0 0.795 0.305 0.0621911991 2
0 0.795 0.315 0.06011413464 2
0 0.795 0.325 0.05788211359 2
0 0.795 0.335 0.05546234048 2
0 0.795 0.345 0.05283395982 2
0 0.795 0.355 0.04989996198 2
0 0.795 0.365 0.04673046762 2
0 0.795 0.375 0.04278937958 2
0 0.795 0.385 0.03920235888 2
0 0.795 0.395 0.03183156908 2
0 0.795 0.405 0.0185194329 2
0 0.795 0.415 0.007378908507 2
0 0.795 0.425 0 2
0 0.795 0.435 0 2
0 0.795 0.445 0 2
0 0.795 0.455 0 2
0 0.795 0.465 0 2
0 0.805 -0.455 0 2
0 0.805 -0.445 0 2
0 0.805 -0.435 0 2
0 0.805 -0.425 0 2
0 0.805 -0.415 0.003803450211 2
0 0.805 -0.405 0.009218555022 2
0 0.805 -0.395 0.01692954732 2
0 0.805 -0.385 0.02189604501 2
0 0.805 -0.375 0.02469113764 2
0 0.805 -0.365 0.02686434623 2
0 0.805 -0.355 0.02799252143 2
0 0.805 -0.345 0.02829786167 2
0 0.805 -0.335 0.02761915296 1
0 0.805 -0.325 0.02696140553 1
0 0.805 -0.315 0.02646240393 1
0 0.805 -0.305 0.02659775248 1
0 0.805 -0.295 0.02713267571 1
0 0.805 -0.285 0.02833967586 1
0 0.805 -0.275 0.03008993859 1
0 0.805 -0.265 0.0322604505 1
0 0.805 -0.255 0.03397855088 2
0 0.805 -0.245 0.03451461607 1
0 0.805 -0.235 0.03443319341 1
0 0.805 -0.225 0.03431045926 1
0 0.805 -0.215 0.03448241148 1
0 0.805 -0.205 0.03483391507 1
0 0.805 -0.195 0.03494494851 1
0 0.805 -0.185 0.03481441504 1
0 0.805 -0.175 0.03441248765 1
0 0.805 -0.165 0.03401658537 1
0 0.805 -0.155 0.03377895415 1
0 0.805 -0.145 0.03422976252 1
0 0.805 -0.135 0.03565422286 1
0 0.805 -0.125 0.03824758783 1
0 0.805 -0.115 0.04193307346 1
0 0.805 -0.105 0.04599762886 2
0 0.805 -0.095 0.04929040693 2
0 0.805 -0.085 0.05146420539 2
0 0.805 -0.075 0.05255426658 2
0 0.805 -0.065 0.05293206322 2
0 0.805 -0.055 0.0527527149 2
0 0.805 -0.045 0.05183018537 2
0 0.805 -0.035 0.05049789606 2
0 0.805 -0.025 0.04887389006 1
0 0.805 -0.015 0.04791462138 1
0 0.805 -0.005 0.04769554872 1
0 0.805 0.005 0.04865119757 1
0 0.805 0.015 0.05049569046 1
0 0.805 0.025 0.05312199627 2
0 0.805 0.035 0.05531735944 2
0 0.805 0.045 0.05698308973 2
0 0.805 0.055 0.05806211418 2
0 0.805 0.065 0.05894690421 2
0 0.805 0.075 0.05971160228 2
0 0.805 0.085 0.06030534735 2
0 0.805 0.095 0.06065222172 2
0 0.805 0.105 0.0606983812 2
0 0.805 0.115 0.06042539055 2
0 0.805 0.125 0.05986305527 2
0 0.805 0.135 0.05906582441 2
0 0.805 0.145 0.05810555568 2
0 0.805 0.155 0.05704802964 2
0 0.805 0.165 0.05594900572 2
0 0.805 0.175 0.0548467031 2
0 0.805 0.185 0.05376432659 2
0 0.805 0.195 0.05271131911 2
0 0.805 0.205 0.05168753147 2
0 0.805 0.215 0.05068616784 2
0 0.805 0.225 0.04969671983 2
0 0.805 0.235 0.0487068736 2
0 0.805 0.245 0.04770388404 2
0 0.805 0.255 0.04667528963 2
0 0.805 0.265 0.04560920401 2
0 0.805 0.275 0.0444942543 2
0 0.805 0.285 0.04331930766 2
0 0.805 0.295 0.04207293335 2
0 0.805 0.305 0.04074289429 2
0 0.805 0.315 0.03931471306 2
0 0.805 0.325 0.03777193762 2
0 0.805 0.335 0.03608933816 2
0 0.805 0.345 0.03424427009 2
0 0.805 0.355 0.03216671946 2
0 0.805 0.365 0.02985793595 2
0 0.805 0.375 0.02698920411 2
0 0.805 0.385 0.02369312798 2
0 0.805 0.395 0.0182089254 2
0 0.805 0.405 0.009903872462 2
0 0.805 0.415 0.004073321636 2
0 0.805 0.425 0 2
0 0.805 0.435 0 2
0 0.805 0.445 0 2
0 0.805 0.455 0 2
0 0.805 0.465 0 2
0 0.815 -0.455 0 2
0 0.815 -0.445 0 2
0 0.815 -0.435 0 2
0 0.815 -0.425 0 2
0 0.815 -0.415 0.0014879426 2
0 0.815 -0.405 0.003756800406 2
0 0.815 -0.395 0.006691003956 2
0 0.815 -0.385 0.008695633668 2
0 0.815 -0.375 0.009908260495 2
0 0.815 -0.365 0.01077667471 2
0 0.815 -0.355 0.01125791935 2
0 0.815 -0.345 0.01140087511 2
0 0.815 -0.335 0.01116266318 1
0 0.815 -0.325 0.01085538866 1
0 0.815 -0.315 0.01058158372 1
0 0.815 -0.305 0.01051922201 1
0 0.815 -0.295 0.01057118454 1
0 0.815 -0.285 0.01090364545 1
0 0.815 -0.275 0.01151410082 1
0 0.815 -0.265 0.01235181535 1
0 0.815 -0.255 0.01311354046 2
0 0.815 -0.245 0.01349240346 1
0 0.815 -0.235 0.01363174918 1
0 0.815 -0.225 0.01364904907 1
0 0.815 -0.215 0.01376914299 1
0 0.815 -0.205 0.01389181679 1
0 0.815 -0.195 0.01390980982 1
0 0.815 -0.185 0.01382919164 1
0 0.815 -0.175 0.01363956442 1
0 0.815 -0.165 0.01344835245 1
0 0.815 -0.155 0.01333163372 1
0 0.815 -0.145 0.01344578821 1
0 0.815 -0.135 0.01390631477 1
0 0.815 -0.125 0.01487978159 1
0 0.815 -0.115 0.01630230594 1
0 0.815 -0.105 0.01798921551 2
0 0.815 -0.095 0.01943097077 2
0 0.815 -0.085 0.02044042454 2
0 0.815 -0.075 0.02091137088 2
0 0.815 -0.065 0.02099886948 2
0 0.815 -0.055 0.02078378312 2
0 0.815 -0.045 0.02019922444 1
0 0.815 -0.035 0.01945935821 1
0 0.815 -0.025 0.01867656558 1
0 0.815 -0.015 0.01821494021 1
0 0.815 -0.005 0.01810515041 1
0 0.815 0.005 0.01860042509 1
0 0.815 0.015 0.01953809957 1
0 0.815 0.025 0.02081804697 2
0 0.815 0.035 0.02191307653 2
0 0.815 0.045 0.02271336071 2
0 0.815 0.055 0.02317250073 2
0 0.815 0.065 0.02352318133 2
0 0.815 0.075 0.02381311433 2
0 0.815 0.085 0.02403331543 2
0 0.815 0.095 0.02415987114 2
0 0.815 0.105 0.02417433659 2
0 0.815 0.115 0.02407047325 2
0 0.815 0.125 0.02385738309 2
0 0.815 0.135 0.02355419987 2
0 0.815 0.145 0.02318626617 2
0 0.815 0.155 0.02277807672 2
0 0.815 0.165 0.02235064912 2
0 0.815 0.175 0.02191902382 2
0 0.815 0.185 0.02149261771 2
0 0.815 0.195 0.02107575164 2
0 0.815 0.205 0.02066899322 2
0 0.815 0.215 0.02027024315 2
0 0.815 0.225 0.01987579763 2
0 0.815 0.235 0.01948110963 2
0 0.815 0.245 0.01908134327 2
0 0.815 0.255 0.01867168389 2
0 0.815 0.265 0.01824747547 2
0 0.815 0.275 0.01780421806 2
0 0.815 0.285 0.01733747458 2
0 0.815 0.295 0.01684266979 2
0 0.815 0.305 0.01631488577 2
0 0.815 0.315 0.01574831307 2
0 0.815 0.325 0.01513627761 2
0 0.815 0.335 0.0144687495 2
0 0.815 0.345 0.01373609144 2
0 0.815 0.355 0.01291157607 2
0 0.815 0.365 0.01199091104 2
0 0.815 0.375 0.0108601452 2
0 0.815 0.385 0.009435968266 2
0 0.815 0.395 0.007212532471 2
0 0.815 0.405 0.004038796853 2
0 0.815 0.415 0.001594349554 2
0 0.815 0.425 0 2
0 0.815 0.435 0 2
0 0.815 0.445 0 2
0 0.815 0.455 0 2
0 0.815 0.465 0 2
0 0.825 -0.455 0 2
0 0.825 -0.445 0 2
0 0.825 -0.435 0 2
0 0.825 -0.425 0 2
0 0.825 -0.415 0 2
0 0.825 -0.405 0 2
0 0.825 -0.395 0 2
0 0.825 -0.385 0 2
0 0.825 -0.375 0 2
0 0.825 -0.365 0 2
0 0.825 -0.355 0 2
0 0.825 -0.345 0 2
0 0.825 -0.335 0 1
0 0.825 -0.325 0 1
0 0.825 -0.315 0 1
0 0.825 -0.305 0 1
0 0.825 -0.295 0 1
0 0.825 -0.285 0 1
0 0.825 -0.275 0 1
0 0.825 -0.265 0 1
0 0.825 -0.255 0 1
0 0.825 -0.245 0 1
0 0.825 -0.235 0 1
0 0.825 -0.225 0 1
0 0.825 -0.215 0 1
0 0.825 -0.205 0 1
0 0.825 -0.195 0 1
0 0.825 -0.185 0 1
0 0.825 -0.175 0 1
0 0.825 -0.165 0 1
0 0.825 -0.155 0 1
0 0.825 -0.145 0 1
0 0.825 -0.135 0 1
0 0.825 -0.125 0 1
0 0.825 -0.115 0 1
0 0.825 -0.105 0 2
0 0.825 -0.095 0 2
0 0.825 -0.085 0 2
0 0.825 -0.075 0 2
0 0.825 -0.065 0 2
0 0.825 -0.055 0 1
0 0.825 -0.045 0 1
0 0.825 -0.035 0 1
0 0.825 -0.025 0 1
0 0.825 -0.015 0 1
0 0.825 -0.005 0 1
0 0.825 0.005 0 1
0 0.825 0.015 0 1
0 0.825 0.025 0 1
0 0.825 0.035 0 2
0 0.825 0.045 0 2
0 0.825 0.055 0 2
0 0.825 0.065 0 2
0 0.825 0.075 0 2
0 0.825 0.085 0 2
0 0.825 0.095 0 2
0 0.825 0.105 0 2
0 0.825 0.115 0 2
0 0.825 0.125 0 2
0 0.825 0.135 0 2
0 0.825 0.145 0 2
0 0.825 0.155 0 2
0 0.825 0.165 0 2
0 0.825 0.175 0 2
0 0.825 0.185 0 2
0 0.825 0.195 0 2
0 0.825 0.205 0 2
0 0.825 0.215 0 2
0 0.825 0.225 0 2
0 0.825 0.235 0 2
0 0.825 0.245 0 2
0 0.825 0.255 0 2
0 0.825 0.265 0 2
0 0.825 0.275 0 2
0 0.825 0.285 0 2
0 0.825 0.295 0 2
0 0.825 0.305 0 2
0 0.825 0.315 0 2
0 0.825 0.325 0 2
0 0.825 0.335 0 2
0 0.825 0.345 0 2
0 0.825 0.355 0 2
0 0.825 0.365 0 2
0 0.825 0.375 0 2
0 0.825 0.385 0 2
0 0.825 0.395 0 2
0 0.825 0.405 0 2
0 0.825 0.415 0 2
0 0.825 0.425 0 2
0 0.825 0.435 0 2
0 0.825 0.445 0 2
0 0.825 0.455 0 2
0 0.825 0.465 0 2
0 0.835 -0.455 0 2
0 0.835 -0.445 0 2
0 0.835 -0.435 0 2
0 0.835 -0.425 0 2
0 0.835 -0.415 0 2
0 0.835 -0.405 0 2
0 0.835 -0.395 0 2
0 0.835 -0.385 0 2
0 0.835 -0.375 0 2
0 0.835 -0.365 0 2
0 0.835 -0.355 0 2
0 0.835 -0.345 0 2
0 0.835 -0.335 0 2
0 0.835 -0.325 0 1
0 0.835 -0.315 0 1
0 0.835 -0.305 0 1
0 0.835 -0.295 0 1
0 0.835 -0.285 0 1
0 0.835 -0.275 0 1
0 0.835 -0.265 0 1
0 0.835 -0.255 0 1
0 0.835 -0.245 0 1
0 0.835 -0.235 0 1
0 0.835 -0.225 0 1
0 0.835 -0.215 0 1
0 0.835 -0.205 0 1
0 0.835 -0.195 0 1
0 0.835 -0.185 0 1
0 0.835 -0.175 0 1
0 0.835 -0.165 0 1
0 0.835 -0.155 0 1
0 0.835 -0.145 0 1
0 0.835 -0.135 0 1
0 0.835 -0.125 0 1
0 0.835 -0.115 0 2
0 0.835 -0.105 0 2
0 0.835 -0.095 0 2
0 0.835 -0.085 0 2
0 0.835 -0.075 0 2
0 0.835 -0.065 0 2
0 0.835 -0.055 0 1
0 0.835 -0.045 0 1
0 0.835 -0.035 0 1
0 0.835 -0.025 0 1
0 0.835 -0.015 0 1
0 0.835 -0.005 0 1
0 0.835 0.005 0 1
0 0.835 0.015 0 1
0 0.835 0.025 0 2
0 0.835 0.035 0 2
0 0.835 0.045 0 2
0 0.835 0.055 0 2
0 0.835 0.065 0 2
0 0.835 0.075 0 2
0 0.835 0.085 0 2
0 0.835 0.095 0 2
0 0.835 0.105 0 2
0 0.835 0.115 0 2
0 0.835 0.125 0 2
0 0.835 0.135 0 2
0 0.835 0.145 0 2
0 0.835 0.155 0 2
0 0.835 0.165 0 2
0 0.835 0.175 0 2
0 0.835 0.185 0 2
0 0.835 0.195 0 2
0 0.835 0.205 0 2
0 0.835 0.215 0 2
0 0.835 0.225 0 2
0 0.835 0.235 0 2
0 0.835 0.245 0 2
0 0.835 0.255 0 2
0 0.835 0.265 0 2
0 0.835 0.275 0 2
0 0.835 0.285 0 2
0 0.835 0.295 0 2
0 0.835 0.305 0 2
0 0.835 0.315 0 2
0 0.835 0.325 0 2
0 0.835 0.335 0 2
0 0.835 0.345 0 2
0 0.835 0.355 0 2
0 0.835 0.365 0 2
0 0.835 0.375 0 2
0 0.835 0.385 0 2
0 0.835 0.395 0 2
0 0.835 0.405 0 2
0 0.835 0.415 0 2
0 0.835 0.425 0 2
0 0.835 0.435 0 2
0 0.835 0.445 0 2
0 0.835 0.455 0 2
0 0.835 0.465 0 2
0 0.845 -0.455 0 2
0 0.845 -0.445 0 2
0 0.845 -0.435 0 2
0 0.845 -0.425 0 2
0 0.845 -0.415 0 2
0 0.845 -0.405 0 2
0 0.845 -0.395 0 2
0 0.845 -0.385 0 2
0 0.845 -0.375 0 2
0 0.845 -0.365 0 2
0 0.845 -0.355 0 2
0 0.845 -0.345 0 2
0 0.845 -0.335 0 2
0 0.845 -0.325 0 1
0 0.845 -0.315 0 1
0 0.845 -0.305 0 1
0 0.845 -0.295 0 1
0 0.845 -0.285 0 1
0 0.845 -0.275 0 1
0 0.845 -0.265 0 1
0 0.845 -0.255 0 1
0 0.845 -0.245 0 1
0 0.845 -0.235 0 1
0 0.845 -0.225 0 1
0 0.845 -0.215 0 1
0 0.845 -0.205 0 1
0 0.845 -0.195 0 1
0 0.845 -0.185 0 1
0 0.845 -0.175 0 1
0 0.845 -0.165 0 1
0 0.845 -0.155 0 1
0 0.845 -0.145 0 1
0 0.845 -0.135 0 1
0 0.845 -0.125 0 1
0 0.845 -0.115 0 2
0 0.845 -0.105 0 2
0 0.845 -0.095 0 2
0 0.845 -0.085 0 2
0 0.845 -0.075 0 2
0 0.845 -0.065 0 1
0 0.845 -0.055 0 1
0 0.845 -0.045 0 1
0 0.845 -0.035 0 1
0 0.845 -0.025 0 1
0 0.845 -0.015 0 1
0 0.845 -0.005 0 1
0 0.845 0.005 0 1
0 0.845 0.015 0 1
0 0.845 0.025 0 2
0 0.845 0.035 0 2
0 0.845 0.045 0 2
0 0.845 0.055 0 2
0 0.845 0.065 0 2
0 0.845 0.075 0 2
0 0.845 0.085 0 2
0 0.845 0.095 0 2
0 0.845 0.105 0 2
0 0.845 0.115 0 2
0 0.845 0.125 0 2
0 0.845 0.135 0 2
0 0.845 0.145 0 2
0 0.845 0.155 0 2
0 0.845 0.165 0 2
0 0.845 0.175 0 2
0 0.845 0.185 0 2
0 0.845 0.195 0 2
0 0.845 0.205 0 2
0 0.845 0.215 0 2
0 0.845 0.225 0 2
0 0.845 0.235 0 2
0 0.845 0.245 0 2
0 0.845 0.255 0 2
0 0.845 0.265 0 2
0 0.845 0.275 0 2
0 0.845 0.285 0 2
0 0.845 0.295 0 2
0 0.845 0.305 0 2
0 0.845 0.315 0 2
0 0.845 0.325 0 2
0 0.845 0.335 0 2
0 0.845 0.345 0 2
0 0.845 0.355 0 2
0 0.845 0.365 0 2
0 0.845 0.375 0 2
0 0.845 0.385 0 2
0 0.845 0.395 0 2
0 0.845 0.405 0 2
0 0.845 0.415 0 2
0 0.845 0.425 0 2
0 0.845 0.435 0 2
0 0.845 0.445 0 2
0 0.845 0.455 0 2
0 0.845 0.465 0 2
0 0.855 -0.455 0 2
0 0.855 -0.445 0 2
0 0.855 -0.435 0 2
0 0.855 -0.425 0 2
0 0.855 -0.415 0 2
0 0.855 -0.405 0 2
0 0.855 -0.395 0 2
0 0.855 -0.385 0 2
0 0.855 -0.375 0 2
0 0.855 -0.365 0 2
0 0.855 -0.355 0 2
0 0.855 -0.345 0 2
0 0.855 -0.335 0 2
0 0.855 -0.325 0 2
0 0.855 -0.315 0 1
0 0.855 -0.305 0 1
0 0.855 -0.295 0 1
0 0.855 -0.285 0 1
0 0.855 -0.275 0 1
0 0.855 -0.265 0 1
0 0.855 -0.255 0 1
0 0.855 -0.245 0 2
0 0.855 -0.235 0 1
0 0.855 -0.225 0 1
0 0.855 -0.215 0 1
0 0.855 -0.205 0 1
0 0.855 -0.195 0 1
0 0.855 -0.185 0 1
0 0.855 -0.175 0 1
0 0.855 -0.165 0 1
0 0.855 -0.155 0 1
0 0.855 -0.145 0 1
0 0.855 -0.135 0 1
0 0.855 -0.125 0 1
0 0.855 -0.115 0 2
0 0.855 -0.105 0 2
0 0.855 -0.095 0 2
0 0.855 -0.085 0 2
0 0.855 -0.075 0 2
0 0.855 -0.065 0 1
0 0.855 -0.055 0 1
0 0.855 -0.045 0 1
0 0.855 -0.035 0 1
0 0.855 -0.025 0 1
0 0.855 -0.015 0 1
0 0.855 -0.005 0 1
0 0.855 0.005 0 1
0 0.855 0.015 0 1
0 0.855 0.025 0 2
0 0.855 0.035 0 2
0 0.855 0.045 0 2
0 0.855 0.055 0 2
0 0.855 0.065 0 2
0 0.855 0.075 0 2
0 0.855 0.085 0 2
0 0.855 0.095 0 2
0 0.855 0.105 0 2
0 0.855 0.115 0 2
0 0.855 0.125 0 2
0 0.855 0.135 0 2
0 0.855 0.145 0 2
0 0.855 0.155 0 2
0 0.855 0.165 0 2
0 0.855 0.175 0 2
0 0.855 0.185 0 2
0 0.855 0.195 0 2
0 0.855 0.205 0 2
0 0.855 0.215 0 2
0 0.855 0.225 0 2
0 0.855 0.235 0 2
0 0.855 0.245 0 2
0 0.855 0.255 0 2
0 0.855 0.265 0 2
0 0.855 0.275 0 2
0 0.855 0.285 0 2
0 0.855 0.295 0 2
0 0.855 0.305 0 2
0 0.855 0.315 0 2
0 0.855 0.325 0 2
0 0.855 0.335 0 2
0 0.855 0.345 0 2
0 0.855 0.355 0 2
0 0.855 0.365 0 2
0 0.855 0.375 0 2
0 0.855 0.385 0 2
0 0.855 0.395 0 2
0 0.855 0.405 0 2
0 0.855 0.415 0 2
0 0.855 0.425 0 2
0 0.855 0.435 0 2
0 0.855 0.445 0 2
0 0.855 0.455 0 2
0 0.855 0.465 0 2
0 0.865 -0.455 0 2
0 0.865 -0.445 0 2
0 0.865 -0.435 0 2
0 0.865 -0.425 0 2
0 0.865 -0.415 0 2
0 0.865 -0.405 0 2
0 0.865 -0.395 0 2
0 0.865 -0.385 0 2
0 0.865 -0.375 0 2
0 0.865 -0.365 0 2
0 0.865 -0.355 0 2
0 0.865 -0.345 0 2
0 0.865 -0.335 0 2
0 0.865 -0.325 0 2
0 0.865 -0.315 0 2
0 0.865 -0.305 0 1
0 0.865 -0.295 0 1
0 0.865 -0.285 0 1
0 0.865 -0.275 0 1
0 0.865 -0.265 0 1
0 0.865 -0.255 0 1
0 0.865 -0.245 0 2
0 0.865 -0.235 0 2
0 0.865 -0.225 0 2
0 0.865 -0.215 0 2
0 0.865 -0.205 0 2
0 0.865 -0.195 0 1
0 0.865 -0.185 0 1
0 0.865 -0.175 0 1
0 0.865 -0.165 0 1
0 0.865 -0.155 0 1
0 0.865 -0.145 0 1
0 0.865 -0.135 0 1
0 0.865 -0.125 0 2
0 0.865 -0.115 0 2
0 0.865 -0.105 0 2
0 0.865 -0.095 0 2
0 0.865 -0.085 0 2
0 0.865 -0.075 0 1
0 0.865 -0.065 0 1
0 0.865 -0.055 0 1
0 0.865 -0.045 0 1
0 0.865 -0.035 0 1
0 0.865 -0.025 0 1
0 0.865 -0.015 0 1
0 0.865 -0.005 0 1
0 0.865 0.005 0 1
0 0.865 0.015 0 1
0 0.865 0.025 0 2
0 0.865 0.035 0 2
0 0.865 0.045 0 2
0 0.865 0.055 0 2
0 0.865 0.065 0 2
0 0.865 0.075 0 2
0 0.865 0.085 0 2
0 0.865 0.095 0 2
0 0.865 0.105 0 2
0 0.865 0.115 0 2
0 0.865 0.125 0 2
0 0.865 0.135 0 2
0 0.865 0.145 0 2
0 0.865 0.155 0 2
0 0.865 0.165 0 2
0 0.865 0.175 0 2
0 0.865 0.185 0 2
0 0.865 0.195 0 2
0 0.865 0.205 0 2
0 0.865 0.215 0 2
0 0.865 0.225 0 2
0 0.865 0.235 0 2
0 0.865 0.245 0 2
0 0.865 0.255 0 2
0 0.865 0.265 0 2
0 0.865 0.275 0 2
0 0.865 0.285 0 2
0 0.865 0.295 0 2
0 0.865 0.305 0 2
0 0.865 0.315 0 2
0 0.865 0.325 0 2
0 0.865 0.335 0 2
0 0.865 0.345 0 2
0 0.865 0.355 0 2
0 0.865 0.365 0 2
0 0.865 0.375 0 2
0 0.865 0.385 0 2
0 0.865 0.395 0 2
0 0.865 0.405 0 2
0 0.865 0.415 0 2
0 0.865 0.425 0 2
0 0.865 0.435 0 2
0 0.865 0.445 0 2
0 0.865 0.455 0 2
0 0.865 0.465 0 2
