t x y content type
0 -0.055 -0.455 0 2
0 -0.055 -0.445 0 2
0 -0.055 -0.435 0 2
0 -0.055 -0.425 0 2
0 -0.055 -0.415 0 2
0 -0.055 -0.405 0 2
0 -0.055 -0.395 0 2
0 -0.055 -0.385 0 2
0 -0.055 -0.375 0 2
0 -0.055 -0.365 0 2
0 -0.055 -0.355 0 2
0 -0.055 -0.345 0 2
0 -0.055 -0.335 0 1
0 -0.055 -0.325 0 1
0 -0.055 -0.315 0 1
0 -0.055 -0.305 0 1
0 -0.055 -0.295 0 1
0 -0.055 -0.285 0 1
0 -0.055 -0.275 0 1
0 -0.055 -0.265 0 2
0 -0.055 -0.255 0 2
0 -0.055 -0.245 0 2
0 -0.055 -0.235 0 2
0 -0.055 -0.225 0 2
0 -0.055 -0.215 0 2
0 -0.055 -0.205 0 2
0 -0.055 -0.195 0 2
0 -0.055 -0.185 0 2
0 -0.055 -0.175 0 2
0 -0.055 -0.165 0 2
0 -0.055 -0.155 0 2
0 -0.055 -0.145 0 2
0 -0.055 -0.135 0 2
0 -0.055 -0.125 0 2
0 -0.055 -0.115 0 2
0 -0.055 -0.105 0 2
0 -0.055 -0.095 0 2
0 -0.055 -0.085 0 2
0 -0.055 -0.075 0 2
0 -0.055 -0.065 0 2
0 -0.055 -0.055 0 1
0 -0.055 -0.045 0 1
0 -0.055 -0.035 0 1
0 -0.055 -0.025 0 1
0 -0.055 -0.015 0 1
0 -0.055 -0.005 0 1
0 -0.055 0.005 0 1
0 -0.055 0.015 0 1
0 -0.055 0.025 0 1
0 -0.055 0.035 0 1
0 -0.055 0.045 0 1
0 -0.055 0.055 0 1
0 -0.055 0.065 0 1
0 -0.055 0.075 0 2
0 -0.055 0.085 0 2
0 -0.055 0.095 0 2
0 -0.055 0.105 0 2
0 -0.055 0.115 0 2
0 -0.055 0.125 0 2
0 -0.055 0.135 0 2
0 -0.055 0.145 0 1
0 -0.055 0.155 0 1
0 -0.055 0.165 0 1
0 -0.055 0.175 0 1
0 -0.055 0.185 0 1
0 -0.055 0.195 0 1
0 -0.055 0.205 0 1
0 -0.055 0.215 0 1
0 -0.055 0.225 0 1
0 -0.055 0.235 0 1
0 -0.055 0.245 0 2
0 -0.055 0.255 0 2
0 -0.055 0.265 0 2
0 -0.055 0.275 0 2
0 -0.055 0.285 0 1
0 -0.055 0.295 0 1
0 -0.055 0.305 0 1
0 -0.055 0.315 0 1
0 -0.055 0.325 0 1
0 -0.055 0.335 0 1
0 -0.055 0.345 0 1
0 -0.055 0.355 0 1
0 -0.055 0.365 0 1
0 -0.055 0.375 0 2
0 -0.055 0.385 0 2
0 -0.055 0.395 0 2
0 -0.055 0.405 0 2
0 -0.055 0.415 0 2
0 -0.055 0.425 0 2
0 -0.055 0.435 0 2
0 -0.055 0.445 0 2
0 -0.055 0.455 0 2
0 -0.055 0.465 0 1
0 -0.045 -0.455 0 2
0 -0.045 -0.445 0 2
0 -0.045 -0.435 0 2
0 -0.045 -0.425 0 2
0 -0.045 -0.415 0 2
0 -0.045 -0.405 0 2
0 -0.045 -0.395 0 2
0 -0.045 -0.385 0 2
0 -0.045 -0.375 0 2
0 -0.045 -0.365 0 2
0 -0.045 -0.355 0 2
0 -0.045 -0.345 0 2
0 -0.045 -0.335 0 2
0 -0.045 -0.325 0 2
0 -0.045 -0.315 0 2
0 -0.045 -0.305 0 1
0 -0.045 -0.295 0 1
0 -0.045 -0.285 0 2
0 -0.045 -0.275 0 2
0 -0.045 -0.265 0 2
0 -0.045 -0.255 0 2
0 -0.045 -0.245 0 2
0 -0.045 -0.235 0 2
0 -0.045 -0.225 0 2
0 -0.045 -0.215 0 2
0 -0.045 -0.205 0 2
0 -0.045 -0.195 0 2
0 -0.045 -0.185 0 2
0 -0.045 -0.175 0 2
0 -0.045 -0.165 0 2
0 -0.045 -0.155 0 2
0 -0.045 -0.145 0 2
0 -0.045 -0.135 0 2
0 -0.045 -0.125 0 2
0 -0.045 -0.115 0 2
0 -0.045 -0.105 0 2
0 -0.045 -0.095 0 2
0 -0.045 -0.085 0 2
0 -0.045 -0.075 0 2
0 -0.045 -0.065 0 2
0 -0.045 -0.055 0 1
0 -0.045 -0.045 0 1
0 -0.045 -0.035 0 1
0 -0.045 -0.025 0 1
0 -0.045 -0.015 0 1
0 -0.045 -0.005 0 1
0 -0.045 0.005 0 1
0 -0.045 0.015 0 1
0 -0.045 0.025 0 1
0 -0.045 0.035 0 1
0 -0.045 0.045 0 1
0 -0.045 0.055 0 1
0 -0.045 0.065 0 1
0 -0.045 0.075 0 2
0 -0.045 0.085 0 2
0 -0.045 0.095 0 2
0 -0.045 0.105 0 2
0 -0.045 0.115 0 2
0 -0.045 0.125 0 2
0 -0.045 0.135 0 2
0 -0.045 0.145 0 2
0 -0.045 0.155 0 1
0 -0.045 0.165 0 1
0 -0.045 0.175 0 1
0 -0.045 0.185 0 1
0 -0.045 0.195 0 1
0 -0.045 0.205 0 1
0 -0.045 0.215 0 1
0 -0.045 0.225 0 1
0 -0.045 0.235 0 1
0 -0.045 0.245 0 2
0 -0.045 0.255 0 2
0 -0.045 0.265 0 2
0 -0.045 0.275 0 2
0 -0.045 0.285 0 2
0 -0.045 0.295 0 1
0 -0.045 0.305 0 1
0 -0.045 0.315 0 1
0 -0.045 0.325 0 1
0 -0.045 0.335 0 1
0 -0.045 0.345 0 1
0 -0.045 0.355 0 1
0 -0.045 0.365 0 1
0 -0.045 0.375 0 2
0 -0.045 0.385 0 2
0 -0.045 0.395 0 2
0 -0.045 0.405 0 2
0 -0.045 0.415 0 2
0 -0.045 0.425 0 2
0 -0.045 0.435 0 2
0 -0.045 0.445 0 2
0 -0.045 0.455 0 2
0 -0.045 0.465 0 2
0 -0.035 -0.455 0 2
0 -0.035 -0.445 0 2
0 -0.035 -0.435 0 2
0 -0.035 -0.425 0 2
0 -0.035 -0.415 0 2
0 -0.035 -0.405 0 2
0 -0.035 -0.395 0 2
0 -0.035 -0.385 0 2
0 -0.035 -0.375 0 2
0 -0.035 -0.365 0 2
0 -0.035 -0.355 0 2
0 -0.035 -0.345 0 2
0 -0.035 -0.335 0 2
0 -0.035 -0.325 0 2
0 -0.035 -0.315 0 2
0 -0.035 -0.305 0 2
0 -0.035 -0.295 0 2
0 -0.035 -0.285 0 2
0 -0.035 -0.275 0 2
0 -0.035 -0.265 0 2
0 -0.035 -0.255 0 2
0 -0.035 -0.245 0 2
0 -0.035 -0.235 0 2
0 -0.035 -0.225 0 2
0 -0.035 -0.215 0 2
0 -0.035 -0.205 0 2
0 -0.035 -0.195 0 2
0 -0.035 -0.185 0 2
0 -0.035 -0.175 0 2
0 -0.035 -0.165 0 2
0 -0.035 -0.155 0 2
0 -0.035 -0.145 0 2
0 -0.035 -0.135 0 2
0 -0.035 -0.125 0 2
0 -0.035 -0.115 0 2
0 -0.035 -0.105 0 2
0 -0.035 -0.095 0 2
0 -0.035 -0.085 0 2
0 -0.035 -0.075 0 2
0 -0.035 -0.065 0 2
0 -0.035 -0.055 0 1
0 -0.035 -0.045 0 1
0 -0.035 -0.035 0 1
0 -0.035 -0.025 0 1
0 -0.035 -0.015 0 1
0 -0.035 -0.005 0 1
0 -0.035 0.005 0 1
0 -0.035 0.015 0 1
0 -0.035 0.025 0 1
0 -0.035 0.035 0 1
0 -0.035 0.045 0 1
0 -0.035 0.055 0 1
0 -0.035 0.065 0 1
0 -0.035 0.075 0 2
0 -0.035 0.085 0 2
0 -0.035 0.095 0 2
0 -0.035 0.105 0 2
0 -0.035 0.115 0 2
0 -0.035 0.125 0 2
0 -0.035 0.135 0 2
0 -0.035 0.145 0 2
0 -0.035 0.155 0 2
0 -0.035 0.165 0 1
0 -0.035 0.175 0 1
0 -0.035 0.185 0 1
0 -0.035 0.195 0 1
0 -0.035 0.205 0 1
0 -0.035 0.215 0 1
0 -0.035 0.225 0 1
0 -0.035 0.235 0 1
0 -0.035 0.245 0 2
0 -0.035 0.255 0 2
0 -0.035 0.265 0 2
0 -0.035 0.275 0 2
0 -0.035 0.285 0 2
0 -0.035 0.295 0 2
0 -0.035 0.305 0 2
0 -0.035 0.315 0 1
0 -0.035 0.325 0 1
0 -0.035 0.335 0 1
0 -0.035 0.345 0 1
0 -0.035 0.355 0 1
0 -0.035 0.365 0 2
0 -0.035 0.375 0 2
0 -0.035 0.385 0 2
0 -0.035 0.395 0 2
0 -0.035 0.405 0 2
0 -0.035 0.415 0 2
0 -0.035 0.425 0 2
0 -0.035 0.435 0 2
0 -0.035 0.445 0 2
0 -0.035 0.455 0 2
0 -0.035 0.465 0 2
0 -0.025 -0.455 0 2
0 -0.025 -0.445 0 2
0 -0.025 -0.435 0 2
0 -0.025 -0.425 0 2
0 -0.025 -0.415 0 2
0 -0.025 -0.405 0 2
0 -0.025 -0.395 0 2
0 -0.025 -0.385 0 2
0 -0.025 -0.375 0 2
0 -0.025 -0.365 0 2
0 -0.025 -0.355 0 2
0 -0.025 -0.345 0 2
0 -0.025 -0.335 0 2
0 -0.025 -0.325 0 2
0 -0.025 -0.315 0 2
0 -0.025 -0.305 0 2
0 -0.025 -0.295 0 2
0 -0.025 -0.285 0 2
0 -0.025 -0.275 0 2
0 -0.025 -0.265 0 2
0 -0.025 -0.255 0 2
0 -0.025 -0.245 0 2
0 -0.025 -0.235 0 2
0 -0.025 -0.225 0 2
0 -0.025 -0.215 0 2
0 -0.025 -0.205 0 2
0 -0.025 -0.195 0 2
0 -0.025 -0.185 0 2
0 -0.025 -0.175 0 2
0 -0.025 -0.165 0 2
0 -0.025 -0.155 0 2
0 -0.025 -0.145 0 2
0 -0.025 -0.135 0 2
0 -0.025 -0.125 0 2
0 -0.025 -0.115 0 2
0 -0.025 -0.105 0 2
0 -0.025 -0.095 0 2
0 -0.025 -0.085 0 2
0 -0.025 -0.075 0 2
0 -0.025 -0.065 0 2
0 -0.025 -0.055 0 1
0 -0.025 -0.045 0 1
0 -0.025 -0.035 0 1
0 -0.025 -0.025 0 1
0 -0.025 -0.015 0 1
0 -0.025 -0.005 0 1
0 -0.025 0.005 0 1
0 -0.025 0.015 0 1
0 -0.025 0.025 0 1
0 -0.025 0.035 0 1
0 -0.025 0.045 0 1
0 -0.025 0.055 0 1
0 -0.025 0.065 0 2
0 -0.025 0.075 0 2
0 -0.025 0.085 0 2
0 -0.025 0.095 0 2
0 -0.025 0.105 0 2
0 -0.025 0.115 0 2
0 -0.025 0.125 0 2
0 -0.025 0.135 0 2
0 -0.025 0.145 0 2
0 -0.025 0.155 0 2
0 -0.025 0.165 0 2
0 -0.025 0.175 0 2
0 -0.025 0.185 0 2
0 -0.025 0.195 0 1
0 -0.025 0.205 0 1
0 -0.025 0.215 0 1
0 -0.025 0.225 0 2
0 -0.025 0.235 0 2
0 -0.025 0.245 0 2
0 -0.025 0.255 0 2
0 -0.025 0.265 0 2
0 -0.025 0.275 0 2
0 -0.025 0.285 0 2
0 -0.025 0.295 0 2
0 -0.025 0.305 0 2
0 -0.025 0.315 0 2
0 -0.025 0.325 0 2
0 -0.025 0.335 0 2
0 -0.025 0.345 0 2
0 -0.025 0.355 0 2
0 -0.025 0.365 0 2
0 -0.025 0.375 0 1
0 -0.025 0.385 0 1
0 -0.025 0.395 0 1
0 -0.025 0.405 0 2
0 -0.025 0.415 0 2
0 -0.025 0.425 0 2
0 -0.025 0.435 0 2
0 -0.025 0.445 0 2
0 -0.025 0.455 0 2
0 -0.025 0.465 0 2
0 -0.015 -0.455 0 2
0 -0.015 -0.445 0 2
0 -0.015 -0.435 0 2
0 -0.015 -0.425 0 2
0 -0.015 -0.415 0 2
0 -0.015 -0.405 0 2
0 -0.015 -0.395 0 2
0 -0.015 -0.385 0 2
0 -0.015 -0.375 0 2
0 -0.015 -0.365 0 2
0 -0.015 -0.355 0 2
0 -0.015 -0.345 0 2
0 -0.015 -0.335 0 2
0 -0.015 -0.325 0 2
0 -0.015 -0.315 0 2
0 -0.015 -0.305 0 2
0 -0.015 -0.295 0 2
0 -0.015 -0.285 0 2
0 -0.015 -0.275 0 2
0 -0.015 -0.265 0 2
0 -0.015 -0.255 0 2
0 -0.015 -0.245 0 2
0 -0.015 -0.235 0 2
0 -0.015 -0.225 0 2
0 -0.015 -0.215 0 2
0 -0.015 -0.205 0 2
0 -0.015 -0.195 0 2
0 -0.015 -0.185 0 2
0 -0.015 -0.175 0 2
0 -0.015 -0.165 0 2
0 -0.015 -0.155 0 2
0 -0.015 -0.145 0 2
0 -0.015 -0.135 0 2
0 -0.015 -0.125 0 2
0 -0.015 -0.115 0 2
0 -0.015 -0.105 0 2
0 -0.015 -0.095 0 2
0 -0.015 -0.085 0 2
0 -0.015 -0.075 0 2
0 -0.015 -0.065 0 2
0 -0.015 -0.055 0 2
0 -0.015 -0.045 0 1
0 -0.015 -0.035 0 1
0 -0.015 -0.025 0 1
0 -0.015 -0.015 0 2
0 -0.015 -0.005 0 2
0 -0.015 0.005 0 1
0 -0.015 0.015 0 1
0 -0.015 0.025 0 1
0 -0.015 0.035 0 1
0 -0.015 0.045 0 1
0 -0.015 0.055 0 1
0 -0.015 0.065 0 2
0 -0.015 0.075 0 2
0 -0.015 0.085 0 2
0 -0.015 0.095 0 2
0 -0.015 0.105 0 2
0 -0.015 0.115 0 2
0 -0.015 0.125 0 2
0 -0.015 0.135 0 2
0 -0.015 0.145 0 2
0 -0.015 0.155 0 2
0 -0.015 0.165 0 2
0 -0.015 0.175 0 2
0 -0.015 0.185 0 2
0 -0.015 0.195 0 2
0 -0.015 0.205 0 2
0 -0.015 0.215 0 2
0 -0.015 0.225 0 2
0 -0.015 0.235 0 2
0 -0.015 0.245 0 2
0 -0.015 0.255 0 2
0 -0.015 0.265 0 2
0 -0.015 0.275 0 2
0 -0.015 0.285 0 2
0 -0.015 0.295 0 2
0 -0.015 0.305 0 2
0 -0.015 0.315 0 2
0 -0.015 0.325 0 2
0 -0.015 0.335 0 2
0 -0.015 0.345 0 2
0 -0.015 0.355 0 2
0 -0.015 0.365 0 1
0 -0.015 0.375 0 1
0 -0.015 0.385 0 1
0 -0.015 0.395 0 1
0 -0.015 0.405 0 1
0 -0.015 0.415 0 2
0 -0.015 0.425 0 2
0 -0.015 0.435 0 2
0 -0.015 0.445 0 2
0 -0.015 0.455 0 2
0 -0.015 0.465 0 2
0 -0.005 -0.455 0 2
0 -0.005 -0.445 0 2
0 -0.005 -0.435 0 2
0 -0.005 -0.425 0 2
0 -0.005 -0.415 0 2
0 -0.005 -0.405 0 2
0 -0.005 -0.395 0 2
0 -0.005 -0.385 0 2
0 -0.005 -0.375 0 2
0 -0.005 -0.365 0 2
0 -0.005 -0.355 0 2
0 -0.005 -0.345 0 2
0 -0.005 -0.335 0 2
0 -0.005 -0.325 0 2
0 -0.005 -0.315 0 2
0 -0.005 -0.305 0 2
0 -0.005 -0.295 0 2
0 -0.005 -0.285 0 2
0 -0.005 -0.275 0 2
0 -0.005 -0.265 0 2
0 -0.005 -0.255 0 2
0 -0.005 -0.245 0 2
0 -0.005 -0.235 0 2
0 -0.005 -0.225 0 2
0 -0.005 -0.215 0 2
0 -0.005 -0.205 0 2
0 -0.005 -0.195 0 2
0 -0.005 -0.185 0 2
0 -0.005 -0.175 0 2
0 -0.005 -0.165 0 2
0 -0.005 -0.155 0 2
0 -0.005 -0.145 0 2
0 -0.005 -0.135 0 2
0 -0.005 -0.125 0 2
0 -0.005 -0.115 0 2
0 -0.005 -0.105 0 2
0 -0.005 -0.095 0 2
0 -0.005 -0.085 0 2
0 -0.005 -0.075 0 2
0 -0.005 -0.065 0 2
0 -0.005 -0.055 0 2
0 -0.005 -0.045 0 2
0 -0.005 -0.035 0 2
0 -0.005 -0.025 0 2
0 -0.005 -0.015 0 2
0 -0.005 -0.005 0 2
0 -0.005 0.005 0 2
0 -0.005 0.015 0 1
0 -0.005 0.025 0 1
0 -0.005 0.035 0 1
0 -0.005 0.045 0 1
0 -0.005 0.055 0 2
0 -0.005 0.065 0 2
0 -0.005 0.075 0 2
0 -0.005 0.085 0 2
0 -0.005 0.095 0 2
0 -0.005 0.105 0 2
0 -0.005 0.115 0 2
0 -0.005 0.125 0 2
0 -0.005 0.135 0 2
0 -0.005 0.145 0 2
0 -0.005 0.155 0 2
0 -0.005 0.165 0 2
0 -0.005 0.175 0 2
0 -0.005 0.185 0 2
0 -0.005 0.195 0 2
0 -0.005 0.205 0 2
0 -0.005 0.215 0 2
0 -0.005 0.225 0 2
0 -0.005 0.235 0 2
0 -0.005 0.245 0 2
0 -0.005 0.255 0 2
0 -0.005 0.265 0 2
0 -0.005 0.275 0 2
0 -0.005 0.285 0 2
0 -0.005 0.295 0 2
0 -0.005 0.305 0 2
0 -0.005 0.315 0 2
0 -0.005 0.325 0 2
0 -0.005 0.335 0 2
0 -0.005 0.345 0 2
0 -0.005 0.355 0 2
0 -0.005 0.365 0 1
0 -0.005 0.375 0 1
0 -0.005 0.385 0 1
0 -0.005 0.395 0 1
0 -0.005 0.405 0 1
0 -0.005 0.415 0 1
0 -0.005 0.425 0 2
0 -0.005 0.435 0 2
0 -0.005 0.445 0 2
0 -0.005 0.455 0 2
0 -0.005 0.465 0 2
0 0.005 -0.455 0 1
0 0.005 -0.445 0 2
0 0.005 -0.435 0 2
0 0.005 -0.425 0 2
0 0.005 -0.415 0 2
0 0.005 -0.405 0 2
0 0.005 -0.395 -5.554816362e-05 2
0 0.005 -0.385 -7.401318597e-05 2
0 0.005 -0.375 -8.686674846e-05 2
0 0.005 -0.365 -9.413337755e-05 2
0 0.005 -0.355 -9.865177958e-05 2
0 0.005 -0.345 -0.0001014382898 2
0 0.005 -0.335 -0.0001034653975 2
0 0.005 -0.325 -0.0001055627798 2
0 0.005 -0.315 -0.0001085307054 2
0 0.005 -0.305 -0.0001132482828 2
0 0.005 -0.295 -0.0001202639731 2
0 0.005 -0.285 -0.0001289416542 2
0 0.005 -0.275 -0.0001395209444 2
0 0.005 -0.265 -0.0001440741656 2
0 0.005 -0.255 -0.0001342324888 2
0 0.005 -0.245 -0.0001075126691 2
0 0.005 -0.235 -7.620840796e-05 2
0 0.005 -0.225 -5.28004974e-05 2
0 0.005 -0.215 -3.820668697e-05 2
0 0.005 -0.205 -2.793129111e-05 2
0 0.005 -0.195 -1.955854968e-05 2
0 0.005 -0.185 -1.591659324e-05 2
0 0.005 -0.175 -1.535779025e-05 2
0 0.005 -0.165 -1.631682984e-05 2
0 0.005 -0.155 -1.762590944e-05 2
0 0.005 -0.145 -1.883021581e-05 2
0 0.005 -0.135 -1.971760366e-05 2
0 0.005 -0.125 -2.02521255e-05 2
0 0.005 -0.115 -2.051381853e-05 2
0 0.005 -0.105 -2.064234602e-05 2
0 0.005 -0.095 -2.080085387e-05 2
0 0.005 -0.085 -2.136186331e-05 2
0 0.005 -0.075 -2.265482689e-05 2
0 0.005 -0.065 -2.807260247e-05 2
0 0.005 -0.055 -3.323377864e-05 2
0 0.005 -0.045 -3.096827205e-05 2
0 0.005 -0.035 -1.845700919e-05 2
0 0.005 -0.025 -6.849355068e-06 2
0 0.005 -0.015 -1.046621847e-05 2
0 0.005 -0.005 -2.54237661e-05 2
0 0.005 0.005 -3.474920756e-05 2
0 0.005 0.015 -2.579426415e-05 2
0 0.005 0.025 -1.065678128e-05 2
0 0.005 0.035 3.438470662e-06 2
0 0.005 0.045 1.961105693e-05 2
0 0.005 0.055 3.109105464e-05 2
0 0.005 0.065 2.95520923e-05 2
0 0.005 0.075 2.301457891e-05 2
0 0.005 0.085 2.051139576e-05 2
0 0.005 0.095 2.277379908e-05 2
0 0.005 0.105 2.634085318e-05 2
0 0.005 0.115 3.041267279e-05 2
0 0.005 0.125 3.414396196e-05 2
0 0.005 0.135 3.638019932e-05 2
0 0.005 0.145 3.567756507e-05 2
0 0.005 0.155 2.825443877e-05 2
0 0.005 0.165 1.793356165e-05 2
0 0.005 0.175 1.485923392e-05 2
0 0.005 0.185 2.023818616e-05 1
0 0.005 0.195 3.071003078e-05 1
0 0.005 0.205 3.592068582e-05 1
0 0.005 0.215 3.839288358e-05 1
0 0.005 0.225 4.134942899e-05 1
0 0.005 0.235 5.027074187e-05 2
0 0.005 0.245 6.913347292e-05 2
0 0.005 0.255 8.80572147e-05 2
0 0.005 0.265 9.571316519e-05 2
0 0.005 0.275 9.405119651e-05 2
0 0.005 0.285 9.015314683e-05 2
0 0.005 0.295 8.807939459e-05 2
0 0.005 0.305 8.698047491e-05 2
0 0.005 0.315 8.695426982e-05 2
0 0.005 0.325 8.704613039e-05 2
0 0.005 0.335 8.560125886e-05 2
0 0.005 0.345 7.822524405e-05 2
0 0.005 0.355 6.756222208e-05 1
0 0.005 0.365 6.282035694e-05 1
0 0.005 0.375 5.905974269e-05 1
0 0.005 0.385 5.047736366e-05 1
0 0.005 0.395 3.775701182e-05 1
0 0.005 0.405 0 1
0 0.005 0.415 0 1
0 0.005 0.425 0 1
0 0.005 0.435 0 2
0 0.005 0.445 0 2
0 0.005 0.455 0 2
0 0.005 0.465 0 2
0 0.015 -0.455 0 1
0 0.015 -0.445 0 2
0 0.015 -0.435 0 2
0 0.015 -0.425 0 2
0 0.015 -0.415 0 2
0 0.015 -0.405 0 2
0 0.015 -0.395 -5.825961497e-05 2
0 0.015 -0.385 -8.283363232e-05 2
0 0.015 -0.375 -0.0001018142975 2
0 0.015 -0.365 -0.000112431445 2
0 0.015 -0.355 -0.0001186848694 2
0 0.015 -0.345 -0.000121939741 2
0 0.015 -0.335 -0.0001236237228 2
0 0.015 -0.325 -0.0001248940281 2
0 0.015 -0.315 -0.000126770747 2
0 0.015 -0.305 -0.0001303757193 2
0 0.015 -0.295 -0.0001362281791 2
0 0.015 -0.285 -0.0001458993139 2
0 0.015 -0.275 -0.0001553549241 2
0 0.015 -0.265 -0.0001553723116 2
0 0.015 -0.255 -0.0001419679985 2
0 0.015 -0.245 -0.0001198901388 2
0 0.015 -0.235 -9.499483115e-05 2
0 0.015 -0.225 -6.533164872e-05 2
0 0.015 -0.215 -3.517700424e-05 2
0 0.015 -0.205 -1.130964409e-05 2
0 0.015 -0.195 7.213946642e-07 2
0 0.015 -0.185 4.992552026e-06 2
0 0.015 -0.175 7.14318986e-06 2
0 0.015 -0.165 6.217598299e-06 2
0 0.015 -0.155 4.11645233e-06 2
0 0.015 -0.145 1.751384667e-06 2
0 0.015 -0.135 -5.28895519e-07 2
0 0.015 -0.125 -2.672998168e-06 2
0 0.015 -0.115 -4.742220384e-06 2
0 0.015 -0.105 -6.888576303e-06 2
0 0.015 -0.095 -9.268440042e-06 2
0 0.015 -0.085 -1.215184593e-05 2
0 0.015 -0.075 -1.555010588e-05 2
0 0.015 -0.065 -1.899903561e-05 2
0 0.015 -0.055 -2.157297022e-05 2
0 0.015 -0.045 -2.275137604e-05 2
0 0.015 -0.035 -2.33246263e-05 2
0 0.015 -0.025 -2.548365038e-05 2
0 0.015 -0.015 -3.07727816e-05 2
0 0.015 -0.005 -4.419063399e-05 2
0 0.015 0.005 -5.579736037e-05 2
0 0.015 0.015 -5.082319003e-05 2
0 0.015 0.025 -2.954820335e-05 2
0 0.015 0.035 8.019091008e-08 2
0 0.015 0.045 2.263962981e-05 2
0 0.015 0.055 3.045389718e-05 2
0 0.015 0.065 2.278601024e-05 2
0 0.015 0.075 1.321030492e-05 2
0 0.015 0.085 1.073703918e-05 2
0 0.015 0.095 1.070770902e-05 2
0 0.015 0.105 1.282040693e-05 2
0 0.015 0.115 1.60050112e-05 2
0 0.015 0.125 1.932292242e-05 2
0 0.015 0.135 2.174075883e-05 2
0 0.015 0.145 2.181690027e-05 2
0 0.015 0.155 1.708435292e-05 2
0 0.015 0.165 4.870328923e-06 2
0 0.015 0.175 -4.22958613e-06 2
0 0.015 0.185 -6.282910685e-06 1
0 0.015 0.195 4.167417043e-06 1
0 0.015 0.205 1.407872091e-05 1
0 0.015 0.215 2.324757023e-05 1
0 0.015 0.225 3.28524797e-05 1
0 0.015 0.235 3.999216564e-05 1
0 0.015 0.245 4.752459152e-05 1
0 0.015 0.255 6.224460036e-05 2
0 0.015 0.265 8.054937857e-05 2
0 0.015 0.275 8.952471901e-05 2
0 0.015 0.285 8.911853344e-05 2
0 0.015 0.295 8.753888572e-05 2
0 0.015 0.305 8.825318333e-05 2
0 0.015 0.315 8.948052142e-05 2
0 0.015 0.325 9.03382536e-05 2
0 0.015 0.335 8.807121178e-05 2
0 0.015 0.345 8.17639719e-05 2
0 0.015 0.355 7.367059e-05 1
0 0.015 0.365 6.86666996e-05 1
0 0.015 0.375 6.423142688e-05 1
0 0.015 0.385 5.410401241e-05 1
0 0.015 0.395 3.811154713e-05 1
0 0.015 0.405 0 1
0 0.015 0.415 0 1
0 0.015 0.425 0 1
0 0.015 0.435 0 2
0 0.015 0.445 0 2
0 0.015 0.455 0 2
0 0.015 0.465 0 2
0 0.025 -0.455 0 1
0 0.025 -0.445 0 1
0 0.025 -0.435 0 2
0 0.025 -0.425 0 2
0 0.025 -0.415 0 2
0 0.025 -0.405 0 2
0 0.025 -0.395 -4.615102061e-05 2
0 0.025 -0.385 -6.930433577e-05 2
0 0.025 -0.375 -8.829791516e-05 2
0 0.025 -0.365 -9.871045888e-05 2
0 0.025 -0.355 -0.0001039811908 2
0 0.025 -0.345 -0.000105381451 2
0 0.025 -0.335 -0.0001044361782 2
0 0.025 -0.325 -0.0001023891935 2
0 0.025 -0.315 -0.0001002162708 2
0 0.025 -0.305 -9.884166288e-05 2
0 0.025 -0.295 -9.839833049e-05 2
0 0.025 -0.285 -0.0001011759281 2
0 0.025 -0.275 -0.0001013172784 2
0 0.025 -0.265 -9.289699601e-05 2
0 0.025 -0.255 -8.381325724e-05 1
0 0.025 -0.245 -7.627464044e-05 1
0 0.025 -0.235 -6.876564864e-05 1
0 0.025 -0.225 -4.872558259e-05 2
0 0.025 -0.215 -1.524230668e-05 2
0 0.025 -0.205 2.122041984e-05 2
0 0.025 -0.195 4.46468277e-05 2
0 0.025 -0.185 5.443928116e-05 2
0 0.025 -0.175 5.64926899e-05 2
0 0.025 -0.165 5.628454337e-05 2
0 0.025 -0.155 5.350051485e-05 2
0 0.025 -0.145 4.969164554e-05 2
0 0.025 -0.135 4.542865366e-05 2
0 0.025 -0.125 4.074761217e-05 2
0 0.025 -0.115 3.565960592e-05 2
0 0.025 -0.105 3.005212444e-05 2
0 0.025 -0.095 2.380925399e-05 2
0 0.025 -0.085 1.677364319e-05 2
0 0.025 -0.075 8.99467213e-06 2
0 0.025 -0.065 8.364603416e-07 2
0 0.025 -0.055 -6.751865241e-06 2
0 0.025 -0.045 -1.314205138e-05 2
0 0.025 -0.035 -1.889577654e-05 2
0 0.025 -0.025 -2.608840319e-05 2
0 0.025 -0.015 -3.590305733e-05 2
0 0.025 -0.005 -4.666834605e-05 2
0 0.025 0.005 -5.33952565e-05 2
0 0.025 0.015 -5.133750494e-05 2
0 0.025 0.025 -4.069036849e-05 2
0 0.025 0.035 -2.592480388e-05 2
0 0.025 0.045 -1.357413168e-05 2
0 0.025 0.055 -8.174783762e-06 2
0 0.025 0.065 -1.0343627e-05 2
0 0.025 0.075 -1.644050836e-05 2
0 0.025 0.085 -2.23892313e-05 2
0 0.025 0.095 -2.637234124e-05 2
0 0.025 0.105 -2.814952599e-05 2
0 0.025 0.115 -2.848103276e-05 2
0 0.025 0.125 -2.812388751e-05 2
0 0.025 0.135 -2.78416552e-05 2
0 0.025 0.145 -2.8976374e-05 2
0 0.025 0.155 -3.290246612e-05 2
0 0.025 0.165 -5.039132412e-05 2
0 0.025 0.175 -7.658805118e-05 1
0 0.025 0.185 -7.938710014e-05 1
0 0.025 0.195 -6.181765622e-05 1
0 0.025 0.205 -4.175408017e-05 1
0 0.025 0.215 -2.476923231e-05 1
0 0.025 0.225 -8.808369658e-06 1
0 0.025 0.235 1.61846783e-06 1
0 0.025 0.245 6.130620188e-06 1
0 0.025 0.255 1.195798389e-05 1
0 0.025 0.265 2.037458604e-05 2
0 0.025 0.275 3.160315117e-05 2
0 0.025 0.285 3.688130575e-05 2
0 0.025 0.295 3.964877556e-05 2
0 0.025 0.305 4.43528496e-05 2
0 0.025 0.315 4.849497437e-05 2
0 0.025 0.325 5.168493622e-05 2
0 0.025 0.335 5.078326541e-05 2
0 0.025 0.345 5.006806814e-05 2
0 0.025 0.355 5.156201337e-05 2
0 0.025 0.365 5.177058107e-05 1
0 0.025 0.375 4.940646536e-05 1
0 0.025 0.385 4.089533838e-05 1
0 0.025 0.395 2.772916217e-05 1
0 0.025 0.405 0 1
0 0.025 0.415 0 1
0 0.025 0.425 0 1
0 0.025 0.435 0 2
0 0.025 0.445 0 2
0 0.025 0.455 0 2
0 0.025 0.465 0 2
0 0.035 -0.455 0 1
0 0.035 -0.445 0 1
0 0.035 -0.435 0 2
0 0.035 -0.425 0 2
0 0.035 -0.415 0 2
0 0.035 -0.405 0 2
0 0.035 -0.395 -2.682677697e-05 2
0 0.035 -0.385 -4.209762512e-05 2
0 0.035 -0.375 -5.407120308e-05 2
0 0.035 -0.365 -5.968123473e-05 2
0 0.035 -0.355 -6.029561276e-05 2
0 0.035 -0.345 -5.680591676e-05 2
0 0.035 -0.335 -5.050684715e-05 2
0 0.035 -0.325 -4.259686367e-05 2
0 0.035 -0.315 -3.393558997e-05 2
0 0.035 -0.305 -2.511854744e-05 2
0 0.035 -0.295 -1.617749222e-05 2
0 0.035 -0.285 -9.151455089e-06 2
0 0.035 -0.275 -3.096964718e-06 2
0 0.035 -0.265 9.079148243e-07 1
0 0.035 -0.255 1.044366517e-05 1
0 0.035 -0.245 2.155649749e-05 1
0 0.035 -0.235 3.261999642e-05 1
0 0.035 -0.225 4.197174031e-05 1
0 0.035 -0.215 5.344049448e-05 1
0 0.035 -0.205 7.831463274e-05 2
0 0.035 -0.195 0.0001099194874 2
0 0.035 -0.185 0.000130707355 2
0 0.035 -0.175 0.0001353677255 2
0 0.035 -0.165 0.0001328800143 2
0 0.035 -0.155 0.0001291005186 2
0 0.035 -0.145 0.0001232540977 2
0 0.035 -0.135 0.0001162659591 2
0 0.035 -0.125 0.000108181999 2
0 0.035 -0.115 9.90312264e-05 2
0 0.035 -0.105 8.87830985e-05 2
0 0.035 -0.095 7.742020667e-05 2
0 0.035 -0.085 6.50055743e-05 2
0 0.035 -0.075 5.17412353e-05 2
0 0.035 -0.065 3.795369784e-05 2
0 0.035 -0.055 2.404810618e-05 2
0 0.035 -0.045 1.021298402e-05 2
0 0.035 -0.035 -3.754294353e-06 2
0 0.035 -0.025 -1.844693234e-05 2
0 0.035 -0.015 -3.381220466e-05 2
0 0.035 -0.005 -4.840460696e-05 2
0 0.035 0.005 -5.912070403e-05 2
0 0.035 0.015 -6.323380218e-05 2
0 0.035 0.025 -6.097883023e-05 2
0 0.035 0.035 -5.55451318e-05 2
0 0.035 0.045 -5.168830285e-05 2
0 0.035 0.055 -5.274878358e-05 2
0 0.035 0.065 -5.927357349e-05 2
0 0.035 0.075 -6.899042638e-05 2
0 0.035 0.085 -7.911942559e-05 2
0 0.035 0.095 -8.813607148e-05 2
0 0.035 0.105 -9.552761777e-05 2
0 0.035 0.115 -0.0001015212521 2
0 0.035 0.125 -0.000106543149 2
0 0.035 0.135 -0.0001112855137 2
0 0.035 0.145 -0.0001169472715 2
0 0.035 0.155 -0.0001265325535 2
0 0.035 0.165 -0.0001442680882 2
0 0.035 0.175 -0.000157571054 2
0 0.035 0.185 -0.0001610648062 1
0 0.035 0.195 -0.0001455481896 1
0 0.035 0.205 -0.0001284277288 1
0 0.035 0.215 -0.0001130715678 1
0 0.035 0.225 -9.799386913e-05 1
0 0.035 0.235 -8.332248497e-05 1
0 0.035 0.245 -7.100217757e-05 1
0 0.035 0.255 -6.199473485e-05 1
0 0.035 0.265 -5.81835371e-05 1
0 0.035 0.275 -5.936756631e-05 2
0 0.035 0.285 -5.422019505e-05 2
0 0.035 0.295 -4.68415165e-05 2
0 0.035 0.305 -3.769832165e-05 2
0 0.035 0.315 -2.915701708e-05 2
0 0.035 0.325 -2.130273475e-05 2
0 0.035 0.335 -1.517028793e-05 2
0 0.035 0.345 -7.816131234e-06 2
0 0.035 0.355 1.704138378e-06 2
0 0.035 0.365 1.051643687e-05 1
0 0.035 0.375 1.494843397e-05 1
0 0.035 0.385 1.458443872e-05 1
0 0.035 0.395 1.066548302e-05 1
0 0.035 0.405 0 1
0 0.035 0.415 0 1
0 0.035 0.425 0 1
0 0.035 0.435 0 1
0 0.035 0.445 0 2
0 0.035 0.455 0 2
0 0.035 0.465 0 2
0 0.045 -0.455 0 1
0 0.045 -0.445 0 1
0 0.045 -0.435 0 2
0 0.045 -0.425 0 2
0 0.045 -0.415 0 2
0 0.045 -0.405 0 2
0 0.045 -0.395 -2.031284425e-06 2
0 0.045 -0.385 -5.657996913e-06 2
0 0.045 -0.375 -6.486697655e-06 2
0 0.045 -0.365 -3.772519821e-06 2
0 0.045 -0.355 3.320389822e-06 2
0 0.045 -0.345 1.426841852e-05 2
0 0.045 -0.335 2.827950501e-05 2
0 0.045 -0.325 4.425015731e-05 2
0 0.045 -0.315 6.11798891e-05 2
0 0.045 -0.305 7.846864362e-05 2
0 0.045 -0.295 9.569140022e-05 2
0 0.045 -0.285 0.0001098421637 2
0 0.045 -0.275 0.0001182526083 2
0 0.045 -0.265 0.0001219086441 1
0 0.045 -0.255 0.0001352176033 1
0 0.045 -0.245 0.000153504573 1
0 0.045 -0.235 0.0001710012764 1
0 0.045 -0.225 0.0001823452922 1
0 0.045 -0.215 0.0001883100336 1
0 0.045 -0.205 0.0001973452759 1
0 0.045 -0.195 0.0002136890211 2
0 0.045 -0.185 0.0002318820077 2
0 0.045 -0.175 0.0002379683271 2
0 0.045 -0.165 0.0002346029671 2
0 0.045 -0.155 0.0002296825442 2
0 0.045 -0.145 0.0002211999015 2
0 0.045 -0.135 0.0002105773773 2
0 0.045 -0.125 0.0001981232493 2
0 0.045 -0.115 0.0001838176559 2
0 0.045 -0.105 0.0001677235806 2
0 0.045 -0.095 0.0001499138058 2
0 0.045 -0.085 0.0001305514869 2
0 0.045 -0.075 0.0001099011388 2
0 0.045 -0.065 8.831443887e-05 2
0 0.045 -0.055 6.617057068e-05 2
0 0.045 -0.045 4.372213398e-05 2
0 0.045 -0.035 2.105341467e-05 2
0 0.045 -0.025 -1.762142318e-06 2
0 0.045 -0.015 -2.422226369e-05 2
0 0.045 -0.005 -4.51519124e-05 2
0 0.045 0.005 -6.28646176e-05 2
0 0.045 0.015 -7.615768613e-05 2
0 0.045 0.025 -8.53979562e-05 2
0 0.045 0.035 -9.250965992e-05 2
0 0.045 0.045 -0.0001001558643 2
0 0.045 0.055 -0.0001103839295 2
0 0.045 0.065 -0.0001237930701 2
0 0.045 0.075 -0.0001394677828 2
0 0.045 0.085 -0.0001559088738 2
0 0.045 0.095 -0.0001719168149 2
0 0.045 0.105 -0.0001868041276 2
0 0.045 0.115 -0.0002004078098 2
0 0.045 0.125 -0.0002129150798 2
0 0.045 0.135 -0.0002248940925 2
0 0.045 0.145 -0.0002370931048 2
0 0.045 0.155 -0.0002525264471 2
0 0.045 0.165 -0.0002676237242 2
0 0.045 0.175 -0.0002751286689 2
0 0.045 0.185 -0.0002756883862 1
0 0.045 0.195 -0.0002628459351 1
0 0.045 0.205 -0.0002477381299 1
0 0.045 0.215 -0.0002309015483 1
0 0.045 0.225 -0.0002153279088 1
0 0.045 0.235 -0.000201216102 1
0 0.045 0.245 -0.0001884917066 1
0 0.045 0.255 -0.0001788360784 1
0 0.045 0.265 -0.000172015842 1
0 0.045 0.275 -0.0001725457434 2
0 0.045 0.285 -0.0001680580188 2
0 0.045 0.295 -0.0001593690477 2
0 0.045 0.305 -0.0001478740358 2
0 0.045 0.315 -0.0001346299478 2
0 0.045 0.325 -0.0001210082404 2
0 0.045 0.335 -0.0001064899903 2
0 0.045 0.345 -9.10719126e-05 2
0 0.045 0.355 -7.221243378e-05 2
0 0.045 0.365 -5.057821989e-05 1
0 0.045 0.375 -3.471114316e-05 1
0 0.045 0.385 -2.195656882e-05 1
0 0.045 0.395 -1.248668382e-05 1
0 0.045 0.405 0 1
0 0.045 0.415 0 1
0 0.045 0.425 0 1
0 0.045 0.435 0 1
0 0.045 0.445 0 2
0 0.045 0.455 0 2
0 0.045 0.465 0 2
0 0.055 -0.455 0 1
0 0.055 -0.445 0 2
0 0.055 -0.435 0 2
0 0.055 -0.425 0 2
0 0.055 -0.415 0 2
0 0.055 -0.405 0 2
0 0.055 -0.395 2.554906967e-05 2
0 0.055 -0.385 3.482756639e-05 2
0 0.055 -0.375 4.687695863e-05 2
0 0.055 -0.365 6.007780499e-05 2
0 0.055 -0.355 7.667568028e-05 2
0 0.055 -0.345 9.750495483e-05 2
0 0.055 -0.335 0.0001227045224 2
0 0.055 -0.325 0.0001492224058 2
0 0.055 -0.315 0.0001757752335 2
0 0.055 -0.305 0.0002023037751 2
0 0.055 -0.295 0.0002277896018 2
0 0.055 -0.285 0.0002480038753 2
0 0.055 -0.275 0.0002618188008 2
0 0.055 -0.265 0.0002720457922 1
0 0.055 -0.255 0.0002908770502 1
0 0.055 -0.245 0.0003095101535 1
0 0.055 -0.235 0.0003256087752 1
0 0.055 -0.225 0.0003408180044 1
0 0.055 -0.215 0.0003535204294 1
0 0.055 -0.205 0.0003610890912 1
0 0.055 -0.195 0.0003654563332 1
0 0.055 -0.185 0.0003682128866 2
0 0.055 -0.175 0.0003717673085 2
0 0.055 -0.165 0.0003663491828 2
0 0.055 -0.155 0.0003550527099 2
0 0.055 -0.145 0.000342275609 2
0 0.055 -0.135 0.0003267080669 2
0 0.055 -0.125 0.0003087349827 2
0 0.055 -0.115 0.0002881326682 2
0 0.055 -0.105 0.0002650194429 2
0 0.055 -0.095 0.00023953978 2
0 0.055 -0.085 0.0002119420076 2
0 0.055 -0.075 0.0001825452764 2
0 0.055 -0.065 0.0001517292847 2
0 0.055 -0.055 0.0001198980429 2
0 0.055 -0.045 8.742293558e-05 2
0 0.055 -0.035 5.464143045e-05 2
0 0.055 -0.025 2.194541661e-05 2
0 0.055 -0.015 -1.003943557e-05 2
0 0.055 -0.005 -4.040260591e-05 2
0 0.055 0.005 -6.8143098e-05 2
0 0.055 0.015 -9.268803571e-05 2
0 0.055 0.025 -0.000114383355 2
0 0.055 0.035 -0.0001344710149 2
0 0.055 0.045 -0.0001546063238 2
0 0.055 0.055 -0.0001761061562 2
0 0.055 0.065 -0.0001994502266 2
0 0.055 0.075 -0.0002242214755 2
0 0.055 0.085 -0.0002495341451 2
0 0.055 0.095 -0.0002745197422 2
0 0.055 0.105 -0.0002985637653 2
0 0.055 0.115 -0.0003213732271 2
0 0.055 0.125 -0.0003429002348 2
0 0.055 0.135 -0.0003632741316 2
0 0.055 0.145 -0.0003825537768 2
0 0.055 0.155 -0.0003992240188 2
0 0.055 0.165 -0.0004159136042 2
0 0.055 0.175 -0.0004243751466 2
0 0.055 0.185 -0.0004240342282 1
0 0.055 0.195 -0.0004119456226 1
0 0.055 0.205 -0.0003950085445 1
0 0.055 0.215 -0.0003777661027 1
0 0.055 0.225 -0.0003610386347 1
0 0.055 0.235 -0.0003463169572 1
0 0.055 0.245 -0.0003333119189 1
0 0.055 0.255 -0.0003213432125 1
0 0.055 0.265 -0.0003107013517 1
0 0.055 0.275 -0.0003086245615 2
0 0.055 0.285 -0.0003045042919 2
0 0.055 0.295 -0.0002953584259 2
0 0.055 0.305 -0.0002793351695 2
0 0.055 0.315 -0.000260824134 2
0 0.055 0.325 -0.0002409262025 2
0 0.055 0.335 -0.00021932704 2
0 0.055 0.345 -0.0001962052362 2
0 0.055 0.355 -0.000167254107 2
0 0.055 0.365 -0.0001305385006 2
0 0.055 0.375 -9.368911362e-05 1
0 0.055 0.385 -6.37147275e-05 1
0 0.055 0.395 -3.926381419e-05 1
0 0.055 0.405 0 1
0 0.055 0.415 0 1
0 0.055 0.425 0 1
0 0.055 0.435 0 2
0 0.055 0.445 0 2
0 0.055 0.455 0 2
0 0.055 0.465 0 2
0 0.065 -0.455 0 2
0 0.065 -0.445 0 2
0 0.065 -0.435 0 2
0 0.065 -0.425 0 2
0 0.065 -0.415 0 2
0 0.065 -0.405 0 2
0 0.065 -0.395 5.150515233e-05 2
0 0.065 -0.385 7.562455011e-05 2
0 0.065 -0.375 0.0001050187792 2
0 0.065 -0.365 0.0001324335505 2
0 0.065 -0.355 0.0001589606725 2
0 0.065 -0.345 0.0001886455236 2
0 0.065 -0.335 0.0002243898757 2
0 0.065 -0.325 0.0002630275509 2
0 0.065 -0.315 0.0003023602249 2
0 0.065 -0.305 0.0003407038715 2
0 0.065 -0.295 0.0003758708215 2
0 0.065 -0.285 0.0004058682349 2
0 0.065 -0.275 0.0004278181885 2
0 0.065 -0.265 0.0004430975303 1
0 0.065 -0.255 0.0004642225729 1
0 0.065 -0.245 0.0004859598453 1
0 0.065 -0.235 0.0005057456809 1
0 0.065 -0.225 0.000521397701 1
0 0.065 -0.215 0.0005343903477 1
0 0.065 -0.205 0.0005426081715 1
0 0.065 -0.195 0.0005469126476 1
0 0.065 -0.185 0.0005431267106 2
0 0.065 -0.175 0.0005361357628 2
0 0.065 -0.165 0.0005222746522 2
0 0.065 -0.155 0.0005034719497 2
0 0.065 -0.145 0.0004849715085 2
0 0.065 -0.135 0.0004632538081 2
0 0.065 -0.125 0.0004385346836 2
0 0.065 -0.115 0.0004104472289 2
0 0.065 -0.105 0.0003791412412 2
0 0.065 -0.095 0.0003448072884 2
0 0.065 -0.085 0.0003077420672 2
0 0.065 -0.075 0.0002683043519 2
0 0.065 -0.065 0.0002269218115 2
0 0.065 -0.055 0.0001840750887 2
0 0.065 -0.045 0.0001402689494 2
0 0.065 -0.035 9.601918449e-05 2
0 0.065 -0.025 5.187717006e-05 2
0 0.065 -0.015 8.474875386e-06 2
0 0.065 -0.005 -3.349529688e-05 2
0 0.065 0.005 -7.342216058e-05 2
0 0.065 0.015 -0.0001110305149 2
0 0.065 0.025 -0.0001465880834 2
0 0.065 0.035 -0.0001808655539 2
0 0.065 0.045 -0.000214856822 2
0 0.065 0.055 -0.000249373863 2
0 0.065 0.065 -0.0002847570708 2
0 0.065 0.075 -0.0003208182032 2
0 0.065 0.085 -0.0003570275576 2
0 0.065 0.095 -0.0003927703743 2
0 0.065 0.105 -0.0004275230897 2
0 0.065 0.115 -0.0004609281369 2
0 0.065 0.125 -0.0004927846917 2
0 0.065 0.135 -0.0005229015676 2
0 0.065 0.145 -0.0005512055318 2
0 0.065 0.155 -0.0005760114605 2
0 0.065 0.165 -0.0005992962004 2
0 0.065 0.175 -0.0006090319112 2
0 0.065 0.185 -0.0005962241255 2
0 0.065 0.195 -0.0005755140215 1
0 0.065 0.205 -0.0005593927757 1
0 0.065 0.215 -0.0005474465268 1
0 0.065 0.225 -0.0005327313797 1
0 0.065 0.235 -0.0005161797072 1
0 0.065 0.245 -0.0005007061017 1
0 0.065 0.255 -0.0004847231102 1
0 0.065 0.265 -0.0004701277587 1
0 0.065 0.275 -0.0004623051741 1
0 0.065 0.285 -0.0004601236541 2
0 0.065 0.295 -0.0004472876231 2
0 0.065 0.305 -0.0004261911173 2
0 0.065 0.315 -0.0004019578233 2
0 0.065 0.325 -0.0003750966213 2
0 0.065 0.335 -0.0003454070658 2
0 0.065 0.345 -0.0003123598798 2
0 0.065 0.355 -0.0002733129084 2
0 0.065 0.365 -0.0002242412305 2
0 0.065 0.375 -0.0001688279642 2
0 0.065 0.385 -0.0001110438367 1
0 0.065 0.395 -6.938515336e-05 1
0 0.065 0.405 0 1
0 0.065 0.415 0 1
0 0.065 0.425 0 1
0 0.065 0.435 0 2
0 0.065 0.445 0 2
0 0.065 0.455 0 2
0 0.065 0.465 0 2
0 0.075 -0.455 0 2
0 0.075 -0.445 0 2
0 0.075 -0.435 0 2
0 0.075 -0.425 0 2
0 0.075 -0.415 0 2
0 0.075 -0.405 0 2
0 0.075 -0.395 7.7399109e-05 2
0 0.075 -0.385 0.0001207488639 2
0 0.075 -0.375 0.0001725413526 2
0 0.075 -0.365 0.0002131142225 1
0 0.075 -0.355 0.0002505485545 1
0 0.075 -0.345 0.0002886381284 1
0 0.075 -0.335 0.0003310708675 1
0 0.075 -0.325 0.0003844452066 2
0 0.075 -0.315 0.0004375878342 2
0 0.075 -0.305 0.0004894083202 2
0 0.075 -0.295 0.0005367159677 2
0 0.075 -0.285 0.000576740723 2
0 0.075 -0.275 0.0006095065779 2
0 0.075 -0.265 0.0006337076252 1
0 0.075 -0.255 0.0006595932179 1
0 0.075 -0.245 0.0006842399631 1
0 0.075 -0.235 0.0007052405969 1
0 0.075 -0.225 0.0007219015693 1
0 0.075 -0.215 0.000734505985 1
0 0.075 -0.205 0.0007442206309 1
0 0.075 -0.195 0.0007503441332 1
0 0.075 -0.185 0.000746053643 1
0 0.075 -0.175 0.0007252517923 2
0 0.075 -0.165 0.0006999259004 2
0 0.075 -0.155 0.0006734331523 2
0 0.075 -0.145 0.0006477225211 2
0 0.075 -0.135 0.0006185110215 2
0 0.075 -0.125 0.0005857394799 2
0 0.075 -0.115 0.0005489841952 2
0 0.075 -0.105 0.0005084031665 2
0 0.075 -0.095 0.0004641993952 2
0 0.075 -0.085 0.0004166592017 2
0 0.075 -0.075 0.0003661278391 2
0 0.075 -0.065 0.0003130507305 2
0 0.075 -0.055 0.0002579851875 2
0 0.075 -0.045 0.0002015692836 2
0 0.075 -0.035 0.0001444647957 2
0 0.075 -0.025 8.732421692e-05 2
0 0.075 -0.015 3.076926465e-05 2
0 0.075 -0.005 -2.463826926e-05 2
0 0.075 0.005 -7.847969029e-05 2
0 0.075 0.015 -0.0001305935617 2
0 0.075 0.025 -0.0001811549219 2
0 0.075 0.035 -0.0002306277253 2
0 0.075 0.045 -0.0002795958906 2
0 0.075 0.055 -0.0003285353592 2
0 0.075 0.065 -0.0003776435281 2
0 0.075 0.075 -0.0004267923781 2
0 0.075 0.085 -0.0004756117608 2
0 0.075 0.095 -0.0005236262458 2
0 0.075 0.105 -0.000570369761 2
0 0.075 0.115 -0.0006154370933 2
0 0.075 0.125 -0.0006584972793 2
0 0.075 0.135 -0.0006991031304 2
0 0.075 0.145 -0.0007369796027 2
0 0.075 0.155 -0.0007706375344 2
0 0.075 0.165 -0.0007999377506 2
0 0.075 0.175 -0.0008169751726 2
0 0.075 0.185 -0.0008100005101 2
0 0.075 0.195 -0.0007828788938 2
0 0.075 0.205 -0.0007533596308 1
0 0.075 0.215 -0.0007351501388 1
0 0.075 0.225 -0.0007192324304 1
0 0.075 0.235 -0.00070332503 1
0 0.075 0.245 -0.0006886598489 1
0 0.075 0.255 -0.0006735540781 1
0 0.075 0.265 -0.0006581652721 1
0 0.075 0.275 -0.0006460366364 2
0 0.075 0.285 -0.0006294960416 2
0 0.075 0.295 -0.0006098063432 2
0 0.075 0.305 -0.0005843509714 2
0 0.075 0.315 -0.000553713661 2
0 0.075 0.325 -0.0005188289458 2
0 0.075 0.335 -0.0004795703246 2
0 0.075 0.345 -0.0004347742605 2
0 0.075 0.355 -0.0003835539889 2
0 0.075 0.365 -0.0003232137844 2
0 0.075 0.375 -0.0002532012839 2
0 0.075 0.385 -0.0001724080836 2
0 0.075 0.395 -0.0001023251166 1
0 0.075 0.405 0 1
0 0.075 0.415 0 1
0 0.075 0.425 0 2
0 0.075 0.435 0 2
0 0.075 0.445 0 2
0 0.075 0.455 0 2
0 0.075 0.465 0 2
0 0.085 -0.455 0 1
0 0.085 -0.445 0 1
0 0.085 -0.435 0 1
0 0.085 -0.425 0 1
0 0.085 -0.415 0 1
0 0.085 -0.405 0 1
0 0.085 -0.395 9.881319259e-05 1
0 0.085 -0.385 0.0001713312421 2
0 0.085 -0.375 0.0002430774066 1
0 0.085 -0.365 0.0003053403535 1
0 0.085 -0.355 0.000362909726 1
0 0.085 -0.345 0.0004177826107 1
0 0.085 -0.335 0.0004701940603 1
0 0.085 -0.325 0.0005247446246 1
0 0.085 -0.315 0.0005879187177 2
0 0.085 -0.305 0.0006507224325 2
0 0.085 -0.295 0.0007103299323 2
0 0.085 -0.285 0.00075951383 2
0 0.085 -0.275 0.0008043386867 2
0 0.085 -0.265 0.0008456140383 2
0 0.085 -0.255 0.0008760573608 1
0 0.085 -0.245 0.0009013782771 1
0 0.085 -0.235 0.0009216655498 1
0 0.085 -0.225 0.000939022056 1
0 0.085 -0.215 0.0009514887997 1
0 0.085 -0.205 0.0009603939757 1
0 0.085 -0.195 0.0009646356259 1
0 0.085 -0.185 0.0009581917774 1
0 0.085 -0.175 0.0009328329163 2
0 0.085 -0.165 0.0008991993287 2
0 0.085 -0.155 0.0008631218292 2
0 0.085 -0.145 0.0008285789842 2
0 0.085 -0.135 0.0007903814855 2
0 0.085 -0.125 0.0007482836834 2
0 0.085 -0.115 0.0007017847529 2
0 0.085 -0.105 0.0006510176434 2
0 0.085 -0.095 0.0005961556435 2
0 0.085 -0.085 0.0005373823975 2
0 0.085 -0.075 0.0004749383298 2
0 0.085 -0.065 0.0004092344111 2
0 0.085 -0.055 0.0003408993991 2
0 0.085 -0.045 0.0002707182894 2
0 0.085 -0.035 0.0001995002506 2
0 0.085 -0.025 0.0001279979578 2
0 0.085 -0.015 5.684068222e-05 2
0 0.085 -0.005 -1.347761426e-05 2
0 0.085 0.005 -8.263192444e-05 2
0 0.085 0.015 -0.0001504905084 2
0 0.085 0.025 -0.0002171328265 2
0 0.085 0.035 -0.0002828005095 2
0 0.085 0.045 -0.0003477944859 2
0 0.085 0.055 -0.0004123438063 2
0 0.085 0.065 -0.0004765054739 2
0 0.085 0.075 -0.0005401296988 2
0 0.085 0.085 -0.0006028951878 2
0 0.085 0.095 -0.0006643793905 2
0 0.085 0.105 -0.0007241254079 2
0 0.085 0.115 -0.0007816676245 2
0 0.085 0.125 -0.0008365417309 2
0 0.085 0.135 -0.0008881388357 2
0 0.085 0.145 -0.0009357761745 2
0 0.085 0.155 -0.0009779619227 2
0 0.085 0.165 -0.001011960597 2
0 0.085 0.175 -0.001036216173 2
0 0.085 0.185 -0.001044458596 2
0 0.085 0.195 -0.001031524648 2
0 0.085 0.205 -0.0009994952626 2
0 0.085 0.215 -0.00096417372 2
0 0.085 0.225 -0.0009349310766 1
0 0.085 0.235 -0.0009157550967 1
0 0.085 0.245 -0.0008975910449 1
0 0.085 0.255 -0.0008789749023 1
0 0.085 0.265 -0.0008579670002 1
0 0.085 0.275 -0.0008367017642 2
0 0.085 0.285 -0.0008119489846 2
0 0.085 0.295 -0.000785067321 2
0 0.085 0.305 -0.0007529551204 2
0 0.085 0.315 -0.0007137972618 2
0 0.085 0.325 -0.0006687092509 2
0 0.085 0.335 -0.0006178581745 2
0 0.085 0.345 -0.0005604737078 2
0 0.085 0.355 -0.0004952689764 2
0 0.085 0.365 -0.0004206552103 2
0 0.085 0.375 -0.0003377706085 2
0 0.085 0.385 -0.0002399354868 2
0 0.085 0.395 -0.0001506657232 2
0 0.085 0.405 0 2
0 0.085 0.415 0 2
0 0.085 0.425 0 2
0 0.085 0.435 0 2
0 0.085 0.445 0 2
0 0.085 0.455 0 2
0 0.085 0.465 0 2
0 0.095 -0.455 0 1
0 0.095 -0.445 0 1
0 0.095 -0.435 0 1
0 0.095 -0.425 0 1
0 0.095 -0.415 0 1
0 0.095 -0.405 0 1
0 0.095 -0.395 0.0001415660206 1
0 0.095 -0.385 0.0002294441726 1
0 0.095 -0.375 0.0003242655491 1
0 0.095 -0.365 0.0004083561303 1
0 0.095 -0.355 0.0004876199379 1
0 0.095 -0.345 0.0005602491014 1
0 0.095 -0.335 0.0006254309306 1
0 0.095 -0.325 0.000689071365 1
0 0.095 -0.315 0.0007607638753 2
0 0.095 -0.305 0.000829594347 2
0 0.095 -0.295 0.0008974014928 2
0 0.095 -0.285 0.0009578723798 2
0 0.095 -0.275 0.001012808409 2
0 0.095 -0.265 0.00106361845 2
0 0.095 -0.255 0.001102190036 1
0 0.095 -0.245 0.001131133658 1
0 0.095 -0.235 0.001152395247 1
0 0.095 -0.225 0.001169674072 1
0 0.095 -0.215 0.001181579802 1
0 0.095 -0.205 0.001186968319 1
0 0.095 -0.195 0.001188641931 1
0 0.095 -0.185 0.001182063514 1
0 0.095 -0.175 0.001155679548 2
0 0.095 -0.165 0.001115577819 2
0 0.095 -0.155 0.001068697455 2
0 0.095 -0.145 0.001024129923 2
0 0.095 -0.135 0.0009757261843 2
0 0.095 -0.125 0.0009232699367 2
0 0.095 -0.115 0.0008662445937 2
0 0.095 -0.105 0.0008047975971 2
0 0.095 -0.095 0.0007390561856 2
0 0.095 -0.085 0.0006688928334 2
0 0.095 -0.075 0.0005941891744 2
0 0.095 -0.065 0.0005151371943 2
0 0.095 -0.055 0.0004324928278 2
0 0.095 -0.045 0.0003473762849 2
0 0.095 -0.035 0.0002608479846 2
0 0.095 -0.025 0.0001737886098 2
0 0.095 -0.015 8.679512248e-05 2
0 0.095 -0.005 3.356956144e-07 2
0 0.095 0.005 -8.529997502e-05 2
0 0.095 0.015 -0.000169966033 2
0 0.095 0.025 -0.0002536502898 2
0 0.095 0.035 -0.0003364211157 2
0 0.095 0.045 -0.000418366803 2
0 0.095 0.055 -0.0004995201709 2
0 0.095 0.065 -0.0005798006935 2
0 0.095 0.075 -0.0006589904121 2
0 0.095 0.085 -0.000736746908 2
0 0.095 0.095 -0.0008126361704 2
0 0.095 0.105 -0.0008861659155 2
0 0.095 0.115 -0.0009567912775 2
0 0.095 0.125 -0.001023907997 2
0 0.095 0.135 -0.001086752192 2
0 0.095 0.145 -0.001144336798 2
0 0.095 0.155 -0.001195193056 2
0 0.095 0.165 -0.001237128546 2
0 0.095 0.175 -0.001267059745 2
0 0.095 0.185 -0.00128430634 2
0 0.095 0.195 -0.001284825658 2
0 0.095 0.205 -0.001267120362 2
0 0.095 0.215 -0.001238119578 2
0 0.095 0.225 -0.00120534587 2
0 0.095 0.235 -0.00117319043 2
0 0.095 0.245 -0.001141671459 2
0 0.095 0.255 -0.00110962443 2
0 0.095 0.265 -0.001074999046 2
0 0.095 0.275 -0.001041862683 2
0 0.095 0.285 -0.001011416753 2
0 0.095 0.295 -0.0009761433205 2
0 0.095 0.305 -0.0009323904059 2
0 0.095 0.315 -0.0008810226114 2
0 0.095 0.325 -0.0008222854734 2
0 0.095 0.335 -0.0007568927351 2
0 0.095 0.345 -0.0006843823447 2
0 0.095 0.355 -0.0006037100871 2
0 0.095 0.365 -0.000512721419 2
0 0.095 0.375 -0.0004134882421 2
0 0.095 0.385 -0.000295682816 2
0 0.095 0.395 -0.0001864804782 2
0 0.095 0.405 0 2
0 0.095 0.415 0 2
0 0.095 0.425 0 2
0 0.095 0.435 0 2
0 0.095 0.445 0 2
0 0.095 0.455 0 2
0 0.095 0.465 0 2
0 0.105 -0.455 0 1
0 0.105 -0.445 0 1
0 0.105 -0.435 0 1
0 0.105 -0.425 0 1
0 0.105 -0.415 0 1
0 0.105 -0.405 0 1
0 0.105 -0.395 0.0001849230437 1
0 0.105 -0.385 0.0002955803891 1
0 0.105 -0.375 0.0004158684898 1
0 0.105 -0.365 0.0005214498751 1
0 0.105 -0.355 0.0006212320137 1
0 0.105 -0.345 0.0007118594109 1
0 0.105 -0.335 0.0007937423262 1
0 0.105 -0.325 0.0008690457609 1
0 0.105 -0.315 0.000941942399 1
0 0.105 -0.305 0.001019998054 2
0 0.105 -0.295 0.001096677219 2
0 0.105 -0.285 0.001170380478 2
0 0.105 -0.275 0.00123184303 2
0 0.105 -0.265 0.00128747058 2
0 0.105 -0.255 0.001338971227 2
0 0.105 -0.245 0.001375420225 1
0 0.105 -0.235 0.001398860803 1
0 0.105 -0.225 0.001412876016 1
0 0.105 -0.215 0.001421997726 1
0 0.105 -0.205 0.001426718312 1
0 0.105 -0.195 0.001426692678 1
0 0.105 -0.185 0.001415547055 1
0 0.105 -0.175 0.001384565554 2
0 0.105 -0.165 0.001338570322 2
0 0.105 -0.155 0.001284333698 2
0 0.105 -0.145 0.001229776631 2
0 0.105 -0.135 0.001170803643 2
0 0.105 -0.125 0.001107629857 2
0 0.105 -0.115 0.001039877322 2
0 0.105 -0.105 0.0009677086731 2
0 0.105 -0.095 0.0008910696598 2
0 0.105 -0.085 0.0008094782908 2
0 0.105 -0.075 0.0007224519676 2
0 0.105 -0.065 0.0006298276732 2
0 0.105 -0.055 0.0005323673746 2
0 0.105 -0.045 0.0004314755549 2
0 0.105 -0.035 0.0003285837592 2
0 0.105 -0.025 0.0002248518821 2
0 0.105 -0.015 0.0001209154628 2
0 0.105 -0.005 1.72649122e-05 2
0 0.105 0.005 -8.586225816e-05 2
0 0.105 0.015 -0.0001882790827 2
0 0.105 0.025 -0.0002898815251 2
0 0.105 0.035 -0.0003905886185 2
0 0.105 0.045 -0.0004903108718 2
0 0.105 0.055 -0.0005889105517 2
0 0.105 0.065 -0.0006861711275 2
0 0.105 0.075 -0.0007817813588 2
0 0.105 0.085 -0.0008753374159 2
0 0.105 0.095 -0.0009663539025 2
0 0.105 0.105 -0.001054274294 2
0 0.105 0.115 -0.001138463768 2
0 0.105 0.125 -0.001218186942 2
0 0.105 0.135 -0.001292540778 2
0 0.105 0.145 -0.001360363511 2
0 0.105 0.155 -0.00142016954 2
0 0.105 0.165 -0.001470149146 2
0 0.105 0.175 -0.001508014374 2
0 0.105 0.185 -0.001531602253 2
0 0.105 0.195 -0.00153959795 2
0 0.105 0.205 -0.001534564386 2
0 0.105 0.215 -0.001517424949 2
0 0.105 0.225 -0.001488033192 2
0 0.105 0.235 -0.001449546122 2
0 0.105 0.245 -0.001407650278 2
0 0.105 0.255 -0.001364465178 2
0 0.105 0.265 -0.001319007146 2
0 0.105 0.275 -0.001274442841 2
0 0.105 0.285 -0.001230158013 2
0 0.105 0.295 -0.001180623451 2
0 0.105 0.305 -0.0011219967 2
0 0.105 0.315 -0.00105406756 2
0 0.105 0.325 -0.0009773051142 2
0 0.105 0.335 -0.0008912605995 2
0 0.105 0.345 -0.0007986997263 2
0 0.105 0.355 -0.0006993608562 2
0 0.105 0.365 -0.0005904962638 2
0 0.105 0.375 -0.0004749090169 2
0 0.105 0.385 -0.0003412622493 2
0 0.105 0.395 -0.000217339824 2
0 0.105 0.405 0 2
0 0.105 0.415 0 2
0 0.105 0.425 0 2
0 0.105 0.435 0 2
0 0.105 0.445 0 2
0 0.105 0.455 0 2
0 0.105 0.465 0 2
0 0.115 -0.455 0 1
0 0.115 -0.445 0 1
0 0.115 -0.435 0 1
0 0.115 -0.425 0 1
0 0.115 -0.415 0 1
0 0.115 -0.405 0 1
0 0.115 -0.395 0.000227303952 1
0 0.115 -0.385 0.0003636155117 1
0 0.115 -0.375 0.0005132489749 1
0 0.115 -0.365 0.0006429454825 1
0 0.115 -0.355 0.0007641651826 1
0 0.115 -0.345 0.0008731122425 1
0 0.115 -0.335 0.0009715910854 1
0 0.115 -0.325 0.001057721158 1
0 0.115 -0.315 0.001140198525 1
0 0.115 -0.305 0.001228667271 2
0 0.115 -0.295 0.001313813185 2
0 0.115 -0.285 0.001396683962 2
0 0.115 -0.275 0.001464499226 2
0 0.115 -0.265 0.001523694938 2
0 0.115 -0.255 0.001577659255 2
0 0.115 -0.245 0.001624443503 2
0 0.115 -0.235 0.001653681147 1
0 0.115 -0.225 0.001669235085 1
0 0.115 -0.215 0.001675822933 1
0 0.115 -0.205 0.001675654244 1
0 0.115 -0.195 0.001669577625 1
0 0.115 -0.185 0.001653527404 1
0 0.115 -0.175 0.001620008915 2
0 0.115 -0.165 0.001568064783 2
0 0.115 -0.155 0.00150398189 2
0 0.115 -0.145 0.001439143836 2
0 0.115 -0.135 0.001370877334 2
0 0.115 -0.125 0.001297184551 2
0 0.115 -0.115 0.001217773482 2
0 0.115 -0.105 0.00113372586 2
0 0.115 -0.095 0.001050548541 2
0 0.115 -0.085 0.0009623042117 2
0 0.115 -0.075 0.0008638394944 2
0 0.115 -0.065 0.0007556413202 2
0 0.115 -0.055 0.0006403179453 2
0 0.115 -0.045 0.0005228527961 2
0 0.115 -0.035 0.0004028289527 2
0 0.115 -0.025 0.0002815003368 2
0 0.115 -0.015 0.0001596112737 2
0 0.115 -0.005 3.780423958e-05 2
0 0.115 0.005 -8.372166429e-05 2
0 0.115 0.015 -0.0002047541369 2
0 0.115 0.025 -0.0003250848746 2
0 0.115 0.035 -0.0004444910173 2
0 0.115 0.045 -0.0005627217266 2
0 0.115 0.055 -0.0006794813379 2
0 0.115 0.065 -0.0007944197469 2
0 0.115 0.075 -0.0009071214626 2
0 0.115 0.085 -0.00101710172 2
0 0.115 0.095 -0.001123803965 2
0 0.115 0.105 -0.001226595269 2
0 0.115 0.115 -0.001324751183 2
0 0.115 0.125 -0.001417428703 2
0 0.115 0.135 -0.00150362207 2
0 0.115 0.145 -0.001582116102 2
0 0.115 0.155 -0.001651429879 2
0 0.115 0.165 -0.001709915826 2
0 0.115 0.175 -0.001755776771 2
0 0.115 0.185 -0.001787488921 2
0 0.115 0.195 -0.001803940431 2
0 0.115 0.205 -0.001805230937 2
0 0.115 0.215 -0.001792315369 2
0 0.115 0.225 -0.001766942772 2
0 0.115 0.235 -0.001731455858 2
0 0.115 0.245 -0.001688226639 2
0 0.115 0.255 -0.001639069558 2
0 0.115 0.265 -0.001585436003 2
0 0.115 0.275 -0.001528317621 2
0 0.115 0.285 -0.001466855602 2
0 0.115 0.295 -0.001398655582 2
0 0.115 0.305 -0.001321066603 2
0 0.115 0.315 -0.001232569494 2
0 0.115 0.325 -0.001133894785 2
0 0.115 0.335 -0.001021098543 2
0 0.115 0.345 -0.0009038624668 2
0 0.115 0.355 -0.0007840434149 2
0 0.115 0.365 -0.0006573228301 2
0 0.115 0.375 -0.0005284008693 2
0 0.115 0.385 -0.0003839432247 2
0 0.115 0.395 -0.0002483566556 2
0 0.115 0.405 0 2
0 0.115 0.415 0 2
0 0.115 0.425 0 2
0 0.115 0.435 0 2
0 0.115 0.445 0 2
0 0.115 0.455 0 2
0 0.115 0.465 0 2
0 0.125 -0.455 0 1
0 0.125 -0.445 0 1
0 0.125 -0.435 0 1
0 0.125 -0.425 0 1
0 0.125 -0.415 0 1
0 0.125 -0.405 0 1
0 0.125 -0.395 0.0002728967889 1
0 0.125 -0.385 0.0004381899283 1
0 0.125 -0.375 0.000619314628 1
0 0.125 -0.365 0.0007747686968 1
0 0.125 -0.355 0.0009182528103 1
0 0.125 -0.345 0.001045087411 1
0 0.125 -0.335 0.001158484914 1
0 0.125 -0.325 0.00125543149 1
0 0.125 -0.315 0.001348861213 1
0 0.125 -0.305 0.001449702592 2
0 0.125 -0.295 0.001545241557 2
0 0.125 -0.285 0.001637255028 2
0 0.125 -0.275 0.001712435257 2
0 0.125 -0.265 0.001775802092 2
0 0.125 -0.255 0.001828147177 2
0 0.125 -0.245 0.001872422042 2
0 0.125 -0.235 0.001909208122 2
0 0.125 -0.225 0.001932135929 2
0 0.125 -0.215 0.00193620672 1
0 0.125 -0.205 0.001931542465 1
0 0.125 -0.195 0.001920053482 1
0 0.125 -0.185 0.00189855413 2
0 0.125 -0.175 0.001856231767 2
0 0.125 -0.165 0.001794693363 2
0 0.125 -0.155 0.001722101875 2
0 0.125 -0.145 0.001648874382 2
0 0.125 -0.135 0.001571500014 2
0 0.125 -0.125 0.001487657035 2
0 0.125 -0.115 0.001400071923 2
0 0.125 -0.105 0.001306748918 2
0 0.125 -0.095 0.001213561266 2
0 0.125 -0.085 0.001114936403 2
0 0.125 -0.075 0.001007487675 2
0 0.125 -0.065 0.000889015556 2
0 0.125 -0.055 0.0007593505135 2
0 0.125 -0.045 0.0006240978062 2
0 0.125 -0.035 0.0004840775214 2
0 0.125 -0.025 0.0003442178859 2
0 0.125 -0.015 0.0002034308527 2
0 0.125 -0.005 6.250612868e-05 2
0 0.125 0.005 -7.83211205e-05 2
0 0.125 0.015 -0.0002188018778 2
0 0.125 0.025 -0.0003586341191 2
0 0.125 0.035 -0.0004974467513 2
0 0.125 0.045 -0.0006348361984 2
0 0.125 0.055 -0.0007703572409 2
0 0.125 0.065 -0.0009035327318 2
0 0.125 0.075 -0.001033844144 2
0 0.125 0.085 -0.001160722797 2
0 0.125 0.095 -0.001283538028 2
0 0.125 0.105 -0.001401582807 2
0 0.125 0.115 -0.001514054075 2
0 0.125 0.125 -0.001620027604 2
0 0.125 0.135 -0.001718428814 2
0 0.125 0.145 -0.001808014544 2
0 0.125 0.155 -0.001887364249 2
0 0.125 0.165 -0.001954935863 2
0 0.125 0.175 -0.002009172257 2
0 0.125 0.185 -0.002048799328 2
0 0.125 0.195 -0.002072953435 2
0 0.125 0.205 -0.002081459233 2
0 0.125 0.215 -0.002074644206 2
0 0.125 0.225 -0.002053453837 2
0 0.125 0.235 -0.002019478294 2
0 0.125 0.245 -0.001974685743 2
0 0.125 0.255 -0.001920838054 2
0 0.125 0.265 -0.001859177349 2
0 0.125 0.275 -0.001790256441 2
0 0.125 0.285 -0.00171330949 2
0 0.125 0.295 -0.001626604113 2
0 0.125 0.305 -0.001527885116 2
0 0.125 0.315 -0.001416009113 2
0 0.125 0.325 -0.001290208046 2
0 0.125 0.335 -0.001146348235 2
0 0.125 0.345 -0.0009981957447 2
0 0.125 0.355 -0.0008473839418 1
0 0.125 0.365 -0.0007117001239 1
0 0.125 0.375 -0.0005770718134 1
0 0.125 0.385 -0.0004269367587 1
0 0.125 0.395 -0.000287538784 1
0 0.125 0.405 0 2
0 0.125 0.415 0 2
0 0.125 0.425 0 2
0 0.125 0.435 0 2
0 0.125 0.445 0 2
0 0.125 0.455 0 2
0 0.125 0.465 0 2
0 0.135 -0.455 0 1
0 0.135 -0.445 0 1
0 0.135 -0.435 0 1
0 0.135 -0.425 0 1
0 0.135 -0.415 0 1
0 0.135 -0.405 0 1
0 0.135 -0.395 0.0003295665234 1
0 0.135 -0.385 0.0005295596927 1
0 0.135 -0.375 0.0007438646184 1
0 0.135 -0.365 0.0009246222554 1
0 0.135 -0.355 0.001087860378 1
0 0.135 -0.345 0.00122894546 1
0 0.135 -0.335 0.00135508237 1
0 0.135 -0.325 0.001462600245 1
0 0.135 -0.315 0.001566729917 1
0 0.135 -0.305 0.001679887734 2
0 0.135 -0.295 0.001787116854 2
0 0.135 -0.285 0.001889474368 2
0 0.135 -0.275 0.001971617168 2
0 0.135 -0.265 0.002040232569 2
0 0.135 -0.255 0.002094399548 2
0 0.135 -0.245 0.00213691917 2
0 0.135 -0.235 0.002169141353 2
0 0.135 -0.225 0.002189738723 2
0 0.135 -0.215 0.002197980996 2
0 0.135 -0.205 0.002193616959 2
0 0.135 -0.195 0.002176531157 2
0 0.135 -0.185 0.002142657692 2
0 0.135 -0.175 0.002086161838 2
0 0.135 -0.165 0.002014012443 2
0 0.135 -0.155 0.001931844753 2
0 0.135 -0.145 0.001848037002 2
0 0.135 -0.135 0.001763059889 1
0 0.135 -0.125 0.001672539991 2
0 0.135 -0.115 0.001572054614 2
0 0.135 -0.105 0.001466419638 1
0 0.135 -0.095 0.001371991846 1
0 0.135 -0.085 0.001273168176 1
0 0.135 -0.075 0.001157829662 2
0 0.135 -0.065 0.001027720155 2
0 0.135 -0.055 0.0008846830514 2
0 0.135 -0.045 0.0007339384106 2
0 0.135 -0.035 0.0005741458604 2
0 0.135 -0.025 0.0004133712271 2
0 0.135 -0.015 0.0002528491393 2
0 0.135 -0.005 9.181936496e-05 2
0 0.135 0.005 -6.924811433e-05 2
0 0.135 0.015 -0.0002299971065 2
0 0.135 0.025 -0.0003900790492 2
0 0.135 0.035 -0.0005489538795 2
0 0.135 0.045 -0.0007060693233 2
0 0.135 0.055 -0.0008608425317 2
0 0.135 0.065 -0.001012683263 2
0 0.135 0.075 -0.001160983094 2
0 0.135 0.085 -0.001305100067 2
0 0.135 0.095 -0.001444339555 2
0 0.135 0.105 -0.001577933117 2
0 0.135 0.115 -0.001705016576 2
0 0.135 0.125 -0.001824608873 2
0 0.135 0.135 -0.001935594153 2
0 0.135 0.145 -0.002036718452 2
0 0.135 0.155 -0.002126605862 2
0 0.135 0.165 -0.002203820676 2
0 0.135 0.175 -0.002266960598 2
0 0.135 0.185 -0.0023148193 2
0 0.135 0.195 -0.002346522515 2
0 0.135 0.205 -0.002361695991 2
0 0.135 0.215 -0.002360462086 2
0 0.135 0.225 -0.002343447414 2
0 0.135 0.235 -0.002311716377 2
0 0.135 0.245 -0.002266563824 2
0 0.135 0.255 -0.00220917011 2
0 0.135 0.265 -0.002140316397 2
0 0.135 0.275 -0.002060205535 2
0 0.135 0.285 -0.001968130483 2
0 0.135 0.295 -0.001862870447 2
0 0.135 0.305 -0.001742356953 2
0 0.135 0.315 -0.001606412143 2
0 0.135 0.325 -0.001451436865 2
0 0.135 0.335 -0.001283895002 2
0 0.135 0.345 -0.001116814289 2
0 0.135 0.355 -0.000947665893 1
0 0.135 0.365 -0.0007992624102 1
0 0.135 0.375 -0.0006507137382 1
0 0.135 0.385 -0.0004785897677 1
0 0.135 0.395 -0.0003236644707 1
0 0.135 0.405 0 2
0 0.135 0.415 0 2
0 0.135 0.425 0 2
0 0.135 0.435 0 2
0 0.135 0.445 0 2
0 0.135 0.455 0 2
0 0.135 0.465 0 2
0 0.145 -0.455 0 2
0 0.145 -0.445 0 2
0 0.145 -0.435 0 1
0 0.145 -0.425 0 1
0 0.145 -0.415 0 1
0 0.145 -0.405 0 1
0 0.145 -0.395 0.0003959128608 1
0 0.145 -0.385 0.0006381152108 1
0 0.145 -0.375 0.0008880544742 1
0 0.145 -0.365 0.00109319504 1
0 0.145 -0.355 0.001272386703 1
0 0.145 -0.345 0.001423234774 1
0 0.145 -0.335 0.001560868053 1
0 0.145 -0.325 0.001678405303 1
0 0.145 -0.315 0.001793104752 1
0 0.145 -0.305 0.001918826987 2
0 0.145 -0.295 0.00203815612 2
0 0.145 -0.285 0.002151215668 2
0 0.145 -0.275 0.002240380966 2
0 0.145 -0.265 0.002313375708 2
0 0.145 -0.255 0.002370316099 2
0 0.145 -0.245 0.002413277445 2
0 0.145 -0.235 0.002441557759 2
0 0.145 -0.225 0.002456245263 2
0 0.145 -0.215 0.002458821635 2
0 0.145 -0.205 0.00244928872 2
0 0.145 -0.195 0.002422775372 2
0 0.145 -0.185 0.002375085864 2
0 0.145 -0.175 0.002301815816 2
0 0.145 -0.165 0.002215552717 2
0 0.145 -0.155 0.00211996978 1
0 0.145 -0.145 0.002033702731 1
0 0.145 -0.135 0.001945620036 1
0 0.145 -0.125 0.001845795537 1
0 0.145 -0.115 0.001742137548 1
0 0.145 -0.105 0.001633148757 1
0 0.145 -0.095 0.001525401089 1
0 0.145 -0.085 0.00141353654 1
0 0.145 -0.075 0.001297144575 1
0 0.145 -0.065 0.001172578985 1
0 0.145 -0.055 0.001021627234 2
0 0.145 -0.045 0.0008535758267 2
0 0.145 -0.035 0.0006734820765 2
0 0.145 -0.025 0.0004909838566 2
0 0.145 -0.015 0.0003082759253 2
0 0.145 -0.005 0.0001260857774 2
0 0.145 0.005 -5.62643392e-05 2
0 0.145 0.015 -0.0002381476606 2
0 0.145 0.025 -0.0004192096086 2
0 0.145 0.035 -0.0005987415318 2
0 0.145 0.045 -0.0007760494147 2
0 0.145 0.055 -0.0009504389546 2
0 0.145 0.065 -0.001121232248 2
0 0.145 0.075 -0.001287756292 2
0 0.145 0.085 -0.001449317677 2
0 0.145 0.095 -0.001605177444 2
0 0.145 0.105 -0.00175452473 2
0 0.145 0.115 -0.001896453786 2
0 0.145 0.125 -0.002029946091 2
0 0.145 0.135 -0.00215386108 2
0 0.145 0.145 -0.002266941999 2
0 0.145 0.155 -0.002367842263 2
0 0.145 0.165 -0.002455184134 2
0 0.145 0.175 -0.002527642551 2
0 0.145 0.185 -0.002584059222 2
0 0.145 0.195 -0.002623545171 2
0 0.145 0.205 -0.002645580172 2
0 0.145 0.215 -0.002650040597 2
0 0.145 0.225 -0.002637199681 2
0 0.145 0.235 -0.002607657403 2
0 0.145 0.245 -0.002562178198 2
0 0.145 0.255 -0.00250145535 2
0 0.145 0.265 -0.002425865971 2
0 0.145 0.275 -0.00233533182 2
0 0.145 0.285 -0.002229070891 2
0 0.145 0.295 -0.002106091995 2
0 0.145 0.305 -0.001964142725 2
0 0.145 0.315 -0.001803927177 2
0 0.145 0.325 -0.001616246108 2
0 0.145 0.335 -0.001423719407 2
0 0.145 0.345 -0.001234504892 1
0 0.145 0.355 -0.001067530451 1
0 0.145 0.365 -0.0009012077161 1
0 0.145 0.375 -0.0007276531338 1
0 0.145 0.385 -0.0005227494619 1
0 0.145 0.395 -0.0003417055939 1
0 0.145 0.405 0 1
0 0.145 0.415 0 2
0 0.145 0.425 0 2
0 0.145 0.435 0 2
0 0.145 0.445 0 2
0 0.145 0.455 0 2
0 0.145 0.465 0 2
0 0.155 -0.455 0 2
0 0.155 -0.445 0 2
0 0.155 -0.435 0 2
0 0.155 -0.425 0 2
0 0.155 -0.415 0 2
0 0.155 -0.405 0 2
0 0.155 -0.395 0.0004727893398 2
0 0.155 -0.385 0.0007598281448 2
0 0.155 -0.375 0.001057794813 2
0 0.155 -0.365 0.001287197953 1
0 0.155 -0.355 0.001471566546 1
0 0.155 -0.345 0.001626721858 1
0 0.155 -0.335 0.001772704381 1
0 0.155 -0.325 0.001901020257 1
0 0.155 -0.315 0.002026936967 1
0 0.155 -0.305 0.002166417321 2
0 0.155 -0.295 0.002298654421 2
0 0.155 -0.285 0.002420278815 2
0 0.155 -0.275 0.002515496389 2
0 0.155 -0.265 0.002592191064 2
0 0.155 -0.255 0.002650644167 2
0 0.155 -0.245 0.002692740625 2
0 0.155 -0.235 0.002719096809 2
0 0.155 -0.225 0.002730031945 2
0 0.155 -0.215 0.002725059797 2
0 0.155 -0.205 0.002703087873 2
0 0.155 -0.195 0.002661711817 2
0 0.155 -0.185 0.002600399248 2
0 0.155 -0.175 0.002513550835 2
0 0.155 -0.165 0.002416643871 2
0 0.155 -0.155 0.002312325901 1
0 0.155 -0.145 0.002219129515 1
0 0.155 -0.135 0.002125358386 1
0 0.155 -0.125 0.002019223263 1
0 0.155 -0.115 0.001908022852 1
0 0.155 -0.105 0.001791517744 1
0 0.155 -0.095 0.001673943914 1
0 0.155 -0.085 0.001552144609 1
0 0.155 -0.075 0.001426011734 1
0 0.155 -0.065 0.001294678321 1
0 0.155 -0.055 0.001153005172 1
0 0.155 -0.045 0.0009784891242 2
0 0.155 -0.035 0.0007817094691 2
0 0.155 -0.025 0.0005761638122 2
0 0.155 -0.015 0.0003690045658 2
0 0.155 -0.005 0.0001649340483 2
0 0.155 0.005 -3.960384425e-05 2
0 0.155 0.015 -0.0002434733851 2
0 0.155 0.025 -0.000446163088 2
0 0.155 0.035 -0.0006468298783 2
0 0.155 0.045 -0.0008446468869 2
0 0.155 0.055 -0.001038852115 2
0 0.155 0.065 -0.001228717664 2
0 0.155 0.075 -0.00141354156 2
0 0.155 0.085 -0.001592608598 2
0 0.155 0.095 -0.001765160641 2
0 0.155 0.105 -0.001930365975 2
0 0.155 0.115 -0.002087295923 2
0 0.155 0.125 -0.002234909429 2
0 0.155 0.135 -0.00237204931 2
0 0.155 0.145 -0.002497454235 2
0 0.155 0.155 -0.002609789526 2
0 0.155 0.165 -0.002707700551 2
0 0.155 0.175 -0.002789884828 2
0 0.155 0.185 -0.00285517971 2
0 0.155 0.195 -0.002902644831 2
0 0.155 0.205 -0.002931631014 2
0 0.155 0.215 -0.002941806687 2
0 0.155 0.225 -0.002933145595 2
0 0.155 0.235 -0.002905858683 2
0 0.155 0.245 -0.002860263432 2
0 0.155 0.255 -0.002796615357 2
0 0.155 0.265 -0.002714918515 2
0 0.155 0.275 -0.002614848061 2
0 0.155 0.285 -0.002495519126 2
0 0.155 0.295 -0.002356101706 2
0 0.155 0.305 -0.00219427001 2
0 0.155 0.315 -0.002011925665 2
0 0.155 0.325 -0.001797859319 2
0 0.155 0.335 -0.001584147589 2
0 0.155 0.345 -0.001373900729 1
0 0.155 0.355 -0.001189724249 1
0 0.155 0.365 -0.001005299457 1
0 0.155 0.375 -0.0008061738972 1
0 0.155 0.385 -0.0005743291427 1
0 0.155 0.395 -0.0003749902669 1
0 0.155 0.405 0 1
0 0.155 0.415 0 2
0 0.155 0.425 0 2
0 0.155 0.435 0 2
0 0.155 0.445 0 2
0 0.155 0.455 0 2
0 0.155 0.465 0 2
0 0.165 -0.455 0 2
0 0.165 -0.445 0 2
0 0.165 -0.435 0 2
0 0.165 -0.425 0 2
0 0.165 -0.415 0 2
0 0.165 -0.405 0 2
0 0.165 -0.395 0.0005248553042 2
0 0.165 -0.385 0.0008502223607 2
0 0.165 -0.375 0.00118935875 2
0 0.165 -0.365 0.001449543863 1
0 0.165 -0.355 0.001656300247 1
0 0.165 -0.345 0.001828641506 1
0 0.165 -0.335 0.001986876003 1
0 0.165 -0.325 0.002130265397 1
0 0.165 -0.315 0.002270001669 1
0 0.165 -0.305 0.002423892167 2
0 0.165 -0.295 0.002567370849 2
0 0.165 -0.285 0.002693747228 2
0 0.165 -0.275 0.002793423012 2
0 0.165 -0.265 0.002872836849 2
0 0.165 -0.255 0.00293243398 2
0 0.165 -0.245 0.002973574363 2
0 0.165 -0.235 0.002996655638 2
0 0.165 -0.225 0.003001839482 2
0 0.165 -0.215 0.00298860691 2
0 0.165 -0.205 0.002956009794 2
0 0.165 -0.195 0.002902009019 2
0 0.165 -0.185 0.002827025427 2
0 0.165 -0.175 0.002725349178 2
0 0.165 -0.165 0.002616523016 2
0 0.165 -0.155 0.002504456291 1
0 0.165 -0.145 0.002404224987 1
0 0.165 -0.135 0.002303685115 1
0 0.165 -0.125 0.002190999057 1
0 0.165 -0.115 0.002072597209 1
0 0.165 -0.105 0.001948321979 1
0 0.165 -0.095 0.001819265581 1
0 0.165 -0.085 0.001685667169 1
0 0.165 -0.075 0.001548679125 1
0 0.165 -0.065 0.001407278529 1
0 0.165 -0.055 0.001261392897 1
0 0.165 -0.045 0.001097853978 1
0 0.165 -0.035 0.0008949026642 2
0 0.165 -0.025 0.0006695221709 2
0 0.165 -0.015 0.0004356235609 2
0 0.165 -0.005 0.0002078204824 2
0 0.165 0.005 -1.99132876e-05 2
0 0.165 0.015 -0.0002466561698 2
0 0.165 0.025 -0.0004714766482 2
0 0.165 0.035 -0.0006935555817 2
0 0.165 0.045 -0.0009119759865 2
0 0.165 0.055 -0.001125976315 2
0 0.165 0.065 -0.001334828156 2
0 0.165 0.075 -0.001537842437 2
0 0.165 0.085 -0.001734315081 2
0 0.165 0.095 -0.001923495106 2
0 0.165 0.105 -0.002104550646 2
0 0.165 0.115 -0.002276545539 2
0 0.165 0.125 -0.002438425727 2
0 0.165 0.135 -0.002589019117 2
0 0.165 0.145 -0.002727051125 2
0 0.165 0.155 -0.002851177521 2
0 0.165 0.165 -0.002960034917 2
0 0.165 0.175 -0.003052304941 2
0 0.165 0.185 -0.003126786243 2
0 0.165 0.195 -0.003182461338 2
0 0.165 0.205 -0.003218547965 2
0 0.165 0.215 -0.003234518869 2
0 0.165 0.225 -0.003230084866 2
0 0.165 0.235 -0.003205134241 2
0 0.165 0.245 -0.003159627133 2
0 0.165 0.255 -0.00309346933 2
0 0.165 0.265 -0.003006362091 2
0 0.165 0.275 -0.002897766537 2
0 0.165 0.285 -0.002766667485 2
0 0.165 0.295 -0.002612285513 2
0 0.165 0.305 -0.002432163678 2
0 0.165 0.315 -0.002229085059 2
0 0.165 0.325 -0.001990648076 2
0 0.165 0.335 -0.001753913733 2
0 0.165 0.345 -0.001520443807 1
0 0.165 0.355 -0.00131671251 1
0 0.165 0.365 -0.001112883998 1
0 0.165 0.375 -0.0008895774075 1
0 0.165 0.385 -0.0006319868814 1
0 0.165 0.395 -0.0004122279812 1
0 0.165 0.405 0 1
0 0.165 0.415 0 2
0 0.165 0.425 0 2
0 0.165 0.435 0 2
0 0.165 0.445 0 2
0 0.165 0.455 0 2
0 0.165 0.465 0 2
0 0.175 -0.455 0 2
0 0.175 -0.445 0 2
0 0.175 -0.435 0 2
0 0.175 -0.425 0 2
0 0.175 -0.415 0 2
0 0.175 -0.405 0 2
0 0.175 -0.395 0.0005630598861 2
0 0.175 -0.385 0.000907184119 2
0 0.175 -0.375 0.001276349078 2
0 0.175 -0.365 0.001576479771 2
0 0.175 -0.355 0.00182733682 1
0 0.175 -0.345 0.002022731429 1
0 0.175 -0.335 0.002194551234 1
0 0.175 -0.325 0.002355935708 1
0 0.175 -0.315 0.002530086995 2
0 0.175 -0.305 0.002693704625 2
0 0.175 -0.295 0.002841781014 2
0 0.175 -0.285 0.002967445915 2
0 0.175 -0.275 0.003069989219 2
0 0.175 -0.265 0.003151439456 2
0 0.175 -0.255 0.003211967422 2
0 0.175 -0.245 0.003252265682 2
0 0.175 -0.235 0.003272436831 2
0 0.175 -0.225 0.003272342658 2
0 0.175 -0.215 0.003251374248 2
0 0.175 -0.205 0.003208789749 2
0 0.175 -0.195 0.003143136634 2
0 0.175 -0.185 0.00305538661 2
0 0.175 -0.175 0.002940623525 2
0 0.175 -0.165 0.002819092478 2
0 0.175 -0.155 0.002697261704 1
0 0.175 -0.145 0.002588909116 1
0 0.175 -0.135 0.002480107211 1
0 0.175 -0.125 0.00235985468 1
0 0.175 -0.115 0.002233154828 1
0 0.175 -0.105 0.00210001863 1
0 0.175 -0.095 0.001961365378 1
0 0.175 -0.085 0.001817700732 1
0 0.175 -0.075 0.001669427653 1
0 0.175 -0.065 0.00151698997 1
0 0.175 -0.055 0.001363641282 1
0 0.175 -0.045 0.001198188932 1
0 0.175 -0.035 0.0009916259537 2
0 0.175 -0.025 0.0007564873797 2
0 0.175 -0.015 0.0005046359556 2
0 0.175 -0.005 0.0002519955057 2
0 0.175 0.005 8.938526577e-07 2
0 0.175 0.015 -0.0002491414793 2
0 0.175 0.025 -0.000496181674 2
0 0.175 0.035 -0.000739576841 2
0 0.175 0.045 -0.0009783643086 2
0 0.175 0.055 -0.001211851245 2
0 0.175 0.065 -0.001439356418 2
0 0.175 0.075 -0.001660241919 2
0 0.175 0.085 -0.001873844189 2
0 0.175 0.095 -0.002079442068 2
0 0.175 0.105 -0.002276220164 2
0 0.175 0.115 -0.002463245388 2
0 0.175 0.125 -0.002639454505 2
0 0.175 0.135 -0.002803656367 2
0 0.175 0.145 -0.002954549888 2
0 0.175 0.155 -0.003090758301 2
0 0.175 0.165 -0.003210878433 2
0 0.175 0.175 -0.003313540807 2
0 0.175 0.185 -0.003397473932 2
0 0.175 0.195 -0.003461562494 2
0 0.175 0.205 -0.003504889333 2
0 0.175 0.215 -0.00352675026 2
0 0.175 0.225 -0.003526635718 2
0 0.175 0.235 -0.003504177142 2
0 0.175 0.245 -0.003459058827 2
0 0.175 0.255 -0.003390918222 2
0 0.175 0.265 -0.003299221092 2
0 0.175 0.275 -0.003183245897 2
0 0.175 0.285 -0.003041838875 2
0 0.175 0.295 -0.002874145666 2
0 0.175 0.305 -0.002677492035 2
0 0.175 0.315 -0.002454913447 2
0 0.175 0.325 -0.002192604462 2
0 0.175 0.335 -0.001931438264 2
0 0.175 0.345 -0.001673934735 1
0 0.175 0.355 -0.001449205739 1
0 0.175 0.365 -0.001224608986 1
0 0.175 0.375 -0.0009784944898 1
0 0.175 0.385 -0.0006944854688 1
0 0.175 0.395 -0.0004521462508 1
0 0.175 0.405 0 1
0 0.175 0.415 0 2
0 0.175 0.425 0 2
0 0.175 0.435 0 2
0 0.175 0.445 0 2
0 0.175 0.455 0 2
0 0.175 0.465 0 2
0 0.185 -0.455 0 2
0 0.185 -0.445 0 2
0 0.185 -0.435 0 2
0 0.185 -0.425 0 2
0 0.185 -0.415 0 2
0 0.185 -0.405 0 2
0 0.185 -0.395 0.0005944312493 2
0 0.185 -0.385 0.00095029466 2
0 0.185 -0.375 0.001335685427 2
0 0.185 -0.365 0.0016547363 2
0 0.185 -0.355 0.001939699087 2
0 0.185 -0.345 0.002186699144 2
0 0.185 -0.335 0.002402574941 2
0 0.185 -0.325 0.002601286035 2
0 0.185 -0.315 0.002785487886 2
0 0.185 -0.305 0.002953894031 2
0 0.185 -0.295 0.003104944731 2
0 0.185 -0.285 0.003233519828 2
0 0.185 -0.275 0.003339896125 2
0 0.185 -0.265 0.003424102521 2
0 0.185 -0.255 0.003486105771 2
0 0.185 -0.245 0.003526091331 2
0 0.185 -0.235 0.003543958377 2
0 0.185 -0.225 0.003539454343 2
0 0.185 -0.215 0.003512047656 2
0 0.185 -0.205 0.003461225957 2
0 0.185 -0.195 0.003386058256 2
0 0.185 -0.185 0.003287475394 2
0 0.185 -0.175 0.003161932239 2
0 0.185 -0.165 0.00302534253 2
0 0.185 -0.155 0.002890504823 1
0 0.185 -0.145 0.00277141029 1
0 0.185 -0.135 0.002652436396 1
0 0.185 -0.125 0.002525441282 1
0 0.185 -0.115 0.002390172567 1
0 0.185 -0.105 0.002247986312 1
0 0.185 -0.095 0.002099534138 1
0 0.185 -0.085 0.00194556694 1
0 0.185 -0.075 0.001786508372 1
0 0.185 -0.065 0.001622262625 1
0 0.185 -0.055 0.001453574527 1
0 0.185 -0.045 0.001279858749 1
0 0.185 -0.035 0.001085286633 1
0 0.185 -0.025 0.0008476787361 2
0 0.185 -0.015 0.0005788640754 2
0 0.185 -0.005 0.0002955540694 2
0 0.185 0.005 2.052315817e-05 2
0 0.185 0.015 -0.0002528216749 2
0 0.185 0.025 -0.0005216304226 2
0 0.185 0.035 -0.0007857450422 2
0 0.185 0.045 -0.001044247995 2
0 0.185 0.055 -0.001296575319 2
0 0.185 0.065 -0.001542127614 2
0 0.185 0.075 -0.001780343268 2
0 0.185 0.085 -0.002010618789 2
0 0.185 0.095 -0.002232277761 2
0 0.185 0.105 -0.002444531325 2
0 0.185 0.115 -0.00264645395 2
0 0.185 0.125 -0.002836971254 2
0 0.185 0.135 -0.003014863661 2
0 0.185 0.145 -0.003178786238 2
0 0.185 0.155 -0.003327304672 2
0 0.185 0.165 -0.003458945441 2
0 0.185 0.175 -0.003572255711 2
0 0.185 0.185 -0.003665865961 2
0 0.185 0.195 -0.003738545752 2
0 0.185 0.205 -0.003789242737 2
0 0.185 0.215 -0.003817095936 2
0 0.185 0.225 -0.003821418056 2
0 0.185 0.235 -0.003801647172 2
0 0.185 0.245 -0.003757269775 2
0 0.185 0.255 -0.003687735949 2
0 0.185 0.265 -0.003592348766 2
0 0.185 0.275 -0.003470248761 2
0 0.185 0.285 -0.003320163582 2
0 0.185 0.295 -0.003141056913 2
0 0.185 0.305 -0.002929989833 2
0 0.185 0.315 -0.002689449125 2
0 0.185 0.325 -0.002403787735 2
0 0.185 0.335 -0.002118182904 2
0 0.185 0.345 -0.001836413782 1
0 0.185 0.355 -0.001590374455 1
0 0.185 0.365 -0.001344626862 1
0 0.185 0.375 -0.001074587618 1
0 0.185 0.385 -0.0007620768958 1
0 0.185 0.395 -0.0004954735936 1
0 0.185 0.405 0 1
0 0.185 0.415 0 2
0 0.185 0.425 0 2
0 0.185 0.435 0 2
0 0.185 0.445 0 2
0 0.185 0.455 0 2
0 0.185 0.465 0 2
0 0.195 -0.455 0 2
0 0.195 -0.445 0 2
0 0.195 -0.435 0 2
0 0.195 -0.425 0 2
0 0.195 -0.415 0 2
0 0.195 -0.405 0 2
0 0.195 -0.395 0.0006176280444 2
0 0.195 -0.385 0.0009843275796 2
0 0.195 -0.375 0.001383659455 2
0 0.195 -0.365 0.001723903074 2
0 0.195 -0.355 0.002037899781 2
0 0.195 -0.345 0.002319298342 2
0 0.195 -0.335 0.002571026036 2
0 0.195 -0.325 0.002799859295 2
0 0.195 -0.315 0.003006438591 2
0 0.195 -0.305 0.003190121325 2
0 0.195 -0.295 0.003350789522 2
0 0.195 -0.285 0.003486787814 2
0 0.195 -0.275 0.003599118734 2
0 0.195 -0.265 0.003687536444 2
0 0.195 -0.255 0.003752088562 2
0 0.195 -0.245 0.003792764462 2
0 0.195 -0.235 0.003809411157 2
0 0.195 -0.225 0.003801780616 2
0 0.195 -0.215 0.003769516257 2
0 0.195 -0.205 0.003712415054 2
0 0.195 -0.195 0.003630271513 2
0 0.195 -0.185 0.003524099248 2
0 0.195 -0.175 0.003394434986 2
0 0.195 -0.165 0.003245567537 2
0 0.195 -0.155 0.0030943301 2
0 0.195 -0.145 0.002947274496 1
0 0.195 -0.135 0.002818579776 1
0 0.195 -0.125 0.002686518379 1
0 0.195 -0.115 0.002543217174 1
0 0.195 -0.105 0.002392031806 1
0 0.195 -0.095 0.002233649261 1
0 0.195 -0.085 0.002069275611 1
0 0.195 -0.075 0.001899513482 1
0 0.195 -0.065 0.001724678146 1
0 0.195 -0.055 0.001543007685 1
0 0.195 -0.045 0.001362556079 1
0 0.195 -0.035 0.001161591978 1
0 0.195 -0.025 0.0009172603408 2
0 0.195 -0.015 0.0006377425497 2
0 0.195 -0.005 0.0003308999176 2
0 0.195 0.005 3.454470971e-05 2
0 0.195 0.015 -0.0002602791152 2
0 0.195 0.025 -0.0005493818699 2
0 0.195 0.035 -0.0008329321936 2
0 0.195 0.045 -0.001110019693 2
0 0.195 0.055 -0.001380186669 2
0 0.195 0.065 -0.001642909347 2
0 0.195 0.075 -0.001897702558 2
0 0.195 0.085 -0.00214402742 2
0 0.195 0.095 -0.002381256918 2
0 0.195 0.105 -0.002608630953 2
0 0.195 0.115 -0.00282522953 2
0 0.195 0.125 -0.003029959663 2
0 0.195 0.135 -0.003221559532 2
0 0.195 0.145 -0.003398619672 2
0 0.195 0.155 -0.003559621081 2
0 0.195 0.165 -0.003702988321 2
0 0.195 0.175 -0.003827153166 2
0 0.195 0.185 -0.003930621312 2
0 0.195 0.195 -0.00401203198 2
0 0.195 0.205 -0.004070199618 2
0 0.195 0.215 -0.004104128847 2
0 0.195 0.225 -0.004112998094 2
0 0.195 0.235 -0.004096113976 2
0 0.195 0.245 -0.0040528401 2
0 0.195 0.255 -0.003982519345 2
0 0.195 0.265 -0.003884372174 2
0 0.195 0.275 -0.003757471891 2
0 0.195 0.285 -0.003600506268 2
0 0.195 0.295 -0.003412275605 2
0 0.195 0.305 -0.003189795841 2
0 0.195 0.315 -0.002934357649 2
0 0.195 0.325 -0.002630365176 2
0 0.195 0.335 -0.002318934925 2
0 0.195 0.345 -0.00201097594 1
0 0.195 0.355 -0.001742349031 1
0 0.195 0.365 -0.001473860329 1
0 0.195 0.375 -0.001181018781 1
0 0.195 0.385 -0.0008424220465 1
0 0.195 0.395 -0.0005475361458 1
0 0.195 0.405 0 1
0 0.195 0.415 0 2
0 0.195 0.425 0 2
0 0.195 0.435 0 2
0 0.195 0.445 0 2
0 0.195 0.455 0 2
0 0.195 0.465 0 2
0 0.205 -0.455 0 2
0 0.205 -0.445 0 2
0 0.205 -0.435 0 2
0 0.205 -0.425 0 2
0 0.205 -0.415 0 2
0 0.205 -0.405 0 2
0 0.205 -0.395 0.0006223161782 2
0 0.205 -0.385 0.0009973064828 2
0 0.205 -0.375 0.001411299995 2
0 0.205 -0.365 0.001777266552 2
0 0.205 -0.355 0.002119132808 2
0 0.205 -0.345 0.002431897237 2
0 0.205 -0.335 0.002717403731 2
0 0.205 -0.325 0.002974509238 2
0 0.205 -0.315 0.003203662219 2
0 0.205 -0.305 0.003404764073 2
0 0.205 -0.295 0.00357825478 2
0 0.205 -0.285 0.003724901021 2
0 0.205 -0.275 0.003845193673 2
0 0.205 -0.265 0.003939375274 2
0 0.205 -0.255 0.004007686334 2
0 0.205 -0.245 0.004050187105 2
0 0.205 -0.235 0.00406680894 2
0 0.205 -0.225 0.004057403419 2
0 0.205 -0.215 0.004021829305 2
0 0.205 -0.205 0.003960193727 2
0 0.205 -0.195 0.003872916068 2
0 0.205 -0.185 0.003761002781 2
0 0.205 -0.175 0.003626514201 2
0 0.205 -0.165 0.003466679474 2
0 0.205 -0.155 0.003296613981 2
0 0.205 -0.145 0.003130504779 1
0 0.205 -0.135 0.00298734023 1
0 0.205 -0.125 0.002845056705 1
0 0.205 -0.115 0.002693139904 1
0 0.205 -0.105 0.002532541628 1
0 0.205 -0.095 0.002363607493 1
0 0.205 -0.085 0.002188114923 1
0 0.205 -0.075 0.002007073874 1
0 0.205 -0.065 0.001821204445 1
0 0.205 -0.055 0.001628066395 1
0 0.205 -0.045 0.001438993518 1
0 0.205 -0.035 0.001228365376 1
0 0.205 -0.025 0.0009734257856 2
0 0.205 -0.015 0.0006812239444 2
0 0.205 -0.005 0.0003552466317 2
0 0.205 0.005 4.027583903e-05 2
0 0.205 0.015 -0.0002732966886 2
0 0.205 0.025 -0.0005804975378 2
0 0.205 0.035 -0.0008816485687 2
0 0.205 0.045 -0.001175797087 2
0 0.205 0.055 -0.001462513832 2
0 0.205 0.065 -0.001741311579 2
0 0.205 0.075 -0.002011760796 2
0 0.205 0.085 -0.002273379096 2
0 0.205 0.095 -0.002525584451 2
0 0.205 0.105 -0.00276764044 2
0 0.205 0.115 -0.002998624565 2
0 0.205 0.125 -0.003217413143 2
0 0.205 0.135 -0.003422685023 2
0 0.205 0.145 -0.003612943277 2
0 0.205 0.155 -0.003786555374 2
0 0.205 0.165 -0.003941810817 2
0 0.205 0.175 -0.004076992445 2
0 0.205 0.185 -0.004190453271 2
0 0.205 0.195 -0.004280686724 2
0 0.205 0.205 -0.004346376812 2
0 0.205 0.215 -0.004386417498 2
0 0.205 0.225 -0.004399896982 2
0 0.205 0.235 -0.004386050976 2
0 0.205 0.245 -0.004344191885 2
0 0.205 0.255 -0.004273632841 2
0 0.205 0.265 -0.004173593697 2
0 0.205 0.275 -0.004043167535 2
0 0.205 0.285 -0.003881117379 2
0 0.205 0.295 -0.003686206105 2
0 0.205 0.305 -0.003455744501 2
0 0.205 0.315 -0.003189594955 2
0 0.205 0.325 -0.00287495588 2
0 0.205 0.335 -0.002537118318 2
0 0.205 0.345 -0.002200016748 1
0 0.205 0.355 -0.001905880847 1
0 0.205 0.365 -0.001611903545 1
0 0.205 0.375 -0.001299552411 1
0 0.205 0.385 -0.0009394290096 1
0 0.205 0.395 -0.0006121453771 1
0 0.205 0.405 0 1
0 0.205 0.415 0 2
0 0.205 0.425 0 2
0 0.205 0.435 0 2
0 0.205 0.445 0 2
0 0.205 0.455 0 2
0 0.205 0.465 0 2
0 0.215 -0.455 0 2
0 0.215 -0.445 0 2
0 0.215 -0.435 0 2
0 0.215 -0.425 0 2
0 0.215 -0.415 0 2
0 0.215 -0.405 0 2
0 0.215 -0.395 0.0006051930047 2
0 0.215 -0.385 0.0009826595446 2
0 0.215 -0.375 0.001414533882 2
0 0.215 -0.365 0.001812247391 2
0 0.215 -0.355 0.002188256415 2
0 0.215 -0.345 0.002531496322 2
0 0.215 -0.335 0.002845807368 2
0 0.215 -0.325 0.003128523004 2
0 0.215 -0.315 0.003379890681 2
0 0.215 -0.305 0.003599711373 2
0 0.215 -0.295 0.003788586917 2
0 0.215 -0.285 0.003947406254 2
0 0.215 -0.275 0.004077015039 2
0 0.215 -0.265 0.004178096044 2
0 0.215 -0.255 0.004251162378 2
0 0.215 -0.245 0.004296493183 2
0 0.215 -0.235 0.004314181515 2
0 0.215 -0.225 0.00430421351 2
0 0.215 -0.215 0.004266641272 2
0 0.215 -0.205 0.004201865697 2
0 0.215 -0.195 0.00411089272 2
0 0.215 -0.185 0.003995232311 2
0 0.215 -0.175 0.003857511486 2
0 0.215 -0.165 0.003697823413 2
0 0.215 -0.155 0.003520658962 2
0 0.215 -0.145 0.003334709831 2
0 0.215 -0.135 0.003154214818 1
0 0.215 -0.125 0.002998146248 1
0 0.215 -0.115 0.002839629468 1
0 0.215 -0.105 0.002671998261 1
0 0.215 -0.095 0.002490435753 1
0 0.215 -0.085 0.002300795249 1
0 0.215 -0.075 0.00210907098 1
0 0.215 -0.065 0.001910386987 1
0 0.215 -0.055 0.001704501486 1
0 0.215 -0.045 0.001503277143 1
0 0.215 -0.035 0.001282576448 1
0 0.215 -0.025 0.001015966108 2
0 0.215 -0.015 0.0007074283349 2
0 0.215 -0.005 0.0003661000489 2
0 0.215 0.005 3.60713155e-05 2
0 0.215 0.015 -0.0002926099028 2
0 0.215 0.025 -0.00061518438 2
0 0.215 0.035 -0.0009317633614 2
0 0.215 0.045 -0.001241229491 2
0 0.215 0.055 -0.001543046503 2
0 0.215 0.065 -0.001836701488 2
0 0.215 0.075 -0.002121789931 2
0 0.215 0.085 -0.002397872467 2
0 0.215 0.095 -0.002664402248 2
0 0.215 0.105 -0.002920655617 2
0 0.215 0.115 -0.003165694472 2
0 0.215 0.125 -0.003398349092 2
0 0.215 0.135 -0.003617220582 2
0 0.215 0.145 -0.003820701382 2
0 0.215 0.155 -0.004007016101 2
0 0.215 0.165 -0.004174284226 2
0 0.215 0.175 -0.004320602844 2
0 0.215 0.185 -0.004444140636 2
0 0.215 0.195 -0.004543227262 2
0 0.215 0.205 -0.004616418818 2
0 0.215 0.215 -0.004662524055 2
0 0.215 0.225 -0.004680586663 2
0 0.215 0.235 -0.004669831289 2
0 0.215 0.245 -0.004629586334 2
0 0.215 0.255 -0.004559205067 2
0 0.215 0.265 -0.004457980344 2
0 0.215 0.275 -0.004325111343 2
0 0.215 0.285 -0.004159567051 2
0 0.215 0.295 -0.003960304575 2
0 0.215 0.305 -0.003725508509 2
0 0.215 0.315 -0.003454589257 2
0 0.215 0.325 -0.003143875255 2
0 0.215 0.335 -0.002793868987 2
0 0.215 0.345 -0.002435207244 2
0 0.215 0.355 -0.002078489506 1
0 0.215 0.365 -0.001760506784 1
0 0.215 0.375 -0.001434558874 1
0 0.215 0.385 -0.001061417727 1
0 0.215 0.395 -0.0007143739045 1
0 0.215 0.405 0 2
0 0.215 0.415 0 2
0 0.215 0.425 0 2
0 0.215 0.435 0 2
0 0.215 0.445 0 2
0 0.215 0.455 0 2
0 0.215 0.465 0 2
0 0.225 -0.455 0 2
0 0.225 -0.445 0 2
0 0.225 -0.435 0 2
0 0.225 -0.425 0 1
0 0.225 -0.415 0 1
0 0.225 -0.405 0 1
0 0.225 -0.395 0.0005279046766 1
0 0.225 -0.385 0.0009245954289 2
0 0.225 -0.375 0.001386618833 2
0 0.225 -0.365 0.001823634028 2
0 0.225 -0.355 0.002241526456 2
0 0.225 -0.345 0.002615900936 2
0 0.225 -0.335 0.002959137829 2
0 0.225 -0.325 0.003267286437 2
0 0.225 -0.315 0.00354060019 2
0 0.225 -0.305 0.003779130635 2
0 0.225 -0.295 0.003983549108 2
0 0.225 -0.285 0.004154902768 2
0 0.225 -0.275 0.004294301005 2
0 0.225 -0.265 0.004402769314 2
0 0.225 -0.255 0.004481128331 2
0 0.225 -0.245 0.004529944217 2
0 0.225 -0.235 0.004549504618 2
0 0.225 -0.225 0.00453990293 2
0 0.225 -0.215 0.004501266977 2
0 0.225 -0.205 0.004434167903 2
0 0.225 -0.195 0.004340074456 2
0 0.225 -0.185 0.004221291473 2
0 0.225 -0.175 0.004081067653 2
0 0.225 -0.165 0.003922452774 2
0 0.225 -0.155 0.003746750053 2
0 0.225 -0.145 0.003553620084 2
0 0.225 -0.135 0.003354508371 2
0 0.225 -0.125 0.003160446997 1
0 0.225 -0.115 0.002985981152 1
0 0.225 -0.105 0.002809919294 1
0 0.225 -0.095 0.002616521011 1
0 0.225 -0.085 0.002410013279 1
0 0.225 -0.075 0.002201398897 1
0 0.225 -0.065 0.001984363372 1
0 0.225 -0.055 0.001769912281 1
0 0.225 -0.045 0.001557971855 1
0 0.225 -0.035 0.001322915274 1
0 0.225 -0.025 0.001038139709 2
0 0.225 -0.015 0.0007119801963 2
0 0.225 -0.005 0.0003630673723 2
0 0.225 0.005 2.273299563e-05 2
0 0.225 0.015 -0.0003171320708 2
0 0.225 0.025 -0.0006523612326 2
0 0.225 0.035 -0.0009822668214 2
0 0.225 0.045 -0.001305359327 2
0 0.225 0.055 -0.001620849946 2
0 0.225 0.065 -0.001928150275 2
0 0.225 0.075 -0.002226864201 2
0 0.225 0.085 -0.002516587947 2
0 0.225 0.095 -0.002796798424 2
0 0.225 0.105 -0.003066768419 2
0 0.225 0.115 -0.003325526441 2
0 0.225 0.125 -0.003571839885 2
0 0.225 0.135 -0.003804215587 2
0 0.225 0.145 -0.00402091559 2
0 0.225 0.155 -0.004219994637 2
0 0.225 0.165 -0.004399366155 2
0 0.225 0.175 -0.004556899673 2
0 0.225 0.185 -0.004690540951 2
0 0.225 0.195 -0.004798432604 2
0 0.225 0.205 -0.004879004555 2
0 0.225 0.215 -0.004931009273 2
0 0.225 0.225 -0.004953496182 2
0 0.225 0.235 -0.004945739745 2
0 0.225 0.245 -0.004907145528 2
0 0.225 0.255 -0.004837161615 2
0 0.225 0.265 -0.004735200062 2
0 0.225 0.275 -0.004600606674 2
0 0.225 0.285 -0.004432589264 2
0 0.225 0.295 -0.004230330337 2
0 0.225 0.305 -0.003992725084 2
0 0.225 0.315 -0.003718665979 2
0 0.225 0.325 -0.003407869094 2
0 0.225 0.335 -0.003048781339 2
0 0.225 0.345 -0.002670853143 2
0 0.225 0.355 -0.002286576317 1
0 0.225 0.365 -0.001934344762 1
0 0.225 0.375 -0.001576598685 1
0 0.225 0.385 -0.001166072568 1
0 0.225 0.395 -0.0007769831381 1
0 0.225 0.405 0 2
0 0.225 0.415 0 2
0 0.225 0.425 0 2
0 0.225 0.435 0 2
0 0.225 0.445 0 2
0 0.225 0.455 0 2
0 0.225 0.465 0 2
0 0.235 -0.455 0 2
0 0.235 -0.445 0 2
0 0.235 -0.435 0 1
0 0.235 -0.425 0 1
0 0.235 -0.415 0 1
0 0.235 -0.405 0 1
0 0.235 -0.395 0.0005307243927 1
0 0.235 -0.385 0.0008818066172 1
0 0.235 -0.375 0.001354470204 2
0 0.235 -0.365 0.001817679939 2
0 0.235 -0.355 0.002278275859 2
0 0.235 -0.345 0.002688130871 2
0 0.235 -0.335 0.003060494437 2
0 0.235 -0.325 0.003394099961 2
0 0.235 -0.315 0.003688809204 2
0 0.235 -0.305 0.003945452847 2
0 0.235 -0.295 0.004164854726 2
0 0.235 -0.285 0.004348314327 2
0 0.235 -0.275 0.004497185548 2
0 0.235 -0.265 0.00461281878 2
0 0.235 -0.255 0.004696392104 2
0 0.235 -0.245 0.004748809919 2
0 0.235 -0.235 0.004770585108 2
0 0.235 -0.225 0.004761877671 2
0 0.235 -0.215 0.004722707715 2
0 0.235 -0.205 0.004653585713 2
0 0.235 -0.195 0.004556274183 2
0 0.235 -0.185 0.004433919711 2
0 0.235 -0.175 0.004290705386 2
0 0.235 -0.165 0.00413085226 2
0 0.235 -0.155 0.003957472767 2
0 0.235 -0.145 0.00377085546 2
0 0.235 -0.135 0.003575816871 2
0 0.235 -0.125 0.003373697387 2
0 0.235 -0.115 0.003161487751 2
0 0.235 -0.105 0.002954966773 2
0 0.235 -0.095 0.002748954373 1
0 0.235 -0.085 0.002528915475 2
0 0.235 -0.075 0.00228462181 2
0 0.235 -0.065 0.002036989217 1
0 0.235 -0.055 0.001823489422 1
0 0.235 -0.045 0.00160370525 1
0 0.235 -0.035 0.001329918257 2
0 0.235 -0.025 0.001021413919 2
0 0.235 -0.015 0.0006907358669 2
0 0.235 -0.005 0.0003492249348 2
0 0.235 0.005 4.107575677e-06 2
0 0.235 0.015 -0.0003436927791 2
0 0.235 0.025 -0.0006895569627 2
0 0.235 0.035 -0.001031221252 2
0 0.235 0.045 -0.001366591021 2
0 0.235 0.055 -0.001694543978 2
0 0.235 0.065 -0.002014424413 2
0 0.235 0.075 -0.002325867601 2
0 0.235 0.085 -0.002628513072 2
0 0.235 0.095 -0.002921848816 2
0 0.235 0.105 -0.003205119583 2
0 0.235 0.115 -0.003477296752 2
0 0.235 0.125 -0.00373706837 2
0 0.235 0.135 -0.003982837085 2
0 0.235 0.145 -0.004212724181 2
0 0.235 0.155 -0.004424595082 2
0 0.235 0.165 -0.004616122393 2
0 0.235 0.175 -0.004784899741 2
0 0.235 0.185 -0.004928600207 2
0 0.235 0.195 -0.005045147335 2
0 0.235 0.205 -0.005132846309 2
0 0.235 0.215 -0.00519043027 2
0 0.235 0.225 -0.005217015143 2
0 0.235 0.235 -0.005211991302 2
0 0.235 0.245 -0.005174897312 2
0 0.235 0.255 -0.005105312993 2
0 0.235 0.265 -0.005002785269 2
0 0.235 0.275 -0.004866805765 2
0 0.235 0.285 -0.00469680102 2
0 0.235 0.295 -0.004492193639 2
0 0.235 0.305 -0.004252520271 2
0 0.235 0.315 -0.003977041552 2
0 0.235 0.325 -0.003667582557 2
0 0.235 0.335 -0.003318199199 2
0 0.235 0.345 -0.002947582888 2
0 0.235 0.355 -0.002558964767 2
0 0.235 0.365 -0.002149573713 2
0 0.235 0.375 -0.001730222605 2
0 0.235 0.385 -0.001244939322 2
0 0.235 0.395 -0.000791400664 2
0 0.235 0.405 0 2
0 0.235 0.415 0 2
0 0.235 0.425 0 2
0 0.235 0.435 0 2
0 0.235 0.445 0 2
0 0.235 0.455 0 2
0 0.235 0.465 0 2
0 0.245 -0.455 0 2
0 0.245 -0.445 0 2
0 0.245 -0.435 0 1
0 0.245 -0.425 0 1
0 0.245 -0.415 0 1
0 0.245 -0.405 0 1
0 0.245 -0.395 0.0005426662077 1
0 0.245 -0.385 0.0008889374914 1
0 0.245 -0.375 0.001363500592 2
0 0.245 -0.365 0.001829708453 2
0 0.245 -0.355 0.002310567131 2
0 0.245 -0.345 0.002755844141 2
0 0.245 -0.335 0.003155088672 2
0 0.245 -0.325 0.003512947945 2
0 0.245 -0.315 0.003827733375 2
0 0.245 -0.305 0.004101204977 2
0 0.245 -0.295 0.00433434159 2
0 0.245 -0.285 0.004528749684 2
0 0.245 -0.275 0.00468604512 2
0 0.245 -0.265 0.004807912808 2
0 0.245 -0.255 0.004895918126 2
0 0.245 -0.245 0.004951405208 2
0 0.245 -0.235 0.004975226289 2
0 0.245 -0.225 0.00496763512 2
0 0.245 -0.215 0.004928216109 2
0 0.245 -0.205 0.004856953746 2
0 0.245 -0.195 0.004755638316 2
0 0.245 -0.185 0.004628212908 2
0 0.245 -0.175 0.004480156445 2
0 0.245 -0.165 0.004316789756 2
0 0.245 -0.155 0.004142004603 2
0 0.245 -0.145 0.003956978574 2
0 0.245 -0.135 0.00376178921 2
0 0.245 -0.125 0.003554087904 2
0 0.245 -0.115 0.003332842259 2
0 0.245 -0.105 0.003111392248 2
0 0.245 -0.095 0.002881253525 2
0 0.245 -0.085 0.002639357167 2
0 0.245 -0.075 0.002395716446 2
0 0.245 -0.065 0.002139119222 2
0 0.245 -0.055 0.001878037959 2
0 0.245 -0.045 0.001604027869 2
0 0.245 -0.035 0.001311405052 2
0 0.245 -0.025 0.001004126094 2
0 0.245 -0.015 0.0006781584446 2
0 0.245 -0.005 0.0003391848013 2
0 0.245 0.005 -1.106722181e-05 2
0 0.245 0.015 -0.000366967091 2
0 0.245 0.025 -0.000723157479 2
0 0.245 0.035 -0.00107596673 2
0 0.245 0.045 -0.00142280371 2
0 0.245 0.055 -0.001762351999 2
0 0.245 0.065 -0.00209401296 2
0 0.245 0.075 -0.002417531636 2
0 0.245 0.085 -0.002732603126 2
0 0.245 0.095 -0.003038698344 2
0 0.245 0.105 -0.003334991625 2
0 0.245 0.115 -0.003620364238 2
0 0.245 0.125 -0.003893411786 2
0 0.245 0.135 -0.004152437354 2
0 0.245 0.145 -0.004395430616 2
0 0.245 0.155 -0.004620065514 2
0 0.245 0.165 -0.004823745767 2
0 0.245 0.175 -0.005003732697 2
0 0.245 0.185 -0.005157358583 2
0 0.245 0.195 -0.005282280813 2
0 0.245 0.205 -0.005376682229 2
0 0.245 0.215 -0.00543933038 2
0 0.245 0.225 -0.005469490039 2
0 0.245 0.235 -0.005466745877 2
0 0.245 0.245 -0.005430821311 2
0 0.245 0.255 -0.005361443886 2
0 0.245 0.265 -0.005258274913 2
0 0.245 0.275 -0.005120898902 2
0 0.245 0.285 -0.004948855898 2
0 0.245 0.295 -0.00474167397 2
0 0.245 0.305 -0.004499090125 2
0 0.245 0.315 -0.004220582665 2
0 0.245 0.325 -0.003907191188 2
0 0.245 0.335 -0.003557902692 2
0 0.245 0.345 -0.003177609357 2
0 0.245 0.355 -0.002767199641 2
0 0.245 0.365 -0.002322786907 2
0 0.245 0.375 -0.001856042259 2
0 0.245 0.385 -0.001319660389 2
0 0.245 0.395 -0.0008283341299 2
0 0.245 0.405 0 2
0 0.245 0.415 0 2
0 0.245 0.425 0 2
0 0.245 0.435 0 2
0 0.245 0.445 0 2
0 0.245 0.455 0 2
0 0.245 0.465 0 2
0 0.255 -0.455 0 2
0 0.255 -0.445 0 2
0 0.255 -0.435 0 1
0 0.255 -0.425 0 1
0 0.255 -0.415 0 1
0 0.255 -0.405 0 1
0 0.255 -0.395 0.0005752382378 1
0 0.255 -0.385 0.0009286600456 1
0 0.255 -0.375 0.001359666029 1
0 0.255 -0.365 0.001833716429 2
0 0.255 -0.355 0.002334960564 2
0 0.255 -0.345 0.002822279412 2
0 0.255 -0.335 0.003247075775 2
0 0.255 -0.325 0.003627406872 2
0 0.255 -0.315 0.00396028721 2
0 0.255 -0.305 0.004248679629 2
0 0.255 -0.295 0.004493735099 2
0 0.255 -0.285 0.004697371883 2
0 0.255 -0.275 0.004861448232 2
0 0.255 -0.265 0.004987954399 2
0 0.255 -0.255 0.005078834667 2
0 0.255 -0.245 0.00513591779 2
0 0.255 -0.235 0.005160541022 2
0 0.255 -0.225 0.005153250789 2
0 0.255 -0.215 0.005113109476 2
0 0.255 -0.205 0.005039459251 2
0 0.255 -0.195 0.004934057251 2
0 0.255 -0.185 0.00480130165 2
0 0.255 -0.175 0.004647454992 2
0 0.255 -0.165 0.004478559246 2
0 0.255 -0.155 0.004298867503 2
0 0.255 -0.145 0.00410937814 2
0 0.255 -0.135 0.003907686428 2
0 0.255 -0.125 0.003692516493 2
0 0.255 -0.115 0.00346634573 2
0 0.255 -0.105 0.003234411106 2
0 0.255 -0.095 0.002990710101 2
0 0.255 -0.085 0.002740451967 2
0 0.255 -0.075 0.00249180686 2
0 0.255 -0.065 0.002227994875 2
0 0.255 -0.055 0.001940906389 2
0 0.255 -0.045 0.001641567311 2
0 0.255 -0.035 0.001337606065 2
0 0.255 -0.025 0.001022910877 2
0 0.255 -0.015 0.0006917189374 2
0 0.255 -0.005 0.0003446599866 2
0 0.255 0.005 -1.508023383e-05 2
0 0.255 0.015 -0.000381551759 2
0 0.255 0.025 -0.0007491208688 2
0 0.255 0.035 -0.00111333686 2
0 0.255 0.045 -0.001471431977 2
0 0.255 0.055 -0.001822167714 2
0 0.255 0.065 -0.002165205595 2
0 0.255 0.075 -0.00250053208 2
0 0.255 0.085 -0.002827899805 2
0 0.255 0.095 -0.003146699112 2
0 0.255 0.105 -0.003455956445 2
0 0.255 0.115 -0.00375441562 2
0 0.255 0.125 -0.004040575834 2
0 0.255 0.135 -0.004312669453 2
0 0.255 0.145 -0.004568593556 2
0 0.255 0.155 -0.004805857995 2
0 0.255 0.165 -0.00502158638 2
0 0.255 0.175 -0.005212645107 2
0 0.255 0.185 -0.005375931425 2
0 0.255 0.195 -0.005508767297 2
0 0.255 0.205 -0.005609222078 2
0 0.255 0.215 -0.005676183812 2
0 0.255 0.225 -0.005709185254 2
0 0.255 0.235 -0.005708101333 2
0 0.255 0.245 -0.005672885837 2
0 0.255 0.255 -0.005603405743 2
0 0.255 0.265 -0.005499384421 2
0 0.255 0.275 -0.005360415678 2
0 0.255 0.285 -0.005186027904 2
0 0.255 0.295 -0.004975721694 2
0 0.255 0.305 -0.00472915112 2
0 0.255 0.315 -0.004445894308 2
0 0.255 0.325 -0.004126118446 2
0 0.255 0.335 -0.003770135485 2
0 0.255 0.345 -0.003376462508 2
0 0.255 0.355 -0.002945113426 2
0 0.255 0.365 -0.002471088889 2
0 0.255 0.375 -0.001967073216 2
0 0.255 0.385 -0.001390471841 2
0 0.255 0.395 -0.0008667685367 2
0 0.255 0.405 0 2
0 0.255 0.415 0 2
0 0.255 0.425 0 2
0 0.255 0.435 0 2
0 0.255 0.445 0 2
0 0.255 0.455 0 2
0 0.255 0.465 0 2
0 0.265 -0.455 0 2
0 0.265 -0.445 0 2
0 0.265 -0.435 0 1
0 0.265 -0.425 0 1
0 0.265 -0.415 0 1
0 0.265 -0.405 0 1
0 0.265 -0.395 0.0006008965879 1
0 0.265 -0.385 0.0009588456811 1
0 0.265 -0.375 0.001395461349 1
0 0.265 -0.365 0.001876650703 2
0 0.265 -0.355 0.002386279186 2
0 0.265 -0.345 0.002898570502 2
0 0.265 -0.335 0.003342721885 2
0 0.265 -0.325 0.003741369453 2
0 0.265 -0.315 0.004089295901 2
0 0.265 -0.305 0.004390039674 2
0 0.265 -0.295 0.004644719557 2
0 0.265 -0.285 0.004855445709 2
0 0.265 -0.275 0.005024228296 2
0 0.265 -0.265 0.005153269287 2
0 0.265 -0.255 0.005244847369 2
0 0.265 -0.245 0.005301182601 2
0 0.265 -0.235 0.005324217839 2
0 0.265 -0.225 0.005316157883 2
0 0.265 -0.215 0.005275415199 2
0 0.265 -0.205 0.005198303864 2
0 0.265 -0.195 0.005086963509 2
0 0.265 -0.185 0.004948553568 2
0 0.265 -0.175 0.004788567768 2
0 0.265 -0.165 0.004613841404 2
0 0.265 -0.155 0.004429338785 2
0 0.265 -0.145 0.004232239185 2
0 0.265 -0.135 0.004019632671 2
0 0.265 -0.125 0.003793450735 2
0 0.265 -0.115 0.003548820864 2
0 0.265 -0.105 0.003299542504 2
0 0.265 -0.095 0.003053726866 2
0 0.265 -0.085 0.002812093774 2
0 0.265 -0.075 0.002571289263 2
0 0.265 -0.065 0.002318113525 2
0 0.265 -0.055 0.00203750846 2
0 0.265 -0.045 0.00173219523 2
0 0.265 -0.035 0.001412885354 2
0 0.265 -0.025 0.0010784745 2
0 0.265 -0.015 0.0007315767258 2
0 0.265 -0.005 0.000369348635 2
0 0.265 0.005 -4.394767676e-06 2
0 0.265 0.015 -0.0003841277582 2
0 0.265 0.025 -0.0007643160198 2
0 0.265 0.035 -0.001140276293 2
0 0.265 0.045 -0.001509563297 2
0 0.265 0.055 -0.001871484908 2
0 0.265 0.065 -0.002226078723 2
0 0.265 0.075 -0.002573575966 2
0 0.265 0.085 -0.002913699054 2
0 0.265 0.095 -0.003245620653 2
0 0.265 0.105 -0.003568093988 2
0 0.265 0.115 -0.003879668626 2
0 0.265 0.125 -0.004178762835 2
0 0.265 0.135 -0.004463603298 2
0 0.265 0.145 -0.004732080241 2
0 0.265 0.155 -0.004981627378 2
0 0.265 0.165 -0.005209122931 2
0 0.265 0.175 -0.005410974492 2
0 0.265 0.185 -0.005583495877 2
0 0.265 0.195 -0.005723550814 2
0 0.265 0.205 -0.005829113676 2
0 0.265 0.215 -0.005899344041 2
0 0.265 0.225 -0.005934233968 2
0 0.265 0.235 -0.005934070819 2
0 0.265 0.245 -0.005899066644 2
0 0.265 0.255 -0.005829178429 2
0 0.265 0.265 -0.005724101026 2
0 0.265 0.275 -0.005583330266 2
0 0.265 0.285 -0.005406256359 2
0 0.265 0.295 -0.005192220029 2
0 0.265 0.305 -0.004940605815 2
0 0.265 0.315 -0.004650797738 2
0 0.265 0.325 -0.004322165145 2
0 0.265 0.335 -0.003954040906 2
0 0.265 0.345 -0.003544610495 2
0 0.265 0.355 -0.003093878505 2
0 0.265 0.365 -0.002596463901 2
0 0.265 0.375 -0.002066069013 2
0 0.265 0.385 -0.001459162855 2
0 0.265 0.395 -0.0009077819968 2
0 0.265 0.405 0 2
0 0.265 0.415 0 2
0 0.265 0.425 0 2
0 0.265 0.435 0 2
0 0.265 0.445 0 2
0 0.265 0.455 0 2
0 0.265 0.465 0 2
0 0.275 -0.455 0 2
0 0.275 -0.445 0 2
0 0.275 -0.435 0 1
0 0.275 -0.425 0 1
0 0.275 -0.415 0 1
0 0.275 -0.405 0 1
0 0.275 -0.395 0.0006233980734 1
0 0.275 -0.385 0.0009894887175 1
0 0.275 -0.375 0.001437015338 1
0 0.275 -0.365 0.001930800899 2
0 0.275 -0.355 0.002453043919 2
0 0.275 -0.345 0.002983948313 2
0 0.275 -0.335 0.003443737635 2
0 0.275 -0.325 0.003856944811 2
0 0.275 -0.315 0.004216733504 2
0 0.275 -0.305 0.004527002715 2
0 0.275 -0.295 0.004788794212 2
0 0.275 -0.285 0.005004293604 2
0 0.275 -0.275 0.005175536112 2
0 0.275 -0.265 0.005304775976 2
0 0.275 -0.255 0.005394462375 2
0 0.275 -0.245 0.005446862069 2
0 0.275 -0.235 0.005464191003 2
0 0.275 -0.225 0.005448284473 2
0 0.275 -0.215 0.005400780299 2
0 0.275 -0.205 0.005318767602 2
0 0.275 -0.195 0.005206765482 2
0 0.275 -0.185 0.005076179449 2
0 0.275 -0.175 0.004921472671 2
0 0.275 -0.165 0.004741496761 2
0 0.275 -0.155 0.004544180395 2
0 0.275 -0.145 0.004330655422 2
0 0.275 -0.135 0.004098712397 2
0 0.275 -0.125 0.003851716549 2
0 0.275 -0.115 0.003584656831 2
0 0.275 -0.105 0.003320709343 2
0 0.275 -0.095 0.003075421174 1
0 0.275 -0.085 0.002857534592 1
0 0.275 -0.075 0.002638499871 1
0 0.275 -0.065 0.002410419627 1
0 0.275 -0.055 0.002165232995 1
0 0.275 -0.045 0.001862411313 2
0 0.275 -0.035 0.001521509379 2
0 0.275 -0.025 0.001160814418 2
0 0.275 -0.015 0.0007890220561 2
0 0.275 -0.005 0.0004101145707 2
0 0.275 0.005 2.252583939e-05 2
0 0.275 0.015 -0.0003699394229 2
0 0.275 0.025 -0.0007631332677 2
0 0.275 0.035 -0.001152015206 2
0 0.275 0.045 -0.001533687042 2
0 0.275 0.055 -0.001907746893 2
0 0.275 0.065 -0.002274821678 2
0 0.275 0.075 -0.002635686224 2
0 0.275 0.085 -0.002989868996 2
0 0.275 0.095 -0.003335961709 2
0 0.275 0.105 -0.003672270106 2
0 0.275 0.115 -0.00399712302 2
0 0.275 0.125 -0.004308934382 2
0 0.275 0.135 -0.004606039687 2
0 0.275 0.145 -0.004886419891 2
0 0.275 0.155 -0.005147543331 2
0 0.275 0.165 -0.005386129603 2
0 0.275 0.175 -0.005598109621 2
0 0.275 0.185 -0.005779057089 2
0 0.275 0.195 -0.005925232385 2
0 0.275 0.205 -0.006034578954 2
0 0.275 0.215 -0.006106759561 2
0 0.275 0.225 -0.006142473223 2
0 0.275 0.235 -0.0061425248 2
0 0.275 0.245 -0.006107361487 2
0 0.275 0.255 -0.006036926692 2
0 0.275 0.265 -0.00593075939 2
0 0.275 0.275 -0.005788141907 2
0 0.275 0.285 -0.005608228903 2
0 0.275 0.295 -0.005390122998 2
0 0.275 0.305 -0.005132914021 2
0 0.275 0.315 -0.004835686767 2
0 0.275 0.325 -0.004497353714 2
0 0.275 0.335 -0.004116844772 2
0 0.275 0.345 -0.003692266522 2
0 0.275 0.355 -0.003223862748 2
0 0.275 0.365 -0.002706093396 2
0 0.275 0.375 -0.002153205153 2
0 0.275 0.385 -0.00152010274 2
0 0.275 0.395 -0.0009447100732 2
0 0.275 0.405 0 2
0 0.275 0.415 0 2
0 0.275 0.425 0 2
0 0.275 0.435 0 2
0 0.275 0.445 0 2
0 0.275 0.455 0 2
0 0.275 0.465 0 2
0 0.285 -0.455 0 2
0 0.285 -0.445 0 2
0 0.285 -0.435 0 1
0 0.285 -0.425 0 1
0 0.285 -0.415 0 1
0 0.285 -0.405 0 1
0 0.285 -0.395 0.0006434363686 1
0 0.285 -0.385 0.001021206418 1
0 0.285 -0.375 0.001483660174 1
0 0.285 -0.365 0.001993707794 2
0 0.285 -0.355 0.002532472051 2
0 0.285 -0.345 0.003078946703 2
0 0.285 -0.335 0.003551486791 2
0 0.285 -0.325 0.003975546884 2
0 0.285 -0.315 0.004343935688 2
0 0.285 -0.305 0.004660810711 2
0 0.285 -0.295 0.004927197755 2
0 0.285 -0.285 0.005145245059 2
0 0.285 -0.275 0.005316873982 2
0 0.285 -0.265 0.005444214819 2
0 0.285 -0.255 0.005529670985 2
0 0.285 -0.245 0.005575388931 2
0 0.285 -0.235 0.0055846908 2
0 0.285 -0.225 0.005553534994 2
0 0.285 -0.215 0.005485841862 2
0 0.285 -0.205 0.005387411048 1
0 0.285 -0.195 0.00528490728 1
0 0.285 -0.185 0.005176429649 1
0 0.285 -0.175 0.005046948095 1
0 0.285 -0.165 0.004876367434 2
0 0.285 -0.155 0.004658567633 2
0 0.285 -0.145 0.0044141091 2
0 0.285 -0.135 0.004150512243 2
0 0.285 -0.125 0.003877783333 2
0 0.285 -0.115 0.003611877832 1
0 0.285 -0.105 0.003387646391 1
0 0.285 -0.095 0.003165138889 1
0 0.285 -0.085 0.002933945426 1
0 0.285 -0.075 0.002701417359 1
0 0.285 -0.065 0.002461428338 1
0 0.285 -0.055 0.002217268272 1
0 0.285 -0.045 0.001946619971 1
0 0.285 -0.035 0.001618003826 2
0 0.285 -0.025 0.001242559767 2
0 0.285 -0.015 0.0008460534118 2
0 0.285 -0.005 0.0004585583106 2
0 0.285 0.005 6.407553504e-05 2
0 0.285 0.015 -0.000338614938 2
0 0.285 0.025 -0.0007425167418 2
0 0.285 0.035 -0.001142095701 2
0 0.285 0.045 -0.00153838972 2
0 0.285 0.055 -0.001927175515 2
0 0.285 0.065 -0.002309408826 2
0 0.285 0.075 -0.002686516781 2
0 0.285 0.085 -0.00305734542 2
0 0.285 0.095 -0.003419383957 2
0 0.285 0.105 -0.003770506116 2
0 0.285 0.115 -0.004108913534 2
0 0.285 0.125 -0.004433136439 2
0 0.285 0.135 -0.004741657582 2
0 0.285 0.145 -0.005032561745 2
0 0.285 0.155 -0.005303695785 2
0 0.285 0.165 -0.005552067618 2
0 0.285 0.175 -0.005773275819 2
0 0.285 0.185 -0.005961697508 2
0 0.285 0.195 -0.006112468168 2
0 0.285 0.205 -0.006223651341 2
0 0.285 0.215 -0.006295976961 2
0 0.285 0.225 -0.006331367166 2
0 0.285 0.235 -0.006331163614 2
0 0.285 0.245 -0.006295835181 2
0 0.285 0.255 -0.00622507174 2
0 0.285 0.265 -0.006118094812 2
0 0.285 0.275 -0.005973867858 2
0 0.285 0.285 -0.005791250661 2
0 0.285 0.295 -0.005569081762 2
0 0.285 0.305 -0.005306187941 2
0 0.285 0.315 -0.005001394533 2
0 0.285 0.325 -0.004653396156 2
0 0.285 0.335 -0.004261034857 2
0 0.285 0.345 -0.003822468673 2
0 0.285 0.355 -0.003338144549 2
0 0.285 0.365 -0.002802405285 2
0 0.285 0.375 -0.002229940731 2
0 0.285 0.385 -0.001574091859 2
0 0.285 0.395 -0.0009778496993 2
0 0.285 0.405 0 2
0 0.285 0.415 0 2
0 0.285 0.425 0 2
0 0.285 0.435 0 2
0 0.285 0.445 0 2
0 0.285 0.455 0 2
0 0.285 0.465 0 2
0 0.295 -0.455 0 2
0 0.295 -0.445 0 2
0 0.295 -0.435 0 1
0 0.295 -0.425 0 1
0 0.295 -0.415 0 1
0 0.295 -0.405 0 1
0 0.295 -0.395 0.0006668147914 1
0 0.295 -0.385 0.001058716338 1
0 0.295 -0.375 0.001538553347 1
0 0.295 -0.365 0.002066677709 2
0 0.295 -0.355 0.002622718354 2
0 0.295 -0.345 0.00318403017 2
0 0.295 -0.335 0.003666573805 2
0 0.295 -0.325 0.004097733994 2
0 0.295 -0.315 0.004471429626 2
0 0.295 -0.305 0.004792055315 2
0 0.295 -0.295 0.005060722769 2
0 0.295 -0.285 0.005279439277 2
0 0.295 -0.275 0.005449893235 2
0 0.295 -0.265 0.005573948033 2
0 0.295 -0.255 0.00565371141 2
0 0.295 -0.245 0.00569149745 2
0 0.295 -0.235 0.005691304164 2
0 0.295 -0.225 0.005651881398 2
0 0.295 -0.215 0.005577718623 2
0 0.295 -0.205 0.005476035446 1
0 0.295 -0.195 0.005373224201 1
0 0.295 -0.185 0.005259744683 1
0 0.295 -0.175 0.005126168666 1
0 0.295 -0.165 0.004970175625 1
0 0.295 -0.155 0.004760654991 2
0 0.295 -0.145 0.004495181411 2
0 0.295 -0.135 0.004212290553 2
0 0.295 -0.125 0.003943419971 1
0 0.295 -0.115 0.003715409688 1
0 0.295 -0.105 0.003490265642 1
0 0.295 -0.095 0.003254339813 1
0 0.295 -0.085 0.003006493296 1
0 0.295 -0.075 0.002753476474 1
0 0.295 -0.065 0.002492679466 1
0 0.295 -0.055 0.002232972261 1
0 0.295 -0.045 0.001955252145 1
0 0.295 -0.035 0.001630303084 2
0 0.295 -0.025 0.001263462433 2
0 0.295 -0.015 0.000874879621 2
0 0.295 -0.005 0.0004972298303 2
0 0.295 0.005 0.0001188267756 2
0 0.295 0.015 -0.000273357921 2
0 0.295 0.025 -0.0006807277539 2
0 0.295 0.035 -0.001100651854 2
0 0.295 0.045 -0.001521840694 2
0 0.295 0.055 -0.001926920269 2
0 0.295 0.065 -0.002329289992 2
0 0.295 0.075 -0.002727575641 2
0 0.295 0.085 -0.003118906047 2
0 0.295 0.095 -0.003499169322 2
0 0.295 0.105 -0.0038662224 2
0 0.295 0.115 -0.004218340748 2
0 0.295 0.125 -0.004554504979 2
0 0.295 0.135 -0.004873708648 2
0 0.295 0.145 -0.005174073947 2
0 0.295 0.155 -0.005453363971 2
0 0.295 0.165 -0.005708568619 2
0 0.295 0.175 -0.005935364818 2
0 0.295 0.185 -0.006127900791 2
0 0.295 0.195 -0.006280644935 2
0 0.295 0.205 -0.006391841329 2
0 0.295 0.215 -0.006463197002 2
0 0.295 0.225 -0.006497863195 2
0 0.295 0.235 -0.006497656225 2
0 0.295 0.245 -0.006462781543 2
0 0.295 0.255 -0.006392435236 2
0 0.295 0.265 -0.006285331253 2
0 0.295 0.275 -0.006140057202 2
0 0.295 0.285 -0.005955175839 2
0 0.295 0.295 -0.005729294653 2
0 0.295 0.305 -0.005461050368 2
0 0.295 0.315 -0.005149121939 2
0 0.295 0.325 -0.004792117266 2
0 0.295 0.335 -0.004388890834 2
0 0.295 0.345 -0.003937680938 2
0 0.295 0.355 -0.003439096908 2
0 0.295 0.365 -0.002887373294 2
0 0.295 0.375 -0.00229762464 2
0 0.295 0.385 -0.001621798719 2
0 0.295 0.395 -0.001007292118 2
0 0.295 0.405 0 2
0 0.295 0.415 0 2
0 0.295 0.425 0 2
0 0.295 0.435 0 2
0 0.295 0.445 0 2
0 0.295 0.455 0 2
0 0.295 0.465 0 2
0 0.305 -0.455 0 2
0 0.305 -0.445 0 2
0 0.305 -0.435 0 2
0 0.305 -0.425 0 1
0 0.305 -0.415 0 1
0 0.305 -0.405 0 1
0 0.305 -0.395 0.0006923373914 1
0 0.305 -0.385 0.001104456187 1
0 0.305 -0.375 0.001606963171 1
0 0.305 -0.365 0.002157375213 2
0 0.305 -0.355 0.002733659702 2
0 0.305 -0.345 0.003302262305 2
0 0.305 -0.335 0.003789874239 2
0 0.305 -0.325 0.004223397634 2
0 0.305 -0.315 0.004598867241 2
0 0.305 -0.305 0.004920525677 2
0 0.305 -0.295 0.005189515284 2
0 0.305 -0.285 0.005407561125 2
0 0.305 -0.275 0.005576021303 2
0 0.305 -0.265 0.005696388722 2
0 0.305 -0.255 0.00577027013 2
0 0.305 -0.245 0.005800155057 2
0 0.305 -0.235 0.005788656956 2
0 0.305 -0.225 0.00574435526 2
0 0.305 -0.215 0.00567099569 1
0 0.305 -0.205 0.005579785289 1
0 0.305 -0.195 0.005469078787 1
0 0.305 -0.185 0.005338970792 1
0 0.305 -0.175 0.005188948714 1
0 0.305 -0.165 0.005023189214 1
0 0.305 -0.155 0.004824157036 1
0 0.305 -0.145 0.004582593748 2
0 0.305 -0.135 0.004316183006 1
0 0.305 -0.125 0.004072289401 1
0 0.305 -0.115 0.003836058878 1
0 0.305 -0.105 0.003588842029 1
0 0.305 -0.095 0.003332660057 1
0 0.305 -0.085 0.003067643925 1
0 0.305 -0.075 0.002793729468 1
0 0.305 -0.065 0.002508741077 1
0 0.305 -0.055 0.002213561231 1
0 0.305 -0.045 0.001897804833 1
0 0.305 -0.035 0.001568105075 1
0 0.305 -0.025 0.001226712671 1
0 0.305 -0.015 0.0008692736059 1
0 0.305 -0.005 0.0005130746241 1
0 0.305 0.005 0.0001687142033 1
0 0.305 0.015 -0.0001826444424 1
0 0.305 0.025 -0.0005819710246 2
0 0.305 0.035 -0.001022993032 2
0 0.305 0.045 -0.001471647498 2
0 0.305 0.055 -0.001901411038 2
0 0.305 0.065 -0.002337996906 2
0 0.305 0.075 -0.002764074444 2
0 0.305 0.085 -0.003180028497 2
0 0.305 0.095 -0.003580532208 2
0 0.305 0.105 -0.003964384005 2
0 0.305 0.115 -0.004330340737 2
0 0.305 0.125 -0.004678428826 2
0 0.305 0.135 -0.005008160723 2
0 0.305 0.145 -0.005315459046 2
0 0.305 0.155 -0.005595902732 2
0 0.305 0.165 -0.005851891491 2
0 0.305 0.175 -0.006081867246 2
0 0.305 0.185 -0.006277185081 2
0 0.305 0.195 -0.006428271822 2
0 0.305 0.205 -0.006534889029 2
0 0.305 0.215 -0.006603465722 2
0 0.305 0.225 -0.006638528964 2
0 0.305 0.235 -0.006639928309 2
0 0.305 0.245 -0.006607058884 2
0 0.305 0.255 -0.006538470294 2
0 0.305 0.265 -0.006432301305 2
0 0.305 0.275 -0.006286806102 2
0 0.305 0.285 -0.006100323814 2
0 0.305 0.295 -0.00587131329 2
0 0.305 0.305 -0.005598312667 2
0 0.305 0.315 -0.005279949785 2
0 0.305 0.325 -0.004914832269 2
0 0.305 0.335 -0.004501876772 2
0 0.305 0.345 -0.004039404283 2
0 0.305 0.355 -0.003528157896 2
0 0.305 0.365 -0.002962283637 2
0 0.305 0.375 -0.002357296988 2
0 0.305 0.385 -0.00166392076 2
0 0.305 0.395 -0.001033389821 2
0 0.305 0.405 0 2
0 0.305 0.415 0 2
0 0.305 0.425 0 2
0 0.305 0.435 0 2
0 0.305 0.445 0 2
0 0.305 0.455 0 2
0 0.305 0.465 0 2
0 0.315 -0.455 0 2
0 0.315 -0.445 0 2
0 0.315 -0.435 0 2
0 0.315 -0.425 0 1
0 0.315 -0.415 0 1
0 0.315 -0.405 0 1
0 0.315 -0.395 0.0007285152172 1
0 0.315 -0.385 0.001172173344 1
0 0.315 -0.375 0.001704920158 1
0 0.315 -0.365 0.00227960232 2
0 0.315 -0.355 0.002871596307 2
0 0.315 -0.345 0.003434241033 2
0 0.315 -0.335 0.00391997521 2
0 0.315 -0.325 0.004350720192 2
0 0.315 -0.315 0.004724569438 2
0 0.315 -0.305 0.005044949384 2
0 0.315 -0.295 0.005312802944 2
0 0.315 -0.285 0.005529421194 2
0 0.315 -0.275 0.005695808907 2
0 0.315 -0.265 0.005813126876 2
0 0.315 -0.255 0.005882745156 2
0 0.315 -0.245 0.005907365338 2
0 0.315 -0.235 0.005888874153 2
0 0.315 -0.225 0.005841517166 2
0 0.315 -0.215 0.005768294441 1
0 0.315 -0.205 0.005676254645 1
0 0.315 -0.195 0.005560704113 1
0 0.315 -0.185 0.00542157603 1
0 0.315 -0.175 0.005263607288 1
0 0.315 -0.165 0.005086625517 1
0 0.315 -0.155 0.00488719745 1
0 0.315 -0.145 0.004675113961 1
0 0.315 -0.135 0.004446300535 1
0 0.315 -0.125 0.004199433568 1
0 0.315 -0.115 0.003946517058 1
0 0.315 -0.105 0.00368118976 1
0 0.315 -0.095 0.003406404393 1
0 0.315 -0.085 0.003122489976 1
0 0.315 -0.075 0.002828715407 1
0 0.315 -0.065 0.002522096457 1
0 0.315 -0.055 0.002200772603 1
0 0.315 -0.045 0.001866423792 1
0 0.315 -0.035 0.001528200104 1
0 0.315 -0.025 0.001188451338 1
0 0.315 -0.015 0.0008428183608 1
0 0.315 -0.005 0.0004930512976 1
0 0.315 0.005 0.0001455769566 1
0 0.315 0.015 -0.0002114733463 1
0 0.315 0.025 -0.0005645147064 1
0 0.315 0.035 -0.0009450126957 1
0 0.315 0.045 -0.00139080252 2
0 0.315 0.055 -0.001860699646 2
0 0.315 0.065 -0.002347834716 2
0 0.315 0.075 -0.002806230685 2
0 0.315 0.085 -0.003248750734 2
0 0.315 0.095 -0.003670014637 2
0 0.315 0.105 -0.004070800878 2
0 0.315 0.115 -0.004450840442 2
0 0.315 0.125 -0.00481034026 2
0 0.315 0.135 -0.005147867476 2
0 0.315 0.145 -0.005467621463 2
0 0.315 0.155 -0.005753529114 2
0 0.315 0.165 -0.005999469562 2
0 0.315 0.175 -0.006206611971 2
0 0.315 0.185 -0.006383652698 2
0 0.315 0.195 -0.006531588328 2
0 0.315 0.205 -0.006641178027 2
0 0.315 0.215 -0.006713336087 2
0 0.315 0.225 -0.006750990745 2
0 0.315 0.235 -0.00675716319 2
0 0.315 0.245 -0.006728691347 2
0 0.315 0.255 -0.006663578468 2
0 0.315 0.265 -0.006559580863 2
0 0.315 0.275 -0.006414778669 2
0 0.315 0.285 -0.006227430673 2
0 0.315 0.295 -0.005995961168 2
0 0.315 0.305 -0.005718906067 2
0 0.315 0.315 -0.005394919627 2
0 0.315 0.325 -0.005022664183 2
0 0.315 0.335 -0.004601143097 2
0 0.315 0.345 -0.004128759377 2
0 0.315 0.355 -0.003606373914 2
0 0.315 0.365 -0.003028063517 2
0 0.315 0.375 -0.002409710117 2
0 0.315 0.385 -0.001700959089 2
0 0.315 0.395 -0.001056392414 2
0 0.315 0.405 0 2
0 0.315 0.415 0 2
0 0.315 0.425 0 2
0 0.315 0.435 0 2
0 0.315 0.445 0 2
0 0.315 0.455 0 2
0 0.315 0.465 0 2
0 0.325 -0.455 0 2
0 0.325 -0.445 0 2
0 0.325 -0.435 0 2
0 0.325 -0.425 0 2
0 0.325 -0.415 0 1
0 0.325 -0.405 0 1
0 0.325 -0.395 0.0007718443505 1
0 0.325 -0.385 0.001248782123 1
0 0.325 -0.375 0.001870553444 2
0 0.325 -0.365 0.002460709372 2
0 0.325 -0.355 0.003043916982 2
0 0.325 -0.345 0.003577275516 2
0 0.325 -0.335 0.004052619214 2
0 0.325 -0.325 0.004475842127 2
0 0.325 -0.315 0.004845399974 2
0 0.325 -0.305 0.005162906502 2
0 0.325 -0.295 0.005428835375 2
0 0.325 -0.285 0.005643930561 2
0 0.325 -0.275 0.005808840804 2
0 0.325 -0.265 0.005924366245 2
0 0.325 -0.255 0.005991909372 2
0 0.325 -0.245 0.006014319862 2
0 0.325 -0.235 0.005995344407 2
0 0.325 -0.225 0.005943438655 2
0 0.325 -0.215 0.0058631601 1
0 0.325 -0.205 0.005765006837 1
0 0.325 -0.195 0.005645720273 1
0 0.325 -0.185 0.005507104707 1
0 0.325 -0.175 0.00535071627 1
0 0.325 -0.165 0.005175022621 1
0 0.325 -0.155 0.004982254949 1
0 0.325 -0.145 0.004777363375 1
0 0.325 -0.135 0.004554775752 1
0 0.325 -0.125 0.004309682372 1
0 0.325 -0.115 0.004047823942 1
0 0.325 -0.105 0.003768960632 1
0 0.325 -0.095 0.00347658453 1
0 0.325 -0.085 0.003173771771 1
0 0.325 -0.075 0.002860887962 1
0 0.325 -0.065 0.002535594387 1
0 0.325 -0.055 0.002197242494 1
0 0.325 -0.045 0.001850977751 1
0 0.325 -0.035 0.001503163626 1
0 0.325 -0.025 0.001156021334 1
0 0.325 -0.015 0.0008087610103 1
0 0.325 -0.005 0.0004588388542 1
0 0.325 0.005 0.0001075635286 1
0 0.325 0.015 -0.0002477272284 1
0 0.325 0.025 -0.0005862447612 1
0 0.325 0.035 -0.0009515624409 1
0 0.325 0.045 -0.00138685312 2
0 0.325 0.055 -0.001869156048 2
0 0.325 0.065 -0.002385953529 2
0 0.325 0.075 -0.002869491777 2
0 0.325 0.085 -0.003334628117 2
0 0.325 0.095 -0.003774542226 2
0 0.325 0.105 -0.004191247962 2
0 0.325 0.115 -0.004584784851 2
0 0.325 0.125 -0.004959625965 2
0 0.325 0.135 -0.005309748302 2
0 0.325 0.145 -0.005638935682 2
0 0.325 0.155 -0.005918484947 2
0 0.325 0.165 -0.006131973488 1
0 0.325 0.175 -0.006292425293 1
0 0.325 0.185 -0.006431466318 1
0 0.325 0.195 -0.006579508524 2
0 0.325 0.205 -0.006701966507 2
0 0.325 0.215 -0.006787517743 2
0 0.325 0.225 -0.006835797569 2
0 0.325 0.235 -0.006850850046 2
0 0.325 0.245 -0.006829387637 2
0 0.325 0.255 -0.006769320386 2
0 0.325 0.265 -0.006668533679 2
0 0.325 0.275 -0.006525168033 2
0 0.325 0.285 -0.006337570554 2
0 0.325 0.295 -0.006104243544 2
0 0.325 0.305 -0.005823802764 2
0 0.325 0.315 -0.005494985969 2
0 0.325 0.325 -0.005116544634 2
0 0.325 0.335 -0.004687580601 2
0 0.325 0.345 -0.004206576725 2
0 0.325 0.355 -0.003674498888 2
0 0.325 0.365 -0.003085368369 2
0 0.325 0.375 -0.002455392052 2
0 0.325 0.385 -0.001733271926 2
0 0.325 0.395 -0.001076493843 2
0 0.325 0.405 0 2
0 0.325 0.415 0 2
0 0.325 0.425 0 2
0 0.325 0.435 0 2
0 0.325 0.445 0 2
0 0.325 0.455 0 2
0 0.325 0.465 0 2
0 0.335 -0.455 0 2
0 0.335 -0.445 0 2
0 0.335 -0.435 0 2
0 0.335 -0.425 0 2
0 0.335 -0.415 0 2
0 0.335 -0.405 0 2
0 0.335 -0.395 0.0008932168843 2
0 0.335 -0.385 0.001441941608 2
0 0.335 -0.375 0.002069663872 2
0 0.335 -0.365 0.002642624974 2
0 0.335 -0.355 0.003202404685 2
0 0.335 -0.345 0.003713059472 2
0 0.335 -0.335 0.004177147743 2
0 0.335 -0.325 0.004592178706 2
0 0.335 -0.315 0.004956875784 2
0 0.335 -0.305 0.005271231661 2
0 0.335 -0.295 0.00553517079 2
0 0.335 -0.285 0.005748734313 2
0 0.335 -0.275 0.005912231602 2
0 0.335 -0.265 0.006026391887 2
0 0.335 -0.255 0.006093117875 2
0 0.335 -0.245 0.006115759677 2
0 0.335 -0.235 0.006102270183 2
0 0.335 -0.225 0.006049970104 2
0 0.335 -0.215 0.005961114494 2
0 0.335 -0.205 0.005843488474 1
0 0.335 -0.195 0.005726463583 1
0 0.335 -0.185 0.00559914983 1
0 0.335 -0.175 0.005449080345 1
0 0.335 -0.165 0.005279509311 1
0 0.335 -0.155 0.005091611776 1
0 0.335 -0.145 0.004885874352 1
0 0.335 -0.135 0.004661318706 1
0 0.335 -0.125 0.004416487803 1
0 0.335 -0.115 0.004149809562 1
0 0.335 -0.105 0.003860019134 1
0 0.335 -0.095 0.003547759001 1
0 0.335 -0.085 0.003222672732 1
0 0.335 -0.075 0.002891557516 1
0 0.335 -0.065 0.002545620894 1
0 0.335 -0.055 0.002188952048 1
0 0.335 -0.045 0.001831190856 1
0 0.335 -0.035 0.001474983083 1
0 0.335 -0.025 0.001121175405 1
0 0.335 -0.015 0.0007691212662 1
0 0.335 -0.005 0.0004161515276 1
0 0.335 0.005 6.291034946e-05 1
0 0.335 0.015 -0.0002909590359 1
0 0.335 0.025 -0.0006294476542 1
0 0.335 0.035 -0.001000756713 1
0 0.335 0.045 -0.001439135512 2
0 0.335 0.055 -0.001929189499 2
0 0.335 0.065 -0.002461704662 2
0 0.335 0.075 -0.002961680087 2
0 0.335 0.085 -0.003442781392 2
0 0.335 0.095 -0.003897175655 2
0 0.335 0.105 -0.004326761408 2
0 0.335 0.115 -0.004736004319 2
0 0.335 0.125 -0.00513234438 2
0 0.335 0.135 -0.005493255711 2
0 0.335 0.145 -0.005788221952 1
0 0.335 0.155 -0.006005605794 1
0 0.335 0.165 -0.006190346941 1
0 0.335 0.175 -0.006354937661 1
0 0.335 0.185 -0.006494279613 1
0 0.335 0.195 -0.006621384728 1
0 0.335 0.205 -0.006742061648 2
0 0.335 0.215 -0.006837054356 2
0 0.335 0.225 -0.006900755476 2
0 0.335 0.235 -0.006926147157 2
0 0.335 0.245 -0.006912782094 2
0 0.335 0.255 -0.006858357569 2
0 0.335 0.265 -0.006761173728 2
0 0.335 0.275 -0.006619552771 2
0 0.335 0.285 -0.006432030276 2
0 0.335 0.295 -0.006197253865 2
0 0.335 0.305 -0.00591396621 2
0 0.335 0.315 -0.00558101798 2
0 0.335 0.325 -0.005197263721 2
0 0.335 0.335 -0.004761903629 2
0 0.335 0.345 -0.004273493752 2
0 0.335 0.355 -0.003733090628 2
0 0.335 0.365 -0.003134667965 2
0 0.335 0.375 -0.002494711812 2
0 0.335 0.385 -0.001761106128 2
0 0.335 0.395 -0.00109382901 2
0 0.335 0.405 0 2
0 0.335 0.415 0 2
0 0.335 0.425 0 2
0 0.335 0.435 0 2
0 0.335 0.445 0 2
0 0.335 0.455 0 2
0 0.335 0.465 0 2
0 0.345 -0.455 0 2
0 0.345 -0.445 0 2
0 0.345 -0.435 0 2
0 0.345 -0.425 0 2
0 0.345 -0.415 0 2
0 0.345 -0.405 0 2
0 0.345 -0.395 0.0009625935161 2
0 0.345 -0.385 0.001550032103 2
0 0.345 -0.375 0.002201925892 2
0 0.345 -0.365 0.002779294372 2
0 0.345 -0.355 0.003328975991 2
0 0.345 -0.345 0.003828049563 2
0 0.345 -0.335 0.004284347566 2
0 0.345 -0.325 0.00469337427 2
0 0.345 -0.315 0.005054433247 2
0 0.345 -0.305 0.00536636271 2
0 0.345 -0.295 0.005628527206 2
0 0.345 -0.285 0.005840518499 2
0 0.345 -0.275 0.006004863268 2
0 0.345 -0.265 0.006119623824 2
0 0.345 -0.255 0.006184645501 2
0 0.345 -0.245 0.006203665763 2
0 0.345 -0.235 0.006186124758 2
0 0.345 -0.225 0.006133535764 2
0 0.345 -0.215 0.006048053313 2
0 0.345 -0.205 0.005935501211 1
0 0.345 -0.195 0.005824699406 1
0 0.345 -0.185 0.005703228628 1
0 0.345 -0.175 0.005559129728 1
0 0.345 -0.165 0.005395505624 1
0 0.345 -0.155 0.005211215168 1
0 0.345 -0.145 0.005005425882 1
0 0.345 -0.135 0.004777048279 1
0 0.345 -0.125 0.004529381521 1
0 0.345 -0.115 0.004260256834 1
0 0.345 -0.105 0.003965589047 1
0 0.345 -0.095 0.003638281674 1
0 0.345 -0.085 0.003279907911 1
0 0.345 -0.075 0.002910482041 1
0 0.345 -0.065 0.002531999782 1
0 0.345 -0.055 0.002164466195 1
0 0.345 -0.045 0.001803226135 1
0 0.345 -0.035 0.001439104389 1
0 0.345 -0.025 0.001080236281 1
0 0.345 -0.015 0.0007238903746 1
0 0.345 -0.005 0.0003668379003 1
0 0.345 0.005 8.187750332e-06 1
0 0.345 0.015 -0.0003557814822 1
0 0.345 0.025 -0.0007036908839 1
0 0.345 0.035 -0.001080427872 1
0 0.345 0.045 -0.001531911312 2
0 0.345 0.055 -0.002035503797 2
0 0.345 0.065 -0.002576897925 2
0 0.345 0.075 -0.003084102494 2
0 0.345 0.085 -0.003573027931 2
0 0.345 0.095 -0.004036265195 2
0 0.345 0.105 -0.004479628571 2
0 0.345 0.115 -0.004901271993 2
0 0.345 0.125 -0.00529225141 2
0 0.345 0.135 -0.00561298178 1
0 0.345 0.145 -0.005852357391 1
0 0.345 0.155 -0.006054137278 1
0 0.345 0.165 -0.006237262067 1
0 0.345 0.175 -0.00640548826 1
0 0.345 0.185 -0.00654854247 1
0 0.345 0.195 -0.006674976029 1
0 0.345 0.205 -0.006790539837 2
0 0.345 0.215 -0.006885151432 2
0 0.345 0.225 -0.006956923546 2
0 0.345 0.235 -0.006989984415 2
0 0.345 0.245 -0.006983375948 2
0 0.345 0.255 -0.006933819555 2
0 0.345 0.265 -0.006839757941 2
0 0.345 0.275 -0.006699622001 2
0 0.345 0.285 -0.006512120199 2
0 0.345 0.295 -0.00627604673 2
0 0.345 0.305 -0.005990273685 2
0 0.345 0.315 -0.005653763551 2
0 0.345 0.325 -0.005265467378 2
0 0.345 0.335 -0.004824671317 2
0 0.345 0.345 -0.004329991355 2
0 0.345 0.355 -0.003782556409 2
0 0.345 0.365 -0.003176295478 2
0 0.345 0.375 -0.002527925462 2
0 0.345 0.385 -0.001784632017 2
0 0.345 0.395 -0.001108493088 2
0 0.345 0.405 0 2
0 0.345 0.415 0 2
0 0.345 0.425 0 2
0 0.345 0.435 0 2
0 0.345 0.445 0 2
0 0.345 0.455 0 2
0 0.345 0.465 0 2
0 0.355 -0.455 0 2
0 0.355 -0.445 0 2
0 0.355 -0.435 0 2
0 0.355 -0.425 0 2
0 0.355 -0.415 0 2
0 0.355 -0.405 0 2
0 0.355 -0.395 0.001008142178 2
0 0.355 -0.385 0.0016194859 2
0 0.355 -0.375 0.002288648927 2
0 0.355 -0.365 0.002871095499 2
0 0.355 -0.355 0.003417275895 2
0 0.355 -0.345 0.003914493595 2
0 0.355 -0.335 0.004367712954 2
0 0.355 -0.325 0.004774347723 2
0 0.355 -0.315 0.00513409942 2
0 0.355 -0.305 0.005445229097 2
0 0.355 -0.295 0.005709296181 2
0 0.355 -0.285 0.005920966904 2
0 0.355 -0.275 0.006080194777 2
0 0.355 -0.265 0.006186564696 2
0 0.355 -0.255 0.006246591463 2
0 0.355 -0.245 0.006268032571 2
0 0.355 -0.235 0.006252645553 2
0 0.355 -0.225 0.006208166351 2
0 0.355 -0.215 0.006136391426 1
0 0.355 -0.205 0.006049913821 1
0 0.355 -0.195 0.005942216224 1
0 0.355 -0.185 0.005817429497 1
0 0.355 -0.175 0.005677131961 1
0 0.355 -0.165 0.005520022361 1
0 0.355 -0.155 0.005341709797 1
0 0.355 -0.145 0.00514182576 1
0 0.355 -0.135 0.004916321438 1
0 0.355 -0.125 0.004666205216 1
0 0.355 -0.115 0.00438572672 1
0 0.355 -0.105 0.004083368018 1
0 0.355 -0.095 0.003756359732 1
0 0.355 -0.085 0.003355663837 2
0 0.355 -0.075 0.002914112339 2
0 0.355 -0.065 0.002478419081 1
0 0.355 -0.055 0.002109404463 1
0 0.355 -0.045 0.001752363085 1
0 0.355 -0.035 0.001389642261 1
0 0.355 -0.025 0.001033709024 1
0 0.355 -0.015 0.0006736321857 1
0 0.355 -0.005 0.0003114812394 1
0 0.355 0.005 -4.95466197e-05 1
0 0.355 0.015 -0.0004236539426 1
0 0.355 0.025 -0.0007967582677 1
0 0.355 0.035 -0.001202171913 1
0 0.355 0.045 -0.001681929394 2
0 0.355 0.055 -0.002193354156 2
0 0.355 0.065 -0.002726855546 2
0 0.355 0.075 -0.003230520008 2
0 0.355 0.085 -0.003718168076 2
0 0.355 0.095 -0.004181604575 2
0 0.355 0.105 -0.004635238682 2
0 0.355 0.115 -0.00505349147 2
0 0.355 0.125 -0.005401564902 1
0 0.355 0.135 -0.005667865627 1
0 0.355 0.145 -0.005891952714 1
0 0.355 0.155 -0.006098216599 1
0 0.355 0.165 -0.006283679541 1
0 0.355 0.175 -0.00644930269 1
0 0.355 0.185 -0.006591458855 1
0 0.355 0.195 -0.006720828543 1
0 0.355 0.205 -0.00683861607 2
0 0.355 0.215 -0.006934083667 2
0 0.355 0.225 -0.007009101467 2
0 0.355 0.235 -0.007046927924 2
0 0.355 0.245 -0.007044713412 2
0 0.355 0.255 -0.006998356022 2
0 0.355 0.265 -0.006906242127 2
0 0.355 0.275 -0.006766838507 2
0 0.355 0.285 -0.006578958568 2
0 0.355 0.295 -0.006341501012 2
0 0.355 0.305 -0.006053435151 2
0 0.355 0.315 -0.005713809142 2
0 0.355 0.325 -0.005321646824 2
0 0.355 0.335 -0.004876297092 2
0 0.355 0.345 -0.004376416112 2
0 0.355 0.355 -0.00382318278 2
0 0.355 0.365 -0.003210480276 2
0 0.355 0.375 -0.002555206448 2
0 0.355 0.385 -0.001803964426 2
0 0.355 0.395 -0.00112055119 2
0 0.355 0.405 0 2
0 0.355 0.415 0 2
0 0.355 0.425 0 2
0 0.355 0.435 0 2
0 0.355 0.445 0 2
0 0.355 0.455 0 2
0 0.355 0.465 0 2
0 0.365 -0.455 0 2
0 0.365 -0.445 0 2
0 0.365 -0.435 0 2
0 0.365 -0.425 0 2
0 0.365 -0.415 0 2
0 0.365 -0.405 0 2
0 0.365 -0.395 0.001028161407 2
0 0.365 -0.385 0.001650443153 2
0 0.365 -0.375 0.002330070188 2
0 0.365 -0.365 0.002919438783 2
0 0.365 -0.355 0.003470401862 2
0 0.365 -0.345 0.003969927889 2
0 0.365 -0.335 0.004424157861 2
0 0.365 -0.325 0.004831959141 2
0 0.365 -0.315 0.005193096609 2
0 0.365 -0.305 0.005508085751 2
0 0.365 -0.295 0.005773967077 2
0 0.365 -0.285 0.005981236965 2
0 0.365 -0.275 0.006132350169 2
0 0.365 -0.265 0.006231027169 2
0 0.365 -0.255 0.006283121788 1
0 0.365 -0.245 0.006310283016 1
0 0.365 -0.235 0.006311624013 1
0 0.365 -0.225 0.006289961 1
0 0.365 -0.215 0.006240522731 1
0 0.365 -0.205 0.006160699149 1
0 0.365 -0.195 0.006055595614 1
0 0.365 -0.185 0.005932086288 1
0 0.365 -0.175 0.005796292822 1
0 0.365 -0.165 0.00564715619 1
0 0.365 -0.155 0.005481503342 1
0 0.365 -0.145 0.005296713036 1
0 0.365 -0.135 0.005085445839 1
0 0.365 -0.125 0.004824832718 2
0 0.365 -0.115 0.004504260013 2
0 0.365 -0.105 0.004153452133 2
0 0.365 -0.095 0.003781245664 2
0 0.365 -0.085 0.00338026121 2
0 0.365 -0.075 0.002966875391 2
0 0.365 -0.065 0.002524978313 2
0 0.365 -0.055 0.002094323769 2
0 0.365 -0.045 0.00169688139 1
0 0.365 -0.035 0.001341313437 1
0 0.365 -0.025 0.000988520008 1
0 0.365 -0.015 0.0006201550369 1
0 0.365 -0.005 0.0002479298866 1
0 0.365 0.005 -0.0001157442617 1
0 0.365 0.015 -0.0004923002029 1
0 0.365 0.025 -0.000926640909 2
0 0.365 0.035 -0.001412786284 2
0 0.365 0.045 -0.00191368359 2
0 0.365 0.055 -0.002399894157 2
0 0.365 0.065 -0.00289816226 2
0 0.365 0.075 -0.00338732713 2
0 0.365 0.085 -0.003865402818 2
0 0.365 0.095 -0.004324651364 2
0 0.365 0.105 -0.004761459763 2
0 0.365 0.115 -0.005149382913 2
0 0.365 0.125 -0.005467358333 1
0 0.365 0.135 -0.005714507349 1
0 0.365 0.145 -0.00593069073 1
0 0.365 0.155 -0.006134803294 1
0 0.365 0.165 -0.006319437831 1
0 0.365 0.175 -0.006486969621 1
0 0.365 0.185 -0.006631722598 1
0 0.365 0.195 -0.006760614769 1
0 0.365 0.205 -0.006879146871 2
0 0.365 0.215 -0.006978988494 2
0 0.365 0.225 -0.00705865015 2
0 0.365 0.235 -0.00709923359 2
0 0.365 0.245 -0.007098859479 2
0 0.365 0.255 -0.00705362442 2
0 0.365 0.265 -0.006961895349 2
0 0.365 0.275 -0.006822168776 2
0 0.365 0.285 -0.00663328959 2
0 0.365 0.295 -0.006394201646 2
0 0.365 0.305 -0.006103921074 2
0 0.365 0.315 -0.005761540867 2
0 0.365 0.325 -0.005366123229 2
0 0.365 0.335 -0.004917049503 2
0 0.365 0.345 -0.004412991762 2
0 0.365 0.355 -0.003855153626 2
0 0.365 0.365 -0.003237368874 2
0 0.365 0.375 -0.002576665608 2
0 0.365 0.385 -0.00181917755 2
0 0.365 0.395 -0.00113004665 2
0 0.365 0.405 0 2
0 0.365 0.415 0 2
0 0.365 0.425 0 2
0 0.365 0.435 0 2
0 0.365 0.445 0 2
0 0.365 0.455 0 2
0 0.365 0.465 0 2
0 0.375 -0.455 0 2
0 0.375 -0.445 0 2
0 0.375 -0.435 0 2
0 0.375 -0.425 0 2
0 0.375 -0.415 0 2
0 0.375 -0.405 0 2
0 0.375 -0.395 0.001033442078 2
0 0.375 -0.385 0.001658256592 2
0 0.375 -0.375 0.002340968175 2
0 0.375 -0.365 0.002934796023 2
0 0.375 -0.355 0.003490728692 2
0 0.375 -0.345 0.003994565873 2
0 0.375 -0.335 0.004452495914 2
0 0.375 -0.325 0.004864134405 2
0 0.375 -0.315 0.005228930894 2
0 0.375 -0.305 0.005551237919 2
0 0.375 -0.295 0.005821139635 2
0 0.375 -0.285 0.006027762205 2
0 0.375 -0.275 0.006169499834 1
0 0.375 -0.265 0.006261923464 1
0 0.375 -0.255 0.006325832828 1
0 0.375 -0.245 0.006363862955 1
0 0.375 -0.235 0.006378385361 1
0 0.375 -0.225 0.006368447419 1
0 0.375 -0.215 0.006328008441 1
0 0.375 -0.205 0.006256176231 1
0 0.375 -0.195 0.00615729624 1
0 0.375 -0.185 0.006037957001 1
0 0.375 -0.175 0.005906580284 1
0 0.375 -0.165 0.005764610189 1
0 0.375 -0.155 0.005612822131 1
0 0.375 -0.145 0.005433680621 1
0 0.375 -0.135 0.005196920915 2
0 0.375 -0.125 0.004900640139 2
0 0.375 -0.115 0.004557965417 2
0 0.375 -0.105 0.004191796768 2
0 0.375 -0.095 0.00380589356 2
0 0.375 -0.085 0.003411060497 2
0 0.375 -0.075 0.003012549119 2
0 0.375 -0.065 0.002593112627 2
0 0.375 -0.055 0.002171953768 2
0 0.375 -0.045 0.001759358448 2
0 0.375 -0.035 0.001356364836 2
0 0.375 -0.025 0.000962922245 2
0 0.375 -0.015 0.0005656851399 2
0 0.375 -0.005 0.0001627422541 2
0 0.375 0.005 -0.0002480433757 2
0 0.375 0.015 -0.0006820497736 2
0 0.375 0.025 -0.001139819515 2
0 0.375 0.035 -0.001618298377 2
0 0.375 0.045 -0.002104879989 2
0 0.375 0.055 -0.002579689325 2
0 0.375 0.065 -0.00305644293 2
0 0.375 0.075 -0.003532641308 2
0 0.375 0.085 -0.004000311284 2
0 0.375 0.095 -0.004461488302 2
0 0.375 0.105 -0.0048754125 2
0 0.375 0.115 -0.005216982831 1
0 0.375 0.125 -0.005495043658 1
0 0.375 0.135 -0.005736563348 1
0 0.375 0.145 -0.005957840742 1
0 0.375 0.155 -0.006160483215 1
0 0.375 0.165 -0.0063445348 1
0 0.375 0.175 -0.006510232496 1
0 0.375 0.185 -0.006658685756 1
0 0.375 0.195 -0.006792021137 1
0 0.375 0.205 -0.006918241273 2
0 0.375 0.215 -0.007026154694 2
0 0.375 0.225 -0.007107031294 2
0 0.375 0.235 -0.007147681299 2
0 0.375 0.245 -0.007146372171 2
0 0.375 0.255 -0.007100080076 2
0 0.375 0.265 -0.007007096356 2
0 0.375 0.275 -0.006865925037 2
0 0.375 0.285 -0.006675371853 2
0 0.375 0.295 -0.006434366105 2
0 0.375 0.305 -0.00614191822 2
0 0.375 0.315 -0.005797122073 2
0 0.375 0.325 -0.005399040907 2
0 0.375 0.335 -0.004947056056 2
0 0.375 0.345 -0.004439829853 2
0 0.375 0.355 -0.003878564635 2
0 0.375 0.365 -0.003257040513 2
0 0.375 0.375 -0.00259236531 2
0 0.375 0.385 -0.001830315066 2
0 0.375 0.395 -0.001137006619 2
0 0.375 0.405 0 2
0 0.375 0.415 0 2
0 0.375 0.425 0 2
0 0.375 0.435 0 2
0 0.375 0.445 0 2
0 0.375 0.455 0 2
0 0.375 0.465 0 2
0 0.385 -0.455 0 2
0 0.385 -0.445 0 2
0 0.385 -0.435 0 2
0 0.385 -0.425 0 2
0 0.385 -0.415 0 2
0 0.385 -0.405 0 2
0 0.385 -0.395 0.001015663126 2
0 0.385 -0.385 0.001635683878 2
0 0.385 -0.375 0.002320987137 2
0 0.385 -0.365 0.002917994794 2
0 0.385 -0.355 0.003479322074 2
0 0.385 -0.345 0.00398905562 2
0 0.385 -0.335 0.004452532127 2
0 0.385 -0.325 0.00486991582 2
0 0.385 -0.315 0.00524071649 2
0 0.385 -0.305 0.005575912345 2
0 0.385 -0.295 0.005851596088 2
0 0.385 -0.285 0.006054347322 1
0 0.385 -0.275 0.006193848689 1
0 0.385 -0.265 0.00629173839 1
0 0.385 -0.255 0.006364221602 1
0 0.385 -0.245 0.006409449692 1
0 0.385 -0.235 0.006430112022 1
0 0.385 -0.225 0.006426700804 1
0 0.385 -0.215 0.006396342942 1
0 0.385 -0.205 0.006338214931 1
0 0.385 -0.195 0.006253874388 1
0 0.385 -0.185 0.00614305447 1
0 0.385 -0.175 0.006012636628 1
0 0.385 -0.165 0.005864185704 1
0 0.385 -0.155 0.005696712599 1
0 0.385 -0.145 0.005494639664 1
0 0.385 -0.135 0.005234641116 2
0 0.385 -0.125 0.004922226754 2
0 0.385 -0.115 0.004573429056 2
0 0.385 -0.105 0.004210756928 2
0 0.385 -0.095 0.003829404768 2
0 0.385 -0.085 0.003437177332 2
0 0.385 -0.075 0.003036274304 2
0 0.385 -0.065 0.002627745346 2
0 0.385 -0.055 0.002213880503 2
0 0.385 -0.045 0.001790621971 2
0 0.385 -0.035 0.0013617252 2
0 0.385 -0.025 0.0009354539665 2
0 0.385 -0.015 0.0005093983594 2
0 0.385 -0.005 7.680594386e-05 2
0 0.385 0.005 -0.0003693646377 2
0 0.385 0.015 -0.0008318786072 2
0 0.385 0.025 -0.001301384567 2
0 0.385 0.035 -0.00177170759 2
0 0.385 0.045 -0.002244644845 2
0 0.385 0.055 -0.002715389595 2
0 0.385 0.065 -0.003183031151 2
0 0.385 0.075 -0.003648440566 2
0 0.385 0.085 -0.004103486372 2
0 0.385 0.095 -0.004553282839 2
0 0.385 0.105 -0.004941772317 2
0 0.385 0.115 -0.005261687609 1
0 0.385 0.125 -0.005524864976 1
0 0.385 0.135 -0.005754916666 1
0 0.385 0.145 -0.005975363124 1
0 0.385 0.155 -0.006175096315 1
0 0.385 0.165 -0.006357803875 1
0 0.385 0.175 -0.006518354294 1
0 0.385 0.185 -0.006667341005 1
0 0.385 0.195 -0.006822810164 2
0 0.385 0.205 -0.006963938148 2
0 0.385 0.215 -0.007078321955 2
0 0.385 0.225 -0.007153573547 2
0 0.385 0.235 -0.007190963034 2
0 0.385 0.245 -0.007186173297 2
0 0.385 0.255 -0.007136926891 2
0 0.385 0.265 -0.007041294284 2
0 0.385 0.275 -0.00689773096 2
0 0.385 0.285 -0.006704951998 2
0 0.385 0.295 -0.00646182797 2
0 0.385 0.305 -0.006167323001 2
0 0.385 0.315 -0.005820495053 2
0 0.385 0.325 -0.005420375348 2
0 0.385 0.335 -0.004966315456 2
0 0.385 0.345 -0.004456944274 2
0 0.385 0.355 -0.003893438468 2
0 0.385 0.365 -0.003269521414 2
0 0.385 0.375 -0.00260233142 2
0 0.385 0.385 -0.001837398474 2
0 0.385 0.395 -0.001141446808 2
0 0.385 0.405 0 2
0 0.385 0.415 0 2
0 0.385 0.425 0 2
0 0.385 0.435 0 2
0 0.385 0.445 0 2
0 0.385 0.455 0 2
0 0.385 0.465 0 2
0 0.395 -0.455 0 2
0 0.395 -0.445 0 2
0 0.395 -0.435 0 2
0 0.395 -0.425 0 2
0 0.395 -0.415 0 2
0 0.395 -0.405 0 2
0 0.395 -0.395 0.0009691141718 2
0 0.395 -0.385 0.001576586771 2
0 0.395 -0.375 0.00226454986 2
0 0.395 -0.365 0.002870648013 2
0 0.395 -0.355 0.003438251636 2
0 0.395 -0.345 0.003954549945 2
0 0.395 -0.335 0.004423921038 2
0 0.395 -0.325 0.004847246884 2
0 0.395 -0.315 0.00522447744 2
0 0.395 -0.305 0.005570560419 2
0 0.395 -0.295 0.005852843242 2
0 0.395 -0.285 0.006063095405 1
0 0.395 -0.275 0.006204317733 1
0 0.395 -0.265 0.006303457095 1
0 0.395 -0.255 0.006383334398 1
0 0.395 -0.245 0.006438062054 1
0 0.395 -0.235 0.006468449907 1
0 0.395 -0.225 0.006473582929 1
0 0.395 -0.215 0.006453259796 1
0 0.395 -0.205 0.006406972567 1
0 0.395 -0.195 0.006340671951 1
0 0.395 -0.185 0.006249816934 1
0 0.395 -0.175 0.006125651629 2
0 0.395 -0.165 0.005950432456 2
0 0.395 -0.155 0.005731396428 2
0 0.395 -0.145 0.005479577194 2
0 0.395 -0.135 0.005200558857 2
0 0.395 -0.125 0.004898868235 2
0 0.395 -0.115 0.004563930203 2
0 0.395 -0.105 0.004206547609 2
0 0.395 -0.095 0.003830224206 2
0 0.395 -0.085 0.00344109476 2
0 0.395 -0.075 0.003041517656 2
0 0.395 -0.065 0.002631852956 2
0 0.395 -0.055 0.002211239541 2
0 0.395 -0.045 0.001780594778 2
0 0.395 -0.035 0.001342670606 2
0 0.395 -0.025 0.0009001747763 2
0 0.395 -0.015 0.0004538507792 2
0 0.395 -0.005 1.241061119e-06 2
0 0.395 0.005 -0.0004601670984 2
0 0.395 0.015 -0.0009294372711 2
0 0.395 0.025 -0.001403030286 2
0 0.395 0.035 -0.001876411237 2
0 0.395 0.045 -0.002346443777 2
0 0.395 0.055 -0.002812138308 2
0 0.395 0.065 -0.003272428961 2
0 0.395 0.075 -0.003727478542 2
0 0.395 0.085 -0.004169393261 2
0 0.395 0.095 -0.004603510315 2
0 0.395 0.105 -0.004975655386 2
0 0.395 0.115 -0.00528638758 1
0 0.395 0.125 -0.005543865347 1
0 0.395 0.135 -0.00576560298 1
0 0.395 0.145 -0.005980396291 1
0 0.395 0.155 -0.006177720161 1
0 0.395 0.165 -0.006359518106 1
0 0.395 0.175 -0.006522509461 1
0 0.395 0.185 -0.006679147605 1
0 0.395 0.195 -0.006848696876 2
0 0.395 0.205 -0.007002508881 2
0 0.395 0.215 -0.007120183558 2
0 0.395 0.225 -0.007192128995 2
0 0.395 0.235 -0.007225001434 2
0 0.395 0.245 -0.007215570896 2
0 0.395 0.255 -0.007162262886 2
0 0.395 0.265 -0.007063133565 2
0 0.395 0.275 -0.006916610591 2
0 0.395 0.285 -0.006721325966 2
0 0.395 0.295 -0.006476081156 2
0 0.395 0.305 -0.006179776254 2
0 0.395 0.315 -0.005831410734 2
0 0.395 0.325 -0.005429959849 2
0 0.395 0.335 -0.004974721788 2
0 0.395 0.345 -0.004464272929 2
0 0.395 0.355 -0.00389974361 2
0 0.395 0.365 -0.003274800368 2
0 0.395 0.375 -0.002606565262 2
0 0.395 0.385 -0.001840434996 2
0 0.395 0.395 -0.001143375856 2
0 0.395 0.405 0 2
0 0.395 0.415 0 2
0 0.395 0.425 0 2
0 0.395 0.435 0 2
0 0.395 0.445 0 2
0 0.395 0.455 0 2
0 0.395 0.465 0 2
0 0.405 -0.455 0 2
0 0.405 -0.445 0 2
0 0.405 -0.435 0 1
0 0.405 -0.425 0 1
0 0.405 -0.415 0 1
0 0.405 -0.405 0 1
0 0.405 -0.395 0.0008643802372 2
0 0.405 -0.385 0.001472308204 2
0 0.405 -0.375 0.00217031655 2
0 0.405 -0.365 0.0027905407 2
0 0.405 -0.355 0.003370520973 2
0 0.405 -0.345 0.003893105512 2
0 0.405 -0.335 0.004367275804 2
0 0.405 -0.325 0.004795195659 2
0 0.405 -0.315 0.005178215455 2
0 0.405 -0.305 0.00553267546 2
0 0.405 -0.295 0.005824109849 2
0 0.405 -0.285 0.006043742921 1
0 0.405 -0.275 0.006194071818 1
0 0.405 -0.265 0.006302008171 1
0 0.405 -0.255 0.006390370762 1
0 0.405 -0.245 0.006453737887 1
0 0.405 -0.235 0.00649224536 1
0 0.405 -0.225 0.006504175687 1
0 0.405 -0.215 0.006490322629 1
0 0.405 -0.205 0.006454074764 1
0 0.405 -0.195 0.006396857924 1
0 0.405 -0.185 0.006307245567 1
0 0.405 -0.175 0.006170994129 2
0 0.405 -0.165 0.00597498201 2
0 0.405 -0.155 0.005731121071 2
0 0.405 -0.145 0.005461096936 2
0 0.405 -0.135 0.005171828098 2
0 0.405 -0.125 0.004867195266 2
0 0.405 -0.115 0.004538964425 2
0 0.405 -0.105 0.004186619821 2
0 0.405 -0.095 0.003814464338 2
0 0.405 -0.085 0.003426782451 2
0 0.405 -0.075 0.003026092855 2
0 0.405 -0.065 0.002613532216 2
0 0.405 -0.055 0.002189079592 2
0 0.405 -0.045 0.001753279502 2
0 0.405 -0.035 0.001308096678 2
0 0.405 -0.025 0.0008562092393 2
0 0.405 -0.015 0.0003992441256 2
0 0.405 -0.005 -6.296766319e-05 2
0 0.405 0.005 -0.0005307487919 2
0 0.405 0.015 -0.001002653971 2
0 0.405 0.025 -0.001475756134 2
0 0.405 0.035 -0.001946939566 2
0 0.405 0.045 -0.002413726987 2
0 0.405 0.055 -0.002874317738 2
0 0.405 0.065 -0.003326495394 2
0 0.405 0.075 -0.00376959024 2
0 0.405 0.085 -0.004197538711 2
0 0.405 0.095 -0.004618364043 2
0 0.405 0.105 -0.004983664424 2
0 0.405 0.115 -0.005286584429 1
0 0.405 0.125 -0.005537271728 1
0 0.405 0.135 -0.005758021145 1
0 0.405 0.145 -0.005972910259 1
0 0.405 0.155 -0.00616572877 1
0 0.405 0.165 -0.006341587863 1
0 0.405 0.175 -0.006513910915 1
0 0.405 0.185 -0.006709532663 2
0 0.405 0.195 -0.006895040316 2
0 0.405 0.205 -0.007044175631 2
0 0.405 0.215 -0.007151436166 2
0 0.405 0.225 -0.007218880074 2
0 0.405 0.235 -0.007245954098 2
0 0.405 0.245 -0.007231387205 2
0 0.405 0.255 -0.007173617768 2
0 0.405 0.265 -0.00707074824 2
0 0.405 0.275 -0.006921170311 2
0 0.405 0.285 -0.006723461661 2
0 0.405 0.295 -0.006476369009 2
0 0.405 0.305 -0.006178731836 2
0 0.405 0.315 -0.005829483456 2
0 0.405 0.325 -0.005427530086 2
0 0.405 0.335 -0.004972100984 2
0 0.405 0.345 -0.004461707371 2
0 0.405 0.355 -0.003897417977 2
0 0.405 0.365 -0.003272846828 2
0 0.405 0.375 -0.002605056662 2
0 0.405 0.385 -0.001839425823 2
0 0.405 0.395 -0.001142799779 2
0 0.405 0.405 0 2
0 0.405 0.415 0 2
0 0.405 0.425 0 2
0 0.405 0.435 0 2
0 0.405 0.445 0 2
0 0.405 0.455 0 2
0 0.405 0.465 0 2
0 0.415 -0.455 0 2
0 0.415 -0.445 0 2
0 0.415 -0.435 0 1
0 0.415 -0.425 0 1
0 0.415 -0.415 0 1
0 0.415 -0.405 0 1
0 0.415 -0.395 0.0007834998049 1
0 0.415 -0.385 0.001371051249 2
0 0.415 -0.375 0.002063455485 2
0 0.415 -0.365 0.002696223074 2
0 0.415 -0.355 0.003283959064 2
0 0.415 -0.345 0.003806764214 2
0 0.415 -0.335 0.004280054997 2
0 0.415 -0.325 0.004705011373 2
0 0.415 -0.315 0.005089301143 2
0 0.415 -0.305 0.005448248391 2
0 0.415 -0.295 0.00575579177 2
0 0.415 -0.285 0.005993079245 1
0 0.415 -0.275 0.00616113792 1
0 0.415 -0.265 0.006284584393 1
0 0.415 -0.255 0.006382263841 1
0 0.415 -0.245 0.006454004491 1
0 0.415 -0.235 0.0065013998 1
0 0.415 -0.225 0.006524790269 1
0 0.415 -0.215 0.006518385777 1
0 0.415 -0.205 0.006486073638 1
0 0.415 -0.195 0.006421514035 1
0 0.415 -0.185 0.006309664531 2
0 0.415 -0.175 0.006145579237 2
0 0.415 -0.165 0.005943915135 2
0 0.415 -0.155 0.005706369063 2
0 0.415 -0.145 0.005438235917 2
0 0.415 -0.135 0.005147026823 2
0 0.415 -0.125 0.004836496194 2
0 0.415 -0.115 0.004505978268 2
0 0.415 -0.105 0.004154505745 2
0 0.415 -0.095 0.003783724335 2
0 0.415 -0.085 0.003396204959 2
0 0.415 -0.075 0.002993959522 2
0 0.415 -0.065 0.002578250936 2
0 0.415 -0.055 0.002149934241 2
0 0.415 -0.045 0.001710244826 2
0 0.415 -0.035 0.001261179505 2
0 0.415 -0.025 0.0008051538165 2
0 0.415 -0.015 0.0003442072992 2
0 0.415 -0.005 -0.0001203770698 2
0 0.415 0.005 -0.0005877599757 2
0 0.415 0.015 -0.00105692799 2
0 0.415 0.025 -0.001526366842 2
0 0.415 0.035 -0.001993808111 2
0 0.415 0.045 -0.002456074469 2
0 0.415 0.055 -0.002909664795 2
0 0.415 0.065 -0.003351064476 2
0 0.415 0.075 -0.003778680182 2
0 0.415 0.085 -0.004188882514 2
0 0.415 0.095 -0.004589492638 2
0 0.415 0.105 -0.004952935517 2
0 0.415 0.115 -0.005261760131 1
0 0.415 0.125 -0.005514215699 1
0 0.415 0.135 -0.005731704377 1
0 0.415 0.145 -0.005940801467 1
0 0.415 0.155 -0.006134186177 1
0 0.415 0.165 -0.006322529429 1
0 0.415 0.175 -0.006540999085 2
0 0.415 0.185 -0.00675265116 2
0 0.415 0.195 -0.006935150142 2
0 0.415 0.205 -0.007071737312 2
0 0.415 0.215 -0.007168560958 2
0 0.415 0.225 -0.007228530158 2
0 0.415 0.235 -0.007249598934 2
0 0.415 0.245 -0.007230173564 2
0 0.415 0.255 -0.007168309101 2
0 0.415 0.265 -0.007062079759 2
0 0.415 0.275 -0.006909843302 2
0 0.415 0.285 -0.006710177584 2
0 0.415 0.295 -0.006461814304 2
0 0.415 0.305 -0.006163554302 2
0 0.415 0.315 -0.005814267158 2
0 0.415 0.325 -0.005412784512 2
0 0.415 0.335 -0.004958258309 2
0 0.415 0.345 -0.004449129629 2
0 0.415 0.355 -0.003886396892 2
0 0.415 0.365 -0.003263631425 2
0 0.415 0.375 -0.002597798166 2
0 0.415 0.385 -0.001834374826 2
0 0.415 0.395 -0.001139726522 2
0 0.415 0.405 0 2
0 0.415 0.415 0 2
0 0.415 0.425 0 2
0 0.415 0.435 0 2
0 0.415 0.445 0 2
0 0.415 0.455 0 2
0 0.415 0.465 0 2
0 0.425 -0.455 0 1
0 0.425 -0.445 0 1
0 0.425 -0.435 0 1
0 0.425 -0.425 0 1
0 0.425 -0.415 0 1
0 0.425 -0.405 0 1
0 0.425 -0.395 0.000793058026 1
0 0.425 -0.385 0.001308167508 1
0 0.425 -0.375 0.001974754344 2
0 0.425 -0.365 0.002601528723 2
0 0.425 -0.355 0.003191170968 2
0 0.425 -0.345 0.003706612386 2
0 0.425 -0.335 0.00417297914 2
0 0.425 -0.325 0.004589792613 2
0 0.425 -0.315 0.004970997402 2
0 0.425 -0.305 0.005322511024 2
0 0.425 -0.295 0.005639759216 2
0 0.425 -0.285 0.005905350387 2
0 0.425 -0.275 0.006104398003 1
0 0.425 -0.265 0.006249000837 1
0 0.425 -0.255 0.006360070092 1
0 0.425 -0.245 0.006443517457 1
0 0.425 -0.235 0.006498043878 1
0 0.425 -0.225 0.006526815898 1
0 0.425 -0.215 0.006523783533 1
0 0.425 -0.205 0.006486102412 2
0 0.425 -0.195 0.006393367704 2
0 0.425 -0.185 0.006257003589 2
0 0.425 -0.175 0.006091710733 2
0 0.425 -0.165 0.005893859852 2
0 0.425 -0.155 0.005662103927 2
0 0.425 -0.145 0.005397580977 2
0 0.425 -0.135 0.005107586889 2
0 0.425 -0.125 0.004796040733 2
0 0.425 -0.115 0.004464142708 2
0 0.425 -0.105 0.004112193698 2
0 0.425 -0.095 0.003741342 2
0 0.425 -0.085 0.003353219322 2
0 0.425 -0.075 0.00294944246 2
0 0.425 -0.065 0.002531365507 2
0 0.425 -0.055 0.002100283411 2
0 0.425 -0.045 0.001657850415 2
0 0.425 -0.035 0.001206307463 2
0 0.425 -0.025 0.0007483261892 2
0 0.425 -0.015 0.0002865678656 2
0 0.425 -0.005 -0.0001767814403 2
0 0.425 0.005 -0.0006402502326 2
0 0.425 0.015 -0.001103232779 2
0 0.425 0.025 -0.001565772235 2
0 0.425 0.035 -0.002026663657 2
0 0.425 0.045 -0.002482058276 2
0 0.425 0.055 -0.00292649036 2
0 0.425 0.065 -0.003354448656 2
0 0.425 0.075 -0.003762819877 2
0 0.425 0.085 -0.004149542826 2
0 0.425 0.095 -0.004515526788 2
0 0.425 0.105 -0.004863625553 2
0 0.425 0.115 -0.005190540484 2
0 0.425 0.125 -0.005472760143 1
0 0.425 0.135 -0.005691688318 1
0 0.425 0.145 -0.005895263261 1
0 0.425 0.155 -0.006124340556 2
0 0.425 0.165 -0.00636183414 2
0 0.425 0.175 -0.006591223092 2
0 0.425 0.185 -0.006785411079 2
0 0.425 0.195 -0.00694681897 2
0 0.425 0.205 -0.007071224206 2
0 0.425 0.215 -0.007161258921 2
0 0.425 0.225 -0.007215055362 2
0 0.425 0.235 -0.007231433123 2
0 0.425 0.245 -0.007208366746 2
0 0.425 0.255 -0.007143562112 2
0 0.425 0.265 -0.007034987831 2
0 0.425 0.275 -0.006881005377 2
0 0.425 0.285 -0.006680267864 2
0 0.425 0.295 -0.006431542725 2
0 0.425 0.305 -0.006133627243 2
0 0.425 0.315 -0.005785343469 2
0 0.425 0.325 -0.005385453917 2
0 0.425 0.335 -0.004933032618 2
0 0.425 0.345 -0.004426453447 2
0 0.425 0.355 -0.003866643592 2
0 0.425 0.365 -0.003247147707 2
0 0.425 0.375 -0.002584799684 2
0 0.425 0.385 -0.001825297308 2
0 0.425 0.395 -0.001134170418 2
0 0.425 0.405 0 2
0 0.425 0.415 0 2
0 0.425 0.425 0 2
0 0.425 0.435 0 2
0 0.425 0.445 0 2
0 0.425 0.455 0 2
0 0.425 0.465 0 2
0 0.435 -0.455 0 1
0 0.435 -0.445 0 1
0 0.435 -0.435 0 1
0 0.435 -0.425 0 1
0 0.435 -0.415 0 1
0 0.435 -0.405 0 1
0 0.435 -0.395 0.0008245385225 1
0 0.435 -0.385 0.00135949186 1
0 0.435 -0.375 0.001972213449 1
0 0.435 -0.365 0.002542302635 1
0 0.435 -0.355 0.003093970084 1
0 0.435 -0.345 0.003590456927 1
0 0.435 -0.335 0.004042331983 1
0 0.435 -0.325 0.004438748263 1
0 0.435 -0.315 0.004799263776 1
0 0.435 -0.305 0.005161121307 2
0 0.435 -0.295 0.005492749614 2
0 0.435 -0.285 0.005777462912 2
0 0.435 -0.275 0.006009550013 2
0 0.435 -0.265 0.006194011339 2
0 0.435 -0.255 0.006321879012 1
0 0.435 -0.245 0.006422108281 2
0 0.435 -0.235 0.006481334663 2
0 0.435 -0.225 0.00650241496 2
0 0.435 -0.215 0.006482671696 2
0 0.435 -0.205 0.006423366945 2
0 0.435 -0.195 0.006325466791 2
0 0.435 -0.185 0.006192755976 2
0 0.435 -0.175 0.006031206742 2
0 0.435 -0.165 0.005836373012 2
0 0.435 -0.155 0.005606808065 2
0 0.435 -0.145 0.00534596836 2
0 0.435 -0.135 0.005057985241 2
0 0.435 -0.125 0.004746465368 2
0 0.435 -0.115 0.004413704434 2
0 0.435 -0.105 0.004061033819 2
0 0.435 -0.095 0.003689649416 2
0 0.435 -0.085 0.003300791936 2
0 0.435 -0.075 0.002895758842 2
0 0.435 -0.065 0.002475883 2
0 0.435 -0.055 0.002042682733 2
0 0.435 -0.045 0.001598106528 2
0 0.435 -0.035 0.001144677903 2
0 0.435 -0.025 0.0006854480779 2
0 0.435 -0.015 0.0002237653257 2
0 0.435 -0.005 -0.0002373237181 2
0 0.435 0.005 -0.000695564003 2
0 0.435 0.015 -0.001150802008 2
0 0.435 0.025 -0.001604711589 2
0 0.435 0.035 -0.002056570365 2
0 0.435 0.045 -0.002501332631 2
0 0.435 0.055 -0.002932070076 2
0 0.435 0.065 -0.003342668888 2
0 0.435 0.075 -0.003730219381 2
0 0.435 0.085 -0.004094302012 2
0 0.435 0.095 -0.004435059095 2
0 0.435 0.105 -0.004759940326 2
0 0.435 0.115 -0.005071406864 2
0 0.435 0.125 -0.005372055024 2
0 0.435 0.135 -0.005649345619 2
0 0.435 0.145 -0.005904773319 2
0 0.435 0.155 -0.006148249833 2
0 0.435 0.165 -0.006379425387 2
0 0.435 0.175 -0.006592095939 2
0 0.435 0.185 -0.006772142574 2
0 0.435 0.195 -0.006921949524 2
0 0.435 0.205 -0.007039851707 2
0 0.435 0.215 -0.007124154466 2
0 0.435 0.225 -0.007174017974 2
0 0.435 0.235 -0.007187933355 2
0 0.435 0.245 -0.007163343593 2
0 0.435 0.255 -0.007097442962 2
0 0.435 0.265 -0.006987970776 2
0 0.435 0.275 -0.006833434649 2
0 0.435 0.285 -0.006632763797 2
0 0.435 0.295 -0.006384843672 2
0 0.435 0.305 -0.006088485275 2
0 0.435 0.315 -0.005742426244 2
0 0.435 0.325 -0.005345379765 2
0 0.435 0.335 -0.004896354002 2
0 0.435 0.345 -0.004393666616 2
0 0.435 0.355 -0.003838179528 2
0 0.435 0.365 -0.003223433091 2
0 0.435 0.375 -0.002566102229 2
0 0.435 0.385 -0.001812228025 2
0 0.435 0.395 -0.001126156178 2
0 0.435 0.405 0 2
0 0.435 0.415 0 2
0 0.435 0.425 0 2
0 0.435 0.435 0 2
0 0.435 0.445 0 2
0 0.435 0.455 0 2
0 0.435 0.465 0 2
0 0.445 -0.455 0 1
0 0.445 -0.445 0 1
0 0.445 -0.435 0 1
0 0.445 -0.425 0 1
0 0.445 -0.415 0 1
0 0.445 -0.405 0 1
0 0.445 -0.395 0.0008361049634 1
0 0.445 -0.385 0.001369196924 1
0 0.445 -0.375 0.00196739811 1
0 0.445 -0.365 0.002509467575 1
0 0.445 -0.355 0.003034218452 1
0 0.445 -0.345 0.003515775483 1
0 0.445 -0.335 0.003958459633 1
0 0.445 -0.325 0.004354860935 1
0 0.445 -0.315 0.00471658868 1
0 0.445 -0.305 0.005036649105 1
0 0.445 -0.295 0.005328305241 1
0 0.445 -0.285 0.005626926286 2
0 0.445 -0.275 0.005885475183 2
0 0.445 -0.265 0.006098116079 2
0 0.445 -0.255 0.006255738424 2
0 0.445 -0.245 0.006359142079 2
0 0.445 -0.235 0.006417339616 2
0 0.445 -0.225 0.006431320881 2
0 0.445 -0.215 0.006403773378 2
0 0.445 -0.205 0.006343968596 2
0 0.445 -0.195 0.006253116212 2
0 0.445 -0.185 0.006127144972 2
0 0.445 -0.175 0.005965343514 2
0 0.445 -0.165 0.005770320608 2
0 0.445 -0.155 0.005542585135 2
0 0.445 -0.145 0.005284004801 2
0 0.445 -0.135 0.004997784716 2
0 0.445 -0.125 0.004687173549 2
0 0.445 -0.115 0.004354704775 2
0 0.445 -0.105 0.004002119683 2
0 0.445 -0.095 0.003630726334 2
0 0.445 -0.085 0.003241641042 2
0 0.445 -0.075 0.002835968078 2
0 0.445 -0.065 0.002414951252 2
0 0.445 -0.055 0.001980148681 2
0 0.445 -0.045 0.001533627079 2
0 0.445 -0.035 0.001078058416 2
0 0.445 -0.025 0.0006167895235 2
0 0.445 -0.015 0.0001537095136 2
0 0.445 -0.005 -0.0003072018208 2
0 0.445 0.005 -0.0007622031319 2
0 0.445 0.015 -0.001210042731 2
0 0.445 0.025 -0.001651069712 2
0 0.445 0.035 -0.002090738932 2
0 0.445 0.045 -0.002522020683 2
0 0.445 0.055 -0.002933266464 2
0 0.445 0.065 -0.003324460676 2
0 0.445 0.075 -0.003690815756 2
0 0.445 0.085 -0.004033736299 2
0 0.445 0.095 -0.004361490583 2
0 0.445 0.105 -0.004675767385 2
0 0.445 0.115 -0.004980529881 2
0 0.445 0.125 -0.005284268565 2
0 0.445 0.135 -0.005584342931 2
0 0.445 0.145 -0.005865398478 2
0 0.445 0.155 -0.006116420213 2
0 0.445 0.165 -0.006338603468 2
0 0.445 0.175 -0.006538362571 2
0 0.445 0.185 -0.006713745383 2
0 0.445 0.195 -0.006858954366 2
0 0.445 0.205 -0.006971958406 2
0 0.445 0.215 -0.007052800417 2
0 0.445 0.225 -0.007100932677 2
0 0.445 0.235 -0.007114750253 2
0 0.445 0.245 -0.007091263022 2
0 0.445 0.255 -0.007026912547 2
0 0.445 0.265 -0.006918948298 2
0 0.445 0.275 -0.006765905742 2
0 0.445 0.285 -0.006566980792 2
0 0.445 0.295 -0.006321326316 2
0 0.445 0.305 -0.006027915736 2
0 0.445 0.315 -0.005685449183 2
0 0.445 0.325 -0.005292583823 2
0 0.445 0.335 -0.004848295564 2
0 0.445 0.345 -0.004350868237 2
0 0.445 0.355 -0.003801110273 2
0 0.445 0.365 -0.003192586162 2
0 0.445 0.375 -0.002541788875 2
0 0.445 0.385 -0.001795227382 2
0 0.445 0.395 -0.001115721865 2
0 0.445 0.405 0 2
0 0.445 0.415 0 2
0 0.445 0.425 0 2
0 0.445 0.435 0 2
0 0.445 0.445 0 2
0 0.445 0.455 0 2
0 0.445 0.465 0 2
0 0.455 -0.455 0 1
0 0.455 -0.445 0 1
0 0.455 -0.435 0 1
0 0.455 -0.425 0 1
0 0.455 -0.415 0 1
0 0.455 -0.405 0 1
0 0.455 -0.395 0.0008368293159 1
0 0.455 -0.385 0.001366139794 1
0 0.455 -0.375 0.001955272551 1
0 0.455 -0.365 0.00248280709 1
0 0.455 -0.355 0.002988783379 1
0 0.455 -0.345 0.003458272723 1
0 0.455 -0.335 0.003891866809 1
0 0.455 -0.325 0.004283915913 1
0 0.455 -0.315 0.004638431129 1
0 0.455 -0.305 0.004953383016 1
0 0.455 -0.295 0.005228025262 1
0 0.455 -0.285 0.005484770926 1
0 0.455 -0.275 0.005754752719 2
0 0.455 -0.265 0.005985895011 2
0 0.455 -0.255 0.006161950644 2
0 0.455 -0.245 0.006266851765 2
0 0.455 -0.235 0.006321821544 2
0 0.455 -0.225 0.006336159157 2
0 0.455 -0.215 0.006313116246 2
0 0.455 -0.205 0.006260026644 2
0 0.455 -0.195 0.006172975076 2
0 0.455 -0.185 0.006048892254 2
0 0.455 -0.175 0.005889761312 2
0 0.455 -0.165 0.005696440842 2
0 0.455 -0.155 0.005470276346 2
0 0.455 -0.145 0.005213508064 2
0 0.455 -0.135 0.004929034164 2
0 0.455 -0.125 0.00461989116 2
0 0.455 -0.115 0.004288633942 2
0 0.455 -0.105 0.003937134014 2
0 0.455 -0.095 0.00356669504 2
0 0.455 -0.085 0.003178295658 2
0 0.455 -0.075 0.002772837893 2
0 0.455 -0.065 0.002351408909 2
0 0.455 -0.055 0.001915474382 2
0 0.455 -0.045 0.001467056019 2
0 0.455 -0.035 0.001008753696 2
0 0.455 -0.025 0.0005439425181 2
0 0.455 -0.015 7.64517594e-05 2
0 0.455 -0.005 -0.0003889177863 2
0 0.455 0.005 -0.0008462471784 2
0 0.455 0.015 -0.001297130502 2
0 0.455 0.025 -0.001736195138 2
0 0.455 0.035 -0.002161812582 2
0 0.455 0.045 -0.002560215393 2
0 0.455 0.055 -0.002925298595 2
0 0.455 0.065 -0.003281216722 2
0 0.455 0.075 -0.003625903494 2
0 0.455 0.085 -0.003960767837 2
0 0.455 0.095 -0.004288536004 2
0 0.455 0.105 -0.004600757326 2
0 0.455 0.115 -0.004904894521 2
0 0.455 0.125 -0.005203566512 2
0 0.455 0.135 -0.005496986853 2
0 0.455 0.145 -0.005776293627 2
0 0.455 0.155 -0.006025094458 2
0 0.455 0.165 -0.006242069094 2
0 0.455 0.175 -0.006439031273 2
0 0.455 0.185 -0.006612752791 2
0 0.455 0.195 -0.006754776525 2
0 0.455 0.205 -0.00686433172 2
0 0.455 0.215 -0.006943258484 2
0 0.455 0.225 -0.006991778761 2
0 0.455 0.235 -0.007010465565 2
0 0.455 0.245 -0.006993957384 2
0 0.455 0.255 -0.006934810926 2
0 0.455 0.265 -0.006829258963 2
0 0.455 0.275 -0.006677932573 2
0 0.455 0.285 -0.006482869419 2
0 0.455 0.295 -0.006241208424 2
0 0.455 0.305 -0.005952184544 2
0 0.455 0.315 -0.005614669053 2
0 0.455 0.325 -0.005227334869 2
0 0.455 0.335 -0.004789116647 2
0 0.455 0.345 -0.004298296429 2
0 0.455 0.355 -0.003755643006 2
0 0.455 0.365 -0.003154777334 2
0 0.455 0.375 -0.002511990956 2
0 0.455 0.385 -0.001774384687 2
0 0.455 0.395 -0.00110292034 2
0 0.455 0.405 0 2
0 0.455 0.415 0 2
0 0.455 0.425 0 2
0 0.455 0.435 0 2
0 0.455 0.445 0 2
0 0.455 0.455 0 2
0 0.455 0.465 0 2
0 0.465 -0.455 0 1
0 0.465 -0.445 0 1
0 0.465 -0.435 0 1
0 0.465 -0.425 0 1
0 0.465 -0.415 0 1
0 0.465 -0.405 0 1
0 0.465 -0.395 0.0008288313688 1
0 0.465 -0.385 0.001353318015 1
0 0.465 -0.375 0.001935685271 1
0 0.465 -0.365 0.002456097828 1
0 0.465 -0.355 0.002954423244 1
0 0.465 -0.345 0.003415901045 1
0 0.465 -0.335 0.003841582456 1
0 0.465 -0.325 0.004228420937 1
0 0.465 -0.315 0.004575810436 1
0 0.465 -0.305 0.00488423596 1
0 0.465 -0.295 0.005144250238 1
0 0.465 -0.285 0.005389380423 1
0 0.465 -0.275 0.005649592487 2
0 0.465 -0.265 0.005874111117 2
0 0.465 -0.255 0.006050824594 2
0 0.465 -0.245 0.006156733946 2
0 0.465 -0.235 0.006214260687 2
0 0.465 -0.225 0.006230240041 2
0 0.465 -0.215 0.006212005478 2
0 0.465 -0.205 0.006165198759 2
0 0.465 -0.195 0.006082678033 2
0 0.465 -0.185 0.005961677955 2
0 0.465 -0.175 0.005804890187 2
0 0.465 -0.165 0.005613575872 2
0 0.465 -0.155 0.00538955875 2
0 0.465 -0.145 0.00513514072 2
0 0.465 -0.135 0.004853046131 2
0 0.465 -0.125 0.004546241459 2
0 0.465 -0.115 0.004217315589 2
0 0.465 -0.105 0.003868131711 2
0 0.465 -0.095 0.003499886152 2
0 0.465 -0.085 0.003113362026 2
0 0.465 -0.075 0.002709191681 2
0 0.465 -0.065 0.002288240293 2
0 0.465 -0.055 0.001851802268 2
0 0.465 -0.045 0.001401752111 2
0 0.465 -0.035 0.0009404292141 2
0 0.465 -0.025 0.0004709252256 2
0 0.465 -0.015 -3.943105789e-06 2
0 0.465 -0.005 -0.0004792044233 2
0 0.465 0.005 -0.0009532180633 2
0 0.465 0.015 -0.001421868232 2
0 0.465 0.025 -0.001872642263 2
0 0.465 0.035 -0.002277095849 1
0 0.465 0.045 -0.002608366686 1
0 0.465 0.055 -0.002910058986 1
0 0.465 0.065 -0.003214417616 1
0 0.465 0.075 -0.003546499174 2
0 0.465 0.085 -0.003887217848 2
0 0.465 0.095 -0.004218715903 2
0 0.465 0.105 -0.004524914017 2
0 0.465 0.115 -0.004818935304 2
0 0.465 0.125 -0.005103318262 2
0 0.465 0.135 -0.005377630648 2
0 0.465 0.145 -0.005643838129 2
0 0.465 0.155 -0.005893517009 2
0 0.465 0.165 -0.006117243817 2
0 0.465 0.175 -0.006317945986 2
0 0.465 0.185 -0.006484238816 2
0 0.465 0.195 -0.006617003948 2
0 0.465 0.205 -0.00672213622 2
0 0.465 0.215 -0.006799061496 2
0 0.465 0.225 -0.006847720177 2
0 0.465 0.235 -0.00686812832 2
0 0.465 0.245 -0.00685843008 2
0 0.465 0.255 -0.006810335083 2
0 0.465 0.265 -0.006715807361 2
0 0.465 0.275 -0.00657151367 2
0 0.465 0.285 -0.006380887408 2
0 0.465 0.295 -0.006145170073 2
0 0.465 0.305 -0.00586197635 2
0 0.465 0.315 -0.005530687161 2
0 0.465 0.325 -0.005150168988 2
0 0.465 0.335 -0.0047192782 2
0 0.465 0.345 -0.004236336456 2
0 0.465 0.355 -0.003702089861 2
0 0.465 0.365 -0.003110249513 2
0 0.465 0.375 -0.002476887575 2
0 0.465 0.385 -0.001749817426 2
0 0.465 0.395 -0.001087818707 2
0 0.465 0.405 0 2
0 0.465 0.415 0 2
0 0.465 0.425 0 2
0 0.465 0.435 0 2
0 0.465 0.445 0 2
0 0.465 0.455 0 2
0 0.465 0.465 0 2
0 0.475 -0.455 0 1
0 0.475 -0.445 0 1
0 0.475 -0.435 0 1
0 0.475 -0.425 0 1
0 0.475 -0.415 0 1
0 0.475 -0.405 0 1
0 0.475 -0.395 0.0008106790713 1
0 0.475 -0.385 0.001330695056 1
0 0.475 -0.375 0.001915535874 1
0 0.475 -0.365 0.002440043987 1
0 0.475 -0.355 0.002935229305 1
0 0.475 -0.345 0.003389671683 1
0 0.475 -0.335 0.00380397295 1
0 0.475 -0.325 0.00418132655 1
0 0.475 -0.315 0.004520215027 1
0 0.475 -0.305 0.004820305716 1
0 0.475 -0.295 0.005075982729 1
0 0.475 -0.285 0.005316167157 1
0 0.475 -0.275 0.005562339641 2
0 0.475 -0.265 0.005771273483 2
0 0.475 -0.255 0.005926282592 1
0 0.475 -0.245 0.006019097738 1
0 0.475 -0.235 0.006078297304 1
0 0.475 -0.225 0.006105264718 1
0 0.475 -0.215 0.006104024431 2
0 0.475 -0.205 0.006059908759 2
0 0.475 -0.195 0.005979221919 2
0 0.475 -0.185 0.005862239677 2
0 0.475 -0.175 0.005708085833 2
0 0.475 -0.165 0.005520046675 2
0 0.475 -0.155 0.005299814137 2
0 0.475 -0.145 0.005049203002 2
0 0.475 -0.135 0.004770817031 2
0 0.475 -0.125 0.004467811117 2
0 0.475 -0.115 0.00414285552 2
0 0.475 -0.105 0.003797613165 2
0 0.475 -0.095 0.003432993141 2
0 0.475 -0.085 0.00304962496 2
0 0.475 -0.075 0.00264789553 2
0 0.475 -0.065 0.002228438247 2
0 0.475 -0.055 0.001792381647 2
0 0.475 -0.045 0.001341477342 2
0 0.475 -0.035 0.0008778033369 2
0 0.475 -0.025 0.0004041281932 2
0 0.475 -0.015 -7.813783049e-05 2
0 0.475 -0.005 -0.0005636250589 2
0 0.475 0.005 -0.001062844471 2
0 0.475 0.015 -0.001535683976 2
0 0.475 0.025 -0.001955960567 1
0 0.475 0.035 -0.002305811684 1
0 0.475 0.045 -0.002621167728 1
0 0.475 0.055 -0.002928180725 1
0 0.475 0.065 -0.00323644367 1
0 0.475 0.075 -0.0035437908 1
0 0.475 0.085 -0.003849369457 1
0 0.475 0.095 -0.004153418405 1
0 0.475 0.105 -0.004443309178 1
0 0.475 0.115 -0.004721739708 1
0 0.475 0.125 -0.004987823046 1
0 0.475 0.135 -0.005234236823 1
0 0.475 0.145 -0.005471765838 1
0 0.475 0.155 -0.005732703793 2
0 0.475 0.165 -0.005978720569 2
0 0.475 0.175 -0.006178525882 1
0 0.475 0.185 -0.006326558236 1
0 0.475 0.195 -0.006446765684 1
0 0.475 0.205 -0.006546985695 1
0 0.475 0.215 -0.0066217852 1
0 0.475 0.225 -0.006670217746 1
0 0.475 0.235 -0.006691640958 1
0 0.475 0.245 -0.006687394299 1
0 0.475 0.255 -0.006657479214 2
0 0.475 0.265 -0.006579419372 2
0 0.475 0.275 -0.006448683542 2
0 0.475 0.285 -0.006265618139 2
0 0.475 0.295 -0.006034901428 2
0 0.475 0.305 -0.005758595279 2
0 0.475 0.315 -0.0054345154 2
0 0.475 0.325 -0.005061900134 2
0 0.475 0.335 -0.004639435081 2
0 0.475 0.345 -0.004165507493 2
0 0.475 0.355 -0.003640854648 2
0 0.475 0.365 -0.003059307002 2
0 0.475 0.375 -0.00243669739 2
0 0.475 0.385 -0.001721666086 2
0 0.475 0.395 -0.001070495584 2
0 0.475 0.405 0 2
0 0.475 0.415 0 2
0 0.475 0.425 0 2
0 0.475 0.435 0 2
0 0.475 0.445 0 2
0 0.475 0.455 0 2
0 0.475 0.465 0 2
0 0.485 -0.455 0 1
0 0.485 -0.445 0 1
0 0.485 -0.435 0 1
0 0.485 -0.425 0 1
0 0.485 -0.415 0 1
0 0.485 -0.405 0 1
0 0.485 -0.395 0.0007802029289 1
0 0.485 -0.385 0.001294966503 1
0 0.485 -0.375 0.0018908362 1
0 0.485 -0.365 0.00243247282 1
0 0.485 -0.355 0.00292698876 1
0 0.485 -0.345 0.003373049941 1
0 0.485 -0.335 0.00377311553 1
0 0.485 -0.325 0.004140711164 1
0 0.485 -0.315 0.004472101679 1
0 0.485 -0.305 0.004767263043 1
0 0.485 -0.295 0.005024653693 1
0 0.485 -0.285 0.005259940433 1
0 0.485 -0.275 0.005484028716 2
0 0.485 -0.265 0.005660138583 1
0 0.485 -0.255 0.005795067273 1
0 0.485 -0.245 0.005882459857 1
0 0.485 -0.235 0.005940887652 1
0 0.485 -0.225 0.005969733057 1
0 0.485 -0.215 0.005973876535 2
0 0.485 -0.205 0.005935324732 2
0 0.485 -0.195 0.005859911608 2
0 0.485 -0.185 0.005745872745 2
0 0.485 -0.175 0.005595623134 2
0 0.485 -0.165 0.005413394234 2
0 0.485 -0.155 0.005200501892 2
0 0.485 -0.145 0.004957457297 2
0 0.485 -0.135 0.004686023943 2
0 0.485 -0.125 0.004388967537 2
0 0.485 -0.115 0.004069207217 2
0 0.485 -0.105 0.003728826243 2
0 0.485 -0.095 0.0033688908 2
0 0.485 -0.085 0.002989902928 2
0 0.485 -0.075 0.002591744995 2
0 0.485 -0.065 0.002174779488 2
0 0.485 -0.055 0.00174017805 2
0 0.485 -0.045 0.001289755028 2
0 0.485 -0.035 0.000825568999 2
0 0.485 -0.025 0.0003504502746 2
0 0.485 -0.015 -0.0001345805671 2
0 0.485 -0.005 -0.0006220508726 2
0 0.485 0.005 -0.001124662386 2
0 0.485 0.015 -0.001581047838 2
0 0.485 0.025 -0.001979674525 1
0 0.485 0.035 -0.002314896398 1
0 0.485 0.045 -0.002618960013 1
0 0.485 0.055 -0.002927359872 1
0 0.485 0.065 -0.003229679684 1
0 0.485 0.075 -0.003524386216 1
0 0.485 0.085 -0.00381008883 1
0 0.485 0.095 -0.004091496095 1
0 0.485 0.105 -0.004366024588 1
0 0.485 0.115 -0.004632070659 1
0 0.485 0.125 -0.004888820525 1
0 0.485 0.135 -0.005134021814 1
0 0.485 0.145 -0.005372759939 1
0 0.485 0.155 -0.005602328505 1
0 0.485 0.165 -0.005810529199 1
0 0.485 0.175 -0.00599750299 1
0 0.485 0.185 -0.006154593296 1
0 0.485 0.195 -0.00628162907 1
0 0.485 0.205 -0.006382702058 1
0 0.485 0.215 -0.006457679583 1
0 0.485 0.225 -0.006506608559 1
0 0.485 0.235 -0.006529929567 1
0 0.485 0.245 -0.006527509561 1
0 0.485 0.255 -0.006498484293 1
0 0.485 0.265 -0.006433097609 2
0 0.485 0.275 -0.006312995888 2
0 0.485 0.285 -0.006137755064 2
0 0.485 0.295 -0.00591205834 2
0 0.485 0.305 -0.005643476755 2
0 0.485 0.315 -0.005327399528 2
0 0.485 0.325 -0.004963524724 2
0 0.485 0.335 -0.004550372655 2
0 0.485 0.345 -0.004086416752 2
0 0.485 0.355 -0.003572399303 2
0 0.485 0.365 -0.00300229173 2
0 0.485 0.375 -0.002391662687 2
0 0.485 0.385 -0.001690084701 2
0 0.485 0.395 -0.001051036359 2
0 0.485 0.405 0 2
0 0.485 0.415 0 2
0 0.485 0.425 0 2
0 0.485 0.435 0 2
0 0.485 0.445 0 2
0 0.485 0.455 0 2
0 0.485 0.465 0 2
0 0.495 -0.455 0 2
0 0.495 -0.445 0 2
0 0.495 -0.435 0 1
0 0.495 -0.425 0 1
0 0.495 -0.415 0 1
0 0.495 -0.405 0 1
0 0.495 -0.395 0.0007224101537 1
0 0.495 -0.385 0.001257716708 2
0 0.495 -0.375 0.001895275357 2
0 0.495 -0.365 0.002477245923 2
0 0.495 -0.355 0.002966988304 1
0 0.495 -0.345 0.003380060584 1
0 0.495 -0.335 0.003754747646 1
0 0.495 -0.325 0.004110532302 1
0 0.495 -0.315 0.004433649703 1
0 0.495 -0.305 0.004724944881 1
0 0.495 -0.295 0.004981354545 1
0 0.495 -0.285 0.005219504911 2
0 0.495 -0.275 0.005405525929 1
0 0.495 -0.265 0.005553987377 1
0 0.495 -0.255 0.00566542402 1
0 0.495 -0.245 0.005741258353 1
0 0.495 -0.235 0.005788878619 1
0 0.495 -0.225 0.005810121058 1
0 0.495 -0.215 0.005809854923 1
0 0.495 -0.205 0.005790317675 2
0 0.495 -0.195 0.005722192771 2
0 0.495 -0.185 0.005607606037 2
0 0.495 -0.175 0.005462131873 2
0 0.495 -0.165 0.005289741086 2
0 0.495 -0.155 0.005089741566 2
0 0.495 -0.145 0.00485936559 2
0 0.495 -0.135 0.004597872919 2
0 0.495 -0.125 0.004310824551 2
0 0.495 -0.115 0.004000956297 2
0 0.495 -0.105 0.003666450962 2
0 0.495 -0.095 0.003311312045 2
0 0.495 -0.085 0.002937132132 2
0 0.495 -0.075 0.002543160718 2
0 0.495 -0.065 0.00212933585 2
0 0.495 -0.055 0.001697211756 2
0 0.495 -0.045 0.001248895919 2
0 0.495 -0.035 0.0007866658834 2
0 0.495 -0.025 0.00031365261 2
0 0.495 -0.015 -0.0001688616537 2
0 0.495 -0.005 -0.0006514049846 2
0 0.495 0.005 -0.001144824532 2
0 0.495 0.015 -0.001586401135 2
0 0.495 0.025 -0.001975759996 1
0 0.495 0.035 -0.002305095379 1
0 0.495 0.045 -0.002599882544 1
0 0.495 0.055 -0.002899856499 1
0 0.495 0.065 -0.003191536286 1
0 0.495 0.075 -0.003476699134 1
0 0.495 0.085 -0.003753316548 1
0 0.495 0.095 -0.004022477052 1
0 0.495 0.105 -0.004284987589 1
0 0.495 0.115 -0.004540456259 1
0 0.495 0.125 -0.004788694786 1
0 0.495 0.135 -0.005029605172 1
0 0.495 0.145 -0.005260694445 1
0 0.495 0.155 -0.005473057787 1
0 0.495 0.165 -0.005662247348 1
0 0.495 0.175 -0.005834833248 1
0 0.495 0.185 -0.005988707848 1
0 0.495 0.195 -0.006117103167 1
0 0.495 0.205 -0.006218265744 1
0 0.495 0.215 -0.006293612149 1
0 0.495 0.225 -0.006343517592 1
0 0.495 0.235 -0.006369325661 1
0 0.495 0.245 -0.006369697963 1
0 0.495 0.255 -0.006343579264 1
0 0.495 0.265 -0.006281211142 1
0 0.495 0.275 -0.006170708716 2
0 0.495 0.285 -0.006001870652 2
0 0.495 0.295 -0.005779488248 2
0 0.495 0.305 -0.005518538794 2
0 0.495 0.315 -0.005210794518 2
0 0.495 0.325 -0.004856137887 2
0 0.495 0.335 -0.004452923395 2
0 0.495 0.345 -0.003999693929 2
0 0.495 0.355 -0.00349719619 2
0 0.495 0.365 -0.002939550389 2
0 0.495 0.375 -0.002342028 2
0 0.495 0.385 -0.001655228475 2
0 0.495 0.395 -0.001029527113 2
0 0.495 0.405 0 2
0 0.495 0.415 0 2
0 0.495 0.425 0 2
0 0.495 0.435 0 2
0 0.495 0.445 0 2
0 0.495 0.455 0 2
0 0.495 0.465 0 2
0 0.505 -0.455 0 2
0 0.505 -0.445 0 2
0 0.505 -0.435 0 2
0 0.505 -0.425 0 1
0 0.505 -0.415 0 1
0 0.505 -0.405 0 1
0 0.505 -0.395 0.000723596513 1
0 0.505 -0.385 0.001258746803 2
0 0.505 -0.375 0.001884125795 2
0 0.505 -0.365 0.002450032272 2
0 0.505 -0.355 0.002943946863 2
0 0.505 -0.345 0.003379242698 2
0 0.505 -0.335 0.003764097268 2
0 0.505 -0.325 0.00411806272 2
0 0.505 -0.315 0.004436183236 2
0 0.505 -0.305 0.004730416195 2
0 0.505 -0.295 0.004980970506 2
0 0.505 -0.285 0.005173364821 1
0 0.505 -0.275 0.005323005936 1
0 0.505 -0.265 0.005440577687 1
0 0.505 -0.255 0.005530128764 1
0 0.505 -0.245 0.005592919634 1
0 0.505 -0.235 0.005629606851 1
0 0.505 -0.225 0.005644383502 1
0 0.505 -0.215 0.005640345395 1
0 0.505 -0.205 0.005615272509 2
0 0.505 -0.195 0.005544909588 2
0 0.505 -0.185 0.005434661751 2
0 0.505 -0.175 0.005301475849 2
0 0.505 -0.165 0.005144013801 2
0 0.505 -0.155 0.004963066609 2
0 0.505 -0.145 0.004758644535 2
0 0.505 -0.135 0.004522319785 2
0 0.505 -0.125 0.004252032442 2
0 0.505 -0.115 0.003946583375 2
0 0.505 -0.105 0.00361231522 2
0 0.505 -0.095 0.003263694626 2
0 0.505 -0.085 0.002893933679 2
0 0.505 -0.075 0.002503737807 2
0 0.505 -0.065 0.00209291072 2
0 0.505 -0.055 0.00166395084 2
0 0.505 -0.045 0.001219449678 2
0 0.505 -0.035 0.0007618646865 2
0 0.505 -0.025 0.0002945050446 2
0 0.505 -0.015 -0.0001811404592 2
0 0.505 -0.005 -0.000654939621 2
0 0.505 0.005 -0.001136996886 2
0 0.505 0.015 -0.001567289378 2
0 0.505 0.025 -0.001947017519 1
0 0.505 0.035 -0.002268865117 1
0 0.505 0.045 -0.00255721843 1
0 0.505 0.055 -0.002849992576 1
0 0.505 0.065 -0.003134483947 1
0 0.505 0.075 -0.003412839108 1
0 0.505 0.085 -0.003682541133 1
0 0.505 0.095 -0.003943807955 1
0 0.505 0.105 -0.004197225337 1
0 0.505 0.115 -0.004443522511 1
0 0.505 0.125 -0.004683068841 1
0 0.505 0.135 -0.004914689183 1
0 0.505 0.145 -0.005134327346 1
0 0.505 0.155 -0.005337034124 1
0 0.505 0.165 -0.005520612956 1
0 0.505 0.175 -0.005685287703 1
0 0.505 0.185 -0.005830501666 1
0 0.505 0.195 -0.00595385807 1
0 0.505 0.205 -0.006053302871 1
0 0.505 0.215 -0.006128281624 1
0 0.505 0.225 -0.006178458484 1
0 0.505 0.235 -0.006203774304 1
0 0.505 0.245 -0.006204152233 1
0 0.505 0.255 -0.006181677242 1
0 0.505 0.265 -0.006125074105 1
0 0.505 0.275 -0.006019160199 2
0 0.505 0.285 -0.005855949093 2
0 0.505 0.295 -0.005638579361 2
0 0.505 0.305 -0.005385205345 2
0 0.505 0.315 -0.00508593324 2
0 0.505 0.325 -0.004740706258 2
0 0.505 0.335 -0.004347830069 2
0 0.505 0.345 -0.003905903801 2
0 0.505 0.355 -0.003415670926 2
0 0.505 0.365 -0.002871397306 2
0 0.505 0.375 -0.002288016827 2
0 0.505 0.385 -0.001617240612 2
0 0.505 0.395 -0.001006048278 2
0 0.505 0.405 0 2
0 0.505 0.415 0 2
0 0.505 0.425 0 2
0 0.505 0.435 0 2
0 0.505 0.445 0 2
0 0.505 0.455 0 2
0 0.505 0.465 0 2
0 0.515 -0.455 0 2
0 0.515 -0.445 0 2
0 0.515 -0.435 0 2
0 0.515 -0.425 0 2
0 0.515 -0.415 0 2
0 0.515 -0.405 0 2
0 0.515 -0.395 0.0008222641057 2
0 0.515 -0.385 0.001334154678 2
0 0.515 -0.375 0.001920608896 2
0 0.515 -0.365 0.002453451192 2
0 0.515 -0.355 0.002937693057 2
0 0.515 -0.345 0.003370728461 2
0 0.515 -0.335 0.003757244168 2
0 0.515 -0.325 0.004107643043 2
0 0.515 -0.315 0.004421960639 2
0 0.515 -0.305 0.00470537943 2
0 0.515 -0.295 0.004935292157 2
0 0.515 -0.285 0.005106580374 1
0 0.515 -0.275 0.005229312137 1
0 0.515 -0.265 0.005320893218 1
0 0.515 -0.255 0.005392167436 1
0 0.515 -0.245 0.005441554867 1
0 0.515 -0.235 0.005465926369 1
0 0.515 -0.225 0.005469233396 1
0 0.515 -0.215 0.005450111669 1
0 0.515 -0.205 0.005406204835 2
0 0.515 -0.195 0.005323196668 1
0 0.515 -0.185 0.005226157279 1
0 0.515 -0.175 0.005108949082 1
0 0.515 -0.165 0.004967909957 1
0 0.515 -0.155 0.004807383776 1
0 0.515 -0.145 0.004635263383 1
0 0.515 -0.135 0.004441405633 1
0 0.515 -0.125 0.004202940303 2
0 0.515 -0.115 0.003909413176 2
0 0.515 -0.105 0.003577357525 2
0 0.515 -0.095 0.003230852409 2
0 0.515 -0.085 0.00286105978 2
0 0.515 -0.075 0.002472664436 2
0 0.515 -0.065 0.002064029377 2
0 0.515 -0.055 0.001638742653 2
0 0.515 -0.045 0.001199950111 2
0 0.515 -0.035 0.0007498622495 2
0 0.515 -0.025 0.0002915668699 2
0 0.515 -0.015 -0.0001736913892 2
0 0.515 -0.005 -0.0006366483948 2
0 0.515 0.005 -0.001107922306 2
0 0.515 0.015 -0.001528335248 2
0 0.515 0.025 -0.001898911934 1
0 0.515 0.035 -0.002212599897 1
0 0.515 0.045 -0.002493835064 1
0 0.515 0.055 -0.002779301762 1
0 0.515 0.065 -0.003056692396 1
0 0.515 0.075 -0.003329142375 1
0 0.515 0.085 -0.003594036354 1
0 0.515 0.095 -0.003850436022 1
0 0.515 0.105 -0.004098297235 1
0 0.515 0.115 -0.004338602141 1
0 0.515 0.125 -0.004571824047 1
0 0.515 0.135 -0.004795998089 1
0 0.515 0.145 -0.005007436216 1
0 0.515 0.155 -0.005202308763 1
0 0.515 0.165 -0.005378492086 1
0 0.515 0.175 -0.005535906505 1
0 0.515 0.185 -0.005674217855 1
0 0.515 0.195 -0.005792129156 1
0 0.515 0.205 -0.005888262605 1
0 0.515 0.215 -0.005961585912 1
0 0.515 0.225 -0.006011016898 1
0 0.515 0.235 -0.006036063004 1
0 0.515 0.245 -0.006036497248 1
0 0.515 0.255 -0.006015353687 1
0 0.515 0.265 -0.005961637234 1
0 0.515 0.275 -0.00585974165 2
0 0.515 0.285 -0.005701462807 2
0 0.515 0.295 -0.005490794694 2
0 0.515 0.305 -0.005244654303 2
0 0.515 0.315 -0.004953736367 2
0 0.515 0.325 -0.004617941383 2
0 0.515 0.335 -0.004235643463 2
0 0.515 0.345 -0.003805473762 2
0 0.515 0.355 -0.003328153631 2
0 0.515 0.365 -0.002798082733 2
0 0.515 0.375 -0.002229811882 2
0 0.515 0.385 -0.001576241252 2
0 0.515 0.395 -0.0009806693489 2
0 0.515 0.405 0 2
0 0.515 0.415 0 2
0 0.515 0.425 0 2
0 0.515 0.435 0 2
0 0.515 0.445 0 2
0 0.515 0.455 0 2
0 0.515 0.465 0 2
0 0.525 -0.455 0 2
0 0.525 -0.445 0 2
0 0.525 -0.435 0 2
0 0.525 -0.425 0 2
0 0.525 -0.415 0 2
0 0.525 -0.405 0 2
0 0.525 -0.395 0.0008498134502 2
0 0.525 -0.385 0.001364490125 2
0 0.525 -0.375 0.001934546258 2
0 0.525 -0.365 0.002440677803 2
0 0.525 -0.355 0.002913146548 2
0 0.525 -0.345 0.00334109315 2
0 0.525 -0.335 0.003727918764 2
0 0.525 -0.325 0.004073678426 2
0 0.525 -0.315 0.004384971698 2
0 0.525 -0.305 0.004654754072 2
0 0.525 -0.295 0.004865767748 2
0 0.525 -0.285 0.005017314493 1
0 0.525 -0.275 0.005116917974 1
0 0.525 -0.265 0.005190386109 1
0 0.525 -0.255 0.005248586904 1
0 0.525 -0.245 0.005284800626 1
0 0.525 -0.235 0.005299047523 1
0 0.525 -0.225 0.005290040094 1
0 0.525 -0.215 0.005261195646 2
0 0.525 -0.205 0.005198018251 1
0 0.525 -0.195 0.005124798192 1
0 0.525 -0.185 0.005034717525 1
0 0.525 -0.175 0.004922128598 1
0 0.525 -0.165 0.00478987754 1
0 0.525 -0.155 0.004638752316 1
0 0.525 -0.145 0.004471789944 1
0 0.525 -0.135 0.004283418395 1
0 0.525 -0.125 0.004080156406 1
0 0.525 -0.115 0.003851086402 1
0 0.525 -0.105 0.003555022632 2
0 0.525 -0.095 0.003211747391 2
0 0.525 -0.085 0.002837974882 2
0 0.525 -0.075 0.00244487229 2
0 0.525 -0.065 0.002037989905 2
0 0.525 -0.055 0.001617566803 2
0 0.525 -0.045 0.001187041099 2
0 0.525 -0.035 0.0007477436459 2
0 0.525 -0.025 0.0003021708154 2
0 0.525 -0.015 -0.000148943792 2
0 0.525 -0.005 -0.0005985177335 2
0 0.525 0.005 -0.001058116399 2
0 0.525 0.015 -0.001472180948 2
0 0.525 0.025 -0.001833589203 1
0 0.525 0.035 -0.002137871868 1
0 0.525 0.045 -0.002413805376 1
0 0.525 0.055 -0.00269116998 1
0 0.525 0.065 -0.002960264725 1
0 0.525 0.075 -0.003225493891 1
0 0.525 0.085 -0.003486796414 1
0 0.525 0.095 -0.00374037798 1
0 0.525 0.105 -0.0039860404 1
0 0.525 0.115 -0.004226696899 1
0 0.525 0.125 -0.004457075737 1
0 0.525 0.135 -0.004676891642 1
0 0.525 0.145 -0.004882691936 1
0 0.525 0.155 -0.005069888592 1
0 0.525 0.165 -0.005238370292 1
0 0.525 0.175 -0.005388094738 1
0 0.525 0.185 -0.005518819266 1
0 0.525 0.195 -0.005630138252 1
0 0.525 0.205 -0.005721597027 1
0 0.525 0.215 -0.005792784142 1
0 0.525 0.225 -0.005841866772 1
0 0.525 0.235 -0.00586616145 1
0 0.525 0.245 -0.00586511182 1
0 0.525 0.255 -0.005842468837 1
0 0.525 0.265 -0.005789955516 1
0 0.525 0.275 -0.005692793993 2
0 0.525 0.285 -0.00553919834 2
0 0.525 0.295 -0.005336623454 2
0 0.525 0.305 -0.005097327526 2
0 0.525 0.315 -0.004814574147 2
0 0.525 0.325 -0.004488166637 2
0 0.525 0.335 -0.004116644104 2
0 0.525 0.345 -0.003698645344 2
0 0.525 0.355 -0.003234848384 2
0 0.525 0.365 -0.002719773644 2
0 0.525 0.375 -0.002167543386 2
0 0.525 0.385 -0.001532320981 2
0 0.525 0.395 -0.0009534458381 2
0 0.525 0.405 0 2
0 0.525 0.415 0 2
0 0.525 0.425 0 2
0 0.525 0.435 0 2
0 0.525 0.445 0 2
0 0.525 0.455 0 2
0 0.525 0.465 0 2
0 0.535 -0.455 0 2
0 0.535 -0.445 0 2
0 0.535 -0.435 0 2
0 0.535 -0.425 0 2
0 0.535 -0.415 0 2
0 0.535 -0.405 0 2
0 0.535 -0.395 0.0008545470668 2
0 0.535 -0.385 0.001367320095 2
0 0.535 -0.375 0.001927683143 2
0 0.535 -0.365 0.002416082746 2
0 0.535 -0.355 0.002875183841 2
0 0.535 -0.345 0.003291323416 2
0 0.535 -0.335 0.003668875072 2
0 0.535 -0.325 0.004006438857 2
0 0.535 -0.315 0.004315447462 2
0 0.535 -0.305 0.004572139795 2
0 0.535 -0.295 0.004762845753 1
0 0.535 -0.285 0.004893039942 1
0 0.535 -0.275 0.004982856845 1
0 0.535 -0.265 0.005049499845 1
0 0.535 -0.255 0.005096685435 1
0 0.535 -0.245 0.00512151065 1
0 0.535 -0.235 0.005126600225 1
0 0.535 -0.225 0.00510888031 1
0 0.535 -0.215 0.005074718938 2
0 0.535 -0.205 0.005010332186 1
0 0.535 -0.195 0.004934060226 1
0 0.535 -0.185 0.004845232049 1
0 0.535 -0.175 0.004735038263 1
0 0.535 -0.165 0.004607939237 1
0 0.535 -0.155 0.004462830277 1
0 0.535 -0.145 0.004300048814 1
0 0.535 -0.135 0.004119767125 1
0 0.535 -0.125 0.00392630176 1
0 0.535 -0.115 0.003720557159 1
0 0.535 -0.105 0.003478366637 1
0 0.535 -0.095 0.003172674142 2
0 0.535 -0.085 0.002808826356 2
0 0.535 -0.075 0.002408669102 2
0 0.535 -0.065 0.002006655882 2
0 0.535 -0.055 0.001594506149 2
0 0.535 -0.045 0.001176018935 2
0 0.535 -0.035 0.0007514319744 2
0 0.535 -0.025 0.0003226428069 2
0 0.535 -0.015 -0.0001098340025 2
0 0.535 -0.005 -0.0005415021424 2
0 0.535 0.005 -0.0009814083584 2
0 0.535 0.015 -0.001392954837 2
0 0.535 0.025 -0.001753170102 1
0 0.535 0.035 -0.002054538617 1
0 0.535 0.045 -0.002326762622 1
0 0.535 0.055 -0.002589327353 1
0 0.535 0.065 -0.002845837521 1
0 0.535 0.075 -0.003095982546 1
0 0.535 0.085 -0.003349100357 1
0 0.535 0.095 -0.003601875461 1
0 0.535 0.105 -0.003854553618 1
0 0.535 0.115 -0.004112229279 1
0 0.535 0.125 -0.004350304672 1
0 0.535 0.135 -0.004569028567 1
0 0.535 0.145 -0.00476469433 1
0 0.535 0.155 -0.004939496891 1
0 0.535 0.165 -0.005099252101 1
0 0.535 0.175 -0.005239928053 1
0 0.535 0.185 -0.005362254428 1
0 0.535 0.195 -0.00546634758 1
0 0.535 0.205 -0.005552638495 1
0 0.535 0.215 -0.005619830824 1
0 0.535 0.225 -0.005666249682 1
0 0.535 0.235 -0.005689715436 1
0 0.535 0.245 -0.005690707492 1
0 0.535 0.255 -0.005671023231 1
0 0.535 0.265 -0.005621119691 2
0 0.535 0.275 -0.005520314131 2
0 0.535 0.285 -0.005369922056 2
0 0.535 0.295 -0.005175745994 2
0 0.535 0.305 -0.004942957531 2
0 0.535 0.315 -0.004668271491 2
0 0.535 0.325 -0.004351315496 2
0 0.535 0.335 -0.003990840161 2
0 0.535 0.345 -0.003585472482 2
0 0.535 0.355 -0.003135831969 2
0 0.535 0.365 -0.002636552882 2
0 0.535 0.375 -0.002101288534 2
0 0.535 0.385 -0.001485540583 2
0 0.535 0.395 -0.0009244191907 2
0 0.535 0.405 0 2
0 0.535 0.415 0 2
0 0.535 0.425 0 2
0 0.535 0.435 0 2
0 0.535 0.445 0 2
0 0.535 0.455 0 2
0 0.535 0.465 0 2
0 0.545 -0.455 0 2
0 0.545 -0.445 0 2
0 0.545 -0.435 0 2
0 0.545 -0.425 0 2
0 0.545 -0.415 0 2
0 0.545 -0.405 0 2
0 0.545 -0.395 0.0008388070435 2
0 0.545 -0.385 0.001342855559 2
0 0.545 -0.375 0.001893435992 2
0 0.545 -0.365 0.002370658025 2
0 0.545 -0.355 0.002816853412 2
0 0.545 -0.345 0.003220078739 2
0 0.545 -0.335 0.003585756353 2
0 0.545 -0.325 0.003911975093 2
0 0.545 -0.315 0.004209683948 2
0 0.545 -0.305 0.004453915702 2
0 0.545 -0.295 0.004634528737 1
0 0.545 -0.285 0.004755258666 1
0 0.545 -0.275 0.004836958032 1
0 0.545 -0.265 0.004898043391 1
0 0.545 -0.255 0.004937023922 1
0 0.545 -0.245 0.004954549212 1
0 0.545 -0.235 0.00495320903 1
0 0.545 -0.225 0.004928920577 1
0 0.545 -0.215 0.004889381749 2
0 0.545 -0.205 0.004822317603 1
0 0.545 -0.195 0.004744434025 1
0 0.545 -0.185 0.004654838554 1
0 0.545 -0.175 0.004547686411 1
0 0.545 -0.165 0.004424189266 1
0 0.545 -0.155 0.004284142564 1
0 0.545 -0.145 0.004128348945 1
0 0.545 -0.135 0.003958531933 1
0 0.545 -0.125 0.003773525332 1
0 0.545 -0.115 0.003581863959 1
0 0.545 -0.105 0.003358822498 1
0 0.545 -0.095 0.003078476927 2
0 0.545 -0.085 0.002738293202 2
0 0.545 -0.075 0.002349227218 2
0 0.545 -0.065 0.001960774876 2
0 0.545 -0.055 0.001563398675 2
0 0.545 -0.045 0.001161927183 2
0 0.545 -0.035 0.0007563519511 2
0 0.545 -0.025 0.0003484275009 2
0 0.545 -0.015 -6.08064129e-05 2
0 0.545 -0.005 -0.0004684521196 2
0 0.545 0.005 -0.0008740535414 2
0 0.545 0.015 -0.001275265649 2
0 0.545 0.025 -0.001648146937 2
0 0.545 0.035 -0.001973956577 1
0 0.545 0.045 -0.002236774563 1
0 0.545 0.055 -0.002478149829 1
0 0.545 0.065 -0.002718135241 1
0 0.545 0.075 -0.002944006756 1
0 0.545 0.085 -0.003172752548 1
0 0.545 0.095 -0.003431003491 2
0 0.545 0.105 -0.003707887259 2
0 0.545 0.115 -0.003995494544 2
0 0.545 0.125 -0.004252995258 2
0 0.545 0.135 -0.0044759454 1
0 0.545 0.145 -0.004656080707 1
0 0.545 0.155 -0.004815114369 1
0 0.545 0.165 -0.004961824527 1
0 0.545 0.175 -0.005089966129 1
0 0.545 0.185 -0.005203587833 1
0 0.545 0.195 -0.005300368744 1
0 0.545 0.205 -0.005379338454 1
0 0.545 0.215 -0.005440276387 1
0 0.545 0.225 -0.005484592722 1
0 0.545 0.235 -0.00551905646 2
0 0.545 0.245 -0.005528204699 2
0 0.545 0.255 -0.005507620527 2
0 0.545 0.265 -0.005447652584 2
0 0.545 0.275 -0.005343767958 2
0 0.545 0.285 -0.005195476018 2
0 0.545 0.295 -0.005007383384 2
0 0.545 0.305 -0.00478081925 2
0 0.545 0.315 -0.004514273449 2
0 0.545 0.325 -0.004207038738 2
0 0.545 0.335 -0.003858035533 2
0 0.545 0.345 -0.003465864948 2
0 0.545 0.355 -0.003031081491 2
0 0.545 0.365 -0.002548436568 2
0 0.545 0.375 -0.002031082192 2
0 0.545 0.385 -0.001435937031 2
0 0.545 0.395 -0.0008936196981 2
0 0.545 0.405 0 2
0 0.545 0.415 0 2
0 0.545 0.425 0 2
0 0.545 0.435 0 2
0 0.545 0.445 0 2
0 0.545 0.455 0 2
0 0.545 0.465 0 2
0 0.555 -0.455 0 2
0 0.555 -0.445 0 2
0 0.555 -0.435 0 2
0 0.555 -0.425 0 2
0 0.555 -0.415 0 2
0 0.555 -0.405 0 2
0 0.555 -0.395 0.0008159346264 2
0 0.555 -0.385 0.001307250186 2
0 0.555 -0.375 0.001844074924 2
0 0.555 -0.365 0.002308257909 2
0 0.555 -0.355 0.002740687763 2
0 0.555 -0.345 0.003130123656 2
0 0.555 -0.335 0.003482262287 2
0 0.555 -0.325 0.003795547631 2
0 0.555 -0.315 0.004078653028 2
0 0.555 -0.305 0.004314148406 2
0 0.555 -0.295 0.004487040544 1
0 0.555 -0.285 0.004601310366 1
0 0.555 -0.275 0.004679144375 1
0 0.555 -0.265 0.004736146102 1
0 0.555 -0.255 0.004771837745 1
0 0.555 -0.245 0.004788970214 1
0 0.555 -0.235 0.004786927622 1
0 0.555 -0.225 0.004760805279 2
0 0.555 -0.215 0.004703804766 2
0 0.555 -0.205 0.004630279979 1
0 0.555 -0.195 0.004552960806 1
0 0.555 -0.185 0.004464298643 1
0 0.555 -0.175 0.004360136638 1
0 0.555 -0.165 0.004238853731 1
0 0.555 -0.155 0.00410347633 1
0 0.555 -0.145 0.003953871989 1
0 0.555 -0.135 0.003791392855 1
0 0.555 -0.125 0.003614538446 1
0 0.555 -0.115 0.003431872134 1
0 0.555 -0.105 0.003219330639 1
0 0.555 -0.095 0.002952867191 2
0 0.555 -0.085 0.002631388324 2
0 0.555 -0.075 0.002264256188 2
0 0.555 -0.065 0.001896811165 2
0 0.555 -0.055 0.001520710107 2
0 0.555 -0.045 0.001141022671 2
0 0.555 -0.035 0.0007581654376 2
0 0.555 -0.025 0.000374012078 2
0 0.555 -0.015 -9.976532468e-06 2
0 0.555 -0.005 -0.000392311099 2
0 0.555 0.005 -0.0007707439024 2
0 0.555 0.015 -0.001157115576 2
0 0.555 0.025 -0.001529099344 2
0 0.555 0.035 -0.001859207769 1
0 0.555 0.045 -0.002125784839 1
0 0.555 0.055 -0.00236093609 1
0 0.555 0.065 -0.002586630386 1
0 0.555 0.075 -0.002802683758 1
0 0.555 0.085 -0.003026748392 1
0 0.555 0.095 -0.003287188535 2
0 0.555 0.105 -0.003565172505 2
0 0.555 0.115 -0.003842827537 2
0 0.555 0.125 -0.004088433464 2
0 0.555 0.135 -0.004317933291 2
0 0.555 0.145 -0.004519921378 2
0 0.555 0.155 -0.004683022797 1
0 0.555 0.165 -0.004816287797 1
0 0.555 0.175 -0.004933341845 1
0 0.555 0.185 -0.005040820355 1
0 0.555 0.195 -0.005133005557 1
0 0.555 0.205 -0.005207319845 1
0 0.555 0.215 -0.005266863579 1
0 0.555 0.225 -0.005321368176 2
0 0.555 0.235 -0.005351982935 2
0 0.555 0.245 -0.005357012877 2
0 0.555 0.255 -0.005329166236 2
0 0.555 0.265 -0.0052631581 2
0 0.555 0.275 -0.005156733621 2
0 0.555 0.285 -0.005011367927 2
0 0.555 0.295 -0.004829438078 2
0 0.555 0.305 -0.004609702048 2
0 0.555 0.315 -0.004351800934 2
0 0.555 0.325 -0.00405484941 2
0 0.555 0.335 -0.003717935722 2
0 0.555 0.345 -0.00333966015 2
0 0.555 0.355 -0.002920521704 2
0 0.555 0.365 -0.002455404634 2
0 0.555 0.375 -0.001956935918 2
0 0.555 0.385 -0.001383534252 2
0 0.555 0.395 -0.0008610717378 2
0 0.555 0.405 0 2
0 0.555 0.415 0 2
0 0.555 0.425 0 2
0 0.555 0.435 0 2
0 0.555 0.445 0 2
0 0.555 0.455 0 2
0 0.555 0.465 0 2
0 0.565 -0.455 0 2
0 0.565 -0.445 0 2
0 0.565 -0.435 0 2
0 0.565 -0.425 0 2
0 0.565 -0.415 0 2
0 0.565 -0.405 0 2
0 0.565 -0.395 0.0007882892417 2
0 0.565 -0.385 0.00126347469 2
0 0.565 -0.375 0.001782920634 2
0 0.565 -0.365 0.002231768874 2
0 0.565 -0.355 0.002649038875 2
0 0.565 -0.345 0.003023719454 2
0 0.565 -0.335 0.003361145184 2
0 0.565 -0.325 0.00366012371 2
0 0.565 -0.315 0.003923846973 2
0 0.565 -0.305 0.004148743893 2
0 0.565 -0.295 0.004321477131 2
0 0.565 -0.285 0.004438427691 1
0 0.565 -0.275 0.004514254059 1
0 0.565 -0.265 0.004567924284 1
0 0.565 -0.255 0.00460439233 1
0 0.565 -0.245 0.004622291424 1
0 0.565 -0.235 0.004622276561 2
0 0.565 -0.225 0.004588555289 2
0 0.565 -0.215 0.004533818227 2
0 0.565 -0.205 0.004460059234 2
0 0.565 -0.195 0.004364277475 1
0 0.565 -0.185 0.004271173737 1
0 0.565 -0.175 0.004168438157 1
0 0.565 -0.165 0.004050769732 1
0 0.565 -0.155 0.003921382289 1
0 0.565 -0.145 0.003776873499 1
0 0.565 -0.135 0.003619614915 1
0 0.565 -0.125 0.003450146709 1
0 0.565 -0.115 0.003270127342 1
0 0.565 -0.105 0.003061313351 1
0 0.565 -0.095 0.002800852789 2
0 0.565 -0.085 0.002494129108 2
0 0.565 -0.075 0.002156572247 2
0 0.565 -0.065 0.001815687895 2
0 0.565 -0.055 0.001465850798 2
0 0.565 -0.045 0.001111499712 2
0 0.565 -0.035 0.000753914611 2
0 0.565 -0.025 0.0003952811654 2
0 0.565 -0.015 3.747486049e-05 2
0 0.565 -0.005 -0.0003181999104 2
0 0.565 0.005 -0.000670055227 2
0 0.565 0.015 -0.001021922763 2
0 0.565 0.025 -0.001370468072 2
0 0.565 0.035 -0.001703534801 2
0 0.565 0.045 -0.001999945949 1
0 0.565 0.055 -0.00223903205 1
0 0.565 0.065 -0.002455860912 1
0 0.565 0.075 -0.002674020214 1
0 0.565 0.085 -0.002924665477 2
0 0.565 0.095 -0.003186516353 2
0 0.565 0.105 -0.003444729935 2
0 0.565 0.115 -0.00368992273 2
0 0.565 0.125 -0.003917048225 2
0 0.565 0.135 -0.004131110132 2
0 0.565 0.145 -0.004323916297 2
0 0.565 0.155 -0.004493559357 2
0 0.565 0.165 -0.004640958058 2
0 0.565 0.175 -0.004767083493 2
0 0.565 0.185 -0.00487729994 2
0 0.565 0.195 -0.004971522636 2
0 0.565 0.205 -0.005050310086 2
0 0.565 0.215 -0.00511480821 2
0 0.565 0.225 -0.005159720961 2
0 0.565 0.235 -0.005179244242 2
0 0.565 0.245 -0.005171052999 2
0 0.565 0.255 -0.005133033831 2
0 0.565 0.265 -0.005063072628 2
0 0.565 0.275 -0.004958063598 2
0 0.565 0.285 -0.004817419887 2
0 0.565 0.295 -0.004641101725 2
0 0.565 0.305 -0.00442889616 2
0 0.565 0.315 -0.004180283494 2
0 0.565 0.325 -0.003894348315 2
0 0.565 0.335 -0.003570281663 2
0 0.565 0.345 -0.003206707993 2
0 0.565 0.355 -0.002804080432 2
0 0.565 0.365 -0.002357436946 2
0 0.565 0.375 -0.001878860817 2
0 0.565 0.385 -0.001328356232 2
0 0.565 0.395 -0.0008268002337 2
0 0.565 0.405 0 2
0 0.565 0.415 0 2
0 0.565 0.425 0 2
0 0.565 0.435 0 2
0 0.565 0.445 0 2
0 0.565 0.455 0 2
0 0.565 0.465 0 2
0 0.575 -0.455 0 2
0 0.575 -0.445 0 2
0 0.575 -0.435 0 2
0 0.575 -0.425 0 2
0 0.575 -0.415 0 2
0 0.575 -0.405 0 2
0 0.575 -0.395 0.0007571151922 2
0 0.575 -0.385 0.001213722179 2
0 0.575 -0.375 0.001713045657 2
0 0.575 -0.365 0.002144375256 2
0 0.575 -0.355 0.002544871199 2
0 0.575 -0.345 0.002903812756 2
0 0.575 -0.335 0.003226136725 2
0 0.575 -0.325 0.003511228448 2
0 0.575 -0.315 0.003760230838 2
0 0.575 -0.305 0.003975780087 2
0 0.575 -0.295 0.004144771345 2
0 0.575 -0.285 0.004261281526 1
0 0.575 -0.275 0.004338217157 1
0 0.575 -0.265 0.004390732148 1
0 0.575 -0.255 0.004427365105 1
0 0.575 -0.245 0.004449228658 2
0 0.575 -0.235 0.004441201798 2
0 0.575 -0.225 0.00441463829 2
0 0.575 -0.215 0.004370163203 2
0 0.575 -0.205 0.004304292143 2
0 0.575 -0.195 0.004210665643 2
0 0.575 -0.185 0.004100259589 2
0 0.575 -0.175 0.003981217553 1
0 0.575 -0.165 0.003866801273 1
0 0.575 -0.155 0.003741482675 1
0 0.575 -0.145 0.003599122065 1
0 0.575 -0.135 0.003443682067 1
0 0.575 -0.125 0.00328000651 1
0 0.575 -0.115 0.003100475469 1
0 0.575 -0.105 0.002875736614 2
0 0.575 -0.095 0.002614587916 2
0 0.575 -0.085 0.002331564158 2
0 0.575 -0.075 0.002032647773 2
0 0.575 -0.065 0.001721892061 2
0 0.575 -0.055 0.00140082067 2
0 0.575 -0.045 0.001073455303 2
0 0.575 -0.035 0.000742123126 2
0 0.575 -0.025 0.0004093358992 2
0 0.575 -0.015 7.723783917e-05 2
0 0.575 -0.005 -0.0002525403301 2
0 0.575 0.005 -0.0005784108535 2
0 0.575 0.015 -0.0008991515131 2
0 0.575 0.025 -0.001216388303 2
0 0.575 0.035 -0.001523738944 2
0 0.575 0.045 -0.001818686412 2
0 0.575 0.055 -0.002093226103 2
0 0.575 0.065 -0.002345566927 2
0 0.575 0.075 -0.002595437331 2
0 0.575 0.085 -0.002842927436 2
0 0.575 0.095 -0.003083161498 2
0 0.575 0.105 -0.00331588233 2
0 0.575 0.115 -0.003537074293 2
0 0.575 0.125 -0.003747403756 2
0 0.575 0.135 -0.003943928665 2
0 0.575 0.145 -0.004124126625 2
0 0.575 0.155 -0.004289980072 2
0 0.575 0.165 -0.004440243672 2
0 0.575 0.175 -0.004571732839 2
0 0.575 0.185 -0.004684953591 2
0 0.575 0.195 -0.004781601153 2
0 0.575 0.205 -0.004862807452 2
0 0.575 0.215 -0.004925970996 2
0 0.575 0.225 -0.00496537184 2
0 0.575 0.235 -0.0049780751 2
0 0.575 0.245 -0.004964340224 2
0 0.575 0.255 -0.004923215849 2
0 0.575 0.265 -0.004851764516 2
0 0.575 0.275 -0.004748249888 2
0 0.575 0.285 -0.004611783727 2
0 0.575 0.295 -0.004441863125 2
0 0.575 0.305 -0.004237955394 2
0 0.575 0.315 -0.003999398733 2
0 0.575 0.325 -0.003725308163 2
0 0.575 0.335 -0.003414929902 2
0 0.575 0.345 -0.003066934095 2
0 0.575 0.355 -0.002681735114 2
0 0.575 0.365 -0.002254545914 2
0 0.575 0.375 -0.001796889167 2
0 0.575 0.385 -0.001270439798 2
0 0.575 0.395 -0.0007908371161 2
0 0.575 0.405 0 2
0 0.575 0.415 0 2
0 0.575 0.425 0 2
0 0.575 0.435 0 2
0 0.575 0.445 0 2
0 0.575 0.455 0 2
0 0.575 0.465 0 2
0 0.585 -0.455 0 2
0 0.585 -0.445 0 2
0 0.585 -0.435 0 2
0 0.585 -0.425 0 2
0 0.585 -0.415 0 2
0 0.585 -0.405 0 2
0 0.585 -0.395 0.0007230914967 2
0 0.585 -0.385 0.001159156205 2
0 0.585 -0.375 0.001636123461 2
0 0.585 -0.365 0.00204805334 2
0 0.585 -0.355 0.002430274873 2
0 0.585 -0.345 0.002772446534 2
0 0.585 -0.335 0.003079107112 2
0 0.585 -0.325 0.003349946624 2
0 0.585 -0.315 0.003585212641 2
0 0.585 -0.305 0.003787911216 2
0 0.585 -0.295 0.003951335616 2
0 0.585 -0.285 0.004075244685 2
0 0.585 -0.275 0.004161501486 2
0 0.585 -0.265 0.004216546464 2
0 0.585 -0.255 0.004249209441 2
0 0.585 -0.245 0.004259679506 2
0 0.585 -0.235 0.004253812996 2
0 0.585 -0.225 0.004232810816 2
0 0.585 -0.215 0.004193334754 2
0 0.585 -0.205 0.00413366841 2
0 0.585 -0.195 0.004050856282 2
0 0.585 -0.185 0.003950340312 2
0 0.585 -0.175 0.003837174429 2
0 0.585 -0.165 0.003713002665 2
0 0.585 -0.155 0.003578831424 2
0 0.585 -0.145 0.003431467033 2
0 0.585 -0.135 0.003269499783 2
0 0.585 -0.125 0.00309197311 2
0 0.585 -0.115 0.002891184981 2
0 0.585 -0.105 0.002668217308 2
0 0.585 -0.095 0.002429426221 2
0 0.585 -0.085 0.002174367474 2
0 0.585 -0.075 0.001905696129 2
0 0.585 -0.065 0.001622925003 2
0 0.585 -0.055 0.001329385474 2
0 0.585 -0.045 0.001028412021 2
0 0.585 -0.035 0.0007227412439 2
0 0.585 -0.025 0.0004149350533 2
0 0.585 -0.015 0.0001071548347 2
0 0.585 -0.005 -0.0001988285585 2
0 0.585 0.005 -0.000501687701 2
0 0.585 0.015 -0.0008002133681 2
0 0.585 0.025 -0.001095238982 2
0 0.585 0.035 -0.00138551218 2
0 0.585 0.045 -0.001673052071 2
0 0.585 0.055 -0.001954029692 2
0 0.585 0.065 -0.002222364827 2
0 0.585 0.075 -0.002480298649 2
0 0.585 0.085 -0.002724088375 2
0 0.585 0.095 -0.002952313186 2
0 0.585 0.105 -0.003168742807 2
0 0.585 0.115 -0.003373996752 2
0 0.585 0.125 -0.003568674451 2
0 0.585 0.135 -0.003751917182 2
0 0.585 0.145 -0.003923258492 2
0 0.585 0.155 -0.00408193959 2
0 0.585 0.165 -0.004226733155 2
0 0.585 0.175 -0.004356363096 2
0 0.585 0.185 -0.004469862106 2
0 0.585 0.195 -0.004566821621 2
0 0.585 0.205 -0.004646211967 2
0 0.585 0.215 -0.004705736589 2
0 0.585 0.225 -0.004742423486 2
0 0.585 0.235 -0.004753925556 2
0 0.585 0.245 -0.004739015189 2
0 0.585 0.255 -0.004696829623 2
0 0.585 0.265 -0.004626121254 2
0 0.585 0.275 -0.00452564252 2
0 0.585 0.285 -0.00439441768 2
0 0.585 0.295 -0.004231711917 2
0 0.585 0.305 -0.004036852727 2
0 0.585 0.315 -0.003809138153 2
0 0.585 0.325 -0.003547729605 2
0 0.585 0.335 -0.003251902031 2
0 0.585 0.345 -0.002920381455 2
0 0.585 0.355 -0.002553545957 2
0 0.585 0.365 -0.002146801266 2
0 0.585 0.375 -0.001711091688 2
0 0.585 0.385 -0.001209845224 2
0 0.585 0.395 -0.0007532268625 2
0 0.585 0.405 0 2
0 0.585 0.415 0 2
0 0.585 0.425 0 2
0 0.585 0.435 0 2
0 0.585 0.445 0 2
0 0.585 0.455 0 2
0 0.585 0.465 0 2
0 0.595 -0.455 0 2
0 0.595 -0.445 0 2
0 0.595 -0.435 0 2
0 0.595 -0.425 0 2
0 0.595 -0.415 0 2
0 0.595 -0.405 0 2
0 0.595 -0.395 0.0006866601063 2
0 0.595 -0.385 0.001100572275 2
0 0.595 -0.375 0.001553355409 2
0 0.595 -0.365 0.001944299822 2
0 0.595 -0.355 0.002306908439 2
0 0.595 -0.345 0.00263132078 2
0 0.595 -0.335 0.00292181179 2
0 0.595 -0.325 0.003178216667 2
0 0.595 -0.315 0.003401240222 2
0 0.595 -0.305 0.00359217233 2
0 0.595 -0.295 0.003749018771 2
0 0.595 -0.285 0.003870981026 2
0 0.595 -0.275 0.003958713848 2
0 0.595 -0.265 0.00401546145 2
0 0.595 -0.255 0.004047833479 2
0 0.595 -0.245 0.00406000436 2
0 0.595 -0.235 0.004056373857 2
0 0.595 -0.225 0.004036693557 2
0 0.595 -0.215 0.003998984818 2
0 0.595 -0.205 0.003943361322 2
0 0.595 -0.195 0.003869049661 2
0 0.595 -0.185 0.003777508783 2
0 0.595 -0.175 0.003668385394 2
0 0.595 -0.165 0.003543027634 2
0 0.595 -0.155 0.003404847931 2
0 0.595 -0.145 0.003254030693 2
0 0.595 -0.135 0.003088100997 2
0 0.595 -0.125 0.002905065385 2
0 0.595 -0.115 0.002703562069 2
0 0.595 -0.105 0.002489120325 2
0 0.595 -0.095 0.00226537107 2
0 0.595 -0.085 0.002029954877 2
0 0.595 -0.075 0.001782825811 2
0 0.595 -0.065 0.001523755634 2
0 0.595 -0.055 0.001254750002 2
0 0.595 -0.045 0.0009781931134 2
0 0.595 -0.035 0.0006965621755 2
0 0.595 -0.025 0.0004121449726 2
0 0.595 -0.015 0.0001268884216 2
0 0.595 -0.005 -0.0001576198681 2
0 0.595 0.005 -0.0004403667239 2
0 0.595 0.015 -0.0007208198571 2
0 0.595 0.025 -0.0009994659773 2
0 0.595 0.035 -0.001277577474 2
0 0.595 0.045 -0.001554656892 2
0 0.595 0.055 -0.001827566427 2
0 0.595 0.065 -0.00209208139 2
0 0.595 0.075 -0.002344151533 2
0 0.595 0.085 -0.002580906665 2
0 0.595 0.095 -0.002801224621 2
0 0.595 0.105 -0.003006403403 2
0 0.595 0.115 -0.0031989585 2
0 0.595 0.125 -0.003380401982 2
0 0.595 0.135 -0.003551125091 2
0 0.595 0.145 -0.003711255087 2
0 0.595 0.155 -0.003860611259 2
0 0.595 0.165 -0.003998553888 2
0 0.595 0.175 -0.004123875313 2
0 0.595 0.185 -0.004235011051 2
0 0.595 0.195 -0.004330362538 2
0 0.595 0.205 -0.004408006287 2
0 0.595 0.215 -0.004465581119 2
0 0.595 0.225 -0.004500619523 2
0 0.595 0.235 -0.004511274288 2
0 0.595 0.245 -0.004496464219 2
0 0.595 0.255 -0.004455409742 2
0 0.595 0.265 -0.004387198018 2
0 0.595 0.275 -0.004290916304 2
0 0.595 0.285 -0.004165738423 2
0 0.595 0.295 -0.00401095139 2
0 0.595 0.305 -0.003825859995 2
0 0.595 0.315 -0.003609758013 2
0 0.595 0.325 -0.003361833633 2
0 0.595 0.335 -0.003081394969 2
0 0.595 0.345 -0.002767227475 2
0 0.595 0.355 -0.002419673459 2
0 0.595 0.365 -0.00203434514 2
0 0.595 0.375 -0.001621589049 2
0 0.595 0.385 -0.001146663717 2
0 0.595 0.395 -0.00071403062 2
0 0.595 0.405 0 2
0 0.595 0.415 0 2
0 0.595 0.425 0 2
0 0.595 0.435 0 2
0 0.595 0.445 0 2
0 0.595 0.455 0 2
0 0.595 0.465 0 2
0 0.605 -0.455 0 2
0 0.605 -0.445 0 2
0 0.605 -0.435 0 2
0 0.605 -0.425 0 2
0 0.605 -0.415 0 2
0 0.605 -0.405 0 2
0 0.605 -0.395 0.0006481522209 2
0 0.605 -0.385 0.001038546338 2
0 0.605 -0.375 0.001465598334 2
0 0.605 -0.365 0.001834189309 2
0 0.605 -0.355 0.002175968743 2
0 0.605 -0.345 0.002481616281 2
0 0.605 -0.335 0.00275518116 2
0 0.605 -0.325 0.002996471019 2
0 0.605 -0.315 0.003206394487 2
0 0.605 -0.305 0.003385284523 2
0 0.605 -0.295 0.003533418678 2
0 0.605 -0.285 0.003650932221 2
0 0.605 -0.275 0.003738583377 2
0 0.605 -0.265 0.003798214199 2
0 0.605 -0.255 0.003833016712 2
0 0.605 -0.245 0.003846913888 2
0 0.605 -0.235 0.003843197931 2
0 0.605 -0.225 0.003823527903 2
0 0.605 -0.215 0.003788050171 2
0 0.605 -0.205 0.00373593125 2
0 0.605 -0.195 0.003666516664 2
0 0.605 -0.185 0.003579538792 2
0 0.605 -0.175 0.003475343331 2
0 0.605 -0.165 0.00335496283 2
0 0.605 -0.155 0.003219533815 2
0 0.605 -0.145 0.00306965664 2
0 0.605 -0.135 0.002904909157 2
0 0.605 -0.125 0.002725031774 2
0 0.605 -0.115 0.002531516647 2
0 0.605 -0.105 0.002327404881 2
0 0.605 -0.095 0.002115136562 2
0 0.605 -0.085 0.001894871847 2
0 0.605 -0.075 0.001665385064 2
0 0.605 -0.065 0.00142637125 2
0 0.605 -0.055 0.001178818581 2
0 0.605 -0.045 0.0009243081343 2
0 0.605 -0.035 0.0006647295874 2
0 0.605 -0.025 0.000401901333 2
0 0.605 -0.015 0.0001373954153 2
0 0.605 -0.005 -0.0001275667751 2
0 0.605 0.005 -0.0003922652122 2
0 0.605 0.015 -0.0006564899838 2
0 0.605 0.025 -0.0009205225745 2
0 0.605 0.035 -0.001184808836 2
0 0.605 0.045 -0.001448630935 2
0 0.605 0.055 -0.001709206756 2
0 0.605 0.065 -0.001962324295 2
0 0.605 0.075 -0.002203480724 2
0 0.605 0.085 -0.002429408847 2
0 0.605 0.095 -0.002638754242 2
0 0.605 0.105 -0.002832395876 2
0 0.605 0.115 -0.003012385938 2
0 0.605 0.125 -0.003180645624 2
0 0.605 0.135 -0.003338561212 2
0 0.605 0.145 -0.003486952553 2
0 0.605 0.155 -0.003626189968 2
0 0.605 0.165 -0.003756124307 2
0 0.605 0.175 -0.003875903591 2
0 0.605 0.185 -0.003983629678 2
0 0.605 0.195 -0.004076691659 2
0 0.605 0.205 -0.004152363978 2
0 0.605 0.215 -0.004208292258 2
0 0.605 0.225 -0.004242404746 2
0 0.605 0.235 -0.004253143428 2
0 0.605 0.245 -0.0042394738 2
0 0.605 0.255 -0.004200642076 2
0 0.605 0.265 -0.004135961975 2
0 0.605 0.275 -0.004044765279 2
0 0.605 0.285 -0.003926395223 2
0 0.605 0.295 -0.003780210706 2
0 0.605 0.305 -0.00360555559 2
0 0.605 0.315 -0.003401757743 2
0 0.605 0.325 -0.003168049624 2
0 0.605 0.335 -0.002903777206 2
0 0.605 0.345 -0.002607786976 2
0 0.605 0.355 -0.00228038471 2
0 0.605 0.365 -0.001917399126 2
0 0.605 0.375 -0.001528558067 2
0 0.605 0.385 -0.001081021862 2
0 0.605 0.395 -0.0006733288616 2
0 0.605 0.405 0 2
0 0.605 0.415 0 2
0 0.605 0.425 0 2
0 0.605 0.435 0 2
0 0.605 0.445 0 2
0 0.605 0.455 0 2
0 0.605 0.465 0 2
0 0.615 -0.455 0 2
0 0.615 -0.445 0 2
0 0.615 -0.435 0 2
0 0.615 -0.425 0 2
0 0.615 -0.415 0 2
0 0.615 -0.405 0 2
0 0.615 -0.395 0.0006078372153 2
0 0.615 -0.385 0.0009735406369 2
0 0.615 -0.375 0.001373536975 2
0 0.615 -0.365 0.001718592216 2
0 0.615 -0.355 0.002038459583 2
0 0.615 -0.345 0.002324409109 2
0 0.615 -0.335 0.00258028422 2
0 0.615 -0.325 0.002805878326 2
0 0.615 -0.315 0.00300219076 2
0 0.615 -0.305 0.003169697895 2
0 0.615 -0.295 0.003308868458 2
0 0.615 -0.285 0.003420121401 2
0 0.615 -0.275 0.003504280719 2
0 0.615 -0.265 0.003562914403 2
0 0.615 -0.255 0.003598539766 2
0 0.615 -0.245 0.003614114664 2
0 0.615 -0.235 0.00361222512 2
0 0.615 -0.225 0.003594386556 2
0 0.615 -0.215 0.00356103574 2
0 0.615 -0.205 0.003511928324 2
0 0.615 -0.195 0.003446642565 2
0 0.615 -0.185 0.003364780012 2
0 0.615 -0.175 0.003266253734 2
0 0.615 -0.165 0.00315156151 2
0 0.615 -0.155 0.003021584317 2
0 0.615 -0.145 0.002877113789 2
0 0.615 -0.135 0.002718633628 2
0 0.615 -0.125 0.002546944346 2
0 0.615 -0.115 0.002363828788 2
0 0.615 -0.105 0.00217169723 2
0 0.615 -0.095 0.001972294432 2
0 0.615 -0.085 0.001765942852 2
0 0.615 -0.075 0.001552158032 2
0 0.615 -0.065 0.001330788122 2
0 0.615 -0.055 0.001102322341 2
0 0.615 -0.045 0.0008677578631 2
0 0.615 -0.035 0.0006283892178 2
0 0.615 -0.025 0.0003855336612 2
0 0.615 -0.015 0.0001403490503 2
0 0.615 -0.005 -0.0001062944369 2
0 0.615 0.005 -0.0003538949108 2
0 0.615 0.015 -0.0006023146248 2
0 0.615 0.025 -0.0008515789457 2
0 0.615 0.035 -0.001101413934 2
0 0.615 0.045 -0.001350536799 2
0 0.615 0.055 -0.001596224738 2
0 0.615 0.065 -0.001834718323 2
0 0.615 0.075 -0.002061865791 2
0 0.615 0.085 -0.002274533936 2
0 0.615 0.095 -0.002471048934 2
0 0.615 0.105 -0.002652125418 2
0 0.615 0.115 -0.002817716882 2
0 0.615 0.125 -0.00297032354 2
0 0.615 0.135 -0.003111944855 2
0 0.615 0.145 -0.003245418117 2
0 0.615 0.155 -0.003373957125 2
0 0.615 0.165 -0.003497225179 2
0 0.615 0.175 -0.00361398863 2
0 0.615 0.185 -0.003718898322 2
0 0.615 0.195 -0.003810057147 2
0 0.615 0.205 -0.003884092731 2
0 0.615 0.215 -0.003938662201 2
0 0.615 0.225 -0.003972085856 2
0 0.615 0.235 -0.003983088898 2
0 0.615 0.245 -0.003970824118 2
0 0.615 0.255 -0.003934661343 2
0 0.615 0.265 -0.003874064781 2
0 0.615 0.275 -0.00378851622 2
0 0.615 0.285 -0.003677487067 2
0 0.615 0.295 -0.003540429201 2
0 0.615 0.305 -0.003376755012 2
0 0.615 0.315 -0.003185847248 2
0 0.615 0.325 -0.002966991953 2
0 0.615 0.335 -0.0027195754 2
0 0.615 0.345 -0.002442506299 2
0 0.615 0.355 -0.0021360522 2
0 0.615 0.365 -0.001796265571 2
0 0.615 0.375 -0.001432233917 2
0 0.615 0.385 -0.001013083646 2
0 0.615 0.395 -0.0006312228248 2
0 0.615 0.405 0 2
0 0.615 0.415 0 2
0 0.615 0.425 0 2
0 0.615 0.435 0 2
0 0.615 0.445 0 2
0 0.615 0.455 0 2
0 0.615 0.465 0 2
0 0.625 -0.455 0 2
0 0.625 -0.445 0 2
0 0.625 -0.435 0 2
0 0.625 -0.425 0 2
0 0.625 -0.415 0 2
0 0.625 -0.405 0 2
0 0.625 -0.395 0.0005659553721 2
0 0.625 -0.385 0.0009059601869 2
0 0.625 -0.375 0.001277765877 2
0 0.625 -0.365 0.001598268704 2
0 0.625 -0.355 0.001895274425 2
0 0.625 -0.345 0.002160682466 2
0 0.625 -0.335 0.002398115145 2
0 0.625 -0.325 0.002607389782 2
0 0.625 -0.315 0.002789505243 2
0 0.625 -0.305 0.002945003087 2
0 0.625 -0.295 0.003074503528 2
0 0.625 -0.285 0.003178642572 2
0 0.625 -0.275 0.003258342569 2
0 0.625 -0.265 0.003314994418 2
0 0.625 -0.255 0.003350518708 2
0 0.625 -0.245 0.003367100287 2
0 0.625 -0.235 0.003366740224 2
0 0.625 -0.225 0.003350818763 2
0 0.625 -0.215 0.003319966249 2
0 0.625 -0.205 0.003274203453 2
0 0.625 -0.195 0.00321324413 2
0 0.625 -0.185 0.003136776995 2
0 0.625 -0.175 0.003044714969 2
0 0.625 -0.165 0.00293734055 2
0 0.625 -0.155 0.002815256632 2
0 0.625 -0.145 0.002679227565 2
0 0.625 -0.135 0.002530157078 2
0 0.625 -0.125 0.002369273059 2
0 0.625 -0.115 0.002198236959 2
0 0.625 -0.105 0.002018885826 2
0 0.625 -0.095 0.00183262221 2
0 0.625 -0.085 0.00164005826 2
0 0.625 -0.075 0.001441255403 2
0 0.625 -0.065 0.001236241863 2
0 0.625 -0.055 0.001025322556 2
0 0.625 -0.045 0.0008091360772 2
0 0.625 -0.035 0.0005885325648 2
0 0.625 -0.025 0.0003644039926 2
0 0.625 -0.015 0.0001375400264 2
0 0.625 -0.005 -9.147300366e-05 2
0 0.625 0.005 -0.0003222836955 2
0 0.625 0.015 -0.0005547060778 2
0 0.625 0.025 -0.0007885123532 2
0 0.625 0.035 -0.001023042211 2
0 0.625 0.045 -0.001256788939 2
0 0.625 0.055 -0.001487116177 2
0 0.625 0.065 -0.001710480549 2
0 0.625 0.075 -0.001922758137 2
0 0.625 0.085 -0.002121993473 2
0 0.625 0.095 -0.002303969925 2
0 0.625 0.105 -0.002470040525 2
0 0.625 0.115 -0.00261764297 2
0 0.625 0.125 -0.002750297501 2
0 0.625 0.135 -0.002872838293 2
0 0.625 0.145 -0.002989742472 2
0 0.625 0.155 -0.003107113928 2
0 0.625 0.165 -0.003224475232 2
0 0.625 0.175 -0.003340165569 2
0 0.625 0.185 -0.003444892589 2
0 0.625 0.195 -0.003534580309 2
0 0.625 0.205 -0.003607060111 2
0 0.625 0.215 -0.00366013045 2
0 0.625 0.225 -0.003692716677 2
0 0.625 0.235 -0.003703873917 2
0 0.625 0.245 -0.003692999269 2
0 0.625 0.255 -0.003659612552 2
0 0.625 0.265 -0.003603307878 2
0 0.625 0.275 -0.003523684933 2
0 0.625 0.285 -0.003420320992 2
0 0.625 0.295 -0.003292755469 2
0 0.625 0.305 -0.003140473728 2
0 0.625 0.315 -0.002962920296 2
0 0.625 0.325 -0.002759439751 2
0 0.625 0.335 -0.00252946062 2
0 0.625 0.345 -0.002271954909 2
0 0.625 0.355 -0.001987149498 2
0 0.625 0.365 -0.001671325953 2
0 0.625 0.375 -0.001332910017 2
0 0.625 0.385 -0.000943050973 2
0 0.625 0.395 -0.0005878351463 2
0 0.625 0.405 0 2
0 0.625 0.415 0 2
0 0.625 0.425 0 2
0 0.625 0.435 0 2
0 0.625 0.445 0 2
0 0.625 0.455 0 2
0 0.625 0.465 0 2
0 0.635 -0.455 0 2
0 0.635 -0.445 0 2
0 0.635 -0.435 0 2
0 0.635 -0.425 0 2
0 0.635 -0.415 0 2
0 0.635 -0.405 0 2
0 0.635 -0.395 0.0005227366106 2
0 0.635 -0.385 0.0008361899419 2
0 0.635 -0.375 0.001178849992 2
0 0.635 -0.365 0.001473950327 2
0 0.635 -0.355 0.00174730095 2
0 0.635 -0.345 0.001991465917 2
0 0.635 -0.335 0.002209842948 2
0 0.635 -0.325 0.002402299404 2
0 0.635 -0.315 0.002569804629 2
0 0.635 -0.305 0.002712921227 2
0 0.635 -0.295 0.002832326957 2
0 0.635 -0.285 0.002928740494 2
0 0.635 -0.275 0.003003104132 2
0 0.635 -0.265 0.0030566731 2
0 0.635 -0.255 0.003091024342 2
0 0.635 -0.245 0.003107881458 2
0 0.635 -0.235 0.003108830955 2
0 0.635 -0.225 0.003095046956 2
0 0.635 -0.215 0.003067172082 2
0 0.635 -0.205 0.003025367272 2
0 0.635 -0.195 0.002969488527 2
0 0.635 -0.185 0.002899301211 2
0 0.635 -0.175 0.002814689195 2
0 0.635 -0.165 0.002715800917 2
0 0.635 -0.155 0.002603088785 2
0 0.635 -0.145 0.002477276289 2
0 0.635 -0.135 0.002339342551 2
0 0.635 -0.125 0.002190548273 2
0 0.635 -0.115 0.002032392143 2
0 0.635 -0.105 0.001866397742 2
0 0.635 -0.095 0.001693787631 2
0 0.635 -0.085 0.001515299585 2
0 0.635 -0.075 0.001331285112 2
0 0.635 -0.065 0.001141970776 2
0 0.635 -0.055 0.0009476591004 2
0 0.635 -0.045 0.0007488016963 2
0 0.635 -0.035 0.0005459598584 2
0 0.635 -0.025 0.0003397129969 2
0 0.635 -0.015 0.0001305660122 2
0 0.635 -0.005 -8.111195036e-05 2
0 0.635 0.005 -0.0002950848127 2
0 0.635 0.015 -0.0005111587016 2
0 0.635 0.025 -0.0007289908058 2
0 0.635 0.035 -0.0009477475147 2
0 0.635 0.045 -0.001165949807 2
0 0.635 0.055 -0.00138100119 2
0 0.635 0.065 -0.001589321631 2
0 0.635 0.075 -0.001788127555 2
0 0.635 0.085 -0.001973730575 2
0 0.635 0.095 -0.002138907 2
0 0.635 0.105 -0.002287680183 2
0 0.635 0.115 -0.00241770641 2
0 0.635 0.125 -0.002528726954 1
0 0.635 0.135 -0.002626121169 1
0 0.635 0.145 -0.002720186987 1
0 0.635 0.155 -0.002832251406 2
0 0.635 0.165 -0.002945917172 2
0 0.635 0.175 -0.003061330213 2
0 0.635 0.185 -0.00316735016 2
0 0.635 0.195 -0.003255043825 2
0 0.635 0.205 -0.003325298114 2
0 0.635 0.215 -0.003376187089 2
0 0.635 0.225 -0.003407360574 2
0 0.635 0.235 -0.003418222346 2
0 0.635 0.245 -0.003408425922 2
0 0.635 0.255 -0.003377645056 2
0 0.635 0.265 -0.003325588424 2
0 0.635 0.275 -0.003251949405 2
0 0.635 0.285 -0.003156388716 2
0 0.635 0.295 -0.003038520686 2
0 0.635 0.305 -0.002897899297 2
0 0.635 0.315 -0.002734030907 2
0 0.635 0.325 -0.002546319601 2
0 0.635 0.335 -0.002334236545 2
0 0.635 0.345 -0.002096817626 2
0 0.635 0.355 -0.001834246669 2
0 0.635 0.365 -0.001543038544 2
0 0.635 0.375 -0.001230937154 2
0 0.635 0.385 -0.0008711635911 2
0 0.635 0.395 -0.0005433101372 2
0 0.635 0.405 0 2
0 0.635 0.415 0 2
0 0.635 0.425 0 2
0 0.635 0.435 0 2
0 0.635 0.445 0 2
0 0.635 0.455 0 2
0 0.635 0.465 0 2
0 0.645 -0.455 0 2
0 0.645 -0.445 0 2
0 0.645 -0.435 0 2
0 0.645 -0.425 0 2
0 0.645 -0.415 0 2
0 0.645 -0.405 0 2
0 0.645 -0.395 0.0004784129617 2
0 0.645 -0.385 0.0007646171801 2
0 0.645 -0.375 0.001077357841 2
0 0.645 -0.365 0.00134637807 2
0 0.645 -0.355 0.001595451021 2
0 0.645 -0.345 0.001817832706 2
0 0.645 -0.335 0.002016693327 2
0 0.645 -0.325 0.002191946088 2
0 0.645 -0.315 0.002344511568 2
0 0.645 -0.305 0.002474944896 2
0 0.645 -0.295 0.002583927651 2
0 0.645 -0.285 0.002672191685 2
0 0.645 -0.275 0.002740650628 2
0 0.645 -0.265 0.002790439318 2
0 0.645 -0.255 0.002822899967 2
0 0.645 -0.245 0.002839458561 2
0 0.645 -0.235 0.002841434562 2
0 0.645 -0.225 0.002829850731 2
0 0.645 -0.215 0.002805325183 2
0 0.645 -0.205 0.002768074661 2
0 0.645 -0.195 0.002718019788 2
0 0.645 -0.185 0.002654948418 2
0 0.645 -0.175 0.002578695231 2
0 0.645 -0.165 0.002489290162 2
0 0.645 -0.155 0.002387042837 2
0 0.645 -0.145 0.002272565887 2
0 0.645 -0.135 0.002146764253 2
0 0.645 -0.125 0.002010799535 2
0 0.645 -0.115 0.001865997788 2
0 0.645 -0.105 0.001713682537 2
0 0.645 -0.095 0.001554980111 2
0 0.645 -0.085 0.001390707726 2
0 0.645 -0.075 0.001221403429 2
0 0.645 -0.065 0.001047450544 2
0 0.645 -0.055 0.0008691963249 2
0 0.645 -0.045 0.0006870131311 2
0 0.645 -0.035 0.0005012953029 2
0 0.645 -0.025 0.0003124161325 2
0 0.645 -0.015 0.0001206787462 2
0 0.645 -0.005 -7.371256979e-05 2
0 0.645 0.005 -0.000270628496 2
0 0.645 0.015 -0.0004699355553 2
0 0.645 0.025 -0.0006713200523 2
0 0.645 0.035 -0.0008740294059 2
0 0.645 0.045 -0.001076808677 2
0 0.645 0.055 -0.001276990818 2
0 0.645 0.065 -0.00147251 2
0 0.645 0.075 -0.001658188138 2
0 0.645 0.085 -0.001828500174 2
0 0.645 0.095 -0.001976081637 2
0 0.645 0.105 -0.002101364545 1
0 0.645 0.115 -0.002204767585 1
0 0.645 0.125 -0.002301049419 1
0 0.645 0.135 -0.002393522872 1
0 0.645 0.145 -0.002480162978 1
0 0.645 0.155 -0.002570428765 1
0 0.645 0.165 -0.002676630569 2
0 0.645 0.175 -0.002786834212 2
0 0.645 0.185 -0.002892247424 2
0 0.645 0.195 -0.002975918245 2
0 0.645 0.205 -0.00304232485 2
0 0.645 0.215 -0.003089804931 2
0 0.645 0.225 -0.003118645178 2
0 0.645 0.235 -0.003128535449 2
0 0.645 0.245 -0.003119331373 2
0 0.645 0.255 -0.003090827349 2
0 0.645 0.265 -0.003042818391 2
0 0.645 0.275 -0.002975067819 2
0 0.645 0.285 -0.002887300971 2
0 0.645 0.295 -0.00277919476 2
0 0.645 0.305 -0.002650365101 2
0 0.645 0.315 -0.002500377519 2
0 0.645 0.325 -0.002328695247 2
0 0.645 0.335 -0.002134832481 2
0 0.645 0.345 -0.001917890159 2
0 0.645 0.355 -0.001678007714 2
0 0.645 0.365 -0.001411937199 2
0 0.645 0.375 -0.001126723141 2
0 0.645 0.385 -0.0007976992191 2
0 0.645 0.395 -0.000497814111 2
0 0.645 0.405 0 2
0 0.645 0.415 0 2
0 0.645 0.425 0 2
0 0.645 0.435 0 2
0 0.645 0.445 0 2
0 0.645 0.455 0 2
0 0.645 0.465 0 2
0 0.655 -0.455 0 2
0 0.655 -0.445 0 2
0 0.655 -0.435 0 2
0 0.655 -0.425 0 2
0 0.655 -0.415 0 2
0 0.655 -0.405 0 2
0 0.655 -0.395 0.0004332269254 2
0 0.655 -0.385 0.000691646409 2
0 0.655 -0.375 0.000973883839 2
0 0.655 -0.365 0.001216330121 2
0 0.655 -0.355 0.00144069125 2
0 0.655 -0.345 0.001640936346 2
0 0.655 -0.335 0.001820005025 2
0 0.655 -0.325 0.001977849767 2
0 0.655 -0.315 0.002115319773 2
0 0.655 -0.305 0.002232926092 2
0 0.655 -0.295 0.002331301092 2
0 0.655 -0.285 0.002411131504 2
0 0.655 -0.275 0.002473266554 2
0 0.655 -0.265 0.0025187377 2
0 0.655 -0.255 0.002548738374 2
0 0.655 -0.245 0.002564526083 2
0 0.655 -0.235 0.002567275661 2
0 0.655 -0.225 0.002557925134 2
0 0.655 -0.215 0.002537068208 2
0 0.655 -0.205 0.00250492613 2
0 0.655 -0.195 0.002461408392 2
0 0.655 -0.185 0.002406244673 2
0 0.655 -0.175 0.002339154259 2
0 0.655 -0.165 0.002260008845 2
0 0.655 -0.155 0.002168949637 2
0 0.655 -0.145 0.002066440552 2
0 0.655 -0.135 0.00195326026 2
0 0.655 -0.125 0.001830443078 2
0 0.655 -0.115 0.001699174023 2
0 0.655 -0.105 0.001560650886 2
0 0.655 -0.095 0.001415948464 2
0 0.655 -0.085 0.001265936177 2
0 0.655 -0.075 0.00111127425 2
0 0.655 -0.065 0.0009524668446 2
0 0.655 -0.055 0.0007899248506 2
0 0.655 -0.045 0.0006240059249 2
0 0.655 -0.035 0.0004550218851 2
0 0.655 -0.025 0.0002832226236 2
0 0.655 -0.015 0.0001087766942 2
0 0.655 -0.005 -6.823749084e-05 2
0 0.655 0.005 -0.0002477977176 2
0 0.655 0.015 -0.000429890152 2
0 0.655 0.025 -0.0006143279882 2
0 0.655 0.035 -0.0008006633448 2
0 0.655 0.045 -0.0009878214565 2
0 0.655 0.055 -0.001172918096 2
0 0.655 0.065 -0.001356451278 2
0 0.655 0.075 -0.001528576765 2
0 0.655 0.085 -0.001679553612 2
0 0.655 0.095 -0.001803915016 1
0 0.655 0.105 -0.00190359056 1
0 0.655 0.115 -0.001997230462 1
0 0.655 0.125 -0.002085619628 1
0 0.655 0.135 -0.002169543677 1
0 0.655 0.145 -0.002246657382 1
0 0.655 0.155 -0.002327655439 1
0 0.655 0.165 -0.002425640339 2
0 0.655 0.175 -0.002526360977 2
0 0.655 0.185 -0.00262419197 2
0 0.655 0.195 -0.002700587529 2
0 0.655 0.205 -0.002760818926 2
0 0.655 0.215 -0.002803371529 2
0 0.655 0.225 -0.00282880811 2
0 0.655 0.235 -0.002836965953 2
0 0.655 0.245 -0.002827800781 2
0 0.655 0.255 -0.00280117209 2
0 0.655 0.265 -0.002756924886 2
0 0.655 0.275 -0.002694868412 2
0 0.655 0.285 -0.002614776126 2
0 0.655 0.295 -0.002516377128 2
0 0.655 0.305 -0.002399343747 2
0 0.655 0.315 -0.002263298849 2
0 0.655 0.325 -0.002107765492 2
0 0.655 0.335 -0.001932302782 2
0 0.655 0.345 -0.001736079541 2
0 0.655 0.355 -0.001519191568 2
0 0.655 0.365 -0.001278632565 2
0 0.655 0.375 -0.001020734024 2
0 0.655 0.385 -0.0007229745443 2
0 0.655 0.395 -0.0004515361177 2
0 0.655 0.405 0 2
0 0.655 0.415 0 2
0 0.655 0.425 0 2
0 0.655 0.435 0 2
0 0.655 0.445 0 2
0 0.655 0.455 0 2
0 0.655 0.465 0 2
0 0.665 -0.455 0 2
0 0.665 -0.445 0 2
0 0.665 -0.435 0 2
0 0.665 -0.425 0 2
0 0.665 -0.415 0 2
0 0.665 -0.405 0 2
0 0.665 -0.395 0.0003874377967 2
0 0.665 -0.385 0.0006177099259 2
0 0.665 -0.375 0.0008690629291 2
0 0.665 -0.365 0.00108463796 2
0 0.665 -0.355 0.001284055678 2
0 0.665 -0.345 0.001462013888 2
0 0.665 -0.335 0.00162121706 2
0 0.665 -0.325 0.00176164526 2
0 0.665 -0.315 0.001884049034 2
0 0.665 -0.305 0.001988854431 2
0 0.665 -0.295 0.002076593358 2
0 0.665 -0.285 0.002147857963 2
0 0.665 -0.275 0.002203405191 2
0 0.665 -0.265 0.002244176123 2
0 0.665 -0.255 0.002271277872 2
0 0.665 -0.245 0.00228589772 2
0 0.665 -0.235 0.002289170042 2
0 0.665 -0.225 0.002282024506 2
0 0.665 -0.215 0.002265059045 2
0 0.665 -0.205 0.002238475873 2
0 0.665 -0.195 0.002202107871 2
0 0.665 -0.185 0.002155537761 2
0 0.665 -0.175 0.002098281176 2
0 0.665 -0.165 0.002029983886 2
0 0.665 -0.155 0.001950577771 2
0 0.665 -0.145 0.001860358124 2
0 0.665 -0.135 0.001759973457 2
0 0.665 -0.125 0.001650348134 2
0 0.665 -0.115 0.001532568056 2
0 0.665 -0.105 0.001407756565 2
0 0.665 -0.095 0.001276966774 2
0 0.665 -0.085 0.001141112551 2
0 0.665 -0.075 0.001000946448 2
0 0.665 -0.065 0.0008570728249 2
0 0.665 -0.055 0.0007099733543 2
0 0.665 -0.045 0.0005600268582 2
0 0.665 -0.035 0.0004075163666 2
0 0.665 -0.025 0.0002526258875 2
0 0.665 -0.015 9.543849833e-05 2
0 0.665 -0.005 -6.406219555e-05 2
0 0.665 0.005 -0.0002259551156 2
0 0.665 0.015 -0.0003903779304 2
0 0.665 0.025 -0.0005573332511 2
0 0.665 0.035 -0.0007269072216 2
0 0.665 0.045 -0.0008982175652 2
0 0.665 0.055 -0.001070473943 2
0 0.665 0.065 -0.001241852044 2
0 0.665 0.075 -0.001395405119 2
0 0.665 0.085 -0.001523925778 1
0 0.665 0.095 -0.001622172016 1
0 0.665 0.105 -0.001709276761 1
0 0.665 0.115 -0.00179310866 1
0 0.665 0.125 -0.001872843026 1
0 0.665 0.135 -0.001949957729 1
0 0.665 0.145 -0.002019551144 1
0 0.665 0.155 -0.002092610277 1
0 0.665 0.165 -0.002183156996 2
0 0.665 0.175 -0.002274909973 2
0 0.665 0.185 -0.002362845628 2
0 0.665 0.195 -0.00242989759 2
0 0.665 0.205 -0.002482131372 2
0 0.665 0.215 -0.002518511202 2
0 0.665 0.225 -0.002539642387 2
0 0.665 0.235 -0.002545413813 2
0 0.665 0.245 -0.002535793724 2
0 0.665 0.255 -0.002510656905 2
0 0.665 0.265 -0.002469866848 2
0 0.665 0.275 -0.002413259922 2
0 0.665 0.285 -0.002340646448 2
0 0.665 0.295 -0.002251801781 2
0 0.665 0.305 -0.002146452685 2
0 0.665 0.315 -0.002024280435 2
0 0.665 0.325 -0.001884871264 2
0 0.665 0.335 -0.001727833891 2
0 0.665 0.345 -0.001552410678 2
0 0.665 0.355 -0.001358657832 2
0 0.665 0.365 -0.001143816778 2
0 0.665 0.375 -0.0009134976467 2
0 0.665 0.385 -0.0006473476148 2
0 0.665 0.395 -0.0004046893755 2
0 0.665 0.405 0 2
0 0.665 0.415 0 2
0 0.665 0.425 0 2
0 0.665 0.435 0 2
0 0.665 0.445 0 2
0 0.665 0.455 0 2
0 0.665 0.465 0 2
0 0.675 -0.455 0 2
0 0.675 -0.445 0 2
0 0.675 -0.435 0 2
0 0.675 -0.425 0 2
0 0.675 -0.415 0 2
0 0.675 -0.405 0 2
0 0.675 -0.395 0.000341327732 2
0 0.675 -0.385 0.0005432779551 2
0 0.675 -0.375 0.0007635848353 2
0 0.675 -0.365 0.0009522031575 2
0 0.675 -0.355 0.00112666395 2
0 0.675 -0.345 0.001282405444 2
0 0.675 -0.335 0.001421893417 2
0 0.675 -0.325 0.001545120336 2
0 0.675 -0.315 0.001652705135 2
0 0.675 -0.305 0.001744940259 2
0 0.675 -0.295 0.001822200069 2
0 0.675 -0.285 0.001884930238 2
0 0.675 -0.275 0.001933765724 2
0 0.675 -0.265 0.001969564225 2
0 0.675 -0.255 0.001993396423 2
0 0.675 -0.245 0.002006464578 2
0 0.675 -0.235 0.002009963803 2
0 0.675 -0.225 0.00200490581 2
0 0.675 -0.215 0.00199194722 2
0 0.675 -0.205 0.001971270864 2
0 0.675 -0.195 0.001942574004 2
0 0.675 -0.185 0.001905191066 2
0 0.675 -0.175 0.001858320814 2
0 0.675 -0.165 0.001801291958 2
0 0.675 -0.155 0.001733780032 2
0 0.675 -0.145 0.001655911518 2
0 0.675 -0.135 0.001568236673 2
0 0.675 -0.125 0.001471616056 2
0 0.675 -0.115 0.001367084508 2
0 0.675 -0.105 0.001255730042 2
0 0.675 -0.095 0.001138604359 2
0 0.675 -0.085 0.001016664636 2
0 0.675 -0.075 0.0008907428093 2
0 0.675 -0.065 0.0007615342694 2
0 0.675 -0.055 0.0006295966477 2
0 0.675 -0.045 0.0004953514617 2
0 0.675 -0.035 0.000359085669 2
0 0.675 -0.025 0.0002209533622 2
0 0.675 -0.015 8.098444588e-05 2
0 0.675 -0.005 -6.090702673e-05 2
0 0.675 0.005 -0.0002048824578 2
0 0.675 0.015 -0.0003512139938 2
0 0.675 0.025 -0.000500071635 2
0 0.675 0.035 -0.0006520633372 2
0 0.675 0.045 -0.0008063490387 2
0 0.675 0.055 -0.0009650901412 2
0 0.675 0.065 -0.001119743442 2
0 0.675 0.075 -0.001252658353 2
0 0.675 0.085 -0.001361162536 1
0 0.675 0.095 -0.001443147418 1
0 0.675 0.105 -0.001519669623 1
0 0.675 0.115 -0.001594324587 1
0 0.675 0.125 -0.001666027297 1
0 0.675 0.135 -0.001734472422 1
0 0.675 0.145 -0.001797115888 1
0 0.675 0.155 -0.001864900877 1
0 0.675 0.165 -0.001950168391 2
0 0.675 0.175 -0.002033123073 2
0 0.675 0.185 -0.002107626397 2
0 0.675 0.195 -0.002163837896 2
0 0.675 0.205 -0.002206925111 2
0 0.675 0.215 -0.002236394054 2
0 0.675 0.225 -0.00225268144 2
0 0.675 0.235 -0.002255654939 2
0 0.675 0.245 -0.002245239191 2
0 0.675 0.255 -0.002221294725 2
0 0.675 0.265 -0.002183686439 2
0 0.675 0.275 -0.002132269292 2
0 0.675 0.285 -0.002066886885 2
0 0.675 0.295 -0.001987360733 2
0 0.675 0.305 -0.001893474628 2
0 0.675 0.315 -0.001784973156 2
0 0.675 0.325 -0.001661512649 2
0 0.675 0.335 -0.001522759836 2
0 0.675 0.345 -0.001368040024 2
0 0.675 0.355 -0.001197378299 2
0 0.675 0.365 -0.001008272595 2
0 0.675 0.375 -0.0008056103667 2
0 0.675 0.385 -0.0005712221707 2
0 0.675 0.395 -0.0003575137177 2
0 0.675 0.405 0 2
0 0.675 0.415 0 2
0 0.675 0.425 0 2
0 0.675 0.435 0 2
0 0.675 0.445 0 2
0 0.675 0.455 0 2
0 0.675 0.465 0 2
0 0.685 -0.455 0 2
0 0.685 -0.445 0 2
0 0.685 -0.435 0 2
0 0.685 -0.425 0 2
0 0.685 -0.415 0 2
0 0.685 -0.405 0 2
0 0.685 -0.395 0.0002952089745 2
0 0.685 -0.385 0.0004688711606 2
0 0.685 -0.375 0.0006582119065 2
0 0.685 -0.365 0.0008200182118 2
0 0.685 -0.355 0.0009697424829 2
0 0.685 -0.345 0.0011035726 2
0 0.685 -0.335 0.001223736439 2
0 0.685 -0.325 0.00133022325 2
0 0.685 -0.315 0.001423482705 2
0 0.685 -0.305 0.00150361523 2
0 0.685 -0.295 0.001570769187 2
0 0.685 -0.285 0.001625181728 2
0 0.685 -0.275 0.001667327245 2
0 0.685 -0.265 0.001697977729 2
0 0.685 -0.255 0.001718207141 2
0 0.685 -0.245 0.001729310955 2
0 0.685 -0.235 0.001732650551 2
0 0.685 -0.225 0.001729430399 2
0 0.685 -0.215 0.001720452666 2
0 0.685 -0.205 0.001705908271 2
0 0.685 -0.195 0.001685305917 2
0 0.685 -0.185 0.001657612951 2
0 0.685 -0.175 0.001621566934 2
0 0.685 -0.165 0.00157606322 2
0 0.685 -0.155 0.001520472452 2
0 0.685 -0.145 0.001454778699 2
0 0.685 -0.135 0.001379501562 2
0 0.685 -0.125 0.001295504212 2
0 0.685 -0.115 0.001203816333 2
0 0.685 -0.105 0.001105514616 2
0 0.685 -0.095 0.001001658619 2
0 0.685 -0.085 0.0008932494916 2
0 0.685 -0.075 0.0007811965165 2
0 0.685 -0.065 0.0006662870549 2
0 0.685 -0.055 0.0005491618759 2
0 0.685 -0.045 0.0004302988901 2
0 0.685 -0.035 0.0003100065151 2
0 0.685 -0.025 0.000188426429 2
0 0.685 -0.015 6.555006383e-05 2
0 0.685 -0.005 -5.876468329e-05 2
0 0.685 0.005 -0.000184744276 2
0 0.685 0.015 -0.0003127592293 2
0 0.685 0.025 -0.0004431027413 2
0 0.685 0.035 -0.0005768489802 2
0 0.685 0.045 -0.0007133727797 2
0 0.685 0.055 -0.0008589883119 2
0 0.685 0.065 -0.0009985154994 2
0 0.685 0.075 -0.001116349878 1
0 0.685 0.085 -0.001199177798 1
0 0.685 0.095 -0.001267769278 1
0 0.685 0.105 -0.001335803383 1
0 0.685 0.115 -0.001402198235 1
0 0.685 0.125 -0.001466166503 1
0 0.685 0.135 -0.001527116245 1
0 0.685 0.145 -0.001583614477 1
0 0.685 0.155 -0.001645203733 1
0 0.685 0.165 -0.001723732087 2
0 0.685 0.175 -0.001796466681 2
0 0.685 0.185 -0.001856462288 2
0 0.685 0.195 -0.001901624878 2
0 0.685 0.205 -0.0019355238 2
0 0.685 0.215 -0.001958043067 2
0 0.685 0.225 -0.001969425441 2
0 0.685 0.235 -0.00196950366 2
0 0.685 0.245 -0.001958153516 2
0 0.685 0.255 -0.001935221316 2
0 0.685 0.265 -0.001900575535 2
0 0.685 0.275 -0.001854093566 2
0 0.685 0.285 -0.001795657122 2
0 0.685 0.295 -0.001725139714 2
0 0.685 0.305 -0.001642389229 2
0 0.685 0.315 -0.001547222235 2
0 0.685 0.325 -0.001439375678 2
0 0.685 0.335 -0.001318586677 2
0 0.685 0.345 -0.001184277228 2
0 0.685 0.355 -0.001036455253 2
0 0.685 0.365 -0.0008728878875 2
0 0.685 0.375 -0.000697747636 2
0 0.685 0.385 -0.0004950543584 2
0 0.685 0.395 -0.0003102792662 2
0 0.685 0.405 0 2
0 0.685 0.415 0 2
0 0.685 0.425 0 2
0 0.685 0.435 0 2
0 0.685 0.445 0 2
0 0.685 0.455 0 2
0 0.685 0.465 0 2
0 0.695 -0.455 0 2
0 0.695 -0.445 0 2
0 0.695 -0.435 0 2
0 0.695 -0.425 0 2
0 0.695 -0.415 0 2
0 0.695 -0.405 0 2
0 0.695 -0.395 0.0002494336001 2
0 0.695 -0.385 0.0003950780312 2
0 0.695 -0.375 0.0005538041273 2
0 0.695 -0.365 0.0006891957677 2
0 0.695 -0.355 0.0008146540747 2
0 0.695 -0.345 0.0009271254024 2
0 0.695 -0.335 0.001028610991 2
0 0.695 -0.325 0.001119086359 2
0 0.695 -0.315 0.001198791295 2
0 0.695 -0.305 0.001267562179 2
0 0.695 -0.295 0.00132523434 2
0 0.695 -0.285 0.001371757191 2
0 0.695 -0.275 0.001407392829 2
0 0.695 -0.265 0.001432812287 2
0 0.695 -0.255 0.001449117966 2
0 0.695 -0.245 0.001457766202 2
0 0.695 -0.235 0.001460398429 2
0 0.695 -0.225 0.00145855784 2
0 0.695 -0.215 0.001453339843 2
0 0.695 -0.205 0.001445022117 2
0 0.695 -0.195 0.001432875102 2
0 0.695 -0.185 0.001415339185 2
0 0.695 -0.175 0.001390480814 2
0 0.695 -0.165 0.001356595622 2
0 0.695 -0.155 0.001312700096 2
0 0.695 -0.145 0.0012587202 2
0 0.695 -0.135 0.00119528082 2
0 0.695 -0.125 0.001123341981 2
0 0.695 -0.115 0.001043960341 2
0 0.695 -0.105 0.0009581918151 2
0 0.695 -0.095 0.0008670895683 2
0 0.695 -0.085 0.0007716960785 2
0 0.695 -0.075 0.0006730059876 2
0 0.695 -0.065 0.0005719104389 2
0 0.695 -0.055 0.0004691449726 2
0 0.695 -0.045 0.0003652538273 2
0 0.695 -0.035 0.0002605734594 2
0 0.695 -0.025 0.000155234577 2
0 0.695 -0.015 4.918567166e-05 2
0 0.695 -0.005 -5.777740957e-05 2
0 0.695 0.005 -0.0001659428255 2
0 0.695 0.015 -0.0002757374972 2
0 0.695 0.025 -0.0003874848564 2
0 0.695 0.035 -0.0005024413905 2
0 0.695 0.045 -0.0006200306004 2
0 0.695 0.055 -0.0007488462519 2
0 0.695 0.065 -0.0008703667756 2
0 0.695 0.075 -0.0009735552196 1
0 0.695 0.085 -0.001043600601 1
0 0.695 0.095 -0.001100896574 1
0 0.695 0.105 -0.001159922967 1
0 0.695 0.115 -0.001217702622 1
0 0.695 0.125 -0.001273301107 1
0 0.695 0.135 -0.001326570292 1
0 0.695 0.145 -0.001378688746 1
0 0.695 0.155 -0.001443403611 2
0 0.695 0.165 -0.001506114104 2
0 0.695 0.175 -0.001563020813 2
0 0.695 0.185 -0.001608571969 2
0 0.695 0.195 -0.001643254837 2
0 0.695 0.205 -0.001668700064 2
0 0.695 0.215 -0.001684802054 2
0 0.695 0.225 -0.001691633271 2
0 0.695 0.235 -0.001689006547 2
0 0.695 0.245 -0.001676775684 2
0 0.695 0.255 -0.00165479428 2
0 0.695 0.265 -0.001622951458 2
0 0.695 0.275 -0.001581160578 2
0 0.695 0.285 -0.001529352656 2
0 0.695 0.295 -0.001467463286 2
0 0.695 0.305 -0.001395414576 2
0 0.695 0.315 -0.001313106329 2
0 0.695 0.325 -0.001220369368 2
0 0.695 0.335 -0.001117027114 2
0 0.695 0.345 -0.001002616434 2
0 0.695 0.355 -0.0008771484201 2
0 0.695 0.365 -0.0007386773241 2
0 0.695 0.375 -0.0005906800185 2
0 0.695 0.385 -0.0004193629825 2
0 0.695 0.395 -0.000263292073 2
0 0.695 0.405 0 2
0 0.695 0.415 0 2
0 0.695 0.425 0 2
0 0.695 0.435 0 2
0 0.695 0.445 0 2
0 0.695 0.455 0 2
0 0.695 0.465 0 2
0 0.705 -0.455 0 2
0 0.705 -0.445 0 2
0 0.705 -0.435 0 2
0 0.705 -0.425 0 2
0 0.705 -0.415 0 2
0 0.705 -0.405 0 2
0 0.705 -0.395 0.0002044062099 2
0 0.705 -0.385 0.000322580123 2
0 0.705 -0.375 0.0004513588847 2
0 0.705 -0.365 0.0005610193377 2
0 0.705 -0.355 0.0006629529029 2
0 0.705 -0.345 0.0007548730459 2
0 0.705 -0.335 0.0008385846657 2
0 0.705 -0.325 0.0009140540817 2
0 0.705 -0.315 0.0009812727995 2
0 0.705 -0.305 0.001039724163 2
0 0.705 -0.295 0.001088818327 2
0 0.705 -0.285 0.001128117417 2
0 0.705 -0.275 0.001157606167 2
0 0.705 -0.265 0.001177829106 2
0 0.705 -0.255 0.001189933461 2
0 0.705 -0.245 0.001195599857 2
0 0.705 -0.235 0.001196861928 2
0 0.705 -0.225 0.001195751334 2
0 0.705 -0.215 0.001193842609 2
0 0.705 -0.205 0.00119161916 2
0 0.705 -0.195 0.001188068787 2
0 0.705 -0.185 0.001180942412 2
0 0.705 -0.175 0.001167413482 2
0 0.705 -0.165 0.001144986087 2
0 0.705 -0.155 0.001112273007 2
0 0.705 -0.145 0.001069291092 2
0 0.705 -0.135 0.00101696769 2
0 0.705 -0.125 0.0009564426802 2
0 0.705 -0.115 0.0008887835322 2
0 0.705 -0.105 0.0008149696294 2
0 0.705 -0.095 0.000736010686 2
0 0.705 -0.085 0.0006529927752 2
0 0.705 -0.075 0.0005670217566 2
0 0.705 -0.065 0.0004791211915 2
0 0.705 -0.055 0.0003901396149 2
0 0.705 -0.045 0.0003006955785 2
0 0.705 -0.035 0.000211151966 2
0 0.705 -0.025 0.0001216163754 2
0 0.705 -0.015 3.196949963e-05 2
0 0.705 -0.005 -5.808961601e-05 2
0 0.705 0.005 -0.0001489457623 2
0 0.705 0.015 -0.000241090528 2
0 0.705 0.025 -0.0003348455135 2
0 0.705 0.035 -0.0004314564041 2
0 0.705 0.045 -0.0005303806402 2
0 0.705 0.055 -0.0006421196049 2
0 0.705 0.065 -0.000746430393 2
0 0.705 0.075 -0.0008344538416 1
0 0.705 0.085 -0.0008918683282 1
0 0.705 0.095 -0.000940447474 1
0 0.705 0.105 -0.0009926834337 1
0 0.705 0.115 -0.001041676095 1
0 0.705 0.125 -0.001089311302 1
0 0.705 0.135 -0.001135637694 1
0 0.705 0.145 -0.001183201218 1
0 0.705 0.155 -0.001238740758 2
0 0.705 0.165 -0.001286626415 2
0 0.705 0.175 -0.001329428596 2
0 0.705 0.185 -0.00136369231 2
0 0.705 0.195 -0.00138964517 2
0 0.705 0.205 -0.001407973894 2
0 0.705 0.215 -0.00141860226 2
0 0.705 0.225 -0.001421527036 2
0 0.705 0.235 -0.001416593801 2
0 0.705 0.245 -0.001403680336 2
0 0.705 0.255 -0.001382680079 2
0 0.705 0.265 -0.001353526979 2
0 0.705 0.275 -0.001316188148 2
0 0.705 0.285 -0.001270657531 2
0 0.705 0.295 -0.001216944098 2
0 0.705 0.305 -0.001155054843 2
0 0.705 0.315 -0.001084984514 2
0 0.705 0.325 -0.001006672005 2
0 0.705 0.335 -0.0009200452041 2
0 0.705 0.345 -0.0008247778871 2
0 0.705 0.355 -0.0007209115806 2
0 0.705 0.365 -0.0006068121925 2
0 0.705 0.375 -0.0004852952198 2
0 0.705 0.385 -0.0003447433294 2
0 0.705 0.395 -0.000216901413 2
0 0.705 0.405 0 2
0 0.705 0.415 0 2
0 0.705 0.425 0 2
0 0.705 0.435 0 2
0 0.705 0.445 0 2
0 0.705 0.455 0 2
0 0.705 0.465 0 2
0 0.715 -0.455 0 2
0 0.715 -0.445 0 2
0 0.715 -0.435 0 2
0 0.715 -0.425 0 2
0 0.715 -0.415 0 2
0 0.715 -0.405 0 2
0 0.715 -0.395 0.0001606017569 2
0 0.715 -0.385 0.0002521872012 2
0 0.715 -0.375 0.0003520638412 2
0 0.715 -0.365 0.0004370042759 2
0 0.715 -0.355 0.0005164398085 2
0 0.715 -0.345 0.0005888620202 2
0 0.715 -0.335 0.0006559495428 2
0 0.715 -0.325 0.0007176999527 2
0 0.715 -0.315 0.0007738270291 2
0 0.715 -0.305 0.0008233402928 2
0 0.715 -0.295 0.0008650691383 2
0 0.715 -0.285 0.0008980624763 2
0 0.715 -0.275 0.0009219588976 2
0 0.715 -0.265 0.0009371645409 2
0 0.715 -0.255 0.0009448947541 2
0 0.715 -0.245 0.0009470061012 2
0 0.715 -0.235 0.0009459340318 2
0 0.715 -0.225 0.0009443597025 2
0 0.715 -0.215 0.0009447660788 2
0 0.715 -0.205 0.0009482597679 2
0 0.715 -0.195 0.0009535715196 2
0 0.715 -0.185 0.0009574361161 2
0 0.715 -0.175 0.0009555333676 2
0 0.715 -0.165 0.000944146358 2
0 0.715 -0.155 0.0009214593307 2
0 0.715 -0.145 0.0008880858154 2
0 0.715 -0.135 0.0008457999142 2
0 0.715 -0.125 0.0007960072374 2
0 0.715 -0.115 0.00073957662 2
0 0.715 -0.105 0.000677160141 2
0 0.715 -0.095 0.000609667885 2
0 0.715 -0.085 0.0005382664508 2
0 0.715 -0.075 0.0004642339097 2
0 0.715 -0.065 0.0003887768048 2
0 0.715 -0.055 0.0003128789989 2
0 0.715 -0.045 0.0002372387294 2
0 0.715 -0.035 0.0001622394747 2
0 0.715 -0.025 8.79466492e-05 2
0 0.715 -0.015 1.413308793e-05 2
0 0.715 -0.005 -5.966178339e-05 2
0 0.715 0.005 -0.0001339964417 2
0 0.715 0.015 -0.0002094900137 2
0 0.715 0.025 -0.0002864768135 2
0 0.715 0.035 -0.0003659359106 2
0 0.715 0.045 -0.0004469864976 2
0 0.715 0.055 -0.0005375845721 2
0 0.715 0.065 -0.0006253337726 2
0 0.715 0.075 -0.0007034538179 1
0 0.715 0.085 -0.0007541769163 1
0 0.715 0.095 -0.0007923434582 1
0 0.715 0.105 -0.0008320834413 1
0 0.715 0.115 -0.000875136947 1
0 0.715 0.125 -0.0009198340231 1
0 0.715 0.135 -0.0009589975346 1
0 0.715 0.145 -0.0009982557515 2
0 0.715 0.155 -0.001033239628 2
0 0.715 0.165 -0.001068281864 2
0 0.715 0.175 -0.001100063701 2
0 0.715 0.185 -0.001124596717 2
0 0.715 0.195 -0.001143440132 2
0 0.715 0.205 -0.001155980433 2
0 0.715 0.215 -0.001162163772 2
0 0.715 0.225 -0.00116192725 2
0 0.715 0.235 -0.001155180043 2
0 0.715 0.245 -0.001141858022 2
0 0.715 0.255 -0.00112192132 2
0 0.715 0.265 -0.001095369605 2
0 0.715 0.275 -0.001062238993 2
0 0.715 0.285 -0.001022597587 2
0 0.715 0.295 -0.0009765365014 2
0 0.715 0.305 -0.0009241556465 2
0 0.715 0.315 -0.0008655539608 2
0 0.715 0.325 -0.0008007908315 2
0 0.715 0.335 -0.0007299166768 2
0 0.715 0.345 -0.00065276644 2
0 0.715 0.355 -0.0005694461291 2
0 0.715 0.365 -0.0004786657225 2
0 0.715 0.375 -0.0003826328968 2
0 0.715 0.385 -0.0002718901383 2
0 0.715 0.395 -0.0001715127284 2
0 0.715 0.405 0 2
0 0.715 0.415 0 2
0 0.715 0.425 0 2
0 0.715 0.435 0 2
0 0.715 0.445 0 2
0 0.715 0.455 0 2
0 0.715 0.465 0 2
0 0.725 -0.455 0 2
0 0.725 -0.445 0 2
0 0.725 -0.435 0 2
0 0.725 -0.425 0 2
0 0.725 -0.415 0 2
0 0.725 -0.405 0 2
0 0.725 -0.395 0.0001185786025 2
0 0.725 -0.385 0.0001848738866 2
0 0.725 -0.375 0.0002573720065 2
0 0.725 -0.365 0.0003190244623 2
0 0.725 -0.355 0.0003773430279 2
0 0.725 -0.345 0.0004315869044 2
0 0.725 -0.335 0.0004834149717 2
0 0.725 -0.325 0.0005329480088 2
0 0.725 -0.315 0.0005796276456 2
0 0.725 -0.305 0.000621851788 2
0 0.725 -0.295 0.0006576851876 2
0 0.725 -0.285 0.0006855304181 2
0 0.725 -0.275 0.0007046238499 2
0 0.725 -0.265 0.000715249116 2
0 0.725 -0.255 0.0007186593264 2
0 0.725 -0.245 0.0007169289167 2
0 0.725 -0.235 0.0007130373656 2
0 0.725 -0.225 0.0007105077228 2
0 0.725 -0.215 0.000712664939 2
0 0.725 -0.205 0.0007209550285 2
0 0.725 -0.195 0.0007336577747 2
0 0.725 -0.185 0.0007467157456 2
0 0.725 -0.175 0.0007549834677 2
0 0.725 -0.165 0.0007536066113 2
0 0.725 -0.155 0.0007400598805 2
0 0.725 -0.145 0.000715474177 2
0 0.725 -0.135 0.0006826408029 2
0 0.725 -0.125 0.0006433058253 2
0 0.725 -0.115 0.0005978642558 2
0 0.725 -0.105 0.0005463757245 2
0 0.725 -0.095 0.0004895649262 2
0 0.725 -0.085 0.000428843291 2
0 0.725 -0.075 0.0003657997981 2
0 0.725 -0.065 0.0003018976316 2
0 0.725 -0.055 0.0002382637555 2
0 0.725 -0.045 0.0001756672116 2
0 0.725 -0.035 0.0001145060899 2
0 0.725 -0.025 5.479179454e-05 2
0 0.725 -0.015 -3.85355767e-06 2
0 0.725 -0.005 -6.21349932e-05 2
0 0.725 0.005 -0.000120905263 2
0 0.725 0.015 -0.000181048772 2
0 0.725 0.025 -0.0002430637601 2
0 0.725 0.035 -0.0003077841161 2
0 0.725 0.045 -0.0003740057659 2
0 0.725 0.055 -0.0004471581896 2
0 0.725 0.065 -0.0005161674597 2
0 0.725 0.075 -0.0005769940031 1
0 0.725 0.085 -0.0006201733328 1
0 0.725 0.095 -0.0006561316133 1
0 0.725 0.105 -0.000691979403 1
0 0.725 0.115 -0.0007269675108 1
0 0.725 0.125 -0.0007585870686 1
0 0.725 0.135 -0.0007841440855 2
0 0.725 0.145 -0.0008023380954 2
0 0.725 0.155 -0.0008248240985 2
0 0.725 0.165 -0.0008514474656 2
0 0.725 0.175 -0.0008758209737 2
0 0.725 0.185 -0.0008944797726 2
0 0.725 0.195 -0.0009080487958 2
0 0.725 0.205 -0.000916164219 2
0 0.725 0.215 -0.000918899711 2
0 0.725 0.225 -0.0009162362946 2
0 0.725 0.235 -0.0009081772062 2
0 0.725 0.245 -0.000894739845 2
0 0.725 0.255 -0.0008759666416 2
0 0.725 0.265 -0.0008519347156 2
0 0.725 0.275 -0.0008227570125 2
0 0.725 0.285 -0.000788580627 2
0 0.725 0.295 -0.0007495816135 2
0 0.725 0.305 -0.0007059549446 2
0 0.725 0.315 -0.0006579071988 2
0 0.725 0.325 -0.0006056253006 2
0 0.725 0.335 -0.0005492964738 2
0 0.725 0.345 -0.0004889399702 2
0 0.725 0.355 -0.0004247655091 2
0 0.725 0.365 -0.0003558679545 2
0 0.725 0.375 -0.0002839256884 2
0 0.725 0.385 -0.0002016221784 2
0 0.725 0.395 -0.000127599091 2
0 0.725 0.405 0 2
0 0.725 0.415 0 2
0 0.725 0.425 0 2
0 0.725 0.435 0 2
0 0.725 0.445 0 2
0 0.725 0.455 0 2
0 0.725 0.465 0 2
0 0.735 -0.455 0 2
0 0.735 -0.445 0 2
0 0.735 -0.435 0 2
0 0.735 -0.425 0 2
0 0.735 -0.415 0 2
0 0.735 -0.405 0 2
0 0.735 -0.395 7.900642782e-05 2
0 0.735 -0.385 0.0001218366949 2
0 0.735 -0.375 0.0001691001208 2
0 0.735 -0.365 0.0002094229425 2
0 0.735 -0.355 0.0002483561836 2
0 0.735 -0.345 0.0002858599577 2
0 0.735 -0.335 0.0003238575882 2
0 0.735 -0.325 0.0003628966458 2
0 0.735 -0.315 0.0004022236641 2
0 0.735 -0.305 0.0004392767777 2
0 0.735 -0.295 0.0004709472309 2
0 0.735 -0.285 0.0004948595283 2
0 0.735 -0.275 0.0005099527194 2
0 0.735 -0.265 0.0005165253952 2
0 0.735 -0.255 0.0005159495807 2
0 0.735 -0.245 0.000510785477 2
0 0.735 -0.235 0.0005045425623 2
0 0.735 -0.225 0.0004975621584 2
0 0.735 -0.215 0.0004966139191 2
0 0.735 -0.205 0.0005079083603 2
0 0.735 -0.195 0.0005286068728 2
0 0.735 -0.185 0.0005538262454 2
0 0.735 -0.175 0.0005743674999 2
0 0.735 -0.165 0.0005815993681 2
0 0.735 -0.155 0.0005713632295 2
0 0.735 -0.145 0.000550895229 2
0 0.735 -0.135 0.0005276480572 2
0 0.735 -0.125 0.0004993949371 2
0 0.735 -0.115 0.0004651863795 2
0 0.735 -0.105 0.0004242433017 2
0 0.735 -0.095 0.0003772007932 2
0 0.735 -0.085 0.0003260849476 2
0 0.735 -0.075 0.0002729927001 2
0 0.735 -0.065 0.0002196997678 2
0 0.735 -0.055 0.0001674421076 2
0 0.735 -0.045 0.0001170313461 2
0 0.735 -0.035 6.888978184e-05 2
0 0.735 -0.025 2.299539809e-05 2
0 0.735 -0.015 -2.120426731e-05 2
0 0.735 -0.005 -6.474751211e-05 2
0 0.735 0.005 -0.000108916769 2
0 0.735 0.015 -0.0001550161085 2
0 0.735 0.025 -0.0002038830063 2
0 0.735 0.035 -0.0002564054787 2
0 0.735 0.045 -0.0003114401204 2
0 0.735 0.055 -0.0003725880104 2
0 0.735 0.065 -0.0004279473646 2
0 0.735 0.075 -0.0004671645273 2
0 0.735 0.085 -0.0004999590438 1
0 0.735 0.095 -0.000528169808 1
0 0.735 0.105 -0.0005565529811 1
0 0.735 0.115 -0.0005768208402 2
0 0.735 0.125 -0.0005850966377 2
0 0.735 0.135 -0.0005912093592 2
0 0.735 0.145 -0.0006054156812 2
0 0.735 0.155 -0.0006264940027 2
0 0.735 0.165 -0.0006477388552 2
0 0.735 0.175 -0.0006651220991 2
0 0.735 0.185 -0.0006788583404 2
0 0.735 0.195 -0.0006881433944 2
0 0.735 0.205 -0.000692790029 2
0 0.735 0.215 -0.0006928641005 2
0 0.735 0.225 -0.0006884007853 2
0 0.735 0.235 -0.000679482756 2
0 0.735 0.245 -0.0006662067385 2
0 0.735 0.255 -0.0006486953672 2
0 0.735 0.265 -0.0006271018436 2
0 0.735 0.275 -0.0006016133278 2
0 0.735 0.285 -0.0005724517174 2
0 0.735 0.295 -0.0005398722948 2
0 0.735 0.305 -0.0005041585995 2
0 0.735 0.315 -0.0004656191997 2
0 0.735 0.325 -0.0004245660126 2
0 0.735 0.335 -0.0003813284041 2
0 0.735 0.345 -0.0003361261888 2
0 0.735 0.355 -0.0002893126673 2
0 0.735 0.365 -0.0002404145765 2
0 0.735 0.375 -0.0001906903191 2
0 0.735 0.385 -0.0001349480241 2
0 0.735 0.395 -8.574176169e-05 2
0 0.735 0.405 0 2
0 0.735 0.415 0 2
0 0.735 0.425 0 2
0 0.735 0.435 0 2
0 0.735 0.445 0 2
0 0.735 0.455 0 2
0 0.735 0.465 0 2
0 0.745 -0.455 0 2
0 0.745 -0.445 0 2
0 0.745 -0.435 0 2
0 0.745 -0.425 0 2
0 0.745 -0.415 0 2
0 0.745 -0.405 0 2
0 0.745 -0.395 4.262729402e-05 2
0 0.745 -0.385 6.446623781e-05 2
0 0.745 -0.375 8.943231537e-05 2
0 0.745 -0.365 0.0001111617838 2
0 0.745 -0.355 0.0001331814182 2
0 0.745 -0.345 0.0001560543653 2
0 0.745 -0.335 0.0001820590181 2
0 0.745 -0.325 0.0002121887267 2
0 0.745 -0.315 0.0002455369675 2
0 0.745 -0.305 0.0002786763026 2
0 0.745 -0.295 0.0003075904314 2
0 0.745 -0.285 0.0003291557004 2
0 0.745 -0.275 0.0003416705007 2
0 0.745 -0.265 0.0003451681925 2
0 0.745 -0.255 0.0003414723759 2
0 0.745 -0.245 0.0003345593857 2
0 0.745 -0.235 0.0003257778195 2
0 0.745 -0.225 0.0003202272711 2
0 0.745 -0.215 0.000325187066 2
0 0.745 -0.205 0.0003407395199 2
0 0.745 -0.195 0.0003573883309 2
0 0.745 -0.185 0.000371723242 2
0 0.745 -0.175 0.0003904504048 2
0 0.745 -0.165 0.0004061307857 2
0 0.745 -0.155 0.0004073594866 2
0 0.745 -0.145 0.0003959386695 2
0 0.745 -0.135 0.0003817698955 2
0 0.745 -0.125 0.000367181373 2
0 0.745 -0.115 0.0003450609631 2
0 0.745 -0.105 0.0003137628122 2
0 0.745 -0.095 0.0002747453513 2
0 0.745 -0.085 0.0002316315106 2
0 0.745 -0.075 0.000187294449 2
0 0.745 -0.065 0.0001436787092 2
0 0.745 -0.055 0.0001018512127 2
0 0.745 -0.045 6.261440823e-05 2
0 0.745 -0.035 2.649044045e-05 2
0 0.745 -0.025 -6.464959736e-06 2
0 0.745 -0.015 -3.694903723e-05 2
0 0.745 -0.005 -6.64288656e-05 2
0 0.745 0.005 -9.677110953e-05 2
0 0.745 0.015 -0.0001298506896 2
0 0.745 0.025 -0.0001669362824 2
0 0.745 0.035 -0.0002088302761 2
0 0.745 0.045 -0.0002544959692 2
0 0.745 0.055 -0.0003047243878 2
0 0.745 0.065 -0.0003522417688 2
0 0.745 0.075 -0.000384023059 2
0 0.745 0.085 -0.0003980328389 2
0 0.745 0.095 -0.0004027603107 2
0 0.745 0.105 -0.0004065475936 2
0 0.745 0.115 -0.0004070837551 2
0 0.745 0.125 -0.0004081794217 2
0 0.745 0.135 -0.0004146643572 2
0 0.745 0.145 -0.0004286660885 2
0 0.745 0.155 -0.0004457128219 2
0 0.745 0.165 -0.0004603391518 2
0 0.745 0.175 -0.0004731483794 2
0 0.745 0.185 -0.0004827105638 2
0 0.745 0.195 -0.0004885192404 2
0 0.745 0.205 -0.0004904307311 2
0 0.745 0.215 -0.0004884750114 2
0 0.745 0.225 -0.0004827406293 2
0 0.745 0.235 -0.0004733650501 2
0 0.745 0.245 -0.0004605083918 2
0 0.745 0.255 -0.0004443584218 2
0 0.745 0.265 -0.0004251314696 2
0 0.745 0.275 -0.0004030759734 2
0 0.745 0.285 -0.0003784748183 2
0 0.745 0.295 -0.0003516471953 2
0 0.745 0.305 -0.0003229483689 2
0 0.745 0.315 -0.000292771474 2
0 0.745 0.325 -0.000261536997 2
0 0.745 0.335 -0.0002297063231 2
0 0.745 0.345 -0.0001976994227 2
0 0.745 0.355 -0.0001660433027 2
0 0.745 0.365 -0.0001347416334 2
0 0.745 0.375 -0.0001047791228 2
0 0.745 0.385 -7.308347483e-05 2
0 0.745 0.395 -4.662374632e-05 2
0 0.745 0.405 0 2
0 0.745 0.415 0 2
0 0.745 0.425 0 2
0 0.745 0.435 0 2
0 0.745 0.445 0 2
0 0.745 0.455 0 2
0 0.745 0.465 0 2
0 0.755 -0.455 0 2
0 0.755 -0.445 0 2
0 0.755 -0.435 0 2
0 0.755 -0.425 0 2
0 0.755 -0.415 0 2
0 0.755 -0.405 0 2
0 0.755 -0.395 1.037849407e-05 2
0 0.755 -0.385 1.448746518e-05 2
0 0.755 -0.375 2.109369162e-05 2
0 0.755 -0.365 2.8026479e-05 2
0 0.755 -0.355 3.659146228e-05 2
0 0.755 -0.345 4.652070474e-05 2
0 0.755 -0.335 6.084732013e-05 2
0 0.755 -0.325 8.324959065e-05 2
0 0.755 -0.315 0.0001146205078 2
0 0.755 -0.305 0.0001480412281 2
0 0.755 -0.295 0.0001750451369 2
0 0.755 -0.285 0.000192811548 2
0 0.755 -0.275 0.0002020879428 2
0 0.755 -0.265 0.0002042063667 2
0 0.755 -0.255 0.0001992001196 2
0 0.755 -0.245 0.0001898132096 2
0 0.755 -0.235 0.0001838216852 2
0 0.755 -0.225 0.0001913238694 2
0 0.755 -0.215 0.0002088194566 2
0 0.755 -0.205 0.0002184912318 1
0 0.755 -0.195 0.0002191701666 1
0 0.755 -0.185 0.0002156049558 1
0 0.755 -0.175 0.0002200169747 1
0 0.755 -0.165 0.0002324563272 2
0 0.755 -0.155 0.0002446465381 2
0 0.755 -0.145 0.000246452943 2
0 0.755 -0.135 0.0002464075881 2
0 0.755 -0.125 0.0002476659855 2
0 0.755 -0.115 0.0002379347735 2
0 0.755 -0.105 0.0002151562382 2
0 0.755 -0.095 0.0001827498453 2
0 0.755 -0.085 0.0001465758401 2
0 0.755 -0.075 0.0001103131073 2
0 0.755 -0.065 7.579887379e-05 2
0 0.755 -0.055 4.359659577e-05 2
0 0.755 -0.045 1.445505216e-05 2
0 0.755 -0.035 -1.083864398e-05 2
0 0.755 -0.025 -3.193968842e-05 2
0 0.755 -0.015 -4.961609596e-05 2
0 0.755 -0.005 -6.586102218e-05 2
0 0.755 0.005 -8.321462456e-05 2
0 0.755 0.015 -0.0001041955145 2
0 0.755 0.025 -0.0001305145758 2
0 0.755 0.035 -0.0001624533458 2
0 0.755 0.045 -0.0001983152387 2
0 0.755 0.055 -0.0002344542857 2
0 0.755 0.065 -0.0002702405091 2
0 0.755 0.075 -0.0002949252518 2
0 0.755 0.085 -0.0002998065499 2
0 0.755 0.095 -0.0002851798979 2
0 0.755 0.105 -0.0002675339912 2
0 0.755 0.115 -0.0002606699719 2
0 0.755 0.125 -0.0002637167698 2
0 0.755 0.135 -0.0002707594613 2
0 0.755 0.145 -0.0002779696782 2
0 0.755 0.155 -0.0002874926592 2
0 0.755 0.165 -0.0002972330834 2
0 0.755 0.175 -0.0003055789915 2
0 0.755 0.185 -0.0003113977848 2
0 0.755 0.195 -0.0003142593077 2
0 0.755 0.205 -0.0003139676483 2
0 0.755 0.215 -0.0003105057056 2
0 0.755 0.225 -0.0003039688169 2
0 0.755 0.235 -0.0002945160568 2
0 0.755 0.245 -0.0002823444405 2
0 0.755 0.255 -0.0002676827982 2
0 0.755 0.265 -0.0002507887179 2
0 0.755 0.275 -0.0002319502986 2
0 0.755 0.285 -0.0002114888763 2
0 0.755 0.295 -0.0001897629965 2
0 0.755 0.305 -0.0001671722667 2
0 0.755 0.315 -0.0001441640729 2
0 0.755 0.325 -0.0001212342968 2
0 0.755 0.335 -9.894479551e-05 2
0 0.755 0.345 -7.788698977e-05 2
0 0.755 0.355 -5.876576578e-05 2
0 0.755 0.365 -4.208397925e-05 2
0 0.755 0.375 -2.872713088e-05 2
0 0.755 0.385 -1.774417112e-05 2
0 0.755 0.395 -1.123617633e-05 2
0 0.755 0.405 0 2
0 0.755 0.415 0 2
0 0.755 0.425 0 2
0 0.755 0.435 0 2
0 0.755 0.445 0 2
0 0.755 0.455 0 2
0 0.755 0.465 0 2
0 0.765 -0.455 0 2
0 0.765 -0.445 0 2
0 0.765 -0.435 0 2
0 0.765 -0.425 0 2
0 0.765 -0.415 0 2
0 0.765 -0.405 0 2
0 0.765 -0.395 -1.696315962e-05 2
0 0.765 -0.385 -2.648918217e-05 2
0 0.765 -0.375 -3.316558172e-05 2
0 0.765 -0.365 -3.597248602e-05 2
0 0.765 -0.355 -3.669079345e-05 2
0 0.765 -0.345 -3.432939525e-05 2
0 0.765 -0.335 -2.52614841e-05 2
0 0.765 -0.325 -7.65991329e-06 2
0 0.765 -0.315 1.50003585e-05 2
0 0.765 -0.305 3.837827826e-05 2
0 0.765 -0.295 6.265941736e-05 2
0 0.765 -0.285 8.406256369e-05 2
0 0.765 -0.275 9.688366987e-05 2
0 0.765 -0.265 9.732165759e-05 2
0 0.765 -0.255 8.771186107e-05 2
0 0.765 -0.245 7.937607633e-05 2
0 0.765 -0.235 8.372154427e-05 2
0 0.765 -0.225 0.0001005371112 2
0 0.765 -0.215 0.0001098881943 1
0 0.765 -0.205 0.0001112974736 1
0 0.765 -0.195 0.0001087782929 1
0 0.765 -0.185 0.0001046487919 1
0 0.765 -0.175 0.0001005224406 1
0 0.765 -0.165 9.861950655e-05 1
0 0.765 -0.155 9.953152476e-05 2
0 0.765 -0.145 0.0001113459139 2
0 0.765 -0.135 0.0001347441933 2
0 0.765 -0.125 0.0001562245721 2
0 0.765 -0.115 0.0001577774852 2
0 0.765 -0.105 0.0001353230354 2
0 0.765 -0.095 0.0001025391324 2
0 0.765 -0.085 7.276606318e-05 2
0 0.765 -0.075 4.460211956e-05 2
0 0.765 -0.065 1.890569896e-05 2
0 0.765 -0.055 -4.673703777e-06 2
0 0.765 -0.045 -2.558718197e-05 2
0 0.765 -0.035 -4.211762708e-05 2
0 0.765 -0.025 -5.293730023e-05 2
0 0.765 -0.015 -5.861388289e-05 2
0 0.765 -0.005 -6.198167617e-05 2
0 0.765 0.005 -6.661282765e-05 2
0 0.765 0.015 -7.607874145e-05 2
0 0.765 0.025 -9.291125653e-05 2
0 0.765 0.035 -0.0001166741106 2
0 0.765 0.045 -0.0001440883529 2
0 0.765 0.055 -0.000170147902 2
0 0.765 0.065 -0.0001899747151 2
0 0.765 0.075 -0.000199130462 2
0 0.765 0.085 -0.0001964252057 2
0 0.765 0.095 -0.0001846457755 2
0 0.765 0.105 -0.0001700408341 2
0 0.765 0.115 -0.0001581212591 2
0 0.765 0.125 -0.0001514632244 2
0 0.765 0.135 -0.0001500797383 2
0 0.765 0.145 -0.0001525403598 2
0 0.765 0.155 -0.0001572615841 2
0 0.765 0.165 -0.0001624182082 2
0 0.765 0.175 -0.0001668145172 2
0 0.765 0.185 -0.0001695082663 2
0 0.765 0.195 -0.0001700144359 2
0 0.765 0.205 -0.0001680696609 2
0 0.765 0.215 -0.0001636290001 2
0 0.765 0.225 -0.0001567705411 2
0 0.765 0.235 -0.0001476519713 2
0 0.765 0.245 -0.0001364809692 2
0 0.765 0.255 -0.0001235007679 2
0 0.765 0.265 -0.0001089834822 2
0 0.765 0.275 -9.322936838e-05 2
0 0.765 0.285 -7.656905801e-05 2
0 0.765 0.295 -5.936841076e-05 2
0 0.765 0.305 -4.203496139e-05 2
0 0.765 0.315 -2.502814757e-05 2
0 0.765 0.325 -8.869022068e-06 2
0 0.765 0.335 5.836902957e-06 2
0 0.765 0.345 1.839556341e-05 2
0 0.765 0.355 2.797149233e-05 2
0 0.765 0.365 3.362967139e-05 2
0 0.765 0.375 3.4406191e-05 2
0 0.765 0.385 2.910823043e-05 2
0 0.765 0.395 1.939730181e-05 2
0 0.765 0.405 0 2
0 0.765 0.415 0 2
0 0.765 0.425 0 2
0 0.765 0.435 0 2
0 0.765 0.445 0 2
0 0.765 0.455 0 2
0 0.765 0.465 0 2
0 0.775 -0.455 0 2
0 0.775 -0.445 0 2
0 0.775 -0.435 0 2
0 0.775 -0.425 0 2
0 0.775 -0.415 0 2
0 0.775 -0.405 0 2
0 0.775 -0.395 -3.756301693e-05 2
0 0.775 -0.385 -5.563595997e-05 2
0 0.775 -0.375 -6.961145542e-05 2
0 0.775 -0.365 -7.638042428e-05 2
0 0.775 -0.355 -8.004978967e-05 2
0 0.775 -0.345 -7.919016904e-05 2
0 0.775 -0.335 -7.046367722e-05 2
0 0.775 -0.325 -5.841883028e-05 1
0 0.775 -0.315 -4.767738658e-05 1
0 0.775 -0.305 -3.881894598e-05 1
0 0.775 -0.295 -2.416552981e-05 2
0 0.775 -0.285 -2.905080534e-06 2
0 0.775 -0.275 1.680877542e-05 2
0 0.775 -0.265 2.323346132e-05 2
0 0.775 -0.255 1.515435037e-05 2
0 0.775 -0.245 8.146466927e-06 2
0 0.775 -0.235 1.509832476e-05 2
0 0.775 -0.225 1.94950621e-05 1
0 0.775 -0.215 2.174428916e-05 1
0 0.775 -0.205 2.313402154e-05 1
0 0.775 -0.195 2.716590519e-05 1
0 0.775 -0.185 3.124031133e-05 1
0 0.775 -0.175 3.134927781e-05 1
0 0.775 -0.165 2.763377295e-05 1
0 0.775 -0.155 2.081162385e-05 2
0 0.775 -0.145 2.586030537e-05 2
0 0.775 -0.135 4.657277844e-05 2
0 0.775 -0.125 7.022599381e-05 2
0 0.775 -0.115 7.755080639e-05 2
0 0.775 -0.105 5.894847818e-05 2
0 0.775 -0.095 3.215402875e-05 2
0 0.775 -0.085 1.190476361e-05 2
0 0.775 -0.075 -6.775895682e-06 2
0 0.775 -0.065 -2.360743033e-05 2
0 0.775 -0.055 -3.897076049e-05 2
0 0.775 -0.045 -5.238332594e-05 2
0 0.775 -0.035 -6.127097097e-05 2
0 0.775 -0.025 -6.356217125e-05 2
0 0.775 -0.015 -5.97687815e-05 2
0 0.775 -0.005 -5.335453759e-05 2
0 0.775 0.005 -4.814212999e-05 2
0 0.775 0.015 -4.838938112e-05 2
0 0.775 0.025 -5.776392889e-05 2
0 0.775 0.035 -7.52744692e-05 2
0 0.775 0.045 -9.587694141e-05 2
0 0.775 0.055 -0.0001135794839 2
0 0.775 0.065 -0.0001246336535 2
0 0.775 0.075 -0.0001264406893 2
0 0.775 0.085 -0.0001190091455 2
0 0.775 0.095 -0.0001047320621 2
0 0.775 0.105 -8.836211412e-05 2
0 0.775 0.115 -7.432874977e-05 2
0 0.775 0.125 -6.480504368e-05 2
0 0.775 0.135 -5.984004804e-05 2
0 0.775 0.145 -5.827410173e-05 2
0 0.775 0.155 -5.888240594e-05 2
0 0.775 0.165 -6.036707697e-05 2
0 0.775 0.175 -6.170798245e-05 2
0 0.775 0.185 -6.205682845e-05 2
0 0.775 0.195 -6.089149143e-05 2
0 0.775 0.205 -5.794071299e-05 2
0 0.775 0.215 -5.313143761e-05 2
0 0.775 0.225 -4.651776569e-05 2
0 0.775 0.235 -3.823997661e-05 2
0 0.775 0.245 -2.849265629e-05 2
0 0.775 0.255 -1.750653642e-05 2
0 0.775 0.265 -5.539172695e-06 2
0 0.775 0.275 7.127876479e-06 2
0 0.775 0.285 2.018774703e-05 2
0 0.775 0.295 3.330365641e-05 2
0 0.775 0.305 4.61017314e-05 2
0 0.775 0.315 5.815971898e-05 2
0 0.775 0.325 6.899266488e-05 2
0 0.775 0.335 7.802738368e-05 2
0 0.775 0.345 8.457130471e-05 2
0 0.775 0.355 8.776571602e-05 2
0 0.775 0.365 8.643589175e-05 2
0 0.775 0.375 7.944208111e-05 2
0 0.775 0.385 6.358703181e-05 2
0 0.775 0.395 4.284392324e-05 2
0 0.775 0.405 0 2
0 0.775 0.415 0 2
0 0.775 0.425 0 2
0 0.775 0.435 0 2
0 0.775 0.445 0 2
0 0.775 0.455 0 2
0 0.775 0.465 0 2
0 0.785 -0.455 0 2
0 0.785 -0.445 0 2
0 0.785 -0.435 0 2
0 0.785 -0.425 0 2
0 0.785 -0.415 0 2
0 0.785 -0.405 0 2
0 0.785 -0.395 -5.067390296e-05 2
0 0.785 -0.385 -7.058734497e-05 2
0 0.785 -0.375 -8.444565825e-05 2
0 0.785 -0.365 -9.011832524e-05 2
0 0.785 -0.355 -9.213698795e-05 2
0 0.785 -0.345 -9.163786189e-05 2
0 0.785 -0.335 -8.873235809e-05 1
0 0.785 -0.325 -8.005652489e-05 1
0 0.785 -0.315 -7.047821253e-05 1
0 0.785 -0.305 -6.322431086e-05 1
0 0.785 -0.295 -5.779512909e-05 1
0 0.785 -0.285 -5.210348511e-05 1
0 0.785 -0.275 -4.003544984e-05 2
0 0.785 -0.265 -2.783052634e-05 2
0 0.785 -0.255 -2.59316441e-05 2
0 0.785 -0.245 -2.876778822e-05 2
0 0.785 -0.235 -3.352882485e-05 1
0 0.785 -0.225 -3.301627972e-05 1
0 0.785 -0.215 -3.063495072e-05 1
0 0.785 -0.205 -2.435833809e-05 1
0 0.785 -0.195 -1.736617611e-05 1
0 0.785 -0.185 -1.184560743e-05 1
0 0.785 -0.175 -3.518004363e-06 1
0 0.785 -0.165 3.797726463e-06 1
0 0.785 -0.155 2.480265476e-06 1
0 0.785 -0.145 -8.037287686e-06 1
0 0.785 -0.135 -1.592176411e-05 1
0 0.785 -0.125 -1.029860931e-05 1
0 0.785 -0.115 -4.216896592e-06 2
0 0.785 -0.105 -4.849274975e-06 2
0 0.785 -0.095 -1.718238883e-05 2
0 0.785 -0.085 -2.992773984e-05 2
0 0.785 -0.075 -3.730974562e-05 2
0 0.785 -0.065 -4.424534992e-05 2
0 0.785 -0.055 -5.136743323e-05 2
0 0.785 -0.045 -6.443015343e-05 2
0 0.785 -0.035 -7.56181229e-05 2
0 0.785 -0.025 -7.277327425e-05 2
0 0.785 -0.015 -5.668380532e-05 2
0 0.785 -0.005 -3.968553942e-05 2
0 0.785 0.005 -2.420560242e-05 2
0 0.785 0.015 -1.22472708e-05 2
0 0.785 0.025 -1.620156947e-05 2
0 0.785 0.035 -3.607992093e-05 2
0 0.785 0.045 -5.694117591e-05 2
0 0.785 0.055 -6.751605101e-05 2
0 0.785 0.065 -7.156106164e-05 2
0 0.785 0.075 -6.849477227e-05 2
0 0.785 0.085 -5.93594908e-05 2
0 0.785 0.095 -4.597580157e-05 2
0 0.785 0.105 -3.123007052e-05 2
0 0.785 0.115 -1.786186967e-05 2
0 0.785 0.125 -7.548699601e-06 2
0 0.785 0.135 -7.216999475e-07 2
0 0.785 0.145 3.109532856e-06 2
0 0.785 0.155 4.841172953e-06 2
0 0.785 0.165 5.50865177e-06 2
0 0.785 0.175 6.00168336e-06 2
0 0.785 0.185 7.004542649e-06 2
0 0.785 0.195 8.957039721e-06 2
0 0.785 0.205 1.209827164e-05 2
0 0.785 0.215 1.65036284e-05 2
0 0.785 0.225 2.213559696e-05 2
0 0.785 0.235 2.888050613e-05 2
0 0.785 0.245 3.657732015e-05 2
0 0.785 0.255 4.503484938e-05 2
0 0.785 0.265 5.404122737e-05 2
0 0.785 0.275 6.336740482e-05 2
0 0.785 0.285 7.276663173e-05 2
0 0.785 0.295 8.197088613e-05 2
0 0.785 0.305 9.068485722e-05 2
0 0.785 0.315 9.857656594e-05 2
0 0.785 0.325 0.0001052642422 2
0 0.785 0.335 0.0001102949359 2
0 0.785 0.345 0.0001131083668 2
0 0.785 0.355 0.0001129962155 2
0 0.785 0.365 0.0001088987334 2
0 0.785 0.375 9.96918666e-05 2
0 0.785 0.385 8.161481644e-05 2
0 0.785 0.395 5.751955566e-05 2
0 0.785 0.405 0 2
0 0.785 0.415 0 2
0 0.785 0.425 0 2
0 0.785 0.435 0 2
0 0.785 0.445 0 2
0 0.785 0.455 0 2
0 0.785 0.465 0 2
0 0.795 -0.455 0 2
0 0.795 -0.445 0 2
0 0.795 -0.435 0 2
0 0.795 -0.425 0 2
0 0.795 -0.415 0 2
0 0.795 -0.405 0 2
0 0.795 -0.395 -4.985430022e-05 2
0 0.795 -0.385 -6.482133395e-05 2
0 0.795 -0.375 -7.35222898e-05 2
0 0.795 -0.365 -7.622475575e-05 2
0 0.795 -0.355 -7.68354883e-05 2
0 0.795 -0.345 -7.777792e-05 2
0 0.795 -0.335 -7.84249841e-05 1
0 0.795 -0.325 -7.150864166e-05 1
0 0.795 -0.315 -6.198490954e-05 1
0 0.795 -0.305 -5.495798387e-05 1
0 0.795 -0.295 -5.095831654e-05 1
0 0.795 -0.285 -4.987168473e-05 1
0 0.795 -0.275 -4.698385693e-05 1
0 0.795 -0.265 -4.278664782e-05 2
0 0.795 -0.255 -3.98984745e-05 2
0 0.795 -0.245 -4.311069753e-05 2
0 0.795 -0.235 -4.874946811e-05 1
0 0.795 -0.225 -4.586665286e-05 1
0 0.795 -0.215 -4.287297402e-05 1
0 0.795 -0.205 -3.736776233e-05 1
0 0.795 -0.195 -3.141516561e-05 1
0 0.795 -0.185 -2.376874223e-05 1
0 0.795 -0.175 -1.32816037e-05 1
0 0.795 -0.165 -5.6213341e-06 1
0 0.795 -0.155 -8.672342625e-06 1
0 0.795 -0.145 -2.214044005e-05 1
0 0.795 -0.135 -3.587506471e-05 1
0 0.795 -0.125 -3.812860548e-05 1
0 0.795 -0.115 -3.798887982e-05 2
0 0.795 -0.105 -3.469064218e-05 2
0 0.795 -0.095 -3.975326816e-05 2
0 0.795 -0.085 -4.458899841e-05 2
0 0.795 -0.075 -4.323275271e-05 2
0 0.795 -0.065 -4.654677642e-05 2
0 0.795 -0.055 -5.052524085e-05 2
0 0.795 -0.045 -5.175203057e-05 2
0 0.795 -0.035 -4.871427028e-05 2
0 0.795 -0.025 -3.989364023e-05 2
0 0.795 -0.015 -2.990506827e-05 2
0 0.795 -0.005 -2.236421424e-05 2
0 0.795 0.005 -1.273747946e-05 2
0 0.795 0.015 -1.713106565e-06 2
0 0.795 0.025 -2.118990996e-06 2
0 0.795 0.035 -1.755728532e-05 2
0 0.795 0.045 -3.121047896e-05 2
0 0.795 0.055 -3.437652402e-05 2
0 0.795 0.065 -3.378549761e-05 2
0 0.795 0.075 -2.909073777e-05 2
0 0.795 0.085 -2.09851424e-05 2
0 0.795 0.095 -1.05424901e-05 2
0 0.795 0.105 5.615592464e-07 2
0 0.795 0.115 1.070495506e-05 2
0 0.795 0.125 1.882820266e-05 2
0 0.795 0.135 2.460517905e-05 2
0 0.795 0.145 2.830209183e-05 2
0 0.795 0.155 3.04899097e-05 2
0 0.795 0.165 3.183563963e-05 2
0 0.795 0.175 3.293078903e-05 2
0 0.795 0.185 3.4234353e-05 2
0 0.795 0.195 3.604814144e-05 2
0 0.795 0.205 3.853635307e-05 2
0 0.795 0.215 4.175133815e-05 2
0 0.795 0.225 4.566696761e-05 2
0 0.795 0.235 5.020527085e-05 2
0 0.795 0.245 5.52566129e-05 2
0 0.795 0.255 6.06922559e-05 2
0 0.795 0.265 6.637138569e-05 2
0 0.795 0.275 7.21438531e-05 2
0 0.795 0.285 7.78500615e-05 2
0 0.795 0.295 8.331879378e-05 2
0 0.795 0.305 8.836346562e-05 2
0 0.795 0.315 9.277645898e-05 2
0 0.795 0.325 9.632101447e-05 2
0 0.795 0.335 9.871885488e-05 2
0 0.795 0.345 9.962595324e-05 2
0 0.795 0.355 9.860822683e-05 2
0 0.795 0.365 9.499441244e-05 2
0 0.795 0.375 8.799276457e-05 2
0 0.795 0.385 7.494234698e-05 2
0 0.795 0.395 5.606845819e-05 2
0 0.795 0.405 0 2
0 0.795 0.415 0 2
0 0.795 0.425 0 2
0 0.795 0.435 0 2
0 0.795 0.445 0 2
0 0.795 0.455 0 2
0 0.795 0.465 0 2
0 0.805 -0.455 0 2
0 0.805 -0.445 0 2
0 0.805 -0.435 0 2
0 0.805 -0.425 0 2
0 0.805 -0.415 0 2
0 0.805 -0.405 0 2
0 0.805 -0.395 0 2
0 0.805 -0.385 0 2
0 0.805 -0.375 0 2
0 0.805 -0.365 0 2
0 0.805 -0.355 0 2
0 0.805 -0.345 0 2
0 0.805 -0.335 0 1
0 0.805 -0.325 0 1
0 0.805 -0.315 0 1
0 0.805 -0.305 0 1
0 0.805 -0.295 0 1
0 0.805 -0.285 0 1
0 0.805 -0.275 0 1
0 0.805 -0.265 0 1
0 0.805 -0.255 0 2
0 0.805 -0.245 0 1
0 0.805 -0.235 0 1
0 0.805 -0.225 0 1
0 0.805 -0.215 0 1
0 0.805 -0.205 0 1
0 0.805 -0.195 0 1
0 0.805 -0.185 0 1
0 0.805 -0.175 0 1
0 0.805 -0.165 0 1
0 0.805 -0.155 0 1
0 0.805 -0.145 0 1
0 0.805 -0.135 0 1
0 0.805 -0.125 0 1
0 0.805 -0.115 0 1
0 0.805 -0.105 0 2
0 0.805 -0.095 0 2
0 0.805 -0.085 0 2
0 0.805 -0.075 0 2
0 0.805 -0.065 0 2
0 0.805 -0.055 0 2
0 0.805 -0.045 0 2
0 0.805 -0.035 0 2
0 0.805 -0.025 0 1
0 0.805 -0.015 0 1
0 0.805 -0.005 0 1
0 0.805 0.005 0 1
0 0.805 0.015 0 1
0 0.805 0.025 0 2
0 0.805 0.035 0 2
0 0.805 0.045 0 2
0 0.805 0.055 0 2
0 0.805 0.065 0 2
0 0.805 0.075 0 2
0 0.805 0.085 0 2
0 0.805 0.095 0 2
0 0.805 0.105 0 2
0 0.805 0.115 0 2
0 0.805 0.125 0 2
0 0.805 0.135 0 2
0 0.805 0.145 0 2
0 0.805 0.155 0 2
0 0.805 0.165 0 2
0 0.805 0.175 0 2
0 0.805 0.185 0 2
0 0.805 0.195 0 2
0 0.805 0.205 0 2
0 0.805 0.215 0 2
0 0.805 0.225 0 2
0 0.805 0.235 0 2
0 0.805 0.245 0 2
0 0.805 0.255 0 2
0 0.805 0.265 0 2
0 0.805 0.275 0 2
0 0.805 0.285 0 2
0 0.805 0.295 0 2
0 0.805 0.305 0 2
0 0.805 0.315 0 2
0 0.805 0.325 0 2
0 0.805 0.335 0 2
0 0.805 0.345 0 2
0 0.805 0.355 0 2
0 0.805 0.365 0 2
0 0.805 0.375 0 2
0 0.805 0.385 0 2
0 0.805 0.395 0 2
0 0.805 0.405 0 2
0 0.805 0.415 0 2
0 0.805 0.425 0 2
0 0.805 0.435 0 2
0 0.805 0.445 0 2
0 0.805 0.455 0 2
0 0.805 0.465 0 2
0 0.815 -0.455 0 2
0 0.815 -0.445 0 2
0 0.815 -0.435 0 2
0 0.815 -0.425 0 2
0 0.815 -0.415 0 2
0 0.815 -0.405 0 2
0 0.815 -0.395 0 2
0 0.815 -0.385 0 2
0 0.815 -0.375 0 2
0 0.815 -0.365 0 2
0 0.815 -0.355 0 2
0 0.815 -0.345 0 2
0 0.815 -0.335 0 1
0 0.815 -0.325 0 1
0 0.815 -0.315 0 1
0 0.815 -0.305 0 1
0 0.815 -0.295 0 1
0 0.815 -0.285 0 1
0 0.815 -0.275 0 1
0 0.815 -0.265 0 1
0 0.815 -0.255 0 2
0 0.815 -0.245 0 1
0 0.815 -0.235 0 1
0 0.815 -0.225 0 1
0 0.815 -0.215 0 1
0 0.815 -0.205 0 1
0 0.815 -0.195 0 1
0 0.815 -0.185 0 1
0 0.815 -0.175 0 1
0 0.815 -0.165 0 1
0 0.815 -0.155 0 1
0 0.815 -0.145 0 1
0 0.815 -0.135 0 1
0 0.815 -0.125 0 1
0 0.815 -0.115 0 1
0 0.815 -0.105 0 2
0 0.815 -0.095 0 2
0 0.815 -0.085 0 2
0 0.815 -0.075 0 2
0 0.815 -0.065 0 2
0 0.815 -0.055 0 2
0 0.815 -0.045 0 1
0 0.815 -0.035 0 1
0 0.815 -0.025 0 1
0 0.815 -0.015 0 1
0 0.815 -0.005 0 1
0 0.815 0.005 0 1
0 0.815 0.015 0 1
0 0.815 0.025 0 2
0 0.815 0.035 0 2
0 0.815 0.045 0 2
0 0.815 0.055 0 2
0 0.815 0.065 0 2
0 0.815 0.075 0 2
0 0.815 0.085 0 2
0 0.815 0.095 0 2
0 0.815 0.105 0 2
0 0.815 0.115 0 2
0 0.815 0.125 0 2
0 0.815 0.135 0 2
0 0.815 0.145 0 2
0 0.815 0.155 0 2
0 0.815 0.165 0 2
0 0.815 0.175 0 2
0 0.815 0.185 0 2
0 0.815 0.195 0 2
0 0.815 0.205 0 2
0 0.815 0.215 0 2
0 0.815 0.225 0 2
0 0.815 0.235 0 2
0 0.815 0.245 0 2
0 0.815 0.255 0 2
0 0.815 0.265 0 2
0 0.815 0.275 0 2
0 0.815 0.285 0 2
0 0.815 0.295 0 2
0 0.815 0.305 0 2
0 0.815 0.315 0 2
0 0.815 0.325 0 2
0 0.815 0.335 0 2
0 0.815 0.345 0 2
0 0.815 0.355 0 2
0 0.815 0.365 0 2
0 0.815 0.375 0 2
0 0.815 0.385 0 2
0 0.815 0.395 0 2
0 0.815 0.405 0 2
0 0.815 0.415 0 2
0 0.815 0.425 0 2
0 0.815 0.435 0 2
0 0.815 0.445 0 2
0 0.815 0.455 0 2
0 0.815 0.465 0 2
0 0.825 -0.455 0 2
0 0.825 -0.445 0 2
0 0.825 -0.435 0 2
0 0.825 -0.425 0 2
0 0.825 -0.415 0 2
0 0.825 -0.405 0 2
0 0.825 -0.395 0 2
0 0.825 -0.385 0 2
0 0.825 -0.375 0 2
0 0.825 -0.365 0 2
0 0.825 -0.355 0 2
0 0.825 -0.345 0 2
0 0.825 -0.335 0 1
0 0.825 -0.325 0 1
0 0.825 -0.315 0 1
0 0.825 -0.305 0 1
0 0.825 -0.295 0 1
0 0.825 -0.285 0 1
0 0.825 -0.275 0 1
0 0.825 -0.265 0 1
0 0.825 -0.255 0 1
0 0.825 -0.245 0 1
0 0.825 -0.235 0 1
0 0.825 -0.225 0 1
0 0.825 -0.215 0 1
0 0.825 -0.205 0 1
0 0.825 -0.195 0 1
0 0.825 -0.185 0 1
0 0.825 -0.175 0 1
0 0.825 -0.165 0 1
0 0.825 -0.155 0 1
0 0.825 -0.145 0 1
0 0.825 -0.135 0 1
0 0.825 -0.125 0 1
0 0.825 -0.115 0 1
0 0.825 -0.105 0 2
0 0.825 -0.095 0 2
0 0.825 -0.085 0 2
0 0.825 -0.075 0 2
0 0.825 -0.065 0 2
0 0.825 -0.055 0 1
0 0.825 -0.045 0 1
0 0.825 -0.035 0 1
0 0.825 -0.025 0 1
0 0.825 -0.015 0 1
0 0.825 -0.005 0 1
0 0.825 0.005 0 1
0 0.825 0.015 0 1
0 0.825 0.025 0 1
0 0.825 0.035 0 2
0 0.825 0.045 0 2
0 0.825 0.055 0 2
0 0.825 0.065 0 2
0 0.825 0.075 0 2
0 0.825 0.085 0 2
0 0.825 0.095 0 2
0 0.825 0.105 0 2
0 0.825 0.115 0 2
0 0.825 0.125 0 2
0 0.825 0.135 0 2
0 0.825 0.145 0 2
0 0.825 0.155 0 2
0 0.825 0.165 0 2
0 0.825 0.175 0 2
0 0.825 0.185 0 2
0 0.825 0.195 0 2
0 0.825 0.205 0 2
0 0.825 0.215 0 2
0 0.825 0.225 0 2
0 0.825 0.235 0 2
0 0.825 0.245 0 2
0 0.825 0.255 0 2
0 0.825 0.265 0 2
0 0.825 0.275 0 2
0 0.825 0.285 0 2
0 0.825 0.295 0 2
0 0.825 0.305 0 2
0 0.825 0.315 0 2
0 0.825 0.325 0 2
0 0.825 0.335 0 2
0 0.825 0.345 0 2
0 0.825 0.355 0 2
0 0.825 0.365 0 2
0 0.825 0.375 0 2
0 0.825 0.385 0 2
0 0.825 0.395 0 2
0 0.825 0.405 0 2
0 0.825 0.415 0 2
0 0.825 0.425 0 2
0 0.825 0.435 0 2
0 0.825 0.445 0 2
0 0.825 0.455 0 2
0 0.825 0.465 0 2
0 0.835 -0.455 0 2
0 0.835 -0.445 0 2
0 0.835 -0.435 0 2
0 0.835 -0.425 0 2
0 0.835 -0.415 0 2
0 0.835 -0.405 0 2
0 0.835 -0.395 0 2
0 0.835 -0.385 0 2
0 0.835 -0.375 0 2
0 0.835 -0.365 0 2
0 0.835 -0.355 0 2
0 0.835 -0.345 0 2
0 0.835 -0.335 0 2
0 0.835 -0.325 0 1
0 0.835 -0.315 0 1
0 0.835 -0.305 0 1
0 0.835 -0.295 0 1
0 0.835 -0.285 0 1
0 0.835 -0.275 0 1
0 0.835 -0.265 0 1
0 0.835 -0.255 0 1
0 0.835 -0.245 0 1
0 0.835 -0.235 0 1
0 0.835 -0.225 0 1
0 0.835 -0.215 0 1
0 0.835 -0.205 0 1
0 0.835 -0.195 0 1
0 0.835 -0.185 0 1
0 0.835 -0.175 0 1
0 0.835 -0.165 0 1
0 0.835 -0.155 0 1
0 0.835 -0.145 0 1
0 0.835 -0.135 0 1
0 0.835 -0.125 0 1
0 0.835 -0.115 0 2
0 0.835 -0.105 0 2
0 0.835 -0.095 0 2
0 0.835 -0.085 0 2
0 0.835 -0.075 0 2
0 0.835 -0.065 0 2
0 0.835 -0.055 0 1
0 0.835 -0.045 0 1
0 0.835 -0.035 0 1
0 0.835 -0.025 0 1
0 0.835 -0.015 0 1
0 0.835 -0.005 0 1
0 0.835 0.005 0 1
0 0.835 0.015 0 1
0 0.835 0.025 0 2
0 0.835 0.035 0 2
0 0.835 0.045 0 2
0 0.835 0.055 0 2
0 0.835 0.065 0 2
0 0.835 0.075 0 2
0 0.835 0.085 0 2
0 0.835 0.095 0 2
0 0.835 0.105 0 2
0 0.835 0.115 0 2
0 0.835 0.125 0 2
0 0.835 0.135 0 2
0 0.835 0.145 0 2
0 0.835 0.155 0 2
0 0.835 0.165 0 2
0 0.835 0.175 0 2
0 0.835 0.185 0 2
0 0.835 0.195 0 2
0 0.835 0.205 0 2
0 0.835 0.215 0 2
0 0.835 0.225 0 2
0 0.835 0.235 0 2
0 0.835 0.245 0 2
0 0.835 0.255 0 2
0 0.835 0.265 0 2
0 0.835 0.275 0 2
0 0.835 0.285 0 2
0 0.835 0.295 0 2
0 0.835 0.305 0 2
0 0.835 0.315 0 2
0 0.835 0.325 0 2
0 0.835 0.335 0 2
0 0.835 0.345 0 2
0 0.835 0.355 0 2
0 0.835 0.365 0 2
0 0.835 0.375 0 2
0 0.835 0.385 0 2
0 0.835 0.395 0 2
0 0.835 0.405 0 2
0 0.835 0.415 0 2
0 0.835 0.425 0 2
0 0.835 0.435 0 2
0 0.835 0.445 0 2
0 0.835 0.455 0 2
0 0.835 0.465 0 2
0 0.845 -0.455 0 2
0 0.845 -0.445 0 2
0 0.845 -0.435 0 2
0 0.845 -0.425 0 2
0 0.845 -0.415 0 2
0 0.845 -0.405 0 2
0 0.845 -0.395 0 2
0 0.845 -0.385 0 2
0 0.845 -0.375 0 2
0 0.845 -0.365 0 2
0 0.845 -0.355 0 2
0 0.845 -0.345 0 2
0 0.845 -0.335 0 2
0 0.845 -0.325 0 1
0 0.845 -0.315 0 1
0 0.845 -0.305 0 1
0 0.845 -0.295 0 1
0 0.845 -0.285 0 1
0 0.845 -0.275 0 1
0 0.845 -0.265 0 1
0 0.845 -0.255 0 1
0 0.845 -0.245 0 1
0 0.845 -0.235 0 1
0 0.845 -0.225 0 1
0 0.845 -0.215 0 1
0 0.845 -0.205 0 1
0 0.845 -0.195 0 1
0 0.845 -0.185 0 1
0 0.845 -0.175 0 1
0 0.845 -0.165 0 1
0 0.845 -0.155 0 1
0 0.845 -0.145 0 1
0 0.845 -0.135 0 1
0 0.845 -0.125 0 1
0 0.845 -0.115 0 2
0 0.845 -0.105 0 2
0 0.845 -0.095 0 2
0 0.845 -0.085 0 2
0 0.845 -0.075 0 2
0 0.845 -0.065 0 1
0 0.845 -0.055 0 1
0 0.845 -0.045 0 1
0 0.845 -0.035 0 1
0 0.845 -0.025 0 1
0 0.845 -0.015 0 1
0 0.845 -0.005 0 1
0 0.845 0.005 0 1
0 0.845 0.015 0 1
0 0.845 0.025 0 2
0 0.845 0.035 0 2
0 0.845 0.045 0 2
0 0.845 0.055 0 2
0 0.845 0.065 0 2
0 0.845 0.075 0 2
0 0.845 0.085 0 2
0 0.845 0.095 0 2
0 0.845 0.105 0 2
0 0.845 0.115 0 2
0 0.845 0.125 0 2
0 0.845 0.135 0 2
0 0.845 0.145 0 2
0 0.845 0.155 0 2
0 0.845 0.165 0 2
0 0.845 0.175 0 2
0 0.845 0.185 0 2
0 0.845 0.195 0 2
0 0.845 0.205 0 2
0 0.845 0.215 0 2
0 0.845 0.225 0 2
0 0.845 0.235 0 2
0 0.845 0.245 0 2
0 0.845 0.255 0 2
0 0.845 0.265 0 2
0 0.845 0.275 0 2
0 0.845 0.285 0 2
0 0.845 0.295 0 2
0 0.845 0.305 0 2
0 0.845 0.315 0 2
0 0.845 0.325 0 2
0 0.845 0.335 0 2
0 0.845 0.345 0 2
0 0.845 0.355 0 2
0 0.845 0.365 0 2
0 0.845 0.375 0 2
0 0.845 0.385 0 2
0 0.845 0.395 0 2
0 0.845 0.405 0 2
0 0.845 0.415 0 2
0 0.845 0.425 0 2
0 0.845 0.435 0 2
0 0.845 0.445 0 2
0 0.845 0.455 0 2
0 0.845 0.465 0 2
0 0.855 -0.455 0 2
0 0.855 -0.445 0 2
0 0.855 -0.435 0 2
0 0.855 -0.425 0 2
0 0.855 -0.415 0 2
0 0.855 -0.405 0 2
0 0.855 -0.395 0 2
0 0.855 -0.385 0 2
0 0.855 -0.375 0 2
0 0.855 -0.365 0 2
0 0.855 -0.355 0 2
0 0.855 -0.345 0 2
0 0.855 -0.335 0 2
0 0.855 -0.325 0 2
0 0.855 -0.315 0 1
0 0.855 -0.305 0 1
0 0.855 -0.295 0 1
0 0.855 -0.285 0 1
0 0.855 -0.275 0 1
0 0.855 -0.265 0 1
0 0.855 -0.255 0 1
0 0.855 -0.245 0 2
0 0.855 -0.235 0 1
0 0.855 -0.225 0 1
0 0.855 -0.215 0 1
0 0.855 -0.205 0 1
0 0.855 -0.195 0 1
0 0.855 -0.185 0 1
0 0.855 -0.175 0 1
0 0.855 -0.165 0 1
0 0.855 -0.155 0 1
0 0.855 -0.145 0 1
0 0.855 -0.135 0 1
0 0.855 -0.125 0 1
0 0.855 -0.115 0 2
0 0.855 -0.105 0 2
0 0.855 -0.095 0 2
0 0.855 -0.085 0 2
0 0.855 -0.075 0 2
0 0.855 -0.065 0 1
0 0.855 -0.055 0 1
0 0.855 -0.045 0 1
0 0.855 -0.035 0 1
0 0.855 -0.025 0 1
0 0.855 -0.015 0 1
0 0.855 -0.005 0 1
0 0.855 0.005 0 1
0 0.855 0.015 0 1
0 0.855 0.025 0 2
0 0.855 0.035 0 2
0 0.855 0.045 0 2
0 0.855 0.055 0 2
0 0.855 0.065 0 2
0 0.855 0.075 0 2
0 0.855 0.085 0 2
0 0.855 0.095 0 2
0 0.855 0.105 0 2
0 0.855 0.115 0 2
0 0.855 0.125 0 2
0 0.855 0.135 0 2
0 0.855 0.145 0 2
0 0.855 0.155 0 2
0 0.855 0.165 0 2
0 0.855 0.175 0 2
0 0.855 0.185 0 2
0 0.855 0.195 0 2
0 0.855 0.205 0 2
0 0.855 0.215 0 2
0 0.855 0.225 0 2
0 0.855 0.235 0 2
0 0.855 0.245 0 2
0 0.855 0.255 0 2
0 0.855 0.265 0 2
0 0.855 0.275 0 2
0 0.855 0.285 0 2
0 0.855 0.295 0 2
0 0.855 0.305 0 2
0 0.855 0.315 0 2
0 0.855 0.325 0 2
0 0.855 0.335 0 2
0 0.855 0.345 0 2
0 0.855 0.355 0 2
0 0.855 0.365 0 2
0 0.855 0.375 0 2
0 0.855 0.385 0 2
0 0.855 0.395 0 2
0 0.855 0.405 0 2
0 0.855 0.415 0 2
0 0.855 0.425 0 2
0 0.855 0.435 0 2
0 0.855 0.445 0 2
0 0.855 0.455 0 2
0 0.855 0.465 0 2
0 0.865 -0.455 0 2
0 0.865 -0.445 0 2
0 0.865 -0.435 0 2
0 0.865 -0.425 0 2
0 0.865 -0.415 0 2
0 0.865 -0.405 0 2
0 0.865 -0.395 0 2
0 0.865 -0.385 0 2
0 0.865 -0.375 0 2
0 0.865 -0.365 0 2
0 0.865 -0.355 0 2
0 0.865 -0.345 0 2
0 0.865 -0.335 0 2
0 0.865 -0.325 0 2
0 0.865 -0.315 0 2
0 0.865 -0.305 0 1
0 0.865 -0.295 0 1
0 0.865 -0.285 0 1
0 0.865 -0.275 0 1
0 0.865 -0.265 0 1
0 0.865 -0.255 0 1
0 0.865 -0.245 0 2
0 0.865 -0.235 0 2
0 0.865 -0.225 0 2
0 0.865 -0.215 0 2
0 0.865 -0.205 0 2
0 0.865 -0.195 0 1
0 0.865 -0.185 0 1
0 0.865 -0.175 0 1
0 0.865 -0.165 0 1
0 0.865 -0.155 0 1
0 0.865 -0.145 0 1
0 0.865 -0.135 0 1
0 0.865 -0.125 0 2
0 0.865 -0.115 0 2
0 0.865 -0.105 0 2
0 0.865 -0.095 0 2
0 0.865 -0.085 0 2
0 0.865 -0.075 0 1
0 0.865 -0.065 0 1
0 0.865 -0.055 0 1
0 0.865 -0.045 0 1
0 0.865 -0.035 0 1
0 0.865 -0.025 0 1
0 0.865 -0.015 0 1
0 0.865 -0.005 0 1
0 0.865 0.005 0 1
0 0.865 0.015 0 1
0 0.865 0.025 0 2
0 0.865 0.035 0 2
0 0.865 0.045 0 2
0 0.865 0.055 0 2
0 0.865 0.065 0 2
0 0.865 0.075 0 2
0 0.865 0.085 0 2
0 0.865 0.095 0 2
0 0.865 0.105 0 2
0 0.865 0.115 0 2
0 0.865 0.125 0 2
0 0.865 0.135 0 2
0 0.865 0.145 0 2
0 0.865 0.155 0 2
0 0.865 0.165 0 2
0 0.865 0.175 0 2
0 0.865 0.185 0 2
0 0.865 0.195 0 2
0 0.865 0.205 0 2
0 0.865 0.215 0 2
0 0.865 0.225 0 2
0 0.865 0.235 0 2
0 0.865 0.245 0 2
0 0.865 0.255 0 2
0 0.865 0.265 0 2
0 0.865 0.275 0 2
0 0.865 0.285 0 2
0 0.865 0.295 0 2
0 0.865 0.305 0 2
0 0.865 0.315 0 2
0 0.865 0.325 0 2
0 0.865 0.335 0 2
0 0.865 0.345 0 2
0 0.865 0.355 0 2
0 0.865 0.365 0 2
0 0.865 0.375 0 2
0 0.865 0.385 0 2
0 0.865 0.395 0 2
0 0.865 0.405 0 2
0 0.865 0.415 0 2
0 0.865 0.425 0 2
0 0.865 0.435 0 2
0 0.865 0.445 0 2
0 0.865 0.455 0 2
0 0.865 0.465 0 2
