t x y content type
0 -0.055 -0.455 0 2
0 -0.055 -0.445 0 2
0 -0.055 -0.435 0 2
0 -0.055 -0.425 0 2
0 -0.055 -0.415 0 2
0 -0.055 -0.405 0 2
0 -0.055 -0.395 0 2
0 -0.055 -0.385 0 2
0 -0.055 -0.375 0 2
0 -0.055 -0.365 0 2
0 -0.055 -0.355 0 2
0 -0.055 -0.345 0 2
0 -0.055 -0.335 0 1
0 -0.055 -0.325 0 1
0 -0.055 -0.315 0 1
0 -0.055 -0.305 0 1
0 -0.055 -0.295 0 1
0 -0.055 -0.285 0 1
0 -0.055 -0.275 0 1
0 -0.055 -0.265 0 2
0 -0.055 -0.255 0 2
0 -0.055 -0.245 0 2
0 -0.055 -0.235 0 2
0 -0.055 -0.225 0 2
0 -0.055 -0.215 0 2
0 -0.055 -0.205 0 2
0 -0.055 -0.195 0 2
0 -0.055 -0.185 0 2
0 -0.055 -0.175 0 2
0 -0.055 -0.165 0 2
0 -0.055 -0.155 0 2
0 -0.055 -0.145 0 2
0 -0.055 -0.135 0 2
0 -0.055 -0.125 0 2
0 -0.055 -0.115 0 2
0 -0.055 -0.105 0 2
0 -0.055 -0.095 0 2
0 -0.055 -0.085 0 2
0 -0.055 -0.075 0 2
0 -0.055 -0.065 0 2
0 -0.055 -0.055 0 1
0 -0.055 -0.045 0 1
0 -0.055 -0.035 0 1
0 -0.055 -0.025 0 1
0 -0.055 -0.015 0 1
0 -0.055 -0.005 0 1
0 -0.055 0.005 0 1
0 -0.055 0.015 0 1
0 -0.055 0.025 0 1
0 -0.055 0.035 0 1
0 -0.055 0.045 0 1
0 -0.055 0.055 0 1
0 -0.055 0.065 0 1
0 -0.055 0.075 0 2
0 -0.055 0.085 0 2
0 -0.055 0.095 0 2
0 -0.055 0.105 0 2
0 -0.055 0.115 0 2
0 -0.055 0.125 0 2
0 -0.055 0.135 0 2
0 -0.055 0.145 0 1
0 -0.055 0.155 0 1
0 -0.055 0.165 0 1
0 -0.055 0.175 0 1
0 -0.055 0.185 0 1
0 -0.055 0.195 0 1
0 -0.055 0.205 0 1
0 -0.055 0.215 0 1
0 -0.055 0.225 0 1
0 -0.055 0.235 0 1
0 -0.055 0.245 0 2
0 -0.055 0.255 0 2
0 -0.055 0.265 0 2
0 -0.055 0.275 0 2
0 -0.055 0.285 0 1
0 -0.055 0.295 0 1
0 -0.055 0.305 0 1
0 -0.055 0.315 0 1
0 -0.055 0.325 0 1
0 -0.055 0.335 0 1
0 -0.055 0.345 0 1
0 -0.055 0.355 0 1
0 -0.055 0.365 0 1
0 -0.055 0.375 0 2
0 -0.055 0.385 0 2
0 -0.055 0.395 0 2
0 -0.055 0.405 0 2
0 -0.055 0.415 0 2
0 -0.055 0.425 0 2
0 -0.055 0.435 0 2
0 -0.055 0.445 0 2
0 -0.055 0.455 0 2
0 -0.055 0.465 0 1
0 -0.045 -0.455 0 2
0 -0.045 -0.445 0 2
0 -0.045 -0.435 0 2
0 -0.045 -0.425 0 2
0 -0.045 -0.415 0 2
0 -0.045 -0.405 0 2
0 -0.045 -0.395 0 2
0 -0.045 -0.385 0 2
0 -0.045 -0.375 0 2
0 -0.045 -0.365 0 2
0 -0.045 -0.355 0 2
0 -0.045 -0.345 0 2
0 -0.045 -0.335 0 2
0 -0.045 -0.325 0 2
0 -0.045 -0.315 0 2
0 -0.045 -0.305 0 1
0 -0.045 -0.295 0 1
0 -0.045 -0.285 0 2
0 -0.045 -0.275 0 2
0 -0.045 -0.265 0 2
0 -0.045 -0.255 0 2
0 -0.045 -0.245 0 2
0 -0.045 -0.235 0 2
0 -0.045 -0.225 0 2
0 -0.045 -0.215 0 2
0 -0.045 -0.205 0 2
0 -0.045 -0.195 0 2
0 -0.045 -0.185 0 2
0 -0.045 -0.175 0 2
0 -0.045 -0.165 0 2
0 -0.045 -0.155 0 2
0 -0.045 -0.145 0 2
0 -0.045 -0.135 0 2
0 -0.045 -0.125 0 2
0 -0.045 -0.115 0 2
0 -0.045 -0.105 0 2
0 -0.045 -0.095 0 2
0 -0.045 -0.085 0 2
0 -0.045 -0.075 0 2
0 -0.045 -0.065 0 2
0 -0.045 -0.055 0 1
0 -0.045 -0.045 0 1
0 -0.045 -0.035 0 1
0 -0.045 -0.025 0 1
0 -0.045 -0.015 0 1
0 -0.045 -0.005 0 1
0 -0.045 0.005 0 1
0 -0.045 0.015 0 1
0 -0.045 0.025 0 1
0 -0.045 0.035 0 1
0 -0.045 0.045 0 1
0 -0.045 0.055 0 1
0 -0.045 0.065 0 1
0 -0.045 0.075 0 2
0 -0.045 0.085 0 2
0 -0.045 0.095 0 2
0 -0.045 0.105 0 2
0 -0.045 0.115 0 2
0 -0.045 0.125 0 2
0 -0.045 0.135 0 2
0 -0.045 0.145 0 2
0 -0.045 0.155 0 1
0 -0.045 0.165 0 1
0 -0.045 0.175 0 1
0 -0.045 0.185 0 1
0 -0.045 0.195 0 1
0 -0.045 0.205 0 1
0 -0.045 0.215 0 1
0 -0.045 0.225 0 1
0 -0.045 0.235 0 1
0 -0.045 0.245 0 2
0 -0.045 0.255 0 2
0 -0.045 0.265 0 2
0 -0.045 0.275 0 2
0 -0.045 0.285 0 2
0 -0.045 0.295 0 1
0 -0.045 0.305 0 1
0 -0.045 0.315 0 1
0 -0.045 0.325 0 1
0 -0.045 0.335 0 1
0 -0.045 0.345 0 1
0 -0.045 0.355 0 1
0 -0.045 0.365 0 1
0 -0.045 0.375 0 2
0 -0.045 0.385 0 2
0 -0.045 0.395 0 2
0 -0.045 0.405 0 2
0 -0.045 0.415 0 2
0 -0.045 0.425 0 2
0 -0.045 0.435 0 2
0 -0.045 0.445 0 2
0 -0.045 0.455 0 2
0 -0.045 0.465 0 2
0 -0.035 -0.455 0 2
0 -0.035 -0.445 0 2
0 -0.035 -0.435 0 2
0 -0.035 -0.425 0 2
0 -0.035 -0.415 0 2
0 -0.035 -0.405 0 2
0 -0.035 -0.395 0 2
0 -0.035 -0.385 0 2
0 -0.035 -0.375 0 2
0 -0.035 -0.365 0 2
0 -0.035 -0.355 0 2
0 -0.035 -0.345 0 2
0 -0.035 -0.335 0 2
0 -0.035 -0.325 0 2
0 -0.035 -0.315 0 2
0 -0.035 -0.305 0 2
0 -0.035 -0.295 0 2
0 -0.035 -0.285 0 2
0 -0.035 -0.275 0 2
0 -0.035 -0.265 0 2
0 -0.035 -0.255 0 2
0 -0.035 -0.245 0 2
0 -0.035 -0.235 0 2
0 -0.035 -0.225 0 2
0 -0.035 -0.215 0 2
0 -0.035 -0.205 0 2
0 -0.035 -0.195 0 2
0 -0.035 -0.185 0 2
0 -0.035 -0.175 0 2
0 -0.035 -0.165 0 2
0 -0.035 -0.155 0 2
0 -0.035 -0.145 0 2
0 -0.035 -0.135 0 2
0 -0.035 -0.125 0 2
0 -0.035 -0.115 0 2
0 -0.035 -0.105 0 2
0 -0.035 -0.095 0 2
0 -0.035 -0.085 0 2
0 -0.035 -0.075 0 2
0 -0.035 -0.065 0 2
0 -0.035 -0.055 0 1
0 -0.035 -0.045 0 1
0 -0.035 -0.035 0 1
0 -0.035 -0.025 0 1
0 -0.035 -0.015 0 1
0 -0.035 -0.005 0 1
0 -0.035 0.005 0 1
0 -0.035 0.015 0 1
0 -0.035 0.025 0 1
0 -0.035 0.035 0 1
0 -0.035 0.045 0 1
0 -0.035 0.055 0 1
0 -0.035 0.065 0 1
0 -0.035 0.075 0 2
0 -0.035 0.085 0 2
0 -0.035 0.095 0 2
0 -0.035 0.105 0 2
0 -0.035 0.115 0 2
0 -0.035 0.125 0 2
0 -0.035 0.135 0 2
0 -0.035 0.145 0 2
0 -0.035 0.155 0 2
0 -0.035 0.165 0 1
0 -0.035 0.175 0 1
0 -0.035 0.185 0 1
0 -0.035 0.195 0 1
0 -0.035 0.205 0 1
0 -0.035 0.215 0 1
0 -0.035 0.225 0 1
0 -0.035 0.235 0 1
0 -0.035 0.245 0 2
0 -0.035 0.255 0 2
0 -0.035 0.265 0 2
0 -0.035 0.275 0 2
0 -0.035 0.285 0 2
0 -0.035 0.295 0 2
0 -0.035 0.305 0 2
0 -0.035 0.315 0 1
0 -0.035 0.325 0 1
0 -0.035 0.335 0 1
0 -0.035 0.345 0 1
0 -0.035 0.355 0 1
0 -0.035 0.365 0 2
0 -0.035 0.375 0 2
0 -0.035 0.385 0 2
0 -0.035 0.395 0 2
0 -0.035 0.405 0 2
0 -0.035 0.415 0 2
0 -0.035 0.425 0 2
0 -0.035 0.435 0 2
0 -0.035 0.445 0 2
0 -0.035 0.455 0 2
0 -0.035 0.465 0 2
0 -0.025 -0.455 0 2
0 -0.025 -0.445 0 2
0 -0.025 -0.435 0 2
0 -0.025 -0.425 0 2
0 -0.025 -0.415 0 2
0 -0.025 -0.405 0 2
0 -0.025 -0.395 0 2
0 -0.025 -0.385 0 2
0 -0.025 -0.375 0 2
0 -0.025 -0.365 0 2
0 -0.025 -0.355 0 2
0 -0.025 -0.345 0 2
0 -0.025 -0.335 0 2
0 -0.025 -0.325 0 2
0 -0.025 -0.315 0 2
0 -0.025 -0.305 0 2
0 -0.025 -0.295 0 2
0 -0.025 -0.285 0 2
0 -0.025 -0.275 0 2
0 -0.025 -0.265 0 2
0 -0.025 -0.255 0 2
0 -0.025 -0.245 0 2
0 -0.025 -0.235 0 2
0 -0.025 -0.225 0 2
0 -0.025 -0.215 0 2
0 -0.025 -0.205 0 2
0 -0.025 -0.195 0 2
0 -0.025 -0.185 0 2
0 -0.025 -0.175 0 2
0 -0.025 -0.165 0 2
0 -0.025 -0.155 0 2
0 -0.025 -0.145 0 2
0 -0.025 -0.135 0 2
0 -0.025 -0.125 0 2
0 -0.025 -0.115 0 2
0 -0.025 -0.105 0 2
0 -0.025 -0.095 0 2
0 -0.025 -0.085 0 2
0 -0.025 -0.075 0 2
0 -0.025 -0.065 0 2
0 -0.025 -0.055 0 1
0 -0.025 -0.045 0 1
0 -0.025 -0.035 0 1
0 -0.025 -0.025 0 1
0 -0.025 -0.015 0 1
0 -0.025 -0.005 0 1
0 -0.025 0.005 0 1
0 -0.025 0.015 0 1
0 -0.025 0.025 0 1
0 -0.025 0.035 0 1
0 -0.025 0.045 0 1
0 -0.025 0.055 0 1
0 -0.025 0.065 0 2
0 -0.025 0.075 0 2
0 -0.025 0.085 0 2
0 -0.025 0.095 0 2
0 -0.025 0.105 0 2
0 -0.025 0.115 0 2
0 -0.025 0.125 0 2
0 -0.025 0.135 0 2
0 -0.025 0.145 0 2
0 -0.025 0.155 0 2
0 -0.025 0.165 0 2
0 -0.025 0.175 0 2
0 -0.025 0.185 0 2
0 -0.025 0.195 0 1
0 -0.025 0.205 0 1
0 -0.025 0.215 0 1
0 -0.025 0.225 0 2
0 -0.025 0.235 0 2
0 -0.025 0.245 0 2
0 -0.025 0.255 0 2
0 -0.025 0.265 0 2
0 -0.025 0.275 0 2
0 -0.025 0.285 0 2
0 -0.025 0.295 0 2
0 -0.025 0.305 0 2
0 -0.025 0.315 0 2
0 -0.025 0.325 0 2
0 -0.025 0.335 0 2
0 -0.025 0.345 0 2
0 -0.025 0.355 0 2
0 -0.025 0.365 0 2
0 -0.025 0.375 0 1
0 -0.025 0.385 0 1
0 -0.025 0.395 0 1
0 -0.025 0.405 0 2
0 -0.025 0.415 0 2
0 -0.025 0.425 0 2
0 -0.025 0.435 0 2
0 -0.025 0.445 0 2
0 -0.025 0.455 0 2
0 -0.025 0.465 0 2
0 -0.015 -0.455 0 2
0 -0.015 -0.445 0 2
0 -0.015 -0.435 0 2
0 -0.015 -0.425 0 2
0 -0.015 -0.415 0 2
0 -0.015 -0.405 0 2
0 -0.015 -0.395 0 2
0 -0.015 -0.385 0 2
0 -0.015 -0.375 0 2
0 -0.015 -0.365 0 2
0 -0.015 -0.355 0 2
0 -0.015 -0.345 0 2
0 -0.015 -0.335 0 2
0 -0.015 -0.325 0 2
0 -0.015 -0.315 0 2
0 -0.015 -0.305 0 2
0 -0.015 -0.295 0 2
0 -0.015 -0.285 0 2
0 -0.015 -0.275 0 2
0 -0.015 -0.265 0 2
0 -0.015 -0.255 0 2
0 -0.015 -0.245 0 2
0 -0.015 -0.235 0 2
0 -0.015 -0.225 0 2
0 -0.015 -0.215 0 2
0 -0.015 -0.205 0 2
0 -0.015 -0.195 0 2
0 -0.015 -0.185 0 2
0 -0.015 -0.175 0 2
0 -0.015 -0.165 0 2
0 -0.015 -0.155 0 2
0 -0.015 -0.145 0 2
0 -0.015 -0.135 0 2
0 -0.015 -0.125 0 2
0 -0.015 -0.115 0 2
0 -0.015 -0.105 0 2
0 -0.015 -0.095 0 2
0 -0.015 -0.085 0 2
0 -0.015 -0.075 0 2
0 -0.015 -0.065 0 2
0 -0.015 -0.055 0 2
0 -0.015 -0.045 0 1
0 -0.015 -0.035 0 1
0 -0.015 -0.025 0 1
0 -0.015 -0.015 0 2
0 -0.015 -0.005 0 2
0 -0.015 0.005 0 1
0 -0.015 0.015 0 1
0 -0.015 0.025 0 1
0 -0.015 0.035 0 1
0 -0.015 0.045 0 1
0 -0.015 0.055 0 1
0 -0.015 0.065 0 2
0 -0.015 0.075 0 2
0 -0.015 0.085 0 2
0 -0.015 0.095 0 2
0 -0.015 0.105 0 2
0 -0.015 0.115 0 2
0 -0.015 0.125 0 2
0 -0.015 0.135 0 2
0 -0.015 0.145 0 2
0 -0.015 0.155 0 2
0 -0.015 0.165 0 2
0 -0.015 0.175 0 2
0 -0.015 0.185 0 2
0 -0.015 0.195 0 2
0 -0.015 0.205 0 2
0 -0.015 0.215 0 2
0 -0.015 0.225 0 2
0 -0.015 0.235 0 2
0 -0.015 0.245 0 2
0 -0.015 0.255 0 2
0 -0.015 0.265 0 2
0 -0.015 0.275 0 2
0 -0.015 0.285 0 2
0 -0.015 0.295 0 2
0 -0.015 0.305 0 2
0 -0.015 0.315 0 2
0 -0.015 0.325 0 2
0 -0.015 0.335 0 2
0 -0.015 0.345 0 2
0 -0.015 0.355 0 2
0 -0.015 0.365 0 1
0 -0.015 0.375 0 1
0 -0.015 0.385 0 1
0 -0.015 0.395 0 1
0 -0.015 0.405 0 1
0 -0.015 0.415 0 2
0 -0.015 0.425 0 2
0 -0.015 0.435 0 2
0 -0.015 0.445 0 2
0 -0.015 0.455 0 2
0 -0.015 0.465 0 2
0 -0.005 -0.455 0 2
0 -0.005 -0.445 0 2
0 -0.005 -0.435 0 2
0 -0.005 -0.425 0 2
0 -0.005 -0.415 0 2
0 -0.005 -0.405 0 2
0 -0.005 -0.395 0 2
0 -0.005 -0.385 0 2
0 -0.005 -0.375 0 2
0 -0.005 -0.365 0 2
0 -0.005 -0.355 0 2
0 -0.005 -0.345 0 2
0 -0.005 -0.335 0 2
0 -0.005 -0.325 0 2
0 -0.005 -0.315 0 2
0 -0.005 -0.305 0 2
0 -0.005 -0.295 0 2
0 -0.005 -0.285 0 2
0 -0.005 -0.275 0 2
0 -0.005 -0.265 0 2
0 -0.005 -0.255 0 2
0 -0.005 -0.245 0 2
0 -0.005 -0.235 0 2
0 -0.005 -0.225 0 2
0 -0.005 -0.215 0 2
0 -0.005 -0.205 0 2
0 -0.005 -0.195 0 2
0 -0.005 -0.185 0 2
0 -0.005 -0.175 0 2
0 -0.005 -0.165 0 2
0 -0.005 -0.155 0 2
0 -0.005 -0.145 0 2
0 -0.005 -0.135 0 2
0 -0.005 -0.125 0 2
0 -0.005 -0.115 0 2
0 -0.005 -0.105 0 2
0 -0.005 -0.095 0 2
0 -0.005 -0.085 0 2
0 -0.005 -0.075 0 2
0 -0.005 -0.065 0 2
0 -0.005 -0.055 0 2
0 -0.005 -0.045 0 2
0 -0.005 -0.035 0 2
0 -0.005 -0.025 0 2
0 -0.005 -0.015 0 2
0 -0.005 -0.005 0 2
0 -0.005 0.005 0 2
0 -0.005 0.015 0 1
0 -0.005 0.025 0 1
0 -0.005 0.035 0 1
0 -0.005 0.045 0 1
0 -0.005 0.055 0 2
0 -0.005 0.065 0 2
0 -0.005 0.075 0 2
0 -0.005 0.085 0 2
0 -0.005 0.095 0 2
0 -0.005 0.105 0 2
0 -0.005 0.115 0 2
0 -0.005 0.125 0 2
0 -0.005 0.135 0 2
0 -0.005 0.145 0 2
0 -0.005 0.155 0 2
0 -0.005 0.165 0 2
0 -0.005 0.175 0 2
0 -0.005 0.185 0 2
0 -0.005 0.195 0 2
0 -0.005 0.205 0 2
0 -0.005 0.215 0 2
0 -0.005 0.225 0 2
0 -0.005 0.235 0 2
0 -0.005 0.245 0 2
0 -0.005 0.255 0 2
0 -0.005 0.265 0 2
0 -0.005 0.275 0 2
0 -0.005 0.285 0 2
0 -0.005 0.295 0 2
0 -0.005 0.305 0 2
0 -0.005 0.315 0 2
0 -0.005 0.325 0 2
0 -0.005 0.335 0 2
0 -0.005 0.345 0 2
0 -0.005 0.355 0 2
0 -0.005 0.365 0 1
0 -0.005 0.375 0 1
0 -0.005 0.385 0 1
0 -0.005 0.395 0 1
0 -0.005 0.405 0 1
0 -0.005 0.415 0 1
0 -0.005 0.425 0 2
0 -0.005 0.435 0 2
0 -0.005 0.445 0 2
0 -0.005 0.455 0 2
0 -0.005 0.465 0 2
0 0.005 -0.455 0 1
0 0.005 -0.445 0 2
0 0.005 -0.435 0 2
0 0.005 -0.425 0 2
0 0.005 -0.415 0 2
0 0.005 -0.405 0 2
0 0.005 -0.395 0.0002538557023 2
0 0.005 -0.385 0.0003331583945 2
0 0.005 -0.375 0.0003791947174 2
0 0.005 -0.365 0.0004012588424 2
0 0.005 -0.355 0.0004073382107 2
0 0.005 -0.345 0.0004033126761 2
0 0.005 -0.335 0.0003925367581 2
0 0.005 -0.325 0.0003777176571 2
0 0.005 -0.315 0.0003607318648 2
0 0.005 -0.305 0.0003435666886 2
0 0.005 -0.295 0.0003275157277 2
0 0.005 -0.285 0.0003136322199 2
0 0.005 -0.275 0.000304258917 2
0 0.005 -0.265 0.0002905849192 2
0 0.005 -0.255 0.00026188315 2
0 0.005 -0.245 0.0002045490619 2
0 0.005 -0.235 0.0001377533989 2
0 0.005 -0.225 7.494088362e-05 2
0 0.005 -0.215 2.523156214e-05 2
0 0.005 -0.205 -1.87182443e-05 2
0 0.005 -0.195 -5.876599106e-05 2
0 0.005 -0.185 -9.206326617e-05 2
0 0.005 -0.175 -0.000120595139 2
0 0.005 -0.165 -0.0001457342866 2
0 0.005 -0.155 -0.0001687451369 2
0 0.005 -0.145 -0.0001903663151 2
0 0.005 -0.135 -0.0002111556153 2
0 0.005 -0.125 -0.0002314948937 2
0 0.005 -0.115 -0.0002515958778 2
0 0.005 -0.105 -0.0002715305016 2
0 0.005 -0.095 -0.0002912473647 2
0 0.005 -0.085 -0.0003105502325 2
0 0.005 -0.075 -0.0003291400618 2
0 0.005 -0.065 -0.0003442268759 2
0 0.005 -0.055 -0.0003558717899 2
0 0.005 -0.045 -0.0003630193452 2
0 0.005 -0.035 -0.0003751580962 2
0 0.005 -0.025 -0.0003895160196 2
0 0.005 -0.015 -0.0004047214589 2
0 0.005 -0.005 -0.0004079012638 2
0 0.005 0.005 -0.0003979155702 2
0 0.005 0.015 -0.0003711929598 2
0 0.005 0.025 -0.0003618175419 2
0 0.005 0.035 -0.0003578628774 2
0 0.005 0.045 -0.0003592865051 2
0 0.005 0.055 -0.0003798277691 2
0 0.005 0.065 -0.0003901101177 2
0 0.005 0.075 -0.0003908171545 2
0 0.005 0.085 -0.0003819662855 2
0 0.005 0.095 -0.0003668319175 2
0 0.005 0.105 -0.0003490067694 2
0 0.005 0.115 -0.0003291486593 2
0 0.005 0.125 -0.0003079274149 2
0 0.005 0.135 -0.0002862257626 2
0 0.005 0.145 -0.0002652548394 2
0 0.005 0.155 -0.000250269844 2
0 0.005 0.165 -0.0002394100049 2
0 0.005 0.175 -0.0002196464277 2
0 0.005 0.185 -0.0001765833076 1
0 0.005 0.195 -0.0001145043207 1
0 0.005 0.205 -5.34215182e-05 1
0 0.005 0.215 5.178437311e-06 1
0 0.005 0.225 6.486158717e-05 1
0 0.005 0.235 0.0001200706115 2
0 0.005 0.245 0.0001823110796 2
0 0.005 0.255 0.0002287916522 2
0 0.005 0.265 0.0002579481588 2
0 0.005 0.275 0.0002759148596 2
0 0.005 0.285 0.0002925460235 2
0 0.005 0.295 0.0003118842235 2
0 0.005 0.305 0.0003310968038 2
0 0.005 0.315 0.0003481629577 2
0 0.005 0.325 0.0003598426741 2
0 0.005 0.335 0.0003600861805 2
0 0.005 0.345 0.0003418823621 2
0 0.005 0.355 0.0003125881523 1
0 0.005 0.365 0.0002794961576 1
0 0.005 0.375 0.0002610232908 1
0 0.005 0.385 0.000228955944 1
0 0.005 0.395 0.0001736311856 1
0 0.005 0.405 0 1
0 0.005 0.415 0 1
0 0.005 0.425 0 1
0 0.005 0.435 0 2
0 0.005 0.445 0 2
0 0.005 0.455 0 2
0 0.005 0.465 0 2
0 0.015 -0.455 0 1
0 0.015 -0.445 0 2
0 0.015 -0.435 0 2
0 0.015 -0.425 0 2
0 0.015 -0.415 0 2
0 0.015 -0.405 0 2
0 0.015 -0.395 0.0003588668263 2
0 0.015 -0.385 0.0004960308545 2
0 0.015 -0.375 0.0005819398721 2
0 0.015 -0.365 0.00062409847 2
0 0.015 -0.355 0.0006386832379 2
0 0.015 -0.345 0.0006355663464 2
0 0.015 -0.335 0.0006209435936 2
0 0.015 -0.325 0.0005994965796 2
0 0.015 -0.315 0.0005744370625 2
0 0.015 -0.305 0.0005490392279 2
0 0.015 -0.295 0.0005253371423 2
0 0.015 -0.285 0.000511444729 2
0 0.015 -0.275 0.0005020869911 2
0 0.015 -0.265 0.0004827255182 2
0 0.015 -0.255 0.000433774049 2
0 0.015 -0.245 0.0003481224496 2
0 0.015 -0.235 0.0002552478216 2
0 0.015 -0.225 0.0001586679834 2
0 0.015 -0.215 7.499828654e-05 2
0 0.015 -0.205 -1.294655283e-06 2
0 0.015 -0.195 -6.285640199e-05 2
0 0.015 -0.185 -0.0001119685866 2
0 0.015 -0.175 -0.0001548199194 2
0 0.015 -0.165 -0.0001913638459 2
0 0.015 -0.155 -0.0002241863884 2
0 0.015 -0.145 -0.0002549532074 2
0 0.015 -0.135 -0.0002847225838 2
0 0.015 -0.125 -0.0003141600244 2
0 0.015 -0.115 -0.0003436832541 2
0 0.015 -0.105 -0.0003734418975 2
0 0.015 -0.095 -0.0004033702523 2
0 0.015 -0.085 -0.0004331258145 2
0 0.015 -0.075 -0.0004621966305 2
0 0.015 -0.065 -0.0004896980832 2
0 0.015 -0.055 -0.0005153918281 2
0 0.015 -0.045 -0.0005388522275 2
0 0.015 -0.035 -0.000561172837 2
0 0.015 -0.025 -0.0005810171812 2
0 0.015 -0.015 -0.0005970985947 2
0 0.015 -0.005 -0.0006036369983 2
0 0.015 0.005 -0.000599612365 2
0 0.015 0.015 -0.0005820746781 2
0 0.015 0.025 -0.000571119677 2
0 0.015 0.035 -0.0005653818079 2
0 0.015 0.045 -0.0005667328989 2
0 0.015 0.055 -0.000578379612 2
0 0.015 0.065 -0.0005816345506 2
0 0.015 0.075 -0.0005756177546 2
0 0.015 0.085 -0.0005587746907 2
0 0.015 0.095 -0.0005361965765 2
0 0.015 0.105 -0.0005091977515 2
0 0.015 0.115 -0.0004788559941 2
0 0.015 0.125 -0.0004462396094 2
0 0.015 0.135 -0.0004126493596 2
0 0.015 0.145 -0.0003803116133 2
0 0.015 0.155 -0.0003543563838 2
0 0.015 0.165 -0.0003374744479 2
0 0.015 0.175 -0.0003097673692 2
0 0.015 0.185 -0.0002406629188 1
0 0.015 0.195 -0.0001493888298 1
0 0.015 0.205 -5.851302475e-05 1
0 0.015 0.215 2.743075535e-05 1
0 0.015 0.225 0.0001156762274 1
0 0.015 0.235 0.0002065059856 1
0 0.015 0.245 0.0002955378592 1
0 0.015 0.255 0.0003712082381 2
0 0.015 0.265 0.0004273815021 2
0 0.015 0.275 0.0004576208283 2
0 0.015 0.285 0.0004791954017 2
0 0.015 0.295 0.0005023701679 2
0 0.015 0.305 0.000530506505 2
0 0.015 0.315 0.0005547932286 2
0 0.015 0.325 0.0005702678277 2
0 0.015 0.335 0.0005656221551 2
0 0.015 0.345 0.0005352245915 2
0 0.015 0.355 0.0004741468103 1
0 0.015 0.365 0.0004409852013 1
0 0.015 0.375 0.0004040742999 1
0 0.015 0.385 0.0003426822247 1
0 0.015 0.395 0.0002444159025 1
0 0.015 0.405 0 1
0 0.015 0.415 0 1
0 0.015 0.425 0 1
0 0.015 0.435 0 2
0 0.015 0.445 0 2
0 0.015 0.455 0 2
0 0.015 0.465 0 2
0 0.025 -0.455 0 1
0 0.025 -0.445 0 1
0 0.025 -0.435 0 2
0 0.025 -0.425 0 2
0 0.025 -0.415 0 2
0 0.025 -0.405 0 2
0 0.025 -0.395 0.0004531021225 2
0 0.025 -0.385 0.0006509265926 2
0 0.025 -0.375 0.0007827820247 2
0 0.025 -0.365 0.0008498382956 2
0 0.025 -0.355 0.0008767178646 2
0 0.025 -0.345 0.0008771380844 2
0 0.025 -0.335 0.0008606354779 2
0 0.025 -0.325 0.0008340973526 2
0 0.025 -0.315 0.000802191435 2
0 0.025 -0.305 0.0007692407601 2
0 0.025 -0.295 0.0007382331135 2
0 0.025 -0.285 0.0007221529335 2
0 0.025 -0.275 0.000707471043 2
0 0.025 -0.265 0.0006783875187 2
0 0.025 -0.255 0.0006053444802 1
0 0.025 -0.245 0.0004970857441 1
0 0.025 -0.235 0.0003862368966 1
0 0.025 -0.225 0.000267218314 2
0 0.025 -0.215 0.0001551930836 2
0 0.025 -0.205 4.39847266e-05 2
0 0.025 -0.195 -4.595318988e-05 2
0 0.025 -0.185 -0.0001134842116 2
0 0.025 -0.175 -0.0001675331277 2
0 0.025 -0.165 -0.0002142338401 2
0 0.025 -0.155 -0.00025523372 2
0 0.025 -0.145 -0.0002933852646 2
0 0.025 -0.135 -0.0003305718805 2
0 0.025 -0.125 -0.0003678001792 2
0 0.025 -0.115 -0.0004057653938 2
0 0.025 -0.105 -0.0004447421371 2
0 0.025 -0.095 -0.0004846732123 2
0 0.025 -0.085 -0.0005251285959 2
0 0.025 -0.075 -0.0005654217383 2
0 0.025 -0.065 -0.0006046203262 2
0 0.025 -0.055 -0.0006421068474 2
0 0.025 -0.045 -0.0006772269464 2
0 0.025 -0.035 -0.0007097848341 2
0 0.025 -0.025 -0.0007383244983 2
0 0.025 -0.015 -0.0007611728352 2
0 0.025 -0.005 -0.0007756259107 2
0 0.025 0.005 -0.0007812928686 2
0 0.025 0.015 -0.0007787230829 2
0 0.025 0.025 -0.0007744841079 2
0 0.025 0.035 -0.0007700388316 2
0 0.025 0.045 -0.000766477422 2
0 0.025 0.055 -0.0007637811276 2
0 0.025 0.065 -0.0007559987026 2
0 0.025 0.075 -0.0007412274121 2
0 0.025 0.085 -0.0007182475758 2
0 0.025 0.095 -0.0006881826735 2
0 0.025 0.105 -0.0006522472643 2
0 0.025 0.115 -0.0006117988862 2
0 0.025 0.125 -0.0005682169441 2
0 0.025 0.135 -0.000523254236 2
0 0.025 0.145 -0.0004800345478 2
0 0.025 0.155 -0.000442217284 2
0 0.025 0.165 -0.0004181908758 2
0 0.025 0.175 -0.0003814290579 1
0 0.025 0.185 -0.0002935527698 1
0 0.025 0.195 -0.0001732843337 1
0 0.025 0.205 -5.254533423e-05 1
0 0.025 0.215 5.966925816e-05 1
0 0.025 0.225 0.0001738617235 1
0 0.025 0.235 0.0002912728174 1
0 0.025 0.245 0.0004080192192 1
0 0.025 0.255 0.0005262811898 1
0 0.025 0.265 0.0006084369099 2
0 0.025 0.275 0.0006510931961 2
0 0.025 0.285 0.0006814640208 2
0 0.025 0.295 0.0007092703761 2
0 0.025 0.305 0.000744589035 2
0 0.025 0.315 0.0007740640505 2
0 0.025 0.325 0.0007913460964 2
0 0.025 0.335 0.0007790353172 2
0 0.025 0.345 0.0007374195986 2
0 0.025 0.355 0.0006696994742 2
0 0.025 0.365 0.0006105773748 1
0 0.025 0.375 0.0005496719914 1
0 0.025 0.385 0.0004514831995 1
0 0.025 0.395 0.0003086136819 1
0 0.025 0.405 0 1
0 0.025 0.415 0 1
0 0.025 0.425 0 1
0 0.025 0.435 0 2
0 0.025 0.445 0 2
0 0.025 0.455 0 2
0 0.025 0.465 0 2
0 0.035 -0.455 0 1
0 0.035 -0.445 0 1
0 0.035 -0.435 0 2
0 0.035 -0.425 0 2
0 0.035 -0.415 0 2
0 0.035 -0.405 0 2
0 0.035 -0.395 0.0005187702411 2
0 0.035 -0.385 0.0007620644043 2
0 0.035 -0.375 0.0009314886674 2
0 0.035 -0.365 0.001022344376 2
0 0.035 -0.355 0.001062820119 2
0 0.035 -0.345 0.001069350643 2
0 0.035 -0.335 0.00105439815 2
0 0.035 -0.325 0.001026756979 2
0 0.035 -0.315 0.0009922319186 2
0 0.035 -0.305 0.0009554926129 2
0 0.035 -0.295 0.0009203394526 2
0 0.035 -0.285 0.0009008131374 2
0 0.035 -0.275 0.0008806532801 2
0 0.035 -0.265 0.0008494992036 1
0 0.035 -0.255 0.0007406045888 1
0 0.035 -0.245 0.0006121927704 1
0 0.035 -0.235 0.0004848289971 1
0 0.035 -0.225 0.0003684384811 1
0 0.035 -0.215 0.000250956675 1
0 0.035 -0.205 0.0001226399993 2
0 0.035 -0.195 7.726549173e-06 2
0 0.035 -0.185 -7.990279105e-05 2
0 0.035 -0.175 -0.0001413706725 2
0 0.035 -0.165 -0.0001898221411 2
0 0.035 -0.155 -0.0002336548841 2
0 0.035 -0.145 -0.0002739018743 2
0 0.035 -0.135 -0.00031352554 2
0 0.035 -0.125 -0.0003540381404 2
0 0.035 -0.115 -0.0003963384424 2
0 0.035 -0.105 -0.0004408645017 2
0 0.035 -0.095 -0.0004876032085 2
0 0.035 -0.085 -0.0005361376882 2
0 0.035 -0.075 -0.0005856916092 2
0 0.035 -0.065 -0.000635187346 2
0 0.035 -0.055 -0.0006834782359 2
0 0.035 -0.045 -0.0007293188617 2
0 0.035 -0.035 -0.0007715384956 2
0 0.035 -0.025 -0.0008085503857 2
0 0.035 -0.015 -0.000838772865 2
0 0.035 -0.005 -0.0008605953337 2
0 0.035 0.005 -0.0008737705028 2
0 0.035 0.015 -0.0008790494883 2
0 0.035 0.025 -0.0008795105608 2
0 0.035 0.035 -0.0008766735886 2
0 0.035 0.045 -0.0008713667319 2
0 0.035 0.055 -0.0008632556271 2
0 0.035 0.065 -0.0008496715187 2
0 0.035 0.075 -0.0008291390497 2
0 0.035 0.085 -0.0008008150719 2
0 0.035 0.095 -0.0007652221802 2
0 0.035 0.105 -0.000723278174 2
0 0.035 0.115 -0.0006762222456 2
0 0.035 0.125 -0.0006255081174 2
0 0.035 0.135 -0.0005731258064 2
0 0.035 0.145 -0.0005222391781 2
0 0.035 0.155 -0.0004780929752 2
0 0.035 0.165 -0.00044832014 2
0 0.035 0.175 -0.0004010745725 2
0 0.035 0.185 -0.0003025148518 1
0 0.035 0.195 -0.0001675983485 1
0 0.035 0.205 -2.927226587e-05 1
0 0.035 0.215 0.0001004276222 1
0 0.035 0.225 0.0002302531919 1
0 0.035 0.235 0.0003649173208 1
0 0.035 0.245 0.0005050021773 1
0 0.035 0.255 0.0006477269344 1
0 0.035 0.265 0.0007698434366 1
0 0.035 0.275 0.0008190123198 2
0 0.035 0.285 0.0008567345832 2
0 0.035 0.295 0.0008882421379 2
0 0.035 0.305 0.000926097511 2
0 0.035 0.315 0.0009567390064 2
0 0.035 0.325 0.0009725270576 2
0 0.035 0.335 0.0009590801929 2
0 0.035 0.345 0.0009115001631 2
0 0.035 0.355 0.0008375930101 2
0 0.035 0.365 0.0007458325171 1
0 0.035 0.375 0.0006587258643 1
0 0.035 0.385 0.000527880663 1
0 0.035 0.395 0.0003533203887 1
0 0.035 0.405 0 1
0 0.035 0.415 0 1
0 0.035 0.425 0 1
0 0.035 0.435 0 1
0 0.035 0.445 0 2
0 0.035 0.455 0 2
0 0.035 0.465 0 2
0 0.045 -0.455 0 1
0 0.045 -0.445 0 1
0 0.045 -0.435 0 2
0 0.045 -0.425 0 2
0 0.045 -0.415 0 2
0 0.045 -0.405 0 2
0 0.045 -0.395 0.0005690334705 2
0 0.045 -0.385 0.0008494625932 2
0 0.045 -0.375 0.001050714622 2
0 0.045 -0.365 0.001163262539 2
0 0.045 -0.355 0.001217679067 2
0 0.045 -0.345 0.001232056026 2
0 0.045 -0.335 0.001221057377 2
0 0.045 -0.325 0.001195260368 2
0 0.045 -0.315 0.001161605277 2
0 0.045 -0.305 0.001124116433 2
0 0.045 -0.295 0.001086879087 2
0 0.045 -0.285 0.001065140637 2
0 0.045 -0.275 0.001040407456 2
0 0.045 -0.265 0.0009875108056 1
0 0.045 -0.255 0.0008619654672 1
0 0.045 -0.245 0.000718495992 1
0 0.045 -0.235 0.0005820006332 1
0 0.045 -0.225 0.0004565418006 1
0 0.045 -0.215 0.0003330217475 1
0 0.045 -0.205 0.00020993309 1
0 0.045 -0.195 8.486949894e-05 2
0 0.045 -0.185 -1.674886833e-05 2
0 0.045 -0.175 -8.2568801e-05 2
0 0.045 -0.165 -0.0001284328238 2
0 0.045 -0.155 -0.0001698224198 2
0 0.045 -0.145 -0.0002076035832 2
0 0.045 -0.135 -0.0002454860361 2
0 0.045 -0.125 -0.0002856561518 2
0 0.045 -0.115 -0.0003290793508 2
0 0.045 -0.105 -0.0003763769965 2
0 0.045 -0.095 -0.0004276247089 2
0 0.045 -0.085 -0.0004823966849 2
0 0.045 -0.075 -0.0005397465308 2
0 0.045 -0.065 -0.0005982774997 2
0 0.045 -0.055 -0.0006563393101 2
0 0.045 -0.045 -0.0007121295499 2
0 0.045 -0.035 -0.0007638609403 2
0 0.045 -0.025 -0.0008097223915 2
0 0.045 -0.015 -0.0008481389518 2
0 0.045 -0.005 -0.0008779000442 2
0 0.045 0.005 -0.0008986994327 2
0 0.045 0.015 -0.0009110439401 2
0 0.045 0.025 -0.0009164312299 2
0 0.045 0.035 -0.000915958206 2
0 0.045 0.045 -0.0009102542488 2
0 0.045 0.055 -0.0008992281214 2
0 0.045 0.065 -0.0008818500223 2
0 0.045 0.075 -0.000857359611 2
0 0.045 0.085 -0.0008253637378 2
0 0.045 0.095 -0.0007861558674 2
0 0.045 0.105 -0.0007404441603 2
0 0.045 0.115 -0.0006893219995 2
0 0.045 0.125 -0.0006342400632 2
0 0.045 0.135 -0.0005772543985 2
0 0.045 0.145 -0.0005210777104 2
0 0.045 0.155 -0.0004716298259 2
0 0.045 0.165 -0.0004321398368 2
0 0.045 0.175 -0.0003809869871 2
0 0.045 0.185 -0.0002844287059 1
0 0.045 0.195 -0.0001436428715 1
0 0.045 0.205 7.0858693e-06 1
0 0.045 0.215 0.0001536177561 1
0 0.045 0.225 0.000298387013 1
0 0.045 0.235 0.0004449893103 1
0 0.045 0.245 0.0005968694789 1
0 0.045 0.255 0.0007535473411 1
0 0.045 0.265 0.0008980710241 1
0 0.045 0.275 0.0009805937183 2
0 0.045 0.285 0.001026017945 2
0 0.045 0.295 0.001057430661 2
0 0.045 0.305 0.001091050545 2
0 0.045 0.315 0.001120759636 2
0 0.045 0.325 0.001133030855 2
0 0.045 0.335 0.001119558144 2
0 0.045 0.345 0.00106556384 2
0 0.045 0.355 0.0009838346721 2
0 0.045 0.365 0.0008665076726 1
0 0.045 0.375 0.0007516071106 1
0 0.045 0.385 0.0005878332525 1
0 0.045 0.395 0.0003860967731 1
0 0.045 0.405 0 1
0 0.045 0.415 0 1
0 0.045 0.425 0 1
0 0.045 0.435 0 1
0 0.045 0.445 0 2
0 0.045 0.455 0 2
0 0.045 0.465 0 2
0 0.055 -0.455 0 1
0 0.055 -0.445 0 2
0 0.055 -0.435 0 2
0 0.055 -0.425 0 2
0 0.055 -0.415 0 2
0 0.055 -0.405 0 2
0 0.055 -0.395 0.0006022984264 2
0 0.055 -0.385 0.0009157154883 2
0 0.055 -0.375 0.001145991749 2
0 0.055 -0.365 0.00127823188 2
0 0.055 -0.355 0.001346233535 2
0 0.055 -0.345 0.001367749053 2
0 0.055 -0.335 0.001359437029 2
0 0.055 -0.325 0.001335257136 2
0 0.055 -0.315 0.001305397234 2
0 0.055 -0.305 0.001269922345 2
0 0.055 -0.295 0.001232690659 2
0 0.055 -0.285 0.00120912216 2
0 0.055 -0.275 0.001177985189 2
0 0.055 -0.265 0.001107597654 1
0 0.055 -0.255 0.0009740031745 1
0 0.055 -0.245 0.0008271628718 1
0 0.055 -0.235 0.0006901184182 1
0 0.055 -0.225 0.0005558369923 1
0 0.055 -0.215 0.0004227740456 1
0 0.055 -0.205 0.0002951918446 1
0 0.055 -0.195 0.0001788999515 1
0 0.055 -0.185 7.508587883e-05 2
0 0.055 -0.175 6.307933986e-06 2
0 0.055 -0.165 -3.293876941e-05 2
0 0.055 -0.155 -6.242438756e-05 2
0 0.055 -0.145 -9.243427683e-05 2
0 0.055 -0.135 -0.0001239338059 2
0 0.055 -0.125 -0.0001596578183 2
0 0.055 -0.115 -0.0002005393774 2
0 0.055 -0.105 -0.0002473785124 2
0 0.055 -0.095 -0.0003004234434 2
0 0.055 -0.085 -0.0003592894118 2
0 0.055 -0.075 -0.0004228429807 2
0 0.055 -0.065 -0.0004892550017 2
0 0.055 -0.055 -0.0005562839406 2
0 0.055 -0.045 -0.0006214960943 2
0 0.055 -0.035 -0.0006825275628 2
0 0.055 -0.025 -0.0007372291777 2
0 0.055 -0.015 -0.0007838799902 2
0 0.055 -0.005 -0.0008213182972 2
0 0.055 0.005 -0.0008491449235 2
0 0.055 0.015 -0.0008676434281 2
0 0.055 0.025 -0.0008776778761 2
0 0.055 0.035 -0.0008800827651 2
0 0.055 0.045 -0.0008754477772 2
0 0.055 0.055 -0.0008639482203 2
0 0.055 0.065 -0.0008453169587 2
0 0.055 0.075 -0.0008193098142 2
0 0.055 0.085 -0.0007858745326 2
0 0.055 0.095 -0.0007453409322 2
0 0.055 0.105 -0.000698373458 2
0 0.055 0.115 -0.0006459810293 2
0 0.055 0.125 -0.0005895013525 2
0 0.055 0.135 -0.0005308220315 2
0 0.055 0.145 -0.0004721842783 2
0 0.055 0.155 -0.0004158751671 2
0 0.055 0.165 -0.0003681822564 2
0 0.055 0.175 -0.0003163614089 2
0 0.055 0.185 -0.0002358509618 1
0 0.055 0.195 -9.918133913e-05 1
0 0.055 0.205 5.91187603e-05 1
0 0.055 0.215 0.0002163472956 1
0 0.055 0.225 0.0003734649754 1
0 0.055 0.235 0.0005296764745 1
0 0.055 0.245 0.0006882185351 1
0 0.055 0.255 0.0008540264229 1
0 0.055 0.265 0.001010984074 1
0 0.055 0.275 0.001117088113 2
0 0.055 0.285 0.00116902176 2
0 0.055 0.295 0.001202119459 2
0 0.055 0.305 0.001236403859 2
0 0.055 0.315 0.001263275244 2
0 0.055 0.325 0.001270456276 2
0 0.055 0.335 0.001250664009 2
0 0.055 0.345 0.001188066444 2
0 0.055 0.355 0.00109542705 2
0 0.055 0.365 0.0009786159043 2
0 0.055 0.375 0.0008316705782 1
0 0.055 0.385 0.000638816581 1
0 0.055 0.395 0.0004098490066 1
0 0.055 0.405 0 1
0 0.055 0.415 0 1
0 0.055 0.425 0 1
0 0.055 0.435 0 2
0 0.055 0.445 0 2
0 0.055 0.455 0 2
0 0.055 0.465 0 2
0 0.065 -0.455 0 2
0 0.065 -0.445 0 2
0 0.065 -0.435 0 2
0 0.065 -0.425 0 2
0 0.065 -0.415 0 2
0 0.065 -0.405 0 2
0 0.065 -0.395 0.0006195952282 2
0 0.065 -0.385 0.0009582723234 2
0 0.065 -0.375 0.001209419577 2
0 0.065 -0.365 0.001357096721 2
0 0.065 -0.355 0.001440403864 2
0 0.065 -0.345 0.001473792191 2
0 0.065 -0.335 0.001469853082 2
0 0.065 -0.325 0.001448056383 2
0 0.065 -0.315 0.001423312354 2
0 0.065 -0.305 0.001393271942 2
0 0.065 -0.295 0.001358089289 2
0 0.065 -0.285 0.001327285167 2
0 0.065 -0.275 0.001290703552 2
0 0.065 -0.265 0.001215520856 1
0 0.065 -0.255 0.001085478452 1
0 0.065 -0.245 0.0009367773152 1
0 0.065 -0.235 0.0007962759924 1
0 0.065 -0.225 0.0006615170966 1
0 0.065 -0.215 0.0005291226079 1
0 0.065 -0.205 0.0003996822616 1
0 0.065 -0.195 0.000278484283 1
0 0.065 -0.185 0.0001837317926 2
0 0.065 -0.175 0.0001193970915 2
0 0.065 -0.165 9.674408795e-05 2
0 0.065 -0.155 8.55589062e-05 2
0 0.065 -0.145 6.890599308e-05 2
0 0.065 -0.135 4.833962466e-05 2
0 0.065 -0.125 2.114192039e-05 2
0 0.065 -0.115 -1.348435337e-05 2
0 0.065 -0.105 -5.652278679e-05 2
0 0.065 -0.095 -0.0001085790175 2
0 0.065 -0.085 -0.0001694162867 2
0 0.065 -0.075 -0.0002377087342 2
0 0.065 -0.065 -0.0003110398567 2
0 0.065 -0.055 -0.0003864529404 2
0 0.065 -0.045 -0.0004607621608 2
0 0.065 -0.035 -0.0005309617249 2
0 0.065 -0.025 -0.0005944637927 2
0 0.065 -0.015 -0.0006493055962 2
0 0.065 -0.005 -0.0006942409482 2
0 0.065 0.005 -0.000728781453 2
0 0.065 0.015 -0.0007530817737 2
0 0.065 0.025 -0.0007677595427 2
0 0.065 0.035 -0.0007735497134 2
0 0.065 0.045 -0.0007710935031 2
0 0.065 0.055 -0.0007608076745 2
0 0.065 0.065 -0.0007428752352 2
0 0.065 0.075 -0.0007174347742 2
0 0.065 0.085 -0.0006847089802 2
0 0.065 0.095 -0.0006451270661 2
0 0.065 0.105 -0.0005993517976 2
0 0.065 0.115 -0.000548311364 2
0 0.065 0.125 -0.0004931978506 2
0 0.065 0.135 -0.000435542552 2
0 0.065 0.145 -0.0003771931772 2
0 0.065 0.155 -0.0003194818572 2
0 0.065 0.165 -0.0002689401889 2
0 0.065 0.175 -0.0002156746917 2
0 0.065 0.185 -0.0001407537169 2
0 0.065 0.195 -1.946166211e-05 1
0 0.065 0.205 0.0001326521009 1
0 0.065 0.215 0.0002875823594 1
0 0.065 0.225 0.0004518757867 1
0 0.065 0.235 0.0006175342009 1
0 0.065 0.245 0.0007834750608 1
0 0.065 0.255 0.0009545342128 1
0 0.065 0.265 0.001118729403 1
0 0.065 0.275 0.001237339853 1
0 0.065 0.285 0.001291974851 2
0 0.065 0.295 0.001329662191 2
0 0.065 0.305 0.001365870635 2
0 0.065 0.315 0.001388296294 2
0 0.065 0.325 0.001388687378 2
0 0.065 0.335 0.001360409277 2
0 0.065 0.345 0.001292896849 2
0 0.065 0.355 0.001189611795 2
0 0.065 0.365 0.001059908127 2
0 0.065 0.375 0.0009058687811 2
0 0.065 0.385 0.0006876755996 1
0 0.065 0.395 0.0004371883247 1
0 0.065 0.405 0 1
0 0.065 0.415 0 1
0 0.065 0.425 0 1
0 0.065 0.435 0 2
0 0.065 0.445 0 2
0 0.065 0.455 0 2
0 0.065 0.465 0 2
0 0.075 -0.455 0 2
0 0.075 -0.445 0 2
0 0.075 -0.435 0 2
0 0.075 -0.425 0 2
0 0.075 -0.415 0 2
0 0.075 -0.405 0 2
0 0.075 -0.395 0.0006246993005 2
0 0.075 -0.385 0.000970689022 2
0 0.075 -0.375 0.001233690385 2
0 0.075 -0.365 0.001401555061 1
0 0.075 -0.355 0.001501333962 1
0 0.075 -0.345 0.001545233023 1
0 0.075 -0.335 0.001544395043 1
0 0.075 -0.325 0.001524741531 2
0 0.075 -0.315 0.001508635348 2
0 0.075 -0.305 0.001490333846 2
0 0.075 -0.295 0.00146044907 2
0 0.075 -0.285 0.001425851093 2
0 0.075 -0.275 0.001386670978 2
0 0.075 -0.265 0.001310927439 1
0 0.075 -0.255 0.001190227557 1
0 0.075 -0.245 0.001043729559 1
0 0.075 -0.235 0.0009043409443 1
0 0.075 -0.225 0.0007710443607 1
0 0.075 -0.215 0.0006433464689 1
0 0.075 -0.205 0.0005175270569 1
0 0.075 -0.195 0.0003951569063 1
0 0.075 -0.185 0.0003089273812 1
0 0.075 -0.175 0.0002576736848 2
0 0.075 -0.165 0.0002604455682 2
0 0.075 -0.155 0.0002724661984 2
0 0.075 -0.145 0.0002748176574 2
0 0.075 -0.135 0.0002697148293 2
0 0.075 -0.125 0.0002551386134 2
0 0.075 -0.115 0.000230702124 2
0 0.075 -0.105 0.0001951813025 2
0 0.075 -0.095 0.0001471784885 2
0 0.075 -0.085 8.655628991e-05 2
0 0.075 -0.075 1.48201706e-05 2
0 0.075 -0.065 -6.470686372e-05 2
0 0.075 -0.055 -0.0001481627696 2
0 0.075 -0.045 -0.0002314145472 2
0 0.075 -0.035 -0.0003106968906 2
0 0.075 -0.025 -0.0003828842343 2
0 0.075 -0.015 -0.0004457094986 2
0 0.075 -0.005 -0.0004978107548 2
0 0.075 0.005 -0.0005386697761 2
0 0.075 0.015 -0.0005684417729 2
0 0.075 0.025 -0.0005877280222 2
0 0.075 0.035 -0.0005973094571 2
0 0.075 0.045 -0.0005979513014 2
0 0.075 0.055 -0.0005902874201 2
0 0.075 0.065 -0.0005747983269 2
0 0.075 0.075 -0.0005518917876 2
0 0.075 0.085 -0.0005219892561 2
0 0.075 0.095 -0.0004856115873 2
0 0.075 0.105 -0.0004434245947 2
0 0.075 0.115 -0.0003962718391 2
0 0.075 0.125 -0.0003451876571 2
0 0.075 0.135 -0.0002913374514 2
0 0.075 0.145 -0.0002362275478 2
0 0.075 0.155 -0.0001806341374 2
0 0.075 0.165 -0.000128660434 2
0 0.075 0.175 -7.544282683e-05 2
0 0.075 0.185 -6.512756419e-06 2
0 0.075 0.195 9.660158743e-05 2
0 0.075 0.205 0.00023206583 1
0 0.075 0.215 0.0003810158279 1
0 0.075 0.225 0.0005439136557 1
0 0.075 0.235 0.0007088769965 1
0 0.075 0.245 0.000874314116 1
0 0.075 0.255 0.001042524404 1
0 0.075 0.265 0.001205727077 1
0 0.075 0.275 0.001327458002 2
0 0.075 0.285 0.001403094755 2
0 0.075 0.295 0.001446440139 2
0 0.075 0.305 0.001480480221 2
0 0.075 0.315 0.001497151093 2
0 0.075 0.325 0.001489249809 2
0 0.075 0.335 0.001451083115 2
0 0.075 0.345 0.001379210164 2
0 0.075 0.355 0.001269738873 2
0 0.075 0.365 0.001124857005 2
0 0.075 0.375 0.0009517287739 2
0 0.075 0.385 0.0007341756053 2
0 0.075 0.395 0.0004653569519 1
0 0.075 0.405 0 1
0 0.075 0.415 0 1
0 0.075 0.425 0 2
0 0.075 0.435 0 2
0 0.075 0.445 0 2
0 0.075 0.455 0 2
0 0.075 0.465 0 2
0 0.085 -0.455 0 1
0 0.085 -0.445 0 1
0 0.085 -0.435 0 1
0 0.085 -0.425 0 1
0 0.085 -0.415 0 1
0 0.085 -0.405 0 1
0 0.085 -0.395 0.000611422094 1
0 0.085 -0.385 0.0009506935665 2
0 0.085 -0.375 0.001231060992 1
0 0.085 -0.365 0.00141708127 1
0 0.085 -0.355 0.001523273697 1
0 0.085 -0.345 0.001573426823 1
0 0.085 -0.335 0.001581167048 1
0 0.085 -0.325 0.001563790097 1
0 0.085 -0.315 0.001556510383 2
0 0.085 -0.305 0.001555662404 2
0 0.085 -0.295 0.00153975931 2
0 0.085 -0.285 0.001508502877 2
0 0.085 -0.275 0.001466743979 2
0 0.085 -0.265 0.001391676854 2
0 0.085 -0.255 0.001283482121 1
0 0.085 -0.245 0.001147611252 1
0 0.085 -0.235 0.001013565144 1
0 0.085 -0.225 0.0008845758311 1
0 0.085 -0.215 0.0007634143004 1
0 0.085 -0.205 0.0006469329313 1
0 0.085 -0.195 0.0005332722335 1
0 0.085 -0.185 0.0004496635795 1
0 0.085 -0.175 0.0004215256292 2
0 0.085 -0.165 0.0004541565153 2
0 0.085 -0.155 0.0004970690968 2
0 0.085 -0.145 0.0005230962225 2
0 0.085 -0.135 0.0005375450504 2
0 0.085 -0.125 0.0005392379024 2
0 0.085 -0.115 0.0005289472605 2
0 0.085 -0.105 0.000505162526 2
0 0.085 -0.095 0.0004647112396 2
0 0.085 -0.085 0.0004066646448 2
0 0.085 -0.075 0.0003326243548 2
0 0.085 -0.065 0.0002474837215 2
0 0.085 -0.055 0.0001561410501 2
0 0.085 -0.045 6.392955782e-05 2
0 0.085 -0.035 -2.445802929e-05 2
0 0.085 -0.025 -0.0001052307901 2
0 0.085 -0.015 -0.0001757688601 2
0 0.085 -0.005 -0.000234628774 2
0 0.085 0.005 -0.0002813619078 2
0 0.085 0.015 -0.0003162638475 2
0 0.085 0.025 -0.0003400819881 2
0 0.085 0.035 -0.0003537589193 2
0 0.085 0.045 -0.0003582394038 2
0 0.085 0.055 -0.0003543609409 2
0 0.085 0.065 -0.0003428221533 2
0 0.085 0.075 -0.0003242198052 2
0 0.085 0.085 -0.0002991086077 2
0 0.085 0.095 -0.000268065532 2
0 0.085 0.105 -0.0002317363041 2
0 0.085 0.115 -0.0001908613537 2
0 0.085 0.125 -0.0001462938744 2
0 0.085 0.135 -9.891540092e-05 2
0 0.085 0.145 -4.978925486e-05 2
0 0.085 0.155 6.187978773e-07 2
0 0.085 0.165 5.282905337e-05 2
0 0.085 0.175 0.0001065672996 2
0 0.085 0.185 0.0001681099718 2
0 0.085 0.195 0.000251242797 2
0 0.085 0.205 0.0003641641976 2
0 0.085 0.215 0.0005057486549 2
0 0.085 0.225 0.0006548827757 1
0 0.085 0.235 0.0008131196194 1
0 0.085 0.245 0.0009739974825 1
0 0.085 0.255 0.001137283631 1
0 0.085 0.265 0.001295498906 1
0 0.085 0.275 0.001423730181 2
0 0.085 0.285 0.001503391044 2
0 0.085 0.295 0.001551185785 2
0 0.085 0.305 0.001580983236 2
0 0.085 0.315 0.001590531967 2
0 0.085 0.325 0.001573271508 2
0 0.085 0.335 0.001524474685 2
0 0.085 0.345 0.001441559339 2
0 0.085 0.355 0.001326275719 2
0 0.085 0.365 0.001175838772 2
0 0.085 0.375 0.0009893709955 2
0 0.085 0.385 0.0007608320667 2
0 0.085 0.395 0.0004970999548 2
0 0.085 0.405 0 2
0 0.085 0.415 0 2
0 0.085 0.425 0 2
0 0.085 0.435 0 2
0 0.085 0.445 0 2
0 0.085 0.455 0 2
0 0.085 0.465 0 2
0 0.095 -0.455 0 1
0 0.095 -0.445 0 1
0 0.095 -0.435 0 1
0 0.095 -0.425 0 1
0 0.095 -0.415 0 1
0 0.095 -0.405 0 1
0 0.095 -0.395 0.0005753395973 1
0 0.095 -0.385 0.0009107672727 1
0 0.095 -0.375 0.001206072413 1
0 0.095 -0.365 0.001403525791 1
0 0.095 -0.355 0.001515457977 1
0 0.095 -0.345 0.001573609917 1
0 0.095 -0.335 0.001592587857 1
0 0.095 -0.325 0.001577158032 1
0 0.095 -0.315 0.001571702702 2
0 0.095 -0.305 0.001590617793 2
0 0.095 -0.295 0.001597301272 2
0 0.095 -0.285 0.001574365928 2
0 0.095 -0.275 0.001533909015 2
0 0.095 -0.265 0.001467581434 2
0 0.095 -0.255 0.001369444672 1
0 0.095 -0.245 0.001248254071 1
0 0.095 -0.235 0.001123006308 1
0 0.095 -0.225 0.001001823338 1
0 0.095 -0.215 0.0008895001968 1
0 0.095 -0.205 0.0007858716616 1
0 0.095 -0.195 0.0006845576224 1
0 0.095 -0.185 0.0006099797357 1
0 0.095 -0.175 0.0006110055335 2
0 0.095 -0.165 0.0006786959885 2
0 0.095 -0.155 0.0007586013188 2
0 0.095 -0.145 0.0008120732644 2
0 0.095 -0.135 0.0008497240974 2
0 0.095 -0.125 0.0008704135721 2
0 0.095 -0.115 0.0008784994704 2
0 0.095 -0.105 0.0008720767057 2
0 0.095 -0.095 0.0008433895231 2
0 0.095 -0.085 0.0007900839954 2
0 0.095 -0.075 0.0007137951924 2
0 0.095 -0.065 0.0006231257609 2
0 0.095 -0.055 0.0005237930245 2
0 0.095 -0.045 0.0004224756152 2
0 0.095 -0.035 0.0003248906377 2
0 0.095 -0.025 0.0002356149164 2
0 0.095 -0.015 0.0001577108957 2
0 0.095 -0.005 9.261883421e-05 2
0 0.095 0.005 4.057611535e-05 2
0 0.095 0.015 9.840358307e-07 2
0 0.095 0.025 -2.719429371e-05 2
0 0.095 0.035 -4.516090588e-05 2
0 0.095 0.045 -5.408310728e-05 2
0 0.095 0.055 -5.499137563e-05 2
0 0.095 0.065 -4.874881989e-05 2
0 0.095 0.075 -3.607579817e-05 2
0 0.095 0.085 -1.759875334e-05 2
0 0.095 0.095 6.095800822e-06 2
0 0.095 0.105 3.441801826e-05 2
0 0.095 0.115 6.675507131e-05 2
0 0.095 0.125 0.0001024615282 2
0 0.095 0.135 0.0001409374531 2
0 0.095 0.145 0.0001816496787 2
0 0.095 0.155 0.0002244666927 2
0 0.095 0.165 0.0002701823819 2
0 0.095 0.175 0.0003215024672 2
0 0.095 0.185 0.0003786224639 2
0 0.095 0.195 0.0004503459876 2
0 0.095 0.205 0.0005408981145 2
0 0.095 0.215 0.0006582530011 2
0 0.095 0.225 0.0007905578893 2
0 0.095 0.235 0.000941733759 2
0 0.095 0.245 0.001096195687 2
0 0.095 0.255 0.001254321359 2
0 0.095 0.265 0.001402922495 2
0 0.095 0.275 0.001521537672 2
0 0.095 0.285 0.001593880184 2
0 0.095 0.295 0.001640110882 2
0 0.095 0.305 0.001665574912 2
0 0.095 0.315 0.001667055864 2
0 0.095 0.325 0.001639839071 2
0 0.095 0.335 0.001579688486 2
0 0.095 0.345 0.001483955817 2
0 0.095 0.355 0.001356585169 2
0 0.095 0.365 0.001204390158 2
0 0.095 0.375 0.001018504509 2
0 0.095 0.385 0.000787721403 2
0 0.095 0.395 0.0005198303168 2
0 0.095 0.405 0 2
0 0.095 0.415 0 2
0 0.095 0.425 0 2
0 0.095 0.435 0 2
0 0.095 0.445 0 2
0 0.095 0.455 0 2
0 0.095 0.465 0 2
0 0.105 -0.455 0 1
0 0.105 -0.445 0 1
0 0.105 -0.435 0 1
0 0.105 -0.425 0 1
0 0.105 -0.415 0 1
0 0.105 -0.405 0 1
0 0.105 -0.395 0.0005437391652 1
0 0.105 -0.385 0.0008750852118 1
0 0.105 -0.375 0.001165689966 1
0 0.105 -0.365 0.00136574663 1
0 0.105 -0.355 0.001487526804 1
0 0.105 -0.345 0.001557160846 1
0 0.105 -0.335 0.001586599745 1
0 0.105 -0.325 0.001576625643 1
0 0.105 -0.315 0.001568023306 1
0 0.105 -0.305 0.001603191737 2
0 0.105 -0.295 0.001631688514 2
0 0.105 -0.285 0.001623640628 2
0 0.105 -0.275 0.001593348219 2
0 0.105 -0.265 0.001540502059 2
0 0.105 -0.255 0.001455218949 2
0 0.105 -0.245 0.001341999764 1
0 0.105 -0.235 0.001227569399 1
0 0.105 -0.225 0.001120476572 1
0 0.105 -0.215 0.001024675363 1
0 0.105 -0.205 0.0009305258869 1
0 0.105 -0.195 0.0008429775269 1
0 0.105 -0.185 0.0007898748038 1
0 0.105 -0.175 0.0008369873192 2
0 0.105 -0.165 0.000942966261 2
0 0.105 -0.155 0.001056344537 2
0 0.105 -0.145 0.001139983693 2
0 0.105 -0.135 0.001203276591 2
0 0.105 -0.125 0.001242363738 2
0 0.105 -0.115 0.001271224743 2
0 0.105 -0.105 0.001288335926 2
0 0.105 -0.095 0.001276449979 2
0 0.105 -0.085 0.001231781001 2
0 0.105 -0.075 0.001154585101 2
0 0.105 -0.065 0.001060162877 2
0 0.105 -0.055 0.0009528161921 2
0 0.105 -0.045 0.0008416240671 2
0 0.105 -0.035 0.0007342471346 2
0 0.105 -0.025 0.0006363974253 2
0 0.105 -0.015 0.0005515509988 2
0 0.105 -0.005 0.0004808775222 2
0 0.105 0.005 0.00042422274 2
0 0.105 0.015 0.0003804960572 2
0 0.105 0.025 0.0003482273515 2
0 0.105 0.035 0.0003258693465 2
0 0.105 0.045 0.0003120021259 2
0 0.105 0.055 0.0003054176608 2
0 0.105 0.065 0.000305135209 2
0 0.105 0.075 0.00031036943 2
0 0.105 0.085 0.0003204797887 2
0 0.105 0.095 0.0003349182729 2
0 0.105 0.105 0.0003531887226 2
0 0.105 0.115 0.0003748304173 2
0 0.105 0.125 0.0003994219505 2
0 0.105 0.135 0.0004266445568 2
0 0.105 0.145 0.0004563987327 2
0 0.105 0.155 0.0004889687918 2
0 0.105 0.165 0.0005251997468 2
0 0.105 0.175 0.0005672074919 2
0 0.105 0.185 0.0006179935991 2
0 0.105 0.195 0.0006826262059 2
0 0.105 0.205 0.0007587301424 2
0 0.105 0.215 0.0008516039872 2
0 0.105 0.225 0.0009626451145 2
0 0.105 0.235 0.001096002055 2
0 0.105 0.245 0.001235390939 2
0 0.105 0.255 0.001375497939 2
0 0.105 0.265 0.001504249 2
0 0.105 0.275 0.001606171739 2
0 0.105 0.285 0.001672356782 2
0 0.105 0.295 0.001713159568 2
0 0.105 0.305 0.001731401442 2
0 0.105 0.315 0.001724322707 2
0 0.105 0.325 0.001686945063 2
0 0.105 0.335 0.001615998881 2
0 0.105 0.345 0.001504930196 2
0 0.105 0.355 0.001363081294 2
0 0.105 0.365 0.001208442516 2
0 0.105 0.375 0.001032087529 2
0 0.105 0.385 0.0008064627543 2
0 0.105 0.395 0.0005413951826 2
0 0.105 0.405 0 2
0 0.105 0.415 0 2
0 0.105 0.425 0 2
0 0.105 0.435 0 2
0 0.105 0.445 0 2
0 0.105 0.455 0 2
0 0.105 0.465 0 2
0 0.115 -0.455 0 1
0 0.115 -0.445 0 1
0 0.115 -0.435 0 1
0 0.115 -0.425 0 1
0 0.115 -0.415 0 1
0 0.115 -0.405 0 1
0 0.115 -0.395 0.0005262488419 1
0 0.115 -0.385 0.0008478854098 1
0 0.115 -0.375 0.001123183355 1
0 0.115 -0.365 0.001317531123 1
0 0.115 -0.355 0.001446326409 1
0 0.115 -0.345 0.001523123309 1
0 0.115 -0.335 0.001561217931 1
0 0.115 -0.325 0.001562832213 1
0 0.115 -0.315 0.001561169303 1
0 0.115 -0.305 0.001601150739 2
0 0.115 -0.295 0.001644499808 2
0 0.115 -0.285 0.001659600884 2
0 0.115 -0.275 0.001646053741 2
0 0.115 -0.265 0.001609131217 2
0 0.115 -0.255 0.001545338711 2
0 0.115 -0.245 0.00144995572 2
0 0.115 -0.235 0.001340773663 1
0 0.115 -0.225 0.001242020752 1
0 0.115 -0.215 0.001159069135 1
0 0.115 -0.205 0.001079007509 1
0 0.115 -0.195 0.00101561155 1
0 0.115 -0.185 0.0009937953144 1
0 0.115 -0.175 0.001095221273 2
0 0.115 -0.165 0.001236847582 2
0 0.115 -0.155 0.001389073064 2
0 0.115 -0.145 0.00150833961 2
0 0.115 -0.135 0.001602638628 2
0 0.115 -0.125 0.001649128327 2
0 0.115 -0.115 0.001703858089 2
0 0.115 -0.105 0.001766184843 2
0 0.115 -0.095 0.001777746947 2
0 0.115 -0.085 0.001739360531 2
0 0.115 -0.075 0.001650166108 2
0 0.115 -0.065 0.001553552184 2
0 0.115 -0.055 0.001440266254 2
0 0.115 -0.045 0.001318419431 2
0 0.115 -0.035 0.001200401271 2
0 0.115 -0.025 0.001093727684 2
0 0.115 -0.015 0.001002380004 2
0 0.115 -0.005 0.0009269237466 2
0 0.115 0.005 0.0008665142595 2
0 0.115 0.015 0.0008193333513 2
0 0.115 0.025 0.0007833273695 2
0 0.115 0.035 0.0007565341174 2
0 0.115 0.045 0.0007372703495 2
0 0.115 0.055 0.0007241769376 2
0 0.115 0.065 0.0007162057854 2
0 0.115 0.075 0.000712564251 2
0 0.115 0.085 0.0007126523948 2
0 0.115 0.095 0.000716005673 2
0 0.115 0.105 0.000722254375 2
0 0.115 0.115 0.0007311084639 2
0 0.115 0.125 0.0007423698948 2
0 0.115 0.135 0.0007559855464 2
0 0.115 0.145 0.0007721377147 2
0 0.115 0.155 0.0007914201884 2
0 0.115 0.165 0.0008148691285 2
0 0.115 0.175 0.0008443234101 2
0 0.115 0.185 0.0008820141788 2
0 0.115 0.195 0.000931173441 2
0 0.115 0.205 0.0009937331947 2
0 0.115 0.215 0.001072261787 2
0 0.115 0.225 0.001166032522 2
0 0.115 0.235 0.001273466742 2
0 0.115 0.245 0.00138679187 2
0 0.115 0.255 0.001498447487 2
0 0.115 0.265 0.001598753526 2
0 0.115 0.275 0.001679142589 2
0 0.115 0.285 0.001734797502 2
0 0.115 0.295 0.001767028878 2
0 0.115 0.305 0.001775980977 2
0 0.115 0.315 0.001758922815 2
0 0.115 0.325 0.00171010396 2
0 0.115 0.335 0.001628065671 2
0 0.115 0.345 0.001502494223 2
0 0.115 0.355 0.001347655922 2
0 0.115 0.365 0.001194735361 2
0 0.115 0.375 0.001023571397 2
0 0.115 0.385 0.0007973503286 2
0 0.115 0.395 0.0005355519383 2
0 0.115 0.405 0 2
0 0.115 0.415 0 2
0 0.115 0.425 0 2
0 0.115 0.435 0 2
0 0.115 0.445 0 2
0 0.115 0.455 0 2
0 0.115 0.465 0 2
0 0.125 -0.455 0 1
0 0.125 -0.445 0 1
0 0.125 -0.435 0 1
0 0.125 -0.425 0 1
0 0.125 -0.415 0 1
0 0.125 -0.405 0 1
0 0.125 -0.395 0.0005050244686 1
0 0.125 -0.385 0.0008167893944 1
0 0.125 -0.375 0.001080788631 1
0 0.125 -0.365 0.00126612377 1
0 0.125 -0.355 0.001393554669 1
0 0.125 -0.345 0.001476271136 1
0 0.125 -0.335 0.001524315182 1
0 0.125 -0.325 0.001539336606 1
0 0.125 -0.315 0.001546115579 1
0 0.125 -0.305 0.001589826237 2
0 0.125 -0.295 0.001645234583 2
0 0.125 -0.285 0.001684564295 2
0 0.125 -0.275 0.001690722719 2
0 0.125 -0.265 0.001674752672 2
0 0.125 -0.255 0.001637496426 2
0 0.125 -0.245 0.001574430999 2
0 0.125 -0.235 0.001486296675 2
0 0.125 -0.225 0.001398316967 2
0 0.125 -0.215 0.00131453245 1
0 0.125 -0.205 0.00125288029 1
0 0.125 -0.195 0.00121700577 1
0 0.125 -0.185 0.001248333511 2
0 0.125 -0.175 0.001383390758 2
0 0.125 -0.165 0.001566150739 2
0 0.125 -0.155 0.001763652731 2
0 0.125 -0.145 0.001909153345 2
0 0.125 -0.135 0.002031166206 2
0 0.125 -0.125 0.002086533265 2
0 0.125 -0.115 0.002157380819 2
0 0.125 -0.105 0.002243433992 2
0 0.125 -0.095 0.002275371821 2
0 0.125 -0.085 0.002268675602 2
0 0.125 -0.075 0.002201487682 2
0 0.125 -0.065 0.002120771193 2
0 0.125 -0.055 0.001989084363 2
0 0.125 -0.045 0.001850152177 2
0 0.125 -0.035 0.001720476659 2
0 0.125 -0.025 0.001604461683 2
0 0.125 -0.015 0.00150686492 2
0 0.125 -0.005 0.00142748176 2
0 0.125 0.005 0.001364284968 2
0 0.125 0.015 0.001314412832 2
0 0.125 0.025 0.001275063071 2
0 0.125 0.035 0.001243797847 2
0 0.125 0.045 0.001218682986 2
0 0.125 0.055 0.00119825121 2
0 0.125 0.065 0.001181446078 2
0 0.125 0.075 0.001167527137 2
0 0.125 0.085 0.001155986262 2
0 0.125 0.095 0.001146481123 2
0 0.125 0.105 0.001138792279 2
0 0.125 0.115 0.001132807867 2
0 0.125 0.125 0.00112853671 2
0 0.125 0.135 0.001126153631 2
0 0.125 0.145 0.001126064621 2
0 0.125 0.155 0.001129016315 2
0 0.125 0.165 0.00113616403 2
0 0.125 0.175 0.001149187447 2
0 0.125 0.185 0.001169966969 2
0 0.125 0.195 0.00120069968 2
0 0.125 0.205 0.001243036885 2
0 0.125 0.215 0.001298495025 2
0 0.125 0.225 0.001366635607 2
0 0.125 0.235 0.001445359638 2
0 0.125 0.245 0.001529088687 2
0 0.125 0.255 0.001611303423 2
0 0.125 0.265 0.001684625035 2
0 0.125 0.275 0.001742773368 2
0 0.125 0.285 0.001781854791 2
0 0.125 0.295 0.001800486817 2
0 0.125 0.305 0.001797360959 2
0 0.125 0.315 0.001767692751 2
0 0.125 0.325 0.001706439403 2
0 0.125 0.335 0.001602843094 2
0 0.125 0.345 0.001458408658 2
0 0.125 0.355 0.001305836408 1
0 0.125 0.365 0.001164272752 1
0 0.125 0.375 0.0009945626224 1
0 0.125 0.385 0.0007713526149 1
0 0.125 0.395 0.000506617142 1
0 0.125 0.405 0 2
0 0.125 0.415 0 2
0 0.125 0.425 0 2
0 0.125 0.435 0 2
0 0.125 0.445 0 2
0 0.125 0.455 0 2
0 0.125 0.465 0 2
0 0.135 -0.455 0 1
0 0.135 -0.445 0 1
0 0.135 -0.435 0 1
0 0.135 -0.425 0 1
0 0.135 -0.415 0 1
0 0.135 -0.405 0 1
0 0.135 -0.395 0.0004715889015 1
0 0.135 -0.385 0.0007796582288 1
0 0.135 -0.375 0.001038038346 1
0 0.135 -0.365 0.001209384941 1
0 0.135 -0.355 0.001330919559 1
0 0.135 -0.345 0.001419970844 1
0 0.135 -0.335 0.001478833303 1
0 0.135 -0.325 0.001506381066 1
0 0.135 -0.315 0.001523647794 1
0 0.135 -0.305 0.001575673403 2
0 0.135 -0.295 0.001643063522 2
0 0.135 -0.285 0.001701066228 2
0 0.135 -0.275 0.001729010892 2
0 0.135 -0.265 0.001737327803 2
0 0.135 -0.255 0.001727312439 2
0 0.135 -0.245 0.001698242018 2
0 0.135 -0.235 0.001647806388 2
0 0.135 -0.225 0.001589784693 2
0 0.135 -0.215 0.001522867819 2
0 0.135 -0.205 0.001478973493 2
0 0.135 -0.195 0.00147047852 2
0 0.135 -0.185 0.001542349073 2
0 0.135 -0.175 0.001698924081 2
0 0.135 -0.165 0.001907891377 2
0 0.135 -0.155 0.002145952965 2
0 0.135 -0.145 0.002304511858 2
0 0.135 -0.135 0.002439033188 1
0 0.135 -0.125 0.00251975127 2
0 0.135 -0.115 0.002606260382 2
0 0.135 -0.105 0.002694806145 1
0 0.135 -0.095 0.002742471436 1
0 0.135 -0.085 0.002772214499 1
0 0.135 -0.075 0.002758338764 2
0 0.135 -0.065 0.002721679085 2
0 0.135 -0.055 0.002594398063 2
0 0.135 -0.045 0.002438471929 2
0 0.135 -0.035 0.002291049997 2
0 0.135 -0.025 0.002164591028 2
0 0.135 -0.015 0.00206115317 2
0 0.135 -0.005 0.001979066351 2
0 0.135 0.005 0.00191427372 2
0 0.135 0.015 0.001862509132 2
0 0.135 0.025 0.001820198265 2
0 0.135 0.035 0.001784375124 2
0 0.135 0.045 0.001752893416 2
0 0.135 0.055 0.001724247421 2
0 0.135 0.065 0.001697442319 2
0 0.135 0.075 0.001671851546 2
0 0.135 0.085 0.001647105176 2
0 0.135 0.095 0.00162301346 2
0 0.135 0.105 0.001599520598 2
0 0.135 0.115 0.001576688937 2
0 0.135 0.125 0.001554709276 2
0 0.135 0.135 0.001533936999 2
0 0.135 0.145 0.001514940758 2
0 0.135 0.155 0.001498566791 2
0 0.135 0.165 0.001485965208 2
0 0.135 0.175 0.001478614783 2
0 0.135 0.185 0.001478180411 2
0 0.135 0.195 0.001486401175 2
0 0.135 0.205 0.001504595153 2
0 0.135 0.215 0.001533498441 2
0 0.135 0.225 0.001572473926 2
0 0.135 0.235 0.001619395815 2
0 0.135 0.245 0.001670201451 2
0 0.135 0.255 0.001719935461 2
0 0.135 0.265 0.001763263712 2
0 0.135 0.275 0.001795454873 2
0 0.135 0.285 0.001813052059 2
0 0.135 0.295 0.001813344151 2
0 0.135 0.305 0.001794107996 2
0 0.135 0.315 0.001748218053 2
0 0.135 0.325 0.001673789248 2
0 0.135 0.335 0.001542331357 2
0 0.135 0.345 0.001376183745 2
0 0.135 0.355 0.001242799446 1
0 0.135 0.365 0.001112008876 1
0 0.135 0.375 0.000939269808 1
0 0.135 0.385 0.0007295135898 1
0 0.135 0.395 0.0004700413653 1
0 0.135 0.405 0 2
0 0.135 0.415 0 2
0 0.135 0.425 0 2
0 0.135 0.435 0 2
0 0.135 0.445 0 2
0 0.135 0.455 0 2
0 0.135 0.465 0 2
0 0.145 -0.455 0 2
0 0.145 -0.445 0 2
0 0.145 -0.435 0 1
0 0.145 -0.425 0 1
0 0.145 -0.415 0 1
0 0.145 -0.405 0 1
0 0.145 -0.395 0.0004264526006 1
0 0.145 -0.385 0.0007277239664 1
0 0.145 -0.375 0.0009836150887 1
0 0.145 -0.365 0.001143735201 1
0 0.145 -0.355 0.001262836017 1
0 0.145 -0.345 0.001359735391 1
0 0.145 -0.335 0.001428829354 1
0 0.145 -0.325 0.00146896105 1
0 0.145 -0.315 0.001497447022 1
0 0.145 -0.305 0.00155702344 2
0 0.145 -0.295 0.001635169584 2
0 0.145 -0.285 0.001711211684 2
0 0.145 -0.275 0.001762237548 2
0 0.145 -0.265 0.001797870295 2
0 0.145 -0.255 0.001817619854 2
0 0.145 -0.245 0.001822218799 2
0 0.145 -0.235 0.001813786365 2
0 0.145 -0.225 0.001795964053 2
0 0.145 -0.215 0.001767385172 2
0 0.145 -0.205 0.001753907234 2
0 0.145 -0.195 0.001780345269 2
0 0.145 -0.185 0.001879704936 2
0 0.145 -0.175 0.002048124932 2
0 0.145 -0.165 0.002265281585 2
0 0.145 -0.155 0.002529373464 1
0 0.145 -0.145 0.002693529296 1
0 0.145 -0.135 0.002800796067 1
0 0.145 -0.125 0.002937137571 1
0 0.145 -0.115 0.003043371302 1
0 0.145 -0.105 0.003100486898 1
0 0.145 -0.095 0.003155655702 1
0 0.145 -0.085 0.003210960471 1
0 0.145 -0.075 0.003279715887 1
0 0.145 -0.065 0.003300121211 1
0 0.145 -0.055 0.003232693822 2
0 0.145 -0.045 0.003088301915 2
0 0.145 -0.035 0.002913635465 2
0 0.145 -0.025 0.002771619633 2
0 0.145 -0.015 0.002662042966 2
0 0.145 -0.005 0.002578137994 2
0 0.145 0.005 0.002512986855 2
0 0.145 0.015 0.002460170214 2
0 0.145 0.025 0.002415229556 2
0 0.145 0.035 0.002374661658 2
0 0.145 0.045 0.002336185135 2
0 0.145 0.055 0.00229836527 2
0 0.145 0.065 0.002260350361 2
0 0.145 0.075 0.002221689568 2
0 0.145 0.085 0.002182190447 2
0 0.145 0.095 0.002141836086 2
0 0.145 0.105 0.002100737035 2
0 0.145 0.115 0.002059116144 2
0 0.145 0.125 0.002017316992 2
0 0.145 0.135 0.001975831287 2
0 0.145 0.145 0.001935334196 2
0 0.145 0.155 0.001896720779 2
0 0.145 0.165 0.001861111849 2
0 0.145 0.175 0.001829832777 2
0 0.145 0.185 0.001804300924 2
0 0.145 0.195 0.001785883667 2
0 0.145 0.205 0.001775591967 2
0 0.145 0.215 0.001773842342 2
0 0.145 0.225 0.001780039872 2
0 0.145 0.235 0.001792449215 2
0 0.145 0.245 0.001808111012 2
0 0.145 0.255 0.001823348583 2
0 0.145 0.265 0.001834223306 2
0 0.145 0.275 0.001837049472 2
0 0.145 0.285 0.001828755432 2
0 0.145 0.295 0.001806130551 2
0 0.145 0.305 0.001766334543 2
0 0.145 0.315 0.001700915378 2
0 0.145 0.325 0.001607942445 2
0 0.145 0.335 0.001456688144 2
0 0.145 0.345 0.001279560401 1
0 0.145 0.355 0.001164512151 1
0 0.145 0.365 0.001042624642 1
0 0.145 0.375 0.0008743099191 1
0 0.145 0.385 0.0006766491579 1
0 0.145 0.395 0.0004313641548 1
0 0.145 0.405 0 1
0 0.145 0.415 0 2
0 0.145 0.425 0 2
0 0.145 0.435 0 2
0 0.145 0.445 0 2
0 0.145 0.455 0 2
0 0.145 0.465 0 2
0 0.155 -0.455 0 2
0 0.155 -0.445 0 2
0 0.155 -0.435 0 2
0 0.155 -0.425 0 2
0 0.155 -0.415 0 2
0 0.155 -0.405 0 2
0 0.155 -0.395 0.0003983132577 2
0 0.155 -0.385 0.0006697389821 2
0 0.155 -0.375 0.000916209851 2
0 0.155 -0.365 0.00108282205 1
0 0.155 -0.355 0.001203338651 1
0 0.155 -0.345 0.001301131078 1
0 0.155 -0.335 0.001374718251 1
0 0.155 -0.325 0.001427576468 1
0 0.155 -0.315 0.001471473408 1
0 0.155 -0.305 0.001535658699 2
0 0.155 -0.295 0.001621118674 2
0 0.155 -0.285 0.001716890608 2
0 0.155 -0.275 0.001792952834 2
0 0.155 -0.265 0.001858174032 2
0 0.155 -0.255 0.001910667405 2
0 0.155 -0.245 0.00195154837 2
0 0.155 -0.235 0.001981904729 2
0 0.155 -0.225 0.002005601245 2
0 0.155 -0.215 0.002028239917 2
0 0.155 -0.205 0.002064833611 2
0 0.155 -0.195 0.00213112733 2
0 0.155 -0.185 0.002244231935 2
0 0.155 -0.175 0.002418822248 2
0 0.155 -0.165 0.002636742555 2
0 0.155 -0.155 0.002875811286 1
0 0.155 -0.145 0.003036344313 1
0 0.155 -0.135 0.003159736545 1
0 0.155 -0.125 0.003302417809 1
0 0.155 -0.115 0.003419207561 1
0 0.155 -0.105 0.003495016766 1
0 0.155 -0.095 0.003563530929 1
0 0.155 -0.085 0.003640999807 1
0 0.155 -0.075 0.00373037034 1
0 0.155 -0.065 0.003791912103 1
0 0.155 -0.055 0.003836745195 1
0 0.155 -0.045 0.003754762505 2
0 0.155 -0.035 0.003567226019 2
0 0.155 -0.025 0.00341531063 2
0 0.155 -0.015 0.003305059508 2
0 0.155 -0.005 0.003220520271 2
0 0.155 0.005 0.003156460112 2
0 0.155 0.015 0.003103653308 2
0 0.155 0.025 0.003056298338 2
0 0.155 0.035 0.003010641431 2
0 0.155 0.045 0.002964394636 2
0 0.155 0.055 0.002916341697 2
0 0.155 0.065 0.002865863671 2
0 0.155 0.075 0.002812742293 2
0 0.155 0.085 0.002756991756 2
0 0.155 0.095 0.002698776829 2
0 0.155 0.105 0.002638366948 2
0 0.155 0.115 0.002576124313 2
0 0.155 0.125 0.00251251267 2
0 0.155 0.135 0.002448119926 2
0 0.155 0.145 0.002383683808 2
0 0.155 0.155 0.002320111644 2
0 0.155 0.165 0.002258476209 2
0 0.155 0.175 0.002199980119 2
0 0.155 0.185 0.00214586034 2
0 0.155 0.195 0.00209725086 2
0 0.155 0.205 0.002054969713 2
0 0.155 0.215 0.002019317268 2
0 0.155 0.225 0.001989845116 2
0 0.155 0.235 0.001965272052 2
0 0.155 0.245 0.001943505025 2
0 0.155 0.255 0.001921912749 2
0 0.155 0.265 0.001897633845 2
0 0.155 0.275 0.001867822856 2
0 0.155 0.285 0.001829831025 2
0 0.155 0.295 0.001780467794 2
0 0.155 0.305 0.001716483307 2
0 0.155 0.315 0.001629961937 2
0 0.155 0.325 0.001513447849 2
0 0.155 0.335 0.001357054879 2
0 0.155 0.345 0.001193850827 1
0 0.155 0.355 0.001078932706 1
0 0.155 0.365 0.0009590188123 1
0 0.155 0.375 0.000801067002 1
0 0.155 0.385 0.000609216717 1
0 0.155 0.395 0.000383456364 1
0 0.155 0.405 0 1
0 0.155 0.415 0 2
0 0.155 0.425 0 2
0 0.155 0.435 0 2
0 0.155 0.445 0 2
0 0.155 0.455 0 2
0 0.155 0.465 0 2
0 0.165 -0.455 0 2
0 0.165 -0.445 0 2
0 0.165 -0.435 0 2
0 0.165 -0.425 0 2
0 0.165 -0.415 0 2
0 0.165 -0.405 0 2
0 0.165 -0.395 0.0003668883533 2
0 0.165 -0.385 0.0006040737315 2
0 0.165 -0.375 0.0008396444745 2
0 0.165 -0.365 0.001028027152 1
0 0.165 -0.355 0.001149695441 1
0 0.165 -0.345 0.001244346064 1
0 0.165 -0.335 0.001324039395 1
0 0.165 -0.325 0.001387741141 1
0 0.165 -0.315 0.001443429723 1
0 0.165 -0.305 0.001506775715 2
0 0.165 -0.295 0.001602448222 2
0 0.165 -0.285 0.001721724245 2
0 0.165 -0.275 0.001824783824 2
0 0.165 -0.265 0.001921428066 2
0 0.165 -0.255 0.002008567768 2
0 0.165 -0.245 0.002087498073 2
0 0.165 -0.235 0.002159292918 2
0 0.165 -0.225 0.002227176763 2
0 0.165 -0.215 0.00229647758 2
0 0.165 -0.205 0.002377201243 2
0 0.165 -0.195 0.002480442766 2
0 0.165 -0.185 0.002616581925 2
0 0.165 -0.175 0.00280101732 2
0 0.165 -0.165 0.003011715789 2
0 0.165 -0.155 0.003217022161 1
0 0.165 -0.145 0.003376822243 1
0 0.165 -0.135 0.003520239221 1
0 0.165 -0.125 0.003666291074 1
0 0.165 -0.115 0.003794428468 1
0 0.165 -0.105 0.00390185305 1
0 0.165 -0.095 0.003999322275 1
0 0.165 -0.085 0.00409316878 1
0 0.165 -0.075 0.004185506994 1
0 0.165 -0.065 0.004268683875 1
0 0.165 -0.055 0.004352095613 1
0 0.165 -0.045 0.004394565055 1
0 0.165 -0.035 0.004261375177 2
0 0.165 -0.025 0.004100753104 2
0 0.165 -0.015 0.003982620326 2
0 0.165 -0.005 0.003900705764 2
0 0.165 0.005 0.003840109177 2
0 0.165 0.015 0.003788709277 2
0 0.165 0.025 0.003739034144 2
0 0.165 0.035 0.003687754976 2
0 0.165 0.045 0.003632814843 2
0 0.165 0.055 0.003573389274 2
0 0.165 0.065 0.003509182744 2
0 0.165 0.075 0.003440255044 2
0 0.165 0.085 0.003366843448 2
0 0.165 0.095 0.003289291515 2
0 0.165 0.105 0.003208011037 2
0 0.165 0.115 0.003123476948 2
0 0.165 0.125 0.003036239512 2
0 0.165 0.135 0.002946946229 2
0 0.165 0.145 0.002856363565 2
0 0.165 0.155 0.002765389572 2
0 0.165 0.165 0.002675045262 2
0 0.165 0.175 0.00258643704 2
0 0.165 0.185 0.002500677684 2
0 0.165 0.195 0.002418772098 2
0 0.165 0.205 0.002341464383 2
0 0.165 0.215 0.002269087372 2
0 0.165 0.225 0.002201424078 2
0 0.165 0.235 0.002137655861 2
0 0.165 0.245 0.002076398761 2
0 0.165 0.255 0.002015861474 2
0 0.165 0.265 0.001954037036 2
0 0.165 0.275 0.001888822414 2
0 0.165 0.285 0.001818088947 2
0 0.165 0.295 0.001739146506 2
0 0.165 0.305 0.001648798713 2
0 0.165 0.315 0.001541231644 2
0 0.165 0.325 0.001404814232 2
0 0.165 0.335 0.001250123309 2
0 0.165 0.345 0.00110158172 1
0 0.165 0.355 0.0009872864416 1
0 0.165 0.365 0.000867294936 1
0 0.165 0.375 0.000719404003 1
0 0.165 0.385 0.0005369877883 1
0 0.165 0.395 0.0003363937519 1
0 0.165 0.405 0 1
0 0.165 0.415 0 2
0 0.165 0.425 0 2
0 0.165 0.435 0 2
0 0.165 0.445 0 2
0 0.165 0.455 0 2
0 0.165 0.465 0 2
0 0.175 -0.455 0 2
0 0.175 -0.445 0 2
0 0.175 -0.435 0 2
0 0.175 -0.425 0 2
0 0.175 -0.415 0 2
0 0.175 -0.405 0 2
0 0.175 -0.395 0.0003247418796 2
0 0.175 -0.385 0.000536406554 2
0 0.175 -0.375 0.0007582684484 2
0 0.175 -0.365 0.0009590511317 2
0 0.175 -0.355 0.001094623255 1
0 0.175 -0.345 0.001189413218 1
0 0.175 -0.335 0.001274387512 1
0 0.175 -0.325 0.001345663684 1
0 0.175 -0.315 0.001407861426 2
0 0.175 -0.305 0.001475950952 2
0 0.175 -0.295 0.001590808491 2
0 0.175 -0.285 0.001731417822 2
0 0.175 -0.275 0.00186180213 2
0 0.175 -0.265 0.001990251331 2
0 0.175 -0.255 0.002113047531 2
0 0.175 -0.245 0.002231173201 2
0 0.175 -0.235 0.00234546998 2
0 0.175 -0.225 0.002458527062 2
0 0.175 -0.215 0.002574446756 2
0 0.175 -0.205 0.002699305376 2
0 0.175 -0.195 0.002839862736 2
0 0.175 -0.185 0.003000562333 2
0 0.175 -0.175 0.003188716806 2
0 0.175 -0.165 0.003384575705 2
0 0.175 -0.155 0.003562172741 1
0 0.175 -0.145 0.003739176812 1
0 0.175 -0.135 0.00390011705 1
0 0.175 -0.125 0.004056389285 1
0 0.175 -0.115 0.004199809105 1
0 0.175 -0.105 0.004328307128 1
0 0.175 -0.095 0.004447097216 1
0 0.175 -0.085 0.00455972318 1
0 0.175 -0.075 0.004668262328 1
0 0.175 -0.065 0.004769519766 1
0 0.175 -0.055 0.004862661118 1
0 0.175 -0.045 0.004944324294 1
0 0.175 -0.035 0.00494246591 2
0 0.175 -0.025 0.004792039924 2
0 0.175 -0.015 0.004680578204 2
0 0.175 -0.005 0.004613383777 2
0 0.175 0.005 0.004559399358 2
0 0.175 0.015 0.004510526814 2
0 0.175 0.025 0.004458413614 2
0 0.175 0.035 0.004400770988 2
0 0.175 0.045 0.004336109212 2
0 0.175 0.055 0.004264151801 2
0 0.175 0.065 0.004185003458 2
0 0.175 0.075 0.004099029959 2
0 0.175 0.085 0.004006694609 2
0 0.175 0.095 0.003908506456 2
0 0.175 0.105 0.00380499608 2
0 0.175 0.115 0.003696720961 2
0 0.175 0.125 0.003584284455 2
0 0.175 0.135 0.003468361023 2
0 0.175 0.145 0.003349718966 2
0 0.175 0.155 0.003229232864 2
0 0.175 0.165 0.003107877041 2
0 0.175 0.175 0.002986693744 2
0 0.175 0.185 0.002866730284 2
0 0.175 0.195 0.002748948794 2
0 0.175 0.205 0.002634114121 2
0 0.175 0.215 0.002522683734 2
0 0.175 0.225 0.002414717361 2
0 0.175 0.235 0.002309842264 2
0 0.175 0.245 0.002207281333 2
0 0.175 0.255 0.002105947955 2
0 0.175 0.265 0.00200456225 2
0 0.175 0.275 0.001901731093 2
0 0.175 0.285 0.001795954194 2
0 0.175 0.295 0.001685438975 2
0 0.175 0.305 0.001567690689 2
0 0.175 0.315 0.001439823097 2
0 0.175 0.325 0.001292110378 2
0 0.175 0.335 0.00113914424 2
0 0.175 0.345 0.0009987625058 1
0 0.175 0.355 0.0008872153696 1
0 0.175 0.365 0.0007705699618 1
0 0.175 0.375 0.0006328030581 1
0 0.175 0.385 0.0004685410969 1
0 0.175 0.395 0.0002943656147 1
0 0.175 0.405 0 1
0 0.175 0.415 0 2
0 0.175 0.425 0 2
0 0.175 0.435 0 2
0 0.175 0.445 0 2
0 0.175 0.455 0 2
0 0.175 0.465 0 2
0 0.185 -0.455 0 2
0 0.185 -0.445 0 2
0 0.185 -0.435 0 2
0 0.185 -0.425 0 2
0 0.185 -0.415 0 2
0 0.185 -0.405 0 2
0 0.185 -0.395 0.0002701710594 2
0 0.185 -0.385 0.0004666296192 2
0 0.185 -0.375 0.0006734172933 2
0 0.185 -0.365 0.0008699335759 2
0 0.185 -0.355 0.001030360222 2
0 0.185 -0.345 0.001139901482 2
0 0.185 -0.335 0.001228003442 2
0 0.185 -0.325 0.001301367435 2
0 0.185 -0.315 0.001366666934 2
0 0.185 -0.305 0.001459704172 2
0 0.185 -0.295 0.001594820173 2
0 0.185 -0.285 0.001749575185 2
0 0.185 -0.275 0.001906265219 2
0 0.185 -0.265 0.002065747795 2
0 0.185 -0.255 0.00222432492 2
0 0.185 -0.245 0.002382087396 2
0 0.185 -0.235 0.002539244807 2
0 0.185 -0.225 0.002697316553 2
0 0.185 -0.215 0.002858763959 2
0 0.185 -0.205 0.003026708594 2
0 0.185 -0.195 0.003204487152 2
0 0.185 -0.185 0.003391590699 2
0 0.185 -0.175 0.0035896504 2
0 0.185 -0.165 0.003774986178 2
0 0.185 -0.155 0.003918490892 1
0 0.185 -0.145 0.004117517209 1
0 0.185 -0.135 0.00429376453 1
0 0.185 -0.125 0.004461830554 1
0 0.185 -0.115 0.004622170574 1
0 0.185 -0.105 0.004770477158 1
0 0.185 -0.095 0.004909431117 1
0 0.185 -0.085 0.005040540627 1
0 0.185 -0.075 0.005166135262 1
0 0.185 -0.065 0.005286170763 1
0 0.185 -0.055 0.005393126077 1
0 0.185 -0.045 0.005492431785 1
0 0.185 -0.035 0.005577978955 1
0 0.185 -0.025 0.005474368763 2
0 0.185 -0.015 0.005399029104 2
0 0.185 -0.005 0.00535282735 2
0 0.185 0.005 0.005309251316 2
0 0.185 0.015 0.005263444037 2
0 0.185 0.025 0.00520854013 2
0 0.185 0.035 0.005143668007 2
0 0.185 0.045 0.005068262952 2
0 0.185 0.055 0.004982700715 2
0 0.185 0.065 0.004887540906 2
0 0.185 0.075 0.004783466284 2
0 0.185 0.085 0.00467115892 2
0 0.185 0.095 0.00455127325 2
0 0.185 0.105 0.004424431063 2
0 0.185 0.115 0.004291240748 2
0 0.185 0.125 0.004152326471 2
0 0.185 0.135 0.004008360479 2
0 0.185 0.145 0.003860091161 2
0 0.185 0.155 0.003708360483 2
0 0.185 0.165 0.003554104377 2
0 0.185 0.175 0.003398331124 2
0 0.185 0.185 0.003242074584 2
0 0.185 0.195 0.003086324891 2
0 0.185 0.205 0.002931943641 2
0 0.185 0.215 0.002779579816 2
0 0.185 0.225 0.002629602784 2
0 0.185 0.235 0.002482073028 2
0 0.185 0.245 0.002336756866 2
0 0.185 0.255 0.002193185951 2
0 0.185 0.265 0.002050729697 2
0 0.185 0.275 0.001908682353 2
0 0.185 0.285 0.001766232915 2
0 0.185 0.295 0.001622681929 2
0 0.185 0.305 0.001476597193 2
0 0.185 0.315 0.001328432722 2
0 0.185 0.325 0.001170879529 2
0 0.185 0.335 0.001021357791 2
0 0.185 0.345 0.0008901304647 1
0 0.185 0.355 0.0007808142563 1
0 0.185 0.365 0.0006679238969 1
0 0.185 0.375 0.0005417683932 1
0 0.185 0.385 0.0003975298531 1
0 0.185 0.395 0.0002513155561 1
0 0.185 0.405 0 1
0 0.185 0.415 0 2
0 0.185 0.425 0 2
0 0.185 0.435 0 2
0 0.185 0.445 0 2
0 0.185 0.455 0 2
0 0.185 0.465 0 2
0 0.195 -0.455 0 2
0 0.195 -0.445 0 2
0 0.195 -0.435 0 2
0 0.195 -0.425 0 2
0 0.195 -0.415 0 2
0 0.195 -0.405 0 2
0 0.195 -0.395 0.0002127942554 2
0 0.195 -0.385 0.0003938839248 2
0 0.195 -0.375 0.0005891344867 2
0 0.195 -0.365 0.0007765269003 2
0 0.195 -0.355 0.0009424763838 2
0 0.195 -0.345 0.001067378628 2
0 0.195 -0.335 0.00116504001 2
0 0.195 -0.325 0.001250653393 2
0 0.195 -0.315 0.001338273561 2
0 0.195 -0.305 0.00145558323 2
0 0.195 -0.295 0.001606479419 2
0 0.195 -0.285 0.001775033774 2
0 0.195 -0.275 0.001957076293 2
0 0.195 -0.265 0.002146889458 2
0 0.195 -0.255 0.002341008698 2
0 0.195 -0.245 0.002538289117 2
0 0.195 -0.235 0.002738082991 2
0 0.195 -0.225 0.002940657607 2
0 0.195 -0.215 0.003146778561 2
0 0.195 -0.205 0.003357152319 2
0 0.195 -0.195 0.003572202805 2
0 0.195 -0.185 0.003788088897 2
0 0.195 -0.175 0.0040020583 2
0 0.195 -0.165 0.004187242791 2
0 0.195 -0.155 0.004318781849 2
0 0.195 -0.145 0.00449843659 1
0 0.195 -0.135 0.004694889888 1
0 0.195 -0.125 0.004882446773 1
0 0.195 -0.115 0.005058931854 1
0 0.195 -0.105 0.005226026605 1
0 0.195 -0.095 0.005384394814 1
0 0.195 -0.085 0.005532789184 1
0 0.195 -0.075 0.005676902241 1
0 0.195 -0.065 0.005817143345 1
0 0.195 -0.055 0.005945963673 1
0 0.195 -0.045 0.006062210254 1
0 0.195 -0.035 0.00615724012 1
0 0.195 -0.025 0.006149620183 2
0 0.195 -0.015 0.006132029647 2
0 0.195 -0.005 0.00611263682 2
0 0.195 0.005 0.006083156972 2
0 0.195 0.015 0.006040621425 2
0 0.195 0.025 0.005982512869 2
0 0.195 0.035 0.005909625189 2
0 0.195 0.045 0.005822627906 2
0 0.195 0.055 0.005722604223 2
0 0.195 0.065 0.005610606444 2
0 0.195 0.075 0.005487638115 2
0 0.195 0.085 0.005354589771 2
0 0.195 0.095 0.005212239391 2
0 0.195 0.105 0.005061271587 2
0 0.195 0.115 0.004902314485 2
0 0.195 0.125 0.004735982596 2
0 0.195 0.135 0.004562919541 2
0 0.195 0.145 0.004383835048 2
0 0.195 0.155 0.004199531507 2
0 0.195 0.165 0.004010915217 2
0 0.195 0.175 0.003818987875 2
0 0.195 0.185 0.003624815489 2
0 0.195 0.195 0.003429475761 2
0 0.195 0.205 0.003233990235 2
0 0.195 0.215 0.003039253702 2
0 0.195 0.225 0.002845975559 2
0 0.195 0.235 0.002654648353 2
0 0.195 0.245 0.002465549239 2
0 0.195 0.255 0.002278778846 2
0 0.195 0.265 0.002094309262 2
0 0.195 0.275 0.001912091478 2
0 0.195 0.285 0.001732002051 2
0 0.195 0.295 0.00155439539 2
0 0.195 0.305 0.001378757631 2
0 0.195 0.315 0.00120894561 2
0 0.195 0.325 0.001038110044 2
0 0.195 0.335 0.0008970831171 2
0 0.195 0.345 0.0007821516005 1
0 0.195 0.355 0.0006683818505 1
0 0.195 0.365 0.0005567145987 1
0 0.195 0.375 0.0004468018538 1
0 0.195 0.385 0.0003195085619 1
0 0.195 0.395 0.0002050348338 1
0 0.195 0.405 0 1
0 0.195 0.415 0 2
0 0.195 0.425 0 2
0 0.195 0.435 0 2
0 0.195 0.445 0 2
0 0.195 0.455 0 2
0 0.195 0.465 0 2
0 0.205 -0.455 0 2
0 0.205 -0.445 0 2
0 0.205 -0.435 0 2
0 0.205 -0.425 0 2
0 0.205 -0.415 0 2
0 0.205 -0.405 0 2
0 0.205 -0.395 0.0001540978214 2
0 0.205 -0.385 0.000318150746 2
0 0.205 -0.375 0.000503010901 2
0 0.205 -0.365 0.0006744609518 2
0 0.205 -0.355 0.0008319706346 2
0 0.205 -0.345 0.000965255994 2
0 0.205 -0.335 0.001081011874 2
0 0.205 -0.325 0.001190424692 2
0 0.205 -0.315 0.001306806545 2
0 0.205 -0.305 0.001445506531 2
0 0.205 -0.295 0.001612222963 2
0 0.205 -0.285 0.001802445887 2
0 0.205 -0.275 0.002010349185 2
0 0.205 -0.265 0.002230828209 2
0 0.205 -0.255 0.002460460779 2
0 0.205 -0.245 0.002697034858 2
0 0.205 -0.235 0.002939004856 2
0 0.205 -0.225 0.003185364476 2
0 0.205 -0.215 0.003435253303 2
0 0.205 -0.205 0.003687380066 2
0 0.205 -0.195 0.003939758266 2
0 0.205 -0.185 0.004187054388 2
0 0.205 -0.175 0.00442122359 2
0 0.205 -0.165 0.004625070391 2
0 0.205 -0.155 0.004775041071 2
0 0.205 -0.145 0.004899717467 1
0 0.205 -0.135 0.005103602111 1
0 0.205 -0.125 0.005316423611 1
0 0.205 -0.115 0.005510551104 1
0 0.205 -0.105 0.005695862084 1
0 0.205 -0.095 0.005874726822 1
0 0.205 -0.085 0.006036851082 1
0 0.205 -0.075 0.006198645455 1
0 0.205 -0.065 0.006361228316 1
0 0.205 -0.055 0.006507773917 1
0 0.205 -0.045 0.006633116421 1
0 0.205 -0.035 0.006737954867 1
0 0.205 -0.025 0.006819281201 2
0 0.205 -0.015 0.006870314656 2
0 0.205 -0.005 0.006887093838 2
0 0.205 0.005 0.00687341795 2
0 0.205 0.015 0.006834183446 2
0 0.205 0.025 0.006772608636 2
0 0.205 0.035 0.006691223436 2
0 0.205 0.045 0.00659210892 2
0 0.205 0.055 0.006477089619 2
0 0.205 0.065 0.006347745638 2
0 0.205 0.075 0.006205411822 2
0 0.205 0.085 0.006051181017 2
0 0.205 0.095 0.005885934807 2
0 0.205 0.105 0.005710393226 2
0 0.205 0.115 0.005525174385 2
0 0.205 0.125 0.005330854754 2
0 0.205 0.135 0.005128025017 2
0 0.205 0.145 0.0049173387 2
0 0.205 0.155 0.004699551087 2
0 0.205 0.165 0.004475545002 2
0 0.205 0.175 0.004246338319 2
0 0.205 0.185 0.004013068983 2
0 0.205 0.195 0.00377695543 2
0 0.205 0.205 0.003539237285 2
0 0.205 0.215 0.00330110737 2
0 0.205 0.225 0.003063650576 2
0 0.205 0.235 0.002827804565 2
0 0.205 0.245 0.002594349125 2
0 0.205 0.255 0.002363932594 2
0 0.205 0.265 0.002137107561 2
0 0.205 0.275 0.001914454179 2
0 0.205 0.285 0.00169651596 2
0 0.205 0.295 0.001484541973 2
0 0.205 0.305 0.001278773117 2
0 0.205 0.315 0.001085735042 2
0 0.205 0.325 0.000896655016 2
0 0.205 0.335 0.0007604004039 2
0 0.205 0.345 0.0006674345423 1
0 0.205 0.355 0.0005492603615 1
0 0.205 0.365 0.0004430322789 1
0 0.205 0.375 0.0003511571473 1
0 0.205 0.385 0.0002378010288 1
0 0.205 0.395 0.0001523436336 1
0 0.205 0.405 0 1
0 0.205 0.415 0 2
0 0.205 0.425 0 2
0 0.205 0.435 0 2
0 0.205 0.445 0 2
0 0.205 0.455 0 2
0 0.205 0.465 0 2
0 0.215 -0.455 0 2
0 0.215 -0.445 0 2
0 0.215 -0.435 0 2
0 0.215 -0.425 0 2
0 0.215 -0.415 0 2
0 0.215 -0.405 0 2
0 0.215 -0.395 9.792856077e-05 2
0 0.215 -0.385 0.0002328923735 2
0 0.215 -0.375 0.0004046042169 2
0 0.215 -0.365 0.0005640855081 2
0 0.215 -0.355 0.0007113927842 2
0 0.215 -0.345 0.0008492949289 2
0 0.215 -0.335 0.0009792520877 2
0 0.215 -0.325 0.001110940813 2
0 0.215 -0.315 0.001254420797 2
0 0.215 -0.305 0.001419566667 2
0 0.215 -0.295 0.001610574122 2
0 0.215 -0.285 0.001825819679 2
0 0.215 -0.275 0.002061655473 2
0 0.215 -0.265 0.002314012424 2
0 0.215 -0.255 0.002579480157 2
0 0.215 -0.245 0.002855235701 2
0 0.215 -0.235 0.003138945143 2
0 0.215 -0.225 0.003428447741 2
0 0.215 -0.215 0.003721389757 2
0 0.215 -0.205 0.004014788741 2
0 0.215 -0.195 0.004304701856 2
0 0.215 -0.185 0.004585313668 2
0 0.215 -0.175 0.004847355253 2
0 0.215 -0.165 0.005083082887 2
0 0.215 -0.155 0.005268677952 2
0 0.215 -0.145 0.005387077874 2
0 0.215 -0.135 0.005536340486 1
0 0.215 -0.125 0.005751901402 1
0 0.215 -0.115 0.005957001126 1
0 0.215 -0.105 0.00616512472 1
0 0.215 -0.095 0.006375921447 1
0 0.215 -0.085 0.006536970795 1
0 0.215 -0.075 0.006715515046 1
0 0.215 -0.065 0.006918763739 1
0 0.215 -0.055 0.007085089899 1
0 0.215 -0.045 0.007217611228 1
0 0.215 -0.035 0.007333310632 1
0 0.215 -0.025 0.007504519867 2
0 0.215 -0.015 0.007620718904 2
0 0.215 -0.005 0.007671059436 2
0 0.215 0.005 0.007672083039 2
0 0.215 0.015 0.007635905169 2
0 0.215 0.025 0.007570818958 2
0 0.215 0.035 0.007480863701 2
0 0.215 0.045 0.007369484306 2
0 0.215 0.055 0.007239286182 2
0 0.215 0.065 0.00709242545 2
0 0.215 0.075 0.006930594485 2
0 0.215 0.085 0.006755087684 2
0 0.215 0.095 0.006566870934 2
0 0.215 0.105 0.006366671974 2
0 0.215 0.115 0.006155070093 2
0 0.215 0.125 0.005932577321 2
0 0.215 0.135 0.005699708627 2
0 0.215 0.145 0.005457043324 2
0 0.215 0.155 0.005205278803 2
0 0.215 0.165 0.004945275057 2
0 0.215 0.175 0.004678082501 2
0 0.215 0.185 0.004404945831 2
0 0.215 0.195 0.004127275068 2
0 0.215 0.205 0.003846587295 2
0 0.215 0.215 0.003564430153 2
0 0.215 0.225 0.003282308143 2
0 0.215 0.235 0.003001630213 2
0 0.215 0.245 0.00272368846 2
0 0.215 0.255 0.002449678131 2
0 0.215 0.265 0.002180731553 2
0 0.215 0.275 0.001918050153 2
0 0.215 0.285 0.001662854499 2
0 0.215 0.295 0.001417151216 2
0 0.215 0.305 0.001182119605 2
0 0.215 0.315 0.000965232709 2
0 0.215 0.325 0.0007599873103 2
0 0.215 0.335 0.000613802224 2
0 0.215 0.345 0.0005301927343 2
0 0.215 0.355 0.0004313802796 1
0 0.215 0.365 0.0003375473422 1
0 0.215 0.375 0.0002556111157 1
0 0.215 0.385 0.00016130197 1
0 0.215 0.395 9.589733012e-05 1
0 0.215 0.405 0 2
0 0.215 0.415 0 2
0 0.215 0.425 0 2
0 0.215 0.435 0 2
0 0.215 0.445 0 2
0 0.215 0.455 0 2
0 0.215 0.465 0 2
0 0.225 -0.455 0 2
0 0.225 -0.445 0 2
0 0.225 -0.435 0 2
0 0.225 -0.425 0 1
0 0.225 -0.415 0 1
0 0.225 -0.405 0 1
0 0.225 -0.395 4.740314198e-05 1
0 0.225 -0.385 0.0001295932908 2
0 0.225 -0.375 0.0002853976813 2
0 0.225 -0.365 0.0004396377555 2
0 0.225 -0.355 0.0005780049917 2
0 0.225 -0.345 0.0007206416579 2
0 0.225 -0.335 0.0008641690081 2
0 0.225 -0.325 0.001017083466 2
0 0.225 -0.315 0.001186862576 2
0 0.225 -0.305 0.001379385629 2
0 0.225 -0.295 0.001597678117 2
0 0.225 -0.285 0.001841193115 2
0 0.225 -0.275 0.002107457329 2
0 0.225 -0.265 0.002393156602 2
0 0.225 -0.255 0.002695002736 2
0 0.225 -0.245 0.003009958637 2
0 0.225 -0.235 0.003335106768 2
0 0.225 -0.225 0.003667349307 2
0 0.225 -0.215 0.004002991319 2
0 0.225 -0.205 0.004337524859 2
0 0.225 -0.195 0.004665374996 2
0 0.225 -0.185 0.004980317742 2
0 0.225 -0.175 0.005274293844 2
0 0.225 -0.165 0.005538732331 2
0 0.225 -0.155 0.005760376334 2
0 0.225 -0.145 0.005924602087 2
0 0.225 -0.135 0.006066181938 2
0 0.225 -0.125 0.00623326597 1
0 0.225 -0.115 0.006443963773 1
0 0.225 -0.105 0.006669371679 1
0 0.225 -0.095 0.006911361126 1
0 0.225 -0.085 0.007075893113 1
0 0.225 -0.075 0.007264498641 1
0 0.225 -0.065 0.007484838916 1
0 0.225 -0.055 0.007655517304 1
0 0.225 -0.045 0.00780368658 1
0 0.225 -0.035 0.00794817721 1
0 0.225 -0.025 0.008223126108 2
0 0.225 -0.015 0.008386999458 2
0 0.225 -0.005 0.008458220908 2
0 0.225 0.005 0.008471123788 2
0 0.225 0.015 0.008437902034 2
0 0.225 0.025 0.008369568838 2
0 0.225 0.035 0.008271316986 2
0 0.225 0.045 0.008147799569 2
0 0.225 0.055 0.008002503976 2
0 0.225 0.065 0.007838239142 2
0 0.225 0.075 0.007657092746 2
0 0.225 0.085 0.007460554143 2
0 0.225 0.095 0.007249645045 2
0 0.225 0.105 0.007025067441 2
0 0.225 0.115 0.006787332442 2
0 0.225 0.125 0.006536863656 2
0 0.225 0.135 0.006274079256 2
0 0.225 0.145 0.005999464489 2
0 0.225 0.155 0.005713641456 2
0 0.225 0.165 0.005417438276 2
0 0.225 0.175 0.005111944446 2
0 0.225 0.185 0.004798541189 2
0 0.225 0.195 0.004478882458 2
0 0.225 0.205 0.004154829797 2
0 0.225 0.215 0.003828352606 2
0 0.225 0.225 0.003501429457 2
0 0.225 0.235 0.003175976137 2
0 0.225 0.245 0.002853815675 2
0 0.225 0.255 0.00253669861 2
0 0.225 0.265 0.002226346718 2
0 0.225 0.275 0.001924591299 2
0 0.225 0.285 0.001633371187 2
0 0.225 0.295 0.001355390151 2
0 0.225 0.305 0.001093075923 2
0 0.225 0.315 0.0008532544456 2
0 0.225 0.325 0.0006383387508 2
0 0.225 0.335 0.0004695630939 2
0 0.225 0.345 0.0003691985506 2
0 0.225 0.355 0.0003038089412 1
0 0.225 0.365 0.0002287335315 1
0 0.225 0.375 0.0001535072208 1
0 0.225 0.385 8.934635887e-05 1
0 0.225 0.395 4.199369255e-05 1
0 0.225 0.405 0 2
0 0.225 0.415 0 2
0 0.225 0.425 0 2
0 0.225 0.435 0 2
0 0.225 0.445 0 2
0 0.225 0.455 0 2
0 0.225 0.465 0 2
0 0.235 -0.455 0 2
0 0.235 -0.445 0 2
0 0.235 -0.435 0 1
0 0.235 -0.425 0 1
0 0.235 -0.415 0 1
0 0.235 -0.405 0 1
0 0.235 -0.395 -2.261137984e-06 1
0 0.235 -0.385 2.772096084e-05 1
0 0.235 -0.375 0.0001380730847 2
0 0.235 -0.365 0.0002931470968 2
0 0.235 -0.355 0.0004368011157 2
0 0.235 -0.345 0.0005802195597 2
0 0.235 -0.335 0.0007367775531 2
0 0.235 -0.325 0.0009093097195 2
0 0.235 -0.315 0.001104455243 2
0 0.235 -0.305 0.001325051631 2
0 0.235 -0.295 0.001572811457 2
0 0.235 -0.285 0.001847042518 2
0 0.235 -0.275 0.002145681646 2
0 0.235 -0.265 0.002465875867 2
0 0.235 -0.255 0.002804567689 2
0 0.235 -0.245 0.003158694192 2
0 0.235 -0.235 0.003525011083 2
0 0.235 -0.225 0.003899791696 2
0 0.235 -0.215 0.004278163158 2
0 0.235 -0.205 0.004654147255 2
0 0.235 -0.195 0.005020457924 2
0 0.235 -0.185 0.005370135002 2
0 0.235 -0.175 0.005696279014 2
0 0.235 -0.165 0.005992297054 2
0 0.235 -0.155 0.0062535288 2
0 0.235 -0.145 0.006474400832 2
0 0.235 -0.135 0.006654163108 2
0 0.235 -0.125 0.006818435216 2
0 0.235 -0.115 0.007036417804 2
0 0.235 -0.105 0.007276456778 2
0 0.235 -0.095 0.007490887669 1
0 0.235 -0.085 0.007739410198 2
0 0.235 -0.075 0.007946064553 2
0 0.235 -0.065 0.008105577746 1
0 0.235 -0.055 0.008273627541 1
0 0.235 -0.045 0.008440602073 1
0 0.235 -0.035 0.00867661411 2
0 0.235 -0.025 0.008969284542 2
0 0.235 -0.015 0.009152462762 2
0 0.235 -0.005 0.009240186393 2
0 0.235 0.005 0.00926307354 2
0 0.235 0.015 0.009233511949 2
0 0.235 0.025 0.009162451684 2
0 0.235 0.035 0.009056227486 2
0 0.235 0.045 0.008920707631 2
0 0.235 0.055 0.008760474093 2
0 0.235 0.065 0.008579090106 2
0 0.235 0.075 0.008379063135 2
0 0.235 0.085 0.00816204009 2
0 0.235 0.095 0.007929043944 2
0 0.235 0.105 0.007680704201 2
0 0.235 0.115 0.007417433108 2
0 0.235 0.125 0.007139546697 2
0 0.235 0.135 0.006847348914 2
0 0.235 0.145 0.006541208558 2
0 0.235 0.155 0.006221644116 2
0 0.235 0.165 0.005889426742 2
0 0.235 0.175 0.005545674943 2
0 0.235 0.185 0.005191929714 2
0 0.235 0.195 0.004830146865 2
0 0.235 0.205 0.004462615447 2
0 0.235 0.215 0.004091810065 2
0 0.235 0.225 0.003720248896 2
0 0.235 0.235 0.003350393209 2
0 0.235 0.245 0.002984612533 2
0 0.235 0.255 0.002625214448 2
0 0.235 0.265 0.002274510843 2
0 0.235 0.275 0.001934964437 2
0 0.235 0.285 0.001609256003 2
0 0.235 0.295 0.001300756879 2
0 0.235 0.305 0.001013239001 2
0 0.235 0.315 0.0007525294279 2
0 0.235 0.325 0.0005278043933 2
0 0.235 0.335 0.0003387284686 2
0 0.235 0.345 0.0002179310772 2
0 0.235 0.355 0.0001652722906 2
0 0.235 0.365 0.000112861326 2
0 0.235 0.375 5.606273045e-05 2
0 0.235 0.385 1.988071645e-05 2
0 0.235 0.395 -9.194524737e-06 2
0 0.235 0.405 0 2
0 0.235 0.415 0 2
0 0.235 0.425 0 2
0 0.235 0.435 0 2
0 0.235 0.445 0 2
0 0.235 0.455 0 2
0 0.235 0.465 0 2
0 0.245 -0.455 0 2
0 0.245 -0.445 0 2
0 0.245 -0.435 0 1
0 0.245 -0.425 0 1
0 0.245 -0.415 0 1
0 0.245 -0.405 0 1
0 0.245 -0.395 -4.655560984e-05 1
0 0.245 -0.385 -5.411533352e-05 1
0 0.245 -0.375 -7.110447718e-06 2
0 0.245 -0.365 0.0001371646564 2
0 0.245 -0.355 0.0002875153354 2
0 0.245 -0.345 0.0004286599283 2
0 0.245 -0.335 0.0005980130314 2
0 0.245 -0.325 0.0007897091624 2
0 0.245 -0.315 0.001009846265 2
0 0.245 -0.305 0.001258828667 2
0 0.245 -0.295 0.001537089116 2
0 0.245 -0.285 0.001843362019 2
0 0.245 -0.275 0.00217553584 2
0 0.245 -0.265 0.002530910548 2
0 0.245 -0.255 0.002906577093 2
0 0.245 -0.245 0.003299638617 2
0 0.245 -0.235 0.003706871003 2
0 0.245 -0.225 0.00412442687 2
0 0.245 -0.215 0.004546385694 2
0 0.245 -0.205 0.004965281793 2
0 0.245 -0.195 0.005371132795 2
0 0.245 -0.185 0.005755930044 2
0 0.245 -0.175 0.006113381439 2
0 0.245 -0.165 0.006439531683 2
0 0.245 -0.155 0.006735012333 2
0 0.245 -0.145 0.007001946573 2
0 0.245 -0.135 0.007239863082 2
0 0.245 -0.125 0.007453907124 2
0 0.245 -0.115 0.007699953771 2
0 0.245 -0.105 0.007955593357 2
0 0.245 -0.095 0.008184496029 2
0 0.245 -0.085 0.008475288311 2
0 0.245 -0.075 0.00870383715 2
0 0.245 -0.065 0.008848770587 2
0 0.245 -0.055 0.009011823579 2
0 0.245 -0.045 0.009195371416 2
0 0.245 -0.035 0.009460664251 2
0 0.245 -0.025 0.00972576519 2
0 0.245 -0.015 0.009909484085 2
0 0.245 -0.005 0.01001196322 2
0 0.245 0.005 0.0100444313 2
0 0.245 0.015 0.01001901421 2
0 0.245 0.025 0.009945081817 2
0 0.245 0.035 0.009830544203 2
0 0.245 0.045 0.009682688657 2
0 0.245 0.055 0.009507479928 2
0 0.245 0.065 0.009309300725 2
0 0.245 0.075 0.009091022205 2
0 0.245 0.085 0.008854329233 2
0 0.245 0.095 0.00860013962 2
0 0.245 0.105 0.00832894597 2
0 0.245 0.115 0.0080410351 2
0 0.245 0.125 0.00773660952 2
0 0.245 0.135 0.007415850733 2
0 0.245 0.145 0.007078986616 2
0 0.245 0.155 0.00672638633 2
0 0.245 0.165 0.00635871268 2
0 0.245 0.175 0.005977072355 2
0 0.245 0.185 0.005583178846 2
0 0.245 0.195 0.005179358865 2
0 0.245 0.205 0.004768442786 2
0 0.245 0.215 0.004353520715 2
0 0.245 0.225 0.003937728511 2
0 0.245 0.235 0.003524106254 2
0 0.245 0.245 0.003115567956 2
0 0.245 0.255 0.002714955707 2
0 0.245 0.265 0.002325142678 2
0 0.245 0.275 0.001949192283 2
0 0.245 0.285 0.001590489126 2
0 0.245 0.295 0.001253029179 2
0 0.245 0.305 0.0009416366825 2
0 0.245 0.315 0.0006618600789 2
0 0.245 0.325 0.0004225606593 2
0 0.245 0.335 0.0002270246143 2
0 0.245 0.345 9.685523094e-05 2
0 0.245 0.355 2.938240445e-05 2
0 0.245 0.365 -1.68914101e-05 2
0 0.245 0.375 -5.336538515e-05 2
0 0.245 0.385 -6.566914298e-05 2
0 0.245 0.395 -6.32525685e-05 2
0 0.245 0.405 0 2
0 0.245 0.415 0 2
0 0.245 0.425 0 2
0 0.245 0.435 0 2
0 0.245 0.445 0 2
0 0.245 0.455 0 2
0 0.245 0.465 0 2
0 0.255 -0.455 0 2
0 0.255 -0.445 0 2
0 0.255 -0.435 0 1
0 0.255 -0.425 0 1
0 0.255 -0.415 0 1
0 0.255 -0.405 0 1
0 0.255 -0.395 -9.165494264e-05 1
0 0.255 -0.385 -0.000126411538 1
0 0.255 -0.375 -0.0001228553394 1
0 0.255 -0.365 -1.498823736e-05 2
0 0.255 -0.355 0.00012648362 2
0 0.255 -0.345 0.0002689892315 2
0 0.255 -0.335 0.0004501271044 2
0 0.255 -0.325 0.0006609343757 2
0 0.255 -0.315 0.0009057600345 2
0 0.255 -0.305 0.001183184239 2
0 0.255 -0.295 0.001492355319 2
0 0.255 -0.285 0.001831249963 2
0 0.255 -0.275 0.002197421475 2
0 0.255 -0.265 0.002588084829 2
0 0.255 -0.255 0.003000379147 2
0 0.255 -0.245 0.003431626633 2
0 0.255 -0.235 0.00387884265 2
0 0.255 -0.225 0.004338713615 2
0 0.255 -0.215 0.004804481885 2
0 0.255 -0.205 0.005267829185 2
0 0.255 -0.195 0.005714259385 2
0 0.255 -0.185 0.006135249494 2
0 0.255 -0.175 0.006524505031 2
0 0.255 -0.165 0.006878900048 2
0 0.255 -0.155 0.007206630292 2
0 0.255 -0.145 0.007514241628 2
0 0.255 -0.135 0.007808957413 2
0 0.255 -0.125 0.008098375823 2
0 0.255 -0.115 0.008397694553 2
0 0.255 -0.105 0.008693634091 2
0 0.255 -0.095 0.008988782855 2
0 0.255 -0.085 0.009295838243 2
0 0.255 -0.075 0.009542051389 2
0 0.255 -0.065 0.009712837847 2
0 0.255 -0.055 0.009872442988 2
0 0.255 -0.045 0.01003149625 2
0 0.255 -0.035 0.01026202634 2
0 0.255 -0.025 0.01049073949 2
0 0.255 -0.015 0.01066574373 2
0 0.255 -0.005 0.01077477267 2
0 0.255 0.005 0.01081568939 2
0 0.255 0.015 0.01079304316 2
0 0.255 0.025 0.01071456856 2
0 0.255 0.035 0.0105902471 2
0 0.255 0.045 0.010428965 2
0 0.255 0.055 0.01023839531 2
0 0.255 0.065 0.01002370871 2
0 0.255 0.075 0.009787959822 2
0 0.255 0.085 0.009532639147 2
0 0.255 0.095 0.009258381576 2
0 0.255 0.105 0.008965461487 2
0 0.255 0.115 0.008654029468 2
0 0.255 0.125 0.008324196441 2
0 0.255 0.135 0.00797603134 2
0 0.255 0.145 0.007609597214 2
0 0.255 0.155 0.007225043802 2
0 0.255 0.165 0.006822836165 2
0 0.255 0.175 0.006403970074 2
0 0.255 0.185 0.005970327692 2
0 0.255 0.195 0.005524695483 2
0 0.255 0.205 0.005070618259 2
0 0.255 0.215 0.004611953868 2
0 0.255 0.225 0.004152545431 2
0 0.255 0.235 0.003696025185 2
0 0.255 0.245 0.003245814638 2
0 0.255 0.255 0.002805228818 2
0 0.255 0.265 0.002377632784 2
0 0.255 0.275 0.001966618716 2
0 0.255 0.285 0.00157617479 2
0 0.255 0.295 0.001210851772 2
0 0.255 0.305 0.0008760928617 2
0 0.255 0.315 0.0005777655454 2
0 0.255 0.325 0.0003237226096 2
0 0.255 0.335 0.0001211778488 2
0 0.255 0.345 -2.225305208e-05 2
0 0.255 0.355 -0.0001106375714 2
0 0.255 0.365 -0.0001605917183 2
0 0.255 0.375 -0.0001805562547 2
0 0.255 0.385 -0.0001666536176 2
0 0.255 0.395 -0.0001246879215 2
0 0.255 0.405 0 2
0 0.255 0.415 0 2
0 0.255 0.425 0 2
0 0.255 0.435 0 2
0 0.255 0.445 0 2
0 0.255 0.455 0 2
0 0.255 0.465 0 2
0 0.265 -0.455 0 2
0 0.265 -0.445 0 2
0 0.265 -0.435 0 1
0 0.265 -0.425 0 1
0 0.265 -0.415 0 1
0 0.265 -0.405 0 1
0 0.265 -0.395 -0.0001412964258 1
0 0.265 -0.385 -0.0001995293061 1
0 0.265 -0.375 -0.0002157221967 1
0 0.265 -0.365 -0.0001549594595 2
0 0.265 -0.355 -3.950977215e-05 2
0 0.265 -0.345 0.0001063668494 2
0 0.265 -0.335 0.0002973126195 2
0 0.265 -0.325 0.0005267942491 2
0 0.265 -0.315 0.0007957329141 2
0 0.265 -0.305 0.001101269236 2
0 0.265 -0.295 0.001441188555 2
0 0.265 -0.285 0.001812628818 2
0 0.265 -0.275 0.002212634958 2
0 0.265 -0.265 0.002638158539 2
0 0.265 -0.255 0.003086341149 2
0 0.265 -0.245 0.003554556107 2
0 0.265 -0.235 0.004040055098 2
0 0.265 -0.225 0.004543197841 2
0 0.265 -0.215 0.005056570888 2
0 0.265 -0.205 0.00557294568 2
0 0.265 -0.195 0.006063359379 2
0 0.265 -0.185 0.006521581308 2
0 0.265 -0.175 0.006940895471 2
0 0.265 -0.165 0.007312794925 2
0 0.265 -0.155 0.007667481755 2
0 0.265 -0.145 0.008013882425 2
0 0.265 -0.135 0.008359376081 2
0 0.265 -0.125 0.008712074438 2
0 0.265 -0.115 0.009072802103 2
0 0.265 -0.105 0.009404451188 2
0 0.265 -0.095 0.009741343079 2
0 0.265 -0.085 0.01003607518 2
0 0.265 -0.075 0.01029990442 2
0 0.265 -0.065 0.01053682512 2
0 0.265 -0.055 0.01074625963 2
0 0.265 -0.045 0.01089444942 2
0 0.265 -0.035 0.01105807033 2
0 0.265 -0.025 0.01125197082 2
0 0.265 -0.015 0.01142224621 2
0 0.265 -0.005 0.01153626456 2
0 0.265 0.005 0.01158171733 2
0 0.265 0.015 0.01155748126 2
0 0.265 0.025 0.01146972722 2
0 0.265 0.035 0.01133211811 2
0 0.265 0.045 0.01115506687 2
0 0.265 0.055 0.01094836127 2
0 0.265 0.065 0.01071756208 2
0 0.265 0.075 0.01046538291 2
0 0.265 0.085 0.01019272082 2
0 0.265 0.095 0.009899683323 2
0 0.265 0.105 0.009586271843 2
0 0.265 0.115 0.009252544426 2
0 0.265 0.125 0.008898598038 2
0 0.265 0.135 0.008524432577 2
0 0.265 0.145 0.008129929122 2
0 0.265 0.155 0.007714911595 2
0 0.265 0.165 0.00727950433 2
0 0.265 0.175 0.006824363565 2
0 0.265 0.185 0.006351505959 2
0 0.265 0.195 0.005864296215 2
0 0.265 0.205 0.005367293288 2
0 0.265 0.215 0.004865349825 2
0 0.265 0.225 0.004363120478 2
0 0.265 0.235 0.003864799945 2
0 0.265 0.245 0.003374220602 2
0 0.265 0.255 0.002895054407 2
0 0.265 0.265 0.002431046432 2
0 0.265 0.275 0.001986211749 2
0 0.265 0.285 0.001565003814 2
0 0.265 0.295 0.001172409794 2
0 0.265 0.305 0.000814136043 2
0 0.265 0.315 0.0004963493299 2
0 0.265 0.325 0.0002259963192 2
0 0.265 0.335 9.208338163e-06 2
0 0.265 0.345 -0.0001495836523 2
0 0.265 0.355 -0.0002520842275 2
0 0.265 0.365 -0.000305403731 2
0 0.265 0.375 -0.0003140087145 2
0 0.265 0.385 -0.0002736977362 2
0 0.265 0.395 -0.0001933460069 2
0 0.265 0.405 0 2
0 0.265 0.415 0 2
0 0.265 0.425 0 2
0 0.265 0.435 0 2
0 0.265 0.445 0 2
0 0.265 0.455 0 2
0 0.265 0.465 0 2
0 0.275 -0.455 0 2
0 0.275 -0.445 0 2
0 0.275 -0.435 0 1
0 0.275 -0.425 0 1
0 0.275 -0.415 0 1
0 0.275 -0.405 0 1
0 0.275 -0.395 -0.0001891652291 1
0 0.275 -0.385 -0.000268351307 1
0 0.275 -0.375 -0.0003035226035 1
0 0.275 -0.365 -0.0002830234174 2
0 0.275 -0.355 -0.0001974261048 2
0 0.275 -0.345 -5.367395842e-05 2
0 0.275 -0.335 0.0001447631134 2
0 0.275 -0.325 0.0003916477094 2
0 0.275 -0.315 0.0006836736264 2
0 0.275 -0.305 0.001016527444 2
0 0.275 -0.295 0.001386515866 2
0 0.275 -0.285 0.001789885482 2
0 0.275 -0.275 0.002223058414 2
0 0.275 -0.265 0.002682598057 2
0 0.275 -0.255 0.003165578419 2
0 0.275 -0.245 0.003669227903 2
0 0.275 -0.235 0.00419130951 2
0 0.275 -0.225 0.004732789795 2
0 0.275 -0.215 0.005285809564 2
0 0.275 -0.205 0.005847633368 2
0 0.275 -0.195 0.006373040138 2
0 0.275 -0.185 0.006869914115 2
0 0.275 -0.175 0.007332309749 2
0 0.275 -0.165 0.007737432096 2
0 0.275 -0.155 0.008118940202 2
0 0.275 -0.145 0.008501658896 2
0 0.275 -0.135 0.008896349235 2
0 0.275 -0.125 0.009305108839 2
0 0.275 -0.115 0.009706343982 2
0 0.275 -0.105 0.01004477651 2
0 0.275 -0.095 0.01036791671 1
0 0.275 -0.085 0.01066499554 1
0 0.275 -0.075 0.01094912196 1
0 0.275 -0.065 0.01121817863 1
0 0.275 -0.055 0.01147184241 1
0 0.275 -0.045 0.01167308336 2
0 0.275 -0.035 0.01181510192 2
0 0.275 -0.025 0.01200072931 2
0 0.275 -0.015 0.0121732772 2
0 0.275 -0.005 0.01228849416 2
0 0.275 0.005 0.0123354445 2
0 0.275 0.015 0.01230744553 2
0 0.275 0.025 0.01220654077 2
0 0.275 0.035 0.01205315977 2
0 0.275 0.045 0.01185753102 2
0 0.275 0.055 0.01163344035 2
0 0.275 0.065 0.01138686678 2
0 0.275 0.075 0.01111951 2
0 0.275 0.085 0.01083100047 2
0 0.275 0.095 0.01052050017 2
0 0.275 0.105 0.01018777743 2
0 0.275 0.115 0.009832945957 2
0 0.275 0.125 0.009456231955 2
0 0.275 0.135 0.009057631391 2
0 0.275 0.145 0.00863682425 2
0 0.275 0.155 0.008193167819 2
0 0.275 0.165 0.007726302816 2
0 0.275 0.175 0.007236075102 2
0 0.275 0.185 0.006724586649 2
0 0.275 0.195 0.006195933728 2
0 0.275 0.205 0.005656226867 2
0 0.275 0.215 0.005111614157 2
0 0.275 0.225 0.004567631068 2
0 0.275 0.235 0.004028912017 2
0 0.275 0.245 0.003499527453 2
0 0.275 0.255 0.002983346842 2
0 0.275 0.265 0.00248436076 2
0 0.275 0.275 0.002006893316 2
0 0.275 0.285 0.001555736165 2
0 0.275 0.295 0.001136194222 2
0 0.275 0.305 0.0007541216234 2
0 0.275 0.315 0.0004157378482 2
0 0.275 0.325 0.0001273746471 2
0 0.275 0.335 -0.0001055201921 2
0 0.275 0.345 -0.0002792416282 2
0 0.275 0.355 -0.0003931439849 2
0 0.275 0.365 -0.0004487483178 2
0 0.275 0.375 -0.0004468009724 2
0 0.275 0.385 -0.0003811453886 2
0 0.275 0.395 -0.0002637427629 2
0 0.275 0.405 0 2
0 0.275 0.415 0 2
0 0.275 0.425 0 2
0 0.275 0.435 0 2
0 0.275 0.445 0 2
0 0.275 0.455 0 2
0 0.275 0.465 0 2
0 0.285 -0.455 0 2
0 0.285 -0.445 0 2
0 0.285 -0.435 0 1
0 0.285 -0.425 0 1
0 0.285 -0.415 0 1
0 0.285 -0.405 0 1
0 0.285 -0.395 -0.0002319159765 1
0 0.285 -0.385 -0.000335377152 1
0 0.285 -0.375 -0.000394869212 1
0 0.285 -0.365 -0.0004053394094 2
0 0.285 -0.355 -0.0003437669033 2
0 0.285 -0.345 -0.0002075116215 2
0 0.285 -0.335 -3.132068735e-06 2
0 0.285 -0.325 0.0002596422932 2
0 0.285 -0.315 0.000573462648 2
0 0.285 -0.305 0.0009324281824 2
0 0.285 -0.295 0.001331346931 2
0 0.285 -0.285 0.001765564727 2
0 0.285 -0.275 0.002230819586 2
0 0.285 -0.265 0.002723214101 2
0 0.285 -0.255 0.003239597108 2
0 0.285 -0.245 0.00377699304 2
0 0.285 -0.235 0.004336434039 2
0 0.285 -0.225 0.004913949152 2
0 0.285 -0.215 0.005501646446 2
0 0.285 -0.205 0.006088007992 1
0 0.285 -0.195 0.006637059562 1
0 0.285 -0.185 0.007164759156 1
0 0.285 -0.175 0.007671328588 1
0 0.285 -0.165 0.008138571286 2
0 0.285 -0.155 0.008562895106 2
0 0.285 -0.145 0.008978095874 2
0 0.285 -0.135 0.009419272485 2
0 0.285 -0.125 0.009857416353 2
0 0.285 -0.115 0.01024906069 1
0 0.285 -0.105 0.01058632617 1
0 0.285 -0.095 0.01087430171 1
0 0.285 -0.085 0.01117659898 1
0 0.285 -0.075 0.01147733 1
0 0.285 -0.065 0.01176623676 1
0 0.285 -0.055 0.01205315232 1
0 0.285 -0.045 0.01235447123 1
0 0.285 -0.035 0.01255496133 2
0 0.285 -0.025 0.01276082235 2
0 0.285 -0.015 0.01293371095 2
0 0.285 -0.005 0.01304827964 2
0 0.285 0.005 0.01309503705 2
0 0.285 0.015 0.01305702532 2
0 0.285 0.025 0.01292319676 2
0 0.285 0.035 0.01274750762 2
0 0.285 0.045 0.01253035921 2
0 0.285 0.055 0.01228870391 2
0 0.285 0.065 0.01202802629 2
0 0.285 0.075 0.01174749651 2
0 0.285 0.085 0.01144474986 2
0 0.285 0.095 0.01111785329 2
0 0.285 0.105 0.01076670566 2
0 0.285 0.115 0.01039174267 2
0 0.285 0.125 0.009993507203 2
0 0.285 0.135 0.009572120557 2
0 0.285 0.145 0.009127115675 2
0 0.285 0.155 0.008657263034 2
0 0.285 0.165 0.008161683367 2
0 0.285 0.175 0.007638053631 2
0 0.285 0.185 0.007088454744 2
0 0.285 0.195 0.006517852125 2
0 0.285 0.205 0.005935214107 2
0 0.285 0.215 0.005348486744 2
0 0.285 0.225 0.00476410921 2
0 0.285 0.235 0.004186794923 2
0 0.285 0.245 0.003620508958 2
0 0.285 0.255 0.00306909519 2
0 0.285 0.265 0.002536668788 2
0 0.285 0.275 0.002027776004 2
0 0.285 0.285 0.001547462399 2
0 0.285 0.295 0.001101269579 2
0 0.285 0.305 0.0006951683165 2
0 0.285 0.315 0.0003353540078 2
0 0.285 0.325 2.793035888e-05 2
0 0.285 0.335 -0.0002216792263 2
0 0.285 0.345 -0.0004092533323 2
0 0.285 0.355 -0.0005320817606 2
0 0.285 0.365 -0.0005882663677 2
0 0.285 0.375 -0.0005757020143 2
0 0.285 0.385 -0.0004857319813 2
0 0.285 0.395 -0.0003329233706 2
0 0.285 0.405 0 2
0 0.285 0.415 0 2
0 0.285 0.425 0 2
0 0.285 0.435 0 2
0 0.285 0.445 0 2
0 0.285 0.455 0 2
0 0.285 0.465 0 2
0 0.295 -0.455 0 2
0 0.295 -0.445 0 2
0 0.295 -0.435 0 1
0 0.295 -0.425 0 1
0 0.295 -0.415 0 1
0 0.295 -0.405 0 1
0 0.295 -0.395 -0.0002736502624 1
0 0.295 -0.385 -0.000402459654 1
0 0.295 -0.375 -0.0004870731828 1
0 0.295 -0.365 -0.0005260239036 2
0 0.295 -0.355 -0.0004848725743 2
0 0.295 -0.345 -0.0003540956308 2
0 0.295 -0.335 -0.0001434724631 2
0 0.295 -0.325 0.000134315059 2
0 0.295 -0.315 0.0004685992475 2
0 0.295 -0.305 0.0008521487599 2
0 0.295 -0.295 0.001278456452 2
0 0.295 -0.285 0.001742027448 2
0 0.295 -0.275 0.002237912551 2
0 0.295 -0.265 0.002761713573 2
0 0.295 -0.255 0.003309837727 2
0 0.295 -0.245 0.003879166903 2
0 0.295 -0.235 0.004471916129 2
0 0.295 -0.225 0.00508112066 2
0 0.295 -0.215 0.005699968579 2
0 0.295 -0.205 0.006284219077 1
0 0.295 -0.195 0.006849414208 1
0 0.295 -0.185 0.007401100571 1
0 0.295 -0.175 0.007941007366 1
0 0.295 -0.165 0.008481502774 1
0 0.295 -0.155 0.008974376619 2
0 0.295 -0.145 0.009429208548 2
0 0.295 -0.135 0.009900604292 2
0 0.295 -0.125 0.01032682375 1
0 0.295 -0.115 0.01067666182 1
0 0.295 -0.105 0.01101416871 1
0 0.295 -0.095 0.01131833223 1
0 0.295 -0.085 0.01162670936 1
0 0.295 -0.075 0.01193706174 1
0 0.295 -0.065 0.012244887 1
0 0.295 -0.055 0.01255468073 1
0 0.295 -0.045 0.01288455511 1
0 0.295 -0.035 0.01319672938 2
0 0.295 -0.025 0.01343186406 2
0 0.295 -0.015 0.01360238557 2
0 0.295 -0.005 0.01371583868 2
0 0.295 0.005 0.01376804445 2
0 0.295 0.015 0.01374425706 2
0 0.295 0.025 0.01361407308 2
0 0.295 0.035 0.01343320353 2
0 0.295 0.045 0.01317751831 2
0 0.295 0.055 0.01291152526 2
0 0.295 0.065 0.01263908715 2
0 0.295 0.075 0.01234776358 2
0 0.295 0.085 0.01203201145 2
0 0.295 0.095 0.01168919127 2
0 0.295 0.105 0.0113199774 2
0 0.295 0.115 0.01092556188 2
0 0.295 0.125 0.01050706702 2
0 0.295 0.135 0.01006476232 2
0 0.295 0.145 0.009597633476 2
0 0.295 0.155 0.009103281089 2
0 0.295 0.165 0.008581394048 2
0 0.295 0.175 0.008025594243 2
0 0.295 0.185 0.007438545482 2
0 0.295 0.195 0.006825759151 2
0 0.295 0.205 0.006200731813 2
0 0.295 0.215 0.005573386477 2
0 0.295 0.225 0.004950700888 2
0 0.295 0.235 0.004337109457 2
0 0.295 0.245 0.003736156816 2
0 0.295 0.255 0.00315152009 2
0 0.295 0.265 0.002587320767 2
0 0.295 0.275 0.002048295745 2
0 0.295 0.285 0.001539717751 2
0 0.295 0.295 0.001067345555 2
0 0.295 0.305 0.0006373029282 2
0 0.295 0.315 0.0002558868388 2
0 0.295 0.325 -7.069775244e-05 2
0 0.295 0.335 -0.0003366645644 2
0 0.295 0.345 -0.0005369108313 2
0 0.295 0.355 -0.0006669656236 2
0 0.295 0.365 -0.0007224950457 2
0 0.295 0.375 -0.0006991379654 2
0 0.295 0.385 -0.0005856971692 2
0 0.295 0.395 -0.000399080876 2
0 0.295 0.405 0 2
0 0.295 0.415 0 2
0 0.295 0.425 0 2
0 0.295 0.435 0 2
0 0.295 0.445 0 2
0 0.295 0.455 0 2
0 0.295 0.465 0 2
0 0.305 -0.455 0 2
0 0.305 -0.445 0 2
0 0.305 -0.435 0 2
0 0.305 -0.425 0 1
0 0.305 -0.415 0 1
0 0.305 -0.405 0 1
0 0.305 -0.395 -0.0003172565409 1
0 0.305 -0.385 -0.0004697599004 1
0 0.305 -0.375 -0.0005769090241 1
0 0.305 -0.365 -0.0006477826055 2
0 0.305 -0.355 -0.0006247736783 2
0 0.305 -0.345 -0.0004916211858 2
0 0.305 -0.335 -0.0002734163532 2
0 0.305 -0.325 1.8819526e-05 2
0 0.305 -0.315 0.0003720863683 2
0 0.305 -0.305 0.0007783609814 2
0 0.305 -0.295 0.001230140728 2
0 0.305 -0.285 0.00172118736 2
0 0.305 -0.275 0.002245901396 2
0 0.305 -0.265 0.002799344001 2
0 0.305 -0.255 0.003377322054 2
0 0.305 -0.245 0.003976441435 2
0 0.305 -0.235 0.004597719846 2
0 0.305 -0.225 0.005232298807 2
0 0.305 -0.215 0.005870053747 1
0 0.305 -0.205 0.006458756407 1
0 0.305 -0.195 0.007037952622 1
0 0.305 -0.185 0.007611299453 1
0 0.305 -0.175 0.008180823784 1
0 0.305 -0.165 0.008753111522 1
0 0.305 -0.155 0.009317810155 1
0 0.305 -0.145 0.00982894067 2
0 0.305 -0.135 0.01030002568 1
0 0.305 -0.125 0.01069200477 1
0 0.305 -0.115 0.01105110988 1
0 0.305 -0.105 0.01140235179 1
0 0.305 -0.095 0.0117390567 1
0 0.305 -0.085 0.0120701165 1
0 0.305 -0.075 0.01239637238 1
0 0.305 -0.065 0.01271996906 1
0 0.305 -0.055 0.01304054281 1
0 0.305 -0.045 0.01337425687 1
0 0.305 -0.035 0.01373129406 1
0 0.305 -0.025 0.01399024831 1
0 0.305 -0.015 0.01416601488 1
0 0.305 -0.005 0.01427940382 1
0 0.305 0.005 0.01433218231 1
0 0.305 0.015 0.01432271818 1
0 0.305 0.025 0.01423586368 2
0 0.305 0.035 0.01406450371 2
0 0.305 0.045 0.01377470348 2
0 0.305 0.055 0.01349884405 2
0 0.305 0.065 0.01322133869 2
0 0.305 0.075 0.01292007642 2
0 0.305 0.085 0.01259114837 2
0 0.305 0.095 0.01223199821 2
0 0.305 0.105 0.01184447119 2
0 0.305 0.115 0.01143090685 2
0 0.305 0.125 0.01099316487 2
0 0.305 0.135 0.01053160359 2
0 0.305 0.145 0.01004365233 2
0 0.305 0.155 0.009527842983 2
0 0.305 0.165 0.008990465234 2
0 0.305 0.175 0.00840719602 2
0 0.305 0.185 0.007782466126 2
0 0.305 0.195 0.007120241171 2
0 0.305 0.205 0.006450167222 2
0 0.305 0.215 0.005783414551 2
0 0.305 0.225 0.005125699547 2
0 0.305 0.235 0.00447889232 2
0 0.305 0.245 0.003845853918 2
0 0.305 0.255 0.003230168571 2
0 0.305 0.265 0.002635976014 2
0 0.305 0.275 0.002068225736 2
0 0.305 0.285 0.001532437543 2
0 0.305 0.295 0.001034612676 2
0 0.305 0.305 0.0005810972964 2
0 0.305 0.315 0.0001784243276 2
0 0.305 0.325 -0.0001668749676 2
0 0.305 0.335 -0.0004484356607 2
0 0.305 0.345 -0.00066017791 2
0 0.305 0.355 -0.0007961311904 2
0 0.305 0.365 -0.0008500843897 2
0 0.305 0.375 -0.0008158618061 2
0 0.305 0.385 -0.00067988713 2
0 0.305 0.395 -0.0004612719979 2
0 0.305 0.405 0 2
0 0.305 0.415 0 2
0 0.305 0.425 0 2
0 0.305 0.435 0 2
0 0.305 0.445 0 2
0 0.305 0.455 0 2
0 0.305 0.465 0 2
0 0.315 -0.455 0 2
0 0.315 -0.445 0 2
0 0.315 -0.435 0 2
0 0.315 -0.425 0 1
0 0.315 -0.415 0 1
0 0.315 -0.405 0 1
0 0.315 -0.395 -0.000368418059 1
0 0.315 -0.385 -0.0005451769607 1
0 0.315 -0.375 -0.0006742638374 1
0 0.315 -0.365 -0.0007728200595 2
0 0.315 -0.355 -0.0007563262239 2
0 0.315 -0.345 -0.0006160957545 2
0 0.315 -0.335 -0.0003895087578 2
0 0.315 -0.325 -8.406287433e-05 2
0 0.315 -0.315 0.0002862776335 2
0 0.315 -0.305 0.0007130400664 2
0 0.315 -0.295 0.001188011096 2
0 0.315 -0.285 0.001704271362 2
0 0.315 -0.275 0.002255623964 2
0 0.315 -0.265 0.002836536877 2
0 0.315 -0.255 0.003442211834 2
0 0.315 -0.245 0.004068574544 2
0 0.315 -0.235 0.004713258404 2
0 0.315 -0.225 0.005367074787 2
0 0.315 -0.215 0.006007379492 1
0 0.315 -0.205 0.006624093405 1
0 0.315 -0.195 0.007226325609 1
0 0.315 -0.185 0.007822537902 1
0 0.315 -0.175 0.008414918185 1
0 0.315 -0.165 0.009003369305 1
0 0.315 -0.155 0.009589843173 1
0 0.315 -0.145 0.01014783794 1
0 0.315 -0.135 0.01061046292 1
0 0.315 -0.125 0.01101971952 1
0 0.315 -0.115 0.01140793134 1
0 0.315 -0.105 0.01178082845 1
0 0.315 -0.095 0.01213816371 1
0 0.315 -0.085 0.0124852128 1
0 0.315 -0.075 0.01282779766 1
0 0.315 -0.065 0.01316856595 1
0 0.315 -0.055 0.01350567514 1
0 0.315 -0.045 0.0138441444 1
0 0.315 -0.035 0.01417739305 1
0 0.315 -0.025 0.01443657573 1
0 0.315 -0.015 0.01461781969 1
0 0.315 -0.005 0.01473246494 1
0 0.315 0.005 0.01478554713 1
0 0.315 0.015 0.0147875863 1
0 0.315 0.025 0.01475593238 1
0 0.315 0.035 0.01460750028 1
0 0.315 0.045 0.01432991714 2
0 0.315 0.055 0.01405745626 2
0 0.315 0.065 0.01377463738 2
0 0.315 0.075 0.01346307431 2
0 0.315 0.085 0.01311963768 2
0 0.315 0.095 0.01274319246 2
0 0.315 0.105 0.0123368445 2
0 0.315 0.115 0.01190427994 2
0 0.315 0.125 0.0114481395 2
0 0.315 0.135 0.01097238009 2
0 0.315 0.145 0.01047248096 2
0 0.315 0.155 0.009927039098 2
0 0.315 0.165 0.009357200739 2
0 0.315 0.175 0.008738323896 2
0 0.315 0.185 0.008084499694 2
0 0.315 0.195 0.007389377006 2
0 0.315 0.205 0.006681149314 2
0 0.315 0.215 0.005979326139 2
0 0.315 0.225 0.0052884572 2
0 0.315 0.235 0.004611823011 2
0 0.315 0.245 0.003949436345 2
0 0.315 0.255 0.00330490752 2
0 0.315 0.265 0.002682561521 2
0 0.315 0.275 0.002087606816 2
0 0.315 0.285 0.001525849464 2
0 0.315 0.295 0.001003573939 2
0 0.315 0.305 0.0005274180868 2
0 0.315 0.315 0.0001042535508 2
0 0.315 0.325 -0.0002589353373 2
0 0.315 0.335 -0.0005551165855 2
0 0.315 0.345 -0.0007772530139 2
0 0.315 0.355 -0.0009180844848 2
0 0.315 0.365 -0.0009698709499 2
0 0.315 0.375 -0.0009249424673 2
0 0.315 0.385 -0.0007675739821 2
0 0.315 0.395 -0.000518990714 2
0 0.315 0.405 0 2
0 0.315 0.415 0 2
0 0.315 0.425 0 2
0 0.315 0.435 0 2
0 0.315 0.445 0 2
0 0.315 0.455 0 2
0 0.315 0.465 0 2
0 0.325 -0.455 0 2
0 0.325 -0.445 0 2
0 0.325 -0.435 0 2
0 0.325 -0.425 0 2
0 0.325 -0.415 0 1
0 0.325 -0.405 0 1
0 0.325 -0.395 -0.0004224446714 1
0 0.325 -0.385 -0.0006241769042 1
0 0.325 -0.375 -0.0007868833544 2
0 0.325 -0.365 -0.0008870271779 2
0 0.325 -0.355 -0.0008662616013 2
0 0.325 -0.345 -0.0007226545253 2
0 0.325 -0.335 -0.0004887059999 2
0 0.325 -0.325 -0.000172420136 2
0 0.325 -0.315 0.000212574784 2
0 0.325 -0.305 0.00065725896 2
0 0.325 -0.295 0.00115288028 2
0 0.325 -0.285 0.001691836548 2
0 0.325 -0.275 0.002267402315 2
0 0.325 -0.265 0.002873299418 2
0 0.325 -0.255 0.003504098175 2
0 0.325 -0.245 0.004154676357 2
0 0.325 -0.235 0.004820226793 2
0 0.325 -0.225 0.00549004161 2
0 0.325 -0.215 0.006133534266 1
0 0.325 -0.205 0.006777075838 1
0 0.325 -0.195 0.00740164306 1
0 0.325 -0.185 0.008019825433 1
0 0.325 -0.175 0.008633160628 1
0 0.325 -0.165 0.00923788705 1
0 0.325 -0.155 0.009830156844 1
0 0.325 -0.145 0.0103912546 1
0 0.325 -0.135 0.01088038886 1
0 0.325 -0.125 0.01132390329 1
0 0.325 -0.115 0.01174057633 1
0 0.325 -0.105 0.01213622346 1
0 0.325 -0.095 0.01251257157 1
0 0.325 -0.085 0.01287415563 1
0 0.325 -0.075 0.0132330532 1
0 0.325 -0.065 0.01359130313 1
0 0.325 -0.055 0.0139388211 1
0 0.325 -0.045 0.01427017036 1
0 0.325 -0.035 0.01457213468 1
0 0.325 -0.025 0.01481711507 1
0 0.325 -0.015 0.01499682398 1
0 0.325 -0.005 0.01511270486 1
0 0.325 0.005 0.01517099917 1
0 0.325 0.015 0.0151829844 1
0 0.325 0.025 0.0151546605 1
0 0.325 0.035 0.01503795651 1
0 0.325 0.045 0.01483273547 2
0 0.325 0.055 0.01457937803 2
0 0.325 0.065 0.01429317152 2
0 0.325 0.075 0.01397180424 2
0 0.325 0.085 0.01361295886 2
0 0.325 0.095 0.01321851331 2
0 0.325 0.105 0.01279303993 2
0 0.325 0.115 0.01234170529 2
0 0.325 0.125 0.01187029723 2
0 0.325 0.135 0.01138045163 2
0 0.325 0.145 0.01085714994 2
0 0.325 0.155 0.01027166499 2
0 0.325 0.165 0.009652126068 1
0 0.325 0.175 0.009002699626 1
0 0.325 0.185 0.008330404427 1
0 0.325 0.195 0.007625287233 2
0 0.325 0.205 0.006887494046 2
0 0.325 0.215 0.006158194093 2
0 0.325 0.225 0.005439750132 2
0 0.325 0.235 0.004736222788 2
0 0.325 0.245 0.00404701594 2
0 0.325 0.255 0.003375775268 2
0 0.325 0.265 0.002727142324 2
0 0.325 0.275 0.002106619807 2
0 0.325 0.285 0.001520327078 2
0 0.325 0.295 0.000974861651 2
0 0.325 0.305 0.0004772000413 2
0 0.325 0.315 3.461374058e-05 2
0 0.325 0.325 -0.0003454010687 2
0 0.325 0.335 -0.0006551282054 2
0 0.325 0.345 -0.000886636613 2
0 0.325 0.355 -0.001031550192 2
0 0.325 0.365 -0.001080849571 2
0 0.325 0.375 -0.001025620197 2
0 0.325 0.385 -0.0008482340875 2
0 0.325 0.395 -0.0005719322325 2
0 0.325 0.405 0 2
0 0.325 0.415 0 2
0 0.325 0.425 0 2
0 0.325 0.435 0 2
0 0.325 0.445 0 2
0 0.325 0.455 0 2
0 0.325 0.465 0 2
0 0.335 -0.455 0 2
0 0.335 -0.445 0 2
0 0.335 -0.435 0 2
0 0.335 -0.425 0 2
0 0.335 -0.415 0 2
0 0.335 -0.405 0 2
0 0.335 -0.395 -0.0004702982001 2
0 0.335 -0.385 -0.0007023886951 2
0 0.335 -0.375 -0.0008879525818 2
0 0.335 -0.365 -0.0009799371757 2
0 0.335 -0.355 -0.0009521631213 2
0 0.335 -0.345 -0.0008096041325 2
0 0.335 -0.335 -0.0005704468859 2
0 0.335 -0.325 -0.0002459922988 2
0 0.335 -0.315 0.0001511500739 2
0 0.335 -0.305 0.0006112025967 2
0 0.335 -0.295 0.001124868115 2
0 0.335 -0.285 0.00168364238 2
0 0.335 -0.275 0.002280462614 2
0 0.335 -0.265 0.002908249452 2
0 0.335 -0.255 0.003560942585 2
0 0.335 -0.245 0.004232373545 2
0 0.335 -0.235 0.004918312863 2
0 0.335 -0.225 0.005605715035 2
0 0.335 -0.215 0.006269909708 2
0 0.335 -0.205 0.006922613524 1
0 0.335 -0.195 0.007563731418 1
0 0.335 -0.185 0.008201015976 1
0 0.335 -0.175 0.008832394504 1
0 0.335 -0.165 0.009452186792 1
0 0.335 -0.155 0.01005130665 1
0 0.335 -0.145 0.0106159214 1
0 0.335 -0.135 0.01113091274 1
0 0.335 -0.125 0.01160422446 1
0 0.335 -0.115 0.0120489371 1
0 0.335 -0.105 0.01246877846 1
0 0.335 -0.095 0.01286052134 1
0 0.335 -0.085 0.01322419078 1
0 0.335 -0.075 0.01359734246 1
0 0.335 -0.065 0.01398118693 1
0 0.335 -0.055 0.01433732191 1
0 0.335 -0.045 0.01466395939 1
0 0.335 -0.035 0.01495098201 1
0 0.335 -0.025 0.01518470814 1
0 0.335 -0.015 0.0153595694 1
0 0.335 -0.005 0.01547517289 1
0 0.335 0.005 0.01553454153 1
0 0.335 0.015 0.01554130091 1
0 0.335 0.025 0.01549976114 1
0 0.335 0.035 0.01540649667 1
0 0.335 0.045 0.01526937345 2
0 0.335 0.055 0.01504886571 2
0 0.335 0.065 0.01476758373 2
0 0.335 0.075 0.01443834371 2
0 0.335 0.085 0.01406489531 2
0 0.335 0.095 0.01365309013 2
0 0.335 0.105 0.01320865269 2
0 0.335 0.115 0.01274099972 2
0 0.335 0.125 0.01225888658 2
0 0.335 0.135 0.01174238086 2
0 0.335 0.145 0.01116583453 1
0 0.335 0.155 0.01054055028 1
0 0.335 0.165 0.009875755324 1
0 0.335 0.175 0.009205385047 1
0 0.335 0.185 0.008522212462 1
0 0.335 0.195 0.0078216885 1
0 0.335 0.205 0.007071114999 2
0 0.335 0.215 0.00632146529 2
0 0.335 0.225 0.005579997325 2
0 0.335 0.235 0.004852277344 2
0 0.335 0.245 0.00413856283 2
0 0.335 0.255 0.003442722562 2
0 0.335 0.265 0.002769746177 2
0 0.335 0.275 0.002125445543 2
0 0.335 0.285 0.001516258424 2
0 0.335 0.295 0.0009491077916 2
0 0.335 0.305 0.0004313308393 2
0 0.335 0.315 -2.937580737e-05 2
0 0.335 0.325 -0.0004249910822 2
0 0.335 0.335 -0.0007471381041 2
0 0.335 0.345 -0.000987072632 2
0 0.335 0.355 -0.001135451298 2
0 0.335 0.365 -0.001182171171 2
0 0.335 0.375 -0.001117275114 2
0 0.335 0.385 -0.0009214706833 2
0 0.335 0.395 -0.000619890566 2
0 0.335 0.405 0 2
0 0.335 0.415 0 2
0 0.335 0.425 0 2
0 0.335 0.435 0 2
0 0.335 0.445 0 2
0 0.335 0.455 0 2
0 0.335 0.465 0 2
0 0.345 -0.455 0 2
0 0.345 -0.445 0 2
0 0.345 -0.435 0 2
0 0.345 -0.425 0 2
0 0.345 -0.415 0 2
0 0.345 -0.405 0 2
0 0.345 -0.395 -0.0005168481536 2
0 0.345 -0.385 -0.0007766874574 2
0 0.345 -0.375 -0.0009718320859 2
0 0.345 -0.365 -0.001055801533 2
0 0.345 -0.355 -0.001022807593 2
0 0.345 -0.345 -0.0008798292702 2
0 0.345 -0.335 -0.0006369657321 2
0 0.345 -0.325 -0.0003061593031 2
0 0.345 -0.315 0.0001010048467 2
0 0.345 -0.305 0.0005740716471 2
0 0.345 -0.295 0.001103110765 2
0 0.345 -0.285 0.001678406069 2
0 0.345 -0.275 0.002294686253 2
0 0.345 -0.265 0.002942709907 2
0 0.345 -0.255 0.003615046895 2
0 0.345 -0.245 0.004304557948 2
0 0.345 -0.235 0.005006259762 2
0 0.345 -0.225 0.005708375212 2
0 0.345 -0.215 0.00639533913 2
0 0.345 -0.205 0.007053781607 1
0 0.345 -0.195 0.007709463617 1
0 0.345 -0.185 0.008363536841 1
0 0.345 -0.175 0.009010873757 1
0 0.345 -0.165 0.009644528409 1
0 0.345 -0.155 0.01025514885 1
0 0.345 -0.145 0.01083125846 1
0 0.345 -0.135 0.01136227975 1
0 0.345 -0.125 0.01185169479 1
0 0.345 -0.115 0.01231987717 1
0 0.345 -0.105 0.01276685239 1
0 0.345 -0.095 0.01318446641 1
0 0.345 -0.085 0.01356184245 1
0 0.345 -0.075 0.01394566429 1
0 0.345 -0.065 0.01433727181 1
0 0.345 -0.055 0.01469174967 1
0 0.345 -0.045 0.01502124068 1
0 0.345 -0.035 0.01529948734 1
0 0.345 -0.025 0.01552209015 1
0 0.345 -0.015 0.01569048832 1
0 0.345 -0.005 0.01580377858 1
0 0.345 0.005 0.01586277279 1
0 0.345 0.015 0.01586585079 1
0 0.345 0.025 0.01581560003 1
0 0.345 0.035 0.01574042388 1
0 0.345 0.045 0.01565588223 2
0 0.345 0.055 0.01546388911 2
0 0.345 0.065 0.01518963645 2
0 0.345 0.075 0.01485467534 2
0 0.345 0.085 0.01446882305 2
0 0.345 0.095 0.01404138504 2
0 0.345 0.105 0.0135772999 2
0 0.345 0.115 0.01309166142 2
0 0.345 0.125 0.01259151905 2
0 0.345 0.135 0.01202277106 1
0 0.345 0.145 0.0113923108 1
0 0.345 0.155 0.01074049424 1
0 0.345 0.165 0.01006078825 1
0 0.345 0.175 0.009374251772 1
0 0.345 0.185 0.008680988802 1
0 0.345 0.195 0.007973201704 1
0 0.345 0.205 0.00723061247 2
0 0.345 0.215 0.006468528531 2
0 0.345 0.225 0.005707921719 2
0 0.345 0.235 0.004959228158 2
0 0.345 0.245 0.004223540414 2
0 0.345 0.255 0.003505404808 2
0 0.345 0.265 0.002810229641 2
0 0.345 0.275 0.002144160662 2
0 0.345 0.285 0.001513952453 2
0 0.345 0.295 0.0009268565389 2
0 0.345 0.305 0.00039057549 2
0 0.345 0.315 -8.676777242e-05 2
0 0.345 0.325 -0.0004966417437 2
0 0.345 0.335 -0.0008300537931 2
0 0.345 0.345 -0.001077532778 2
0 0.345 0.355 -0.001228899529 2
0 0.345 0.365 -0.001273131306 2
0 0.345 0.375 -0.001199397521 2
0 0.345 0.385 -0.0009869656922 2
0 0.345 0.395 -0.0006627074435 2
0 0.345 0.405 0 2
0 0.345 0.415 0 2
0 0.345 0.425 0 2
0 0.345 0.435 0 2
0 0.345 0.445 0 2
0 0.345 0.455 0 2
0 0.345 0.465 0 2
0 0.355 -0.455 0 2
0 0.355 -0.445 0 2
0 0.355 -0.435 0 2
0 0.355 -0.425 0 2
0 0.355 -0.415 0 2
0 0.355 -0.405 0 2
0 0.355 -0.395 -0.0005657990211 2
0 0.355 -0.385 -0.0008466203349 2
0 0.355 -0.375 -0.001042421439 2
0 0.355 -0.365 -0.00111963261 2
0 0.355 -0.355 -0.001083469107 2
0 0.355 -0.345 -0.0009377518679 2
0 0.355 -0.335 -0.0006914251197 2
0 0.355 -0.325 -0.000355118929 2
0 0.355 -0.315 6.0318917e-05 2
0 0.355 -0.305 0.000544262785 2
0 0.355 -0.295 0.001087565937 2
0 0.355 -0.285 0.001677442806 2
0 0.355 -0.275 0.002307442547 2
0 0.355 -0.265 0.002969889605 2
0 0.355 -0.255 0.003657541215 2
0 0.355 -0.245 0.004361897305 2
0 0.355 -0.235 0.005076987534 2
0 0.355 -0.225 0.005793206406 2
0 0.355 -0.215 0.00649539449 1
0 0.355 -0.205 0.007169220399 1
0 0.355 -0.195 0.007839142991 1
0 0.355 -0.185 0.008506446187 1
0 0.355 -0.175 0.009167778932 1
0 0.355 -0.165 0.009815019709 1
0 0.355 -0.155 0.01043827206 1
0 0.355 -0.145 0.01102797655 1
0 0.355 -0.135 0.01157456471 1
0 0.355 -0.125 0.01208605175 1
0 0.355 -0.115 0.01258293069 1
0 0.355 -0.105 0.01305510517 1
0 0.355 -0.095 0.01349870184 1
0 0.355 -0.085 0.01393734601 2
0 0.355 -0.075 0.01433188968 2
0 0.355 -0.065 0.01467780945 1
0 0.355 -0.055 0.01501962128 1
0 0.355 -0.045 0.01534196898 1
0 0.355 -0.035 0.0156066236 1
0 0.355 -0.025 0.01581944589 1
0 0.355 -0.015 0.01598232457 1
0 0.355 -0.005 0.01609248192 1
0 0.355 0.005 0.01615170725 1
0 0.355 0.015 0.01615875432 1
0 0.355 0.025 0.01611020619 1
0 0.355 0.035 0.01605125234 1
0 0.355 0.045 0.0160042135 2
0 0.355 0.055 0.01582574662 2
0 0.355 0.065 0.01555354644 2
0 0.355 0.075 0.0152142199 2
0 0.355 0.085 0.01481859627 2
0 0.355 0.095 0.01437657611 2
0 0.355 0.105 0.01389815425 2
0 0.355 0.115 0.01339437213 2
0 0.355 0.125 0.01284491628 1
0 0.355 0.135 0.01222533131 1
0 0.355 0.145 0.01157526027 1
0 0.355 0.155 0.01091050534 1
0 0.355 0.165 0.01022674625 1
0 0.355 0.175 0.009529533948 1
0 0.355 0.185 0.008822905438 1
0 0.355 0.195 0.008103281321 1
0 0.355 0.205 0.007364474739 2
0 0.355 0.215 0.006596054096 2
0 0.355 0.225 0.005821623181 2
0 0.355 0.235 0.005055612479 2
0 0.355 0.245 0.004300936533 2
0 0.355 0.255 0.003563177653 2
0 0.355 0.265 0.002848257357 2
0 0.355 0.275 0.002162705479 2
0 0.355 0.285 0.001513600913 2
0 0.355 0.295 0.0009085268737 2
0 0.355 0.305 0.0003555483039 2
0 0.355 0.315 -0.0001367975907 2
0 0.355 0.325 -0.0005594981035 2
0 0.355 0.335 -0.0009030001174 2
0 0.355 0.345 -0.001157192151 2
0 0.355 0.355 -0.00131117803 2
0 0.355 0.365 -0.001353157839 2
0 0.355 0.375 -0.001271572871 2
0 0.355 0.385 -0.001044460798 2
0 0.355 0.395 -0.0007002543642 2
0 0.355 0.405 0 2
0 0.355 0.415 0 2
0 0.355 0.425 0 2
0 0.355 0.435 0 2
0 0.355 0.445 0 2
0 0.355 0.455 0 2
0 0.355 0.465 0 2
0 0.365 -0.455 0 2
0 0.365 -0.445 0 2
0 0.365 -0.435 0 2
0 0.365 -0.425 0 2
0 0.365 -0.415 0 2
0 0.365 -0.405 0 2
0 0.365 -0.395 -0.0006027547756 2
0 0.365 -0.385 -0.000898397923 2
0 0.365 -0.375 -0.001098805782 2
0 0.365 -0.365 -0.001173933983 2
0 0.365 -0.355 -0.001134526767 2
0 0.365 -0.345 -0.0009856784366 2
0 0.365 -0.335 -0.0007358897181 2
0 0.365 -0.325 -0.000394811761 2
0 0.365 -0.315 2.719487822e-05 2
0 0.365 -0.305 0.0005213481595 2
0 0.365 -0.295 0.00107544253 2
0 0.365 -0.285 0.001675572061 2
0 0.365 -0.275 0.002315038026 2
0 0.365 -0.265 0.002988708853 2
0 0.365 -0.255 0.003687971351 1
0 0.365 -0.245 0.004403034677 1
0 0.365 -0.235 0.005128530145 1
0 0.365 -0.225 0.005855506141 1
0 0.365 -0.215 0.006566925238 1
0 0.365 -0.205 0.007260927392 1
0 0.365 -0.195 0.007947603873 1
0 0.365 -0.185 0.008629002485 1
0 0.365 -0.175 0.009302586301 1
0 0.365 -0.165 0.009962742116 1
0 0.365 -0.155 0.01060062446 1
0 0.365 -0.145 0.01120699404 1
0 0.365 -0.135 0.01177177402 1
0 0.365 -0.125 0.01233714271 2
0 0.365 -0.115 0.0128634184 2
0 0.365 -0.105 0.01335895424 2
0 0.365 -0.095 0.01382984765 2
0 0.365 -0.085 0.01429472635 2
0 0.365 -0.075 0.01470167846 2
0 0.365 -0.065 0.01504319021 2
0 0.365 -0.055 0.01537012169 2
0 0.365 -0.045 0.0156438629 1
0 0.365 -0.035 0.0158974749 1
0 0.365 -0.025 0.01610465173 1
0 0.365 -0.015 0.016262352 1
0 0.365 -0.005 0.0163688972 1
0 0.365 0.005 0.01642532589 1
0 0.365 0.015 0.01643559663 1
0 0.365 0.025 0.01642719605 2
0 0.365 0.035 0.016373351 2
0 0.365 0.045 0.01630560336 2
0 0.365 0.055 0.01612703997 2
0 0.365 0.065 0.01585489108 2
0 0.365 0.075 0.01551226124 2
0 0.365 0.085 0.01510944646 2
0 0.365 0.095 0.01465317209 2
0 0.365 0.105 0.01415811264 2
0 0.365 0.115 0.01362914626 2
0 0.365 0.125 0.01302471412 1
0 0.365 0.135 0.01238985304 1
0 0.365 0.145 0.01173500012 1
0 0.365 0.155 0.01106148575 1
0 0.365 0.165 0.01036983329 1
0 0.365 0.175 0.009664082848 1
0 0.365 0.185 0.008947012568 1
0 0.365 0.195 0.008215775552 1
0 0.365 0.205 0.00747610392 2
0 0.365 0.215 0.006702976781 2
0 0.365 0.225 0.005919718619 2
0 0.365 0.235 0.005139998509 2
0 0.365 0.245 0.004369634249 2
0 0.365 0.255 0.003615274205 2
0 0.365 0.265 0.002883386955 2
0 0.365 0.275 0.002180920297 2
0 0.365 0.285 0.001515288823 2
0 0.365 0.295 0.0008944119123 2
0 0.365 0.305 0.0003267117568 2
0 0.365 0.315 -0.0001788780399 2
0 0.365 0.325 -0.0006128997298 2
0 0.365 0.335 -0.0009652991227 2
0 0.365 0.345 -0.001225409029 2
0 0.365 0.355 -0.001381725514 2
0 0.365 0.365 -0.001421799426 2
0 0.365 0.375 -0.001333471864 2
0 0.365 0.385 -0.001093748884 2
0 0.365 0.395 -0.0007324265413 2
0 0.365 0.405 0 2
0 0.365 0.415 0 2
0 0.365 0.425 0 2
0 0.365 0.435 0 2
0 0.365 0.445 0 2
0 0.365 0.455 0 2
0 0.365 0.465 0 2
0 0.375 -0.455 0 2
0 0.375 -0.445 0 2
0 0.375 -0.435 0 2
0 0.375 -0.425 0 2
0 0.375 -0.415 0 2
0 0.375 -0.405 0 2
0 0.375 -0.395 -0.0006280000197 2
0 0.375 -0.385 -0.0009344178239 2
0 0.375 -0.375 -0.001140355415 2
0 0.375 -0.365 -0.00121626552 2
0 0.375 -0.355 -0.001175329859 2
0 0.375 -0.345 -0.00102395934 2
0 0.375 -0.335 -0.0007711239947 2
0 0.375 -0.325 -0.0004262914245 2
0 0.375 -0.315 5.194550858e-07 2
0 0.375 -0.305 0.0005023524146 2
0 0.375 -0.295 0.001063554818 2
0 0.375 -0.285 0.001671306765 2
0 0.375 -0.275 0.002320581432 1
0 0.375 -0.265 0.003003022988 1
0 0.375 -0.255 0.003708429099 1
0 0.375 -0.245 0.004429661481 1
0 0.375 -0.235 0.005161345356 1
0 0.375 -0.225 0.005895500699 1
0 0.375 -0.215 0.006619238646 1
0 0.375 -0.205 0.007331586831 1
0 0.375 -0.195 0.008034424547 1
0 0.375 -0.185 0.008728407924 1
0 0.375 -0.175 0.009410786742 1
0 0.375 -0.165 0.01008238289 1
0 0.375 -0.155 0.0107351112 1
0 0.375 -0.145 0.01136134905 1
0 0.375 -0.135 0.01197467011 2
0 0.375 -0.125 0.01257050004 2
0 0.375 -0.115 0.0131268692 2
0 0.375 -0.105 0.01364829002 2
0 0.375 -0.095 0.01414472956 2
0 0.375 -0.085 0.01462189649 2
0 0.375 -0.075 0.01503934182 2
0 0.375 -0.065 0.01539012381 2
0 0.375 -0.055 0.01570412755 2
0 0.375 -0.045 0.01596345394 2
0 0.375 -0.035 0.01620309454 2
0 0.375 -0.025 0.01640277454 2
0 0.375 -0.015 0.01655468436 2
0 0.375 -0.005 0.01665668 2
0 0.375 0.005 0.01671032267 2
0 0.375 0.015 0.01672413655 2
0 0.375 0.025 0.01671734674 2
0 0.375 0.035 0.01665713981 2
0 0.375 0.045 0.01655444791 2
0 0.375 0.055 0.01636553534 2
0 0.375 0.065 0.01609200962 2
0 0.375 0.075 0.01574670883 2
0 0.375 0.085 0.01533853917 2
0 0.375 0.095 0.01487128195 2
0 0.375 0.105 0.01435568623 2
0 0.375 0.115 0.0137877575 1
0 0.375 0.125 0.01316566853 1
0 0.375 0.135 0.01252631926 1
0 0.375 0.145 0.01186727856 1
0 0.375 0.155 0.01118751766 1
0 0.375 0.165 0.01049004773 1
0 0.375 0.175 0.009778136533 1
0 0.375 0.185 0.009053179908 1
0 0.375 0.195 0.008311465247 1
0 0.375 0.205 0.00756979608 2
0 0.375 0.215 0.006791941532 2
0 0.375 0.225 0.006001466509 2
0 0.375 0.235 0.005211345634 2
0 0.375 0.245 0.004428706656 2
0 0.375 0.255 0.003661001933 2
0 0.375 0.265 0.002915189201 2
0 0.375 0.275 0.002198615248 2
0 0.375 0.285 0.00151903326 2
0 0.375 0.295 0.000884701301 2
0 0.375 0.305 0.0003043929559 2
0 0.375 0.315 -0.0002125822199 2
0 0.375 0.325 -0.0006563607998 2
0 0.375 0.335 -0.001016448504 2
0 0.375 0.345 -0.00128170489 2
0 0.375 0.355 -0.001440120597 2
0 0.375 0.365 -0.001478714811 2
0 0.375 0.375 -0.001384843719 2
0 0.375 0.385 -0.001134670749 2
0 0.375 0.395 -0.0007591421587 2
0 0.375 0.405 0 2
0 0.375 0.415 0 2
0 0.375 0.425 0 2
0 0.375 0.435 0 2
0 0.375 0.445 0 2
0 0.375 0.455 0 2
0 0.375 0.465 0 2
0 0.385 -0.455 0 2
0 0.385 -0.445 0 2
0 0.385 -0.435 0 2
0 0.385 -0.425 0 2
0 0.385 -0.415 0 2
0 0.385 -0.405 0 2
0 0.385 -0.395 -0.0006322811266 2
0 0.385 -0.385 -0.0009510596981 2
0 0.385 -0.375 -0.001167582251 2
0 0.385 -0.365 -0.001246099638 2
0 0.385 -0.355 -0.001205085937 2
0 0.385 -0.345 -0.001052109661 2
0 0.385 -0.335 -0.0007969313449 2
0 0.385 -0.325 -0.0004495179264 2
0 0.385 -0.315 -1.964014224e-05 2
0 0.385 -0.305 0.0004859807761 2
0 0.385 -0.295 0.001052704509 2
0 0.385 -0.285 0.00166980089 1
0 0.385 -0.275 0.002325103182 1
0 0.385 -0.265 0.003011062577 1
0 0.385 -0.255 0.00371993445 1
0 0.385 -0.245 0.00444560597 1
0 0.385 -0.235 0.005181425547 1
0 0.385 -0.225 0.005921590152 1
0 0.385 -0.215 0.006657384547 1
0 0.385 -0.205 0.007385345799 1
0 0.385 -0.195 0.008102951977 1
0 0.385 -0.185 0.008809551951 1
0 0.385 -0.175 0.009502840659 1
0 0.385 -0.165 0.01018742748 1
0 0.385 -0.155 0.01085425545 1
0 0.385 -0.145 0.01150165781 1
0 0.385 -0.135 0.01216113096 2
0 0.385 -0.125 0.0127846922 2
0 0.385 -0.115 0.01336864815 2
0 0.385 -0.105 0.01391330163 2
0 0.385 -0.095 0.01442198349 2
0 0.385 -0.085 0.01489522475 2
0 0.385 -0.075 0.01531954688 2
0 0.385 -0.065 0.01568914157 2
0 0.385 -0.055 0.01600568469 2
0 0.385 -0.045 0.01626384488 2
0 0.385 -0.035 0.01649116597 2
0 0.385 -0.025 0.0166809682 2
0 0.385 -0.015 0.01682618093 2
0 0.385 -0.005 0.01692251501 2
0 0.385 0.005 0.01697337023 2
0 0.385 0.015 0.01698606168 2
0 0.385 0.025 0.01696702424 2
0 0.385 0.035 0.01688967948 2
0 0.385 0.045 0.0167533667 2
0 0.385 0.055 0.01654589465 2
0 0.385 0.065 0.01626610079 2
0 0.385 0.075 0.0159176407 2
0 0.385 0.085 0.01550510089 2
0 0.385 0.095 0.01502928596 2
0 0.385 0.105 0.01449530762 2
0 0.385 0.115 0.01389831332 1
0 0.385 0.125 0.01327680625 1
0 0.385 0.135 0.01263495539 1
0 0.385 0.145 0.01197179765 1
0 0.385 0.155 0.01128839993 1
0 0.385 0.165 0.01058704907 1
0 0.385 0.175 0.009869653276 1
0 0.385 0.185 0.009137660666 1
0 0.385 0.195 0.00839874854 2
0 0.385 0.205 0.007644979198 2
0 0.385 0.215 0.006862562804 2
0 0.385 0.225 0.00606649159 2
0 0.385 0.235 0.00526900988 2
0 0.385 0.245 0.004477537044 2
0 0.385 0.255 0.003699876141 2
0 0.385 0.265 0.002943348494 2
0 0.385 0.275 0.002215637721 2
0 0.385 0.285 0.001524826294 2
0 0.385 0.295 0.0008795093995 2
0 0.385 0.305 0.0002888050265 2
0 0.385 0.315 -0.0002376237777 2
0 0.385 0.325 -0.0006895498399 2
0 0.385 0.335 -0.00105610135 2
0 0.385 0.345 -0.001325746073 2
0 0.385 0.355 -0.001486067186 2
0 0.385 0.365 -0.001523662821 2
0 0.385 0.375 -0.001425510522 2
0 0.385 0.385 -0.001167113199 2
0 0.385 0.395 -0.0007803428072 2
0 0.385 0.405 0 2
0 0.385 0.415 0 2
0 0.385 0.425 0 2
0 0.385 0.435 0 2
0 0.385 0.445 0 2
0 0.385 0.455 0 2
0 0.385 0.465 0 2
0 0.395 -0.455 0 2
0 0.395 -0.445 0 2
0 0.395 -0.435 0 2
0 0.395 -0.425 0 2
0 0.395 -0.415 0 2
0 0.395 -0.405 0 2
0 0.395 -0.395 -0.000628993157 2
0 0.395 -0.385 -0.0009535168703 2
0 0.395 -0.375 -0.001179186224 2
0 0.395 -0.365 -0.001264279374 2
0 0.395 -0.355 -0.001223426895 2
0 0.395 -0.345 -0.001069178532 2
0 0.395 -0.335 -0.0008122941006 2
0 0.395 -0.325 -0.000463399408 2
0 0.395 -0.315 -3.211104511e-05 2
0 0.395 -0.305 0.0004745398544 2
0 0.395 -0.295 0.001046151623 2
0 0.395 -0.285 0.001669751962 1
0 0.395 -0.275 0.002327288818 1
0 0.395 -0.265 0.003013666629 1
0 0.395 -0.255 0.003724897191 1
0 0.395 -0.245 0.004454702355 1
0 0.395 -0.235 0.005195498931 1
0 0.395 -0.225 0.005941001485 1
0 0.395 -0.215 0.006685062759 1
0 0.395 -0.205 0.007423105988 1
0 0.395 -0.195 0.008152133249 1
0 0.395 -0.185 0.008871595318 1
0 0.395 -0.175 0.009591068939 2
0 0.395 -0.165 0.01029067786 2
0 0.395 -0.155 0.01097337698 2
0 0.395 -0.145 0.01164250132 2
0 0.395 -0.135 0.01231436547 2
0 0.395 -0.125 0.01295225565 2
0 0.395 -0.115 0.01355130452 2
0 0.395 -0.105 0.01411041376 2
0 0.395 -0.095 0.0146310792 2
0 0.395 -0.085 0.01511078566 2
0 0.395 -0.075 0.01554212635 2
0 0.395 -0.065 0.01592067076 2
0 0.395 -0.055 0.01624704017 2
0 0.395 -0.045 0.0165215395 2
0 0.395 -0.035 0.01675208474 2
0 0.395 -0.025 0.0169374467 2
0 0.395 -0.015 0.01707543058 2
0 0.395 -0.005 0.01716438427 2
0 0.395 0.005 0.01720552224 2
0 0.395 0.015 0.01720097041 2
0 0.395 0.025 0.01715173866 2
0 0.395 0.035 0.01704932849 2
0 0.395 0.045 0.01689002748 2
0 0.395 0.055 0.01666702989 2
0 0.395 0.065 0.01637868648 2
0 0.395 0.075 0.01602589398 2
0 0.395 0.085 0.01560976474 2
0 0.395 0.095 0.01512757935 2
0 0.395 0.105 0.01458217436 2
0 0.395 0.115 0.01397175052 1
0 0.395 0.125 0.01335304046 1
0 0.395 0.135 0.0127126331 1
0 0.395 0.145 0.01204828381 1
0 0.395 0.155 0.0113636429 1
0 0.395 0.165 0.01066000068 1
0 0.395 0.175 0.009938708931 1
0 0.395 0.185 0.009203005873 1
0 0.395 0.195 0.008465579041 2
0 0.395 0.205 0.007701065813 2
0 0.395 0.215 0.006913816919 2
0 0.395 0.225 0.006114611328 2
0 0.395 0.235 0.005312738233 2
0 0.395 0.245 0.00451585963 2
0 0.395 0.255 0.00373167783 2
0 0.395 0.265 0.002967716038 2
0 0.395 0.275 0.002231913307 2
0 0.395 0.285 0.001532663687 2
0 0.395 0.295 0.000878895988 2
0 0.395 0.305 0.0002800644853 2
0 0.395 0.315 -0.0002538396436 2
0 0.395 0.325 -0.0007122714785 2
0 0.395 0.335 -0.001084047637 2
0 0.395 0.345 -0.00135732671 2
0 0.395 0.355 -0.001519380532 2
0 0.395 0.365 -0.001556492492 2
0 0.395 0.375 -0.001455361498 2
0 0.395 0.385 -0.001191006928 2
0 0.395 0.395 -0.0007959936178 2
0 0.395 0.405 0 2
0 0.395 0.415 0 2
0 0.395 0.425 0 2
0 0.395 0.435 0 2
0 0.395 0.445 0 2
0 0.395 0.455 0 2
0 0.395 0.465 0 2
0 0.405 -0.455 0 2
0 0.405 -0.445 0 2
0 0.405 -0.435 0 1
0 0.405 -0.425 0 1
0 0.405 -0.415 0 1
0 0.405 -0.405 0 1
0 0.405 -0.395 -0.000627262312 2
0 0.405 -0.385 -0.0009499615681 2
0 0.405 -0.375 -0.001178047307 2
0 0.405 -0.365 -0.001268937194 2
0 0.405 -0.355 -0.001230922771 2
0 0.405 -0.345 -0.00107530636 2
0 0.405 -0.335 -0.0008170380755 2
0 0.405 -0.325 -0.0004672842822 2
0 0.405 -0.315 -3.572315227e-05 2
0 0.405 -0.305 0.0004700501305 2
0 0.405 -0.295 0.001043331834 2
0 0.405 -0.285 0.001669129991 1
0 0.405 -0.275 0.002327239495 1
0 0.405 -0.265 0.003014121771 1
0 0.405 -0.255 0.003726843864 1
0 0.405 -0.245 0.004458423012 1
0 0.405 -0.235 0.005202057573 1
0 0.405 -0.225 0.005950952178 1
0 0.405 -0.215 0.006700007393 1
0 0.405 -0.205 0.007446029722 1
0 0.405 -0.195 0.008185061616 1
0 0.405 -0.185 0.00891661644 1
0 0.405 -0.175 0.009654479468 2
0 0.405 -0.165 0.01036887662 2
0 0.405 -0.155 0.01106683516 2
0 0.405 -0.145 0.01175047748 2
0 0.405 -0.135 0.01242542884 2
0 0.405 -0.125 0.01307199313 2
0 0.405 -0.115 0.01368265607 2
0 0.405 -0.105 0.01425330702 2
0 0.405 -0.095 0.01478338995 2
0 0.405 -0.085 0.01526986674 2
0 0.405 -0.075 0.01570816701 2
0 0.405 -0.065 0.01609483191 2
0 0.405 -0.055 0.01642887315 2
0 0.405 -0.045 0.01671042795 2
0 0.405 -0.035 0.01694250722 2
0 0.405 -0.025 0.01712496856 2
0 0.405 -0.015 0.01725681862 2
0 0.405 -0.005 0.01733701061 2
0 0.405 0.005 0.01736581886 2
0 0.405 0.015 0.01734396073 2
0 0.405 0.025 0.01727170473 2
0 0.405 0.035 0.01714608336 2
0 0.405 0.045 0.01696545736 2
0 0.405 0.055 0.01672709701 2
0 0.405 0.065 0.0164296192 2
0 0.405 0.075 0.016072271 2
0 0.405 0.085 0.01565386873 2
0 0.405 0.095 0.01517118597 2
0 0.405 0.105 0.01462543122 2
0 0.405 0.115 0.01401454406 1
0 0.405 0.125 0.01339687781 1
0 0.405 0.135 0.01275909879 1
0 0.405 0.145 0.01209707052 1
0 0.405 0.155 0.01141266583 1
0 0.405 0.165 0.01070719003 1
0 0.405 0.175 0.00998511875 1
0 0.405 0.185 0.009256711498 2
0 0.405 0.195 0.008509140767 2
0 0.405 0.205 0.007736545547 2
0 0.405 0.215 0.0069458239 2
0 0.405 0.225 0.006145765612 2
0 0.405 0.235 0.005342598748 2
0 0.405 0.245 0.004543720855 2
0 0.405 0.255 0.003756438288 2
0 0.405 0.265 0.002988309306 2
0 0.405 0.275 0.002247449153 2
0 0.405 0.285 0.001542548335 2
0 0.405 0.295 0.000882870761 2
0 0.405 0.305 0.0002781987982 2
0 0.405 0.315 -0.0002611784409 2
0 0.405 0.325 -0.0007244514381 2
0 0.405 0.335 -0.001100197574 2
0 0.405 0.345 -0.001376352589 2
0 0.405 0.355 -0.001539973463 2
0 0.405 0.365 -0.001577132836 2
0 0.405 0.375 -0.001474346577 2
0 0.405 0.385 -0.001206323476 2
0 0.405 0.395 -0.0008060824984 2
0 0.405 0.405 0 2
0 0.405 0.415 0 2
0 0.405 0.425 0 2
0 0.405 0.435 0 2
0 0.405 0.445 0 2
0 0.405 0.455 0 2
0 0.405 0.465 0 2
0 0.415 -0.455 0 2
0 0.415 -0.445 0 2
0 0.415 -0.435 0 1
0 0.415 -0.425 0 1
0 0.415 -0.415 0 1
0 0.415 -0.405 0 1
0 0.415 -0.395 -0.0006099600868 1
0 0.415 -0.385 -0.0009435141618 2
0 0.415 -0.375 -0.001173041106 2
0 0.415 -0.365 -0.001262840631 2
0 0.415 -0.355 -0.001224684099 2
0 0.415 -0.345 -0.001068663353 2
0 0.415 -0.335 -0.0008096398857 2
0 0.415 -0.325 -0.0004597015348 2
0 0.415 -0.315 -2.945576802e-05 2
0 0.415 -0.305 0.0004733891922 2
0 0.415 -0.295 0.001043724935 2
0 0.415 -0.285 0.001667262561 1
0 0.415 -0.275 0.002325506016 1
0 0.415 -0.265 0.003013265062 1
0 0.415 -0.255 0.003725570491 1
0 0.415 -0.245 0.004457005572 1
0 0.415 -0.235 0.005202216947 1
0 0.415 -0.225 0.005954195388 1
0 0.415 -0.215 0.006706259953 1
0 0.415 -0.205 0.007457788198 1
0 0.415 -0.195 0.008203329161 1
0 0.415 -0.185 0.008950972065 2
0 0.415 -0.175 0.009691754351 2
0 0.415 -0.165 0.01041885769 2
0 0.415 -0.155 0.01112943007 2
0 0.415 -0.145 0.01182148037 2
0 0.415 -0.135 0.01249620941 2
0 0.415 -0.125 0.01314483684 2
0 0.415 -0.115 0.01376102624 2
0 0.415 -0.105 0.01433964329 2
0 0.415 -0.095 0.01487729507 2
0 0.415 -0.085 0.01537047222 2
0 0.415 -0.075 0.01581547158 2
0 0.415 -0.065 0.01620928039 2
0 0.415 -0.055 0.01655029464 2
0 0.415 -0.045 0.01683785439 2
0 0.415 -0.035 0.01707236596 2
0 0.415 -0.025 0.01725325298 2
0 0.415 -0.015 0.01737946313 2
0 0.415 -0.005 0.01744987759 2
0 0.415 0.005 0.01746411627 2
0 0.415 0.015 0.01742262841 2
0 0.415 0.025 0.01732670303 2
0 0.415 0.035 0.01717757325 2
0 0.415 0.045 0.01697685888 2
0 0.415 0.055 0.01672436173 2
0 0.415 0.065 0.01641886131 2
0 0.415 0.075 0.01605829433 2
0 0.415 0.085 0.01563979365 2
0 0.415 0.095 0.01516035263 2
0 0.415 0.105 0.01462239053 2
0 0.415 0.115 0.01402427789 1
0 0.415 0.125 0.01341043254 1
0 0.415 0.135 0.0127760333 1
0 0.415 0.145 0.01211666045 1
0 0.415 0.155 0.01143450207 1
0 0.415 0.165 0.01072940096 1
0 0.415 0.175 0.01001480676 2
0 0.415 0.185 0.009278878112 2
0 0.415 0.195 0.008523723408 2
0 0.415 0.205 0.007748312122 2
0 0.415 0.215 0.006958310853 2
0 0.415 0.225 0.006159934191 2
0 0.415 0.235 0.005358775012 2
0 0.415 0.245 0.004561331554 2
0 0.415 0.255 0.00377435534 2
0 0.415 0.265 0.003005265039 2
0 0.415 0.275 0.002262303429 2
0 0.415 0.285 0.001554468937 2
0 0.415 0.295 0.0008913808174 2
0 0.415 0.305 0.0002831436955 2
0 0.415 0.315 -0.0002596940068 2
0 0.415 0.325 -0.0007261235193 2
0 0.415 0.335 -0.001104565396 2
0 0.415 0.345 -0.001382824801 2
0 0.415 0.355 -0.001547842102 2
0 0.415 0.365 -0.001585581848 2
0 0.415 0.375 -0.001482469022 2
0 0.415 0.385 -0.001213071129 2
0 0.415 0.395 -0.0008106184314 2
0 0.415 0.405 0 2
0 0.415 0.415 0 2
0 0.415 0.425 0 2
0 0.415 0.435 0 2
0 0.415 0.445 0 2
0 0.415 0.455 0 2
0 0.415 0.465 0 2
0 0.425 -0.455 0 1
0 0.425 -0.445 0 1
0 0.425 -0.435 0 1
0 0.425 -0.425 0 1
0 0.425 -0.415 0 1
0 0.425 -0.405 0 1
0 0.425 -0.395 -0.0005945222727 1
0 0.425 -0.385 -0.0009198902388 1
0 0.425 -0.375 -0.001158448404 2
0 0.425 -0.365 -0.00124829515 2
0 0.425 -0.355 -0.001210267712 2
0 0.425 -0.345 -0.001054945059 2
0 0.425 -0.335 -0.000795974278 2
0 0.425 -0.325 -0.0004456808806 2
0 0.425 -0.315 -1.544299385e-05 2
0 0.425 -0.305 0.0004852732908 2
0 0.425 -0.295 0.001050237968 2
0 0.425 -0.285 0.001666081442 2
0 0.425 -0.275 0.002321854357 1
0 0.425 -0.265 0.003010722571 1
0 0.425 -0.255 0.003722459853 1
0 0.425 -0.245 0.004452795424 1
0 0.425 -0.235 0.005196952123 1
0 0.425 -0.225 0.005948404938 1
0 0.425 -0.215 0.006701211251 1
0 0.425 -0.205 0.007458195668 2
0 0.425 -0.195 0.008207596501 2
0 0.425 -0.185 0.008954757794 2
0 0.425 -0.175 0.009697525071 2
0 0.425 -0.165 0.01042882215 2
0 0.425 -0.155 0.0111438812 2
0 0.425 -0.145 0.01184012869 2
0 0.425 -0.135 0.01251649781 2
0 0.425 -0.125 0.0131673379 2
0 0.425 -0.115 0.01378721219 2
0 0.425 -0.105 0.01437093565 2
0 0.425 -0.095 0.01491420786 2
0 0.425 -0.085 0.01541302804 2
0 0.425 -0.075 0.01586372784 2
0 0.425 -0.065 0.0162632732 2
0 0.425 -0.055 0.01660956609 2
0 0.425 -0.045 0.01690121193 2
0 0.425 -0.035 0.01713731074 2
0 0.425 -0.025 0.01731659134 2
0 0.425 -0.015 0.01743742866 2
0 0.425 -0.005 0.01749808694 2
0 0.425 0.005 0.01749738947 2
0 0.425 0.015 0.01743561223 2
0 0.425 0.025 0.01731546601 2
0 0.425 0.035 0.01714221129 2
0 0.425 0.045 0.01692212738 2
0 0.425 0.055 0.01665722436 2
0 0.425 0.065 0.01634631655 2
0 0.425 0.075 0.01598591731 2
0 0.425 0.085 0.01557059383 2
0 0.425 0.095 0.01509740476 2
0 0.425 0.105 0.01457049061 2
0 0.425 0.115 0.01399933176 2
0 0.425 0.125 0.01338944701 1
0 0.425 0.135 0.01276080079 1
0 0.425 0.145 0.0121050542 1
0 0.425 0.155 0.01143184606 2
0 0.425 0.165 0.01072972695 2
0 0.425 0.175 0.01000915868 2
0 0.425 0.185 0.00926902773 2
0 0.425 0.195 0.008510428829 2
0 0.425 0.205 0.007736251996 2
0 0.425 0.215 0.006950456364 2
0 0.425 0.225 0.006157132109 2
0 0.425 0.235 0.005361468398 2
0 0.425 0.245 0.004568972638 2
0 0.425 0.255 0.003785706227 2
0 0.425 0.265 0.003018761574 2
0 0.425 0.275 0.002276519094 2
0 0.425 0.285 0.001568351629 2
0 0.425 0.295 0.000904283443 2
0 0.425 0.305 0.0002947350486 2
0 0.425 0.315 -0.0002495393434 2
0 0.425 0.325 -0.0007174149162 2
0 0.425 0.335 -0.001097251056 2
0 0.425 0.345 -0.001376821668 2
0 0.425 0.355 -0.001543050352 2
0 0.425 0.365 -0.00158189461 2
0 0.425 0.375 -0.001479777254 2
0 0.425 0.385 -0.001211290028 2
0 0.425 0.395 -0.0008096290847 2
0 0.425 0.405 0 2
0 0.425 0.415 0 2
0 0.425 0.425 0 2
0 0.425 0.435 0 2
0 0.425 0.445 0 2
0 0.425 0.455 0 2
0 0.425 0.465 0 2
0 0.435 -0.455 0 1
0 0.435 -0.445 0 1
0 0.435 -0.435 0 1
0 0.435 -0.425 0 1
0 0.435 -0.415 0 1
0 0.435 -0.405 0 1
0 0.435 -0.395 -0.0005882950807 1
0 0.435 -0.385 -0.000900703975 1
0 0.435 -0.375 -0.001126155876 1
0 0.435 -0.365 -0.001220558747 1
0 0.435 -0.355 -0.001185883864 1
0 0.435 -0.345 -0.001032131299 1
0 0.435 -0.335 -0.0007745193635 1
0 0.435 -0.325 -0.0004253724911 1
0 0.435 -0.315 4.33377097e-06 1
0 0.435 -0.305 0.0005035534386 2
0 0.435 -0.295 0.001063619599 2
0 0.435 -0.285 0.001670922163 2
0 0.435 -0.275 0.002321194484 2
0 0.435 -0.265 0.003007674542 2
0 0.435 -0.255 0.003717318486 1
0 0.435 -0.245 0.004445305018 2
0 0.435 -0.235 0.005184595211 2
0 0.435 -0.225 0.005931003229 2
0 0.435 -0.215 0.006681252541 2
0 0.435 -0.205 0.007432925865 2
0 0.435 -0.195 0.00818408903 2
0 0.435 -0.185 0.008931941389 2
0 0.435 -0.175 0.009672984984 2
0 0.435 -0.165 0.01040257579 2
0 0.435 -0.155 0.0111163853 2
0 0.435 -0.145 0.01181247661 2
0 0.435 -0.135 0.01248812924 2
0 0.435 -0.125 0.01313904348 2
0 0.435 -0.115 0.0137603808 2
0 0.435 -0.105 0.0143470196 2
0 0.435 -0.095 0.0148941228 2
0 0.435 -0.085 0.01539720301 2
0 0.435 -0.075 0.01585230431 2
0 0.435 -0.065 0.0162561661 2
0 0.435 -0.055 0.0166062915 2
0 0.435 -0.045 0.01690073599 2
0 0.435 -0.035 0.01713781466 2
0 0.435 -0.025 0.01731557187 2
0 0.435 -0.015 0.01743160314 2
0 0.435 -0.005 0.01748316793 2
0 0.435 0.005 0.0174678332 2
0 0.435 0.015 0.01738528662 2
0 0.435 0.025 0.01723953914 2
0 0.435 0.035 0.01704103012 2
0 0.435 0.045 0.0168028734 2
0 0.435 0.055 0.01652807352 2
0 0.435 0.065 0.01621481063 2
0 0.435 0.075 0.01585846161 2
0 0.435 0.085 0.01544896219 2
0 0.435 0.095 0.01498483436 2
0 0.435 0.105 0.01447021231 2
0 0.435 0.115 0.01391491752 2
0 0.435 0.125 0.01332759628 2
0 0.435 0.135 0.0127093221 2
0 0.435 0.145 0.01206190045 2
0 0.435 0.155 0.01138696615 2
0 0.435 0.165 0.01068686373 2
0 0.435 0.175 0.00996450667 2
0 0.435 0.185 0.009224048819 2
0 0.435 0.195 0.008468148558 2
0 0.435 0.205 0.007699796552 2
0 0.435 0.215 0.006921371611 2
0 0.435 0.225 0.006136803604 2
0 0.435 0.235 0.005350463554 2
0 0.435 0.245 0.0045667562 2
0 0.435 0.255 0.003790755159 2
0 0.435 0.265 0.003028967605 2
0 0.435 0.275 0.002290069574 2
0 0.435 0.285 0.001584008217 2
0 0.435 0.295 0.0009213169759 2
0 0.435 0.305 0.0003127061293 2
0 0.435 0.315 -0.0002309522243 2
0 0.435 0.325 -0.000698524077 2
0 0.435 0.335 -0.001078416692 2
0 0.435 0.345 -0.001358477681 2
0 0.435 0.355 -0.00152571302 2
0 0.435 0.365 -0.001566170922 2
0 0.435 0.375 -0.001466356541 2
0 0.435 0.385 -0.001201047137 2
0 0.435 0.395 -0.0008031582311 2
0 0.435 0.405 0 2
0 0.435 0.415 0 2
0 0.435 0.425 0 2
0 0.435 0.435 0 2
0 0.435 0.445 0 2
0 0.435 0.455 0 2
0 0.435 0.465 0 2
0 0.445 -0.455 0 1
0 0.445 -0.445 0 1
0 0.445 -0.435 0 1
0 0.445 -0.425 0 1
0 0.445 -0.415 0 1
0 0.445 -0.405 0 1
0 0.445 -0.395 -0.0005830243654 1
0 0.445 -0.385 -0.0008869176551 1
0 0.445 -0.375 -0.001101635037 1
0 0.445 -0.365 -0.001190169913 1
0 0.445 -0.355 -0.001155496417 1
0 0.445 -0.345 -0.001002601904 1
0 0.445 -0.335 -0.0007464831235 1
0 0.445 -0.325 -0.0003998257645 1
0 0.445 -0.315 2.736828195e-05 1
0 0.445 -0.305 0.0005251663498 1
0 0.445 -0.295 0.001080773609 1
0 0.445 -0.285 0.001681420851 2
0 0.445 -0.275 0.002324823589 2
0 0.445 -0.265 0.003006348068 2
0 0.445 -0.255 0.003710930985 2
0 0.445 -0.245 0.004428074774 2
0 0.445 -0.235 0.005157671217 2
0 0.445 -0.225 0.005895077383 2
0 0.445 -0.215 0.006639407392 2
0 0.445 -0.205 0.007387650008 2
0 0.445 -0.195 0.008136713878 2
0 0.445 -0.185 0.008880633639 2
0 0.445 -0.175 0.009615185253 2
0 0.445 -0.165 0.01033798307 2
0 0.445 -0.155 0.01104632538 2
0 0.445 -0.145 0.01173790824 2
0 0.445 -0.135 0.01241005935 2
0 0.445 -0.125 0.01305903017 2
0 0.445 -0.115 0.01368009817 2
0 0.445 -0.105 0.01426799026 2
0 0.445 -0.095 0.01481736453 2
0 0.445 -0.085 0.01532321598 2
0 0.445 -0.075 0.01578118667 2
0 0.445 -0.065 0.01618772604 2
0 0.445 -0.055 0.01654005629 2
0 0.445 -0.045 0.0168359092 2
0 0.445 -0.035 0.01707317813 2
0 0.445 -0.025 0.01724939849 2
0 0.445 -0.015 0.01736149398 2
0 0.445 -0.005 0.01740552061 2
0 0.445 0.005 0.01737721665 2
0 0.445 0.015 0.01727411833 2
0 0.445 0.025 0.01709807945 2
0 0.445 0.035 0.01686584903 2
0 0.445 0.045 0.01660912778 2
0 0.445 0.055 0.01632808652 2
0 0.445 0.065 0.01601934882 2
0 0.445 0.075 0.01567932513 2
0 0.445 0.085 0.01528088116 2
0 0.445 0.095 0.01482721212 2
0 0.445 0.105 0.01432520265 2
0 0.445 0.115 0.01378352056 2
0 0.445 0.125 0.0132097308 2
0 0.445 0.135 0.01260384146 2
0 0.445 0.145 0.0119670543 2
0 0.445 0.155 0.01129929405 2
0 0.445 0.165 0.01060265873 2
0 0.445 0.175 0.009882558421 2
0 0.445 0.185 0.009147551964 2
0 0.445 0.195 0.008399234857 2
0 0.445 0.205 0.007639878494 2
0 0.445 0.215 0.006872108524 2
0 0.445 0.225 0.00609945793 2
0 0.445 0.235 0.005325908643 2
0 0.445 0.245 0.004554735714 2
0 0.445 0.255 0.003789579474 2
0 0.445 0.265 0.003035823507 2
0 0.445 0.275 0.002302716355 2
0 0.445 0.285 0.001601088109 2
0 0.445 0.295 0.0009421003884 2
0 0.445 0.305 0.0003367075629 2
0 0.445 0.315 -0.0002042213805 2
0 0.445 0.325 -0.0006696848078 2
0 0.445 0.335 -0.001048255514 2
0 0.445 0.345 -0.001327959476 2
0 0.445 0.355 -0.001495978582 2
0 0.445 0.365 -0.001538543736 2
0 0.445 0.375 -0.001442321764 2
0 0.445 0.385 -0.001182432094 2
0 0.445 0.395 -0.0007912636623 2
0 0.445 0.405 0 2
0 0.445 0.415 0 2
0 0.445 0.425 0 2
0 0.445 0.435 0 2
0 0.445 0.445 0 2
0 0.445 0.455 0 2
0 0.445 0.465 0 2
0 0.455 -0.455 0 1
0 0.455 -0.445 0 1
0 0.455 -0.435 0 1
0 0.455 -0.425 0 1
0 0.455 -0.415 0 1
0 0.455 -0.405 0 1
0 0.455 -0.395 -0.0005722436074 1
0 0.455 -0.385 -0.0008720853402 1
0 0.455 -0.375 -0.001080093614 1
0 0.455 -0.365 -0.001159575528 1
0 0.455 -0.355 -0.001118443141 1
0 0.455 -0.345 -0.0009644535656 1
0 0.455 -0.335 -0.0007095048462 1
0 0.455 -0.325 -0.0003655002314 1
0 0.455 -0.315 5.828098017e-05 1
0 0.455 -0.305 0.0005504782502 1
0 0.455 -0.295 0.001099386764 1
0 0.455 -0.285 0.001694054024 1
0 0.455 -0.275 0.002332950063 2
0 0.455 -0.265 0.003008184455 2
0 0.455 -0.255 0.003702384842 2
0 0.455 -0.245 0.004402892614 2
0 0.455 -0.235 0.005114607143 2
0 0.455 -0.225 0.005838892107 2
0 0.455 -0.215 0.006577989571 2
0 0.455 -0.205 0.007322884798 2
0 0.455 -0.195 0.008066005419 2
0 0.455 -0.185 0.008800338085 2
0 0.455 -0.175 0.009524433327 2
0 0.455 -0.165 0.01023625662 2
0 0.455 -0.155 0.0109343121 2
0 0.455 -0.145 0.01161716857 2
0 0.455 -0.135 0.01228265529 2
0 0.455 -0.125 0.0129273958 2
0 0.455 -0.115 0.01354646873 2
0 0.455 -0.105 0.01413417966 2
0 0.455 -0.095 0.01468445997 2
0 0.455 -0.085 0.01519162312 2
0 0.455 -0.075 0.01565081838 2
0 0.455 -0.065 0.01605823641 2
0 0.455 -0.055 0.01641098326 2
0 0.455 -0.045 0.01670671434 2
0 0.455 -0.035 0.01694321041 2
0 0.455 -0.025 0.01711773553 2
0 0.455 -0.015 0.01722686869 2
0 0.455 -0.005 0.01726533197 2
0 0.455 0.005 0.01722609104 2
0 0.455 0.015 0.01710220548 2
0 0.455 0.025 0.01689354346 2
0 0.455 0.035 0.01663860033 2
0 0.455 0.045 0.01637786989 2
0 0.455 0.055 0.01609533179 2
0 0.455 0.065 0.0157845396 2
0 0.455 0.075 0.01545090817 2
0 0.455 0.085 0.01505669023 2
0 0.455 0.095 0.0146129267 2
0 0.455 0.105 0.01412535391 2
0 0.455 0.115 0.01359747808 2
0 0.455 0.125 0.01303373048 2
0 0.455 0.135 0.01243933127 2
0 0.455 0.145 0.01181809255 2
0 0.455 0.155 0.01116974086 2
0 0.455 0.165 0.0104802599 2
0 0.455 0.175 0.00976061815 2
0 0.455 0.185 0.009033839785 2
0 0.455 0.195 0.008297653481 2
0 0.455 0.205 0.007551475625 2
0 0.455 0.215 0.006797902457 2
0 0.455 0.225 0.006040459745 2
0 0.455 0.235 0.005284574463 2
0 0.455 0.245 0.004531786996 2
0 0.455 0.255 0.00378249612 2
0 0.455 0.265 0.003039246837 2
0 0.455 0.275 0.002313966757 2
0 0.455 0.285 0.00161907536 2
0 0.455 0.295 0.0009661850034 2
0 0.455 0.305 0.0003663764277 2
0 0.455 0.315 -0.0001696222769 2
0 0.455 0.325 -0.0006311156022 2
0 0.455 0.335 -0.001006955513 2
0 0.455 0.345 -0.001285442003 2
0 0.455 0.355 -0.001454014548 2
0 0.455 0.365 -0.001499170779 2
0 0.455 0.375 -0.001407813066 2
0 0.455 0.385 -0.001155555201 2
0 0.455 0.395 -0.0007740163986 2
0 0.455 0.405 0 2
0 0.455 0.415 0 2
0 0.455 0.425 0 2
0 0.455 0.435 0 2
0 0.455 0.445 0 2
0 0.455 0.455 0 2
0 0.455 0.465 0 2
0 0.465 -0.455 0 1
0 0.465 -0.445 0 1
0 0.465 -0.435 0 1
0 0.465 -0.425 0 1
0 0.465 -0.415 0 1
0 0.465 -0.405 0 1
0 0.465 -0.395 -0.0005537148953 1
0 0.465 -0.385 -0.0008481243826 1
0 0.465 -0.375 -0.001051787897 1
0 0.465 -0.365 -0.001124580617 1
0 0.465 -0.355 -0.001076153255 1
0 0.465 -0.345 -0.0009186107268 1
0 0.465 -0.335 -0.0006643331848 1
0 0.465 -0.325 -0.0003229353547 1
0 0.465 -0.315 9.635200088e-05 1
0 0.465 -0.305 0.0005821870518 1
0 0.465 -0.295 0.001123976722 1
0 0.465 -0.285 0.001712253838 1
0 0.465 -0.275 0.002346623961 2
0 0.465 -0.265 0.00301306384 2
0 0.465 -0.255 0.003691483807 2
0 0.465 -0.245 0.004374124642 2
0 0.465 -0.235 0.005067998219 2
0 0.465 -0.225 0.005774932784 2
0 0.465 -0.215 0.006504949681 2
0 0.465 -0.205 0.007240974733 2
0 0.465 -0.195 0.007973261466 2
0 0.465 -0.185 0.008693602623 2
0 0.465 -0.175 0.009402076524 2
0 0.465 -0.165 0.01009799042 2
0 0.465 -0.155 0.01078100912 2
0 0.465 -0.145 0.01145088766 2
0 0.465 -0.135 0.01210635045 2
0 0.465 -0.125 0.01274457243 2
0 0.465 -0.115 0.01336005057 2
0 0.465 -0.105 0.01394641549 2
0 0.465 -0.095 0.01449646864 2
0 0.465 -0.085 0.01500355855 2
0 0.465 -0.075 0.01546222878 2
0 0.465 -0.065 0.0158684989 2
0 0.465 -0.055 0.01621958871 2
0 0.465 -0.045 0.01651336378 2
0 0.465 -0.035 0.01674778361 2
0 0.465 -0.025 0.01692008901 2
0 0.465 -0.015 0.01702676538 2
0 0.465 -0.005 0.01706123003 2
0 0.465 0.005 0.0170158818 2
0 0.465 0.015 0.01687608611 2
0 0.465 0.025 0.0166361955 2
0 0.465 0.035 0.0163735841 1
0 0.465 0.045 0.01611821481 1
0 0.465 0.055 0.01583799337 1
0 0.465 0.065 0.0155265233 1
0 0.465 0.075 0.01519691683 2
0 0.465 0.085 0.01480831909 2
0 0.465 0.095 0.01437764108 2
0 0.465 0.105 0.0139043745 2
0 0.465 0.115 0.01339019006 2
0 0.465 0.125 0.01283806456 2
0 0.465 0.135 0.01225242239 2
0 0.465 0.145 0.0116382253 2
0 0.465 0.155 0.01100327828 2
0 0.465 0.165 0.01032473335 2
0 0.465 0.175 0.009615133463 2
0 0.465 0.185 0.008904074844 2
0 0.465 0.195 0.008182746507 2
0 0.465 0.205 0.00745107221 2
0 0.465 0.215 0.00671254592 2
0 0.465 0.225 0.005970872506 2
0 0.465 0.235 0.0052312329 2
0 0.465 0.245 0.004496979527 2
0 0.465 0.255 0.003767255671 2
0 0.465 0.265 0.003038712634 2
0 0.465 0.275 0.00232356463 2
0 0.465 0.285 0.001637452416 2
0 0.465 0.295 0.0009931818584 2
0 0.465 0.305 0.0004014665122 2
0 0.465 0.315 -0.0001273154864 2
0 0.465 0.325 -0.0005829589846 2
0 0.465 0.335 -0.0009546663569 2
0 0.465 0.345 -0.001231091676 2
0 0.465 0.355 -0.0014000002 2
0 0.465 0.365 -0.001448232514 2
0 0.465 0.375 -0.001362996394 2
0 0.465 0.385 -0.001120548851 2
0 0.465 0.395 -0.0007515019425 2
0 0.465 0.405 0 2
0 0.465 0.415 0 2
0 0.465 0.425 0 2
0 0.465 0.435 0 2
0 0.465 0.445 0 2
0 0.465 0.455 0 2
0 0.465 0.465 0 2
0 0.475 -0.455 0 1
0 0.475 -0.445 0 1
0 0.475 -0.435 0 1
0 0.475 -0.425 0 1
0 0.475 -0.415 0 1
0 0.475 -0.405 0 1
0 0.475 -0.395 -0.0005228135237 1
0 0.475 -0.385 -0.0008139634688 1
0 0.475 -0.375 -0.001020531386 1
0 0.475 -0.365 -0.001087541743 1
0 0.475 -0.355 -0.001026821106 1
0 0.475 -0.345 -0.0008633088962 1
0 0.475 -0.335 -0.0006106955286 1
0 0.475 -0.325 -0.0002733356878 1
0 0.475 -0.315 0.0001400845756 1
0 0.475 -0.305 0.0006210058217 1
0 0.475 -0.295 0.001154571297 1
0 0.475 -0.285 0.001736076979 1
0 0.475 -0.275 0.002368829556 2
0 0.475 -0.265 0.003021391289 2
0 0.475 -0.255 0.003674293179 1
0 0.475 -0.245 0.004339351334 1
0 0.475 -0.235 0.005016396258 1
0 0.475 -0.225 0.005704533539 1
0 0.475 -0.215 0.006420943692 2
0 0.475 -0.205 0.007142110909 2
0 0.475 -0.195 0.007858222517 2
0 0.475 -0.185 0.008560816404 2
0 0.475 -0.175 0.009248118908 2
0 0.475 -0.165 0.009923011588 2
0 0.475 -0.155 0.01058613531 2
0 0.475 -0.145 0.01123865296 2
0 0.475 -0.135 0.01188076704 2
0 0.475 -0.125 0.01251083285 2
0 0.475 -0.115 0.01312167311 2
0 0.475 -0.105 0.01370611381 2
0 0.475 -0.095 0.01425517535 2
0 0.475 -0.085 0.01476087469 2
0 0.475 -0.075 0.0152170955 2
0 0.475 -0.065 0.01561988614 2
0 0.475 -0.055 0.01596690474 2
0 0.475 -0.045 0.01625656171 2
0 0.475 -0.035 0.01648727846 2
0 0.475 -0.025 0.01665651578 2
0 0.475 -0.015 0.01676077235 2
0 0.475 -0.005 0.01679269643 2
0 0.475 0.005 0.01674401377 2
0 0.475 0.015 0.01659746799 2
0 0.475 0.025 0.01633571565 1
0 0.475 0.035 0.01611126057 1
0 0.475 0.045 0.0158627586 1
0 0.475 0.055 0.01558656988 1
0 0.475 0.065 0.01527688658 1
0 0.475 0.075 0.01491982717 1
0 0.475 0.085 0.01453910249 1
0 0.475 0.095 0.01412267721 1
0 0.475 0.105 0.01366377022 1
0 0.475 0.115 0.01316319296 1
0 0.475 0.125 0.01262277537 1
0 0.475 0.135 0.01204654494 1
0 0.475 0.145 0.01143770257 1
0 0.475 0.155 0.01081253237 2
0 0.475 0.165 0.0101484774 2
0 0.475 0.175 0.009455123715 1
0 0.475 0.185 0.008761440254 1
0 0.475 0.195 0.008055587986 1
0 0.475 0.205 0.007339748572 1
0 0.475 0.215 0.006617366759 1
0 0.475 0.225 0.005892204194 1
0 0.475 0.235 0.00516863565 1
0 0.475 0.245 0.004450751941 1
0 0.475 0.255 0.003743185162 2
0 0.475 0.265 0.00303398608 2
0 0.475 0.275 0.002331682501 2
0 0.475 0.285 0.001656114522 2
0 0.475 0.295 0.001023085464 2
0 0.475 0.305 0.0004420103171 2
0 0.475 0.315 -7.726444043e-05 2
0 0.475 0.325 -0.0005252433483 2
0 0.475 0.335 -0.0008914879437 2
0 0.475 0.345 -0.001165067196 2
0 0.475 0.355 -0.001334132508 2
0 0.475 0.365 -0.001385939521 2
0 0.475 0.375 -0.001308070561 2
0 0.475 0.385 -0.001077573246 2
0 0.475 0.395 -0.0007238240201 2
0 0.475 0.405 0 2
0 0.475 0.415 0 2
0 0.475 0.425 0 2
0 0.475 0.435 0 2
0 0.475 0.445 0 2
0 0.475 0.455 0 2
0 0.475 0.465 0 2
0 0.485 -0.455 0 1
0 0.485 -0.445 0 1
0 0.485 -0.435 0 1
0 0.485 -0.425 0 1
0 0.485 -0.415 0 1
0 0.485 -0.405 0 1
0 0.485 -0.395 -0.0004902581709 1
0 0.485 -0.385 -0.0007738177808 1
0 0.485 -0.375 -0.0009735211072 1
0 0.485 -0.365 -0.001032106447 1
0 0.485 -0.355 -0.0009643810164 1
0 0.485 -0.345 -0.0008007451472 1
0 0.485 -0.335 -0.0005509925248 1
0 0.485 -0.325 -0.0002175980763 1
0 0.485 -0.315 0.0001900350905 1
0 0.485 -0.305 0.0006640244699 1
0 0.485 -0.295 0.001191822218 1
0 0.485 -0.285 0.001771660943 1
0 0.485 -0.275 0.002398078375 2
0 0.485 -0.265 0.003025777675 1
0 0.485 -0.255 0.003659321663 1
0 0.485 -0.245 0.0043092258 1
0 0.485 -0.235 0.004970022978 1
0 0.485 -0.225 0.005640212775 1
0 0.485 -0.215 0.006328467229 2
0 0.485 -0.205 0.007032304457 2
0 0.485 -0.195 0.007726049237 2
0 0.485 -0.185 0.008404896861 2
0 0.485 -0.175 0.009066779831 2
0 0.485 -0.165 0.009716692622 2
0 0.485 -0.155 0.01035554912 2
0 0.485 -0.145 0.01098562743 2
0 0.485 -0.135 0.0116095224 2
0 0.485 -0.125 0.01222875501 2
0 0.485 -0.115 0.01283278441 2
0 0.485 -0.105 0.01341482476 2
0 0.485 -0.095 0.01396272893 2
0 0.485 -0.085 0.01446605515 2
0 0.485 -0.075 0.01491776169 2
0 0.485 -0.065 0.01531432146 2
0 0.485 -0.055 0.01565445787 2
0 0.485 -0.045 0.01593755816 2
0 0.485 -0.035 0.01616278058 2
0 0.485 -0.025 0.01632807897 2
0 0.485 -0.015 0.01643014507 2
0 0.485 -0.005 0.01646184849 2
0 0.485 0.005 0.01641339715 2
0 0.485 0.015 0.01627417609 2
0 0.485 0.025 0.01604060936 1
0 0.485 0.035 0.01582566683 1
0 0.485 0.045 0.01558589138 1
0 0.485 0.055 0.01531515121 1
0 0.485 0.065 0.01500812673 1
0 0.485 0.075 0.01465907351 1
0 0.485 0.085 0.01428556528 1
0 0.485 0.095 0.01388012652 1
0 0.485 0.105 0.01343424888 1
0 0.485 0.115 0.01294569566 1
0 0.485 0.125 0.01241556737 1
0 0.485 0.135 0.01184874235 1
0 0.485 0.145 0.01124658866 1
0 0.485 0.155 0.01060525825 1
0 0.485 0.165 0.009953916874 1
0 0.485 0.175 0.009298881978 1
0 0.485 0.185 0.008623351929 1
0 0.485 0.195 0.007933720088 1
0 0.485 0.205 0.007233916874 1
0 0.485 0.215 0.006527727855 1
0 0.485 0.225 0.005818691064 1
0 0.485 0.235 0.005111076493 1
0 0.485 0.245 0.004408271163 1
0 0.485 0.255 0.003714176746 1
0 0.485 0.265 0.003026317624 2
0 0.485 0.275 0.002338724458 2
0 0.485 0.285 0.001675510901 2
0 0.485 0.295 0.001056686338 2
0 0.485 0.305 0.0004885218072 2
0 0.485 0.315 -1.921656273e-05 2
0 0.485 0.325 -0.0004579005094 2
0 0.485 0.335 -0.0008174984052 2
0 0.485 0.345 -0.001087546491 2
0 0.485 0.355 -0.001256648799 2
0 0.485 0.365 -0.001312550553 2
0 0.485 0.375 -0.001243281077 2
0 0.485 0.385 -0.001026826302 2
0 0.485 0.395 -0.0006911106825 2
0 0.485 0.405 0 2
0 0.485 0.415 0 2
0 0.485 0.425 0 2
0 0.485 0.435 0 2
0 0.485 0.445 0 2
0 0.485 0.455 0 2
0 0.485 0.465 0 2
0 0.495 -0.455 0 2
0 0.495 -0.445 0 2
0 0.495 -0.435 0 1
0 0.495 -0.425 0 1
0 0.495 -0.415 0 1
0 0.495 -0.405 0 1
0 0.495 -0.395 -0.0004724221758 1
0 0.495 -0.385 -0.0007429686122 2
0 0.495 -0.375 -0.0009167663076 2
0 0.495 -0.365 -0.0009645750279 2
0 0.495 -0.355 -0.0008943716436 1
0 0.495 -0.345 -0.0007316036383 1
0 0.495 -0.335 -0.0004809343203 1
0 0.495 -0.325 -0.000151149592 1
0 0.495 -0.315 0.0002507996592 1
0 0.495 -0.305 0.0007141514653 1
0 0.495 -0.295 0.001237129302 1
0 0.495 -0.285 0.00181835796 2
0 0.495 -0.275 0.002421430845 1
0 0.495 -0.265 0.003023823692 1
0 0.495 -0.255 0.003641087891 1
0 0.495 -0.245 0.004275383524 1
0 0.495 -0.235 0.004919365098 1
0 0.495 -0.225 0.005571105249 1
0 0.495 -0.215 0.006228472822 1
0 0.495 -0.205 0.006913267793 2
0 0.495 -0.195 0.007572225223 2
0 0.495 -0.185 0.008217415467 2
0 0.495 -0.175 0.008848750522 2
0 0.495 -0.165 0.009470324662 2
0 0.495 -0.155 0.01008045916 2
0 0.495 -0.145 0.01068207395 2
0 0.495 -0.135 0.01128404288 2
0 0.495 -0.125 0.01189838102 2
0 0.495 -0.115 0.01249621885 2
0 0.495 -0.105 0.01307602875 2
0 0.495 -0.095 0.01362263554 2
0 0.495 -0.085 0.01412229954 2
0 0.495 -0.075 0.01456692961 2
0 0.495 -0.065 0.01495401639 2
0 0.495 -0.055 0.01528414363 2
0 0.495 -0.045 0.01555812603 2
0 0.495 -0.035 0.01577610941 2
0 0.495 -0.025 0.0159368258 2
0 0.495 -0.015 0.01603756993 2
0 0.495 -0.005 0.016072427 2
0 0.495 0.005 0.01603273942 2
0 0.495 0.015 0.01591298615 2
0 0.495 0.025 0.01570937435 1
0 0.495 0.035 0.01549913797 1
0 0.495 0.045 0.01526383743 1
0 0.495 0.055 0.01500038683 1
0 0.495 0.065 0.01470613713 1
0 0.495 0.075 0.01437923341 1
0 0.495 0.085 0.0140225913 1
0 0.495 0.095 0.0136312631 1
0 0.495 0.105 0.0131983281 1
0 0.495 0.115 0.01272076018 1
0 0.495 0.125 0.01219956139 1
0 0.495 0.135 0.01163921245 1
0 0.495 0.145 0.01104275355 1
0 0.495 0.155 0.01041287764 1
0 0.495 0.165 0.009774530771 1
0 0.495 0.175 0.009133580301 1
0 0.495 0.185 0.008476843939 1
0 0.495 0.195 0.007805526219 1
0 0.495 0.205 0.007123211334 1
0 0.495 0.215 0.006434516575 1
0 0.495 0.225 0.005742666407 1
0 0.495 0.235 0.005051607709 1
0 0.495 0.245 0.004364508268 1
0 0.495 0.255 0.003687256979 1
0 0.495 0.265 0.003016159246 1
0 0.495 0.275 0.002346315388 2
0 0.495 0.285 0.001698103084 2
0 0.495 0.295 0.001095026245 2
0 0.495 0.305 0.0005417230614 2
0 0.495 0.315 4.713302655e-05 2
0 0.495 0.325 -0.0003808818166 2
0 0.495 0.335 -0.0007328333073 2
0 0.495 0.345 -0.0009987812323 2
0 0.495 0.355 -0.001167864581 2
0 0.495 0.365 -0.001228399146 2
0 0.495 0.375 -0.001168938886 2
0 0.495 0.385 -0.0009685563983 2
0 0.495 0.395 -0.0006535219301 2
0 0.495 0.405 0 2
0 0.495 0.415 0 2
0 0.495 0.425 0 2
0 0.495 0.435 0 2
0 0.495 0.445 0 2
0 0.495 0.455 0 2
0 0.495 0.465 0 2
0 0.505 -0.455 0 2
0 0.505 -0.445 0 2
0 0.505 -0.435 0 2
0 0.505 -0.425 0 1
0 0.505 -0.415 0 1
0 0.505 -0.405 0 1
0 0.505 -0.395 -0.0004580327714 1
0 0.505 -0.385 -0.0006968776368 2
0 0.505 -0.375 -0.0008474257582 2
0 0.505 -0.365 -0.0008929135015 2
0 0.505 -0.355 -0.0008314343354 2
0 0.505 -0.345 -0.0006663220513 2
0 0.505 -0.335 -0.0004125482602 2
0 0.505 -0.325 -8.554309973e-05 2
0 0.505 -0.315 0.0003115874924 2
0 0.505 -0.305 0.0007688276346 2
0 0.505 -0.295 0.001289261858 2
0 0.505 -0.285 0.001858552776 1
0 0.505 -0.275 0.002430603539 1
0 0.505 -0.265 0.00301189575 1
0 0.505 -0.255 0.003613350206 1
0 0.505 -0.245 0.004230400192 1
0 0.505 -0.235 0.004858172195 1
0 0.505 -0.225 0.005493469646 1
0 0.505 -0.215 0.006136893985 1
0 0.505 -0.205 0.006784768716 2
0 0.505 -0.195 0.007407348071 2
0 0.505 -0.185 0.008022315452 2
0 0.505 -0.175 0.008628082884 2
0 0.505 -0.165 0.009223188085 2
0 0.505 -0.155 0.009806050801 2
0 0.505 -0.145 0.01037650198 2
0 0.505 -0.135 0.01094221698 2
0 0.505 -0.125 0.0115279199 2
0 0.505 -0.115 0.01210215304 2
0 0.505 -0.105 0.01268616342 2
0 0.505 -0.095 0.01323875994 2
0 0.505 -0.085 0.01373408296 2
0 0.505 -0.075 0.01416767666 2
0 0.505 -0.065 0.01454121472 2
0 0.505 -0.055 0.01485798624 2
0 0.505 -0.045 0.01512045169 2
0 0.505 -0.035 0.01532967726 2
0 0.505 -0.025 0.01548535038 2
0 0.505 -0.015 0.01558587645 2
0 0.505 -0.005 0.01562743858 2
0 0.505 0.005 0.01560363639 2
0 0.505 0.015 0.01550801393 2
0 0.505 0.025 0.01533197935 1
0 0.505 0.035 0.01513436406 1
0 0.505 0.045 0.01490766084 1
0 0.505 0.055 0.01465253629 1
0 0.505 0.065 0.01437007686 1
0 0.505 0.075 0.01406025638 1
0 0.505 0.085 0.01372255344 1
0 0.505 0.095 0.01335069781 1
0 0.505 0.105 0.0129335269 1
0 0.505 0.115 0.01246725874 1
0 0.505 0.125 0.01195391388 1
0 0.505 0.135 0.01139959444 1
0 0.505 0.145 0.01081425331 1
0 0.505 0.155 0.01020525319 1
0 0.505 0.165 0.00958367012 1
0 0.505 0.175 0.00895312426 1
0 0.505 0.185 0.008311202316 1
0 0.505 0.195 0.007658323514 1
0 0.505 0.205 0.006996250299 1
0 0.505 0.215 0.006327885842 1
0 0.505 0.225 0.005655952126 1
0 0.505 0.235 0.00498340044 1
0 0.505 0.245 0.004313780072 1
0 0.505 0.255 0.003654231377 1
0 0.505 0.265 0.003002662055 1
0 0.505 0.275 0.002354246855 2
0 0.505 0.285 0.001725229577 2
0 0.505 0.295 0.001138556103 2
0 0.505 0.305 0.0006019693212 2
0 0.505 0.315 0.0001218429822 2
0 0.505 0.325 -0.0002943358482 2
0 0.505 0.335 -0.0006377918265 2
0 0.505 0.345 -0.0008991636724 2
0 0.505 0.355 -0.001068216859 2
0 0.505 0.365 -0.001133922565 2
0 0.505 0.375 -0.001085440022 2
0 0.505 0.385 -0.000903075412 2
0 0.505 0.395 -0.000611257404 2
0 0.505 0.405 0 2
0 0.505 0.415 0 2
0 0.505 0.425 0 2
0 0.505 0.435 0 2
0 0.505 0.445 0 2
0 0.505 0.455 0 2
0 0.505 0.465 0 2
0 0.515 -0.455 0 2
0 0.515 -0.445 0 2
0 0.515 -0.435 0 2
0 0.515 -0.425 0 2
0 0.515 -0.415 0 2
0 0.515 -0.405 0 2
0 0.515 -0.395 -0.0004463494665 2
0 0.515 -0.385 -0.0006473642067 2
0 0.515 -0.375 -0.0007799693633 2
0 0.515 -0.365 -0.0008202494091 2
0 0.515 -0.355 -0.0007537486388 2
0 0.515 -0.345 -0.0005889773641 2
0 0.515 -0.335 -0.0003375221125 2
0 0.515 -0.325 -1.498504268e-05 2
0 0.515 -0.315 0.0003740645571 2
0 0.515 -0.305 0.000829224509 2
0 0.515 -0.295 0.001341840111 2
0 0.515 -0.285 0.001880456096 1
0 0.515 -0.275 0.002427244424 1
0 0.515 -0.265 0.002992188898 1
0 0.515 -0.255 0.003576151409 1
0 0.515 -0.245 0.004175330149 1
0 0.515 -0.235 0.004786924306 1
0 0.515 -0.225 0.005406206054 1
0 0.515 -0.215 0.006038529287 1
0 0.515 -0.205 0.00664492022 2
0 0.515 -0.195 0.00723555139 1
0 0.515 -0.185 0.007825226016 1
0 0.515 -0.175 0.008406910264 1
0 0.515 -0.165 0.008977618802 1
0 0.515 -0.155 0.009535421914 1
0 0.515 -0.145 0.01007924137 1
0 0.515 -0.135 0.01061009339 1
0 0.515 -0.125 0.01115192602 2
0 0.515 -0.115 0.01168299465 2
0 0.515 -0.105 0.01225401881 2
0 0.515 -0.095 0.01281261531 2
0 0.515 -0.085 0.01330281961 2
0 0.515 -0.075 0.01372199068 2
0 0.515 -0.065 0.01407770537 2
0 0.515 -0.055 0.01437805475 2
0 0.515 -0.045 0.01462716947 2
0 0.515 -0.035 0.01482653817 2
0 0.515 -0.025 0.0149767526 2
0 0.515 -0.015 0.0150774532 2
0 0.515 -0.005 0.01512772276 2
0 0.515 0.005 0.01512437079 2
0 0.515 0.015 0.01505993079 2
0 0.515 0.025 0.01491875773 1
0 0.515 0.035 0.01473430219 1
0 0.515 0.045 0.01451633904 1
0 0.515 0.055 0.01427006088 1
0 0.515 0.065 0.01399977418 1
0 0.515 0.075 0.01370723735 1
0 0.515 0.085 0.01339128183 1
0 0.515 0.095 0.0130442321 1
0 0.515 0.105 0.01264494478 1
0 0.515 0.115 0.01219034976 1
0 0.515 0.125 0.01168493062 1
0 0.515 0.135 0.01113683722 1
0 0.515 0.145 0.0105629832 1
0 0.515 0.155 0.009970106418 1
0 0.515 0.165 0.009366336662 1
0 0.515 0.175 0.008753611705 1
0 0.515 0.185 0.00813104369 1
0 0.515 0.195 0.007498818937 1
0 0.515 0.205 0.006858383829 1
0 0.515 0.215 0.0062121139 1
0 0.515 0.225 0.005561902771 1
0 0.515 0.235 0.004909320369 1
0 0.515 0.245 0.004259326661 1
0 0.515 0.255 0.003617193202 1
0 0.515 0.265 0.002984295267 1
0 0.515 0.275 0.002358941459 2
0 0.515 0.285 0.001755358478 2
0 0.515 0.295 0.001187023004 2
0 0.515 0.305 0.0006689382107 2
0 0.515 0.315 0.0002045124281 2
0 0.515 0.325 -0.0001987437655 2
0 0.515 0.335 -0.0005329194559 2
0 0.515 0.345 -0.000789279092 2
0 0.515 0.355 -0.0009582982382 2
0 0.515 0.365 -0.001029684678 2
0 0.515 0.375 -0.0009932811815 2
0 0.515 0.385 -0.000830769068 2
0 0.515 0.395 -0.0005645624844 2
0 0.515 0.405 0 2
0 0.515 0.415 0 2
0 0.515 0.425 0 2
0 0.515 0.435 0 2
0 0.515 0.445 0 2
0 0.515 0.455 0 2
0 0.515 0.465 0 2
0 0.525 -0.455 0 2
0 0.525 -0.445 0 2
0 0.525 -0.435 0 2
0 0.525 -0.425 0 2
0 0.525 -0.415 0 2
0 0.525 -0.405 0 2
0 0.525 -0.395 -0.0004289061008 2
0 0.525 -0.385 -0.0006098030643 2
0 0.525 -0.375 -0.0007179254949 2
0 0.525 -0.365 -0.0007357468126 2
0 0.525 -0.355 -0.0006576734497 2
0 0.525 -0.345 -0.0004928206076 2
0 0.525 -0.335 -0.0002482624617 2
0 0.525 -0.325 6.740029638e-05 2
0 0.525 -0.315 0.0004438854478 2
0 0.525 -0.305 0.000892651591 2
0 0.525 -0.295 0.001389456303 2
0 0.525 -0.285 0.001893907028 1
0 0.525 -0.275 0.002417168152 1
0 0.525 -0.265 0.002965549457 1
0 0.525 -0.255 0.003529769299 1
0 0.525 -0.245 0.004110290104 1
0 0.525 -0.235 0.004703530447 1
0 0.525 -0.225 0.005305803076 1
0 0.525 -0.215 0.005923395212 2
0 0.525 -0.205 0.00649710777 1
0 0.525 -0.195 0.007079947436 1
0 0.525 -0.185 0.007647867601 1
0 0.525 -0.175 0.008207043433 1
0 0.525 -0.165 0.008756057871 1
0 0.525 -0.155 0.009291885945 1
0 0.525 -0.145 0.009812833454 1
0 0.525 -0.135 0.01031355922 1
0 0.525 -0.125 0.0107861932 1
0 0.525 -0.115 0.01127069209 1
0 0.525 -0.105 0.01180190375 2
0 0.525 -0.095 0.01235906276 2
0 0.525 -0.085 0.01283399184 2
0 0.525 -0.075 0.01322971042 2
0 0.525 -0.065 0.01356452718 2
0 0.525 -0.055 0.01384672858 2
0 0.525 -0.045 0.01408165519 2
0 0.525 -0.035 0.01427071015 2
0 0.525 -0.025 0.01441510868 2
0 0.525 -0.015 0.01451536943 2
0 0.525 -0.005 0.01457400749 2
0 0.525 0.005 0.01459212867 2
0 0.525 0.015 0.01457174069 2
0 0.525 0.025 0.0144890681 1
0 0.525 0.035 0.0143069306 1
0 0.525 0.045 0.01409208351 1
0 0.525 0.055 0.0138550623 1
0 0.525 0.065 0.01359585219 1
0 0.525 0.075 0.01331899115 1
0 0.525 0.085 0.01302960117 1
0 0.525 0.095 0.0127224276 1
0 0.525 0.105 0.01234324855 1
0 0.525 0.115 0.01189808553 1
0 0.525 0.125 0.0113975764 1
0 0.525 0.135 0.01084731739 1
0 0.525 0.145 0.01028612513 1
0 0.525 0.155 0.009712067864 1
0 0.525 0.165 0.009129750412 1
0 0.525 0.175 0.008538823265 1
0 0.525 0.185 0.007938076968 1
0 0.525 0.195 0.007327711296 1
0 0.525 0.205 0.006709549836 1
0 0.525 0.215 0.006087580088 1
0 0.525 0.225 0.00546288378 1
0 0.525 0.235 0.004833944218 1
0 0.525 0.245 0.004201896858 1
0 0.525 0.255 0.003575608307 1
0 0.525 0.265 0.002961572378 1
0 0.525 0.275 0.002361664468 2
0 0.525 0.285 0.001785835167 2
0 0.525 0.295 0.00123924233 2
0 0.525 0.305 0.0007414897934 2
0 0.525 0.315 0.000294240402 2
0 0.525 0.325 -9.49535133e-05 2
0 0.525 0.335 -0.0004190327008 2
0 0.525 0.345 -0.0006699237917 2
0 0.525 0.355 -0.0008388704406 2
0 0.525 0.365 -0.0009163861532 2
0 0.525 0.375 -0.0008930673215 2
0 0.525 0.385 -0.0007521022718 2
0 0.525 0.395 -0.0005137315082 2
0 0.525 0.405 0 2
0 0.525 0.415 0 2
0 0.525 0.425 0 2
0 0.525 0.435 0 2
0 0.525 0.445 0 2
0 0.525 0.455 0 2
0 0.525 0.465 0 2
0 0.535 -0.455 0 2
0 0.535 -0.445 0 2
0 0.535 -0.435 0 2
0 0.535 -0.425 0 2
0 0.535 -0.415 0 2
0 0.535 -0.405 0 2
0 0.535 -0.395 -0.0004017369691 2
0 0.535 -0.385 -0.000564721203 2
0 0.535 -0.375 -0.0006483291467 2
0 0.535 -0.365 -0.0006424551578 2
0 0.535 -0.355 -0.0005532203211 2
0 0.535 -0.345 -0.0003851726495 2
0 0.535 -0.335 -0.0001444468301 2
0 0.535 -0.325 0.000162478168 2
0 0.535 -0.315 0.0005256151229 2
0 0.535 -0.305 0.000955755844 2
0 0.535 -0.295 0.001429670996 1
0 0.535 -0.285 0.001907277269 1
0 0.535 -0.275 0.002407112171 1
0 0.535 -0.265 0.002933659078 1
0 0.535 -0.255 0.00347658698 1
0 0.535 -0.245 0.00403633697 1
0 0.535 -0.235 0.004609548277 1
0 0.535 -0.225 0.005197590724 1
0 0.535 -0.215 0.005792146294 2
0 0.535 -0.205 0.006361218091 1
0 0.535 -0.195 0.006922874683 1
0 0.535 -0.185 0.007471107069 1
0 0.535 -0.175 0.008009389127 1
0 0.535 -0.165 0.008536921167 1
0 0.535 -0.155 0.009051202752 1
0 0.535 -0.145 0.009547951545 1
0 0.535 -0.135 0.01002031564 1
0 0.535 -0.125 0.01046632498 1
0 0.535 -0.115 0.01090917246 1
0 0.535 -0.105 0.01135239664 1
0 0.535 -0.095 0.01188232893 2
0 0.535 -0.085 0.01232475769 2
0 0.535 -0.075 0.01269178679 2
0 0.535 -0.065 0.01300362273 2
0 0.535 -0.055 0.01326756578 2
0 0.535 -0.045 0.01348854964 2
0 0.535 -0.035 0.01366757373 2
0 0.535 -0.025 0.01380610413 2
0 0.535 -0.015 0.01390526331 2
0 0.535 -0.005 0.01397050204 2
0 0.535 0.005 0.01400396517 2
0 0.535 0.015 0.01402566639 2
0 0.535 0.025 0.01402163524 1
0 0.535 0.035 0.01384159756 1
0 0.535 0.045 0.01363709744 1
0 0.535 0.055 0.01341476849 1
0 0.535 0.065 0.01316593865 1
0 0.535 0.075 0.01289812023 1
0 0.535 0.085 0.0126242604 1
0 0.535 0.095 0.01235011009 1
0 0.535 0.105 0.01197889471 1
0 0.535 0.115 0.01154363957 1
0 0.535 0.125 0.01106546455 1
0 0.535 0.135 0.01053335383 1
0 0.535 0.145 0.009995001372 1
0 0.535 0.155 0.009433643959 1
0 0.535 0.165 0.008873039088 1
0 0.535 0.175 0.008307625966 1
0 0.535 0.185 0.007731332185 1
0 0.535 0.195 0.007144168376 1
0 0.535 0.205 0.006550295146 1
0 0.535 0.215 0.005953612158 1
0 0.535 0.225 0.005355058833 1
0 0.535 0.235 0.00474785698 1
0 0.535 0.245 0.00413304442 1
0 0.535 0.255 0.003525856585 1
0 0.535 0.265 0.002932919978 2
0 0.535 0.275 0.002363594065 2
0 0.535 0.285 0.001814781906 2
0 0.535 0.295 0.001293479631 2
0 0.535 0.305 0.0008180821758 2
0 0.535 0.315 0.0003897929133 2
0 0.535 0.325 1.591375068e-05 2
0 0.535 0.335 -0.0002971734109 2
0 0.535 0.345 -0.0005420827518 2
0 0.535 0.355 -0.0007108539951 2
0 0.535 0.365 -0.0007948600679 2
0 0.535 0.375 -0.0007855100431 2
0 0.535 0.385 -0.0006676186329 2
0 0.535 0.395 -0.0004591076384 2
0 0.535 0.405 0 2
0 0.535 0.415 0 2
0 0.535 0.425 0 2
0 0.535 0.435 0 2
0 0.535 0.445 0 2
0 0.535 0.455 0 2
0 0.535 0.465 0 2
0 0.545 -0.455 0 2
0 0.545 -0.445 0 2
0 0.545 -0.435 0 2
0 0.545 -0.425 0 2
0 0.545 -0.415 0 2
0 0.545 -0.405 0 2
0 0.545 -0.395 -0.0003566466183 2
0 0.545 -0.385 -0.0004979276135 2
0 0.545 -0.375 -0.0005613414326 2
0 0.545 -0.365 -0.0005380339173 2
0 0.545 -0.355 -0.0004379285221 2
0 0.545 -0.345 -0.0002664809193 2
0 0.545 -0.335 -2.91229968e-05 2
0 0.545 -0.325 0.0002680362307 2
0 0.545 -0.315 0.0006201010236 2
0 0.545 -0.305 0.001020725172 2
0 0.545 -0.295 0.001459641797 1
0 0.545 -0.285 0.001919914192 1
0 0.545 -0.275 0.002399303001 1
0 0.545 -0.265 0.002899108736 1
0 0.545 -0.255 0.003418686238 1
0 0.545 -0.245 0.003955310414 1
0 0.545 -0.235 0.004507311901 1
0 0.545 -0.225 0.005079889883 1
0 0.545 -0.215 0.005646977851 2
0 0.545 -0.205 0.006212831349 1
0 0.545 -0.195 0.006750519997 1
0 0.545 -0.185 0.007275341832 1
0 0.545 -0.175 0.007789405095 1
0 0.545 -0.165 0.008294525295 1
0 0.545 -0.155 0.008786512088 1
0 0.545 -0.145 0.009261419147 1
0 0.545 -0.135 0.009715062382 1
0 0.545 -0.125 0.01014540999 1
0 0.545 -0.115 0.01055629711 1
0 0.545 -0.105 0.01095516416 1
0 0.545 -0.095 0.01139107904 2
0 0.545 -0.085 0.01177812732 2
0 0.545 -0.075 0.01211225044 2
0 0.545 -0.065 0.01239964536 2
0 0.545 -0.055 0.01264617196 2
0 0.545 -0.045 0.01285407161 2
0 0.545 -0.035 0.01302384772 2
0 0.545 -0.025 0.0131568707 2
0 0.545 -0.015 0.01325481798 2
0 0.545 -0.005 0.01332418033 2
0 0.545 0.005 0.01337032193 2
0 0.545 0.015 0.01342025184 2
0 0.545 0.025 0.01346912451 2
0 0.545 0.035 0.01335509864 1
0 0.545 0.045 0.01316182803 1
0 0.545 0.055 0.01295009409 1
0 0.545 0.065 0.01271324963 1
0 0.545 0.075 0.01245731846 1
0 0.545 0.085 0.01219452182 1
0 0.545 0.095 0.01188840491 2
0 0.545 0.105 0.01150724579 2
0 0.545 0.115 0.01108331708 2
0 0.545 0.125 0.01063499291 2
0 0.545 0.135 0.01017242256 1
0 0.545 0.145 0.009674157081 1
0 0.545 0.155 0.009139851317 1
0 0.545 0.165 0.00861221888 1
0 0.545 0.175 0.008075168448 1
0 0.545 0.185 0.007523513645 1
0 0.545 0.195 0.006959626339 1
0 0.545 0.205 0.006387168579 1
0 0.545 0.215 0.005809780995 1
0 0.545 0.225 0.005231330062 1
0 0.545 0.235 0.004634546354 2
0 0.545 0.245 0.004043294818 2
0 0.545 0.255 0.003463597378 2
0 0.545 0.265 0.002901322429 2
0 0.545 0.275 0.002360387515 2
0 0.545 0.285 0.001839536675 2
0 0.545 0.295 0.001348366205 2
0 0.545 0.305 0.0008973197682 2
0 0.545 0.315 0.0004898635534 2
0 0.545 0.325 0.0001326184674 2
0 0.545 0.335 -0.0001685240978 2
0 0.545 0.345 -0.0004068823637 2
0 0.545 0.355 -0.0005753017117 2
0 0.545 0.365 -0.0006660566995 2
0 0.545 0.375 -0.0006714186818 2
0 0.545 0.385 -0.0005779351612 2
0 0.545 0.395 -0.0004010798785 2
0 0.545 0.405 0 2
0 0.545 0.415 0 2
0 0.545 0.425 0 2
0 0.545 0.435 0 2
0 0.545 0.445 0 2
0 0.545 0.455 0 2
0 0.545 0.465 0 2
0 0.555 -0.455 0 2
0 0.555 -0.445 0 2
0 0.555 -0.435 0 2
0 0.555 -0.425 0 2
0 0.555 -0.415 0 2
0 0.555 -0.405 0 2
0 0.555 -0.395 -0.0003043195211 2
0 0.555 -0.385 -0.0004194882859 2
0 0.555 -0.375 -0.0004614136672 2
0 0.555 -0.365 -0.0004223534626 2
0 0.555 -0.355 -0.0003129473873 2
0 0.555 -0.345 -0.0001390632951 2
0 0.555 -0.335 9.445764109e-05 2
0 0.555 -0.325 0.0003808910769 2
0 0.555 -0.315 0.0007209303703 2
0 0.555 -0.305 0.001089295215 2
0 0.555 -0.295 0.001489864789 1
0 0.555 -0.285 0.001931475417 1
0 0.555 -0.275 0.002389262653 1
0 0.555 -0.265 0.002861681487 1
0 0.555 -0.255 0.003356283627 1
0 0.555 -0.245 0.003869098304 1
0 0.555 -0.235 0.004399589852 1
0 0.555 -0.225 0.004938655423 2
0 0.555 -0.215 0.005477482144 2
0 0.555 -0.205 0.006041160386 1
0 0.555 -0.195 0.006564460606 1
0 0.555 -0.185 0.007072350259 1
0 0.555 -0.175 0.007556928483 1
0 0.555 -0.165 0.008035667947 1
0 0.555 -0.155 0.008505138326 1
0 0.555 -0.145 0.008958640534 1
0 0.555 -0.135 0.009390100468 1
0 0.555 -0.125 0.009797051145 1
0 0.555 -0.115 0.01018503806 1
0 0.555 -0.105 0.01055918069 1
0 0.555 -0.095 0.01089092075 2
0 0.555 -0.085 0.0112035665 2
0 0.555 -0.075 0.01149752918 2
0 0.555 -0.065 0.01176012333 2
0 0.555 -0.055 0.01199011305 2
0 0.555 -0.045 0.01218572103 2
0 0.555 -0.035 0.01234702561 2
0 0.555 -0.025 0.01247504848 2
0 0.555 -0.015 0.01257194915 2
0 0.555 -0.005 0.01264339816 2
0 0.555 0.005 0.01269930527 2
0 0.555 0.015 0.01275337122 2
0 0.555 0.025 0.01281581528 2
0 0.555 0.035 0.01282630093 1
0 0.555 0.045 0.01267239759 1
0 0.555 0.055 0.01248493709 1
0 0.555 0.065 0.01225858664 1
0 0.555 0.075 0.01200023458 1
0 0.555 0.085 0.01172452416 1
0 0.555 0.095 0.01132891558 2
0 0.555 0.105 0.01093400649 2
0 0.555 0.115 0.01052896298 2
0 0.555 0.125 0.01011662408 2
0 0.555 0.135 0.009715775118 2
0 0.555 0.145 0.009269426829 2
0 0.555 0.155 0.00880683404 1
0 0.555 0.165 0.008316385111 1
0 0.555 0.175 0.007808974044 1
0 0.555 0.185 0.007285570891 1
0 0.555 0.195 0.006748508794 1
0 0.555 0.205 0.00620078922 1
0 0.555 0.215 0.005644847229 1
0 0.555 0.225 0.005075510799 2
0 0.555 0.235 0.00450219828 2
0 0.555 0.245 0.003939778539 2
0 0.555 0.255 0.0033912955 2
0 0.555 0.265 0.002861542741 2
0 0.555 0.275 0.002351335431 2
0 0.555 0.285 0.001862314709 2
0 0.555 0.295 0.001403244988 2
0 0.555 0.305 0.00097831433 2
0 0.555 0.315 0.0005933042623 2
0 0.555 0.325 0.0002539353133 2
0 0.555 0.335 -3.433000172e-05 2
0 0.555 0.345 -0.0002655425602 2
0 0.555 0.355 -0.0004333689171 2
0 0.555 0.365 -0.0005310245497 2
0 0.555 0.375 -0.0005516879749 2
0 0.555 0.385 -0.0004837342993 2
0 0.555 0.395 -0.0003400783787 2
0 0.555 0.405 0 2
0 0.555 0.415 0 2
0 0.555 0.425 0 2
0 0.555 0.435 0 2
0 0.555 0.445 0 2
0 0.555 0.455 0 2
0 0.555 0.465 0 2
0 0.565 -0.455 0 2
0 0.565 -0.445 0 2
0 0.565 -0.435 0 2
0 0.565 -0.425 0 2
0 0.565 -0.415 0 2
0 0.565 -0.405 0 2
0 0.565 -0.395 -0.000246320287 2
0 0.565 -0.385 -0.0003317393673 2
0 0.565 -0.375 -0.000350671429 2
0 0.565 -0.365 -0.0002968020689 2
0 0.565 -0.355 -0.0001796565636 2
0 0.565 -0.345 -4.924140131e-06 2
0 0.565 -0.335 0.0002229705421 2
0 0.565 -0.325 0.0004972830699 2
0 0.565 -0.315 0.0008192006125 2
0 0.565 -0.305 0.001162826029 2
0 0.565 -0.295 0.001528955653 2
0 0.565 -0.285 0.001940798382 1
0 0.565 -0.275 0.002374523546 1
0 0.565 -0.265 0.002824977499 1
0 0.565 -0.255 0.00329364772 1
0 0.565 -0.245 0.003778892127 1
0 0.565 -0.235 0.004269772087 2
0 0.565 -0.225 0.004769657293 2
0 0.565 -0.215 0.005280983982 2
0 0.565 -0.205 0.005819839967 2
0 0.565 -0.195 0.006345434612 1
0 0.565 -0.185 0.00684199132 1
0 0.565 -0.175 0.007306027405 1
0 0.565 -0.165 0.00776809627 1
0 0.565 -0.155 0.00821932905 1
0 0.565 -0.145 0.008652479875 1
0 0.565 -0.135 0.009063108314 1
0 0.565 -0.125 0.009443756278 1
0 0.565 -0.115 0.00979658533 1
0 0.565 -0.105 0.01012690831 1
0 0.565 -0.095 0.01034841539 2
0 0.565 -0.085 0.01059743937 2
0 0.565 -0.075 0.01085621872 2
0 0.565 -0.065 0.01109450933 2
0 0.565 -0.055 0.01130795303 2
0 0.565 -0.045 0.01149145442 2
0 0.565 -0.035 0.01164456907 2
0 0.565 -0.025 0.01176783483 2
0 0.565 -0.015 0.01186354555 2
0 0.565 -0.005 0.01193593007 2
0 0.565 0.005 0.01199296928 2
0 0.565 0.015 0.01203982664 2
0 0.565 0.025 0.01209664483 2
0 0.565 0.035 0.01216430921 2
0 0.565 0.045 0.01211407093 1
0 0.565 0.055 0.01195826692 1
0 0.565 0.065 0.01174236367 1
0 0.565 0.075 0.01147564706 1
0 0.565 0.085 0.01112428028 2
0 0.565 0.095 0.01068762445 2
0 0.565 0.105 0.01028411946 2
0 0.565 0.115 0.009900284346 2
0 0.565 0.125 0.009528904112 2
0 0.565 0.135 0.009169633179 2
0 0.565 0.145 0.008783213921 2
0 0.565 0.155 0.008391239394 2
0 0.565 0.165 0.007949790476 2
0 0.565 0.175 0.007481285881 2
0 0.565 0.185 0.006993099868 2
0 0.565 0.195 0.006488929244 2
0 0.565 0.205 0.00597209514 2
0 0.565 0.215 0.005443486832 2
0 0.565 0.225 0.004897716752 2
0 0.565 0.235 0.004355341966 2
0 0.565 0.245 0.003824766577 2
0 0.565 0.255 0.003310783244 2
0 0.565 0.265 0.002816460818 2
0 0.565 0.275 0.002340901225 2
0 0.565 0.285 0.001886445993 2
0 0.565 0.295 0.00145797186 2
0 0.565 0.305 0.001060512899 2
0 0.565 0.315 0.0006991156788 2
0 0.565 0.325 0.0003786760022 2
0 0.565 0.335 0.0001041316064 2
0 0.565 0.345 -0.000119349925 2
0 0.565 0.355 -0.0002862922494 2
0 0.565 0.365 -0.0003908943182 2
0 0.565 0.375 -0.0004272862584 2
0 0.565 0.385 -0.0003857556376 2
0 0.565 0.395 -0.0002765693347 2
0 0.565 0.405 0 2
0 0.565 0.415 0 2
0 0.565 0.425 0 2
0 0.565 0.435 0 2
0 0.565 0.445 0 2
0 0.565 0.455 0 2
0 0.565 0.465 0 2
0 0.575 -0.455 0 2
0 0.575 -0.445 0 2
0 0.575 -0.435 0 2
0 0.575 -0.425 0 2
0 0.575 -0.415 0 2
0 0.575 -0.405 0 2
0 0.575 -0.395 -0.0001845679964 2
0 0.575 -0.385 -0.0002379044646 2
0 0.575 -0.375 -0.0002325933276 2
0 0.575 -0.365 -0.0001641457657 2
0 0.575 -0.355 -4.037551582e-05 2
0 0.575 -0.345 0.0001336191974 2
0 0.575 -0.335 0.000353757812 2
0 0.575 -0.325 0.0006143431395 2
0 0.575 -0.315 0.0009129769548 2
0 0.575 -0.305 0.001237992465 2
0 0.575 -0.295 0.001578795188 2
0 0.575 -0.285 0.001950808002 1
0 0.575 -0.275 0.002355028893 1
0 0.575 -0.265 0.002781672519 1
0 0.575 -0.255 0.003220901831 1
0 0.575 -0.245 0.003664729864 2
0 0.575 -0.235 0.004115706372 2
0 0.575 -0.225 0.004578632418 2
0 0.575 -0.215 0.005058989872 2
0 0.575 -0.205 0.0055611832 2
0 0.575 -0.195 0.006068410671 2
0 0.575 -0.185 0.006547658932 2
0 0.575 -0.175 0.007017156621 1
0 0.575 -0.165 0.007461696714 1
0 0.575 -0.155 0.007889926514 1
0 0.575 -0.145 0.008299269077 1
0 0.575 -0.135 0.008685338095 1
0 0.575 -0.125 0.009040332956 1
0 0.575 -0.115 0.009355250125 1
0 0.575 -0.105 0.009596477736 2
0 0.575 -0.095 0.009763151889 2
0 0.575 -0.085 0.009970768187 2
0 0.575 -0.075 0.01019724748 2
0 0.575 -0.065 0.01041187809 2
0 0.575 -0.055 0.01060781552 2
0 0.575 -0.045 0.01077863729 2
0 0.575 -0.035 0.01092318363 2
0 0.575 -0.025 0.01104145936 2
0 0.575 -0.015 0.01113535253 2
0 0.575 -0.005 0.01120797014 2
0 0.575 0.005 0.01126496578 2
0 0.575 0.015 0.01131392358 2
0 0.575 0.025 0.01136450067 2
0 0.575 0.035 0.01142167053 2
0 0.575 0.045 0.01142754546 2
0 0.575 0.055 0.01130689584 2
0 0.575 0.065 0.01110348665 2
0 0.575 0.075 0.01082513776 2
0 0.575 0.085 0.01043966391 2
0 0.575 0.095 0.01002348302 2
0 0.575 0.105 0.009634210672 2
0 0.575 0.115 0.009267841333 2
0 0.575 0.125 0.008918099184 2
0 0.575 0.135 0.008578323022 2
0 0.575 0.145 0.008238778146 2
0 0.575 0.155 0.007898775977 2
0 0.575 0.165 0.007516103721 2
0 0.575 0.175 0.00709803116 2
0 0.575 0.185 0.006652611585 2
0 0.575 0.195 0.006187609798 2
0 0.575 0.205 0.005706670947 2
0 0.575 0.215 0.005211812034 2
0 0.575 0.225 0.004703904976 2
0 0.575 0.235 0.004201055275 2
0 0.575 0.245 0.00370883573 2
0 0.575 0.255 0.003232730285 2
0 0.575 0.265 0.002772801318 2
0 0.575 0.275 0.002330982842 2
0 0.575 0.285 0.001909675765 2
0 0.575 0.295 0.001512451605 2
0 0.575 0.305 0.001143273087 2
0 0.575 0.315 0.0008062868533 2
0 0.575 0.325 0.0005056294861 2
0 0.575 0.335 0.0002455382099 2
0 0.575 0.345 3.034570923e-05 2
0 0.575 0.355 -0.0001353805005 2
0 0.575 0.365 -0.0002468688702 2
0 0.575 0.375 -0.0002992464977 2
0 0.575 0.385 -0.0002847889104 2
0 0.575 0.395 -0.0002110504406 2
0 0.575 0.405 0 2
0 0.575 0.415 0 2
0 0.575 0.425 0 2
0 0.575 0.435 0 2
0 0.575 0.445 0 2
0 0.575 0.455 0 2
0 0.575 0.465 0 2
0 0.585 -0.455 0 2
0 0.585 -0.445 0 2
0 0.585 -0.435 0 2
0 0.585 -0.425 0 2
0 0.585 -0.415 0 2
0 0.585 -0.405 0 2
0 0.585 -0.395 -0.0001202377249 2
0 0.585 -0.385 -0.0001399728861 2
0 0.585 -0.375 -0.0001095893184 2
0 0.585 -0.365 -2.673672804e-05 2
0 0.585 -0.355 0.0001027295036 2
0 0.585 -0.345 0.0002745721825 2
0 0.585 -0.335 0.0004851397379 2
0 0.585 -0.325 0.0007302609168 2
0 0.585 -0.315 0.001004723038 2
0 0.585 -0.305 0.001309580123 2
0 0.585 -0.295 0.001627195762 2
0 0.585 -0.285 0.001960103972 2
0 0.585 -0.275 0.002326699865 2
0 0.585 -0.265 0.002718464197 2
0 0.585 -0.255 0.003122001373 2
0 0.585 -0.245 0.003529950955 2
0 0.585 -0.235 0.003945939976 2
0 0.585 -0.225 0.004373515149 2
0 0.585 -0.215 0.004817034985 2
0 0.585 -0.205 0.005276860425 2
0 0.585 -0.195 0.005747119251 2
0 0.585 -0.185 0.006204586198 2
0 0.585 -0.175 0.006662741372 2
0 0.585 -0.165 0.007085060246 2
0 0.585 -0.155 0.007485050677 2
0 0.585 -0.145 0.007865288657 2
0 0.585 -0.135 0.008220658119 2
0 0.585 -0.125 0.008542539732 2
0 0.585 -0.115 0.008811155254 2
0 0.585 -0.105 0.008991965367 2
0 0.585 -0.095 0.00914866828 2
0 0.585 -0.085 0.009331811185 2
0 0.585 -0.075 0.00952737195 2
0 0.585 -0.065 0.009718718433 2
0 0.585 -0.055 0.009896008641 2
0 0.585 -0.045 0.01005321457 2
0 0.585 -0.035 0.01018838146 2
0 0.585 -0.025 0.01030098953 2
0 0.585 -0.015 0.01039220911 2
0 0.585 -0.005 0.01046433469 2
0 0.585 0.005 0.0105209768 2
0 0.585 0.015 0.01056673279 2
0 0.585 0.025 0.0106044758 2
0 0.585 0.035 0.01063625311 2
0 0.585 0.045 0.01063866808 2
0 0.585 0.055 0.01054074359 2
0 0.585 0.065 0.01034895772 2
0 0.585 0.075 0.01006763456 2
0 0.585 0.085 0.009699475395 2
0 0.585 0.095 0.009318412486 2
0 0.585 0.105 0.008954091916 2
0 0.585 0.115 0.008610793972 2
0 0.585 0.125 0.00828706196 2
0 0.585 0.135 0.007979554329 2
0 0.585 0.145 0.007677025007 2
0 0.585 0.155 0.007368147263 2
0 0.585 0.165 0.007032274811 2
0 0.585 0.175 0.006665223245 2
0 0.585 0.185 0.006268664164 2
0 0.585 0.195 0.005848167085 2
0 0.585 0.205 0.005409299112 2
0 0.585 0.215 0.004957442509 2
0 0.585 0.225 0.004497881486 2
0 0.585 0.235 0.004039644981 2
0 0.585 0.245 0.003588680638 2
0 0.585 0.255 0.003149864414 2
0 0.585 0.265 0.002725954096 2
0 0.585 0.275 0.002319134346 2
0 0.585 0.285 0.001931584878 2
0 0.585 0.295 0.001566055105 2
0 0.585 0.305 0.001225655524 2
0 0.585 0.315 0.0009136849618 2
0 0.585 0.325 0.0006334974554 2
0 0.585 0.335 0.0003884940154 2
0 0.585 0.345 0.0001821224585 2
0 0.585 0.355 1.798618152e-05 2
0 0.585 0.365 -0.0001002184747 2
0 0.585 0.375 -0.0001686604745 2
0 0.585 0.385 -0.0001816688235 2
0 0.585 0.395 -0.0001440473246 2
0 0.585 0.405 0 2
0 0.585 0.415 0 2
0 0.585 0.425 0 2
0 0.585 0.435 0 2
0 0.585 0.445 0 2
0 0.585 0.455 0 2
0 0.585 0.465 0 2
0 0.595 -0.455 0 2
0 0.595 -0.445 0 2
0 0.595 -0.435 0 2
0 0.595 -0.425 0 2
0 0.595 -0.415 0 2
0 0.595 -0.405 0 2
0 0.595 -0.395 -5.435544033e-05 2
0 0.595 -0.385 -3.96401212e-05 2
0 0.595 -0.375 1.623027096e-05 2
0 0.595 -0.365 0.0001132670786 2
0 0.595 -0.355 0.0002476881189 2
0 0.595 -0.345 0.0004162745374 2
0 0.595 -0.335 0.0006160874239 2
0 0.595 -0.325 0.0008442451328 2
0 0.595 -0.315 0.001096564647 2
0 0.595 -0.305 0.001373034469 2
0 0.595 -0.295 0.001662198738 2
0 0.595 -0.285 0.001965725819 2
0 0.595 -0.275 0.002295436017 2
0 0.595 -0.265 0.002646195869 2
0 0.595 -0.255 0.003011078538 2
0 0.595 -0.245 0.003383887604 2
0 0.595 -0.235 0.003766937333 2
0 0.595 -0.225 0.004159893026 2
0 0.595 -0.215 0.004564183571 2
0 0.595 -0.205 0.004977859472 2
0 0.595 -0.195 0.005400009578 2
0 0.595 -0.185 0.005823666108 2
0 0.595 -0.175 0.006248947944 2
0 0.595 -0.165 0.006644460358 2
0 0.595 -0.155 0.007013960452 2
0 0.595 -0.145 0.007360398931 2
0 0.595 -0.135 0.007680176772 2
0 0.595 -0.125 0.007961446861 2
0 0.595 -0.115 0.008188619783 2
0 0.595 -0.105 0.00835227473 2
0 0.595 -0.095 0.00850890385 2
0 0.595 -0.085 0.008676921689 2
0 0.595 -0.075 0.008849009218 2
0 0.595 -0.065 0.009018040648 2
0 0.595 -0.055 0.009176527004 2
0 0.595 -0.045 0.009319494673 2
0 0.595 -0.035 0.009444448073 2
0 0.595 -0.025 0.009550422889 2
0 0.595 -0.015 0.009637822857 2
0 0.595 -0.005 0.009708002741 2
0 0.595 0.005 0.009762853119 2
0 0.595 0.015 0.009804202299 2
0 0.595 0.025 0.009830947576 2
0 0.595 0.035 0.009835327927 2
0 0.595 0.045 0.009797712446 2
0 0.595 0.055 0.009689419117 2
0 0.595 0.065 0.009504740317 2
0 0.595 0.075 0.00924751391 2
0 0.595 0.085 0.008931061163 2
0 0.595 0.095 0.008590384429 2
0 0.595 0.105 0.008251746874 2
0 0.595 0.115 0.007930569547 2
0 0.595 0.125 0.007632470997 2
0 0.595 0.135 0.007359906991 2
0 0.595 0.145 0.007102101701 2
0 0.595 0.155 0.006842746699 2
0 0.595 0.165 0.006559315925 2
0 0.595 0.175 0.006242249004 2
0 0.595 0.185 0.005891815677 2
0 0.595 0.195 0.005514094459 2
0 0.595 0.205 0.005116386792 2
0 0.595 0.215 0.004705713469 2
0 0.595 0.225 0.004288557496 2
0 0.595 0.235 0.003872051882 2
0 0.595 0.245 0.003461663201 2
0 0.595 0.255 0.003061756373 2
0 0.595 0.265 0.002675202674 2
0 0.595 0.275 0.00230425704 2
0 0.595 0.285 0.001950959237 2
0 0.595 0.295 0.001617546444 2
0 0.595 0.305 0.001306396396 2
0 0.595 0.315 0.001019993546 2
0 0.595 0.325 0.0007608543125 2
0 0.595 0.335 0.0005315079685 2
0 0.595 0.345 0.0003344767769 2
0 0.595 0.355 0.0001723542601 2
0 0.595 0.365 4.772110344e-05 2
0 0.595 0.375 -3.667525891e-05 2
0 0.595 0.385 -7.727149316e-05 2
0 0.595 0.395 -7.61109523e-05 2
0 0.595 0.405 0 2
0 0.595 0.415 0 2
0 0.595 0.425 0 2
0 0.595 0.435 0 2
0 0.595 0.445 0 2
0 0.595 0.455 0 2
0 0.595 0.465 0 2
0 0.605 -0.455 0 2
0 0.605 -0.445 0 2
0 0.605 -0.435 0 2
0 0.605 -0.425 0 2
0 0.605 -0.415 0 2
0 0.605 -0.405 0 2
0 0.605 -0.395 1.223949598e-05 2
0 0.605 -0.385 6.172497871e-05 2
0 0.605 -0.375 0.0001431329264 2
0 0.605 -0.365 0.0002540307596 2
0 0.605 -0.355 0.0003927838767 2
0 0.605 -0.345 0.0005572831937 2
0 0.605 -0.335 0.0007455920896 2
0 0.605 -0.325 0.0009558252311 2
0 0.605 -0.315 0.001185268543 2
0 0.605 -0.305 0.001431668494 2
0 0.605 -0.295 0.001691513628 2
0 0.605 -0.285 0.001966121837 2
0 0.605 -0.275 0.002259788524 2
0 0.605 -0.265 0.002571605106 2
0 0.605 -0.255 0.002898233934 2
0 0.605 -0.245 0.003235689386 2
0 0.605 -0.235 0.003582546914 2
0 0.605 -0.225 0.003938145903 2
0 0.605 -0.215 0.004302493689 2
0 0.605 -0.205 0.00467421798 2
0 0.605 -0.195 0.005050766887 2
0 0.605 -0.185 0.005426232151 2
0 0.605 -0.175 0.00579597213 2
0 0.605 -0.165 0.006148271204 2
0 0.605 -0.155 0.006480088198 2
0 0.605 -0.145 0.006788869599 2
0 0.605 -0.135 0.007070529976 2
0 0.605 -0.125 0.00731854732 2
0 0.605 -0.115 0.007527992334 2
0 0.605 -0.105 0.00770030388 2
0 0.605 -0.095 0.007856187978 2
0 0.605 -0.085 0.008009306875 2
0 0.605 -0.075 0.008161973691 2
0 0.605 -0.065 0.008311113844 2
0 0.605 -0.055 0.008451952384 2
0 0.605 -0.045 0.008580706423 2
0 0.605 -0.035 0.008694901579 2
0 0.605 -0.025 0.008793284041 2
0 0.605 -0.015 0.008875559665 2
0 0.605 -0.005 0.008941999245 2
0 0.605 0.005 0.008992863582 2
0 0.605 0.015 0.009027552501 2
0 0.605 0.025 0.009042763136 2
0 0.605 0.035 0.009030282234 2
0 0.605 0.045 0.008976015177 2
0 0.605 0.055 0.008862810493 2
0 0.605 0.065 0.008684249013 2
0 0.605 0.075 0.008443429596 2
0 0.605 0.085 0.008153597231 2
0 0.605 0.095 0.007840061777 2
0 0.605 0.105 0.00752576315 2
0 0.605 0.115 0.007230058471 2
0 0.605 0.125 0.00696001418 2
0 0.605 0.135 0.006727632286 2
0 0.605 0.145 0.006520259205 2
0 0.605 0.155 0.006317496627 2
0 0.605 0.165 0.006088081225 2
0 0.605 0.175 0.005818662912 2
0 0.605 0.185 0.005511259871 2
0 0.605 0.195 0.005174127149 2
0 0.605 0.205 0.004816602684 2
0 0.605 0.215 0.004446788433 2
0 0.605 0.225 0.004071483104 2
0 0.605 0.235 0.003696756626 2
0 0.605 0.245 0.003327402774 2
0 0.605 0.255 0.002967199762 2
0 0.605 0.265 0.00261890214 2
0 0.605 0.275 0.002284657406 2
0 0.605 0.285 0.001966281697 2
0 0.605 0.295 0.001665514609 2
0 0.605 0.305 0.001384087658 2
0 0.605 0.315 0.001123734027 2
0 0.605 0.325 0.0008861524893 2
0 0.605 0.335 0.0006729906861 2
0 0.605 0.345 0.0004858209868 2
0 0.605 0.355 0.0003261964411 2
0 0.605 0.365 0.0001955500181 2
0 0.605 0.375 9.550916596e-05 2
0 0.605 0.385 2.748801071e-05 2
0 0.605 0.395 -7.815779998e-06 2
0 0.605 0.405 0 2
0 0.605 0.415 0 2
0 0.605 0.425 0 2
0 0.605 0.435 0 2
0 0.605 0.445 0 2
0 0.605 0.455 0 2
0 0.605 0.465 0 2
0 0.615 -0.455 0 2
0 0.615 -0.445 0 2
0 0.615 -0.435 0 2
0 0.615 -0.425 0 2
0 0.615 -0.415 0 2
0 0.615 -0.405 0 2
0 0.615 -0.395 7.880364833e-05 2
0 0.615 -0.385 0.0001629200945 2
0 0.615 -0.375 0.0002695827841 2
0 0.615 -0.365 0.0003938909295 2
0 0.615 -0.355 0.0005364153785 2
0 0.615 -0.345 0.0006962284076 2
0 0.615 -0.335 0.0008726036203 2
0 0.615 -0.325 0.001064627598 2
0 0.615 -0.315 0.001270978324 2
0 0.615 -0.305 0.001490525818 2
0 0.615 -0.295 0.001722151374 2
0 0.615 -0.285 0.001966745869 2
0 0.615 -0.275 0.002226322851 2
0 0.615 -0.265 0.002500772966 2
0 0.615 -0.255 0.002788451278 2
0 0.615 -0.245 0.003086949435 2
0 0.615 -0.235 0.003394651896 2
0 0.615 -0.225 0.003710356354 2
0 0.615 -0.215 0.004033208746 2
0 0.615 -0.205 0.004361663177 2
0 0.615 -0.195 0.004693288519 2
0 0.615 -0.185 0.00502369756 2
0 0.615 -0.175 0.005348052599 2
0 0.615 -0.165 0.005659035973 2
0 0.615 -0.155 0.0059524559 2
0 0.615 -0.145 0.006224773357 2
0 0.615 -0.135 0.006472408101 2
0 0.615 -0.125 0.006691575542 2
0 0.615 -0.115 0.006880911281 2
0 0.615 -0.105 0.007043685389 2
0 0.615 -0.095 0.007191051006 2
0 0.615 -0.085 0.007331458708 2
0 0.615 -0.075 0.007468024905 2
0 0.615 -0.065 0.007599980186 2
0 0.615 -0.055 0.007724787118 2
0 0.615 -0.045 0.007839851049 2
0 0.615 -0.035 0.007943092978 2
0 0.615 -0.025 0.008033134633 2
0 0.615 -0.015 0.008109137202 2
0 0.615 -0.005 0.008170456715 2
0 0.615 0.005 0.008216073326 2
0 0.615 0.015 0.008243752292 2
0 0.615 0.025 0.00824894837 2
0 0.615 0.035 0.008223930914 2
0 0.615 0.045 0.008158213127 2
0 0.615 0.055 0.008041070821 2
0 0.615 0.065 0.007867579137 2
0 0.615 0.075 0.007640194257 2
0 0.615 0.085 0.00737042208 2
0 0.615 0.095 0.007079424694 2
0 0.615 0.105 0.006786443539 2
0 0.615 0.115 0.006511389343 2
0 0.615 0.125 0.00625374158 2
0 0.615 0.135 0.006064888455 2
0 0.615 0.145 0.005922691652 2
0 0.615 0.155 0.00579891659 2
0 0.615 0.165 0.005629321179 2
0 0.615 0.175 0.005402896842 2
0 0.615 0.185 0.005133428538 2
0 0.615 0.195 0.004832987516 2
0 0.615 0.205 0.004513102687 2
0 0.615 0.215 0.004182578789 2
0 0.615 0.225 0.003847850847 2
0 0.615 0.235 0.003514208295 2
0 0.615 0.245 0.003185715204 2
0 0.615 0.255 0.002865551168 2
0 0.615 0.265 0.00255609165 2
0 0.615 0.275 0.002259160544 2
0 0.615 0.285 0.001976217603 2
0 0.615 0.295 0.001708525265 2
0 0.615 0.305 0.001457217912 2
0 0.615 0.315 0.001223323353 2
0 0.615 0.325 0.001007748067 2
0 0.615 0.335 0.0008112644163 2
0 0.615 0.345 0.0006344876253 2
0 0.615 0.355 0.0004779139276 2
0 0.615 0.365 0.0003418061626 2
0 0.615 0.375 0.0002266417188 2
0 0.615 0.385 0.0001316573631 2
0 0.615 0.395 6.024153032e-05 2
0 0.615 0.405 0 2
0 0.615 0.415 0 2
0 0.615 0.425 0 2
0 0.615 0.435 0 2
0 0.615 0.445 0 2
0 0.615 0.455 0 2
0 0.615 0.465 0 2
0 0.625 -0.455 0 2
0 0.625 -0.445 0 2
0 0.625 -0.435 0 2
0 0.625 -0.425 0 2
0 0.625 -0.415 0 2
0 0.625 -0.405 0 2
0 0.625 -0.395 0.0001446538745 2
0 0.625 -0.385 0.0002628402885 2
0 0.625 -0.375 0.0003941492708 2
0 0.625 -0.365 0.0005312530477 2
0 0.625 -0.355 0.0006769659527 2
0 0.625 -0.345 0.0008316033146 2
0 0.625 -0.335 0.0009957218571 2
0 0.625 -0.325 0.001169530922 2
0 0.625 -0.315 0.001353003003 2
0 0.625 -0.305 0.001546169718 2
0 0.625 -0.295 0.001749237536 2
0 0.625 -0.285 0.001963128336 2
0 0.625 -0.275 0.002188992349 2
0 0.625 -0.265 0.002426996381 2
0 0.625 -0.255 0.002676321889 2
0 0.625 -0.245 0.002935518899 2
0 0.625 -0.235 0.003203192362 2
0 0.625 -0.225 0.003478037936 2
0 0.625 -0.215 0.003758790441 2
0 0.625 -0.205 0.004043738196 2
0 0.625 -0.195 0.004330495313 2
0 0.625 -0.185 0.004615587431 2
0 0.625 -0.175 0.00489497902 2
0 0.625 -0.165 0.005163796129 2
0 0.625 -0.155 0.005418168399 2
0 0.625 -0.145 0.005654739885 2
0 0.625 -0.135 0.005870676576 2
0 0.625 -0.125 0.006063903732 2
0 0.625 -0.115 0.006234358633 2
0 0.625 -0.105 0.006384826671 2
0 0.625 -0.095 0.006521336289 2
0 0.625 -0.085 0.006649205404 2
0 0.625 -0.075 0.006771281977 2
0 0.625 -0.065 0.006887988667 2
0 0.625 -0.055 0.006998221948 2
0 0.625 -0.045 0.007100330366 2
0 0.625 -0.035 0.007192692048 2
0 0.625 -0.025 0.007273938894 2
0 0.625 -0.015 0.007342879004 2
0 0.625 -0.005 0.00739821852 2
0 0.625 0.005 0.007438096042 2
0 0.625 0.015 0.007459466747 2
0 0.625 0.025 0.00745748808 2
0 0.625 0.035 0.007425222971 2
0 0.625 0.045 0.007354242703 2
0 0.625 0.055 0.007236461179 2
0 0.625 0.065 0.007067681926 2
0 0.625 0.075 0.006849857053 2
0 0.625 0.085 0.006590398809 2
0 0.625 0.095 0.006306079945 2
0 0.625 0.105 0.006023649357 2
0 0.625 0.115 0.005797839228 2
0 0.625 0.125 0.005591099291 2
0 0.625 0.135 0.005455551406 2
0 0.625 0.145 0.005358685148 2
0 0.625 0.155 0.005292170585 2
0 0.625 0.165 0.005181295798 2
0 0.625 0.175 0.004993845919 2
0 0.625 0.185 0.00475552808 2
0 0.625 0.195 0.004488341802 2
0 0.625 0.205 0.004204044193 2
0 0.625 0.215 0.003911752223 2
0 0.625 0.225 0.003616947072 2
0 0.625 0.235 0.003324062797 2
0 0.625 0.245 0.003036367667 2
0 0.625 0.255 0.002756401404 2
0 0.625 0.265 0.002486058507 2
0 0.625 0.275 0.002226753357 2
0 0.625 0.285 0.001979534793 2
0 0.625 0.295 0.001745184277 2
0 0.625 0.305 0.00152426391 2
0 0.625 0.315 0.001317131738 2
0 0.625 0.325 0.001123931917 2
0 0.625 0.335 0.0009445793197 2
0 0.625 0.345 0.0007787374098 2
0 0.625 0.355 0.0006258401135 2
0 0.625 0.365 0.0004849670166 2
0 0.625 0.375 0.0003554213842 2
0 0.625 0.385 0.0002342479249 2
0 0.625 0.395 0.0001274428617 2
0 0.625 0.405 0 2
0 0.625 0.415 0 2
0 0.625 0.425 0 2
0 0.625 0.435 0 2
0 0.625 0.445 0 2
0 0.625 0.455 0 2
0 0.625 0.465 0 2
0 0.635 -0.455 0 2
0 0.635 -0.445 0 2
0 0.635 -0.435 0 2
0 0.635 -0.425 0 2
0 0.635 -0.415 0 2
0 0.635 -0.405 0 2
0 0.635 -0.395 0.0002091275445 2
0 0.635 -0.385 0.000360410359 2
0 0.635 -0.375 0.0005154209815 2
0 0.635 -0.365 0.0006645008868 2
0 0.635 -0.355 0.0008127250867 2
0 0.635 -0.345 0.0009617030833 2
0 0.635 -0.335 0.001113310919 2
0 0.635 -0.325 0.001268986231 2
0 0.635 -0.315 0.001429900506 2
0 0.635 -0.305 0.001597105996 2
0 0.635 -0.295 0.001771629964 2
0 0.635 -0.285 0.001954610106 2
0 0.635 -0.275 0.002147035926 2
0 0.635 -0.265 0.002349253353 2
0 0.635 -0.255 0.00256089815 2
0 0.635 -0.245 0.00278105926 2
0 0.635 -0.235 0.003008615337 2
0 0.635 -0.225 0.003242347385 2
0 0.635 -0.215 0.003480942237 2
0 0.635 -0.205 0.003722775554 2
0 0.635 -0.195 0.003965756045 2
0 0.635 -0.185 0.004207144631 2
0 0.635 -0.175 0.004443759068 2
0 0.635 -0.165 0.004672041022 2
0 0.635 -0.155 0.004888786071 2
0 0.635 -0.145 0.005091193834 2
0 0.635 -0.135 0.005277083818 2
0 0.635 -0.125 0.005445189191 2
0 0.635 -0.115 0.005595757608 2
0 0.635 -0.105 0.005730809466 2
0 0.635 -0.095 0.005853928702 2
0 0.635 -0.085 0.005968536019 2
0 0.635 -0.075 0.006076837804 2
0 0.635 -0.065 0.006179576966 2
0 0.635 -0.055 0.006276373783 2
0 0.635 -0.045 0.006366234938 2
0 0.635 -0.035 0.006447938016 2
0 0.635 -0.025 0.006520210023 2
0 0.635 -0.015 0.006581692346 2
0 0.635 -0.005 0.006630732164 2
0 0.635 0.005 0.006665033454 2
0 0.635 0.015 0.006681229004 2
0 0.635 0.025 0.006674540358 2
0 0.635 0.035 0.006638670663 2
0 0.635 0.045 0.006566354689 2
0 0.635 0.055 0.006450542991 2
0 0.635 0.065 0.006286585269 2
0 0.635 0.075 0.006072549098 2
0 0.635 0.085 0.005815922396 2
0 0.635 0.095 0.005542178574 2
0 0.635 0.105 0.005298961165 2
0 0.635 0.115 0.005148375445 2
0 0.635 0.125 0.005019586554 1
0 0.635 0.135 0.00493081886 1
0 0.635 0.145 0.004859407367 1
0 0.635 0.155 0.004810375821 2
0 0.635 0.165 0.004748330404 2
0 0.635 0.175 0.004589949252 2
0 0.635 0.185 0.0043754095 2
0 0.635 0.195 0.004139198389 2
0 0.635 0.205 0.003889360377 2
0 0.635 0.215 0.003634632682 2
0 0.635 0.225 0.003379274409 2
0 0.635 0.235 0.003126780086 2
0 0.635 0.245 0.002879619954 2
0 0.635 0.255 0.002639696702 2
0 0.635 0.265 0.002408396255 2
0 0.635 0.275 0.002186689471 2
0 0.635 0.285 0.001975189996 2
0 0.635 0.295 0.001774201237 2
0 0.635 0.305 0.00158373603 2
0 0.635 0.315 0.001403515443 2
0 0.635 0.325 0.001232952233 2
0 0.635 0.335 0.001071127284 2
0 0.635 0.345 0.000916765988 2
0 0.635 0.355 0.0007682432219 2
0 0.635 0.365 0.0006234502302 2
0 0.635 0.375 0.0004804970605 2
0 0.635 0.385 0.0003342345911 2
0 0.635 0.395 0.0001931487072 2
0 0.635 0.405 0 2
0 0.635 0.415 0 2
0 0.635 0.425 0 2
0 0.635 0.435 0 2
0 0.635 0.445 0 2
0 0.635 0.455 0 2
0 0.635 0.465 0 2
0 0.645 -0.455 0 2
0 0.645 -0.445 0 2
0 0.645 -0.435 0 2
0 0.645 -0.425 0 2
0 0.645 -0.415 0 2
0 0.645 -0.405 0 2
0 0.645 -0.395 0.0002715560956 2
0 0.645 -0.385 0.0004545411181 2
0 0.645 -0.375 0.0006319512067 2
0 0.645 -0.365 0.0007919407818 2
0 0.645 -0.355 0.0009418416791 2
0 0.645 -0.345 0.001084589729 2
0 0.645 -0.335 0.001223390638 2
0 0.645 -0.325 0.001360900905 2
0 0.645 -0.315 0.001499400789 2
0 0.645 -0.305 0.001640867864 2
0 0.645 -0.295 0.001787017429 2
0 0.645 -0.285 0.001939320427 2
0 0.645 -0.275 0.0020988678 2
0 0.645 -0.265 0.002266170235 2
0 0.645 -0.255 0.002441129333 2
0 0.645 -0.245 0.002623145602 2
0 0.645 -0.235 0.002811318521 2
0 0.645 -0.225 0.003004572246 2
0 0.645 -0.215 0.003201704931 2
0 0.645 -0.205 0.003401318406 2
0 0.645 -0.195 0.003601734405 2
0 0.645 -0.185 0.003800901897 2
0 0.645 -0.175 0.003996460197 2
0 0.645 -0.165 0.004185824189 2
0 0.645 -0.155 0.004366513654 2
0 0.645 -0.145 0.004536323843 2
0 0.645 -0.135 0.004693566123 2
0 0.645 -0.125 0.00483732619 2
0 0.645 -0.115 0.004967765837 2
0 0.645 -0.105 0.005086182084 2
0 0.645 -0.095 0.005194739697 2
0 0.645 -0.085 0.005295637432 2
0 0.645 -0.075 0.005390475859 2
0 0.645 -0.065 0.005479994215 2
0 0.645 -0.055 0.005564150624 2
0 0.645 -0.045 0.00564235392 2
0 0.645 -0.035 0.00571368141 2
0 0.645 -0.025 0.005776993658 2
0 0.645 -0.015 0.005830911914 2
0 0.645 -0.005 0.005873668883 2
0 0.645 0.005 0.005902853978 2
0 0.645 0.015 0.005915112088 2
0 0.645 0.025 0.005905899248 2
0 0.645 0.035 0.00586927375 2
0 0.645 0.045 0.005798543245 2
0 0.645 0.055 0.00568642915 2
0 0.645 0.065 0.005524100712 2
0 0.645 0.075 0.005308388839 2
0 0.645 0.085 0.005049367579 2
0 0.645 0.095 0.00481941727 2
0 0.645 0.105 0.004666048537 1
0 0.645 0.115 0.004585810849 1
0 0.645 0.125 0.004550570411 1
0 0.645 0.135 0.004501860858 1
0 0.645 0.145 0.004451243714 1
0 0.645 0.155 0.004381386261 1
0 0.645 0.165 0.004330105869 2
0 0.645 0.175 0.004186588551 2
0 0.645 0.185 0.0039930544 2
0 0.645 0.195 0.003785827542 2
0 0.645 0.205 0.003569857752 2
0 0.645 0.215 0.003352222364 2
0 0.645 0.225 0.0031358497 2
0 0.645 0.235 0.002923228033 2
0 0.645 0.245 0.002716074526 2
0 0.645 0.255 0.002515687989 2
0 0.645 0.265 0.002322964344 2
0 0.645 0.275 0.002138438581 2
0 0.645 0.285 0.001962297221 2
0 0.645 0.295 0.001794383649 2
0 0.645 0.305 0.001634189243 2
0 0.645 0.315 0.001480831814 2
0 0.645 0.325 0.001333026361 2
0 0.645 0.335 0.001189048499 2
0 0.645 0.345 0.001046706144 2
0 0.645 0.355 0.0009033256047 2
0 0.645 0.365 0.0007556114674 2
0 0.645 0.375 0.0006004651643 2
0 0.645 0.385 0.0004305539945 2
0 0.645 0.395 0.0002566972655 2
0 0.645 0.405 0 2
0 0.645 0.415 0 2
0 0.645 0.425 0 2
0 0.645 0.435 0 2
0 0.645 0.445 0 2
0 0.645 0.455 0 2
0 0.645 0.465 0 2
0 0.655 -0.455 0 2
0 0.655 -0.445 0 2
0 0.655 -0.435 0 2
0 0.655 -0.425 0 2
0 0.655 -0.415 0 2
0 0.655 -0.405 0 2
0 0.655 -0.395 0.0003312461899 2
0 0.655 -0.385 0.0005441000911 2
0 0.655 -0.375 0.0007422250903 2
0 0.655 -0.365 0.0009117764531 2
0 0.655 -0.355 0.001062320333 2
0 0.655 -0.345 0.001198133957 2
0 0.655 -0.335 0.001323744388 2
0 0.655 -0.325 0.001443002282 2
0 0.655 -0.315 0.001559235886 2
0 0.655 -0.305 0.001675287913 2
0 0.655 -0.295 0.001793515882 2
0 0.655 -0.285 0.001915781111 2
0 0.655 -0.275 0.002043381001 2
0 0.655 -0.265 0.002176981771 2
0 0.655 -0.255 0.002316641028 2
0 0.655 -0.245 0.002461919743 2
0 0.655 -0.235 0.002612054387 2
0 0.655 -0.225 0.00276610856 2
0 0.655 -0.215 0.002923072352 2
0 0.655 -0.205 0.003081875282 2
0 0.655 -0.195 0.003241343334 2
0 0.655 -0.185 0.003400116899 2
0 0.655 -0.175 0.003556619039 2
0 0.655 -0.165 0.003709070325 2
0 0.655 -0.155 0.0038556375 2
0 0.655 -0.145 0.003994600691 2
0 0.655 -0.135 0.004124581462 2
0 0.655 -0.125 0.004244771683 2
0 0.655 -0.115 0.004355119953 2
0 0.655 -0.105 0.00445634098 2
0 0.655 -0.095 0.004549709891 2
0 0.655 -0.085 0.00463661296 2
0 0.655 -0.075 0.004718153812 2
0 0.655 -0.065 0.004794933661 2
0 0.655 -0.055 0.00486702448 2
0 0.655 -0.045 0.00493405358 2
0 0.655 -0.035 0.004995308333 2
0 0.655 -0.025 0.005049794927 2
0 0.655 -0.015 0.005096215142 2
0 0.655 -0.005 0.005132861018 2
0 0.655 0.005 0.00515742204 2
0 0.655 0.015 0.005166769799 2
0 0.655 0.025 0.005156666944 2
0 0.655 0.035 0.005121476508 2
0 0.655 0.045 0.005054400358 2
0 0.655 0.055 0.004946786577 2
0 0.655 0.065 0.004791513896 2
0 0.655 0.075 0.004581458312 2
0 0.655 0.085 0.004333803764 2
0 0.655 0.095 0.004191069828 1
0 0.655 0.105 0.004161820133 1
0 0.655 0.115 0.004135469319 1
0 0.655 0.125 0.004131062631 1
0 0.655 0.135 0.004112714126 1
0 0.655 0.145 0.004082794889 1
0 0.655 0.155 0.004026109677 1
0 0.655 0.165 0.003938966115 2
0 0.655 0.175 0.003791247916 2
0 0.655 0.185 0.003612245132 2
0 0.655 0.195 0.003431416394 2
0 0.655 0.205 0.003248318008 2
0 0.655 0.215 0.003066891143 2
0 0.655 0.225 0.002888630116 2
0 0.655 0.235 0.002714926059 2
0 0.655 0.245 0.002546788902 2
0 0.655 0.255 0.002384956567 2
0 0.655 0.265 0.002229871755 2
0 0.655 0.275 0.002081661011 2
0 0.655 0.285 0.001940108606 2
0 0.655 0.295 0.001804626533 2
0 0.655 0.305 0.001674218815 2
0 0.655 0.315 0.0015474381 2
0 0.655 0.325 0.001422339935 2
0 0.655 0.335 0.001296429189 2
0 0.655 0.345 0.00116662359 2
0 0.655 0.355 0.001029218048 2
0 0.655 0.365 0.0008797382252 2
0 0.655 0.375 0.000713864055 2
0 0.655 0.385 0.0005221004511 2
0 0.655 0.395 0.0003174022319 2
0 0.655 0.405 0 2
0 0.655 0.415 0 2
0 0.655 0.425 0 2
0 0.655 0.435 0 2
0 0.655 0.445 0 2
0 0.655 0.455 0 2
0 0.655 0.465 0 2
0 0.665 -0.455 0 2
0 0.665 -0.445 0 2
0 0.665 -0.435 0 2
0 0.665 -0.425 0 2
0 0.665 -0.415 0 2
0 0.665 -0.405 0 2
0 0.665 -0.395 0.0003874674061 2
0 0.665 -0.385 0.0006278932882 2
0 0.665 -0.375 0.0008446413819 2
0 0.665 -0.365 0.001022099721 2
0 0.665 -0.355 0.001172027381 2
0 0.665 -0.345 0.001300044567 2
0 0.665 -0.335 0.001411978238 2
0 0.665 -0.325 0.001512845574 2
0 0.665 -0.315 0.001606987213 2
0 0.665 -0.305 0.001698084469 2
0 0.665 -0.295 0.001789127576 2
0 0.665 -0.285 0.001882394236 2
0 0.665 -0.275 0.001979417318 2
0 0.665 -0.265 0.002080986946 2
0 0.665 -0.255 0.002187223103 2
0 0.665 -0.245 0.002297721678 2
0 0.665 -0.235 0.002411753287 2
0 0.665 -0.225 0.002528466397 2
0 0.665 -0.215 0.002647051886 2
0 0.665 -0.205 0.002766822269 2
0 0.665 -0.195 0.002887188179 2
0 0.665 -0.185 0.003007534364 2
0 0.665 -0.175 0.00312707882 2
0 0.665 -0.165 0.003244774879 2
0 0.665 -0.155 0.003359339588 2
0 0.665 -0.145 0.003469396956 2
0 0.665 -0.135 0.003573710324 2
0 0.665 -0.125 0.003671421158 2
0 0.665 -0.115 0.00376221446 2
0 0.665 -0.105 0.003846337283 2
0 0.665 -0.095 0.003924459352 2
0 0.665 -0.085 0.003997403999 2
0 0.665 -0.075 0.004065886409 2
0 0.665 -0.065 0.004130337313 2
0 0.665 -0.055 0.004190835915 2
0 0.665 -0.045 0.004247119391 2
0 0.665 -0.035 0.004298619789 2
0 0.665 -0.025 0.004344485619 2
0 0.665 -0.015 0.004383557656 2
0 0.665 -0.005 0.004414296725 2
0 0.665 0.005 0.004434631914 2
0 0.665 0.015 0.004441815563 2
0 0.665 0.025 0.00443200935 2
0 0.665 0.035 0.004400215139 2
0 0.665 0.045 0.004338959336 2
0 0.665 0.055 0.004235776933 2
0 0.665 0.065 0.004080719559 2
0 0.665 0.075 0.003880217095 2
0 0.665 0.085 0.003707083291 1
0 0.665 0.095 0.00369558669 1
0 0.665 0.105 0.003715346596 1
0 0.665 0.115 0.003723708788 1
0 0.665 0.125 0.003729208352 1
0 0.665 0.135 0.00372448392 1
0 0.665 0.145 0.003715992784 1
0 0.665 0.155 0.00368194382 1
0 0.665 0.165 0.003570102496 2
0 0.665 0.175 0.003410661771 2
0 0.665 0.185 0.003237848511 2
0 0.665 0.195 0.003080664673 2
0 0.665 0.205 0.002928701178 2
0 0.665 0.215 0.002781903257 2
0 0.665 0.225 0.002640204115 2
0 0.665 0.235 0.002503839619 2
0 0.665 0.245 0.002373139366 2
0 0.665 0.255 0.002248319395 2
0 0.665 0.265 0.002129406414 2
0 0.665 0.275 0.002016152163 2
0 0.665 0.285 0.001907971721 2
0 0.665 0.295 0.001803881869 2
0 0.665 0.305 0.001702439928 2
0 0.665 0.315 0.001601677602 2
0 0.665 0.325 0.001499035958 2
0 0.665 0.335 0.001391291132 2
0 0.665 0.345 0.001274505864 2
0 0.665 0.355 0.001143968166 2
0 0.665 0.365 0.0009940386018 2
0 0.665 0.375 0.0008191643504 2
0 0.665 0.385 0.0006077189569 2
0 0.665 0.395 0.0003745488872 2
0 0.665 0.405 0 2
0 0.665 0.415 0 2
0 0.665 0.425 0 2
0 0.665 0.435 0 2
0 0.665 0.445 0 2
0 0.665 0.455 0 2
0 0.665 0.465 0 2
0 0.675 -0.455 0 2
0 0.675 -0.445 0 2
0 0.675 -0.435 0 2
0 0.675 -0.425 0 2
0 0.675 -0.415 0 2
0 0.675 -0.405 0 2
0 0.675 -0.395 0.0004394427539 2
0 0.675 -0.385 0.0007046519301 2
0 0.675 -0.375 0.0009375010421 2
0 0.675 -0.365 0.001120889176 2
0 0.675 -0.355 0.001268706952 2
0 0.675 -0.345 0.001387908024 2
0 0.675 -0.335 0.001485588445 2
0 0.675 -0.325 0.001567905812 2
0 0.675 -0.315 0.001640194927 2
0 0.675 -0.305 0.001706970627 2
0 0.675 -0.295 0.001771860771 2
0 0.675 -0.285 0.001837568166 2
0 0.675 -0.275 0.001905852557 2
0 0.675 -0.265 0.001977573925 2
0 0.675 -0.255 0.00205281304 2
0 0.675 -0.245 0.00213106752 2
0 0.675 -0.235 0.00221150906 2
0 0.675 -0.225 0.00229326759 2
0 0.675 -0.215 0.002375690408 2
0 0.675 -0.205 0.002458502791 2
0 0.675 -0.195 0.002541798315 2
0 0.675 -0.185 0.002625817628 2
0 0.675 -0.175 0.002710648082 2
0 0.675 -0.165 0.002795958652 2
0 0.675 -0.155 0.002880910796 2
0 0.675 -0.145 0.002964301055 2
0 0.675 -0.135 0.003044854085 2
0 0.675 -0.125 0.003121532513 2
0 0.675 -0.115 0.00319373333 2
0 0.675 -0.105 0.003261328748 2
0 0.675 -0.095 0.003324564628 2
0 0.675 -0.085 0.003383872378 2
0 0.675 -0.075 0.003439675925 2
0 0.675 -0.065 0.003492247024 2
0 0.675 -0.055 0.003541627222 2
0 0.675 -0.045 0.003587602904 2
0 0.675 -0.035 0.003629706482 2
0 0.675 -0.025 0.003667217755 2
0 0.675 -0.015 0.003699142247 2
0 0.675 -0.005 0.003724166116 2
0 0.675 0.005 0.003740539365 2
0 0.675 0.015 0.003745998233 2
0 0.675 0.025 0.003737262046 2
0 0.675 0.035 0.003710294951 2
0 0.675 0.045 0.003657223428 2
0 0.675 0.055 0.003568320205 2
0 0.675 0.065 0.003424506778 2
0 0.675 0.075 0.003249997926 2
0 0.675 0.085 0.0032148752 1
0 0.675 0.095 0.003252400613 1
0 0.675 0.105 0.003288579105 1
0 0.675 0.115 0.00331678721 1
0 0.675 0.125 0.003338233091 1
0 0.675 0.135 0.003355177564 1
0 0.675 0.145 0.003367813129 1
0 0.675 0.155 0.003346948977 1
0 0.675 0.165 0.003203972124 2
0 0.675 0.175 0.003033831847 2
0 0.675 0.185 0.002873092542 2
0 0.675 0.195 0.002738022268 2
0 0.675 0.205 0.002615168443 2
0 0.675 0.215 0.002500839002 2
0 0.675 0.225 0.002393437219 2
0 0.675 0.235 0.002292149733 2
0 0.675 0.245 0.002196664552 2
0 0.675 0.255 0.002106716736 2
0 0.675 0.265 0.002021950955 2
0 0.675 0.275 0.001941778412 2
0 0.675 0.285 0.001865281517 2
0 0.675 0.295 0.001791123365 2
0 0.675 0.305 0.001717461831 2
0 0.675 0.315 0.001641859691 2
0 0.675 0.325 0.00156119757 2
0 0.675 0.335 0.001471574962 2
0 0.675 0.345 0.001368245111 2
0 0.675 0.355 0.001245522808 2
0 0.675 0.365 0.001096624463 2
0 0.675 0.375 0.000914754434 2
0 0.675 0.385 0.0006861946611 2
0 0.675 0.395 0.00042738816 2
0 0.675 0.405 0 2
0 0.675 0.415 0 2
0 0.675 0.425 0 2
0 0.675 0.435 0 2
0 0.675 0.445 0 2
0 0.675 0.455 0 2
0 0.675 0.465 0 2
0 0.685 -0.455 0 2
0 0.685 -0.445 0 2
0 0.685 -0.435 0 2
0 0.685 -0.425 0 2
0 0.685 -0.415 0 2
0 0.685 -0.405 0 2
0 0.685 -0.395 0.0004863379614 2
0 0.685 -0.385 0.0007730174856 2
0 0.685 -0.375 0.001018993812 2
0 0.685 -0.365 0.001206005786 2
0 0.685 -0.355 0.001349990969 2
0 0.685 -0.345 0.001459211435 2
0 0.685 -0.335 0.00154198664 2
0 0.685 -0.325 0.001605586299 2
0 0.685 -0.315 0.001656335459 2
0 0.685 -0.305 0.001699598216 2
0 0.685 -0.295 0.001739659419 2
0 0.685 -0.285 0.001779648263 2
0 0.685 -0.275 0.001821519709 2
0 0.685 -0.265 0.001866126331 2
0 0.685 -0.255 0.001913389325 2
0 0.685 -0.245 0.001962552504 2
0 0.685 -0.235 0.002012514837 2
0 0.685 -0.225 0.002062224642 2
0 0.685 -0.215 0.002111079168 2
0 0.685 -0.205 0.002159222661 2
0 0.685 -0.195 0.002207576528 2
0 0.685 -0.185 0.002257436503 2
0 0.685 -0.175 0.002309925291 2
0 0.685 -0.165 0.002365465202 2
0 0.685 -0.155 0.00242353606 2
0 0.685 -0.145 0.002482881014 2
0 0.685 -0.135 0.002541963038 2
0 0.685 -0.125 0.002599435708 2
0 0.685 -0.115 0.002654395484 2
0 0.685 -0.105 0.00270642644 2
0 0.685 -0.095 0.00275549008 2
0 0.685 -0.085 0.002801757586 2
0 0.685 -0.075 0.002845446982 2
0 0.685 -0.065 0.002886700817 2
0 0.685 -0.055 0.002925511551 2
0 0.685 -0.045 0.002961684991 2
0 0.685 -0.035 0.002994825978 2
0 0.685 -0.025 0.003024331614 2
0 0.685 -0.015 0.003049376407 2
0 0.685 -0.005 0.003068891407 2
0 0.685 0.005 0.003081487767 2
0 0.685 0.015 0.003085439435 2
0 0.685 0.025 0.003078219449 2
0 0.685 0.035 0.003056900391 2
0 0.685 0.045 0.003014791583 2
0 0.685 0.055 0.002945036832 2
0 0.685 0.065 0.002835872379 2
0 0.685 0.075 0.00271842497 1
0 0.685 0.085 0.002769266928 1
0 0.685 0.095 0.002831485397 1
0 0.685 0.105 0.002883288193 1
0 0.685 0.115 0.002927668788 1
0 0.685 0.125 0.002964810771 1
0 0.685 0.135 0.002997105551 1
0 0.685 0.145 0.003023280483 1
0 0.685 0.155 0.00301179512 1
0 0.685 0.165 0.002834606795 2
0 0.685 0.175 0.002662801058 2
0 0.685 0.185 0.002519992089 2
0 0.685 0.195 0.002407270709 2
0 0.685 0.205 0.002311514076 2
0 0.685 0.215 0.002227039154 2
0 0.685 0.225 0.002151059708 2
0 0.685 0.235 0.002081962615 2
0 0.685 0.245 0.002018865138 2
0 0.685 0.255 0.001961073398 2
0 0.685 0.265 0.001907885425 2
0 0.685 0.275 0.001858407875 2
0 0.685 0.285 0.001811430613 2
0 0.685 0.295 0.001765310372 2
0 0.685 0.305 0.001717860772 2
0 0.685 0.315 0.001666237747 2
0 0.685 0.325 0.001606827638 2
0 0.685 0.335 0.001535119029 2
0 0.685 0.345 0.001445615181 2
0 0.685 0.355 0.001331703843 2
0 0.685 0.365 0.001185487676 2
0 0.685 0.375 0.0009989195986 2
0 0.685 0.385 0.0007562375025 2
0 0.685 0.395 0.0004751278537 2
0 0.685 0.405 0 2
0 0.685 0.415 0 2
0 0.685 0.425 0 2
0 0.685 0.435 0 2
0 0.685 0.445 0 2
0 0.685 0.455 0 2
0 0.685 0.465 0 2
0 0.695 -0.455 0 2
0 0.695 -0.445 0 2
0 0.695 -0.435 0 2
0 0.695 -0.425 0 2
0 0.695 -0.415 0 2
0 0.695 -0.405 0 2
0 0.695 -0.395 0.0005272468071 2
0 0.695 -0.385 0.0008315206438 2
0 0.695 -0.375 0.001087177563 2
0 0.695 -0.365 0.001275181351 2
0 0.695 -0.355 0.001413402667 2
0 0.695 -0.345 0.001511360899 2
0 0.695 -0.335 0.00157852536 2
0 0.695 -0.325 0.001623239043 2
0 0.695 -0.315 0.001652828992 2
0 0.695 -0.305 0.00167355273 2
0 0.695 -0.295 0.001690395231 2
0 0.695 -0.285 0.001706910374 2
0 0.695 -0.275 0.0017251956 2
0 0.695 -0.265 0.001745992934 2
0 0.695 -0.255 0.001768925765 2
0 0.695 -0.245 0.001792808135 2
0 0.695 -0.235 0.001816046053 2
0 0.695 -0.225 0.001837160792 2
0 0.695 -0.215 0.001855389457 2
0 0.695 -0.205 0.001871256409 2
0 0.695 -0.195 0.001886753934 2
0 0.695 -0.185 0.00190458054 2
0 0.695 -0.175 0.001927214228 2
0 0.695 -0.165 0.001955943781 2
0 0.695 -0.155 0.001990370189 2
0 0.695 -0.145 0.002028822336 2
0 0.695 -0.135 0.002069173768 2
0 0.695 -0.125 0.002109627645 2
0 0.695 -0.115 0.002149004081 2
0 0.695 -0.105 0.002186721106 2
0 0.695 -0.095 0.002222597467 2
0 0.695 -0.085 0.002256659406 2
0 0.695 -0.075 0.002288991846 2
0 0.695 -0.065 0.002319641183 2
0 0.695 -0.055 0.002348554768 2
0 0.695 -0.045 0.002375545795 2
0 0.695 -0.035 0.002400275253 2
0 0.695 -0.025 0.002422244235 2
0 0.695 -0.015 0.002440789303 2
0 0.695 -0.005 0.002455084508 2
0 0.695 0.005 0.0024641162 2
0 0.695 0.015 0.002466713791 2
0 0.695 0.025 0.002461294475 2
0 0.695 0.035 0.002446182133 2
0 0.695 0.045 0.002417984502 2
0 0.695 0.055 0.00237017088 2
0 0.695 0.065 0.002310895545 2
0 0.695 0.075 0.002282823255 1
0 0.695 0.085 0.002350364646 1
0 0.695 0.095 0.002430560281 1
0 0.695 0.105 0.002499779735 1
0 0.695 0.115 0.002559197538 1
0 0.695 0.125 0.002612326737 1
0 0.695 0.135 0.002659690869 1
0 0.695 0.145 0.002690605145 1
0 0.695 0.155 0.002632775847 2
0 0.695 0.165 0.002462753201 2
0 0.695 0.175 0.002303993752 2
0 0.695 0.185 0.0021812185 2
0 0.695 0.195 0.002091569687 2
0 0.695 0.205 0.002020812466 2
0 0.695 0.215 0.001963235973 2
0 0.695 0.225 0.001915366813 2
0 0.695 0.235 0.001875084657 2
0 0.695 0.245 0.001841042173 2
0 0.695 0.255 0.001812184491 2
0 0.695 0.265 0.00178750727 2
0 0.695 0.275 0.001765854844 2
0 0.695 0.285 0.001745771097 2
0 0.695 0.295 0.001725361574 2
0 0.695 0.305 0.001702160887 2
0 0.695 0.315 0.001672993003 2
0 0.695 0.325 0.001633831861 2
0 0.695 0.335 0.00157963906 2
0 0.695 0.345 0.001504246702 2
0 0.695 0.355 0.001400179418 2
0 0.695 0.365 0.001258470238 2
0 0.695 0.375 0.001069814891 2
0 0.695 0.385 0.0008164619071 2
0 0.695 0.395 0.0005169210965 2
0 0.695 0.405 0 2
0 0.695 0.415 0 2
0 0.695 0.425 0 2
0 0.695 0.435 0 2
0 0.695 0.445 0 2
0 0.695 0.455 0 2
0 0.695 0.465 0 2
0 0.705 -0.455 0 2
0 0.705 -0.445 0 2
0 0.705 -0.435 0 2
0 0.705 -0.425 0 2
0 0.705 -0.415 0 2
0 0.705 -0.405 0 2
0 0.705 -0.395 0.0005611667981 2
0 0.705 -0.385 0.0008785444882 2
0 0.705 -0.375 0.001139937203 2
0 0.705 -0.365 0.001325985881 2
0 0.705 -0.355 0.00145634406 2
0 0.705 -0.345 0.001541693754 2
0 0.705 -0.335 0.001592528339 2
0 0.705 -0.325 0.001618198468 2
0 0.705 -0.315 0.001627067549 2
0 0.705 -0.305 0.001626376509 2
0 0.705 -0.295 0.001621895332 2
0 0.705 -0.285 0.001617591566 2
0 0.705 -0.275 0.0016156229 2
0 0.705 -0.265 0.001616480001 2
0 0.705 -0.255 0.0016193338 2
0 0.705 -0.245 0.00162238434 2
0 0.705 -0.235 0.001623300429 2
0 0.705 -0.225 0.001619866719 2
0 0.705 -0.215 0.00161080679 2
0 0.705 -0.205 0.001596898975 2
0 0.705 -0.195 0.001581610399 2
0 0.705 -0.185 0.001569536673 2
0 0.705 -0.175 0.001564990891 2
0 0.705 -0.165 0.00157033249 2
0 0.705 -0.155 0.001584947997 2
0 0.705 -0.145 0.00160619487 2
0 0.705 -0.135 0.001630909639 2
0 0.705 -0.125 0.001656749441 2
0 0.705 -0.115 0.001682368301 2
0 0.705 -0.105 0.001707200055 2
0 0.705 -0.095 0.001731074639 2
0 0.705 -0.085 0.001753971726 2
0 0.705 -0.075 0.001775896667 2
0 0.705 -0.065 0.001796823927 2
0 0.705 -0.055 0.001816664877 2
0 0.705 -0.045 0.001835239026 2
0 0.705 -0.035 0.001852256614 2
0 0.705 -0.025 0.001867313086 2
0 0.705 -0.015 0.001879896689 2
0 0.705 -0.005 0.001889413105 2
0 0.705 0.005 0.001895219867 2
0 0.705 0.015 0.001896696659 2
0 0.705 0.025 0.001893327654 2
0 0.705 0.035 0.001884783552 2
0 0.705 0.045 0.001871948346 2
0 0.705 0.055 0.001852019362 2
0 0.705 0.065 0.001846628639 2
0 0.705 0.075 0.001891290225 1
0 0.705 0.085 0.00197255772 1
0 0.705 0.095 0.002061533183 1
0 0.705 0.105 0.002140820601 1
0 0.705 0.115 0.002215220723 1
0 0.705 0.125 0.002281152167 1
0 0.705 0.135 0.002340195617 1
0 0.705 0.145 0.002357586988 1
0 0.705 0.155 0.002236453015 2
0 0.705 0.165 0.002088453093 2
0 0.705 0.175 0.001958044042 2
0 0.705 0.185 0.001860089959 2
0 0.705 0.195 0.001793141584 2
0 0.705 0.205 0.00174515451 2
0 0.705 0.215 0.001711366264 2
0 0.705 0.225 0.001688060786 2
0 0.705 0.235 0.001672893991 2
0 0.705 0.245 0.001664197585 2
0 0.705 0.255 0.001660641572 2
0 0.705 0.265 0.001660978556 2
0 0.705 0.275 0.001663843583 2
0 0.705 0.285 0.001667590722 2
0 0.705 0.295 0.001670139571 2
0 0.705 0.305 0.001668823049 2
0 0.705 0.315 0.001660223363 2
0 0.705 0.325 0.001640003403 2
0 0.705 0.335 0.001602705305 2
0 0.705 0.345 0.00154159521 2
0 0.705 0.355 0.001448424189 2
0 0.705 0.365 0.001313220751 2
0 0.705 0.375 0.001125424041 2
0 0.705 0.385 0.000865355209 2
0 0.705 0.395 0.0005518479028 2
0 0.705 0.405 0 2
0 0.705 0.415 0 2
0 0.705 0.425 0 2
0 0.705 0.435 0 2
0 0.705 0.445 0 2
0 0.705 0.455 0 2
0 0.705 0.465 0 2
0 0.715 -0.455 0 2
0 0.715 -0.445 0 2
0 0.715 -0.435 0 2
0 0.715 -0.425 0 2
0 0.715 -0.415 0 2
0 0.715 -0.405 0 2
0 0.715 -0.395 0.0005869724468 2
0 0.715 -0.385 0.0009122809786 2
0 0.715 -0.375 0.001174934077 2
0 0.715 -0.365 0.001355787352 2
0 0.715 -0.355 0.001476080907 2
0 0.715 -0.345 0.001547489828 2
0 0.715 -0.335 0.001581306897 2
0 0.715 -0.325 0.001587768466 2
0 0.715 -0.315 0.001576359874 2
0 0.715 -0.305 0.001555487578 2
0 0.715 -0.295 0.001531881984 2
0 0.715 -0.285 0.001509877954 2
0 0.715 -0.275 0.001491546414 2
0 0.715 -0.265 0.001476887541 2
0 0.715 -0.255 0.001464432991 2
0 0.715 -0.245 0.001451690521 2
0 0.715 -0.235 0.001435436011 2
0 0.715 -0.225 0.001412332476 2
0 0.715 -0.215 0.001379782788 2
0 0.715 -0.205 0.001338280869 2
0 0.715 -0.195 0.001293630086 2
0 0.715 -0.185 0.001253197829 2
0 0.715 -0.175 0.001224184944 2
0 0.715 -0.165 0.001210523691 2
0 0.715 -0.155 0.00121050509 2
0 0.715 -0.145 0.001219315103 2
0 0.715 -0.135 0.00123194221 2
0 0.715 -0.125 0.001245609575 2
0 0.715 -0.115 0.001259236567 2
0 0.715 -0.105 0.001272658139 2
0 0.715 -0.095 0.001285856409 2
0 0.715 -0.085 0.001298809425 2
0 0.715 -0.075 0.001311460626 2
0 0.715 -0.065 0.001323720042 2
0 0.715 -0.055 0.001335473788 2
0 0.715 -0.045 0.001346554953 2
0 0.715 -0.035 0.001356723722 2
0 0.715 -0.025 0.001365664388 2
0 0.715 -0.015 0.001373005924 2
0 0.715 -0.005 0.001378370027 2
0 0.715 0.005 0.001381462498 2
0 0.715 0.015 0.001382175285 2
0 0.715 0.025 0.001381004223 2
0 0.715 0.035 0.001378872891 2
0 0.715 0.045 0.001380393476 2
0 0.715 0.055 0.001388877769 2
0 0.715 0.065 0.00142956411 2
0 0.715 0.075 0.001529675468 1
0 0.715 0.085 0.001619659591 1
0 0.715 0.095 0.001718411805 1
0 0.715 0.105 0.001814423895 1
0 0.715 0.115 0.001904764014 1
0 0.715 0.125 0.001968074915 1
0 0.715 0.135 0.002015695382 1
0 0.715 0.145 0.00197004168 2
0 0.715 0.155 0.001845810259 2
0 0.715 0.165 0.001725267557 2
0 0.715 0.175 0.001626991381 2
0 0.715 0.185 0.00155875681 2
0 0.715 0.195 0.001513268037 2
0 0.715 0.205 0.001485841835 2
0 0.715 0.215 0.001472663753 2
0 0.715 0.225 0.001470278089 2
0 0.715 0.235 0.001476340862 2
0 0.715 0.245 0.001489024567 2
0 0.715 0.255 0.001506823867 2
0 0.715 0.265 0.001528323107 2
0 0.715 0.275 0.001552013262 2
0 0.715 0.285 0.001576125502 2
0 0.715 0.295 0.001598469432 2
0 0.715 0.305 0.001616266235 2
0 0.715 0.315 0.001625963149 2
0 0.715 0.325 0.001623035741 2
0 0.715 0.335 0.001601743299 2
0 0.715 0.345 0.001554926357 2
0 0.715 0.355 0.001473688939 2
0 0.715 0.365 0.001347153242 2
0 0.715 0.375 0.001163516285 2
0 0.715 0.385 0.0009012434933 2
0 0.715 0.395 0.0005788959979 2
0 0.715 0.405 0 2
0 0.715 0.415 0 2
0 0.715 0.425 0 2
0 0.715 0.435 0 2
0 0.715 0.445 0 2
0 0.715 0.455 0 2
0 0.715 0.465 0 2
0 0.725 -0.455 0 2
0 0.725 -0.445 0 2
0 0.725 -0.435 0 2
0 0.725 -0.425 0 2
0 0.725 -0.415 0 2
0 0.725 -0.405 0 2
0 0.725 -0.395 0.0006033614412 2
0 0.725 -0.385 0.0009306398614 2
0 0.725 -0.375 0.001189484619 2
0 0.725 -0.365 0.001361620844 2
0 0.725 -0.355 0.001469635973 2
0 0.725 -0.345 0.001525934664 2
0 0.725 -0.335 0.001542221016 2
0 0.725 -0.325 0.001529380026 2
0 0.725 -0.315 0.001498190259 2
0 0.725 -0.305 0.001458526815 2
0 0.725 -0.295 0.001418392423 2
0 0.725 -0.285 0.001382306908 2
0 0.725 -0.275 0.001352014379 2
0 0.725 -0.265 0.001326652079 2
0 0.725 -0.255 0.001304035072 2
0 0.725 -0.245 0.001280841734 2
0 0.725 -0.235 0.001252780026 2
0 0.725 -0.225 0.00121520386 2
0 0.725 -0.215 0.001163341337 2
0 0.725 -0.205 0.001097054017 2
0 0.725 -0.195 0.001026080487 2
0 0.725 -0.185 0.0009605007217 2
0 0.725 -0.175 0.0009105073855 2
0 0.725 -0.165 0.0008824616089 2
0 0.725 -0.155 0.0008728200866 2
0 0.725 -0.145 0.0008736260449 2
0 0.725 -0.135 0.0008772536935 2
0 0.725 -0.125 0.000880808974 2
0 0.725 -0.115 0.0008840264557 2
0 0.725 -0.105 0.0008874861648 2
0 0.725 -0.095 0.0008914888704 2
0 0.725 -0.085 0.0008959242529 2
0 0.725 -0.075 0.0009006286559 2
0 0.725 -0.065 0.0009054425696 2
0 0.725 -0.055 0.0009102493959 2
0 0.725 -0.045 0.0009149161992 2
0 0.725 -0.035 0.0009192597543 2
0 0.725 -0.025 0.0009230486495 2
0 0.725 -0.015 0.0009260385106 2
0 0.725 -0.005 0.0009280480338 2
0 0.725 0.005 0.0009290901327 2
0 0.725 0.015 0.0009294988613 2
0 0.725 0.025 0.0009305429353 2
0 0.725 0.035 0.0009340981756 2
0 0.725 0.045 0.0009469782175 2
0 0.725 0.055 0.0009738378103 2
0 0.725 0.065 0.001047241886 2
0 0.725 0.075 0.001201697352 1
0 0.725 0.085 0.001306436289 1
0 0.725 0.095 0.001412709898 1
0 0.725 0.105 0.001510450754 1
0 0.725 0.115 0.001600986328 1
0 0.725 0.125 0.001652690694 1
0 0.725 0.135 0.001645494184 2
0 0.725 0.145 0.001585764911 2
0 0.725 0.155 0.001487430231 2
0 0.725 0.165 0.00139524612 2
0 0.725 0.175 0.001324215629 2
0 0.725 0.185 0.001278985737 2
0 0.725 0.195 0.00125305846 2
0 0.725 0.205 0.001243727661 2
0 0.725 0.215 0.001247890045 2
0 0.725 0.225 0.001262722553 2
0 0.725 0.235 0.001286019808 2
0 0.725 0.245 0.001315942414 2
0 0.725 0.255 0.001350912661 2
0 0.725 0.265 0.001389430995 2
0 0.725 0.275 0.001429918916 2
0 0.725 0.285 0.001470560364 2
0 0.725 0.295 0.001509139712 2
0 0.725 0.305 0.00154286718 2
0 0.725 0.315 0.001568177263 2
0 0.725 0.325 0.001580505182 2
0 0.725 0.335 0.001573997779 2
0 0.725 0.345 0.00154125593 2
0 0.725 0.355 0.001472916223 2
0 0.725 0.365 0.001357346 2
0 0.725 0.375 0.001181543544 2
0 0.725 0.385 0.0009222079131 2
0 0.725 0.395 0.000596909546 2
0 0.725 0.405 0 2
0 0.725 0.415 0 2
0 0.725 0.425 0 2
0 0.725 0.435 0 2
0 0.725 0.445 0 2
0 0.725 0.455 0 2
0 0.725 0.465 0 2
0 0.735 -0.455 0 2
0 0.735 -0.445 0 2
0 0.735 -0.435 0 2
0 0.735 -0.425 0 2
0 0.735 -0.415 0 2
0 0.735 -0.405 0 2
0 0.735 -0.395 0.0006088609784 2
0 0.735 -0.385 0.0009312373349 2
0 0.735 -0.375 0.001180532659 2
0 0.735 -0.365 0.001340179326 2
0 0.735 -0.355 0.001433846716 2
0 0.735 -0.345 0.00147424185 2
0 0.735 -0.335 0.001472698609 2
0 0.735 -0.325 0.001440196213 2
0 0.735 -0.315 0.001389326635 2
0 0.735 -0.305 0.001332148773 2
0 0.735 -0.295 0.001278811265 2
0 0.735 -0.285 0.001233339897 2
0 0.735 -0.275 0.00119654387 2
0 0.735 -0.265 0.001165870974 2
0 0.735 -0.255 0.001138415582 2
0 0.735 -0.245 0.001109647478 2
0 0.735 -0.235 0.001074221204 2
0 0.735 -0.225 0.001030061281 2
0 0.735 -0.215 0.0009658099351 2
0 0.735 -0.205 0.0008733517222 2
0 0.735 -0.195 0.0007748693225 2
0 0.735 -0.185 0.0006830746116 2
0 0.735 -0.175 0.0006148215885 2
0 0.735 -0.165 0.00058304173 2
0 0.735 -0.155 0.0005758371306 2
0 0.735 -0.145 0.000576333316 2
0 0.735 -0.135 0.0005724384875 2
0 0.735 -0.125 0.0005667124491 2
0 0.735 -0.115 0.0005606618632 2
0 0.735 -0.105 0.0005556255544 2
0 0.735 -0.095 0.0005521034257 2
0 0.735 -0.085 0.0005496405909 2
0 0.735 -0.075 0.0005478791409 2
0 0.735 -0.065 0.0005465975142 2
0 0.735 -0.055 0.0005457225544 2
0 0.735 -0.045 0.0005451870593 2
0 0.735 -0.035 0.0005448682018 2
0 0.735 -0.025 0.0005446080122 2
0 0.735 -0.015 0.0005442629411 2
0 0.735 -0.005 0.0005438256734 2
0 0.735 0.005 0.0005435622837 2
0 0.735 0.015 0.0005441716903 2
0 0.735 0.025 0.0005474246211 2
0 0.735 0.035 0.0005558848612 2
0 0.735 0.045 0.0005768151046 2
0 0.735 0.055 0.0006154501531 2
0 0.735 0.065 0.0007006561386 2
0 0.735 0.075 0.0008578957259 2
0 0.735 0.085 0.001007998431 1
0 0.735 0.095 0.001121269871 1
0 0.735 0.105 0.001213074515 1
0 0.735 0.115 0.001265466639 2
0 0.735 0.125 0.001304670332 2
0 0.735 0.135 0.001280798746 2
0 0.735 0.145 0.001222176653 2
0 0.735 0.155 0.001152240553 2
0 0.735 0.165 0.001091527547 2
0 0.735 0.175 0.001048612777 2
0 0.735 0.185 0.001022840804 2
0 0.735 0.195 0.001013743903 2
0 0.735 0.205 0.001019484991 2
0 0.735 0.215 0.001037602924 2
0 0.735 0.225 0.001065883755 2
0 0.735 0.235 0.00110234252 2
0 0.735 0.245 0.001145239531 2
0 0.735 0.255 0.001193019043 2
0 0.735 0.265 0.001244182531 2
0 0.735 0.275 0.001297160012 2
0 0.735 0.285 0.001350167573 2
0 0.735 0.295 0.001401053021 2
0 0.735 0.305 0.001447122046 2
0 0.735 0.315 0.001484928985 2
0 0.735 0.325 0.00151003531 2
0 0.735 0.335 0.001516679988 2
0 0.735 0.345 0.001497464229 2
0 0.735 0.355 0.001442809043 2
0 0.735 0.365 0.001340562849 2
0 0.735 0.375 0.001176627378 2
0 0.735 0.385 0.0009260649665 2
0 0.735 0.395 0.0006045816541 2
0 0.735 0.405 0 2
0 0.735 0.415 0 2
0 0.735 0.425 0 2
0 0.735 0.435 0 2
0 0.735 0.445 0 2
0 0.735 0.455 0 2
0 0.735 0.465 0 2
0 0.745 -0.455 0 2
0 0.745 -0.445 0 2
0 0.745 -0.435 0 2
0 0.745 -0.425 0 2
0 0.745 -0.415 0 2
0 0.745 -0.405 0 2
0 0.745 -0.395 0.0006016379408 2
0 0.745 -0.385 0.0009110790462 2
0 0.745 -0.375 0.001144242183 2
0 0.745 -0.365 0.001287320616 2
0 0.745 -0.355 0.001364705616 2
0 0.745 -0.345 0.001388924554 2
0 0.745 -0.335 0.001369865735 2
0 0.745 -0.325 0.001318046801 2
0 0.745 -0.315 0.001248776441 2
0 0.745 -0.305 0.001176529185 2
0 0.745 -0.295 0.001114291552 2
0 0.745 -0.285 0.001063993263 2
0 0.745 -0.275 0.001025818737 2
0 0.745 -0.265 0.0009950330449 2
0 0.745 -0.255 0.0009679327519 2
0 0.745 -0.245 0.0009377131539 2
0 0.745 -0.235 0.0009016667346 2
0 0.745 -0.225 0.0008520786984 2
0 0.745 -0.215 0.0007729007636 2
0 0.745 -0.205 0.0006638018735 2
0 0.745 -0.195 0.0005581703339 2
0 0.745 -0.185 0.0004646693654 2
0 0.745 -0.175 0.0003832121731 2
0 0.745 -0.165 0.0003388447915 2
0 0.745 -0.155 0.0003282268249 2
0 0.745 -0.145 0.0003286886645 2
0 0.745 -0.135 0.0003216093448 2
0 0.745 -0.125 0.0003059628828 2
0 0.745 -0.115 0.0002915126152 2
0 0.745 -0.105 0.0002800573815 2
0 0.745 -0.095 0.0002713167931 2
0 0.745 -0.085 0.0002639327678 2
0 0.745 -0.075 0.0002573351148 2
0 0.745 -0.065 0.0002513817662 2
0 0.745 -0.055 0.0002461907351 2
0 0.745 -0.045 0.0002417927173 2
0 0.745 -0.035 0.0002381040382 2
0 0.745 -0.025 0.0002350130989 2
0 0.745 -0.015 0.0002324202346 2
0 0.745 -0.005 0.0002304650089 2
0 0.745 0.005 0.000229594333 2
0 0.745 0.015 0.0002307810301 2
0 0.745 0.025 0.0002360547746 2
0 0.745 0.035 0.000248498182 2
0 0.745 0.045 0.0002746133742 2
0 0.745 0.055 0.0003217977564 2
0 0.745 0.065 0.0004051012577 2
0 0.745 0.075 0.0005400922174 2
0 0.745 0.085 0.0006930292743 2
0 0.745 0.095 0.0008145966072 2
0 0.745 0.105 0.000902755376 2
0 0.745 0.115 0.0009419599777 2
0 0.745 0.125 0.000961843958 2
0 0.745 0.135 0.0009395243911 2
0 0.745 0.145 0.0009008960055 2
0 0.745 0.155 0.0008582981278 2
0 0.745 0.165 0.0008242381795 2
0 0.745 0.175 0.0008009841952 2
0 0.745 0.185 0.0007915688811 2
0 0.745 0.195 0.0007962102247 2
0 0.745 0.205 0.000813677472 2
0 0.745 0.215 0.0008422234175 2
0 0.745 0.225 0.0008800744715 2
0 0.745 0.235 0.0009255239118 2
0 0.745 0.245 0.0009770076344 2
0 0.745 0.255 0.001033072654 2
0 0.745 0.265 0.001092299674 2
0 0.745 0.275 0.001153202139 2
0 0.745 0.285 0.001214105215 2
0 0.745 0.295 0.001273006281 2
0 0.745 0.305 0.001327411183 2
0 0.745 0.315 0.001374128562 2
0 0.745 0.325 0.001409023747 2
0 0.745 0.335 0.001426660935 2
0 0.745 0.345 0.001419941723 2
0 0.745 0.355 0.001379421166 2
0 0.745 0.365 0.001292802248 2
0 0.745 0.375 0.001145107977 2
0 0.745 0.385 0.0009099896003 2
0 0.745 0.395 0.0006002097653 2
0 0.745 0.405 0 2
0 0.745 0.415 0 2
0 0.745 0.425 0 2
0 0.745 0.435 0 2
0 0.745 0.445 0 2
0 0.745 0.455 0 2
0 0.745 0.465 0 2
0 0.755 -0.455 0 2
0 0.755 -0.445 0 2
0 0.755 -0.435 0 2
0 0.755 -0.425 0 2
0 0.755 -0.415 0 2
0 0.755 -0.405 0 2
0 0.755 -0.395 0.0005799012573 2
0 0.755 -0.385 0.0008671736625 2
0 0.755 -0.375 0.001076828457 2
0 0.755 -0.365 0.001199084606 2
0 0.755 -0.355 0.001258555794 2
0 0.755 -0.345 0.001267675589 2
0 0.755 -0.335 0.001232276592 2
0 0.755 -0.325 0.001157381816 2
0 0.755 -0.315 0.001065703582 2
0 0.755 -0.305 0.0009779661976 2
0 0.755 -0.295 0.000918705689 2
0 0.755 -0.285 0.0008755215533 2
0 0.755 -0.275 0.0008451511486 2
0 0.755 -0.265 0.0008174969563 2
0 0.755 -0.255 0.0007946622446 2
0 0.755 -0.245 0.0007701780826 2
0 0.755 -0.235 0.0007345303198 2
0 0.755 -0.225 0.0006729893157 2
0 0.755 -0.215 0.0005809152355 2
0 0.755 -0.205 0.0004817994021 1
0 0.755 -0.195 0.0003897174322 1
0 0.755 -0.185 0.0003063936028 1
0 0.755 -0.175 0.0002230394804 1
0 0.755 -0.165 0.0001615109819 2
0 0.755 -0.155 0.0001431459421 2
0 0.755 -0.145 0.0001398285815 2
0 0.755 -0.135 0.0001267506238 2
0 0.755 -0.125 0.0001012661153 2
0 0.755 -0.115 7.958088584e-05 2
0 0.755 -0.105 6.409200165e-05 2
0 0.755 -0.095 5.249987447e-05 2
0 0.755 -0.085 4.200419548e-05 2
0 0.755 -0.075 3.209917144e-05 2
0 0.755 -0.065 2.288732076e-05 2
0 0.755 -0.055 1.47854295e-05 2
0 0.755 -0.045 7.954825136e-06 2
0 0.755 -0.035 2.277037811e-06 2
0 0.755 -0.025 -2.355262325e-06 2
0 0.755 -0.015 -6.123766953e-06 2
0 0.755 -0.005 -8.755610122e-06 2
0 0.755 0.005 -9.723515475e-06 2
0 0.755 0.015 -7.90242328e-06 2
0 0.755 0.025 -1.271110557e-06 2
0 0.755 0.035 1.360180615e-05 2
0 0.755 0.045 4.204177492e-05 2
0 0.755 0.055 9.122665973e-05 2
0 0.755 0.065 0.0001663144068 2
0 0.755 0.075 0.0002752164622 2
0 0.755 0.085 0.0004062732638 2
0 0.755 0.095 0.0005209071714 2
0 0.755 0.105 0.0006014048561 2
0 0.755 0.115 0.0006337997 2
0 0.755 0.125 0.0006462207037 2
0 0.755 0.135 0.000639889905 2
0 0.755 0.145 0.0006251464089 2
0 0.755 0.155 0.0006055439679 2
0 0.755 0.165 0.0005897562362 2
0 0.755 0.175 0.000582564505 2
0 0.755 0.185 0.0005863161061 2
0 0.755 0.195 0.0006013893865 2
0 0.755 0.205 0.0006271480672 2
0 0.755 0.215 0.0006624410155 2
0 0.755 0.225 0.0007058913017 2
0 0.755 0.235 0.0007560980208 2
0 0.755 0.245 0.0008117190904 2
0 0.755 0.255 0.0008714678863 2
0 0.755 0.265 0.0009340695099 2
0 0.755 0.275 0.0009981856877 2
0 0.755 0.285 0.001062317636 2
0 0.755 0.295 0.001124687194 2
0 0.755 0.305 0.001183092217 2
0 0.755 0.315 0.001234717284 2
0 0.755 0.325 0.001275900864 2
0 0.755 0.335 0.001301771615 2
0 0.755 0.345 0.001305872176 2
0 0.755 0.355 0.001279336249 2
0 0.755 0.365 0.001210277811 2
0 0.755 0.375 0.001083266033 2
0 0.755 0.385 0.0008710037098 2
0 0.755 0.395 0.0005820043032 2
0 0.755 0.405 0 2
0 0.755 0.415 0 2
0 0.755 0.425 0 2
0 0.755 0.435 0 2
0 0.755 0.445 0 2
0 0.755 0.455 0 2
0 0.755 0.465 0 2
0 0.765 -0.455 0 2
0 0.765 -0.445 0 2
0 0.765 -0.435 0 2
0 0.765 -0.425 0 2
0 0.765 -0.415 0 2
0 0.765 -0.405 0 2
0 0.765 -0.395 0.0005402802946 2
0 0.765 -0.385 0.0007940723352 2
0 0.765 -0.375 0.0009715159921 2
0 0.765 -0.365 0.00106845874 2
0 0.765 -0.355 0.001109408217 2
0 0.765 -0.345 0.001104269148 2
0 0.765 -0.335 0.001049232388 2
0 0.765 -0.325 0.0009572269089 2
0 0.765 -0.315 0.0008606102924 2
0 0.765 -0.305 0.0007754639548 2
0 0.765 -0.295 0.0007175486977 2
0 0.765 -0.285 0.0006711904687 2
0 0.765 -0.275 0.0006473926868 2
0 0.765 -0.265 0.0006328923599 2
0 0.765 -0.255 0.0006256730664 2
0 0.765 -0.245 0.0006081834251 2
0 0.765 -0.235 0.0005665785024 2
0 0.765 -0.225 0.0004988635062 2
0 0.765 -0.215 0.0004245702169 1
0 0.765 -0.205 0.0003524420898 1
0 0.765 -0.195 0.0002719136802 1
0 0.765 -0.185 0.0001932177719 1
0 0.765 -0.175 0.0001142355687 1
0 0.765 -0.165 4.589130824e-05 1
0 0.765 -0.155 2.061558682e-05 2
0 0.765 -0.145 9.586911302e-06 2
0 0.765 -0.135 -1.620695052e-05 2
0 0.765 -0.125 -5.19528185e-05 2
0 0.765 -0.115 -7.721565246e-05 2
0 0.765 -0.105 -9.013331908e-05 2
0 0.765 -0.095 -0.0001000058472 2
0 0.765 -0.085 -0.0001123197351 2
0 0.765 -0.075 -0.000124191324 2
0 0.765 -0.065 -0.0001352021179 2
0 0.765 -0.055 -0.0001446985681 2
0 0.765 -0.045 -0.0001522675624 2
0 0.765 -0.035 -0.0001583011551 2
0 0.765 -0.025 -0.0001629588471 2
0 0.765 -0.015 -0.0001668152912 2
0 0.765 -0.005 -0.0001693721185 2
0 0.765 0.005 -0.0001701798643 2
0 0.765 0.015 -0.0001681032653 2
0 0.765 0.025 -0.0001615397345 2
0 0.765 0.035 -0.0001468142903 2
0 0.765 0.045 -0.0001196705732 2
0 0.765 0.055 -7.489373825e-05 2
0 0.765 0.065 -9.16627571e-06 2
0 0.765 0.075 7.72488966e-05 2
0 0.765 0.085 0.0001737248971 2
0 0.765 0.095 0.0002615516024 2
0 0.765 0.105 0.0003292233374 2
0 0.765 0.115 0.0003704748777 2
0 0.765 0.125 0.000392531523 2
0 0.765 0.135 0.0003988920732 2
0 0.765 0.145 0.0003970800027 2
0 0.765 0.155 0.0003925601227 2
0 0.765 0.165 0.000390930827 2
0 0.765 0.175 0.0003955868684 2
0 0.765 0.185 0.0004084740018 2
0 0.765 0.195 0.0004301525528 2
0 0.765 0.205 0.0004603880903 2
0 0.765 0.215 0.0004984091407 2
0 0.765 0.225 0.0005432024167 2
0 0.765 0.235 0.0005936771543 2
0 0.765 0.245 0.0006487433028 2
0 0.765 0.255 0.0007073280195 2
0 0.765 0.265 0.0007683526276 2
0 0.765 0.275 0.0008306805236 2
0 0.765 0.285 0.0008930441402 2
0 0.765 0.295 0.0009539507114 2
0 0.765 0.305 0.001011564375 2
0 0.765 0.315 0.001063545808 2
0 0.765 0.325 0.001106852497 2
0 0.765 0.335 0.001137400671 2
0 0.765 0.345 0.001149725303 2
0 0.765 0.355 0.001136065015 2
0 0.765 0.365 0.001085809923 2
0 0.765 0.375 0.0009839231402 2
0 0.765 0.385 0.0008032024617 2
0 0.765 0.395 0.0005462725396 2
0 0.765 0.405 0 2
0 0.765 0.415 0 2
0 0.765 0.425 0 2
0 0.765 0.435 0 2
0 0.765 0.445 0 2
0 0.765 0.455 0 2
0 0.765 0.465 0 2
0 0.775 -0.455 0 2
0 0.775 -0.445 0 2
0 0.775 -0.435 0 2
0 0.775 -0.425 0 2
0 0.775 -0.415 0 2
0 0.775 -0.405 0 2
0 0.775 -0.395 0.0004818938564 2
0 0.775 -0.385 0.0006908352737 2
0 0.775 -0.375 0.0008283595238 2
0 0.775 -0.365 0.0008973179855 2
0 0.775 -0.355 0.000921114754 2
0 0.775 -0.345 0.0009067324226 2
0 0.775 -0.335 0.0008336393471 2
0 0.775 -0.325 0.0007397688044 1
0 0.775 -0.315 0.0006523278835 1
0 0.775 -0.305 0.0005827738347 1
0 0.775 -0.295 0.0005344405252 2
0 0.775 -0.285 0.0004852222831 2
0 0.775 -0.275 0.0004596929181 2
0 0.775 -0.265 0.0004523788943 2
0 0.775 -0.255 0.0004596560155 2
0 0.775 -0.245 0.000454661043 2
0 0.775 -0.235 0.0004131522576 2
0 0.775 -0.225 0.00036480433 1
0 0.775 -0.215 0.0003120358878 1
0 0.775 -0.205 0.0002514523368 1
0 0.775 -0.195 0.00018221569 1
0 0.775 -0.185 0.0001116500075 1
0 0.775 -0.175 3.967835285e-05 1
0 0.775 -0.165 -2.337491135e-05 1
0 0.775 -0.155 -5.747265568e-05 2
0 0.775 -0.145 -6.828776633e-05 2
0 0.775 -0.135 -9.502715611e-05 2
0 0.775 -0.125 -0.0001361991753 2
0 0.775 -0.115 -0.0001664171338 2
0 0.775 -0.105 -0.0001785873345 2
0 0.775 -0.095 -0.0001874588121 2
0 0.775 -0.085 -0.0002003839832 2
0 0.775 -0.075 -0.0002129809214 2
0 0.775 -0.065 -0.0002242769779 2
0 0.775 -0.055 -0.000233698085 2
0 0.775 -0.045 -0.0002404186841 2
0 0.775 -0.035 -0.0002453838662 2
0 0.775 -0.025 -0.0002485648003 2
0 0.775 -0.015 -0.0002517042337 2
0 0.775 -0.005 -0.0002537029714 2
0 0.775 0.005 -0.0002543874463 2
0 0.775 0.015 -0.0002526933818 2
0 0.775 0.025 -0.0002481129504 2
0 0.775 0.035 -0.0002361323483 2
0 0.775 0.045 -0.0002135886508 2
0 0.775 0.055 -0.0001766857565 2
0 0.775 0.065 -0.0001246408798 2
0 0.775 0.075 -5.920949692e-05 2
0 0.775 0.085 1.251876779e-05 2
0 0.775 0.095 7.964084262e-05 2
0 0.775 0.105 0.0001341175626 2
0 0.775 0.115 0.0001718622401 2
0 0.775 0.125 0.0001957138481 2
0 0.775 0.135 0.0002089708955 2
0 0.775 0.145 0.0002165508109 2
0 0.775 0.155 0.000222399648 2
0 0.775 0.165 0.0002301319352 2
0 0.775 0.175 0.0002422050505 2
0 0.775 0.185 0.0002601718803 2
0 0.775 0.195 0.0002846229177 2
0 0.775 0.205 0.0003154978558 2
0 0.775 0.215 0.0003523180167 2
0 0.775 0.225 0.0003943865499 2
0 0.775 0.235 0.0004409081589 2
0 0.775 0.245 0.0004910569117 2
0 0.775 0.255 0.0005439989377 2
0 0.775 0.265 0.0005988826247 2
0 0.775 0.275 0.000654805537 2
0 0.775 0.285 0.0007107637687 2
0 0.775 0.295 0.0007655835262 2
0 0.775 0.305 0.000817833864 2
0 0.775 0.315 0.0008657036889 2
0 0.775 0.325 0.0009068500432 2
0 0.775 0.335 0.0009381165311 2
0 0.775 0.345 0.0009552788993 2
0 0.775 0.355 0.0009521365823 2
0 0.775 0.365 0.0009202381341 2
0 0.775 0.375 0.0008460966053 2
0 0.775 0.385 0.0007046888346 2
0 0.775 0.395 0.0004914638041 2
0 0.775 0.405 0 2
0 0.775 0.415 0 2
0 0.775 0.425 0 2
0 0.775 0.435 0 2
0 0.775 0.445 0 2
0 0.775 0.455 0 2
0 0.775 0.465 0 2
0 0.785 -0.455 0 2
0 0.785 -0.445 0 2
0 0.785 -0.435 0 2
0 0.785 -0.425 0 2
0 0.785 -0.415 0 2
0 0.785 -0.405 0 2
0 0.785 -0.395 0.0003897023287 2
0 0.785 -0.385 0.0005349586402 2
0 0.785 -0.375 0.0006224931725 2
0 0.785 -0.365 0.0006630029392 2
0 0.785 -0.355 0.0006728320129 2
0 0.785 -0.345 0.0006572350346 2
0 0.785 -0.335 0.0005860587651 1
0 0.785 -0.325 0.0005240039386 1
0 0.785 -0.315 0.0004508613143 1
0 0.785 -0.305 0.0003938354171 1
0 0.785 -0.295 0.0003440913761 1
0 0.785 -0.285 0.0003120931221 1
0 0.785 -0.275 0.0002916698012 2
0 0.785 -0.265 0.0002851122768 2
0 0.785 -0.255 0.000295919566 2
0 0.785 -0.245 0.0002961696245 2
0 0.785 -0.235 0.0002786307946 1
0 0.785 -0.225 0.0002451767944 1
0 0.785 -0.215 0.0002018160685 1
0 0.785 -0.205 0.0001512736752 1
0 0.785 -0.195 0.0001005048998 1
0 0.785 -0.185 5.210498661e-05 1
0 0.785 -0.175 -3.28712188e-06 1
0 0.785 -0.165 -5.606693246e-05 1
0 0.785 -0.155 -8.648764485e-05 1
0 0.785 -0.145 -9.05007963e-05 1
0 0.785 -0.135 -0.0001022185936 1
0 0.785 -0.125 -0.0001377247925 1
0 0.785 -0.115 -0.0001773148387 2
0 0.785 -0.105 -0.0001947299596 2
0 0.785 -0.095 -0.0002019718277 2
0 0.785 -0.085 -0.0002114256802 2
0 0.785 -0.075 -0.0002232119047 2
0 0.785 -0.065 -0.0002333144789 2
0 0.785 -0.055 -0.0002414982087 2
0 0.785 -0.045 -0.000244488723 2
0 0.785 -0.035 -0.0002450891175 2
0 0.785 -0.025 -0.0002427144954 2
0 0.785 -0.015 -0.0002439077148 2
0 0.785 -0.005 -0.0002445984856 2
0 0.785 0.005 -0.0002453817731 2
0 0.785 0.015 -0.0002448669502 2
0 0.785 0.025 -0.000246657219 2
0 0.785 0.035 -0.0002417355338 2
0 0.785 0.045 -0.0002280212169 2
0 0.785 0.055 -0.0002014019372 2
0 0.785 0.065 -0.00016513789 2
0 0.785 0.075 -0.0001210379051 2
0 0.785 0.085 -7.340707176e-05 2
0 0.785 0.095 -2.7951198e-05 2
0 0.785 0.105 1.079952154e-05 2
0 0.785 0.115 4.047827324e-05 2
0 0.785 0.125 6.187213846e-05 2
0 0.785 0.135 7.683089995e-05 2
0 0.785 0.145 8.812090117e-05 2
0 0.785 0.155 9.829292217e-05 2
0 0.785 0.165 0.0001096224721 2
0 0.785 0.175 0.0001237226011 2
0 0.785 0.185 0.0001416049685 2
0 0.785 0.195 0.0001637083649 2
0 0.785 0.205 0.0001900584461 2
0 0.785 0.215 0.0002203955898 2
0 0.785 0.225 0.0002542953679 2
0 0.785 0.235 0.0002912470679 2
0 0.785 0.245 0.0003307017999 2
0 0.785 0.255 0.0003720910745 2
0 0.785 0.265 0.0004148244321 2
0 0.785 0.275 0.0004582712376 2
0 0.785 0.285 0.0005017302262 2
0 0.785 0.295 0.0005443866028 2
0 0.785 0.305 0.0005852569472 2
0 0.785 0.315 0.0006231084752 2
0 0.785 0.325 0.0006563645633 2
0 0.785 0.335 0.0006829052732 2
0 0.785 0.345 0.0006999351742 2
0 0.785 0.355 0.0007032252522 2
0 0.785 0.365 0.0006872641902 2
0 0.785 0.375 0.0006418060374 2
0 0.785 0.385 0.0005505733494 2
0 0.785 0.395 0.0004010292615 2
0 0.785 0.405 0 2
0 0.785 0.415 0 2
0 0.785 0.425 0 2
0 0.785 0.435 0 2
0 0.785 0.445 0 2
0 0.785 0.455 0 2
0 0.785 0.465 0 2
0 0.795 -0.455 0 2
0 0.795 -0.445 0 2
0 0.795 -0.435 0 2
0 0.795 -0.425 0 2
0 0.795 -0.415 0 2
0 0.795 -0.405 0 2
0 0.795 -0.395 0.0002811890858 2
0 0.795 -0.385 0.0003646570734 2
0 0.795 -0.375 0.0004093725303 2
0 0.795 -0.365 0.0004282089755 2
0 0.795 -0.355 0.0004317579965 2
0 0.795 -0.345 0.0004232574093 2
0 0.795 -0.335 0.0003775438584 1
0 0.795 -0.325 0.0003329310486 1
0 0.795 -0.315 0.0002806165429 1
0 0.795 -0.305 0.0002391083648 1
0 0.795 -0.295 0.0002025099672 1
0 0.795 -0.285 0.0001787238319 1
0 0.795 -0.275 0.0001548697708 1
0 0.795 -0.265 0.0001550884419 2
0 0.795 -0.255 0.0001714341688 2
0 0.795 -0.245 0.0001727280759 2
0 0.795 -0.235 0.000170388892 1
0 0.795 -0.225 0.0001412927345 1
0 0.795 -0.215 0.0001089400701 1
0 0.795 -0.205 7.601594144e-05 1
0 0.795 -0.195 4.449485836e-05 1
0 0.795 -0.185 1.211288061e-05 1
0 0.795 -0.175 -2.438640604e-05 1
0 0.795 -0.165 -5.786156568e-05 1
0 0.795 -0.155 -7.700007133e-05 1
0 0.795 -0.145 -8.118656951e-05 1
0 0.795 -0.135 -8.888359177e-05 1
0 0.795 -0.125 -0.0001145551836 1
0 0.795 -0.115 -0.000147464059 2
0 0.795 -0.105 -0.0001674320465 2
0 0.795 -0.095 -0.0001713161152 2
0 0.795 -0.085 -0.0001779133209 2
0 0.795 -0.075 -0.0001875673685 2
0 0.795 -0.065 -0.0001938222888 2
0 0.795 -0.055 -0.0001973789141 2
0 0.795 -0.045 -0.0001964068955 2
0 0.795 -0.035 -0.0001956595041 2
0 0.795 -0.025 -0.0001881675922 2
0 0.795 -0.015 -0.0001887212109 2
0 0.795 -0.005 -0.0001890422985 2
0 0.795 0.005 -0.0001897977114 2
0 0.795 0.015 -0.0001903889028 2
0 0.795 0.025 -0.0002008958833 2
0 0.795 0.035 -0.0002010950734 2
0 0.795 0.045 -0.0001942127431 2
0 0.795 0.055 -0.0001774505051 2
0 0.795 0.065 -0.0001553575006 2
0 0.795 0.075 -0.0001291755903 2
0 0.795 0.085 -0.0001010848601 2
0 0.795 0.095 -7.379437157e-05 2
0 0.795 0.105 -4.952401031e-05 2
0 0.795 0.115 -2.948636055e-05 2
0 0.795 0.125 -1.35180949e-05 2
0 0.795 0.135 -7.541000515e-07 2
0 0.795 0.145 1.015009498e-05 2
0 0.795 0.155 2.052226422e-05 2
0 0.795 0.165 3.154765325e-05 2
0 0.795 0.175 4.41000515e-05 2
0 0.795 0.185 5.874856973e-05 2
0 0.795 0.195 7.576929701e-05 2
0 0.795 0.205 9.521175814e-05 2
0 0.795 0.215 0.0001169602366 2
0 0.795 0.225 0.0001407950951 2
0 0.795 0.235 0.0001664356701 2
0 0.795 0.245 0.0001935674506 2
0 0.795 0.255 0.0002218542228 2
0 0.795 0.265 0.0002509389225 2
0 0.795 0.275 0.0002804354087 2
0 0.795 0.285 0.0003099130905 2
0 0.795 0.295 0.0003388741122 2
0 0.795 0.305 0.0003667240479 2
0 0.795 0.315 0.0003927268097 2
0 0.795 0.325 0.0004159569234 2
0 0.795 0.335 0.0004351799024 2
0 0.795 0.345 0.000448813879 2
0 0.795 0.355 0.0004544111723 2
0 0.795 0.365 0.0004490349386 2
0 0.795 0.375 0.000426300249 2
0 0.795 0.385 0.0003786801985 2
0 0.795 0.395 0.000291760166 2
0 0.795 0.405 0 2
0 0.795 0.415 0 2
0 0.795 0.425 0 2
0 0.795 0.435 0 2
0 0.795 0.445 0 2
0 0.795 0.455 0 2
0 0.795 0.465 0 2
0 0.805 -0.455 0 2
0 0.805 -0.445 0 2
0 0.805 -0.435 0 2
0 0.805 -0.425 0 2
0 0.805 -0.415 0 2
0 0.805 -0.405 0 2
0 0.805 -0.395 0 2
0 0.805 -0.385 0 2
0 0.805 -0.375 0 2
0 0.805 -0.365 0 2
0 0.805 -0.355 0 2
0 0.805 -0.345 0 2
0 0.805 -0.335 0 1
0 0.805 -0.325 0 1
0 0.805 -0.315 0 1
0 0.805 -0.305 0 1
0 0.805 -0.295 0 1
0 0.805 -0.285 0 1
0 0.805 -0.275 0 1
0 0.805 -0.265 0 1
0 0.805 -0.255 0 2
0 0.805 -0.245 0 1
0 0.805 -0.235 0 1
0 0.805 -0.225 0 1
0 0.805 -0.215 0 1
0 0.805 -0.205 0 1
0 0.805 -0.195 0 1
0 0.805 -0.185 0 1
0 0.805 -0.175 0 1
0 0.805 -0.165 0 1
0 0.805 -0.155 0 1
0 0.805 -0.145 0 1
0 0.805 -0.135 0 1
0 0.805 -0.125 0 1
0 0.805 -0.115 0 1
0 0.805 -0.105 0 2
0 0.805 -0.095 0 2
0 0.805 -0.085 0 2
0 0.805 -0.075 0 2
0 0.805 -0.065 0 2
0 0.805 -0.055 0 2
0 0.805 -0.045 0 2
0 0.805 -0.035 0 2
0 0.805 -0.025 0 1
0 0.805 -0.015 0 1
0 0.805 -0.005 0 1
0 0.805 0.005 0 1
0 0.805 0.015 0 1
0 0.805 0.025 0 2
0 0.805 0.035 0 2
0 0.805 0.045 0 2
0 0.805 0.055 0 2
0 0.805 0.065 0 2
0 0.805 0.075 0 2
0 0.805 0.085 0 2
0 0.805 0.095 0 2
0 0.805 0.105 0 2
0 0.805 0.115 0 2
0 0.805 0.125 0 2
0 0.805 0.135 0 2
0 0.805 0.145 0 2
0 0.805 0.155 0 2
0 0.805 0.165 0 2
0 0.805 0.175 0 2
0 0.805 0.185 0 2
0 0.805 0.195 0 2
0 0.805 0.205 0 2
0 0.805 0.215 0 2
0 0.805 0.225 0 2
0 0.805 0.235 0 2
0 0.805 0.245 0 2
0 0.805 0.255 0 2
0 0.805 0.265 0 2
0 0.805 0.275 0 2
0 0.805 0.285 0 2
0 0.805 0.295 0 2
0 0.805 0.305 0 2
0 0.805 0.315 0 2
0 0.805 0.325 0 2
0 0.805 0.335 0 2
0 0.805 0.345 0 2
0 0.805 0.355 0 2
0 0.805 0.365 0 2
0 0.805 0.375 0 2
0 0.805 0.385 0 2
0 0.805 0.395 0 2
0 0.805 0.405 0 2
0 0.805 0.415 0 2
0 0.805 0.425 0 2
0 0.805 0.435 0 2
0 0.805 0.445 0 2
0 0.805 0.455 0 2
0 0.805 0.465 0 2
0 0.815 -0.455 0 2
0 0.815 -0.445 0 2
0 0.815 -0.435 0 2
0 0.815 -0.425 0 2
0 0.815 -0.415 0 2
0 0.815 -0.405 0 2
0 0.815 -0.395 0 2
0 0.815 -0.385 0 2
0 0.815 -0.375 0 2
0 0.815 -0.365 0 2
0 0.815 -0.355 0 2
0 0.815 -0.345 0 2
0 0.815 -0.335 0 1
0 0.815 -0.325 0 1
0 0.815 -0.315 0 1
0 0.815 -0.305 0 1
0 0.815 -0.295 0 1
0 0.815 -0.285 0 1
0 0.815 -0.275 0 1
0 0.815 -0.265 0 1
0 0.815 -0.255 0 2
0 0.815 -0.245 0 1
0 0.815 -0.235 0 1
0 0.815 -0.225 0 1
0 0.815 -0.215 0 1
0 0.815 -0.205 0 1
0 0.815 -0.195 0 1
0 0.815 -0.185 0 1
0 0.815 -0.175 0 1
0 0.815 -0.165 0 1
0 0.815 -0.155 0 1
0 0.815 -0.145 0 1
0 0.815 -0.135 0 1
0 0.815 -0.125 0 1
0 0.815 -0.115 0 1
0 0.815 -0.105 0 2
0 0.815 -0.095 0 2
0 0.815 -0.085 0 2
0 0.815 -0.075 0 2
0 0.815 -0.065 0 2
0 0.815 -0.055 0 2
0 0.815 -0.045 0 1
0 0.815 -0.035 0 1
0 0.815 -0.025 0 1
0 0.815 -0.015 0 1
0 0.815 -0.005 0 1
0 0.815 0.005 0 1
0 0.815 0.015 0 1
0 0.815 0.025 0 2
0 0.815 0.035 0 2
0 0.815 0.045 0 2
0 0.815 0.055 0 2
0 0.815 0.065 0 2
0 0.815 0.075 0 2
0 0.815 0.085 0 2
0 0.815 0.095 0 2
0 0.815 0.105 0 2
0 0.815 0.115 0 2
0 0.815 0.125 0 2
0 0.815 0.135 0 2
0 0.815 0.145 0 2
0 0.815 0.155 0 2
0 0.815 0.165 0 2
0 0.815 0.175 0 2
0 0.815 0.185 0 2
0 0.815 0.195 0 2
0 0.815 0.205 0 2
0 0.815 0.215 0 2
0 0.815 0.225 0 2
0 0.815 0.235 0 2
0 0.815 0.245 0 2
0 0.815 0.255 0 2
0 0.815 0.265 0 2
0 0.815 0.275 0 2
0 0.815 0.285 0 2
0 0.815 0.295 0 2
0 0.815 0.305 0 2
0 0.815 0.315 0 2
0 0.815 0.325 0 2
0 0.815 0.335 0 2
0 0.815 0.345 0 2
0 0.815 0.355 0 2
0 0.815 0.365 0 2
0 0.815 0.375 0 2
0 0.815 0.385 0 2
0 0.815 0.395 0 2
0 0.815 0.405 0 2
0 0.815 0.415 0 2
0 0.815 0.425 0 2
0 0.815 0.435 0 2
0 0.815 0.445 0 2
0 0.815 0.455 0 2
0 0.815 0.465 0 2
0 0.825 -0.455 0 2
0 0.825 -0.445 0 2
0 0.825 -0.435 0 2
0 0.825 -0.425 0 2
0 0.825 -0.415 0 2
0 0.825 -0.405 0 2
0 0.825 -0.395 0 2
0 0.825 -0.385 0 2
0 0.825 -0.375 0 2
0 0.825 -0.365 0 2
0 0.825 -0.355 0 2
0 0.825 -0.345 0 2
0 0.825 -0.335 0 1
0 0.825 -0.325 0 1
0 0.825 -0.315 0 1
0 0.825 -0.305 0 1
0 0.825 -0.295 0 1
0 0.825 -0.285 0 1
0 0.825 -0.275 0 1
0 0.825 -0.265 0 1
0 0.825 -0.255 0 1
0 0.825 -0.245 0 1
0 0.825 -0.235 0 1
0 0.825 -0.225 0 1
0 0.825 -0.215 0 1
0 0.825 -0.205 0 1
0 0.825 -0.195 0 1
0 0.825 -0.185 0 1
0 0.825 -0.175 0 1
0 0.825 -0.165 0 1
0 0.825 -0.155 0 1
0 0.825 -0.145 0 1
0 0.825 -0.135 0 1
0 0.825 -0.125 0 1
0 0.825 -0.115 0 1
0 0.825 -0.105 0 2
0 0.825 -0.095 0 2
0 0.825 -0.085 0 2
0 0.825 -0.075 0 2
0 0.825 -0.065 0 2
0 0.825 -0.055 0 1
0 0.825 -0.045 0 1
0 0.825 -0.035 0 1
0 0.825 -0.025 0 1
0 0.825 -0.015 0 1
0 0.825 -0.005 0 1
0 0.825 0.005 0 1
0 0.825 0.015 0 1
0 0.825 0.025 0 1
0 0.825 0.035 0 2
0 0.825 0.045 0 2
0 0.825 0.055 0 2
0 0.825 0.065 0 2
0 0.825 0.075 0 2
0 0.825 0.085 0 2
0 0.825 0.095 0 2
0 0.825 0.105 0 2
0 0.825 0.115 0 2
0 0.825 0.125 0 2
0 0.825 0.135 0 2
0 0.825 0.145 0 2
0 0.825 0.155 0 2
0 0.825 0.165 0 2
0 0.825 0.175 0 2
0 0.825 0.185 0 2
0 0.825 0.195 0 2
0 0.825 0.205 0 2
0 0.825 0.215 0 2
0 0.825 0.225 0 2
0 0.825 0.235 0 2
0 0.825 0.245 0 2
0 0.825 0.255 0 2
0 0.825 0.265 0 2
0 0.825 0.275 0 2
0 0.825 0.285 0 2
0 0.825 0.295 0 2
0 0.825 0.305 0 2
0 0.825 0.315 0 2
0 0.825 0.325 0 2
0 0.825 0.335 0 2
0 0.825 0.345 0 2
0 0.825 0.355 0 2
0 0.825 0.365 0 2
0 0.825 0.375 0 2
0 0.825 0.385 0 2
0 0.825 0.395 0 2
0 0.825 0.405 0 2
0 0.825 0.415 0 2
0 0.825 0.425 0 2
0 0.825 0.435 0 2
0 0.825 0.445 0 2
0 0.825 0.455 0 2
0 0.825 0.465 0 2
0 0.835 -0.455 0 2
0 0.835 -0.445 0 2
0 0.835 -0.435 0 2
0 0.835 -0.425 0 2
0 0.835 -0.415 0 2
0 0.835 -0.405 0 2
0 0.835 -0.395 0 2
0 0.835 -0.385 0 2
0 0.835 -0.375 0 2
0 0.835 -0.365 0 2
0 0.835 -0.355 0 2
0 0.835 -0.345 0 2
0 0.835 -0.335 0 2
0 0.835 -0.325 0 1
0 0.835 -0.315 0 1
0 0.835 -0.305 0 1
0 0.835 -0.295 0 1
0 0.835 -0.285 0 1
0 0.835 -0.275 0 1
0 0.835 -0.265 0 1
0 0.835 -0.255 0 1
0 0.835 -0.245 0 1
0 0.835 -0.235 0 1
0 0.835 -0.225 0 1
0 0.835 -0.215 0 1
0 0.835 -0.205 0 1
0 0.835 -0.195 0 1
0 0.835 -0.185 0 1
0 0.835 -0.175 0 1
0 0.835 -0.165 0 1
0 0.835 -0.155 0 1
0 0.835 -0.145 0 1
0 0.835 -0.135 0 1
0 0.835 -0.125 0 1
0 0.835 -0.115 0 2
0 0.835 -0.105 0 2
0 0.835 -0.095 0 2
0 0.835 -0.085 0 2
0 0.835 -0.075 0 2
0 0.835 -0.065 0 2
0 0.835 -0.055 0 1
0 0.835 -0.045 0 1
0 0.835 -0.035 0 1
0 0.835 -0.025 0 1
0 0.835 -0.015 0 1
0 0.835 -0.005 0 1
0 0.835 0.005 0 1
0 0.835 0.015 0 1
0 0.835 0.025 0 2
0 0.835 0.035 0 2
0 0.835 0.045 0 2
0 0.835 0.055 0 2
0 0.835 0.065 0 2
0 0.835 0.075 0 2
0 0.835 0.085 0 2
0 0.835 0.095 0 2
0 0.835 0.105 0 2
0 0.835 0.115 0 2
0 0.835 0.125 0 2
0 0.835 0.135 0 2
0 0.835 0.145 0 2
0 0.835 0.155 0 2
0 0.835 0.165 0 2
0 0.835 0.175 0 2
0 0.835 0.185 0 2
0 0.835 0.195 0 2
0 0.835 0.205 0 2
0 0.835 0.215 0 2
0 0.835 0.225 0 2
0 0.835 0.235 0 2
0 0.835 0.245 0 2
0 0.835 0.255 0 2
0 0.835 0.265 0 2
0 0.835 0.275 0 2
0 0.835 0.285 0 2
0 0.835 0.295 0 2
0 0.835 0.305 0 2
0 0.835 0.315 0 2
0 0.835 0.325 0 2
0 0.835 0.335 0 2
0 0.835 0.345 0 2
0 0.835 0.355 0 2
0 0.835 0.365 0 2
0 0.835 0.375 0 2
0 0.835 0.385 0 2
0 0.835 0.395 0 2
0 0.835 0.405 0 2
0 0.835 0.415 0 2
0 0.835 0.425 0 2
0 0.835 0.435 0 2
0 0.835 0.445 0 2
0 0.835 0.455 0 2
0 0.835 0.465 0 2
0 0.845 -0.455 0 2
0 0.845 -0.445 0 2
0 0.845 -0.435 0 2
0 0.845 -0.425 0 2
0 0.845 -0.415 0 2
0 0.845 -0.405 0 2
0 0.845 -0.395 0 2
0 0.845 -0.385 0 2
0 0.845 -0.375 0 2
0 0.845 -0.365 0 2
0 0.845 -0.355 0 2
0 0.845 -0.345 0 2
0 0.845 -0.335 0 2
0 0.845 -0.325 0 1
0 0.845 -0.315 0 1
0 0.845 -0.305 0 1
0 0.845 -0.295 0 1
0 0.845 -0.285 0 1
0 0.845 -0.275 0 1
0 0.845 -0.265 0 1
0 0.845 -0.255 0 1
0 0.845 -0.245 0 1
0 0.845 -0.235 0 1
0 0.845 -0.225 0 1
0 0.845 -0.215 0 1
0 0.845 -0.205 0 1
0 0.845 -0.195 0 1
0 0.845 -0.185 0 1
0 0.845 -0.175 0 1
0 0.845 -0.165 0 1
0 0.845 -0.155 0 1
0 0.845 -0.145 0 1
0 0.845 -0.135 0 1
0 0.845 -0.125 0 1
0 0.845 -0.115 0 2
0 0.845 -0.105 0 2
0 0.845 -0.095 0 2
0 0.845 -0.085 0 2
0 0.845 -0.075 0 2
0 0.845 -0.065 0 1
0 0.845 -0.055 0 1
0 0.845 -0.045 0 1
0 0.845 -0.035 0 1
0 0.845 -0.025 0 1
0 0.845 -0.015 0 1
0 0.845 -0.005 0 1
0 0.845 0.005 0 1
0 0.845 0.015 0 1
0 0.845 0.025 0 2
0 0.845 0.035 0 2
0 0.845 0.045 0 2
0 0.845 0.055 0 2
0 0.845 0.065 0 2
0 0.845 0.075 0 2
0 0.845 0.085 0 2
0 0.845 0.095 0 2
0 0.845 0.105 0 2
0 0.845 0.115 0 2
0 0.845 0.125 0 2
0 0.845 0.135 0 2
0 0.845 0.145 0 2
0 0.845 0.155 0 2
0 0.845 0.165 0 2
0 0.845 0.175 0 2
0 0.845 0.185 0 2
0 0.845 0.195 0 2
0 0.845 0.205 0 2
0 0.845 0.215 0 2
0 0.845 0.225 0 2
0 0.845 0.235 0 2
0 0.845 0.245 0 2
0 0.845 0.255 0 2
0 0.845 0.265 0 2
0 0.845 0.275 0 2
0 0.845 0.285 0 2
0 0.845 0.295 0 2
0 0.845 0.305 0 2
0 0.845 0.315 0 2
0 0.845 0.325 0 2
0 0.845 0.335 0 2
0 0.845 0.345 0 2
0 0.845 0.355 0 2
0 0.845 0.365 0 2
0 0.845 0.375 0 2
0 0.845 0.385 0 2
0 0.845 0.395 0 2
0 0.845 0.405 0 2
0 0.845 0.415 0 2
0 0.845 0.425 0 2
0 0.845 0.435 0 2
0 0.845 0.445 0 2
0 0.845 0.455 0 2
0 0.845 0.465 0 2
0 0.855 -0.455 0 2
0 0.855 -0.445 0 2
0 0.855 -0.435 0 2
0 0.855 -0.425 0 2
0 0.855 -0.415 0 2
0 0.855 -0.405 0 2
0 0.855 -0.395 0 2
0 0.855 -0.385 0 2
0 0.855 -0.375 0 2
0 0.855 -0.365 0 2
0 0.855 -0.355 0 2
0 0.855 -0.345 0 2
0 0.855 -0.335 0 2
0 0.855 -0.325 0 2
0 0.855 -0.315 0 1
0 0.855 -0.305 0 1
0 0.855 -0.295 0 1
0 0.855 -0.285 0 1
0 0.855 -0.275 0 1
0 0.855 -0.265 0 1
0 0.855 -0.255 0 1
0 0.855 -0.245 0 2
0 0.855 -0.235 0 1
0 0.855 -0.225 0 1
0 0.855 -0.215 0 1
0 0.855 -0.205 0 1
0 0.855 -0.195 0 1
0 0.855 -0.185 0 1
0 0.855 -0.175 0 1
0 0.855 -0.165 0 1
0 0.855 -0.155 0 1
0 0.855 -0.145 0 1
0 0.855 -0.135 0 1
0 0.855 -0.125 0 1
0 0.855 -0.115 0 2
0 0.855 -0.105 0 2
0 0.855 -0.095 0 2
0 0.855 -0.085 0 2
0 0.855 -0.075 0 2
0 0.855 -0.065 0 1
0 0.855 -0.055 0 1
0 0.855 -0.045 0 1
0 0.855 -0.035 0 1
0 0.855 -0.025 0 1
0 0.855 -0.015 0 1
0 0.855 -0.005 0 1
0 0.855 0.005 0 1
0 0.855 0.015 0 1
0 0.855 0.025 0 2
0 0.855 0.035 0 2
0 0.855 0.045 0 2
0 0.855 0.055 0 2
0 0.855 0.065 0 2
0 0.855 0.075 0 2
0 0.855 0.085 0 2
0 0.855 0.095 0 2
0 0.855 0.105 0 2
0 0.855 0.115 0 2
0 0.855 0.125 0 2
0 0.855 0.135 0 2
0 0.855 0.145 0 2
0 0.855 0.155 0 2
0 0.855 0.165 0 2
0 0.855 0.175 0 2
0 0.855 0.185 0 2
0 0.855 0.195 0 2
0 0.855 0.205 0 2
0 0.855 0.215 0 2
0 0.855 0.225 0 2
0 0.855 0.235 0 2
0 0.855 0.245 0 2
0 0.855 0.255 0 2
0 0.855 0.265 0 2
0 0.855 0.275 0 2
0 0.855 0.285 0 2
0 0.855 0.295 0 2
0 0.855 0.305 0 2
0 0.855 0.315 0 2
0 0.855 0.325 0 2
0 0.855 0.335 0 2
0 0.855 0.345 0 2
0 0.855 0.355 0 2
0 0.855 0.365 0 2
0 0.855 0.375 0 2
0 0.855 0.385 0 2
0 0.855 0.395 0 2
0 0.855 0.405 0 2
0 0.855 0.415 0 2
0 0.855 0.425 0 2
0 0.855 0.435 0 2
0 0.855 0.445 0 2
0 0.855 0.455 0 2
0 0.855 0.465 0 2
0 0.865 -0.455 0 2
0 0.865 -0.445 0 2
0 0.865 -0.435 0 2
0 0.865 -0.425 0 2
0 0.865 -0.415 0 2
0 0.865 -0.405 0 2
0 0.865 -0.395 0 2
0 0.865 -0.385 0 2
0 0.865 -0.375 0 2
0 0.865 -0.365 0 2
0 0.865 -0.355 0 2
0 0.865 -0.345 0 2
0 0.865 -0.335 0 2
0 0.865 -0.325 0 2
0 0.865 -0.315 0 2
0 0.865 -0.305 0 1
0 0.865 -0.295 0 1
0 0.865 -0.285 0 1
0 0.865 -0.275 0 1
0 0.865 -0.265 0 1
0 0.865 -0.255 0 1
0 0.865 -0.245 0 2
0 0.865 -0.235 0 2
0 0.865 -0.225 0 2
0 0.865 -0.215 0 2
0 0.865 -0.205 0 2
0 0.865 -0.195 0 1
0 0.865 -0.185 0 1
0 0.865 -0.175 0 1
0 0.865 -0.165 0 1
0 0.865 -0.155 0 1
0 0.865 -0.145 0 1
0 0.865 -0.135 0 1
0 0.865 -0.125 0 2
0 0.865 -0.115 0 2
0 0.865 -0.105 0 2
0 0.865 -0.095 0 2
0 0.865 -0.085 0 2
0 0.865 -0.075 0 1
0 0.865 -0.065 0 1
0 0.865 -0.055 0 1
0 0.865 -0.045 0 1
0 0.865 -0.035 0 1
0 0.865 -0.025 0 1
0 0.865 -0.015 0 1
0 0.865 -0.005 0 1
0 0.865 0.005 0 1
0 0.865 0.015 0 1
0 0.865 0.025 0 2
0 0.865 0.035 0 2
0 0.865 0.045 0 2
0 0.865 0.055 0 2
0 0.865 0.065 0 2
0 0.865 0.075 0 2
0 0.865 0.085 0 2
0 0.865 0.095 0 2
0 0.865 0.105 0 2
0 0.865 0.115 0 2
0 0.865 0.125 0 2
0 0.865 0.135 0 2
0 0.865 0.145 0 2
0 0.865 0.155 0 2
0 0.865 0.165 0 2
0 0.865 0.175 0 2
0 0.865 0.185 0 2
0 0.865 0.195 0 2
0 0.865 0.205 0 2
0 0.865 0.215 0 2
0 0.865 0.225 0 2
0 0.865 0.235 0 2
0 0.865 0.245 0 2
0 0.865 0.255 0 2
0 0.865 0.265 0 2
0 0.865 0.275 0 2
0 0.865 0.285 0 2
0 0.865 0.295 0 2
0 0.865 0.305 0 2
0 0.865 0.315 0 2
0 0.865 0.325 0 2
0 0.865 0.335 0 2
0 0.865 0.345 0 2
0 0.865 0.355 0 2
0 0.865 0.365 0 2
0 0.865 0.375 0 2
0 0.865 0.385 0 2
0 0.865 0.395 0 2
0 0.865 0.405 0 2
0 0.865 0.415 0 2
0 0.865 0.425 0 2
0 0.865 0.435 0 2
0 0.865 0.445 0 2
0 0.865 0.455 0 2
0 0.865 0.465 0 2
