t x y content type
0 -0.055 -0.455 0 2
0 -0.055 -0.445 0 2
0 -0.055 -0.435 0 2
0 -0.055 -0.425 0 2
0 -0.055 -0.415 0 2
0 -0.055 -0.405 0 2
0 -0.055 -0.395 0 2
0 -0.055 -0.385 0 2
0 -0.055 -0.375 0 2
0 -0.055 -0.365 0 2
0 -0.055 -0.355 0 2
0 -0.055 -0.345 0 2
0 -0.055 -0.335 0 1
0 -0.055 -0.325 0 1
0 -0.055 -0.315 0 1
0 -0.055 -0.305 0 1
0 -0.055 -0.295 0 1
0 -0.055 -0.285 0 1
0 -0.055 -0.275 0 1
0 -0.055 -0.265 0 2
0 -0.055 -0.255 0 2
0 -0.055 -0.245 0 2
0 -0.055 -0.235 0 2
0 -0.055 -0.225 0 2
0 -0.055 -0.215 0 2
0 -0.055 -0.205 0 2
0 -0.055 -0.195 0 2
0 -0.055 -0.185 0 2
0 -0.055 -0.175 0 2
0 -0.055 -0.165 0 2
0 -0.055 -0.155 0 2
0 -0.055 -0.145 0 2
0 -0.055 -0.135 0 2
0 -0.055 -0.125 0 2
0 -0.055 -0.115 0 2
0 -0.055 -0.105 0 2
0 -0.055 -0.095 0 2
0 -0.055 -0.085 0 2
0 -0.055 -0.075 0 2
0 -0.055 -0.065 0 2
0 -0.055 -0.055 0 1
0 -0.055 -0.045 0 1
0 -0.055 -0.035 0 1
0 -0.055 -0.025 0 1
0 -0.055 -0.015 0 1
0 -0.055 -0.005 0 1
0 -0.055 0.005 0 1
0 -0.055 0.015 0 1
0 -0.055 0.025 0 1
0 -0.055 0.035 0 1
0 -0.055 0.045 0 1
0 -0.055 0.055 0 1
0 -0.055 0.065 0 1
0 -0.055 0.075 0 2
0 -0.055 0.085 0 2
0 -0.055 0.095 0 2
0 -0.055 0.105 0 2
0 -0.055 0.115 0 2
0 -0.055 0.125 0 2
0 -0.055 0.135 0 2
0 -0.055 0.145 0 1
0 -0.055 0.155 0 1
0 -0.055 0.165 0 1
0 -0.055 0.175 0 1
0 -0.055 0.185 0 1
0 -0.055 0.195 0 1
0 -0.055 0.205 0 1
0 -0.055 0.215 0 1
0 -0.055 0.225 0 1
0 -0.055 0.235 0 1
0 -0.055 0.245 0 2
0 -0.055 0.255 0 2
0 -0.055 0.265 0 2
0 -0.055 0.275 0 2
0 -0.055 0.285 0 1
0 -0.055 0.295 0 1
0 -0.055 0.305 0 1
0 -0.055 0.315 0 1
0 -0.055 0.325 0 1
0 -0.055 0.335 0 1
0 -0.055 0.345 0 1
0 -0.055 0.355 0 1
0 -0.055 0.365 0 1
0 -0.055 0.375 0 2
0 -0.055 0.385 0 2
0 -0.055 0.395 0 2
0 -0.055 0.405 0 2
0 -0.055 0.415 0 2
0 -0.055 0.425 0 2
0 -0.055 0.435 0 2
0 -0.055 0.445 0 2
0 -0.055 0.455 0 2
0 -0.055 0.465 0 1
0 -0.045 -0.455 0 2
0 -0.045 -0.445 0 2
0 -0.045 -0.435 0 2
0 -0.045 -0.425 0 2
0 -0.045 -0.415 0 2
0 -0.045 -0.405 0 2
0 -0.045 -0.395 0 2
0 -0.045 -0.385 0 2
0 -0.045 -0.375 0 2
0 -0.045 -0.365 0 2
0 -0.045 -0.355 0 2
0 -0.045 -0.345 0 2
0 -0.045 -0.335 0 2
0 -0.045 -0.325 0 2
0 -0.045 -0.315 0 2
0 -0.045 -0.305 0 1
0 -0.045 -0.295 0 1
0 -0.045 -0.285 0 2
0 -0.045 -0.275 0 2
0 -0.045 -0.265 0 2
0 -0.045 -0.255 0 2
0 -0.045 -0.245 0 2
0 -0.045 -0.235 0 2
0 -0.045 -0.225 0 2
0 -0.045 -0.215 0 2
0 -0.045 -0.205 0 2
0 -0.045 -0.195 0 2
0 -0.045 -0.185 0 2
0 -0.045 -0.175 0 2
0 -0.045 -0.165 0 2
0 -0.045 -0.155 0 2
0 -0.045 -0.145 0 2
0 -0.045 -0.135 0 2
0 -0.045 -0.125 0 2
0 -0.045 -0.115 0 2
0 -0.045 -0.105 0 2
0 -0.045 -0.095 0 2
0 -0.045 -0.085 0 2
0 -0.045 -0.075 0 2
0 -0.045 -0.065 0 2
0 -0.045 -0.055 0 1
0 -0.045 -0.045 0 1
0 -0.045 -0.035 0 1
0 -0.045 -0.025 0 1
0 -0.045 -0.015 0 1
0 -0.045 -0.005 0 1
0 -0.045 0.005 0 1
0 -0.045 0.015 0 1
0 -0.045 0.025 0 1
0 -0.045 0.035 0 1
0 -0.045 0.045 0 1
0 -0.045 0.055 0 1
0 -0.045 0.065 0 1
0 -0.045 0.075 0 2
0 -0.045 0.085 0 2
0 -0.045 0.095 0 2
0 -0.045 0.105 0 2
0 -0.045 0.115 0 2
0 -0.045 0.125 0 2
0 -0.045 0.135 0 2
0 -0.045 0.145 0 2
0 -0.045 0.155 0 1
0 -0.045 0.165 0 1
0 -0.045 0.175 0 1
0 -0.045 0.185 0 1
0 -0.045 0.195 0 1
0 -0.045 0.205 0 1
0 -0.045 0.215 0 1
0 -0.045 0.225 0 1
0 -0.045 0.235 0 1
0 -0.045 0.245 0 2
0 -0.045 0.255 0 2
0 -0.045 0.265 0 2
0 -0.045 0.275 0 2
0 -0.045 0.285 0 2
0 -0.045 0.295 0 1
0 -0.045 0.305 0 1
0 -0.045 0.315 0 1
0 -0.045 0.325 0 1
0 -0.045 0.335 0 1
0 -0.045 0.345 0 1
0 -0.045 0.355 0 1
0 -0.045 0.365 0 1
0 -0.045 0.375 0 2
0 -0.045 0.385 0 2
0 -0.045 0.395 0 2
0 -0.045 0.405 0 2
0 -0.045 0.415 0 2
0 -0.045 0.425 0 2
0 -0.045 0.435 0 2
0 -0.045 0.445 0 2
0 -0.045 0.455 0 2
0 -0.045 0.465 0 2
0 -0.035 -0.455 0 2
0 -0.035 -0.445 0 2
0 -0.035 -0.435 0 2
0 -0.035 -0.425 0 2
0 -0.035 -0.415 0 2
0 -0.035 -0.405 0 2
0 -0.035 -0.395 0 2
0 -0.035 -0.385 0 2
0 -0.035 -0.375 0 2
0 -0.035 -0.365 0 2
0 -0.035 -0.355 0 2
0 -0.035 -0.345 0 2
0 -0.035 -0.335 0 2
0 -0.035 -0.325 0 2
0 -0.035 -0.315 0 2
0 -0.035 -0.305 0 2
0 -0.035 -0.295 0 2
0 -0.035 -0.285 0 2
0 -0.035 -0.275 0 2
0 -0.035 -0.265 0 2
0 -0.035 -0.255 0 2
0 -0.035 -0.245 0 2
0 -0.035 -0.235 0 2
0 -0.035 -0.225 0 2
0 -0.035 -0.215 0 2
0 -0.035 -0.205 0 2
0 -0.035 -0.195 0 2
0 -0.035 -0.185 0 2
0 -0.035 -0.175 0 2
0 -0.035 -0.165 0 2
0 -0.035 -0.155 0 2
0 -0.035 -0.145 0 2
0 -0.035 -0.135 0 2
0 -0.035 -0.125 0 2
0 -0.035 -0.115 0 2
0 -0.035 -0.105 0 2
0 -0.035 -0.095 0 2
0 -0.035 -0.085 0 2
0 -0.035 -0.075 0 2
0 -0.035 -0.065 0 2
0 -0.035 -0.055 0 1
0 -0.035 -0.045 0 1
0 -0.035 -0.035 0 1
0 -0.035 -0.025 0 1
0 -0.035 -0.015 0 1
0 -0.035 -0.005 0 1
0 -0.035 0.005 0 1
0 -0.035 0.015 0 1
0 -0.035 0.025 0 1
0 -0.035 0.035 0 1
0 -0.035 0.045 0 1
0 -0.035 0.055 0 1
0 -0.035 0.065 0 1
0 -0.035 0.075 0 2
0 -0.035 0.085 0 2
0 -0.035 0.095 0 2
0 -0.035 0.105 0 2
0 -0.035 0.115 0 2
0 -0.035 0.125 0 2
0 -0.035 0.135 0 2
0 -0.035 0.145 0 2
0 -0.035 0.155 0 2
0 -0.035 0.165 0 1
0 -0.035 0.175 0 1
0 -0.035 0.185 0 1
0 -0.035 0.195 0 1
0 -0.035 0.205 0 1
0 -0.035 0.215 0 1
0 -0.035 0.225 0 1
0 -0.035 0.235 0 1
0 -0.035 0.245 0 2
0 -0.035 0.255 0 2
0 -0.035 0.265 0 2
0 -0.035 0.275 0 2
0 -0.035 0.285 0 2
0 -0.035 0.295 0 2
0 -0.035 0.305 0 2
0 -0.035 0.315 0 1
0 -0.035 0.325 0 1
0 -0.035 0.335 0 1
0 -0.035 0.345 0 1
0 -0.035 0.355 0 1
0 -0.035 0.365 0 2
0 -0.035 0.375 0 2
0 -0.035 0.385 0 2
0 -0.035 0.395 0 2
0 -0.035 0.405 0 2
0 -0.035 0.415 0 2
0 -0.035 0.425 0 2
0 -0.035 0.435 0 2
0 -0.035 0.445 0 2
0 -0.035 0.455 0 2
0 -0.035 0.465 0 2
0 -0.025 -0.455 0 2
0 -0.025 -0.445 0 2
0 -0.025 -0.435 0 2
0 -0.025 -0.425 0 2
0 -0.025 -0.415 0 2
0 -0.025 -0.405 0 2
0 -0.025 -0.395 0 2
0 -0.025 -0.385 0 2
0 -0.025 -0.375 0 2
0 -0.025 -0.365 0 2
0 -0.025 -0.355 0 2
0 -0.025 -0.345 0 2
0 -0.025 -0.335 0 2
0 -0.025 -0.325 0 2
0 -0.025 -0.315 0 2
0 -0.025 -0.305 0 2
0 -0.025 -0.295 0 2
0 -0.025 -0.285 0 2
0 -0.025 -0.275 0 2
0 -0.025 -0.265 0 2
0 -0.025 -0.255 0 2
0 -0.025 -0.245 0 2
0 -0.025 -0.235 0 2
0 -0.025 -0.225 0 2
0 -0.025 -0.215 0 2
0 -0.025 -0.205 0 2
0 -0.025 -0.195 0 2
0 -0.025 -0.185 0 2
0 -0.025 -0.175 0 2
0 -0.025 -0.165 0 2
0 -0.025 -0.155 0 2
0 -0.025 -0.145 0 2
0 -0.025 -0.135 0 2
0 -0.025 -0.125 0 2
0 -0.025 -0.115 0 2
0 -0.025 -0.105 0 2
0 -0.025 -0.095 0 2
0 -0.025 -0.085 0 2
0 -0.025 -0.075 0 2
0 -0.025 -0.065 0 2
0 -0.025 -0.055 0 1
0 -0.025 -0.045 0 1
0 -0.025 -0.035 0 1
0 -0.025 -0.025 0 1
0 -0.025 -0.015 0 1
0 -0.025 -0.005 0 1
0 -0.025 0.005 0 1
0 -0.025 0.015 0 1
0 -0.025 0.025 0 1
0 -0.025 0.035 0 1
0 -0.025 0.045 0 1
0 -0.025 0.055 0 1
0 -0.025 0.065 0 2
0 -0.025 0.075 0 2
0 -0.025 0.085 0 2
0 -0.025 0.095 0 2
0 -0.025 0.105 0 2
0 -0.025 0.115 0 2
0 -0.025 0.125 0 2
0 -0.025 0.135 0 2
0 -0.025 0.145 0 2
0 -0.025 0.155 0 2
0 -0.025 0.165 0 2
0 -0.025 0.175 0 2
0 -0.025 0.185 0 2
0 -0.025 0.195 0 1
0 -0.025 0.205 0 1
0 -0.025 0.215 0 1
0 -0.025 0.225 0 2
0 -0.025 0.235 0 2
0 -0.025 0.245 0 2
0 -0.025 0.255 0 2
0 -0.025 0.265 0 2
0 -0.025 0.275 0 2
0 -0.025 0.285 0 2
0 -0.025 0.295 0 2
0 -0.025 0.305 0 2
0 -0.025 0.315 0 2
0 -0.025 0.325 0 2
0 -0.025 0.335 0 2
0 -0.025 0.345 0 2
0 -0.025 0.355 0 2
0 -0.025 0.365 0 2
0 -0.025 0.375 0 1
0 -0.025 0.385 0 1
0 -0.025 0.395 0 1
0 -0.025 0.405 0 2
0 -0.025 0.415 0 2
0 -0.025 0.425 0 2
0 -0.025 0.435 0 2
0 -0.025 0.445 0 2
0 -0.025 0.455 0 2
0 -0.025 0.465 0 2
0 -0.015 -0.455 0 2
0 -0.015 -0.445 0 2
0 -0.015 -0.435 0 2
0 -0.015 -0.425 0 2
0 -0.015 -0.415 0.001228199597 2
0 -0.015 -0.405 0.003157799897 2
0 -0.015 -0.395 0.00586755271 2
0 -0.015 -0.385 0.007816702146 2
0 -0.015 -0.375 0.009116366133 2
0 -0.015 -0.365 0.009859032484 2
0 -0.015 -0.355 0.01029487353 2
0 -0.015 -0.345 0.0105182183 2
0 -0.015 -0.335 0.01057835368 2
0 -0.015 -0.325 0.0105211283 2
0 -0.015 -0.315 0.0103774415 2
0 -0.015 -0.305 0.01016914422 2
0 -0.015 -0.295 0.009924573501 2
0 -0.015 -0.285 0.009636981703 2
0 -0.015 -0.275 0.009267818209 2
0 -0.015 -0.265 0.008716449959 2
0 -0.015 -0.255 0.007932129636 2
0 -0.015 -0.245 0.006901047159 2
0 -0.015 -0.235 0.005723158788 2
0 -0.015 -0.225 0.004491481232 2
0 -0.015 -0.215 0.003324236774 2
0 -0.015 -0.205 0.002256535539 2
0 -0.015 -0.195 0.001291211087 2
0 -0.015 -0.185 0.0004022890053 2
0 -0.015 -0.175 -0.0004283718659 2
0 -0.015 -0.165 -0.001207463245 2
0 -0.015 -0.155 -0.00194922834 2
0 -0.015 -0.145 -0.002663577426 2
0 -0.015 -0.135 -0.003356282216 2
0 -0.015 -0.125 -0.004029119148 2
0 -0.015 -0.115 -0.004681772456 2
0 -0.015 -0.105 -0.005312213667 2
0 -0.015 -0.095 -0.00591673187 2
0 -0.015 -0.085 -0.006487860278 2
0 -0.015 -0.075 -0.007006170434 2
0 -0.015 -0.065 -0.007434773624 2
0 -0.015 -0.055 -0.007770160359 2
0 -0.015 -0.045 -0.008039664585 1
0 -0.015 -0.035 -0.008324579081 1
0 -0.015 -0.025 -0.008619406489 1
0 -0.015 -0.015 -0.00884672491 2
0 -0.015 -0.005 -0.008842638267 2
0 -0.015 0.005 -0.008612026894 1
0 -0.015 0.015 -0.008242928517 1
0 -0.015 0.025 -0.007945121953 1
0 -0.015 0.035 -0.00780928339 1
0 -0.015 0.045 -0.007840827449 1
0 -0.015 0.055 -0.007961302089 1
0 -0.015 0.065 -0.008002662671 2
0 -0.015 0.075 -0.007875997982 2
0 -0.015 0.085 -0.007537599273 2
0 -0.015 0.095 -0.007059785457 2
0 -0.015 0.105 -0.006504960835 2
0 -0.015 0.115 -0.00590520702 2
0 -0.015 0.125 -0.005280135681 2
0 -0.015 0.135 -0.004659381066 2
0 -0.015 0.145 -0.00406271418 2
0 -0.015 0.155 -0.003466235849 2
0 -0.015 0.165 -0.002808134128 2
0 -0.015 0.175 -0.002006264505 2
0 -0.015 0.185 -0.001018331484 2
0 -0.015 0.195 0.0001518981225 2
0 -0.015 0.205 0.001440777151 2
0 -0.015 0.215 0.002784688255 2
0 -0.015 0.225 0.004120493564 2
0 -0.015 0.235 0.005368436111 2
0 -0.015 0.245 0.006495217047 2
0 -0.015 0.255 0.007430817409 2
0 -0.015 0.265 0.008183410568 2
0 -0.015 0.275 0.008747683147 2
0 -0.015 0.285 0.009181506529 2
0 -0.015 0.295 0.009537899524 2
0 -0.015 0.305 0.009828743058 2
0 -0.015 0.315 0.01001335121 2
0 -0.015 0.325 0.01003211772 2
0 -0.015 0.335 0.009811792208 2
0 -0.015 0.345 0.009248098179 2
0 -0.015 0.355 0.008400907584 2
0 -0.015 0.365 0.007428584476 1
0 -0.015 0.375 0.006492431262 1
0 -0.015 0.385 0.005434864229 1
0 -0.015 0.395 0.004064504402 1
0 -0.015 0.405 0.002191768114 1
0 -0.015 0.415 0.000853130517 2
0 -0.015 0.425 0 2
0 -0.015 0.435 0 2
0 -0.015 0.445 0 2
0 -0.015 0.455 0 2
0 -0.015 0.465 0 2
0 -0.005 -0.455 0 2
0 -0.005 -0.445 0 2
0 -0.005 -0.435 0 2
0 -0.005 -0.425 0 2
0 -0.005 -0.415 0.00300535329 2
0 -0.005 -0.405 0.007419210129 2
0 -0.005 -0.395 0.01441981445 2
0 -0.005 -0.385 0.01908082483 2
0 -0.005 -0.375 0.02208237411 2
0 -0.005 -0.365 0.0239355476 2
0 -0.005 -0.355 0.02501208427 2
0 -0.005 -0.345 0.02557476302 2
0 -0.005 -0.335 0.02573966906 2
0 -0.005 -0.325 0.02562268112 2
0 -0.005 -0.315 0.02529677112 2
0 -0.005 -0.305 0.0248382238 2
0 -0.005 -0.295 0.02430592462 2
0 -0.005 -0.285 0.0236637781 2
0 -0.005 -0.275 0.02278754902 2
0 -0.005 -0.265 0.02145519885 2
0 -0.005 -0.255 0.01956392707 2
0 -0.005 -0.245 0.01705107599 2
0 -0.005 -0.235 0.01417707138 2
0 -0.005 -0.225 0.01115124608 2
0 -0.005 -0.215 0.008298433947 2
0 -0.005 -0.205 0.005680259881 2
0 -0.005 -0.195 0.003336608373 2
0 -0.005 -0.185 0.001207125919 2
0 -0.005 -0.175 -0.0007653595596 2
0 -0.005 -0.165 -0.002615279196 2
0 -0.005 -0.155 -0.004384654671 2
0 -0.005 -0.145 -0.006089627731 2
0 -0.005 -0.135 -0.007746583795 2
0 -0.005 -0.125 -0.009360488006 2
0 -0.005 -0.115 -0.01093023596 2
0 -0.005 -0.105 -0.01245040283 2
0 -0.005 -0.095 -0.0139111695 2
0 -0.005 -0.085 -0.01529858893 2
0 -0.005 -0.075 -0.01658178977 2
0 -0.005 -0.065 -0.01770475483 2
0 -0.005 -0.055 -0.01865676811 2
0 -0.005 -0.045 -0.0194566152 2
0 -0.005 -0.035 -0.02021883358 2
0 -0.005 -0.025 -0.02091619225 2
0 -0.005 -0.015 -0.02143272205 2
0 -0.005 -0.005 -0.02149585054 2
0 -0.005 0.005 -0.02110865304 2
0 -0.005 0.015 -0.02039118157 1
0 -0.005 0.025 -0.0198006007 1
0 -0.005 0.035 -0.01947162348 1
0 -0.005 0.045 -0.01942033775 1
0 -0.005 0.055 -0.01953167504 2
0 -0.005 0.065 -0.01941052108 2
0 -0.005 0.075 -0.01892390155 2
0 -0.005 0.085 -0.01801540554 2
0 -0.005 0.095 -0.01682788438 2
0 -0.005 0.105 -0.01547753935 2
0 -0.005 0.115 -0.01402031247 2
0 -0.005 0.125 -0.01249741767 2
0 -0.005 0.135 -0.01097648736 2
0 -0.005 0.145 -0.009499587346 2
0 -0.005 0.155 -0.008026576425 2
0 -0.005 0.165 -0.006444310822 2
0 -0.005 0.175 -0.004553930794 2
0 -0.005 0.185 -0.002229809733 2
0 -0.005 0.195 0.0004995166574 2
0 -0.005 0.205 0.003465457148 2
0 -0.005 0.215 0.006564617475 2
0 -0.005 0.225 0.009699870367 2
0 -0.005 0.235 0.01274314505 2
0 -0.005 0.245 0.01557274108 2
0 -0.005 0.255 0.01796876858 2
0 -0.005 0.265 0.01990611331 2
0 -0.005 0.275 0.02137994793 2
0 -0.005 0.285 0.0224981738 2
0 -0.005 0.295 0.0233652895 2
0 -0.005 0.305 0.02404795931 2
0 -0.005 0.315 0.02448907057 2
0 -0.005 0.325 0.02453850912 2
0 -0.005 0.335 0.02392448296 2
0 -0.005 0.345 0.02248906106 2
0 -0.005 0.355 0.02034465433 2
0 -0.005 0.365 0.01801725096 1
0 -0.005 0.375 0.01575424043 1
0 -0.005 0.385 0.01332635003 1
0 -0.005 0.395 0.01001182525 1
0 -0.005 0.405 0.005167324685 1
0 -0.005 0.415 0.002089848015 1
0 -0.005 0.425 0 2
0 -0.005 0.435 0 2
0 -0.005 0.445 0 2
0 -0.005 0.455 0 2
0 -0.005 0.465 0 2
0 0.005 -0.455 0 1
0 0.005 -0.445 0 2
0 0.005 -0.435 0 2
0 0.005 -0.425 0 2
0 0.005 -0.415 0.005075258488 2
0 0.005 -0.405 0.01280554476 2
0 0.005 -0.395 0.02327719615 2
0 0.005 -0.385 0.02943701364 2
0 0.005 -0.375 0.03299318709 2
0 0.005 -0.365 0.03560624041 2
0 0.005 -0.355 0.03714186781 2
0 0.005 -0.345 0.0379938195 2
0 0.005 -0.335 0.03828395729 2
0 0.005 -0.325 0.03817382845 2
0 0.005 -0.315 0.03775536724 2
0 0.005 -0.305 0.03715360211 2
0 0.005 -0.295 0.03639545086 2
0 0.005 -0.285 0.03539724256 2
0 0.005 -0.275 0.03388307983 2
0 0.005 -0.265 0.03162180719 2
0 0.005 -0.255 0.02858898231 2
0 0.005 -0.245 0.02491754803 2
0 0.005 -0.235 0.02090367719 2
0 0.005 -0.225 0.0166891389 2
0 0.005 -0.215 0.01260885897 2
0 0.005 -0.205 0.008771009157 2
0 0.005 -0.195 0.005315763276 2
0 0.005 -0.185 0.002175781118 2
0 0.005 -0.175 -0.0007181249177 2
0 0.005 -0.165 -0.003428565377 2
0 0.005 -0.155 -0.00603434561 2
0 0.005 -0.145 -0.008556600454 2
0 0.005 -0.135 -0.01100977113 2
0 0.005 -0.125 -0.01340153415 2
0 0.005 -0.115 -0.01572960303 2
0 0.005 -0.105 -0.0179854234 2
0 0.005 -0.095 -0.02015511282 2
0 0.005 -0.085 -0.02222678115 2
0 0.005 -0.075 -0.02416773652 2
0 0.005 -0.065 -0.02591264457 2
0 0.005 -0.055 -0.02741154695 2
0 0.005 -0.045 -0.02868890168 2
0 0.005 -0.035 -0.02984823353 2
0 0.005 -0.025 -0.03090650345 2
0 0.005 -0.015 -0.03170798715 2
0 0.005 -0.005 -0.0319739705 2
0 0.005 0.005 -0.03167074544 2
0 0.005 0.015 -0.03099678597 2
0 0.005 0.025 -0.03036400559 2
0 0.005 0.035 -0.02991882967 2
0 0.005 0.045 -0.02965556153 2
0 0.005 0.055 -0.02943434717 2
0 0.005 0.065 -0.02891018427 2
0 0.005 0.075 -0.02790468905 2
0 0.005 0.085 -0.0263953654 2
0 0.005 0.095 -0.02456824996 2
0 0.005 0.105 -0.02254879216 2
0 0.005 0.115 -0.0203872539 2
0 0.005 0.125 -0.01813261552 2
0 0.005 0.135 -0.01586759833 2
0 0.005 0.145 -0.01364866139 2
0 0.005 0.155 -0.01139182739 2
0 0.005 0.165 -0.008962320628 2
0 0.005 0.175 -0.006167672566 2
0 0.005 0.185 -0.002866927707 1
0 0.005 0.195 0.0008939812779 1
0 0.005 0.205 0.004984977049 1
0 0.005 0.215 0.009273980832 1
0 0.005 0.225 0.01364216665 1
0 0.005 0.235 0.01800606712 2
0 0.005 0.245 0.0221389227 2
0 0.005 0.255 0.02592903763 2
0 0.005 0.265 0.02919460396 2
0 0.005 0.275 0.0317391895 2
0 0.005 0.285 0.03361045979 2
0 0.005 0.295 0.03496956665 2
0 0.005 0.305 0.03599597201 2
0 0.005 0.315 0.03665259343 2
0 0.005 0.325 0.03678021032 2
0 0.005 0.335 0.03596307518 2
0 0.005 0.345 0.0339591248 2
0 0.005 0.355 0.0306985192 1
0 0.005 0.365 0.02722562724 1
0 0.005 0.375 0.02382064509 1
0 0.005 0.385 0.02074755952 1
0 0.005 0.395 0.01629243157 1
0 0.005 0.405 0.008994104523 1
0 0.005 0.415 0.003550688591 1
0 0.005 0.425 0 1
0 0.005 0.435 0 2
0 0.005 0.445 0 2
0 0.005 0.455 0 2
0 0.005 0.465 0 2
0 0.015 -0.455 0 1
0 0.015 -0.445 0 2
0 0.015 -0.435 0 2
0 0.015 -0.425 0 2
0 0.015 -0.415 0.00627815454 2
0 0.015 -0.405 0.01577962188 2
0 0.015 -0.395 0.02695177358 2
0 0.015 -0.385 0.03346178429 2
0 0.015 -0.375 0.03634763135 2
0 0.015 -0.365 0.03896893287 2
0 0.015 -0.355 0.04047479388 2
0 0.015 -0.345 0.04136241604 2
0 0.015 -0.335 0.04169133959 2
0 0.015 -0.325 0.0416268085 2
0 0.015 -0.315 0.04124163343 2
0 0.015 -0.305 0.04068435004 2
0 0.015 -0.295 0.03989473569 2
0 0.015 -0.285 0.03868761835 2
0 0.015 -0.275 0.03665142557 2
0 0.015 -0.265 0.03377810953 2
0 0.015 -0.255 0.03015821349 2
0 0.015 -0.245 0.026266215 2
0 0.015 -0.235 0.02219913088 2
0 0.015 -0.225 0.0181052167 2
0 0.015 -0.215 0.01405093445 2
0 0.015 -0.205 0.01010788323 2
0 0.015 -0.195 0.006420028832 2
0 0.015 -0.185 0.003049377476 2
0 0.015 -0.175 -1.547774735e-05 2
0 0.015 -0.165 -0.002861734301 2
0 0.015 -0.155 -0.005597363362 2
0 0.015 -0.145 -0.008266263088 2
0 0.015 -0.135 -0.0108806908 2
0 0.015 -0.125 -0.01343950457 2
0 0.015 -0.115 -0.01593975241 2
0 0.015 -0.105 -0.01837031847 2
0 0.015 -0.095 -0.02071532774 2
0 0.015 -0.085 -0.02296176638 2
0 0.015 -0.075 -0.02507867932 2
0 0.015 -0.065 -0.02703977806 2
0 0.015 -0.055 -0.02880288072 2
0 0.015 -0.045 -0.03037056639 2
0 0.015 -0.035 -0.03171815608 2
0 0.015 -0.025 -0.03286236709 2
0 0.015 -0.015 -0.03372157899 2
0 0.015 -0.005 -0.03422496845 2
0 0.015 0.005 -0.03429556371 2
0 0.015 0.015 -0.03408015098 2
0 0.015 0.025 -0.03365773717 2
0 0.015 0.035 -0.03320232154 2
0 0.015 0.045 -0.03270434272 2
0 0.015 0.055 -0.03198964451 2
0 0.015 0.065 -0.03097904484 2
0 0.015 0.075 -0.02955790605 2
0 0.015 0.085 -0.02778306664 2
0 0.015 0.095 -0.025760553 2
0 0.015 0.105 -0.02355714063 2
0 0.015 0.115 -0.02120085084 2
0 0.015 0.125 -0.01873587443 2
0 0.015 0.135 -0.01623061614 2
0 0.015 0.145 -0.01375192103 2
0 0.015 0.155 -0.01118491098 2
0 0.015 0.165 -0.008450004752 2
0 0.015 0.175 -0.005455633584 2
0 0.015 0.185 -0.002089561411 1
0 0.015 0.195 0.001566915341 1
0 0.015 0.205 0.005437128328 1
0 0.015 0.215 0.009471772404 1
0 0.015 0.225 0.01364589303 1
0 0.015 0.235 0.01803151135 1
0 0.015 0.245 0.02244618226 1
0 0.015 0.255 0.02680217714 2
0 0.015 0.265 0.03081342729 2
0 0.015 0.275 0.03413163033 2
0 0.015 0.285 0.03665676085 2
0 0.015 0.295 0.03836930256 2
0 0.015 0.305 0.03957535596 2
0 0.015 0.315 0.04038024724 2
0 0.015 0.325 0.04070021372 2
0 0.015 0.335 0.04000154116 2
0 0.015 0.345 0.0379512418 2
0 0.015 0.355 0.03452916829 1
0 0.015 0.365 0.03063319837 1
0 0.015 0.375 0.0267736375 1
0 0.015 0.385 0.02382052866 1
0 0.015 0.395 0.01899281087 1
0 0.015 0.405 0.01113008076 1
0 0.015 0.415 0.004410078014 1
0 0.015 0.425 0 1
0 0.015 0.435 0 2
0 0.015 0.445 0 2
0 0.015 0.455 0 2
0 0.015 0.465 0 2
0 0.025 -0.455 0 1
0 0.025 -0.445 0 1
0 0.025 -0.435 0 2
0 0.025 -0.425 0 2
0 0.025 -0.415 0.006790830182 2
0 0.025 -0.405 0.01684711353 2
0 0.025 -0.395 0.0272823398 2
0 0.025 -0.385 0.03254571887 2
0 0.025 -0.375 0.03354823709 2
0 0.025 -0.365 0.03540146185 2
0 0.025 -0.355 0.03637768417 2
0 0.025 -0.345 0.03703041329 2
0 0.025 -0.335 0.03729192697 2
0 0.025 -0.325 0.03728430019 2
0 0.025 -0.315 0.03701819749 2
0 0.025 -0.305 0.03661267116 2
0 0.025 -0.295 0.03588176142 2
0 0.025 -0.285 0.03446706436 2
0 0.025 -0.275 0.03201904916 2
0 0.025 -0.265 0.02881983287 2
0 0.025 -0.255 0.02517763874 1
0 0.025 -0.245 0.02178737911 1
0 0.025 -0.235 0.01857403511 1
0 0.025 -0.225 0.01565116455 2
0 0.025 -0.215 0.01270489884 2
0 0.025 -0.205 0.009703615041 2
0 0.025 -0.195 0.006635234031 2
0 0.025 -0.185 0.003721745636 2
0 0.025 -0.175 0.001073460209 2
0 0.025 -0.165 -0.001348808984 2
0 0.025 -0.155 -0.003662085858 2
0 0.025 -0.145 -0.005938624158 2
0 0.025 -0.135 -0.008202512311 2
0 0.025 -0.125 -0.0104316576 2
0 0.025 -0.115 -0.01262341204 2
0 0.025 -0.105 -0.01476583946 2
0 0.025 -0.095 -0.01684389574 2
0 0.025 -0.085 -0.01884861385 2
0 0.025 -0.075 -0.02076090758 2
0 0.025 -0.065 -0.02256361399 2
0 0.025 -0.055 -0.02421193238 2
0 0.025 -0.045 -0.02568494827 2
0 0.025 -0.035 -0.02694559025 2
0 0.025 -0.025 -0.02801313562 2
0 0.025 -0.015 -0.02885829226 2
0 0.025 -0.005 -0.02951342899 2
0 0.025 0.005 -0.02992159325 2
0 0.025 0.015 -0.03014084734 2
0 0.025 0.025 -0.03006191291 2
0 0.025 0.035 -0.02969366892 2
0 0.025 0.045 -0.02901315648 2
0 0.025 0.055 -0.02799266429 2
0 0.025 0.065 -0.02672622284 2
0 0.025 0.075 -0.02520851319 2
0 0.025 0.085 -0.02351419077 2
0 0.025 0.095 -0.0216583095 2
0 0.025 0.105 -0.01967099435 2
0 0.025 0.115 -0.01755088267 2
0 0.025 0.125 -0.01532032803 2
0 0.025 0.135 -0.01300955851 2
0 0.025 0.145 -0.01066964512 2
0 0.025 0.155 -0.008237737422 2
0 0.025 0.165 -0.005678415632 2
0 0.025 0.175 -0.003007998657 1
0 0.025 0.185 -0.0003165145847 1
0 0.025 0.195 0.002378622693 1
0 0.025 0.205 0.005116354587 1
0 0.025 0.215 0.007990924682 1
0 0.025 0.225 0.010993314 1
0 0.025 0.235 0.01423920679 1
0 0.025 0.245 0.01785575037 1
0 0.025 0.255 0.02181433049 1
0 0.025 0.265 0.02593419244 2
0 0.025 0.275 0.02964780115 2
0 0.025 0.285 0.03263804817 2
0 0.025 0.295 0.0346481277 2
0 0.025 0.305 0.03592947313 2
0 0.025 0.315 0.03683982916 2
0 0.025 0.325 0.0374646787 2
0 0.025 0.335 0.03732439958 2
0 0.025 0.345 0.03585480187 2
0 0.025 0.355 0.03307183294 2
0 0.025 0.365 0.02929992736 1
0 0.025 0.375 0.02561013437 1
0 0.025 0.385 0.02350981639 1
0 0.025 0.395 0.01935695117 1
0 0.025 0.405 0.01190359626 1
0 0.025 0.415 0.004774558403 1
0 0.025 0.425 0 1
0 0.025 0.435 0 2
0 0.025 0.445 0 2
0 0.025 0.455 0 2
0 0.025 0.465 0 2
0 0.035 -0.455 0 1
0 0.035 -0.445 0 1
0 0.035 -0.435 0 2
0 0.035 -0.425 0 2
0 0.035 -0.415 0.00726078589 2
0 0.035 -0.405 0.01808451381 2
0 0.035 -0.395 0.02868987744 2
0 0.035 -0.385 0.03364172608 2
0 0.035 -0.375 0.03368323471 2
0 0.035 -0.365 0.03490982364 2
0 0.035 -0.355 0.03535317255 2
0 0.035 -0.345 0.03570223015 2
0 0.035 -0.335 0.03582135015 2
0 0.035 -0.325 0.03580110202 2
0 0.035 -0.315 0.03557658137 2
0 0.035 -0.305 0.03521187825 2
0 0.035 -0.295 0.03441490464 2
0 0.035 -0.285 0.03269394889 2
0 0.035 -0.275 0.0298518676 2
0 0.035 -0.265 0.02622724159 1
0 0.035 -0.255 0.02261841961 1
0 0.035 -0.245 0.0195376154 1
0 0.035 -0.235 0.01690668827 1
0 0.035 -0.225 0.01457731482 1
0 0.035 -0.215 0.01219635833 1
0 0.035 -0.205 0.009781403631 2
0 0.035 -0.195 0.007194309948 2
0 0.035 -0.185 0.004583353697 2
0 0.035 -0.175 0.002104722146 2
0 0.035 -0.165 -0.0001597583761 2
0 0.035 -0.155 -0.002259376833 2
0 0.035 -0.145 -0.004315101577 2
0 0.035 -0.135 -0.006392719209 2
0 0.035 -0.125 -0.008464981453 2
0 0.035 -0.115 -0.01051910784 2
0 0.035 -0.105 -0.01254250264 2
0 0.035 -0.095 -0.01451803791 2
0 0.035 -0.085 -0.01642816223 2
0 0.035 -0.075 -0.01825084544 2
0 0.035 -0.065 -0.01996431247 2
0 0.035 -0.055 -0.02154246984 2
0 0.035 -0.045 -0.02296582445 2
0 0.035 -0.035 -0.02420928221 2
0 0.035 -0.025 -0.02527051174 2
0 0.035 -0.015 -0.02613542353 2
0 0.035 -0.005 -0.02681090094 2
0 0.035 0.005 -0.02725941262 2
0 0.035 0.015 -0.02748071355 2
0 0.035 0.025 -0.02742153866 2
0 0.035 0.035 -0.02707395183 2
0 0.035 0.045 -0.0264255775 2
0 0.035 0.055 -0.02547574832 2
0 0.035 0.065 -0.02427567825 2
0 0.035 0.075 -0.02284832223 2
0 0.035 0.085 -0.02124532148 2
0 0.035 0.095 -0.01947827677 2
0 0.035 0.105 -0.01756290334 2
0 0.035 0.115 -0.01549981909 2
0 0.035 0.125 -0.01330614721 2
0 0.035 0.135 -0.01098580453 2
0 0.035 0.145 -0.008576143173 2
0 0.035 0.155 -0.006120805316 2
0 0.035 0.165 -0.003602194369 2
0 0.035 0.175 -0.001068206827 2
0 0.035 0.185 0.001246667656 1
0 0.035 0.195 0.003423497306 1
0 0.035 0.205 0.005590084171 1
0 0.035 0.215 0.007911576069 1
0 0.035 0.225 0.0103271208 1
0 0.035 0.235 0.01289573669 1
0 0.035 0.245 0.01586676447 1
0 0.035 0.255 0.01934885458 1
0 0.035 0.265 0.02337237004 1
0 0.035 0.275 0.02748102181 2
0 0.035 0.285 0.03092704708 2
0 0.035 0.295 0.03337912831 2
0 0.035 0.305 0.03492077483 2
0 0.035 0.315 0.03606340385 2
0 0.035 0.325 0.03700655259 2
0 0.035 0.335 0.03742465233 2
0 0.035 0.345 0.03659684268 2
0 0.035 0.355 0.03428292879 2
0 0.035 0.365 0.03067272872 1
0 0.035 0.375 0.0268076155 1
0 0.035 0.385 0.02467017001 1
0 0.035 0.395 0.0203169155 1
0 0.035 0.405 0.01265320365 1
0 0.035 0.415 0.005048489037 1
0 0.035 0.425 0 1
0 0.035 0.435 0 1
0 0.035 0.445 0 2
0 0.035 0.455 0 2
0 0.035 0.465 0 2
0 0.045 -0.455 0 1
0 0.045 -0.445 0 1
0 0.045 -0.435 0 2
0 0.045 -0.425 0 2
0 0.045 -0.415 0.007670042142 2
0 0.045 -0.405 0.01914735724 2
0 0.045 -0.395 0.02981227987 2
0 0.045 -0.385 0.03434659838 2
0 0.045 -0.375 0.03333798032 2
0 0.045 -0.365 0.03381452468 2
0 0.045 -0.355 0.03363980092 2
0 0.045 -0.345 0.03363741278 2
0 0.045 -0.335 0.03362130769 2
0 0.045 -0.325 0.03364176658 2
0 0.045 -0.315 0.03351705372 2
0 0.045 -0.305 0.03321352111 2
0 0.045 -0.295 0.03238912346 2
0 0.045 -0.285 0.03051129259 2
0 0.045 -0.275 0.02752426982 2
0 0.045 -0.265 0.0237684799 1
0 0.045 -0.255 0.02045376157 1
0 0.045 -0.245 0.01780019309 1
0 0.045 -0.235 0.01576814684 1
0 0.045 -0.225 0.01385049676 1
0 0.045 -0.215 0.0118481087 1
0 0.045 -0.205 0.009870083094 1
0 0.045 -0.195 0.007804258314 2
0 0.045 -0.185 0.005595579489 2
0 0.045 -0.175 0.003320309265 2
0 0.045 -0.165 0.001215439234 2
0 0.045 -0.155 -0.0006640514016 2
0 0.045 -0.145 -0.002474622241 2
0 0.045 -0.135 -0.004317529895 2
0 0.045 -0.125 -0.006195592792 2
0 0.045 -0.115 -0.008075202312 2
0 0.045 -0.105 -0.009945708888 2
0 0.045 -0.095 -0.01178827278 2
0 0.045 -0.085 -0.01358543914 2
0 0.045 -0.075 -0.01531550906 2
0 0.045 -0.065 -0.01695475351 2
0 0.045 -0.055 -0.01847669945 2
0 0.045 -0.045 -0.01985797753 2
0 0.045 -0.035 -0.02107569694 2
0 0.045 -0.025 -0.02211440481 2
0 0.045 -0.015 -0.0229568723 2
0 0.045 -0.005 -0.02359406436 2
0 0.045 0.005 -0.02400792281 2
0 0.045 0.015 -0.02419134615 2
0 0.045 0.025 -0.02412350997 2
0 0.045 0.035 -0.02379945626 2
0 0.045 0.045 -0.02321645017 2
0 0.045 0.055 -0.02237921296 2
0 0.045 0.065 -0.02131017175 2
0 0.045 0.075 -0.02002493891 2
0 0.045 0.085 -0.01854829002 2
0 0.045 0.095 -0.01689480537 2
0 0.045 0.105 -0.01507876636 2
0 0.045 0.115 -0.01310731505 2
0 0.045 0.125 -0.01098573638 2
0 0.045 0.135 -0.008700492268 2
0 0.045 0.145 -0.006269580018 2
0 0.045 0.155 -0.003786500251 2
0 0.045 0.165 -0.00132228375 2
0 0.045 0.175 0.001006729053 2
0 0.045 0.185 0.002976471234 1
0 0.045 0.195 0.004669223728 1
0 0.045 0.205 0.006277049823 1
0 0.045 0.215 0.008051997046 1
0 0.045 0.225 0.01002577647 1
0 0.045 0.235 0.01208775737 1
0 0.045 0.245 0.01439622488 1
0 0.045 0.255 0.01729476938 1
0 0.045 0.265 0.02089050091 1
0 0.045 0.275 0.02502690014 2
0 0.045 0.285 0.02868417837 2
0 0.045 0.295 0.03148281952 2
0 0.045 0.305 0.03331843583 2
0 0.045 0.315 0.03465679893 2
0 0.045 0.325 0.03587381429 2
0 0.045 0.335 0.03673614185 2
0 0.045 0.345 0.0366202362 2
0 0.045 0.355 0.03496402483 2
0 0.045 0.365 0.0320653145 1
0 0.045 0.375 0.02825904863 1
0 0.045 0.385 0.02605346827 1
0 0.045 0.395 0.02124202942 1
0 0.045 0.405 0.01320981 1
0 0.045 0.415 0.005233412736 1
0 0.045 0.425 0 1
0 0.045 0.435 0 1
0 0.045 0.445 0 2
0 0.045 0.455 0 2
0 0.045 0.465 0 2
0 0.055 -0.455 0 1
0 0.055 -0.445 0 2
0 0.055 -0.435 0 2
0 0.055 -0.425 0 2
0 0.055 -0.415 0.008125095529 2
0 0.055 -0.405 0.02031192725 2
0 0.055 -0.395 0.03109490609 2
0 0.055 -0.385 0.03521284096 2
0 0.055 -0.375 0.03303949214 2
0 0.055 -0.365 0.03261433685 2
0 0.055 -0.355 0.03172355555 2
0 0.055 -0.345 0.03143327648 2
0 0.055 -0.335 0.03151518303 2
0 0.055 -0.325 0.03183834775 2
0 0.055 -0.315 0.03200078032 2
0 0.055 -0.305 0.03182097971 2
0 0.055 -0.295 0.03102302991 2
0 0.055 -0.285 0.02910758208 2
0 0.055 -0.275 0.02609778718 2
0 0.055 -0.265 0.02244317435 1
0 0.055 -0.255 0.01941870604 1
0 0.055 -0.245 0.01718574635 1
0 0.055 -0.235 0.01558503716 1
0 0.055 -0.225 0.01394269596 1
0 0.055 -0.215 0.01211712715 1
0 0.055 -0.205 0.01029655378 1
0 0.055 -0.195 0.00854015778 1
0 0.055 -0.185 0.006732734572 2
0 0.055 -0.175 0.00470984944 2
0 0.055 -0.165 0.002736821016 2
0 0.055 -0.155 0.0009673042521 2
0 0.055 -0.145 -0.0006675007297 2
0 0.055 -0.135 -0.002311613404 2
0 0.055 -0.125 -0.00403090754 2
0 0.055 -0.115 -0.005768605053 2
0 0.055 -0.105 -0.007518331043 2
0 0.055 -0.095 -0.009260745454 2
0 0.055 -0.085 -0.01097843219 2
0 0.055 -0.075 -0.01264933123 2
0 0.055 -0.065 -0.01424745006 2
0 0.055 -0.055 -0.01574460526 2
0 0.055 -0.045 -0.01711291946 2
0 0.055 -0.035 -0.01832664209 2
0 0.055 -0.025 -0.01936506758 2
0 0.055 -0.015 -0.02020991983 2
0 0.055 -0.005 -0.02084783512 2
0 0.055 0.005 -0.02126475489 2
0 0.055 0.015 -0.02145209679 2
0 0.055 0.025 -0.02139991537 2
0 0.055 0.035 -0.02110569708 2
0 0.055 0.045 -0.02057059098 2
0 0.055 0.055 -0.01980085479 2
0 0.055 0.065 -0.01881037243 2
0 0.055 0.075 -0.01761287159 2
0 0.055 0.085 -0.0162250366 2
0 0.055 0.095 -0.01465907215 2
0 0.055 0.105 -0.01292452789 2
0 0.055 0.115 -0.0110248348 2
0 0.055 0.125 -0.008959034481 2
0 0.055 0.135 -0.006710481752 2
0 0.055 0.145 -0.004263774259 2
0 0.055 0.155 -0.001723282399 2
0 0.055 0.165 0.0007319490436 2
0 0.055 0.175 0.002935596471 2
0 0.055 0.185 0.004771946174 1
0 0.055 0.195 0.006182729331 1
0 0.055 0.205 0.00740311499 1
0 0.055 0.215 0.008670106752 1
0 0.055 0.225 0.01021713352 1
0 0.055 0.235 0.01192532293 1
0 0.055 0.245 0.01375932697 1
0 0.055 0.255 0.01614340458 1
0 0.055 0.265 0.01933978096 1
0 0.055 0.275 0.02327468019 2
0 0.055 0.285 0.02702042211 2
0 0.055 0.295 0.03001680138 2
0 0.055 0.305 0.03210808551 2
0 0.055 0.315 0.03361187885 2
0 0.055 0.325 0.03501014056 2
0 0.055 0.335 0.03614671561 2
0 0.055 0.345 0.03664764791 2
0 0.055 0.355 0.03584579007 2
0 0.055 0.365 0.0339328385 2
0 0.055 0.375 0.03055069766 1
0 0.055 0.385 0.02818164046 1
0 0.055 0.395 0.02268778075 1
0 0.055 0.405 0.01394715987 1
0 0.055 0.415 0.00543969569 1
0 0.055 0.425 0 1
0 0.055 0.435 0 2
0 0.055 0.445 0 2
0 0.055 0.455 0 2
0 0.055 0.465 0 2
0 0.065 -0.455 0 2
0 0.065 -0.445 0 2
0 0.065 -0.435 0 2
0 0.065 -0.425 0 2
0 0.065 -0.415 0.008498116746 2
0 0.065 -0.405 0.02127797107 2
0 0.065 -0.395 0.03208485926 2
0 0.065 -0.385 0.0356452162 2
0 0.065 -0.375 0.03228044974 2
0 0.065 -0.365 0.03100711642 2
0 0.065 -0.355 0.02946247467 2
0 0.065 -0.345 0.02888833789 2
0 0.065 -0.335 0.02909900269 2
0 0.065 -0.325 0.02984592422 2
0 0.065 -0.315 0.03055125116 2
0 0.065 -0.305 0.03069624031 2
0 0.065 -0.295 0.03001700296 2
0 0.065 -0.285 0.02821140598 2
0 0.065 -0.275 0.02532960323 2
0 0.065 -0.265 0.02187049107 1
0 0.065 -0.255 0.0189537522 1
0 0.065 -0.245 0.01690890923 1
0 0.065 -0.235 0.01553222329 1
0 0.065 -0.225 0.01419175112 1
0 0.065 -0.215 0.01263025184 1
0 0.065 -0.205 0.01099497993 1
0 0.065 -0.195 0.009424440364 1
0 0.065 -0.185 0.007902116021 2
0 0.065 -0.175 0.00621480385 2
0 0.065 -0.165 0.004425569359 2
0 0.065 -0.155 0.002732332825 2
0 0.065 -0.145 0.001233392374 2
0 0.065 -0.135 -0.0002406373594 2
0 0.065 -0.125 -0.001816508607 2
0 0.065 -0.115 -0.003422875635 2
0 0.065 -0.105 -0.005061146918 2
0 0.065 -0.095 -0.006716350959 2
0 0.065 -0.085 -0.008372924957 2
0 0.065 -0.075 -0.01000903043 2
0 0.065 -0.065 -0.01159360476 2
0 0.065 -0.055 -0.01309338903 2
0 0.065 -0.045 -0.01447316876 2
0 0.065 -0.035 -0.01570193496 2
0 0.065 -0.025 -0.01675395088 2
0 0.065 -0.015 -0.01760919203 2
0 0.065 -0.005 -0.01825347826 2
0 0.065 0.005 -0.01867624286 2
0 0.065 0.015 -0.01887163434 2
0 0.065 0.025 -0.01883602094 2
0 0.065 0.035 -0.01857016904 2
0 0.065 0.045 -0.01807792418 2
0 0.065 0.055 -0.01736631979 2
0 0.065 0.065 -0.01644573863 2
0 0.065 0.075 -0.01532707994 2
0 0.065 0.085 -0.01402182668 2
0 0.065 0.095 -0.01253912017 2
0 0.065 0.105 -0.01088532231 2
0 0.065 0.115 -0.009061982651 2
0 0.065 0.125 -0.007064076754 2
0 0.065 0.135 -0.004881059579 2
0 0.065 0.145 -0.002464263627 2
0 0.065 0.155 9.424281804e-05 2
0 0.065 0.165 0.002587956961 2
0 0.065 0.175 0.004800810472 2
0 0.065 0.185 0.006668691202 2
0 0.065 0.195 0.007993513942 1
0 0.065 0.205 0.008980543474 1
0 0.065 0.215 0.009879111646 1
0 0.065 0.225 0.01094388519 1
0 0.065 0.235 0.01219421084 1
0 0.065 0.245 0.01359919408 1
0 0.065 0.255 0.01554694942 1
0 0.065 0.265 0.01834956328 1
0 0.065 0.275 0.02199646862 1
0 0.065 0.285 0.02576309497 2
0 0.065 0.295 0.02883659878 2
0 0.065 0.305 0.03103848241 2
0 0.065 0.315 0.03264827566 2
0 0.065 0.325 0.03411890597 2
0 0.065 0.335 0.03539178554 2
0 0.065 0.345 0.03632315927 2
0 0.065 0.355 0.03634078245 2
0 0.065 0.365 0.03536854061 2
0 0.065 0.375 0.03279251161 2
0 0.065 0.385 0.03071503077 1
0 0.065 0.395 0.02466821035 1
0 0.065 0.405 0.01506484688 1
0 0.065 0.415 0.005844076888 1
0 0.065 0.425 0 1
0 0.065 0.435 0 2
0 0.065 0.445 0 2
0 0.065 0.455 0 2
0 0.065 0.465 0 2
0 0.075 -0.455 0 2
0 0.075 -0.445 0 2
0 0.075 -0.435 0 2
0 0.075 -0.425 0 2
0 0.075 -0.415 0.008726076393 2
0 0.075 -0.405 0.02185199333 2
0 0.075 -0.395 0.03253762081 2
0 0.075 -0.385 0.03563034264 2
0 0.075 -0.375 0.031419447 2
0 0.075 -0.365 0.02945196302 1
0 0.075 -0.355 0.02725572342 1
0 0.075 -0.345 0.02640672989 1
0 0.075 -0.335 0.02688677178 1
0 0.075 -0.325 0.02815977348 2
0 0.075 -0.315 0.02948660817 2
0 0.075 -0.305 0.03004310572 2
0 0.075 -0.295 0.02953368871 2
0 0.075 -0.285 0.02791182891 2
0 0.075 -0.275 0.02516403698 2
0 0.075 -0.265 0.02181159463 1
0 0.075 -0.255 0.01883582224 1
0 0.075 -0.245 0.01678726899 1
0 0.075 -0.235 0.01545867116 1
0 0.075 -0.225 0.0143095018 1
0 0.075 -0.215 0.01299902017 1
0 0.075 -0.205 0.01160057643 1
0 0.075 -0.195 0.01032534088 1
0 0.075 -0.185 0.009104108331 1
0 0.075 -0.175 0.0077899554 2
0 0.075 -0.165 0.00620915709 2
0 0.075 -0.155 0.004618428517 2
0 0.075 -0.145 0.003216027154 2
0 0.075 -0.135 0.001871899619 2
0 0.075 -0.125 0.0004227876349 2
0 0.075 -0.115 -0.001062723603 2
0 0.075 -0.105 -0.002599087203 2
0 0.075 -0.095 -0.004184149051 2
0 0.075 -0.085 -0.005805022162 2
0 0.075 -0.075 -0.007442056204 2
0 0.075 -0.065 -0.009052893767 2
0 0.075 -0.055 -0.01059516388 2
0 0.075 -0.045 -0.01202026043 2
0 0.075 -0.035 -0.01329065696 2
0 0.075 -0.025 -0.01437660715 2
0 0.075 -0.015 -0.01525754886 2
0 0.075 -0.005 -0.01592018826 2
0 0.075 0.005 -0.01635691678 2
0 0.075 0.015 -0.01656549133 2
0 0.075 0.025 -0.01654695764 2
0 0.075 0.035 -0.01630555403 2
0 0.075 0.045 -0.01584761386 2
0 0.075 0.055 -0.01518121381 2
0 0.075 0.065 -0.01431576389 2
0 0.075 0.075 -0.01326077079 2
0 0.075 0.085 -0.01202530909 2
0 0.075 0.095 -0.01061659185 2
0 0.075 0.105 -0.009039058558 2
0 0.075 0.115 -0.007293579742 2
0 0.075 0.125 -0.005373666146 2
0 0.075 0.135 -0.003277834561 2
0 0.075 0.145 -0.0009510292644 2
0 0.075 0.155 0.001556632532 2
0 0.075 0.165 0.004111102717 2
0 0.075 0.175 0.0064463106 2
0 0.075 0.185 0.008404671667 2
0 0.075 0.195 0.009851430457 2
0 0.075 0.205 0.01085263095 1
0 0.075 0.215 0.01158132183 1
0 0.075 0.225 0.01227531806 1
0 0.075 0.235 0.01316187217 1
0 0.075 0.245 0.01422999748 1
0 0.075 0.255 0.01586578534 1
0 0.075 0.265 0.01836598942 1
0 0.075 0.275 0.02170606995 2
0 0.075 0.285 0.02517481042 2
0 0.075 0.295 0.02806310843 2
0 0.075 0.305 0.03022303109 2
0 0.075 0.315 0.03189991854 2
0 0.075 0.325 0.03336476464 2
0 0.075 0.335 0.03463634336 2
0 0.075 0.345 0.03570802806 2
0 0.075 0.355 0.03626644036 2
0 0.075 0.365 0.03616112215 2
0 0.075 0.375 0.03448210342 2
0 0.075 0.385 0.03328246558 2
0 0.075 0.395 0.02719316233 1
0 0.075 0.405 0.01666813967 1
0 0.075 0.415 0.006476402258 1
0 0.075 0.425 0 2
0 0.075 0.435 0 2
0 0.075 0.445 0 2
0 0.075 0.455 0 2
0 0.075 0.465 0 2
0 0.085 -0.455 0 1
0 0.085 -0.445 0 1
0 0.085 -0.435 0 1
0 0.085 -0.425 0 1
0 0.085 -0.415 0.008727500816 1
0 0.085 -0.405 0.02182497712 1
0 0.085 -0.395 0.03233310736 1
0 0.085 -0.385 0.03532560714 2
0 0.085 -0.375 0.0308354002 1
0 0.085 -0.365 0.02868949014 1
0 0.085 -0.355 0.02636165188 1
0 0.085 -0.345 0.02522901848 1
0 0.085 -0.335 0.02538047768 1
0 0.085 -0.325 0.02671678157 1
0 0.085 -0.315 0.0285459324 2
0 0.085 -0.305 0.02974218356 2
0 0.085 -0.295 0.02951835429 2
0 0.085 -0.285 0.02805011223 2
0 0.085 -0.275 0.02547252274 2
0 0.085 -0.265 0.02223418618 2
0 0.085 -0.255 0.01909195128 1
0 0.085 -0.245 0.01679176293 1
0 0.085 -0.235 0.0153446669 1
0 0.085 -0.225 0.01429958343 1
0 0.085 -0.215 0.01320112752 1
0 0.085 -0.205 0.01205332591 1
0 0.085 -0.195 0.01115547973 1
0 0.085 -0.185 0.0102873939 1
0 0.085 -0.175 0.009340049977 2
0 0.085 -0.165 0.008036857201 2
0 0.085 -0.155 0.006614024839 2
0 0.085 -0.145 0.005278852564 2
0 0.085 -0.135 0.004016983222 2
0 0.085 -0.125 0.002681189707 2
0 0.085 -0.115 0.001314971048 2
0 0.085 -0.105 -0.0001131868109 2
0 0.085 -0.095 -0.001632711695 2
0 0.085 -0.085 -0.003235792116 2
0 0.085 -0.075 -0.004911652563 2
0 0.085 -0.065 -0.006591442352 2
0 0.085 -0.055 -0.008221792522 2
0 0.085 -0.045 -0.009730789521 2
0 0.085 -0.035 -0.01107337074 2
0 0.085 -0.025 -0.01221430943 2
0 0.085 -0.015 -0.01313337729 2
0 0.085 -0.005 -0.01382040574 2
0 0.085 0.005 -0.01427221221 2
0 0.085 0.015 -0.01449200853 2
0 0.085 0.025 -0.01448583864 2
0 0.085 0.035 -0.01426208224 2
0 0.085 0.045 -0.01382991684 2
0 0.085 0.055 -0.01319894133 2
0 0.085 0.065 -0.01237868315 2
0 0.085 0.075 -0.01137803325 2
0 0.085 0.085 -0.01020481762 2
0 0.085 0.095 -0.008865137761 2
0 0.085 0.105 -0.007362590886 2
0 0.085 0.115 -0.005698362113 2
0 0.085 0.125 -0.003867308821 2
0 0.085 0.135 -0.001867622637 2
0 0.085 0.145 0.0003342372209 2
0 0.085 0.155 0.00272446262 2
0 0.085 0.165 0.005230573125 2
0 0.085 0.175 0.007647937355 2
0 0.085 0.185 0.009751969436 2
0 0.085 0.195 0.01138511945 2
0 0.085 0.205 0.0126234913 2
0 0.085 0.215 0.01353656209 2
0 0.085 0.225 0.01415634797 1
0 0.085 0.235 0.01477110559 1
0 0.085 0.245 0.01558692014 1
0 0.085 0.255 0.01698031669 1
0 0.085 0.265 0.01914736833 1
0 0.085 0.275 0.02204402163 2
0 0.085 0.285 0.02507053195 2
0 0.085 0.295 0.02769391943 2
0 0.085 0.305 0.02974910127 2
0 0.085 0.315 0.03140490615 2
0 0.085 0.325 0.03277653424 2
0 0.085 0.335 0.0338907407 2
0 0.085 0.345 0.03483698206 2
0 0.085 0.355 0.03550269752 2
0 0.085 0.365 0.03599661875 2
0 0.085 0.375 0.03523005081 2
0 0.085 0.385 0.03534769292 2
0 0.085 0.395 0.02994062888 2
0 0.085 0.405 0.01888244334 2
0 0.085 0.415 0.007402257211 2
0 0.085 0.425 0 2
0 0.085 0.435 0 2
0 0.085 0.445 0 2
0 0.085 0.455 0 2
0 0.085 0.465 0 2
0 0.095 -0.455 0 1
0 0.095 -0.445 0 1
0 0.095 -0.435 0 1
0 0.095 -0.425 0 1
0 0.095 -0.415 0.00871285332 1
0 0.095 -0.405 0.02178041399 1
0 0.095 -0.395 0.03215307965 1
0 0.095 -0.385 0.03516117457 1
0 0.095 -0.375 0.03086099924 1
0 0.095 -0.365 0.02890041024 1
0 0.095 -0.355 0.02656691416 1
0 0.095 -0.345 0.02515087896 1
0 0.095 -0.335 0.02486926725 1
0 0.095 -0.325 0.02607005647 1
0 0.095 -0.315 0.02801481355 2
0 0.095 -0.305 0.02970923151 2
0 0.095 -0.295 0.02981838876 2
0 0.095 -0.285 0.02847689482 2
0 0.095 -0.275 0.02601130324 2
0 0.095 -0.265 0.02285458065 2
0 0.095 -0.255 0.0196272226 1
0 0.095 -0.245 0.0170132865 1
0 0.095 -0.235 0.01528110128 1
0 0.095 -0.225 0.01417812957 1
0 0.095 -0.215 0.0132412188 1
0 0.095 -0.205 0.01236059986 1
0 0.095 -0.195 0.01184546864 1
0 0.095 -0.185 0.01140052791 1
0 0.095 -0.175 0.01088593395 2
0 0.095 -0.165 0.00989756176 2
0 0.095 -0.155 0.008658564771 2
0 0.095 -0.145 0.007390837362 2
0 0.095 -0.135 0.006204304542 2
0 0.095 -0.125 0.005007881869 2
0 0.095 -0.115 0.003815244465 2
0 0.095 -0.105 0.002551072742 2
0 0.095 -0.095 0.001098874148 2
0 0.095 -0.085 -0.0005274129154 2
0 0.095 -0.075 -0.00235966611 2
0 0.095 -0.065 -0.004211689586 2
0 0.095 -0.055 -0.006009728023 2
0 0.095 -0.045 -0.007643738199 2
0 0.095 -0.035 -0.009081462011 2
0 0.095 -0.025 -0.01029685305 2
0 0.095 -0.015 -0.01126367081 2
0 0.095 -0.005 -0.01197680361 2
0 0.095 0.005 -0.01243956467 2
0 0.095 0.015 -0.01266362427 2
0 0.095 0.025 -0.01266104694 2
0 0.095 0.035 -0.01244521258 2
0 0.095 0.045 -0.01202861821 2
0 0.095 0.055 -0.01142275558 2
0 0.095 0.065 -0.01063781186 2
0 0.095 0.075 -0.009682585827 2
0 0.095 0.085 -0.008564356176 2
0 0.095 0.095 -0.007288739148 2
0 0.095 0.105 -0.005859262095 2
0 0.095 0.115 -0.004277870653 2
0 0.095 0.125 -0.002542504803 2
0 0.095 0.135 -0.000652602558 2
0 0.095 0.145 0.00140117823 2
0 0.095 0.155 0.003619717062 2
0 0.095 0.165 0.005973890598 2
0 0.095 0.175 0.008328054886 2
0 0.095 0.185 0.01054497823 2
0 0.095 0.195 0.01243103706 2
0 0.095 0.205 0.01390415459 2
0 0.095 0.215 0.01495764795 2
0 0.095 0.225 0.01579869221 2
0 0.095 0.235 0.01656018744 2
0 0.095 0.245 0.01741407357 2
0 0.095 0.255 0.01869527869 2
0 0.095 0.265 0.02054376477 2
0 0.095 0.275 0.02286431687 2
0 0.095 0.285 0.02532532436 2
0 0.095 0.295 0.02762172244 2
0 0.095 0.305 0.02958887567 2
0 0.095 0.315 0.03121861239 2
0 0.095 0.325 0.03247592253 2
0 0.095 0.335 0.03335018528 2
0 0.095 0.345 0.03398339653 2
0 0.095 0.355 0.03441946862 2
0 0.095 0.365 0.03513846639 2
0 0.095 0.375 0.03516215146 2
0 0.095 0.385 0.03689101436 2
0 0.095 0.395 0.03229186135 2
0 0.095 0.405 0.020939019 2
0 0.095 0.415 0.008316188978 2
0 0.095 0.425 0 2
0 0.095 0.435 0 2
0 0.095 0.445 0 2
0 0.095 0.455 0 2
0 0.095 0.465 0 2
0 0.105 -0.455 0 1
0 0.105 -0.445 0 1
0 0.105 -0.435 0 1
0 0.105 -0.425 0 1
0 0.105 -0.415 0.00874334177 1
0 0.105 -0.405 0.02185889387 1
0 0.105 -0.395 0.03243631184 1
0 0.105 -0.385 0.0356759845 1
0 0.105 -0.375 0.03154680862 1
0 0.105 -0.365 0.02977042494 1
0 0.105 -0.355 0.02753748322 1
0 0.105 -0.345 0.02589402363 1
0 0.105 -0.335 0.02500670709 1
0 0.105 -0.325 0.0257104398 1
0 0.105 -0.315 0.02769825844 1
0 0.105 -0.305 0.02991339248 2
0 0.105 -0.295 0.03042501671 2
0 0.105 -0.285 0.02912326887 2
0 0.105 -0.275 0.02666580183 2
0 0.105 -0.265 0.0236208457 2
0 0.105 -0.255 0.02045446037 2
0 0.105 -0.245 0.01762052249 1
0 0.105 -0.235 0.01551157556 1
0 0.105 -0.225 0.01415341954 1
0 0.105 -0.215 0.01322449851 1
0 0.105 -0.205 0.01265251957 1
0 0.105 -0.195 0.01255833556 1
0 0.105 -0.185 0.01255120436 1
0 0.105 -0.175 0.01239934612 2
0 0.105 -0.165 0.01167759757 2
0 0.105 -0.155 0.01063856531 2
0 0.105 -0.145 0.009440385079 2
0 0.105 -0.135 0.008313574657 2
0 0.105 -0.125 0.007161361917 2
0 0.105 -0.115 0.006109664932 2
0 0.105 -0.105 0.005069976762 2
0 0.105 -0.095 0.003757551497 2
0 0.105 -0.085 0.002188535687 2
0 0.105 -0.075 0.0001739305868 2
0 0.105 -0.065 -0.001878028779 2
0 0.105 -0.055 -0.003923052875 2
0 0.105 -0.045 -0.00575301626 2
0 0.105 -0.035 -0.007339642218 2
0 0.105 -0.025 -0.0086545397 2
0 0.105 -0.015 -0.009667120985 2
0 0.105 -0.005 -0.01040050585 2
0 0.105 0.005 -0.01086262598 2
0 0.105 0.015 -0.01107740877 2
0 0.105 0.025 -0.01106469164 2
0 0.105 0.035 -0.01084379145 2
0 0.105 0.045 -0.01043089956 2
0 0.105 0.055 -0.009839512966 2
0 0.105 0.065 -0.009080545407 2
0 0.105 0.075 -0.00816281573 2
0 0.105 0.085 -0.007093261378 2
0 0.105 0.095 -0.005877229942 2
0 0.105 0.105 -0.00451848385 2
0 0.105 0.115 -0.003019781522 2
0 0.105 0.125 -0.001382302974 2
0 0.105 0.135 0.000391882546 2
0 0.105 0.145 0.002296928656 2
0 0.105 0.155 0.00432584787 2
0 0.105 0.165 0.006474498951 2
0 0.105 0.175 0.008660898452 2
0 0.105 0.185 0.01082221784 2
0 0.105 0.195 0.01281098296 2
0 0.105 0.205 0.01451990372 2
0 0.105 0.215 0.01585638553 2
0 0.105 0.225 0.01695600086 2
0 0.105 0.235 0.01788013605 2
0 0.105 0.245 0.01885116458 2
0 0.105 0.255 0.02006366001 2
0 0.105 0.265 0.02166764957 2
0 0.105 0.275 0.02365334554 2
0 0.105 0.285 0.02580694135 2
0 0.105 0.295 0.02789921101 2
0 0.105 0.305 0.02979606917 2
0 0.105 0.315 0.0314163211 2
0 0.105 0.325 0.03258856269 2
0 0.105 0.335 0.03320030515 2
0 0.105 0.345 0.03330567915 2
0 0.105 0.355 0.03310829054 2
0 0.105 0.365 0.03360320563 2
0 0.105 0.375 0.03397798222 2
0 0.105 0.385 0.03737625887 2
0 0.105 0.395 0.03389629565 2
0 0.105 0.405 0.02272634052 2
0 0.105 0.415 0.009172883836 2
0 0.105 0.425 0 2
0 0.105 0.435 0 2
0 0.105 0.445 0 2
0 0.105 0.455 0 2
0 0.105 0.465 0 2
0 0.115 -0.455 0 1
0 0.115 -0.445 0 1
0 0.115 -0.435 0 1
0 0.115 -0.425 0 1
0 0.115 -0.415 0.008908483572 1
0 0.115 -0.405 0.02232970671 1
0 0.115 -0.395 0.03325953511 1
0 0.115 -0.385 0.03671653217 1
0 0.115 -0.375 0.03271324428 1
0 0.115 -0.365 0.03099614627 1
0 0.115 -0.355 0.02866445676 1
0 0.115 -0.345 0.02670815822 1
0 0.115 -0.335 0.0253631081 1
0 0.115 -0.325 0.02577723003 1
0 0.115 -0.315 0.02781052511 1
0 0.115 -0.305 0.03026203727 2
0 0.115 -0.295 0.03108393269 2
0 0.115 -0.285 0.02983306482 2
0 0.115 -0.275 0.02730242389 2
0 0.115 -0.265 0.02427074481 2
0 0.115 -0.255 0.0212937415 2
0 0.115 -0.245 0.01850758524 2
0 0.115 -0.235 0.01618314833 1
0 0.115 -0.225 0.01457510523 1
0 0.115 -0.215 0.01359589414 1
0 0.115 -0.205 0.01322858133 1
0 0.115 -0.195 0.013324526 1
0 0.115 -0.185 0.01357136357 1
0 0.115 -0.175 0.01353679694 2
0 0.115 -0.165 0.01296995637 2
0 0.115 -0.155 0.01204391774 2
0 0.115 -0.145 0.01082597891 2
0 0.115 -0.135 0.009717088025 2
0 0.115 -0.125 0.008529738667 2
0 0.115 -0.115 0.007524885899 2
0 0.115 -0.105 0.006702648396 2
0 0.115 -0.095 0.005700868863 2
0 0.115 -0.085 0.00439880587 2
0 0.115 -0.075 0.002369496309 2
0 0.115 -0.065 0.0001967773467 2
0 0.115 -0.055 -0.002104788156 2
0 0.115 -0.045 -0.004145840528 2
0 0.115 -0.035 -0.005905578766 2
0 0.115 -0.025 -0.007338425303 2
0 0.115 -0.015 -0.008382278688 2
0 0.115 -0.005 -0.009114017229 2
0 0.115 0.005 -0.009552690758 2
0 0.115 0.015 -0.00973561974 2
0 0.115 0.025 -0.009693141349 2
0 0.115 0.035 -0.009450826929 2
0 0.115 0.045 -0.009027982522 2
0 0.115 0.055 -0.008439840884 2
0 0.115 0.065 -0.007697619723 2
0 0.115 0.075 -0.006809859058 2
0 0.115 0.085 -0.005782970699 2
0 0.115 0.095 -0.004621906881 2
0 0.115 0.105 -0.003330548259 2
0 0.115 0.115 -0.001912333576 2
0 0.115 0.125 -0.0003707127448 2
0 0.115 0.135 0.001289524903 2
0 0.115 0.145 0.003061251448 2
0 0.115 0.155 0.004926550505 2
0 0.115 0.165 0.00687545405 2
0 0.115 0.175 0.008863226199 2
0 0.115 0.185 0.01086342427 2
0 0.115 0.195 0.01277307192 2
0 0.115 0.205 0.01452559656 2
0 0.115 0.215 0.01605293516 2
0 0.115 0.225 0.01738370023 2
0 0.115 0.235 0.01854355073 2
0 0.115 0.245 0.01971339612 2
0 0.115 0.255 0.02101381319 2
0 0.115 0.265 0.02257020928 2
0 0.115 0.275 0.02440607522 2
0 0.115 0.285 0.02640864895 2
0 0.115 0.295 0.0284211373 2
0 0.115 0.305 0.03031623011 2
0 0.115 0.315 0.03197802465 2
0 0.115 0.325 0.03307864348 2
0 0.115 0.335 0.03336553858 2
0 0.115 0.345 0.03277289368 2
0 0.115 0.355 0.03185630022 2
0 0.115 0.365 0.03192266898 2
0 0.115 0.375 0.03236222269 2
0 0.115 0.385 0.03710919997 2
0 0.115 0.395 0.03460813336 2
0 0.115 0.405 0.0239165302 2
0 0.115 0.415 0.009794360999 2
0 0.115 0.425 0 2
0 0.115 0.435 0 2
0 0.115 0.445 0 2
0 0.115 0.455 0 2
0 0.115 0.465 0 2
0 0.125 -0.455 0 1
0 0.125 -0.445 0 1
0 0.125 -0.435 0 1
0 0.125 -0.425 0 1
0 0.125 -0.415 0.009106706894 1
0 0.125 -0.405 0.02299646128 1
0 0.125 -0.395 0.03436712467 1
0 0.125 -0.385 0.038112664 1
0 0.125 -0.375 0.03412526955 1
0 0.125 -0.365 0.03222446834 1
0 0.125 -0.355 0.02964238354 1
0 0.125 -0.345 0.02739002576 1
0 0.125 -0.335 0.02572806763 1
0 0.125 -0.325 0.02596975086 1
0 0.125 -0.315 0.0280355548 1
0 0.125 -0.305 0.03075865343 2
0 0.125 -0.295 0.03181095538 2
0 0.125 -0.285 0.03054602118 2
0 0.125 -0.275 0.02790501143 2
0 0.125 -0.265 0.02481379745 2
0 0.125 -0.255 0.02200942858 2
0 0.125 -0.245 0.01942409365 2
0 0.125 -0.235 0.01717985677 2
0 0.125 -0.225 0.01542209201 2
0 0.125 -0.215 0.0143286407 1
0 0.125 -0.205 0.01401540188 1
0 0.125 -0.195 0.01410107491 1
0 0.125 -0.185 0.01422897275 2
0 0.125 -0.175 0.01392314238 2
0 0.125 -0.165 0.01324710815 2
0 0.125 -0.155 0.01230636062 2
0 0.125 -0.145 0.01105611626 2
0 0.125 -0.135 0.009853393477 2
0 0.125 -0.125 0.008609727193 2
0 0.125 -0.115 0.007548309565 2
0 0.125 -0.105 0.006747428784 2
0 0.125 -0.095 0.006051444479 2
0 0.125 -0.085 0.005204615909 2
0 0.125 -0.075 0.003711123921 2
0 0.125 -0.065 0.001773893922 2
0 0.125 -0.055 -0.0005741580637 2
0 0.125 -0.045 -0.002873493674 2
0 0.125 -0.035 -0.004842676395 2
0 0.125 -0.025 -0.006380595008 2
0 0.125 -0.015 -0.007437278946 2
0 0.125 -0.005 -0.008133615825 2
0 0.125 0.005 -0.008514513194 2
0 0.125 0.015 -0.008635281566 2
0 0.125 0.025 -0.008537679938 2
0 0.125 0.035 -0.008254649551 2
0 0.125 0.045 -0.007806921662 2
0 0.125 0.055 -0.007210673076 2
0 0.125 0.065 -0.006476479776 2
0 0.125 0.075 -0.005611844222 2
0 0.125 0.085 -0.004622122643 2
0 0.125 0.095 -0.0035114562 2
0 0.125 0.105 -0.002283427401 2
0 0.125 0.115 -0.0009417144812 2
0 0.125 0.125 0.000509213089 2
0 0.125 0.135 0.002062932671 2
0 0.125 0.145 0.003710917058 2
0 0.125 0.155 0.005438218089 2
0 0.125 0.165 0.007224911936 2
0 0.125 0.175 0.009038898123 2
0 0.125 0.185 0.01086226372 2
0 0.125 0.195 0.01264835437 2
0 0.125 0.205 0.01435791098 2
0 0.125 0.215 0.0159423692 2
0 0.125 0.225 0.01740893066 2
0 0.125 0.235 0.01878180308 2
0 0.125 0.245 0.02015719775 2
0 0.125 0.255 0.02162508014 2
0 0.125 0.265 0.0232706765 2
0 0.125 0.275 0.02510601437 2
0 0.125 0.285 0.02708715822 2
0 0.125 0.295 0.02911321209 2
0 0.125 0.305 0.03112319433 2
0 0.125 0.315 0.03294900604 2
0 0.125 0.325 0.0340897926 2
0 0.125 0.335 0.03400861486 2
0 0.125 0.345 0.03247412349 2
0 0.125 0.355 0.03070172339 1
0 0.125 0.365 0.03018434499 1
0 0.125 0.375 0.03063060697 1
0 0.125 0.385 0.03637316704 1
0 0.125 0.395 0.03484149122 1
0 0.125 0.405 0.02470390454 2
0 0.125 0.415 0.01020858736 2
0 0.125 0.425 0 2
0 0.125 0.435 0 2
0 0.125 0.445 0 2
0 0.125 0.455 0 2
0 0.125 0.465 0 2
0 0.135 -0.455 0 1
0 0.135 -0.445 0 1
0 0.135 -0.435 0 1
0 0.135 -0.425 0 1
0 0.135 -0.415 0.009438526618 1
0 0.135 -0.405 0.02399441002 1
0 0.135 -0.395 0.03596218422 1
0 0.135 -0.385 0.0399781063 1
0 0.135 -0.375 0.03567442267 1
0 0.135 -0.365 0.03328208932 1
0 0.135 -0.355 0.03027190429 1
0 0.135 -0.345 0.02777392352 1
0 0.135 -0.335 0.0260276447 1
0 0.135 -0.325 0.02629379826 1
0 0.135 -0.315 0.0284388982 1
0 0.135 -0.305 0.03132002934 2
0 0.135 -0.295 0.03243936286 2
0 0.135 -0.285 0.03111499238 2
0 0.135 -0.275 0.02837550623 2
0 0.135 -0.265 0.02523065128 2
0 0.135 -0.255 0.02254029577 2
0 0.135 -0.245 0.02006950196 2
0 0.135 -0.235 0.01798408598 2
0 0.135 -0.225 0.01638739421 2
0 0.135 -0.215 0.01532576649 2
0 0.135 -0.205 0.01473702106 2
0 0.135 -0.195 0.01438802717 2
0 0.135 -0.185 0.01406546128 2
0 0.135 -0.175 0.01333046494 2
0 0.135 -0.165 0.01223695663 2
0 0.135 -0.155 0.01110079862 2
0 0.135 -0.145 0.009873646934 2
0 0.135 -0.135 0.008487294165 1
0 0.135 -0.125 0.007097110076 2
0 0.135 -0.115 0.00596723089 2
0 0.135 -0.105 0.005381022618 1
0 0.135 -0.095 0.00512957142 1
0 0.135 -0.085 0.004543998604 1
0 0.135 -0.075 0.0036049476 2
0 0.135 -0.065 0.00213545747 2
0 0.135 -0.055 0.0002767799094 2
0 0.135 -0.045 -0.002041988174 2
0 0.135 -0.035 -0.004252941218 2
0 0.135 -0.025 -0.005889377768 2
0 0.135 -0.015 -0.006912815346 2
0 0.135 -0.005 -0.007491425896 2
0 0.135 0.005 -0.00774609619 2
0 0.135 0.015 -0.00776743114 2
0 0.135 0.025 -0.007584437073 2
0 0.135 0.035 -0.007239270521 2
0 0.135 0.045 -0.006751727827 2
0 0.135 0.055 -0.006136859672 2
0 0.135 0.065 -0.005403194685 2
0 0.135 0.075 -0.004555992376 2
0 0.135 0.085 -0.003598774485 2
0 0.135 0.095 -0.002534272075 2
0 0.135 0.105 -0.001365217221 2
0 0.135 0.115 -9.493316231e-05 2
0 0.135 0.125 0.001272114694 2
0 0.135 0.135 0.002729382175 2
0 0.135 0.145 0.004267970482 2
0 0.135 0.155 0.005874943042 2
0 0.135 0.165 0.007534452009 2
0 0.135 0.175 0.009224255882 2
0 0.135 0.185 0.01091991944 2
0 0.135 0.195 0.01259288998 2
0 0.135 0.205 0.01422432721 2
0 0.135 0.215 0.0158007122 2
0 0.135 0.225 0.01733380219 2
0 0.135 0.235 0.01885148022 2
0 0.135 0.245 0.0204054562 2
0 0.135 0.255 0.02204414499 2
0 0.135 0.265 0.02380946738 2
0 0.135 0.275 0.02571135425 2
0 0.135 0.285 0.0277508465 2
0 0.135 0.295 0.02985839928 2
0 0.135 0.305 0.03207429828 2
0 0.135 0.315 0.03408855675 2
0 0.135 0.325 0.03517713922 2
0 0.135 0.335 0.0346071736 2
0 0.135 0.345 0.03227812331 2
0 0.135 0.355 0.03001712587 1
0 0.135 0.365 0.02927835517 1
0 0.135 0.375 0.02981718423 1
0 0.135 0.385 0.0358344097 1
0 0.135 0.395 0.03458040233 1
0 0.135 0.405 0.02470323973 2
0 0.135 0.415 0.01027573087 2
0 0.135 0.425 0 2
0 0.135 0.435 0 2
0 0.135 0.445 0 2
0 0.135 0.455 0 2
0 0.135 0.465 0 2
0 0.145 -0.455 0 2
0 0.145 -0.445 0 2
0 0.145 -0.435 0 1
0 0.145 -0.425 0 1
0 0.145 -0.415 0.009919743534 1
0 0.145 -0.405 0.02529920637 1
0 0.145 -0.395 0.03805022921 1
0 0.145 -0.385 0.04222686849 1
0 0.145 -0.375 0.03730276643 1
0 0.145 -0.365 0.03429128447 1
0 0.145 -0.355 0.03071654958 1
0 0.145 -0.345 0.02802630375 1
0 0.145 -0.335 0.0263580341 1
0 0.145 -0.325 0.02675734274 1
0 0.145 -0.315 0.02902123916 1
0 0.145 -0.305 0.03185642853 2
0 0.145 -0.295 0.03289181858 2
0 0.145 -0.285 0.03144551251 2
0 0.145 -0.275 0.02863109556 2
0 0.145 -0.265 0.02548257131 2
0 0.145 -0.255 0.02285937813 2
0 0.145 -0.245 0.02047467954 2
0 0.145 -0.235 0.01847275538 2
0 0.145 -0.225 0.0168817902 2
0 0.145 -0.215 0.01570734221 2
0 0.145 -0.205 0.01482280369 2
0 0.145 -0.195 0.01401434655 2
0 0.145 -0.185 0.01304336055 2
0 0.145 -0.175 0.01165291748 2
0 0.145 -0.165 0.01018816143 2
0 0.145 -0.155 0.008975428699 1
0 0.145 -0.145 0.007841452853 1
0 0.145 -0.135 0.00649932805 1
0 0.145 -0.125 0.005184922443 1
0 0.145 -0.115 0.004188764004 1
0 0.145 -0.105 0.003585915165 1
0 0.145 -0.095 0.003304347484 1
0 0.145 -0.085 0.003178587005 1
0 0.145 -0.075 0.003019592549 1
0 0.145 -0.065 0.002070604231 1
0 0.145 -0.055 0.0004996948434 2
0 0.145 -0.045 -0.00171087767 2
0 0.145 -0.035 -0.004065826892 2
0 0.145 -0.025 -0.005765470415 2
0 0.145 -0.015 -0.00675231142 2
0 0.145 -0.005 -0.007176588173 2
0 0.145 0.005 -0.007234663562 2
0 0.145 0.015 -0.007112823381 2
0 0.145 0.025 -0.006811560148 2
0 0.145 0.035 -0.006382225896 2
0 0.145 0.045 -0.00584191694 2
0 0.145 0.055 -0.005200261086 2
0 0.145 0.065 -0.00446191781 2
0 0.145 0.075 -0.003628348828 2
0 0.145 0.085 -0.002700348199 2
0 0.145 0.095 -0.00167858858 2
0 0.145 0.105 -0.0005644189345 2
0 0.145 0.115 0.00063974679 2
0 0.145 0.125 0.001930047361 2
0 0.145 0.135 0.00330070332 2
0 0.145 0.145 0.004743721975 2
0 0.145 0.155 0.006248306187 2
0 0.145 0.165 0.007801545185 2
0 0.145 0.175 0.009387911131 2
0 0.145 0.185 0.01099139214 2
0 0.145 0.195 0.01259556197 2
0 0.145 0.205 0.01418986649 2
0 0.145 0.215 0.01577065411 2
0 0.145 0.225 0.01734841846 2
0 0.145 0.235 0.01894467143 2
0 0.145 0.245 0.02059324278 2
0 0.145 0.255 0.02232825221 2
0 0.145 0.265 0.02418275096 2
0 0.145 0.275 0.0261703031 2
0 0.145 0.285 0.0283171208 2
0 0.145 0.295 0.03056732139 2
0 0.145 0.305 0.03308994916 2
0 0.145 0.315 0.03539203592 2
0 0.145 0.325 0.03645082173 2
0 0.145 0.335 0.03528691419 2
0 0.145 0.345 0.03220110426 1
0 0.145 0.355 0.02953476639 1
0 0.145 0.365 0.02902266492 1
0 0.145 0.375 0.0298238596 1
0 0.145 0.385 0.035581022 1
0 0.145 0.395 0.03400135394 1
0 0.145 0.405 0.02413605044 1
0 0.145 0.415 0.01005744615 2
0 0.145 0.425 0 2
0 0.145 0.435 0 2
0 0.145 0.445 0 2
0 0.145 0.455 0 2
0 0.145 0.465 0 2
0 0.155 -0.455 0 2
0 0.155 -0.445 0 2
0 0.155 -0.435 0 2
0 0.155 -0.425 0 2
0 0.155 -0.415 0.01049857008 2
0 0.155 -0.405 0.02679604007 2
0 0.155 -0.395 0.04028734975 2
0 0.155 -0.385 0.04453299875 2
0 0.155 -0.375 0.03889178819 2
0 0.155 -0.365 0.035150234 1
0 0.155 -0.355 0.03085576265 1
0 0.155 -0.345 0.02803217535 1
0 0.155 -0.335 0.02670386549 1
0 0.155 -0.325 0.02741600172 1
0 0.155 -0.315 0.02972810346 1
0 0.155 -0.305 0.03222301012 2
0 0.155 -0.295 0.03293662376 2
0 0.155 -0.285 0.03135300483 2
0 0.155 -0.275 0.02854722987 2
0 0.155 -0.265 0.02551442088 2
0 0.155 -0.255 0.02297568653 2
0 0.155 -0.245 0.02065694558 2
0 0.155 -0.235 0.01866443969 2
0 0.155 -0.225 0.01698166475 2
0 0.155 -0.215 0.01558813601 2
0 0.155 -0.205 0.01432929721 2
0 0.155 -0.195 0.01295317289 2
0 0.155 -0.185 0.011369493 2
0 0.155 -0.175 0.009504653426 2
0 0.155 -0.165 0.007936252961 2
0 0.155 -0.155 0.006780056566 1
0 0.155 -0.145 0.005913443801 1
0 0.155 -0.135 0.004983421502 1
0 0.155 -0.125 0.0037915817 1
0 0.155 -0.115 0.002937967289 1
0 0.155 -0.105 0.00259106562 1
0 0.155 -0.095 0.002400013036 1
0 0.155 -0.085 0.002348703357 1
0 0.155 -0.075 0.002265050333 1
0 0.155 -0.065 0.001888061742 1
0 0.155 -0.055 0.0006207900989 1
0 0.155 -0.045 -0.001496840407 2
0 0.155 -0.035 -0.004033257388 2
0 0.155 -0.025 -0.005993846271 2
0 0.155 -0.015 -0.006915408412 2
0 0.155 -0.005 -0.007159523609 2
0 0.155 0.005 -0.006958140906 2
0 0.155 0.015 -0.006630570149 2
0 0.155 0.025 -0.006184040831 2
0 0.155 0.035 -0.005653010399 2
0 0.155 0.045 -0.005052270915 2
0 0.155 0.055 -0.004380152578 2
0 0.155 0.065 -0.00363553537 2
0 0.155 0.075 -0.002814521814 2
0 0.155 0.085 -0.001914388623 2
0 0.155 0.095 -0.000933225157 2
0 0.155 0.105 0.0001293838151 2
0 0.155 0.115 0.001272302678 2
0 0.155 0.125 0.002492684078 2
0 0.155 0.135 0.00378584851 2
0 0.155 0.145 0.005145275504 2
0 0.155 0.155 0.006562552623 2
0 0.155 0.165 0.008027753249 2
0 0.155 0.175 0.00952982374 2
0 0.155 0.185 0.01105817172 2
0 0.155 0.195 0.01260384766 2
0 0.155 0.205 0.01416258716 2
0 0.155 0.215 0.01573617829 2
0 0.155 0.225 0.01733506047 2
0 0.155 0.235 0.01897709477 2
0 0.155 0.245 0.02068733149 2
0 0.155 0.255 0.0224922263 2
0 0.155 0.265 0.02442151351 2
0 0.155 0.275 0.02649197381 2
0 0.155 0.285 0.02875110612 2
0 0.155 0.295 0.03114489293 2
0 0.155 0.305 0.03395544573 2
0 0.155 0.315 0.03643987188 2
0 0.155 0.325 0.03740439864 2
0 0.155 0.335 0.0357912932 2
0 0.155 0.345 0.0323469008 1
0 0.155 0.355 0.02947831573 1
0 0.155 0.365 0.02915179912 1
0 0.155 0.375 0.03013843213 1
0 0.155 0.385 0.03549215173 1
0 0.155 0.395 0.03351210536 1
0 0.155 0.405 0.02358143608 1
0 0.155 0.415 0.009772883346 2
0 0.155 0.425 0 2
0 0.155 0.435 0 2
0 0.155 0.445 0 2
0 0.155 0.455 0 2
0 0.155 0.465 0 2
0 0.165 -0.455 0 2
0 0.165 -0.445 0 2
0 0.165 -0.435 0 2
0 0.165 -0.425 0 2
0 0.165 -0.415 0.01096374337 2
0 0.165 -0.405 0.0279356427 2
0 0.165 -0.395 0.04176999594 2
0 0.165 -0.385 0.0459956792 2
0 0.165 -0.375 0.03989589975 2
0 0.165 -0.365 0.0358895382 1
0 0.165 -0.355 0.0313894244 1
0 0.165 -0.345 0.02856853617 1
0 0.165 -0.335 0.02745127233 1
0 0.165 -0.325 0.02819283829 1
0 0.165 -0.315 0.03016980791 1
0 0.165 -0.305 0.03219518781 2
0 0.165 -0.295 0.03251835577 2
0 0.165 -0.285 0.03083433981 2
0 0.165 -0.275 0.02812663868 2
0 0.165 -0.265 0.02528818658 2
0 0.165 -0.255 0.02287013264 2
0 0.165 -0.245 0.02063159863 2
0 0.165 -0.235 0.01862729935 2
0 0.165 -0.225 0.01681989624 2
0 0.165 -0.215 0.01515514354 2
0 0.165 -0.205 0.01351931796 2
0 0.165 -0.195 0.01164849109 2
0 0.165 -0.185 0.009618383387 2
0 0.165 -0.175 0.007460553543 2
0 0.165 -0.165 0.0059162235 2
0 0.165 -0.155 0.005055490861 1
0 0.165 -0.145 0.0047102443 1
0 0.165 -0.135 0.004266341557 1
0 0.165 -0.125 0.003461229061 1
0 0.165 -0.115 0.002797015313 1
0 0.165 -0.105 0.002506739263 1
0 0.165 -0.095 0.002369092753 1
0 0.165 -0.085 0.002361409658 1
0 0.165 -0.075 0.002278556889 1
0 0.165 -0.065 0.002075487506 1
0 0.165 -0.055 0.001007130204 1
0 0.165 -0.045 -0.001088990823 1
0 0.165 -0.035 -0.003691239834 2
0 0.165 -0.025 -0.006327707867 2
0 0.165 -0.015 -0.007372894605 2
0 0.165 -0.005 -0.007421756971 2
0 0.165 0.005 -0.006885146077 2
0 0.165 0.015 -0.006266657989 2
0 0.165 0.025 -0.005655503796 2
0 0.165 0.035 -0.005014487186 2
0 0.165 0.045 -0.004353991787 2
0 0.165 0.055 -0.003654245959 2
0 0.165 0.065 -0.00290653666 2
0 0.165 0.075 -0.002100413816 2
0 0.165 0.085 -0.001229167565 2
0 0.165 0.095 -0.0002880638133 2
0 0.165 0.105 0.0007252068158 2
0 0.165 0.115 0.001810893763 2
0 0.165 0.125 0.002967289583 2
0 0.165 0.135 0.00419090243 2
0 0.165 0.145 0.005476664111 2
0 0.165 0.155 0.006818191879 2
0 0.165 0.165 0.008208285699 2
0 0.165 0.175 0.009639534611 2
0 0.165 0.185 0.01110543462 2
0 0.165 0.195 0.01260151794 2
0 0.165 0.205 0.01412706723 2
0 0.165 0.215 0.01568617087 2
0 0.165 0.225 0.01728891045 2
0 0.165 0.235 0.0189508912 2
0 0.165 0.245 0.02069323257 2
0 0.165 0.255 0.02253936759 2
0 0.165 0.265 0.02451924632 2
0 0.165 0.275 0.02665323258 2
0 0.165 0.285 0.02900617502 2
0 0.165 0.295 0.03152294098 2
0 0.165 0.305 0.03458570172 2
0 0.165 0.315 0.03721923683 2
0 0.165 0.325 0.03815581084 2
0 0.165 0.335 0.03622280154 2
0 0.165 0.345 0.03241608995 1
0 0.165 0.355 0.02950697794 1
0 0.165 0.365 0.02937347057 1
0 0.165 0.375 0.03051421008 1
0 0.165 0.385 0.03566806547 1
0 0.165 0.395 0.03337858722 1
0 0.165 0.405 0.02330637899 1
0 0.165 0.415 0.009615219959 2
0 0.165 0.425 0 2
0 0.165 0.435 0 2
0 0.165 0.445 0 2
0 0.165 0.455 0 2
0 0.165 0.465 0 2
0 0.175 -0.455 0 2
0 0.175 -0.445 0 2
0 0.175 -0.435 0 2
0 0.175 -0.425 0 2
0 0.175 -0.415 0.01118940905 2
0 0.175 -0.405 0.02841104868 2
0 0.175 -0.395 0.0421650774 2
0 0.175 -0.385 0.04638319912 2
0 0.175 -0.375 0.0403803086 2
0 0.175 -0.365 0.03665891497 2
0 0.175 -0.355 0.03222303594 1
0 0.175 -0.345 0.02929013355 1
0 0.175 -0.335 0.02828029618 1
0 0.175 -0.325 0.0291304443 1
0 0.175 -0.315 0.03062279383 2
0 0.175 -0.305 0.03183562122 2
0 0.175 -0.295 0.03155558664 2
0 0.175 -0.285 0.02983671704 2
0 0.175 -0.275 0.02737905031 2
0 0.175 -0.265 0.02481720197 2
0 0.175 -0.255 0.0225434445 2
0 0.175 -0.245 0.02039919253 2
0 0.175 -0.235 0.01841001764 2
0 0.175 -0.225 0.01652459705 2
0 0.175 -0.215 0.01467501504 2
0 0.175 -0.205 0.01278159686 2
0 0.175 -0.195 0.01059526607 2
0 0.175 -0.185 0.008278620944 2
0 0.175 -0.175 0.006023255334 2
0 0.175 -0.165 0.004538413423 2
0 0.175 -0.155 0.003928491324 1
0 0.175 -0.145 0.004071732542 1
0 0.175 -0.135 0.004089298587 1
0 0.175 -0.125 0.003732975154 1
0 0.175 -0.115 0.003254112682 1
0 0.175 -0.105 0.002931684214 1
0 0.175 -0.095 0.002773193592 1
0 0.175 -0.085 0.002745160483 1
0 0.175 -0.075 0.00277512059 1
0 0.175 -0.065 0.002760080986 1
0 0.175 -0.055 0.00190459994 1
0 0.175 -0.045 -0.0004620041285 1
0 0.175 -0.035 -0.003265652077 2
0 0.175 -0.025 -0.00633513434 2
0 0.175 -0.015 -0.007673705695 2
0 0.175 -0.005 -0.007679629417 2
0 0.175 0.005 -0.006857721637 2
0 0.175 0.015 -0.005925380394 2
0 0.175 0.025 -0.005161572985 2
0 0.175 0.035 -0.004422963517 2
0 0.175 0.045 -0.003716230669 2
0 0.175 0.055 -0.003000273285 2
0 0.175 0.065 -0.002258323849 2
0 0.175 0.075 -0.001473233049 2
0 0.175 0.085 -0.0006344368937 2
0 0.175 0.095 0.0002654297727 2
0 0.175 0.105 0.001230380845 2
0 0.175 0.115 0.002261881822 2
0 0.175 0.125 0.003359215918 2
0 0.175 0.135 0.00451990681 2
0 0.175 0.145 0.005740109359 2
0 0.175 0.155 0.007015042452 2
0 0.175 0.165 0.00833954351 2
0 0.175 0.175 0.00970872615 2
0 0.175 0.185 0.01111885762 2
0 0.175 0.195 0.01256826971 2
0 0.175 0.205 0.01405841507 2
0 0.175 0.215 0.01559460705 2
0 0.175 0.225 0.01718668256 2
0 0.175 0.235 0.01884886601 2
0 0.175 0.245 0.02060017126 2
0 0.175 0.255 0.02246242987 2
0 0.175 0.265 0.02446590202 2
0 0.175 0.275 0.02663327061 2
0 0.175 0.285 0.02903919383 2
0 0.175 0.295 0.03162876532 2
0 0.175 0.305 0.03483762754 2
0 0.175 0.315 0.03757575403 2
0 0.175 0.325 0.03854753199 2
0 0.175 0.335 0.03653415417 2
0 0.175 0.345 0.03257333868 1
0 0.175 0.355 0.02964602752 1
0 0.175 0.365 0.02957869156 1
0 0.175 0.375 0.03078020837 1
0 0.175 0.385 0.03598266236 1
0 0.175 0.395 0.03362486028 1
0 0.175 0.405 0.02343620208 1
0 0.175 0.415 0.009661763822 2
0 0.175 0.425 0 2
0 0.175 0.435 0 2
0 0.175 0.445 0 2
0 0.175 0.455 0 2
0 0.175 0.465 0 2
0 0.185 -0.455 0 2
0 0.185 -0.445 0 2
0 0.185 -0.435 0 2
0 0.185 -0.425 0 2
0 0.185 -0.415 0.01113466802 2
0 0.185 -0.405 0.02821317387 2
0 0.185 -0.395 0.04170758934 2
0 0.185 -0.385 0.04590515434 2
0 0.185 -0.375 0.04019480984 2
0 0.185 -0.365 0.0371240849 2
0 0.185 -0.355 0.03338913374 2
0 0.185 -0.345 0.03089297149 2
0 0.185 -0.335 0.02971021282 2
0 0.185 -0.325 0.02979722658 2
0 0.185 -0.315 0.03040130023 2
0 0.185 -0.305 0.03088766595 2
0 0.185 -0.295 0.0302714002 2
0 0.185 -0.285 0.02863860042 2
0 0.185 -0.275 0.02645610748 2
0 0.185 -0.265 0.02418351143 2
0 0.185 -0.255 0.02206176158 2
0 0.185 -0.245 0.02001619712 2
0 0.185 -0.235 0.01806218603 2
0 0.185 -0.225 0.0161579714 2
0 0.185 -0.215 0.01424150529 2
0 0.185 -0.205 0.01225122577 2
0 0.185 -0.195 0.009972482229 2
0 0.185 -0.185 0.00754416768 2
0 0.185 -0.175 0.005278418905 2
0 0.185 -0.165 0.003729996219 2
0 0.185 -0.155 0.00324194253 1
0 0.185 -0.145 0.003530195327 1
0 0.185 -0.135 0.00395302018 1
0 0.185 -0.125 0.003964126179 1
0 0.185 -0.115 0.003637687836 1
0 0.185 -0.105 0.003305594766 1
0 0.185 -0.095 0.003120368663 1
0 0.185 -0.085 0.003064092204 1
0 0.185 -0.075 0.003134656028 1
0 0.185 -0.065 0.003253534299 1
0 0.185 -0.055 0.002754935076 1
0 0.185 -0.045 0.0007708115746 1
0 0.185 -0.035 -0.002464479444 1
0 0.185 -0.025 -0.005965631336 2
0 0.185 -0.015 -0.007891619205 2
0 0.185 -0.005 -0.007897834724 2
0 0.185 0.005 -0.006772239471 2
0 0.185 0.015 -0.005522970668 2
0 0.185 0.025 -0.004641566452 2
0 0.185 0.035 -0.003837635392 2
0 0.185 0.045 -0.003111003381 2
0 0.185 0.055 -0.002398830366 2
0 0.185 0.065 -0.001677007016 2
0 0.185 0.075 -0.0009226758103 2
0 0.185 0.085 -0.0001222113819 2
0 0.185 0.095 0.0007337236974 2
0 0.185 0.105 0.001650324891 2
0 0.185 0.115 0.002629838727 2
0 0.185 0.125 0.003672156898 2
0 0.185 0.135 0.004775438175 2
0 0.185 0.145 0.005936643875 2
0 0.185 0.155 0.007152079055 2
0 0.185 0.165 0.008417972937 2
0 0.185 0.175 0.009731105804 2
0 0.185 0.185 0.01108951403 2
0 0.185 0.195 0.01249319279 2
0 0.185 0.205 0.01394480441 2
0 0.185 0.215 0.01545020184 2
0 0.185 0.225 0.01701888457 2
0 0.185 0.235 0.0186640103 2
0 0.185 0.245 0.0204030464 2
0 0.185 0.255 0.0222564118 2
0 0.185 0.265 0.02425353452 2
0 0.185 0.275 0.0264177539 2
0 0.185 0.285 0.02882516449 2
0 0.185 0.295 0.031428912 2
0 0.185 0.305 0.03466536114 2
0 0.185 0.315 0.03749408209 2
0 0.185 0.325 0.03859343432 2
0 0.185 0.335 0.03668236275 2
0 0.185 0.345 0.03281252013 1
0 0.185 0.355 0.02980062349 1
0 0.185 0.365 0.02970441326 1
0 0.185 0.375 0.0309400234 1
0 0.185 0.385 0.03630866964 1
0 0.185 0.395 0.0340431371 1
0 0.185 0.405 0.02378746012 1
0 0.185 0.415 0.009809834765 2
0 0.185 0.425 0 2
0 0.185 0.435 0 2
0 0.185 0.445 0 2
0 0.185 0.455 0 2
0 0.185 0.465 0 2
0 0.195 -0.455 0 2
0 0.195 -0.445 0 2
0 0.195 -0.435 0 2
0 0.195 -0.425 0 2
0 0.195 -0.415 0.01082163972 2
0 0.195 -0.405 0.0274506409 2
0 0.195 -0.395 0.04064063826 2
0 0.195 -0.385 0.04502583342 2
0 0.195 -0.375 0.04004306433 2
0 0.195 -0.365 0.03775496554 2
0 0.195 -0.355 0.03449760656 2
0 0.195 -0.345 0.03218261268 2
0 0.195 -0.335 0.03078778995 2
0 0.195 -0.325 0.03032813868 2
0 0.195 -0.315 0.0302734784 2
0 0.195 -0.305 0.02996711922 2
0 0.195 -0.295 0.02897304291 2
0 0.195 -0.285 0.02739623228 2
0 0.195 -0.275 0.02546126962 2
0 0.195 -0.265 0.0234523499 2
0 0.195 -0.255 0.02148180501 2
0 0.195 -0.245 0.0195463691 2
0 0.195 -0.235 0.0176567896 2
0 0.195 -0.225 0.01578531048 2
0 0.195 -0.215 0.01388382169 2
0 0.195 -0.205 0.01190829539 2
0 0.195 -0.195 0.009712494293 2
0 0.195 -0.185 0.007385476787 2
0 0.195 -0.175 0.005232694116 2
0 0.195 -0.165 0.003576303742 2
0 0.195 -0.155 0.002946517224 2
0 0.195 -0.145 0.002995901678 1
0 0.195 -0.135 0.003621687422 1
0 0.195 -0.125 0.003920060717 1
0 0.195 -0.115 0.003735444058 1
0 0.195 -0.105 0.003406633752 1
0 0.195 -0.095 0.003215345501 1
0 0.195 -0.085 0.003154784753 1
0 0.195 -0.075 0.003297427928 1
0 0.195 -0.065 0.003657669684 1
0 0.195 -0.055 0.003461923809 1
0 0.195 -0.045 0.001873435274 1
0 0.195 -0.035 -0.001600287559 1
0 0.195 -0.025 -0.0051756586 2
0 0.195 -0.015 -0.007472587657 2
0 0.195 -0.005 -0.007554461986 2
0 0.195 0.005 -0.00635927724 2
0 0.195 0.015 -0.004944097238 2
0 0.195 0.025 -0.004031727051 2
0 0.195 0.035 -0.003222535804 2
0 0.195 0.045 -0.002516173766 2
0 0.195 0.055 -0.001835742229 2
0 0.195 0.065 -0.001153072817 2
0 0.195 0.075 -0.0004420547008 2
0 0.195 0.085 0.000312496395 2
0 0.195 0.095 0.001120786478 2
0 0.195 0.105 0.001988367009 2
0 0.195 0.115 0.00291759743 2
0 0.195 0.125 0.003908407836 2
0 0.195 0.135 0.004959065631 2
0 0.195 0.145 0.006066811246 2
0 0.195 0.155 0.007228461313 2
0 0.195 0.165 0.008440995574 2
0 0.195 0.175 0.009702137446 2
0 0.195 0.185 0.01101093556 2
0 0.195 0.195 0.01236830277 2
0 0.195 0.205 0.01377750754 2
0 0.195 0.215 0.01524452991 2
0 0.195 0.225 0.0167783809 2
0 0.195 0.235 0.01839113398 2
0 0.195 0.245 0.02009860525 2
0 0.195 0.255 0.02191927673 2
0 0.195 0.265 0.02387991303 2
0 0.195 0.275 0.02600212745 2
0 0.195 0.285 0.02835413977 2
0 0.195 0.295 0.03089983307 2
0 0.195 0.305 0.03401371786 2
0 0.195 0.315 0.0368570168 2
0 0.195 0.325 0.03813648309 2
0 0.195 0.335 0.03662573826 2
0 0.195 0.345 0.03315851159 1
0 0.195 0.355 0.03013363205 1
0 0.195 0.365 0.02986473448 1
0 0.195 0.375 0.03097928761 1
0 0.195 0.385 0.03672299211 1
0 0.195 0.395 0.03476508419 1
0 0.195 0.405 0.02449934585 1
0 0.195 0.415 0.01014053645 2
0 0.195 0.425 0 2
0 0.195 0.435 0 2
0 0.195 0.445 0 2
0 0.195 0.455 0 2
0 0.195 0.465 0 2
0 0.205 -0.455 0 2
0 0.205 -0.445 0 2
0 0.205 -0.435 0 2
0 0.205 -0.425 0 2
0 0.205 -0.415 0.01016074773 2
0 0.205 -0.405 0.02596851697 2
0 0.205 -0.395 0.0388446241 2
0 0.205 -0.385 0.04368041603 2
0 0.205 -0.375 0.03983886058 2
0 0.205 -0.365 0.03834080548 2
0 0.205 -0.355 0.03563744568 2
0 0.205 -0.345 0.03349328624 2
0 0.205 -0.335 0.03180616493 2
0 0.205 -0.325 0.03070651681 2
0 0.205 -0.315 0.02991109795 2
0 0.205 -0.305 0.02899615597 2
0 0.205 -0.295 0.02778755057 2
0 0.205 -0.285 0.02626177073 2
0 0.205 -0.275 0.02451042463 2
0 0.205 -0.265 0.02268939499 2
0 0.205 -0.255 0.02085279083 2
0 0.205 -0.245 0.0190291077 2
0 0.205 -0.235 0.01722640312 2
0 0.205 -0.225 0.01542948095 2
0 0.205 -0.215 0.01360568845 2
0 0.205 -0.205 0.0117253249 2
0 0.205 -0.195 0.009706469935 2
0 0.205 -0.185 0.007568995324 2
0 0.205 -0.175 0.005564857953 2
0 0.205 -0.165 0.003948388584 2
0 0.205 -0.155 0.003291495069 2
0 0.205 -0.145 0.003220443348 1
0 0.205 -0.135 0.00358884382 1
0 0.205 -0.125 0.003935840532 1
0 0.205 -0.115 0.00391063656 1
0 0.205 -0.105 0.0036266116 1
0 0.205 -0.095 0.003442360155 1
0 0.205 -0.085 0.003258351843 1
0 0.205 -0.075 0.003391510688 1
0 0.205 -0.065 0.003946758216 1
0 0.205 -0.055 0.003994128135 1
0 0.205 -0.045 0.002756789531 1
0 0.205 -0.035 -0.0005408896414 1
0 0.205 -0.025 -0.004075361477 2
0 0.205 -0.015 -0.006489390579 2
0 0.205 -0.005 -0.006638253068 2
0 0.205 0.005 -0.005529807202 2
0 0.205 0.015 -0.004143132322 2
0 0.205 0.025 -0.003302176156 2
0 0.205 0.035 -0.002560598897 2
0 0.205 0.045 -0.001921565977 2
0 0.205 0.055 -0.001305079142 2
0 0.205 0.065 -0.0006830833342 2
0 0.205 0.075 -2.933483902e-05 2
0 0.205 0.085 0.0006710397406 2
0 0.205 0.095 0.001427735095 2
0 0.205 0.105 0.002245616047 2
0 0.205 0.115 0.003126310296 2
0 0.205 0.125 0.004069076202 2
0 0.205 0.135 0.005071659633 2
0 0.205 0.145 0.00613098926 2
0 0.205 0.155 0.007243807729 2
0 0.205 0.165 0.008407252773 2
0 0.205 0.175 0.00961939013 2
0 0.205 0.185 0.01087970466 2
0 0.205 0.195 0.01218950901 2
0 0.205 0.205 0.0135522767 2
0 0.205 0.215 0.01497384499 2
0 0.205 0.225 0.01646258998 2
0 0.205 0.235 0.01802937839 2
0 0.205 0.245 0.0196880899 2
0 0.205 0.255 0.02145463495 2
0 0.205 0.265 0.02335151855 2
0 0.205 0.275 0.02539665809 2
0 0.205 0.285 0.02764440123 2
0 0.205 0.295 0.03006912423 2
0 0.205 0.305 0.03295656344 2
0 0.205 0.315 0.0357332628 2
0 0.205 0.325 0.03722469559 2
0 0.205 0.335 0.03627480128 2
0 0.205 0.345 0.03325295474 1
0 0.205 0.355 0.03047484416 1
0 0.205 0.365 0.03004993616 1
0 0.205 0.375 0.03101038482 1
0 0.205 0.385 0.03733254274 1
0 0.205 0.395 0.03576785625 1
0 0.205 0.405 0.02546858091 1
0 0.205 0.415 0.01058518571 2
0 0.205 0.425 0 2
0 0.205 0.435 0 2
0 0.205 0.445 0 2
0 0.205 0.455 0 2
0 0.205 0.465 0 2
0 0.215 -0.455 0 2
0 0.215 -0.445 0 2
0 0.215 -0.435 0 2
0 0.215 -0.425 0 2
0 0.215 -0.415 0.009302837045 2
0 0.215 -0.405 0.02393851156 2
0 0.215 -0.395 0.03633169853 2
0 0.215 -0.385 0.04169665392 2
0 0.215 -0.375 0.03937670321 2
0 0.215 -0.365 0.03883180823 2
0 0.215 -0.355 0.03663822468 2
0 0.215 -0.345 0.03451191529 2
0 0.215 -0.335 0.03252208767 2
0 0.215 -0.325 0.0309564861 2
0 0.215 -0.315 0.02960265681 2
0 0.215 -0.305 0.02827050763 2
0 0.215 -0.295 0.02684832952 2
0 0.215 -0.285 0.02529459174 2
0 0.215 -0.275 0.02363581035 2
0 0.215 -0.265 0.02192953643 2
0 0.215 -0.255 0.02020449898 2
0 0.215 -0.245 0.01848809231 2
0 0.215 -0.235 0.01678616585 2
0 0.215 -0.225 0.01509207197 2
0 0.215 -0.215 0.01338730988 2
0 0.215 -0.205 0.0116550518 2
0 0.215 -0.195 0.00987030399 2
0 0.215 -0.185 0.008017037227 2
0 0.215 -0.175 0.006291921402 2
0 0.215 -0.165 0.004888412768 2
0 0.215 -0.155 0.004165391737 2
0 0.215 -0.145 0.004137905188 2
0 0.215 -0.135 0.004496067882 1
0 0.215 -0.125 0.004977912388 1
0 0.215 -0.115 0.005103925679 1
0 0.215 -0.105 0.004917570723 1
0 0.215 -0.095 0.004764952668 1
0 0.215 -0.085 0.004511060878 1
0 0.215 -0.075 0.004542661735 1
0 0.215 -0.065 0.005037523878 1
0 0.215 -0.055 0.005164697223 1
0 0.215 -0.045 0.004045181322 1
0 0.215 -0.035 0.001048581144 1
0 0.215 -0.025 -0.002304435364 2
0 0.215 -0.015 -0.004644736317 2
0 0.215 -0.005 -0.005014714875 2
0 0.215 0.005 -0.004203866894 2
0 0.215 0.015 -0.003105781344 2
0 0.215 0.025 -0.002450458551 2
0 0.215 0.035 -0.001853897853 2
0 0.215 0.045 -0.001330324981 2
0 0.215 0.055 -0.0008103857364 2
0 0.215 0.065 -0.0002705931523 2
0 0.215 0.075 0.0003122382878 2
0 0.215 0.085 0.0009507509246 2
0 0.215 0.095 0.001652647165 2
0 0.215 0.105 0.00242093761 2
0 0.215 0.115 0.003255557326 2
0 0.215 0.125 0.004154292848 2
0 0.215 0.135 0.005113678416 2
0 0.215 0.145 0.006129709619 2
0 0.215 0.155 0.007198470007 2
0 0.215 0.165 0.008316703973 2
0 0.215 0.175 0.009482308001 2
0 0.215 0.185 0.01069476602 2
0 0.215 0.195 0.01195544699 2
0 0.215 0.205 0.01326780548 2
0 0.215 0.215 0.01463741639 2
0 0.215 0.225 0.01607197052 2
0 0.215 0.235 0.01758106276 2
0 0.215 0.245 0.01917642186 2
0 0.215 0.255 0.02087089465 2
0 0.215 0.265 0.02268155343 2
0 0.215 0.275 0.02462072992 2
0 0.215 0.285 0.02672404205 2
0 0.215 0.295 0.02896796482 2
0 0.215 0.305 0.03151146752 2
0 0.215 0.315 0.03400324498 2
0 0.215 0.325 0.0355688085 2
0 0.215 0.335 0.03532746501 2
0 0.215 0.345 0.03313973692 2
0 0.215 0.355 0.030922264 1
0 0.215 0.365 0.03033654728 1
0 0.215 0.375 0.03114257075 1
0 0.215 0.385 0.03797137137 1
0 0.215 0.395 0.03680516389 1
0 0.215 0.405 0.02644687616 2
0 0.215 0.415 0.01095816898 2
0 0.215 0.425 0 2
0 0.215 0.435 0 2
0 0.215 0.445 0 2
0 0.215 0.455 0 2
0 0.215 0.465 0 2
0 0.225 -0.455 0 2
0 0.225 -0.445 0 2
0 0.225 -0.435 0 2
0 0.225 -0.425 0 1
0 0.225 -0.415 0.008322126756 1
0 0.225 -0.405 0.02149070817 1
0 0.225 -0.395 0.0333452444 1
0 0.225 -0.385 0.03948006254 2
0 0.225 -0.375 0.03864820115 2
0 0.225 -0.365 0.03911042419 2
0 0.225 -0.355 0.03742324361 2
0 0.225 -0.345 0.035304922 2
0 0.225 -0.335 0.03302904316 2
0 0.225 -0.325 0.03105697237 2
0 0.225 -0.315 0.02929719848 2
0 0.225 -0.305 0.02765483169 2
0 0.225 -0.295 0.02605693413 2
0 0.225 -0.285 0.02445053293 2
0 0.225 -0.275 0.02282245518 2
0 0.225 -0.265 0.02118224431 2
0 0.225 -0.255 0.01954747599 2
0 0.225 -0.245 0.01793174442 2
0 0.225 -0.235 0.01633851119 2
0 0.225 -0.225 0.01476513215 2
0 0.225 -0.215 0.01320221934 2
0 0.225 -0.205 0.01164146081 2
0 0.225 -0.195 0.0100892772 2
0 0.225 -0.185 0.008529990411 2
0 0.225 -0.175 0.007101411434 2
0 0.225 -0.165 0.006001169335 2
0 0.225 -0.155 0.005448937674 2
0 0.225 -0.145 0.005618907164 2
0 0.225 -0.135 0.006183443166 2
0 0.225 -0.125 0.00696849163 1
0 0.225 -0.115 0.007651522645 1
0 0.225 -0.105 0.007907919646 1
0 0.225 -0.095 0.007762626525 1
0 0.225 -0.085 0.007794009467 1
0 0.225 -0.075 0.007798770206 1
0 0.225 -0.065 0.007875184986 1
0 0.225 -0.055 0.007819342185 1
0 0.225 -0.045 0.006504414381 1
0 0.225 -0.035 0.003785545734 1
0 0.225 -0.025 0.0002657943127 2
0 0.225 -0.015 -0.002116553181 2
0 0.225 -0.005 -0.002876521679 2
0 0.225 0.005 -0.002542876993 2
0 0.225 0.015 -0.001904793673 2
0 0.225 0.025 -0.001517735369 2
0 0.225 0.035 -0.001127080562 2
0 0.225 0.045 -0.0007596986602 2
0 0.225 0.055 -0.0003650902029 2
0 0.225 0.065 7.339571714e-05 2
0 0.225 0.075 0.0005737323273 2
0 0.225 0.085 0.001144691522 2
0 0.225 0.095 0.00179049316 2
0 0.225 0.105 0.002511032344 2
0 0.225 0.115 0.003303522669 2
0 0.225 0.125 0.00416345109 2
0 0.225 0.135 0.005085443681 2
0 0.225 0.145 0.006063946573 2
0 0.225 0.155 0.007093804898 2
0 0.225 0.165 0.008170844937 2
0 0.225 0.175 0.009292333825 2
0 0.225 0.185 0.01045742251 2
0 0.225 0.195 0.01166733623 2
0 0.225 0.205 0.0129254663 2
0 0.225 0.215 0.01423718924 2
0 0.225 0.225 0.01560964205 2
0 0.225 0.235 0.01705126985 2
0 0.225 0.245 0.01857170116 2
0 0.225 0.255 0.02018066317 2
0 0.225 0.265 0.02188963757 2
0 0.225 0.275 0.02370520338 2
0 0.225 0.285 0.02564506878 2
0 0.225 0.295 0.02768866913 2
0 0.225 0.305 0.02989198105 2
0 0.225 0.315 0.03210958809 2
0 0.225 0.325 0.03371080857 2
0 0.225 0.335 0.0339962014 2
0 0.225 0.345 0.03260224248 2
0 0.225 0.355 0.0309986342 1
0 0.225 0.365 0.03080367782 1
0 0.225 0.375 0.03173983126 1
0 0.225 0.385 0.03866610546 1
0 0.225 0.395 0.03741629349 1
0 0.225 0.405 0.0268254725 2
0 0.225 0.415 0.01103491921 2
0 0.225 0.425 0 2
0 0.225 0.435 0 2
0 0.225 0.445 0 2
0 0.225 0.455 0 2
0 0.225 0.465 0 2
0 0.235 -0.455 0 2
0 0.235 -0.445 0 2
0 0.235 -0.435 0 1
0 0.235 -0.425 0 1
0 0.235 -0.415 0.007617742775 1
0 0.235 -0.405 0.01968039871 1
0 0.235 -0.395 0.03058230125 1
0 0.235 -0.385 0.03685574508 1
0 0.235 -0.375 0.03719751327 2
0 0.235 -0.365 0.03884845385 2
0 0.235 -0.355 0.03783630042 2
0 0.235 -0.345 0.03574624913 2
0 0.235 -0.335 0.03321691041 2
0 0.235 -0.325 0.03091140636 2
0 0.235 -0.315 0.02890083144 2
0 0.235 -0.305 0.02705172205 2
0 0.235 -0.295 0.02532194301 2
0 0.235 -0.285 0.02365514463 2
0 0.235 -0.275 0.02202860862 2
0 0.235 -0.265 0.02043428041 2
0 0.235 -0.255 0.01887395594 2
0 0.235 -0.245 0.01735176921 2
0 0.235 -0.235 0.01586781149 2
0 0.235 -0.225 0.01442142846 2
0 0.235 -0.215 0.01300710098 2
0 0.235 -0.205 0.01162303723 2
0 0.235 -0.195 0.01028399235 2
0 0.235 -0.185 0.008999856296 2
0 0.235 -0.175 0.007859316904 2
0 0.235 -0.165 0.007030910118 2
0 0.235 -0.155 0.00675628579 2
0 0.235 -0.145 0.007245325902 2
0 0.235 -0.135 0.008299412211 2
0 0.235 -0.125 0.009569683083 2
0 0.235 -0.115 0.01079953903 2
0 0.235 -0.105 0.01193706942 2
0 0.235 -0.095 0.01249683832 1
0 0.235 -0.085 0.01281772779 2
0 0.235 -0.075 0.01285121363 2
0 0.235 -0.065 0.01288234315 1
0 0.235 -0.055 0.01249229063 1
0 0.235 -0.045 0.01027397145 1
0 0.235 -0.035 0.007048554312 2
0 0.235 -0.025 0.003218796573 2
0 0.235 -0.015 0.0008051290094 2
0 0.235 -0.005 -0.0004439401532 2
0 0.235 0.005 -0.0007388245858 2
0 0.235 0.015 -0.0006429007504 2
0 0.235 0.025 -0.0005681869687 2
0 0.235 0.035 -0.0004209667096 2
0 0.235 0.045 -0.0002389906007 2
0 0.235 0.055 8.242922366e-06 2
0 0.235 0.065 0.0003308365863 2
0 0.235 0.075 0.0007408419512 2
0 0.235 0.085 0.001241930723 2
0 0.235 0.095 0.00183341542 2
0 0.235 0.105 0.002510730086 2
0 0.235 0.115 0.003267287662 2
0 0.235 0.125 0.004095477445 2
0 0.235 0.135 0.004987377986 2
0 0.235 0.145 0.005935320772 2
0 0.235 0.155 0.00693232945 2
0 0.235 0.165 0.007972782169 2
0 0.235 0.175 0.009052845468 2
0 0.235 0.185 0.01017108565 2
0 0.235 0.195 0.0113285186 2
0 0.235 0.205 0.0125286529 2
0 0.235 0.215 0.01377697115 2
0 0.235 0.225 0.0150804433 2
0 0.235 0.235 0.01644672788 2
0 0.235 0.245 0.01788369065 2
0 0.235 0.255 0.01939824829 2
0 0.235 0.265 0.0209967806 2
0 0.235 0.275 0.02268050122 2
0 0.235 0.285 0.02445123987 2
0 0.235 0.295 0.02628828195 2
0 0.235 0.305 0.02816446066 2
0 0.235 0.315 0.03004136874 2
0 0.235 0.325 0.03145736534 2
0 0.235 0.335 0.03202448538 2
0 0.235 0.345 0.03161314531 2
0 0.235 0.355 0.03095535316 2
0 0.235 0.365 0.03159085091 2
0 0.235 0.375 0.0328020867 2
0 0.235 0.385 0.03926231556 2
0 0.235 0.395 0.03735713125 2
0 0.235 0.405 0.02638539084 2
0 0.235 0.415 0.01075941086 2
0 0.235 0.425 0 2
0 0.235 0.435 0 2
0 0.235 0.445 0 2
0 0.235 0.455 0 2
0 0.235 0.465 0 2
0 0.245 -0.455 0 2
0 0.245 -0.445 0 2
0 0.245 -0.435 0 1
0 0.245 -0.425 0 1
0 0.245 -0.415 0.007122601736 1
0 0.245 -0.405 0.01833651352 1
0 0.245 -0.395 0.02841389758 1
0 0.245 -0.385 0.03455165141 1
0 0.245 -0.375 0.03548652286 2
0 0.245 -0.365 0.03787643214 2
0 0.245 -0.355 0.03760262775 2
0 0.245 -0.345 0.03576381985 2
0 0.245 -0.335 0.03309780701 2
0 0.245 -0.325 0.03052666656 2
0 0.245 -0.315 0.02834907934 2
0 0.245 -0.305 0.02636169268 2
0 0.245 -0.295 0.02454570493 2
0 0.245 -0.285 0.02283958802 2
0 0.245 -0.275 0.02121713405 2
0 0.245 -0.265 0.01966181962 2
0 0.245 -0.255 0.01816690851 2
0 0.245 -0.245 0.01673860846 2
0 0.245 -0.235 0.01537231509 2
0 0.245 -0.225 0.01406917507 2
0 0.245 -0.215 0.01281735591 2
0 0.245 -0.205 0.01161440665 2
0 0.245 -0.195 0.01046351147 2
0 0.245 -0.185 0.009385446502 2
0 0.245 -0.175 0.008459034699 2
0 0.245 -0.165 0.00779942669 2
0 0.245 -0.155 0.007666283659 2
0 0.245 -0.145 0.008248603967 2
0 0.245 -0.135 0.009512694435 2
0 0.245 -0.125 0.011373657 2
0 0.245 -0.115 0.01336198295 2
0 0.245 -0.105 0.01511216877 2
0 0.245 -0.095 0.01652133331 2
0 0.245 -0.085 0.01733769071 2
0 0.245 -0.075 0.0178156716 2
0 0.245 -0.065 0.0176172837 2
0 0.245 -0.055 0.01637781458 2
0 0.245 -0.045 0.01373832319 2
0 0.245 -0.035 0.0101798294 2
0 0.245 -0.025 0.006197938225 2
0 0.245 -0.015 0.003410747442 2
0 0.245 -0.005 0.001703965469 2
0 0.245 0.005 0.0009252724424 2
0 0.245 0.015 0.0005662124773 2
0 0.245 0.025 0.0003348965958 2
0 0.245 0.035 0.0002224989263 2
0 0.245 0.045 0.000196474222 2
0 0.245 0.055 0.000278672312 2
0 0.245 0.065 0.0004755194266 2
0 0.245 0.075 0.0007930124456 2
0 0.245 0.085 0.001227409682 2
0 0.245 0.095 0.00177103252 2
0 0.245 0.105 0.002413423515 2
0 0.245 0.115 0.003143218226 2
0 0.245 0.125 0.003949159801 2
0 0.245 0.135 0.004820355868 2
0 0.245 0.145 0.005746579327 2
0 0.245 0.155 0.006718368818 2
0 0.245 0.165 0.007728026818 2
0 0.245 0.175 0.008769977048 2
0 0.245 0.185 0.009841994456 2
0 0.245 0.195 0.01094492955 2
0 0.245 0.205 0.01208291909 2
0 0.245 0.215 0.01326219992 2
0 0.245 0.225 0.01449034694 2
0 0.245 0.235 0.01577489785 2
0 0.245 0.245 0.01712258624 2
0 0.245 0.255 0.01853816623 2
0 0.245 0.265 0.02002411312 2
0 0.245 0.275 0.02157788352 2
0 0.245 0.285 0.02319161484 2
0 0.245 0.295 0.02484680868 2
0 0.245 0.305 0.02648991437 2
0 0.245 0.315 0.02811812049 2
0 0.245 0.325 0.02944325896 2
0 0.245 0.335 0.030263888 2
0 0.245 0.345 0.03060790109 2
0 0.245 0.355 0.03069686689 2
0 0.245 0.365 0.03197072659 2
0 0.245 0.375 0.03347865538 2
0 0.245 0.385 0.03937164144 2
0 0.245 0.395 0.03696427612 2
0 0.245 0.405 0.02576531479 2
0 0.245 0.415 0.01037331018 2
0 0.245 0.425 0 2
0 0.245 0.435 0 2
0 0.245 0.445 0 2
0 0.245 0.455 0 2
0 0.245 0.465 0 2
0 0.255 -0.455 0 2
0 0.255 -0.445 0 2
0 0.255 -0.435 0 1
0 0.255 -0.425 0 1
0 0.255 -0.415 0.006883323573 1
0 0.255 -0.405 0.01753984866 1
0 0.255 -0.395 0.02672681465 1
0 0.255 -0.385 0.0321227651 1
0 0.255 -0.375 0.03326589855 1
0 0.255 -0.365 0.03639711768 2
0 0.255 -0.355 0.03693553383 2
0 0.255 -0.345 0.03540514141 2
0 0.255 -0.335 0.03264311206 2
0 0.255 -0.325 0.02986822021 2
0 0.255 -0.315 0.02759724113 2
0 0.255 -0.305 0.02553560053 2
0 0.255 -0.295 0.02367987458 2
0 0.255 -0.285 0.02196160573 2
0 0.255 -0.275 0.02035451915 2
0 0.255 -0.265 0.01883867716 2
0 0.255 -0.255 0.01740238205 2
0 0.255 -0.245 0.01606147174 2
0 0.255 -0.235 0.01479614384 2
0 0.255 -0.225 0.01360928961 2
0 0.255 -0.215 0.01248025113 2
0 0.255 -0.205 0.01142417701 2
0 0.255 -0.195 0.01043916835 2
0 0.255 -0.185 0.009527071909 2
0 0.255 -0.175 0.008737232164 2
0 0.255 -0.165 0.00813807162 2
0 0.255 -0.155 0.008000037937 2
0 0.255 -0.145 0.008529612403 2
0 0.255 -0.135 0.009681849341 2
0 0.255 -0.125 0.01150990222 2
0 0.255 -0.115 0.01366696955 2
0 0.255 -0.105 0.01556201212 2
0 0.255 -0.095 0.0173960341 2
0 0.255 -0.085 0.01838073143 2
0 0.255 -0.075 0.01910187104 2
0 0.255 -0.065 0.01911082043 2
0 0.255 -0.055 0.01773762572 2
0 0.255 -0.045 0.01497171576 2
0 0.255 -0.035 0.01112283179 2
0 0.255 -0.025 0.007518024845 2
0 0.255 -0.015 0.004891825025 2
0 0.255 -0.005 0.003240520844 2
0 0.255 0.005 0.002267969012 2
0 0.255 0.015 0.001610497765 2
0 0.255 0.025 0.001113612824 2
0 0.255 0.035 0.0007472729781 2
0 0.255 0.045 0.0005017209102 2
0 0.255 0.055 0.0004101292519 2
0 0.255 0.065 0.0004776077953 2
0 0.255 0.075 0.0007065309585 2
0 0.255 0.085 0.001083672155 2
0 0.255 0.095 0.001591621734 2
0 0.255 0.105 0.002212051942 2
0 0.255 0.115 0.002927645035 2
0 0.255 0.125 0.003723464885 2
0 0.255 0.135 0.004585653302 2
0 0.255 0.145 0.005501249676 2
0 0.255 0.155 0.006457463999 2
0 0.255 0.165 0.007443722191 2
0 0.255 0.175 0.008451559372 2
0 0.255 0.185 0.009477826754 2
0 0.255 0.195 0.01052336771 2
0 0.255 0.205 0.01159409176 2
0 0.255 0.215 0.0126981079 2
0 0.255 0.225 0.01384482077 2
0 0.255 0.235 0.01504247477 2
0 0.255 0.245 0.01629738912 2
0 0.255 0.255 0.01761283852 2
0 0.255 0.265 0.01898868762 2
0 0.255 0.275 0.02042012886 2
0 0.255 0.285 0.0218951148 2
0 0.255 0.295 0.023396223 2
0 0.255 0.305 0.02487586057 2
0 0.255 0.315 0.0263149987 2
0 0.255 0.325 0.0275751976 2
0 0.255 0.335 0.02858415144 2
0 0.255 0.345 0.02947955004 2
0 0.255 0.355 0.03033099581 2
0 0.255 0.365 0.03212385115 2
0 0.255 0.375 0.03378542694 2
0 0.255 0.385 0.03916040281 2
0 0.255 0.395 0.03630173458 2
0 0.255 0.405 0.02506567149 2
0 0.255 0.415 0.009991023208 2
0 0.255 0.425 0 2
0 0.255 0.435 0 2
0 0.255 0.445 0 2
0 0.255 0.455 0 2
0 0.255 0.465 0 2
0 0.265 -0.455 0 2
0 0.265 -0.445 0 2
0 0.265 -0.435 0 1
0 0.265 -0.425 0 1
0 0.265 -0.415 0.00666130892 1
0 0.265 -0.405 0.01682592514 1
0 0.265 -0.395 0.025272627 1
0 0.265 -0.385 0.03007922431 1
0 0.265 -0.375 0.0311265964 1
0 0.265 -0.365 0.03453729348 2
0 0.265 -0.355 0.03557708276 2
0 0.265 -0.345 0.03438604111 2
0 0.265 -0.335 0.03172588966 2
0 0.265 -0.325 0.02888973637 2
0 0.265 -0.315 0.02661236252 2
0 0.265 -0.305 0.02454209284 2
0 0.265 -0.295 0.02269273495 2
0 0.265 -0.285 0.02099214776 2
0 0.265 -0.275 0.01941653107 2
0 0.265 -0.265 0.01794446488 2
0 0.265 -0.255 0.01656754109 2
0 0.265 -0.245 0.01530442592 2
0 0.265 -0.235 0.01410750907 2
0 0.265 -0.225 0.01293388169 2
0 0.265 -0.215 0.01178790455 2
0 0.265 -0.205 0.01076800842 2
0 0.265 -0.195 0.00990742018 2
0 0.265 -0.185 0.009192432068 2
0 0.265 -0.175 0.008555650566 2
0 0.265 -0.165 0.007998040221 2
0 0.265 -0.155 0.007710351537 2
0 0.265 -0.145 0.007964856993 2
0 0.265 -0.135 0.008765599741 2
0 0.265 -0.125 0.01016622355 2
0 0.265 -0.115 0.01184365152 2
0 0.265 -0.105 0.0133224007 2
0 0.265 -0.095 0.01464774264 2
0 0.265 -0.085 0.01547253298 2
0 0.265 -0.075 0.01613623617 2
0 0.265 -0.065 0.01627028581 2
0 0.265 -0.055 0.01524157371 2
0 0.265 -0.045 0.01326546155 2
0 0.265 -0.035 0.01017580765 2
0 0.265 -0.025 0.007580806706 2
0 0.265 -0.015 0.005651430721 2
0 0.265 -0.005 0.004427180415 2
0 0.265 0.005 0.003504540842 2
0 0.265 0.015 0.002642338488 2
0 0.265 0.025 0.001821234388 2
0 0.265 0.035 0.001136729948 2
0 0.265 0.045 0.0006137062396 2
0 0.265 0.055 0.0003368241289 2
0 0.265 0.065 0.0002883179324 2
0 0.265 0.075 0.0004486651272 2
0 0.265 0.085 0.0007907122506 2
0 0.265 0.095 0.001283744496 2
0 0.265 0.105 0.00190033443 2
0 0.265 0.115 0.002617060036 2
0 0.265 0.125 0.003417131019 2
0 0.265 0.135 0.00428490995 2
0 0.265 0.145 0.00520510724 2
0 0.265 0.155 0.006159849572 2
0 0.265 0.165 0.007134209758 2
0 0.265 0.175 0.008113975639 2
0 0.265 0.185 0.009094971831 2
0 0.265 0.195 0.01007784779 2
0 0.265 0.205 0.01107283732 2
0 0.265 0.215 0.01209204889 2
0 0.265 0.225 0.01314930708 2
0 0.265 0.235 0.01425475151 2
0 0.265 0.245 0.01541488213 2
0 0.265 0.255 0.01663162053 2
0 0.265 0.265 0.01790303917 2
0 0.265 0.275 0.01922331375 2
0 0.265 0.285 0.02058081806 2
0 0.265 0.295 0.02196069961 2
0 0.265 0.305 0.02333395024 2
0 0.265 0.315 0.02467446375 2
0 0.265 0.325 0.02594077051 2
0 0.265 0.335 0.02712332869 2
0 0.265 0.345 0.02835838999 2
0 0.265 0.355 0.02967074389 2
0 0.265 0.365 0.03171892094 2
0 0.265 0.375 0.03340940154 2
0 0.265 0.385 0.03850005896 2
0 0.265 0.395 0.03546237073 2
0 0.265 0.405 0.02442034962 2
0 0.265 0.415 0.009689637892 2
0 0.265 0.425 0 2
0 0.265 0.435 0 2
0 0.265 0.445 0 2
0 0.265 0.455 0 2
0 0.265 0.465 0 2
0 0.275 -0.455 0 2
0 0.275 -0.445 0 2
0 0.275 -0.435 0 1
0 0.275 -0.425 0 1
0 0.275 -0.415 0.006438081888 1
0 0.275 -0.405 0.01613182969 1
0 0.275 -0.395 0.02393196824 1
0 0.275 -0.385 0.02819603458 1
0 0.275 -0.375 0.02897021647 1
0 0.275 -0.365 0.03248929863 2
0 0.275 -0.355 0.03380872208 2
0 0.275 -0.345 0.03286252929 2
0 0.275 -0.335 0.0303718915 2
0 0.275 -0.325 0.02759152117 2
0 0.275 -0.315 0.02538596204 2
0 0.275 -0.305 0.0233701035 2
0 0.275 -0.295 0.02157106458 2
0 0.275 -0.285 0.01991744765 2
0 0.275 -0.275 0.01838950392 2
0 0.275 -0.265 0.01696486043 2
0 0.275 -0.255 0.01564579419 2
0 0.275 -0.245 0.01443003895 2
0 0.275 -0.235 0.01324715575 2
0 0.275 -0.225 0.01196741936 2
0 0.275 -0.215 0.01067226389 2
0 0.275 -0.205 0.009556275521 2
0 0.275 -0.195 0.008723163558 2
0 0.275 -0.185 0.00816220388 2
0 0.275 -0.175 0.00767392126 2
0 0.275 -0.165 0.007215646093 2
0 0.275 -0.155 0.006768676704 2
0 0.275 -0.145 0.006596528917 2
0 0.275 -0.135 0.006863650144 2
0 0.275 -0.125 0.007553250377 2
0 0.275 -0.115 0.00825706197 2
0 0.275 -0.105 0.009041374603 2
0 0.275 -0.095 0.009675496616 1
0 0.275 -0.085 0.01031730422 1
0 0.275 -0.075 0.01089201138 1
0 0.275 -0.065 0.01116282556 1
0 0.275 -0.055 0.01049343544 1
0 0.275 -0.045 0.009287401066 2
0 0.275 -0.035 0.007443714548 2
0 0.275 -0.025 0.006103159034 2
0 0.275 -0.015 0.005250439509 2
0 0.275 -0.005 0.004734143069 2
0 0.275 0.005 0.004152910668 2
0 0.275 0.015 0.003319939169 2
0 0.275 0.025 0.002255459409 2
0 0.275 0.035 0.00131730866 2
0 0.275 0.045 0.0005095382936 2
0 0.275 0.055 4.181601114e-05 2
0 0.275 0.065 -0.0001235264308 2
0 0.275 0.075 -1.206165072e-05 2
0 0.275 0.085 0.0003320267451 2
0 0.275 0.095 0.0008399585345 2
0 0.275 0.105 0.001475035762 2
0 0.275 0.115 0.002209903862 2
0 0.275 0.125 0.003030145702 2
0 0.275 0.135 0.003919876104 2
0 0.275 0.145 0.004862398079 2
0 0.275 0.155 0.005831988695 2
0 0.275 0.165 0.006808411443 2
0 0.275 0.175 0.007765401262 2
0 0.275 0.185 0.008699020822 2
0 0.275 0.195 0.009609709019 2
0 0.275 0.205 0.01051817699 2
0 0.275 0.215 0.01144276851 2
0 0.275 0.225 0.01240396024 2
0 0.275 0.235 0.01341372756 2
0 0.275 0.245 0.01447890288 2
0 0.275 0.255 0.01560018894 2
0 0.275 0.265 0.01677423625 2
0 0.275 0.275 0.017994767 2
0 0.275 0.285 0.01925242342 2
0 0.275 0.295 0.02053623672 2
0 0.275 0.305 0.02183176753 2
0 0.275 0.315 0.02312621109 2
0 0.275 0.325 0.0244246756 2
0 0.275 0.335 0.02574564188 2
0 0.275 0.345 0.0272021961 2
0 0.275 0.355 0.02876761008 2
0 0.275 0.365 0.03094476995 2
0 0.275 0.375 0.03262847553 2
0 0.275 0.385 0.03747978979 2
0 0.275 0.395 0.03440032017 2
0 0.275 0.405 0.02365510165 2
0 0.275 0.415 0.009362784632 2
0 0.275 0.425 0 2
0 0.275 0.435 0 2
0 0.275 0.445 0 2
0 0.275 0.455 0 2
0 0.275 0.465 0 2
0 0.285 -0.455 0 2
0 0.285 -0.445 0 2
0 0.285 -0.435 0 1
0 0.285 -0.425 0 1
0 0.285 -0.415 0.006181435174 1
0 0.285 -0.405 0.01540412052 1
0 0.285 -0.395 0.02270969976 1
0 0.285 -0.385 0.02654763818 1
0 0.285 -0.375 0.02699770298 1
0 0.285 -0.365 0.03028770009 2
0 0.285 -0.355 0.03158458097 2
0 0.285 -0.345 0.03080342313 2
0 0.285 -0.335 0.02855590655 2
0 0.285 -0.325 0.02598142556 2
0 0.285 -0.315 0.02392464854 2
0 0.285 -0.305 0.02202435147 2
0 0.285 -0.295 0.02031613282 2
0 0.285 -0.285 0.01873651838 2
0 0.285 -0.275 0.01727111273 2
0 0.285 -0.265 0.01589778024 2
0 0.285 -0.255 0.01463450017 2
0 0.285 -0.245 0.01343463304 2
0 0.285 -0.235 0.01218088858 2
0 0.285 -0.225 0.01069547618 2
0 0.285 -0.215 0.009173772208 2
0 0.285 -0.205 0.007904956254 1
0 0.285 -0.195 0.007110896263 1
0 0.285 -0.185 0.006675493856 1
0 0.285 -0.175 0.006272467905 1
0 0.285 -0.165 0.005797079302 2
0 0.285 -0.155 0.005148847485 2
0 0.285 -0.145 0.004525466186 2
0 0.285 -0.135 0.004273697903 2
0 0.285 -0.125 0.004463051857 2
0 0.285 -0.115 0.004839247696 1
0 0.285 -0.105 0.00531298847 1
0 0.285 -0.095 0.005427494308 1
0 0.285 -0.085 0.00563048197 1
0 0.285 -0.075 0.00602758451 1
0 0.285 -0.065 0.00635539086 1
0 0.285 -0.055 0.006170882847 1
0 0.285 -0.045 0.005399131707 1
0 0.285 -0.035 0.004403699377 2
0 0.285 -0.025 0.003628336851 2
0 0.285 -0.015 0.00355213074 2
0 0.285 -0.005 0.003698906663 2
0 0.285 0.005 0.003569716819 2
0 0.285 0.015 0.002953859564 2
0 0.285 0.025 0.001893736524 2
0 0.285 0.035 0.0008752001657 2
0 0.285 0.045 -0.0001290224531 2
0 0.285 0.055 -0.0006784196583 2
0 0.285 0.065 -0.0008599167695 2
0 0.285 0.075 -0.0007107040645 2
0 0.285 0.085 -0.0002941503435 2
0 0.285 0.095 0.0002626796217 2
0 0.285 0.105 0.0009376575602 2
0 0.285 0.115 0.001704809724 2
0 0.285 0.125 0.002554629399 2
0 0.285 0.135 0.003480980106 2
0 0.285 0.145 0.00447526718 2
0 0.285 0.155 0.005499435642 2
0 0.285 0.165 0.006524056778 2
0 0.285 0.175 0.007479400107 2
0 0.285 0.185 0.008366038982 2
0 0.285 0.195 0.009176297079 2
0 0.285 0.205 0.009962790644 2
0 0.285 0.215 0.01075959844 2
0 0.285 0.225 0.01160709738 2
0 0.285 0.235 0.01251615684 2
0 0.285 0.245 0.0134897161 2
0 0.285 0.255 0.01452097729 2
0 0.285 0.265 0.01560529294 2
0 0.285 0.275 0.01673637214 2
0 0.285 0.285 0.01790727929 2
0 0.285 0.295 0.01911177512 2
0 0.285 0.305 0.0203455691 2
0 0.285 0.315 0.02160891318 2
0 0.285 0.325 0.02291925808 2
0 0.285 0.335 0.02429685024 2
0 0.285 0.345 0.02583460329 2
0 0.285 0.355 0.02747984335 2
0 0.285 0.365 0.029673048 2
0 0.285 0.375 0.03133806885 2
0 0.285 0.385 0.03599088584 2
0 0.285 0.395 0.03300938925 2
0 0.285 0.405 0.02268986873 2
0 0.285 0.415 0.008974986431 2
0 0.285 0.425 0 2
0 0.285 0.435 0 2
0 0.285 0.445 0 2
0 0.285 0.455 0 2
0 0.285 0.465 0 2
0 0.295 -0.455 0 2
0 0.295 -0.445 0 2
0 0.295 -0.435 0 1
0 0.295 -0.425 0 1
0 0.295 -0.415 0.005939338208 1
0 0.295 -0.405 0.01472839393 1
0 0.295 -0.395 0.02151522466 1
0 0.295 -0.385 0.02487241192 1
0 0.295 -0.375 0.02493375789 1
0 0.295 -0.365 0.02779596515 2
0 0.295 -0.355 0.0289561384 2
0 0.295 -0.345 0.02831672968 2
0 0.295 -0.335 0.02636322333 2
0 0.295 -0.325 0.02411033599 2
0 0.295 -0.315 0.02226216323 2
0 0.295 -0.305 0.02052709563 2
0 0.295 -0.295 0.01894276611 2
0 0.295 -0.285 0.01745957999 2
0 0.295 -0.275 0.01606867481 2
0 0.295 -0.265 0.01474925475 2
0 0.295 -0.255 0.01352712637 2
0 0.295 -0.245 0.01231510703 2
0 0.295 -0.235 0.01093926632 2
0 0.295 -0.225 0.009308898621 2
0 0.295 -0.215 0.007701010413 2
0 0.295 -0.205 0.006386710869 1
0 0.295 -0.195 0.005593457193 1
0 0.295 -0.185 0.005133962982 1
0 0.295 -0.175 0.004724478335 1
0 0.295 -0.165 0.004126651917 1
0 0.295 -0.155 0.003232320182 2
0 0.295 -0.145 0.002302281808 2
0 0.295 -0.135 0.001809123091 2
0 0.295 -0.125 0.001863324402 1
0 0.295 -0.115 0.002169422014 1
0 0.295 -0.105 0.002408162452 1
0 0.295 -0.095 0.002669878189 1
0 0.295 -0.085 0.002948757183 1
0 0.295 -0.075 0.003365433269 1
0 0.295 -0.065 0.003617718848 1
0 0.295 -0.055 0.003375215517 1
0 0.295 -0.045 0.002337740231 1
0 0.295 -0.035 0.001417610992 2
0 0.295 -0.025 0.0007252193152 2
0 0.295 -0.015 0.0008474323234 2
0 0.295 -0.005 0.001243552817 2
0 0.295 0.005 0.001514415006 2
0 0.295 0.015 0.001302374308 2
0 0.295 0.025 0.0006349167794 2
0 0.295 0.035 -0.0003100708715 2
0 0.295 0.045 -0.001400298363 2
0 0.295 0.055 -0.001918778599 2
0 0.295 0.065 -0.00196129049 2
0 0.295 0.075 -0.001644673502 2
0 0.295 0.085 -0.001065896095 2
0 0.295 0.095 -0.0004310046729 2
0 0.295 0.105 0.0002926367134 2
0 0.295 0.115 0.001099379074 2
0 0.295 0.125 0.001994004484 2
0 0.295 0.135 0.002982228784 2
0 0.295 0.145 0.004059461831 2
0 0.295 0.155 0.00514977686 2
0 0.295 0.165 0.006233365761 2
0 0.295 0.175 0.007160382407 2
0 0.295 0.185 0.007972027129 2
0 0.295 0.195 0.008663062269 2
0 0.295 0.205 0.009331742642 2
0 0.295 0.215 0.01001239032 2
0 0.295 0.225 0.01074990053 2
0 0.295 0.235 0.01155974506 2
0 0.295 0.245 0.01244500422 2
0 0.295 0.255 0.01339441225 2
0 0.295 0.265 0.01439675221 2
0 0.295 0.275 0.01544651882 2
0 0.295 0.285 0.01653866828 2
0 0.295 0.295 0.0176712331 2
0 0.295 0.305 0.01884627297 2
0 0.295 0.315 0.02007077469 2
0 0.295 0.325 0.02136612947 2
0 0.295 0.335 0.02274981529 2
0 0.295 0.345 0.02429920504 2
0 0.295 0.355 0.02594869554 2
0 0.295 0.365 0.02809632305 2
0 0.295 0.375 0.02971340413 2
0 0.295 0.385 0.0341282041 2
0 0.295 0.395 0.03129333375 2
0 0.295 0.405 0.02150201312 2
0 0.295 0.415 0.008504306533 2
0 0.295 0.425 0 2
0 0.295 0.435 0 2
0 0.295 0.445 0 2
0 0.295 0.455 0 2
0 0.295 0.465 0 2
0 0.305 -0.455 0 2
0 0.305 -0.445 0 2
0 0.305 -0.435 0 2
0 0.305 -0.425 0 1
0 0.305 -0.415 0.005744316795 1
0 0.305 -0.405 0.01415276569 1
0 0.305 -0.395 0.02034950729 1
0 0.305 -0.385 0.02317719308 1
0 0.305 -0.375 0.02269995164 1
0 0.305 -0.365 0.02507842172 2
0 0.305 -0.355 0.02599465967 2
0 0.305 -0.345 0.02548927344 2
0 0.305 -0.335 0.02388973057 2
0 0.305 -0.325 0.02204356161 2
0 0.305 -0.315 0.02044816065 2
0 0.305 -0.305 0.01891303549 2
0 0.305 -0.295 0.01747659836 2
0 0.305 -0.285 0.0161069381 2
0 0.305 -0.275 0.01480049836 2
0 0.305 -0.265 0.01353911532 2
0 0.305 -0.255 0.01234652998 2
0 0.305 -0.245 0.01111941464 2
0 0.305 -0.235 0.009625111249 2
0 0.305 -0.225 0.007913921842 2
0 0.305 -0.215 0.006319615669 1
0 0.305 -0.205 0.005145280788 1
0 0.305 -0.195 0.004448167581 1
0 0.305 -0.185 0.003974120804 1
0 0.305 -0.175 0.003464587629 1
0 0.305 -0.165 0.002654006427 1
0 0.305 -0.155 0.001563101181 1
0 0.305 -0.145 0.0006152237111 2
0 0.305 -0.135 8.540288406e-05 1
0 0.305 -0.125 0.0001868426356 1
0 0.305 -0.115 0.000661458244 1
0 0.305 -0.105 0.001040858578 1
0 0.305 -0.095 0.001446872519 1
0 0.305 -0.085 0.001746696983 1
0 0.305 -0.075 0.002072075464 1
0 0.305 -0.065 0.002109812661 1
0 0.305 -0.055 0.001598532776 1
0 0.305 -0.045 0.0004361279737 1
0 0.305 -0.035 -0.0008630409767 1
0 0.305 -0.025 -0.001783389059 1
0 0.305 -0.015 -0.001922556383 1
0 0.305 -0.005 -0.001546704391 1
0 0.305 0.005 -0.001012303328 1
0 0.305 0.015 -0.00104070479 1
0 0.305 0.025 -0.001546277627 2
0 0.305 0.035 -0.002391016224 2
0 0.305 0.045 -0.003204734737 2
0 0.305 0.055 -0.003509180807 2
0 0.305 0.065 -0.003271413068 2
0 0.305 0.075 -0.002703719845 2
0 0.305 0.085 -0.001919237247 2
0 0.305 0.095 -0.001208516677 2
0 0.305 0.105 -0.0004509413783 2
0 0.305 0.115 0.0003885794235 2
0 0.305 0.125 0.001327728525 2
0 0.305 0.135 0.002383787535 2
0 0.305 0.145 0.00355396473 2
0 0.305 0.155 0.004675110919 2
0 0.305 0.165 0.00572620089 2
0 0.305 0.175 0.006538131439 2
0 0.305 0.185 0.007232310867 2
0 0.305 0.195 0.007858762732 2
0 0.305 0.205 0.00848678352 2
0 0.305 0.215 0.009134160571 2
0 0.305 0.225 0.009798584696 2
0 0.305 0.235 0.01053394652 2
0 0.305 0.245 0.01134240633 2
0 0.305 0.255 0.01222073702 2
0 0.305 0.265 0.01314884896 2
0 0.305 0.275 0.01412317164 2
0 0.305 0.285 0.01514038224 2
0 0.305 0.295 0.01620179779 2
0 0.305 0.305 0.01731304265 2
0 0.305 0.315 0.01848385827 2
0 0.305 0.325 0.01973555126 2
0 0.305 0.335 0.02108226364 2
0 0.305 0.345 0.02259019534 2
0 0.305 0.355 0.02418972928 2
0 0.305 0.365 0.02624369482 2
0 0.305 0.375 0.02778543552 2
0 0.305 0.385 0.0319202735 2
0 0.305 0.395 0.0292686268 2
0 0.305 0.405 0.0201041408 2
0 0.305 0.415 0.007952698179 2
0 0.305 0.425 0 2
0 0.305 0.435 0 2
0 0.305 0.445 0 2
0 0.305 0.455 0 2
0 0.305 0.465 0 2
0 0.315 -0.455 0 2
0 0.315 -0.445 0 2
0 0.315 -0.435 0 2
0 0.315 -0.425 0 1
0 0.315 -0.415 0.005617684747 1
0 0.315 -0.405 0.01378516287 1
0 0.315 -0.395 0.01941100792 1
0 0.315 -0.385 0.02159779213 1
0 0.315 -0.375 0.02032507262 1
0 0.315 -0.365 0.02223909033 2
0 0.315 -0.355 0.02286090873 2
0 0.315 -0.345 0.02249303711 2
0 0.315 -0.335 0.02129499635 2
0 0.315 -0.325 0.01987452946 2
0 0.315 -0.315 0.0185466844 2
0 0.315 -0.305 0.0172251858 2
0 0.315 -0.295 0.01594898498 2
0 0.315 -0.285 0.01470318509 2
0 0.315 -0.275 0.01348839923 2
0 0.315 -0.265 0.01228907221 2
0 0.315 -0.255 0.0111208972 2
0 0.315 -0.245 0.009890955364 2
0 0.315 -0.235 0.008389676141 2
0 0.315 -0.225 0.006738178044 2
0 0.315 -0.215 0.005213498404 1
0 0.315 -0.205 0.00419399115 1
0 0.315 -0.195 0.003623559838 1
0 0.315 -0.185 0.003208024207 1
0 0.315 -0.175 0.00263945049 1
0 0.315 -0.165 0.001757364555 1
0 0.315 -0.155 0.0006610649757 1
0 0.315 -0.145 -0.0001792890501 1
0 0.315 -0.135 -0.0005695788134 1
0 0.315 -0.125 -0.0003638539573 1
0 0.315 -0.115 0.0001400517598 1
0 0.315 -0.105 0.0005571774907 1
0 0.315 -0.095 0.0008936073367 1
0 0.315 -0.085 0.001138015557 1
0 0.315 -0.075 0.00135541542 1
0 0.315 -0.065 0.001315877604 1
0 0.315 -0.055 0.0007563295569 1
0 0.315 -0.045 -0.0003025707403 1
0 0.315 -0.035 -0.001776098746 1
0 0.315 -0.025 -0.002828112833 1
0 0.315 -0.015 -0.003271556378 1
0 0.315 -0.005 -0.003223522013 1
0 0.315 0.005 -0.002834973473 1
0 0.315 0.015 -0.00257774078 1
0 0.315 0.025 -0.002848016441 1
0 0.315 0.035 -0.003822047306 1
0 0.315 0.045 -0.004826665559 2
0 0.315 0.055 -0.005214064321 2
0 0.315 0.065 -0.004663144478 2
0 0.315 0.075 -0.003770972125 2
0 0.315 0.085 -0.002782863617 2
0 0.315 0.095 -0.002030385083 2
0 0.315 0.105 -0.001269730958 2
0 0.315 0.115 -0.0004191942148 2
0 0.315 0.125 0.00056890789 2
0 0.315 0.135 0.001694369569 2
0 0.315 0.145 0.002851949201 2
0 0.315 0.155 0.003879803407 2
0 0.315 0.165 0.00474437416 2
0 0.315 0.175 0.005440089313 2
0 0.315 0.185 0.006042461347 2
0 0.315 0.195 0.006687039635 2
0 0.315 0.205 0.007343640716 2
0 0.315 0.215 0.008058561882 2
0 0.315 0.225 0.008732837873 2
0 0.315 0.235 0.009433537909 2
0 0.315 0.245 0.01018419148 2
0 0.315 0.255 0.01100272525 2
0 0.315 0.265 0.01186342064 2
0 0.315 0.275 0.01276573023 2
0 0.315 0.285 0.01370834019 2
0 0.315 0.295 0.01469508271 2
0 0.315 0.305 0.01573363497 2
0 0.315 0.315 0.01683478869 2
0 0.315 0.325 0.0180185607 2
0 0.315 0.335 0.01929635132 2
0 0.315 0.345 0.020725509 2
0 0.315 0.355 0.02223717762 2
0 0.315 0.365 0.02416033374 2
0 0.315 0.375 0.02560156678 2
0 0.315 0.385 0.02941514337 2
0 0.315 0.395 0.02697225712 2
0 0.315 0.405 0.01852099485 2
0 0.315 0.415 0.007327989891 2
0 0.315 0.425 0 2
0 0.315 0.435 0 2
0 0.315 0.445 0 2
0 0.315 0.455 0 2
0 0.315 0.465 0 2
0 0.325 -0.455 0 2
0 0.325 -0.445 0 2
0 0.325 -0.435 0 2
0 0.325 -0.425 0 2
0 0.325 -0.415 0.005439731086 1
0 0.325 -0.405 0.01332765549 1
0 0.325 -0.395 0.01850873497 1
0 0.325 -0.385 0.02022046115 1
0 0.325 -0.375 0.0183073716 2
0 0.325 -0.365 0.01950669726 2
0 0.325 -0.355 0.01971545014 2
0 0.325 -0.345 0.01949412391 2
0 0.325 -0.335 0.0187091303 2
0 0.325 -0.325 0.01768802532 2
0 0.325 -0.315 0.01661813402 2
0 0.325 -0.305 0.01550659163 2
0 0.325 -0.295 0.01439585876 2
0 0.325 -0.285 0.01328237479 2
0 0.325 -0.275 0.01216739516 2
0 0.325 -0.265 0.01103714778 2
0 0.325 -0.255 0.009898774419 2
0 0.325 -0.245 0.008688098737 2
0 0.325 -0.235 0.00726307339 2
0 0.325 -0.225 0.005716102416 2
0 0.325 -0.215 0.004312340499 1
0 0.325 -0.205 0.003424888944 1
0 0.325 -0.195 0.00295722753 1
0 0.325 -0.185 0.002635559752 1
0 0.325 -0.175 0.002129778498 1
0 0.325 -0.165 0.00138883921 1
0 0.325 -0.155 0.0005159133735 1
0 0.325 -0.145 -0.0002045170017 1
0 0.325 -0.135 -0.0004436408293 1
0 0.325 -0.125 -0.0002820612449 1
0 0.325 -0.115 6.159349097e-05 1
0 0.325 -0.105 0.000344386638 1
0 0.325 -0.095 0.0005284007144 1
0 0.325 -0.085 0.0006016264734 1
0 0.325 -0.075 0.0006875125905 1
0 0.325 -0.065 0.0006837951275 1
0 0.325 -0.055 0.0002954353337 1
0 0.325 -0.045 -0.0004269779719 1
0 0.325 -0.035 -0.001519618486 1
0 0.325 -0.025 -0.002417996512 1
0 0.325 -0.015 -0.002952568294 1
0 0.325 -0.005 -0.003125280323 1
0 0.325 0.005 -0.002958261205 1
0 0.325 0.015 -0.002848813631 1
0 0.325 0.025 -0.003437005402 1
0 0.325 0.035 -0.004579782017 1
0 0.325 0.045 -0.005694803341 2
0 0.325 0.055 -0.006184919975 2
0 0.325 0.065 -0.005589545799 2
0 0.325 0.075 -0.004595543099 2
0 0.325 0.085 -0.003549429033 2
0 0.325 0.095 -0.002840480734 2
0 0.325 0.105 -0.002128055669 2
0 0.325 0.115 -0.001293898277 2
0 0.325 0.125 -0.0002595054316 2
0 0.325 0.135 0.0008428586363 2
0 0.325 0.145 0.001831623112 2
0 0.325 0.155 0.002741529709 2
0 0.325 0.165 0.003478984007 1
0 0.325 0.175 0.004097582038 1
0 0.325 0.185 0.004567761596 1
0 0.325 0.195 0.005198199325 2
0 0.325 0.205 0.005939578912 2
0 0.325 0.215 0.006790080953 2
0 0.325 0.225 0.007556139654 2
0 0.325 0.235 0.008261577157 2
0 0.325 0.245 0.008978078844 2
0 0.325 0.255 0.009746822499 2
0 0.325 0.265 0.01054502142 2
0 0.325 0.275 0.01137621335 2
0 0.325 0.285 0.01224183081 2
0 0.325 0.295 0.01314782546 2
0 0.325 0.305 0.01410317003 2
0 0.325 0.315 0.01511894669 2
0 0.325 0.325 0.01621358313 2
0 0.325 0.335 0.01739650468 2
0 0.325 0.345 0.01871764306 2
0 0.325 0.355 0.020111984 2
0 0.325 0.365 0.02187437461 2
0 0.325 0.375 0.02319386003 2
0 0.325 0.385 0.02665053377 2
0 0.325 0.395 0.02443781389 2
0 0.325 0.405 0.01677611768 2
0 0.325 0.415 0.006638957272 2
0 0.325 0.425 0 2
0 0.325 0.435 0 2
0 0.325 0.445 0 2
0 0.325 0.455 0 2
0 0.325 0.465 0 2
0 0.335 -0.455 0 2
0 0.335 -0.445 0 2
0 0.335 -0.435 0 2
0 0.335 -0.425 0 2
0 0.335 -0.415 0.005100981495 2
0 0.335 -0.405 0.01258308597 2
0 0.335 -0.395 0.01748433392 2
0 0.335 -0.385 0.01873426787 2
0 0.335 -0.375 0.01637210465 2
0 0.335 -0.365 0.01687347975 2
0 0.335 -0.355 0.01687820088 2
0 0.335 -0.345 0.01679623642 2
0 0.335 -0.335 0.01629321868 2
0 0.335 -0.325 0.01556776596 2
0 0.335 -0.315 0.01471875758 2
0 0.335 -0.305 0.01379667476 2
0 0.335 -0.295 0.01284417642 2
0 0.335 -0.285 0.01185988437 2
0 0.335 -0.275 0.01084475811 2
0 0.335 -0.265 0.009790863862 2
0 0.335 -0.255 0.008694084298 2
0 0.335 -0.245 0.007531614786 2
0 0.335 -0.235 0.006232417226 2
0 0.335 -0.225 0.004834674875 2
0 0.335 -0.215 0.003581785963 2
0 0.335 -0.205 0.002771339109 1
0 0.335 -0.195 0.002372379294 1
0 0.335 -0.185 0.002129651464 1
0 0.335 -0.175 0.001766805454 1
0 0.335 -0.165 0.0012612488 1
0 0.335 -0.155 0.0007260913008 1
0 0.335 -0.145 0.0002495747682 1
0 0.335 -0.135 7.587203557e-05 1
0 0.335 -0.125 0.0001264639004 1
0 0.335 -0.115 0.0003655075245 1
0 0.335 -0.105 0.0006103470833 1
0 0.335 -0.095 0.0007729785879 1
0 0.335 -0.085 0.00077971809 1
0 0.335 -0.075 0.000775320563 1
0 0.335 -0.065 0.0007687953174 1
0 0.335 -0.055 0.000549120832 1
0 0.335 -0.045 0.0001327937765 1
0 0.335 -0.035 -0.0005749250123 1
0 0.335 -0.025 -0.001257620782 1
0 0.335 -0.015 -0.001754057254 1
0 0.335 -0.005 -0.002065287944 1
0 0.335 0.005 -0.002084046306 1
0 0.335 0.015 -0.002121511733 1
0 0.335 0.025 -0.002887703533 1
0 0.335 0.035 -0.004255574101 1
0 0.335 0.045 -0.005721029396 2
0 0.335 0.055 -0.006442970971 2
0 0.335 0.065 -0.006003951664 2
0 0.335 0.075 -0.005098486441 2
0 0.335 0.085 -0.00415782467 2
0 0.335 0.095 -0.003566522105 2
0 0.335 0.105 -0.002939914834 2
0 0.335 0.115 -0.002142802819 2
0 0.335 0.125 -0.001107738297 2
0 0.335 0.135 -3.673293475e-05 2
0 0.335 0.145 0.000918068673 1
0 0.335 0.155 0.001694446395 1
0 0.335 0.165 0.002254135348 1
0 0.335 0.175 0.002774765946 1
0 0.335 0.185 0.003250910339 1
0 0.335 0.195 0.003832472038 1
0 0.335 0.205 0.00456902777 2
0 0.335 0.215 0.005459974085 2
0 0.335 0.225 0.00631307727 2
0 0.335 0.235 0.007041463459 2
0 0.335 0.245 0.007740393394 2
0 0.335 0.255 0.008464267469 2
0 0.335 0.265 0.009201427203 2
0 0.335 0.275 0.00995955742 2
0 0.335 0.285 0.01074348994 2
0 0.335 0.295 0.01156104863 2
0 0.335 0.305 0.01242216266 2
0 0.335 0.315 0.01333793416 2
0 0.335 0.325 0.01432523333 2
0 0.335 0.335 0.01539214453 2
0 0.335 0.345 0.01658200128 2
0 0.335 0.355 0.01783566791 2
0 0.335 0.365 0.01941302613 2
0 0.335 0.375 0.02059319572 2
0 0.335 0.385 0.02366275905 2
0 0.335 0.395 0.02169835683 2
0 0.335 0.405 0.01489224251 2
0 0.335 0.415 0.005894415645 2
0 0.335 0.425 0 2
0 0.335 0.435 0 2
0 0.335 0.445 0 2
0 0.335 0.455 0 2
0 0.335 0.465 0 2
0 0.345 -0.455 0 2
0 0.345 -0.445 0 2
0 0.345 -0.435 0 2
0 0.345 -0.425 0 2
0 0.345 -0.415 0.00454563917 2
0 0.345 -0.405 0.01129385672 2
0 0.345 -0.395 0.01585593852 2
0 0.345 -0.385 0.01698741249 2
0 0.345 -0.375 0.0147110503 2
0 0.345 -0.365 0.01474094213 2
0 0.345 -0.355 0.01453359889 2
0 0.345 -0.345 0.01444140415 2
0 0.345 -0.335 0.01408932757 2
0 0.345 -0.325 0.01355418844 2
0 0.345 -0.315 0.01288052188 2
0 0.345 -0.305 0.01212054575 2
0 0.345 -0.295 0.01131634789 2
0 0.345 -0.285 0.0104580527 2
0 0.345 -0.275 0.009535459578 2
0 0.345 -0.265 0.008551609119 2
0 0.345 -0.255 0.007513299675 2
0 0.345 -0.245 0.006421320376 2
0 0.345 -0.235 0.005238206572 2
0 0.345 -0.225 0.003992939985 2
0 0.345 -0.215 0.0029293355 2
0 0.345 -0.205 0.002224647931 1
0 0.345 -0.195 0.001887304138 1
0 0.345 -0.185 0.001722654433 1
0 0.345 -0.175 0.001539259842 1
0 0.345 -0.165 0.001298296235 1
0 0.345 -0.155 0.001053983793 1
0 0.345 -0.145 0.0008978977684 1
0 0.345 -0.135 0.0008918900524 1
0 0.345 -0.125 0.001069788782 1
0 0.345 -0.115 0.00137536742 1
0 0.345 -0.105 0.001694338931 1
0 0.345 -0.095 0.001909128644 1
0 0.345 -0.085 0.002025796541 1
0 0.345 -0.075 0.002000147909 1
0 0.345 -0.065 0.001827066048 1
0 0.345 -0.055 0.001647301978 1
0 0.345 -0.045 0.001310972562 1
0 0.345 -0.035 0.0007837340861 1
0 0.345 -0.025 0.0002316120891 1
0 0.345 -0.015 -0.0002046538306 1
0 0.345 -0.005 -0.0005608573186 1
0 0.345 0.005 -0.000702281597 1
0 0.345 0.015 -0.0009169626342 1
0 0.345 0.025 -0.001762752483 1
0 0.345 0.035 -0.00323405225 1
0 0.345 0.045 -0.004895143379 2
0 0.345 0.055 -0.005877835159 2
0 0.345 0.065 -0.005802130326 2
0 0.345 0.075 -0.005207160651 2
0 0.345 0.085 -0.004540448215 2
0 0.345 0.095 -0.004130188952 2
0 0.345 0.105 -0.00359698497 2
0 0.345 0.115 -0.002766718645 2
0 0.345 0.125 -0.001718109688 2
0 0.345 0.135 -0.0006536072661 1
0 0.345 0.145 0.0002547209449 1
0 0.345 0.155 0.0009194986498 1
0 0.345 0.165 0.001467325219 1
0 0.345 0.175 0.001905956693 1
0 0.345 0.185 0.002274045289 1
0 0.345 0.195 0.002703393621 1
0 0.345 0.205 0.003375163844 2
0 0.345 0.215 0.004208651815 2
0 0.345 0.225 0.00507167095 2
0 0.345 0.235 0.005807951657 2
0 0.345 0.245 0.006493132014 2
0 0.345 0.255 0.007169888121 2
0 0.345 0.265 0.007843073459 2
0 0.345 0.275 0.008523244358 2
0 0.345 0.285 0.009218784537 2
0 0.345 0.295 0.009939087789 2
0 0.345 0.305 0.01069482647 2
0 0.345 0.315 0.01149702519 2
0 0.345 0.325 0.01236110815 2
0 0.345 0.335 0.01329430834 2
0 0.345 0.345 0.0143338554 2
0 0.345 0.355 0.01542793792 2
0 0.345 0.365 0.01680050781 2
0 0.345 0.375 0.01782705743 2
0 0.345 0.385 0.02048436783 2
0 0.345 0.395 0.01878394353 2
0 0.345 0.405 0.01288995474 2
0 0.345 0.415 0.005102517277 2
0 0.345 0.425 0 2
0 0.345 0.435 0 2
0 0.345 0.445 0 2
0 0.345 0.455 0 2
0 0.345 0.465 0 2
0 0.355 -0.455 0 2
0 0.355 -0.445 0 2
0 0.355 -0.435 0 2
0 0.355 -0.425 0 2
0 0.355 -0.415 0.003872651145 2
0 0.355 -0.405 0.009720776179 2
0 0.355 -0.395 0.01383812672 2
0 0.355 -0.385 0.01495163887 2
0 0.355 -0.375 0.01302981842 2
0 0.355 -0.365 0.01286437156 2
0 0.355 -0.355 0.01255391115 2
0 0.355 -0.345 0.01240217002 2
0 0.355 -0.335 0.01209641413 2
0 0.355 -0.325 0.01166380792 2
0 0.355 -0.315 0.01112570989 2
0 0.355 -0.305 0.01050348739 2
0 0.355 -0.295 0.009826062238 2
0 0.355 -0.285 0.009063792678 2
0 0.355 -0.275 0.008213533975 2
0 0.355 -0.265 0.007287314501 2
0 0.355 -0.255 0.006335729207 2
0 0.355 -0.245 0.005328022728 2
0 0.355 -0.235 0.004260906482 2
0 0.355 -0.225 0.003184851292 2
0 0.355 -0.215 0.002291806974 1
0 0.355 -0.205 0.001706932302 1
0 0.355 -0.195 0.001434064579 1
0 0.355 -0.185 0.001356519616 1
0 0.355 -0.175 0.001347781092 1
0 0.355 -0.165 0.001362454307 1
0 0.355 -0.155 0.001442028653 1
0 0.355 -0.145 0.001646798002 1
0 0.355 -0.135 0.001943137976 1
0 0.355 -0.125 0.002436256815 1
0 0.355 -0.115 0.002973546639 1
0 0.355 -0.105 0.003474813709 1
0 0.355 -0.095 0.003724557886 1
0 0.355 -0.085 0.003747638943 2
0 0.355 -0.075 0.003716992538 2
0 0.355 -0.065 0.003673638501 1
0 0.355 -0.055 0.003617220473 1
0 0.355 -0.045 0.003178875925 1
0 0.355 -0.035 0.002662387884 1
0 0.355 -0.025 0.002123995088 1
0 0.355 -0.015 0.001678790828 1
0 0.355 -0.005 0.001278434791 1
0 0.355 0.005 0.001003690278 1
0 0.355 0.015 0.0005807694231 1
0 0.355 0.025 -0.0003350241502 1
0 0.355 0.035 -0.001901122789 1
0 0.355 0.045 -0.003747629538 2
0 0.355 0.055 -0.004922815756 2
0 0.355 0.065 -0.005227787911 2
0 0.355 0.075 -0.005028365027 2
0 0.355 0.085 -0.004701409674 2
0 0.355 0.095 -0.004482201933 2
0 0.355 0.105 -0.003985092165 2
0 0.355 0.115 -0.003082592832 2
0 0.355 0.125 -0.002020209223 1
0 0.355 0.135 -0.0009385343084 1
0 0.355 0.145 -4.917122671e-05 1
0 0.355 0.155 0.0005624217923 1
0 0.355 0.165 0.001034806609 1
0 0.355 0.175 0.00136289208 1
0 0.355 0.185 0.001602076049 1
0 0.355 0.195 0.001871299642 1
0 0.355 0.205 0.002382676683 2
0 0.355 0.215 0.0030882045 2
0 0.355 0.225 0.003889383506 2
0 0.355 0.235 0.004599176468 2
0 0.355 0.245 0.005259782551 2
0 0.355 0.255 0.005880219913 2
0 0.355 0.265 0.006481995186 2
0 0.355 0.275 0.007076540712 2
0 0.355 0.285 0.007675237577 2
0 0.355 0.295 0.008288624803 2
0 0.355 0.305 0.008927904382 2
0 0.355 0.315 0.009603970483 2
0 0.355 0.325 0.01033090042 2
0 0.355 0.335 0.01111542588 2
0 0.355 0.345 0.01198895936 2
0 0.355 0.355 0.01290805943 2
0 0.355 0.365 0.01405979934 2
0 0.355 0.375 0.01492119664 2
0 0.355 0.385 0.01714559528 2
0 0.355 0.395 0.01572250674 2
0 0.355 0.405 0.01078828978 2
0 0.355 0.415 0.004270851412 2
0 0.355 0.425 0 2
0 0.355 0.435 0 2
0 0.355 0.445 0 2
0 0.355 0.455 0 2
0 0.355 0.465 0 2
0 0.365 -0.455 0 2
0 0.365 -0.445 0 2
0 0.365 -0.435 0 2
0 0.365 -0.425 0 2
0 0.365 -0.415 0.003154361502 2
0 0.365 -0.405 0.007984045448 2
0 0.365 -0.395 0.01165455686 2
0 0.365 -0.385 0.01280618048 2
0 0.365 -0.375 0.01140407688 2
0 0.365 -0.365 0.01116197764 2
0 0.365 -0.355 0.01078252355 2
0 0.365 -0.345 0.01055623769 2
0 0.365 -0.335 0.01025197398 2
0 0.365 -0.325 0.009882582317 2
0 0.365 -0.315 0.009446173133 2
0 0.365 -0.305 0.00893846351 2
0 0.365 -0.295 0.008345303632 2
0 0.365 -0.285 0.007652566211 2
0 0.365 -0.275 0.006863563174 2
0 0.365 -0.265 0.005970419225 2
0 0.365 -0.255 0.005053943096 1
0 0.365 -0.245 0.004148490808 1
0 0.365 -0.235 0.003255788785 1
0 0.365 -0.225 0.002418095203 1
0 0.365 -0.215 0.001700112104 1
0 0.365 -0.205 0.001227585369 1
0 0.365 -0.195 0.001033984976 1
0 0.365 -0.185 0.001057009165 1
0 0.365 -0.175 0.001212829929 1
0 0.365 -0.165 0.001475629211 1
0 0.365 -0.155 0.001914096363 1
0 0.365 -0.145 0.002491587058 1
0 0.365 -0.135 0.00316119234 1
0 0.365 -0.125 0.003824581872 2
0 0.365 -0.115 0.004466766262 2
0 0.365 -0.105 0.00499600594 2
0 0.365 -0.095 0.005357641831 2
0 0.365 -0.085 0.005457222695 2
0 0.365 -0.075 0.005484805216 2
0 0.365 -0.065 0.005459153284 2
0 0.365 -0.055 0.005390908521 2
0 0.365 -0.045 0.005193286036 1
0 0.365 -0.035 0.004866863564 1
0 0.365 -0.025 0.00436748722 1
0 0.365 -0.015 0.003872519231 1
0 0.365 -0.005 0.003402620025 1
0 0.365 0.005 0.002904826945 1
0 0.365 0.015 0.002086643351 1
0 0.365 0.025 0.0008005105628 2
0 0.365 0.035 -0.0008093940078 2
0 0.365 0.045 -0.002616185205 2
0 0.365 0.055 -0.003835238875 2
0 0.365 0.065 -0.00446683363 2
0 0.365 0.075 -0.004656208715 2
0 0.365 0.085 -0.004628481623 2
0 0.365 0.095 -0.004509155304 2
0 0.365 0.105 -0.004001916899 2
0 0.365 0.115 -0.003143052634 2
0 0.365 0.125 -0.002018743765 1
0 0.365 0.135 -0.0009421906757 1
0 0.365 0.145 -0.0001376024044 1
0 0.365 0.155 0.0003678281345 1
0 0.365 0.165 0.0007252462544 1
0 0.365 0.175 0.0009559394322 1
0 0.365 0.185 0.001078818098 1
0 0.365 0.195 0.001218804879 1
0 0.365 0.205 0.001563450455 2
0 0.365 0.215 0.002118914207 2
0 0.365 0.225 0.002796464257 2
0 0.365 0.235 0.00344772811 2
0 0.365 0.245 0.004061012761 2
0 0.365 0.255 0.004611236038 2
0 0.365 0.265 0.00513056895 2
0 0.365 0.275 0.005629609417 2
0 0.365 0.285 0.006121615411 2
0 0.365 0.295 0.006617797279 2
0 0.365 0.305 0.007129660498 2
0 0.365 0.315 0.007667924709 2
0 0.365 0.325 0.008245384614 2
0 0.365 0.335 0.008868504541 2
0 0.365 0.345 0.009563027825 2
0 0.365 0.355 0.01029463294 2
0 0.365 0.365 0.01121264296 2
0 0.365 0.375 0.01189973117 2
0 0.365 0.385 0.01367460651 2
0 0.365 0.395 0.01254005266 2
0 0.365 0.405 0.008604947182 2
0 0.365 0.415 0.003406490077 2
0 0.365 0.425 0 2
0 0.365 0.435 0 2
0 0.365 0.445 0 2
0 0.365 0.455 0 2
0 0.365 0.465 0 2
0 0.375 -0.455 0 2
0 0.375 -0.445 0 2
0 0.375 -0.435 0 2
0 0.375 -0.425 0 2
0 0.375 -0.415 0.00236289388 2
0 0.375 -0.405 0.006048989741 2
0 0.375 -0.395 0.009243231784 2
0 0.375 -0.385 0.01042316196 2
0 0.375 -0.375 0.009649438776 2
0 0.375 -0.365 0.0094125744 2
0 0.375 -0.355 0.009016758431 2
0 0.375 -0.345 0.00876801827 2
0 0.375 -0.335 0.008500514337 2
0 0.375 -0.325 0.008192723564 2
0 0.375 -0.315 0.007832425895 2
0 0.375 -0.305 0.007406508999 2
0 0.375 -0.295 0.006843683615 2
0 0.375 -0.285 0.00615201232 2
0 0.375 -0.275 0.005325765164 1
0 0.375 -0.265 0.004520825514 1
0 0.375 -0.255 0.003748057555 1
0 0.375 -0.245 0.003013701188 1
0 0.375 -0.235 0.002284674011 1
0 0.375 -0.225 0.00163207791 1
0 0.375 -0.215 0.001092766188 1
0 0.375 -0.205 0.0007617188772 1
0 0.375 -0.195 0.0006978529499 1
0 0.375 -0.185 0.000868481777 1
0 0.375 -0.175 0.001231286811 1
0 0.375 -0.165 0.001742360828 1
0 0.375 -0.155 0.002432816873 1
0 0.375 -0.145 0.003171320434 1
0 0.375 -0.135 0.003976173546 2
0 0.375 -0.125 0.004640589369 2
0 0.375 -0.115 0.005317733068 2
0 0.375 -0.105 0.005777138329 2
0 0.375 -0.095 0.006056345345 2
0 0.375 -0.085 0.006103566028 2
0 0.375 -0.075 0.00620941095 2
0 0.375 -0.065 0.006450909432 2
0 0.375 -0.055 0.006605783601 2
0 0.375 -0.045 0.006682532069 2
0 0.375 -0.035 0.006470326976 2
0 0.375 -0.025 0.006111329906 2
0 0.375 -0.015 0.005618443179 2
0 0.375 -0.005 0.00499546005 2
0 0.375 0.005 0.00418892089 2
0 0.375 0.015 0.003116914201 2
0 0.375 0.025 0.001595935854 2
0 0.375 0.035 -7.025433675e-05 2
0 0.375 0.045 -0.001846686137 2
0 0.375 0.055 -0.003092400459 2
0 0.375 0.065 -0.003864967006 2
0 0.375 0.075 -0.004272299502 2
0 0.375 0.085 -0.004423603124 2
0 0.375 0.095 -0.004326790916 2
0 0.375 0.105 -0.003760498129 2
0 0.375 0.115 -0.002915387737 1
0 0.375 0.125 -0.001817829324 1
0 0.375 0.135 -0.0009353690023 1
0 0.375 0.145 -0.0002831049988 1
0 0.375 0.155 0.0001347060982 1
0 0.375 0.165 0.0004160274089 1
0 0.375 0.175 0.0005566344021 1
0 0.375 0.185 0.0005775632447 1
0 0.375 0.195 0.0006262887595 1
0 0.375 0.205 0.0008377982915 2
0 0.375 0.215 0.00125556169 2
0 0.375 0.225 0.001799251543 2
0 0.375 0.235 0.002372143479 2
0 0.375 0.245 0.002911648727 2
0 0.375 0.255 0.003376539027 2
0 0.375 0.265 0.003800523042 2
0 0.375 0.275 0.004192765042 2
0 0.375 0.285 0.004567227484 2
0 0.375 0.295 0.0049354598 2
0 0.375 0.305 0.005309111805 2
0 0.375 0.315 0.00569871385 2
0 0.375 0.325 0.006115810715 2
0 0.375 0.335 0.006566730313 2
0 0.375 0.345 0.007071585202 2
0 0.375 0.355 0.007605678889 2
0 0.375 0.365 0.008279816784 2
0 0.375 0.375 0.008785524607 2
0 0.375 0.385 0.01009798489 2
0 0.375 0.395 0.009261094935 2
0 0.375 0.405 0.006356606927 2
0 0.375 0.415 0.002516097821 2
0 0.375 0.425 0 2
0 0.375 0.435 0 2
0 0.375 0.445 0 2
0 0.375 0.455 0 2
0 0.375 0.465 0 2
0 0.385 -0.455 0 2
0 0.385 -0.445 0 2
0 0.385 -0.435 0 2
0 0.385 -0.425 0 2
0 0.385 -0.415 0.001392947143 2
0 0.385 -0.405 0.003680453991 2
0 0.385 -0.395 0.006194372786 2
0 0.385 -0.385 0.007517452696 2
0 0.385 -0.375 0.007560244109 2
0 0.385 -0.365 0.007482753946 2
0 0.385 -0.355 0.007196759031 2
0 0.385 -0.345 0.00699170736 2
0 0.385 -0.335 0.006797075218 2
0 0.385 -0.325 0.006565270209 2
0 0.385 -0.315 0.006263307701 2
0 0.385 -0.305 0.005848237384 2
0 0.385 -0.295 0.005247397889 2
0 0.385 -0.285 0.004547956558 1
0 0.385 -0.275 0.003763136237 1
0 0.385 -0.265 0.003070156588 1
0 0.385 -0.255 0.002415391762 1
0 0.385 -0.245 0.001826468229 1
0 0.385 -0.235 0.00128395684 1
0 0.385 -0.225 0.0008288394316 1
0 0.385 -0.215 0.0004856625104 1
0 0.385 -0.205 0.0003152869023 1
0 0.385 -0.195 0.0004032629306 1
0 0.385 -0.185 0.0007351444586 1
0 0.385 -0.175 0.001297086854 1
0 0.385 -0.165 0.001982376742 1
0 0.385 -0.155 0.002769498941 1
0 0.385 -0.145 0.003535446438 1
0 0.385 -0.135 0.004218897267 2
0 0.385 -0.125 0.00475420529 2
0 0.385 -0.115 0.005237069922 2
0 0.385 -0.105 0.005571956343 2
0 0.385 -0.095 0.005828370942 2
0 0.385 -0.085 0.00594911081 2
0 0.385 -0.075 0.006099005893 2
0 0.385 -0.065 0.006379015912 2
0 0.385 -0.055 0.00663985154 2
0 0.385 -0.045 0.00691918553 2
0 0.385 -0.035 0.00690587174 2
0 0.385 -0.025 0.006663451285 2
0 0.385 -0.015 0.006155818649 2
0 0.385 -0.005 0.005433446408 2
0 0.385 0.005 0.004420772001 2
0 0.385 0.015 0.003127061159 2
0 0.385 0.025 0.001499075958 2
0 0.385 0.035 -9.764469727e-05 2
0 0.385 0.045 -0.001619794707 2
0 0.385 0.055 -0.002735938504 2
0 0.385 0.065 -0.003495020065 2
0 0.385 0.075 -0.003952686057 2
0 0.385 0.085 -0.004116110609 2
0 0.385 0.095 -0.003965613173 2
0 0.385 0.105 -0.003406123145 2
0 0.385 0.115 -0.00261486496 1
0 0.385 0.125 -0.001688827516 1
0 0.385 0.135 -0.0009829800119 1
0 0.385 0.145 -0.0004594917572 1
0 0.385 0.155 -0.0001119568383 1
0 0.385 0.165 9.082378694e-05 1
0 0.385 0.175 0.0001328340682 1
0 0.385 0.185 6.151590177e-05 1
0 0.385 0.195 4.404029208e-05 2
0 0.385 0.205 0.00016399979 2
0 0.385 0.215 0.0004696529347 2
0 0.385 0.225 0.0008996870452 2
0 0.385 0.235 0.001379701126 2
0 0.385 0.245 0.001821940418 2
0 0.385 0.255 0.002187253125 2
0 0.385 0.265 0.002502591814 2
0 0.385 0.275 0.002775986772 2
0 0.385 0.285 0.003021334662 2
0 0.385 0.295 0.003250516363 2
0 0.385 0.305 0.003475336172 2
0 0.385 0.315 0.003706181442 2
0 0.385 0.325 0.003953350228 2
0 0.385 0.335 0.004223060424 2
0 0.385 0.345 0.004529728181 2
0 0.385 0.355 0.004858565606 2
0 0.385 0.365 0.005281208556 2
0 0.385 0.375 0.005600363222 2
0 0.385 0.385 0.006441009993 2
0 0.385 0.395 0.005908928814 2
0 0.385 0.405 0.00405912728 2
0 0.385 0.415 0.001606008199 2
0 0.385 0.425 0 2
0 0.385 0.435 0 2
0 0.385 0.445 0 2
0 0.385 0.455 0 2
0 0.385 0.465 0 2
0 0.395 -0.455 0 2
0 0.395 -0.445 0 2
0 0.395 -0.435 0 2
0 0.395 -0.425 0 2
0 0.395 -0.415 0.0003382801226 2
0 0.395 -0.405 0.001073294142 2
0 0.395 -0.395 0.002591236956 2
0 0.395 -0.385 0.004008121584 2
0 0.395 -0.375 0.004994817027 2
0 0.395 -0.365 0.005268950516 2
0 0.395 -0.355 0.005297932162 2
0 0.395 -0.345 0.005273634039 2
0 0.395 -0.335 0.005219422595 2
0 0.395 -0.325 0.005081440914 2
0 0.395 -0.315 0.004799446903 2
0 0.395 -0.305 0.004328334094 2
0 0.395 -0.295 0.003675740603 2
0 0.395 -0.285 0.002925584982 1
0 0.395 -0.275 0.002196552851 1
0 0.395 -0.265 0.001593793378 1
0 0.395 -0.255 0.001093494887 1
0 0.395 -0.245 0.0006625131084 1
0 0.395 -0.235 0.0002926398158 1
0 0.395 -0.225 1.28770048e-05 1
0 0.395 -0.215 -0.0001484686522 1
0 0.395 -0.205 -0.0001351721614 1
0 0.395 -0.195 0.0001118534246 1
0 0.395 -0.185 0.0005828045972 1
0 0.395 -0.175 0.001241569192 2
0 0.395 -0.165 0.001988234714 2
0 0.395 -0.155 0.002724071515 2
0 0.395 -0.145 0.003400567972 2
0 0.395 -0.135 0.003906250698 2
0 0.395 -0.125 0.004332708712 2
0 0.395 -0.115 0.004652712009 2
0 0.395 -0.105 0.004892183478 2
0 0.395 -0.095 0.005102497143 2
0 0.395 -0.085 0.005286249292 2
0 0.395 -0.075 0.005496996171 2
0 0.395 -0.065 0.00576826908 2
0 0.395 -0.055 0.006027545586 2
0 0.395 -0.045 0.006265935202 2
0 0.395 -0.035 0.006273888995 2
0 0.395 -0.025 0.006046205327 2
0 0.395 -0.015 0.005534238638 2
0 0.395 -0.005 0.004752060677 2
0 0.395 0.005 0.003689748539 2
0 0.395 0.015 0.0024058244 2
0 0.395 0.025 0.0009312135083 2
0 0.395 0.035 -0.0004925694339 2
0 0.395 0.045 -0.001786816343 2
0 0.395 0.055 -0.002780674325 2
0 0.395 0.065 -0.003456709121 2
0 0.395 0.075 -0.003827839747 2
0 0.395 0.085 -0.003892065607 2
0 0.395 0.095 -0.003629345593 2
0 0.395 0.105 -0.003067538864 2
0 0.395 0.115 -0.002325732031 1
0 0.395 0.125 -0.001623135025 1
0 0.395 0.135 -0.00106843337 1
0 0.395 0.145 -0.00067865528 1
0 0.395 0.155 -0.0004127182589 1
0 0.395 0.165 -0.0003119571452 1
0 0.395 0.175 -0.0003530575666 1
0 0.395 0.185 -0.0004713337951 1
0 0.395 0.195 -0.0005559625508 2
0 0.395 0.205 -0.0005125544955 2
0 0.395 0.215 -0.0002800087562 2
0 0.395 0.225 7.857694095e-05 2
0 0.395 0.235 0.0004652226617 2
0 0.395 0.245 0.0007983946114 2
0 0.395 0.255 0.001052865004 2
0 0.395 0.265 0.001246985071 2
0 0.395 0.275 0.001388960191 2
0 0.395 0.285 0.001492841601 2
0 0.395 0.295 0.001571390276 2
0 0.395 0.305 0.001636861161 2
0 0.395 0.315 0.001699612522 2
0 0.395 0.325 0.001768630283 2
0 0.395 0.335 0.001849902581 2
0 0.395 0.345 0.001951956399 2
0 0.395 0.355 0.00206997854 2
0 0.395 0.365 0.002235903008 2
0 0.395 0.375 0.002365127338 2
0 0.395 0.385 0.002727898758 2
0 0.395 0.395 0.002505866147 2
0 0.395 0.405 0.001727703834 2
0 0.395 0.415 0.0006822886216 2
0 0.395 0.425 0 2
0 0.395 0.435 0 2
0 0.395 0.445 0 2
0 0.395 0.455 0 2
0 0.395 0.465 0 2
0 0.405 -0.455 0 2
0 0.405 -0.445 0 2
0 0.405 -0.435 0 1
0 0.405 -0.425 0 1
0 0.405 -0.415 -0.000689530384 1
0 0.405 -0.405 -0.001464897817 1
0 0.405 -0.395 -0.001100155638 2
0 0.405 -0.385 2.857338378e-05 2
0 0.405 -0.375 0.001787233982 2
0 0.405 -0.365 0.002587121166 2
0 0.405 -0.355 0.003114504726 2
0 0.405 -0.345 0.003417137336 2
0 0.405 -0.335 0.003587193552 2
0 0.405 -0.325 0.003590620495 2
0 0.405 -0.315 0.00335139137 2
0 0.405 -0.305 0.00280528253 2
0 0.405 -0.295 0.002098441513 2
0 0.405 -0.285 0.001309751578 1
0 0.405 -0.275 0.0006763993866 1
0 0.405 -0.265 0.0001622857276 1
0 0.405 -0.255 -0.0002156749177 1
0 0.405 -0.245 -0.0005340611476 1
0 0.405 -0.235 -0.000745718796 1
0 0.405 -0.225 -0.0008491448251 1
0 0.405 -0.215 -0.0008289114782 1
0 0.405 -0.205 -0.0006491901957 1
0 0.405 -0.195 -0.0003103342664 1
0 0.405 -0.185 0.000202371755 1
0 0.405 -0.175 0.0008400752786 2
0 0.405 -0.165 0.001568742175 2
0 0.405 -0.155 0.002227677849 2
0 0.405 -0.145 0.00279331246 2
0 0.405 -0.135 0.003191466307 2
0 0.405 -0.125 0.003521830809 2
0 0.405 -0.115 0.003770090576 2
0 0.405 -0.105 0.003999650736 2
0 0.405 -0.095 0.004233366228 2
0 0.405 -0.085 0.004481735277 2
0 0.405 -0.075 0.004734876358 2
0 0.405 -0.065 0.004990806404 2
0 0.405 -0.055 0.005205543152 2
0 0.405 -0.045 0.005345906213 2
0 0.405 -0.035 0.005311118758 2
0 0.405 -0.025 0.005060349624 2
0 0.405 -0.015 0.004536968514 2
0 0.405 -0.005 0.003737736734 2
0 0.405 0.005 0.002677187021 2
0 0.405 0.015 0.001431771224 2
0 0.405 0.025 8.460585486e-05 2
0 0.405 0.035 -0.001207052876 2
0 0.405 0.045 -0.002338141691 2
0 0.405 0.055 -0.003198176906 2
0 0.405 0.065 -0.003752148962 2
0 0.405 0.075 -0.003972938932 2
0 0.405 0.085 -0.003885472612 2
0 0.405 0.095 -0.003500989135 2
0 0.405 0.105 -0.002936081661 2
0 0.405 0.115 -0.002231727509 1
0 0.405 0.125 -0.001703139982 1
0 0.405 0.135 -0.001272709518 1
0 0.405 0.145 -0.001011210773 1
0 0.405 0.155 -0.0008374291068 1
0 0.405 0.165 -0.0008308146534 1
0 0.405 0.175 -0.0009462635645 1
0 0.405 0.185 -0.00111137544 2
0 0.405 0.195 -0.00122093928 2
0 0.405 0.205 -0.001180537737 2
0 0.405 0.215 -0.0009699536732 2
0 0.405 0.225 -0.0006642895079 2
0 0.405 0.235 -0.0003699973139 2
0 0.405 0.245 -0.0001514409007 2
0 0.405 0.255 -1.696318042e-05 2
0 0.405 0.265 4.363076769e-05 2
0 0.405 0.275 4.060775028e-05 2
0 0.405 0.285 -1.046813959e-05 2
0 0.405 0.295 -9.479914431e-05 2
0 0.405 0.305 -0.0001990854508 2
0 0.405 0.315 -0.0003128762736 2
0 0.405 0.325 -0.0004287104625 2
0 0.405 0.335 -0.0005411639116 2
0 0.405 0.345 -0.0006479605744 2
0 0.405 0.355 -0.0007440941687 2
0 0.405 0.365 -0.0008377390987 2
0 0.405 0.375 -0.0009000654018 2
0 0.405 0.385 -0.00101800037 2
0 0.405 0.395 -0.0009265762452 2
0 0.405 0.405 -0.0006230056842 2
0 0.405 0.415 -0.0002492076244 2
0 0.405 0.425 0 2
0 0.405 0.435 0 2
0 0.405 0.445 0 2
0 0.405 0.455 0 2
0 0.405 0.465 0 2
0 0.415 -0.455 0 2
0 0.415 -0.445 0 2
0 0.415 -0.435 0 1
0 0.415 -0.425 0 1
0 0.415 -0.415 -0.001655690663 1
0 0.415 -0.405 -0.003874152621 1
0 0.415 -0.395 -0.004712714605 1
0 0.415 -0.385 -0.004011280063 2
0 0.415 -0.375 -0.001792719705 2
0 0.415 -0.365 -0.0004970300452 2
0 0.415 -0.355 0.0006154068023 2
0 0.415 -0.345 0.001329164063 2
0 0.415 -0.335 0.001797700285 2
0 0.415 -0.325 0.001964510341 2
0 0.415 -0.315 0.001786599074 2
0 0.415 -0.305 0.001218470477 2
0 0.415 -0.295 0.0005073737271 2
0 0.415 -0.285 -0.0003002385134 1
0 0.415 -0.275 -0.0008839974903 1
0 0.415 -0.265 -0.001320928899 1
0 0.415 -0.255 -0.001578476174 1
0 0.415 -0.245 -0.001767243476 1
0 0.415 -0.235 -0.001839151492 1
0 0.415 -0.225 -0.001803567215 1
0 0.415 -0.215 -0.001628135816 1
0 0.415 -0.205 -0.0013304935 1
0 0.415 -0.195 -0.0009342059672 1
0 0.415 -0.185 -0.0004281475741 2
0 0.415 -0.175 0.0001536758961 2
0 0.415 -0.165 0.0007753117308 2
0 0.415 -0.155 0.001325349231 2
0 0.415 -0.145 0.001807378339 2
0 0.415 -0.135 0.002197358535 2
0 0.415 -0.125 0.002544589317 2
0 0.415 -0.115 0.002841196969 2
0 0.415 -0.105 0.003130919322 2
0 0.415 -0.095 0.003424312848 2
0 0.415 -0.085 0.003724862579 2
0 0.415 -0.075 0.004006216041 2
0 0.415 -0.065 0.004251184343 2
0 0.415 -0.055 0.004424353387 2
0 0.415 -0.045 0.004489910473 2
0 0.415 -0.035 0.004391724071 2
0 0.415 -0.025 0.00408875255 2
0 0.415 -0.015 0.003541098066 2
0 0.415 -0.005 0.002737568026 2
0 0.415 0.005 0.001693346629 2
0 0.415 0.015 0.0004717553152 2
0 0.415 0.025 -0.0008286615366 2
0 0.415 0.035 -0.002073274937 2
0 0.415 0.045 -0.003134238482 2
0 0.415 0.055 -0.003910553626 2
0 0.415 0.065 -0.004358798115 2
0 0.415 0.075 -0.004436223347 2
0 0.415 0.085 -0.004207226217 2
0 0.415 0.095 -0.003737665276 2
0 0.415 0.105 -0.00318511029 2
0 0.415 0.115 -0.002527431238 1
0 0.415 0.125 -0.002069782218 1
0 0.415 0.135 -0.001725828575 1
0 0.415 0.145 -0.001576317271 1
0 0.415 0.155 -0.001523595103 1
0 0.415 0.165 -0.001578272138 1
0 0.415 0.175 -0.001724959723 2
0 0.415 0.185 -0.001877542078 2
0 0.415 0.195 -0.001936083567 2
0 0.415 0.205 -0.001827682624 2
0 0.415 0.215 -0.001594991046 2
0 0.415 0.225 -0.001330200182 2
0 0.415 0.235 -0.001120853005 2
0 0.415 0.245 -0.001013461814 2
0 0.415 0.255 -0.001007013531 2
0 0.415 0.265 -0.001094183555 2
0 0.415 0.275 -0.001259293413 2
0 0.415 0.285 -0.001481852263 2
0 0.415 0.295 -0.001742926105 2
0 0.415 0.305 -0.002027385786 2
0 0.415 0.315 -0.002324952293 2
0 0.415 0.325 -0.002630403605 2
0 0.415 0.335 -0.002939579788 2
0 0.415 0.345 -0.003257034762 2
0 0.415 0.355 -0.003568316452 2
0 0.415 0.365 -0.003921969298 2
0 0.415 0.375 -0.004175707293 2
0 0.415 0.385 -0.004774019014 2
0 0.415 0.395 -0.004367499841 2
0 0.415 0.405 -0.002978764172 2
0 0.415 0.415 -0.001182793477 2
0 0.415 0.425 0 2
0 0.415 0.435 0 2
0 0.415 0.445 0 2
0 0.415 0.455 0 2
0 0.415 0.465 0 2
0 0.425 -0.455 0 1
0 0.425 -0.445 0 1
0 0.425 -0.435 0 1
0 0.425 -0.425 0 1
0 0.425 -0.415 -0.002544124392 1
0 0.425 -0.405 -0.006116053339 1
0 0.425 -0.395 -0.008267396113 1
0 0.425 -0.385 -0.007997439723 1
0 0.425 -0.375 -0.0055198308 2
0 0.425 -0.365 -0.004046516356 2
0 0.425 -0.355 -0.002497544864 2
0 0.425 -0.345 -0.001375077997 2
0 0.425 -0.335 -0.0005983689143 2
0 0.425 -0.325 -0.0001903181516 2
0 0.425 -0.315 -0.0001357796912 2
0 0.425 -0.305 -0.0005347225344 2
0 0.425 -0.295 -0.001184075465 2
0 0.425 -0.285 -0.001955235141 2
0 0.425 -0.275 -0.002527687704 1
0 0.425 -0.265 -0.002844681983 1
0 0.425 -0.255 -0.002978106234 1
0 0.425 -0.245 -0.003005142036 1
0 0.425 -0.235 -0.002938841643 1
0 0.425 -0.225 -0.00280866459 1
0 0.425 -0.215 -0.002561457143 1
0 0.425 -0.205 -0.002217310624 2
0 0.425 -0.195 -0.001784135941 2
0 0.425 -0.185 -0.001279907632 2
0 0.425 -0.175 -0.0007337921111 2
0 0.425 -0.165 -0.0002095319082 2
0 0.425 -0.155 0.0002572406972 2
0 0.425 -0.145 0.0006885141858 2
0 0.425 -0.135 0.001091971599 2
0 0.425 -0.125 0.001489454254 2
0 0.425 -0.115 0.001864827862 2
0 0.425 -0.105 0.002236926212 2
0 0.425 -0.095 0.002605910245 2
0 0.425 -0.085 0.002966214186 2
0 0.425 -0.075 0.003295902393 2
0 0.425 -0.065 0.003572795207 2
0 0.425 -0.055 0.003764984744 2
0 0.425 -0.045 0.003837889794 2
0 0.425 -0.035 0.003747744731 2
0 0.425 -0.025 0.003452260423 2
0 0.425 -0.015 0.002907575865 2
0 0.425 -0.005 0.00208563732 2
0 0.425 0.005 0.0009776222914 2
0 0.425 0.015 -0.0003677363675 2
0 0.425 0.025 -0.001824697081 2
0 0.425 0.035 -0.003223951136 2
0 0.425 0.045 -0.004347788199 2
0 0.425 0.055 -0.005074757159 2
0 0.425 0.065 -0.00537796198 2
0 0.425 0.075 -0.005263951758 2
0 0.425 0.085 -0.004895860505 2
0 0.425 0.095 -0.004364021037 2
0 0.425 0.105 -0.003824006468 2
0 0.425 0.115 -0.003299452082 2
0 0.425 0.125 -0.002909949058 1
0 0.425 0.135 -0.002658555028 1
0 0.425 0.145 -0.002524560217 1
0 0.425 0.155 -0.002507346987 2
0 0.425 0.165 -0.002555090907 2
0 0.425 0.175 -0.002670207254 2
0 0.425 0.185 -0.002714027134 2
0 0.425 0.195 -0.002636238793 2
0 0.425 0.205 -0.002418089207 2
0 0.425 0.215 -0.002145503496 2
0 0.425 0.225 -0.001909417335 2
0 0.425 0.235 -0.001774476259 2
0 0.425 0.245 -0.001772418117 2
0 0.425 0.255 -0.001904187906 2
0 0.425 0.265 -0.002157100527 2
0 0.425 0.275 -0.002505611642 2
0 0.425 0.285 -0.002919104138 2
0 0.425 0.295 -0.003371902247 2
0 0.425 0.305 -0.003846261035 2
0 0.425 0.315 -0.004332766561 2
0 0.425 0.325 -0.004829862389 2
0 0.425 0.335 -0.00533586644 2
0 0.425 0.345 -0.005862989195 2
0 0.425 0.355 -0.006387874017 2
0 0.425 0.365 -0.006999493339 2
0 0.425 0.375 -0.007442729916 2
0 0.425 0.385 -0.0085179744 2
0 0.425 0.395 -0.007796447974 2
0 0.425 0.405 -0.005325634811 2
0 0.425 0.415 -0.002112900917 2
0 0.425 0.425 0 2
0 0.425 0.435 0 2
0 0.425 0.445 0 2
0 0.425 0.455 0 2
0 0.425 0.465 0 2
0 0.435 -0.455 0 1
0 0.435 -0.445 0 1
0 0.435 -0.435 0 1
0 0.435 -0.425 0 1
0 0.435 -0.415 -0.003353589345 1
0 0.435 -0.405 -0.008219258306 1
0 0.435 -0.395 -0.01167755938 1
0 0.435 -0.385 -0.01199571408 1
0 0.435 -0.375 -0.009356098494 1
0 0.435 -0.365 -0.007822110756 1
0 0.435 -0.355 -0.006087775026 1
0 0.435 -0.345 -0.004711749078 1
0 0.435 -0.335 -0.003657338158 1
0 0.435 -0.325 -0.002958849566 1
0 0.435 -0.315 -0.002616128259 1
0 0.435 -0.305 -0.002671604987 2
0 0.435 -0.295 -0.003106500492 2
0 0.435 -0.285 -0.003680813371 2
0 0.435 -0.275 -0.004221440401 2
0 0.435 -0.265 -0.004351642032 2
0 0.435 -0.255 -0.004280653861 1
0 0.435 -0.245 -0.004114193165 2
0 0.435 -0.235 -0.003964165595 2
0 0.435 -0.225 -0.003813702611 2
0 0.435 -0.215 -0.003583028425 2
0 0.435 -0.205 -0.003245938554 2
0 0.435 -0.195 -0.002809272407 2
0 0.435 -0.185 -0.002306604548 2
0 0.435 -0.175 -0.001803978783 2
0 0.435 -0.165 -0.001342953313 2
0 0.435 -0.155 -0.0009132211631 2
0 0.435 -0.145 -0.0004905939948 2
0 0.435 -0.135 -5.13296183e-05 2
0 0.435 -0.125 0.0004093084695 2
0 0.435 -0.115 0.0008747954118 2
0 0.435 -0.105 0.001343215566 2
0 0.435 -0.095 0.001803763336 2
0 0.435 -0.085 0.002243498705 2
0 0.435 -0.075 0.002642677507 2
0 0.435 -0.065 0.00297770069 2
0 0.435 -0.055 0.00322036847 2
0 0.435 -0.045 0.003339040919 2
0 0.435 -0.035 0.003296583419 2
0 0.435 -0.025 0.003048717088 2
0 0.435 -0.015 0.002539635875 2
0 0.435 -0.005 0.001714685212 2
0 0.435 0.005 0.0005136736673 2
0 0.435 0.015 -0.001021864456 2
0 0.435 0.025 -0.002743491274 2
0 0.435 0.035 -0.004418277107 2
0 0.435 0.045 -0.00567409971 2
0 0.435 0.055 -0.006392496932 2
0 0.435 0.065 -0.006589803726 2
0 0.435 0.075 -0.006323551792 2
0 0.435 0.085 -0.005909585243 2
0 0.435 0.095 -0.005419641326 2
0 0.435 0.105 -0.004985509926 2
0 0.435 0.115 -0.004632393512 2
0 0.435 0.125 -0.004270158169 2
0 0.435 0.135 -0.00399601389 2
0 0.435 0.145 -0.003813118539 2
0 0.435 0.155 -0.003747490999 2
0 0.435 0.165 -0.00371567071 2
0 0.435 0.175 -0.003681212225 2
0 0.435 0.185 -0.00354136047 2
0 0.435 0.195 -0.003294918624 2
0 0.435 0.205 -0.002956870383 2
0 0.435 0.215 -0.00261898187 2
0 0.435 0.225 -0.00236791135 2
0 0.435 0.235 -0.002269200083 2
0 0.435 0.245 -0.002360938168 2
0 0.435 0.255 -0.002656015636 2
0 0.435 0.265 -0.003115189207 2
0 0.435 0.275 -0.003689684588 2
0 0.435 0.285 -0.004325299164 2
0 0.435 0.295 -0.004986620042 2
0 0.435 0.305 -0.005658288448 2
0 0.435 0.315 -0.006335330751 2
0 0.435 0.325 -0.0070221826 2
0 0.435 0.335 -0.00772142823 2
0 0.435 0.345 -0.008454009429 2
0 0.435 0.355 -0.009188236383 2
0 0.435 0.365 -0.01005325998 2
0 0.435 0.375 -0.01068231503 2
0 0.435 0.385 -0.0122279681 2
0 0.435 0.395 -0.01119322853 2
0 0.435 0.405 -0.007649855453 2
0 0.435 0.415 -0.003034034006 2
0 0.435 0.425 0 2
0 0.435 0.435 0 2
0 0.435 0.445 0 2
0 0.435 0.455 0 2
0 0.435 0.465 0 2
0 0.445 -0.455 0 1
0 0.445 -0.445 0 1
0 0.445 -0.435 0 1
0 0.445 -0.425 0 1
0 0.445 -0.415 -0.003971277914 1
0 0.445 -0.405 -0.009909141263 1
0 0.445 -0.395 -0.01442633048 1
0 0.445 -0.385 -0.01547177187 1
0 0.445 -0.375 -0.01301782857 1
0 0.445 -0.365 -0.01160850299 1
0 0.445 -0.355 -0.009885906407 1
0 0.445 -0.345 -0.00843911916 1
0 0.445 -0.335 -0.007219869257 1
0 0.445 -0.325 -0.006262227707 1
0 0.445 -0.315 -0.005490024147 1
0 0.445 -0.305 -0.005043830954 1
0 0.445 -0.295 -0.005228786586 1
0 0.445 -0.285 -0.00560641311 2
0 0.445 -0.275 -0.00599660594 2
0 0.445 -0.265 -0.005861751972 2
0 0.445 -0.255 -0.005474544985 2
0 0.445 -0.245 -0.005065736908 2
0 0.445 -0.235 -0.004821528539 2
0 0.445 -0.225 -0.004737801239 2
0 0.445 -0.215 -0.004624790853 2
0 0.445 -0.205 -0.004350357294 2
0 0.445 -0.195 -0.003945237488 2
0 0.445 -0.185 -0.003463051354 2
0 0.445 -0.175 -0.002989059457 2
0 0.445 -0.165 -0.002549739926 2
0 0.445 -0.155 -0.002113398849 2
0 0.445 -0.145 -0.001664530806 2
0 0.445 -0.135 -0.00117939754 2
0 0.445 -0.125 -0.0006570129055 2
0 0.445 -0.115 -0.0001070934128 2
0 0.445 -0.105 0.0004592789192 2
0 0.445 -0.095 0.00102293131 2
0 0.445 -0.085 0.001563206076 2
0 0.445 -0.075 0.002056450953 2
0 0.445 -0.065 0.002478570214 2
0 0.445 -0.055 0.002804935335 2
0 0.445 -0.045 0.003008029682 2
0 0.445 -0.035 0.00305846556 2
0 0.445 -0.025 0.002909927926 2
0 0.445 -0.015 0.002505909713 2
0 0.445 -0.005 0.001754341791 2
0 0.445 0.005 0.0005116162758 2
0 0.445 0.015 -0.001203438574 2
0 0.445 0.025 -0.003279402589 2
0 0.445 0.035 -0.005262876304 2
0 0.445 0.045 -0.006674877891 2
0 0.445 0.055 -0.007350005404 2
0 0.445 0.065 -0.007403938426 2
0 0.445 0.075 -0.007020977577 2
0 0.445 0.085 -0.006626018885 2
0 0.445 0.095 -0.006246749606 2
0 0.445 0.105 -0.005962523604 2
0 0.445 0.115 -0.005749195802 2
0 0.445 0.125 -0.005507234984 2
0 0.445 0.135 -0.005245319106 2
0 0.445 0.145 -0.00500396368 2
0 0.445 0.155 -0.00478132942 2
0 0.445 0.165 -0.004626721559 2
0 0.445 0.175 -0.004446243777 2
0 0.445 0.185 -0.004164226073 2
0 0.445 0.195 -0.003807357048 2
0 0.445 0.205 -0.003389861395 2
0 0.445 0.215 -0.002994139631 2
0 0.445 0.225 -0.002713364837 2
0 0.445 0.235 -0.002627334493 2
0 0.445 0.245 -0.002803030329 2
0 0.445 0.255 -0.003285197287 2
0 0.445 0.265 -0.003990001521 2
0 0.445 0.275 -0.004829115322 2
0 0.445 0.285 -0.005717029967 2
0 0.445 0.295 -0.006601375881 2
0 0.445 0.305 -0.007472250958 2
0 0.445 0.315 -0.008334782627 2
0 0.445 0.325 -0.009203648132 2
0 0.445 0.335 -0.01008792306 2
0 0.445 0.345 -0.01101825828 2
0 0.445 0.355 -0.01195480865 2
0 0.445 0.365 -0.0130662111 2
0 0.445 0.375 -0.01387570536 2
0 0.445 0.385 -0.01588219725 2
0 0.445 0.395 -0.01453775193 2
0 0.445 0.405 -0.009937718449 2
0 0.445 0.415 -0.003940726189 2
0 0.445 0.425 0 2
0 0.445 0.435 0 2
0 0.445 0.445 0 2
0 0.445 0.455 0 2
0 0.445 0.465 0 2
0 0.455 -0.455 0 1
0 0.455 -0.445 0 1
0 0.455 -0.435 0 1
0 0.455 -0.425 0 1
0 0.455 -0.415 -0.004396391629 1
0 0.455 -0.405 -0.01114542239 1
0 0.455 -0.395 -0.01650433473 1
0 0.455 -0.385 -0.0182947386 1
0 0.455 -0.375 -0.01625473488 1
0 0.455 -0.365 -0.01522819872 1
0 0.455 -0.355 -0.01365375938 1
0 0.455 -0.345 -0.01220363334 1
0 0.455 -0.335 -0.0108343059 1
0 0.455 -0.325 -0.0096455538 1
0 0.455 -0.315 -0.008549561932 1
0 0.455 -0.305 -0.007722265665 1
0 0.455 -0.295 -0.007489816674 1
0 0.455 -0.285 -0.007625704753 1
0 0.455 -0.275 -0.007792286777 2
0 0.455 -0.265 -0.007320648037 2
0 0.455 -0.255 -0.00645635956 2
0 0.455 -0.245 -0.005784964756 2
0 0.455 -0.235 -0.00551233496 2
0 0.455 -0.225 -0.005590929304 2
0 0.455 -0.215 -0.005657662151 2
0 0.455 -0.205 -0.005503129035 2
0 0.455 -0.195 -0.005151512239 2
0 0.455 -0.185 -0.004693506893 2
0 0.455 -0.175 -0.004224094863 2
0 0.455 -0.165 -0.003794316119 2
0 0.455 -0.155 -0.003357687184 2
0 0.455 -0.145 -0.002886532979 2
0 0.455 -0.135 -0.002356702379 2
0 0.455 -0.125 -0.001760238716 2
0 0.455 -0.115 -0.00110839305 2
0 0.455 -0.105 -0.0004206359666 2
0 0.455 -0.095 0.0002712598618 2
0 0.455 -0.085 0.0009372971682 2
0 0.455 -0.075 0.001548683508 2
0 0.455 -0.065 0.002081636242 2
0 0.455 -0.055 0.002516651267 2
0 0.455 -0.045 0.002833073565 2
0 0.455 -0.035 0.003014591955 2
0 0.455 -0.025 0.00301629879 2
0 0.455 -0.015 0.002815588968 2
0 0.455 -0.005 0.002248984457 2
0 0.455 0.005 0.001041718708 2
0 0.455 0.015 -0.000766397166 2
0 0.455 0.025 -0.00313361315 2
0 0.455 0.035 -0.00511644221 2
0 0.455 0.045 -0.006479924735 2
0 0.455 0.055 -0.007021585854 2
0 0.455 0.065 -0.007043256772 2
0 0.455 0.075 -0.006814523417 2
0 0.455 0.085 -0.006569405749 2
0 0.455 0.095 -0.006361793362 2
0 0.455 0.105 -0.006208548133 2
0 0.455 0.115 -0.006090778838 2
0 0.455 0.125 -0.005945951901 2
0 0.455 0.135 -0.005717800469 2
0 0.455 0.145 -0.005464525331 2
0 0.455 0.155 -0.0051505327 2
0 0.455 0.165 -0.004925386972 2
0 0.455 0.175 -0.004731333958 2
0 0.455 0.185 -0.004453150403 2
0 0.455 0.195 -0.004087391245 2
0 0.455 0.205 -0.003652099525 2
0 0.455 0.215 -0.003240690508 2
0 0.455 0.225 -0.002936277665 2
0 0.455 0.235 -0.002851403643 2
0 0.455 0.245 -0.003112841436 2
0 0.455 0.255 -0.003802284582 2
0 0.455 0.265 -0.004807722319 2
0 0.455 0.275 -0.005966396844 2
0 0.455 0.285 -0.007126645114 2
0 0.455 0.295 -0.008239686498 2
0 0.455 0.305 -0.009302189914 2
0 0.455 0.315 -0.01033468912 2
0 0.455 0.325 -0.0113704055 2
0 0.455 0.335 -0.01242623084 2
0 0.455 0.345 -0.01354321033 2
0 0.455 0.355 -0.01467253456 2
0 0.455 0.365 -0.01602104354 2
0 0.455 0.375 -0.01700405432 2
0 0.455 0.385 -0.01945881535 2
0 0.455 0.395 -0.01780991504 2
0 0.455 0.405 -0.01217547802 2
0 0.455 0.415 -0.004827509719 2
0 0.455 0.425 0 2
0 0.455 0.435 0 2
0 0.455 0.445 0 2
0 0.455 0.455 0 2
0 0.455 0.465 0 2
0 0.465 -0.455 0 1
0 0.465 -0.445 0 1
0 0.465 -0.435 0 1
0 0.465 -0.425 0 1
0 0.465 -0.415 -0.004697977988 1
0 0.465 -0.405 -0.01208854332 1
0 0.465 -0.395 -0.0181090622 1
0 0.465 -0.385 -0.02057369345 1
0 0.465 -0.375 -0.01900324406 1
0 0.465 -0.365 -0.01846744496 1
0 0.465 -0.355 -0.01710095231 1
0 0.465 -0.345 -0.01571074227 1
0 0.465 -0.335 -0.01427592626 1
0 0.465 -0.325 -0.01294317982 1
0 0.465 -0.315 -0.01159913489 1
0 0.465 -0.305 -0.01043440747 1
0 0.465 -0.295 -0.009857899065 1
0 0.465 -0.285 -0.009745570601 1
0 0.465 -0.275 -0.009444033683 2
0 0.465 -0.265 -0.008562503486 2
0 0.465 -0.255 -0.007326398386 2
0 0.465 -0.245 -0.006433925599 2
0 0.465 -0.235 -0.006165502008 2
0 0.465 -0.225 -0.006381416058 2
0 0.465 -0.215 -0.006625359874 2
0 0.465 -0.205 -0.006625740742 2
0 0.465 -0.195 -0.006326265514 2
0 0.465 -0.185 -0.005881687572 2
0 0.465 -0.175 -0.005421635593 2
0 0.465 -0.165 -0.005012561411 2
0 0.465 -0.155 -0.00460675168 2
0 0.465 -0.145 -0.004141339108 2
0 0.465 -0.135 -0.003581603775 2
0 0.465 -0.125 -0.002903749455 2
0 0.465 -0.115 -0.002132332145 2
0 0.465 -0.105 -0.00129538152 2
0 0.465 -0.095 -0.0004455819549 2
0 0.465 -0.085 0.0003752946042 2
0 0.465 -0.075 0.001129529601 2
0 0.465 -0.065 0.00179313818 2
0 0.465 -0.055 0.002353931689 2
0 0.465 -0.045 0.002802276664 2
0 0.465 -0.035 0.003141856297 2
0 0.465 -0.025 0.003333912565 2
0 0.465 -0.015 0.00342450415 2
0 0.465 -0.005 0.003158172673 2
0 0.465 0.005 0.002181083284 2
0 0.465 0.015 0.0004800584058 2
0 0.465 0.025 -0.002015270893 2
0 0.465 0.035 -0.003935331475 1
0 0.465 0.045 -0.005265939361 1
0 0.465 0.055 -0.005560849843 1
0 0.465 0.065 -0.005330451489 1
0 0.465 0.075 -0.005172093921 2
0 0.465 0.085 -0.005047113247 2
0 0.465 0.095 -0.005077512806 2
0 0.465 0.105 -0.005094168243 2
0 0.465 0.115 -0.005103133101 2
0 0.465 0.125 -0.005059981899 2
0 0.465 0.135 -0.004950827402 2
0 0.465 0.145 -0.004833096723 2
0 0.465 0.155 -0.004681441749 2
0 0.465 0.165 -0.004536151739 2
0 0.465 0.175 -0.004411272833 2
0 0.465 0.185 -0.004226563422 2
0 0.465 0.195 -0.003962858212 2
0 0.465 0.205 -0.003651957071 2
0 0.465 0.215 -0.003356200694 2
0 0.465 0.225 -0.003135247231 2
0 0.465 0.235 -0.003093364096 2
0 0.465 0.245 -0.00344010564 2
0 0.465 0.255 -0.004300410465 2
0 0.465 0.265 -0.00561511797 2
0 0.465 0.275 -0.007157772722 2
0 0.465 0.285 -0.008621330054 2
0 0.465 0.295 -0.00994650585 2
0 0.465 0.305 -0.01116702688 2
0 0.465 0.315 -0.01233506211 2
0 0.465 0.325 -0.01351548907 2
0 0.465 0.335 -0.01472496241 2
0 0.465 0.345 -0.01601488285 2
0 0.465 0.355 -0.01732553631 2
0 0.465 0.365 -0.01890004897 2
0 0.465 0.375 -0.02004836312 2
0 0.465 0.385 -0.02293588901 2
0 0.465 0.395 -0.02098956984 2
0 0.465 0.405 -0.01434931478 2
0 0.465 0.415 -0.005688907368 2
0 0.465 0.425 0 2
0 0.465 0.435 0 2
0 0.465 0.445 0 2
0 0.465 0.455 0 2
0 0.465 0.465 0 2
0 0.475 -0.455 0 1
0 0.475 -0.445 0 1
0 0.475 -0.435 0 1
0 0.475 -0.425 0 1
0 0.475 -0.415 -0.004935862433 1
0 0.475 -0.405 -0.01294010064 1
0 0.475 -0.395 -0.01982870416 1
0 0.475 -0.385 -0.02320087707 1
0 0.475 -0.375 -0.02210981747 1
0 0.475 -0.365 -0.02171773504 1
0 0.475 -0.355 -0.02025769686 1
0 0.475 -0.345 -0.01881059573 1
0 0.475 -0.335 -0.01736164858 1
0 0.475 -0.325 -0.01598710121 1
0 0.475 -0.315 -0.01450230091 1
0 0.475 -0.305 -0.01309556794 1
0 0.475 -0.295 -0.01216695066 1
0 0.475 -0.285 -0.01161031618 1
0 0.475 -0.275 -0.01080718844 2
0 0.475 -0.265 -0.009514408325 2
0 0.475 -0.255 -0.00798257178 1
0 0.475 -0.245 -0.006937715057 1
0 0.475 -0.235 -0.00673516879 1
0 0.475 -0.225 -0.007115824907 1
0 0.475 -0.215 -0.00752814065 2
0 0.475 -0.205 -0.007634427598 2
0 0.475 -0.195 -0.007386794902 2
0 0.475 -0.185 -0.006988636504 2
0 0.475 -0.175 -0.006607472187 2
0 0.475 -0.165 -0.006303311147 2
0 0.475 -0.155 -0.006011702491 2
0 0.475 -0.145 -0.005595700602 2
0 0.475 -0.135 -0.005009547402 2
0 0.475 -0.125 -0.004198076972 2
0 0.475 -0.115 -0.003238203747 2
0 0.475 -0.105 -0.002173236468 2
0 0.475 -0.095 -0.001108683184 2
0 0.475 -0.085 -9.850605564e-05 2
0 0.475 -0.075 0.0008171734005 2
0 0.475 -0.065 0.001621262946 2
0 0.475 -0.055 0.002312011561 2
0 0.475 -0.045 0.002895329629 2
0 0.475 -0.035 0.003402355742 2
0 0.475 -0.025 0.003805310164 2
0 0.475 -0.015 0.004251905114 2
0 0.475 -0.005 0.004368720127 2
0 0.475 0.005 0.003638889134 2
0 0.475 0.015 0.001837249119 2
0 0.475 0.025 -0.0007261234439 1
0 0.475 0.035 -0.002567822919 1
0 0.475 0.045 -0.003517063477 1
0 0.475 0.055 -0.003492252972 1
0 0.475 0.065 -0.00316320551 1
0 0.475 0.075 -0.003026746911 1
0 0.475 0.085 -0.002875734212 1
0 0.475 0.095 -0.002873602051 1
0 0.475 0.105 -0.002914966946 1
0 0.475 0.115 -0.003045105466 1
0 0.475 0.125 -0.003192908394 1
0 0.475 0.135 -0.003268636374 1
0 0.475 0.145 -0.003233357945 1
0 0.475 0.155 -0.003317927991 2
0 0.475 0.165 -0.003501410431 2
0 0.475 0.175 -0.0036520276 1
0 0.475 0.185 -0.003660601532 1
0 0.475 0.195 -0.003561920651 1
0 0.475 0.205 -0.003473056629 1
0 0.475 0.215 -0.003397823168 1
0 0.475 0.225 -0.00334775723 1
0 0.475 0.235 -0.003376386391 1
0 0.475 0.245 -0.003796519014 1
0 0.475 0.255 -0.004840923805 2
0 0.475 0.265 -0.006472921424 2
0 0.475 0.275 -0.008441857588 2
0 0.475 0.285 -0.01022538861 2
0 0.475 0.295 -0.01175461856 2
0 0.475 0.305 -0.01307979023 2
0 0.475 0.315 -0.01432868189 2
0 0.475 0.325 -0.01562644478 2
0 0.475 0.335 -0.01696942006 2
0 0.475 0.345 -0.01841740727 2
0 0.475 0.355 -0.01989699656 2
0 0.475 0.365 -0.02168513448 2
0 0.475 0.375 -0.02298956082 2
0 0.475 0.385 -0.02629149717 2
0 0.475 0.395 -0.02405661409 2
0 0.475 0.405 -0.0164453871 2
0 0.475 0.415 -0.006519456138 2
0 0.475 0.425 0 2
0 0.475 0.435 0 2
0 0.475 0.445 0 2
0 0.475 0.455 0 2
0 0.475 0.465 0 2
0 0.485 -0.455 0 1
0 0.485 -0.445 0 1
0 0.485 -0.435 0 1
0 0.485 -0.425 0 1
0 0.485 -0.415 -0.005203354717 1
0 0.485 -0.405 -0.01384191265 1
0 0.485 -0.395 -0.02182747333 1
0 0.485 -0.385 -0.02614264731 1
0 0.485 -0.375 -0.02548090941 1
0 0.485 -0.365 -0.02507580347 1
0 0.485 -0.355 -0.02343874324 1
0 0.485 -0.345 -0.02181723524 1
0 0.485 -0.335 -0.02028017186 1
0 0.485 -0.325 -0.0188737982 1
0 0.485 -0.315 -0.01730516126 1
0 0.485 -0.305 -0.01564940482 1
0 0.485 -0.295 -0.01421309008 1
0 0.485 -0.285 -0.01286313442 1
0 0.485 -0.275 -0.01153376229 2
0 0.485 -0.265 -0.01000967464 1
0 0.485 -0.255 -0.00853258961 1
0 0.485 -0.245 -0.007571585758 1
0 0.485 -0.235 -0.007321592119 1
0 0.485 -0.225 -0.007647236452 1
0 0.485 -0.215 -0.008071026187 2
0 0.485 -0.205 -0.008222573053 2
0 0.485 -0.195 -0.008062391272 2
0 0.485 -0.185 -0.007759182029 2
0 0.485 -0.175 -0.007494237402 2
0 0.485 -0.165 -0.007339936879 2
0 0.485 -0.155 -0.007219774999 2
0 0.485 -0.145 -0.006943653017 2
0 0.485 -0.135 -0.006434325669 2
0 0.485 -0.125 -0.005526426861 2
0 0.485 -0.115 -0.004397517408 2
0 0.485 -0.105 -0.003063937982 2
0 0.485 -0.095 -0.00172391804 2
0 0.485 -0.085 -0.0004643016165 2
0 0.485 -0.075 0.0006444129459 2
0 0.485 -0.065 0.001584635542 2
0 0.485 -0.055 0.002387546399 2
0 0.485 -0.045 0.003086329875 2
0 0.485 -0.035 0.003744579868 2
0 0.485 -0.025 0.004344618452 2
0 0.485 -0.015 0.005126466565 2
0 0.485 -0.005 0.005550655266 2
0 0.485 0.005 0.004997877893 2
0 0.485 0.015 0.003078461703 2
0 0.485 0.025 0.0004432333529 1
0 0.485 0.035 -0.001651631226 1
0 0.485 0.045 -0.0024665332 1
0 0.485 0.055 -0.002198054259 1
0 0.485 0.065 -0.001605339243 1
0 0.485 0.075 -0.001143245869 1
0 0.485 0.085 -0.000845793915 1
0 0.485 0.095 -0.0007430044047 1
0 0.485 0.105 -0.0007816143907 1
0 0.485 0.115 -0.0009884653838 1
0 0.485 0.125 -0.001266299593 1
0 0.485 0.135 -0.00152258961 1
0 0.485 0.145 -0.001759435103 1
0 0.485 0.155 -0.002106171494 1
0 0.485 0.165 -0.00244146585 1
0 0.485 0.175 -0.002733743762 1
0 0.485 0.185 -0.002966958391 1
0 0.485 0.195 -0.003160786724 1
0 0.485 0.205 -0.003368179915 1
0 0.485 0.215 -0.003559103324 1
0 0.485 0.225 -0.003752092873 1
0 0.485 0.235 -0.003933191581 1
0 0.485 0.245 -0.004387904189 1
0 0.485 0.255 -0.005523657675 1
0 0.485 0.265 -0.007397603508 2
0 0.485 0.275 -0.009817852655 2
0 0.485 0.285 -0.01194161424 2
0 0.485 0.295 -0.01363910136 2
0 0.485 0.305 -0.01501201217 2
0 0.485 0.315 -0.01629172544 2
0 0.485 0.325 -0.01768210892 2
0 0.485 0.335 -0.01914084689 2
0 0.485 0.345 -0.0207329907 2
0 0.485 0.355 -0.02236933819 2
0 0.485 0.365 -0.02435806161 2
0 0.485 0.375 -0.02580874976 2
0 0.485 0.385 -0.02950399515 2
0 0.485 0.395 -0.02699122392 2
0 0.485 0.405 -0.01844998799 2
0 0.485 0.415 -0.007313768524 2
0 0.485 0.425 0 2
0 0.485 0.435 0 2
0 0.485 0.445 0 2
0 0.485 0.455 0 2
0 0.485 0.465 0 2
0 0.495 -0.455 0 2
0 0.495 -0.445 0 2
0 0.495 -0.435 0 1
0 0.495 -0.425 0 1
0 0.495 -0.415 -0.005686282106 1
0 0.495 -0.405 -0.01507903503 1
0 0.495 -0.395 -0.02425074451 1
0 0.495 -0.385 -0.02938922142 2
0 0.495 -0.375 -0.0289903015 2
0 0.495 -0.365 -0.02834540812 2
0 0.495 -0.355 -0.02624203304 1
0 0.495 -0.345 -0.02428706082 1
0 0.495 -0.335 -0.02273325562 1
0 0.495 -0.325 -0.0213915623 1
0 0.495 -0.315 -0.0197591859 1
0 0.495 -0.305 -0.01784278541 1
0 0.495 -0.295 -0.01587230267 1
0 0.495 -0.285 -0.01368594646 2
0 0.495 -0.275 -0.01184520962 1
0 0.495 -0.265 -0.01018993796 1
0 0.495 -0.255 -0.008931284724 1
0 0.495 -0.245 -0.0081263488 1
0 0.495 -0.235 -0.00776010241 1
0 0.495 -0.225 -0.007933210291 1
0 0.495 -0.215 -0.008275174518 1
0 0.495 -0.205 -0.008424523187 2
0 0.495 -0.195 -0.00825377601 2
0 0.495 -0.185 -0.007954383502 2
0 0.495 -0.175 -0.007775333696 2
0 0.495 -0.165 -0.007760266039 2
0 0.495 -0.155 -0.007813967383 2
0 0.495 -0.145 -0.007737149939 2
0 0.495 -0.135 -0.007405695748 2
0 0.495 -0.125 -0.006545160151 2
0 0.495 -0.115 -0.005354982881 2
0 0.495 -0.105 -0.003770920067 2
0 0.495 -0.095 -0.002152066596 2
0 0.495 -0.085 -0.0006465565954 2
0 0.495 -0.075 0.0006557040158 2
0 0.495 -0.065 0.001702636447 2
0 0.495 -0.055 0.00257642744 2
0 0.495 -0.045 0.00334575039 2
0 0.495 -0.035 0.004113777676 2
0 0.495 -0.025 0.004872299075 2
0 0.495 -0.015 0.005938063485 2
0 0.495 -0.005 0.006595222237 2
0 0.495 0.005 0.006122229856 2
0 0.495 0.015 0.003975727928 2
0 0.495 0.025 0.0009487692973 1
0 0.495 0.035 -0.001386660636 1
0 0.495 0.045 -0.002187198351 1
0 0.495 0.055 -0.001752186084 1
0 0.495 0.065 -0.0009192309474 1
0 0.495 0.075 -0.0002067142096 1
0 0.495 0.085 0.00034779015 1
0 0.495 0.095 0.0006764681274 1
0 0.495 0.105 0.0007252978924 1
0 0.495 0.115 0.0005060327328 1
0 0.495 0.125 0.0001171724351 1
0 0.495 0.135 -0.0003105242727 1
0 0.495 0.145 -0.0007404427166 1
0 0.495 0.155 -0.00119165642 1
0 0.495 0.165 -0.001704156465 1
0 0.495 0.175 -0.002229402163 1
0 0.495 0.185 -0.002667016011 1
0 0.495 0.195 -0.003080087423 1
0 0.495 0.205 -0.003492150196 1
0 0.495 0.215 -0.003884344522 1
0 0.495 0.225 -0.004270084441 1
0 0.495 0.235 -0.004616294836 1
0 0.495 0.245 -0.005161338366 1
0 0.495 0.255 -0.006379776973 1
0 0.495 0.265 -0.008450951762 1
0 0.495 0.275 -0.01120890684 2
0 0.495 0.285 -0.01371618281 2
0 0.495 0.295 -0.01556827748 2
0 0.495 0.305 -0.01692177216 2
0 0.495 0.315 -0.01819092051 2
0 0.495 0.325 -0.01965604128 2
0 0.495 0.335 -0.02121810759 2
0 0.495 0.345 -0.02294294345 2
0 0.495 0.355 -0.0247249017 2
0 0.495 0.365 -0.02690095433 2
0 0.495 0.375 -0.02848762142 2
0 0.495 0.385 -0.03255243829 2
0 0.495 0.395 -0.02977422157 2
0 0.495 0.405 -0.02034980533 2
0 0.495 0.415 -0.008066629583 2
0 0.495 0.425 0 2
0 0.495 0.435 0 2
0 0.495 0.445 0 2
0 0.495 0.455 0 2
0 0.495 0.465 0 2
0 0.505 -0.455 0 2
0 0.505 -0.445 0 2
0 0.505 -0.435 0 2
0 0.505 -0.425 0 1
0 0.505 -0.415 -0.006518236935 1
0 0.505 -0.405 -0.01706271736 1
0 0.505 -0.395 -0.02723493527 1
0 0.505 -0.385 -0.03255277952 2
0 0.505 -0.375 -0.03180540766 2
0 0.505 -0.365 -0.03102120993 2
0 0.505 -0.355 -0.02878401713 2
0 0.505 -0.345 -0.02668211603 2
0 0.505 -0.335 -0.02497865035 2
0 0.505 -0.325 -0.02355334573 2
0 0.505 -0.315 -0.02188877678 2
0 0.505 -0.305 -0.01961455469 2
0 0.505 -0.295 -0.01670903954 2
0 0.505 -0.285 -0.01379443675 1
0 0.505 -0.275 -0.01167693434 1
0 0.505 -0.265 -0.01020074492 1
0 0.505 -0.255 -0.009308249073 1
0 0.505 -0.245 -0.008656646541 1
0 0.505 -0.235 -0.008203007417 1
0 0.505 -0.225 -0.008187718219 1
0 0.505 -0.215 -0.008269109101 1
0 0.505 -0.205 -0.008200015716 2
0 0.505 -0.195 -0.007829207169 2
0 0.505 -0.185 -0.00740855142 2
0 0.505 -0.175 -0.007187366121 2
0 0.505 -0.165 -0.007174981914 2
0 0.505 -0.155 -0.007259962006 2
0 0.505 -0.145 -0.007357855153 2
0 0.505 -0.135 -0.007308882236 2
0 0.505 -0.125 -0.006787550299 2
0 0.505 -0.115 -0.005704249556 2
0 0.505 -0.105 -0.004019749929 2
0 0.505 -0.095 -0.002117055581 2
0 0.505 -0.085 -0.0004315862322 2
0 0.505 -0.075 0.0009695748634 2
0 0.505 -0.065 0.002013326456 2
0 0.505 -0.055 0.002866081747 2
0 0.505 -0.045 0.003637575025 2
0 0.505 -0.035 0.004449718071 2
0 0.505 -0.025 0.005303554778 2
0 0.505 -0.015 0.006563270941 2
0 0.505 -0.005 0.007405696138 2
0 0.505 0.005 0.006988298627 2
0 0.505 0.015 0.00468397855 2
0 0.505 0.025 0.001317984538 1
0 0.505 0.035 -0.001232055868 1
0 0.505 0.045 -0.002126909396 1
0 0.505 0.055 -0.001666260667 1
0 0.505 0.065 -0.000712812157 1
0 0.505 0.075 0.0001477595757 1
0 0.505 0.085 0.0009558785497 1
0 0.505 0.095 0.001553587587 1
0 0.505 0.105 0.001750636444 1
0 0.505 0.115 0.001529168743 1
0 0.505 0.125 0.0009829704856 1
0 0.505 0.135 0.0002841778897 1
0 0.505 0.145 -0.0003926588313 1
0 0.505 0.155 -0.0009952547653 1
0 0.505 0.165 -0.00157706449 1
0 0.505 0.175 -0.00217350462 1
0 0.505 0.185 -0.002747354493 1
0 0.505 0.195 -0.003299980921 1
0 0.505 0.205 -0.003821937894 1
0 0.505 0.215 -0.004340215964 1
0 0.505 0.225 -0.004872864742 1
0 0.505 0.235 -0.005381024251 1
0 0.505 0.245 -0.006061587619 1
0 0.505 0.255 -0.007385009344 1
0 0.505 0.265 -0.00972106051 1
0 0.505 0.275 -0.01266482322 2
0 0.505 0.285 -0.01540253345 2
0 0.505 0.295 -0.01735690138 2
0 0.505 0.305 -0.01870370749 2
0 0.505 0.315 -0.01997813838 2
0 0.505 0.325 -0.02151731864 2
0 0.505 0.335 -0.02317910897 2
0 0.505 0.345 -0.02502889115 2
0 0.505 0.355 -0.02694681415 2
0 0.505 0.365 -0.02929694573 2
0 0.505 0.375 -0.03100897311 2
0 0.505 0.385 -0.03541711032 2
0 0.505 0.395 -0.03238753555 2
0 0.505 0.405 -0.02213225612 2
0 0.505 0.415 -0.008773118984 2
0 0.505 0.425 0 2
0 0.505 0.435 0 2
0 0.505 0.445 0 2
0 0.505 0.455 0 2
0 0.505 0.465 0 2
0 0.515 -0.455 0 2
0 0.515 -0.445 0 2
0 0.515 -0.435 0 2
0 0.515 -0.425 0 2
0 0.515 -0.415 -0.007719153711 2
0 0.515 -0.405 -0.01994722704 2
0 0.515 -0.395 -0.0309516373 2
0 0.515 -0.385 -0.03590548191 2
0 0.515 -0.375 -0.0341180517 2
0 0.515 -0.365 -0.03304051642 2
0 0.515 -0.355 -0.0306201554 2
0 0.515 -0.345 -0.02850701892 2
0 0.515 -0.335 -0.02684534075 2
0 0.515 -0.325 -0.02540307336 2
0 0.515 -0.315 -0.02356516605 2
0 0.515 -0.305 -0.02082518039 2
0 0.515 -0.295 -0.01720497544 2
0 0.515 -0.285 -0.0139381287 1
0 0.515 -0.275 -0.01154397778 1
0 0.515 -0.265 -0.01027920813 1
0 0.515 -0.255 -0.009688475246 1
0 0.515 -0.245 -0.009173990468 1
0 0.515 -0.235 -0.008722164374 1
0 0.515 -0.225 -0.008494376518 1
0 0.515 -0.215 -0.008203760528 1
0 0.515 -0.205 -0.007671999167 2
0 0.515 -0.195 -0.006898985789 1
0 0.515 -0.185 -0.006301436064 1
0 0.515 -0.175 -0.005961815042 1
0 0.515 -0.165 -0.005825860983 1
0 0.515 -0.155 -0.005842252459 1
0 0.515 -0.145 -0.006039001649 1
0 0.515 -0.135 -0.006155617672 1
0 0.515 -0.125 -0.005954148084 2
0 0.515 -0.115 -0.004986245755 2
0 0.515 -0.105 -0.003506653056 2
0 0.515 -0.095 -0.001452391649 2
0 0.515 -0.085 0.0002752958717 2
0 0.515 -0.075 0.001641221466 2
0 0.515 -0.065 0.002528368171 2
0 0.515 -0.055 0.003226385604 2
0 0.515 -0.045 0.003919723414 2
0 0.515 -0.035 0.004698776829 2
0 0.515 -0.025 0.005573880236 2
0 0.515 -0.015 0.006914310222 2
0 0.515 -0.005 0.007910412169 2
0 0.515 0.005 0.007647293021 2
0 0.515 0.015 0.0053538883 2
0 0.515 0.025 0.001947651329 1
0 0.515 0.035 -0.0009011928181 1
0 0.515 0.045 -0.00195660593 1
0 0.515 0.055 -0.001608306491 1
0 0.515 0.065 -0.0006457363203 1
0 0.515 0.075 0.0003511103818 1
0 0.515 0.085 0.001390284343 1
0 0.515 0.095 0.002328962301 1
0 0.515 0.105 0.002681587882 1
0 0.515 0.115 0.002437033289 1
0 0.515 0.125 0.001676172455 1
0 0.515 0.135 0.0006139006921 1
0 0.515 0.145 -0.0003370855431 1
0 0.515 0.155 -0.001190000741 1
0 0.515 0.165 -0.001888280911 1
0 0.515 0.175 -0.002517395941 1
0 0.515 0.185 -0.003104827246 1
0 0.515 0.195 -0.003663058179 1
0 0.515 0.205 -0.004221755156 1
0 0.515 0.215 -0.004821238909 1
0 0.515 0.225 -0.00547964749 1
0 0.515 0.235 -0.006159556003 1
0 0.515 0.245 -0.007043035033 1
0 0.515 0.255 -0.008542476857 1
0 0.515 0.265 -0.01106405222 1
0 0.515 0.275 -0.0141074528 2
0 0.515 0.285 -0.01692399698 2
0 0.515 0.295 -0.01891193234 2
0 0.515 0.305 -0.02028684575 2
0 0.515 0.315 -0.02161616288 2
0 0.515 0.325 -0.0232407869 2
0 0.515 0.335 -0.02500508667 2
0 0.515 0.345 -0.02697484395 2
0 0.515 0.355 -0.02902013351 2
0 0.515 0.365 -0.0315309188 2
0 0.515 0.375 -0.03335726301 2
0 0.515 0.385 -0.03808008182 2
0 0.515 0.395 -0.03481468587 2
0 0.515 0.405 -0.02378584258 2
0 0.515 0.415 -0.009428739892 2
0 0.515 0.425 0 2
0 0.515 0.435 0 2
0 0.515 0.445 0 2
0 0.515 0.455 0 2
0 0.515 0.465 0 2
0 0.525 -0.455 0 2
0 0.525 -0.445 0 2
0 0.525 -0.435 0 2
0 0.525 -0.425 0 2
0 0.525 -0.415 -0.008947314267 2
0 0.525 -0.405 -0.02283922415 2
0 0.525 -0.395 -0.03462306758 2
0 0.525 -0.385 -0.03923068124 2
0 0.525 -0.375 -0.03611521881 2
0 0.525 -0.365 -0.03470592504 2
0 0.525 -0.355 -0.03225845449 2
0 0.525 -0.345 -0.03022943631 2
0 0.525 -0.335 -0.02860807036 2
0 0.525 -0.325 -0.02712159994 2
0 0.525 -0.315 -0.02504508737 2
0 0.525 -0.305 -0.02184476564 2
0 0.525 -0.295 -0.01767506078 2
0 0.525 -0.285 -0.01403146446 1
0 0.525 -0.275 -0.0115970172 1
0 0.525 -0.265 -0.01058254622 1
0 0.525 -0.255 -0.0101785174 1
0 0.525 -0.245 -0.00977176223 1
0 0.525 -0.235 -0.009446247306 1
0 0.525 -0.225 -0.009062803274 1
0 0.525 -0.215 -0.008338845897 2
0 0.525 -0.205 -0.007270631754 1
0 0.525 -0.195 -0.006167328107 1
0 0.525 -0.185 -0.005376521821 1
0 0.525 -0.175 -0.004864962033 1
0 0.525 -0.165 -0.004539234612 1
0 0.525 -0.155 -0.004317366201 1
0 0.525 -0.145 -0.004309538317 1
0 0.525 -0.135 -0.004486459572 1
0 0.525 -0.125 -0.004596195735 1
0 0.525 -0.115 -0.003768743887 1
0 0.525 -0.105 -0.00230559485 2
0 0.525 -0.095 -9.985183863e-05 2
0 0.525 -0.085 0.001511713002 2
0 0.525 -0.075 0.002603639996 2
0 0.525 -0.065 0.003176339076 2
0 0.525 -0.055 0.003597381501 2
0 0.525 -0.045 0.004142202622 2
0 0.525 -0.035 0.004815070772 2
0 0.525 -0.025 0.005628910281 2
0 0.525 -0.015 0.006901684703 2
0 0.525 -0.005 0.007984577781 2
0 0.525 0.005 0.0079331572 2
0 0.525 0.015 0.005894517251 2
0 0.525 0.025 0.00268575932 1
0 0.525 0.035 -0.0004247572435 1
0 0.525 0.045 -0.001767793775 1
0 0.525 0.055 -0.001667284997 1
0 0.525 0.065 -0.000791378103 1
0 0.525 0.075 0.0003083767629 1
0 0.525 0.085 0.001542406842 1
0 0.525 0.095 0.002756202041 1
0 0.525 0.105 0.003179397191 1
0 0.525 0.115 0.002820581673 1
0 0.525 0.125 0.001836559447 1
0 0.525 0.135 0.0005242131384 1
0 0.525 0.145 -0.0005796683924 1
0 0.525 0.155 -0.001550038141 1
0 0.525 0.165 -0.002265796294 1
0 0.525 0.175 -0.002887615702 1
0 0.525 0.185 -0.003462995275 1
0 0.525 0.195 -0.004012990399 1
0 0.525 0.205 -0.004604610724 1
0 0.525 0.215 -0.005294688858 1
0 0.525 0.225 -0.006134073287 1
0 0.525 0.235 -0.007077122093 1
0 0.525 0.245 -0.008216801635 1
0 0.525 0.255 -0.009903172789 1
0 0.525 0.265 -0.0124032167 1
0 0.525 0.275 -0.01543624096 2
0 0.525 0.285 -0.0182000417 2
0 0.525 0.295 -0.0201825731 2
0 0.525 0.305 -0.02163845494 2
0 0.525 0.315 -0.0230839562 2
0 0.525 0.325 -0.02481068571 2
0 0.525 0.335 -0.02668282575 2
0 0.525 0.345 -0.02876854311 2
0 0.525 0.355 -0.03093270817 2
0 0.525 0.365 -0.03359011001 2
0 0.525 0.375 -0.03551908435 2
0 0.525 0.385 -0.04052569931 2
0 0.525 0.395 -0.03704121277 2
0 0.525 0.405 -0.02530046707 2
0 0.525 0.415 -0.01002953334 2
0 0.525 0.425 0 2
0 0.525 0.435 0 2
0 0.525 0.445 0 2
0 0.525 0.455 0 2
0 0.525 0.465 0 2
0 0.535 -0.455 0 2
0 0.535 -0.445 0 2
0 0.535 -0.435 0 2
0 0.535 -0.425 0 2
0 0.535 -0.415 -0.009992533227 2
0 0.535 -0.405 -0.025319928 2
0 0.535 -0.395 -0.03771849238 2
0 0.535 -0.385 -0.04200378867 2
0 0.535 -0.375 -0.03785281596 2
0 0.535 -0.365 -0.03627205799 2
0 0.535 -0.355 -0.03383090154 2
0 0.535 -0.345 -0.03186466823 2
0 0.535 -0.335 -0.03029002685 2
0 0.535 -0.325 -0.02882447604 2
0 0.535 -0.315 -0.02650655961 2
0 0.535 -0.305 -0.0227922652 2
0 0.535 -0.295 -0.01825640098 1
0 0.535 -0.285 -0.01433471189 1
0 0.535 -0.275 -0.01208911737 1
0 0.535 -0.265 -0.01118914626 1
0 0.535 -0.255 -0.01081972031 1
0 0.535 -0.245 -0.01052101094 1
0 0.535 -0.235 -0.01033702224 1
0 0.535 -0.225 -0.009799091922 1
0 0.535 -0.215 -0.008730638227 2
0 0.535 -0.205 -0.007163250795 1
0 0.535 -0.195 -0.005774858653 1
0 0.535 -0.185 -0.004846692703 1
0 0.535 -0.175 -0.004221303469 1
0 0.535 -0.165 -0.003763623944 1
0 0.535 -0.155 -0.003404073703 1
0 0.535 -0.145 -0.003194096107 1
0 0.535 -0.135 -0.00320263599 1
0 0.535 -0.125 -0.003119933926 1
0 0.535 -0.115 -0.002443494008 1
0 0.535 -0.105 -0.0009504645936 1
0 0.535 -0.095 0.001234527601 2
0 0.535 -0.085 0.002926190382 2
0 0.535 -0.075 0.003705787142 2
0 0.535 -0.065 0.003840911278 2
0 0.535 -0.055 0.003902674344 2
0 0.535 -0.045 0.004258958318 2
0 0.535 -0.035 0.004776030065 2
0 0.535 -0.025 0.005459617879 2
0 0.535 -0.015 0.006537382397 2
0 0.535 -0.005 0.007589335435 2
0 0.535 0.005 0.007711495705 2
0 0.535 0.015 0.006088103196 2
0 0.535 0.025 0.003054786759 1
0 0.535 0.035 0.0001706570955 1
0 0.535 0.045 -0.00145856201 1
0 0.535 0.055 -0.001613245748 1
0 0.535 0.065 -0.0009660219818 1
0 0.535 0.075 1.052807702e-05 1
0 0.535 0.085 0.001197687102 1
0 0.535 0.095 0.00213446546 1
0 0.535 0.105 0.002403427724 1
0 0.535 0.115 0.001810661916 1
0 0.535 0.125 0.0006937788607 1
0 0.535 0.135 -0.0004825005021 1
0 0.535 0.145 -0.001484297344 1
0 0.535 0.155 -0.002320655669 1
0 0.535 0.165 -0.002923496619 1
0 0.535 0.175 -0.003442865252 1
0 0.535 0.185 -0.003967154212 1
0 0.535 0.195 -0.004503685346 1
0 0.535 0.205 -0.005142333108 1
0 0.535 0.215 -0.005955286306 1
0 0.535 0.225 -0.006999598473 1
0 0.535 0.235 -0.00816091602 1
0 0.535 0.245 -0.009516007042 1
0 0.535 0.255 -0.0114047777 1
0 0.535 0.265 -0.01386549162 2
0 0.535 0.275 -0.01671580957 2
0 0.535 0.285 -0.01921099383 2
0 0.535 0.295 -0.02115033512 2
0 0.535 0.305 -0.02276072626 2
0 0.535 0.315 -0.02437875631 2
0 0.535 0.325 -0.02622207075 2
0 0.535 0.335 -0.02820568021 2
0 0.535 0.345 -0.03040215221 2
0 0.535 0.355 -0.03267566786 2
0 0.535 0.365 -0.03546449105 2
0 0.535 0.375 -0.03748348988 2
0 0.535 0.385 -0.04274093013 2
0 0.535 0.395 -0.03905498239 2
0 0.535 0.405 -0.02666765229 2
0 0.535 0.415 -0.01057215996 2
0 0.535 0.425 0 2
0 0.535 0.435 0 2
0 0.535 0.445 0 2
0 0.535 0.455 0 2
0 0.535 0.465 0 2
0 0.545 -0.455 0 2
0 0.545 -0.445 0 2
0 0.545 -0.435 0 2
0 0.545 -0.425 0 2
0 0.545 -0.415 -0.01070485486 2
0 0.545 -0.405 -0.02704037139 2
0 0.545 -0.395 -0.03994856702 2
0 0.545 -0.385 -0.04415890818 2
0 0.545 -0.375 -0.03943135013 2
0 0.545 -0.365 -0.03778819618 2
0 0.545 -0.355 -0.03533563766 2
0 0.545 -0.345 -0.0333873342 2
0 0.545 -0.335 -0.03175911316 2
0 0.545 -0.325 -0.03021443526 2
0 0.545 -0.315 -0.02775381219 2
0 0.545 -0.305 -0.02386176878 2
0 0.545 -0.295 -0.01926035078 1
0 0.545 -0.285 -0.01510691201 1
0 0.545 -0.275 -0.01281820614 1
0 0.545 -0.265 -0.0119017299 1
0 0.545 -0.255 -0.01159170363 1
0 0.545 -0.245 -0.01146099108 1
0 0.545 -0.235 -0.01138502525 1
0 0.545 -0.225 -0.01076167034 1
0 0.545 -0.215 -0.009424492877 2
0 0.545 -0.205 -0.007533702025 1
0 0.545 -0.195 -0.005925117675 1
0 0.545 -0.185 -0.004848078071 1
0 0.545 -0.175 -0.004090254337 1
0 0.545 -0.165 -0.00348243243 1
0 0.545 -0.155 -0.00297715036 1
0 0.545 -0.145 -0.002566411712 1
0 0.545 -0.135 -0.002421710793 1
0 0.545 -0.125 -0.002183806781 1
0 0.545 -0.115 -0.001481687038 1
0 0.545 -0.105 0.0003366465809 1
0 0.545 -0.095 0.002341252151 2
0 0.545 -0.085 0.003980674437 2
0 0.545 -0.075 0.004468888262 2
0 0.545 -0.065 0.004278922309 2
0 0.545 -0.055 0.004050005394 2
0 0.545 -0.045 0.004230760708 2
0 0.545 -0.035 0.004575045381 2
0 0.545 -0.025 0.005073473835 2
0 0.545 -0.015 0.005818657706 2
0 0.545 -0.005 0.006569701961 2
0 0.545 0.005 0.006681178853 2
0 0.545 0.015 0.005586835512 2
0 0.545 0.025 0.002926858429 2
0 0.545 0.035 0.000475916324 1
0 0.545 0.045 -0.001544022519 1
0 0.545 0.055 -0.002054180379 1
0 0.545 0.065 -0.001772155806 1
0 0.545 0.075 -0.001122890129 1
0 0.545 0.085 -0.0001424835022 1
0 0.545 0.095 0.0003475986268 2
0 0.545 0.105 0.0003382261217 2
0 0.545 0.115 -0.0005249668624 2
0 0.545 0.125 -0.001789537814 2
0 0.545 0.135 -0.002862991546 1
0 0.545 0.145 -0.003607738824 1
0 0.545 0.155 -0.003953436434 1
0 0.545 0.165 -0.004255741124 1
0 0.545 0.175 -0.00457138373 1
0 0.545 0.185 -0.004993771439 1
0 0.545 0.195 -0.005483055795 1
0 0.545 0.205 -0.006113252782 1
0 0.545 0.215 -0.0069442603 1
0 0.545 0.225 -0.008089446663 1
0 0.545 0.235 -0.009498569719 2
0 0.545 0.245 -0.01114519745 2
0 0.545 0.255 -0.01303331286 2
0 0.545 0.265 -0.01521535111 2
0 0.545 0.275 -0.01772808671 2
0 0.545 0.285 -0.020026677 2
0 0.545 0.295 -0.02197709433 2
0 0.545 0.305 -0.02373381325 2
0 0.545 0.315 -0.02552398168 2
0 0.545 0.325 -0.02748296366 2
0 0.545 0.335 -0.02957406687 2
0 0.545 0.345 -0.03187241979 2
0 0.545 0.355 -0.03424353668 2
0 0.545 0.365 -0.0371468965 2
0 0.545 0.375 -0.03924213398 2
0 0.545 0.385 -0.04471552475 2
0 0.545 0.395 -0.04084633452 2
0 0.545 0.405 -0.02788063925 2
0 0.545 0.415 -0.01105393968 2
0 0.545 0.425 0 2
0 0.545 0.435 0 2
0 0.545 0.445 0 2
0 0.545 0.455 0 2
0 0.545 0.465 0 2
0 0.555 -0.455 0 2
0 0.555 -0.445 0 2
0 0.555 -0.435 0 2
0 0.555 -0.425 0 2
0 0.555 -0.415 -0.01123365074 2
0 0.555 -0.405 -0.02834217861 2
0 0.555 -0.395 -0.04172503647 2
0 0.555 -0.385 -0.04595573955 2
0 0.555 -0.375 -0.04082994103 2
0 0.555 -0.365 -0.03909202717 2
0 0.555 -0.355 -0.03655181355 2
0 0.555 -0.345 -0.03454838931 2
0 0.555 -0.335 -0.03281281644 2
0 0.555 -0.325 -0.03118584996 2
0 0.555 -0.315 -0.02874021815 2
0 0.555 -0.305 -0.0248919102 2
0 0.555 -0.295 -0.02023982094 1
0 0.555 -0.285 -0.01613009047 1
0 0.555 -0.275 -0.01371700874 1
0 0.555 -0.265 -0.01273745927 1
0 0.555 -0.255 -0.01248842583 1
0 0.555 -0.245 -0.01254645596 1
0 0.555 -0.235 -0.01256546332 1
0 0.555 -0.225 -0.0119039122 2
0 0.555 -0.215 -0.01033974248 2
0 0.555 -0.205 -0.008346456518 1
0 0.555 -0.195 -0.006585876927 1
0 0.555 -0.185 -0.005331313276 1
0 0.555 -0.175 -0.004383875992 1
0 0.555 -0.165 -0.003607733898 1
0 0.555 -0.155 -0.002967436704 1
0 0.555 -0.145 -0.002454902619 1
0 0.555 -0.135 -0.002225043378 1
0 0.555 -0.125 -0.001921782305 1
0 0.555 -0.115 -0.001137567929 1
0 0.555 -0.105 0.0007547642991 1
0 0.555 -0.095 0.002723240664 2
0 0.555 -0.085 0.004306895409 2
0 0.555 -0.075 0.004674497051 2
0 0.555 -0.065 0.004350613587 2
0 0.555 -0.055 0.003989837351 2
0 0.555 -0.045 0.004051445933 2
0 0.555 -0.035 0.004244473716 2
0 0.555 -0.025 0.004551333423 2
0 0.555 -0.015 0.004961046387 2
0 0.555 -0.005 0.005391272871 2
0 0.555 0.005 0.005370551164 2
0 0.555 0.015 0.004400415344 2
0 0.555 0.025 0.001919892403 2
0 0.555 0.035 -0.0005246192643 1
0 0.555 0.045 -0.002455370163 1
0 0.555 0.055 -0.003331729268 1
0 0.555 0.065 -0.003454993455 1
0 0.555 0.075 -0.003130810628 1
0 0.555 0.085 -0.002648176688 1
0 0.555 0.095 -0.002339290754 2
0 0.555 0.105 -0.002612805479 2
0 0.555 0.115 -0.003561084806 2
0 0.555 0.125 -0.004614454882 2
0 0.555 0.135 -0.005443025343 2
0 0.555 0.145 -0.005999321434 2
0 0.555 0.155 -0.006263024535 1
0 0.555 0.165 -0.006399296235 1
0 0.555 0.175 -0.006442696033 1
0 0.555 0.185 -0.006654650748 1
0 0.555 0.195 -0.007018491614 1
0 0.555 0.205 -0.007561109524 1
0 0.555 0.215 -0.008364390441 1
0 0.555 0.225 -0.009554599909 2
0 0.555 0.235 -0.01102815272 2
0 0.555 0.245 -0.01267292796 2
0 0.555 0.255 -0.01445998927 2
0 0.555 0.265 -0.01648730629 2
0 0.555 0.275 -0.01867788652 2
0 0.555 0.285 -0.02077461954 2
0 0.555 0.295 -0.0227221093 2
0 0.555 0.305 -0.02460204391 2
0 0.555 0.315 -0.02654116762 2
0 0.555 0.325 -0.02860456325 2
0 0.555 0.335 -0.03079200041 2
0 0.555 0.345 -0.03317937501 2
0 0.555 0.355 -0.03563372508 2
0 0.555 0.365 -0.038632835 2
0 0.555 0.375 -0.04078921768 2
0 0.555 0.385 -0.04644199663 2
0 0.555 0.395 -0.04240807594 2
0 0.555 0.405 -0.02893436851 2
0 0.555 0.415 -0.01147285062 2
0 0.555 0.425 0 2
0 0.555 0.435 0 2
0 0.555 0.445 0 2
0 0.555 0.455 0 2
0 0.555 0.465 0 2
0 0.565 -0.455 0 2
0 0.565 -0.445 0 2
0 0.565 -0.435 0 2
0 0.565 -0.425 0 2
0 0.565 -0.415 -0.01164398459 2
0 0.565 -0.405 -0.02937027354 2
0 0.565 -0.395 -0.0431962439 2
0 0.565 -0.385 -0.0475152694 2
0 0.565 -0.375 -0.04212182507 2
0 0.565 -0.365 -0.04026716972 2
0 0.565 -0.355 -0.0375888212 2
0 0.565 -0.345 -0.03546479998 2
0 0.565 -0.335 -0.03351969434 2
0 0.565 -0.325 -0.03168301931 2
0 0.565 -0.315 -0.02927251048 2
0 0.565 -0.305 -0.02577264563 2
0 0.565 -0.295 -0.02135946873 2
0 0.565 -0.285 -0.0174211729 1
0 0.565 -0.275 -0.01474952116 1
0 0.565 -0.265 -0.01362264639 1
0 0.565 -0.255 -0.01342775745 1
0 0.565 -0.245 -0.01362618572 1
0 0.565 -0.235 -0.01361778871 2
0 0.565 -0.225 -0.01290801791 2
0 0.565 -0.215 -0.01136807235 2
0 0.565 -0.205 -0.00949832255 2
0 0.565 -0.195 -0.007772319615 1
0 0.565 -0.185 -0.006505821396 1
0 0.565 -0.175 -0.005401082143 1
0 0.565 -0.165 -0.004487449239 1
0 0.565 -0.155 -0.003743677073 1
0 0.565 -0.145 -0.003173998222 1
0 0.565 -0.135 -0.002861972668 1
0 0.565 -0.125 -0.002520436617 1
0 0.565 -0.115 -0.001638621308 1
0 0.565 -0.105 4.923117339e-05 1
0 0.565 -0.095 0.002200371568 2
0 0.565 -0.085 0.00379075763 2
0 0.565 -0.075 0.004261078992 2
0 0.565 -0.065 0.004027245134 2
0 0.565 -0.055 0.003725685861 2
0 0.565 -0.045 0.003745763828 2
0 0.565 -0.035 0.003831476203 2
0 0.565 -0.025 0.003963805774 2
0 0.565 -0.015 0.004062553122 2
0 0.565 -0.005 0.004103593589 2
0 0.565 0.005 0.003754418164 2
0 0.565 0.015 0.002682998507 2
0 0.565 0.025 0.0006004927348 2
0 0.565 0.035 -0.002093927223 2
0 0.565 0.045 -0.00434500156 1
0 0.565 0.055 -0.006037697628 1
0 0.565 0.065 -0.00650519947 1
0 0.565 0.075 -0.006013087279 1
0 0.565 0.085 -0.005551847113 2
0 0.565 0.095 -0.005091375657 2
0 0.565 0.105 -0.005411673605 2
0 0.565 0.115 -0.006114956806 2
0 0.565 0.125 -0.006956628515 2
0 0.565 0.135 -0.007801827492 2
0 0.565 0.145 -0.008256782201 2
0 0.565 0.155 -0.008480389085 2
0 0.565 0.165 -0.008504992948 2
0 0.565 0.175 -0.008510528118 2
0 0.565 0.185 -0.008634651779 2
0 0.565 0.195 -0.008904329273 2
0 0.565 0.205 -0.009369459199 2
0 0.565 0.215 -0.01009702622 2
0 0.565 0.225 -0.01115898619 2
0 0.565 0.235 -0.01253420746 2
0 0.565 0.245 -0.01408978145 2
0 0.565 0.255 -0.01573776121 2
0 0.565 0.265 -0.01755817096 2
0 0.565 0.275 -0.01949521378 2
0 0.565 0.285 -0.02147416379 2
0 0.565 0.295 -0.02344135856 2
0 0.565 0.305 -0.02541235702 2
0 0.565 0.315 -0.02745327705 2
0 0.565 0.325 -0.02960007494 2
0 0.565 0.335 -0.03186576071 2
0 0.565 0.345 -0.03432540176 2
0 0.565 0.355 -0.03684599332 2
0 0.565 0.365 -0.03992019099 2
0 0.565 0.375 -0.04212132126 2
0 0.565 0.385 -0.04791547738 2
0 0.565 0.395 -0.04373536352 2
0 0.565 0.405 -0.02982537992 2
0 0.565 0.415 -0.0118274986 2
0 0.565 0.425 0 2
0 0.565 0.435 0 2
0 0.565 0.445 0 2
0 0.565 0.455 0 2
0 0.565 0.465 0 2
0 0.575 -0.455 0 2
0 0.575 -0.445 0 2
0 0.575 -0.435 0 2
0 0.575 -0.425 0 2
0 0.575 -0.415 -0.01196196589 2
0 0.575 -0.405 -0.03016587015 2
0 0.575 -0.395 -0.04435294839 2
0 0.575 -0.385 -0.04875764739 2
0 0.575 -0.375 -0.04317431192 2
0 0.575 -0.365 -0.04122418194 2
0 0.575 -0.355 -0.03841785128 2
0 0.575 -0.345 -0.0361679665 2
0 0.575 -0.335 -0.03401371372 2
0 0.575 -0.325 -0.03200661899 2
0 0.575 -0.315 -0.02963858361 2
0 0.575 -0.305 -0.02643783527 2
0 0.575 -0.295 -0.02237062379 2
0 0.575 -0.285 -0.01862578395 1
0 0.575 -0.275 -0.01590669837 1
0 0.575 -0.265 -0.01467982299 1
0 0.575 -0.255 -0.01450814574 1
0 0.575 -0.245 -0.01459669157 2
0 0.575 -0.235 -0.01438373784 2
0 0.575 -0.225 -0.01366413264 2
0 0.575 -0.215 -0.01237442041 2
0 0.575 -0.205 -0.01087750932 2
0 0.575 -0.195 -0.009386945638 2
0 0.575 -0.185 -0.008142354156 2
0 0.575 -0.175 -0.007106302643 1
0 0.575 -0.165 -0.006298882635 1
0 0.575 -0.155 -0.005565327505 1
0 0.575 -0.145 -0.004962681963 1
0 0.575 -0.135 -0.004594111805 1
0 0.575 -0.125 -0.004125640559 1
0 0.575 -0.115 -0.002899483735 1
0 0.575 -0.105 -0.001123965985 2
0 0.575 -0.095 0.001145065345 2
0 0.575 -0.085 0.002632941878 2
0 0.575 -0.075 0.003318266039 2
0 0.575 -0.065 0.003398191306 2
0 0.575 -0.055 0.0033181173 2
0 0.575 -0.045 0.003371698461 2
0 0.575 -0.035 0.003407347756 2
0 0.575 -0.025 0.003413276414 2
0 0.575 -0.015 0.003299659314 2
0 0.575 -0.005 0.003035111449 2
0 0.575 0.005 0.002397858118 2
0 0.575 0.015 0.001022122302 2
0 0.575 0.025 -0.001181419312 2
0 0.575 0.035 -0.004120945432 2
0 0.575 0.045 -0.006591535528 2
0 0.575 0.055 -0.008434211336 2
0 0.575 0.065 -0.009219745784 2
0 0.575 0.075 -0.00909514354 2
0 0.575 0.085 -0.008607659424 2
0 0.575 0.095 -0.007852774342 2
0 0.575 0.105 -0.007706030515 2
0 0.575 0.115 -0.007918978726 2
0 0.575 0.125 -0.008446209185 2
0 0.575 0.135 -0.009105425621 2
0 0.575 0.145 -0.009548959442 2
0 0.575 0.155 -0.00990740339 2
0 0.575 0.165 -0.009985893225 2
0 0.575 0.175 -0.01002014908 2
0 0.575 0.185 -0.01010693767 2
0 0.575 0.195 -0.01034620931 2
0 0.575 0.205 -0.01078875944 2
0 0.575 0.215 -0.01150052012 2
0 0.575 0.225 -0.01251521327 2
0 0.575 0.235 -0.0137855082 2
0 0.575 0.245 -0.01520559151 2
0 0.575 0.255 -0.01674437108 2
0 0.575 0.265 -0.01843986014 2
0 0.575 0.275 -0.02026845013 2
0 0.575 0.285 -0.02218416978 2
0 0.575 0.295 -0.02415010707 2
0 0.575 0.305 -0.02617100539 2
0 0.575 0.315 -0.0282719751 2
0 0.575 0.325 -0.03047856656 2
0 0.575 0.335 -0.0328012593 2
0 0.575 0.345 -0.03531390092 2
0 0.575 0.355 -0.03788176266 2
0 0.575 0.365 -0.0410088411 2
0 0.575 0.375 -0.0432371722 2
0 0.575 0.385 -0.04913350992 2
0 0.575 0.395 -0.0448255345 2
0 0.575 0.405 -0.03055167833 2
0 0.575 0.415 -0.01211707286 2
0 0.575 0.425 0 2
0 0.575 0.435 0 2
0 0.575 0.445 0 2
0 0.575 0.455 0 2
0 0.575 0.465 0 2
0 0.585 -0.455 0 2
0 0.585 -0.445 0 2
0 0.585 -0.435 0 2
0 0.585 -0.425 0 2
0 0.585 -0.415 -0.01219734194 2
0 0.585 -0.405 -0.03075255504 2
0 0.585 -0.395 -0.0452211534 2
0 0.585 -0.385 -0.04970288571 2
0 0.585 -0.375 -0.04399587123 2
0 0.585 -0.365 -0.04197527391 2
0 0.585 -0.355 -0.03906230433 2
0 0.585 -0.345 -0.036696038 2
0 0.585 -0.335 -0.03435112717 2
0 0.585 -0.325 -0.0321547695 2
0 0.585 -0.315 -0.02972263086 2
0 0.585 -0.305 -0.02677641074 2
0 0.585 -0.295 -0.02333074023 2
0 0.585 -0.285 -0.01999647525 2
0 0.585 -0.275 -0.01746725358 2
0 0.585 -0.265 -0.0159997197 2
0 0.585 -0.255 -0.01539420308 2
0 0.585 -0.245 -0.0151227612 2
0 0.585 -0.235 -0.01475541734 2
0 0.585 -0.225 -0.014084475 2
0 0.585 -0.215 -0.0131106332 2
0 0.585 -0.205 -0.01203258529 2
0 0.585 -0.195 -0.010979531 2
0 0.585 -0.185 -0.01003668464 2
0 0.585 -0.175 -0.009239079586 2
0 0.585 -0.165 -0.008537340542 2
0 0.585 -0.155 -0.007912840774 2
0 0.585 -0.145 -0.007318444275 2
0 0.585 -0.135 -0.006720297452 2
0 0.585 -0.125 -0.005886627339 2
0 0.585 -0.115 -0.004487111623 2
0 0.585 -0.105 -0.002609181037 2
0 0.585 -0.095 -0.0003095179157 2
0 0.585 -0.085 0.001344956614 2
0 0.585 -0.075 0.002322702977 2
0 0.585 -0.065 0.002713974548 2
0 0.585 -0.055 0.002881019423 2
0 0.585 -0.045 0.003009600131 2
0 0.585 -0.035 0.003043080657 2
0 0.585 -0.025 0.002974915647 2
0 0.585 -0.015 0.002737644711 2
0 0.585 -0.005 0.002269683776 2
0 0.585 0.005 0.001447404277 2
0 0.585 0.015 -5.379986441e-06 2
0 0.585 0.025 -0.002142764884 2
0 0.585 0.035 -0.004896876569 2
0 0.585 0.045 -0.007654136285 2
0 0.585 0.055 -0.009705591535 2
0 0.585 0.065 -0.01071803803 2
0 0.585 0.075 -0.01074637535 2
0 0.585 0.085 -0.01013823621 2
0 0.585 0.095 -0.009471177688 2
0 0.585 0.105 -0.009163766485 2
0 0.585 0.115 -0.009156339762 2
0 0.585 0.125 -0.009431861074 2
0 0.585 0.135 -0.009783364074 2
0 0.585 0.145 -0.01005845645 2
0 0.585 0.155 -0.01030764627 2
0 0.585 0.165 -0.01040542788 2
0 0.585 0.175 -0.01051423691 2
0 0.585 0.185 -0.0106930506 2
0 0.585 0.195 -0.01104234125 2
0 0.585 0.205 -0.01160668675 2
0 0.585 0.215 -0.01240571422 2
0 0.585 0.225 -0.01343238534 2
0 0.585 0.235 -0.0146490597 2
0 0.585 0.245 -0.01601839987 2
0 0.585 0.255 -0.01753410575 2
0 0.585 0.265 -0.01918557995 2
0 0.585 0.275 -0.02096993502 2
0 0.585 0.285 -0.02285537824 2
0 0.585 0.295 -0.02482249966 2
0 0.585 0.305 -0.02686865114 2
0 0.585 0.315 -0.0290018732 2
0 0.585 0.325 -0.03124546526 2
0 0.585 0.335 -0.03360353013 2
0 0.585 0.345 -0.03614874612 2
0 0.585 0.355 -0.03874371431 2
0 0.585 0.365 -0.04190037274 2
0 0.585 0.375 -0.0441374447 2
0 0.585 0.385 -0.05009585596 2
0 0.585 0.395 -0.04567794477 2
0 0.585 0.405 -0.03111261081 2
0 0.585 0.415 -0.01234130367 2
0 0.585 0.425 0 2
0 0.585 0.435 0 2
0 0.585 0.445 0 2
0 0.585 0.455 0 2
0 0.585 0.465 0 2
0 0.595 -0.455 0 2
0 0.595 -0.445 0 2
0 0.595 -0.435 0 2
0 0.595 -0.425 0 2
0 0.595 -0.415 -0.01235532695 2
0 0.595 -0.405 -0.03114317799 2
0 0.595 -0.395 -0.04581363468 2
0 0.595 -0.385 -0.05035885179 2
0 0.595 -0.375 -0.04458623736 2
0 0.595 -0.365 -0.04252412403 2
0 0.595 -0.355 -0.03954045008 2
0 0.595 -0.345 -0.03709314715 2
0 0.595 -0.335 -0.03463537174 2
0 0.595 -0.325 -0.03231742666 2
0 0.595 -0.315 -0.02986698926 2
0 0.595 -0.305 -0.02714676413 2
0 0.595 -0.295 -0.02417510449 2
0 0.595 -0.285 -0.02117207402 2
0 0.595 -0.275 -0.01881392958 2
0 0.595 -0.265 -0.01722765624 2
0 0.595 -0.255 -0.01630766121 2
0 0.595 -0.245 -0.01572657583 2
0 0.595 -0.235 -0.01511534725 2
0 0.595 -0.225 -0.01438002195 2
0 0.595 -0.215 -0.0135731351 2
0 0.595 -0.205 -0.01273476536 2
0 0.595 -0.195 -0.01195021352 2
0 0.595 -0.185 -0.01121887692 2
0 0.595 -0.175 -0.01064067812 2
0 0.595 -0.165 -0.01008488242 2
0 0.595 -0.155 -0.009532763659 2
0 0.595 -0.145 -0.008902816198 2
0 0.595 -0.135 -0.008134666019 2
0 0.595 -0.125 -0.007021056286 2
0 0.595 -0.115 -0.005422796636 2
0 0.595 -0.105 -0.003348495508 2
0 0.595 -0.095 -0.001228059406 2
0 0.595 -0.085 0.0004102481096 2
0 0.595 -0.075 0.001513480223 2
0 0.595 -0.065 0.002141626124 2
0 0.595 -0.055 0.002519839405 2
0 0.595 -0.045 0.002737721893 2
0 0.595 -0.035 0.002802765324 2
0 0.595 -0.025 0.002711548826 2
0 0.595 -0.015 0.002419953609 2
0 0.595 -0.005 0.001859739415 2
0 0.595 0.005 0.0009515099653 2
0 0.595 0.015 -0.0004541495139 2
0 0.595 0.025 -0.002380260364 2
0 0.595 0.035 -0.004677435125 2
0 0.595 0.045 -0.007091188254 2
0 0.595 0.055 -0.008987479655 2
0 0.595 0.065 -0.01017436529 2
0 0.595 0.075 -0.01062696603 2
0 0.595 0.085 -0.0105090041 2
0 0.595 0.095 -0.010341041 2
0 0.595 0.105 -0.01029797722 2
0 0.595 0.115 -0.01036992728 2
0 0.595 0.125 -0.01049783031 2
0 0.595 0.135 -0.01048702664 2
0 0.595 0.145 -0.01036261281 2
0 0.595 0.155 -0.01019456216 2
0 0.595 0.165 -0.0101102111 2
0 0.595 0.175 -0.01021898156 2
0 0.595 0.185 -0.01053903569 2
0 0.595 0.195 -0.01108113656 2
0 0.595 0.205 -0.01182809004 2
0 0.595 0.215 -0.0127749696 2
0 0.595 0.225 -0.01389896067 2
0 0.595 0.235 -0.01517846462 2
0 0.595 0.245 -0.0165952956 2
0 0.595 0.255 -0.01814385493 2
0 0.595 0.265 -0.01981343346 2
0 0.595 0.275 -0.02159598008 2
0 0.595 0.285 -0.02347360225 2
0 0.595 0.295 -0.02543996114 2
0 0.595 0.305 -0.02749450986 2
0 0.595 0.315 -0.02964274315 2
0 0.595 0.325 -0.03190345165 2
0 0.595 0.335 -0.03427677824 2
0 0.595 0.345 -0.03683413716 2
0 0.595 0.355 -0.03943561357 2
0 0.595 0.365 -0.04259792884 2
0 0.595 0.375 -0.04482462997 2
0 0.595 0.385 -0.05080436342 2
0 0.595 0.395 -0.04629385506 2
0 0.595 0.405 -0.03150878413 2
0 0.595 0.415 -0.01250043237 2
0 0.595 0.425 0 2
0 0.595 0.435 0 2
0 0.595 0.445 0 2
0 0.595 0.455 0 2
0 0.595 0.465 0 2
0 0.605 -0.455 0 2
0 0.605 -0.445 0 2
0 0.605 -0.435 0 2
0 0.605 -0.425 0 2
0 0.605 -0.415 -0.01244104964 2
0 0.605 -0.405 -0.0313511607 2
0 0.605 -0.395 -0.04614765667 2
0 0.605 -0.385 -0.05074292782 2
0 0.605 -0.375 -0.04495888493 2
0 0.605 -0.365 -0.04288555924 2
0 0.605 -0.355 -0.03987057112 2
0 0.605 -0.345 -0.03738014985 2
0 0.605 -0.335 -0.0348701307 2
0 0.605 -0.325 -0.03247558588 2
0 0.605 -0.315 -0.03002687252 2
0 0.605 -0.305 -0.02748465785 2
0 0.605 -0.295 -0.02488627726 2
0 0.605 -0.285 -0.02231943543 2
0 0.605 -0.275 -0.02015722395 2
0 0.605 -0.265 -0.01845071517 2
0 0.605 -0.255 -0.01720778522 2
0 0.605 -0.245 -0.01628764406 2
0 0.605 -0.235 -0.01545640148 2
0 0.605 -0.225 -0.01464049619 2
0 0.605 -0.215 -0.01382580208 2
0 0.605 -0.205 -0.01303186381 2
0 0.605 -0.195 -0.01232660054 2
0 0.605 -0.185 -0.01167984584 2
0 0.605 -0.175 -0.01112097374 2
0 0.605 -0.165 -0.0105280752 2
0 0.605 -0.155 -0.009892019081 2
0 0.605 -0.145 -0.009140575781 2
0 0.605 -0.135 -0.008186993724 2
0 0.605 -0.125 -0.006912771152 2
0 0.605 -0.115 -0.00531177993 2
0 0.605 -0.105 -0.003417822473 2
0 0.605 -0.095 -0.001613537523 2
0 0.605 -0.085 -9.348481405e-05 2
0 0.605 -0.075 0.001044065354 2
0 0.605 -0.065 0.001811646103 2
0 0.605 -0.055 0.002322168586 2
0 0.605 -0.045 0.002621058192 2
0 0.605 -0.035 0.002734580474 2
0 0.605 -0.025 0.002660738867 2
0 0.605 -0.015 0.00237359855 2
0 0.605 -0.005 0.001828904585 2
0 0.605 0.005 0.0009796902391 2
0 0.605 0.015 -0.0002312402075 2
0 0.605 0.025 -0.001807488111 2
0 0.605 0.035 -0.003631308175 2
0 0.605 0.045 -0.005536169095 2
0 0.605 0.055 -0.007207902667 2
0 0.605 0.065 -0.008505216953 2
0 0.605 0.075 -0.009406761607 2
0 0.605 0.085 -0.0100105038 2
0 0.605 0.095 -0.01051057336 2
0 0.605 0.105 -0.01098669472 2
0 0.605 0.115 -0.01129562337 2
0 0.605 0.125 -0.01141090329 2
0 0.605 0.135 -0.01103951779 2
0 0.605 0.145 -0.01042771984 2
0 0.605 0.155 -0.009747042944 2
0 0.605 0.165 -0.009379690513 2
0 0.605 0.175 -0.00944938533 2
0 0.605 0.185 -0.009928029992 2
0 0.605 0.195 -0.01072414463 2
0 0.605 0.205 -0.01171477723 2
0 0.605 0.215 -0.01286104597 2
0 0.605 0.225 -0.01413908291 2
0 0.605 0.235 -0.01553377271 2
0 0.605 0.245 -0.01703687087 2
0 0.605 0.255 -0.0186423466 2
0 0.605 0.265 -0.02034411342 2
0 0.605 0.275 -0.02213768483 2
0 0.605 0.285 -0.02401921376 2
0 0.605 0.295 -0.02598699864 2
0 0.605 0.305 -0.02804340451 2
0 0.605 0.315 -0.03019372124 2
0 0.605 0.325 -0.03245497616 2
0 0.605 0.335 -0.03482530326 2
0 0.605 0.345 -0.03737496703 2
0 0.605 0.355 -0.03996241357 2
0 0.605 0.365 -0.04310621321 2
0 0.605 0.375 -0.04530300406 2
0 0.605 0.385 -0.0512629168 2
0 0.605 0.395 -0.04667638325 2
0 0.605 0.405 -0.0317420326 2
0 0.605 0.415 -0.01259519825 2
0 0.605 0.425 0 2
0 0.605 0.435 0 2
0 0.605 0.445 0 2
0 0.605 0.455 0 2
0 0.605 0.465 0 2
0 0.615 -0.455 0 2
0 0.615 -0.445 0 2
0 0.615 -0.435 0 2
0 0.615 -0.425 0 2
0 0.615 -0.415 -0.01245898614 2
0 0.615 -0.405 -0.03138810293 2
0 0.615 -0.395 -0.0462389608 2
0 0.615 -0.385 -0.0508716258 2
0 0.615 -0.375 -0.04512732874 2
0 0.615 -0.365 -0.04307351206 2
0 0.615 -0.355 -0.0400676745 2
0 0.615 -0.345 -0.03757565377 2
0 0.615 -0.335 -0.03506609209 2
0 0.615 -0.325 -0.03266290286 2
0 0.615 -0.315 -0.03026239299 2
0 0.615 -0.305 -0.02786118442 2
0 0.615 -0.295 -0.02549166461 2
0 0.615 -0.285 -0.02322144007 2
0 0.615 -0.275 -0.02120323507 2
0 0.615 -0.265 -0.01948796171 2
0 0.615 -0.255 -0.01808610746 2
0 0.615 -0.245 -0.01692343331 2
0 0.615 -0.235 -0.01588809745 2
0 0.615 -0.225 -0.01491903171 2
0 0.615 -0.215 -0.01399366879 2
0 0.615 -0.205 -0.01311814633 2
0 0.615 -0.195 -0.01231644245 2
0 0.615 -0.185 -0.01156614857 2
0 0.615 -0.175 -0.01086052745 2
0 0.615 -0.165 -0.01013514426 2
0 0.615 -0.155 -0.00935685131 2
0 0.615 -0.145 -0.008458805577 2
0 0.615 -0.135 -0.007385433467 2
0 0.615 -0.125 -0.006087542678 2
0 0.615 -0.115 -0.004606789704 2
0 0.615 -0.105 -0.003007680302 2
0 0.615 -0.095 -0.001479070028 2
0 0.615 -0.085 -0.0001340972954 2
0 0.615 -0.075 0.000946241652 2
0 0.615 -0.065 0.00175749085 2
0 0.615 -0.055 0.002335146958 2
0 0.615 -0.045 0.00269966904 2
0 0.615 -0.035 0.002868183357 2
0 0.615 -0.025 0.002839473823 2
0 0.615 -0.015 0.002599588299 2
0 0.615 -0.005 0.002124825329 2
0 0.615 0.005 0.001392132828 2
0 0.615 0.015 0.0003950226616 2
0 0.615 0.025 -0.0008418693794 2
0 0.615 0.035 -0.002249949798 2
0 0.615 0.045 -0.003737972577 2
0 0.615 0.055 -0.005202284214 2
0 0.615 0.065 -0.006593022442 2
0 0.615 0.075 -0.007917378545 2
0 0.615 0.085 -0.009141985549 2
0 0.615 0.095 -0.0102399287 2
0 0.615 0.105 -0.0111669258 2
0 0.615 0.115 -0.01156886671 2
0 0.615 0.125 -0.01155379001 2
0 0.615 0.135 -0.01083443023 2
0 0.615 0.145 -0.009824851333 2
0 0.615 0.155 -0.0087968293 2
0 0.615 0.165 -0.00823510809 2
0 0.615 0.175 -0.008408088534 2
0 0.615 0.185 -0.009128718547 2
0 0.615 0.195 -0.01023453543 2
0 0.615 0.205 -0.01150144005 2
0 0.615 0.215 -0.01285365982 2
0 0.615 0.225 -0.01429116484 2
0 0.615 0.235 -0.01580208494 2
0 0.615 0.245 -0.01738895502 2
0 0.615 0.255 -0.01905130003 2
0 0.615 0.265 -0.02078946436 2
0 0.615 0.275 -0.02260354608 2
0 0.615 0.285 -0.0244940665 2
0 0.615 0.295 -0.02646287101 2
0 0.615 0.305 -0.02851499215 2
0 0.615 0.315 -0.03065645783 2
0 0.615 0.325 -0.03290386521 2
0 0.615 0.335 -0.03525440186 2
0 0.615 0.345 -0.03777731025 2
0 0.615 0.355 -0.04033049272 2
0 0.615 0.365 -0.04343160327 2
0 0.615 0.375 -0.04557867662 2
0 0.615 0.385 -0.05147746249 2
0 0.615 0.395 -0.04683051771 2
0 0.615 0.405 -0.03181542985 2
0 0.615 0.415 -0.01262684092 2
0 0.615 0.425 0 2
0 0.615 0.435 0 2
0 0.615 0.445 0 2
0 0.615 0.455 0 2
0 0.615 0.465 0 2
0 0.625 -0.455 0 2
0 0.625 -0.445 0 2
0 0.625 -0.435 0 2
0 0.625 -0.425 0 2
0 0.625 -0.415 -0.01241334876 2
0 0.625 -0.405 -0.03126474379 2
0 0.625 -0.395 -0.04610291797 2
0 0.625 -0.385 -0.05076153027 2
0 0.625 -0.375 -0.0451055613 2
0 0.625 -0.365 -0.04310079526 2
0 0.625 -0.355 -0.04014141675 2
0 0.625 -0.345 -0.03768480316 2
0 0.625 -0.335 -0.03521247985 2
0 0.625 -0.325 -0.03285181581 2
0 0.625 -0.315 -0.03052986961 2
0 0.625 -0.305 -0.02826130805 2
0 0.625 -0.295 -0.02606534425 2
0 0.625 -0.285 -0.02398324785 2
0 0.625 -0.275 -0.022070947 2
0 0.625 -0.265 -0.02035539751 2
0 0.625 -0.255 -0.01884219978 2
0 0.625 -0.245 -0.01750334781 2
0 0.625 -0.235 -0.01629497171 2
0 0.625 -0.225 -0.01517829187 2
0 0.625 -0.215 -0.01412736072 2
0 0.625 -0.205 -0.01312849169 2
0 0.625 -0.195 -0.01217712049 2
0 0.625 -0.185 -0.01125875664 2
0 0.625 -0.175 -0.01035968704 2
0 0.625 -0.165 -0.009447302971 2
0 0.625 -0.155 -0.008493297075 2
0 0.625 -0.145 -0.007461622406 2
0 0.625 -0.135 -0.006328110411 2
0 0.625 -0.125 -0.00508211003 2
0 0.625 -0.115 -0.003752853461 2
0 0.625 -0.105 -0.002389027551 2
0 0.625 -0.095 -0.001074975705 2
0 0.625 -0.085 0.0001195339332 2
0 0.625 -0.075 0.00113954008 2
0 0.625 -0.065 0.001958659322 2
0 0.625 -0.055 0.002573271655 2
0 0.625 -0.045 0.002990140706 2
0 0.625 -0.035 0.003215645144 2
0 0.625 -0.025 0.003248986839 2
0 0.625 -0.015 0.003083709196 2
0 0.625 -0.005 0.002709762794 2
0 0.625 0.005 0.002119606193 2
0 0.625 0.015 0.001315689789 2
0 0.625 0.025 0.000317286723 2
0 0.625 0.035 -0.0008402347102 2
0 0.625 0.045 -0.00212281163 2
0 0.625 0.055 -0.003507564988 2
0 0.625 0.065 -0.004977493313 2
0 0.625 0.075 -0.00654358539 2
0 0.625 0.085 -0.008084355133 2
0 0.625 0.095 -0.009459670994 2
0 0.625 0.105 -0.01042015969 2
0 0.625 0.115 -0.01064861268 2
0 0.625 0.125 -0.01024206367 2
0 0.625 0.135 -0.00927816347 2
0 0.625 0.145 -0.008112859288 2
0 0.625 0.155 -0.007157464632 2
0 0.625 0.165 -0.006628472547 2
0 0.625 0.175 -0.007054296146 2
0 0.625 0.185 -0.008121326544 2
0 0.625 0.195 -0.009598046271 2
0 0.625 0.205 -0.01118805906 2
0 0.625 0.215 -0.01275894205 2
0 0.625 0.225 -0.01436244675 2
0 0.625 0.235 -0.01599358351 2
0 0.625 0.245 -0.01766767542 2
0 0.625 0.255 -0.01939054405 2
0 0.625 0.265 -0.02116819214 2
0 0.625 0.275 -0.02300473735 2
0 0.625 0.285 -0.02490428941 2
0 0.625 0.295 -0.02687140659 2
0 0.625 0.305 -0.02891295924 2
0 0.625 0.315 -0.03103568282 2
0 0.625 0.325 -0.03325612121 2
0 0.625 0.335 -0.03557109194 2
0 0.625 0.345 -0.03804889486 2
0 0.625 0.355 -0.04054794264 2
0 0.625 0.365 -0.04358232335 2
0 0.625 0.375 -0.04565969543 2
0 0.625 0.385 -0.05145608719 2
0 0.625 0.395 -0.04676317388 2
0 0.625 0.405 -0.03173332923 2
0 0.625 0.415 -0.01259711328 2
0 0.625 0.425 0 2
0 0.625 0.435 0 2
0 0.625 0.445 0 2
0 0.625 0.455 0 2
0 0.625 0.465 0 2
0 0.635 -0.455 0 2
0 0.635 -0.445 0 2
0 0.635 -0.435 0 2
0 0.635 -0.425 0 2
0 0.635 -0.415 -0.01230803318 2
0 0.635 -0.405 -0.0309908313 2
0 0.635 -0.395 -0.045753947 2
0 0.635 -0.385 -0.050428344 2
0 0.635 -0.375 -0.04490703267 2
0 0.635 -0.365 -0.04297921273 2
0 0.635 -0.355 -0.04010024523 2
0 0.635 -0.345 -0.03771135229 2
0 0.635 -0.335 -0.0353066405 2
0 0.635 -0.325 -0.03301928568 2
0 0.635 -0.315 -0.03078483508 2
0 0.635 -0.305 -0.0286187969 2
0 0.635 -0.295 -0.0265294268 2
0 0.635 -0.285 -0.02454025878 2
0 0.635 -0.275 -0.02267807654 2
0 0.635 -0.265 -0.0209585326 2
0 0.635 -0.255 -0.01938533621 2
0 0.635 -0.245 -0.01794602499 2
0 0.635 -0.235 -0.01661827423 2
0 0.635 -0.225 -0.01537875029 2
0 0.635 -0.215 -0.01420811635 2
0 0.635 -0.205 -0.0130916066 2
0 0.635 -0.195 -0.01201801604 2
0 0.635 -0.185 -0.01097295158 2
0 0.635 -0.175 -0.009941368338 2
0 0.635 -0.165 -0.008901418108 2
0 0.635 -0.155 -0.007832325755 2
0 0.635 -0.145 -0.006713075809 2
0 0.635 -0.135 -0.005532811378 2
0 0.635 -0.125 -0.004293932059 2
0 0.635 -0.115 -0.003020233371 2
0 0.635 -0.105 -0.001748059023 2
0 0.635 -0.095 -0.0005284207265 2
0 0.635 -0.085 0.0005916156147 2
0 0.635 -0.075 0.001572232447 2
0 0.635 -0.065 0.002388557695 2
0 0.635 -0.055 0.003029305542 2
0 0.635 -0.045 0.003491533214 2
0 0.635 -0.035 0.003775097505 2
0 0.635 -0.025 0.00387904411 2
0 0.635 -0.015 0.003801163137 2
0 0.635 -0.005 0.003539207566 2
0 0.635 0.005 0.003093857001 2
0 0.635 0.015 0.002470331085 2
0 0.635 0.025 0.001681456928 2
0 0.635 0.035 0.0007376793722 2
0 0.635 0.045 -0.0003538009133 2
0 0.635 0.055 -0.001617989865 2
0 0.635 0.065 -0.003075144497 2
0 0.635 0.075 -0.004726706818 2
0 0.635 0.085 -0.006399105776 2
0 0.635 0.095 -0.007686669985 2
0 0.635 0.105 -0.008281963795 2
0 0.635 0.115 -0.008387036209 2
0 0.635 0.125 -0.007846136662 1
0 0.635 0.135 -0.006904682006 1
0 0.635 0.145 -0.005610458224 1
0 0.635 0.155 -0.004822266254 2
0 0.635 0.165 -0.004677235977 2
0 0.635 0.175 -0.005559558026 2
0 0.635 0.185 -0.00708645397 2
0 0.635 0.195 -0.008957734539 2
0 0.635 0.205 -0.01087107619 2
0 0.635 0.215 -0.01264812948 2
0 0.635 0.225 -0.01440544619 2
0 0.635 0.235 -0.01614762001 2
0 0.635 0.245 -0.01790259379 2
0 0.635 0.255 -0.01968210969 2
0 0.635 0.265 -0.02149679621 2
0 0.635 0.275 -0.02335388642 2
0 0.635 0.285 -0.02525986361 2
0 0.635 0.295 -0.0272209291 2
0 0.635 0.305 -0.02924499424 2
0 0.635 0.315 -0.03133927091 2
0 0.635 0.325 -0.03352022452 2
0 0.635 0.335 -0.03578453883 2
0 0.635 0.345 -0.03819944794 2
0 0.635 0.355 -0.04062482955 2
0 0.635 0.365 -0.0435686293 2
0 0.635 0.375 -0.04555617487 2
0 0.635 0.385 -0.05120912106 2
0 0.635 0.395 -0.04648327068 2
0 0.635 0.405 -0.03150141474 2
0 0.635 0.415 -0.01250829911 2
0 0.635 0.425 0 2
0 0.635 0.435 0 2
0 0.635 0.445 0 2
0 0.635 0.455 0 2
0 0.635 0.465 0 2
0 0.645 -0.455 0 2
0 0.645 -0.445 0 2
0 0.645 -0.435 0 2
0 0.645 -0.425 0 2
0 0.645 -0.415 -0.01214676667 2
0 0.645 -0.405 -0.03057557284 2
0 0.645 -0.395 -0.04520599283 2
0 0.645 -0.385 -0.04988737596 2
0 0.645 -0.375 -0.04454508667 2
0 0.645 -0.365 -0.04272022478 2
0 0.645 -0.355 -0.03995218059 2
0 0.645 -0.345 -0.037657891 2
0 0.645 -0.335 -0.03534408952 2
0 0.645 -0.325 -0.03314513004 2
0 0.645 -0.315 -0.0310002849 2
0 0.645 -0.305 -0.02892322718 2
0 0.645 -0.295 -0.02691480041 2
0 0.645 -0.285 -0.0249879839 2
0 0.645 -0.275 -0.02315597482 2
0 0.645 -0.265 -0.02142818366 2
0 0.645 -0.255 -0.01980782574 2
0 0.645 -0.245 -0.01829024462 2
0 0.645 -0.235 -0.01686473808 2
0 0.645 -0.225 -0.01551782323 2
0 0.645 -0.215 -0.01423571631 2
0 0.645 -0.205 -0.01300529224 2
0 0.645 -0.195 -0.01181431047 2
0 0.645 -0.185 -0.01064951353 2
0 0.645 -0.175 -0.009497351248 2
0 0.645 -0.165 -0.008342668213 2
0 0.645 -0.155 -0.007172105313 2
0 0.645 -0.145 -0.005975292671 2
0 0.645 -0.135 -0.004749434628 2
0 0.645 -0.125 -0.003501190726 2
0 0.645 -0.115 -0.002249095676 2
0 0.645 -0.105 -0.001020073455 2
0 0.645 -0.095 0.0001519820202 2
0 0.645 -0.085 0.001233975256 2
0 0.645 -0.075 0.00219673579 2
0 0.645 -0.065 0.003018785876 2
0 0.645 -0.055 0.003686700736 2
0 0.645 -0.045 0.004193517504 2
0 0.645 -0.035 0.004536351551 2
0 0.645 -0.025 0.004714420844 2
0 0.645 -0.015 0.004728197096 2
0 0.645 -0.005 0.004579866138 2
0 0.645 0.005 0.004273834216 2
0 0.645 0.015 0.00381634595 2
0 0.645 0.025 0.003216139007 2
0 0.645 0.035 0.00246200967 2
0 0.645 0.045 0.001568588763 2
0 0.645 0.055 0.0004600345579 2
0 0.645 0.065 -0.0008824245936 2
0 0.645 0.075 -0.002433738077 2
0 0.645 0.085 -0.00408881528 2
0 0.645 0.095 -0.005268528195 2
0 0.645 0.105 -0.005747014963 1
0 0.645 0.115 -0.005646695099 1
0 0.645 0.125 -0.004974503523 1
0 0.645 0.135 -0.004267440932 1
0 0.645 0.145 -0.00348891551 1
0 0.645 0.155 -0.003001561339 1
0 0.645 0.165 -0.003143624879 2
0 0.645 0.175 -0.004284486437 2
0 0.645 0.185 -0.006217511697 2
0 0.645 0.195 -0.008430127508 2
0 0.645 0.205 -0.01061962465 2
0 0.645 0.215 -0.01256844021 2
0 0.645 0.225 -0.01445399362 2
0 0.645 0.235 -0.01629053375 2
0 0.645 0.245 -0.01811529848 2
0 0.645 0.255 -0.01994431526 2
0 0.645 0.265 -0.02179109258 2
0 0.645 0.275 -0.02366466735 2
0 0.645 0.285 -0.02557274327 2
0 0.645 0.295 -0.0275222739 2
0 0.645 0.305 -0.02952153216 2
0 0.645 0.315 -0.03157778463 2
0 0.645 0.325 -0.03370716653 2
0 0.645 0.335 -0.03590624644 2
0 0.645 0.345 -0.03824092968 2
0 0.645 0.355 -0.04057340988 2
0 0.645 0.365 -0.04340298204 2
0 0.645 0.375 -0.04528042766 2
0 0.645 0.385 -0.05074924277 2
0 0.645 0.395 -0.04600180666 2
0 0.645 0.405 -0.03112674762 2
0 0.645 0.415 -0.01236322966 2
0 0.645 0.425 0 2
0 0.645 0.435 0 2
0 0.645 0.445 0 2
0 0.645 0.455 0 2
0 0.645 0.465 0 2
0 0.655 -0.455 0 2
0 0.655 -0.445 0 2
0 0.655 -0.435 0 2
0 0.655 -0.425 0 2
0 0.655 -0.415 -0.0119332516 2
0 0.655 -0.405 -0.0300280698 2
0 0.655 -0.395 -0.04447303177 2
0 0.655 -0.385 -0.04915413104 2
0 0.655 -0.375 -0.04403362817 2
0 0.655 -0.365 -0.04233622791 2
0 0.655 -0.355 -0.03970705174 2
0 0.655 -0.345 -0.03753047875 2
0 0.655 -0.335 -0.03532636204 2
0 0.655 -0.325 -0.03322691389 2
0 0.655 -0.315 -0.03117282243 2
0 0.655 -0.305 -0.02917534743 2
0 0.655 -0.295 -0.02723096725 2
0 0.655 -0.285 -0.02534709455 2
0 0.655 -0.275 -0.02353109907 2
0 0.655 -0.265 -0.02178991489 2
0 0.655 -0.255 -0.0201275322 2
0 0.655 -0.245 -0.01854392522 2
0 0.655 -0.235 -0.01703514755 2
0 0.655 -0.225 -0.01559426698 2
0 0.655 -0.215 -0.01421235052 2
0 0.655 -0.205 -0.01287913293 2
0 0.655 -0.195 -0.01158353126 2
0 0.655 -0.185 -0.01031364407 2
0 0.655 -0.175 -0.009057637932 2
0 0.655 -0.165 -0.007804241475 2
0 0.655 -0.155 -0.00654478198 2
0 0.655 -0.145 -0.005274606003 2
0 0.655 -0.135 -0.003995292557 2
0 0.655 -0.125 -0.002715484822 2
0 0.655 -0.115 -0.001451261286 2
0 0.655 -0.105 -0.0002241062514 2
0 0.655 -0.095 0.0009408796148 2
0 0.655 -0.085 0.002018744397 2
0 0.655 -0.075 0.002987001381 2
0 0.655 -0.065 0.003827841846 2
0 0.655 -0.055 0.004528823689 2
0 0.655 -0.045 0.005082538476 2
0 0.655 -0.035 0.005485642272 2
0 0.655 -0.025 0.005738017566 2
0 0.655 -0.015 0.005842163895 2
0 0.655 -0.005 0.005803585145 2
0 0.655 0.005 0.005629552379 2
0 0.655 0.015 0.005330077958 2
0 0.655 0.025 0.004911882914 2
0 0.655 0.035 0.004360917126 2
0 0.655 0.045 0.003701938326 2
0 0.655 0.055 0.002798302207 2
0 0.655 0.065 0.001638959952 2
0 0.655 0.075 3.949378718e-05 2
0 0.655 0.085 -0.001692719013 2
0 0.655 0.095 -0.002848781753 1
0 0.655 0.105 -0.003260923109 1
0 0.655 0.115 -0.003039253285 1
0 0.655 0.125 -0.002850034128 1
0 0.655 0.135 -0.002637092642 1
0 0.655 0.145 -0.002236484286 1
0 0.655 0.155 -0.001861173707 1
0 0.655 0.165 -0.002256399101 2
0 0.655 0.175 -0.003588425243 2
0 0.655 0.185 -0.005779624154 2
0 0.655 0.195 -0.008163920906 2
0 0.655 0.205 -0.01050352424 2
0 0.655 0.215 -0.01256494215 2
0 0.655 0.225 -0.01453946315 2
0 0.655 0.235 -0.01644654662 2
0 0.655 0.245 -0.01832571061 2
0 0.655 0.255 -0.02019429273 2
0 0.655 0.265 -0.02206631578 2
0 0.655 0.275 -0.02395102015 2
0 0.655 0.285 -0.02585607155 2
0 0.655 0.295 -0.02778821374 2
0 0.655 0.305 -0.02975534075 2
0 0.655 0.315 -0.03176426322 2
0 0.655 0.325 -0.03383042189 2
0 0.655 0.335 -0.03595015947 2
0 0.655 0.345 -0.03818769912 2
0 0.655 0.355 -0.04040830516 2
0 0.655 0.365 -0.04310020086 2
0 0.655 0.375 -0.04484708524 2
0 0.655 0.385 -0.05009156768 2
0 0.655 0.395 -0.04533191821 2
0 0.655 0.405 -0.03061779616 2
0 0.655 0.415 -0.0121652945 2
0 0.655 0.425 0 2
0 0.655 0.435 0 2
0 0.655 0.445 0 2
0 0.655 0.455 0 2
0 0.655 0.465 0 2
0 0.665 -0.455 0 2
0 0.665 -0.445 0 2
0 0.665 -0.435 0 2
0 0.665 -0.425 0 2
0 0.665 -0.415 -0.01167132313 2
0 0.665 -0.405 -0.02935776662 2
0 0.665 -0.395 -0.04356965694 2
0 0.665 -0.385 -0.04824498191 2
0 0.665 -0.375 -0.04338775021 2
0 0.665 -0.365 -0.04184132672 2
0 0.665 -0.355 -0.03937718853 2
0 0.665 -0.345 -0.03733923198 2
0 0.665 -0.335 -0.03526141308 2
0 0.665 -0.325 -0.03327176805 2
0 0.665 -0.315 -0.03131175033 2
0 0.665 -0.305 -0.02939039189 2
0 0.665 -0.295 -0.02750158954 2
0 0.665 -0.285 -0.02564987156 2
0 0.665 -0.275 -0.02384036724 2
0 0.665 -0.265 -0.02207978394 2
0 0.665 -0.255 -0.02037404881 2
0 0.665 -0.245 -0.01872727379 2
0 0.665 -0.235 -0.01714088098 2
0 0.665 -0.225 -0.01561325698 2
0 0.665 -0.215 -0.01413967861 2
0 0.665 -0.205 -0.01271257505 2
0 0.665 -0.195 -0.01132212048 2
0 0.665 -0.185 -0.009957230017 2
0 0.665 -0.175 -0.008607014955 2
0 0.665 -0.165 -0.007262312811 2
0 0.665 -0.155 -0.005917455101 2
0 0.665 -0.145 -0.004571466214 2
0 0.665 -0.135 -0.003228980312 2
0 0.665 -0.125 -0.001900174245 2
0 0.665 -0.115 -0.0006001811534 2
0 0.665 -0.105 0.0006525097368 2
0 0.665 -0.095 0.001837643777 2
0 0.665 -0.085 0.002935338672 2
0 0.665 -0.075 0.003927647053 2
0 0.665 -0.065 0.00479990061 2
0 0.665 -0.055 0.005541362465 2
0 0.665 -0.045 0.00614538914 2
0 0.665 -0.035 0.006609206835 2
0 0.665 -0.025 0.006933778236 2
0 0.665 -0.015 0.00712342317 2
0 0.665 -0.005 0.007186725939 2
0 0.665 0.005 0.007134059027 2
0 0.665 0.015 0.006983286427 2
0 0.665 0.025 0.006741717845 2
0 0.665 0.035 0.006430120755 2
0 0.665 0.045 0.006052038676 2
0 0.665 0.055 0.005387410372 2
0 0.665 0.065 0.004224635524 2
0 0.665 0.075 0.00218084065 2
0 0.665 0.085 0.0003697575761 1
0 0.665 0.095 -0.0008955376838 1
0 0.665 0.105 -0.001385058677 1
0 0.665 0.115 -0.001357096297 1
0 0.665 0.125 -0.001601524117 1
0 0.665 0.135 -0.001835898181 1
0 0.665 0.145 -0.001809435814 1
0 0.665 0.155 -0.001606492263 1
0 0.665 0.165 -0.002098137306 2
0 0.665 0.175 -0.003487982882 2
0 0.665 0.185 -0.005772697329 2
0 0.665 0.195 -0.008192916705 2
0 0.665 0.205 -0.01054775243 2
0 0.665 0.215 -0.01265751273 2
0 0.665 0.225 -0.01467854176 2
0 0.665 0.235 -0.01663068829 2
0 0.665 0.245 -0.01854805818 2
0 0.665 0.255 -0.02044589005 2
0 0.665 0.265 -0.0223361844 2
0 0.665 0.275 -0.02422669973 2
0 0.665 0.285 -0.02612379162 2
0 0.665 0.295 -0.0280330301 2
0 0.665 0.305 -0.02996118057 2
0 0.665 0.315 -0.03191404298 2
0 0.665 0.325 -0.0339059296 2
0 0.665 0.335 -0.03593276136 2
0 0.665 0.345 -0.03805667265 2
0 0.665 0.355 -0.04014667394 2
0 0.665 0.365 -0.04267761645 2
0 0.665 0.375 -0.04427321429 2
0 0.665 0.385 -0.04925371767 2
0 0.665 0.395 -0.04448891404 2
0 0.665 0.405 -0.02998444351 2
0 0.665 0.415 -0.0119184441 2
0 0.665 0.425 0 2
0 0.665 0.435 0 2
0 0.665 0.445 0 2
0 0.665 0.455 0 2
0 0.665 0.465 0 2
0 0.675 -0.455 0 2
0 0.675 -0.445 0 2
0 0.675 -0.435 0 2
0 0.675 -0.425 0 2
0 0.675 -0.415 -0.01136506991 2
0 0.675 -0.405 -0.02857477834 2
0 0.675 -0.395 -0.04251153645 2
0 0.675 -0.385 -0.04717770273 2
0 0.675 -0.375 -0.04262425349 2
0 0.675 -0.365 -0.04125195882 2
0 0.675 -0.355 -0.03897817137 2
0 0.675 -0.345 -0.03709897246 2
0 0.675 -0.335 -0.03516365186 2
0 0.675 -0.325 -0.03329452156 2
0 0.675 -0.315 -0.0314335255 2
0 0.675 -0.305 -0.0295876069 2
0 0.675 -0.295 -0.02774914647 2
0 0.675 -0.285 -0.02592143257 2
0 0.675 -0.275 -0.02410941346 2
0 0.675 -0.265 -0.022321283 2
0 0.675 -0.255 -0.020566218 2
0 0.675 -0.245 -0.01885317259 2
0 0.675 -0.235 -0.01718922219 2
0 0.675 -0.225 -0.01557814544 2
0 0.675 -0.215 -0.01401928378 2
0 0.675 -0.205 -0.0125072821 2
0 0.675 -0.195 -0.01103256678 2
0 0.675 -0.185 -0.009583306908 2
0 0.675 -0.175 -0.008147732548 2
0 0.675 -0.165 -0.006716858882 2
0 0.675 -0.155 -0.005286584946 2
0 0.675 -0.145 -0.00385871133 2
0 0.675 -0.135 -0.002440932309 2
0 0.675 -0.125 -0.001045711633 2
0 0.675 -0.115 0.000311132393 2
0 0.675 -0.105 0.00161217851 2
0 0.675 -0.095 0.002839728436 2
0 0.675 -0.085 0.003977087661 2
0 0.675 -0.075 0.005009448179 2
0 0.675 -0.065 0.005924664423 2
0 0.675 -0.055 0.006713755002 2
0 0.675 -0.045 0.00737124199 2
0 0.675 -0.035 0.007895287946 2
0 0.675 -0.025 0.008288020002 2
0 0.675 -0.015 0.008555375678 2
0 0.675 -0.005 0.008708837514 2
0 0.675 0.005 0.008761899903 2
0 0.675 0.015 0.008742315509 2
0 0.675 0.025 0.008657304097 2
0 0.675 0.035 0.008585423713 2
0 0.675 0.045 0.008431360324 2
0 0.675 0.055 0.007844856088 2
0 0.675 0.065 0.00646465204 2
0 0.675 0.075 0.004073237274 2
0 0.675 0.085 0.001995024837 1
0 0.675 0.095 0.0003835018022 1
0 0.675 0.105 -0.0002287553187 1
0 0.675 0.115 -0.0004422105574 1
0 0.675 0.125 -0.0009215667085 1
0 0.675 0.135 -0.001440668623 1
0 0.675 0.145 -0.001676567837 1
0 0.675 0.155 -0.001779717223 1
0 0.675 0.165 -0.002457326193 2
0 0.675 0.175 -0.003955277934 2
0 0.675 0.185 -0.006171485369 2
0 0.675 0.195 -0.008499115453 2
0 0.675 0.205 -0.0107477945 2
0 0.675 0.215 -0.01284590068 2
0 0.675 0.225 -0.01487540943 2
0 0.675 0.235 -0.01685003452 2
0 0.675 0.245 -0.01879161368 2
0 0.675 0.255 -0.02071003883 2
0 0.675 0.265 -0.02261298396 2
0 0.675 0.275 -0.02450516932 2
0 0.675 0.285 -0.02639045985 2
0 0.675 0.295 -0.02827233274 2
0 0.675 0.305 -0.03015568319 2
0 0.675 0.315 -0.03204471855 2
0 0.675 0.325 -0.03395214132 2
0 0.675 0.335 -0.03587319375 2
0 0.675 0.345 -0.03786748365 2
0 0.675 0.355 -0.03980837654 2
0 0.675 0.365 -0.04215520744 2
0 0.675 0.375 -0.04357840639 2
0 0.675 0.385 -0.04825584467 2
0 0.675 0.395 -0.04349026043 2
0 0.675 0.405 -0.02923795682 2
0 0.675 0.415 -0.01162717741 2
0 0.675 0.425 0 2
0 0.675 0.435 0 2
0 0.675 0.445 0 2
0 0.675 0.455 0 2
0 0.675 0.465 0 2
0 0.685 -0.455 0 2
0 0.685 -0.445 0 2
0 0.685 -0.435 0 2
0 0.685 -0.425 0 2
0 0.685 -0.415 -0.01101891924 2
0 0.685 -0.405 -0.0276900997 2
0 0.685 -0.395 -0.04131574456 2
0 0.685 -0.385 -0.0459718406 2
0 0.685 -0.375 -0.04176196924 2
0 0.685 -0.365 -0.04058711554 2
0 0.685 -0.355 -0.03852885078 2
0 0.685 -0.345 -0.03682872022 2
0 0.685 -0.335 -0.03505267406 2
0 0.685 -0.325 -0.0333159816 2
0 0.685 -0.315 -0.03156076603 2
0 0.685 -0.305 -0.02979173446 2
0 0.685 -0.295 -0.02800015275 2
0 0.685 -0.285 -0.02618899349 2
0 0.685 -0.275 -0.0243643033 2
0 0.685 -0.265 -0.0225372579 2
0 0.685 -0.255 -0.02072182715 2
0 0.685 -0.245 -0.01893333436 2
0 0.685 -0.235 -0.01718598363 2
0 0.685 -0.225 -0.01549016848 2
0 0.685 -0.215 -0.01384984209 2
0 0.685 -0.205 -0.01226146827 2
0 0.685 -0.195 -0.0107138092 2
0 0.685 -0.185 -0.0091915416 2
0 0.685 -0.175 -0.007678948605 2
0 0.685 -0.165 -0.006164891396 2
0 0.685 -0.155 -0.004645855562 2
0 0.685 -0.145 -0.003126688011 2
0 0.685 -0.135 -0.001619376949 2
0 0.685 -0.125 -0.000140212452 2
0 0.685 -0.115 0.001292620231 2
0 0.685 -0.105 0.002661358879 2
0 0.685 -0.095 0.003949556916 2
0 0.685 -0.085 0.005142695624 2
0 0.685 -0.075 0.00622832651 2
0 0.685 -0.065 0.007196332277 2
0 0.685 -0.055 0.008039231133 2
0 0.685 -0.045 0.008752601453 2
0 0.685 -0.035 0.009335421016 2
0 0.685 -0.025 0.009790717143 2
0 0.685 -0.015 0.0101256096 2
0 0.685 -0.005 0.01035395268 2
0 0.685 0.005 0.01049199314 2
0 0.685 0.015 0.01057810716 2
0 0.685 0.025 0.01062048582 2
0 0.685 0.035 0.01078116743 2
0 0.685 0.045 0.010838188 2
0 0.685 0.055 0.01020059355 2
0 0.685 0.065 0.008314325483 2
0 0.685 0.075 0.005516982707 1
0 0.685 0.085 0.002986285952 1
0 0.685 0.095 0.001407210755 1
0 0.685 0.105 0.0007429358586 1
0 0.685 0.115 0.000320818824 1
0 0.685 0.125 -0.0003358084941 1
0 0.685 0.135 -0.001086905629 1
0 0.685 0.145 -0.001583197034 1
0 0.685 0.155 -0.002159055529 1
0 0.685 0.165 -0.00300113101 2
0 0.685 0.175 -0.004679803618 2
0 0.685 0.185 -0.006799520539 2
0 0.685 0.195 -0.00896074759 2
0 0.685 0.205 -0.01105477219 2
0 0.685 0.215 -0.01310580482 2
0 0.685 0.225 -0.01512078687 2
0 0.685 0.235 -0.01710355825 2
0 0.685 0.245 -0.01906074277 2
0 0.685 0.255 -0.02099484794 2
0 0.685 0.265 -0.02290766301 2
0 0.685 0.275 -0.02479968535 2
0 0.685 0.285 -0.02667132116 2
0 0.685 0.295 -0.02852314166 2
0 0.685 0.305 -0.03035746782 2
0 0.685 0.315 -0.03217631984 2
0 0.685 0.325 -0.03399026749 2
0 0.685 0.335 -0.03579355822 2
0 0.685 0.345 -0.03764280792 2
0 0.685 0.355 -0.03941628383 2
0 0.685 0.365 -0.04155584931 2
0 0.685 0.375 -0.04278494171 2
0 0.685 0.385 -0.04712067633 2
0 0.685 0.395 -0.0423555575 2
0 0.685 0.405 -0.02839093562 2
0 0.685 0.415 -0.01129652004 2
0 0.685 0.425 0 2
0 0.685 0.435 0 2
0 0.685 0.445 0 2
0 0.685 0.455 0 2
0 0.685 0.465 0 2
0 0.695 -0.455 0 2
0 0.695 -0.445 0 2
0 0.695 -0.435 0 2
0 0.695 -0.425 0 2
0 0.695 -0.415 -0.01063765705 2
0 0.695 -0.405 -0.02671561901 2
0 0.695 -0.395 -0.04000083084 2
0 0.695 -0.385 -0.04464877953 2
0 0.695 -0.375 -0.04082181833 2
0 0.695 -0.365 -0.03986835492 2
0 0.695 -0.355 -0.03805131456 2
0 0.695 -0.345 -0.03655162089 2
0 0.695 -0.335 -0.03495314968 2
0 0.695 -0.325 -0.03336280794 2
0 0.695 -0.315 -0.03172218853 2
0 0.695 -0.305 -0.03003317288 2
0 0.695 -0.295 -0.02828558287 2
0 0.695 -0.285 -0.02648255274 2
0 0.695 -0.275 -0.02463211464 2
0 0.695 -0.265 -0.02274974566 2
0 0.695 -0.255 -0.02085572845 2
0 0.695 -0.245 -0.0189740444 2
0 0.695 -0.235 -0.01712914448 2
0 0.695 -0.225 -0.01534159366 2
0 0.695 -0.215 -0.01362247156 2
0 0.695 -0.205 -0.01197036169 2
0 0.695 -0.195 -0.01036849234 2
0 0.695 -0.185 -0.008792427203 2
0 0.695 -0.175 -0.007215843894 2
0 0.695 -0.165 -0.005621275517 2
0 0.695 -0.155 -0.004005184199 2
0 0.695 -0.145 -0.00237801416 2
0 0.695 -0.135 -0.0007604320558 2
0 0.695 -0.125 0.0008239452672 2
0 0.695 -0.115 0.002352439134 2
0 0.695 -0.105 0.003806457444 2
0 0.695 -0.095 0.005170856593 2
0 0.695 -0.085 0.006433311654 2
0 0.695 -0.075 0.007583360534 2
0 0.695 -0.065 0.008612538981 2
0 0.695 -0.055 0.009514484928 2
0 0.695 -0.045 0.01028546125 2
0 0.695 -0.035 0.01092484264 2
0 0.695 -0.025 0.0114359905 2
0 0.695 -0.015 0.0118264038 2
0 0.695 -0.005 0.01211105305 2
0 0.695 0.005 0.01230718317 2
0 0.695 0.015 0.01245998149 2
0 0.695 0.025 0.01257253867 2
0 0.695 0.035 0.01286692322 2
0 0.695 0.045 0.01294963471 2
0 0.695 0.055 0.01213101051 2
0 0.695 0.065 0.009856194817 2
0 0.695 0.075 0.006821459638 1
0 0.695 0.085 0.003964236344 1
0 0.695 0.095 0.002371870442 1
0 0.695 0.105 0.00161560046 1
0 0.695 0.115 0.001047116368 1
0 0.695 0.125 0.0001205529748 1
0 0.695 0.135 -0.0008556883395 1
0 0.695 0.145 -0.001623761229 1
0 0.695 0.155 -0.002676593655 2
0 0.695 0.165 -0.003804908496 2
0 0.695 0.175 -0.005604256938 2
0 0.695 0.185 -0.007525241212 2
0 0.695 0.195 -0.009467584094 2
0 0.695 0.205 -0.0114100752 2
0 0.695 0.215 -0.0134033333 2
0 0.695 0.225 -0.01539789816 2
0 0.695 0.235 -0.0173849923 2
0 0.695 0.245 -0.01935634935 2
0 0.695 0.255 -0.02130633816 2
0 0.695 0.265 -0.02323017257 2
0 0.695 0.275 -0.02512340915 2
0 0.695 0.285 -0.02698229883 2
0 0.695 0.295 -0.02880383039 2
0 0.695 0.305 -0.03058709425 2
0 0.695 0.315 -0.03233131157 2
0 0.695 0.325 -0.03404433969 2
0 0.695 0.335 -0.03571903522 2
0 0.695 0.345 -0.03740851057 2
0 0.695 0.355 -0.03899641 2
0 0.695 0.365 -0.04090538091 2
0 0.695 0.375 -0.04191776099 2
0 0.695 0.385 -0.04587335011 2
0 0.695 0.395 -0.04110632477 2
0 0.695 0.405 -0.02745713025 2
0 0.695 0.415 -0.01093195222 2
0 0.695 0.425 0 2
0 0.695 0.435 0 2
0 0.695 0.445 0 2
0 0.695 0.455 0 2
0 0.695 0.465 0 2
0 0.705 -0.455 0 2
0 0.705 -0.445 0 2
0 0.705 -0.435 0 2
0 0.705 -0.425 0 2
0 0.705 -0.415 -0.01022650184 2
0 0.705 -0.405 -0.02566427148 2
0 0.705 -0.395 -0.03858720897 2
0 0.705 -0.385 -0.04323223013 2
0 0.705 -0.375 -0.03982726428 2
0 0.705 -0.365 -0.03911983552 2
0 0.705 -0.355 -0.03757019945 2
0 0.705 -0.345 -0.03629340059 2
0 0.705 -0.335 -0.03489255596 2
0 0.705 -0.325 -0.0334649689 2
0 0.705 -0.315 -0.03195022523 2
0 0.705 -0.305 -0.0303462322 2
0 0.705 -0.295 -0.02863994843 2
0 0.705 -0.285 -0.02683509246 2
0 0.705 -0.275 -0.02494206063 2
0 0.705 -0.265 -0.02298204408 2
0 0.705 -0.255 -0.02098355065 2
0 0.705 -0.245 -0.01898267901 2
0 0.705 -0.235 -0.01701808489 2
0 0.705 -0.225 -0.01512505002 2
0 0.705 -0.215 -0.01332589758 2
0 0.705 -0.205 -0.01162306027 2
0 0.705 -0.195 -0.009988827696 2
0 0.705 -0.185 -0.008382332508 2
0 0.705 -0.175 -0.006756653779 2
0 0.705 -0.165 -0.005083048783 2
0 0.705 -0.155 -0.003358816371 2
0 0.705 -0.145 -0.001603890876 2
0 0.705 -0.135 0.0001463561245 2
0 0.705 -0.125 0.001857759585 2
0 0.705 -0.115 0.003501008031 2
0 0.705 -0.105 0.005056100513 2
0 0.705 -0.095 0.006509770109 2
0 0.705 -0.085 0.007852788479 2
0 0.705 -0.075 0.009076752438 2
0 0.705 -0.065 0.01017442457 2
0 0.705 -0.055 0.01114005694 2
0 0.705 -0.045 0.01197005462 2
0 0.705 -0.035 0.0126635826 2
0 0.705 -0.025 0.01322357704 2
0 0.705 -0.015 0.0136568744 2
0 0.705 -0.005 0.01397794083 2
0 0.705 0.005 0.0142029554 2
0 0.705 0.015 0.01437893618 2
0 0.705 0.025 0.01450202031 2
0 0.705 0.035 0.01482666467 2
0 0.705 0.045 0.01484447769 2
0 0.705 0.055 0.01384722845 2
0 0.705 0.065 0.01132800513 2
0 0.705 0.075 0.008046813791 1
0 0.705 0.085 0.005104429903 1
0 0.705 0.095 0.003403524186 1
0 0.705 0.105 0.002467552512 1
0 0.705 0.115 0.001627198081 1
0 0.705 0.125 0.0003602088821 1
0 0.705 0.135 -0.0008726662615 1
0 0.705 0.145 -0.002032094596 1
0 0.705 0.155 -0.003263911417 2
0 0.705 0.165 -0.004627077473 2
0 0.705 0.175 -0.00638413955 2
0 0.705 0.185 -0.008103124277 2
0 0.705 0.195 -0.00989144318 2
0 0.705 0.205 -0.01174429033 2
0 0.705 0.215 -0.013699666 2
0 0.705 0.225 -0.01568647558 2
0 0.705 0.235 -0.01768570299 2
0 0.705 0.245 -0.01967786728 2
0 0.705 0.255 -0.02164987852 2
0 0.705 0.265 -0.02359057813 2
0 0.705 0.275 -0.02549034895 2
0 0.705 0.285 -0.02734087076 2
0 0.705 0.295 -0.0291350113 2
0 0.705 0.305 -0.03086801136 2
0 0.705 0.315 -0.03253563912 2
0 0.705 0.325 -0.03414236103 2
0 0.705 0.335 -0.03567911274 2
0 0.705 0.345 -0.03719488759 2
0 0.705 0.355 -0.03857907441 2
0 0.705 0.365 -0.04023357074 2
0 0.705 0.375 -0.04100516034 2
0 0.705 0.385 -0.04454173218 2
0 0.705 0.395 -0.03976607057 2
0 0.705 0.405 -0.02645137714 2
0 0.705 0.415 -0.01053937338 2
0 0.705 0.425 0 2
0 0.705 0.435 0 2
0 0.705 0.445 0 2
0 0.705 0.455 0 2
0 0.705 0.465 0 2
0 0.715 -0.455 0 2
0 0.715 -0.445 0 2
0 0.715 -0.435 0 2
0 0.715 -0.425 0 2
0 0.715 -0.415 -0.009790946075 2
0 0.715 -0.405 -0.02454953658 2
0 0.715 -0.395 -0.03709640814 2
0 0.715 -0.385 -0.04174717504 2
0 0.715 -0.375 -0.03880305177 2
0 0.715 -0.365 -0.03836708286 2
0 0.715 -0.355 -0.03711223688 2
0 0.715 -0.345 -0.03608376967 2
0 0.715 -0.335 -0.03490526721 2
0 0.715 -0.325 -0.03366318728 2
0 0.715 -0.315 -0.03229145493 2
0 0.715 -0.305 -0.03078187075 2
0 0.715 -0.295 -0.02911415247 2
0 0.715 -0.285 -0.02729333991 2
0 0.715 -0.275 -0.02533205958 2
0 0.715 -0.265 -0.02326198216 2
0 0.715 -0.255 -0.02112359942 2
0 0.715 -0.245 -0.01895654015 2
0 0.715 -0.235 -0.01681892893 2
0 0.715 -0.225 -0.01477897591 2
0 0.715 -0.215 -0.01288696699 2
0 0.715 -0.205 -0.01117682428 2
0 0.715 -0.195 -0.009593510664 2
0 0.715 -0.185 -0.008047058667 2
0 0.715 -0.175 -0.006426937975 2
0 0.715 -0.165 -0.004669008352 2
0 0.715 -0.155 -0.00278293234 2
0 0.715 -0.145 -0.0008326419819 2
0 0.715 -0.135 0.001106745045 2
0 0.715 -0.125 0.002979316749 2
0 0.715 -0.115 0.004752006043 2
0 0.715 -0.105 0.006420067703 2
0 0.715 -0.095 0.007973032768 2
0 0.715 -0.085 0.009405607597 2
0 0.715 -0.075 0.01071163826 2
0 0.715 -0.065 0.01188442009 2
0 0.715 -0.055 0.0129181328 2
0 0.715 -0.045 0.01380868424 2
0 0.715 -0.035 0.01455432048 2
0 0.715 -0.025 0.01515672745 2
0 0.715 -0.015 0.01562089649 2
0 0.715 -0.005 0.01595896052 2
0 0.715 0.005 0.01618365507 2
0 0.715 0.015 0.01633702399 2
0 0.715 0.025 0.01640665762 2
0 0.715 0.035 0.01662421944 2
0 0.715 0.045 0.01649035548 2
0 0.715 0.055 0.01532129363 2
0 0.715 0.065 0.01275376313 2
0 0.715 0.075 0.00937259221 1
0 0.715 0.085 0.006372832881 1
0 0.715 0.095 0.004359184901 1
0 0.715 0.105 0.003060116566 1
0 0.715 0.115 0.001808868056 1
0 0.715 0.125 0.0003057974378 1
0 0.715 0.135 -0.001085378847 1
0 0.715 0.145 -0.002429837048 2
0 0.715 0.155 -0.003782747567 2
0 0.715 0.165 -0.005325695745 2
0 0.715 0.175 -0.006928409485 2
0 0.715 0.185 -0.008488552868 2
0 0.715 0.195 -0.01018292041 2
0 0.715 0.205 -0.0120139813 2
0 0.715 0.215 -0.01396530845 2
0 0.715 0.225 -0.01596875878 2
0 0.715 0.235 -0.01799717135 2
0 0.715 0.245 -0.02002397566 2
0 0.715 0.255 -0.02202990482 2
0 0.715 0.265 -0.02399815172 2
0 0.715 0.275 -0.02591403758 2
0 0.715 0.285 -0.02776447508 2
0 0.715 0.295 -0.02953778141 2
0 0.715 0.305 -0.03122474193 2
0 0.715 0.315 -0.03281694122 2
0 0.715 0.325 -0.03431461931 2
0 0.715 0.335 -0.03570604581 2
0 0.715 0.345 -0.03703527186 2
0 0.715 0.355 -0.03819761314 2
0 0.715 0.365 -0.03957284165 2
0 0.715 0.375 -0.04007748157 2
0 0.715 0.385 -0.0431549764 2
0 0.715 0.395 -0.03835899028 2
0 0.715 0.405 -0.02538870352 2
0 0.715 0.415 -0.01012475928 2
0 0.715 0.425 0 2
0 0.715 0.435 0 2
0 0.715 0.445 0 2
0 0.715 0.455 0 2
0 0.715 0.465 0 2
0 0.725 -0.455 0 2
0 0.725 -0.445 0 2
0 0.725 -0.435 0 2
0 0.725 -0.425 0 2
0 0.725 -0.415 -0.009337328693 2
0 0.725 -0.405 -0.02338701871 2
0 0.725 -0.395 -0.03555428398 2
0 0.725 -0.385 -0.04022455437 2
0 0.725 -0.375 -0.03778093797 2
0 0.725 -0.365 -0.03764162387 2
0 0.725 -0.355 -0.03670652019 2
0 0.725 -0.345 -0.03594867265 2
0 0.725 -0.335 -0.03501527792 2
0 0.725 -0.325 -0.03398368136 2
0 0.725 -0.315 -0.03277555974 2
0 0.725 -0.305 -0.03137438172 2
0 0.725 -0.295 -0.02974321719 2
0 0.725 -0.285 -0.0278929671 2
0 0.725 -0.275 -0.02583663951 2
0 0.725 -0.265 -0.02362426304 2
0 0.725 -0.255 -0.02129839742 2
0 0.725 -0.245 -0.0189076715 2
0 0.725 -0.235 -0.01655175712 2
0 0.725 -0.225 -0.01434064376 2
0 0.725 -0.215 -0.01234647734 2
0 0.725 -0.205 -0.01063760308 2
0 0.725 -0.195 -0.00911306744 2
0 0.725 -0.185 -0.007627483465 2
0 0.725 -0.175 -0.006027458623 2
0 0.725 -0.165 -0.004195081898 2
0 0.725 -0.155 -0.002152052668 2
0 0.725 -0.145 -1.585442555e-06 2
0 0.725 -0.135 0.00214865143 2
0 0.725 -0.125 0.004208634577 2
0 0.725 -0.115 0.006125317241 2
0 0.725 -0.105 0.007910408896 2
0 0.725 -0.095 0.009569439327 2
0 0.725 -0.085 0.01109971357 2
0 0.725 -0.075 0.0124961164 2
0 0.725 -0.065 0.0137511618 2
0 0.725 -0.055 0.0148580709 2
0 0.725 -0.045 0.01581180031 2
0 0.725 -0.035 0.01660901966 2
0 0.725 -0.025 0.01724941164 2
0 0.725 -0.015 0.01773490716 2
0 0.725 -0.005 0.0180738054 2
0 0.725 0.005 0.01827370979 2
0 0.725 0.015 0.01836700931 2
0 0.725 0.025 0.01833578498 2
0 0.725 0.035 0.01835662101 2
0 0.725 0.045 0.01802784874 2
0 0.725 0.055 0.01672268655 2
0 0.725 0.065 0.01416297227 2
0 0.725 0.075 0.01070186697 1
0 0.725 0.085 0.007646140795 1
0 0.725 0.095 0.005262216954 1
0 0.725 0.105 0.003495265914 1
0 0.725 0.115 0.001845300772 1
0 0.725 0.125 0.000304986657 1
0 0.725 0.135 -0.001220540996 2
0 0.725 0.145 -0.002692770726 2
0 0.725 0.155 -0.004121729209 2
0 0.725 0.165 -0.005586790754 2
0 0.725 0.175 -0.007046257904 2
0 0.725 0.185 -0.008595212525 2
0 0.725 0.195 -0.01030937853 2
0 0.725 0.205 -0.01218984294 2
0 0.725 0.215 -0.0141810257 2
0 0.725 0.225 -0.01623378149 2
0 0.725 0.235 -0.01831592764 2
0 0.725 0.245 -0.02039765124 2
0 0.725 0.255 -0.02245508991 2
0 0.725 0.265 -0.02446675024 2
0 0.725 0.275 -0.02641320375 2
0 0.725 0.285 -0.02827653631 2
0 0.725 0.295 -0.03004014739 2
0 0.725 0.305 -0.03168973641 2
0 0.725 0.315 -0.03321184487 2
0 0.725 0.325 -0.03460139224 2
0 0.725 0.335 -0.03584285615 2
0 0.725 0.345 -0.03697406943 2
0 0.725 0.355 -0.03789606463 2
0 0.725 0.365 -0.03896508321 2
0 0.725 0.375 -0.03917264041 2
0 0.725 0.385 -0.04174725865 2
0 0.725 0.395 -0.0369121681 2
0 0.725 0.405 -0.02428523319 2
0 0.725 0.415 -0.009694448304 2
0 0.725 0.425 0 2
0 0.725 0.435 0 2
0 0.725 0.445 0 2
0 0.725 0.455 0 2
0 0.725 0.465 0 2
0 0.735 -0.455 0 2
0 0.735 -0.445 0 2
0 0.735 -0.435 0 2
0 0.735 -0.425 0 2
0 0.735 -0.415 -0.00887110145 2
0 0.735 -0.405 -0.02218971118 2
0 0.735 -0.395 -0.0339828993 2
0 0.735 -0.385 -0.03869004636 2
0 0.735 -0.375 -0.03678523563 2
0 0.735 -0.365 -0.03696430882 2
0 0.735 -0.355 -0.03637155994 2
0 0.735 -0.345 -0.03591589176 2
0 0.735 -0.335 -0.03527230902 2
0 0.735 -0.325 -0.03451593323 2
0 0.735 -0.315 -0.03352893723 2
0 0.735 -0.305 -0.03228378076 2
0 0.735 -0.295 -0.03068240963 2
0 0.735 -0.285 -0.0287548266 2
0 0.735 -0.275 -0.02651844452 2
0 0.735 -0.265 -0.02408685079 2
0 0.735 -0.255 -0.02150836519 2
0 0.735 -0.245 -0.01886612901 2
0 0.735 -0.235 -0.01627817571 2
0 0.735 -0.225 -0.01388230493 2
0 0.735 -0.215 -0.01177938488 2
0 0.735 -0.205 -0.009985238293 2
0 0.735 -0.195 -0.008408547278 2
0 0.735 -0.185 -0.00690427653 2
0 0.735 -0.175 -0.005285324675 2
0 0.735 -0.165 -0.003415227631 2
0 0.735 -0.155 -0.001286680738 2
0 0.735 -0.145 0.001018660649 2
0 0.735 -0.135 0.003351358003 2
0 0.735 -0.125 0.005580329536 2
0 0.735 -0.115 0.007635809042 2
0 0.735 -0.105 0.009532448682 2
0 0.735 -0.095 0.01129973403 2
0 0.735 -0.085 0.01293431601 2
0 0.735 -0.075 0.01442866168 2
0 0.735 -0.065 0.01577286132 2
0 0.735 -0.055 0.01695802037 2
0 0.735 -0.045 0.01797803746 2
0 0.735 -0.035 0.01882743386 2
0 0.735 -0.025 0.01950350856 2
0 0.735 -0.015 0.02000377771 2
0 0.735 -0.005 0.02033189133 2
0 0.735 0.005 0.02048905915 2
0 0.735 0.015 0.02049556705 2
0 0.735 0.025 0.02032970162 2
0 0.735 0.035 0.02009586221 2
0 0.735 0.045 0.01951618018 2
0 0.735 0.055 0.01813473066 2
0 0.735 0.065 0.01574190894 2
0 0.735 0.075 0.01237877101 2
0 0.735 0.085 0.009128320966 1
0 0.735 0.095 0.006318684769 1
0 0.735 0.105 0.004210428758 1
0 0.735 0.115 0.00241150101 2
0 0.735 0.125 0.0007160261041 2
0 0.735 0.135 -0.0009396794878 2
0 0.735 0.145 -0.002477653563 2
0 0.735 0.155 -0.003926023662 2
0 0.735 0.165 -0.005337236961 2
0 0.735 0.175 -0.006815750348 2
0 0.735 0.185 -0.008457509993 2
0 0.735 0.195 -0.01028073415 2
0 0.735 0.205 -0.01226011456 2
0 0.735 0.215 -0.01433485904 2
0 0.735 0.225 -0.0164710758 2
0 0.735 0.235 -0.0186347362 2
0 0.735 0.245 -0.02079520921 2
0 0.735 0.255 -0.02292541385 2
0 0.735 0.265 -0.02500006135 2
0 0.735 0.275 -0.02699534837 2
0 0.735 0.285 -0.02888855259 2
0 0.735 0.295 -0.03065784614 2
0 0.735 0.305 -0.03228320785 2
0 0.735 0.315 -0.03374517138 2
0 0.735 0.325 -0.03503196164 2
0 0.735 0.335 -0.03612267276 2
0 0.735 0.345 -0.03704697137 2
0 0.735 0.355 -0.03771076603 2
0 0.735 0.365 -0.03844491354 2
0 0.735 0.375 -0.03832130627 2
0 0.735 0.385 -0.04034483028 2
0 0.735 0.395 -0.03544553175 2
0 0.735 0.405 -0.02315208323 2
0 0.735 0.415 -0.009252900282 2
0 0.735 0.425 0 2
0 0.735 0.435 0 2
0 0.735 0.445 0 2
0 0.735 0.455 0 2
0 0.735 0.465 0 2
0 0.745 -0.455 0 2
0 0.745 -0.445 0 2
0 0.745 -0.435 0 2
0 0.745 -0.425 0 2
0 0.745 -0.415 -0.008401698408 2
0 0.745 -0.405 -0.02098214327 2
0 0.745 -0.395 -0.03242794502 2
0 0.745 -0.385 -0.03720491023 2
0 0.745 -0.375 -0.03588936558 2
0 0.745 -0.365 -0.03641125374 2
0 0.745 -0.355 -0.03617449657 2
0 0.745 -0.345 -0.03600893374 2
0 0.745 -0.335 -0.03563553197 2
0 0.745 -0.325 -0.03514527161 2
0 0.745 -0.315 -0.03437979999 2
0 0.745 -0.305 -0.03332120193 2
0 0.745 -0.295 -0.03177919149 2
0 0.745 -0.285 -0.02982324247 2
0 0.745 -0.275 -0.0274193587 2
0 0.745 -0.265 -0.02473750389 2
0 0.745 -0.255 -0.0218557376 2
0 0.745 -0.245 -0.01895185605 2
0 0.745 -0.235 -0.01614816318 2
0 0.745 -0.225 -0.01356768775 2
0 0.745 -0.215 -0.01126695768 2
0 0.745 -0.205 -0.009185446235 2
0 0.745 -0.195 -0.007390481342 2
0 0.745 -0.185 -0.005735761389 2
0 0.745 -0.175 -0.003981687602 2
0 0.745 -0.165 -0.002018464454 2
0 0.745 -0.155 0.0001492548305 2
0 0.745 -0.145 0.00247920273 2
0 0.745 -0.135 0.004843460041 2
0 0.745 -0.125 0.007139403284 2
0 0.745 -0.115 0.009288057755 2
0 0.745 -0.105 0.01129308094 2
0 0.745 -0.095 0.01318035345 2
0 0.745 -0.085 0.01493814448 2
0 0.745 -0.075 0.01654468177 2
0 0.745 -0.065 0.0179871969 2
0 0.745 -0.055 0.01925899137 2
0 0.745 -0.045 0.02035329811 2
0 0.745 -0.035 0.02126102644 2
0 0.745 -0.025 0.0219773752 2
0 0.745 -0.015 0.0224926329 2
0 0.745 -0.005 0.02280610022 2
0 0.745 0.005 0.02291104526 2
0 0.745 0.015 0.0228178732 2
0 0.745 0.025 0.02250395481 2
0 0.745 0.035 0.02201834894 2
0 0.745 0.045 0.02119938288 2
0 0.745 0.055 0.01973664447 2
0 0.745 0.065 0.0174364352 2
0 0.745 0.075 0.01430125907 2
0 0.745 0.085 0.01109187748 2
0 0.745 0.095 0.008199435626 2
0 0.745 0.105 0.005718409753 2
0 0.745 0.115 0.003638140763 2
0 0.745 0.125 0.001722869817 2
0 0.745 0.135 1.72617696e-05 2
0 0.745 0.145 -0.001578866595 2
0 0.745 0.155 -0.003117079134 2
0 0.745 0.165 -0.004661491464 2
0 0.745 0.175 -0.006316231029 2
0 0.745 0.185 -0.008137314606 2
0 0.745 0.195 -0.01012327197 2
0 0.745 0.205 -0.01223764259 2
0 0.745 0.215 -0.01443907072 2
0 0.745 0.225 -0.01669533308 2
0 0.745 0.235 -0.01897337163 2
0 0.745 0.245 -0.02124256472 2
0 0.745 0.255 -0.0234735656 2
0 0.745 0.265 -0.02563790301 2
0 0.745 0.275 -0.02770768908 2
0 0.745 0.285 -0.02965538654 2
0 0.745 0.295 -0.03145361949 2
0 0.745 0.305 -0.03307595715 2
0 0.745 0.315 -0.03449579527 2
0 0.745 0.325 -0.0356928782 2
0 0.745 0.335 -0.036638578 2
0 0.745 0.345 -0.03735084059 2
0 0.745 0.355 -0.03773776869 2
0 0.745 0.365 -0.03810095245 2
0 0.745 0.375 -0.03759873478 2
0 0.745 0.385 -0.03900479303 2
0 0.745 0.395 -0.03399768954 2
0 0.745 0.405 -0.02200831997 2
0 0.745 0.415 -0.008807153951 2
0 0.745 0.425 0 2
0 0.745 0.435 0 2
0 0.745 0.445 0 2
0 0.745 0.455 0 2
0 0.745 0.465 0 2
0 0.755 -0.455 0 2
0 0.755 -0.445 0 2
0 0.755 -0.435 0 2
0 0.755 -0.425 0 2
0 0.755 -0.415 -0.007925250165 2
0 0.755 -0.405 -0.01975222328 2
0 0.755 -0.395 -0.03087430761 2
0 0.755 -0.385 -0.03575069273 2
0 0.755 -0.375 -0.03506589695 2
0 0.755 -0.365 -0.03592783942 2
0 0.755 -0.355 -0.03601669253 2
0 0.755 -0.345 -0.03602640302 2
0 0.755 -0.335 -0.03576599248 2
0 0.755 -0.325 -0.03530252434 2
0 0.755 -0.315 -0.03460336475 2
0 0.755 -0.305 -0.033729428 2
0 0.755 -0.295 -0.03241768597 2
0 0.755 -0.285 -0.03064745153 2
0 0.755 -0.275 -0.02822328656 2
0 0.755 -0.265 -0.02538488371 2
0 0.755 -0.255 -0.02228281092 2
0 0.755 -0.245 -0.01915931124 2
0 0.755 -0.235 -0.0161469721 2
0 0.755 -0.225 -0.0132666986 2
0 0.755 -0.215 -0.01057198135 2
0 0.755 -0.205 -0.008158365149 1
0 0.755 -0.195 -0.006176896007 1
0 0.755 -0.185 -0.004364097132 1
0 0.755 -0.175 -0.002440658745 1
0 0.755 -0.165 -0.0002856697088 2
0 0.755 -0.155 0.002009899931 2
0 0.755 -0.145 0.004324941215 2
0 0.755 -0.135 0.006602657274 2
0 0.755 -0.125 0.008870203055 2
0 0.755 -0.115 0.01104918059 2
0 0.755 -0.105 0.01315426398 2
0 0.755 -0.095 0.01515884224 2
0 0.755 -0.085 0.01704836766 2
0 0.755 -0.075 0.01877427166 2
0 0.755 -0.065 0.0203175173 2
0 0.755 -0.055 0.0216766943 2
0 0.755 -0.045 0.02284678508 2
0 0.755 -0.035 0.02381242766 2
0 0.755 -0.025 0.02457064014 2
0 0.755 -0.015 0.02509882923 2
0 0.755 -0.005 0.02539650023 2
0 0.755 0.005 0.02544595369 2
0 0.755 0.015 0.02525446949 2
0 0.755 0.025 0.02479600379 2
0 0.755 0.035 0.024085208 2
0 0.755 0.045 0.02305077625 2
0 0.755 0.055 0.02153457682 2
0 0.755 0.065 0.01939716385 2
0 0.755 0.075 0.0165934335 2
0 0.755 0.085 0.01348921109 2
0 0.755 0.095 0.01054403845 2
0 0.755 0.105 0.00789903938 2
0 0.755 0.115 0.005634771754 2
0 0.755 0.125 0.00352979923 2
0 0.755 0.135 0.001645844835 2
0 0.755 0.145 -0.0001329377826 2
0 0.755 0.155 -0.001871317087 2
0 0.755 0.165 -0.00366919622 2
0 0.755 0.175 -0.005582464295 2
0 0.755 0.185 -0.00764064364 2
0 0.755 0.195 -0.009823905311 2
0 0.755 0.205 -0.01210628059 2
0 0.755 0.215 -0.0144631974 2
0 0.755 0.225 -0.01686539051 2
0 0.755 0.235 -0.01928217739 2
0 0.755 0.245 -0.02168302247 2
0 0.755 0.255 -0.02403698479 2
0 0.755 0.265 -0.02631288655 2
0 0.755 0.275 -0.02847910642 2
0 0.755 0.285 -0.03050345565 2
0 0.755 0.295 -0.03235294072 2
0 0.755 0.305 -0.03399432544 2
0 0.755 0.315 -0.03539301994 2
0 0.755 0.325 -0.03651866619 2
0 0.755 0.335 -0.03733248606 2
0 0.755 0.345 -0.03783606676 2
0 0.755 0.355 -0.03793583668 2
0 0.755 0.365 -0.0378974093 2
0 0.755 0.375 -0.03697188719 2
0 0.755 0.385 -0.03769137191 2
0 0.755 0.395 -0.03253642991 2
0 0.755 0.405 -0.02082991623 2
0 0.755 0.415 -0.00834866668 2
0 0.755 0.425 0 2
0 0.755 0.435 0 2
0 0.755 0.445 0 2
0 0.755 0.455 0 2
0 0.755 0.465 0 2
0 0.765 -0.455 0 2
0 0.765 -0.445 0 2
0 0.765 -0.435 0 2
0 0.765 -0.425 0 2
0 0.765 -0.415 -0.007469346951 2
0 0.765 -0.405 -0.01858099177 2
0 0.765 -0.395 -0.02949884846 2
0 0.765 -0.385 -0.03460724801 2
0 0.765 -0.375 -0.03469706978 2
0 0.765 -0.365 -0.03594816022 2
0 0.765 -0.355 -0.03629928759 2
0 0.765 -0.345 -0.03617327986 2
0 0.765 -0.335 -0.03562852792 2
0 0.765 -0.325 -0.03470240746 2
0 0.765 -0.315 -0.03385138864 2
0 0.765 -0.305 -0.03305195567 2
0 0.765 -0.295 -0.03211660842 2
0 0.765 -0.285 -0.030737935 2
0 0.765 -0.275 -0.02864841733 2
0 0.765 -0.265 -0.02597741996 2
0 0.765 -0.255 -0.02289553482 2
0 0.765 -0.245 -0.01964709407 2
0 0.765 -0.235 -0.01639263486 2
0 0.765 -0.225 -0.013154875 2
0 0.765 -0.215 -0.01017770832 1
0 0.765 -0.205 -0.00756614392 1
0 0.765 -0.195 -0.005237684769 1
0 0.765 -0.185 -0.003021908032 1
0 0.765 -0.175 -0.0007662631561 1
0 0.765 -0.165 0.001605776669 1
0 0.765 -0.155 0.004038996247 2
0 0.765 -0.145 0.006423380654 2
0 0.765 -0.135 0.008681591528 2
0 0.765 -0.125 0.01092489952 2
0 0.765 -0.115 0.01313759281 2
0 0.765 -0.105 0.01535725154 2
0 0.765 -0.095 0.01749059132 2
0 0.765 -0.085 0.01952278828 2
0 0.765 -0.075 0.02137785635 2
0 0.765 -0.065 0.02303732764 2
0 0.765 -0.055 0.02450446823 2
0 0.765 -0.045 0.02578744649 2
0 0.765 -0.035 0.02684571636 2
0 0.765 -0.025 0.02768938711 2
0 0.765 -0.015 0.02826069991 2
0 0.765 -0.005 0.0285697823 2
0 0.765 0.005 0.02856243538 2
0 0.765 0.015 0.02826779649 2
0 0.765 0.025 0.02764501313 2
0 0.765 0.035 0.02672646293 2
0 0.765 0.045 0.02546930038 2
0 0.765 0.055 0.02382340173 2
0 0.765 0.065 0.02173486709 2
0 0.765 0.075 0.01920290094 2
0 0.765 0.085 0.01636171807 2
0 0.765 0.095 0.01347010725 2
0 0.765 0.105 0.01069347479 2
0 0.765 0.115 0.008184532618 2
0 0.765 0.125 0.005875615116 2
0 0.765 0.135 0.003745710655 2
0 0.765 0.145 0.001679570071 2
0 0.765 0.155 -0.0003789557107 2
0 0.765 0.165 -0.002505602826 2
0 0.765 0.175 -0.004721561404 2
0 0.765 0.185 -0.007043383572 2
0 0.765 0.195 -0.009460162875 2
0 0.765 0.205 -0.01196116979 2
0 0.765 0.215 -0.01452513632 2
0 0.765 0.225 -0.0171260021 2
0 0.765 0.235 -0.01973476946 2
0 0.765 0.245 -0.02232045303 2
0 0.765 0.255 -0.02485044497 2
0 0.765 0.265 -0.02729076772 2
0 0.765 0.275 -0.02960597487 2
0 0.765 0.285 -0.03175902638 2
0 0.765 0.295 -0.03371092482 2
0 0.765 0.305 -0.03542091787 2
0 0.765 0.315 -0.0368451906 2
0 0.765 0.325 -0.03794105986 2
0 0.765 0.335 -0.03865598908 2
0 0.765 0.345 -0.03896789112 2
0 0.765 0.355 -0.03877305497 2
0 0.765 0.365 -0.03827252986 2
0 0.765 0.375 -0.03681241252 2
0 0.765 0.385 -0.03666399913 2
0 0.765 0.395 -0.03121792443 2
0 0.765 0.405 -0.0196822347 2
0 0.765 0.415 -0.007899019204 2
0 0.765 0.425 0 2
0 0.765 0.435 0 2
0 0.765 0.445 0 2
0 0.765 0.455 0 2
0 0.765 0.465 0 2
0 0.775 -0.455 0 2
0 0.775 -0.445 0 2
0 0.775 -0.435 0 2
0 0.775 -0.425 0 2
0 0.775 -0.415 -0.006943736518 2
0 0.775 -0.405 -0.01720645944 2
0 0.775 -0.395 -0.02786025551 2
0 0.775 -0.385 -0.03317167893 2
0 0.775 -0.375 -0.0340599934 2
0 0.775 -0.365 -0.03564860034 2
0 0.775 -0.355 -0.03608417673 2
0 0.775 -0.345 -0.03553012761 2
0 0.775 -0.335 -0.03428702806 2
0 0.775 -0.325 -0.03252576389 1
0 0.775 -0.315 -0.03137119538 1
0 0.775 -0.305 -0.03060766866 1
0 0.775 -0.295 -0.03010548954 2
0 0.775 -0.285 -0.02910666842 2
0 0.775 -0.275 -0.02761103216 2
0 0.775 -0.265 -0.02551420334 2
0 0.775 -0.255 -0.0228346778 2
0 0.775 -0.245 -0.01970697369 2
0 0.775 -0.235 -0.01629298979 2
0 0.775 -0.225 -0.01290463244 1
0 0.775 -0.215 -0.009887525885 1
0 0.775 -0.205 -0.007218471005 1
0 0.775 -0.195 -0.004596675028 1
0 0.775 -0.185 -0.00198032147 1
0 0.775 -0.175 0.0005844046141 1
0 0.775 -0.165 0.003115007529 1
0 0.775 -0.155 0.005624930133 2
0 0.775 -0.145 0.008017274693 2
0 0.775 -0.135 0.0102909104 2
0 0.775 -0.125 0.0125561783 2
0 0.775 -0.115 0.01488800133 2
0 0.775 -0.105 0.01723626742 2
0 0.775 -0.095 0.01950436805 2
0 0.775 -0.085 0.02163541196 2
0 0.775 -0.075 0.02359056716 2
0 0.775 -0.065 0.02535058882 2
0 0.775 -0.055 0.0268883676 2
0 0.775 -0.045 0.02823299158 2
0 0.775 -0.035 0.02930875522 2
0 0.775 -0.025 0.03018133326 2
0 0.775 -0.015 0.03072844644 2
0 0.775 -0.005 0.03102361923 2
0 0.775 0.005 0.03096230167 2
0 0.775 0.015 0.03062598075 2
0 0.775 0.025 0.02990448594 2
0 0.775 0.035 0.028896909 2
0 0.775 0.045 0.02752072129 2
0 0.775 0.055 0.02582150472 2
0 0.775 0.065 0.02376287235 2
0 0.775 0.075 0.02137600873 2
0 0.775 0.085 0.01872358508 2
0 0.775 0.095 0.01596325553 2
0 0.775 0.105 0.01322385486 2
0 0.775 0.115 0.01061338256 2
0 0.775 0.125 0.008132565024 2
0 0.775 0.135 0.005761621797 2
0 0.775 0.145 0.003427294083 2
0 0.775 0.155 0.001087296053 2
0 0.775 0.165 -0.00129916427 2
0 0.775 0.175 -0.003747646348 2
0 0.775 0.185 -0.006274886661 2
0 0.775 0.195 -0.008882399361 2
0 0.775 0.205 -0.01156131783 2
0 0.775 0.215 -0.01429377394 2
0 0.775 0.225 -0.01705645244 2
0 0.775 0.235 -0.01982161979 2
0 0.775 0.245 -0.02255825933 2
0 0.775 0.255 -0.02523277562 2
0 0.775 0.265 -0.02780930501 2
0 0.775 0.275 -0.03024968838 2
0 0.775 0.285 -0.03251327774 2
0 0.775 0.295 -0.03455641417 2
0 0.775 0.305 -0.03633221572 2
0 0.775 0.315 -0.03778897798 2
0 0.775 0.325 -0.03887273885 2
0 0.775 0.335 -0.03951760638 2
0 0.775 0.345 -0.03967597825 2
0 0.775 0.355 -0.03923081952 2
0 0.775 0.365 -0.03829407814 2
0 0.775 0.375 -0.03631774232 2
0 0.775 0.385 -0.03525831542 2
0 0.775 0.395 -0.02955793257 2
0 0.775 0.405 -0.01827630135 2
0 0.775 0.415 -0.007358708836 2
0 0.775 0.425 0 2
0 0.775 0.435 0 2
0 0.775 0.445 0 2
0 0.775 0.455 0 2
0 0.775 0.465 0 2
0 0.785 -0.455 0 2
0 0.785 -0.445 0 2
0 0.785 -0.435 0 2
0 0.785 -0.425 0 2
0 0.785 -0.415 -0.006386173716 2
0 0.785 -0.405 -0.01602121383 2
0 0.785 -0.395 -0.02733667465 2
0 0.785 -0.385 -0.03381672985 2
0 0.785 -0.375 -0.03647566535 2
0 0.785 -0.365 -0.0386034677 2
0 0.785 -0.355 -0.03906639412 2
0 0.785 -0.345 -0.03801777981 2
0 0.785 -0.335 -0.03576861564 1
0 0.785 -0.325 -0.03310503731 1
0 0.785 -0.315 -0.03113602789 1
0 0.785 -0.305 -0.02980025231 1
0 0.785 -0.295 -0.02897426796 1
0 0.785 -0.285 -0.02797619861 1
0 0.785 -0.275 -0.02689318739 2
0 0.785 -0.265 -0.02536546056 2
0 0.785 -0.255 -0.02330086048 2
0 0.785 -0.245 -0.02055175207 2
0 0.785 -0.235 -0.01713990802 1
0 0.785 -0.225 -0.01373709612 1
0 0.785 -0.215 -0.01061636383 1
0 0.785 -0.205 -0.007627302595 1
0 0.785 -0.195 -0.00446014021 1
0 0.785 -0.185 -0.001204947297 1
0 0.785 -0.175 0.001891946354 1
0 0.785 -0.165 0.004749287658 1
0 0.785 -0.155 0.007387707752 1
0 0.785 -0.145 0.009823923758 1
0 0.785 -0.135 0.01225103172 1
0 0.785 -0.125 0.01483185513 1
0 0.785 -0.115 0.01774308047 2
0 0.785 -0.105 0.02064334041 2
0 0.785 -0.095 0.02335787219 2
0 0.785 -0.085 0.0257576761 2
0 0.785 -0.075 0.02788607413 2
0 0.785 -0.065 0.02974953089 2
0 0.785 -0.055 0.03129718274 2
0 0.785 -0.045 0.03249193375 2
0 0.785 -0.035 0.0332615456 2
0 0.785 -0.025 0.03377712577 2
0 0.785 -0.015 0.03405905963 2
0 0.785 -0.005 0.03425701171 2
0 0.785 0.005 0.0343261181 2
0 0.785 0.015 0.03429344925 2
0 0.785 0.025 0.03395108372 2
0 0.785 0.035 0.03324704553 2
0 0.785 0.045 0.03198045955 2
0 0.785 0.055 0.03021608584 2
0 0.785 0.065 0.02804116121 2
0 0.785 0.075 0.0255477349 2
0 0.785 0.085 0.02279683036 2
0 0.785 0.095 0.01990014478 2
0 0.785 0.105 0.01695734389 2
0 0.785 0.115 0.01404896422 2
0 0.785 0.125 0.01120466839 2
0 0.785 0.135 0.008425895761 2
0 0.785 0.145 0.005681462914 2
0 0.785 0.155 0.002937253755 2
0 0.785 0.165 0.0001562657349 2
0 0.785 0.175 -0.002687131491 2
0 0.785 0.185 -0.005608412473 2
0 0.785 0.195 -0.008609944752 2
0 0.785 0.205 -0.01168393467 2
0 0.785 0.215 -0.01481322821 2
0 0.785 0.225 -0.01797368488 2
0 0.785 0.235 -0.02113557366 2
0 0.785 0.245 -0.02426500118 2
0 0.785 0.255 -0.02732469587 2
0 0.785 0.265 -0.03027437566 2
0 0.785 0.275 -0.03307069403 2
0 0.785 0.285 -0.03566686694 2
0 0.785 0.295 -0.03801185917 2
0 0.785 0.305 -0.04004957015 2
0 0.785 0.315 -0.04171665766 2
0 0.785 0.325 -0.04294299177 2
0 0.785 0.335 -0.04364233566 2
0 0.785 0.345 -0.0437306025 2
0 0.785 0.355 -0.04305844589 2
0 0.785 0.365 -0.04160354285 2
0 0.785 0.375 -0.03887301079 2
0 0.785 0.385 -0.03587251757 2
0 0.785 0.395 -0.02893251101 2
0 0.785 0.405 -0.01698403703 2
0 0.785 0.415 -0.006754543802 2
0 0.785 0.425 0 2
0 0.785 0.435 0 2
0 0.785 0.445 0 2
0 0.785 0.455 0 2
0 0.785 0.465 0 2
0 0.795 -0.455 0 2
0 0.795 -0.445 0 2
0 0.795 -0.435 0 2
0 0.795 -0.425 0 2
0 0.795 -0.415 -0.005143667896 2
0 0.795 -0.405 -0.01295111583 2
0 0.795 -0.395 -0.02350880214 2
0 0.795 -0.385 -0.02960343416 2
0 0.795 -0.375 -0.03291768528 2
0 0.795 -0.365 -0.03501914352 2
0 0.795 -0.355 -0.03540007685 2
0 0.795 -0.345 -0.03424609315 2
0 0.795 -0.335 -0.03163362904 1
0 0.795 -0.325 -0.02895125145 1
0 0.795 -0.315 -0.02670699034 1
0 0.795 -0.305 -0.02515080126 1
0 0.795 -0.295 -0.02395695409 1
0 0.795 -0.285 -0.022944461 1
0 0.795 -0.275 -0.02212368436 1
0 0.795 -0.265 -0.02122072892 2
0 0.795 -0.255 -0.0199108698 2
0 0.795 -0.245 -0.01782493994 2
0 0.795 -0.235 -0.01509860356 1
0 0.795 -0.225 -0.01227238711 1
0 0.795 -0.215 -0.009509199811 1
0 0.795 -0.205 -0.006700952918 1
0 0.795 -0.195 -0.003689492719 1
0 0.795 -0.185 -0.0006267009076 1
0 0.795 -0.175 0.002281317755 1
0 0.795 -0.165 0.004924362602 1
0 0.795 -0.155 0.007263462816 1
0 0.795 -0.145 0.009359425004 1
0 0.795 -0.135 0.01149220985 1
0 0.795 -0.125 0.0139289194 1
0 0.795 -0.115 0.0168355728 2
0 0.795 -0.105 0.01976773992 2
0 0.795 -0.095 0.02238474145 2
0 0.795 -0.085 0.02461178994 2
0 0.795 -0.075 0.02654279918 2
0 0.795 -0.065 0.02816236486 2
0 0.795 -0.055 0.02938819645 2
0 0.795 -0.045 0.03013491564 2
0 0.795 -0.035 0.03047326938 2
0 0.795 -0.025 0.03051984232 2
0 0.795 -0.015 0.0305505194 2
0 0.795 -0.005 0.03062185482 2
0 0.795 0.005 0.03081602748 2
0 0.795 0.015 0.03108289931 2
0 0.795 0.025 0.03130028649 2
0 0.795 0.035 0.03104368317 2
0 0.795 0.045 0.03014697009 2
0 0.795 0.055 0.02863760617 2
0 0.795 0.065 0.02672267153 2
0 0.795 0.075 0.02450901332 2
0 0.795 0.085 0.02205968379 2
0 0.795 0.095 0.01946455552 2
0 0.795 0.105 0.01680333163 2
0 0.795 0.115 0.01413971782 2
0 0.795 0.125 0.01150572125 2
0 0.795 0.135 0.008907842271 2
0 0.795 0.145 0.006328984715 2
0 0.795 0.155 0.003743832331 2
0 0.795 0.165 0.001125010219 2
0 0.795 0.175 -0.001548178657 2
0 0.795 0.185 -0.004288294599 2
0 0.795 0.195 -0.007097880767 2
0 0.795 0.205 -0.009970417082 2
0 0.795 0.215 -0.01289107028 2
0 0.795 0.225 -0.01583841444 2
0 0.795 0.235 -0.01878584909 2
0 0.795 0.245 -0.02170278669 2
0 0.795 0.255 -0.02455537182 2
0 0.795 0.265 -0.02730681856 2
0 0.795 0.275 -0.02991734093 2
0 0.795 0.285 -0.0323437443 2
0 0.795 0.295 -0.03453858374 2
0 0.795 0.305 -0.03644915922 2
0 0.795 0.315 -0.03801535821 2
0 0.795 0.325 -0.03916892527 2
0 0.795 0.335 -0.03982565881 2
0 0.795 0.345 -0.03989454508 2
0 0.795 0.355 -0.0392308409 2
0 0.795 0.365 -0.03774061211 2
0 0.795 0.375 -0.03503537302 2
0 0.795 0.385 -0.03133666075 2
0 0.795 0.395 -0.02481370518 2
0 0.795 0.405 -0.01369599528 2
0 0.795 0.415 -0.005426184972 2
0 0.795 0.425 0 2
0 0.795 0.435 0 2
0 0.795 0.445 0 2
0 0.795 0.455 0 2
0 0.795 0.465 0 2
0 0.805 -0.455 0 2
0 0.805 -0.445 0 2
0 0.805 -0.435 0 2
0 0.805 -0.425 0 2
0 0.805 -0.415 -0.003040259703 2
0 0.805 -0.405 -0.00749398025 2
0 0.805 -0.395 -0.01454686179 2
0 0.805 -0.385 -0.01917288974 2
0 0.805 -0.375 -0.02201994974 2
0 0.805 -0.365 -0.02351999276 2
0 0.805 -0.355 -0.02375520932 2
0 0.805 -0.345 -0.02296622862 2
0 0.805 -0.335 -0.02116713851 1
0 0.805 -0.325 -0.01935186199 1
0 0.805 -0.315 -0.01760827306 1
0 0.805 -0.305 -0.01628004926 1
0 0.805 -0.295 -0.01514099745 1
0 0.805 -0.285 -0.01429478289 1
0 0.805 -0.275 -0.01367402052 1
0 0.805 -0.265 -0.01324488702 1
0 0.805 -0.255 -0.01261403112 2
0 0.805 -0.245 -0.01145440404 1
0 0.805 -0.235 -0.009910298527 1
0 0.805 -0.225 -0.008111258478 1
0 0.805 -0.215 -0.006260663371 1
0 0.805 -0.205 -0.004349092704 1
0 0.805 -0.195 -0.00231129292 1
0 0.805 -0.185 -0.0002530227901 1
0 0.805 -0.175 0.001712021026 1
0 0.805 -0.165 0.003480908918 1
0 0.805 -0.155 0.004990365374 1
0 0.805 -0.145 0.006304694498 1
0 0.805 -0.135 0.007688749993 1
0 0.805 -0.125 0.009395588113 1
0 0.805 -0.115 0.01143858645 1
0 0.805 -0.105 0.0135464431 2
0 0.805 -0.095 0.01537620429 2
0 0.805 -0.085 0.01689118797 2
0 0.805 -0.075 0.01814360467 2
0 0.805 -0.065 0.01914716337 2
0 0.805 -0.055 0.0198492544 2
0 0.805 -0.045 0.02014494355 2
0 0.805 -0.035 0.02015831697 2
0 0.805 -0.025 0.01992364843 1
0 0.805 -0.015 0.0197963994 1
0 0.805 -0.005 0.01977941346 1
0 0.805 0.005 0.02001048777 1
0 0.805 0.015 0.02037538044 1
0 0.805 0.025 0.02083278645 2
0 0.805 0.035 0.0208909586 2
0 0.805 0.045 0.02047993799 2
0 0.805 0.055 0.01955285312 2
0 0.805 0.065 0.0183029955 2
0 0.805 0.075 0.01683048045 2
0 0.805 0.085 0.01519492711 2
0 0.805 0.095 0.01345773596 2
0 0.805 0.105 0.01167350487 2
0 0.805 0.115 0.009884764615 2
0 0.805 0.125 0.008113973201 2
0 0.805 0.135 0.006365566062 2
0 0.805 0.145 0.004629224478 2
0 0.805 0.155 0.002887950647 2
0 0.805 0.165 0.001123322276 2
0 0.805 0.175 -0.0006793281434 2
0 0.805 0.185 -0.002528893537 2
0 0.805 0.195 -0.004427345542 2
0 0.805 0.205 -0.006370209884 2
0 0.805 0.215 -0.008347392277 2
0 0.805 0.225 -0.01034434207 2
0 0.805 0.235 -0.01234305084 2
0 0.805 0.245 -0.01432286937 2
0 0.805 0.255 -0.01626100859 2
0 0.805 0.265 -0.01813275095 2
0 0.805 0.275 -0.01991136933 2
0 0.805 0.285 -0.02156779542 2
0 0.805 0.295 -0.02306998022 2
0 0.805 0.305 -0.02438207187 2
0 0.805 0.315 -0.02546283883 2
0 0.805 0.325 -0.02626462098 2
0 0.805 0.335 -0.02672816746 2
0 0.805 0.345 -0.02678536511 2
0 0.805 0.355 -0.02633218287 2
0 0.805 0.365 -0.02526973086 2
0 0.805 0.375 -0.02334069264 2
0 0.805 0.385 -0.02020235825 2
0 0.805 0.395 -0.01528043141 2
0 0.805 0.405 -0.007886452293 2
0 0.805 0.415 -0.003195149189 2
0 0.805 0.425 0 2
0 0.805 0.435 0 2
0 0.805 0.445 0 2
0 0.805 0.455 0 2
0 0.805 0.465 0 2
0 0.815 -0.455 0 2
0 0.815 -0.445 0 2
0 0.815 -0.435 0 2
0 0.815 -0.425 0 2
0 0.815 -0.415 -0.001240119654 2
0 0.815 -0.405 -0.003183181469 2
0 0.815 -0.395 -0.005903817517 2
0 0.815 -0.385 -0.0078304194 2
0 0.815 -0.375 -0.009062062803 2
0 0.815 -0.365 -0.00966322891 2
0 0.815 -0.355 -0.009762724651 2
0 0.815 -0.345 -0.009436161286 2
0 0.815 -0.335 -0.008717828801 1
0 0.815 -0.325 -0.007937993611 1
0 0.815 -0.315 -0.00718049178 1
0 0.815 -0.305 -0.006576186802 1
0 0.815 -0.295 -0.006026194415 1
0 0.815 -0.285 -0.005613333046 1
0 0.815 -0.275 -0.005333068124 1
0 0.815 -0.265 -0.005175852518 1
0 0.815 -0.255 -0.004971233097 2
0 0.815 -0.245 -0.00456719084 1
0 0.815 -0.235 -0.003983241898 1
0 0.815 -0.225 -0.003257211946 1
0 0.815 -0.215 -0.002502327177 1
0 0.815 -0.205 -0.001704117442 1
0 0.815 -0.195 -0.0008675354763 1
0 0.815 -0.185 -3.547491645e-05 1
0 0.815 -0.175 0.0007573409697 1
0 0.815 -0.165 0.001473413053 1
0 0.815 -0.155 0.002097850245 1
0 0.815 -0.145 0.002655580008 1
0 0.815 -0.135 0.003232906535 1
0 0.815 -0.125 0.003945752162 1
0 0.815 -0.115 0.00479405065 1
0 0.815 -0.105 0.005685921048 2
0 0.815 -0.095 0.006463799273 2
0 0.815 -0.085 0.007101216021 2
0 0.815 -0.075 0.007607348367 2
0 0.815 -0.065 0.007989047283 2
0 0.815 -0.055 0.008220496065 2
0 0.815 -0.045 0.008258490564 1
0 0.815 -0.035 0.008181685808 1
0 0.815 -0.025 0.00802834885 1
0 0.815 -0.015 0.007938829236 1
0 0.815 -0.005 0.007918351016 1
0 0.815 0.005 0.008054450722 1
0 0.815 0.015 0.008282989211 1
0 0.815 0.025 0.008563852158 2
0 0.815 0.035 0.008676753497 2
0 0.815 0.045 0.00856475395 2
0 0.815 0.055 0.008202513348 2
0 0.815 0.065 0.007699799682 2
0 0.815 0.075 0.007105091334 2
0 0.815 0.085 0.006444453077 2
0 0.815 0.095 0.005740629377 2
0 0.815 0.105 0.005013647519 2
0 0.815 0.115 0.004279349532 2
0 0.815 0.125 0.003546853253 2
0 0.815 0.135 0.002818792372 2
0 0.815 0.145 0.002092476608 2
0 0.815 0.155 0.001362423676 2
0 0.815 0.165 0.0006224204137 2
0 0.815 0.175 -0.0001326240277 2
0 0.815 0.185 -0.0009057639311 2
0 0.815 0.195 -0.00169755971 2
0 0.815 0.205 -0.002506153052 2
0 0.815 0.215 -0.003327524412 2
0 0.815 0.225 -0.004155882744 2
0 0.815 0.235 -0.004984032029 2
0 0.815 0.245 -0.005803679064 2
0 0.815 0.255 -0.006605630681 2
0 0.815 0.265 -0.007379880155 2
0 0.815 0.275 -0.008115581385 2
0 0.815 0.285 -0.008800922239 2
0 0.815 0.295 -0.00942287487 2
0 0.815 0.305 -0.009966863574 2
0 0.815 0.315 -0.01041614677 2
0 0.815 0.325 -0.0107513416 2
0 0.815 0.335 -0.01094850102 2
0 0.815 0.345 -0.01097968062 2
0 0.815 0.355 -0.01080371212 2
0 0.815 0.365 -0.01037762758 2
0 0.815 0.375 -0.009609482329 2
0 0.815 0.385 -0.008253512837 2
0 0.815 0.395 -0.006201854231 2
0 0.815 0.405 -0.003344283803 2
0 0.815 0.415 -0.00130101814 2
0 0.815 0.425 0 2
0 0.815 0.435 0 2
0 0.815 0.445 0 2
0 0.815 0.455 0 2
0 0.815 0.465 0 2
0 0.825 -0.455 0 2
0 0.825 -0.445 0 2
0 0.825 -0.435 0 2
0 0.825 -0.425 0 2
0 0.825 -0.415 0 2
0 0.825 -0.405 0 2
0 0.825 -0.395 0 2
0 0.825 -0.385 0 2
0 0.825 -0.375 0 2
0 0.825 -0.365 0 2
0 0.825 -0.355 0 2
0 0.825 -0.345 0 2
0 0.825 -0.335 0 1
0 0.825 -0.325 0 1
0 0.825 -0.315 0 1
0 0.825 -0.305 0 1
0 0.825 -0.295 0 1
0 0.825 -0.285 0 1
0 0.825 -0.275 0 1
0 0.825 -0.265 0 1
0 0.825 -0.255 0 1
0 0.825 -0.245 0 1
0 0.825 -0.235 0 1
0 0.825 -0.225 0 1
0 0.825 -0.215 0 1
0 0.825 -0.205 0 1
0 0.825 -0.195 0 1
0 0.825 -0.185 0 1
0 0.825 -0.175 0 1
0 0.825 -0.165 0 1
0 0.825 -0.155 0 1
0 0.825 -0.145 0 1
0 0.825 -0.135 0 1
0 0.825 -0.125 0 1
0 0.825 -0.115 0 1
0 0.825 -0.105 0 2
0 0.825 -0.095 0 2
0 0.825 -0.085 0 2
0 0.825 -0.075 0 2
0 0.825 -0.065 0 2
0 0.825 -0.055 0 1
0 0.825 -0.045 0 1
0 0.825 -0.035 0 1
0 0.825 -0.025 0 1
0 0.825 -0.015 0 1
0 0.825 -0.005 0 1
0 0.825 0.005 0 1
0 0.825 0.015 0 1
0 0.825 0.025 0 1
0 0.825 0.035 0 2
0 0.825 0.045 0 2
0 0.825 0.055 0 2
0 0.825 0.065 0 2
0 0.825 0.075 0 2
0 0.825 0.085 0 2
0 0.825 0.095 0 2
0 0.825 0.105 0 2
0 0.825 0.115 0 2
0 0.825 0.125 0 2
0 0.825 0.135 0 2
0 0.825 0.145 0 2
0 0.825 0.155 0 2
0 0.825 0.165 0 2
0 0.825 0.175 0 2
0 0.825 0.185 0 2
0 0.825 0.195 0 2
0 0.825 0.205 0 2
0 0.825 0.215 0 2
0 0.825 0.225 0 2
0 0.825 0.235 0 2
0 0.825 0.245 0 2
0 0.825 0.255 0 2
0 0.825 0.265 0 2
0 0.825 0.275 0 2
0 0.825 0.285 0 2
0 0.825 0.295 0 2
0 0.825 0.305 0 2
0 0.825 0.315 0 2
0 0.825 0.325 0 2
0 0.825 0.335 0 2
0 0.825 0.345 0 2
0 0.825 0.355 0 2
0 0.825 0.365 0 2
0 0.825 0.375 0 2
0 0.825 0.385 0 2
0 0.825 0.395 0 2
0 0.825 0.405 0 2
0 0.825 0.415 0 2
0 0.825 0.425 0 2
0 0.825 0.435 0 2
0 0.825 0.445 0 2
0 0.825 0.455 0 2
0 0.825 0.465 0 2
0 0.835 -0.455 0 2
0 0.835 -0.445 0 2
0 0.835 -0.435 0 2
0 0.835 -0.425 0 2
0 0.835 -0.415 0 2
0 0.835 -0.405 0 2
0 0.835 -0.395 0 2
0 0.835 -0.385 0 2
0 0.835 -0.375 0 2
0 0.835 -0.365 0 2
0 0.835 -0.355 0 2
0 0.835 -0.345 0 2
0 0.835 -0.335 0 2
0 0.835 -0.325 0 1
0 0.835 -0.315 0 1
0 0.835 -0.305 0 1
0 0.835 -0.295 0 1
0 0.835 -0.285 0 1
0 0.835 -0.275 0 1
0 0.835 -0.265 0 1
0 0.835 -0.255 0 1
0 0.835 -0.245 0 1
0 0.835 -0.235 0 1
0 0.835 -0.225 0 1
0 0.835 -0.215 0 1
0 0.835 -0.205 0 1
0 0.835 -0.195 0 1
0 0.835 -0.185 0 1
0 0.835 -0.175 0 1
0 0.835 -0.165 0 1
0 0.835 -0.155 0 1
0 0.835 -0.145 0 1
0 0.835 -0.135 0 1
0 0.835 -0.125 0 1
0 0.835 -0.115 0 2
0 0.835 -0.105 0 2
0 0.835 -0.095 0 2
0 0.835 -0.085 0 2
0 0.835 -0.075 0 2
0 0.835 -0.065 0 2
0 0.835 -0.055 0 1
0 0.835 -0.045 0 1
0 0.835 -0.035 0 1
0 0.835 -0.025 0 1
0 0.835 -0.015 0 1
0 0.835 -0.005 0 1
0 0.835 0.005 0 1
0 0.835 0.015 0 1
0 0.835 0.025 0 2
0 0.835 0.035 0 2
0 0.835 0.045 0 2
0 0.835 0.055 0 2
0 0.835 0.065 0 2
0 0.835 0.075 0 2
0 0.835 0.085 0 2
0 0.835 0.095 0 2
0 0.835 0.105 0 2
0 0.835 0.115 0 2
0 0.835 0.125 0 2
0 0.835 0.135 0 2
0 0.835 0.145 0 2
0 0.835 0.155 0 2
0 0.835 0.165 0 2
0 0.835 0.175 0 2
0 0.835 0.185 0 2
0 0.835 0.195 0 2
0 0.835 0.205 0 2
0 0.835 0.215 0 2
0 0.835 0.225 0 2
0 0.835 0.235 0 2
0 0.835 0.245 0 2
0 0.835 0.255 0 2
0 0.835 0.265 0 2
0 0.835 0.275 0 2
0 0.835 0.285 0 2
0 0.835 0.295 0 2
0 0.835 0.305 0 2
0 0.835 0.315 0 2
0 0.835 0.325 0 2
0 0.835 0.335 0 2
0 0.835 0.345 0 2
0 0.835 0.355 0 2
0 0.835 0.365 0 2
0 0.835 0.375 0 2
0 0.835 0.385 0 2
0 0.835 0.395 0 2
0 0.835 0.405 0 2
0 0.835 0.415 0 2
0 0.835 0.425 0 2
0 0.835 0.435 0 2
0 0.835 0.445 0 2
0 0.835 0.455 0 2
0 0.835 0.465 0 2
0 0.845 -0.455 0 2
0 0.845 -0.445 0 2
0 0.845 -0.435 0 2
0 0.845 -0.425 0 2
0 0.845 -0.415 0 2
0 0.845 -0.405 0 2
0 0.845 -0.395 0 2
0 0.845 -0.385 0 2
0 0.845 -0.375 0 2
0 0.845 -0.365 0 2
0 0.845 -0.355 0 2
0 0.845 -0.345 0 2
0 0.845 -0.335 0 2
0 0.845 -0.325 0 1
0 0.845 -0.315 0 1
0 0.845 -0.305 0 1
0 0.845 -0.295 0 1
0 0.845 -0.285 0 1
0 0.845 -0.275 0 1
0 0.845 -0.265 0 1
0 0.845 -0.255 0 1
0 0.845 -0.245 0 1
0 0.845 -0.235 0 1
0 0.845 -0.225 0 1
0 0.845 -0.215 0 1
0 0.845 -0.205 0 1
0 0.845 -0.195 0 1
0 0.845 -0.185 0 1
0 0.845 -0.175 0 1
0 0.845 -0.165 0 1
0 0.845 -0.155 0 1
0 0.845 -0.145 0 1
0 0.845 -0.135 0 1
0 0.845 -0.125 0 1
0 0.845 -0.115 0 2
0 0.845 -0.105 0 2
0 0.845 -0.095 0 2
0 0.845 -0.085 0 2
0 0.845 -0.075 0 2
0 0.845 -0.065 0 1
0 0.845 -0.055 0 1
0 0.845 -0.045 0 1
0 0.845 -0.035 0 1
0 0.845 -0.025 0 1
0 0.845 -0.015 0 1
0 0.845 -0.005 0 1
0 0.845 0.005 0 1
0 0.845 0.015 0 1
0 0.845 0.025 0 2
0 0.845 0.035 0 2
0 0.845 0.045 0 2
0 0.845 0.055 0 2
0 0.845 0.065 0 2
0 0.845 0.075 0 2
0 0.845 0.085 0 2
0 0.845 0.095 0 2
0 0.845 0.105 0 2
0 0.845 0.115 0 2
0 0.845 0.125 0 2
0 0.845 0.135 0 2
0 0.845 0.145 0 2
0 0.845 0.155 0 2
0 0.845 0.165 0 2
0 0.845 0.175 0 2
0 0.845 0.185 0 2
0 0.845 0.195 0 2
0 0.845 0.205 0 2
0 0.845 0.215 0 2
0 0.845 0.225 0 2
0 0.845 0.235 0 2
0 0.845 0.245 0 2
0 0.845 0.255 0 2
0 0.845 0.265 0 2
0 0.845 0.275 0 2
0 0.845 0.285 0 2
0 0.845 0.295 0 2
0 0.845 0.305 0 2
0 0.845 0.315 0 2
0 0.845 0.325 0 2
0 0.845 0.335 0 2
0 0.845 0.345 0 2
0 0.845 0.355 0 2
0 0.845 0.365 0 2
0 0.845 0.375 0 2
0 0.845 0.385 0 2
0 0.845 0.395 0 2
0 0.845 0.405 0 2
0 0.845 0.415 0 2
0 0.845 0.425 0 2
0 0.845 0.435 0 2
0 0.845 0.445 0 2
0 0.845 0.455 0 2
0 0.845 0.465 0 2
0 0.855 -0.455 0 2
0 0.855 -0.445 0 2
0 0.855 -0.435 0 2
0 0.855 -0.425 0 2
0 0.855 -0.415 0 2
0 0.855 -0.405 0 2
0 0.855 -0.395 0 2
0 0.855 -0.385 0 2
0 0.855 -0.375 0 2
0 0.855 -0.365 0 2
0 0.855 -0.355 0 2
0 0.855 -0.345 0 2
0 0.855 -0.335 0 2
0 0.855 -0.325 0 2
0 0.855 -0.315 0 1
0 0.855 -0.305 0 1
0 0.855 -0.295 0 1
0 0.855 -0.285 0 1
0 0.855 -0.275 0 1
0 0.855 -0.265 0 1
0 0.855 -0.255 0 1
0 0.855 -0.245 0 2
0 0.855 -0.235 0 1
0 0.855 -0.225 0 1
0 0.855 -0.215 0 1
0 0.855 -0.205 0 1
0 0.855 -0.195 0 1
0 0.855 -0.185 0 1
0 0.855 -0.175 0 1
0 0.855 -0.165 0 1
0 0.855 -0.155 0 1
0 0.855 -0.145 0 1
0 0.855 -0.135 0 1
0 0.855 -0.125 0 1
0 0.855 -0.115 0 2
0 0.855 -0.105 0 2
0 0.855 -0.095 0 2
0 0.855 -0.085 0 2
0 0.855 -0.075 0 2
0 0.855 -0.065 0 1
0 0.855 -0.055 0 1
0 0.855 -0.045 0 1
0 0.855 -0.035 0 1
0 0.855 -0.025 0 1
0 0.855 -0.015 0 1
0 0.855 -0.005 0 1
0 0.855 0.005 0 1
0 0.855 0.015 0 1
0 0.855 0.025 0 2
0 0.855 0.035 0 2
0 0.855 0.045 0 2
0 0.855 0.055 0 2
0 0.855 0.065 0 2
0 0.855 0.075 0 2
0 0.855 0.085 0 2
0 0.855 0.095 0 2
0 0.855 0.105 0 2
0 0.855 0.115 0 2
0 0.855 0.125 0 2
0 0.855 0.135 0 2
0 0.855 0.145 0 2
0 0.855 0.155 0 2
0 0.855 0.165 0 2
0 0.855 0.175 0 2
0 0.855 0.185 0 2
0 0.855 0.195 0 2
0 0.855 0.205 0 2
0 0.855 0.215 0 2
0 0.855 0.225 0 2
0 0.855 0.235 0 2
0 0.855 0.245 0 2
0 0.855 0.255 0 2
0 0.855 0.265 0 2
0 0.855 0.275 0 2
0 0.855 0.285 0 2
0 0.855 0.295 0 2
0 0.855 0.305 0 2
0 0.855 0.315 0 2
0 0.855 0.325 0 2
0 0.855 0.335 0 2
0 0.855 0.345 0 2
0 0.855 0.355 0 2
0 0.855 0.365 0 2
0 0.855 0.375 0 2
0 0.855 0.385 0 2
0 0.855 0.395 0 2
0 0.855 0.405 0 2
0 0.855 0.415 0 2
0 0.855 0.425 0 2
0 0.855 0.435 0 2
0 0.855 0.445 0 2
0 0.855 0.455 0 2
0 0.855 0.465 0 2
0 0.865 -0.455 0 2
0 0.865 -0.445 0 2
0 0.865 -0.435 0 2
0 0.865 -0.425 0 2
0 0.865 -0.415 0 2
0 0.865 -0.405 0 2
0 0.865 -0.395 0 2
0 0.865 -0.385 0 2
0 0.865 -0.375 0 2
0 0.865 -0.365 0 2
0 0.865 -0.355 0 2
0 0.865 -0.345 0 2
0 0.865 -0.335 0 2
0 0.865 -0.325 0 2
0 0.865 -0.315 0 2
0 0.865 -0.305 0 1
0 0.865 -0.295 0 1
0 0.865 -0.285 0 1
0 0.865 -0.275 0 1
0 0.865 -0.265 0 1
0 0.865 -0.255 0 1
0 0.865 -0.245 0 2
0 0.865 -0.235 0 2
0 0.865 -0.225 0 2
0 0.865 -0.215 0 2
0 0.865 -0.205 0 2
0 0.865 -0.195 0 1
0 0.865 -0.185 0 1
0 0.865 -0.175 0 1
0 0.865 -0.165 0 1
0 0.865 -0.155 0 1
0 0.865 -0.145 0 1
0 0.865 -0.135 0 1
0 0.865 -0.125 0 2
0 0.865 -0.115 0 2
0 0.865 -0.105 0 2
0 0.865 -0.095 0 2
0 0.865 -0.085 0 2
0 0.865 -0.075 0 1
0 0.865 -0.065 0 1
0 0.865 -0.055 0 1
0 0.865 -0.045 0 1
0 0.865 -0.035 0 1
0 0.865 -0.025 0 1
0 0.865 -0.015 0 1
0 0.865 -0.005 0 1
0 0.865 0.005 0 1
0 0.865 0.015 0 1
0 0.865 0.025 0 2
0 0.865 0.035 0 2
0 0.865 0.045 0 2
0 0.865 0.055 0 2
0 0.865 0.065 0 2
0 0.865 0.075 0 2
0 0.865 0.085 0 2
0 0.865 0.095 0 2
0 0.865 0.105 0 2
0 0.865 0.115 0 2
0 0.865 0.125 0 2
0 0.865 0.135 0 2
0 0.865 0.145 0 2
0 0.865 0.155 0 2
0 0.865 0.165 0 2
0 0.865 0.175 0 2
0 0.865 0.185 0 2
0 0.865 0.195 0 2
0 0.865 0.205 0 2
0 0.865 0.215 0 2
0 0.865 0.225 0 2
0 0.865 0.235 0 2
0 0.865 0.245 0 2
0 0.865 0.255 0 2
0 0.865 0.265 0 2
0 0.865 0.275 0 2
0 0.865 0.285 0 2
0 0.865 0.295 0 2
0 0.865 0.305 0 2
0 0.865 0.315 0 2
0 0.865 0.325 0 2
0 0.865 0.335 0 2
0 0.865 0.345 0 2
0 0.865 0.355 0 2
0 0.865 0.365 0 2
0 0.865 0.375 0 2
0 0.865 0.385 0 2
0 0.865 0.395 0 2
0 0.865 0.405 0 2
0 0.865 0.415 0 2
0 0.865 0.425 0 2
0 0.865 0.435 0 2
0 0.865 0.445 0 2
0 0.865 0.455 0 2
0 0.865 0.465 0 2
