t x y content type
0 -0.055 -0.455 0 2
0 -0.055 -0.445 0 2
0 -0.055 -0.435 0 2
0 -0.055 -0.425 0 2
0 -0.055 -0.415 0 2
0 -0.055 -0.405 0 2
0 -0.055 -0.395 0 2
0 -0.055 -0.385 0 2
0 -0.055 -0.375 0 2
0 -0.055 -0.365 0 2
0 -0.055 -0.355 0 2
0 -0.055 -0.345 0 2
0 -0.055 -0.335 0 1
0 -0.055 -0.325 0 1
0 -0.055 -0.315 0 1
0 -0.055 -0.305 0 1
0 -0.055 -0.295 0 1
0 -0.055 -0.285 0 1
0 -0.055 -0.275 0 1
0 -0.055 -0.265 0 2
0 -0.055 -0.255 0 2
0 -0.055 -0.245 0 2
0 -0.055 -0.235 0 2
0 -0.055 -0.225 0 2
0 -0.055 -0.215 0 2
0 -0.055 -0.205 0 2
0 -0.055 -0.195 0 2
0 -0.055 -0.185 0 2
0 -0.055 -0.175 0 2
0 -0.055 -0.165 0 2
0 -0.055 -0.155 0 2
0 -0.055 -0.145 0 2
0 -0.055 -0.135 0 2
0 -0.055 -0.125 0 2
0 -0.055 -0.115 0 2
0 -0.055 -0.105 0 2
0 -0.055 -0.095 0 2
0 -0.055 -0.085 0 2
0 -0.055 -0.075 0 2
0 -0.055 -0.065 0 2
0 -0.055 -0.055 0 1
0 -0.055 -0.045 0 1
0 -0.055 -0.035 0 1
0 -0.055 -0.025 0 1
0 -0.055 -0.015 0 1
0 -0.055 -0.005 0 1
0 -0.055 0.005 0 1
0 -0.055 0.015 0 1
0 -0.055 0.025 0 1
0 -0.055 0.035 0 1
0 -0.055 0.045 0 1
0 -0.055 0.055 0 1
0 -0.055 0.065 0 1
0 -0.055 0.075 0 2
0 -0.055 0.085 0 2
0 -0.055 0.095 0 2
0 -0.055 0.105 0 2
0 -0.055 0.115 0 2
0 -0.055 0.125 0 2
0 -0.055 0.135 0 2
0 -0.055 0.145 0 1
0 -0.055 0.155 0 1
0 -0.055 0.165 0 1
0 -0.055 0.175 0 1
0 -0.055 0.185 0 1
0 -0.055 0.195 0 1
0 -0.055 0.205 0 1
0 -0.055 0.215 0 1
0 -0.055 0.225 0 1
0 -0.055 0.235 0 1
0 -0.055 0.245 0 2
0 -0.055 0.255 0 2
0 -0.055 0.265 0 2
0 -0.055 0.275 0 2
0 -0.055 0.285 0 1
0 -0.055 0.295 0 1
0 -0.055 0.305 0 1
0 -0.055 0.315 0 1
0 -0.055 0.325 0 1
0 -0.055 0.335 0 1
0 -0.055 0.345 0 1
0 -0.055 0.355 0 1
0 -0.055 0.365 0 1
0 -0.055 0.375 0 2
0 -0.055 0.385 0 2
0 -0.055 0.395 0 2
0 -0.055 0.405 0 2
0 -0.055 0.415 0 2
0 -0.055 0.425 0 2
0 -0.055 0.435 0 2
0 -0.055 0.445 0 2
0 -0.055 0.455 0 2
0 -0.055 0.465 0 1
0 -0.045 -0.455 0 2
0 -0.045 -0.445 0 2
0 -0.045 -0.435 0 2
0 -0.045 -0.425 0 2
0 -0.045 -0.415 0 2
0 -0.045 -0.405 0 2
0 -0.045 -0.395 0 2
0 -0.045 -0.385 0 2
0 -0.045 -0.375 0 2
0 -0.045 -0.365 0 2
0 -0.045 -0.355 0 2
0 -0.045 -0.345 0 2
0 -0.045 -0.335 0 2
0 -0.045 -0.325 0 2
0 -0.045 -0.315 0 2
0 -0.045 -0.305 0 1
0 -0.045 -0.295 0 1
0 -0.045 -0.285 0 2
0 -0.045 -0.275 0 2
0 -0.045 -0.265 0 2
0 -0.045 -0.255 0 2
0 -0.045 -0.245 0 2
0 -0.045 -0.235 0 2
0 -0.045 -0.225 0 2
0 -0.045 -0.215 0 2
0 -0.045 -0.205 0 2
0 -0.045 -0.195 0 2
0 -0.045 -0.185 0 2
0 -0.045 -0.175 0 2
0 -0.045 -0.165 0 2
0 -0.045 -0.155 0 2
0 -0.045 -0.145 0 2
0 -0.045 -0.135 0 2
0 -0.045 -0.125 0 2
0 -0.045 -0.115 0 2
0 -0.045 -0.105 0 2
0 -0.045 -0.095 0 2
0 -0.045 -0.085 0 2
0 -0.045 -0.075 0 2
0 -0.045 -0.065 0 2
0 -0.045 -0.055 0 1
0 -0.045 -0.045 0 1
0 -0.045 -0.035 0 1
0 -0.045 -0.025 0 1
0 -0.045 -0.015 0 1
0 -0.045 -0.005 0 1
0 -0.045 0.005 0 1
0 -0.045 0.015 0 1
0 -0.045 0.025 0 1
0 -0.045 0.035 0 1
0 -0.045 0.045 0 1
0 -0.045 0.055 0 1
0 -0.045 0.065 0 1
0 -0.045 0.075 0 2
0 -0.045 0.085 0 2
0 -0.045 0.095 0 2
0 -0.045 0.105 0 2
0 -0.045 0.115 0 2
0 -0.045 0.125 0 2
0 -0.045 0.135 0 2
0 -0.045 0.145 0 2
0 -0.045 0.155 0 1
0 -0.045 0.165 0 1
0 -0.045 0.175 0 1
0 -0.045 0.185 0 1
0 -0.045 0.195 0 1
0 -0.045 0.205 0 1
0 -0.045 0.215 0 1
0 -0.045 0.225 0 1
0 -0.045 0.235 0 1
0 -0.045 0.245 0 2
0 -0.045 0.255 0 2
0 -0.045 0.265 0 2
0 -0.045 0.275 0 2
0 -0.045 0.285 0 2
0 -0.045 0.295 0 1
0 -0.045 0.305 0 1
0 -0.045 0.315 0 1
0 -0.045 0.325 0 1
0 -0.045 0.335 0 1
0 -0.045 0.345 0 1
0 -0.045 0.355 0 1
0 -0.045 0.365 0 1
0 -0.045 0.375 0 2
0 -0.045 0.385 0 2
0 -0.045 0.395 0 2
0 -0.045 0.405 0 2
0 -0.045 0.415 0 2
0 -0.045 0.425 0 2
0 -0.045 0.435 0 2
0 -0.045 0.445 0 2
0 -0.045 0.455 0 2
0 -0.045 0.465 0 2
0 -0.035 -0.455 0 2
0 -0.035 -0.445 0 2
0 -0.035 -0.435 0 2
0 -0.035 -0.425 0 2
0 -0.035 -0.415 0 2
0 -0.035 -0.405 0 2
0 -0.035 -0.395 0 2
0 -0.035 -0.385 0 2
0 -0.035 -0.375 0 2
0 -0.035 -0.365 0 2
0 -0.035 -0.355 0 2
0 -0.035 -0.345 0 2
0 -0.035 -0.335 0 2
0 -0.035 -0.325 0 2
0 -0.035 -0.315 0 2
0 -0.035 -0.305 0 2
0 -0.035 -0.295 0 2
0 -0.035 -0.285 0 2
0 -0.035 -0.275 0 2
0 -0.035 -0.265 0 2
0 -0.035 -0.255 0 2
0 -0.035 -0.245 0 2
0 -0.035 -0.235 0 2
0 -0.035 -0.225 0 2
0 -0.035 -0.215 0 2
0 -0.035 -0.205 0 2
0 -0.035 -0.195 0 2
0 -0.035 -0.185 0 2
0 -0.035 -0.175 0 2
0 -0.035 -0.165 0 2
0 -0.035 -0.155 0 2
0 -0.035 -0.145 0 2
0 -0.035 -0.135 0 2
0 -0.035 -0.125 0 2
0 -0.035 -0.115 0 2
0 -0.035 -0.105 0 2
0 -0.035 -0.095 0 2
0 -0.035 -0.085 0 2
0 -0.035 -0.075 0 2
0 -0.035 -0.065 0 2
0 -0.035 -0.055 0 1
0 -0.035 -0.045 0 1
0 -0.035 -0.035 0 1
0 -0.035 -0.025 0 1
0 -0.035 -0.015 0 1
0 -0.035 -0.005 0 1
0 -0.035 0.005 0 1
0 -0.035 0.015 0 1
0 -0.035 0.025 0 1
0 -0.035 0.035 0 1
0 -0.035 0.045 0 1
0 -0.035 0.055 0 1
0 -0.035 0.065 0 1
0 -0.035 0.075 0 2
0 -0.035 0.085 0 2
0 -0.035 0.095 0 2
0 -0.035 0.105 0 2
0 -0.035 0.115 0 2
0 -0.035 0.125 0 2
0 -0.035 0.135 0 2
0 -0.035 0.145 0 2
0 -0.035 0.155 0 2
0 -0.035 0.165 0 1
0 -0.035 0.175 0 1
0 -0.035 0.185 0 1
0 -0.035 0.195 0 1
0 -0.035 0.205 0 1
0 -0.035 0.215 0 1
0 -0.035 0.225 0 1
0 -0.035 0.235 0 1
0 -0.035 0.245 0 2
0 -0.035 0.255 0 2
0 -0.035 0.265 0 2
0 -0.035 0.275 0 2
0 -0.035 0.285 0 2
0 -0.035 0.295 0 2
0 -0.035 0.305 0 2
0 -0.035 0.315 0 1
0 -0.035 0.325 0 1
0 -0.035 0.335 0 1
0 -0.035 0.345 0 1
0 -0.035 0.355 0 1
0 -0.035 0.365 0 2
0 -0.035 0.375 0 2
0 -0.035 0.385 0 2
0 -0.035 0.395 0 2
0 -0.035 0.405 0 2
0 -0.035 0.415 0 2
0 -0.035 0.425 0 2
0 -0.035 0.435 0 2
0 -0.035 0.445 0 2
0 -0.035 0.455 0 2
0 -0.035 0.465 0 2
0 -0.025 -0.455 0 2
0 -0.025 -0.445 0 2
0 -0.025 -0.435 0 2
0 -0.025 -0.425 0 2
0 -0.025 -0.415 0 2
0 -0.025 -0.405 0 2
0 -0.025 -0.395 0 2
0 -0.025 -0.385 0 2
0 -0.025 -0.375 0 2
0 -0.025 -0.365 0 2
0 -0.025 -0.355 0 2
0 -0.025 -0.345 0 2
0 -0.025 -0.335 0 2
0 -0.025 -0.325 0 2
0 -0.025 -0.315 0 2
0 -0.025 -0.305 0 2
0 -0.025 -0.295 0 2
0 -0.025 -0.285 0 2
0 -0.025 -0.275 0 2
0 -0.025 -0.265 0 2
0 -0.025 -0.255 0 2
0 -0.025 -0.245 0 2
0 -0.025 -0.235 0 2
0 -0.025 -0.225 0 2
0 -0.025 -0.215 0 2
0 -0.025 -0.205 0 2
0 -0.025 -0.195 0 2
0 -0.025 -0.185 0 2
0 -0.025 -0.175 0 2
0 -0.025 -0.165 0 2
0 -0.025 -0.155 0 2
0 -0.025 -0.145 0 2
0 -0.025 -0.135 0 2
0 -0.025 -0.125 0 2
0 -0.025 -0.115 0 2
0 -0.025 -0.105 0 2
0 -0.025 -0.095 0 2
0 -0.025 -0.085 0 2
0 -0.025 -0.075 0 2
0 -0.025 -0.065 0 2
0 -0.025 -0.055 0 1
0 -0.025 -0.045 0 1
0 -0.025 -0.035 0 1
0 -0.025 -0.025 0 1
0 -0.025 -0.015 0 1
0 -0.025 -0.005 0 1
0 -0.025 0.005 0 1
0 -0.025 0.015 0 1
0 -0.025 0.025 0 1
0 -0.025 0.035 0 1
0 -0.025 0.045 0 1
0 -0.025 0.055 0 1
0 -0.025 0.065 0 2
0 -0.025 0.075 0 2
0 -0.025 0.085 0 2
0 -0.025 0.095 0 2
0 -0.025 0.105 0 2
0 -0.025 0.115 0 2
0 -0.025 0.125 0 2
0 -0.025 0.135 0 2
0 -0.025 0.145 0 2
0 -0.025 0.155 0 2
0 -0.025 0.165 0 2
0 -0.025 0.175 0 2
0 -0.025 0.185 0 2
0 -0.025 0.195 0 1
0 -0.025 0.205 0 1
0 -0.025 0.215 0 1
0 -0.025 0.225 0 2
0 -0.025 0.235 0 2
0 -0.025 0.245 0 2
0 -0.025 0.255 0 2
0 -0.025 0.265 0 2
0 -0.025 0.275 0 2
0 -0.025 0.285 0 2
0 -0.025 0.295 0 2
0 -0.025 0.305 0 2
0 -0.025 0.315 0 2
0 -0.025 0.325 0 2
0 -0.025 0.335 0 2
0 -0.025 0.345 0 2
0 -0.025 0.355 0 2
0 -0.025 0.365 0 2
0 -0.025 0.375 0 1
0 -0.025 0.385 0 1
0 -0.025 0.395 0 1
0 -0.025 0.405 0 2
0 -0.025 0.415 0 2
0 -0.025 0.425 0 2
0 -0.025 0.435 0 2
0 -0.025 0.445 0 2
0 -0.025 0.455 0 2
0 -0.025 0.465 0 2
0 -0.015 -0.455 0 2
0 -0.015 -0.445 0 2
0 -0.015 -0.435 0 2
0 -0.015 -0.425 0 2
0 -0.015 -0.415 0 2
0 -0.015 -0.405 0 2
0 -0.015 -0.395 0 2
0 -0.015 -0.385 0 2
0 -0.015 -0.375 0 2
0 -0.015 -0.365 0 2
0 -0.015 -0.355 0 2
0 -0.015 -0.345 0 2
0 -0.015 -0.335 0 2
0 -0.015 -0.325 0 2
0 -0.015 -0.315 0 2
0 -0.015 -0.305 0 2
0 -0.015 -0.295 0 2
0 -0.015 -0.285 0 2
0 -0.015 -0.275 0 2
0 -0.015 -0.265 0 2
0 -0.015 -0.255 0 2
0 -0.015 -0.245 0 2
0 -0.015 -0.235 0 2
0 -0.015 -0.225 0 2
0 -0.015 -0.215 0 2
0 -0.015 -0.205 0 2
0 -0.015 -0.195 0 2
0 -0.015 -0.185 0 2
0 -0.015 -0.175 0 2
0 -0.015 -0.165 0 2
0 -0.015 -0.155 0 2
0 -0.015 -0.145 0 2
0 -0.015 -0.135 0 2
0 -0.015 -0.125 0 2
0 -0.015 -0.115 0 2
0 -0.015 -0.105 0 2
0 -0.015 -0.095 0 2
0 -0.015 -0.085 0 2
0 -0.015 -0.075 0 2
0 -0.015 -0.065 0 2
0 -0.015 -0.055 0 2
0 -0.015 -0.045 0 1
0 -0.015 -0.035 0 1
0 -0.015 -0.025 0 1
0 -0.015 -0.015 0 2
0 -0.015 -0.005 0 2
0 -0.015 0.005 0 1
0 -0.015 0.015 0 1
0 -0.015 0.025 0 1
0 -0.015 0.035 0 1
0 -0.015 0.045 0 1
0 -0.015 0.055 0 1
0 -0.015 0.065 0 2
0 -0.015 0.075 0 2
0 -0.015 0.085 0 2
0 -0.015 0.095 0 2
0 -0.015 0.105 0 2
0 -0.015 0.115 0 2
0 -0.015 0.125 0 2
0 -0.015 0.135 0 2
0 -0.015 0.145 0 2
0 -0.015 0.155 0 2
0 -0.015 0.165 0 2
0 -0.015 0.175 0 2
0 -0.015 0.185 0 2
0 -0.015 0.195 0 2
0 -0.015 0.205 0 2
0 -0.015 0.215 0 2
0 -0.015 0.225 0 2
0 -0.015 0.235 0 2
0 -0.015 0.245 0 2
0 -0.015 0.255 0 2
0 -0.015 0.265 0 2
0 -0.015 0.275 0 2
0 -0.015 0.285 0 2
0 -0.015 0.295 0 2
0 -0.015 0.305 0 2
0 -0.015 0.315 0 2
0 -0.015 0.325 0 2
0 -0.015 0.335 0 2
0 -0.015 0.345 0 2
0 -0.015 0.355 0 2
0 -0.015 0.365 0 1
0 -0.015 0.375 0 1
0 -0.015 0.385 0 1
0 -0.015 0.395 0 1
0 -0.015 0.405 0 1
0 -0.015 0.415 0 2
0 -0.015 0.425 0 2
0 -0.015 0.435 0 2
0 -0.015 0.445 0 2
0 -0.015 0.455 0 2
0 -0.015 0.465 0 2
0 -0.005 -0.455 0 2
0 -0.005 -0.445 0 2
0 -0.005 -0.435 0 2
0 -0.005 -0.425 0 2
0 -0.005 -0.415 0 2
0 -0.005 -0.405 0 2
0 -0.005 -0.395 0 2
0 -0.005 -0.385 0 2
0 -0.005 -0.375 0 2
0 -0.005 -0.365 0 2
0 -0.005 -0.355 0 2
0 -0.005 -0.345 0 2
0 -0.005 -0.335 0 2
0 -0.005 -0.325 0 2
0 -0.005 -0.315 0 2
0 -0.005 -0.305 0 2
0 -0.005 -0.295 0 2
0 -0.005 -0.285 0 2
0 -0.005 -0.275 0 2
0 -0.005 -0.265 0 2
0 -0.005 -0.255 0 2
0 -0.005 -0.245 0 2
0 -0.005 -0.235 0 2
0 -0.005 -0.225 0 2
0 -0.005 -0.215 0 2
0 -0.005 -0.205 0 2
0 -0.005 -0.195 0 2
0 -0.005 -0.185 0 2
0 -0.005 -0.175 0 2
0 -0.005 -0.165 0 2
0 -0.005 -0.155 0 2
0 -0.005 -0.145 0 2
0 -0.005 -0.135 0 2
0 -0.005 -0.125 0 2
0 -0.005 -0.115 0 2
0 -0.005 -0.105 0 2
0 -0.005 -0.095 0 2
0 -0.005 -0.085 0 2
0 -0.005 -0.075 0 2
0 -0.005 -0.065 0 2
0 -0.005 -0.055 0 2
0 -0.005 -0.045 0 2
0 -0.005 -0.035 0 2
0 -0.005 -0.025 0 2
0 -0.005 -0.015 0 2
0 -0.005 -0.005 0 2
0 -0.005 0.005 0 2
0 -0.005 0.015 0 1
0 -0.005 0.025 0 1
0 -0.005 0.035 0 1
0 -0.005 0.045 0 1
0 -0.005 0.055 0 2
0 -0.005 0.065 0 2
0 -0.005 0.075 0 2
0 -0.005 0.085 0 2
0 -0.005 0.095 0 2
0 -0.005 0.105 0 2
0 -0.005 0.115 0 2
0 -0.005 0.125 0 2
0 -0.005 0.135 0 2
0 -0.005 0.145 0 2
0 -0.005 0.155 0 2
0 -0.005 0.165 0 2
0 -0.005 0.175 0 2
0 -0.005 0.185 0 2
0 -0.005 0.195 0 2
0 -0.005 0.205 0 2
0 -0.005 0.215 0 2
0 -0.005 0.225 0 2
0 -0.005 0.235 0 2
0 -0.005 0.245 0 2
0 -0.005 0.255 0 2
0 -0.005 0.265 0 2
0 -0.005 0.275 0 2
0 -0.005 0.285 0 2
0 -0.005 0.295 0 2
0 -0.005 0.305 0 2
0 -0.005 0.315 0 2
0 -0.005 0.325 0 2
0 -0.005 0.335 0 2
0 -0.005 0.345 0 2
0 -0.005 0.355 0 2
0 -0.005 0.365 0 1
0 -0.005 0.375 0 1
0 -0.005 0.385 0 1
0 -0.005 0.395 0 1
0 -0.005 0.405 0 1
0 -0.005 0.415 0 1
0 -0.005 0.425 0 2
0 -0.005 0.435 0 2
0 -0.005 0.445 0 2
0 -0.005 0.455 0 2
0 -0.005 0.465 0 2
0 0.005 -0.455 0 1
0 0.005 -0.445 0 2
0 0.005 -0.435 0 2
0 0.005 -0.425 0 2
0 0.005 -0.415 0 2
0 0.005 -0.405 0 2
0 0.005 -0.395 0.006337534865 2
0 0.005 -0.385 0.006507399826 2
0 0.005 -0.375 0.006659480748 2
0 0.005 -0.365 0.006793362008 2
0 0.005 -0.355 0.006908677724 2
0 0.005 -0.345 0.007005112749 2
0 0.005 -0.335 0.007082403538 2
0 0.005 -0.325 0.007140338862 2
0 0.005 -0.315 0.00717876039 2
0 0.005 -0.305 0.00719756312 2
0 0.005 -0.295 0.007196695666 2
0 0.005 -0.285 0.0071761604 2
0 0.005 -0.275 0.007136013441 2
0 0.005 -0.265 0.007076364507 2
0 0.005 -0.255 0.006997376613 2
0 0.005 -0.245 0.006899265624 2
0 0.005 -0.235 0.006782299666 2
0 0.005 -0.225 0.006646798397 2
0 0.005 -0.215 0.006493132125 2
0 0.005 -0.205 0.006321720806 2
0 0.005 -0.195 0.006133032889 2
0 0.005 -0.185 0.005927584037 2
0 0.005 -0.175 0.00570593572 2
0 0.005 -0.165 0.005468693681 2
0 0.005 -0.155 0.005216506277 2
0 0.005 -0.145 0.004950062709 2
0 0.005 -0.135 0.00467009114 2
0 0.005 -0.125 0.004377356702 2
0 0.005 -0.115 0.004072659409 2
0 0.005 -0.105 0.003756831966 2
0 0.005 -0.095 0.003430737495 2
0 0.005 -0.085 0.003095267179 2
0 0.005 -0.075 0.002751337824 2
0 0.005 -0.065 0.002399889351 2
0 0.005 -0.055 0.002041882233 2
0 0.005 -0.045 0.001678294865 2
0 0.005 -0.035 0.001310120894 2
0 0.005 -0.025 0.0009383665001 2
0 0.005 -0.015 0.000564047649 2
0 0.005 -0.005 0.0001881873151 2
0 0.005 0.005 -0.0001881873151 2
0 0.005 0.015 -0.000564047649 2
0 0.005 0.025 -0.0009383665001 2
0 0.005 0.035 -0.001310120894 2
0 0.005 0.045 -0.001678294865 2
0 0.005 0.055 -0.002041882233 2
0 0.005 0.065 -0.002399889351 2
0 0.005 0.075 -0.002751337824 2
0 0.005 0.085 -0.003095267179 2
0 0.005 0.095 -0.003430737495 2
0 0.005 0.105 -0.003756831966 2
0 0.005 0.115 -0.004072659409 2
0 0.005 0.125 -0.004377356702 2
0 0.005 0.135 -0.00467009114 2
0 0.005 0.145 -0.004950062709 2
0 0.005 0.155 -0.005216506277 2
0 0.005 0.165 -0.005468693681 2
0 0.005 0.175 -0.00570593572 2
0 0.005 0.185 -0.005927584037 1
0 0.005 0.195 -0.006133032889 1
0 0.005 0.205 -0.006321720806 1
0 0.005 0.215 -0.006493132125 1
0 0.005 0.225 -0.006646798397 1
0 0.005 0.235 -0.006782299666 2
0 0.005 0.245 -0.006899265624 2
0 0.005 0.255 -0.006997376613 2
0 0.005 0.265 -0.007076364507 2
0 0.005 0.275 -0.007136013441 2
0 0.005 0.285 -0.0071761604 2
0 0.005 0.295 -0.007196695666 2
0 0.005 0.305 -0.00719756312 2
0 0.005 0.315 -0.00717876039 2
0 0.005 0.325 -0.007140338862 2
0 0.005 0.335 -0.007082403538 2
0 0.005 0.345 -0.007005112749 2
0 0.005 0.355 -0.006908677724 1
0 0.005 0.365 -0.006793362008 1
0 0.005 0.375 -0.006659480748 1
0 0.005 0.385 -0.006507399826 1
0 0.005 0.395 -0.006337534865 1
0 0.005 0.405 0 1
0 0.005 0.415 0 1
0 0.005 0.425 0 1
0 0.005 0.435 0 2
0 0.005 0.445 0 2
0 0.005 0.455 0 2
0 0.005 0.465 0 2
0 0.015 -0.455 0 1
0 0.015 -0.445 0 2
0 0.015 -0.435 0 2
0 0.015 -0.425 0 2
0 0.015 -0.415 0 2
0 0.015 -0.405 0 2
0 0.015 -0.395 0.01901129059 2
0 0.015 -0.385 0.01952085025 2
0 0.015 -0.375 0.01997706148 2
0 0.015 -0.365 0.02037867751 2
0 0.015 -0.355 0.02072460074 2
0 0.015 -0.345 0.02101388583 2
0 0.015 -0.335 0.02124574217 2
0 0.015 -0.325 0.02141953613 2
0 0.015 -0.315 0.02153479274 2
0 0.015 -0.305 0.02159119704 2
0 0.015 -0.295 0.02158859485 2
0 0.015 -0.285 0.02152699331 2
0 0.015 -0.275 0.02140656076 2
0 0.015 -0.265 0.02122762633 2
0 0.015 -0.255 0.02099067902 2
0 0.015 -0.245 0.02069636639 2
0 0.015 -0.235 0.02034549277 2
0 0.015 -0.225 0.01993901706 2
0 0.015 -0.215 0.01947805011 2
0 0.015 -0.205 0.01896385169 2
0 0.015 -0.195 0.01839782706 2
0 0.015 -0.185 0.0177815231 2
0 0.015 -0.175 0.01711662411 2
0 0.015 -0.165 0.01640494718 2
0 0.015 -0.155 0.01564843725 2
0 0.015 -0.145 0.01484916179 2
0 0.015 -0.135 0.01400930513 2
0 0.015 -0.125 0.01313116252 2
0 0.015 -0.115 0.01221713381 2
0 0.015 -0.105 0.01126971696 2
0 0.015 -0.095 0.01029150116 2
0 0.015 -0.085 0.009285159773 2
0 0.015 -0.075 0.008253443016 2
0 0.015 -0.065 0.007199170466 2
0 0.015 -0.055 0.00612522334 2
0 0.015 -0.045 0.005034536622 2
0 0.015 -0.035 0.003930091045 2
0 0.015 -0.025 0.002814904942 2
0 0.015 -0.015 0.001692025999 2
0 0.015 -0.005 0.0005645229269 2
0 0.015 0.005 -0.0005645229269 2
0 0.015 0.015 -0.001692025999 2
0 0.015 0.025 -0.002814904942 2
0 0.015 0.035 -0.003930091045 2
0 0.015 0.045 -0.005034536622 2
0 0.015 0.055 -0.00612522334 2
0 0.015 0.065 -0.007199170466 2
0 0.015 0.075 -0.008253443016 2
0 0.015 0.085 -0.009285159773 2
0 0.015 0.095 -0.01029150116 2
0 0.015 0.105 -0.01126971696 2
0 0.015 0.115 -0.01221713381 2
0 0.015 0.125 -0.01313116252 2
0 0.015 0.135 -0.01400930513 2
0 0.015 0.145 -0.01484916179 2
0 0.015 0.155 -0.01564843725 2
0 0.015 0.165 -0.01640494718 2
0 0.015 0.175 -0.01711662411 2
0 0.015 0.185 -0.0177815231 1
0 0.015 0.195 -0.01839782706 1
0 0.015 0.205 -0.01896385169 1
0 0.015 0.215 -0.01947805011 1
0 0.015 0.225 -0.01993901706 1
0 0.015 0.235 -0.02034549277 1
0 0.015 0.245 -0.02069636639 1
0 0.015 0.255 -0.02099067902 2
0 0.015 0.265 -0.02122762633 2
0 0.015 0.275 -0.02140656076 2
0 0.015 0.285 -0.02152699331 2
0 0.015 0.295 -0.02158859485 2
0 0.015 0.305 -0.02159119704 2
0 0.015 0.315 -0.02153479274 2
0 0.015 0.325 -0.02141953613 2
0 0.015 0.335 -0.02124574217 2
0 0.015 0.345 -0.02101388583 2
0 0.015 0.355 -0.02072460074 1
0 0.015 0.365 -0.02037867751 1
0 0.015 0.375 -0.01997706148 1
0 0.015 0.385 -0.01952085025 1
0 0.015 0.395 -0.01901129059 1
0 0.015 0.405 0 1
0 0.015 0.415 0 1
0 0.015 0.425 0 1
0 0.015 0.435 0 2
0 0.015 0.445 0 2
0 0.015 0.455 0 2
0 0.015 0.465 0 2
0 0.025 -0.455 0 1
0 0.025 -0.445 0 1
0 0.025 -0.435 0 2
0 0.025 -0.425 0 2
0 0.025 -0.415 0 2
0 0.025 -0.405 0 2
0 0.025 -0.395 0.03168110456 2
0 0.025 -0.385 0.03253025327 2
0 0.025 -0.375 0.03329050023 2
0 0.025 -0.365 0.03395976774 2
0 0.025 -0.355 0.03453622678 2
0 0.025 -0.345 0.03501830194 2
0 0.025 -0.335 0.03540467576 2
0 0.025 -0.325 0.03569429232 2
0 0.025 -0.315 0.03588636013 2
0 0.025 -0.305 0.03598035429 2
0 0.025 -0.295 0.03597601792 2
0 0.025 -0.285 0.03587336287 2
0 0.025 -0.275 0.0356726697 2
0 0.025 -0.265 0.03537448686 2
0 0.025 -0.255 0.03497962927 1
0 0.025 -0.245 0.03448917603 1
0 0.025 -0.235 0.0339044675 1
0 0.025 -0.225 0.03322710162 2
0 0.025 -0.215 0.03245892956 2
0 0.025 -0.205 0.03160205066 2
0 0.025 -0.195 0.03065880667 2
0 0.025 -0.185 0.02963177539 2
0 0.025 -0.175 0.02852376358 2
0 0.025 -0.165 0.02733779932 2
0 0.025 -0.155 0.02607712372 2
0 0.025 -0.145 0.02474518209 2
0 0.025 -0.135 0.02334561448 2
0 0.025 -0.125 0.02188224575 2
0 0.025 -0.115 0.02035907515 2
0 0.025 -0.105 0.01878026533 2
0 0.025 -0.095 0.01715013102 2
0 0.025 -0.085 0.01547312721 2
0 0.025 -0.075 0.01375383696 2
0 0.025 -0.065 0.01199695892 2
0 0.025 -0.055 0.01020729446 2
0 0.025 -0.045 0.008389734532 2
0 0.025 -0.035 0.006549246341 2
0 0.025 -0.025 0.004690859748 2
0 0.025 -0.015 0.002819653528 2
0 0.025 -0.005 0.000940741492 2
0 0.025 0.005 -0.000940741492 2
0 0.025 0.015 -0.002819653528 2
0 0.025 0.025 -0.004690859748 2
0 0.025 0.035 -0.006549246341 2
0 0.025 0.045 -0.008389734532 2
0 0.025 0.055 -0.01020729446 2
0 0.025 0.065 -0.01199695892 2
0 0.025 0.075 -0.01375383696 2
0 0.025 0.085 -0.01547312721 2
0 0.025 0.095 -0.01715013102 2
0 0.025 0.105 -0.01878026533 2
0 0.025 0.115 -0.02035907515 2
0 0.025 0.125 -0.02188224575 2
0 0.025 0.135 -0.02334561448 2
0 0.025 0.145 -0.02474518209 2
0 0.025 0.155 -0.02607712372 2
0 0.025 0.165 -0.02733779932 2
0 0.025 0.175 -0.02852376358 1
0 0.025 0.185 -0.02963177539 1
0 0.025 0.195 -0.03065880667 1
0 0.025 0.205 -0.03160205066 1
0 0.025 0.215 -0.03245892956 1
0 0.025 0.225 -0.03322710162 1
0 0.025 0.235 -0.0339044675 1
0 0.025 0.245 -0.03448917603 1
0 0.025 0.255 -0.03497962927 1
0 0.025 0.265 -0.03537448686 2
0 0.025 0.275 -0.0356726697 2
0 0.025 0.285 -0.03587336287 2
0 0.025 0.295 -0.03597601792 2
0 0.025 0.305 -0.03598035429 2
0 0.025 0.315 -0.03588636013 2
0 0.025 0.325 -0.03569429232 2
0 0.025 0.335 -0.03540467576 2
0 0.025 0.345 -0.03501830194 2
0 0.025 0.355 -0.03453622678 2
0 0.025 0.365 -0.03395976774 1
0 0.025 0.375 -0.03329050023 1
0 0.025 0.385 -0.03253025327 1
0 0.025 0.395 -0.03168110456 1
0 0.025 0.405 0 1
0 0.025 0.415 0 1
0 0.025 0.425 0 1
0 0.025 0.435 0 2
0 0.025 0.445 0 2
0 0.025 0.455 0 2
0 0.025 0.465 0 2
0 0.035 -0.455 0 1
0 0.035 -0.445 0 1
0 0.035 -0.435 0 2
0 0.035 -0.425 0 2
0 0.035 -0.415 0 2
0 0.035 -0.405 0 2
0 0.035 -0.395 0.04434434985 2
0 0.035 -0.385 0.04553291156 2
0 0.035 -0.375 0.0465970366 2
0 0.035 -0.365 0.04753381684 2
0 0.035 -0.355 0.04834069216 2
0 0.035 -0.345 0.04901545744 2
0 0.035 -0.335 0.04955626863 2
0 0.035 -0.325 0.04996164775 2
0 0.035 -0.315 0.05023048693 2
0 0.035 -0.305 0.05036205146 2
0 0.035 -0.295 0.05035598181 2
0 0.035 -0.285 0.05021229454 2
0 0.035 -0.275 0.04993138236 2
0 0.035 -0.265 0.04951401295 1
0 0.035 -0.255 0.04896132694 1
0 0.035 -0.245 0.04827483478 1
0 0.035 -0.235 0.04745641256 1
0 0.035 -0.225 0.04650829695 1
0 0.035 -0.215 0.04543307906 1
0 0.035 -0.205 0.04423369734 2
0 0.035 -0.195 0.04291342956 2
0 0.035 -0.185 0.0414758839 2
0 0.035 -0.175 0.039924989 2
0 0.035 -0.165 0.0382649833 2
0 0.035 -0.155 0.03650040343 2
0 0.035 -0.145 0.03463607179 2
0 0.035 -0.135 0.0326770834 2
0 0.035 -0.125 0.03062879197 2
0 0.035 -0.115 0.02849679528 2
0 0.035 -0.105 0.02628691984 2
0 0.035 -0.095 0.02400520501 2
0 0.035 -0.085 0.02165788648 2
0 0.035 -0.075 0.01925137922 2
0 0.035 -0.065 0.01679225996 2
0 0.035 -0.055 0.01428724922 2
0 0.035 -0.045 0.01174319293 2
0 0.035 -0.035 0.009167043733 2
0 0.035 -0.025 0.006565841964 2
0 0.035 -0.015 0.003946696438 2
0 0.035 -0.005 0.001316765006 2
0 0.035 0.005 -0.001316765006 2
0 0.035 0.015 -0.003946696438 2
0 0.035 0.025 -0.006565841964 2
0 0.035 0.035 -0.009167043733 2
0 0.035 0.045 -0.01174319293 2
0 0.035 0.055 -0.01428724922 2
0 0.035 0.065 -0.01679225996 2
0 0.035 0.075 -0.01925137922 2
0 0.035 0.085 -0.02165788648 2
0 0.035 0.095 -0.02400520501 2
0 0.035 0.105 -0.02628691984 2
0 0.035 0.115 -0.02849679528 2
0 0.035 0.125 -0.03062879197 2
0 0.035 0.135 -0.0326770834 2
0 0.035 0.145 -0.03463607179 2
0 0.035 0.155 -0.03650040343 2
0 0.035 0.165 -0.0382649833 2
0 0.035 0.175 -0.039924989 2
0 0.035 0.185 -0.0414758839 1
0 0.035 0.195 -0.04291342956 1
0 0.035 0.205 -0.04423369734 1
0 0.035 0.215 -0.04543307906 1
0 0.035 0.225 -0.04650829695 1
0 0.035 0.235 -0.04745641256 1
0 0.035 0.245 -0.04827483478 1
0 0.035 0.255 -0.04896132694 1
0 0.035 0.265 -0.04951401295 1
0 0.035 0.275 -0.04993138236 2
0 0.035 0.285 -0.05021229454 2
0 0.035 0.295 -0.05035598181 2
0 0.035 0.305 -0.05036205146 2
0 0.035 0.315 -0.05023048693 2
0 0.035 0.325 -0.04996164775 2
0 0.035 0.335 -0.04955626863 2
0 0.035 0.345 -0.04901545744 2
0 0.035 0.355 -0.04834069216 2
0 0.035 0.365 -0.04753381684 1
0 0.035 0.375 -0.0465970366 1
0 0.035 0.385 -0.04553291156 1
0 0.035 0.395 -0.04434434985 1
0 0.035 0.405 0 1
0 0.035 0.415 0 1
0 0.035 0.425 0 1
0 0.035 0.435 0 1
0 0.035 0.445 0 2
0 0.035 0.455 0 2
0 0.035 0.465 0 2
0 0.045 -0.455 0 1
0 0.045 -0.445 0 1
0 0.045 -0.435 0 2
0 0.045 -0.425 0 2
0 0.045 -0.415 0 2
0 0.045 -0.405 0 2
0 0.045 -0.395 0.05699840089 2
0 0.045 -0.385 0.05852612916 2
0 0.045 -0.375 0.05989391167 2
0 0.045 -0.365 0.06109801041 2
0 0.045 -0.355 0.06213513471 2
0 0.045 -0.345 0.06300245021 2
0 0.045 -0.335 0.06369758664 2
0 0.045 -0.325 0.06421864425 2
0 0.045 -0.315 0.06456419906 2
0 0.045 -0.305 0.0647333067 2
0 0.045 -0.295 0.06472550502 2
0 0.045 -0.285 0.06454081532 2
0 0.045 -0.275 0.06417974237 2
0 0.045 -0.265 0.06364327292 1
0 0.045 -0.255 0.06293287309 1
0 0.045 -0.245 0.06205048434 1
0 0.045 -0.235 0.06099851813 1
0 0.045 -0.225 0.05977984938 1
0 0.045 -0.215 0.05839780858 1
0 0.045 -0.205 0.05685617271 1
0 0.045 -0.195 0.0551591549 2
0 0.045 -0.185 0.05331139291 2
0 0.045 -0.175 0.05131793648 2
0 0.045 -0.165 0.04918423353 2
0 0.045 -0.155 0.04691611523 2
0 0.045 -0.145 0.04451978013 2
0 0.045 -0.135 0.04200177714 2
0 0.045 -0.125 0.0393689877 2
0 0.045 -0.115 0.03662860697 2
0 0.045 -0.105 0.03378812409 2
0 0.045 -0.095 0.03085530183 2
0 0.045 -0.085 0.02783815526 2
0 0.045 -0.075 0.02474492995 2
0 0.045 -0.065 0.02158407934 2
0 0.045 -0.055 0.01836424171 2
0 0.045 -0.045 0.01509421653 2
0 0.045 -0.035 0.01178294045 2
0 0.045 -0.025 0.008439462834 2
0 0.045 -0.015 0.00507292105 2
0 0.045 -0.005 0.001692515506 2
0 0.045 0.005 -0.001692515506 2
0 0.045 0.015 -0.00507292105 2
0 0.045 0.025 -0.008439462834 2
0 0.045 0.035 -0.01178294045 2
0 0.045 0.045 -0.01509421653 2
0 0.045 0.055 -0.01836424171 2
0 0.045 0.065 -0.02158407934 2
0 0.045 0.075 -0.02474492995 2
0 0.045 0.085 -0.02783815526 2
0 0.045 0.095 -0.03085530183 2
0 0.045 0.105 -0.03378812409 2
0 0.045 0.115 -0.03662860697 2
0 0.045 0.125 -0.0393689877 2
0 0.045 0.135 -0.04200177714 2
0 0.045 0.145 -0.04451978013 2
0 0.045 0.155 -0.04691611523 2
0 0.045 0.165 -0.04918423353 2
0 0.045 0.175 -0.05131793648 2
0 0.045 0.185 -0.05331139291 1
0 0.045 0.195 -0.0551591549 1
0 0.045 0.205 -0.05685617271 1
0 0.045 0.215 -0.05839780858 1
0 0.045 0.225 -0.05977984938 1
0 0.045 0.235 -0.06099851813 1
0 0.045 0.245 -0.06205048434 1
0 0.045 0.255 -0.06293287309 1
0 0.045 0.265 -0.06364327292 1
0 0.045 0.275 -0.06417974237 2
0 0.045 0.285 -0.06454081532 2
0 0.045 0.295 -0.06472550502 2
0 0.045 0.305 -0.0647333067 2
0 0.045 0.315 -0.06456419906 2
0 0.045 0.325 -0.06421864425 2
0 0.045 0.335 -0.06369758664 2
0 0.045 0.345 -0.06300245021 2
0 0.045 0.355 -0.06213513471 2
0 0.045 0.365 -0.06109801041 1
0 0.045 0.375 -0.05989391167 1
0 0.045 0.385 -0.05852612916 1
0 0.045 0.395 -0.05699840089 1
0 0.045 0.405 0 1
0 0.045 0.415 0 1
0 0.045 0.425 0 1
0 0.045 0.435 0 1
0 0.045 0.445 0 2
0 0.045 0.455 0 2
0 0.045 0.465 0 2
0 0.055 -0.455 0 1
0 0.055 -0.445 0 2
0 0.055 -0.435 0 2
0 0.055 -0.425 0 2
0 0.055 -0.415 0 2
0 0.055 -0.405 0 2
0 0.055 -0.395 0.06964063404 2
0 0.055 -0.385 0.07150721211 2
0 0.055 -0.375 0.07317836848 2
0 0.055 -0.365 0.07464953607 2
0 0.055 -0.355 0.07591669431 2
0 0.055 -0.345 0.07697638021 2
0 0.055 -0.335 0.07782569775 2
0 0.055 -0.325 0.07846232583 2
0 0.055 -0.315 0.07888452463 2
0 0.055 -0.305 0.0790911403 2
0 0.055 -0.295 0.0790816082 2
0 0.055 -0.285 0.07885595438 2
0 0.055 -0.275 0.07841479552 2
0 0.055 -0.265 0.07775933726 1
0 0.055 -0.255 0.0768913709 1
0 0.055 -0.245 0.07581326851 1
0 0.055 -0.235 0.07452797642 1
0 0.055 -0.225 0.0730390072 1
0 0.055 -0.215 0.07135043005 1
0 0.055 -0.205 0.06946685968 1
0 0.055 -0.195 0.06739344367 1
0 0.055 -0.185 0.06513584847 2
0 0.055 -0.175 0.06270024383 2
0 0.055 -0.165 0.06009328602 2
0 0.055 -0.155 0.05732209957 2
0 0.055 -0.145 0.05439425785 2
0 0.055 -0.135 0.05131776233 2
0 0.055 -0.125 0.04810102077 2
0 0.055 -0.115 0.04475282417 2
0 0.055 -0.105 0.0412823228 2
0 0.055 -0.095 0.03769900118 2
0 0.055 -0.085 0.03401265215 2
0 0.055 -0.075 0.03023335012 2
0 0.055 -0.065 0.02637142352 2
0 0.055 -0.055 0.0224374266 2
0 0.055 -0.045 0.01844211054 2
0 0.055 -0.035 0.01439639413 2
0 0.055 -0.025 0.01031133389 2
0 0.055 -0.015 0.006198093855 2
0 0.055 -0.005 0.002067915083 2
0 0.055 0.005 -0.002067915083 2
0 0.055 0.015 -0.006198093855 2
0 0.055 0.025 -0.01031133389 2
0 0.055 0.035 -0.01439639413 2
0 0.055 0.045 -0.01844211054 2
0 0.055 0.055 -0.0224374266 2
0 0.055 0.065 -0.02637142352 2
0 0.055 0.075 -0.03023335012 2
0 0.055 0.085 -0.03401265215 2
0 0.055 0.095 -0.03769900118 2
0 0.055 0.105 -0.0412823228 2
0 0.055 0.115 -0.04475282417 2
0 0.055 0.125 -0.04810102077 2
0 0.055 0.135 -0.05131776233 2
0 0.055 0.145 -0.05439425785 2
0 0.055 0.155 -0.05732209957 2
0 0.055 0.165 -0.06009328602 2
0 0.055 0.175 -0.06270024383 2
0 0.055 0.185 -0.06513584847 1
0 0.055 0.195 -0.06739344367 1
0 0.055 0.205 -0.06946685968 1
0 0.055 0.215 -0.07135043005 1
0 0.055 0.225 -0.0730390072 1
0 0.055 0.235 -0.07452797642 1
0 0.055 0.245 -0.07581326851 1
0 0.055 0.255 -0.0768913709 1
0 0.055 0.265 -0.07775933726 1
0 0.055 0.275 -0.07841479552 2
0 0.055 0.285 -0.07885595438 2
0 0.055 0.295 -0.0790816082 2
0 0.055 0.305 -0.0790911403 2
0 0.055 0.315 -0.07888452463 2
0 0.055 0.325 -0.07846232583 2
0 0.055 0.335 -0.07782569775 2
0 0.055 0.345 -0.07697638021 2
0 0.055 0.355 -0.07591669431 2
0 0.055 0.365 -0.07464953607 2
0 0.055 0.375 -0.07317836848 1
0 0.055 0.385 -0.07150721211 1
0 0.055 0.395 -0.06964063404 1
0 0.055 0.405 0 1
0 0.055 0.415 0 1
0 0.055 0.425 0 1
0 0.055 0.435 0 2
0 0.055 0.445 0 2
0 0.055 0.455 0 2
0 0.055 0.465 0 2
0 0.065 -0.455 0 2
0 0.065 -0.445 0 2
0 0.065 -0.435 0 2
0 0.065 -0.425 0 2
0 0.065 -0.415 0 2
0 0.065 -0.405 0 2
0 0.065 -0.395 0.08226842807 2
0 0.065 -0.385 0.08447346893 2
0 0.065 -0.375 0.08644765268 2
0 0.065 -0.365 0.08818558408 2
0 0.065 -0.355 0.08968251354 2
0 0.065 -0.345 0.09093435012 2
0 0.065 -0.335 0.09193767268 2
0 0.065 -0.325 0.09268973923 2
0 0.065 -0.315 0.09318849447 2
0 0.065 -0.305 0.09343257535 2
0 0.065 -0.295 0.09342131481 2
0 0.065 -0.285 0.09315474364 2
0 0.065 -0.275 0.09263359034 2
0 0.065 -0.265 0.09185927917 1
0 0.065 -0.255 0.09083392625 1
0 0.065 -0.245 0.08956033375 1
0 0.065 -0.235 0.08804198227 1
0 0.065 -0.225 0.0862830213 1
0 0.065 -0.215 0.08428825791 1
0 0.065 -0.205 0.08206314356 1
0 0.065 -0.195 0.07961375926 1
0 0.065 -0.185 0.07694679892 2
0 0.065 -0.175 0.07406955107 2
0 0.065 -0.165 0.07098987892 2
0 0.065 -0.155 0.06771619889 2
0 0.065 -0.145 0.0642574576 2
0 0.065 -0.135 0.06062310744 2
0 0.065 -0.125 0.05682308069 2
0 0.065 -0.115 0.05286776243 2
0 0.065 -0.105 0.04876796213 2
0 0.065 -0.095 0.04453488412 2
0 0.065 -0.085 0.04018009695 2
0 0.065 -0.075 0.0357155018 2
0 0.065 -0.065 0.03115329993 2
0 0.065 -0.055 0.02650595937 2
0 0.065 -0.045 0.0217861808 2
0 0.065 -0.035 0.01700686289 2
0 0.065 -0.025 0.01218106702 2
0 0.065 -0.015 0.007321981564 2
0 0.065 -0.005 0.002442885905 2
0 0.065 0.005 -0.002442885905 2
0 0.065 0.015 -0.007321981564 2
0 0.065 0.025 -0.01218106702 2
0 0.065 0.035 -0.01700686289 2
0 0.065 0.045 -0.0217861808 2
0 0.065 0.055 -0.02650595937 2
0 0.065 0.065 -0.03115329993 2
0 0.065 0.075 -0.0357155018 2
0 0.065 0.085 -0.04018009695 2
0 0.065 0.095 -0.04453488412 2
0 0.065 0.105 -0.04876796213 2
0 0.065 0.115 -0.05286776243 2
0 0.065 0.125 -0.05682308069 2
0 0.065 0.135 -0.06062310744 2
0 0.065 0.145 -0.0642574576 2
0 0.065 0.155 -0.06771619889 2
0 0.065 0.165 -0.07098987892 2
0 0.065 0.175 -0.07406955107 2
0 0.065 0.185 -0.07694679892 2
0 0.065 0.195 -0.07961375926 1
0 0.065 0.205 -0.08206314356 1
0 0.065 0.215 -0.08428825791 1
0 0.065 0.225 -0.0862830213 1
0 0.065 0.235 -0.08804198227 1
0 0.065 0.245 -0.08956033375 1
0 0.065 0.255 -0.09083392625 1
0 0.065 0.265 -0.09185927917 1
0 0.065 0.275 -0.09263359034 1
0 0.065 0.285 -0.09315474364 2
0 0.065 0.295 -0.09342131481 2
0 0.065 0.305 -0.09343257535 2
0 0.065 0.315 -0.09318849447 2
0 0.065 0.325 -0.09268973923 2
0 0.065 0.335 -0.09193767268 2
0 0.065 0.345 -0.09093435012 2
0 0.065 0.355 -0.08968251354 2
0 0.065 0.365 -0.08818558408 2
0 0.065 0.375 -0.08644765268 2
0 0.065 0.385 -0.08447346893 1
0 0.065 0.395 -0.08226842807 1
0 0.065 0.405 0 1
0 0.065 0.415 0 1
0 0.065 0.425 0 1
0 0.065 0.435 0 2
0 0.065 0.445 0 2
0 0.065 0.455 0 2
0 0.065 0.465 0 2
0 0.075 -0.455 0 2
0 0.075 -0.445 0 2
0 0.075 -0.435 0 2
0 0.075 -0.425 0 2
0 0.075 -0.415 0 2
0 0.075 -0.405 0 2
0 0.075 -0.395 0.09487916478 2
0 0.075 -0.385 0.09742221124 2
0 0.075 -0.375 0.09969901305 2
0 0.075 -0.365 0.1017033479 1
0 0.075 -0.355 0.1034297382 1
0 0.075 -0.345 0.1048734659 1
0 0.075 -0.335 0.1060305855 1
0 0.075 -0.325 0.1068979346 2
0 0.075 -0.315 0.1074731429 2
0 0.075 -0.305 0.1077546383 2
0 0.075 -0.295 0.1077416517 2
0 0.075 -0.285 0.1074342184 2
0 0.075 -0.275 0.1068331788 2
0 0.075 -0.265 0.1059401752 1
0 0.075 -0.255 0.1047576483 1
0 0.075 -0.245 0.1032888298 1
0 0.075 -0.235 0.1015377337 1
0 0.075 -0.225 0.09950914571 1
0 0.075 -0.215 0.09720860965 1
0 0.075 -0.205 0.09464241268 1
0 0.075 -0.195 0.09181756794 1
0 0.075 -0.185 0.08874179543 1
0 0.075 -0.175 0.08542350092 2
0 0.075 -0.165 0.08187175296 2
0 0.075 -0.155 0.07809625811 2
0 0.075 -0.145 0.07410733438 2
0 0.075 -0.135 0.0699158831 2
0 0.075 -0.125 0.06553335906 2
0 0.075 -0.115 0.06097173923 2
0 0.075 -0.105 0.05624349004 2
0 0.075 -0.095 0.05136153331 2
0 0.075 -0.085 0.04633921091 2
0 0.075 -0.075 0.04119024831 2
0 0.075 -0.065 0.03592871709 2
0 0.075 -0.055 0.03056899646 2
0 0.075 -0.045 0.02512573397 2
0 0.075 -0.035 0.0196138055 2
0 0.075 -0.025 0.01404827455 2
0 0.075 -0.015 0.008444351151 2
0 0.075 -0.005 0.002817350224 2
0 0.075 0.005 -0.002817350224 2
0 0.075 0.015 -0.008444351151 2
0 0.075 0.025 -0.01404827455 2
0 0.075 0.035 -0.0196138055 2
0 0.075 0.045 -0.02512573397 2
0 0.075 0.055 -0.03056899646 2
0 0.075 0.065 -0.03592871709 2
0 0.075 0.075 -0.04119024831 2
0 0.075 0.085 -0.04633921091 2
0 0.075 0.095 -0.05136153331 2
0 0.075 0.105 -0.05624349004 2
0 0.075 0.115 -0.06097173923 2
0 0.075 0.125 -0.06553335906 2
0 0.075 0.135 -0.0699158831 2
0 0.075 0.145 -0.07410733438 2
0 0.075 0.155 -0.07809625811 2
0 0.075 0.165 -0.08187175296 2
0 0.075 0.175 -0.08542350092 2
0 0.075 0.185 -0.08874179543 2
0 0.075 0.195 -0.09181756794 2
0 0.075 0.205 -0.09464241268 1
0 0.075 0.215 -0.09720860965 1
0 0.075 0.225 -0.09950914571 1
0 0.075 0.235 -0.1015377337 1
0 0.075 0.245 -0.1032888298 1
0 0.075 0.255 -0.1047576483 1
0 0.075 0.265 -0.1059401752 1
0 0.075 0.275 -0.1068331788 2
0 0.075 0.285 -0.1074342184 2
0 0.075 0.295 -0.1077416517 2
0 0.075 0.305 -0.1077546383 2
0 0.075 0.315 -0.1074731429 2
0 0.075 0.325 -0.1068979346 2
0 0.075 0.335 -0.1060305855 2
0 0.075 0.345 -0.1048734659 2
0 0.075 0.355 -0.1034297382 2
0 0.075 0.365 -0.1017033479 2
0 0.075 0.375 -0.09969901305 2
0 0.075 0.385 -0.09742221124 2
0 0.075 0.395 -0.09487916478 1
0 0.075 0.405 0 1
0 0.075 0.415 0 1
0 0.075 0.425 0 2
0 0.075 0.435 0 2
0 0.075 0.445 0 2
0 0.075 0.455 0 2
0 0.075 0.465 0 2
0 0.085 -0.455 0 1
0 0.085 -0.445 0 1
0 0.085 -0.435 0 1
0 0.085 -0.425 0 1
0 0.085 -0.415 0 1
0 0.085 -0.405 0 1
0 0.085 -0.395 0.1074702295 1
0 0.085 -0.385 0.1103507543 2
0 0.085 -0.375 0.1129297021 1
0 0.085 -0.365 0.1152000248 1
0 0.085 -0.355 0.1171555181 1
0 0.085 -0.345 0.1187908376 1
0 0.085 -0.335 0.1201015142 1
0 0.085 -0.325 0.121083966 1
0 0.085 -0.315 0.121735508 2
0 0.085 -0.305 0.1220543597 2
0 0.085 -0.295 0.1220396497 2
0 0.085 -0.285 0.1216914181 2
0 0.085 -0.275 0.1210106166 2
0 0.085 -0.265 0.1199991059 2
0 0.085 -0.255 0.1186596502 1
0 0.085 -0.245 0.1169959102 1
0 0.085 -0.235 0.1150124326 1
0 0.085 -0.225 0.1127146381 1
0 0.085 -0.215 0.1101088064 1
0 0.085 -0.205 0.1072020589 1
0 0.085 -0.195 0.1040023394 1
0 0.085 -0.185 0.1005183924 1
0 0.085 -0.175 0.09675973928 2
0 0.085 -0.165 0.09273665193 2
0 0.085 -0.155 0.08846012504 2
0 0.085 -0.145 0.08394184594 2
0 0.085 -0.135 0.07919416258 2
0 0.085 -0.125 0.07423004991 2
0 0.085 -0.115 0.0690630743 2
0 0.085 -0.105 0.06370735657 2
0 0.085 -0.095 0.05817753333 2
0 0.085 -0.085 0.05248871701 2
0 0.085 -0.075 0.04665645454 2
0 0.085 -0.065 0.04069668487 2
0 0.085 -0.055 0.03462569545 2
0 0.085 -0.045 0.02846007764 2
0 0.085 -0.035 0.02221668143 2
0 0.085 -0.025 0.01591256936 2
0 0.085 -0.015 0.009564969908 2
0 0.085 -0.005 0.003191230402 2
0 0.085 0.005 -0.003191230402 2
0 0.085 0.015 -0.009564969908 2
0 0.085 0.025 -0.01591256936 2
0 0.085 0.035 -0.02221668143 2
0 0.085 0.045 -0.02846007764 2
0 0.085 0.055 -0.03462569545 2
0 0.085 0.065 -0.04069668487 2
0 0.085 0.075 -0.04665645454 2
0 0.085 0.085 -0.05248871701 2
0 0.085 0.095 -0.05817753333 2
0 0.085 0.105 -0.06370735657 2
0 0.085 0.115 -0.0690630743 2
0 0.085 0.125 -0.07423004991 2
0 0.085 0.135 -0.07919416258 2
0 0.085 0.145 -0.08394184594 2
0 0.085 0.155 -0.08846012504 2
0 0.085 0.165 -0.09273665193 2
0 0.085 0.175 -0.09675973928 2
0 0.085 0.185 -0.1005183924 2
0 0.085 0.195 -0.1040023394 2
0 0.085 0.205 -0.1072020589 2
0 0.085 0.215 -0.1101088064 2
0 0.085 0.225 -0.1127146381 1
0 0.085 0.235 -0.1150124326 1
0 0.085 0.245 -0.1169959102 1
0 0.085 0.255 -0.1186596502 1
0 0.085 0.265 -0.1199991059 1
0 0.085 0.275 -0.1210106166 2
0 0.085 0.285 -0.1216914181 2
0 0.085 0.295 -0.1220396497 2
0 0.085 0.305 -0.1220543597 2
0 0.085 0.315 -0.121735508 2
0 0.085 0.325 -0.121083966 2
0 0.085 0.335 -0.1201015142 2
0 0.085 0.345 -0.1187908376 2
0 0.085 0.355 -0.1171555181 2
0 0.085 0.365 -0.1152000248 2
0 0.085 0.375 -0.1129297021 2
0 0.085 0.385 -0.1103507543 2
0 0.085 0.395 -0.1074702295 2
0 0.085 0.405 0 2
0 0.085 0.415 0 2
0 0.085 0.425 0 2
0 0.085 0.435 0 2
0 0.085 0.445 0 2
0 0.085 0.455 0 2
0 0.085 0.465 0 2
0 0.095 -0.455 0 1
0 0.095 -0.445 0 1
0 0.095 -0.435 0 1
0 0.095 -0.425 0 1
0 0.095 -0.415 0 1
0 0.095 -0.405 0 1
0 0.095 -0.395 0.1200390116 1
0 0.095 -0.385 0.1232564175 1
0 0.095 -0.375 0.1261369765 1
0 0.095 -0.365 0.1286728165 1
0 0.095 -0.355 0.1308570072 1
0 0.095 -0.345 0.1326835794 1
0 0.095 -0.335 0.1341475413 1
0 0.095 -0.325 0.1352448921 1
0 0.095 -0.315 0.1359726329 2
0 0.095 -0.305 0.1363287747 2
0 0.095 -0.295 0.1363123443 2
0 0.095 -0.285 0.1359233866 2
0 0.095 -0.275 0.1351629645 2
0 0.095 -0.265 0.1340331563 2
0 0.095 -0.255 0.1325370495 1
0 0.095 -0.245 0.1306787329 1
0 0.095 -0.235 0.1284632851 1
0 0.095 -0.225 0.1258967606 1
0 0.095 -0.215 0.1229861735 1
0 0.095 -0.205 0.1197394781 1
0 0.095 -0.195 0.1161655473 1
0 0.095 -0.185 0.1122741482 1
0 0.095 -0.175 0.1080759157 2
0 0.095 -0.165 0.1035823231 2
0 0.095 -0.155 0.09880565089 2
0 0.095 -0.145 0.0937589532 2
0 0.095 -0.135 0.08845602215 2
0 0.095 -0.125 0.08291135009 2
0 0.095 -0.115 0.07714009001 2
0 0.095 -0.105 0.07115801418 2
0 0.095 -0.095 0.06498147097 2
0 0.095 -0.085 0.05862734024 2
0 0.095 -0.075 0.05211298714 2
0 0.095 -0.065 0.04545621472 2
0 0.095 -0.055 0.03867521524 2
0 0.095 -0.045 0.03178852047 2
0 0.095 -0.035 0.024814951 2
0 0.095 -0.025 0.01777356489 2
0 0.095 -0.015 0.01068360549 2
0 0.095 -0.005 0.003564448918 2
0 0.095 0.005 -0.003564448918 2
0 0.095 0.015 -0.01068360549 2
0 0.095 0.025 -0.01777356489 2
0 0.095 0.035 -0.024814951 2
0 0.095 0.045 -0.03178852047 2
0 0.095 0.055 -0.03867521524 2
0 0.095 0.065 -0.04545621472 2
0 0.095 0.075 -0.05211298714 2
0 0.095 0.085 -0.05862734024 2
0 0.095 0.095 -0.06498147097 2
0 0.095 0.105 -0.07115801418 2
0 0.095 0.115 -0.07714009001 2
0 0.095 0.125 -0.08291135009 2
0 0.095 0.135 -0.08845602215 2
0 0.095 0.145 -0.0937589532 2
0 0.095 0.155 -0.09880565089 2
0 0.095 0.165 -0.1035823231 2
0 0.095 0.175 -0.1080759157 2
0 0.095 0.185 -0.1122741482 2
0 0.095 0.195 -0.1161655473 2
0 0.095 0.205 -0.1197394781 2
0 0.095 0.215 -0.1229861735 2
0 0.095 0.225 -0.1258967606 2
0 0.095 0.235 -0.1284632851 2
0 0.095 0.245 -0.1306787329 2
0 0.095 0.255 -0.1325370495 2
0 0.095 0.265 -0.1340331563 2
0 0.095 0.275 -0.1351629645 2
0 0.095 0.285 -0.1359233866 2
0 0.095 0.295 -0.1363123443 2
0 0.095 0.305 -0.1363287747 2
0 0.095 0.315 -0.1359726329 2
0 0.095 0.325 -0.1352448921 2
0 0.095 0.335 -0.1341475413 2
0 0.095 0.345 -0.1326835794 2
0 0.095 0.355 -0.1308570072 2
0 0.095 0.365 -0.1286728165 2
0 0.095 0.375 -0.1261369765 2
0 0.095 0.385 -0.1232564175 2
0 0.095 0.395 -0.1200390116 2
0 0.095 0.405 0 2
0 0.095 0.415 0 2
0 0.095 0.425 0 2
0 0.095 0.435 0 2
0 0.095 0.445 0 2
0 0.095 0.455 0 2
0 0.095 0.465 0 2
0 0.105 -0.455 0 1
0 0.105 -0.445 0 1
0 0.105 -0.435 0 1
0 0.105 -0.425 0 1
0 0.105 -0.415 0 1
0 0.105 -0.405 0 1
0 0.105 -0.395 0.1325829051 1
0 0.105 -0.385 0.136136525 1
0 0.105 -0.375 0.1393180981 1
0 0.105 -0.365 0.1421189295 1
0 0.105 -0.355 0.1445313647 1
0 0.105 -0.345 0.146548811 1
0 0.105 -0.335 0.1481657547 1
0 0.105 -0.325 0.149377777 1
0 0.105 -0.315 0.1501815655 1
0 0.105 -0.305 0.1505749236 2
0 0.105 -0.295 0.1505567762 2
0 0.105 -0.285 0.150127173 2
0 0.105 -0.275 0.149287288 2
0 0.105 -0.265 0.1480394166 2
0 0.105 -0.255 0.1463869689 2
0 0.105 -0.245 0.1443344611 1
0 0.105 -0.235 0.1418875023 1
0 0.105 -0.225 0.13905278 1
0 0.105 -0.215 0.1358380409 1
0 0.105 -0.205 0.1322520708 1
0 0.105 -0.195 0.1283046697 1
0 0.105 -0.185 0.1240066254 1
0 0.105 -0.175 0.119369684 2
0 0.105 -0.165 0.1144065178 2
0 0.105 -0.155 0.1091306906 2
0 0.105 -0.145 0.1035566207 2
0 0.105 -0.135 0.09769954147 2
0 0.105 -0.125 0.09157545964 2
0 0.105 -0.115 0.0852011117 2
0 0.105 -0.105 0.07859391807 2
0 0.105 -0.095 0.07177193552 2
0 0.105 -0.085 0.06475380782 2
0 0.105 -0.075 0.05755871476 2
0 0.105 -0.065 0.05020631978 2
0 0.105 -0.055 0.04271671621 2
0 0.105 -0.045 0.03511037234 2
0 0.105 -0.035 0.02740807551 2
0 0.105 -0.025 0.0196308753 2
0 0.105 -0.015 0.01180002596 2
0 0.105 -0.005 0.00393692839 2
0 0.105 0.005 -0.00393692839 2
0 0.105 0.015 -0.01180002596 2
0 0.105 0.025 -0.0196308753 2
0 0.105 0.035 -0.02740807551 2
0 0.105 0.045 -0.03511037234 2
0 0.105 0.055 -0.04271671621 2
0 0.105 0.065 -0.05020631978 2
0 0.105 0.075 -0.05755871476 2
0 0.105 0.085 -0.06475380782 2
0 0.105 0.095 -0.07177193552 2
0 0.105 0.105 -0.07859391807 2
0 0.105 0.115 -0.0852011117 2
0 0.105 0.125 -0.09157545964 2
0 0.105 0.135 -0.09769954147 2
0 0.105 0.145 -0.1035566207 2
0 0.105 0.155 -0.1091306906 2
0 0.105 0.165 -0.1144065178 2
0 0.105 0.175 -0.119369684 2
0 0.105 0.185 -0.1240066254 2
0 0.105 0.195 -0.1283046697 2
0 0.105 0.205 -0.1322520708 2
0 0.105 0.215 -0.1358380409 2
0 0.105 0.225 -0.13905278 2
0 0.105 0.235 -0.1418875023 2
0 0.105 0.245 -0.1443344611 2
0 0.105 0.255 -0.1463869689 2
0 0.105 0.265 -0.1480394166 2
0 0.105 0.275 -0.149287288 2
0 0.105 0.285 -0.150127173 2
0 0.105 0.295 -0.1505567762 2
0 0.105 0.305 -0.1505749236 2
0 0.105 0.315 -0.1501815655 2
0 0.105 0.325 -0.149377777 2
0 0.105 0.335 -0.1481657547 2
0 0.105 0.345 -0.146548811 2
0 0.105 0.355 -0.1445313647 2
0 0.105 0.365 -0.1421189295 2
0 0.105 0.375 -0.1393180981 2
0 0.105 0.385 -0.136136525 2
0 0.105 0.395 -0.1325829051 2
0 0.105 0.405 0 2
0 0.105 0.415 0 2
0 0.105 0.425 0 2
0 0.105 0.435 0 2
0 0.105 0.445 0 2
0 0.105 0.455 0 2
0 0.105 0.465 0 2
0 0.115 -0.455 0 1
0 0.115 -0.445 0 1
0 0.115 -0.435 0 1
0 0.115 -0.425 0 1
0 0.115 -0.415 0 1
0 0.115 -0.405 0 1
0 0.115 -0.395 0.1450993092 1
0 0.115 -0.385 0.1489884063 1
0 0.115 -0.375 0.1524703338 1
0 0.115 -0.365 0.1555355758 1
0 0.115 -0.355 0.1581757555 1
0 0.115 -0.345 0.1603836575 1
0 0.115 -0.335 0.1621532477 1
0 0.115 -0.325 0.1634796902 1
0 0.115 -0.315 0.1643593599 1
0 0.115 -0.305 0.1647898527 2
0 0.115 -0.295 0.1647699921 2
0 0.115 -0.285 0.1642998325 2
0 0.115 -0.275 0.1633806587 2
0 0.115 -0.265 0.1620149827 2
0 0.115 -0.255 0.1602065368 2
0 0.115 -0.245 0.1579602633 2
0 0.115 -0.235 0.155282301 1
0 0.115 -0.225 0.1521799685 1
0 0.115 -0.215 0.1486617441 1
0 0.115 -0.205 0.1447372427 1
0 0.115 -0.195 0.1404171897 1
0 0.115 -0.185 0.1357133913 1
0 0.115 -0.175 0.1306387024 2
0 0.115 -0.165 0.1252069917 2
0 0.115 -0.155 0.1194331035 2
0 0.115 -0.145 0.1133328171 2
0 0.115 -0.135 0.106922804 2
0 0.115 -0.125 0.1002205822 2
0 0.115 -0.115 0.093244468 2
0 0.115 -0.105 0.0860135265 2
0 0.115 -0.095 0.07854751906 2
0 0.115 -0.085 0.07086684951 2
0 0.115 -0.075 0.06299250831 2
0 0.115 -0.065 0.0549460152 2
0 0.115 -0.055 0.04674936041 2
0 0.115 -0.045 0.03842494452 2
0 0.115 -0.035 0.0299955173 2
0 0.115 -0.025 0.02148411549 2
0 0.115 -0.015 0.01291399984 2
0 0.115 -0.005 0.00430859159 2
0 0.115 0.005 -0.00430859159 2
0 0.115 0.015 -0.01291399984 2
0 0.115 0.025 -0.02148411549 2
0 0.115 0.035 -0.0299955173 2
0 0.115 0.045 -0.03842494452 2
0 0.115 0.055 -0.04674936041 2
0 0.115 0.065 -0.0549460152 2
0 0.115 0.075 -0.06299250831 2
0 0.115 0.085 -0.07086684951 2
0 0.115 0.095 -0.07854751906 2
0 0.115 0.105 -0.0860135265 2
0 0.115 0.115 -0.093244468 2
0 0.115 0.125 -0.1002205822 2
0 0.115 0.135 -0.106922804 2
0 0.115 0.145 -0.1133328171 2
0 0.115 0.155 -0.1194331035 2
0 0.115 0.165 -0.1252069917 2
0 0.115 0.175 -0.1306387024 2
0 0.115 0.185 -0.1357133913 2
0 0.115 0.195 -0.1404171897 2
0 0.115 0.205 -0.1447372427 2
0 0.115 0.215 -0.1486617441 2
0 0.115 0.225 -0.1521799685 2
0 0.115 0.235 -0.155282301 2
0 0.115 0.245 -0.1579602633 2
0 0.115 0.255 -0.1602065368 2
0 0.115 0.265 -0.1620149827 2
0 0.115 0.275 -0.1633806587 2
0 0.115 0.285 -0.1642998325 2
0 0.115 0.295 -0.1647699921 2
0 0.115 0.305 -0.1647898527 2
0 0.115 0.315 -0.1643593599 2
0 0.115 0.325 -0.1634796902 2
0 0.115 0.335 -0.1621532477 2
0 0.115 0.345 -0.1603836575 2
0 0.115 0.355 -0.1581757555 2
0 0.115 0.365 -0.1555355758 2
0 0.115 0.375 -0.1524703338 2
0 0.115 0.385 -0.1489884063 2
0 0.115 0.395 -0.1450993092 2
0 0.115 0.405 0 2
0 0.115 0.415 0 2
0 0.115 0.425 0 2
0 0.115 0.435 0 2
0 0.115 0.445 0 2
0 0.115 0.455 0 2
0 0.115 0.465 0 2
0 0.125 -0.455 0 1
0 0.125 -0.445 0 1
0 0.125 -0.435 0 1
0 0.125 -0.425 0 1
0 0.125 -0.415 0 1
0 0.125 -0.405 0 1
0 0.125 -0.395 0.1575856288 1
0 0.125 -0.385 0.1618093968 1
0 0.125 -0.375 0.1655909567 1
0 0.125 -0.365 0.1689199739 1
0 0.125 -0.355 0.1717873505 1
0 0.125 -0.345 0.1741852504 1
0 0.125 -0.335 0.1761071203 1
0 0.125 -0.325 0.177547708 1
0 0.125 -0.315 0.1785030764 1
0 0.125 -0.305 0.1789706146 2
0 0.125 -0.295 0.178949045 2
0 0.125 -0.285 0.1784384265 2
0 0.125 -0.275 0.1774401545 2
0 0.125 -0.265 0.1759569571 2
0 0.125 -0.255 0.1739928879 2
0 0.125 -0.245 0.1715533145 2
0 0.125 -0.235 0.1686449038 2
0 0.125 -0.225 0.1652756044 2
0 0.125 -0.215 0.161454624 1
0 0.125 -0.205 0.1571924052 1
0 0.125 -0.195 0.152500596 1
0 0.125 -0.185 0.1473920188 2
0 0.125 -0.175 0.1418806346 2
0 0.125 -0.165 0.1359815056 2
0 0.125 -0.155 0.1297107534 2
0 0.125 -0.145 0.1230855153 2
0 0.125 -0.135 0.1161238975 2
0 0.125 -0.125 0.1088449252 2
0 0.125 -0.115 0.1012684912 2
0 0.125 -0.105 0.0934153011 2
0 0.125 -0.095 0.08530681676 2
0 0.125 -0.085 0.07696519786 2
0 0.125 -0.075 0.06841324115 2
0 0.125 -0.065 0.05967431825 2
0 0.125 -0.055 0.05077231171 2
0 0.125 -0.045 0.04173154978 2
0 0.125 -0.035 0.0325767399 2
0 0.125 -0.025 0.02333290122 2
0 0.125 -0.015 0.01402529617 2
0 0.125 -0.005 0.004679361457 2
0 0.125 0.005 -0.004679361457 2
0 0.125 0.015 -0.01402529617 2
0 0.125 0.025 -0.02333290122 2
0 0.125 0.035 -0.0325767399 2
0 0.125 0.045 -0.04173154978 2
0 0.125 0.055 -0.05077231171 2
0 0.125 0.065 -0.05967431825 2
0 0.125 0.075 -0.06841324115 2
0 0.125 0.085 -0.07696519786 2
0 0.125 0.095 -0.08530681676 2
0 0.125 0.105 -0.0934153011 2
0 0.125 0.115 -0.1012684912 2
0 0.125 0.125 -0.1088449252 2
0 0.125 0.135 -0.1161238975 2
0 0.125 0.145 -0.1230855153 2
0 0.125 0.155 -0.1297107534 2
0 0.125 0.165 -0.1359815056 2
0 0.125 0.175 -0.1418806346 2
0 0.125 0.185 -0.1473920188 2
0 0.125 0.195 -0.152500596 2
0 0.125 0.205 -0.1571924052 2
0 0.125 0.215 -0.161454624 2
0 0.125 0.225 -0.1652756044 2
0 0.125 0.235 -0.1686449038 2
0 0.125 0.245 -0.1715533145 2
0 0.125 0.255 -0.1739928879 2
0 0.125 0.265 -0.1759569571 2
0 0.125 0.275 -0.1774401545 2
0 0.125 0.285 -0.1784384265 2
0 0.125 0.295 -0.178949045 2
0 0.125 0.305 -0.1789706146 2
0 0.125 0.315 -0.1785030764 2
0 0.125 0.325 -0.177547708 2
0 0.125 0.335 -0.1761071203 2
0 0.125 0.345 -0.1741852504 2
0 0.125 0.355 -0.1717873505 1
0 0.125 0.365 -0.1689199739 1
0 0.125 0.375 -0.1655909567 1
0 0.125 0.385 -0.1618093968 1
0 0.125 0.395 -0.1575856288 1
0 0.125 0.405 0 2
0 0.125 0.415 0 2
0 0.125 0.425 0 2
0 0.125 0.435 0 2
0 0.125 0.445 0 2
0 0.125 0.455 0 2
0 0.125 0.465 0 2
0 0.135 -0.455 0 1
0 0.135 -0.445 0 1
0 0.135 -0.435 0 1
0 0.135 -0.425 0 1
0 0.135 -0.415 0 1
0 0.135 -0.405 0 1
0 0.135 -0.395 0.170039275 1
0 0.135 -0.385 0.1745968381 1
0 0.135 -0.375 0.1786772463 1
0 0.135 -0.365 0.1822693485 1
0 0.135 -0.355 0.1853633276 1
0 0.135 -0.345 0.1879507283 1
0 0.135 -0.335 0.1900244793 1
0 0.135 -0.325 0.1915789134 1
0 0.135 -0.315 0.1926097825 1
0 0.135 -0.305 0.1931142693 2
0 0.135 -0.295 0.1930909951 2
0 0.135 -0.285 0.1925400235 2
0 0.135 -0.275 0.1914628602 2
0 0.135 -0.265 0.1898624491 2
0 0.135 -0.255 0.1877431638 2
0 0.135 -0.245 0.1851107962 2
0 0.135 -0.235 0.1819725402 2
0 0.135 -0.225 0.1783369724 2
0 0.135 -0.215 0.1742140284 2
0 0.135 -0.205 0.1696149758 2
0 0.135 -0.195 0.1645523833 2
0 0.135 -0.185 0.1590400863 2
0 0.135 -0.175 0.1530931496 2
0 0.135 -0.165 0.1467278253 2
0 0.135 -0.155 0.1399615094 2
0 0.135 -0.145 0.1328126933 2
0 0.135 -0.135 0.1253009141 1
0 0.135 -0.125 0.1174467006 2
0 0.135 -0.115 0.1092715177 2
0 0.135 -0.105 0.1007977072 1
0 0.135 -0.095 0.09204842716 1
0 0.135 -0.085 0.08304758843 1
0 0.135 -0.075 0.07381978937 2
0 0.135 -0.065 0.06439024858 2
0 0.135 -0.055 0.05478473601 2
0 0.135 -0.045 0.04502950251 2
0 0.135 -0.035 0.03515120812 2
0 0.135 -0.025 0.02517684916 2
0 0.135 -0.015 0.01513368452 2
0 0.135 -0.005 0.005049161117 2
0 0.135 0.005 -0.005049161117 2
0 0.135 0.015 -0.01513368452 2
0 0.135 0.025 -0.02517684916 2
0 0.135 0.035 -0.03515120812 2
0 0.135 0.045 -0.04502950251 2
0 0.135 0.055 -0.05478473601 2
0 0.135 0.065 -0.06439024858 2
0 0.135 0.075 -0.07381978937 2
0 0.135 0.085 -0.08304758843 2
0 0.135 0.095 -0.09204842716 2
0 0.135 0.105 -0.1007977072 2
0 0.135 0.115 -0.1092715177 2
0 0.135 0.125 -0.1174467006 2
0 0.135 0.135 -0.1253009141 2
0 0.135 0.145 -0.1328126933 2
0 0.135 0.155 -0.1399615094 2
0 0.135 0.165 -0.1467278253 2
0 0.135 0.175 -0.1530931496 2
0 0.135 0.185 -0.1590400863 2
0 0.135 0.195 -0.1645523833 2
0 0.135 0.205 -0.1696149758 2
0 0.135 0.215 -0.1742140284 2
0 0.135 0.225 -0.1783369724 2
0 0.135 0.235 -0.1819725402 2
0 0.135 0.245 -0.1851107962 2
0 0.135 0.255 -0.1877431638 2
0 0.135 0.265 -0.1898624491 2
0 0.135 0.275 -0.1914628602 2
0 0.135 0.285 -0.1925400235 2
0 0.135 0.295 -0.1930909951 2
0 0.135 0.305 -0.1931142693 2
0 0.135 0.315 -0.1926097825 2
0 0.135 0.325 -0.1915789134 2
0 0.135 0.335 -0.1900244793 2
0 0.135 0.345 -0.1879507283 2
0 0.135 0.355 -0.1853633276 1
0 0.135 0.365 -0.1822693485 1
0 0.135 0.375 -0.1786772463 1
0 0.135 0.385 -0.1745968381 1
0 0.135 0.395 -0.170039275 1
0 0.135 0.405 0 2
0 0.135 0.415 0 2
0 0.135 0.425 0 2
0 0.135 0.435 0 2
0 0.135 0.445 0 2
0 0.135 0.455 0 2
0 0.135 0.465 0 2
0 0.145 -0.455 0 2
0 0.145 -0.445 0 2
0 0.145 -0.435 0 1
0 0.145 -0.425 0 1
0 0.145 -0.415 0 1
0 0.145 -0.405 0 1
0 0.145 -0.395 0.1824576657 1
0 0.145 -0.385 0.1873480789 1
0 0.145 -0.375 0.1917264895 1
0 0.145 -0.365 0.1955809318 1
0 0.145 -0.355 0.1989008719 1
0 0.145 -0.345 0.2016772369 1
0 0.145 -0.335 0.2039024391 1
0 0.145 -0.325 0.2055703974 1
0 0.145 -0.315 0.2066765534 1
0 0.145 -0.305 0.2072178842 2
0 0.145 -0.295 0.2071929102 2
0 0.145 -0.285 0.2066016997 2
0 0.145 -0.275 0.2054458685 2
0 0.145 -0.265 0.2037285754 2
0 0.145 -0.255 0.2014545135 2
0 0.145 -0.245 0.1986298975 2
0 0.145 -0.235 0.1952624469 2
0 0.145 -0.225 0.1913613646 2
0 0.145 -0.215 0.1869373117 2
0 0.145 -0.205 0.1820023789 2
0 0.145 -0.195 0.1765700526 2
0 0.145 -0.185 0.170655179 2
0 0.145 -0.175 0.1642739226 2
0 0.145 -0.165 0.1574437229 2
0 0.145 -0.155 0.1501832461 1
0 0.145 -0.145 0.1425123342 1
0 0.145 -0.135 0.1344519511 1
0 0.145 -0.125 0.126024125 1
0 0.145 -0.115 0.1172518881 1
0 0.145 -0.105 0.1081592142 1
0 0.145 -0.095 0.09877095247 1
0 0.145 -0.085 0.08911276013 1
0 0.145 -0.075 0.07921103198 1
0 0.145 -0.065 0.0690928284 1
0 0.145 -0.055 0.05878580139 2
0 0.145 -0.045 0.04831811895 2
0 0.145 -0.035 0.03771838817 2
0 0.145 -0.025 0.027015577 2
0 0.145 -0.015 0.0162389351 2
0 0.145 -0.005 0.005417913897 2
0 0.145 0.005 -0.005417913897 2
0 0.145 0.015 -0.0162389351 2
0 0.145 0.025 -0.027015577 2
0 0.145 0.035 -0.03771838817 2
0 0.145 0.045 -0.04831811895 2
0 0.145 0.055 -0.05878580139 2
0 0.145 0.065 -0.0690928284 2
0 0.145 0.075 -0.07921103198 2
0 0.145 0.085 -0.08911276013 2
0 0.145 0.095 -0.09877095247 2
0 0.145 0.105 -0.1081592142 2
0 0.145 0.115 -0.1172518881 2
0 0.145 0.125 -0.126024125 2
0 0.145 0.135 -0.1344519511 2
0 0.145 0.145 -0.1425123342 2
0 0.145 0.155 -0.1501832461 2
0 0.145 0.165 -0.1574437229 2
0 0.145 0.175 -0.1642739226 2
0 0.145 0.185 -0.170655179 2
0 0.145 0.195 -0.1765700526 2
0 0.145 0.205 -0.1820023789 2
0 0.145 0.215 -0.1869373117 2
0 0.145 0.225 -0.1913613646 2
0 0.145 0.235 -0.1952624469 2
0 0.145 0.245 -0.1986298975 2
0 0.145 0.255 -0.2014545135 2
0 0.145 0.265 -0.2037285754 2
0 0.145 0.275 -0.2054458685 2
0 0.145 0.285 -0.2066016997 2
0 0.145 0.295 -0.2071929102 2
0 0.145 0.305 -0.2072178842 2
0 0.145 0.315 -0.2066765534 2
0 0.145 0.325 -0.2055703974 2
0 0.145 0.335 -0.2039024391 2
0 0.145 0.345 -0.2016772369 1
0 0.145 0.355 -0.1989008719 1
0 0.145 0.365 -0.1955809318 1
0 0.145 0.375 -0.1917264895 1
0 0.145 0.385 -0.1873480789 1
0 0.145 0.395 -0.1824576657 1
0 0.145 0.405 0 1
0 0.145 0.415 0 2
0 0.145 0.425 0 2
0 0.145 0.435 0 2
0 0.145 0.445 0 2
0 0.145 0.455 0 2
0 0.145 0.465 0 2
0 0.155 -0.455 0 2
0 0.155 -0.445 0 2
0 0.155 -0.435 0 2
0 0.155 -0.425 0 2
0 0.155 -0.415 0 2
0 0.155 -0.405 0 2
0 0.155 -0.395 0.1948382261 2
0 0.155 -0.385 0.2000604755 2
0 0.155 -0.375 0.2047359806 2
0 0.155 -0.365 0.2088519639 1
0 0.155 -0.355 0.2123971766 1
0 0.155 -0.345 0.2153619302 1
0 0.155 -0.335 0.2177381223 1
0 0.155 -0.325 0.219519259 1
0 0.155 -0.315 0.2207004726 1
0 0.155 -0.305 0.221278535 2
0 0.155 -0.295 0.2212518664 2
0 0.155 -0.285 0.2206205397 2
0 0.155 -0.275 0.2193862803 2
0 0.155 -0.265 0.2175524612 2
0 0.155 -0.255 0.2151240941 2
0 0.155 -0.245 0.2121078154 2
0 0.155 -0.235 0.2085118684 2
0 0.155 -0.225 0.2043460803 2
0 0.155 -0.215 0.1996218359 2
0 0.155 -0.205 0.194352046 2
0 0.155 -0.195 0.1885511124 2
0 0.155 -0.185 0.1822348884 2
0 0.155 -0.175 0.1754206355 2
0 0.155 -0.165 0.1681269766 2
0 0.155 -0.155 0.1603738442 1
0 0.155 -0.145 0.152182427 1
0 0.155 -0.135 0.1435751113 1
0 0.155 -0.125 0.1345754198 1
0 0.155 -0.115 0.1252079478 1
0 0.155 -0.105 0.1154982957 1
0 0.155 -0.095 0.1054729989 1
0 0.155 -0.085 0.09515945542 1
0 0.155 -0.075 0.08458585118 1
0 0.155 -0.065 0.07378108269 1
0 0.155 -0.055 0.06277467826 1
0 0.155 -0.045 0.05159671723 2
0 0.155 -0.035 0.04027774779 2
0 0.155 -0.025 0.02884870351 2
0 0.155 -0.015 0.01734081874 2
0 0.155 -0.005 0.005785543341 2
0 0.155 0.005 -0.005785543341 2
0 0.155 0.015 -0.01734081874 2
0 0.155 0.025 -0.02884870351 2
0 0.155 0.035 -0.04027774779 2
0 0.155 0.045 -0.05159671723 2
0 0.155 0.055 -0.06277467826 2
0 0.155 0.065 -0.07378108269 2
0 0.155 0.075 -0.08458585118 2
0 0.155 0.085 -0.09515945542 2
0 0.155 0.095 -0.1054729989 2
0 0.155 0.105 -0.1154982957 2
0 0.155 0.115 -0.1252079478 2
0 0.155 0.125 -0.1345754198 2
0 0.155 0.135 -0.1435751113 2
0 0.155 0.145 -0.152182427 2
0 0.155 0.155 -0.1603738442 2
0 0.155 0.165 -0.1681269766 2
0 0.155 0.175 -0.1754206355 2
0 0.155 0.185 -0.1822348884 2
0 0.155 0.195 -0.1885511124 2
0 0.155 0.205 -0.194352046 2
0 0.155 0.215 -0.1996218359 2
0 0.155 0.225 -0.2043460803 2
0 0.155 0.235 -0.2085118684 2
0 0.155 0.245 -0.2121078154 2
0 0.155 0.255 -0.2151240941 2
0 0.155 0.265 -0.2175524612 2
0 0.155 0.275 -0.2193862803 2
0 0.155 0.285 -0.2206205397 2
0 0.155 0.295 -0.2212518664 2
0 0.155 0.305 -0.221278535 2
0 0.155 0.315 -0.2207004726 2
0 0.155 0.325 -0.219519259 2
0 0.155 0.335 -0.2177381223 2
0 0.155 0.345 -0.2153619302 1
0 0.155 0.355 -0.2123971766 1
0 0.155 0.365 -0.2088519639 1
0 0.155 0.375 -0.2047359806 1
0 0.155 0.385 -0.2000604755 1
0 0.155 0.395 -0.1948382261 1
0 0.155 0.405 0 1
0 0.155 0.415 0 2
0 0.155 0.425 0 2
0 0.155 0.435 0 2
0 0.155 0.445 0 2
0 0.155 0.455 0 2
0 0.155 0.465 0 2
0 0.165 -0.455 0 2
0 0.165 -0.445 0 2
0 0.165 -0.435 0 2
0 0.165 -0.425 0 2
0 0.165 -0.415 0 2
0 0.165 -0.405 0 2
0 0.165 -0.395 0.2071783892 2
0 0.165 -0.385 0.212731392 2
0 0.165 -0.375 0.2177030223 2
0 0.165 -0.365 0.2220796931 1
0 0.165 -0.355 0.2258494435 1
0 0.165 -0.345 0.229001971 1
0 0.165 -0.335 0.2315286603 1
0 0.165 -0.325 0.233422606 1
0 0.165 -0.315 0.2346786322 1
0 0.165 -0.305 0.2352933065 2
0 0.165 -0.295 0.2352649488 2
0 0.165 -0.285 0.2345936368 2
0 0.165 -0.275 0.233281205 2
0 0.165 -0.265 0.2313312402 2
0 0.165 -0.255 0.2287490714 2
0 0.165 -0.245 0.2255417554 2
0 0.165 -0.235 0.2217180575 2
0 0.165 -0.225 0.2172884275 2
0 0.165 -0.215 0.212264971 2
0 0.165 -0.205 0.2066614167 2
0 0.165 -0.195 0.2004930784 2
0 0.165 -0.185 0.1937768137 2
0 0.165 -0.175 0.1865309772 2
0 0.165 -0.165 0.1787753712 2
0 0.165 -0.155 0.1705311909 1
0 0.165 -0.145 0.1618209667 1
0 0.165 -0.135 0.1526685029 1
0 0.165 -0.125 0.1430988121 1
0 0.165 -0.115 0.1331380472 1
0 0.165 -0.105 0.1228134301 1
0 0.165 -0.095 0.1121531768 1
0 0.165 -0.085 0.1011864206 1
0 0.165 -0.075 0.08994313256 1
0 0.165 -0.065 0.0784540394 1
0 0.165 -0.055 0.0667505396 1
0 0.165 -0.045 0.05486461758 1
0 0.165 -0.035 0.04282875633 2
0 0.165 -0.025 0.03067584859 2
0 0.165 -0.015 0.01843910698 2
0 0.165 -0.005 0.006151973225 2
0 0.165 0.005 -0.006151973225 2
0 0.165 0.015 -0.01843910698 2
0 0.165 0.025 -0.03067584859 2
0 0.165 0.035 -0.04282875633 2
0 0.165 0.045 -0.05486461758 2
0 0.165 0.055 -0.0667505396 2
0 0.165 0.065 -0.0784540394 2
0 0.165 0.075 -0.08994313256 2
0 0.165 0.085 -0.1011864206 2
0 0.165 0.095 -0.1121531768 2
0 0.165 0.105 -0.1228134301 2
0 0.165 0.115 -0.1331380472 2
0 0.165 0.125 -0.1430988121 2
0 0.165 0.135 -0.1526685029 2
0 0.165 0.145 -0.1618209667 2
0 0.165 0.155 -0.1705311909 2
0 0.165 0.165 -0.1787753712 2
0 0.165 0.175 -0.1865309772 2
0 0.165 0.185 -0.1937768137 2
0 0.165 0.195 -0.2004930784 2
0 0.165 0.205 -0.2066614167 2
0 0.165 0.215 -0.212264971 2
0 0.165 0.225 -0.2172884275 2
0 0.165 0.235 -0.2217180575 2
0 0.165 0.245 -0.2255417554 2
0 0.165 0.255 -0.2287490714 2
0 0.165 0.265 -0.2313312402 2
0 0.165 0.275 -0.233281205 2
0 0.165 0.285 -0.2345936368 2
0 0.165 0.295 -0.2352649488 2
0 0.165 0.305 -0.2352933065 2
0 0.165 0.315 -0.2346786322 2
0 0.165 0.325 -0.233422606 2
0 0.165 0.335 -0.2315286603 2
0 0.165 0.345 -0.229001971 1
0 0.165 0.355 -0.2258494435 1
0 0.165 0.365 -0.2220796931 1
0 0.165 0.375 -0.2177030223 1
0 0.165 0.385 -0.212731392 1
0 0.165 0.395 -0.2071783892 1
0 0.165 0.405 0 1
0 0.165 0.415 0 2
0 0.165 0.425 0 2
0 0.165 0.435 0 2
0 0.165 0.445 0 2
0 0.165 0.455 0 2
0 0.165 0.465 0 2
0 0.175 -0.455 0 2
0 0.175 -0.445 0 2
0 0.175 -0.435 0 2
0 0.175 -0.425 0 2
0 0.175 -0.415 0 2
0 0.175 -0.405 0 2
0 0.175 -0.395 0.2194755965 2
0 0.175 -0.385 0.2253582014 2
0 0.175 -0.375 0.230624926 2
0 0.175 -0.365 0.235261377 2
0 0.175 -0.355 0.2392548833 1
0 0.175 -0.345 0.2425945311 1
0 0.175 -0.335 0.2452711936 1
0 0.175 -0.325 0.2472775557 1
0 0.175 -0.315 0.2486081342 2
0 0.175 -0.305 0.2492592929 2
0 0.175 -0.295 0.249229252 2
0 0.175 -0.285 0.2485180938 2
0 0.175 -0.275 0.2471277618 2
0 0.175 -0.265 0.2450620555 2
0 0.175 -0.255 0.2423266205 2
0 0.175 -0.245 0.2389289322 2
0 0.175 -0.235 0.2348782762 2
0 0.175 -0.225 0.2301857227 2
0 0.175 -0.215 0.2248640957 2
0 0.175 -0.205 0.2189279388 2
0 0.175 -0.195 0.2123934748 2
0 0.175 -0.185 0.2052785618 2
0 0.175 -0.175 0.197602644 2
0 0.175 -0.165 0.189386699 2
0 0.175 -0.155 0.18065318 1
0 0.175 -0.145 0.1714259549 1
0 0.175 -0.135 0.1617302406 1
0 0.175 -0.125 0.1515925346 1
0 0.175 -0.115 0.1410405421 1
0 0.175 -0.105 0.1301031007 1
0 0.175 -0.095 0.1188101011 1
0 0.175 -0.085 0.107192406 1
0 0.175 -0.075 0.09528176537 1
0 0.175 -0.065 0.08311072965 1
0 0.175 -0.055 0.07071256105 1
0 0.175 -0.045 0.05812114244 1
0 0.175 -0.035 0.04537088486 2
0 0.175 -0.025 0.03249663342 2
0 0.175 -0.015 0.0195335721 2
0 0.175 -0.005 0.006517127575 2
0 0.175 0.005 -0.006517127575 2
0 0.175 0.015 -0.0195335721 2
0 0.175 0.025 -0.03249663342 2
0 0.175 0.035 -0.04537088486 2
0 0.175 0.045 -0.05812114244 2
0 0.175 0.055 -0.07071256105 2
0 0.175 0.065 -0.08311072965 2
0 0.175 0.075 -0.09528176537 2
0 0.175 0.085 -0.107192406 2
0 0.175 0.095 -0.1188101011 2
0 0.175 0.105 -0.1301031007 2
0 0.175 0.115 -0.1410405421 2
0 0.175 0.125 -0.1515925346 2
0 0.175 0.135 -0.1617302406 2
0 0.175 0.145 -0.1714259549 2
0 0.175 0.155 -0.18065318 2
0 0.175 0.165 -0.189386699 2
0 0.175 0.175 -0.197602644 2
0 0.175 0.185 -0.2052785618 2
0 0.175 0.195 -0.2123934748 2
0 0.175 0.205 -0.2189279388 2
0 0.175 0.215 -0.2248640957 2
0 0.175 0.225 -0.2301857227 2
0 0.175 0.235 -0.2348782762 2
0 0.175 0.245 -0.2389289322 2
0 0.175 0.255 -0.2423266205 2
0 0.175 0.265 -0.2450620555 2
0 0.175 0.275 -0.2471277618 2
0 0.175 0.285 -0.2485180938 2
0 0.175 0.295 -0.249229252 2
0 0.175 0.305 -0.2492592929 2
0 0.175 0.315 -0.2486081342 2
0 0.175 0.325 -0.2472775557 2
0 0.175 0.335 -0.2452711936 2
0 0.175 0.345 -0.2425945311 1
0 0.175 0.355 -0.2392548833 1
0 0.175 0.365 -0.235261377 1
0 0.175 0.375 -0.230624926 1
0 0.175 0.385 -0.2253582014 1
0 0.175 0.395 -0.2194755965 1
0 0.175 0.405 0 1
0 0.175 0.415 0 2
0 0.175 0.425 0 2
0 0.175 0.435 0 2
0 0.175 0.445 0 2
0 0.175 0.455 0 2
0 0.175 0.465 0 2
0 0.185 -0.455 0 2
0 0.185 -0.445 0 2
0 0.185 -0.435 0 2
0 0.185 -0.425 0 2
0 0.185 -0.415 0 2
0 0.185 -0.405 0 2
0 0.185 -0.395 0.2317272983 2
0 0.185 -0.385 0.2379382856 2
0 0.185 -0.375 0.2434990125 2
0 0.185 -0.365 0.2483942823 2
0 0.185 -0.355 0.2526107166 2
0 0.185 -0.345 0.2561367923 2
0 0.185 -0.335 0.2589628731 2
0 0.185 -0.325 0.2610812356 2
0 0.185 -0.315 0.2624860905 2
0 0.185 -0.305 0.2631735985 2
0 0.185 -0.295 0.2631418807 2
0 0.185 -0.285 0.2623910238 2
0 0.185 -0.275 0.2609230797 2
0 0.185 -0.265 0.2587420604 2
0 0.185 -0.255 0.2558539262 2
0 0.185 -0.245 0.25226657 2
0 0.185 -0.235 0.2479897959 2
0 0.185 -0.225 0.2430352917 2
0 0.185 -0.215 0.2374165976 2
0 0.185 -0.205 0.2311490688 2
0 0.185 -0.195 0.224249834 2
0 0.185 -0.185 0.2167377479 2
0 0.185 -0.175 0.2086333403 2
0 0.185 -0.165 0.1999587598 2
0 0.185 -0.155 0.1907377129 1
0 0.185 -0.145 0.1809954 1
0 0.185 -0.135 0.1707584456 1
0 0.185 -0.125 0.1600548263 1
0 0.185 -0.115 0.148913794 1
0 0.185 -0.105 0.137365796 1
0 0.185 -0.095 0.1254423917 1
0 0.185 -0.085 0.1131761665 1
0 0.185 -0.075 0.1006006427 1
0 0.185 -0.065 0.08775018793 1
0 0.185 -0.055 0.07465992113 1
0 0.185 -0.045 0.06136561661 1
0 0.185 -0.035 0.04790360631 1
0 0.185 -0.025 0.03431068049 2
0 0.185 -0.015 0.02062398718 2
0 0.185 -0.005 0.00688093068 2
0 0.185 0.005 -0.00688093068 2
0 0.185 0.015 -0.02062398718 2
0 0.185 0.025 -0.03431068049 2
0 0.185 0.035 -0.04790360631 2
0 0.185 0.045 -0.06136561661 2
0 0.185 0.055 -0.07465992113 2
0 0.185 0.065 -0.08775018793 2
0 0.185 0.075 -0.1006006427 2
0 0.185 0.085 -0.1131761665 2
0 0.185 0.095 -0.1254423917 2
0 0.185 0.105 -0.137365796 2
0 0.185 0.115 -0.148913794 2
0 0.185 0.125 -0.1600548263 2
0 0.185 0.135 -0.1707584456 2
0 0.185 0.145 -0.1809954 2
0 0.185 0.155 -0.1907377129 2
0 0.185 0.165 -0.1999587598 2
0 0.185 0.175 -0.2086333403 2
0 0.185 0.185 -0.2167377479 2
0 0.185 0.195 -0.224249834 2
0 0.185 0.205 -0.2311490688 2
0 0.185 0.215 -0.2374165976 2
0 0.185 0.225 -0.2430352917 2
0 0.185 0.235 -0.2479897959 2
0 0.185 0.245 -0.25226657 2
0 0.185 0.255 -0.2558539262 2
0 0.185 0.265 -0.2587420604 2
0 0.185 0.275 -0.2609230797 2
0 0.185 0.285 -0.2623910238 2
0 0.185 0.295 -0.2631418807 2
0 0.185 0.305 -0.2631735985 2
0 0.185 0.315 -0.2624860905 2
0 0.185 0.325 -0.2610812356 2
0 0.185 0.335 -0.2589628731 2
0 0.185 0.345 -0.2561367923 1
0 0.185 0.355 -0.2526107166 1
0 0.185 0.365 -0.2483942823 1
0 0.185 0.375 -0.2434990125 1
0 0.185 0.385 -0.2379382856 1
0 0.185 0.395 -0.2317272983 1
0 0.185 0.405 0 1
0 0.185 0.415 0 2
0 0.185 0.425 0 2
0 0.185 0.435 0 2
0 0.185 0.445 0 2
0 0.185 0.455 0 2
0 0.185 0.465 0 2
0 0.195 -0.455 0 2
0 0.195 -0.445 0 2
0 0.195 -0.435 0 2
0 0.195 -0.425 0 2
0 0.195 -0.415 0 2
0 0.195 -0.405 0 2
0 0.195 -0.395 0.2439309543 2
0 0.195 -0.385 0.2504690362 2
0 0.195 -0.375 0.2563226126 2
0 0.195 -0.365 0.2614756862 2
0 0.195 -0.355 0.2659141742 2
0 0.195 -0.345 0.2696259467 2
0 0.195 -0.335 0.2726008599 2
0 0.195 -0.325 0.2748307835 2
0 0.195 -0.315 0.2763096235 2
0 0.195 -0.305 0.2770333383 2
0 0.195 -0.295 0.2769999501 2
0 0.195 -0.285 0.2762095502 2
0 0.195 -0.275 0.2746642986 2
0 0.195 -0.265 0.2723684183 2
0 0.195 -0.255 0.2693281838 2
0 0.195 -0.245 0.2655519036 2
0 0.195 -0.235 0.261049898 2
0 0.195 -0.225 0.2558344704 2
0 0.195 -0.215 0.2499198741 2
0 0.195 -0.205 0.2433222731 2
0 0.195 -0.195 0.2360596978 2
0 0.195 -0.185 0.2281519962 2
0 0.195 -0.175 0.2196207792 2
0 0.195 -0.165 0.2104893617 2
0 0.195 -0.155 0.2007826988 2
0 0.195 -0.145 0.190527318 1
0 0.195 -0.135 0.179751246 1
0 0.195 -0.125 0.1684839327 1
0 0.195 -0.115 0.1567561705 1
0 0.195 -0.105 0.1446000102 1
0 0.195 -0.095 0.1320486733 1
0 0.195 -0.085 0.1191364612 1
0 0.195 -0.075 0.1058986617 1
0 0.195 -0.065 0.09237145232 1
0 0.195 -0.055 0.07859180142 1
0 0.195 -0.045 0.06459736739 1
0 0.195 -0.035 0.05042639555 1
0 0.195 -0.025 0.03611761366 2
0 0.195 -0.015 0.02171012613 2
0 0.195 -0.005 0.00724330711 2
0 0.195 0.005 -0.00724330711 2
0 0.195 0.015 -0.02171012613 2
0 0.195 0.025 -0.03611761366 2
0 0.195 0.035 -0.05042639555 2
0 0.195 0.045 -0.06459736739 2
0 0.195 0.055 -0.07859180142 2
0 0.195 0.065 -0.09237145232 2
0 0.195 0.075 -0.1058986617 2
0 0.195 0.085 -0.1191364612 2
0 0.195 0.095 -0.1320486733 2
0 0.195 0.105 -0.1446000102 2
0 0.195 0.115 -0.1567561705 2
0 0.195 0.125 -0.1684839327 2
0 0.195 0.135 -0.179751246 2
0 0.195 0.145 -0.190527318 2
0 0.195 0.155 -0.2007826988 2
0 0.195 0.165 -0.2104893617 2
0 0.195 0.175 -0.2196207792 2
0 0.195 0.185 -0.2281519962 2
0 0.195 0.195 -0.2360596978 2
0 0.195 0.205 -0.2433222731 2
0 0.195 0.215 -0.2499198741 2
0 0.195 0.225 -0.2558344704 2
0 0.195 0.235 -0.261049898 2
0 0.195 0.245 -0.2655519036 2
0 0.195 0.255 -0.2693281838 2
0 0.195 0.265 -0.2723684183 2
0 0.195 0.275 -0.2746642986 2
0 0.195 0.285 -0.2762095502 2
0 0.195 0.295 -0.2769999501 2
0 0.195 0.305 -0.2770333383 2
0 0.195 0.315 -0.2763096235 2
0 0.195 0.325 -0.2748307835 2
0 0.195 0.335 -0.2726008599 2
0 0.195 0.345 -0.2696259467 1
0 0.195 0.355 -0.2659141742 1
0 0.195 0.365 -0.2614756862 1
0 0.195 0.375 -0.2563226126 1
0 0.195 0.385 -0.2504690362 1
0 0.195 0.395 -0.2439309543 1
0 0.195 0.405 0 1
0 0.195 0.415 0 2
0 0.195 0.425 0 2
0 0.195 0.435 0 2
0 0.195 0.445 0 2
0 0.195 0.455 0 2
0 0.195 0.465 0 2
0 0.205 -0.455 0 2
0 0.205 -0.445 0 2
0 0.205 -0.435 0 2
0 0.205 -0.425 0 2
0 0.205 -0.415 0 2
0 0.205 -0.405 0 2
0 0.205 -0.395 0.2560840343 2
0 0.205 -0.385 0.2629478552 2
0 0.205 -0.375 0.2690930673 2
0 0.205 -0.365 0.2745028764 2
0 0.205 -0.355 0.2791624979 2
0 0.205 -0.345 0.2830591976 2
0 0.205 -0.335 0.2861823263 2
0 0.205 -0.325 0.2885233487 2
0 0.205 -0.315 0.2900758672 2
0 0.205 -0.305 0.2908356388 2
0 0.205 -0.295 0.2908005871 2
0 0.205 -0.285 0.2899708081 2
0 0.205 -0.275 0.2883485692 2
0 0.205 -0.265 0.285938304 2
0 0.205 -0.255 0.2827465995 2
0 0.205 -0.245 0.2787821783 2
0 0.205 -0.235 0.2740558746 2
0 0.205 -0.225 0.268580605 2
0 0.205 -0.215 0.2623713329 2
0 0.205 -0.205 0.2554450275 2
0 0.205 -0.195 0.2478206176 2
0 0.205 -0.185 0.2395189401 2
0 0.205 -0.175 0.2305626825 2
0 0.205 -0.165 0.2209763212 2
0 0.205 -0.155 0.2107860549 2
0 0.205 -0.145 0.2000197325 1
0 0.205 -0.135 0.1887067772 1
0 0.205 -0.125 0.176878106 1
0 0.205 -0.115 0.1645660456 1
0 0.205 -0.105 0.1518042435 1
0 0.205 -0.095 0.1386275763 1
0 0.205 -0.085 0.1250720546 1
0 0.205 -0.075 0.111174724 1
0 0.205 -0.065 0.09697356464 1
0 0.205 -0.055 0.08250738669 1
0 0.205 -0.045 0.06781572472 1
0 0.205 -0.035 0.05293872951 1
0 0.205 -0.025 0.0379170583 2
0 0.205 -0.015 0.02279176377 2
0 0.205 -0.005 0.007604181732 2
0 0.205 0.005 -0.007604181732 2
0 0.205 0.015 -0.02279176377 2
0 0.205 0.025 -0.0379170583 2
0 0.205 0.035 -0.05293872951 2
0 0.205 0.045 -0.06781572472 2
0 0.205 0.055 -0.08250738669 2
0 0.205 0.065 -0.09697356464 2
0 0.205 0.075 -0.111174724 2
0 0.205 0.085 -0.1250720546 2
0 0.205 0.095 -0.1386275763 2
0 0.205 0.105 -0.1518042435 2
0 0.205 0.115 -0.1645660456 2
0 0.205 0.125 -0.176878106 2
0 0.205 0.135 -0.1887067772 2
0 0.205 0.145 -0.2000197325 2
0 0.205 0.155 -0.2107860549 2
0 0.205 0.165 -0.2209763212 2
0 0.205 0.175 -0.2305626825 2
0 0.205 0.185 -0.2395189401 2
0 0.205 0.195 -0.2478206176 2
0 0.205 0.205 -0.2554450275 2
0 0.205 0.215 -0.2623713329 2
0 0.205 0.225 -0.268580605 2
0 0.205 0.235 -0.2740558746 2
0 0.205 0.245 -0.2787821783 2
0 0.205 0.255 -0.2827465995 2
0 0.205 0.265 -0.285938304 2
0 0.205 0.275 -0.2883485692 2
0 0.205 0.285 -0.2899708081 2
0 0.205 0.295 -0.2908005871 2
0 0.205 0.305 -0.2908356388 2
0 0.205 0.315 -0.2900758672 2
0 0.205 0.325 -0.2885233487 2
0 0.205 0.335 -0.2861823263 2
0 0.205 0.345 -0.2830591976 1
0 0.205 0.355 -0.2791624979 1
0 0.205 0.365 -0.2745028764 1
0 0.205 0.375 -0.2690930673 1
0 0.205 0.385 -0.2629478552 1
0 0.205 0.395 -0.2560840343 1
0 0.205 0.405 0 1
0 0.205 0.415 0 2
0 0.205 0.425 0 2
0 0.205 0.435 0 2
0 0.205 0.445 0 2
0 0.205 0.455 0 2
0 0.205 0.465 0 2
0 0.215 -0.455 0 2
0 0.215 -0.445 0 2
0 0.215 -0.435 0 2
0 0.215 -0.425 0 2
0 0.215 -0.415 0 2
0 0.215 -0.405 0 2
0 0.215 -0.395 0.2681840185 2
0 0.215 -0.385 0.2753721553 2
0 0.215 -0.375 0.281807729 2
0 0.215 -0.365 0.2874731518 2
0 0.215 -0.355 0.2923529407 2
0 0.215 -0.345 0.2964337597 2
0 0.215 -0.335 0.2997044564 2
0 0.215 -0.325 0.3021560922 2
0 0.215 -0.315 0.3037819673 2
0 0.215 -0.305 0.3045776381 2
0 0.215 -0.295 0.3045409303 2
0 0.215 -0.285 0.3036719441 2
0 0.215 -0.275 0.3019730544 2
0 0.215 -0.265 0.2994489041 2
0 0.215 -0.255 0.2961063913 2
0 0.215 -0.245 0.291954651 2
0 0.215 -0.235 0.2870050292 2
0 0.215 -0.225 0.2812710529 2
0 0.215 -0.215 0.2747683923 2
0 0.215 -0.205 0.2675148186 2
0 0.215 -0.195 0.259530155 2
0 0.215 -0.185 0.2508362227 2
0 0.215 -0.175 0.2414567814 2
0 0.215 -0.165 0.2314174641 2
0 0.215 -0.155 0.2207457072 2
0 0.215 -0.145 0.2094706755 2
0 0.215 -0.135 0.1976231824 1
0 0.215 -0.125 0.1852356059 1
0 0.215 -0.115 0.1723418 1
0 0.215 -0.105 0.1589770021 1
0 0.215 -0.095 0.1451777367 1
0 0.215 -0.085 0.1309817158 1
0 0.215 -0.075 0.1164277356 1
0 0.215 -0.065 0.1015555707 1
0 0.215 -0.055 0.08640586509 1
0 0.215 -0.045 0.07102002131 1
0 0.215 -0.035 0.05544008728 1
0 0.215 -0.025 0.03970864132 2
0 0.215 -0.015 0.02386867581 2
0 0.215 -0.005 0.007963479722 2
0 0.215 0.005 -0.007963479722 2
0 0.215 0.015 -0.02386867581 2
0 0.215 0.025 -0.03970864132 2
0 0.215 0.035 -0.05544008728 2
0 0.215 0.045 -0.07102002131 2
0 0.215 0.055 -0.08640586509 2
0 0.215 0.065 -0.1015555707 2
0 0.215 0.075 -0.1164277356 2
0 0.215 0.085 -0.1309817158 2
0 0.215 0.095 -0.1451777367 2
0 0.215 0.105 -0.1589770021 2
0 0.215 0.115 -0.1723418 2
0 0.215 0.125 -0.1852356059 2
0 0.215 0.135 -0.1976231824 2
0 0.215 0.145 -0.2094706755 2
0 0.215 0.155 -0.2207457072 2
0 0.215 0.165 -0.2314174641 2
0 0.215 0.175 -0.2414567814 2
0 0.215 0.185 -0.2508362227 2
0 0.215 0.195 -0.259530155 2
0 0.215 0.205 -0.2675148186 2
0 0.215 0.215 -0.2747683923 2
0 0.215 0.225 -0.2812710529 2
0 0.215 0.235 -0.2870050292 2
0 0.215 0.245 -0.291954651 2
0 0.215 0.255 -0.2961063913 2
0 0.215 0.265 -0.2994489041 2
0 0.215 0.275 -0.3019730544 2
0 0.215 0.285 -0.3036719441 2
0 0.215 0.295 -0.3045409303 2
0 0.215 0.305 -0.3045776381 2
0 0.215 0.315 -0.3037819673 2
0 0.215 0.325 -0.3021560922 2
0 0.215 0.335 -0.2997044564 2
0 0.215 0.345 -0.2964337597 2
0 0.215 0.355 -0.2923529407 1
0 0.215 0.365 -0.2874731518 1
0 0.215 0.375 -0.281807729 1
0 0.215 0.385 -0.2753721553 1
0 0.215 0.395 -0.2681840185 1
0 0.215 0.405 0 2
0 0.215 0.415 0 2
0 0.215 0.425 0 2
0 0.215 0.435 0 2
0 0.215 0.445 0 2
0 0.215 0.455 0 2
0 0.215 0.465 0 2
0 0.225 -0.455 0 2
0 0.225 -0.445 0 2
0 0.225 -0.435 0 2
0 0.225 -0.425 0 1
0 0.225 -0.415 0 1
0 0.225 -0.405 0 1
0 0.225 -0.395 0.2802283981 1
0 0.225 -0.385 0.2877393605 2
0 0.225 -0.375 0.2944639614 2
0 0.225 -0.365 0.3003838233 2
0 0.225 -0.355 0.3054827678 2
0 0.225 -0.345 0.3097468599 2
0 0.225 -0.335 0.3131644465 2
0 0.225 -0.325 0.3157261875 2
0 0.225 -0.315 0.317425082 2
0 0.225 -0.305 0.3182564871 2
0 0.225 -0.295 0.3182181307 2
0 0.225 -0.285 0.3173101176 2
0 0.225 -0.275 0.3155349293 2
0 0.225 -0.265 0.3128974171 2
0 0.225 -0.255 0.3094047892 2
0 0.225 -0.245 0.3050665905 2
0 0.225 -0.235 0.2998946769 2
0 0.225 -0.225 0.2939031827 2
0 0.225 -0.215 0.2871084819 2
0 0.225 -0.205 0.2795291438 2
0 0.225 -0.195 0.271185882 2
0 0.225 -0.185 0.2621014976 2
0 0.225 -0.175 0.2523008174 2
0 0.225 -0.165 0.2418106255 2
0 0.225 -0.155 0.2306595906 2
0 0.225 -0.145 0.2188781873 2
0 0.225 -0.135 0.2064986129 2
0 0.225 -0.125 0.1935546995 1
0 0.225 -0.115 0.1800818215 1
0 0.225 -0.105 0.1661167987 1
0 0.225 -0.095 0.1516977962 1
0 0.225 -0.085 0.1368642196 1
0 0.225 -0.075 0.1216566074 1
0 0.225 -0.065 0.1061165205 1
0 0.225 -0.055 0.09028642831 1
0 0.225 -0.045 0.07420959279 1
0 0.225 -0.035 0.05792995025 1
0 0.225 -0.025 0.04149199125 2
0 0.225 -0.015 0.02494063899 2
0 0.225 -0.005 0.008321126584 2
0 0.225 0.005 -0.008321126584 2
0 0.225 0.015 -0.02494063899 2
0 0.225 0.025 -0.04149199125 2
0 0.225 0.035 -0.05792995025 2
0 0.225 0.045 -0.07420959279 2
0 0.225 0.055 -0.09028642831 2
0 0.225 0.065 -0.1061165205 2
0 0.225 0.075 -0.1216566074 2
0 0.225 0.085 -0.1368642196 2
0 0.225 0.095 -0.1516977962 2
0 0.225 0.105 -0.1661167987 2
0 0.225 0.115 -0.1800818215 2
0 0.225 0.125 -0.1935546995 2
0 0.225 0.135 -0.2064986129 2
0 0.225 0.145 -0.2188781873 2
0 0.225 0.155 -0.2306595906 2
0 0.225 0.165 -0.2418106255 2
0 0.225 0.175 -0.2523008174 2
0 0.225 0.185 -0.2621014976 2
0 0.225 0.195 -0.271185882 2
0 0.225 0.205 -0.2795291438 2
0 0.225 0.215 -0.2871084819 2
0 0.225 0.225 -0.2939031827 2
0 0.225 0.235 -0.2998946769 2
0 0.225 0.245 -0.3050665905 2
0 0.225 0.255 -0.3094047892 2
0 0.225 0.265 -0.3128974171 2
0 0.225 0.275 -0.3155349293 2
0 0.225 0.285 -0.3173101176 2
0 0.225 0.295 -0.3182181307 2
0 0.225 0.305 -0.3182564871 2
0 0.225 0.315 -0.317425082 2
0 0.225 0.325 -0.3157261875 2
0 0.225 0.335 -0.3131644465 2
0 0.225 0.345 -0.3097468599 2
0 0.225 0.355 -0.3054827678 1
0 0.225 0.365 -0.3003838233 1
0 0.225 0.375 -0.2944639614 1
0 0.225 0.385 -0.2877393605 1
0 0.225 0.395 -0.2802283981 1
0 0.225 0.405 0 2
0 0.225 0.415 0 2
0 0.225 0.425 0 2
0 0.225 0.435 0 2
0 0.225 0.445 0 2
0 0.225 0.455 0 2
0 0.225 0.465 0 2
0 0.235 -0.455 0 2
0 0.235 -0.445 0 2
0 0.235 -0.435 0 1
0 0.235 -0.425 0 1
0 0.235 -0.415 0 1
0 0.235 -0.405 0 1
0 0.235 -0.395 0.2922146759 1
0 0.235 -0.385 0.3000469065 1
0 0.235 -0.375 0.3070591404 2
0 0.235 -0.365 0.313232214 2
0 0.235 -0.355 0.3185492569 2
0 0.235 -0.345 0.3229957381 2
0 0.235 -0.335 0.3265595059 2
0 0.235 -0.325 0.3292308209 2
0 0.235 -0.315 0.3310023826 2
0 0.235 -0.305 0.3318693497 2
0 0.235 -0.295 0.3318293526 2
0 0.235 -0.285 0.3308825008 2
0 0.235 -0.275 0.3290313819 2
0 0.235 -0.265 0.3262810548 2
0 0.235 -0.255 0.3226390359 2
0 0.235 -0.245 0.3181152784 2
0 0.235 -0.235 0.3127221453 2
0 0.235 -0.225 0.3064743754 2
0 0.235 -0.215 0.2993890432 2
0 0.235 -0.205 0.2914855122 2
0 0.235 -0.195 0.282785382 2
0 0.235 -0.185 0.273312429 2
0 0.235 -0.175 0.2630925419 2
0 0.235 -0.165 0.2521536505 2
0 0.235 -0.155 0.2405256497 2
0 0.235 -0.145 0.2282403175 2
0 0.235 -0.135 0.2153312286 2
0 0.235 -0.125 0.201833662 2
0 0.235 -0.115 0.1877845053 2
0 0.235 -0.105 0.1732221532 2
0 0.235 -0.095 0.1581864031 1
0 0.235 -0.085 0.1427183463 2
0 0.235 -0.075 0.1268602552 2
0 0.235 -0.065 0.1106554684 1
0 0.235 -0.055 0.09414827178 1
0 0.235 -0.045 0.07738377784 1
0 0.235 -0.035 0.06040780217 2
0 0.235 -0.025 0.04326673833 2
0 0.235 -0.015 0.02600743104 2
0 0.235 -0.005 0.008677048165 2
0 0.235 0.005 -0.008677048165 2
0 0.235 0.015 -0.02600743104 2
0 0.235 0.025 -0.04326673833 2
0 0.235 0.035 -0.06040780217 2
0 0.235 0.045 -0.07738377784 2
0 0.235 0.055 -0.09414827178 2
0 0.235 0.065 -0.1106554684 2
0 0.235 0.075 -0.1268602552 2
0 0.235 0.085 -0.1427183463 2
0 0.235 0.095 -0.1581864031 2
0 0.235 0.105 -0.1732221532 2
0 0.235 0.115 -0.1877845053 2
0 0.235 0.125 -0.201833662 2
0 0.235 0.135 -0.2153312286 2
0 0.235 0.145 -0.2282403175 2
0 0.235 0.155 -0.2405256497 2
0 0.235 0.165 -0.2521536505 2
0 0.235 0.175 -0.2630925419 2
0 0.235 0.185 -0.273312429 2
0 0.235 0.195 -0.282785382 2
0 0.235 0.205 -0.2914855122 2
0 0.235 0.215 -0.2993890432 2
0 0.235 0.225 -0.3064743754 2
0 0.235 0.235 -0.3127221453 2
0 0.235 0.245 -0.3181152784 2
0 0.235 0.255 -0.3226390359 2
0 0.235 0.265 -0.3262810548 2
0 0.235 0.275 -0.3290313819 2
0 0.235 0.285 -0.3308825008 2
0 0.235 0.295 -0.3318293526 2
0 0.235 0.305 -0.3318693497 2
0 0.235 0.315 -0.3310023826 2
0 0.235 0.325 -0.3292308209 2
0 0.235 0.335 -0.3265595059 2
0 0.235 0.345 -0.3229957381 2
0 0.235 0.355 -0.3185492569 2
0 0.235 0.365 -0.313232214 2
0 0.235 0.375 -0.3070591404 2
0 0.235 0.385 -0.3000469065 2
0 0.235 0.395 -0.2922146759 2
0 0.235 0.405 0 2
0 0.235 0.415 0 2
0 0.235 0.425 0 2
0 0.235 0.435 0 2
0 0.235 0.445 0 2
0 0.235 0.455 0 2
0 0.235 0.465 0 2
0 0.245 -0.455 0 2
0 0.245 -0.445 0 2
0 0.245 -0.435 0 1
0 0.245 -0.425 0 1
0 0.245 -0.415 0 1
0 0.245 -0.405 0 1
0 0.245 -0.395 0.3041403666 1
0 0.245 -0.385 0.3122922415 1
0 0.245 -0.375 0.3195906546 2
0 0.245 -0.365 0.32601566 2
0 0.245 -0.355 0.3315496988 2
0 0.245 -0.345 0.3361776471 2
0 0.245 -0.335 0.3398868573 2
0 0.245 -0.325 0.3426671924 2
0 0.245 -0.315 0.3445110541 2
0 0.245 -0.305 0.3454134032 2
0 0.245 -0.295 0.3453717739 2
0 0.245 -0.285 0.3443862797 2
0 0.245 -0.275 0.3424596141 2
0 0.245 -0.265 0.3395970423 2
0 0.245 -0.255 0.3358063874 2
0 0.245 -0.245 0.331098009 2
0 0.245 -0.235 0.3254847746 2
0 0.245 -0.225 0.3189820244 2
0 0.245 -0.215 0.3116075299 2
0 0.245 -0.205 0.3033814448 2
0 0.245 -0.195 0.29432625 2
0 0.245 -0.185 0.2844666925 2
0 0.245 -0.175 0.2738297175 2
0 0.245 -0.165 0.2624443946 2
0 0.245 -0.155 0.2503418388 2
0 0.245 -0.145 0.237555125 2
0 0.245 -0.135 0.224119198 2
0 0.245 -0.125 0.2100707768 2
0 0.245 -0.115 0.1954482543 2
0 0.245 -0.105 0.1802915922 2
0 0.245 -0.095 0.1646422121 2
0 0.245 -0.085 0.1485428822 2
0 0.245 -0.075 0.1320376001 2
0 0.245 -0.065 0.1151714732 2
0 0.245 -0.055 0.09799059478 2
0 0.245 -0.045 0.08054191834 2
0 0.245 -0.035 0.0628731293 2
0 0.245 -0.025 0.0450325146 2
0 0.245 -0.015 0.02706883077 2
0 0.245 -0.005 0.00903117067 2
0 0.245 0.005 -0.00903117067 2
0 0.245 0.015 -0.02706883077 2
0 0.245 0.025 -0.0450325146 2
0 0.245 0.035 -0.0628731293 2
0 0.245 0.045 -0.08054191834 2
0 0.245 0.055 -0.09799059478 2
0 0.245 0.065 -0.1151714732 2
0 0.245 0.075 -0.1320376001 2
0 0.245 0.085 -0.1485428822 2
0 0.245 0.095 -0.1646422121 2
0 0.245 0.105 -0.1802915922 2
0 0.245 0.115 -0.1954482543 2
0 0.245 0.125 -0.2100707768 2
0 0.245 0.135 -0.224119198 2
0 0.245 0.145 -0.237555125 2
0 0.245 0.155 -0.2503418388 2
0 0.245 0.165 -0.2624443946 2
0 0.245 0.175 -0.2738297175 2
0 0.245 0.185 -0.2844666925 2
0 0.245 0.195 -0.29432625 2
0 0.245 0.205 -0.3033814448 2
0 0.245 0.215 -0.3116075299 2
0 0.245 0.225 -0.3189820244 2
0 0.245 0.235 -0.3254847746 2
0 0.245 0.245 -0.331098009 2
0 0.245 0.255 -0.3358063874 2
0 0.245 0.265 -0.3395970423 2
0 0.245 0.275 -0.3424596141 2
0 0.245 0.285 -0.3443862797 2
0 0.245 0.295 -0.3453717739 2
0 0.245 0.305 -0.3454134032 2
0 0.245 0.315 -0.3445110541 2
0 0.245 0.325 -0.3426671924 2
0 0.245 0.335 -0.3398868573 2
0 0.245 0.345 -0.3361776471 2
0 0.245 0.355 -0.3315496988 2
0 0.245 0.365 -0.32601566 2
0 0.245 0.375 -0.3195906546 2
0 0.245 0.385 -0.3122922415 2
0 0.245 0.395 -0.3041403666 2
0 0.245 0.405 0 2
0 0.245 0.415 0 2
0 0.245 0.425 0 2
0 0.245 0.435 0 2
0 0.245 0.445 0 2
0 0.245 0.455 0 2
0 0.245 0.465 0 2
0 0.255 -0.455 0 2
0 0.255 -0.445 0 2
0 0.255 -0.435 0 1
0 0.255 -0.425 0 1
0 0.255 -0.415 0 1
0 0.255 -0.405 0 1
0 0.255 -0.395 0.3160029976 1
0 0.255 -0.385 0.3244728267 1
0 0.255 -0.375 0.3320559056 1
0 0.255 -0.365 0.3387315106 2
0 0.255 -0.355 0.344481398 2
0 0.255 -0.345 0.349289854 2
0 0.255 -0.335 0.3531437374 2
0 0.255 -0.325 0.3560325162 2
0 0.255 -0.315 0.3579482955 2
0 0.255 -0.305 0.3588858397 2
0 0.255 -0.295 0.3588425866 2
0 0.255 -0.285 0.3578186544 2
0 0.255 -0.275 0.3558168415 2
0 0.255 -0.265 0.3528426185 2
0 0.255 -0.255 0.3489041137 2
0 0.255 -0.245 0.3440120907 2
0 0.255 -0.235 0.3381799187 2
0 0.255 -0.225 0.3314235366 2
0 0.255 -0.215 0.3237614087 2
0 0.255 -0.205 0.315214475 2
0 0.255 -0.195 0.3058060932 2
0 0.255 -0.185 0.2955619755 2
0 0.255 -0.175 0.2845101179 2
0 0.255 -0.165 0.2726807242 2
0 0.255 -0.155 0.2601061226 2
0 0.255 -0.145 0.2468206784 2
0 0.255 -0.135 0.2328606991 2
0 0.255 -0.125 0.2182643361 2
0 0.255 -0.115 0.2030714795 2
0 0.255 -0.105 0.18732365 2
0 0.255 -0.095 0.1710638846 2
0 0.255 -0.085 0.1543366195 2
0 0.255 -0.075 0.1371875687 2
0 0.255 -0.065 0.1196635987 2
0 0.255 -0.055 0.1018126007 2
0 0.255 -0.045 0.08368335948 2
0 0.255 -0.035 0.06532542047 2
0 0.255 -0.025 0.04678895394 2
0 0.255 -0.015 0.02812461812 2
0 0.255 -0.005 0.009383420674 2
0 0.255 0.005 -0.009383420674 2
0 0.255 0.015 -0.02812461812 2
0 0.255 0.025 -0.04678895394 2
0 0.255 0.035 -0.06532542047 2
0 0.255 0.045 -0.08368335948 2
0 0.255 0.055 -0.1018126007 2
0 0.255 0.065 -0.1196635987 2
0 0.255 0.075 -0.1371875687 2
0 0.255 0.085 -0.1543366195 2
0 0.255 0.095 -0.1710638846 2
0 0.255 0.105 -0.18732365 2
0 0.255 0.115 -0.2030714795 2
0 0.255 0.125 -0.2182643361 2
0 0.255 0.135 -0.2328606991 2
0 0.255 0.145 -0.2468206784 2
0 0.255 0.155 -0.2601061226 2
0 0.255 0.165 -0.2726807242 2
0 0.255 0.175 -0.2845101179 2
0 0.255 0.185 -0.2955619755 2
0 0.255 0.195 -0.3058060932 2
0 0.255 0.205 -0.315214475 2
0 0.255 0.215 -0.3237614087 2
0 0.255 0.225 -0.3314235366 2
0 0.255 0.235 -0.3381799187 2
0 0.255 0.245 -0.3440120907 2
0 0.255 0.255 -0.3489041137 2
0 0.255 0.265 -0.3528426185 2
0 0.255 0.275 -0.3558168415 2
0 0.255 0.285 -0.3578186544 2
0 0.255 0.295 -0.3588425866 2
0 0.255 0.305 -0.3588858397 2
0 0.255 0.315 -0.3579482955 2
0 0.255 0.325 -0.3560325162 2
0 0.255 0.335 -0.3531437374 2
0 0.255 0.345 -0.349289854 2
0 0.255 0.355 -0.344481398 2
0 0.255 0.365 -0.3387315106 2
0 0.255 0.375 -0.3320559056 2
0 0.255 0.385 -0.3244728267 2
0 0.255 0.395 -0.3160029976 2
0 0.255 0.405 0 2
0 0.255 0.415 0 2
0 0.255 0.425 0 2
0 0.255 0.435 0 2
0 0.255 0.445 0 2
0 0.255 0.455 0 2
0 0.255 0.465 0 2
0 0.265 -0.455 0 2
0 0.265 -0.445 0 2
0 0.265 -0.435 0 1
0 0.265 -0.425 0 1
0 0.265 -0.415 0 1
0 0.265 -0.405 0 1
0 0.265 -0.395 0.3278001094 1
0 0.265 -0.385 0.3365861365 1
0 0.265 -0.375 0.344452309 1
0 0.265 -0.365 0.3513771296 2
0 0.265 -0.355 0.3573416734 2
0 0.265 -0.345 0.3623296399 2
0 0.265 -0.335 0.3663273977 2
0 0.265 -0.325 0.3693240211 2
0 0.265 -0.315 0.3713113208 2
0 0.265 -0.305 0.3722838656 2
0 0.265 -0.295 0.3722389978 2
0 0.265 -0.285 0.3711768399 2
0 0.265 -0.275 0.3691002948 2
0 0.265 -0.265 0.3660150373 2
0 0.265 -0.255 0.3619294991 2
0 0.265 -0.245 0.3568548457 2
0 0.265 -0.235 0.3508049455 2
0 0.265 -0.225 0.3437963322 2
0 0.265 -0.215 0.3358481597 2
0 0.265 -0.205 0.3269821494 2
0 0.265 -0.195 0.3172225313 2
0 0.265 -0.185 0.3065959773 2
0 0.265 -0.175 0.2951315288 2
0 0.265 -0.165 0.2828605168 2
0 0.265 -0.155 0.2698164767 2
0 0.265 -0.145 0.2560350566 2
0 0.265 -0.135 0.2415539195 2
0 0.265 -0.125 0.226412641 2
0 0.265 -0.115 0.2106526005 2
0 0.265 -0.105 0.1943168686 2
0 0.265 -0.095 0.1774500891 2
0 0.265 -0.085 0.1600983571 2
0 0.265 -0.075 0.1423090932 2
0 0.265 -0.065 0.1241309135 2
0 0.265 -0.055 0.105613497 2
0 0.265 -0.045 0.08680744993 2
0 0.265 -0.035 0.06776416723 2
0 0.265 -0.025 0.04853569218 2
0 0.265 -0.015 0.02917457418 2
0 0.265 -0.005 0.009733725144 2
0 0.265 0.005 -0.009733725144 2
0 0.265 0.015 -0.02917457418 2
0 0.265 0.025 -0.04853569218 2
0 0.265 0.035 -0.06776416723 2
0 0.265 0.045 -0.08680744993 2
0 0.265 0.055 -0.105613497 2
0 0.265 0.065 -0.1241309135 2
0 0.265 0.075 -0.1423090932 2
0 0.265 0.085 -0.1600983571 2
0 0.265 0.095 -0.1774500891 2
0 0.265 0.105 -0.1943168686 2
0 0.265 0.115 -0.2106526005 2
0 0.265 0.125 -0.226412641 2
0 0.265 0.135 -0.2415539195 2
0 0.265 0.145 -0.2560350566 2
0 0.265 0.155 -0.2698164767 2
0 0.265 0.165 -0.2828605168 2
0 0.265 0.175 -0.2951315288 2
0 0.265 0.185 -0.3065959773 2
0 0.265 0.195 -0.3172225313 2
0 0.265 0.205 -0.3269821494 2
0 0.265 0.215 -0.3358481597 2
0 0.265 0.225 -0.3437963322 2
0 0.265 0.235 -0.3508049455 2
0 0.265 0.245 -0.3568548457 2
0 0.265 0.255 -0.3619294991 2
0 0.265 0.265 -0.3660150373 2
0 0.265 0.275 -0.3691002948 2
0 0.265 0.285 -0.3711768399 2
0 0.265 0.295 -0.3722389978 2
0 0.265 0.305 -0.3722838656 2
0 0.265 0.315 -0.3713113208 2
0 0.265 0.325 -0.3693240211 2
0 0.265 0.335 -0.3663273977 2
0 0.265 0.345 -0.3623296399 2
0 0.265 0.355 -0.3573416734 2
0 0.265 0.365 -0.3513771296 2
0 0.265 0.375 -0.344452309 2
0 0.265 0.385 -0.3365861365 2
0 0.265 0.395 -0.3278001094 2
0 0.265 0.405 0 2
0 0.265 0.415 0 2
0 0.265 0.425 0 2
0 0.265 0.435 0 2
0 0.265 0.445 0 2
0 0.265 0.455 0 2
0 0.265 0.465 0 2
0 0.275 -0.455 0 2
0 0.275 -0.445 0 2
0 0.275 -0.435 0 1
0 0.275 -0.425 0 1
0 0.275 -0.415 0 1
0 0.275 -0.405 0 1
0 0.275 -0.395 0.339529256 1
0 0.275 -0.385 0.3486296594 1
0 0.275 -0.375 0.3567772946 1
0 0.275 -0.365 0.3639498949 2
0 0.275 -0.355 0.3701278584 2
0 0.275 -0.345 0.3752943014 2
0 0.275 -0.335 0.3794351045 2
0 0.275 -0.325 0.3825389513 2
0 0.275 -0.315 0.3845973593 2
0 0.275 -0.305 0.3856047032 2
0 0.275 -0.295 0.38555823 2
0 0.275 -0.285 0.3844580666 2
0 0.275 -0.275 0.3823072197 2
0 0.275 -0.265 0.3791115674 2
0 0.275 -0.255 0.374879843 2
0 0.275 -0.245 0.3696236114 2
0 0.275 -0.235 0.3633572372 2
0 0.275 -0.225 0.356097846 2
0 0.275 -0.215 0.3478652767 2
0 0.275 -0.205 0.3386820282 2
0 0.275 -0.195 0.3285731973 2
0 0.275 -0.185 0.3175664104 2
0 0.275 -0.175 0.3056917478 2
0 0.275 -0.165 0.2929816618 2
0 0.275 -0.155 0.2794708878 2
0 0.275 -0.145 0.2651963491 2
0 0.275 -0.135 0.2501970567 2
0 0.275 -0.125 0.234514002 2
0 0.275 -0.115 0.2181900452 2
0 0.275 -0.105 0.201269798 2
0 0.275 -0.095 0.1837995015 1
0 0.275 -0.085 0.1658269003 1
0 0.275 -0.075 0.1474011117 1
0 0.275 -0.065 0.1285724912 1
0 0.275 -0.055 0.1093924957 1
0 0.275 -0.045 0.08991354194 2
0 0.275 -0.035 0.07018886394 2
0 0.275 -0.025 0.05027236715 2
0 0.275 -0.015 0.03021848127 2
0 0.275 -0.005 0.01008201145 2
0 0.275 0.005 -0.01008201145 2
0 0.275 0.015 -0.03021848127 2
0 0.275 0.025 -0.05027236715 2
0 0.275 0.035 -0.07018886394 2
0 0.275 0.045 -0.08991354194 2
0 0.275 0.055 -0.1093924957 2
0 0.275 0.065 -0.1285724912 2
0 0.275 0.075 -0.1474011117 2
0 0.275 0.085 -0.1658269003 2
0 0.275 0.095 -0.1837995015 2
0 0.275 0.105 -0.201269798 2
0 0.275 0.115 -0.2181900452 2
0 0.275 0.125 -0.234514002 2
0 0.275 0.135 -0.2501970567 2
0 0.275 0.145 -0.2651963491 2
0 0.275 0.155 -0.2794708878 2
0 0.275 0.165 -0.2929816618 2
0 0.275 0.175 -0.3056917478 2
0 0.275 0.185 -0.3175664104 2
0 0.275 0.195 -0.3285731973 2
0 0.275 0.205 -0.3386820282 2
0 0.275 0.215 -0.3478652767 2
0 0.275 0.225 -0.356097846 2
0 0.275 0.235 -0.3633572372 2
0 0.275 0.245 -0.3696236114 2
0 0.275 0.255 -0.374879843 2
0 0.275 0.265 -0.3791115674 2
0 0.275 0.275 -0.3823072197 2
0 0.275 0.285 -0.3844580666 2
0 0.275 0.295 -0.38555823 2
0 0.275 0.305 -0.3856047032 2
0 0.275 0.315 -0.3845973593 2
0 0.275 0.325 -0.3825389513 2
0 0.275 0.335 -0.3794351045 2
0 0.275 0.345 -0.3752943014 2
0 0.275 0.355 -0.3701278584 2
0 0.275 0.365 -0.3639498949 2
0 0.275 0.375 -0.3567772946 2
0 0.275 0.385 -0.3486296594 2
0 0.275 0.395 -0.339529256 2
0 0.275 0.405 0 2
0 0.275 0.415 0 2
0 0.275 0.425 0 2
0 0.275 0.435 0 2
0 0.275 0.445 0 2
0 0.275 0.455 0 2
0 0.275 0.465 0 2
0 0.285 -0.455 0 2
0 0.285 -0.445 0 2
0 0.285 -0.435 0 1
0 0.285 -0.425 0 1
0 0.285 -0.415 0 1
0 0.285 -0.405 0 1
0 0.285 -0.395 0.3511880054 1
0 0.285 -0.385 0.3606008983 1
0 0.285 -0.375 0.3690283068 1
0 0.285 -0.365 0.3764471998 2
0 0.285 -0.355 0.3828373021 2
0 0.285 -0.345 0.3881811503 2
0 0.285 -0.335 0.3924641402 2
0 0.285 -0.325 0.3956745668 2
0 0.285 -0.315 0.3978036565 2
0 0.285 -0.305 0.3988455905 2
0 0.285 -0.295 0.3987975215 2
0 0.285 -0.285 0.3976595807 2
0 0.285 -0.275 0.3954348781 2
0 0.285 -0.265 0.3921294935 2
0 0.285 -0.255 0.3877524602 2
0 0.285 -0.245 0.3823157402 2
0 0.285 -0.235 0.3758341914 2
0 0.285 -0.225 0.3683255273 2
0 0.285 -0.215 0.3598102683 2
0 0.285 -0.205 0.3503116855 1
0 0.285 -0.195 0.3398557378 1
0 0.285 -0.185 0.328471 1
0 0.285 -0.175 0.3161885855 1
0 0.285 -0.165 0.3030420608 2
0 0.285 -0.155 0.289067354 2
0 0.285 -0.145 0.2743026565 2
0 0.285 -0.135 0.2587883187 2
0 0.285 -0.125 0.2425667396 2
0 0.285 -0.115 0.2256822511 1
0 0.285 -0.105 0.2081809967 1
0 0.285 -0.095 0.1901108055 1
0 0.285 -0.085 0.1715210614 1
0 0.285 -0.075 0.1524625683 1
0 0.285 -0.065 0.1329874111 1
0 0.285 -0.055 0.1131488132 1
0 0.285 -0.045 0.09300099151 1
0 0.285 -0.035 0.07259900788 2
0 0.285 -0.025 0.05199861878 2
0 0.285 -0.015 0.03125612293 2
0 0.285 -0.005 0.01042820737 2
0 0.285 0.005 -0.01042820737 2
0 0.285 0.015 -0.03125612293 2
0 0.285 0.025 -0.05199861878 2
0 0.285 0.035 -0.07259900788 2
0 0.285 0.045 -0.09300099151 2
0 0.285 0.055 -0.1131488132 2
0 0.285 0.065 -0.1329874111 2
0 0.285 0.075 -0.1524625683 2
0 0.285 0.085 -0.1715210614 2
0 0.285 0.095 -0.1901108055 2
0 0.285 0.105 -0.2081809967 2
0 0.285 0.115 -0.2256822511 2
0 0.285 0.125 -0.2425667396 2
0 0.285 0.135 -0.2587883187 2
0 0.285 0.145 -0.2743026565 2
0 0.285 0.155 -0.289067354 2
0 0.285 0.165 -0.3030420608 2
0 0.285 0.175 -0.3161885855 2
0 0.285 0.185 -0.328471 2
0 0.285 0.195 -0.3398557378 2
0 0.285 0.205 -0.3503116855 2
0 0.285 0.215 -0.3598102683 2
0 0.285 0.225 -0.3683255273 2
0 0.285 0.235 -0.3758341914 2
0 0.285 0.245 -0.3823157402 2
0 0.285 0.255 -0.3877524602 2
0 0.285 0.265 -0.3921294935 2
0 0.285 0.275 -0.3954348781 2
0 0.285 0.285 -0.3976595807 2
0 0.285 0.295 -0.3987975215 2
0 0.285 0.305 -0.3988455905 2
0 0.285 0.315 -0.3978036565 2
0 0.285 0.325 -0.3956745668 2
0 0.285 0.335 -0.3924641402 2
0 0.285 0.345 -0.3881811503 2
0 0.285 0.355 -0.3828373021 2
0 0.285 0.365 -0.3764471998 2
0 0.285 0.375 -0.3690283068 2
0 0.285 0.385 -0.3606008983 2
0 0.285 0.395 -0.3511880054 2
0 0.285 0.405 0 2
0 0.285 0.415 0 2
0 0.285 0.425 0 2
0 0.285 0.435 0 2
0 0.285 0.445 0 2
0 0.285 0.455 0 2
0 0.285 0.465 0 2
0 0.295 -0.455 0 2
0 0.295 -0.445 0 2
0 0.295 -0.435 0 1
0 0.295 -0.425 0 1
0 0.295 -0.415 0 1
0 0.295 -0.405 0 1
0 0.295 -0.395 0.3627739404 1
0 0.295 -0.385 0.3724973711 1
0 0.295 -0.375 0.3812028057 1
0 0.295 -0.365 0.3888664531 2
0 0.295 -0.355 0.3954673693 2
0 0.295 -0.345 0.4009875147 2
0 0.295 -0.335 0.4054118034 2
0 0.295 -0.325 0.4087281442 2
0 0.295 -0.315 0.410927474 2
0 0.295 -0.305 0.4120037822 2
0 0.295 -0.295 0.4119541273 2
0 0.295 -0.285 0.4107786451 2
0 0.295 -0.275 0.408480548 2
0 0.295 -0.265 0.4050661165 2
0 0.295 -0.255 0.4005446818 2
0 0.295 -0.245 0.3949286007 2
0 0.295 -0.235 0.3882332211 2
0 0.295 -0.225 0.380476841 2
0 0.295 -0.215 0.3716806577 2
0 0.295 -0.205 0.3618687101 1
0 0.295 -0.195 0.3510678134 1
0 0.295 -0.185 0.3393074853 1
0 0.295 -0.175 0.3266198654 1
0 0.295 -0.165 0.3130396278 1
0 0.295 -0.155 0.2986038858 2
0 0.295 -0.145 0.2833520907 2
0 0.295 -0.135 0.2673259242 2
0 0.295 -0.125 0.250569184 1
0 0.295 -0.115 0.2331276645 1
0 0.295 -0.105 0.2150490316 1
0 0.295 -0.095 0.1963826923 1
0 0.295 -0.085 0.1771796598 1
0 0.295 -0.075 0.1574924138 1
0 0.295 -0.065 0.1373747577 1
0 0.295 -0.055 0.1168816707 1
0 0.295 -0.045 0.09606915849 1
0 0.295 -0.035 0.07499409932 2
0 0.295 -0.025 0.05371408915 2
0 0.295 -0.015 0.03228728402 2
0 0.295 -0.005 0.01077224114 2
0 0.295 0.005 -0.01077224114 2
0 0.295 0.015 -0.03228728402 2
0 0.295 0.025 -0.05371408915 2
0 0.295 0.035 -0.07499409932 2
0 0.295 0.045 -0.09606915849 2
0 0.295 0.055 -0.1168816707 2
0 0.295 0.065 -0.1373747577 2
0 0.295 0.075 -0.1574924138 2
0 0.295 0.085 -0.1771796598 2
0 0.295 0.095 -0.1963826923 2
0 0.295 0.105 -0.2150490316 2
0 0.295 0.115 -0.2331276645 2
0 0.295 0.125 -0.250569184 2
0 0.295 0.135 -0.2673259242 2
0 0.295 0.145 -0.2833520907 2
0 0.295 0.155 -0.2986038858 2
0 0.295 0.165 -0.3130396278 2
0 0.295 0.175 -0.3266198654 2
0 0.295 0.185 -0.3393074853 2
0 0.295 0.195 -0.3510678134 2
0 0.295 0.205 -0.3618687101 2
0 0.295 0.215 -0.3716806577 2
0 0.295 0.225 -0.380476841 2
0 0.295 0.235 -0.3882332211 2
0 0.295 0.245 -0.3949286007 2
0 0.295 0.255 -0.4005446818 2
0 0.295 0.265 -0.4050661165 2
0 0.295 0.275 -0.408480548 2
0 0.295 0.285 -0.4107786451 2
0 0.295 0.295 -0.4119541273 2
0 0.295 0.305 -0.4120037822 2
0 0.295 0.315 -0.410927474 2
0 0.295 0.325 -0.4087281442 2
0 0.295 0.335 -0.4054118034 2
0 0.295 0.345 -0.4009875147 2
0 0.295 0.355 -0.3954673693 2
0 0.295 0.365 -0.3888664531 2
0 0.295 0.375 -0.3812028057 2
0 0.295 0.385 -0.3724973711 2
0 0.295 0.395 -0.3627739404 2
0 0.295 0.405 0 2
0 0.295 0.415 0 2
0 0.295 0.425 0 2
0 0.295 0.435 0 2
0 0.295 0.445 0 2
0 0.295 0.455 0 2
0 0.295 0.465 0 2
0 0.305 -0.455 0 2
0 0.305 -0.445 0 2
0 0.305 -0.435 0 2
0 0.305 -0.425 0 1
0 0.305 -0.415 0 1
0 0.305 -0.405 0 1
0 0.305 -0.395 0.3742846588 1
0 0.305 -0.385 0.3843166113 1
0 0.305 -0.375 0.393298267 1
0 0.305 -0.365 0.4012050798 2
0 0.305 -0.355 0.4080154412 2
0 0.305 -0.345 0.4137107394 2
0 0.305 -0.335 0.4182754096 2
0 0.305 -0.325 0.421696977 2
0 0.305 -0.315 0.4239660909 2
0 0.305 -0.305 0.42507655 2
0 0.305 -0.295 0.4250253196 2
0 0.305 -0.285 0.4238125397 2
0 0.305 -0.275 0.4214415246 2
0 0.305 -0.265 0.4179187541 2
0 0.305 -0.255 0.4132538556 2
0 0.305 -0.245 0.4074595777 2
0 0.305 -0.235 0.4005517556 2
0 0.305 -0.225 0.3925492676 2
0 0.305 -0.215 0.3834739837 1
0 0.305 -0.205 0.3733507058 1
0 0.305 -0.195 0.3622070996 1
0 0.305 -0.185 0.3500736194 1
0 0.305 -0.175 0.3369834249 1
0 0.305 -0.165 0.32297229 1
0 0.305 -0.155 0.3080785058 1
0 0.305 -0.145 0.2923427754 2
0 0.305 -0.135 0.275808103 1
0 0.305 -0.125 0.2585196759 1
0 0.305 -0.115 0.2405247418 1
0 0.305 -0.105 0.2218724788 1
0 0.305 -0.095 0.2026138617 1
0 0.305 -0.085 0.1828015221 1
0 0.305 -0.075 0.1624896053 1
0 0.305 -0.065 0.1417336213 1
0 0.305 -0.055 0.1205902943 1
0 0.305 -0.045 0.09911740674 1
0 0.305 -0.035 0.07737364167 1
0 0.305 -0.025 0.05541842258 1
0 0.305 -0.015 0.03331175076 1
0 0.305 -0.005 0.01111404142 1
0 0.305 0.005 -0.01111404142 1
0 0.305 0.015 -0.03331175076 1
0 0.305 0.025 -0.05541842258 2
0 0.305 0.035 -0.07737364167 2
0 0.305 0.045 -0.09911740674 2
0 0.305 0.055 -0.1205902943 2
0 0.305 0.065 -0.1417336213 2
0 0.305 0.075 -0.1624896053 2
0 0.305 0.085 -0.1828015221 2
0 0.305 0.095 -0.2026138617 2
0 0.305 0.105 -0.2218724788 2
0 0.305 0.115 -0.2405247418 2
0 0.305 0.125 -0.2585196759 2
0 0.305 0.135 -0.275808103 2
0 0.305 0.145 -0.2923427754 2
0 0.305 0.155 -0.3080785058 2
0 0.305 0.165 -0.32297229 2
0 0.305 0.175 -0.3369834249 2
0 0.305 0.185 -0.3500736194 2
0 0.305 0.195 -0.3622070996 2
0 0.305 0.205 -0.3733507058 2
0 0.305 0.215 -0.3834739837 2
0 0.305 0.225 -0.3925492676 2
0 0.305 0.235 -0.4005517556 2
0 0.305 0.245 -0.4074595777 2
0 0.305 0.255 -0.4132538556 2
0 0.305 0.265 -0.4179187541 2
0 0.305 0.275 -0.4214415246 2
0 0.305 0.285 -0.4238125397 2
0 0.305 0.295 -0.4250253196 2
0 0.305 0.305 -0.42507655 2
0 0.305 0.315 -0.4239660909 2
0 0.305 0.325 -0.421696977 2
0 0.305 0.335 -0.4182754096 2
0 0.305 0.345 -0.4137107394 2
0 0.305 0.355 -0.4080154412 2
0 0.305 0.365 -0.4012050798 2
0 0.305 0.375 -0.393298267 2
0 0.305 0.385 -0.3843166113 2
0 0.305 0.395 -0.3742846588 2
0 0.305 0.405 0 2
0 0.305 0.415 0 2
0 0.305 0.425 0 2
0 0.305 0.435 0 2
0 0.305 0.445 0 2
0 0.305 0.455 0 2
0 0.305 0.465 0 2
0 0.315 -0.455 0 2
0 0.315 -0.445 0 2
0 0.315 -0.435 0 2
0 0.315 -0.425 0 1
0 0.315 -0.415 0 1
0 0.315 -0.405 0 1
0 0.315 -0.395 0.3857177739 1
0 0.315 -0.385 0.3960561683 1
0 0.315 -0.375 0.4053121828 1
0 0.315 -0.365 0.4134605216 2
0 0.315 -0.355 0.4204789163 2
0 0.315 -0.345 0.4263481864 2
0 0.315 -0.335 0.4310522916 2
0 0.315 -0.325 0.4345783762 2
0 0.315 -0.315 0.4369168038 2
0 0.315 -0.305 0.4380611836 2
0 0.315 -0.295 0.4380083883 2
0 0.315 -0.285 0.4367585621 2
0 0.315 -0.275 0.4343151206 2
0 0.315 -0.265 0.4306847415 2
0 0.315 -0.255 0.4258773463 2
0 0.315 -0.245 0.419906073 2
0 0.315 -0.235 0.4127872406 2
0 0.315 -0.225 0.404540304 2
0 0.315 -0.215 0.3951878013 1
0 0.315 -0.205 0.3847552919 1
0 0.315 -0.195 0.3732712866 1
0 0.315 -0.185 0.3607671702 1
0 0.315 -0.175 0.347277115 1
0 0.315 -0.165 0.3328379879 1
0 0.315 -0.155 0.3174892496 1
0 0.315 -0.145 0.3012728465 1
0 0.315 -0.135 0.2842330964 1
0 0.315 -0.125 0.2664165671 1
0 0.315 -0.115 0.2478719494 1
0 0.315 -0.105 0.2286499236 1
0 0.315 -0.095 0.2088030216 1
0 0.315 -0.085 0.1883854829 1
0 0.315 -0.075 0.1674531065 1
0 0.315 -0.065 0.1460630983 1
0 0.315 -0.055 0.1242739151 1
0 0.315 -0.045 0.1021451042 1
0 0.315 -0.035 0.07973714158 1
0 0.315 -0.025 0.05711126569 1
0 0.315 -0.015 0.03432931072 1
0 0.315 -0.005 0.01145353734 1
0 0.315 0.005 -0.01145353734 1
0 0.315 0.015 -0.03432931072 1
0 0.315 0.025 -0.05711126569 1
0 0.315 0.035 -0.07973714158 1
0 0.315 0.045 -0.1021451042 2
0 0.315 0.055 -0.1242739151 2
0 0.315 0.065 -0.1460630983 2
0 0.315 0.075 -0.1674531065 2
0 0.315 0.085 -0.1883854829 2
0 0.315 0.095 -0.2088030216 2
0 0.315 0.105 -0.2286499236 2
0 0.315 0.115 -0.2478719494 2
0 0.315 0.125 -0.2664165671 2
0 0.315 0.135 -0.2842330964 2
0 0.315 0.145 -0.3012728465 2
0 0.315 0.155 -0.3174892496 2
0 0.315 0.165 -0.3328379879 2
0 0.315 0.175 -0.347277115 2
0 0.315 0.185 -0.3607671702 2
0 0.315 0.195 -0.3732712866 2
0 0.315 0.205 -0.3847552919 2
0 0.315 0.215 -0.3951878013 2
0 0.315 0.225 -0.404540304 2
0 0.315 0.235 -0.4127872406 2
0 0.315 0.245 -0.419906073 2
0 0.315 0.255 -0.4258773463 2
0 0.315 0.265 -0.4306847415 2
0 0.315 0.275 -0.4343151206 2
0 0.315 0.285 -0.4367585621 2
0 0.315 0.295 -0.4380083883 2
0 0.315 0.305 -0.4380611836 2
0 0.315 0.315 -0.4369168038 2
0 0.315 0.325 -0.4345783762 2
0 0.315 0.335 -0.4310522916 2
0 0.315 0.345 -0.4263481864 2
0 0.315 0.355 -0.4204789163 2
0 0.315 0.365 -0.4134605216 2
0 0.315 0.375 -0.4053121828 2
0 0.315 0.385 -0.3960561683 2
0 0.315 0.395 -0.3857177739 2
0 0.315 0.405 0 2
0 0.315 0.415 0 2
0 0.315 0.425 0 2
0 0.315 0.435 0 2
0 0.315 0.445 0 2
0 0.315 0.455 0 2
0 0.315 0.465 0 2
0 0.325 -0.455 0 2
0 0.325 -0.445 0 2
0 0.325 -0.435 0 2
0 0.325 -0.425 0 2
0 0.325 -0.415 0 1
0 0.325 -0.405 0 1
0 0.325 -0.395 0.3970709153 1
0 0.325 -0.385 0.407713608 1
0 0.325 -0.375 0.4172420622 2
0 0.325 -0.365 0.4256302376 2
0 0.325 -0.355 0.4328552104 2
0 0.325 -0.345 0.4388972354 2
0 0.325 -0.335 0.4437398003 2
0 0.325 -0.325 0.447369671 2
0 0.325 -0.315 0.4497769274 2
0 0.325 -0.305 0.4509549907 2
0 0.325 -0.295 0.4509006414 2
0 0.325 -0.285 0.449614028 2
0 0.325 -0.275 0.4470986668 2
0 0.325 -0.265 0.4433614318 2
0 0.325 -0.255 0.4384125367 2
0 0.325 -0.245 0.4322655062 2
0 0.325 -0.235 0.4249371394 2
0 0.325 -0.225 0.4164474641 2
0 0.325 -0.215 0.4068196817 1
0 0.325 -0.205 0.3960801038 1
0 0.325 -0.195 0.3842580806 1
0 0.325 -0.185 0.3713859204 1
0 0.325 -0.175 0.3574988016 1
0 0.325 -0.165 0.3426346761 1
0 0.325 -0.155 0.326834166 1
0 0.325 -0.145 0.3101404525 1
0 0.325 -0.135 0.2925991577 1
0 0.325 -0.125 0.2742582202 1
0 0.325 -0.115 0.2551677638 1
0 0.325 -0.105 0.2353799607 1
0 0.325 -0.095 0.2149488889 1
0 0.325 -0.085 0.1939303843 1
0 0.325 -0.075 0.1723818884 1
0 0.325 -0.065 0.150362291 1
0 0.325 -0.055 0.1279317691 1
0 0.325 -0.045 0.1051516232 1
0 0.325 -0.035 0.08208410899 1
0 0.325 -0.025 0.0587922675 1
0 0.325 -0.015 0.03533975293 1
0 0.325 -0.005 0.01179065852 1
0 0.325 0.005 -0.01179065852 1
0 0.325 0.015 -0.03533975293 1
0 0.325 0.025 -0.0587922675 1
0 0.325 0.035 -0.08208410899 1
0 0.325 0.045 -0.1051516232 2
0 0.325 0.055 -0.1279317691 2
0 0.325 0.065 -0.150362291 2
0 0.325 0.075 -0.1723818884 2
0 0.325 0.085 -0.1939303843 2
0 0.325 0.095 -0.2149488889 2
0 0.325 0.105 -0.2353799607 2
0 0.325 0.115 -0.2551677638 2
0 0.325 0.125 -0.2742582202 2
0 0.325 0.135 -0.2925991577 2
0 0.325 0.145 -0.3101404525 2
0 0.325 0.155 -0.326834166 2
0 0.325 0.165 -0.3426346761 1
0 0.325 0.175 -0.3574988016 1
0 0.325 0.185 -0.3713859204 1
0 0.325 0.195 -0.3842580806 2
0 0.325 0.205 -0.3960801038 2
0 0.325 0.215 -0.4068196817 2
0 0.325 0.225 -0.4164474641 2
0 0.325 0.235 -0.4249371394 2
0 0.325 0.245 -0.4322655062 2
0 0.325 0.255 -0.4384125367 2
0 0.325 0.265 -0.4433614318 2
0 0.325 0.275 -0.4470986668 2
0 0.325 0.285 -0.449614028 2
0 0.325 0.295 -0.4509006414 2
0 0.325 0.305 -0.4509549907 2
0 0.325 0.315 -0.4497769274 2
0 0.325 0.325 -0.447369671 2
0 0.325 0.335 -0.4437398003 2
0 0.325 0.345 -0.4388972354 2
0 0.325 0.355 -0.4328552104 2
0 0.325 0.365 -0.4256302376 2
0 0.325 0.375 -0.4172420622 2
0 0.325 0.385 -0.407713608 2
0 0.325 0.395 -0.3970709153 2
0 0.325 0.405 0 2
0 0.325 0.415 0 2
0 0.325 0.425 0 2
0 0.325 0.435 0 2
0 0.325 0.445 0 2
0 0.325 0.455 0 2
0 0.325 0.465 0 2
0 0.335 -0.455 0 2
0 0.335 -0.445 0 2
0 0.335 -0.435 0 2
0 0.335 -0.425 0 2
0 0.335 -0.415 0 2
0 0.335 -0.405 0 2
0 0.335 -0.395 0.4083417291 2
0 0.335 -0.385 0.4192865134 2
0 0.335 -0.375 0.4290854317 2
0 0.335 -0.365 0.4377117046 2
0 0.335 -0.355 0.4451417574 2
0 0.335 -0.345 0.4513552845 2
0 0.335 -0.335 0.4563353052 2
0 0.335 -0.325 0.4600682093 2
0 0.335 -0.315 0.4625437954 2
0 0.335 -0.305 0.4637552979 2
0 0.335 -0.295 0.4636994059 2
0 0.335 -0.285 0.4623762722 2
0 0.335 -0.275 0.4597895127 2
0 0.335 -0.265 0.4559461967 2
0 0.335 -0.255 0.4508568278 2
0 0.335 -0.245 0.4445353144 2
0 0.335 -0.235 0.4369989328 2
0 0.335 -0.225 0.428268279 2
0 0.335 -0.215 0.4183672131 2
0 0.335 -0.205 0.4073227934 1
0 0.335 -0.195 0.3951652034 1
0 0.335 -0.185 0.3819276684 1
0 0.335 -0.175 0.3676463653 1
0 0.335 -0.165 0.3523603232 1
0 0.335 -0.155 0.3361113174 1
0 0.335 -0.145 0.3189437547 1
0 0.335 -0.135 0.3009045522 1
0 0.335 -0.125 0.2820430093 1
0 0.335 -0.115 0.2624106724 1
0 0.335 -0.105 0.2420611947 1
0 0.335 -0.095 0.2210501892 1
0 0.335 -0.085 0.1994350767 1
0 0.335 -0.075 0.1772749292 1
0 0.335 -0.065 0.1546303079 1
0 0.335 -0.055 0.1315630982 1
0 0.335 -0.045 0.1081363404 1
0 0.335 -0.035 0.08441405729 1
0 0.335 -0.025 0.06046107947 1
0 0.335 -0.015 0.03634286788 1
0 0.335 -0.005 0.01212533505 1
0 0.335 0.005 -0.01212533505 1
0 0.335 0.015 -0.03634286788 1
0 0.335 0.025 -0.06046107947 1
0 0.335 0.035 -0.08441405729 1
0 0.335 0.045 -0.1081363404 2
0 0.335 0.055 -0.1315630982 2
0 0.335 0.065 -0.1546303079 2
0 0.335 0.075 -0.1772749292 2
0 0.335 0.085 -0.1994350767 2
0 0.335 0.095 -0.2210501892 2
0 0.335 0.105 -0.2420611947 2
0 0.335 0.115 -0.2624106724 2
0 0.335 0.125 -0.2820430093 2
0 0.335 0.135 -0.3009045522 2
0 0.335 0.145 -0.3189437547 1
0 0.335 0.155 -0.3361113174 1
0 0.335 0.165 -0.3523603232 1
0 0.335 0.175 -0.3676463653 1
0 0.335 0.185 -0.3819276684 1
0 0.335 0.195 -0.3951652034 1
0 0.335 0.205 -0.4073227934 2
0 0.335 0.215 -0.4183672131 2
0 0.335 0.225 -0.428268279 2
0 0.335 0.235 -0.4369989328 2
0 0.335 0.245 -0.4445353144 2
0 0.335 0.255 -0.4508568278 2
0 0.335 0.265 -0.4559461967 2
0 0.335 0.275 -0.4597895127 2
0 0.335 0.285 -0.4623762722 2
0 0.335 0.295 -0.4636994059 2
0 0.335 0.305 -0.4637552979 2
0 0.335 0.315 -0.4625437954 2
0 0.335 0.325 -0.4600682093 2
0 0.335 0.335 -0.4563353052 2
0 0.335 0.345 -0.4513552845 2
0 0.335 0.355 -0.4451417574 2
0 0.335 0.365 -0.4377117046 2
0 0.335 0.375 -0.4290854317 2
0 0.335 0.385 -0.4192865134 2
0 0.335 0.395 -0.4083417291 2
0 0.335 0.405 0 2
0 0.335 0.415 0 2
0 0.335 0.425 0 2
0 0.335 0.435 0 2
0 0.335 0.445 0 2
0 0.335 0.455 0 2
0 0.335 0.465 0 2
0 0.345 -0.455 0 2
0 0.345 -0.445 0 2
0 0.345 -0.435 0 2
0 0.345 -0.425 0 2
0 0.345 -0.415 0 2
0 0.345 -0.405 0 2
0 0.345 -0.395 0.4195278783 2
0 0.345 -0.385 0.4307724849 2
0 0.345 -0.375 0.4408398357 2
0 0.345 -0.365 0.4497024175 2
0 0.345 -0.355 0.4573360098 2
0 0.345 -0.345 0.4637197509 2
0 0.345 -0.335 0.4688361946 2
0 0.345 -0.325 0.4726713583 2
0 0.345 -0.315 0.4752147608 2
0 0.345 -0.305 0.4764594513 2
0 0.345 -0.295 0.4764020282 2
0 0.345 -0.285 0.4750426484 2
0 0.345 -0.275 0.472385027 2
0 0.345 -0.265 0.4684364269 2
0 0.345 -0.255 0.4632076393 2
0 0.345 -0.245 0.4567129539 2
0 0.345 -0.235 0.44897012 2
0 0.345 -0.225 0.4400002979 2
0 0.345 -0.215 0.4298280013 2
0 0.345 -0.205 0.4184810298 1
0 0.345 -0.195 0.4059903937 1
0 0.345 -0.185 0.3923902286 1
0 0.345 -0.175 0.3777177021 1
0 0.345 -0.165 0.3620129129 1
0 0.345 -0.155 0.3453187804 1
0 0.345 -0.145 0.327680928 1
0 0.345 -0.135 0.309147558 1
0 0.345 -0.125 0.2897693202 1
0 0.345 -0.115 0.2695991734 1
0 0.345 -0.105 0.2486922403 1
0 0.345 -0.095 0.2271056575 1
0 0.345 -0.085 0.2048984187 1
0 0.345 -0.075 0.1821312141 1
0 0.345 -0.065 0.1588662641 1
0 0.345 -0.055 0.1351671492 1
0 0.345 -0.045 0.1110986368 1
0 0.345 -0.035 0.08672650339 1
0 0.345 -0.025 0.0621173556 1
0 0.345 -0.015 0.0373384476 1
0 0.345 -0.005 0.01245749754 1
0 0.345 0.005 -0.01245749754 1
0 0.345 0.015 -0.0373384476 1
0 0.345 0.025 -0.0621173556 1
0 0.345 0.035 -0.08672650339 1
0 0.345 0.045 -0.1110986368 2
0 0.345 0.055 -0.1351671492 2
0 0.345 0.065 -0.1588662641 2
0 0.345 0.075 -0.1821312141 2
0 0.345 0.085 -0.2048984187 2
0 0.345 0.095 -0.2271056575 2
0 0.345 0.105 -0.2486922403 2
0 0.345 0.115 -0.2695991734 2
0 0.345 0.125 -0.2897693202 2
0 0.345 0.135 -0.309147558 1
0 0.345 0.145 -0.327680928 1
0 0.345 0.155 -0.3453187804 1
0 0.345 0.165 -0.3620129129 1
0 0.345 0.175 -0.3777177021 1
0 0.345 0.185 -0.3923902286 1
0 0.345 0.195 -0.4059903937 1
0 0.345 0.205 -0.4184810298 2
0 0.345 0.215 -0.4298280013 2
0 0.345 0.225 -0.4400002979 2
0 0.345 0.235 -0.44897012 2
0 0.345 0.245 -0.4567129539 2
0 0.345 0.255 -0.4632076393 2
0 0.345 0.265 -0.4684364269 2
0 0.345 0.275 -0.472385027 2
0 0.345 0.285 -0.4750426484 2
0 0.345 0.295 -0.4764020282 2
0 0.345 0.305 -0.4764594513 2
0 0.345 0.315 -0.4752147608 2
0 0.345 0.325 -0.4726713583 2
0 0.345 0.335 -0.4688361946 2
0 0.345 0.345 -0.4637197509 2
0 0.345 0.355 -0.4573360098 2
0 0.345 0.365 -0.4497024175 2
0 0.345 0.375 -0.4408398357 2
0 0.345 0.385 -0.4307724849 2
0 0.345 0.395 -0.4195278783 2
0 0.345 0.405 0 2
0 0.345 0.415 0 2
0 0.345 0.425 0 2
0 0.345 0.435 0 2
0 0.345 0.445 0 2
0 0.345 0.455 0 2
0 0.345 0.465 0 2
0 0.355 -0.455 0 2
0 0.355 -0.445 0 2
0 0.355 -0.435 0 2
0 0.355 -0.425 0 2
0 0.355 -0.415 0 2
0 0.355 -0.405 0 2
0 0.355 -0.395 0.4306270437 2
0 0.355 -0.385 0.4421691413 2
0 0.355 -0.375 0.4525028371 2
0 0.355 -0.365 0.4615998902 2
0 0.355 -0.355 0.4694354393 2
0 0.355 -0.345 0.4759880707 2
0 0.355 -0.335 0.4812398768 2
0 0.355 -0.325 0.4851765048 2
0 0.355 -0.315 0.4877871964 2
0 0.355 -0.305 0.4890648168 2
0 0.355 -0.295 0.4890058745 2
0 0.355 -0.285 0.4876105305 2
0 0.355 -0.275 0.4848825982 2
0 0.355 -0.265 0.4808295327 2
0 0.355 -0.255 0.4754624106 2
0 0.355 -0.245 0.4687958997 2
0 0.355 -0.235 0.4608482188 2
0 0.355 -0.225 0.4516410883 2
0 0.355 -0.215 0.44119967 1
0 0.355 -0.205 0.4295524995 1
0 0.355 -0.195 0.416731407 1
0 0.355 -0.185 0.4027714315 1
0 0.355 -0.175 0.3877107239 1
0 0.355 -0.165 0.3715904437 1
0 0.355 -0.155 0.3544546458 1
0 0.355 -0.145 0.3363501607 1
0 0.355 -0.135 0.3173264659 1
0 0.355 -0.125 0.2974355512 1
0 0.355 -0.115 0.2767317764 1
0 0.355 -0.105 0.2552717227 1
0 0.355 -0.095 0.2331140383 1
0 0.355 -0.085 0.2103192776 2
0 0.355 -0.075 0.1869497365 2
0 0.355 -0.065 0.1630692814 1
0 0.355 -0.055 0.1387431751 1
0 0.355 -0.045 0.1140378983 1
0 0.355 -0.035 0.08902096784 1
0 0.355 -0.025 0.06376075247 1
0 0.355 -0.015 0.03832628565 1
0 0.355 -0.005 0.01278707713 1
0 0.355 0.005 -0.01278707713 1
0 0.355 0.015 -0.03832628565 1
0 0.355 0.025 -0.06376075247 1
0 0.355 0.035 -0.08902096784 1
0 0.355 0.045 -0.1140378983 2
0 0.355 0.055 -0.1387431751 2
0 0.355 0.065 -0.1630692814 2
0 0.355 0.075 -0.1869497365 2
0 0.355 0.085 -0.2103192776 2
0 0.355 0.095 -0.2331140383 2
0 0.355 0.105 -0.2552717227 2
0 0.355 0.115 -0.2767317764 2
0 0.355 0.125 -0.2974355512 1
0 0.355 0.135 -0.3173264659 1
0 0.355 0.145 -0.3363501607 1
0 0.355 0.155 -0.3544546458 1
0 0.355 0.165 -0.3715904437 1
0 0.355 0.175 -0.3877107239 1
0 0.355 0.185 -0.4027714315 1
0 0.355 0.195 -0.416731407 1
0 0.355 0.205 -0.4295524995 2
0 0.355 0.215 -0.44119967 2
0 0.355 0.225 -0.4516410883 2
0 0.355 0.235 -0.4608482188 2
0 0.355 0.245 -0.4687958997 2
0 0.355 0.255 -0.4754624106 2
0 0.355 0.265 -0.4808295327 2
0 0.355 0.275 -0.4848825982 2
0 0.355 0.285 -0.4876105305 2
0 0.355 0.295 -0.4890058745 2
0 0.355 0.305 -0.4890648168 2
0 0.355 0.315 -0.4877871964 2
0 0.355 0.325 -0.4851765048 2
0 0.355 0.335 -0.4812398768 2
0 0.355 0.345 -0.4759880707 2
0 0.355 0.355 -0.4694354393 2
0 0.355 0.365 -0.4615998902 2
0 0.355 0.375 -0.4525028371 2
0 0.355 0.385 -0.4421691413 2
0 0.355 0.395 -0.4306270437 2
0 0.355 0.405 0 2
0 0.355 0.415 0 2
0 0.355 0.425 0 2
0 0.355 0.435 0 2
0 0.355 0.445 0 2
0 0.355 0.455 0 2
0 0.355 0.465 0 2
0 0.365 -0.455 0 2
0 0.365 -0.445 0 2
0 0.365 -0.435 0 2
0 0.365 -0.425 0 2
0 0.365 -0.415 0 2
0 0.365 -0.405 0 2
0 0.365 -0.395 0.4416369239 2
0 0.365 -0.385 0.4534741194 2
0 0.365 -0.375 0.4640720177 2
0 0.365 -0.365 0.473401656 2
0 0.365 -0.355 0.4814375373 2
0 0.365 -0.345 0.4881577005 2
0 0.365 -0.335 0.4935437799 2
0 0.365 -0.325 0.497581056 2
0 0.365 -0.315 0.5002584954 2
0 0.365 -0.305 0.5015687809 2
0 0.365 -0.295 0.5015083316 2
0 0.365 -0.285 0.5000773127 2
0 0.365 -0.275 0.4972796351 2
0 0.365 -0.265 0.4931229445 2
0 0.365 -0.255 0.4876186007 1
0 0.365 -0.245 0.4807816465 1
0 0.365 -0.235 0.4726307666 1
0 0.365 -0.225 0.4631882365 1
0 0.365 -0.215 0.4524798616 1
0 0.365 -0.205 0.4405349068 1
0 0.365 -0.195 0.4273860163 1
0 0.365 -0.185 0.4130691248 1
0 0.365 -0.175 0.3976233588 1
0 0.365 -0.165 0.3810909299 1
0 0.365 -0.155 0.3635170196 1
0 0.365 -0.145 0.3449496554 1
0 0.365 -0.135 0.3254395801 1
0 0.365 -0.125 0.3050401126 2
0 0.365 -0.115 0.2838070025 2
0 0.365 -0.105 0.2617982778 2
0 0.365 -0.095 0.2390740858 2
0 0.365 -0.085 0.2156965295 2
0 0.365 -0.075 0.1917294972 2
0 0.365 -0.065 0.1672384884 2
0 0.365 -0.055 0.1422904343 2
0 0.365 -0.045 0.1169535154 1
0 0.365 -0.035 0.09129697491 1
0 0.365 -0.025 0.06539092935 1
0 0.365 -0.015 0.03930617724 1
0 0.365 -0.005 0.01311400548 1
0 0.365 0.005 -0.01311400548 1
0 0.365 0.015 -0.03930617724 1
0 0.365 0.025 -0.06539092935 2
0 0.365 0.035 -0.09129697491 2
0 0.365 0.045 -0.1169535154 2
0 0.365 0.055 -0.1422904343 2
0 0.365 0.065 -0.1672384884 2
0 0.365 0.075 -0.1917294972 2
0 0.365 0.085 -0.2156965295 2
0 0.365 0.095 -0.2390740858 2
0 0.365 0.105 -0.2617982778 2
0 0.365 0.115 -0.2838070025 2
0 0.365 0.125 -0.3050401126 1
0 0.365 0.135 -0.3254395801 1
0 0.365 0.145 -0.3449496554 1
0 0.365 0.155 -0.3635170196 1
0 0.365 0.165 -0.3810909299 1
0 0.365 0.175 -0.3976233588 1
0 0.365 0.185 -0.4130691248 1
0 0.365 0.195 -0.4273860163 1
0 0.365 0.205 -0.4405349068 2
0 0.365 0.215 -0.4524798616 2
0 0.365 0.225 -0.4631882365 2
0 0.365 0.235 -0.4726307666 2
0 0.365 0.245 -0.4807816465 2
0 0.365 0.255 -0.4876186007 2
0 0.365 0.265 -0.4931229445 2
0 0.365 0.275 -0.4972796351 2
0 0.365 0.285 -0.5000773127 2
0 0.365 0.295 -0.5015083316 2
0 0.365 0.305 -0.5015687809 2
0 0.365 0.315 -0.5002584954 2
0 0.365 0.325 -0.497581056 2
0 0.365 0.335 -0.4935437799 2
0 0.365 0.345 -0.4881577005 2
0 0.365 0.355 -0.4814375373 2
0 0.365 0.365 -0.473401656 2
0 0.365 0.375 -0.4640720177 2
0 0.365 0.385 -0.4534741194 2
0 0.365 0.395 -0.4416369239 2
0 0.365 0.405 0 2
0 0.365 0.415 0 2
0 0.365 0.425 0 2
0 0.365 0.435 0 2
0 0.365 0.445 0 2
0 0.365 0.455 0 2
0 0.365 0.465 0 2
0 0.375 -0.455 0 2
0 0.375 -0.445 0 2
0 0.375 -0.435 0 2
0 0.375 -0.425 0 2
0 0.375 -0.415 0 2
0 0.375 -0.405 0 2
0 0.375 -0.395 0.4525552363 2
0 0.375 -0.385 0.4646850753 2
0 0.375 -0.375 0.4755449789 2
0 0.375 -0.365 0.485105268 2
0 0.375 -0.355 0.4933398153 2
0 0.375 -0.345 0.5002261168 2
0 0.375 -0.335 0.5057453529 2
0 0.375 -0.325 0.50988244 2
0 0.375 -0.315 0.5126260721 2
0 0.375 -0.305 0.5139687509 2
0 0.375 -0.295 0.5139068072 2
0 0.375 -0.285 0.5124404101 2
0 0.375 -0.275 0.5095735673 1
0 0.375 -0.265 0.5053141134 1
0 0.375 -0.255 0.4996736892 1
0 0.375 -0.245 0.4926677093 1
0 0.375 -0.235 0.4843153203 1
0 0.375 -0.225 0.4746393484 1
0 0.375 -0.215 0.4636662371 1
0 0.375 -0.205 0.4514259747 1
0 0.375 -0.195 0.4379520125 1
0 0.375 -0.185 0.4232811734 1
0 0.375 -0.175 0.4074535515 1
0 0.375 -0.165 0.3905124017 1
0 0.375 -0.155 0.3725040226 1
0 0.375 -0.145 0.3534776292 1
0 0.375 -0.135 0.3334852185 2
0 0.375 -0.125 0.3125814278 2
0 0.375 -0.115 0.2908233849 2
0 0.375 -0.105 0.2682705522 2
0 0.375 -0.095 0.2449845643 2
0 0.375 -0.085 0.2210290593 2
0 0.375 -0.075 0.1964695052 2
0 0.375 -0.065 0.1713730205 2
0 0.375 -0.055 0.1458081914 2
0 0.375 -0.045 0.1198448838 2
0 0.375 -0.035 0.0935540527 2
0 0.375 -0.025 0.06700754824 2
0 0.375 -0.015 0.04027791918 2
0 0.375 -0.005 0.0134382148 2
0 0.375 0.005 -0.0134382148 2
0 0.375 0.015 -0.04027791918 2
0 0.375 0.025 -0.06700754824 2
0 0.375 0.035 -0.0935540527 2
0 0.375 0.045 -0.1198448838 2
0 0.375 0.055 -0.1458081914 2
0 0.375 0.065 -0.1713730205 2
0 0.375 0.075 -0.1964695052 2
0 0.375 0.085 -0.2210290593 2
0 0.375 0.095 -0.2449845643 2
0 0.375 0.105 -0.2682705522 2
0 0.375 0.115 -0.2908233849 1
0 0.375 0.125 -0.3125814278 1
0 0.375 0.135 -0.3334852185 1
0 0.375 0.145 -0.3534776292 1
0 0.375 0.155 -0.3725040226 1
0 0.375 0.165 -0.3905124017 1
0 0.375 0.175 -0.4074535515 1
0 0.375 0.185 -0.4232811734 1
0 0.375 0.195 -0.4379520125 1
0 0.375 0.205 -0.4514259747 2
0 0.375 0.215 -0.4636662371 2
0 0.375 0.225 -0.4746393484 2
0 0.375 0.235 -0.4843153203 2
0 0.375 0.245 -0.4926677093 2
0 0.375 0.255 -0.4996736892 2
0 0.375 0.265 -0.5053141134 2
0 0.375 0.275 -0.5095735673 2
0 0.375 0.285 -0.5124404101 2
0 0.375 0.295 -0.5139068072 2
0 0.375 0.305 -0.5139687509 2
0 0.375 0.315 -0.5126260721 2
0 0.375 0.325 -0.50988244 2
0 0.375 0.335 -0.5057453529 2
0 0.375 0.345 -0.5002261168 2
0 0.375 0.355 -0.4933398153 2
0 0.375 0.365 -0.485105268 2
0 0.375 0.375 -0.4755449789 2
0 0.375 0.385 -0.4646850753 2
0 0.375 0.395 -0.4525552363 2
0 0.375 0.405 0 2
0 0.375 0.415 0 2
0 0.375 0.425 0 2
0 0.375 0.435 0 2
0 0.375 0.445 0 2
0 0.375 0.455 0 2
0 0.375 0.465 0 2
0 0.385 -0.455 0 2
0 0.385 -0.445 0 2
0 0.385 -0.435 0 2
0 0.385 -0.425 0 2
0 0.385 -0.415 0 2
0 0.385 -0.405 0 2
0 0.385 -0.395 0.4633797171 2
0 0.385 -0.385 0.4757996847 2
0 0.385 -0.375 0.4869193417 2
0 0.385 -0.365 0.4967082994 2
0 0.385 -0.355 0.5051398055 2
0 0.385 -0.345 0.5121908175 2
0 0.385 -0.335 0.5178420659 2
0 0.385 -0.325 0.5220781064 2
0 0.385 -0.315 0.5248873622 2
0 0.385 -0.305 0.526262156 2
0 0.385 -0.295 0.5261987307 2
0 0.385 -0.285 0.5246972595 1
0 0.385 -0.275 0.5217618458 1
0 0.385 -0.265 0.5174005119 1
0 0.385 -0.255 0.5116251767 1
0 0.385 -0.245 0.5044516236 1
0 0.385 -0.235 0.4958994573 1
0 0.385 -0.225 0.4859920499 1
0 0.385 -0.215 0.4747564773 1
0 0.385 -0.205 0.4622234451 1
0 0.385 -0.195 0.4484272048 1
0 0.385 -0.185 0.43340546 1
0 0.385 -0.175 0.4171992637 1
0 0.385 -0.165 0.3998529057 1
0 0.385 -0.155 0.3814137916 1
0 0.385 -0.145 0.3619323138 1
0 0.385 -0.135 0.341461713 2
0 0.385 -0.125 0.3200579332 2
0 0.385 -0.115 0.2977794686 2
0 0.385 -0.105 0.2746872041 2
0 0.385 -0.095 0.2508442484 2
0 0.385 -0.085 0.2263157616 2
0 0.385 -0.075 0.2011687777 2
0 0.385 -0.065 0.1754720206 2
0 0.385 -0.055 0.149295717 2
0 0.385 -0.045 0.1227114038 2
0 0.385 -0.035 0.09579173324 2
0 0.385 -0.025 0.06861027395 2
0 0.385 -0.015 0.04124131 2
0 0.385 -0.005 0.01375963788 2
0 0.385 0.005 -0.01375963788 2
0 0.385 0.015 -0.04124131 2
0 0.385 0.025 -0.06861027395 2
0 0.385 0.035 -0.09579173324 2
0 0.385 0.045 -0.1227114038 2
0 0.385 0.055 -0.149295717 2
0 0.385 0.065 -0.1754720206 2
0 0.385 0.075 -0.2011687777 2
0 0.385 0.085 -0.2263157616 2
0 0.385 0.095 -0.2508442484 2
0 0.385 0.105 -0.2746872041 2
0 0.385 0.115 -0.2977794686 1
0 0.385 0.125 -0.3200579332 1
0 0.385 0.135 -0.341461713 1
0 0.385 0.145 -0.3619323138 1
0 0.385 0.155 -0.3814137916 1
0 0.385 0.165 -0.3998529057 1
0 0.385 0.175 -0.4171992637 1
0 0.385 0.185 -0.43340546 1
0 0.385 0.195 -0.4484272048 2
0 0.385 0.205 -0.4622234451 2
0 0.385 0.215 -0.4747564773 2
0 0.385 0.225 -0.4859920499 2
0 0.385 0.235 -0.4958994573 2
0 0.385 0.245 -0.5044516236 2
0 0.385 0.255 -0.5116251767 2
0 0.385 0.265 -0.5174005119 2
0 0.385 0.275 -0.5217618458 2
0 0.385 0.285 -0.5246972595 2
0 0.385 0.295 -0.5261987307 2
0 0.385 0.305 -0.526262156 2
0 0.385 0.315 -0.5248873622 2
0 0.385 0.325 -0.5220781064 2
0 0.385 0.335 -0.5178420659 2
0 0.385 0.345 -0.5121908175 2
0 0.385 0.355 -0.5051398055 2
0 0.385 0.365 -0.4967082994 2
0 0.385 0.375 -0.4869193417 2
0 0.385 0.385 -0.4757996847 2
0 0.385 0.395 -0.4633797171 2
0 0.385 0.405 0 2
0 0.385 0.415 0 2
0 0.385 0.425 0 2
0 0.385 0.435 0 2
0 0.385 0.445 0 2
0 0.385 0.455 0 2
0 0.385 0.465 0 2
0 0.395 -0.455 0 2
0 0.395 -0.445 0 2
0 0.395 -0.435 0 2
0 0.395 -0.425 0 2
0 0.395 -0.415 0 2
0 0.395 -0.405 0 2
0 0.395 -0.395 0.4741081218 2
0 0.395 -0.385 0.4868156429 2
0 0.395 -0.375 0.498192748 2
0 0.395 -0.365 0.5082083446 2
0 0.395 -0.355 0.5168350612 2
0 0.395 -0.345 0.5240493219 2
0 0.395 -0.335 0.5298314109 2
0 0.395 -0.325 0.5341655263 2
0 0.395 -0.315 0.5370398235 2
0 0.395 -0.305 0.5384464473 2
0 0.395 -0.295 0.5383815535 2
0 0.395 -0.285 0.5368453194 1
0 0.395 -0.275 0.5338419436 1
0 0.395 -0.265 0.5293796338 1
0 0.395 -0.255 0.5234705851 1
0 0.395 -0.245 0.5161309463 1
0 0.395 -0.235 0.5073807758 1
0 0.395 -0.225 0.497243987 1
0 0.395 -0.215 0.4857482826 1
0 0.395 -0.205 0.4729250793 1
0 0.395 -0.195 0.4588094213 1
0 0.395 -0.185 0.4434398855 1
0 0.395 -0.175 0.426858475 2
0 0.395 -0.165 0.4091105051 2
0 0.395 -0.155 0.3902444793 2
0 0.395 -0.145 0.3703119563 2
0 0.395 -0.135 0.3493674096 2
0 0.395 -0.125 0.3274680785 2
0 0.395 -0.115 0.3046738116 2
0 0.395 -0.105 0.2810469031 2
0 0.395 -0.095 0.256651923 2
0 0.395 -0.085 0.2315555402 2
0 0.395 -0.075 0.2058263404 2
0 0.395 -0.065 0.1795346388 2
0 0.395 -0.055 0.1527522879 2
0 0.395 -0.045 0.1255524811 2
0 0.395 -0.035 0.09800955256 2
0 0.395 -0.025 0.07019877419 2
0 0.395 -0.015 0.04219614995 2
0 0.395 -0.005 0.01407820807 2
0 0.395 0.005 -0.01407820807 2
0 0.395 0.015 -0.04219614995 2
0 0.395 0.025 -0.07019877419 2
0 0.395 0.035 -0.09800955256 2
0 0.395 0.045 -0.1255524811 2
0 0.395 0.055 -0.1527522879 2
0 0.395 0.065 -0.1795346388 2
0 0.395 0.075 -0.2058263404 2
0 0.395 0.085 -0.2315555402 2
0 0.395 0.095 -0.256651923 2
0 0.395 0.105 -0.2810469031 2
0 0.395 0.115 -0.3046738116 1
0 0.395 0.125 -0.3274680785 1
0 0.395 0.135 -0.3493674096 1
0 0.395 0.145 -0.3703119563 1
0 0.395 0.155 -0.3902444793 1
0 0.395 0.165 -0.4091105051 1
0 0.395 0.175 -0.426858475 1
0 0.395 0.185 -0.4434398855 1
0 0.395 0.195 -0.4588094213 2
0 0.395 0.205 -0.4729250793 2
0 0.395 0.215 -0.4857482826 2
0 0.395 0.225 -0.497243987 2
0 0.395 0.235 -0.5073807758 2
0 0.395 0.245 -0.5161309463 2
0 0.395 0.255 -0.5234705851 2
0 0.395 0.265 -0.5293796338 2
0 0.395 0.275 -0.5338419436 2
0 0.395 0.285 -0.5368453194 2
0 0.395 0.295 -0.5383815535 2
0 0.395 0.305 -0.5384464473 2
0 0.395 0.315 -0.5370398235 2
0 0.395 0.325 -0.5341655263 2
0 0.395 0.335 -0.5298314109 2
0 0.395 0.345 -0.5240493219 2
0 0.395 0.355 -0.5168350612 2
0 0.395 0.365 -0.5082083446 2
0 0.395 0.375 -0.498192748 2
0 0.395 0.385 -0.4868156429 2
0 0.395 0.395 -0.4741081218 2
0 0.395 0.405 0 2
0 0.395 0.415 0 2
0 0.395 0.425 0 2
0 0.395 0.435 0 2
0 0.395 0.445 0 2
0 0.395 0.455 0 2
0 0.395 0.465 0 2
0 0.405 -0.455 0 2
0 0.405 -0.445 0 2
0 0.405 -0.435 0 1
0 0.405 -0.425 0 1
0 0.405 -0.415 0 1
0 0.405 -0.405 0 1
0 0.405 -0.395 0.4847382263 2
0 0.405 -0.385 0.497730666 2
0 0.405 -0.375 0.5093628602 2
0 0.405 -0.365 0.5196030192 2
0 0.405 -0.355 0.5284231577 2
0 0.405 -0.345 0.5357991713 2
0 0.405 -0.335 0.541710902 2
0 0.405 -0.325 0.5461421938 2
0 0.405 -0.315 0.5490809364 2
0 0.405 -0.305 0.5505190984 2
0 0.405 -0.295 0.5504527496 2
0 0.405 -0.285 0.5488820713 1
0 0.405 -0.275 0.5458113559 1
0 0.405 -0.265 0.5412489955 1
0 0.405 -0.255 0.5352074584 1
0 0.405 -0.245 0.5277032556 1
0 0.405 -0.235 0.5187568952 1
0 0.405 -0.225 0.5083928268 1
0 0.405 -0.215 0.4966393742 1
0 0.405 -0.205 0.4835286584 1
0 0.405 -0.195 0.4690965095 1
0 0.405 -0.185 0.4533823692 1
0 0.405 -0.175 0.4364291825 2
0 0.405 -0.165 0.4182832807 2
0 0.405 -0.155 0.3989942547 2
0 0.405 -0.145 0.3786148192 2
0 0.405 -0.135 0.3572006693 2
0 0.405 -0.125 0.3348103275 2
0 0.405 -0.115 0.3115049842 2
0 0.405 -0.105 0.2873483306 2
0 0.405 -0.095 0.2624063841 2
0 0.405 -0.085 0.2367473086 2
0 0.405 -0.075 0.2104412275 2
0 0.405 -0.065 0.1835600327 2
0 0.405 -0.055 0.1561771876 2
0 0.405 -0.045 0.1283675267 2
0 0.405 -0.035 0.1002070508 2
0 0.405 -0.025 0.0717727196 2
0 0.405 -0.015 0.04314224107 2
0 0.405 -0.005 0.01439385932 2
0 0.405 0.005 -0.01439385932 2
0 0.405 0.015 -0.04314224107 2
0 0.405 0.025 -0.0717727196 2
0 0.405 0.035 -0.1002070508 2
0 0.405 0.045 -0.1283675267 2
0 0.405 0.055 -0.1561771876 2
0 0.405 0.065 -0.1835600327 2
0 0.405 0.075 -0.2104412275 2
0 0.405 0.085 -0.2367473086 2
0 0.405 0.095 -0.2624063841 2
0 0.405 0.105 -0.2873483306 2
0 0.405 0.115 -0.3115049842 1
0 0.405 0.125 -0.3348103275 1
0 0.405 0.135 -0.3572006693 1
0 0.405 0.145 -0.3786148192 1
0 0.405 0.155 -0.3989942547 1
0 0.405 0.165 -0.4182832807 1
0 0.405 0.175 -0.4364291825 1
0 0.405 0.185 -0.4533823692 2
0 0.405 0.195 -0.4690965095 2
0 0.405 0.205 -0.4835286584 2
0 0.405 0.215 -0.4966393742 2
0 0.405 0.225 -0.5083928268 2
0 0.405 0.235 -0.5187568952 2
0 0.405 0.245 -0.5277032556 2
0 0.405 0.255 -0.5352074584 2
0 0.405 0.265 -0.5412489955 2
0 0.405 0.275 -0.5458113559 2
0 0.405 0.285 -0.5488820713 2
0 0.405 0.295 -0.5504527496 2
0 0.405 0.305 -0.5505190984 2
0 0.405 0.315 -0.5490809364 2
0 0.405 0.325 -0.5461421938 2
0 0.405 0.335 -0.541710902 2
0 0.405 0.345 -0.5357991713 2
0 0.405 0.355 -0.5284231577 2
0 0.405 0.365 -0.5196030192 2
0 0.405 0.375 -0.5093628602 2
0 0.405 0.385 -0.497730666 2
0 0.405 0.395 -0.4847382263 2
0 0.405 0.405 0 2
0 0.405 0.415 0 2
0 0.405 0.425 0 2
0 0.405 0.435 0 2
0 0.405 0.445 0 2
0 0.405 0.455 0 2
0 0.405 0.465 0 2
0 0.415 -0.455 0 2
0 0.415 -0.445 0 2
0 0.415 -0.435 0 1
0 0.415 -0.425 0 1
0 0.415 -0.415 0 1
0 0.415 -0.405 0 1
0 0.415 -0.395 0.4952678263 1
0 0.415 -0.385 0.5085424909 2
0 0.415 -0.375 0.5204273624 2
0 0.415 -0.365 0.5308899606 2
0 0.415 -0.355 0.5399016923 2
0 0.415 -0.345 0.5474379294 2
0 0.415 -0.335 0.5534780762 2
0 0.415 -0.325 0.5580056256 2
0 0.415 -0.315 0.5610082042 2
0 0.415 -0.305 0.5624776063 2
0 0.415 -0.295 0.5624098163 2
0 0.415 -0.285 0.5608050193 1
0 0.415 -0.275 0.5576676011 1
0 0.415 -0.265 0.553006136 1
0 0.415 -0.255 0.5468333632 1
0 0.415 -0.245 0.5391661523 1
0 0.415 -0.235 0.530025457 1
0 0.415 -0.225 0.5194362577 1
0 0.415 -0.215 0.5074274938 1
0 0.415 -0.205 0.4940319839 1
0 0.415 -0.195 0.4792863364 1
0 0.415 -0.185 0.4632308498 2
0 0.415 -0.175 0.4459094019 2
0 0.415 -0.165 0.4273693305 2
0 0.415 -0.155 0.4076613036 2
0 0.415 -0.145 0.3868391812 2
0 0.415 -0.135 0.3649598679 2
0 0.415 -0.125 0.3420831577 2
0 0.415 -0.115 0.3182715702 2
0 0.415 -0.105 0.2935901799 2
0 0.415 -0.095 0.2681064385 2
0 0.415 -0.085 0.2418899904 2
0 0.415 -0.075 0.2150124824 2
0 0.415 -0.065 0.1875473678 2
0 0.415 -0.055 0.159569706 2
0 0.415 -0.045 0.1311559569 2
0 0.415 -0.035 0.1023837724 2
0 0.415 -0.025 0.07333178383 2
0 0.415 -0.015 0.04407938718 2
0 0.415 -0.005 0.01470652619 2
0 0.415 0.005 -0.01470652619 2
0 0.415 0.015 -0.04407938718 2
0 0.415 0.025 -0.07333178383 2
0 0.415 0.035 -0.1023837724 2
0 0.415 0.045 -0.1311559569 2
0 0.415 0.055 -0.159569706 2
0 0.415 0.065 -0.1875473678 2
0 0.415 0.075 -0.2150124824 2
0 0.415 0.085 -0.2418899904 2
0 0.415 0.095 -0.2681064385 2
0 0.415 0.105 -0.2935901799 2
0 0.415 0.115 -0.3182715702 1
0 0.415 0.125 -0.3420831577 1
0 0.415 0.135 -0.3649598679 1
0 0.415 0.145 -0.3868391812 1
0 0.415 0.155 -0.4076613036 1
0 0.415 0.165 -0.4273693305 1
0 0.415 0.175 -0.4459094019 2
0 0.415 0.185 -0.4632308498 2
0 0.415 0.195 -0.4792863364 2
0 0.415 0.205 -0.4940319839 2
0 0.415 0.215 -0.5074274938 2
0 0.415 0.225 -0.5194362577 2
0 0.415 0.235 -0.530025457 2
0 0.415 0.245 -0.5391661523 2
0 0.415 0.255 -0.5468333632 2
0 0.415 0.265 -0.553006136 2
0 0.415 0.275 -0.5576676011 2
0 0.415 0.285 -0.5608050193 2
0 0.415 0.295 -0.5624098163 2
0 0.415 0.305 -0.5624776063 2
0 0.415 0.315 -0.5610082042 2
0 0.415 0.325 -0.5580056256 2
0 0.415 0.335 -0.5534780762 2
0 0.415 0.345 -0.5474379294 2
0 0.415 0.355 -0.5399016923 2
0 0.415 0.365 -0.5308899606 2
0 0.415 0.375 -0.5204273624 2
0 0.415 0.385 -0.5085424909 2
0 0.415 0.395 -0.4952678263 2
0 0.415 0.405 0 2
0 0.415 0.415 0 2
0 0.415 0.425 0 2
0 0.415 0.435 0 2
0 0.415 0.445 0 2
0 0.415 0.455 0 2
0 0.415 0.465 0 2
0 0.425 -0.455 0 1
0 0.425 -0.445 0 1
0 0.425 -0.435 0 1
0 0.425 -0.425 0 1
0 0.425 -0.415 0 1
0 0.425 -0.405 0 1
0 0.425 -0.395 0.5056947387 1
0 0.425 -0.385 0.519248876 1
0 0.425 -0.375 0.5313839606 2
0 0.425 -0.365 0.5420668287 2
0 0.425 -0.355 0.5512682851 2
0 0.425 -0.345 0.5589631832 2
0 0.425 -0.335 0.5651304936 2
0 0.425 -0.325 0.5697533618 2
0 0.425 -0.315 0.572819154 2
0 0.425 -0.305 0.5743194916 2
0 0.425 -0.295 0.5742502743 2
0 0.425 -0.285 0.5726116914 2
0 0.425 -0.275 0.5694082209 1
0 0.425 -0.265 0.5646486176 1
0 0.425 -0.255 0.558345889 1
0 0.425 -0.245 0.5505172597 1
0 0.425 -0.235 0.5411841246 1
0 0.425 -0.225 0.5303719901 1
0 0.425 -0.215 0.5181104047 1
0 0.425 -0.205 0.504432878 2
0 0.425 -0.195 0.4893767893 2
0 0.425 -0.185 0.4729832852 2
0 0.425 -0.175 0.4552971676 2
0 0.425 -0.165 0.4363667706 2
0 0.425 -0.155 0.416243829 2
0 0.425 -0.145 0.3949833368 2
0 0.425 -0.135 0.3726433967 2
0 0.425 -0.125 0.3492850613 2
0 0.425 -0.115 0.3249721666 2
0 0.425 -0.105 0.299771157 2
0 0.425 -0.095 0.2737509044 2
0 0.425 -0.085 0.2469825194 2
0 0.425 -0.075 0.219539157 2
0 0.425 -0.065 0.1914958173 2
0 0.425 -0.055 0.1629291395 2
0 0.425 -0.045 0.1339171936 2
0 0.425 -0.035 0.104539266 2
0 0.425 -0.025 0.07487564364 2
0 0.425 -0.015 0.04500739398 2
0 0.425 -0.005 0.01501614384 2
0 0.425 0.005 -0.01501614384 2
0 0.425 0.015 -0.04500739398 2
0 0.425 0.025 -0.07487564364 2
0 0.425 0.035 -0.104539266 2
0 0.425 0.045 -0.1339171936 2
0 0.425 0.055 -0.1629291395 2
0 0.425 0.065 -0.1914958173 2
0 0.425 0.075 -0.219539157 2
0 0.425 0.085 -0.2469825194 2
0 0.425 0.095 -0.2737509044 2
0 0.425 0.105 -0.299771157 2
0 0.425 0.115 -0.3249721666 2
0 0.425 0.125 -0.3492850613 1
0 0.425 0.135 -0.3726433967 1
0 0.425 0.145 -0.3949833368 1
0 0.425 0.155 -0.416243829 2
0 0.425 0.165 -0.4363667706 2
0 0.425 0.175 -0.4552971676 2
0 0.425 0.185 -0.4729832852 2
0 0.425 0.195 -0.4893767893 2
0 0.425 0.205 -0.504432878 2
0 0.425 0.215 -0.5181104047 2
0 0.425 0.225 -0.5303719901 2
0 0.425 0.235 -0.5411841246 2
0 0.425 0.245 -0.5505172597 2
0 0.425 0.255 -0.558345889 2
0 0.425 0.265 -0.5646486176 2
0 0.425 0.275 -0.5694082209 2
0 0.425 0.285 -0.5726116914 2
0 0.425 0.295 -0.5742502743 2
0 0.425 0.305 -0.5743194916 2
0 0.425 0.315 -0.572819154 2
0 0.425 0.325 -0.5697533618 2
0 0.425 0.335 -0.5651304936 2
0 0.425 0.345 -0.5589631832 2
0 0.425 0.355 -0.5512682851 2
0 0.425 0.365 -0.5420668287 2
0 0.425 0.375 -0.5313839606 2
0 0.425 0.385 -0.519248876 2
0 0.425 0.395 -0.5056947387 2
0 0.425 0.405 0 2
0 0.425 0.415 0 2
0 0.425 0.425 0 2
0 0.425 0.435 0 2
0 0.425 0.445 0 2
0 0.425 0.455 0 2
0 0.425 0.465 0 2
0 0.435 -0.455 0 1
0 0.435 -0.445 0 1
0 0.435 -0.435 0 1
0 0.435 -0.425 0 1
0 0.435 -0.415 0 1
0 0.435 -0.405 0 1
0 0.435 -0.395 0.5160168018 1
0 0.435 -0.385 0.5298476013 1
0 0.435 -0.375 0.5422303829 1
0 0.435 -0.365 0.553131306 1
0 0.435 -0.355 0.5625205793 1
0 0.435 -0.345 0.5703725429 1
0 0.435 -0.335 0.5766657384 1
0 0.435 -0.325 0.5813829669 1
0 0.435 -0.315 0.5845113369 1
0 0.435 -0.305 0.5860422989 2
0 0.435 -0.295 0.5859716688 2
0 0.435 -0.285 0.5842996397 2
0 0.435 -0.275 0.5810307811 2
0 0.435 -0.265 0.5761740265 2
0 0.435 -0.255 0.5697426487 1
0 0.435 -0.245 0.5617542242 2
0 0.435 -0.235 0.5522305844 2
0 0.435 -0.225 0.5411977565 2
0 0.435 -0.215 0.5286858919 2
0 0.435 -0.205 0.5147291844 2
0 0.435 -0.195 0.4993657761 2
0 0.435 -0.185 0.4826376536 2
0 0.435 -0.175 0.4645905331 2
0 0.435 -0.165 0.4452737355 2
0 0.435 -0.155 0.4247400515 2
0 0.435 -0.145 0.4030455977 2
0 0.435 -0.135 0.3802496626 2
0 0.435 -0.125 0.3564145451 2
0 0.435 -0.115 0.3316053841 2
0 0.435 -0.105 0.3058899804 2
0 0.435 -0.095 0.2793386115 2
0 0.435 -0.085 0.2520238396 2
0 0.435 -0.075 0.224020313 2
0 0.435 -0.065 0.1954045625 2
0 0.435 -0.055 0.1662547918 2
0 0.435 -0.045 0.1366506642 2
0 0.435 -0.035 0.1066730847 2
0 0.435 -0.025 0.07640397892 2
0 0.435 -0.015 0.04592606906 2
0 0.435 -0.005 0.01532264808 2
0 0.435 0.005 -0.01532264808 2
0 0.435 0.015 -0.04592606906 2
0 0.435 0.025 -0.07640397892 2
0 0.435 0.035 -0.1066730847 2
0 0.435 0.045 -0.1366506642 2
0 0.435 0.055 -0.1662547918 2
0 0.435 0.065 -0.1954045625 2
0 0.435 0.075 -0.224020313 2
0 0.435 0.085 -0.2520238396 2
0 0.435 0.095 -0.2793386115 2
0 0.435 0.105 -0.3058899804 2
0 0.435 0.115 -0.3316053841 2
0 0.435 0.125 -0.3564145451 2
0 0.435 0.135 -0.3802496626 2
0 0.435 0.145 -0.4030455977 2
0 0.435 0.155 -0.4247400515 2
0 0.435 0.165 -0.4452737355 2
0 0.435 0.175 -0.4645905331 2
0 0.435 0.185 -0.4826376536 2
0 0.435 0.195 -0.4993657761 2
0 0.435 0.205 -0.5147291844 2
0 0.435 0.215 -0.5286858919 2
0 0.435 0.225 -0.5411977565 2
0 0.435 0.235 -0.5522305844 2
0 0.435 0.245 -0.5617542242 2
0 0.435 0.255 -0.5697426487 2
0 0.435 0.265 -0.5761740265 2
0 0.435 0.275 -0.5810307811 2
0 0.435 0.285 -0.5842996397 2
0 0.435 0.295 -0.5859716688 2
0 0.435 0.305 -0.5860422989 2
0 0.435 0.315 -0.5845113369 2
0 0.435 0.325 -0.5813829669 2
0 0.435 0.335 -0.5766657384 2
0 0.435 0.345 -0.5703725429 2
0 0.435 0.355 -0.5625205793 2
0 0.435 0.365 -0.553131306 2
0 0.435 0.375 -0.5422303829 2
0 0.435 0.385 -0.5298476013 2
0 0.435 0.395 -0.5160168018 2
0 0.435 0.405 0 2
0 0.435 0.415 0 2
0 0.435 0.425 0 2
0 0.435 0.435 0 2
0 0.435 0.445 0 2
0 0.435 0.455 0 2
0 0.435 0.465 0 2
0 0.445 -0.455 0 1
0 0.445 -0.445 0 1
0 0.445 -0.435 0 1
0 0.445 -0.425 0 1
0 0.445 -0.415 0 1
0 0.445 -0.405 0 1
0 0.445 -0.395 0.5262318752 1
0 0.445 -0.385 0.5403364693 1
0 0.445 -0.375 0.5529643806 1
0 0.445 -0.365 0.5640810984 1
0 0.445 -0.355 0.5736562419 1
0 0.445 -0.345 0.5816636431 1
0 0.445 -0.335 0.5880814187 1
0 0.445 -0.325 0.5928920295 1
0 0.445 -0.315 0.5960823288 1
0 0.445 -0.305 0.5976435977 1
0 0.445 -0.295 0.5975715694 1
0 0.445 -0.285 0.5958664408 2
0 0.445 -0.275 0.5925328719 2
0 0.445 -0.265 0.5875799728 2
0 0.445 -0.255 0.5810212795 2
0 0.445 -0.245 0.5728747161 2
0 0.445 -0.235 0.5631625462 2
0 0.445 -0.225 0.5519113123 2
0 0.445 -0.215 0.5391517628 2
0 0.445 -0.205 0.5249187681 2
0 0.445 -0.195 0.5092512256 2
0 0.445 -0.185 0.492191953 2
0 0.445 -0.175 0.4737875716 2
0 0.445 -0.165 0.4540883785 2
0 0.445 -0.155 0.4331482096 2
0 0.445 -0.145 0.4110242921 2
0 0.445 -0.135 0.3877770884 2
0 0.445 -0.125 0.3634701307 2
0 0.445 -0.115 0.3381698473 2
0 0.445 -0.105 0.3119453813 2
0 0.445 -0.095 0.2848684013 2
0 0.445 -0.085 0.2570129059 2
0 0.445 -0.075 0.2284550212 2
0 0.445 -0.065 0.199272793 2
0 0.445 -0.055 0.1695459732 2
0 0.445 -0.045 0.139355802 2
0 0.445 -0.035 0.1087847861 2
0 0.445 -0.025 0.0779164728 2
0 0.445 -0.015 0.04683522195 2
0 0.445 -0.005 0.01562597537 2
0 0.445 0.005 -0.01562597537 2
0 0.445 0.015 -0.04683522195 2
0 0.445 0.025 -0.0779164728 2
0 0.445 0.035 -0.1087847861 2
0 0.445 0.045 -0.139355802 2
0 0.445 0.055 -0.1695459732 2
0 0.445 0.065 -0.199272793 2
0 0.445 0.075 -0.2284550212 2
0 0.445 0.085 -0.2570129059 2
0 0.445 0.095 -0.2848684013 2
0 0.445 0.105 -0.3119453813 2
0 0.445 0.115 -0.3381698473 2
0 0.445 0.125 -0.3634701307 2
0 0.445 0.135 -0.3877770884 2
0 0.445 0.145 -0.4110242921 2
0 0.445 0.155 -0.4331482096 2
0 0.445 0.165 -0.4540883785 2
0 0.445 0.175 -0.4737875716 2
0 0.445 0.185 -0.492191953 2
0 0.445 0.195 -0.5092512256 2
0 0.445 0.205 -0.5249187681 2
0 0.445 0.215 -0.5391517628 2
0 0.445 0.225 -0.5519113123 2
0 0.445 0.235 -0.5631625462 2
0 0.445 0.245 -0.5728747161 2
0 0.445 0.255 -0.5810212795 2
0 0.445 0.265 -0.5875799728 2
0 0.445 0.275 -0.5925328719 2
0 0.445 0.285 -0.5958664408 2
0 0.445 0.295 -0.5975715694 2
0 0.445 0.305 -0.5976435977 2
0 0.445 0.315 -0.5960823288 2
0 0.445 0.325 -0.5928920295 2
0 0.445 0.335 -0.5880814187 2
0 0.445 0.345 -0.5816636431 2
0 0.445 0.355 -0.5736562419 2
0 0.445 0.365 -0.5640810984 2
0 0.445 0.375 -0.5529643806 2
0 0.445 0.385 -0.5403364693 2
0 0.445 0.395 -0.5262318752 2
0 0.445 0.405 0 2
0 0.445 0.415 0 2
0 0.445 0.425 0 2
0 0.445 0.435 0 2
0 0.445 0.445 0 2
0 0.445 0.455 0 2
0 0.445 0.465 0 2
0 0.455 -0.455 0 1
0 0.455 -0.445 0 1
0 0.455 -0.435 0 1
0 0.455 -0.425 0 1
0 0.455 -0.415 0 1
0 0.455 -0.405 0 1
0 0.455 -0.395 0.536337841 1
0 0.455 -0.385 0.5507133054 1
0 0.455 -0.375 0.5635837281 1
0 0.455 -0.365 0.5749139358 1
0 0.455 -0.355 0.5846729641 1
0 0.455 -0.345 0.5928341426 1
0 0.455 -0.335 0.5993751677 1
0 0.455 -0.325 0.6042781634 1
0 0.455 -0.315 0.6075297305 1
0 0.455 -0.305 0.6091209826 1
0 0.455 -0.295 0.609047571 1
0 0.455 -0.285 0.6073096965 1
0 0.455 -0.275 0.6039121084 2
0 0.455 -0.265 0.5988640919 2
0 0.455 -0.255 0.5921794428 2
0 0.455 -0.245 0.5838764295 2
0 0.455 -0.235 0.5739777433 2
0 0.455 -0.225 0.5625104362 2
0 0.455 -0.215 0.5495058472 2
0 0.455 -0.205 0.5349995165 2
0 0.455 -0.195 0.5190310883 2
0 0.455 -0.185 0.5016442027 2
0 0.455 -0.175 0.4828863762 2
0 0.455 -0.165 0.462808872 2
0 0.455 -0.155 0.4414665597 2
0 0.455 -0.145 0.4189177658 2
0 0.455 -0.135 0.3952241136 2
0 0.455 -0.125 0.3704503554 2
0 0.455 -0.115 0.3446641953 2
0 0.455 -0.105 0.3179361042 2
0 0.455 -0.095 0.2903391272 2
0 0.455 -0.085 0.2619486838 2
0 0.455 -0.075 0.2328423622 2
0 0.455 -0.065 0.2030997068 2
0 0.455 -0.055 0.1728020014 2
0 0.455 -0.045 0.1420320462 2
0 0.455 -0.035 0.1108739323 2
0 0.455 -0.025 0.07941281167 2
0 0.455 -0.015 0.04773466415 2
0 0.455 -0.005 0.0159260628 2
0 0.455 0.005 -0.0159260628 2
0 0.455 0.015 -0.04773466415 2
0 0.455 0.025 -0.07941281167 2
0 0.455 0.035 -0.1108739323 2
0 0.455 0.045 -0.1420320462 2
0 0.455 0.055 -0.1728020014 2
0 0.455 0.065 -0.2030997068 2
0 0.455 0.075 -0.2328423622 2
0 0.455 0.085 -0.2619486838 2
0 0.455 0.095 -0.2903391272 2
0 0.455 0.105 -0.3179361042 2
0 0.455 0.115 -0.3446641953 2
0 0.455 0.125 -0.3704503554 2
0 0.455 0.135 -0.3952241136 2
0 0.455 0.145 -0.4189177658 2
0 0.455 0.155 -0.4414665597 2
0 0.455 0.165 -0.462808872 2
0 0.455 0.175 -0.4828863762 2
0 0.455 0.185 -0.5016442027 2
0 0.455 0.195 -0.5190310883 2
0 0.455 0.205 -0.5349995165 2
0 0.455 0.215 -0.5495058472 2
0 0.455 0.225 -0.5625104362 2
0 0.455 0.235 -0.5739777433 2
0 0.455 0.245 -0.5838764295 2
0 0.455 0.255 -0.5921794428 2
0 0.455 0.265 -0.5988640919 2
0 0.455 0.275 -0.6039121084 2
0 0.455 0.285 -0.6073096965 2
0 0.455 0.295 -0.609047571 2
0 0.455 0.305 -0.6091209826 2
0 0.455 0.315 -0.6075297305 2
0 0.455 0.325 -0.6042781634 2
0 0.455 0.335 -0.5993751677 2
0 0.455 0.345 -0.5928341426 2
0 0.455 0.355 -0.5846729641 2
0 0.455 0.365 -0.5749139358 2
0 0.455 0.375 -0.5635837281 2
0 0.455 0.385 -0.5507133054 2
0 0.455 0.395 -0.536337841 2
0 0.455 0.405 0 2
0 0.455 0.415 0 2
0 0.455 0.425 0 2
0 0.455 0.435 0 2
0 0.455 0.445 0 2
0 0.455 0.455 0 2
0 0.455 0.465 0 2
0 0.465 -0.455 0 1
0 0.465 -0.445 0 1
0 0.465 -0.435 0 1
0 0.465 -0.425 0 1
0 0.465 -0.415 0 1
0 0.465 -0.405 0 1
0 0.465 -0.395 0.5463326039 1
0 0.465 -0.385 0.5609759579 1
0 0.465 -0.375 0.5740862236 1
0 0.465 -0.365 0.5856275719 1
0 0.465 -0.355 0.5955684617 1
0 0.465 -0.345 0.6038817254 1
0 0.465 -0.335 0.6105446438 1
0 0.465 -0.325 0.6155390078 1
0 0.465 -0.315 0.6188511685 1
0 0.465 -0.305 0.6204720739 1
0 0.465 -0.295 0.6203972943 1
0 0.465 -0.285 0.6186270341 1
0 0.465 -0.275 0.6151661313 2
0 0.465 -0.265 0.610024044 2
0 0.465 -0.255 0.6032148251 2
0 0.465 -0.245 0.5947570835 2
0 0.465 -0.235 0.5846739333 2
0 0.465 -0.225 0.5729929307 2
0 0.465 -0.215 0.5597459986 2
0 0.465 -0.205 0.5449693395 2
0 0.465 -0.195 0.5287033364 2
0 0.465 -0.185 0.5109924427 2
0 0.465 -0.175 0.4918850604 2
0 0.465 -0.165 0.4714334078 2
0 0.465 -0.155 0.4496933773 2
0 0.465 -0.145 0.4267243821 2
0 0.465 -0.135 0.4025891939 2
0 0.465 -0.125 0.3773537718 2
0 0.465 -0.115 0.3510870815 2
0 0.465 -0.105 0.3238609071 2
0 0.465 -0.095 0.2957496549 2
0 0.465 -0.085 0.2668301499 2
0 0.465 -0.075 0.2371814261 2
0 0.465 -0.065 0.2068845105 2
0 0.465 -0.055 0.1760222012 2
0 0.465 -0.045 0.1446788418 2
0 0.465 -0.035 0.1129400902 2
0 0.465 -0.025 0.08089268529 2
0 0.465 -0.015 0.04862420916 2
0 0.465 -0.005 0.01622284817 2
0 0.465 0.005 -0.01622284817 2
0 0.465 0.015 -0.04862420916 2
0 0.465 0.025 -0.08089268529 2
0 0.465 0.035 -0.1129400902 1
0 0.465 0.045 -0.1446788418 1
0 0.465 0.055 -0.1760222012 1
0 0.465 0.065 -0.2068845105 1
0 0.465 0.075 -0.2371814261 2
0 0.465 0.085 -0.2668301499 2
0 0.465 0.095 -0.2957496549 2
0 0.465 0.105 -0.3238609071 2
0 0.465 0.115 -0.3510870815 2
0 0.465 0.125 -0.3773537718 2
0 0.465 0.135 -0.4025891939 2
0 0.465 0.145 -0.4267243821 2
0 0.465 0.155 -0.4496933773 2
0 0.465 0.165 -0.4714334078 2
0 0.465 0.175 -0.4918850604 2
0 0.465 0.185 -0.5109924427 2
0 0.465 0.195 -0.5287033364 2
0 0.465 0.205 -0.5449693395 2
0 0.465 0.215 -0.5597459986 2
0 0.465 0.225 -0.5729929307 2
0 0.465 0.235 -0.5846739333 2
0 0.465 0.245 -0.5947570835 2
0 0.465 0.255 -0.6032148251 2
0 0.465 0.265 -0.610024044 2
0 0.465 0.275 -0.6151661313 2
0 0.465 0.285 -0.6186270341 2
0 0.465 0.295 -0.6203972943 2
0 0.465 0.305 -0.6204720739 2
0 0.465 0.315 -0.6188511685 2
0 0.465 0.325 -0.6155390078 2
0 0.465 0.335 -0.6105446438 2
0 0.465 0.345 -0.6038817254 2
0 0.465 0.355 -0.5955684617 2
0 0.465 0.365 -0.5856275719 2
0 0.465 0.375 -0.5740862236 2
0 0.465 0.385 -0.5609759579 2
0 0.465 0.395 -0.5463326039 2
0 0.465 0.405 0 2
0 0.465 0.415 0 2
0 0.465 0.425 0 2
0 0.465 0.435 0 2
0 0.465 0.445 0 2
0 0.465 0.455 0 2
0 0.465 0.465 0 2
0 0.475 -0.455 0 1
0 0.475 -0.445 0 1
0 0.475 -0.435 0 1
0 0.475 -0.425 0 1
0 0.475 -0.415 0 1
0 0.475 -0.405 0 1
0 0.475 -0.395 0.5562140916 1
0 0.475 -0.385 0.5711222992 1
0 0.475 -0.375 0.5844696895 1
0 0.475 -0.365 0.5962197856 1
0 0.475 -0.355 0.6063404756 1
0 0.475 -0.345 0.6148041009 1
0 0.475 -0.335 0.6215875311 1
0 0.475 -0.325 0.626672228 1
0 0.475 -0.315 0.6300442955 1
0 0.475 -0.305 0.6316945181 1
0 0.475 -0.295 0.631618386 1
0 0.475 -0.285 0.6298161072 1
0 0.475 -0.275 0.6262926072 2
0 0.475 -0.265 0.6210575153 2
0 0.475 -0.255 0.6141251384 1
0 0.475 -0.245 0.6055144221 1
0 0.475 -0.235 0.5952488985 1
0 0.475 -0.225 0.5833566223 1
0 0.475 -0.215 0.5698700936 2
0 0.475 -0.205 0.5548261699 2
0 0.475 -0.195 0.5382659646 2
0 0.475 -0.185 0.5202347349 2
0 0.475 -0.175 0.5007817584 2
0 0.475 -0.165 0.4799601979 2
0 0.475 -0.155 0.4578269567 2
0 0.475 -0.145 0.4344425225 2
0 0.475 -0.135 0.4098708025 2
0 0.475 -0.125 0.3841789487 2
0 0.475 -0.115 0.3574371742 2
0 0.475 -0.105 0.3297185615 2
0 0.475 -0.095 0.3010988626 2
0 0.475 -0.085 0.2716562921 2
0 0.475 -0.075 0.2414713135 2
0 0.475 -0.065 0.2106264192 2
0 0.475 -0.055 0.1792059051 2
0 0.475 -0.045 0.14729564 2
0 0.475 -0.035 0.1149828314 2
0 0.475 -0.025 0.08235578684 2
0 0.475 -0.015 0.04950367255 2
0 0.475 -0.005 0.01651626993 2
0 0.475 0.005 -0.01651626993 2
0 0.475 0.015 -0.04950367255 2
0 0.475 0.025 -0.08235578684 1
0 0.475 0.035 -0.1149828314 1
0 0.475 0.045 -0.14729564 1
0 0.475 0.055 -0.1792059051 1
0 0.475 0.065 -0.2106264192 1
0 0.475 0.075 -0.2414713135 1
0 0.475 0.085 -0.2716562921 1
0 0.475 0.095 -0.3010988626 1
0 0.475 0.105 -0.3297185615 1
0 0.475 0.115 -0.3574371742 1
0 0.475 0.125 -0.3841789487 1
0 0.475 0.135 -0.4098708025 1
0 0.475 0.145 -0.4344425225 1
0 0.475 0.155 -0.4578269567 2
0 0.475 0.165 -0.4799601979 2
0 0.475 0.175 -0.5007817584 1
0 0.475 0.185 -0.5202347349 1
0 0.475 0.195 -0.5382659646 1
0 0.475 0.205 -0.5548261699 1
0 0.475 0.215 -0.5698700936 1
0 0.475 0.225 -0.5833566223 1
0 0.475 0.235 -0.5952488985 1
0 0.475 0.245 -0.6055144221 1
0 0.475 0.255 -0.6141251384 2
0 0.475 0.265 -0.6210575153 2
0 0.475 0.275 -0.6262926072 2
0 0.475 0.285 -0.6298161072 2
0 0.475 0.295 -0.631618386 2
0 0.475 0.305 -0.6316945181 2
0 0.475 0.315 -0.6300442955 2
0 0.475 0.325 -0.626672228 2
0 0.475 0.335 -0.6215875311 2
0 0.475 0.345 -0.6148041009 2
0 0.475 0.355 -0.6063404756 2
0 0.475 0.365 -0.5962197856 2
0 0.475 0.375 -0.5844696895 2
0 0.475 0.385 -0.5711222992 2
0 0.475 0.395 -0.5562140916 2
0 0.475 0.405 0 2
0 0.475 0.415 0 2
0 0.475 0.425 0 2
0 0.475 0.435 0 2
0 0.475 0.445 0 2
0 0.475 0.455 0 2
0 0.475 0.465 0 2
0 0.485 -0.455 0 1
0 0.485 -0.445 0 1
0 0.485 -0.435 0 1
0 0.485 -0.425 0 1
0 0.485 -0.415 0 1
0 0.485 -0.405 0 1
0 0.485 -0.395 0.5659802553 1
0 0.485 -0.385 0.5811502254 1
0 0.485 -0.375 0.5947319729 1
0 0.485 -0.365 0.6066883805 1
0 0.485 -0.355 0.6169867725 1
0 0.485 -0.345 0.6255990045 1
0 0.485 -0.335 0.6325015401 1
0 0.485 -0.325 0.6376755155 1
0 0.485 -0.315 0.6411067907 1
0 0.485 -0.305 0.6427859884 1
0 0.485 -0.295 0.6427085195 1
0 0.485 -0.285 0.6408745958 1
0 0.485 -0.275 0.6372892292 2
0 0.485 -0.265 0.6319622181 1
0 0.485 -0.255 0.6249081206 1
0 0.485 -0.245 0.6161462149 1
0 0.485 -0.235 0.6057004464 1
0 0.485 -0.225 0.5935993622 1
0 0.485 -0.215 0.5798760332 2
0 0.485 -0.205 0.5645679641 2
0 0.485 -0.195 0.54771699 2
0 0.485 -0.185 0.5293691629 2
0 0.485 -0.175 0.5095746255 2
0 0.485 -0.165 0.4883874743 2
0 0.485 -0.155 0.4658656113 2
0 0.485 -0.145 0.4420705867 2
0 0.485 -0.135 0.4170674295 2
0 0.485 -0.125 0.3909244709 2
0 0.485 -0.115 0.3637131568 2
0 0.485 -0.105 0.3355078529 2
0 0.485 -0.095 0.3063856412 2
0 0.485 -0.085 0.2764261098 2
0 0.485 -0.075 0.2457111349 2
0 0.485 -0.065 0.2143246572 2
0 0.485 -0.055 0.1823524528 2
0 0.485 -0.045 0.1498818983 2
0 0.485 -0.035 0.1170017324 2
0 0.485 -0.025 0.08380181294 2
0 0.485 -0.015 0.05037287198 2
0 0.485 -0.005 0.01680626725 2
0 0.485 0.005 -0.01680626725 2
0 0.485 0.015 -0.05037287198 2
0 0.485 0.025 -0.08380181294 1
0 0.485 0.035 -0.1170017324 1
0 0.485 0.045 -0.1498818983 1
0 0.485 0.055 -0.1823524528 1
0 0.485 0.065 -0.2143246572 1
0 0.485 0.075 -0.2457111349 1
0 0.485 0.085 -0.2764261098 1
0 0.485 0.095 -0.3063856412 1
0 0.485 0.105 -0.3355078529 1
0 0.485 0.115 -0.3637131568 1
0 0.485 0.125 -0.3909244709 1
0 0.485 0.135 -0.4170674295 1
0 0.485 0.145 -0.4420705867 1
0 0.485 0.155 -0.4658656113 1
0 0.485 0.165 -0.4883874743 1
0 0.485 0.175 -0.5095746255 1
0 0.485 0.185 -0.5293691629 1
0 0.485 0.195 -0.54771699 1
0 0.485 0.205 -0.5645679641 1
0 0.485 0.215 -0.5798760332 1
0 0.485 0.225 -0.5935993622 1
0 0.485 0.235 -0.6057004464 1
0 0.485 0.245 -0.6161462149 1
0 0.485 0.255 -0.6249081206 1
0 0.485 0.265 -0.6319622181 2
0 0.485 0.275 -0.6372892292 2
0 0.485 0.285 -0.6408745958 2
0 0.485 0.295 -0.6427085195 2
0 0.485 0.305 -0.6427859884 2
0 0.485 0.315 -0.6411067907 2
0 0.485 0.325 -0.6376755155 2
0 0.485 0.335 -0.6325015401 2
0 0.485 0.345 -0.6255990045 2
0 0.485 0.355 -0.6169867725 2
0 0.485 0.365 -0.6066883805 2
0 0.485 0.375 -0.5947319729 2
0 0.485 0.385 -0.5811502254 2
0 0.485 0.395 -0.5659802553 2
0 0.485 0.405 0 2
0 0.485 0.415 0 2
0 0.485 0.425 0 2
0 0.485 0.435 0 2
0 0.485 0.445 0 2
0 0.485 0.455 0 2
0 0.485 0.465 0 2
0 0.495 -0.455 0 2
0 0.495 -0.445 0 2
0 0.495 -0.435 0 1
0 0.495 -0.425 0 1
0 0.495 -0.415 0 1
0 0.495 -0.405 0 1
0 0.495 -0.395 0.5756290701 1
0 0.495 -0.385 0.5910576574 2
0 0.495 -0.375 0.6048709462 2
0 0.495 -0.365 0.6170311862 2
0 0.495 -0.355 0.6275051449 1
0 0.495 -0.345 0.636264198 1
0 0.495 -0.335 0.6432844078 1
0 0.495 -0.325 0.648546589 1
0 0.495 -0.315 0.6520363604 1
0 0.495 -0.305 0.6537441851 1
0 0.495 -0.295 0.6536653955 1
0 0.495 -0.285 0.6518002072 2
0 0.495 -0.275 0.6481537173 1
0 0.495 -0.265 0.6427358914 1
0 0.495 -0.255 0.6355615359 1
0 0.495 -0.245 0.6266502575 1
0 0.495 -0.235 0.6160264098 1
0 0.495 -0.225 0.6037190267 1
0 0.495 -0.215 0.5897617429 1
0 0.495 -0.205 0.5741927022 2
0 0.495 -0.195 0.5570544532 2
0 0.495 -0.185 0.5383938329 2
0 0.495 -0.175 0.5182618388 2
0 0.495 -0.165 0.4967134896 2
0 0.495 -0.155 0.4738076746 2
0 0.495 -0.145 0.4496069931 2
0 0.495 -0.135 0.4241775828 2
0 0.495 -0.125 0.3975889398 2
0 0.495 -0.115 0.369913728 2
0 0.495 -0.105 0.3412275809 2
0 0.495 -0.095 0.3116088946 2
0 0.495 -0.085 0.281138614 2
0 0.495 -0.075 0.2499000111 2
0 0.495 -0.065 0.2179784577 2
0 0.495 -0.055 0.1854611921 2
0 0.495 -0.045 0.1524370805 2
0 0.495 -0.035 0.1189963745 2
0 0.495 -0.025 0.08523046379 2
0 0.495 -0.015 0.05123162722 2
0 0.495 -0.005 0.01709278 2
0 0.495 0.005 -0.01709278 2
0 0.495 0.015 -0.05123162722 2
0 0.495 0.025 -0.08523046379 1
0 0.495 0.035 -0.1189963745 1
0 0.495 0.045 -0.1524370805 1
0 0.495 0.055 -0.1854611921 1
0 0.495 0.065 -0.2179784577 1
0 0.495 0.075 -0.2499000111 1
0 0.495 0.085 -0.281138614 1
0 0.495 0.095 -0.3116088946 1
0 0.495 0.105 -0.3412275809 1
0 0.495 0.115 -0.369913728 1
0 0.495 0.125 -0.3975889398 1
0 0.495 0.135 -0.4241775828 1
0 0.495 0.145 -0.4496069931 1
0 0.495 0.155 -0.4738076746 1
0 0.495 0.165 -0.4967134896 1
0 0.495 0.175 -0.5182618388 1
0 0.495 0.185 -0.5383938329 1
0 0.495 0.195 -0.5570544532 1
0 0.495 0.205 -0.5741927022 1
0 0.495 0.215 -0.5897617429 1
0 0.495 0.225 -0.6037190267 1
0 0.495 0.235 -0.6160264098 1
0 0.495 0.245 -0.6266502575 1
0 0.495 0.255 -0.6355615359 1
0 0.495 0.265 -0.6427358914 1
0 0.495 0.275 -0.6481537173 2
0 0.495 0.285 -0.6518002072 2
0 0.495 0.295 -0.6536653955 2
0 0.495 0.305 -0.6537441851 2
0 0.495 0.315 -0.6520363604 2
0 0.495 0.325 -0.648546589 2
0 0.495 0.335 -0.6432844078 2
0 0.495 0.345 -0.636264198 2
0 0.495 0.355 -0.6275051449 2
0 0.495 0.365 -0.6170311862 2
0 0.495 0.375 -0.6048709462 2
0 0.495 0.385 -0.5910576574 2
0 0.495 0.395 -0.5756290701 2
0 0.495 0.405 0 2
0 0.495 0.415 0 2
0 0.495 0.425 0 2
0 0.495 0.435 0 2
0 0.495 0.445 0 2
0 0.495 0.455 0 2
0 0.495 0.465 0 2
0 0.505 -0.455 0 2
0 0.505 -0.445 0 2
0 0.505 -0.435 0 2
0 0.505 -0.425 0 1
0 0.505 -0.415 0 1
0 0.505 -0.405 0 1
0 0.505 -0.395 0.5851585354 1
0 0.505 -0.385 0.600842541 2
0 0.505 -0.375 0.614884507 2
0 0.505 -0.365 0.6272460583 2
0 0.505 -0.355 0.637893412 2
0 0.505 -0.345 0.64679747 2
0 0.505 -0.335 0.6539338986 2
0 0.505 -0.325 0.6592831945 2
0 0.505 -0.315 0.6628307387 2
0 0.505 -0.305 0.6645668361 2
0 0.505 -0.295 0.6644867422 2
0 0.505 -0.285 0.6625906759 1
0 0.505 -0.275 0.6588838189 1
0 0.505 -0.265 0.6533763016 1
0 0.505 -0.255 0.6460831756 1
0 0.505 -0.245 0.6370243721 1
0 0.505 -0.235 0.6262246479 1
0 0.505 -0.225 0.6137135176 1
0 0.505 -0.215 0.5995251728 1
0 0.505 -0.205 0.5836983886 2
0 0.505 -0.195 0.5662764181 2
0 0.505 -0.185 0.5473068736 2
0 0.505 -0.175 0.526841597 2
0 0.505 -0.165 0.5049365176 2
0 0.505 -0.155 0.4816514998 2
0 0.505 -0.145 0.4570501791 2
0 0.505 -0.135 0.4311997882 2
0 0.505 -0.125 0.4041709737 2
0 0.505 -0.115 0.3760376023 2
0 0.505 -0.105 0.3468765597 2
0 0.505 -0.095 0.3167675399 2
0 0.505 -0.085 0.2857928277 2
0 0.505 -0.075 0.2540370737 2
0 0.505 -0.065 0.2215870631 2
0 0.505 -0.055 0.1885314783 2
0 0.505 -0.045 0.1549606568 2
0 0.505 -0.035 0.1209663442 2
0 0.505 -0.025 0.08664144317 2
0 0.505 -0.015 0.05207976023 2
0 0.505 -0.005 0.01737574878 2
0 0.505 0.005 -0.01737574878 2
0 0.505 0.015 -0.05207976023 2
0 0.505 0.025 -0.08664144317 1
0 0.505 0.035 -0.1209663442 1
0 0.505 0.045 -0.1549606568 1
0 0.505 0.055 -0.1885314783 1
0 0.505 0.065 -0.2215870631 1
0 0.505 0.075 -0.2540370737 1
0 0.505 0.085 -0.2857928277 1
0 0.505 0.095 -0.3167675399 1
0 0.505 0.105 -0.3468765597 1
0 0.505 0.115 -0.3760376023 1
0 0.505 0.125 -0.4041709737 1
0 0.505 0.135 -0.4311997882 1
0 0.505 0.145 -0.4570501791 1
0 0.505 0.155 -0.4816514998 1
0 0.505 0.165 -0.5049365176 1
0 0.505 0.175 -0.526841597 1
0 0.505 0.185 -0.5473068736 1
0 0.505 0.195 -0.5662764181 1
0 0.505 0.205 -0.5836983886 1
0 0.505 0.215 -0.5995251728 1
0 0.505 0.225 -0.6137135176 1
0 0.505 0.235 -0.6262246479 1
0 0.505 0.245 -0.6370243721 1
0 0.505 0.255 -0.6460831756 1
0 0.505 0.265 -0.6533763016 1
0 0.505 0.275 -0.6588838189 2
0 0.505 0.285 -0.6625906759 2
0 0.505 0.295 -0.6644867422 2
0 0.505 0.305 -0.6645668361 2
0 0.505 0.315 -0.6628307387 2
0 0.505 0.325 -0.6592831945 2
0 0.505 0.335 -0.6539338986 2
0 0.505 0.345 -0.64679747 2
0 0.505 0.355 -0.637893412 2
0 0.505 0.365 -0.6272460583 2
0 0.505 0.375 -0.614884507 2
0 0.505 0.385 -0.600842541 2
0 0.505 0.395 -0.5851585354 2
0 0.505 0.405 0 2
0 0.505 0.415 0 2
0 0.505 0.425 0 2
0 0.505 0.435 0 2
0 0.505 0.445 0 2
0 0.505 0.455 0 2
0 0.505 0.465 0 2
0 0.515 -0.455 0 2
0 0.515 -0.445 0 2
0 0.515 -0.435 0 2
0 0.515 -0.425 0 2
0 0.515 -0.415 0 2
0 0.515 -0.405 0 2
0 0.515 -0.395 0.5945666755 2
0 0.515 -0.385 0.6105028475 2
0 0.515 -0.375 0.6247705793 2
0 0.515 -0.365 0.6373308788 2
0 0.515 -0.355 0.6481494199 2
0 0.515 -0.345 0.6571966368 2
0 0.515 -0.335 0.6644478044 2
0 0.515 -0.325 0.6698831059 2
0 0.515 -0.315 0.6734876873 2
0 0.515 -0.305 0.6752516976 2
0 0.515 -0.295 0.6751703159 2
0 0.515 -0.285 0.6732437648 1
0 0.515 -0.275 0.6694773091 1
0 0.515 -0.265 0.6638812424 1
0 0.515 -0.255 0.6564708579 1
0 0.515 -0.245 0.6472664076 1
0 0.515 -0.235 0.6362930462 1
0 0.515 -0.225 0.6235807628 1
0 0.515 -0.215 0.6091642987 1
0 0.515 -0.205 0.5930830525 2
0 0.515 -0.195 0.5753809727 1
0 0.515 -0.185 0.5561064372 1
0 0.515 -0.175 0.5353121212 1
0 0.515 -0.165 0.5130548534 1
0 0.515 -0.155 0.4893954607 1
0 0.515 -0.145 0.4643986015 1
0 0.515 -0.135 0.4381325898 1
0 0.515 -0.125 0.4106692077 2
0 0.515 -0.115 0.3820835099 2
0 0.515 -0.105 0.352453618 2
0 0.515 -0.095 0.3218605073 2
0 0.515 -0.085 0.2903877858 2
0 0.515 -0.075 0.2581214649 2
0 0.515 -0.065 0.2251497252 2
0 0.515 -0.055 0.1915626749 2
0 0.515 -0.045 0.157452104 2
0 0.515 -0.035 0.122911233 2
0 0.515 -0.025 0.08803445854 2
0 0.515 -0.015 0.05291709516 2
0 0.515 -0.005 0.01765511491 2
0 0.515 0.005 -0.01765511491 2
0 0.515 0.015 -0.05291709516 2
0 0.515 0.025 -0.08803445854 1
0 0.515 0.035 -0.122911233 1
0 0.515 0.045 -0.157452104 1
0 0.515 0.055 -0.1915626749 1
0 0.515 0.065 -0.2251497252 1
0 0.515 0.075 -0.2581214649 1
0 0.515 0.085 -0.2903877858 1
0 0.515 0.095 -0.3218605073 1
0 0.515 0.105 -0.352453618 1
0 0.515 0.115 -0.3820835099 1
0 0.515 0.125 -0.4106692077 1
0 0.515 0.135 -0.4381325898 1
0 0.515 0.145 -0.4643986015 1
0 0.515 0.155 -0.4893954607 1
0 0.515 0.165 -0.5130548534 1
0 0.515 0.175 -0.5353121212 1
0 0.515 0.185 -0.5561064372 1
0 0.515 0.195 -0.5753809727 1
0 0.515 0.205 -0.5930830525 1
0 0.515 0.215 -0.6091642987 1
0 0.515 0.225 -0.6235807628 1
0 0.515 0.235 -0.6362930462 1
0 0.515 0.245 -0.6472664076 1
0 0.515 0.255 -0.6564708579 1
0 0.515 0.265 -0.6638812424 1
0 0.515 0.275 -0.6694773091 2
0 0.515 0.285 -0.6732437648 2
0 0.515 0.295 -0.6751703159 2
0 0.515 0.305 -0.6752516976 2
0 0.515 0.315 -0.6734876873 2
0 0.515 0.325 -0.6698831059 2
0 0.515 0.335 -0.6644478044 2
0 0.515 0.345 -0.6571966368 2
0 0.515 0.355 -0.6481494199 2
0 0.515 0.365 -0.6373308788 2
0 0.515 0.375 -0.6247705793 2
0 0.515 0.385 -0.6105028475 2
0 0.515 0.395 -0.5945666755 2
0 0.515 0.405 0 2
0 0.515 0.415 0 2
0 0.515 0.425 0 2
0 0.515 0.435 0 2
0 0.515 0.445 0 2
0 0.515 0.455 0 2
0 0.515 0.465 0 2
0 0.525 -0.455 0 2
0 0.525 -0.445 0 2
0 0.525 -0.435 0 2
0 0.525 -0.425 0 2
0 0.525 -0.415 0 2
0 0.525 -0.405 0 2
0 0.525 -0.395 0.6038515396 2
0 0.525 -0.385 0.6200365738 2
0 0.525 -0.375 0.6345271132 2
0 0.525 -0.365 0.6472835567 2
0 0.525 -0.355 0.6582710422 2
0 0.525 -0.345 0.6674595421 2
0 0.525 -0.335 0.6748239452 2
0 0.525 -0.325 0.6803441254 2
0 0.525 -0.315 0.6840049966 2
0 0.525 -0.305 0.685796554 2
0 0.525 -0.295 0.6857139015 2
0 0.525 -0.285 0.683757265 1
0 0.525 -0.275 0.6799319917 1
0 0.525 -0.265 0.6742485357 1
0 0.525 -0.255 0.6667224293 1
0 0.525 -0.245 0.6573742406 1
0 0.525 -0.235 0.6462295172 1
0 0.525 -0.225 0.6333187163 1
0 0.525 -0.215 0.618677122 2
0 0.525 -0.205 0.6023447481 1
0 0.525 -0.195 0.5843662294 1
0 0.525 -0.185 0.5647906991 1
0 0.525 -0.175 0.5436716552 1
0 0.525 -0.165 0.5210668137 1
0 0.525 -0.155 0.4970379515 1
0 0.525 -0.145 0.4716507367 1
0 0.525 -0.135 0.4449745501 1
0 0.525 -0.125 0.4170822947 1
0 0.525 -0.115 0.3880501973 1
0 0.525 -0.105 0.3579575994 2
0 0.525 -0.095 0.3268867411 2
0 0.525 -0.085 0.2949225356 2
0 0.525 -0.075 0.2621523378 2
0 0.525 -0.065 0.2286657053 2
0 0.525 -0.055 0.1945541534 2
0 0.525 -0.045 0.1599109054 2
0 0.525 -0.035 0.1248306378 2
0 0.525 -0.025 0.08940922107 2
0 0.525 -0.015 0.05374345839 2
0 0.525 -0.005 0.01793082048 2
0 0.525 0.005 -0.01793082048 2
0 0.525 0.015 -0.05374345839 2
0 0.525 0.025 -0.08940922107 1
0 0.525 0.035 -0.1248306378 1
0 0.525 0.045 -0.1599109054 1
0 0.525 0.055 -0.1945541534 1
0 0.525 0.065 -0.2286657053 1
0 0.525 0.075 -0.2621523378 1
0 0.525 0.085 -0.2949225356 1
0 0.525 0.095 -0.3268867411 1
0 0.525 0.105 -0.3579575994 1
0 0.525 0.115 -0.3880501973 1
0 0.525 0.125 -0.4170822947 1
0 0.525 0.135 -0.4449745501 1
0 0.525 0.145 -0.4716507367 1
0 0.525 0.155 -0.4970379515 1
0 0.525 0.165 -0.5210668137 1
0 0.525 0.175 -0.5436716552 1
0 0.525 0.185 -0.5647906991 1
0 0.525 0.195 -0.5843662294 1
0 0.525 0.205 -0.6023447481 1
0 0.525 0.215 -0.618677122 1
0 0.525 0.225 -0.6333187163 1
0 0.525 0.235 -0.6462295172 1
0 0.525 0.245 -0.6573742406 1
0 0.525 0.255 -0.6667224293 1
0 0.525 0.265 -0.6742485357 1
0 0.525 0.275 -0.6799319917 2
0 0.525 0.285 -0.683757265 2
0 0.525 0.295 -0.6857139015 2
0 0.525 0.305 -0.685796554 2
0 0.525 0.315 -0.6840049966 2
0 0.525 0.325 -0.6803441254 2
0 0.525 0.335 -0.6748239452 2
0 0.525 0.345 -0.6674595421 2
0 0.525 0.355 -0.6582710422 2
0 0.525 0.365 -0.6472835567 2
0 0.525 0.375 -0.6345271132 2
0 0.525 0.385 -0.6200365738 2
0 0.525 0.395 -0.6038515396 2
0 0.525 0.405 0 2
0 0.525 0.415 0 2
0 0.525 0.425 0 2
0 0.525 0.435 0 2
0 0.525 0.445 0 2
0 0.525 0.455 0 2
0 0.525 0.465 0 2
0 0.535 -0.455 0 2
0 0.535 -0.445 0 2
0 0.535 -0.435 0 2
0 0.535 -0.425 0 2
0 0.535 -0.415 0 2
0 0.535 -0.405 0 2
0 0.535 -0.395 0.6130112027 2
0 0.535 -0.385 0.6294417434 2
0 0.535 -0.375 0.6441520859 2
0 0.535 -0.365 0.6571020284 2
0 0.535 -0.355 0.6682561802 2
0 0.535 -0.345 0.677584058 2
0 0.535 -0.335 0.6850601698 2
0 0.535 -0.325 0.6906640842 2
0 0.535 -0.315 0.6943804861 2
0 0.535 -0.305 0.6961992192 2
0 0.535 -0.295 0.696115313 1
0 0.535 -0.285 0.6941289967 1
0 0.535 -0.275 0.6902456989 1
0 0.535 -0.265 0.6844760321 1
0 0.535 -0.255 0.6768357642 1
0 0.535 -0.245 0.6673457753 1
0 0.535 -0.235 0.6560320005 1
0 0.535 -0.225 0.6429253592 1
0 0.535 -0.215 0.6280616704 2
0 0.535 -0.205 0.6114815551 1
0 0.535 -0.195 0.593230325 1
0 0.535 -0.185 0.5733578587 1
0 0.535 -0.175 0.5519184656 1
0 0.535 -0.165 0.5289707374 1
0 0.535 -0.155 0.5045773877 1
0 0.535 -0.145 0.4788050811 1
0 0.535 -0.135 0.4517242504 1
0 0.535 -0.125 0.4234089049 1
0 0.535 -0.115 0.3939364273 1
0 0.535 -0.105 0.3633873629 1
0 0.535 -0.095 0.3318451989 2
0 0.535 -0.085 0.299396137 2
0 0.535 -0.075 0.2661288568 2
0 0.535 -0.065 0.2321342744 2
0 0.535 -0.055 0.1975052935 2
0 0.535 -0.045 0.1623365513 2
0 0.535 -0.035 0.1267241604 2
0 0.535 -0.025 0.09076544572 2
0 0.535 -0.015 0.05455867859 2
0 0.535 -0.005 0.01820280832 2
0 0.535 0.005 -0.01820280832 2
0 0.535 0.015 -0.05455867859 2
0 0.535 0.025 -0.09076544572 1
0 0.535 0.035 -0.1267241604 1
0 0.535 0.045 -0.1623365513 1
0 0.535 0.055 -0.1975052935 1
0 0.535 0.065 -0.2321342744 1
0 0.535 0.075 -0.2661288568 1
0 0.535 0.085 -0.299396137 1
0 0.535 0.095 -0.3318451989 1
0 0.535 0.105 -0.3633873629 1
0 0.535 0.115 -0.3939364273 1
0 0.535 0.125 -0.4234089049 1
0 0.535 0.135 -0.4517242504 1
0 0.535 0.145 -0.4788050811 1
0 0.535 0.155 -0.5045773877 1
0 0.535 0.165 -0.5289707374 1
0 0.535 0.175 -0.5519184656 1
0 0.535 0.185 -0.5733578587 1
0 0.535 0.195 -0.593230325 1
0 0.535 0.205 -0.6114815551 1
0 0.535 0.215 -0.6280616704 1
0 0.535 0.225 -0.6429253592 1
0 0.535 0.235 -0.6560320005 1
0 0.535 0.245 -0.6673457753 1
0 0.535 0.255 -0.6768357642 1
0 0.535 0.265 -0.6844760321 2
0 0.535 0.275 -0.6902456989 2
0 0.535 0.285 -0.6941289967 2
0 0.535 0.295 -0.696115313 2
0 0.535 0.305 -0.6961992192 2
0 0.535 0.315 -0.6943804861 2
0 0.535 0.325 -0.6906640842 2
0 0.535 0.335 -0.6850601698 2
0 0.535 0.345 -0.677584058 2
0 0.535 0.355 -0.6682561802 2
0 0.535 0.365 -0.6571020284 2
0 0.535 0.375 -0.6441520859 2
0 0.535 0.385 -0.6294417434 2
0 0.535 0.395 -0.6130112027 2
0 0.535 0.405 0 2
0 0.535 0.415 0 2
0 0.535 0.425 0 2
0 0.535 0.435 0 2
0 0.535 0.445 0 2
0 0.535 0.455 0 2
0 0.535 0.465 0 2
0 0.545 -0.455 0 2
0 0.545 -0.445 0 2
0 0.545 -0.435 0 2
0 0.545 -0.425 0 2
0 0.545 -0.415 0 2
0 0.545 -0.405 0 2
0 0.545 -0.395 0.6220437657 2
0 0.545 -0.385 0.6387164061 2
0 0.545 -0.375 0.6536435017 2
0 0.545 -0.365 0.6667842584 2
0 0.545 -0.355 0.6781027637 2
0 0.545 -0.345 0.6875680854 2
0 0.545 -0.335 0.6951543558 2
0 0.545 -0.325 0.7008408424 2
0 0.545 -0.315 0.7046120046 2
0 0.545 -0.305 0.7064575362 2
0 0.545 -0.295 0.7063723937 1
0 0.545 -0.285 0.7043568096 1
0 0.545 -0.275 0.7004162923 1
0 0.545 -0.265 0.6945616109 1
0 0.545 -0.255 0.6868087657 1
0 0.545 -0.245 0.6771789442 1
0 0.545 -0.235 0.6656984638 1
0 0.545 -0.225 0.6523986995 1
0 0.545 -0.215 0.6373159981 2
0 0.545 -0.205 0.6204915791 1
0 0.545 -0.195 0.6019714217 1
0 0.545 -0.185 0.5818061398 1
0 0.545 -0.175 0.5600508427 1
0 0.545 -0.165 0.5367649856 1
0 0.545 -0.155 0.5120122062 1
0 0.545 -0.145 0.4858601512 1
0 0.545 -0.135 0.4583802915 1
0 0.545 -0.125 0.4296477266 1
0 0.545 -0.115 0.3997409796 1
0 0.545 -0.105 0.3687417825 1
0 0.545 -0.095 0.3367348529 2
0 0.545 -0.085 0.3038076623 2
0 0.545 -0.075 0.2700501973 2
0 0.545 -0.065 0.2355547135 2
0 0.545 -0.055 0.2004154833 2
0 0.545 -0.045 0.1647285388 2
0 0.545 -0.035 0.1285914084 2
0 0.545 -0.025 0.09210285129 2
0 0.545 -0.015 0.05536258673 2
0 0.545 -0.005 0.01847102203 2
0 0.545 0.005 -0.01847102203 2
0 0.545 0.015 -0.05536258673 2
0 0.545 0.025 -0.09210285129 2
0 0.545 0.035 -0.1285914084 1
0 0.545 0.045 -0.1647285388 1
0 0.545 0.055 -0.2004154833 1
0 0.545 0.065 -0.2355547135 1
0 0.545 0.075 -0.2700501973 1
0 0.545 0.085 -0.3038076623 1
0 0.545 0.095 -0.3367348529 2
0 0.545 0.105 -0.3687417825 2
0 0.545 0.115 -0.3997409796 2
0 0.545 0.125 -0.4296477266 2
0 0.545 0.135 -0.4583802915 1
0 0.545 0.145 -0.4858601512 1
0 0.545 0.155 -0.5120122062 1
0 0.545 0.165 -0.5367649856 1
0 0.545 0.175 -0.5600508427 1
0 0.545 0.185 -0.5818061398 1
0 0.545 0.195 -0.6019714217 1
0 0.545 0.205 -0.6204915791 1
0 0.545 0.215 -0.6373159981 1
0 0.545 0.225 -0.6523986995 1
0 0.545 0.235 -0.6656984638 2
0 0.545 0.245 -0.6771789442 2
0 0.545 0.255 -0.6868087657 2
0 0.545 0.265 -0.6945616109 2
0 0.545 0.275 -0.7004162923 2
0 0.545 0.285 -0.7043568096 2
0 0.545 0.295 -0.7063723937 2
0 0.545 0.305 -0.7064575362 2
0 0.545 0.315 -0.7046120046 2
0 0.545 0.325 -0.7008408424 2
0 0.545 0.335 -0.6951543558 2
0 0.545 0.345 -0.6875680854 2
0 0.545 0.355 -0.6781027637 2
0 0.545 0.365 -0.6667842584 2
0 0.545 0.375 -0.6536435017 2
0 0.545 0.385 -0.6387164061 2
0 0.545 0.395 -0.6220437657 2
0 0.545 0.405 0 2
0 0.545 0.415 0 2
0 0.545 0.425 0 2
0 0.545 0.435 0 2
0 0.545 0.445 0 2
0 0.545 0.455 0 2
0 0.545 0.465 0 2
0 0.555 -0.455 0 2
0 0.555 -0.445 0 2
0 0.555 -0.435 0 2
0 0.555 -0.425 0 2
0 0.555 -0.415 0 2
0 0.555 -0.405 0 2
0 0.555 -0.395 0.6309473556 2
0 0.555 -0.385 0.647858639 2
0 0.555 -0.375 0.6629993928 2
0 0.555 -0.365 0.676328239 2
0 0.555 -0.355 0.6878087511 2
0 0.555 -0.345 0.6974095542 2
0 0.555 -0.335 0.7051044103 2
0 0.555 -0.325 0.7108722901 2
0 0.555 -0.315 0.7146974306 2
0 0.555 -0.305 0.7165693781 2
0 0.555 -0.295 0.7164830169 1
0 0.555 -0.285 0.7144385828 1
0 0.555 -0.275 0.7104416632 1
0 0.555 -0.265 0.7045031812 1
0 0.555 -0.255 0.696639366 1
0 0.555 -0.245 0.6868717086 1
0 0.555 -0.235 0.675226903 1
0 0.555 -0.225 0.6617367732 2
0 0.555 -0.215 0.6464381864 2
0 0.555 -0.205 0.6293729519 1
0 0.555 -0.195 0.6105877073 1
0 0.555 -0.185 0.5901337906 1
0 0.555 -0.175 0.5680671003 1
0 0.555 -0.165 0.5444479423 1
0 0.555 -0.155 0.5193408653 1
0 0.555 -0.145 0.4928144843 1
0 0.555 -0.135 0.4649412931 1
0 0.555 -0.125 0.4357974662 1
0 0.555 -0.115 0.4054626506 1
0 0.555 -0.105 0.3740197481 1
0 0.555 -0.095 0.3415546891 2
0 0.555 -0.085 0.3081561969 2
0 0.555 -0.075 0.2739155462 2
0 0.555 -0.065 0.2389263132 2
0 0.555 -0.055 0.2032841196 2
0 0.555 -0.045 0.1670863719 2
0 0.555 -0.035 0.1304319946 2
0 0.555 -0.025 0.0934211605 2
0 0.555 -0.015 0.05615501613 2
0 0.555 -0.005 0.01873540601 2
0 0.555 0.005 -0.01873540601 2
0 0.555 0.015 -0.05615501613 2
0 0.555 0.025 -0.0934211605 2
0 0.555 0.035 -0.1304319946 1
0 0.555 0.045 -0.1670863719 1
0 0.555 0.055 -0.2032841196 1
0 0.555 0.065 -0.2389263132 1
0 0.555 0.075 -0.2739155462 1
0 0.555 0.085 -0.3081561969 1
0 0.555 0.095 -0.3415546891 2
0 0.555 0.105 -0.3740197481 2
0 0.555 0.115 -0.4054626506 2
0 0.555 0.125 -0.4357974662 2
0 0.555 0.135 -0.4649412931 2
0 0.555 0.145 -0.4928144843 2
0 0.555 0.155 -0.5193408653 1
0 0.555 0.165 -0.5444479423 1
0 0.555 0.175 -0.5680671003 1
0 0.555 0.185 -0.5901337906 1
0 0.555 0.195 -0.6105877073 1
0 0.555 0.205 -0.6293729519 1
0 0.555 0.215 -0.6464381864 1
0 0.555 0.225 -0.6617367732 2
0 0.555 0.235 -0.675226903 2
0 0.555 0.245 -0.6868717086 2
0 0.555 0.255 -0.696639366 2
0 0.555 0.265 -0.7045031812 2
0 0.555 0.275 -0.7104416632 2
0 0.555 0.285 -0.7144385828 2
0 0.555 0.295 -0.7164830169 2
0 0.555 0.305 -0.7165693781 2
0 0.555 0.315 -0.7146974306 2
0 0.555 0.325 -0.7108722901 2
0 0.555 0.335 -0.7051044103 2
0 0.555 0.345 -0.6974095542 2
0 0.555 0.355 -0.6878087511 2
0 0.555 0.365 -0.676328239 2
0 0.555 0.375 -0.6629993928 2
0 0.555 0.385 -0.647858639 2
0 0.555 0.395 -0.6309473556 2
0 0.555 0.405 0 2
0 0.555 0.415 0 2
0 0.555 0.425 0 2
0 0.555 0.435 0 2
0 0.555 0.445 0 2
0 0.555 0.455 0 2
0 0.555 0.465 0 2
0 0.565 -0.455 0 2
0 0.565 -0.445 0 2
0 0.565 -0.435 0 2
0 0.565 -0.425 0 2
0 0.565 -0.415 0 2
0 0.565 -0.405 0 2
0 0.565 -0.395 0.6397201265 2
0 0.565 -0.385 0.6568665465 2
0 0.565 -0.375 0.6722178193 2
0 0.565 -0.365 0.6857319914 2
0 0.565 -0.355 0.69737213 2
0 0.565 -0.345 0.7071064239 2
0 0.565 -0.335 0.7149082702 2
0 0.565 -0.325 0.7207563473 2
0 0.565 -0.315 0.7246346731 2
0 0.565 -0.305 0.7265326484 2
0 0.565 -0.295 0.7264450864 2
0 0.565 -0.285 0.7243722262 1
0 0.565 -0.275 0.7203197329 1
0 0.565 -0.265 0.7142986815 1
0 0.565 -0.255 0.7063255268 1
0 0.565 -0.245 0.6964220587 1
0 0.565 -0.235 0.6846153423 2
0 0.565 -0.225 0.670937644 2
0 0.565 -0.215 0.6554263437 2
0 0.565 -0.205 0.6381238321 2
0 0.565 -0.195 0.6190773951 1
0 0.565 -0.185 0.5983390846 1
0 0.565 -0.175 0.5759655763 1
0 0.565 -0.165 0.5520180146 1
0 0.565 -0.155 0.5265618457 1
0 0.565 -0.145 0.4996666385 1
0 0.565 -0.135 0.471405895 1
0 0.565 -0.125 0.4418568486 1
0 0.565 -0.115 0.411100254 1
0 0.565 -0.105 0.3792201655 1
0 0.565 -0.095 0.3463037082 2
0 0.565 -0.085 0.3124408392 2
0 0.565 -0.075 0.2777241022 2
0 0.565 -0.065 0.2422483745 2
0 0.565 -0.055 0.2061106074 2
0 0.565 -0.045 0.1694095617 2
0 0.565 -0.035 0.1322455374 2
0 0.565 -0.025 0.0947201 2
0 0.565 -0.015 0.0569358025 2
0 0.565 -0.005 0.01899590544 2
0 0.565 0.005 -0.01899590544 2
0 0.565 0.015 -0.0569358025 2
0 0.565 0.025 -0.0947201 2
0 0.565 0.035 -0.1322455374 2
0 0.565 0.045 -0.1694095617 1
0 0.565 0.055 -0.2061106074 1
0 0.565 0.065 -0.2422483745 1
0 0.565 0.075 -0.2777241022 1
0 0.565 0.085 -0.3124408392 2
0 0.565 0.095 -0.3463037082 2
0 0.565 0.105 -0.3792201655 2
0 0.565 0.115 -0.411100254 2
0 0.565 0.125 -0.4418568486 2
0 0.565 0.135 -0.471405895 2
0 0.565 0.145 -0.4996666385 2
0 0.565 0.155 -0.5265618457 2
0 0.565 0.165 -0.5520180146 2
0 0.565 0.175 -0.5759655763 2
0 0.565 0.185 -0.5983390846 2
0 0.565 0.195 -0.6190773951 2
0 0.565 0.205 -0.6381238321 2
0 0.565 0.215 -0.6554263437 2
0 0.565 0.225 -0.670937644 2
0 0.565 0.235 -0.6846153423 2
0 0.565 0.245 -0.6964220587 2
0 0.565 0.255 -0.7063255268 2
0 0.565 0.265 -0.7142986815 2
0 0.565 0.275 -0.7203197329 2
0 0.565 0.285 -0.7243722262 2
0 0.565 0.295 -0.7264450864 2
0 0.565 0.305 -0.7265326484 2
0 0.565 0.315 -0.7246346731 2
0 0.565 0.325 -0.7207563473 2
0 0.565 0.335 -0.7149082702 2
0 0.565 0.345 -0.7071064239 2
0 0.565 0.355 -0.69737213 2
0 0.565 0.365 -0.6857319914 2
0 0.565 0.375 -0.6722178193 2
0 0.565 0.385 -0.6568665465 2
0 0.565 0.395 -0.6397201265 2
0 0.565 0.405 0 2
0 0.565 0.415 0 2
0 0.565 0.425 0 2
0 0.565 0.435 0 2
0 0.565 0.445 0 2
0 0.565 0.455 0 2
0 0.565 0.465 0 2
0 0.575 -0.455 0 2
0 0.575 -0.445 0 2
0 0.575 -0.435 0 2
0 0.575 -0.425 0 2
0 0.575 -0.415 0 2
0 0.575 -0.405 0 2
0 0.575 -0.395 0.6483602596 2
0 0.575 -0.385 0.6657382611 2
0 0.575 -0.375 0.6812968698 2
0 0.575 -0.365 0.6949935659 2
0 0.575 -0.355 0.7067909175 2
0 0.575 -0.345 0.7166566839 2
0 0.575 -0.335 0.7245639028 2
0 0.575 -0.325 0.7304909647 2
0 0.575 -0.315 0.7344216716 2
0 0.575 -0.305 0.7363452812 2
0 0.575 -0.295 0.7362565366 2
0 0.575 -0.285 0.7341556802 1
0 0.575 -0.275 0.7300484534 1
0 0.575 -0.265 0.723946081 1
0 0.575 -0.255 0.71586524 1
0 0.575 -0.245 0.7058280145 2
0 0.575 -0.235 0.6938618352 2
0 0.575 -0.225 0.6799994044 2
0 0.575 -0.215 0.6642786067 2
0 0.575 -0.205 0.6467424054 2
0 0.575 -0.195 0.627438725 2
0 0.575 -0.185 0.6064203206 2
0 0.575 -0.175 0.5837446331 1
0 0.575 -0.165 0.5594736329 1
0 0.575 -0.155 0.53367365 1
0 0.575 -0.145 0.5064151931 1
0 0.575 -0.135 0.4777727568 1
0 0.575 -0.125 0.4478246176 1
0 0.575 -0.115 0.4166526209 1
0 0.575 -0.105 0.3843419563 2
0 0.575 -0.095 0.3509809256 2
0 0.575 -0.085 0.3166607008 2
0 0.575 -0.075 0.2814750757 2
0 0.575 -0.065 0.2455202087 2
0 0.575 -0.055 0.2088943608 2
0 0.575 -0.045 0.1716976265 2
0 0.575 -0.035 0.1340316607 2
0 0.575 -0.025 0.09599940047 2
0 0.575 -0.015 0.05770478394 2
0 0.575 -0.005 0.0192524663 2
0 0.575 0.005 -0.0192524663 2
0 0.575 0.015 -0.05770478394 2
0 0.575 0.025 -0.09599940047 2
0 0.575 0.035 -0.1340316607 2
0 0.575 0.045 -0.1716976265 2
0 0.575 0.055 -0.2088943608 2
0 0.575 0.065 -0.2455202087 2
0 0.575 0.075 -0.2814750757 2
0 0.575 0.085 -0.3166607008 2
0 0.575 0.095 -0.3509809256 2
0 0.575 0.105 -0.3843419563 2
0 0.575 0.115 -0.4166526209 2
0 0.575 0.125 -0.4478246176 2
0 0.575 0.135 -0.4777727568 2
0 0.575 0.145 -0.5064151931 2
0 0.575 0.155 -0.53367365 2
0 0.575 0.165 -0.5594736329 2
0 0.575 0.175 -0.5837446331 2
0 0.575 0.185 -0.6064203206 2
0 0.575 0.195 -0.627438725 2
0 0.575 0.205 -0.6467424054 2
0 0.575 0.215 -0.6642786067 2
0 0.575 0.225 -0.6799994044 2
0 0.575 0.235 -0.6938618352 2
0 0.575 0.245 -0.7058280145 2
0 0.575 0.255 -0.71586524 2
0 0.575 0.265 -0.723946081 2
0 0.575 0.275 -0.7300484534 2
0 0.575 0.285 -0.7341556802 2
0 0.575 0.295 -0.7362565366 2
0 0.575 0.305 -0.7363452812 2
0 0.575 0.315 -0.7344216716 2
0 0.575 0.325 -0.7304909647 2
0 0.575 0.335 -0.7245639028 2
0 0.575 0.345 -0.7166566839 2
0 0.575 0.355 -0.7067909175 2
0 0.575 0.365 -0.6949935659 2
0 0.575 0.375 -0.6812968698 2
0 0.575 0.385 -0.6657382611 2
0 0.575 0.395 -0.6483602596 2
0 0.575 0.405 0 2
0 0.575 0.415 0 2
0 0.575 0.425 0 2
0 0.575 0.435 0 2
0 0.575 0.445 0 2
0 0.575 0.455 0 2
0 0.575 0.465 0 2
0 0.585 -0.455 0 2
0 0.585 -0.445 0 2
0 0.585 -0.435 0 2
0 0.585 -0.425 0 2
0 0.585 -0.415 0 2
0 0.585 -0.405 0 2
0 0.585 -0.395 0.6568659632 2
0 0.585 -0.385 0.6744719431 2
0 0.585 -0.375 0.690234662 2
0 0.585 -0.365 0.7041110422 2
0 0.585 -0.355 0.7160631609 2
0 0.585 -0.345 0.7260583541 2
0 0.585 -0.335 0.7340693062 2
0 0.585 -0.325 0.740074124 2
0 0.585 -0.315 0.7440563971 2
0 0.585 -0.305 0.7460052421 2
0 0.585 -0.295 0.7459153332 2
0 0.585 -0.285 0.7437869161 2
0 0.585 -0.275 0.7396258075 2
0 0.585 -0.265 0.7334433793 2
0 0.585 -0.255 0.7252565274 2
0 0.585 -0.245 0.7150876257 2
0 0.585 -0.235 0.7029644645 2
0 0.585 -0.225 0.6889201754 2
0 0.585 -0.215 0.6729931399 2
0 0.585 -0.205 0.6552268847 2
0 0.585 -0.195 0.6356699634 2
0 0.585 -0.185 0.6143758229 2
0 0.585 -0.175 0.5914026578 2
0 0.585 -0.165 0.5668132513 2
0 0.585 -0.155 0.5406748038 2
0 0.585 -0.145 0.5130587489 2
0 0.585 -0.135 0.4840405584 2
0 0.585 -0.125 0.4536995358 2
0 0.585 -0.115 0.4221186001 2
0 0.585 -0.105 0.3893840587 2
0 0.585 -0.095 0.3555853715 2
0 0.585 -0.085 0.3208149068 2
0 0.585 -0.075 0.2851676887 2
0 0.585 -0.065 0.2487411373 2
0 0.585 -0.055 0.2116348025 2
0 0.585 -0.045 0.1739500921 2
0 0.585 -0.035 0.1357899943 2
0 0.585 -0.025 0.09725879668 2
0 0.585 -0.015 0.05846180103 2
0 0.585 -0.005 0.01950503541 2
0 0.585 0.005 -0.01950503541 2
0 0.585 0.015 -0.05846180103 2
0 0.585 0.025 -0.09725879668 2
0 0.585 0.035 -0.1357899943 2
0 0.585 0.045 -0.1739500921 2
0 0.585 0.055 -0.2116348025 2
0 0.585 0.065 -0.2487411373 2
0 0.585 0.075 -0.2851676887 2
0 0.585 0.085 -0.3208149068 2
0 0.585 0.095 -0.3555853715 2
0 0.585 0.105 -0.3893840587 2
0 0.585 0.115 -0.4221186001 2
0 0.585 0.125 -0.4536995358 2
0 0.585 0.135 -0.4840405584 2
0 0.585 0.145 -0.5130587489 2
0 0.585 0.155 -0.5406748038 2
0 0.585 0.165 -0.5668132513 2
0 0.585 0.175 -0.5914026578 2
0 0.585 0.185 -0.6143758229 2
0 0.585 0.195 -0.6356699634 2
0 0.585 0.205 -0.6552268847 2
0 0.585 0.215 -0.6729931399 2
0 0.585 0.225 -0.6889201754 2
0 0.585 0.235 -0.7029644645 2
0 0.585 0.245 -0.7150876257 2
0 0.585 0.255 -0.7252565274 2
0 0.585 0.265 -0.7334433793 2
0 0.585 0.275 -0.7396258075 2
0 0.585 0.285 -0.7437869161 2
0 0.585 0.295 -0.7459153332 2
0 0.585 0.305 -0.7460052421 2
0 0.585 0.315 -0.7440563971 2
0 0.585 0.325 -0.740074124 2
0 0.585 0.335 -0.7340693062 2
0 0.585 0.345 -0.7260583541 2
0 0.585 0.355 -0.7160631609 2
0 0.585 0.365 -0.7041110422 2
0 0.585 0.375 -0.690234662 2
0 0.585 0.385 -0.6744719431 2
0 0.585 0.395 -0.6568659632 2
0 0.585 0.405 0 2
0 0.585 0.415 0 2
0 0.585 0.425 0 2
0 0.585 0.435 0 2
0 0.585 0.445 0 2
0 0.585 0.455 0 2
0 0.585 0.465 0 2
0 0.595 -0.455 0 2
0 0.595 -0.445 0 2
0 0.595 -0.435 0 2
0 0.595 -0.425 0 2
0 0.595 -0.415 0 2
0 0.595 -0.405 0 2
0 0.595 -0.395 0.6652354739 2
0 0.595 -0.385 0.6830657818 2
0 0.595 -0.375 0.6990293428 2
0 0.595 -0.365 0.7130825299 2
0 0.595 -0.355 0.7251869375 2
0 0.595 -0.345 0.7353094853 2
0 0.595 -0.335 0.7434225096 2
0 0.595 -0.325 0.7495038383 2
0 0.595 -0.315 0.7535368517 2
0 0.595 -0.305 0.7555105282 2
0 0.595 -0.295 0.7554194737 2
0 0.595 -0.285 0.7532639372 2
0 0.595 -0.275 0.7490498095 2
0 0.595 -0.265 0.7427886074 2
0 0.595 -0.255 0.7344974421 2
0 0.595 -0.245 0.7241989724 2
0 0.595 -0.235 0.7119213431 2
0 0.595 -0.225 0.6976981075 2
0 0.595 -0.215 0.6815681363 2
0 0.595 -0.205 0.663575511 2
0 0.595 -0.195 0.6437694036 2
0 0.595 -0.185 0.622203942 2
0 0.595 -0.175 0.5989380625 2
0 0.595 -0.165 0.5740353482 2
0 0.595 -0.155 0.5475638555 2
0 0.595 -0.145 0.5195959284 2
0 0.595 -0.135 0.4902080003 2
0 0.595 -0.125 0.4594803851 2
0 0.595 -0.115 0.4274970584 2
0 0.595 -0.105 0.3943454271 2
0 0.595 -0.095 0.3601160912 2
0 0.595 -0.085 0.3249025959 2
0 0.595 -0.075 0.2888011759 2
0 0.595 -0.065 0.2519104926 2
0 0.595 -0.055 0.2143313645 2
0 0.595 -0.045 0.1761664912 2
0 0.595 -0.035 0.1375201734 2
0 0.595 -0.025 0.09849802749 2
0 0.595 -0.015 0.05920669679 2
0 0.595 -0.005 0.0197535604 2
0 0.595 0.005 -0.0197535604 2
0 0.595 0.015 -0.05920669679 2
0 0.595 0.025 -0.09849802749 2
0 0.595 0.035 -0.1375201734 2
0 0.595 0.045 -0.1761664912 2
0 0.595 0.055 -0.2143313645 2
0 0.595 0.065 -0.2519104926 2
0 0.595 0.075 -0.2888011759 2
0 0.595 0.085 -0.3249025959 2
0 0.595 0.095 -0.3601160912 2
0 0.595 0.105 -0.3943454271 2
0 0.595 0.115 -0.4274970584 2
0 0.595 0.125 -0.4594803851 2
0 0.595 0.135 -0.4902080003 2
0 0.595 0.145 -0.5195959284 2
0 0.595 0.155 -0.5475638555 2
0 0.595 0.165 -0.5740353482 2
0 0.595 0.175 -0.5989380625 2
0 0.595 0.185 -0.622203942 2
0 0.595 0.195 -0.6437694036 2
0 0.595 0.205 -0.663575511 2
0 0.595 0.215 -0.6815681363 2
0 0.595 0.225 -0.6976981075 2
0 0.595 0.235 -0.7119213431 2
0 0.595 0.245 -0.7241989724 2
0 0.595 0.255 -0.7344974421 2
0 0.595 0.265 -0.7427886074 2
0 0.595 0.275 -0.7490498095 2
0 0.595 0.285 -0.7532639372 2
0 0.595 0.295 -0.7554194737 2
0 0.595 0.305 -0.7555105282 2
0 0.595 0.315 -0.7535368517 2
0 0.595 0.325 -0.7495038383 2
0 0.595 0.335 -0.7434225096 2
0 0.595 0.345 -0.7353094853 2
0 0.595 0.355 -0.7251869375 2
0 0.595 0.365 -0.7130825299 2
0 0.595 0.375 -0.6990293428 2
0 0.595 0.385 -0.6830657818 2
0 0.595 0.395 -0.6652354739 2
0 0.595 0.405 0 2
0 0.595 0.415 0 2
0 0.595 0.425 0 2
0 0.595 0.435 0 2
0 0.595 0.445 0 2
0 0.595 0.455 0 2
0 0.595 0.465 0 2
0 0.605 -0.455 0 2
0 0.605 -0.445 0 2
0 0.605 -0.435 0 2
0 0.605 -0.425 0 2
0 0.605 -0.415 0 2
0 0.605 -0.405 0 2
0 0.605 -0.395 0.6734670564 2
0 0.605 -0.385 0.6915179955 2
0 0.605 -0.375 0.7076790885 2
0 0.605 -0.365 0.7219061689 2
0 0.605 -0.355 0.7341603557 2
0 0.605 -0.345 0.7444081593 2
0 0.605 -0.335 0.7526215736 2
0 0.605 -0.325 0.7587781523 2
0 0.605 -0.315 0.76286107 2
0 0.605 -0.305 0.7648591686 2
0 0.605 -0.295 0.7647669874 2
0 0.605 -0.285 0.7625847785 2
0 0.605 -0.275 0.7583185054 2
0 0.605 -0.265 0.7519798276 2
0 0.605 -0.255 0.7435860679 2
0 0.605 -0.245 0.7331601656 2
0 0.605 -0.235 0.7207306136 2
0 0.605 -0.225 0.7063313806 2
0 0.605 -0.215 0.6900018182 2
0 0.605 -0.205 0.6717865533 2
0 0.605 -0.195 0.6517353663 2
0 0.605 -0.185 0.6299030551 2
0 0.605 -0.175 0.606349285 2
0 0.605 -0.165 0.581138426 2
0 0.605 -0.155 0.5543393767 2
0 0.605 -0.145 0.5260253762 2
0 0.605 -0.135 0.4962738037 2
0 0.605 -0.125 0.4651659669 2
0 0.605 -0.115 0.4327868805 2
0 0.605 -0.105 0.399225033 2
0 0.605 -0.095 0.3645721454 2
0 0.605 -0.085 0.3289229204 2
0 0.605 -0.075 0.2923747837 2
0 0.605 -0.065 0.2550276174 2
0 0.605 -0.055 0.2169834875 2
0 0.605 -0.045 0.1783463644 2
0 0.605 -0.035 0.1392218395 2
0 0.605 -0.025 0.09971683598 2
0 0.605 -0.015 0.05993931678 2
0 0.605 -0.005 0.01999798973 2
0 0.605 0.005 -0.01999798973 2
0 0.605 0.015 -0.05993931678 2
0 0.605 0.025 -0.09971683598 2
0 0.605 0.035 -0.1392218395 2
0 0.605 0.045 -0.1783463644 2
0 0.605 0.055 -0.2169834875 2
0 0.605 0.065 -0.2550276174 2
0 0.605 0.075 -0.2923747837 2
0 0.605 0.085 -0.3289229204 2
0 0.605 0.095 -0.3645721454 2
0 0.605 0.105 -0.399225033 2
0 0.605 0.115 -0.4327868805 2
0 0.605 0.125 -0.4651659669 2
0 0.605 0.135 -0.4962738037 2
0 0.605 0.145 -0.5260253762 2
0 0.605 0.155 -0.5543393767 2
0 0.605 0.165 -0.581138426 2
0 0.605 0.175 -0.606349285 2
0 0.605 0.185 -0.6299030551 2
0 0.605 0.195 -0.6517353663 2
0 0.605 0.205 -0.6717865533 2
0 0.605 0.215 -0.6900018182 2
0 0.605 0.225 -0.7063313806 2
0 0.605 0.235 -0.7207306136 2
0 0.605 0.245 -0.7331601656 2
0 0.605 0.255 -0.7435860679 2
0 0.605 0.265 -0.7519798276 2
0 0.605 0.275 -0.7583185054 2
0 0.605 0.285 -0.7625847785 2
0 0.605 0.295 -0.7647669874 2
0 0.605 0.305 -0.7648591686 2
0 0.605 0.315 -0.76286107 2
0 0.605 0.325 -0.7587781523 2
0 0.605 0.335 -0.7526215736 2
0 0.605 0.345 -0.7444081593 2
0 0.605 0.355 -0.7341603557 2
0 0.605 0.365 -0.7219061689 2
0 0.605 0.375 -0.7076790885 2
0 0.605 0.385 -0.6915179955 2
0 0.605 0.395 -0.6734670564 2
0 0.605 0.405 0 2
0 0.605 0.415 0 2
0 0.605 0.425 0 2
0 0.605 0.435 0 2
0 0.605 0.445 0 2
0 0.605 0.455 0 2
0 0.605 0.465 0 2
0 0.615 -0.455 0 2
0 0.615 -0.445 0 2
0 0.615 -0.435 0 2
0 0.615 -0.425 0 2
0 0.615 -0.415 0 2
0 0.615 -0.405 0 2
0 0.615 -0.395 0.681559004 2
0 0.615 -0.385 0.6998268315 2
0 0.615 -0.375 0.7161821059 2
0 0.615 -0.365 0.7305801298 2
0 0.615 -0.355 0.7429815549 2
0 0.615 -0.345 0.7533524896 2
0 0.615 -0.335 0.7616645911 2
0 0.615 -0.325 0.7678951432 2
0 0.615 -0.315 0.7720271187 2
0 0.615 -0.305 0.7740492251 2
0 0.615 -0.295 0.7739559363 2
0 0.615 -0.285 0.7717475073 2
0 0.615 -0.275 0.7674299735 2
0 0.615 -0.265 0.7610151342 2
0 0.615 -0.255 0.7525205205 2
0 0.615 -0.245 0.7419693472 2
0 0.615 -0.235 0.7293904497 2
0 0.615 -0.225 0.7148182048 2
0 0.615 -0.215 0.6982924368 2
0 0.615 -0.205 0.679858309 2
0 0.615 -0.195 0.6595661998 2
0 0.615 -0.185 0.6374715656 2
0 0.615 -0.175 0.6136347885 2
0 0.615 -0.165 0.588121012 2
0 0.615 -0.155 0.5609999626 2
0 0.615 -0.145 0.5323457593 2
0 0.615 -0.135 0.5022367109 2
0 0.615 -0.125 0.4707551024 2
0 0.615 -0.115 0.4379869696 2
0 0.615 -0.105 0.4040218645 2
0 0.615 -0.095 0.3689526101 2
0 0.615 -0.085 0.332875047 2
0 0.615 -0.075 0.2958877713 2
0 0.615 -0.065 0.2580918655 2
0 0.615 -0.055 0.2195906217 2
0 0.615 -0.045 0.1804892598 2
0 0.615 -0.035 0.1408946397 2
0 0.615 -0.025 0.1009149694 2
0 0.615 -0.015 0.06065950911 2
0 0.615 -0.005 0.02023827273 2
0 0.615 0.005 -0.02023827273 2
0 0.615 0.015 -0.06065950911 2
0 0.615 0.025 -0.1009149694 2
0 0.615 0.035 -0.1408946397 2
0 0.615 0.045 -0.1804892598 2
0 0.615 0.055 -0.2195906217 2
0 0.615 0.065 -0.2580918655 2
0 0.615 0.075 -0.2958877713 2
0 0.615 0.085 -0.332875047 2
0 0.615 0.095 -0.3689526101 2
0 0.615 0.105 -0.4040218645 2
0 0.615 0.115 -0.4379869696 2
0 0.615 0.125 -0.4707551024 2
0 0.615 0.135 -0.5022367109 2
0 0.615 0.145 -0.5323457593 2
0 0.615 0.155 -0.5609999626 2
0 0.615 0.165 -0.588121012 2
0 0.615 0.175 -0.6136347885 2
0 0.615 0.185 -0.6374715656 2
0 0.615 0.195 -0.6595661998 2
0 0.615 0.205 -0.679858309 2
0 0.615 0.215 -0.6982924368 2
0 0.615 0.225 -0.7148182048 2
0 0.615 0.235 -0.7293904497 2
0 0.615 0.245 -0.7419693472 2
0 0.615 0.255 -0.7525205205 2
0 0.615 0.265 -0.7610151342 2
0 0.615 0.275 -0.7674299735 2
0 0.615 0.285 -0.7717475073 2
0 0.615 0.295 -0.7739559363 2
0 0.615 0.305 -0.7740492251 2
0 0.615 0.315 -0.7720271187 2
0 0.615 0.325 -0.7678951432 2
0 0.615 0.335 -0.7616645911 2
0 0.615 0.345 -0.7533524896 2
0 0.615 0.355 -0.7429815549 2
0 0.615 0.365 -0.7305801298 2
0 0.615 0.375 -0.7161821059 2
0 0.615 0.385 -0.6998268315 2
0 0.615 0.395 -0.681559004 2
0 0.615 0.405 0 2
0 0.615 0.415 0 2
0 0.615 0.425 0 2
0 0.615 0.435 0 2
0 0.615 0.445 0 2
0 0.615 0.455 0 2
0 0.615 0.465 0 2
0 0.625 -0.455 0 2
0 0.625 -0.445 0 2
0 0.625 -0.435 0 2
0 0.625 -0.425 0 2
0 0.625 -0.415 0 2
0 0.625 -0.405 0 2
0 0.625 -0.395 0.6895096389 2
0 0.625 -0.385 0.7079905673 2
0 0.625 -0.375 0.7245366319 2
0 0.625 -0.365 0.739102614 2
0 0.625 -0.355 0.7516487063 2
0 0.625 -0.345 0.7621406217 2
0 0.625 -0.335 0.7705496869 2
0 0.625 -0.325 0.7768529207 2
0 0.625 -0.315 0.7810330971 2
0 0.625 -0.305 0.7830787922 2
0 0.625 -0.295 0.7829844152 2
0 0.625 -0.285 0.7807502241 2
0 0.625 -0.275 0.7763823246 2
0 0.625 -0.265 0.7698926538 2
0 0.625 -0.255 0.7612989473 2
0 0.625 -0.245 0.7506246908 2
0 0.625 -0.235 0.7378990559 2
0 0.625 -0.225 0.7231568204 2
0 0.625 -0.215 0.7064382733 2
0 0.625 -0.205 0.6877891046 2
0 0.625 -0.195 0.6672602806 2
0 0.625 -0.185 0.6449079044 2
0 0.625 -0.175 0.6207930626 2
0 0.625 -0.165 0.5949816586 2
0 0.625 -0.155 0.5675442322 2
0 0.625 -0.145 0.5385557671 2
0 0.625 -0.135 0.5080954857 2
0 0.625 -0.125 0.4762466327 2
0 0.625 -0.115 0.4430962477 2
0 0.625 -0.105 0.4087349272 2
0 0.625 -0.095 0.3732565772 2
0 0.625 -0.085 0.3367581561 2
0 0.625 -0.075 0.2993394103 2
0 0.625 -0.065 0.2611026014 2
0 0.625 -0.055 0.2221522266 2
0 0.625 -0.045 0.182594733 2
0 0.625 -0.035 0.1425382272 2
0 0.625 -0.025 0.1020921794 2
0 0.625 -0.015 0.06136712445 2
0 0.625 -0.005 0.02047435958 2
0 0.625 0.005 -0.02047435958 2
0 0.625 0.015 -0.06136712445 2
0 0.625 0.025 -0.1020921794 2
0 0.625 0.035 -0.1425382272 2
0 0.625 0.045 -0.182594733 2
0 0.625 0.055 -0.2221522266 2
0 0.625 0.065 -0.2611026014 2
0 0.625 0.075 -0.2993394103 2
0 0.625 0.085 -0.3367581561 2
0 0.625 0.095 -0.3732565772 2
0 0.625 0.105 -0.4087349272 2
0 0.625 0.115 -0.4430962477 2
0 0.625 0.125 -0.4762466327 2
0 0.625 0.135 -0.5080954857 2
0 0.625 0.145 -0.5385557671 2
0 0.625 0.155 -0.5675442322 2
0 0.625 0.165 -0.5949816586 2
0 0.625 0.175 -0.6207930626 2
0 0.625 0.185 -0.6449079044 2
0 0.625 0.195 -0.6672602806 2
0 0.625 0.205 -0.6877891046 2
0 0.625 0.215 -0.7064382733 2
0 0.625 0.225 -0.7231568204 2
0 0.625 0.235 -0.7378990559 2
0 0.625 0.245 -0.7506246908 2
0 0.625 0.255 -0.7612989473 2
0 0.625 0.265 -0.7698926538 2
0 0.625 0.275 -0.7763823246 2
0 0.625 0.285 -0.7807502241 2
0 0.625 0.295 -0.7829844152 2
0 0.625 0.305 -0.7830787922 2
0 0.625 0.315 -0.7810330971 2
0 0.625 0.325 -0.7768529207 2
0 0.625 0.335 -0.7705496869 2
0 0.625 0.345 -0.7621406217 2
0 0.625 0.355 -0.7516487063 2
0 0.625 0.365 -0.739102614 2
0 0.625 0.375 -0.7245366319 2
0 0.625 0.385 -0.7079905673 2
0 0.625 0.395 -0.6895096389 2
0 0.625 0.405 0 2
0 0.625 0.415 0 2
0 0.625 0.425 0 2
0 0.625 0.435 0 2
0 0.625 0.445 0 2
0 0.625 0.455 0 2
0 0.625 0.465 0 2
0 0.635 -0.455 0 2
0 0.635 -0.445 0 2
0 0.635 -0.435 0 2
0 0.635 -0.425 0 2
0 0.635 -0.415 0 2
0 0.635 -0.405 0 2
0 0.635 -0.395 0.6973173126 2
0 0.635 -0.385 0.7160075101 2
0 0.635 -0.375 0.7327409343 2
0 0.635 -0.365 0.7474718546 2
0 0.635 -0.355 0.7601600128 2
0 0.635 -0.345 0.7707707335 2
0 0.635 -0.335 0.7792750189 2
0 0.635 -0.325 0.7856496275 2
0 0.635 -0.315 0.7898771382 2
0 0.635 -0.305 0.7919459977 2
0 0.635 -0.295 0.7918505521 2
0 0.635 -0.285 0.789591062 2
0 0.635 -0.275 0.7851737026 2
0 0.635 -0.265 0.7786105459 2
0 0.635 -0.255 0.7699195285 2
0 0.635 -0.245 0.7591244018 2
0 0.635 -0.235 0.746254668 2
0 0.635 -0.225 0.7313454985 2
0 0.635 -0.215 0.7144376387 2
0 0.635 -0.205 0.6955772958 2
0 0.635 -0.195 0.6748160133 2
0 0.635 -0.185 0.6522105296 2
0 0.635 -0.175 0.627822623 2
0 0.635 -0.165 0.6017189431 2
0 0.635 -0.155 0.5739708286 2
0 0.635 -0.145 0.5446541122 2
0 0.635 -0.135 0.5138489133 2
0 0.635 -0.125 0.4816394193 2
0 0.635 -0.115 0.4481136553 2
0 0.635 -0.105 0.4133632439 2
0 0.635 -0.095 0.3774831541 2
0 0.635 -0.085 0.3405714426 2
0 0.635 -0.075 0.302728985 2
0 0.635 -0.065 0.264059201 2
0 0.635 -0.055 0.2246677709 2
0 0.635 -0.045 0.1846623474 2
0 0.635 -0.035 0.1441522612 2
0 0.635 -0.025 0.1032482219 2
0 0.635 -0.015 0.0620620161 2
0 0.635 -0.005 0.02070620132 2
0 0.635 0.005 -0.02070620132 2
0 0.635 0.015 -0.0620620161 2
0 0.635 0.025 -0.1032482219 2
0 0.635 0.035 -0.1441522612 2
0 0.635 0.045 -0.1846623474 2
0 0.635 0.055 -0.2246677709 2
0 0.635 0.065 -0.264059201 2
0 0.635 0.075 -0.302728985 2
0 0.635 0.085 -0.3405714426 2
0 0.635 0.095 -0.3774831541 2
0 0.635 0.105 -0.4133632439 2
0 0.635 0.115 -0.4481136553 2
0 0.635 0.125 -0.4816394193 1
0 0.635 0.135 -0.5138489133 1
0 0.635 0.145 -0.5446541122 1
0 0.635 0.155 -0.5739708286 2
0 0.635 0.165 -0.6017189431 2
0 0.635 0.175 -0.627822623 2
0 0.635 0.185 -0.6522105296 2
0 0.635 0.195 -0.6748160133 2
0 0.635 0.205 -0.6955772958 2
0 0.635 0.215 -0.7144376387 2
0 0.635 0.225 -0.7313454985 2
0 0.635 0.235 -0.746254668 2
0 0.635 0.245 -0.7591244018 2
0 0.635 0.255 -0.7699195285 2
0 0.635 0.265 -0.7786105459 2
0 0.635 0.275 -0.7851737026 2
0 0.635 0.285 -0.789591062 2
0 0.635 0.295 -0.7918505521 2
0 0.635 0.305 -0.7919459977 2
0 0.635 0.315 -0.7898771382 2
0 0.635 0.325 -0.7856496275 2
0 0.635 0.335 -0.7792750189 2
0 0.635 0.345 -0.7707707335 2
0 0.635 0.355 -0.7601600128 2
0 0.635 0.365 -0.7474718546 2
0 0.635 0.375 -0.7327409343 2
0 0.635 0.385 -0.7160075101 2
0 0.635 0.395 -0.6973173126 2
0 0.635 0.405 0 2
0 0.635 0.415 0 2
0 0.635 0.425 0 2
0 0.635 0.435 0 2
0 0.635 0.445 0 2
0 0.635 0.455 0 2
0 0.635 0.465 0 2
0 0.645 -0.455 0 2
0 0.645 -0.445 0 2
0 0.645 -0.435 0 2
0 0.645 -0.425 0 2
0 0.645 -0.415 0 2
0 0.645 -0.405 0 2
0 0.645 -0.395 0.7049804063 2
0 0.645 -0.385 0.7238759977 2
0 0.645 -0.375 0.7407933121 2
0 0.645 -0.365 0.7556861162 2
0 0.645 -0.355 0.7685137096 2
0 0.645 -0.345 0.7792410357 2
0 0.645 -0.335 0.787838778 2
0 0.645 -0.325 0.7942834397 2
0 0.645 -0.315 0.7985574082 2
0 0.645 -0.305 0.8006490032 2
0 0.645 -0.295 0.8005525087 2
0 0.645 -0.285 0.7982681882 2
0 0.645 -0.275 0.7938022847 2
0 0.645 -0.265 0.7871670029 2
0 0.645 -0.255 0.7783804764 2
0 0.645 -0.245 0.7674667179 2
0 0.645 -0.235 0.7544555535 2
0 0.645 -0.225 0.7393825413 2
0 0.645 -0.215 0.7222888744 2
0 0.645 -0.205 0.7032212678 2
0 0.645 -0.195 0.6822318314 2
0 0.645 -0.185 0.6593779272 2
0 0.645 -0.175 0.6347220123 2
0 0.645 -0.165 0.6083314688 2
0 0.645 -0.155 0.5802784194 2
0 0.645 -0.145 0.5506395301 2
0 0.645 -0.135 0.5194958007 2
0 0.645 -0.125 0.4869323439 2
0 0.645 -0.115 0.4530381522 2
0 0.645 -0.105 0.4179058549 2
0 0.645 -0.095 0.3816314647 2
0 0.645 -0.085 0.3443141159 2
0 0.645 -0.075 0.3060557927 2
0 0.645 -0.065 0.2669610512 2
0 0.645 -0.055 0.2271367333 2
0 0.645 -0.045 0.1866916745 2
0 0.645 -0.035 0.145736407 2
0 0.645 -0.025 0.1043828571 2
0 0.645 -0.015 0.06274403996 2
0 0.645 -0.005 0.0209337499 2
0 0.645 0.005 -0.0209337499 2
0 0.645 0.015 -0.06274403996 2
0 0.645 0.025 -0.1043828571 2
0 0.645 0.035 -0.145736407 2
0 0.645 0.045 -0.1866916745 2
0 0.645 0.055 -0.2271367333 2
0 0.645 0.065 -0.2669610512 2
0 0.645 0.075 -0.3060557927 2
0 0.645 0.085 -0.3443141159 2
0 0.645 0.095 -0.3816314647 2
0 0.645 0.105 -0.4179058549 1
0 0.645 0.115 -0.4530381522 1
0 0.645 0.125 -0.4869323439 1
0 0.645 0.135 -0.5194958007 1
0 0.645 0.145 -0.5506395301 1
0 0.645 0.155 -0.5802784194 1
0 0.645 0.165 -0.6083314688 2
0 0.645 0.175 -0.6347220123 2
0 0.645 0.185 -0.6593779272 2
0 0.645 0.195 -0.6822318314 2
0 0.645 0.205 -0.7032212678 2
0 0.645 0.215 -0.7222888744 2
0 0.645 0.225 -0.7393825413 2
0 0.645 0.235 -0.7544555535 2
0 0.645 0.245 -0.7674667179 2
0 0.645 0.255 -0.7783804764 2
0 0.645 0.265 -0.7871670029 2
0 0.645 0.275 -0.7938022847 2
0 0.645 0.285 -0.7982681882 2
0 0.645 0.295 -0.8005525087 2
0 0.645 0.305 -0.8006490032 2
0 0.645 0.315 -0.7985574082 2
0 0.645 0.325 -0.7942834397 2
0 0.645 0.335 -0.787838778 2
0 0.645 0.345 -0.7792410357 2
0 0.645 0.355 -0.7685137096 2
0 0.645 0.365 -0.7556861162 2
0 0.645 0.375 -0.7407933121 2
0 0.645 0.385 -0.7238759977 2
0 0.645 0.395 -0.7049804063 2
0 0.645 0.405 0 2
0 0.645 0.415 0 2
0 0.645 0.425 0 2
0 0.645 0.435 0 2
0 0.645 0.445 0 2
0 0.645 0.455 0 2
0 0.645 0.465 0 2
0 0.655 -0.455 0 2
0 0.655 -0.445 0 2
0 0.655 -0.435 0 2
0 0.655 -0.425 0 2
0 0.655 -0.415 0 2
0 0.655 -0.405 0 2
0 0.655 -0.395 0.7124973312 2
0 0.655 -0.385 0.7315943988 2
0 0.655 -0.375 0.7486920957 2
0 0.655 -0.365 0.7637436959 2
0 0.655 -0.355 0.7767080647 2
0 0.655 -0.345 0.7875497721 2
0 0.655 -0.335 0.7962391887 2
0 0.655 -0.325 0.8027525672 2
0 0.655 -0.315 0.8070721073 2
0 0.655 -0.305 0.8091860042 2
0 0.655 -0.295 0.8090884807 2
0 0.655 -0.285 0.8067798035 2
0 0.655 -0.275 0.8022662818 2
0 0.655 -0.265 0.7955602507 2
0 0.655 -0.255 0.786680037 2
0 0.655 -0.245 0.7756499094 2
0 0.655 -0.235 0.7625000121 2
0 0.655 -0.225 0.7472662825 2
0 0.655 -0.215 0.7299903526 2
0 0.655 -0.205 0.7107194357 2
0 0.655 -0.195 0.6895061973 2
0 0.655 -0.185 0.666408611 2
0 0.655 -0.175 0.6414897999 2
0 0.655 -0.165 0.6148178647 2
0 0.655 -0.155 0.5864656968 2
0 0.655 -0.145 0.5565107797 2
0 0.655 -0.135 0.5250349772 2
0 0.655 -0.125 0.4921243093 2
0 0.655 -0.115 0.4578687173 2
0 0.655 -0.105 0.4223618183 2
0 0.655 -0.095 0.3857006488 2
0 0.655 -0.085 0.3479853999 2
0 0.655 -0.075 0.3093191436 2
0 0.655 -0.065 0.2698075504 2
0 0.655 -0.055 0.2295586017 2
0 0.655 -0.045 0.1886822933 2
0 0.655 -0.035 0.1472903361 2
0 0.655 -0.025 0.1054958499 2
0 0.655 -0.015 0.06341305463 2
0 0.655 -0.005 0.02115695812 2
0 0.655 0.005 -0.02115695812 2
0 0.655 0.015 -0.06341305463 2
0 0.655 0.025 -0.1054958499 2
0 0.655 0.035 -0.1472903361 2
0 0.655 0.045 -0.1886822933 2
0 0.655 0.055 -0.2295586017 2
0 0.655 0.065 -0.2698075504 2
0 0.655 0.075 -0.3093191436 2
0 0.655 0.085 -0.3479853999 2
0 0.655 0.095 -0.3857006488 1
0 0.655 0.105 -0.4223618183 1
0 0.655 0.115 -0.4578687173 1
0 0.655 0.125 -0.4921243093 1
0 0.655 0.135 -0.5250349772 1
0 0.655 0.145 -0.5565107797 1
0 0.655 0.155 -0.5864656968 1
0 0.655 0.165 -0.6148178647 2
0 0.655 0.175 -0.6414897999 2
0 0.655 0.185 -0.666408611 2
0 0.655 0.195 -0.6895061973 2
0 0.655 0.205 -0.7107194357 2
0 0.655 0.215 -0.7299903526 2
0 0.655 0.225 -0.7472662825 2
0 0.655 0.235 -0.7625000121 2
0 0.655 0.245 -0.7756499094 2
0 0.655 0.255 -0.786680037 2
0 0.655 0.265 -0.7955602507 2
0 0.655 0.275 -0.8022662818 2
0 0.655 0.285 -0.8067798035 2
0 0.655 0.295 -0.8090884807 2
0 0.655 0.305 -0.8091860042 2
0 0.655 0.315 -0.8070721073 2
0 0.655 0.325 -0.8027525672 2
0 0.655 0.335 -0.7962391887 2
0 0.655 0.345 -0.7875497721 2
0 0.655 0.355 -0.7767080647 2
0 0.655 0.365 -0.7637436959 2
0 0.655 0.375 -0.7486920957 2
0 0.655 0.385 -0.7315943988 2
0 0.655 0.395 -0.7124973312 2
0 0.655 0.405 0 2
0 0.655 0.415 0 2
0 0.655 0.425 0 2
0 0.655 0.435 0 2
0 0.655 0.445 0 2
0 0.655 0.455 0 2
0 0.655 0.465 0 2
0 0.665 -0.455 0 2
0 0.665 -0.445 0 2
0 0.665 -0.435 0 2
0 0.665 -0.425 0 2
0 0.665 -0.415 0 2
0 0.665 -0.405 0 2
0 0.665 -0.395 0.7198665287 2
0 0.665 -0.385 0.7391611129 2
0 0.665 -0.375 0.7564356474 2
0 0.665 -0.365 0.7716429228 2
0 0.665 -0.355 0.7847413792 2
0 0.665 -0.345 0.7956952199 2
0 0.665 -0.335 0.8044745091 2
0 0.665 -0.325 0.811055254 2
0 0.665 -0.315 0.8154194702 2
0 0.665 -0.305 0.8175552306 2
0 0.665 -0.295 0.8174566985 2
0 0.665 -0.285 0.8151241431 2
0 0.665 -0.275 0.8105639391 2
0 0.665 -0.265 0.803788549 2
0 0.665 -0.255 0.7948164893 2
0 0.665 -0.245 0.7836722796 2
0 0.665 -0.235 0.770386376 2
0 0.665 -0.225 0.7549950873 2
0 0.665 -0.215 0.7375404764 2
0 0.665 -0.205 0.7180702449 2
0 0.665 -0.195 0.6966376028 2
0 0.665 -0.185 0.6733011234 2
0 0.665 -0.175 0.6481245827 2
0 0.665 -0.165 0.6211767857 2
0 0.665 -0.155 0.5925313778 2
0 0.665 -0.145 0.5622666439 2
0 0.665 -0.135 0.5304652943 2
0 0.665 -0.125 0.4972142389 2
0 0.665 -0.115 0.4626043491 2
0 0.665 -0.105 0.4267302103 2
0 0.665 -0.095 0.3896898627 2
0 0.665 -0.085 0.3515845336 2
0 0.665 -0.075 0.312518361 2
0 0.665 -0.065 0.2725981084 2
0 0.665 -0.055 0.231932874 2
0 0.665 -0.045 0.1906337913 2
0 0.665 -0.035 0.1488137265 2
0 0.665 -0.025 0.1065869694 2
0 0.665 -0.015 0.0640689214 2
0 0.665 -0.005 0.02137577972 2
0 0.665 0.005 -0.02137577972 2
0 0.665 0.015 -0.0640689214 2
0 0.665 0.025 -0.1065869694 2
0 0.665 0.035 -0.1488137265 2
0 0.665 0.045 -0.1906337913 2
0 0.665 0.055 -0.231932874 2
0 0.665 0.065 -0.2725981084 2
0 0.665 0.075 -0.312518361 2
0 0.665 0.085 -0.3515845336 1
0 0.665 0.095 -0.3896898627 1
0 0.665 0.105 -0.4267302103 1
0 0.665 0.115 -0.4626043491 1
0 0.665 0.125 -0.4972142389 1
0 0.665 0.135 -0.5304652943 1
0 0.665 0.145 -0.5622666439 1
0 0.665 0.155 -0.5925313778 1
0 0.665 0.165 -0.6211767857 2
0 0.665 0.175 -0.6481245827 2
0 0.665 0.185 -0.6733011234 2
0 0.665 0.195 -0.6966376028 2
0 0.665 0.205 -0.7180702449 2
0 0.665 0.215 -0.7375404764 2
0 0.665 0.225 -0.7549950873 2
0 0.665 0.235 -0.770386376 2
0 0.665 0.245 -0.7836722796 2
0 0.665 0.255 -0.7948164893 2
0 0.665 0.265 -0.803788549 2
0 0.665 0.275 -0.8105639391 2
0 0.665 0.285 -0.8151241431 2
0 0.665 0.295 -0.8174566985 2
0 0.665 0.305 -0.8175552306 2
0 0.665 0.315 -0.8154194702 2
0 0.665 0.325 -0.811055254 2
0 0.665 0.335 -0.8044745091 2
0 0.665 0.345 -0.7956952199 2
0 0.665 0.355 -0.7847413792 2
0 0.665 0.365 -0.7716429228 2
0 0.665 0.375 -0.7564356474 2
0 0.665 0.385 -0.7391611129 2
0 0.665 0.395 -0.7198665287 2
0 0.665 0.405 0 2
0 0.665 0.415 0 2
0 0.665 0.425 0 2
0 0.665 0.435 0 2
0 0.665 0.445 0 2
0 0.665 0.455 0 2
0 0.665 0.465 0 2
0 0.675 -0.455 0 2
0 0.675 -0.445 0 2
0 0.675 -0.435 0 2
0 0.675 -0.425 0 2
0 0.675 -0.415 0 2
0 0.675 -0.405 0 2
0 0.675 -0.395 0.7270864709 2
0 0.675 -0.385 0.7465745712 2
0 0.675 -0.375 0.7640223617 2
0 0.675 -0.365 0.7793821593 2
0 0.675 -0.355 0.7926119874 2
0 0.675 -0.345 0.8036756903 2
0 0.675 -0.335 0.8125430319 2
0 0.675 -0.325 0.8191897788 2
0 0.675 -0.315 0.8235977661 2
0 0.675 -0.305 0.8257549472 2
0 0.675 -0.295 0.8256554269 2
0 0.675 -0.285 0.823299477 2
0 0.675 -0.275 0.8186935362 2
0 0.675 -0.265 0.8118501919 2
0 0.675 -0.255 0.8027881464 2
0 0.675 -0.245 0.7915321653 2
0 0.675 -0.235 0.7781130099 2
0 0.675 -0.225 0.7625673534 2
0 0.675 -0.215 0.7449376805 2
0 0.675 -0.205 0.7252721711 2
0 0.675 -0.195 0.7036245692 2
0 0.675 -0.185 0.6800540352 2
0 0.675 -0.175 0.654624985 2
0 0.675 -0.165 0.6274069135 2
0 0.675 -0.155 0.5984742049 2
0 0.675 -0.145 0.5679059291 2
0 0.675 -0.135 0.5357856261 2
0 0.675 -0.125 0.5022010773 2
0 0.675 -0.115 0.4672440657 2
0 0.675 -0.105 0.4310101252 2
0 0.675 -0.095 0.3935982793 2
0 0.675 -0.085 0.3551107707 2
0 0.675 -0.075 0.3156527816 2
0 0.675 -0.065 0.2753321467 2
0 0.675 -0.055 0.2342590579 2
0 0.675 -0.045 0.1925457637 2
0 0.675 -0.035 0.1503062622 2
0 0.675 -0.025 0.1076559895 2
0 0.675 -0.015 0.06471150428 2
0 0.675 -0.005 0.02159016932 2
0 0.675 0.005 -0.02159016932 2
0 0.675 0.015 -0.06471150428 2
0 0.675 0.025 -0.1076559895 2
0 0.675 0.035 -0.1503062622 2
0 0.675 0.045 -0.1925457637 2
0 0.675 0.055 -0.2342590579 2
0 0.675 0.065 -0.2753321467 2
0 0.675 0.075 -0.3156527816 2
0 0.675 0.085 -0.3551107707 1
0 0.675 0.095 -0.3935982793 1
0 0.675 0.105 -0.4310101252 1
0 0.675 0.115 -0.4672440657 1
0 0.675 0.125 -0.5022010773 1
0 0.675 0.135 -0.5357856261 1
0 0.675 0.145 -0.5679059291 1
0 0.675 0.155 -0.5984742049 1
0 0.675 0.165 -0.6274069135 2
0 0.675 0.175 -0.654624985 2
0 0.675 0.185 -0.6800540352 2
0 0.675 0.195 -0.7036245692 2
0 0.675 0.205 -0.7252721711 2
0 0.675 0.215 -0.7449376805 2
0 0.675 0.225 -0.7625673534 2
0 0.675 0.235 -0.7781130099 2
0 0.675 0.245 -0.7915321653 2
0 0.675 0.255 -0.8027881464 2
0 0.675 0.265 -0.8118501919 2
0 0.675 0.275 -0.8186935362 2
0 0.675 0.285 -0.823299477 2
0 0.675 0.295 -0.8256554269 2
0 0.675 0.305 -0.8257549472 2
0 0.675 0.315 -0.8235977661 2
0 0.675 0.325 -0.8191897788 2
0 0.675 0.335 -0.8125430319 2
0 0.675 0.345 -0.8036756903 2
0 0.675 0.355 -0.7926119874 2
0 0.675 0.365 -0.7793821593 2
0 0.675 0.375 -0.7640223617 2
0 0.675 0.385 -0.7465745712 2
0 0.675 0.395 -0.7270864709 2
0 0.675 0.405 0 2
0 0.675 0.415 0 2
0 0.675 0.425 0 2
0 0.675 0.435 0 2
0 0.675 0.445 0 2
0 0.675 0.455 0 2
0 0.675 0.465 0 2
0 0.685 -0.455 0 2
0 0.685 -0.445 0 2
0 0.685 -0.435 0 2
0 0.685 -0.425 0 2
0 0.685 -0.415 0 2
0 0.685 -0.405 0 2
0 0.685 -0.395 0.7341556609 2
0 0.685 -0.385 0.7538332367 2
0 0.685 -0.375 0.7714506655 2
0 0.685 -0.365 0.7869598007 2
0 0.685 -0.355 0.8003182575 2
0 0.685 -0.345 0.8114895286 2
0 0.685 -0.335 0.820443084 2
0 0.685 -0.325 0.8271544548 2
0 0.685 -0.315 0.8316052993 2
0 0.685 -0.305 0.8337834539 2
0 0.685 -0.295 0.8336829659 2
0 0.685 -0.285 0.83130411 2
0 0.685 -0.275 0.8266533874 2
0 0.685 -0.265 0.8197435079 2
0 0.685 -0.255 0.8105933555 2
0 0.685 -0.245 0.7992279366 2
0 0.685 -0.235 0.7856783118 2
0 0.685 -0.225 0.7699815107 2
0 0.685 -0.215 0.7521804311 2
0 0.685 -0.205 0.7323237213 2
0 0.685 -0.195 0.7104656478 2
0 0.685 -0.185 0.6866659464 2
0 0.685 -0.175 0.660989659 2
0 0.685 -0.165 0.6335069564 2
0 0.685 -0.155 0.6042929459 2
0 0.685 -0.145 0.5734274662 2
0 0.685 -0.135 0.5409948695 2
0 0.685 -0.125 0.5070837907 2
0 0.685 -0.115 0.4717869051 2
0 0.685 -0.105 0.4352006755 2
0 0.685 -0.095 0.3974250882 2
0 0.685 -0.085 0.3585633799 2
0 0.685 -0.075 0.3187217556 2
0 0.685 -0.065 0.2780090982 2
0 0.685 -0.055 0.2365366711 2
0 0.685 -0.045 0.1944178142 2
0 0.685 -0.035 0.1517676338 2
0 0.685 -0.025 0.1087026885 2
0 0.685 -0.015 0.06534067005 2
0 0.685 -0.005 0.02180008246 2
0 0.685 0.005 -0.02180008246 2
0 0.685 0.015 -0.06534067005 2
0 0.685 0.025 -0.1087026885 2
0 0.685 0.035 -0.1517676338 2
0 0.685 0.045 -0.1944178142 2
0 0.685 0.055 -0.2365366711 2
0 0.685 0.065 -0.2780090982 2
0 0.685 0.075 -0.3187217556 1
0 0.685 0.085 -0.3585633799 1
0 0.685 0.095 -0.3974250882 1
0 0.685 0.105 -0.4352006755 1
0 0.685 0.115 -0.4717869051 1
0 0.685 0.125 -0.5070837907 1
0 0.685 0.135 -0.5409948695 1
0 0.685 0.145 -0.5734274662 1
0 0.685 0.155 -0.6042929459 1
0 0.685 0.165 -0.6335069564 2
0 0.685 0.175 -0.660989659 2
0 0.685 0.185 -0.6866659464 2
0 0.685 0.195 -0.7104656478 2
0 0.685 0.205 -0.7323237213 2
0 0.685 0.215 -0.7521804311 2
0 0.685 0.225 -0.7699815107 2
0 0.685 0.235 -0.7856783118 2
0 0.685 0.245 -0.7992279366 2
0 0.685 0.255 -0.8105933555 2
0 0.685 0.265 -0.8197435079 2
0 0.685 0.275 -0.8266533874 2
0 0.685 0.285 -0.83130411 2
0 0.685 0.295 -0.8336829659 2
0 0.685 0.305 -0.8337834539 2
0 0.685 0.315 -0.8316052993 2
0 0.685 0.325 -0.8271544548 2
0 0.685 0.335 -0.820443084 2
0 0.685 0.345 -0.8114895286 2
0 0.685 0.355 -0.8003182575 2
0 0.685 0.365 -0.7869598007 2
0 0.685 0.375 -0.7714506655 2
0 0.685 0.385 -0.7538332367 2
0 0.685 0.395 -0.7341556609 2
0 0.685 0.405 0 2
0 0.685 0.415 0 2
0 0.685 0.425 0 2
0 0.685 0.435 0 2
0 0.685 0.445 0 2
0 0.685 0.455 0 2
0 0.685 0.465 0 2
0 0.695 -0.455 0 2
0 0.695 -0.445 0 2
0 0.695 -0.435 0 2
0 0.695 -0.425 0 2
0 0.695 -0.415 0 2
0 0.695 -0.405 0 2
0 0.695 -0.395 0.7410726329 2
0 0.695 -0.385 0.7609356043 2
0 0.695 -0.375 0.7787190188 2
0 0.695 -0.365 0.7943742759 2
0 0.695 -0.355 0.8078585916 2
0 0.695 -0.345 0.8191351147 2
0 0.695 -0.335 0.8281730276 2
0 0.695 -0.325 0.8349476307 2
0 0.695 -0.315 0.8394404096 2
0 0.695 -0.305 0.841639086 2
0 0.695 -0.295 0.8415376513 2
0 0.695 -0.285 0.8391363826 2
0 0.695 -0.275 0.8344418424 2
0 0.695 -0.265 0.8274668603 2
0 0.695 -0.255 0.8182304982 2
0 0.695 -0.245 0.8067579981 2
0 0.695 -0.235 0.7930807132 2
0 0.695 -0.225 0.777236022 2
0 0.695 -0.215 0.7592672265 2
0 0.695 -0.205 0.7392234334 2
0 0.695 -0.195 0.7171594204 2
0 0.695 -0.185 0.693135486 2
0 0.695 -0.175 0.6672172852 2
0 0.695 -0.165 0.6394756496 2
0 0.695 -0.155 0.6099863943 2
0 0.695 -0.145 0.5788301103 2
0 0.695 -0.135 0.5460919443 2
0 0.695 -0.125 0.5118613665 2
0 0.695 -0.115 0.4762319254 2
0 0.695 -0.105 0.4393009925 2
0 0.695 -0.095 0.4011694961 2
0 0.695 -0.085 0.3619416456 2
0 0.695 -0.075 0.3217246466 2
0 0.695 -0.065 0.280628408 2
0 0.695 -0.055 0.2387652415 2
0 0.695 -0.045 0.1962495546 2
0 0.695 -0.035 0.1531975383 2
0 0.695 -0.025 0.1097268493 2
0 0.695 -0.015 0.06595628825 2
0 0.695 -0.005 0.02200547563 2
0 0.695 0.005 -0.02200547563 2
0 0.695 0.015 -0.06595628825 2
0 0.695 0.025 -0.1097268493 2
0 0.695 0.035 -0.1531975383 2
0 0.695 0.045 -0.1962495546 2
0 0.695 0.055 -0.2387652415 2
0 0.695 0.065 -0.280628408 2
0 0.695 0.075 -0.3217246466 1
0 0.695 0.085 -0.3619416456 1
0 0.695 0.095 -0.4011694961 1
0 0.695 0.105 -0.4393009925 1
0 0.695 0.115 -0.4762319254 1
0 0.695 0.125 -0.5118613665 1
0 0.695 0.135 -0.5460919443 1
0 0.695 0.145 -0.5788301103 1
0 0.695 0.155 -0.6099863943 2
0 0.695 0.165 -0.6394756496 2
0 0.695 0.175 -0.6672172852 2
0 0.695 0.185 -0.693135486 2
0 0.695 0.195 -0.7171594204 2
0 0.695 0.205 -0.7392234334 2
0 0.695 0.215 -0.7592672265 2
0 0.695 0.225 -0.777236022 2
0 0.695 0.235 -0.7930807132 2
0 0.695 0.245 -0.8067579981 2
0 0.695 0.255 -0.8182304982 2
0 0.695 0.265 -0.8274668603 2
0 0.695 0.275 -0.8344418424 2
0 0.695 0.285 -0.8391363826 2
0 0.695 0.295 -0.8415376513 2
0 0.695 0.305 -0.841639086 2
0 0.695 0.315 -0.8394404096 2
0 0.695 0.325 -0.8349476307 2
0 0.695 0.335 -0.8281730276 2
0 0.695 0.345 -0.8191351147 2
0 0.695 0.355 -0.8078585916 2
0 0.695 0.365 -0.7943742759 2
0 0.695 0.375 -0.7787190188 2
0 0.695 0.385 -0.7609356043 2
0 0.695 0.395 -0.7410726329 2
0 0.695 0.405 0 2
0 0.695 0.415 0 2
0 0.695 0.425 0 2
0 0.695 0.435 0 2
0 0.695 0.445 0 2
0 0.695 0.455 0 2
0 0.695 0.465 0 2
0 0.705 -0.455 0 2
0 0.705 -0.445 0 2
0 0.705 -0.435 0 2
0 0.705 -0.425 0 2
0 0.705 -0.415 0 2
0 0.705 -0.405 0 2
0 0.705 -0.395 0.7478359528 2
0 0.705 -0.385 0.7678802015 2
0 0.705 -0.375 0.7858259144 2
0 0.705 -0.365 0.8016240475 2
0 0.705 -0.355 0.8152314264 2
0 0.705 -0.345 0.8266108635 2
0 0.705 -0.335 0.8357312599 2
0 0.705 -0.325 0.8425676907 2
0 0.705 -0.315 0.8471014724 2
0 0.705 -0.305 0.8493202149 2
0 0.705 -0.295 0.8492178544 2
0 0.705 -0.285 0.8467946708 2
0 0.705 -0.275 0.8420572864 2
0 0.705 -0.265 0.8350186478 2
0 0.705 -0.255 0.8256979911 2
0 0.705 -0.245 0.8141207884 2
0 0.705 -0.235 0.8003186793 2
0 0.705 -0.225 0.7843293832 2
0 0.705 -0.215 0.7661965974 2
0 0.705 -0.205 0.7459698768 2
0 0.705 -0.195 0.7237044989 2
0 0.705 -0.185 0.6994613127 2
0 0.705 -0.175 0.6733065722 2
0 0.705 -0.165 0.6453117555 2
0 0.705 -0.155 0.6155533697 2
0 0.705 -0.145 0.5841127412 2
0 0.705 -0.135 0.5510757939 2
0 0.705 -0.125 0.5165328144 2
0 0.705 -0.115 0.480578205 2
0 0.705 -0.105 0.4433102259 2
0 0.705 -0.095 0.4048307265 2
0 0.705 -0.085 0.3652448672 2
0 0.705 -0.075 0.3246608321 2
0 0.705 -0.065 0.2831895331 2
0 0.705 -0.055 0.2409443068 2
0 0.705 -0.045 0.1980406051 2
0 0.705 -0.035 0.1545956792 2
0 0.705 -0.025 0.1107282596 2
0 0.705 -0.015 0.06655823124 2
0 0.705 -0.005 0.02220630625 2
0 0.705 0.005 -0.02220630625 2
0 0.705 0.015 -0.06655823124 2
0 0.705 0.025 -0.1107282596 2
0 0.705 0.035 -0.1545956792 2
0 0.705 0.045 -0.1980406051 2
0 0.705 0.055 -0.2409443068 2
0 0.705 0.065 -0.2831895331 2
0 0.705 0.075 -0.3246608321 1
0 0.705 0.085 -0.3652448672 1
0 0.705 0.095 -0.4048307265 1
0 0.705 0.105 -0.4433102259 1
0 0.705 0.115 -0.480578205 1
0 0.705 0.125 -0.5165328144 1
0 0.705 0.135 -0.5510757939 1
0 0.705 0.145 -0.5841127412 1
0 0.705 0.155 -0.6155533697 2
0 0.705 0.165 -0.6453117555 2
0 0.705 0.175 -0.6733065722 2
0 0.705 0.185 -0.6994613127 2
0 0.705 0.195 -0.7237044989 2
0 0.705 0.205 -0.7459698768 2
0 0.705 0.215 -0.7661965974 2
0 0.705 0.225 -0.7843293832 2
0 0.705 0.235 -0.8003186793 2
0 0.705 0.245 -0.8141207884 2
0 0.705 0.255 -0.8256979911 2
0 0.705 0.265 -0.8350186478 2
0 0.705 0.275 -0.8420572864 2
0 0.705 0.285 -0.8467946708 2
0 0.705 0.295 -0.8492178544 2
0 0.705 0.305 -0.8493202149 2
0 0.705 0.315 -0.8471014724 2
0 0.705 0.325 -0.8425676907 2
0 0.705 0.335 -0.8357312599 2
0 0.705 0.345 -0.8266108635 2
0 0.705 0.355 -0.8152314264 2
0 0.705 0.365 -0.8016240475 2
0 0.705 0.375 -0.7858259144 2
0 0.705 0.385 -0.7678802015 2
0 0.705 0.395 -0.7478359528 2
0 0.705 0.405 0 2
0 0.705 0.415 0 2
0 0.705 0.425 0 2
0 0.705 0.435 0 2
0 0.705 0.445 0 2
0 0.705 0.455 0 2
0 0.705 0.465 0 2
0 0.715 -0.455 0 2
0 0.715 -0.445 0 2
0 0.715 -0.435 0 2
0 0.715 -0.425 0 2
0 0.715 -0.415 0 2
0 0.715 -0.405 0 2
0 0.715 -0.395 0.7544442183 2
0 0.715 -0.385 0.7746655884 2
0 0.715 -0.375 0.7927698788 2
0 0.715 -0.365 0.8087076125 2
0 0.715 -0.355 0.8224352332 2
0 0.715 -0.345 0.8339152249 2
0 0.715 -0.335 0.8431162139 2
0 0.715 -0.325 0.8500130548 2
0 0.715 -0.315 0.8545868994 2
0 0.715 -0.305 0.8568252479 2
0 0.715 -0.295 0.8567219829 2
0 0.715 -0.285 0.8542773868 2
0 0.715 -0.275 0.8494981403 2
0 0.715 -0.265 0.8423973047 2
0 0.715 -0.255 0.8329942858 2
0 0.715 -0.245 0.8213147811 2
0 0.715 -0.235 0.8073907093 2
0 0.715 -0.225 0.7912601236 2
0 0.715 -0.215 0.7729671071 2
0 0.715 -0.205 0.7525616527 2
0 0.715 -0.195 0.7300995264 2
0 0.715 -0.185 0.7056421148 2
0 0.715 -0.175 0.6792562575 2
0 0.715 -0.165 0.6510140642 2
0 0.715 -0.155 0.6209927178 2
0 0.715 -0.145 0.5892742636 2
0 0.715 -0.135 0.5559453848 2
0 0.715 -0.125 0.5210971657 2
0 0.715 -0.115 0.4848248427 2
0 0.715 -0.105 0.4472275444 2
0 0.715 -0.095 0.4084080203 2
0 0.715 -0.085 0.3684723599 2
0 0.715 -0.075 0.3275297033 2
0 0.715 -0.065 0.2856919424 2
0 0.715 -0.055 0.2430734154 2
0 0.715 -0.045 0.1997905944 2
0 0.715 -0.035 0.1559617666 2
0 0.715 -0.025 0.1117067118 2
0 0.715 -0.015 0.06714637422 2
0 0.715 -0.005 0.02240253266 2
0 0.715 0.005 -0.02240253266 2
0 0.715 0.015 -0.06714637422 2
0 0.715 0.025 -0.1117067118 2
0 0.715 0.035 -0.1559617666 2
0 0.715 0.045 -0.1997905944 2
0 0.715 0.055 -0.2430734154 2
0 0.715 0.065 -0.2856919424 2
0 0.715 0.075 -0.3275297033 1
0 0.715 0.085 -0.3684723599 1
0 0.715 0.095 -0.4084080203 1
0 0.715 0.105 -0.4472275444 1
0 0.715 0.115 -0.4848248427 1
0 0.715 0.125 -0.5210971657 1
0 0.715 0.135 -0.5559453848 1
0 0.715 0.145 -0.5892742636 2
0 0.715 0.155 -0.6209927178 2
0 0.715 0.165 -0.6510140642 2
0 0.715 0.175 -0.6792562575 2
0 0.715 0.185 -0.7056421148 2
0 0.715 0.195 -0.7300995264 2
0 0.715 0.205 -0.7525616527 2
0 0.715 0.215 -0.7729671071 2
0 0.715 0.225 -0.7912601236 2
0 0.715 0.235 -0.8073907093 2
0 0.715 0.245 -0.8213147811 2
0 0.715 0.255 -0.8329942858 2
0 0.715 0.265 -0.8423973047 2
0 0.715 0.275 -0.8494981403 2
0 0.715 0.285 -0.8542773868 2
0 0.715 0.295 -0.8567219829 2
0 0.715 0.305 -0.8568252479 2
0 0.715 0.315 -0.8545868994 2
0 0.715 0.325 -0.8500130548 2
0 0.715 0.335 -0.8431162139 2
0 0.715 0.345 -0.8339152249 2
0 0.715 0.355 -0.8224352332 2
0 0.715 0.365 -0.8087076125 2
0 0.715 0.375 -0.7927698788 2
0 0.715 0.385 -0.7746655884 2
0 0.715 0.395 -0.7544442183 2
0 0.715 0.405 0 2
0 0.715 0.415 0 2
0 0.715 0.425 0 2
0 0.715 0.435 0 2
0 0.715 0.445 0 2
0 0.715 0.455 0 2
0 0.715 0.465 0 2
0 0.725 -0.455 0 2
0 0.725 -0.445 0 2
0 0.725 -0.435 0 2
0 0.725 -0.425 0 2
0 0.725 -0.415 0 2
0 0.725 -0.405 0 2
0 0.725 -0.395 0.7608960593 2
0 0.725 -0.385 0.7812903581 2
0 0.725 -0.375 0.7995494724 2
0 0.725 -0.365 0.8156235021 2
0 0.725 -0.355 0.8294685184 2
0 0.725 -0.345 0.8410466844 2
0 0.725 -0.335 0.8503263582 2
0 0.725 -0.325 0.8572821795 2
0 0.725 -0.315 0.8618951386 2
0 0.725 -0.305 0.8641526289 2
0 0.725 -0.295 0.8640484808 2
0 0.725 -0.285 0.861582979 2
0 0.725 -0.275 0.8567628615 2
0 0.725 -0.265 0.8496013012 2
0 0.725 -0.255 0.8401178697 2
0 0.725 -0.245 0.8283384844 2
0 0.725 -0.235 0.814295337 2
0 0.725 -0.225 0.7980268061 2
0 0.725 -0.215 0.7795773517 2
0 0.725 -0.205 0.7589973944 2
0 0.725 -0.195 0.7363431769 2
0 0.725 -0.185 0.7116766109 2
0 0.725 -0.175 0.6850651076 2
0 0.725 -0.165 0.6565813932 2
0 0.725 -0.155 0.6263033109 2
0 0.725 -0.145 0.5943136075 2
0 0.725 -0.135 0.5606997074 2
0 0.725 -0.125 0.525553474 2
0 0.725 -0.115 0.4889709581 2
0 0.725 -0.105 0.451052136 2
0 0.725 -0.095 0.4119006358 2
0 0.725 -0.085 0.3716234544 2
0 0.725 -0.075 0.3303306652 2
0 0.725 -0.065 0.288135117 2
0 0.725 -0.055 0.2451521258 2
0 0.725 -0.045 0.2014991596 2
0 0.725 -0.035 0.1572955174 2
0 0.725 -0.025 0.112662003 2
0 0.725 -0.015 0.06772059524 2
0 0.725 -0.005 0.02259411419 2
0 0.725 0.005 -0.02259411419 2
0 0.725 0.015 -0.06772059524 2
0 0.725 0.025 -0.112662003 2
0 0.725 0.035 -0.1572955174 2
0 0.725 0.045 -0.2014991596 2
0 0.725 0.055 -0.2451521258 2
0 0.725 0.065 -0.288135117 2
0 0.725 0.075 -0.3303306652 1
0 0.725 0.085 -0.3716234544 1
0 0.725 0.095 -0.4119006358 1
0 0.725 0.105 -0.451052136 1
0 0.725 0.115 -0.4889709581 1
0 0.725 0.125 -0.525553474 1
0 0.725 0.135 -0.5606997074 2
0 0.725 0.145 -0.5943136075 2
0 0.725 0.155 -0.6263033109 2
0 0.725 0.165 -0.6565813932 2
0 0.725 0.175 -0.6850651076 2
0 0.725 0.185 -0.7116766109 2
0 0.725 0.195 -0.7363431769 2
0 0.725 0.205 -0.7589973944 2
0 0.725 0.215 -0.7795773517 2
0 0.725 0.225 -0.7980268061 2
0 0.725 0.235 -0.814295337 2
0 0.725 0.245 -0.8283384844 2
0 0.725 0.255 -0.8401178697 2
0 0.725 0.265 -0.8496013012 2
0 0.725 0.275 -0.8567628615 2
0 0.725 0.285 -0.861582979 2
0 0.725 0.295 -0.8640484808 2
0 0.725 0.305 -0.8641526289 2
0 0.725 0.315 -0.8618951386 2
0 0.725 0.325 -0.8572821795 2
0 0.725 0.335 -0.8503263582 2
0 0.725 0.345 -0.8410466844 2
0 0.725 0.355 -0.8294685184 2
0 0.725 0.365 -0.8156235021 2
0 0.725 0.375 -0.7995494724 2
0 0.725 0.385 -0.7812903581 2
0 0.725 0.395 -0.7608960593 2
0 0.725 0.405 0 2
0 0.725 0.415 0 2
0 0.725 0.425 0 2
0 0.725 0.435 0 2
0 0.725 0.445 0 2
0 0.725 0.455 0 2
0 0.725 0.465 0 2
0 0.735 -0.455 0 2
0 0.735 -0.445 0 2
0 0.735 -0.435 0 2
0 0.735 -0.425 0 2
0 0.735 -0.415 0 2
0 0.735 -0.405 0 2
0 0.735 -0.395 0.767190138 2
0 0.735 -0.385 0.787753137 2
0 0.735 -0.375 0.8061632895 2
0 0.735 -0.365 0.8223702824 2
0 0.735 -0.355 0.8363298237 2
0 0.735 -0.345 0.8480037635 2
0 0.735 -0.335 0.8573601981 2
0 0.735 -0.325 0.8643735574 2
0 0.735 -0.315 0.8690246746 2
0 0.735 -0.305 0.8713008387 2
0 0.735 -0.295 0.8711958291 2
0 0.735 -0.285 0.8687099329 2
0 0.735 -0.275 0.8638499437 2
0 0.735 -0.265 0.8566291434 2
0 0.735 -0.255 0.8470672657 2
0 0.735 -0.245 0.8351904421 2
0 0.735 -0.235 0.8210311308 2
0 0.735 -0.225 0.8046280277 2
0 0.735 -0.215 0.7860259608 2
0 0.735 -0.205 0.7652757675 2
0 0.735 -0.195 0.7424341559 2
0 0.735 -0.185 0.7175635498 2
0 0.735 -0.175 0.690731918 2
0 0.735 -0.165 0.6620125884 2
0 0.735 -0.155 0.6314840479 2
0 0.735 -0.145 0.5992297279 2
0 0.735 -0.135 0.565337776 2
0 0.735 -0.125 0.5299008154 2
0 0.735 -0.115 0.4930156915 2
0 0.735 -0.105 0.4547832076 2
0 0.735 -0.095 0.4153078489 2
0 0.735 -0.085 0.3746974975 2
0 0.735 -0.075 0.3330631373 2
0 0.735 -0.065 0.2905185505 2
0 0.735 -0.055 0.247180007 2
0 0.735 -0.045 0.2031659465 2
0 0.735 -0.035 0.1585966548 2
0 0.735 -0.025 0.1135939352 2
0 0.735 -0.015 0.06828077524 2
0 0.735 -0.005 0.02278101112 2
0 0.735 0.005 -0.02278101112 2
0 0.735 0.015 -0.06828077524 2
0 0.735 0.025 -0.1135939352 2
0 0.735 0.035 -0.1585966548 2
0 0.735 0.045 -0.2031659465 2
0 0.735 0.055 -0.247180007 2
0 0.735 0.065 -0.2905185505 2
0 0.735 0.075 -0.3330631373 2
0 0.735 0.085 -0.3746974975 1
0 0.735 0.095 -0.4153078489 1
0 0.735 0.105 -0.4547832076 1
0 0.735 0.115 -0.4930156915 2
0 0.735 0.125 -0.5299008154 2
0 0.735 0.135 -0.565337776 2
0 0.735 0.145 -0.5992297279 2
0 0.735 0.155 -0.6314840479 2
0 0.735 0.165 -0.6620125884 2
0 0.735 0.175 -0.690731918 2
0 0.735 0.185 -0.7175635498 2
0 0.735 0.195 -0.7424341559 2
0 0.735 0.205 -0.7652757675 2
0 0.735 0.215 -0.7860259608 2
0 0.735 0.225 -0.8046280277 2
0 0.735 0.235 -0.8210311308 2
0 0.735 0.245 -0.8351904421 2
0 0.735 0.255 -0.8470672657 2
0 0.735 0.265 -0.8566291434 2
0 0.735 0.275 -0.8638499437 2
0 0.735 0.285 -0.8687099329 2
0 0.735 0.295 -0.8711958291 2
0 0.735 0.305 -0.8713008387 2
0 0.735 0.315 -0.8690246746 2
0 0.735 0.325 -0.8643735574 2
0 0.735 0.335 -0.8573601981 2
0 0.735 0.345 -0.8480037635 2
0 0.735 0.355 -0.8363298237 2
0 0.735 0.365 -0.8223702824 2
0 0.735 0.375 -0.8061632895 2
0 0.735 0.385 -0.787753137 2
0 0.735 0.395 -0.767190138 2
0 0.735 0.405 0 2
0 0.735 0.415 0 2
0 0.735 0.425 0 2
0 0.735 0.435 0 2
0 0.735 0.445 0 2
0 0.735 0.455 0 2
0 0.735 0.465 0 2
0 0.745 -0.455 0 2
0 0.745 -0.445 0 2
0 0.745 -0.435 0 2
0 0.745 -0.425 0 2
0 0.745 -0.415 0 2
0 0.745 -0.405 0 2
0 0.745 -0.395 0.7733251495 2
0 0.745 -0.385 0.7940525852 2
0 0.745 -0.375 0.8126099587 2
0 0.745 -0.365 0.8289465545 2
0 0.745 -0.355 0.8430177265 2
0 0.745 -0.345 0.8547850196 2
0 0.745 -0.335 0.8642162751 2
0 0.745 -0.325 0.8712857183 2
0 0.745 -0.315 0.8759740293 2
0 0.745 -0.305 0.8782683952 2
0 0.745 -0.295 0.8781625459 2
0 0.745 -0.285 0.8756567707 2
0 0.745 -0.275 0.8707579175 2
0 0.745 -0.265 0.8634793744 2
0 0.745 -0.255 0.8538410329 2
0 0.745 -0.245 0.8418692336 2
0 0.745 -0.235 0.8275966941 2
0 0.745 -0.225 0.8110624199 2
0 0.745 -0.215 0.7923115972 2
0 0.745 -0.205 0.7713954703 2
0 0.745 -0.195 0.7483712005 2
0 0.745 -0.185 0.723301711 2
0 0.745 -0.175 0.6962555138 2
0 0.745 -0.165 0.6673065235 2
0 0.745 -0.155 0.6365338546 2
0 0.745 -0.145 0.6040216055 2
0 0.745 -0.135 0.5698586289 2
0 0.745 -0.125 0.5341382885 2
0 0.745 -0.115 0.4969582043 2
0 0.745 -0.105 0.4584199856 2
0 0.745 -0.095 0.4186289532 2
0 0.745 -0.085 0.3776938518 2
0 0.745 -0.075 0.3357265529 2
0 0.745 -0.065 0.2928417485 2
0 0.745 -0.055 0.2491566384 2
0 0.745 -0.045 0.2047906095 2
0 0.745 -0.035 0.1598649093 2
0 0.745 -0.025 0.1145023151 2
0 0.745 -0.015 0.06882679808 2
0 0.745 -0.005 0.02296318468 2
0 0.745 0.005 -0.02296318468 2
0 0.745 0.015 -0.06882679808 2
0 0.745 0.025 -0.1145023151 2
0 0.745 0.035 -0.1598649093 2
0 0.745 0.045 -0.2047906095 2
0 0.745 0.055 -0.2491566384 2
0 0.745 0.065 -0.2928417485 2
0 0.745 0.075 -0.3357265529 2
0 0.745 0.085 -0.3776938518 2
0 0.745 0.095 -0.4186289532 2
0 0.745 0.105 -0.4584199856 2
0 0.745 0.115 -0.4969582043 2
0 0.745 0.125 -0.5341382885 2
0 0.745 0.135 -0.5698586289 2
0 0.745 0.145 -0.6040216055 2
0 0.745 0.155 -0.6365338546 2
0 0.745 0.165 -0.6673065235 2
0 0.745 0.175 -0.6962555138 2
0 0.745 0.185 -0.723301711 2
0 0.745 0.195 -0.7483712005 2
0 0.745 0.205 -0.7713954703 2
0 0.745 0.215 -0.7923115972 2
0 0.745 0.225 -0.8110624199 2
0 0.745 0.235 -0.8275966941 2
0 0.745 0.245 -0.8418692336 2
0 0.745 0.255 -0.8538410329 2
0 0.745 0.265 -0.8634793744 2
0 0.745 0.275 -0.8707579175 2
0 0.745 0.285 -0.8756567707 2
0 0.745 0.295 -0.8781625459 2
0 0.745 0.305 -0.8782683952 2
0 0.745 0.315 -0.8759740293 2
0 0.745 0.325 -0.8712857183 2
0 0.745 0.335 -0.8642162751 2
0 0.745 0.345 -0.8547850196 2
0 0.745 0.355 -0.8430177265 2
0 0.745 0.365 -0.8289465545 2
0 0.745 0.375 -0.8126099587 2
0 0.745 0.385 -0.7940525852 2
0 0.745 0.395 -0.7733251495 2
0 0.745 0.405 0 2
0 0.745 0.415 0 2
0 0.745 0.425 0 2
0 0.745 0.435 0 2
0 0.745 0.445 0 2
0 0.745 0.455 0 2
0 0.745 0.465 0 2
0 0.755 -0.455 0 2
0 0.755 -0.445 0 2
0 0.755 -0.435 0 2
0 0.755 -0.425 0 2
0 0.755 -0.415 0 2
0 0.755 -0.405 0 2
0 0.755 -0.395 0.7792998217 2
0 0.755 -0.385 0.8001873966 2
0 0.755 -0.375 0.8188881434 2
0 0.755 -0.365 0.835350955 2
0 0.755 -0.355 0.8495308401 2
0 0.755 -0.345 0.8613890468 2
0 0.755 -0.335 0.8708931677 2
0 0.755 -0.325 0.8780172291 2
0 0.755 -0.315 0.8827417617 2
0 0.755 -0.305 0.8850538538 2
0 0.755 -0.295 0.8849471867 2
0 0.755 -0.285 0.882422052 2
0 0.755 -0.275 0.8774853505 2
0 0.755 -0.265 0.8701505737 2
0 0.755 -0.255 0.8604377669 2
0 0.755 -0.245 0.848373474 2
0 0.755 -0.235 0.8339906656 2
0 0.755 -0.225 0.8173286484 2
0 0.755 -0.215 0.7984329578 2
0 0.755 -0.205 0.7773552339 1
0 0.755 -0.195 0.7541530798 1
0 0.755 -0.185 0.7288899046 1
0 0.755 -0.175 0.7016347498 1
0 0.755 -0.165 0.672462101 2
0 0.755 -0.155 0.641451684 2
0 0.755 -0.145 0.6086882469 2
0 0.755 -0.135 0.5742613287 2
0 0.755 -0.125 0.5382650148 2
0 0.755 -0.115 0.5007976791 2
0 0.755 -0.105 0.4619617159 2
0 0.755 -0.095 0.4218632599 2
0 0.755 -0.085 0.380611896 2
0 0.755 -0.075 0.3383203598 2
0 0.755 -0.065 0.2951042295 2
0 0.755 -0.055 0.2510816104 2
0 0.755 -0.045 0.2063728117 2
0 0.755 -0.035 0.1611000177 2
0 0.755 -0.025 0.1153869544 2
0 0.755 -0.015 0.06935855055 2
0 0.755 -0.005 0.02314059712 2
0 0.755 0.005 -0.02314059712 2
0 0.755 0.015 -0.06935855055 2
0 0.755 0.025 -0.1153869544 2
0 0.755 0.035 -0.1611000177 2
0 0.755 0.045 -0.2063728117 2
0 0.755 0.055 -0.2510816104 2
0 0.755 0.065 -0.2951042295 2
0 0.755 0.075 -0.3383203598 2
0 0.755 0.085 -0.380611896 2
0 0.755 0.095 -0.4218632599 2
0 0.755 0.105 -0.4619617159 2
0 0.755 0.115 -0.5007976791 2
0 0.755 0.125 -0.5382650148 2
0 0.755 0.135 -0.5742613287 2
0 0.755 0.145 -0.6086882469 2
0 0.755 0.155 -0.641451684 2
0 0.755 0.165 -0.672462101 2
0 0.755 0.175 -0.7016347498 2
0 0.755 0.185 -0.7288899046 2
0 0.755 0.195 -0.7541530798 2
0 0.755 0.205 -0.7773552339 2
0 0.755 0.215 -0.7984329578 2
0 0.755 0.225 -0.8173286484 2
0 0.755 0.235 -0.8339906656 2
0 0.755 0.245 -0.848373474 2
0 0.755 0.255 -0.8604377669 2
0 0.755 0.265 -0.8701505737 2
0 0.755 0.275 -0.8774853505 2
0 0.755 0.285 -0.882422052 2
0 0.755 0.295 -0.8849471867 2
0 0.755 0.305 -0.8850538538 2
0 0.755 0.315 -0.8827417617 2
0 0.755 0.325 -0.8780172291 2
0 0.755 0.335 -0.8708931677 2
0 0.755 0.345 -0.8613890468 2
0 0.755 0.355 -0.8495308401 2
0 0.755 0.365 -0.835350955 2
0 0.755 0.375 -0.8188881434 2
0 0.755 0.385 -0.8001873966 2
0 0.755 0.395 -0.7792998217 2
0 0.755 0.405 0 2
0 0.755 0.415 0 2
0 0.755 0.425 0 2
0 0.755 0.435 0 2
0 0.755 0.445 0 2
0 0.755 0.455 0 2
0 0.755 0.465 0 2
0 0.765 -0.455 0 2
0 0.765 -0.445 0 2
0 0.765 -0.435 0 2
0 0.765 -0.425 0 2
0 0.765 -0.415 0 2
0 0.765 -0.405 0 2
0 0.765 -0.395 0.7851129159 2
0 0.765 -0.385 0.8061562992 2
0 0.765 -0.375 0.824996542 2
0 0.765 -0.365 0.8415821559 2
0 0.765 -0.355 0.8558678143 2
0 0.765 -0.345 0.8678144758 2
0 0.765 -0.335 0.8773894916 2
0 0.765 -0.325 0.8845666941 2
0 0.765 -0.315 0.8893264687 2
0 0.765 -0.305 0.8916558076 2
0 0.765 -0.295 0.8915483448 2
0 0.765 -0.285 0.8890043741 2
0 0.765 -0.275 0.8840308479 2
0 0.765 -0.265 0.8766413583 2
0 0.765 -0.255 0.8668560999 2
0 0.765 -0.245 0.8547018149 2
0 0.765 -0.235 0.8402117197 2
0 0.765 -0.225 0.8234254141 2
0 0.765 -0.215 0.8043887734 1
0 0.765 -0.205 0.7831538227 1
0 0.765 -0.195 0.7597785948 1
0 0.765 -0.185 0.734326972 1
0 0.765 -0.175 0.7068685106 1
0 0.765 -0.165 0.677478252 1
0 0.765 -0.155 0.6462365164 2
0 0.765 -0.145 0.6132286843 2
0 0.765 -0.135 0.5785449627 2
0 0.765 -0.125 0.5422801385 2
0 0.765 -0.115 0.5045333197 2
0 0.765 -0.105 0.4654076643 2
0 0.765 -0.095 0.4250100987 2
0 0.765 -0.085 0.3834510251 2
0 0.765 -0.075 0.3408440202 2
0 0.765 -0.065 0.2973055244 2
0 0.765 -0.055 0.2529545238 2
0 0.765 -0.045 0.2079122251 2
0 0.765 -0.035 0.1623017241 2
0 0.765 -0.025 0.1162476696 2
0 0.765 -0.015 0.0698759224 2
0 0.765 -0.005 0.02331321165 2
0 0.765 0.005 -0.02331321165 2
0 0.765 0.015 -0.0698759224 2
0 0.765 0.025 -0.1162476696 2
0 0.765 0.035 -0.1623017241 2
0 0.765 0.045 -0.2079122251 2
0 0.765 0.055 -0.2529545238 2
0 0.765 0.065 -0.2973055244 2
0 0.765 0.075 -0.3408440202 2
0 0.765 0.085 -0.3834510251 2
0 0.765 0.095 -0.4250100987 2
0 0.765 0.105 -0.4654076643 2
0 0.765 0.115 -0.5045333197 2
0 0.765 0.125 -0.5422801385 2
0 0.765 0.135 -0.5785449627 2
0 0.765 0.145 -0.6132286843 2
0 0.765 0.155 -0.6462365164 2
0 0.765 0.165 -0.677478252 2
0 0.765 0.175 -0.7068685106 2
0 0.765 0.185 -0.734326972 2
0 0.765 0.195 -0.7597785948 2
0 0.765 0.205 -0.7831538227 2
0 0.765 0.215 -0.8043887734 2
0 0.765 0.225 -0.8234254141 2
0 0.765 0.235 -0.8402117197 2
0 0.765 0.245 -0.8547018149 2
0 0.765 0.255 -0.8668560999 2
0 0.765 0.265 -0.8766413583 2
0 0.765 0.275 -0.8840308479 2
0 0.765 0.285 -0.8890043741 2
0 0.765 0.295 -0.8915483448 2
0 0.765 0.305 -0.8916558076 2
0 0.765 0.315 -0.8893264687 2
0 0.765 0.325 -0.8845666941 2
0 0.765 0.335 -0.8773894916 2
0 0.765 0.345 -0.8678144758 2
0 0.765 0.355 -0.8558678143 2
0 0.765 0.365 -0.8415821559 2
0 0.765 0.375 -0.824996542 2
0 0.765 0.385 -0.8061562992 2
0 0.765 0.395 -0.7851129159 2
0 0.765 0.405 0 2
0 0.765 0.415 0 2
0 0.765 0.425 0 2
0 0.765 0.435 0 2
0 0.765 0.445 0 2
0 0.765 0.455 0 2
0 0.765 0.465 0 2
0 0.775 -0.455 0 2
0 0.775 -0.445 0 2
0 0.775 -0.435 0 2
0 0.775 -0.425 0 2
0 0.775 -0.415 0 2
0 0.775 -0.405 0 2
0 0.775 -0.395 0.7907632268 2
0 0.775 -0.385 0.8119580553 2
0 0.775 -0.375 0.8309338878 2
0 0.775 -0.365 0.8476388654 2
0 0.775 -0.355 0.8620273349 2
0 0.775 -0.345 0.8740599743 2
0 0.775 -0.335 0.8837038997 2
0 0.775 -0.325 0.8909327552 1
0 0.775 -0.315 0.8957267851 1
0 0.775 -0.305 0.8980728878 1
0 0.775 -0.295 0.8979646516 2
0 0.775 -0.285 0.8954023724 2
0 0.775 -0.275 0.8903930527 2
0 0.775 -0.265 0.8829503822 2
0 0.775 -0.255 0.8730947012 2
0 0.775 -0.245 0.8608529441 2
0 0.775 -0.235 0.8462585663 2
0 0.775 -0.225 0.8293514529 1
0 0.775 -0.215 0.810177809 1
0 0.775 -0.205 0.7887900343 1
0 0.775 -0.195 0.7652465794 1
0 0.775 -0.185 0.7396117859 1
0 0.775 -0.175 0.7119557112 1
0 0.775 -0.165 0.6823539363 1
0 0.775 -0.155 0.6508873598 2
0 0.775 -0.145 0.6176419765 2
0 0.775 -0.135 0.5827086427 2
0 0.775 -0.125 0.5461828273 2
0 0.775 -0.115 0.5081643517 2
0 0.775 -0.105 0.4687571163 2
0 0.775 -0.095 0.4280688169 2
0 0.775 -0.085 0.3862106505 2
0 0.775 -0.075 0.3432970109 2
0 0.775 -0.065 0.2994451766 2
0 0.775 -0.055 0.2547749902 2
0 0.775 -0.045 0.2094085305 2
0 0.775 -0.035 0.1634697793 2
0 0.775 -0.025 0.1170842823 2
0 0.775 -0.015 0.07037880635 2
0 0.775 -0.005 0.02348099248 2
0 0.775 0.005 -0.02348099248 2
0 0.775 0.015 -0.07037880635 2
0 0.775 0.025 -0.1170842823 2
0 0.775 0.035 -0.1634697793 2
0 0.775 0.045 -0.2094085305 2
0 0.775 0.055 -0.2547749902 2
0 0.775 0.065 -0.2994451766 2
0 0.775 0.075 -0.3432970109 2
0 0.775 0.085 -0.3862106505 2
0 0.775 0.095 -0.4280688169 2
0 0.775 0.105 -0.4687571163 2
0 0.775 0.115 -0.5081643517 2
0 0.775 0.125 -0.5461828273 2
0 0.775 0.135 -0.5827086427 2
0 0.775 0.145 -0.6176419765 2
0 0.775 0.155 -0.6508873598 2
0 0.775 0.165 -0.6823539363 2
0 0.775 0.175 -0.7119557112 2
0 0.775 0.185 -0.7396117859 2
0 0.775 0.195 -0.7652465794 2
0 0.775 0.205 -0.7887900343 2
0 0.775 0.215 -0.810177809 2
0 0.775 0.225 -0.8293514529 2
0 0.775 0.235 -0.8462585663 2
0 0.775 0.245 -0.8608529441 2
0 0.775 0.255 -0.8730947012 2
0 0.775 0.265 -0.8829503822 2
0 0.775 0.275 -0.8903930527 2
0 0.775 0.285 -0.8954023724 2
0 0.775 0.295 -0.8979646516 2
0 0.775 0.305 -0.8980728878 2
0 0.775 0.315 -0.8957267851 2
0 0.775 0.325 -0.8909327552 2
0 0.775 0.335 -0.8837038997 2
0 0.775 0.345 -0.8740599743 2
0 0.775 0.355 -0.8620273349 2
0 0.775 0.365 -0.8476388654 2
0 0.775 0.375 -0.8309338878 2
0 0.775 0.385 -0.8119580553 2
0 0.775 0.395 -0.7907632268 2
0 0.775 0.405 0 2
0 0.775 0.415 0 2
0 0.775 0.425 0 2
0 0.775 0.435 0 2
0 0.775 0.445 0 2
0 0.775 0.455 0 2
0 0.775 0.465 0 2
0 0.785 -0.455 0 2
0 0.785 -0.445 0 2
0 0.785 -0.435 0 2
0 0.785 -0.425 0 2
0 0.785 -0.415 0 2
0 0.785 -0.405 0 2
0 0.785 -0.395 0.7962495828 2
0 0.785 -0.385 0.8175914622 2
0 0.785 -0.375 0.83669895 2
0 0.785 -0.365 0.8535198275 2
0 0.785 -0.355 0.868008125 2
0 0.785 -0.345 0.8801242475 2
0 0.785 -0.335 0.889835083 1
0 0.785 -0.325 0.8971140926 1
0 0.785 -0.315 0.9019413837 1
0 0.785 -0.305 0.9043037638 1
0 0.785 -0.295 0.9041947767 1
0 0.785 -0.285 0.9016147203 1
0 0.785 -0.275 0.8965706456 2
0 0.785 -0.265 0.8890763375 2
0 0.785 -0.255 0.8791522773 2
0 0.785 -0.245 0.8668255862 2
0 0.785 -0.235 0.8521299519 1
0 0.785 -0.225 0.835105536 1
0 0.785 -0.215 0.8157988644 1
0 0.785 -0.205 0.7942627003 1
0 0.785 -0.195 0.7705558996 1
0 0.785 -0.185 0.7447432506 1
0 0.785 -0.175 0.7168952966 1
0 0.785 -0.165 0.6870881431 1
0 0.785 -0.155 0.6554032499 1
0 0.785 -0.145 0.6219272084 1
0 0.785 -0.135 0.5867515053 1
0 0.785 -0.125 0.5499722719 1
0 0.785 -0.115 0.5116900222 2
0 0.785 -0.105 0.4720093773 2
0 0.785 -0.095 0.4310387804 2
0 0.785 -0.085 0.3888901999 2
0 0.785 -0.075 0.3456788233 2
0 0.785 -0.065 0.3015227427 2
0 0.785 -0.055 0.2565426322 2
0 0.785 -0.045 0.2108614177 2
0 0.785 -0.035 0.164603941 2
0 0.785 -0.025 0.1178966191 2
0 0.785 -0.015 0.07086709814 2
0 0.785 -0.005 0.02364390482 2
0 0.785 0.005 -0.02364390482 2
0 0.785 0.015 -0.07086709814 2
0 0.785 0.025 -0.1178966191 2
0 0.785 0.035 -0.164603941 2
0 0.785 0.045 -0.2108614177 2
0 0.785 0.055 -0.2565426322 2
0 0.785 0.065 -0.3015227427 2
0 0.785 0.075 -0.3456788233 2
0 0.785 0.085 -0.3888901999 2
0 0.785 0.095 -0.4310387804 2
0 0.785 0.105 -0.4720093773 2
0 0.785 0.115 -0.5116900222 2
0 0.785 0.125 -0.5499722719 2
0 0.785 0.135 -0.5867515053 2
0 0.785 0.145 -0.6219272084 2
0 0.785 0.155 -0.6554032499 2
0 0.785 0.165 -0.6870881431 2
0 0.785 0.175 -0.7168952966 2
0 0.785 0.185 -0.7447432506 2
0 0.785 0.195 -0.7705558996 2
0 0.785 0.205 -0.7942627003 2
0 0.785 0.215 -0.8157988644 2
0 0.785 0.225 -0.835105536 2
0 0.785 0.235 -0.8521299519 2
0 0.785 0.245 -0.8668255862 2
0 0.785 0.255 -0.8791522773 2
0 0.785 0.265 -0.8890763375 2
0 0.785 0.275 -0.8965706456 2
0 0.785 0.285 -0.9016147203 2
0 0.785 0.295 -0.9041947767 2
0 0.785 0.305 -0.9043037638 2
0 0.785 0.315 -0.9019413837 2
0 0.785 0.325 -0.8971140926 2
0 0.785 0.335 -0.889835083 2
0 0.785 0.345 -0.8801242475 2
0 0.785 0.355 -0.868008125 2
0 0.785 0.365 -0.8535198275 2
0 0.785 0.375 -0.83669895 2
0 0.785 0.385 -0.8175914622 2
0 0.785 0.395 -0.7962495828 2
0 0.785 0.405 0 2
0 0.785 0.415 0 2
0 0.785 0.425 0 2
0 0.785 0.435 0 2
0 0.785 0.445 0 2
0 0.785 0.455 0 2
0 0.785 0.465 0 2
0 0.795 -0.455 0 2
0 0.795 -0.445 0 2
0 0.795 -0.435 0 2
0 0.795 -0.425 0 2
0 0.795 -0.415 0 2
0 0.795 -0.405 0 2
0 0.795 -0.395 0.8015708465 2
0 0.795 -0.385 0.8230553517 2
0 0.795 -0.375 0.8422905332 2
0 0.795 -0.365 0.8592238231 2
0 0.795 -0.355 0.8738089446 2
0 0.795 -0.345 0.886006038 2
0 0.795 -0.335 0.8957817701 1
0 0.795 -0.325 0.9031094247 1
0 0.795 -0.315 0.9079689761 1
0 0.795 -0.305 0.9103471438 1
0 0.795 -0.295 0.9102374283 1
0 0.795 -0.285 0.9076401296 1
0 0.795 -0.275 0.9025623459 1
0 0.795 -0.265 0.895017954 2
0 0.795 -0.255 0.8850275722 2
0 0.795 -0.245 0.872618503 2
0 0.795 -0.235 0.8578246591 1
0 0.795 -0.225 0.8406864705 1
0 0.795 -0.215 0.8212507742 1
0 0.795 -0.205 0.7995706858 1
0 0.795 -0.195 0.7757054547 1
0 0.795 -0.185 0.7497203022 1
0 0.795 -0.175 0.7216862428 1
0 0.795 -0.165 0.6916798908 1
0 0.795 -0.155 0.6597832503 1
0 0.795 -0.145 0.6260834915 1
0 0.795 -0.135 0.5906727124 1
0 0.795 -0.125 0.5536476867 1
0 0.795 -0.115 0.5151096001 2
0 0.795 -0.105 0.4751637731 2
0 0.795 -0.095 0.4339193735 2
0 0.795 -0.085 0.3914891178 2
0 0.795 -0.075 0.3479889635 2
0 0.795 -0.065 0.3035377919 2
0 0.795 -0.055 0.2582570834 2
0 0.795 -0.045 0.2122705854 2
0 0.795 -0.035 0.1657039742 2
0 0.795 -0.025 0.1186845115 2
0 0.795 -0.015 0.07134069652 2
0 0.795 -0.005 0.02380191489 2
0 0.795 0.005 -0.02380191489 2
0 0.795 0.015 -0.07134069652 2
0 0.795 0.025 -0.1186845115 2
0 0.795 0.035 -0.1657039742 2
0 0.795 0.045 -0.2122705854 2
0 0.795 0.055 -0.2582570834 2
0 0.795 0.065 -0.3035377919 2
0 0.795 0.075 -0.3479889635 2
0 0.795 0.085 -0.3914891178 2
0 0.795 0.095 -0.4339193735 2
0 0.795 0.105 -0.4751637731 2
0 0.795 0.115 -0.5151096001 2
0 0.795 0.125 -0.5536476867 2
0 0.795 0.135 -0.5906727124 2
0 0.795 0.145 -0.6260834915 2
0 0.795 0.155 -0.6597832503 2
0 0.795 0.165 -0.6916798908 2
0 0.795 0.175 -0.7216862428 2
0 0.795 0.185 -0.7497203022 2
0 0.795 0.195 -0.7757054547 2
0 0.795 0.205 -0.7995706858 2
0 0.795 0.215 -0.8212507742 2
0 0.795 0.225 -0.8406864705 2
0 0.795 0.235 -0.8578246591 2
0 0.795 0.245 -0.872618503 2
0 0.795 0.255 -0.8850275722 2
0 0.795 0.265 -0.895017954 2
0 0.795 0.275 -0.9025623459 2
0 0.795 0.285 -0.9076401296 2
0 0.795 0.295 -0.9102374283 2
0 0.795 0.305 -0.9103471438 2
0 0.795 0.315 -0.9079689761 2
0 0.795 0.325 -0.9031094247 2
0 0.795 0.335 -0.8957817701 2
0 0.795 0.345 -0.886006038 2
0 0.795 0.355 -0.8738089446 2
0 0.795 0.365 -0.8592238231 2
0 0.795 0.375 -0.8422905332 2
0 0.795 0.385 -0.8230553517 2
0 0.795 0.395 -0.8015708465 2
0 0.795 0.405 0 2
0 0.795 0.415 0 2
0 0.795 0.425 0 2
0 0.795 0.435 0 2
0 0.795 0.445 0 2
0 0.795 0.455 0 2
0 0.795 0.465 0 2
0 0.805 -0.455 0 2
0 0.805 -0.445 0 2
0 0.805 -0.435 0 2
0 0.805 -0.425 0 2
0 0.805 -0.415 0 2
0 0.805 -0.405 0 2
0 0.805 -0.395 0 2
0 0.805 -0.385 0 2
0 0.805 -0.375 0 2
0 0.805 -0.365 0 2
0 0.805 -0.355 0 2
0 0.805 -0.345 0 2
0 0.805 -0.335 0 1
0 0.805 -0.325 0 1
0 0.805 -0.315 0 1
0 0.805 -0.305 0 1
0 0.805 -0.295 0 1
0 0.805 -0.285 0 1
0 0.805 -0.275 0 1
0 0.805 -0.265 0 1
0 0.805 -0.255 0 2
0 0.805 -0.245 0 1
0 0.805 -0.235 0 1
0 0.805 -0.225 0 1
0 0.805 -0.215 0 1
0 0.805 -0.205 0 1
0 0.805 -0.195 0 1
0 0.805 -0.185 0 1
0 0.805 -0.175 0 1
0 0.805 -0.165 0 1
0 0.805 -0.155 0 1
0 0.805 -0.145 0 1
0 0.805 -0.135 0 1
0 0.805 -0.125 0 1
0 0.805 -0.115 0 1
0 0.805 -0.105 0 2
0 0.805 -0.095 0 2
0 0.805 -0.085 0 2
0 0.805 -0.075 0 2
0 0.805 -0.065 0 2
0 0.805 -0.055 0 2
0 0.805 -0.045 0 2
0 0.805 -0.035 0 2
0 0.805 -0.025 0 1
0 0.805 -0.015 0 1
0 0.805 -0.005 0 1
0 0.805 0.005 0 1
0 0.805 0.015 0 1
0 0.805 0.025 0 2
0 0.805 0.035 0 2
0 0.805 0.045 0 2
0 0.805 0.055 0 2
0 0.805 0.065 0 2
0 0.805 0.075 0 2
0 0.805 0.085 0 2
0 0.805 0.095 0 2
0 0.805 0.105 0 2
0 0.805 0.115 0 2
0 0.805 0.125 0 2
0 0.805 0.135 0 2
0 0.805 0.145 0 2
0 0.805 0.155 0 2
0 0.805 0.165 0 2
0 0.805 0.175 0 2
0 0.805 0.185 0 2
0 0.805 0.195 0 2
0 0.805 0.205 0 2
0 0.805 0.215 0 2
0 0.805 0.225 0 2
0 0.805 0.235 0 2
0 0.805 0.245 0 2
0 0.805 0.255 0 2
0 0.805 0.265 0 2
0 0.805 0.275 0 2
0 0.805 0.285 0 2
0 0.805 0.295 0 2
0 0.805 0.305 0 2
0 0.805 0.315 0 2
0 0.805 0.325 0 2
0 0.805 0.335 0 2
0 0.805 0.345 0 2
0 0.805 0.355 0 2
0 0.805 0.365 0 2
0 0.805 0.375 0 2
0 0.805 0.385 0 2
0 0.805 0.395 0 2
0 0.805 0.405 0 2
0 0.805 0.415 0 2
0 0.805 0.425 0 2
0 0.805 0.435 0 2
0 0.805 0.445 0 2
0 0.805 0.455 0 2
0 0.805 0.465 0 2
0 0.815 -0.455 0 2
0 0.815 -0.445 0 2
0 0.815 -0.435 0 2
0 0.815 -0.425 0 2
0 0.815 -0.415 0 2
0 0.815 -0.405 0 2
0 0.815 -0.395 0 2
0 0.815 -0.385 0 2
0 0.815 -0.375 0 2
0 0.815 -0.365 0 2
0 0.815 -0.355 0 2
0 0.815 -0.345 0 2
0 0.815 -0.335 0 1
0 0.815 -0.325 0 1
0 0.815 -0.315 0 1
0 0.815 -0.305 0 1
0 0.815 -0.295 0 1
0 0.815 -0.285 0 1
0 0.815 -0.275 0 1
0 0.815 -0.265 0 1
0 0.815 -0.255 0 2
0 0.815 -0.245 0 1
0 0.815 -0.235 0 1
0 0.815 -0.225 0 1
0 0.815 -0.215 0 1
0 0.815 -0.205 0 1
0 0.815 -0.195 0 1
0 0.815 -0.185 0 1
0 0.815 -0.175 0 1
0 0.815 -0.165 0 1
0 0.815 -0.155 0 1
0 0.815 -0.145 0 1
0 0.815 -0.135 0 1
0 0.815 -0.125 0 1
0 0.815 -0.115 0 1
0 0.815 -0.105 0 2
0 0.815 -0.095 0 2
0 0.815 -0.085 0 2
0 0.815 -0.075 0 2
0 0.815 -0.065 0 2
0 0.815 -0.055 0 2
0 0.815 -0.045 0 1
0 0.815 -0.035 0 1
0 0.815 -0.025 0 1
0 0.815 -0.015 0 1
0 0.815 -0.005 0 1
0 0.815 0.005 0 1
0 0.815 0.015 0 1
0 0.815 0.025 0 2
0 0.815 0.035 0 2
0 0.815 0.045 0 2
0 0.815 0.055 0 2
0 0.815 0.065 0 2
0 0.815 0.075 0 2
0 0.815 0.085 0 2
0 0.815 0.095 0 2
0 0.815 0.105 0 2
0 0.815 0.115 0 2
0 0.815 0.125 0 2
0 0.815 0.135 0 2
0 0.815 0.145 0 2
0 0.815 0.155 0 2
0 0.815 0.165 0 2
0 0.815 0.175 0 2
0 0.815 0.185 0 2
0 0.815 0.195 0 2
0 0.815 0.205 0 2
0 0.815 0.215 0 2
0 0.815 0.225 0 2
0 0.815 0.235 0 2
0 0.815 0.245 0 2
0 0.815 0.255 0 2
0 0.815 0.265 0 2
0 0.815 0.275 0 2
0 0.815 0.285 0 2
0 0.815 0.295 0 2
0 0.815 0.305 0 2
0 0.815 0.315 0 2
0 0.815 0.325 0 2
0 0.815 0.335 0 2
0 0.815 0.345 0 2
0 0.815 0.355 0 2
0 0.815 0.365 0 2
0 0.815 0.375 0 2
0 0.815 0.385 0 2
0 0.815 0.395 0 2
0 0.815 0.405 0 2
0 0.815 0.415 0 2
0 0.815 0.425 0 2
0 0.815 0.435 0 2
0 0.815 0.445 0 2
0 0.815 0.455 0 2
0 0.815 0.465 0 2
0 0.825 -0.455 0 2
0 0.825 -0.445 0 2
0 0.825 -0.435 0 2
0 0.825 -0.425 0 2
0 0.825 -0.415 0 2
0 0.825 -0.405 0 2
0 0.825 -0.395 0 2
0 0.825 -0.385 0 2
0 0.825 -0.375 0 2
0 0.825 -0.365 0 2
0 0.825 -0.355 0 2
0 0.825 -0.345 0 2
0 0.825 -0.335 0 1
0 0.825 -0.325 0 1
0 0.825 -0.315 0 1
0 0.825 -0.305 0 1
0 0.825 -0.295 0 1
0 0.825 -0.285 0 1
0 0.825 -0.275 0 1
0 0.825 -0.265 0 1
0 0.825 -0.255 0 1
0 0.825 -0.245 0 1
0 0.825 -0.235 0 1
0 0.825 -0.225 0 1
0 0.825 -0.215 0 1
0 0.825 -0.205 0 1
0 0.825 -0.195 0 1
0 0.825 -0.185 0 1
0 0.825 -0.175 0 1
0 0.825 -0.165 0 1
0 0.825 -0.155 0 1
0 0.825 -0.145 0 1
0 0.825 -0.135 0 1
0 0.825 -0.125 0 1
0 0.825 -0.115 0 1
0 0.825 -0.105 0 2
0 0.825 -0.095 0 2
0 0.825 -0.085 0 2
0 0.825 -0.075 0 2
0 0.825 -0.065 0 2
0 0.825 -0.055 0 1
0 0.825 -0.045 0 1
0 0.825 -0.035 0 1
0 0.825 -0.025 0 1
0 0.825 -0.015 0 1
0 0.825 -0.005 0 1
0 0.825 0.005 0 1
0 0.825 0.015 0 1
0 0.825 0.025 0 1
0 0.825 0.035 0 2
0 0.825 0.045 0 2
0 0.825 0.055 0 2
0 0.825 0.065 0 2
0 0.825 0.075 0 2
0 0.825 0.085 0 2
0 0.825 0.095 0 2
0 0.825 0.105 0 2
0 0.825 0.115 0 2
0 0.825 0.125 0 2
0 0.825 0.135 0 2
0 0.825 0.145 0 2
0 0.825 0.155 0 2
0 0.825 0.165 0 2
0 0.825 0.175 0 2
0 0.825 0.185 0 2
0 0.825 0.195 0 2
0 0.825 0.205 0 2
0 0.825 0.215 0 2
0 0.825 0.225 0 2
0 0.825 0.235 0 2
0 0.825 0.245 0 2
0 0.825 0.255 0 2
0 0.825 0.265 0 2
0 0.825 0.275 0 2
0 0.825 0.285 0 2
0 0.825 0.295 0 2
0 0.825 0.305 0 2
0 0.825 0.315 0 2
0 0.825 0.325 0 2
0 0.825 0.335 0 2
0 0.825 0.345 0 2
0 0.825 0.355 0 2
0 0.825 0.365 0 2
0 0.825 0.375 0 2
0 0.825 0.385 0 2
0 0.825 0.395 0 2
0 0.825 0.405 0 2
0 0.825 0.415 0 2
0 0.825 0.425 0 2
0 0.825 0.435 0 2
0 0.825 0.445 0 2
0 0.825 0.455 0 2
0 0.825 0.465 0 2
0 0.835 -0.455 0 2
0 0.835 -0.445 0 2
0 0.835 -0.435 0 2
0 0.835 -0.425 0 2
0 0.835 -0.415 0 2
0 0.835 -0.405 0 2
0 0.835 -0.395 0 2
0 0.835 -0.385 0 2
0 0.835 -0.375 0 2
0 0.835 -0.365 0 2
0 0.835 -0.355 0 2
0 0.835 -0.345 0 2
0 0.835 -0.335 0 2
0 0.835 -0.325 0 1
0 0.835 -0.315 0 1
0 0.835 -0.305 0 1
0 0.835 -0.295 0 1
0 0.835 -0.285 0 1
0 0.835 -0.275 0 1
0 0.835 -0.265 0 1
0 0.835 -0.255 0 1
0 0.835 -0.245 0 1
0 0.835 -0.235 0 1
0 0.835 -0.225 0 1
0 0.835 -0.215 0 1
0 0.835 -0.205 0 1
0 0.835 -0.195 0 1
0 0.835 -0.185 0 1
0 0.835 -0.175 0 1
0 0.835 -0.165 0 1
0 0.835 -0.155 0 1
0 0.835 -0.145 0 1
0 0.835 -0.135 0 1
0 0.835 -0.125 0 1
0 0.835 -0.115 0 2
0 0.835 -0.105 0 2
0 0.835 -0.095 0 2
0 0.835 -0.085 0 2
0 0.835 -0.075 0 2
0 0.835 -0.065 0 2
0 0.835 -0.055 0 1
0 0.835 -0.045 0 1
0 0.835 -0.035 0 1
0 0.835 -0.025 0 1
0 0.835 -0.015 0 1
0 0.835 -0.005 0 1
0 0.835 0.005 0 1
0 0.835 0.015 0 1
0 0.835 0.025 0 2
0 0.835 0.035 0 2
0 0.835 0.045 0 2
0 0.835 0.055 0 2
0 0.835 0.065 0 2
0 0.835 0.075 0 2
0 0.835 0.085 0 2
0 0.835 0.095 0 2
0 0.835 0.105 0 2
0 0.835 0.115 0 2
0 0.835 0.125 0 2
0 0.835 0.135 0 2
0 0.835 0.145 0 2
0 0.835 0.155 0 2
0 0.835 0.165 0 2
0 0.835 0.175 0 2
0 0.835 0.185 0 2
0 0.835 0.195 0 2
0 0.835 0.205 0 2
0 0.835 0.215 0 2
0 0.835 0.225 0 2
0 0.835 0.235 0 2
0 0.835 0.245 0 2
0 0.835 0.255 0 2
0 0.835 0.265 0 2
0 0.835 0.275 0 2
0 0.835 0.285 0 2
0 0.835 0.295 0 2
0 0.835 0.305 0 2
0 0.835 0.315 0 2
0 0.835 0.325 0 2
0 0.835 0.335 0 2
0 0.835 0.345 0 2
0 0.835 0.355 0 2
0 0.835 0.365 0 2
0 0.835 0.375 0 2
0 0.835 0.385 0 2
0 0.835 0.395 0 2
0 0.835 0.405 0 2
0 0.835 0.415 0 2
0 0.835 0.425 0 2
0 0.835 0.435 0 2
0 0.835 0.445 0 2
0 0.835 0.455 0 2
0 0.835 0.465 0 2
0 0.845 -0.455 0 2
0 0.845 -0.445 0 2
0 0.845 -0.435 0 2
0 0.845 -0.425 0 2
0 0.845 -0.415 0 2
0 0.845 -0.405 0 2
0 0.845 -0.395 0 2
0 0.845 -0.385 0 2
0 0.845 -0.375 0 2
0 0.845 -0.365 0 2
0 0.845 -0.355 0 2
0 0.845 -0.345 0 2
0 0.845 -0.335 0 2
0 0.845 -0.325 0 1
0 0.845 -0.315 0 1
0 0.845 -0.305 0 1
0 0.845 -0.295 0 1
0 0.845 -0.285 0 1
0 0.845 -0.275 0 1
0 0.845 -0.265 0 1
0 0.845 -0.255 0 1
0 0.845 -0.245 0 1
0 0.845 -0.235 0 1
0 0.845 -0.225 0 1
0 0.845 -0.215 0 1
0 0.845 -0.205 0 1
0 0.845 -0.195 0 1
0 0.845 -0.185 0 1
0 0.845 -0.175 0 1
0 0.845 -0.165 0 1
0 0.845 -0.155 0 1
0 0.845 -0.145 0 1
0 0.845 -0.135 0 1
0 0.845 -0.125 0 1
0 0.845 -0.115 0 2
0 0.845 -0.105 0 2
0 0.845 -0.095 0 2
0 0.845 -0.085 0 2
0 0.845 -0.075 0 2
0 0.845 -0.065 0 1
0 0.845 -0.055 0 1
0 0.845 -0.045 0 1
0 0.845 -0.035 0 1
0 0.845 -0.025 0 1
0 0.845 -0.015 0 1
0 0.845 -0.005 0 1
0 0.845 0.005 0 1
0 0.845 0.015 0 1
0 0.845 0.025 0 2
0 0.845 0.035 0 2
0 0.845 0.045 0 2
0 0.845 0.055 0 2
0 0.845 0.065 0 2
0 0.845 0.075 0 2
0 0.845 0.085 0 2
0 0.845 0.095 0 2
0 0.845 0.105 0 2
0 0.845 0.115 0 2
0 0.845 0.125 0 2
0 0.845 0.135 0 2
0 0.845 0.145 0 2
0 0.845 0.155 0 2
0 0.845 0.165 0 2
0 0.845 0.175 0 2
0 0.845 0.185 0 2
0 0.845 0.195 0 2
0 0.845 0.205 0 2
0 0.845 0.215 0 2
0 0.845 0.225 0 2
0 0.845 0.235 0 2
0 0.845 0.245 0 2
0 0.845 0.255 0 2
0 0.845 0.265 0 2
0 0.845 0.275 0 2
0 0.845 0.285 0 2
0 0.845 0.295 0 2
0 0.845 0.305 0 2
0 0.845 0.315 0 2
0 0.845 0.325 0 2
0 0.845 0.335 0 2
0 0.845 0.345 0 2
0 0.845 0.355 0 2
0 0.845 0.365 0 2
0 0.845 0.375 0 2
0 0.845 0.385 0 2
0 0.845 0.395 0 2
0 0.845 0.405 0 2
0 0.845 0.415 0 2
0 0.845 0.425 0 2
0 0.845 0.435 0 2
0 0.845 0.445 0 2
0 0.845 0.455 0 2
0 0.845 0.465 0 2
0 0.855 -0.455 0 2
0 0.855 -0.445 0 2
0 0.855 -0.435 0 2
0 0.855 -0.425 0 2
0 0.855 -0.415 0 2
0 0.855 -0.405 0 2
0 0.855 -0.395 0 2
0 0.855 -0.385 0 2
0 0.855 -0.375 0 2
0 0.855 -0.365 0 2
0 0.855 -0.355 0 2
0 0.855 -0.345 0 2
0 0.855 -0.335 0 2
0 0.855 -0.325 0 2
0 0.855 -0.315 0 1
0 0.855 -0.305 0 1
0 0.855 -0.295 0 1
0 0.855 -0.285 0 1
0 0.855 -0.275 0 1
0 0.855 -0.265 0 1
0 0.855 -0.255 0 1
0 0.855 -0.245 0 2
0 0.855 -0.235 0 1
0 0.855 -0.225 0 1
0 0.855 -0.215 0 1
0 0.855 -0.205 0 1
0 0.855 -0.195 0 1
0 0.855 -0.185 0 1
0 0.855 -0.175 0 1
0 0.855 -0.165 0 1
0 0.855 -0.155 0 1
0 0.855 -0.145 0 1
0 0.855 -0.135 0 1
0 0.855 -0.125 0 1
0 0.855 -0.115 0 2
0 0.855 -0.105 0 2
0 0.855 -0.095 0 2
0 0.855 -0.085 0 2
0 0.855 -0.075 0 2
0 0.855 -0.065 0 1
0 0.855 -0.055 0 1
0 0.855 -0.045 0 1
0 0.855 -0.035 0 1
0 0.855 -0.025 0 1
0 0.855 -0.015 0 1
0 0.855 -0.005 0 1
0 0.855 0.005 0 1
0 0.855 0.015 0 1
0 0.855 0.025 0 2
0 0.855 0.035 0 2
0 0.855 0.045 0 2
0 0.855 0.055 0 2
0 0.855 0.065 0 2
0 0.855 0.075 0 2
0 0.855 0.085 0 2
0 0.855 0.095 0 2
0 0.855 0.105 0 2
0 0.855 0.115 0 2
0 0.855 0.125 0 2
0 0.855 0.135 0 2
0 0.855 0.145 0 2
0 0.855 0.155 0 2
0 0.855 0.165 0 2
0 0.855 0.175 0 2
0 0.855 0.185 0 2
0 0.855 0.195 0 2
0 0.855 0.205 0 2
0 0.855 0.215 0 2
0 0.855 0.225 0 2
0 0.855 0.235 0 2
0 0.855 0.245 0 2
0 0.855 0.255 0 2
0 0.855 0.265 0 2
0 0.855 0.275 0 2
0 0.855 0.285 0 2
0 0.855 0.295 0 2
0 0.855 0.305 0 2
0 0.855 0.315 0 2
0 0.855 0.325 0 2
0 0.855 0.335 0 2
0 0.855 0.345 0 2
0 0.855 0.355 0 2
0 0.855 0.365 0 2
0 0.855 0.375 0 2
0 0.855 0.385 0 2
0 0.855 0.395 0 2
0 0.855 0.405 0 2
0 0.855 0.415 0 2
0 0.855 0.425 0 2
0 0.855 0.435 0 2
0 0.855 0.445 0 2
0 0.855 0.455 0 2
0 0.855 0.465 0 2
0 0.865 -0.455 0 2
0 0.865 -0.445 0 2
0 0.865 -0.435 0 2
0 0.865 -0.425 0 2
0 0.865 -0.415 0 2
0 0.865 -0.405 0 2
0 0.865 -0.395 0 2
0 0.865 -0.385 0 2
0 0.865 -0.375 0 2
0 0.865 -0.365 0 2
0 0.865 -0.355 0 2
0 0.865 -0.345 0 2
0 0.865 -0.335 0 2
0 0.865 -0.325 0 2
0 0.865 -0.315 0 2
0 0.865 -0.305 0 1
0 0.865 -0.295 0 1
0 0.865 -0.285 0 1
0 0.865 -0.275 0 1
0 0.865 -0.265 0 1
0 0.865 -0.255 0 1
0 0.865 -0.245 0 2
0 0.865 -0.235 0 2
0 0.865 -0.225 0 2
0 0.865 -0.215 0 2
0 0.865 -0.205 0 2
0 0.865 -0.195 0 1
0 0.865 -0.185 0 1
0 0.865 -0.175 0 1
0 0.865 -0.165 0 1
0 0.865 -0.155 0 1
0 0.865 -0.145 0 1
0 0.865 -0.135 0 1
0 0.865 -0.125 0 2
0 0.865 -0.115 0 2
0 0.865 -0.105 0 2
0 0.865 -0.095 0 2
0 0.865 -0.085 0 2
0 0.865 -0.075 0 1
0 0.865 -0.065 0 1
0 0.865 -0.055 0 1
0 0.865 -0.045 0 1
0 0.865 -0.035 0 1
0 0.865 -0.025 0 1
0 0.865 -0.015 0 1
0 0.865 -0.005 0 1
0 0.865 0.005 0 1
0 0.865 0.015 0 1
0 0.865 0.025 0 2
0 0.865 0.035 0 2
0 0.865 0.045 0 2
0 0.865 0.055 0 2
0 0.865 0.065 0 2
0 0.865 0.075 0 2
0 0.865 0.085 0 2
0 0.865 0.095 0 2
0 0.865 0.105 0 2
0 0.865 0.115 0 2
0 0.865 0.125 0 2
0 0.865 0.135 0 2
0 0.865 0.145 0 2
0 0.865 0.155 0 2
0 0.865 0.165 0 2
0 0.865 0.175 0 2
0 0.865 0.185 0 2
0 0.865 0.195 0 2
0 0.865 0.205 0 2
0 0.865 0.215 0 2
0 0.865 0.225 0 2
0 0.865 0.235 0 2
0 0.865 0.245 0 2
0 0.865 0.255 0 2
0 0.865 0.265 0 2
0 0.865 0.275 0 2
0 0.865 0.285 0 2
0 0.865 0.295 0 2
0 0.865 0.305 0 2
0 0.865 0.315 0 2
0 0.865 0.325 0 2
0 0.865 0.335 0 2
0 0.865 0.345 0 2
0 0.865 0.355 0 2
0 0.865 0.365 0 2
0 0.865 0.375 0 2
0 0.865 0.385 0 2
0 0.865 0.395 0 2
0 0.865 0.405 0 2
0 0.865 0.415 0 2
0 0.865 0.425 0 2
0 0.865 0.435 0 2
0 0.865 0.445 0 2
0 0.865 0.455 0 2
0 0.865 0.465 0 2
