t x y content type
0 -0.055 -0.455 0 2
0 -0.055 -0.445 0 2
0 -0.055 -0.435 0 2
0 -0.055 -0.425 0 2
0 -0.055 -0.415 0 2
0 -0.055 -0.405 0 2
0 -0.055 -0.395 0 2
0 -0.055 -0.385 0 2
0 -0.055 -0.375 0 2
0 -0.055 -0.365 0 2
0 -0.055 -0.355 0 2
0 -0.055 -0.345 0 2
0 -0.055 -0.335 0 1
0 -0.055 -0.325 0 1
0 -0.055 -0.315 0 1
0 -0.055 -0.305 0 1
0 -0.055 -0.295 0 1
0 -0.055 -0.285 0 1
0 -0.055 -0.275 0 1
0 -0.055 -0.265 0 2
0 -0.055 -0.255 0 2
0 -0.055 -0.245 0 2
0 -0.055 -0.235 0 2
0 -0.055 -0.225 0 2
0 -0.055 -0.215 0 2
0 -0.055 -0.205 0 2
0 -0.055 -0.195 0 2
0 -0.055 -0.185 0 2
0 -0.055 -0.175 0 2
0 -0.055 -0.165 0 2
0 -0.055 -0.155 0 2
0 -0.055 -0.145 0 2
0 -0.055 -0.135 0 2
0 -0.055 -0.125 0 2
0 -0.055 -0.115 0 2
0 -0.055 -0.105 0 2
0 -0.055 -0.095 0 2
0 -0.055 -0.085 0 2
0 -0.055 -0.075 0 2
0 -0.055 -0.065 0 2
0 -0.055 -0.055 0 1
0 -0.055 -0.045 0 1
0 -0.055 -0.035 0 1
0 -0.055 -0.025 0 1
0 -0.055 -0.015 0 1
0 -0.055 -0.005 0 1
0 -0.055 0.005 0 1
0 -0.055 0.015 0 1
0 -0.055 0.025 0 1
0 -0.055 0.035 0 1
0 -0.055 0.045 0 1
0 -0.055 0.055 0 1
0 -0.055 0.065 0 1
0 -0.055 0.075 0 2
0 -0.055 0.085 0 2
0 -0.055 0.095 0 2
0 -0.055 0.105 0 2
0 -0.055 0.115 0 2
0 -0.055 0.125 0 2
0 -0.055 0.135 0 2
0 -0.055 0.145 0 1
0 -0.055 0.155 0 1
0 -0.055 0.165 0 1
0 -0.055 0.175 0 1
0 -0.055 0.185 0 1
0 -0.055 0.195 0 1
0 -0.055 0.205 0 1
0 -0.055 0.215 0 1
0 -0.055 0.225 0 1
0 -0.055 0.235 0 1
0 -0.055 0.245 0 2
0 -0.055 0.255 0 2
0 -0.055 0.265 0 2
0 -0.055 0.275 0 2
0 -0.055 0.285 0 1
0 -0.055 0.295 0 1
0 -0.055 0.305 0 1
0 -0.055 0.315 0 1
0 -0.055 0.325 0 1
0 -0.055 0.335 0 1
0 -0.055 0.345 0 1
0 -0.055 0.355 0 1
0 -0.055 0.365 0 1
0 -0.055 0.375 0 2
0 -0.055 0.385 0 2
0 -0.055 0.395 0 2
0 -0.055 0.405 0 2
0 -0.055 0.415 0 2
0 -0.055 0.425 0 2
0 -0.055 0.435 0 2
0 -0.055 0.445 0 2
0 -0.055 0.455 0 2
0 -0.055 0.465 0 1
0 -0.045 -0.455 0 2
0 -0.045 -0.445 0 2
0 -0.045 -0.435 0 2
0 -0.045 -0.425 0 2
0 -0.045 -0.415 0 2
0 -0.045 -0.405 0 2
0 -0.045 -0.395 0 2
0 -0.045 -0.385 0 2
0 -0.045 -0.375 0 2
0 -0.045 -0.365 0 2
0 -0.045 -0.355 0 2
0 -0.045 -0.345 0 2
0 -0.045 -0.335 0 2
0 -0.045 -0.325 0 2
0 -0.045 -0.315 0 2
0 -0.045 -0.305 0 1
0 -0.045 -0.295 0 1
0 -0.045 -0.285 0 2
0 -0.045 -0.275 0 2
0 -0.045 -0.265 0 2
0 -0.045 -0.255 0 2
0 -0.045 -0.245 0 2
0 -0.045 -0.235 0 2
0 -0.045 -0.225 0 2
0 -0.045 -0.215 0 2
0 -0.045 -0.205 0 2
0 -0.045 -0.195 0 2
0 -0.045 -0.185 0 2
0 -0.045 -0.175 0 2
0 -0.045 -0.165 0 2
0 -0.045 -0.155 0 2
0 -0.045 -0.145 0 2
0 -0.045 -0.135 0 2
0 -0.045 -0.125 0 2
0 -0.045 -0.115 0 2
0 -0.045 -0.105 0 2
0 -0.045 -0.095 0 2
0 -0.045 -0.085 0 2
0 -0.045 -0.075 0 2
0 -0.045 -0.065 0 2
0 -0.045 -0.055 0 1
0 -0.045 -0.045 0 1
0 -0.045 -0.035 0 1
0 -0.045 -0.025 0 1
0 -0.045 -0.015 0 1
0 -0.045 -0.005 0 1
0 -0.045 0.005 0 1
0 -0.045 0.015 0 1
0 -0.045 0.025 0 1
0 -0.045 0.035 0 1
0 -0.045 0.045 0 1
0 -0.045 0.055 0 1
0 -0.045 0.065 0 1
0 -0.045 0.075 0 2
0 -0.045 0.085 0 2
0 -0.045 0.095 0 2
0 -0.045 0.105 0 2
0 -0.045 0.115 0 2
0 -0.045 0.125 0 2
0 -0.045 0.135 0 2
0 -0.045 0.145 0 2
0 -0.045 0.155 0 1
0 -0.045 0.165 0 1
0 -0.045 0.175 0 1
0 -0.045 0.185 0 1
0 -0.045 0.195 0 1
0 -0.045 0.205 0 1
0 -0.045 0.215 0 1
0 -0.045 0.225 0 1
0 -0.045 0.235 0 1
0 -0.045 0.245 0 2
0 -0.045 0.255 0 2
0 -0.045 0.265 0 2
0 -0.045 0.275 0 2
0 -0.045 0.285 0 2
0 -0.045 0.295 0 1
0 -0.045 0.305 0 1
0 -0.045 0.315 0 1
0 -0.045 0.325 0 1
0 -0.045 0.335 0 1
0 -0.045 0.345 0 1
0 -0.045 0.355 0 1
0 -0.045 0.365 0 1
0 -0.045 0.375 0 2
0 -0.045 0.385 0 2
0 -0.045 0.395 0 2
0 -0.045 0.405 0 2
0 -0.045 0.415 0 2
0 -0.045 0.425 0 2
0 -0.045 0.435 0 2
0 -0.045 0.445 0 2
0 -0.045 0.455 0 2
0 -0.045 0.465 0 2
0 -0.035 -0.455 0 2
0 -0.035 -0.445 0 2
0 -0.035 -0.435 0 2
0 -0.035 -0.425 0 2
0 -0.035 -0.415 0 2
0 -0.035 -0.405 0 2
0 -0.035 -0.395 0 2
0 -0.035 -0.385 0 2
0 -0.035 -0.375 0 2
0 -0.035 -0.365 0 2
0 -0.035 -0.355 0 2
0 -0.035 -0.345 0 2
0 -0.035 -0.335 0 2
0 -0.035 -0.325 0 2
0 -0.035 -0.315 0 2
0 -0.035 -0.305 0 2
0 -0.035 -0.295 0 2
0 -0.035 -0.285 0 2
0 -0.035 -0.275 0 2
0 -0.035 -0.265 0 2
0 -0.035 -0.255 0 2
0 -0.035 -0.245 0 2
0 -0.035 -0.235 0 2
0 -0.035 -0.225 0 2
0 -0.035 -0.215 0 2
0 -0.035 -0.205 0 2
0 -0.035 -0.195 0 2
0 -0.035 -0.185 0 2
0 -0.035 -0.175 0 2
0 -0.035 -0.165 0 2
0 -0.035 -0.155 0 2
0 -0.035 -0.145 0 2
0 -0.035 -0.135 0 2
0 -0.035 -0.125 0 2
0 -0.035 -0.115 0 2
0 -0.035 -0.105 0 2
0 -0.035 -0.095 0 2
0 -0.035 -0.085 0 2
0 -0.035 -0.075 0 2
0 -0.035 -0.065 0 2
0 -0.035 -0.055 0 1
0 -0.035 -0.045 0 1
0 -0.035 -0.035 0 1
0 -0.035 -0.025 0 1
0 -0.035 -0.015 0 1
0 -0.035 -0.005 0 1
0 -0.035 0.005 0 1
0 -0.035 0.015 0 1
0 -0.035 0.025 0 1
0 -0.035 0.035 0 1
0 -0.035 0.045 0 1
0 -0.035 0.055 0 1
0 -0.035 0.065 0 1
0 -0.035 0.075 0 2
0 -0.035 0.085 0 2
0 -0.035 0.095 0 2
0 -0.035 0.105 0 2
0 -0.035 0.115 0 2
0 -0.035 0.125 0 2
0 -0.035 0.135 0 2
0 -0.035 0.145 0 2
0 -0.035 0.155 0 2
0 -0.035 0.165 0 1
0 -0.035 0.175 0 1
0 -0.035 0.185 0 1
0 -0.035 0.195 0 1
0 -0.035 0.205 0 1
0 -0.035 0.215 0 1
0 -0.035 0.225 0 1
0 -0.035 0.235 0 1
0 -0.035 0.245 0 2
0 -0.035 0.255 0 2
0 -0.035 0.265 0 2
0 -0.035 0.275 0 2
0 -0.035 0.285 0 2
0 -0.035 0.295 0 2
0 -0.035 0.305 0 2
0 -0.035 0.315 0 1
0 -0.035 0.325 0 1
0 -0.035 0.335 0 1
0 -0.035 0.345 0 1
0 -0.035 0.355 0 1
0 -0.035 0.365 0 2
0 -0.035 0.375 0 2
0 -0.035 0.385 0 2
0 -0.035 0.395 0 2
0 -0.035 0.405 0 2
0 -0.035 0.415 0 2
0 -0.035 0.425 0 2
0 -0.035 0.435 0 2
0 -0.035 0.445 0 2
0 -0.035 0.455 0 2
0 -0.035 0.465 0 2
0 -0.025 -0.455 0 2
0 -0.025 -0.445 0 2
0 -0.025 -0.435 0 2
0 -0.025 -0.425 0 2
0 -0.025 -0.415 0 2
0 -0.025 -0.405 0 2
0 -0.025 -0.395 0 2
0 -0.025 -0.385 0 2
0 -0.025 -0.375 0 2
0 -0.025 -0.365 0 2
0 -0.025 -0.355 0 2
0 -0.025 -0.345 0 2
0 -0.025 -0.335 0 2
0 -0.025 -0.325 0 2
0 -0.025 -0.315 0 2
0 -0.025 -0.305 0 2
0 -0.025 -0.295 0 2
0 -0.025 -0.285 0 2
0 -0.025 -0.275 0 2
0 -0.025 -0.265 0 2
0 -0.025 -0.255 0 2
0 -0.025 -0.245 0 2
0 -0.025 -0.235 0 2
0 -0.025 -0.225 0 2
0 -0.025 -0.215 0 2
0 -0.025 -0.205 0 2
0 -0.025 -0.195 0 2
0 -0.025 -0.185 0 2
0 -0.025 -0.175 0 2
0 -0.025 -0.165 0 2
0 -0.025 -0.155 0 2
0 -0.025 -0.145 0 2
0 -0.025 -0.135 0 2
0 -0.025 -0.125 0 2
0 -0.025 -0.115 0 2
0 -0.025 -0.105 0 2
0 -0.025 -0.095 0 2
0 -0.025 -0.085 0 2
0 -0.025 -0.075 0 2
0 -0.025 -0.065 0 2
0 -0.025 -0.055 0 1
0 -0.025 -0.045 0 1
0 -0.025 -0.035 0 1
0 -0.025 -0.025 0 1
0 -0.025 -0.015 0 1
0 -0.025 -0.005 0 1
0 -0.025 0.005 0 1
0 -0.025 0.015 0 1
0 -0.025 0.025 0 1
0 -0.025 0.035 0 1
0 -0.025 0.045 0 1
0 -0.025 0.055 0 1
0 -0.025 0.065 0 2
0 -0.025 0.075 0 2
0 -0.025 0.085 0 2
0 -0.025 0.095 0 2
0 -0.025 0.105 0 2
0 -0.025 0.115 0 2
0 -0.025 0.125 0 2
0 -0.025 0.135 0 2
0 -0.025 0.145 0 2
0 -0.025 0.155 0 2
0 -0.025 0.165 0 2
0 -0.025 0.175 0 2
0 -0.025 0.185 0 2
0 -0.025 0.195 0 1
0 -0.025 0.205 0 1
0 -0.025 0.215 0 1
0 -0.025 0.225 0 2
0 -0.025 0.235 0 2
0 -0.025 0.245 0 2
0 -0.025 0.255 0 2
0 -0.025 0.265 0 2
0 -0.025 0.275 0 2
0 -0.025 0.285 0 2
0 -0.025 0.295 0 2
0 -0.025 0.305 0 2
0 -0.025 0.315 0 2
0 -0.025 0.325 0 2
0 -0.025 0.335 0 2
0 -0.025 0.345 0 2
0 -0.025 0.355 0 2
0 -0.025 0.365 0 2
0 -0.025 0.375 0 1
0 -0.025 0.385 0 1
0 -0.025 0.395 0 1
0 -0.025 0.405 0 2
0 -0.025 0.415 0 2
0 -0.025 0.425 0 2
0 -0.025 0.435 0 2
0 -0.025 0.445 0 2
0 -0.025 0.455 0 2
0 -0.025 0.465 0 2
0 -0.015 -0.455 0 2
0 -0.015 -0.445 0 2
0 -0.015 -0.435 0 2
0 -0.015 -0.425 0 2
0 -0.015 -0.415 0 2
0 -0.015 -0.405 0 2
0 -0.015 -0.395 0 2
0 -0.015 -0.385 0 2
0 -0.015 -0.375 0 2
0 -0.015 -0.365 0 2
0 -0.015 -0.355 0 2
0 -0.015 -0.345 0 2
0 -0.015 -0.335 0 2
0 -0.015 -0.325 0 2
0 -0.015 -0.315 0 2
0 -0.015 -0.305 0 2
0 -0.015 -0.295 0 2
0 -0.015 -0.285 0 2
0 -0.015 -0.275 0 2
0 -0.015 -0.265 0 2
0 -0.015 -0.255 0 2
0 -0.015 -0.245 0 2
0 -0.015 -0.235 0 2
0 -0.015 -0.225 0 2
0 -0.015 -0.215 0 2
0 -0.015 -0.205 0 2
0 -0.015 -0.195 0 2
0 -0.015 -0.185 0 2
0 -0.015 -0.175 0 2
0 -0.015 -0.165 0 2
0 -0.015 -0.155 0 2
0 -0.015 -0.145 0 2
0 -0.015 -0.135 0 2
0 -0.015 -0.125 0 2
0 -0.015 -0.115 0 2
0 -0.015 -0.105 0 2
0 -0.015 -0.095 0 2
0 -0.015 -0.085 0 2
0 -0.015 -0.075 0 2
0 -0.015 -0.065 0 2
0 -0.015 -0.055 0 2
0 -0.015 -0.045 0 1
0 -0.015 -0.035 0 1
0 -0.015 -0.025 0 1
0 -0.015 -0.015 0 2
0 -0.015 -0.005 0 2
0 -0.015 0.005 0 1
0 -0.015 0.015 0 1
0 -0.015 0.025 0 1
0 -0.015 0.035 0 1
0 -0.015 0.045 0 1
0 -0.015 0.055 0 1
0 -0.015 0.065 0 2
0 -0.015 0.075 0 2
0 -0.015 0.085 0 2
0 -0.015 0.095 0 2
0 -0.015 0.105 0 2
0 -0.015 0.115 0 2
0 -0.015 0.125 0 2
0 -0.015 0.135 0 2
0 -0.015 0.145 0 2
0 -0.015 0.155 0 2
0 -0.015 0.165 0 2
0 -0.015 0.175 0 2
0 -0.015 0.185 0 2
0 -0.015 0.195 0 2
0 -0.015 0.205 0 2
0 -0.015 0.215 0 2
0 -0.015 0.225 0 2
0 -0.015 0.235 0 2
0 -0.015 0.245 0 2
0 -0.015 0.255 0 2
0 -0.015 0.265 0 2
0 -0.015 0.275 0 2
0 -0.015 0.285 0 2
0 -0.015 0.295 0 2
0 -0.015 0.305 0 2
0 -0.015 0.315 0 2
0 -0.015 0.325 0 2
0 -0.015 0.335 0 2
0 -0.015 0.345 0 2
0 -0.015 0.355 0 2
0 -0.015 0.365 0 1
0 -0.015 0.375 0 1
0 -0.015 0.385 0 1
0 -0.015 0.395 0 1
0 -0.015 0.405 0 1
0 -0.015 0.415 0 2
0 -0.015 0.425 0 2
0 -0.015 0.435 0 2
0 -0.015 0.445 0 2
0 -0.015 0.455 0 2
0 -0.015 0.465 0 2
0 -0.005 -0.455 0 2
0 -0.005 -0.445 0 2
0 -0.005 -0.435 0 2
0 -0.005 -0.425 0 2
0 -0.005 -0.415 0 2
0 -0.005 -0.405 0 2
0 -0.005 -0.395 0 2
0 -0.005 -0.385 0 2
0 -0.005 -0.375 0 2
0 -0.005 -0.365 0 2
0 -0.005 -0.355 0 2
0 -0.005 -0.345 0 2
0 -0.005 -0.335 0 2
0 -0.005 -0.325 0 2
0 -0.005 -0.315 0 2
0 -0.005 -0.305 0 2
0 -0.005 -0.295 0 2
0 -0.005 -0.285 0 2
0 -0.005 -0.275 0 2
0 -0.005 -0.265 0 2
0 -0.005 -0.255 0 2
0 -0.005 -0.245 0 2
0 -0.005 -0.235 0 2
0 -0.005 -0.225 0 2
0 -0.005 -0.215 0 2
0 -0.005 -0.205 0 2
0 -0.005 -0.195 0 2
0 -0.005 -0.185 0 2
0 -0.005 -0.175 0 2
0 -0.005 -0.165 0 2
0 -0.005 -0.155 0 2
0 -0.005 -0.145 0 2
0 -0.005 -0.135 0 2
0 -0.005 -0.125 0 2
0 -0.005 -0.115 0 2
0 -0.005 -0.105 0 2
0 -0.005 -0.095 0 2
0 -0.005 -0.085 0 2
0 -0.005 -0.075 0 2
0 -0.005 -0.065 0 2
0 -0.005 -0.055 0 2
0 -0.005 -0.045 0 2
0 -0.005 -0.035 0 2
0 -0.005 -0.025 0 2
0 -0.005 -0.015 0 2
0 -0.005 -0.005 0 2
0 -0.005 0.005 0 2
0 -0.005 0.015 0 1
0 -0.005 0.025 0 1
0 -0.005 0.035 0 1
0 -0.005 0.045 0 1
0 -0.005 0.055 0 2
0 -0.005 0.065 0 2
0 -0.005 0.075 0 2
0 -0.005 0.085 0 2
0 -0.005 0.095 0 2
0 -0.005 0.105 0 2
0 -0.005 0.115 0 2
0 -0.005 0.125 0 2
0 -0.005 0.135 0 2
0 -0.005 0.145 0 2
0 -0.005 0.155 0 2
0 -0.005 0.165 0 2
0 -0.005 0.175 0 2
0 -0.005 0.185 0 2
0 -0.005 0.195 0 2
0 -0.005 0.205 0 2
0 -0.005 0.215 0 2
0 -0.005 0.225 0 2
0 -0.005 0.235 0 2
0 -0.005 0.245 0 2
0 -0.005 0.255 0 2
0 -0.005 0.265 0 2
0 -0.005 0.275 0 2
0 -0.005 0.285 0 2
0 -0.005 0.295 0 2
0 -0.005 0.305 0 2
0 -0.005 0.315 0 2
0 -0.005 0.325 0 2
0 -0.005 0.335 0 2
0 -0.005 0.345 0 2
0 -0.005 0.355 0 2
0 -0.005 0.365 0 1
0 -0.005 0.375 0 1
0 -0.005 0.385 0 1
0 -0.005 0.395 0 1
0 -0.005 0.405 0 1
0 -0.005 0.415 0 1
0 -0.005 0.425 0 2
0 -0.005 0.435 0 2
0 -0.005 0.445 0 2
0 -0.005 0.455 0 2
0 -0.005 0.465 0 2
0 0.005 -0.455 0 1
0 0.005 -0.445 0 2
0 0.005 -0.435 0 2
0 0.005 -0.425 0 2
0 0.005 -0.415 0 2
0 0.005 -0.405 0 2
0 0.005 -0.395 0.0002057875892 2
0 0.005 -0.385 0.000253510541 2
0 0.005 -0.375 0.0002712409788 2
0 0.005 -0.365 0.0002706155657 2
0 0.005 -0.355 0.0002596180624 2
0 0.005 -0.345 0.0002439774293 2
0 0.005 -0.335 0.0002264656865 2
0 0.005 -0.325 0.0002089620471 2
0 0.005 -0.315 0.0001923882185 2
0 0.005 -0.305 0.0001777889306 2
0 0.005 -0.295 0.0001656046559 2
0 0.005 -0.285 0.00015589716 2
0 0.005 -0.275 0.0001502914946 2
0 0.005 -0.265 0.0001383406002 2
0 0.005 -0.255 0.0001098440469 2
0 0.005 -0.245 5.950862109e-05 2
0 0.005 -0.235 7.038129667e-06 2
0 0.005 -0.225 -3.243444769e-05 2
0 0.005 -0.215 -5.83206124e-05 2
0 0.005 -0.205 -7.872011587e-05 2
0 0.005 -0.195 -9.749455951e-05 2
0 0.005 -0.185 -0.0001106880641 2
0 0.005 -0.175 -0.0001208922118 2
0 0.005 -0.165 -0.0001292892353 2
0 0.005 -0.155 -0.0001367776205 2
0 0.005 -0.145 -0.0001436351428 2
0 0.005 -0.135 -0.0001500531024 2
0 0.005 -0.125 -0.0001561682327 2
0 0.005 -0.115 -0.0001620620855 2
0 0.005 -0.105 -0.0001677789828 2
0 0.005 -0.095 -0.0001733258406 2
0 0.005 -0.085 -0.0001786375969 2
0 0.005 -0.075 -0.0001836155874 2
0 0.005 -0.065 -0.000185889084 2
0 0.005 -0.055 -0.0001867523519 2
0 0.005 -0.045 -0.0001869888493 2
0 0.005 -0.035 -0.0001915222206 2
0 0.005 -0.025 -0.0001968707033 2
0 0.005 -0.015 -0.0002012743641 2
0 0.005 -0.005 -0.0001999049089 2
0 0.005 0.005 -0.0001938217832 2
0 0.005 0.015 -0.0001804084166 2
0 0.005 0.025 -0.0001745561386 2
0 0.005 0.035 -0.0001703653787 2
0 0.005 0.045 -0.0001677445998 2
0 0.005 0.055 -0.0001747066061 2
0 0.005 0.065 -0.0001803554403 2
0 0.005 0.075 -0.0001836221438 2
0 0.005 0.085 -0.0001816975526 2
0 0.005 0.095 -0.0001760907314 2
0 0.005 0.105 -0.0001695814964 2
0 0.005 0.115 -0.00016263817 2
0 0.005 0.125 -0.000155847692 2
0 0.005 0.135 -0.0001501435153 2
0 0.005 0.145 -0.0001469042773 2
0 0.005 0.155 -0.0001525172382 2
0 0.005 0.165 -0.0001647684166 2
0 0.005 0.175 -0.0001659971079 2
0 0.005 0.185 -0.0001402721972 1
0 0.005 0.195 -9.383381807e-05 1
0 0.005 0.205 -5.137103924e-05 1
0 0.005 0.215 -1.38344046e-05 1
0 0.005 0.225 2.363249612e-05 1
0 0.005 0.235 5.870857901e-05 2
0 0.005 0.245 0.0001023837535 2
0 0.005 0.255 0.000137238919 2
0 0.005 0.265 0.0001559690659 2
0 0.005 0.275 0.000163104824 2
0 0.005 0.285 0.0001698997645 2
0 0.005 0.295 0.0001817043789 2
0 0.005 0.305 0.0001960502689 2
0 0.005 0.315 0.0002118013085 2
0 0.005 0.325 0.0002264384206 2
0 0.005 0.335 0.0002343327276 2
0 0.005 0.345 0.0002279316869 2
0 0.005 0.355 0.0002097239045 1
0 0.005 0.365 0.0001962308235 1
0 0.005 0.375 0.0001952622213 1
0 0.005 0.385 0.0001821330283 1
0 0.005 0.395 0.0001464074906 1
0 0.005 0.405 0 1
0 0.005 0.415 0 1
0 0.005 0.425 0 1
0 0.005 0.435 0 2
0 0.005 0.445 0 2
0 0.005 0.455 0 2
0 0.005 0.465 0 2
0 0.015 -0.455 0 1
0 0.015 -0.445 0 2
0 0.015 -0.435 0 2
0 0.015 -0.425 0 2
0 0.015 -0.415 0 2
0 0.015 -0.405 0 2
0 0.015 -0.395 0.0002754166884 2
0 0.015 -0.385 0.0003545055531 2
0 0.015 -0.375 0.0003879378159 2
0 0.015 -0.365 0.0003890425889 2
0 0.015 -0.355 0.0003733553818 2
0 0.015 -0.345 0.0003503853342 2
0 0.015 -0.335 0.0003250493199 2
0 0.015 -0.325 0.0003003222309 2
0 0.015 -0.315 0.0002774573877 2
0 0.015 -0.305 0.0002579191387 2
0 0.015 -0.295 0.0002421732981 2
0 0.015 -0.285 0.0002362715634 2
0 0.015 -0.275 0.0002333986828 2
0 0.015 -0.265 0.0002155604631 2
0 0.015 -0.255 0.0001701248813 2
0 0.015 -0.245 0.0001015882104 2
0 0.015 -0.235 3.55214887e-05 2
0 0.015 -0.225 -2.340341512e-05 2
0 0.015 -0.215 -6.928411913e-05 2
0 0.015 -0.205 -0.00010493885 2
0 0.015 -0.195 -0.0001281443918 2
0 0.015 -0.185 -0.0001419656146 2
0 0.015 -0.175 -0.0001538503895 2
0 0.015 -0.165 -0.000162304847 2
0 0.015 -0.155 -0.0001691689487 2
0 0.015 -0.145 -0.0001752506862 2
0 0.015 -0.135 -0.0001808953915 2
0 0.015 -0.125 -0.0001863044501 2
0 0.015 -0.115 -0.0001916680462 2
0 0.015 -0.105 -0.0001970983091 2
0 0.015 -0.095 -0.0002026464918 2
0 0.015 -0.085 -0.0002082133998 2
0 0.015 -0.075 -0.0002136510734 2
0 0.015 -0.065 -0.0002185571605 2
0 0.015 -0.055 -0.0002232660597 2
0 0.015 -0.045 -0.0002278989244 2
0 0.015 -0.035 -0.0002329789955 2
0 0.015 -0.025 -0.0002373946554 2
0 0.015 -0.015 -0.0002403649062 2
0 0.015 -0.005 -0.0002394364233 2
0 0.015 0.005 -0.0002354068238 2
0 0.015 0.015 -0.0002265745405 2
0 0.015 0.025 -0.0002197794232 2
0 0.015 0.035 -0.0002136544238 2
0 0.015 0.045 -0.0002102766232 2
0 0.015 0.055 -0.0002130353429 2
0 0.015 0.065 -0.0002164441452 2
0 0.015 0.075 -0.0002179366883 2
0 0.015 0.085 -0.0002139898326 2
0 0.015 0.095 -0.0002079372924 2
0 0.015 0.105 -0.0002005163043 2
0 0.015 0.115 -0.0001924743883 2
0 0.015 0.125 -0.0001847176357 2
0 0.015 0.135 -0.0001785641162 2
0 0.015 0.145 -0.0001765441176 2
0 0.015 0.155 -0.0001850737346 2
0 0.015 0.165 -0.0002078182717 2
0 0.015 0.175 -0.0002174975747 2
0 0.015 0.185 -0.000181816518 1
0 0.015 0.195 -0.0001167348665 1
0 0.015 0.205 -5.500914698e-05 1
0 0.015 0.215 -1.993644748e-06 1
0 0.015 0.225 5.177186405e-05 1
0 0.015 0.235 0.0001039402083 1
0 0.015 0.245 0.000155495146 1
0 0.015 0.255 0.0002035962197 2
0 0.015 0.265 0.0002403979719 2
0 0.015 0.275 0.0002544092387 2
0 0.015 0.285 0.0002587961096 2
0 0.015 0.295 0.0002677084083 2
0 0.015 0.305 0.0002863221774 2
0 0.015 0.315 0.0003071612946 2
0 0.015 0.325 0.0003268006006 2
0 0.015 0.335 0.0003350648279 2
0 0.015 0.345 0.0003274712346 2
0 0.015 0.355 0.0002986443673 1
0 0.015 0.365 0.0002902227609 1
0 0.015 0.375 0.0002840549618 1
0 0.015 0.385 0.0002579161882 1
0 0.015 0.395 0.0001962751327 1
0 0.015 0.405 0 1
0 0.015 0.415 0 1
0 0.015 0.425 0 1
0 0.015 0.435 0 2
0 0.015 0.445 0 2
0 0.015 0.455 0 2
0 0.015 0.465 0 2
0 0.025 -0.455 0 1
0 0.025 -0.445 0 1
0 0.025 -0.435 0 2
0 0.025 -0.425 0 2
0 0.025 -0.415 0 2
0 0.025 -0.405 0 2
0 0.025 -0.395 0.0003239079487 2
0 0.025 -0.385 0.0004312568989 2
0 0.025 -0.375 0.0004809952846 2
0 0.025 -0.365 0.000484549089 2
0 0.025 -0.355 0.0004652950146 2
0 0.025 -0.345 0.0004363615188 2
0 0.025 -0.335 0.0004050997585 2
0 0.025 -0.325 0.0003755083521 2
0 0.025 -0.315 0.0003488238421 2
0 0.025 -0.305 0.0003264138228 2
0 0.025 -0.295 0.0003089094894 2
0 0.025 -0.285 0.0003066323239 2
0 0.025 -0.275 0.0003038573163 2
0 0.025 -0.265 0.0002782710649 2
0 0.025 -0.255 0.0002208620916 1
0 0.025 -0.245 0.0001435246243 1
0 0.025 -0.235 7.334567024e-05 1
0 0.025 -0.225 5.448229321e-06 2
0 0.025 -0.215 -5.480025216e-05 2
0 0.025 -0.205 -0.0001083142207 2
0 0.025 -0.195 -0.0001417050571 2
0 0.025 -0.185 -0.0001568246789 2
0 0.025 -0.175 -0.000164570912 2
0 0.025 -0.165 -0.0001702646378 2
0 0.025 -0.155 -0.0001734451864 2
0 0.025 -0.145 -0.0001755442932 2
0 0.025 -0.135 -0.0001773284469 2
0 0.025 -0.125 -0.0001790823888 2
0 0.025 -0.115 -0.0001811727088 2
0 0.025 -0.105 -0.0001838390579 2
0 0.025 -0.095 -0.0001872215756 2
0 0.025 -0.085 -0.000191270738 2
0 0.025 -0.075 -0.0001958439748 2
0 0.025 -0.065 -0.0002006922887 2
0 0.025 -0.055 -0.0002058919905 2
0 0.025 -0.045 -0.0002113772309 2
0 0.025 -0.035 -0.0002170499126 2
0 0.025 -0.025 -0.0002219741688 2
0 0.025 -0.015 -0.0002253134323 2
0 0.025 -0.005 -0.0002260217507 2
0 0.025 0.005 -0.0002242284436 2
0 0.025 0.015 -0.0002198660407 2
0 0.025 0.025 -0.0002151543165 2
0 0.025 0.035 -0.0002105677876 2
0 0.025 0.045 -0.0002072528125 2
0 0.025 0.055 -0.0002062379965 2
0 0.025 0.065 -0.0002058726895 2
0 0.025 0.075 -0.0002048918465 2
0 0.025 0.085 -0.0002017561255 2
0 0.025 0.095 -0.0001967039731 2
0 0.025 0.105 -0.0001902922573 2
0 0.025 0.115 -0.0001834388679 2
0 0.025 0.125 -0.0001772952232 2
0 0.025 0.135 -0.0001736016104 2
0 0.025 0.145 -0.0001759278632 2
0 0.025 0.155 -0.000188759853 2
0 0.025 0.165 -0.0002234499644 2
0 0.025 0.175 -0.0002486608334 1
0 0.025 0.185 -0.0002090191698 1
0 0.025 0.195 -0.0001276857011 1
0 0.025 0.205 -4.817499174e-05 1
0 0.025 0.215 1.769810585e-05 1
0 0.025 0.225 8.292812879e-05 1
0 0.025 0.235 0.0001474977934 1
0 0.025 0.245 0.0002107764582 1
0 0.025 0.255 0.000277013661 1
0 0.025 0.265 0.0003210207102 2
0 0.025 0.275 0.0003383043971 2
0 0.025 0.285 0.0003411819717 2
0 0.025 0.295 0.0003456439992 2
0 0.025 0.305 0.0003651752867 2
0 0.025 0.315 0.0003879038756 2
0 0.025 0.325 0.0004097728542 2
0 0.025 0.335 0.0004158458668 2
0 0.025 0.345 0.0004094466791 2
0 0.025 0.355 0.0003928939098 2
0 0.025 0.365 0.000374980205 1
0 0.025 0.375 0.0003611504004 1
0 0.025 0.385 0.0003179865997 1
0 0.025 0.395 0.0002325474193 1
0 0.025 0.405 0 1
0 0.025 0.415 0 1
0 0.025 0.425 0 1
0 0.025 0.435 0 2
0 0.025 0.445 0 2
0 0.025 0.455 0 2
0 0.025 0.465 0 2
0 0.035 -0.455 0 1
0 0.035 -0.445 0 1
0 0.035 -0.435 0 2
0 0.035 -0.425 0 2
0 0.035 -0.415 0 2
0 0.035 -0.405 0 2
0 0.035 -0.395 0.0003376281395 2
0 0.035 -0.385 0.0004567091012 2
0 0.035 -0.375 0.0005135509365 2
0 0.035 -0.365 0.0005177194963 2
0 0.035 -0.355 0.0004962897325 2
0 0.035 -0.345 0.0004648300546 2
0 0.035 -0.335 0.0004325786653 2
0 0.035 -0.325 0.0004040658472 2
0 0.035 -0.315 0.0003794647314 2
0 0.035 -0.305 0.0003592131626 2
0 0.035 -0.295 0.0003442507134 2
0 0.035 -0.285 0.0003456429486 2
0 0.035 -0.275 0.0003462079795 2
0 0.035 -0.265 0.0003274438163 1
0 0.035 -0.255 0.0002570395191 1
0 0.035 -0.245 0.0001715484108 1
0 0.035 -0.235 9.489743478e-05 1
0 0.035 -0.225 3.397833796e-05 1
0 0.035 -0.215 -1.834397909e-05 1
0 0.035 -0.205 -7.404304835e-05 2
0 0.035 -0.195 -0.000116748012 2
0 0.035 -0.185 -0.0001363526632 2
0 0.035 -0.175 -0.0001373899744 2
0 0.035 -0.165 -0.000132492467 2
0 0.035 -0.155 -0.0001276621359 2
0 0.035 -0.145 -0.0001213041148 2
0 0.035 -0.135 -0.0001148444355 2
0 0.035 -0.125 -0.0001088515681 2
0 0.035 -0.115 -0.0001038403772 2
0 0.035 -0.105 -0.0001002428107 2
0 0.035 -0.095 -9.83369025e-05 2
0 0.035 -0.085 -9.822374618e-05 2
0 0.035 -0.075 -9.982518756e-05 2
0 0.035 -0.065 -0.0001028882702 2
0 0.035 -0.055 -0.0001071265105 2
0 0.035 -0.045 -0.0001121190849 2
0 0.035 -0.035 -0.0001173662457 2
0 0.035 -0.025 -0.0001220815805 2
0 0.035 -0.015 -0.000125559631 2
0 0.035 -0.005 -0.0001271663269 2
0 0.035 0.005 -0.0001268795936 2
0 0.035 0.015 -0.0001248407208 2
0 0.035 0.025 -0.0001220784575 2
0 0.035 0.035 -0.0001192566036 2
0 0.035 0.045 -0.000117233136 2
0 0.035 0.055 -0.0001165661844 2
0 0.035 0.065 -0.0001166456733 2
0 0.035 0.075 -0.0001166670682 2
0 0.035 0.085 -0.0001157591484 2
0 0.035 0.095 -0.0001139168046 2
0 0.035 0.105 -0.0001115350729 2
0 0.035 0.115 -0.0001094309975 2
0 0.035 0.125 -0.0001088079453 2
0 0.035 0.135 -0.0001116083738 2
0 0.035 0.145 -0.0001213723903 2
0 0.035 0.155 -0.0001446923439 2
0 0.035 0.165 -0.0001907812165 2
0 0.035 0.175 -0.0002204921638 2
0 0.035 0.185 -0.0001871024567 1
0 0.035 0.195 -0.0001070761334 1
0 0.035 0.205 -2.528218355e-05 1
0 0.035 0.215 4.307161754e-05 1
0 0.035 0.225 0.0001087565278 1
0 0.035 0.235 0.0001776791798 1
0 0.035 0.245 0.0002518171834 1
0 0.035 0.255 0.000329131289 1
0 0.035 0.265 0.0003886736625 1
0 0.035 0.275 0.0003964610589 2
0 0.035 0.285 0.0003935070105 2
0 0.035 0.295 0.0003914875609 2
0 0.035 0.305 0.0004059855177 2
0 0.035 0.315 0.0004253489807 2
0 0.035 0.325 0.0004446747813 2
0 0.035 0.335 0.0004531682698 2
0 0.035 0.345 0.0004497057463 2
0 0.035 0.355 0.0004406713815 2
0 0.035 0.365 0.0004189609629 1
0 0.035 0.375 0.0003967441001 1
0 0.035 0.385 0.0003404754452 1
0 0.035 0.395 0.0002444487352 1
0 0.035 0.405 0 1
0 0.035 0.415 0 1
0 0.035 0.425 0 1
0 0.035 0.435 0 1
0 0.035 0.445 0 2
0 0.035 0.455 0 2
0 0.035 0.465 0 2
0 0.045 -0.455 0 1
0 0.045 -0.445 0 1
0 0.045 -0.435 0 2
0 0.045 -0.425 0 2
0 0.045 -0.415 0 2
0 0.045 -0.405 0 2
0 0.045 -0.395 0.0003291170092 2
0 0.045 -0.385 0.0004491630228 2
0 0.045 -0.375 0.0005054671815 2
0 0.045 -0.365 0.000506640749 2
0 0.045 -0.355 0.0004829968322 2
0 0.045 -0.345 0.0004510053726 2
0 0.045 -0.335 0.000421111917 2
0 0.045 -0.325 0.0003985579607 2
0 0.045 -0.315 0.0003812214987 2
0 0.045 -0.305 0.0003674925928 2
0 0.045 -0.295 0.000358546771 2
0 0.045 -0.285 0.0003671059645 2
0 0.045 -0.275 0.0003757831437 2
0 0.045 -0.265 0.0003570541607 1
0 0.045 -0.255 0.0002826299014 1
0 0.045 -0.245 0.0001946626861 1
0 0.045 -0.235 0.0001196364991 1
0 0.045 -0.225 6.055377801e-05 1
0 0.045 -0.215 1.205519371e-05 1
0 0.045 -0.205 -3.115369635e-05 1
0 0.045 -0.195 -6.84923825e-05 2
0 0.045 -0.185 -8.645442924e-05 2
0 0.045 -0.175 -7.902482553e-05 2
0 0.045 -0.165 -6.039767945e-05 2
0 0.045 -0.155 -4.289732892e-05 2
0 0.045 -0.145 -2.390359432e-05 2
0 0.045 -0.135 -5.139222274e-06 2
0 0.045 -0.125 1.232778877e-05 2
0 0.045 -0.115 2.789238231e-05 2
0 0.045 -0.105 4.088038455e-05 2
0 0.045 -0.095 5.082239654e-05 2
0 0.045 -0.085 5.748380059e-05 2
0 0.045 -0.075 6.093012396e-05 2
0 0.045 -0.065 6.15210481e-05 2
0 0.045 -0.055 5.980673725e-05 2
0 0.045 -0.045 5.649538473e-05 2
0 0.045 -0.035 5.235787982e-05 2
0 0.045 -0.025 4.821256022e-05 2
0 0.045 -0.015 4.473797125e-05 2
0 0.045 -0.005 4.241774104e-05 2
0 0.045 0.005 4.134255806e-05 2
0 0.045 0.015 4.132976167e-05 2
0 0.045 0.025 4.177037557e-05 2
0 0.045 0.035 4.207513405e-05 2
0 0.045 0.045 4.16385041e-05 2
0 0.045 0.055 4.008146192e-05 2
0 0.045 0.065 3.754347588e-05 2
0 0.045 0.075 3.436100886e-05 2
0 0.045 0.085 3.089885058e-05 2
0 0.045 0.095 2.716208094e-05 2
0 0.045 0.105 2.283446654e-05 2
0 0.045 0.115 1.719820389e-05 2
0 0.045 0.125 9.072442218e-06 2
0 0.045 0.135 -3.51397876e-06 2
0 0.045 0.145 -2.339539793e-05 2
0 0.045 0.155 -5.797020201e-05 2
0 0.045 0.165 -0.0001098947205 2
0 0.045 0.175 -0.0001506699077 2
0 0.045 0.185 -0.0001386853423 1
0 0.045 0.195 -6.926646305e-05 1
0 0.045 0.205 9.033101704e-06 1
0 0.045 0.215 7.946736955e-05 1
0 0.045 0.225 0.000145140752 1
0 0.045 0.235 0.0002108550492 1
0 0.045 0.245 0.0002818621197 1
0 0.045 0.255 0.0003592108488 1
0 0.045 0.265 0.0004262938824 1
0 0.045 0.275 0.0004424937441 2
0 0.045 0.285 0.0004327587676 2
0 0.045 0.295 0.0004193775579 2
0 0.045 0.305 0.0004210314762 2
0 0.045 0.315 0.0004336442255 2
0 0.045 0.325 0.0004471477347 2
0 0.045 0.335 0.0004565864579 2
0 0.045 0.345 0.0004515153817 2
0 0.045 0.355 0.0004467387655 2
0 0.045 0.365 0.0004334300302 1
0 0.045 0.375 0.00040608248 1
0 0.045 0.385 0.0003386582804 1
0 0.045 0.395 0.0002387576196 1
0 0.045 0.405 0 1
0 0.045 0.415 0 1
0 0.045 0.425 0 1
0 0.045 0.435 0 1
0 0.045 0.445 0 2
0 0.045 0.455 0 2
0 0.045 0.465 0 2
0 0.055 -0.455 0 1
0 0.055 -0.445 0 2
0 0.055 -0.435 0 2
0 0.055 -0.425 0 2
0 0.055 -0.415 0 2
0 0.055 -0.405 0 2
0 0.055 -0.395 0.0002997906664 2
0 0.055 -0.385 0.0004135879196 2
0 0.055 -0.375 0.0004619932958 2
0 0.055 -0.365 0.0004528114996 2
0 0.055 -0.355 0.0004255900373 2
0 0.055 -0.345 0.0003934482062 2
0 0.055 -0.335 0.0003675827405 2
0 0.055 -0.325 0.000357630897 2
0 0.055 -0.315 0.0003538651469 2
0 0.055 -0.305 0.0003506605929 2
0 0.055 -0.295 0.0003507453308 2
0 0.055 -0.285 0.0003689282202 2
0 0.055 -0.275 0.0003849009534 2
0 0.055 -0.265 0.0003671460353 1
0 0.055 -0.255 0.0002950529383 1
0 0.055 -0.245 0.0002167082632 1
0 0.055 -0.235 0.0001546752613 1
0 0.055 -0.225 0.0001007085327 1
0 0.055 -0.215 5.348815635e-05 1
0 0.055 -0.205 1.627813916e-05 1
0 0.055 -0.195 -4.451750477e-06 1
0 0.055 -0.185 -9.845903341e-06 2
0 0.055 -0.175 6.590859339e-06 2
0 0.055 -0.165 4.105174346e-05 2
0 0.055 -0.155 7.901701593e-05 2
0 0.055 -0.145 0.0001150729636 2
0 0.055 -0.135 0.0001502488101 2
0 0.055 -0.125 0.0001829972213 2
0 0.055 -0.115 0.0002126166887 2
0 0.055 -0.105 0.0002381656977 2
0 0.055 -0.095 0.0002589108703 2
0 0.055 -0.085 0.0002744434984 2
0 0.055 -0.075 0.0002848249903 2
0 0.055 -0.065 0.0002905992827 2
0 0.055 -0.055 0.0002926266928 2
0 0.055 -0.045 0.000291945984 2
0 0.055 -0.035 0.000289599797 2
0 0.055 -0.025 0.0002865297561 2
0 0.055 -0.015 0.0002834470675 2
0 0.055 -0.005 0.0002807828703 2
0 0.055 0.005 0.0002786248909 2
0 0.055 0.015 0.0002767816096 2
0 0.055 0.025 0.0002747931185 2
0 0.055 0.035 0.0002721335249 2
0 0.055 0.045 0.0002682871132 2
0 0.055 0.055 0.0002628934282 2
0 0.055 0.065 0.0002558623927 2
0 0.055 0.075 0.00024725632 2
0 0.055 0.085 0.0002371645379 2
0 0.055 0.095 0.000225499218 2
0 0.055 0.105 0.0002119335798 2
0 0.055 0.115 0.0001958110718 2
0 0.055 0.125 0.0001761004769 2
0 0.055 0.135 0.0001510930893 2
0 0.055 0.145 0.000118712102 2
0 0.055 0.155 7.703137552e-05 2
0 0.055 0.165 1.972389494e-05 2
0 0.055 0.175 -3.540442016e-05 2
0 0.055 0.185 -6.024218976e-05 1
0 0.055 0.195 -1.233877432e-05 1
0 0.055 0.205 5.756964254e-05 1
0 0.055 0.215 0.0001232804916 1
0 0.055 0.225 0.0001861342512 1
0 0.055 0.235 0.0002468034863 1
0 0.055 0.245 0.0003095679367 1
0 0.055 0.255 0.0003819070052 1
0 0.055 0.265 0.0004479714363 1
0 0.055 0.275 0.0004655185567 2
0 0.055 0.285 0.0004464948876 2
0 0.055 0.295 0.000419493695 2
0 0.055 0.305 0.0004108394533 2
0 0.055 0.315 0.0004138888106 2
0 0.055 0.325 0.0004191588701 2
0 0.055 0.335 0.0004225313838 2
0 0.055 0.345 0.0004133787039 2
0 0.055 0.355 0.0004074768457 2
0 0.055 0.365 0.0004110578793 2
0 0.055 0.375 0.0003882085602 1
0 0.055 0.385 0.0003187773225 1
0 0.055 0.395 0.0002186419213 1
0 0.055 0.405 0 1
0 0.055 0.415 0 1
0 0.055 0.425 0 1
0 0.055 0.435 0 2
0 0.055 0.445 0 2
0 0.055 0.455 0 2
0 0.055 0.465 0 2
0 0.065 -0.455 0 2
0 0.065 -0.445 0 2
0 0.065 -0.435 0 2
0 0.065 -0.425 0 2
0 0.065 -0.415 0 2
0 0.065 -0.405 0 2
0 0.065 -0.395 0.0002527023153 2
0 0.065 -0.385 0.0003528547246 2
0 0.065 -0.375 0.0003857565433 2
0 0.065 -0.365 0.0003675263701 2
0 0.065 -0.355 0.0003427294416 2
0 0.065 -0.345 0.0003122662235 2
0 0.065 -0.335 0.0002863669482 2
0 0.065 -0.325 0.0002848427425 2
0 0.065 -0.315 0.000297380904 2
0 0.065 -0.305 0.0003088341763 2
0 0.065 -0.295 0.0003207630011 2
0 0.065 -0.285 0.0003442568566 2
0 0.065 -0.275 0.0003689101429 2
0 0.065 -0.265 0.0003644554489 1
0 0.065 -0.255 0.0003057014461 1
0 0.065 -0.245 0.0002380127428 1
0 0.065 -0.235 0.0001849249816 1
0 0.065 -0.225 0.0001436241756 1
0 0.065 -0.215 0.0001098401783 1
0 0.065 -0.205 8.312855995e-05 1
0 0.065 -0.195 6.88675515e-05 1
0 0.065 -0.185 8.144121144e-05 2
0 0.065 -0.175 0.0001125151992 2
0 0.065 -0.165 0.0001698922106 2
0 0.065 -0.155 0.0002324105056 2
0 0.065 -0.145 0.0002899581578 2
0 0.065 -0.135 0.0003454020271 2
0 0.065 -0.125 0.0003970422177 2
0 0.065 -0.115 0.0004440549437 2
0 0.065 -0.105 0.0004852132297 2
0 0.065 -0.095 0.0005193939356 2
0 0.065 -0.085 0.0005459348047 2
0 0.065 -0.075 0.0005648888709 2
0 0.065 -0.065 0.0005770899252 2
0 0.065 -0.055 0.0005837967586 2
0 0.065 -0.045 0.0005864669812 2
0 0.065 -0.035 0.0005864681985 2
0 0.065 -0.025 0.0005849267517 2
0 0.065 -0.015 0.0005826174523 2
0 0.065 -0.005 0.0005799451787 2
0 0.065 0.005 0.00057695733 2
0 0.065 0.015 0.000573419817 2
0 0.065 0.025 0.0005688910481 2
0 0.065 0.035 0.0005628541886 2
0 0.065 0.045 0.000554808727 2
0 0.065 0.055 0.0005443633087 2
0 0.065 0.065 0.0005312886631 2
0 0.065 0.075 0.0005154680851 2
0 0.065 0.085 0.0004968159509 2
0 0.065 0.095 0.0004751607818 2
0 0.065 0.105 0.000450174256 2
0 0.065 0.115 0.0004212951308 2
0 0.065 0.125 0.0003877045373 2
0 0.065 0.135 0.0003482286544 2
0 0.065 0.145 0.0003014507967 2
0 0.065 0.155 0.0002468857186 2
0 0.065 0.165 0.0001785860056 2
0 0.065 0.175 0.0001105923416 2
0 0.065 0.185 6.624780063e-05 2
0 0.065 0.195 7.779855191e-05 1
0 0.065 0.205 0.000125519566 1
0 0.065 0.215 0.0001742268342 1
0 0.065 0.225 0.0002283879182 1
0 0.065 0.235 0.000283026404 1
0 0.065 0.245 0.0003381318089 1
0 0.065 0.255 0.0004000356345 1
0 0.065 0.265 0.0004567669587 1
0 0.065 0.275 0.0004719151038 1
0 0.065 0.285 0.0004346910299 2
0 0.065 0.295 0.0003974170746 2
0 0.065 0.305 0.0003796187263 2
0 0.065 0.315 0.00037128794 2
0 0.065 0.325 0.0003665384437 2
0 0.065 0.335 0.0003613819326 2
0 0.065 0.345 0.0003501265925 2
0 0.065 0.355 0.0003394490066 2
0 0.065 0.365 0.0003384781321 2
0 0.065 0.375 0.0003343530204 2
0 0.065 0.385 0.0002816501641 1
0 0.065 0.395 0.0001916058335 1
0 0.065 0.405 0 1
0 0.065 0.415 0 1
0 0.065 0.425 0 1
0 0.065 0.435 0 2
0 0.065 0.445 0 2
0 0.065 0.455 0 2
0 0.065 0.465 0 2
0 0.075 -0.455 0 2
0 0.075 -0.445 0 2
0 0.075 -0.435 0 2
0 0.075 -0.425 0 2
0 0.075 -0.415 0 2
0 0.075 -0.405 0 2
0 0.075 -0.395 0.0001931816258 2
0 0.075 -0.385 0.0002647008851 2
0 0.075 -0.375 0.0002788134318 2
0 0.075 -0.365 0.0002638544945 1
0 0.075 -0.355 0.0002421323933 1
0 0.075 -0.345 0.0002119945622 1
0 0.075 -0.335 0.0001829271696 1
0 0.075 -0.325 0.000179719549 2
0 0.075 -0.315 0.0002107478284 2
0 0.075 -0.305 0.0002410230885 2
0 0.075 -0.295 0.0002663646245 2
0 0.075 -0.285 0.0002977164086 2
0 0.075 -0.275 0.0003331103936 2
0 0.075 -0.265 0.0003472879206 1
0 0.075 -0.255 0.0003064252644 1
0 0.075 -0.245 0.00025448438 1
0 0.075 -0.235 0.0002156791253 1
0 0.075 -0.225 0.0001883656202 1
0 0.075 -0.215 0.0001715016601 1
0 0.075 -0.205 0.0001605383495 1
0 0.075 -0.195 0.0001575257134 1
0 0.075 -0.185 0.0001863943824 1
0 0.075 -0.175 0.0002379123159 2
0 0.075 -0.165 0.0003232770759 2
0 0.075 -0.155 0.0004126658206 2
0 0.075 -0.145 0.0004957830711 2
0 0.075 -0.135 0.0005750222217 2
0 0.075 -0.125 0.0006488439352 2
0 0.075 -0.115 0.0007163873739 2
0 0.075 -0.105 0.0007761154746 2
0 0.075 -0.095 0.0008262476972 2
0 0.075 -0.085 0.0008656964751 2
0 0.075 -0.075 0.0008944793889 2
0 0.075 -0.065 0.0009139472644 2
0 0.075 -0.055 0.0009259138878 2
0 0.075 -0.045 0.0009324051147 2
0 0.075 -0.035 0.0009351856483 2
0 0.075 -0.025 0.0009356036781 2
0 0.075 -0.015 0.0009344949626 2
0 0.075 -0.005 0.0009322174662 2
0 0.075 0.005 0.0009287284861 2
0 0.075 0.015 0.0009236978535 2
0 0.075 0.025 0.0009166202369 2
0 0.075 0.035 0.0009069306638 2
0 0.075 0.045 0.0008940915931 2
0 0.075 0.055 0.0008776582885 2
0 0.075 0.065 0.0008573081194 2
0 0.075 0.075 0.0008328156225 2
0 0.075 0.085 0.0008039990566 2
0 0.075 0.095 0.0007706477354 2
0 0.075 0.105 0.0007324660529 2
0 0.075 0.115 0.0006890272413 2
0 0.075 0.125 0.000639759703 2
0 0.075 0.135 0.0005840476556 2
0 0.075 0.145 0.0005210534174 2
0 0.075 0.155 0.0004511132948 2
0 0.075 0.165 0.0003714010128 2
0 0.075 0.175 0.0002902188504 2
0 0.075 0.185 0.0002257827202 2
0 0.075 0.195 0.0002015553187 2
0 0.075 0.205 0.0002140619834 1
0 0.075 0.215 0.0002427351751 1
0 0.075 0.225 0.000281232428 1
0 0.075 0.235 0.0003218144939 1
0 0.075 0.245 0.0003631085079 1
0 0.075 0.255 0.000407062143 1
0 0.075 0.265 0.0004456285425 1
0 0.075 0.275 0.0004457858964 2
0 0.075 0.285 0.0004064410419 2
0 0.075 0.295 0.0003597807377 2
0 0.075 0.305 0.0003295222573 2
0 0.075 0.315 0.0003090631399 2
0 0.075 0.325 0.000293175839 2
0 0.075 0.335 0.000278277578 2
0 0.075 0.345 0.0002633462592 2
0 0.075 0.355 0.0002483709929 2
0 0.075 0.365 0.0002380203219 2
0 0.075 0.375 0.0002345905279 2
0 0.075 0.385 0.0002164654334 2
0 0.075 0.395 0.00015424874 1
0 0.075 0.405 0 1
0 0.075 0.415 0 1
0 0.075 0.425 0 2
0 0.075 0.435 0 2
0 0.075 0.445 0 2
0 0.075 0.455 0 2
0 0.075 0.465 0 2
0 0.085 -0.455 0 1
0 0.085 -0.445 0 1
0 0.085 -0.435 0 1
0 0.085 -0.425 0 1
0 0.085 -0.415 0 1
0 0.085 -0.405 0 1
0 0.085 -0.395 0.0001226640724 1
0 0.085 -0.385 0.0001503327624 2
0 0.085 -0.375 0.0001546839321 1
0 0.085 -0.365 0.0001512413725 1
0 0.085 -0.355 0.0001266061102 1
0 0.085 -0.345 9.686544009e-05 1
0 0.085 -0.335 6.926582617e-05 1
0 0.085 -0.325 5.065647509e-05 1
0 0.085 -0.315 8.794430124e-05 2
0 0.085 -0.305 0.0001424365647 2
0 0.085 -0.295 0.0001887004724 2
0 0.085 -0.285 0.0002325121962 2
0 0.085 -0.275 0.0002788237254 2
0 0.085 -0.265 0.000308282374 2
0 0.085 -0.255 0.0002974701895 1
0 0.085 -0.245 0.0002671716667 1
0 0.085 -0.235 0.0002459584113 1
0 0.085 -0.225 0.0002353085119 1
0 0.085 -0.215 0.0002362845547 1
0 0.085 -0.205 0.000245632115 1
0 0.085 -0.195 0.0002624972606 1
0 0.085 -0.185 0.0003038346847 1
0 0.085 -0.175 0.000381041904 2
0 0.085 -0.165 0.0004950216875 2
0 0.085 -0.155 0.0006154427667 2
0 0.085 -0.145 0.000727078177 2
0 0.085 -0.135 0.0008329950864 2
0 0.085 -0.125 0.0009315578895 2
0 0.085 -0.115 0.00102229543 2
0 0.085 -0.105 0.001103421666 2
0 0.085 -0.095 0.001171927681 2
0 0.085 -0.085 0.001225965588 2
0 0.085 -0.075 0.00126541495 2
0 0.085 -0.065 0.00129262491 2
0 0.085 -0.055 0.001310113543 2
0 0.085 -0.045 0.001320666277 2
0 0.085 -0.035 0.001326523633 2
0 0.085 -0.025 0.001329290089 2
0 0.085 -0.015 0.001329840254 2
0 0.085 -0.005 0.001328428161 2
0 0.085 0.005 0.001324849802 2
0 0.085 0.015 0.00131861199 2
0 0.085 0.025 0.001309082523 2
0 0.085 0.035 0.001295603638 2
0 0.085 0.045 0.001277571706 2
0 0.085 0.055 0.001254484452 2
0 0.085 0.065 0.001225957223 2
0 0.085 0.075 0.001191706185 2
0 0.085 0.085 0.001151511716 2
0 0.085 0.095 0.001105172222 2
0 0.085 0.105 0.001052466816 2
0 0.085 0.115 0.0009931391379 2
0 0.085 0.125 0.0009268967954 2
0 0.085 0.135 0.0008535508407 2
0 0.085 0.145 0.0007729076899 2
0 0.085 0.155 0.0006857851375 2
0 0.085 0.165 0.0005944686866 2
0 0.085 0.175 0.0005016236644 2
0 0.085 0.185 0.0004168059162 2
0 0.085 0.195 0.0003561783464 2
0 0.085 0.205 0.0003291892787 2
0 0.085 0.215 0.0003327379892 2
0 0.085 0.225 0.0003444163706 1
0 0.085 0.235 0.000364713903 1
0 0.085 0.245 0.0003874679498 1
0 0.085 0.255 0.0004117619859 1
0 0.085 0.265 0.0004292707341 1
0 0.085 0.275 0.0004097224786 2
0 0.085 0.285 0.0003607765417 2
0 0.085 0.295 0.0003061339276 2
0 0.085 0.305 0.000262464846 2
0 0.085 0.315 0.0002295250571 2
0 0.085 0.325 0.0002021375904 2
0 0.085 0.335 0.0001771669241 2
0 0.085 0.345 0.0001532933809 2
0 0.085 0.355 0.0001335732638 2
0 0.085 0.365 0.0001208877509 2
0 0.085 0.375 0.0001165080619 2
0 0.085 0.385 0.0001177278547 2
0 0.085 0.395 0.0001029313123 2
0 0.085 0.405 0 2
0 0.085 0.415 0 2
0 0.085 0.425 0 2
0 0.085 0.435 0 2
0 0.085 0.445 0 2
0 0.085 0.455 0 2
0 0.085 0.465 0 2
0 0.095 -0.455 0 1
0 0.095 -0.445 0 1
0 0.095 -0.435 0 1
0 0.095 -0.425 0 1
0 0.095 -0.415 0 1
0 0.095 -0.405 0 1
0 0.095 -0.395 4.352109665e-05 1
0 0.095 -0.385 2.896746887e-05 1
0 0.095 -0.375 2.776823347e-05 1
0 0.095 -0.365 1.983228807e-05 1
0 0.095 -0.355 -6.463710316e-06 1
0 0.095 -0.345 -3.359470144e-05 1
0 0.095 -0.335 -5.539404252e-05 1
0 0.095 -0.325 -7.36533992e-05 1
0 0.095 -0.315 -5.295440512e-05 2
0 0.095 -0.305 2.300890604e-05 2
0 0.095 -0.295 9.232675263e-05 2
0 0.095 -0.285 0.0001493155533 2
0 0.095 -0.275 0.0002072332555 2
0 0.095 -0.265 0.0002560307335 2
0 0.095 -0.255 0.0002805279505 1
0 0.095 -0.245 0.0002761411777 1
0 0.095 -0.235 0.0002747474928 1
0 0.095 -0.225 0.0002838905814 1
0 0.095 -0.215 0.0003046070658 1
0 0.095 -0.205 0.0003362535428 1
0 0.095 -0.195 0.0003748641289 1
0 0.095 -0.185 0.0004331342152 1
0 0.095 -0.175 0.0005387530076 2
0 0.095 -0.165 0.0006828692784 2
0 0.095 -0.155 0.0008367282968 2
0 0.095 -0.145 0.0009787773134 2
0 0.095 -0.135 0.00111356812 2
0 0.095 -0.125 0.001238255116 2
0 0.095 -0.115 0.001354357651 2
0 0.095 -0.105 0.001460089014 2
0 0.095 -0.095 0.001549544129 2
0 0.095 -0.085 0.001619439418 2
0 0.095 -0.075 0.001669278492 2
0 0.095 -0.065 0.001703946285 2
0 0.095 -0.055 0.001726728454 2
0 0.095 -0.045 0.001741358739 2
0 0.095 -0.035 0.001750518597 2
0 0.095 -0.025 0.001756030037 2
0 0.095 -0.015 0.001758763822 2
0 0.095 -0.005 0.001758782603 2
0 0.095 0.005 0.001755631921 2
0 0.095 0.015 0.001748580044 2
0 0.095 0.025 0.001736815774 2
0 0.095 0.035 0.001719558132 2
0 0.095 0.045 0.001696125377 2
0 0.095 0.055 0.001665964798 2
0 0.095 0.065 0.001628657597 2
0 0.095 0.075 0.001583902853 2
0 0.095 0.085 0.001531490461 2
0 0.095 0.095 0.001471271918 2
0 0.095 0.105 0.001403139654 2
0 0.095 0.115 0.001327032378 2
0 0.095 0.125 0.00124295511 2
0 0.095 0.135 0.001151112467 2
0 0.095 0.145 0.001051988325 2
0 0.095 0.155 0.0009468238443 2
0 0.095 0.165 0.0008382077927 2
0 0.095 0.175 0.000731149866 2
0 0.095 0.185 0.0006291729458 2
0 0.095 0.195 0.0005426469062 2
0 0.095 0.205 0.0004774084898 2
0 0.095 0.215 0.0004402386739 2
0 0.095 0.225 0.0004199508018 2
0 0.095 0.235 0.0004160055275 2
0 0.095 0.245 0.0004152698055 2
0 0.095 0.255 0.0004162022033 2
0 0.095 0.265 0.0004058412866 2
0 0.095 0.275 0.0003615178405 2
0 0.095 0.285 0.0002968562595 2
0 0.095 0.295 0.0002329474199 2
0 0.095 0.305 0.0001784244672 2
0 0.095 0.315 0.000133169201 2
0 0.095 0.325 9.479284957e-05 2
0 0.095 0.335 6.019764322e-05 2
0 0.095 0.345 2.645742315e-05 2
0 0.095 0.355 -2.691925974e-06 2
0 0.095 0.365 -1.4792349e-05 2
0 0.095 0.375 -1.038263338e-05 2
0 0.095 0.385 1.007898349e-05 2
0 0.095 0.395 3.065730607e-05 2
0 0.095 0.405 0 2
0 0.095 0.415 0 2
0 0.095 0.425 0 2
0 0.095 0.435 0 2
0 0.095 0.445 0 2
0 0.095 0.455 0 2
0 0.095 0.465 0 2
0 0.105 -0.455 0 1
0 0.105 -0.445 0 1
0 0.105 -0.435 0 1
0 0.105 -0.425 0 1
0 0.105 -0.415 0 1
0 0.105 -0.405 0 1
0 0.105 -0.395 -3.181954274e-05 1
0 0.105 -0.385 -7.406577677e-05 1
0 0.105 -0.375 -0.0001034109672 1
0 0.105 -0.365 -0.0001302607927 1
0 0.105 -0.355 -0.0001608914285 1
0 0.105 -0.345 -0.0001845768998 1
0 0.105 -0.335 -0.000196798563 1
0 0.105 -0.325 -0.0002042678036 1
0 0.105 -0.315 -0.0001908184642 1
0 0.105 -0.305 -0.0001065956793 2
0 0.105 -0.295 -2.179443276e-05 2
0 0.105 -0.285 5.036752414e-05 2
0 0.105 -0.275 0.0001237785022 2
0 0.105 -0.265 0.0001940550722 2
0 0.105 -0.255 0.0002504887942 2
0 0.105 -0.245 0.0002790207585 1
0 0.105 -0.235 0.0003006564911 1
0 0.105 -0.225 0.0003322761392 1
0 0.105 -0.215 0.0003763703107 1
0 0.105 -0.205 0.0004292471903 1
0 0.105 -0.195 0.0004906605903 1
0 0.105 -0.185 0.0005724098975 1
0 0.105 -0.175 0.0007146459151 2
0 0.105 -0.165 0.0008890064347 2
0 0.105 -0.155 0.001072574822 2
0 0.105 -0.145 0.00124578055 2
0 0.105 -0.135 0.001410494844 2
0 0.105 -0.125 0.001559988247 2
0 0.105 -0.115 0.001701538094 2
0 0.105 -0.105 0.001834484537 2
0 0.105 -0.095 0.001947259496 2
0 0.105 -0.085 0.002034801028 2
0 0.105 -0.075 0.002095163905 2
0 0.105 -0.065 0.002137974325 2
0 0.105 -0.055 0.002165918101 2
0 0.105 -0.045 0.002184299849 2
0 0.105 -0.035 0.002196687123 2
0 0.105 -0.025 0.002205267122 2
0 0.105 -0.015 0.002210792777 2
0 0.105 -0.005 0.002212911381 2
0 0.105 0.005 0.002210802968 2
0 0.105 0.015 0.002203425213 2
0 0.105 0.025 0.002189748591 2
0 0.105 0.035 0.002168854378 2
0 0.105 0.045 0.002139985908 2
0 0.105 0.055 0.002102556461 2
0 0.105 0.065 0.002056140656 2
0 0.105 0.075 0.002000455122 2
0 0.105 0.085 0.001935336589 2
0 0.105 0.095 0.001860723756 2
0 0.105 0.105 0.001776649868 2
0 0.105 0.115 0.001683260137 2
0 0.105 0.125 0.001580851388 2
0 0.105 0.135 0.00146998382 2
0 0.105 0.145 0.001351651722 2
0 0.105 0.155 0.001227521282 2
0 0.105 0.165 0.001100160527 2
0 0.105 0.175 0.0009736678563 2
0 0.105 0.185 0.0008531904397 2
0 0.105 0.195 0.0007453661864 2
0 0.105 0.205 0.0006508575596 2
0 0.105 0.215 0.0005742297244 2
0 0.105 0.225 0.0005160107985 2
0 0.105 0.235 0.0004770723299 2
0 0.105 0.245 0.0004439165044 2
0 0.105 0.255 0.0004104098149 2
0 0.105 0.265 0.000366365732 2
0 0.105 0.275 0.0003000265435 2
0 0.105 0.285 0.000221177307 2
0 0.105 0.295 0.0001443540513 2
0 0.105 0.305 7.680330063e-05 2
0 0.105 0.315 1.983329651e-05 2
0 0.105 0.325 -2.856000925e-05 2
0 0.105 0.335 -6.976830095e-05 2
0 0.105 0.345 -0.0001139782105 2
0 0.105 0.355 -0.0001586333276 2
0 0.105 0.365 -0.0001721487517 2
0 0.105 0.375 -0.0001520394237 2
0 0.105 0.385 -0.0001093882456 2
0 0.105 0.395 -5.453078444e-05 2
0 0.105 0.405 0 2
0 0.105 0.415 0 2
0 0.105 0.425 0 2
0 0.105 0.435 0 2
0 0.105 0.445 0 2
0 0.105 0.455 0 2
0 0.105 0.465 0 2
0 0.115 -0.455 0 1
0 0.115 -0.445 0 1
0 0.115 -0.435 0 1
0 0.115 -0.425 0 1
0 0.115 -0.415 0 1
0 0.115 -0.405 0 1
0 0.115 -0.395 -0.0001004462006 1
0 0.115 -0.385 -0.0001739305416 1
0 0.115 -0.375 -0.0002385930545 1
0 0.115 -0.365 -0.00028898113 1
0 0.115 -0.355 -0.0003257410214 1
0 0.115 -0.345 -0.0003471067902 1
0 0.115 -0.335 -0.0003521996904 1
0 0.115 -0.325 -0.0003449537861 1
0 0.115 -0.315 -0.0003159762684 1
0 0.115 -0.305 -0.0002390877431 2
0 0.115 -0.295 -0.0001482069227 2
0 0.115 -0.285 -5.77635817e-05 2
0 0.115 -0.275 3.550100371e-05 2
0 0.115 -0.265 0.0001280888197 2
0 0.115 -0.255 0.0002132934629 2
0 0.115 -0.245 0.0002788129181 2
0 0.115 -0.235 0.0003290083135 1
0 0.115 -0.225 0.0003824721891 1
0 0.115 -0.215 0.0004483522873 1
0 0.115 -0.205 0.0005231162748 1
0 0.115 -0.195 0.0006105740643 1
0 0.115 -0.185 0.0007202919348 1
0 0.115 -0.175 0.0009036541434 2
0 0.115 -0.165 0.001105430718 2
0 0.115 -0.155 0.001317661013 2
0 0.115 -0.145 0.00152379806 2
0 0.115 -0.135 0.001722998697 2
0 0.115 -0.125 0.001888818306 2
0 0.115 -0.115 0.002055003933 2
0 0.115 -0.105 0.002226765905 2
0 0.115 -0.095 0.002368333667 2
0 0.115 -0.085 0.002472227255 2
0 0.115 -0.075 0.002533211644 2
0 0.115 -0.065 0.002582759272 2
0 0.115 -0.055 0.002616354398 2
0 0.115 -0.045 0.002638516281 2
0 0.115 -0.035 0.00265419533 2
0 0.115 -0.025 0.002666218809 2
0 0.115 -0.015 0.002675205853 2
0 0.115 -0.005 0.002680175536 2
0 0.115 0.005 0.002679803535 2
0 0.115 0.015 0.002672655161 2
0 0.115 0.025 0.002657462606 2
0 0.115 0.035 0.00263317615 2
0 0.115 0.045 0.002598982623 2
0 0.115 0.055 0.002554284365 2
0 0.115 0.065 0.002498676113 2
0 0.115 0.075 0.002431920107 2
0 0.115 0.085 0.00235392703 2
0 0.115 0.095 0.002264745098 2
0 0.115 0.105 0.002164561861 2
0 0.115 0.115 0.002053727525 2
0 0.115 0.125 0.001932803287 2
0 0.115 0.135 0.00180265215 2
0 0.115 0.145 0.001664566735 2
0 0.115 0.155 0.001520473271 2
0 0.115 0.165 0.001372986037 2
0 0.115 0.175 0.001225667963 2
0 0.115 0.185 0.001082572695 2
0 0.115 0.195 0.0009484036927 2
0 0.115 0.205 0.0008263986142 2
0 0.115 0.215 0.0007193154297 2
0 0.115 0.225 0.0006265803142 2
0 0.115 0.235 0.0005462387857 2
0 0.115 0.245 0.0004718451287 2
0 0.115 0.255 0.0003973507093 2
0 0.115 0.265 0.0003166147123 2
0 0.115 0.275 0.0002262552253 2
0 0.115 0.285 0.0001313198322 2
0 0.115 0.295 3.983314066e-05 2
0 0.115 0.305 -4.173101e-05 2
0 0.115 0.315 -0.0001107803152 2
0 0.115 0.325 -0.0001690638431 2
0 0.115 0.335 -0.0002152796768 2
0 0.115 0.345 -0.0002659870091 2
0 0.115 0.355 -0.0003220634355 2
0 0.115 0.365 -0.0003295050856 2
0 0.115 0.375 -0.0002922636897 2
0 0.115 0.385 -0.0002274465902 2
0 0.115 0.395 -0.0001394038056 2
0 0.115 0.405 0 2
0 0.115 0.415 0 2
0 0.115 0.425 0 2
0 0.115 0.435 0 2
0 0.115 0.445 0 2
0 0.115 0.455 0 2
0 0.115 0.465 0 2
0 0.125 -0.455 0 1
0 0.125 -0.445 0 1
0 0.125 -0.435 0 1
0 0.125 -0.425 0 1
0 0.125 -0.415 0 1
0 0.125 -0.405 0 1
0 0.125 -0.395 -0.0001691438975 1
0 0.125 -0.385 -0.0002799590272 1
0 0.125 -0.375 -0.0003779318366 1
0 0.125 -0.365 -0.0004511203096 1
0 0.125 -0.355 -0.0004967919406 1
0 0.125 -0.345 -0.000515651702 1
0 0.125 -0.335 -0.0005117688629 1
0 0.125 -0.325 -0.0004872899966 1
0 0.125 -0.315 -0.0004419042902 1
0 0.125 -0.305 -0.0003693855122 2
0 0.125 -0.295 -0.0002762451594 2
0 0.125 -0.285 -0.0001702399136 2
0 0.125 -0.275 -5.688596837e-05 2
0 0.125 -0.265 5.93450268e-05 2
0 0.125 -0.255 0.0001727744537 2
0 0.125 -0.245 0.0002758456809 2
0 0.125 -0.235 0.0003637949095 2
0 0.125 -0.225 0.0004466918601 2
0 0.125 -0.215 0.0005302625864 1
0 0.125 -0.205 0.0006284980813 1
0 0.125 -0.195 0.0007433757155 1
0 0.125 -0.185 0.0008975819903 2
0 0.125 -0.175 0.001102662837 2
0 0.125 -0.165 0.001328533544 2
0 0.125 -0.155 0.001572084988 2
0 0.125 -0.145 0.001805156383 2
0 0.125 -0.135 0.00203324371 2
0 0.125 -0.125 0.002215020136 2
0 0.125 -0.115 0.002398793059 2
0 0.125 -0.105 0.002592068201 2
0 0.125 -0.095 0.002753128441 2
0 0.125 -0.085 0.002884808319 2
0 0.125 -0.075 0.002969951763 2
0 0.125 -0.065 0.003040274496 2
0 0.125 -0.055 0.003072490483 2
0 0.125 -0.045 0.003093722712 2
0 0.125 -0.035 0.003112298258 2
0 0.125 -0.025 0.003128281484 2
0 0.125 -0.015 0.003141385639 2
0 0.125 -0.005 0.003149948856 2
0 0.125 0.005 0.003151995638 2
0 0.125 0.015 0.003145633333 2
0 0.125 0.025 0.003129344764 2
0 0.125 0.035 0.003101973539 2
0 0.125 0.045 0.00306268007 2
0 0.125 0.055 0.00301088125 2
0 0.125 0.065 0.002946215002 2
0 0.125 0.075 0.002868509206 2
0 0.125 0.085 0.002777764685 2
0 0.125 0.095 0.002674149285 2
0 0.125 0.105 0.002558004995 2
0 0.125 0.115 0.002429872298 2
0 0.125 0.125 0.002290534983 2
0 0.125 0.135 0.002141091122 2
0 0.125 0.145 0.001983037859 2
0 0.125 0.155 0.001818384319 2
0 0.125 0.165 0.001649705677 2
0 0.125 0.175 0.001480184312 2
0 0.125 0.185 0.00131324787 2
0 0.125 0.195 0.001152439624 2
0 0.125 0.205 0.001000537684 2
0 0.125 0.215 0.0008596312811 2
0 0.125 0.225 0.0007298248273 2
0 0.125 0.235 0.0006095937474 2
0 0.125 0.245 0.0004949715814 2
0 0.125 0.255 0.0003818174173 2
0 0.125 0.265 0.0002667358588 2
0 0.125 0.275 0.0001489172256 2
0 0.125 0.285 3.213064362e-05 2
0 0.125 0.295 -7.78353133e-05 2
0 0.125 0.305 -0.000175118335 2
0 0.125 0.315 -0.0002576842553 2
0 0.125 0.325 -0.0003239672409 2
0 0.125 0.335 -0.0003829739245 2
0 0.125 0.345 -0.0004461518022 2
0 0.125 0.355 -0.0004913766494 1
0 0.125 0.365 -0.0004807304375 1
0 0.125 0.375 -0.000425583513 1
0 0.125 0.385 -0.0003325127958 1
0 0.125 0.395 -0.0002165121786 1
0 0.125 0.405 0 2
0 0.125 0.415 0 2
0 0.125 0.425 0 2
0 0.125 0.435 0 2
0 0.125 0.445 0 2
0 0.125 0.455 0 2
0 0.125 0.465 0 2
0 0.135 -0.455 0 1
0 0.135 -0.445 0 1
0 0.135 -0.435 0 1
0 0.135 -0.425 0 1
0 0.135 -0.415 0 1
0 0.135 -0.405 0 1
0 0.135 -0.395 -0.0002438518305 1
0 0.135 -0.385 -0.0003887831941 1
0 0.135 -0.375 -0.0005172379999 1
0 0.135 -0.365 -0.0006163520667 1
0 0.135 -0.355 -0.0006697983681 1
0 0.135 -0.345 -0.0006832458599 1
0 0.135 -0.335 -0.0006695527375 1
0 0.135 -0.325 -0.0006309006517 1
0 0.135 -0.315 -0.0005724816766 1
0 0.135 -0.305 -0.0004978275514 2
0 0.135 -0.295 -0.0004005002887 2
0 0.135 -0.285 -0.0002822995746 2
0 0.135 -0.275 -0.0001487190798 2
0 0.135 -0.265 -7.327325981e-06 2
0 0.135 -0.255 0.0001344340621 2
0 0.135 -0.245 0.000271164154 2
0 0.135 -0.235 0.0003976615954 2
0 0.135 -0.225 0.0005172009946 2
0 0.135 -0.215 0.0006319167545 2
0 0.135 -0.205 0.0007590673582 2
0 0.135 -0.195 0.0009057982547 2
0 0.135 -0.185 0.001091854067 2
0 0.135 -0.175 0.00130687793 2
0 0.135 -0.165 0.001544513094 2
0 0.135 -0.155 0.001814162306 2
0 0.135 -0.145 0.002063818992 2
0 0.135 -0.135 0.002301261587 1
0 0.135 -0.125 0.002510713764 2
0 0.135 -0.115 0.002711366141 2
0 0.135 -0.105 0.002904698774 1
0 0.135 -0.095 0.003077583062 1
0 0.135 -0.085 0.003235060007 1
0 0.135 -0.075 0.003365039638 2
0 0.135 -0.065 0.003471659122 2
0 0.135 -0.055 0.003518779272 2
0 0.135 -0.045 0.003541797461 2
0 0.135 -0.035 0.003561135674 2
0 0.135 -0.025 0.003580758177 2
0 0.135 -0.015 0.003598712079 2
0 0.135 -0.005 0.003611708144 2
0 0.135 0.005 0.003616832745 2
0 0.135 0.015 0.003611737205 2
0 0.135 0.025 0.003594744673 2
0 0.135 0.035 0.003564624865 2
0 0.135 0.045 0.003520545521 2
0 0.135 0.055 0.003461962114 2
0 0.135 0.065 0.003388571217 2
0 0.135 0.075 0.003300276483 2
0 0.135 0.085 0.003197173905 2
0 0.135 0.095 0.003079550018 2
0 0.135 0.105 0.00294789113 2
0 0.135 0.115 0.002802904922 2
0 0.135 0.125 0.002645554703 2
0 0.135 0.135 0.002477108286 2
0 0.135 0.145 0.00229918975 2
0 0.135 0.155 0.002113831866 2
0 0.135 0.165 0.001923477393 2
0 0.135 0.175 0.001730944641 2
0 0.135 0.185 0.00153922263 2
0 0.135 0.195 0.001351248718 2
0 0.135 0.205 0.001169402052 2
0 0.135 0.215 0.0009952874454 2
0 0.135 0.225 0.0008292019556 2
0 0.135 0.235 0.0006702210727 2
0 0.135 0.245 0.0005162384538 2
0 0.135 0.255 0.0003651189537 2
0 0.135 0.265 0.0002156086581 2
0 0.135 0.275 6.83609027e-05 2
0 0.135 0.285 -7.328859816e-05 2
0 0.135 0.295 -0.0002046092548 2
0 0.135 0.305 -0.0003199443344 2
0 0.135 0.315 -0.0004176627409 2
0 0.135 0.325 -0.0004906266281 2
0 0.135 0.335 -0.0005617832399 2
0 0.135 0.345 -0.0006338747447 2
0 0.135 0.355 -0.0006458507492 1
0 0.135 0.365 -0.000618892554 1
0 0.135 0.375 -0.0005530564629 1
0 0.135 0.385 -0.0004312454806 1
0 0.135 0.395 -0.0002889204992 1
0 0.135 0.405 0 2
0 0.135 0.415 0 2
0 0.135 0.425 0 2
0 0.135 0.435 0 2
0 0.135 0.445 0 2
0 0.135 0.455 0 2
0 0.135 0.465 0 2
0 0.145 -0.455 0 2
0 0.145 -0.445 0 2
0 0.145 -0.435 0 1
0 0.145 -0.425 0 1
0 0.145 -0.415 0 1
0 0.145 -0.405 0 1
0 0.145 -0.395 -0.0003300220484 1
0 0.145 -0.385 -0.0005071400097 1
0 0.145 -0.375 -0.0006596486356 1
0 0.145 -0.365 -0.0007793986499 1
0 0.145 -0.355 -0.0008354577999 1
0 0.145 -0.345 -0.0008424137806 1
0 0.145 -0.335 -0.000820339643 1
0 0.145 -0.325 -0.0007697795234 1
0 0.145 -0.315 -0.0007001058359 1
0 0.145 -0.305 -0.0006233455988 2
0 0.145 -0.295 -0.0005211623279 2
0 0.145 -0.285 -0.0003903678307 2
0 0.145 -0.275 -0.0002364558199 2
0 0.145 -0.265 -7.002805052e-05 2
0 0.145 -0.255 0.0001005628283 2
0 0.145 -0.245 0.0002697621319 2
0 0.145 -0.235 0.0004328010289 2
0 0.145 -0.225 0.0005900965636 2
0 0.145 -0.215 0.0007430118279 2
0 0.145 -0.205 0.0009055389284 2
0 0.145 -0.195 0.001085858902 2
0 0.145 -0.185 0.001293303044 2
0 0.145 -0.175 0.001514297662 2
0 0.145 -0.165 0.001755152048 2
0 0.145 -0.155 0.002029765327 1
0 0.145 -0.145 0.002287484104 1
0 0.145 -0.135 0.002520116011 1
0 0.145 -0.125 0.00276345898 1
0 0.145 -0.115 0.002977310815 1
0 0.145 -0.105 0.003156482202 1
0 0.145 -0.095 0.003337312585 1
0 0.145 -0.085 0.003513995506 1
0 0.145 -0.075 0.003692605499 1
0 0.145 -0.065 0.003835622214 1
0 0.145 -0.055 0.003931736585 2
0 0.145 -0.045 0.003974912126 2
0 0.145 -0.035 0.003992849256 2
0 0.145 -0.025 0.004014706274 2
0 0.145 -0.015 0.004037352665 2
0 0.145 -0.005 0.004055263274 2
0 0.145 0.005 0.004063927282 2
0 0.145 0.015 0.00406045151 2
0 0.145 0.025 0.004043089431 2
0 0.145 0.035 0.004010571346 2
0 0.145 0.045 0.003962100533 2
0 0.145 0.055 0.003897189817 2
0 0.145 0.065 0.003815598815 2
0 0.145 0.075 0.003717305856 2
0 0.145 0.085 0.003602496699 2
0 0.145 0.095 0.003471566905 2
0 0.145 0.105 0.00332513089 2
0 0.145 0.115 0.00316403794 2
0 0.145 0.125 0.002989393839 2
0 0.145 0.135 0.002802587298 2
0 0.145 0.145 0.002605313457 2
0 0.145 0.155 0.002399587114 2
0 0.145 0.165 0.002187716985 2
0 0.145 0.175 0.001972238659 2
0 0.145 0.185 0.001755757692 2
0 0.145 0.195 0.001540757771 2
0 0.145 0.205 0.001329301901 2
0 0.145 0.215 0.001122829899 2
0 0.145 0.225 0.0009219200812 2
0 0.145 0.235 0.0007263585744 2
0 0.145 0.245 0.0005353589625 2
0 0.145 0.255 0.0003482547043 2
0 0.145 0.265 0.0001651949276 2
0 0.145 0.275 -1.222717904e-05 2
0 0.145 0.285 -0.0001805826221 2
0 0.145 0.295 -0.0003353536399 2
0 0.145 0.305 -0.0004707526709 2
0 0.145 0.315 -0.0005843317496 2
0 0.145 0.325 -0.0006664459496 2
0 0.145 0.335 -0.0007391601689 2
0 0.145 0.345 -0.0007978556173 1
0 0.145 0.355 -0.0007891033442 1
0 0.145 0.365 -0.0007497332106 1
0 0.145 0.375 -0.0006713284009 1
0 0.145 0.385 -0.000528861293 1
0 0.145 0.395 -0.0003611432342 1
0 0.145 0.405 0 1
0 0.145 0.415 0 2
0 0.145 0.425 0 2
0 0.145 0.435 0 2
0 0.145 0.445 0 2
0 0.145 0.455 0 2
0 0.145 0.465 0 2
0 0.155 -0.455 0 2
0 0.155 -0.445 0 2
0 0.155 -0.435 0 2
0 0.155 -0.425 0 2
0 0.155 -0.415 0 2
0 0.155 -0.405 0 2
0 0.155 -0.395 -0.0004161944286 2
0 0.155 -0.385 -0.0006320284533 2
0 0.155 -0.375 -0.0008045321466 2
0 0.155 -0.365 -0.0009230283586 1
0 0.155 -0.355 -0.0009842967022 1
0 0.155 -0.345 -0.0009903153944 1
0 0.155 -0.335 -0.0009603728308 1
0 0.155 -0.325 -0.0008989661952 1
0 0.155 -0.315 -0.0008185249205 1
0 0.155 -0.305 -0.0007450369514 2
0 0.155 -0.295 -0.0006377390818 2
0 0.155 -0.285 -0.0004905700276 2
0 0.155 -0.275 -0.0003161550244 2
0 0.155 -0.265 -0.0001254447689 2
0 0.155 -0.255 7.23801052e-05 2
0 0.155 -0.245 0.0002718427374 2
0 0.155 -0.235 0.0004691172573 2
0 0.155 -0.225 0.0006638352285 2
0 0.155 -0.215 0.0008578435228 2
0 0.155 -0.205 0.001057097142 2
0 0.155 -0.195 0.001265633061 2
0 0.155 -0.185 0.00148624924 2
0 0.155 -0.175 0.001712412669 2
0 0.155 -0.165 0.001950934408 2
0 0.155 -0.155 0.002204819378 1
0 0.155 -0.145 0.002465119489 1
0 0.155 -0.135 0.002712404796 1
0 0.155 -0.125 0.002959497633 1
0 0.155 -0.115 0.003180966579 1
0 0.155 -0.105 0.003372931866 1
0 0.155 -0.095 0.003562639196 1
0 0.155 -0.085 0.003753027358 1
0 0.155 -0.075 0.003943624935 1
0 0.155 -0.065 0.004111955079 1
0 0.155 -0.055 0.004268777043 1
0 0.155 -0.045 0.004361294231 2
0 0.155 -0.035 0.004388147837 2
0 0.155 -0.025 0.004416984733 2
0 0.155 -0.015 0.004447469614 2
0 0.155 -0.005 0.004470539885 2
0 0.155 0.005 0.004482997205 2
0 0.155 0.015 0.004481435854 2
0 0.155 0.025 0.00446398502 2
0 0.155 0.035 0.00442944705 2
0 0.155 0.045 0.004377075427 2
0 0.155 0.055 0.004306447586 2
0 0.155 0.065 0.004217377686 2
0 0.155 0.075 0.004109906353 2
0 0.155 0.085 0.003984295252 2
0 0.155 0.095 0.003841033911 2
0 0.155 0.105 0.003680847 2
0 0.155 0.115 0.003504702729 2
0 0.155 0.125 0.003313820762 2
0 0.155 0.135 0.003109678588 2
0 0.155 0.145 0.002894011032 2
0 0.155 0.155 0.00266879689 2
0 0.155 0.165 0.00243621865 2
0 0.155 0.175 0.002198589756 2
0 0.155 0.185 0.001958231777 2
0 0.155 0.195 0.001717324258 2
0 0.155 0.205 0.001477720639 2
0 0.155 0.215 0.00124081519 2
0 0.155 0.225 0.001007455552 2
0 0.155 0.235 0.000778033921 2
0 0.155 0.245 0.0005527264545 2
0 0.155 0.255 0.0003319533337 2
0 0.155 0.265 0.0001168737103 2
0 0.155 0.275 -9.019881621e-05 2
0 0.155 0.285 -0.0002855340639 2
0 0.155 0.295 -0.0004643416165 2
0 0.155 0.305 -0.0006204565341 2
0 0.155 0.315 -0.000749267898 2
0 0.155 0.325 -0.0008401969024 2
0 0.155 0.335 -0.0009041570454 2
0 0.155 0.345 -0.0009382729089 1
0 0.155 0.355 -0.000932626479 1
0 0.155 0.365 -0.0008873859764 1
0 0.155 0.375 -0.0007919962909 1
0 0.155 0.385 -0.0006287382407 1
0 0.155 0.395 -0.0004269103301 1
0 0.155 0.405 0 1
0 0.155 0.415 0 2
0 0.155 0.425 0 2
0 0.155 0.435 0 2
0 0.155 0.445 0 2
0 0.155 0.455 0 2
0 0.155 0.465 0 2
0 0.165 -0.455 0 2
0 0.165 -0.445 0 2
0 0.165 -0.435 0 2
0 0.165 -0.425 0 2
0 0.165 -0.415 0 2
0 0.165 -0.405 0 2
0 0.165 -0.395 -0.000498713685 2
0 0.165 -0.385 -0.0007586017602 2
0 0.165 -0.375 -0.0009507009058 2
0 0.165 -0.365 -0.00105118324 1
0 0.165 -0.355 -0.001112244416 1
0 0.165 -0.345 -0.00111852234 1
0 0.165 -0.335 -0.00108538587 1
0 0.165 -0.325 -0.001019390059 1
0 0.165 -0.315 -0.0009336508005 1
0 0.165 -0.305 -0.000863040387 2
0 0.165 -0.295 -0.0007440820255 2
0 0.165 -0.285 -0.0005785542077 2
0 0.165 -0.275 -0.0003843345567 2
0 0.165 -0.265 -0.0001712201335 2
0 0.165 -0.255 5.153870914e-05 2
0 0.165 -0.245 0.0002785889991 2
0 0.165 -0.235 0.0005062234297 2
0 0.165 -0.225 0.0007333511912 2
0 0.165 -0.215 0.0009606976364 2
0 0.165 -0.205 0.001190760413 2
0 0.165 -0.195 0.001424876815 2
0 0.165 -0.185 0.001662106236 2
0 0.165 -0.175 0.001892588831 2
0 0.165 -0.165 0.002122421899 2
0 0.165 -0.155 0.002355908538 1
0 0.165 -0.145 0.002618875844 1
0 0.165 -0.135 0.002878329852 1
0 0.165 -0.125 0.003126347572 1
0 0.165 -0.115 0.003356928255 1
0 0.165 -0.105 0.003569282897 1
0 0.165 -0.095 0.003771839118 1
0 0.165 -0.085 0.003967527164 1
0 0.165 -0.075 0.004158189224 1
0 0.165 -0.065 0.00433955036 1
0 0.165 -0.055 0.00451704806 1
0 0.165 -0.045 0.004669755826 1
0 0.165 -0.035 0.004743156096 2
0 0.165 -0.025 0.004782926457 2
0 0.165 -0.015 0.004818471159 2
0 0.165 -0.005 0.004847259508 2
0 0.165 0.005 0.004863849753 2
0 0.165 0.015 0.004864540967 2
0 0.165 0.025 0.004847309559 2
0 0.165 0.035 0.004811213021 2
0 0.165 0.045 0.004755571126 2
0 0.165 0.055 0.004680018642 2
0 0.165 0.065 0.004584404166 2
0 0.165 0.075 0.004468809122 2
0 0.165 0.085 0.004333552112 2
0 0.165 0.095 0.004179200233 2
0 0.165 0.105 0.004006573183 2
0 0.165 0.115 0.003816742318 2
0 0.165 0.125 0.003611024103 2
0 0.165 0.135 0.003390968068 2
0 0.165 0.145 0.003158336856 2
0 0.165 0.155 0.002915074953 2
0 0.165 0.165 0.00266325964 2
0 0.165 0.175 0.002405031583 2
0 0.165 0.185 0.002142500881 2
0 0.165 0.195 0.001877641371 2
0 0.165 0.205 0.001612182492 2
0 0.165 0.215 0.001347541261 2
0 0.165 0.225 0.001084812603 2
0 0.165 0.235 0.0008248740231 2
0 0.165 0.245 0.0005686004615 2
0 0.165 0.255 0.0003171962501 2
0 0.165 0.265 7.255622607e-05 2
0 0.165 0.275 -0.0001624144548 2
0 0.165 0.285 -0.0003835798792 2
0 0.165 0.295 -0.0005855726392 2
0 0.165 0.305 -0.0007615254303 2
0 0.165 0.315 -0.0009041489401 2
0 0.165 0.325 -0.0009995500532 2
0 0.165 0.335 -0.001052312667 2
0 0.165 0.345 -0.001068422698 1
0 0.165 0.355 -0.001066351256 1
0 0.165 0.365 -0.001018847296 1
0 0.165 0.375 -0.0009082244023 1
0 0.165 0.385 -0.0007218956867 1
0 0.165 0.395 -0.0004853478936 1
0 0.165 0.405 0 1
0 0.165 0.415 0 2
0 0.165 0.425 0 2
0 0.165 0.435 0 2
0 0.165 0.445 0 2
0 0.165 0.455 0 2
0 0.165 0.465 0 2
0 0.175 -0.455 0 2
0 0.175 -0.445 0 2
0 0.175 -0.435 0 2
0 0.175 -0.425 0 2
0 0.175 -0.415 0 2
0 0.175 -0.405 0 2
0 0.175 -0.395 -0.000576943936 2
0 0.175 -0.385 -0.0008780273318 2
0 0.175 -0.375 -0.00109351391 2
0 0.175 -0.365 -0.001193628118 2
0 0.175 -0.355 -0.001234817052 1
0 0.175 -0.345 -0.001238820659 1
0 0.175 -0.335 -0.001204174085 1
0 0.175 -0.325 -0.001135376262 1
0 0.175 -0.315 -0.001056565266 2
0 0.175 -0.305 -0.0009676607602 2
0 0.175 -0.295 -0.0008318229 2
0 0.175 -0.285 -0.0006505969355 2
0 0.175 -0.275 -0.0004386323566 2
0 0.175 -0.265 -0.0002061970622 2
0 0.175 -0.255 3.810477811e-05 2
0 0.175 -0.245 0.0002889303825 2
0 0.175 -0.235 0.0005425156196 2
0 0.175 -0.225 0.0007970688479 2
0 0.175 -0.215 0.001052106746 2
0 0.175 -0.205 0.001307780915 2
0 0.175 -0.195 0.001563349331 2
0 0.175 -0.185 0.001815272608 2
0 0.175 -0.175 0.002052742902 2
0 0.175 -0.165 0.002276067629 2
0 0.175 -0.155 0.002492043754 1
0 0.175 -0.145 0.002755981664 1
0 0.175 -0.135 0.003023098606 1
0 0.175 -0.125 0.003277541842 1
0 0.175 -0.115 0.003515759899 1
0 0.175 -0.105 0.003738749933 1
0 0.175 -0.095 0.003950486896 1
0 0.175 -0.085 0.004153419269 1
0 0.175 -0.075 0.004348877792 1
0 0.175 -0.065 0.004536624361 1
0 0.175 -0.055 0.004717860535 1
0 0.175 -0.045 0.004890044183 1
0 0.175 -0.035 0.005029262608 2
0 0.175 -0.025 0.005091032794 2
0 0.175 -0.015 0.005137297767 2
0 0.175 -0.005 0.005175463412 2
0 0.175 0.005 0.005196698825 2
0 0.175 0.015 0.005199954108 2
0 0.175 0.025 0.005183365417 2
0 0.175 0.035 0.005146327858 2
0 0.175 0.045 0.005088244661 2
0 0.175 0.055 0.00500878063 2
0 0.175 0.065 0.004907789248 2
0 0.175 0.075 0.004785365763 2
0 0.175 0.085 0.004641865877 2
0 0.175 0.095 0.004477920846 2
0 0.175 0.105 0.00429443672 2
0 0.175 0.115 0.004092582101 2
0 0.175 0.125 0.003873766046 2
0 0.175 0.135 0.003639608327 2
0 0.175 0.145 0.003391902537 2
0 0.175 0.155 0.003132571623 2
0 0.175 0.165 0.002863614289 2
0 0.175 0.175 0.00258704263 2
0 0.175 0.185 0.002304812511 2
0 0.175 0.195 0.002018756035 2
0 0.175 0.205 0.001730527177 2
0 0.175 0.215 0.00144158388 2
0 0.175 0.225 0.001153222828 2
0 0.175 0.235 0.0008666911102 2
0 0.175 0.245 0.0005833734079 2
0 0.175 0.255 0.0003050486743 2
0 0.175 0.265 3.41684499e-05 2
0 0.175 0.275 -0.0002258616718 2
0 0.175 0.285 -0.0004704723861 2
0 0.175 0.295 -0.0006936233125 2
0 0.175 0.305 -0.0008875756304 2
0 0.175 0.315 -0.001042618521 2
0 0.175 0.325 -0.001141417342 2
0 0.175 0.335 -0.001188235106 2
0 0.175 0.345 -0.00119432336 1
0 0.175 0.355 -0.001190609715 1
0 0.175 0.365 -0.00113905979 1
0 0.175 0.375 -0.001016559215 1
0 0.175 0.385 -0.0008086556376 1
0 0.175 0.395 -0.0005424215755 1
0 0.175 0.405 0 1
0 0.175 0.415 0 2
0 0.175 0.425 0 2
0 0.175 0.435 0 2
0 0.175 0.445 0 2
0 0.175 0.455 0 2
0 0.175 0.465 0 2
0 0.185 -0.455 0 2
0 0.185 -0.445 0 2
0 0.185 -0.435 0 2
0 0.185 -0.425 0 2
0 0.185 -0.415 0 2
0 0.185 -0.405 0 2
0 0.185 -0.395 -0.0006370521513 2
0 0.185 -0.385 -0.0009633490377 2
0 0.185 -0.375 -0.001202716359 2
0 0.185 -0.365 -0.001325139328 2
0 0.185 -0.355 -0.001365962725 2
0 0.185 -0.345 -0.001363672253 2
0 0.185 -0.335 -0.001323376161 2
0 0.185 -0.325 -0.001251544023 2
0 0.185 -0.315 -0.001166079501 2
0 0.185 -0.305 -0.001054975599 2
0 0.185 -0.295 -0.0009009532477 2
0 0.185 -0.285 -0.0007057120969 2
0 0.185 -0.275 -0.0004788543731 2
0 0.185 -0.265 -0.000230632135 2
0 0.185 -0.255 3.122450277e-05 2
0 0.185 -0.245 0.000301236726 2
0 0.185 -0.235 0.0005754635258 2
0 0.185 -0.225 0.0008515008989 2
0 0.185 -0.215 0.001127901176 2
0 0.185 -0.205 0.001403402285 2
0 0.185 -0.195 0.001675853853 2
0 0.185 -0.185 0.001940461065 2
0 0.185 -0.175 0.002186820479 2
0 0.185 -0.165 0.00240918873 2
0 0.185 -0.155 0.002611218653 1
0 0.185 -0.145 0.002873904477 1
0 0.185 -0.135 0.003144899719 1
0 0.185 -0.125 0.003404042236 1
0 0.185 -0.115 0.003648208546 1
0 0.185 -0.105 0.003878600938 1
0 0.185 -0.095 0.004097076665 1
0 0.185 -0.085 0.0043054475 1
0 0.185 -0.075 0.004505061894 1
0 0.185 -0.065 0.004696997302 1
0 0.185 -0.055 0.004881983544 1
0 0.185 -0.045 0.005061760077 1
0 0.185 -0.035 0.005229451292 1
0 0.185 -0.025 0.005331900015 2
0 0.185 -0.015 0.005397565056 2
0 0.185 -0.005 0.005445612496 2
0 0.185 0.005 0.005472220577 2
0 0.185 0.015 0.005478388798 2
0 0.185 0.025 0.005463079045 2
0 0.185 0.035 0.00542596059 2
0 0.185 0.045 0.005366522644 2
0 0.185 0.055 0.005284415469 2
0 0.185 0.065 0.005179462396 2
0 0.185 0.075 0.005051744581 2
0 0.185 0.085 0.004901638465 2
0 0.185 0.095 0.00472983319 2
0 0.185 0.105 0.004537322594 2
0 0.185 0.115 0.004325378905 2
0 0.185 0.125 0.004095513216 2
0 0.185 0.135 0.003849427596 2
0 0.185 0.145 0.003588962075 2
0 0.185 0.155 0.003316038837 2
0 0.185 0.165 0.003032605437 2
0 0.185 0.175 0.002740579927 2
0 0.185 0.185 0.00244180188 2
0 0.185 0.195 0.002137996732 2
0 0.185 0.205 0.001830761917 2
0 0.185 0.215 0.001521587108 2
0 0.185 0.225 0.001211917666 2
0 0.185 0.235 0.0009032707478 2
0 0.185 0.245 0.0005974013934 2
0 0.185 0.255 0.0002965135809 2
0 0.185 0.265 3.487525914e-06 2
0 0.185 0.275 -0.0002778580244 2
0 0.185 0.285 -0.0005425616344 2
0 0.185 0.295 -0.0007840225529 2
0 0.185 0.305 -0.0009938632625 2
0 0.185 0.315 -0.001160643641 2
0 0.185 0.325 -0.001264514687 2
0 0.185 0.335 -0.001308811898 2
0 0.185 0.345 -0.001308008086 1
0 0.185 0.355 -0.001302281733 1
0 0.185 0.365 -0.001247033678 1
0 0.185 0.375 -0.001114764404 1
0 0.185 0.385 -0.0008884562788 1
0 0.185 0.395 -0.0005959432095 1
0 0.185 0.405 0 1
0 0.185 0.415 0 2
0 0.185 0.425 0 2
0 0.185 0.435 0 2
0 0.185 0.445 0 2
0 0.185 0.455 0 2
0 0.185 0.465 0 2
0 0.195 -0.455 0 2
0 0.195 -0.445 0 2
0 0.195 -0.435 0 2
0 0.195 -0.425 0 2
0 0.195 -0.415 0 2
0 0.195 -0.405 0 2
0 0.195 -0.395 -0.0006760698813 2
0 0.195 -0.385 -0.001018893271 2
0 0.195 -0.375 -0.001278502204 2
0 0.195 -0.365 -0.001426426209 2
0 0.195 -0.355 -0.001484239519 2
0 0.195 -0.345 -0.001483299859 2
0 0.195 -0.335 -0.001438025624 2
0 0.195 -0.325 -0.001361155143 2
0 0.195 -0.315 -0.001261266658 2
0 0.195 -0.305 -0.00112844108 2
0 0.195 -0.295 -0.0009558516716 2
0 0.195 -0.285 -0.0007458711379 2
0 0.195 -0.275 -0.000506615051 2
0 0.195 -0.265 -0.0002458709079 2
0 0.195 -0.255 2.940581709e-05 2
0 0.195 -0.245 0.0003137316294 2
0 0.195 -0.235 0.0006030407109 2
0 0.195 -0.225 0.0008944881487 2
0 0.195 -0.215 0.001185960765 2
0 0.195 -0.205 0.001475378887 2
0 0.195 -0.195 0.001759780104 2
0 0.195 -0.185 0.002034383238 2
0 0.195 -0.175 0.002288562265 2
0 0.195 -0.165 0.002517734211 2
0 0.195 -0.155 0.002731626783 2
0 0.195 -0.145 0.002970543089 1
0 0.195 -0.135 0.003239497069 1
0 0.195 -0.125 0.003502016013 1
0 0.195 -0.115 0.003751222551 1
0 0.195 -0.105 0.003985723979 1
0 0.195 -0.095 0.004208257593 1
0 0.195 -0.085 0.004420272218 1
0 0.195 -0.075 0.004622729868 1
0 0.195 -0.065 0.004817403738 1
0 0.195 -0.055 0.005006661192 1
0 0.195 -0.045 0.005191211092 1
0 0.195 -0.035 0.005363199562 1
0 0.195 -0.025 0.005504362665 2
0 0.195 -0.015 0.005591494666 2
0 0.195 -0.005 0.005649057291 2
0 0.195 0.005 0.005681734402 2
0 0.195 0.015 0.005691386625 2
0 0.195 0.025 0.005678288956 2
0 0.195 0.035 0.005642256164 2
0 0.195 0.045 0.00558284194 2
0 0.195 0.055 0.005499630104 2
0 0.195 0.065 0.005392375591 2
0 0.195 0.075 0.00526111953 2
0 0.195 0.085 0.005106249463 2
0 0.195 0.095 0.00492851677 2
0 0.195 0.105 0.004729017603 2
0 0.195 0.115 0.004509148412 2
0 0.195 0.125 0.004270545941 2
0 0.195 0.135 0.004015019509 2
0 0.195 0.145 0.00374448125 2
0 0.195 0.155 0.003460878853 2
0 0.195 0.165 0.003166135009 2
0 0.195 0.175 0.002862098576 2
0 0.195 0.185 0.002550512769 2
0 0.195 0.195 0.002233006578 2
0 0.195 0.205 0.001911114327 2
0 0.195 0.215 0.001586327877 2
0 0.195 0.225 0.001260183048 2
0 0.195 0.235 0.0009343812588 2
0 0.195 0.245 0.0006109420568 2
0 0.195 0.255 0.0002923847608 2
0 0.195 0.265 -1.807843788e-05 2
0 0.195 0.275 -0.0003163015498 2
0 0.195 0.285 -0.0005970112436 2
0 0.195 0.295 -0.0008532691781 2
0 0.195 0.305 -0.001076413011 2
0 0.195 0.315 -0.001254244139 2
0 0.195 0.325 -0.001368472895 2
0 0.195 0.335 -0.001414083267 2
0 0.195 0.345 -0.001404946896 1
0 0.195 0.355 -0.001396990224 1
0 0.195 0.365 -0.00133991385 1
0 0.195 0.375 -0.001200896031 1
0 0.195 0.385 -0.0009637940739 1
0 0.195 0.395 -0.0006506860727 1
0 0.195 0.405 0 1
0 0.195 0.415 0 2
0 0.195 0.425 0 2
0 0.195 0.435 0 2
0 0.195 0.445 0 2
0 0.195 0.455 0 2
0 0.195 0.465 0 2
0 0.205 -0.455 0 2
0 0.205 -0.445 0 2
0 0.205 -0.435 0 2
0 0.205 -0.425 0 2
0 0.205 -0.415 0 2
0 0.205 -0.405 0 2
0 0.205 -0.395 -0.0006829705109 2
0 0.205 -0.385 -0.001039486127 2
0 0.205 -0.375 -0.001320111319 2
0 0.205 -0.365 -0.001493271409 2
0 0.205 -0.355 -0.001574957051 2
0 0.205 -0.345 -0.001586945096 2
0 0.205 -0.335 -0.001544425669 2
0 0.205 -0.325 -0.001459607888 2
0 0.205 -0.315 -0.001340005565 2
0 0.205 -0.305 -0.001185599708 2
0 0.205 -0.295 -0.0009958437853 2
0 0.205 -0.285 -0.0007733353416 2
0 0.205 -0.275 -0.0005236601104 2
0 0.205 -0.265 -0.0002534136339 2
0 0.205 -0.255 3.115083701e-05 2
0 0.205 -0.245 0.0003248150298 2
0 0.205 -0.235 0.0006235283563 2
0 0.205 -0.225 0.0009242508127 2
0 0.205 -0.215 0.001224556178 2
0 0.205 -0.205 0.001522046372 2
0 0.205 -0.195 0.001813483575 2
0 0.205 -0.185 0.002094635132 2
0 0.205 -0.175 0.002356908835 2
0 0.205 -0.165 0.002597192794 2
0 0.205 -0.155 0.002822993478 2
0 0.205 -0.145 0.003045254502 1
0 0.205 -0.135 0.003305615978 1
0 0.205 -0.125 0.003567945706 1
0 0.205 -0.115 0.003819562141 1
0 0.205 -0.105 0.004056962476 1
0 0.205 -0.095 0.004280932512 1
0 0.205 -0.085 0.004494919158 1
0 0.205 -0.075 0.004698556281 1
0 0.205 -0.065 0.004894097256 1
0 0.205 -0.055 0.005084720548 1
0 0.205 -0.045 0.005270322063 1
0 0.205 -0.035 0.00544474037 1
0 0.205 -0.025 0.0056081278 2
0 0.205 -0.015 0.005711946932 2
0 0.205 -0.005 0.005778854534 2
0 0.205 0.005 0.005817815084 2
0 0.205 0.015 0.005831798908 2
0 0.205 0.025 0.005822115422 2
0 0.205 0.035 0.005788629164 2
0 0.205 0.045 0.005730896419 2
0 0.205 0.055 0.005648372421 2
0 0.205 0.065 0.005540696233 2
0 0.205 0.075 0.005407843443 2
0 0.205 0.085 0.005250211296 2
0 0.205 0.095 0.005068631245 2
0 0.205 0.105 0.004864332019 2
0 0.205 0.115 0.004638870613 2
0 0.205 0.125 0.004394047437 2
0 0.205 0.135 0.004131816175 2
0 0.205 0.145 0.003854195617 2
0 0.205 0.155 0.003563189368 2
0 0.205 0.165 0.003260719296 2
0 0.205 0.175 0.002948580057 2
0 0.205 0.185 0.002628421177 2
0 0.205 0.195 0.002301763009 2
0 0.205 0.205 0.001970047625 2
0 0.205 0.215 0.001634722482 2
0 0.205 0.225 0.001297350235 2
0 0.205 0.235 0.0009597390961 2
0 0.205 0.245 0.0006240876517 2
0 0.205 0.255 0.0002931450216 2
0 0.205 0.265 -2.962292138e-05 2
0 0.205 0.275 -0.000339823121 2
0 0.205 0.285 -0.000631957242 2
0 0.205 0.295 -0.0008989634592 2
0 0.205 0.305 -0.001132132941 2
0 0.205 0.315 -0.001319649439 2
0 0.205 0.325 -0.001445450133 2
0 0.205 0.335 -0.001498442061 2
0 0.205 0.345 -0.001486285838 1
0 0.205 0.355 -0.001476893104 1
0 0.205 0.365 -0.001417930854 1
0 0.205 0.375 -0.001273051851 1
0 0.205 0.385 -0.001027076997 1
0 0.205 0.395 -0.0006987264037 1
0 0.205 0.405 0 1
0 0.205 0.415 0 2
0 0.205 0.425 0 2
0 0.205 0.435 0 2
0 0.205 0.445 0 2
0 0.205 0.455 0 2
0 0.205 0.465 0 2
0 0.215 -0.455 0 2
0 0.215 -0.445 0 2
0 0.215 -0.435 0 2
0 0.215 -0.425 0 2
0 0.215 -0.415 0 2
0 0.215 -0.405 0 2
0 0.215 -0.395 -0.0006749249955 2
0 0.215 -0.385 -0.00103617616 2
0 0.215 -0.375 -0.001333916905 2
0 0.215 -0.365 -0.001531231033 2
0 0.215 -0.355 -0.001635060977 2
0 0.215 -0.345 -0.001657327896 2
0 0.215 -0.335 -0.001616604777 2
0 0.215 -0.325 -0.001525587912 2
0 0.215 -0.315 -0.001393291694 2
0 0.215 -0.305 -0.001224119099 2
0 0.215 -0.295 -0.001021113784 2
0 0.215 -0.285 -0.0007881915895 2
0 0.215 -0.275 -0.0005306045381 2
0 0.215 -0.265 -0.0002541834954 2
0 0.215 -0.255 3.54507556e-05 2
0 0.215 -0.245 0.0003334422089 2
0 0.215 -0.235 0.0006358953194 2
0 0.215 -0.225 0.0009398296571 2
0 0.215 -0.215 0.001242881401 2
0 0.215 -0.205 0.00154278772 2
0 0.215 -0.195 0.001836597682 2
0 0.215 -0.185 0.00212065393 2
0 0.215 -0.175 0.0023906356 2
0 0.215 -0.165 0.002639677093 2
0 0.215 -0.155 0.002873658195 2
0 0.215 -0.145 0.003105629352 2
0 0.215 -0.135 0.003347800351 1
0 0.215 -0.125 0.003605950844 1
0 0.215 -0.115 0.003852735522 1
0 0.215 -0.105 0.004087767362 1
0 0.215 -0.095 0.004312113766 1
0 0.215 -0.085 0.00452811792 1
0 0.215 -0.075 0.004729459037 1
0 0.215 -0.065 0.004921672645 1
0 0.215 -0.055 0.005114633421 1
0 0.215 -0.045 0.005302693214 1
0 0.215 -0.035 0.005479616308 1
0 0.215 -0.025 0.005646758005 2
0 0.215 -0.015 0.005756697756 2
0 0.215 -0.005 0.005830162132 2
0 0.215 0.005 0.00587510292 2
0 0.215 0.015 0.005894285041 2
0 0.215 0.025 0.005889308946 2
0 0.215 0.035 0.005860025663 2
0 0.215 0.045 0.005805854744 2
0 0.215 0.055 0.005726020867 2
0 0.215 0.065 0.005619974436 2
0 0.215 0.075 0.005487594921 2
0 0.215 0.085 0.005329297204 2
0 0.215 0.095 0.005146027325 2
0 0.215 0.105 0.004939195253 2
0 0.215 0.115 0.004710571651 2
0 0.215 0.125 0.004462172716 2
0 0.215 0.135 0.004196144866 2
0 0.215 0.145 0.003914656175 2
0 0.215 0.155 0.003619800514 2
0 0.215 0.165 0.003313521056 2
0 0.215 0.175 0.002997564056 2
0 0.215 0.185 0.002673471076 2
0 0.215 0.195 0.002342619163 2
0 0.215 0.205 0.002006305721 2
0 0.215 0.215 0.001665869106 2
0 0.215 0.225 0.001322827043 2
0 0.215 0.235 0.0009790201177 2
0 0.215 0.245 0.0006367519976 2
0 0.215 0.255 0.0002989299391 2
0 0.215 0.265 -3.079533502e-05 2
0 0.215 0.275 -0.0003478582981 2
0 0.215 0.285 -0.0006466190201 2
0 0.215 0.295 -0.0009200442313 2
0 0.215 0.305 -0.00115953465 2
0 0.215 0.315 -0.00135444849 2
0 0.215 0.325 -0.001489199995 2
0 0.215 0.335 -0.001555330053 2
0 0.215 0.345 -0.001564232546 2
0 0.215 0.355 -0.001542510526 1
0 0.215 0.365 -0.0014790649 1
0 0.215 0.375 -0.001329401824 1
0 0.215 0.385 -0.001072175417 1
0 0.215 0.395 -0.0007275684554 1
0 0.215 0.405 0 2
0 0.215 0.415 0 2
0 0.215 0.425 0 2
0 0.215 0.435 0 2
0 0.215 0.445 0 2
0 0.215 0.455 0 2
0 0.215 0.465 0 2
0 0.225 -0.455 0 2
0 0.225 -0.445 0 2
0 0.225 -0.435 0 2
0 0.225 -0.425 0 1
0 0.225 -0.415 0 1
0 0.225 -0.405 0 1
0 0.225 -0.395 -0.0006504774856 1
0 0.225 -0.385 -0.001016028494 2
0 0.225 -0.375 -0.001325015484 2
0 0.225 -0.365 -0.001540789421 2
0 0.225 -0.355 -0.001662846381 2
0 0.225 -0.345 -0.001694994481 2
0 0.225 -0.335 -0.001656712626 2
0 0.225 -0.325 -0.001561674094 2
0 0.225 -0.315 -0.001420628012 2
0 0.225 -0.305 -0.001241182819 2
0 0.225 -0.295 -0.001028956857 2
0 0.225 -0.285 -0.0007891400965 2
0 0.225 -0.275 -0.0005271132068 2
0 0.225 -0.265 -0.0002483499261 2
0 0.225 -0.255 4.193935753e-05 2
0 0.225 -0.245 0.0003391815882 2
0 0.225 -0.235 0.0006397124176 2
0 0.225 -0.225 0.0009408229852 2
0 0.225 -0.215 0.001240602474 2
0 0.225 -0.205 0.001537382712 2
0 0.225 -0.195 0.001829038048 2
0 0.225 -0.185 0.002112486414 2
0 0.225 -0.175 0.002384365933 2
0 0.225 -0.165 0.002639049727 2
0 0.225 -0.155 0.002878745918 2
0 0.225 -0.145 0.00311455419 2
0 0.225 -0.135 0.003360344158 2
0 0.225 -0.125 0.003605307589 1
0 0.225 -0.115 0.003848244032 1
0 0.225 -0.105 0.004078655671 1
0 0.225 -0.095 0.004297915743 1
0 0.225 -0.085 0.004515256745 1
0 0.225 -0.075 0.004715196526 1
0 0.225 -0.065 0.004904577442 1
0 0.225 -0.055 0.005097776521 1
0 0.225 -0.045 0.005284783815 1
0 0.225 -0.035 0.005460279775 1
0 0.225 -0.025 0.005615117679 2
0 0.225 -0.015 0.005723742677 2
0 0.225 -0.005 0.005800741672 2
0 0.225 0.005 0.005850677656 2
0 0.225 0.015 0.005875467963 2
0 0.225 0.025 0.005876388961 2
0 0.225 0.035 0.00585305799 2
0 0.225 0.045 0.005804500633 2
0 0.225 0.055 0.005729522969 2
0 0.225 0.065 0.005627270897 2
0 0.225 0.075 0.005497489568 2
0 0.225 0.085 0.00534063479 2
0 0.225 0.095 0.005157824921 2
0 0.225 0.105 0.004950721893 2
0 0.225 0.115 0.004721380279 2
0 0.225 0.125 0.004472096717 2
0 0.225 0.135 0.004205268348 2
0 0.225 0.145 0.00392326268 2
0 0.225 0.155 0.003628303117 2
0 0.225 0.165 0.00332237607 2
0 0.225 0.175 0.003007177722 2
0 0.225 0.185 0.00268411006 2
0 0.225 0.195 0.002354347203 2
0 0.225 0.205 0.002018962071 2
0 0.225 0.215 0.001679097295 2
0 0.225 0.225 0.001336142546 2
0 0.225 0.235 0.0009918963746 2
0 0.225 0.245 0.0006487010013 2
0 0.225 0.255 0.0003095588585 2
0 0.225 0.265 -2.17600213e-05 2
0 0.225 0.275 -0.0003405936204 2
0 0.225 0.285 -0.0006412568632 2
0 0.225 0.295 -0.0009168659127 2
0 0.225 0.305 -0.001159087958 2
0 0.225 0.315 -0.001358486896 2
0 0.225 0.325 -0.001502019556 2
0 0.225 0.335 -0.001582493617 2
0 0.225 0.345 -0.001607925308 2
0 0.225 0.355 -0.001584264577 1
0 0.225 0.365 -0.001519338644 1
0 0.225 0.375 -0.001369878873 1
0 0.225 0.385 -0.001109110088 1
0 0.225 0.395 -0.0007561726633 1
0 0.225 0.405 0 2
0 0.225 0.415 0 2
0 0.225 0.425 0 2
0 0.225 0.435 0 2
0 0.225 0.445 0 2
0 0.225 0.455 0 2
0 0.225 0.465 0 2
0 0.235 -0.455 0 2
0 0.235 -0.445 0 2
0 0.235 -0.435 0 1
0 0.235 -0.425 0 1
0 0.235 -0.415 0 1
0 0.235 -0.405 0 1
0 0.235 -0.395 -0.0006224931572 1
0 0.235 -0.385 -0.0009671345744 1
0 0.235 -0.375 -0.001287196799 2
0 0.235 -0.365 -0.001516491179 2
0 0.235 -0.355 -0.001653975827 2
0 0.235 -0.345 -0.001697412476 2
0 0.235 -0.335 -0.001661412674 2
0 0.235 -0.325 -0.00156432745 2
0 0.235 -0.315 -0.001418604077 2
0 0.235 -0.305 -0.001233754661 2
0 0.235 -0.295 -0.001017066319 2
0 0.235 -0.285 -0.000774702975 2
0 0.235 -0.275 -0.0005123753214 2
0 0.235 -0.265 -0.0002355139799 2
0 0.235 -0.255 5.083666197e-05 2
0 0.235 -0.245 0.0003422517013 2
0 0.235 -0.235 0.0006352718106 2
0 0.235 -0.225 0.0009275544697 2
0 0.235 -0.215 0.001218016457 2
0 0.235 -0.205 0.00150607679 2
0 0.235 -0.195 0.001790897191 2
0 0.235 -0.185 0.002070127633 2
0 0.235 -0.175 0.002340582303 2
0 0.235 -0.165 0.002599355576 2
0 0.235 -0.155 0.002843392915 2
0 0.235 -0.145 0.00307712823 2
0 0.235 -0.135 0.003313149626 2
0 0.235 -0.125 0.003556634053 2
0 0.235 -0.115 0.003794373776 2
0 0.235 -0.105 0.00401965325 2
0 0.235 -0.095 0.004229111711 1
0 0.235 -0.085 0.004442169003 2
0 0.235 -0.075 0.004640547486 2
0 0.235 -0.065 0.004829318799 1
0 0.235 -0.055 0.005022143906 1
0 0.235 -0.045 0.005206630675 1
0 0.235 -0.035 0.005377125482 2
0 0.235 -0.025 0.005508889349 2
0 0.235 -0.015 0.005612629302 2
0 0.235 -0.005 0.005690135584 2
0 0.235 0.005 0.005743452969 2
0 0.235 0.015 0.005773709762 2
0 0.235 0.025 0.005781583089 2
0 0.235 0.035 0.005766034758 2
0 0.235 0.045 0.005725307467 2
0 0.235 0.055 0.005657480927 2
0 0.235 0.065 0.005561234582 2
0 0.235 0.075 0.005436142076 2
0 0.235 0.085 0.00528275337 2
0 0.235 0.095 0.005102450344 2
0 0.235 0.105 0.004897243581 2
0 0.235 0.115 0.004669557425 2
0 0.235 0.125 0.004422042323 2
0 0.235 0.135 0.004157410755 2
0 0.235 0.145 0.003878286748 2
0 0.235 0.155 0.003587069972 2
0 0.235 0.165 0.00328581556 2
0 0.235 0.175 0.002976164498 2
0 0.235 0.185 0.00265932927 2
0 0.235 0.195 0.002336190945 2
0 0.235 0.205 0.002007481954 2
0 0.235 0.215 0.001674034178 2
0 0.235 0.225 0.001337012426 2
0 0.235 0.235 0.000998100224 2
0 0.235 0.245 0.0006596218516 2
0 0.235 0.255 0.0003246227114 2
0 0.235 0.265 -3.069288814e-06 2
0 0.235 0.275 -0.0003187752402 2
0 0.235 0.285 -0.0006168800802 2
0 0.235 0.295 -0.0008907670055 2
0 0.235 0.305 -0.001132633238 2
0 0.235 0.315 -0.001333972148 2
0 0.235 0.325 -0.00148634506 2
0 0.235 0.335 -0.00157822086 2
0 0.235 0.345 -0.00161487126 2
0 0.235 0.355 -0.001604559153 2
0 0.235 0.365 -0.00154267819 2
0 0.235 0.375 -0.00139763165 2
0 0.235 0.385 -0.001141488206 2
0 0.235 0.395 -0.0007853968816 2
0 0.235 0.405 0 2
0 0.235 0.415 0 2
0 0.235 0.425 0 2
0 0.235 0.435 0 2
0 0.235 0.445 0 2
0 0.235 0.455 0 2
0 0.235 0.465 0 2
0 0.245 -0.455 0 2
0 0.245 -0.445 0 2
0 0.245 -0.435 0 1
0 0.245 -0.425 0 1
0 0.245 -0.415 0 1
0 0.245 -0.405 0 1
0 0.245 -0.395 -0.0005917150907 1
0 0.245 -0.385 -0.0009171408795 1
0 0.245 -0.375 -0.001218518696 2
0 0.245 -0.365 -0.00146019308 2
0 0.245 -0.355 -0.001612045305 2
0 0.245 -0.345 -0.001663094519 2
0 0.245 -0.335 -0.001629734748 2
0 0.245 -0.325 -0.001532607726 2
0 0.245 -0.315 -0.001385906152 2
0 0.245 -0.305 -0.001200204627 2
0 0.245 -0.295 -0.0009838405452 2
0 0.245 -0.285 -0.0007436151229 2
0 0.245 -0.275 -0.0004855348582 2
0 0.245 -0.265 -0.0002150935676 2
0 0.245 -0.255 6.268153323e-05 2
0 0.245 -0.245 0.0003432684628 2
0 0.245 -0.235 0.0006232046899 2
0 0.245 -0.225 0.0009003730173 2
0 0.245 -0.215 0.001174979443 2
0 0.245 -0.205 0.0014482196 2
0 0.245 -0.195 0.001721366967 2
0 0.245 -0.185 0.001992941051 2
0 0.245 -0.175 0.002259556153 2
0 0.245 -0.165 0.002517528164 2
0 0.245 -0.155 0.00276334453 2
0 0.245 -0.145 0.002995253175 2
0 0.245 -0.135 0.003221113731 2
0 0.245 -0.125 0.003448817992 2
0 0.245 -0.115 0.003669647167 2
0 0.245 -0.105 0.003884185711 2
0 0.245 -0.095 0.004095675989 2
0 0.245 -0.085 0.004289358748 2
0 0.245 -0.075 0.004479600772 2
0 0.245 -0.065 0.004677600452 2
0 0.245 -0.055 0.00487134163 2
0 0.245 -0.045 0.005053924141 2
0 0.245 -0.035 0.005204142202 2
0 0.245 -0.025 0.005326023241 2
0 0.245 -0.015 0.005423451583 2
0 0.245 -0.005 0.005498331511 2
0 0.245 0.005 0.005553032748 2
0 0.245 0.015 0.005588410622 2
0 0.245 0.025 0.005604454039 2
0 0.245 0.035 0.005598813845 2
0 0.245 0.045 0.005568428117 2
0 0.245 0.055 0.005510194961 2
0 0.245 0.065 0.005422146086 2
0 0.245 0.075 0.00530368673 2
0 0.245 0.085 0.005155584402 2
0 0.245 0.095 0.004979629329 2
0 0.245 0.105 0.004778305255 2
0 0.245 0.115 0.004554499919 2
0 0.245 0.125 0.004311290117 2
0 0.245 0.135 0.004051769201 2
0 0.245 0.145 0.00377888116 2
0 0.245 0.155 0.003495261626 2
0 0.245 0.165 0.003203070644 2
0 0.245 0.175 0.002903895471 2
0 0.245 0.185 0.002598689863 2
0 0.245 0.195 0.002287911739 2
0 0.245 0.205 0.001971783996 2
0 0.245 0.215 0.001650673968 2
0 0.245 0.225 0.00132541033 2
0 0.245 0.235 0.0009974978552 2
0 0.245 0.245 0.0006692072706 2
0 0.245 0.255 0.0003435959521 2
0 0.245 0.265 2.450192968e-05 2
0 0.245 0.275 -0.000283453219 2
0 0.245 0.285 -0.0005748396631 2
0 0.245 0.295 -0.0008434193658 2
0 0.245 0.305 -0.001082158139 2
0 0.245 0.315 -0.001283394056 2
0 0.245 0.325 -0.001440105452 2
0 0.245 0.335 -0.001542860581 2
0 0.245 0.345 -0.001594010799 2
0 0.245 0.355 -0.001595668777 2
0 0.245 0.365 -0.001538475622 2
0 0.245 0.375 -0.001397805814 2
0 0.245 0.385 -0.0011427851 2
0 0.245 0.395 -0.0007816710512 2
0 0.245 0.405 0 2
0 0.245 0.415 0 2
0 0.245 0.425 0 2
0 0.245 0.435 0 2
0 0.245 0.445 0 2
0 0.245 0.455 0 2
0 0.245 0.465 0 2
0 0.255 -0.455 0 2
0 0.255 -0.445 0 2
0 0.255 -0.435 0 1
0 0.255 -0.425 0 1
0 0.255 -0.415 0 1
0 0.255 -0.405 0 1
0 0.255 -0.395 -0.0005633929468 1
0 0.255 -0.385 -0.0008646043785 1
0 0.255 -0.375 -0.001127079607 1
0 0.255 -0.365 -0.001377414337 2
0 0.255 -0.355 -0.001535906877 2
0 0.255 -0.345 -0.001590978565 2
0 0.255 -0.335 -0.001560643318 2
0 0.255 -0.325 -0.00146570014 2
0 0.255 -0.315 -0.001321679103 2
0 0.255 -0.305 -0.001139642286 2
0 0.255 -0.295 -0.0009284575786 2
0 0.255 -0.285 -0.0006952308161 2
0 0.255 -0.275 -0.0004461299294 2
0 0.255 -0.265 -0.0001866972611 2
0 0.255 -0.255 7.799094734e-05 2
0 0.255 -0.245 0.0003431622163 2
0 0.255 -0.235 0.0006051339234 2
0 0.255 -0.225 0.00086150054 2
0 0.255 -0.215 0.001114095846 2
0 0.255 -0.205 0.001366207341 2
0 0.255 -0.195 0.001622513431 2
0 0.255 -0.185 0.001882065149 2
0 0.255 -0.175 0.002141397004 2
0 0.255 -0.165 0.002396436267 2
0 0.255 -0.155 0.002638925739 2
0 0.255 -0.145 0.002866581486 2
0 0.255 -0.135 0.003081867095 2
0 0.255 -0.125 0.003289240104 2
0 0.255 -0.115 0.003484662926 2
0 0.255 -0.105 0.003677669106 2
0 0.255 -0.095 0.003865035926 2
0 0.255 -0.085 0.004046716743 2
0 0.255 -0.075 0.004227835629 2
0 0.255 -0.065 0.00441728634 2
0 0.255 -0.055 0.004609753673 2
0 0.255 -0.045 0.004799327384 2
0 0.255 -0.035 0.004949154518 2
0 0.255 -0.025 0.005065353426 2
0 0.255 -0.015 0.005155814963 2
0 0.255 -0.005 0.005225967512 2
0 0.255 0.005 0.005280005446 2
0 0.255 0.015 0.005320307405 2
0 0.255 0.025 0.005346136093 2
0 0.255 0.035 0.005352909957 2
0 0.255 0.045 0.005335717126 2
0 0.255 0.055 0.005289623096 2
0 0.255 0.065 0.00521184676 2
0 0.255 0.075 0.005101696766 2
0 0.255 0.085 0.004960384113 2
0 0.255 0.095 0.004790323095 2
0 0.255 0.105 0.004594621491 2
0 0.255 0.115 0.004376718733 2
0 0.255 0.125 0.00414017478 2
0 0.255 0.135 0.003888523121 2
0 0.255 0.145 0.003625096903 2
0 0.255 0.155 0.003352848527 2
0 0.255 0.165 0.003074097742 2
0 0.255 0.175 0.002790408266 2
0 0.255 0.185 0.002502384255 2
0 0.255 0.195 0.00220987451 2
0 0.255 0.205 0.001912338201 2
0 0.255 0.215 0.001609471704 2
0 0.255 0.225 0.001301648007 2
0 0.255 0.235 0.0009901591496 2
0 0.255 0.245 0.0006772286348 2
0 0.255 0.255 0.0003659323225 2
0 0.255 0.265 6.009720719e-05 2
0 0.255 0.275 -0.0002357676341 2
0 0.255 0.285 -0.0005165072616 2
0 0.255 0.295 -0.0007763529798 2
0 0.255 0.305 -0.00100905902 2
0 0.255 0.315 -0.001207892216 2
0 0.255 0.325 -0.001366660451 2
0 0.255 0.335 -0.001479774331 2
0 0.255 0.345 -0.001544427333 2
0 0.255 0.355 -0.001555672575 2
0 0.255 0.365 -0.001502688005 2
0 0.255 0.375 -0.0013665018 2
0 0.255 0.385 -0.001112930293 2
0 0.255 0.395 -0.0007523048852 2
0 0.255 0.405 0 2
0 0.255 0.415 0 2
0 0.255 0.425 0 2
0 0.255 0.435 0 2
0 0.255 0.445 0 2
0 0.255 0.455 0 2
0 0.255 0.465 0 2
0 0.265 -0.455 0 2
0 0.265 -0.445 0 2
0 0.265 -0.435 0 1
0 0.265 -0.425 0 1
0 0.265 -0.415 0 1
0 0.265 -0.405 0 1
0 0.265 -0.395 -0.0005270897511 1
0 0.265 -0.385 -0.0008059278034 1
0 0.265 -0.375 -0.001044350482 1
0 0.265 -0.365 -0.001271737186 2
0 0.265 -0.355 -0.001424107085 2
0 0.265 -0.345 -0.001482388779 2
0 0.265 -0.335 -0.001454699703 2
0 0.265 -0.325 -0.001364150136 2
0 0.265 -0.315 -0.00122634951 2
0 0.265 -0.305 -0.00105236291 2
0 0.265 -0.295 -0.000851117736 2
0 0.265 -0.285 -0.0006297279797 2
0 0.265 -0.275 -0.0003943430464 2
0 0.265 -0.265 -0.0001504503134 2
0 0.265 -0.255 9.678721202e-05 2
0 0.265 -0.245 0.0003424666133 2
0 0.265 -0.235 0.0005826299281 2
0 0.265 -0.225 0.0008108952349 2
0 0.265 -0.215 0.00103192176 2
0 0.265 -0.205 0.001252877245 2
0 0.265 -0.195 0.001487074279 2
0 0.265 -0.185 0.001731730889 2
0 0.265 -0.175 0.001981887722 2
0 0.265 -0.165 0.002236332519 2
0 0.265 -0.155 0.002473028594 2
0 0.265 -0.145 0.002690255832 2
0 0.265 -0.135 0.002888407808 2
0 0.265 -0.125 0.003070439032 2
0 0.265 -0.115 0.003241916282 2
0 0.265 -0.105 0.003423602839 2
0 0.265 -0.095 0.003593071262 2
0 0.265 -0.085 0.003771315291 2
0 0.265 -0.075 0.003942487663 2
0 0.265 -0.065 0.004105991006 2
0 0.265 -0.055 0.00427017437 2
0 0.265 -0.045 0.004453777713 2
0 0.265 -0.035 0.004615031815 2
0 0.265 -0.025 0.004728148393 2
0 0.265 -0.015 0.004809070973 2
0 0.265 -0.005 0.004871013677 2
0 0.265 0.005 0.004923178954 2
0 0.265 0.015 0.004969317849 2
0 0.265 0.025 0.005008272026 2
0 0.265 0.035 0.005031165867 2
0 0.265 0.045 0.005030855966 2
0 0.265 0.055 0.004999555844 2
0 0.265 0.065 0.004933777213 2
0 0.265 0.075 0.004833093562 2
0 0.265 0.085 0.004699595893 2
0 0.265 0.095 0.004536611891 2
0 0.265 0.105 0.004348007439 2
0 0.265 0.115 0.004137813892 2
0 0.265 0.125 0.003910086236 2
0 0.265 0.135 0.003668840292 2
0 0.265 0.145 0.003417872318 2
0 0.265 0.155 0.003160570099 2
0 0.265 0.165 0.002899495489 2
0 0.265 0.175 0.002636312927 2
0 0.265 0.185 0.002371165379 2
0 0.265 0.195 0.002103030423 2
0 0.265 0.205 0.00183019243 2
0 0.265 0.215 0.00155138899 2
0 0.265 0.225 0.001266418211 2
0 0.265 0.235 0.0009763918614 2
0 0.265 0.245 0.0006835690437 2
0 0.265 0.255 0.0003911107077 2
0 0.265 0.265 0.000102848778 2
0 0.265 0.275 -0.00017685047 2
0 0.265 0.285 -0.0004431620107 2
0 0.265 0.295 -0.0006908413506 2
0 0.265 0.305 -0.000914344247 2
0 0.265 0.315 -0.001107874321 2
0 0.265 0.325 -0.001265891255 2
0 0.265 0.335 -0.00138304722 2
0 0.265 0.345 -0.001454436967 2
0 0.265 0.355 -0.001472816611 2
0 0.265 0.365 -0.001426373794 2
0 0.265 0.375 -0.001297688744 2
0 0.265 0.385 -0.001054613364 2
0 0.265 0.395 -0.0007096261198 2
0 0.265 0.405 0 2
0 0.265 0.415 0 2
0 0.265 0.425 0 2
0 0.265 0.435 0 2
0 0.265 0.445 0 2
0 0.265 0.455 0 2
0 0.265 0.465 0 2
0 0.275 -0.455 0 2
0 0.275 -0.445 0 2
0 0.275 -0.435 0 1
0 0.275 -0.425 0 1
0 0.275 -0.415 0 1
0 0.275 -0.405 0 1
0 0.275 -0.395 -0.000486196962 1
0 0.275 -0.385 -0.0007405002206 1
0 0.275 -0.375 -0.0009518654943 1
0 0.275 -0.365 -0.001147995902 2
0 0.275 -0.355 -0.001283696053 2
0 0.275 -0.345 -0.001340313411 2
0 0.275 -0.335 -0.001314213432 2
0 0.275 -0.325 -0.001229914579 2
0 0.275 -0.315 -0.001101587157 2
0 0.275 -0.305 -0.0009397829819 2
0 0.275 -0.295 -0.0007530164413 2
0 0.275 -0.285 -0.0005481452661 2
0 0.275 -0.275 -0.0003311095511 2
0 0.275 -0.265 -0.0001072031742 2
0 0.275 -0.255 0.0001184037222 2
0 0.275 -0.245 0.0003409023162 2
0 0.275 -0.235 0.0005557030541 2
0 0.275 -0.225 0.0007550903111 2
0 0.275 -0.215 0.000944961246 2
0 0.275 -0.205 0.00113269825 2
0 0.275 -0.195 0.001343053687 2
0 0.275 -0.185 0.001562235328 2
0 0.275 -0.175 0.001788352394 2
0 0.275 -0.165 0.002031425912 2
0 0.275 -0.155 0.002262847725 2
0 0.275 -0.145 0.002467354558 2
0 0.275 -0.135 0.002644611367 2
0 0.275 -0.125 0.002803002461 2
0 0.275 -0.115 0.002959137408 2
0 0.275 -0.105 0.003141943299 2
0 0.275 -0.095 0.003307436249 1
0 0.275 -0.085 0.003479791791 1
0 0.275 -0.075 0.003636897092 1
0 0.275 -0.065 0.003779327609 1
0 0.275 -0.055 0.003912081076 1
0 0.275 -0.045 0.004067231036 2
0 0.275 -0.035 0.004227152358 2
0 0.275 -0.025 0.004325756883 2
0 0.275 -0.015 0.004390747687 2
0 0.275 -0.005 0.004442771997 2
0 0.275 0.005 0.00449107486 2
0 0.275 0.015 0.004541887467 2
0 0.275 0.025 0.004596267945 2
0 0.275 0.035 0.004637837751 2
0 0.275 0.045 0.004658416081 2
0 0.275 0.055 0.004644722942 2
0 0.275 0.065 0.004592416109 2
0 0.275 0.075 0.004501799105 2
0 0.275 0.085 0.004376593685 2
0 0.275 0.095 0.004221525866 2
0 0.275 0.105 0.004041283117 2
0 0.275 0.115 0.003840417938 2
0 0.275 0.125 0.003623433164 2
0 0.275 0.135 0.003394876285 2
0 0.275 0.145 0.003159105587 2
0 0.275 0.155 0.002920115465 2
0 0.275 0.165 0.002680754456 2
0 0.275 0.175 0.002443118525 2
0 0.275 0.185 0.002206718108 2
0 0.275 0.195 0.0019692952 2
0 0.275 0.205 0.001727269717 2
0 0.275 0.215 0.001478059726 2
0 0.275 0.225 0.001220842901 2
0 0.275 0.235 0.0009567255129 2
0 0.275 0.245 0.0006881926634 2
0 0.275 0.255 0.0004186143151 2
0 0.275 0.265 0.0001518685254 2
0 0.275 0.275 -0.0001078380362 2
0 0.275 0.285 -0.0003560434692 2
0 0.275 0.295 -0.0005880481689 2
0 0.275 0.305 -0.0007989670928 2
0 0.275 0.315 -0.0009837702067 2
0 0.275 0.325 -0.001137392802 2
0 0.275 0.335 -0.00125448341 2
0 0.275 0.345 -0.001329046898 2
0 0.275 0.355 -0.001352813561 2
0 0.275 0.365 -0.001313854326 2
0 0.275 0.375 -0.00119625919 2
0 0.275 0.385 -0.0009711212915 2
0 0.275 0.395 -0.0006518858572 2
0 0.275 0.405 0 2
0 0.275 0.415 0 2
0 0.275 0.425 0 2
0 0.275 0.435 0 2
0 0.275 0.445 0 2
0 0.275 0.455 0 2
0 0.275 0.465 0 2
0 0.285 -0.455 0 2
0 0.285 -0.445 0 2
0 0.285 -0.435 0 1
0 0.285 -0.425 0 1
0 0.285 -0.415 0 1
0 0.285 -0.405 0 1
0 0.285 -0.395 -0.000437141075 1
0 0.285 -0.385 -0.000662334616 1
0 0.285 -0.375 -0.0008451433537 1
0 0.285 -0.365 -0.001009881734 2
0 0.285 -0.355 -0.001122341773 2
0 0.285 -0.345 -0.001168521298 2
0 0.285 -0.335 -0.00114284849 2
0 0.285 -0.325 -0.00106626202 2
0 0.285 -0.315 -0.0009503013986 2
0 0.285 -0.305 -0.0008044104643 2
0 0.285 -0.295 -0.0006362751524 2
0 0.285 -0.285 -0.00045229237 2
0 0.285 -0.275 -0.0002580344327 2
0 0.285 -0.265 -5.847677309e-05 2
0 0.285 -0.255 0.0001414527641 2
0 0.285 -0.245 0.0003371570281 2
0 0.285 -0.235 0.0005205876852 2
0 0.285 -0.225 0.0006889681508 2
0 0.285 -0.215 0.0008492542027 2
0 0.285 -0.205 0.001007401157 1
0 0.285 -0.195 0.001195078814 1
0 0.285 -0.185 0.001386781416 1
0 0.285 -0.175 0.001579629141 1
0 0.285 -0.165 0.001790919202 2
0 0.285 -0.155 0.002003885635 2
0 0.285 -0.145 0.002197807056 2
0 0.285 -0.135 0.002353783372 2
0 0.285 -0.125 0.002500883013 2
0 0.285 -0.115 0.002658405798 1
0 0.285 -0.105 0.002842884719 1
0 0.285 -0.095 0.003035521411 1
0 0.285 -0.085 0.003203088535 1
0 0.285 -0.075 0.003348439939 1
0 0.285 -0.065 0.003475299045 1
0 0.285 -0.055 0.003580380597 1
0 0.285 -0.045 0.0036533916 1
0 0.285 -0.035 0.003774216752 2
0 0.285 -0.025 0.003839401323 2
0 0.285 -0.015 0.003886130098 2
0 0.285 -0.005 0.003926580625 2
0 0.285 0.005 0.003969165631 2
0 0.285 0.015 0.0040274075 2
0 0.285 0.025 0.004113628989 2
0 0.285 0.035 0.004180669808 2
0 0.285 0.045 0.004227354656 2
0 0.285 0.055 0.004232679094 2
0 0.285 0.065 0.004193554073 2
0 0.285 0.075 0.004112329064 2
0 0.285 0.085 0.003995317797 2
0 0.285 0.095 0.003848884007 2
0 0.285 0.105 0.003678243761 2
0 0.285 0.115 0.003488255904 2
0 0.285 0.125 0.003283775608 2
0 0.285 0.135 0.003069916339 2
0 0.285 0.145 0.002851662325 2
0 0.285 0.155 0.002633819224 2
0 0.285 0.165 0.002419371003 2
0 0.285 0.175 0.002212041183 2
0 0.285 0.185 0.002010486355 2
0 0.285 0.195 0.001810781523 2
0 0.285 0.205 0.001605985635 2
0 0.285 0.215 0.001391642125 2
0 0.285 0.225 0.001166386623 2
0 0.285 0.235 0.000931818667 2
0 0.285 0.245 0.0006910481226 2
0 0.285 0.255 0.0004478522296 2
0 0.285 0.265 0.0002061823902 2
0 0.285 0.275 -2.994930178e-05 2
0 0.285 0.285 -0.0002564844797 2
0 0.285 0.295 -0.0004692826122 2
0 0.285 0.305 -0.0006640917338 2
0 0.285 0.315 -0.0008364981423 2
0 0.285 0.325 -0.0009818545821 2
0 0.285 0.335 -0.001094961587 2
0 0.285 0.345 -0.001169615132 2
0 0.285 0.355 -0.001197516028 2
0 0.285 0.365 -0.001167407705 2
0 0.285 0.375 -0.001065097749 2
0 0.285 0.385 -0.0008652605669 2
0 0.285 0.395 -0.000580791754 2
0 0.285 0.405 0 2
0 0.285 0.415 0 2
0 0.285 0.425 0 2
0 0.285 0.435 0 2
0 0.285 0.445 0 2
0 0.285 0.455 0 2
0 0.285 0.465 0 2
0 0.295 -0.455 0 2
0 0.295 -0.445 0 2
0 0.295 -0.435 0 1
0 0.295 -0.425 0 1
0 0.295 -0.415 0 1
0 0.295 -0.405 0 1
0 0.295 -0.395 -0.0003815715023 1
0 0.295 -0.385 -0.0005749347467 1
0 0.295 -0.375 -0.0007268408868 1
0 0.295 -0.365 -0.0008544340169 2
0 0.295 -0.355 -0.0009380471274 2
0 0.295 -0.345 -0.0009704550037 2
0 0.295 -0.335 -0.0009448768197 2
0 0.295 -0.325 -0.0008775008612 2
0 0.295 -0.315 -0.0007764462535 2
0 0.295 -0.305 -0.0006496496532 2
0 0.295 -0.295 -0.000503725851 2
0 0.295 -0.285 -0.0003445050634 2
0 0.295 -0.275 -0.0001771105388 2
0 0.295 -0.265 -6.116222282e-06 2
0 0.295 -0.255 0.0001640894565 2
0 0.295 -0.245 0.0003291442484 2
0 0.295 -0.235 0.0004799679121 2
0 0.295 -0.225 0.0006149921573 2
0 0.295 -0.215 0.0007412102959 2
0 0.295 -0.205 0.000888737782 1
0 0.295 -0.195 0.001057017023 1
0 0.295 -0.185 0.001226378215 1
0 0.295 -0.175 0.001393007931 1
0 0.295 -0.165 0.001545150085 1
0 0.295 -0.155 0.001718622516 2
0 0.295 -0.145 0.001894044195 2
0 0.295 -0.135 0.002035276858 2
0 0.295 -0.125 0.002186345337 1
0 0.295 -0.115 0.002382061663 1
0 0.295 -0.105 0.002568276932 1
0 0.295 -0.095 0.0027536602 1
0 0.295 -0.085 0.002915595718 1
0 0.295 -0.075 0.003051681983 1
0 0.295 -0.065 0.003162019444 1
0 0.295 -0.055 0.003244138009 1
0 0.295 -0.045 0.003284794148 1
0 0.295 -0.035 0.003316353673 2
0 0.295 -0.025 0.003345907179 2
0 0.295 -0.015 0.003378725444 2
0 0.295 -0.005 0.003408680978 2
0 0.295 0.005 0.003439015869 2
0 0.295 0.015 0.003482053016 2
0 0.295 0.025 0.003569841796 2
0 0.295 0.035 0.003647270548 2
0 0.295 0.045 0.003737065476 2
0 0.295 0.055 0.003769479935 2
0 0.295 0.065 0.003742722932 2
0 0.295 0.075 0.003669087416 2
0 0.295 0.085 0.003560049462 2
0 0.295 0.095 0.003423251339 2
0 0.295 0.105 0.003263687626 2
0 0.295 0.115 0.003086067357 2
0 0.295 0.125 0.002895415283 2
0 0.295 0.135 0.002697675138 2
0 0.295 0.145 0.002499032981 2
0 0.295 0.155 0.002305933741 2
0 0.295 0.165 0.002120013302 2
0 0.295 0.175 0.001948476487 2
0 0.295 0.185 0.001787989847 2
0 0.295 0.195 0.001632814938 2
0 0.295 0.205 0.001470659383 2
0 0.295 0.215 0.0012950042 2
0 0.295 0.225 0.001104586179 2
0 0.295 0.235 0.0009021731609 2
0 0.295 0.245 0.0006918992299 2
0 0.295 0.255 0.0004780534151 2
0 0.295 0.265 0.0002646543365 2
0 0.295 0.275 5.543381402e-05 2
0 0.295 0.285 -0.0001460244959 2
0 0.295 0.295 -0.0003361725031 2
0 0.295 0.305 -0.0005113968077 2
0 0.295 0.315 -0.0006679008786 2
0 0.295 0.325 -0.000801548838 2
0 0.295 0.335 -0.0009075445035 2
0 0.295 0.345 -0.0009800301814 2
0 0.295 0.355 -0.0010113231 2
0 0.295 0.365 -0.0009913703446 2
0 0.295 0.375 -0.0009079028785 2
0 0.295 0.385 -0.0007393961675 2
0 0.295 0.395 -0.0004972030458 2
0 0.295 0.405 0 2
0 0.295 0.415 0 2
0 0.295 0.425 0 2
0 0.295 0.435 0 2
0 0.295 0.445 0 2
0 0.295 0.455 0 2
0 0.295 0.465 0 2
0 0.305 -0.455 0 2
0 0.305 -0.445 0 2
0 0.305 -0.435 0 2
0 0.305 -0.425 0 1
0 0.305 -0.415 0 1
0 0.305 -0.405 0 1
0 0.305 -0.395 -0.0003169456276 1
0 0.305 -0.385 -0.0004776973324 1
0 0.305 -0.375 -0.0006018928492 1
0 0.305 -0.365 -0.0006822500054 2
0 0.305 -0.355 -0.0007303599666 2
0 0.305 -0.345 -0.0007496714363 2
0 0.305 -0.335 -0.000725348633 2
0 0.305 -0.325 -0.0006689170789 2
0 0.305 -0.315 -0.000584825246 2
0 0.305 -0.305 -0.0004795591674 2
0 0.305 -0.295 -0.0003586376942 2
0 0.305 -0.285 -0.0002273247649 2
0 0.305 -0.275 -9.031416079e-05 2
0 0.305 -0.265 4.825198717e-05 2
0 0.305 -0.255 0.000184705841 2
0 0.305 -0.245 0.0003152351695 2
0 0.305 -0.235 0.0004325758443 2
0 0.305 -0.225 0.0005354802882 2
0 0.305 -0.215 0.0006274446388 1
0 0.305 -0.205 0.0007646093428 1
0 0.305 -0.195 0.0009127685961 1
0 0.305 -0.185 0.001059481761 1
0 0.305 -0.175 0.001200024735 1
0 0.305 -0.165 0.001325524175 1
0 0.305 -0.155 0.001437749684 1
0 0.305 -0.145 0.001580574736 2
0 0.305 -0.135 0.001717442005 1
0 0.305 -0.125 0.001905905299 1
0 0.305 -0.115 0.002100104339 1
0 0.305 -0.105 0.002280236786 1
0 0.305 -0.095 0.002446802992 1
0 0.305 -0.085 0.002592429219 1
0 0.305 -0.075 0.002713710686 1
0 0.305 -0.065 0.002806995739 1
0 0.305 -0.055 0.002871736667 1
0 0.305 -0.045 0.002895621268 1
0 0.305 -0.035 0.002866137542 1
0 0.305 -0.025 0.002865951121 1
0 0.305 -0.015 0.002883432968 1
0 0.305 -0.005 0.00290409443 1
0 0.305 0.005 0.002926060008 1
0 0.305 0.015 0.002951838747 1
0 0.305 0.025 0.003014113722 2
0 0.305 0.035 0.003086437614 2
0 0.305 0.045 0.003218601784 2
0 0.305 0.055 0.003264480037 2
0 0.305 0.065 0.003242656338 2
0 0.305 0.075 0.003175746115 2
0 0.305 0.085 0.003075587955 2
0 0.305 0.095 0.002950189435 2
0 0.305 0.105 0.002803593084 2
0 0.305 0.115 0.002639901513 2
0 0.305 0.125 0.002464322976 2
0 0.305 0.135 0.002284145649 2
0 0.305 0.145 0.002107820706 2
0 0.305 0.155 0.001941951985 2
0 0.305 0.165 0.001779679665 2
0 0.305 0.175 0.001646162373 2
0 0.305 0.185 0.00153389457 2
0 0.305 0.195 0.001436597939 2
0 0.305 0.205 0.001325101671 2
0 0.305 0.215 0.001191434533 2
0 0.305 0.225 0.001036806828 2
0 0.305 0.235 0.0008678963252 2
0 0.305 0.245 0.0006901428075 2
0 0.305 0.255 0.000508193799 2
0 0.305 0.265 0.0003259555985 2
0 0.305 0.275 0.0001467381914 2
0 0.305 0.285 -2.645103265e-05 2
0 0.305 0.295 -0.000190711328 2
0 0.305 0.305 -0.0003431046256 2
0 0.305 0.315 -0.0004805049076 2
0 0.305 0.325 -0.0005994221077 2
0 0.305 0.335 -0.0006957177506 2
0 0.305 0.345 -0.0007642876574 2
0 0.305 0.355 -0.0007985156417 2
0 0.305 0.365 -0.0007899267631 2
0 0.305 0.375 -0.000728345654 2
0 0.305 0.385 -0.0005962219101 2
0 0.305 0.395 -0.0004026321301 2
0 0.305 0.405 0 2
0 0.305 0.415 0 2
0 0.305 0.425 0 2
0 0.305 0.435 0 2
0 0.305 0.445 0 2
0 0.305 0.455 0 2
0 0.305 0.465 0 2
0 0.315 -0.455 0 2
0 0.315 -0.445 0 2
0 0.315 -0.435 0 2
0 0.315 -0.425 0 1
0 0.315 -0.415 0 1
0 0.315 -0.405 0 1
0 0.315 -0.395 -0.0002488792237 1
0 0.315 -0.385 -0.0003735560479 1
0 0.315 -0.375 -0.0004629788042 1
0 0.315 -0.365 -0.0004849107214 2
0 0.315 -0.355 -0.0005013360242 2
0 0.315 -0.345 -0.0005125956237 2
0 0.315 -0.335 -0.000491102728 2
0 0.315 -0.325 -0.0004467336186 2
0 0.315 -0.315 -0.0003808268771 2
0 0.315 -0.305 -0.0002985467197 2
0 0.315 -0.295 -0.0002044075758 2
0 0.315 -0.285 -0.0001031693708 2
0 0.315 -0.275 7.902249358e-07 2
0 0.315 -0.265 0.0001037414303 2
0 0.315 -0.255 0.0002028021547 2
0 0.315 -0.245 0.0002954727932 2
0 0.315 -0.235 0.0003777573142 2
0 0.315 -0.225 0.0004522851122 2
0 0.315 -0.215 0.0005300442379 1
0 0.315 -0.205 0.0006334959924 1
0 0.315 -0.195 0.0007504465052 1
0 0.315 -0.185 0.0008688746831 1
0 0.315 -0.175 0.0009840375924 1
0 0.315 -0.165 0.001092023693 1
0 0.315 -0.155 0.001185271886 1
0 0.315 -0.145 0.00128229719 1
0 0.315 -0.135 0.001438617649 1
0 0.315 -0.125 0.001619077826 1
0 0.315 -0.115 0.001795389966 1
0 0.315 -0.105 0.001961113267 1
0 0.315 -0.095 0.002113634211 1
0 0.315 -0.085 0.002247195639 1
0 0.315 -0.075 0.002352739676 1
0 0.315 -0.065 0.002425830927 1
0 0.315 -0.055 0.002468003565 1
0 0.315 -0.045 0.002474886135 1
0 0.315 -0.035 0.002448475333 1
0 0.315 -0.025 0.002437561995 1
0 0.315 -0.015 0.002443011153 1
0 0.315 -0.005 0.002455780485 1
0 0.315 0.005 0.002471374094 1
0 0.315 0.015 0.002482524135 1
0 0.315 0.025 0.002477024889 1
0 0.315 0.035 0.002530204535 1
0 0.315 0.045 0.002672910804 2
0 0.315 0.055 0.002716279359 2
0 0.315 0.065 0.002696801486 2
0 0.315 0.075 0.002637094494 2
0 0.315 0.085 0.002548147929 2
0 0.315 0.095 0.002436644006 2
0 0.315 0.105 0.002305183013 2
0 0.315 0.115 0.002157090973 2
0 0.315 0.125 0.001997084714 2
0 0.315 0.135 0.001831155789 2
0 0.315 0.145 0.001670893322 2
0 0.315 0.155 0.001546545901 2
0 0.315 0.165 0.001430396883 2
0 0.315 0.175 0.001349999464 2
0 0.315 0.185 0.001284820886 2
0 0.315 0.195 0.001236618944 2
0 0.315 0.205 0.001173727462 2
0 0.315 0.215 0.001080897819 2
0 0.315 0.225 0.0009631404058 2
0 0.315 0.235 0.0008283800252 2
0 0.315 0.245 0.000684769212 2
0 0.315 0.255 0.000537039943 2
0 0.315 0.265 0.0003886269151 2
0 0.315 0.275 0.0002422508431 2
0 0.315 0.285 0.0001002371571 2
0 0.315 0.295 -3.522000145e-05 2
0 0.315 0.305 -0.0001619075603 2
0 0.315 0.315 -0.0002774419349 2
0 0.315 0.325 -0.0003791093369 2
0 0.315 0.335 -0.0004636371286 2
0 0.315 0.345 -0.0005269592063 2
0 0.315 0.355 -0.0005638286894 2
0 0.315 0.365 -0.0005676039685 2
0 0.315 0.375 -0.0005303430218 2
0 0.315 0.385 -0.000438650803 2
0 0.315 0.395 -0.0002988152932 2
0 0.315 0.405 0 2
0 0.315 0.415 0 2
0 0.315 0.425 0 2
0 0.315 0.435 0 2
0 0.315 0.445 0 2
0 0.315 0.455 0 2
0 0.315 0.465 0 2
0 0.325 -0.455 0 2
0 0.325 -0.445 0 2
0 0.325 -0.435 0 2
0 0.325 -0.425 0 2
0 0.325 -0.415 0 1
0 0.325 -0.405 0 1
0 0.325 -0.395 -0.0001731616514 1
0 0.325 -0.385 -0.0002544476245 1
0 0.325 -0.375 -0.0002891682991 2
0 0.325 -0.365 -0.0002696885295 2
0 0.325 -0.355 -0.000266229493 2
0 0.325 -0.345 -0.0002684756059 2
0 0.325 -0.335 -0.0002500933172 2
0 0.325 -0.325 -0.0002174935589 2
0 0.325 -0.315 -0.0001699317128 2
0 0.325 -0.305 -0.0001110276532 2
0 0.325 -0.295 -4.434016761e-05 2
0 0.325 -0.285 2.581638743e-05 2
0 0.325 -0.275 9.517003689e-05 2
0 0.325 -0.265 0.0001603336218 2
0 0.325 -0.255 0.0002192976144 2
0 0.325 -0.245 0.0002715632814 2
0 0.325 -0.235 0.0003163349657 2
0 0.325 -0.225 0.0003627256281 2
0 0.325 -0.215 0.0004276803161 1
0 0.325 -0.205 0.00049456476 1
0 0.325 -0.195 0.0005785818536 1
0 0.325 -0.185 0.0006679128416 1
0 0.325 -0.175 0.0007574696661 1
0 0.325 -0.165 0.0008453412989 1
0 0.325 -0.155 0.0009299722414 1
0 0.325 -0.145 0.001024139597 1
0 0.325 -0.135 0.001162208283 1
0 0.325 -0.125 0.001318569289 1
0 0.325 -0.115 0.001474407584 1
0 0.325 -0.105 0.001622800484 1
0 0.325 -0.095 0.001760820115 1
0 0.325 -0.085 0.001882905355 1
0 0.325 -0.075 0.001971737646 1
0 0.325 -0.065 0.00202222549 1
0 0.325 -0.055 0.002045250314 1
0 0.325 -0.045 0.002044888726 1
0 0.325 -0.035 0.002031192565 1
0 0.325 -0.025 0.002022240827 1
0 0.325 -0.015 0.002022000052 1
0 0.325 -0.005 0.002028004872 1
0 0.325 0.005 0.002034260321 1
0 0.325 0.015 0.002032173555 1
0 0.325 0.025 0.00201861697 1
0 0.325 0.035 0.00203939561 1
0 0.325 0.045 0.002112021191 2
0 0.325 0.055 0.002134188088 2
0 0.325 0.065 0.002113708652 2
0 0.325 0.075 0.002061666268 2
0 0.325 0.085 0.001986737619 2
0 0.325 0.095 0.001892060002 2
0 0.325 0.105 0.001778093826 2
0 0.325 0.115 0.001645842006 2
0 0.325 0.125 0.001499368015 2
0 0.325 0.135 0.001350706729 2
0 0.325 0.145 0.001225981176 2
0 0.325 0.155 0.001162486492 2
0 0.325 0.165 0.001109938028 1
0 0.325 0.175 0.001080051026 1
0 0.325 0.185 0.001053713551 1
0 0.325 0.195 0.001040839733 2
0 0.325 0.205 0.001022491912 2
0 0.325 0.215 0.0009656576327 2
0 0.325 0.225 0.0008820682268 2
0 0.325 0.235 0.0007823731663 2
0 0.325 0.245 0.000674633803 2
0 0.325 0.255 0.0005633775095 2
0 0.325 0.265 0.0004512518948 2
0 0.325 0.275 0.0003402465181 2
0 0.325 0.285 0.0002319337369 2
0 0.325 0.295 0.0001277616397 2
0 0.325 0.305 2.918035879e-05 2
0 0.325 0.315 -6.223051798e-05 2
0 0.325 0.325 -0.0001446382939 2
0 0.325 0.335 -0.0002157913216 2
0 0.325 0.345 -0.0002728576464 2
0 0.325 0.355 -0.0003121632545 2
0 0.325 0.365 -0.0003290738461 2
0 0.325 0.375 -0.000317987624 2
0 0.325 0.385 -0.0002698260344 2
0 0.325 0.395 -0.0001877278375 2
0 0.325 0.405 0 2
0 0.325 0.415 0 2
0 0.325 0.425 0 2
0 0.325 0.435 0 2
0 0.325 0.445 0 2
0 0.325 0.455 0 2
0 0.325 0.465 0 2
0 0.335 -0.455 0 2
0 0.335 -0.445 0 2
0 0.335 -0.435 0 2
0 0.335 -0.425 0 2
0 0.335 -0.415 0 2
0 0.335 -0.405 0 2
0 0.335 -0.395 -9.159923361e-05 2
0 0.335 -0.385 -0.0001146508914 2
0 0.335 -0.375 -9.143048688e-05 2
0 0.335 -0.365 -5.454776666e-05 2
0 0.335 -0.355 -3.612915182e-05 2
0 0.335 -0.345 -2.499546355e-05 2
0 0.335 -0.335 -8.832237301e-06 2
0 0.335 -0.325 1.31289897e-05 2
0 0.335 -0.315 4.29141578e-05 2
0 0.335 -0.305 7.892372155e-05 2
0 0.335 -0.295 0.0001186163297 2
0 0.335 -0.285 0.0001579967592 2
0 0.335 -0.275 0.0001923788808 2
0 0.335 -0.265 0.0002185444758 2
0 0.335 -0.255 0.0002358693437 2
0 0.335 -0.245 0.0002461150599 2
0 0.335 -0.235 0.0002527344669 2
0 0.335 -0.225 0.0002668371234 2
0 0.335 -0.215 0.0003025018039 2
0 0.335 -0.205 0.000342995241 1
0 0.335 -0.195 0.0003989592592 1
0 0.335 -0.185 0.0004611612526 1
0 0.335 -0.175 0.0005261211361 1
0 0.335 -0.165 0.0005935185106 1
0 0.335 -0.155 0.0006671020227 1
0 0.335 -0.145 0.0007563937337 1
0 0.335 -0.135 0.00087326557 1
0 0.335 -0.125 0.001007197848 1
0 0.335 -0.115 0.001140374935 1
0 0.335 -0.105 0.001266902944 1
0 0.335 -0.095 0.001390960691 1
0 0.335 -0.085 0.001515265604 1
0 0.335 -0.075 0.001589299941 1
0 0.335 -0.065 0.001605083841 1
0 0.335 -0.055 0.001607847163 1
0 0.335 -0.045 0.001597987941 1
0 0.335 -0.035 0.001585360354 1
0 0.335 -0.025 0.001576677769 1
0 0.335 -0.015 0.00157335178 1
0 0.335 -0.005 0.001573625552 1
0 0.335 0.005 0.001574600427 1
0 0.335 0.015 0.001574166549 1
0 0.335 0.025 0.001570110648 1
0 0.335 0.035 0.00156170789 1
0 0.335 0.045 0.001554117755 2
0 0.335 0.055 0.001535861499 2
0 0.335 0.065 0.001506045548 2
0 0.335 0.075 0.001461917996 2
0 0.335 0.085 0.001403024787 2
0 0.335 0.095 0.001327166406 2
0 0.335 0.105 0.001230728609 2
0 0.335 0.115 0.001112554154 2
0 0.335 0.125 0.000977097648 2
0 0.335 0.135 0.0008693491052 2
0 0.335 0.145 0.0008171735705 1
0 0.335 0.155 0.0008182137006 1
0 0.335 0.165 0.0008426139408 1
0 0.335 0.175 0.0008520864768 1
0 0.335 0.185 0.0008558094841 1
0 0.335 0.195 0.000854179418 1
0 0.335 0.205 0.0008696843324 2
0 0.335 0.215 0.0008436815391 2
0 0.335 0.225 0.0007926617105 2
0 0.335 0.235 0.0007290887824 2
0 0.335 0.245 0.0006590859952 2
0 0.335 0.255 0.0005863997792 2
0 0.335 0.265 0.0005126995536 2
0 0.335 0.275 0.0004391503123 2
0 0.335 0.285 0.0003665509968 2
0 0.335 0.295 0.0002955933899 2
0 0.335 0.305 0.0002269486419 2
0 0.335 0.315 0.0001613530701 2
0 0.335 0.325 9.968693019e-05 2
0 0.335 0.335 4.307673556e-05 2
0 0.335 0.345 -7.006641001e-06 2
0 0.335 0.355 -4.859180307e-05 2
0 0.335 0.365 -7.916367021e-05 2
0 0.335 0.375 -9.55341655e-05 2
0 0.335 0.385 -9.30624334e-05 2
0 0.335 0.395 -7.1496332e-05 2
0 0.335 0.405 0 2
0 0.335 0.415 0 2
0 0.335 0.425 0 2
0 0.335 0.435 0 2
0 0.335 0.445 0 2
0 0.335 0.455 0 2
0 0.335 0.465 0 2
0 0.345 -0.455 0 2
0 0.345 -0.445 0 2
0 0.345 -0.435 0 2
0 0.345 -0.425 0 2
0 0.345 -0.415 0 2
0 0.345 -0.405 0 2
0 0.345 -0.395 7.531206239e-06 2
0 0.345 -0.385 4.383686954e-05 2
0 0.345 -0.375 0.0001052581251 2
0 0.345 -0.365 0.0001587729215 2
0 0.345 -0.355 0.0001925083919 2
0 0.345 -0.345 0.0002146703965 2
0 0.345 -0.335 0.000229198491 2
0 0.345 -0.325 0.000241183289 2
0 0.345 -0.315 0.0002538017916 2
0 0.345 -0.305 0.0002677840255 2
0 0.345 -0.295 0.0002816706704 2
0 0.345 -0.285 0.0002915563284 2
0 0.345 -0.275 0.0002912661404 2
0 0.345 -0.265 0.0002783070858 2
0 0.345 -0.255 0.0002534098567 2
0 0.345 -0.245 0.0002188050373 2
0 0.345 -0.235 0.0001856709847 2
0 0.345 -0.225 0.000165758527 2
0 0.345 -0.215 0.0001635470434 2
0 0.345 -0.205 0.000187837207 1
0 0.345 -0.195 0.000218722781 1
0 0.345 -0.185 0.0002543266527 1
0 0.345 -0.175 0.0002954451648 1
0 0.345 -0.165 0.0003420816625 1
0 0.345 -0.155 0.0003982801259 1
0 0.345 -0.145 0.000471962804 1
0 0.345 -0.135 0.0005747073711 1
0 0.345 -0.125 0.0007004072065 1
0 0.345 -0.115 0.0008148585868 1
0 0.345 -0.105 0.0009135683778 1
0 0.345 -0.095 0.001007037458 1
0 0.345 -0.085 0.001116353518 1
0 0.345 -0.075 0.001175932214 1
0 0.345 -0.065 0.001176304347 1
0 0.345 -0.055 0.001173181959 1
0 0.345 -0.045 0.00114438679 1
0 0.345 -0.035 0.00112647876 1
0 0.345 -0.025 0.001118739786 1
0 0.345 -0.015 0.00111444426 1
0 0.345 -0.005 0.001110499656 1
0 0.345 0.005 0.001106715334 1
0 0.345 0.015 0.001108154444 1
0 0.345 0.025 0.00111505519 1
0 0.345 0.035 0.00107781471 1
0 0.345 0.045 0.0009872981359 2
0 0.345 0.055 0.000926871707 2
0 0.345 0.065 0.00088754359 2
0 0.345 0.075 0.0008523518652 2
0 0.345 0.085 0.0008106802732 2
0 0.345 0.095 0.0007544651343 2
0 0.345 0.105 0.000679970994 2
0 0.345 0.115 0.0005821019985 2
0 0.345 0.125 0.000469332916 2
0 0.345 0.135 0.0004359033735 1
0 0.345 0.145 0.000483650156 1
0 0.345 0.155 0.0005338374082 1
0 0.345 0.165 0.0005932526822 1
0 0.345 0.175 0.0006380864711 1
0 0.345 0.185 0.000671871538 1
0 0.345 0.195 0.0006962516236 1
0 0.345 0.205 0.0007189889161 2
0 0.345 0.215 0.0007161947775 2
0 0.345 0.225 0.0006962105084 2
0 0.345 0.235 0.0006693055636 2
0 0.345 0.245 0.0006385560772 2
0 0.345 0.255 0.0006060372861 2
0 0.345 0.265 0.0005723157932 2
0 0.345 0.275 0.0005376647724 2
0 0.345 0.285 0.000502122413 2
0 0.345 0.295 0.0004656366707 2
0 0.345 0.305 0.000428103787 2
0 0.345 0.315 0.0003894007005 2
0 0.345 0.325 0.0003494157668 2
0 0.345 0.335 0.0003080897255 2
0 0.345 0.345 0.0002654591617 2
0 0.345 0.355 0.0002217199244 2
0 0.345 0.365 0.0001772072528 2
0 0.345 0.375 0.0001326583194 2
0 0.345 0.385 8.82123086e-05 2
0 0.345 0.395 4.765499274e-05 2
0 0.345 0.405 0 2
0 0.345 0.415 0 2
0 0.345 0.425 0 2
0 0.345 0.435 0 2
0 0.345 0.445 0 2
0 0.345 0.455 0 2
0 0.345 0.465 0 2
0 0.355 -0.455 0 2
0 0.355 -0.445 0 2
0 0.355 -0.435 0 2
0 0.355 -0.425 0 2
0 0.355 -0.415 0 2
0 0.355 -0.405 0 2
0 0.355 -0.395 0.0001210443225 2
0 0.355 -0.385 0.0002104813059 2
0 0.355 -0.375 0.0003009213091 2
0 0.355 -0.365 0.0003730999946 2
0 0.355 -0.355 0.0004224881369 2
0 0.355 -0.345 0.0004507249658 2
0 0.355 -0.335 0.0004627978552 2
0 0.355 -0.325 0.0004642582389 2
0 0.355 -0.315 0.0004596973386 2
0 0.355 -0.305 0.0004521870766 2
0 0.355 -0.295 0.0004419836769 2
0 0.355 -0.285 0.0004264263069 2
0 0.355 -0.275 0.0003943058671 2
0 0.355 -0.265 0.000338406594 2
0 0.355 -0.255 0.0002687397767 2
0 0.355 -0.245 0.0001924535138 2
0 0.355 -0.235 0.0001221922067 2
0 0.355 -0.225 6.810082968e-05 2
0 0.355 -0.215 3.43115361e-05 1
0 0.355 -0.205 3.58476033e-05 1
0 0.355 -0.195 4.045315917e-05 1
0 0.355 -0.185 5.13006767e-05 1
0 0.355 -0.175 7.02543868e-05 1
0 0.355 -0.165 9.63292846e-05 1
0 0.355 -0.155 0.0001319750673 1
0 0.355 -0.145 0.0001853595641 1
0 0.355 -0.135 0.0002731841889 1
0 0.355 -0.125 0.0003796157934 1
0 0.355 -0.115 0.0004620943193 1
0 0.355 -0.105 0.0005288232935 1
0 0.355 -0.095 0.0005877575922 1
0 0.355 -0.085 0.0006217705403 2
0 0.355 -0.075 0.0006621707609 2
0 0.355 -0.065 0.0007096096446 1
0 0.355 -0.055 0.0007177940493 1
0 0.355 -0.045 0.000687154765 1
0 0.355 -0.035 0.000677021455 1
0 0.355 -0.025 0.0006727572508 1
0 0.355 -0.015 0.0006670753016 1
0 0.355 -0.005 0.000659872383 1
0 0.355 0.005 0.0006482594315 1
0 0.355 0.015 0.0006362809611 1
0 0.355 0.025 0.0006357054839 1
0 0.355 0.035 0.0005641855546 1
0 0.355 0.045 0.0003960772587 2
0 0.355 0.055 0.0003122322743 2
0 0.355 0.065 0.0002728047626 2
0 0.355 0.075 0.0002482220723 2
0 0.355 0.085 0.0002243691859 2
0 0.355 0.095 0.0001868490925 2
0 0.355 0.105 0.0001290074024 2
0 0.355 0.115 5.392107601e-05 2
0 0.355 0.125 9.327708979e-06 1
0 0.355 0.135 8.324919139e-05 1
0 0.355 0.145 0.0001772158023 1
0 0.355 0.155 0.0002627219196 1
0 0.355 0.165 0.0003448835146 1
0 0.355 0.175 0.0004190449505 1
0 0.355 0.185 0.0004867441315 1
0 0.355 0.195 0.0005426601152 1
0 0.355 0.205 0.000573578621 2
0 0.355 0.215 0.0005878959682 2
0 0.355 0.225 0.0005956930698 2
0 0.355 0.235 0.0006054033511 2
0 0.355 0.245 0.0006146159321 2
0 0.355 0.255 0.000623004044 2
0 0.355 0.265 0.0006299527619 2
0 0.355 0.275 0.0006347998655 2
0 0.355 0.285 0.0006368435864 2
0 0.355 0.295 0.000635311833 2
0 0.355 0.305 0.0006293429172 2
0 0.355 0.315 0.0006179571376 2
0 0.355 0.325 0.0006000383105 2
0 0.355 0.335 0.0005743164355 2
0 0.355 0.345 0.000539363406 2
0 0.355 0.355 0.0004935727601 2
0 0.355 0.365 0.0004350844317 2
0 0.355 0.375 0.0003621858267 2
0 0.355 0.385 0.0002705180343 2
0 0.355 0.395 0.0001674550324 2
0 0.355 0.405 0 2
0 0.355 0.415 0 2
0 0.355 0.425 0 2
0 0.355 0.435 0 2
0 0.355 0.445 0 2
0 0.355 0.455 0 2
0 0.355 0.465 0 2
0 0.365 -0.455 0 2
0 0.365 -0.445 0 2
0 0.365 -0.435 0 2
0 0.365 -0.425 0 2
0 0.365 -0.415 0 2
0 0.365 -0.405 0 2
0 0.365 -0.395 0.0002335868391 2
0 0.365 -0.385 0.0003737115203 2
0 0.365 -0.375 0.0004976396591 2
0 0.365 -0.365 0.0005895446699 2
0 0.365 -0.355 0.000650756583 2
0 0.365 -0.345 0.0006830151668 2
0 0.365 -0.335 0.0006910871288 2
0 0.365 -0.325 0.0006808412131 2
0 0.365 -0.315 0.0006585356603 2
0 0.365 -0.305 0.0006303195245 2
0 0.365 -0.295 0.0005991600879 2
0 0.365 -0.285 0.0005598145082 2
0 0.365 -0.275 0.0004916170857 2
0 0.365 -0.265 0.0003906155748 2
0 0.365 -0.255 0.0002793957444 1
0 0.365 -0.245 0.0001693300744 1
0 0.365 -0.235 6.916649662e-05 1
0 0.365 -0.225 -1.322288118e-05 1
0 0.365 -0.215 -6.926210121e-05 1
0 0.365 -0.205 -0.000104754802 1
0 0.365 -0.195 -0.0001309039287 1
0 0.365 -0.185 -0.0001452376983 1
0 0.365 -0.175 -0.0001462956127 1
0 0.365 -0.165 -0.0001394343821 1
0 0.365 -0.155 -0.0001279053481 1
0 0.365 -0.145 -0.0001024216962 1
0 0.365 -0.135 -3.577838488e-05 1
0 0.365 -0.125 4.163788362e-06 2
0 0.365 -0.115 4.488284748e-05 2
0 0.365 -0.105 7.658466978e-05 2
0 0.365 -0.095 9.477090108e-05 2
0 0.365 -0.085 7.876503075e-05 2
0 0.365 -0.075 9.849295441e-05 2
0 0.365 -0.065 0.0001564352643 2
0 0.365 -0.055 0.00017570981 2
0 0.365 -0.045 0.0001995128159 1
0 0.365 -0.035 0.0001960266984 1
0 0.365 -0.025 0.0001895132566 1
0 0.365 -0.015 0.000181188158 1
0 0.365 -0.005 0.0001702902953 1
0 0.365 0.005 0.0001542714783 1
0 0.365 0.015 0.0001274544443 1
0 0.365 0.025 5.7052763e-05 2
0 0.365 0.035 -3.592376002e-05 2
0 0.365 0.045 -0.0002009668538 2
0 0.365 0.055 -0.000288371448 2
0 0.365 0.065 -0.0003236867558 2
0 0.365 0.075 -0.0003365691565 2
0 0.365 0.085 -0.0003427287852 2
0 0.365 0.095 -0.000356479715 2
0 0.365 0.105 -0.0003903964645 2
0 0.365 0.115 -0.0004322000003 2
0 0.365 0.125 -0.0003636347392 1
0 0.365 0.135 -0.0002436192597 1
0 0.365 0.145 -0.0001238145538 1
0 0.365 0.155 -9.041558168e-06 1
0 0.365 0.165 0.0001007880824 1
0 0.365 0.175 0.0002064813803 1
0 0.365 0.185 0.0003070097825 1
0 0.365 0.195 0.0003913289828 1
0 0.365 0.205 0.0004272296768 2
0 0.365 0.215 0.0004576906536 2
0 0.365 0.225 0.0004945190375 2
0 0.365 0.235 0.0005405736593 2
0 0.365 0.245 0.0005895114861 2
0 0.365 0.255 0.0006385326902 2
0 0.365 0.265 0.0006858172314 2
0 0.365 0.275 0.000729792863 2
0 0.365 0.285 0.0007690439202 2
0 0.365 0.295 0.0008021090344 2
0 0.365 0.305 0.0008273942027 2
0 0.365 0.315 0.0008430808027 2
0 0.365 0.325 0.0008470573582 2
0 0.365 0.335 0.0008368471753 2
0 0.365 0.345 0.0008095619259 2
0 0.365 0.355 0.0007618051407 2
0 0.365 0.365 0.0006895472886 2
0 0.365 0.375 0.000588666581 2
0 0.365 0.385 0.0004503826737 2
0 0.365 0.395 0.0002856310549 2
0 0.365 0.405 0 2
0 0.365 0.415 0 2
0 0.365 0.425 0 2
0 0.365 0.435 0 2
0 0.365 0.445 0 2
0 0.365 0.455 0 2
0 0.365 0.465 0 2
0 0.375 -0.455 0 2
0 0.375 -0.445 0 2
0 0.375 -0.435 0 2
0 0.375 -0.425 0 2
0 0.375 -0.415 0 2
0 0.375 -0.405 0 2
0 0.375 -0.395 0.0003398952071 2
0 0.375 -0.385 0.0005285981854 2
0 0.375 -0.375 0.000687557391 2
0 0.375 -0.365 0.0008011747282 2
0 0.375 -0.355 0.0008744785137 2
0 0.375 -0.345 0.0009099635478 2
0 0.375 -0.335 0.0009129496358 2
0 0.375 -0.325 0.0008900980403 2
0 0.375 -0.315 0.0008495545757 2
0 0.375 -0.305 0.000799649607 2
0 0.375 -0.295 0.0007479474962 2
0 0.375 -0.285 0.0006845245678 2
0 0.375 -0.275 0.0005752763655 1
0 0.375 -0.265 0.0004363794523 1
0 0.375 -0.255 0.0002933173922 1
0 0.375 -0.245 0.0001562079574 1
0 0.375 -0.235 3.205788196e-05 1
0 0.375 -0.225 -7.547646781e-05 1
0 0.375 -0.215 -0.0001625862881 1
0 0.375 -0.205 -0.0002340643523 1
0 0.375 -0.195 -0.0002929691312 1
0 0.375 -0.185 -0.0003329367347 1
0 0.375 -0.175 -0.000346577088 1
0 0.375 -0.165 -0.0003529748593 1
0 0.375 -0.155 -0.0003625017514 1
0 0.375 -0.145 -0.0003734599382 1
0 0.375 -0.135 -0.0003799937449 2
0 0.375 -0.125 -0.0004039932029 2
0 0.375 -0.115 -0.0004112827616 2
0 0.375 -0.105 -0.0004197853465 2
0 0.375 -0.095 -0.0004428788525 2
0 0.375 -0.085 -0.000482728614 2
0 0.375 -0.075 -0.0004836703138 2
0 0.375 -0.065 -0.000443888635 2
0 0.375 -0.055 -0.0004136924279 2
0 0.375 -0.045 -0.0003668728653 2
0 0.375 -0.035 -0.0003624725224 2
0 0.375 -0.025 -0.0003712871069 2
0 0.375 -0.015 -0.0003832739723 2
0 0.375 -0.005 -0.0003989795149 2
0 0.375 0.005 -0.0004219136186 2
0 0.375 0.015 -0.0004667429138 2
0 0.375 0.025 -0.0005686416339 2
0 0.375 0.035 -0.000667393468 2
0 0.375 0.045 -0.0007891567477 2
0 0.375 0.055 -0.0008630495962 2
0 0.375 0.065 -0.0008914049213 2
0 0.375 0.075 -0.0008918955201 2
0 0.375 0.085 -0.0008800433523 2
0 0.375 0.095 -0.0008683877439 2
0 0.375 0.105 -0.0008639069764 2
0 0.375 0.115 -0.0008518023825 1
0 0.375 0.125 -0.0007086080044 1
0 0.375 0.135 -0.0005582214309 1
0 0.375 0.145 -0.0004128286766 1
0 0.375 0.155 -0.0002714811189 1
0 0.375 0.165 -0.00013479881 1
0 0.375 0.175 -8.338255898e-07 1
0 0.375 0.185 0.0001284702933 1
0 0.375 0.195 0.0002382611901 1
0 0.375 0.205 0.0002769586356 2
0 0.375 0.215 0.0003275187869 2
0 0.375 0.225 0.0003959501416 2
0 0.375 0.235 0.0004781092412 2
0 0.375 0.245 0.0005656303133 2
0 0.375 0.255 0.0006539811099 2
0 0.375 0.265 0.0007402188006 2
0 0.375 0.275 0.0008219586616 2
0 0.375 0.285 0.0008971102175 2
0 0.375 0.295 0.0009635642863 2
0 0.375 0.305 0.001019030597 2
0 0.375 0.315 0.001060883704 2
0 0.375 0.325 0.001086045137 2
0 0.375 0.335 0.001090859899 2
0 0.375 0.345 0.001071013256 2
0 0.375 0.355 0.001021365209 2
0 0.375 0.365 0.0009357810797 2
0 0.375 0.375 0.0008078099961 2
0 0.375 0.385 0.0006244018498 2
0 0.375 0.395 0.0003999510942 2
0 0.375 0.405 0 2
0 0.375 0.415 0 2
0 0.375 0.425 0 2
0 0.375 0.435 0 2
0 0.375 0.445 0 2
0 0.375 0.455 0 2
0 0.375 0.465 0 2
0 0.385 -0.455 0 2
0 0.385 -0.445 0 2
0 0.385 -0.435 0 2
0 0.385 -0.425 0 2
0 0.385 -0.415 0 2
0 0.385 -0.405 0 2
0 0.385 -0.395 0.0004281134443 2
0 0.385 -0.385 0.0006662604917 2
0 0.385 -0.375 0.000865989282 2
0 0.385 -0.365 0.001003165088 2
0 0.385 -0.355 0.001089699661 2
0 0.385 -0.345 0.001128867137 2
0 0.385 -0.335 0.001126761019 2
0 0.385 -0.325 0.001091193079 2
0 0.385 -0.315 0.00103215026 2
0 0.385 -0.305 0.0009611559822 2
0 0.385 -0.295 0.0008867387184 2
0 0.385 -0.285 0.0007959594256 1
0 0.385 -0.275 0.0006442238509 1
0 0.385 -0.265 0.0004762306842 1
0 0.385 -0.255 0.0003098990219 1
0 0.385 -0.245 0.0001498088058 1
0 0.385 -0.235 1.723776096e-06 1
0 0.385 -0.225 -0.0001320300909 1
0 0.385 -0.215 -0.0002499829674 1
0 0.385 -0.205 -0.0003525274666 1
0 0.385 -0.195 -0.000442824162 1
0 0.385 -0.185 -0.0005122106752 1
0 0.385 -0.175 -0.0005428019405 1
0 0.385 -0.165 -0.0005690353854 1
0 0.385 -0.155 -0.0006047847019 1
0 0.385 -0.145 -0.0006605226954 1
0 0.385 -0.135 -0.0007596169177 2
0 0.385 -0.125 -0.0008373823978 2
0 0.385 -0.115 -0.0008918505573 2
0 0.385 -0.105 -0.0009375181063 2
0 0.385 -0.095 -0.0009810941226 2
0 0.385 -0.085 -0.001021969269 2
0 0.385 -0.075 -0.00104379996 2
0 0.385 -0.065 -0.001040741606 2
0 0.385 -0.055 -0.001020469075 2
0 0.385 -0.045 -0.0009797034826 2
0 0.385 -0.035 -0.0009683185244 2
0 0.385 -0.025 -0.0009756125791 2
0 0.385 -0.015 -0.000991367841 2
0 0.385 -0.005 -0.001012483195 2
0 0.385 0.005 -0.001046299145 2
0 0.385 0.015 -0.001106478312 2
0 0.385 0.025 -0.001206343659 2
0 0.385 0.035 -0.001293406489 2
0 0.385 0.045 -0.001368489368 2
0 0.385 0.055 -0.001412615505 2
0 0.385 0.065 -0.001425109451 2
0 0.385 0.075 -0.00141116667 2
0 0.385 0.085 -0.00137948628 2
0 0.385 0.095 -0.001341303135 2
0 0.385 0.105 -0.001290978825 2
0 0.385 0.115 -0.001202189937 1
0 0.385 0.125 -0.001036106808 1
0 0.385 0.135 -0.0008587914799 1
0 0.385 0.145 -0.0006870202522 1
0 0.385 0.155 -0.000520691939 1
0 0.385 0.165 -0.000357190336 1
0 0.385 0.175 -0.0001961319365 1
0 0.385 0.185 -4.459466551e-05 1
0 0.385 0.195 6.115152091e-05 2
0 0.385 0.205 0.0001240781561 2
0 0.385 0.215 0.0002022937374 2
0 0.385 0.225 0.000303077253 2
0 0.385 0.235 0.0004207855663 2
0 0.385 0.245 0.0005449828496 2
0 0.385 0.255 0.0006704410228 2
0 0.385 0.265 0.0007933085314 2
0 0.385 0.275 0.0009105266432 2
0 0.385 0.285 0.001019396166 2
0 0.385 0.295 0.001117222165 2
0 0.385 0.305 0.001201071913 2
0 0.385 0.315 0.001267562228 2
0 0.385 0.325 0.00131269419 2
0 0.385 0.335 0.001331684174 2
0 0.385 0.345 0.001318850289 2
0 0.385 0.355 0.001267386063 2
0 0.385 0.365 0.001169152075 2
0 0.385 0.375 0.001015487353 2
0 0.385 0.385 0.0007892980764 2
0 0.385 0.395 0.0005082646814 2
0 0.385 0.405 0 2
0 0.385 0.415 0 2
0 0.385 0.425 0 2
0 0.385 0.435 0 2
0 0.385 0.445 0 2
0 0.385 0.455 0 2
0 0.385 0.465 0 2
0 0.395 -0.455 0 2
0 0.395 -0.445 0 2
0 0.395 -0.435 0 2
0 0.395 -0.425 0 2
0 0.395 -0.415 0 2
0 0.395 -0.405 0 2
0 0.395 -0.395 0.0005060362677 2
0 0.395 -0.385 0.0007870370442 2
0 0.395 -0.375 0.001026045478 2
0 0.395 -0.365 0.00119268891 2
0 0.395 -0.355 0.001293407071 2
0 0.395 -0.345 0.001337014918 2
0 0.395 -0.335 0.001330550926 2
0 0.395 -0.325 0.001282724694 2
0 0.395 -0.315 0.001204775838 2
0 0.395 -0.305 0.001113704305 2
0 0.395 -0.295 0.001012663893 2
0 0.395 -0.285 0.0008834366942 1
0 0.395 -0.275 0.0007031041861 1
0 0.395 -0.265 0.0005109225163 1
0 0.395 -0.255 0.0003243940728 1
0 0.395 -0.245 0.0001441974699 1
0 0.395 -0.235 -2.598948455e-05 1
0 0.395 -0.225 -0.0001840064354 1
0 0.395 -0.215 -0.0003284379399 1
0 0.395 -0.205 -0.0004598517674 1
0 0.395 -0.195 -0.0005787307202 1
0 0.395 -0.185 -0.0006731716895 1
0 0.395 -0.175 -0.0007462101437 2
0 0.395 -0.165 -0.0008096448144 2
0 0.395 -0.155 -0.0008888855501 2
0 0.395 -0.145 -0.0009927119852 2
0 0.395 -0.135 -0.001135068273 2
0 0.395 -0.125 -0.001242888845 2
0 0.395 -0.115 -0.001327794398 2
0 0.395 -0.105 -0.001403240611 2
0 0.395 -0.095 -0.001470253386 2
0 0.395 -0.085 -0.001527720738 2
0 0.395 -0.075 -0.001568085494 2
0 0.395 -0.065 -0.001588853514 2
0 0.395 -0.055 -0.001595775921 2
0 0.395 -0.045 -0.001593605489 2
0 0.395 -0.035 -0.001598844845 2
0 0.395 -0.025 -0.001611974067 2
0 0.395 -0.015 -0.001631632154 2
0 0.395 -0.005 -0.001657407985 2
0 0.395 0.005 -0.001692577044 2
0 0.395 0.015 -0.001740710249 2
0 0.395 0.025 -0.001802484582 2
0 0.395 0.035 -0.001859926323 2
0 0.395 0.045 -0.001905342097 2
0 0.395 0.055 -0.001926425849 2
0 0.395 0.065 -0.001920385108 2
0 0.395 0.075 -0.001888944025 2
0 0.395 0.085 -0.001835511144 2
0 0.395 0.095 -0.001767172569 2
0 0.395 0.105 -0.001669820328 2
0 0.395 0.115 -0.001518006104 1
0 0.395 0.125 -0.001331286387 1
0 0.395 0.135 -0.001134490564 1
0 0.395 0.145 -0.0009426362639 1
0 0.395 0.155 -0.0007517941432 1
0 0.395 0.165 -0.0005642164327 1
0 0.395 0.175 -0.0003798785569 1
0 0.395 0.185 -0.0002181686863 1
0 0.395 0.195 -0.0001244502426 2
0 0.395 0.205 -2.952555802e-05 2
0 0.395 0.215 8.355165005e-05 2
0 0.395 0.225 0.0002186947672 2
0 0.395 0.235 0.0003704375105 2
0 0.395 0.245 0.0005288241037 2
0 0.395 0.255 0.0006884783956 2
0 0.395 0.265 0.0008449025262 2
0 0.395 0.275 0.0009945269088 2
0 0.395 0.285 0.001134157336 2
0 0.395 0.295 0.001260609865 2
0 0.395 0.305 0.001370390897 2
0 0.395 0.315 0.001459429025 2
0 0.395 0.325 0.001522868967 2
0 0.395 0.335 0.00155486658 2
0 0.395 0.345 0.001548454175 2
0 0.395 0.355 0.001495263488 2
0 0.395 0.365 0.001385284638 2
0 0.395 0.375 0.001207803137 2
0 0.395 0.385 0.0009419793737 2
0 0.395 0.395 0.00060854243 2
0 0.395 0.405 0 2
0 0.395 0.415 0 2
0 0.395 0.425 0 2
0 0.395 0.435 0 2
0 0.395 0.445 0 2
0 0.395 0.455 0 2
0 0.395 0.465 0 2
0 0.405 -0.455 0 2
0 0.405 -0.445 0 2
0 0.405 -0.435 0 1
0 0.405 -0.425 0 1
0 0.405 -0.415 0 1
0 0.405 -0.405 0 1
0 0.405 -0.395 0.0005791569618 2
0 0.405 -0.385 0.0008979269795 2
0 0.405 -0.375 0.001166331074 2
0 0.405 -0.365 0.001361190849 2
0 0.405 -0.355 0.001480949745 2
0 0.405 -0.345 0.001529489762 2
0 0.405 -0.335 0.001520290579 2
0 0.405 -0.325 0.00146223079 2
0 0.405 -0.315 0.001366379088 2
0 0.405 -0.305 0.001252378599 2
0 0.405 -0.295 0.001119502229 2
0 0.405 -0.285 0.000955520556 1
0 0.405 -0.275 0.0007575382048 1
0 0.405 -0.265 0.0005476990442 1
0 0.405 -0.255 0.0003408797197 1
0 0.405 -0.245 0.0001410838276 1
0 0.405 -0.235 -4.957540462e-05 1
0 0.405 -0.225 -0.0002314330785 1
0 0.405 -0.215 -0.0004023962604 1
0 0.405 -0.205 -0.0005564339972 1
0 0.405 -0.195 -0.0006990081374 1
0 0.405 -0.185 -0.0008223571027 1
0 0.405 -0.175 -0.0009547937525 2
0 0.405 -0.165 -0.001062751495 2
0 0.405 -0.155 -0.00118131099 2
0 0.405 -0.145 -0.00131990434 2
0 0.405 -0.135 -0.001477341089 2
0 0.405 -0.125 -0.001613069852 2
0 0.405 -0.115 -0.001728282033 2
0 0.405 -0.105 -0.001829681676 2
0 0.405 -0.095 -0.001918480481 2
0 0.405 -0.085 -0.001994215591 2
0 0.405 -0.075 -0.002053762412 2
0 0.405 -0.065 -0.00209616817 2
0 0.405 -0.055 -0.002124573421 2
0 0.405 -0.045 -0.002143607197 2
0 0.405 -0.035 -0.002162043791 2
0 0.405 -0.025 -0.002182716949 2
0 0.405 -0.015 -0.00220660754 2
0 0.405 -0.005 -0.00223414069 2
0 0.405 0.005 -0.00226673379 2
0 0.405 0.015 -0.002304680372 2
0 0.405 0.025 -0.002345454604 2
0 0.405 0.035 -0.002378982252 2
0 0.405 0.045 -0.002398171119 2
0 0.405 0.055 -0.002395940197 2
0 0.405 0.065 -0.002369624838 2
0 0.405 0.075 -0.002319151297 2
0 0.405 0.085 -0.002243964104 2
0 0.405 0.095 -0.002144999723 2
0 0.405 0.105 -0.002007527824 2
0 0.405 0.115 -0.00180758376 1
0 0.405 0.125 -0.001604559931 1
0 0.405 0.135 -0.001387467621 1
0 0.405 0.145 -0.001170925982 1
0 0.405 0.155 -0.0009570741426 1
0 0.405 0.165 -0.000758212747 1
0 0.405 0.175 -0.000565481333 1
0 0.405 0.185 -0.0004201731427 2
0 0.405 0.195 -0.0003039570365 2
0 0.405 0.205 -0.0001754966619 2
0 0.405 0.215 -2.664465655e-05 2
0 0.405 0.225 0.0001443582861 2
0 0.405 0.235 0.0003278671941 2
0 0.405 0.245 0.0005175993243 2
0 0.405 0.255 0.0007080632007 2
0 0.405 0.265 0.0008944127757 2
0 0.405 0.275 0.001072737335 2
0 0.405 0.285 0.001239520083 2
0 0.405 0.295 0.001391231275 2
0 0.405 0.305 0.001523932421 2
0 0.405 0.315 0.001632954215 2
0 0.405 0.325 0.001712664434 2
0 0.405 0.335 0.001756241595 2
0 0.405 0.345 0.00175553249 2
0 0.405 0.355 0.001700736685 2
0 0.405 0.365 0.001580139863 2
0 0.405 0.375 0.001381166538 2
0 0.405 0.385 0.001079597099 2
0 0.405 0.395 0.000698914599 2
0 0.405 0.405 0 2
0 0.405 0.415 0 2
0 0.405 0.425 0 2
0 0.405 0.435 0 2
0 0.405 0.445 0 2
0 0.405 0.455 0 2
0 0.405 0.465 0 2
0 0.415 -0.455 0 2
0 0.415 -0.445 0 2
0 0.415 -0.435 0 1
0 0.415 -0.425 0 1
0 0.415 -0.415 0 1
0 0.415 -0.405 0 1
0 0.415 -0.395 0.0006206799364 1
0 0.415 -0.385 0.0009958431149 2
0 0.415 -0.375 0.001298305547 2
0 0.415 -0.365 0.00151441286 2
0 0.415 -0.355 0.001648913087 2
0 0.415 -0.345 0.001704110117 2
0 0.415 -0.335 0.001695062593 2
0 0.415 -0.325 0.001628269037 2
0 0.415 -0.315 0.001513107362 2
0 0.415 -0.305 0.001372950346 2
0 0.415 -0.295 0.00121274691 2
0 0.415 -0.285 0.001018674455 1
0 0.415 -0.275 0.0008064084989 1
0 0.415 -0.265 0.000584219461 1
0 0.415 -0.255 0.0003593507685 1
0 0.415 -0.245 0.0001377014619 1
0 0.415 -0.235 -7.088187484e-05 1
0 0.415 -0.225 -0.0002690565634 1
0 0.415 -0.215 -0.0004637018378 1
0 0.415 -0.205 -0.0006414366966 1
0 0.415 -0.195 -0.0008142956146 1
0 0.415 -0.185 -0.0009926626473 2
0 0.415 -0.175 -0.001168776841 2
0 0.415 -0.165 -0.001318248871 2
0 0.415 -0.155 -0.001467293705 2
0 0.415 -0.145 -0.001626695587 2
0 0.415 -0.135 -0.001790369791 2
0 0.415 -0.125 -0.00194375848 2
0 0.415 -0.115 -0.002082658747 2
0 0.415 -0.105 -0.00220679545 2
0 0.415 -0.095 -0.002316456006 2
0 0.415 -0.085 -0.002411216003 2
0 0.415 -0.075 -0.002489843728 2
0 0.415 -0.065 -0.00255237956 2
0 0.415 -0.055 -0.002600996049 2
0 0.415 -0.045 -0.002639125524 2
0 0.415 -0.035 -0.002671553178 2
0 0.415 -0.025 -0.00270099991 2
0 0.415 -0.015 -0.002728965281 2
0 0.415 -0.005 -0.002756092233 2
0 0.415 0.005 -0.002782683195 2
0 0.415 0.015 -0.00280781238 2
0 0.415 0.025 -0.002828638902 2
0 0.415 0.035 -0.0028393501 2
0 0.415 0.045 -0.002834761558 2
0 0.415 0.055 -0.002810502103 2
0 0.415 0.065 -0.002764305446 2
0 0.415 0.075 -0.002695292339 2
0 0.415 0.085 -0.00260061541 2
0 0.415 0.095 -0.002478650872 2
0 0.415 0.105 -0.002310046711 2
0 0.415 0.115 -0.002063807153 1
0 0.415 0.125 -0.001841693146 1
0 0.415 0.135 -0.001608746837 1
0 0.415 0.145 -0.001379859782 1
0 0.415 0.155 -0.001154673612 1
0 0.415 0.165 -0.0009496486603 1
0 0.415 0.175 -0.0007728934443 2
0 0.415 0.185 -0.0006129225257 2
0 0.415 0.195 -0.0004642704341 2
0 0.415 0.205 -0.0003027899519 2
0 0.415 0.215 -0.0001208471437 2
0 0.415 0.225 8.070671396e-05 2
0 0.415 0.235 0.0002932555105 2
0 0.415 0.245 0.000511185475 2
0 0.415 0.255 0.0007287531743 2
0 0.415 0.265 0.0009409648458 2
0 0.415 0.275 0.001143749965 2
0 0.415 0.285 0.001333518613 2
0 0.415 0.295 0.001506597608 2
0 0.415 0.305 0.001658754488 2
0 0.415 0.315 0.001784822425 2
0 0.415 0.325 0.00187847697 2
0 0.415 0.335 0.001932011221 2
0 0.415 0.345 0.001936202918 2
0 0.415 0.355 0.001879971806 2
0 0.415 0.365 0.001750094841 2
0 0.415 0.375 0.001532362044 2
0 0.415 0.385 0.001199602201 2
0 0.415 0.395 0.0007777082276 2
0 0.415 0.405 0 2
0 0.415 0.415 0 2
0 0.415 0.425 0 2
0 0.415 0.435 0 2
0 0.415 0.445 0 2
0 0.415 0.455 0 2
0 0.415 0.465 0 2
0 0.425 -0.455 0 1
0 0.425 -0.445 0 1
0 0.425 -0.435 0 1
0 0.425 -0.425 0 1
0 0.425 -0.415 0 1
0 0.425 -0.405 0 1
0 0.425 -0.395 0.000645664255 1
0 0.425 -0.385 0.001051057618 1
0 0.425 -0.375 0.001400951781 2
0 0.425 -0.365 0.001635871345 2
0 0.425 -0.355 0.001780244556 2
0 0.425 -0.345 0.001842600356 2
0 0.425 -0.335 0.001835359079 2
0 0.425 -0.325 0.001767255106 2
0 0.425 -0.315 0.001645802143 2
0 0.425 -0.305 0.001488130699 2
0 0.425 -0.295 0.001303034884 2
0 0.425 -0.285 0.00107945558 2
0 0.425 -0.275 0.0008479375657 1
0 0.425 -0.265 0.0006182745354 1
0 0.425 -0.255 0.0003808843665 1
0 0.425 -0.245 0.0001401421397 1
0 0.425 -0.235 -8.73302482e-05 1
0 0.425 -0.225 -0.0003064421143 1
0 0.425 -0.215 -0.0005229411409 1
0 0.425 -0.205 -0.0007398042435 2
0 0.425 -0.195 -0.0009462507201 2
0 0.425 -0.185 -0.001154683881 2
0 0.425 -0.175 -0.001349931445 2
0 0.425 -0.165 -0.001527153171 2
0 0.425 -0.155 -0.001702560501 2
0 0.425 -0.145 -0.001881386685 2
0 0.425 -0.135 -0.002059572194 2
0 0.425 -0.125 -0.00222984827 2
0 0.425 -0.115 -0.002387851108 2
0 0.425 -0.105 -0.002531586336 2
0 0.425 -0.095 -0.00266015013 2
0 0.425 -0.085 -0.002772849797 2
0 0.425 -0.075 -0.002869110293 2
0 0.425 -0.065 -0.002949225108 2
0 0.425 -0.055 -0.003014731993 2
0 0.425 -0.045 -0.003068039829 2
0 0.425 -0.035 -0.003112092432 2
0 0.425 -0.025 -0.003148991416 2
0 0.425 -0.015 -0.003179998425 2
0 0.425 -0.005 -0.003205583074 2
0 0.425 0.005 -0.003225561505 2
0 0.425 0.015 -0.003238763626 2
0 0.425 0.025 -0.003242674215 2
0 0.425 0.035 -0.003233444308 2
0 0.425 0.045 -0.003207327339 2
0 0.425 0.055 -0.003162015756 2
0 0.425 0.065 -0.003096503212 2
0 0.425 0.075 -0.003010167043 2
0 0.425 0.085 -0.002899461785 2
0 0.425 0.095 -0.002761342569 2
0 0.425 0.105 -0.002576985407 2
0 0.425 0.115 -0.00232453018 2
0 0.425 0.125 -0.002060018543 1
0 0.425 0.135 -0.001813562059 1
0 0.425 0.145 -0.001578159364 1
0 0.425 0.155 -0.001366263013 2
0 0.425 0.165 -0.001151836793 2
0 0.425 0.175 -0.0009652747531 2
0 0.425 0.185 -0.0007892199199 2
0 0.425 0.195 -0.0006100118058 2
0 0.425 0.205 -0.0004146878976 2
0 0.425 0.215 -0.0002005121758 2
0 0.425 0.225 2.785730824e-05 2
0 0.425 0.235 0.0002662098606 2
0 0.425 0.245 0.0005088656074 2
0 0.425 0.255 0.000749656162 2
0 0.425 0.265 0.0009833515822 2
0 0.425 0.275 0.001205940261 2
0 0.425 0.285 0.001414102352 2
0 0.425 0.295 0.001604269694 2
0 0.425 0.305 0.001772092484 2
0 0.425 0.315 0.001912009608 2
0 0.425 0.325 0.002017089498 2
0 0.425 0.335 0.002078834581 2
0 0.425 0.345 0.002087082476 2
0 0.425 0.355 0.00202964717 2
0 0.425 0.365 0.001892020842 2
0 0.425 0.375 0.001658617352 2
0 0.425 0.385 0.001299798465 2
0 0.425 0.395 0.0008434819631 2
0 0.425 0.405 0 2
0 0.425 0.415 0 2
0 0.425 0.425 0 2
0 0.425 0.435 0 2
0 0.425 0.445 0 2
0 0.425 0.455 0 2
0 0.425 0.465 0 2
0 0.435 -0.455 0 1
0 0.435 -0.445 0 1
0 0.435 -0.435 0 1
0 0.435 -0.425 0 1
0 0.435 -0.415 0 1
0 0.435 -0.405 0 1
0 0.435 -0.395 0.0006751462295 1
0 0.435 -0.385 0.001090266303 1
0 0.435 -0.375 0.001458373293 1
0 0.435 -0.365 0.001716548457 1
0 0.435 -0.355 0.001873546456 1
0 0.435 -0.345 0.00194289024 1
0 0.435 -0.335 0.001938174352 1
0 0.435 -0.325 0.001869607357 1
0 0.435 -0.315 0.001747478446 1
0 0.435 -0.305 0.001586576928 2
0 0.435 -0.295 0.001384692365 2
0 0.435 -0.285 0.001145793112 2
0 0.435 -0.275 0.0008979087303 2
0 0.435 -0.265 0.0006530165793 2
0 0.435 -0.255 0.0004032734326 1
0 0.435 -0.245 0.0001435029027 2
0 0.435 -0.235 -0.0001090546485 2
0 0.435 -0.225 -0.000358604891 2
0 0.435 -0.215 -0.0006040801337 2
0 0.435 -0.205 -0.0008456258017 2
0 0.435 -0.195 -0.0010715004 2
0 0.435 -0.185 -0.001291506423 2
0 0.435 -0.175 -0.00149926052 2
0 0.435 -0.165 -0.001696959293 2
0 0.435 -0.155 -0.001893448036 2
0 0.435 -0.145 -0.002088340867 2
0 0.435 -0.135 -0.00228030662 2
0 0.435 -0.125 -0.002465094911 2
0 0.435 -0.115 -0.002638926377 2
0 0.435 -0.105 -0.002799198256 2
0 0.435 -0.095 -0.002944219186 2
0 0.435 -0.085 -0.00307291803 2
0 0.435 -0.075 -0.003184774671 2
0 0.435 -0.065 -0.003280015378 2
0 0.435 -0.055 -0.003359697162 2
0 0.435 -0.045 -0.003425448961 2
0 0.435 -0.035 -0.003479115881 2
0 0.435 -0.025 -0.003522081491 2
0 0.435 -0.015 -0.00355509937 2
0 0.435 -0.005 -0.003578258252 2
0 0.435 0.005 -0.003591055509 2
0 0.435 0.015 -0.003592450074 2
0 0.435 0.025 -0.003580512094 2
0 0.435 0.035 -0.003552886984 2
0 0.435 0.045 -0.003506913391 2
0 0.435 0.055 -0.003442214387 2
0 0.435 0.065 -0.003359289616 2
0 0.435 0.075 -0.00325806697 2
0 0.435 0.085 -0.003135296659 2
0 0.435 0.095 -0.002984997317 2
0 0.435 0.105 -0.002795644479 2
0 0.435 0.115 -0.002554316071 2
0 0.435 0.125 -0.002283638178 2
0 0.435 0.135 -0.002021102355 2
0 0.435 0.145 -0.001773759414 2
0 0.435 0.155 -0.001553535931 2
0 0.435 0.165 -0.001339523538 2
0 0.435 0.175 -0.001140967532 2
0 0.435 0.185 -0.0009400134971 2
0 0.435 0.195 -0.0007304252104 2
0 0.435 0.205 -0.0005050940661 2
0 0.435 0.215 -0.0002662479246 2
0 0.435 0.225 -1.467218065e-05 2
0 0.435 0.235 0.000246208651 2
0 0.435 0.245 0.0005102432172 2
0 0.435 0.255 0.0007703274245 2
0 0.435 0.265 0.001020666939 2
0 0.435 0.275 0.001257761673 2
0 0.435 0.285 0.001479240611 2
0 0.435 0.295 0.001681924012 2
0 0.435 0.305 0.001861457029 2
0 0.435 0.315 0.002011891026 2
0 0.435 0.325 0.002125777039 2
0 0.435 0.335 0.002193927846 2
0 0.435 0.345 0.002205380587 2
0 0.435 0.355 0.002147037431 2
0 0.435 0.365 0.002003357343 2
0 0.435 0.375 0.001757665788 2
0 0.435 0.385 0.001378390576 2
0 0.435 0.395 0.0008950571876 2
0 0.435 0.405 0 2
0 0.435 0.415 0 2
0 0.435 0.425 0 2
0 0.435 0.435 0 2
0 0.435 0.445 0 2
0 0.435 0.455 0 2
0 0.435 0.465 0 2
0 0.445 -0.455 0 1
0 0.445 -0.445 0 1
0 0.445 -0.435 0 1
0 0.445 -0.425 0 1
0 0.445 -0.415 0 1
0 0.445 -0.405 0 1
0 0.445 -0.395 0.0007054871373 1
0 0.445 -0.385 0.001129899131 1
0 0.445 -0.375 0.001501943258 1
0 0.445 -0.365 0.001768946973 1
0 0.445 -0.355 0.001935705385 1
0 0.445 -0.345 0.002009745663 1
0 0.445 -0.335 0.002006613386 1
0 0.445 -0.325 0.001935042449 1
0 0.445 -0.315 0.001808933471 1
0 0.445 -0.305 0.001644172927 1
0 0.445 -0.295 0.001437099057 1
0 0.445 -0.285 0.001196291599 2
0 0.445 -0.275 0.0009474373313 2
0 0.445 -0.265 0.0006953433476 2
0 0.445 -0.255 0.0004242445892 2
0 0.445 -0.245 0.0001415756102 2
0 0.445 -0.235 -0.0001357653114 2
0 0.445 -0.225 -0.0004109830011 2
0 0.445 -0.215 -0.0006799950299 2
0 0.445 -0.205 -0.0009327618527 2
0 0.445 -0.195 -0.001164414969 2
0 0.445 -0.185 -0.001388131954 2
0 0.445 -0.175 -0.001608227157 2
0 0.445 -0.165 -0.001822475077 2
0 0.445 -0.155 -0.002033586572 2
0 0.445 -0.145 -0.002242113148 2
0 0.445 -0.135 -0.002446746039 2
0 0.445 -0.125 -0.002644327616 2
0 0.445 -0.115 -0.002831566462 2
0 0.445 -0.105 -0.003005676987 2
0 0.445 -0.095 -0.003164547363 2
0 0.445 -0.085 -0.003306771541 2
0 0.445 -0.075 -0.003431655655 2
0 0.445 -0.065 -0.003539238969 2
0 0.445 -0.055 -0.00363021768 2
0 0.445 -0.045 -0.00370567972 2
0 0.445 -0.035 -0.003766771781 2
0 0.445 -0.025 -0.00381424421 2
0 0.445 -0.015 -0.003848292025 2
0 0.445 -0.005 -0.003868413665 2
0 0.445 0.005 -0.003873625348 2
0 0.445 0.015 -0.003864081992 2
0 0.445 0.025 -0.00383885577 2
0 0.445 0.035 -0.003796550887 2
0 0.445 0.045 -0.003732113577 2
0 0.445 0.055 -0.003647551016 2
0 0.445 0.065 -0.003546798397 2
0 0.445 0.075 -0.00343203518 2
0 0.445 0.085 -0.003302842145 2
0 0.445 0.095 -0.003147626575 2
0 0.445 0.105 -0.002958044729 2
0 0.445 0.115 -0.002729883791 2
0 0.445 0.125 -0.00246911572 2
0 0.445 0.135 -0.002202237278 2
0 0.445 0.145 -0.001947366709 2
0 0.445 0.155 -0.001721168762 2
0 0.445 0.165 -0.001504199982 2
0 0.445 0.175 -0.001287309932 2
0 0.445 0.185 -0.001059277063 2
0 0.445 0.195 -0.0008231310331 2
0 0.445 0.205 -0.0005765476598 2
0 0.445 0.215 -0.0003181966434 2
0 0.445 0.225 -4.829625243e-05 2
0 0.445 0.235 0.0002309172007 2
0 0.445 0.245 0.0005128553908 2
0 0.445 0.255 0.0007885308499 2
0 0.445 0.265 0.001050900349 2
0 0.445 0.275 0.00129729417 2
0 0.445 0.285 0.00152700715 2
0 0.445 0.295 0.001737531543 2
0 0.445 0.305 0.001924743167 2
0 0.445 0.315 0.002082362471 2
0 0.445 0.325 0.002202427172 2
0 0.445 0.335 0.002275171334 2
0 0.445 0.345 0.002288990981 2
0 0.445 0.355 0.002230091425 2
0 0.445 0.365 0.00208217711 2
0 0.445 0.375 0.001827799286 2
0 0.445 0.385 0.001434024049 2
0 0.445 0.395 0.0009315436268 2
0 0.445 0.405 0 2
0 0.445 0.415 0 2
0 0.445 0.425 0 2
0 0.445 0.435 0 2
0 0.445 0.445 0 2
0 0.445 0.455 0 2
0 0.445 0.465 0 2
0 0.455 -0.455 0 1
0 0.455 -0.445 0 1
0 0.455 -0.435 0 1
0 0.455 -0.425 0 1
0 0.455 -0.415 0 1
0 0.455 -0.405 0 1
0 0.455 -0.395 0.000725813156 1
0 0.455 -0.385 0.001161564808 1
0 0.455 -0.375 0.001535647373 1
0 0.455 -0.365 0.001801699364 1
0 0.455 -0.355 0.00196891499 1
0 0.455 -0.345 0.002044513431 1
0 0.455 -0.335 0.002041602442 1
0 0.455 -0.325 0.001969404793 1
0 0.455 -0.315 0.001842506241 1
0 0.455 -0.305 0.001671658036 1
0 0.455 -0.295 0.001454726745 1
0 0.455 -0.285 0.00120950023 1
0 0.455 -0.275 0.0009756081588 2
0 0.455 -0.265 0.0007287351814 2
0 0.455 -0.255 0.000447950952 2
0 0.455 -0.245 0.0001419444585 2
0 0.455 -0.235 -0.0001643925101 2
0 0.455 -0.225 -0.0004589777641 2
0 0.455 -0.215 -0.0007358002794 2
0 0.455 -0.205 -0.0009860268608 2
0 0.455 -0.195 -0.001219856684 2
0 0.455 -0.185 -0.001450728921 2
0 0.455 -0.175 -0.00167731754 2
0 0.455 -0.165 -0.001900958513 2
0 0.455 -0.155 -0.002122435353 2
0 0.455 -0.145 -0.002341325543 2
0 0.455 -0.135 -0.002556178487 2
0 0.455 -0.125 -0.002764284606 2
0 0.455 -0.115 -0.002962474203 2
0 0.455 -0.105 -0.003147821773 2
0 0.455 -0.095 -0.003317879922 2
0 0.455 -0.085 -0.003470917183 2
0 0.455 -0.075 -0.003606022003 2
0 0.455 -0.065 -0.003723057825 2
0 0.455 -0.055 -0.003822496023 2
0 0.455 -0.045 -0.003905096816 2
0 0.455 -0.035 -0.003971573042 2
0 0.455 -0.025 -0.004022171078 2
0 0.455 -0.015 -0.00405655626 2
0 0.455 -0.005 -0.00407342346 2
0 0.455 0.005 -0.004071665498 2
0 0.455 0.015 -0.004049985003 2
0 0.455 0.025 -0.004006418623 2
0 0.455 0.035 -0.003943197441 2
0 0.455 0.045 -0.003861757622 2
0 0.455 0.055 -0.003766356568 2
0 0.455 0.065 -0.003657825431 2
0 0.455 0.075 -0.00353866903 2
0 0.455 0.085 -0.003405350505 2
0 0.455 0.095 -0.003247932502 2
0 0.455 0.105 -0.003059621756 2
0 0.455 0.115 -0.002841381259 2
0 0.455 0.125 -0.002599424969 2
0 0.455 0.135 -0.002343108731 2
0 0.455 0.145 -0.00208647029 2
0 0.455 0.155 -0.001849475516 2
0 0.455 0.165 -0.001626755696 2
0 0.455 0.175 -0.001396659898 2
0 0.455 0.185 -0.001147179923 2
0 0.455 0.195 -0.0008897910177 2
0 0.455 0.205 -0.0006278605813 2
0 0.455 0.215 -0.0003562669228 2
0 0.455 0.225 -7.449326847e-05 2
0 0.455 0.235 0.0002204766814 2
0 0.455 0.245 0.0005200116225 2
0 0.455 0.255 0.0008076954741 2
0 0.455 0.265 0.001074067107 2
0 0.455 0.275 0.001322126429 2
0 0.455 0.285 0.001555661466 2
0 0.455 0.295 0.001769623617 2
0 0.455 0.305 0.001960513061 2
0 0.455 0.315 0.0021219993 2
0 0.455 0.325 0.002245673051 2
0 0.455 0.335 0.002321215979 2
0 0.455 0.345 0.002336573501 2
0 0.455 0.355 0.002277495624 2
0 0.455 0.365 0.002127235861 2
0 0.455 0.375 0.001867907068 2
0 0.455 0.385 0.001465813674 2
0 0.455 0.395 0.0009523573993 2
0 0.455 0.405 0 2
0 0.455 0.415 0 2
0 0.455 0.425 0 2
0 0.455 0.435 0 2
0 0.455 0.445 0 2
0 0.455 0.455 0 2
0 0.455 0.465 0 2
0 0.465 -0.455 0 1
0 0.465 -0.445 0 1
0 0.465 -0.435 0 1
0 0.465 -0.425 0 1
0 0.465 -0.415 0 1
0 0.465 -0.405 0 1
0 0.465 -0.395 0.0007311667733 1
0 0.465 -0.385 0.001172255557 1
0 0.465 -0.375 0.001550484895 1
0 0.465 -0.365 0.001817518098 1
0 0.465 -0.355 0.00198270633 1
0 0.465 -0.345 0.002056174686 1
0 0.465 -0.335 0.002052118708 1
0 0.465 -0.325 0.00198248164 1
0 0.465 -0.315 0.001857616095 1
0 0.465 -0.305 0.001682396494 1
0 0.465 -0.295 0.001457070517 1
0 0.465 -0.285 0.001208349832 1
0 0.465 -0.275 0.0009756184528 2
0 0.465 -0.265 0.0007298149886 2
0 0.465 -0.255 0.0004488006094 2
0 0.465 -0.245 0.0001400466743 2
0 0.465 -0.235 -0.0001750607474 2
0 0.465 -0.225 -0.0004843321564 2
0 0.465 -0.215 -0.000766256648 2
0 0.465 -0.205 -0.00101288184 2
0 0.465 -0.195 -0.001242997184 2
0 0.465 -0.185 -0.001474307271 2
0 0.465 -0.175 -0.001703829684 2
0 0.465 -0.165 -0.001932253903 2
0 0.465 -0.155 -0.00215958526 2
0 0.465 -0.145 -0.002384961832 2
0 0.465 -0.135 -0.002606946988 2
0 0.465 -0.125 -0.00282299712 2
0 0.465 -0.115 -0.003029604306 2
0 0.465 -0.105 -0.003223645846 2
0 0.465 -0.095 -0.003402252412 2
0 0.465 -0.085 -0.003563294662 2
0 0.465 -0.075 -0.003705655651 2
0 0.465 -0.065 -0.003829118667 2
0 0.465 -0.055 -0.003934119419 2
0 0.465 -0.045 -0.004021313606 2
0 0.465 -0.035 -0.004091211856 2
0 0.465 -0.025 -0.004143717917 2
0 0.465 -0.015 -0.004178066683 2
0 0.465 -0.005 -0.004192047953 2
0 0.465 0.005 -0.00418361548 2
0 0.465 0.015 -0.00414855877 2
0 0.465 0.025 -0.004081502607 2
0 0.465 0.035 -0.003989952906 1
0 0.465 0.045 -0.003897797863 1
0 0.465 0.055 -0.003796811069 1
0 0.465 0.065 -0.003685320524 1
0 0.465 0.075 -0.003573694524 2
0 0.465 0.085 -0.00343790556 2
0 0.465 0.095 -0.003281500077 2
0 0.465 0.105 -0.003099321104 2
0 0.465 0.115 -0.002891808077 2
0 0.465 0.125 -0.002662715112 2
0 0.465 0.135 -0.00241703444 2
0 0.465 0.145 -0.002165384855 2
0 0.465 0.155 -0.001925528804 2
0 0.465 0.165 -0.001694558347 2
0 0.465 0.175 -0.001451709077 2
0 0.465 0.185 -0.001191660576 2
0 0.465 0.195 -0.0009252553832 2
0 0.465 0.205 -0.0006552291506 2
0 0.465 0.215 -0.0003775231656 2
0 0.465 0.225 -9.091067605e-05 2
0 0.465 0.235 0.0002074832039 2
0 0.465 0.245 0.0005151318081 2
0 0.465 0.255 0.0008138574098 2
0 0.465 0.265 0.001086652655 2
0 0.465 0.275 0.001334081957 2
0 0.465 0.285 0.001563891506 2
0 0.465 0.295 0.001777162134 2
0 0.465 0.305 0.001968091053 2
0 0.465 0.315 0.002130251318 2
0 0.465 0.325 0.00225501979 2
0 0.465 0.335 0.002331568733 2
0 0.465 0.345 0.002347610575 2
0 0.465 0.355 0.002288712122 2
0 0.465 0.365 0.002137998916 2
0 0.465 0.375 0.001877494979 2
0 0.465 0.385 0.00147335724 2
0 0.465 0.395 0.0009572296443 2
0 0.465 0.405 0 2
0 0.465 0.415 0 2
0 0.465 0.425 0 2
0 0.465 0.435 0 2
0 0.465 0.445 0 2
0 0.465 0.455 0 2
0 0.465 0.465 0 2
0 0.475 -0.455 0 1
0 0.475 -0.445 0 1
0 0.475 -0.435 0 1
0 0.475 -0.425 0 1
0 0.475 -0.415 0 1
0 0.475 -0.405 0 1
0 0.475 -0.395 0.000718486296 1
0 0.475 -0.385 0.001162327631 1
0 0.475 -0.375 0.001550925849 1
0 0.475 -0.365 0.001821361071 1
0 0.475 -0.355 0.00197789954 1
0 0.475 -0.345 0.002042933681 1
0 0.475 -0.335 0.002035585653 1
0 0.475 -0.325 0.001967419926 1
0 0.475 -0.315 0.001844179598 1
0 0.475 -0.305 0.001669167825 1
0 0.475 -0.295 0.001446455852 1
0 0.475 -0.285 0.001198966231 1
0 0.475 -0.275 0.0009566253055 2
0 0.475 -0.265 0.0007037604911 2
0 0.475 -0.255 0.0004293644261 1
0 0.475 -0.245 0.0001306523991 1
0 0.475 -0.235 -0.0001758770961 1
0 0.475 -0.225 -0.0004837352193 1
0 0.475 -0.215 -0.000767364392 2
0 0.475 -0.205 -0.00101353596 2
0 0.475 -0.195 -0.001236966659 2
0 0.475 -0.185 -0.001460551789 2
0 0.475 -0.175 -0.00168892848 2
0 0.475 -0.165 -0.00191729571 2
0 0.475 -0.155 -0.002145497147 2
0 0.475 -0.145 -0.002373048545 2
0 0.475 -0.135 -0.002598757654 2
0 0.475 -0.125 -0.002820122295 2
0 0.475 -0.115 -0.003032473789 2
0 0.475 -0.105 -0.00323261867 2
0 0.475 -0.095 -0.003417137881 2
0 0.475 -0.085 -0.003583322117 2
0 0.475 -0.075 -0.003729879073 2
0 0.475 -0.065 -0.003856626353 2
0 0.475 -0.055 -0.003964223031 2
0 0.475 -0.045 -0.004053465014 2
0 0.475 -0.035 -0.004124880191 2
0 0.475 -0.025 -0.004178207512 2
0 0.475 -0.015 -0.004212384973 2
0 0.475 -0.005 -0.004224354736 2
0 0.475 0.005 -0.004210740225 2
0 0.475 0.015 -0.004164136399 2
0 0.475 0.025 -0.004066018095 1
0 0.475 0.035 -0.003972631548 1
0 0.475 0.045 -0.003873261025 1
0 0.475 0.055 -0.00376728479 1
0 0.475 0.065 -0.00365287026 1
0 0.475 0.075 -0.003530316119 1
0 0.475 0.085 -0.003399103227 1
0 0.475 0.095 -0.003249976284 1
0 0.475 0.105 -0.003076384898 1
0 0.475 0.115 -0.002880007523 1
0 0.475 0.125 -0.00266281319 1
0 0.475 0.135 -0.002428535834 1
0 0.475 0.145 -0.00218530484 1
0 0.475 0.155 -0.001951388395 2
0 0.475 0.165 -0.001712185296 2
0 0.475 0.175 -0.00145793401 1
0 0.475 0.185 -0.001197127814 1
0 0.475 0.195 -0.0009293505592 1
0 0.475 0.205 -0.0006574004148 1
0 0.475 0.215 -0.0003792401625 1
0 0.475 0.225 -9.345616161e-05 1
0 0.475 0.235 0.0002017675762 1
0 0.475 0.245 0.0005049038811 1
0 0.475 0.255 0.0008036045255 2
0 0.475 0.265 0.001083730835 2
0 0.475 0.275 0.00133278404 2
0 0.475 0.285 0.001555281686 2
0 0.475 0.295 0.001760154096 2
0 0.475 0.305 0.001947795961 2
0 0.475 0.315 0.002107607167 2
0 0.475 0.325 0.00223092973 2
0 0.475 0.335 0.002306629162 2
0 0.475 0.345 0.002322419275 2
0 0.475 0.355 0.002263979445 2
0 0.475 0.365 0.002114637963 2
0 0.475 0.375 0.00185668159 2
0 0.475 0.385 0.001456732352 2
0 0.475 0.395 0.0009462045834 2
0 0.475 0.405 0 2
0 0.475 0.415 0 2
0 0.475 0.425 0 2
0 0.475 0.435 0 2
0 0.475 0.445 0 2
0 0.475 0.455 0 2
0 0.475 0.465 0 2
0 0.485 -0.455 0 1
0 0.485 -0.445 0 1
0 0.485 -0.435 0 1
0 0.485 -0.425 0 1
0 0.485 -0.415 0 1
0 0.485 -0.405 0 1
0 0.485 -0.395 0.0007005779946 1
0 0.485 -0.385 0.001141321132 1
0 0.485 -0.375 0.001528355232 1
0 0.485 -0.365 0.001793953504 1
0 0.485 -0.355 0.001941997195 1
0 0.485 -0.345 0.002003665966 1
0 0.485 -0.335 0.001996364317 1
0 0.485 -0.325 0.00192964507 1
0 0.485 -0.315 0.0018088915 1
0 0.485 -0.305 0.001640245742 1
0 0.485 -0.295 0.001424519364 1
0 0.485 -0.285 0.001175887984 1
0 0.485 -0.275 0.0009207689176 2
0 0.485 -0.265 0.0006706865377 1
0 0.485 -0.255 0.0004092389417 1
0 0.485 -0.245 0.0001197823251 1
0 0.485 -0.235 -0.000178524225 1
0 0.485 -0.225 -0.0004798678861 1
0 0.485 -0.215 -0.0007566403294 2
0 0.485 -0.205 -0.0009934214113 2
0 0.485 -0.195 -0.001202589803 2
0 0.485 -0.185 -0.001415399041 2
0 0.485 -0.175 -0.00163785048 2
0 0.485 -0.165 -0.001860824068 2
0 0.485 -0.155 -0.002083874928 2
0 0.485 -0.145 -0.002307808514 2
0 0.485 -0.135 -0.002532309499 2
0 0.485 -0.125 -0.002755729669 2
0 0.485 -0.115 -0.002970845328 2
0 0.485 -0.105 -0.003175041806 2
0 0.485 -0.095 -0.0033634647 2
0 0.485 -0.085 -0.00353206042 2
0 0.485 -0.075 -0.003679590894 2
0 0.485 -0.065 -0.003806286464 2
0 0.485 -0.055 -0.003913412492 2
0 0.485 -0.045 -0.004002131957 2
0 0.485 -0.035 -0.004073181481 2
0 0.485 -0.025 -0.00412631965 2
0 0.485 -0.015 -0.004160344541 2
0 0.485 -0.005 -0.004171608981 2
0 0.485 0.005 -0.004155159913 2
0 0.485 0.015 -0.004102500854 2
0 0.485 0.025 -0.003994930981 1
0 0.485 0.035 -0.003897062162 1
0 0.485 0.045 -0.003794227577 1
0 0.485 0.055 -0.003686375104 1
0 0.485 0.065 -0.003571782173 1
0 0.485 0.075 -0.003450283148 1
0 0.485 0.085 -0.003323127522 1
0 0.485 0.095 -0.003181505159 1
0 0.485 0.105 -0.003017255076 1
0 0.485 0.115 -0.002830955242 1
0 0.485 0.125 -0.002623504922 1
0 0.485 0.135 -0.002396729513 1
0 0.485 0.145 -0.002157552123 1
0 0.485 0.155 -0.001920365167 1
0 0.485 0.165 -0.001687930593 1
0 0.485 0.175 -0.001443664104 1
0 0.485 0.185 -0.001181955321 1
0 0.485 0.195 -0.0009140823685 1
0 0.485 0.205 -0.0006439991301 1
0 0.485 0.215 -0.0003684147435 1
0 0.485 0.225 -8.648392968e-05 1
0 0.485 0.235 0.0002054143071 1
0 0.485 0.245 0.0005040876448 1
0 0.485 0.255 0.0007997565749 1
0 0.485 0.265 0.001071770837 2
0 0.485 0.275 0.001315471035 2
0 0.485 0.285 0.001527682557 2
0 0.485 0.295 0.001720582122 2
0 0.485 0.305 0.001901243406 2
0 0.485 0.315 0.002055616315 2
0 0.485 0.325 0.002174799011 2
0 0.485 0.335 0.00224764172 2
0 0.485 0.345 0.002262101158 2
0 0.485 0.355 0.002204267972 2
0 0.485 0.365 0.002057994659 2
0 0.485 0.375 0.001806170061 2
0 0.485 0.385 0.001416476285 2
0 0.485 0.395 0.0009196271664 2
0 0.485 0.405 0 2
0 0.485 0.415 0 2
0 0.485 0.425 0 2
0 0.485 0.435 0 2
0 0.485 0.445 0 2
0 0.485 0.455 0 2
0 0.485 0.465 0 2
0 0.495 -0.455 0 2
0 0.495 -0.445 0 2
0 0.495 -0.435 0 1
0 0.495 -0.425 0 1
0 0.495 -0.415 0 1
0 0.495 -0.405 0 1
0 0.495 -0.395 0.0006936065428 1
0 0.495 -0.385 0.001126734262 2
0 0.495 -0.375 0.001487973381 2
0 0.495 -0.365 0.001735983049 2
0 0.495 -0.355 0.001877405738 1
0 0.495 -0.345 0.001937587213 1
0 0.495 -0.335 0.001928848048 1
0 0.495 -0.325 0.001863247741 1
0 0.495 -0.315 0.001745837072 1
0 0.495 -0.305 0.001588681687 1
0 0.495 -0.295 0.00138258067 1
0 0.495 -0.285 0.001131261952 2
0 0.495 -0.275 0.0008793643321 1
0 0.495 -0.265 0.0006404501101 1
0 0.495 -0.255 0.0003854697806 1
0 0.495 -0.245 0.0001060472702 1
0 0.495 -0.235 -0.000183142418 1
0 0.495 -0.225 -0.0004751862881 1
0 0.495 -0.215 -0.0007359802085 1
0 0.495 -0.205 -0.0009485867395 2
0 0.495 -0.195 -0.001136198052 2
0 0.495 -0.185 -0.001338068395 2
0 0.495 -0.175 -0.001550768998 2
0 0.495 -0.165 -0.001761650075 2
0 0.495 -0.155 -0.001971938214 2
0 0.495 -0.145 -0.002187068449 2
0 0.495 -0.135 -0.002408111918 2
0 0.495 -0.125 -0.002634517134 2
0 0.495 -0.115 -0.002847743697 2
0 0.495 -0.105 -0.003052432957 2
0 0.495 -0.095 -0.003243529206 2
0 0.495 -0.085 -0.003411972647 2
0 0.495 -0.075 -0.003557114455 2
0 0.495 -0.065 -0.003680241851 2
0 0.495 -0.055 -0.00378374105 2
0 0.495 -0.045 -0.003869395216 2
0 0.495 -0.035 -0.003938240347 2
0 0.495 -0.025 -0.003990228719 2
0 0.495 -0.015 -0.004024249435 2
0 0.495 -0.005 -0.004036583599 2
0 0.495 0.005 -0.004021652403 2
0 0.495 0.015 -0.003970864634 2
0 0.495 0.025 -0.003865538568 1
0 0.495 0.035 -0.0037659271 1
0 0.495 0.045 -0.003662443153 1
0 0.495 0.055 -0.003557840229 1
0 0.495 0.065 -0.003448860214 1
0 0.495 0.075 -0.0033344186 1
0 0.495 0.085 -0.003212699384 1
0 0.495 0.095 -0.003078129417 1
0 0.495 0.105 -0.002924117827 1
0 0.495 0.115 -0.00274781145 1
0 0.495 0.125 -0.002549393887 1
0 0.495 0.135 -0.002330010225 1
0 0.495 0.145 -0.002097343212 1
0 0.495 0.155 -0.001865214601 1
0 0.495 0.165 -0.001636861739 1
0 0.495 0.175 -0.001398639725 1
0 0.495 0.185 -0.001142946611 1
0 0.495 0.195 -0.0008800351285 1
0 0.495 0.205 -0.0006149270442 1
0 0.495 0.215 -0.0003446570899 1
0 0.495 0.225 -6.896096609e-05 1
0 0.495 0.235 0.0002156889781 1
0 0.495 0.245 0.0005070385153 1
0 0.495 0.255 0.0007969245039 1
0 0.495 0.265 0.001063778708 1
0 0.495 0.275 0.00128684832 2
0 0.495 0.285 0.001482723171 2
0 0.495 0.295 0.001661430452 2
0 0.495 0.305 0.001831098338 2
0 0.495 0.315 0.001976670145 2
0 0.495 0.325 0.002088765627 2
0 0.495 0.335 0.002156541583 2
0 0.495 0.345 0.002168425163 2
0 0.495 0.355 0.002111191682 2
0 0.495 0.365 0.001969514514 2
0 0.495 0.375 0.001727199283 2
0 0.495 0.385 0.001353551666 2
0 0.495 0.395 0.0008781220992 2
0 0.495 0.405 0 2
0 0.495 0.415 0 2
0 0.495 0.425 0 2
0 0.495 0.435 0 2
0 0.495 0.445 0 2
0 0.495 0.455 0 2
0 0.495 0.465 0 2
0 0.505 -0.455 0 2
0 0.505 -0.445 0 2
0 0.505 -0.435 0 2
0 0.505 -0.425 0 1
0 0.505 -0.415 0 1
0 0.505 -0.405 0 1
0 0.505 -0.395 0.0006752058315 1
0 0.505 -0.385 0.001077536409 2
0 0.505 -0.375 0.001414594953 2
0 0.505 -0.365 0.001653214156 2
0 0.505 -0.355 0.001795191646 2
0 0.505 -0.345 0.001848163321 2
0 0.505 -0.335 0.001834761617 2
0 0.505 -0.325 0.001770941696 2
0 0.505 -0.315 0.001659065369 2
0 0.505 -0.305 0.001508791442 2
0 0.505 -0.295 0.001311687849 2
0 0.505 -0.285 0.001077419281 1
0 0.505 -0.275 0.0008422304298 1
0 0.505 -0.265 0.0006039843199 1
0 0.505 -0.255 0.0003529836531 1
0 0.505 -0.245 8.954958759e-05 1
0 0.505 -0.235 -0.000183627887 1
0 0.505 -0.225 -0.0004558877197 1
0 0.505 -0.215 -0.0006978083317 1
0 0.505 -0.205 -0.0008904869421 2
0 0.505 -0.195 -0.001061953772 2
0 0.505 -0.185 -0.001250806101 2
0 0.505 -0.175 -0.001447446825 2
0 0.505 -0.165 -0.001642558883 2
0 0.505 -0.155 -0.001836356424 2
0 0.505 -0.145 -0.002032298553 2
0 0.505 -0.135 -0.002232791917 2
0 0.505 -0.125 -0.002448416601 2
0 0.505 -0.115 -0.00265601136 2
0 0.505 -0.105 -0.002868800644 2
0 0.505 -0.095 -0.003063024301 2
0 0.505 -0.085 -0.003227179389 2
0 0.505 -0.075 -0.00336605867 2
0 0.505 -0.065 -0.003481915917 2
0 0.505 -0.055 -0.003578655674 2
0 0.505 -0.045 -0.003658871034 2
0 0.505 -0.035 -0.003723794284 2
0 0.505 -0.025 -0.003773696008 2
0 0.505 -0.015 -0.003807854001 2
0 0.505 -0.005 -0.003823284059 2
0 0.505 0.005 -0.003814977336 2
0 0.505 0.015 -0.003773599764 2
0 0.505 0.025 -0.003679397662 1
0 0.505 0.035 -0.003584140533 1
0 0.505 0.045 -0.003483377719 1
0 0.505 0.055 -0.003381863755 1
0 0.505 0.065 -0.003277934867 1
0 0.505 0.075 -0.003171044809 1
0 0.505 0.085 -0.00305923861 1
0 0.505 0.095 -0.002937173325 1
0 0.505 0.105 -0.002795845434 1
0 0.505 0.115 -0.002630936719 1
0 0.505 0.125 -0.002441977505 1
0 0.505 0.135 -0.002232652741 1
0 0.505 0.145 -0.002011293518 1
0 0.505 0.155 -0.001784899986 1
0 0.505 0.165 -0.001556088069 1
0 0.505 0.175 -0.001321251476 1
0 0.505 0.185 -0.001077486726 1
0 0.505 0.195 -0.0008263201318 1
0 0.505 0.205 -0.0005697569836 1
0 0.505 0.215 -0.0003082478239 1
0 0.505 0.225 -4.215054248e-05 1
0 0.505 0.235 0.0002283073142 1
0 0.505 0.245 0.0005040579727 1
0 0.505 0.255 0.0007833222127 1
0 0.505 0.265 0.001044471158 1
0 0.505 0.275 0.001251818937 2
0 0.505 0.285 0.001425371479 2
0 0.505 0.295 0.001585381961 2
0 0.505 0.305 0.001740311429 2
0 0.505 0.315 0.001873497934 2
0 0.505 0.325 0.001975370588 2
0 0.505 0.335 0.002035722421 2
0 0.505 0.345 0.00204366576 2
0 0.505 0.355 0.001986892881 2
0 0.505 0.365 0.001851163068 2
0 0.505 0.375 0.001621482669 2
0 0.505 0.385 0.001269303592 2
0 0.505 0.395 0.0008225675907 2
0 0.505 0.405 0 2
0 0.505 0.415 0 2
0 0.505 0.425 0 2
0 0.505 0.435 0 2
0 0.505 0.445 0 2
0 0.505 0.455 0 2
0 0.505 0.465 0 2
0 0.515 -0.455 0 2
0 0.515 -0.445 0 2
0 0.515 -0.435 0 2
0 0.515 -0.425 0 2
0 0.515 -0.415 0 2
0 0.515 -0.405 0 2
0 0.515 -0.395 0.0006430328442 2
0 0.515 -0.385 0.001000351944 2
0 0.515 -0.375 0.001312649661 2
0 0.515 -0.365 0.001538711235 2
0 0.515 -0.355 0.001670895213 2
0 0.515 -0.345 0.001721034294 2
0 0.515 -0.335 0.001708246417 2
0 0.515 -0.325 0.0016496678 2
0 0.515 -0.315 0.001551111536 2
0 0.515 -0.305 0.001412167629 2
0 0.515 -0.295 0.001230761768 2
0 0.515 -0.285 0.001022997493 1
0 0.515 -0.275 0.0007985574481 1
0 0.515 -0.265 0.0005661698275 1
0 0.515 -0.255 0.000326354877 1
0 0.515 -0.245 8.040527917e-05 1
0 0.515 -0.235 -0.0001756557614 1
0 0.515 -0.225 -0.0004268686336 1
0 0.515 -0.215 -0.0006518825671 1
0 0.515 -0.205 -0.000822690238 2
0 0.515 -0.195 -0.0009791961169 1
0 0.515 -0.185 -0.001151282608 1
0 0.515 -0.175 -0.001330076499 1
0 0.515 -0.165 -0.001507644151 1
0 0.515 -0.155 -0.001683641284 1
0 0.515 -0.145 -0.001859655361 1
0 0.515 -0.135 -0.002035171325 1
0 0.515 -0.125 -0.002225310743 2
0 0.515 -0.115 -0.002412389822 2
0 0.515 -0.105 -0.002624630898 2
0 0.515 -0.095 -0.002824797866 2
0 0.515 -0.085 -0.002983590145 2
0 0.515 -0.075 -0.00311081673 2
0 0.515 -0.065 -0.003215842981 2
0 0.515 -0.055 -0.00330302903 2
0 0.515 -0.045 -0.00337580488 2
0 0.515 -0.035 -0.00343533553 2
0 0.515 -0.025 -0.003482229715 2
0 0.515 -0.015 -0.003516313746 2
0 0.515 -0.005 -0.003536244308 2
0 0.515 0.005 -0.003539000606 2
0 0.515 0.015 -0.003515161797 2
0 0.515 0.025 -0.003442574072 1
0 0.515 0.035 -0.003354854674 1
0 0.515 0.045 -0.003258888836 1
0 0.515 0.055 -0.003161797143 1
0 0.515 0.065 -0.003063952914 1
0 0.515 0.075 -0.00296572991 1
0 0.515 0.085 -0.00286624227 1
0 0.515 0.095 -0.0027607566 1
0 0.515 0.105 -0.002634106282 1
0 0.515 0.115 -0.002481705806 1
0 0.515 0.125 -0.00230305915 1
0 0.515 0.135 -0.002101988307 1
0 0.515 0.145 -0.001889569929 1
0 0.515 0.155 -0.001671088669 1
0 0.515 0.165 -0.001450021794 1
0 0.515 0.175 -0.00122455891 1
0 0.515 0.185 -0.0009927404275 1
0 0.515 0.195 -0.0007542649568 1
0 0.515 0.205 -0.0005099794225 1
0 0.515 0.215 -0.0002608199201 1
0 0.515 0.225 -8.339091302e-06 1
0 0.515 0.235 0.0002464692768 1
0 0.515 0.245 0.0005047080441 1
0 0.515 0.255 0.0007675807592 1
0 0.515 0.265 0.001014525656 1
0 0.515 0.275 0.0012015434 2
0 0.515 0.285 0.001353777103 2
0 0.515 0.295 0.001494557012 2
0 0.515 0.305 0.0016313555 2
0 0.515 0.315 0.001748603585 2
0 0.515 0.325 0.001837199834 2
0 0.515 0.335 0.001887803874 2
0 0.515 0.345 0.001890443348 2
0 0.515 0.355 0.001833928749 2
0 0.515 0.365 0.001705342367 2
0 0.515 0.375 0.001491146011 2
0 0.515 0.385 0.001165415377 2
0 0.515 0.395 0.0007540679302 2
0 0.515 0.405 0 2
0 0.515 0.415 0 2
0 0.515 0.425 0 2
0 0.515 0.435 0 2
0 0.515 0.445 0 2
0 0.515 0.455 0 2
0 0.515 0.465 0 2
0 0.525 -0.455 0 2
0 0.525 -0.445 0 2
0 0.525 -0.435 0 2
0 0.525 -0.425 0 2
0 0.525 -0.415 0 2
0 0.525 -0.405 0 2
0 0.525 -0.395 0.0005975337199 2
0 0.525 -0.385 0.0009198363269 2
0 0.525 -0.375 0.001192047678 2
0 0.525 -0.365 0.001385576948 2
0 0.525 -0.355 0.001501298841 2
0 0.525 -0.345 0.00155109667 2
0 0.525 -0.335 0.001546097757 2
0 0.525 -0.325 0.00149735226 2
0 0.525 -0.315 0.001418309029 2
0 0.525 -0.305 0.001302816444 2
0 0.525 -0.295 0.001142722214 2
0 0.525 -0.285 0.0009635486415 1
0 0.525 -0.275 0.0007513770851 1
0 0.525 -0.265 0.0005302165796 1
0 0.525 -0.255 0.0003078107222 1
0 0.525 -0.245 7.841125452e-05 1
0 0.525 -0.235 -0.0001584938035 1
0 0.525 -0.225 -0.000387602718 1
0 0.525 -0.215 -0.0005882347854 2
0 0.525 -0.205 -0.0007333520712 1
0 0.525 -0.195 -0.0008874319709 1
0 0.525 -0.185 -0.001050931197 1
0 0.525 -0.175 -0.001215580728 1
0 0.525 -0.165 -0.001376871629 1
0 0.525 -0.155 -0.00153658996 1
0 0.525 -0.145 -0.001696789307 1
0 0.525 -0.135 -0.001852860432 1
0 0.525 -0.125 -0.001995105316 1
0 0.525 -0.115 -0.002150532885 1
0 0.525 -0.105 -0.002339489672 2
0 0.525 -0.095 -0.002540543317 2
0 0.525 -0.085 -0.002687105321 2
0 0.525 -0.075 -0.002796470289 2
0 0.525 -0.065 -0.002887625779 2
0 0.525 -0.055 -0.002963272186 2
0 0.525 -0.045 -0.003027184389 2
0 0.525 -0.035 -0.003080232832 2
0 0.525 -0.025 -0.003123257398 2
0 0.525 -0.015 -0.003156540378 2
0 0.525 -0.005 -0.003181048988 2
0 0.525 0.005 -0.003196968551 2
0 0.525 0.015 -0.003201957482 2
0 0.525 0.025 -0.003171293465 1
0 0.525 0.035 -0.003086527679 1
0 0.525 0.045 -0.002993057843 1
0 0.525 0.055 -0.00290108772 1
0 0.525 0.065 -0.002809912383 1
0 0.525 0.075 -0.002719779158 1
0 0.525 0.085 -0.002635522107 1
0 0.525 0.095 -0.002557395905 1
0 0.525 0.105 -0.002448609622 1
0 0.525 0.115 -0.002309676956 1
0 0.525 0.125 -0.002140516374 1
0 0.525 0.135 -0.001941737799 1
0 0.525 0.145 -0.001737236328 1
0 0.525 0.155 -0.001528538831 1
0 0.525 0.165 -0.001319663312 1
0 0.525 0.175 -0.001107579873 1
0 0.525 0.185 -0.0008906670381 1
0 0.525 0.195 -0.0006676667168 1
0 0.525 0.205 -0.0004386715224 1
0 0.525 0.215 -0.000203567426 1
0 0.525 0.225 3.335649947e-05 1
0 0.525 0.235 0.0002690569094 1
0 0.525 0.245 0.00050605016 1
0 0.525 0.255 0.0007467961859 1
0 0.525 0.265 0.0009715057259 1
0 0.525 0.275 0.001133958539 2
0 0.525 0.285 0.001267327382 2
0 0.525 0.295 0.001389871682 2
0 0.525 0.305 0.001505818817 2
0 0.525 0.315 0.001604039491 2
0 0.525 0.325 0.001676690377 2
0 0.525 0.335 0.001715491469 2
0 0.525 0.345 0.001711619332 2
0 0.525 0.355 0.001655189602 2
0 0.525 0.365 0.001534825369 2
0 0.525 0.375 0.001338675097 2
0 0.525 0.385 0.001043869422 2
0 0.525 0.395 0.0006739285722 2
0 0.525 0.405 0 2
0 0.525 0.415 0 2
0 0.525 0.425 0 2
0 0.525 0.435 0 2
0 0.525 0.445 0 2
0 0.525 0.455 0 2
0 0.525 0.465 0 2
0 0.535 -0.455 0 2
0 0.535 -0.445 0 2
0 0.535 -0.435 0 2
0 0.535 -0.425 0 2
0 0.535 -0.415 0 2
0 0.535 -0.405 0 2
0 0.535 -0.395 0.0005342667294 2
0 0.535 -0.385 0.0008194200219 2
0 0.535 -0.375 0.00105145459 2
0 0.535 -0.365 0.001213183188 2
0 0.535 -0.355 0.001314163009 2
0 0.535 -0.345 0.001360725928 2
0 0.535 -0.335 0.001361658868 2
0 0.535 -0.325 0.001326287087 2
0 0.535 -0.315 0.001267989227 2
0 0.535 -0.305 0.001178094235 2
0 0.535 -0.295 0.001046883011 1
0 0.535 -0.285 0.0008906184612 1
0 0.535 -0.275 0.0007003783801 1
0 0.535 -0.265 0.0004983753823 1
0 0.535 -0.255 0.0002945933849 1
0 0.535 -0.245 8.329178387e-05 1
0 0.535 -0.235 -0.0001333800291 1
0 0.535 -0.225 -0.0003377349176 1
0 0.535 -0.215 -0.0005046975562 2
0 0.535 -0.205 -0.0006378689596 1
0 0.535 -0.195 -0.0007867988878 1
0 0.535 -0.185 -0.0009425673452 1
0 0.535 -0.175 -0.001093171388 1
0 0.535 -0.165 -0.001239079724 1
0 0.535 -0.155 -0.001383135607 1
0 0.535 -0.145 -0.001525685637 1
0 0.535 -0.135 -0.001660563421 1
0 0.535 -0.125 -0.001783856053 1
0 0.535 -0.115 -0.0019123871 1
0 0.535 -0.105 -0.00204260069 1
0 0.535 -0.095 -0.002221163126 2
0 0.535 -0.085 -0.00234215326 2
0 0.535 -0.075 -0.00243003188 2
0 0.535 -0.065 -0.002504648464 2
0 0.535 -0.055 -0.002567602723 2
0 0.535 -0.045 -0.002621816891 2
0 0.535 -0.035 -0.002667738042 2
0 0.535 -0.025 -0.002706259946 2
0 0.535 -0.015 -0.002738048696 2
0 0.535 -0.005 -0.002766194252 2
0 0.535 0.005 -0.002792148881 2
0 0.535 0.015 -0.002826522357 2
0 0.535 0.025 -0.002854677794 1
0 0.535 0.035 -0.002773838757 1
0 0.535 0.045 -0.00268905345 1
0 0.535 0.055 -0.002607599556 1
0 0.535 0.065 -0.002524139876 1
0 0.535 0.075 -0.002439826006 1
0 0.535 0.085 -0.002365389626 1
0 0.535 0.095 -0.002311419101 1
0 0.535 0.105 -0.002212328953 1
0 0.535 0.115 -0.002083531207 1
0 0.535 0.125 -0.001931304177 1
0 0.535 0.135 -0.001748330398 1
0 0.535 0.145 -0.001562990064 1
0 0.535 0.155 -0.001363997035 1
0 0.535 0.165 -0.00116770456 1
0 0.535 0.175 -0.0009718537302 1
0 0.535 0.185 -0.0007731372496 1
0 0.535 0.195 -0.0005682384711 1
0 0.535 0.205 -0.0003558418327 1
0 0.535 0.215 -0.0001381144021 1
0 0.535 0.225 7.80049617e-05 1
0 0.535 0.235 0.0002917125674 1
0 0.535 0.245 0.0005064373748 1
0 0.535 0.255 0.0007229013751 1
0 0.535 0.265 0.0009143505925 2
0 0.535 0.275 0.001057071587 2
0 0.535 0.285 0.001170146941 2
0 0.535 0.295 0.00127135137 2
0 0.535 0.305 0.001364546631 2
0 0.535 0.315 0.001441493246 2
0 0.535 0.325 0.001496155884 2
0 0.535 0.335 0.001521570683 2
0 0.535 0.345 0.001510271565 2
0 0.535 0.355 0.001453864352 2
0 0.535 0.365 0.001342717662 2
0 0.535 0.375 0.001166878836 2
0 0.535 0.385 0.000906916752 2
0 0.535 0.395 0.0005836357314 2
0 0.535 0.405 0 2
0 0.535 0.415 0 2
0 0.535 0.425 0 2
0 0.535 0.435 0 2
0 0.535 0.445 0 2
0 0.535 0.455 0 2
0 0.535 0.465 0 2
0 0.545 -0.455 0 2
0 0.545 -0.445 0 2
0 0.545 -0.435 0 2
0 0.545 -0.425 0 2
0 0.545 -0.415 0 2
0 0.545 -0.405 0 2
0 0.545 -0.395 0.0004478531322 2
0 0.545 -0.385 0.0006896594589 2
0 0.545 -0.375 0.0008848319196 2
0 0.545 -0.365 0.00101978284 2
0 0.545 -0.355 0.001106007882 2
0 0.545 -0.345 0.001149413419 2
0 0.545 -0.335 0.001156791441 2
0 0.545 -0.325 0.001136232599 2
0 0.545 -0.315 0.001097572637 2
0 0.545 -0.305 0.001041253573 2
0 0.545 -0.295 0.0009510685504 1
0 0.545 -0.285 0.0008104421917 1
0 0.545 -0.275 0.0006430519177 1
0 0.545 -0.265 0.0004663872754 1
0 0.545 -0.255 0.0002840407433 1
0 0.545 -0.245 9.512978303e-05 1
0 0.545 -0.235 -9.781664372e-05 1
0 0.545 -0.225 -0.0002757891973 1
0 0.545 -0.215 -0.0004122348578 2
0 0.545 -0.205 -0.000540042895 1
0 0.545 -0.195 -0.0006763982964 1
0 0.545 -0.185 -0.0008182471877 1
0 0.545 -0.175 -0.0009509178647 1
0 0.545 -0.165 -0.00108073593 1
0 0.545 -0.155 -0.00120808062 1
0 0.545 -0.145 -0.001331234649 1
0 0.545 -0.135 -0.001447822267 1
0 0.545 -0.125 -0.001558148211 1
0 0.545 -0.115 -0.00166671128 1
0 0.545 -0.105 -0.00176873908 1
0 0.545 -0.095 -0.001880044019 2
0 0.545 -0.085 -0.001958676285 2
0 0.545 -0.075 -0.002020454425 2
0 0.545 -0.065 -0.002076461242 2
0 0.545 -0.055 -0.002126096454 2
0 0.545 -0.045 -0.002170140247 2
0 0.545 -0.035 -0.002208624319 2
0 0.545 -0.025 -0.002242319886 2
0 0.545 -0.015 -0.002272288618 2
0 0.545 -0.005 -0.002302500357 2
0 0.545 0.005 -0.00233701702 2
0 0.545 0.015 -0.002392282347 2
0 0.545 0.025 -0.002461771348 2
0 0.545 0.035 -0.002431343482 1
0 0.545 0.045 -0.00235736228 1
0 0.545 0.055 -0.002285240709 1
0 0.545 0.065 -0.002210323991 1
0 0.545 0.075 -0.002135499191 1
0 0.545 0.085 -0.002072011119 1
0 0.545 0.095 -0.002002178907 2
0 0.545 0.105 -0.001899005739 2
0 0.545 0.115 -0.001778143448 2
0 0.545 0.125 -0.001647014462 2
0 0.545 0.135 -0.001511473576 1
0 0.545 0.145 -0.001355763613 1
0 0.545 0.155 -0.001176770473 1
0 0.545 0.165 -0.001003589902 1
0 0.545 0.175 -0.0008287475544 1
0 0.545 0.185 -0.000649017752 1
0 0.545 0.195 -0.0004629483809 1
0 0.545 0.205 -0.0002690816467 1
0 0.545 0.215 -7.034457235e-05 1
0 0.545 0.225 0.0001246448121 1
0 0.545 0.235 0.0003191464071 2
0 0.545 0.245 0.0005108963511 2
0 0.545 0.255 0.0006963039296 2
0 0.545 0.265 0.0008522600943 2
0 0.545 0.275 0.0009687032621 2
0 0.545 0.285 0.001060344928 2
0 0.545 0.295 0.001139259256 2
0 0.545 0.305 0.001208295283 2
0 0.545 0.315 0.001262616321 2
0 0.545 0.325 0.001298001742 2
0 0.545 0.335 0.001309019267 2
0 0.545 0.345 0.001289741449 2
0 0.545 0.355 0.001233448417 2
0 0.545 0.365 0.001132443952 2
0 0.545 0.375 0.0009788665535 2
0 0.545 0.385 0.0007570545491 2
0 0.545 0.395 0.0004848401753 2
0 0.545 0.405 0 2
0 0.545 0.415 0 2
0 0.545 0.425 0 2
0 0.545 0.435 0 2
0 0.545 0.445 0 2
0 0.545 0.455 0 2
0 0.545 0.465 0 2
0 0.555 -0.455 0 2
0 0.555 -0.445 0 2
0 0.555 -0.435 0 2
0 0.555 -0.425 0 2
0 0.555 -0.415 0 2
0 0.555 -0.405 0 2
0 0.555 -0.395 0.0003502264189 2
0 0.555 -0.385 0.0005431451592 2
0 0.555 -0.375 0.0006999387024 2
0 0.555 -0.365 0.0008096507091 2
0 0.555 -0.355 0.0008825603991 2
0 0.555 -0.345 0.0009236460748 2
0 0.555 -0.335 0.0009379868316 2
0 0.555 -0.325 0.000932409689 2
0 0.555 -0.315 0.0009135028659 2
0 0.555 -0.305 0.0008903366312 2
0 0.555 -0.295 0.0008441842057 1
0 0.555 -0.285 0.0007217450059 1
0 0.555 -0.275 0.0005805008415 1
0 0.555 -0.265 0.0004326663372 1
0 0.555 -0.255 0.0002756541708 1
0 0.555 -0.245 0.0001141567695 1
0 0.555 -0.235 -4.996262519e-05 1
0 0.555 -0.225 -0.0001940862839 2
0 0.555 -0.215 -0.000311448441 2
0 0.555 -0.205 -0.0004375201231 1
0 0.555 -0.195 -0.0005592115991 1
0 0.555 -0.185 -0.0006840963545 1
0 0.555 -0.175 -0.0007947214364 1
0 0.555 -0.165 -0.000906482325 1
0 0.555 -0.155 -0.001016991733 1
0 0.555 -0.145 -0.001121871218 1
0 0.555 -0.135 -0.001219581502 1
0 0.555 -0.125 -0.001310451671 1
0 0.555 -0.115 -0.001400237564 1
0 0.555 -0.105 -0.001483282044 1
0 0.555 -0.095 -0.0015204327 2
0 0.555 -0.085 -0.001546586488 2
0 0.555 -0.075 -0.001577874097 2
0 0.555 -0.065 -0.001614273316 2
0 0.555 -0.055 -0.001650143141 2
0 0.555 -0.045 -0.001683652059 2
0 0.555 -0.035 -0.001714494133 2
0 0.555 -0.025 -0.001743206812 2
0 0.555 -0.015 -0.001771206216 2
0 0.555 -0.005 -0.001802093738 2
0 0.555 0.005 -0.001842911442 2
0 0.555 0.015 -0.001902461246 2
0 0.555 0.025 -0.001985054382 2
0 0.555 0.035 -0.002047900629 1
0 0.555 0.045 -0.002004817899 1
0 0.555 0.055 -0.001952651837 1
0 0.555 0.065 -0.001887814119 1
0 0.555 0.075 -0.001813499326 1
0 0.555 0.085 -0.001743965657 1
0 0.555 0.095 -0.00161520565 2
0 0.555 0.105 -0.001506723271 2
0 0.555 0.115 -0.001403865489 2
0 0.555 0.125 -0.001302487526 2
0 0.555 0.135 -0.001211024795 2
0 0.555 0.145 -0.0010897621 2
0 0.555 0.155 -0.0009593544699 1
0 0.555 0.165 -0.0008138513175 1
0 0.555 0.175 -0.0006613563045 1
0 0.555 0.185 -0.0005030076093 1
0 0.555 0.195 -0.0003381578841 1
0 0.555 0.205 -0.0001664455301 1
0 0.555 0.215 1.124540964e-05 1
0 0.555 0.225 0.0001902093661 2
0 0.555 0.235 0.0003602097617 2
0 0.555 0.245 0.0005175028734 2
0 0.555 0.255 0.000661850604 2
0 0.555 0.265 0.0007798987072 2
0 0.555 0.275 0.0008689652975 2
0 0.555 0.285 0.0009381718316 2
0 0.555 0.295 0.0009943176828 2
0 0.555 0.305 0.00103841635 2
0 0.555 0.315 0.0010695219 2
0 0.555 0.325 0.001085023226 2
0 0.555 0.335 0.001081169631 2
0 0.555 0.345 0.001053713081 2
0 0.555 0.355 0.0009977711865 2
0 0.555 0.365 0.000907746039 2
0 0.555 0.375 0.0007780317649 2
0 0.555 0.385 0.0005970071951 2
0 0.555 0.395 0.000379342786 2
0 0.555 0.405 0 2
0 0.555 0.415 0 2
0 0.555 0.425 0 2
0 0.555 0.435 0 2
0 0.555 0.445 0 2
0 0.555 0.455 0 2
0 0.555 0.465 0 2
0 0.565 -0.455 0 2
0 0.565 -0.445 0 2
0 0.565 -0.435 0 2
0 0.565 -0.425 0 2
0 0.565 -0.415 0 2
0 0.565 -0.405 0 2
0 0.565 -0.395 0.0002448897925 2
0 0.565 -0.385 0.0003846767083 2
0 0.565 -0.375 0.0005013592472 2
0 0.565 -0.365 0.0005865447776 2
0 0.565 -0.355 0.0006473375917 2
0 0.565 -0.345 0.0006871243302 2
0 0.565 -0.335 0.000709321399 2
0 0.565 -0.325 0.0007187991004 2
0 0.565 -0.315 0.0007196432525 2
0 0.565 -0.305 0.0007211241343 2
0 0.565 -0.295 0.0007064466242 2
0 0.565 -0.285 0.000628823939 1
0 0.565 -0.275 0.0005202417055 1
0 0.565 -0.265 0.0003999721346 1
0 0.565 -0.255 0.0002702290205 1
0 0.565 -0.245 0.0001371412529 1
0 0.565 -0.235 8.397476242e-06 2
0 0.565 -0.225 -0.0001010977193 2
0 0.565 -0.215 -0.0001949943008 2
0 0.565 -0.205 -0.0003060526395 2
0 0.565 -0.195 -0.0004245619044 1
0 0.565 -0.185 -0.0005358115877 1
0 0.565 -0.175 -0.0006287321713 1
0 0.565 -0.165 -0.0007261641839 1
0 0.565 -0.155 -0.0008206266734 1
0 0.565 -0.145 -0.000907912861 1
0 0.565 -0.135 -0.0009876478239 1
0 0.565 -0.125 -0.00105673522 1
0 0.565 -0.115 -0.001117623325 1
0 0.565 -0.105 -0.001165565567 1
0 0.565 -0.095 -0.001123802986 2
0 0.565 -0.085 -0.001107022311 2
0 0.565 -0.075 -0.001113144646 2
0 0.565 -0.065 -0.001130066883 2
0 0.565 -0.055 -0.001151606834 2
0 0.565 -0.045 -0.001174142354 2
0 0.565 -0.035 -0.001197032106 2
0 0.565 -0.025 -0.001220551376 2
0 0.565 -0.015 -0.001246235321 2
0 0.565 -0.005 -0.001276878321 2
0 0.565 0.005 -0.001317704493 2
0 0.565 0.015 -0.001373052981 2
0 0.565 0.025 -0.001454685171 2
0 0.565 0.035 -0.001560381649 2
0 0.565 0.045 -0.001597036418 1
0 0.565 0.055 -0.001570235235 1
0 0.565 0.065 -0.001516328099 1
0 0.565 0.075 -0.00143909916 1
0 0.565 0.085 -0.001319115695 2
0 0.565 0.095 -0.001165383815 2
0 0.565 0.105 -0.001056793615 2
0 0.565 0.115 -0.0009753941767 2
0 0.565 0.125 -0.0009070905794 2
0 0.565 0.135 -0.0008493964024 2
0 0.565 0.145 -0.0007732810359 2
0 0.565 0.155 -0.0006921448092 2
0 0.565 0.165 -0.0005802281747 2
0 0.565 0.175 -0.0004550447533 2
0 0.565 0.185 -0.000323162293 2
0 0.565 0.195 -0.0001842701442 2
0 0.565 0.205 -3.822499685e-05 2
0 0.565 0.215 0.0001146914009 2
0 0.565 0.225 0.0002675613578 2
0 0.565 0.235 0.0004019250228 2
0 0.565 0.245 0.0005181881558 2
0 0.565 0.255 0.0006197527074 2
0 0.565 0.265 0.0007026625655 2
0 0.565 0.275 0.0007643740504 2
0 0.565 0.285 0.0008083103696 2
0 0.565 0.295 0.0008385489822 2
0 0.565 0.305 0.0008574105806 2
0 0.565 0.315 0.0008651484359 2
0 0.565 0.325 0.0008606251377 2
0 0.565 0.335 0.0008418316226 2
0 0.565 0.345 0.0008062715292 2
0 0.565 0.355 0.0007510122052 2
0 0.565 0.365 0.0006726741251 2
0 0.565 0.375 0.000568031561 2
0 0.565 0.385 0.0004297043793 2
0 0.565 0.395 0.0002690783346 2
0 0.565 0.405 0 2
0 0.565 0.415 0 2
0 0.565 0.425 0 2
0 0.565 0.435 0 2
0 0.565 0.445 0 2
0 0.565 0.455 0 2
0 0.565 0.465 0 2
0 0.575 -0.455 0 2
0 0.575 -0.445 0 2
0 0.575 -0.435 0 2
0 0.575 -0.425 0 2
0 0.575 -0.415 0 2
0 0.575 -0.405 0 2
0 0.575 -0.395 0.0001354785004 2
0 0.575 -0.385 0.0002198251142 2
0 0.575 -0.375 0.0002952037257 2
0 0.575 -0.365 0.0003559496647 2
0 0.575 -0.355 0.0004052392213 2
0 0.575 -0.345 0.0004443787196 2
0 0.575 -0.335 0.0004749287215 2
0 0.575 -0.325 0.0004992089529 2
0 0.575 -0.315 0.0005199420576 2
0 0.575 -0.305 0.0005388532837 2
0 0.575 -0.295 0.0005490052519 2
0 0.575 -0.285 0.0005267656765 1
0 0.575 -0.275 0.0004547353506 1
0 0.575 -0.265 0.0003631921393 1
0 0.575 -0.255 0.000263338999 1
0 0.575 -0.245 0.0001630223985 2
0 0.575 -0.235 7.222756072e-05 2
0 0.575 -0.225 -1.340185144e-06 2
0 0.575 -0.215 -6.87225912e-05 2
0 0.575 -0.205 -0.0001518958076 2
0 0.575 -0.195 -0.0002524687635 2
0 0.575 -0.185 -0.0003460139488 2
0 0.575 -0.175 -0.0004391576558 1
0 0.575 -0.165 -0.000520066223 1
0 0.575 -0.155 -0.0005949090344 1
0 0.575 -0.145 -0.0006625003634 1
0 0.575 -0.135 -0.0007218321637 1
0 0.575 -0.125 -0.0007688512743 1
0 0.575 -0.115 -0.0007980328178 1
0 0.575 -0.105 -0.0007753367306 2
0 0.575 -0.095 -0.0006984387792 2
0 0.575 -0.085 -0.0006536870169 2
0 0.575 -0.075 -0.0006369883522 2
0 0.575 -0.065 -0.0006352773362 2
0 0.575 -0.055 -0.0006419121334 2
0 0.575 -0.045 -0.000652950838 2
0 0.575 -0.035 -0.0006674341863 2
0 0.575 -0.025 -0.0006853951184 2
0 0.575 -0.015 -0.0007081350878 2
0 0.575 -0.005 -0.0007378036364 2
0 0.575 0.005 -0.000778111586 2
0 0.575 0.015 -0.0008347475412 2
0 0.575 0.025 -0.0009133072559 2
0 0.575 0.035 -0.001014145473 2
0 0.575 0.045 -0.001092910923 2
0 0.575 0.055 -0.001094798012 2
0 0.575 0.065 -0.001053122823 2
0 0.575 0.075 -0.0009734465121 2
0 0.575 0.085 -0.0008380585013 2
0 0.575 0.095 -0.0007053906266 2
0 0.575 0.105 -0.0006110040126 2
0 0.575 0.115 -0.0005438233272 2
0 0.575 0.125 -0.0004931828828 2
0 0.575 0.135 -0.0004539356563 2
0 0.575 0.145 -0.0004156610989 2
0 0.575 0.155 -0.0003745722109 2
0 0.575 0.165 -0.0003046676503 2
0 0.575 0.175 -0.0002155917362 2
0 0.575 0.185 -0.0001156958602 2
0 0.575 0.195 -7.848078638e-06 2
0 0.575 0.205 0.0001072559093 2
0 0.575 0.215 0.0002256739152 2
0 0.575 0.225 0.0003391347997 2
0 0.575 0.235 0.0004350158532 2
0 0.575 0.245 0.0005145370758 2
0 0.575 0.255 0.0005790699528 2
0 0.575 0.265 0.0006265374154 2
0 0.575 0.275 0.0006569508093 2
0 0.575 0.285 0.0006724110638 2
0 0.575 0.295 0.000675691303 2
0 0.575 0.305 0.0006689468062 2
0 0.575 0.315 0.0006532656935 2
0 0.575 0.325 0.0006288498667 2
0 0.575 0.335 0.0005953097709 2
0 0.575 0.345 0.0005519000586 2
0 0.575 0.355 0.0004976813787 2
0 0.575 0.365 0.0004315560338 2
0 0.575 0.375 0.0003527519882 2
0 0.575 0.385 0.000258250311 2
0 0.575 0.395 0.0001560941058 2
0 0.575 0.405 0 2
0 0.575 0.415 0 2
0 0.575 0.425 0 2
0 0.575 0.435 0 2
0 0.575 0.445 0 2
0 0.575 0.455 0 2
0 0.575 0.465 0 2
0 0.585 -0.455 0 2
0 0.585 -0.445 0 2
0 0.585 -0.435 0 2
0 0.585 -0.425 0 2
0 0.585 -0.415 0 2
0 0.585 -0.405 0 2
0 0.585 -0.395 2.478328323e-05 2
0 0.585 -0.385 5.284131731e-05 2
0 0.585 -0.375 8.64765373e-05 2
0 0.585 -0.365 0.00012288673 2
0 0.585 -0.355 0.0001609988732 2
0 0.585 -0.345 0.0001997528351 2
0 0.585 -0.335 0.0002385948523 2
0 0.585 -0.325 0.0002772540826 2
0 0.585 -0.315 0.0003158413814 2
0 0.585 -0.305 0.0003512711002 2
0 0.585 -0.295 0.0003841617567 2
0 0.585 -0.285 0.0004032823581 2
0 0.585 -0.275 0.0003746634667 2
0 0.585 -0.265 0.0003204024672 2
0 0.585 -0.255 0.0002561289441 2
0 0.585 -0.245 0.0001926203787 2
0 0.585 -0.235 0.000141199548 2
0 0.585 -0.225 9.979820188e-05 2
0 0.585 -0.215 5.917378672e-05 2
0 0.585 -0.205 7.444428546e-06 2
0 0.585 -0.195 -5.884627961e-05 2
0 0.585 -0.185 -0.0001276996259 2
0 0.585 -0.175 -0.0002063769667 2
0 0.585 -0.165 -0.000268215436 2
0 0.585 -0.155 -0.000320169499 2
0 0.585 -0.145 -0.0003638012258 2
0 0.585 -0.135 -0.0003978731588 2
0 0.585 -0.125 -0.0004177573592 2
0 0.585 -0.115 -0.0004093239035 2
0 0.585 -0.105 -0.0003416416584 2
0 0.585 -0.095 -0.0002566646262 2
0 0.585 -0.085 -0.0001960476849 2
0 0.585 -0.075 -0.0001591284165 2
0 0.585 -0.065 -0.0001397631922 2
0 0.585 -0.055 -0.000131294331 2
0 0.585 -0.045 -0.0001304769192 2
0 0.585 -0.035 -0.0001361093446 2
0 0.585 -0.025 -0.0001480268533 2
0 0.585 -0.015 -0.0001671209514 2
0 0.585 -0.005 -0.0001950481761 2
0 0.585 0.005 -0.0002342160791 2
0 0.585 0.015 -0.0002874541765 2
0 0.585 0.025 -0.0003565091596 2
0 0.585 0.035 -0.0004403982915 2
0 0.585 0.045 -0.0005199137794 2
0 0.585 0.055 -0.0005429983241 2
0 0.585 0.065 -0.0005150903613 2
0 0.585 0.075 -0.0004416996234 2
0 0.585 0.085 -0.0003280173558 2
0 0.585 0.095 -0.0002266866456 2
0 0.585 0.105 -0.0001535156429 2
0 0.585 0.115 -0.0001051273778 2
0 0.585 0.125 -7.625371127e-05 2
0 0.585 0.135 -6.092294373e-05 2
0 0.585 0.145 -4.90178833e-05 2
0 0.585 0.155 -3.224860064e-05 2
0 0.585 0.165 1.207343152e-06 2
0 0.585 0.175 5.11857113e-05 2
0 0.585 0.185 0.000114231699 2
0 0.585 0.195 0.000186113168 2
0 0.585 0.205 0.0002627486156 2
0 0.585 0.215 0.0003391868091 2
0 0.585 0.225 0.0004093844819 2
0 0.585 0.235 0.0004668883495 2
0 0.585 0.245 0.000509674043 2
0 0.585 0.255 0.0005374710259 2
0 0.585 0.265 0.0005502179665 2
0 0.585 0.275 0.0005486340331 2
0 0.585 0.285 0.0005344278591 2
0 0.585 0.295 0.0005098824015 2
0 0.585 0.305 0.0004772130213 2
0 0.585 0.315 0.0004382107102 2
0 0.585 0.325 0.0003942248167 2
0 0.585 0.335 0.000346307867 2
0 0.585 0.345 0.0002954070616 2
0 0.585 0.355 0.0002425544755 2
0 0.585 0.365 0.0001889373951 2
0 0.585 0.375 0.0001362543049 2
0 0.585 0.385 8.588055401e-05 2
0 0.585 0.395 4.252130368e-05 2
0 0.585 0.405 0 2
0 0.585 0.415 0 2
0 0.585 0.425 0 2
0 0.585 0.435 0 2
0 0.585 0.445 0 2
0 0.585 0.455 0 2
0 0.585 0.465 0 2
0 0.595 -0.455 0 2
0 0.595 -0.445 0 2
0 0.595 -0.435 0 2
0 0.595 -0.425 0 2
0 0.595 -0.415 0 2
0 0.595 -0.405 0 2
0 0.595 -0.395 -8.460943171e-05 2
0 0.595 -0.385 -0.0001123238538 2
0 0.595 -0.375 -0.0001200238738 2
0 0.595 -0.365 -0.0001076126606 2
0 0.595 -0.355 -8.048834526e-05 2
0 0.595 -0.345 -4.21787451e-05 2
0 0.595 -0.335 4.473964662e-06 2
0 0.595 -0.325 5.693140723e-05 2
0 0.595 -0.315 0.0001132251659 2
0 0.595 -0.305 0.0001698331131 2
0 0.595 -0.295 0.0002251224359 2
0 0.595 -0.285 0.0002693593189 2
0 0.595 -0.275 0.0002813866207 2
0 0.595 -0.265 0.0002704236943 2
0 0.595 -0.255 0.0002481225122 2
0 0.595 -0.245 0.0002252826491 2
0 0.595 -0.235 0.0002091462851 2
0 0.595 -0.225 0.0001979626448 2
0 0.595 -0.215 0.0001855364255 2
0 0.595 -0.205 0.0001668171561 2
0 0.595 -0.195 0.0001384853851 2
0 0.595 -0.185 0.0001011843181 2
0 0.595 -0.175 5.291785781e-05 2
0 0.595 -0.165 1.528258312e-05 2
0 0.595 -0.155 -1.11460904e-05 2
0 0.595 -0.145 -2.724271046e-05 2
0 0.595 -0.135 -3.236771187e-05 2
0 0.595 -0.125 -1.942905148e-05 2
0 0.595 -0.115 2.375941953e-05 2
0 0.595 -0.105 0.0001076792612 2
0 0.595 -0.095 0.0001930010639 2
0 0.595 -0.085 0.000261878094 2
0 0.595 -0.075 0.0003130294945 2
0 0.595 -0.065 0.0003484855287 2
0 0.595 -0.055 0.0003713512187 2
0 0.595 -0.045 0.0003838962768 2
0 0.595 -0.035 0.0003873414661 2
0 0.595 -0.025 0.0003819781334 2
0 0.595 -0.015 0.0003673221226 2
0 0.595 -0.005 0.0003423207952 2
0 0.595 0.005 0.0003056929968 2
0 0.595 0.015 0.0002564914686 2
0 0.595 0.025 0.0001962515061 2
0 0.595 0.035 0.0001318423357 2
0 0.595 0.045 7.84638248e-05 2
0 0.595 0.055 5.713550652e-05 2
0 0.595 0.065 7.147455018e-05 2
0 0.595 0.075 0.0001179186961 2
0 0.595 0.085 0.0001865107678 2
0 0.595 0.095 0.0002537684293 2
0 0.595 0.105 0.0003049307251 2
0 0.595 0.115 0.0003342772796 2
0 0.595 0.125 0.0003422992451 2
0 0.595 0.135 0.0003316567857 2
0 0.595 0.145 0.0003118555308 2
0 0.595 0.155 0.0002942327234 2
0 0.595 0.165 0.0002910811518 2
0 0.595 0.175 0.0003051911311 2
0 0.595 0.185 0.0003334135986 2
0 0.595 0.195 0.0003703561488 2
0 0.595 0.205 0.0004105352748 2
0 0.595 0.215 0.0004486298524 2
0 0.595 0.225 0.0004795584248 2
0 0.595 0.235 0.0004989704885 2
0 0.595 0.245 0.0005049539879 2
0 0.595 0.255 0.0004970850083 2
0 0.595 0.265 0.000475726873 2
0 0.595 0.275 0.0004419765904 2
0 0.595 0.285 0.0003976355924 2
0 0.595 0.295 0.0003449970508 2
0 0.595 0.305 0.0002865075852 2
0 0.595 0.315 0.0002245758188 2
0 0.595 0.325 0.0001615401993 2
0 0.595 0.335 9.976846025e-05 2
0 0.595 0.345 4.180206477e-05 2
0 0.595 0.355 -9.428805183e-06 2
0 0.595 0.365 -5.050494829e-05 2
0 0.595 0.375 -7.729756753e-05 2
0 0.595 0.385 -8.409379833e-05 2
0 0.595 0.395 -6.946106572e-05 2
0 0.595 0.405 0 2
0 0.595 0.415 0 2
0 0.595 0.425 0 2
0 0.595 0.435 0 2
0 0.595 0.445 0 2
0 0.595 0.455 0 2
0 0.595 0.465 0 2
0 0.605 -0.455 0 2
0 0.605 -0.445 0 2
0 0.605 -0.435 0 2
0 0.605 -0.425 0 2
0 0.605 -0.415 0 2
0 0.605 -0.405 0 2
0 0.605 -0.395 -0.0001903405259 2
0 0.605 -0.385 -0.0002720678647 2
0 0.605 -0.375 -0.0003198432165 2
0 0.605 -0.365 -0.0003307270112 2
0 0.605 -0.355 -0.0003143576185 2
0 0.605 -0.345 -0.0002766983204 2
0 0.605 -0.335 -0.0002228686102 2
0 0.605 -0.325 -0.0001573635812 2
0 0.605 -0.315 -8.403838185e-05 2
0 0.605 -0.305 -7.247260701e-06 2
0 0.605 -0.295 6.78854683e-05 2
0 0.605 -0.285 0.0001338508593 2
0 0.605 -0.275 0.0001818386325 2
0 0.605 -0.265 0.0002136693244 2
0 0.605 -0.255 0.0002350322149 2
0 0.605 -0.245 0.0002526969137 2
0 0.605 -0.235 0.0002713162612 2
0 0.605 -0.225 0.0002910023307 2
0 0.605 -0.215 0.000308829778 2
0 0.605 -0.205 0.000321335242 2
0 0.605 -0.195 0.000326476395 2
0 0.605 -0.185 0.0003254519052 2
0 0.605 -0.175 0.0003202831026 2
0 0.605 -0.165 0.0003189830968 2
0 0.605 -0.155 0.0003244861349 2
0 0.605 -0.145 0.0003389322045 2
0 0.605 -0.135 0.0003647411424 2
0 0.605 -0.125 0.000406217187 2
0 0.605 -0.115 0.00046722818 2
0 0.605 -0.105 0.0005477036845 2
0 0.605 -0.095 0.000632605792 2
0 0.605 -0.085 0.000709604277 2
0 0.605 -0.075 0.0007731503094 2
0 0.605 -0.065 0.000822187618 2
0 0.605 -0.055 0.000857867183 2
0 0.605 -0.045 0.0008814655263 2
0 0.605 -0.035 0.0008938809646 2
0 0.605 -0.025 0.0008954399163 2
0 0.605 -0.015 0.0008860137737 2
0 0.605 -0.005 0.0008652294114 2
0 0.605 0.005 0.0008328694367 2
0 0.605 0.015 0.0007895385285 2
0 0.605 0.025 0.000737998331 2
0 0.605 0.035 0.0006847652664 2
0 0.605 0.045 0.0006404640381 2
0 0.605 0.055 0.0006175529545 2
0 0.605 0.065 0.0006204616848 2
0 0.605 0.075 0.0006469590759 2
0 0.605 0.085 0.0006884927261 2
0 0.605 0.095 0.0007296884135 2
0 0.605 0.105 0.0007584679683 2
0 0.605 0.115 0.0007665170521 2
0 0.605 0.125 0.0007523395905 2
0 0.605 0.135 0.000713326905 2
0 0.605 0.145 0.0006597569994 2
0 0.605 0.155 0.0006057323411 2
0 0.605 0.165 0.0005675354157 2
0 0.605 0.175 0.0005491435463 2
0 0.605 0.185 0.0005454773363 2
0 0.605 0.195 0.0005494565958 2
0 0.605 0.205 0.0005546547602 2
0 0.605 0.215 0.0005559438623 2
0 0.605 0.225 0.0005492984449 2
0 0.605 0.235 0.0005317140969 2
0 0.605 0.245 0.0005017347111 2
0 0.605 0.255 0.0004590930918 2
0 0.605 0.265 0.0004044149782 2
0 0.605 0.275 0.0003390622954 2
0 0.605 0.285 0.0002650228859 2
0 0.605 0.295 0.0001847618666 2
0 0.605 0.305 0.0001010635333 2
0 0.605 0.315 1.694014893e-05 2
0 0.605 0.325 -6.437090085e-05 2
0 0.605 0.335 -0.0001393074933 2
0 0.605 0.345 -0.0002038532227 2
0 0.605 0.355 -0.0002532898085 2
0 0.605 0.365 -0.0002820684477 2
0 0.605 0.375 -0.0002837241098 2
0 0.605 0.385 -0.0002483522482 2
0 0.605 0.395 -0.0001776685863 2
0 0.605 0.405 0 2
0 0.605 0.415 0 2
0 0.605 0.425 0 2
0 0.605 0.435 0 2
0 0.605 0.445 0 2
0 0.605 0.455 0 2
0 0.605 0.465 0 2
0 0.615 -0.455 0 2
0 0.615 -0.445 0 2
0 0.615 -0.435 0 2
0 0.615 -0.425 0 2
0 0.615 -0.415 0 2
0 0.615 -0.405 0 2
0 0.615 -0.395 -0.0002901943441 2
0 0.615 -0.385 -0.0004230059836 2
0 0.615 -0.375 -0.0005087522538 2
0 0.615 -0.365 -0.000541788994 2
0 0.615 -0.355 -0.0005357860582 2
0 0.615 -0.345 -0.0004990205683 2
0 0.615 -0.335 -0.0004387480037 2
0 0.615 -0.325 -0.0003612311003 2
0 0.615 -0.315 -0.00027196163 2
0 0.615 -0.305 -0.0001763756671 2
0 0.615 -0.295 -8.01554571e-05 2
0 0.615 -0.285 1.057192142e-05 2
0 0.615 -0.275 9.035361252e-05 2
0 0.615 -0.265 0.0001588302541 2
0 0.615 -0.255 0.000218621607 2
0 0.615 -0.245 0.0002735441435 2
0 0.615 -0.235 0.0003263970666 2
0 0.615 -0.225 0.0003776259193 2
0 0.615 -0.215 0.0004258646991 2
0 0.615 -0.205 0.0004693028493 2
0 0.615 -0.195 0.0005068681602 2
0 0.615 -0.185 0.0005393570599 2
0 0.615 -0.175 0.0005688625018 2
0 0.615 -0.165 0.0006000348347 2
0 0.615 -0.155 0.0006359851679 2
0 0.615 -0.145 0.0006793005079 2
0 0.615 -0.135 0.0007322851291 2
0 0.615 -0.125 0.0007973875995 2
0 0.615 -0.115 0.0008755376971 2
0 0.615 -0.105 0.000964384681 2
0 0.615 -0.095 0.001055156702 2
0 0.615 -0.085 0.001139773982 2
0 0.615 -0.075 0.001213214858 2
0 0.615 -0.065 0.001273435049 2
0 0.615 -0.055 0.001320178723 2
0 0.615 -0.045 0.001353812905 2
0 0.615 -0.035 0.001374788364 2
0 0.615 -0.025 0.001383391933 2
0 0.615 -0.015 0.0013797602 2
0 0.615 -0.005 0.001364055056 2
0 0.615 0.005 0.001336839633 2
0 0.615 0.015 0.001299661979 2
0 0.615 0.025 0.001255804344 2
0 0.615 0.035 0.001210860548 2
0 0.615 0.045 0.001172304483 2
0 0.615 0.055 0.001147669531 2
0 0.615 0.065 0.001140466905 2
0 0.615 0.075 0.00114953047 2
0 0.615 0.085 0.001168630695 2
0 0.615 0.095 0.001186654501 2
0 0.615 0.105 0.001195047075 2
0 0.615 0.115 0.001185293633 2
0 0.615 0.125 0.001157190447 2
0 0.615 0.135 0.001087273842 2
0 0.615 0.145 0.0009916070108 2
0 0.615 0.155 0.0008919408223 2
0 0.615 0.165 0.0008199752402 2
0 0.615 0.175 0.0007754191372 2
0 0.615 0.185 0.000744546914 2
0 0.615 0.195 0.000719131467 2
0 0.615 0.205 0.0006922957678 2
0 0.615 0.215 0.0006593656858 2
0 0.615 0.225 0.0006175177617 2
0 0.615 0.235 0.0005647866628 2
0 0.615 0.245 0.0005003667022 2
0 0.615 0.255 0.0004243681524 2
0 0.615 0.265 0.0003377036295 2
0 0.615 0.275 0.000241969406 2
0 0.615 0.285 0.0001393634282 2
0 0.615 0.295 3.260137561e-05 2
0 0.615 0.305 -7.515310506e-05 2
0 0.615 0.315 -0.0001803100069 2
0 0.615 0.325 -0.0002788159803 2
0 0.615 0.335 -0.0003660316611 2
0 0.615 0.345 -0.0004365970138 2
0 0.615 0.355 -0.0004841442617 2
0 0.615 0.365 -0.0005011397377 2
0 0.615 0.375 -0.0004789256769 2
0 0.615 0.385 -0.0004036374763 2
0 0.615 0.395 -0.0002799578902 2
0 0.615 0.405 0 2
0 0.615 0.415 0 2
0 0.615 0.425 0 2
0 0.615 0.435 0 2
0 0.615 0.445 0 2
0 0.615 0.455 0 2
0 0.615 0.465 0 2
0 0.625 -0.455 0 2
0 0.625 -0.445 0 2
0 0.625 -0.435 0 2
0 0.625 -0.425 0 2
0 0.625 -0.415 0 2
0 0.625 -0.405 0 2
0 0.625 -0.395 -0.0003821001484 2
0 0.625 -0.385 -0.0005619741492 2
0 0.625 -0.375 -0.0006827716916 2
0 0.625 -0.365 -0.0007363504291 2
0 0.625 -0.355 -0.000740099365 2
0 0.625 -0.345 -0.0007044184944 2
0 0.625 -0.335 -0.0006384976372 2
0 0.625 -0.325 -0.0005501938033 2
0 0.625 -0.315 -0.0004463323475 2
0 0.625 -0.305 -0.0003332004663 2
0 0.625 -0.295 -0.0002166942976 2
0 0.625 -0.285 -0.0001021869701 2
0 0.625 -0.275 6.178399954e-06 2
0 0.625 -0.265 0.0001069956503 2
0 0.625 -0.255 0.000200913503 2
0 0.625 -0.245 0.0002896179948 2
0 0.625 -0.235 0.0003745560809 2
0 0.625 -0.225 0.0004561492274 2
0 0.625 -0.215 0.000533886579 2
0 0.625 -0.205 0.0006070033495 2
0 0.625 -0.195 0.0006752006503 2
0 0.625 -0.185 0.0007392673686 2
0 0.625 -0.175 0.0008009594329 2
0 0.625 -0.165 0.000863134604 2
0 0.625 -0.155 0.0009283097092 2
0 0.625 -0.145 0.000998678892 2
0 0.625 -0.135 0.001075956243 2
0 0.625 -0.125 0.001161256914 2
0 0.625 -0.115 0.00125422514 2
0 0.625 -0.105 0.001352302866 2
0 0.625 -0.095 0.001450116161 2
0 0.625 -0.085 0.001542145243 2
0 0.625 -0.075 0.001624211976 2
0 0.625 -0.065 0.001693889912 2
0 0.625 -0.055 0.001750125995 2
0 0.625 -0.045 0.001792654181 2
0 0.625 -0.035 0.001821562133 2
0 0.625 -0.025 0.00183705679 2
0 0.625 -0.015 0.001839438549 2
0 0.625 -0.005 0.001829227606 2
0 0.625 0.005 0.001807435007 2
0 0.625 0.015 0.001775944357 2
0 0.625 0.025 0.00173789261 2
0 0.625 0.035 0.00169782304 2
0 0.625 0.045 0.001661226183 2
0 0.625 0.055 0.001633343082 2
0 0.625 0.065 0.001617027557 2
0 0.625 0.075 0.001611803092 2
0 0.625 0.085 0.001615039217 2
0 0.625 0.095 0.001619146546 2
0 0.625 0.105 0.001611665999 2
0 0.625 0.115 0.001569041648 2
0 0.625 0.125 0.00150805149 2
0 0.625 0.135 0.001406923129 2
0 0.625 0.145 0.001282986691 2
0 0.625 0.155 0.001150323284 2
0 0.625 0.165 0.001047444565 2
0 0.625 0.175 0.0009815084761 2
0 0.625 0.185 0.0009304462208 2
0 0.625 0.195 0.0008786754929 2
0 0.625 0.205 0.0008224087658 2
0 0.625 0.215 0.0007576761923 2
0 0.625 0.225 0.0006830018918 2
0 0.625 0.235 0.000597369608 2
0 0.625 0.245 0.0005006345268 2
0 0.625 0.255 0.0003933257577 2
0 0.625 0.265 0.0002766466313 2
0 0.625 0.275 0.000152423212 2
0 0.625 0.285 2.307368728e-05 2
0 0.625 0.295 -0.0001084198519 2
0 0.625 0.305 -0.0002385204092 2
0 0.625 0.315 -0.000363104853 2
0 0.625 0.325 -0.0004773895222 2
0 0.625 0.335 -0.0005757777521 2
0 0.625 0.345 -0.0006517100171 2
0 0.625 0.355 -0.000697333207 2
0 0.625 0.365 -0.0007033106473 2
0 0.625 0.375 -0.0006589803698 2
0 0.625 0.385 -0.0005468302572 2
0 0.625 0.395 -0.0003742746894 2
0 0.625 0.405 0 2
0 0.625 0.415 0 2
0 0.625 0.425 0 2
0 0.625 0.435 0 2
0 0.625 0.445 0 2
0 0.625 0.455 0 2
0 0.625 0.465 0 2
0 0.635 -0.455 0 2
0 0.635 -0.445 0 2
0 0.635 -0.435 0 2
0 0.635 -0.425 0 2
0 0.635 -0.415 0 2
0 0.635 -0.405 0 2
0 0.635 -0.395 -0.000464142391 2
0 0.635 -0.385 -0.0006860475816 2
0 0.635 -0.375 -0.0008382120747 2
0 0.635 -0.365 -0.0009102589672 2
0 0.635 -0.355 -0.0009228985889 2
0 0.635 -0.345 -0.0008884107282 2
0 0.635 -0.335 -0.0008176738574 2
0 0.635 -0.325 -0.0007199135912 2
0 0.635 -0.315 -0.00060299491 2
0 0.635 -0.305 -0.0004738350634 2
0 0.635 -0.295 -0.0003384990198 2
0 0.635 -0.285 -0.0002021157078 2
0 0.635 -0.275 -6.852854796e-05 2
0 0.635 -0.265 6.021982083e-05 2
0 0.635 -0.255 0.0001835881006 2
0 0.635 -0.245 0.0003019419553 2
0 0.635 -0.235 0.0004158140902 2
0 0.635 -0.225 0.0005254181616 2
0 0.635 -0.215 0.0006306046581 2
0 0.635 -0.205 0.0007311682757 2
0 0.635 -0.195 0.0008272345195 2
0 0.635 -0.185 0.0009195832296 2
0 0.635 -0.175 0.001009625162 2
0 0.635 -0.165 0.001099319624 2
0 0.635 -0.155 0.001190555693 2
0 0.635 -0.145 0.001284948484 2
0 0.635 -0.135 0.00138358761 2
0 0.635 -0.125 0.001486810962 2
0 0.635 -0.115 0.001593756538 2
0 0.635 -0.105 0.001702101554 2
0 0.635 -0.095 0.001808081627 2
0 0.635 -0.085 0.001907684948 2
0 0.635 -0.075 0.001997534503 2
0 0.635 -0.065 0.002075301409 2
0 0.635 -0.055 0.002139642005 2
0 0.635 -0.045 0.002189932452 2
0 0.635 -0.035 0.002226005915 2
0 0.635 -0.025 0.002247986644 2
0 0.635 -0.015 0.002256251072 2
0 0.635 -0.005 0.00225150228 2
0 0.635 0.005 0.002234936879 2
0 0.635 0.015 0.002208459121 2
0 0.635 0.025 0.002174839293 2
0 0.635 0.035 0.002137703447 2
0 0.635 0.045 0.00210119748 2
0 0.635 0.055 0.002069249725 2
0 0.635 0.065 0.002044496037 2
0 0.635 0.075 0.002028922989 2
0 0.635 0.085 0.002020062917 2
0 0.635 0.095 0.00200741177 2
0 0.635 0.105 0.001970501017 2
0 0.635 0.115 0.001886040731 2
0 0.635 0.125 0.001779383696 1
0 0.635 0.135 0.001654518382 1
0 0.635 0.145 0.0015156063 1
0 0.635 0.155 0.001375918509 2
0 0.635 0.165 0.001249952744 2
0 0.635 0.175 0.001168403097 2
0 0.635 0.185 0.001101821909 2
0 0.635 0.195 0.001026171431 2
0 0.635 0.205 0.0009427442466 2
0 0.635 0.215 0.0008487454735 2
0 0.635 0.225 0.0007439495556 2
0 0.635 0.235 0.0006281884883 2
0 0.635 0.245 0.0005018967954 2
0 0.635 0.255 0.0003659923677 2
0 0.635 0.265 0.0002219493927 2
0 0.635 0.275 7.18099618e-05 2
0 0.635 0.285 -8.179758863e-05 2
0 0.635 0.295 -0.0002356386341 2
0 0.635 0.305 -0.0003858348479 2
0 0.635 0.315 -0.0005277915832 2
0 0.635 0.325 -0.0006560908883 2
0 0.635 0.335 -0.0007643082658 2
0 0.635 0.345 -0.0008448433647 2
0 0.635 0.355 -0.0008885452811 2
0 0.635 0.365 -0.0008844895178 2
0 0.635 0.375 -0.0008202395053 2
0 0.635 0.385 -0.0006750231332 2
0 0.635 0.395 -0.0004587011231 2
0 0.635 0.405 0 2
0 0.635 0.415 0 2
0 0.635 0.425 0 2
0 0.635 0.435 0 2
0 0.635 0.445 0 2
0 0.635 0.455 0 2
0 0.635 0.465 0 2
0 0.645 -0.455 0 2
0 0.645 -0.445 0 2
0 0.645 -0.435 0 2
0 0.645 -0.425 0 2
0 0.645 -0.415 0 2
0 0.645 -0.405 0 2
0 0.645 -0.395 -0.0005345914424 2
0 0.645 -0.385 -0.0007925903487 2
0 0.645 -0.375 -0.0009717472069 2
0 0.645 -0.365 -0.001059761451 2
0 0.645 -0.355 -0.001080196071 2
0 0.645 -0.345 -0.00104692699 2
0 0.645 -0.335 -0.0009722471874 2
0 0.645 -0.325 -0.0008665018918 2
0 0.645 -0.315 -0.000738373211 2
0 0.645 -0.305 -0.0005952782796 2
0 0.645 -0.295 -0.0004434742018 2
0 0.645 -0.285 -0.0002880833851 2
0 0.645 -0.275 -0.0001329792804 2
0 0.645 -0.265 1.933966024e-05 2
0 0.645 -0.255 0.0001675608154 2
0 0.645 -0.245 0.0003111941298 2
0 0.645 -0.235 0.000450138586 2
0 0.645 -0.225 0.0005843751981 2
0 0.645 -0.215 0.0007138819347 2
0 0.645 -0.205 0.0008387406397 2
0 0.645 -0.195 0.0009593051337 2
0 0.645 -0.185 0.001076333634 2
0 0.645 -0.175 0.001190957433 2
0 0.645 -0.165 0.001304561695 2
0 0.645 -0.155 0.001418466269 2
0 0.645 -0.145 0.001533713197 2
0 0.645 -0.135 0.001650847145 2
0 0.645 -0.125 0.001769724115 2
0 0.645 -0.115 0.001889292125 2
0 0.645 -0.105 0.002007524202 2
0 0.645 -0.095 0.002121572273 2
0 0.645 -0.085 0.002228371415 2
0 0.645 -0.075 0.002325177398 2
0 0.645 -0.065 0.002409890079 2
0 0.645 -0.055 0.002481114319 2
0 0.645 -0.045 0.002538067788 2
0 0.645 -0.035 0.002580444441 2
0 0.645 -0.025 0.002608308894 2
0 0.645 -0.015 0.002622057718 2
0 0.645 -0.005 0.002622450247 2
0 0.645 0.005 0.002610692008 2
0 0.645 0.015 0.002588533698 2
0 0.645 0.025 0.002558315011 2
0 0.645 0.035 0.002522946724 2
0 0.645 0.045 0.00248558933 2
0 0.645 0.055 0.0024494141 2
0 0.645 0.065 0.002418718157 2
0 0.645 0.075 0.002395368897 2
0 0.645 0.085 0.002375221224 2
0 0.645 0.095 0.002331570187 2
0 0.645 0.105 0.002243515136 1
0 0.645 0.115 0.002127589274 1
0 0.645 0.125 0.001983906277 1
0 0.645 0.135 0.001837961994 1
0 0.645 0.145 0.001685853114 1
0 0.645 0.155 0.001546171323 1
0 0.645 0.165 0.001425809022 2
0 0.645 0.175 0.001336364718 2
0 0.645 0.185 0.001255311313 2
0 0.645 0.195 0.001158386001 2
0 0.645 0.205 0.001050227516 2
0 0.645 0.215 0.0009298711215 2
0 0.645 0.225 0.0007981494567 2
0 0.645 0.235 0.000655622186 2
0 0.645 0.245 0.0005031802137 2
0 0.645 0.255 0.0003420641811 2
0 0.645 0.265 0.0001739769253 2
0 0.645 0.275 1.148257192e-06 2
0 0.645 0.285 -0.0001736082928 2
0 0.645 0.295 -0.0003468371975 2
0 0.645 0.305 -0.0005143681025 2
0 0.645 0.315 -0.000671210487 2
0 0.645 0.325 -0.0008114189829 2
0 0.645 0.335 -0.0009278817418 2
0 0.645 0.345 -0.001012131047 2
0 0.645 0.355 -0.001053927587 2
0 0.645 0.365 -0.00104100445 2
0 0.645 0.375 -0.0009594174473 2
0 0.645 0.385 -0.0007855902227 2
0 0.645 0.395 -0.0005315006874 2
0 0.645 0.405 0 2
0 0.645 0.415 0 2
0 0.645 0.425 0 2
0 0.645 0.435 0 2
0 0.645 0.445 0 2
0 0.645 0.455 0 2
0 0.645 0.465 0 2
0 0.655 -0.455 0 2
0 0.655 -0.445 0 2
0 0.655 -0.435 0 2
0 0.655 -0.425 0 2
0 0.655 -0.415 0 2
0 0.655 -0.405 0 2
0 0.655 -0.395 -0.00059194167 2
0 0.655 -0.385 -0.0008793157124 2
0 0.655 -0.375 -0.001080497453 2
0 0.655 -0.365 -0.001181611251 2
0 0.655 -0.355 -0.001208546014 2
0 0.655 -0.345 -0.001176460236 2
0 0.655 -0.335 -0.001098771074 2
0 0.655 -0.325 -0.0009866936592 2
0 0.655 -0.315 -0.0008495285004 2
0 0.655 -0.305 -0.0006950761084 2
0 0.655 -0.295 -0.0005297782742 2
0 0.655 -0.285 -0.0003588423906 2
0 0.655 -0.275 -0.0001862726051 2
0 0.655 -0.265 -1.490837382e-05 2
0 0.655 -0.255 0.0001534207726 2
0 0.655 -0.245 0.0003176591945 2
0 0.655 -0.235 0.0004772633234 2
0 0.655 -0.225 0.000632003339 2
0 0.655 -0.215 0.0007818720822 2
0 0.655 -0.205 0.0009270863732 2
0 0.655 -0.195 0.001068117736 2
0 0.655 -0.185 0.001205698674 2
0 0.655 -0.175 0.001340752107 2
0 0.655 -0.165 0.001474266927 2
0 0.655 -0.155 0.001607100635 2
0 0.655 -0.145 0.001739815425 2
0 0.655 -0.135 0.001872522399 2
0 0.655 -0.125 0.002004755958 2
0 0.655 -0.115 0.002135376639 2
0 0.655 -0.105 0.002262583688 2
0 0.655 -0.095 0.002384071788 2
0 0.655 -0.085 0.002497380077 2
0 0.655 -0.075 0.002600235274 2
0 0.655 -0.065 0.002690792812 2
0 0.655 -0.055 0.002767732592 2
0 0.655 -0.045 0.002830248338 2
0 0.655 -0.035 0.002877986287 2
0 0.655 -0.025 0.00291098275 2
0 0.655 -0.015 0.00292962969 2
0 0.655 -0.005 0.002934674636 2
0 0.655 0.005 0.002927247274 2
0 0.655 0.015 0.002908882987 2
0 0.655 0.025 0.002881521157 2
0 0.655 0.035 0.002847490677 2
0 0.655 0.045 0.002809268087 2
0 0.655 0.055 0.002769631633 2
0 0.655 0.065 0.002731818434 2
0 0.655 0.075 0.002698134069 2
0 0.655 0.085 0.002660975928 2
0 0.655 0.095 0.002569549026 1
0 0.655 0.105 0.002435683969 1
0 0.655 0.115 0.002296685483 1
0 0.655 0.125 0.002140407077 1
0 0.655 0.135 0.001980932357 1
0 0.655 0.145 0.001817245729 1
0 0.655 0.155 0.0016680118 1
0 0.655 0.165 0.001564381854 2
0 0.655 0.175 0.001476745592 2
0 0.655 0.185 0.001385551823 2
0 0.655 0.195 0.00127048001 2
0 0.655 0.205 0.001140811283 2
0 0.655 0.215 0.0009977889045 2
0 0.655 0.225 0.0008430628763 2
0 0.655 0.235 0.0006778183514 2
0 0.655 0.245 0.0005032974755 2
0 0.655 0.255 0.0003209982414 2
0 0.655 0.265 0.0001328084357 2
0 0.655 0.275 -5.888730131e-05 2
0 0.655 0.285 -0.0002511229713 2
0 0.655 0.295 -0.0004402642552 2
0 0.655 0.305 -0.0006219090621 2
0 0.655 0.315 -0.0007907567949 2
0 0.655 0.325 -0.0009404511129 2
0 0.655 0.335 -0.00106334405 2
0 0.655 0.345 -0.001150288035 2
0 0.655 0.355 -0.001190184658 2
0 0.655 0.365 -0.00116969704 2
0 0.655 0.375 -0.001073674049 2
0 0.655 0.385 -0.0008762515769 2
0 0.655 0.395 -0.0005911596377 2
0 0.655 0.405 0 2
0 0.655 0.415 0 2
0 0.655 0.425 0 2
0 0.655 0.435 0 2
0 0.655 0.445 0 2
0 0.655 0.455 0 2
0 0.655 0.465 0 2
0 0.665 -0.455 0 2
0 0.665 -0.445 0 2
0 0.665 -0.435 0 2
0 0.665 -0.425 0 2
0 0.665 -0.415 0 2
0 0.665 -0.405 0 2
0 0.665 -0.395 -0.0006349534776 2
0 0.665 -0.385 -0.0009443515523 2
0 0.665 -0.375 -0.001162115693 2
0 0.665 -0.365 -0.001273170892 2
0 0.665 -0.355 -0.0013051593 2
0 0.665 -0.345 -0.001274188656 2
0 0.665 -0.335 -0.001194502662 2
0 0.665 -0.325 -0.001077939881 2
0 0.665 -0.315 -0.0009342285478 2
0 0.665 -0.305 -0.0007714247543 2
0 0.665 -0.295 -0.0005960961027 2
0 0.665 -0.285 -0.0004135261792 2
0 0.665 -0.275 -0.0002278408563 2
0 0.665 -0.265 -4.212763656e-05 2
0 0.665 -0.255 0.0001414231552 2
0 0.665 -0.245 0.0003213594695 2
0 0.665 -0.235 0.0004968128438 2
0 0.665 -0.225 0.0006673766601 2
0 0.665 -0.215 0.0008330258581 2
0 0.665 -0.205 0.0009940599235 2
0 0.665 -0.195 0.001151039554 2
0 0.665 -0.185 0.001304696229 2
0 0.665 -0.175 0.001455811798 2
0 0.665 -0.165 0.001605086701 2
0 0.665 -0.155 0.001753002434 2
0 0.665 -0.145 0.001899720493 2
0 0.665 -0.135 0.002044998052 2
0 0.665 -0.125 0.002188127937 2
0 0.665 -0.115 0.002327909337 2
0 0.665 -0.105 0.002462689925 2
0 0.665 -0.095 0.002590498127 2
0 0.665 -0.085 0.002709268012 2
0 0.665 -0.075 0.002817071836 2
0 0.665 -0.065 0.002912300613 2
0 0.665 -0.055 0.002993761007 2
0 0.665 -0.045 0.003060698923 2
0 0.665 -0.035 0.003112777362 2
0 0.665 -0.025 0.003150038228 2
0 0.665 -0.015 0.00317286945 2
0 0.665 -0.005 0.003181983722 2
0 0.665 0.005 0.003178409898 2
0 0.665 0.015 0.003163468139 2
0 0.665 0.025 0.003138762427 2
0 0.665 0.035 0.003106076653 2
0 0.665 0.045 0.003067480788 2
0 0.665 0.055 0.003026187055 2
0 0.665 0.065 0.002984516281 2
0 0.665 0.075 0.002937523073 2
0 0.665 0.085 0.002858455047 1
0 0.665 0.095 0.002724751766 1
0 0.665 0.105 0.002572779263 1
0 0.665 0.115 0.002419118234 1
0 0.665 0.125 0.00226003865 1
0 0.665 0.135 0.002098591706 1
0 0.665 0.145 0.001927577832 1
0 0.665 0.155 0.001766986487 1
0 0.665 0.165 0.001669558942 2
0 0.665 0.175 0.001583872094 2
0 0.665 0.185 0.0014870059 2
0 0.665 0.195 0.001357409487 2
0 0.665 0.205 0.001210421991 2
0 0.665 0.215 0.001049253951 2
0 0.665 0.225 0.000876194036 2
0 0.665 0.235 0.0006929385826 2
0 0.665 0.245 0.0005010127033 2
0 0.665 0.255 0.000302121911 2
0 0.665 0.265 9.830411587e-05 2
0 0.665 0.275 -0.0001079325587 2
0 0.665 0.285 -0.0003135052972 2
0 0.665 0.295 -0.0005146488706 2
0 0.665 0.305 -0.0007067966869 2
0 0.665 0.315 -0.0008844311198 2
0 0.665 0.325 -0.00104090894 2
0 0.665 0.335 -0.00116820644 2
0 0.665 0.345 -0.001256695832 2
0 0.665 0.355 -0.001294666145 2
0 0.665 0.365 -0.001268006432 2
0 0.665 0.375 -0.001160689116 2
0 0.665 0.385 -0.0009451313993 2
0 0.665 0.395 -0.000636424323 2
0 0.665 0.405 0 2
0 0.665 0.415 0 2
0 0.665 0.425 0 2
0 0.665 0.435 0 2
0 0.665 0.445 0 2
0 0.665 0.455 0 2
0 0.665 0.465 0 2
0 0.675 -0.455 0 2
0 0.675 -0.445 0 2
0 0.675 -0.435 0 2
0 0.675 -0.425 0 2
0 0.675 -0.415 0 2
0 0.675 -0.405 0 2
0 0.675 -0.395 -0.0006626953316 2
0 0.675 -0.385 -0.0009863050686 2
0 0.675 -0.375 -0.001214869714 2
0 0.675 -0.365 -0.001332505358 2
0 0.675 -0.355 -0.001368000594 2
0 0.675 -0.345 -0.001338067745 2
0 0.675 -0.335 -0.001257478354 2
0 0.675 -0.325 -0.001138450763 2
0 0.675 -0.315 -0.0009909480451 2
0 0.675 -0.305 -0.0008231330106 2
0 0.675 -0.295 -0.0006415937961 2
0 0.675 -0.285 -0.0004516170399 2
0 0.675 -0.275 -0.0002573877998 2
0 0.675 -0.265 -6.21591105e-05 2
0 0.675 -0.255 0.0001316147934 2
0 0.675 -0.245 0.0003221770768 2
0 0.675 -0.235 0.0005083977108 2
0 0.675 -0.225 0.0006897218855 2
0 0.675 -0.215 0.0008661164584 2
0 0.675 -0.205 0.001037979265 2
0 0.675 -0.195 0.00120599899 2
0 0.675 -0.185 0.001370968442 2
0 0.675 -0.175 0.001533601943 2
0 0.675 -0.165 0.001694387098 2
0 0.675 -0.155 0.001853483628 2
0 0.675 -0.145 0.002010699535 2
0 0.675 -0.135 0.002165482474 2
0 0.675 -0.125 0.002316918708 2
0 0.675 -0.115 0.002463741167 2
0 0.675 -0.105 0.002604377434 2
0 0.675 -0.095 0.002737056589 2
0 0.675 -0.085 0.002859968668 2
0 0.675 -0.075 0.002971434769 2
0 0.675 -0.065 0.003070047134 2
0 0.675 -0.055 0.003154756197 2
0 0.675 -0.045 0.003224903688 2
0 0.675 -0.035 0.00328021576 2
0 0.675 -0.025 0.00332077382 2
0 0.675 -0.015 0.003346978973 2
0 0.675 -0.005 0.003359515762 2
0 0.675 0.005 0.003359322714 2
0 0.675 0.015 0.003347538668 2
0 0.675 0.025 0.003325497954 2
0 0.675 0.035 0.003294509585 2
0 0.675 0.045 0.003256314087 2
0 0.675 0.055 0.003212380307 2
0 0.675 0.065 0.00316604966 2
0 0.675 0.075 0.003099804757 2
0 0.675 0.085 0.002974134953 1
0 0.675 0.095 0.002823756841 1
0 0.675 0.105 0.002668365806 1
0 0.675 0.115 0.002510520599 1
0 0.675 0.125 0.002348770658 1
0 0.675 0.135 0.002180662439 1
0 0.675 0.145 0.002004427559 1
0 0.675 0.155 0.00184378135 1
0 0.675 0.165 0.001752872608 2
0 0.675 0.175 0.001664247066 2
0 0.675 0.185 0.001556005977 2
0 0.675 0.195 0.001415408206 2
0 0.675 0.205 0.001255876785 2
0 0.675 0.215 0.001081639747 2
0 0.675 0.225 0.0008954726127 2
0 0.675 0.235 0.0006994107356 2
0 0.675 0.245 0.0004952100477 2
0 0.675 0.255 0.0002847447071 2
0 0.675 0.265 7.017561393e-05 2
0 0.675 0.275 -0.0001458947961 2
0 0.675 0.285 -0.0003603039294 2
0 0.675 0.295 -0.0005692071173 2
0 0.675 0.305 -0.0007679450557 2
0 0.675 0.315 -0.000950881053 2
0 0.675 0.325 -0.001111214458 2
0 0.675 0.335 -0.001240712939 2
0 0.675 0.345 -0.001329477396 2
0 0.675 0.355 -0.001365444567 2
0 0.675 0.365 -0.001334044511 2
0 0.675 0.375 -0.001218729318 2
0 0.675 0.385 -0.0009908102911 2
0 0.675 0.395 -0.0006663344778 2
0 0.675 0.405 0 2
0 0.675 0.415 0 2
0 0.675 0.425 0 2
0 0.675 0.435 0 2
0 0.675 0.445 0 2
0 0.675 0.455 0 2
0 0.675 0.465 0 2
0 0.685 -0.455 0 2
0 0.685 -0.445 0 2
0 0.685 -0.435 0 2
0 0.685 -0.425 0 2
0 0.685 -0.415 0 2
0 0.685 -0.405 0 2
0 0.685 -0.395 -0.0006745840668 2
0 0.685 -0.385 -0.001004324717 2
0 0.685 -0.375 -0.001237719774 2
0 0.685 -0.365 -0.00135846668 2
0 0.685 -0.355 -0.001395871031 2
0 0.685 -0.345 -0.001366901895 2
0 0.685 -0.335 -0.001286567771 2
0 0.685 -0.325 -0.001167232105 2
0 0.685 -0.315 -0.001018898602 2
0 0.685 -0.305 -0.0008496650551 2
0 0.685 -0.295 -0.0006659917101 2
0 0.685 -0.285 -0.0004730444794 2
0 0.685 -0.275 -0.0002749704057 2
0 0.685 -0.265 -7.511159672e-05 2
0 0.685 -0.255 0.0001238677729 2
0 0.685 -0.245 0.0003199362718 2
0 0.685 -0.235 0.0005117138948 2
0 0.685 -0.225 0.0006985065836 2
0 0.685 -0.215 0.000880306005 2
0 0.685 -0.205 0.001057679575 2
0 0.685 -0.195 0.001231551114 2
0 0.685 -0.185 0.001402882963 2
0 0.685 -0.175 0.001572408746 2
0 0.685 -0.165 0.001740456112 2
0 0.685 -0.155 0.001906868516 2
0 0.685 -0.145 0.002071101334 2
0 0.685 -0.135 0.002232302743 2
0 0.685 -0.125 0.002389365378 2
0 0.685 -0.115 0.00254094592 2
0 0.685 -0.105 0.002685499085 2
0 0.685 -0.095 0.002821362947 2
0 0.685 -0.085 0.002946883937 2
0 0.685 -0.075 0.003060556062 2
0 0.685 -0.065 0.003161136545 2
0 0.685 -0.055 0.003247721211 2
0 0.685 -0.045 0.003319774049 2
0 0.685 -0.035 0.003377120411 2
0 0.685 -0.025 0.003419915132 2
0 0.685 -0.015 0.003448599062 2
0 0.685 -0.005 0.003463849814 2
0 0.685 0.005 0.003466539107 2
0 0.685 0.015 0.003457667728 2
0 0.685 0.025 0.00343835325 2
0 0.685 0.035 0.003409579558 2
0 0.685 0.045 0.003372566592 2
0 0.685 0.055 0.003327230264 2
0 0.685 0.065 0.003273049954 2
0 0.685 0.075 0.003176487971 1
0 0.685 0.085 0.003036049867 1
0 0.685 0.095 0.002880024583 1
0 0.685 0.105 0.002723655686 1
0 0.685 0.115 0.002565215468 1
0 0.685 0.125 0.002401978207 1
0 0.685 0.135 0.002231508297 1
0 0.685 0.145 0.002054395996 1
0 0.685 0.155 0.001897822092 1
0 0.685 0.165 0.001807629551 2
0 0.685 0.175 0.001710921192 2
0 0.685 0.185 0.001591235782 2
0 0.685 0.195 0.001442640649 2
0 0.685 0.205 0.001275376115 2
0 0.685 0.215 0.001093358552 2
0 0.685 0.225 0.0008995493393 2
0 0.685 0.235 0.0006961302443 2
0 0.685 0.245 0.0004850289709 2
0 0.685 0.255 0.0002682478796 2
0 0.685 0.265 4.804276227e-05 2
0 0.685 0.275 -0.0001729208269 2
0 0.685 0.285 -0.0003914405731 2
0 0.685 0.295 -0.0006036472858 2
0 0.685 0.305 -0.0008048640647 2
0 0.685 0.315 -0.0009894361102 2
0 0.685 0.325 -0.001150537715 2
0 0.685 0.335 -0.00127989866 2
0 0.685 0.345 -0.001367562918 2
0 0.685 0.355 -0.00140138442 2
0 0.685 0.365 -0.001366663353 2
0 0.685 0.375 -0.001246708443 2
0 0.685 0.385 -0.001012372158 2
0 0.685 0.395 -0.0006802528085 2
0 0.685 0.405 0 2
0 0.685 0.415 0 2
0 0.685 0.425 0 2
0 0.685 0.435 0 2
0 0.685 0.445 0 2
0 0.685 0.455 0 2
0 0.685 0.465 0 2
0 0.695 -0.455 0 2
0 0.695 -0.445 0 2
0 0.695 -0.435 0 2
0 0.695 -0.425 0 2
0 0.695 -0.415 0 2
0 0.695 -0.405 0 2
0 0.695 -0.395 -0.0006704229031 2
0 0.695 -0.385 -0.0009981590981 2
0 0.695 -0.375 -0.00123039194 2
0 0.695 -0.365 -0.001350771546 2
0 0.695 -0.355 -0.001388478936 2
0 0.695 -0.345 -0.001360398122 2
0 0.695 -0.335 -0.001281505632 2
0 0.695 -0.325 -0.001164098806 2
0 0.695 -0.315 -0.001018036263 2
0 0.695 -0.305 -0.0008511565504 2
0 0.695 -0.295 -0.0006695980146 2
0 0.695 -0.285 -0.0004782305396 2
0 0.695 -0.275 -0.0002810343505 2
0 0.695 -0.265 -8.136771189e-05 2
0 0.695 -0.255 0.0001179099968 2
0 0.695 -0.245 0.0003144600557 2
0 0.695 -0.235 0.0005066014279 2
0 0.695 -0.225 0.0006934712534 2
0 0.695 -0.215 0.0008751306029 2
0 0.695 -0.205 0.001052446577 2
0 0.695 -0.195 0.001226777207 2
0 0.695 -0.185 0.001399422266 2
0 0.695 -0.175 0.001571241199 2
0 0.695 -0.165 0.001742433243 2
0 0.695 -0.155 0.001912447762 2
0 0.695 -0.145 0.002080325488 2
0 0.695 -0.135 0.002244896677 2
0 0.695 -0.125 0.002404873855 2
0 0.695 -0.115 0.002558842743 2
0 0.695 -0.105 0.002705249177 2
0 0.695 -0.095 0.002842469441 2
0 0.695 -0.085 0.002968924269 2
0 0.695 -0.075 0.003083216175 2
0 0.695 -0.065 0.003184233758 2
0 0.695 -0.055 0.00327121642 2
0 0.695 -0.045 0.003343771557 2
0 0.695 -0.035 0.003401857292 2
0 0.695 -0.025 0.00344573806 2
0 0.695 -0.015 0.00347592691 2
0 0.695 -0.005 0.003493120583 2
0 0.695 0.005 0.003498144994 2
0 0.695 0.015 0.003491892828 2
0 0.695 0.025 0.003475293986 2
0 0.695 0.035 0.003449160568 2
0 0.695 0.045 0.003413944675 2
0 0.695 0.055 0.00336999414 2
0 0.695 0.065 0.003308158499 2
0 0.695 0.075 0.00319184917 1
0 0.695 0.085 0.003049599027 1
0 0.695 0.095 0.002894446728 1
0 0.695 0.105 0.002739430466 1
0 0.695 0.115 0.00258231932 1
0 0.695 0.125 0.002418640413 1
0 0.695 0.135 0.002249175141 1
0 0.695 0.145 0.002078184171 1
0 0.695 0.155 0.001941159677 2
0 0.695 0.165 0.001829738524 2
0 0.695 0.175 0.00172041882 2
0 0.695 0.185 0.001592398359 2
0 0.695 0.195 0.001439015803 2
0 0.695 0.205 0.001268616378 2
0 0.695 0.215 0.001083981596 2
0 0.695 0.225 0.0008879049236 2
0 0.695 0.235 0.000682547551 2
0 0.695 0.245 0.000469930001 2
0 0.695 0.255 0.0002521315771 2
0 0.695 0.265 3.146512139e-05 2
0 0.695 0.275 -0.0001893790137 2
0 0.695 0.285 -0.000407204389 2
0 0.695 0.295 -0.0006181762099 2
0 0.695 0.305 -0.000817677589 2
0 0.695 0.315 -0.001000137648 2
0 0.695 0.325 -0.001158837989 2
0 0.695 0.335 -0.001285640988 2
0 0.695 0.345 -0.001370748671 2
0 0.695 0.355 -0.001402205144 2
0 0.695 0.365 -0.001365517514 2
0 0.695 0.375 -0.001244243472 2
0 0.695 0.385 -0.001009447778 2
0 0.695 0.395 -0.0006778921634 2
0 0.695 0.405 0 2
0 0.695 0.415 0 2
0 0.695 0.425 0 2
0 0.695 0.435 0 2
0 0.695 0.445 0 2
0 0.695 0.455 0 2
0 0.695 0.465 0 2
0 0.705 -0.455 0 2
0 0.705 -0.445 0 2
0 0.705 -0.435 0 2
0 0.705 -0.425 0 2
0 0.705 -0.415 0 2
0 0.705 -0.405 0 2
0 0.705 -0.395 -0.0006504351297 2
0 0.705 -0.385 -0.0009682117059 2
0 0.705 -0.375 -0.001193449919 2
0 0.705 -0.365 -0.00131008134 2
0 0.705 -0.355 -0.001346515762 2
0 0.705 -0.345 -0.001319224789 2
0 0.705 -0.335 -0.001242926329 2
0 0.705 -0.325 -0.00112969045 2
0 0.705 -0.315 -0.0009890752837 2
0 0.705 -0.305 -0.0008284419098 2
0 0.705 -0.295 -0.0006533551326 2
0 0.705 -0.285 -0.0004681466724 2
0 0.705 -0.275 -0.0002764649536 2
0 0.705 -0.265 -8.16120321e-05 2
0 0.705 -0.255 0.0001133348027 2
0 0.705 -0.245 0.0003056312897 2
0 0.705 -0.235 0.0004931679643 2
0 0.705 -0.225 0.0006748142872 2
0 0.705 -0.215 0.0008507311134 2
0 0.705 -0.205 0.001022263714 2
0 0.705 -0.195 0.001191531614 2
0 0.705 -0.185 0.001360406211 2
0 0.705 -0.175 0.001530015751 2
0 0.705 -0.165 0.001700470925 2
0 0.705 -0.155 0.001870607021 2
0 0.705 -0.145 0.002038910582 2
0 0.705 -0.135 0.002203869602 2
0 0.705 -0.125 0.002364059436 2
0 0.705 -0.115 0.002518033093 2
0 0.705 -0.105 0.002664197081 2
0 0.705 -0.095 0.002800896265 2
0 0.705 -0.085 0.002926541697 2
0 0.705 -0.075 0.003039784177 2
0 0.705 -0.065 0.003139615193 2
0 0.705 -0.055 0.003225421087 2
0 0.705 -0.045 0.003296977345 2
0 0.705 -0.035 0.003354412677 2
0 0.705 -0.025 0.003398143287 2
0 0.705 -0.015 0.00342879402 2
0 0.705 -0.005 0.003447109164 2
0 0.705 0.005 0.003453881724 2
0 0.705 0.015 0.003449898492 2
0 0.705 0.025 0.003435894083 2
0 0.705 0.035 0.003412581332 2
0 0.705 0.045 0.003379782951 2
0 0.705 0.055 0.003339136878 2
0 0.705 0.065 0.003275457144 2
0 0.705 0.075 0.00315519114 1
0 0.705 0.085 0.003015227963 1
0 0.705 0.095 0.002865279092 1
0 0.705 0.105 0.002715186319 1
0 0.705 0.115 0.00256102385 1
0 0.705 0.125 0.002399559543 1
0 0.705 0.135 0.002234843713 1
0 0.705 0.145 0.002072944303 1
0 0.705 0.155 0.001939800799 2
0 0.705 0.165 0.001816474871 2
0 0.705 0.175 0.001695304871 2
0 0.705 0.185 0.001560204837 2
0 0.705 0.195 0.001405859343 2
0 0.705 0.205 0.001236594272 2
0 0.705 0.215 0.001054102217 2
0 0.705 0.225 0.0008607811311 2
0 0.705 0.235 0.0006586375669 2
0 0.705 0.245 0.000449684893 2
0 0.705 0.255 0.0002360145676 2
0 0.705 0.265 1.994492409e-05 2
0 0.705 0.275 -0.000195857035 2
0 0.705 0.285 -0.0004082531906 2
0 0.705 0.295 -0.0006135060403 2
0 0.705 0.305 -0.0008071376298 2
0 0.705 0.315 -0.0009837618191 2
0 0.705 0.325 -0.001136896426 2
0 0.705 0.335 -0.001258701878 2
0 0.705 0.345 -0.001339747714 2
0 0.705 0.355 -0.001368537419 2
0 0.705 0.365 -0.00133112137 2
0 0.705 0.375 -0.001211707133 2
0 0.705 0.385 -0.0009822557423 2
0 0.705 0.395 -0.0006593406978 2
0 0.705 0.405 0 2
0 0.705 0.415 0 2
0 0.705 0.425 0 2
0 0.705 0.435 0 2
0 0.705 0.445 0 2
0 0.705 0.455 0 2
0 0.705 0.465 0 2
0 0.715 -0.455 0 2
0 0.715 -0.445 0 2
0 0.715 -0.435 0 2
0 0.715 -0.425 0 2
0 0.715 -0.415 0 2
0 0.715 -0.405 0 2
0 0.715 -0.395 -0.0006152954581 2
0 0.715 -0.385 -0.0009155960168 2
0 0.715 -0.375 -0.001128370914 2
0 0.715 -0.365 -0.001238085202 2
0 0.715 -0.355 -0.00127172362 2
0 0.715 -0.345 -0.001245038798 2
0 0.715 -0.335 -0.001172339492 2
0 0.715 -0.325 -0.001065408556 2
0 0.715 -0.315 -0.0009334259968 2
0 0.715 -0.305 -0.0007830212245 2
0 0.715 -0.295 -0.0006188456818 2
0 0.715 -0.285 -0.0004443446512 2
0 0.715 -0.275 -0.0002626251713 2
0 0.715 -0.265 -7.686001913e-05 2
0 0.715 -0.255 0.0001095917026 2
0 0.715 -0.245 0.0002933840938 2
0 0.715 -0.235 0.0004717204066 2
0 0.715 -0.225 0.0006429582245 2
0 0.715 -0.215 0.0008073638505 2
0 0.715 -0.205 0.0009670401327 2
0 0.715 -0.195 0.001125549563 2
0 0.715 -0.185 0.001285660045 2
0 0.715 -0.175 0.001448929215 2
0 0.715 -0.165 0.001615463117 2
0 0.715 -0.155 0.00178281536 2
0 0.715 -0.145 0.001948640021 2
0 0.715 -0.135 0.002111104811 2
0 0.715 -0.125 0.002268822054 2
0 0.715 -0.115 0.002420457 2
0 0.715 -0.105 0.002564339435 2
0 0.715 -0.095 0.002698682099 2
0 0.715 -0.085 0.002821775181 2
0 0.715 -0.075 0.002932259018 2
0 0.715 -0.065 0.003029210571 2
0 0.715 -0.055 0.003112180037 2
0 0.715 -0.045 0.003181144604 2
0 0.715 -0.035 0.003236449848 2
0 0.715 -0.025 0.003278716013 2
0 0.715 -0.015 0.003308732805 2
0 0.715 -0.005 0.003327328016 2
0 0.715 0.005 0.003335272355 2
0 0.715 0.015 0.003333225596 2
0 0.715 0.025 0.003321689043 2
0 0.715 0.035 0.00330121644 2
0 0.715 0.045 0.003271413394 2
0 0.715 0.055 0.003234660698 2
0 0.715 0.065 0.003177730614 2
0 0.715 0.075 0.003073108403 1
0 0.715 0.085 0.002939389507 1
0 0.715 0.095 0.002795269713 1
0 0.715 0.105 0.002649703033 1
0 0.715 0.115 0.002504906888 1
0 0.715 0.125 0.002350040081 1
0 0.715 0.135 0.002190688834 1
0 0.715 0.145 0.00203532089 2
0 0.715 0.155 0.001890507524 2
0 0.715 0.165 0.001762856119 2
0 0.715 0.175 0.001636101305 2
0 0.715 0.185 0.001496990145 2
0 0.715 0.195 0.001345430343 2
0 0.715 0.205 0.001181107944 2
0 0.715 0.215 0.001005020497 2
0 0.715 0.225 0.0008189914258 2
0 0.715 0.235 0.0006247867759 2
0 0.715 0.245 0.0004243121349 2
0 0.715 0.255 0.0002195986202 2
0 0.715 0.265 1.290803502e-05 2
0 0.715 0.275 -0.0001931724066 2
0 0.715 0.285 -0.0003956209966 2
0 0.715 0.295 -0.0005908629613 2
0 0.715 0.305 -0.0007746375012 2
0 0.715 0.315 -0.0009418399474 2
0 0.715 0.325 -0.001086345715 2
0 0.715 0.335 -0.001200768079 2
0 0.715 0.345 -0.001276240509 2
0 0.715 0.355 -0.001301982008 2
0 0.715 0.365 -0.0012649115 2
0 0.715 0.375 -0.00115028697 2
0 0.715 0.385 -0.0009316494418 2
0 0.715 0.395 -0.0006250910286 2
0 0.715 0.405 0 2
0 0.715 0.415 0 2
0 0.715 0.425 0 2
0 0.715 0.435 0 2
0 0.715 0.445 0 2
0 0.715 0.455 0 2
0 0.715 0.465 0 2
0 0.725 -0.455 0 2
0 0.725 -0.445 0 2
0 0.725 -0.435 0 2
0 0.725 -0.425 0 2
0 0.725 -0.415 0 2
0 0.725 -0.405 0 2
0 0.725 -0.395 -0.0005661428146 2
0 0.725 -0.385 -0.000842167571 2
0 0.725 -0.375 -0.001037605049 2
0 0.725 -0.365 -0.001137595676 2
0 0.725 -0.355 -0.001167028702 2
0 0.725 -0.345 -0.001140639028 2
0 0.725 -0.335 -0.001072269624 2
0 0.725 -0.325 -0.0009735218469 2
0 0.725 -0.315 -0.0008532865007 2
0 0.725 -0.305 -0.0007171411601 2
0 0.725 -0.295 -0.0005683601406 2
0 0.725 -0.285 -0.0004089959378 2
0 0.725 -0.275 -0.0002413788633 2
0 0.725 -0.265 -6.848834125e-05 2
0 0.725 -0.255 0.0001059215833 2
0 0.725 -0.245 0.0002776715634 2
0 0.725 -0.235 0.0004429747369 2
0 0.725 -0.225 0.000599338862 2
0 0.725 -0.215 0.0007470530293 2
0 0.725 -0.205 0.0008891451851 2
0 0.725 -0.195 0.001031519518 2
0 0.725 -0.185 0.001177844234 2
0 0.725 -0.175 0.001330394881 2
0 0.725 -0.165 0.001490014395 2
0 0.725 -0.155 0.001651871612 2
0 0.725 -0.145 0.00181233883 2
0 0.725 -0.135 0.001969449469 2
0 0.725 -0.125 0.002122053739 2
0 0.725 -0.115 0.002269182251 2
0 0.725 -0.105 0.00240895446 2
0 0.725 -0.095 0.002539291769 2
0 0.725 -0.085 0.002658182313 2
0 0.725 -0.075 0.002764206073 2
0 0.725 -0.065 0.002856537568 2
0 0.725 -0.055 0.00293493762 2
0 0.725 -0.045 0.002999631995 2
0 0.725 -0.035 0.00305123918 2
0 0.725 -0.025 0.003090648853 2
0 0.725 -0.015 0.00311889515 2
0 0.725 -0.005 0.003136943856 2
0 0.725 0.005 0.003145564784 2
0 0.725 0.015 0.003145262645 2
0 0.725 0.025 0.003136260385 2
0 0.725 0.035 0.003118839748 2
0 0.725 0.045 0.003092623464 2
0 0.725 0.055 0.003060746982 2
0 0.725 0.065 0.003014781366 2
0 0.725 0.075 0.002941974132 1
0 0.725 0.085 0.002822013069 1
0 0.725 0.095 0.002690121625 1
0 0.725 0.105 0.002550715784 1
0 0.725 0.115 0.002412756261 1
0 0.725 0.125 0.002259222378 1
0 0.725 0.135 0.002100400616 2
0 0.725 0.145 0.001939770107 2
0 0.725 0.155 0.001797410209 2
0 0.725 0.165 0.001669020217 2
0 0.725 0.175 0.001541304247 2
0 0.725 0.185 0.001405474755 2
0 0.725 0.195 0.001260172612 2
0 0.725 0.205 0.001104303415 2
0 0.725 0.215 0.0009384050502 2
0 0.725 0.225 0.0007636876521 2
0 0.725 0.235 0.0005816392775 2
0 0.725 0.245 0.0003939796573 2
0 0.725 0.255 0.0002026106365 2
0 0.725 0.265 9.673193654e-06 2
0 0.725 0.275 -0.0001823850437 2
0 0.725 0.285 -0.00037071908 2
0 0.725 0.295 -0.0005519820934 2
0 0.725 0.305 -0.0007222052553 2
0 0.725 0.315 -0.0008766548255 2
0 0.725 0.325 -0.001009673379 2
0 0.725 0.335 -0.001114465028 2
0 0.725 0.345 -0.001182901788 2
0 0.725 0.355 -0.001205149639 2
0 0.725 0.365 -0.001169295947 2
0 0.725 0.375 -0.001062036587 2
0 0.725 0.385 -0.0008591593437 2
0 0.725 0.395 -0.0005760660029 2
0 0.725 0.405 0 2
0 0.725 0.415 0 2
0 0.725 0.425 0 2
0 0.725 0.435 0 2
0 0.725 0.445 0 2
0 0.725 0.455 0 2
0 0.725 0.465 0 2
0 0.735 -0.455 0 2
0 0.735 -0.445 0 2
0 0.735 -0.435 0 2
0 0.735 -0.425 0 2
0 0.735 -0.415 0 2
0 0.735 -0.405 0 2
0 0.735 -0.395 -0.0005046049886 2
0 0.735 -0.385 -0.0007505824952 2
0 0.735 -0.375 -0.0009246872536 2
0 0.735 -0.365 -0.001012702634 2
0 0.735 -0.355 -0.001036654017 2
0 0.735 -0.345 -0.001009885957 2
0 0.735 -0.335 -0.0009458808107 2
0 0.735 -0.325 -0.0008565443621 2
0 0.735 -0.315 -0.000751063693 2
0 0.735 -0.305 -0.0006334105754 2
0 0.735 -0.295 -0.0005047402895 2
0 0.735 -0.285 -0.000364824303 2
0 0.735 -0.275 -0.0002150452282 2
0 0.735 -0.265 -5.820135556e-05 2
0 0.735 -0.255 0.0001013911745 2
0 0.735 -0.245 0.0002584257855 2
0 0.735 -0.235 0.0004077904861 2
0 0.735 -0.225 0.0005448093522 2
0 0.735 -0.215 0.000669287985 2
0 0.735 -0.205 0.0007850568272 2
0 0.735 -0.195 0.0009049128152 2
0 0.735 -0.185 0.001032783475 2
0 0.735 -0.175 0.001171864145 2
0 0.735 -0.165 0.001326678182 2
0 0.735 -0.155 0.001482604705 2
0 0.735 -0.145 0.001635048251 2
0 0.735 -0.135 0.001783515779 2
0 0.735 -0.125 0.001928163624 2
0 0.735 -0.115 0.002068852595 2
0 0.735 -0.105 0.002203003788 2
0 0.735 -0.095 0.002327918684 2
0 0.735 -0.085 0.002441030771 2
0 0.735 -0.075 0.002540878257 2
0 0.735 -0.065 0.002626801208 2
0 0.735 -0.055 0.002698848476 2
0 0.735 -0.045 0.002757536035 2
0 0.735 -0.035 0.002803807774 2
0 0.735 -0.025 0.002838896284 2
0 0.735 -0.015 0.002864207418 2
0 0.735 -0.005 0.00288092707 2
0 0.735 0.005 0.002889866513 2
0 0.735 0.015 0.002891341748 2
0 0.735 0.025 0.002885238913 2
0 0.735 0.035 0.002871422805 2
0 0.735 0.045 0.002849442738 2
0 0.735 0.055 0.002823003405 2
0 0.735 0.065 0.002787692378 2
0 0.735 0.075 0.002741050302 2
0 0.735 0.085 0.002650372655 1
0 0.735 0.095 0.002533702942 1
0 0.735 0.105 0.002402309546 1
0 0.735 0.115 0.00226047203 2
0 0.735 0.125 0.00210782047 2
0 0.735 0.135 0.001946387688 2
0 0.735 0.145 0.001797628989 2
0 0.735 0.155 0.001665137097 2
0 0.735 0.165 0.001540805786 2
0 0.735 0.175 0.001416671128 2
0 0.735 0.185 0.001288259157 2
0 0.735 0.195 0.001152599263 2
0 0.735 0.205 0.001008507597 2
0 0.735 0.215 0.000856134707 2
0 0.735 0.225 0.0006962341309 2
0 0.735 0.235 0.0005300087031 2
0 0.735 0.245 0.0003589472129 2
0 0.735 0.255 0.0001847671386 2
0 0.735 0.265 9.430860284e-06 2
0 0.735 0.275 -0.0001648105072 2
0 0.735 0.285 -0.0003353465258 2
0 0.735 0.295 -0.0004991196802 2
0 0.735 0.305 -0.0006525212877 2
0 0.735 0.315 -0.0007912673404 2
0 0.735 0.325 -0.0009102610506 2
0 0.735 0.335 -0.001003412392 2
0 0.735 0.345 -0.001063475191 2
0 0.735 0.355 -0.0010817552 2
0 0.735 0.365 -0.001047763292 2
0 0.735 0.375 -0.0009499883914 2
0 0.735 0.385 -0.0007670899907 2
0 0.735 0.395 -0.0005136832586 2
0 0.735 0.405 0 2
0 0.735 0.415 0 2
0 0.735 0.425 0 2
0 0.735 0.435 0 2
0 0.735 0.445 0 2
0 0.735 0.455 0 2
0 0.735 0.465 0 2
0 0.745 -0.455 0 2
0 0.745 -0.445 0 2
0 0.745 -0.435 0 2
0 0.745 -0.425 0 2
0 0.745 -0.415 0 2
0 0.745 -0.405 0 2
0 0.745 -0.395 -0.0004327260105 2
0 0.745 -0.385 -0.0006442111885 2
0 0.745 -0.375 -0.0007941182745 2
0 0.745 -0.365 -0.0008686631412 2
0 0.745 -0.355 -0.0008862186325 2
0 0.745 -0.345 -0.0008584011181 2
0 0.745 -0.335 -0.0007984159552 2
0 0.745 -0.325 -0.0007191826519 2
0 0.745 -0.315 -0.0006311937976 2
0 0.745 -0.305 -0.0005358381575 2
0 0.745 -0.295 -0.000431569111 2
0 0.745 -0.285 -0.0003148433371 2
0 0.745 -0.275 -0.0001861470302 2
0 0.745 -0.265 -4.790867365e-05 2
0 0.745 -0.255 9.487430627e-05 2
0 0.745 -0.245 0.0002351373633 2
0 0.745 -0.235 0.0003657034996 2
0 0.745 -0.225 0.0004812253929 2
0 0.745 -0.215 0.0005809891999 2
0 0.745 -0.205 0.00067164811 2
0 0.745 -0.195 0.0007701357001 2
0 0.745 -0.185 0.0008752218418 2
0 0.745 -0.175 0.0009906947232 2
0 0.745 -0.165 0.001130392754 2
0 0.745 -0.155 0.00127834307 2
0 0.745 -0.145 0.001419991555 2
0 0.745 -0.135 0.001557046118 2
0 0.745 -0.125 0.00169066682 2
0 0.745 -0.115 0.001823937993 2
0 0.745 -0.105 0.001951992193 2
0 0.745 -0.095 0.002070751138 2
0 0.745 -0.085 0.00217670575 2
0 0.745 -0.075 0.00226863728 2
0 0.745 -0.065 0.002346297808 2
0 0.745 -0.055 0.002410180049 2
0 0.745 -0.045 0.002461076896 2
0 0.745 -0.035 0.002500279701 2
0 0.745 -0.025 0.002529436127 2
0 0.745 -0.015 0.002550564934 2
0 0.745 -0.005 0.002565196154 2
0 0.745 0.005 0.002574261693 2
0 0.745 0.015 0.002577825944 2
0 0.745 0.025 0.00257532478 2
0 0.745 0.035 0.002565947459 2
0 0.745 0.045 0.002549017155 2
0 0.745 0.055 0.002527302131 2
0 0.745 0.065 0.002499494691 2
0 0.745 0.075 0.002462869724 2
0 0.745 0.085 0.002403451857 2
0 0.745 0.095 0.002303526975 2
0 0.745 0.105 0.00218107876 2
0 0.745 0.115 0.002036127615 2
0 0.745 0.125 0.001893819552 2
0 0.745 0.135 0.001749685191 2
0 0.745 0.145 0.001617472727 2
0 0.745 0.155 0.001496185226 2
0 0.745 0.165 0.001380305729 2
0 0.745 0.175 0.001265627798 2
0 0.745 0.185 0.001148109333 2
0 0.745 0.195 0.001025281622 2
0 0.745 0.205 0.0008959897219 2
0 0.745 0.215 0.000760072855 2
0 0.745 0.225 0.0006180036354 2
0 0.745 0.235 0.000470715218 2
0 0.745 0.245 0.0003194513923 2
0 0.745 0.255 0.0001657079634 2
0 0.745 0.265 1.122285795e-05 2
0 0.745 0.275 -0.000141998597 2
0 0.745 0.285 -0.0002916320666 2
0 0.745 0.295 -0.0004349638785 2
0 0.745 0.305 -0.0005688047175 2
0 0.745 0.315 -0.0006893864268 2
0 0.745 0.325 -0.0007922479201 2
0 0.745 0.335 -0.0008720932894 2
0 0.745 0.345 -0.0009226620866 2
0 0.745 0.355 -0.0009365387172 2
0 0.745 0.365 -0.000904841594 2
0 0.745 0.375 -0.0008181455278 2
0 0.745 0.385 -0.0006585256605 2
0 0.745 0.395 -0.0004398575149 2
0 0.745 0.405 0 2
0 0.745 0.415 0 2
0 0.745 0.425 0 2
0 0.745 0.435 0 2
0 0.745 0.445 0 2
0 0.745 0.455 0 2
0 0.745 0.465 0 2
0 0.755 -0.455 0 2
0 0.755 -0.445 0 2
0 0.755 -0.435 0 2
0 0.755 -0.425 0 2
0 0.755 -0.415 0 2
0 0.755 -0.405 0 2
0 0.755 -0.395 -0.0003531580071 2
0 0.755 -0.385 -0.0005273780987 2
0 0.755 -0.375 -0.0006516916773 2
0 0.755 -0.365 -0.0007124614352 2
0 0.755 -0.355 -0.0007236206053 2
0 0.755 -0.345 -0.0006934931932 2
0 0.755 -0.335 -0.0006340317037 2
0 0.755 -0.325 -0.0005608229938 2
0 0.755 -0.315 -0.0004933692396 2
0 0.755 -0.305 -0.0004263375786 2
0 0.755 -0.295 -0.00035286479 2
0 0.755 -0.285 -0.0002621144496 2
0 0.755 -0.275 -0.0001566502829 2
0 0.755 -0.265 -3.931064412e-05 2
0 0.755 -0.255 8.512511105e-05 2
0 0.755 -0.245 0.0002075777436 2
0 0.755 -0.235 0.0003176029007 2
0 0.755 -0.225 0.0004083068691 2
0 0.755 -0.215 0.0004832807978 2
0 0.755 -0.205 0.0005532344928 1
0 0.755 -0.195 0.000633857773 1
0 0.755 -0.185 0.0007181397714 1
0 0.755 -0.175 0.0008075073369 1
0 0.755 -0.165 0.0009214604351 2
0 0.755 -0.155 0.001055682044 2
0 0.755 -0.145 0.001179272581 2
0 0.755 -0.135 0.001299251561 2
0 0.755 -0.125 0.00141848616 2
0 0.755 -0.115 0.001544023524 2
0 0.755 -0.105 0.001665518367 2
0 0.755 -0.095 0.00177708264 2
0 0.755 -0.085 0.001874051943 2
0 0.755 -0.075 0.00195609605 2
0 0.755 -0.065 0.002023635101 2
0 0.755 -0.055 0.002077668144 2
0 0.755 -0.045 0.002119133884 2
0 0.755 -0.035 0.002149610088 2
0 0.755 -0.025 0.002171156425 2
0 0.755 -0.015 0.002186873764 2
0 0.755 -0.005 0.002198736922 2
0 0.755 0.005 0.002207904577 2
0 0.755 0.015 0.002214077381 2
0 0.755 0.025 0.002216104907 2
0 0.755 0.035 0.002211861068 2
0 0.755 0.045 0.002200362807 2
0 0.755 0.055 0.002181493406 2
0 0.755 0.065 0.00215655824 2
0 0.755 0.075 0.002123367427 2
0 0.755 0.085 0.002076534223 2
0 0.755 0.095 0.001994940898 2
0 0.755 0.105 0.001887179352 2
0 0.755 0.115 0.001759703963 2
0 0.755 0.125 0.00163621964 2
0 0.755 0.135 0.001516508365 2
0 0.755 0.145 0.001403380257 2
0 0.755 0.155 0.001296572907 2
0 0.755 0.165 0.001193859106 2
0 0.755 0.175 0.001092184321 2
0 0.755 0.185 0.0009887081635 2
0 0.755 0.195 0.0008815212905 2
0 0.755 0.205 0.0007695701444 2
0 0.755 0.215 0.000652554752 2
0 0.755 0.225 0.0005307545333 2
0 0.755 0.235 0.0004048698772 2
0 0.755 0.245 0.0002759069701 2
0 0.755 0.255 0.0001451203632 2
0 0.755 0.265 1.399220091e-05 2
0 0.755 0.275 -0.0001157557398 2
0 0.755 0.285 -0.0002421264241 2
0 0.755 0.295 -0.0003627938642 2
0 0.755 0.305 -0.0004750347951 2
0 0.755 0.315 -0.0005756470266 2
0 0.755 0.325 -0.0006608586705 2
0 0.755 0.335 -0.0007262256221 2
0 0.755 0.345 -0.000766531329 2
0 0.755 0.355 -0.0007757106106 2
0 0.755 0.365 -0.0007465728856 2
0 0.755 0.375 -0.0006719647713 2
0 0.755 0.385 -0.0005377644286 2
0 0.755 0.395 -0.0003573134913 2
0 0.755 0.405 0 2
0 0.755 0.415 0 2
0 0.755 0.425 0 2
0 0.755 0.435 0 2
0 0.755 0.445 0 2
0 0.755 0.455 0 2
0 0.755 0.465 0 2
0 0.765 -0.455 0 2
0 0.765 -0.445 0 2
0 0.765 -0.435 0 2
0 0.765 -0.425 0 2
0 0.765 -0.415 0 2
0 0.765 -0.405 0 2
0 0.765 -0.395 -0.0002686150539 2
0 0.765 -0.385 -0.0004045311522 2
0 0.765 -0.375 -0.0005033721493 2
0 0.765 -0.365 -0.0005512865396 2
0 0.765 -0.355 -0.0005554628944 2
0 0.765 -0.345 -0.0005221851833 2
0 0.765 -0.335 -0.0004640408565 2
0 0.765 -0.325 -0.0004046603338 2
0 0.765 -0.315 -0.0003602277471 2
0 0.765 -0.305 -0.0003156985693 2
0 0.765 -0.295 -0.0002689148562 2
0 0.765 -0.285 -0.0002062144174 2
0 0.765 -0.275 -0.0001290981429 2
0 0.765 -0.265 -3.412300113e-05 2
0 0.765 -0.255 7.303873252e-05 2
0 0.765 -0.245 0.0001764366677 2
0 0.765 -0.235 0.0002615167043 2
0 0.765 -0.225 0.0003252287279 2
0 0.765 -0.215 0.0003799990957 1
0 0.765 -0.205 0.0004473166232 1
0 0.765 -0.195 0.0005137936586 1
0 0.765 -0.185 0.0005811411416 1
0 0.765 -0.175 0.0006478592249 1
0 0.765 -0.165 0.000711355254 1
0 0.765 -0.155 0.0008162567118 2
0 0.765 -0.145 0.0009071097349 2
0 0.765 -0.135 0.001000371582 2
0 0.765 -0.125 0.001102915008 2
0 0.765 -0.115 0.001229527242 2
0 0.765 -0.105 0.001349203147 2
0 0.765 -0.095 0.001454331261 2
0 0.765 -0.085 0.001539588013 2
0 0.765 -0.075 0.001609462616 2
0 0.765 -0.065 0.001665145907 2
0 0.765 -0.055 0.001707860884 2
0 0.765 -0.045 0.001738314122 2
0 0.765 -0.035 0.001758131348 2
0 0.765 -0.025 0.001769532321 2
0 0.765 -0.015 0.001778077245 2
0 0.765 -0.005 0.001786253724 2
0 0.765 0.005 0.001795744643 2
0 0.765 0.015 0.001805645221 2
0 0.765 0.025 0.001814118494 2
0 0.765 0.035 0.001815991865 2
0 0.765 0.045 0.001809961374 2
0 0.765 0.055 0.001795720274 2
0 0.765 0.065 0.001773266807 2
0 0.765 0.075 0.001740450305 2
0 0.765 0.085 0.001693577983 2
0 0.765 0.095 0.001626939097 2
0 0.765 0.105 0.001543553152 2
0 0.765 0.115 0.00144806739 2
0 0.765 0.125 0.001350010833 2
0 0.765 0.135 0.001252954881 2
0 0.765 0.145 0.001159803495 2
0 0.765 0.155 0.00107071499 2
0 0.765 0.165 0.0009844102248 2
0 0.765 0.175 0.00089895365 2
0 0.765 0.185 0.0008124307331 2
0 0.765 0.195 0.0007234155123 2
0 0.765 0.205 0.0006310454066 2
0 0.765 0.215 0.0005350218802 2
0 0.765 0.225 0.0004355026394 2
0 0.765 0.235 0.0003329998281 2
0 0.765 0.245 0.0002282975022 2
0 0.765 0.255 0.0001224014907 2
0 0.765 0.265 1.651769828e-05 2
0 0.765 0.275 -8.794409957e-05 2
0 0.765 0.285 -0.0001893469923 2
0 0.765 0.295 -0.0002857882019 2
0 0.765 0.305 -0.0003750479169 2
0 0.765 0.315 -0.0004545285782 2
0 0.765 0.325 -0.0005211858413 2
0 0.765 0.335 -0.0005714627825 2
0 0.765 0.345 -0.0006012096029 2
0 0.765 0.355 -0.0006057220303 2
0 0.765 0.365 -0.0005794487317 2
0 0.765 0.375 -0.0005175116135 2
0 0.765 0.385 -0.000409688114 2
0 0.765 0.395 -0.000269159142 2
0 0.765 0.405 0 2
0 0.765 0.415 0 2
0 0.765 0.425 0 2
0 0.765 0.435 0 2
0 0.765 0.445 0 2
0 0.765 0.455 0 2
0 0.765 0.465 0 2
0 0.775 -0.455 0 2
0 0.775 -0.445 0 2
0 0.775 -0.435 0 2
0 0.775 -0.425 0 2
0 0.775 -0.415 0 2
0 0.775 -0.405 0 2
0 0.775 -0.395 -0.0001840651415 2
0 0.775 -0.385 -0.0002830240379 2
0 0.775 -0.375 -0.0003580253003 2
0 0.775 -0.365 -0.0003947589526 2
0 0.775 -0.355 -0.0003943716869 2
0 0.775 -0.345 -0.0003613062513 2
0 0.775 -0.335 -0.0003082720753 2
0 0.775 -0.325 -0.0002697125003 1
0 0.775 -0.315 -0.0002453936245 1
0 0.775 -0.305 -0.0002156785297 1
0 0.775 -0.295 -0.0001849604698 2
0 0.775 -0.285 -0.0001470112159 2
0 0.775 -0.275 -0.0001009215465 2
0 0.775 -0.265 -3.220266442e-05 2
0 0.775 -0.255 5.672138302e-05 2
0 0.775 -0.245 0.0001423153405 2
0 0.775 -0.235 0.000201746896 2
0 0.775 -0.225 0.0002448192374 1
0 0.775 -0.215 0.0002931846056 1
0 0.775 -0.205 0.0003466279787 1
0 0.775 -0.195 0.0003993351288 1
0 0.775 -0.185 0.0004505472183 1
0 0.775 -0.175 0.0004968010399 1
0 0.775 -0.165 0.0005364179173 1
0 0.775 -0.155 0.0005903214469 2
0 0.775 -0.145 0.0006498130453 2
0 0.775 -0.135 0.0007150903748 2
0 0.775 -0.125 0.0007928369318 2
0 0.775 -0.115 0.0009152432699 2
0 0.775 -0.105 0.001025559987 2
0 0.775 -0.095 0.001118880203 2
0 0.775 -0.085 0.001189680574 2
0 0.775 -0.075 0.001245162534 2
0 0.775 -0.065 0.001287680696 2
0 0.775 -0.055 0.001318351919 2
0 0.775 -0.045 0.001337213043 2
0 0.775 -0.035 0.001345856877 2
0 0.775 -0.025 0.001345479653 2
0 0.775 -0.015 0.001346635443 2
0 0.775 -0.005 0.001351078162 2
0 0.775 0.005 0.001360983627 2
0 0.775 0.015 0.001374909804 2
0 0.775 0.025 0.001391548006 2
0 0.775 0.035 0.001399444284 2
0 0.775 0.045 0.001398002595 2
0 0.775 0.055 0.001387463718 2
0 0.775 0.065 0.001369068684 2
0 0.775 0.075 0.001341892285 2
0 0.775 0.085 0.001303998569 2
0 0.775 0.095 0.001252938551 2
0 0.775 0.105 0.001190248864 2
0 0.775 0.115 0.001119203478 2
0 0.775 0.125 0.001045183377 2
0 0.775 0.135 0.0009712603651 2
0 0.775 0.145 0.0008994155038 2
0 0.775 0.155 0.0008299514551 2
0 0.775 0.165 0.0007622253271 2
0 0.775 0.175 0.0006950930407 2
0 0.775 0.185 0.00062734895 2
0 0.775 0.195 0.0005580192979 2
0 0.775 0.205 0.0004864876996 2
0 0.775 0.215 0.0004125162745 2
0 0.775 0.225 0.0003361978009 2
0 0.775 0.235 0.0002578970336 2
0 0.775 0.245 0.0001781960355 2
0 0.775 0.255 9.785707815e-05 2
0 0.775 0.265 1.780465243e-05 2
0 0.775 0.275 -6.087479397e-05 2
0 0.775 0.285 -0.0001369185833 2
0 0.775 0.295 -0.0002088618665 2
0 0.775 0.305 -0.0002750020256 2
0 0.775 0.315 -0.0003333572654 2
0 0.775 0.325 -0.0003816169461 2
0 0.775 0.335 -0.0004171073103 2
0 0.775 0.345 -0.000436720902 2
0 0.775 0.355 -0.0004370517138 2
0 0.775 0.365 -0.0004140213099 2
0 0.775 0.375 -0.0003648244238 2
0 0.775 0.385 -0.0002827456962 2
0 0.775 0.395 -0.0001811285868 2
0 0.775 0.405 0 2
0 0.775 0.415 0 2
0 0.775 0.425 0 2
0 0.775 0.435 0 2
0 0.775 0.445 0 2
0 0.775 0.455 0 2
0 0.775 0.465 0 2
0 0.785 -0.455 0 2
0 0.785 -0.445 0 2
0 0.785 -0.435 0 2
0 0.785 -0.425 0 2
0 0.785 -0.415 0 2
0 0.785 -0.405 0 2
0 0.785 -0.395 -0.0001020724363 2
0 0.785 -0.385 -0.000166347581 2
0 0.785 -0.375 -0.0002187493599 2
0 0.785 -0.365 -0.0002452171506 2
0 0.785 -0.355 -0.0002430297831 2
0 0.785 -0.345 -0.0002152615789 2
0 0.785 -0.335 -0.0001705857712 1
0 0.785 -0.325 -0.0001624680198 1
0 0.785 -0.315 -0.0001545730563 1
0 0.785 -0.305 -0.0001380315548 1
0 0.785 -0.295 -0.0001120259518 1
0 0.785 -0.285 -8.672359171e-05 1
0 0.785 -0.275 -6.352999557e-05 2
0 0.785 -0.265 -2.441907391e-05 2
0 0.785 -0.255 3.724523847e-05 2
0 0.785 -0.245 9.827477253e-05 2
0 0.785 -0.235 0.0001391535015 1
0 0.785 -0.225 0.0001689309719 1
0 0.785 -0.215 0.0002011696866 1
0 0.785 -0.205 0.0002350375469 1
0 0.785 -0.195 0.0002704876488 1
0 0.785 -0.185 0.0003059524959 1
0 0.785 -0.175 0.0003348317037 1
0 0.785 -0.165 0.0003564978677 1
0 0.785 -0.155 0.0003699640055 1
0 0.785 -0.145 0.0004042087805 1
0 0.785 -0.135 0.0004452049677 1
0 0.785 -0.125 0.0004928073346 1
0 0.785 -0.115 0.0005898630648 2
0 0.785 -0.105 0.0006805400964 2
0 0.785 -0.095 0.0007565114689 2
0 0.785 -0.085 0.0008117643008 2
0 0.785 -0.075 0.000849527095 2
0 0.785 -0.065 0.0008778140333 2
0 0.785 -0.055 0.0008971984942 2
0 0.785 -0.045 0.0009046803888 2
0 0.785 -0.035 0.0008993792812 2
0 0.785 -0.025 0.0008752789378 2
0 0.785 -0.015 0.0008644883792 2
0 0.785 -0.005 0.0008630591144 2
0 0.785 0.005 0.0008739840207 2
0 0.785 0.015 0.0008951512777 2
0 0.785 0.025 0.0009317886602 2
0 0.785 0.035 0.000948559918 2
0 0.785 0.045 0.0009513743524 2
0 0.785 0.055 0.0009438769032 2
0 0.785 0.065 0.000930324276 2
0 0.785 0.075 0.0009105372247 2
0 0.785 0.085 0.0008837422806 2
0 0.785 0.095 0.0008491562871 2
0 0.785 0.105 0.0008076067971 2
0 0.785 0.115 0.0007609488808 2
0 0.785 0.125 0.0007118805083 2
0 0.785 0.135 0.0006623461394 2
0 0.785 0.145 0.0006136236999 2
0 0.785 0.155 0.0005660820582 2
0 0.785 0.165 0.0005194807657 2
0 0.785 0.175 0.0004732257899 2
0 0.785 0.185 0.0004266456228 2
0 0.785 0.195 0.0003791725498 2
0 0.785 0.205 0.0003304352358 2
0 0.785 0.215 0.0002802859538 2
0 0.785 0.225 0.0002287853156 2
0 0.785 0.235 0.0001761728523 2
0 0.785 0.245 0.0001228362687 2
0 0.785 0.255 6.928912138e-05 2
0 0.785 0.265 1.61589715e-05 2
0 0.785 0.275 -3.581394634e-05 2
0 0.785 0.285 -8.576892253e-05 2
0 0.785 0.295 -0.000132709689 2
0 0.785 0.305 -0.0001754828826 2
0 0.785 0.315 -0.0002127542715 2
0 0.785 0.325 -0.000242976633 2
0 0.785 0.335 -0.0002643811778 2
0 0.785 0.345 -0.000274910472 2
0 0.785 0.355 -0.0002724141984 2
0 0.785 0.365 -0.0002541589036 2
0 0.785 0.375 -0.0002190633099 2
0 0.785 0.385 -0.0001622040151 2
0 0.785 0.395 -9.694292179e-05 2
0 0.785 0.405 0 2
0 0.785 0.415 0 2
0 0.785 0.425 0 2
0 0.785 0.435 0 2
0 0.785 0.445 0 2
0 0.785 0.455 0 2
0 0.785 0.465 0 2
0 0.795 -0.455 0 2
0 0.795 -0.445 0 2
0 0.795 -0.435 0 2
0 0.795 -0.425 0 2
0 0.795 -0.415 0 2
0 0.795 -0.405 0 2
0 0.795 -0.395 -3.947397342e-05 2
0 0.795 -0.385 -7.612660997e-05 2
0 0.795 -0.375 -0.0001091231312 2
0 0.795 -0.365 -0.0001267323233 2
0 0.795 -0.355 -0.0001245534175 2
0 0.795 -0.345 -0.0001054866852 2
0 0.795 -0.335 -8.208019091e-05 1
0 0.795 -0.325 -8.506692295e-05 1
0 0.795 -0.315 -8.740389335e-05 1
0 0.795 -0.305 -7.997273267e-05 1
0 0.795 -0.295 -6.50981432e-05 1
0 0.795 -0.285 -4.934435869e-05 1
0 0.795 -0.275 -3.606858914e-05 1
0 0.795 -0.265 -1.418161472e-05 2
0 0.795 -0.255 2.397176848e-05 2
0 0.795 -0.245 6.197473349e-05 2
0 0.795 -0.235 8.874775362e-05 1
0 0.795 -0.225 0.0001018577804 1
0 0.795 -0.215 0.0001186222905 1
0 0.795 -0.205 0.0001378614191 1
0 0.795 -0.195 0.000158935064 1
0 0.795 -0.185 0.0001791399485 1
0 0.795 -0.175 0.0001940752416 1
0 0.795 -0.165 0.0002043628015 1
0 0.795 -0.155 0.0002119995936 1
0 0.795 -0.145 0.000230983235 1
0 0.795 -0.135 0.0002543107048 1
0 0.795 -0.125 0.0002784653464 1
0 0.795 -0.115 0.0003215227332 2
0 0.795 -0.105 0.0003904096627 2
0 0.795 -0.095 0.0004437338196 2
0 0.795 -0.085 0.0004804428975 2
0 0.795 -0.075 0.0005023444237 2
0 0.795 -0.065 0.0005175970921 2
0 0.795 -0.055 0.0005243442728 2
0 0.795 -0.045 0.0005177309577 2
0 0.795 -0.035 0.0005078187701 2
0 0.795 -0.025 0.0004763233147 2
0 0.795 -0.015 0.0004687951505 2
0 0.795 -0.005 0.0004677738355 2
0 0.795 0.005 0.0004756738286 2
0 0.795 0.015 0.000493748202 2
0 0.795 0.025 0.0005418376135 2
0 0.795 0.035 0.0005575686241 2
0 0.795 0.045 0.0005605280892 2
0 0.795 0.055 0.0005557910317 2
0 0.795 0.065 0.0005472280465 2
0 0.795 0.075 0.0005349982901 2
0 0.795 0.085 0.0005188533033 2
0 0.795 0.095 0.0004985894302 2
0 0.795 0.105 0.0004746367954 2
0 0.795 0.115 0.0004479117867 2
0 0.795 0.125 0.0004196703807 2
0 0.795 0.135 0.0003909243009 2
0 0.795 0.145 0.0003623630317 2
0 0.795 0.155 0.0003342483838 2
0 0.795 0.165 0.0003065280535 2
0 0.795 0.175 0.0002789567876 2
0 0.795 0.185 0.000251231602 2
0 0.795 0.195 0.000223084609 2
0 0.795 0.205 0.0001943374431 2
0 0.795 0.215 0.000164922501 2
0 0.795 0.225 0.0001348821201 2
0 0.795 0.235 0.0001043576617 2
0 0.795 0.245 7.357621787e-05 2
0 0.795 0.255 4.284005912e-05 2
0 0.795 0.265 1.2520609e-05 2
0 0.795 0.275 -1.694256742e-05 2
0 0.795 0.285 -4.503816083e-05 2
0 0.795 0.295 -7.117591473e-05 2
0 0.795 0.305 -9.46758547e-05 2
0 0.795 0.315 -0.0001147577728 2
0 0.795 0.325 -0.0001305235397 2
0 0.795 0.335 -0.0001409641867 2
0 0.795 0.345 -0.0001449034065 2
0 0.795 0.355 -0.000141195579 2
0 0.795 0.365 -0.0001282287205 2
0 0.795 0.375 -0.0001059659278 2
0 0.795 0.385 -7.078596171e-05 2
0 0.795 0.395 -3.413589962e-05 2
0 0.795 0.405 0 2
0 0.795 0.415 0 2
0 0.795 0.425 0 2
0 0.795 0.435 0 2
0 0.795 0.445 0 2
0 0.795 0.455 0 2
0 0.795 0.465 0 2
0 0.805 -0.455 0 2
0 0.805 -0.445 0 2
0 0.805 -0.435 0 2
0 0.805 -0.425 0 2
0 0.805 -0.415 0 2
0 0.805 -0.405 0 2
0 0.805 -0.395 0 2
0 0.805 -0.385 0 2
0 0.805 -0.375 0 2
0 0.805 -0.365 0 2
0 0.805 -0.355 0 2
0 0.805 -0.345 0 2
0 0.805 -0.335 0 1
0 0.805 -0.325 0 1
0 0.805 -0.315 0 1
0 0.805 -0.305 0 1
0 0.805 -0.295 0 1
0 0.805 -0.285 0 1
0 0.805 -0.275 0 1
0 0.805 -0.265 0 1
0 0.805 -0.255 0 2
0 0.805 -0.245 0 1
0 0.805 -0.235 0 1
0 0.805 -0.225 0 1
0 0.805 -0.215 0 1
0 0.805 -0.205 0 1
0 0.805 -0.195 0 1
0 0.805 -0.185 0 1
0 0.805 -0.175 0 1
0 0.805 -0.165 0 1
0 0.805 -0.155 0 1
0 0.805 -0.145 0 1
0 0.805 -0.135 0 1
0 0.805 -0.125 0 1
0 0.805 -0.115 0 1
0 0.805 -0.105 0 2
0 0.805 -0.095 0 2
0 0.805 -0.085 0 2
0 0.805 -0.075 0 2
0 0.805 -0.065 0 2
0 0.805 -0.055 0 2
0 0.805 -0.045 0 2
0 0.805 -0.035 0 2
0 0.805 -0.025 0 1
0 0.805 -0.015 0 1
0 0.805 -0.005 0 1
0 0.805 0.005 0 1
0 0.805 0.015 0 1
0 0.805 0.025 0 2
0 0.805 0.035 0 2
0 0.805 0.045 0 2
0 0.805 0.055 0 2
0 0.805 0.065 0 2
0 0.805 0.075 0 2
0 0.805 0.085 0 2
0 0.805 0.095 0 2
0 0.805 0.105 0 2
0 0.805 0.115 0 2
0 0.805 0.125 0 2
0 0.805 0.135 0 2
0 0.805 0.145 0 2
0 0.805 0.155 0 2
0 0.805 0.165 0 2
0 0.805 0.175 0 2
0 0.805 0.185 0 2
0 0.805 0.195 0 2
0 0.805 0.205 0 2
0 0.805 0.215 0 2
0 0.805 0.225 0 2
0 0.805 0.235 0 2
0 0.805 0.245 0 2
0 0.805 0.255 0 2
0 0.805 0.265 0 2
0 0.805 0.275 0 2
0 0.805 0.285 0 2
0 0.805 0.295 0 2
0 0.805 0.305 0 2
0 0.805 0.315 0 2
0 0.805 0.325 0 2
0 0.805 0.335 0 2
0 0.805 0.345 0 2
0 0.805 0.355 0 2
0 0.805 0.365 0 2
0 0.805 0.375 0 2
0 0.805 0.385 0 2
0 0.805 0.395 0 2
0 0.805 0.405 0 2
0 0.805 0.415 0 2
0 0.805 0.425 0 2
0 0.805 0.435 0 2
0 0.805 0.445 0 2
0 0.805 0.455 0 2
0 0.805 0.465 0 2
0 0.815 -0.455 0 2
0 0.815 -0.445 0 2
0 0.815 -0.435 0 2
0 0.815 -0.425 0 2
0 0.815 -0.415 0 2
0 0.815 -0.405 0 2
0 0.815 -0.395 0 2
0 0.815 -0.385 0 2
0 0.815 -0.375 0 2
0 0.815 -0.365 0 2
0 0.815 -0.355 0 2
0 0.815 -0.345 0 2
0 0.815 -0.335 0 1
0 0.815 -0.325 0 1
0 0.815 -0.315 0 1
0 0.815 -0.305 0 1
0 0.815 -0.295 0 1
0 0.815 -0.285 0 1
0 0.815 -0.275 0 1
0 0.815 -0.265 0 1
0 0.815 -0.255 0 2
0 0.815 -0.245 0 1
0 0.815 -0.235 0 1
0 0.815 -0.225 0 1
0 0.815 -0.215 0 1
0 0.815 -0.205 0 1
0 0.815 -0.195 0 1
0 0.815 -0.185 0 1
0 0.815 -0.175 0 1
0 0.815 -0.165 0 1
0 0.815 -0.155 0 1
0 0.815 -0.145 0 1
0 0.815 -0.135 0 1
0 0.815 -0.125 0 1
0 0.815 -0.115 0 1
0 0.815 -0.105 0 2
0 0.815 -0.095 0 2
0 0.815 -0.085 0 2
0 0.815 -0.075 0 2
0 0.815 -0.065 0 2
0 0.815 -0.055 0 2
0 0.815 -0.045 0 1
0 0.815 -0.035 0 1
0 0.815 -0.025 0 1
0 0.815 -0.015 0 1
0 0.815 -0.005 0 1
0 0.815 0.005 0 1
0 0.815 0.015 0 1
0 0.815 0.025 0 2
0 0.815 0.035 0 2
0 0.815 0.045 0 2
0 0.815 0.055 0 2
0 0.815 0.065 0 2
0 0.815 0.075 0 2
0 0.815 0.085 0 2
0 0.815 0.095 0 2
0 0.815 0.105 0 2
0 0.815 0.115 0 2
0 0.815 0.125 0 2
0 0.815 0.135 0 2
0 0.815 0.145 0 2
0 0.815 0.155 0 2
0 0.815 0.165 0 2
0 0.815 0.175 0 2
0 0.815 0.185 0 2
0 0.815 0.195 0 2
0 0.815 0.205 0 2
0 0.815 0.215 0 2
0 0.815 0.225 0 2
0 0.815 0.235 0 2
0 0.815 0.245 0 2
0 0.815 0.255 0 2
0 0.815 0.265 0 2
0 0.815 0.275 0 2
0 0.815 0.285 0 2
0 0.815 0.295 0 2
0 0.815 0.305 0 2
0 0.815 0.315 0 2
0 0.815 0.325 0 2
0 0.815 0.335 0 2
0 0.815 0.345 0 2
0 0.815 0.355 0 2
0 0.815 0.365 0 2
0 0.815 0.375 0 2
0 0.815 0.385 0 2
0 0.815 0.395 0 2
0 0.815 0.405 0 2
0 0.815 0.415 0 2
0 0.815 0.425 0 2
0 0.815 0.435 0 2
0 0.815 0.445 0 2
0 0.815 0.455 0 2
0 0.815 0.465 0 2
0 0.825 -0.455 0 2
0 0.825 -0.445 0 2
0 0.825 -0.435 0 2
0 0.825 -0.425 0 2
0 0.825 -0.415 0 2
0 0.825 -0.405 0 2
0 0.825 -0.395 0 2
0 0.825 -0.385 0 2
0 0.825 -0.375 0 2
0 0.825 -0.365 0 2
0 0.825 -0.355 0 2
0 0.825 -0.345 0 2
0 0.825 -0.335 0 1
0 0.825 -0.325 0 1
0 0.825 -0.315 0 1
0 0.825 -0.305 0 1
0 0.825 -0.295 0 1
0 0.825 -0.285 0 1
0 0.825 -0.275 0 1
0 0.825 -0.265 0 1
0 0.825 -0.255 0 1
0 0.825 -0.245 0 1
0 0.825 -0.235 0 1
0 0.825 -0.225 0 1
0 0.825 -0.215 0 1
0 0.825 -0.205 0 1
0 0.825 -0.195 0 1
0 0.825 -0.185 0 1
0 0.825 -0.175 0 1
0 0.825 -0.165 0 1
0 0.825 -0.155 0 1
0 0.825 -0.145 0 1
0 0.825 -0.135 0 1
0 0.825 -0.125 0 1
0 0.825 -0.115 0 1
0 0.825 -0.105 0 2
0 0.825 -0.095 0 2
0 0.825 -0.085 0 2
0 0.825 -0.075 0 2
0 0.825 -0.065 0 2
0 0.825 -0.055 0 1
0 0.825 -0.045 0 1
0 0.825 -0.035 0 1
0 0.825 -0.025 0 1
0 0.825 -0.015 0 1
0 0.825 -0.005 0 1
0 0.825 0.005 0 1
0 0.825 0.015 0 1
0 0.825 0.025 0 1
0 0.825 0.035 0 2
0 0.825 0.045 0 2
0 0.825 0.055 0 2
0 0.825 0.065 0 2
0 0.825 0.075 0 2
0 0.825 0.085 0 2
0 0.825 0.095 0 2
0 0.825 0.105 0 2
0 0.825 0.115 0 2
0 0.825 0.125 0 2
0 0.825 0.135 0 2
0 0.825 0.145 0 2
0 0.825 0.155 0 2
0 0.825 0.165 0 2
0 0.825 0.175 0 2
0 0.825 0.185 0 2
0 0.825 0.195 0 2
0 0.825 0.205 0 2
0 0.825 0.215 0 2
0 0.825 0.225 0 2
0 0.825 0.235 0 2
0 0.825 0.245 0 2
0 0.825 0.255 0 2
0 0.825 0.265 0 2
0 0.825 0.275 0 2
0 0.825 0.285 0 2
0 0.825 0.295 0 2
0 0.825 0.305 0 2
0 0.825 0.315 0 2
0 0.825 0.325 0 2
0 0.825 0.335 0 2
0 0.825 0.345 0 2
0 0.825 0.355 0 2
0 0.825 0.365 0 2
0 0.825 0.375 0 2
0 0.825 0.385 0 2
0 0.825 0.395 0 2
0 0.825 0.405 0 2
0 0.825 0.415 0 2
0 0.825 0.425 0 2
0 0.825 0.435 0 2
0 0.825 0.445 0 2
0 0.825 0.455 0 2
0 0.825 0.465 0 2
0 0.835 -0.455 0 2
0 0.835 -0.445 0 2
0 0.835 -0.435 0 2
0 0.835 -0.425 0 2
0 0.835 -0.415 0 2
0 0.835 -0.405 0 2
0 0.835 -0.395 0 2
0 0.835 -0.385 0 2
0 0.835 -0.375 0 2
0 0.835 -0.365 0 2
0 0.835 -0.355 0 2
0 0.835 -0.345 0 2
0 0.835 -0.335 0 2
0 0.835 -0.325 0 1
0 0.835 -0.315 0 1
0 0.835 -0.305 0 1
0 0.835 -0.295 0 1
0 0.835 -0.285 0 1
0 0.835 -0.275 0 1
0 0.835 -0.265 0 1
0 0.835 -0.255 0 1
0 0.835 -0.245 0 1
0 0.835 -0.235 0 1
0 0.835 -0.225 0 1
0 0.835 -0.215 0 1
0 0.835 -0.205 0 1
0 0.835 -0.195 0 1
0 0.835 -0.185 0 1
0 0.835 -0.175 0 1
0 0.835 -0.165 0 1
0 0.835 -0.155 0 1
0 0.835 -0.145 0 1
0 0.835 -0.135 0 1
0 0.835 -0.125 0 1
0 0.835 -0.115 0 2
0 0.835 -0.105 0 2
0 0.835 -0.095 0 2
0 0.835 -0.085 0 2
0 0.835 -0.075 0 2
0 0.835 -0.065 0 2
0 0.835 -0.055 0 1
0 0.835 -0.045 0 1
0 0.835 -0.035 0 1
0 0.835 -0.025 0 1
0 0.835 -0.015 0 1
0 0.835 -0.005 0 1
0 0.835 0.005 0 1
0 0.835 0.015 0 1
0 0.835 0.025 0 2
0 0.835 0.035 0 2
0 0.835 0.045 0 2
0 0.835 0.055 0 2
0 0.835 0.065 0 2
0 0.835 0.075 0 2
0 0.835 0.085 0 2
0 0.835 0.095 0 2
0 0.835 0.105 0 2
0 0.835 0.115 0 2
0 0.835 0.125 0 2
0 0.835 0.135 0 2
0 0.835 0.145 0 2
0 0.835 0.155 0 2
0 0.835 0.165 0 2
0 0.835 0.175 0 2
0 0.835 0.185 0 2
0 0.835 0.195 0 2
0 0.835 0.205 0 2
0 0.835 0.215 0 2
0 0.835 0.225 0 2
0 0.835 0.235 0 2
0 0.835 0.245 0 2
0 0.835 0.255 0 2
0 0.835 0.265 0 2
0 0.835 0.275 0 2
0 0.835 0.285 0 2
0 0.835 0.295 0 2
0 0.835 0.305 0 2
0 0.835 0.315 0 2
0 0.835 0.325 0 2
0 0.835 0.335 0 2
0 0.835 0.345 0 2
0 0.835 0.355 0 2
0 0.835 0.365 0 2
0 0.835 0.375 0 2
0 0.835 0.385 0 2
0 0.835 0.395 0 2
0 0.835 0.405 0 2
0 0.835 0.415 0 2
0 0.835 0.425 0 2
0 0.835 0.435 0 2
0 0.835 0.445 0 2
0 0.835 0.455 0 2
0 0.835 0.465 0 2
0 0.845 -0.455 0 2
0 0.845 -0.445 0 2
0 0.845 -0.435 0 2
0 0.845 -0.425 0 2
0 0.845 -0.415 0 2
0 0.845 -0.405 0 2
0 0.845 -0.395 0 2
0 0.845 -0.385 0 2
0 0.845 -0.375 0 2
0 0.845 -0.365 0 2
0 0.845 -0.355 0 2
0 0.845 -0.345 0 2
0 0.845 -0.335 0 2
0 0.845 -0.325 0 1
0 0.845 -0.315 0 1
0 0.845 -0.305 0 1
0 0.845 -0.295 0 1
0 0.845 -0.285 0 1
0 0.845 -0.275 0 1
0 0.845 -0.265 0 1
0 0.845 -0.255 0 1
0 0.845 -0.245 0 1
0 0.845 -0.235 0 1
0 0.845 -0.225 0 1
0 0.845 -0.215 0 1
0 0.845 -0.205 0 1
0 0.845 -0.195 0 1
0 0.845 -0.185 0 1
0 0.845 -0.175 0 1
0 0.845 -0.165 0 1
0 0.845 -0.155 0 1
0 0.845 -0.145 0 1
0 0.845 -0.135 0 1
0 0.845 -0.125 0 1
0 0.845 -0.115 0 2
0 0.845 -0.105 0 2
0 0.845 -0.095 0 2
0 0.845 -0.085 0 2
0 0.845 -0.075 0 2
0 0.845 -0.065 0 1
0 0.845 -0.055 0 1
0 0.845 -0.045 0 1
0 0.845 -0.035 0 1
0 0.845 -0.025 0 1
0 0.845 -0.015 0 1
0 0.845 -0.005 0 1
0 0.845 0.005 0 1
0 0.845 0.015 0 1
0 0.845 0.025 0 2
0 0.845 0.035 0 2
0 0.845 0.045 0 2
0 0.845 0.055 0 2
0 0.845 0.065 0 2
0 0.845 0.075 0 2
0 0.845 0.085 0 2
0 0.845 0.095 0 2
0 0.845 0.105 0 2
0 0.845 0.115 0 2
0 0.845 0.125 0 2
0 0.845 0.135 0 2
0 0.845 0.145 0 2
0 0.845 0.155 0 2
0 0.845 0.165 0 2
0 0.845 0.175 0 2
0 0.845 0.185 0 2
0 0.845 0.195 0 2
0 0.845 0.205 0 2
0 0.845 0.215 0 2
0 0.845 0.225 0 2
0 0.845 0.235 0 2
0 0.845 0.245 0 2
0 0.845 0.255 0 2
0 0.845 0.265 0 2
0 0.845 0.275 0 2
0 0.845 0.285 0 2
0 0.845 0.295 0 2
0 0.845 0.305 0 2
0 0.845 0.315 0 2
0 0.845 0.325 0 2
0 0.845 0.335 0 2
0 0.845 0.345 0 2
0 0.845 0.355 0 2
0 0.845 0.365 0 2
0 0.845 0.375 0 2
0 0.845 0.385 0 2
0 0.845 0.395 0 2
0 0.845 0.405 0 2
0 0.845 0.415 0 2
0 0.845 0.425 0 2
0 0.845 0.435 0 2
0 0.845 0.445 0 2
0 0.845 0.455 0 2
0 0.845 0.465 0 2
0 0.855 -0.455 0 2
0 0.855 -0.445 0 2
0 0.855 -0.435 0 2
0 0.855 -0.425 0 2
0 0.855 -0.415 0 2
0 0.855 -0.405 0 2
0 0.855 -0.395 0 2
0 0.855 -0.385 0 2
0 0.855 -0.375 0 2
0 0.855 -0.365 0 2
0 0.855 -0.355 0 2
0 0.855 -0.345 0 2
0 0.855 -0.335 0 2
0 0.855 -0.325 0 2
0 0.855 -0.315 0 1
0 0.855 -0.305 0 1
0 0.855 -0.295 0 1
0 0.855 -0.285 0 1
0 0.855 -0.275 0 1
0 0.855 -0.265 0 1
0 0.855 -0.255 0 1
0 0.855 -0.245 0 2
0 0.855 -0.235 0 1
0 0.855 -0.225 0 1
0 0.855 -0.215 0 1
0 0.855 -0.205 0 1
0 0.855 -0.195 0 1
0 0.855 -0.185 0 1
0 0.855 -0.175 0 1
0 0.855 -0.165 0 1
0 0.855 -0.155 0 1
0 0.855 -0.145 0 1
0 0.855 -0.135 0 1
0 0.855 -0.125 0 1
0 0.855 -0.115 0 2
0 0.855 -0.105 0 2
0 0.855 -0.095 0 2
0 0.855 -0.085 0 2
0 0.855 -0.075 0 2
0 0.855 -0.065 0 1
0 0.855 -0.055 0 1
0 0.855 -0.045 0 1
0 0.855 -0.035 0 1
0 0.855 -0.025 0 1
0 0.855 -0.015 0 1
0 0.855 -0.005 0 1
0 0.855 0.005 0 1
0 0.855 0.015 0 1
0 0.855 0.025 0 2
0 0.855 0.035 0 2
0 0.855 0.045 0 2
0 0.855 0.055 0 2
0 0.855 0.065 0 2
0 0.855 0.075 0 2
0 0.855 0.085 0 2
0 0.855 0.095 0 2
0 0.855 0.105 0 2
0 0.855 0.115 0 2
0 0.855 0.125 0 2
0 0.855 0.135 0 2
0 0.855 0.145 0 2
0 0.855 0.155 0 2
0 0.855 0.165 0 2
0 0.855 0.175 0 2
0 0.855 0.185 0 2
0 0.855 0.195 0 2
0 0.855 0.205 0 2
0 0.855 0.215 0 2
0 0.855 0.225 0 2
0 0.855 0.235 0 2
0 0.855 0.245 0 2
0 0.855 0.255 0 2
0 0.855 0.265 0 2
0 0.855 0.275 0 2
0 0.855 0.285 0 2
0 0.855 0.295 0 2
0 0.855 0.305 0 2
0 0.855 0.315 0 2
0 0.855 0.325 0 2
0 0.855 0.335 0 2
0 0.855 0.345 0 2
0 0.855 0.355 0 2
0 0.855 0.365 0 2
0 0.855 0.375 0 2
0 0.855 0.385 0 2
0 0.855 0.395 0 2
0 0.855 0.405 0 2
0 0.855 0.415 0 2
0 0.855 0.425 0 2
0 0.855 0.435 0 2
0 0.855 0.445 0 2
0 0.855 0.455 0 2
0 0.855 0.465 0 2
0 0.865 -0.455 0 2
0 0.865 -0.445 0 2
0 0.865 -0.435 0 2
0 0.865 -0.425 0 2
0 0.865 -0.415 0 2
0 0.865 -0.405 0 2
0 0.865 -0.395 0 2
0 0.865 -0.385 0 2
0 0.865 -0.375 0 2
0 0.865 -0.365 0 2
0 0.865 -0.355 0 2
0 0.865 -0.345 0 2
0 0.865 -0.335 0 2
0 0.865 -0.325 0 2
0 0.865 -0.315 0 2
0 0.865 -0.305 0 1
0 0.865 -0.295 0 1
0 0.865 -0.285 0 1
0 0.865 -0.275 0 1
0 0.865 -0.265 0 1
0 0.865 -0.255 0 1
0 0.865 -0.245 0 2
0 0.865 -0.235 0 2
0 0.865 -0.225 0 2
0 0.865 -0.215 0 2
0 0.865 -0.205 0 2
0 0.865 -0.195 0 1
0 0.865 -0.185 0 1
0 0.865 -0.175 0 1
0 0.865 -0.165 0 1
0 0.865 -0.155 0 1
0 0.865 -0.145 0 1
0 0.865 -0.135 0 1
0 0.865 -0.125 0 2
0 0.865 -0.115 0 2
0 0.865 -0.105 0 2
0 0.865 -0.095 0 2
0 0.865 -0.085 0 2
0 0.865 -0.075 0 1
0 0.865 -0.065 0 1
0 0.865 -0.055 0 1
0 0.865 -0.045 0 1
0 0.865 -0.035 0 1
0 0.865 -0.025 0 1
0 0.865 -0.015 0 1
0 0.865 -0.005 0 1
0 0.865 0.005 0 1
0 0.865 0.015 0 1
0 0.865 0.025 0 2
0 0.865 0.035 0 2
0 0.865 0.045 0 2
0 0.865 0.055 0 2
0 0.865 0.065 0 2
0 0.865 0.075 0 2
0 0.865 0.085 0 2
0 0.865 0.095 0 2
0 0.865 0.105 0 2
0 0.865 0.115 0 2
0 0.865 0.125 0 2
0 0.865 0.135 0 2
0 0.865 0.145 0 2
0 0.865 0.155 0 2
0 0.865 0.165 0 2
0 0.865 0.175 0 2
0 0.865 0.185 0 2
0 0.865 0.195 0 2
0 0.865 0.205 0 2
0 0.865 0.215 0 2
0 0.865 0.225 0 2
0 0.865 0.235 0 2
0 0.865 0.245 0 2
0 0.865 0.255 0 2
0 0.865 0.265 0 2
0 0.865 0.275 0 2
0 0.865 0.285 0 2
0 0.865 0.295 0 2
0 0.865 0.305 0 2
0 0.865 0.315 0 2
0 0.865 0.325 0 2
0 0.865 0.335 0 2
0 0.865 0.345 0 2
0 0.865 0.355 0 2
0 0.865 0.365 0 2
0 0.865 0.375 0 2
0 0.865 0.385 0 2
0 0.865 0.395 0 2
0 0.865 0.405 0 2
0 0.865 0.415 0 2
0 0.865 0.425 0 2
0 0.865 0.435 0 2
0 0.865 0.445 0 2
0 0.865 0.455 0 2
0 0.865 0.465 0 2
