t x y content type
0 -0.055 -0.455 0 2
0 -0.055 -0.445 0 2
0 -0.055 -0.435 0 2
0 -0.055 -0.425 0 2
0 -0.055 -0.415 0 2
0 -0.055 -0.405 0 2
0 -0.055 -0.395 0 2
0 -0.055 -0.385 0 2
0 -0.055 -0.375 0 2
0 -0.055 -0.365 0 2
0 -0.055 -0.355 0 2
0 -0.055 -0.345 0 2
0 -0.055 -0.335 0 1
0 -0.055 -0.325 0 1
0 -0.055 -0.315 0 1
0 -0.055 -0.305 0 1
0 -0.055 -0.295 0 1
0 -0.055 -0.285 0 1
0 -0.055 -0.275 0 1
0 -0.055 -0.265 0 2
0 -0.055 -0.255 0 2
0 -0.055 -0.245 0 2
0 -0.055 -0.235 0 2
0 -0.055 -0.225 0 2
0 -0.055 -0.215 0 2
0 -0.055 -0.205 0 2
0 -0.055 -0.195 0 2
0 -0.055 -0.185 0 2
0 -0.055 -0.175 0 2
0 -0.055 -0.165 0 2
0 -0.055 -0.155 0 2
0 -0.055 -0.145 0 2
0 -0.055 -0.135 0 2
0 -0.055 -0.125 0 2
0 -0.055 -0.115 0 2
0 -0.055 -0.105 0 2
0 -0.055 -0.095 0 2
0 -0.055 -0.085 0 2
0 -0.055 -0.075 0 2
0 -0.055 -0.065 0 2
0 -0.055 -0.055 0 1
0 -0.055 -0.045 0 1
0 -0.055 -0.035 0 1
0 -0.055 -0.025 0 1
0 -0.055 -0.015 0 1
0 -0.055 -0.005 0 1
0 -0.055 0.005 0 1
0 -0.055 0.015 0 1
0 -0.055 0.025 0 1
0 -0.055 0.035 0 1
0 -0.055 0.045 0 1
0 -0.055 0.055 0 1
0 -0.055 0.065 0 1
0 -0.055 0.075 0 2
0 -0.055 0.085 0 2
0 -0.055 0.095 0 2
0 -0.055 0.105 0 2
0 -0.055 0.115 0 2
0 -0.055 0.125 0 2
0 -0.055 0.135 0 2
0 -0.055 0.145 0 1
0 -0.055 0.155 0 1
0 -0.055 0.165 0 1
0 -0.055 0.175 0 1
0 -0.055 0.185 0 1
0 -0.055 0.195 0 1
0 -0.055 0.205 0 1
0 -0.055 0.215 0 1
0 -0.055 0.225 0 1
0 -0.055 0.235 0 1
0 -0.055 0.245 0 2
0 -0.055 0.255 0 2
0 -0.055 0.265 0 2
0 -0.055 0.275 0 2
0 -0.055 0.285 0 1
0 -0.055 0.295 0 1
0 -0.055 0.305 0 1
0 -0.055 0.315 0 1
0 -0.055 0.325 0 1
0 -0.055 0.335 0 1
0 -0.055 0.345 0 1
0 -0.055 0.355 0 1
0 -0.055 0.365 0 1
0 -0.055 0.375 0 2
0 -0.055 0.385 0 2
0 -0.055 0.395 0 2
0 -0.055 0.405 0 2
0 -0.055 0.415 0 2
0 -0.055 0.425 0 2
0 -0.055 0.435 0 2
0 -0.055 0.445 0 2
0 -0.055 0.455 0 2
0 -0.055 0.465 0 1
0 -0.045 -0.455 0 2
0 -0.045 -0.445 0 2
0 -0.045 -0.435 0 2
0 -0.045 -0.425 0 2
0 -0.045 -0.415 0 2
0 -0.045 -0.405 0 2
0 -0.045 -0.395 0 2
0 -0.045 -0.385 0 2
0 -0.045 -0.375 0 2
0 -0.045 -0.365 0 2
0 -0.045 -0.355 0 2
0 -0.045 -0.345 0 2
0 -0.045 -0.335 0 2
0 -0.045 -0.325 0 2
0 -0.045 -0.315 0 2
0 -0.045 -0.305 0 1
0 -0.045 -0.295 0 1
0 -0.045 -0.285 0 2
0 -0.045 -0.275 0 2
0 -0.045 -0.265 0 2
0 -0.045 -0.255 0 2
0 -0.045 -0.245 0 2
0 -0.045 -0.235 0 2
0 -0.045 -0.225 0 2
0 -0.045 -0.215 0 2
0 -0.045 -0.205 0 2
0 -0.045 -0.195 0 2
0 -0.045 -0.185 0 2
0 -0.045 -0.175 0 2
0 -0.045 -0.165 0 2
0 -0.045 -0.155 0 2
0 -0.045 -0.145 0 2
0 -0.045 -0.135 0 2
0 -0.045 -0.125 0 2
0 -0.045 -0.115 0 2
0 -0.045 -0.105 0 2
0 -0.045 -0.095 0 2
0 -0.045 -0.085 0 2
0 -0.045 -0.075 0 2
0 -0.045 -0.065 0 2
0 -0.045 -0.055 0 1
0 -0.045 -0.045 0 1
0 -0.045 -0.035 0 1
0 -0.045 -0.025 0 1
0 -0.045 -0.015 0 1
0 -0.045 -0.005 0 1
0 -0.045 0.005 0 1
0 -0.045 0.015 0 1
0 -0.045 0.025 0 1
0 -0.045 0.035 0 1
0 -0.045 0.045 0 1
0 -0.045 0.055 0 1
0 -0.045 0.065 0 1
0 -0.045 0.075 0 2
0 -0.045 0.085 0 2
0 -0.045 0.095 0 2
0 -0.045 0.105 0 2
0 -0.045 0.115 0 2
0 -0.045 0.125 0 2
0 -0.045 0.135 0 2
0 -0.045 0.145 0 2
0 -0.045 0.155 0 1
0 -0.045 0.165 0 1
0 -0.045 0.175 0 1
0 -0.045 0.185 0 1
0 -0.045 0.195 0 1
0 -0.045 0.205 0 1
0 -0.045 0.215 0 1
0 -0.045 0.225 0 1
0 -0.045 0.235 0 1
0 -0.045 0.245 0 2
0 -0.045 0.255 0 2
0 -0.045 0.265 0 2
0 -0.045 0.275 0 2
0 -0.045 0.285 0 2
0 -0.045 0.295 0 1
0 -0.045 0.305 0 1
0 -0.045 0.315 0 1
0 -0.045 0.325 0 1
0 -0.045 0.335 0 1
0 -0.045 0.345 0 1
0 -0.045 0.355 0 1
0 -0.045 0.365 0 1
0 -0.045 0.375 0 2
0 -0.045 0.385 0 2
0 -0.045 0.395 0 2
0 -0.045 0.405 0 2
0 -0.045 0.415 0 2
0 -0.045 0.425 0 2
0 -0.045 0.435 0 2
0 -0.045 0.445 0 2
0 -0.045 0.455 0 2
0 -0.045 0.465 0 2
0 -0.035 -0.455 0 2
0 -0.035 -0.445 0 2
0 -0.035 -0.435 0 2
0 -0.035 -0.425 0 2
0 -0.035 -0.415 0 2
0 -0.035 -0.405 0 2
0 -0.035 -0.395 0 2
0 -0.035 -0.385 0 2
0 -0.035 -0.375 0 2
0 -0.035 -0.365 0 2
0 -0.035 -0.355 0 2
0 -0.035 -0.345 0 2
0 -0.035 -0.335 0 2
0 -0.035 -0.325 0 2
0 -0.035 -0.315 0 2
0 -0.035 -0.305 0 2
0 -0.035 -0.295 0 2
0 -0.035 -0.285 0 2
0 -0.035 -0.275 0 2
0 -0.035 -0.265 0 2
0 -0.035 -0.255 0 2
0 -0.035 -0.245 0 2
0 -0.035 -0.235 0 2
0 -0.035 -0.225 0 2
0 -0.035 -0.215 0 2
0 -0.035 -0.205 0 2
0 -0.035 -0.195 0 2
0 -0.035 -0.185 0 2
0 -0.035 -0.175 0 2
0 -0.035 -0.165 0 2
0 -0.035 -0.155 0 2
0 -0.035 -0.145 0 2
0 -0.035 -0.135 0 2
0 -0.035 -0.125 0 2
0 -0.035 -0.115 0 2
0 -0.035 -0.105 0 2
0 -0.035 -0.095 0 2
0 -0.035 -0.085 0 2
0 -0.035 -0.075 0 2
0 -0.035 -0.065 0 2
0 -0.035 -0.055 0 1
0 -0.035 -0.045 0 1
0 -0.035 -0.035 0 1
0 -0.035 -0.025 0 1
0 -0.035 -0.015 0 1
0 -0.035 -0.005 0 1
0 -0.035 0.005 0 1
0 -0.035 0.015 0 1
0 -0.035 0.025 0 1
0 -0.035 0.035 0 1
0 -0.035 0.045 0 1
0 -0.035 0.055 0 1
0 -0.035 0.065 0 1
0 -0.035 0.075 0 2
0 -0.035 0.085 0 2
0 -0.035 0.095 0 2
0 -0.035 0.105 0 2
0 -0.035 0.115 0 2
0 -0.035 0.125 0 2
0 -0.035 0.135 0 2
0 -0.035 0.145 0 2
0 -0.035 0.155 0 2
0 -0.035 0.165 0 1
0 -0.035 0.175 0 1
0 -0.035 0.185 0 1
0 -0.035 0.195 0 1
0 -0.035 0.205 0 1
0 -0.035 0.215 0 1
0 -0.035 0.225 0 1
0 -0.035 0.235 0 1
0 -0.035 0.245 0 2
0 -0.035 0.255 0 2
0 -0.035 0.265 0 2
0 -0.035 0.275 0 2
0 -0.035 0.285 0 2
0 -0.035 0.295 0 2
0 -0.035 0.305 0 2
0 -0.035 0.315 0 1
0 -0.035 0.325 0 1
0 -0.035 0.335 0 1
0 -0.035 0.345 0 1
0 -0.035 0.355 0 1
0 -0.035 0.365 0 2
0 -0.035 0.375 0 2
0 -0.035 0.385 0 2
0 -0.035 0.395 0 2
0 -0.035 0.405 0 2
0 -0.035 0.415 0 2
0 -0.035 0.425 0 2
0 -0.035 0.435 0 2
0 -0.035 0.445 0 2
0 -0.035 0.455 0 2
0 -0.035 0.465 0 2
0 -0.025 -0.455 0 2
0 -0.025 -0.445 0 2
0 -0.025 -0.435 0 2
0 -0.025 -0.425 0 2
0 -0.025 -0.415 0 2
0 -0.025 -0.405 0 2
0 -0.025 -0.395 0 2
0 -0.025 -0.385 0 2
0 -0.025 -0.375 0 2
0 -0.025 -0.365 0 2
0 -0.025 -0.355 0 2
0 -0.025 -0.345 0 2
0 -0.025 -0.335 0 2
0 -0.025 -0.325 0 2
0 -0.025 -0.315 0 2
0 -0.025 -0.305 0 2
0 -0.025 -0.295 0 2
0 -0.025 -0.285 0 2
0 -0.025 -0.275 0 2
0 -0.025 -0.265 0 2
0 -0.025 -0.255 0 2
0 -0.025 -0.245 0 2
0 -0.025 -0.235 0 2
0 -0.025 -0.225 0 2
0 -0.025 -0.215 0 2
0 -0.025 -0.205 0 2
0 -0.025 -0.195 0 2
0 -0.025 -0.185 0 2
0 -0.025 -0.175 0 2
0 -0.025 -0.165 0 2
0 -0.025 -0.155 0 2
0 -0.025 -0.145 0 2
0 -0.025 -0.135 0 2
0 -0.025 -0.125 0 2
0 -0.025 -0.115 0 2
0 -0.025 -0.105 0 2
0 -0.025 -0.095 0 2
0 -0.025 -0.085 0 2
0 -0.025 -0.075 0 2
0 -0.025 -0.065 0 2
0 -0.025 -0.055 0 1
0 -0.025 -0.045 0 1
0 -0.025 -0.035 0 1
0 -0.025 -0.025 0 1
0 -0.025 -0.015 0 1
0 -0.025 -0.005 0 1
0 -0.025 0.005 0 1
0 -0.025 0.015 0 1
0 -0.025 0.025 0 1
0 -0.025 0.035 0 1
0 -0.025 0.045 0 1
0 -0.025 0.055 0 1
0 -0.025 0.065 0 2
0 -0.025 0.075 0 2
0 -0.025 0.085 0 2
0 -0.025 0.095 0 2
0 -0.025 0.105 0 2
0 -0.025 0.115 0 2
0 -0.025 0.125 0 2
0 -0.025 0.135 0 2
0 -0.025 0.145 0 2
0 -0.025 0.155 0 2
0 -0.025 0.165 0 2
0 -0.025 0.175 0 2
0 -0.025 0.185 0 2
0 -0.025 0.195 0 1
0 -0.025 0.205 0 1
0 -0.025 0.215 0 1
0 -0.025 0.225 0 2
0 -0.025 0.235 0 2
0 -0.025 0.245 0 2
0 -0.025 0.255 0 2
0 -0.025 0.265 0 2
0 -0.025 0.275 0 2
0 -0.025 0.285 0 2
0 -0.025 0.295 0 2
0 -0.025 0.305 0 2
0 -0.025 0.315 0 2
0 -0.025 0.325 0 2
0 -0.025 0.335 0 2
0 -0.025 0.345 0 2
0 -0.025 0.355 0 2
0 -0.025 0.365 0 2
0 -0.025 0.375 0 1
0 -0.025 0.385 0 1
0 -0.025 0.395 0 1
0 -0.025 0.405 0 2
0 -0.025 0.415 0 2
0 -0.025 0.425 0 2
0 -0.025 0.435 0 2
0 -0.025 0.445 0 2
0 -0.025 0.455 0 2
0 -0.025 0.465 0 2
0 -0.015 -0.455 0 2
0 -0.015 -0.445 0 2
0 -0.015 -0.435 0 2
0 -0.015 -0.425 0 2
0 -0.015 -0.415 0 2
0 -0.015 -0.405 0 2
0 -0.015 -0.395 0 2
0 -0.015 -0.385 0 2
0 -0.015 -0.375 0 2
0 -0.015 -0.365 0 2
0 -0.015 -0.355 0 2
0 -0.015 -0.345 0 2
0 -0.015 -0.335 0 2
0 -0.015 -0.325 0 2
0 -0.015 -0.315 0 2
0 -0.015 -0.305 0 2
0 -0.015 -0.295 0 2
0 -0.015 -0.285 0 2
0 -0.015 -0.275 0 2
0 -0.015 -0.265 0 2
0 -0.015 -0.255 0 2
0 -0.015 -0.245 0 2
0 -0.015 -0.235 0 2
0 -0.015 -0.225 0 2
0 -0.015 -0.215 0 2
0 -0.015 -0.205 0 2
0 -0.015 -0.195 0 2
0 -0.015 -0.185 0 2
0 -0.015 -0.175 0 2
0 -0.015 -0.165 0 2
0 -0.015 -0.155 0 2
0 -0.015 -0.145 0 2
0 -0.015 -0.135 0 2
0 -0.015 -0.125 0 2
0 -0.015 -0.115 0 2
0 -0.015 -0.105 0 2
0 -0.015 -0.095 0 2
0 -0.015 -0.085 0 2
0 -0.015 -0.075 0 2
0 -0.015 -0.065 0 2
0 -0.015 -0.055 0 2
0 -0.015 -0.045 0 1
0 -0.015 -0.035 0 1
0 -0.015 -0.025 0 1
0 -0.015 -0.015 0 2
0 -0.015 -0.005 0 2
0 -0.015 0.005 0 1
0 -0.015 0.015 0 1
0 -0.015 0.025 0 1
0 -0.015 0.035 0 1
0 -0.015 0.045 0 1
0 -0.015 0.055 0 1
0 -0.015 0.065 0 2
0 -0.015 0.075 0 2
0 -0.015 0.085 0 2
0 -0.015 0.095 0 2
0 -0.015 0.105 0 2
0 -0.015 0.115 0 2
0 -0.015 0.125 0 2
0 -0.015 0.135 0 2
0 -0.015 0.145 0 2
0 -0.015 0.155 0 2
0 -0.015 0.165 0 2
0 -0.015 0.175 0 2
0 -0.015 0.185 0 2
0 -0.015 0.195 0 2
0 -0.015 0.205 0 2
0 -0.015 0.215 0 2
0 -0.015 0.225 0 2
0 -0.015 0.235 0 2
0 -0.015 0.245 0 2
0 -0.015 0.255 0 2
0 -0.015 0.265 0 2
0 -0.015 0.275 0 2
0 -0.015 0.285 0 2
0 -0.015 0.295 0 2
0 -0.015 0.305 0 2
0 -0.015 0.315 0 2
0 -0.015 0.325 0 2
0 -0.015 0.335 0 2
0 -0.015 0.345 0 2
0 -0.015 0.355 0 2
0 -0.015 0.365 0 1
0 -0.015 0.375 0 1
0 -0.015 0.385 0 1
0 -0.015 0.395 0 1
0 -0.015 0.405 0 1
0 -0.015 0.415 0 2
0 -0.015 0.425 0 2
0 -0.015 0.435 0 2
0 -0.015 0.445 0 2
0 -0.015 0.455 0 2
0 -0.015 0.465 0 2
0 -0.005 -0.455 0 2
0 -0.005 -0.445 0 2
0 -0.005 -0.435 0 2
0 -0.005 -0.425 0 2
0 -0.005 -0.415 0 2
0 -0.005 -0.405 0 2
0 -0.005 -0.395 0 2
0 -0.005 -0.385 0 2
0 -0.005 -0.375 0 2
0 -0.005 -0.365 0 2
0 -0.005 -0.355 0 2
0 -0.005 -0.345 0 2
0 -0.005 -0.335 0 2
0 -0.005 -0.325 0 2
0 -0.005 -0.315 0 2
0 -0.005 -0.305 0 2
0 -0.005 -0.295 0 2
0 -0.005 -0.285 0 2
0 -0.005 -0.275 0 2
0 -0.005 -0.265 0 2
0 -0.005 -0.255 0 2
0 -0.005 -0.245 0 2
0 -0.005 -0.235 0 2
0 -0.005 -0.225 0 2
0 -0.005 -0.215 0 2
0 -0.005 -0.205 0 2
0 -0.005 -0.195 0 2
0 -0.005 -0.185 0 2
0 -0.005 -0.175 0 2
0 -0.005 -0.165 0 2
0 -0.005 -0.155 0 2
0 -0.005 -0.145 0 2
0 -0.005 -0.135 0 2
0 -0.005 -0.125 0 2
0 -0.005 -0.115 0 2
0 -0.005 -0.105 0 2
0 -0.005 -0.095 0 2
0 -0.005 -0.085 0 2
0 -0.005 -0.075 0 2
0 -0.005 -0.065 0 2
0 -0.005 -0.055 0 2
0 -0.005 -0.045 0 2
0 -0.005 -0.035 0 2
0 -0.005 -0.025 0 2
0 -0.005 -0.015 0 2
0 -0.005 -0.005 0 2
0 -0.005 0.005 0 2
0 -0.005 0.015 0 1
0 -0.005 0.025 0 1
0 -0.005 0.035 0 1
0 -0.005 0.045 0 1
0 -0.005 0.055 0 2
0 -0.005 0.065 0 2
0 -0.005 0.075 0 2
0 -0.005 0.085 0 2
0 -0.005 0.095 0 2
0 -0.005 0.105 0 2
0 -0.005 0.115 0 2
0 -0.005 0.125 0 2
0 -0.005 0.135 0 2
0 -0.005 0.145 0 2
0 -0.005 0.155 0 2
0 -0.005 0.165 0 2
0 -0.005 0.175 0 2
0 -0.005 0.185 0 2
0 -0.005 0.195 0 2
0 -0.005 0.205 0 2
0 -0.005 0.215 0 2
0 -0.005 0.225 0 2
0 -0.005 0.235 0 2
0 -0.005 0.245 0 2
0 -0.005 0.255 0 2
0 -0.005 0.265 0 2
0 -0.005 0.275 0 2
0 -0.005 0.285 0 2
0 -0.005 0.295 0 2
0 -0.005 0.305 0 2
0 -0.005 0.315 0 2
0 -0.005 0.325 0 2
0 -0.005 0.335 0 2
0 -0.005 0.345 0 2
0 -0.005 0.355 0 2
0 -0.005 0.365 0 1
0 -0.005 0.375 0 1
0 -0.005 0.385 0 1
0 -0.005 0.395 0 1
0 -0.005 0.405 0 1
0 -0.005 0.415 0 1
0 -0.005 0.425 0 2
0 -0.005 0.435 0 2
0 -0.005 0.445 0 2
0 -0.005 0.455 0 2
0 -0.005 0.465 0 2
0 0.005 -0.455 0 1
0 0.005 -0.445 0 2
0 0.005 -0.435 0 2
0 0.005 -0.425 0 2
0 0.005 -0.415 0 2
0 0.005 -0.405 0 2
0 0.005 -0.395 0.9997228316 2
0 0.005 -0.385 0.9970842465 2
0 0.005 -0.375 0.988114774 2
0 0.005 -0.365 0.9728713648 2
0 0.005 -0.355 0.9514508055 2
0 0.005 -0.345 0.9239891038 2
0 0.005 -0.335 0.8906606249 2
0 0.005 -0.325 0.8516769849 2
0 0.005 -0.315 0.8072857065 2
0 0.005 -0.305 0.7577686475 2
0 0.005 -0.295 0.7034402118 2
0 0.005 -0.285 0.6446453524 2
0 0.005 -0.275 0.5817573812 2
0 0.005 -0.265 0.5151755994 2
0 0.005 -0.255 0.4453227612 2
0 0.005 -0.245 0.3726423903 2
0 0.005 -0.235 0.2975959636 2
0 0.005 -0.225 0.2206599809 2
0 0.005 -0.215 0.1423229395 2
0 0.005 -0.205 0.0630822328 2
0 0.005 -0.195 -0.01655900831 2
0 0.005 -0.185 -0.09609510964 2
0 0.005 -0.175 -0.1750210646 2
0 0.005 -0.165 -0.2528357407 2
0 0.005 -0.155 -0.3290450614 2
0 0.005 -0.145 -0.4031651431 2
0 0.005 -0.135 -0.4747253678 2
0 0.005 -0.125 -0.5432713709 2
0 0.005 -0.115 -0.6083679263 2
0 0.005 -0.105 -0.6696017101 2
0 0.005 -0.095 -0.7265839242 2
0 0.005 -0.085 -0.7789527659 2
0 0.005 -0.075 -0.8263757243 2
0 0.005 -0.065 -0.8685516921 2
0 0.005 -0.055 -0.9052128771 2
0 0.005 -0.045 -0.9361265029 2
0 0.005 -0.035 -0.9610962864 2
0 0.005 -0.025 -0.9799636845 2
0 0.005 -0.015 -0.9926089004 2
0 0.005 -0.005 -0.9989516447 2
0 0.005 0.005 -0.9989516447 2
0 0.005 0.015 -0.9926089004 2
0 0.005 0.025 -0.9799636845 2
0 0.005 0.035 -0.9610962864 2
0 0.005 0.045 -0.9361265029 2
0 0.005 0.055 -0.9052128771 2
0 0.005 0.065 -0.8685516921 2
0 0.005 0.075 -0.8263757243 2
0 0.005 0.085 -0.7789527659 2
0 0.005 0.095 -0.7265839242 2
0 0.005 0.105 -0.6696017101 2
0 0.005 0.115 -0.6083679263 2
0 0.005 0.125 -0.5432713709 2
0 0.005 0.135 -0.4747253678 2
0 0.005 0.145 -0.4031651431 2
0 0.005 0.155 -0.3290450614 2
0 0.005 0.165 -0.2528357407 2
0 0.005 0.175 -0.1750210646 2
0 0.005 0.185 -0.09609510964 1
0 0.005 0.195 -0.01655900831 1
0 0.005 0.205 0.0630822328 1
0 0.005 0.215 0.1423229395 1
0 0.005 0.225 0.2206599809 1
0 0.005 0.235 0.2975959636 2
0 0.005 0.245 0.3726423903 2
0 0.005 0.255 0.4453227612 2
0 0.005 0.265 0.5151755994 2
0 0.005 0.275 0.5817573812 2
0 0.005 0.285 0.6446453524 2
0 0.005 0.295 0.7034402118 2
0 0.005 0.305 0.7577686475 2
0 0.005 0.315 0.8072857065 2
0 0.005 0.325 0.8516769849 2
0 0.005 0.335 0.8906606249 2
0 0.005 0.345 0.9239891038 2
0 0.005 0.355 0.9514508055 1
0 0.005 0.365 0.9728713648 1
0 0.005 0.375 0.988114774 1
0 0.005 0.385 0.9970842465 1
0 0.005 0.395 0.9997228316 1
0 0.005 0.405 0 1
0 0.005 0.415 0 1
0 0.005 0.425 0 1
0 0.005 0.435 0 2
0 0.005 0.445 0 2
0 0.005 0.455 0 2
0 0.005 0.465 0 2
0 0.015 -0.455 0 1
0 0.015 -0.445 0 2
0 0.015 -0.435 0 2
0 0.015 -0.425 0 2
0 0.015 -0.415 0 2
0 0.015 -0.405 0 2
0 0.015 -0.395 0.9976871183 2
0 0.015 -0.385 0.9950539061 2
0 0.015 -0.375 0.9861026979 2
0 0.015 -0.365 0.9708903285 2
0 0.015 -0.355 0.9495133874 2
0 0.015 -0.345 0.9221076053 2
0 0.015 -0.335 0.8888469925 2
0 0.015 -0.325 0.849942734 2
0 0.015 -0.315 0.8056418485 2
0 0.015 -0.305 0.7562256201 2
0 0.015 -0.295 0.7020078122 2
0 0.015 -0.285 0.6433326754 2
0 0.015 -0.275 0.5805727616 2
0 0.015 -0.265 0.5141265588 2
0 0.015 -0.255 0.4444159603 2
0 0.015 -0.245 0.3718835869 2
0 0.015 -0.235 0.2969899756 2
0 0.015 -0.225 0.2202106559 2
0 0.015 -0.215 0.1420331305 2
0 0.015 -0.205 0.06295377985 2
0 0.015 -0.195 -0.01652528957 2
0 0.015 -0.185 -0.09589943331 2
0 0.015 -0.175 -0.1746646731 2
0 0.015 -0.165 -0.2523208969 2
0 0.015 -0.155 -0.3283750343 2
0 0.015 -0.145 -0.4023441869 2
0 0.015 -0.135 -0.4737586951 2
0 0.015 -0.125 -0.5421651195 2
0 0.015 -0.115 -0.6071291203 2
0 0.015 -0.105 -0.668238215 2
0 0.015 -0.095 -0.7251043975 2
0 0.015 -0.085 -0.7773666017 2
0 0.015 -0.075 -0.8246929938 2
0 0.015 -0.065 -0.8667830796 2
0 0.015 -0.055 -0.9033696123 2
0 0.015 -0.045 -0.9342202894 2
0 0.015 -0.035 -0.9591392275 2
0 0.015 -0.025 -0.9779682063 2
0 0.015 -0.015 -0.990587673 2
0 0.015 -0.005 -0.9969175017 2
0 0.015 0.005 -0.9969175017 2
0 0.015 0.015 -0.990587673 2
0 0.015 0.025 -0.9779682063 2
0 0.015 0.035 -0.9591392275 2
0 0.015 0.045 -0.9342202894 2
0 0.015 0.055 -0.9033696123 2
0 0.015 0.065 -0.8667830796 2
0 0.015 0.075 -0.8246929938 2
0 0.015 0.085 -0.7773666017 2
0 0.015 0.095 -0.7251043975 2
0 0.015 0.105 -0.668238215 2
0 0.015 0.115 -0.6071291203 2
0 0.015 0.125 -0.5421651195 2
0 0.015 0.135 -0.4737586951 2
0 0.015 0.145 -0.4023441869 2
0 0.015 0.155 -0.3283750343 2
0 0.015 0.165 -0.2523208969 2
0 0.015 0.175 -0.1746646731 2
0 0.015 0.185 -0.09589943331 1
0 0.015 0.195 -0.01652528957 1
0 0.015 0.205 0.06295377985 1
0 0.015 0.215 0.1420331305 1
0 0.015 0.225 0.2202106559 1
0 0.015 0.235 0.2969899756 1
0 0.015 0.245 0.3718835869 1
0 0.015 0.255 0.4444159603 2
0 0.015 0.265 0.5141265588 2
0 0.015 0.275 0.5805727616 2
0 0.015 0.285 0.6433326754 2
0 0.015 0.295 0.7020078122 2
0 0.015 0.305 0.7562256201 2
0 0.015 0.315 0.8056418485 2
0 0.015 0.325 0.849942734 2
0 0.015 0.335 0.8888469925 2
0 0.015 0.345 0.9221076053 2
0 0.015 0.355 0.9495133874 1
0 0.015 0.365 0.9708903285 1
0 0.015 0.375 0.9861026979 1
0 0.015 0.385 0.9950539061 1
0 0.015 0.395 0.9976871183 1
0 0.015 0.405 0 1
0 0.015 0.415 0 1
0 0.015 0.425 0 1
0 0.015 0.435 0 2
0 0.015 0.445 0 2
0 0.015 0.455 0 2
0 0.015 0.465 0 2
0 0.025 -0.455 0 1
0 0.025 -0.445 0 1
0 0.025 -0.435 0 2
0 0.025 -0.425 0 2
0 0.025 -0.415 0 2
0 0.025 -0.405 0 2
0 0.025 -0.395 0.9936198369 2
0 0.025 -0.385 0.9909973595 2
0 0.025 -0.375 0.9820826428 2
0 0.025 -0.365 0.9669322899 2
0 0.025 -0.355 0.9456424963 2
0 0.025 -0.345 0.9183484397 2
0 0.025 -0.335 0.8852234208 2
0 0.025 -0.325 0.8464777637 2
0 0.025 -0.315 0.8023574801 2
0 0.025 -0.305 0.7531427073 2
0 0.025 -0.295 0.6991459297 2
0 0.025 -0.285 0.6407099944 2
0 0.025 -0.275 0.5782059346 2
0 0.025 -0.265 0.5120306137 2
0 0.025 -0.255 0.4426042052 1
0 0.025 -0.245 0.3703675253 1
0 0.025 -0.235 0.2957792335 1
0 0.025 -0.225 0.2193129208 2
0 0.025 -0.215 0.1414541026 2
0 0.025 -0.205 0.06269713553 2
0 0.025 -0.195 -0.01645792075 2
0 0.025 -0.185 -0.0955084791 2
0 0.025 -0.175 -0.1739526158 2
0 0.025 -0.165 -0.2512922577 2
0 0.025 -0.155 -0.3270363444 2
0 0.025 -0.145 -0.4007039462 2
0 0.025 -0.135 -0.4718273181 2
0 0.025 -0.125 -0.5399548693 2
0 0.025 -0.115 -0.6046540307 2
0 0.025 -0.105 -0.6655140014 2
0 0.025 -0.095 -0.7221483569 2
0 0.025 -0.085 -0.7741975032 2
0 0.025 -0.075 -0.8213309593 2
0 0.025 -0.065 -0.863249456 2
0 0.025 -0.055 -0.8996868361 2
0 0.025 -0.045 -0.9304117438 2
0 0.025 -0.035 -0.9552290946 2
0 0.025 -0.025 -0.9739813131 2
0 0.025 -0.015 -0.986549334 2
0 0.025 -0.005 -0.9928533578 2
0 0.025 0.005 -0.9928533578 2
0 0.025 0.015 -0.986549334 2
0 0.025 0.025 -0.9739813131 2
0 0.025 0.035 -0.9552290946 2
0 0.025 0.045 -0.9304117438 2
0 0.025 0.055 -0.8996868361 2
0 0.025 0.065 -0.863249456 2
0 0.025 0.075 -0.8213309593 2
0 0.025 0.085 -0.7741975032 2
0 0.025 0.095 -0.7221483569 2
0 0.025 0.105 -0.6655140014 2
0 0.025 0.115 -0.6046540307 2
0 0.025 0.125 -0.5399548693 2
0 0.025 0.135 -0.4718273181 2
0 0.025 0.145 -0.4007039462 2
0 0.025 0.155 -0.3270363444 2
0 0.025 0.165 -0.2512922577 2
0 0.025 0.175 -0.1739526158 1
0 0.025 0.185 -0.0955084791 1
0 0.025 0.195 -0.01645792075 1
0 0.025 0.205 0.06269713553 1
0 0.025 0.215 0.1414541026 1
0 0.025 0.225 0.2193129208 1
0 0.025 0.235 0.2957792335 1
0 0.025 0.245 0.3703675253 1
0 0.025 0.255 0.4426042052 1
0 0.025 0.265 0.5120306137 2
0 0.025 0.275 0.5782059346 2
0 0.025 0.285 0.6407099944 2
0 0.025 0.295 0.6991459297 2
0 0.025 0.305 0.7531427073 2
0 0.025 0.315 0.8023574801 2
0 0.025 0.325 0.8464777637 2
0 0.025 0.335 0.8852234208 2
0 0.025 0.345 0.9183484397 2
0 0.025 0.355 0.9456424963 2
0 0.025 0.365 0.9669322899 1
0 0.025 0.375 0.9820826428 1
0 0.025 0.385 0.9909973595 1
0 0.025 0.395 0.9936198369 1
0 0.025 0.405 0 1
0 0.025 0.415 0 1
0 0.025 0.425 0 1
0 0.025 0.435 0 2
0 0.025 0.445 0 2
0 0.025 0.455 0 2
0 0.025 0.465 0 2
0 0.035 -0.455 0 1
0 0.035 -0.445 0 1
0 0.035 -0.435 0 2
0 0.035 -0.425 0 2
0 0.035 -0.415 0 2
0 0.035 -0.405 0 2
0 0.035 -0.395 0.9875292695 2
0 0.035 -0.385 0.9849228671 2
0 0.035 -0.375 0.9760627947 2
0 0.035 -0.365 0.9610053085 2
0 0.035 -0.355 0.9398460145 2
0 0.035 -0.345 0.9127192616 2
0 0.035 -0.335 0.8797972883 2
0 0.035 -0.325 0.8412891295 2
0 0.035 -0.315 0.7974392889 2
0 0.035 -0.305 0.7485261868 2
0 0.035 -0.295 0.6948603919 2
0 0.035 -0.285 0.6367826499 2
0 0.035 -0.275 0.5746617198 2
0 0.035 -0.265 0.5088920321 1
0 0.035 -0.255 0.439891185 1
0 0.035 -0.245 0.3680972924 1
0 0.035 -0.235 0.2939662027 1
0 0.035 -0.225 0.2179686038 1
0 0.035 -0.215 0.1405870348 1
0 0.035 -0.205 0.06231282242 2
0 0.035 -0.195 -0.01635703904 2
0 0.035 -0.185 -0.0949230431 2
0 0.035 -0.175 -0.1728863427 2
0 0.035 -0.165 -0.2497519177 2
0 0.035 -0.155 -0.3250317176 2
0 0.035 -0.145 -0.398247761 2
0 0.035 -0.135 -0.4689351697 2
0 0.035 -0.125 -0.5366451211 2
0 0.035 -0.115 -0.6009476976 2
0 0.035 -0.105 -0.6614346164 2
0 0.035 -0.095 -0.7177218217 2
0 0.035 -0.085 -0.7694519236 2
0 0.035 -0.075 -0.8162964669 2
0 0.035 -0.065 -0.8579580168 2
0 0.035 -0.055 -0.8941720475 2
0 0.035 -0.045 -0.9247086216 2
0 0.035 -0.035 -0.9493738501 2
0 0.035 -0.025 -0.9680111236 2
0 0.035 -0.015 -0.9805021065 2
0 0.035 -0.005 -0.9867674887 2
0 0.035 0.005 -0.9867674887 2
0 0.035 0.015 -0.9805021065 2
0 0.035 0.025 -0.9680111236 2
0 0.035 0.035 -0.9493738501 2
0 0.035 0.045 -0.9247086216 2
0 0.035 0.055 -0.8941720475 2
0 0.035 0.065 -0.8579580168 2
0 0.035 0.075 -0.8162964669 2
0 0.035 0.085 -0.7694519236 2
0 0.035 0.095 -0.7177218217 2
0 0.035 0.105 -0.6614346164 2
0 0.035 0.115 -0.6009476976 2
0 0.035 0.125 -0.5366451211 2
0 0.035 0.135 -0.4689351697 2
0 0.035 0.145 -0.398247761 2
0 0.035 0.155 -0.3250317176 2
0 0.035 0.165 -0.2497519177 2
0 0.035 0.175 -0.1728863427 2
0 0.035 0.185 -0.0949230431 1
0 0.035 0.195 -0.01635703904 1
0 0.035 0.205 0.06231282242 1
0 0.035 0.215 0.1405870348 1
0 0.035 0.225 0.2179686038 1
0 0.035 0.235 0.2939662027 1
0 0.035 0.245 0.3680972924 1
0 0.035 0.255 0.439891185 1
0 0.035 0.265 0.5088920321 1
0 0.035 0.275 0.5746617198 2
0 0.035 0.285 0.6367826499 2
0 0.035 0.295 0.6948603919 2
0 0.035 0.305 0.7485261868 2
0 0.035 0.315 0.7974392889 2
0 0.035 0.325 0.8412891295 2
0 0.035 0.335 0.8797972883 2
0 0.035 0.345 0.9127192616 2
0 0.035 0.355 0.9398460145 2
0 0.035 0.365 0.9610053085 1
0 0.035 0.375 0.9760627947 1
0 0.035 0.385 0.9849228671 1
0 0.035 0.395 0.9875292695 1
0 0.035 0.405 0 1
0 0.035 0.415 0 1
0 0.035 0.425 0 1
0 0.035 0.435 0 1
0 0.035 0.445 0 2
0 0.035 0.455 0 2
0 0.035 0.465 0 2
0 0.045 -0.455 0 1
0 0.045 -0.445 0 1
0 0.045 -0.435 0 2
0 0.045 -0.425 0 2
0 0.045 -0.415 0 2
0 0.045 -0.405 0 2
0 0.045 -0.395 0.9794278183 2
0 0.045 -0.385 0.9768427982 2
0 0.045 -0.375 0.9680554117 2
0 0.045 -0.365 0.9531214535 2
0 0.045 -0.355 0.9321357452 2
0 0.045 -0.345 0.9052315336 2
0 0.045 -0.335 0.8725796442 2
0 0.045 -0.325 0.834387397 2
0 0.045 -0.315 0.7908972899 2
0 0.045 -0.305 0.742385459 2
0 0.045 -0.295 0.6891599253 2
0 0.045 -0.285 0.6315586391 2
0 0.045 -0.275 0.569947334 2
0 0.045 -0.265 0.504717205 1
0 0.045 -0.255 0.4362824241 1
0 0.045 -0.245 0.3650775113 1
0 0.045 -0.235 0.2915545751 1
0 0.045 -0.225 0.2161804421 1
0 0.045 -0.215 0.1394336928 1
0 0.045 -0.205 0.0618016231 1
0 0.045 -0.195 -0.01622284984 2
0 0.045 -0.185 -0.09414431741 2
0 0.045 -0.175 -0.171468025 2
0 0.045 -0.165 -0.2477030134 2
0 0.045 -0.155 -0.322365236 2
0 0.045 -0.145 -0.3949806327 2
0 0.045 -0.135 -0.465088139 2
0 0.045 -0.125 -0.5322426143 2
0 0.045 -0.115 -0.5960176681 2
0 0.045 -0.105 -0.6560083668 2
0 0.045 -0.095 -0.7118338055 2
0 0.045 -0.085 -0.7631395262 2
0 0.045 -0.075 -0.8095997682 2
0 0.045 -0.065 -0.8509195368 2
0 0.045 -0.055 -0.8868364764 2
0 0.045 -0.045 -0.9171225358 2
0 0.045 -0.035 -0.9415854167 2
0 0.045 -0.025 -0.9600697945 2
0 0.045 -0.015 -0.9724583045 2
0 0.045 -0.005 -0.978672287 2
0 0.045 0.005 -0.978672287 2
0 0.045 0.015 -0.9724583045 2
0 0.045 0.025 -0.9600697945 2
0 0.045 0.035 -0.9415854167 2
0 0.045 0.045 -0.9171225358 2
0 0.045 0.055 -0.8868364764 2
0 0.045 0.065 -0.8509195368 2
0 0.045 0.075 -0.8095997682 2
0 0.045 0.085 -0.7631395262 2
0 0.045 0.095 -0.7118338055 2
0 0.045 0.105 -0.6560083668 2
0 0.045 0.115 -0.5960176681 2
0 0.045 0.125 -0.5322426143 2
0 0.045 0.135 -0.465088139 2
0 0.045 0.145 -0.3949806327 2
0 0.045 0.155 -0.322365236 2
0 0.045 0.165 -0.2477030134 2
0 0.045 0.175 -0.171468025 2
0 0.045 0.185 -0.09414431741 1
0 0.045 0.195 -0.01622284984 1
0 0.045 0.205 0.0618016231 1
0 0.045 0.215 0.1394336928 1
0 0.045 0.225 0.2161804421 1
0 0.045 0.235 0.2915545751 1
0 0.045 0.245 0.3650775113 1
0 0.045 0.255 0.4362824241 1
0 0.045 0.265 0.504717205 1
0 0.045 0.275 0.569947334 2
0 0.045 0.285 0.6315586391 2
0 0.045 0.295 0.6891599253 2
0 0.045 0.305 0.742385459 2
0 0.045 0.315 0.7908972899 2
0 0.045 0.325 0.834387397 2
0 0.045 0.335 0.8725796442 2
0 0.045 0.345 0.9052315336 2
0 0.045 0.355 0.9321357452 2
0 0.045 0.365 0.9531214535 1
0 0.045 0.375 0.9680554117 1
0 0.045 0.385 0.9768427982 1
0 0.045 0.395 0.9794278183 1
0 0.045 0.405 0 1
0 0.045 0.415 0 1
0 0.045 0.425 0 1
0 0.045 0.435 0 1
0 0.045 0.445 0 2
0 0.045 0.455 0 2
0 0.045 0.465 0 2
0 0.055 -0.455 0 1
0 0.055 -0.445 0 2
0 0.055 -0.435 0 2
0 0.055 -0.425 0 2
0 0.055 -0.415 0 2
0 0.055 -0.405 0 2
0 0.055 -0.395 0.96933198 2
0 0.055 -0.385 0.966773606 2
0 0.055 -0.375 0.958076799 2
0 0.055 -0.365 0.9432967784 2
0 0.055 -0.355 0.9225273886 2
0 0.055 -0.345 0.8959005027 2
0 0.055 -0.335 0.8635851856 2
0 0.055 -0.325 0.8257866201 2
0 0.055 -0.315 0.7827448044 2
0 0.055 -0.305 0.7347330283 2
0 0.055 -0.295 0.6820561378 2
0 0.055 -0.285 0.6250485995 2
0 0.055 -0.275 0.5640723773 2
0 0.055 -0.265 0.4995146334 1
0 0.055 -0.255 0.4317852711 1
0 0.055 -0.245 0.361314331 1
0 0.055 -0.235 0.2885492614 1
0 0.055 -0.225 0.2139520769 1
0 0.055 -0.215 0.137996425 1
0 0.055 -0.205 0.06116457851 1
0 0.055 -0.195 -0.01605562643 1
0 0.055 -0.185 -0.09317388776 2
0 0.055 -0.175 -0.1697005507 2
0 0.055 -0.165 -0.2451497169 2
0 0.055 -0.155 -0.3190423293 2
0 0.055 -0.145 -0.3909092141 2
0 0.055 -0.135 -0.4602940597 2
0 0.055 -0.125 -0.5267563138 2
0 0.055 -0.115 -0.589873981 2
0 0.055 -0.105 -0.649246302 2
0 0.055 -0.095 -0.704496298 2
0 0.055 -0.085 -0.7552731647 2
0 0.055 -0.075 -0.8012544995 2
0 0.055 -0.065 -0.8421483483 2
0 0.055 -0.055 -0.8776950599 2
0 0.055 -0.045 -0.9076689338 2
0 0.055 -0.035 -0.9318796539 2
0 0.055 -0.025 -0.9501734967 2
0 0.055 -0.015 -0.9624343072 2
0 0.055 -0.005 -0.9685842366 2
0 0.055 0.005 -0.9685842366 2
0 0.055 0.015 -0.9624343072 2
0 0.055 0.025 -0.9501734967 2
0 0.055 0.035 -0.9318796539 2
0 0.055 0.045 -0.9076689338 2
0 0.055 0.055 -0.8776950599 2
0 0.055 0.065 -0.8421483483 2
0 0.055 0.075 -0.8012544995 2
0 0.055 0.085 -0.7552731647 2
0 0.055 0.095 -0.704496298 2
0 0.055 0.105 -0.649246302 2
0 0.055 0.115 -0.589873981 2
0 0.055 0.125 -0.5267563138 2
0 0.055 0.135 -0.4602940597 2
0 0.055 0.145 -0.3909092141 2
0 0.055 0.155 -0.3190423293 2
0 0.055 0.165 -0.2451497169 2
0 0.055 0.175 -0.1697005507 2
0 0.055 0.185 -0.09317388776 1
0 0.055 0.195 -0.01605562643 1
0 0.055 0.205 0.06116457851 1
0 0.055 0.215 0.137996425 1
0 0.055 0.225 0.2139520769 1
0 0.055 0.235 0.2885492614 1
0 0.055 0.245 0.361314331 1
0 0.055 0.255 0.4317852711 1
0 0.055 0.265 0.4995146334 1
0 0.055 0.275 0.5640723773 2
0 0.055 0.285 0.6250485995 2
0 0.055 0.295 0.6820561378 2
0 0.055 0.305 0.7347330283 2
0 0.055 0.315 0.7827448044 2
0 0.055 0.325 0.8257866201 2
0 0.055 0.335 0.8635851856 2
0 0.055 0.345 0.8959005027 2
0 0.055 0.355 0.9225273886 2
0 0.055 0.365 0.9432967784 2
0 0.055 0.375 0.958076799 1
0 0.055 0.385 0.966773606 1
0 0.055 0.395 0.96933198 1
0 0.055 0.405 0 1
0 0.055 0.415 0 1
0 0.055 0.425 0 1
0 0.055 0.435 0 2
0 0.055 0.445 0 2
0 0.055 0.455 0 2
0 0.055 0.465 0 2
0 0.065 -0.455 0 2
0 0.065 -0.445 0 2
0 0.065 -0.435 0 2
0 0.065 -0.425 0 2
0 0.065 -0.415 0 2
0 0.065 -0.405 0 2
0 0.065 -0.395 0.9572623126 2
0 0.065 -0.385 0.9547357943 2
0 0.065 -0.375 0.9461472758 2
0 0.065 -0.365 0.9315512891 2
0 0.065 -0.355 0.91104051 2
0 0.065 -0.345 0.8847451697 2
0 0.065 -0.335 0.8528322277 2
0 0.065 -0.325 0.8155043122 2
0 0.065 -0.315 0.772998433 2
0 0.065 -0.305 0.725584477 2
0 0.065 -0.295 0.6735634945 2
0 0.065 -0.285 0.6172657874 2
0 0.065 -0.275 0.5570488124 2
0 0.065 -0.265 0.4932949114 1
0 0.065 -0.255 0.4264088833 1
0 0.065 -0.245 0.3568154143 1
0 0.065 -0.235 0.2849563813 1
0 0.065 -0.225 0.211288046 1
0 0.065 -0.215 0.1362781582 1
0 0.065 -0.205 0.06040298585 1
0 0.065 -0.195 -0.01585570929 1
0 0.065 -0.185 -0.09201373018 2
0 0.065 -0.175 -0.167587519 2
0 0.065 -0.165 -0.2420972276 2
0 0.065 -0.155 -0.3150697638 2
0 0.065 -0.145 -0.3860417958 2
0 0.065 -0.135 -0.4545626938 2
0 0.065 -0.125 -0.5201973911 2
0 0.065 -0.115 -0.5825291467 2
0 0.065 -0.105 -0.6411621914 2
0 0.065 -0.095 -0.6957242403 2
0 0.065 -0.085 -0.7458688573 2
0 0.065 -0.075 -0.791277654 2
0 0.065 -0.065 -0.8316623119 2
0 0.065 -0.055 -0.8667664124 2
0 0.065 -0.045 -0.8963670657 2
0 0.065 -0.035 -0.9202763253 2
0 0.065 -0.025 -0.9383423817 2
0 0.065 -0.015 -0.9504505264 2
0 0.065 -0.005 -0.9565238798 2
0 0.065 0.005 -0.9565238798 2
0 0.065 0.015 -0.9504505264 2
0 0.065 0.025 -0.9383423817 2
0 0.065 0.035 -0.9202763253 2
0 0.065 0.045 -0.8963670657 2
0 0.065 0.055 -0.8667664124 2
0 0.065 0.065 -0.8316623119 2
0 0.065 0.075 -0.791277654 2
0 0.065 0.085 -0.7458688573 2
0 0.065 0.095 -0.6957242403 2
0 0.065 0.105 -0.6411621914 2
0 0.065 0.115 -0.5825291467 2
0 0.065 0.125 -0.5201973911 2
0 0.065 0.135 -0.4545626938 2
0 0.065 0.145 -0.3860417958 2
0 0.065 0.155 -0.3150697638 2
0 0.065 0.165 -0.2420972276 2
0 0.065 0.175 -0.167587519 2
0 0.065 0.185 -0.09201373018 2
0 0.065 0.195 -0.01585570929 1
0 0.065 0.205 0.06040298585 1
0 0.065 0.215 0.1362781582 1
0 0.065 0.225 0.211288046 1
0 0.065 0.235 0.2849563813 1
0 0.065 0.245 0.3568154143 1
0 0.065 0.255 0.4264088833 1
0 0.065 0.265 0.4932949114 1
0 0.065 0.275 0.5570488124 1
0 0.065 0.285 0.6172657874 2
0 0.065 0.295 0.6735634945 2
0 0.065 0.305 0.725584477 2
0 0.065 0.315 0.772998433 2
0 0.065 0.325 0.8155043122 2
0 0.065 0.335 0.8528322277 2
0 0.065 0.345 0.8847451697 2
0 0.065 0.355 0.91104051 2
0 0.065 0.365 0.9315512891 2
0 0.065 0.375 0.9461472758 2
0 0.065 0.385 0.9547357943 1
0 0.065 0.395 0.9572623126 1
0 0.065 0.405 0 1
0 0.065 0.415 0 1
0 0.065 0.425 0 1
0 0.065 0.435 0 2
0 0.065 0.445 0 2
0 0.065 0.455 0 2
0 0.065 0.465 0 2
0 0.075 -0.455 0 2
0 0.075 -0.445 0 2
0 0.075 -0.435 0 2
0 0.075 -0.425 0 2
0 0.075 -0.415 0 2
0 0.075 -0.405 0 2
0 0.075 -0.395 0.9432433933 2
0 0.075 -0.385 0.9407538753 2
0 0.075 -0.375 0.932291134 2
0 0.075 -0.365 0.9179089027 1
0 0.075 -0.355 0.8976984999 1
0 0.075 -0.345 0.8717882497 1
0 0.075 -0.335 0.8403426665 1
0 0.075 -0.325 0.803561411 2
0 0.075 -0.315 0.7616780222 2
0 0.075 -0.305 0.7149584343 2
0 0.075 -0.295 0.6636992888 2
0 0.075 -0.285 0.6082260506 2
0 0.075 -0.275 0.5488909415 2
0 0.075 -0.265 0.4860707039 1
0 0.075 -0.255 0.4201642086 1
0 0.075 -0.245 0.3515899223 1
0 0.075 -0.235 0.2807832508 1
0 0.075 -0.225 0.2081937739 1
0 0.075 -0.215 0.1342823913 1
0 0.075 -0.205 0.05951839594 1
0 0.075 -0.195 -0.01562350553 1
0 0.075 -0.185 -0.0906662071 1
0 0.075 -0.175 -0.1651332326 2
0 0.075 -0.165 -0.238551761 2
0 0.075 -0.155 -0.3104556287 2
0 0.075 -0.145 -0.3803882892 2
0 0.075 -0.135 -0.4479057121 2
0 0.075 -0.125 -0.5125792021 2
0 0.075 -0.115 -0.5739981213 2
0 0.075 -0.105 -0.6317724965 2
0 0.075 -0.095 -0.6855354949 2
0 0.075 -0.085 -0.7349457538 2
0 0.075 -0.075 -0.7796895476 2
0 0.075 -0.065 -0.81948278 2
0 0.075 -0.055 -0.8540727878 2
0 0.075 -0.045 -0.8832399453 2
0 0.075 -0.035 -0.9067990585 2
0 0.075 -0.025 -0.9246005411 2
0 0.075 -0.015 -0.9365313643 2
0 0.075 -0.005 -0.9425157746 2
0 0.075 0.005 -0.9425157746 2
0 0.075 0.015 -0.9365313643 2
0 0.075 0.025 -0.9246005411 2
0 0.075 0.035 -0.9067990585 2
0 0.075 0.045 -0.8832399453 2
0 0.075 0.055 -0.8540727878 2
0 0.075 0.065 -0.81948278 2
0 0.075 0.075 -0.7796895476 2
0 0.075 0.085 -0.7349457538 2
0 0.075 0.095 -0.6855354949 2
0 0.075 0.105 -0.6317724965 2
0 0.075 0.115 -0.5739981213 2
0 0.075 0.125 -0.5125792021 2
0 0.075 0.135 -0.4479057121 2
0 0.075 0.145 -0.3803882892 2
0 0.075 0.155 -0.3104556287 2
0 0.075 0.165 -0.238551761 2
0 0.075 0.175 -0.1651332326 2
0 0.075 0.185 -0.0906662071 2
0 0.075 0.195 -0.01562350553 2
0 0.075 0.205 0.05951839594 1
0 0.075 0.215 0.1342823913 1
0 0.075 0.225 0.2081937739 1
0 0.075 0.235 0.2807832508 1
0 0.075 0.245 0.3515899223 1
0 0.075 0.255 0.4201642086 1
0 0.075 0.265 0.4860707039 1
0 0.075 0.275 0.5488909415 2
0 0.075 0.285 0.6082260506 2
0 0.075 0.295 0.6636992888 2
0 0.075 0.305 0.7149584343 2
0 0.075 0.315 0.7616780222 2
0 0.075 0.325 0.803561411 2
0 0.075 0.335 0.8403426665 2
0 0.075 0.345 0.8717882497 2
0 0.075 0.355 0.8976984999 2
0 0.075 0.365 0.9179089027 2
0 0.075 0.375 0.932291134 2
0 0.075 0.385 0.9407538753 2
0 0.075 0.395 0.9432433933 1
0 0.075 0.405 0 1
0 0.075 0.415 0 1
0 0.075 0.425 0 2
0 0.075 0.435 0 2
0 0.075 0.445 0 2
0 0.075 0.455 0 2
0 0.075 0.465 0 2
0 0.085 -0.455 0 1
0 0.085 -0.445 0 1
0 0.085 -0.435 0 1
0 0.085 -0.425 0 1
0 0.085 -0.415 0 1
0 0.085 -0.405 0 1
0 0.085 -0.395 0.9273037684 1
0 0.085 -0.385 0.9248563202 2
0 0.085 -0.375 0.9165365885 1
0 0.085 -0.365 0.9023973988 1
0 0.085 -0.355 0.8825285264 1
0 0.085 -0.345 0.8570561267 1
0 0.085 -0.335 0.8261419343 1
0 0.085 -0.325 0.7899822357 1
0 0.085 -0.315 0.7488066233 2
0 0.085 -0.305 0.7028765376 2
0 0.085 -0.295 0.6524836071 2
0 0.085 -0.285 0.5979477968 2
0 0.085 -0.275 0.5396153762 2
0 0.085 -0.265 0.4778567214 2
0 0.085 -0.255 0.4130639629 1
0 0.085 -0.245 0.3456484957 1
0 0.085 -0.235 0.2760383676 1
0 0.085 -0.225 0.2046755614 1
0 0.085 -0.215 0.132013188 1
0 0.085 -0.205 0.05851261004 1
0 0.085 -0.195 -0.01535948797 1
0 0.085 -0.185 -0.08913406244 1
0 0.085 -0.175 -0.162342689 2
0 0.085 -0.165 -0.2345205368 2
0 0.085 -0.155 -0.3052093198 2
0 0.085 -0.145 -0.3739602064 2
0 0.085 -0.135 -0.4403366699 2
0 0.085 -0.125 -0.5039172594 2
0 0.085 -0.115 -0.5642982763 2
0 0.085 -0.105 -0.6210963373 2
0 0.085 -0.095 -0.6739508088 2
0 0.085 -0.085 -0.7225260966 2
0 0.085 -0.075 -0.7665137766 2
0 0.085 -0.065 -0.8056345535 2
0 0.085 -0.055 -0.8396400339 2
0 0.085 -0.045 -0.8683143031 2
0 0.085 -0.035 -0.891475297 2
0 0.085 -0.025 -0.9089759569 2
0 0.085 -0.015 -0.9207051643 2
0 0.085 -0.005 -0.9265884456 2
0 0.085 0.005 -0.9265884456 2
0 0.085 0.015 -0.9207051643 2
0 0.085 0.025 -0.9089759569 2
0 0.085 0.035 -0.891475297 2
0 0.085 0.045 -0.8683143031 2
0 0.085 0.055 -0.8396400339 2
0 0.085 0.065 -0.8056345535 2
0 0.085 0.075 -0.7665137766 2
0 0.085 0.085 -0.7225260966 2
0 0.085 0.095 -0.6739508088 2
0 0.085 0.105 -0.6210963373 2
0 0.085 0.115 -0.5642982763 2
0 0.085 0.125 -0.5039172594 2
0 0.085 0.135 -0.4403366699 2
0 0.085 0.145 -0.3739602064 2
0 0.085 0.155 -0.3052093198 2
0 0.085 0.165 -0.2345205368 2
0 0.085 0.175 -0.162342689 2
0 0.085 0.185 -0.08913406244 2
0 0.085 0.195 -0.01535948797 2
0 0.085 0.205 0.05851261004 2
0 0.085 0.215 0.132013188 2
0 0.085 0.225 0.2046755614 1
0 0.085 0.235 0.2760383676 1
0 0.085 0.245 0.3456484957 1
0 0.085 0.255 0.4130639629 1
0 0.085 0.265 0.4778567214 1
0 0.085 0.275 0.5396153762 2
0 0.085 0.285 0.5979477968 2
0 0.085 0.295 0.6524836071 2
0 0.085 0.305 0.7028765376 2
0 0.085 0.315 0.7488066233 2
0 0.085 0.325 0.7899822357 2
0 0.085 0.335 0.8261419343 2
0 0.085 0.345 0.8570561267 2
0 0.085 0.355 0.8825285264 2
0 0.085 0.365 0.9023973988 2
0 0.085 0.375 0.9165365885 2
0 0.085 0.385 0.9248563202 2
0 0.085 0.395 0.9273037684 2
0 0.085 0.405 0 2
0 0.085 0.415 0 2
0 0.085 0.425 0 2
0 0.085 0.435 0 2
0 0.085 0.445 0 2
0 0.085 0.455 0 2
0 0.085 0.465 0 2
0 0.095 -0.455 0 1
0 0.095 -0.445 0 1
0 0.095 -0.435 0 1
0 0.095 -0.425 0 1
0 0.095 -0.415 0 1
0 0.095 -0.405 0 1
0 0.095 -0.395 0.9094758956 1
0 0.095 -0.385 0.9070755007 1
0 0.095 -0.375 0.89891572 1
0 0.095 -0.365 0.8850483632 1
0 0.095 -0.355 0.8655614797 1
0 0.095 -0.345 0.8405787995 1
0 0.095 -0.335 0.8102589476 1
0 0.095 -0.325 0.7747944371 1
0 0.095 -0.315 0.7344104462 2
0 0.095 -0.305 0.6893633891 2
0 0.095 -0.295 0.6399392876 2
0 0.095 -0.285 0.5864519551 2
0 0.095 -0.275 0.5292410041 2
0 0.095 -0.265 0.46866969 2
0 0.095 -0.255 0.4051226042 1
0 0.095 -0.245 0.3390032326 1
0 0.095 -0.235 0.2707313937 1
0 0.095 -0.225 0.2007405727 1
0 0.095 -0.215 0.1294751693 1
0 0.095 -0.205 0.05738767622 1
0 0.095 -0.195 -0.01506419423 1
0 0.095 -0.185 -0.08742041607 1
0 0.095 -0.175 -0.1592215707 2
0 0.095 -0.165 -0.2300117637 2
0 0.095 -0.155 -0.2993415199 2
0 0.095 -0.145 -0.3667706368 2
0 0.095 -0.135 -0.43187098 2
0 0.095 -0.125 -0.4942292013 2
0 0.095 -0.115 -0.5534493633 2
0 0.095 -0.105 -0.6091554535 2
0 0.095 -0.095 -0.6609937717 2
0 0.095 -0.085 -0.7086351756 2
0 0.095 -0.075 -0.7517771707 2
0 0.095 -0.065 -0.7901458314 2
0 0.095 -0.055 -0.8234975396 2
0 0.095 -0.045 -0.8516205319 2
0 0.095 -0.035 -0.8743362442 2
0 0.095 -0.025 -0.8915004453 2
0 0.095 -0.015 -0.9030041528 2
0 0.095 -0.005 -0.9087743252 2
0 0.095 0.005 -0.9087743252 2
0 0.095 0.015 -0.9030041528 2
0 0.095 0.025 -0.8915004453 2
0 0.095 0.035 -0.8743362442 2
0 0.095 0.045 -0.8516205319 2
0 0.095 0.055 -0.8234975396 2
0 0.095 0.065 -0.7901458314 2
0 0.095 0.075 -0.7517771707 2
0 0.095 0.085 -0.7086351756 2
0 0.095 0.095 -0.6609937717 2
0 0.095 0.105 -0.6091554535 2
0 0.095 0.115 -0.5534493633 2
0 0.095 0.125 -0.4942292013 2
0 0.095 0.135 -0.43187098 2
0 0.095 0.145 -0.3667706368 2
0 0.095 0.155 -0.2993415199 2
0 0.095 0.165 -0.2300117637 2
0 0.095 0.175 -0.1592215707 2
0 0.095 0.185 -0.08742041607 2
0 0.095 0.195 -0.01506419423 2
0 0.095 0.205 0.05738767622 2
0 0.095 0.215 0.1294751693 2
0 0.095 0.225 0.2007405727 2
0 0.095 0.235 0.2707313937 2
0 0.095 0.245 0.3390032326 2
0 0.095 0.255 0.4051226042 2
0 0.095 0.265 0.46866969 2
0 0.095 0.275 0.5292410041 2
0 0.095 0.285 0.5864519551 2
0 0.095 0.295 0.6399392876 2
0 0.095 0.305 0.6893633891 2
0 0.095 0.315 0.7344104462 2
0 0.095 0.325 0.7747944371 2
0 0.095 0.335 0.8102589476 2
0 0.095 0.345 0.8405787995 2
0 0.095 0.355 0.8655614797 2
0 0.095 0.365 0.8850483632 2
0 0.095 0.375 0.89891572 2
0 0.095 0.385 0.9070755007 2
0 0.095 0.395 0.9094758956 2
0 0.095 0.405 0 2
0 0.095 0.415 0 2
0 0.095 0.425 0 2
0 0.095 0.435 0 2
0 0.095 0.445 0 2
0 0.095 0.455 0 2
0 0.095 0.465 0 2
0 0.105 -0.455 0 1
0 0.105 -0.445 0 1
0 0.105 -0.435 0 1
0 0.105 -0.425 0 1
0 0.105 -0.415 0 1
0 0.105 -0.405 0 1
0 0.105 -0.395 0.8897960772 1
0 0.105 -0.385 0.8874476236 1
0 0.105 -0.375 0.8794644094 1
0 0.105 -0.365 0.8658971233 1
0 0.105 -0.355 0.8468319094 1
0 0.105 -0.345 0.8223898203 1
0 0.105 -0.335 0.7927260487 1
0 0.105 -0.325 0.7580289418 1
0 0.105 -0.315 0.7185188054 1
0 0.105 -0.305 0.6744465052 2
0 0.105 -0.295 0.6260918739 2
0 0.105 -0.285 0.5737619343 2
0 0.105 -0.275 0.5177889504 2
0 0.105 -0.265 0.4585283169 2
0 0.105 -0.255 0.3963563034 2
0 0.105 -0.245 0.3316676649 1
0 0.105 -0.235 0.2648731355 1
0 0.105 -0.225 0.1963968204 1
0 0.105 -0.215 0.1266735032 1
0 0.105 -0.205 0.05614588515 1
0 0.105 -0.195 -0.01473822561 1
0 0.105 -0.185 -0.08552875746 1
0 0.105 -0.175 -0.155776233 2
0 0.105 -0.165 -0.2250346227 2
0 0.105 -0.155 -0.2928641775 2
0 0.105 -0.145 -0.3588342203 2
0 0.105 -0.135 -0.4225258808 2
0 0.105 -0.125 -0.4835347552 2
0 0.105 -0.115 -0.5414734736 2
0 0.105 -0.105 -0.5959741601 2
0 0.105 -0.095 -0.6466907677 2
0 0.105 -0.085 -0.6933012765 2
0 0.105 -0.075 -0.7355097377 2
0 0.105 -0.065 -0.7730481529 2
0 0.105 -0.055 -0.8056781756 2
0 0.105 -0.045 -0.8331926247 2
0 0.105 -0.035 -0.8554167999 2
0 0.105 -0.025 -0.8722095911 2
0 0.105 -0.015 -0.8834643741 2
0 0.105 -0.005 -0.8891096878 2
0 0.105 0.005 -0.8891096878 2
0 0.105 0.015 -0.8834643741 2
0 0.105 0.025 -0.8722095911 2
0 0.105 0.035 -0.8554167999 2
0 0.105 0.045 -0.8331926247 2
0 0.105 0.055 -0.8056781756 2
0 0.105 0.065 -0.7730481529 2
0 0.105 0.075 -0.7355097377 2
0 0.105 0.085 -0.6933012765 2
0 0.105 0.095 -0.6466907677 2
0 0.105 0.105 -0.5959741601 2
0 0.105 0.115 -0.5414734736 2
0 0.105 0.125 -0.4835347552 2
0 0.105 0.135 -0.4225258808 2
0 0.105 0.145 -0.3588342203 2
0 0.105 0.155 -0.2928641775 2
0 0.105 0.165 -0.2250346227 2
0 0.105 0.175 -0.155776233 2
0 0.105 0.185 -0.08552875746 2
0 0.105 0.195 -0.01473822561 2
0 0.105 0.205 0.05614588515 2
0 0.105 0.215 0.1266735032 2
0 0.105 0.225 0.1963968204 2
0 0.105 0.235 0.2648731355 2
0 0.105 0.245 0.3316676649 2
0 0.105 0.255 0.3963563034 2
0 0.105 0.265 0.4585283169 2
0 0.105 0.275 0.5177889504 2
0 0.105 0.285 0.5737619343 2
0 0.105 0.295 0.6260918739 2
0 0.105 0.305 0.6744465052 2
0 0.105 0.315 0.7185188054 2
0 0.105 0.325 0.7580289418 2
0 0.105 0.335 0.7927260487 2
0 0.105 0.345 0.8223898203 2
0 0.105 0.355 0.8468319094 2
0 0.105 0.365 0.8658971233 2
0 0.105 0.375 0.8794644094 2
0 0.105 0.385 0.8874476236 2
0 0.105 0.395 0.8897960772 2
0 0.105 0.405 0 2
0 0.105 0.415 0 2
0 0.105 0.425 0 2
0 0.105 0.435 0 2
0 0.105 0.445 0 2
0 0.105 0.455 0 2
0 0.105 0.465 0 2
0 0.115 -0.455 0 1
0 0.115 -0.445 0 1
0 0.115 -0.435 0 1
0 0.115 -0.425 0 1
0 0.115 -0.415 0 1
0 0.115 -0.405 0 1
0 0.115 -0.395 0.8683043868 1
0 0.115 -0.385 0.8660126566 1
0 0.115 -0.375 0.858222265 1
0 0.115 -0.365 0.8449826764 1
0 0.115 -0.355 0.8263779541 1
0 0.115 -0.345 0.8025262271 1
0 0.115 -0.335 0.7735789394 1
0 0.115 -0.325 0.7397198891 1
0 0.115 -0.315 0.7011640608 1
0 0.115 -0.305 0.658156261 2
0 0.115 -0.295 0.6109695633 2
0 0.115 -0.285 0.559903575 2
0 0.115 -0.275 0.5052825345 2
0 0.115 -0.265 0.4474532528 2
0 0.115 -0.255 0.3867829111 2
0 0.115 -0.245 0.3236567296 2
0 0.115 -0.235 0.258475522 1
0 0.115 -0.225 0.1916531496 1
0 0.115 -0.215 0.1236138946 1
0 0.115 -0.205 0.05478976546 1
0 0.115 -0.195 -0.01438224586 1
0 0.115 -0.185 -0.08346293854 1
0 0.115 -0.175 -0.1520136916 2
0 0.115 -0.165 -0.2195992488 2
0 0.115 -0.155 -0.2857904823 2
0 0.115 -0.145 -0.3501671176 2
0 0.115 -0.135 -0.4123204016 2
0 0.115 -0.125 -0.471855698 2
0 0.115 -0.115 -0.5283949936 2
0 0.115 -0.105 -0.5815792977 2
0 0.115 -0.095 -0.6310709217 2
0 0.115 -0.085 -0.6765556235 2
0 0.115 -0.075 -0.7177446027 2
0 0.115 -0.065 -0.7543763337 2
0 0.115 -0.055 -0.7862182271 2
0 0.115 -0.045 -0.8130681059 2
0 0.115 -0.035 -0.8347554895 2
0 0.115 -0.025 -0.851142676 2
0 0.115 -0.015 -0.8621256166 2
0 0.115 -0.005 -0.8676345762 2
0 0.115 0.005 -0.8676345762 2
0 0.115 0.015 -0.8621256166 2
0 0.115 0.025 -0.851142676 2
0 0.115 0.035 -0.8347554895 2
0 0.115 0.045 -0.8130681059 2
0 0.115 0.055 -0.7862182271 2
0 0.115 0.065 -0.7543763337 2
0 0.115 0.075 -0.7177446027 2
0 0.115 0.085 -0.6765556235 2
0 0.115 0.095 -0.6310709217 2
0 0.115 0.105 -0.5815792977 2
0 0.115 0.115 -0.5283949936 2
0 0.115 0.125 -0.471855698 2
0 0.115 0.135 -0.4123204016 2
0 0.115 0.145 -0.3501671176 2
0 0.115 0.155 -0.2857904823 2
0 0.115 0.165 -0.2195992488 2
0 0.115 0.175 -0.1520136916 2
0 0.115 0.185 -0.08346293854 2
0 0.115 0.195 -0.01438224586 2
0 0.115 0.205 0.05478976546 2
0 0.115 0.215 0.1236138946 2
0 0.115 0.225 0.1916531496 2
0 0.115 0.235 0.258475522 2
0 0.115 0.245 0.3236567296 2
0 0.115 0.255 0.3867829111 2
0 0.115 0.265 0.4474532528 2
0 0.115 0.275 0.5052825345 2
0 0.115 0.285 0.559903575 2
0 0.115 0.295 0.6109695633 2
0 0.115 0.305 0.658156261 2
0 0.115 0.315 0.7011640608 2
0 0.115 0.325 0.7397198891 2
0 0.115 0.335 0.7735789394 2
0 0.115 0.345 0.8025262271 2
0 0.115 0.355 0.8263779541 2
0 0.115 0.365 0.8449826764 2
0 0.115 0.375 0.858222265 2
0 0.115 0.385 0.8660126566 2
0 0.115 0.395 0.8683043868 2
0 0.115 0.405 0 2
0 0.115 0.415 0 2
0 0.115 0.425 0 2
0 0.115 0.435 0 2
0 0.115 0.445 0 2
0 0.115 0.455 0 2
0 0.115 0.465 0 2
0 0.125 -0.455 0 1
0 0.125 -0.445 0 1
0 0.125 -0.435 0 1
0 0.125 -0.425 0 1
0 0.125 -0.415 0 1
0 0.125 -0.405 0 1
0 0.125 -0.395 0.8450445876 1
0 0.125 -0.385 0.8428142474 1
0 0.125 -0.375 0.8352325417 1
0 0.125 -0.365 0.82234761 1
0 0.125 -0.355 0.8042412638 1
0 0.125 -0.345 0.7810284675 1
0 0.125 -0.335 0.7528566085 1
0 0.125 -0.325 0.7199045613 1
0 0.125 -0.315 0.6823815515 1
0 0.125 -0.305 0.6405258278 2
0 0.125 -0.295 0.5946031489 2
0 0.125 -0.285 0.5449050964 2
0 0.125 -0.275 0.4917472231 2
0 0.125 -0.265 0.4354670496 2
0 0.125 -0.255 0.3764219213 2
0 0.125 -0.245 0.3149867394 2
0 0.125 -0.235 0.2515515805 2
0 0.125 -0.225 0.1865192198 2
0 0.125 -0.215 0.1203025738 1
0 0.125 -0.205 0.05332207859 1
0 0.125 -0.195 -0.01399697987 1
0 0.125 -0.185 -0.0812271659 2
0 0.125 -0.175 -0.1479416081 2
0 0.125 -0.165 -0.2137167098 2
0 0.125 -0.155 -0.2781348384 2
0 0.125 -0.145 -0.3407869775 2
0 0.125 -0.135 -0.4012753235 2
0 0.125 -0.125 -0.4592158117 2
0 0.125 -0.115 -0.5142405546 2
0 0.125 -0.105 -0.5660001783 2
0 0.125 -0.095 -0.61416604 2
0 0.125 -0.085 -0.6584323154 2
0 0.125 -0.075 -0.6985179402 2
0 0.125 -0.065 -0.7341683947 2
0 0.125 -0.055 -0.7651573199 2
0 0.125 -0.045 -0.7912879546 2
0 0.125 -0.035 -0.812394385 2
0 0.125 -0.025 -0.828342598 2
0 0.125 -0.015 -0.8390313319 2
0 0.125 -0.005 -0.8443927196 2
0 0.125 0.005 -0.8443927196 2
0 0.125 0.015 -0.8390313319 2
0 0.125 0.025 -0.828342598 2
0 0.125 0.035 -0.812394385 2
0 0.125 0.045 -0.7912879546 2
0 0.125 0.055 -0.7651573199 2
0 0.125 0.065 -0.7341683947 2
0 0.125 0.075 -0.6985179402 2
0 0.125 0.085 -0.6584323154 2
0 0.125 0.095 -0.61416604 2
0 0.125 0.105 -0.5660001783 2
0 0.125 0.115 -0.5142405546 2
0 0.125 0.125 -0.4592158117 2
0 0.125 0.135 -0.4012753235 2
0 0.125 0.145 -0.3407869775 2
0 0.125 0.155 -0.2781348384 2
0 0.125 0.165 -0.2137167098 2
0 0.125 0.175 -0.1479416081 2
0 0.125 0.185 -0.0812271659 2
0 0.125 0.195 -0.01399697987 2
0 0.125 0.205 0.05332207859 2
0 0.125 0.215 0.1203025738 2
0 0.125 0.225 0.1865192198 2
0 0.125 0.235 0.2515515805 2
0 0.125 0.245 0.3149867394 2
0 0.125 0.255 0.3764219213 2
0 0.125 0.265 0.4354670496 2
0 0.125 0.275 0.4917472231 2
0 0.125 0.285 0.5449050964 2
0 0.125 0.295 0.5946031489 2
0 0.125 0.305 0.6405258278 2
0 0.125 0.315 0.6823815515 2
0 0.125 0.325 0.7199045613 2
0 0.125 0.335 0.7528566085 2
0 0.125 0.345 0.7810284675 2
0 0.125 0.355 0.8042412638 1
0 0.125 0.365 0.82234761 1
0 0.125 0.375 0.8352325417 1
0 0.125 0.385 0.8428142474 1
0 0.125 0.395 0.8450445876 1
0 0.125 0.405 0 2
0 0.125 0.415 0 2
0 0.125 0.425 0 2
0 0.125 0.435 0 2
0 0.125 0.445 0 2
0 0.125 0.455 0 2
0 0.125 0.465 0 2
0 0.135 -0.455 0 1
0 0.135 -0.445 0 1
0 0.135 -0.435 0 1
0 0.135 -0.425 0 1
0 0.135 -0.415 0 1
0 0.135 -0.405 0 1
0 0.135 -0.395 0.8200640429 1
0 0.135 -0.385 0.8178996342 1
0 0.135 -0.375 0.810542053 1
0 0.135 -0.365 0.7980380156 1
0 0.135 -0.355 0.7804669149 1
0 0.135 -0.345 0.7579403171 1
0 0.135 -0.335 0.7306012525 1
0 0.135 -0.325 0.6986233078 1
0 0.135 -0.315 0.6622095237 1
0 0.135 -0.305 0.6215911061 2
0 0.135 -0.295 0.5770259574 2
0 0.135 -0.285 0.5287970397 2
0 0.135 -0.275 0.4772105777 2
0 0.135 -0.265 0.4225941145 2
0 0.135 -0.255 0.365294432 2
0 0.135 -0.245 0.3056753487 2
0 0.135 -0.235 0.2441154102 2
0 0.135 -0.225 0.181005485 2
0 0.135 -0.215 0.1167462836 2
0 0.135 -0.205 0.05174581317 2
0 0.135 -0.195 -0.01358321214 2
0 0.135 -0.185 -0.07882599219 2
0 0.135 -0.175 -0.1435682744 2
0 0.135 -0.165 -0.2073989842 2
0 0.135 -0.155 -0.2699128346 2
0 0.135 -0.145 -0.3307129004 2
0 0.135 -0.135 -0.3894131374 1
0 0.135 -0.125 -0.4456408343 2
0 0.135 -0.115 -0.4990389791 2
0 0.135 -0.105 -0.5492685253 1
0 0.135 -0.095 -0.5960105457 1
0 0.135 -0.085 -0.6389682562 1
0 0.135 -0.075 -0.6778689012 2
0 0.135 -0.065 -0.712465485 2
0 0.135 -0.055 -0.7425383399 2
0 0.135 -0.045 -0.7678965213 2
0 0.135 -0.035 -0.78837902 2
0 0.135 -0.025 -0.8038557844 2
0 0.135 -0.015 -0.8142285463 2
0 0.135 -0.005 -0.8194314449 2
0 0.135 0.005 -0.8194314449 2
0 0.135 0.015 -0.8142285463 2
0 0.135 0.025 -0.8038557844 2
0 0.135 0.035 -0.78837902 2
0 0.135 0.045 -0.7678965213 2
0 0.135 0.055 -0.7425383399 2
0 0.135 0.065 -0.712465485 2
0 0.135 0.075 -0.6778689012 2
0 0.135 0.085 -0.6389682562 2
0 0.135 0.095 -0.5960105457 2
0 0.135 0.105 -0.5492685253 2
0 0.135 0.115 -0.4990389791 2
0 0.135 0.125 -0.4456408343 2
0 0.135 0.135 -0.3894131374 2
0 0.135 0.145 -0.3307129004 2
0 0.135 0.155 -0.2699128346 2
0 0.135 0.165 -0.2073989842 2
0 0.135 0.175 -0.1435682744 2
0 0.135 0.185 -0.07882599219 2
0 0.135 0.195 -0.01358321214 2
0 0.135 0.205 0.05174581317 2
0 0.135 0.215 0.1167462836 2
0 0.135 0.225 0.181005485 2
0 0.135 0.235 0.2441154102 2
0 0.135 0.245 0.3056753487 2
0 0.135 0.255 0.365294432 2
0 0.135 0.265 0.4225941145 2
0 0.135 0.275 0.4772105777 2
0 0.135 0.285 0.5287970397 2
0 0.135 0.295 0.5770259574 2
0 0.135 0.305 0.6215911061 2
0 0.135 0.315 0.6622095237 2
0 0.135 0.325 0.6986233078 2
0 0.135 0.335 0.7306012525 2
0 0.135 0.345 0.7579403171 2
0 0.135 0.355 0.7804669149 1
0 0.135 0.365 0.7980380156 1
0 0.135 0.375 0.810542053 1
0 0.135 0.385 0.8178996342 1
0 0.135 0.395 0.8200640429 1
0 0.135 0.405 0 2
0 0.135 0.415 0 2
0 0.135 0.425 0 2
0 0.135 0.435 0 2
0 0.135 0.445 0 2
0 0.135 0.455 0 2
0 0.135 0.465 0 2
0 0.145 -0.455 0 2
0 0.145 -0.445 0 2
0 0.145 -0.435 0 1
0 0.145 -0.425 0 1
0 0.145 -0.415 0 1
0 0.145 -0.405 0 1
0 0.145 -0.395 0.7934136201 1
0 0.145 -0.385 0.7913195503 1
0 0.145 -0.375 0.7842010756 1
0 0.145 -0.365 0.772103394 1
0 0.145 -0.355 0.7551033187 1
0 0.145 -0.345 0.7333087897 1
0 0.145 -0.335 0.7068581894 1
0 0.145 -0.325 0.6759194632 1
0 0.145 -0.315 0.6406890535 1
0 0.145 -0.305 0.6013906523 2
0 0.145 -0.295 0.5582737808 2
0 0.145 -0.285 0.5116122054 2
0 0.145 -0.275 0.4617021991 2
0 0.145 -0.265 0.4088606605 2
0 0.145 -0.255 0.3534231017 2
0 0.145 -0.245 0.2957415181 2
0 0.145 -0.235 0.236182153 2
0 0.145 -0.225 0.1751231729 2
0 0.145 -0.215 0.1129522655 2
0 0.145 -0.205 0.05006417889 2
0 0.145 -0.195 -0.01314178522 2
0 0.145 -0.185 -0.07626430687 2
0 0.145 -0.175 -0.1389025959 2
0 0.145 -0.165 -0.2006589366 2
0 0.145 -0.155 -0.2611412134 1
0 0.145 -0.145 -0.3199654 1
0 0.145 -0.135 -0.376757998 1
0 0.145 -0.125 -0.4311584085 1
0 0.145 -0.115 -0.4828212215 1
0 0.145 -0.105 -0.5314184091 1
0 0.145 -0.095 -0.5766414083 1
0 0.145 -0.085 -0.6182030802 1
0 0.145 -0.075 -0.6558395329 1
0 0.145 -0.065 -0.6893117976 1
0 0.145 -0.055 -0.7184073456 2
0 0.145 -0.045 -0.7429414374 2
0 0.145 -0.035 -0.7627582963 2
0 0.145 -0.025 -0.7777320972 2
0 0.145 -0.015 -0.7877677653 2
0 0.145 -0.005 -0.7928015802 2
0 0.145 0.005 -0.7928015802 2
0 0.145 0.015 -0.7877677653 2
0 0.145 0.025 -0.7777320972 2
0 0.145 0.035 -0.7627582963 2
0 0.145 0.045 -0.7429414374 2
0 0.145 0.055 -0.7184073456 2
0 0.145 0.065 -0.6893117976 2
0 0.145 0.075 -0.6558395329 2
0 0.145 0.085 -0.6182030802 2
0 0.145 0.095 -0.5766414083 2
0 0.145 0.105 -0.5314184091 2
0 0.145 0.115 -0.4828212215 2
0 0.145 0.125 -0.4311584085 2
0 0.145 0.135 -0.376757998 2
0 0.145 0.145 -0.3199654 2
0 0.145 0.155 -0.2611412134 2
0 0.145 0.165 -0.2006589366 2
0 0.145 0.175 -0.1389025959 2
0 0.145 0.185 -0.07626430687 2
0 0.145 0.195 -0.01314178522 2
0 0.145 0.205 0.05006417889 2
0 0.145 0.215 0.1129522655 2
0 0.145 0.225 0.1751231729 2
0 0.145 0.235 0.236182153 2
0 0.145 0.245 0.2957415181 2
0 0.145 0.255 0.3534231017 2
0 0.145 0.265 0.4088606605 2
0 0.145 0.275 0.4617021991 2
0 0.145 0.285 0.5116122054 2
0 0.145 0.295 0.5582737808 2
0 0.145 0.305 0.6013906523 2
0 0.145 0.315 0.6406890535 2
0 0.145 0.325 0.6759194632 2
0 0.145 0.335 0.7068581894 2
0 0.145 0.345 0.7333087897 1
0 0.145 0.355 0.7551033187 1
0 0.145 0.365 0.772103394 1
0 0.145 0.375 0.7842010756 1
0 0.145 0.385 0.7913195503 1
0 0.145 0.395 0.7934136201 1
0 0.145 0.405 0 1
0 0.145 0.415 0 2
0 0.145 0.425 0 2
0 0.145 0.435 0 2
0 0.145 0.445 0 2
0 0.145 0.455 0 2
0 0.145 0.465 0 2
0 0.155 -0.455 0 2
0 0.155 -0.445 0 2
0 0.155 -0.435 0 2
0 0.155 -0.425 0 2
0 0.155 -0.415 0 2
0 0.155 -0.405 0 2
0 0.155 -0.395 0.7651475867 2
0 0.155 -0.385 0.76312812 2
0 0.155 -0.375 0.756263247 2
0 0.155 -0.365 0.7445965556 1
0 0.155 -0.355 0.7282021223 1
0 0.155 -0.345 0.7071840419 1
0 0.155 -0.335 0.6816757667 1
0 0.155 -0.325 0.6518392589 1
0 0.155 -0.315 0.6178639624 1
0 0.155 -0.305 0.5799656001 2
0 0.155 -0.295 0.5383848037 2
0 0.155 -0.285 0.4933855865 2
0 0.155 -0.275 0.4452536665 2
0 0.155 -0.265 0.3942946526 2
0 0.155 -0.255 0.3408321039 2
0 0.155 -0.245 0.2852054756 2
0 0.155 -0.235 0.2277679635 2
0 0.155 -0.225 0.1688842612 2
0 0.155 -0.215 0.1089282452 2
0 0.155 -0.205 0.04828060005 2
0 0.155 -0.195 -0.01267359797 2
0 0.155 -0.185 -0.07354732623 2
0 0.155 -0.175 -0.133954073 2
0 0.155 -0.165 -0.1935102918 2
0 0.155 -0.155 -0.2518378361 1
0 0.155 -0.145 -0.3085663611 1
0 0.155 -0.135 -0.3633356747 1
0 0.155 -0.125 -0.4157980244 1
0 0.155 -0.115 -0.4656203059 1
0 0.155 -0.105 -0.5124861775 1
0 0.155 -0.095 -0.5560980689 1
0 0.155 -0.085 -0.5961790709 1
0 0.155 -0.075 -0.6324746931 1
0 0.155 -0.065 -0.66475448 1
0 0.155 -0.055 -0.6928134744 1
0 0.155 -0.045 -0.7164735184 2
0 0.155 -0.035 -0.7355843849 2
0 0.155 -0.025 -0.7500247314 2
0 0.155 -0.015 -0.7597028703 2
0 0.155 -0.005 -0.7645573513 2
0 0.155 0.005 -0.7645573513 2
0 0.155 0.015 -0.7597028703 2
0 0.155 0.025 -0.7500247314 2
0 0.155 0.035 -0.7355843849 2
0 0.155 0.045 -0.7164735184 2
0 0.155 0.055 -0.6928134744 2
0 0.155 0.065 -0.66475448 2
0 0.155 0.075 -0.6324746931 2
0 0.155 0.085 -0.5961790709 2
0 0.155 0.095 -0.5560980689 2
0 0.155 0.105 -0.5124861775 2
0 0.155 0.115 -0.4656203059 2
0 0.155 0.125 -0.4157980244 2
0 0.155 0.135 -0.3633356747 2
0 0.155 0.145 -0.3085663611 2
0 0.155 0.155 -0.2518378361 2
0 0.155 0.165 -0.1935102918 2
0 0.155 0.175 -0.133954073 2
0 0.155 0.185 -0.07354732623 2
0 0.155 0.195 -0.01267359797 2
0 0.155 0.205 0.04828060005 2
0 0.155 0.215 0.1089282452 2
0 0.155 0.225 0.1688842612 2
0 0.155 0.235 0.2277679635 2
0 0.155 0.245 0.2852054756 2
0 0.155 0.255 0.3408321039 2
0 0.155 0.265 0.3942946526 2
0 0.155 0.275 0.4452536665 2
0 0.155 0.285 0.4933855865 2
0 0.155 0.295 0.5383848037 2
0 0.155 0.305 0.5799656001 2
0 0.155 0.315 0.6178639624 2
0 0.155 0.325 0.6518392589 2
0 0.155 0.335 0.6816757667 2
0 0.155 0.345 0.7071840419 1
0 0.155 0.355 0.7282021223 1
0 0.155 0.365 0.7445965556 1
0 0.155 0.375 0.756263247 1
0 0.155 0.385 0.76312812 1
0 0.155 0.395 0.7651475867 1
0 0.155 0.405 0 1
0 0.155 0.415 0 2
0 0.155 0.425 0 2
0 0.155 0.435 0 2
0 0.155 0.445 0 2
0 0.155 0.455 0 2
0 0.155 0.465 0 2
0 0.165 -0.455 0 2
0 0.165 -0.445 0 2
0 0.165 -0.435 0 2
0 0.165 -0.425 0 2
0 0.165 -0.415 0 2
0 0.165 -0.405 0 2
0 0.165 -0.395 0.7353235004 2
0 0.165 -0.385 0.7333827488 2
0 0.165 -0.375 0.7267854563 2
0 0.165 -0.365 0.7155735117 1
0 0.165 -0.355 0.6998181042 1
0 0.165 -0.345 0.6796192711 1
0 0.165 -0.335 0.6551052629 1
0 0.165 -0.325 0.6264317288 1
0 0.165 -0.315 0.5937807287 1
0 0.165 -0.305 0.5573595768 2
0 0.165 -0.295 0.5173995257 2
0 0.165 -0.285 0.4741542976 2
0 0.165 -0.275 0.4278984739 2
0 0.165 -0.265 0.3789257513 2
0 0.165 -0.255 0.3275470772 2
0 0.165 -0.245 0.2740886756 2
0 0.165 -0.235 0.2188899751 2
0 0.165 -0.225 0.1623014544 2
0 0.165 -0.215 0.1046824167 2
0 0.165 -0.205 0.04639870849 2
0 0.165 -0.195 -0.01217960376 2
0 0.165 -0.185 -0.07068058282 2
0 0.165 -0.175 -0.1287327825 2
0 0.165 -0.165 -0.1859676062 2
0 0.165 -0.155 -0.2420216471 1
0 0.165 -0.145 -0.2965389955 1
0 0.165 -0.135 -0.349173499 1
0 0.165 -0.125 -0.3995909601 1
0 0.165 -0.115 -0.447471258 1
0 0.165 -0.105 -0.4925103816 1
0 0.165 -0.095 -0.5344223594 1
0 0.165 -0.085 -0.5729410756 1
0 0.165 -0.075 -0.6078219592 1
0 0.165 -0.065 -0.6388435377 1
0 0.165 -0.055 -0.6658088426 1
0 0.165 -0.045 -0.6885466603 1
0 0.165 -0.035 -0.7069126194 2
0 0.165 -0.025 -0.7207901069 2
0 0.165 -0.015 -0.7300910093 2
0 0.165 -0.005 -0.7347562713 2
0 0.165 0.005 -0.7347562713 2
0 0.165 0.015 -0.7300910093 2
0 0.165 0.025 -0.7207901069 2
0 0.165 0.035 -0.7069126194 2
0 0.165 0.045 -0.6885466603 2
0 0.165 0.055 -0.6658088426 2
0 0.165 0.065 -0.6388435377 2
0 0.165 0.075 -0.6078219592 2
0 0.165 0.085 -0.5729410756 2
0 0.165 0.095 -0.5344223594 2
0 0.165 0.105 -0.4925103816 2
0 0.165 0.115 -0.447471258 2
0 0.165 0.125 -0.3995909601 2
0 0.165 0.135 -0.349173499 2
0 0.165 0.145 -0.2965389955 2
0 0.165 0.155 -0.2420216471 2
0 0.165 0.165 -0.1859676062 2
0 0.165 0.175 -0.1287327825 2
0 0.165 0.185 -0.07068058282 2
0 0.165 0.195 -0.01217960376 2
0 0.165 0.205 0.04639870849 2
0 0.165 0.215 0.1046824167 2
0 0.165 0.225 0.1623014544 2
0 0.165 0.235 0.2188899751 2
0 0.165 0.245 0.2740886756 2
0 0.165 0.255 0.3275470772 2
0 0.165 0.265 0.3789257513 2
0 0.165 0.275 0.4278984739 2
0 0.165 0.285 0.4741542976 2
0 0.165 0.295 0.5173995257 2
0 0.165 0.305 0.5573595768 2
0 0.165 0.315 0.5937807287 2
0 0.165 0.325 0.6264317288 2
0 0.165 0.335 0.6551052629 2
0 0.165 0.345 0.6796192711 1
0 0.165 0.355 0.6998181042 1
0 0.165 0.365 0.7155735117 1
0 0.165 0.375 0.7267854563 1
0 0.165 0.385 0.7333827488 1
0 0.165 0.395 0.7353235004 1
0 0.165 0.405 0 1
0 0.165 0.415 0 2
0 0.165 0.425 0 2
0 0.165 0.435 0 2
0 0.165 0.445 0 2
0 0.165 0.455 0 2
0 0.165 0.465 0 2
0 0.175 -0.455 0 2
0 0.175 -0.445 0 2
0 0.175 -0.435 0 2
0 0.175 -0.425 0 2
0 0.175 -0.415 0 2
0 0.175 -0.405 0 2
0 0.175 -0.395 0.7040020912 2
0 0.175 -0.385 0.7021440068 2
0 0.175 -0.375 0.6958277287 2
0 0.175 -0.365 0.6850933615 2
0 0.175 -0.355 0.6700090621 1
0 0.175 -0.345 0.6506706066 1
0 0.175 -0.335 0.6272007827 1
0 0.175 -0.325 0.5997486097 1
0 0.175 -0.315 0.5684883925 2
0 0.175 -0.305 0.5336186147 2
0 0.175 -0.295 0.4953606785 2
0 0.175 -0.285 0.4539574988 2
0 0.175 -0.275 0.4096719611 2
0 0.175 -0.265 0.3627852519 2
0 0.175 -0.255 0.3135950738 2
0 0.175 -0.245 0.2624137548 2
0 0.175 -0.235 0.2095662659 2
0 0.175 -0.225 0.1553881567 2
0 0.175 -0.215 0.1002234258 2
0 0.175 -0.205 0.04442233627 2
0 0.175 -0.195 -0.01166080849 2
0 0.175 -0.185 -0.0676699141 2
0 0.175 -0.175 -0.1232493563 2
0 0.175 -0.165 -0.178046239 2
0 0.175 -0.155 -0.2317126347 1
0 0.175 -0.145 -0.2839077941 1
0 0.175 -0.135 -0.3343003091 1
0 0.175 -0.125 -0.3825702175 1
0 0.175 -0.115 -0.4284110343 1
0 0.175 -0.105 -0.4715316978 1
0 0.175 -0.095 -0.5116584176 1
0 0.175 -0.085 -0.548536413 1
0 0.175 -0.075 -0.581931531 1
0 0.175 -0.065 -0.6116317325 1
0 0.175 -0.055 -0.637448439 1
0 0.175 -0.045 -0.65921773 1
0 0.175 -0.035 -0.6768013834 2
0 0.175 -0.025 -0.6900877537 2
0 0.175 -0.015 -0.6989924802 2
0 0.175 -0.005 -0.7034590235 2
0 0.175 0.005 -0.7034590235 2
0 0.175 0.015 -0.6989924802 2
0 0.175 0.025 -0.6900877537 2
0 0.175 0.035 -0.6768013834 2
0 0.175 0.045 -0.65921773 2
0 0.175 0.055 -0.637448439 2
0 0.175 0.065 -0.6116317325 2
0 0.175 0.075 -0.581931531 2
0 0.175 0.085 -0.548536413 2
0 0.175 0.095 -0.5116584176 2
0 0.175 0.105 -0.4715316978 2
0 0.175 0.115 -0.4284110343 2
0 0.175 0.125 -0.3825702175 2
0 0.175 0.135 -0.3343003091 2
0 0.175 0.145 -0.2839077941 2
0 0.175 0.155 -0.2317126347 2
0 0.175 0.165 -0.178046239 2
0 0.175 0.175 -0.1232493563 2
0 0.175 0.185 -0.0676699141 2
0 0.175 0.195 -0.01166080849 2
0 0.175 0.205 0.04442233627 2
0 0.175 0.215 0.1002234258 2
0 0.175 0.225 0.1553881567 2
0 0.175 0.235 0.2095662659 2
0 0.175 0.245 0.2624137548 2
0 0.175 0.255 0.3135950738 2
0 0.175 0.265 0.3627852519 2
0 0.175 0.275 0.4096719611 2
0 0.175 0.285 0.4539574988 2
0 0.175 0.295 0.4953606785 2
0 0.175 0.305 0.5336186147 2
0 0.175 0.315 0.5684883925 2
0 0.175 0.325 0.5997486097 2
0 0.175 0.335 0.6272007827 2
0 0.175 0.345 0.6506706066 1
0 0.175 0.355 0.6700090621 1
0 0.175 0.365 0.6850933615 1
0 0.175 0.375 0.6958277287 1
0 0.175 0.385 0.7021440068 1
0 0.175 0.395 0.7040020912 1
0 0.175 0.405 0 1
0 0.175 0.415 0 2
0 0.175 0.425 0 2
0 0.175 0.435 0 2
0 0.175 0.445 0 2
0 0.175 0.455 0 2
0 0.175 0.465 0 2
0 0.185 -0.455 0 2
0 0.185 -0.445 0 2
0 0.185 -0.435 0 2
0 0.185 -0.425 0 2
0 0.185 -0.415 0 2
0 0.185 -0.405 0 2
0 0.185 -0.395 0.6712471382 2
0 0.185 -0.385 0.6694755045 2
0 0.185 -0.375 0.6634531025 2
0 0.185 -0.365 0.6532181709 2
0 0.185 -0.355 0.6388356954 2
0 0.185 -0.345 0.620396996 2
0 0.185 -0.335 0.5980191476 2
0 0.185 -0.325 0.5718442359 2
0 0.185 -0.315 0.5420384561 2
0 0.185 -0.305 0.5087910569 2
0 0.185 -0.295 0.4723131394 2
0 0.185 -0.285 0.4328363165 2
0 0.185 -0.275 0.3906112424 2
0 0.185 -0.265 0.3459060209 2
0 0.185 -0.255 0.2990045036 2
0 0.185 -0.245 0.2502044868 2
0 0.185 -0.235 0.1998158215 2
0 0.185 -0.225 0.1481584455 2
0 0.185 -0.215 0.09556035217 2
0 0.185 -0.205 0.04235550785 2
0 0.185 -0.195 -0.01111826857 2
0 0.185 -0.185 -0.06452145065 2
0 0.185 -0.175 -0.1175149602 2
0 0.185 -0.165 -0.1697623201 2
0 0.185 -0.155 -0.2209317911 1
0 0.185 -0.145 -0.2706984776 1
0 0.185 -0.135 -0.318746391 1
0 0.185 -0.125 -0.3647704558 1
0 0.185 -0.115 -0.4084784468 1
0 0.185 -0.105 -0.4495928445 1
0 0.185 -0.095 -0.4878525971 1
0 0.185 -0.085 -0.523014778 1
0 0.185 -0.075 -0.5548561286 1
0 0.185 -0.065 -0.5831744752 1
0 0.185 -0.055 -0.6077900134 1
0 0.185 -0.045 -0.6285464493 1
0 0.185 -0.035 -0.6453119919 1
0 0.185 -0.025 -0.65798019 2
0 0.185 -0.015 -0.6664706083 2
0 0.185 -0.005 -0.6707293377 2
0 0.185 0.005 -0.6707293377 2
0 0.185 0.015 -0.6664706083 2
0 0.185 0.025 -0.65798019 2
0 0.185 0.035 -0.6453119919 2
0 0.185 0.045 -0.6285464493 2
0 0.185 0.055 -0.6077900134 2
0 0.185 0.065 -0.5831744752 2
0 0.185 0.075 -0.5548561286 2
0 0.185 0.085 -0.523014778 2
0 0.185 0.095 -0.4878525971 2
0 0.185 0.105 -0.4495928445 2
0 0.185 0.115 -0.4084784468 2
0 0.185 0.125 -0.3647704558 2
0 0.185 0.135 -0.318746391 2
0 0.185 0.145 -0.2706984776 2
0 0.185 0.155 -0.2209317911 2
0 0.185 0.165 -0.1697623201 2
0 0.185 0.175 -0.1175149602 2
0 0.185 0.185 -0.06452145065 2
0 0.185 0.195 -0.01111826857 2
0 0.185 0.205 0.04235550785 2
0 0.185 0.215 0.09556035217 2
0 0.185 0.225 0.1481584455 2
0 0.185 0.235 0.1998158215 2
0 0.185 0.245 0.2502044868 2
0 0.185 0.255 0.2990045036 2
0 0.185 0.265 0.3459060209 2
0 0.185 0.275 0.3906112424 2
0 0.185 0.285 0.4328363165 2
0 0.185 0.295 0.4723131394 2
0 0.185 0.305 0.5087910569 2
0 0.185 0.315 0.5420384561 2
0 0.185 0.325 0.5718442359 2
0 0.185 0.335 0.5980191476 2
0 0.185 0.345 0.620396996 1
0 0.185 0.355 0.6388356954 1
0 0.185 0.365 0.6532181709 1
0 0.185 0.375 0.6634531025 1
0 0.185 0.385 0.6694755045 1
0 0.185 0.395 0.6712471382 1
0 0.185 0.405 0 1
0 0.185 0.415 0 2
0 0.185 0.425 0 2
0 0.185 0.435 0 2
0 0.185 0.445 0 2
0 0.185 0.455 0 2
0 0.185 0.465 0 2
0 0.195 -0.455 0 2
0 0.195 -0.445 0 2
0 0.195 -0.435 0 2
0 0.195 -0.425 0 2
0 0.195 -0.415 0 2
0 0.195 -0.405 0 2
0 0.195 -0.395 0.6371253396 2
0 0.195 -0.385 0.6354437641 2
0 0.195 -0.375 0.6297275015 2
0 0.195 -0.365 0.6200128467 2
0 0.195 -0.355 0.6063614818 2
0 0.195 -0.345 0.5888600849 2
0 0.195 -0.335 0.5676197794 2
0 0.195 -0.325 0.5427754284 2
0 0.195 -0.315 0.5144847788 2
0 0.195 -0.305 0.4829274591 2
0 0.195 -0.295 0.4483038395 2
0 0.195 -0.285 0.4108337592 2
0 0.195 -0.275 0.3707551307 2
0 0.195 -0.265 0.3283224293 2
0 0.195 -0.255 0.2838050772 2
0 0.195 -0.245 0.237485733 2
0 0.195 -0.235 0.1896584967 2
0 0.195 -0.225 0.1406270426 2
0 0.195 -0.215 0.0907026911 2
0 0.195 -0.205 0.04020243184 2
0 0.195 -0.195 -0.01055308878 2
0 0.195 -0.185 -0.0612416036 2
0 0.195 -0.175 -0.1115412709 2
0 0.195 -0.165 -0.1611327181 2
0 0.195 -0.155 -0.209701069 2
0 0.195 -0.145 -0.2569379438 1
0 0.195 -0.135 -0.3025434166 1
0 0.195 -0.125 -0.3462279201 1
0 0.195 -0.115 -0.3877140838 1
0 0.195 -0.105 -0.4267384953 1
0 0.195 -0.095 -0.4630533732 1
0 0.195 -0.085 -0.4964281397 1
0 0.195 -0.075 -0.5266508849 1
0 0.195 -0.065 -0.5535297127 1
0 0.195 -0.055 -0.5768939585 1
0 0.195 -0.045 -0.5965952734 1
0 0.195 -0.035 -0.6125085659 1
0 0.195 -0.025 -0.624532796 2
0 0.195 -0.015 -0.6325916172 2
0 0.195 -0.005 -0.6366338607 2
0 0.195 0.005 -0.6366338607 2
0 0.195 0.015 -0.6325916172 2
0 0.195 0.025 -0.624532796 2
0 0.195 0.035 -0.6125085659 2
0 0.195 0.045 -0.5965952734 2
0 0.195 0.055 -0.5768939585 2
0 0.195 0.065 -0.5535297127 2
0 0.195 0.075 -0.5266508849 2
0 0.195 0.085 -0.4964281397 2
0 0.195 0.095 -0.4630533732 2
0 0.195 0.105 -0.4267384953 2
0 0.195 0.115 -0.3877140838 2
0 0.195 0.125 -0.3462279201 2
0 0.195 0.135 -0.3025434166 2
0 0.195 0.145 -0.2569379438 2
0 0.195 0.155 -0.209701069 2
0 0.195 0.165 -0.1611327181 2
0 0.195 0.175 -0.1115412709 2
0 0.195 0.185 -0.0612416036 2
0 0.195 0.195 -0.01055308878 2
0 0.195 0.205 0.04020243184 2
0 0.195 0.215 0.0907026911 2
0 0.195 0.225 0.1406270426 2
0 0.195 0.235 0.1896584967 2
0 0.195 0.245 0.237485733 2
0 0.195 0.255 0.2838050772 2
0 0.195 0.265 0.3283224293 2
0 0.195 0.275 0.3707551307 2
0 0.195 0.285 0.4108337592 2
0 0.195 0.295 0.4483038395 2
0 0.195 0.305 0.4829274591 2
0 0.195 0.315 0.5144847788 2
0 0.195 0.325 0.5427754284 2
0 0.195 0.335 0.5676197794 2
0 0.195 0.345 0.5888600849 1
0 0.195 0.355 0.6063614818 1
0 0.195 0.365 0.6200128467 1
0 0.195 0.375 0.6297275015 1
0 0.195 0.385 0.6354437641 1
0 0.195 0.395 0.6371253396 1
0 0.195 0.405 0 1
0 0.195 0.415 0 2
0 0.195 0.425 0 2
0 0.195 0.435 0 2
0 0.195 0.445 0 2
0 0.195 0.455 0 2
0 0.195 0.465 0 2
0 0.205 -0.455 0 2
0 0.205 -0.445 0 2
0 0.205 -0.435 0 2
0 0.205 -0.425 0 2
0 0.205 -0.415 0 2
0 0.205 -0.405 0 2
0 0.205 -0.395 0.6017061769 2
0 0.205 -0.385 0.6001180838 2
0 0.205 -0.375 0.5947196004 2
0 0.205 -0.365 0.5855450041 2
0 0.205 -0.355 0.5726525478 2
0 0.205 -0.345 0.5561240911 2
0 0.205 -0.335 0.5360645797 2
0 0.205 -0.325 0.5126013794 2
0 0.205 -0.315 0.4858834676 2
0 0.205 -0.305 0.456080487 2
0 0.205 -0.295 0.4233816685 2
0 0.205 -0.285 0.3879946303 2
0 0.205 -0.275 0.3501440586 2
0 0.205 -0.265 0.310070282 2
0 0.205 -0.255 0.2680277449 2
0 0.205 -0.245 0.2242833923 2
0 0.205 -0.235 0.1791149745 2
0 0.205 -0.225 0.132809284 2
0 0.205 -0.215 0.08566033417 2
0 0.205 -0.205 0.03796749252 2
0 0.205 -0.195 -0.00996641996 2
0 0.205 -0.185 -0.05783705164 2
0 0.205 -0.175 -0.1053404527 2
0 0.205 -0.165 -0.152175005 2
0 0.205 -0.155 -0.1980433373 2
0 0.205 -0.145 -0.242654213 1
0 0.205 -0.135 -0.2857243799 1
0 0.205 -0.125 -0.3269803682 1
0 0.205 -0.115 -0.3661602271 1
0 0.205 -0.105 -0.4030151881 1
0 0.205 -0.095 -0.4373112441 1
0 0.205 -0.085 -0.4688306357 1
0 0.205 -0.075 -0.4973732338 1
0 0.205 -0.065 -0.52275781 1
0 0.205 -0.055 -0.5448231873 1
0 0.205 -0.045 -0.5634292639 1
0 0.205 -0.035 -0.5784579024 1
0 0.205 -0.025 -0.5898136798 2
0 0.205 -0.015 -0.5974244938 2
0 0.205 -0.005 -0.6012420203 2
0 0.205 0.005 -0.6012420203 2
0 0.205 0.015 -0.5974244938 2
0 0.205 0.025 -0.5898136798 2
0 0.205 0.035 -0.5784579024 2
0 0.205 0.045 -0.5634292639 2
0 0.205 0.055 -0.5448231873 2
0 0.205 0.065 -0.52275781 2
0 0.205 0.075 -0.4973732338 2
0 0.205 0.085 -0.4688306357 2
0 0.205 0.095 -0.4373112441 2
0 0.205 0.105 -0.4030151881 2
0 0.205 0.115 -0.3661602271 2
0 0.205 0.125 -0.3269803682 2
0 0.205 0.135 -0.2857243799 2
0 0.205 0.145 -0.242654213 2
0 0.205 0.155 -0.1980433373 2
0 0.205 0.165 -0.152175005 2
0 0.205 0.175 -0.1053404527 2
0 0.205 0.185 -0.05783705164 2
0 0.205 0.195 -0.00996641996 2
0 0.205 0.205 0.03796749252 2
0 0.205 0.215 0.08566033417 2
0 0.205 0.225 0.132809284 2
0 0.205 0.235 0.1791149745 2
0 0.205 0.245 0.2242833923 2
0 0.205 0.255 0.2680277449 2
0 0.205 0.265 0.310070282 2
0 0.205 0.275 0.3501440586 2
0 0.205 0.285 0.3879946303 2
0 0.205 0.295 0.4233816685 2
0 0.205 0.305 0.456080487 2
0 0.205 0.315 0.4858834676 2
0 0.205 0.325 0.5126013794 2
0 0.205 0.335 0.5360645797 2
0 0.205 0.345 0.5561240911 1
0 0.205 0.355 0.5726525478 1
0 0.205 0.365 0.5855450041 1
0 0.205 0.375 0.5947196004 1
0 0.205 0.385 0.6001180838 1
0 0.205 0.395 0.6017061769 1
0 0.205 0.405 0 1
0 0.205 0.415 0 2
0 0.205 0.425 0 2
0 0.205 0.435 0 2
0 0.205 0.445 0 2
0 0.205 0.455 0 2
0 0.205 0.465 0 2
0 0.215 -0.455 0 2
0 0.215 -0.445 0 2
0 0.215 -0.435 0 2
0 0.215 -0.425 0 2
0 0.215 -0.415 0 2
0 0.215 -0.405 0 2
0 0.215 -0.395 0.5650617733 2
0 0.215 -0.385 0.5635703963 2
0 0.215 -0.375 0.5585006851 2
0 0.215 -0.365 0.5498848292 2
0 0.215 -0.355 0.5377775342 2
0 0.215 -0.345 0.5222556742 2
0 0.215 -0.335 0.5034178036 2
0 0.215 -0.325 0.4813835316 2
0 0.215 -0.315 0.4562927627 2
0 0.215 -0.305 0.4283048083 2
0 0.215 -0.295 0.3975973749 2
0 0.215 -0.285 0.3643654365 2
0 0.215 -0.275 0.3288199959 2
0 0.215 -0.265 0.2911867455 2
0 0.215 -0.255 0.2517046337 2
0 0.215 -0.245 0.2106243483 2
0 0.215 -0.235 0.1682067245 2
0 0.215 -0.225 0.1247210888 2
0 0.215 -0.215 0.080443549 2
0 0.215 -0.205 0.03565524083 2
0 0.215 -0.195 -0.009359456745 2
0 0.215 -0.185 -0.05431472738 2
0 0.215 -0.175 -0.09892513205 2
0 0.215 -0.165 -0.1429074214 2
0 0.215 -0.155 -0.1859823343 2
0 0.215 -0.145 -0.2278763708 2
0 0.215 -0.135 -0.2683235289 1
0 0.215 -0.125 -0.3070669935 1
0 0.215 -0.115 -0.3438607666 1
0 0.215 -0.105 -0.3784712299 1
0 0.215 -0.095 -0.4106786278 1
0 0.215 -0.085 -0.4402784624 1
0 0.215 -0.075 -0.4670827927 1
0 0.215 -0.065 -0.4909214272 1
0 0.215 -0.055 -0.5116430048 1
0 0.215 -0.045 -0.5291159559 1
0 0.215 -0.035 -0.5432293379 1
0 0.215 -0.025 -0.5538935391 2
0 0.215 -0.015 -0.5610408482 2
0 0.215 -0.005 -0.5646258842 2
0 0.215 0.005 -0.5646258842 2
0 0.215 0.015 -0.5610408482 2
0 0.215 0.025 -0.5538935391 2
0 0.215 0.035 -0.5432293379 2
0 0.215 0.045 -0.5291159559 2
0 0.215 0.055 -0.5116430048 2
0 0.215 0.065 -0.4909214272 2
0 0.215 0.075 -0.4670827927 2
0 0.215 0.085 -0.4402784624 2
0 0.215 0.095 -0.4106786278 2
0 0.215 0.105 -0.3784712299 2
0 0.215 0.115 -0.3438607666 2
0 0.215 0.125 -0.3070669935 2
0 0.215 0.135 -0.2683235289 2
0 0.215 0.145 -0.2278763708 2
0 0.215 0.155 -0.1859823343 2
0 0.215 0.165 -0.1429074214 2
0 0.215 0.175 -0.09892513205 2
0 0.215 0.185 -0.05431472738 2
0 0.215 0.195 -0.009359456745 2
0 0.215 0.205 0.03565524083 2
0 0.215 0.215 0.080443549 2
0 0.215 0.225 0.1247210888 2
0 0.215 0.235 0.1682067245 2
0 0.215 0.245 0.2106243483 2
0 0.215 0.255 0.2517046337 2
0 0.215 0.265 0.2911867455 2
0 0.215 0.275 0.3288199959 2
0 0.215 0.285 0.3643654365 2
0 0.215 0.295 0.3975973749 2
0 0.215 0.305 0.4283048083 2
0 0.215 0.315 0.4562927627 2
0 0.215 0.325 0.4813835316 2
0 0.215 0.335 0.5034178036 2
0 0.215 0.345 0.5222556742 2
0 0.215 0.355 0.5377775342 1
0 0.215 0.365 0.5498848292 1
0 0.215 0.375 0.5585006851 1
0 0.215 0.385 0.5635703963 1
0 0.215 0.395 0.5650617733 1
0 0.215 0.405 0 2
0 0.215 0.415 0 2
0 0.215 0.425 0 2
0 0.215 0.435 0 2
0 0.215 0.445 0 2
0 0.215 0.455 0 2
0 0.215 0.465 0 2
0 0.225 -0.455 0 2
0 0.225 -0.445 0 2
0 0.225 -0.435 0 2
0 0.225 -0.425 0 1
0 0.225 -0.415 0 1
0 0.225 -0.405 0 1
0 0.225 -0.395 0.5272667469 1
0 0.225 -0.385 0.525875123 2
0 0.225 -0.375 0.5211445073 2
0 0.225 -0.365 0.5131049362 2
0 0.225 -0.355 0.5018074562 2
0 0.225 -0.345 0.4873237997 2
0 0.225 -0.335 0.4697459291 2
0 0.225 -0.325 0.4491854533 2
0 0.225 -0.315 0.4257729191 2
0 0.225 -0.305 0.399656982 2
0 0.225 -0.295 0.3710034626 2
0 0.225 -0.285 0.3399942935 2
0 0.225 -0.275 0.3068263645 2
0 0.225 -0.265 0.2717102719 2
0 0.225 -0.255 0.2348689819 2
0 0.225 -0.245 0.1965364146 2
0 0.225 -0.235 0.1569559589 2
0 0.225 -0.225 0.1163789269 2
0 0.225 -0.215 0.07506295842 2
0 0.225 -0.205 0.03327038518 2
0 0.225 -0.195 -0.008733435077 2
0 0.225 -0.185 -0.05068180325 2
0 0.225 -0.175 -0.09230837235 2
0 0.225 -0.165 -0.1333488386 2
0 0.225 -0.155 -0.1735426196 2
0 0.225 -0.145 -0.212634509 2
0 0.225 -0.135 -0.2503762968 2
0 0.225 -0.125 -0.286528345 1
0 0.225 -0.115 -0.32086111 1
0 0.225 -0.105 -0.3531565992 1
0 0.225 -0.095 -0.3832097557 1
0 0.225 -0.085 -0.4108297599 1
0 0.225 -0.075 -0.4358412413 1
0 0.225 -0.065 -0.458085392 1
0 0.225 -0.055 -0.477420975 1
0 0.225 -0.045 -0.4937252209 1
0 0.225 -0.035 -0.5068946076 1
0 0.225 -0.025 -0.5168455173 2
0 0.225 -0.015 -0.5235147676 2
0 0.225 -0.005 -0.526860013 2
0 0.225 0.005 -0.526860013 2
0 0.225 0.015 -0.5235147676 2
0 0.225 0.025 -0.5168455173 2
0 0.225 0.035 -0.5068946076 2
0 0.225 0.045 -0.4937252209 2
0 0.225 0.055 -0.477420975 2
0 0.225 0.065 -0.458085392 2
0 0.225 0.075 -0.4358412413 2
0 0.225 0.085 -0.4108297599 2
0 0.225 0.095 -0.3832097557 2
0 0.225 0.105 -0.3531565992 2
0 0.225 0.115 -0.32086111 2
0 0.225 0.125 -0.286528345 2
0 0.225 0.135 -0.2503762968 2
0 0.225 0.145 -0.212634509 2
0 0.225 0.155 -0.1735426196 2
0 0.225 0.165 -0.1333488386 2
0 0.225 0.175 -0.09230837235 2
0 0.225 0.185 -0.05068180325 2
0 0.225 0.195 -0.008733435077 2
0 0.225 0.205 0.03327038518 2
0 0.225 0.215 0.07506295842 2
0 0.225 0.225 0.1163789269 2
0 0.225 0.235 0.1569559589 2
0 0.225 0.245 0.1965364146 2
0 0.225 0.255 0.2348689819 2
0 0.225 0.265 0.2717102719 2
0 0.225 0.275 0.3068263645 2
0 0.225 0.285 0.3399942935 2
0 0.225 0.295 0.3710034626 2
0 0.225 0.305 0.399656982 2
0 0.225 0.315 0.4257729191 2
0 0.225 0.325 0.4491854533 2
0 0.225 0.335 0.4697459291 2
0 0.225 0.345 0.4873237997 2
0 0.225 0.355 0.5018074562 1
0 0.225 0.365 0.5131049362 1
0 0.225 0.375 0.5211445073 1
0 0.225 0.385 0.525875123 1
0 0.225 0.395 0.5272667469 1
0 0.225 0.405 0 2
0 0.225 0.415 0 2
0 0.225 0.425 0 2
0 0.225 0.435 0 2
0 0.225 0.445 0 2
0 0.225 0.455 0 2
0 0.225 0.465 0 2
0 0.235 -0.455 0 2
0 0.235 -0.445 0 2
0 0.235 -0.435 0 1
0 0.235 -0.425 0 1
0 0.235 -0.415 0 1
0 0.235 -0.405 0 1
0 0.235 -0.395 0.4883980591 1
0 0.235 -0.385 0.487109022 1
0 0.235 -0.375 0.4827271345 2
0 0.235 -0.365 0.4752802189 2
0 0.235 -0.355 0.4648155589 2
0 0.235 -0.345 0.4513995986 2
0 0.235 -0.335 0.4351175213 2
0 0.235 -0.325 0.4160727086 2
0 0.235 -0.315 0.3943860835 2
0 0.235 -0.305 0.3701953431 2
0 0.235 -0.295 0.3436540842 2
0 0.235 -0.285 0.3149308277 2
0 0.235 -0.275 0.2842079493 2
0 0.235 -0.265 0.2516805207 2
0 0.235 -0.255 0.2175550716 2
0 0.235 -0.245 0.1820482782 2
0 0.235 -0.235 0.1453855873 2
0 0.235 -0.225 0.1077997851 2
0 0.235 -0.215 0.06952951881 2
0 0.235 -0.205 0.03081778178 2
0 0.235 -0.195 -0.008089629709 2
0 0.235 -0.185 -0.04694567689 2
0 0.235 -0.175 -0.08550364716 2
0 0.235 -0.165 -0.1235187205 2
0 0.235 -0.155 -0.160749524 2
0 0.235 -0.145 -0.1969596644 2
0 0.235 -0.135 -0.2319192289 2
0 0.235 -0.125 -0.2654062453 2
0 0.235 -0.115 -0.2972080911 2
0 0.235 -0.105 -0.3271228436 2
0 0.235 -0.095 -0.3549605622 1
0 0.235 -0.085 -0.3805444939 2
0 0.235 -0.075 -0.403712196 2
0 0.235 -0.065 -0.4243165677 1
0 0.235 -0.055 -0.4422267835 1
0 0.235 -0.045 -0.4573291242 1
0 0.235 -0.035 -0.4695276991 2
0 0.235 -0.025 -0.4787450544 2
0 0.235 -0.015 -0.4849226656 2
0 0.235 -0.005 -0.4880213085 2
0 0.235 0.005 -0.4880213085 2
0 0.235 0.015 -0.4849226656 2
0 0.235 0.025 -0.4787450544 2
0 0.235 0.035 -0.4695276991 2
0 0.235 0.045 -0.4573291242 2
0 0.235 0.055 -0.4422267835 2
0 0.235 0.065 -0.4243165677 2
0 0.235 0.075 -0.403712196 2
0 0.235 0.085 -0.3805444939 2
0 0.235 0.095 -0.3549605622 2
0 0.235 0.105 -0.3271228436 2
0 0.235 0.115 -0.2972080911 2
0 0.235 0.125 -0.2654062453 2
0 0.235 0.135 -0.2319192289 2
0 0.235 0.145 -0.1969596644 2
0 0.235 0.155 -0.160749524 2
0 0.235 0.165 -0.1235187205 2
0 0.235 0.175 -0.08550364716 2
0 0.235 0.185 -0.04694567689 2
0 0.235 0.195 -0.008089629709 2
0 0.235 0.205 0.03081778178 2
0 0.235 0.215 0.06952951881 2
0 0.235 0.225 0.1077997851 2
0 0.235 0.235 0.1453855873 2
0 0.235 0.245 0.1820482782 2
0 0.235 0.255 0.2175550716 2
0 0.235 0.265 0.2516805207 2
0 0.235 0.275 0.2842079493 2
0 0.235 0.285 0.3149308277 2
0 0.235 0.295 0.3436540842 2
0 0.235 0.305 0.3701953431 2
0 0.235 0.315 0.3943860835 2
0 0.235 0.325 0.4160727086 2
0 0.235 0.335 0.4351175213 2
0 0.235 0.345 0.4513995986 2
0 0.235 0.355 0.4648155589 2
0 0.235 0.365 0.4752802189 2
0 0.235 0.375 0.4827271345 2
0 0.235 0.385 0.487109022 2
0 0.235 0.395 0.4883980591 2
0 0.235 0.405 0 2
0 0.235 0.415 0 2
0 0.235 0.425 0 2
0 0.235 0.435 0 2
0 0.235 0.445 0 2
0 0.235 0.455 0 2
0 0.235 0.465 0 2
0 0.245 -0.455 0 2
0 0.245 -0.445 0 2
0 0.245 -0.435 0 1
0 0.245 -0.425 0 1
0 0.245 -0.415 0 1
0 0.245 -0.405 0 1
0 0.245 -0.395 0.4485348571 1
0 0.245 -0.385 0.4473510316 1
0 0.245 -0.375 0.4433267951 2
0 0.245 -0.365 0.4364876992 2
0 0.245 -0.355 0.4268771679 2
0 0.245 -0.345 0.4145562225 2
0 0.245 -0.335 0.3996030935 2
0 0.245 -0.325 0.3821127243 2
0 0.245 -0.315 0.3621961683 2
0 0.245 -0.305 0.3399798837 2
0 0.245 -0.295 0.3156049306 2
0 0.245 -0.285 0.2892260753 2
0 0.245 -0.275 0.2610108078 2
0 0.245 -0.265 0.2311382781 2
0 0.245 -0.255 0.1997981588 2
0 0.245 -0.245 0.1671894409 2
0 0.245 -0.235 0.1335191703 2
0 0.245 -0.225 0.09900113299 2
0 0.245 -0.215 0.0638544978 2
0 0.245 -0.205 0.02830242481 2
0 0.245 -0.195 -0.007429351608 2
0 0.245 -0.185 -0.0431139561 2
0 0.245 -0.175 -0.0785248128 2
0 0.245 -0.165 -0.113437084 2
0 0.245 -0.155 -0.1476290977 2
0 0.245 -0.145 -0.1808837551 2
0 0.245 -0.135 -0.2129899091 2
0 0.245 -0.125 -0.2437437048 2
0 0.245 -0.115 -0.272949874 2
0 0.245 -0.105 -0.3004229751 2
0 0.245 -0.095 -0.3259885703 2
0 0.245 -0.085 -0.3494843335 2
0 0.245 -0.075 -0.3707610807 2
0 0.245 -0.065 -0.3896837171 2
0 0.245 -0.055 -0.4061320955 2
0 0.245 -0.045 -0.4200017784 2
0 0.245 -0.035 -0.4312047018 2
0 0.245 -0.025 -0.4396697337 2
0 0.245 -0.015 -0.4453431264 2
0 0.245 -0.005 -0.448188857 2
0 0.245 0.005 -0.448188857 2
0 0.245 0.015 -0.4453431264 2
0 0.245 0.025 -0.4396697337 2
0 0.245 0.035 -0.4312047018 2
0 0.245 0.045 -0.4200017784 2
0 0.245 0.055 -0.4061320955 2
0 0.245 0.065 -0.3896837171 2
0 0.245 0.075 -0.3707610807 2
0 0.245 0.085 -0.3494843335 2
0 0.245 0.095 -0.3259885703 2
0 0.245 0.105 -0.3004229751 2
0 0.245 0.115 -0.272949874 2
0 0.245 0.125 -0.2437437048 2
0 0.245 0.135 -0.2129899091 2
0 0.245 0.145 -0.1808837551 2
0 0.245 0.155 -0.1476290977 2
0 0.245 0.165 -0.113437084 2
0 0.245 0.175 -0.0785248128 2
0 0.245 0.185 -0.0431139561 2
0 0.245 0.195 -0.007429351608 2
0 0.245 0.205 0.02830242481 2
0 0.245 0.215 0.0638544978 2
0 0.245 0.225 0.09900113299 2
0 0.245 0.235 0.1335191703 2
0 0.245 0.245 0.1671894409 2
0 0.245 0.255 0.1997981588 2
0 0.245 0.265 0.2311382781 2
0 0.245 0.275 0.2610108078 2
0 0.245 0.285 0.2892260753 2
0 0.245 0.295 0.3156049306 2
0 0.245 0.305 0.3399798837 2
0 0.245 0.315 0.3621961683 2
0 0.245 0.325 0.3821127243 2
0 0.245 0.335 0.3996030935 2
0 0.245 0.345 0.4145562225 2
0 0.245 0.355 0.4268771679 2
0 0.245 0.365 0.4364876992 2
0 0.245 0.375 0.4433267951 2
0 0.245 0.385 0.4473510316 2
0 0.245 0.395 0.4485348571 2
0 0.245 0.405 0 2
0 0.245 0.415 0 2
0 0.245 0.425 0 2
0 0.245 0.435 0 2
0 0.245 0.445 0 2
0 0.245 0.455 0 2
0 0.245 0.465 0 2
0 0.255 -0.455 0 2
0 0.255 -0.445 0 2
0 0.255 -0.435 0 1
0 0.255 -0.425 0 1
0 0.255 -0.415 0 1
0 0.255 -0.405 0 1
0 0.255 -0.395 0.4077583136 1
0 0.255 -0.385 0.4066821103 1
0 0.255 -0.375 0.4030237193 1
0 0.255 -0.365 0.3968063693 2
0 0.255 -0.355 0.3880695365 2
0 0.255 -0.345 0.3768686948 2
0 0.255 -0.335 0.3632749628 2
0 0.255 -0.325 0.3473746524 2
0 0.255 -0.315 0.3292687211 2
0 0.255 -0.305 0.3090721309 2
0 0.255 -0.295 0.2869131178 2
0 0.255 -0.285 0.2629323783 2
0 0.255 -0.275 0.2372821758 2
0 0.255 -0.265 0.2101253737 2
0 0.255 -0.255 0.1816344014 2
0 0.255 -0.245 0.1519901595 2
0 0.255 -0.235 0.1213808712 2
0 0.255 -0.225 0.09000088709 2
0 0.255 -0.215 0.05804945129 2
0 0.255 -0.205 0.02572943625 2
0 0.255 -0.195 -0.006753945284 2
0 0.255 -0.185 -0.03919444331 2
0 0.255 -0.175 -0.07138608012 2
0 0.255 -0.165 -0.1031244581 2
0 0.255 -0.155 -0.1342080576 2
0 0.255 -0.145 -0.1644395163 2
0 0.255 -0.135 -0.1936268826 2
0 0.255 -0.125 -0.2215848343 2
0 0.255 -0.115 -0.2481358551 2
0 0.255 -0.105 -0.2731113619 2
0 0.255 -0.095 -0.2963527752 2
0 0.255 -0.085 -0.3177125261 2
0 0.255 -0.075 -0.3370549927 2
0 0.255 -0.065 -0.3542573622 2
0 0.255 -0.055 -0.3692104097 2
0 0.255 -0.045 -0.3818191924 2
0 0.255 -0.035 -0.392003652 2
0 0.255 -0.025 -0.3996991233 2
0 0.255 -0.015 -0.4048567448 2
0 0.255 -0.005 -0.4074437686 2
0 0.255 0.005 -0.4074437686 2
0 0.255 0.015 -0.4048567448 2
0 0.255 0.025 -0.3996991233 2
0 0.255 0.035 -0.392003652 2
0 0.255 0.045 -0.3818191924 2
0 0.255 0.055 -0.3692104097 2
0 0.255 0.065 -0.3542573622 2
0 0.255 0.075 -0.3370549927 2
0 0.255 0.085 -0.3177125261 2
0 0.255 0.095 -0.2963527752 2
0 0.255 0.105 -0.2731113619 2
0 0.255 0.115 -0.2481358551 2
0 0.255 0.125 -0.2215848343 2
0 0.255 0.135 -0.1936268826 2
0 0.255 0.145 -0.1644395163 2
0 0.255 0.155 -0.1342080576 2
0 0.255 0.165 -0.1031244581 2
0 0.255 0.175 -0.07138608012 2
0 0.255 0.185 -0.03919444331 2
0 0.255 0.195 -0.006753945284 2
0 0.255 0.205 0.02572943625 2
0 0.255 0.215 0.05804945129 2
0 0.255 0.225 0.09000088709 2
0 0.255 0.235 0.1213808712 2
0 0.255 0.245 0.1519901595 2
0 0.255 0.255 0.1816344014 2
0 0.255 0.265 0.2101253737 2
0 0.255 0.275 0.2372821758 2
0 0.255 0.285 0.2629323783 2
0 0.255 0.295 0.2869131178 2
0 0.255 0.305 0.3090721309 2
0 0.255 0.315 0.3292687211 2
0 0.255 0.325 0.3473746524 2
0 0.255 0.335 0.3632749628 2
0 0.255 0.345 0.3768686948 2
0 0.255 0.355 0.3880695365 2
0 0.255 0.365 0.3968063693 2
0 0.255 0.375 0.4030237193 2
0 0.255 0.385 0.4066821103 2
0 0.255 0.395 0.4077583136 2
0 0.255 0.405 0 2
0 0.255 0.415 0 2
0 0.255 0.425 0 2
0 0.255 0.435 0 2
0 0.255 0.445 0 2
0 0.255 0.455 0 2
0 0.255 0.465 0 2
0 0.265 -0.455 0 2
0 0.265 -0.445 0 2
0 0.265 -0.435 0 1
0 0.265 -0.425 0 1
0 0.265 -0.415 0 1
0 0.265 -0.405 0 1
0 0.265 -0.395 0.3661514609 1
0 0.265 -0.385 0.3651850713 1
0 0.265 -0.375 0.3618999753 1
0 0.265 -0.365 0.3563170313 2
0 0.265 -0.355 0.3484716878 2
0 0.265 -0.345 0.3384137578 2
0 0.265 -0.335 0.3262071033 2
0 0.265 -0.325 0.3119292292 2
0 0.265 -0.315 0.2956707914 2
0 0.265 -0.305 0.2775350213 2
0 0.265 -0.295 0.2576370701 2
0 0.265 -0.285 0.2361032779 2
0 0.265 -0.275 0.2130703714 2
0 0.265 -0.265 0.1886845957 2
0 0.265 -0.255 0.163100786 2
0 0.265 -0.245 0.1364813839 2
0 0.265 -0.235 0.1089954069 2
0 0.265 -0.225 0.0808173744 2
0 0.265 -0.215 0.05212619997 2
0 0.265 -0.205 0.02310405541 2
0 0.265 -0.195 -0.006064786052 2
0 0.265 -0.185 -0.03519511976 2
0 0.265 -0.175 -0.06410198555 2
0 0.265 -0.165 -0.09260184214 2
0 0.265 -0.155 -0.1205137325 2
0 0.265 -0.145 -0.147660433 2
0 0.265 -0.135 -0.1738695781 2
0 0.265 -0.125 -0.1989747556 2
0 0.265 -0.115 -0.2228165627 2
0 0.265 -0.105 -0.2452436182 2
0 0.265 -0.095 -0.2661135236 2
0 0.265 -0.085 -0.2852937676 2
0 0.265 -0.075 -0.3026625672 2
0 0.265 -0.065 -0.3181096409 2
0 0.265 -0.055 -0.331536909 2
0 0.265 -0.045 -0.3428591164 2
0 0.265 -0.035 -0.3520043739 2
0 0.265 -0.025 -0.3589146145 2
0 0.265 -0.015 -0.3635459625 2
0 0.265 -0.005 -0.3658690114 2
0 0.265 0.005 -0.3658690114 2
0 0.265 0.015 -0.3635459625 2
0 0.265 0.025 -0.3589146145 2
0 0.265 0.035 -0.3520043739 2
0 0.265 0.045 -0.3428591164 2
0 0.265 0.055 -0.331536909 2
0 0.265 0.065 -0.3181096409 2
0 0.265 0.075 -0.3026625672 2
0 0.265 0.085 -0.2852937676 2
0 0.265 0.095 -0.2661135236 2
0 0.265 0.105 -0.2452436182 2
0 0.265 0.115 -0.2228165627 2
0 0.265 0.125 -0.1989747556 2
0 0.265 0.135 -0.1738695781 2
0 0.265 0.145 -0.147660433 2
0 0.265 0.155 -0.1205137325 2
0 0.265 0.165 -0.09260184214 2
0 0.265 0.175 -0.06410198555 2
0 0.265 0.185 -0.03519511976 2
0 0.265 0.195 -0.006064786052 2
0 0.265 0.205 0.02310405541 2
0 0.265 0.215 0.05212619997 2
0 0.265 0.225 0.0808173744 2
0 0.265 0.235 0.1089954069 2
0 0.265 0.245 0.1364813839 2
0 0.265 0.255 0.163100786 2
0 0.265 0.265 0.1886845957 2
0 0.265 0.275 0.2130703714 2
0 0.265 0.285 0.2361032779 2
0 0.265 0.295 0.2576370701 2
0 0.265 0.305 0.2775350213 2
0 0.265 0.315 0.2956707914 2
0 0.265 0.325 0.3119292292 2
0 0.265 0.335 0.3262071033 2
0 0.265 0.345 0.3384137578 2
0 0.265 0.355 0.3484716878 2
0 0.265 0.365 0.3563170313 2
0 0.265 0.375 0.3618999753 2
0 0.265 0.385 0.3651850713 2
0 0.265 0.395 0.3661514609 2
0 0.265 0.405 0 2
0 0.265 0.415 0 2
0 0.265 0.425 0 2
0 0.265 0.435 0 2
0 0.265 0.445 0 2
0 0.265 0.455 0 2
0 0.265 0.465 0 2
0 0.275 -0.455 0 2
0 0.275 -0.445 0 2
0 0.275 -0.435 0 1
0 0.275 -0.425 0 1
0 0.275 -0.415 0 1
0 0.275 -0.405 0 1
0 0.275 -0.395 0.3237990222 1
0 0.275 -0.385 0.3229444141 1
0 0.275 -0.375 0.3200393024 1
0 0.275 -0.365 0.315102133 2
0 0.275 -0.355 0.3081642539 2
0 0.275 -0.345 0.2992697164 2
0 0.275 -0.335 0.2884749956 2
0 0.275 -0.325 0.2758486315 2
0 0.275 -0.315 0.2614707938 2
0 0.275 -0.305 0.2454327733 2
0 0.275 -0.295 0.2278364018 2
0 0.275 -0.285 0.2087934057 2
0 0.275 -0.275 0.1884246966 2
0 0.275 -0.265 0.1668596035 2
0 0.275 -0.255 0.144235052 2
0 0.275 -0.245 0.1206946944 2
0 0.275 -0.235 0.09638799774 2
0 0.275 -0.225 0.07146929508 2
0 0.275 -0.215 0.04609680523 2
0 0.275 -0.205 0.0204316283 2
0 0.275 -0.195 -0.005363277231 2
0 0.275 -0.185 -0.03112412916 2
0 0.275 -0.175 -0.05668736153 2
0 0.275 -0.165 -0.08189066312 2
0 0.275 -0.155 -0.1065740081 2
0 0.275 -0.145 -0.130580672 2
0 0.275 -0.135 -0.1537582268 2
0 0.275 -0.125 -0.1759595091 2
0 0.275 -0.115 -0.1970435539 2
0 0.275 -0.105 -0.2168764903 2
0 0.275 -0.095 -0.2353323909 1
0 0.275 -0.085 -0.2522940719 1
0 0.275 -0.075 -0.2676538367 1
0 0.275 -0.065 -0.28131416 1
0 0.275 -0.055 -0.293188307 1
0 0.275 -0.045 -0.303200884 2
0 0.275 -0.035 -0.3112883171 2
0 0.275 -0.025 -0.3173992559 2
0 0.275 -0.015 -0.3214948996 2
0 0.275 -0.005 -0.3235492434 2
0 0.275 0.005 -0.3235492434 2
0 0.275 0.015 -0.3214948996 2
0 0.275 0.025 -0.3173992559 2
0 0.275 0.035 -0.3112883171 2
0 0.275 0.045 -0.303200884 2
0 0.275 0.055 -0.293188307 2
0 0.275 0.065 -0.28131416 2
0 0.275 0.075 -0.2676538367 2
0 0.275 0.085 -0.2522940719 2
0 0.275 0.095 -0.2353323909 2
0 0.275 0.105 -0.2168764903 2
0 0.275 0.115 -0.1970435539 2
0 0.275 0.125 -0.1759595091 2
0 0.275 0.135 -0.1537582268 2
0 0.275 0.145 -0.130580672 2
0 0.275 0.155 -0.1065740081 2
0 0.275 0.165 -0.08189066312 2
0 0.275 0.175 -0.05668736153 2
0 0.275 0.185 -0.03112412916 2
0 0.275 0.195 -0.005363277231 2
0 0.275 0.205 0.0204316283 2
0 0.275 0.215 0.04609680523 2
0 0.275 0.225 0.07146929508 2
0 0.275 0.235 0.09638799774 2
0 0.275 0.245 0.1206946944 2
0 0.275 0.255 0.144235052 2
0 0.275 0.265 0.1668596035 2
0 0.275 0.275 0.1884246966 2
0 0.275 0.285 0.2087934057 2
0 0.275 0.295 0.2278364018 2
0 0.275 0.305 0.2454327733 2
0 0.275 0.315 0.2614707938 2
0 0.275 0.325 0.2758486315 2
0 0.275 0.335 0.2884749956 2
0 0.275 0.345 0.2992697164 2
0 0.275 0.355 0.3081642539 2
0 0.275 0.365 0.315102133 2
0 0.275 0.375 0.3200393024 2
0 0.275 0.385 0.3229444141 2
0 0.275 0.395 0.3237990222 2
0 0.275 0.405 0 2
0 0.275 0.415 0 2
0 0.275 0.425 0 2
0 0.275 0.435 0 2
0 0.275 0.445 0 2
0 0.275 0.455 0 2
0 0.275 0.465 0 2
0 0.285 -0.455 0 2
0 0.285 -0.445 0 2
0 0.285 -0.435 0 1
0 0.285 -0.425 0 1
0 0.285 -0.415 0 1
0 0.285 -0.405 0 1
0 0.285 -0.395 0.2807872387 1
0 0.285 -0.385 0.2800461523 1
0 0.285 -0.375 0.2775269406 1
0 0.285 -0.365 0.2732455992 2
0 0.285 -0.355 0.267229312 2
0 0.285 -0.345 0.2595162788 2
0 0.285 -0.335 0.2501554727 2
0 0.285 -0.325 0.2392063293 2
0 0.285 -0.315 0.2267383691 2
0 0.285 -0.305 0.2128307561 2
0 0.285 -0.295 0.1975717953 2
0 0.285 -0.285 0.1810583721 2
0 0.285 -0.275 0.1633953367 2
0 0.285 -0.265 0.1446948388 2
0 0.285 -0.255 0.1250756155 2
0 0.285 -0.245 0.1046622369 2
0 0.285 -0.235 0.08358431581 2
0 0.285 -0.225 0.06197568443 2
0 0.285 -0.215 0.0399735446 2
0 0.285 -0.205 0.01771759672 1
0 0.285 -0.195 -0.004650847287 1
0 0.285 -0.185 -0.0269897612 1
0 0.285 -0.175 -0.0491573063 1
0 0.285 -0.165 -0.07101273197 2
0 0.285 -0.155 -0.09241726934 2
0 0.285 -0.145 -0.1132350124 2
0 0.285 -0.135 -0.1333337811 2
0 0.285 -0.125 -0.1525859601 2
0 0.285 -0.115 -0.1708693097 1
0 0.285 -0.105 -0.1880677416 1
0 0.285 -0.095 -0.2040720561 1
0 0.285 -0.085 -0.2187806353 1
0 0.285 -0.075 -0.2321000886 1
0 0.285 -0.065 -0.2439458454 1
0 0.285 -0.055 -0.2542426923 1
0 0.285 -0.045 -0.2629252504 1
0 0.285 -0.035 -0.2699383908 2
0 0.285 -0.025 -0.2752375842 2
0 0.285 -0.015 -0.2787891838 2
0 0.285 -0.005 -0.2805706392 2
0 0.285 0.005 -0.2805706392 2
0 0.285 0.015 -0.2787891838 2
0 0.285 0.025 -0.2752375842 2
0 0.285 0.035 -0.2699383908 2
0 0.285 0.045 -0.2629252504 2
0 0.285 0.055 -0.2542426923 2
0 0.285 0.065 -0.2439458454 2
0 0.285 0.075 -0.2321000886 2
0 0.285 0.085 -0.2187806353 2
0 0.285 0.095 -0.2040720561 2
0 0.285 0.105 -0.1880677416 2
0 0.285 0.115 -0.1708693097 2
0 0.285 0.125 -0.1525859601 2
0 0.285 0.135 -0.1333337811 2
0 0.285 0.145 -0.1132350124 2
0 0.285 0.155 -0.09241726934 2
0 0.285 0.165 -0.07101273197 2
0 0.285 0.175 -0.0491573063 2
0 0.285 0.185 -0.0269897612 2
0 0.285 0.195 -0.004650847287 2
0 0.285 0.205 0.01771759672 2
0 0.285 0.215 0.0399735446 2
0 0.285 0.225 0.06197568443 2
0 0.285 0.235 0.08358431581 2
0 0.285 0.245 0.1046622369 2
0 0.285 0.255 0.1250756155 2
0 0.285 0.265 0.1446948388 2
0 0.285 0.275 0.1633953367 2
0 0.285 0.285 0.1810583721 2
0 0.285 0.295 0.1975717953 2
0 0.285 0.305 0.2128307561 2
0 0.285 0.315 0.2267383691 2
0 0.285 0.325 0.2392063293 2
0 0.285 0.335 0.2501554727 2
0 0.285 0.345 0.2595162788 2
0 0.285 0.355 0.267229312 2
0 0.285 0.365 0.2732455992 2
0 0.285 0.375 0.2775269406 2
0 0.285 0.385 0.2800461523 2
0 0.285 0.395 0.2807872387 2
0 0.285 0.405 0 2
0 0.285 0.415 0 2
0 0.285 0.425 0 2
0 0.285 0.435 0 2
0 0.285 0.445 0 2
0 0.285 0.455 0 2
0 0.285 0.465 0 2
0 0.295 -0.455 0 2
0 0.295 -0.445 0 2
0 0.295 -0.435 0 1
0 0.295 -0.425 0 1
0 0.295 -0.415 0 1
0 0.295 -0.405 0 1
0 0.295 -0.395 0.2372036944 1
0 0.295 -0.385 0.2365776388 1
0 0.295 -0.375 0.2344494569 1
0 0.295 -0.365 0.2308326615 2
0 0.295 -0.355 0.225750217 2
0 0.295 -0.345 0.2192343939 2
0 0.295 -0.335 0.2113265638 2
0 0.295 -0.325 0.2020769366 2
0 0.295 -0.315 0.191544242 2
0 0.295 -0.305 0.1797953563 2
0 0.295 -0.295 0.1669048778 2
0 0.295 -0.285 0.1529546534 2
0 0.295 -0.275 0.1380332585 2
0 0.295 -0.265 0.1222354352 2
0 0.295 -0.255 0.1056614902 2
0 0.295 -0.245 0.08841665799 2
0 0.295 -0.235 0.070610433 2
0 0.295 -0.225 0.05235587408 2
0 0.295 -0.215 0.03376888673 2
0 0.295 -0.205 0.01496748719 1
0 0.295 -0.195 -0.003928946927 1
0 0.295 -0.185 -0.02280043458 1
0 0.295 -0.175 -0.04152715314 1
0 0.295 -0.165 -0.05999019917 1
0 0.295 -0.155 -0.07807234338 2
0 0.295 -0.145 -0.095658775 2
0 0.295 -0.135 -0.1126378307 2
0 0.295 -0.125 -0.1289017037 1
0 0.295 -0.115 -0.1443471282 1
0 0.295 -0.105 -0.1588760348 1
0 0.295 -0.095 -0.1723961739 1
0 0.295 -0.085 -0.1848217006 1
0 0.295 -0.075 -0.1960737202 1
0 0.295 -0.065 -0.2060807892 1
0 0.295 -0.055 -0.2147793688 1
0 0.295 -0.045 -0.222114228 1
0 0.295 -0.035 -0.228038795 2
0 0.295 -0.025 -0.2325154523 2
0 0.295 -0.015 -0.2355157758 2
0 0.295 -0.005 -0.2370207153 2
0 0.295 0.005 -0.2370207153 2
0 0.295 0.015 -0.2355157758 2
0 0.295 0.025 -0.2325154523 2
0 0.295 0.035 -0.228038795 2
0 0.295 0.045 -0.222114228 2
0 0.295 0.055 -0.2147793688 2
0 0.295 0.065 -0.2060807892 2
0 0.295 0.075 -0.1960737202 2
0 0.295 0.085 -0.1848217006 2
0 0.295 0.095 -0.1723961739 2
0 0.295 0.105 -0.1588760348 2
0 0.295 0.115 -0.1443471282 2
0 0.295 0.125 -0.1289017037 2
0 0.295 0.135 -0.1126378307 2
0 0.295 0.145 -0.095658775 2
0 0.295 0.155 -0.07807234338 2
0 0.295 0.165 -0.05999019917 2
0 0.295 0.175 -0.04152715314 2
0 0.295 0.185 -0.02280043458 2
0 0.295 0.195 -0.003928946927 2
0 0.295 0.205 0.01496748719 2
0 0.295 0.215 0.03376888673 2
0 0.295 0.225 0.05235587408 2
0 0.295 0.235 0.070610433 2
0 0.295 0.245 0.08841665799 2
0 0.295 0.255 0.1056614902 2
0 0.295 0.265 0.1222354352 2
0 0.295 0.275 0.1380332585 2
0 0.295 0.285 0.1529546534 2
0 0.295 0.295 0.1669048778 2
0 0.295 0.305 0.1797953563 2
0 0.295 0.315 0.191544242 2
0 0.295 0.325 0.2020769366 2
0 0.295 0.335 0.2113265638 2
0 0.295 0.345 0.2192343939 2
0 0.295 0.355 0.225750217 2
0 0.295 0.365 0.2308326615 2
0 0.295 0.375 0.2344494569 2
0 0.295 0.385 0.2365776388 2
0 0.295 0.395 0.2372036944 2
0 0.295 0.405 0 2
0 0.295 0.415 0 2
0 0.295 0.425 0 2
0 0.295 0.435 0 2
0 0.295 0.445 0 2
0 0.295 0.455 0 2
0 0.295 0.465 0 2
0 0.305 -0.455 0 2
0 0.305 -0.445 0 2
0 0.305 -0.435 0 2
0 0.305 -0.425 0 1
0 0.305 -0.415 0 1
0 0.305 -0.405 0 1
0 0.305 -0.395 0.1931371376 1
0 0.305 -0.385 0.1926273875 1
0 0.305 -0.375 0.190894569 1
0 0.305 -0.365 0.1879496843 2
0 0.305 -0.355 0.1838114318 2
0 0.305 -0.345 0.1785060869 2
0 0.305 -0.335 0.1720673353 2
0 0.305 -0.325 0.1645360592 2
0 0.305 -0.315 0.1559600777 2
0 0.305 -0.305 0.1463938433 2
0 0.305 -0.295 0.1358980956 2
0 0.305 -0.285 0.1245394765 2
0 0.305 -0.275 0.1123901063 2
0 0.305 -0.265 0.09952712637 2
0 0.305 -0.255 0.08603220878 2
0 0.305 -0.245 0.07199103824 2
0 0.305 -0.235 0.05749276774 2
0 0.305 -0.225 0.04262945262 2
0 0.305 -0.215 0.02749546602 1
0 0.305 -0.205 0.0121868997 1
0 0.305 -0.195 -0.00319904614 1
0 0.305 -0.185 -0.01856467995 1
0 0.305 -0.175 -0.03381243917 1
0 0.305 -0.165 -0.04884550966 1
0 0.305 -0.155 -0.06356844044 1
0 0.305 -0.145 -0.07788774972 2
0 0.305 -0.135 -0.09171251847 1
0 0.305 -0.125 -0.1049549677 1
0 0.305 -0.115 -0.1175310157 1
0 0.305 -0.105 -0.1293608123 1
0 0.305 -0.095 -0.1403692452 1
0 0.305 -0.085 -0.1504864176 1
0 0.305 -0.075 -0.1596480913 1
0 0.305 -0.065 -0.1677960954 1
0 0.305 -0.055 -0.1748786948 1
0 0.305 -0.045 -0.1808509193 1
0 0.305 -0.035 -0.1856748489 1
0 0.305 -0.025 -0.1893198544 1
0 0.305 -0.015 -0.1917627923 1
0 0.305 -0.005 -0.1929881514 1
0 0.305 0.005 -0.1929881514 1
0 0.305 0.015 -0.1917627923 1
0 0.305 0.025 -0.1893198544 2
0 0.305 0.035 -0.1856748489 2
0 0.305 0.045 -0.1808509193 2
0 0.305 0.055 -0.1748786948 2
0 0.305 0.065 -0.1677960954 2
0 0.305 0.075 -0.1596480913 2
0 0.305 0.085 -0.1504864176 2
0 0.305 0.095 -0.1403692452 2
0 0.305 0.105 -0.1293608123 2
0 0.305 0.115 -0.1175310157 2
0 0.305 0.125 -0.1049549677 2
0 0.305 0.135 -0.09171251847 2
0 0.305 0.145 -0.07788774972 2
0 0.305 0.155 -0.06356844044 2
0 0.305 0.165 -0.04884550966 2
0 0.305 0.175 -0.03381243917 2
0 0.305 0.185 -0.01856467995 2
0 0.305 0.195 -0.00319904614 2
0 0.305 0.205 0.0121868997 2
0 0.305 0.215 0.02749546602 2
0 0.305 0.225 0.04262945262 2
0 0.305 0.235 0.05749276774 2
0 0.305 0.245 0.07199103824 2
0 0.305 0.255 0.08603220878 2
0 0.305 0.265 0.09952712637 2
0 0.305 0.275 0.1123901063 2
0 0.305 0.285 0.1245394765 2
0 0.305 0.295 0.1358980956 2
0 0.305 0.305 0.1463938433 2
0 0.305 0.315 0.1559600777 2
0 0.305 0.325 0.1645360592 2
0 0.305 0.335 0.1720673353 2
0 0.305 0.345 0.1785060869 2
0 0.305 0.355 0.1838114318 2
0 0.305 0.365 0.1879496843 2
0 0.305 0.375 0.190894569 2
0 0.305 0.385 0.1926273875 2
0 0.305 0.395 0.1931371376 2
0 0.305 0.405 0 2
0 0.305 0.415 0 2
0 0.305 0.425 0 2
0 0.305 0.435 0 2
0 0.305 0.445 0 2
0 0.305 0.455 0 2
0 0.305 0.465 0 2
0 0.315 -0.455 0 2
0 0.315 -0.445 0 2
0 0.315 -0.435 0 2
0 0.315 -0.425 0 1
0 0.315 -0.415 0 1
0 0.315 -0.405 0 1
0 0.315 -0.395 0.1486772998 1
0 0.315 -0.385 0.1482848933 1
0 0.315 -0.375 0.1469509667 1
0 0.315 -0.365 0.1446839894 2
0 0.315 -0.355 0.1414983555 2
0 0.315 -0.345 0.1374142919 2
0 0.315 -0.335 0.1324577299 2
0 0.315 -0.325 0.1266601406 2
0 0.315 -0.315 0.1200583354 2
0 0.315 -0.305 0.1126942317 2
0 0.315 -0.295 0.1046145871 2
0 0.315 -0.285 0.09587070265 2
0 0.315 -0.275 0.08651809667 2
0 0.315 -0.265 0.07661615261 2
0 0.315 -0.255 0.06622774191 2
0 0.315 -0.245 0.05541882473 2
0 0.315 -0.235 0.04425803123 2
0 0.315 -0.225 0.03281622576 2
0 0.315 -0.215 0.02116605691 1
0 0.315 -0.205 0.009381496293 1
0 0.315 -0.195 -0.002462631207 1
0 0.315 -0.185 -0.01429112247 1
0 0.315 -0.175 -0.02602887368 1
0 0.315 -0.165 -0.03760135713 1
0 0.315 -0.155 -0.0489350945 1
0 0.315 -0.145 -0.05995812335 1
0 0.315 -0.135 -0.07060045405 1
0 0.315 -0.125 -0.08079451417 1
0 0.315 -0.115 -0.09047557755 1
0 0.315 -0.105 -0.09958217523 1
0 0.315 -0.095 -0.1080564858 1
0 0.315 -0.085 -0.1158447024 1
0 0.315 -0.075 -0.1228973746 1
0 0.315 -0.065 -0.1291697221 1
0 0.315 -0.055 -0.1346219193 1
0 0.315 -0.045 -0.1392193479 1
0 0.315 -0.035 -0.1429328172 1
0 0.315 -0.025 -0.1457387487 1
0 0.315 -0.015 -0.1476193265 1
0 0.315 -0.005 -0.14856261 1
0 0.315 0.005 -0.14856261 1
0 0.315 0.015 -0.1476193265 1
0 0.315 0.025 -0.1457387487 1
0 0.315 0.035 -0.1429328172 1
0 0.315 0.045 -0.1392193479 2
0 0.315 0.055 -0.1346219193 2
0 0.315 0.065 -0.1291697221 2
0 0.315 0.075 -0.1228973746 2
0 0.315 0.085 -0.1158447024 2
0 0.315 0.095 -0.1080564858 2
0 0.315 0.105 -0.09958217523 2
0 0.315 0.115 -0.09047557755 2
0 0.315 0.125 -0.08079451417 2
0 0.315 0.135 -0.07060045405 2
0 0.315 0.145 -0.05995812335 2
0 0.315 0.155 -0.0489350945 2
0 0.315 0.165 -0.03760135713 2
0 0.315 0.175 -0.02602887368 2
0 0.315 0.185 -0.01429112247 2
0 0.315 0.195 -0.002462631207 2
0 0.315 0.205 0.009381496293 2
0 0.315 0.215 0.02116605691 2
0 0.315 0.225 0.03281622576 2
0 0.315 0.235 0.04425803123 2
0 0.315 0.245 0.05541882473 2
0 0.315 0.255 0.06622774191 2
0 0.315 0.265 0.07661615261 2
0 0.315 0.275 0.08651809667 2
0 0.315 0.285 0.09587070265 2
0 0.315 0.295 0.1046145871 2
0 0.315 0.305 0.1126942317 2
0 0.315 0.315 0.1200583354 2
0 0.315 0.325 0.1266601406 2
0 0.315 0.335 0.1324577299 2
0 0.315 0.345 0.1374142919 2
0 0.315 0.355 0.1414983555 2
0 0.315 0.365 0.1446839894 2
0 0.315 0.375 0.1469509667 2
0 0.315 0.385 0.1482848933 2
0 0.315 0.395 0.1486772998 2
0 0.315 0.405 0 2
0 0.315 0.415 0 2
0 0.315 0.425 0 2
0 0.315 0.435 0 2
0 0.315 0.445 0 2
0 0.315 0.455 0 2
0 0.315 0.465 0 2
0 0.325 -0.455 0 2
0 0.325 -0.445 0 2
0 0.325 -0.435 0 2
0 0.325 -0.425 0 2
0 0.325 -0.415 0 1
0 0.325 -0.405 0 1
0 0.325 -0.395 0.1039147138 1
0 0.325 -0.385 0.10364045 1
0 0.325 -0.375 0.1027081314 2
0 0.325 -0.365 0.1011236777 2
0 0.325 -0.355 0.09889714931 2
0 0.325 -0.345 0.09604268326 2
0 0.325 -0.335 0.09257840374 2
0 0.325 -0.325 0.08852630683 2
0 0.325 -0.315 0.08391212093 2
0 0.325 -0.305 0.07876514334 2
0 0.325 -0.295 0.0731180543 2
0 0.325 -0.285 0.06700670943 2
0 0.325 -0.275 0.06046991212 2
0 0.325 -0.265 0.0535491671 2
0 0.325 -0.255 0.04628841696 2
0 0.325 -0.245 0.03873376311 2
0 0.325 -0.235 0.03093317308 2
0 0.325 -0.225 0.02293617594 2
0 0.325 -0.215 0.01479354783 1
0 0.325 -0.205 0.006556989557 1
0 0.325 -0.195 -0.001721201672 1
0 0.325 -0.185 -0.009988464302 1
0 0.325 -0.175 -0.01819230617 1
0 0.325 -0.165 -0.0262806378 1
0 0.325 -0.155 -0.03420210312 1
0 0.325 -0.145 -0.04190640559 1
0 0.325 -0.135 -0.0493446275 1
0 0.325 -0.125 -0.05646954059 1
0 0.325 -0.115 -0.06323590594 1
0 0.325 -0.105 -0.06960076119 1
0 0.325 -0.095 -0.07552369331 1
0 0.325 -0.085 -0.08096709524 1
0 0.325 -0.075 -0.08589640464 1
0 0.325 -0.065 -0.09028032335 1
0 0.325 -0.055 -0.09409101611 1
0 0.325 -0.045 -0.0973042873 1
0 0.325 -0.035 -0.09989973458 1
0 0.325 -0.025 -0.1018608784 1
0 0.325 -0.015 -0.1031752667 1
0 0.325 -0.005 -0.1038345539 1
0 0.325 0.005 -0.1038345539 1
0 0.325 0.015 -0.1031752667 1
0 0.325 0.025 -0.1018608784 1
0 0.325 0.035 -0.09989973458 1
0 0.325 0.045 -0.0973042873 2
0 0.325 0.055 -0.09409101611 2
0 0.325 0.065 -0.09028032335 2
0 0.325 0.075 -0.08589640464 2
0 0.325 0.085 -0.08096709524 2
0 0.325 0.095 -0.07552369331 2
0 0.325 0.105 -0.06960076119 2
0 0.325 0.115 -0.06323590594 2
0 0.325 0.125 -0.05646954059 2
0 0.325 0.135 -0.0493446275 2
0 0.325 0.145 -0.04190640559 2
0 0.325 0.155 -0.03420210312 2
0 0.325 0.165 -0.0262806378 1
0 0.325 0.175 -0.01819230617 1
0 0.325 0.185 -0.009988464302 1
0 0.325 0.195 -0.001721201672 2
0 0.325 0.205 0.006556989557 2
0 0.325 0.215 0.01479354783 2
0 0.325 0.225 0.02293617594 2
0 0.325 0.235 0.03093317308 2
0 0.325 0.245 0.03873376311 2
0 0.325 0.255 0.04628841696 2
0 0.325 0.265 0.0535491671 2
0 0.325 0.275 0.06046991212 2
0 0.325 0.285 0.06700670943 2
0 0.325 0.295 0.0731180543 2
0 0.325 0.305 0.07876514334 2
0 0.325 0.315 0.08391212093 2
0 0.325 0.325 0.08852630683 2
0 0.325 0.335 0.09257840374 2
0 0.325 0.345 0.09604268326 2
0 0.325 0.355 0.09889714931 2
0 0.325 0.365 0.1011236777 2
0 0.325 0.375 0.1027081314 2
0 0.325 0.385 0.10364045 2
0 0.325 0.395 0.1039147138 2
0 0.325 0.405 0 2
0 0.325 0.415 0 2
0 0.325 0.425 0 2
0 0.325 0.435 0 2
0 0.325 0.445 0 2
0 0.325 0.455 0 2
0 0.325 0.465 0 2
0 0.335 -0.455 0 2
0 0.335 -0.445 0 2
0 0.335 -0.435 0 2
0 0.335 -0.425 0 2
0 0.335 -0.415 0 2
0 0.335 -0.405 0 2
0 0.335 -0.395 0.05894052857 2
0 0.335 -0.385 0.05878496585 2
0 0.335 -0.375 0.05825615383 2
0 0.335 -0.365 0.05735745014 2
0 0.335 -0.355 0.05609456102 2
0 0.335 -0.345 0.05447550505 2
0 0.335 -0.335 0.05251056228 2
0 0.335 -0.325 0.0502122089 2
0 0.335 -0.315 0.04759503808 2
0 0.335 -0.305 0.0446756673 2
0 0.335 -0.295 0.0414726328 2
0 0.335 -0.285 0.03800627194 2
0 0.335 -0.275 0.03429859403 2
0 0.335 -0.265 0.03037314061 2
0 0.335 -0.255 0.02625483594 2
0 0.335 -0.245 0.02196982879 2
0 0.335 -0.235 0.01754532641 2
0 0.335 -0.225 0.01300942171 2
0 0.335 -0.215 0.00839091498 2
0 0.335 -0.205 0.00371913097 1
0 0.335 -0.195 -0.0009762672928 1
0 0.335 -0.185 -0.005665466843 1
0 0.335 -0.175 -0.01031869407 1
0 0.335 -0.165 -0.01490640378 1
0 0.335 -0.155 -0.01939946676 1
0 0.335 -0.145 -0.02376935475 1
0 0.335 -0.135 -0.02798832158 1
0 0.335 -0.125 -0.03202957934 1
0 0.335 -0.115 -0.03586746847 1
0 0.335 -0.105 -0.03947762067 1
0 0.335 -0.095 -0.04283711363 1
0 0.335 -0.085 -0.0459246166 1
0 0.335 -0.075 -0.04872052577 1
0 0.335 -0.065 -0.0512070888 1
0 0.335 -0.055 -0.05336851751 1
0 0.335 -0.045 -0.05519108811 1
0 0.335 -0.035 -0.05666322838 1
0 0.335 -0.025 -0.05777559111 1
0 0.335 -0.015 -0.05852111345 1
0 0.335 -0.005 -0.0588950618 1
0 0.335 0.005 -0.0588950618 1
0 0.335 0.015 -0.05852111345 1
0 0.335 0.025 -0.05777559111 1
0 0.335 0.035 -0.05666322838 1
0 0.335 0.045 -0.05519108811 2
0 0.335 0.055 -0.05336851751 2
0 0.335 0.065 -0.0512070888 2
0 0.335 0.075 -0.04872052577 2
0 0.335 0.085 -0.0459246166 2
0 0.335 0.095 -0.04283711363 2
0 0.335 0.105 -0.03947762067 2
0 0.335 0.115 -0.03586746847 2
0 0.335 0.125 -0.03202957934 2
0 0.335 0.135 -0.02798832158 2
0 0.335 0.145 -0.02376935475 1
0 0.335 0.155 -0.01939946676 1
0 0.335 0.165 -0.01490640378 1
0 0.335 0.175 -0.01031869407 1
0 0.335 0.185 -0.005665466843 1
0 0.335 0.195 -0.0009762672928 1
0 0.335 0.205 0.00371913097 2
0 0.335 0.215 0.00839091498 2
0 0.335 0.225 0.01300942171 2
0 0.335 0.235 0.01754532641 2
0 0.335 0.245 0.02196982879 2
0 0.335 0.255 0.02625483594 2
0 0.335 0.265 0.03037314061 2
0 0.335 0.275 0.03429859403 2
0 0.335 0.285 0.03800627194 2
0 0.335 0.295 0.0414726328 2
0 0.335 0.305 0.0446756673 2
0 0.335 0.315 0.04759503808 2
0 0.335 0.325 0.0502122089 2
0 0.335 0.335 0.05251056228 2
0 0.335 0.345 0.05447550505 2
0 0.335 0.355 0.05609456102 2
0 0.335 0.365 0.05735745014 2
0 0.335 0.375 0.05825615383 2
0 0.335 0.385 0.05878496585 2
0 0.335 0.395 0.05894052857 2
0 0.335 0.405 0 2
0 0.335 0.415 0 2
0 0.335 0.425 0 2
0 0.335 0.435 0 2
0 0.335 0.445 0 2
0 0.335 0.455 0 2
0 0.335 0.465 0 2
0 0.345 -0.455 0 2
0 0.345 -0.445 0 2
0 0.345 -0.435 0 2
0 0.345 -0.425 0 2
0 0.345 -0.415 0 2
0 0.345 -0.405 0 2
0 0.345 -0.395 0.01384632405 2
0 0.345 -0.385 0.01380977922 2
0 0.345 -0.375 0.01368555056 2
0 0.345 -0.365 0.01347442686 2
0 0.345 -0.355 0.01317774863 2
0 0.345 -0.345 0.01279739958 2
0 0.345 -0.335 0.01233579472 2
0 0.345 -0.325 0.01179586496 2
0 0.345 -0.315 0.01118103852 2
0 0.345 -0.305 0.01049521919 2
0 0.345 -0.295 0.009742761509 2
0 0.345 -0.285 0.008928443129 2
0 0.345 -0.275 0.008057434486 2
0 0.345 -0.265 0.007135265962 2
0 0.345 -0.255 0.006167792776 2
0 0.345 -0.245 0.005161157801 2
0 0.345 -0.235 0.004121752568 2
0 0.345 -0.225 0.003056176676 2
0 0.345 -0.215 0.001971195894 2
0 0.345 -0.205 0.000873699199 1
0 0.345 -0.195 -0.0002293449622 1
0 0.345 -0.185 -0.00133093292 1
0 0.345 -0.175 -0.002424070252 1
0 0.345 -0.165 -0.00350181619 1
0 0.345 -0.155 -0.004557327695 1
0 0.345 -0.145 -0.005583902899 1
0 0.345 -0.135 -0.006575023666 1
0 0.345 -0.125 -0.007524396974 1
0 0.345 -0.115 -0.00842599487 1
0 0.345 -0.105 -0.009274092748 1
0 0.345 -0.095 -0.01006330569 1
0 0.345 -0.085 -0.01078862268 1
0 0.345 -0.075 -0.01144543838 1
0 0.345 -0.065 -0.0120295824 1
0 0.345 -0.055 -0.01253734579 1
0 0.345 -0.045 -0.01296550454 1
0 0.345 -0.035 -0.01331134011 1
0 0.345 -0.025 -0.01357265664 1
0 0.345 -0.015 -0.01374779495 1
0 0.345 -0.005 -0.01383564299 1
0 0.345 0.005 -0.01383564299 1
0 0.345 0.015 -0.01374779495 1
0 0.345 0.025 -0.01357265664 1
0 0.345 0.035 -0.01331134011 1
0 0.345 0.045 -0.01296550454 2
0 0.345 0.055 -0.01253734579 2
0 0.345 0.065 -0.0120295824 2
0 0.345 0.075 -0.01144543838 2
0 0.345 0.085 -0.01078862268 2
0 0.345 0.095 -0.01006330569 2
0 0.345 0.105 -0.009274092748 2
0 0.345 0.115 -0.00842599487 2
0 0.345 0.125 -0.007524396974 2
0 0.345 0.135 -0.006575023666 1
0 0.345 0.145 -0.005583902899 1
0 0.345 0.155 -0.004557327695 1
0 0.345 0.165 -0.00350181619 1
0 0.345 0.175 -0.002424070252 1
0 0.345 0.185 -0.00133093292 1
0 0.345 0.195 -0.0002293449622 1
0 0.345 0.205 0.000873699199 2
0 0.345 0.215 0.001971195894 2
0 0.345 0.225 0.003056176676 2
0 0.345 0.235 0.004121752568 2
0 0.345 0.245 0.005161157801 2
0 0.345 0.255 0.006167792776 2
0 0.345 0.265 0.007135265962 2
0 0.345 0.275 0.008057434486 2
0 0.345 0.285 0.008928443129 2
0 0.345 0.295 0.009742761509 2
0 0.345 0.305 0.01049521919 2
0 0.345 0.315 0.01118103852 2
0 0.345 0.325 0.01179586496 2
0 0.345 0.335 0.01233579472 2
0 0.345 0.345 0.01279739958 2
0 0.345 0.355 0.01317774863 2
0 0.345 0.365 0.01347442686 2
0 0.345 0.375 0.01368555056 2
0 0.345 0.385 0.01380977922 2
0 0.345 0.395 0.01384632405 2
0 0.345 0.405 0 2
0 0.345 0.415 0 2
0 0.345 0.425 0 2
0 0.345 0.435 0 2
0 0.345 0.445 0 2
0 0.345 0.455 0 2
0 0.345 0.465 0 2
0 0.355 -0.455 0 2
0 0.355 -0.445 0 2
0 0.355 -0.435 0 2
0 0.355 -0.425 0 2
0 0.355 -0.415 0 2
0 0.355 -0.405 0 2
0 0.355 -0.395 -0.03127607543 2
0 0.355 -0.385 -0.03119352796 2
0 0.355 -0.375 -0.03091292029 2
0 0.355 -0.365 -0.03043603409 2
0 0.355 -0.355 -0.02976589732 2
0 0.355 -0.345 -0.02890676494 2
0 0.355 -0.335 -0.02786409193 2
0 0.355 -0.325 -0.02664449863 2
0 0.355 -0.315 -0.02525572874 2
0 0.355 -0.305 -0.0237066001 2
0 0.355 -0.295 -0.02200694875 2
0 0.355 -0.285 -0.02016756648 2
0 0.355 -0.275 -0.01820013224 2
0 0.355 -0.265 -0.01611713806 2
0 0.355 -0.255 -0.01393180972 2
0 0.355 -0.245 -0.01165802274 2
0 0.355 -0.235 -0.009310214302 2
0 0.355 -0.225 -0.00690329158 2
0 0.355 -0.215 -0.004452537094 1
0 0.355 -0.205 -0.001973511666 1
0 0.355 -0.195 0.0005180443785 1
0 0.355 -0.185 0.003006311152 1
0 0.355 -0.175 0.005475489651 1
0 0.355 -0.165 0.007909902072 1
0 0.355 -0.155 0.01029409136 1
0 0.355 -0.145 0.01261291933 1
0 0.355 -0.135 0.01485166282 1
0 0.355 -0.125 0.01699610716 1
0 0.355 -0.115 0.0190326364 1
0 0.355 -0.105 0.0209483198 1
0 0.355 -0.095 0.02273099393 1
0 0.355 -0.085 0.02436933987 2
0 0.355 -0.075 0.0258529551 2
0 0.355 -0.065 0.02717241957 1
0 0.355 -0.055 0.02831935545 1
0 0.355 -0.045 0.0292864804 1
0 0.355 -0.035 0.03006765375 1
0 0.355 -0.025 0.03065791552 1
0 0.355 -0.015 0.03105351789 1
0 0.355 -0.005 0.03125194904 1
0 0.355 0.005 0.03125194904 1
0 0.355 0.015 0.03105351789 1
0 0.355 0.025 0.03065791552 1
0 0.355 0.035 0.03006765375 1
0 0.355 0.045 0.0292864804 2
0 0.355 0.055 0.02831935545 2
0 0.355 0.065 0.02717241957 2
0 0.355 0.075 0.0258529551 2
0 0.355 0.085 0.02436933987 2
0 0.355 0.095 0.02273099393 2
0 0.355 0.105 0.0209483198 2
0 0.355 0.115 0.0190326364 2
0 0.355 0.125 0.01699610716 1
0 0.355 0.135 0.01485166282 1
0 0.355 0.145 0.01261291933 1
0 0.355 0.155 0.01029409136 1
0 0.355 0.165 0.007909902072 1
0 0.355 0.175 0.005475489651 1
0 0.355 0.185 0.003006311152 1
0 0.355 0.195 0.0005180443785 1
0 0.355 0.205 -0.001973511666 2
0 0.355 0.215 -0.004452537094 2
0 0.355 0.225 -0.00690329158 2
0 0.355 0.235 -0.009310214302 2
0 0.355 0.245 -0.01165802274 2
0 0.355 0.255 -0.01393180972 2
0 0.355 0.265 -0.01611713806 2
0 0.355 0.275 -0.01820013224 2
0 0.355 0.285 -0.02016756648 2
0 0.355 0.295 -0.02200694875 2
0 0.355 0.305 -0.0237066001 2
0 0.355 0.315 -0.02525572874 2
0 0.355 0.325 -0.02664449863 2
0 0.355 0.335 -0.02786409193 2
0 0.355 0.345 -0.02890676494 2
0 0.355 0.355 -0.02976589732 2
0 0.355 0.365 -0.03043603409 2
0 0.355 0.375 -0.03091292029 2
0 0.355 0.385 -0.03119352796 2
0 0.355 0.395 -0.03127607543 2
0 0.355 0.405 0 2
0 0.355 0.415 0 2
0 0.355 0.425 0 2
0 0.355 0.435 0 2
0 0.355 0.445 0 2
0 0.355 0.455 0 2
0 0.355 0.465 0 2
0 0.365 -0.455 0 2
0 0.365 -0.445 0 2
0 0.365 -0.435 0 2
0 0.365 -0.425 0 2
0 0.365 -0.415 0 2
0 0.365 -0.405 0 2
0 0.365 -0.395 -0.07633478813 2
0 0.365 -0.385 -0.07613331645 2
0 0.365 -0.375 -0.07544844384 2
0 0.365 -0.365 -0.07428451883 2
0 0.365 -0.355 -0.07264893164 2
0 0.365 -0.345 -0.07055206727 2
0 0.365 -0.335 -0.06800723956 2
0 0.365 -0.325 -0.06503060663 2
0 0.365 -0.315 -0.06164106832 2
0 0.365 -0.305 -0.05786014616 2
0 0.365 -0.295 -0.05371184676 2
0 0.365 -0.285 -0.04922250931 2
0 0.365 -0.275 -0.04442063843 2
0 0.365 -0.265 -0.03933672312 2
0 0.365 -0.255 -0.03400304319 1
0 0.365 -0.245 -0.02845346431 1
0 0.365 -0.235 -0.02272322299 1
0 0.365 -0.225 -0.01684870282 1
0 0.365 -0.215 -0.01086720348 1
0 0.365 -0.205 -0.004816703913 1
0 0.365 -0.195 0.001264378837 1
0 0.365 -0.185 0.007337433539 1
0 0.365 -0.175 0.01336389994 1
0 0.365 -0.165 0.01930551358 1
0 0.365 -0.155 0.02512454878 1
0 0.365 -0.145 0.03078405815 1
0 0.365 -0.135 0.0362481072 1
0 0.365 -0.125 0.04148200249 2
0 0.365 -0.115 0.04645251193 2
0 0.365 -0.105 0.05112807575 2
0 0.365 -0.095 0.05547900694 2
0 0.365 -0.085 0.05947767968 2
0 0.365 -0.075 0.06309870479 2
0 0.365 -0.065 0.06631909095 2
0 0.365 -0.055 0.06911839062 2
0 0.365 -0.045 0.07147882993 1
0 0.365 -0.035 0.07338542151 1
0 0.365 -0.025 0.07482605965 1
0 0.365 -0.015 0.07579159714 1
0 0.365 -0.005 0.07627590342 1
0 0.365 0.005 0.07627590342 1
0 0.365 0.015 0.07579159714 1
0 0.365 0.025 0.07482605965 2
0 0.365 0.035 0.07338542151 2
0 0.365 0.045 0.07147882993 2
0 0.365 0.055 0.06911839062 2
0 0.365 0.065 0.06631909095 2
0 0.365 0.075 0.06309870479 2
0 0.365 0.085 0.05947767968 2
0 0.365 0.095 0.05547900694 2
0 0.365 0.105 0.05112807575 2
0 0.365 0.115 0.04645251193 2
0 0.365 0.125 0.04148200249 1
0 0.365 0.135 0.0362481072 1
0 0.365 0.145 0.03078405815 1
0 0.365 0.155 0.02512454878 1
0 0.365 0.165 0.01930551358 1
0 0.365 0.175 0.01336389994 1
0 0.365 0.185 0.007337433539 1
0 0.365 0.195 0.001264378837 1
0 0.365 0.205 -0.004816703913 2
0 0.365 0.215 -0.01086720348 2
0 0.365 0.225 -0.01684870282 2
0 0.365 0.235 -0.02272322299 2
0 0.365 0.245 -0.02845346431 2
0 0.365 0.255 -0.03400304319 2
0 0.365 0.265 -0.03933672312 2
0 0.365 0.275 -0.04442063843 2
0 0.365 0.285 -0.04922250931 2
0 0.365 0.295 -0.05371184676 2
0 0.365 0.305 -0.05786014616 2
0 0.365 0.315 -0.06164106832 2
0 0.365 0.325 -0.06503060663 2
0 0.365 0.335 -0.06800723956 2
0 0.365 0.345 -0.07055206727 2
0 0.365 0.355 -0.07264893164 2
0 0.365 0.365 -0.07428451883 2
0 0.365 0.375 -0.07544844384 2
0 0.365 0.385 -0.07613331645 2
0 0.365 0.395 -0.07633478813 2
0 0.365 0.405 0 2
0 0.365 0.415 0 2
0 0.365 0.425 0 2
0 0.365 0.435 0 2
0 0.365 0.445 0 2
0 0.365 0.455 0 2
0 0.365 0.465 0 2
0 0.375 -0.455 0 2
0 0.375 -0.445 0 2
0 0.375 -0.435 0 2
0 0.375 -0.425 0 2
0 0.375 -0.415 0 2
0 0.375 -0.405 0 2
0 0.375 -0.395 -0.121238062 2
0 0.375 -0.385 -0.1209180764 2
0 0.375 -0.375 -0.1198303334 2
0 0.375 -0.365 -0.1179817397 2
0 0.375 -0.355 -0.1153840326 2
0 0.375 -0.345 -0.112053706 2
0 0.375 -0.335 -0.1080119056 2
0 0.375 -0.325 -0.1032842942 2
0 0.375 -0.315 -0.09790088956 2
0 0.375 -0.305 -0.0918958729 2
0 0.375 -0.295 -0.08530737252 2
0 0.375 -0.285 -0.07817722145 2
0 0.375 -0.275 -0.07055069187 1
0 0.375 -0.265 -0.06247620768 1
0 0.375 -0.255 -0.05400503702 1
0 0.375 -0.245 -0.04519096673 1
0 0.375 -0.235 -0.03608996088 1
0 0.375 -0.225 -0.02675980542 1
0 0.375 -0.215 -0.01725974122 1
0 0.375 -0.205 -0.007650088014 1
0 0.375 -0.195 0.002008138669 1
0 0.375 -0.185 0.01165361487 1
0 0.375 -0.175 0.02122509761 1
0 0.375 -0.165 0.03066181369 1
0 0.375 -0.155 0.03990384564 1
0 0.375 -0.145 0.04889251208 1
0 0.375 -0.135 0.05757074036 2
0 0.375 -0.125 0.06588342895 2
0 0.375 -0.115 0.07377779725 2
0 0.375 -0.105 0.08120372074 2
0 0.375 -0.095 0.08811404928 2
0 0.375 -0.085 0.09446490641 2
0 0.375 -0.075 0.100215968 2
0 0.375 -0.065 0.1053307182 2
0 0.375 -0.055 0.1097766815 2
0 0.375 -0.045 0.1135256287 2
0 0.375 -0.035 0.1165537562 2
0 0.375 -0.025 0.1188418371 2
0 0.375 -0.015 0.1203753437 2
0 0.375 -0.005 0.1211445389 2
0 0.375 0.005 0.1211445389 2
0 0.375 0.015 0.1203753437 2
0 0.375 0.025 0.1188418371 2
0 0.375 0.035 0.1165537562 2
0 0.375 0.045 0.1135256287 2
0 0.375 0.055 0.1097766815 2
0 0.375 0.065 0.1053307182 2
0 0.375 0.075 0.100215968 2
0 0.375 0.085 0.09446490641 2
0 0.375 0.095 0.08811404928 2
0 0.375 0.105 0.08120372074 2
0 0.375 0.115 0.07377779725 1
0 0.375 0.125 0.06588342895 1
0 0.375 0.135 0.05757074036 1
0 0.375 0.145 0.04889251208 1
0 0.375 0.155 0.03990384564 1
0 0.375 0.165 0.03066181369 1
0 0.375 0.175 0.02122509761 1
0 0.375 0.185 0.01165361487 1
0 0.375 0.195 0.002008138669 1
0 0.375 0.205 -0.007650088014 2
0 0.375 0.215 -0.01725974122 2
0 0.375 0.225 -0.02675980542 2
0 0.375 0.235 -0.03608996088 2
0 0.375 0.245 -0.04519096673 2
0 0.375 0.255 -0.05400503702 2
0 0.375 0.265 -0.06247620768 2
0 0.375 0.275 -0.07055069187 2
0 0.375 0.285 -0.07817722145 2
0 0.375 0.295 -0.08530737252 2
0 0.375 0.305 -0.0918958729 2
0 0.375 0.315 -0.09790088956 2
0 0.375 0.325 -0.1032842942 2
0 0.375 0.335 -0.1080119056 2
0 0.375 0.345 -0.112053706 2
0 0.375 0.355 -0.1153840326 2
0 0.375 0.365 -0.1179817397 2
0 0.375 0.375 -0.1198303334 2
0 0.375 0.385 -0.1209180764 2
0 0.375 0.395 -0.121238062 2
0 0.375 0.405 0 2
0 0.375 0.415 0 2
0 0.375 0.425 0 2
0 0.375 0.435 0 2
0 0.375 0.445 0 2
0 0.375 0.455 0 2
0 0.375 0.465 0 2
0 0.385 -0.455 0 2
0 0.385 -0.445 0 2
0 0.385 -0.435 0 2
0 0.385 -0.425 0 2
0 0.385 -0.415 0 2
0 0.385 -0.405 0 2
0 0.385 -0.395 -0.1658944615 2
0 0.385 -0.385 -0.1654566135 2
0 0.385 -0.375 -0.1639682151 2
0 0.385 -0.365 -0.1614387169 2
0 0.385 -0.355 -0.1578841795 2
0 0.385 -0.345 -0.1533271722 2
0 0.385 -0.335 -0.1477966293 2
0 0.385 -0.325 -0.1413276664 2
0 0.385 -0.315 -0.1339613574 2
0 0.385 -0.305 -0.1257444741 2
0 0.385 -0.295 -0.1167291888 2
0 0.385 -0.285 -0.1069727431 1
0 0.385 -0.275 -0.09653708451 1
0 0.385 -0.265 -0.08548847334 1
0 0.385 -0.255 -0.07389706159 1
0 0.385 -0.245 -0.06183644779 1
0 0.385 -0.235 -0.0493832096 1
0 0.385 -0.225 -0.03661641762 1
0 0.385 -0.215 -0.02361713334 1
0 0.385 -0.205 -0.01046789441 1
0 0.385 -0.195 0.002747809373 1
0 0.385 -0.185 0.01594606621 1
0 0.385 -0.175 0.02904307509 1
0 0.385 -0.165 0.04195567784 1
0 0.385 -0.155 0.05460188719 1
0 0.385 -0.145 0.06690140727 1
0 0.385 -0.135 0.07877614351 2
0 0.385 -0.125 0.09015069845 2
0 0.385 -0.115 0.1009528505 2
0 0.385 -0.105 0.1111140124 2
0 0.385 -0.095 0.1205696669 2
0 0.385 -0.085 0.1292597764 2
0 0.385 -0.075 0.1371291636 2
0 0.385 -0.065 0.1441278629 2
0 0.385 -0.055 0.1502114367 2
0 0.385 -0.045 0.1553412578 2
0 0.385 -0.035 0.159484755 2
0 0.385 -0.025 0.1626156196 2
0 0.385 -0.015 0.1647139725 2
0 0.385 -0.005 0.1657664904 2
0 0.385 0.005 0.1657664904 2
0 0.385 0.015 0.1647139725 2
0 0.385 0.025 0.1626156196 2
0 0.385 0.035 0.159484755 2
0 0.385 0.045 0.1553412578 2
0 0.385 0.055 0.1502114367 2
0 0.385 0.065 0.1441278629 2
0 0.385 0.075 0.1371291636 2
0 0.385 0.085 0.1292597764 2
0 0.385 0.095 0.1205696669 2
0 0.385 0.105 0.1111140124 2
0 0.385 0.115 0.1009528505 1
0 0.385 0.125 0.09015069845 1
0 0.385 0.135 0.07877614351 1
0 0.385 0.145 0.06690140727 1
0 0.385 0.155 0.05460188719 1
0 0.385 0.165 0.04195567784 1
0 0.385 0.175 0.02904307509 1
0 0.385 0.185 0.01594606621 1
0 0.385 0.195 0.002747809373 2
0 0.385 0.205 -0.01046789441 2
0 0.385 0.215 -0.02361713334 2
0 0.385 0.225 -0.03661641762 2
0 0.385 0.235 -0.0493832096 2
0 0.385 0.245 -0.06183644779 2
0 0.385 0.255 -0.07389706159 2
0 0.385 0.265 -0.08548847334 2
0 0.385 0.275 -0.09653708451 2
0 0.385 0.285 -0.1069727431 2
0 0.385 0.295 -0.1167291888 2
0 0.385 0.305 -0.1257444741 2
0 0.385 0.315 -0.1339613574 2
0 0.385 0.325 -0.1413276664 2
0 0.385 0.335 -0.1477966293 2
0 0.385 0.345 -0.1533271722 2
0 0.385 0.355 -0.1578841795 2
0 0.385 0.365 -0.1614387169 2
0 0.385 0.375 -0.1639682151 2
0 0.385 0.385 -0.1654566135 2
0 0.385 0.395 -0.1658944615 2
0 0.385 0.405 0 2
0 0.385 0.415 0 2
0 0.385 0.425 0 2
0 0.385 0.435 0 2
0 0.385 0.445 0 2
0 0.385 0.455 0 2
0 0.385 0.465 0 2
0 0.395 -0.455 0 2
0 0.395 -0.445 0 2
0 0.395 -0.435 0 2
0 0.395 -0.425 0 2
0 0.395 -0.415 0 2
0 0.395 -0.405 0 2
0 0.395 -0.395 -0.2102130538 2
0 0.395 -0.385 -0.209658235 2
0 0.395 -0.375 -0.207772212 2
0 0.395 -0.365 -0.2045669601 2
0 0.395 -0.355 -0.2000628305 2
0 0.395 -0.345 -0.1942884218 2
0 0.395 -0.335 -0.1872803981 2
0 0.395 -0.325 -0.1790832561 2
0 0.395 -0.315 -0.1697490427 2
0 0.395 -0.305 -0.1593370247 2
0 0.395 -0.295 -0.147913312 2
0 0.395 -0.285 -0.1355504384 1
0 0.395 -0.275 -0.1223269008 1
0 0.395 -0.265 -0.1083266607 1
0 0.395 -0.255 -0.09363861122 1
0 0.395 -0.245 -0.07835601266 1
0 0.395 -0.235 -0.06257590038 1
0 0.395 -0.225 -0.04639846863 1
0 0.395 -0.215 -0.02992643441 1
0 0.395 -0.205 -0.01326438527 1
0 0.395 -0.195 0.003481884774 1
0 0.395 -0.185 0.02020604693 1
0 0.395 -0.175 0.0368019128 2
0 0.395 -0.165 0.05316410858 2
0 0.395 -0.155 0.06918874413 2
0 0.395 -0.145 0.08477407262 2
0 0.395 -0.135 0.09982113655 2
0 0.395 -0.125 0.1142343961 2
0 0.395 -0.115 0.1279223357 2
0 0.395 -0.105 0.1407980451 2
0 0.395 -0.095 0.1527797713 2
0 0.395 -0.085 0.1637914375 2
0 0.395 -0.075 0.1737631262 2
0 0.395 -0.065 0.1826315233 2
0 0.395 -0.055 0.1903403196 2
0 0.395 -0.045 0.1968405689 2
0 0.395 -0.035 0.2020909986 2
0 0.395 -0.025 0.2060582716 2
0 0.395 -0.015 0.208717198 2
0 0.395 -0.005 0.2100508953 2
0 0.395 0.005 0.2100508953 2
0 0.395 0.015 0.208717198 2
0 0.395 0.025 0.2060582716 2
0 0.395 0.035 0.2020909986 2
0 0.395 0.045 0.1968405689 2
0 0.395 0.055 0.1903403196 2
0 0.395 0.065 0.1826315233 2
0 0.395 0.075 0.1737631262 2
0 0.395 0.085 0.1637914375 2
0 0.395 0.095 0.1527797713 2
0 0.395 0.105 0.1407980451 2
0 0.395 0.115 0.1279223357 1
0 0.395 0.125 0.1142343961 1
0 0.395 0.135 0.09982113655 1
0 0.395 0.145 0.08477407262 1
0 0.395 0.155 0.06918874413 1
0 0.395 0.165 0.05316410858 1
0 0.395 0.175 0.0368019128 1
0 0.395 0.185 0.02020604693 1
0 0.395 0.195 0.003481884774 2
0 0.395 0.205 -0.01326438527 2
0 0.395 0.215 -0.02992643441 2
0 0.395 0.225 -0.04639846863 2
0 0.395 0.235 -0.06257590038 2
0 0.395 0.245 -0.07835601266 2
0 0.395 0.255 -0.09363861122 2
0 0.395 0.265 -0.1083266607 2
0 0.395 0.275 -0.1223269008 2
0 0.395 0.285 -0.1355504384 2
0 0.395 0.295 -0.147913312 2
0 0.395 0.305 -0.1593370247 2
0 0.395 0.315 -0.1697490427 2
0 0.395 0.325 -0.1790832561 2
0 0.395 0.335 -0.1872803981 2
0 0.395 0.345 -0.1942884218 2
0 0.395 0.355 -0.2000628305 2
0 0.395 0.365 -0.2045669601 2
0 0.395 0.375 -0.207772212 2
0 0.395 0.385 -0.209658235 2
0 0.395 0.395 -0.2102130538 2
0 0.395 0.405 0 2
0 0.395 0.415 0 2
0 0.395 0.425 0 2
0 0.395 0.435 0 2
0 0.395 0.445 0 2
0 0.395 0.455 0 2
0 0.395 0.465 0 2
0 0.405 -0.455 0 2
0 0.405 -0.445 0 2
0 0.405 -0.435 0 1
0 0.405 -0.425 0 1
0 0.405 -0.415 0 1
0 0.405 -0.405 0 1
0 0.405 -0.395 -0.254103594 2
0 0.405 -0.385 -0.2534329341 2
0 0.405 -0.375 -0.251153127 2
0 0.405 -0.365 -0.2472786481 2
0 0.405 -0.355 -0.2418340979 2
0 0.405 -0.345 -0.2348540462 2
0 0.405 -0.335 -0.226382812 2
0 0.405 -0.325 -0.2164741826 2
0 0.405 -0.315 -0.2051910718 2
0 0.405 -0.305 -0.1926051208 2
0 0.405 -0.295 -0.1787962426 2
0 0.405 -0.285 -0.1638521155 1
0 0.405 -0.275 -0.1478676256 1
0 0.405 -0.265 -0.1309442649 1
0 0.405 -0.255 -0.1131894866 1
0 0.405 -0.245 -0.09471602293 1
0 0.405 -0.235 -0.07564116925 1
0 0.405 -0.225 -0.05608603947 1
0 0.405 -0.215 -0.03617479695 1
0 0.405 -0.205 -0.01603386615 1
0 0.405 -0.195 0.00420887009 1
0 0.405 -0.185 0.02442488253 1
0 0.405 -0.175 0.0444858116 2
0 0.405 -0.165 0.06426428243 2
0 0.405 -0.155 0.08363471357 2
0 0.405 -0.145 0.1024741144 2
0 0.405 -0.135 0.120662866 2
0 0.405 -0.125 0.1380854808 2
0 0.405 -0.115 0.1546313355 2
0 0.405 -0.105 0.1701953738 2
0 0.405 -0.095 0.1846787736 2
0 0.405 -0.085 0.1979895738 2
0 0.405 -0.075 0.2100432588 2
0 0.405 -0.065 0.2207632951 2
0 0.405 -0.055 0.2300816167 2
0 0.405 -0.045 0.237939058 2
0 0.405 -0.035 0.2442857288 2
0 0.405 -0.025 0.2490813316 2
0 0.405 -0.015 0.2522954173 2
0 0.405 -0.005 0.2539075783 2
0 0.405 0.005 0.2539075783 2
0 0.405 0.015 0.2522954173 2
0 0.405 0.025 0.2490813316 2
0 0.405 0.035 0.2442857288 2
0 0.405 0.045 0.237939058 2
0 0.405 0.055 0.2300816167 2
0 0.405 0.065 0.2207632951 2
0 0.405 0.075 0.2100432588 2
0 0.405 0.085 0.1979895738 2
0 0.405 0.095 0.1846787736 2
0 0.405 0.105 0.1701953738 2
0 0.405 0.115 0.1546313355 1
0 0.405 0.125 0.1380854808 1
0 0.405 0.135 0.120662866 1
0 0.405 0.145 0.1024741144 1
0 0.405 0.155 0.08363471357 1
0 0.405 0.165 0.06426428243 1
0 0.405 0.175 0.0444858116 1
0 0.405 0.185 0.02442488253 2
0 0.405 0.195 0.00420887009 2
0 0.405 0.205 -0.01603386615 2
0 0.405 0.215 -0.03617479695 2
0 0.405 0.225 -0.05608603947 2
0 0.405 0.235 -0.07564116925 2
0 0.405 0.245 -0.09471602293 2
0 0.405 0.255 -0.1131894866 2
0 0.405 0.265 -0.1309442649 2
0 0.405 0.275 -0.1478676256 2
0 0.405 0.285 -0.1638521155 2
0 0.405 0.295 -0.1787962426 2
0 0.405 0.305 -0.1926051208 2
0 0.405 0.315 -0.2051910718 2
0 0.405 0.325 -0.2164741826 2
0 0.405 0.335 -0.226382812 2
0 0.405 0.345 -0.2348540462 2
0 0.405 0.355 -0.2418340979 2
0 0.405 0.365 -0.2472786481 2
0 0.405 0.375 -0.251153127 2
0 0.405 0.385 -0.2534329341 2
0 0.405 0.395 -0.254103594 2
0 0.405 0.405 0 2
0 0.405 0.415 0 2
0 0.405 0.425 0 2
0 0.405 0.435 0 2
0 0.405 0.445 0 2
0 0.405 0.455 0 2
0 0.405 0.465 0 2
0 0.415 -0.455 0 2
0 0.415 -0.445 0 2
0 0.415 -0.435 0 1
0 0.415 -0.425 0 1
0 0.415 -0.415 0 1
0 0.415 -0.405 0 1
0 0.415 -0.395 -0.2974767086 1
0 0.415 -0.385 -0.2966915734 2
0 0.415 -0.375 -0.2940226245 2
0 0.415 -0.365 -0.2894868081 2
0 0.415 -0.355 -0.283112924 2
0 0.415 -0.345 -0.2749414425 2
0 0.415 -0.335 -0.2650242475 2
0 0.415 -0.325 -0.2534243075 2
0 0.415 -0.315 -0.2402152749 2
0 0.415 -0.305 -0.2254810194 2
0 0.415 -0.295 -0.2093150945 2
0 0.415 -0.285 -0.1918201441 1
0 0.415 -0.275 -0.1731072508 1
0 0.415 -0.265 -0.1532952302 1
0 0.415 -0.255 -0.1325098768 1
0 0.415 -0.245 -0.1108831651 1
0 0.415 -0.235 -0.08855241169 1
0 0.415 -0.225 -0.06565940355 1
0 0.415 -0.215 -0.04234949756 1
0 0.415 -0.205 -0.01877069763 1
0 0.415 -0.195 0.004927284978 1
0 0.415 -0.185 0.02859398228 2
0 0.415 -0.175 0.05207912493 2
0 0.415 -0.165 0.07523359634 2
0 0.415 -0.155 0.09791037951 2
0 0.415 -0.145 0.1199654904 2
0 0.415 -0.135 0.1412588924 2
0 0.415 -0.125 0.1616553851 2
0 0.415 -0.115 0.1810254629 2
0 0.415 -0.105 0.1992461375 2
0 0.415 -0.095 0.2162017186 2
0 0.415 -0.085 0.2317845483 2
0 0.415 -0.075 0.245895685 2
0 0.415 -0.065 0.2584455316 2
0 0.415 -0.055 0.2693544038 2
0 0.415 -0.045 0.278553037 2
0 0.415 -0.035 0.2859830254 2
0 0.415 -0.025 0.2915971929 2
0 0.415 -0.015 0.2953598931 2
0 0.415 -0.005 0.2972472349 2
0 0.415 0.005 0.2972472349 2
0 0.415 0.015 0.2953598931 2
0 0.415 0.025 0.2915971929 2
0 0.415 0.035 0.2859830254 2
0 0.415 0.045 0.278553037 2
0 0.415 0.055 0.2693544038 2
0 0.415 0.065 0.2584455316 2
0 0.415 0.075 0.245895685 2
0 0.415 0.085 0.2317845483 2
0 0.415 0.095 0.2162017186 2
0 0.415 0.105 0.1992461375 2
0 0.415 0.115 0.1810254629 1
0 0.415 0.125 0.1616553851 1
0 0.415 0.135 0.1412588924 1
0 0.415 0.145 0.1199654904 1
0 0.415 0.155 0.09791037951 1
0 0.415 0.165 0.07523359634 1
0 0.415 0.175 0.05207912493 2
0 0.415 0.185 0.02859398228 2
0 0.415 0.195 0.004927284978 2
0 0.415 0.205 -0.01877069763 2
0 0.415 0.215 -0.04234949756 2
0 0.415 0.225 -0.06565940355 2
0 0.415 0.235 -0.08855241169 2
0 0.415 0.245 -0.1108831651 2
0 0.415 0.255 -0.1325098768 2
0 0.415 0.265 -0.1532952302 2
0 0.415 0.275 -0.1731072508 2
0 0.415 0.285 -0.1918201441 2
0 0.415 0.295 -0.2093150945 2
0 0.415 0.305 -0.2254810194 2
0 0.415 0.315 -0.2402152749 2
0 0.415 0.325 -0.2534243075 2
0 0.415 0.335 -0.2650242475 2
0 0.415 0.345 -0.2749414425 2
0 0.415 0.355 -0.283112924 2
0 0.415 0.365 -0.2894868081 2
0 0.415 0.375 -0.2940226245 2
0 0.415 0.385 -0.2966915734 2
0 0.415 0.395 -0.2974767086 2
0 0.415 0.405 0 2
0 0.415 0.415 0 2
0 0.415 0.425 0 2
0 0.415 0.435 0 2
0 0.415 0.445 0 2
0 0.415 0.455 0 2
0 0.415 0.465 0 2
0 0.425 -0.455 0 1
0 0.425 -0.445 0 1
0 0.425 -0.435 0 1
0 0.425 -0.425 0 1
0 0.425 -0.415 0 1
0 0.425 -0.405 0 1
0 0.425 -0.395 -0.3402440781 1
0 0.425 -0.385 -0.3393460662 1
0 0.425 -0.375 -0.3362934102 2
0 0.425 -0.365 -0.3311054926 2
0 0.425 -0.355 -0.3238152535 2
0 0.425 -0.345 -0.3144689816 2
0 0.425 -0.335 -0.3031260202 2
0 0.425 -0.325 -0.2898583901 2
0 0.425 -0.315 -0.274750333 2
0 0.425 -0.305 -0.257897776 2
0 0.425 -0.295 -0.2394077226 2
0 0.425 -0.285 -0.2193975737 2
0 0.425 -0.275 -0.1979943816 1
0 0.425 -0.265 -0.1753340439 1
0 0.425 -0.255 -0.1515604401 1
0 0.425 -0.245 -0.1268245183 1
0 0.425 -0.235 -0.1012833368 1
0 0.425 -0.225 -0.07509906686 1
0 0.425 -0.215 -0.04843796282 1
0 0.425 -0.205 -0.02146930675 2
0 0.425 -0.195 0.005635666545 2
0 0.425 -0.185 0.03270485674 2
0 0.425 -0.175 0.05956639069 2
0 0.425 -0.165 0.08604971377 2
0 0.425 -0.155 0.1119866727 2
0 0.425 -0.145 0.1372125834 2
0 0.425 -0.135 0.1615672764 2
0 0.425 -0.125 0.1848961141 2
0 0.425 -0.115 0.2070509722 2
0 0.425 -0.105 0.2278911807 2
0 0.425 -0.095 0.2472844169 2
0 0.425 -0.085 0.2651075451 2
0 0.425 -0.075 0.2812473993 2
0 0.425 -0.065 0.2956015011 2
0 0.425 -0.055 0.3080787105 2
0 0.425 -0.045 0.3185998047 2
0 0.425 -0.035 0.3270979811 2
0 0.425 -0.025 0.3335192814 2
0 0.425 -0.015 0.337822934 2
0 0.425 -0.005 0.3399816135 2
0 0.425 0.005 0.3399816135 2
0 0.425 0.015 0.337822934 2
0 0.425 0.025 0.3335192814 2
0 0.425 0.035 0.3270979811 2
0 0.425 0.045 0.3185998047 2
0 0.425 0.055 0.3080787105 2
0 0.425 0.065 0.2956015011 2
0 0.425 0.075 0.2812473993 2
0 0.425 0.085 0.2651075451 2
0 0.425 0.095 0.2472844169 2
0 0.425 0.105 0.2278911807 2
0 0.425 0.115 0.2070509722 2
0 0.425 0.125 0.1848961141 1
0 0.425 0.135 0.1615672764 1
0 0.425 0.145 0.1372125834 1
0 0.425 0.155 0.1119866727 2
0 0.425 0.165 0.08604971377 2
0 0.425 0.175 0.05956639069 2
0 0.425 0.185 0.03270485674 2
0 0.425 0.195 0.005635666545 2
0 0.425 0.205 -0.02146930675 2
0 0.425 0.215 -0.04843796282 2
0 0.425 0.225 -0.07509906686 2
0 0.425 0.235 -0.1012833368 2
0 0.425 0.245 -0.1268245183 2
0 0.425 0.255 -0.1515604401 2
0 0.425 0.265 -0.1753340439 2
0 0.425 0.275 -0.1979943816 2
0 0.425 0.285 -0.2193975737 2
0 0.425 0.295 -0.2394077226 2
0 0.425 0.305 -0.257897776 2
0 0.425 0.315 -0.274750333 2
0 0.425 0.325 -0.2898583901 2
0 0.425 0.335 -0.3031260202 2
0 0.425 0.345 -0.3144689816 2
0 0.425 0.355 -0.3238152535 2
0 0.425 0.365 -0.3311054926 2
0 0.425 0.375 -0.3362934102 2
0 0.425 0.385 -0.3393460662 2
0 0.425 0.395 -0.3402440781 2
0 0.425 0.405 0 2
0 0.425 0.415 0 2
0 0.425 0.425 0 2
0 0.425 0.435 0 2
0 0.425 0.445 0 2
0 0.425 0.455 0 2
0 0.425 0.465 0 2
0 0.435 -0.455 0 1
0 0.435 -0.445 0 1
0 0.435 -0.435 0 1
0 0.435 -0.425 0 1
0 0.435 -0.415 0 1
0 0.435 -0.405 0 1
0 0.435 -0.395 -0.3823186161 1
0 0.435 -0.385 -0.3813095562 1
0 0.435 -0.375 -0.3778794092 1
0 0.435 -0.365 -0.3720499543 1
0 0.435 -0.355 -0.3638582052 1
0 0.435 -0.345 -0.3533561746 1
0 0.435 -0.335 -0.340610544 1
0 0.435 -0.325 -0.3257022406 1
0 0.435 -0.315 -0.3087259231 1
0 0.435 -0.305 -0.2897893811 2
0 0.435 -0.295 -0.2690128502 2
0 0.435 -0.285 -0.2465282488 2
0 0.435 -0.275 -0.2224783409 2
0 0.435 -0.265 -0.1970158287 2
0 0.435 -0.255 -0.1703023842 1
0 0.435 -0.245 -0.1425076216 2
0 0.435 -0.235 -0.113808021 2
0 0.435 -0.225 -0.0843858076 2
0 0.435 -0.215 -0.05442779495 2
0 0.435 -0.205 -0.02412419841 2
0 0.435 -0.195 0.00633257233 2
0 0.435 -0.185 0.03674913503 2
0 0.435 -0.175 0.06693236275 2
0 0.435 -0.165 0.09669061007 2
0 0.435 -0.155 0.12583493 2
0 0.435 -0.145 0.1541802735 2
0 0.435 -0.135 0.1815466646 2
0 0.435 -0.125 0.2077603433 2
0 0.435 -0.115 0.2326548682 2
0 0.435 -0.105 0.2560721742 2
0 0.435 -0.095 0.2778635754 2
0 0.435 -0.085 0.2978907093 2
0 0.435 -0.075 0.3160264158 2
0 0.435 -0.065 0.3321555439 2
0 0.435 -0.055 0.3461756834 2
0 0.435 -0.045 0.3579978148 2
0 0.435 -0.035 0.3675468745 2
0 0.435 -0.025 0.3747622319 2
0 0.435 -0.015 0.3795980737 2
0 0.435 -0.005 0.3820236952 2
0 0.435 0.005 0.3820236952 2
0 0.435 0.015 0.3795980737 2
0 0.435 0.025 0.3747622319 2
0 0.435 0.035 0.3675468745 2
0 0.435 0.045 0.3579978148 2
0 0.435 0.055 0.3461756834 2
0 0.435 0.065 0.3321555439 2
0 0.435 0.075 0.3160264158 2
0 0.435 0.085 0.2978907093 2
0 0.435 0.095 0.2778635754 2
0 0.435 0.105 0.2560721742 2
0 0.435 0.115 0.2326548682 2
0 0.435 0.125 0.2077603433 2
0 0.435 0.135 0.1815466646 2
0 0.435 0.145 0.1541802735 2
0 0.435 0.155 0.12583493 2
0 0.435 0.165 0.09669061007 2
0 0.435 0.175 0.06693236275 2
0 0.435 0.185 0.03674913503 2
0 0.435 0.195 0.00633257233 2
0 0.435 0.205 -0.02412419841 2
0 0.435 0.215 -0.05442779495 2
0 0.435 0.225 -0.0843858076 2
0 0.435 0.235 -0.113808021 2
0 0.435 0.245 -0.1425076216 2
0 0.435 0.255 -0.1703023842 2
0 0.435 0.265 -0.1970158287 2
0 0.435 0.275 -0.2224783409 2
0 0.435 0.285 -0.2465282488 2
0 0.435 0.295 -0.2690128502 2
0 0.435 0.305 -0.2897893811 2
0 0.435 0.315 -0.3087259231 2
0 0.435 0.325 -0.3257022406 2
0 0.435 0.335 -0.340610544 2
0 0.435 0.345 -0.3533561746 2
0 0.435 0.355 -0.3638582052 2
0 0.435 0.365 -0.3720499543 2
0 0.435 0.375 -0.3778794092 2
0 0.435 0.385 -0.3813095562 2
0 0.435 0.395 -0.3823186161 2
0 0.435 0.405 0 2
0 0.435 0.415 0 2
0 0.435 0.425 0 2
0 0.435 0.435 0 2
0 0.435 0.445 0 2
0 0.435 0.455 0 2
0 0.435 0.465 0 2
0 0.445 -0.455 0 1
0 0.445 -0.445 0 1
0 0.445 -0.435 0 1
0 0.445 -0.425 0 1
0 0.445 -0.415 0 1
0 0.445 -0.405 0 1
0 0.445 -0.395 -0.4236146472 1
0 0.445 -0.385 -0.422496594 1
0 0.445 -0.375 -0.4186959407 1
0 0.445 -0.365 -0.412236819 1
0 0.445 -0.355 -0.4031602406 1
0 0.445 -0.345 -0.3915238363 1
0 0.445 -0.335 -0.3774014902 1
0 0.445 -0.325 -0.3608828708 1
0 0.445 -0.315 -0.3420728615 1
0 0.445 -0.305 -0.3210908946 1
0 0.445 -0.295 -0.2980701928 1
0 0.445 -0.285 -0.273156924 2
0 0.445 -0.275 -0.2465092724 2
0 0.445 -0.265 -0.2182964346 2
0 0.445 -0.255 -0.1886975454 2
0 0.445 -0.245 -0.1579005398 2
0 0.445 -0.235 -0.1261009603 2
0 0.445 -0.225 -0.09350071541 2
0 0.445 -0.215 -0.06030679696 2
0 0.445 -0.205 -0.0267299665 2
0 0.445 -0.195 0.007016583239 2
0 0.445 -0.185 0.04071858188 2
0 0.445 -0.175 0.07416204192 2
0 0.445 -0.165 0.1071346174 2
0 0.445 -0.155 0.1394269523 2
0 0.445 -0.145 0.1708340097 2
0 0.445 -0.135 0.2011563734 2
0 0.445 -0.125 0.2302015147 2
0 0.445 -0.115 0.2577850144 2
0 0.445 -0.105 0.2837317337 2
0 0.445 -0.095 0.3078769265 2
0 0.445 -0.085 0.3300672853 2
0 0.445 -0.075 0.3501619147 2
0 0.445 -0.065 0.3680332258 2
0 0.445 -0.055 0.3835677465 2
0 0.445 -0.045 0.3966668418 2
0 0.445 -0.035 0.4072473404 2
0 0.445 -0.025 0.4152420625 2
0 0.445 -0.015 0.4206002463 2
0 0.445 -0.005 0.4232878706 2
0 0.445 0.005 0.4232878706 2
0 0.445 0.015 0.4206002463 2
0 0.445 0.025 0.4152420625 2
0 0.445 0.035 0.4072473404 2
0 0.445 0.045 0.3966668418 2
0 0.445 0.055 0.3835677465 2
0 0.445 0.065 0.3680332258 2
0 0.445 0.075 0.3501619147 2
0 0.445 0.085 0.3300672853 2
0 0.445 0.095 0.3078769265 2
0 0.445 0.105 0.2837317337 2
0 0.445 0.115 0.2577850144 2
0 0.445 0.125 0.2302015147 2
0 0.445 0.135 0.2011563734 2
0 0.445 0.145 0.1708340097 2
0 0.445 0.155 0.1394269523 2
0 0.445 0.165 0.1071346174 2
0 0.445 0.175 0.07416204192 2
0 0.445 0.185 0.04071858188 2
0 0.445 0.195 0.007016583239 2
0 0.445 0.205 -0.0267299665 2
0 0.445 0.215 -0.06030679696 2
0 0.445 0.225 -0.09350071541 2
0 0.445 0.235 -0.1261009603 2
0 0.445 0.245 -0.1579005398 2
0 0.445 0.255 -0.1886975454 2
0 0.445 0.265 -0.2182964346 2
0 0.445 0.275 -0.2465092724 2
0 0.445 0.285 -0.273156924 2
0 0.445 0.295 -0.2980701928 2
0 0.445 0.305 -0.3210908946 2
0 0.445 0.315 -0.3420728615 2
0 0.445 0.325 -0.3608828708 2
0 0.445 0.335 -0.3774014902 2
0 0.445 0.345 -0.3915238363 2
0 0.445 0.355 -0.4031602406 2
0 0.445 0.365 -0.412236819 2
0 0.445 0.375 -0.4186959407 2
0 0.445 0.385 -0.422496594 2
0 0.445 0.395 -0.4236146472 2
0 0.445 0.405 0 2
0 0.445 0.415 0 2
0 0.445 0.425 0 2
0 0.445 0.435 0 2
0 0.445 0.445 0 2
0 0.445 0.455 0 2
0 0.445 0.465 0 2
0 0.455 -0.455 0 1
0 0.455 -0.445 0 1
0 0.455 -0.435 0 1
0 0.455 -0.425 0 1
0 0.455 -0.415 0 1
0 0.455 -0.405 0 1
0 0.455 -0.395 -0.4640480813 1
0 0.455 -0.385 -0.4628233115 1
0 0.455 -0.375 -0.458659891 1
0 0.455 -0.365 -0.4515842551 1
0 0.455 -0.355 -0.4416413297 1
0 0.455 -0.345 -0.4288942466 1
0 0.455 -0.335 -0.4134239421 1
0 0.455 -0.325 -0.3953286433 1
0 0.455 -0.315 -0.3747232446 1
0 0.455 -0.305 -0.3517385778 1
0 0.455 -0.295 -0.3265205818 1
0 0.455 -0.285 -0.2992293758 1
0 0.455 -0.275 -0.2700382426 2
0 0.455 -0.265 -0.2391325284 2
0 0.455 -0.255 -0.2067084659 2
0 0.455 -0.245 -0.1729719286 2
0 0.455 -0.235 -0.1381371232 2
0 0.455 -0.225 -0.1024252298 2
0 0.455 -0.215 -0.06606299759 2
0 0.455 -0.205 -0.02928130495 2
0 0.455 -0.195 0.007686306436 2
0 0.455 -0.185 0.04460511438 2
0 0.455 -0.175 0.08124070658 2
0 0.455 -0.165 0.117360469 2
0 0.455 -0.155 0.1527350627 2
0 0.455 -0.145 0.1871398804 2
0 0.455 -0.135 0.2203564719 2
0 0.455 -0.125 0.2521739319 2
0 0.455 -0.115 0.2823902386 2
0 0.455 -0.105 0.3108135365 2
0 0.455 -0.095 0.3372633547 2
0 0.455 -0.085 0.3615717527 2
0 0.455 -0.075 0.3835843867 2
0 0.455 -0.065 0.4031614898 2
0 0.455 -0.055 0.4201787591 2
0 0.455 -0.045 0.434528145 2
0 0.455 -0.035 0.4461185376 2
0 0.455 -0.025 0.4548763449 2
0 0.455 -0.015 0.4607459599 2
0 0.455 -0.005 0.4636901143 2
0 0.455 0.005 0.4636901143 2
0 0.455 0.015 0.4607459599 2
0 0.455 0.025 0.4548763449 2
0 0.455 0.035 0.4461185376 2
0 0.455 0.045 0.434528145 2
0 0.455 0.055 0.4201787591 2
0 0.455 0.065 0.4031614898 2
0 0.455 0.075 0.3835843867 2
0 0.455 0.085 0.3615717527 2
0 0.455 0.095 0.3372633547 2
0 0.455 0.105 0.3108135365 2
0 0.455 0.115 0.2823902386 2
0 0.455 0.125 0.2521739319 2
0 0.455 0.135 0.2203564719 2
0 0.455 0.145 0.1871398804 2
0 0.455 0.155 0.1527350627 2
0 0.455 0.165 0.117360469 2
0 0.455 0.175 0.08124070658 2
0 0.455 0.185 0.04460511438 2
0 0.455 0.195 0.007686306436 2
0 0.455 0.205 -0.02928130495 2
0 0.455 0.215 -0.06606299759 2
0 0.455 0.225 -0.1024252298 2
0 0.455 0.235 -0.1381371232 2
0 0.455 0.245 -0.1729719286 2
0 0.455 0.255 -0.2067084659 2
0 0.455 0.265 -0.2391325284 2
0 0.455 0.275 -0.2700382426 2
0 0.455 0.285 -0.2992293758 2
0 0.455 0.295 -0.3265205818 2
0 0.455 0.305 -0.3517385778 2
0 0.455 0.315 -0.3747232446 2
0 0.455 0.325 -0.3953286433 2
0 0.455 0.335 -0.4134239421 2
0 0.455 0.345 -0.4288942466 2
0 0.455 0.355 -0.4416413297 2
0 0.455 0.365 -0.4515842551 2
0 0.455 0.375 -0.458659891 2
0 0.455 0.385 -0.4628233115 2
0 0.455 0.395 -0.4640480813 2
0 0.455 0.405 0 2
0 0.455 0.415 0 2
0 0.455 0.425 0 2
0 0.455 0.435 0 2
0 0.455 0.445 0 2
0 0.455 0.455 0 2
0 0.455 0.465 0 2
0 0.465 -0.455 0 1
0 0.465 -0.445 0 1
0 0.465 -0.435 0 1
0 0.465 -0.425 0 1
0 0.465 -0.415 0 1
0 0.465 -0.405 0 1
0 0.465 -0.395 -0.5035365846 1
0 0.465 -0.385 -0.5022075921 1
0 0.465 -0.375 -0.4976898824 1
0 0.465 -0.365 -0.4900121401 1
0 0.465 -0.355 -0.4792231145 1
0 0.465 -0.345 -0.4653913092 1
0 0.465 -0.335 -0.4486045481 1
0 0.465 -0.325 -0.4289694169 1
0 0.465 -0.315 -0.406610587 1
0 0.465 -0.305 -0.3816700235 1
0 0.465 -0.295 -0.3543060842 1
0 0.465 -0.285 -0.3246925135 1
0 0.465 -0.275 -0.2930173399 2
0 0.465 -0.265 -0.2594816819 2
0 0.465 -0.255 -0.2242984706 2
0 0.465 -0.245 -0.1876910985 2
0 0.465 -0.235 -0.1498920004 2
0 0.465 -0.225 -0.111141178 2
0 0.465 -0.215 -0.07168467561 2
0 0.465 -0.205 -0.03177301853 2
0 0.465 -0.195 0.008340378178 2
0 0.465 -0.185 0.04840081848 2
0 0.465 -0.175 0.08815394259 2
0 0.465 -0.165 0.127347342 2
0 0.465 -0.155 0.1657321621 2
0 0.465 -0.145 0.2030646823 2
0 0.465 -0.135 0.2391078634 2
0 0.465 -0.125 0.273632853 2
0 0.465 -0.115 0.3064204378 2
0 0.465 -0.105 0.3372624366 2
0 0.465 -0.095 0.365963021 2
0 0.465 -0.085 0.3923399595 2
0 0.465 -0.075 0.4162257744 2
0 0.465 -0.065 0.4374688051 2
0 0.465 -0.055 0.455934171 2
0 0.465 -0.045 0.4715046282 2
0 0.465 -0.035 0.4840813135 2
0 0.465 -0.025 0.4935843727 2
0 0.465 -0.015 0.4999534668 2
0 0.465 -0.005 0.5031481561 2
0 0.465 0.005 0.5031481561 2
0 0.465 0.015 0.4999534668 2
0 0.465 0.025 0.4935843727 2
0 0.465 0.035 0.4840813135 1
0 0.465 0.045 0.4715046282 1
0 0.465 0.055 0.455934171 1
0 0.465 0.065 0.4374688051 1
0 0.465 0.075 0.4162257744 2
0 0.465 0.085 0.3923399595 2
0 0.465 0.095 0.365963021 2
0 0.465 0.105 0.3372624366 2
0 0.465 0.115 0.3064204378 2
0 0.465 0.125 0.273632853 2
0 0.465 0.135 0.2391078634 2
0 0.465 0.145 0.2030646823 2
0 0.465 0.155 0.1657321621 2
0 0.465 0.165 0.127347342 2
0 0.465 0.175 0.08815394259 2
0 0.465 0.185 0.04840081848 2
0 0.465 0.195 0.008340378178 2
0 0.465 0.205 -0.03177301853 2
0 0.465 0.215 -0.07168467561 2
0 0.465 0.225 -0.111141178 2
0 0.465 0.235 -0.1498920004 2
0 0.465 0.245 -0.1876910985 2
0 0.465 0.255 -0.2242984706 2
0 0.465 0.265 -0.2594816819 2
0 0.465 0.275 -0.2930173399 2
0 0.465 0.285 -0.3246925135 2
0 0.465 0.295 -0.3543060842 2
0 0.465 0.305 -0.3816700235 2
0 0.465 0.315 -0.406610587 2
0 0.465 0.325 -0.4289694169 2
0 0.465 0.335 -0.4486045481 2
0 0.465 0.345 -0.4653913092 2
0 0.465 0.355 -0.4792231145 2
0 0.465 0.365 -0.4900121401 2
0 0.465 0.375 -0.4976898824 2
0 0.465 0.385 -0.5022075921 2
0 0.465 0.395 -0.5035365846 2
0 0.465 0.405 0 2
0 0.465 0.415 0 2
0 0.465 0.425 0 2
0 0.465 0.435 0 2
0 0.465 0.445 0 2
0 0.465 0.455 0 2
0 0.465 0.465 0 2
0 0.475 -0.455 0 1
0 0.475 -0.445 0 1
0 0.475 -0.435 0 1
0 0.475 -0.425 0 1
0 0.475 -0.415 0 1
0 0.475 -0.405 0 1
0 0.475 -0.395 -0.5419997475 1
0 0.475 -0.385 -0.5405692386 1
0 0.475 -0.375 -0.5357064389 1
0 0.475 -0.365 -0.5274422244 1
0 0.475 -0.355 -0.5158290679 1
0 0.475 -0.345 -0.5009407059 1
0 0.475 -0.335 -0.4828716706 1
0 0.475 -0.325 -0.4617366896 1
0 0.475 -0.315 -0.4376699573 1
0 0.475 -0.305 -0.4108242831 1
0 0.475 -0.295 -0.381370121 1
0 0.475 -0.285 -0.349494487 1
0 0.475 -0.275 -0.3153997726 2
0 0.475 -0.265 -0.2793024586 2
0 0.475 -0.255 -0.2414317414 1
0 0.475 -0.245 -0.2020280773 1
0 0.475 -0.235 -0.161341656 1
0 0.475 -0.225 -0.1196308118 1
0 0.475 -0.215 -0.07716038371 2
0 0.475 -0.205 -0.03420003342 2
0 0.475 -0.195 0.008977466594 2
0 0.475 -0.185 0.05209796507 2
0 0.475 -0.175 0.0948876727 2
0 0.475 -0.165 0.1370749005 2
0 0.475 -0.155 0.1783917848 2
0 0.475 -0.145 0.2185759881 2
0 0.475 -0.135 0.257372365 2
0 0.475 -0.125 0.2945345815 2
0 0.475 -0.115 0.32982668 2
0 0.475 -0.105 0.3630245767 2
0 0.475 -0.095 0.3939174849 2
0 0.475 -0.085 0.4223092532 2
0 0.475 -0.075 0.4480196108 2
0 0.475 -0.065 0.4708853123 2
0 0.475 -0.055 0.4907611743 2
0 0.475 -0.045 0.507520997 2
0 0.475 -0.035 0.5210583655 2
0 0.475 -0.025 0.5312873256 2
0 0.475 -0.015 0.5381429296 2
0 0.475 -0.005 0.5415816485 2
0 0.475 0.005 0.5415816485 2
0 0.475 0.015 0.5381429296 2
0 0.475 0.025 0.5312873256 1
0 0.475 0.035 0.5210583655 1
0 0.475 0.045 0.507520997 1
0 0.475 0.055 0.4907611743 1
0 0.475 0.065 0.4708853123 1
0 0.475 0.075 0.4480196108 1
0 0.475 0.085 0.4223092532 1
0 0.475 0.095 0.3939174849 1
0 0.475 0.105 0.3630245767 1
0 0.475 0.115 0.32982668 1
0 0.475 0.125 0.2945345815 1
0 0.475 0.135 0.257372365 1
0 0.475 0.145 0.2185759881 1
0 0.475 0.155 0.1783917848 2
0 0.475 0.165 0.1370749005 2
0 0.475 0.175 0.0948876727 1
0 0.475 0.185 0.05209796507 1
0 0.475 0.195 0.008977466594 1
0 0.475 0.205 -0.03420003342 1
0 0.475 0.215 -0.07716038371 1
0 0.475 0.225 -0.1196308118 1
0 0.475 0.235 -0.161341656 1
0 0.475 0.245 -0.2020280773 1
0 0.475 0.255 -0.2414317414 2
0 0.475 0.265 -0.2793024586 2
0 0.475 0.275 -0.3153997726 2
0 0.475 0.285 -0.349494487 2
0 0.475 0.295 -0.381370121 2
0 0.475 0.305 -0.4108242831 2
0 0.475 0.315 -0.4376699573 2
0 0.475 0.325 -0.4617366896 2
0 0.475 0.335 -0.4828716706 2
0 0.475 0.345 -0.5009407059 2
0 0.475 0.355 -0.5158290679 2
0 0.475 0.365 -0.5274422244 2
0 0.475 0.375 -0.5357064389 2
0 0.475 0.385 -0.5405692386 2
0 0.475 0.395 -0.5419997475 2
0 0.475 0.405 0 2
0 0.475 0.415 0 2
0 0.475 0.425 0 2
0 0.475 0.435 0 2
0 0.475 0.445 0 2
0 0.475 0.455 0 2
0 0.475 0.465 0 2
0 0.485 -0.455 0 1
0 0.485 -0.445 0 1
0 0.485 -0.435 0 1
0 0.485 -0.425 0 1
0 0.485 -0.415 0 1
0 0.485 -0.405 0 1
0 0.485 -0.395 -0.5793592485 1
0 0.485 -0.385 -0.577830136 1
0 0.485 -0.375 -0.5726321484 1
0 0.485 -0.365 -0.5637982898 1
0 0.485 -0.355 -0.55138465 1
0 0.485 -0.345 -0.5354700481 1
0 0.485 -0.335 -0.5161555323 1
0 0.485 -0.325 -0.4935637382 1
0 0.485 -0.315 -0.4678381101 1
0 0.485 -0.305 -0.4391419904 1
0 0.485 -0.295 -0.4076575823 1
0 0.485 -0.285 -0.3735847928 1
0 0.485 -0.275 -0.3371399637 2
0 0.485 -0.265 -0.2985544979 1
0 0.485 -0.255 -0.25807339 1
0 0.485 -0.245 -0.2159536707 1
0 0.485 -0.235 -0.1724627751 1
0 0.485 -0.225 -0.1278768441 1
0 0.485 -0.215 -0.08247897185 2
0 0.485 -0.205 -0.03655740754 2
0 0.485 -0.195 0.009596274394 2
0 0.485 -0.185 0.05568902574 2
0 0.485 -0.175 0.1014281851 2
0 0.485 -0.165 0.1465233364 2
0 0.485 -0.155 0.1906881522 2
0 0.485 -0.145 0.2336422125 2
0 0.485 -0.135 0.2751127849 2
0 0.485 -0.125 0.3148365559 2
0 0.485 -0.115 0.3525613034 2
0 0.485 -0.105 0.388047498 2
0 0.485 -0.095 0.4210698235 2
0 0.485 -0.085 0.451418608 2
0 0.485 -0.075 0.4789011548 2
0 0.485 -0.065 0.5033429663 2
0 0.485 -0.055 0.5245888516 2
0 0.485 -0.045 0.5425039121 2
0 0.485 -0.035 0.5569743979 2
0 0.485 -0.025 0.56790843 2
0 0.485 -0.015 0.5752365839 2
0 0.485 -0.005 0.5789123303 2
0 0.485 0.005 0.5789123303 2
0 0.485 0.015 0.5752365839 2
0 0.485 0.025 0.56790843 1
0 0.485 0.035 0.5569743979 1
0 0.485 0.045 0.5425039121 1
0 0.485 0.055 0.5245888516 1
0 0.485 0.065 0.5033429663 1
0 0.485 0.075 0.4789011548 1
0 0.485 0.085 0.451418608 1
0 0.485 0.095 0.4210698235 1
0 0.485 0.105 0.388047498 1
0 0.485 0.115 0.3525613034 1
0 0.485 0.125 0.3148365559 1
0 0.485 0.135 0.2751127849 1
0 0.485 0.145 0.2336422125 1
0 0.485 0.155 0.1906881522 1
0 0.485 0.165 0.1465233364 1
0 0.485 0.175 0.1014281851 1
0 0.485 0.185 0.05568902574 1
0 0.485 0.195 0.009596274394 1
0 0.485 0.205 -0.03655740754 1
0 0.485 0.215 -0.08247897185 1
0 0.485 0.225 -0.1278768441 1
0 0.485 0.235 -0.1724627751 1
0 0.485 0.245 -0.2159536707 1
0 0.485 0.255 -0.25807339 1
0 0.485 0.265 -0.2985544979 2
0 0.485 0.275 -0.3371399637 2
0 0.485 0.285 -0.3735847928 2
0 0.485 0.295 -0.4076575823 2
0 0.485 0.305 -0.4391419904 2
0 0.485 0.315 -0.4678381101 2
0 0.485 0.325 -0.4935637382 2
0 0.485 0.335 -0.5161555323 2
0 0.485 0.345 -0.5354700481 2
0 0.485 0.355 -0.55138465 2
0 0.485 0.365 -0.5637982898 2
0 0.485 0.375 -0.5726321484 2
0 0.485 0.385 -0.577830136 2
0 0.485 0.395 -0.5793592485 2
0 0.485 0.405 0 2
0 0.485 0.415 0 2
0 0.485 0.425 0 2
0 0.485 0.435 0 2
0 0.485 0.445 0 2
0 0.485 0.455 0 2
0 0.485 0.465 0 2
0 0.495 -0.455 0 2
0 0.495 -0.445 0 2
0 0.495 -0.435 0 1
0 0.495 -0.425 0 1
0 0.495 -0.415 0 1
0 0.495 -0.405 0 1
0 0.495 -0.395 -0.6155390131 1
0 0.495 -0.385 -0.6139144107 2
0 0.495 -0.375 -0.6083918197 2
0 0.495 -0.365 -0.5990063053 2
0 0.495 -0.355 -0.5858174598 1
0 0.495 -0.345 -0.5689090246 1
0 0.495 -0.335 -0.5483883579 1
0 0.495 -0.325 -0.5243857539 1
0 0.495 -0.315 -0.4970536145 1
0 0.495 -0.305 -0.4665654826 1
0 0.495 -0.295 -0.4331149395 1
0 0.495 -0.285 -0.3969143761 2
0 0.495 -0.275 -0.3581936442 1
0 0.495 -0.265 -0.3171985974 1
0 0.495 -0.255 -0.2741895296 1
0 0.495 -0.245 -0.2294395225 1
0 0.495 -0.235 -0.183232712 1
0 0.495 -0.225 -0.1358624836 1
0 0.495 -0.215 -0.08762960989 1
0 0.495 -0.205 -0.03884034063 2
0 0.495 -0.195 0.01019554151 2
0 0.495 -0.185 0.05916668808 2
0 0.495 -0.175 0.1077621616 2
0 0.495 -0.165 0.1556734101 2
0 0.495 -0.155 0.2025962256 2
0 0.495 -0.145 0.2482326765 2
0 0.495 -0.135 0.2922929987 2
0 0.495 -0.125 0.3344974356 2
0 0.495 -0.115 0.3745780141 2
0 0.495 -0.105 0.4122802468 2
0 0.495 -0.095 0.447364747 2
0 0.495 -0.085 0.4796087491 2
0 0.495 -0.075 0.5088075231 2
0 0.495 -0.065 0.5347756742 2
0 0.495 -0.055 0.5573483203 2
0 0.495 -0.045 0.5763821386 2
0 0.495 -0.035 0.5917562757 2
0 0.495 -0.025 0.6033731151 2
0 0.495 -0.015 0.6111588968 2
0 0.495 -0.005 0.6150641858 2
0 0.495 0.005 0.6150641858 2
0 0.495 0.015 0.6111588968 2
0 0.495 0.025 0.6033731151 1
0 0.495 0.035 0.5917562757 1
0 0.495 0.045 0.5763821386 1
0 0.495 0.055 0.5573483203 1
0 0.495 0.065 0.5347756742 1
0 0.495 0.075 0.5088075231 1
0 0.495 0.085 0.4796087491 1
0 0.495 0.095 0.447364747 1
0 0.495 0.105 0.4122802468 1
0 0.495 0.115 0.3745780141 1
0 0.495 0.125 0.3344974356 1
0 0.495 0.135 0.2922929987 1
0 0.495 0.145 0.2482326765 1
0 0.495 0.155 0.2025962256 1
0 0.495 0.165 0.1556734101 1
0 0.495 0.175 0.1077621616 1
0 0.495 0.185 0.05916668808 1
0 0.495 0.195 0.01019554151 1
0 0.495 0.205 -0.03884034063 1
0 0.495 0.215 -0.08762960989 1
0 0.495 0.225 -0.1358624836 1
0 0.495 0.235 -0.183232712 1
0 0.495 0.245 -0.2294395225 1
0 0.495 0.255 -0.2741895296 1
0 0.495 0.265 -0.3171985974 1
0 0.495 0.275 -0.3581936442 2
0 0.495 0.285 -0.3969143761 2
0 0.495 0.295 -0.4331149395 2
0 0.495 0.305 -0.4665654826 2
0 0.495 0.315 -0.4970536145 2
0 0.495 0.325 -0.5243857539 2
0 0.495 0.335 -0.5483883579 2
0 0.495 0.345 -0.5689090246 2
0 0.495 0.355 -0.5858174598 2
0 0.495 0.365 -0.5990063053 2
0 0.495 0.375 -0.6083918197 2
0 0.495 0.385 -0.6139144107 2
0 0.495 0.395 -0.6155390131 2
0 0.495 0.405 0 2
0 0.495 0.415 0 2
0 0.495 0.425 0 2
0 0.495 0.435 0 2
0 0.495 0.445 0 2
0 0.495 0.455 0 2
0 0.495 0.465 0 2
0 0.505 -0.455 0 2
0 0.505 -0.445 0 2
0 0.505 -0.435 0 2
0 0.505 -0.425 0 1
0 0.505 -0.415 0 1
0 0.505 -0.405 0 1
0 0.505 -0.395 -0.6504653693 1
0 0.505 -0.385 -0.6487485852 2
0 0.505 -0.375 -0.6429126364 2
0 0.505 -0.365 -0.6329945776 2
0 0.505 -0.355 -0.6190573826 2
0 0.505 -0.345 -0.6011895443 2
0 0.505 -0.335 -0.5795045126 2
0 0.505 -0.325 -0.5541399746 2
0 0.505 -0.315 -0.5252569798 2
0 0.505 -0.305 -0.4930389179 2
0 0.505 -0.295 -0.4576903544 2
0 0.505 -0.285 -0.4194357315 1
0 0.505 -0.275 -0.378517943 1
0 0.505 -0.265 -0.3351967924 1
0 0.505 -0.255 -0.2897473431 1
0 0.505 -0.245 -0.2424581718 1
0 0.505 -0.235 -0.1936295363 1
0 0.505 -0.225 -0.1435714694 1
0 0.505 -0.215 -0.09260180971 1
0 0.505 -0.205 -0.041044184 2
0 0.505 -0.195 0.01077404768 2
0 0.505 -0.185 0.06252387062 2
0 0.505 -0.175 0.1138767044 2
0 0.505 -0.165 0.1645064894 2
0 0.505 -0.155 0.2140917568 2
0 0.505 -0.145 0.2623176698 2
0 0.505 -0.135 0.3088780229 2
0 0.505 -0.125 0.3534771856 2
0 0.505 -0.115 0.39583198 2
0 0.505 -0.105 0.4356734785 2
0 0.505 -0.095 0.4727487115 2
0 0.505 -0.085 0.5068222736 2
0 0.505 -0.075 0.5376778179 2
0 0.505 -0.065 0.5651194303 2
0 0.505 -0.055 0.588972873 2
0 0.505 -0.045 0.609086691 2
0 0.505 -0.035 0.6253331734 2
0 0.505 -0.025 0.637609165 2
0 0.505 -0.015 0.6458367204 2
0 0.505 -0.005 0.6499635998 2
0 0.505 0.005 0.6499635998 2
0 0.505 0.015 0.6458367204 2
0 0.505 0.025 0.637609165 1
0 0.505 0.035 0.6253331734 1
0 0.505 0.045 0.609086691 1
0 0.505 0.055 0.588972873 1
0 0.505 0.065 0.5651194303 1
0 0.505 0.075 0.5376778179 1
0 0.505 0.085 0.5068222736 1
0 0.505 0.095 0.4727487115 1
0 0.505 0.105 0.4356734785 1
0 0.505 0.115 0.39583198 1
0 0.505 0.125 0.3534771856 1
0 0.505 0.135 0.3088780229 1
0 0.505 0.145 0.2623176698 1
0 0.505 0.155 0.2140917568 1
0 0.505 0.165 0.1645064894 1
0 0.505 0.175 0.1138767044 1
0 0.505 0.185 0.06252387062 1
0 0.505 0.195 0.01077404768 1
0 0.505 0.205 -0.041044184 1
0 0.505 0.215 -0.09260180971 1
0 0.505 0.225 -0.1435714694 1
0 0.505 0.235 -0.1936295363 1
0 0.505 0.245 -0.2424581718 1
0 0.505 0.255 -0.2897473431 1
0 0.505 0.265 -0.3351967924 1
0 0.505 0.275 -0.378517943 2
0 0.505 0.285 -0.4194357315 2
0 0.505 0.295 -0.4576903544 2
0 0.505 0.305 -0.4930389179 2
0 0.505 0.315 -0.5252569798 2
0 0.505 0.325 -0.5541399746 2
0 0.505 0.335 -0.5795045126 2
0 0.505 0.345 -0.6011895443 2
0 0.505 0.355 -0.6190573826 2
0 0.505 0.365 -0.6329945776 2
0 0.505 0.375 -0.6429126364 2
0 0.505 0.385 -0.6487485852 2
0 0.505 0.395 -0.6504653693 2
0 0.505 0.405 0 2
0 0.505 0.415 0 2
0 0.505 0.425 0 2
0 0.505 0.435 0 2
0 0.505 0.445 0 2
0 0.505 0.455 0 2
0 0.505 0.465 0 2
0 0.515 -0.455 0 2
0 0.515 -0.445 0 2
0 0.515 -0.435 0 2
0 0.515 -0.425 0 2
0 0.515 -0.415 0 2
0 0.515 -0.405 0 2
0 0.515 -0.395 -0.6840671973 2
0 0.515 -0.385 -0.6822617274 2
0 0.515 -0.375 -0.6761243043 2
0 0.515 -0.365 -0.6656938972 2
0 0.515 -0.355 -0.6510367327 2
0 0.515 -0.345 -0.6322458751 2
0 0.515 -0.335 -0.6094406351 2
0 0.515 -0.325 -0.5827658123 2
0 0.515 -0.315 -0.5523907759 2
0 0.515 -0.305 -0.5185083891 2
0 0.515 -0.295 -0.4813337847 2
0 0.515 -0.285 -0.4411029992 1
0 0.515 -0.275 -0.3980714741 1
0 0.515 -0.265 -0.3525124337 1
0 0.515 -0.255 -0.3047151505 1
0 0.515 -0.245 -0.2549831088 1
0 0.515 -0.235 -0.2036320771 1
0 0.515 -0.225 -0.1509881038 1
0 0.515 -0.215 -0.09738544653 1
0 0.515 -0.205 -0.04316445001 2
0 0.515 -0.195 0.01133061489 1
0 0.515 -0.185 0.06575373718 1
0 0.515 -0.175 0.1197593627 1
0 0.515 -0.165 0.1730045879 1
0 0.515 -0.155 0.2251513378 1
0 0.515 -0.145 0.2758685115 1
0 0.515 -0.135 0.3248340856 1
0 0.515 -0.125 0.3717371578 2
0 0.515 -0.115 0.4162799219 2
0 0.515 -0.105 0.458179558 2
0 0.515 -0.095 0.4971700284 2
0 0.515 -0.085 0.5330037672 2
0 0.515 -0.075 0.5654532514 2
0 0.515 -0.065 0.5943124463 2
0 0.515 -0.055 0.6193981134 2
0 0.515 -0.045 0.6405509737 2
0 0.515 -0.035 0.6576367191 2
0 0.515 -0.025 0.6705468655 2
0 0.515 -0.015 0.6791994411 2
0 0.515 -0.005 0.6835395074 2
0 0.515 0.005 0.6835395074 2
0 0.515 0.015 0.6791994411 2
0 0.515 0.025 0.6705468655 1
0 0.515 0.035 0.6576367191 1
0 0.515 0.045 0.6405509737 1
0 0.515 0.055 0.6193981134 1
0 0.515 0.065 0.5943124463 1
0 0.515 0.075 0.5654532514 1
0 0.515 0.085 0.5330037672 1
0 0.515 0.095 0.4971700284 1
0 0.515 0.105 0.458179558 1
0 0.515 0.115 0.4162799219 1
0 0.515 0.125 0.3717371578 1
0 0.515 0.135 0.3248340856 1
0 0.515 0.145 0.2758685115 1
0 0.515 0.155 0.2251513378 1
0 0.515 0.165 0.1730045879 1
0 0.515 0.175 0.1197593627 1
0 0.515 0.185 0.06575373718 1
0 0.515 0.195 0.01133061489 1
0 0.515 0.205 -0.04316445001 1
0 0.515 0.215 -0.09738544653 1
0 0.515 0.225 -0.1509881038 1
0 0.515 0.235 -0.2036320771 1
0 0.515 0.245 -0.2549831088 1
0 0.515 0.255 -0.3047151505 1
0 0.515 0.265 -0.3525124337 1
0 0.515 0.275 -0.3980714741 2
0 0.515 0.285 -0.4411029992 2
0 0.515 0.295 -0.4813337847 2
0 0.515 0.305 -0.5185083891 2
0 0.515 0.315 -0.5523907759 2
0 0.515 0.325 -0.5827658123 2
0 0.515 0.335 -0.6094406351 2
0 0.515 0.345 -0.6322458751 2
0 0.515 0.355 -0.6510367327 2
0 0.515 0.365 -0.6656938972 2
0 0.515 0.375 -0.6761243043 2
0 0.515 0.385 -0.6822617274 2
0 0.515 0.395 -0.6840671973 2
0 0.515 0.405 0 2
0 0.515 0.415 0 2
0 0.515 0.425 0 2
0 0.515 0.435 0 2
0 0.515 0.445 0 2
0 0.515 0.455 0 2
0 0.515 0.465 0 2
0 0.525 -0.455 0 2
0 0.525 -0.445 0 2
0 0.525 -0.435 0 2
0 0.525 -0.425 0 2
0 0.525 -0.415 0 2
0 0.525 -0.405 0 2
0 0.525 -0.395 -0.7162760746 2
0 0.525 -0.385 -0.7143855952 2
0 0.525 -0.375 -0.7079591954 2
0 0.525 -0.365 -0.697037679 2
0 0.525 -0.355 -0.6816903911 2
0 0.525 -0.345 -0.6620147777 2
0 0.525 -0.335 -0.6381357673 2
0 0.525 -0.325 -0.6102049771 2
0 0.525 -0.315 -0.578399751 2
0 0.525 -0.305 -0.5429220331 2
0 0.525 -0.295 -0.5039970857 2
0 0.525 -0.285 -0.4618720588 1
0 0.525 -0.275 -0.4168144211 1
0 0.525 -0.265 -0.3691102617 1
0 0.525 -0.255 -0.3190624733 1
0 0.525 -0.245 -0.2669888294 1
0 0.525 -0.235 -0.2132199665 1
0 0.525 -0.225 -0.1580972845 1
0 0.525 -0.215 -0.1019707795 2
0 0.525 -0.205 -0.04519682121 1
0 0.525 -0.195 0.01186410983 1
0 0.525 -0.185 0.06884971088 1
0 0.525 -0.175 0.1253981575 1
0 0.525 -0.165 0.181150401 1
0 0.525 -0.155 0.235752448 1
0 0.525 -0.145 0.2888576083 1
0 0.525 -0.135 0.3401286959 1
0 0.525 -0.125 0.38924017 1
0 0.525 -0.115 0.4358802024 1
0 0.525 -0.105 0.4797526567 2
0 0.525 -0.095 0.5205789691 2
0 0.525 -0.085 0.558099917 2
0 0.525 -0.075 0.592077265 2
0 0.525 -0.065 0.6222952771 2
0 0.525 -0.055 0.6485620872 2
0 0.525 -0.045 0.6707109167 2
0 0.525 -0.035 0.6886011338 2
0 0.525 -0.025 0.7021191464 2
0 0.525 -0.015 0.7111791231 2
0 0.525 -0.005 0.7157235387 2
0 0.525 0.005 0.7157235387 2
0 0.525 0.015 0.7111791231 2
0 0.525 0.025 0.7021191464 1
0 0.525 0.035 0.6886011338 1
0 0.525 0.045 0.6707109167 1
0 0.525 0.055 0.6485620872 1
0 0.525 0.065 0.6222952771 1
0 0.525 0.075 0.592077265 1
0 0.525 0.085 0.558099917 1
0 0.525 0.095 0.5205789691 1
0 0.525 0.105 0.4797526567 1
0 0.525 0.115 0.4358802024 1
0 0.525 0.125 0.38924017 1
0 0.525 0.135 0.3401286959 1
0 0.525 0.145 0.2888576083 1
0 0.525 0.155 0.235752448 1
0 0.525 0.165 0.181150401 1
0 0.525 0.175 0.1253981575 1
0 0.525 0.185 0.06884971088 1
0 0.525 0.195 0.01186410983 1
0 0.525 0.205 -0.04519682121 1
0 0.525 0.215 -0.1019707795 1
0 0.525 0.225 -0.1580972845 1
0 0.525 0.235 -0.2132199665 1
0 0.525 0.245 -0.2669888294 1
0 0.525 0.255 -0.3190624733 1
0 0.525 0.265 -0.3691102617 1
0 0.525 0.275 -0.4168144211 2
0 0.525 0.285 -0.4618720588 2
0 0.525 0.295 -0.5039970857 2
0 0.525 0.305 -0.5429220331 2
0 0.525 0.315 -0.578399751 2
0 0.525 0.325 -0.6102049771 2
0 0.525 0.335 -0.6381357673 2
0 0.525 0.345 -0.6620147777 2
0 0.525 0.355 -0.6816903911 2
0 0.525 0.365 -0.697037679 2
0 0.525 0.375 -0.7079591954 2
0 0.525 0.385 -0.7143855952 2
0 0.525 0.395 -0.7162760746 2
0 0.525 0.405 0 2
0 0.525 0.415 0 2
0 0.525 0.425 0 2
0 0.525 0.435 0 2
0 0.525 0.445 0 2
0 0.525 0.455 0 2
0 0.525 0.465 0 2
0 0.535 -0.455 0 2
0 0.535 -0.445 0 2
0 0.535 -0.435 0 2
0 0.535 -0.425 0 2
0 0.535 -0.415 0 2
0 0.535 -0.405 0 2
0 0.535 -0.395 -0.7470264148 2
0 0.535 -0.385 -0.7450547756 2
0 0.535 -0.375 -0.738352485 2
0 0.535 -0.365 -0.7269620986 2
0 0.535 -0.355 -0.7109559386 2
0 0.535 -0.345 -0.6904356344 2
0 0.535 -0.335 -0.6655314777 2
0 0.535 -0.325 -0.636401595 2
0 0.535 -0.315 -0.6032309435 2
0 0.535 -0.305 -0.5662301371 2
0 0.535 -0.295 -0.5256341086 1
0 0.535 -0.285 -0.4817006186 1
0 0.535 -0.275 -0.4347086183 1
0 0.535 -0.265 -0.3849564787 1
0 0.535 -0.255 -0.3327600963 1
0 0.535 -0.245 -0.2784508866 1
0 0.535 -0.235 -0.2223736807 1
0 0.535 -0.225 -0.1648845352 1
0 0.535 -0.215 -0.1063484717 2
0 0.535 -0.205 -0.04713715914 1
0 0.535 -0.195 0.01237344614 1
0 0.535 -0.185 0.07180548745 1
0 0.535 -0.175 0.1307816069 1
0 0.535 -0.165 0.1889273416 1
0 0.535 -0.155 0.2458735009 1
0 0.535 -0.145 0.3012585108 1
0 0.535 -0.135 0.3547307096 1
0 0.535 -0.125 0.4059505811 1
0 0.535 -0.115 0.4545929097 1
0 0.535 -0.105 0.5003488457 1
0 0.535 -0.095 0.5429278664 2
0 0.535 -0.085 0.5820596205 2
0 0.535 -0.075 0.6174956448 2
0 0.535 -0.065 0.6490109419 2
0 0.535 -0.055 0.6764054084 2
0 0.535 -0.045 0.699505106 2
0 0.535 -0.035 0.7181633653 2
0 0.535 -0.025 0.7322617176 2
0 0.535 -0.015 0.7417106469 2
0 0.535 -0.005 0.7464501581 2
0 0.535 0.005 0.7464501581 2
0 0.535 0.015 0.7417106469 2
0 0.535 0.025 0.7322617176 1
0 0.535 0.035 0.7181633653 1
0 0.535 0.045 0.699505106 1
0 0.535 0.055 0.6764054084 1
0 0.535 0.065 0.6490109419 1
0 0.535 0.075 0.6174956448 1
0 0.535 0.085 0.5820596205 1
0 0.535 0.095 0.5429278664 1
0 0.535 0.105 0.5003488457 1
0 0.535 0.115 0.4545929097 1
0 0.535 0.125 0.4059505811 1
0 0.535 0.135 0.3547307096 1
0 0.535 0.145 0.3012585108 1
0 0.535 0.155 0.2458735009 1
0 0.535 0.165 0.1889273416 1
0 0.535 0.175 0.1307816069 1
0 0.535 0.185 0.07180548745 1
0 0.535 0.195 0.01237344614 1
0 0.535 0.205 -0.04713715914 1
0 0.535 0.215 -0.1063484717 1
0 0.535 0.225 -0.1648845352 1
0 0.535 0.235 -0.2223736807 1
0 0.535 0.245 -0.2784508866 1
0 0.535 0.255 -0.3327600963 1
0 0.535 0.265 -0.3849564787 2
0 0.535 0.275 -0.4347086183 2
0 0.535 0.285 -0.4817006186 2
0 0.535 0.295 -0.5256341086 2
0 0.535 0.305 -0.5662301371 2
0 0.535 0.315 -0.6032309435 2
0 0.535 0.325 -0.636401595 2
0 0.535 0.335 -0.6655314777 2
0 0.535 0.345 -0.6904356344 2
0 0.535 0.355 -0.7109559386 2
0 0.535 0.365 -0.7269620986 2
0 0.535 0.375 -0.738352485 2
0 0.535 0.385 -0.7450547756 2
0 0.535 0.395 -0.7470264148 2
0 0.535 0.405 0 2
0 0.535 0.415 0 2
0 0.535 0.425 0 2
0 0.535 0.435 0 2
0 0.535 0.445 0 2
0 0.535 0.455 0 2
0 0.535 0.465 0 2
0 0.545 -0.455 0 2
0 0.545 -0.445 0 2
0 0.545 -0.435 0 2
0 0.545 -0.425 0 2
0 0.545 -0.415 0 2
0 0.545 -0.405 0 2
0 0.545 -0.395 -0.7762556018 2
0 0.545 -0.385 -0.7742068175 2
0 0.545 -0.375 -0.7672422838 2
0 0.545 -0.365 -0.7554062215 2
0 0.545 -0.355 -0.7387737823 2
0 0.545 -0.345 -0.7174505724 2
0 0.545 -0.335 -0.6915719813 2
0 0.545 -0.325 -0.6613023225 2
0 0.545 -0.315 -0.6268337904 2
0 0.545 -0.305 -0.5883852393 2
0 0.545 -0.295 -0.5462007945 1
0 0.545 -0.285 -0.5005483021 1
0 0.545 -0.275 -0.4517176279 1
0 0.545 -0.265 -0.4000188175 1
0 0.545 -0.255 -0.3457801273 1
0 0.545 -0.245 -0.2893459405 1
0 0.545 -0.235 -0.2310745804 1
0 0.545 -0.225 -0.1713360352 1
0 0.545 -0.215 -0.1105096088 2
0 0.545 -0.205 -0.04898151271 1
0 0.545 -0.195 0.01285758668 1
0 0.545 -0.185 0.0746150481 1
0 0.545 -0.175 0.1358987487 1
0 0.545 -0.165 0.1963195736 1
0 0.545 -0.155 0.255493887 1
0 0.545 -0.145 0.3130459672 1
0 0.545 -0.135 0.3686103932 1
0 0.545 -0.125 0.4218343641 1
0 0.545 -0.115 0.4723799395 1
0 0.545 -0.105 0.5199261855 1
0 0.545 -0.095 0.5641712117 2
0 0.545 -0.085 0.6048340889 2
0 0.545 -0.075 0.6416566321 2
0 0.545 -0.065 0.6744050401 2
0 0.545 -0.055 0.7028713804 2
0 0.545 -0.045 0.7268749086 2
0 0.545 -0.035 0.7462632167 2
0 0.545 -0.025 0.7609132007 2
0 0.545 -0.015 0.7707318418 2
0 0.545 -0.005 0.7756567976 2
0 0.545 0.005 0.7756567976 2
0 0.545 0.015 0.7707318418 2
0 0.545 0.025 0.7609132007 2
0 0.545 0.035 0.7462632167 1
0 0.545 0.045 0.7268749086 1
0 0.545 0.055 0.7028713804 1
0 0.545 0.065 0.6744050401 1
0 0.545 0.075 0.6416566321 1
0 0.545 0.085 0.6048340889 1
0 0.545 0.095 0.5641712117 2
0 0.545 0.105 0.5199261855 2
0 0.545 0.115 0.4723799395 2
0 0.545 0.125 0.4218343641 2
0 0.545 0.135 0.3686103932 1
0 0.545 0.145 0.3130459672 1
0 0.545 0.155 0.255493887 1
0 0.545 0.165 0.1963195736 1
0 0.545 0.175 0.1358987487 1
0 0.545 0.185 0.0746150481 1
0 0.545 0.195 0.01285758668 1
0 0.545 0.205 -0.04898151271 1
0 0.545 0.215 -0.1105096088 1
0 0.545 0.225 -0.1713360352 1
0 0.545 0.235 -0.2310745804 2
0 0.545 0.245 -0.2893459405 2
0 0.545 0.255 -0.3457801273 2
0 0.545 0.265 -0.4000188175 2
0 0.545 0.275 -0.4517176279 2
0 0.545 0.285 -0.5005483021 2
0 0.545 0.295 -0.5462007945 2
0 0.545 0.305 -0.5883852393 2
0 0.545 0.315 -0.6268337904 2
0 0.545 0.325 -0.6613023225 2
0 0.545 0.335 -0.6915719813 2
0 0.545 0.345 -0.7174505724 2
0 0.545 0.355 -0.7387737823 2
0 0.545 0.365 -0.7554062215 2
0 0.545 0.375 -0.7672422838 2
0 0.545 0.385 -0.7742068175 2
0 0.545 0.395 -0.7762556018 2
0 0.545 0.405 0 2
0 0.545 0.415 0 2
0 0.545 0.425 0 2
0 0.545 0.435 0 2
0 0.545 0.445 0 2
0 0.545 0.455 0 2
0 0.545 0.465 0 2
0 0.555 -0.455 0 2
0 0.555 -0.445 0 2
0 0.555 -0.435 0 2
0 0.555 -0.425 0 2
0 0.555 -0.415 0 2
0 0.555 -0.405 0 2
0 0.555 -0.395 -0.8039041168 2
0 0.555 -0.385 -0.8017823593 2
0 0.555 -0.375 -0.7945697643 2
0 0.555 -0.365 -0.7823121274 2
0 0.555 -0.355 -0.7650872774 2
0 0.555 -0.345 -0.7430045817 2
0 0.555 -0.335 -0.7162042522 2
0 0.555 -0.325 -0.6848564549 2
0 0.555 -0.315 -0.6491602295 2
0 0.555 -0.305 -0.6093422257 2
0 0.555 -0.295 -0.5656552639 1
0 0.555 -0.285 -0.5183767302 1
0 0.555 -0.275 -0.467806815 1
0 0.555 -0.265 -0.4142666068 1
0 0.555 -0.255 -0.3580960539 1
0 0.555 -0.245 -0.2996518057 1
0 0.555 -0.235 -0.239304948 1
0 0.555 -0.225 -0.1774386474 2
0 0.555 -0.215 -0.1144457177 2
0 0.555 -0.205 -0.05072612632 1
0 0.555 -0.195 0.0133155456 1
0 0.555 -0.185 0.07727267178 1
0 0.555 -0.175 0.1407391628 1
0 0.555 -0.165 0.2033120445 1
0 0.555 -0.155 0.2645940165 1
0 0.555 -0.145 0.3241959752 1
0 0.555 -0.135 0.3817394836 1
0 0.555 -0.125 0.4368591751 1
0 0.555 -0.115 0.4892050727 1
0 0.555 -0.105 0.5384448112 1
0 0.555 -0.095 0.5842657478 2
0 0.555 -0.085 0.6263769471 2
0 0.555 -0.075 0.6645110282 2
0 0.555 -0.065 0.6984258624 2
0 0.555 -0.055 0.727906111 2
0 0.555 -0.045 0.752764592 2
0 0.555 -0.035 0.772843469 2
0 0.555 -0.025 0.7880152531 2
0 0.555 -0.015 0.7981836126 2
0 0.555 -0.005 0.8032839845 2
0 0.555 0.005 0.8032839845 2
0 0.555 0.015 0.7981836126 2
0 0.555 0.025 0.7880152531 2
0 0.555 0.035 0.772843469 1
0 0.555 0.045 0.752764592 1
0 0.555 0.055 0.727906111 1
0 0.555 0.065 0.6984258624 1
0 0.555 0.075 0.6645110282 1
0 0.555 0.085 0.6263769471 1
0 0.555 0.095 0.5842657478 2
0 0.555 0.105 0.5384448112 2
0 0.555 0.115 0.4892050727 2
0 0.555 0.125 0.4368591751 2
0 0.555 0.135 0.3817394836 2
0 0.555 0.145 0.3241959752 2
0 0.555 0.155 0.2645940165 1
0 0.555 0.165 0.2033120445 1
0 0.555 0.175 0.1407391628 1
0 0.555 0.185 0.07727267178 1
0 0.555 0.195 0.0133155456 1
0 0.555 0.205 -0.05072612632 1
0 0.555 0.215 -0.1144457177 1
0 0.555 0.225 -0.1774386474 2
0 0.555 0.235 -0.239304948 2
0 0.555 0.245 -0.2996518057 2
0 0.555 0.255 -0.3580960539 2
0 0.555 0.265 -0.4142666068 2
0 0.555 0.275 -0.467806815 2
0 0.555 0.285 -0.5183767302 2
0 0.555 0.295 -0.5656552639 2
0 0.555 0.305 -0.6093422257 2
0 0.555 0.315 -0.6491602295 2
0 0.555 0.325 -0.6848564549 2
0 0.555 0.335 -0.7162042522 2
0 0.555 0.345 -0.7430045817 2
0 0.555 0.355 -0.7650872774 2
0 0.555 0.365 -0.7823121274 2
0 0.555 0.375 -0.7945697643 2
0 0.555 0.385 -0.8017823593 2
0 0.555 0.395 -0.8039041168 2
0 0.555 0.405 0 2
0 0.555 0.415 0 2
0 0.555 0.425 0 2
0 0.555 0.435 0 2
0 0.555 0.445 0 2
0 0.555 0.455 0 2
0 0.555 0.465 0 2
0 0.565 -0.455 0 2
0 0.565 -0.445 0 2
0 0.565 -0.435 0 2
0 0.565 -0.425 0 2
0 0.565 -0.415 0 2
0 0.565 -0.405 0 2
0 0.565 -0.395 -0.8299156597 2
0 0.565 -0.385 -0.8277252495 2
0 0.565 -0.375 -0.82027928 2
0 0.565 -0.365 -0.8076250286 2
0 0.565 -0.355 -0.7898428424 2
0 0.565 -0.345 -0.7670456274 2
0 0.565 -0.335 -0.7393781323 2
0 0.565 -0.325 -0.7070160293 2
0 0.565 -0.315 -0.6701647981 2
0 0.565 -0.305 -0.6290584221 2
0 0.565 -0.295 -0.5839579021 2
0 0.565 -0.285 -0.5351495994 1
0 0.565 -0.275 -0.4829434175 1
0 0.565 -0.265 -0.4276708342 1
0 0.565 -0.255 -0.3696827975 1
0 0.565 -0.245 -0.3093474965 1
0 0.565 -0.235 -0.2470480244 2
0 0.565 -0.225 -0.1831799453 2
0 0.565 -0.215 -0.1181487834 2
0 0.565 -0.205 -0.05236744745 2
0 0.565 -0.195 0.01374639037 1
0 0.565 -0.185 0.07977294685 1
0 0.565 -0.175 0.1452929929 1
0 0.565 -0.165 0.2098905156 1
0 0.565 -0.155 0.2731553592 1
0 0.565 -0.145 0.33468583 1
0 0.565 -0.135 0.3940912464 1
0 0.565 -0.125 0.4509944195 1
0 0.565 -0.115 0.5050340484 1
0 0.565 -0.105 0.5558670137 1
0 0.565 -0.095 0.6031705566 2
0 0.565 -0.085 0.6466443279 2
0 0.565 -0.075 0.6860122953 2
0 0.565 -0.065 0.7210244957 2
0 0.565 -0.055 0.7514586226 2
0 0.565 -0.045 0.7771214377 2
0 0.565 -0.035 0.7978499974 2
0 0.565 -0.025 0.8135126877 2
0 0.565 -0.015 0.8240100599 2
0 0.565 -0.005 0.8292754621 2
0 0.565 0.005 0.8292754621 2
0 0.565 0.015 0.8240100599 2
0 0.565 0.025 0.8135126877 2
0 0.565 0.035 0.7978499974 2
0 0.565 0.045 0.7771214377 1
0 0.565 0.055 0.7514586226 1
0 0.565 0.065 0.7210244957 1
0 0.565 0.075 0.6860122953 1
0 0.565 0.085 0.6466443279 2
0 0.565 0.095 0.6031705566 2
0 0.565 0.105 0.5558670137 2
0 0.565 0.115 0.5050340484 2
0 0.565 0.125 0.4509944195 2
0 0.565 0.135 0.3940912464 2
0 0.565 0.145 0.33468583 2
0 0.565 0.155 0.2731553592 2
0 0.565 0.165 0.2098905156 2
0 0.565 0.175 0.1452929929 2
0 0.565 0.185 0.07977294685 2
0 0.565 0.195 0.01374639037 2
0 0.565 0.205 -0.05236744745 2
0 0.565 0.215 -0.1181487834 2
0 0.565 0.225 -0.1831799453 2
0 0.565 0.235 -0.2470480244 2
0 0.565 0.245 -0.3093474965 2
0 0.565 0.255 -0.3696827975 2
0 0.565 0.265 -0.4276708342 2
0 0.565 0.275 -0.4829434175 2
0 0.565 0.285 -0.5351495994 2
0 0.565 0.295 -0.5839579021 2
0 0.565 0.305 -0.6290584221 2
0 0.565 0.315 -0.6701647981 2
0 0.565 0.325 -0.7070160293 2
0 0.565 0.335 -0.7393781323 2
0 0.565 0.345 -0.7670456274 2
0 0.565 0.355 -0.7898428424 2
0 0.565 0.365 -0.8076250286 2
0 0.565 0.375 -0.82027928 2
0 0.565 0.385 -0.8277252495 2
0 0.565 0.395 -0.8299156597 2
0 0.565 0.405 0 2
0 0.565 0.415 0 2
0 0.565 0.425 0 2
0 0.565 0.435 0 2
0 0.565 0.445 0 2
0 0.565 0.455 0 2
0 0.565 0.465 0 2
0 0.575 -0.455 0 2
0 0.575 -0.445 0 2
0 0.575 -0.435 0 2
0 0.575 -0.425 0 2
0 0.575 -0.415 0 2
0 0.575 -0.405 0 2
0 0.575 -0.395 -0.8542372638 2
0 0.575 -0.385 -0.8519826612 2
0 0.575 -0.375 -0.8443184793 2
0 0.575 -0.365 -0.831293381 2
0 0.575 -0.355 -0.8129900679 2
0 0.575 -0.345 -0.7895247551 2
0 0.575 -0.335 -0.7610464333 2
0 0.575 -0.325 -0.7277359227 2
0 0.575 -0.315 -0.6898047251 2
0 0.575 -0.305 -0.6474936809 2
0 0.575 -0.295 -0.6010714398 2
0 0.575 -0.285 -0.5508327554 1
0 0.575 -0.275 -0.497096613 1
0 0.575 -0.265 -0.4402042051 1
0 0.575 -0.255 -0.3805167642 1
0 0.575 -0.245 -0.31841327 2
0 0.575 -0.235 -0.2542880423 2
0 0.575 -0.225 -0.1885482379 2
0 0.575 -0.215 -0.1216112652 2
0 0.575 -0.205 -0.05390213391 2
0 0.575 -0.195 0.01414924367 2
0 0.575 -0.185 0.08211078204 2
0 0.575 -0.175 0.1495509661 1
0 0.575 -0.165 0.2160415912 1
0 0.575 -0.155 0.2811604817 1
0 0.575 -0.145 0.3444941716 1
0 0.575 -0.135 0.40564053 1
0 0.575 -0.125 0.4642113141 1
0 0.575 -0.115 0.5198346345 1
0 0.575 -0.105 0.5721573166 2
0 0.575 -0.095 0.6208471425 2
0 0.575 -0.085 0.6655949612 2
0 0.575 -0.075 0.7061166508 2
0 0.575 -0.065 0.7421549228 2
0 0.575 -0.055 0.7734809558 2
0 0.575 -0.045 0.7998958483 2
0 0.575 -0.035 0.8212318815 2
0 0.575 -0.025 0.8373535844 2
0 0.575 -0.015 0.8481585939 2
0 0.575 -0.005 0.8535783046 2
0 0.575 0.005 0.8535783046 2
0 0.575 0.015 0.8481585939 2
0 0.575 0.025 0.8373535844 2
0 0.575 0.035 0.8212318815 2
0 0.575 0.045 0.7998958483 2
0 0.575 0.055 0.7734809558 2
0 0.575 0.065 0.7421549228 2
0 0.575 0.075 0.7061166508 2
0 0.575 0.085 0.6655949612 2
0 0.575 0.095 0.6208471425 2
0 0.575 0.105 0.5721573166 2
0 0.575 0.115 0.5198346345 2
0 0.575 0.125 0.4642113141 2
0 0.575 0.135 0.40564053 2
0 0.575 0.145 0.3444941716 2
0 0.575 0.155 0.2811604817 2
0 0.575 0.165 0.2160415912 2
0 0.575 0.175 0.1495509661 2
0 0.575 0.185 0.08211078204 2
0 0.575 0.195 0.01414924367 2
0 0.575 0.205 -0.05390213391 2
0 0.575 0.215 -0.1216112652 2
0 0.575 0.225 -0.1885482379 2
0 0.575 0.235 -0.2542880423 2
0 0.575 0.245 -0.31841327 2
0 0.575 0.255 -0.3805167642 2
0 0.575 0.265 -0.4402042051 2
0 0.575 0.275 -0.497096613 2
0 0.575 0.285 -0.5508327554 2
0 0.575 0.295 -0.6010714398 2
0 0.575 0.305 -0.6474936809 2
0 0.575 0.315 -0.6898047251 2
0 0.575 0.325 -0.7277359227 2
0 0.575 0.335 -0.7610464333 2
0 0.575 0.345 -0.7895247551 2
0 0.575 0.355 -0.8129900679 2
0 0.575 0.365 -0.831293381 2
0 0.575 0.375 -0.8443184793 2
0 0.575 0.385 -0.8519826612 2
0 0.575 0.395 -0.8542372638 2
0 0.575 0.405 0 2
0 0.575 0.415 0 2
0 0.575 0.425 0 2
0 0.575 0.435 0 2
0 0.575 0.445 0 2
0 0.575 0.455 0 2
0 0.575 0.465 0 2
0 0.585 -0.455 0 2
0 0.585 -0.445 0 2
0 0.585 -0.435 0 2
0 0.585 -0.425 0 2
0 0.585 -0.415 0 2
0 0.585 -0.405 0 2
0 0.585 -0.395 -0.8768194037 2
0 0.585 -0.385 -0.8745051996 2
0 0.585 -0.375 -0.8666384116 2
0 0.585 -0.365 -0.8532689891 2
0 0.585 -0.355 -0.8344818199 2
0 0.585 -0.345 -0.8103961911 2
0 0.585 -0.335 -0.7811650323 2
0 0.585 -0.325 -0.7469739436 2
0 0.585 -0.315 -0.708040018 2
0 0.585 -0.305 -0.6646104627 2
0 0.585 -0.295 -0.6169610291 2
0 0.585 -0.285 -0.5653942628 2
0 0.585 -0.275 -0.5102375818 2
0 0.585 -0.265 -0.4518411979 2
0 0.585 -0.255 -0.3905758932 2
0 0.585 -0.245 -0.3268306656 2
0 0.585 -0.235 -0.2610102591 2
0 0.585 -0.225 -0.193532594 2
0 0.585 -0.215 -0.1248261128 2
0 0.585 -0.205 -0.05532706066 2
0 0.585 -0.195 0.01452328519 2
0 0.585 -0.185 0.08428141687 2
0 0.585 -0.175 0.1535044121 2
0 0.585 -0.165 0.2217527462 2
0 0.585 -0.155 0.2885930834 2
0 0.585 -0.145 0.3536010274 2
0 0.585 -0.135 0.4163638168 2
0 0.585 -0.125 0.4764829454 2
0 0.585 -0.115 0.533576693 2
0 0.585 -0.105 0.5872825482 2
0 0.585 -0.095 0.6372595113 2
0 0.585 -0.085 0.6831902584 2
0 0.585 -0.075 0.7247831567 2
0 0.585 -0.065 0.7617741164 2
0 0.585 -0.055 0.7939282669 2
0 0.585 -0.045 0.8210414488 2
0 0.585 -0.035 0.8429415094 2
0 0.585 -0.025 0.8594893967 2
0 0.585 -0.015 0.8705800414 2
0 0.585 -0.005 0.8761430245 2
0 0.585 0.005 0.8761430245 2
0 0.585 0.015 0.8705800414 2
0 0.585 0.025 0.8594893967 2
0 0.585 0.035 0.8429415094 2
0 0.585 0.045 0.8210414488 2
0 0.585 0.055 0.7939282669 2
0 0.585 0.065 0.7617741164 2
0 0.585 0.075 0.7247831567 2
0 0.585 0.085 0.6831902584 2
0 0.585 0.095 0.6372595113 2
0 0.585 0.105 0.5872825482 2
0 0.585 0.115 0.533576693 2
0 0.585 0.125 0.4764829454 2
0 0.585 0.135 0.4163638168 2
0 0.585 0.145 0.3536010274 2
0 0.585 0.155 0.2885930834 2
0 0.585 0.165 0.2217527462 2
0 0.585 0.175 0.1535044121 2
0 0.585 0.185 0.08428141687 2
0 0.585 0.195 0.01452328519 2
0 0.585 0.205 -0.05532706066 2
0 0.585 0.215 -0.1248261128 2
0 0.585 0.225 -0.193532594 2
0 0.585 0.235 -0.2610102591 2
0 0.585 0.245 -0.3268306656 2
0 0.585 0.255 -0.3905758932 2
0 0.585 0.265 -0.4518411979 2
0 0.585 0.275 -0.5102375818 2
0 0.585 0.285 -0.5653942628 2
0 0.585 0.295 -0.6169610291 2
0 0.585 0.305 -0.6646104627 2
0 0.585 0.315 -0.708040018 2
0 0.585 0.325 -0.7469739436 2
0 0.585 0.335 -0.7811650323 2
0 0.585 0.345 -0.8103961911 2
0 0.585 0.355 -0.8344818199 2
0 0.585 0.365 -0.8532689891 2
0 0.585 0.375 -0.8666384116 2
0 0.585 0.385 -0.8745051996 2
0 0.585 0.395 -0.8768194037 2
0 0.585 0.405 0 2
0 0.585 0.415 0 2
0 0.585 0.425 0 2
0 0.585 0.435 0 2
0 0.585 0.445 0 2
0 0.585 0.455 0 2
0 0.585 0.465 0 2
0 0.595 -0.455 0 2
0 0.595 -0.445 0 2
0 0.595 -0.435 0 2
0 0.595 -0.425 0 2
0 0.595 -0.415 0 2
0 0.595 -0.405 0 2
0 0.595 -0.395 -0.8976160957 2
0 0.595 -0.385 -0.8952470026 2
0 0.595 -0.375 -0.8871936275 2
0 0.595 -0.365 -0.8735071046 2
0 0.595 -0.355 -0.8542743351 2
0 0.595 -0.345 -0.8296174355 2
0 0.595 -0.335 -0.7996929623 2
0 0.595 -0.325 -0.7646909181 2
0 0.595 -0.315 -0.7248335448 2
0 0.595 -0.305 -0.680373913 2
0 0.595 -0.295 -0.6315943145 2
0 0.595 -0.285 -0.5788044706 2
0 0.595 -0.275 -0.5223395652 2
0 0.595 -0.265 -0.4625581166 2
0 0.595 -0.255 -0.3998397011 2
0 0.595 -0.245 -0.3345825432 2
0 0.595 -0.235 -0.2672009866 2
0 0.595 -0.225 -0.1981228639 2
0 0.595 -0.215 -0.1277867798 2
0 0.595 -0.205 -0.05663932614 2
0 0.595 -0.195 0.01486775326 2
0 0.595 -0.185 0.08628043134 2
0 0.595 -0.175 0.1571452804 2
0 0.595 -0.165 0.2270123511 2
0 0.595 -0.155 0.2954380294 2
0 0.595 -0.145 0.3619878533 2
0 0.595 -0.135 0.4262392712 2
0 0.595 -0.125 0.4877843252 2
0 0.595 -0.115 0.5462322411 2
0 0.595 -0.105 0.6012119096 2
0 0.595 -0.095 0.6523742427 2
0 0.595 -0.085 0.6993943904 2
0 0.595 -0.075 0.7419738028 2
0 0.595 -0.065 0.7798421263 2
0 0.595 -0.055 0.8127589196 2
0 0.595 -0.045 0.8405151808 2
0 0.595 -0.035 0.8629346744 2
0 0.595 -0.025 0.8798750499 2
0 0.595 -0.015 0.8912287461 2
0 0.595 -0.005 0.8969236739 2
0 0.595 0.005 0.8969236739 2
0 0.595 0.015 0.8912287461 2
0 0.595 0.025 0.8798750499 2
0 0.595 0.035 0.8629346744 2
0 0.595 0.045 0.8405151808 2
0 0.595 0.055 0.8127589196 2
0 0.595 0.065 0.7798421263 2
0 0.595 0.075 0.7419738028 2
0 0.595 0.085 0.6993943904 2
0 0.595 0.095 0.6523742427 2
0 0.595 0.105 0.6012119096 2
0 0.595 0.115 0.5462322411 2
0 0.595 0.125 0.4877843252 2
0 0.595 0.135 0.4262392712 2
0 0.595 0.145 0.3619878533 2
0 0.595 0.155 0.2954380294 2
0 0.595 0.165 0.2270123511 2
0 0.595 0.175 0.1571452804 2
0 0.595 0.185 0.08628043134 2
0 0.595 0.195 0.01486775326 2
0 0.595 0.205 -0.05663932614 2
0 0.595 0.215 -0.1277867798 2
0 0.595 0.225 -0.1981228639 2
0 0.595 0.235 -0.2672009866 2
0 0.595 0.245 -0.3345825432 2
0 0.595 0.255 -0.3998397011 2
0 0.595 0.265 -0.4625581166 2
0 0.595 0.275 -0.5223395652 2
0 0.595 0.285 -0.5788044706 2
0 0.595 0.295 -0.6315943145 2
0 0.595 0.305 -0.680373913 2
0 0.595 0.315 -0.7248335448 2
0 0.595 0.325 -0.7646909181 2
0 0.595 0.335 -0.7996929623 2
0 0.595 0.345 -0.8296174355 2
0 0.595 0.355 -0.8542743351 2
0 0.595 0.365 -0.8735071046 2
0 0.595 0.375 -0.8871936275 2
0 0.595 0.385 -0.8952470026 2
0 0.595 0.395 -0.8976160957 2
0 0.595 0.405 0 2
0 0.595 0.415 0 2
0 0.595 0.425 0 2
0 0.595 0.435 0 2
0 0.595 0.445 0 2
0 0.595 0.455 0 2
0 0.595 0.465 0 2
0 0.605 -0.455 0 2
0 0.605 -0.445 0 2
0 0.605 -0.435 0 2
0 0.605 -0.425 0 2
0 0.605 -0.415 0 2
0 0.605 -0.405 0 2
0 0.605 -0.395 -0.916584992 2
0 0.605 -0.385 -0.914165834 2
0 0.605 -0.375 -0.9059422708 2
0 0.605 -0.365 -0.891966517 2
0 0.605 -0.355 -0.8723273105 2
0 0.605 -0.345 -0.8471493483 2
0 0.605 -0.335 -0.8165924954 2
0 0.605 -0.325 -0.7808507695 2
0 0.605 -0.315 -0.7401511093 2
0 0.605 -0.305 -0.694751933 2
0 0.605 -0.295 -0.6449414983 2
0 0.605 -0.285 -0.5910360716 2
0 0.605 -0.275 -0.5333779201 2
0 0.605 -0.265 -0.4723331384 2
0 0.605 -0.255 -0.4082893244 2
0 0.605 -0.245 -0.3416531178 2
0 0.605 -0.235 -0.2728476187 2
0 0.605 -0.225 -0.2023097007 2
0 0.605 -0.215 -0.1304872373 2
0 0.605 -0.205 -0.05783625823 2
0 0.605 -0.195 0.01518194646 2
0 0.605 -0.185 0.08810375488 2
0 0.605 -0.175 0.1604661573 2
0 0.605 -0.165 0.2318096957 2
0 0.605 -0.155 0.3016813815 2
0 0.605 -0.145 0.3696375713 2
0 0.605 -0.135 0.4352467841 2
0 0.605 -0.125 0.4980924406 2
0 0.605 -0.115 0.5577755086 2
0 0.605 -0.105 0.6139170364 2
0 0.605 -0.095 0.666160559 2
0 0.605 -0.085 0.7141743612 2
0 0.605 -0.075 0.7576535842 2
0 0.605 -0.065 0.796322161 2
0 0.605 -0.055 0.8299345694 2
0 0.605 -0.045 0.8582773905 2
0 0.605 -0.035 0.8811706646 2
0 0.605 -0.025 0.8984690331 2
0 0.605 -0.015 0.9100626616 2
0 0.605 -0.005 0.9158779377 2
0 0.605 0.005 0.9158779377 2
0 0.605 0.015 0.9100626616 2
0 0.605 0.025 0.8984690331 2
0 0.605 0.035 0.8811706646 2
0 0.605 0.045 0.8582773905 2
0 0.605 0.055 0.8299345694 2
0 0.605 0.065 0.796322161 2
0 0.605 0.075 0.7576535842 2
0 0.605 0.085 0.7141743612 2
0 0.605 0.095 0.666160559 2
0 0.605 0.105 0.6139170364 2
0 0.605 0.115 0.5577755086 2
0 0.605 0.125 0.4980924406 2
0 0.605 0.135 0.4352467841 2
0 0.605 0.145 0.3696375713 2
0 0.605 0.155 0.3016813815 2
0 0.605 0.165 0.2318096957 2
0 0.605 0.175 0.1604661573 2
0 0.605 0.185 0.08810375488 2
0 0.605 0.195 0.01518194646 2
0 0.605 0.205 -0.05783625823 2
0 0.605 0.215 -0.1304872373 2
0 0.605 0.225 -0.2023097007 2
0 0.605 0.235 -0.2728476187 2
0 0.605 0.245 -0.3416531178 2
0 0.605 0.255 -0.4082893244 2
0 0.605 0.265 -0.4723331384 2
0 0.605 0.275 -0.5333779201 2
0 0.605 0.285 -0.5910360716 2
0 0.605 0.295 -0.6449414983 2
0 0.605 0.305 -0.694751933 2
0 0.605 0.315 -0.7401511093 2
0 0.605 0.325 -0.7808507695 2
0 0.605 0.335 -0.8165924954 2
0 0.605 0.345 -0.8471493483 2
0 0.605 0.355 -0.8723273105 2
0 0.605 0.365 -0.891966517 2
0 0.605 0.375 -0.9059422708 2
0 0.605 0.385 -0.914165834 2
0 0.605 0.395 -0.916584992 2
0 0.605 0.405 0 2
0 0.605 0.415 0 2
0 0.605 0.425 0 2
0 0.605 0.435 0 2
0 0.605 0.445 0 2
0 0.605 0.455 0 2
0 0.605 0.465 0 2
0 0.615 -0.455 0 2
0 0.615 -0.445 0 2
0 0.615 -0.435 0 2
0 0.615 -0.425 0 2
0 0.615 -0.415 0 2
0 0.615 -0.405 0 2
0 0.615 -0.395 -0.9336874667 2
0 0.615 -0.385 -0.9312231699 2
0 0.615 -0.375 -0.9228461639 2
0 0.615 -0.365 -0.9086096379 2
0 0.615 -0.355 -0.8886039852 2
0 0.615 -0.345 -0.8629562297 2
0 0.615 -0.335 -0.8318292194 2
0 0.615 -0.325 -0.7954205919 2
0 0.615 -0.315 -0.7539615205 2
0 0.615 -0.305 -0.7077152452 2
0 0.615 -0.295 -0.6569754022 2
0 0.615 -0.285 -0.6020641591 2
0 0.615 -0.275 -0.5433301695 2
0 0.615 -0.265 -0.4811463588 2
0 0.615 -0.255 -0.4159075572 2
0 0.615 -0.245 -0.3480279918 2
0 0.615 -0.235 -0.2779386572 2
0 0.615 -0.225 -0.2060845787 2
0 0.615 -0.215 -0.1329219866 2
0 0.615 -0.205 -0.05891541963 2
0 0.615 -0.195 0.01546522499 2
0 0.615 -0.185 0.0897476747 2
0 0.615 -0.175 0.1634602805 2
0 0.615 -0.165 0.2361350114 2
0 0.615 -0.155 0.3073104265 2
0 0.615 -0.145 0.3765346046 2
0 0.615 -0.135 0.4433680136 2
0 0.615 -0.125 0.5073863014 2
0 0.615 -0.115 0.5681829903 2
0 0.615 -0.105 0.6253720577 2
0 0.615 -0.095 0.6785903873 2
0 0.615 -0.085 0.7275000747 2
0 0.615 -0.075 0.7717905725 2
0 0.615 -0.065 0.8111806627 2
0 0.615 -0.055 0.8454202418 2
0 0.615 -0.045 0.8742919091 2
0 0.615 -0.035 0.8976123467 2
0 0.615 -0.025 0.9152334838 2
0 0.615 -0.015 0.9270434368 2
0 0.615 -0.005 0.9329672195 2
0 0.615 0.005 0.9329672195 2
0 0.615 0.015 0.9270434368 2
0 0.615 0.025 0.9152334838 2
0 0.615 0.035 0.8976123467 2
0 0.615 0.045 0.8742919091 2
0 0.615 0.055 0.8454202418 2
0 0.615 0.065 0.8111806627 2
0 0.615 0.075 0.7717905725 2
0 0.615 0.085 0.7275000747 2
0 0.615 0.095 0.6785903873 2
0 0.615 0.105 0.6253720577 2
0 0.615 0.115 0.5681829903 2
0 0.615 0.125 0.5073863014 2
0 0.615 0.135 0.4433680136 2
0 0.615 0.145 0.3765346046 2
0 0.615 0.155 0.3073104265 2
0 0.615 0.165 0.2361350114 2
0 0.615 0.175 0.1634602805 2
0 0.615 0.185 0.0897476747 2
0 0.615 0.195 0.01546522499 2
0 0.615 0.205 -0.05891541963 2
0 0.615 0.215 -0.1329219866 2
0 0.615 0.225 -0.2060845787 2
0 0.615 0.235 -0.2779386572 2
0 0.615 0.245 -0.3480279918 2
0 0.615 0.255 -0.4159075572 2
0 0.615 0.265 -0.4811463588 2
0 0.615 0.275 -0.5433301695 2
0 0.615 0.285 -0.6020641591 2
0 0.615 0.295 -0.6569754022 2
0 0.615 0.305 -0.7077152452 2
0 0.615 0.315 -0.7539615205 2
0 0.615 0.325 -0.7954205919 2
0 0.615 0.335 -0.8318292194 2
0 0.615 0.345 -0.8629562297 2
0 0.615 0.355 -0.8886039852 2
0 0.615 0.365 -0.9086096379 2
0 0.615 0.375 -0.9228461639 2
0 0.615 0.385 -0.9312231699 2
0 0.615 0.395 -0.9336874667 2
0 0.615 0.405 0 2
0 0.615 0.415 0 2
0 0.615 0.425 0 2
0 0.615 0.435 0 2
0 0.615 0.445 0 2
0 0.615 0.455 0 2
0 0.615 0.465 0 2
0 0.625 -0.455 0 2
0 0.625 -0.445 0 2
0 0.625 -0.435 0 2
0 0.625 -0.425 0 2
0 0.625 -0.415 0 2
0 0.625 -0.405 0 2
0 0.625 -0.395 -0.9488886944 2
0 0.625 -0.385 -0.9463842767 2
0 0.625 -0.375 -0.937870886 2
0 0.625 -0.365 -0.9234025772 2
0 0.625 -0.355 -0.9030712154 2
0 0.625 -0.345 -0.8770058926 2
0 0.625 -0.335 -0.845372108 2
0 0.625 -0.325 -0.8083707171 2
0 0.625 -0.315 -0.7662366566 2
0 0.625 -0.305 -0.7192374525 2
0 0.625 -0.295 -0.6676715217 2
0 0.625 -0.285 -0.6118662768 2
0 0.625 -0.275 -0.5521760477 2
0 0.625 -0.265 -0.4889798316 2
0 0.625 -0.255 -0.4226788867 2
0 0.625 -0.245 -0.3536941841 2
0 0.625 -0.235 -0.2824637354 2
0 0.625 -0.225 -0.2094398113 2
0 0.625 -0.215 -0.1350860699 2
0 0.625 -0.205 -0.05987461287 2
0 0.625 -0.195 0.01571701204 2
0 0.625 -0.185 0.09120884334 2
0 0.625 -0.175 0.1661215531 2
0 0.625 -0.165 0.2399794906 2
0 0.625 -0.155 0.3123137022 2
0 0.625 -0.145 0.3826649089 2
0 0.625 -0.135 0.4505864228 2
0 0.625 -0.125 0.5156469829 2
0 0.625 -0.115 0.5774334937 2
0 0.625 -0.105 0.6355536478 2
0 0.625 -0.095 0.6896384172 2
0 0.625 -0.085 0.7393443959 2
0 0.625 -0.075 0.7843559808 2
0 0.625 -0.065 0.8243873752 2
0 0.625 -0.055 0.8591844039 2
0 0.625 -0.045 0.8885261265 2
0 0.625 -0.035 0.9122262407 2
0 0.625 -0.025 0.930134265 2
0 0.625 -0.015 0.942136494 2
0 0.625 -0.005 0.948156721 2
0 0.625 0.005 0.948156721 2
0 0.625 0.015 0.942136494 2
0 0.625 0.025 0.930134265 2
0 0.625 0.035 0.9122262407 2
0 0.625 0.045 0.8885261265 2
0 0.625 0.055 0.8591844039 2
0 0.625 0.065 0.8243873752 2
0 0.625 0.075 0.7843559808 2
0 0.625 0.085 0.7393443959 2
0 0.625 0.095 0.6896384172 2
0 0.625 0.105 0.6355536478 2
0 0.625 0.115 0.5774334937 2
0 0.625 0.125 0.5156469829 2
0 0.625 0.135 0.4505864228 2
0 0.625 0.145 0.3826649089 2
0 0.625 0.155 0.3123137022 2
0 0.625 0.165 0.2399794906 2
0 0.625 0.175 0.1661215531 2
0 0.625 0.185 0.09120884334 2
0 0.625 0.195 0.01571701204 2
0 0.625 0.205 -0.05987461287 2
0 0.625 0.215 -0.1350860699 2
0 0.625 0.225 -0.2094398113 2
0 0.625 0.235 -0.2824637354 2
0 0.625 0.245 -0.3536941841 2
0 0.625 0.255 -0.4226788867 2
0 0.625 0.265 -0.4889798316 2
0 0.625 0.275 -0.5521760477 2
0 0.625 0.285 -0.6118662768 2
0 0.625 0.295 -0.6676715217 2
0 0.625 0.305 -0.7192374525 2
0 0.625 0.315 -0.7662366566 2
0 0.625 0.325 -0.8083707171 2
0 0.625 0.335 -0.845372108 2
0 0.625 0.345 -0.8770058926 2
0 0.625 0.355 -0.9030712154 2
0 0.625 0.365 -0.9234025772 2
0 0.625 0.375 -0.937870886 2
0 0.625 0.385 -0.9463842767 2
0 0.625 0.395 -0.9488886944 2
0 0.625 0.405 0 2
0 0.625 0.415 0 2
0 0.625 0.425 0 2
0 0.625 0.435 0 2
0 0.625 0.445 0 2
0 0.625 0.455 0 2
0 0.625 0.465 0 2
0 0.635 -0.455 0 2
0 0.635 -0.445 0 2
0 0.635 -0.435 0 2
0 0.635 -0.425 0 2
0 0.635 -0.415 0 2
0 0.635 -0.405 0 2
0 0.635 -0.395 -0.9621577212 2
0 0.635 -0.385 -0.9596182824 2
0 0.635 -0.375 -0.9509858425 2
0 0.635 -0.365 -0.9363152124 2
0 0.635 -0.355 -0.9156995418 2
0 0.635 -0.345 -0.889269728 2
0 0.635 -0.335 -0.8571935842 2
0 0.635 -0.325 -0.819674775 2
0 0.635 -0.315 -0.7769515221 2
0 0.635 -0.305 -0.7292950927 2
0 0.635 -0.295 -0.6770080765 2
0 0.635 -0.285 -0.6204224647 2
0 0.635 -0.275 -0.5598975421 2
0 0.635 -0.265 -0.4958176057 2
0 0.635 -0.255 -0.4285895246 2
0 0.635 -0.245 -0.3586401568 2
0 0.635 -0.235 -0.286413639 2
0 0.635 -0.225 -0.2123685662 2
0 0.635 -0.215 -0.1369750803 2
0 0.635 -0.205 -0.06071188477 2
0 0.635 -0.195 0.01593679488 2
0 0.635 -0.185 0.09248428543 2
0 0.635 -0.175 0.1684445562 2
0 0.635 -0.165 0.243335305 2
0 0.635 -0.155 0.3166810204 2
0 0.635 -0.145 0.3880160011 2
0 0.635 -0.135 0.4568873128 2
0 0.635 -0.125 0.5228576638 2
0 0.635 -0.115 0.585508182 2
0 0.635 -0.105 0.6444410742 2
0 0.635 -0.095 0.6992821517 2
0 0.635 -0.085 0.7496832066 2
0 0.635 -0.075 0.7953242225 2
0 0.635 -0.065 0.8359154061 2
0 0.635 -0.055 0.8711990279 2
0 0.635 -0.045 0.900951058 2
0 0.635 -0.035 0.9249825887 2
0 0.635 -0.025 0.9431410344 2
0 0.635 -0.015 0.9553110997 2
0 0.635 -0.005 0.9614155121 2
0 0.635 0.005 0.9614155121 2
0 0.635 0.015 0.9553110997 2
0 0.635 0.025 0.9431410344 2
0 0.635 0.035 0.9249825887 2
0 0.635 0.045 0.900951058 2
0 0.635 0.055 0.8711990279 2
0 0.635 0.065 0.8359154061 2
0 0.635 0.075 0.7953242225 2
0 0.635 0.085 0.7496832066 2
0 0.635 0.095 0.6992821517 2
0 0.635 0.105 0.6444410742 2
0 0.635 0.115 0.585508182 2
0 0.635 0.125 0.5228576638 1
0 0.635 0.135 0.4568873128 1
0 0.635 0.145 0.3880160011 1
0 0.635 0.155 0.3166810204 2
0 0.635 0.165 0.243335305 2
0 0.635 0.175 0.1684445562 2
0 0.635 0.185 0.09248428543 2
0 0.635 0.195 0.01593679488 2
0 0.635 0.205 -0.06071188477 2
0 0.635 0.215 -0.1369750803 2
0 0.635 0.225 -0.2123685662 2
0 0.635 0.235 -0.286413639 2
0 0.635 0.245 -0.3586401568 2
0 0.635 0.255 -0.4285895246 2
0 0.635 0.265 -0.4958176057 2
0 0.635 0.275 -0.5598975421 2
0 0.635 0.285 -0.6204224647 2
0 0.635 0.295 -0.6770080765 2
0 0.635 0.305 -0.7292950927 2
0 0.635 0.315 -0.7769515221 2
0 0.635 0.325 -0.819674775 2
0 0.635 0.335 -0.8571935842 2
0 0.635 0.345 -0.889269728 2
0 0.635 0.355 -0.9156995418 2
0 0.635 0.365 -0.9363152124 2
0 0.635 0.375 -0.9509858425 2
0 0.635 0.385 -0.9596182824 2
0 0.635 0.395 -0.9621577212 2
0 0.635 0.405 0 2
0 0.635 0.415 0 2
0 0.635 0.425 0 2
0 0.635 0.435 0 2
0 0.635 0.445 0 2
0 0.635 0.455 0 2
0 0.635 0.465 0 2
0 0.645 -0.455 0 2
0 0.645 -0.445 0 2
0 0.645 -0.435 0 2
0 0.645 -0.425 0 2
0 0.645 -0.415 0 2
0 0.645 -0.405 0 2
0 0.645 -0.395 -0.9734675277 2
0 0.645 -0.385 -0.9708982387 2
0 0.645 -0.375 -0.9621643276 2
0 0.645 -0.365 -0.9473212498 2
0 0.645 -0.355 -0.9264632497 2
0 0.645 -0.345 -0.8997227631 2
0 0.645 -0.335 -0.8672695763 2
0 0.645 -0.325 -0.8293097473 2
0 0.645 -0.315 -0.7860842985 2
0 0.645 -0.305 -0.7378676855 2
0 0.645 -0.295 -0.6849660548 2
0 0.645 -0.285 -0.6277153002 2
0 0.645 -0.275 -0.5664789297 2
0 0.645 -0.265 -0.5016457574 2
0 0.645 -0.255 -0.4336274351 2
0 0.645 -0.245 -0.3628558386 2
0 0.645 -0.235 -0.2897803249 2
0 0.645 -0.225 -0.2148648798 2
0 0.645 -0.215 -0.1385851715 2
0 0.645 -0.205 -0.06142553042 2
0 0.645 -0.195 0.01612412598 2
0 0.645 -0.185 0.09357140384 2
0 0.645 -0.175 0.1704245594 2
0 0.645 -0.165 0.2461956211 2
0 0.645 -0.155 0.3204034881 2
0 0.645 -0.145 0.392576985 2
0 0.645 -0.135 0.4622578534 2
0 0.645 -0.125 0.5290036614 2
0 0.645 -0.115 0.5923906131 2
0 0.645 -0.105 0.6520162395 2
0 0.645 -0.095 0.7075019535 2
0 0.645 -0.085 0.7584954541 2
0 0.645 -0.075 0.8046729631 2
0 0.645 -0.065 0.8457412811 2
0 0.645 -0.055 0.8814396487 2
0 0.645 -0.045 0.9115414028 2
0 0.645 -0.035 0.9358554153 2
0 0.645 -0.025 0.9542273068 2
0 0.645 -0.015 0.9665404267 2
0 0.645 -0.005 0.9727165941 2
0 0.645 0.005 0.9727165941 2
0 0.645 0.015 0.9665404267 2
0 0.645 0.025 0.9542273068 2
0 0.645 0.035 0.9358554153 2
0 0.645 0.045 0.9115414028 2
0 0.645 0.055 0.8814396487 2
0 0.645 0.065 0.8457412811 2
0 0.645 0.075 0.8046729631 2
0 0.645 0.085 0.7584954541 2
0 0.645 0.095 0.7075019535 2
0 0.645 0.105 0.6520162395 1
0 0.645 0.115 0.5923906131 1
0 0.645 0.125 0.5290036614 1
0 0.645 0.135 0.4622578534 1
0 0.645 0.145 0.392576985 1
0 0.645 0.155 0.3204034881 1
0 0.645 0.165 0.2461956211 2
0 0.645 0.175 0.1704245594 2
0 0.645 0.185 0.09357140384 2
0 0.645 0.195 0.01612412598 2
0 0.645 0.205 -0.06142553042 2
0 0.645 0.215 -0.1385851715 2
0 0.645 0.225 -0.2148648798 2
0 0.645 0.235 -0.2897803249 2
0 0.645 0.245 -0.3628558386 2
0 0.645 0.255 -0.4336274351 2
0 0.645 0.265 -0.5016457574 2
0 0.645 0.275 -0.5664789297 2
0 0.645 0.285 -0.6277153002 2
0 0.645 0.295 -0.6849660548 2
0 0.645 0.305 -0.7378676855 2
0 0.645 0.315 -0.7860842985 2
0 0.645 0.325 -0.8293097473 2
0 0.645 0.335 -0.8672695763 2
0 0.645 0.345 -0.8997227631 2
0 0.645 0.355 -0.9264632497 2
0 0.645 0.365 -0.9473212498 2
0 0.645 0.375 -0.9621643276 2
0 0.645 0.385 -0.9708982387 2
0 0.645 0.395 -0.9734675277 2
0 0.645 0.405 0 2
0 0.645 0.415 0 2
0 0.645 0.425 0 2
0 0.645 0.435 0 2
0 0.645 0.445 0 2
0 0.645 0.455 0 2
0 0.645 0.465 0 2
0 0.655 -0.455 0 2
0 0.655 -0.445 0 2
0 0.655 -0.435 0 2
0 0.655 -0.425 0 2
0 0.655 -0.415 0 2
0 0.655 -0.405 0 2
0 0.655 -0.395 -0.9827950839 2
0 0.655 -0.385 -0.9802011765 2
0 0.655 -0.375 -0.971383579 2
0 0.655 -0.365 -0.956398278 2
0 0.655 -0.355 -0.935340421 2
0 0.655 -0.345 -0.9083437129 2
0 0.655 -0.335 -0.8755795666 2
0 0.655 -0.325 -0.8372560147 2
0 0.655 -0.315 -0.793616389 2
0 0.655 -0.305 -0.7449377747 2
0 0.655 -0.295 -0.691529252 2
0 0.655 -0.285 -0.633729933 2
0 0.655 -0.275 -0.5719068088 2
0 0.655 -0.265 -0.506452419 2
0 0.655 -0.255 -0.4377823598 2
0 0.655 -0.245 -0.3663326451 2
0 0.655 -0.235 -0.2925569376 2
0 0.655 -0.225 -0.2169236688 2
0 0.655 -0.215 -0.1399130648 2
0 0.655 -0.205 -0.06201409662 2
0 0.655 -0.195 0.01627862388 2
0 0.655 -0.185 0.09446798488 2
0 0.655 -0.175 0.1720575308 2
0 0.655 -0.165 0.2485546145 2
0 0.655 -0.155 0.3234735253 2
0 0.655 -0.145 0.3963385732 2
0 0.655 -0.135 0.4666871086 2
0 0.655 -0.125 0.5340724605 2
0 0.655 -0.115 0.5980667724 2
0 0.655 -0.105 0.6582637187 2
0 0.655 -0.095 0.7142810849 2
0 0.655 -0.085 0.7657631942 2
0 0.655 -0.075 0.8123831662 2
0 0.655 -0.065 0.8538449919 2
0 0.655 -0.055 0.8898854136 2
0 0.655 -0.045 0.9202755963 2
0 0.655 -0.035 0.9448225804 2
0 0.655 -0.025 0.9633705073 2
0 0.655 -0.015 0.9758016089 2
0 0.655 -0.005 0.982036955 2
0 0.655 0.005 0.982036955 2
0 0.655 0.015 0.9758016089 2
0 0.655 0.025 0.9633705073 2
0 0.655 0.035 0.9448225804 2
0 0.655 0.045 0.9202755963 2
0 0.655 0.055 0.8898854136 2
0 0.655 0.065 0.8538449919 2
0 0.655 0.075 0.8123831662 2
0 0.655 0.085 0.7657631942 2
0 0.655 0.095 0.7142810849 1
0 0.655 0.105 0.6582637187 1
0 0.655 0.115 0.5980667724 1
0 0.655 0.125 0.5340724605 1
0 0.655 0.135 0.4666871086 1
0 0.655 0.145 0.3963385732 1
0 0.655 0.155 0.3234735253 1
0 0.655 0.165 0.2485546145 2
0 0.655 0.175 0.1720575308 2
0 0.655 0.185 0.09446798488 2
0 0.655 0.195 0.01627862388 2
0 0.655 0.205 -0.06201409662 2
0 0.655 0.215 -0.1399130648 2
0 0.655 0.225 -0.2169236688 2
0 0.655 0.235 -0.2925569376 2
0 0.655 0.245 -0.3663326451 2
0 0.655 0.255 -0.4377823598 2
0 0.655 0.265 -0.506452419 2
0 0.655 0.275 -0.5719068088 2
0 0.655 0.285 -0.633729933 2
0 0.655 0.295 -0.691529252 2
0 0.655 0.305 -0.7449377747 2
0 0.655 0.315 -0.793616389 2
0 0.655 0.325 -0.8372560147 2
0 0.655 0.335 -0.8755795666 2
0 0.655 0.345 -0.9083437129 2
0 0.655 0.355 -0.935340421 2
0 0.655 0.365 -0.956398278 2
0 0.655 0.375 -0.971383579 2
0 0.655 0.385 -0.9802011765 2
0 0.655 0.395 -0.9827950839 2
0 0.655 0.405 0 2
0 0.655 0.415 0 2
0 0.655 0.425 0 2
0 0.655 0.435 0 2
0 0.655 0.445 0 2
0 0.655 0.455 0 2
0 0.655 0.465 0 2
0 0.665 -0.455 0 2
0 0.665 -0.445 0 2
0 0.665 -0.435 0 2
0 0.665 -0.425 0 2
0 0.665 -0.415 0 2
0 0.665 -0.405 0 2
0 0.665 -0.395 -0.9901213964 2
0 0.665 -0.385 -0.9875081525 2
0 0.665 -0.375 -0.9786248236 2
0 0.665 -0.365 -0.9635278136 2
0 0.665 -0.355 -0.9423129794 2
0 0.665 -0.345 -0.9151150226 2
0 0.665 -0.335 -0.8821066337 2
0 0.665 -0.325 -0.8434973964 2
0 0.665 -0.315 -0.799532456 2
0 0.665 -0.305 -0.7504909638 2
0 0.665 -0.295 -0.6966843037 2
0 0.665 -0.285 -0.6384541157 2
0 0.665 -0.275 -0.5761701268 2
0 0.665 -0.265 -0.5102278028 2
0 0.665 -0.255 -0.4410458381 2
0 0.665 -0.245 -0.3690634966 2
0 0.665 -0.235 -0.2947378231 2
0 0.665 -0.225 -0.218540741 2
0 0.665 -0.215 -0.1409560562 2
0 0.665 -0.205 -0.0624763849 2
0 0.665 -0.195 0.01639997399 2
0 0.665 -0.185 0.09517220287 2
0 0.665 -0.175 0.1733401453 2
0 0.665 -0.165 0.2504074817 2
0 0.665 -0.155 0.3258848806 2
0 0.665 -0.145 0.3992931059 2
0 0.665 -0.135 0.4701660592 2
0 0.665 -0.125 0.5380537398 2
0 0.665 -0.115 0.6025251016 2
0 0.665 -0.105 0.6631707901 2
0 0.665 -0.095 0.7196057415 2
0 0.665 -0.085 0.7714716278 2
0 0.665 -0.075 0.8184391315 2
0 0.665 -0.065 0.8602100372 2
0 0.665 -0.055 0.8965191247 2
0 0.665 -0.045 0.927135853 2
0 0.665 -0.035 0.9518658242 2
0 0.665 -0.025 0.970552018 2
0 0.665 -0.015 0.983075788 2
0 0.665 -0.005 0.989357616 2
0 0.665 0.005 0.989357616 2
0 0.665 0.015 0.983075788 2
0 0.665 0.025 0.970552018 2
0 0.665 0.035 0.9518658242 2
0 0.665 0.045 0.927135853 2
0 0.665 0.055 0.8965191247 2
0 0.665 0.065 0.8602100372 2
0 0.665 0.075 0.8184391315 2
0 0.665 0.085 0.7714716278 1
0 0.665 0.095 0.7196057415 1
0 0.665 0.105 0.6631707901 1
0 0.665 0.115 0.6025251016 1
0 0.665 0.125 0.5380537398 1
0 0.665 0.135 0.4701660592 1
0 0.665 0.145 0.3992931059 1
0 0.665 0.155 0.3258848806 1
0 0.665 0.165 0.2504074817 2
0 0.665 0.175 0.1733401453 2
0 0.665 0.185 0.09517220287 2
0 0.665 0.195 0.01639997399 2
0 0.665 0.205 -0.0624763849 2
0 0.665 0.215 -0.1409560562 2
0 0.665 0.225 -0.218540741 2
0 0.665 0.235 -0.2947378231 2
0 0.665 0.245 -0.3690634966 2
0 0.665 0.255 -0.4410458381 2
0 0.665 0.265 -0.5102278028 2
0 0.665 0.275 -0.5761701268 2
0 0.665 0.285 -0.6384541157 2
0 0.665 0.295 -0.6966843037 2
0 0.665 0.305 -0.7504909638 2
0 0.665 0.315 -0.799532456 2
0 0.665 0.325 -0.8434973964 2
0 0.665 0.335 -0.8821066337 2
0 0.665 0.345 -0.9151150226 2
0 0.665 0.355 -0.9423129794 2
0 0.665 0.365 -0.9635278136 2
0 0.665 0.375 -0.9786248236 2
0 0.665 0.385 -0.9875081525 2
0 0.665 0.395 -0.9901213964 2
0 0.665 0.405 0 2
0 0.665 0.415 0 2
0 0.665 0.425 0 2
0 0.665 0.435 0 2
0 0.665 0.445 0 2
0 0.665 0.455 0 2
0 0.665 0.465 0 2
0 0.675 -0.455 0 2
0 0.675 -0.445 0 2
0 0.675 -0.435 0 2
0 0.675 -0.425 0 2
0 0.675 -0.415 0 2
0 0.675 -0.405 0 2
0 0.675 -0.395 -0.9954315467 2
0 0.675 -0.385 -0.9928042876 2
0 0.675 -0.375 -0.9838733163 2
0 0.675 -0.365 -0.9686953391 2
0 0.675 -0.355 -0.947366727 2
0 0.675 -0.345 -0.9200229039 2
0 0.675 -0.335 -0.8868374867 2
0 0.675 -0.325 -0.848021183 2
0 0.675 -0.315 -0.803820453 2
0 0.675 -0.305 -0.7545159448 2
0 0.675 -0.295 -0.7004207125 2
0 0.675 -0.285 -0.6418782285 2
0 0.675 -0.275 -0.5792602024 2
0 0.675 -0.265 -0.5129642211 2
0 0.675 -0.255 -0.4434112245 2
0 0.675 -0.245 -0.3710428323 2
0 0.675 -0.235 -0.2963185405 2
0 0.675 -0.225 -0.2197128035 2
0 0.675 -0.215 -0.1417120219 2
0 0.675 -0.205 -0.06281145391 2
0 0.675 -0.195 0.01648792919 2
0 0.675 -0.185 0.09568262381 2
0 0.675 -0.175 0.1742697911 2
0 0.675 -0.165 0.2517504497 2
0 0.675 -0.155 0.3276326438 2
0 0.675 -0.145 0.4014345669 2
0 0.675 -0.135 0.4726876212 2
0 0.675 -0.125 0.5409393923 2
0 0.675 -0.115 0.6057565224 2
0 0.675 -0.105 0.6667274616 2
0 0.675 -0.095 0.7234650811 2
0 0.675 -0.085 0.7756091308 2
0 0.675 -0.075 0.8228285274 2
0 0.675 -0.065 0.8648234559 2
0 0.675 -0.055 0.9013272738 2
0 0.675 -0.045 0.9321082036 2
0 0.675 -0.035 0.9569708049 2
0 0.675 -0.025 0.9757572151 2
0 0.675 -0.015 0.9883481518 2
0 0.675 -0.005 0.99466367 2
0 0.675 0.005 0.99466367 2
0 0.675 0.015 0.9883481518 2
0 0.675 0.025 0.9757572151 2
0 0.675 0.035 0.9569708049 2
0 0.675 0.045 0.9321082036 2
0 0.675 0.055 0.9013272738 2
0 0.675 0.065 0.8648234559 2
0 0.675 0.075 0.8228285274 2
0 0.675 0.085 0.7756091308 1
0 0.675 0.095 0.7234650811 1
0 0.675 0.105 0.6667274616 1
0 0.675 0.115 0.6057565224 1
0 0.675 0.125 0.5409393923 1
0 0.675 0.135 0.4726876212 1
0 0.675 0.145 0.4014345669 1
0 0.675 0.155 0.3276326438 1
0 0.675 0.165 0.2517504497 2
0 0.675 0.175 0.1742697911 2
0 0.675 0.185 0.09568262381 2
0 0.675 0.195 0.01648792919 2
0 0.675 0.205 -0.06281145391 2
0 0.675 0.215 -0.1417120219 2
0 0.675 0.225 -0.2197128035 2
0 0.675 0.235 -0.2963185405 2
0 0.675 0.245 -0.3710428323 2
0 0.675 0.255 -0.4434112245 2
0 0.675 0.265 -0.5129642211 2
0 0.675 0.275 -0.5792602024 2
0 0.675 0.285 -0.6418782285 2
0 0.675 0.295 -0.7004207125 2
0 0.675 0.305 -0.7545159448 2
0 0.675 0.315 -0.803820453 2
0 0.675 0.325 -0.848021183 2
0 0.675 0.335 -0.8868374867 2
0 0.675 0.345 -0.9200229039 2
0 0.675 0.355 -0.947366727 2
0 0.675 0.365 -0.9686953391 2
0 0.675 0.375 -0.9838733163 2
0 0.675 0.385 -0.9928042876 2
0 0.675 0.395 -0.9954315467 2
0 0.675 0.405 0 2
0 0.675 0.415 0 2
0 0.675 0.425 0 2
0 0.675 0.435 0 2
0 0.675 0.445 0 2
0 0.675 0.455 0 2
0 0.675 0.465 0 2
0 0.685 -0.455 0 2
0 0.685 -0.445 0 2
0 0.685 -0.435 0 2
0 0.685 -0.425 0 2
0 0.685 -0.415 0 2
0 0.685 -0.405 0 2
0 0.685 -0.395 -0.9987147219 2
0 0.685 -0.385 -0.9960787975 2
0 0.685 -0.375 -0.9871183697 2
0 0.685 -0.365 -0.9718903318 2
0 0.685 -0.355 -0.9504913727 2
0 0.685 -0.345 -0.9230573631 2
0 0.685 -0.335 -0.8897624923 2
0 0.685 -0.325 -0.850818163 2
0 0.685 -0.315 -0.8064716482 2
0 0.685 -0.305 -0.7570045218 2
0 0.685 -0.295 -0.7027308703 2
0 0.685 -0.285 -0.6439952989 2
0 0.685 -0.275 -0.5811707433 2
0 0.685 -0.265 -0.5146561018 2
0 0.685 -0.255 -0.4448737025 2
0 0.685 -0.245 -0.3722666217 2
0 0.685 -0.235 -0.2972958711 2
0 0.685 -0.225 -0.2204374697 2
0 0.685 -0.215 -0.1421794226 2
0 0.685 -0.205 -0.06301862135 2
0 0.685 -0.195 0.01654231039 2
0 0.685 -0.185 0.09599820837 2
0 0.685 -0.175 0.1748445753 2
0 0.685 -0.165 0.2525807839 2
0 0.685 -0.155 0.3287132559 2
0 0.685 -0.145 0.4027585957 2
0 0.685 -0.135 0.4742466598 2
0 0.685 -0.125 0.5427235419 2
0 0.685 -0.115 0.6077544547 2
0 0.685 -0.105 0.6689264909 2
0 0.685 -0.095 0.7258512448 2
0 0.685 -0.085 0.7781672783 2
0 0.685 -0.075 0.8255424159 2
0 0.685 -0.065 0.8676758539 2
0 0.685 -0.055 0.9043000702 2
0 0.685 -0.045 0.935182523 2
0 0.685 -0.035 0.9601271273 2
0 0.685 -0.025 0.9789754996 2
0 0.685 -0.015 0.9916079643 2
0 0.685 -0.005 0.9979443126 2
0 0.685 0.005 0.9979443126 2
0 0.685 0.015 0.9916079643 2
0 0.685 0.025 0.9789754996 2
0 0.685 0.035 0.9601271273 2
0 0.685 0.045 0.935182523 2
0 0.685 0.055 0.9043000702 2
0 0.685 0.065 0.8676758539 2
0 0.685 0.075 0.8255424159 1
0 0.685 0.085 0.7781672783 1
0 0.685 0.095 0.7258512448 1
0 0.685 0.105 0.6689264909 1
0 0.685 0.115 0.6077544547 1
0 0.685 0.125 0.5427235419 1
0 0.685 0.135 0.4742466598 1
0 0.685 0.145 0.4027585957 1
0 0.685 0.155 0.3287132559 1
0 0.685 0.165 0.2525807839 2
0 0.685 0.175 0.1748445753 2
0 0.685 0.185 0.09599820837 2
0 0.685 0.195 0.01654231039 2
0 0.685 0.205 -0.06301862135 2
0 0.685 0.215 -0.1421794226 2
0 0.685 0.225 -0.2204374697 2
0 0.685 0.235 -0.2972958711 2
0 0.685 0.245 -0.3722666217 2
0 0.685 0.255 -0.4448737025 2
0 0.685 0.265 -0.5146561018 2
0 0.685 0.275 -0.5811707433 2
0 0.685 0.285 -0.6439952989 2
0 0.685 0.295 -0.7027308703 2
0 0.685 0.305 -0.7570045218 2
0 0.685 0.315 -0.8064716482 2
0 0.685 0.325 -0.850818163 2
0 0.685 0.335 -0.8897624923 2
0 0.685 0.345 -0.9230573631 2
0 0.685 0.355 -0.9504913727 2
0 0.685 0.365 -0.9718903318 2
0 0.685 0.375 -0.9871183697 2
0 0.685 0.385 -0.9960787975 2
0 0.685 0.395 -0.9987147219 2
0 0.685 0.405 0 2
0 0.685 0.415 0 2
0 0.685 0.425 0 2
0 0.685 0.435 0 2
0 0.685 0.445 0 2
0 0.685 0.455 0 2
0 0.685 0.465 0 2
0 0.695 -0.455 0 2
0 0.695 -0.445 0 2
0 0.695 -0.435 0 2
0 0.695 -0.425 0 2
0 0.695 -0.415 0 2
0 0.695 -0.405 0 2
0 0.695 -0.395 -0.9999642365 2
0 0.695 -0.385 -0.9973250143 2
0 0.695 -0.375 -0.9883533759 2
0 0.695 -0.365 -0.9731062858 2
0 0.695 -0.355 -0.9516805541 2
0 0.695 -0.345 -0.9242122211 2
0 0.695 -0.335 -0.8908756944 2
0 0.695 -0.325 -0.8518826409 2
0 0.695 -0.315 -0.8074806432 2
0 0.695 -0.305 -0.7579516273 2
0 0.695 -0.295 -0.7036100728 2
0 0.695 -0.285 -0.6448010161 2
0 0.695 -0.275 -0.5818978592 2
0 0.695 -0.265 -0.5152999997 2
0 0.695 -0.255 -0.4454302941 2
0 0.695 -0.245 -0.372732373 2
0 0.695 -0.235 -0.2976678247 2
0 0.695 -0.225 -0.2207132641 2
0 0.695 -0.215 -0.1423573065 2
0 0.695 -0.205 -0.06309746538 2
0 0.695 -0.195 0.01656300685 2
0 0.695 -0.185 0.0961183139 2
0 0.695 -0.175 0.1750633273 2
0 0.695 -0.165 0.2528967934 2
0 0.695 -0.155 0.3291245165 2
0 0.695 -0.145 0.4032624961 2
0 0.695 -0.135 0.4748400006 2
0 0.695 -0.125 0.5434025556 2
0 0.695 -0.115 0.6085148301 2
0 0.695 -0.105 0.6697634 2
0 0.695 -0.095 0.7267593737 2
0 0.695 -0.085 0.779140861 2
0 0.695 -0.075 0.8265752707 2
0 0.695 -0.065 0.8687614228 2
0 0.695 -0.055 0.9054314605 2
0 0.695 -0.045 0.9363525511 2
0 0.695 -0.035 0.9613283641 2
0 0.695 -0.025 0.9802003181 2
0 0.695 -0.015 0.9928485875 2
0 0.695 -0.005 0.9991928634 2
0 0.695 0.005 0.9991928634 2
0 0.695 0.015 0.9928485875 2
0 0.695 0.025 0.9802003181 2
0 0.695 0.035 0.9613283641 2
0 0.695 0.045 0.9363525511 2
0 0.695 0.055 0.9054314605 2
0 0.695 0.065 0.8687614228 2
0 0.695 0.075 0.8265752707 1
0 0.695 0.085 0.779140861 1
0 0.695 0.095 0.7267593737 1
0 0.695 0.105 0.6697634 1
0 0.695 0.115 0.6085148301 1
0 0.695 0.125 0.5434025556 1
0 0.695 0.135 0.4748400006 1
0 0.695 0.145 0.4032624961 1
0 0.695 0.155 0.3291245165 2
0 0.695 0.165 0.2528967934 2
0 0.695 0.175 0.1750633273 2
0 0.695 0.185 0.0961183139 2
0 0.695 0.195 0.01656300685 2
0 0.695 0.205 -0.06309746538 2
0 0.695 0.215 -0.1423573065 2
0 0.695 0.225 -0.2207132641 2
0 0.695 0.235 -0.2976678247 2
0 0.695 0.245 -0.372732373 2
0 0.695 0.255 -0.4454302941 2
0 0.695 0.265 -0.5152999997 2
0 0.695 0.275 -0.5818978592 2
0 0.695 0.285 -0.6448010161 2
0 0.695 0.295 -0.7036100728 2
0 0.695 0.305 -0.7579516273 2
0 0.695 0.315 -0.8074806432 2
0 0.695 0.325 -0.8518826409 2
0 0.695 0.335 -0.8908756944 2
0 0.695 0.345 -0.9242122211 2
0 0.695 0.355 -0.9516805541 2
0 0.695 0.365 -0.9731062858 2
0 0.695 0.375 -0.9883533759 2
0 0.695 0.385 -0.9973250143 2
0 0.695 0.395 -0.9999642365 2
0 0.695 0.405 0 2
0 0.695 0.415 0 2
0 0.695 0.425 0 2
0 0.695 0.435 0 2
0 0.695 0.445 0 2
0 0.695 0.455 0 2
0 0.695 0.465 0 2
0 0.705 -0.455 0 2
0 0.705 -0.445 0 2
0 0.705 -0.435 0 2
0 0.705 -0.425 0 2
0 0.705 -0.415 0 2
0 0.705 -0.405 0 2
0 0.705 -0.395 -0.9991775463 2
0 0.705 -0.385 -0.9965404004 2
0 0.705 -0.375 -0.9875758201 2
0 0.705 -0.365 -0.9723407252 2
0 0.705 -0.355 -0.9509318495 2
0 0.705 -0.345 -0.9234851263 2
0 0.705 -0.335 -0.8901748261 2
0 0.705 -0.325 -0.8512124492 2
0 0.705 -0.315 -0.8068453833 2
0 0.705 -0.305 -0.7573553328 2
0 0.705 -0.295 -0.7030565299 2
0 0.705 -0.285 -0.6442937392 2
0 0.705 -0.275 -0.5814400695 2
0 0.705 -0.265 -0.5148946038 2
0 0.705 -0.255 -0.4450798659 2
0 0.705 -0.245 -0.3724391376 2
0 0.705 -0.235 -0.2974336439 2
0 0.705 -0.225 -0.2205396249 2
0 0.705 -0.215 -0.1422453114 2
0 0.705 -0.205 -0.06304782545 2
0 0.705 -0.195 0.01654997642 2
0 0.705 -0.185 0.09604269586 2
0 0.705 -0.175 0.1749256017 2
0 0.705 -0.165 0.2526978349 2
0 0.705 -0.155 0.3288655882 2
0 0.705 -0.145 0.4029452421 2
0 0.705 -0.135 0.4744664352 2
0 0.705 -0.125 0.5429750508 2
0 0.705 -0.115 0.6080361002 2
0 0.705 -0.105 0.6692364848 2
0 0.705 -0.095 0.7261876188 2
0 0.705 -0.085 0.7785278966 2
0 0.705 -0.075 0.8259249888 2
0 0.705 -0.065 0.8680779522 2
0 0.705 -0.055 0.904719141 2
0 0.705 -0.045 0.9356159053 2
0 0.705 -0.035 0.9605720694 2
0 0.705 -0.025 0.9794291765 2
0 0.705 -0.015 0.9920674953 2
0 0.705 -0.005 0.99840678 2
0 0.705 0.005 0.99840678 2
0 0.705 0.015 0.9920674953 2
0 0.705 0.025 0.9794291765 2
0 0.705 0.035 0.9605720694 2
0 0.705 0.045 0.9356159053 2
0 0.705 0.055 0.904719141 2
0 0.705 0.065 0.8680779522 2
0 0.705 0.075 0.8259249888 1
0 0.705 0.085 0.7785278966 1
0 0.705 0.095 0.7261876188 1
0 0.705 0.105 0.6692364848 1
0 0.705 0.115 0.6080361002 1
0 0.705 0.125 0.5429750508 1
0 0.705 0.135 0.4744664352 1
0 0.705 0.145 0.4029452421 1
0 0.705 0.155 0.3288655882 2
0 0.705 0.165 0.2526978349 2
0 0.705 0.175 0.1749256017 2
0 0.705 0.185 0.09604269586 2
0 0.705 0.195 0.01654997642 2
0 0.705 0.205 -0.06304782545 2
0 0.705 0.215 -0.1422453114 2
0 0.705 0.225 -0.2205396249 2
0 0.705 0.235 -0.2974336439 2
0 0.705 0.245 -0.3724391376 2
0 0.705 0.255 -0.4450798659 2
0 0.705 0.265 -0.5148946038 2
0 0.705 0.275 -0.5814400695 2
0 0.705 0.285 -0.6442937392 2
0 0.705 0.295 -0.7030565299 2
0 0.705 0.305 -0.7573553328 2
0 0.705 0.315 -0.8068453833 2
0 0.705 0.325 -0.8512124492 2
0 0.705 0.335 -0.8901748261 2
0 0.705 0.345 -0.9234851263 2
0 0.705 0.355 -0.9509318495 2
0 0.705 0.365 -0.9723407252 2
0 0.705 0.375 -0.9875758201 2
0 0.705 0.385 -0.9965404004 2
0 0.705 0.395 -0.9991775463 2
0 0.705 0.405 0 2
0 0.705 0.415 0 2
0 0.705 0.425 0 2
0 0.705 0.435 0 2
0 0.705 0.445 0 2
0 0.705 0.455 0 2
0 0.705 0.465 0 2
0 0.715 -0.455 0 2
0 0.715 -0.445 0 2
0 0.715 -0.435 0 2
0 0.715 -0.425 0 2
0 0.715 -0.415 0 2
0 0.715 -0.405 0 2
0 0.715 -0.395 -0.9963562531 2
0 0.715 -0.385 -0.9937265534 2
0 0.715 -0.375 -0.9847872857 2
0 0.715 -0.365 -0.9695952089 2
0 0.715 -0.355 -0.9482467835 2
0 0.715 -0.345 -0.9208775594 2
0 0.715 -0.335 -0.8876613146 2
0 0.715 -0.325 -0.8488089525 2
0 0.715 -0.315 -0.8045671622 2
0 0.715 -0.305 -0.7552168526 2
0 0.715 -0.295 -0.7010713685 2
0 0.715 -0.285 -0.6424745014 2
0 0.715 -0.275 -0.5797983063 2
0 0.715 -0.265 -0.5134407394 2
0 0.715 -0.255 -0.4438231314 2
0 0.715 -0.245 -0.3713875126 2
0 0.715 -0.235 -0.2965938057 2
0 0.715 -0.225 -0.2199169058 2
0 0.715 -0.215 -0.1418436653 2
0 0.715 -0.205 -0.06286980263 2
0 0.715 -0.195 0.01650324565 2
0 0.715 -0.185 0.09577150821 2
0 0.715 -0.175 0.1744316791 2
0 0.715 -0.165 0.2519843133 2
0 0.715 -0.155 0.3279369982 2
0 0.715 -0.145 0.4018074797 2
0 0.715 -0.135 0.4731267244 2
0 0.715 -0.125 0.541441898 2
0 0.715 -0.115 0.6063192401 2
0 0.715 -0.105 0.6673468183 2
0 0.715 -0.095 0.7241371441 2
0 0.715 -0.085 0.7763296331 2
0 0.715 -0.075 0.8235928941 2
0 0.715 -0.065 0.8656268339 2
0 0.715 -0.055 0.9021645619 2
0 0.715 -0.045 0.9329740857 2
0 0.715 -0.035 0.9578597832 2
0 0.715 -0.025 0.9766636451 2
0 0.715 -0.015 0.9892662781 2
0 0.715 -0.005 0.9955876631 2
0 0.715 0.005 0.9955876631 2
0 0.715 0.015 0.9892662781 2
0 0.715 0.025 0.9766636451 2
0 0.715 0.035 0.9578597832 2
0 0.715 0.045 0.9329740857 2
0 0.715 0.055 0.9021645619 2
0 0.715 0.065 0.8656268339 2
0 0.715 0.075 0.8235928941 1
0 0.715 0.085 0.7763296331 1
0 0.715 0.095 0.7241371441 1
0 0.715 0.105 0.6673468183 1
0 0.715 0.115 0.6063192401 1
0 0.715 0.125 0.541441898 1
0 0.715 0.135 0.4731267244 1
0 0.715 0.145 0.4018074797 2
0 0.715 0.155 0.3279369982 2
0 0.715 0.165 0.2519843133 2
0 0.715 0.175 0.1744316791 2
0 0.715 0.185 0.09577150821 2
0 0.715 0.195 0.01650324565 2
0 0.715 0.205 -0.06286980263 2
0 0.715 0.215 -0.1418436653 2
0 0.715 0.225 -0.2199169058 2
0 0.715 0.235 -0.2965938057 2
0 0.715 0.245 -0.3713875126 2
0 0.715 0.255 -0.4438231314 2
0 0.715 0.265 -0.5134407394 2
0 0.715 0.275 -0.5797983063 2
0 0.715 0.285 -0.6424745014 2
0 0.715 0.295 -0.7010713685 2
0 0.715 0.305 -0.7552168526 2
0 0.715 0.315 -0.8045671622 2
0 0.715 0.325 -0.8488089525 2
0 0.715 0.335 -0.8876613146 2
0 0.715 0.345 -0.9208775594 2
0 0.715 0.355 -0.9482467835 2
0 0.715 0.365 -0.9695952089 2
0 0.715 0.375 -0.9847872857 2
0 0.715 0.385 -0.9937265534 2
0 0.715 0.395 -0.9963562531 2
0 0.715 0.405 0 2
0 0.715 0.415 0 2
0 0.715 0.425 0 2
0 0.715 0.435 0 2
0 0.715 0.445 0 2
0 0.715 0.455 0 2
0 0.715 0.465 0 2
0 0.725 -0.455 0 2
0 0.725 -0.445 0 2
0 0.725 -0.435 0 2
0 0.725 -0.425 0 2
0 0.725 -0.415 0 2
0 0.725 -0.405 0 2
0 0.725 -0.395 -0.9915061018 2
0 0.725 -0.385 -0.9888892032 2
0 0.725 -0.375 -0.9799934508 2
0 0.725 -0.365 -0.9648753273 2
0 0.725 -0.355 -0.9436308238 2
0 0.725 -0.345 -0.91639483 2
0 0.725 -0.335 -0.8833402782 2
0 0.725 -0.325 -0.844677045 2
0 0.725 -0.315 -0.8006506188 2
0 0.725 -0.305 -0.751540541 2
0 0.725 -0.295 -0.6976586312 2
0 0.725 -0.285 -0.6393470071 2
0 0.725 -0.275 -0.5769759127 2
0 0.725 -0.265 -0.510941367 2
0 0.725 -0.255 -0.4416626499 2
0 0.725 -0.245 -0.3695796396 2
0 0.725 -0.235 -0.29515002 2
0 0.725 -0.225 -0.2188463748 2
0 0.725 -0.215 -0.1411531862 2
0 0.725 -0.205 -0.06256375943 2
0 0.725 -0.195 0.01642290969 2
0 0.725 -0.185 0.09530530317 2
0 0.725 -0.175 0.1735825651 2
0 0.725 -0.165 0.2507576818 2
0 0.725 -0.155 0.3263406374 2
0 0.725 -0.145 0.3998515256 2
0 0.725 -0.135 0.4708235962 2
0 0.725 -0.125 0.5388062192 2
0 0.725 -0.115 0.6033677455 2
0 0.725 -0.105 0.6640982483 2
0 0.725 -0.095 0.7206121252 2
0 0.725 -0.085 0.7725505469 2
0 0.725 -0.075 0.8195837356 2
0 0.725 -0.065 0.8614130588 2
0 0.725 -0.055 0.8977729253 2
0 0.725 -0.045 0.9284324718 2
0 0.725 -0.035 0.9531970284 2
0 0.725 -0.025 0.9719093552 2
0 0.725 -0.015 0.98445064 2
0 0.725 -0.005 0.9907412532 2
0 0.725 0.005 0.9907412532 2
0 0.725 0.015 0.98445064 2
0 0.725 0.025 0.9719093552 2
0 0.725 0.035 0.9531970284 2
0 0.725 0.045 0.9284324718 2
0 0.725 0.055 0.8977729253 2
0 0.725 0.065 0.8614130588 2
0 0.725 0.075 0.8195837356 1
0 0.725 0.085 0.7725505469 1
0 0.725 0.095 0.7206121252 1
0 0.725 0.105 0.6640982483 1
0 0.725 0.115 0.6033677455 1
0 0.725 0.125 0.5388062192 1
0 0.725 0.135 0.4708235962 2
0 0.725 0.145 0.3998515256 2
0 0.725 0.155 0.3263406374 2
0 0.725 0.165 0.2507576818 2
0 0.725 0.175 0.1735825651 2
0 0.725 0.185 0.09530530317 2
0 0.725 0.195 0.01642290969 2
0 0.725 0.205 -0.06256375943 2
0 0.725 0.215 -0.1411531862 2
0 0.725 0.225 -0.2188463748 2
0 0.725 0.235 -0.29515002 2
0 0.725 0.245 -0.3695796396 2
0 0.725 0.255 -0.4416626499 2
0 0.725 0.265 -0.510941367 2
0 0.725 0.275 -0.5769759127 2
0 0.725 0.285 -0.6393470071 2
0 0.725 0.295 -0.6976586312 2
0 0.725 0.305 -0.751540541 2
0 0.725 0.315 -0.8006506188 2
0 0.725 0.325 -0.844677045 2
0 0.725 0.335 -0.8833402782 2
0 0.725 0.345 -0.91639483 2
0 0.725 0.355 -0.9436308238 2
0 0.725 0.365 -0.9648753273 2
0 0.725 0.375 -0.9799934508 2
0 0.725 0.385 -0.9888892032 2
0 0.725 0.395 -0.9915061018 2
0 0.725 0.405 0 2
0 0.725 0.415 0 2
0 0.725 0.425 0 2
0 0.725 0.435 0 2
0 0.725 0.445 0 2
0 0.725 0.455 0 2
0 0.725 0.465 0 2
0 0.735 -0.455 0 2
0 0.735 -0.445 0 2
0 0.735 -0.435 0 2
0 0.735 -0.425 0 2
0 0.735 -0.415 0 2
0 0.735 -0.405 0 2
0 0.735 -0.395 -0.9846369687 2
0 0.735 -0.385 -0.9820381999 2
0 0.735 -0.375 -0.9732040771 2
0 0.735 -0.365 -0.9581906917 2
0 0.735 -0.355 -0.9370933696 2
0 0.735 -0.345 -0.9100460662 2
0 0.735 -0.335 -0.8772205156 2
0 0.735 -0.325 -0.8388251405 2
0 0.735 -0.315 -0.7951037284 2
0 0.735 -0.305 -0.7463338842 2
0 0.735 -0.295 -0.6928252671 2
0 0.735 -0.285 -0.6349176247 2
0 0.735 -0.275 -0.5729786359 2
0 0.735 -0.265 -0.5074015761 2
0 0.735 -0.255 -0.4386028205 2
0 0.735 -0.245 -0.3670191997 2
0 0.735 -0.235 -0.293105227 2
0 0.735 -0.225 -0.2173302118 2
0 0.735 -0.215 -0.1401752799 2
0 0.735 -0.205 -0.06213031904 2
0 0.735 -0.195 0.01630913212 2
0 0.735 -0.185 0.09464503007 2
0 0.735 -0.175 0.1723799888 2
0 0.735 -0.165 0.2490204379 2
0 0.735 -0.155 0.3240797565 2
0 0.735 -0.145 0.3970813628 2
0 0.735 -0.135 0.4675617404 2
0 0.735 -0.125 0.5350733812 2
0 0.735 -0.115 0.5991876267 2
0 0.735 -0.105 0.6594973898 2
0 0.735 -0.095 0.7156197398 2
0 0.735 -0.085 0.7671983332 2
0 0.735 -0.075 0.813905677 2
0 0.735 -0.065 0.8554452076 2
0 0.735 -0.055 0.8915531737 2
0 0.735 -0.045 0.9220003114 2
0 0.735 -0.035 0.9465932998 2
0 0.735 -0.025 0.9651759879 2
0 0.735 -0.015 0.977630387 2
0 0.735 -0.005 0.983877419 2
0 0.735 0.005 0.983877419 2
0 0.735 0.015 0.977630387 2
0 0.735 0.025 0.9651759879 2
0 0.735 0.035 0.9465932998 2
0 0.735 0.045 0.9220003114 2
0 0.735 0.055 0.8915531737 2
0 0.735 0.065 0.8554452076 2
0 0.735 0.075 0.813905677 2
0 0.735 0.085 0.7671983332 1
0 0.735 0.095 0.7156197398 1
0 0.735 0.105 0.6594973898 1
0 0.735 0.115 0.5991876267 2
0 0.735 0.125 0.5350733812 2
0 0.735 0.135 0.4675617404 2
0 0.735 0.145 0.3970813628 2
0 0.735 0.155 0.3240797565 2
0 0.735 0.165 0.2490204379 2
0 0.735 0.175 0.1723799888 2
0 0.735 0.185 0.09464503007 2
0 0.735 0.195 0.01630913212 2
0 0.735 0.205 -0.06213031904 2
0 0.735 0.215 -0.1401752799 2
0 0.735 0.225 -0.2173302118 2
0 0.735 0.235 -0.293105227 2
0 0.735 0.245 -0.3670191997 2
0 0.735 0.255 -0.4386028205 2
0 0.735 0.265 -0.5074015761 2
0 0.735 0.275 -0.5729786359 2
0 0.735 0.285 -0.6349176247 2
0 0.735 0.295 -0.6928252671 2
0 0.735 0.305 -0.7463338842 2
0 0.735 0.315 -0.7951037284 2
0 0.735 0.325 -0.8388251405 2
0 0.735 0.335 -0.8772205156 2
0 0.735 0.345 -0.9100460662 2
0 0.735 0.355 -0.9370933696 2
0 0.735 0.365 -0.9581906917 2
0 0.735 0.375 -0.9732040771 2
0 0.735 0.385 -0.9820381999 2
0 0.735 0.395 -0.9846369687 2
0 0.735 0.405 0 2
0 0.735 0.415 0 2
0 0.735 0.425 0 2
0 0.735 0.435 0 2
0 0.735 0.445 0 2
0 0.735 0.455 0 2
0 0.735 0.465 0 2
0 0.745 -0.455 0 2
0 0.745 -0.445 0 2
0 0.745 -0.435 0 2
0 0.745 -0.425 0 2
0 0.745 -0.415 0 2
0 0.745 -0.405 0 2
0 0.745 -0.395 -0.9757628412 2
0 0.745 -0.385 -0.9731874941 2
0 0.745 -0.375 -0.9644329897 2
0 0.745 -0.365 -0.9495549137 2
0 0.745 -0.355 -0.928647733 2
0 0.745 -0.345 -0.9018441958 2
0 0.745 -0.335 -0.8693144884 2
0 0.745 -0.325 -0.831265155 2
0 0.745 -0.315 -0.787937786 2
0 0.745 -0.305 -0.7396074843 2
0 0.745 -0.295 -0.6865811183 2
0 0.745 -0.285 -0.6291953737 2
0 0.745 -0.275 -0.5678146155 2
0 0.745 -0.265 -0.5028285747 2
0 0.745 -0.255 -0.4346498739 2
0 0.745 -0.245 -0.3637114068 2
0 0.745 -0.235 -0.2904635903 2
0 0.745 -0.225 -0.2153715041 2
0 0.745 -0.215 -0.1389119378 2
0 0.745 -0.205 -0.06157036406 2
0 0.745 -0.195 0.01616214463 2
0 0.745 -0.185 0.0937920334 2
0 0.745 -0.175 0.170826399 2
0 0.745 -0.165 0.2467761193 2
0 0.745 -0.155 0.3211589591 2
0 0.745 -0.145 0.393502632 2
0 0.745 -0.135 0.463347799 2
0 0.745 -0.125 0.5302509852 2
0 0.745 -0.115 0.5937873954 2
0 0.745 -0.105 0.6535536115 2
0 0.745 -0.095 0.7091701538 2
0 0.745 -0.085 0.7602838906 2
0 0.745 -0.075 0.8065702804 2
0 0.745 -0.065 0.8477354323 2
0 0.745 -0.055 0.8835179721 2
0 0.745 -0.045 0.9136907024 2
0 0.745 -0.035 0.9380620443 2
0 0.745 -0.025 0.9564772543 2
0 0.745 -0.015 0.968819407 2
0 0.745 -0.005 0.9750101371 2
0 0.745 0.005 0.9750101371 2
0 0.745 0.015 0.968819407 2
0 0.745 0.025 0.9564772543 2
0 0.745 0.035 0.9380620443 2
0 0.745 0.045 0.9136907024 2
0 0.745 0.055 0.8835179721 2
0 0.745 0.065 0.8477354323 2
0 0.745 0.075 0.8065702804 2
0 0.745 0.085 0.7602838906 2
0 0.745 0.095 0.7091701538 2
0 0.745 0.105 0.6535536115 2
0 0.745 0.115 0.5937873954 2
0 0.745 0.125 0.5302509852 2
0 0.745 0.135 0.463347799 2
0 0.745 0.145 0.393502632 2
0 0.745 0.155 0.3211589591 2
0 0.745 0.165 0.2467761193 2
0 0.745 0.175 0.170826399 2
0 0.745 0.185 0.0937920334 2
0 0.745 0.195 0.01616214463 2
0 0.745 0.205 -0.06157036406 2
0 0.745 0.215 -0.1389119378 2
0 0.745 0.225 -0.2153715041 2
0 0.745 0.235 -0.2904635903 2
0 0.745 0.245 -0.3637114068 2
0 0.745 0.255 -0.4346498739 2
0 0.745 0.265 -0.5028285747 2
0 0.745 0.275 -0.5678146155 2
0 0.745 0.285 -0.6291953737 2
0 0.745 0.295 -0.6865811183 2
0 0.745 0.305 -0.7396074843 2
0 0.745 0.315 -0.787937786 2
0 0.745 0.325 -0.831265155 2
0 0.745 0.335 -0.8693144884 2
0 0.745 0.345 -0.9018441958 2
0 0.745 0.355 -0.928647733 2
0 0.745 0.365 -0.9495549137 2
0 0.745 0.375 -0.9644329897 2
0 0.745 0.385 -0.9731874941 2
0 0.745 0.395 -0.9757628412 2
0 0.745 0.405 0 2
0 0.745 0.415 0 2
0 0.745 0.425 0 2
0 0.745 0.435 0 2
0 0.745 0.445 0 2
0 0.745 0.455 0 2
0 0.745 0.465 0 2
0 0.755 -0.455 0 2
0 0.755 -0.445 0 2
0 0.755 -0.435 0 2
0 0.755 -0.425 0 2
0 0.755 -0.415 0 2
0 0.755 -0.405 0 2
0 0.755 -0.395 -0.9649017897 2
0 0.755 -0.385 -0.9623551083 2
0 0.755 -0.375 -0.9536980487 2
0 0.755 -0.365 -0.9389855781 2
0 0.755 -0.355 -0.9183111118 2
0 0.755 -0.345 -0.8918059202 2
0 0.755 -0.335 -0.8596382955 2
0 0.755 -0.325 -0.8220124828 2
0 0.755 -0.315 -0.7791673835 2
0 0.755 -0.305 -0.7313750382 2
0 0.755 -0.295 -0.6789388997 2
0 0.755 -0.285 -0.6221919061 2
0 0.755 -0.275 -0.5614943668 2
0 0.755 -0.265 -0.4972316747 2
0 0.755 -0.255 -0.4298118595 2
0 0.755 -0.245 -0.3596629965 2
0 0.755 -0.235 -0.2872304891 2
0 0.755 -0.225 -0.2129742402 2
0 0.755 -0.215 -0.1373657325 2
0 0.755 -0.205 -0.06088503473 1
0 0.755 -0.195 0.01598224653 1
0 0.755 -0.185 0.0927480501 1
0 0.755 -0.175 0.1689249591 1
0 0.755 -0.165 0.2440292959 2
0 0.755 -0.155 0.3175841929 2
0 0.755 -0.145 0.3891226206 2
0 0.755 -0.135 0.4581903528 2
0 0.755 -0.125 0.5243488509 2
0 0.755 -0.115 0.5871780481 2
0 0.755 -0.105 0.6462790165 2
0 0.755 -0.095 0.7012765005 2
0 0.755 -0.085 0.7518212989 2
0 0.755 -0.075 0.7975924827 2
0 0.755 -0.065 0.8382994322 2
0 0.755 -0.055 0.8736836826 2
0 0.755 -0.045 0.9035205653 2
0 0.755 -0.035 0.9276206339 2
0 0.755 -0.025 0.9458308673 2
0 0.755 -0.015 0.9580356416 2
0 0.755 -0.005 0.9641574637 2
0 0.755 0.005 0.9641574637 2
0 0.755 0.015 0.9580356416 2
0 0.755 0.025 0.9458308673 2
0 0.755 0.035 0.9276206339 2
0 0.755 0.045 0.9035205653 2
0 0.755 0.055 0.8736836826 2
0 0.755 0.065 0.8382994322 2
0 0.755 0.075 0.7975924827 2
0 0.755 0.085 0.7518212989 2
0 0.755 0.095 0.7012765005 2
0 0.755 0.105 0.6462790165 2
0 0.755 0.115 0.5871780481 2
0 0.755 0.125 0.5243488509 2
0 0.755 0.135 0.4581903528 2
0 0.755 0.145 0.3891226206 2
0 0.755 0.155 0.3175841929 2
0 0.755 0.165 0.2440292959 2
0 0.755 0.175 0.1689249591 2
0 0.755 0.185 0.0927480501 2
0 0.755 0.195 0.01598224653 2
0 0.755 0.205 -0.06088503473 2
0 0.755 0.215 -0.1373657325 2
0 0.755 0.225 -0.2129742402 2
0 0.755 0.235 -0.2872304891 2
0 0.755 0.245 -0.3596629965 2
0 0.755 0.255 -0.4298118595 2
0 0.755 0.265 -0.4972316747 2
0 0.755 0.275 -0.5614943668 2
0 0.755 0.285 -0.6221919061 2
0 0.755 0.295 -0.6789388997 2
0 0.755 0.305 -0.7313750382 2
0 0.755 0.315 -0.7791673835 2
0 0.755 0.325 -0.8220124828 2
0 0.755 0.335 -0.8596382955 2
0 0.755 0.345 -0.8918059202 2
0 0.755 0.355 -0.9183111118 2
0 0.755 0.365 -0.9389855781 2
0 0.755 0.375 -0.9536980487 2
0 0.755 0.385 -0.9623551083 2
0 0.755 0.395 -0.9649017897 2
0 0.755 0.405 0 2
0 0.755 0.415 0 2
0 0.755 0.425 0 2
0 0.755 0.435 0 2
0 0.755 0.445 0 2
0 0.755 0.455 0 2
0 0.755 0.465 0 2
0 0.765 -0.455 0 2
0 0.765 -0.445 0 2
0 0.765 -0.435 0 2
0 0.765 -0.425 0 2
0 0.765 -0.415 0 2
0 0.765 -0.405 0 2
0 0.765 -0.395 -0.9520759301 2
0 0.765 -0.385 -0.9495631002 2
0 0.765 -0.375 -0.9410211137 2
0 0.765 -0.365 -0.9265042071 2
0 0.765 -0.355 -0.9061045541 2
0 0.765 -0.345 -0.8799516801 2
0 0.765 -0.335 -0.8482116403 2
0 0.765 -0.325 -0.8110859649 2
0 0.765 -0.315 -0.7688103797 2
0 0.765 -0.305 -0.7216533093 2
0 0.765 -0.295 -0.6699141729 2
0 0.765 -0.285 -0.613921483 2
0 0.765 -0.275 -0.5540307596 2
0 0.765 -0.265 -0.4906222729 2
0 0.765 -0.255 -0.4240986287 2
0 0.765 -0.245 -0.3548822125 2
0 0.765 -0.235 -0.2834125068 2
0 0.765 -0.225 -0.2101433016 2
0 0.765 -0.215 -0.1355398124 1
0 0.765 -0.205 -0.06007572655 1
0 0.765 -0.195 0.01576980413 1
0 0.765 -0.185 0.09151520601 1
0 0.765 -0.175 0.1666795412 1
0 0.765 -0.165 0.2407855611 1
0 0.765 -0.155 0.3133627371 2
0 0.765 -0.145 0.3839502475 2
0 0.765 -0.135 0.4520999038 2
0 0.765 -0.125 0.5173789968 2
0 0.765 -0.115 0.5793730432 2
0 0.765 -0.105 0.6376884179 2
0 0.765 -0.095 0.6919548534 2
0 0.765 -0.085 0.7418277902 2
0 0.765 -0.075 0.7869905651 2
0 0.765 -0.065 0.8271564216 2
0 0.765 -0.055 0.8620703305 2
0 0.765 -0.045 0.8915106095 2
0 0.765 -0.035 0.9152903303 2
0 0.765 -0.025 0.9332585061 2
0 0.765 -0.015 0.9453010496 2
0 0.765 -0.005 0.951341498 2
0 0.765 0.005 0.951341498 2
0 0.765 0.015 0.9453010496 2
0 0.765 0.025 0.9332585061 2
0 0.765 0.035 0.9152903303 2
0 0.765 0.045 0.8915106095 2
0 0.765 0.055 0.8620703305 2
0 0.765 0.065 0.8271564216 2
0 0.765 0.075 0.7869905651 2
0 0.765 0.085 0.7418277902 2
0 0.765 0.095 0.6919548534 2
0 0.765 0.105 0.6376884179 2
0 0.765 0.115 0.5793730432 2
0 0.765 0.125 0.5173789968 2
0 0.765 0.135 0.4520999038 2
0 0.765 0.145 0.3839502475 2
0 0.765 0.155 0.3133627371 2
0 0.765 0.165 0.2407855611 2
0 0.765 0.175 0.1666795412 2
0 0.765 0.185 0.09151520601 2
0 0.765 0.195 0.01576980413 2
0 0.765 0.205 -0.06007572655 2
0 0.765 0.215 -0.1355398124 2
0 0.765 0.225 -0.2101433016 2
0 0.765 0.235 -0.2834125068 2
0 0.765 0.245 -0.3548822125 2
0 0.765 0.255 -0.4240986287 2
0 0.765 0.265 -0.4906222729 2
0 0.765 0.275 -0.5540307596 2
0 0.765 0.285 -0.613921483 2
0 0.765 0.295 -0.6699141729 2
0 0.765 0.305 -0.7216533093 2
0 0.765 0.315 -0.7688103797 2
0 0.765 0.325 -0.8110859649 2
0 0.765 0.335 -0.8482116403 2
0 0.765 0.345 -0.8799516801 2
0 0.765 0.355 -0.9061045541 2
0 0.765 0.365 -0.9265042071 2
0 0.765 0.375 -0.9410211137 2
0 0.765 0.385 -0.9495631002 2
0 0.765 0.395 -0.9520759301 2
0 0.765 0.405 0 2
0 0.765 0.415 0 2
0 0.765 0.425 0 2
0 0.765 0.435 0 2
0 0.765 0.445 0 2
0 0.765 0.455 0 2
0 0.765 0.465 0 2
0 0.775 -0.455 0 2
0 0.775 -0.445 0 2
0 0.775 -0.435 0 2
0 0.775 -0.425 0 2
0 0.775 -0.415 0 2
0 0.775 -0.405 0 2
0 0.775 -0.395 -0.9373113794 2
0 0.775 -0.385 -0.9348375179 2
0 0.775 -0.375 -0.9264279984 2
0 0.775 -0.365 -0.9121362163 2
0 0.775 -0.355 -0.8920529158 2
0 0.775 -0.345 -0.8663056139 2
0 0.775 -0.335 -0.8350577906 2
0 0.775 -0.325 -0.7985078507 1
0 0.775 -0.315 -0.7568878645 1
0 0.775 -0.305 -0.7104620939 1
0 0.775 -0.295 -0.6595253149 2
0 0.775 -0.285 -0.6044009453 2
0 0.775 -0.275 -0.5454389919 2
0 0.775 -0.265 -0.4830138278 2
0 0.775 -0.255 -0.4175218154 2
0 0.775 -0.245 -0.3493787897 2
0 0.775 -0.235 -0.279017418 2
0 0.775 -0.225 -0.2068844529 1
0 0.775 -0.215 -0.1334378955 1
0 0.775 -0.205 -0.05914408751 1
0 0.775 -0.195 0.01552525003 1
0 0.775 -0.185 0.09009601154 1
0 0.775 -0.175 0.1640947174 1
0 0.775 -0.165 0.2370515201 1
0 0.775 -0.155 0.3085031877 2
0 0.775 -0.145 0.377996045 2
0 0.775 -0.135 0.4450888539 2
0 0.775 -0.125 0.5093556153 2
0 0.775 -0.115 0.5703882738 2
0 0.775 -0.105 0.6277993086 2
0 0.775 -0.095 0.6812241941 2
0 0.775 -0.085 0.7303237141 2
0 0.775 -0.075 0.7747861162 2
0 0.775 -0.065 0.8143290909 2
0 0.775 -0.055 0.8487015638 2
0 0.775 -0.045 0.8776852904 2
0 0.775 -0.035 0.9010962414 2
0 0.775 -0.025 0.9187857712 2
0 0.775 -0.015 0.9306415621 2
0 0.775 -0.005 0.9365883367 2
0 0.775 0.005 0.9365883367 2
0 0.775 0.015 0.9306415621 2
0 0.775 0.025 0.9187857712 2
0 0.775 0.035 0.9010962414 2
0 0.775 0.045 0.8776852904 2
0 0.775 0.055 0.8487015638 2
0 0.775 0.065 0.8143290909 2
0 0.775 0.075 0.7747861162 2
0 0.775 0.085 0.7303237141 2
0 0.775 0.095 0.6812241941 2
0 0.775 0.105 0.6277993086 2
0 0.775 0.115 0.5703882738 2
0 0.775 0.125 0.5093556153 2
0 0.775 0.135 0.4450888539 2
0 0.775 0.145 0.377996045 2
0 0.775 0.155 0.3085031877 2
0 0.775 0.165 0.2370515201 2
0 0.775 0.175 0.1640947174 2
0 0.775 0.185 0.09009601154 2
0 0.775 0.195 0.01552525003 2
0 0.775 0.205 -0.05914408751 2
0 0.775 0.215 -0.1334378955 2
0 0.775 0.225 -0.2068844529 2
0 0.775 0.235 -0.279017418 2
0 0.775 0.245 -0.3493787897 2
0 0.775 0.255 -0.4175218154 2
0 0.775 0.265 -0.4830138278 2
0 0.775 0.275 -0.5454389919 2
0 0.775 0.285 -0.6044009453 2
0 0.775 0.295 -0.6595253149 2
0 0.775 0.305 -0.7104620939 2
0 0.775 0.315 -0.7568878645 2
0 0.775 0.325 -0.7985078507 2
0 0.775 0.335 -0.8350577906 2
0 0.775 0.345 -0.8663056139 2
0 0.775 0.355 -0.8920529158 2
0 0.775 0.365 -0.9121362163 2
0 0.775 0.375 -0.9264279984 2
0 0.775 0.385 -0.9348375179 2
0 0.775 0.395 -0.9373113794 2
0 0.775 0.405 0 2
0 0.775 0.415 0 2
0 0.775 0.425 0 2
0 0.775 0.435 0 2
0 0.775 0.445 0 2
0 0.775 0.455 0 2
0 0.775 0.465 0 2
0 0.785 -0.455 0 2
0 0.785 -0.445 0 2
0 0.785 -0.435 0 2
0 0.785 -0.425 0 2
0 0.785 -0.415 0 2
0 0.785 -0.405 0 2
0 0.785 -0.395 -0.9206382025 2
0 0.785 -0.385 -0.9182083468 2
0 0.785 -0.375 -0.9099484183 2
0 0.785 -0.365 -0.8959108627 2
0 0.785 -0.355 -0.8761848101 2
0 0.785 -0.345 -0.8508955089 2
0 0.785 -0.335 -0.8202035313 1
0 0.785 -0.325 -0.7843037527 1
0 0.785 -0.315 -0.7434241154 1
0 0.785 -0.305 -0.6978241804 1
0 0.785 -0.295 -0.6477934801 1
0 0.785 -0.285 -0.5936496794 1
0 0.785 -0.275 -0.535736559 2
0 0.785 -0.265 -0.4744218325 2
0 0.785 -0.255 -0.4100948117 2
0 0.785 -0.245 -0.3431639346 2
0 0.785 -0.235 -0.2740541722 1
0 0.785 -0.225 -0.20320433 1
0 0.785 -0.215 -0.1310642621 1
0 0.785 -0.205 -0.05809201468 1
0 0.785 -0.195 0.01524908221 1
0 0.785 -0.185 0.08849335657 1
0 0.785 -0.175 0.1611757512 1
0 0.785 -0.165 0.2328347763 1
0 0.785 -0.155 0.3030154402 1
0 0.785 -0.145 0.3712721376 1
0 0.785 -0.135 0.4371714794 1
0 0.785 -0.125 0.5002950443 1
0 0.785 -0.115 0.5602420355 2
0 0.785 -0.105 0.6166318256 2
0 0.785 -0.095 0.6691063731 2
0 0.785 -0.085 0.7173324961 2
0 0.785 -0.075 0.7610039876 2
0 0.785 -0.065 0.7998435599 2
0 0.785 -0.055 0.8336046049 2
0 0.785 -0.045 0.8620727603 2
0 0.785 -0.035 0.8850672702 2
0 0.785 -0.025 0.9024421334 2
0 0.785 -0.015 0.9140870299 2
0 0.785 -0.005 0.9199280215 2
0 0.785 0.005 0.9199280215 2
0 0.785 0.015 0.9140870299 2
0 0.785 0.025 0.9024421334 2
0 0.785 0.035 0.8850672702 2
0 0.785 0.045 0.8620727603 2
0 0.785 0.055 0.8336046049 2
0 0.785 0.065 0.7998435599 2
0 0.785 0.075 0.7610039876 2
0 0.785 0.085 0.7173324961 2
0 0.785 0.095 0.6691063731 2
0 0.785 0.105 0.6166318256 2
0 0.785 0.115 0.5602420355 2
0 0.785 0.125 0.5002950443 2
0 0.785 0.135 0.4371714794 2
0 0.785 0.145 0.3712721376 2
0 0.785 0.155 0.3030154402 2
0 0.785 0.165 0.2328347763 2
0 0.785 0.175 0.1611757512 2
0 0.785 0.185 0.08849335657 2
0 0.785 0.195 0.01524908221 2
0 0.785 0.205 -0.05809201468 2
0 0.785 0.215 -0.1310642621 2
0 0.785 0.225 -0.20320433 2
0 0.785 0.235 -0.2740541722 2
0 0.785 0.245 -0.3431639346 2
0 0.785 0.255 -0.4100948117 2
0 0.785 0.265 -0.4744218325 2
0 0.785 0.275 -0.535736559 2
0 0.785 0.285 -0.5936496794 2
0 0.785 0.295 -0.6477934801 2
0 0.785 0.305 -0.6978241804 2
0 0.785 0.315 -0.7434241154 2
0 0.785 0.325 -0.7843037527 2
0 0.785 0.335 -0.8202035313 2
0 0.785 0.345 -0.8508955089 2
0 0.785 0.355 -0.8761848101 2
0 0.785 0.365 -0.8959108627 2
0 0.785 0.375 -0.9099484183 2
0 0.785 0.385 -0.9182083468 2
0 0.785 0.395 -0.9206382025 2
0 0.785 0.405 0 2
0 0.785 0.415 0 2
0 0.785 0.425 0 2
0 0.785 0.435 0 2
0 0.785 0.445 0 2
0 0.785 0.455 0 2
0 0.785 0.465 0 2
0 0.795 -0.455 0 2
0 0.795 -0.445 0 2
0 0.795 -0.435 0 2
0 0.795 -0.425 0 2
0 0.795 -0.415 0 2
0 0.795 -0.405 0 2
0 0.795 -0.395 -0.9020903505 2
0 0.795 -0.385 -0.8997094485 2
0 0.795 -0.375 -0.8916159306 2
0 0.795 -0.365 -0.8778611859 2
0 0.795 -0.355 -0.8585325487 2
0 0.795 -0.345 -0.8337527444 2
0 0.795 -0.335 -0.8036791098 1
0 0.795 -0.325 -0.7685025945 1
0 0.795 -0.315 -0.7284465483 1
0 0.795 -0.305 -0.683765303 1
0 0.795 -0.295 -0.6347425578 1
0 0.795 -0.285 -0.5816895778 1
0 0.795 -0.275 -0.5249432176 1
0 0.795 -0.265 -0.4648637825 2
0 0.795 -0.255 -0.401832741 2
0 0.795 -0.245 -0.3362503025 2
0 0.795 -0.235 -0.268532876 1
0 0.795 -0.225 -0.1991104266 1
0 0.795 -0.215 -0.1284237454 1
0 0.795 -0.205 -0.05692165038 1
0 0.795 -0.195 0.01494186302 1
0 0.795 -0.185 0.08671050455 1
0 0.795 -0.175 0.1579285863 1
0 0.795 -0.165 0.2281439162 1
0 0.795 -0.155 0.296910669 1
0 0.795 -0.145 0.363792217 1
0 0.795 -0.135 0.4283639024 1
0 0.795 -0.125 0.4902157337 1
0 0.795 -0.115 0.5489549889 2
0 0.795 -0.105 0.6042087089 2
0 0.795 -0.095 0.6556260657 2
0 0.795 -0.085 0.7028805899 2
0 0.795 -0.075 0.7456722435 2
0 0.795 -0.065 0.7837293253 2
0 0.795 -0.055 0.8168101956 2
0 0.795 -0.045 0.8447048106 2
0 0.795 -0.035 0.8672360563 2
0 0.795 -0.025 0.8842608728 2
0 0.795 -0.015 0.8956711626 2
0 0.795 -0.005 0.9013944774 2
0 0.795 0.005 0.9013944774 2
0 0.795 0.015 0.8956711626 2
0 0.795 0.025 0.8842608728 2
0 0.795 0.035 0.8672360563 2
0 0.795 0.045 0.8447048106 2
0 0.795 0.055 0.8168101956 2
0 0.795 0.065 0.7837293253 2
0 0.795 0.075 0.7456722435 2
0 0.795 0.085 0.7028805899 2
0 0.795 0.095 0.6556260657 2
0 0.795 0.105 0.6042087089 2
0 0.795 0.115 0.5489549889 2
0 0.795 0.125 0.4902157337 2
0 0.795 0.135 0.4283639024 2
0 0.795 0.145 0.363792217 2
0 0.795 0.155 0.296910669 2
0 0.795 0.165 0.2281439162 2
0 0.795 0.175 0.1579285863 2
0 0.795 0.185 0.08671050455 2
0 0.795 0.195 0.01494186302 2
0 0.795 0.205 -0.05692165038 2
0 0.795 0.215 -0.1284237454 2
0 0.795 0.225 -0.1991104266 2
0 0.795 0.235 -0.268532876 2
0 0.795 0.245 -0.3362503025 2
0 0.795 0.255 -0.401832741 2
0 0.795 0.265 -0.4648637825 2
0 0.795 0.275 -0.5249432176 2
0 0.795 0.285 -0.5816895778 2
0 0.795 0.295 -0.6347425578 2
0 0.795 0.305 -0.683765303 2
0 0.795 0.315 -0.7284465483 2
0 0.795 0.325 -0.7685025945 2
0 0.795 0.335 -0.8036791098 2
0 0.795 0.345 -0.8337527444 2
0 0.795 0.355 -0.8585325487 2
0 0.795 0.365 -0.8778611859 2
0 0.795 0.375 -0.8916159306 2
0 0.795 0.385 -0.8997094485 2
0 0.795 0.395 -0.9020903505 2
0 0.795 0.405 0 2
0 0.795 0.415 0 2
0 0.795 0.425 0 2
0 0.795 0.435 0 2
0 0.795 0.445 0 2
0 0.795 0.455 0 2
0 0.795 0.465 0 2
0 0.805 -0.455 0 2
0 0.805 -0.445 0 2
0 0.805 -0.435 0 2
0 0.805 -0.425 0 2
0 0.805 -0.415 0 2
0 0.805 -0.405 0 2
0 0.805 -0.395 0 2
0 0.805 -0.385 0 2
0 0.805 -0.375 0 2
0 0.805 -0.365 0 2
0 0.805 -0.355 0 2
0 0.805 -0.345 0 2
0 0.805 -0.335 0 1
0 0.805 -0.325 0 1
0 0.805 -0.315 0 1
0 0.805 -0.305 0 1
0 0.805 -0.295 0 1
0 0.805 -0.285 0 1
0 0.805 -0.275 0 1
0 0.805 -0.265 0 1
0 0.805 -0.255 0 2
0 0.805 -0.245 0 1
0 0.805 -0.235 0 1
0 0.805 -0.225 0 1
0 0.805 -0.215 0 1
0 0.805 -0.205 0 1
0 0.805 -0.195 0 1
0 0.805 -0.185 0 1
0 0.805 -0.175 0 1
0 0.805 -0.165 0 1
0 0.805 -0.155 0 1
0 0.805 -0.145 0 1
0 0.805 -0.135 0 1
0 0.805 -0.125 0 1
0 0.805 -0.115 0 1
0 0.805 -0.105 0 2
0 0.805 -0.095 0 2
0 0.805 -0.085 0 2
0 0.805 -0.075 0 2
0 0.805 -0.065 0 2
0 0.805 -0.055 0 2
0 0.805 -0.045 0 2
0 0.805 -0.035 0 2
0 0.805 -0.025 0 1
0 0.805 -0.015 0 1
0 0.805 -0.005 0 1
0 0.805 0.005 0 1
0 0.805 0.015 0 1
0 0.805 0.025 0 2
0 0.805 0.035 0 2
0 0.805 0.045 0 2
0 0.805 0.055 0 2
0 0.805 0.065 0 2
0 0.805 0.075 0 2
0 0.805 0.085 0 2
0 0.805 0.095 0 2
0 0.805 0.105 0 2
0 0.805 0.115 0 2
0 0.805 0.125 0 2
0 0.805 0.135 0 2
0 0.805 0.145 0 2
0 0.805 0.155 0 2
0 0.805 0.165 0 2
0 0.805 0.175 0 2
0 0.805 0.185 0 2
0 0.805 0.195 0 2
0 0.805 0.205 0 2
0 0.805 0.215 0 2
0 0.805 0.225 0 2
0 0.805 0.235 0 2
0 0.805 0.245 0 2
0 0.805 0.255 0 2
0 0.805 0.265 0 2
0 0.805 0.275 0 2
0 0.805 0.285 0 2
0 0.805 0.295 0 2
0 0.805 0.305 0 2
0 0.805 0.315 0 2
0 0.805 0.325 0 2
0 0.805 0.335 0 2
0 0.805 0.345 0 2
0 0.805 0.355 0 2
0 0.805 0.365 0 2
0 0.805 0.375 0 2
0 0.805 0.385 0 2
0 0.805 0.395 0 2
0 0.805 0.405 0 2
0 0.805 0.415 0 2
0 0.805 0.425 0 2
0 0.805 0.435 0 2
0 0.805 0.445 0 2
0 0.805 0.455 0 2
0 0.805 0.465 0 2
0 0.815 -0.455 0 2
0 0.815 -0.445 0 2
0 0.815 -0.435 0 2
0 0.815 -0.425 0 2
0 0.815 -0.415 0 2
0 0.815 -0.405 0 2
0 0.815 -0.395 0 2
0 0.815 -0.385 0 2
0 0.815 -0.375 0 2
0 0.815 -0.365 0 2
0 0.815 -0.355 0 2
0 0.815 -0.345 0 2
0 0.815 -0.335 0 1
0 0.815 -0.325 0 1
0 0.815 -0.315 0 1
0 0.815 -0.305 0 1
0 0.815 -0.295 0 1
0 0.815 -0.285 0 1
0 0.815 -0.275 0 1
0 0.815 -0.265 0 1
0 0.815 -0.255 0 2
0 0.815 -0.245 0 1
0 0.815 -0.235 0 1
0 0.815 -0.225 0 1
0 0.815 -0.215 0 1
0 0.815 -0.205 0 1
0 0.815 -0.195 0 1
0 0.815 -0.185 0 1
0 0.815 -0.175 0 1
0 0.815 -0.165 0 1
0 0.815 -0.155 0 1
0 0.815 -0.145 0 1
0 0.815 -0.135 0 1
0 0.815 -0.125 0 1
0 0.815 -0.115 0 1
0 0.815 -0.105 0 2
0 0.815 -0.095 0 2
0 0.815 -0.085 0 2
0 0.815 -0.075 0 2
0 0.815 -0.065 0 2
0 0.815 -0.055 0 2
0 0.815 -0.045 0 1
0 0.815 -0.035 0 1
0 0.815 -0.025 0 1
0 0.815 -0.015 0 1
0 0.815 -0.005 0 1
0 0.815 0.005 0 1
0 0.815 0.015 0 1
0 0.815 0.025 0 2
0 0.815 0.035 0 2
0 0.815 0.045 0 2
0 0.815 0.055 0 2
0 0.815 0.065 0 2
0 0.815 0.075 0 2
0 0.815 0.085 0 2
0 0.815 0.095 0 2
0 0.815 0.105 0 2
0 0.815 0.115 0 2
0 0.815 0.125 0 2
0 0.815 0.135 0 2
0 0.815 0.145 0 2
0 0.815 0.155 0 2
0 0.815 0.165 0 2
0 0.815 0.175 0 2
0 0.815 0.185 0 2
0 0.815 0.195 0 2
0 0.815 0.205 0 2
0 0.815 0.215 0 2
0 0.815 0.225 0 2
0 0.815 0.235 0 2
0 0.815 0.245 0 2
0 0.815 0.255 0 2
0 0.815 0.265 0 2
0 0.815 0.275 0 2
0 0.815 0.285 0 2
0 0.815 0.295 0 2
0 0.815 0.305 0 2
0 0.815 0.315 0 2
0 0.815 0.325 0 2
0 0.815 0.335 0 2
0 0.815 0.345 0 2
0 0.815 0.355 0 2
0 0.815 0.365 0 2
0 0.815 0.375 0 2
0 0.815 0.385 0 2
0 0.815 0.395 0 2
0 0.815 0.405 0 2
0 0.815 0.415 0 2
0 0.815 0.425 0 2
0 0.815 0.435 0 2
0 0.815 0.445 0 2
0 0.815 0.455 0 2
0 0.815 0.465 0 2
0 0.825 -0.455 0 2
0 0.825 -0.445 0 2
0 0.825 -0.435 0 2
0 0.825 -0.425 0 2
0 0.825 -0.415 0 2
0 0.825 -0.405 0 2
0 0.825 -0.395 0 2
0 0.825 -0.385 0 2
0 0.825 -0.375 0 2
0 0.825 -0.365 0 2
0 0.825 -0.355 0 2
0 0.825 -0.345 0 2
0 0.825 -0.335 0 1
0 0.825 -0.325 0 1
0 0.825 -0.315 0 1
0 0.825 -0.305 0 1
0 0.825 -0.295 0 1
0 0.825 -0.285 0 1
0 0.825 -0.275 0 1
0 0.825 -0.265 0 1
0 0.825 -0.255 0 1
0 0.825 -0.245 0 1
0 0.825 -0.235 0 1
0 0.825 -0.225 0 1
0 0.825 -0.215 0 1
0 0.825 -0.205 0 1
0 0.825 -0.195 0 1
0 0.825 -0.185 0 1
0 0.825 -0.175 0 1
0 0.825 -0.165 0 1
0 0.825 -0.155 0 1
0 0.825 -0.145 0 1
0 0.825 -0.135 0 1
0 0.825 -0.125 0 1
0 0.825 -0.115 0 1
0 0.825 -0.105 0 2
0 0.825 -0.095 0 2
0 0.825 -0.085 0 2
0 0.825 -0.075 0 2
0 0.825 -0.065 0 2
0 0.825 -0.055 0 1
0 0.825 -0.045 0 1
0 0.825 -0.035 0 1
0 0.825 -0.025 0 1
0 0.825 -0.015 0 1
0 0.825 -0.005 0 1
0 0.825 0.005 0 1
0 0.825 0.015 0 1
0 0.825 0.025 0 1
0 0.825 0.035 0 2
0 0.825 0.045 0 2
0 0.825 0.055 0 2
0 0.825 0.065 0 2
0 0.825 0.075 0 2
0 0.825 0.085 0 2
0 0.825 0.095 0 2
0 0.825 0.105 0 2
0 0.825 0.115 0 2
0 0.825 0.125 0 2
0 0.825 0.135 0 2
0 0.825 0.145 0 2
0 0.825 0.155 0 2
0 0.825 0.165 0 2
0 0.825 0.175 0 2
0 0.825 0.185 0 2
0 0.825 0.195 0 2
0 0.825 0.205 0 2
0 0.825 0.215 0 2
0 0.825 0.225 0 2
0 0.825 0.235 0 2
0 0.825 0.245 0 2
0 0.825 0.255 0 2
0 0.825 0.265 0 2
0 0.825 0.275 0 2
0 0.825 0.285 0 2
0 0.825 0.295 0 2
0 0.825 0.305 0 2
0 0.825 0.315 0 2
0 0.825 0.325 0 2
0 0.825 0.335 0 2
0 0.825 0.345 0 2
0 0.825 0.355 0 2
0 0.825 0.365 0 2
0 0.825 0.375 0 2
0 0.825 0.385 0 2
0 0.825 0.395 0 2
0 0.825 0.405 0 2
0 0.825 0.415 0 2
0 0.825 0.425 0 2
0 0.825 0.435 0 2
0 0.825 0.445 0 2
0 0.825 0.455 0 2
0 0.825 0.465 0 2
0 0.835 -0.455 0 2
0 0.835 -0.445 0 2
0 0.835 -0.435 0 2
0 0.835 -0.425 0 2
0 0.835 -0.415 0 2
0 0.835 -0.405 0 2
0 0.835 -0.395 0 2
0 0.835 -0.385 0 2
0 0.835 -0.375 0 2
0 0.835 -0.365 0 2
0 0.835 -0.355 0 2
0 0.835 -0.345 0 2
0 0.835 -0.335 0 2
0 0.835 -0.325 0 1
0 0.835 -0.315 0 1
0 0.835 -0.305 0 1
0 0.835 -0.295 0 1
0 0.835 -0.285 0 1
0 0.835 -0.275 0 1
0 0.835 -0.265 0 1
0 0.835 -0.255 0 1
0 0.835 -0.245 0 1
0 0.835 -0.235 0 1
0 0.835 -0.225 0 1
0 0.835 -0.215 0 1
0 0.835 -0.205 0 1
0 0.835 -0.195 0 1
0 0.835 -0.185 0 1
0 0.835 -0.175 0 1
0 0.835 -0.165 0 1
0 0.835 -0.155 0 1
0 0.835 -0.145 0 1
0 0.835 -0.135 0 1
0 0.835 -0.125 0 1
0 0.835 -0.115 0 2
0 0.835 -0.105 0 2
0 0.835 -0.095 0 2
0 0.835 -0.085 0 2
0 0.835 -0.075 0 2
0 0.835 -0.065 0 2
0 0.835 -0.055 0 1
0 0.835 -0.045 0 1
0 0.835 -0.035 0 1
0 0.835 -0.025 0 1
0 0.835 -0.015 0 1
0 0.835 -0.005 0 1
0 0.835 0.005 0 1
0 0.835 0.015 0 1
0 0.835 0.025 0 2
0 0.835 0.035 0 2
0 0.835 0.045 0 2
0 0.835 0.055 0 2
0 0.835 0.065 0 2
0 0.835 0.075 0 2
0 0.835 0.085 0 2
0 0.835 0.095 0 2
0 0.835 0.105 0 2
0 0.835 0.115 0 2
0 0.835 0.125 0 2
0 0.835 0.135 0 2
0 0.835 0.145 0 2
0 0.835 0.155 0 2
0 0.835 0.165 0 2
0 0.835 0.175 0 2
0 0.835 0.185 0 2
0 0.835 0.195 0 2
0 0.835 0.205 0 2
0 0.835 0.215 0 2
0 0.835 0.225 0 2
0 0.835 0.235 0 2
0 0.835 0.245 0 2
0 0.835 0.255 0 2
0 0.835 0.265 0 2
0 0.835 0.275 0 2
0 0.835 0.285 0 2
0 0.835 0.295 0 2
0 0.835 0.305 0 2
0 0.835 0.315 0 2
0 0.835 0.325 0 2
0 0.835 0.335 0 2
0 0.835 0.345 0 2
0 0.835 0.355 0 2
0 0.835 0.365 0 2
0 0.835 0.375 0 2
0 0.835 0.385 0 2
0 0.835 0.395 0 2
0 0.835 0.405 0 2
0 0.835 0.415 0 2
0 0.835 0.425 0 2
0 0.835 0.435 0 2
0 0.835 0.445 0 2
0 0.835 0.455 0 2
0 0.835 0.465 0 2
0 0.845 -0.455 0 2
0 0.845 -0.445 0 2
0 0.845 -0.435 0 2
0 0.845 -0.425 0 2
0 0.845 -0.415 0 2
0 0.845 -0.405 0 2
0 0.845 -0.395 0 2
0 0.845 -0.385 0 2
0 0.845 -0.375 0 2
0 0.845 -0.365 0 2
0 0.845 -0.355 0 2
0 0.845 -0.345 0 2
0 0.845 -0.335 0 2
0 0.845 -0.325 0 1
0 0.845 -0.315 0 1
0 0.845 -0.305 0 1
0 0.845 -0.295 0 1
0 0.845 -0.285 0 1
0 0.845 -0.275 0 1
0 0.845 -0.265 0 1
0 0.845 -0.255 0 1
0 0.845 -0.245 0 1
0 0.845 -0.235 0 1
0 0.845 -0.225 0 1
0 0.845 -0.215 0 1
0 0.845 -0.205 0 1
0 0.845 -0.195 0 1
0 0.845 -0.185 0 1
0 0.845 -0.175 0 1
0 0.845 -0.165 0 1
0 0.845 -0.155 0 1
0 0.845 -0.145 0 1
0 0.845 -0.135 0 1
0 0.845 -0.125 0 1
0 0.845 -0.115 0 2
0 0.845 -0.105 0 2
0 0.845 -0.095 0 2
0 0.845 -0.085 0 2
0 0.845 -0.075 0 2
0 0.845 -0.065 0 1
0 0.845 -0.055 0 1
0 0.845 -0.045 0 1
0 0.845 -0.035 0 1
0 0.845 -0.025 0 1
0 0.845 -0.015 0 1
0 0.845 -0.005 0 1
0 0.845 0.005 0 1
0 0.845 0.015 0 1
0 0.845 0.025 0 2
0 0.845 0.035 0 2
0 0.845 0.045 0 2
0 0.845 0.055 0 2
0 0.845 0.065 0 2
0 0.845 0.075 0 2
0 0.845 0.085 0 2
0 0.845 0.095 0 2
0 0.845 0.105 0 2
0 0.845 0.115 0 2
0 0.845 0.125 0 2
0 0.845 0.135 0 2
0 0.845 0.145 0 2
0 0.845 0.155 0 2
0 0.845 0.165 0 2
0 0.845 0.175 0 2
0 0.845 0.185 0 2
0 0.845 0.195 0 2
0 0.845 0.205 0 2
0 0.845 0.215 0 2
0 0.845 0.225 0 2
0 0.845 0.235 0 2
0 0.845 0.245 0 2
0 0.845 0.255 0 2
0 0.845 0.265 0 2
0 0.845 0.275 0 2
0 0.845 0.285 0 2
0 0.845 0.295 0 2
0 0.845 0.305 0 2
0 0.845 0.315 0 2
0 0.845 0.325 0 2
0 0.845 0.335 0 2
0 0.845 0.345 0 2
0 0.845 0.355 0 2
0 0.845 0.365 0 2
0 0.845 0.375 0 2
0 0.845 0.385 0 2
0 0.845 0.395 0 2
0 0.845 0.405 0 2
0 0.845 0.415 0 2
0 0.845 0.425 0 2
0 0.845 0.435 0 2
0 0.845 0.445 0 2
0 0.845 0.455 0 2
0 0.845 0.465 0 2
0 0.855 -0.455 0 2
0 0.855 -0.445 0 2
0 0.855 -0.435 0 2
0 0.855 -0.425 0 2
0 0.855 -0.415 0 2
0 0.855 -0.405 0 2
0 0.855 -0.395 0 2
0 0.855 -0.385 0 2
0 0.855 -0.375 0 2
0 0.855 -0.365 0 2
0 0.855 -0.355 0 2
0 0.855 -0.345 0 2
0 0.855 -0.335 0 2
0 0.855 -0.325 0 2
0 0.855 -0.315 0 1
0 0.855 -0.305 0 1
0 0.855 -0.295 0 1
0 0.855 -0.285 0 1
0 0.855 -0.275 0 1
0 0.855 -0.265 0 1
0 0.855 -0.255 0 1
0 0.855 -0.245 0 2
0 0.855 -0.235 0 1
0 0.855 -0.225 0 1
0 0.855 -0.215 0 1
0 0.855 -0.205 0 1
0 0.855 -0.195 0 1
0 0.855 -0.185 0 1
0 0.855 -0.175 0 1
0 0.855 -0.165 0 1
0 0.855 -0.155 0 1
0 0.855 -0.145 0 1
0 0.855 -0.135 0 1
0 0.855 -0.125 0 1
0 0.855 -0.115 0 2
0 0.855 -0.105 0 2
0 0.855 -0.095 0 2
0 0.855 -0.085 0 2
0 0.855 -0.075 0 2
0 0.855 -0.065 0 1
0 0.855 -0.055 0 1
0 0.855 -0.045 0 1
0 0.855 -0.035 0 1
0 0.855 -0.025 0 1
0 0.855 -0.015 0 1
0 0.855 -0.005 0 1
0 0.855 0.005 0 1
0 0.855 0.015 0 1
0 0.855 0.025 0 2
0 0.855 0.035 0 2
0 0.855 0.045 0 2
0 0.855 0.055 0 2
0 0.855 0.065 0 2
0 0.855 0.075 0 2
0 0.855 0.085 0 2
0 0.855 0.095 0 2
0 0.855 0.105 0 2
0 0.855 0.115 0 2
0 0.855 0.125 0 2
0 0.855 0.135 0 2
0 0.855 0.145 0 2
0 0.855 0.155 0 2
0 0.855 0.165 0 2
0 0.855 0.175 0 2
0 0.855 0.185 0 2
0 0.855 0.195 0 2
0 0.855 0.205 0 2
0 0.855 0.215 0 2
0 0.855 0.225 0 2
0 0.855 0.235 0 2
0 0.855 0.245 0 2
0 0.855 0.255 0 2
0 0.855 0.265 0 2
0 0.855 0.275 0 2
0 0.855 0.285 0 2
0 0.855 0.295 0 2
0 0.855 0.305 0 2
0 0.855 0.315 0 2
0 0.855 0.325 0 2
0 0.855 0.335 0 2
0 0.855 0.345 0 2
0 0.855 0.355 0 2
0 0.855 0.365 0 2
0 0.855 0.375 0 2
0 0.855 0.385 0 2
0 0.855 0.395 0 2
0 0.855 0.405 0 2
0 0.855 0.415 0 2
0 0.855 0.425 0 2
0 0.855 0.435 0 2
0 0.855 0.445 0 2
0 0.855 0.455 0 2
0 0.855 0.465 0 2
0 0.865 -0.455 0 2
0 0.865 -0.445 0 2
0 0.865 -0.435 0 2
0 0.865 -0.425 0 2
0 0.865 -0.415 0 2
0 0.865 -0.405 0 2
0 0.865 -0.395 0 2
0 0.865 -0.385 0 2
0 0.865 -0.375 0 2
0 0.865 -0.365 0 2
0 0.865 -0.355 0 2
0 0.865 -0.345 0 2
0 0.865 -0.335 0 2
0 0.865 -0.325 0 2
0 0.865 -0.315 0 2
0 0.865 -0.305 0 1
0 0.865 -0.295 0 1
0 0.865 -0.285 0 1
0 0.865 -0.275 0 1
0 0.865 -0.265 0 1
0 0.865 -0.255 0 1
0 0.865 -0.245 0 2
0 0.865 -0.235 0 2
0 0.865 -0.225 0 2
0 0.865 -0.215 0 2
0 0.865 -0.205 0 2
0 0.865 -0.195 0 1
0 0.865 -0.185 0 1
0 0.865 -0.175 0 1
0 0.865 -0.165 0 1
0 0.865 -0.155 0 1
0 0.865 -0.145 0 1
0 0.865 -0.135 0 1
0 0.865 -0.125 0 2
0 0.865 -0.115 0 2
0 0.865 -0.105 0 2
0 0.865 -0.095 0 2
0 0.865 -0.085 0 2
0 0.865 -0.075 0 1
0 0.865 -0.065 0 1
0 0.865 -0.055 0 1
0 0.865 -0.045 0 1
0 0.865 -0.035 0 1
0 0.865 -0.025 0 1
0 0.865 -0.015 0 1
0 0.865 -0.005 0 1
0 0.865 0.005 0 1
0 0.865 0.015 0 1
0 0.865 0.025 0 2
0 0.865 0.035 0 2
0 0.865 0.045 0 2
0 0.865 0.055 0 2
0 0.865 0.065 0 2
0 0.865 0.075 0 2
0 0.865 0.085 0 2
0 0.865 0.095 0 2
0 0.865 0.105 0 2
0 0.865 0.115 0 2
0 0.865 0.125 0 2
0 0.865 0.135 0 2
0 0.865 0.145 0 2
0 0.865 0.155 0 2
0 0.865 0.165 0 2
0 0.865 0.175 0 2
0 0.865 0.185 0 2
0 0.865 0.195 0 2
0 0.865 0.205 0 2
0 0.865 0.215 0 2
0 0.865 0.225 0 2
0 0.865 0.235 0 2
0 0.865 0.245 0 2
0 0.865 0.255 0 2
0 0.865 0.265 0 2
0 0.865 0.275 0 2
0 0.865 0.285 0 2
0 0.865 0.295 0 2
0 0.865 0.305 0 2
0 0.865 0.315 0 2
0 0.865 0.325 0 2
0 0.865 0.335 0 2
0 0.865 0.345 0 2
0 0.865 0.355 0 2
0 0.865 0.365 0 2
0 0.865 0.375 0 2
0 0.865 0.385 0 2
0 0.865 0.395 0 2
0 0.865 0.405 0 2
0 0.865 0.415 0 2
0 0.865 0.425 0 2
0 0.865 0.435 0 2
0 0.865 0.445 0 2
0 0.865 0.455 0 2
0 0.865 0.465 0 2
