t x y content type
0 -0.055 -0.205 0 2
0 -0.055 -0.195 0 2
0 -0.055 -0.185 0 2
0 -0.055 -0.175 0 2
0 -0.055 -0.165 0 2
0 -0.055 -0.155 0 2
0 -0.055 -0.145 0 2
0 -0.055 -0.135 0 2
0 -0.055 -0.125 0 2
0 -0.055 -0.115 0 2
0 -0.055 -0.105 0 2
0 -0.055 -0.095 0 2
0 -0.055 -0.085 0 2
0 -0.055 -0.075 0 2
0 -0.055 -0.065 0 2
0 -0.055 -0.055 0 2
0 -0.055 -0.045 0 2
0 -0.055 -0.035 0 2
0 -0.055 -0.025 0 2
0 -0.055 -0.015 0 1
0 -0.055 -0.005 0 1
0 -0.055 0.005 0 1
0 -0.055 0.015 0 1
0 -0.055 0.025 0 1
0 -0.055 0.035 0 1
0 -0.055 0.045 0 1
0 -0.055 0.055 0 1
0 -0.055 0.065 0 1
0 -0.055 0.075 0 1
0 -0.055 0.085 0 1
0 -0.055 0.095 0 2
0 -0.055 0.105 0 2
0 -0.055 0.115 0 2
0 -0.055 0.125 0 2
0 -0.055 0.135 0 2
0 -0.055 0.145 0 2
0 -0.055 0.155 0 2
0 -0.055 0.165 0 2
0 -0.055 0.175 0 2
0 -0.055 0.185 0 2
0 -0.055 0.195 0 2
0 -0.055 0.205 0 2
0 -0.055 0.215 0 2
0 -0.045 -0.205 0 2
0 -0.045 -0.195 0 2
0 -0.045 -0.185 0 2
0 -0.045 -0.175 0 2
0 -0.045 -0.165 0 2
0 -0.045 -0.155 0 2
0 -0.045 -0.145 0 2
0 -0.045 -0.135 0 2
0 -0.045 -0.125 0 2
0 -0.045 -0.115 0 2
0 -0.045 -0.105 0 2
0 -0.045 -0.095 0 2
0 -0.045 -0.085 0 2
0 -0.045 -0.075 0 2
0 -0.045 -0.065 0 2
0 -0.045 -0.055 0 2
0 -0.045 -0.045 0 2
0 -0.045 -0.035 0 2
0 -0.045 -0.025 0 2
0 -0.045 -0.015 0 1
0 -0.045 -0.005 0 1
0 -0.045 0.005 0 1
0 -0.045 0.015 0 1
0 -0.045 0.025 0 1
0 -0.045 0.035 0 1
0 -0.045 0.045 0 1
0 -0.045 0.055 0 1
0 -0.045 0.065 0 1
0 -0.045 0.075 0 1
0 -0.045 0.085 0 1
0 -0.045 0.095 0 2
0 -0.045 0.105 0 2
0 -0.045 0.115 0 2
0 -0.045 0.125 0 2
0 -0.045 0.135 0 2
0 -0.045 0.145 0 2
0 -0.045 0.155 0 2
0 -0.045 0.165 0 2
0 -0.045 0.175 0 2
0 -0.045 0.185 0 2
0 -0.045 0.195 0 2
0 -0.045 0.205 0 2
0 -0.045 0.215 0 2
0 -0.035 -0.205 0 2
0 -0.035 -0.195 0 2
0 -0.035 -0.185 0 2
0 -0.035 -0.175 0 2
0 -0.035 -0.165 0 2
0 -0.035 -0.155 0 2
0 -0.035 -0.145 0 2
0 -0.035 -0.135 0 2
0 -0.035 -0.125 0 2
0 -0.035 -0.115 0 2
0 -0.035 -0.105 0 2
0 -0.035 -0.095 0 2
0 -0.035 -0.085 0 2
0 -0.035 -0.075 0 2
0 -0.035 -0.065 0 2
0 -0.035 -0.055 0 2
0 -0.035 -0.045 0 2
0 -0.035 -0.035 0 2
0 -0.035 -0.025 0 2
0 -0.035 -0.015 0 2
0 -0.035 -0.005 0 1
0 -0.035 0.005 0 1
0 -0.035 0.015 0 1
0 -0.035 0.025 0 1
0 -0.035 0.035 0 1
0 -0.035 0.045 0 1
0 -0.035 0.055 0 1
0 -0.035 0.065 0 1
0 -0.035 0.075 0 1
0 -0.035 0.085 0 1
0 -0.035 0.095 0 2
0 -0.035 0.105 0 2
0 -0.035 0.115 0 2
0 -0.035 0.125 0 2
0 -0.035 0.135 0 2
0 -0.035 0.145 0 2
0 -0.035 0.155 0 2
0 -0.035 0.165 0 2
0 -0.035 0.175 0 2
0 -0.035 0.185 0 2
0 -0.035 0.195 0 2
0 -0.035 0.205 0 2
0 -0.035 0.215 0 2
0 -0.025 -0.205 0 2
0 -0.025 -0.195 0 2
0 -0.025 -0.185 0 2
0 -0.025 -0.175 0 2
0 -0.025 -0.165 0 2
0 -0.025 -0.155 0 2
0 -0.025 -0.145 0 2
0 -0.025 -0.135 0 2
0 -0.025 -0.125 0 2
0 -0.025 -0.115 0 2
0 -0.025 -0.105 0 2
0 -0.025 -0.095 0 2
0 -0.025 -0.085 0 2
0 -0.025 -0.075 0 2
0 -0.025 -0.065 0 2
0 -0.025 -0.055 0 2
0 -0.025 -0.045 0 2
0 -0.025 -0.035 0 2
0 -0.025 -0.025 0 2
0 -0.025 -0.015 0 2
0 -0.025 -0.005 0 2
0 -0.025 0.005 0 2
0 -0.025 0.015 0 1
0 -0.025 0.025 0 1
0 -0.025 0.035 0 1
0 -0.025 0.045 0 1
0 -0.025 0.055 0 1
0 -0.025 0.065 0 1
0 -0.025 0.075 0 1
0 -0.025 0.085 0 2
0 -0.025 0.095 0 2
0 -0.025 0.105 0 2
0 -0.025 0.115 0 2
0 -0.025 0.125 0 2
0 -0.025 0.135 0 2
0 -0.025 0.145 0 2
0 -0.025 0.155 0 2
0 -0.025 0.165 0 2
0 -0.025 0.175 0 2
0 -0.025 0.185 0 2
0 -0.025 0.195 0 2
0 -0.025 0.205 0 2
0 -0.025 0.215 0 2
0 -0.015 -0.205 0 2
0 -0.015 -0.195 0 2
0 -0.015 -0.185 0 2
0 -0.015 -0.175 0 2
0 -0.015 -0.165 0 2
0 -0.015 -0.155 0 2
0 -0.015 -0.145 0 2
0 -0.015 -0.135 0 2
0 -0.015 -0.125 0 2
0 -0.015 -0.115 0 2
0 -0.015 -0.105 0 2
0 -0.015 -0.095 0 2
0 -0.015 -0.085 0 2
0 -0.015 -0.075 0 2
0 -0.015 -0.065 0 2
0 -0.015 -0.055 0 2
0 -0.015 -0.045 0 2
0 -0.015 -0.035 0 2
0 -0.015 -0.025 0 2
0 -0.015 -0.015 0 2
0 -0.015 -0.005 0 2
0 -0.015 0.005 0 2
0 -0.015 0.015 0 2
0 -0.015 0.025 0 2
0 -0.015 0.035 0 2
0 -0.015 0.045 0 1
0 -0.015 0.055 0 1
0 -0.015 0.065 0 2
0 -0.015 0.075 0 2
0 -0.015 0.085 0 2
0 -0.015 0.095 0 2
0 -0.015 0.105 0 2
0 -0.015 0.115 0 2
0 -0.015 0.125 0 2
0 -0.015 0.135 0 2
0 -0.015 0.145 0 2
0 -0.015 0.155 0 2
0 -0.015 0.165 0 2
0 -0.015 0.175 0 2
0 -0.015 0.185 0 2
0 -0.015 0.195 0 2
0 -0.015 0.205 0 2
0 -0.015 0.215 0 2
0 -0.005 -0.205 0 2
0 -0.005 -0.195 0 2
0 -0.005 -0.185 0 2
0 -0.005 -0.175 0 2
0 -0.005 -0.165 0 2
0 -0.005 -0.155 0 2
0 -0.005 -0.145 0 2
0 -0.005 -0.135 0 2
0 -0.005 -0.125 0 2
0 -0.005 -0.115 0 2
0 -0.005 -0.105 0 2
0 -0.005 -0.095 0 2
0 -0.005 -0.085 0 2
0 -0.005 -0.075 0 2
0 -0.005 -0.065 0 2
0 -0.005 -0.055 0 2
0 -0.005 -0.045 0 2
0 -0.005 -0.035 0 2
0 -0.005 -0.025 0 2
0 -0.005 -0.015 0 2
0 -0.005 -0.005 0 2
0 -0.005 0.005 0 2
0 -0.005 0.015 0 2
0 -0.005 0.025 0 2
0 -0.005 0.035 0 2
0 -0.005 0.045 0 2
0 -0.005 0.055 0 2
0 -0.005 0.065 0 2
0 -0.005 0.075 0 2
0 -0.005 0.085 0 2
0 -0.005 0.095 0 2
0 -0.005 0.105 0 2
0 -0.005 0.115 0 2
0 -0.005 0.125 0 2
0 -0.005 0.135 0 2
0 -0.005 0.145 0 2
0 -0.005 0.155 0 2
0 -0.005 0.165 0 2
0 -0.005 0.175 0 2
0 -0.005 0.185 0 2
0 -0.005 0.195 0 2
0 -0.005 0.205 0 2
0 -0.005 0.215 0 2
0 0.005 -0.205 0 2
0 0.005 -0.195 0 2
0 0.005 -0.185 0 1
0 0.005 -0.175 0 1
0 0.005 -0.165 0 1
0 0.005 -0.155 0 1
0 0.005 -0.145 0.6019546661 1
0 0.005 -0.135 0.473330724 2
0 0.005 -0.125 0.3336656465 2
0 0.005 -0.115 0.186217327 2
0 0.005 -0.105 0.03442521435 2
0 0.005 -0.095 -0.118169917 2
0 0.005 -0.085 -0.2680085613 2
0 0.005 -0.075 -0.4115955116 2
0 0.005 -0.065 -0.5455813911 2
0 0.005 -0.055 -0.6668407821 2
0 0.005 -0.045 -0.772545131 2
0 0.005 -0.035 -0.8602287283 2
0 0.005 -0.025 -0.927846225 2
0 0.005 -0.015 -0.9738203437 2
0 0.005 -0.005 -0.9970786704 2
0 0.005 0.005 -0.9970786704 2
0 0.005 0.015 -0.9738203437 2
0 0.005 0.025 -0.927846225 2
0 0.005 0.035 -0.8602287283 2
0 0.005 0.045 -0.772545131 2
0 0.005 0.055 -0.6668407821 2
0 0.005 0.065 -0.5455813911 2
0 0.005 0.075 -0.4115955116 2
0 0.005 0.085 -0.2680085613 2
0 0.005 0.095 -0.118169917 2
0 0.005 0.105 0.03442521435 2
0 0.005 0.115 0.186217327 2
0 0.005 0.125 0.3336656465 2
0 0.005 0.135 0.473330724 2
0 0.005 0.145 0.6019546661 2
0 0.005 0.155 0 2
0 0.005 0.165 0 2
0 0.005 0.175 0 2
0 0.005 0.185 0 2
0 0.005 0.195 0 2
0 0.005 0.205 0 2
0 0.005 0.215 0 2
0 0.015 -0.205 0 2
0 0.015 -0.195 0 1
0 0.015 -0.185 0 1
0 0.015 -0.175 0 1
0 0.015 -0.165 0 1
0 0.015 -0.155 0 1
0 0.015 -0.145 0.6019485938 1
0 0.015 -0.135 0.4733259492 1
0 0.015 -0.125 0.3336622806 1
0 0.015 -0.115 0.1862154485 2
0 0.015 -0.105 0.03442486709 2
0 0.015 -0.095 -0.118168725 2
0 0.015 -0.085 -0.2680058577 2
0 0.015 -0.075 -0.4115913596 2
0 0.015 -0.065 -0.5455758875 2
0 0.015 -0.055 -0.6668340553 2
0 0.015 -0.045 -0.7725373379 2
0 0.015 -0.035 -0.8602200506 2
0 0.015 -0.025 -0.9278368653 2
0 0.015 -0.015 -0.9738105202 2
0 0.015 -0.005 -0.9970686123 2
0 0.015 0.005 -0.9970686123 2
0 0.015 0.015 -0.9738105202 2
0 0.015 0.025 -0.9278368653 2
0 0.015 0.035 -0.8602200506 2
0 0.015 0.045 -0.7725373379 2
0 0.015 0.055 -0.6668340553 2
0 0.015 0.065 -0.5455758875 2
0 0.015 0.075 -0.4115913596 2
0 0.015 0.085 -0.2680058577 2
0 0.015 0.095 -0.118168725 2
0 0.015 0.105 0.03442486709 2
0 0.015 0.115 0.1862154485 2
0 0.015 0.125 0.3336622806 2
0 0.015 0.135 0.4733259492 2
0 0.015 0.145 0.6019485938 2
0 0.015 0.155 0 2
0 0.015 0.165 0 2
0 0.015 0.175 0 2
0 0.015 0.185 0 2
0 0.015 0.195 0 2
0 0.015 0.205 0 2
0 0.015 0.215 0 2
0 0.025 -0.205 0 2
0 0.025 -0.195 0 1
0 0.025 -0.185 0 1
0 0.025 -0.175 0 1
0 0.025 -0.165 0 1
0 0.025 -0.155 0 1
0 0.025 -0.145 0.6019364493 1
0 0.025 -0.135 0.4733163998 1
0 0.025 -0.125 0.3336555489 1
0 0.025 -0.115 0.1862116915 1
0 0.025 -0.105 0.03442417255 2
0 0.025 -0.095 -0.1181663409 2
0 0.025 -0.085 -0.2680004506 2
0 0.025 -0.075 -0.4115830556 2
0 0.025 -0.065 -0.5455648803 2
0 0.025 -0.055 -0.6668206017 2
0 0.025 -0.045 -0.7725217517 2
0 0.025 -0.035 -0.8602026954 2
0 0.025 -0.025 -0.9278181459 2
0 0.025 -0.015 -0.9737908733 2
0 0.025 -0.005 -0.9970484962 2
0 0.025 0.005 -0.9970484962 2
0 0.025 0.015 -0.9737908733 2
0 0.025 0.025 -0.9278181459 2
0 0.025 0.035 -0.8602026954 2
0 0.025 0.045 -0.7725217517 2
0 0.025 0.055 -0.6668206017 2
0 0.025 0.065 -0.5455648803 2
0 0.025 0.075 -0.4115830556 2
0 0.025 0.085 -0.2680004506 2
0 0.025 0.095 -0.1181663409 2
0 0.025 0.105 0.03442417255 2
0 0.025 0.115 0.1862116915 2
0 0.025 0.125 0.3336555489 2
0 0.025 0.135 0.4733163998 2
0 0.025 0.145 0.6019364493 2
0 0.025 0.155 0 2
0 0.025 0.165 0 2
0 0.025 0.175 0 2
0 0.025 0.185 0 2
0 0.025 0.195 0 2
0 0.025 0.205 0 2
0 0.025 0.215 0 2
0 0.035 -0.205 0 2
0 0.035 -0.195 0 1
0 0.035 -0.185 0 1
0 0.035 -0.175 0 1
0 0.035 -0.165 0 1
0 0.035 -0.155 0 1
0 0.035 -0.145 0.6019182328 1
0 0.035 -0.135 0.4733020756 1
0 0.035 -0.125 0.3336454514 1
0 0.035 -0.115 0.1862060562 1
0 0.035 -0.105 0.03442313077 1
0 0.035 -0.095 -0.1181627648 2
0 0.035 -0.085 -0.26799234 2
0 0.035 -0.075 -0.4115705997 2
0 0.035 -0.065 -0.5455483698 2
0 0.035 -0.055 -0.6668004216 2
0 0.035 -0.045 -0.7724983727 2
0 0.035 -0.035 -0.8601766629 2
0 0.035 -0.025 -0.9277900671 2
0 0.035 -0.015 -0.9737614032 2
0 0.035 -0.005 -0.9970183222 2
0 0.035 0.005 -0.9970183222 2
0 0.035 0.015 -0.9737614032 2
0 0.035 0.025 -0.9277900671 2
0 0.035 0.035 -0.8601766629 2
0 0.035 0.045 -0.7724983727 2
0 0.035 0.055 -0.6668004216 2
0 0.035 0.065 -0.5455483698 2
0 0.035 0.075 -0.4115705997 2
0 0.035 0.085 -0.26799234 2
0 0.035 0.095 -0.1181627648 2
0 0.035 0.105 0.03442313077 2
0 0.035 0.115 0.1862060562 2
0 0.035 0.125 0.3336454514 2
0 0.035 0.135 0.4733020756 2
0 0.035 0.145 0.6019182328 2
0 0.035 0.155 0 2
0 0.035 0.165 0 2
0 0.035 0.175 0 2
0 0.035 0.185 0 2
0 0.035 0.195 0 2
0 0.035 0.205 0 2
0 0.035 0.215 0 2
0 0.045 -0.205 0 2
0 0.045 -0.195 0 2
0 0.045 -0.185 0 1
0 0.045 -0.175 0 1
0 0.045 -0.165 0 1
0 0.045 -0.155 0 1
0 0.045 -0.145 0.6018939443 1
0 0.045 -0.135 0.4732829771 1
0 0.045 -0.125 0.3336319882 1
0 0.045 -0.115 0.1861985424 1
0 0.045 -0.105 0.03442174173 1
0 0.045 -0.095 -0.1181579967 2
0 0.045 -0.085 -0.2679815261 2
0 0.045 -0.075 -0.4115539921 2
0 0.045 -0.065 -0.5455263559 2
0 0.045 -0.055 -0.666773515 2
0 0.045 -0.045 -0.772467201 2
0 0.045 -0.035 -0.8601419532 2
0 0.045 -0.025 -0.9277526291 2
0 0.045 -0.015 -0.9737221102 2
0 0.045 -0.005 -0.9969780907 2
0 0.045 0.005 -0.9969780907 2
0 0.045 0.015 -0.9737221102 2
0 0.045 0.025 -0.9277526291 2
0 0.045 0.035 -0.8601419532 2
0 0.045 0.045 -0.772467201 2
0 0.045 0.055 -0.666773515 2
0 0.045 0.065 -0.5455263559 2
0 0.045 0.075 -0.4115539921 2
0 0.045 0.085 -0.2679815261 2
0 0.045 0.095 -0.1181579967 2
0 0.045 0.105 0.03442174173 2
0 0.045 0.115 0.1861985424 2
0 0.045 0.125 0.3336319882 2
0 0.045 0.135 0.4732829771 2
0 0.045 0.145 0.6018939443 2
0 0.045 0.155 0 2
0 0.045 0.165 0 2
0 0.045 0.175 0 2
0 0.045 0.185 0 2
0 0.045 0.195 0 2
0 0.045 0.205 0 2
0 0.045 0.215 0 2
0 0.055 -0.205 0 2
0 0.055 -0.195 0 2
0 0.055 -0.185 0 1
0 0.055 -0.175 0 1
0 0.055 -0.165 0 1
0 0.055 -0.155 0 1
0 0.055 -0.145 0.6018635842 1
0 0.055 -0.135 0.4732591042 1
0 0.055 -0.125 0.3336151594 1
0 0.055 -0.115 0.1861891504 1
0 0.055 -0.105 0.03442000546 1
0 0.055 -0.095 -0.1181520367 1
0 0.055 -0.085 -0.2679680088 2
0 0.055 -0.075 -0.4115332329 2
0 0.055 -0.065 -0.545498839 2
0 0.055 -0.055 -0.6667398822 2
0 0.055 -0.045 -0.7724282369 2
0 0.055 -0.035 -0.8600985668 2
0 0.055 -0.025 -0.9277058323 2
0 0.055 -0.015 -0.9736729947 2
0 0.055 -0.005 -0.9969278021 2
0 0.055 0.005 -0.9969278021 2
0 0.055 0.015 -0.9736729947 2
0 0.055 0.025 -0.9277058323 2
0 0.055 0.035 -0.8600985668 2
0 0.055 0.045 -0.7724282369 2
0 0.055 0.055 -0.6667398822 2
0 0.055 0.065 -0.545498839 2
0 0.055 0.075 -0.4115332329 2
0 0.055 0.085 -0.2679680088 2
0 0.055 0.095 -0.1181520367 1
0 0.055 0.105 0.03442000546 1
0 0.055 0.115 0.1861891504 1
0 0.055 0.125 0.3336151594 2
0 0.055 0.135 0.4732591042 2
0 0.055 0.145 0.6018635842 2
0 0.055 0.155 0 2
0 0.055 0.165 0 2
0 0.055 0.175 0 2
0 0.055 0.185 0 2
0 0.055 0.195 0 2
0 0.055 0.205 0 2
0 0.055 0.215 0 2
0 0.065 -0.205 0 2
0 0.065 -0.195 0 2
0 0.065 -0.185 0 2
0 0.065 -0.175 0 1
0 0.065 -0.165 0 1
0 0.065 -0.155 0 1
0 0.065 -0.145 0.6018271527 1
0 0.065 -0.135 0.4732304573 1
0 0.065 -0.125 0.3335949653 1
0 0.065 -0.115 0.1861778801 1
0 0.065 -0.105 0.03441792198 1
0 0.065 -0.095 -0.1181448848 1
0 0.065 -0.085 -0.2679517884 2
0 0.065 -0.075 -0.4115083223 2
0 0.065 -0.065 -0.5454658193 2
0 0.065 -0.055 -0.6666995237 2
0 0.065 -0.045 -0.772381481 2
0 0.065 -0.035 -0.860046504 2
0 0.065 -0.025 -0.9276496772 2
0 0.065 -0.015 -0.9736140571 2
0 0.065 -0.005 -0.996867457 2
0 0.065 0.005 -0.996867457 2
0 0.065 0.015 -0.9736140571 2
0 0.065 0.025 -0.9276496772 2
0 0.065 0.035 -0.860046504 2
0 0.065 0.045 -0.772381481 2
0 0.065 0.055 -0.6666995237 2
0 0.065 0.065 -0.5454658193 2
0 0.065 0.075 -0.4115083223 2
0 0.065 0.085 -0.2679517884 1
0 0.065 0.095 -0.1181448848 1
0 0.065 0.105 0.03441792198 1
0 0.065 0.115 0.1861778801 1
0 0.065 0.125 0.3335949653 1
0 0.065 0.135 0.4732304573 1
0 0.065 0.145 0.6018271527 2
0 0.065 0.155 0 2
0 0.065 0.165 0 2
0 0.065 0.175 0 2
0 0.065 0.185 0 2
0 0.065 0.195 0 2
0 0.065 0.205 0 2
0 0.065 0.215 0 2
0 0.075 -0.205 0 2
0 0.075 -0.195 0 2
0 0.075 -0.185 0 2
0 0.075 -0.175 0 2
0 0.075 -0.165 0 1
0 0.075 -0.155 0 1
0 0.075 -0.145 0.6017846502 1
0 0.075 -0.135 0.4731970366 1
0 0.075 -0.125 0.3335714061 1
0 0.075 -0.115 0.1861647318 1
0 0.075 -0.105 0.0344154913 1
0 0.075 -0.095 -0.1181365411 1
0 0.075 -0.085 -0.267932865 2
0 0.075 -0.075 -0.4114792606 2
0 0.075 -0.065 -0.5454272972 2
0 0.075 -0.055 -0.6666524398 2
0 0.075 -0.045 -0.7723269335 2
0 0.075 -0.035 -0.8599857655 2
0 0.075 -0.025 -0.9275841644 2
0 0.075 -0.015 -0.9735452982 2
0 0.075 -0.005 -0.9967970558 2
0 0.075 0.005 -0.9967970558 2
0 0.075 0.015 -0.9735452982 2
0 0.075 0.025 -0.9275841644 2
0 0.075 0.035 -0.8599857655 2
0 0.075 0.045 -0.7723269335 2
0 0.075 0.055 -0.6666524398 2
0 0.075 0.065 -0.5454272972 2
0 0.075 0.075 -0.4114792606 2
0 0.075 0.085 -0.267932865 1
0 0.075 0.095 -0.1181365411 1
0 0.075 0.105 0.0344154913 1
0 0.075 0.115 0.1861647318 1
0 0.075 0.125 0.3335714061 1
0 0.075 0.135 0.4731970366 1
0 0.075 0.145 0.6017846502 1
0 0.075 0.155 0 2
0 0.075 0.165 0 2
0 0.075 0.175 0 2
0 0.075 0.185 0 2
0 0.075 0.195 0 2
0 0.075 0.205 0 2
0 0.075 0.215 0 2
0 0.085 -0.205 0 2
0 0.085 -0.195 0 2
0 0.085 -0.185 0 2
0 0.085 -0.175 0 2
0 0.085 -0.165 0 2
0 0.085 -0.155 0 2
0 0.085 -0.145 0.6017360771 1
0 0.085 -0.135 0.4731588425 1
0 0.085 -0.125 0.3335444818 1
0 0.085 -0.115 0.1861497055 1
0 0.085 -0.105 0.03441271346 1
0 0.085 -0.095 -0.1181270058 2
0 0.085 -0.085 -0.2679112388 2
0 0.085 -0.075 -0.4114460481 2
0 0.085 -0.065 -0.5453832731 2
0 0.085 -0.055 -0.6665986309 2
0 0.085 -0.045 -0.7722645952 2
0 0.085 -0.035 -0.8599163517 2
0 0.085 -0.025 -0.9275092944 2
0 0.085 -0.015 -0.9734667185 2
0 0.085 -0.005 -0.9967165993 2
0 0.085 0.005 -0.9967165993 2
0 0.085 0.015 -0.9734667185 2
0 0.085 0.025 -0.9275092944 2
0 0.085 0.035 -0.8599163517 2
0 0.085 0.045 -0.7722645952 2
0 0.085 0.055 -0.6665986309 2
0 0.085 0.065 -0.5453832731 2
0 0.085 0.075 -0.4114460481 2
0 0.085 0.085 -0.2679112388 1
0 0.085 0.095 -0.1181270058 1
0 0.085 0.105 0.03441271346 1
0 0.085 0.115 0.1861497055 1
0 0.085 0.125 0.3335444818 1
0 0.085 0.135 0.4731588425 1
0 0.085 0.145 0.6017360771 1
0 0.085 0.155 0 1
0 0.085 0.165 0 2
0 0.085 0.175 0 2
0 0.085 0.185 0 2
0 0.085 0.195 0 2
0 0.085 0.205 0 2
0 0.085 0.215 0 2
0 0.095 -0.205 0 2
0 0.095 -0.195 0 2
0 0.095 -0.185 0 2
0 0.095 -0.175 0 2
0 0.095 -0.165 0 2
0 0.095 -0.155 0 2
0 0.095 -0.145 0.601681434 2
0 0.095 -0.135 0.4731158754 2
0 0.095 -0.125 0.333514193 2
0 0.095 -0.115 0.1861328014 2
0 0.095 -0.105 0.03440958847 2
0 0.095 -0.095 -0.1181162787 2
0 0.095 -0.085 -0.26788691 2
0 0.095 -0.075 -0.411408685 2
0 0.095 -0.065 -0.5453337473 2
0 0.095 -0.055 -0.6665380977 2
0 0.095 -0.045 -0.7721944665 2
0 0.095 -0.035 -0.8598382635 2
0 0.095 -0.025 -0.9274250681 2
0 0.095 -0.015 -0.9733783188 2
0 0.095 -0.005 -0.9966260884 2
0 0.095 0.005 -0.9966260884 2
0 0.095 0.015 -0.9733783188 2
0 0.095 0.025 -0.9274250681 2
0 0.095 0.035 -0.8598382635 2
0 0.095 0.045 -0.7721944665 2
0 0.095 0.055 -0.6665380977 2
0 0.095 0.065 -0.5453337473 2
0 0.095 0.075 -0.411408685 2
0 0.095 0.085 -0.26788691 1
0 0.095 0.095 -0.1181162787 1
0 0.095 0.105 0.03440958847 1
0 0.095 0.115 0.1861328014 1
0 0.095 0.125 0.333514193 1
0 0.095 0.135 0.4731158754 1
0 0.095 0.145 0.601681434 1
0 0.095 0.155 0 1
0 0.095 0.165 0 2
0 0.095 0.175 0 2
0 0.095 0.185 0 2
0 0.095 0.195 0 2
0 0.095 0.205 0 2
0 0.095 0.215 0 2
0 0.105 -0.205 0 2
0 0.105 -0.195 0 2
0 0.105 -0.185 0 2
0 0.105 -0.175 0 2
0 0.105 -0.165 0 2
0 0.105 -0.155 0 2
0 0.105 -0.145 0.6016207214 2
0 0.105 -0.135 0.4730681356 2
0 0.105 -0.125 0.3334805397 2
0 0.105 -0.115 0.1861140197 2
0 0.105 -0.105 0.03440611637 2
0 0.105 -0.095 -0.1181043602 2
0 0.105 -0.085 -0.2678598789 2
0 0.105 -0.075 -0.4113671719 2
0 0.105 -0.065 -0.5452787204 2
0 0.105 -0.055 -0.6664708407 2
0 0.105 -0.045 -0.7721165483 2
0 0.105 -0.035 -0.8597515016 2
0 0.105 -0.025 -0.9273314864 2
0 0.105 -0.015 -0.9732801001 1
0 0.105 -0.005 -0.9965255239 1
0 0.105 0.005 -0.9965255239 1
0 0.105 0.015 -0.9732801001 1
0 0.105 0.025 -0.9273314864 2
0 0.105 0.035 -0.8597515016 2
0 0.105 0.045 -0.7721165483 2
0 0.105 0.055 -0.6664708407 2
0 0.105 0.065 -0.5452787204 2
0 0.105 0.075 -0.4113671719 2
0 0.105 0.085 -0.2678598789 1
0 0.105 0.095 -0.1181043602 1
0 0.105 0.105 0.03440611637 1
0 0.105 0.115 0.1861140197 1
0 0.105 0.125 0.3334805397 1
0 0.105 0.135 0.4730681356 1
0 0.105 0.145 0.6016207214 1
0 0.105 0.155 0 1
0 0.105 0.165 0 1
0 0.105 0.175 0 2
0 0.105 0.185 0 2
0 0.105 0.195 0 2
0 0.105 0.205 0 2
0 0.105 0.215 0 2
0 0.115 -0.205 0 2
0 0.115 -0.195 0 2
0 0.115 -0.185 0 2
0 0.115 -0.175 0 2
0 0.115 -0.165 0 2
0 0.115 -0.155 0 2
0 0.115 -0.145 0.6015539399 2
0 0.115 -0.135 0.4730156238 2
0 0.115 -0.125 0.3334435225 2
0 0.115 -0.115 0.1860933605 2
0 0.115 -0.105 0.0344022972 1
0 0.115 -0.095 -0.1180912503 1
0 0.115 -0.085 -0.2678301457 1
0 0.115 -0.075 -0.411321509 1
0 0.115 -0.065 -0.545218193 1
0 0.115 -0.055 -0.6663968607 1
0 0.115 -0.045 -0.7720308413 1
0 0.115 -0.035 -0.8596560668 2
0 0.115 -0.025 -0.9272285501 1
0 0.115 -0.015 -0.9731720634 1
0 0.115 -0.005 -0.9964149068 1
0 0.115 0.005 -0.9964149068 1
0 0.115 0.015 -0.9731720634 1
0 0.115 0.025 -0.9272285501 1
0 0.115 0.035 -0.8596560668 2
0 0.115 0.045 -0.7720308413 2
0 0.115 0.055 -0.6663968607 2
0 0.115 0.065 -0.545218193 2
0 0.115 0.075 -0.411321509 2
0 0.115 0.085 -0.2678301457 2
0 0.115 0.095 -0.1180912503 1
0 0.115 0.105 0.0344022972 1
0 0.115 0.115 0.1860933605 1
0 0.115 0.125 0.3334435225 1
0 0.115 0.135 0.4730156238 1
0 0.115 0.145 0.6015539399 1
0 0.115 0.155 0 1
0 0.115 0.165 0 1
0 0.115 0.175 0 2
0 0.115 0.185 0 2
0 0.115 0.195 0 2
0 0.115 0.205 0 2
0 0.115 0.215 0 2
0 0.125 -0.205 0 2
0 0.125 -0.195 0 2
0 0.125 -0.185 0 2
0 0.125 -0.175 0 2
0 0.125 -0.165 0 2
0 0.125 -0.155 0 2
0 0.125 -0.145 0.6014810901 2
0 0.125 -0.135 0.4729583404 2
0 0.125 -0.125 0.3334031416 2
0 0.125 -0.115 0.1860708241 1
0 0.125 -0.105 0.03439813099 1
0 0.125 -0.095 -0.1180769492 1
0 0.125 -0.085 -0.2677977108 1
0 0.125 -0.075 -0.4112716969 1
0 0.125 -0.065 -0.5451521657 1
0 0.125 -0.055 -0.6663161582 1
0 0.125 -0.045 -0.7719373463 1
0 0.125 -0.035 -0.8595519602 1
0 0.125 -0.025 -0.9271162602 1
0 0.125 -0.015 -0.9730542097 1
0 0.125 -0.005 -0.9962942384 1
0 0.125 0.005 -0.9962942384 1
0 0.125 0.015 -0.9730542097 1
0 0.125 0.025 -0.9271162602 1
0 0.125 0.035 -0.8595519602 2
0 0.125 0.045 -0.7719373463 2
0 0.125 0.055 -0.6663161582 2
0 0.125 0.065 -0.5451521657 2
0 0.125 0.075 -0.4112716969 2
0 0.125 0.085 -0.2677977108 2
0 0.125 0.095 -0.1180769492 1
0 0.125 0.105 0.03439813099 1
0 0.125 0.115 0.1860708241 1
0 0.125 0.125 0.3334031416 1
0 0.125 0.135 0.4729583404 1
0 0.125 0.145 0.6014810901 1
0 0.125 0.155 0 1
0 0.125 0.165 0 1
0 0.125 0.175 0 2
0 0.125 0.185 0 2
0 0.125 0.195 0 2
0 0.125 0.205 0 2
0 0.125 0.215 0 2
0 0.135 -0.205 0 2
0 0.135 -0.195 0 2
0 0.135 -0.185 0 2
0 0.135 -0.175 0 2
0 0.135 -0.165 0 2
0 0.135 -0.155 0 2
0 0.135 -0.145 0.6014021728 2
0 0.135 -0.135 0.4728962859 2
0 0.135 -0.125 0.3333593975 2
0 0.135 -0.115 0.1860464107 1
0 0.135 -0.105 0.03439361779 1
0 0.135 -0.095 -0.1180614569 1
0 0.135 -0.085 -0.2677625744 1
0 0.135 -0.075 -0.411217736 1
0 0.135 -0.065 -0.545080639 1
0 0.135 -0.055 -0.6662287343 1
0 0.135 -0.045 -0.7718360643 1
0 0.135 -0.035 -0.8594391828 1
0 0.135 -0.025 -0.9269946181 1
0 0.135 -0.015 -0.9729265403 1
0 0.135 -0.005 -0.9961635197 1
0 0.135 0.005 -0.9961635197 1
0 0.135 0.015 -0.9729265403 1
0 0.135 0.025 -0.9269946181 1
0 0.135 0.035 -0.8594391828 1
0 0.135 0.045 -0.7718360643 2
0 0.135 0.055 -0.6662287343 2
0 0.135 0.065 -0.545080639 2
0 0.135 0.075 -0.411217736 2
0 0.135 0.085 -0.2677625744 2
0 0.135 0.095 -0.1180614569 2
0 0.135 0.105 0.03439361779 1
0 0.135 0.115 0.1860464107 1
0 0.135 0.125 0.3333593975 1
0 0.135 0.135 0.4728962859 1
0 0.135 0.145 0.6014021728 1
0 0.135 0.155 0 1
0 0.135 0.165 0 1
0 0.135 0.175 0 2
0 0.135 0.185 0 2
0 0.135 0.195 0 2
0 0.135 0.205 0 2
0 0.135 0.215 0 2
0 0.145 -0.205 0 2
0 0.145 -0.195 0 2
0 0.145 -0.185 0 2
0 0.145 -0.175 0 2
0 0.145 -0.165 0 2
0 0.145 -0.155 0 2
0 0.145 -0.145 0.6013171889 2
0 0.145 -0.135 0.4728294611 2
0 0.145 -0.125 0.3333122906 2
0 0.145 -0.115 0.1860201206 1
0 0.145 -0.105 0.03438875764 1
0 0.145 -0.095 -0.1180447737 1
0 0.145 -0.085 -0.267724737 1
0 0.145 -0.075 -0.411159627 1
0 0.145 -0.065 -0.5450036138 1
0 0.145 -0.055 -0.6661345897 1
0 0.145 -0.045 -0.7717269964 1
0 0.145 -0.035 -0.8593177357 1
0 0.145 -0.025 -0.9268636247 1
0 0.145 -0.015 -0.9727890563 1
0 0.145 -0.005 -0.9960227521 1
0 0.145 0.005 -0.9960227521 1
0 0.145 0.015 -0.9727890563 1
0 0.145 0.025 -0.9268636247 1
0 0.145 0.035 -0.8593177357 1
0 0.145 0.045 -0.7717269964 2
0 0.145 0.055 -0.6661345897 2
0 0.145 0.065 -0.5450036138 2
0 0.145 0.075 -0.411159627 2
0 0.145 0.085 -0.267724737 2
0 0.145 0.095 -0.1180447737 2
0 0.145 0.105 0.03438875764 2
0 0.145 0.115 0.1860201206 1
0 0.145 0.125 0.3333122906 1
0 0.145 0.135 0.4728294611 1
0 0.145 0.145 0.6013171889 1
0 0.145 0.155 0 1
0 0.145 0.165 0 1
0 0.145 0.175 0 2
0 0.145 0.185 0 2
0 0.145 0.195 0 2
0 0.145 0.205 0 2
0 0.145 0.215 0 2
0 0.155 -0.205 0 2
0 0.155 -0.195 0 2
0 0.155 -0.185 0 2
0 0.155 -0.175 0 2
0 0.155 -0.165 0 2
0 0.155 -0.155 0 2
0 0.155 -0.145 0.6012261391 2
0 0.155 -0.135 0.4727578665 2
0 0.155 -0.125 0.3332618213 2
0 0.155 -0.115 0.1859919539 1
0 0.155 -0.105 0.03438355059 1
0 0.155 -0.095 -0.1180268996 1
0 0.155 -0.085 -0.2676841988 1
0 0.155 -0.075 -0.4110973703 1
0 0.155 -0.065 -0.5449210909 1
0 0.155 -0.055 -0.6660337255 1
0 0.155 -0.045 -0.7716101436 1
0 0.155 -0.035 -0.8591876202 1
0 0.155 -0.025 -0.9267232816 1
0 0.155 -0.015 -0.9726417592 1
0 0.155 -0.005 -0.9958719371 1
0 0.155 0.005 -0.9958719371 1
0 0.155 0.015 -0.9726417592 1
0 0.155 0.025 -0.9267232816 1
0 0.155 0.035 -0.8591876202 1
0 0.155 0.045 -0.7716101436 2
0 0.155 0.055 -0.6660337255 2
0 0.155 0.065 -0.5449210909 2
0 0.155 0.075 -0.4110973703 2
0 0.155 0.085 -0.2676841988 2
0 0.155 0.095 -0.1180268996 2
0 0.155 0.105 0.03438355059 2
0 0.155 0.115 0.1859919539 2
0 0.155 0.125 0.3332618213 2
0 0.155 0.135 0.4727578665 1
0 0.155 0.145 0.6012261391 1
0 0.155 0.155 0 1
0 0.155 0.165 0 2
0 0.155 0.175 0 2
0 0.155 0.185 0 2
0 0.155 0.195 0 2
0 0.155 0.205 0 2
0 0.155 0.215 0 2
0 0.165 -0.205 0 2
0 0.165 -0.195 0 2
0 0.165 -0.185 0 2
0 0.165 -0.175 0 2
0 0.165 -0.165 0 2
0 0.165 -0.155 0 2
0 0.165 -0.145 0.6011290244 2
0 0.165 -0.135 0.472681503 2
0 0.165 -0.125 0.3332079903 2
0 0.165 -0.115 0.1859619111 2
0 0.165 -0.105 0.03437799669 1
0 0.165 -0.095 -0.118007835 1
0 0.165 -0.085 -0.2676409604 1
0 0.165 -0.075 -0.4110309667 1
0 0.165 -0.065 -0.544833071 1
0 0.165 -0.055 -0.6659261425 1
0 0.165 -0.045 -0.7714855071 1
0 0.165 -0.035 -0.8590488375 1
0 0.165 -0.025 -0.92657359 1
0 0.165 -0.015 -0.9724846506 1
0 0.165 -0.005 -0.9957110761 1
0 0.165 0.005 -0.9957110761 1
0 0.165 0.015 -0.9724846506 1
0 0.165 0.025 -0.92657359 1
0 0.165 0.035 -0.8590488375 1
0 0.165 0.045 -0.7714855071 2
0 0.165 0.055 -0.6659261425 2
0 0.165 0.065 -0.544833071 2
0 0.165 0.075 -0.4110309667 2
0 0.165 0.085 -0.2676409604 2
0 0.165 0.095 -0.118007835 2
0 0.165 0.105 0.03437799669 2
0 0.165 0.115 0.1859619111 2
0 0.165 0.125 0.3332079903 2
0 0.165 0.135 0.472681503 2
0 0.165 0.145 0.6011290244 2
0 0.165 0.155 0 2
0 0.165 0.165 0 2
0 0.165 0.175 0 2
0 0.165 0.185 0 2
0 0.165 0.195 0 2
0 0.165 0.205 0 2
0 0.165 0.215 0 1
0 0.175 -0.205 0 2
0 0.175 -0.195 0 2
0 0.175 -0.185 0 2
0 0.175 -0.175 0 2
0 0.175 -0.165 0 2
0 0.175 -0.155 0 2
0 0.175 -0.145 0.6010258457 2
0 0.175 -0.135 0.4726003713 2
0 0.175 -0.125 0.333150798 2
0 0.175 -0.115 0.1859299923 2
0 0.175 -0.105 0.034372096 2
0 0.175 -0.095 -0.11798758 2
0 0.175 -0.085 -0.2675950221 1
0 0.175 -0.075 -0.4109604167 1
0 0.175 -0.065 -0.544739555 1
0 0.175 -0.055 -0.665811842 1
0 0.175 -0.045 -0.7713530882 1
0 0.175 -0.035 -0.8589013891 1
0 0.175 -0.025 -0.9264145516 1
0 0.175 -0.015 -0.9723177319 1
0 0.175 -0.005 -0.9955401708 1
0 0.175 0.005 -0.9955401708 1
0 0.175 0.015 -0.9723177319 1
0 0.175 0.025 -0.9264145516 1
0 0.175 0.035 -0.8589013891 1
0 0.175 0.045 -0.7713530882 2
0 0.175 0.055 -0.665811842 2
0 0.175 0.065 -0.544739555 2
0 0.175 0.075 -0.4109604167 2
0 0.175 0.085 -0.2675950221 2
0 0.175 0.095 -0.11798758 2
0 0.175 0.105 0.034372096 2
0 0.175 0.115 0.1859299923 2
0 0.175 0.125 0.333150798 2
0 0.175 0.135 0.4726003713 2
0 0.175 0.145 0.6010258457 2
0 0.175 0.155 0 2
0 0.175 0.165 0 2
0 0.175 0.175 0 2
0 0.175 0.185 0 2
0 0.175 0.195 0 1
0 0.175 0.205 0 1
0 0.175 0.215 0 1
0 0.185 -0.205 0 2
0 0.185 -0.195 0 2
0 0.185 -0.185 0 2
0 0.185 -0.175 0 2
0 0.185 -0.165 0 2
0 0.185 -0.155 0 2
0 0.185 -0.145 0.6009166041 2
0 0.185 -0.135 0.4725144721 2
0 0.185 -0.125 0.333090245 2
0 0.185 -0.115 0.1858961979 2
0 0.185 -0.105 0.03436584858 2
0 0.185 -0.095 -0.1179661347 2
0 0.185 -0.085 -0.2675463844 2
0 0.185 -0.075 -0.4108857211 2
0 0.185 -0.065 -0.544640544 2
0 0.185 -0.055 -0.665690825 2
0 0.185 -0.045 -0.7712128882 2
0 0.185 -0.035 -0.8587452764 2
0 0.185 -0.025 -0.9262461678 2
0 0.185 -0.015 -0.9721410048 1
0 0.185 -0.005 -0.9953592229 1
0 0.185 0.005 -0.9953592229 1
0 0.185 0.015 -0.9721410048 1
0 0.185 0.025 -0.9262461678 1
0 0.185 0.035 -0.8587452764 1
0 0.185 0.045 -0.7712128882 2
0 0.185 0.055 -0.665690825 2
0 0.185 0.065 -0.544640544 2
0 0.185 0.075 -0.4108857211 2
0 0.185 0.085 -0.2675463844 2
0 0.185 0.095 -0.1179661347 2
0 0.185 0.105 0.03436584858 2
0 0.185 0.115 0.1858961979 2
0 0.185 0.125 0.333090245 2
0 0.185 0.135 0.4725144721 2
0 0.185 0.145 0.6009166041 2
0 0.185 0.155 0 2
0 0.185 0.165 0 2
0 0.185 0.175 0 2
0 0.185 0.185 0 2
0 0.185 0.195 0 1
0 0.185 0.205 0 1
0 0.185 0.215 0 1
0 0.195 -0.205 0 2
0 0.195 -0.195 0 2
0 0.195 -0.185 0 2
0 0.195 -0.175 0 2
0 0.195 -0.165 0 2
0 0.195 -0.155 0 2
0 0.195 -0.145 0.6008013007 2
0 0.195 -0.135 0.4724238064 2
0 0.195 -0.125 0.3330263319 2
0 0.195 -0.115 0.1858605283 2
0 0.195 -0.105 0.03435925449 2
0 0.195 -0.095 -0.1179434995 2
0 0.195 -0.085 -0.2674950478 2
0 0.195 -0.075 -0.4108068807 2
0 0.195 -0.065 -0.5445360388 2
0 0.195 -0.055 -0.6655630928 2
0 0.195 -0.045 -0.7710649086 2
0 0.195 -0.035 -0.8585805011 2
0 0.195 -0.025 -0.9260684405 2
0 0.195 -0.015 -0.9719544712 1
0 0.195 -0.005 -0.9951682342 1
0 0.195 0.005 -0.9951682342 1
0 0.195 0.015 -0.9719544712 1
0 0.195 0.025 -0.9260684405 1
0 0.195 0.035 -0.8585805011 1
0 0.195 0.045 -0.7710649086 2
0 0.195 0.055 -0.6655630928 2
0 0.195 0.065 -0.5445360388 2
0 0.195 0.075 -0.4108068807 2
0 0.195 0.085 -0.2674950478 2
0 0.195 0.095 -0.1179434995 2
0 0.195 0.105 0.03435925449 2
0 0.195 0.115 0.1858605283 2
0 0.195 0.125 0.3330263319 2
0 0.195 0.135 0.4724238064 2
0 0.195 0.145 0.6008013007 2
0 0.195 0.155 0 2
0 0.195 0.165 0 2
0 0.195 0.175 0 2
0 0.195 0.185 0 2
0 0.195 0.195 0 1
0 0.195 0.205 0 1
0 0.195 0.215 0 1
0 0.205 -0.205 0 2
0 0.205 -0.195 0 2
0 0.205 -0.185 0 2
0 0.205 -0.175 0 2
0 0.205 -0.165 0 2
0 0.205 -0.155 0 2
0 0.205 -0.145 0.6006799367 2
0 0.205 -0.135 0.4723283751 2
0 0.205 -0.125 0.3329590594 2
0 0.205 -0.115 0.1858229838 2
0 0.205 -0.105 0.03435231379 2
0 0.205 -0.095 -0.1179196745 2
0 0.205 -0.085 -0.2674410129 2
0 0.205 -0.075 -0.4107238963 2
0 0.205 -0.065 -0.5444260406 2
0 0.205 -0.055 -0.6654286466 2
0 0.205 -0.045 -0.7709091507 2
0 0.205 -0.035 -0.8584070648 2
0 0.205 -0.025 -0.9258813713 2
0 0.205 -0.015 -0.9717581329 2
0 0.205 -0.005 -0.9949672066 1
0 0.205 0.005 -0.9949672066 1
0 0.205 0.015 -0.9717581329 1
0 0.205 0.025 -0.9258813713 1
0 0.205 0.035 -0.8584070648 2
0 0.205 0.045 -0.7709091507 2
0 0.205 0.055 -0.6654286466 2
0 0.205 0.065 -0.5444260406 2
0 0.205 0.075 -0.4107238963 2
0 0.205 0.085 -0.2674410129 2
0 0.205 0.095 -0.1179196745 2
0 0.205 0.105 0.03435231379 2
0 0.205 0.115 0.1858229838 2
0 0.205 0.125 0.3329590594 2
0 0.205 0.135 0.4723283751 2
0 0.205 0.145 0.6006799367 2
0 0.205 0.155 0 2
0 0.205 0.165 0 2
0 0.205 0.175 0 2
0 0.205 0.185 0 2
0 0.205 0.195 0 1
0 0.205 0.205 0 1
0 0.205 0.215 0 1
0 0.215 -0.205 0 2
0 0.215 -0.195 0 2
0 0.215 -0.185 0 2
0 0.215 -0.175 0 2
0 0.215 -0.165 0 2
0 0.215 -0.155 0 2
0 0.215 -0.145 0.6005525133 2
0 0.215 -0.135 0.4722281792 2
0 0.215 -0.125 0.3328884281 2
0 0.215 -0.115 0.1857835648 2
0 0.215 -0.105 0.03434502657 2
0 0.215 -0.095 -0.1178946599 2
0 0.215 -0.085 -0.2673842801 2
0 0.215 -0.075 -0.4106367686 2
0 0.215 -0.065 -0.5443105504 2
0 0.215 -0.055 -0.6652874879 2
0 0.215 -0.045 -0.7707456162 2
0 0.215 -0.035 -0.8582249692 2
0 0.215 -0.025 -0.9256849623 2
0 0.215 -0.015 -0.971551992 2
0 0.215 -0.005 -0.9947561423 2
0 0.215 0.005 -0.9947561423 2
0 0.215 0.015 -0.971551992 2
0 0.215 0.025 -0.9256849623 2
0 0.215 0.035 -0.8582249692 2
0 0.215 0.045 -0.7707456162 2
0 0.215 0.055 -0.6652874879 2
0 0.215 0.065 -0.5443105504 2
0 0.215 0.075 -0.4106367686 2
0 0.215 0.085 -0.2673842801 2
0 0.215 0.095 -0.1178946599 2
0 0.215 0.105 0.03434502657 2
0 0.215 0.115 0.1857835648 2
0 0.215 0.125 0.3328884281 2
0 0.215 0.135 0.4722281792 2
0 0.215 0.145 0.6005525133 2
0 0.215 0.155 0 2
0 0.215 0.165 0 2
0 0.215 0.175 0 2
0 0.215 0.185 0 2
0 0.215 0.195 0 1
0 0.215 0.205 0 1
0 0.215 0.215 0 1
0 0.225 -0.205 0 2
0 0.225 -0.195 0 2
0 0.225 -0.185 0 2
0 0.225 -0.175 0 2
0 0.225 -0.165 0 2
0 0.225 -0.155 0 2
0 0.225 -0.145 0.6004190317 2
0 0.225 -0.135 0.4721232196 2
0 0.225 -0.125 0.3328144388 2
0 0.225 -0.115 0.1857422717 2
0 0.225 -0.105 0.03433739289 2
0 0.225 -0.095 -0.1178684561 2
0 0.225 -0.085 -0.26732485 2
0 0.225 -0.075 -0.4105454986 2
0 0.225 -0.065 -0.5441895694 2
0 0.225 -0.055 -0.6651396181 2
0 0.225 -0.045 -0.7705743067 2
0 0.225 -0.035 -0.8580342161 2
0 0.225 -0.025 -0.9254792153 2
0 0.225 -0.015 -0.9713360504 2
0 0.225 -0.005 -0.9945350432 2
0 0.225 0.005 -0.9945350432 2
0 0.225 0.015 -0.9713360504 2
0 0.225 0.025 -0.9254792153 2
0 0.225 0.035 -0.8580342161 2
0 0.225 0.045 -0.7705743067 2
0 0.225 0.055 -0.6651396181 2
0 0.225 0.065 -0.5441895694 2
0 0.225 0.075 -0.4105454986 2
0 0.225 0.085 -0.26732485 2
0 0.225 0.095 -0.1178684561 2
0 0.225 0.105 0.03433739289 2
0 0.225 0.115 0.1857422717 2
0 0.225 0.125 0.3328144388 2
0 0.225 0.135 0.4721232196 2
0 0.225 0.145 0.6004190317 2
0 0.225 0.155 0 2
0 0.225 0.165 0 2
0 0.225 0.175 0 2
0 0.225 0.185 0 2
0 0.225 0.195 0 2
0 0.225 0.205 0 1
0 0.225 0.215 0 1
0 0.235 -0.205 0 2
0 0.235 -0.195 0 2
0 0.235 -0.185 0 2
0 0.235 -0.175 0 2
0 0.235 -0.165 0 2
0 0.235 -0.155 0 2
0 0.235 -0.145 0.6002794934 2
0 0.235 -0.135 0.4720134974 2
0 0.235 -0.125 0.3327370922 2
0 0.235 -0.115 0.1856991049 2
0 0.235 -0.105 0.03432941282 2
0 0.235 -0.095 -0.1178410633 2
0 0.235 -0.085 -0.2672627233 2
0 0.235 -0.075 -0.4104500871 2
0 0.235 -0.065 -0.5440630989 2
0 0.235 -0.055 -0.6649850386 2
0 0.235 -0.045 -0.770395224 2
0 0.235 -0.035 -0.8578348076 2
0 0.235 -0.025 -0.9252641324 2
0 0.235 -0.015 -0.9711103103 2
0 0.235 -0.005 -0.9943039117 2
0 0.235 0.005 -0.9943039117 2
0 0.235 0.015 -0.9711103103 2
0 0.235 0.025 -0.9252641324 2
0 0.235 0.035 -0.8578348076 2
0 0.235 0.045 -0.770395224 2
0 0.235 0.055 -0.6649850386 2
0 0.235 0.065 -0.5440630989 2
0 0.235 0.075 -0.4104500871 2
0 0.235 0.085 -0.2672627233 2
0 0.235 0.095 -0.1178410633 2
0 0.235 0.105 0.03432941282 2
0 0.235 0.115 0.1856991049 2
0 0.235 0.125 0.3327370922 2
0 0.235 0.135 0.4720134974 2
0 0.235 0.145 0.6002794934 2
0 0.235 0.155 0 2
0 0.235 0.165 0 2
0 0.235 0.175 0 2
0 0.235 0.185 0 2
0 0.235 0.195 0 2
0 0.235 0.205 0 1
0 0.235 0.215 0 1
0 0.245 -0.205 0 2
0 0.245 -0.195 0 2
0 0.245 -0.185 0 2
0 0.245 -0.175 0 2
0 0.245 -0.165 0 2
0 0.245 -0.155 0 2
0 0.245 -0.145 0.6001338997 2
0 0.245 -0.135 0.4718990137 2
0 0.245 -0.125 0.3326563891 2
0 0.245 -0.115 0.1856540649 2
0 0.245 -0.105 0.03432108645 2
0 0.245 -0.095 -0.1178124818 2
0 0.245 -0.085 -0.2671979006 2
0 0.245 -0.075 -0.4103505353 2
0 0.245 -0.065 -0.5439311401 2
0 0.245 -0.055 -0.664823751 2
0 0.245 -0.045 -0.7702083699 2
0 0.245 -0.035 -0.8576267456 2
0 0.245 -0.025 -0.9250397159 2
0 0.245 -0.015 -0.9708747741 2
0 0.245 -0.005 -0.99406275 2
0 0.245 0.005 -0.99406275 2
0 0.245 0.015 -0.9708747741 2
0 0.245 0.025 -0.9250397159 2
0 0.245 0.035 -0.8576267456 2
0 0.245 0.045 -0.7702083699 2
0 0.245 0.055 -0.664823751 2
0 0.245 0.065 -0.5439311401 2
0 0.245 0.075 -0.4103505353 2
0 0.245 0.085 -0.2671979006 2
0 0.245 0.095 -0.1178124818 2
0 0.245 0.105 0.03432108645 2
0 0.245 0.115 0.1856540649 2
0 0.245 0.125 0.3326563891 2
0 0.245 0.135 0.4718990137 2
0 0.245 0.145 0.6001338997 2
0 0.245 0.155 0 2
0 0.245 0.165 0 2
0 0.245 0.175 0 2
0 0.245 0.185 0 2
0 0.245 0.195 0 2
0 0.245 0.205 0 2
0 0.245 0.215 0 1
0 0.255 -0.205 0 2
0 0.255 -0.195 0 2
0 0.255 -0.185 0 2
0 0.255 -0.175 0 2
0 0.255 -0.165 0 2
0 0.255 -0.155 0 2
0 0.255 -0.145 0.599982252 2
0 0.255 -0.135 0.4717797697 2
0 0.255 -0.125 0.3325723303 2
0 0.255 -0.115 0.185607152 2
0 0.255 -0.105 0.03431241387 2
0 0.255 -0.095 -0.1177827118 2
0 0.255 -0.085 -0.2671303824 2
0 0.255 -0.075 -0.4102468439 1
0 0.255 -0.065 -0.5437936943 1
0 0.255 -0.055 -0.6646557569 1
0 0.255 -0.045 -0.7700137462 1
0 0.255 -0.035 -0.8574100322 2
0 0.255 -0.025 -0.9248059679 2
0 0.255 -0.015 -0.9706294441 2
0 0.255 -0.005 -0.9938115606 2
0 0.255 0.005 -0.9938115606 2
0 0.255 0.015 -0.9706294441 2
0 0.255 0.025 -0.9248059679 2
0 0.255 0.035 -0.8574100322 2
0 0.255 0.045 -0.7700137462 2
0 0.255 0.055 -0.6646557569 2
0 0.255 0.065 -0.5437936943 2
0 0.255 0.075 -0.4102468439 2
0 0.255 0.085 -0.2671303824 2
0 0.255 0.095 -0.1177827118 2
0 0.255 0.105 0.03431241387 2
0 0.255 0.115 0.185607152 2
0 0.255 0.125 0.3325723303 2
0 0.255 0.135 0.4717797697 2
0 0.255 0.145 0.599982252 2
0 0.255 0.155 0 2
0 0.255 0.165 0 2
0 0.255 0.175 0 2
0 0.255 0.185 0 2
0 0.255 0.195 0 2
0 0.255 0.205 0 2
0 0.255 0.215 0 2
0 0.265 -0.205 0 2
0 0.265 -0.195 0 2
0 0.265 -0.185 0 2
0 0.265 -0.175 0 2
0 0.265 -0.165 0 2
0 0.265 -0.155 0 2
0 0.265 -0.145 0.599824552 2
0 0.265 -0.135 0.4716557666 2
0 0.265 -0.125 0.3324849166 2
0 0.265 -0.115 0.1855583668 2
0 0.265 -0.105 0.03430339516 2
0 0.265 -0.095 -0.1177517536 2
0 0.265 -0.085 -0.2670601696 1
0 0.265 -0.075 -0.4101390142 1
0 0.265 -0.065 -0.543650763 1
0 0.265 -0.055 -0.664481058 1
0 0.265 -0.045 -0.769811355 1
0 0.265 -0.035 -0.8571846696 1
0 0.265 -0.025 -0.9245628909 2
0 0.265 -0.015 -0.9703743228 2
0 0.265 -0.005 -0.9935503461 2
0 0.265 0.005 -0.9935503461 2
0 0.265 0.015 -0.9703743228 2
0 0.265 0.025 -0.9245628909 2
0 0.265 0.035 -0.8571846696 2
0 0.265 0.045 -0.769811355 2
0 0.265 0.055 -0.664481058 2
0 0.265 0.065 -0.543650763 2
0 0.265 0.075 -0.4101390142 2
0 0.265 0.085 -0.2670601696 2
0 0.265 0.095 -0.1177517536 2
0 0.265 0.105 0.03430339516 2
0 0.265 0.115 0.1855583668 2
0 0.265 0.125 0.3324849166 2
0 0.265 0.135 0.4716557666 2
0 0.265 0.145 0.599824552 2
0 0.265 0.155 0 2
0 0.265 0.165 0 2
0 0.265 0.175 0 2
0 0.265 0.185 0 2
0 0.265 0.195 0 2
0 0.265 0.205 0 2
0 0.265 0.215 0 2
0 0.275 -0.205 0 2
0 0.275 -0.195 0 2
0 0.275 -0.185 0 2
0 0.275 -0.175 0 2
0 0.275 -0.165 0 2
0 0.275 -0.155 0 2
0 0.275 -0.145 0.5996608013 2
0 0.275 -0.135 0.4715270056 2
0 0.275 -0.125 0.3323941489 2
0 0.275 -0.115 0.1855077098 2
0 0.275 -0.105 0.03429403041 2
0 0.275 -0.095 -0.1177196077 2
0 0.275 -0.085 -0.2669872627 1
0 0.275 -0.075 -0.4100270471 1
0 0.275 -0.065 -0.5435023475 1
0 0.275 -0.055 -0.6642996562 1
0 0.275 -0.045 -0.7696011981 1
0 0.275 -0.035 -0.8569506601 1
0 0.275 -0.025 -0.9243104873 2
0 0.275 -0.015 -0.9701094127 2
0 0.275 -0.005 -0.9932791091 2
0 0.275 0.005 -0.9932791091 2
0 0.275 0.015 -0.9701094127 2
0 0.275 0.025 -0.9243104873 2
0 0.275 0.035 -0.8569506601 2
0 0.275 0.045 -0.7696011981 2
0 0.275 0.055 -0.6642996562 2
0 0.275 0.065 -0.5435023475 2
0 0.275 0.075 -0.4100270471 2
0 0.275 0.085 -0.2669872627 2
0 0.275 0.095 -0.1177196077 2
0 0.275 0.105 0.03429403041 2
0 0.275 0.115 0.1855077098 2
0 0.275 0.125 0.3323941489 2
0 0.275 0.135 0.4715270056 2
0 0.275 0.145 0.5996608013 2
0 0.275 0.155 0 2
0 0.275 0.165 0 2
0 0.275 0.175 0 2
0 0.275 0.185 0 2
0 0.275 0.195 0 2
0 0.275 0.205 0 2
0 0.275 0.215 0 2
0 0.285 -0.205 0 2
0 0.285 -0.195 0 2
0 0.285 -0.185 0 2
0 0.285 -0.175 0 2
0 0.285 -0.165 0 2
0 0.285 -0.155 0 2
0 0.285 -0.145 0.5994910013 2
0 0.285 -0.135 0.471393488 2
0 0.285 -0.125 0.3323000282 2
0 0.285 -0.115 0.1854551814 2
0 0.285 -0.105 0.03428431971 2
0 0.285 -0.095 -0.1176862742 2
0 0.285 -0.085 -0.2669116626 1
0 0.285 -0.075 -0.4099109439 1
0 0.285 -0.065 -0.5433484494 1
0 0.285 -0.055 -0.6641115531 1
0 0.285 -0.045 -0.7693832779 1
0 0.285 -0.035 -0.856708006 1
0 0.285 -0.025 -0.9240487596 1
0 0.285 -0.015 -0.9698347166 2
0 0.285 -0.005 -0.9929978522 2
0 0.285 0.005 -0.9929978522 2
0 0.285 0.015 -0.9698347166 2
0 0.285 0.025 -0.9240487596 2
0 0.285 0.035 -0.856708006 2
0 0.285 0.045 -0.7693832779 2
0 0.285 0.055 -0.6641115531 2
0 0.285 0.065 -0.5433484494 2
0 0.285 0.075 -0.4099109439 2
0 0.285 0.085 -0.2669116626 2
0 0.285 0.095 -0.1176862742 2
0 0.285 0.105 0.03428431971 2
0 0.285 0.115 0.1854551814 2
0 0.285 0.125 0.3323000282 2
0 0.285 0.135 0.471393488 2
0 0.285 0.145 0.5994910013 2
0 0.285 0.155 0 2
0 0.285 0.165 0 2
0 0.285 0.175 0 2
0 0.285 0.185 0 2
0 0.285 0.195 0 2
0 0.285 0.205 0 2
0 0.285 0.215 0 2
0 0.295 -0.205 0 2
0 0.295 -0.195 0 2
0 0.295 -0.185 0 1
0 0.295 -0.175 0 1
0 0.295 -0.165 0 1
0 0.295 -0.155 0 1
0 0.295 -0.145 0.599315154 2
0 0.295 -0.135 0.4712552153 2
0 0.295 -0.125 0.3322025554 2
0 0.295 -0.115 0.1854007823 2
0 0.295 -0.105 0.03427426317 2
0 0.295 -0.095 -0.1176517535 2
0 0.295 -0.085 -0.26683337 1
0 0.295 -0.075 -0.4097907057 1
0 0.295 -0.065 -0.5431890703 1
0 0.295 -0.055 -0.6639167508 1
0 0.295 -0.045 -0.7691575965 1
0 0.295 -0.035 -0.8564567098 1
0 0.295 -0.025 -0.9237777104 1
0 0.295 -0.015 -0.9695502372 2
0 0.295 -0.005 -0.9927065784 2
0 0.295 0.005 -0.9927065784 2
0 0.295 0.015 -0.9695502372 2
0 0.295 0.025 -0.9237777104 2
0 0.295 0.035 -0.8564567098 2
0 0.295 0.045 -0.7691575965 2
0 0.295 0.055 -0.6639167508 2
0 0.295 0.065 -0.5431890703 2
0 0.295 0.075 -0.4097907057 2
0 0.295 0.085 -0.26683337 2
0 0.295 0.095 -0.1176517535 2
0 0.295 0.105 0.03427426317 2
0 0.295 0.115 0.1854007823 2
0 0.295 0.125 0.3322025554 2
0 0.295 0.135 0.4712552153 2
0 0.295 0.145 0.599315154 2
0 0.295 0.155 0 2
0 0.295 0.165 0 2
0 0.295 0.175 0 2
0 0.295 0.185 0 2
0 0.295 0.195 0 2
0 0.295 0.205 0 2
0 0.295 0.215 0 2
0 0.305 -0.205 0 2
0 0.305 -0.195 0 1
0 0.305 -0.185 0 1
0 0.305 -0.175 0 1
0 0.305 -0.165 0 1
0 0.305 -0.155 0 1
0 0.305 -0.145 0 1
0 0.305 -0.135 0 2
0 0.305 -0.125 0 2
0 0.305 -0.115 0 2
0 0.305 -0.105 0 2
0 0.305 -0.095 0 2
0 0.305 -0.085 0 1
0 0.305 -0.075 0 1
0 0.305 -0.065 0 1
0 0.305 -0.055 0 1
0 0.305 -0.045 0 1
0 0.305 -0.035 0 1
0 0.305 -0.025 0 1
0 0.305 -0.015 0 2
0 0.305 -0.005 0 2
0 0.305 0.005 0 2
0 0.305 0.015 0 2
0 0.305 0.025 0 2
0 0.305 0.035 0 2
0 0.305 0.045 0 2
0 0.305 0.055 0 2
0 0.305 0.065 0 2
0 0.305 0.075 0 2
0 0.305 0.085 0 2
0 0.305 0.095 0 2
0 0.305 0.105 0 2
0 0.305 0.115 0 2
0 0.305 0.125 0 2
0 0.305 0.135 0 2
0 0.305 0.145 0 2
0 0.305 0.155 0 2
0 0.305 0.165 0 2
0 0.305 0.175 0 2
0 0.305 0.185 0 2
0 0.305 0.195 0 2
0 0.305 0.205 0 2
0 0.305 0.215 0 2
0 0.315 -0.205 0 2
0 0.315 -0.195 0 1
0 0.315 -0.185 0 1
0 0.315 -0.175 0 1
0 0.315 -0.165 0 1
0 0.315 -0.155 0 1
0 0.315 -0.145 0 1
0 0.315 -0.135 0 2
0 0.315 -0.125 0 2
0 0.315 -0.115 0 2
0 0.315 -0.105 0 2
0 0.315 -0.095 0 2
0 0.315 -0.085 0 1
0 0.315 -0.075 0 1
0 0.315 -0.065 0 1
0 0.315 -0.055 0 1
0 0.315 -0.045 0 1
0 0.315 -0.035 0 1
0 0.315 -0.025 0 1
0 0.315 -0.015 0 2
0 0.315 -0.005 0 2
0 0.315 0.005 0 2
0 0.315 0.015 0 2
0 0.315 0.025 0 2
0 0.315 0.035 0 2
0 0.315 0.045 0 2
0 0.315 0.055 0 2
0 0.315 0.065 0 2
0 0.315 0.075 0 2
0 0.315 0.085 0 2
0 0.315 0.095 0 2
0 0.315 0.105 0 2
0 0.315 0.115 0 2
0 0.315 0.125 0 2
0 0.315 0.135 0 2
0 0.315 0.145 0 1
0 0.315 0.155 0 1
0 0.315 0.165 0 1
0 0.315 0.175 0 1
0 0.315 0.185 0 2
0 0.315 0.195 0 2
0 0.315 0.205 0 2
0 0.315 0.215 0 2
0 0.325 -0.205 0 2
0 0.325 -0.195 0 1
0 0.325 -0.185 0 1
0 0.325 -0.175 0 1
0 0.325 -0.165 0 1
0 0.325 -0.155 0 1
0 0.325 -0.145 0 1
0 0.325 -0.135 0 1
0 0.325 -0.125 0 2
0 0.325 -0.115 0 2
0 0.325 -0.105 0 2
0 0.325 -0.095 0 2
0 0.325 -0.085 0 1
0 0.325 -0.075 0 1
0 0.325 -0.065 0 1
0 0.325 -0.055 0 1
0 0.325 -0.045 0 1
0 0.325 -0.035 0 1
0 0.325 -0.025 0 1
0 0.325 -0.015 0 2
0 0.325 -0.005 0 2
0 0.325 0.005 0 2
0 0.325 0.015 0 2
0 0.325 0.025 0 2
0 0.325 0.035 0 2
0 0.325 0.045 0 2
0 0.325 0.055 0 2
0 0.325 0.065 0 2
0 0.325 0.075 0 2
0 0.325 0.085 0 2
0 0.325 0.095 0 2
0 0.325 0.105 0 2
0 0.325 0.115 0 2
0 0.325 0.125 0 2
0 0.325 0.135 0 2
0 0.325 0.145 0 1
0 0.325 0.155 0 1
0 0.325 0.165 0 1
0 0.325 0.175 0 1
0 0.325 0.185 0 1
0 0.325 0.195 0 2
0 0.325 0.205 0 2
0 0.325 0.215 0 2
0 0.335 -0.205 0 2
0 0.335 -0.195 0 1
0 0.335 -0.185 0 1
0 0.335 -0.175 0 1
0 0.335 -0.165 0 1
0 0.335 -0.155 0 1
0 0.335 -0.145 0 1
0 0.335 -0.135 0 1
0 0.335 -0.125 0 2
0 0.335 -0.115 0 2
0 0.335 -0.105 0 2
0 0.335 -0.095 0 2
0 0.335 -0.085 0 2
0 0.335 -0.075 0 1
0 0.335 -0.065 0 1
0 0.335 -0.055 0 1
0 0.335 -0.045 0 1
0 0.335 -0.035 0 1
0 0.335 -0.025 0 1
0 0.335 -0.015 0 2
0 0.335 -0.005 0 2
0 0.335 0.005 0 2
0 0.335 0.015 0 2
0 0.335 0.025 0 2
0 0.335 0.035 0 2
0 0.335 0.045 0 2
0 0.335 0.055 0 2
0 0.335 0.065 0 2
0 0.335 0.075 0 2
0 0.335 0.085 0 2
0 0.335 0.095 0 2
0 0.335 0.105 0 2
0 0.335 0.115 0 2
0 0.335 0.125 0 2
0 0.335 0.135 0 1
0 0.335 0.145 0 1
0 0.335 0.155 0 1
0 0.335 0.165 0 1
0 0.335 0.175 0 1
0 0.335 0.185 0 1
0 0.335 0.195 0 1
0 0.335 0.205 0 2
0 0.335 0.215 0 1
0 0.345 -0.205 0 2
0 0.345 -0.195 0 1
0 0.345 -0.185 0 1
0 0.345 -0.175 0 1
0 0.345 -0.165 0 1
0 0.345 -0.155 0 1
0 0.345 -0.145 0 1
0 0.345 -0.135 0 1
0 0.345 -0.125 0 2
0 0.345 -0.115 0 2
0 0.345 -0.105 0 2
0 0.345 -0.095 0 2
0 0.345 -0.085 0 2
0 0.345 -0.075 0 1
0 0.345 -0.065 0 1
0 0.345 -0.055 0 1
0 0.345 -0.045 0 1
0 0.345 -0.035 0 1
0 0.345 -0.025 0 1
0 0.345 -0.015 0 2
0 0.345 -0.005 0 2
0 0.345 0.005 0 2
0 0.345 0.015 0 2
0 0.345 0.025 0 2
0 0.345 0.035 0 2
0 0.345 0.045 0 2
0 0.345 0.055 0 2
0 0.345 0.065 0 2
0 0.345 0.075 0 2
0 0.345 0.085 0 2
0 0.345 0.095 0 2
0 0.345 0.105 0 2
0 0.345 0.115 0 2
0 0.345 0.125 0 2
0 0.345 0.135 0 1
0 0.345 0.145 0 1
0 0.345 0.155 0 1
0 0.345 0.165 0 1
0 0.345 0.175 0 1
0 0.345 0.185 0 1
0 0.345 0.195 0 1
0 0.345 0.205 0 1
0 0.345 0.215 0 1
0 0.355 -0.205 0 2
0 0.355 -0.195 0 1
0 0.355 -0.185 0 1
0 0.355 -0.175 0 1
0 0.355 -0.165 0 1
0 0.355 -0.155 0 1
0 0.355 -0.145 0 1
0 0.355 -0.135 0 1
0 0.355 -0.125 0 2
0 0.355 -0.115 0 2
0 0.355 -0.105 0 2
0 0.355 -0.095 0 2
0 0.355 -0.085 0 2
0 0.355 -0.075 0 2
0 0.355 -0.065 0 1
0 0.355 -0.055 0 1
0 0.355 -0.045 0 1
0 0.355 -0.035 0 1
0 0.355 -0.025 0 2
0 0.355 -0.015 0 2
0 0.355 -0.005 0 2
0 0.355 0.005 0 2
0 0.355 0.015 0 2
0 0.355 0.025 0 2
0 0.355 0.035 0 2
0 0.355 0.045 0 2
0 0.355 0.055 0 2
0 0.355 0.065 0 2
0 0.355 0.075 0 2
0 0.355 0.085 0 2
0 0.355 0.095 0 2
0 0.355 0.105 0 2
0 0.355 0.115 0 2
0 0.355 0.125 0 2
0 0.355 0.135 0 1
0 0.355 0.145 0 1
0 0.355 0.155 0 1
0 0.355 0.165 0 1
0 0.355 0.175 0 1
0 0.355 0.185 0 1
0 0.355 0.195 0 1
0 0.355 0.205 0 1
0 0.355 0.215 0 1
0 0.365 -0.205 0 2
0 0.365 -0.195 0 1
0 0.365 -0.185 0 1
0 0.365 -0.175 0 1
0 0.365 -0.165 0 1
0 0.365 -0.155 0 1
0 0.365 -0.145 0 1
0 0.365 -0.135 0 1
0 0.365 -0.125 0 2
0 0.365 -0.115 0 2
0 0.365 -0.105 0 2
0 0.365 -0.095 0 2
0 0.365 -0.085 0 2
0 0.365 -0.075 0 2
0 0.365 -0.065 0 2
0 0.365 -0.055 0 2
0 0.365 -0.045 0 2
0 0.365 -0.035 0 2
0 0.365 -0.025 0 2
0 0.365 -0.015 0 2
0 0.365 -0.005 0 2
0 0.365 0.005 0 2
0 0.365 0.015 0 2
0 0.365 0.025 0 2
0 0.365 0.035 0 2
0 0.365 0.045 0 2
0 0.365 0.055 0 2
0 0.365 0.065 0 2
0 0.365 0.075 0 2
0 0.365 0.085 0 2
0 0.365 0.095 0 2
0 0.365 0.105 0 2
0 0.365 0.115 0 2
0 0.365 0.125 0 2
0 0.365 0.135 0 2
0 0.365 0.145 0 1
0 0.365 0.155 0 1
0 0.365 0.165 0 1
0 0.365 0.175 0 1
0 0.365 0.185 0 1
0 0.365 0.195 0 1
0 0.365 0.205 0 1
0 0.365 0.215 0 1
