t x y content type
0 -0.055 -0.205 0 2
0 -0.055 -0.195 0 2
0 -0.055 -0.185 0 2
0 -0.055 -0.175 0 2
0 -0.055 -0.165 0 2
0 -0.055 -0.155 0 2
0 -0.055 -0.145 0 2
0 -0.055 -0.135 0 2
0 -0.055 -0.125 0 2
0 -0.055 -0.115 0 2
0 -0.055 -0.105 0 2
0 -0.055 -0.095 0 2
0 -0.055 -0.085 0 2
0 -0.055 -0.075 0 2
0 -0.055 -0.065 0 2
0 -0.055 -0.055 0 2
0 -0.055 -0.045 0 2
0 -0.055 -0.035 0 2
0 -0.055 -0.025 0 2
0 -0.055 -0.015 0 1
0 -0.055 -0.005 0 1
0 -0.055 0.005 0 1
0 -0.055 0.015 0 1
0 -0.055 0.025 0 1
0 -0.055 0.035 0 1
0 -0.055 0.045 0 1
0 -0.055 0.055 0 1
0 -0.055 0.065 0 1
0 -0.055 0.075 0 1
0 -0.055 0.085 0 1
0 -0.055 0.095 0 2
0 -0.055 0.105 0 2
0 -0.055 0.115 0 2
0 -0.055 0.125 0 2
0 -0.055 0.135 0 2
0 -0.055 0.145 0 2
0 -0.055 0.155 0 2
0 -0.055 0.165 0 2
0 -0.055 0.175 0 2
0 -0.055 0.185 0 2
0 -0.055 0.195 0 2
0 -0.055 0.205 0 2
0 -0.055 0.215 0 2
0 -0.045 -0.205 0 2
0 -0.045 -0.195 0 2
0 -0.045 -0.185 0 2
0 -0.045 -0.175 0 2
0 -0.045 -0.165 0 2
0 -0.045 -0.155 0 2
0 -0.045 -0.145 0 2
0 -0.045 -0.135 0 2
0 -0.045 -0.125 0 2
0 -0.045 -0.115 0 2
0 -0.045 -0.105 0 2
0 -0.045 -0.095 0 2
0 -0.045 -0.085 0 2
0 -0.045 -0.075 0 2
0 -0.045 -0.065 0 2
0 -0.045 -0.055 0 2
0 -0.045 -0.045 0 2
0 -0.045 -0.035 0 2
0 -0.045 -0.025 0 2
0 -0.045 -0.015 0 1
0 -0.045 -0.005 0 1
0 -0.045 0.005 0 1
0 -0.045 0.015 0 1
0 -0.045 0.025 0 1
0 -0.045 0.035 0 1
0 -0.045 0.045 0 1
0 -0.045 0.055 0 1
0 -0.045 0.065 0 1
0 -0.045 0.075 0 1
0 -0.045 0.085 0 1
0 -0.045 0.095 0 2
0 -0.045 0.105 0 2
0 -0.045 0.115 0 2
0 -0.045 0.125 0 2
0 -0.045 0.135 0 2
0 -0.045 0.145 0 2
0 -0.045 0.155 0 2
0 -0.045 0.165 0 2
0 -0.045 0.175 0 2
0 -0.045 0.185 0 2
0 -0.045 0.195 0 2
0 -0.045 0.205 0 2
0 -0.045 0.215 0 2
0 -0.035 -0.205 0 2
0 -0.035 -0.195 0 2
0 -0.035 -0.185 0 2
0 -0.035 -0.175 0 2
0 -0.035 -0.165 0 2
0 -0.035 -0.155 0 2
0 -0.035 -0.145 0 2
0 -0.035 -0.135 0 2
0 -0.035 -0.125 0 2
0 -0.035 -0.115 0 2
0 -0.035 -0.105 0 2
0 -0.035 -0.095 0 2
0 -0.035 -0.085 0 2
0 -0.035 -0.075 0 2
0 -0.035 -0.065 0 2
0 -0.035 -0.055 0 2
0 -0.035 -0.045 0 2
0 -0.035 -0.035 0 2
0 -0.035 -0.025 0 2
0 -0.035 -0.015 0 2
0 -0.035 -0.005 0 1
0 -0.035 0.005 0 1
0 -0.035 0.015 0 1
0 -0.035 0.025 0 1
0 -0.035 0.035 0 1
0 -0.035 0.045 0 1
0 -0.035 0.055 0 1
0 -0.035 0.065 0 1
0 -0.035 0.075 0 1
0 -0.035 0.085 0 1
0 -0.035 0.095 0 2
0 -0.035 0.105 0 2
0 -0.035 0.115 0 2
0 -0.035 0.125 0 2
0 -0.035 0.135 0 2
0 -0.035 0.145 0 2
0 -0.035 0.155 0 2
0 -0.035 0.165 0 2
0 -0.035 0.175 0 2
0 -0.035 0.185 0 2
0 -0.035 0.195 0 2
0 -0.035 0.205 0 2
0 -0.035 0.215 0 2
0 -0.025 -0.205 0 2
0 -0.025 -0.195 0 2
0 -0.025 -0.185 0 2
0 -0.025 -0.175 0 2
0 -0.025 -0.165 0 2
0 -0.025 -0.155 0 2
0 -0.025 -0.145 0 2
0 -0.025 -0.135 0 2
0 -0.025 -0.125 0 2
0 -0.025 -0.115 0 2
0 -0.025 -0.105 0 2
0 -0.025 -0.095 0 2
0 -0.025 -0.085 0 2
0 -0.025 -0.075 0 2
0 -0.025 -0.065 0 2
0 -0.025 -0.055 0 2
0 -0.025 -0.045 0 2
0 -0.025 -0.035 0 2
0 -0.025 -0.025 0 2
0 -0.025 -0.015 0 2
0 -0.025 -0.005 0 2
0 -0.025 0.005 0 2
0 -0.025 0.015 0 1
0 -0.025 0.025 0 1
0 -0.025 0.035 0 1
0 -0.025 0.045 0 1
0 -0.025 0.055 0 1
0 -0.025 0.065 0 1
0 -0.025 0.075 0 1
0 -0.025 0.085 0 2
0 -0.025 0.095 0 2
0 -0.025 0.105 0 2
0 -0.025 0.115 0 2
0 -0.025 0.125 0 2
0 -0.025 0.135 0 2
0 -0.025 0.145 0 2
0 -0.025 0.155 0 2
0 -0.025 0.165 0 2
0 -0.025 0.175 0 2
0 -0.025 0.185 0 2
0 -0.025 0.195 0 2
0 -0.025 0.205 0 2
0 -0.025 0.215 0 2
0 -0.015 -0.205 0 2
0 -0.015 -0.195 0 2
0 -0.015 -0.185 0 2
0 -0.015 -0.175 0 2
0 -0.015 -0.165 0 2
0 -0.015 -0.155 0 2
0 -0.015 -0.145 0 2
0 -0.015 -0.135 0 2
0 -0.015 -0.125 0 2
0 -0.015 -0.115 0 2
0 -0.015 -0.105 0 2
0 -0.015 -0.095 0 2
0 -0.015 -0.085 0 2
0 -0.015 -0.075 0 2
0 -0.015 -0.065 0 2
0 -0.015 -0.055 0 2
0 -0.015 -0.045 0 2
0 -0.015 -0.035 0 2
0 -0.015 -0.025 0 2
0 -0.015 -0.015 0 2
0 -0.015 -0.005 0 2
0 -0.015 0.005 0 2
0 -0.015 0.015 0 2
0 -0.015 0.025 0 2
0 -0.015 0.035 0 2
0 -0.015 0.045 0 1
0 -0.015 0.055 0 1
0 -0.015 0.065 0 2
0 -0.015 0.075 0 2
0 -0.015 0.085 0 2
0 -0.015 0.095 0 2
0 -0.015 0.105 0 2
0 -0.015 0.115 0 2
0 -0.015 0.125 0 2
0 -0.015 0.135 0 2
0 -0.015 0.145 0 2
0 -0.015 0.155 0 2
0 -0.015 0.165 0 2
0 -0.015 0.175 0 2
0 -0.015 0.185 0 2
0 -0.015 0.195 0 2
0 -0.015 0.205 0 2
0 -0.015 0.215 0 2
0 -0.005 -0.205 0 2
0 -0.005 -0.195 0 2
0 -0.005 -0.185 0 2
0 -0.005 -0.175 0 2
0 -0.005 -0.165 0 2
0 -0.005 -0.155 0 2
0 -0.005 -0.145 0 2
0 -0.005 -0.135 0 2
0 -0.005 -0.125 0 2
0 -0.005 -0.115 0 2
0 -0.005 -0.105 0 2
0 -0.005 -0.095 0 2
0 -0.005 -0.085 0 2
0 -0.005 -0.075 0 2
0 -0.005 -0.065 0 2
0 -0.005 -0.055 0 2
0 -0.005 -0.045 0 2
0 -0.005 -0.035 0 2
0 -0.005 -0.025 0 2
0 -0.005 -0.015 0 2
0 -0.005 -0.005 0 2
0 -0.005 0.005 0 2
0 -0.005 0.015 0 2
0 -0.005 0.025 0 2
0 -0.005 0.035 0 2
0 -0.005 0.045 0 2
0 -0.005 0.055 0 2
0 -0.005 0.065 0 2
0 -0.005 0.075 0 2
0 -0.005 0.085 0 2
0 -0.005 0.095 0 2
0 -0.005 0.105 0 2
0 -0.005 0.115 0 2
0 -0.005 0.125 0 2
0 -0.005 0.135 0 2
0 -0.005 0.145 0 2
0 -0.005 0.155 0 2
0 -0.005 0.165 0 2
0 -0.005 0.175 0 2
0 -0.005 0.185 0 2
0 -0.005 0.195 0 2
0 -0.005 0.205 0 2
0 -0.005 0.215 0 2
0 0.005 -0.205 0 2
0 0.005 -0.195 0 2
0 0.005 -0.185 0 1
0 0.005 -0.175 0 1
0 0.005 -0.165 0 1
0 0.005 -0.155 0 1
0 0.005 -0.145 -0.9400563891 1
0 0.005 -0.135 -0.9479235015 2
0 0.005 -0.125 -0.9552476645 2
0 0.005 -0.115 -0.9620246829 2
0 0.005 -0.105 -0.968250675 2
0 0.005 -0.095 -0.9739220748 2
0 0.005 -0.085 -0.9790356337 2
0 0.005 -0.075 -0.9835884228 2
0 0.005 -0.065 -0.9875778345 2
0 0.005 -0.055 -0.9910015836 2
0 0.005 -0.045 -0.9938577091 2
0 0.005 -0.035 -0.9961445751 2
0 0.005 -0.025 -0.9978608718 2
0 0.005 -0.015 -0.9990056159 2
0 0.005 -0.005 -0.999578152 2
0 0.005 0.005 -0.999578152 2
0 0.005 0.015 -0.9990056159 2
0 0.005 0.025 -0.9978608718 2
0 0.005 0.035 -0.9961445751 2
0 0.005 0.045 -0.9938577091 2
0 0.005 0.055 -0.9910015836 2
0 0.005 0.065 -0.9875778345 2
0 0.005 0.075 -0.9835884228 2
0 0.005 0.085 -0.9790356337 2
0 0.005 0.095 -0.9739220748 2
0 0.005 0.105 -0.968250675 2
0 0.005 0.115 -0.9620246829 2
0 0.005 0.125 -0.9552476645 2
0 0.005 0.135 -0.9479235015 2
0 0.005 0.145 -0.9400563891 2
0 0.005 0.155 0 2
0 0.005 0.165 0 2
0 0.005 0.175 0 2
0 0.005 0.185 0 2
0 0.005 0.195 0 2
0 0.005 0.205 0 2
0 0.005 0.215 0 2
0 0.015 -0.205 0 2
0 0.015 -0.195 0 1
0 0.015 -0.185 0 1
0 0.015 -0.175 0 1
0 0.015 -0.165 0 1
0 0.015 -0.155 0 1
0 0.015 -0.145 -0.9374226373 1
0 0.015 -0.135 -0.9452677084 1
0 0.015 -0.125 -0.9525713513 1
0 0.015 -0.115 -0.9593293825 2
0 0.015 -0.105 -0.9655379313 2
0 0.015 -0.095 -0.9711934415 2
0 0.015 -0.085 -0.9762926738 2
0 0.015 -0.075 -0.9808327074 2
0 0.015 -0.065 -0.984810942 2
0 0.015 -0.055 -0.9882250988 2
0 0.015 -0.045 -0.9910732223 2
0 0.015 -0.035 -0.9933536812 2
0 0.015 -0.025 -0.9950651693 2
0 0.015 -0.015 -0.9962067063 2
0 0.015 -0.005 -0.9967776383 2
0 0.015 0.005 -0.9967776383 2
0 0.015 0.015 -0.9962067063 2
0 0.015 0.025 -0.9950651693 2
0 0.015 0.035 -0.9933536812 2
0 0.015 0.045 -0.9910732223 2
0 0.015 0.055 -0.9882250988 2
0 0.015 0.065 -0.984810942 2
0 0.015 0.075 -0.9808327074 2
0 0.015 0.085 -0.9762926738 2
0 0.015 0.095 -0.9711934415 2
0 0.015 0.105 -0.9655379313 2
0 0.015 0.115 -0.9593293825 2
0 0.015 0.125 -0.9525713513 2
0 0.015 0.135 -0.9452677084 2
0 0.015 0.145 -0.9374226373 2
0 0.015 0.155 0 2
0 0.015 0.165 0 2
0 0.015 0.175 0 2
0 0.015 0.185 0 2
0 0.015 0.195 0 2
0 0.015 0.205 0 2
0 0.015 0.215 0 2
0 0.025 -0.205 0 2
0 0.025 -0.195 0 1
0 0.025 -0.185 0 1
0 0.025 -0.175 0 1
0 0.025 -0.165 0 1
0 0.025 -0.155 0 1
0 0.025 -0.145 -0.9321625125 1
0 0.025 -0.135 -0.9399635628 1
0 0.025 -0.125 -0.947226223 1
0 0.025 -0.115 -0.9539463332 1
0 0.025 -0.105 -0.9601200442 2
0 0.025 -0.095 -0.9657438199 2
0 0.025 -0.085 -0.970814439 2
0 0.025 -0.075 -0.9753289973 2
0 0.025 -0.065 -0.979284909 2
0 0.025 -0.055 -0.982679908 2
0 0.025 -0.045 -0.98551205 2
0 0.025 -0.035 -0.9877797127 2
0 0.025 -0.025 -0.9894815971 2
0 0.025 -0.015 -0.9906167286 2
0 0.025 -0.005 -0.991184457 2
0 0.025 0.005 -0.991184457 2
0 0.025 0.015 -0.9906167286 2
0 0.025 0.025 -0.9894815971 2
0 0.025 0.035 -0.9877797127 2
0 0.025 0.045 -0.98551205 2
0 0.025 0.055 -0.982679908 2
0 0.025 0.065 -0.979284909 2
0 0.025 0.075 -0.9753289973 2
0 0.025 0.085 -0.970814439 2
0 0.025 0.095 -0.9657438199 2
0 0.025 0.105 -0.9601200442 2
0 0.025 0.115 -0.9539463332 2
0 0.025 0.125 -0.947226223 2
0 0.025 0.135 -0.9399635628 2
0 0.025 0.145 -0.9321625125 2
0 0.025 0.155 0 2
0 0.025 0.165 0 2
0 0.025 0.175 0 2
0 0.025 0.185 0 2
0 0.025 0.195 0 2
0 0.025 0.205 0 2
0 0.025 0.215 0 2
0 0.035 -0.205 0 2
0 0.035 -0.195 0 1
0 0.035 -0.185 0 1
0 0.035 -0.175 0 1
0 0.035 -0.165 0 1
0 0.035 -0.155 0 1
0 0.035 -0.145 -0.924290752 1
0 0.035 -0.135 -0.9320259255 1
0 0.035 -0.125 -0.9392272553 1
0 0.035 -0.115 -0.9458906166 1
0 0.035 -0.105 -0.952012193 1
0 0.035 -0.095 -0.957588478 2
0 0.035 -0.085 -0.9626162777 2
0 0.035 -0.075 -0.9670927122 2
0 0.035 -0.065 -0.9710152177 2
0 0.035 -0.055 -0.9743815473 2
0 0.035 -0.045 -0.9771897729 2
0 0.035 -0.035 -0.979438286 2
0 0.035 -0.025 -0.9811257987 2
0 0.035 -0.015 -0.9822513444 2
0 0.035 -0.005 -0.9828142785 2
0 0.035 0.005 -0.9828142785 2
0 0.035 0.015 -0.9822513444 2
0 0.035 0.025 -0.9811257987 2
0 0.035 0.035 -0.979438286 2
0 0.035 0.045 -0.9771897729 2
0 0.035 0.055 -0.9743815473 2
0 0.035 0.065 -0.9710152177 2
0 0.035 0.075 -0.9670927122 2
0 0.035 0.085 -0.9626162777 2
0 0.035 0.095 -0.957588478 2
0 0.035 0.105 -0.952012193 2
0 0.035 0.115 -0.9458906166 2
0 0.035 0.125 -0.9392272553 2
0 0.035 0.135 -0.9320259255 2
0 0.035 0.145 -0.924290752 2
0 0.035 0.155 0 2
0 0.035 0.165 0 2
0 0.035 0.175 0 2
0 0.035 0.185 0 2
0 0.035 0.195 0 2
0 0.035 0.205 0 2
0 0.035 0.215 0 2
0 0.045 -0.205 0 2
0 0.045 -0.195 0 2
0 0.045 -0.185 0 1
0 0.045 -0.175 0 1
0 0.045 -0.165 0 1
0 0.045 -0.155 0 1
0 0.045 -0.145 -0.9138294102 1
0 0.045 -0.135 -0.9214770351 1
0 0.045 -0.125 -0.9285968586 1
0 0.045 -0.115 -0.9351848025 1
0 0.045 -0.105 -0.9412370933 1
0 0.045 -0.095 -0.9467502646 2
0 0.045 -0.085 -0.9517211585 2
0 0.045 -0.075 -0.9561469277 2
0 0.045 -0.065 -0.9600250373 2
0 0.045 -0.055 -0.963353266 2
0 0.045 -0.045 -0.9661297074 2
0 0.045 -0.035 -0.9683527713 2
0 0.045 -0.025 -0.9700211843 2
0 0.045 -0.015 -0.9711339909 2
0 0.045 -0.005 -0.9716905535 2
0 0.045 0.005 -0.9716905535 2
0 0.045 0.015 -0.9711339909 2
0 0.045 0.025 -0.9700211843 2
0 0.045 0.035 -0.9683527713 2
0 0.045 0.045 -0.9661297074 2
0 0.045 0.055 -0.963353266 2
0 0.045 0.065 -0.9600250373 2
0 0.045 0.075 -0.9561469277 2
0 0.045 0.085 -0.9517211585 2
0 0.045 0.095 -0.9467502646 2
0 0.045 0.105 -0.9412370933 2
0 0.045 0.115 -0.9351848025 2
0 0.045 0.125 -0.9285968586 2
0 0.045 0.135 -0.9214770351 2
0 0.045 0.145 -0.9138294102 2
0 0.045 0.155 0 2
0 0.045 0.165 0 2
0 0.045 0.175 0 2
0 0.045 0.185 0 2
0 0.045 0.195 0 2
0 0.045 0.205 0 2
0 0.045 0.215 0 2
0 0.055 -0.205 0 2
0 0.055 -0.195 0 2
0 0.055 -0.185 0 1
0 0.055 -0.175 0 1
0 0.055 -0.165 0 1
0 0.055 -0.155 0 1
0 0.055 -0.145 -0.9008077966 1
0 0.055 -0.135 -0.9083464466 1
0 0.055 -0.125 -0.9153648161 1
0 0.055 -0.115 -0.9218588851 1
0 0.055 -0.105 -0.9278249339 1
0 0.055 -0.095 -0.9332595452 1
0 0.055 -0.085 -0.9381596063 2
0 0.055 -0.075 -0.9425223105 2
0 0.055 -0.065 -0.946345159 2
0 0.055 -0.055 -0.9496259621 2
0 0.055 -0.045 -0.9523628406 2
0 0.055 -0.035 -0.9545542269 2
0 0.055 -0.025 -0.9561988659 2
0 0.055 -0.015 -0.9572958155 2
0 0.055 -0.005 -0.9578444474 2
0 0.055 0.005 -0.9578444474 2
0 0.055 0.015 -0.9572958155 2
0 0.055 0.025 -0.9561988659 2
0 0.055 0.035 -0.9545542269 2
0 0.055 0.045 -0.9523628406 2
0 0.055 0.055 -0.9496259621 2
0 0.055 0.065 -0.946345159 2
0 0.055 0.075 -0.9425223105 2
0 0.055 0.085 -0.9381596063 2
0 0.055 0.095 -0.9332595452 1
0 0.055 0.105 -0.9278249339 1
0 0.055 0.115 -0.9218588851 1
0 0.055 0.125 -0.9153648161 2
0 0.055 0.135 -0.9083464466 2
0 0.055 0.145 -0.9008077966 2
0 0.055 0.155 0 2
0 0.055 0.165 0 2
0 0.055 0.175 0 2
0 0.055 0.185 0 2
0 0.055 0.195 0 2
0 0.055 0.205 0 2
0 0.055 0.215 0 2
0 0.065 -0.205 0 2
0 0.065 -0.195 0 2
0 0.065 -0.185 0 2
0 0.065 -0.175 0 1
0 0.065 -0.165 0 1
0 0.065 -0.155 0 1
0 0.065 -0.145 -0.8852623936 1
0 0.065 -0.135 -0.8926709478 1
0 0.065 -0.125 -0.8995682001 1
0 0.065 -0.115 -0.9059501997 1
0 0.065 -0.105 -0.9118132913 1
0 0.065 -0.095 -0.9171541166 1
0 0.065 -0.085 -0.9219696164 2
0 0.065 -0.075 -0.9262570327 2
0 0.065 -0.065 -0.9300139095 2
0 0.065 -0.055 -0.9332380952 2
0 0.065 -0.045 -0.9359277429 2
0 0.065 -0.035 -0.9380813121 2
0 0.065 -0.025 -0.9396975693 2
0 0.065 -0.015 -0.9407755886 2
0 0.065 -0.005 -0.9413147527 2
0 0.065 0.005 -0.9413147527 2
0 0.065 0.015 -0.9407755886 2
0 0.065 0.025 -0.9396975693 2
0 0.065 0.035 -0.9380813121 2
0 0.065 0.045 -0.9359277429 2
0 0.065 0.055 -0.9332380952 2
0 0.065 0.065 -0.9300139095 2
0 0.065 0.075 -0.9262570327 2
0 0.065 0.085 -0.9219696164 1
0 0.065 0.095 -0.9171541166 1
0 0.065 0.105 -0.9118132913 1
0 0.065 0.115 -0.9059501997 1
0 0.065 0.125 -0.8995682001 1
0 0.065 0.135 -0.8926709478 1
0 0.065 0.145 -0.8852623936 2
0 0.065 0.155 0 2
0 0.065 0.165 0 2
0 0.065 0.175 0 2
0 0.065 0.185 0 2
0 0.065 0.195 0 2
0 0.065 0.205 0 2
0 0.065 0.215 0 2
0 0.075 -0.205 0 2
0 0.075 -0.195 0 2
0 0.075 -0.185 0 2
0 0.075 -0.175 0 2
0 0.075 -0.165 0 1
0 0.075 -0.155 0 1
0 0.075 -0.145 -0.8672367549 1
0 0.075 -0.135 -0.8744944568 1
0 0.075 -0.125 -0.8812512677 1
0 0.075 -0.115 -0.8875033176 1
0 0.075 -0.105 -0.8932470254 1
0 0.075 -0.095 -0.8984791013 1
0 0.075 -0.085 -0.9031965483 2
0 0.075 -0.075 -0.9073966645 2
0 0.075 -0.065 -0.9110770442 2
0 0.075 -0.055 -0.9142355793 2
0 0.075 -0.045 -0.9168704606 2
0 0.075 -0.035 -0.918980179 2
0 0.075 -0.025 -0.9205635261 2
0 0.075 -0.015 -0.9216195949 2
0 0.075 -0.005 -0.9221477805 2
0 0.075 0.005 -0.9221477805 2
0 0.075 0.015 -0.9216195949 2
0 0.075 0.025 -0.9205635261 2
0 0.075 0.035 -0.918980179 2
0 0.075 0.045 -0.9168704606 2
0 0.075 0.055 -0.9142355793 2
0 0.075 0.065 -0.9110770442 2
0 0.075 0.075 -0.9073966645 2
0 0.075 0.085 -0.9031965483 1
0 0.075 0.095 -0.8984791013 1
0 0.075 0.105 -0.8932470254 1
0 0.075 0.115 -0.8875033176 1
0 0.075 0.125 -0.8812512677 1
0 0.075 0.135 -0.8744944568 1
0 0.075 0.145 -0.8672367549 1
0 0.075 0.155 0 2
0 0.075 0.165 0 2
0 0.075 0.175 0 2
0 0.075 0.185 0 2
0 0.075 0.195 0 2
0 0.075 0.205 0 2
0 0.075 0.215 0 2
0 0.085 -0.205 0 2
0 0.085 -0.195 0 2
0 0.085 -0.185 0 2
0 0.085 -0.175 0 2
0 0.085 -0.165 0 2
0 0.085 -0.155 0 2
0 0.085 -0.145 -0.8467813827 1
0 0.085 -0.135 -0.8538678984 1
0 0.085 -0.125 -0.8604653375 1
0 0.085 -0.115 -0.8665699213 1
0 0.085 -0.105 -0.8721781532 1
0 0.085 -0.095 -0.877286821 2
0 0.085 -0.085 -0.8818929984 2
0 0.085 -0.075 -0.8859940471 2
0 0.085 -0.065 -0.8895876183 2
0 0.085 -0.055 -0.8926716535 2
0 0.085 -0.045 -0.8952443863 2
0 0.085 -0.035 -0.8973043431 2
0 0.085 -0.025 -0.898850344 2
0 0.085 -0.015 -0.8998815035 2
0 0.085 -0.005 -0.900397231 2
0 0.085 0.005 -0.900397231 2
0 0.085 0.015 -0.8998815035 2
0 0.085 0.025 -0.898850344 2
0 0.085 0.035 -0.8973043431 2
0 0.085 0.045 -0.8952443863 2
0 0.085 0.055 -0.8926716535 2
0 0.085 0.065 -0.8895876183 2
0 0.085 0.075 -0.8859940471 2
0 0.085 0.085 -0.8818929984 1
0 0.085 0.095 -0.877286821 1
0 0.085 0.105 -0.8721781532 1
0 0.085 0.115 -0.8665699213 1
0 0.085 0.125 -0.8604653375 1
0 0.085 0.135 -0.8538678984 1
0 0.085 0.145 -0.8467813827 1
0 0.085 0.155 0 1
0 0.085 0.165 0 2
0 0.085 0.175 0 2
0 0.085 0.185 0 2
0 0.085 0.195 0 2
0 0.085 0.205 0 2
0 0.085 0.215 0 2
0 0.095 -0.205 0 2
0 0.095 -0.195 0 2
0 0.095 -0.185 0 2
0 0.095 -0.175 0 2
0 0.095 -0.165 0 2
0 0.095 -0.155 0 2
0 0.095 -0.145 -0.8239535869 2
0 0.095 -0.135 -0.830849062 2
0 0.095 -0.125 -0.8372686454 2
0 0.095 -0.115 -0.8432086599 2
0 0.095 -0.105 -0.8486657034 2
0 0.095 -0.095 -0.85363665 2
0 0.095 -0.085 -0.8581186527 2
0 0.095 -0.075 -0.8621091441 2
0 0.095 -0.065 -0.8656058386 2
0 0.095 -0.055 -0.8686067335 2
0 0.095 -0.045 -0.8711101097 2
0 0.095 -0.035 -0.8731145336 2
0 0.095 -0.025 -0.8746188569 2
0 0.095 -0.015 -0.8756222181 2
0 0.095 -0.005 -0.8761240424 2
0 0.095 0.005 -0.8761240424 2
0 0.095 0.015 -0.8756222181 2
0 0.095 0.025 -0.8746188569 2
0 0.095 0.035 -0.8731145336 2
0 0.095 0.045 -0.8711101097 2
0 0.095 0.055 -0.8686067335 2
0 0.095 0.065 -0.8656058386 2
0 0.095 0.075 -0.8621091441 2
0 0.095 0.085 -0.8581186527 1
0 0.095 0.095 -0.85363665 1
0 0.095 0.105 -0.8486657034 1
0 0.095 0.115 -0.8432086599 1
0 0.095 0.125 -0.8372686454 1
0 0.095 0.135 -0.830849062 1
0 0.095 0.145 -0.8239535869 1
0 0.095 0.155 0 1
0 0.095 0.165 0 2
0 0.095 0.175 0 2
0 0.095 0.185 0 2
0 0.095 0.195 0 2
0 0.095 0.205 0 2
0 0.095 0.215 0 2
0 0.105 -0.205 0 2
0 0.105 -0.195 0 2
0 0.105 -0.185 0 2
0 0.105 -0.175 0 2
0 0.105 -0.165 0 2
0 0.105 -0.155 0 2
0 0.105 -0.145 -0.7988173239 2
0 0.105 -0.135 -0.8055024395 2
0 0.105 -0.125 -0.8117261813 2
0 0.105 -0.115 -0.8174849845 2
0 0.105 -0.105 -0.8227755505 2
0 0.105 -0.095 -0.827594849 2
0 0.105 -0.085 -0.8319401197 2
0 0.105 -0.075 -0.8358088736 2
0 0.105 -0.065 -0.8391988949 2
0 0.105 -0.055 -0.8421082417 2
0 0.105 -0.045 -0.8445352478 2
0 0.105 -0.035 -0.8464785229 2
0 0.105 -0.025 -0.847936954 2
0 0.105 -0.015 -0.8489097057 1
0 0.105 -0.005 -0.8493962209 1
0 0.105 0.005 -0.8493962209 1
0 0.105 0.015 -0.8489097057 1
0 0.105 0.025 -0.847936954 2
0 0.105 0.035 -0.8464785229 2
0 0.105 0.045 -0.8445352478 2
0 0.105 0.055 -0.8421082417 2
0 0.105 0.065 -0.8391988949 2
0 0.105 0.075 -0.8358088736 2
0 0.105 0.085 -0.8319401197 1
0 0.105 0.095 -0.827594849 1
0 0.105 0.105 -0.8227755505 1
0 0.105 0.115 -0.8174849845 1
0 0.105 0.125 -0.8117261813 1
0 0.105 0.135 -0.8055024395 1
0 0.105 0.145 -0.7988173239 1
0 0.105 0.155 0 1
0 0.105 0.165 0 1
0 0.105 0.175 0 2
0 0.105 0.185 0 2
0 0.105 0.195 0 2
0 0.105 0.205 0 2
0 0.105 0.215 0 2
0 0.115 -0.205 0 2
0 0.115 -0.195 0 2
0 0.115 -0.185 0 2
0 0.115 -0.175 0 2
0 0.115 -0.165 0 2
0 0.115 -0.155 0 2
0 0.115 -0.145 -0.7714430178 2
0 0.115 -0.135 -0.7778990443 2
0 0.115 -0.125 -0.7839095075 2
0 0.115 -0.115 -0.7894709649 2
0 0.115 -0.105 -0.7945802309 1
0 0.115 -0.095 -0.7992343791 1
0 0.115 -0.085 -0.8034307437 1
0 0.115 -0.075 -0.807166921 1
0 0.115 -0.065 -0.8104407712 1
0 0.115 -0.055 -0.813250419 1
0 0.115 -0.045 -0.8155942551 1
0 0.115 -0.035 -0.817470937 2
0 0.115 -0.025 -0.8188793898 1
0 0.115 -0.015 -0.8198188067 1
0 0.115 -0.005 -0.8202886498 1
0 0.115 0.005 -0.8202886498 1
0 0.115 0.015 -0.8198188067 1
0 0.115 0.025 -0.8188793898 1
0 0.115 0.035 -0.817470937 2
0 0.115 0.045 -0.8155942551 2
0 0.115 0.055 -0.813250419 2
0 0.115 0.065 -0.8104407712 2
0 0.115 0.075 -0.807166921 2
0 0.115 0.085 -0.8034307437 2
0 0.115 0.095 -0.7992343791 1
0 0.115 0.105 -0.7945802309 1
0 0.115 0.115 -0.7894709649 1
0 0.115 0.125 -0.7839095075 1
0 0.115 0.135 -0.7778990443 1
0 0.115 0.145 -0.7714430178 1
0 0.115 0.155 0 1
0 0.115 0.165 0 1
0 0.115 0.175 0 2
0 0.115 0.185 0 2
0 0.115 0.195 0 2
0 0.115 0.205 0 2
0 0.115 0.215 0 2
0 0.125 -0.205 0 2
0 0.125 -0.195 0 2
0 0.125 -0.185 0 2
0 0.125 -0.175 0 2
0 0.125 -0.165 0 2
0 0.125 -0.155 0 2
0 0.125 -0.145 -0.7419073633 2
0 0.125 -0.135 -0.7481162127 2
0 0.125 -0.125 -0.7538965579 2
0 0.125 -0.115 -0.759245088 1
0 0.125 -0.105 -0.7641587394 1
0 0.125 -0.095 -0.7686346977 1
0 0.125 -0.085 -0.7726703993 1
0 0.125 -0.075 -0.7762635324 1
0 0.125 -0.065 -0.7794120392 1
0 0.125 -0.055 -0.7821141161 1
0 0.125 -0.045 -0.7843682155 1
0 0.125 -0.035 -0.7861730463 1
0 0.125 -0.025 -0.7875275748 1
0 0.125 -0.015 -0.788431025 1
0 0.125 -0.005 -0.7888828795 1
0 0.125 0.005 -0.7888828795 1
0 0.125 0.015 -0.788431025 1
0 0.125 0.025 -0.7875275748 1
0 0.125 0.035 -0.7861730463 2
0 0.125 0.045 -0.7843682155 2
0 0.125 0.055 -0.7821141161 2
0 0.125 0.065 -0.7794120392 2
0 0.125 0.075 -0.7762635324 2
0 0.125 0.085 -0.7726703993 2
0 0.125 0.095 -0.7686346977 1
0 0.125 0.105 -0.7641587394 1
0 0.125 0.115 -0.759245088 1
0 0.125 0.125 -0.7538965579 1
0 0.125 0.135 -0.7481162127 1
0 0.125 0.145 -0.7419073633 1
0 0.125 0.155 0 1
0 0.125 0.165 0 1
0 0.125 0.175 0 2
0 0.125 0.185 0 2
0 0.125 0.195 0 2
0 0.125 0.205 0 2
0 0.125 0.215 0 2
0 0.135 -0.205 0 2
0 0.135 -0.195 0 2
0 0.135 -0.185 0 2
0 0.135 -0.175 0 2
0 0.135 -0.165 0 2
0 0.135 -0.155 0 2
0 0.135 -0.145 -0.7102931101 2
0 0.135 -0.135 -0.7162373872 2
0 0.135 -0.125 -0.7217714196 2
0 0.135 -0.115 -0.7268920374 1
0 0.135 -0.105 -0.7315963077 1
0 0.135 -0.095 -0.7358815359 1
0 0.135 -0.085 -0.7397452676 1
0 0.135 -0.075 -0.7431852897 1
0 0.135 -0.065 -0.7461996319 1
0 0.135 -0.055 -0.7487865675 1
0 0.135 -0.045 -0.750944615 1
0 0.135 -0.035 -0.7526725381 1
0 0.135 -0.025 -0.7539693472 1
0 0.135 -0.015 -0.7548342995 1
0 0.135 -0.005 -0.7552668995 1
0 0.135 0.005 -0.7552668995 1
0 0.135 0.015 -0.7548342995 1
0 0.135 0.025 -0.7539693472 1
0 0.135 0.035 -0.7526725381 1
0 0.135 0.045 -0.750944615 2
0 0.135 0.055 -0.7487865675 2
0 0.135 0.065 -0.7461996319 2
0 0.135 0.075 -0.7431852897 2
0 0.135 0.085 -0.7397452676 2
0 0.135 0.095 -0.7358815359 2
0 0.135 0.105 -0.7315963077 1
0 0.135 0.115 -0.7268920374 1
0 0.135 0.125 -0.7217714196 1
0 0.135 0.135 -0.7162373872 1
0 0.135 0.145 -0.7102931101 1
0 0.135 0.155 0 1
0 0.135 0.165 0 1
0 0.135 0.175 0 2
0 0.135 0.185 0 2
0 0.135 0.195 0 2
0 0.135 0.205 0 2
0 0.135 0.215 0 2
0 0.145 -0.205 0 2
0 0.145 -0.195 0 2
0 0.145 -0.185 0 2
0 0.145 -0.175 0 2
0 0.145 -0.165 0 2
0 0.145 -0.155 0 2
0 0.145 -0.145 -0.6766888318 2
0 0.145 -0.135 -0.6823518826 2
0 0.145 -0.125 -0.6876240975 2
0 0.145 -0.115 -0.6925024566 1
0 0.145 -0.105 -0.6969841658 1
0 0.145 -0.095 -0.701066658 1
0 0.145 -0.085 -0.7047475948 1
0 0.145 -0.075 -0.708024868 1
0 0.145 -0.065 -0.7108966003 1
0 0.145 -0.055 -0.7133611469 1
0 0.145 -0.045 -0.7154170962 1
0 0.145 -0.035 -0.7170632705 1
0 0.145 -0.025 -0.718298727 1
0 0.145 -0.015 -0.719122758 1
0 0.145 -0.005 -0.7195348915 1
0 0.145 0.005 -0.7195348915 1
0 0.145 0.015 -0.719122758 1
0 0.145 0.025 -0.718298727 1
0 0.145 0.035 -0.7170632705 1
0 0.145 0.045 -0.7154170962 2
0 0.145 0.055 -0.7133611469 2
0 0.145 0.065 -0.7108966003 2
0 0.145 0.075 -0.708024868 2
0 0.145 0.085 -0.7047475948 2
0 0.145 0.095 -0.701066658 2
0 0.145 0.105 -0.6969841658 2
0 0.145 0.115 -0.6925024566 1
0 0.145 0.125 -0.6876240975 1
0 0.145 0.135 -0.6823518826 1
0 0.145 0.145 -0.6766888318 1
0 0.145 0.155 0 1
0 0.145 0.165 0 1
0 0.145 0.175 0 2
0 0.145 0.185 0 2
0 0.145 0.195 0 2
0 0.145 0.205 0 2
0 0.145 0.215 0 2
0 0.155 -0.205 0 2
0 0.155 -0.195 0 2
0 0.155 -0.185 0 2
0 0.155 -0.175 0 2
0 0.155 -0.165 0 2
0 0.155 -0.155 0 2
0 0.155 -0.145 -0.6411886773 2
0 0.155 -0.135 -0.6465546356 2
0 0.155 -0.125 -0.6515502619 2
0 0.155 -0.115 -0.6561726947 1
0 0.155 -0.105 -0.6604192864 1
0 0.155 -0.095 -0.6642876046 1
0 0.155 -0.085 -0.6677754338 1
0 0.155 -0.075 -0.6708807761 1
0 0.155 -0.065 -0.6736018528 1
0 0.155 -0.055 -0.6759371055 1
0 0.155 -0.045 -0.6778851964 1
0 0.155 -0.035 -0.6794450099 1
0 0.155 -0.025 -0.6806156524 1
0 0.155 -0.015 -0.6813964534 1
0 0.155 -0.005 -0.6817869658 1
0 0.155 0.005 -0.6817869658 1
0 0.155 0.015 -0.6813964534 1
0 0.155 0.025 -0.6806156524 1
0 0.155 0.035 -0.6794450099 1
0 0.155 0.045 -0.6778851964 2
0 0.155 0.055 -0.6759371055 2
0 0.155 0.065 -0.6736018528 2
0 0.155 0.075 -0.6708807761 2
0 0.155 0.085 -0.6677754338 2
0 0.155 0.095 -0.6642876046 2
0 0.155 0.105 -0.6604192864 2
0 0.155 0.115 -0.6561726947 2
0 0.155 0.125 -0.6515502619 2
0 0.155 0.135 -0.6465546356 1
0 0.155 0.145 -0.6411886773 1
0 0.155 0.155 0 1
0 0.155 0.165 0 2
0 0.155 0.175 0 2
0 0.155 0.185 0 2
0 0.155 0.195 0 2
0 0.155 0.205 0 2
0 0.155 0.215 0 2
0 0.165 -0.205 0 2
0 0.165 -0.195 0 2
0 0.165 -0.185 0 2
0 0.165 -0.175 0 2
0 0.165 -0.165 0 2
0 0.165 -0.155 0 2
0 0.165 -0.145 -0.6038921074 2
0 0.165 -0.135 -0.6089459394 2
0 0.165 -0.125 -0.6136509808 2
0 0.165 -0.115 -0.6180045366 2
0 0.165 -0.105 -0.6220041131 1
0 0.165 -0.095 -0.6256474196 1
0 0.165 -0.085 -0.6289323692 1
0 0.165 -0.075 -0.6318570804 1
0 0.165 -0.065 -0.634419878 1
0 0.165 -0.055 -0.636619294 1
0 0.165 -0.045 -0.6384540687 1
0 0.165 -0.035 -0.6399231511 1
0 0.165 -0.025 -0.6410256998 1
0 0.165 -0.015 -0.6417610834 1
0 0.165 -0.005 -0.6421288805 1
0 0.165 0.005 -0.6421288805 1
0 0.165 0.015 -0.6417610834 1
0 0.165 0.025 -0.6410256998 1
0 0.165 0.035 -0.6399231511 1
0 0.165 0.045 -0.6384540687 2
0 0.165 0.055 -0.636619294 2
0 0.165 0.065 -0.634419878 2
0 0.165 0.075 -0.6318570804 2
0 0.165 0.085 -0.6289323692 2
0 0.165 0.095 -0.6256474196 2
0 0.165 0.105 -0.6220041131 2
0 0.165 0.115 -0.6180045366 2
0 0.165 0.125 -0.6136509808 2
0 0.165 0.135 -0.6089459394 2
0 0.165 0.145 -0.6038921074 2
0 0.165 0.155 0 2
0 0.165 0.165 0 2
0 0.165 0.175 0 2
0 0.165 0.185 0 2
0 0.165 0.195 0 2
0 0.165 0.205 0 2
0 0.165 0.215 0 1
0 0.175 -0.205 0 2
0 0.175 -0.195 0 2
0 0.175 -0.185 0 2
0 0.175 -0.175 0 2
0 0.175 -0.165 0 2
0 0.175 -0.155 0 2
0 0.175 -0.145 -0.5649036156 2
0 0.175 -0.135 -0.569631162 2
0 0.175 -0.125 -0.5740324364 2
0 0.175 -0.115 -0.5781049178 2
0 0.175 -0.105 -0.5818462737 2
0 0.175 -0.095 -0.585254361 2
0 0.175 -0.085 -0.5883272276 1
0 0.175 -0.075 -0.5910631136 1
0 0.175 -0.065 -0.5934604517 1
0 0.175 -0.055 -0.595517869 1
0 0.175 -0.045 -0.5972341869 1
0 0.175 -0.035 -0.5986084224 1
0 0.175 -0.025 -0.5996397884 1
0 0.175 -0.015 -0.6003276941 1
0 0.175 -0.005 -0.6006717455 1
0 0.175 0.005 -0.6006717455 1
0 0.175 0.015 -0.6003276941 1
0 0.175 0.025 -0.5996397884 1
0 0.175 0.035 -0.5986084224 1
0 0.175 0.045 -0.5972341869 2
0 0.175 0.055 -0.595517869 2
0 0.175 0.065 -0.5934604517 2
0 0.175 0.075 -0.5910631136 2
0 0.175 0.085 -0.5883272276 2
0 0.175 0.095 -0.585254361 2
0 0.175 0.105 -0.5818462737 2
0 0.175 0.115 -0.5781049178 2
0 0.175 0.125 -0.5740324364 2
0 0.175 0.135 -0.569631162 2
0 0.175 0.145 -0.5649036156 2
0 0.175 0.155 0 2
0 0.175 0.165 0 2
0 0.175 0.175 0 2
0 0.175 0.185 0 2
0 0.175 0.195 0 1
0 0.175 0.205 0 1
0 0.175 0.215 0 1
0 0.185 -0.205 0 2
0 0.185 -0.195 0 2
0 0.185 -0.185 0 2
0 0.185 -0.175 0 2
0 0.185 -0.165 0 2
0 0.185 -0.155 0 2
0 0.185 -0.145 -0.5243324357 2
0 0.185 -0.135 -0.5287204514 2
0 0.185 -0.125 -0.5328056278 2
0 0.185 -0.115 -0.5365856251 2
0 0.185 -0.105 -0.5400582781 2
0 0.185 -0.095 -0.5432215977 2
0 0.185 -0.085 -0.5460737722 2
0 0.185 -0.075 -0.5486131677 2
0 0.185 -0.065 -0.5508383299 2
0 0.185 -0.055 -0.5527479842 2
0 0.185 -0.045 -0.5543410368 2
0 0.185 -0.035 -0.5556165752 2
0 0.185 -0.025 -0.5565738688 2
0 0.185 -0.015 -0.5572123693 1
0 0.185 -0.005 -0.5575317111 1
0 0.185 0.005 -0.5575317111 1
0 0.185 0.015 -0.5572123693 1
0 0.185 0.025 -0.5565738688 1
0 0.185 0.035 -0.5556165752 1
0 0.185 0.045 -0.5543410368 2
0 0.185 0.055 -0.5527479842 2
0 0.185 0.065 -0.5508383299 2
0 0.185 0.075 -0.5486131677 2
0 0.185 0.085 -0.5460737722 2
0 0.185 0.095 -0.5432215977 2
0 0.185 0.105 -0.5400582781 2
0 0.185 0.115 -0.5365856251 2
0 0.185 0.125 -0.5328056278 2
0 0.185 0.135 -0.5287204514 2
0 0.185 0.145 -0.5243324357 2
0 0.185 0.155 0 2
0 0.185 0.165 0 2
0 0.185 0.175 0 2
0 0.185 0.185 0 2
0 0.185 0.195 0 1
0 0.185 0.205 0 1
0 0.185 0.215 0 1
0 0.195 -0.205 0 2
0 0.195 -0.195 0 2
0 0.195 -0.185 0 2
0 0.195 -0.175 0 2
0 0.195 -0.165 0 2
0 0.195 -0.155 0 2
0 0.195 -0.145 -0.482292236 2
0 0.195 -0.135 -0.4863284271 2
0 0.195 -0.125 -0.4900860601 2
0 0.195 -0.115 -0.4935629828 2
0 0.195 -0.105 -0.4967572036 2
0 0.195 -0.095 -0.4996668929 2
0 0.195 -0.085 -0.5022903842 2
0 0.195 -0.075 -0.5046261748 2
0 0.195 -0.065 -0.5066729268 2
0 0.195 -0.055 -0.5084294678 2
0 0.195 -0.045 -0.5098947918 2
0 0.195 -0.035 -0.5110680594 2
0 0.195 -0.025 -0.5119485986 2
0 0.195 -0.015 -0.5125359051 1
0 0.195 -0.005 -0.5128296425 1
0 0.195 0.005 -0.5128296425 1
0 0.195 0.015 -0.5125359051 1
0 0.195 0.025 -0.5119485986 1
0 0.195 0.035 -0.5110680594 1
0 0.195 0.045 -0.5098947918 2
0 0.195 0.055 -0.5084294678 2
0 0.195 0.065 -0.5066729268 2
0 0.195 0.075 -0.5046261748 2
0 0.195 0.085 -0.5022903842 2
0 0.195 0.095 -0.4996668929 2
0 0.195 0.105 -0.4967572036 2
0 0.195 0.115 -0.4935629828 2
0 0.195 0.125 -0.4900860601 2
0 0.195 0.135 -0.4863284271 2
0 0.195 0.145 -0.482292236 2
0 0.195 0.155 0 2
0 0.195 0.165 0 2
0 0.195 0.175 0 2
0 0.195 0.185 0 2
0 0.195 0.195 0 1
0 0.195 0.205 0 1
0 0.195 0.215 0 1
0 0.205 -0.205 0 2
0 0.205 -0.195 0 2
0 0.205 -0.185 0 2
0 0.205 -0.175 0 2
0 0.205 -0.165 0 2
0 0.205 -0.155 0 2
0 0.205 -0.145 -0.4389008002 2
0 0.205 -0.135 -0.4425738585 2
0 0.205 -0.125 -0.4459934204 2
0 0.205 -0.115 -0.4491575272 2
0 0.205 -0.105 -0.4520643665 2
0 0.205 -0.095 -0.4547122735 2
0 0.205 -0.085 -0.4570997315 2
0 0.205 -0.075 -0.4592253729 2
0 0.205 -0.065 -0.4610879803 2
0 0.205 -0.055 -0.4626864868 2
0 0.205 -0.045 -0.4640199768 2
0 0.205 -0.035 -0.4650876865 2
0 0.205 -0.025 -0.4658890043 2
0 0.205 -0.015 -0.4664234713 2
0 0.205 -0.005 -0.4666907814 1
0 0.205 0.005 -0.4666907814 1
0 0.205 0.015 -0.4664234713 1
0 0.205 0.025 -0.4658890043 1
0 0.205 0.035 -0.4650876865 2
0 0.205 0.045 -0.4640199768 2
0 0.205 0.055 -0.4626864868 2
0 0.205 0.065 -0.4610879803 2
0 0.205 0.075 -0.4592253729 2
0 0.205 0.085 -0.4570997315 2
0 0.205 0.095 -0.4547122735 2
0 0.205 0.105 -0.4520643665 2
0 0.205 0.115 -0.4491575272 2
0 0.205 0.125 -0.4459934204 2
0 0.205 0.135 -0.4425738585 2
0 0.205 0.145 -0.4389008002 2
0 0.205 0.155 0 2
0 0.205 0.165 0 2
0 0.205 0.175 0 2
0 0.205 0.185 0 2
0 0.205 0.195 0 1
0 0.205 0.205 0 1
0 0.205 0.215 0 1
0 0.215 -0.205 0 2
0 0.215 -0.195 0 2
0 0.215 -0.185 0 2
0 0.215 -0.175 0 2
0 0.215 -0.165 0 2
0 0.215 -0.155 0 2
0 0.215 -0.145 -0.394279698 2
0 0.215 -0.135 -0.3975793327 2
0 0.215 -0.125 -0.4006512428 2
0 0.215 -0.115 -0.4034936689 2
0 0.215 -0.105 -0.4061049828 2
0 0.215 -0.095 -0.4084836888 2
0 0.215 -0.085 -0.4106284244 2
0 0.215 -0.075 -0.4125379613 2
0 0.215 -0.065 -0.4142112056 2
0 0.215 -0.055 -0.415647199 2
0 0.215 -0.045 -0.416845119 2
0 0.215 -0.035 -0.4178042794 2
0 0.215 -0.025 -0.4185241308 2
0 0.215 -0.015 -0.4190042609 2
0 0.215 -0.005 -0.4192443947 2
0 0.215 0.005 -0.4192443947 2
0 0.215 0.015 -0.4190042609 2
0 0.215 0.025 -0.4185241308 2
0 0.215 0.035 -0.4178042794 2
0 0.215 0.045 -0.416845119 2
0 0.215 0.055 -0.415647199 2
0 0.215 0.065 -0.4142112056 2
0 0.215 0.075 -0.4125379613 2
0 0.215 0.085 -0.4106284244 2
0 0.215 0.095 -0.4084836888 2
0 0.215 0.105 -0.4061049828 2
0 0.215 0.115 -0.4034936689 2
0 0.215 0.125 -0.4006512428 2
0 0.215 0.135 -0.3975793327 2
0 0.215 0.145 -0.394279698 2
0 0.215 0.155 0 2
0 0.215 0.165 0 2
0 0.215 0.175 0 2
0 0.215 0.185 0 2
0 0.215 0.195 0 1
0 0.215 0.205 0 1
0 0.215 0.215 0 1
0 0.225 -0.205 0 2
0 0.225 -0.195 0 2
0 0.225 -0.185 0 2
0 0.225 -0.175 0 2
0 0.225 -0.165 0 2
0 0.225 -0.155 0 2
0 0.225 -0.145 -0.348553944 2
0 0.225 -0.135 -0.3514709106 2
0 0.225 -0.125 -0.3541865624 2
0 0.225 -0.115 -0.3566993441 2
0 0.225 -0.105 -0.3590078164 2
0 0.225 -0.095 -0.361110657 2
0 0.225 -0.085 -0.3630066615 2
0 0.225 -0.075 -0.3646947439 2
0 0.225 -0.065 -0.3661739373 2
0 0.225 -0.055 -0.3674433944 2
0 0.225 -0.045 -0.3685023881 2
0 0.225 -0.035 -0.3693503119 2
0 0.225 -0.025 -0.36998668 2
0 0.225 -0.015 -0.3704111281 2
0 0.225 -0.005 -0.3706234129 2
0 0.225 0.005 -0.3706234129 2
0 0.225 0.015 -0.3704111281 2
0 0.225 0.025 -0.36998668 2
0 0.225 0.035 -0.3693503119 2
0 0.225 0.045 -0.3685023881 2
0 0.225 0.055 -0.3674433944 2
0 0.225 0.065 -0.3661739373 2
0 0.225 0.075 -0.3646947439 2
0 0.225 0.085 -0.3630066615 2
0 0.225 0.095 -0.361110657 2
0 0.225 0.105 -0.3590078164 2
0 0.225 0.115 -0.3566993441 2
0 0.225 0.125 -0.3541865624 2
0 0.225 0.135 -0.3514709106 2
0 0.225 0.145 -0.348553944 2
0 0.225 0.155 0 2
0 0.225 0.165 0 2
0 0.225 0.175 0 2
0 0.225 0.185 0 2
0 0.225 0.195 0 2
0 0.225 0.205 0 1
0 0.225 0.215 0 1
0 0.235 -0.205 0 2
0 0.235 -0.195 0 2
0 0.235 -0.185 0 2
0 0.235 -0.175 0 2
0 0.235 -0.165 0 2
0 0.235 -0.155 0 2
0 0.235 -0.145 -0.301851648 2
0 0.235 -0.135 -0.304377774 2
0 0.235 -0.125 -0.3067295591 2
0 0.235 -0.115 -0.3089056564 2
0 0.235 -0.105 -0.3109048195 2
0 0.235 -0.095 -0.3127259032 2
0 0.235 -0.085 -0.3143678644 2
0 0.235 -0.075 -0.3158297628 2
0 0.235 -0.065 -0.3171107609 2
0 0.235 -0.055 -0.3182101251 2
0 0.235 -0.045 -0.3191272256 2
0 0.235 -0.035 -0.3198615372 2
0 0.235 -0.025 -0.3204126392 2
0 0.235 -0.015 -0.320780216 2
0 0.235 -0.005 -0.320964057 2
0 0.235 0.005 -0.320964057 2
0 0.235 0.015 -0.320780216 2
0 0.235 0.025 -0.3204126392 2
0 0.235 0.035 -0.3198615372 2
0 0.235 0.045 -0.3191272256 2
0 0.235 0.055 -0.3182101251 2
0 0.235 0.065 -0.3171107609 2
0 0.235 0.075 -0.3158297628 2
0 0.235 0.085 -0.3143678644 2
0 0.235 0.095 -0.3127259032 2
0 0.235 0.105 -0.3109048195 2
0 0.235 0.115 -0.3089056564 2
0 0.235 0.125 -0.3067295591 2
0 0.235 0.135 -0.304377774 2
0 0.235 0.145 -0.301851648 2
0 0.235 0.155 0 2
0 0.235 0.165 0 2
0 0.235 0.175 0 2
0 0.235 0.185 0 2
0 0.235 0.195 0 2
0 0.235 0.205 0 1
0 0.235 0.215 0 1
0 0.245 -0.205 0 2
0 0.245 -0.195 0 2
0 0.245 -0.185 0 2
0 0.245 -0.175 0 2
0 0.245 -0.165 0 2
0 0.245 -0.155 0 2
0 0.245 -0.145 -0.2543036556 2
0 0.245 -0.135 -0.2564318635 2
0 0.245 -0.125 -0.2584131929 2
0 0.245 -0.115 -0.2602465091 2
0 0.245 -0.105 -0.2619307618 2
0 0.245 -0.095 -0.2634649865 2
0 0.245 -0.085 -0.2648483043 2
0 0.245 -0.075 -0.2660799229 2
0 0.245 -0.065 -0.2671591368 2
0 0.245 -0.055 -0.268085328 2
0 0.245 -0.045 -0.2688579658 2
0 0.245 -0.035 -0.2694766079 2
0 0.245 -0.025 -0.2699408997 2
0 0.245 -0.015 -0.2702505754 2
0 0.245 -0.005 -0.2704054576 2
0 0.245 0.005 -0.2704054576 2
0 0.245 0.015 -0.2702505754 2
0 0.245 0.025 -0.2699408997 2
0 0.245 0.035 -0.2694766079 2
0 0.245 0.045 -0.2688579658 2
0 0.245 0.055 -0.268085328 2
0 0.245 0.065 -0.2671591368 2
0 0.245 0.075 -0.2660799229 2
0 0.245 0.085 -0.2648483043 2
0 0.245 0.095 -0.2634649865 2
0 0.245 0.105 -0.2619307618 2
0 0.245 0.115 -0.2602465091 2
0 0.245 0.125 -0.2584131929 2
0 0.245 0.135 -0.2564318635 2
0 0.245 0.145 -0.2543036556 2
0 0.245 0.155 0 2
0 0.245 0.165 0 2
0 0.245 0.175 0 2
0 0.245 0.185 0 2
0 0.245 0.195 0 2
0 0.245 0.205 0 2
0 0.245 0.215 0 1
0 0.255 -0.205 0 2
0 0.255 -0.195 0 2
0 0.255 -0.185 0 2
0 0.255 -0.175 0 2
0 0.255 -0.165 0 2
0 0.255 -0.155 0 2
0 0.255 -0.145 -0.2060431817 2
0 0.255 -0.135 -0.2077675089 2
0 0.255 -0.125 -0.2093728316 2
0 0.255 -0.115 -0.2108582302 2
0 0.255 -0.105 -0.2122228539 2
0 0.255 -0.095 -0.2134659211 2
0 0.255 -0.085 -0.2145867198 2
0 0.255 -0.075 -0.2155846079 1
0 0.255 -0.065 -0.2164590141 1
0 0.255 -0.055 -0.2172094373 1
0 0.255 -0.045 -0.2178354478 1
0 0.255 -0.035 -0.2183366871 2
0 0.255 -0.025 -0.2187128679 2
0 0.255 -0.015 -0.2189637749 2
0 0.255 -0.005 -0.2190892644 2
0 0.255 0.005 -0.2190892644 2
0 0.255 0.015 -0.2189637749 2
0 0.255 0.025 -0.2187128679 2
0 0.255 0.035 -0.2183366871 2
0 0.255 0.045 -0.2178354478 2
0 0.255 0.055 -0.2172094373 2
0 0.255 0.065 -0.2164590141 2
0 0.255 0.075 -0.2155846079 2
0 0.255 0.085 -0.2145867198 2
0 0.255 0.095 -0.2134659211 2
0 0.255 0.105 -0.2122228539 2
0 0.255 0.115 -0.2108582302 2
0 0.255 0.125 -0.2093728316 2
0 0.255 0.135 -0.2077675089 2
0 0.255 0.145 -0.2060431817 2
0 0.255 0.155 0 2
0 0.255 0.165 0 2
0 0.255 0.175 0 2
0 0.255 0.185 0 2
0 0.255 0.195 0 2
0 0.255 0.205 0 2
0 0.255 0.215 0 2
0 0.265 -0.205 0 2
0 0.265 -0.195 0 2
0 0.265 -0.185 0 2
0 0.265 -0.175 0 2
0 0.265 -0.165 0 2
0 0.265 -0.155 0 2
0 0.265 -0.145 -0.1572054375 2
0 0.265 -0.135 -0.1585210531 2
0 0.265 -0.125 -0.1597458714 2
0 0.265 -0.115 -0.1608791908 2
0 0.265 -0.105 -0.1619203622 2
0 0.265 -0.095 -0.1628687892 2
0 0.265 -0.085 -0.1637239286 1
0 0.265 -0.075 -0.1644852906 1
0 0.265 -0.065 -0.1651524391 1
0 0.265 -0.055 -0.1657249919 1
0 0.265 -0.045 -0.1662026212 1
0 0.265 -0.035 -0.1665850534 1
0 0.265 -0.025 -0.1668720693 2
0 0.265 -0.015 -0.1670635046 2
0 0.265 -0.005 -0.1671592497 2
0 0.265 0.005 -0.1671592497 2
0 0.265 0.015 -0.1670635046 2
0 0.265 0.025 -0.1668720693 2
0 0.265 0.035 -0.1665850534 2
0 0.265 0.045 -0.1662026212 2
0 0.265 0.055 -0.1657249919 2
0 0.265 0.065 -0.1651524391 2
0 0.265 0.075 -0.1644852906 2
0 0.265 0.085 -0.1637239286 2
0 0.265 0.095 -0.1628687892 2
0 0.265 0.105 -0.1619203622 2
0 0.265 0.115 -0.1608791908 2
0 0.265 0.125 -0.1597458714 2
0 0.265 0.135 -0.1585210531 2
0 0.265 0.145 -0.1572054375 2
0 0.265 0.155 0 2
0 0.265 0.165 0 2
0 0.265 0.175 0 2
0 0.265 0.185 0 2
0 0.265 0.195 0 2
0 0.265 0.205 0 2
0 0.265 0.215 0 2
0 0.275 -0.205 0 2
0 0.275 -0.195 0 2
0 0.275 -0.185 0 2
0 0.275 -0.175 0 2
0 0.275 -0.165 0 2
0 0.275 -0.155 0 2
0 0.275 -0.145 -0.1079272515 2
0 0.275 -0.135 -0.1088304695 2
0 0.275 -0.125 -0.1096713518 2
0 0.275 -0.115 -0.1104494168 2
0 0.275 -0.105 -0.1111642188 2
0 0.275 -0.095 -0.1118153485 2
0 0.275 -0.085 -0.1124024328 1
0 0.275 -0.075 -0.1129251355 1
0 0.275 -0.065 -0.1133831572 1
0 0.275 -0.055 -0.1137762356 1
0 0.275 -0.045 -0.1141041455 1
0 0.275 -0.035 -0.114366699 1
0 0.275 -0.025 -0.1145637459 2
0 0.275 -0.015 -0.1146951732 2
0 0.275 -0.005 -0.1147609057 2
0 0.275 0.005 -0.1147609057 2
0 0.275 0.015 -0.1146951732 2
0 0.275 0.025 -0.1145637459 2
0 0.275 0.035 -0.114366699 2
0 0.275 0.045 -0.1141041455 2
0 0.275 0.055 -0.1137762356 2
0 0.275 0.065 -0.1133831572 2
0 0.275 0.075 -0.1129251355 2
0 0.275 0.085 -0.1124024328 2
0 0.275 0.095 -0.1118153485 2
0 0.275 0.105 -0.1111642188 2
0 0.275 0.115 -0.1104494168 2
0 0.275 0.125 -0.1096713518 2
0 0.275 0.135 -0.1088304695 2
0 0.275 0.145 -0.1079272515 2
0 0.275 0.155 0 2
0 0.275 0.165 0 2
0 0.275 0.175 0 2
0 0.275 0.185 0 2
0 0.275 0.195 0 2
0 0.275 0.205 0 2
0 0.275 0.215 0 2
0 0.285 -0.205 0 2
0 0.285 -0.195 0 2
0 0.285 -0.185 0 2
0 0.285 -0.175 0 2
0 0.285 -0.165 0 2
0 0.285 -0.155 0 2
0 0.285 -0.145 -0.05834668626 2
0 0.285 -0.135 -0.05883497605 2
0 0.285 -0.125 -0.05928956648 2
0 0.285 -0.115 -0.05971019717 2
0 0.285 -0.105 -0.06009662719 2
0 0.285 -0.095 -0.0604486352 2
0 0.285 -0.085 -0.06076601959 1
0 0.285 -0.075 -0.06104859855 1
0 0.285 -0.065 -0.06129621024 1
0 0.285 -0.055 -0.06150871283 1
0 0.285 -0.045 -0.0616859846 1
0 0.285 -0.035 -0.06182792401 1
0 0.285 -0.025 -0.06193444977 1
0 0.285 -0.015 -0.06200550086 2
0 0.285 -0.005 -0.06204103658 2
0 0.285 0.005 -0.06204103658 2
0 0.285 0.015 -0.06200550086 2
0 0.285 0.025 -0.06193444977 2
0 0.285 0.035 -0.06182792401 2
0 0.285 0.045 -0.0616859846 2
0 0.285 0.055 -0.06150871283 2
0 0.285 0.065 -0.06129621024 2
0 0.285 0.075 -0.06104859855 2
0 0.285 0.085 -0.06076601959 2
0 0.285 0.095 -0.0604486352 2
0 0.285 0.105 -0.06009662719 2
0 0.285 0.115 -0.05971019717 2
0 0.285 0.125 -0.05928956648 2
0 0.285 0.135 -0.05883497605 2
0 0.285 0.145 -0.05834668626 2
0 0.285 0.155 0 2
0 0.285 0.165 0 2
0 0.285 0.175 0 2
0 0.285 0.185 0 2
0 0.285 0.195 0 2
0 0.285 0.205 0 2
0 0.285 0.215 0 2
0 0.295 -0.205 0 2
0 0.295 -0.195 0 2
0 0.295 -0.185 0 1
0 0.295 -0.175 0 1
0 0.295 -0.165 0 1
0 0.295 -0.155 0 1
0 0.295 -0.145 -0.008602651328 2
0 0.295 -0.135 -0.008674644908 2
0 0.295 -0.125 -0.008741669845 2
0 0.295 -0.115 -0.008803687749 2
0 0.295 -0.105 -0.008860663096 2
0 0.295 -0.095 -0.008912563254 2
0 0.295 -0.085 -0.008959358494 1
0 0.295 -0.075 -0.009001022013 1
0 0.295 -0.065 -0.009037529948 1
0 0.295 -0.055 -0.009068861388 1
0 0.295 -0.045 -0.009094998386 1
0 0.295 -0.035 -0.009115925972 1
0 0.295 -0.025 -0.009131632159 1
0 0.295 -0.015 -0.009142107951 2
0 0.295 -0.005 -0.009147347347 2
0 0.295 0.005 -0.009147347347 2
0 0.295 0.015 -0.009142107951 2
0 0.295 0.025 -0.009131632159 2
0 0.295 0.035 -0.009115925972 2
0 0.295 0.045 -0.009094998386 2
0 0.295 0.055 -0.009068861388 2
0 0.295 0.065 -0.009037529948 2
0 0.295 0.075 -0.009001022013 2
0 0.295 0.085 -0.008959358494 2
0 0.295 0.095 -0.008912563254 2
0 0.295 0.105 -0.008860663096 2
0 0.295 0.115 -0.008803687749 2
0 0.295 0.125 -0.008741669845 2
0 0.295 0.135 -0.008674644908 2
0 0.295 0.145 -0.008602651328 2
0 0.295 0.155 0 2
0 0.295 0.165 0 2
0 0.295 0.175 0 2
0 0.295 0.185 0 2
0 0.295 0.195 0 2
0 0.295 0.205 0 2
0 0.295 0.215 0 2
0 0.305 -0.205 0 2
0 0.305 -0.195 0 1
0 0.305 -0.185 0 1
0 0.305 -0.175 0 1
0 0.305 -0.165 0 1
0 0.305 -0.155 0 1
0 0.305 -0.145 0 1
0 0.305 -0.135 0 2
0 0.305 -0.125 0 2
0 0.305 -0.115 0 2
0 0.305 -0.105 0 2
0 0.305 -0.095 0 2
0 0.305 -0.085 0 1
0 0.305 -0.075 0 1
0 0.305 -0.065 0 1
0 0.305 -0.055 0 1
0 0.305 -0.045 0 1
0 0.305 -0.035 0 1
0 0.305 -0.025 0 1
0 0.305 -0.015 0 2
0 0.305 -0.005 0 2
0 0.305 0.005 0 2
0 0.305 0.015 0 2
0 0.305 0.025 0 2
0 0.305 0.035 0 2
0 0.305 0.045 0 2
0 0.305 0.055 0 2
0 0.305 0.065 0 2
0 0.305 0.075 0 2
0 0.305 0.085 0 2
0 0.305 0.095 0 2
0 0.305 0.105 0 2
0 0.305 0.115 0 2
0 0.305 0.125 0 2
0 0.305 0.135 0 2
0 0.305 0.145 0 2
0 0.305 0.155 0 2
0 0.305 0.165 0 2
0 0.305 0.175 0 2
0 0.305 0.185 0 2
0 0.305 0.195 0 2
0 0.305 0.205 0 2
0 0.305 0.215 0 2
0 0.315 -0.205 0 2
0 0.315 -0.195 0 1
0 0.315 -0.185 0 1
0 0.315 -0.175 0 1
0 0.315 -0.165 0 1
0 0.315 -0.155 0 1
0 0.315 -0.145 0 1
0 0.315 -0.135 0 2
0 0.315 -0.125 0 2
0 0.315 -0.115 0 2
0 0.315 -0.105 0 2
0 0.315 -0.095 0 2
0 0.315 -0.085 0 1
0 0.315 -0.075 0 1
0 0.315 -0.065 0 1
0 0.315 -0.055 0 1
0 0.315 -0.045 0 1
0 0.315 -0.035 0 1
0 0.315 -0.025 0 1
0 0.315 -0.015 0 2
0 0.315 -0.005 0 2
0 0.315 0.005 0 2
0 0.315 0.015 0 2
0 0.315 0.025 0 2
0 0.315 0.035 0 2
0 0.315 0.045 0 2
0 0.315 0.055 0 2
0 0.315 0.065 0 2
0 0.315 0.075 0 2
0 0.315 0.085 0 2
0 0.315 0.095 0 2
0 0.315 0.105 0 2
0 0.315 0.115 0 2
0 0.315 0.125 0 2
0 0.315 0.135 0 2
0 0.315 0.145 0 1
0 0.315 0.155 0 1
0 0.315 0.165 0 1
0 0.315 0.175 0 1
0 0.315 0.185 0 2
0 0.315 0.195 0 2
0 0.315 0.205 0 2
0 0.315 0.215 0 2
0 0.325 -0.205 0 2
0 0.325 -0.195 0 1
0 0.325 -0.185 0 1
0 0.325 -0.175 0 1
0 0.325 -0.165 0 1
0 0.325 -0.155 0 1
0 0.325 -0.145 0 1
0 0.325 -0.135 0 1
0 0.325 -0.125 0 2
0 0.325 -0.115 0 2
0 0.325 -0.105 0 2
0 0.325 -0.095 0 2
0 0.325 -0.085 0 1
0 0.325 -0.075 0 1
0 0.325 -0.065 0 1
0 0.325 -0.055 0 1
0 0.325 -0.045 0 1
0 0.325 -0.035 0 1
0 0.325 -0.025 0 1
0 0.325 -0.015 0 2
0 0.325 -0.005 0 2
0 0.325 0.005 0 2
0 0.325 0.015 0 2
0 0.325 0.025 0 2
0 0.325 0.035 0 2
0 0.325 0.045 0 2
0 0.325 0.055 0 2
0 0.325 0.065 0 2
0 0.325 0.075 0 2
0 0.325 0.085 0 2
0 0.325 0.095 0 2
0 0.325 0.105 0 2
0 0.325 0.115 0 2
0 0.325 0.125 0 2
0 0.325 0.135 0 2
0 0.325 0.145 0 1
0 0.325 0.155 0 1
0 0.325 0.165 0 1
0 0.325 0.175 0 1
0 0.325 0.185 0 1
0 0.325 0.195 0 2
0 0.325 0.205 0 2
0 0.325 0.215 0 2
0 0.335 -0.205 0 2
0 0.335 -0.195 0 1
0 0.335 -0.185 0 1
0 0.335 -0.175 0 1
0 0.335 -0.165 0 1
0 0.335 -0.155 0 1
0 0.335 -0.145 0 1
0 0.335 -0.135 0 1
0 0.335 -0.125 0 2
0 0.335 -0.115 0 2
0 0.335 -0.105 0 2
0 0.335 -0.095 0 2
0 0.335 -0.085 0 2
0 0.335 -0.075 0 1
0 0.335 -0.065 0 1
0 0.335 -0.055 0 1
0 0.335 -0.045 0 1
0 0.335 -0.035 0 1
0 0.335 -0.025 0 1
0 0.335 -0.015 0 2
0 0.335 -0.005 0 2
0 0.335 0.005 0 2
0 0.335 0.015 0 2
0 0.335 0.025 0 2
0 0.335 0.035 0 2
0 0.335 0.045 0 2
0 0.335 0.055 0 2
0 0.335 0.065 0 2
0 0.335 0.075 0 2
0 0.335 0.085 0 2
0 0.335 0.095 0 2
0 0.335 0.105 0 2
0 0.335 0.115 0 2
0 0.335 0.125 0 2
0 0.335 0.135 0 1
0 0.335 0.145 0 1
0 0.335 0.155 0 1
0 0.335 0.165 0 1
0 0.335 0.175 0 1
0 0.335 0.185 0 1
0 0.335 0.195 0 1
0 0.335 0.205 0 2
0 0.335 0.215 0 1
0 0.345 -0.205 0 2
0 0.345 -0.195 0 1
0 0.345 -0.185 0 1
0 0.345 -0.175 0 1
0 0.345 -0.165 0 1
0 0.345 -0.155 0 1
0 0.345 -0.145 0 1
0 0.345 -0.135 0 1
0 0.345 -0.125 0 2
0 0.345 -0.115 0 2
0 0.345 -0.105 0 2
0 0.345 -0.095 0 2
0 0.345 -0.085 0 2
0 0.345 -0.075 0 1
0 0.345 -0.065 0 1
0 0.345 -0.055 0 1
0 0.345 -0.045 0 1
0 0.345 -0.035 0 1
0 0.345 -0.025 0 1
0 0.345 -0.015 0 2
0 0.345 -0.005 0 2
0 0.345 0.005 0 2
0 0.345 0.015 0 2
0 0.345 0.025 0 2
0 0.345 0.035 0 2
0 0.345 0.045 0 2
0 0.345 0.055 0 2
0 0.345 0.065 0 2
0 0.345 0.075 0 2
0 0.345 0.085 0 2
0 0.345 0.095 0 2
0 0.345 0.105 0 2
0 0.345 0.115 0 2
0 0.345 0.125 0 2
0 0.345 0.135 0 1
0 0.345 0.145 0 1
0 0.345 0.155 0 1
0 0.345 0.165 0 1
0 0.345 0.175 0 1
0 0.345 0.185 0 1
0 0.345 0.195 0 1
0 0.345 0.205 0 1
0 0.345 0.215 0 1
0 0.355 -0.205 0 2
0 0.355 -0.195 0 1
0 0.355 -0.185 0 1
0 0.355 -0.175 0 1
0 0.355 -0.165 0 1
0 0.355 -0.155 0 1
0 0.355 -0.145 0 1
0 0.355 -0.135 0 1
0 0.355 -0.125 0 2
0 0.355 -0.115 0 2
0 0.355 -0.105 0 2
0 0.355 -0.095 0 2
0 0.355 -0.085 0 2
0 0.355 -0.075 0 2
0 0.355 -0.065 0 1
0 0.355 -0.055 0 1
0 0.355 -0.045 0 1
0 0.355 -0.035 0 1
0 0.355 -0.025 0 2
0 0.355 -0.015 0 2
0 0.355 -0.005 0 2
0 0.355 0.005 0 2
0 0.355 0.015 0 2
0 0.355 0.025 0 2
0 0.355 0.035 0 2
0 0.355 0.045 0 2
0 0.355 0.055 0 2
0 0.355 0.065 0 2
0 0.355 0.075 0 2
0 0.355 0.085 0 2
0 0.355 0.095 0 2
0 0.355 0.105 0 2
0 0.355 0.115 0 2
0 0.355 0.125 0 2
0 0.355 0.135 0 1
0 0.355 0.145 0 1
0 0.355 0.155 0 1
0 0.355 0.165 0 1
0 0.355 0.175 0 1
0 0.355 0.185 0 1
0 0.355 0.195 0 1
0 0.355 0.205 0 1
0 0.355 0.215 0 1
0 0.365 -0.205 0 2
0 0.365 -0.195 0 1
0 0.365 -0.185 0 1
0 0.365 -0.175 0 1
0 0.365 -0.165 0 1
0 0.365 -0.155 0 1
0 0.365 -0.145 0 1
0 0.365 -0.135 0 1
0 0.365 -0.125 0 2
0 0.365 -0.115 0 2
0 0.365 -0.105 0 2
0 0.365 -0.095 0 2
0 0.365 -0.085 0 2
0 0.365 -0.075 0 2
0 0.365 -0.065 0 2
0 0.365 -0.055 0 2
0 0.365 -0.045 0 2
0 0.365 -0.035 0 2
0 0.365 -0.025 0 2
0 0.365 -0.015 0 2
0 0.365 -0.005 0 2
0 0.365 0.005 0 2
0 0.365 0.015 0 2
0 0.365 0.025 0 2
0 0.365 0.035 0 2
0 0.365 0.045 0 2
0 0.365 0.055 0 2
0 0.365 0.065 0 2
0 0.365 0.075 0 2
0 0.365 0.085 0 2
0 0.365 0.095 0 2
0 0.365 0.105 0 2
0 0.365 0.115 0 2
0 0.365 0.125 0 2
0 0.365 0.135 0 2
0 0.365 0.145 0 1
0 0.365 0.155 0 1
0 0.365 0.165 0 1
0 0.365 0.175 0 1
0 0.365 0.185 0 1
0 0.365 0.195 0 1
0 0.365 0.205 0 1
0 0.365 0.215 0 1
