t x y content type
0 -0.055 -0.205 0 2
0 -0.055 -0.195 0 2
0 -0.055 -0.185 0 2
0 -0.055 -0.175 0 2
0 -0.055 -0.165 0 2
0 -0.055 -0.155 0 2
0 -0.055 -0.145 0 2
0 -0.055 -0.135 0 2
0 -0.055 -0.125 0 2
0 -0.055 -0.115 0 2
0 -0.055 -0.105 0 2
0 -0.055 -0.095 0 2
0 -0.055 -0.085 0 2
0 -0.055 -0.075 0 2
0 -0.055 -0.065 0 2
0 -0.055 -0.055 0 2
0 -0.055 -0.045 0 2
0 -0.055 -0.035 0 2
0 -0.055 -0.025 0 2
0 -0.055 -0.015 0 1
0 -0.055 -0.005 0 1
0 -0.055 0.005 0 1
0 -0.055 0.015 0 1
0 -0.055 0.025 0 1
0 -0.055 0.035 0 1
0 -0.055 0.045 0 1
0 -0.055 0.055 0 1
0 -0.055 0.065 0 1
0 -0.055 0.075 0 1
0 -0.055 0.085 0 1
0 -0.055 0.095 0 2
0 -0.055 0.105 0 2
0 -0.055 0.115 0 2
0 -0.055 0.125 0 2
0 -0.055 0.135 0 2
0 -0.055 0.145 0 2
0 -0.055 0.155 0 2
0 -0.055 0.165 0 2
0 -0.055 0.175 0 2
0 -0.055 0.185 0 2
0 -0.055 0.195 0 2
0 -0.055 0.205 0 2
0 -0.055 0.215 0 2
0 -0.045 -0.205 0 2
0 -0.045 -0.195 0 2
0 -0.045 -0.185 0 2
0 -0.045 -0.175 0 2
0 -0.045 -0.165 0 2
0 -0.045 -0.155 0 2
0 -0.045 -0.145 0 2
0 -0.045 -0.135 0 2
0 -0.045 -0.125 0 2
0 -0.045 -0.115 0 2
0 -0.045 -0.105 0 2
0 -0.045 -0.095 0 2
0 -0.045 -0.085 0 2
0 -0.045 -0.075 0 2
0 -0.045 -0.065 0 2
0 -0.045 -0.055 0 2
0 -0.045 -0.045 0 2
0 -0.045 -0.035 0 2
0 -0.045 -0.025 0 2
0 -0.045 -0.015 0 1
0 -0.045 -0.005 0 1
0 -0.045 0.005 0 1
0 -0.045 0.015 0 1
0 -0.045 0.025 0 1
0 -0.045 0.035 0 1
0 -0.045 0.045 0 1
0 -0.045 0.055 0 1
0 -0.045 0.065 0 1
0 -0.045 0.075 0 1
0 -0.045 0.085 0 1
0 -0.045 0.095 0 2
0 -0.045 0.105 0 2
0 -0.045 0.115 0 2
0 -0.045 0.125 0 2
0 -0.045 0.135 0 2
0 -0.045 0.145 0 2
0 -0.045 0.155 0 2
0 -0.045 0.165 0 2
0 -0.045 0.175 0 2
0 -0.045 0.185 0 2
0 -0.045 0.195 0 2
0 -0.045 0.205 0 2
0 -0.045 0.215 0 2
0 -0.035 -0.205 0 2
0 -0.035 -0.195 0 2
0 -0.035 -0.185 0 2
0 -0.035 -0.175 0 2
0 -0.035 -0.165 0 2
0 -0.035 -0.155 0 2
0 -0.035 -0.145 0 2
0 -0.035 -0.135 0 2
0 -0.035 -0.125 0 2
0 -0.035 -0.115 0 2
0 -0.035 -0.105 0 2
0 -0.035 -0.095 0 2
0 -0.035 -0.085 0 2
0 -0.035 -0.075 0 2
0 -0.035 -0.065 0 2
0 -0.035 -0.055 0 2
0 -0.035 -0.045 0 2
0 -0.035 -0.035 0 2
0 -0.035 -0.025 0 2
0 -0.035 -0.015 0 2
0 -0.035 -0.005 0 1
0 -0.035 0.005 0 1
0 -0.035 0.015 0 1
0 -0.035 0.025 0 1
0 -0.035 0.035 0 1
0 -0.035 0.045 0 1
0 -0.035 0.055 0 1
0 -0.035 0.065 0 1
0 -0.035 0.075 0 1
0 -0.035 0.085 0 1
0 -0.035 0.095 0 2
0 -0.035 0.105 0 2
0 -0.035 0.115 0 2
0 -0.035 0.125 0 2
0 -0.035 0.135 0 2
0 -0.035 0.145 0 2
0 -0.035 0.155 0 2
0 -0.035 0.165 0 2
0 -0.035 0.175 0 2
0 -0.035 0.185 0 2
0 -0.035 0.195 0 2
0 -0.035 0.205 0 2
0 -0.035 0.215 0 2
0 -0.025 -0.205 0 2
0 -0.025 -0.195 0 2
0 -0.025 -0.185 0 2
0 -0.025 -0.175 0 2
0 -0.025 -0.165 0 2
0 -0.025 -0.155 0 2
0 -0.025 -0.145 0 2
0 -0.025 -0.135 0 2
0 -0.025 -0.125 0 2
0 -0.025 -0.115 0 2
0 -0.025 -0.105 0 2
0 -0.025 -0.095 0 2
0 -0.025 -0.085 0 2
0 -0.025 -0.075 0 2
0 -0.025 -0.065 0 2
0 -0.025 -0.055 0 2
0 -0.025 -0.045 0 2
0 -0.025 -0.035 0 2
0 -0.025 -0.025 0 2
0 -0.025 -0.015 0 2
0 -0.025 -0.005 0 2
0 -0.025 0.005 0 2
0 -0.025 0.015 0 1
0 -0.025 0.025 0 1
0 -0.025 0.035 0 1
0 -0.025 0.045 0 1
0 -0.025 0.055 0 1
0 -0.025 0.065 0 1
0 -0.025 0.075 0 1
0 -0.025 0.085 0 2
0 -0.025 0.095 0 2
0 -0.025 0.105 0 2
0 -0.025 0.115 0 2
0 -0.025 0.125 0 2
0 -0.025 0.135 0 2
0 -0.025 0.145 0 2
0 -0.025 0.155 0 2
0 -0.025 0.165 0 2
0 -0.025 0.175 0 2
0 -0.025 0.185 0 2
0 -0.025 0.195 0 2
0 -0.025 0.205 0 2
0 -0.025 0.215 0 2
0 -0.015 -0.205 0 2
0 -0.015 -0.195 0 2
0 -0.015 -0.185 0 2
0 -0.015 -0.175 0 2
0 -0.015 -0.165 0 2
0 -0.015 -0.155 0 2
0 -0.015 -0.145 0 2
0 -0.015 -0.135 0 2
0 -0.015 -0.125 0 2
0 -0.015 -0.115 0 2
0 -0.015 -0.105 0 2
0 -0.015 -0.095 0 2
0 -0.015 -0.085 0 2
0 -0.015 -0.075 0 2
0 -0.015 -0.065 0 2
0 -0.015 -0.055 0 2
0 -0.015 -0.045 0 2
0 -0.015 -0.035 0 2
0 -0.015 -0.025 0 2
0 -0.015 -0.015 0 2
0 -0.015 -0.005 0 2
0 -0.015 0.005 0 2
0 -0.015 0.015 0 2
0 -0.015 0.025 0 2
0 -0.015 0.035 0 2
0 -0.015 0.045 0 1
0 -0.015 0.055 0 1
0 -0.015 0.065 0 2
0 -0.015 0.075 0 2
0 -0.015 0.085 0 2
0 -0.015 0.095 0 2
0 -0.015 0.105 0 2
0 -0.015 0.115 0 2
0 -0.015 0.125 0 2
0 -0.015 0.135 0 2
0 -0.015 0.145 0 2
0 -0.015 0.155 0 2
0 -0.015 0.165 0 2
0 -0.015 0.175 0 2
0 -0.015 0.185 0 2
0 -0.015 0.195 0 2
0 -0.015 0.205 0 2
0 -0.015 0.215 0 2
0 -0.005 -0.205 0 2
0 -0.005 -0.195 0 2
0 -0.005 -0.185 0 2
0 -0.005 -0.175 0 2
0 -0.005 -0.165 0 2
0 -0.005 -0.155 0 2
0 -0.005 -0.145 0 2
0 -0.005 -0.135 0 2
0 -0.005 -0.125 0 2
0 -0.005 -0.115 0 2
0 -0.005 -0.105 0 2
0 -0.005 -0.095 0 2
0 -0.005 -0.085 0 2
0 -0.005 -0.075 0 2
0 -0.005 -0.065 0 2
0 -0.005 -0.055 0 2
0 -0.005 -0.045 0 2
0 -0.005 -0.035 0 2
0 -0.005 -0.025 0 2
0 -0.005 -0.015 0 2
0 -0.005 -0.005 0 2
0 -0.005 0.005 0 2
0 -0.005 0.015 0 2
0 -0.005 0.025 0 2
0 -0.005 0.035 0 2
0 -0.005 0.045 0 2
0 -0.005 0.055 0 2
0 -0.005 0.065 0 2
0 -0.005 0.075 0 2
0 -0.005 0.085 0 2
0 -0.005 0.095 0 2
0 -0.005 0.105 0 2
0 -0.005 0.115 0 2
0 -0.005 0.125 0 2
0 -0.005 0.135 0 2
0 -0.005 0.145 0 2
0 -0.005 0.155 0 2
0 -0.005 0.165 0 2
0 -0.005 0.175 0 2
0 -0.005 0.185 0 2
0 -0.005 0.195 0 2
0 -0.005 0.205 0 2
0 -0.005 0.215 0 2
0 0.005 -0.205 0 2
0 0.005 -0.195 0 2
0 0.005 -0.185 0 1
0 0.005 -0.175 0 1
0 0.005 -0.165 0 1
0 0.005 -0.155 0 1
0 0.005 -0.145 0.04143462969 1
0 0.005 -0.135 0.03895250806 2
0 0.005 -0.125 0.03639171942 2
0 0.005 -0.115 0.03375743543 2
0 0.005 -0.105 0.03105497619 2
0 0.005 -0.095 0.02828979948 2
0 0.005 -0.085 0.02546748976 2
0 0.005 -0.075 0.02259374686 2
0 0.005 -0.065 0.01967437447 2
0 0.005 -0.055 0.01671526846 2
0 0.005 -0.045 0.01372240492 2
0 0.005 -0.035 0.01070182813 2
0 0.005 -0.025 0.007659638322 2
0 0.005 -0.015 0.0046019794 2
0 0.005 -0.005 0.001535026494 2
0 0.005 0.005 -0.001535026494 2
0 0.005 0.015 -0.0046019794 2
0 0.005 0.025 -0.007659638322 2
0 0.005 0.035 -0.01070182813 2
0 0.005 0.045 -0.01372240492 2
0 0.005 0.055 -0.01671526846 2
0 0.005 0.065 -0.01967437447 2
0 0.005 0.075 -0.02259374686 2
0 0.005 0.085 -0.02546748976 2
0 0.005 0.095 -0.02828979948 2
0 0.005 0.105 -0.03105497619 2
0 0.005 0.115 -0.03375743543 2
0 0.005 0.125 -0.03639171942 2
0 0.005 0.135 -0.03895250806 2
0 0.005 0.145 -0.04143462969 2
0 0.005 0.155 0 2
0 0.005 0.165 0 2
0 0.005 0.175 0 2
0 0.005 0.185 0 2
0 0.005 0.195 0 2
0 0.005 0.205 0 2
0 0.005 0.215 0 2
0 0.015 -0.205 0 2
0 0.015 -0.195 0 1
0 0.015 -0.185 0 1
0 0.015 -0.175 0 1
0 0.015 -0.165 0 1
0 0.015 -0.155 0 1
0 0.015 -0.145 0.1235303933 1
0 0.015 -0.135 0.1161303644 1
0 0.015 -0.125 0.1084958029 1
0 0.015 -0.115 0.1006421273 2
0 0.015 -0.105 0.09258519872 2
0 0.015 -0.095 0.08434128853 2
0 0.015 -0.085 0.07592704585 2
0 0.015 -0.075 0.06735946376 2
0 0.015 -0.065 0.05865584502 2
0 0.015 -0.055 0.04983376715 2
0 0.015 -0.045 0.04091104688 2
0 0.015 -0.035 0.03190570419 2
0 0.015 -0.025 0.02283592594 2
0 0.015 -0.015 0.01372002911 2
0 0.015 -0.005 0.004576423828 2
0 0.015 0.005 -0.004576423828 2
0 0.015 0.015 -0.01372002911 2
0 0.015 0.025 -0.02283592594 2
0 0.015 0.035 -0.03190570419 2
0 0.015 0.045 -0.04091104688 2
0 0.015 0.055 -0.04983376715 2
0 0.015 0.065 -0.05865584502 2
0 0.015 0.075 -0.06735946376 2
0 0.015 0.085 -0.07592704585 2
0 0.015 0.095 -0.08434128853 2
0 0.015 0.105 -0.09258519872 2
0 0.015 0.115 -0.1006421273 2
0 0.015 0.125 -0.1084958029 2
0 0.015 0.135 -0.1161303644 2
0 0.015 0.145 -0.1235303933 2
0 0.015 0.155 0 2
0 0.015 0.165 0 2
0 0.015 0.175 0 2
0 0.015 0.185 0 2
0 0.015 0.195 0 2
0 0.015 0.205 0 2
0 0.015 0.215 0 2
0 0.025 -0.205 0 2
0 0.025 -0.195 0 1
0 0.025 -0.185 0 1
0 0.025 -0.175 0 1
0 0.025 -0.165 0 1
0 0.025 -0.155 0 1
0 0.025 -0.145 0.2033201093 1
0 0.025 -0.135 0.1911403157 1
0 0.025 -0.125 0.1785745022 1
0 0.025 -0.115 0.1656480464 1
0 0.025 -0.105 0.152387054 2
0 0.025 -0.095 0.1388183065 2
0 0.025 -0.085 0.1249692067 2
0 0.025 -0.075 0.1108677238 2
0 0.025 -0.065 0.09654233667 2
0 0.025 -0.055 0.08202197622 2
0 0.025 -0.045 0.06733596728 2
0 0.025 -0.035 0.05251396914 2
0 0.025 -0.025 0.03758591576 2
0 0.025 -0.015 0.02258195528 2
0 0.025 -0.005 0.007532389138 2
0 0.025 0.005 -0.007532389138 2
0 0.025 0.015 -0.02258195528 2
0 0.025 0.025 -0.03758591576 2
0 0.025 0.035 -0.05251396914 2
0 0.025 0.045 -0.06733596728 2
0 0.025 0.055 -0.08202197622 2
0 0.025 0.065 -0.09654233667 2
0 0.025 0.075 -0.1108677238 2
0 0.025 0.085 -0.1249692067 2
0 0.025 0.095 -0.1388183065 2
0 0.025 0.105 -0.152387054 2
0 0.025 0.115 -0.1656480464 2
0 0.025 0.125 -0.1785745022 2
0 0.025 0.135 -0.1911403157 2
0 0.025 0.145 -0.2033201093 2
0 0.025 0.155 0 2
0 0.025 0.165 0 2
0 0.025 0.175 0 2
0 0.025 0.185 0 2
0 0.025 0.195 0 2
0 0.025 0.205 0 2
0 0.025 0.215 0 2
0 0.035 -0.205 0 2
0 0.035 -0.195 0 1
0 0.035 -0.185 0 1
0 0.035 -0.175 0 1
0 0.035 -0.165 0 1
0 0.035 -0.155 0 1
0 0.035 -0.145 0.2793142747 1
0 0.035 -0.135 0.262582087 1
0 0.035 -0.125 0.2453195984 1
0 0.035 -0.115 0.2275616715 1
0 0.035 -0.105 0.2093441697 1
0 0.035 -0.095 0.1907038843 2
0 0.035 -0.085 0.1716784604 2
0 0.035 -0.075 0.1523063212 2
0 0.035 -0.065 0.1326265898 2
0 0.035 -0.055 0.1126790108 2
0 0.035 -0.045 0.0925038695 2
0 0.035 -0.035 0.07214191085 2
0 0.035 -0.025 0.05163425711 2
0 0.035 -0.015 0.03102232476 2
0 0.035 -0.005 0.01034774089 2
0 0.035 0.005 -0.01034774089 2
0 0.035 0.015 -0.03102232476 2
0 0.035 0.025 -0.05163425711 2
0 0.035 0.035 -0.07214191085 2
0 0.035 0.045 -0.0925038695 2
0 0.035 0.055 -0.1126790108 2
0 0.035 0.065 -0.1326265898 2
0 0.035 0.075 -0.1523063212 2
0 0.035 0.085 -0.1716784604 2
0 0.035 0.095 -0.1907038843 2
0 0.035 0.105 -0.2093441697 2
0 0.035 0.115 -0.2275616715 2
0 0.035 0.125 -0.2453195984 2
0 0.035 0.135 -0.262582087 2
0 0.035 0.145 -0.2793142747 2
0 0.035 0.155 0 2
0 0.035 0.165 0 2
0 0.035 0.175 0 2
0 0.035 0.185 0 2
0 0.035 0.195 0 2
0 0.035 0.205 0 2
0 0.035 0.215 0 2
0 0.045 -0.205 0 2
0 0.045 -0.195 0 2
0 0.045 -0.185 0 1
0 0.045 -0.175 0 1
0 0.045 -0.165 0 1
0 0.045 -0.155 0 1
0 0.045 -0.145 0.3500942412 1
0 0.045 -0.135 0.3291220136 1
0 0.045 -0.125 0.3074851035 1
0 0.045 -0.115 0.285227208 1
0 0.045 -0.105 0.2623932784 1
0 0.045 -0.095 0.2390294292 2
0 0.045 -0.085 0.2151828452 2
0 0.045 -0.075 0.190901686 2
0 0.045 -0.065 0.1662349888 2
0 0.045 -0.055 0.1412325698 2
0 0.045 -0.045 0.1159449228 2
0 0.045 -0.035 0.09042311772 2
0 0.045 -0.025 0.06471869755 2
0 0.045 -0.015 0.03888357392 2
0 0.045 -0.005 0.0129699225 2
0 0.045 0.005 -0.0129699225 2
0 0.045 0.015 -0.03888357392 2
0 0.045 0.025 -0.06471869755 2
0 0.045 0.035 -0.09042311772 2
0 0.045 0.045 -0.1159449228 2
0 0.045 0.055 -0.1412325698 2
0 0.045 0.065 -0.1662349888 2
0 0.045 0.075 -0.190901686 2
0 0.045 0.085 -0.2151828452 2
0 0.045 0.095 -0.2390294292 2
0 0.045 0.105 -0.2623932784 2
0 0.045 0.115 -0.285227208 2
0 0.045 0.125 -0.3074851035 2
0 0.045 0.135 -0.3291220136 2
0 0.045 0.145 -0.3500942412 2
0 0.045 0.155 0 2
0 0.045 0.165 0 2
0 0.045 0.175 0 2
0 0.045 0.185 0 2
0 0.045 0.195 0 2
0 0.045 0.205 0 2
0 0.045 0.215 0 2
0 0.055 -0.205 0 2
0 0.055 -0.195 0 2
0 0.055 -0.185 0 1
0 0.055 -0.175 0 1
0 0.055 -0.165 0 1
0 0.055 -0.155 0 1
0 0.055 -0.145 0.4143386987 1
0 0.055 -0.135 0.3895179377 1
0 0.055 -0.125 0.3639105208 1
0 0.055 -0.115 0.3375681639 1
0 0.055 -0.105 0.3105440671 1
0 0.055 -0.095 0.2828928072 1
0 0.055 -0.085 0.2546702275 2
0 0.055 -0.075 0.2259333254 2
0 0.055 -0.065 0.1967401369 2
0 0.055 -0.055 0.1671496194 2
0 0.055 -0.045 0.1372215328 2
0 0.055 -0.035 0.1070163188 2
0 0.055 -0.025 0.07659497863 2
0 0.055 -0.015 0.04601895011 2
0 0.055 -0.005 0.01534998345 2
0 0.055 0.005 -0.01534998345 2
0 0.055 0.015 -0.04601895011 2
0 0.055 0.025 -0.07659497863 2
0 0.055 0.035 -0.1070163188 2
0 0.055 0.045 -0.1372215328 2
0 0.055 0.055 -0.1671496194 2
0 0.055 0.065 -0.1967401369 2
0 0.055 0.075 -0.2259333254 2
0 0.055 0.085 -0.2546702275 2
0 0.055 0.095 -0.2828928072 1
0 0.055 0.105 -0.3105440671 1
0 0.055 0.115 -0.3375681639 1
0 0.055 0.125 -0.3639105208 2
0 0.055 0.135 -0.3895179377 2
0 0.055 0.145 -0.4143386987 2
0 0.055 0.155 0 2
0 0.055 0.165 0 2
0 0.055 0.175 0 2
0 0.055 0.185 0 2
0 0.055 0.195 0 2
0 0.055 0.205 0 2
0 0.055 0.215 0 2
0 0.065 -0.205 0 2
0 0.065 -0.195 0 2
0 0.065 -0.185 0 2
0 0.065 -0.175 0 1
0 0.065 -0.165 0 1
0 0.065 -0.155 0 1
0 0.065 -0.145 0.4708483408 1
0 0.065 -0.135 0.4426423968 1
0 0.065 -0.125 0.4135425087 1
0 0.065 -0.115 0.3836074458 1
0 0.065 -0.105 0.3528976637 1
0 0.065 -0.095 0.3214751827 1
0 0.065 -0.085 0.2894034626 2
0 0.065 -0.075 0.256747274 2
0 0.065 -0.065 0.2235725684 2
0 0.065 -0.055 0.1899463439 2
0 0.065 -0.045 0.155936511 2
0 0.065 -0.035 0.1216117546 2
0 0.065 -0.025 0.08704139563 2
0 0.065 -0.015 0.05229525114 2
0 0.065 -0.005 0.01744349312 2
0 0.065 0.005 -0.01744349312 2
0 0.065 0.015 -0.05229525114 2
0 0.065 0.025 -0.08704139563 2
0 0.065 0.035 -0.1216117546 2
0 0.065 0.045 -0.155936511 2
0 0.065 0.055 -0.1899463439 2
0 0.065 0.065 -0.2235725684 2
0 0.065 0.075 -0.256747274 2
0 0.065 0.085 -0.2894034626 1
0 0.065 0.095 -0.3214751827 1
0 0.065 0.105 -0.3528976637 1
0 0.065 0.115 -0.3836074458 1
0 0.065 0.125 -0.4135425087 1
0 0.065 0.135 -0.4426423968 1
0 0.065 0.145 -0.4708483408 2
0 0.065 0.155 0 2
0 0.065 0.165 0 2
0 0.065 0.175 0 2
0 0.065 0.185 0 2
0 0.065 0.195 0 2
0 0.065 0.205 0 2
0 0.065 0.215 0 2
0 0.075 -0.205 0 2
0 0.075 -0.195 0 2
0 0.075 -0.185 0 2
0 0.075 -0.175 0 2
0 0.075 -0.165 0 1
0 0.075 -0.155 0 1
0 0.075 -0.145 0.5185682537 1
0 0.075 -0.135 0.4875036711 1
0 0.075 -0.125 0.4554545444 1
0 0.075 -0.115 0.4224855989 1
0 0.075 -0.105 0.3886634173 1
0 0.075 -0.095 0.3540563057 1
0 0.075 -0.085 0.3187341553 2
0 0.075 -0.075 0.2827683013 2
0 0.075 -0.065 0.2462313792 2
0 0.075 -0.055 0.2091971774 2
0 0.075 -0.045 0.1717404888 2
0 0.075 -0.035 0.1339369596 2
0 0.075 -0.025 0.09586293636 2
0 0.075 -0.015 0.05759531192 2
0 0.075 -0.005 0.01921137016 2
0 0.075 0.005 -0.01921137016 2
0 0.075 0.015 -0.05759531192 2
0 0.075 0.025 -0.09586293636 2
0 0.075 0.035 -0.1339369596 2
0 0.075 0.045 -0.1717404888 2
0 0.075 0.055 -0.2091971774 2
0 0.075 0.065 -0.2462313792 2
0 0.075 0.075 -0.2827683013 2
0 0.075 0.085 -0.3187341553 1
0 0.075 0.095 -0.3540563057 1
0 0.075 0.105 -0.3886634173 1
0 0.075 0.115 -0.4224855989 1
0 0.075 0.125 -0.4554545444 1
0 0.075 0.135 -0.4875036711 1
0 0.075 0.145 -0.5185682537 1
0 0.075 0.155 0 2
0 0.075 0.165 0 2
0 0.075 0.175 0 2
0 0.075 0.185 0 2
0 0.075 0.195 0 2
0 0.075 0.205 0 2
0 0.075 0.215 0 2
0 0.085 -0.205 0 2
0 0.085 -0.195 0 2
0 0.085 -0.185 0 2
0 0.085 -0.175 0 2
0 0.085 -0.165 0 2
0 0.085 -0.155 0 2
0 0.085 -0.145 0.5566076087 1
0 0.085 -0.135 0.5232642968 1
0 0.085 -0.125 0.48886422 1
0 0.085 -0.115 0.4534768514 1
0 0.085 -0.105 0.417173658 1
0 0.085 -0.095 0.3800279564 2
0 0.085 -0.085 0.3421147645 2
0 0.085 -0.075 0.3035106506 2
0 0.085 -0.065 0.2642935779 2
0 0.085 -0.055 0.2245427479 2
0 0.085 -0.045 0.1843384398 2
0 0.085 -0.035 0.1437618487 2
0 0.085 -0.025 0.1028949215 2
0 0.085 -0.015 0.06182019169 2
0 0.085 -0.005 0.0206206121 2
0 0.085 0.005 -0.0206206121 2
0 0.085 0.015 -0.06182019169 2
0 0.085 0.025 -0.1028949215 2
0 0.085 0.035 -0.1437618487 2
0 0.085 0.045 -0.1843384398 2
0 0.085 0.055 -0.2245427479 2
0 0.085 0.065 -0.2642935779 2
0 0.085 0.075 -0.3035106506 2
0 0.085 0.085 -0.3421147645 1
0 0.085 0.095 -0.3800279564 1
0 0.085 0.105 -0.417173658 1
0 0.085 0.115 -0.4534768514 1
0 0.085 0.125 -0.48886422 1
0 0.085 0.135 -0.5232642968 1
0 0.085 0.145 -0.5566076087 1
0 0.085 0.155 0 1
0 0.085 0.165 0 2
0 0.085 0.175 0 2
0 0.085 0.185 0 2
0 0.085 0.195 0 2
0 0.085 0.205 0 2
0 0.085 0.215 0 2
0 0.095 -0.205 0 2
0 0.095 -0.195 0 2
0 0.095 -0.185 0 2
0 0.095 -0.175 0 2
0 0.095 -0.165 0 2
0 0.095 -0.155 0 2
0 0.095 -0.145 0.5842562928 2
0 0.095 -0.135 0.5492566998 2
0 0.095 -0.125 0.5131478485 2
0 0.095 -0.115 0.4760026632 2
0 0.095 -0.105 0.4378961607 2
0 0.095 -0.095 0.3989052997 2
0 0.095 -0.085 0.3591088244 2
0 0.095 -0.075 0.3185871065 2
0 0.095 -0.065 0.2774219821 2
0 0.095 -0.055 0.2356965866 2
0 0.095 -0.045 0.1934951872 2
0 0.095 -0.035 0.1509030122 2
0 0.095 -0.025 0.1080060791 2
0 0.095 -0.015 0.06489102098 2
0 0.095 -0.005 0.02164491141 2
0 0.095 0.005 -0.02164491141 2
0 0.095 0.015 -0.06489102098 2
0 0.095 0.025 -0.1080060791 2
0 0.095 0.035 -0.1509030122 2
0 0.095 0.045 -0.1934951872 2
0 0.095 0.055 -0.2356965866 2
0 0.095 0.065 -0.2774219821 2
0 0.095 0.075 -0.3185871065 2
0 0.095 0.085 -0.3591088244 1
0 0.095 0.095 -0.3989052997 1
0 0.095 0.105 -0.4378961607 1
0 0.095 0.115 -0.4760026632 1
0 0.095 0.125 -0.5131478485 1
0 0.095 0.135 -0.5492566998 1
0 0.095 0.145 -0.5842562928 1
0 0.095 0.155 0 1
0 0.095 0.165 0 2
0 0.095 0.175 0 2
0 0.095 0.185 0 2
0 0.095 0.195 0 2
0 0.095 0.205 0 2
0 0.095 0.215 0 2
0 0.105 -0.205 0 2
0 0.105 -0.195 0 2
0 0.105 -0.185 0 2
0 0.105 -0.175 0 2
0 0.105 -0.165 0 2
0 0.105 -0.155 0 2
0 0.105 -0.145 0.6009981643 2
0 0.105 -0.135 0.5649956574 2
0 0.105 -0.125 0.5278521066 2
0 0.105 -0.115 0.4896425255 2
0 0.105 -0.105 0.4504440807 2
0 0.105 -0.095 0.4103359361 2
0 0.105 -0.085 0.3693990923 2
0 0.105 -0.075 0.3277162241 2
0 0.105 -0.065 0.2853715125 2
0 0.105 -0.055 0.2424504753 2
0 0.105 -0.045 0.1990397942 2
0 0.105 -0.035 0.1552271399 2
0 0.105 -0.025 0.1111009946 2
0 0.105 -0.015 0.06675047401 1
0 0.105 -0.005 0.02226514662 1
0 0.105 0.005 -0.02226514662 1
0 0.105 0.015 -0.06675047401 1
0 0.105 0.025 -0.1111009946 2
0 0.105 0.035 -0.1552271399 2
0 0.105 0.045 -0.1990397942 2
0 0.105 0.055 -0.2424504753 2
0 0.105 0.065 -0.2853715125 2
0 0.105 0.075 -0.3277162241 2
0 0.105 0.085 -0.3693990923 1
0 0.105 0.095 -0.4103359361 1
0 0.105 0.105 -0.4504440807 1
0 0.105 0.115 -0.4896425255 1
0 0.105 0.125 -0.5278521066 1
0 0.105 0.135 -0.5649956574 1
0 0.105 0.145 -0.6009981643 1
0 0.105 0.155 0 1
0 0.105 0.165 0 1
0 0.105 0.175 0 2
0 0.105 0.185 0 2
0 0.105 0.195 0 2
0 0.105 0.205 0 2
0 0.105 0.215 0 2
0 0.115 -0.205 0 2
0 0.115 -0.195 0 2
0 0.115 -0.185 0 2
0 0.115 -0.175 0 2
0 0.115 -0.165 0 2
0 0.115 -0.155 0 2
0 0.115 -0.145 0.6065206882 2
0 0.115 -0.135 0.5701873572 2
0 0.115 -0.125 0.5327024973 2
0 0.115 -0.115 0.4941418114 2
0 0.115 -0.105 0.4545831753 1
0 0.115 -0.095 0.4141064801 1
0 0.115 -0.085 0.372793471 1
0 0.115 -0.075 0.3307275822 1
0 0.115 -0.065 0.2879937684 1
0 0.115 -0.055 0.2446783333 1
0 0.115 -0.045 0.2008687549 1
0 0.115 -0.035 0.1566535096 2
0 0.115 -0.025 0.1121218928 1
0 0.115 -0.015 0.06736383876 1
0 0.115 -0.005 0.02246973927 1
0 0.115 0.005 -0.02246973927 1
0 0.115 0.015 -0.06736383876 1
0 0.115 0.025 -0.1121218928 1
0 0.115 0.035 -0.1566535096 2
0 0.115 0.045 -0.2008687549 2
0 0.115 0.055 -0.2446783333 2
0 0.115 0.065 -0.2879937684 2
0 0.115 0.075 -0.3307275822 2
0 0.115 0.085 -0.372793471 2
0 0.115 0.095 -0.4141064801 1
0 0.115 0.105 -0.4545831753 1
0 0.115 0.115 -0.4941418114 1
0 0.115 0.125 -0.5327024973 1
0 0.115 0.135 -0.5701873572 1
0 0.115 0.145 -0.6065206882 1
0 0.115 0.155 0 1
0 0.115 0.165 0 1
0 0.115 0.175 0 2
0 0.115 0.185 0 2
0 0.115 0.195 0 2
0 0.115 0.205 0 2
0 0.115 0.215 0 2
0 0.125 -0.205 0 2
0 0.125 -0.195 0 2
0 0.125 -0.185 0 2
0 0.125 -0.175 0 2
0 0.125 -0.165 0 2
0 0.125 -0.155 0 2
0 0.125 -0.145 0.600720771 2
0 0.125 -0.135 0.5647348813 2
0 0.125 -0.125 0.5276084742 2
0 0.125 -0.115 0.4894165289 1
0 0.125 -0.105 0.4502361763 1
0 0.125 -0.095 0.4101465437 1
0 0.125 -0.085 0.3692285946 1
0 0.125 -0.075 0.3275649653 1
0 0.125 -0.065 0.285239798 1
0 0.125 -0.055 0.2423385712 1
0 0.125 -0.045 0.1989479266 1
0 0.125 -0.035 0.1551554941 1
0 0.125 -0.025 0.1110497155 1
0 0.125 -0.015 0.06671966504 1
0 0.125 -0.005 0.02225487004 1
0 0.125 0.005 -0.02225487004 1
0 0.125 0.015 -0.06671966504 1
0 0.125 0.025 -0.1110497155 1
0 0.125 0.035 -0.1551554941 2
0 0.125 0.045 -0.1989479266 2
0 0.125 0.055 -0.2423385712 2
0 0.125 0.065 -0.285239798 2
0 0.125 0.075 -0.3275649653 2
0 0.125 0.085 -0.3692285946 2
0 0.125 0.095 -0.4101465437 1
0 0.125 0.105 -0.4502361763 1
0 0.125 0.115 -0.4894165289 1
0 0.125 0.125 -0.5276084742 1
0 0.125 0.135 -0.5647348813 1
0 0.125 0.145 -0.600720771 1
0 0.125 0.155 0 1
0 0.125 0.165 0 1
0 0.125 0.175 0 2
0 0.125 0.185 0 2
0 0.125 0.195 0 2
0 0.125 0.205 0 2
0 0.125 0.215 0 2
0 0.135 -0.205 0 2
0 0.135 -0.195 0 2
0 0.135 -0.185 0 2
0 0.135 -0.175 0 2
0 0.135 -0.165 0 2
0 0.135 -0.155 0 2
0 0.135 -0.145 0.5837066846 2
0 0.135 -0.135 0.5487400155 2
0 0.135 -0.125 0.5126651318 2
0 0.135 -0.115 0.4755548888 1
0 0.135 -0.105 0.437484233 1
0 0.135 -0.095 0.3985300506 1
0 0.135 -0.085 0.3587710118 1
0 0.135 -0.075 0.3182874125 1
0 0.135 -0.065 0.277161012 1
0 0.135 -0.055 0.2354748675 1
0 0.135 -0.045 0.1933131668 1
0 0.135 -0.035 0.1507610581 1
0 0.135 -0.025 0.1079044781 1
0 0.135 -0.015 0.06482997818 1
0 0.135 -0.005 0.0216245501 1
0 0.135 0.005 -0.0216245501 1
0 0.135 0.015 -0.06482997818 1
0 0.135 0.025 -0.1079044781 1
0 0.135 0.035 -0.1507610581 1
0 0.135 0.045 -0.1933131668 2
0 0.135 0.055 -0.2354748675 2
0 0.135 0.065 -0.277161012 2
0 0.135 0.075 -0.3182874125 2
0 0.135 0.085 -0.3587710118 2
0 0.135 0.095 -0.3985300506 2
0 0.135 0.105 -0.437484233 1
0 0.135 0.115 -0.4755548888 1
0 0.135 0.125 -0.5126651318 1
0 0.135 0.135 -0.5487400155 1
0 0.135 0.145 -0.5837066846 1
0 0.135 0.155 0 1
0 0.135 0.165 0 1
0 0.135 0.175 0 2
0 0.135 0.185 0 2
0 0.135 0.195 0 2
0 0.135 0.205 0 2
0 0.135 0.215 0 2
0 0.145 -0.205 0 2
0 0.145 -0.195 0 2
0 0.145 -0.185 0 2
0 0.145 -0.175 0 2
0 0.145 -0.165 0 2
0 0.145 -0.155 0 2
0 0.145 -0.145 0.5557960455 2
0 0.145 -0.135 0.5225013499 2
0 0.145 -0.125 0.4881514303 2
0 0.145 -0.115 0.4528156583 1
0 0.145 -0.105 0.4165653968 1
0 0.145 -0.095 0.3794738556 1
0 0.145 -0.085 0.3416159432 1
0 0.145 -0.075 0.3030681161 1
0 0.145 -0.065 0.263908224 1
0 0.145 -0.055 0.2242153527 1
0 0.145 -0.045 0.1840696646 1
0 0.145 -0.035 0.1435522363 1
0 0.145 -0.025 0.1027448953 1
0 0.145 -0.015 0.06173005459 1
0 0.145 -0.005 0.02059054616 1
0 0.145 0.005 -0.02059054616 1
0 0.145 0.015 -0.06173005459 1
0 0.145 0.025 -0.1027448953 1
0 0.145 0.035 -0.1435522363 1
0 0.145 0.045 -0.1840696646 2
0 0.145 0.055 -0.2242153527 2
0 0.145 0.065 -0.263908224 2
0 0.145 0.075 -0.3030681161 2
0 0.145 0.085 -0.3416159432 2
0 0.145 0.095 -0.3794738556 2
0 0.145 0.105 -0.4165653968 2
0 0.145 0.115 -0.4528156583 1
0 0.145 0.125 -0.4881514303 1
0 0.145 0.135 -0.5225013499 1
0 0.145 0.145 -0.5557960455 1
0 0.145 0.155 0 1
0 0.145 0.165 0 1
0 0.145 0.175 0 2
0 0.145 0.185 0 2
0 0.145 0.195 0 2
0 0.145 0.205 0 2
0 0.145 0.215 0 2
0 0.155 -0.205 0 2
0 0.155 -0.195 0 2
0 0.155 -0.185 0 2
0 0.155 -0.175 0 2
0 0.155 -0.165 0 2
0 0.155 -0.155 0 2
0 0.155 -0.145 0.5175098856 2
0 0.155 -0.135 0.4865087041 2
0 0.155 -0.125 0.4545249879 2
0 0.155 -0.115 0.42162333 1
0 0.155 -0.105 0.3878701776 1
0 0.155 -0.095 0.3533336971 1
0 0.155 -0.085 0.3180836372 1
0 0.155 -0.075 0.2821911875 1
0 0.155 -0.065 0.2457288351 1
0 0.155 -0.055 0.2087702179 1
0 0.155 -0.045 0.1713899763 1
0 0.155 -0.035 0.133663602 1
0 0.155 -0.025 0.09566728561 1
0 0.155 -0.015 0.0574777632 1
0 0.155 -0.005 0.01917216086 1
0 0.155 0.005 -0.01917216086 1
0 0.155 0.015 -0.0574777632 1
0 0.155 0.025 -0.09566728561 1
0 0.155 0.035 -0.133663602 1
0 0.155 0.045 -0.1713899763 2
0 0.155 0.055 -0.2087702179 2
0 0.155 0.065 -0.2457288351 2
0 0.155 0.075 -0.2821911875 2
0 0.155 0.085 -0.3180836372 2
0 0.155 0.095 -0.3533336971 2
0 0.155 0.105 -0.3878701776 2
0 0.155 0.115 -0.42162333 2
0 0.155 0.125 -0.4545249879 2
0 0.155 0.135 -0.4865087041 1
0 0.155 0.145 -0.5175098856 1
0 0.155 0.155 0 1
0 0.155 0.165 0 2
0 0.155 0.175 0 2
0 0.155 0.185 0 2
0 0.155 0.195 0 2
0 0.155 0.205 0 2
0 0.155 0.215 0 2
0 0.165 -0.205 0 2
0 0.165 -0.195 0 2
0 0.165 -0.185 0 2
0 0.165 -0.175 0 2
0 0.165 -0.165 0 2
0 0.165 -0.155 0 2
0 0.165 -0.145 0.4695629255 2
0 0.165 -0.135 0.4414339836 2
0 0.165 -0.125 0.4124135382 2
0 0.165 -0.115 0.382560198 2
0 0.165 -0.105 0.3519342535 1
0 0.165 -0.095 0.3205975559 1
0 0.165 -0.085 0.2886133915 1
0 0.165 -0.075 0.2560463543 1
0 0.165 -0.065 0.2229622155 1
0 0.165 -0.055 0.1894277907 1
0 0.165 -0.045 0.1555108046 1
0 0.165 -0.035 0.1212797547 1
0 0.165 -0.025 0.08680377273 1
0 0.165 -0.015 0.05215248517 1
0 0.165 -0.005 0.01739587241 1
0 0.165 0.005 -0.01739587241 1
0 0.165 0.015 -0.05215248517 1
0 0.165 0.025 -0.08680377273 1
0 0.165 0.035 -0.1212797547 1
0 0.165 0.045 -0.1555108046 2
0 0.165 0.055 -0.1894277907 2
0 0.165 0.065 -0.2229622155 2
0 0.165 0.075 -0.2560463543 2
0 0.165 0.085 -0.2886133915 2
0 0.165 0.095 -0.3205975559 2
0 0.165 0.105 -0.3519342535 2
0 0.165 0.115 -0.382560198 2
0 0.165 0.125 -0.4124135382 2
0 0.165 0.135 -0.4414339836 2
0 0.165 0.145 -0.4695629255 2
0 0.165 0.155 0 2
0 0.165 0.165 0 2
0 0.165 0.175 0 2
0 0.165 0.185 0 2
0 0.165 0.195 0 2
0 0.165 0.205 0 2
0 0.165 0.215 0 1
0 0.175 -0.205 0 2
0 0.175 -0.195 0 2
0 0.175 -0.185 0 2
0 0.175 -0.175 0 2
0 0.175 -0.165 0 2
0 0.175 -0.155 0 2
0 0.175 -0.145 0.412850232 2
0 0.175 -0.135 0.3881186368 2
0 0.175 -0.125 0.3626032118 2
0 0.175 -0.115 0.336355487 2
0 0.175 -0.105 0.3094284713 2
0 0.175 -0.095 0.2818765455 2
0 0.175 -0.085 0.2537553524 1
0 0.175 -0.075 0.2251216845 1
0 0.175 -0.065 0.1960333694 1
0 0.175 -0.055 0.1665491526 1
0 0.175 -0.045 0.1367285794 1
0 0.175 -0.035 0.1066318743 1
0 0.175 -0.025 0.07631981948 1
0 0.175 -0.015 0.04585363203 1
0 0.175 -0.005 0.01529484031 1
0 0.175 0.005 -0.01529484031 1
0 0.175 0.015 -0.04585363203 1
0 0.175 0.025 -0.07631981948 1
0 0.175 0.035 -0.1066318743 1
0 0.175 0.045 -0.1367285794 2
0 0.175 0.055 -0.1665491526 2
0 0.175 0.065 -0.1960333694 2
0 0.175 0.075 -0.2251216845 2
0 0.175 0.085 -0.2537553524 2
0 0.175 0.095 -0.2818765455 2
0 0.175 0.105 -0.3094284713 2
0 0.175 0.115 -0.336355487 2
0 0.175 0.125 -0.3626032118 2
0 0.175 0.135 -0.3881186368 2
0 0.175 0.145 -0.412850232 2
0 0.175 0.155 0 2
0 0.175 0.165 0 2
0 0.175 0.175 0 2
0 0.175 0.185 0 2
0 0.175 0.195 0 1
0 0.175 0.205 0 1
0 0.175 0.215 0 1
0 0.185 -0.205 0 2
0 0.185 -0.195 0 2
0 0.185 -0.185 0 2
0 0.185 -0.175 0 2
0 0.185 -0.165 0 2
0 0.185 -0.155 0 2
0 0.185 -0.145 0.3484305095 2
0 0.185 -0.135 0.327557947 2
0 0.185 -0.125 0.3060238606 2
0 0.185 -0.115 0.28387174 2
0 0.185 -0.105 0.2611463227 2
0 0.185 -0.095 0.2378935041 2
0 0.185 -0.085 0.2141602448 2
0 0.185 -0.075 0.1899944754 2
0 0.185 -0.065 0.1654450004 2
0 0.185 -0.055 0.1405613988 2
0 0.185 -0.045 0.1153939247 2
0 0.185 -0.035 0.08999340541 2
0 0.185 -0.025 0.06441113879 2
0 0.185 -0.015 0.03869878987 1
0 0.185 -0.005 0.01290828632 1
0 0.185 0.005 -0.01290828632 1
0 0.185 0.015 -0.03869878987 1
0 0.185 0.025 -0.06441113879 1
0 0.185 0.035 -0.08999340541 1
0 0.185 0.045 -0.1153939247 2
0 0.185 0.055 -0.1405613988 2
0 0.185 0.065 -0.1654450004 2
0 0.185 0.075 -0.1899944754 2
0 0.185 0.085 -0.2141602448 2
0 0.185 0.095 -0.2378935041 2
0 0.185 0.105 -0.2611463227 2
0 0.185 0.115 -0.28387174 2
0 0.185 0.125 -0.3060238606 2
0 0.185 0.135 -0.327557947 2
0 0.185 0.145 -0.3484305095 2
0 0.185 0.155 0 2
0 0.185 0.165 0 2
0 0.185 0.175 0 2
0 0.185 0.185 0 2
0 0.185 0.195 0 1
0 0.185 0.205 0 1
0 0.185 0.215 0 1
0 0.195 -0.205 0 2
0 0.195 -0.195 0 2
0 0.195 -0.185 0 2
0 0.195 -0.175 0 2
0 0.195 -0.165 0 2
0 0.195 -0.155 0 2
0 0.195 -0.145 0.2775063364 2
0 0.195 -0.135 0.2608824524 2
0 0.195 -0.125 0.2437317 2
0 0.195 -0.115 0.2260887162 2
0 0.195 -0.105 0.2079891321 2
0 0.195 -0.095 0.189469501 2
0 0.195 -0.085 0.1705672244 2
0 0.195 -0.075 0.1513204767 2
0 0.195 -0.065 0.1317681278 2
0 0.195 -0.055 0.111949665 2
0 0.195 -0.045 0.09190511282 2
0 0.195 -0.035 0.07167495253 2
0 0.195 -0.025 0.05130004021 2
0 0.195 -0.015 0.03082152425 1
0 0.195 -0.005 0.0102807623 1
0 0.195 0.005 -0.0102807623 1
0 0.195 0.015 -0.03082152425 1
0 0.195 0.025 -0.05130004021 1
0 0.195 0.035 -0.07167495253 1
0 0.195 0.045 -0.09190511282 2
0 0.195 0.055 -0.111949665 2
0 0.195 0.065 -0.1317681278 2
0 0.195 0.075 -0.1513204767 2
0 0.195 0.085 -0.1705672244 2
0 0.195 0.095 -0.189469501 2
0 0.195 0.105 -0.2079891321 2
0 0.195 0.115 -0.2260887162 2
0 0.195 0.125 -0.2437317 2
0 0.195 0.135 -0.2608824524 2
0 0.195 0.145 -0.2775063364 2
0 0.195 0.155 0 2
0 0.195 0.165 0 2
0 0.195 0.175 0 2
0 0.195 0.185 0 2
0 0.195 0.195 0 1
0 0.195 0.205 0 1
0 0.195 0.215 0 1
0 0.205 -0.205 0 2
0 0.205 -0.195 0 2
0 0.205 -0.185 0 2
0 0.205 -0.175 0 2
0 0.205 -0.165 0 2
0 0.205 -0.155 0 2
0 0.205 -0.145 0.2014017148 2
0 0.205 -0.135 0.1893368416 2
0 0.205 -0.125 0.1768895909 2
0 0.205 -0.115 0.1640851006 2
0 0.205 -0.105 0.1509492302 2
0 0.205 -0.095 0.1375085084 2
0 0.205 -0.085 0.1237900796 2
0 0.205 -0.075 0.1098216491 2
0 0.205 -0.065 0.0956314268 2
0 0.205 -0.055 0.08124807091 2
0 0.205 -0.045 0.06670062946 2
0 0.205 -0.035 0.05201848193 2
0 0.205 -0.025 0.03723127983 2
0 0.205 -0.015 0.02236888684 2
0 0.205 -0.005 0.007461318478 1
0 0.205 0.005 -0.007461318478 1
0 0.205 0.015 -0.02236888684 1
0 0.205 0.025 -0.03723127983 1
0 0.205 0.035 -0.05201848193 2
0 0.205 0.045 -0.06670062946 2
0 0.205 0.055 -0.08124807091 2
0 0.205 0.065 -0.0956314268 2
0 0.205 0.075 -0.1098216491 2
0 0.205 0.085 -0.1237900796 2
0 0.205 0.095 -0.1375085084 2
0 0.205 0.105 -0.1509492302 2
0 0.205 0.115 -0.1640851006 2
0 0.205 0.125 -0.1768895909 2
0 0.205 0.135 -0.1893368416 2
0 0.205 0.145 -0.2014017148 2
0 0.205 0.155 0 2
0 0.205 0.165 0 2
0 0.205 0.175 0 2
0 0.205 0.185 0 2
0 0.205 0.195 0 1
0 0.205 0.205 0 1
0 0.205 0.215 0 1
0 0.215 -0.205 0 2
0 0.215 -0.195 0 2
0 0.215 -0.185 0 2
0 0.215 -0.175 0 2
0 0.215 -0.165 0 2
0 0.215 -0.155 0 2
0 0.215 -0.145 0.1215373548 2
0 0.215 -0.135 0.1142567178 2
0 0.215 -0.125 0.1067453323 2
0 0.215 -0.115 0.09901836792 2
0 0.215 -0.105 0.09109142975 2
0 0.215 -0.095 0.08298052675 2
0 0.215 -0.085 0.0747020394 2
0 0.215 -0.075 0.06627268662 2
0 0.215 -0.065 0.05770949202 2
0 0.215 -0.055 0.04902974949 2
0 0.215 -0.045 0.04025098832 2
0 0.215 -0.035 0.03139093777 2
0 0.215 -0.025 0.02246749126 2
0 0.215 -0.015 0.01349867025 2
0 0.215 -0.005 0.004502587837 2
0 0.215 0.005 -0.004502587837 2
0 0.215 0.015 -0.01349867025 2
0 0.215 0.025 -0.02246749126 2
0 0.215 0.035 -0.03139093777 2
0 0.215 0.045 -0.04025098832 2
0 0.215 0.055 -0.04902974949 2
0 0.215 0.065 -0.05770949202 2
0 0.215 0.075 -0.06627268662 2
0 0.215 0.085 -0.0747020394 2
0 0.215 0.095 -0.08298052675 2
0 0.215 0.105 -0.09109142975 2
0 0.215 0.115 -0.09901836792 2
0 0.215 0.125 -0.1067453323 2
0 0.215 0.135 -0.1142567178 2
0 0.215 0.145 -0.1215373548 2
0 0.215 0.155 0 2
0 0.215 0.165 0 2
0 0.215 0.175 0 2
0 0.215 0.185 0 2
0 0.215 0.195 0 1
0 0.215 0.205 0 1
0 0.215 0.215 0 1
0 0.225 -0.205 0 2
0 0.225 -0.195 0 2
0 0.225 -0.185 0 2
0 0.225 -0.175 0 2
0 0.225 -0.165 0 2
0 0.225 -0.155 0 2
0 0.225 -0.145 0.03940415295 2
0 0.225 -0.135 0.03704366606 2
0 0.225 -0.125 0.03460836718 2
0 0.225 -0.115 0.03210317454 2
0 0.225 -0.105 0.02953314753 2
0 0.225 -0.095 0.02690347649 2
0 0.225 -0.085 0.0242194722 2
0 0.225 -0.075 0.02148655518 2
0 0.225 -0.065 0.01871024471 2
0 0.225 -0.055 0.01589614774 2
0 0.225 -0.045 0.01304994751 2
0 0.225 -0.035 0.01017739209 2
0 0.225 -0.025 0.007284282792 2
0 0.225 -0.015 0.004376462431 2
0 0.225 -0.005 0.001459803532 2
0 0.225 0.005 -0.001459803532 2
0 0.225 0.015 -0.004376462431 2
0 0.225 0.025 -0.007284282792 2
0 0.225 0.035 -0.01017739209 2
0 0.225 0.045 -0.01304994751 2
0 0.225 0.055 -0.01589614774 2
0 0.225 0.065 -0.01871024471 2
0 0.225 0.075 -0.02148655518 2
0 0.225 0.085 -0.0242194722 2
0 0.225 0.095 -0.02690347649 2
0 0.225 0.105 -0.02953314753 2
0 0.225 0.115 -0.03210317454 2
0 0.225 0.125 -0.03460836718 2
0 0.225 0.135 -0.03704366606 2
0 0.225 0.145 -0.03940415295 2
0 0.225 0.155 0 2
0 0.225 0.165 0 2
0 0.225 0.175 0 2
0 0.225 0.185 0 2
0 0.225 0.195 0 2
0 0.225 0.205 0 1
0 0.225 0.215 0 1
0 0.235 -0.205 0 2
0 0.235 -0.195 0 2
0 0.235 -0.185 0 2
0 0.235 -0.175 0 2
0 0.235 -0.165 0 2
0 0.235 -0.155 0 2
0 0.235 -0.145 -0.04346463997 2
0 0.235 -0.135 -0.04086091156 2
0 0.235 -0.125 -0.03817466198 2
0 0.235 -0.115 -0.03541131629 2
0 0.235 -0.105 -0.03257645524 2
0 0.235 -0.095 -0.029675804 2
0 0.235 -0.085 -0.02671522063 2
0 0.235 -0.075 -0.0237006842 2
0 0.235 -0.065 -0.02063828275 2
0 0.235 -0.055 -0.01753420101 2
0 0.235 -0.045 -0.01439470786 2
0 0.235 -0.035 -0.01122614369 2
0 0.235 -0.025 -0.008034907625 2
0 0.235 -0.015 -0.004827444563 2
0 0.235 -0.005 -0.001610232176 2
0 0.235 0.005 0.001610232176 2
0 0.235 0.015 0.004827444563 2
0 0.235 0.025 0.008034907625 2
0 0.235 0.035 0.01122614369 2
0 0.235 0.045 0.01439470786 2
0 0.235 0.055 0.01753420101 2
0 0.235 0.065 0.02063828275 2
0 0.235 0.075 0.0237006842 2
0 0.235 0.085 0.02671522063 2
0 0.235 0.095 0.029675804 2
0 0.235 0.105 0.03257645524 2
0 0.235 0.115 0.03541131629 2
0 0.235 0.125 0.03817466198 2
0 0.235 0.135 0.04086091156 2
0 0.235 0.145 0.04346463997 2
0 0.235 0.155 0 2
0 0.235 0.165 0 2
0 0.235 0.175 0 2
0 0.235 0.185 0 2
0 0.235 0.195 0 2
0 0.235 0.205 0 1
0 0.235 0.215 0 1
0 0.245 -0.205 0 2
0 0.245 -0.195 0 2
0 0.245 -0.185 0 2
0 0.245 -0.175 0 2
0 0.245 -0.165 0 2
0 0.245 -0.155 0 2
0 0.245 -0.145 -0.1255220412 2
0 0.245 -0.135 -0.1180027035 2
0 0.245 -0.125 -0.110245052 2
0 0.245 -0.115 -0.1022647538 2
0 0.245 -0.105 -0.09407792542 2
0 0.245 -0.095 -0.08570110085 2
0 0.245 -0.085 -0.07715119755 2
0 0.245 -0.075 -0.0684454826 2
0 0.245 -0.065 -0.05960153772 2
0 0.245 -0.055 -0.05063722382 2
0 0.245 -0.045 -0.04157064488 2
0 0.245 -0.035 -0.03242011143 2
0 0.245 -0.025 -0.02320410354 2
0 0.245 -0.015 -0.01394123352 2
0 0.245 -0.005 -0.0046502083 2
0 0.245 0.005 0.0046502083 2
0 0.245 0.015 0.01394123352 2
0 0.245 0.025 0.02320410354 2
0 0.245 0.035 0.03242011143 2
0 0.245 0.045 0.04157064488 2
0 0.245 0.055 0.05063722382 2
0 0.245 0.065 0.05960153772 2
0 0.245 0.075 0.0684454826 2
0 0.245 0.085 0.07715119755 2
0 0.245 0.095 0.08570110085 2
0 0.245 0.105 0.09407792542 2
0 0.245 0.115 0.1022647538 2
0 0.245 0.125 0.110245052 2
0 0.245 0.135 0.1180027035 2
0 0.245 0.145 0.1255220412 2
0 0.245 0.155 0 2
0 0.245 0.165 0 2
0 0.245 0.175 0 2
0 0.245 0.185 0 2
0 0.245 0.195 0 2
0 0.245 0.205 0 2
0 0.245 0.215 0 1
0 0.255 -0.205 0 2
0 0.255 -0.195 0 2
0 0.255 -0.185 0 2
0 0.255 -0.175 0 2
0 0.255 -0.165 0 2
0 0.255 -0.155 0 2
0 0.255 -0.145 -0.205236215 2
0 0.255 -0.135 -0.192941638 2
0 0.255 -0.125 -0.1802574033 2
0 0.255 -0.115 -0.1672091275 2
0 0.255 -0.105 -0.1538231624 2
0 0.255 -0.095 -0.1401265418 2
0 0.255 -0.085 -0.126146927 2
0 0.255 -0.075 -0.1119125506 1
0 0.255 -0.065 -0.09745215973 1
0 0.255 -0.055 -0.08279495819 1
0 0.255 -0.045 -0.06797054707 1
0 0.255 -0.035 -0.05300886518 2
0 0.255 -0.025 -0.03794012858 2
0 0.255 -0.015 -0.02279476952 2
0 0.255 -0.005 -0.007603375004 2
0 0.255 0.005 0.007603375004 2
0 0.255 0.015 0.02279476952 2
0 0.255 0.025 0.03794012858 2
0 0.255 0.035 0.05300886518 2
0 0.255 0.045 0.06797054707 2
0 0.255 0.055 0.08279495819 2
0 0.255 0.065 0.09745215973 2
0 0.255 0.075 0.1119125506 2
0 0.255 0.085 0.126146927 2
0 0.255 0.095 0.1401265418 2
0 0.255 0.105 0.1538231624 2
0 0.255 0.115 0.1672091275 2
0 0.255 0.125 0.1802574033 2
0 0.255 0.135 0.192941638 2
0 0.255 0.145 0.205236215 2
0 0.255 0.155 0 2
0 0.255 0.165 0 2
0 0.255 0.175 0 2
0 0.255 0.185 0 2
0 0.255 0.195 0 2
0 0.255 0.205 0 2
0 0.255 0.215 0 2
0 0.265 -0.205 0 2
0 0.265 -0.195 0 2
0 0.265 -0.185 0 2
0 0.265 -0.175 0 2
0 0.265 -0.165 0 2
0 0.265 -0.155 0 2
0 0.265 -0.145 -0.2811190686 2
0 0.265 -0.135 -0.2642787656 2
0 0.265 -0.125 -0.2469047352 2
0 0.265 -0.115 -0.2290320652 2
0 0.265 -0.105 -0.2106968506 2
0 0.265 -0.095 -0.1919361207 2
0 0.265 -0.085 -0.1727877637 1
0 0.265 -0.075 -0.1532904511 1
0 0.265 -0.065 -0.1334835588 1
0 0.265 -0.055 -0.1134070882 1
0 0.265 -0.045 -0.09310158483 1
0 0.265 -0.035 -0.07260805704 1
0 0.265 -0.025 -0.05196789274 2
0 0.265 -0.015 -0.03122277604 2
0 0.265 -0.005 -0.01041460299 2
0 0.265 0.005 0.01041460299 2
0 0.265 0.015 0.03122277604 2
0 0.265 0.025 0.05196789274 2
0 0.265 0.035 0.07260805704 2
0 0.265 0.045 0.09310158483 2
0 0.265 0.055 0.1134070882 2
0 0.265 0.065 0.1334835588 2
0 0.265 0.075 0.1532904511 2
0 0.265 0.085 0.1727877637 2
0 0.265 0.095 0.1919361207 2
0 0.265 0.105 0.2106968506 2
0 0.265 0.115 0.2290320652 2
0 0.265 0.125 0.2469047352 2
0 0.265 0.135 0.2642787656 2
0 0.265 0.145 0.2811190686 2
0 0.265 0.155 0 2
0 0.265 0.165 0 2
0 0.265 0.175 0 2
0 0.265 0.185 0 2
0 0.265 0.195 0 2
0 0.265 0.205 0 2
0 0.265 0.215 0 2
0 0.275 -0.205 0 2
0 0.275 -0.195 0 2
0 0.275 -0.185 0 2
0 0.275 -0.175 0 2
0 0.275 -0.165 0 2
0 0.275 -0.155 0 2
0 0.275 -0.145 -0.3517540318 2
0 0.275 -0.135 -0.3306823752 2
0 0.275 -0.125 -0.3089428849 2
0 0.275 -0.115 -0.2865794651 2
0 0.275 -0.105 -0.2636372803 2
0 0.275 -0.095 -0.2401626635 2
0 0.275 -0.085 -0.2162030232 1
0 0.275 -0.075 -0.1918067474 1
0 0.275 -0.065 -0.167023106 1
0 0.275 -0.055 -0.1419021509 1
0 0.275 -0.045 -0.1164946156 1
0 0.275 -0.035 -0.09085181211 1
0 0.275 -0.025 -0.06502552774 2
0 0.275 -0.015 -0.03906792025 2
0 0.275 -0.005 -0.01303141267 2
0 0.275 0.005 0.01303141267 2
0 0.275 0.015 0.03906792025 2
0 0.275 0.025 0.06502552774 2
0 0.275 0.035 0.09085181211 2
0 0.275 0.045 0.1164946156 2
0 0.275 0.055 0.1419021509 2
0 0.275 0.065 0.167023106 2
0 0.275 0.075 0.1918067474 2
0 0.275 0.085 0.2162030232 2
0 0.275 0.095 0.2401626635 2
0 0.275 0.105 0.2636372803 2
0 0.275 0.115 0.2865794651 2
0 0.275 0.125 0.3089428849 2
0 0.275 0.135 0.3306823752 2
0 0.275 0.145 0.3517540318 2
0 0.275 0.155 0 2
0 0.275 0.165 0 2
0 0.275 0.175 0 2
0 0.275 0.185 0 2
0 0.275 0.195 0 2
0 0.275 0.205 0 2
0 0.275 0.215 0 2
0 0.285 -0.205 0 2
0 0.285 -0.195 0 2
0 0.285 -0.185 0 2
0 0.285 -0.175 0 2
0 0.285 -0.165 0 2
0 0.285 -0.155 0 2
0 0.285 -0.145 -0.4158225011 2
0 0.285 -0.135 -0.3909128536 2
0 0.285 -0.125 -0.3652137332 2
0 0.285 -0.115 -0.3387770408 2
0 0.285 -0.105 -0.311656167 2
0 0.285 -0.095 -0.2839058842 2
0 0.285 -0.085 -0.2555822357 1
0 0.285 -0.075 -0.226742423 1
0 0.285 -0.065 -0.1974446897 1
0 0.285 -0.055 -0.1677482046 1
0 0.285 -0.045 -0.1377129415 1
0 0.285 -0.035 -0.1073995586 1
0 0.285 -0.025 -0.07686927551 1
0 0.285 -0.015 -0.04618375014 2
0 0.285 -0.005 -0.0154049538 2
0 0.285 0.005 0.0154049538 2
0 0.285 0.015 0.04618375014 2
0 0.285 0.025 0.07686927551 2
0 0.285 0.035 0.1073995586 2
0 0.285 0.045 0.1377129415 2
0 0.285 0.055 0.1677482046 2
0 0.285 0.065 0.1974446897 2
0 0.285 0.075 0.226742423 2
0 0.285 0.085 0.2555822357 2
0 0.285 0.095 0.2839058842 2
0 0.285 0.105 0.311656167 2
0 0.285 0.115 0.3387770408 2
0 0.285 0.125 0.3652137332 2
0 0.285 0.135 0.3909128536 2
0 0.285 0.145 0.4158225011 2
0 0.285 0.155 0 2
0 0.285 0.165 0 2
0 0.285 0.175 0 2
0 0.285 0.185 0 2
0 0.285 0.195 0 2
0 0.285 0.205 0 2
0 0.285 0.215 0 2
0 0.295 -0.205 0 2
0 0.295 -0.195 0 2
0 0.295 -0.185 0 1
0 0.295 -0.175 0 1
0 0.295 -0.165 0 1
0 0.295 -0.155 0 1
0 0.295 -0.145 -0.4721284557 2
0 0.295 -0.135 -0.443845827 2
0 0.295 -0.125 -0.4146668239 2
0 0.295 -0.115 -0.3846503752 2
0 0.295 -0.105 -0.3538571012 2
0 0.295 -0.095 -0.3223491906 2
0 0.295 -0.085 -0.2901902757 1
0 0.295 -0.075 -0.2574453035 1
0 0.295 -0.065 -0.2241804044 1
0 0.295 -0.055 -0.1904627589 1
0 0.295 -0.045 -0.1563604621 1
0 0.295 -0.035 -0.1219423855 1
0 0.295 -0.025 -0.08727803868 1
0 0.295 -0.015 -0.0524374284 2
0 0.295 -0.005 -0.01749091747 2
0 0.295 0.005 0.01749091747 2
0 0.295 0.015 0.0524374284 2
0 0.295 0.025 0.08727803868 2
0 0.295 0.035 0.1219423855 2
0 0.295 0.045 0.1563604621 2
0 0.295 0.055 0.1904627589 2
0 0.295 0.065 0.2241804044 2
0 0.295 0.075 0.2574453035 2
0 0.295 0.085 0.2901902757 2
0 0.295 0.095 0.3223491906 2
0 0.295 0.105 0.3538571012 2
0 0.295 0.115 0.3846503752 2
0 0.295 0.125 0.4146668239 2
0 0.295 0.135 0.443845827 2
0 0.295 0.145 0.4721284557 2
0 0.295 0.155 0 2
0 0.295 0.165 0 2
0 0.295 0.175 0 2
0 0.295 0.185 0 2
0 0.295 0.195 0 2
0 0.295 0.205 0 2
0 0.295 0.215 0 2
0 0.305 -0.205 0 2
0 0.305 -0.195 0 1
0 0.305 -0.185 0 1
0 0.305 -0.175 0 1
0 0.305 -0.165 0 1
0 0.305 -0.155 0 1
0 0.305 -0.145 0 1
0 0.305 -0.135 0 2
0 0.305 -0.125 0 2
0 0.305 -0.115 0 2
0 0.305 -0.105 0 2
0 0.305 -0.095 0 2
0 0.305 -0.085 0 1
0 0.305 -0.075 0 1
0 0.305 -0.065 0 1
0 0.305 -0.055 0 1
0 0.305 -0.045 0 1
0 0.305 -0.035 0 1
0 0.305 -0.025 0 1
0 0.305 -0.015 0 2
0 0.305 -0.005 0 2
0 0.305 0.005 0 2
0 0.305 0.015 0 2
0 0.305 0.025 0 2
0 0.305 0.035 0 2
0 0.305 0.045 0 2
0 0.305 0.055 0 2
0 0.305 0.065 0 2
0 0.305 0.075 0 2
0 0.305 0.085 0 2
0 0.305 0.095 0 2
0 0.305 0.105 0 2
0 0.305 0.115 0 2
0 0.305 0.125 0 2
0 0.305 0.135 0 2
0 0.305 0.145 0 2
0 0.305 0.155 0 2
0 0.305 0.165 0 2
0 0.305 0.175 0 2
0 0.305 0.185 0 2
0 0.305 0.195 0 2
0 0.305 0.205 0 2
0 0.305 0.215 0 2
0 0.315 -0.205 0 2
0 0.315 -0.195 0 1
0 0.315 -0.185 0 1
0 0.315 -0.175 0 1
0 0.315 -0.165 0 1
0 0.315 -0.155 0 1
0 0.315 -0.145 0 1
0 0.315 -0.135 0 2
0 0.315 -0.125 0 2
0 0.315 -0.115 0 2
0 0.315 -0.105 0 2
0 0.315 -0.095 0 2
0 0.315 -0.085 0 1
0 0.315 -0.075 0 1
0 0.315 -0.065 0 1
0 0.315 -0.055 0 1
0 0.315 -0.045 0 1
0 0.315 -0.035 0 1
0 0.315 -0.025 0 1
0 0.315 -0.015 0 2
0 0.315 -0.005 0 2
0 0.315 0.005 0 2
0 0.315 0.015 0 2
0 0.315 0.025 0 2
0 0.315 0.035 0 2
0 0.315 0.045 0 2
0 0.315 0.055 0 2
0 0.315 0.065 0 2
0 0.315 0.075 0 2
0 0.315 0.085 0 2
0 0.315 0.095 0 2
0 0.315 0.105 0 2
0 0.315 0.115 0 2
0 0.315 0.125 0 2
0 0.315 0.135 0 2
0 0.315 0.145 0 1
0 0.315 0.155 0 1
0 0.315 0.165 0 1
0 0.315 0.175 0 1
0 0.315 0.185 0 2
0 0.315 0.195 0 2
0 0.315 0.205 0 2
0 0.315 0.215 0 2
0 0.325 -0.205 0 2
0 0.325 -0.195 0 1
0 0.325 -0.185 0 1
0 0.325 -0.175 0 1
0 0.325 -0.165 0 1
0 0.325 -0.155 0 1
0 0.325 -0.145 0 1
0 0.325 -0.135 0 1
0 0.325 -0.125 0 2
0 0.325 -0.115 0 2
0 0.325 -0.105 0 2
0 0.325 -0.095 0 2
0 0.325 -0.085 0 1
0 0.325 -0.075 0 1
0 0.325 -0.065 0 1
0 0.325 -0.055 0 1
0 0.325 -0.045 0 1
0 0.325 -0.035 0 1
0 0.325 -0.025 0 1
0 0.325 -0.015 0 2
0 0.325 -0.005 0 2
0 0.325 0.005 0 2
0 0.325 0.015 0 2
0 0.325 0.025 0 2
0 0.325 0.035 0 2
0 0.325 0.045 0 2
0 0.325 0.055 0 2
0 0.325 0.065 0 2
0 0.325 0.075 0 2
0 0.325 0.085 0 2
0 0.325 0.095 0 2
0 0.325 0.105 0 2
0 0.325 0.115 0 2
0 0.325 0.125 0 2
0 0.325 0.135 0 2
0 0.325 0.145 0 1
0 0.325 0.155 0 1
0 0.325 0.165 0 1
0 0.325 0.175 0 1
0 0.325 0.185 0 1
0 0.325 0.195 0 2
0 0.325 0.205 0 2
0 0.325 0.215 0 2
0 0.335 -0.205 0 2
0 0.335 -0.195 0 1
0 0.335 -0.185 0 1
0 0.335 -0.175 0 1
0 0.335 -0.165 0 1
0 0.335 -0.155 0 1
0 0.335 -0.145 0 1
0 0.335 -0.135 0 1
0 0.335 -0.125 0 2
0 0.335 -0.115 0 2
0 0.335 -0.105 0 2
0 0.335 -0.095 0 2
0 0.335 -0.085 0 2
0 0.335 -0.075 0 1
0 0.335 -0.065 0 1
0 0.335 -0.055 0 1
0 0.335 -0.045 0 1
0 0.335 -0.035 0 1
0 0.335 -0.025 0 1
0 0.335 -0.015 0 2
0 0.335 -0.005 0 2
0 0.335 0.005 0 2
0 0.335 0.015 0 2
0 0.335 0.025 0 2
0 0.335 0.035 0 2
0 0.335 0.045 0 2
0 0.335 0.055 0 2
0 0.335 0.065 0 2
0 0.335 0.075 0 2
0 0.335 0.085 0 2
0 0.335 0.095 0 2
0 0.335 0.105 0 2
0 0.335 0.115 0 2
0 0.335 0.125 0 2
0 0.335 0.135 0 1
0 0.335 0.145 0 1
0 0.335 0.155 0 1
0 0.335 0.165 0 1
0 0.335 0.175 0 1
0 0.335 0.185 0 1
0 0.335 0.195 0 1
0 0.335 0.205 0 2
0 0.335 0.215 0 1
0 0.345 -0.205 0 2
0 0.345 -0.195 0 1
0 0.345 -0.185 0 1
0 0.345 -0.175 0 1
0 0.345 -0.165 0 1
0 0.345 -0.155 0 1
0 0.345 -0.145 0 1
0 0.345 -0.135 0 1
0 0.345 -0.125 0 2
0 0.345 -0.115 0 2
0 0.345 -0.105 0 2
0 0.345 -0.095 0 2
0 0.345 -0.085 0 2
0 0.345 -0.075 0 1
0 0.345 -0.065 0 1
0 0.345 -0.055 0 1
0 0.345 -0.045 0 1
0 0.345 -0.035 0 1
0 0.345 -0.025 0 1
0 0.345 -0.015 0 2
0 0.345 -0.005 0 2
0 0.345 0.005 0 2
0 0.345 0.015 0 2
0 0.345 0.025 0 2
0 0.345 0.035 0 2
0 0.345 0.045 0 2
0 0.345 0.055 0 2
0 0.345 0.065 0 2
0 0.345 0.075 0 2
0 0.345 0.085 0 2
0 0.345 0.095 0 2
0 0.345 0.105 0 2
0 0.345 0.115 0 2
0 0.345 0.125 0 2
0 0.345 0.135 0 1
0 0.345 0.145 0 1
0 0.345 0.155 0 1
0 0.345 0.165 0 1
0 0.345 0.175 0 1
0 0.345 0.185 0 1
0 0.345 0.195 0 1
0 0.345 0.205 0 1
0 0.345 0.215 0 1
0 0.355 -0.205 0 2
0 0.355 -0.195 0 1
0 0.355 -0.185 0 1
0 0.355 -0.175 0 1
0 0.355 -0.165 0 1
0 0.355 -0.155 0 1
0 0.355 -0.145 0 1
0 0.355 -0.135 0 1
0 0.355 -0.125 0 2
0 0.355 -0.115 0 2
0 0.355 -0.105 0 2
0 0.355 -0.095 0 2
0 0.355 -0.085 0 2
0 0.355 -0.075 0 2
0 0.355 -0.065 0 1
0 0.355 -0.055 0 1
0 0.355 -0.045 0 1
0 0.355 -0.035 0 1
0 0.355 -0.025 0 2
0 0.355 -0.015 0 2
0 0.355 -0.005 0 2
0 0.355 0.005 0 2
0 0.355 0.015 0 2
0 0.355 0.025 0 2
0 0.355 0.035 0 2
0 0.355 0.045 0 2
0 0.355 0.055 0 2
0 0.355 0.065 0 2
0 0.355 0.075 0 2
0 0.355 0.085 0 2
0 0.355 0.095 0 2
0 0.355 0.105 0 2
0 0.355 0.115 0 2
0 0.355 0.125 0 2
0 0.355 0.135 0 1
0 0.355 0.145 0 1
0 0.355 0.155 0 1
0 0.355 0.165 0 1
0 0.355 0.175 0 1
0 0.355 0.185 0 1
0 0.355 0.195 0 1
0 0.355 0.205 0 1
0 0.355 0.215 0 1
0 0.365 -0.205 0 2
0 0.365 -0.195 0 1
0 0.365 -0.185 0 1
0 0.365 -0.175 0 1
0 0.365 -0.165 0 1
0 0.365 -0.155 0 1
0 0.365 -0.145 0 1
0 0.365 -0.135 0 1
0 0.365 -0.125 0 2
0 0.365 -0.115 0 2
0 0.365 -0.105 0 2
0 0.365 -0.095 0 2
0 0.365 -0.085 0 2
0 0.365 -0.075 0 2
0 0.365 -0.065 0 2
0 0.365 -0.055 0 2
0 0.365 -0.045 0 2
0 0.365 -0.035 0 2
0 0.365 -0.025 0 2
0 0.365 -0.015 0 2
0 0.365 -0.005 0 2
0 0.365 0.005 0 2
0 0.365 0.015 0 2
0 0.365 0.025 0 2
0 0.365 0.035 0 2
0 0.365 0.045 0 2
0 0.365 0.055 0 2
0 0.365 0.065 0 2
0 0.365 0.075 0 2
0 0.365 0.085 0 2
0 0.365 0.095 0 2
0 0.365 0.105 0 2
0 0.365 0.115 0 2
0 0.365 0.125 0 2
0 0.365 0.135 0 2
0 0.365 0.145 0 1
0 0.365 0.155 0 1
0 0.365 0.165 0 1
0 0.365 0.175 0 1
0 0.365 0.185 0 1
0 0.365 0.195 0 1
0 0.365 0.205 0 1
0 0.365 0.215 0 1
