t x y content type
0 -0.055 -0.205 0 2
0 -0.055 -0.195 0 2
0 -0.055 -0.185 0 2
0 -0.055 -0.175 0 2
0 -0.055 -0.165 0 2
0 -0.055 -0.155 0 2
0 -0.055 -0.145 0 2
0 -0.055 -0.135 0 2
0 -0.055 -0.125 0 2
0 -0.055 -0.115 0 2
0 -0.055 -0.105 0 2
0 -0.055 -0.095 0 2
0 -0.055 -0.085 0 2
0 -0.055 -0.075 0 2
0 -0.055 -0.065 0 2
0 -0.055 -0.055 0 2
0 -0.055 -0.045 0 2
0 -0.055 -0.035 0 2
0 -0.055 -0.025 0 2
0 -0.055 -0.015 0 1
0 -0.055 -0.005 0 1
0 -0.055 0.005 0 1
0 -0.055 0.015 0 1
0 -0.055 0.025 0 1
0 -0.055 0.035 0 1
0 -0.055 0.045 0 1
0 -0.055 0.055 0 1
0 -0.055 0.065 0 1
0 -0.055 0.075 0 1
0 -0.055 0.085 0 1
0 -0.055 0.095 0 2
0 -0.055 0.105 0 2
0 -0.055 0.115 0 2
0 -0.055 0.125 0 2
0 -0.055 0.135 0 2
0 -0.055 0.145 0 2
0 -0.055 0.155 0 2
0 -0.055 0.165 0 2
0 -0.055 0.175 0 2
0 -0.055 0.185 0 2
0 -0.055 0.195 0 2
0 -0.055 0.205 0 2
0 -0.055 0.215 0 2
0 -0.045 -0.205 0 2
0 -0.045 -0.195 0 2
0 -0.045 -0.185 0 2
0 -0.045 -0.175 0 2
0 -0.045 -0.165 0 2
0 -0.045 -0.155 0 2
0 -0.045 -0.145 0 2
0 -0.045 -0.135 0 2
0 -0.045 -0.125 0 2
0 -0.045 -0.115 0 2
0 -0.045 -0.105 0 2
0 -0.045 -0.095 0 2
0 -0.045 -0.085 0 2
0 -0.045 -0.075 0 2
0 -0.045 -0.065 0 2
0 -0.045 -0.055 0 2
0 -0.045 -0.045 0 2
0 -0.045 -0.035 0 2
0 -0.045 -0.025 0 2
0 -0.045 -0.015 0 1
0 -0.045 -0.005 0 1
0 -0.045 0.005 0 1
0 -0.045 0.015 0 1
0 -0.045 0.025 0 1
0 -0.045 0.035 0 1
0 -0.045 0.045 0 1
0 -0.045 0.055 0 1
0 -0.045 0.065 0 1
0 -0.045 0.075 0 1
0 -0.045 0.085 0 1
0 -0.045 0.095 0 2
0 -0.045 0.105 0 2
0 -0.045 0.115 0 2
0 -0.045 0.125 0 2
0 -0.045 0.135 0 2
0 -0.045 0.145 0 2
0 -0.045 0.155 0 2
0 -0.045 0.165 0 2
0 -0.045 0.175 0 2
0 -0.045 0.185 0 2
0 -0.045 0.195 0 2
0 -0.045 0.205 0 2
0 -0.045 0.215 0 2
0 -0.035 -0.205 0 2
0 -0.035 -0.195 0 2
0 -0.035 -0.185 0 2
0 -0.035 -0.175 0 2
0 -0.035 -0.165 0 2
0 -0.035 -0.155 0 2
0 -0.035 -0.145 0 2
0 -0.035 -0.135 0 2
0 -0.035 -0.125 0 2
0 -0.035 -0.115 0 2
0 -0.035 -0.105 0 2
0 -0.035 -0.095 0 2
0 -0.035 -0.085 0 2
0 -0.035 -0.075 0 2
0 -0.035 -0.065 0 2
0 -0.035 -0.055 0 2
0 -0.035 -0.045 0 2
0 -0.035 -0.035 0 2
0 -0.035 -0.025 0 2
0 -0.035 -0.015 0 2
0 -0.035 -0.005 0 1
0 -0.035 0.005 0 1
0 -0.035 0.015 0 1
0 -0.035 0.025 0 1
0 -0.035 0.035 0 1
0 -0.035 0.045 0 1
0 -0.035 0.055 0 1
0 -0.035 0.065 0 1
0 -0.035 0.075 0 1
0 -0.035 0.085 0 1
0 -0.035 0.095 0 2
0 -0.035 0.105 0 2
0 -0.035 0.115 0 2
0 -0.035 0.125 0 2
0 -0.035 0.135 0 2
0 -0.035 0.145 0 2
0 -0.035 0.155 0 2
0 -0.035 0.165 0 2
0 -0.035 0.175 0 2
0 -0.035 0.185 0 2
0 -0.035 0.195 0 2
0 -0.035 0.205 0 2
0 -0.035 0.215 0 2
0 -0.025 -0.205 0 2
0 -0.025 -0.195 0 2
0 -0.025 -0.185 0 2
0 -0.025 -0.175 0 2
0 -0.025 -0.165 0 2
0 -0.025 -0.155 0 2
0 -0.025 -0.145 0 2
0 -0.025 -0.135 0 2
0 -0.025 -0.125 0 2
0 -0.025 -0.115 0 2
0 -0.025 -0.105 0 2
0 -0.025 -0.095 0 2
0 -0.025 -0.085 0 2
0 -0.025 -0.075 0 2
0 -0.025 -0.065 0 2
0 -0.025 -0.055 0 2
0 -0.025 -0.045 0 2
0 -0.025 -0.035 0 2
0 -0.025 -0.025 0 2
0 -0.025 -0.015 0 2
0 -0.025 -0.005 0 2
0 -0.025 0.005 0 2
0 -0.025 0.015 0 1
0 -0.025 0.025 0 1
0 -0.025 0.035 0 1
0 -0.025 0.045 0 1
0 -0.025 0.055 0 1
0 -0.025 0.065 0 1
0 -0.025 0.075 0 1
0 -0.025 0.085 0 2
0 -0.025 0.095 0 2
0 -0.025 0.105 0 2
0 -0.025 0.115 0 2
0 -0.025 0.125 0 2
0 -0.025 0.135 0 2
0 -0.025 0.145 0 2
0 -0.025 0.155 0 2
0 -0.025 0.165 0 2
0 -0.025 0.175 0 2
0 -0.025 0.185 0 2
0 -0.025 0.195 0 2
0 -0.025 0.205 0 2
0 -0.025 0.215 0 2
0 -0.015 -0.205 0 2
0 -0.015 -0.195 0 2
0 -0.015 -0.185 0 2
0 -0.015 -0.175 0 2
0 -0.015 -0.165 -0.00106799396 2
0 -0.015 -0.155 -0.002833574342 2
0 -0.015 -0.145 -0.005409503445 2
0 -0.015 -0.135 -0.007478422183 2
0 -0.015 -0.125 -0.009061806523 2
0 -0.015 -0.115 -0.01018327122 2
0 -0.015 -0.105 -0.01106124181 2
0 -0.015 -0.095 -0.01179086564 2
0 -0.015 -0.085 -0.01242316591 2
0 -0.015 -0.075 -0.01298096908 2
0 -0.015 -0.065 -0.01346610526 2
0 -0.015 -0.055 -0.01387880139 2
0 -0.015 -0.045 -0.01421612544 2
0 -0.015 -0.035 -0.01447922772 2
0 -0.015 -0.025 -0.01467000571 2
0 -0.015 -0.015 -0.01479052775 2
0 -0.015 -0.005 -0.0148423861 2
0 -0.015 0.005 -0.01482246727 2
0 -0.015 0.015 -0.01470916076 2
0 -0.015 0.025 -0.01445355137 2
0 -0.015 0.035 -0.01408035047 2
0 -0.015 0.045 -0.01368567414 1
0 -0.015 0.055 -0.01337885212 1
0 -0.015 0.065 -0.01314564991 2
0 -0.015 0.075 -0.01286352029 2
0 -0.015 0.085 -0.01244272246 2
0 -0.015 0.095 -0.01186076735 2
0 -0.015 0.105 -0.0111357385 2
0 -0.015 0.115 -0.01025059419 2
0 -0.015 0.125 -0.009144243795 2
0 -0.015 0.135 -0.007596099351 2
0 -0.015 0.145 -0.005566080557 2
0 -0.015 0.155 -0.00294529577 2
0 -0.015 0.165 -0.001132250546 2
0 -0.015 0.175 0 2
0 -0.015 0.185 0 2
0 -0.015 0.195 0 2
0 -0.015 0.205 0 2
0 -0.015 0.215 0 2
0 -0.005 -0.205 0 2
0 -0.005 -0.195 0 2
0 -0.005 -0.185 0 2
0 -0.005 -0.175 0 2
0 -0.005 -0.165 -0.002457885561 2
0 -0.005 -0.155 -0.006266220502 2
0 -0.005 -0.145 -0.01261040878 2
0 -0.005 -0.135 -0.01755482709 2
0 -0.005 -0.125 -0.02141604719 2
0 -0.005 -0.115 -0.02437158541 2
0 -0.005 -0.105 -0.02666458979 2
0 -0.005 -0.095 -0.02855446126 2
0 -0.005 -0.085 -0.03016023238 2
0 -0.005 -0.075 -0.03156401489 2
0 -0.005 -0.065 -0.03278372895 2
0 -0.005 -0.055 -0.03381921288 2
0 -0.005 -0.045 -0.03466744011 2
0 -0.005 -0.035 -0.03532743914 2
0 -0.005 -0.025 -0.0358050047 2
0 -0.005 -0.015 -0.0361057107 2
0 -0.005 -0.005 -0.03623283979 2
0 -0.005 0.005 -0.03618573435 2
0 -0.005 0.015 -0.03594059227 2
0 -0.005 0.025 -0.03543291608 2
0 -0.005 0.035 -0.03469631195 2
0 -0.005 0.045 -0.03384536208 2
0 -0.005 0.055 -0.03305719015 2
0 -0.005 0.065 -0.03231155777 2
0 -0.005 0.075 -0.03141390875 2
0 -0.005 0.085 -0.03025333321 2
0 -0.005 0.095 -0.02878241464 2
0 -0.005 0.105 -0.02698345215 2
0 -0.005 0.115 -0.02479377347 2
0 -0.005 0.125 -0.02203588388 2
0 -0.005 0.135 -0.0183770699 2
0 -0.005 0.145 -0.01351821105 2
0 -0.005 0.155 -0.006807500858 2
0 -0.005 0.165 -0.002724052592 2
0 -0.005 0.175 0 2
0 -0.005 0.185 0 2
0 -0.005 0.195 0 2
0 -0.005 0.205 0 2
0 -0.005 0.215 0 2
0 0.005 -0.205 0 2
0 0.005 -0.195 0 2
0 0.005 -0.185 0 1
0 0.005 -0.175 0 1
0 0.005 -0.165 -0.003879695351 1
0 0.005 -0.155 -0.01007695041 1
0 0.005 -0.145 -0.0188992681 1
0 0.005 -0.135 -0.0251653985 2
0 0.005 -0.125 -0.03005355846 2
0 0.005 -0.115 -0.03453599929 2
0 0.005 -0.105 -0.03820833518 2
0 0.005 -0.095 -0.04125318891 2
0 0.005 -0.085 -0.04377781482 2
0 0.005 -0.075 -0.04590961822 2
0 0.005 -0.065 -0.04775385355 2
0 0.005 -0.055 -0.04930846924 2
0 0.005 -0.045 -0.05057861568 2
0 0.005 -0.035 -0.05156636772 2
0 0.005 -0.025 -0.05228083398 2
0 0.005 -0.015 -0.05273121705 2
0 0.005 -0.005 -0.05292376989 2
0 0.005 0.005 -0.05287082805 2
0 0.005 0.015 -0.05256015387 2
0 0.005 0.025 -0.0519178166 2
0 0.005 0.035 -0.05092831457 2
0 0.005 0.045 -0.04973645971 2
0 0.005 0.055 -0.04853755224 2
0 0.005 0.065 -0.04731238161 2
0 0.005 0.075 -0.04585997511 2
0 0.005 0.085 -0.04404444952 2
0 0.005 0.095 -0.04184803854 2
0 0.005 0.105 -0.03922459814 2
0 0.005 0.115 -0.03610436911 2
0 0.005 0.125 -0.03221910532 2
0 0.005 0.135 -0.02765199201 2
0 0.005 0.145 -0.02125756909 2
0 0.005 0.155 -0.01141595054 2
0 0.005 0.165 -0.004481240138 2
0 0.005 0.175 0 2
0 0.005 0.185 0 2
0 0.005 0.195 0 2
0 0.005 0.205 0 2
0 0.005 0.215 0 2
0 0.015 -0.205 0 2
0 0.015 -0.195 0 1
0 0.015 -0.185 0 1
0 0.015 -0.175 0 1
0 0.015 -0.165 -0.004357800802 1
0 0.015 -0.155 -0.01118268451 1
0 0.015 -0.145 -0.01966117724 1
0 0.015 -0.135 -0.02574546991 1
0 0.015 -0.125 -0.03016386248 1
0 0.015 -0.115 -0.0350153216 2
0 0.015 -0.105 -0.03934534053 2
0 0.015 -0.095 -0.04307364089 2
0 0.015 -0.085 -0.04614987613 2
0 0.015 -0.075 -0.0486293958 2
0 0.015 -0.065 -0.0507013929 2
0 0.015 -0.055 -0.05243549071 2
0 0.015 -0.045 -0.05384444206 2
0 0.015 -0.035 -0.05493847351 2
0 0.015 -0.025 -0.05572710435 2
0 0.015 -0.015 -0.05622234673 2
0 0.015 -0.005 -0.05643194224 2
0 0.015 0.005 -0.0563701957 2
0 0.015 0.015 -0.05603231209 2
0 0.015 0.025 -0.05540857241 2
0 0.015 0.035 -0.05449835317 2
0 0.015 0.045 -0.05335630135 2
0 0.015 0.055 -0.05199271989 2
0 0.015 0.065 -0.05042716204 2
0 0.015 0.075 -0.04866921884 2
0 0.015 0.085 -0.0466388299 2
0 0.015 0.095 -0.04430991018 2
0 0.015 0.105 -0.04156446469 2
0 0.015 0.115 -0.03838105511 2
0 0.015 0.125 -0.03440577626 2
0 0.015 0.135 -0.03027967729 2
0 0.015 0.145 -0.02362293887 2
0 0.015 0.155 -0.01344306864 2
0 0.015 0.165 -0.00530476485 2
0 0.015 0.175 0 2
0 0.015 0.185 0 2
0 0.015 0.195 0 2
0 0.015 0.205 0 2
0 0.015 0.215 0 2
0 0.025 -0.205 0 2
0 0.025 -0.195 0 1
0 0.025 -0.185 0 1
0 0.025 -0.175 0 1
0 0.025 -0.165 -0.004162573464 1
0 0.025 -0.155 -0.01036915168 1
0 0.025 -0.145 -0.01721766412 1
0 0.025 -0.135 -0.02143735539 1
0 0.025 -0.125 -0.02391390955 1
0 0.025 -0.115 -0.02777518764 1
0 0.025 -0.105 -0.03174047929 2
0 0.025 -0.095 -0.03552466759 2
0 0.025 -0.085 -0.03860352479 2
0 0.025 -0.075 -0.04104618375 2
0 0.025 -0.065 -0.0429684039 2
0 0.025 -0.055 -0.04455575985 2
0 0.025 -0.045 -0.04582646301 2
0 0.025 -0.035 -0.04680547776 2
0 0.025 -0.025 -0.04750716067 2
0 0.025 -0.015 -0.04794534205 2
0 0.025 -0.005 -0.04812903533 2
0 0.025 0.005 -0.04807536293 2
0 0.025 0.015 -0.04779307849 2
0 0.025 0.025 -0.04728197649 2
0 0.025 0.035 -0.04651458469 2
0 0.025 0.045 -0.04549453404 2
0 0.025 0.055 -0.0442260316 2
0 0.025 0.065 -0.04274441415 2
0 0.025 0.075 -0.04108582899 2
0 0.025 0.085 -0.03925326628 2
0 0.025 0.095 -0.03728049071 2
0 0.025 0.105 -0.03504447139 2
0 0.025 0.115 -0.03264421763 2
0 0.025 0.125 -0.02968641532 2
0 0.025 0.135 -0.02744626341 2
0 0.025 0.145 -0.022321985 2
0 0.025 0.155 -0.01339606084 2
0 0.025 0.165 -0.005386666825 2
0 0.025 0.175 0 2
0 0.025 0.185 0 2
0 0.025 0.195 0 2
0 0.025 0.205 0 2
0 0.025 0.215 0 2
0 0.035 -0.205 0 2
0 0.035 -0.195 0 1
0 0.035 -0.185 0 1
0 0.035 -0.175 0 1
0 0.035 -0.165 -0.003947145106 1
0 0.035 -0.155 -0.009825515408 1
0 0.035 -0.145 -0.0161633789 1
0 0.035 -0.135 -0.01976284205 1
0 0.035 -0.125 -0.02144844035 1
0 0.035 -0.115 -0.02442957555 1
0 0.035 -0.105 -0.02778390121 1
0 0.035 -0.095 -0.03153305042 2
0 0.035 -0.085 -0.03468221005 2
0 0.035 -0.075 -0.03723726063 2
0 0.035 -0.065 -0.03915473428 2
0 0.035 -0.055 -0.04067943505 2
0 0.035 -0.045 -0.04188085319 2
0 0.035 -0.035 -0.04279429277 2
0 0.035 -0.025 -0.04344465944 2
0 0.035 -0.015 -0.04384661007 2
0 0.035 -0.005 -0.0440078239 2
0 0.035 0.005 -0.04393084289 2
0 0.035 0.015 -0.04361360451 2
0 0.035 0.025 -0.04305427394 2
0 0.035 0.035 -0.04224895812 2
0 0.035 0.045 -0.04120231023 2
0 0.035 0.055 -0.03992397575 2
0 0.035 0.065 -0.03846440282 2
0 0.035 0.075 -0.03680311101 2
0 0.035 0.085 -0.0349868867 2
0 0.035 0.095 -0.03301956032 2
0 0.035 0.105 -0.03101227415 2
0 0.035 0.115 -0.02917888043 2
0 0.035 0.125 -0.02711310373 2
0 0.035 0.135 -0.02596580527 2
0 0.035 0.145 -0.0216508556 2
0 0.035 0.155 -0.01327775126 2
0 0.035 0.165 -0.005358145162 2
0 0.035 0.175 0 2
0 0.035 0.185 0 2
0 0.035 0.195 0 2
0 0.035 0.205 0 2
0 0.035 0.215 0 2
0 0.045 -0.205 0 2
0 0.045 -0.195 0 2
0 0.045 -0.185 0 1
0 0.045 -0.175 0 1
0 0.045 -0.165 -0.003630715742 1
0 0.045 -0.155 -0.009042668398 1
0 0.045 -0.145 -0.01486490823 1
0 0.045 -0.135 -0.0180560167 1
0 0.045 -0.125 -0.01925562572 1
0 0.045 -0.115 -0.02140773832 1
0 0.045 -0.105 -0.02394698263 1
0 0.045 -0.095 -0.027147236 2
0 0.045 -0.085 -0.03023109482 2
0 0.045 -0.075 -0.0327147937 2
0 0.045 -0.065 -0.03454913986 2
0 0.045 -0.055 -0.03592934613 2
0 0.045 -0.045 -0.03700219143 2
0 0.045 -0.035 -0.03780594869 2
0 0.045 -0.025 -0.03837727731 2
0 0.045 -0.015 -0.03872825939 2
0 0.045 -0.005 -0.03886100619 2
0 0.045 0.005 -0.03877332267 2
0 0.045 0.015 -0.03845933306 2
0 0.045 0.025 -0.03790978887 2
0 0.045 0.035 -0.0371167425 2
0 0.045 0.045 -0.03606757827 2
0 0.045 0.055 -0.03476966825 2
0 0.045 0.065 -0.03323164167 2
0 0.045 0.075 -0.03138188572 2
0 0.045 0.085 -0.02936743895 2
0 0.045 0.095 -0.0272409634 2
0 0.045 0.105 -0.02545931353 2
0 0.045 0.115 -0.02418013964 2
0 0.045 0.125 -0.02308226907 2
0 0.045 0.135 -0.02316472724 2
0 0.045 0.145 -0.0200435774 2
0 0.045 0.155 -0.0126656412 2
0 0.045 0.165 -0.005161016398 2
0 0.045 0.175 0 2
0 0.045 0.185 0 2
0 0.045 0.195 0 2
0 0.045 0.205 0 2
0 0.045 0.215 0 2
0 0.055 -0.205 0 2
0 0.055 -0.195 0 2
0 0.055 -0.185 0 1
0 0.055 -0.175 0 1
0 0.055 -0.165 -0.003226744248 1
0 0.055 -0.155 -0.008081409554 1
0 0.055 -0.145 -0.01344648107 1
0 0.055 -0.135 -0.01643327445 1
0 0.055 -0.125 -0.01758644098 1
0 0.055 -0.115 -0.0192861004 1
0 0.055 -0.105 -0.02133183237 1
0 0.055 -0.095 -0.02389684175 1
0 0.055 -0.085 -0.02681904529 2
0 0.055 -0.075 -0.02906241717 2
0 0.055 -0.065 -0.03073101083 2
0 0.055 -0.055 -0.03188970565 2
0 0.055 -0.045 -0.03278261841 2
0 0.055 -0.035 -0.03345399482 2
0 0.055 -0.025 -0.03393740217 2
0 0.055 -0.015 -0.03423710741 2
0 0.055 -0.005 -0.0343430058 2
0 0.055 0.005 -0.03424534735 2
0 0.055 0.015 -0.03393352624 2
0 0.055 0.025 -0.03339349509 2
0 0.055 0.035 -0.03261630438 2
0 0.055 0.045 -0.03156393874 2
0 0.055 0.055 -0.03023310699 2
0 0.055 0.065 -0.02854783692 2
0 0.055 0.075 -0.02644908917 2
0 0.055 0.085 -0.02406758739 2
0 0.055 0.095 -0.02177960394 1
0 0.055 0.105 -0.02013976843 1
0 0.055 0.115 -0.01933055366 1
0 0.055 0.125 -0.01893442237 2
0 0.055 0.135 -0.01997794647 2
0 0.055 0.145 -0.01794796273 2
0 0.055 0.155 -0.01178521711 2
0 0.055 0.165 -0.004854527517 2
0 0.055 0.175 0 2
0 0.055 0.185 0 2
0 0.055 0.195 0 2
0 0.055 0.205 0 2
0 0.055 0.215 0 2
0 0.065 -0.205 0 2
0 0.065 -0.195 0 2
0 0.065 -0.185 0 2
0 0.065 -0.175 0 1
0 0.065 -0.165 -0.002729349771 1
0 0.065 -0.155 -0.00691761278 1
0 0.065 -0.145 -0.01181136457 1
0 0.065 -0.135 -0.01473445747 1
0 0.065 -0.125 -0.01610990573 1
0 0.065 -0.115 -0.01774076865 1
0 0.065 -0.105 -0.0195867251 1
0 0.065 -0.095 -0.02172451624 1
0 0.065 -0.085 -0.02412541211 2
0 0.065 -0.075 -0.02590020896 2
0 0.065 -0.065 -0.02716787252 2
0 0.065 -0.055 -0.0279890622 2
0 0.065 -0.045 -0.02864401283 2
0 0.065 -0.035 -0.02918101622 2
0 0.065 -0.025 -0.02959503873 2
0 0.065 -0.015 -0.02987267593 2
0 0.065 -0.005 -0.02997354315 2
0 0.065 0.005 -0.0298773033 2
0 0.065 0.015 -0.02957013311 2
0 0.065 0.025 -0.02903793782 2
0 0.065 0.035 -0.02828680882 2
0 0.065 0.045 -0.0272559782 2
0 0.065 0.055 -0.02594110098 2
0 0.065 0.065 -0.02420302771 2
0 0.065 0.075 -0.02205505327 2
0 0.065 0.085 -0.01950130587 1
0 0.065 0.095 -0.01732550427 1
0 0.065 0.105 -0.01578562747 1
0 0.065 0.115 -0.01515748816 1
0 0.065 0.125 -0.01497190495 1
0 0.065 0.135 -0.01665316719 1
0 0.065 0.145 -0.01553499134 2
0 0.065 0.155 -0.01061795865 2
0 0.065 0.165 -0.004412112196 2
0 0.065 0.175 0 2
0 0.065 0.185 0 2
0 0.065 0.195 0 2
0 0.065 0.205 0 2
0 0.065 0.215 0 2
0 0.075 -0.205 0 2
0 0.075 -0.195 0 2
0 0.075 -0.185 0 2
0 0.075 -0.175 0 2
0 0.075 -0.165 -0.002329728132 1
0 0.075 -0.155 -0.005961925731 1
0 0.075 -0.145 -0.01058878563 1
0 0.075 -0.135 -0.01368271675 1
0 0.075 -0.125 -0.01547662032 1
0 0.075 -0.115 -0.01722462903 1
0 0.075 -0.105 -0.01885077638 1
0 0.075 -0.095 -0.02061992706 1
0 0.075 -0.085 -0.0221471714 2
0 0.075 -0.075 -0.02327278105 2
0 0.075 -0.065 -0.02393003052 2
0 0.075 -0.055 -0.02432419212 2
0 0.075 -0.045 -0.02468195014 2
0 0.075 -0.035 -0.02503836669 2
0 0.075 -0.025 -0.02534271581 2
0 0.075 -0.015 -0.02557221359 2
0 0.075 -0.005 -0.02565862301 2
0 0.075 0.005 -0.02558200348 2
0 0.075 0.015 -0.02532327839 2
0 0.075 0.025 -0.02485861069 2
0 0.075 0.035 -0.02421263131 2
0 0.075 0.045 -0.02331306796 2
0 0.075 0.055 -0.02215175443 2
0 0.075 0.065 -0.02054867576 2
0 0.075 0.075 -0.01856248703 2
0 0.075 0.085 -0.0161828823 1
0 0.075 0.095 -0.01427985421 1
0 0.075 0.105 -0.01285300385 1
0 0.075 0.115 -0.01223578675 1
0 0.075 0.125 -0.0119427589 1
0 0.075 0.135 -0.01362139763 1
0 0.075 0.145 -0.01298967176 1
0 0.075 0.155 -0.009137632397 2
0 0.075 0.165 -0.00384242489 2
0 0.075 0.175 0 2
0 0.075 0.185 0 2
0 0.075 0.195 0 2
0 0.075 0.205 0 2
0 0.075 0.215 0 2
0 0.085 -0.205 0 2
0 0.085 -0.195 0 2
0 0.085 -0.185 0 2
0 0.085 -0.175 0 2
0 0.085 -0.165 -0.002122864147 2
0 0.085 -0.155 -0.005434766409 2
0 0.085 -0.145 -0.01000877656 1
0 0.085 -0.135 -0.01322170093 1
0 0.085 -0.125 -0.01532093677 1
0 0.085 -0.115 -0.01713308222 1
0 0.085 -0.105 -0.01846152029 1
0 0.085 -0.095 -0.01959921249 2
0 0.085 -0.085 -0.02018006773 2
0 0.085 -0.075 -0.02053158337 2
0 0.085 -0.065 -0.02054853628 2
0 0.085 -0.055 -0.02053974261 2
0 0.085 -0.045 -0.02061692288 2
0 0.085 -0.035 -0.02073634023 2
0 0.085 -0.025 -0.0208337936 2
0 0.085 -0.015 -0.02086703673 2
0 0.085 -0.005 -0.02086087453 2
0 0.085 0.005 -0.02083007131 2
0 0.085 0.015 -0.02075124239 2
0 0.085 0.025 -0.02057067186 2
0 0.085 0.035 -0.02020854396 2
0 0.085 0.045 -0.01962136839 2
0 0.085 0.055 -0.01875514416 2
0 0.085 0.065 -0.01748191033 2
0 0.085 0.075 -0.01583910949 2
0 0.085 0.085 -0.01386503646 1
0 0.085 0.095 -0.01224023973 1
0 0.085 0.105 -0.01092989408 1
0 0.085 0.115 -0.01021313303 1
0 0.085 0.125 -0.009717999848 1
0 0.085 0.135 -0.01099173228 1
0 0.085 0.145 -0.01047336605 1
0 0.085 0.155 -0.007406924683 1
0 0.085 0.165 -0.003144993446 2
0 0.085 0.175 0 2
0 0.085 0.185 0 2
0 0.085 0.195 0 2
0 0.085 0.205 0 2
0 0.085 0.215 0 2
0 0.095 -0.205 0 2
0 0.095 -0.195 0 2
0 0.095 -0.185 0 2
0 0.095 -0.175 0 2
0 0.095 -0.165 -0.002083784832 2
0 0.095 -0.155 -0.005378779178 2
0 0.095 -0.145 -0.0098457819 2
0 0.095 -0.135 -0.01293498283 2
0 0.095 -0.125 -0.01489667418 2
0 0.095 -0.115 -0.01639703933 2
0 0.095 -0.105 -0.01715012519 2
0 0.095 -0.095 -0.01745334298 2
0 0.095 -0.085 -0.01731629718 2
0 0.095 -0.075 -0.016984261 2
0 0.095 -0.065 -0.0165385563 2
0 0.095 -0.055 -0.01627477113 2
0 0.095 -0.045 -0.01616347857 2
0 0.095 -0.035 -0.01609830687 2
0 0.095 -0.025 -0.01597316675 2
0 0.095 -0.015 -0.01578363735 2
0 0.095 -0.005 -0.01569435323 2
0 0.095 0.005 -0.01573135925 2
0 0.095 0.015 -0.01587784224 2
0 0.095 0.025 -0.01611678435 2
0 0.095 0.035 -0.01620499111 2
0 0.095 0.045 -0.01610685133 2
0 0.095 0.055 -0.01568860643 2
0 0.095 0.065 -0.01489008957 2
0 0.095 0.075 -0.01368082297 2
0 0.095 0.085 -0.01215664308 1
0 0.095 0.095 -0.0106879272 1
0 0.095 0.105 -0.00945850528 1
0 0.095 0.115 -0.008642224762 1
0 0.095 0.125 -0.008003298183 1
0 0.095 0.135 -0.008686972899 1
0 0.095 0.145 -0.008080640741 1
0 0.095 0.155 -0.005687634909 1
0 0.095 0.165 -0.002421261085 2
0 0.095 0.175 0 2
0 0.095 0.185 0 2
0 0.095 0.195 0 2
0 0.095 0.205 0 2
0 0.095 0.215 0 2
0 0.105 -0.205 0 2
0 0.105 -0.195 0 2
0 0.105 -0.185 0 2
0 0.105 -0.175 0 2
0 0.105 -0.165 -0.002017042302 2
0 0.105 -0.155 -0.005255613544 2
0 0.105 -0.145 -0.009210553327 2
0 0.105 -0.135 -0.01185135497 2
0 0.105 -0.125 -0.0131939479 2
0 0.105 -0.115 -0.01411874952 2
0 0.105 -0.105 -0.01427734016 2
0 0.105 -0.095 -0.01397841181 2
0 0.105 -0.085 -0.01337210681 2
0 0.105 -0.075 -0.0126895299 2
0 0.105 -0.065 -0.01210364293 2
0 0.105 -0.055 -0.01173598521 2
0 0.105 -0.045 -0.01150752214 2
0 0.105 -0.035 -0.01136066781 2
0 0.105 -0.025 -0.01109338167 2
0 0.105 -0.015 -0.01085736725 1
0 0.105 -0.005 -0.01075580263 1
0 0.105 0.005 -0.01085741559 1
0 0.105 0.015 -0.01119513578 1
0 0.105 0.025 -0.01174058321 2
0 0.105 0.035 -0.01231528751 2
0 0.105 0.045 -0.01272167343 2
0 0.105 0.055 -0.01282188447 2
0 0.105 0.065 -0.01252790408 2
0 0.105 0.075 -0.01173893961 2
0 0.105 0.085 -0.01070024228 1
0 0.105 0.095 -0.009293460257 1
0 0.105 0.105 -0.008109129499 1
0 0.105 0.115 -0.007180015272 1
0 0.105 0.125 -0.006487841306 1
0 0.105 0.135 -0.006719244778 1
0 0.105 0.145 -0.006002820574 1
0 0.105 0.155 -0.004119365899 1
0 0.105 0.165 -0.001730573598 1
0 0.105 0.175 0 2
0 0.105 0.185 0 2
0 0.105 0.195 0 2
0 0.105 0.205 0 2
0 0.105 0.215 0 2
0 0.115 -0.205 0 2
0 0.115 -0.195 0 2
0 0.115 -0.185 0 2
0 0.115 -0.175 0 2
0 0.115 -0.165 -0.001790309881 2
0 0.115 -0.155 -0.004681076557 2
0 0.115 -0.145 -0.007846851756 2
0 0.115 -0.135 -0.009746751164 2
0 0.115 -0.125 -0.01031378381 2
0 0.115 -0.115 -0.01067329581 2
0 0.115 -0.105 -0.0104375194 1
0 0.115 -0.095 -0.009846712022 1
0 0.115 -0.085 -0.009104904021 1
0 0.115 -0.075 -0.008439461239 1
0 0.115 -0.065 -0.007921310086 1
0 0.115 -0.055 -0.007551548383 1
0 0.115 -0.045 -0.007297133472 1
0 0.115 -0.035 -0.00715377989 2
0 0.115 -0.025 -0.006967846842 1
0 0.115 -0.015 -0.006863787377 1
0 0.115 -0.005 -0.006826797853 1
0 0.115 0.005 -0.006976309198 1
0 0.115 0.015 -0.00737125967 1
0 0.115 0.025 -0.007965720082 1
0 0.115 0.035 -0.008761013934 2
0 0.115 0.045 -0.009500185524 2
0 0.115 0.055 -0.01004075714 2
0 0.115 0.065 -0.01025407948 2
0 0.115 0.075 -0.009929684392 2
0 0.115 0.085 -0.009351759454 2
0 0.115 0.095 -0.008158733895 1
0 0.115 0.105 -0.00696828884 1
0 0.115 0.115 -0.005868623858 1
0 0.115 0.125 -0.005017362471 1
0 0.115 0.135 -0.004879842852 1
0 0.115 0.145 -0.004171890364 1
0 0.115 0.155 -0.002760107417 1
0 0.115 0.165 -0.001141742283 1
0 0.115 0.175 0 2
0 0.115 0.185 0 2
0 0.115 0.195 0 2
0 0.115 0.205 0 2
0 0.115 0.215 0 2
0 0.125 -0.205 0 2
0 0.125 -0.195 0 2
0 0.125 -0.185 0 2
0 0.125 -0.175 0 2
0 0.125 -0.165 -0.001410651087 2
0 0.125 -0.155 -0.003649554804 2
0 0.125 -0.145 -0.005923006404 2
0 0.125 -0.135 -0.007051531346 2
0 0.125 -0.125 -0.007099414134 2
0 0.125 -0.115 -0.007079038257 1
0 0.125 -0.105 -0.00674931926 1
0 0.125 -0.095 -0.00621226673 1
0 0.125 -0.085 -0.00563153882 1
0 0.125 -0.075 -0.005143674303 1
0 0.125 -0.065 -0.004755309348 1
0 0.125 -0.055 -0.004420114745 1
0 0.125 -0.045 -0.004184158303 1
0 0.125 -0.035 -0.004019218704 1
0 0.125 -0.025 -0.003960941194 1
0 0.125 -0.015 -0.003971871489 1
0 0.125 -0.005 -0.00402847965 1
0 0.125 0.005 -0.004178542603 1
0 0.125 0.015 -0.004470877123 1
0 0.125 0.025 -0.004959487649 1
0 0.125 0.035 -0.00564871529 2
0 0.125 0.045 -0.006540922318 2
0 0.125 0.055 -0.007316381881 2
0 0.125 0.065 -0.007919298235 2
0 0.125 0.075 -0.008053231763 2
0 0.125 0.085 -0.007826345688 2
0 0.125 0.095 -0.007122132725 1
0 0.125 0.105 -0.006049286524 1
0 0.125 0.115 -0.00488113008 1
0 0.125 0.125 -0.003808924996 1
0 0.125 0.135 -0.003155653612 1
0 0.125 0.145 -0.002436693527 1
0 0.125 0.155 -0.001438628403 1
0 0.125 0.165 -0.0005659205111 1
0 0.125 0.175 0 2
0 0.125 0.185 0 2
0 0.125 0.195 0 2
0 0.125 0.205 0 2
0 0.125 0.215 0 2
0 0.135 -0.205 0 2
0 0.135 -0.195 0 2
0 0.135 -0.185 0 2
0 0.135 -0.175 0 2
0 0.135 -0.165 -0.0009077364618 2
0 0.135 -0.155 -0.002274342761 2
0 0.135 -0.145 -0.00358682622 2
0 0.135 -0.135 -0.004095057069 2
0 0.135 -0.125 -0.00395844637 2
0 0.135 -0.115 -0.003876064611 1
0 0.135 -0.105 -0.003706757198 1
0 0.135 -0.095 -0.003441964398 1
0 0.135 -0.085 -0.00313709955 1
0 0.135 -0.075 -0.002838323085 1
0 0.135 -0.065 -0.002548589039 1
0 0.135 -0.055 -0.002249613585 1
0 0.135 -0.045 -0.002020800641 1
0 0.135 -0.035 -0.001842244881 1
0 0.135 -0.025 -0.001801175622 1
0 0.135 -0.015 -0.001812216264 1
0 0.135 -0.005 -0.00187135339 1
0 0.135 0.005 -0.001970124012 1
0 0.135 0.015 -0.002136400009 1
0 0.135 0.025 -0.002492102028 1
0 0.135 0.035 -0.002980233023 1
0 0.135 0.045 -0.003814653169 2
0 0.135 0.055 -0.004627503701 2
0 0.135 0.065 -0.00542083735 2
0 0.135 0.075 -0.005917718634 2
0 0.135 0.085 -0.006036830866 2
0 0.135 0.095 -0.005833073989 2
0 0.135 0.105 -0.005138742766 1
0 0.135 0.115 -0.004112200865 1
0 0.135 0.125 -0.002990499027 1
0 0.135 0.135 -0.001723001589 1
0 0.135 0.145 -0.0008094318106 1
0 0.135 0.155 -9.494057904e-05 1
0 0.135 0.165 2.602416635e-05 1
0 0.135 0.175 0 2
0 0.135 0.185 0 2
0 0.135 0.195 0 2
0 0.135 0.205 0 2
0 0.135 0.215 0 2
0 0.145 -0.205 0 2
0 0.145 -0.195 0 2
0 0.145 -0.185 0 2
0 0.145 -0.175 0 2
0 0.145 -0.165 -0.0003287927263 2
0 0.145 -0.155 -0.0007177632437 2
0 0.145 -0.145 -0.00106073219 2
0 0.145 -0.135 -0.001141462029 2
0 0.145 -0.125 -0.00106013123 2
0 0.145 -0.115 -0.001102940205 1
0 0.145 -0.105 -0.001154131567 1
0 0.145 -0.095 -0.001214360087 1
0 0.145 -0.085 -0.001175084783 1
0 0.145 -0.075 -0.00102490671 1
0 0.145 -0.065 -0.000803645549 1
0 0.145 -0.055 -0.0005759242708 1
0 0.145 -0.045 -0.0003764184705 1
0 0.145 -0.035 -0.0001941667824 1
0 0.145 -0.025 -7.690982031e-05 1
0 0.145 -0.015 1.549923278e-05 1
0 0.145 -0.005 5.613189975e-05 1
0 0.145 0.005 5.287846017e-05 1
0 0.145 0.015 -1.364989066e-05 1
0 0.145 0.025 -0.0002413484593 1
0 0.145 0.035 -0.0005957967437 1
0 0.145 0.045 -0.001230470851 2
0 0.145 0.055 -0.001950304168 2
0 0.145 0.065 -0.002749487019 2
0 0.145 0.075 -0.003459546401 2
0 0.145 0.085 -0.003933564212 2
0 0.145 0.095 -0.004101315929 2
0 0.145 0.105 -0.003857355567 2
0 0.145 0.115 -0.003169266827 1
0 0.145 0.125 -0.002199361398 1
0 0.145 0.135 -0.000453480906 1
0 0.145 0.145 0.0006823130793 1
0 0.145 0.155 0.001133410355 1
0 0.145 0.165 0.000547082183 1
0 0.145 0.175 0 2
0 0.145 0.185 0 2
0 0.145 0.195 0 2
0 0.145 0.205 0 2
0 0.145 0.215 0 2
0 0.155 -0.205 0 2
0 0.155 -0.195 0 2
0 0.155 -0.185 0 2
0 0.155 -0.175 0 2
0 0.155 -0.165 0.0002491206706 2
0 0.155 -0.155 0.0008062249436 2
0 0.155 -0.145 0.001407419021 2
0 0.155 -0.135 0.001742585495 2
0 0.155 -0.125 0.001721837715 2
0 0.155 -0.115 0.001507836094 1
0 0.155 -0.105 0.001268590244 1
0 0.155 -0.095 0.000985377755 1
0 0.155 -0.085 0.000834035758 1
0 0.155 -0.075 0.000831409301 1
0 0.155 -0.065 0.000959546986 1
0 0.155 -0.055 0.001114446963 1
0 0.155 -0.045 0.001275811553 1
0 0.155 -0.035 0.00145933525 1
0 0.155 -0.025 0.001647488948 1
0 0.155 -0.015 0.001866089246 1
0 0.155 -0.005 0.002021875905 1
0 0.155 0.005 0.002120556165 1
0 0.155 0.015 0.002114078048 1
0 0.155 0.025 0.001984752677 1
0 0.155 0.035 0.001739841813 1
0 0.155 0.045 0.001329899284 2
0 0.155 0.055 0.0007857630531 2
0 0.155 0.065 9.949321101e-05 2
0 0.155 0.075 -0.0006534961908 2
0 0.155 0.085 -0.001342405033 2
0 0.155 0.095 -0.001813471703 2
0 0.155 0.105 -0.001923650684 2
0 0.155 0.115 -0.00164929644 2
0 0.155 0.125 -0.0009795489606 2
0 0.155 0.135 0.000818294652 1
0 0.155 0.145 0.00195488815 1
0 0.155 0.155 0.002090153086 1
0 0.155 0.165 0.0009290609527 2
0 0.155 0.175 0 2
0 0.155 0.185 0 2
0 0.155 0.195 0 2
0 0.155 0.205 0 2
0 0.155 0.215 0 2
0 0.165 -0.205 0 2
0 0.165 -0.195 0 2
0 0.165 -0.185 0 2
0 0.165 -0.175 0 2
0 0.165 -0.165 0.0007853056964 2
0 0.165 -0.155 0.002171280515 2
0 0.165 -0.145 0.00363744799 2
0 0.165 -0.135 0.004427624608 2
0 0.165 -0.125 0.004429264154 2
0 0.165 -0.115 0.004254223413 2
0 0.165 -0.105 0.003920476501 1
0 0.165 -0.095 0.003544794344 1
0 0.165 -0.085 0.003270781357 1
0 0.165 -0.075 0.003153342655 1
0 0.165 -0.065 0.003195154835 1
0 0.165 -0.055 0.003280520702 1
0 0.165 -0.045 0.003372500143 1
0 0.165 -0.035 0.003512698301 1
0 0.165 -0.025 0.003686553925 1
0 0.165 -0.015 0.003941784366 1
0 0.165 -0.005 0.004124846216 1
0 0.165 0.005 0.004260264938 1
0 0.165 0.015 0.004288126143 1
0 0.165 0.025 0.004254656462 1
0 0.165 0.035 0.004151492298 1
0 0.165 0.045 0.003969862112 2
0 0.165 0.055 0.003622055879 2
0 0.165 0.065 0.003087119687 2
0 0.165 0.075 0.002387231024 2
0 0.165 0.085 0.001648359874 2
0 0.165 0.095 0.0009741535434 2
0 0.165 0.105 0.0005428484971 2
0 0.165 0.115 0.0005007773036 2
0 0.165 0.125 0.0009107809183 2
0 0.165 0.135 0.002330236164 2
0 0.165 0.145 0.002978740709 2
0 0.165 0.155 0.002581035148 2
0 0.165 0.165 0.001115339672 2
0 0.165 0.175 0 2
0 0.165 0.185 0 2
0 0.165 0.195 0 2
0 0.165 0.205 0 2
0 0.165 0.215 0 1
0 0.175 -0.205 0 2
0 0.175 -0.195 0 2
0 0.175 -0.185 0 2
0 0.175 -0.175 0 2
0 0.175 -0.165 0.001262421438 2
0 0.175 -0.155 0.003337902936 2
0 0.175 -0.145 0.005566866795 2
0 0.175 -0.135 0.006852023306 2
0 0.175 -0.125 0.007074267789 2
0 0.175 -0.115 0.007181623171 2
0 0.175 -0.105 0.006974941356 2
0 0.175 -0.095 0.006745582308 2
0 0.175 -0.085 0.00648065555 1
0 0.175 -0.075 0.006357025481 1
0 0.175 -0.065 0.006367050992 1
0 0.175 -0.055 0.006417660971 1
0 0.175 -0.045 0.006438422302 1
0 0.175 -0.035 0.006444417882 1
0 0.175 -0.025 0.006428710608 1
0 0.175 -0.015 0.006442928818 1
0 0.175 -0.005 0.006454595045 1
0 0.175 0.005 0.006474177099 1
0 0.175 0.015 0.006483247047 1
0 0.175 0.025 0.006546627919 1
0 0.175 0.035 0.006614166409 1
0 0.175 0.045 0.006722125439 2
0 0.175 0.055 0.006596838052 2
0 0.175 0.065 0.006236067172 2
0 0.175 0.075 0.005622439734 2
0 0.175 0.085 0.004892424473 2
0 0.175 0.095 0.004135264285 2
0 0.175 0.105 0.003501065058 2
0 0.175 0.115 0.003174229453 2
0 0.175 0.125 0.003185678028 2
0 0.175 0.135 0.003994714504 2
0 0.175 0.145 0.003998135104 2
0 0.175 0.155 0.002915812784 2
0 0.175 0.165 0.00122493088 2
0 0.175 0.175 0 2
0 0.175 0.185 0 2
0 0.175 0.195 0 1
0 0.175 0.205 0 1
0 0.175 0.215 0 1
0 0.185 -0.205 0 2
0 0.185 -0.195 0 2
0 0.185 -0.185 0 2
0 0.185 -0.175 0 2
0 0.185 -0.165 0.001684162039 2
0 0.185 -0.155 0.004346791233 2
0 0.185 -0.145 0.00724991801 2
0 0.185 -0.135 0.008981589423 2
0 0.185 -0.125 0.00953716143 2
0 0.185 -0.115 0.01011317821 2
0 0.185 -0.105 0.01029724794 2
0 0.185 -0.095 0.01038121514 2
0 0.185 -0.085 0.01038117983 2
0 0.185 -0.075 0.01049681127 2
0 0.185 -0.065 0.01064427463 2
0 0.185 -0.055 0.01075640286 2
0 0.185 -0.045 0.01074251133 2
0 0.185 -0.035 0.01054886409 2
0 0.185 -0.025 0.01021188157 2
0 0.185 -0.015 0.009713237442 1
0 0.185 -0.005 0.009334123424 1
0 0.185 0.005 0.009049182389 1
0 0.185 0.015 0.008959954812 1
0 0.185 0.025 0.009112605 1
0 0.185 0.035 0.009362454442 1
0 0.185 0.045 0.009748491838 2
0 0.185 0.055 0.009791756913 2
0 0.185 0.065 0.009538099614 2
0 0.185 0.075 0.008962467436 2
0 0.185 0.085 0.008234754497 2
0 0.185 0.095 0.007439656035 2
0 0.185 0.105 0.006681823182 2
0 0.185 0.115 0.006114030397 2
0 0.185 0.125 0.005711371557 2
0 0.185 0.135 0.005867033353 2
0 0.185 0.145 0.005189840632 2
0 0.185 0.155 0.003384272923 2
0 0.185 0.165 0.00137801167 2
0 0.185 0.175 0 2
0 0.185 0.185 0 2
0 0.185 0.195 0 1
0 0.185 0.205 0 1
0 0.185 0.215 0 1
0 0.195 -0.205 0 2
0 0.195 -0.195 0 2
0 0.195 -0.185 0 2
0 0.195 -0.175 0 2
0 0.195 -0.165 0.00206584058 2
0 0.195 -0.155 0.005263495881 2
0 0.195 -0.145 0.008771010704 2
0 0.195 -0.135 0.01086402198 2
0 0.195 -0.125 0.01171099415 2
0 0.195 -0.115 0.01276590866 2
0 0.195 -0.105 0.01349013097 2
0 0.195 -0.095 0.01407732767 2
0 0.195 -0.085 0.01454753395 2
0 0.195 -0.075 0.01499403951 2
0 0.195 -0.065 0.01538414445 2
0 0.195 -0.055 0.01565420745 2
0 0.195 -0.045 0.01570428407 2
0 0.195 -0.035 0.01541893369 2
0 0.195 -0.025 0.01482415246 2
0 0.195 -0.015 0.01390543568 1
0 0.195 -0.005 0.0130925893 1
0 0.195 0.005 0.01249975026 1
0 0.195 0.015 0.0122766439 1
0 0.195 0.025 0.01243877401 1
0 0.195 0.035 0.01280651182 1
0 0.195 0.045 0.01325524984 2
0 0.195 0.055 0.01331789801 2
0 0.195 0.065 0.01302090472 2
0 0.195 0.075 0.01238590905 2
0 0.195 0.085 0.01159650279 2
0 0.195 0.095 0.01074470729 2
0 0.195 0.105 0.009876709438 2
0 0.195 0.115 0.00910482706 2
0 0.195 0.125 0.008348068735 2
0 0.195 0.135 0.007997009142 2
0 0.195 0.145 0.006672658534 2
0 0.195 0.155 0.004126831104 2
0 0.195 0.165 0.001643888254 2
0 0.195 0.175 0 2
0 0.195 0.185 0 2
0 0.195 0.195 0 1
0 0.195 0.205 0 1
0 0.195 0.215 0 1
0 0.205 -0.205 0 2
0 0.205 -0.195 0 2
0 0.205 -0.185 0 2
0 0.205 -0.175 0 2
0 0.205 -0.165 0.002421767526 2
0 0.205 -0.155 0.00613655866 2
0 0.205 -0.145 0.01021242702 2
0 0.205 -0.135 0.01264542817 2
0 0.205 -0.125 0.01370768051 2
0 0.205 -0.115 0.01511898744 2
0 0.205 -0.105 0.01630150932 2
0 0.205 -0.095 0.0174181055 2
0 0.205 -0.085 0.01841204 2
0 0.205 -0.075 0.01928034174 2
0 0.205 -0.065 0.01998714383 2
0 0.205 -0.055 0.02048428417 2
0 0.205 -0.045 0.02071118091 2
0 0.205 -0.035 0.02054060565 2
0 0.205 -0.025 0.01992602716 2
0 0.205 -0.015 0.0189941561 2
0 0.205 -0.005 0.01798855493 1
0 0.205 0.005 0.01726756603 1
0 0.205 0.015 0.01690311342 1
0 0.205 0.025 0.01689512225 1
0 0.205 0.035 0.0171496877 2
0 0.205 0.045 0.01732154259 2
0 0.205 0.055 0.0171881339 2
0 0.205 0.065 0.01667321173 2
0 0.205 0.075 0.01587892762 2
0 0.205 0.085 0.01495189851 2
0 0.205 0.095 0.01397582895 2
0 0.205 0.105 0.01296232715 2
0 0.205 0.115 0.01199832523 2
0 0.205 0.125 0.01093735092 2
0 0.205 0.135 0.0102394941 2
0 0.205 0.145 0.008363610059 2
0 0.205 0.155 0.005077474338 2
0 0.205 0.165 0.002005419465 2
0 0.205 0.175 0 2
0 0.205 0.185 0 2
0 0.205 0.195 0 1
0 0.205 0.205 0 1
0 0.205 0.215 0 1
0 0.215 -0.205 0 2
0 0.215 -0.195 0 2
0 0.215 -0.185 0 2
0 0.215 -0.175 0 2
0 0.215 -0.165 0.002760657877 2
0 0.215 -0.155 0.006985423727 2
0 0.215 -0.145 0.01162585167 2
0 0.215 -0.135 0.01439682265 2
0 0.215 -0.125 0.01564460083 2
0 0.215 -0.115 0.01736085153 2
0 0.215 -0.105 0.01891098361 2
0 0.215 -0.095 0.02047931093 2
0 0.215 -0.085 0.02195417305 2
0 0.215 -0.075 0.02329506118 2
0 0.215 -0.065 0.02438027754 2
0 0.215 -0.055 0.02514992018 2
0 0.215 -0.045 0.02556103507 2
0 0.215 -0.035 0.025579734 2
0 0.215 -0.025 0.02518207464 2
0 0.215 -0.015 0.02451940766 2
0 0.215 -0.005 0.02367479067 2
0 0.215 0.005 0.02299439494 2
0 0.215 0.015 0.02251863052 2
0 0.215 0.025 0.02223484764 2
0 0.215 0.035 0.02209052255 2
0 0.215 0.045 0.02176462085 2
0 0.215 0.055 0.02122658764 2
0 0.215 0.065 0.02039986776 2
0 0.215 0.075 0.01941271099 2
0 0.215 0.085 0.01832119991 2
0 0.215 0.095 0.0171741131 2
0 0.215 0.105 0.01595838519 2
0 0.215 0.115 0.01475528088 2
0 0.215 0.125 0.01339190817 2
0 0.215 0.135 0.01243134633 2
0 0.215 0.145 0.01008964839 2
0 0.215 0.155 0.006091687732 2
0 0.215 0.165 0.002405652277 2
0 0.215 0.175 0 2
0 0.215 0.185 0 2
0 0.215 0.195 0 1
0 0.215 0.205 0 1
0 0.215 0.215 0 1
0 0.225 -0.205 0 2
0 0.225 -0.195 0 2
0 0.225 -0.185 0 2
0 0.225 -0.175 0 2
0 0.225 -0.165 0.003084320203 2
0 0.225 -0.155 0.007795447151 2
0 0.225 -0.145 0.01299416571 2
0 0.225 -0.135 0.01611384145 2
0 0.225 -0.125 0.01756397592 2
0 0.225 -0.115 0.01956280617 2
0 0.225 -0.105 0.02142674012 2
0 0.225 -0.095 0.02336433791 2
0 0.225 -0.085 0.02524217107 2
0 0.225 -0.075 0.02701501208 2
0 0.225 -0.065 0.02846472776 2
0 0.225 -0.055 0.02950863966 2
0 0.225 -0.045 0.03011022075 2
0 0.225 -0.035 0.03026973423 2
0 0.225 -0.025 0.03010337595 2
0 0.225 -0.015 0.02969234979 2
0 0.225 -0.005 0.02913193418 2
0 0.225 0.005 0.02854344592 2
0 0.225 0.015 0.02799376091 2
0 0.225 0.025 0.02745880135 2
0 0.225 0.035 0.02686096753 2
0 0.225 0.045 0.02611657171 2
0 0.225 0.055 0.02521195768 2
0 0.225 0.065 0.02414006343 2
0 0.225 0.075 0.0229724164 2
0 0.225 0.085 0.02170864659 2
0 0.225 0.095 0.02036847015 2
0 0.225 0.105 0.01893053439 2
0 0.225 0.115 0.01747885047 2
0 0.225 0.125 0.01581854598 2
0 0.225 0.135 0.01461369445 2
0 0.225 0.145 0.01182468372 2
0 0.225 0.155 0.007117373153 2
0 0.225 0.165 0.002813117076 2
0 0.225 0.175 0 2
0 0.225 0.185 0 2
0 0.225 0.195 0 2
0 0.225 0.205 0 1
0 0.225 0.215 0 1
0 0.235 -0.205 0 2
0 0.235 -0.195 0 2
0 0.235 -0.185 0 2
0 0.235 -0.175 0 2
0 0.235 -0.165 0.00338914825 2
0 0.235 -0.155 0.008554781751 2
0 0.235 -0.145 0.0142945048 2
0 0.235 -0.135 0.01775190995 2
0 0.235 -0.125 0.01940909137 2
0 0.235 -0.115 0.02165830467 2
0 0.235 -0.105 0.02378068292 2
0 0.235 -0.095 0.02595502387 2
0 0.235 -0.085 0.02806601398 2
0 0.235 -0.075 0.03002142913 2
0 0.235 -0.065 0.03165783976 2
0 0.235 -0.055 0.03292253163 2
0 0.235 -0.045 0.03378289306 2
0 0.235 -0.035 0.03418452508 2
0 0.235 -0.025 0.03423748798 2
0 0.235 -0.015 0.03403360204 2
0 0.235 -0.005 0.03366369467 2
0 0.235 0.005 0.03319330359 2
0 0.235 0.015 0.03262774189 2
0 0.235 0.025 0.03194883718 2
0 0.235 0.035 0.03111049305 2
0 0.235 0.045 0.03015721689 2
0 0.235 0.055 0.0290717063 2
0 0.235 0.065 0.02786852646 2
0 0.235 0.075 0.02655154419 2
0 0.235 0.085 0.02511712083 2
0 0.235 0.095 0.02357065229 2
0 0.235 0.105 0.02189294376 2
0 0.235 0.115 0.02017633134 2
0 0.235 0.125 0.01820984603 2
0 0.235 0.135 0.01675321371 2
0 0.235 0.145 0.01352277302 2
0 0.235 0.155 0.008117277215 2
0 0.235 0.165 0.003211581185 2
0 0.235 0.175 0 2
0 0.235 0.185 0 2
0 0.235 0.195 0 2
0 0.235 0.205 0 1
0 0.235 0.215 0 1
0 0.245 -0.205 0 2
0 0.245 -0.195 0 2
0 0.245 -0.185 0 2
0 0.245 -0.175 0 2
0 0.245 -0.165 0.003672576124 2
0 0.245 -0.155 0.009255777081 2
0 0.245 -0.145 0.0155297021 2
0 0.245 -0.135 0.01932838748 2
0 0.245 -0.125 0.02120543997 2
0 0.245 -0.115 0.02364760784 2
0 0.245 -0.105 0.02589348424 2
0 0.245 -0.095 0.02794236411 2
0 0.245 -0.085 0.0298548328 2
0 0.245 -0.075 0.03143507517 2
0 0.245 -0.065 0.03294437181 2
0 0.245 -0.055 0.03437176493 2
0 0.245 -0.045 0.03567437682 2
0 0.245 -0.035 0.03678136563 2
0 0.245 -0.025 0.03738398111 2
0 0.245 -0.015 0.0376262026 2
0 0.245 -0.005 0.03742023357 2
0 0.245 0.005 0.03702652784 2
0 0.245 0.015 0.0365015915 2
0 0.245 0.025 0.03585347173 2
0 0.245 0.035 0.03504337792 2
0 0.245 0.045 0.03407539441 2
0 0.245 0.055 0.03294563318 2
0 0.245 0.065 0.03166370378 2
0 0.245 0.075 0.0302239626 2
0 0.245 0.085 0.02861983372 2
0 0.245 0.095 0.02685654144 2
0 0.245 0.105 0.0249190342 2
0 0.245 0.115 0.02290889572 2
0 0.245 0.125 0.02060598221 2
0 0.245 0.135 0.01885776706 2
0 0.245 0.145 0.01517145397 2
0 0.245 0.155 0.009074034092 2
0 0.245 0.165 0.003592696238 2
0 0.245 0.175 0 2
0 0.245 0.185 0 2
0 0.245 0.195 0 2
0 0.245 0.205 0 2
0 0.245 0.215 0 1
0 0.255 -0.205 0 2
0 0.255 -0.195 0 2
0 0.255 -0.185 0 2
0 0.255 -0.175 0 2
0 0.255 -0.165 0.003917029351 2
0 0.255 -0.155 0.009857262325 2
0 0.255 -0.145 0.01666908198 2
0 0.255 -0.135 0.02081773559 2
0 0.255 -0.125 0.02293695843 2
0 0.255 -0.115 0.02549079995 2
0 0.255 -0.105 0.02762308067 2
0 0.255 -0.095 0.02919411914 2
0 0.255 -0.085 0.03047787394 2
0 0.255 -0.075 0.03127883262 1
0 0.255 -0.065 0.03244998883 1
0 0.255 -0.055 0.03393655558 1
0 0.255 -0.045 0.0357314425 1
0 0.255 -0.035 0.03780275862 2
0 0.255 -0.025 0.03937718987 2
0 0.255 -0.015 0.04037875398 2
0 0.255 -0.005 0.04065407016 2
0 0.255 0.005 0.04044683305 2
0 0.255 0.015 0.04005934343 2
0 0.255 0.025 0.03951651578 2
0 0.255 0.035 0.03880981277 2
0 0.255 0.045 0.03789746429 2
0 0.255 0.055 0.03677479164 2
0 0.255 0.065 0.03543787779 2
0 0.255 0.075 0.03388548609 2
0 0.255 0.085 0.03211435764 2
0 0.255 0.095 0.03013375293 2
0 0.255 0.105 0.02792676987 2
0 0.255 0.115 0.02560006127 2
0 0.255 0.125 0.02293205487 2
0 0.255 0.135 0.02084258176 2
0 0.255 0.145 0.01669262092 2
0 0.255 0.155 0.009932233306 2
0 0.255 0.165 0.003935270144 2
0 0.255 0.175 0 2
0 0.255 0.185 0 2
0 0.255 0.195 0 2
0 0.255 0.205 0 2
0 0.255 0.215 0 2
0 0.265 -0.205 0 2
0 0.265 -0.195 0 2
0 0.265 -0.185 0 2
0 0.265 -0.175 0 2
0 0.265 -0.165 0.004114818185 2
0 0.265 -0.155 0.01036489406 2
0 0.265 -0.145 0.017799659 2
0 0.265 -0.135 0.02240869762 2
0 0.265 -0.125 0.02493850997 2
0 0.265 -0.115 0.02765422741 2
0 0.265 -0.105 0.02962793347 2
0 0.265 -0.095 0.03076573851 2
0 0.265 -0.085 0.03128461799 1
0 0.265 -0.075 0.03151916176 1
0 0.265 -0.065 0.03232122791 1
0 0.265 -0.055 0.0337513669 1
0 0.265 -0.045 0.03589516072 1
0 0.265 -0.035 0.0385349794 1
0 0.265 -0.025 0.04126051174 2
0 0.265 -0.015 0.04304544076 2
0 0.265 -0.005 0.04411282694 2
0 0.265 0.005 0.04429515171 2
0 0.265 0.015 0.04415507863 2
0 0.265 0.025 0.04375316667 2
0 0.265 0.035 0.04314327666 2
0 0.265 0.045 0.04226637323 2
0 0.265 0.055 0.04112583795 2
0 0.265 0.065 0.03971779942 2
0 0.265 0.075 0.03804125383 2
0 0.265 0.085 0.03608999278 2
0 0.265 0.095 0.03386615964 2
0 0.265 0.105 0.03134630352 2
0 0.265 0.115 0.02862097533 2
0 0.265 0.125 0.02547686861 2
0 0.265 0.135 0.02287993059 2
0 0.265 0.145 0.01816853205 2
0 0.265 0.155 0.01071086628 2
0 0.265 0.165 0.004242434974 2
0 0.265 0.175 0 2
0 0.265 0.185 0 2
0 0.265 0.195 0 2
0 0.265 0.205 0 2
0 0.265 0.215 0 2
0 0.275 -0.205 0 2
0 0.275 -0.195 0 2
0 0.275 -0.185 0 2
0 0.275 -0.175 0 2
0 0.275 -0.165 0.00413111919 2
0 0.275 -0.155 0.01041938678 2
0 0.275 -0.145 0.01831981168 2
0 0.275 -0.135 0.02340141393 2
0 0.275 -0.125 0.02645248903 2
0 0.275 -0.115 0.02936743936 2
0 0.275 -0.105 0.03127489191 2
0 0.275 -0.095 0.03215520938 2
0 0.275 -0.085 0.03214177858 1
0 0.275 -0.075 0.03223326542 1
0 0.275 -0.065 0.03282079499 1
0 0.275 -0.055 0.03408994958 1
0 0.275 -0.045 0.03611877693 1
0 0.275 -0.035 0.03864156582 1
0 0.275 -0.025 0.04200091054 2
0 0.275 -0.015 0.04446029306 2
0 0.275 -0.005 0.04630398532 2
0 0.275 0.005 0.04700417403 2
0 0.275 0.015 0.04717117104 2
0 0.275 0.025 0.04695628576 2
0 0.275 0.035 0.04646368913 2
0 0.275 0.045 0.04564454474 2
0 0.275 0.055 0.04451379264 2
0 0.275 0.065 0.04307165678 2
0 0.275 0.075 0.04131733281 2
0 0.275 0.085 0.03924144436 2
0 0.275 0.095 0.03683652551 2
0 0.275 0.105 0.03407903411 2
0 0.275 0.115 0.03102265429 2
0 0.275 0.125 0.0274719182 2
0 0.275 0.135 0.02434341632 2
0 0.275 0.145 0.01914384106 2
0 0.275 0.155 0.01112880651 2
0 0.275 0.165 0.004417093005 2
0 0.275 0.175 0 2
0 0.275 0.185 0 2
0 0.275 0.195 0 2
0 0.275 0.205 0 2
0 0.275 0.215 0 2
0 0.285 -0.205 0 2
0 0.285 -0.195 0 2
0 0.285 -0.185 0 2
0 0.285 -0.175 0 2
0 0.285 -0.165 0.004004204109 2
0 0.285 -0.155 0.01036165595 2
0 0.285 -0.145 0.01918480768 2
0 0.285 -0.135 0.02556341742 2
0 0.285 -0.125 0.03013857786 2
0 0.285 -0.115 0.0338180353 2
0 0.285 -0.105 0.03607793399 2
0 0.285 -0.095 0.03704111268 2
0 0.285 -0.085 0.03698624071 1
0 0.285 -0.075 0.03707522872 1
0 0.285 -0.065 0.03759678127 1
0 0.285 -0.055 0.0386559827 1
0 0.285 -0.045 0.04019330911 1
0 0.285 -0.035 0.04247101732 1
0 0.285 -0.025 0.04581444382 1
0 0.285 -0.015 0.04919454949 2
0 0.285 -0.005 0.05189582945 2
0 0.285 0.005 0.05342731527 2
0 0.285 0.015 0.05406120994 2
0 0.285 0.025 0.05409634744 2
0 0.285 0.035 0.05369561109 2
0 0.285 0.045 0.05287712453 2
0 0.285 0.055 0.05167707689 2
0 0.285 0.065 0.05010538565 2
0 0.285 0.075 0.04816102911 2
0 0.285 0.085 0.04582746887 2
0 0.285 0.095 0.04307917309 2
0 0.285 0.105 0.03986888318 2
0 0.285 0.115 0.03617079222 2
0 0.285 0.125 0.03178843106 2
0 0.285 0.135 0.02714825277 2
0 0.285 0.145 0.02064744825 2
0 0.285 0.155 0.01143270955 2
0 0.285 0.165 0.004455331981 2
0 0.285 0.175 0 2
0 0.285 0.185 0 2
0 0.285 0.195 0 2
0 0.285 0.205 0 2
0 0.285 0.215 0 2
0 0.295 -0.205 0 2
0 0.295 -0.195 0 2
0 0.295 -0.185 0 1
0 0.295 -0.175 0 1
0 0.295 -0.165 0.003278772693 1
0 0.295 -0.155 0.008620154779 1
0 0.295 -0.145 0.01689851002 2
0 0.295 -0.135 0.023116285 2
0 0.295 -0.125 0.02799073192 2
0 0.295 -0.115 0.03163870899 2
0 0.295 -0.105 0.033866728 2
0 0.295 -0.095 0.03480830388 2
0 0.295 -0.085 0.03472338769 1
0 0.295 -0.075 0.03470321397 1
0 0.295 -0.065 0.03505391128 1
0 0.295 -0.055 0.03585826639 1
0 0.295 -0.045 0.03687070233 1
0 0.295 -0.035 0.03869500512 1
0 0.295 -0.025 0.04132035348 1
0 0.295 -0.015 0.0448075364 2
0 0.295 -0.005 0.04752456753 2
0 0.295 0.005 0.04931018085 2
0 0.295 0.015 0.05008301439 2
0 0.295 0.025 0.05025183044 2
0 0.295 0.035 0.04996283262 2
0 0.295 0.045 0.04926964941 2
0 0.295 0.055 0.04821419317 2
0 0.295 0.065 0.04681078735 2
0 0.295 0.075 0.04505880237 2
0 0.295 0.085 0.0429407583 2
0 0.295 0.095 0.04042587382 2
0 0.295 0.105 0.03746302609 2
0 0.295 0.115 0.03398578421 2
0 0.295 0.125 0.02979203255 2
0 0.295 0.135 0.02488428459 2
0 0.295 0.145 0.01862309435 2
0 0.295 0.155 0.00975113542 2
0 0.295 0.165 0.003778556811 2
0 0.295 0.175 0 2
0 0.295 0.185 0 2
0 0.295 0.195 0 2
0 0.295 0.205 0 2
0 0.295 0.215 0 2
0 0.305 -0.205 0 2
0 0.305 -0.195 0 1
0 0.305 -0.185 0 1
0 0.305 -0.175 0 1
0 0.305 -0.165 0.001959134222 1
0 0.305 -0.155 0.005138646606 1
0 0.305 -0.145 0.01065558085 1
0 0.305 -0.135 0.01523035273 2
0 0.305 -0.125 0.01895125282 2
0 0.305 -0.115 0.02159142405 2
0 0.305 -0.105 0.0231836868 2
0 0.305 -0.095 0.02386829966 2
0 0.305 -0.085 0.02382299593 1
0 0.305 -0.075 0.02378295913 1
0 0.305 -0.065 0.02391872172 1
0 0.305 -0.055 0.02436247586 1
0 0.305 -0.045 0.02489408317 1
0 0.305 -0.035 0.02601394366 1
0 0.305 -0.025 0.02763912719 1
0 0.305 -0.015 0.03004114289 2
0 0.305 -0.005 0.03200068487 2
0 0.305 0.005 0.03341453258 2
0 0.305 0.015 0.03404605682 2
0 0.305 0.025 0.03421939637 2
0 0.305 0.035 0.03404780173 2
0 0.305 0.045 0.03359589619 2
0 0.305 0.055 0.03289711576 2
0 0.305 0.065 0.03196341925 2
0 0.305 0.075 0.0307939001 2
0 0.305 0.085 0.02937460966 2
0 0.305 0.095 0.02767964929 2
0 0.305 0.105 0.02566197497 2
0 0.305 0.115 0.02324869217 2
0 0.305 0.125 0.02029275602 2
0 0.305 0.135 0.01651976158 2
0 0.305 0.145 0.01185919607 2
0 0.305 0.155 0.005857949605 2
0 0.305 0.165 0.002301905209 2
0 0.305 0.175 0 2
0 0.305 0.185 0 2
0 0.305 0.195 0 2
0 0.305 0.205 0 2
0 0.305 0.215 0 2
0 0.315 -0.205 0 2
0 0.315 -0.195 0 1
0 0.315 -0.185 0 1
0 0.315 -0.175 0 1
0 0.315 -0.165 0.0007917530247 1
0 0.315 -0.155 0.002178396675 1
0 0.315 -0.145 0.004328722294 1
0 0.315 -0.135 0.006240398036 2
0 0.315 -0.125 0.007818814646 2
0 0.315 -0.115 0.008913641421 2
0 0.315 -0.105 0.009560220969 2
0 0.315 -0.095 0.009817028904 2
0 0.315 -0.085 0.009778607851 1
0 0.315 -0.075 0.009726159501 1
0 0.315 -0.065 0.00975393891 1
0 0.315 -0.055 0.009914040849 1
0 0.315 -0.045 0.01011558848 1
0 0.315 -0.035 0.01057092566 1
0 0.315 -0.025 0.01127025994 1
0 0.315 -0.015 0.01222539637 2
0 0.315 -0.005 0.01303816553 2
0 0.315 0.005 0.01362105044 2
0 0.315 0.015 0.01388737224 2
0 0.315 0.025 0.01396827512 2
0 0.315 0.035 0.01390724518 2
0 0.315 0.045 0.01373219649 2
0 0.315 0.055 0.01345652517 2
0 0.315 0.065 0.0130854723 2
0 0.315 0.075 0.01261894103 2
0 0.315 0.085 0.01205166591 2
0 0.315 0.095 0.01137356444 2
0 0.315 0.105 0.01056415897 2
0 0.315 0.115 0.009586660566 2
0 0.315 0.125 0.008379697664 2
0 0.315 0.135 0.006778759333 2
0 0.315 0.145 0.004828770549 1
0 0.315 0.155 0.002497369544 1
0 0.315 0.165 0.0009406973508 1
0 0.315 0.175 0 1
0 0.315 0.185 0 2
0 0.315 0.195 0 2
0 0.315 0.205 0 2
0 0.315 0.215 0 2
0 0.325 -0.205 0 2
0 0.325 -0.195 0 1
0 0.325 -0.185 0 1
0 0.325 -0.175 0 1
0 0.325 -0.165 0 1
0 0.325 -0.155 0 1
0 0.325 -0.145 0 1
0 0.325 -0.135 0 1
0 0.325 -0.125 0 2
0 0.325 -0.115 0 2
0 0.325 -0.105 0 2
0 0.325 -0.095 0 2
0 0.325 -0.085 0 1
0 0.325 -0.075 0 1
0 0.325 -0.065 0 1
0 0.325 -0.055 0 1
0 0.325 -0.045 0 1
0 0.325 -0.035 0 1
0 0.325 -0.025 0 1
0 0.325 -0.015 0 2
0 0.325 -0.005 0 2
0 0.325 0.005 0 2
0 0.325 0.015 0 2
0 0.325 0.025 0 2
0 0.325 0.035 0 2
0 0.325 0.045 0 2
0 0.325 0.055 0 2
0 0.325 0.065 0 2
0 0.325 0.075 0 2
0 0.325 0.085 0 2
0 0.325 0.095 0 2
0 0.325 0.105 0 2
0 0.325 0.115 0 2
0 0.325 0.125 0 2
0 0.325 0.135 0 2
0 0.325 0.145 0 1
0 0.325 0.155 0 1
0 0.325 0.165 0 1
0 0.325 0.175 0 1
0 0.325 0.185 0 1
0 0.325 0.195 0 2
0 0.325 0.205 0 2
0 0.325 0.215 0 2
0 0.335 -0.205 0 2
0 0.335 -0.195 0 1
0 0.335 -0.185 0 1
0 0.335 -0.175 0 1
0 0.335 -0.165 0 1
0 0.335 -0.155 0 1
0 0.335 -0.145 0 1
0 0.335 -0.135 0 1
0 0.335 -0.125 0 2
0 0.335 -0.115 0 2
0 0.335 -0.105 0 2
0 0.335 -0.095 0 2
0 0.335 -0.085 0 2
0 0.335 -0.075 0 1
0 0.335 -0.065 0 1
0 0.335 -0.055 0 1
0 0.335 -0.045 0 1
0 0.335 -0.035 0 1
0 0.335 -0.025 0 1
0 0.335 -0.015 0 2
0 0.335 -0.005 0 2
0 0.335 0.005 0 2
0 0.335 0.015 0 2
0 0.335 0.025 0 2
0 0.335 0.035 0 2
0 0.335 0.045 0 2
0 0.335 0.055 0 2
0 0.335 0.065 0 2
0 0.335 0.075 0 2
0 0.335 0.085 0 2
0 0.335 0.095 0 2
0 0.335 0.105 0 2
0 0.335 0.115 0 2
0 0.335 0.125 0 2
0 0.335 0.135 0 1
0 0.335 0.145 0 1
0 0.335 0.155 0 1
0 0.335 0.165 0 1
0 0.335 0.175 0 1
0 0.335 0.185 0 1
0 0.335 0.195 0 1
0 0.335 0.205 0 2
0 0.335 0.215 0 1
0 0.345 -0.205 0 2
0 0.345 -0.195 0 1
0 0.345 -0.185 0 1
0 0.345 -0.175 0 1
0 0.345 -0.165 0 1
0 0.345 -0.155 0 1
0 0.345 -0.145 0 1
0 0.345 -0.135 0 1
0 0.345 -0.125 0 2
0 0.345 -0.115 0 2
0 0.345 -0.105 0 2
0 0.345 -0.095 0 2
0 0.345 -0.085 0 2
0 0.345 -0.075 0 1
0 0.345 -0.065 0 1
0 0.345 -0.055 0 1
0 0.345 -0.045 0 1
0 0.345 -0.035 0 1
0 0.345 -0.025 0 1
0 0.345 -0.015 0 2
0 0.345 -0.005 0 2
0 0.345 0.005 0 2
0 0.345 0.015 0 2
0 0.345 0.025 0 2
0 0.345 0.035 0 2
0 0.345 0.045 0 2
0 0.345 0.055 0 2
0 0.345 0.065 0 2
0 0.345 0.075 0 2
0 0.345 0.085 0 2
0 0.345 0.095 0 2
0 0.345 0.105 0 2
0 0.345 0.115 0 2
0 0.345 0.125 0 2
0 0.345 0.135 0 1
0 0.345 0.145 0 1
0 0.345 0.155 0 1
0 0.345 0.165 0 1
0 0.345 0.175 0 1
0 0.345 0.185 0 1
0 0.345 0.195 0 1
0 0.345 0.205 0 1
0 0.345 0.215 0 1
0 0.355 -0.205 0 2
0 0.355 -0.195 0 1
0 0.355 -0.185 0 1
0 0.355 -0.175 0 1
0 0.355 -0.165 0 1
0 0.355 -0.155 0 1
0 0.355 -0.145 0 1
0 0.355 -0.135 0 1
0 0.355 -0.125 0 2
0 0.355 -0.115 0 2
0 0.355 -0.105 0 2
0 0.355 -0.095 0 2
0 0.355 -0.085 0 2
0 0.355 -0.075 0 2
0 0.355 -0.065 0 1
0 0.355 -0.055 0 1
0 0.355 -0.045 0 1
0 0.355 -0.035 0 1
0 0.355 -0.025 0 2
0 0.355 -0.015 0 2
0 0.355 -0.005 0 2
0 0.355 0.005 0 2
0 0.355 0.015 0 2
0 0.355 0.025 0 2
0 0.355 0.035 0 2
0 0.355 0.045 0 2
0 0.355 0.055 0 2
0 0.355 0.065 0 2
0 0.355 0.075 0 2
0 0.355 0.085 0 2
0 0.355 0.095 0 2
0 0.355 0.105 0 2
0 0.355 0.115 0 2
0 0.355 0.125 0 2
0 0.355 0.135 0 1
0 0.355 0.145 0 1
0 0.355 0.155 0 1
0 0.355 0.165 0 1
0 0.355 0.175 0 1
0 0.355 0.185 0 1
0 0.355 0.195 0 1
0 0.355 0.205 0 1
0 0.355 0.215 0 1
0 0.365 -0.205 0 2
0 0.365 -0.195 0 1
0 0.365 -0.185 0 1
0 0.365 -0.175 0 1
0 0.365 -0.165 0 1
0 0.365 -0.155 0 1
0 0.365 -0.145 0 1
0 0.365 -0.135 0 1
0 0.365 -0.125 0 2
0 0.365 -0.115 0 2
0 0.365 -0.105 0 2
0 0.365 -0.095 0 2
0 0.365 -0.085 0 2
0 0.365 -0.075 0 2
0 0.365 -0.065 0 2
0 0.365 -0.055 0 2
0 0.365 -0.045 0 2
0 0.365 -0.035 0 2
0 0.365 -0.025 0 2
0 0.365 -0.015 0 2
0 0.365 -0.005 0 2
0 0.365 0.005 0 2
0 0.365 0.015 0 2
0 0.365 0.025 0 2
0 0.365 0.035 0 2
0 0.365 0.045 0 2
0 0.365 0.055 0 2
0 0.365 0.065 0 2
0 0.365 0.075 0 2
0 0.365 0.085 0 2
0 0.365 0.095 0 2
0 0.365 0.105 0 2
0 0.365 0.115 0 2
0 0.365 0.125 0 2
0 0.365 0.135 0 2
0 0.365 0.145 0 1
0 0.365 0.155 0 1
0 0.365 0.165 0 1
0 0.365 0.175 0 1
0 0.365 0.185 0 1
0 0.365 0.195 0 1
0 0.365 0.205 0 1
0 0.365 0.215 0 1
