t x y content type
0 -0.055 -0.205 0 2
0 -0.055 -0.195 0 2
0 -0.055 -0.185 0 2
0 -0.055 -0.175 0 2
0 -0.055 -0.165 0 2
0 -0.055 -0.155 0 2
0 -0.055 -0.145 0 2
0 -0.055 -0.135 0 2
0 -0.055 -0.125 0 2
0 -0.055 -0.115 0 2
0 -0.055 -0.105 0 2
0 -0.055 -0.095 0 2
0 -0.055 -0.085 0 2
0 -0.055 -0.075 0 2
0 -0.055 -0.065 0 2
0 -0.055 -0.055 0 2
0 -0.055 -0.045 0 2
0 -0.055 -0.035 0 2
0 -0.055 -0.025 0 2
0 -0.055 -0.015 0 1
0 -0.055 -0.005 0 1
0 -0.055 0.005 0 1
0 -0.055 0.015 0 1
0 -0.055 0.025 0 1
0 -0.055 0.035 0 1
0 -0.055 0.045 0 1
0 -0.055 0.055 0 1
0 -0.055 0.065 0 1
0 -0.055 0.075 0 1
0 -0.055 0.085 0 1
0 -0.055 0.095 0 2
0 -0.055 0.105 0 2
0 -0.055 0.115 0 2
0 -0.055 0.125 0 2
0 -0.055 0.135 0 2
0 -0.055 0.145 0 2
0 -0.055 0.155 0 2
0 -0.055 0.165 0 2
0 -0.055 0.175 0 2
0 -0.055 0.185 0 2
0 -0.055 0.195 0 2
0 -0.055 0.205 0 2
0 -0.055 0.215 0 2
0 -0.045 -0.205 0 2
0 -0.045 -0.195 0 2
0 -0.045 -0.185 0 2
0 -0.045 -0.175 0 2
0 -0.045 -0.165 0 2
0 -0.045 -0.155 0 2
0 -0.045 -0.145 0 2
0 -0.045 -0.135 0 2
0 -0.045 -0.125 0 2
0 -0.045 -0.115 0 2
0 -0.045 -0.105 0 2
0 -0.045 -0.095 0 2
0 -0.045 -0.085 0 2
0 -0.045 -0.075 0 2
0 -0.045 -0.065 0 2
0 -0.045 -0.055 0 2
0 -0.045 -0.045 0 2
0 -0.045 -0.035 0 2
0 -0.045 -0.025 0 2
0 -0.045 -0.015 0 1
0 -0.045 -0.005 0 1
0 -0.045 0.005 0 1
0 -0.045 0.015 0 1
0 -0.045 0.025 0 1
0 -0.045 0.035 0 1
0 -0.045 0.045 0 1
0 -0.045 0.055 0 1
0 -0.045 0.065 0 1
0 -0.045 0.075 0 1
0 -0.045 0.085 0 1
0 -0.045 0.095 0 2
0 -0.045 0.105 0 2
0 -0.045 0.115 0 2
0 -0.045 0.125 0 2
0 -0.045 0.135 0 2
0 -0.045 0.145 0 2
0 -0.045 0.155 0 2
0 -0.045 0.165 0 2
0 -0.045 0.175 0 2
0 -0.045 0.185 0 2
0 -0.045 0.195 0 2
0 -0.045 0.205 0 2
0 -0.045 0.215 0 2
0 -0.035 -0.205 0 2
0 -0.035 -0.195 0 2
0 -0.035 -0.185 0 2
0 -0.035 -0.175 0 2
0 -0.035 -0.165 0 2
0 -0.035 -0.155 0 2
0 -0.035 -0.145 0 2
0 -0.035 -0.135 0 2
0 -0.035 -0.125 0 2
0 -0.035 -0.115 0 2
0 -0.035 -0.105 0 2
0 -0.035 -0.095 0 2
0 -0.035 -0.085 0 2
0 -0.035 -0.075 0 2
0 -0.035 -0.065 0 2
0 -0.035 -0.055 0 2
0 -0.035 -0.045 0 2
0 -0.035 -0.035 0 2
0 -0.035 -0.025 0 2
0 -0.035 -0.015 0 2
0 -0.035 -0.005 0 1
0 -0.035 0.005 0 1
0 -0.035 0.015 0 1
0 -0.035 0.025 0 1
0 -0.035 0.035 0 1
0 -0.035 0.045 0 1
0 -0.035 0.055 0 1
0 -0.035 0.065 0 1
0 -0.035 0.075 0 1
0 -0.035 0.085 0 1
0 -0.035 0.095 0 2
0 -0.035 0.105 0 2
0 -0.035 0.115 0 2
0 -0.035 0.125 0 2
0 -0.035 0.135 0 2
0 -0.035 0.145 0 2
0 -0.035 0.155 0 2
0 -0.035 0.165 0 2
0 -0.035 0.175 0 2
0 -0.035 0.185 0 2
0 -0.035 0.195 0 2
0 -0.035 0.205 0 2
0 -0.035 0.215 0 2
0 -0.025 -0.205 0 2
0 -0.025 -0.195 0 2
0 -0.025 -0.185 0 2
0 -0.025 -0.175 0 2
0 -0.025 -0.165 0 2
0 -0.025 -0.155 0 2
0 -0.025 -0.145 0 2
0 -0.025 -0.135 0 2
0 -0.025 -0.125 0 2
0 -0.025 -0.115 0 2
0 -0.025 -0.105 0 2
0 -0.025 -0.095 0 2
0 -0.025 -0.085 0 2
0 -0.025 -0.075 0 2
0 -0.025 -0.065 0 2
0 -0.025 -0.055 0 2
0 -0.025 -0.045 0 2
0 -0.025 -0.035 0 2
0 -0.025 -0.025 0 2
0 -0.025 -0.015 0 2
0 -0.025 -0.005 0 2
0 -0.025 0.005 0 2
0 -0.025 0.015 0 1
0 -0.025 0.025 0 1
0 -0.025 0.035 0 1
0 -0.025 0.045 0 1
0 -0.025 0.055 0 1
0 -0.025 0.065 0 1
0 -0.025 0.075 0 1
0 -0.025 0.085 0 2
0 -0.025 0.095 0 2
0 -0.025 0.105 0 2
0 -0.025 0.115 0 2
0 -0.025 0.125 0 2
0 -0.025 0.135 0 2
0 -0.025 0.145 0 2
0 -0.025 0.155 0 2
0 -0.025 0.165 0 2
0 -0.025 0.175 0 2
0 -0.025 0.185 0 2
0 -0.025 0.195 0 2
0 -0.025 0.205 0 2
0 -0.025 0.215 0 2
0 -0.015 -0.205 0 2
0 -0.015 -0.195 0 2
0 -0.015 -0.185 0 2
0 -0.015 -0.175 0 2
0 -0.015 -0.165 0 2
0 -0.015 -0.155 0 2
0 -0.015 -0.145 0 2
0 -0.015 -0.135 0 2
0 -0.015 -0.125 0 2
0 -0.015 -0.115 0 2
0 -0.015 -0.105 0 2
0 -0.015 -0.095 0 2
0 -0.015 -0.085 0 2
0 -0.015 -0.075 0 2
0 -0.015 -0.065 0 2
0 -0.015 -0.055 0 2
0 -0.015 -0.045 0 2
0 -0.015 -0.035 0 2
0 -0.015 -0.025 0 2
0 -0.015 -0.015 0 2
0 -0.015 -0.005 0 2
0 -0.015 0.005 0 2
0 -0.015 0.015 0 2
0 -0.015 0.025 0 2
0 -0.015 0.035 0 2
0 -0.015 0.045 0 1
0 -0.015 0.055 0 1
0 -0.015 0.065 0 2
0 -0.015 0.075 0 2
0 -0.015 0.085 0 2
0 -0.015 0.095 0 2
0 -0.015 0.105 0 2
0 -0.015 0.115 0 2
0 -0.015 0.125 0 2
0 -0.015 0.135 0 2
0 -0.015 0.145 0 2
0 -0.015 0.155 0 2
0 -0.015 0.165 0 2
0 -0.015 0.175 0 2
0 -0.015 0.185 0 2
0 -0.015 0.195 0 2
0 -0.015 0.205 0 2
0 -0.015 0.215 0 2
0 -0.005 -0.205 0 2
0 -0.005 -0.195 0 2
0 -0.005 -0.185 0 2
0 -0.005 -0.175 0 2
0 -0.005 -0.165 0 2
0 -0.005 -0.155 0 2
0 -0.005 -0.145 0 2
0 -0.005 -0.135 0 2
0 -0.005 -0.125 0 2
0 -0.005 -0.115 0 2
0 -0.005 -0.105 0 2
0 -0.005 -0.095 0 2
0 -0.005 -0.085 0 2
0 -0.005 -0.075 0 2
0 -0.005 -0.065 0 2
0 -0.005 -0.055 0 2
0 -0.005 -0.045 0 2
0 -0.005 -0.035 0 2
0 -0.005 -0.025 0 2
0 -0.005 -0.015 0 2
0 -0.005 -0.005 0 2
0 -0.005 0.005 0 2
0 -0.005 0.015 0 2
0 -0.005 0.025 0 2
0 -0.005 0.035 0 2
0 -0.005 0.045 0 2
0 -0.005 0.055 0 2
0 -0.005 0.065 0 2
0 -0.005 0.075 0 2
0 -0.005 0.085 0 2
0 -0.005 0.095 0 2
0 -0.005 0.105 0 2
0 -0.005 0.115 0 2
0 -0.005 0.125 0 2
0 -0.005 0.135 0 2
0 -0.005 0.145 0 2
0 -0.005 0.155 0 2
0 -0.005 0.165 0 2
0 -0.005 0.175 0 2
0 -0.005 0.185 0 2
0 -0.005 0.195 0 2
0 -0.005 0.205 0 2
0 -0.005 0.215 0 2
0 0.005 -0.205 0 2
0 0.005 -0.195 0 2
0 0.005 -0.185 0 1
0 0.005 -0.175 0 1
0 0.005 -0.165 0 1
0 0.005 -0.155 0 1
0 0.005 -0.145 -0.0001390919656 1
0 0.005 -0.135 -0.0002125636558 2
0 0.005 -0.125 -0.0002757431242 2
0 0.005 -0.115 -0.0003236028101 2
0 0.005 -0.105 -0.0003638925725 2
0 0.005 -0.095 -0.0004016728189 2
0 0.005 -0.085 -0.0004372938874 2
0 0.005 -0.075 -0.0004703816502 2
0 0.005 -0.065 -0.00049986162 2
0 0.005 -0.055 -0.0005252394083 2
0 0.005 -0.045 -0.0005463455955 2
0 0.005 -0.035 -0.0005631456193 2
0 0.005 -0.025 -0.000575692728 2
0 0.005 -0.015 -0.0005840487779 2
0 0.005 -0.005 -0.0005882358359 2
0 0.005 0.005 -0.0005881833446 2
0 0.005 0.015 -0.0005837484032 2
0 0.005 0.025 -0.0005722159006 2
0 0.005 0.035 -0.000552840212 2
0 0.005 0.045 -0.0005266211532 2
0 0.005 0.055 -0.0005073175091 2
0 0.005 0.065 -0.0004933069946 2
0 0.005 0.075 -0.0004711354363 2
0 0.005 0.085 -0.0004420887115 2
0 0.005 0.095 -0.0004077472579 2
0 0.005 0.105 -0.0003694679038 2
0 0.005 0.115 -0.0003265787047 2
0 0.005 0.125 -0.0002779942392 2
0 0.005 0.135 -0.0002201638436 2
0 0.005 0.145 -0.0001543449239 2
0 0.005 0.155 0 2
0 0.005 0.165 0 2
0 0.005 0.175 0 2
0 0.005 0.185 0 2
0 0.005 0.195 0 2
0 0.005 0.205 0 2
0 0.005 0.215 0 2
0 0.015 -0.205 0 2
0 0.015 -0.195 0 1
0 0.015 -0.185 0 1
0 0.015 -0.175 0 1
0 0.015 -0.165 0 1
0 0.015 -0.155 0 1
0 0.015 -0.145 -0.00017504678 1
0 0.015 -0.135 -0.0002861402105 1
0 0.015 -0.125 -0.0003931026085 1
0 0.015 -0.115 -0.0004871239527 2
0 0.015 -0.105 -0.0005582847354 2
0 0.015 -0.095 -0.0006198243257 2
0 0.015 -0.085 -0.0006780826925 2
0 0.015 -0.075 -0.0007316566973 2
0 0.015 -0.065 -0.0007797033697 2
0 0.015 -0.055 -0.000820780392 2
0 0.015 -0.045 -0.0008547168087 2
0 0.015 -0.035 -0.0008816018549 2
0 0.015 -0.025 -0.000901609443 2
0 0.015 -0.015 -0.0009149135432 2
0 0.015 -0.005 -0.0009216019093 2
0 0.015 0.005 -0.0009215589704 2
0 0.015 0.015 -0.0009145206145 2
0 0.015 0.025 -0.0008999444147 2
0 0.015 0.035 -0.0008779329674 2
0 0.015 0.045 -0.0008490140323 2
0 0.015 0.055 -0.0008157965558 2
0 0.015 0.065 -0.0007782986569 2
0 0.015 0.075 -0.0007345176992 2
0 0.015 0.085 -0.0006847385073 2
0 0.015 0.095 -0.0006290307383 2
0 0.015 0.105 -0.0005667216818 2
0 0.015 0.115 -0.0004964261766 2
0 0.015 0.125 -0.0004162324797 2
0 0.015 0.135 -0.0003190508095 2
0 0.015 0.145 -0.0002107017225 2
0 0.015 0.155 0 2
0 0.015 0.165 0 2
0 0.015 0.175 0 2
0 0.015 0.185 0 2
0 0.015 0.195 0 2
0 0.015 0.205 0 2
0 0.015 0.215 0 2
0 0.025 -0.205 0 2
0 0.025 -0.195 0 1
0 0.025 -0.185 0 1
0 0.025 -0.175 0 1
0 0.025 -0.165 0 1
0 0.025 -0.155 0 1
0 0.025 -0.145 -0.0002061696147 1
0 0.025 -0.135 -0.0003492716965 1
0 0.025 -0.125 -0.0004938538075 1
0 0.025 -0.115 -0.0006286917266 1
0 0.025 -0.105 -0.0007480058443 2
0 0.025 -0.095 -0.000840117222 2
0 0.025 -0.085 -0.0009264621692 2
0 0.025 -0.075 -0.001004433288 2
0 0.025 -0.065 -0.001072922718 2
0 0.025 -0.055 -0.001131107465 2
0 0.025 -0.045 -0.001178888894 2
0 0.025 -0.035 -0.001216573859 2
0 0.025 -0.025 -0.001244545367 2
0 0.025 -0.015 -0.001263147167 2
0 0.025 -0.005 -0.001272584256 2
0 0.025 0.005 -0.001272778397 2
0 0.025 0.015 -0.001263413058 2
0 0.025 0.025 -0.001244018687 2
0 0.025 0.035 -0.001214556209 2
0 0.025 0.045 -0.001175406366 2
0 0.025 0.055 -0.001127793769 2
0 0.025 0.065 -0.001072050704 2
0 0.025 0.075 -0.001007885906 2
0 0.025 0.085 -0.0009359080176 2
0 0.025 0.095 -0.0008562028526 2
0 0.025 0.105 -0.0007670400424 2
0 0.025 0.115 -0.000666404302 2
0 0.025 0.125 -0.0005518075198 2
0 0.025 0.135 -0.0004131479225 2
0 0.025 0.145 -0.0002620419717 2
0 0.025 0.155 0 2
0 0.025 0.165 0 2
0 0.025 0.175 0 2
0 0.025 0.185 0 2
0 0.025 0.195 0 2
0 0.025 0.205 0 2
0 0.025 0.215 0 2
0 0.035 -0.205 0 2
0 0.035 -0.195 0 1
0 0.035 -0.185 0 1
0 0.035 -0.175 0 1
0 0.035 -0.165 0 1
0 0.035 -0.155 0 1
0 0.035 -0.145 -0.0002294009451 1
0 0.035 -0.135 -0.0003927817129 1
0 0.035 -0.125 -0.0005609801662 1
0 0.035 -0.115 -0.0007198861905 1
0 0.035 -0.105 -0.0008717890512 1
0 0.035 -0.095 -0.001005804196 2
0 0.035 -0.085 -0.001117245003 2
0 0.035 -0.075 -0.001216590382 2
0 0.035 -0.065 -0.00130255264 2
0 0.035 -0.055 -0.001375214399 2
0 0.035 -0.045 -0.001434504115 2
0 0.035 -0.035 -0.001481047067 2
0 0.035 -0.025 -0.001515514413 2
0 0.035 -0.015 -0.001538469442 2
0 0.035 -0.005 -0.001550296857 2
0 0.035 0.005 -0.00155107108 2
0 0.035 0.015 -0.001540533439 2
0 0.035 0.025 -0.00151813681 2
0 0.035 0.035 -0.001483335346 2
0 0.035 0.045 -0.001435777947 2
0 0.035 0.055 -0.001375632889 2
0 0.035 0.065 -0.001303382463 2
0 0.035 0.075 -0.001220280297 2
0 0.035 0.085 -0.001128567033 2
0 0.035 0.095 -0.001029709714 2
0 0.035 0.105 -0.0009179378815 2
0 0.035 0.115 -0.0007913578291 2
0 0.035 0.125 -0.0006467068725 2
0 0.035 0.135 -0.0004760451039 2
0 0.035 0.145 -0.0002949662314 2
0 0.035 0.155 0 2
0 0.035 0.165 0 2
0 0.035 0.175 0 2
0 0.035 0.185 0 2
0 0.035 0.195 0 2
0 0.035 0.205 0 2
0 0.035 0.215 0 2
0 0.045 -0.205 0 2
0 0.045 -0.195 0 2
0 0.045 -0.185 0 1
0 0.045 -0.175 0 1
0 0.045 -0.165 0 1
0 0.045 -0.155 0 1
0 0.045 -0.145 -0.0002491717065 1
0 0.045 -0.135 -0.00043122855 1
0 0.045 -0.125 -0.0006193770793 1
0 0.045 -0.115 -0.0007952082808 1
0 0.045 -0.105 -0.000964588328 1
0 0.045 -0.095 -0.001133428007 2
0 0.045 -0.085 -0.001270202045 2
0 0.045 -0.075 -0.001391275179 2
0 0.045 -0.065 -0.001493931272 2
0 0.045 -0.055 -0.001579270237 2
0 0.045 -0.045 -0.001648484081 2
0 0.045 -0.035 -0.001702606993 2
0 0.045 -0.025 -0.001742585844 2
0 0.045 -0.015 -0.001769247508 2
0 0.045 -0.005 -0.001783250253 2
0 0.045 0.005 -0.001784838635 2
0 0.045 0.015 -0.001773728625 2
0 0.045 0.025 -0.001749109629 2
0 0.045 0.035 -0.001709864704 2
0 0.045 0.045 -0.001654896526 2
0 0.045 0.055 -0.001583662873 2
0 0.045 0.065 -0.001496569029 2
0 0.045 0.075 -0.00139539252 2
0 0.045 0.085 -0.001284570567 2
0 0.045 0.095 -0.00116415832 2
0 0.045 0.105 -0.001029210276 2
0 0.045 0.115 -0.0008787521347 2
0 0.045 0.125 -0.0007124716201 2
0 0.045 0.135 -0.0005210022281 2
0 0.045 0.145 -0.0003205561594 2
0 0.045 0.155 0 2
0 0.045 0.165 0 2
0 0.045 0.175 0 2
0 0.045 0.185 0 2
0 0.045 0.195 0 2
0 0.045 0.205 0 2
0 0.045 0.215 0 2
0 0.055 -0.205 0 2
0 0.055 -0.195 0 2
0 0.055 -0.185 0 1
0 0.055 -0.175 0 1
0 0.055 -0.165 0 1
0 0.055 -0.155 0 1
0 0.055 -0.145 -0.0002655653799 1
0 0.055 -0.135 -0.0004625912902 1
0 0.055 -0.125 -0.0006665938222 1
0 0.055 -0.115 -0.0008558153715 1
0 0.055 -0.105 -0.001036387976 1
0 0.055 -0.095 -0.001215416476 1
0 0.055 -0.085 -0.001383154245 2
0 0.055 -0.075 -0.001523369962 2
0 0.055 -0.065 -0.001639817771 2
0 0.055 -0.055 -0.001735329348 2
0 0.055 -0.045 -0.001812437358 2
0 0.055 -0.035 -0.001872576698 2
0 0.055 -0.025 -0.001916817134 2
0 0.055 -0.015 -0.001946282389 2
0 0.055 -0.005 -0.001962069816 2
0 0.055 0.005 -0.001964711888 2
0 0.055 0.015 -0.001953934517 2
0 0.055 0.025 -0.001928569772 2
0 0.055 0.035 -0.001886726019 2
0 0.055 0.045 -0.001826405332 2
0 0.055 0.055 -0.001746288137 2
0 0.055 0.065 -0.001645588877 2
0 0.055 0.075 -0.001526800948 2
0 0.055 0.085 -0.001396942376 2
0 0.055 0.095 -0.001247882629 1
0 0.055 0.105 -0.001093664178 1
0 0.055 0.115 -0.0009238635214 1
0 0.055 0.125 -0.0007469131154 2
0 0.055 0.135 -0.0005421003312 2
0 0.055 0.145 -0.000333315773 2
0 0.055 0.155 0 2
0 0.055 0.165 0 2
0 0.055 0.175 0 2
0 0.055 0.185 0 2
0 0.055 0.195 0 2
0 0.055 0.205 0 2
0 0.055 0.215 0 2
0 0.065 -0.205 0 2
0 0.065 -0.195 0 2
0 0.065 -0.185 0 2
0 0.065 -0.175 0 1
0 0.065 -0.165 0 1
0 0.065 -0.155 0 1
0 0.065 -0.145 -0.0002837675583 1
0 0.065 -0.135 -0.0004913927274 1
0 0.065 -0.125 -0.000705633672 1
0 0.065 -0.115 -0.0009048155387 1
0 0.065 -0.105 -0.001093610731 1
0 0.065 -0.095 -0.001276943457 1
0 0.065 -0.085 -0.0014641391 2
0 0.065 -0.075 -0.001617366488 2
0 0.065 -0.065 -0.001744031603 2
0 0.065 -0.055 -0.001847188397 2
0 0.065 -0.045 -0.001930401301 2
0 0.065 -0.035 -0.001995193556 2
0 0.065 -0.025 -0.002042421542 2
0 0.065 -0.015 -0.002073550398 2
0 0.065 -0.005 -0.002090505108 2
0 0.065 0.005 -0.002094303775 2
0 0.065 0.015 -0.00208478002 2
0 0.065 0.025 -0.002060362004 2
0 0.065 0.035 -0.002018015379 2
0 0.065 0.045 -0.001954621542 2
0 0.065 0.055 -0.001867954817 2
0 0.065 0.065 -0.001755871403 2
0 0.065 0.075 -0.001620570379 2
0 0.065 0.085 -0.001461402883 1
0 0.065 0.095 -0.001299175166 1
0 0.065 0.105 -0.001131937413 1
0 0.065 0.115 -0.0009509657422 1
0 0.065 0.125 -0.0007573733516 1
0 0.065 0.135 -0.000540483923 1
0 0.065 0.145 -0.0003312547 2
0 0.065 0.155 0 2
0 0.065 0.165 0 2
0 0.065 0.175 0 2
0 0.065 0.185 0 2
0 0.065 0.195 0 2
0 0.065 0.205 0 2
0 0.065 0.215 0 2
0 0.075 -0.205 0 2
0 0.075 -0.195 0 2
0 0.075 -0.185 0 2
0 0.075 -0.175 0 2
0 0.075 -0.165 0 1
0 0.075 -0.155 0 1
0 0.075 -0.145 -0.0002990296381 1
0 0.075 -0.135 -0.0005151083667 1
0 0.075 -0.125 -0.0007372491496 1
0 0.075 -0.115 -0.000943445704 1
0 0.075 -0.105 -0.001136827688 1
0 0.075 -0.095 -0.001322006604 1
0 0.075 -0.085 -0.001515522789 2
0 0.075 -0.075 -0.001674063658 2
0 0.075 -0.065 -0.001806936904 2
0 0.075 -0.055 -0.001915229015 2
0 0.075 -0.045 -0.002003063532 2
0 0.075 -0.035 -0.00207150502 2
0 0.075 -0.025 -0.002120521707 2
0 0.075 -0.015 -0.002152003663 2
0 0.075 -0.005 -0.002169367752 2
0 0.075 0.005 -0.002174209696 2
0 0.075 0.015 -0.002166676335 2
0 0.075 0.025 -0.002145030371 2
0 0.075 0.035 -0.002104511734 2
0 0.075 0.045 -0.002040478026 2
0 0.075 0.055 -0.001949785358 2
0 0.075 0.065 -0.00182839625 2
0 0.075 0.075 -0.001678366283 2
0 0.075 0.085 -0.001498371007 1
0 0.075 0.095 -0.00132673276 1
0 0.075 0.105 -0.001150290459 1
0 0.075 0.115 -0.000961109805 1
0 0.075 0.125 -0.0007597146571 1
0 0.075 0.135 -0.0005374739193 1
0 0.075 0.145 -0.0003199401665 1
0 0.075 0.155 0 2
0 0.075 0.165 0 2
0 0.075 0.175 0 2
0 0.075 0.185 0 2
0 0.075 0.195 0 2
0 0.075 0.205 0 2
0 0.075 0.215 0 2
0 0.085 -0.205 0 2
0 0.085 -0.195 0 2
0 0.085 -0.185 0 2
0 0.085 -0.175 0 2
0 0.085 -0.165 0 2
0 0.085 -0.155 0 2
0 0.085 -0.145 -0.0003117677087 1
0 0.085 -0.135 -0.0005347290997 1
0 0.085 -0.125 -0.0007627105303 1
0 0.085 -0.115 -0.0009721761377 1
0 0.085 -0.105 -0.001167151924 1
0 0.085 -0.095 -0.001360515964 2
0 0.085 -0.085 -0.001540138824 2
0 0.085 -0.075 -0.001697514138 2
0 0.085 -0.065 -0.001831916578 2
0 0.085 -0.055 -0.00194293872 2
0 0.085 -0.045 -0.002033961062 2
0 0.085 -0.035 -0.002105638481 2
0 0.085 -0.025 -0.002154980913 2
0 0.085 -0.015 -0.002184166027 2
0 0.085 -0.005 -0.002200674649 2
0 0.085 0.005 -0.002206127011 2
0 0.085 0.015 -0.002201237243 2
0 0.085 0.025 -0.002185140224 2
0 0.085 0.035 -0.002149026864 2
0 0.085 0.045 -0.002086372913 2
0 0.085 0.055 -0.001994206362 2
0 0.085 0.065 -0.001866457093 2
0 0.085 0.075 -0.001707089705 2
0 0.085 0.085 -0.001516942377 1
0 0.085 0.095 -0.001339751641 1
0 0.085 0.105 -0.001155996174 1
0 0.085 0.115 -0.000958910297 1
0 0.085 0.125 -0.0007519688213 1
0 0.085 0.135 -0.0005292079368 1
0 0.085 0.145 -0.0003124866933 1
0 0.085 0.155 0 1
0 0.085 0.165 0 2
0 0.085 0.175 0 2
0 0.085 0.185 0 2
0 0.085 0.195 0 2
0 0.085 0.205 0 2
0 0.085 0.215 0 2
0 0.095 -0.205 0 2
0 0.095 -0.195 0 2
0 0.095 -0.185 0 2
0 0.095 -0.175 0 2
0 0.095 -0.165 0 2
0 0.095 -0.155 0 2
0 0.095 -0.145 -0.0003267114379 2
0 0.095 -0.135 -0.0005521185331 2
0 0.095 -0.125 -0.0007833209382 2
0 0.095 -0.115 -0.0009939189858 2
0 0.095 -0.105 -0.001186374606 2
0 0.095 -0.095 -0.001366709171 2
0 0.095 -0.085 -0.001535533113 2
0 0.095 -0.075 -0.001688046295 2
0 0.095 -0.065 -0.001820273105 2
0 0.095 -0.055 -0.001931246933 2
0 0.095 -0.045 -0.002024278348 2
0 0.095 -0.035 -0.002099905933 2
0 0.095 -0.025 -0.002148439494 2
0 0.095 -0.015 -0.00217508733 2
0 0.095 -0.005 -0.002191746836 2
0 0.095 0.005 -0.002196894439 2
0 0.095 0.015 -0.002192047818 2
0 0.095 0.025 -0.00218123032 2
0 0.095 0.035 -0.002152692063 2
0 0.095 0.045 -0.002094468253 2
0 0.095 0.055 -0.002003435829 2
0 0.095 0.065 -0.001875663501 2
0 0.095 0.075 -0.001714086482 2
0 0.095 0.085 -0.001520130719 1
0 0.095 0.095 -0.001336533931 1
0 0.095 0.105 -0.00114854091 1
0 0.095 0.115 -0.0009487915896 1
0 0.095 0.125 -0.0007387859524 1
0 0.095 0.135 -0.0005151399834 1
0 0.095 0.145 -0.0002997300001 1
0 0.095 0.155 0 1
0 0.095 0.165 0 2
0 0.095 0.175 0 2
0 0.095 0.185 0 2
0 0.095 0.195 0 2
0 0.095 0.205 0 2
0 0.095 0.215 0 2
0 0.105 -0.205 0 2
0 0.105 -0.195 0 2
0 0.105 -0.185 0 2
0 0.105 -0.175 0 2
0 0.105 -0.165 0 2
0 0.105 -0.155 0 2
0 0.105 -0.145 -0.0003293861769 2
0 0.105 -0.135 -0.0005559964883 2
0 0.105 -0.125 -0.0007874985772 2
0 0.105 -0.115 -0.0009943143914 2
0 0.105 -0.105 -0.001178640741 2
0 0.105 -0.095 -0.001349227833 2
0 0.105 -0.085 -0.001509706648 2
0 0.105 -0.075 -0.001655794255 2
0 0.105 -0.065 -0.001783759354 2
0 0.105 -0.055 -0.001892365663 2
0 0.105 -0.045 -0.001983473907 2
0 0.105 -0.035 -0.002059968922 2
0 0.105 -0.025 -0.002106570906 2
0 0.105 -0.015 -0.002129490401 1
0 0.105 -0.005 -0.002147308665 1
0 0.105 0.005 -0.002151276403 1
0 0.105 0.015 -0.002143757675 1
0 0.105 0.025 -0.002138177355 2
0 0.105 0.035 -0.002118818678 2
0 0.105 0.045 -0.002067288904 2
0 0.105 0.055 -0.001980046274 2
0 0.105 0.065 -0.001856419443 2
0 0.105 0.075 -0.00169854943 2
0 0.105 0.085 -0.001508392288 1
0 0.105 0.095 -0.001320136147 1
0 0.105 0.105 -0.001130550434 1
0 0.105 0.115 -0.0009304150776 1
0 0.105 0.125 -0.0007208892339 1
0 0.105 0.135 -0.0004985293029 1
0 0.105 0.145 -0.000286121223 1
0 0.105 0.155 0 1
0 0.105 0.165 0 1
0 0.105 0.175 0 2
0 0.105 0.185 0 2
0 0.105 0.195 0 2
0 0.105 0.205 0 2
0 0.105 0.215 0 2
0 0.115 -0.205 0 2
0 0.115 -0.195 0 2
0 0.115 -0.185 0 2
0 0.115 -0.175 0 2
0 0.115 -0.165 0 2
0 0.115 -0.155 0 2
0 0.115 -0.145 -0.0003195864073 2
0 0.115 -0.135 -0.0005467711221 2
0 0.115 -0.125 -0.0007781945321 2
0 0.115 -0.115 -0.0009781043924 2
0 0.115 -0.105 -0.001148853105 1
0 0.115 -0.095 -0.001310255178 1
0 0.115 -0.085 -0.001462910676 1
0 0.115 -0.075 -0.001602076939 1
0 0.115 -0.065 -0.001725183941 1
0 0.115 -0.055 -0.001830291124 1
0 0.115 -0.045 -0.001916928705 1
0 0.115 -0.035 -0.001993993061 2
0 0.115 -0.025 -0.002035515276 1
0 0.115 -0.015 -0.002071330158 1
0 0.115 -0.005 -0.002088445913 1
0 0.115 0.005 -0.002091000962 1
0 0.115 0.015 -0.002080806454 1
0 0.115 0.025 -0.002059160866 1
0 0.115 0.035 -0.00204751786 2
0 0.115 0.045 -0.002006189777 2
0 0.115 0.055 -0.001927017642 2
0 0.115 0.065 -0.001810057645 2
0 0.115 0.075 -0.001660899818 2
0 0.115 0.085 -0.001487083446 2
0 0.115 0.095 -0.001293777665 1
0 0.115 0.105 -0.001103298522 1
0 0.115 0.115 -0.0009047411168 1
0 0.115 0.125 -0.0006984596542 1
0 0.115 0.135 -0.0004804613439 1
0 0.115 0.145 -0.0002736937766 1
0 0.115 0.155 0 1
0 0.115 0.165 0 1
0 0.115 0.175 0 2
0 0.115 0.185 0 2
0 0.115 0.195 0 2
0 0.115 0.205 0 2
0 0.115 0.215 0 2
0 0.125 -0.205 0 2
0 0.125 -0.195 0 2
0 0.125 -0.185 0 2
0 0.125 -0.175 0 2
0 0.125 -0.165 0 2
0 0.125 -0.155 0 2
0 0.125 -0.145 -0.0003064398722 2
0 0.125 -0.135 -0.0005289120972 2
0 0.125 -0.125 -0.0007564721543 2
0 0.125 -0.115 -0.0009455948862 1
0 0.125 -0.105 -0.00111425933 1
0 0.125 -0.095 -0.001267598973 1
0 0.125 -0.085 -0.001412699393 1
0 0.125 -0.075 -0.001545310894 1
0 0.125 -0.065 -0.001662858504 1
0 0.125 -0.055 -0.001763582161 1
0 0.125 -0.045 -0.001845236044 1
0 0.125 -0.035 -0.001907124984 1
0 0.125 -0.025 -0.001959953716 1
0 0.125 -0.015 -0.00199578004 1
0 0.125 -0.005 -0.002011922034 1
0 0.125 0.005 -0.00201283817 1
0 0.125 0.015 -0.002000470195 1
0 0.125 0.025 -0.001974402314 1
0 0.125 0.035 -0.001949856269 2
0 0.125 0.045 -0.001918918564 2
0 0.125 0.055 -0.001848016288 2
0 0.125 0.065 -0.001738987093 2
0 0.125 0.075 -0.001600718609 2
0 0.125 0.085 -0.001439632128 2
0 0.125 0.095 -0.001257023904 1
0 0.125 0.105 -0.001068136694 1
0 0.125 0.115 -0.0008731075047 1
0 0.125 0.125 -0.0006723498577 1
0 0.125 0.135 -0.0004609871135 1
0 0.125 0.145 -0.0002609552703 1
0 0.125 0.155 0 1
0 0.125 0.165 0 1
0 0.125 0.175 0 2
0 0.125 0.185 0 2
0 0.125 0.195 0 2
0 0.125 0.205 0 2
0 0.125 0.215 0 2
0 0.135 -0.205 0 2
0 0.135 -0.195 0 2
0 0.135 -0.185 0 2
0 0.135 -0.175 0 2
0 0.135 -0.165 0 2
0 0.135 -0.155 0 2
0 0.135 -0.145 -0.0002897624964 2
0 0.135 -0.135 -0.0005054082875 2
0 0.135 -0.125 -0.0007258508485 2
0 0.135 -0.115 -0.0009097218022 1
0 0.135 -0.105 -0.001070886938 1
0 0.135 -0.095 -0.001217221762 1
0 0.135 -0.085 -0.001354767783 1
0 0.135 -0.075 -0.001480416046 1
0 0.135 -0.065 -0.001591943188 1
0 0.135 -0.055 -0.001687278116 1
0 0.135 -0.045 -0.00176446391 1
0 0.135 -0.035 -0.001823640519 1
0 0.135 -0.025 -0.0018715997 1
0 0.135 -0.015 -0.001902220698 1
0 0.135 -0.005 -0.001915354514 1
0 0.135 0.005 -0.001914029933 1
0 0.135 0.015 -0.001900569585 1
0 0.135 0.025 -0.001873914796 1
0 0.135 0.035 -0.001834780541 1
0 0.135 0.045 -0.00181188729 2
0 0.135 0.055 -0.00174564049 2
0 0.135 0.065 -0.00164481905 2
0 0.135 0.075 -0.001517195346 2
0 0.135 0.085 -0.001368984275 2
0 0.135 0.095 -0.001206567522 2
0 0.135 0.105 -0.001027428436 1
0 0.135 0.115 -0.0008387003592 1
0 0.135 0.125 -0.0006436172342 1
0 0.135 0.135 -0.0004395153902 1
0 0.135 0.145 -0.0002500934566 1
0 0.135 0.155 0 1
0 0.135 0.165 0 1
0 0.135 0.175 0 2
0 0.135 0.185 0 2
0 0.135 0.195 0 2
0 0.135 0.205 0 2
0 0.135 0.215 0 2
0 0.145 -0.205 0 2
0 0.145 -0.195 0 2
0 0.145 -0.185 0 2
0 0.145 -0.175 0 2
0 0.145 -0.165 0 2
0 0.145 -0.155 0 2
0 0.145 -0.145 -0.000270918488 2
0 0.145 -0.135 -0.0004767730614 2
0 0.145 -0.125 -0.0006853383965 2
0 0.145 -0.115 -0.0008642994187 1
0 0.145 -0.105 -0.001017385442 1
0 0.145 -0.095 -0.001156260643 1
0 0.145 -0.085 -0.001284887567 1
0 0.145 -0.075 -0.001403129649 1
0 0.145 -0.065 -0.00150831934 1
0 0.145 -0.055 -0.001598933765 1
0 0.145 -0.045 -0.00167316848 1
0 0.145 -0.035 -0.001730114042 1
0 0.145 -0.025 -0.001770794593 1
0 0.145 -0.015 -0.001794307285 1
0 0.145 -0.005 -0.001803032286 1
0 0.145 0.005 -0.001798883753 1
0 0.145 0.015 -0.001783219814 1
0 0.145 0.025 -0.001756391452 1
0 0.145 0.035 -0.001719597558 1
0 0.145 0.045 -0.001689042577 2
0 0.145 0.055 -0.001623898287 2
0 0.145 0.065 -0.001530023811 2
0 0.145 0.075 -0.001413214515 2
0 0.145 0.085 -0.001278573425 2
0 0.145 0.095 -0.001131143223 2
0 0.145 0.105 -0.0009721417718 2
0 0.145 0.115 -0.0007976133276 1
0 0.145 0.125 -0.0006144643165 1
0 0.145 0.135 -0.0004217725898 1
0 0.145 0.145 -0.0002416872923 1
0 0.145 0.155 0 1
0 0.145 0.165 0 1
0 0.145 0.175 0 2
0 0.145 0.185 0 2
0 0.145 0.195 0 2
0 0.145 0.205 0 2
0 0.145 0.215 0 2
0 0.155 -0.205 0 2
0 0.155 -0.195 0 2
0 0.155 -0.185 0 2
0 0.155 -0.175 0 2
0 0.155 -0.165 0 2
0 0.155 -0.155 0 2
0 0.155 -0.145 -0.0002500087598 2
0 0.155 -0.135 -0.0004415742893 2
0 0.155 -0.125 -0.0006346227967 2
0 0.155 -0.115 -0.0008087772682 1
0 0.155 -0.105 -0.000956221639 1
0 0.155 -0.095 -0.0010895245 1
0 0.155 -0.085 -0.001207266826 1
0 0.155 -0.075 -0.001315918208 1
0 0.155 -0.065 -0.00141397179 1
0 0.155 -0.055 -0.001499784705 1
0 0.155 -0.045 -0.001570240727 1
0 0.155 -0.035 -0.001623382461 1
0 0.155 -0.025 -0.001657922625 1
0 0.155 -0.015 -0.001673681374 1
0 0.155 -0.005 -0.001676918017 1
0 0.155 0.005 -0.001669891356 1
0 0.155 0.015 -0.00165321551 1
0 0.155 0.025 -0.001627726879 1
0 0.155 0.035 -0.001593291103 1
0 0.155 0.045 -0.001554556792 2
0 0.155 0.055 -0.001487820034 2
0 0.155 0.065 -0.001398672224 2
0 0.155 0.075 -0.001291660706 2
0 0.155 0.085 -0.001169647539 2
0 0.155 0.095 -0.001036077307 2
0 0.155 0.105 -0.0008928328842 2
0 0.155 0.115 -0.0007392480234 2
0 0.155 0.125 -0.0005744173588 2
0 0.155 0.135 -0.0003998327996 1
0 0.155 0.145 -0.0002300615686 1
0 0.155 0.155 0 1
0 0.155 0.165 0 2
0 0.155 0.175 0 2
0 0.155 0.185 0 2
0 0.155 0.195 0 2
0 0.155 0.205 0 2
0 0.155 0.215 0 2
0 0.165 -0.205 0 2
0 0.165 -0.195 0 2
0 0.165 -0.185 0 2
0 0.165 -0.175 0 2
0 0.165 -0.165 0 2
0 0.165 -0.155 0 2
0 0.165 -0.145 -0.0002270097029 2
0 0.165 -0.135 -0.0004012257251 2
0 0.165 -0.125 -0.0005769780448 2
0 0.165 -0.115 -0.0007378124665 2
0 0.165 -0.105 -0.0008822356891 1
0 0.165 -0.095 -0.001010505643 1
0 0.165 -0.085 -0.001120400845 1
0 0.165 -0.075 -0.001222594754 1
0 0.165 -0.065 -0.001314763284 1
0 0.165 -0.055 -0.001395386108 1
0 0.165 -0.045 -0.001462014728 1
0 0.165 -0.035 -0.001512127344 1
0 0.165 -0.025 -0.001540173448 1
0 0.165 -0.015 -0.001543320977 1
0 0.165 -0.005 -0.001539554765 1
0 0.165 0.005 -0.0015303432 1
0 0.165 0.015 -0.001513492684 1
0 0.165 0.025 -0.001488160808 1
0 0.165 0.035 -0.001453006168 1
0 0.165 0.045 -0.001407980229 2
0 0.165 0.055 -0.001339657988 2
0 0.165 0.065 -0.001254294254 2
0 0.165 0.075 -0.001156285993 2
0 0.165 0.085 -0.001046721268 2
0 0.165 0.095 -0.0009273467578 2
0 0.165 0.105 -0.0007989336372 2
0 0.165 0.115 -0.0006628440166 2
0 0.165 0.125 -0.0005165286293 2
0 0.165 0.135 -0.0003607409573 2
0 0.165 0.145 -0.0002073089226 2
0 0.165 0.155 0 2
0 0.165 0.165 0 2
0 0.165 0.175 0 2
0 0.165 0.185 0 2
0 0.165 0.195 0 2
0 0.165 0.205 0 2
0 0.165 0.215 0 1
0 0.175 -0.205 0 2
0 0.175 -0.195 0 2
0 0.175 -0.185 0 2
0 0.175 -0.175 0 2
0 0.175 -0.165 0 2
0 0.175 -0.155 0 2
0 0.175 -0.145 -0.0002022075835 2
0 0.175 -0.135 -0.0003555382123 2
0 0.175 -0.125 -0.0005122727762 2
0 0.175 -0.115 -0.0006561251009 2
0 0.175 -0.105 -0.0007900237337 2
0 0.175 -0.095 -0.0009086320831 2
0 0.175 -0.085 -0.001018133602 1
0 0.175 -0.075 -0.001113192772 1
0 0.175 -0.065 -0.001197549557 1
0 0.175 -0.055 -0.001271188011 1
0 0.175 -0.045 -0.001332765775 1
0 0.175 -0.035 -0.001381069873 1
0 0.175 -0.025 -0.001406855703 1
0 0.175 -0.015 -0.001400184046 1
0 0.175 -0.005 -0.00139349374 1
0 0.175 0.005 -0.001384435485 1
0 0.175 0.015 -0.001367899086 1
0 0.175 0.025 -0.001342337548 1
0 0.175 0.035 -0.001305472194 1
0 0.175 0.045 -0.001252389231 2
0 0.175 0.055 -0.001181575078 2
0 0.175 0.065 -0.001099842925 2
0 0.175 0.075 -0.001010965571 2
0 0.175 0.085 -0.0009140478551 2
0 0.175 0.095 -0.0008091620564 2
0 0.175 0.105 -0.0006962987273 2
0 0.175 0.115 -0.0005760059029 2
0 0.175 0.125 -0.0004476989177 2
0 0.175 0.135 -0.0003110376877 2
0 0.175 0.145 -0.0001782180508 2
0 0.175 0.155 0 2
0 0.175 0.165 0 2
0 0.175 0.175 0 2
0 0.175 0.185 0 2
0 0.175 0.195 0 1
0 0.175 0.205 0 1
0 0.175 0.215 0 1
0 0.185 -0.205 0 2
0 0.185 -0.195 0 2
0 0.185 -0.185 0 2
0 0.185 -0.175 0 2
0 0.185 -0.165 0 2
0 0.185 -0.155 0 2
0 0.185 -0.145 -0.0001761892391 2
0 0.185 -0.135 -0.0003072996612 2
0 0.185 -0.125 -0.0004422696746 2
0 0.185 -0.115 -0.0005668645319 2
0 0.185 -0.105 -0.0006848540197 2
0 0.185 -0.095 -0.0007914458015 2
0 0.185 -0.085 -0.0008930891893 2
0 0.185 -0.075 -0.0009783816436 2
0 0.185 -0.065 -0.001052551783 2
0 0.185 -0.055 -0.001117072387 2
0 0.185 -0.045 -0.001171876175 2
0 0.185 -0.035 -0.0012168885 2
0 0.185 -0.025 -0.001246535823 2
0 0.185 -0.015 -0.001252713118 1
0 0.185 -0.005 -0.001244626917 1
0 0.185 0.005 -0.001234722925 1
0 0.185 0.015 -0.001218437807 1
0 0.185 0.025 -0.001193846167 1
0 0.185 0.035 -0.001157568854 1
0 0.185 0.045 -0.001090248078 2
0 0.185 0.055 -0.00101544599 2
0 0.185 0.065 -0.0009386849105 2
0 0.185 0.075 -0.0008598199668 2
0 0.185 0.085 -0.000776124085 2
0 0.185 0.095 -0.0006863909876 2
0 0.185 0.105 -0.0005901468234 2
0 0.185 0.115 -0.0004871603873 2
0 0.185 0.125 -0.0003778375729 2
0 0.185 0.135 -0.000261257699 2
0 0.185 0.145 -0.0001485381033 2
0 0.185 0.155 0 2
0 0.185 0.165 0 2
0 0.185 0.175 0 2
0 0.185 0.185 0 2
0 0.185 0.195 0 1
0 0.185 0.205 0 1
0 0.185 0.215 0 1
0 0.195 -0.205 0 2
0 0.195 -0.195 0 2
0 0.195 -0.185 0 2
0 0.195 -0.175 0 2
0 0.195 -0.165 0 2
0 0.195 -0.155 0 2
0 0.195 -0.145 -0.000149741048 2
0 0.195 -0.135 -0.0002607242429 2
0 0.195 -0.125 -0.0003730264495 2
0 0.195 -0.115 -0.0004762975197 2
0 0.195 -0.105 -0.0005742259589 2
0 0.195 -0.095 -0.0006651507875 2
0 0.195 -0.085 -0.0007512703367 2
0 0.195 -0.075 -0.0008242126278 2
0 0.195 -0.065 -0.000886406981 2
0 0.195 -0.055 -0.0009398057545 2
0 0.195 -0.045 -0.0009861037823 2
0 0.195 -0.035 -0.00102556843 2
0 0.195 -0.025 -0.001060638537 2
0 0.195 -0.015 -0.001097687029 1
0 0.195 -0.005 -0.001096067845 1
0 0.195 0.005 -0.001089548264 1
0 0.195 0.015 -0.001073542325 1
0 0.195 0.025 -0.001045773104 1
0 0.195 0.035 -0.00100543077 1
0 0.195 0.045 -0.0009193451113 2
0 0.195 0.055 -0.0008442323234 2
0 0.195 0.065 -0.0007754093297 2
0 0.195 0.075 -0.0007075056424 2
0 0.195 0.085 -0.0006373768957 2
0 0.195 0.095 -0.0005630312002 2
0 0.195 0.105 -0.0004837262341 2
0 0.195 0.115 -0.0003990313791 2
0 0.195 0.125 -0.0003093739842 2
0 0.195 0.135 -0.000213882071 2
0 0.195 0.145 -0.0001212872113 2
0 0.195 0.155 0 2
0 0.195 0.165 0 2
0 0.195 0.175 0 2
0 0.195 0.185 0 2
0 0.195 0.195 0 1
0 0.195 0.205 0 1
0 0.195 0.215 0 1
0 0.205 -0.205 0 2
0 0.205 -0.195 0 2
0 0.205 -0.185 0 2
0 0.205 -0.175 0 2
0 0.205 -0.165 0 2
0 0.205 -0.155 0 2
0 0.205 -0.145 -0.0001238706103 2
0 0.205 -0.135 -0.0002152283493 2
0 0.205 -0.125 -0.000306714859 2
0 0.205 -0.115 -0.0003907400911 2
0 0.205 -0.105 -0.0004687060801 2
0 0.205 -0.095 -0.0005395345689 2
0 0.205 -0.085 -0.0006033407472 2
0 0.205 -0.075 -0.0006581567684 2
0 0.205 -0.065 -0.0007052464486 2
0 0.205 -0.055 -0.0007461485769 2
0 0.205 -0.045 -0.0007830622303 2
0 0.205 -0.035 -0.0008184212501 2
0 0.205 -0.025 -0.0008579891622 2
0 0.205 -0.015 -0.0009082148139 2
0 0.205 -0.005 -0.0009343681086 1
0 0.205 0.005 -0.0009334272013 1
0 0.205 0.015 -0.0009181132093 1
0 0.205 0.025 -0.0008873231124 1
0 0.205 0.035 -0.0008277035538 2
0 0.205 0.045 -0.0007443857624 2
0 0.205 0.055 -0.0006752273403 2
0 0.205 0.065 -0.0006152839091 2
0 0.205 0.075 -0.0005587638276 2
0 0.205 0.085 -0.0005020299127 2
0 0.205 0.095 -0.0004428950858 2
0 0.205 0.105 -0.0003803780478 2
0 0.205 0.115 -0.0003138802282 2
0 0.205 0.125 -0.0002435483247 2
0 0.205 0.135 -0.0001686739122 2
0 0.205 0.145 -9.547634597e-05 2
0 0.205 0.155 0 2
0 0.205 0.165 0 2
0 0.205 0.175 0 2
0 0.205 0.185 0 2
0 0.205 0.195 0 1
0 0.205 0.205 0 1
0 0.205 0.215 0 1
0 0.215 -0.205 0 2
0 0.215 -0.195 0 2
0 0.215 -0.185 0 2
0 0.215 -0.175 0 2
0 0.215 -0.165 0 2
0 0.215 -0.155 0 2
0 0.215 -0.145 -9.932374969e-05 2
0 0.215 -0.135 -0.0001720616886 2
0 0.215 -0.125 -0.0002436111939 2
0 0.215 -0.115 -0.0003088613211 2
0 0.215 -0.105 -0.000368349708 2
0 0.215 -0.095 -0.0004210933054 2
0 0.215 -0.085 -0.0004664968556 2
0 0.215 -0.075 -0.0005040663049 2
0 0.215 -0.065 -0.0005358884617 2
0 0.215 -0.055 -0.0005645354342 2
0 0.215 -0.045 -0.0005929643287 2
0 0.215 -0.035 -0.0006247710705 2
0 0.215 -0.025 -0.0006622739195 2
0 0.215 -0.015 -0.0007076621382 2
0 0.215 -0.005 -0.0007443888262 2
0 0.215 0.005 -0.0007505943052 2
0 0.215 0.015 -0.0007370690499 2
0 0.215 0.025 -0.0007038884027 2
0 0.215 0.035 -0.0006414414011 2
0 0.215 0.045 -0.0005722052421 2
0 0.215 0.055 -0.0005133396528 2
0 0.215 0.065 -0.0004628502477 2
0 0.215 0.075 -0.0004175328763 2
0 0.215 0.085 -0.0003736217402 2
0 0.215 0.095 -0.000329105058 2
0 0.215 0.105 -0.0002827595363 2
0 0.215 0.115 -0.0002338101817 2
0 0.215 0.125 -0.0001819629225 2
0 0.215 0.135 -0.0001266576593 2
0 0.215 0.145 -7.165030446e-05 2
0 0.215 0.155 0 2
0 0.215 0.165 0 2
0 0.215 0.175 0 2
0 0.215 0.185 0 2
0 0.215 0.195 0 1
0 0.215 0.205 0 1
0 0.215 0.215 0 1
0 0.225 -0.205 0 2
0 0.225 -0.195 0 2
0 0.225 -0.185 0 2
0 0.225 -0.175 0 2
0 0.225 -0.165 0 2
0 0.225 -0.155 0 2
0 0.225 -0.145 -7.646110043e-05 2
0 0.225 -0.135 -0.0001318824868 2
0 0.225 -0.125 -0.0001849172827 2
0 0.225 -0.115 -0.0002327510366 2
0 0.225 -0.105 -0.0002752399107 2
0 0.225 -0.095 -0.0003112738168 2
0 0.225 -0.085 -0.0003395532446 2
0 0.225 -0.075 -0.0003601052231 2
0 0.225 -0.065 -0.0003767246639 2
0 0.225 -0.055 -0.0003932415275 2
0 0.225 -0.045 -0.0004134349169 2
0 0.225 -0.035 -0.0004402233335 2
0 0.225 -0.025 -0.000472657057 2
0 0.225 -0.015 -0.0005093621112 2
0 0.225 -0.005 -0.000542775685 2
0 0.225 0.005 -0.0005534078282 2
0 0.225 0.015 -0.0005425393523 2
0 0.225 0.025 -0.0005108790973 2
0 0.225 0.035 -0.0004588153031 2
0 0.225 0.045 -0.0004061353202 2
0 0.225 0.055 -0.0003602417364 2
0 0.225 0.065 -0.0003210278855 2
0 0.225 0.075 -0.0002866687184 2
0 0.225 0.085 -0.0002549898707 2
0 0.225 0.095 -0.0002242582915 2
0 0.225 0.105 -0.0001931000466 2
0 0.225 0.115 -0.0001605818176 2
0 0.225 0.125 -0.000125932814 2
0 0.225 0.135 -8.869412007e-05 2
0 0.225 0.145 -5.02657534e-05 2
0 0.225 0.155 0 2
0 0.225 0.165 0 2
0 0.225 0.175 0 2
0 0.225 0.185 0 2
0 0.225 0.195 0 2
0 0.225 0.205 0 1
0 0.225 0.215 0 1
0 0.235 -0.205 0 2
0 0.235 -0.195 0 2
0 0.235 -0.185 0 2
0 0.235 -0.175 0 2
0 0.235 -0.165 0 2
0 0.235 -0.155 0 2
0 0.235 -0.145 -5.560955043e-05 2
0 0.235 -0.135 -9.516514916e-05 2
0 0.235 -0.125 -0.00013129542 2
0 0.235 -0.115 -0.0001635034687 2
0 0.235 -0.105 -0.0001912829105 2
0 0.235 -0.095 -0.0002135308698 2
0 0.235 -0.085 -0.0002268296465 2
0 0.235 -0.075 -0.0002292732623 2
0 0.235 -0.065 -0.0002298585293 2
0 0.235 -0.055 -0.0002335655538 2
0 0.235 -0.045 -0.0002457687706 2
0 0.235 -0.035 -0.0002708074535 2
0 0.235 -0.025 -0.0002996485058 2
0 0.235 -0.015 -0.0003268419153 2
0 0.235 -0.005 -0.0003472672912 2
0 0.235 0.005 -0.0003540275368 2
0 0.235 0.015 -0.0003457954532 2
0 0.235 0.025 -0.0003233862784 2
0 0.235 0.035 -0.0002898044424 2
0 0.235 0.045 -0.0002535359079 2
0 0.235 0.055 -0.0002202692678 2
0 0.235 0.065 -0.000192025639 2
0 0.235 0.075 -0.0001685480508 2
0 0.235 0.085 -0.0001485252802 2
0 0.235 0.095 -0.0001305687053 2
0 0.235 0.105 -0.0001133341519 2
0 0.235 0.115 -9.578488713e-05 2
0 0.235 0.125 -7.669261233e-05 2
0 0.235 0.135 -5.565124509e-05 2
0 0.235 0.145 -3.183984609e-05 2
0 0.235 0.155 0 2
0 0.235 0.165 0 2
0 0.235 0.175 0 2
0 0.235 0.185 0 2
0 0.235 0.195 0 2
0 0.235 0.205 0 1
0 0.235 0.215 0 1
0 0.245 -0.205 0 2
0 0.245 -0.195 0 2
0 0.245 -0.185 0 2
0 0.245 -0.175 0 2
0 0.245 -0.165 0 2
0 0.245 -0.155 0 2
0 0.245 -0.145 -3.7168781e-05 2
0 0.245 -0.135 -6.252841037e-05 2
0 0.245 -0.125 -8.352694294e-05 2
0 0.245 -0.115 -0.0001019671282 2
0 0.245 -0.105 -0.0001177772463 2
0 0.245 -0.095 -0.0001292110217 2
0 0.245 -0.085 -0.0001303604055 2
0 0.245 -0.075 -0.0001206700509 2
0 0.245 -0.065 -0.0001115807418 2
0 0.245 -0.055 -0.000106221112 2
0 0.245 -0.045 -0.0001073879669 2
0 0.245 -0.035 -0.0001238009807 2
0 0.245 -0.025 -0.0001471327419 2
0 0.245 -0.015 -0.0001675968248 2
0 0.245 -0.005 -0.0001813820437 2
0 0.245 0.005 -0.0001855917715 2
0 0.245 0.015 -0.0001795614247 2
0 0.245 0.025 -0.0001641249538 2
0 0.245 0.035 -0.0001419835193 2
0 0.245 0.045 -0.0001181664873 2
0 0.245 0.055 -9.653711324e-05 2
0 0.245 0.065 -7.903942995e-05 2
0 0.245 0.075 -6.59762597e-05 2
0 0.245 0.085 -5.669957975e-05 2
0 0.245 0.095 -5.02085904e-05 2
0 0.245 0.105 -4.529665415e-05 2
0 0.245 0.115 -4.089844746e-05 2
0 0.245 0.125 -3.537919882e-05 2
0 0.245 0.135 -2.833858653e-05 2
0 0.245 0.145 -1.687166594e-05 2
0 0.245 0.155 0 2
0 0.245 0.165 0 2
0 0.245 0.175 0 2
0 0.245 0.185 0 2
0 0.245 0.195 0 2
0 0.245 0.205 0 2
0 0.245 0.215 0 1
0 0.255 -0.205 0 2
0 0.255 -0.195 0 2
0 0.255 -0.185 0 2
0 0.255 -0.175 0 2
0 0.255 -0.165 0 2
0 0.255 -0.155 0 2
0 0.255 -0.145 -2.150737914e-05 2
0 0.255 -0.135 -3.451882435e-05 2
0 0.255 -0.125 -4.234034957e-05 2
0 0.255 -0.115 -4.898945741e-05 2
0 0.255 -0.105 -5.552480633e-05 2
0 0.255 -0.095 -5.946499153e-05 2
0 0.255 -0.085 -5.2797389e-05 2
0 0.255 -0.075 -4.236715783e-05 1
0 0.255 -0.065 -2.843106574e-05 1
0 0.255 -0.055 -1.792844729e-05 1
0 0.255 -0.045 -1.013335848e-05 1
0 0.255 -0.035 -8.292363166e-06 2
0 0.255 -0.025 -2.294856264e-05 2
0 0.255 -0.015 -3.603643379e-05 2
0 0.255 -0.005 -4.349877348e-05 2
0 0.255 0.005 -4.539925669e-05 2
0 0.255 0.015 -4.124473913e-05 2
0 0.255 0.025 -3.176389552e-05 2
0 0.255 0.035 -1.882313145e-05 2
0 0.255 0.045 -5.304192339e-06 2
0 0.255 0.055 6.232300783e-06 2
0 0.255 0.065 1.420354478e-05 2
0 0.255 0.075 1.806243822e-05 2
0 0.255 0.085 1.804412144e-05 2
0 0.255 0.095 1.482076073e-05 2
0 0.255 0.105 9.435769013e-06 2
0 0.255 0.115 2.899353944e-06 2
0 0.255 0.125 -2.824134116e-06 2
0 0.255 0.135 -7.312393804e-06 2
0 0.255 0.145 -5.702295853e-06 2
0 0.255 0.155 0 2
0 0.255 0.165 0 2
0 0.255 0.175 0 2
0 0.255 0.185 0 2
0 0.255 0.195 0 2
0 0.255 0.205 0 2
0 0.255 0.215 0 2
0 0.265 -0.205 0 2
0 0.265 -0.195 0 2
0 0.265 -0.185 0 2
0 0.265 -0.175 0 2
0 0.265 -0.165 0 2
0 0.265 -0.155 0 2
0 0.265 -0.145 -9.488905241e-06 2
0 0.265 -0.135 -1.236195663e-05 2
0 0.265 -0.125 -9.367864721e-06 2
0 0.265 -0.115 -6.553251733e-06 2
0 0.265 -0.105 -6.059885253e-06 2
0 0.265 -0.095 -5.852447962e-06 2
0 0.265 -0.085 -4.152689156e-06 1
0 0.265 -0.075 8.425945363e-06 1
0 0.265 -0.065 2.474432989e-05 1
0 0.265 -0.055 3.852469249e-05 1
0 0.265 -0.045 5.128018668e-05 1
0 0.265 -0.035 6.487272863e-05 1
0 0.265 -0.025 6.875696327e-05 2
0 0.265 -0.015 6.325357164e-05 2
0 0.265 -0.005 5.948346494e-05 2
0 0.265 0.005 5.920971045e-05 2
0 0.265 0.015 6.169444924e-05 2
0 0.265 0.025 6.670218199e-05 2
0 0.265 0.035 7.295139125e-05 2
0 0.265 0.045 7.875465732e-05 2
0 0.265 0.055 8.243693896e-05 2
0 0.265 0.065 8.28363504e-05 2
0 0.265 0.075 7.942223246e-05 2
0 0.265 0.085 7.223785896e-05 2
0 0.265 0.095 6.170681349e-05 2
0 0.265 0.105 4.868653856e-05 2
0 0.265 0.115 3.402434548e-05 2
0 0.265 0.125 1.988600666e-05 2
0 0.265 0.135 6.683478583e-06 2
0 0.265 0.145 1.156606966e-06 2
0 0.265 0.155 0 2
0 0.265 0.165 0 2
0 0.265 0.175 0 2
0 0.265 0.185 0 2
0 0.265 0.195 0 2
0 0.265 0.205 0 2
0 0.265 0.215 0 2
0 0.275 -0.205 0 2
0 0.275 -0.195 0 2
0 0.275 -0.185 0 2
0 0.275 -0.175 0 2
0 0.275 -0.165 0 2
0 0.275 -0.155 0 2
0 0.275 -0.145 8.743808434e-08 2
0 0.275 -0.135 4.331115971e-06 2
0 0.275 -0.125 1.436021635e-05 2
0 0.275 -0.115 2.38444128e-05 2
0 0.275 -0.105 2.832966467e-05 2
0 0.275 -0.095 2.907828773e-05 2
0 0.275 -0.085 2.446427423e-05 1
0 0.275 -0.075 3.883692518e-05 1
0 0.275 -0.065 5.572292073e-05 1
0 0.275 -0.055 7.05298504e-05 1
0 0.275 -0.045 8.501791632e-05 1
0 0.275 -0.035 0.0001023832404 1
0 0.275 -0.025 0.0001214626268 2
0 0.275 -0.015 0.0001258143933 2
0 0.275 -0.005 0.000125171188 2
0 0.275 0.005 0.0001264895456 2
0 0.275 0.015 0.0001275398762 2
0 0.275 0.025 0.0001292444342 2
0 0.275 0.035 0.0001307601999 2
0 0.275 0.045 0.0001311351062 2
0 0.275 0.055 0.0001293099994 2
0 0.275 0.065 0.0001244900018 2
0 0.275 0.075 0.0001162450117 2
0 0.275 0.085 0.0001045334137 2
0 0.275 0.095 8.959075955e-05 2
0 0.275 0.105 7.209054358e-05 2
0 0.275 0.115 5.262293256e-05 2
0 0.275 0.125 3.336957301e-05 2
0 0.275 0.135 1.447518454e-05 2
0 0.275 0.145 4.341929766e-06 2
0 0.275 0.155 0 2
0 0.275 0.165 0 2
0 0.275 0.175 0 2
0 0.275 0.185 0 2
0 0.275 0.195 0 2
0 0.275 0.205 0 2
0 0.275 0.215 0 2
0 0.285 -0.205 0 2
0 0.285 -0.195 0 2
0 0.285 -0.185 0 2
0 0.285 -0.175 0 2
0 0.285 -0.165 0 2
0 0.285 -0.155 0 2
0 0.285 -0.145 3.196820924e-06 2
0 0.285 -0.135 1.169335469e-05 2
0 0.285 -0.125 2.503453969e-05 2
0 0.285 -0.115 3.650946115e-05 2
0 0.285 -0.105 4.198744012e-05 2
0 0.285 -0.095 4.243143987e-05 2
0 0.285 -0.085 3.520798337e-05 1
0 0.285 -0.075 5.046144226e-05 1
0 0.285 -0.065 6.611602213e-05 1
0 0.285 -0.055 7.795881304e-05 1
0 0.285 -0.045 8.99855295e-05 1
0 0.285 -0.035 0.0001054337592 1
0 0.285 -0.025 0.0001212011 1
0 0.285 -0.015 0.0001398836196 2
0 0.285 -0.005 0.0001418598353 2
0 0.285 0.005 0.0001435763411 2
0 0.285 0.015 0.0001436083979 2
0 0.285 0.025 0.0001432630575 2
0 0.285 0.035 0.0001420916481 2
0 0.285 0.045 0.0001395730938 2
0 0.285 0.055 0.0001350954999 2
0 0.285 0.065 0.0001281713369 2
0 0.285 0.075 0.0001185060757 2
0 0.285 0.085 0.0001060380819 2
0 0.285 0.095 9.086397736e-05 2
0 0.285 0.105 7.344220866e-05 2
0 0.285 0.115 5.402515169e-05 2
0 0.285 0.125 3.459052687e-05 2
0 0.285 0.135 1.415390858e-05 2
0 0.285 0.145 2.359306244e-06 2
0 0.285 0.155 0 2
0 0.285 0.165 0 2
0 0.285 0.175 0 2
0 0.285 0.185 0 2
0 0.285 0.195 0 2
0 0.285 0.205 0 2
0 0.285 0.215 0 2
0 0.295 -0.205 0 2
0 0.295 -0.195 0 2
0 0.295 -0.185 0 1
0 0.295 -0.175 0 1
0 0.295 -0.165 0 1
0 0.295 -0.155 0 1
0 0.295 -0.145 4.043052281e-06 2
0 0.295 -0.135 1.420497269e-05 2
0 0.295 -0.125 2.762021216e-05 2
0 0.295 -0.115 3.825158656e-05 2
0 0.295 -0.105 4.401505926e-05 2
0 0.295 -0.095 4.47996757e-05 2
0 0.295 -0.085 3.630858037e-05 1
0 0.295 -0.075 4.867819074e-05 1
0 0.295 -0.065 6.070711102e-05 1
0 0.295 -0.055 6.918208448e-05 1
0 0.295 -0.045 7.78324189e-05 1
0 0.295 -0.035 8.898646856e-05 1
0 0.295 -0.025 0.000100939877 1
0 0.295 -0.015 0.0001235605472 2
0 0.295 -0.005 0.0001271639425 2
0 0.295 0.005 0.0001285137072 2
0 0.295 0.015 0.0001281020617 2
0 0.295 0.025 0.000126849032 2
0 0.295 0.035 0.0001246564434 2
0 0.295 0.045 0.0001212576518 2
0 0.295 0.055 0.000116350835 2
0 0.295 0.065 0.0001096782818 2
0 0.295 0.075 0.0001010694034 2
0 0.295 0.085 9.047190323e-05 2
0 0.295 0.095 7.789910693e-05 2
0 0.295 0.105 6.360667517e-05 2
0 0.295 0.115 4.759406965e-05 2
0 0.295 0.125 3.191212394e-05 2
0 0.295 0.135 1.425830821e-05 2
0 0.295 0.145 2.735945633e-06 2
0 0.295 0.155 0 2
0 0.295 0.165 0 2
0 0.295 0.175 0 2
0 0.295 0.185 0 2
0 0.295 0.195 0 2
0 0.295 0.205 0 2
0 0.295 0.215 0 2
0 0.305 -0.205 0 2
0 0.305 -0.195 0 1
0 0.305 -0.185 0 1
0 0.305 -0.175 0 1
0 0.305 -0.165 0 1
0 0.305 -0.155 0 1
0 0.305 -0.145 0 1
0 0.305 -0.135 0 2
0 0.305 -0.125 0 2
0 0.305 -0.115 0 2
0 0.305 -0.105 0 2
0 0.305 -0.095 0 2
0 0.305 -0.085 0 1
0 0.305 -0.075 0 1
0 0.305 -0.065 0 1
0 0.305 -0.055 0 1
0 0.305 -0.045 0 1
0 0.305 -0.035 0 1
0 0.305 -0.025 0 1
0 0.305 -0.015 0 2
0 0.305 -0.005 0 2
0 0.305 0.005 0 2
0 0.305 0.015 0 2
0 0.305 0.025 0 2
0 0.305 0.035 0 2
0 0.305 0.045 0 2
0 0.305 0.055 0 2
0 0.305 0.065 0 2
0 0.305 0.075 0 2
0 0.305 0.085 0 2
0 0.305 0.095 0 2
0 0.305 0.105 0 2
0 0.305 0.115 0 2
0 0.305 0.125 0 2
0 0.305 0.135 0 2
0 0.305 0.145 0 2
0 0.305 0.155 0 2
0 0.305 0.165 0 2
0 0.305 0.175 0 2
0 0.305 0.185 0 2
0 0.305 0.195 0 2
0 0.305 0.205 0 2
0 0.305 0.215 0 2
0 0.315 -0.205 0 2
0 0.315 -0.195 0 1
0 0.315 -0.185 0 1
0 0.315 -0.175 0 1
0 0.315 -0.165 0 1
0 0.315 -0.155 0 1
0 0.315 -0.145 0 1
0 0.315 -0.135 0 2
0 0.315 -0.125 0 2
0 0.315 -0.115 0 2
0 0.315 -0.105 0 2
0 0.315 -0.095 0 2
0 0.315 -0.085 0 1
0 0.315 -0.075 0 1
0 0.315 -0.065 0 1
0 0.315 -0.055 0 1
0 0.315 -0.045 0 1
0 0.315 -0.035 0 1
0 0.315 -0.025 0 1
0 0.315 -0.015 0 2
0 0.315 -0.005 0 2
0 0.315 0.005 0 2
0 0.315 0.015 0 2
0 0.315 0.025 0 2
0 0.315 0.035 0 2
0 0.315 0.045 0 2
0 0.315 0.055 0 2
0 0.315 0.065 0 2
0 0.315 0.075 0 2
0 0.315 0.085 0 2
0 0.315 0.095 0 2
0 0.315 0.105 0 2
0 0.315 0.115 0 2
0 0.315 0.125 0 2
0 0.315 0.135 0 2
0 0.315 0.145 0 1
0 0.315 0.155 0 1
0 0.315 0.165 0 1
0 0.315 0.175 0 1
0 0.315 0.185 0 2
0 0.315 0.195 0 2
0 0.315 0.205 0 2
0 0.315 0.215 0 2
0 0.325 -0.205 0 2
0 0.325 -0.195 0 1
0 0.325 -0.185 0 1
0 0.325 -0.175 0 1
0 0.325 -0.165 0 1
0 0.325 -0.155 0 1
0 0.325 -0.145 0 1
0 0.325 -0.135 0 1
0 0.325 -0.125 0 2
0 0.325 -0.115 0 2
0 0.325 -0.105 0 2
0 0.325 -0.095 0 2
0 0.325 -0.085 0 1
0 0.325 -0.075 0 1
0 0.325 -0.065 0 1
0 0.325 -0.055 0 1
0 0.325 -0.045 0 1
0 0.325 -0.035 0 1
0 0.325 -0.025 0 1
0 0.325 -0.015 0 2
0 0.325 -0.005 0 2
0 0.325 0.005 0 2
0 0.325 0.015 0 2
0 0.325 0.025 0 2
0 0.325 0.035 0 2
0 0.325 0.045 0 2
0 0.325 0.055 0 2
0 0.325 0.065 0 2
0 0.325 0.075 0 2
0 0.325 0.085 0 2
0 0.325 0.095 0 2
0 0.325 0.105 0 2
0 0.325 0.115 0 2
0 0.325 0.125 0 2
0 0.325 0.135 0 2
0 0.325 0.145 0 1
0 0.325 0.155 0 1
0 0.325 0.165 0 1
0 0.325 0.175 0 1
0 0.325 0.185 0 1
0 0.325 0.195 0 2
0 0.325 0.205 0 2
0 0.325 0.215 0 2
0 0.335 -0.205 0 2
0 0.335 -0.195 0 1
0 0.335 -0.185 0 1
0 0.335 -0.175 0 1
0 0.335 -0.165 0 1
0 0.335 -0.155 0 1
0 0.335 -0.145 0 1
0 0.335 -0.135 0 1
0 0.335 -0.125 0 2
0 0.335 -0.115 0 2
0 0.335 -0.105 0 2
0 0.335 -0.095 0 2
0 0.335 -0.085 0 2
0 0.335 -0.075 0 1
0 0.335 -0.065 0 1
0 0.335 -0.055 0 1
0 0.335 -0.045 0 1
0 0.335 -0.035 0 1
0 0.335 -0.025 0 1
0 0.335 -0.015 0 2
0 0.335 -0.005 0 2
0 0.335 0.005 0 2
0 0.335 0.015 0 2
0 0.335 0.025 0 2
0 0.335 0.035 0 2
0 0.335 0.045 0 2
0 0.335 0.055 0 2
0 0.335 0.065 0 2
0 0.335 0.075 0 2
0 0.335 0.085 0 2
0 0.335 0.095 0 2
0 0.335 0.105 0 2
0 0.335 0.115 0 2
0 0.335 0.125 0 2
0 0.335 0.135 0 1
0 0.335 0.145 0 1
0 0.335 0.155 0 1
0 0.335 0.165 0 1
0 0.335 0.175 0 1
0 0.335 0.185 0 1
0 0.335 0.195 0 1
0 0.335 0.205 0 2
0 0.335 0.215 0 1
0 0.345 -0.205 0 2
0 0.345 -0.195 0 1
0 0.345 -0.185 0 1
0 0.345 -0.175 0 1
0 0.345 -0.165 0 1
0 0.345 -0.155 0 1
0 0.345 -0.145 0 1
0 0.345 -0.135 0 1
0 0.345 -0.125 0 2
0 0.345 -0.115 0 2
0 0.345 -0.105 0 2
0 0.345 -0.095 0 2
0 0.345 -0.085 0 2
0 0.345 -0.075 0 1
0 0.345 -0.065 0 1
0 0.345 -0.055 0 1
0 0.345 -0.045 0 1
0 0.345 -0.035 0 1
0 0.345 -0.025 0 1
0 0.345 -0.015 0 2
0 0.345 -0.005 0 2
0 0.345 0.005 0 2
0 0.345 0.015 0 2
0 0.345 0.025 0 2
0 0.345 0.035 0 2
0 0.345 0.045 0 2
0 0.345 0.055 0 2
0 0.345 0.065 0 2
0 0.345 0.075 0 2
0 0.345 0.085 0 2
0 0.345 0.095 0 2
0 0.345 0.105 0 2
0 0.345 0.115 0 2
0 0.345 0.125 0 2
0 0.345 0.135 0 1
0 0.345 0.145 0 1
0 0.345 0.155 0 1
0 0.345 0.165 0 1
0 0.345 0.175 0 1
0 0.345 0.185 0 1
0 0.345 0.195 0 1
0 0.345 0.205 0 1
0 0.345 0.215 0 1
0 0.355 -0.205 0 2
0 0.355 -0.195 0 1
0 0.355 -0.185 0 1
0 0.355 -0.175 0 1
0 0.355 -0.165 0 1
0 0.355 -0.155 0 1
0 0.355 -0.145 0 1
0 0.355 -0.135 0 1
0 0.355 -0.125 0 2
0 0.355 -0.115 0 2
0 0.355 -0.105 0 2
0 0.355 -0.095 0 2
0 0.355 -0.085 0 2
0 0.355 -0.075 0 2
0 0.355 -0.065 0 1
0 0.355 -0.055 0 1
0 0.355 -0.045 0 1
0 0.355 -0.035 0 1
0 0.355 -0.025 0 2
0 0.355 -0.015 0 2
0 0.355 -0.005 0 2
0 0.355 0.005 0 2
0 0.355 0.015 0 2
0 0.355 0.025 0 2
0 0.355 0.035 0 2
0 0.355 0.045 0 2
0 0.355 0.055 0 2
0 0.355 0.065 0 2
0 0.355 0.075 0 2
0 0.355 0.085 0 2
0 0.355 0.095 0 2
0 0.355 0.105 0 2
0 0.355 0.115 0 2
0 0.355 0.125 0 2
0 0.355 0.135 0 1
0 0.355 0.145 0 1
0 0.355 0.155 0 1
0 0.355 0.165 0 1
0 0.355 0.175 0 1
0 0.355 0.185 0 1
0 0.355 0.195 0 1
0 0.355 0.205 0 1
0 0.355 0.215 0 1
0 0.365 -0.205 0 2
0 0.365 -0.195 0 1
0 0.365 -0.185 0 1
0 0.365 -0.175 0 1
0 0.365 -0.165 0 1
0 0.365 -0.155 0 1
0 0.365 -0.145 0 1
0 0.365 -0.135 0 1
0 0.365 -0.125 0 2
0 0.365 -0.115 0 2
0 0.365 -0.105 0 2
0 0.365 -0.095 0 2
0 0.365 -0.085 0 2
0 0.365 -0.075 0 2
0 0.365 -0.065 0 2
0 0.365 -0.055 0 2
0 0.365 -0.045 0 2
0 0.365 -0.035 0 2
0 0.365 -0.025 0 2
0 0.365 -0.015 0 2
0 0.365 -0.005 0 2
0 0.365 0.005 0 2
0 0.365 0.015 0 2
0 0.365 0.025 0 2
0 0.365 0.035 0 2
0 0.365 0.045 0 2
0 0.365 0.055 0 2
0 0.365 0.065 0 2
0 0.365 0.075 0 2
0 0.365 0.085 0 2
0 0.365 0.095 0 2
0 0.365 0.105 0 2
0 0.365 0.115 0 2
0 0.365 0.125 0 2
0 0.365 0.135 0 2
0 0.365 0.145 0 1
0 0.365 0.155 0 1
0 0.365 0.165 0 1
0 0.365 0.175 0 1
0 0.365 0.185 0 1
0 0.365 0.195 0 1
0 0.365 0.205 0 1
0 0.365 0.215 0 1
